testData/tiles/evenCosts/grid37.5-12.5-50.0-25.0.asc
ncols   250
nrows   250
xllcorner   37.5
yllcorner   12.5
cellsize   0.05
NODATA_value   -9999.0
[rows 42 to 83 of 250, columns 0 to 93 of 250]
88 88 88 88 88 88 88 88 88 88 88 88 88 102 102 112 112 112 115 115 116 144 144 145 145 145 146 147 147 148 150 150 151 152 152 153 153 154 155 157 157 158 158 158 159 159 159 160 162 161 161 162 163 164 163 160 161 161 161 162 161 161 161 173 173 173 173 173 173 171 171 170 168 167 166 165 164 152 150 150 150 150 150 150 150 153 152 151 153 153 155 156 155 155
88 88 88 88 88 88 88 88 88 88 88 88 88 88 102 112 112 112 114 115 115 144 144 145 145 145 147 147 147 149 149 149 152 152 152 153 154 154 157 157 158 158 158 158 158 159 160 161 161 161 161 161 162 159 159 160 160 161 161 161 161 162 162 173 173 173 172 172 173 172 170 170 168 168 167 165 164 153 151 150 150 150 150 150 153 153 152 153 154 155 155 156 156 157
88 88 88 88 88 88 88 88 88 88 88 88 88 88 111 112 112 113 114 114 114 144 144 144 145 145 146 147 147 149 149 149 151 151 151 153 154 156 156 157 158 158 158 158 158 159 161 161 162 162 157 157 158 158 159 158 159 160 161 161 161 162 161 161 173 173 172 172 171 170 169 169 167 167 166 166 164 151 150 150 150 150 150 150 154 154 153 153 155 155 156 156 156 157
88 88 88 88 88 88 88 88 88 88 88 88 88 88 91 112 112 113 114 114 114 143 143 144 145 146 146 147 148 148 149 150 150 151 151 152 153 155 155 157 157 157 156 157 159 159 155 155 156 156 157 157 157 157 158 158 159 161 160 160 161 162 161 161 173 171 170 171 170 170 170 168 168 167 166 166 165 164 152 151 150 150 150 150 155 155 154 155 156 157 156 156 157 158
88 88 88 88 88 88 88 88 88 88 88 88 88 88 88 88 113 113 113 114 114 143 143 143 145 146 146 148 148 148 149 150 150 151 152 152 154 155 156 156 157 152 152 153 154 154 155 155 155 157 157 157 157 157 158 158 159 159 160 160 161 160 160 160 172 170 170 170 169 169 169 168 168 168 167 166 166 164 151 150 150 150 150 150 156 155 155 156 156 157 158 158 158 158
88 88 88 88 88 88 88 88 88 88 88 88 88 88 88 88 108 108 108 109 109 109 138 138 139 140 141 142 143 143 144 145 145 145 147 149 149 150 151 151 151 152 153 153 153 154 155 155 156 157 157 157 157 157 158 157 158 159 160 160 159 160 160 159 170 169 169 169 169 170 169 168 168 167 166 166 164 163 152 150 150 150 150 150 156 155 155 157 157 157 158 158 159 160
88 88 88 88 88 88 88 88 88 88 88 88 88 88 88 88 88 108 108 109 109 109 138 138 139 140 140 141 142 143 144 145 145 146 148 149 149 150 151 151 151 151 154 154 154 154 154 155 156 157 158 157 157 157 157 157 158 159 159 159 158 159 159 158 159 169 168 168 169 169 168 168 168 167 166 166 164 164 152 150 150 150 150 150 157 156 156 157 157 158 160 160 160 160
88 88 88 88 88 88 88 88 88 88 88 88 88 88 88 88 88 108 108 108 109 109 137 139 139 139 141 141 141 143 143 143 145 146 148 149 149 150 150 151 151 153 153 154 154 154 155 156 157 157 157 157 157 157 158 158 157 157 157 157 157 158 158 158 158 168 168 169 169 168 168 168 166 166 165 164 163 163 150 150 150 150 150 150 156 156 156 157 158 159 159 160 161 160
88 88 88 88 88 88 88 88 88 88 88 88 88 88 88 88 88 88 109 109 110 110 138 139 139 139 141 141 141 143 143 143 144 147 147 148 150 150 150 150 152 153 154 154 154 154 155 157 157 157 158 157 157 158 157 157 157 157 157 157 158 157 157 157 158 168 168 168 167 167 167 168 166 166 166 164 164 163 151 151 150 150 150 150 157 157 158 157 158 160 160 160 161 161
88 88 88 88 88 88 88 88 88 88 88 88 88 88 88 88 88 89 89 109 110 110 110 140 140 140 140 141 142 142 143 143 146 147 147 147 148 149 149 150 151 152 153 153 154 154 155 155 155 156 156 156 156 156 156 157 157 157 157 157 157 157 158 157 157 157 167 168 167 167 167 166 166 165 164 163 163 163 151 151 151 150 150 150 157 157 158 158 160 160 160 161 162 161
88 88 88 88 88 88 88 88 88 88 88 88 88 88 88 88 88 89 90 110 110 111 111 140 140 141 140 141 142 142 142 144 146 146 147 148 148 148 150 150 151 152 152 154 154 154 155 155 156 156 156 156 156 156 157 157 157 157 157 157 157 157 157 157 157 157 167 166 166 166 165 166 166 165 164 164 164 163 152 152 150 150 150 150 158 158 158 158 160 160 161 161 169 170
88 88 88 88 88 88 88 88 88 88 88 88 88 88 88 88 89 89 91 91 111 112 113 140 140 141 141 141 142 142 142 146 146 146 146 148 148 148 149 149 152 152 153 153 153 154 155 156 156 156 157 156 157 157 157 157 157 157 157 157 157 157 157 157 157 157 157 167 166 166 165 165 165 164 164 164 163 163 152 152 151 151 151 159 158 158 158 159 161 160 169 170 169 170
88 88 88 88 88 88 88 88 88 88 88 88 88 88 88 88 89 90 90 92 92 112 113 113 140 142 141 142 142 142 144 145 146 146 146 147 148 149 149 151 151 152 153 153 154 154 155 155 155 156 156 156 156 156 157 157 157 157 157 157 157 157 157 157 157 157 157 166 166 166 166 166 165 165 165 165 164 164 153 152 152 151 151 151 159 158 159 159 168 169 170 170 170 171
88 88 88 88 88 88 88 88 88 88 88 88 88 88 88 88 90 90 91 92 92 92 113 113 142 142 142 142 142 142 144 145 145 146 146 147 148 148 149 151 151 152 152 154 154 154 155 155 156 155 156 157 156 157 157 157 157 157 157 157 157 157 158 157 157 157 157 167 166 166 166 166 165 165 165 164 164 164 152 152 152 152 151 151 159 158 167 168 169 169 170 170 170 171
88 88 88 88 88 88 88 88 88 88 88 93 88 88 88 89 89 91 91 92 93 93 93 114 114 142 141 142 142 143 145 145 145 145 147 147 148 148 149 151 152 152 153 153 154 154 154 155 155 155 156 157 157 157 157 157 157 157 157 157 157 158 157 157 157 157 157 157 166 166 167 166 166 166 165 165 165 165 153 153 153 151 151 151 167 167 167 167 168 170 170 170 171 171
88 88 88 88 88 88 88 88 88 88 88 93 94 88 88 89 90 91 92 92 93 93 94 93 115 142 141 141 142 143 144 145 145 145 146 147 148 149 149 150 151 152 153 153 155 154 154 154 154 155 155 157 157 157 157 157 158 157 157 158 157 157 157 157 157 157 157 157 167 167 166 166 166 165 165 165 165 164 153 153 152 152 152 160 167 167 167 168 168 170 170 171 171 171
88 88 88 88 88 88 88 88 88 88 88 93 94 95 88 89 90 90 92 93 94 95 94 93 94 142 141 141 142 143 144 144 145 145 146 147 147 149 150 151 151 152 152 154 154 154 154 154 155 155 156 157 157 157 157 158 158 157 157 157 157 158 158 157 157 157 157 157 157 166 167 167 167 166 166 166 165 165 154 154 153 160 160 160 168 168 167 168 169 170 170 171 172 171
88 88 88 88 88 88 88 88 88 88 88 92 94 95 96 89 90 90 91 92 93 93 94 93 94 93 141 141 143 143 144 144 144 144 147 147 148 148 149 151 151 152 152 152 153 154 154 154 155 155 157 157 157 156 157 157 157 157 157 157 158 158 157 157 157 157 157 157 157 167 167 167 166 166 166 165 165 165 154 161 161 161 160 160 168 168 167 169 169 169 170 170 170 171
88 88 88 88 88 88 88 88 88 88 88 92 93 95 96 97 90 90 90 92 92 93 92 93 93 93 92 141 143 143 143 144 144 144 146 147 148 148 150 150 151 151 152 152 154 154 154 154 154 155 156 157 156 156 157 157 158 157 157 159 158 158 158 157 157 158 157 157 157 157 167 167 167 167 166 166 166 166 162 162 162 161 160 160 169 168 167 169 169 169 170 171 170 171
88 88 88 88 88 88 88 88 88 88 92 92 92 95 96 96 97 90 90 90 91 92 92 91 93 92 92 122 142 142 143 143 144 145 146 146 147 148 150 150 150 150 151 151 154 154 154 154 155 155 156 157 156 157 157 158 158 157 157 158 158 158 158 157 157 157 157 157 157 157 167 167 167 166 166 167 166 173 162 162 162 161 162 161 168 168 168 168 169 170 170 170 171 171
93 94 95 88 88 88 88 88 88 88 88 92 92 94 95 96 96 98 90 90 90 92 91 91 91 92 91 94 121 142 143 143 143 145 146 147 146 147 148 150 150 151 151 152 153 154 153 153 154 154 156 156 156 156 157 157 157 157 157 159 158 158 158 157 157 158 157 157 157 157 157 168 167 167 167 175 174 174 163 163 162 161 161 161 169 169 168 168 170 170 170 171 171 172
93 93 95 95 95 96 96 88 88 88 88 92 92 92 94 95 96 96 98 90 90 90 91 90 91 90 91 93 121 121 143 143 143 143 144 146 146 147 148 149 149 151 151 152 153 153 153 154 154 155 156 157 156 156 157 157 158 157 157 158 158 158 158 157 158 158 157 157 157 157 157 167 167 167 176 175 175 174 163 162 162 162 162 161 169 169 168 168 169 171 170 171 171 174
93 93 94 95 95 96 96 97 97 98 98 92 92 92 93 95 95 96 96 90 90 90 90 90 90 90 91 93 93 121 121 142 143 143 145 145 147 147 149 149 150 150 151 151 153 153 153 154 154 155 155 157 156 157 157 158 157 157 157 157 158 158 158 158 158 157 157 157 157 157 157 157 168 176 175 175 175 175 163 163 163 162 161 161 161 169 168 168 169 169 171 171 174 186
93 93 93 95 95 95 96 97 97 98 98 107 107 108 93 93 94 94 94 94 90 90 90 90 90 90 90 91 92 92 121 121 122 143 145 145 146 146 147 149 150 150 151 151 153 153 153 153 154 154 155 156 156 156 156 157 157 157 157 158 158 158 158 158 158 158 157 157 157 157 157 165 176 176 176 176 176 175 163 163 163 162 162 161 161 169 168 168 169 169 170 171 173 197
94 93 93 95 95 95 95 97 97 97 98 107 107 108 109 109 109 94 94 94 94 90 90 90 90 90 90 91 91 92 93 121 122 122 145 145 146 146 147 148 149 150 151 151 153 153 153 153 154 154 155 156 156 156 157 157 157 157 157 158 157 158 158 158 158 158 158 157 157 157 166 166 166 176 176 176 175 175 164 164 163 162 162 162 161 169 169 169 168 170 170 173 173 197
95 95 95 96 96 96 95 97 97 97 97 107 107 107 109 109 109 109 110 93 93 90 90 90 90 90 90 91 91 91 91 121 122 123 123 125 146 147 147 149 149 150 150 151 151 153 153 154 154 155 155 157 156 156 157 157 157 157 157 157 157 158 158 158 158 158 157 157 158 166 166 166 166 166 177 176 176 176 164 163 163 163 163 161 161 170 169 168 168 169 170 173 184 197
96 97 97 97 97 97 97 97 98 97 97 107 107 107 108 109 109 109 109 110 110 110 90 90 90 90 90 91 91 91 91 93 122 123 123 125 125 126 146 149 149 150 150 151 151 152 152 153 153 154 154 154 155 158 157 157 157 157 157 158 157 157 158 158 158 158 157 158 166 166 166 166 166 166 176 176 176 176 164 164 164 163 162 162 161 161 169 168 168 169 172 173 183 196
98 98 98 99 99 99 99 98 99 99 99 107 107 107 108 108 109 109 109 109 110 110 102 102 90 90 90 90 90 91 91 93 93 122 123 125 125 126 126 147 148 151 152 153 153 154 154 155 155 156 156 156 157 158 158 159 158 159 159 159 158 159 160 160 160 160 158 165 165 166 166 166 166 166 166 177 177 176 164 164 164 163 162 162 162 161 169 169 168 168 172 183 183 196
111 99 99 100 100 100 100 100 100 100 100 100 108 109 108 108 108 109 109 109 109 110 110 102 102 106 90 90 90 90 91 93 93 94 122 124 127 128 128 129 130 151 152 152 152 152 154 155 156 156 157 156 157 158 158 158 158 158 159 159 159 159 159 183 160 160 167 168 168 168 169 166 166 166 166 166 176 176 165 165 164 163 163 163 161 161 169 169 168 171 172 182 183 196
113 100 100 102 101 101 101 101 102 101 102 101 110 109 110 110 109 109 109 109 109 109 110 102 102 105 105 106 90 90 90 91 95 96 96 125 127 127 128 129 131 131 132 132 152 152 154 154 155 155 156 155 156 157 158 158 158 158 159 159 182 182 182 182 183 190 190 168 168 168 168 168 168 169 168 166 177 177 165 164 164 164 163 162 161 161 161 168 168 170 182 161 162 175
113 114 101 101 103 102 102 102 103 103 102 103 111 111 110 112 111 110 110 110 109 109 109 111 102 104 105 105 106 109 92 93 95 95 97 97 127 127 128 128 129 130 132 132 132 132 153 154 155 155 156 155 156 156 158 157 158 158 159 180 181 181 182 182 190 190 191 190 168 168 168 169 169 168 168 168 168 179 165 165 164 164 163 162 162 161 160 168 171 160 160 161 162 174
114 115 114 102 103 104 103 103 103 104 104 103 113 112 112 112 113 112 111 111 111 110 109 110 102 104 107 107 107 108 110 93 94 95 96 96 98 127 128 128 129 130 131 130 131 131 132 133 134 154 155 155 155 156 156 157 157 158 181 181 182 185 186 195 195 192 191 191 191 168 169 169 169 169 169 169 168 168 167 167 167 163 163 163 162 161 142 149 151 160 160 161 174 175
115 115 116 115 104 104 104 104 104 105 105 104 104 114 113 112 113 113 113 112 111 112 111 110 103 105 106 107 107 107 109 109 111 95 96 96 97 98 99 128 129 129 131 130 131 131 132 133 134 135 134 135 155 156 156 156 157 181 181 182 186 189 188 198 197 196 194 191 191 191 169 169 169 169 169 168 168 168 157 168 166 166 165 143 142 142 142 142 150 160 159 161 160 174
116 116 116 116 105 105 105 105 105 105 106 106 105 114 114 114 113 114 114 113 113 114 113 114 114 106 106 106 107 107 109 109 110 110 96 96 97 97 99 99 128 128 128 130 131 132 132 133 133 135 134 135 135 136 136 136 136 181 180 185 188 191 199 200 200 199 197 194 189 191 169 169 169 169 169 169 169 169 136 136 146 146 145 144 143 143 142 142 160 160 159 159 159 174
117 117 117 116 118 106 105 106 106 106 106 107 106 115 114 115 114 115 114 117 116 115 115 114 114 107 107 107 107 107 108 109 110 110 112 112 97 97 99 99 100 128 128 130 130 131 131 132 132 134 133 134 134 135 135 135 158 159 163 167 170 181 182 182 183 180 179 176 173 170 171 148 149 149 149 149 149 137 137 136 136 146 145 144 144 143 142 144 152 160 158 158 159 172
117 118 118 117 117 119 106 106 107 106 107 107 107 107 115 115 115 117 117 117 116 117 116 115 115 108 108 107 107 107 107 109 110 110 111 112 113 97 97 99 100 99 100 129 130 131 131 132 132 132 133 134 134 135 134 135 158 159 163 169 181 182 182 183 182 181 181 178 175 170 170 147 148 148 149 149 149 137 137 136 135 134 145 144 144 142 142 144 154 161 158 157 129 142
118 119 118 118 118 120 107 107 107 107 108 108 107 108 116 116 118 117 119 118 117 117 117 117 118 108 108 109 108 108 108 108 109 109 111 112 113 113 114 99 99 99 99 100 101 131 131 132 132 132 132 134 134 135 134 135 158 160 165 168 181 181 183 184 183 182 182 178 176 171 170 147 148 148 148 149 148 136 136 134 134 133 144 142 142 141 144 153 152 160 132 129 129 142
119 119 119 119 119 119 120 108 108 107 108 109 108 108 110 119 119 118 118 119 118 118 117 117 117 118 110 109 108 109 109 108 109 109 110 110 113 113 114 114 99 99 99 100 100 101 130 131 130 131 131 132 133 134 133 134 157 161 164 177 180 181 184 184 184 182 181 179 176 172 170 147 147 147 148 148 148 135 135 134 134 133 132 142 142 141 144 152 152 123 132 130 129 141
119 120 120 120 120 119 120 109 108 108 108 109 111 111 110 119 119 119 118 118 119 119 118 118 117 119 110 110 109 109 110 110 110 110 110 110 111 112 113 112 114 99 99 100 100 101 101 103 102 131 131 132 132 133 133 157 157 161 173 177 180 180 182 184 183 182 182 179 177 172 169 146 147 147 147 147 146 135 135 134 134 132 132 131 142 140 125 124 124 123 121 130 129 105
120 120 121 121 120 120 121 121 109 109 109 111 112 112 111 111 119 120 119 119 119 119 119 119 118 119 110 110 110 110 111 110 110 110 111 110 111 111 112 112 113 113 99 99 99 101 101 102 102 103 103 132 132 132 132 134 156 167 171 176 178 180 181 181 181 182 180 178 174 171 168 146 146 147 146 146 146 135 134 133 132 132 131 131 105 105 124 124 123 122 121 130 129 105
121 121 122 121 121 121 122 121 121 112 111 111 112 112 112 112 120 120 120 120 119 119 119 120 119 120 111 110 110 111 111 111 111 110 110 110 110 110 112 112 113 113 114 99 99 99 100 100 100 102 102 103 103 103 131 132 156 166 171 175 177 179 180 181 179 179 178 176 174 170 168 146 145 145 145 145 134 134 133 133 132 105 105 105 105 105 113 123 122 122 121 121 128 105
122 121 122 122 122 122 122 122 124 111 111 112 112 112 112 112 112 120 120 120 120 120 119 120 119 121 112 111 110 111 111 111 112 111 111 111 110 110 110 111 113 113 114 114 99 99 100 99 100 100 102 103 102 103 103 104 135 135 169 174 176 177 178 179 178 178 177 175 171 166 166 144 144 145 145 145 133 105 105 105 105 105 105 105 105 111 112 112 122 122 120 120 105 105
