testData/tiles/evenCosts/grid25.0-0.0-37.5-12.5.asc
ncols   250
nrows   250
xllcorner   25.0
yllcorner   0.0
cellsize   0.05
NODATA_value   -9999.0
[rows 188 to 234 of 250, columns 96 to 191 of 250]
255 254 252 250 200 196 191 179 179 180 133 133 134 133 134 133 133 133 155 155 159 164 167 170 172 174 177 178 181 168 169 170 170 170 170 170 140 138 138 136 135 133 130 128 125 121 116 110 110 87 87 86 86 85 84 84 83 82 81 80 80 79 78 76 75 73 71 69 67 64 59 54 54 54 53 53 53 26 26 25 35 35 35 33 33 52 51 51 52 52 52 53 52 52 53 50
255 254 204 203 200 197 192 185 179 178 133 134 132 133 133 133 132 155 154 157 162 165 168 170 174 176 177 179 180 182 169 170 170 170 170 141 140 140 139 137 135 134 132 128 126 122 117 113 109 109 86 86 85 84 84 83 82 81 80 80 79 78 77 75 74 72 70 68 65 61 54 54 54 53 53 53 53 27 25 25 35 35 34 34 34 52 52 53 53 52 53 53 53 53 53 53
207 206 205 203 200 198 195 188 178 178 132 132 132 132 132 132 132 154 154 159 162 167 170 172 174 176 178 179 180 182 170 171 171 171 141 141 141 140 139 138 137 134 132 130 126 123 118 114 109 108 85 85 84 84 83 82 80 79 80 79 78 77 76 74 72 71 68 66 63 59 54 54 54 54 54 54 27 26 26 36 36 36 34 34 53 53 53 54 53 53 53 53 53 54 53 53
206 206 205 203 200 198 196 190 178 177 131 132 132 131 131 131 132 154 155 161 164 168 172 173 174 176 179 180 181 182 183 170 170 171 142 142 142 140 139 138 137 135 132 130 128 124 120 115 109 107 85 84 83 83 81 80 79 79 79 78 77 76 74 73 71 69 67 64 61 54 54 54 54 54 54 54 27 27 36 36 36 35 35 54 54 54 54 54 54 54 54 53 54 53 53 54
205 205 204 203 201 198 194 191 184 176 130 131 131 131 131 131 153 153 157 161 167 169 171 172 175 177 179 180 181 182 183 170 170 141 141 141 141 141 140 138 137 135 133 130 128 124 121 116 110 107 105 82 82 81 80 79 78 79 78 77 76 75 73 71 70 67 65 62 58 54 54 54 54 55 55 55 27 27 37 37 36 36 35 55 55 54 55 55 54 55 54 54 54 53 54 53
205 205 204 201 200 198 196 191 185 175 130 129 130 131 130 131 152 153 158 164 167 169 172 174 175 177 179 180 181 183 184 184 171 142 141 141 141 140 139 138 136 134 132 130 127 124 120 116 110 105 104 81 81 80 79 78 77 78 77 76 75 73 71 69 68 66 64 59 54 54 54 55 55 55 55 54 27 38 37 36 36 36 36 55 55 56 55 55 56 55 55 54 54 54 53 53
202 203 203 202 199 198 195 191 186 128 128 129 128 130 130 130 152 153 159 164 167 170 173 174 176 177 178 180 182 183 183 184 142 142 142 142 140 140 139 138 137 134 132 130 127 124 120 116 111 105 103 81 80 79 78 77 77 77 76 74 73 71 69 68 66 64 60 54 54 54 55 55 55 55 55 55 28 38 37 37 37 36 36 56 56 56 56 55 56 55 55 54 54 54 53 54
202 202 202 201 199 197 195 192 186 131 127 128 128 128 129 129 152 154 160 163 167 171 174 175 176 178 178 180 181 181 183 154 155 142 142 141 141 140 139 138 136 135 132 130 128 124 121 116 112 105 102 80 79 78 77 76 77 75 74 73 71 70 68 67 64 61 54 54 54 55 55 55 55 55 55 30 38 38 37 37 37 36 56 56 57 56 56 57 55 56 55 55 54 54 54 53
202 202 201 200 200 198 196 191 140 133 126 127 127 128 128 150 151 155 160 164 167 171 173 175 177 179 179 179 180 181 182 153 153 141 141 141 141 140 139 137 136 135 132 130 128 124 121 116 112 106 101 101 78 76 75 74 75 74 73 71 70 68 67 65 61 57 54 54 54 55 55 55 55 55 56 30 38 38 38 38 37 37 38 57 57 57 56 56 55 55 55 55 54 54 53 53
199 200 200 199 197 197 194 191 142 135 125 126 125 127 127 149 150 154 161 164 169 171 172 175 177 178 179 179 180 181 153 153 153 153 140 140 139 139 138 136 135 133 132 130 126 123 120 115 111 105 99 99 76 75 74 73 74 73 71 70 68 66 64 61 57 53 54 54 55 54 54 55 55 56 55 30 38 39 38 37 37 38 38 57 57 57 57 56 56 55 56 54 54 53 53 52
195 197 197 197 197 194 194 145 141 135 125 126 125 125 127 148 149 154 160 163 169 171 173 175 176 177 178 178 179 152 153 153 154 154 140 139 139 138 137 136 134 133 131 128 126 123 120 115 111 105 98 98 75 74 73 72 73 71 70 67 65 63 61 57 53 53 54 53 54 54 55 55 56 55 55 30 39 38 38 38 37 37 38 57 57 56 57 55 56 55 55 54 54 53 52 52
191 194 195 195 195 195 145 144 140 136 122 124 125 125 126 147 149 155 160 164 167 170 173 175 176 177 178 178 150 151 151 152 153 153 140 139 138 138 137 136 134 132 131 128 126 122 119 115 111 105 98 96 73 73 71 69 70 69 67 65 63 60 57 52 53 52 53 53 54 54 55 54 55 55 30 30 38 39 38 38 37 37 38 56 57 56 56 55 56 54 55 53 54 52 52 52
186 190 192 193 193 147 145 142 139 134 121 122 123 125 124 147 149 154 160 163 167 170 171 173 175 177 177 177 149 150 151 151 151 151 151 137 137 136 135 135 133 132 130 127 125 122 119 114 109 104 97 94 71 70 69 68 68 67 65 63 60 57 51 51 52 52 53 53 54 54 54 54 55 55 30 30 39 39 38 37 37 37 37 37 57 56 56 55 55 54 54 53 53 52 52 78
186 185 188 189 145 144 143 140 138 133 120 121 122 122 122 146 150 154 159 162 166 169 171 174 175 175 175 148 149 149 150 150 151 151 151 136 136 135 135 134 131 130 129 126 124 120 117 113 108 102 97 93 70 69 68 68 67 65 62 59 56 51 51 52 52 53 52 53 53 54 54 55 54 55 30 39 38 39 38 38 36 37 37 37 37 56 55 56 55 54 54 53 53 52 52 77
186 184 184 139 141 142 141 139 136 131 118 118 120 121 121 144 147 154 159 162 165 167 170 172 174 174 147 147 147 148 148 149 149 150 149 136 135 135 134 132 131 129 127 125 122 119 116 112 108 102 95 91 68 67 65 63 64 62 59 55 50 50 51 51 51 51 52 52 53 53 53 53 54 30 30 30 38 38 38 36 36 36 36 36 37 54 55 53 54 53 53 52 52 50 76 76
185 184 137 135 137 137 137 137 133 128 117 118 118 119 119 142 147 152 157 161 165 167 169 170 172 145 145 146 146 146 146 147 147 147 147 134 133 133 132 130 129 128 125 123 120 118 114 110 105 100 94 89 66 64 63 61 61 58 55 50 49 49 50 50 51 51 52 51 52 52 53 53 53 30 30 30 37 37 36 36 35 35 36 35 36 35 54 53 53 52 52 51 51 50 75 75
140 138 137 135 132 133 134 133 130 126 114 115 116 117 118 140 145 151 156 160 163 165 167 169 141 144 144 144 144 144 145 145 146 146 146 133 133 132 130 129 128 126 124 121 119 116 113 109 104 99 92 87 64 62 60 57 57 53 49 49 49 49 50 50 50 50 51 51 52 52 52 52 53 30 30 30 36 36 35 35 34 34 35 35 35 34 35 52 53 51 52 50 50 50 74 73
139 137 136 134 131 129 130 130 129 123 110 113 113 114 115 138 143 150 153 158 161 165 166 138 140 141 142 143 143 143 144 144 144 144 144 131 131 129 128 127 125 124 121 119 116 114 110 106 101 96 89 84 60 59 57 54 53 49 49 49 48 48 49 49 50 50 51 50 51 51 51 52 30 30 30 30 34 35 34 34 33 34 33 34 33 33 34 32 33 50 51 49 48 74 73 72
138 137 135 133 132 128 126 122 123 118 109 109 111 112 135 135 140 148 152 156 159 162 135 138 139 140 140 140 140 141 142 142 143 144 142 129 129 128 127 125 124 122 120 118 115 112 108 104 99 94 87 81 58 55 52 48 48 48 48 48 48 48 49 49 49 49 49 50 50 51 50 51 30 30 30 30 34 33 33 33 33 32 33 32 32 33 31 32 30 30 49 48 47 73 72 71
137 136 134 133 130 127 124 121 116 114 104 106 109 109 110 132 138 145 149 154 156 132 133 135 137 137 138 139 139 139 140 140 140 140 140 127 127 125 124 123 121 120 117 115 112 109 105 101 96 91 83 77 53 50 48 48 48 48 48 48 48 48 48 48 48 49 48 49 49 50 50 49 30 30 30 30 32 33 31 31 31 30 31 31 31 31 30 31 30 30 30 47 45 70 70 68
136 136 134 132 130 126 123 119 115 108 96 102 105 106 108 130 135 142 146 152 125 129 130 132 135 137 136 136 136 136 138 138 138 138 138 125 125 124 122 121 119 118 115 113 110 107 103 99 94 88 80 73 48 48 48 48 48 48 48 48 48 48 48 48 48 48 48 48 48 48 49 30 30 30 30 30 30 31 31 30 30 30 30 30 30 30 30 30 30 30 30 30 30 68 66 65
135 134 132 131 128 126 122 118 114 105 96 96 96 101 104 127 131 139 144 119 122 126 129 130 132 134 134 133 134 135 135 136 136 136 136 122 121 121 119 118 117 115 112 109 107 104 99 95 89 82 71 67 48 48 48 48 48 58 48 48 48 48 48 48 48 48 48 48 48 48 47 30 30 30 30 30 30 30 30 30 30 30 30 30 30 30 30 30 30 30 30 30 30 45 45 64
134 132 131 129 127 124 121 117 112 103 95 95 95 95 99 121 127 134 111 115 119 123 125 127 129 130 131 132 132 132 132 133 144 144 144 130 129 129 128 127 125 123 121 118 115 110 107 100 96 86 81 78 56 56 56 56 56 58 58 58 57 57 57 57 58 57 56 57 57 57 30 30 30 31 30 30 30 30 39 38 38 38 36 30 30 30 30 30 30 30 30 30 44 44 45 45
131 130 128 127 124 121 119 115 110 99 95 95 93 94 94 115 119 99 105 110 115 119 121 123 126 138 139 140 139 138 140 140 141 140 141 128 128 127 127 125 123 122 120 116 114 108 101 98 94 89 85 82 60 59 59 59 59 59 61 61 61 61 60 60 60 60 60 59 60 60 33 32 32 32 31 30 30 30 38 37 36 35 35 34 33 34 33 32 31 30 30 46 47 73 73 74
128 128 127 125 122 119 117 112 107 93 94 94 93 93 93 114 88 93 98 104 109 123 127 129 131 134 135 135 135 135 137 138 139 139 139 126 127 125 124 123 121 118 115 113 107 105 102 98 95 90 85 83 61 61 61 60 60 60 62 62 62 62 61 61 61 60 61 60 60 34 34 33 32 33 32 32 31 30 30 38 38 36 34 33 32 32 32 32 56 56 56 57 57 84 73 73
125 123 124 121 119 117 115 110 102 92 92 93 92 93 63 84 86 91 96 110 113 115 118 123 126 128 130 130 132 132 132 134 135 135 136 122 121 121 119 117 112 111 110 108 106 104 101 98 94 89 83 82 60 60 60 60 59 60 59 61 61 61 61 60 60 60 60 60 60 33 33 32 32 32 30 30 29 30 27 27 36 34 33 32 32 54 55 55 55 55 56 56 57 83 83 73
124 122 120 116 115 113 111 107 98 90 91 90 91 62 62 83 83 89 94 97 102 114 116 117 119 120 121 121 121 121 123 124 125 125 126 112 113 112 111 111 110 109 107 106 104 102 99 95 91 86 81 81 59 59 59 59 59 58 58 58 60 60 60 59 59 58 58 57 31 31 30 30 30 29 29 28 27 26 25 24 33 33 58 55 54 53 53 53 54 55 55 56 56 82 72 70
123 121 118 115 112 109 105 100 90 89 90 88 60 61 60 82 82 86 92 95 99 101 102 105 106 118 119 120 120 120 120 121 121 121 121 109 108 109 108 107 107 105 104 102 100 98 95 91 87 82 78 78 56 56 56 56 55 55 55 55 55 57 56 56 56 55 54 54 27 26 27 25 25 25 24 22 22 22 22 22 43 53 53 53 53 52 52 52 53 54 43 44 44 71 70 70
122 120 118 115 111 107 103 95 84 84 58 58 58 58 58 81 80 84 88 92 96 99 100 102 104 105 106 106 106 107 108 107 119 119 119 106 106 105 104 103 102 101 99 97 95 92 89 85 81 76 73 73 51 51 51 50 50 50 50 50 50 51 51 51 50 49 49 21 21 21 20 20 20 19 19 18 18 18 43 43 43 43 53 41 41 41 41 41 41 42 43 43 44 44 70 71
121 119 116 114 110 106 99 91 84 58 58 58 58 58 58 58 78 80 85 90 93 96 99 99 100 103 103 104 104 105 106 106 106 106 93 93 93 92 92 91 89 88 86 84 82 79 76 72 68 62 60 38 37 37 37 37 37 37 36 36 36 36 37 37 37 36 36 9 8 7 7 6 5 4 4 4 31 32 31 31 31 31 31 41 41 41 41 41 41 41 42 43 45 44 71 72
120 117 115 112 109 103 97 58 58 58 58 58 58 58 58 58 73 75 82 85 89 92 96 96 97 99 101 101 102 103 103 104 104 104 91 91 90 90 89 88 87 85 83 82 79 76 73 69 65 59 58 36 36 36 36 35 35 35 35 34 34 34 33 33 35 34 6 6 5 4 2 2 2 2 31 31 31 31 31 31 31 31 31 31 31 41 41 41 42 43 43 43 44 44 72 73
118 116 113 109 105 72 64 58 58 58 58 58 58 58 58 58 73 72 77 80 84 86 90 93 94 95 97 97 98 100 101 101 101 101 88 88 88 87 87 86 85 83 81 79 77 74 71 67 62 56 56 34 34 34 34 33 33 33 32 32 32 31 31 30 29 29 2 2 2 2 2 2 2 31 31 31 31 31 31 31 31 31 31 31 31 31 42 43 43 44 43 44 44 45 47 73
118 115 111 107 74 68 58 58 58 58 58 58 58 58 58 58 72 72 74 79 82 85 87 88 88 90 91 91 94 95 97 97 98 84 84 85 85 84 83 82 81 79 77 75 73 70 67 62 57 54 54 32 31 31 31 30 30 29 29 27 27 27 27 27 27 0 2 2 2 2 2 2 31 31 31 31 31 31 31 31 31 31 31 31 32 33 33 44 45 44 45 45 46 46 47 74
115 112 80 77 72 63 58 58 58 58 58 58 58 58 58 58 58 72 72 77 80 83 86 87 88 88 89 90 91 92 93 93 93 79 79 79 79 78 77 76 75 73 71 69 67 64 60 56 50 49 27 27 27 27 27 27 27 27 27 27 27 27 27 27 0 0 0 0 2 2 2 31 31 31 31 31 31 31 31 31 31 31 31 32 33 34 35 35 35 45 46 47 47 48 48 49
84 81 78 74 67 58 58 58 58 58 58 58 58 58 58 58 58 71 71 75 78 81 83 85 87 87 88 89 90 91 92 92 79 78 78 78 78 77 76 75 74 72 70 68 65 62 58 54 49 49 27 27 27 27 27 27 27 27 27 27 27 27 27 27 0 0 0 0 0 0 29 31 31 31 31 31 31 31 31 31 31 32 33 34 33 33 34 35 36 36 37 48 48 49 49 50
82 79 74 69 59 58 58 58 58 58 58 58 58 58 58 58 58 71 70 73 76 78 82 83 85 85 86 88 89 90 90 91 78 78 77 77 76 76 75 74 72 71 69 66 64 60 56 52 49 49 27 27 27 27 27 27 27 27 27 27 27 27 27 0 0 0 0 0 0 29 29 29 29 29 29 29 29 29 29 29 30 31 32 33 34 34 35 36 37 37 38 39 39 50 50 51
79 76 70 63 58 58 58 58 58 58 58 58 58 58 58 58 58 58 70 69 74 77 79 81 82 84 85 86 88 88 89 77 77 77 76 76 75 74 74 72 71 69 67 65 62 59 54 49 49 27 27 27 27 27 27 27 27 27 27 27 27 27 0 0 0 0 0 0 29 29 29 29 29 29 29 29 29 29 29 30 31 32 33 34 35 35 36 37 38 38 39 40 40 41 41 42
76 72 66 58 58 58 58 58 58 58 58 58 58 58 58 58 58 58 69 69 71 74 77 79 81 83 83 85 86 87 88 75 76 76 75 74 74 73 72 71 69 68 66 63 60 56 52 49 49 27 27 27 27 27 27 27 27 27 27 27 27 27 0 0 0 0 0 29 29 29 29 29 29 29 29 29 29 29 30 31 32 33 34 35 35 36 37 38 38 39 40 40 41 41 42 42
73 67 58 58 58 58 58 58 58 58 58 58 58 58 58 58 58 58 58 68 67 72 74 76 79 81 82 83 85 86 73 74 74 74 73 73 72 72 71 69 68 66 64 61 58 54 49 49 27 27 27 27 27 27 27 27 27 27 27 27 27 0 0 0 0 0 0 29 29 29 29 29 29 29 29 29 29 29 30 31 33 34 34 35 36 37 38 38 39 40 40 41 41 42 42 43
67 58 58 58 58 58 58 58 58 58 58 58 58 58 58 58 58 58 58 68 67 68 71 74 77 79 80 82 83 84 72 72 73 73 72 71 71 70 69 68 66 64 62 59 56 51 49 49 27 27 27 27 27 27 27 27 27 27 27 27 0 0 0 0 0 0 29 29 29 29 29 29 29 29 29 29 29 30 31 32 33 34 35 36 37 37 38 39 40 40 41 41 42 42 43 43
58 58 58 58 58 58 58 58 58 58 58 58 58 58 58 58 58 58 58 58 66 65 68 72 75 77 78 80 81 69 70 71 71 71 70 70 69 68 67 66 64 62 60 57 53 49 49 27 27 27 27 27 27 27 27 27 27 27 27 0 0 0 0 0 0 0 29 29 29 29 29 29 29 29 29 29 29 30 32 33 34 35 35 36 37 38 39 39 40 41 41 42 42 43 43 44
58 58 58 58 58 58 58 58 58 58 58 58 58 58 58 58 58 58 58 58 65 65 65 69 72 75 76 78 66 67 68 69 69 69 68 68 67 66 65 64 62 60 57 54 50 49 49 27 27 27 27 27 27 27 27 27 27 27 0 0 0 0 0 0 0 0 29 29 29 29 29 29 29 29 29 29 30 31 32 33 34 35 36 37 37 38 39 40 40 41 41 42 43 43 44 44
58 58 58 58 58 58 58 58 58 58 58 58 58 58 58 58 58 58 58 58 58 65 65 66 69 72 73 65 65 65 66 67 67 67 66 66 65 64 63 61 59 57 54 51 49 49 27 27 27 27 27 27 27 27 27 27 27 0 0 0 0 0 0 0 0 0 29 29 29 29 29 29 29 29 29 29 30 31 32 33 34 35 36 37 38 38 39 40 40 41 42 42 43 43 44 44
58 58 58 58 58 58 58 58 58 58 58 58 58 58 58 58 58 58 58 58 58 58 65 65 66 69 65 65 65 65 65 65 65 65 64 63 63 62 60 59 57 54 51 49 49 27 27 27 27 67 27 27 27 27 27 27 27 0 0 0 0 0 0 0 0 29 29 29 29 29 29 29 29 29 29 29 30 31 32 33 34 35 36 37 38 38 39 40 40 41 42 42 43 43 44 44
95 94 93 93 93 93 91 91 91 90 89 88 88 88 86 85 85 84 83 83 83 84 105 106 106 96 98 101 103 105 106 107 108 108 107 108 107 106 105 104 102 99 97 97 97 75 75 75 75 76 75 75 75 75 75 75 48 48 48 48 47 47 47 47 46 46 75 74 74 74 73 73 72 72 71 71 71 72 72 73 74 75 76 77 78 78 79 80 80 81 82 82 83 83 84 84
54 54 53 52 52 52 51 50 50 50 48 48 47 47 45 45 44 44 43 43 43 43 42 64 51 51 51 54 56 57 58 59 60 60 59 58 57 56 55 53 50 49 49 49 27 27 27 27 27 27 27 27 27 27 27 0 0 0 0 0 0 0 0 0 0 0 29 29 29 29 29 29 29 29 29 29 30 31 32 33 34 35 36 37 37 38 39 40 40 41 41 42 43 43 44 44
53 52 52 52 51 51 50 49 49 49 47 47 46 46 44 44 44 44 43 43 43 43 42 29 51 51 50 50 52 54 55 56 56 57 55 55 54 53 51 49 49 49 49 27 27 27 27 27 27 27 27 27 27 27 0 0 0 0 0 0 0 0 0 0 0 0 29 29 29 29 29 29 29 29 29 29 29 30 32 33 34 35 35 36 37 38 39 39 40 41 41 42 42 43 43 44
