testData/tiles/evenCosts/grid0.0-12.5-12.5-25.0.asc
ncols   250
nrows   250
xllcorner   0.0
yllcorner   12.5
cellsize   0.05
NODATA_value   -9999.0
[rows 0 to 41 of 250, columns 0 to 93 of 250]
155 155 155 175 177 179 181 180 179 179 188 191 178 182 184 185 185 187 188 200 201 200 223 223 221 220 218 216 214 216 216 214 213 211 195 195 194 192 191 190 206 208 205 202 185 185 184 184 179 179 179 223 224 225 227 227 228 228 230 210 211 212 213 211 208 209 209 208 208 269 250 249 249 250 251 253 255 255 257 259 258 259 257 258 258 258 258 256 256 255 254 233 231 229
155 155 168 173 174 176 178 178 178 186 188 178 178 183 185 185 186 187 187 189 189 197 210 222 221 223 222 220 218 217 215 214 213 216 198 196 194 193 192 210 197 196 195 191 186 185 185 185 186 186 179 223 225 226 227 228 229 229 230 211 212 213 214 212 212 214 215 214 252 271 251 251 252 253 253 254 256 257 259 258 258 258 259 260 259 260 259 259 257 256 255 254 233 231
155 164 167 168 172 173 174 175 186 187 188 178 180 182 185 186 187 188 189 189 198 197 215 214 212 209 207 206 205 205 205 207 206 192 192 192 192 192 192 201 199 197 195 195 191 188 188 187 189 188 190 238 228 227 228 230 230 231 232 212 213 213 214 213 214 215 215 214 275 276 257 254 254 253 256 258 259 260 260 259 260 260 260 261 262 261 260 260 259 257 256 255 235 233
155 164 166 167 169 170 183 184 185 186 174 178 180 183 184 187 187 188 188 193 202 201 214 213 210 209 209 205 205 210 209 208 192 192 192 192 192 192 202 203 203 202 200 197 193 191 189 189 189 190 239 240 241 243 231 233 233 233 235 213 214 215 216 216 215 215 215 216 277 277 258 259 259 260 259 259 261 261 260 262 262 264 262 262 262 262 262 262 259 259 257 256 255 235
155 155 165 167 168 179 182 183 183 168 174 177 181 183 187 188 189 193 192 203 201 201 214 205 205 205 205 205 212 210 210 210 192 192 192 192 192 192 205 204 204 202 200 197 196 191 191 191 192 193 241 242 244 244 246 235 236 236 217 217 217 218 219 218 218 218 219 259 279 279 260 261 261 263 263 266 261 261 263 263 264 265 266 266 265 264 263 263 262 262 259 256 256 236
155 155 155 155 159 159 162 163 163 168 174 177 180 185 188 192 194 193 195 196 195 194 206 205 205 205 205 213 213 212 212 194 192 192 192 192 192 207 208 207 205 205 203 201 199 194 194 193 193 194 243 244 246 247 249 249 236 237 217 218 219 219 221 220 220 221 222 280 281 282 262 261 264 266 266 266 266 267 264 265 266 267 267 268 267 267 266 264 264 262 261 259 256 255
155 155 155 155 155 155 155 155 157 159 165 171 173 183 183 186 187 187 196 195 194 194 206 205 205 205 214 214 213 211 195 194 196 194 194 193 192 209 208 207 206 206 204 204 201 196 194 194 194 195 243 246 247 247 248 250 250 240 219 219 221 221 222 222 222 223 264 283 283 284 264 265 264 265 267 268 269 271 270 272 266 269 268 268 268 268 267 267 266 265 261 261 258 256
155 155 155 155 155 155 155 155 156 159 165 173 176 181 184 185 186 194 196 195 194 193 193 204 205 216 216 215 215 197 197 196 196 195 194 193 194 210 213 213 211 210 208 206 206 198 196 195 197 198 247 247 249 250 252 252 253 253 222 223 225 224 225 225 224 224 285 284 285 285 265 266 267 269 270 270 272 271 272 273 274 273 271 269 270 269 269 268 268 265 265 262 261 257
155 155 155 155 155 155 155 155 155 163 169 173 175 179 180 182 186 196 194 195 195 194 193 205 218 218 217 218 198 198 197 198 199 197 198 199 196 216 215 214 214 212 212 209 206 203 199 199 199 200 249 250 252 253 255 256 256 257 237 227 227 227 228 227 228 227 288 286 286 285 267 268 270 272 272 272 273 273 273 273 276 275 276 276 273 272 269 270 268 267 266 265 261 259
155 155 155 155 155 155 155 156 158 164 167 172 174 178 180 181 193 194 194 195 193 192 193 207 219 218 219 218 200 199 200 198 199 201 199 201 218 217 218 216 217 216 214 213 212 208 204 204 202 203 250 252 253 255 255 257 257 238 238 227 228 229 231 230 230 268 288 286 288 288 269 270 274 274 276 277 275 277 276 276 276 277 278 278 278 278 273 272 269 268 268 265 264 262
155 155 155 155 155 155 155 156 159 163 167 171 175 176 179 181 191 191 191 191 191 192 193 220 220 220 220 201 201 200 201 203 201 204 204 206 221 221 222 221 220 219 220 218 215 213 206 205 205 207 254 255 256 257 259 259 260 239 240 241 230 230 230 230 230 290 290 289 290 290 272 274 274 278 278 279 280 280 279 277 279 277 279 278 280 278 277 272 272 270 269 266 265 264
155 155 155 155 155 155 155 155 155 162 167 170 174 176 178 187 189 191 191 191 191 191 193 219 219 221 201 201 201 203 205 204 205 205 207 206 227 225 224 225 223 224 223 220 217 215 209 208 208 209 256 255 257 258 260 259 261 241 241 241 230 231 232 231 230 291 292 291 291 293 275 276 278 278 280 281 281 282 282 282 280 282 281 280 280 279 278 279 276 272 270 269 266 263
155 155 155 155 155 155 155 155 155 162 165 171 172 175 176 187 188 188 190 190 191 193 206 206 219 201 201 201 202 202 206 207 209 207 210 210 228 229 228 226 228 228 226 224 222 218 212 211 211 212 259 260 258 258 258 259 261 242 242 244 244 234 233 234 235 293 292 293 292 294 278 278 281 280 282 281 284 284 284 284 284 284 283 281 282 279 280 279 278 276 271 270 267 266
155 155 155 155 155 155 155 155 155 162 167 170 172 172 185 187 187 188 189 190 193 193 206 205 202 201 202 201 204 204 205 206 208 209 211 230 230 230 229 230 228 228 227 225 223 220 212 212 213 260 261 260 260 260 262 262 243 243 245 244 245 234 235 235 276 296 296 296 297 298 278 282 281 283 284 284 284 285 285 285 286 284 285 283 283 283 282 281 278 278 276 275 269 267
155 155 155 155 155 155 155 155 155 160 166 168 170 172 182 186 189 188 190 190 193 205 206 189 201 202 202 204 204 205 207 210 210 212 214 232 232 232 234 234 232 231 229 229 225 221 214 215 216 216 262 263 262 263 262 263 244 244 245 246 248 248 236 236 296 297 296 297 299 301 282 284 284 286 286 288 287 286 286 286 288 288 285 285 285 284 285 283 280 278 277 275 274 269
155 155 155 155 155 155 155 155 155 159 163 167 168 179 184 187 187 189 190 192 193 187 188 189 189 202 204 204 206 206 208 211 214 213 215 234 234 235 237 235 235 233 232 230 228 225 216 216 217 216 266 266 265 265 264 265 244 246 247 248 248 250 237 238 298 298 297 298 299 302 286 285 286 288 289 288 290 290 289 288 289 289 289 286 288 287 285 285 283 281 277 276 275 273
155 155 155 155 155 155 155 155 155 158 163 165 168 181 183 185 188 189 191 193 175 187 189 189 189 203 204 206 206 209 212 213 214 215 217 235 239 239 240 239 238 239 234 233 232 226 220 221 221 221 267 267 267 267 265 247 247 247 248 249 251 250 238 239 298 299 300 299 303 304 286 288 289 288 291 291 292 291 291 291 292 290 290 289 289 287 286 286 285 283 279 278 276 274
155 155 155 155 155 155 155 155 155 158 163 166 178 179 182 186 188 189 189 174 175 187 189 189 189 204 205 207 208 211 211 215 216 217 218 239 241 240 243 242 241 240 237 234 231 229 223 223 222 222 269 270 268 267 267 247 248 249 286 251 252 251 240 241 299 300 300 302 304 289 289 290 290 292 291 293 293 294 293 294 293 292 295 291 290 289 287 287 286 284 282 280 277 275
155 155 155 155 155 155 155 155 155 158 163 165 176 180 183 185 188 169 171 174 176 187 188 189 189 191 207 207 209 212 214 215 217 218 221 241 242 243 243 244 244 242 240 238 235 230 223 225 224 224 271 270 270 269 268 248 249 286 286 288 254 254 243 302 302 302 300 303 305 289 289 292 293 293 293 293 294 294 296 294 294 294 295 294 292 290 289 289 286 285 284 280 278 276
155 155 155 155 155 155 155 155 155 156 161 165 176 181 183 166 167 169 173 175 175 187 188 188 188 192 207 208 210 212 214 216 218 218 222 243 243 243 245 246 245 244 242 239 234 231 225 225 225 225 273 273 271 271 250 250 286 286 288 288 290 255 243 303 304 303 305 305 306 290 292 292 294 295 295 294 294 296 296 297 296 294 295 294 294 291 290 289 288 286 285 283 279 277
155 155 155 155 155 155 155 155 155 156 163 174 177 163 164 166 169 171 173 173 186 187 188 189 192 193 207 207 210 212 214 215 218 221 223 241 245 246 246 247 247 249 244 241 237 234 227 228 228 228 275 274 274 274 251 251 287 287 289 290 290 255 245 304 305 304 306 308 309 293 293 294 296 297 298 297 296 296 296 296 297 297 296 296 294 295 292 290 289 288 284 284 281 278
155 155 155 155 155 155 155 155 155 156 155 157 158 160 165 166 167 170 172 172 174 187 188 190 192 193 193 208 209 213 215 216 220 222 225 243 245 245 246 247 247 246 244 240 238 235 229 229 228 228 275 274 273 273 252 286 288 290 290 292 291 291 245 305 305 306 306 311 293 293 296 297 297 298 300 299 299 298 298 297 298 299 297 297 296 294 292 292 291 288 287 284 282 280
155 155 155 155 155 155 155 155 155 155 155 155 158 161 164 165 167 168 171 173 174 186 188 191 191 192 193 208 210 213 215 218 221 222 224 243 244 245 244 246 248 244 244 241 237 234 229 230 229 229 275 274 274 253 252 288 289 290 292 292 292 293 265 306 305 305 309 310 294 296 296 298 299 301 301 301 301 300 300 300 299 299 297 299 298 294 293 292 291 290 288 284 283 280
155 155 155 155 155 155 155 155 155 155 155 155 159 161 163 164 166 170 171 172 174 186 188 190 191 193 193 195 211 213 215 217 219 222 240 242 244 243 244 244 245 244 241 240 238 235 229 230 229 229 275 276 274 253 254 288 290 292 292 292 293 293 266 307 308 307 311 311 294 296 298 299 301 301 302 304 302 301 301 302 301 302 299 298 298 296 297 294 291 291 288 287 284 282
155 155 155 155 155 155 155 155 155 155 155 155 159 159 162 164 166 169 169 170 174 187 187 189 193 193 195 195 210 214 214 218 218 220 223 241 242 243 244 245 244 244 242 241 239 236 231 230 230 230 230 276 255 254 254 290 290 292 295 294 294 293 266 307 307 310 311 296 296 299 299 299 301 302 302 304 303 302 303 302 303 302 301 298 299 297 297 295 293 292 290 288 285 284
155 155 155 155 155 155 155 155 155 155 155 155 155 160 162 164 166 167 168 171 171 185 189 188 191 193 194 196 196 211 214 215 218 220 220 242 241 243 245 243 243 241 241 240 238 235 230 230 229 229 229 276 255 255 254 291 292 295 296 295 294 294 267 307 308 309 311 296 297 300 301 302 302 303 305 304 304 305 303 304 302 302 302 301 298 298 296 295 295 292 290 289 286 283
155 155 155 155 155 155 155 155 155 155 155 155 155 159 162 162 164 166 168 169 171 185 188 188 191 192 194 195 196 211 211 216 219 220 221 240 241 241 243 242 242 241 240 239 237 233 231 229 229 229 229 255 255 255 255 291 293 296 298 297 294 296 267 308 310 311 314 296 300 300 302 303 304 304 305 306 305 305 304 304 303 302 303 303 302 300 297 295 294 293 291 289 286 285
155 155 155 155 155 155 155 155 155 155 155 155 156 156 161 163 163 166 169 170 170 171 186 189 189 192 194 194 196 196 212 214 217 217 221 239 239 240 240 241 239 240 239 238 236 232 229 230 229 229 229 255 255 255 293 293 294 298 300 298 297 284 269 311 310 312 298 298 299 302 303 304 304 305 307 306 308 306 305 305 304 305 304 303 302 301 300 296 294 294 292 290 287 285
155 155 155 155 155 155 155 155 155 155 155 155 155 157 158 161 162 167 168 169 169 170 185 187 189 191 194 194 194 196 209 214 215 217 218 236 238 237 238 237 239 238 238 237 235 229 229 229 229 229 222 256 255 256 257 294 295 297 299 299 297 304 286 311 312 314 298 299 301 302 305 304 307 307 307 308 308 306 306 305 306 306 305 302 302 301 300 298 295 293 292 290 288 284
155 155 155 155 155 155 155 155 155 155 155 155 155 155 158 159 163 166 167 167 169 170 171 187 190 190 193 194 194 194 196 210 215 215 217 235 235 236 237 237 238 238 237 235 232 229 229 229 229 230 222 222 256 257 259 293 294 297 299 299 301 320 326 328 327 299 299 301 303 304 306 306 307 308 308 309 310 309 306 307 307 306 305 304 302 302 299 298 297 293 293 291 288 286
155 155 155 155 155 155 155 155 155 155 155 155 155 155 157 159 161 163 165 167 167 169 173 187 188 190 191 192 194 194 194 196 212 214 214 232 233 234 237 237 237 236 236 235 232 229 230 231 230 222 222 222 258 259 260 294 294 296 300 314 301 321 296 328 329 313 300 302 303 306 307 307 308 309 309 311 309 309 308 308 307 306 306 304 303 303 300 297 296 296 291 291 287 287
155 155 155 155 155 155 155 155 155 155 155 155 155 155 155 157 159 161 164 164 166 168 173 174 188 188 190 191 192 192 193 193 211 211 213 231 233 231 233 234 235 235 235 233 232 229 229 230 230 222 222 222 258 259 259 294 296 297 314 302 302 321 296 328 313 313 317 302 305 306 306 308 308 308 311 311 311 309 309 309 307 307 305 304 304 302 300 297 296 295 294 289 289 286
155 155 155 155 155 155 155 155 155 155 155 155 155 155 155 155 158 161 162 164 166 168 170 174 186 188 188 189 190 192 192 194 195 210 211 229 230 231 231 234 234 234 233 233 229 229 229 229 222 222 222 222 222 259 259 294 296 297 314 302 304 326 296 331 313 315 316 303 306 306 309 309 310 312 311 311 312 310 310 309 309 307 305 305 303 302 300 298 297 295 295 292 287 286
155 155 155 155 155 155 155 155 155 155 155 155 155 155 155 155 155 158 161 163 164 167 169 171 174 186 188 188 189 192 194 193 194 196 209 229 229 229 230 230 232 234 233 231 229 229 229 230 222 222 222 222 222 259 260 296 296 313 304 304 308 329 296 317 316 317 318 319 306 306 308 310 310 312 313 312 311 311 311 311 309 308 307 305 304 304 300 299 297 296 293 292 288 284
155 155 155 155 155 155 155 155 155 155 155 155 155 155 155 155 156 158 160 161 164 164 167 170 172 173 186 189 190 191 191 193 194 194 210 210 229 230 230 230 232 232 232 230 229 229 230 222 222 222 222 222 222 261 261 261 297 301 304 307 311 296 296 318 321 322 319 321 306 307 309 309 311 312 313 313 313 312 311 311 311 308 309 307 306 303 301 298 298 296 294 291 288 287
155 155 155 155 155 155 155 155 155 155 155 155 155 155 155 155 155 156 157 161 163 164 165 166 171 173 173 187 189 190 191 192 192 194 195 210 228 229 231 231 231 231 231 229 229 229 222 222 222 222 222 222 222 222 262 262 302 302 306 310 331 297 287 321 323 323 324 321 321 308 308 309 312 312 313 313 313 313 312 312 311 311 308 308 307 302 301 300 297 296 294 291 289 287
155 155 155 155 155 155 155 155 155 155 155 155 155 155 155 155 155 155 155 160 160 163 164 165 169 171 173 175 188 190 191 191 192 194 195 196 229 230 231 232 231 230 230 228 229 230 222 222 222 222 222 222 222 222 263 262 267 304 309 312 298 287 287 323 326 325 324 323 324 308 308 312 312 313 313 314 313 313 314 312 311 310 310 308 306 303 300 300 297 295 294 292 289 285
155 155 155 155 155 155 155 155 155 155 155 155 155 155 155 155 155 155 156 157 160 162 166 168 169 171 174 175 176 191 191 191 191 193 195 196 214 229 231 232 233 231 229 228 228 222 222 222 222 222 222 222 222 222 222 273 273 277 281 283 302 287 287 325 325 328 328 325 324 325 310 311 312 313 314 313 313 313 313 314 311 311 310 307 305 302 301 299 297 295 294 291 288 286
155 155 155 155 155 155 155 155 155 155 155 155 155 155 155 155 155 155 156 157 160 162 164 165 169 169 173 174 176 176 178 190 192 194 195 195 197 216 231 231 231 230 226 227 222 222 222 222 222 222 222 222 222 222 222 275 277 283 285 286 287 287 287 326 327 329 329 329 325 325 311 312 313 313 314 313 314 314 313 313 313 311 310 307 305 303 301 299 297 295 293 291 287 284
155 155 155 155 155 155 155 155 155 155 155 155 155 155 155 155 155 155 155 157 160 161 163 165 167 167 171 174 174 176 176 178 181 194 196 197 199 217 218 230 231 230 226 222 222 222 222 222 222 222 222 229 222 222 222 228 280 283 287 286 288 287 287 328 330 330 330 330 327 325 311 311 312 313 313 314 313 314 313 313 313 312 309 307 306 302 301 299 296 296 293 290 287 284
155 155 155 155 155 155 155 155 155 155 155 155 155 155 155 155 155 155 155 156 158 159 162 163 166 168 169 171 172 175 178 177 180 181 184 196 198 216 217 217 230 227 227 225 227 229 230 232 222 222 223 223 225 225 242 242 295 299 286 286 286 287 289 330 331 332 332 331 329 325 326 311 311 313 315 313 313 313 313 314 313 311 309 307 306 303 300 298 298 295 292 289 286 286
155 155 155 155 155 155 155 155 155 155 155 155 155 155 155 155 155 155 155 155 157 159 160 162 164 166 168 168 172 174 176 176 177 180 181 183 185 202 203 203 220 234 215 216 216 217 219 220 222 223 223 224 225 226 243 246 250 301 286 287 308 308 309 309 334 335 335 333 330 327 325 311 311 312 313 314 313 313 314 314 313 310 309 309 305 302 300 298 297 295 291 288 286 285
