testData/tiles/evenCosts/grid12.5-25.0-25.0-37.5.asc
ncols   250
nrows   250
xllcorner   12.5
yllcorner   25.0
cellsize   0.05
NODATA_value   -9999.0
[rows 141 to 187 of 250, columns 96 to 191 of 250]
68 68 67 67 67 65 64 64 60 60 59 57 57 57 56 56 55 54 53 53 53 53 53 53 53 55 55 55 55 55 37 37 37 37 37 38 38 24 24 25 25 26 26 27 27 27 55 55 64 68 92 102 105 106 107 156 157 158 160 161 164 164 165 166 165 167 167 167 168 169 168 169 167 168 168 166 166 167 166 165 164 163 162 162 161 159 157 156 154 145 132 131 130 130 131 131
70 70 68 68 67 67 65 65 62 61 60 59 58 57 57 56 56 55 54 53 53 53 53 53 53 55 55 55 55 55 55 37 37 37 37 38 38 24 25 25 25 26 26 26 27 54 55 64 67 70 93 121 120 122 155 156 157 159 161 163 165 165 165 166 167 168 168 168 168 168 168 169 168 169 168 168 169 168 167 167 165 165 164 163 162 160 158 156 154 154 145 146 146 145 131 131
71 71 70 69 68 68 67 66 63 62 61 60 59 58 57 57 56 56 55 54 53 53 53 53 53 55 55 55 55 55 55 37 37 37 37 37 38 39 25 25 25 26 26 39 66 66 66 80 94 118 121 123 133 136 168 170 171 172 175 176 165 167 167 166 168 169 168 169 171 170 170 171 170 170 170 169 169 168 168 167 166 165 165 164 164 162 161 159 154 155 146 146 146 145 145 154
71 72 71 71 70 69 68 68 64 63 63 61 60 59 58 57 57 56 55 55 54 53 53 53 53 55 55 55 55 55 55 55 37 37 37 38 39 39 25 37 37 38 65 65 66 81 93 93 95 99 123 125 134 169 170 172 171 173 176 176 178 179 179 179 169 170 170 171 171 171 171 171 170 171 170 170 171 169 169 169 167 167 167 166 163 162 162 160 155 155 155 146 146 155 155 154
73 73 72 72 71 71 69 68 66 64 63 63 61 60 59 57 57 57 56 55 54 53 53 53 53 55 55 55 55 55 55 55 37 37 38 38 39 51 51 37 38 64 79 79 80 84 92 94 98 100 122 127 128 169 170 171 172 174 176 178 178 180 179 181 182 182 170 171 171 172 172 172 172 173 171 171 170 170 169 169 168 167 166 166 165 164 162 162 158 155 155 146 154 154 154 155
74 74 74 73 72 71 71 69 66 66 64 63 63 61 60 58 57 56 56 56 55 54 53 53 53 55 55 55 55 55 55 55 55 37 38 50 51 51 51 38 78 78 80 80 82 83 93 95 99 101 125 127 128 171 172 173 174 174 177 178 178 178 180 181 183 183 184 185 172 173 173 172 172 173 173 172 172 171 171 169 169 169 168 167 167 165 163 162 159 156 155 155 155 155 155 154
75 74 74 74 73 72 72 71 67 66 66 64 63 62 61 60 58 57 56 55 55 55 54 53 53 53 55 55 55 55 55 55 56 49 50 50 50 51 66 92 78 79 78 79 83 92 93 97 100 103 125 127 162 163 172 172 174 175 177 178 178 180 181 183 183 183 184 184 185 186 173 174 174 173 173 173 172 172 172 170 169 169 169 168 167 166 165 162 160 168 165 164 155 155 155 154
77 75 75 74 75 73 72 72 69 67 66 66 64 63 62 60 60 58 57 56 55 54 53 53 53 53 55 55 55 55 55 68 68 68 50 50 64 66 92 92 78 78 78 83 83 92 94 98 101 102 126 129 162 163 173 174 174 175 177 178 179 180 181 182 184 184 185 185 186 187 186 185 174 173 175 174 173 173 173 171 171 170 169 169 168 166 166 162 170 168 166 164 155 155 156 154
78 77 76 75 76 75 73 72 70 69 67 66 66 64 63 61 60 59 57 56 55 55 54 53 53 53 55 55 55 55 68 68 68 68 63 64 65 90 91 92 78 78 79 82 92 93 95 98 102 104 127 128 162 165 165 174 175 176 179 178 179 180 182 184 184 184 185 185 187 187 187 187 187 175 174 174 174 173 172 172 171 171 170 169 169 168 167 173 171 170 166 164 164 155 154 154
79 78 78 76 76 76 75 73 70 70 69 67 66 65 63 62 61 60 58 57 56 55 54 53 53 53 54 54 54 67 67 67 67 81 81 64 90 91 92 92 93 79 82 82 92 93 96 99 101 105 127 161 163 163 164 174 175 175 175 179 180 181 182 183 183 185 185 187 187 187 187 187 187 187 176 174 175 175 173 172 172 172 171 170 170 168 176 173 171 169 167 164 164 155 154 154
80 79 78 78 76 76 76 75 71 70 69 68 67 66 64 63 62 60 59 57 56 55 54 54 53 53 53 66 67 67 67 81 81 82 82 89 91 91 91 93 93 79 83 83 92 94 98 100 102 105 107 162 163 165 166 167 175 175 177 178 179 181 182 183 185 185 186 186 187 188 188 188 188 188 187 187 174 174 174 173 172 172 171 170 170 177 175 174 172 170 169 166 163 155 155 155
81 80 79 79 78 76 76 76 73 71 70 69 67 66 65 64 63 61 60 58 57 56 55 54 53 53 64 67 67 81 81 81 81 82 108 109 91 91 92 92 93 79 82 92 93 96 98 101 104 105 106 162 164 165 166 167 175 175 177 178 180 181 183 184 184 186 186 186 187 188 188 188 188 188 189 188 188 174 175 174 174 173 172 172 180 178 174 174 173 171 169 167 164 164 154 154
82 82 80 79 79 78 76 75 73 72 71 70 69 67 66 65 63 62 60 59 57 56 55 54 53 64 65 65 81 81 81 81 82 82 109 109 91 92 92 92 94 79 82 92 94 97 100 102 103 106 140 162 163 165 166 166 166 176 176 178 179 181 183 184 184 186 186 187 188 188 189 189 189 188 188 189 187 187 174 174 174 174 173 172 180 177 176 175 174 172 169 167 164 164 154 154
83 83 82 80 79 78 78 76 73 72 72 70 69 68 66 65 63 62 61 60 58 57 56 55 66 65 65 79 81 81 81 82 82 109 109 109 91 91 92 93 93 79 83 92 94 99 101 102 105 106 140 142 165 165 165 167 168 168 177 178 181 182 182 184 184 186 187 188 188 188 188 189 188 188 189 188 188 188 188 175 175 174 173 182 181 177 176 174 173 172 171 169 165 163 154 154
84 83 83 82 80 79 78 77 73 72 72 71 70 69 67 66 65 63 62 60 59 57 56 67 66 80 79 79 79 81 82 82 109 109 109 110 110 91 92 93 93 97 92 92 96 98 100 104 106 107 141 142 163 164 166 166 168 168 177 178 179 180 183 184 185 186 186 187 188 189 189 189 189 189 188 188 188 188 188 188 175 174 183 182 179 178 177 176 175 173 169 168 166 163 162 154
85 84 83 82 81 80 79 78 75 73 72 71 69 69 68 66 65 63 62 60 59 57 56 67 81 80 79 79 79 82 82 108 109 109 110 110 110 92 92 92 94 94 92 93 97 99 102 104 106 109 142 143 166 166 167 167 169 169 170 178 180 182 183 184 184 186 187 188 188 188 188 189 189 189 189 189 189 189 189 188 176 184 184 183 181 179 178 175 174 173 171 169 168 164 162 160
85 85 84 83 82 80 79 78 75 73 72 71 69 68 68 66 66 65 62 61 59 58 68 82 81 80 79 79 80 80 82 109 109 110 110 110 111 92 92 93 93 95 92 94 99 102 104 106 108 109 142 144 146 168 169 169 170 170 172 172 180 180 181 184 185 186 186 187 187 188 189 189 189 189 189 189 189 189 189 188 188 184 184 181 180 179 178 177 176 174 172 169 167 164 162 158
87 85 84 83 83 82 80 79 76 75 73 72 71 69 68 67 66 65 63 62 60 85 83 83 82 81 80 80 80 80 107 109 110 110 110 111 111 111 93 93 94 103 93 97 100 102 105 107 108 143 144 145 146 169 169 170 171 172 172 172 180 181 182 183 184 185 187 187 188 189 189 189 189 189 190 190 189 190 189 189 197 197 182 182 181 179 177 176 175 174 172 170 167 164 168 167
88 87 85 84 83 82 81 79 76 75 73 72 71 69 68 67 65 64 64 62 87 85 85 83 82 81 80 80 80 107 107 107 110 110 111 111 111 112 93 94 95 104 94 99 101 104 106 107 110 144 146 148 149 149 170 172 173 173 173 174 175 182 182 183 184 185 186 187 187 189 188 189 189 189 189 190 190 189 189 198 198 195 194 182 181 180 179 178 177 175 172 170 168 166 166 167
88 87 86 84 83 82 81 79 76 75 74 72 71 70 68 67 66 64 64 75 86 86 85 83 82 81 81 80 81 107 107 108 110 111 111 111 112 112 94 95 96 106 95 98 102 106 107 110 111 144 147 148 149 151 152 173 174 176 175 175 175 175 183 184 184 184 186 187 187 187 188 188 189 189 190 190 190 190 190 199 198 195 195 182 181 179 178 177 176 175 173 172 169 172 168 166
104 88 87 86 84 83 82 81 77 76 75 72 71 70 68 67 66 64 77 87 86 85 84 82 81 81 81 80 107 107 108 108 108 111 111 112 112 112 94 95 97 106 95 101 103 106 109 111 112 147 148 149 151 151 152 175 175 176 175 177 176 176 177 185 185 185 185 186 187 188 188 189 189 189 190 190 190 190 198 198 196 196 195 194 182 181 180 179 176 175 173 171 169 171 169 167
104 88 87 86 84 83 82 79 77 76 75 74 72 71 70 67 66 78 77 88 87 86 84 83 81 81 81 106 106 107 107 107 108 108 111 111 112 114 114 97 106 107 96 103 105 108 110 112 114 147 149 151 152 153 154 155 177 177 178 178 177 179 178 178 185 186 186 186 187 188 188 189 189 189 190 190 190 199 199 196 197 196 195 195 182 180 179 178 177 175 173 172 177 171 169 167
104 118 87 86 85 83 82 79 78 76 75 74 72 71 70 68 81 79 89 89 87 86 84 83 82 81 81 106 106 107 107 108 108 108 109 112 114 114 115 98 107 110 98 101 107 109 112 114 115 148 150 151 152 154 155 155 158 177 178 178 179 179 178 179 179 186 186 186 186 188 188 189 189 190 190 190 190 198 196 196 196 195 195 194 193 180 179 178 177 176 173 172 174 173 170 167
104 103 87 86 85 83 82 79 78 76 75 74 73 71 70 83 81 80 89 89 87 86 84 84 82 81 107 106 107 107 108 108 108 109 110 112 112 115 117 98 109 110 99 103 109 111 114 115 118 151 152 154 155 155 156 158 158 158 180 180 180 179 181 180 180 180 187 187 187 187 187 188 188 189 190 190 197 197 197 197 196 196 195 194 194 180 179 178 177 175 174 172 175 173 170 167
105 103 117 86 85 84 82 79 78 77 75 74 73 71 84 83 81 91 90 89 88 86 85 84 83 82 107 107 107 107 108 108 109 110 111 112 113 115 117 100 110 112 102 104 107 113 115 118 119 152 154 155 156 158 158 159 160 160 182 181 182 182 182 181 181 181 181 188 188 187 188 188 188 189 189 189 196 196 197 196 196 195 194 194 193 192 179 178 177 175 174 176 174 173 171 167
105 103 117 86 85 84 82 79 78 77 75 74 73 85 84 82 81 91 91 89 88 86 86 84 83 108 107 107 107 108 108 109 110 110 112 113 115 115 116 101 110 115 104 106 110 111 117 119 120 154 155 156 158 159 160 161 161 161 163 183 184 183 183 183 183 182 182 182 189 188 188 188 188 188 188 197 197 196 197 196 196 195 195 194 193 191 178 177 176 175 174 176 174 173 171 169
105 104 102 86 85 84 81 79 78 77 76 73 73 85 83 82 93 92 91 89 88 86 86 84 84 108 108 107 107 108 108 109 110 112 113 114 115 116 118 127 127 117 104 108 110 113 115 121 123 156 157 159 159 160 162 163 162 164 163 163 184 185 184 184 184 184 183 183 183 189 189 188 188 188 188 195 196 195 195 196 195 195 194 193 192 192 191 178 177 175 177 176 174 172 170 168
117 116 114 128 97 83 80 78 77 76 75 73 86 85 83 82 93 92 91 89 88 87 86 102 127 125 125 124 125 125 126 127 128 130 130 132 133 135 135 145 129 132 122 127 129 132 134 136 141 174 176 177 178 179 180 180 181 182 164 166 166 166 186 186 185 185 184 184 183 183 188 188 188 188 188 195 196 196 195 195 195 195 194 193 193 191 190 177 176 175 178 176 174 172 171 169
117 116 115 113 97 96 93 91 90 76 75 87 86 85 83 82 111 109 108 106 105 105 103 103 127 126 125 125 125 125 126 127 129 130 132 133 133 135 136 147 130 135 123 125 129 133 136 137 171 176 177 178 180 181 181 182 183 182 184 183 183 184 184 204 203 186 186 186 183 183 183 188 188 188 196 196 195 195 195 194 194 193 193 193 192 191 190 176 175 175 177 176 175 173 171 170
117 116 114 112 97 96 93 92 90 89 102 117 103 102 100 99 111 109 108 107 106 105 104 129 127 127 125 125 125 126 127 129 130 130 132 133 135 136 138 147 131 136 124 128 130 132 135 136 140 175 179 180 181 182 184 183 185 184 185 184 185 185 184 185 204 204 203 203 202 201 184 184 189 188 198 198 198 197 197 196 196 195 194 193 192 190 190 175 175 179 178 177 174 174 173 171
118 118 117 114 113 96 93 108 106 105 118 117 115 114 113 110 111 109 107 106 105 104 104 128 127 126 125 125 125 126 127 129 130 132 133 135 135 136 138 148 134 137 126 129 131 134 137 139 140 174 176 180 180 182 182 183 184 184 184 185 185 185 185 185 185 185 204 204 203 202 202 201 201 216 198 198 198 197 197 197 196 195 195 194 193 193 189 188 175 180 179 177 176 175 173 172
140 139 138 116 132 114 112 110 108 120 118 117 115 114 113 124 123 109 107 107 105 104 129 128 127 126 125 125 126 127 129 129 130 132 133 135 136 138 148 149 135 138 127 129 133 135 137 140 141 176 177 178 180 183 184 185 185 187 186 186 187 186 185 186 187 186 186 186 205 204 203 202 202 210 217 217 217 200 199 199 198 198 196 195 195 193 190 189 176 181 180 177 176 175 174 172
141 157 157 155 153 113 113 112 123 121 121 119 116 114 113 124 123 122 120 107 105 105 129 129 127 127 125 125 126 127 129 130 132 133 134 135 137 138 148 151 136 140 128 132 134 136 139 141 143 177 178 180 181 184 186 187 187 187 187 189 188 187 189 188 187 186 186 186 186 186 204 204 204 211 211 211 217 217 216 216 198 198 197 197 196 193 191 190 176 182 181 180 177 176 175 173
159 159 157 156 154 120 135 127 126 123 122 120 117 115 114 123 122 121 120 120 118 105 129 129 127 127 125 126 126 128 129 131 132 133 135 136 138 138 149 151 137 129 129 133 135 138 140 143 145 178 181 182 184 184 185 185 190 189 190 190 189 190 189 189 189 188 188 188 188 187 187 187 187 212 212 212 211 219 219 218 218 217 216 198 195 193 193 192 186 184 182 180 179 178 176 173
159 159 158 157 153 152 135 148 147 124 124 122 119 117 117 126 124 121 120 119 118 143 142 128 126 126 125 126 126 128 129 131 132 134 135 137 138 140 151 154 139 129 131 134 137 139 141 144 146 181 183 184 185 185 188 187 187 191 191 191 191 191 190 191 190 190 190 189 188 187 187 187 194 194 194 194 211 211 211 218 218 217 217 214 213 196 194 193 186 185 184 181 180 157 155 154
161 160 158 158 154 152 135 150 148 146 144 123 120 118 117 128 126 124 122 119 118 143 142 141 127 126 127 127 129 129 130 132 133 135 136 138 139 141 151 155 140 129 133 135 138 141 144 146 149 183 185 187 189 189 189 188 189 189 189 192 193 192 192 192 192 192 191 190 189 189 188 187 195 194 194 194 194 194 194 194 199 198 195 194 194 192 191 173 166 165 163 162 160 158 156 155
161 160 159 158 155 153 136 136 149 146 145 144 142 121 119 128 127 125 123 121 118 143 143 142 141 140 127 127 129 131 133 133 135 136 138 139 140 142 152 157 142 131 134 138 140 143 146 148 151 185 188 190 189 190 191 192 191 192 192 192 192 194 193 194 193 192 191 191 190 189 188 188 198 196 194 194 194 194 194 194 194 194 196 195 195 193 192 198 184 166 165 163 160 159 158 156
161 160 160 157 155 168 137 136 136 147 146 145 142 141 120 129 128 127 125 124 147 146 144 143 141 141 141 128 130 131 133 134 136 137 139 140 142 143 154 158 143 132 135 139 142 146 148 151 153 186 189 191 193 193 194 194 193 195 193 194 193 193 193 193 194 194 193 192 191 191 191 190 198 197 196 195 195 195 194 194 194 194 194 194 196 194 193 199 185 184 182 164 163 160 158 156
161 160 160 157 170 168 137 136 136 148 146 145 143 143 153 151 130 129 126 125 149 149 147 144 141 142 141 143 131 133 134 135 137 137 139 140 142 152 154 159 133 133 137 140 144 146 148 153 155 190 192 195 195 195 194 195 195 195 194 195 195 194 194 193 193 193 193 193 192 191 191 200 200 198 197 195 195 195 194 194 194 194 194 194 194 194 194 201 187 186 183 182 163 161 160 157
161 160 160 157 171 168 137 137 136 136 146 146 144 144 144 152 151 131 129 128 151 150 148 146 144 143 142 143 144 133 134 136 138 139 140 142 143 154 155 160 133 134 139 142 145 148 152 154 157 190 192 194 194 196 197 197 197 197 196 196 196 196 195 195 194 193 193 192 192 192 193 201 200 199 199 198 197 197 194 194 194 194 194 194 194 194 194 194 188 186 185 183 181 162 160 159
161 160 160 171 171 168 138 137 136 136 136 147 146 144 144 154 153 152 150 128 152 152 150 148 146 145 143 144 145 147 135 136 137 139 140 142 143 154 156 161 133 136 139 143 146 149 151 154 157 159 193 196 196 197 197 197 197 198 198 198 198 197 197 196 195 195 193 193 193 192 192 200 202 200 199 198 195 195 195 194 194 194 194 194 194 194 194 194 181 180 179 184 182 181 160 158
161 161 160 172 170 168 138 137 136 136 136 136 147 146 145 154 153 152 152 176 154 153 151 150 149 148 147 145 146 146 148 149 137 139 140 142 143 155 157 148 133 137 140 144 145 149 152 155 156 159 194 195 196 197 198 198 199 198 198 198 198 199 198 196 197 197 196 196 194 193 193 201 198 197 197 198 197 197 197 196 196 194 194 194 194 194 194 195 182 180 179 178 177 181 179 144
161 161 172 172 169 169 138 137 137 136 136 136 136 146 145 154 156 154 152 176 175 153 153 152 151 150 148 147 146 146 148 150 152 140 142 143 145 155 159 149 133 137 140 144 147 151 152 155 158 160 193 196 197 197 198 198 199 199 200 198 199 199 198 199 198 197 197 196 195 195 193 201 201 198 196 196 196 196 197 196 196 195 195 194 194 194 198 196 183 181 179 178 177 174 156 155
161 161 172 172 169 169 138 139 137 136 136 136 136 136 146 156 156 154 152 178 177 175 174 153 152 151 150 149 149 149 149 150 152 153 142 143 145 154 145 148 135 138 142 145 148 150 153 155 157 159 194 196 197 197 198 199 199 200 200 200 201 199 199 199 199 199 198 198 197 196 195 203 200 198 196 197 197 196 196 196 195 195 196 195 194 194 199 197 183 182 181 179 177 160 158 155
161 173 172 171 169 169 139 138 136 136 136 136 136 136 136 156 156 155 153 179 177 176 175 174 153 152 152 151 151 150 151 150 152 153 142 142 144 155 145 149 135 137 142 144 148 150 153 155 158 160 194 195 198 198 198 199 199 200 200 200 200 201 200 200 200 199 199 197 197 197 196 202 201 200 198 197 197 196 196 196 195 195 194 194 194 194 196 198 185 183 181 180 164 160 159 156
161 173 171 171 169 170 138 138 136 137 136 136 136 136 136 142 156 156 154 180 178 178 176 177 175 156 154 153 152 153 152 152 152 153 154 142 145 145 145 149 135 138 142 144 148 150 152 156 158 160 161 195 197 198 199 200 199 200 200 201 201 201 200 200 200 200 200 199 198 196 196 203 202 201 199 200 199 199 198 198 196 196 195 195 194 194 197 197 183 182 180 162 161 162 159 157
172 172 171 170 170 169 138 138 137 136 136 136 136 136 136 143 141 156 180 180 179 179 177 178 177 177 155 155 153 153 153 153 152 153 154 157 145 145 145 150 135 138 141 146 147 150 154 155 157 160 161 194 196 198 198 199 201 200 200 201 201 201 201 202 200 200 199 200 197 196 196 203 203 201 200 200 199 199 198 198 197 197 196 196 194 194 198 198 185 182 166 164 161 160 157 155
