testData/tiles/evenCosts/grid25.0-37.5-37.5-50.0.asc
ncols   250
nrows   250
xllcorner   25.0
yllcorner   37.5
cellsize   0.05
NODATA_value   -9999.0
[rows 0 to 41 of 250, columns 94 to 187 of 250]
80 80 80 80 80 80 80 80 80 80 81 81 82 84 84 84 45 45 45 45 45 45 45 45 45 45 45 45 45 45 45 45 45 45 45 45 45 45 45 45 45 45 45 42 42 42 42 42 42 42 42 42 42 42 42 42 42 42 42 42 42 42 42 42 42 42 42 42 42 42 42 42 42 42 42 42 42 42 42 42 42 42 42 42 42 42 42 42 42 42 42 42 42 42
80 80 80 80 80 80 80 80 80 81 82 83 85 85 86 86 45 45 45 45 45 45 45 45 45 45 45 45 45 45 45 45 45 45 45 45 45 45 45 45 45 45 46 46 42 42 42 42 42 42 42 42 42 42 42 42 42 42 42 42 42 42 42 42 42 42 42 42 42 42 42 42 42 42 42 42 42 42 42 42 42 42 42 42 42 42 42 42 42 42 42 42 42 42
83 83 83 80 80 80 80 80 82 83 84 86 86 87 88 88 45 45 45 45 45 45 45 45 45 45 45 45 45 45 45 45 45 45 45 45 45 45 45 45 45 46 46 47 42 42 42 42 42 42 42 42 42 42 42 42 42 42 42 42 42 42 42 42 42 42 42 42 42 42 42 42 42 42 42 42 42 42 42 42 42 42 42 42 42 42 42 42 42 42 42 42 42 42
83 83 83 83 83 80 80 82 83 84 85 87 88 89 89 90 45 45 45 45 45 45 45 45 45 45 45 45 45 45 45 45 45 45 45 45 45 45 45 45 46 46 47 47 48 42 42 42 42 42 42 42 42 42 42 42 42 42 42 42 42 42 42 42 42 42 42 42 42 42 42 42 42 42 42 42 42 42 42 42 42 42 42 42 42 42 42 42 42 42 42 42 42 42
83 83 83 83 83 83 85 83 84 85 88 89 90 91 91 92 45 45 45 45 45 45 45 45 45 45 45 45 45 45 45 45 45 45 45 45 45 45 45 45 46 47 47 48 48 42 42 42 42 42 42 42 42 42 42 42 42 42 42 42 42 42 42 42 42 42 42 42 42 42 42 42 42 42 42 42 42 42 42 42 42 42 42 42 42 42 42 42 42 42 42 42 42 42
83 83 83 83 83 84 86 87 85 88 89 90 91 92 93 93 45 45 45 45 45 45 45 45 45 45 45 45 45 45 45 45 45 45 45 45 45 45 45 46 46 47 47 48 48 42 42 42 42 42 42 42 42 42 42 42 42 42 42 42 42 42 42 42 42 42 42 42 42 42 42 42 42 42 42 42 42 42 42 42 42 42 42 42 42 42 42 42 42 42 42 42 42 42
83 83 83 83 84 85 87 88 90 92 90 92 93 94 95 95 45 45 45 45 45 45 45 45 45 45 45 45 45 45 45 45 45 45 45 45 45 45 45 46 47 47 48 48 49 49 42 42 42 42 42 42 42 42 42 42 42 42 42 42 42 42 42 42 42 42 42 42 42 42 42 42 42 42 42 42 42 42 42 42 42 42 42 42 42 42 42 42 42 42 42 42 42 42
83 83 83 83 84 86 88 89 92 93 95 93 94 95 96 97 45 45 45 45 45 45 45 45 45 45 45 45 45 45 45 45 45 45 45 45 45 45 46 46 47 47 48 48 49 49 42 42 42 42 42 42 42 42 42 42 42 42 42 42 42 42 42 42 42 42 42 42 42 42 42 42 42 42 42 42 42 42 42 42 42 42 42 42 42 43 43 42 42 42 42 42 42 42
83 83 83 83 85 87 88 90 93 94 96 97 96 97 98 99 45 45 45 45 45 45 45 45 46 45 45 45 45 45 45 45 45 45 45 45 45 45 46 47 47 48 48 49 49 50 42 42 42 42 42 42 42 42 42 42 42 42 42 42 42 42 42 42 42 42 42 42 42 42 42 42 42 42 42 42 42 42 42 42 42 42 42 43 43 43 43 42 42 42 42 42 42 42
83 83 83 84 86 87 89 92 94 95 97 98 100 98 99 100 46 46 46 45 45 45 45 48 47 45 45 45 45 45 45 45 45 45 45 45 45 46 46 47 47 48 48 49 49 50 42 42 42 42 42 42 42 42 42 42 42 42 42 42 42 42 42 42 42 42 42 42 42 42 42 42 42 42 42 42 42 42 42 42 42 43 43 43 43 43 43 43 42 42 42 42 42 42
83 83 83 84 86 88 90 92 94 96 98 99 101 102 101 102 48 48 48 47 46 45 45 49 48 46 46 45 45 45 45 45 45 45 45 45 45 46 46 47 47 48 49 49 49 50 42 42 42 42 42 42 42 42 42 42 42 42 42 42 42 42 42 42 42 42 42 42 42 42 42 42 42 42 42 42 42 42 42 42 43 43 43 43 43 43 43 43 42 42 42 42 42 42
83 83 83 85 86 88 90 93 95 96 98 100 102 103 105 103 49 50 49 48 47 45 45 50 48 47 47 46 46 45 45 45 45 45 45 45 45 46 46 47 48 48 49 49 50 50 42 42 42 42 42 42 42 42 42 42 42 42 42 42 42 42 42 42 42 42 42 42 42 42 42 42 42 42 42 42 42 42 42 43 43 43 43 43 43 43 43 43 42 42 42 42 42 42
83 83 83 85 87 88 91 93 95 97 99 100 102 104 106 107 51 52 51 49 48 46 45 50 49 48 47 47 46 45 45 45 45 45 45 45 45 46 47 47 48 48 49 49 50 50 42 42 42 42 42 42 42 42 42 42 42 42 42 42 42 42 42 42 42 42 42 42 42 42 42 42 42 42 42 42 42 42 42 43 43 43 43 43 43 43 43 43 43 42 42 42 42 42
83 83 83 85 87 89 91 93 95 97 99 101 102 104 106 108 52 54 52 50 48 46 45 51 49 48 47 47 46 46 45 45 45 45 45 45 45 46 47 47 48 48 49 49 50 50 42 42 42 42 42 42 42 42 42 42 42 42 42 42 42 42 42 42 42 42 42 42 42 42 42 42 42 42 42 42 42 42 43 43 43 43 43 43 43 43 43 43 43 42 42 42 42 42
83 83 83 85 87 89 91 93 95 97 99 100 102 104 106 107 54 52 51 49 48 46 45 50 49 48 48 47 46 45 45 45 45 45 45 45 46 46 47 47 48 48 49 49 50 50 42 42 42 42 42 42 42 42 42 42 42 42 42 42 42 42 42 42 42 42 42 42 42 42 42 42 42 42 42 42 42 42 43 43 43 43 43 43 43 43 43 43 43 43 42 42 42 42
83 83 83 85 86 89 91 93 95 96 98 100 102 103 105 106 52 53 49 48 47 45 52 50 48 47 48 47 46 45 45 45 45 45 45 45 46 46 47 47 48 48 49 49 50 50 42 42 42 42 42 42 42 42 42 42 42 42 42 42 42 42 42 42 42 42 42 42 42 42 42 42 42 42 42 42 42 42 43 43 43 43 43 43 43 43 43 43 43 43 42 42 42 42
83 83 83 84 86 89 91 92 94 96 98 99 101 102 104 105 51 51 51 47 46 45 45 49 48 47 47 46 46 45 45 45 45 45 45 45 46 46 47 47 48 48 49 49 50 50 42 42 42 42 42 42 42 42 42 42 42 42 42 42 42 42 42 42 42 42 42 42 42 42 42 42 42 42 42 42 42 42 43 43 43 43 43 43 43 43 43 43 43 43 42 42 42 42
83 83 83 84 86 88 90 92 94 95 97 98 100 101 102 103 49 49 49 45 45 45 45 48 47 46 46 46 45 45 45 45 45 45 45 45 45 46 47 47 48 48 49 49 50 50 42 42 42 42 42 42 42 42 42 42 42 42 42 42 42 42 42 42 42 42 42 42 42 42 42 42 42 42 42 42 42 42 43 43 43 43 43 43 43 43 43 43 43 43 42 42 42 42
83 83 83 83 86 88 89 91 93 94 96 97 99 100 101 47 47 47 47 47 45 45 45 47 46 45 45 45 45 45 45 45 45 45 45 45 45 46 47 47 48 48 49 49 50 50 42 42 42 42 42 42 42 42 42 42 42 42 42 42 42 42 42 42 42 42 42 42 42 42 42 42 42 42 42 42 42 42 42 43 43 43 43 43 43 43 43 43 43 43 43 42 42 42
83 83 83 83 85 87 89 90 92 93 95 96 97 98 99 45 45 46 45 45 45 45 45 46 45 45 45 45 45 45 45 45 45 45 45 45 45 46 46 47 48 48 49 49 50 50 42 42 42 42 42 42 42 42 42 42 42 42 42 42 42 42 42 42 42 42 42 42 42 42 42 42 42 42 42 42 42 42 42 43 43 43 43 43 43 43 43 43 43 43 43 42 42 42
83 83 83 83 85 86 88 89 91 92 93 95 96 97 98 45 45 45 45 45 45 45 45 45 45 45 45 45 45 45 45 45 45 45 45 45 45 46 46 47 47 48 49 49 49 50 42 42 42 42 42 42 42 42 42 42 42 42 42 42 42 42 42 42 42 42 42 42 42 42 42 42 42 42 42 42 42 42 42 42 43 43 43 43 43 43 43 43 43 43 43 42 42 42
83 83 83 83 84 85 87 88 89 91 92 93 94 95 96 45 45 45 45 45 45 45 45 45 45 45 45 45 45 45 45 45 45 45 45 45 45 46 46 47 47 48 48 49 49 42 42 42 42 42 42 42 42 42 42 42 42 42 42 42 42 42 42 42 42 42 42 42 42 42 42 42 42 42 42 42 42 42 42 42 42 43 43 43 43 43 43 43 43 43 43 42 42 42
83 83 83 83 84 84 86 87 88 89 91 92 93 94 45 45 45 45 45 45 45 45 45 45 45 45 45 45 45 45 45 45 45 45 45 45 45 45 46 47 47 48 48 49 49 57 42 42 42 42 42 42 42 42 42 42 42 42 42 42 42 42 42 42 42 42 42 42 42 42 42 42 42 42 42 42 42 42 42 42 42 42 42 43 43 43 43 43 43 43 43 42 42 42
83 83 83 83 84 84 84 86 87 88 89 90 91 92 45 45 45 45 45 45 45 45 45 45 45 45 45 45 45 45 45 45 45 45 45 76 76 77 78 78 79 79 80 80 81 56 57 57 58 58 58 59 59 60 60 69 42 42 42 42 42 42 42 42 42 42 42 42 42 42 42 42 42 42 42 42 42 42 42 42 42 42 42 42 42 43 43 43 43 43 43 42 42 42
83 83 83 83 84 84 84 84 86 87 88 89 89 90 45 45 45 45 45 45 45 45 45 45 45 45 45 45 45 45 45 72 73 74 75 75 76 77 77 78 79 79 80 80 56 56 57 57 57 58 58 59 59 59 69 69 69 70 70 70 42 42 42 42 42 42 42 42 42 42 42 42 42 42 42 42 42 42 42 42 42 42 42 42 42 42 42 43 43 43 43 42 42 42
83 83 83 83 84 84 84 84 84 85 86 87 88 88 45 45 45 45 45 45 45 45 45 45 45 45 45 45 68 70 71 72 73 74 74 75 76 76 77 78 78 79 79 80 56 56 56 57 57 58 58 58 59 59 68 69 69 69 70 70 70 70 71 42 42 42 42 42 42 42 42 42 42 42 42 42 42 42 42 42 42 42 42 42 42 42 42 42 42 42 42 42 42 42
83 83 83 83 84 84 84 84 84 84 85 85 86 45 45 45 45 45 45 45 45 45 45 45 45 66 66 66 68 69 70 71 72 73 74 75 75 76 77 77 78 79 79 56 56 56 56 57 57 57 58 58 58 68 68 69 69 69 69 70 70 70 70 71 71 71 42 42 42 42 42 42 42 42 42 42 42 42 42 42 42 42 42 42 42 42 42 42 42 42 42 42 42 42
83 83 83 84 84 84 84 84 84 84 84 84 84 45 45 45 45 45 45 45 45 45 45 61 58 58 66 66 67 68 70 71 72 73 73 74 75 76 76 77 78 78 79 56 56 56 56 56 57 57 57 58 58 68 68 68 69 69 69 69 70 70 70 70 71 71 71 71 42 42 42 42 42 42 42 42 42 42 42 42 42 42 42 42 42 42 42 42 43 43 43 42 42 42
83 83 83 83 84 84 84 84 84 84 84 84 45 45 45 45 45 45 45 45 45 61 61 61 61 58 66 66 66 68 69 70 71 72 73 74 75 75 76 77 77 78 56 56 56 56 56 56 56 57 57 58 67 67 68 68 68 69 69 69 69 70 70 70 70 71 71 71 71 71 42 42 42 42 42 42 42 42 42 42 42 42 42 42 42 42 43 43 43 43 43 42 42 42
83 83 83 83 84 84 84 84 84 84 84 84 45 45 45 45 45 45 45 61 61 61 61 61 61 58 58 66 66 67 68 69 70 71 72 73 74 75 75 76 77 77 56 56 56 56 56 56 56 56 57 66 67 67 67 68 68 68 69 69 69 69 70 70 70 70 71 71 71 71 71 72 42 42 42 42 42 42 42 42 42 42 42 42 42 42 42 42 42 42 42 42 42 42
83 83 83 83 84 84 84 84 84 84 84 84 45 45 45 45 45 45 61 61 61 61 61 61 61 58 58 66 66 66 67 68 70 71 72 73 73 74 75 76 76 56 56 56 56 56 56 56 56 56 56 66 66 67 67 67 68 68 68 68 69 69 69 70 70 70 70 70 71 71 71 71 71 42 42 42 42 42 42 42 42 42 42 42 42 42 42 42 42 42 42 42 42 42
83 83 83 83 84 84 84 84 84 84 84 45 45 45 45 45 61 61 61 61 61 61 61 61 61 61 58 58 66 66 66 67 69 70 71 72 73 74 74 75 56 56 56 56 56 56 56 56 56 56 65 65 66 66 66 67 67 67 68 68 68 69 69 69 69 70 70 70 70 71 71 71 71 71 71 42 42 42 42 42 42 42 42 42 42 42 42 42 42 42 42 42 42 42
83 83 83 83 84 84 84 84 84 84 84 45 45 45 45 61 61 61 61 61 61 61 61 61 61 61 58 58 58 66 66 66 68 69 70 71 72 73 74 56 56 56 56 56 56 56 56 56 56 56 64 65 65 66 66 66 67 67 67 68 68 68 69 69 69 69 70 70 70 70 70 71 71 71 71 71 42 42 42 42 42 42 42 42 42 42 42 42 42 42 42 42 42 42
83 83 83 83 84 84 84 84 84 84 45 45 45 45 61 61 61 61 61 61 61 61 61 61 61 61 58 58 58 58 66 66 67 68 69 70 71 72 73 56 56 56 56 56 56 56 56 56 56 56 64 64 65 65 66 66 66 67 67 67 68 68 68 68 69 69 69 69 70 70 70 70 70 70 71 71 71 42 42 42 42 42 42 42 42 42 42 42 42 42 42 42 42 42
95 95 95 95 84 84 84 84 84 84 45 45 61 61 61 61 61 61 61 61 61 61 61 61 61 61 61 58 58 58 66 66 66 67 68 69 70 71 56 56 56 56 56 56 56 56 56 56 56 63 63 64 64 65 65 65 66 66 66 67 67 67 68 68 68 68 69 69 69 69 69 70 70 70 70 70 71 72 72 42 42 42 42 42 42 42 42 42 42 42 42 42 42 42
95 95 95 95 96 96 96 84 84 45 45 61 61 61 61 61 61 61 61 61 61 61 65 61 61 61 61 58 58 58 58 66 66 66 67 68 56 56 56 56 56 56 56 56 56 56 56 56 56 62 63 63 64 64 65 65 65 66 66 66 67 67 67 67 68 68 68 68 69 69 69 69 69 70 70 70 71 71 71 71 42 42 42 42 42 42 42 42 42 42 42 42 42 42
95 95 95 95 96 96 96 96 96 45 61 65 65 65 65 65 65 65 65 65 65 65 65 65 65 65 65 62 62 62 62 62 70 70 66 56 56 56 56 56 56 56 56 56 56 56 56 56 61 62 62 63 63 64 64 64 65 65 65 66 66 66 67 67 67 67 68 68 68 68 69 69 69 69 69 70 71 71 71 71 71 42 42 42 42 42 42 42 42 42 42 42 42 42
74 95 95 95 95 96 100 100 77 77 77 77 65 65 65 65 65 65 65 65 65 65 65 65 65 65 65 65 62 62 62 62 62 70 56 56 56 56 56 56 56 56 56 56 56 56 56 56 60 61 61 62 62 63 63 64 64 64 65 65 65 66 66 66 67 67 67 67 68 68 68 68 68 69 70 70 70 70 70 70 71 71 42 42 42 42 42 42 42 42 42 42 42 42
74 74 74 99 99 100 100 100 77 77 77 77 77 77 65 65 65 65 65 65 65 65 65 65 65 65 65 65 62 62 62 62 56 56 56 56 56 56 56 56 56 56 56 56 56 56 56 59 60 60 61 61 62 62 63 63 63 64 64 64 65 65 65 66 66 66 67 67 67 67 67 68 68 69 69 69 70 70 70 70 70 70 70 42 42 42 42 42 42 42 42 42 42 42
74 74 74 74 74 100 100 77 77 77 77 77 77 77 77 77 65 65 65 65 65 65 65 65 65 65 65 65 62 62 56 56 56 56 56 56 56 56 56 56 56 56 56 56 56 56 56 58 59 59 60 60 61 61 62 62 63 63 63 64 64 64 65 65 65 66 66 66 66 67 67 67 68 68 69 69 69 69 69 69 70 70 71 71 42 42 42 42 42 42 42 42 42 42
74 74 74 74 74 75 56 77 77 77 77 77 77 77 77 77 77 77 65 65 65 65 65 65 65 65 65 65 56 56 56 56 56 56 56 56 56 56 56 56 56 56 56 56 56 56 56 61 59 59 59 60 60 61 61 61 62 62 63 63 63 64 64 64 65 65 65 66 66 66 66 67 68 68 68 68 68 69 69 69 69 70 70 70 70 42 42 42 42 42 42 42 42 42
74 74 74 74 74 106 56 56 56 56 77 77 77 77 77 77 77 77 77 77 65 65 65 65 65 56 56 56 56 56 56 56 56 56 56 56 56 56 56 56 56 56 56 56 56 56 59 60 61 61 62 60 60 60 60 61 61 61 62 62 63 63 63 64 64 64 65 65 65 65 66 67 67 67 67 68 68 68 68 68 69 69 70 70 70 70 42 42 42 42 42 42 42 42
