testData/tiles/evenCosts/grid25.0-12.5-37.5-25.0.asc
ncols   250
nrows   250
xllcorner   25.0
yllcorner   12.5
cellsize   0.05
NODATA_value   -9999.0
[rows 0 to 41 of 250, columns 0 to 93 of 250]
91 92 93 93 94 95 95 96 96 97 97 98 98 98 99 99 99 99 99 99 99 98 98 98 97 97 96 96 94 94 93 92 45 44 43 42 42 41 40 39 38 37 36 35 35 34 33 32 31 30 29 28 27 26 26 26 26 26 26 26 26 26 19 19 19 19 19 6 6 12 8 10 12 17 18 19 40 41 42 43 48 49 50 50 51 51 52 53 55 62 62 64 65 65
92 93 93 94 95 96 96 97 97 98 98 99 99 99 100 100 100 100 100 100 100 99 99 99 98 97 96 96 95 95 94 93 92 45 44 43 42 41 41 40 39 38 37 36 35 34 33 32 31 30 29 28 27 26 26 26 26 26 26 26 26 19 19 19 19 19 19 6 8 6 8 10 12 17 18 19 20 41 42 43 48 49 50 50 51 51 52 58 60 61 61 63 64 64
93 93 94 95 96 96 97 98 98 99 99 100 100 100 101 101 101 101 101 101 101 100 99 99 98 98 97 97 96 95 95 94 93 45 45 44 43 42 41 40 39 38 38 37 36 35 34 33 32 31 30 29 28 27 26 26 26 26 26 26 19 19 19 19 19 19 19 6 6 6 8 10 12 17 18 19 20 21 42 43 43 49 50 50 51 51 58 58 59 60 61 62 63 63
93 94 95 96 97 97 98 99 99 100 100 101 101 102 102 102 102 101 101 101 101 101 100 100 99 99 98 98 97 96 96 95 94 46 45 45 44 43 42 41 40 39 38 37 36 35 34 33 32 31 30 29 28 27 26 26 26 26 26 19 19 19 19 19 19 19 19 19 6 5 8 10 11 17 18 19 20 21 42 42 43 44 49 50 57 57 58 58 58 59 60 61 62 62
93 94 95 96 96 97 98 99 99 100 100 101 101 102 102 102 102 102 102 102 102 102 101 101 100 100 99 99 98 97 96 96 95 94 46 45 44 43 42 41 41 40 39 38 37 36 35 34 33 32 31 30 29 28 27 26 26 26 19 19 19 19 19 19 19 19 19 19 6 5 7 9 15 16 18 19 20 21 22 42 43 44 44 56 56 57 57 58 58 59 59 59 61 61
94 95 95 96 97 98 99 99 100 101 101 102 102 103 103 103 103 103 103 103 103 103 102 102 101 101 100 99 99 98 97 96 95 95 47 46 45 44 43 42 41 40 39 38 37 36 35 34 33 32 31 30 29 28 27 26 26 19 19 19 19 19 19 19 19 19 19 19 0 4 7 9 11 16 17 18 20 20 21 22 43 43 50 51 56 57 57 58 58 59 59 59 60 60
94 95 96 97 98 99 99 100 101 102 102 103 103 104 104 104 104 104 104 104 104 104 103 103 102 102 101 100 99 99 98 97 96 95 47 46 45 44 44 43 42 41 40 39 38 37 36 34 33 32 31 30 29 28 27 26 19 19 19 19 19 19 19 19 19 19 19 19 0 2 6 8 10 16 17 18 19 20 21 22 28 49 50 50 51 56 57 57 58 58 59 59 59 60
95 96 97 98 99 99 100 101 102 102 103 104 104 105 105 105 105 106 105 105 105 105 104 104 103 102 102 101 100 99 99 98 97 96 48 47 46 45 46 43 42 41 40 39 38 37 36 35 34 33 32 31 30 54 27 19 19 19 19 19 19 19 19 19 19 19 19 19 13 0 5 8 10 15 16 18 19 20 21 27 28 49 49 50 51 51 57 57 58 58 58 59 59 59
95 96 97 98 99 100 101 102 103 103 104 105 105 106 106 106 107 107 107 106 106 106 105 105 104 103 103 104 103 102 101 100 99 98 50 49 48 47 46 45 44 43 42 41 40 39 38 37 36 35 32 31 55 47 46 20 19 19 19 19 19 19 19 19 19 19 19 13 13 0 3 7 9 14 16 17 18 19 26 27 28 28 49 50 50 51 51 52 57 58 58 58 59 59
96 97 98 99 100 101 102 102 103 104 105 106 106 107 107 107 108 108 108 107 107 107 108 108 107 106 105 104 104 103 102 101 100 99 98 50 49 48 47 46 45 44 43 42 41 40 39 37 36 35 34 58 50 49 48 45 19 19 19 19 19 19 19 19 19 19 19 13 13 0 0 5 8 13 15 16 17 25 25 26 27 28 29 49 50 50 51 51 52 52 58 58 58 59
96 97 98 99 100 101 102 103 104 105 106 106 107 108 108 109 109 109 109 111 110 110 109 108 108 107 106 105 104 103 102 101 100 99 98 50 49 48 47 46 45 44 43 42 41 40 39 38 37 36 60 51 50 49 48 47 46 21 19 19 19 19 19 19 19 19 19 13 13 0 0 2 6 12 14 15 23 24 25 26 27 27 28 29 49 50 50 51 51 52 52 58 58 58
97 98 99 100 101 102 103 104 105 106 106 107 108 109 109 110 112 112 112 112 111 111 110 109 108 108 107 106 105 104 103 102 101 100 99 51 50 49 48 47 45 44 43 42 41 40 39 38 37 36 53 52 51 49 48 47 46 21 21 21 21 19 19 19 19 19 13 13 13 0 0 0 4 11 13 20 22 23 24 25 26 27 27 28 29 29 50 50 51 51 52 52 52 53
97 98 99 100 101 102 103 104 105 106 107 108 109 111 112 113 113 113 113 113 112 111 111 110 109 108 107 106 105 104 103 102 101 100 99 51 50 49 48 47 46 45 44 42 41 40 39 38 37 54 53 52 51 50 49 47 46 46 21 21 21 21 21 21 19 19 13 13 13 0 0 0 0 9 17 19 21 22 23 24 25 26 27 27 28 29 29 50 50 51 51 51 69 69
97 98 99 101 102 103 104 105 106 107 108 111 111 112 113 114 114 114 114 114 113 112 111 111 110 109 108 107 107 106 105 104 102 101 100 52 51 50 49 48 47 46 45 44 43 41 37 37 37 54 53 52 51 50 49 48 47 46 21 21 21 21 21 21 21 15 13 13 13 0 0 0 0 6 15 18 19 21 22 23 24 25 26 26 27 28 28 29 49 50 50 68 68 68
98 99 100 101 102 103 104 105 108 109 110 111 112 113 114 115 115 115 115 115 114 113 112 112 111 110 109 108 107 106 105 104 103 102 102 53 52 51 50 49 48 47 46 44 43 37 37 37 37 55 54 53 52 51 49 48 47 46 21 21 21 21 21 21 21 15 15 15 15 0 0 0 0 6 12 15 18 19 21 22 23 24 25 26 26 27 28 28 29 46 67 67 67 68
98 99 100 101 102 103 106 107 108 109 111 112 113 114 115 115 116 116 116 115 116 115 114 113 112 110 110 109 108 107 106 105 104 103 102 54 53 51 50 49 48 47 46 38 37 37 37 37 57 56 55 53 52 51 50 49 48 46 46 21 21 21 21 21 15 15 15 15 15 2 2 0 6 6 10 10 15 17 19 20 22 23 24 24 25 26 27 27 45 45 46 66 67 67
98 99 100 101 102 105 106 107 109 110 111 112 113 114 115 116 117 118 118 117 116 115 115 114 113 112 111 109 108 107 106 106 105 104 103 55 54 53 51 50 49 41 40 39 38 37 37 37 58 56 55 54 54 54 52 49 48 47 47 22 21 21 21 21 15 15 15 15 15 2 2 8 6 6 10 10 10 14 17 19 20 21 22 23 24 25 25 43 44 44 45 45 46 66
98 99 100 103 104 105 106 108 109 110 111 112 113 114 116 117 118 120 118 118 117 116 115 114 113 113 112 111 109 108 107 106 105 104 103 55 54 53 51 43 42 41 40 39 38 37 37 37 59 57 56 56 56 55 54 51 49 48 47 22 22 22 22 15 15 15 15 15 15 2 8 8 8 8 8 10 10 10 13 16 18 19 21 22 23 23 41 42 43 43 44 44 45 45
98 101 102 103 104 105 106 107 109 110 111 112 114 115 116 117 119 119 119 118 117 117 116 115 114 113 112 110 109 109 108 107 106 105 104 56 55 47 45 44 43 42 41 40 39 38 37 37 59 57 56 58 58 57 56 54 49 48 48 23 23 22 22 16 16 15 15 15 15 2 8 8 8 8 8 12 10 10 10 12 15 17 48 22 22 39 40 40 41 42 42 43 43 44
100 101 102 103 104 105 106 107 108 109 112 113 114 115 117 117 118 118 119 118 118 117 116 115 115 113 112 111 110 109 108 107 106 105 97 50 49 47 46 45 44 43 41 40 39 38 37 61 59 58 59 60 60 59 57 55 52 49 49 48 23 23 17 16 16 16 16 15 15 8 8 8 8 8 8 41 41 39 39 39 39 42 45 46 65 66 67 68 69 69 42 42 42 43
100 101 102 103 104 105 106 107 109 110 111 112 114 115 116 117 118 118 118 118 117 117 116 115 114 113 112 112 111 110 109 101 100 99 98 49 48 47 46 45 44 43 42 41 40 39 38 61 60 59 60 61 61 61 59 57 53 49 49 49 24 17 17 17 17 16 16 16 22 8 8 8 37 37 37 37 41 41 39 39 39 39 39 59 62 63 65 66 67 68 68 69 70 43
99 100 101 103 104 105 107 108 109 110 112 113 113 114 116 117 117 117 118 118 117 116 116 116 115 114 113 112 104 103 102 101 100 99 98 50 49 48 47 46 45 44 43 42 41 38 38 61 60 60 62 63 63 63 60 58 55 51 50 49 18 18 18 17 17 17 17 16 22 9 38 37 37 37 37 37 41 41 41 41 39 39 56 56 56 59 61 63 64 65 66 67 68 69
99 100 101 102 103 105 106 107 109 110 111 113 114 114 115 117 117 117 117 117 117 116 116 115 107 106 106 105 104 103 102 101 100 99 98 50 49 48 47 46 45 44 43 41 40 39 38 62 61 62 64 64 64 64 62 59 56 52 50 50 19 19 18 18 18 18 17 23 52 38 38 38 37 37 37 37 37 41 41 41 41 39 56 56 56 56 56 58 61 62 63 65 66 67
99 100 101 103 104 105 107 108 109 110 111 112 113 115 115 116 116 117 117 117 109 109 108 108 107 107 106 105 104 103 103 102 101 100 99 51 50 49 48 47 45 44 43 42 41 40 39 62 61 63 65 66 66 65 62 60 57 54 51 45 19 19 19 19 18 18 53 52 52 39 39 38 38 38 37 37 37 41 41 41 41 58 56 56 56 56 56 56 56 56 59 62 63 64
96 96 96 96 96 98 99 100 102 103 104 105 106 107 107 109 109 109 109 109 109 109 108 107 107 107 106 105 104 103 102 101 100 99 98 50 49 48 48 46 45 44 43 42 41 40 64 63 62 65 67 67 66 66 64 62 59 55 45 45 45 20 19 19 19 48 53 53 53 39 39 39 38 38 38 37 37 37 41 41 58 58 58 56 56 56 56 56 56 57 57 57 57 60
96 96 96 96 97 98 100 100 101 102 104 105 105 107 107 107 108 109 109 108 108 108 108 108 107 106 105 105 105 104 103 102 101 100 99 51 50 49 48 47 46 45 44 43 42 41 65 63 63 65 67 68 68 67 66 63 60 51 47 46 45 20 20 20 48 54 54 53 53 40 40 39 39 39 38 38 38 37 41 41 58 58 58 58 58 56 56 56 56 57 57 57 58 58
126 127 129 96 96 98 99 100 102 102 103 105 105 106 106 107 108 108 108 108 108 108 107 107 107 106 106 105 104 103 102 101 100 100 99 51 50 49 48 47 46 45 44 43 41 41 64 63 64 67 69 70 70 68 67 65 56 53 48 46 46 21 49 49 49 55 54 54 54 40 40 40 39 39 39 38 38 38 38 58 58 58 58 58 58 58 56 56 57 57 57 58 58 58
126 128 129 131 132 132 134 135 102 102 103 104 104 106 106 106 106 108 107 107 107 108 107 107 106 105 105 105 104 103 103 102 101 100 99 51 50 49 48 47 46 45 44 43 42 41 65 64 66 69 70 71 71 70 68 60 57 54 50 47 46 50 50 50 55 55 55 55 54 41 41 40 40 40 39 39 38 38 38 54 58 58 58 58 58 58 58 57 57 57 58 58 58 59
126 127 129 130 131 133 133 134 136 137 137 104 104 105 105 106 106 106 106 107 107 107 106 106 106 106 105 104 103 103 102 102 101 100 52 51 50 49 49 48 47 46 45 44 43 42 65 64 66 69 71 71 71 70 62 60 59 56 51 47 47 51 50 50 56 56 55 55 42 41 41 41 61 40 40 39 39 39 55 55 58 58 58 58 58 58 59 59 57 57 58 58 59 61
126 128 128 129 131 132 134 134 135 137 137 138 138 140 105 105 106 106 106 106 106 107 106 106 105 105 105 104 104 103 102 101 100 100 52 51 50 49 48 47 46 45 44 43 42 42 65 64 68 71 72 72 72 65 64 62 59 57 53 48 77 51 51 78 77 77 77 77 63 63 63 62 62 61 61 61 60 60 77 76 76 79 58 58 58 59 59 59 59 58 58 58 61 62
158 128 129 130 130 132 133 134 135 136 136 138 138 139 140 140 140 106 106 106 106 106 105 106 105 105 104 104 103 103 102 102 101 100 52 51 50 49 48 47 47 46 45 44 43 42 66 66 69 72 73 74 68 67 65 63 61 59 55 99 98 73 73 78 78 78 77 77 64 63 63 63 62 62 62 61 61 60 77 77 76 76 79 79 79 80 59 59 60 70 58 60 61 63
157 128 128 129 131 131 132 134 134 136 136 137 137 139 139 139 140 140 140 106 115 106 105 105 105 105 104 104 103 102 102 101 100 99 52 52 51 50 49 48 47 46 45 43 43 66 66 66 70 72 74 69 68 67 66 65 63 80 106 101 99 98 79 79 78 78 78 78 64 64 63 63 63 62 62 62 61 78 78 77 77 76 76 91 92 92 92 93 72 72 71 73 74 75
158 158 128 129 130 131 132 133 134 144 144 146 146 146 148 148 148 148 149 149 149 113 114 114 113 113 112 112 112 111 111 110 100 99 52 51 50 49 48 47 46 45 45 44 43 67 66 68 72 73 69 69 69 68 88 86 85 82 108 102 99 99 80 79 79 79 78 65 65 64 64 64 63 63 63 62 62 78 78 78 89 89 88 89 92 92 92 93 93 93 95 74 75 77
157 159 128 128 139 140 140 142 142 143 144 145 145 146 147 147 148 148 148 148 149 148 148 113 112 113 112 112 111 111 110 109 109 62 61 60 59 49 49 48 47 46 45 44 43 66 66 68 67 68 69 70 90 89 89 88 86 112 109 104 100 99 80 80 79 79 79 65 65 65 64 64 64 63 63 63 62 79 90 90 90 89 89 89 89 92 93 93 93 95 96 97 97 78
166 167 168 137 138 140 140 141 142 143 143 145 145 145 147 147 147 147 148 148 148 147 148 148 112 112 111 112 111 111 110 109 109 61 60 59 59 58 57 56 55 45 44 43 43 67 66 66 67 69 91 91 91 91 90 88 87 113 110 105 100 106 81 80 80 80 79 66 66 65 65 65 64 64 63 63 80 91 91 90 90 90 90 90 89 90 93 93 93 95 96 98 100 100
165 166 168 137 138 139 139 141 141 142 143 144 144 145 145 146 147 147 147 147 147 147 147 147 147 147 111 111 110 110 110 110 109 61 60 60 59 58 57 56 55 55 54 53 43 67 66 66 67 90 91 92 92 91 91 90 117 114 111 107 101 106 81 81 80 80 67 66 66 66 65 65 65 64 64 63 92 92 91 91 90 90 91 90 90 90 90 94 95 97 98 100 101 115
165 166 167 137 137 138 139 140 141 142 142 144 144 144 145 146 146 146 147 147 146 146 147 147 146 146 145 111 110 110 109 109 61 60 60 59 59 58 57 57 56 54 53 52 45 69 69 86 90 92 92 92 92 93 92 90 118 116 113 107 102 107 82 81 81 81 67 67 67 66 66 65 65 65 76 76 92 92 92 91 91 91 91 91 93 94 93 95 99 100 101 104 119 121
165 165 167 136 137 138 138 140 140 141 142 143 143 144 144 144 146 146 146 146 146 146 146 146 146 146 145 145 144 110 109 109 61 60 60 59 58 57 57 56 55 54 47 47 46 70 91 96 98 92 92 93 94 93 93 121 119 117 113 109 109 107 82 82 81 81 68 67 67 67 66 66 66 77 77 76 93 92 92 92 91 93 93 94 95 96 96 97 99 99 106 121 123 124
164 166 166 136 136 137 139 139 139 141 141 143 143 143 144 144 144 144 145 145 145 146 146 146 145 145 145 145 145 144 108 61 60 61 60 59 58 58 57 56 49 49 48 47 46 90 91 96 99 102 103 93 94 95 94 122 120 118 115 110 110 108 83 82 82 69 68 68 67 67 67 66 66 78 77 77 93 93 92 93 95 96 97 98 99 99 100 100 101 103 119 125 125 128
164 165 166 135 135 137 138 139 139 140 141 142 142 143 143 143 144 144 144 145 145 145 145 146 145 145 144 144 145 144 143 61 60 60 59 58 58 57 50 49 49 48 48 67 66 90 93 97 100 101 102 104 105 96 95 123 121 119 115 111 112 108 83 83 82 69 69 68 68 68 67 67 78 78 78 77 94 93 94 95 97 99 99 101 102 102 103 104 105 107 122 124 125 130
163 165 165 134 136 136 138 138 138 140 140 140 142 142 143 143 143 143 144 144 144 145 145 144 144 145 144 144 144 143 143 96 95 60 59 52 52 51 50 50 49 48 68 67 92 91 93 97 100 102 104 105 105 106 134 124 122 120 117 118 113 109 109 83 70 69 69 69 68 68 68 79 79 78 78 78 94 95 96 98 100 101 102 104 104 106 107 106 110 125 127 126 129 129
158 158 158 134 135 136 137 137 138 139 140 140 141 142 142 142 143 143 143 144 144 144 144 144 144 144 143 143 144 143 96 95 88 88 52 52 51 50 51 49 49 68 68 67 91 90 93 97 101 102 104 106 107 107 135 134 132 121 117 119 114 109 109 84 70 70 70 69 69 68 80 80 79 79 78 78 96 97 99 101 103 103 106 106 108 109 109 109 127 128 129 130 131 132
