testData/tiles/smallerCosts/grid30.0-40.0-40.0-50.0.asc
ncols   200
nrows   200
xllcorner   30.0
yllcorner   40.0
cellsize   0.05
NODATA_value   -9999.0
[rows 126 to 167 of 200, columns 0 to 93 of 200]
174 173 174 174 174 196 195 199 203 242 244 247 249 252 255 292 295 297 298 298 328 330 331 331 331 332 332 333 384 383 384 367 366 368 368 368 367 368 367 367 366 364 365 362 361 360 359 352 350 303 302 300 298 296 293 279 279 279 279 279 279 279 279 279 279 279 279 279 279 279 279 279 279 279 279 279 279 279 285 279 279 279 279 279 279 288 291 308 311 313 314 341 343 349
174 174 174 174 197 197 197 200 205 208 245 248 251 254 256 294 296 298 299 301 329 330 331 332 333 334 333 334 334 334 334 368 369 369 369 369 369 369 368 369 367 366 364 364 362 362 353 352 350 304 304 302 299 303 308 279 279 279 279 279 279 279 279 279 279 279 279 279 279 279 279 279 279 279 279 279 279 279 279 279 279 279 279 279 293 295 314 316 317 320 322 349 351 357
175 175 175 174 197 197 199 204 207 209 247 249 253 255 294 295 297 299 301 302 330 331 332 333 334 334 335 334 335 335 336 336 336 336 370 370 371 370 370 369 369 368 366 364 355 354 354 354 352 305 310 317 320 320 321 285 285 283 281 280 282 279 279 279 279 279 279 279 279 279 279 279 279 279 279 279 279 279 279 279 279 279 279 279 298 317 321 321 324 326 328 355 358 364
175 175 175 175 197 197 201 206 209 211 214 250 254 256 295 296 298 300 302 303 331 332 333 334 335 335 336 336 336 337 338 336 336 336 336 336 336 372 372 370 370 368 368 358 356 356 355 354 366 325 328 329 331 331 331 296 293 292 289 286 288 279 279 279 279 279 279 279 279 279 279 279 279 279 279 279 279 279 279 279 279 279 279 283 303 323 325 328 331 332 334 361 363 369
175 175 175 176 199 197 203 207 211 213 215 217 254 294 295 297 300 301 303 304 305 333 334 335 335 336 336 337 338 338 340 336 336 336 336 336 336 336 336 336 336 336 360 359 358 361 371 375 378 335 337 338 339 339 339 302 302 300 297 292 294 279 279 279 279 279 279 279 279 279 279 279 279 279 279 279 279 279 279 279 282 282 283 304 325 328 330 333 337 337 340 366 369 373
175 175 176 199 198 200 204 208 212 214 216 218 220 294 296 298 301 302 303 304 306 334 334 335 336 336 337 337 339 339 340 336 336 336 336 336 336 336 336 336 336 336 336 336 336 336 336 336 337 294 294 294 294 294 294 279 279 279 279 279 279 279 279 279 279 279 279 279 279 279 279 279 279 279 279 279 279 279 279 279 287 286 288 309 328 332 336 339 340 342 343 371 373 378
175 176 176 198 198 202 205 209 213 215 216 219 257 295 297 299 301 303 304 305 306 307 335 336 336 337 338 339 340 341 342 336 336 336 336 336 336 336 336 336 336 336 336 336 336 336 339 341 342 299 300 300 300 300 298 279 279 279 279 279 279 279 279 279 279 279 279 279 279 279 279 279 279 279 279 279 279 279 279 279 290 290 308 328 333 337 338 342 345 347 349 375 377 380
174 175 175 198 198 203 206 209 213 216 217 220 258 261 298 299 302 303 305 306 307 308 337 336 337 338 339 341 342 341 342 336 336 336 336 336 336 336 336 336 336 336 338 340 341 344 346 347 349 304 305 305 304 305 303 279 279 279 279 279 279 279 279 279 279 279 279 279 279 279 279 279 279 279 279 279 279 279 279 279 294 293 311 331 335 340 343 346 349 350 354 380 382 383
169 175 175 198 199 203 206 210 213 216 218 256 258 261 263 300 302 304 305 306 307 308 336 337 338 338 340 341 342 343 344 336 336 336 336 336 336 336 336 336 340 343 345 346 347 348 350 353 353 309 309 309 309 308 308 279 279 279 279 279 279 279 279 279 279 279 279 279 279 279 279 279 279 279 279 279 279 279 279 279 297 298 330 334 339 343 346 350 353 355 357 358 385 386
169 169 197 197 199 204 207 211 214 217 218 257 259 262 264 265 303 304 306 307 308 309 310 337 338 340 341 343 344 343 336 336 336 336 336 336 336 336 340 345 348 349 351 352 352 354 356 356 357 313 313 314 313 313 312 279 279 279 279 279 279 279 279 279 279 279 279 279 279 279 279 279 279 279 279 279 279 279 279 279 301 300 333 337 342 347 350 352 355 358 360 363 389 391
169 169 196 197 200 203 207 211 214 216 218 257 260 262 264 266 268 305 306 307 308 309 310 338 338 340 334 335 336 337 338 336 336 336 336 336 338 343 347 349 353 355 356 356 356 359 360 360 361 317 316 316 316 315 315 279 279 279 279 279 279 279 279 279 279 279 279 279 279 279 279 279 279 279 279 279 279 279 279 279 279 337 338 339 345 349 352 356 358 361 364 365 392 393
169 169 184 195 199 204 208 211 214 216 219 257 260 262 265 266 268 270 306 308 309 309 310 303 331 332 334 335 336 337 338 336 336 336 336 341 347 350 353 355 357 359 359 360 362 363 363 365 365 320 320 321 320 319 318 281 279 279 279 279 279 279 279 279 279 279 279 279 279 279 279 279 279 279 279 279 279 279 279 279 279 341 341 342 347 350 355 359 362 363 366 368 394 395
169 169 183 183 199 203 207 211 213 216 255 257 260 262 265 267 268 269 264 300 301 302 303 303 332 334 335 336 337 338 338 336 336 336 342 348 351 356 357 360 361 362 364 365 365 366 368 367 368 323 324 323 322 322 321 285 283 282 279 279 279 279 279 279 279 279 279 279 279 279 280 280 281 280 280 280 280 280 280 280 280 343 343 344 348 352 357 360 363 366 368 370 396 399
169 169 174 174 190 195 200 202 205 208 246 250 253 255 256 259 260 262 263 265 266 302 303 304 262 334 334 336 337 338 339 336 337 344 349 353 357 359 362 364 365 367 368 368 368 370 370 371 370 327 326 326 326 325 324 288 286 284 282 279 279 279 279 279 279 279 279 279 279 283 282 282 283 283 282 282 282 282 283 283 301 346 347 346 348 354 358 361 365 367 370 372 373 401
180 169 173 173 180 195 198 202 205 208 247 250 252 255 257 258 261 262 263 264 265 267 303 304 262 333 335 336 337 338 339 337 343 350 354 358 360 362 365 367 369 369 370 369 370 372 373 373 375 329 329 329 328 328 327 290 289 287 284 280 279 279 279 279 279 279 279 279 279 284 285 284 284 284 284 284 284 284 284 285 303 319 349 349 350 355 359 363 366 369 372 373 375 403
178 178 201 202 180 183 198 201 205 208 247 249 252 254 257 258 260 262 263 265 266 267 267 303 262 262 336 337 337 338 354 343 350 353 358 361 365 366 368 369 371 371 372 373 374 375 375 376 332 331 331 330 331 330 329 293 291 289 286 283 279 279 279 279 279 279 279 279 285 286 286 287 286 286 286 285 287 286 287 288 305 322 352 352 353 355 360 364 368 371 372 376 377 405
177 177 200 202 208 183 186 201 204 208 247 249 253 254 256 259 260 261 264 265 266 267 268 269 262 262 264 336 338 351 359 348 354 357 361 365 366 369 371 372 373 374 375 375 376 377 378 378 333 334 333 333 333 331 295 294 292 290 288 285 281 279 279 279 279 279 279 279 287 287 288 288 287 288 288 287 288 289 289 290 307 324 324 354 354 355 361 365 368 371 375 377 379 407
177 177 198 200 206 210 215 201 204 208 246 250 252 254 256 258 260 262 263 264 266 267 268 269 271 242 263 336 348 358 364 352 356 360 363 367 369 370 372 374 374 375 376 378 378 379 380 381 335 335 335 335 335 334 297 296 294 292 289 286 283 279 279 319 279 279 279 279 288 289 289 289 290 289 289 290 289 291 291 293 326 327 327 357 356 356 360 364 368 371 374 378 379 349
177 177 197 200 205 210 215 219 233 208 246 249 252 254 256 258 259 262 263 264 265 266 267 268 270 242 242 242 355 363 368 354 359 363 366 368 370 374 374 376 376 377 378 379 380 380 382 382 337 337 337 337 336 335 298 297 359 357 355 351 348 344 343 320 321 321 322 354 355 354 354 291 291 290 290 291 292 293 293 311 311 328 329 330 359 359 360 364 368 372 375 343 346 348
177 197 196 198 204 209 214 218 222 237 246 249 251 254 255 258 259 261 262 264 265 266 267 268 270 242 242 244 253 366 370 357 362 365 367 370 372 374 375 377 377 377 379 381 381 382 383 339 338 338 338 338 338 401 365 362 360 358 356 353 349 345 344 321 322 322 323 355 356 355 355 356 356 355 292 293 293 294 295 313 313 330 330 331 360 362 361 364 368 372 340 343 346 349
176 176 196 198 204 209 214 218 221 261 275 249 251 253 255 257 258 261 262 263 264 265 266 267 269 242 242 249 255 261 320 358 363 366 369 371 373 376 377 378 378 379 381 382 383 383 385 340 339 339 340 404 403 367 365 364 361 359 357 355 350 346 345 322 323 323 324 356 357 356 356 357 357 356 357 359 295 296 296 314 316 332 332 333 333 363 362 362 335 337 339 344 346 397
176 176 196 197 203 208 213 217 221 224 263 278 251 252 254 257 258 260 261 263 264 265 266 267 269 242 242 250 258 264 321 325 329 368 369 372 374 375 377 378 378 380 382 383 384 384 386 341 340 404 405 404 404 368 366 365 362 360 358 355 351 346 346 323 324 324 357 357 358 357 357 358 358 358 358 359 360 362 298 316 316 333 333 335 335 364 335 335 335 335 338 389 393 396
176 176 199 197 203 207 212 216 220 224 262 265 280 252 254 256 257 259 261 262 263 264 265 266 268 242 246 253 260 265 252 326 330 333 335 373 375 376 377 378 379 381 383 384 385 385 385 405 405 405 406 405 370 368 367 365 363 361 359 356 352 347 346 324 325 325 358 358 358 358 358 358 359 359 360 361 361 362 363 381 318 335 335 335 335 335 335 335 335 335 385 389 392 395
176 176 199 200 202 207 212 216 219 223 262 264 267 280 254 254 257 258 259 261 262 263 263 265 267 242 248 255 261 266 252 255 331 332 336 338 340 342 378 379 380 382 383 385 386 386 406 406 406 405 405 405 369 368 367 366 364 362 360 356 352 348 347 325 325 326 358 359 358 358 359 359 360 360 361 362 362 364 364 382 382 335 335 335 335 335 335 335 335 380 384 387 391 394
176 176 199 199 202 206 210 215 219 221 261 264 266 269 282 254 256 257 258 260 261 262 263 265 271 242 249 256 261 248 252 256 259 333 336 338 340 342 343 345 346 383 384 384 450 450 406 407 407 406 406 406 370 369 368 366 365 362 359 356 353 348 348 325 326 358 359 359 359 359 359 360 360 360 362 363 364 365 331 349 349 366 366 335 335 335 335 380 380 381 381 386 391 394
176 176 199 199 204 206 210 213 217 221 259 263 265 268 269 254 254 256 258 259 260 261 262 263 275 242 250 256 260 247 252 256 259 261 336 337 339 341 342 345 346 348 349 414 450 406 406 407 407 407 406 371 371 370 368 366 364 362 360 356 352 348 348 326 326 359 359 359 359 360 360 360 360 362 363 329 329 330 331 349 349 350 367 367 335 335 352 352 381 382 382 384 387 392
176 176 199 199 204 208 209 213 216 220 258 261 264 266 269 271 243 255 257 258 259 260 261 261 276 242 249 256 260 247 252 255 258 260 263 337 339 341 343 345 347 347 414 414 415 371 371 371 407 407 406 370 369 369 368 367 365 362 359 356 353 348 349 326 327 359 359 359 360 360 360 326 326 327 327 329 331 331 332 349 351 351 368 368 369 352 352 353 354 383 383 384 386 388
176 176 199 199 203 208 209 212 215 218 257 260 263 265 268 269 243 243 255 257 258 258 259 260 277 241 249 255 260 247 251 253 257 260 261 264 340 341 343 344 347 412 413 414 370 372 371 371 371 371 337 336 335 333 333 331 329 327 325 321 317 314 314 292 292 324 324 325 325 325 325 326 326 328 329 330 331 331 333 350 351 351 353 369 416 417 353 353 355 359 385 384 385 387
176 176 199 199 202 207 211 212 215 218 256 258 262 263 266 268 269 243 243 244 256 257 258 259 277 241 248 255 241 246 250 253 256 259 261 265 266 341 342 345 409 412 413 414 370 370 371 371 371 336 336 335 335 333 332 330 328 327 324 320 316 314 313 291 291 324 324 325 325 325 325 326 327 328 329 330 331 332 332 350 351 352 356 420 420 422 422 358 358 359 361 389 390 390
178 177 199 199 201 206 210 214 214 217 220 258 260 262 265 266 268 270 242 243 244 256 257 257 275 240 246 253 239 244 248 251 255 257 261 264 266 269 342 409 410 411 413 368 370 370 370 371 371 335 335 335 334 333 332 330 327 325 322 319 314 313 313 291 324 324 324 325 324 325 326 326 326 328 330 330 331 332 332 355 355 356 403 405 421 421 422 423 359 360 360 361 389 390
180 178 178 199 200 205 209 213 213 216 219 257 259 261 263 265 266 269 240 241 242 243 244 259 275 238 246 233 237 243 247 250 254 257 261 263 265 267 334 335 410 410 412 367 368 369 369 370 335 335 334 333 332 332 331 329 326 324 321 318 313 313 291 291 324 324 324 324 324 325 326 325 327 329 329 330 331 336 354 354 356 403 404 404 421 421 422 423 424 360 361 362 361 380
182 180 178 200 200 204 208 212 216 216 218 257 259 261 263 264 266 267 240 240 241 242 243 243 272 237 243 232 237 241 245 250 254 257 259 262 264 331 333 335 337 409 366 367 368 368 369 334 334 334 334 333 332 331 329 329 326 323 320 317 312 313 290 291 323 323 323 324 324 325 325 325 327 328 329 330 335 336 337 354 403 403 449 404 405 422 422 423 423 424 361 361 361 361
184 182 180 201 200 203 207 211 215 215 217 256 258 260 262 264 265 267 268 239 240 241 242 243 260 223 242 230 235 240 245 249 251 255 258 261 327 330 332 334 334 337 365 365 366 367 332 333 333 333 332 332 331 330 328 326 324 321 318 314 311 312 289 290 322 323 323 324 323 323 325 326 326 328 334 334 335 336 383 448 448 449 450 450 451 467 467 424 423 413 413 361 361 361
185 183 182 203 201 201 206 210 214 217 217 219 257 259 261 263 265 266 267 239 240 241 241 242 258 221 211 217 234 238 242 246 250 254 256 259 327 328 330 331 334 290 291 293 365 331 331 331 332 331 331 330 329 328 327 325 323 320 317 312 311 312 289 290 322 323 322 323 323 323 325 325 326 332 333 334 381 382 430 447 448 449 450 450 450 452 469 457 458 413 424 361 361 362
154 185 183 183 202 201 205 209 213 216 216 218 256 259 260 262 264 265 267 239 239 240 241 242 255 220 208 215 220 225 242 246 248 252 256 321 324 327 328 331 332 289 290 291 257 329 330 330 330 329 329 329 327 326 325 323 321 318 315 310 311 288 288 288 321 321 322 322 323 323 323 325 330 331 332 379 381 429 429 447 448 449 449 449 451 448 448 466 468 468 423 423 362 364
154 154 184 183 203 201 203 208 211 215 218 217 220 258 260 261 263 264 266 267 238 239 240 241 252 199 207 212 218 223 228 232 247 250 317 320 323 324 327 328 286 287 288 254 254 256 256 327 328 328 328 327 327 325 324 321 318 316 312 308 309 287 287 288 320 321 321 321 321 323 323 327 329 331 377 379 380 427 428 446 447 447 448 446 446 448 449 450 466 466 468 425 427 365
155 154 154 183 204 202 201 206 210 213 216 216 219 257 259 260 262 264 265 266 237 238 239 240 245 198 204 210 216 221 226 229 233 236 304 317 321 323 325 282 283 285 251 252 253 253 254 255 254 325 326 325 324 322 320 318 317 313 309 308 309 286 287 286 319 319 320 320 321 321 325 328 329 375 376 379 426 427 428 446 435 436 437 446 447 447 448 448 450 468 470 471 429 367
156 154 154 154 205 203 201 204 209 212 215 215 217 220 258 259 261 263 264 265 236 237 238 239 222 198 201 208 212 218 222 228 232 298 301 304 307 310 323 280 281 247 249 249 250 251 252 252 252 251 251 322 321 320 318 316 314 310 306 306 307 285 285 286 318 319 319 319 319 324 326 326 373 375 376 424 425 414 416 433 434 444 444 445 445 447 449 449 450 453 471 473 477 433
157 154 154 154 154 168 201 203 207 211 214 217 216 218 257 258 260 262 263 264 236 237 238 220 198 198 198 204 210 214 220 224 292 296 299 301 305 307 264 232 232 245 247 247 249 248 249 250 249 248 250 248 247 246 316 313 310 307 305 306 283 283 283 284 317 317 318 318 322 323 324 371 372 374 374 411 412 414 415 442 442 443 445 445 445 446 447 448 452 452 475 473 477 479
157 155 154 154 154 169 167 200 205 209 212 215 215 217 219 257 259 261 262 263 235 236 237 219 198 198 198 200 206 212 216 220 289 293 296 299 301 259 226 228 229 231 233 234 235 235 247 247 246 246 246 245 244 243 241 239 307 303 303 304 281 282 283 315 316 316 316 316 321 311 311 359 360 362 409 410 411 422 441 459 461 462 462 462 464 464 466 469 471 474 476 479 482 412
158 156 154 154 154 154 167 165 168 207 211 214 214 216 218 256 258 259 261 262 234 235 218 218 198 198 198 198 202 208 213 281 285 289 293 296 218 221 223 225 227 228 231 231 232 232 233 233 233 232 232 232 231 229 227 224 220 217 218 198 268 269 270 270 303 303 304 308 308 309 356 358 358 426 426 437 439 439 440 458 460 460 462 463 463 464 466 469 472 403 405 407 411 412
158 156 154 154 154 154 167 165 166 170 174 177 215 215 217 219 257 258 260 261 232 215 216 217 198 198 198 198 198 204 209 277 282 250 254 212 215 217 220 222 224 224 226 227 228 229 229 230 230 229 229 228 227 225 223 219 217 216 217 198 198 198 198 198 301 301 306 306 307 353 373 375 376 424 434 435 437 437 439 459 460 462 463 464 465 394 396 397 401 403 406 409 412 414
