testData/tiles/smallerCosts/grid40.0-10.0-50.0-20.0.asc
ncols   200
nrows   200
xllcorner   40.0
yllcorner   10.0
cellsize   0.05
NODATA_value   -9999.0
[rows 42 to 83 of 200, columns 0 to 93 of 200]
283 276 276 276 276 276 276 276 276 292 293 294 295 297 300 302 305 308 309 312 313 316 317 252 252 252 252 252 252 255 257 255 255 258 258 260 261 268 270 271 272 272 272 274 273 232 233 233 233 218 217 214 214 213 211 210 208 208 208 208 207 221 227 233 237 239 242 243 245 247 247 249 250 249 250 249 250 250 249 248 248 258 258 256 255 255 209 209 207 206 205 204 203 202
279 276 276 276 276 276 276 276 289 290 291 292 294 296 299 301 305 306 309 312 313 315 316 290 252 252 252 252 252 252 254 257 255 255 258 259 260 261 262 269 270 270 270 271 271 230 229 230 215 215 213 212 210 210 210 208 208 207 206 206 222 228 233 238 240 243 244 247 248 250 250 251 252 251 252 252 252 252 250 250 249 249 260 258 258 257 211 211 211 210 209 208 200 199
280 276 276 276 276 276 276 286 287 287 288 291 294 297 299 301 302 306 308 310 312 313 286 287 290 252 252 252 252 252 253 255 258 255 255 257 258 260 260 260 262 262 269 268 268 228 213 213 213 213 211 210 209 207 208 208 207 206 206 221 228 234 238 241 244 245 248 249 251 252 253 253 253 253 254 255 254 253 252 252 250 250 250 260 261 215 215 215 214 206 205 204 203 202
280 279 276 276 276 276 283 284 285 286 288 291 294 297 298 301 303 304 307 309 310 313 286 288 289 252 252 252 252 252 254 255 255 254 254 255 256 257 258 259 260 260 260 261 260 212 212 212 213 211 210 209 207 207 206 206 206 206 221 227 233 237 240 243 245 247 249 251 252 254 254 254 256 255 256 256 255 255 254 254 252 252 251 250 264 218 211 211 210 209 208 207 206 205
280 279 276 276 276 283 283 284 285 287 289 292 295 297 300 302 303 305 308 309 312 312 286 287 289 291 252 252 252 252 253 255 255 256 253 255 255 255 257 257 257 257 258 244 245 204 204 203 203 210 209 209 209 207 206 206 206 220 227 232 237 240 244 246 248 249 251 253 255 254 256 257 257 257 258 257 257 257 256 257 255 255 247 246 215 215 215 214 213 212 211 210 210 209
280 279 276 276 283 283 283 283 285 288 291 293 296 299 300 302 304 307 308 310 311 285 286 287 290 291 292 252 252 252 253 254 256 257 253 253 253 254 255 255 255 242 242 241 241 203 203 203 203 203 204 203 203 203 206 206 219 227 233 238 241 245 247 249 251 253 255 256 256 258 258 260 259 260 260 260 260 253 252 252 250 250 250 249 215 215 217 217 216 215 214 214 213 212
280 279 276 276 283 283 283 283 286 289 291 294 296 299 301 303 305 307 309 310 312 285 285 288 289 291 292 293 252 252 253 254 255 255 257 252 253 253 254 240 241 241 242 242 243 203 204 204 204 203 203 203 203 203 203 211 219 226 230 234 237 240 243 245 247 249 250 251 252 324 256 256 256 256 256 255 255 254 254 252 252 252 252 252 215 215 215 219 218 218 217 217 216 215
280 279 276 284 284 283 283 285 287 290 293 295 298 300 301 304 306 308 309 311 284 285 286 287 289 291 291 293 252 252 253 253 255 255 256 251 253 239 239 240 240 240 241 241 242 203 203 203 203 203 203 203 203 203 212 217 225 229 234 238 240 243 245 248 250 251 252 324 325 327 327 328 257 257 256 257 257 256 256 255 255 254 255 215 215 215 215 215 215 220 219 219 218 217
240 279 284 284 283 283 285 287 289 290 293 296 298 300 303 305 306 308 310 311 284 284 286 288 289 290 291 293 294 252 252 253 254 255 256 243 239 239 239 239 241 241 241 241 242 203 203 203 203 203 203 203 203 203 216 224 229 234 237 241 244 246 248 251 251 253 254 326 328 328 329 329 259 259 259 259 258 258 257 257 257 257 215 215 215 215 215 215 215 215 222 221 221 220
240 298 284 284 283 284 286 288 290 292 294 297 298 300 303 305 307 308 310 312 284 285 286 288 290 290 291 293 293 295 251 253 240 241 241 242 239 239 239 239 239 240 241 241 241 203 203 203 203 203 203 203 203 214 223 229 234 237 241 244 246 248 250 252 254 255 327 329 329 330 331 331 260 261 261 260 260 260 259 259 259 259 215 215 215 215 215 215 215 215 215 223 222 222
240 253 284 284 283 285 288 290 291 293 294 297 299 301 303 305 307 309 310 283 284 285 287 288 289 290 292 292 294 280 240 240 240 240 241 241 239 239 239 239 239 239 241 242 242 203 203 204 204 203 203 203 203 220 228 233 236 240 242 245 248 250 253 254 256 257 258 330 331 332 332 333 262 262 262 262 262 261 261 260 261 216 216 216 216 216 216 215 215 215 215 215 215 223
240 240 270 284 285 287 289 291 292 294 295 297 299 301 303 305 306 308 281 283 284 286 287 288 280 280 280 280 280 280 282 240 240 240 240 241 241 239 239 239 239 239 240 241 242 203 203 203 203 203 204 204 217 226 232 237 239 242 245 248 250 253 254 256 257 259 260 332 333 333 334 334 263 263 263 263 262 262 262 263 263 218 219 218 218 218 217 217 216 216 216 215 215 215
240 240 240 271 272 274 276 278 279 281 282 284 285 287 289 291 293 295 280 280 280 280 280 280 280 280 280 280 280 281 281 283 240 240 240 241 242 239 239 239 239 239 242 242 243 203 204 203 203 203 203 215 222 230 235 238 243 245 247 250 252 254 256 257 259 260 262 262 263 264 264 264 265 265 265 264 264 263 264 265 220 220 220 220 220 220 219 218 219 218 217 217 216 215
240 240 240 240 273 275 277 279 280 282 283 284 286 288 289 291 293 280 280 280 280 280 280 280 280 280 280 280 280 280 282 282 240 240 241 241 241 239 239 239 239 240 241 241 243 203 203 203 204 205 205 217 227 233 238 242 245 247 249 251 254 255 258 260 260 262 262 263 265 264 265 266 266 265 265 266 265 266 266 222 222 221 222 221 222 221 221 221 220 220 219 218 217 217
240 240 240 240 240 276 278 280 281 283 284 285 286 288 290 292 293 280 280 280 280 280 280 280 280 280 280 280 280 281 281 282 283 240 240 241 242 242 239 239 239 239 241 242 242 203 203 204 204 204 216 224 230 235 240 244 247 248 251 253 255 257 258 260 261 263 264 264 265 265 267 266 266 267 267 266 267 268 223 223 223 223 223 223 223 223 222 223 222 221 221 220 219 218
240 240 240 240 240 277 279 281 282 283 285 286 287 288 289 291 280 280 280 280 280 280 280 280 280 280 280 280 280 280 281 282 283 240 240 241 241 242 239 239 239 241 241 242 243 203 204 204 204 204 217 227 234 238 242 246 249 252 253 254 257 258 261 261 262 263 265 265 266 266 267 267 268 267 267 268 268 269 224 224 225 224 225 224 225 224 224 224 223 223 222 221 221 220
240 240 240 240 240 240 280 281 283 284 285 287 288 289 290 280 280 280 280 280 280 280 280 280 280 280 280 280 280 280 281 282 282 283 240 240 241 241 239 239 239 240 242 242 242 203 203 204 204 204 222 230 236 241 244 247 250 252 254 255 257 259 261 262 264 264 265 266 267 267 268 268 268 268 269 269 270 225 225 226 226 226 226 226 226 226 225 225 225 224 224 223 222 196
240 240 240 240 240 240 240 304 283 285 286 287 288 289 280 280 280 280 280 280 280 280 280 280 280 280 280 280 280 280 281 281 282 283 240 240 240 242 242 239 239 240 241 241 241 203 203 203 203 215 225 232 238 243 246 249 252 254 256 256 259 260 261 263 264 265 266 267 267 267 268 269 269 269 270 271 227 227 227 227 228 227 228 227 227 227 227 226 225 226 225 224 224 198
264 250 252 253 255 257 258 260 306 307 309 310 311 312 284 285 286 287 280 280 280 280 280 280 280 280 280 280 280 280 280 281 282 283 283 240 241 241 241 239 239 239 240 241 242 202 202 202 203 219 228 234 240 243 247 250 253 254 257 258 259 261 262 264 265 265 266 268 268 268 269 269 270 271 271 228 228 227 228 229 228 229 228 229 228 229 228 227 227 226 226 225 199 198
265 251 252 254 256 257 259 260 262 308 309 310 311 284 284 285 286 287 288 289 291 292 280 280 280 280 280 280 280 280 280 281 281 282 282 240 240 240 241 239 239 241 241 241 202 202 203 203 203 221 229 235 240 245 248 250 253 256 257 258 259 261 263 264 266 266 267 267 268 268 269 271 271 272 228 228 228 229 229 229 229 230 230 230 230 229 229 229 228 228 227 201 201 200
266 252 253 255 256 258 259 261 262 263 310 311 283 284 285 286 287 288 288 289 290 292 293 294 296 280 280 280 280 280 280 280 281 281 283 283 240 240 240 239 239 240 240 241 202 202 202 202 214 224 230 237 242 246 250 252 254 257 258 259 261 262 263 264 265 266 268 268 269 269 270 271 272 228 228 229 229 230 231 230 231 230 231 230 231 230 230 229 230 229 203 203 202 201
267 268 253 255 257 258 260 261 263 264 265 282 283 284 285 286 287 288 289 290 290 291 293 293 295 296 297 298 280 280 280 280 280 281 282 282 240 240 240 243 238 239 239 241 202 202 202 202 217 227 234 239 242 292 250 252 254 257 259 260 260 262 264 264 265 266 267 268 269 271 271 272 233 233 233 234 235 234 235 236 235 236 235 236 235 237 236 236 235 234 209 208 207 207
268 269 254 256 257 259 260 262 263 264 238 238 239 285 286 287 287 288 289 290 291 291 292 293 294 295 296 297 299 299 280 280 280 281 281 282 240 240 241 242 238 238 240 240 202 202 202 202 220 228 235 286 290 293 296 299 255 257 260 260 261 261 263 264 270 271 271 273 274 275 234 234 234 235 236 236 237 238 238 238 238 239 240 239 240 239 238 239 238 213 212 211 211 210
268 269 254 256 258 259 261 262 264 238 238 238 239 240 286 287 288 289 289 290 291 292 292 293 294 294 296 296 298 298 300 300 280 280 280 281 281 240 240 241 237 238 239 239 202 202 202 213 221 229 281 286 290 296 296 299 302 261 263 264 265 265 267 269 271 272 275 276 276 235 235 236 236 237 238 240 240 241 240 241 241 241 241 242 242 242 242 241 216 215 214 214 213 212
306 270 272 257 258 260 261 263 238 238 238 238 239 240 241 287 288 289 290 290 291 292 293 293 294 294 295 296 297 298 299 299 300 301 280 280 280 240 240 240 237 237 238 202 202 202 202 212 222 230 281 287 312 326 318 304 306 263 265 265 268 268 269 271 273 275 276 279 235 235 236 238 240 240 241 241 241 242 243 242 244 243 244 244 244 244 243 218 218 217 217 216 215 214
306 308 272 257 259 260 238 238 238 238 238 239 240 241 242 242 243 289 290 291 291 292 293 293 294 295 295 296 296 297 298 299 299 300 301 301 280 281 240 240 236 237 237 202 202 202 202 212 227 281 286 294 322 352 330 309 307 264 267 267 269 270 272 274 275 276 235 235 236 238 238 239 241 242 242 243 244 243 244 244 245 246 245 246 245 245 220 220 219 218 218 217 216 216
307 309 273 257 259 238 238 238 238 238 238 239 240 241 242 243 244 244 245 291 292 292 293 294 294 295 295 296 296 297 297 298 298 300 300 300 301 281 240 240 236 236 236 202 202 202 202 217 228 236 287 293 313 328 321 307 308 266 267 269 271 273 273 275 233 233 235 236 238 239 239 240 241 243 243 244 245 245 245 246 246 246 246 247 246 222 221 221 220 220 220 219 219 192
307 309 311 258 238 238 238 238 238 238 238 239 240 241 242 243 244 245 245 246 292 292 293 294 294 295 296 296 297 297 298 298 298 299 299 300 300 302 260 239 236 236 236 202 202 202 202 220 229 237 288 294 297 303 305 307 309 266 269 271 272 273 275 232 233 235 235 237 239 278 242 242 243 244 245 244 246 247 247 247 247 247 248 247 223 222 222 221 221 221 220 219 192 192
307 309 282 267 238 238 238 238 238 238 238 239 240 241 242 243 244 245 245 246 247 248 248 294 295 295 296 296 297 297 298 298 299 299 299 300 300 301 260 260 236 238 202 202 202 202 202 221 230 237 242 293 298 302 305 309 265 267 269 272 229 229 230 232 234 236 238 276 277 279 280 280 244 245 246 246 247 247 247 248 248 248 248 224 224 223 223 223 223 222 221 192 192 192
279 280 282 284 269 238 238 238 238 238 238 239 240 241 242 243 244 245 246 246 247 248 248 249 250 295 296 296 297 297 298 298 299 299 299 300 300 301 303 264 260 239 202 202 202 202 203 222 231 238 244 248 252 256 260 263 265 268 226 227 229 229 230 233 235 236 276 276 278 280 281 282 282 245 246 246 247 247 248 249 249 249 224 224 224 223 224 223 223 222 221 192 192 192
279 281 282 284 269 238 238 238 238 238 238 239 240 241 242 243 244 245 246 246 247 248 248 249 250 250 251 251 297 297 298 298 299 299 299 300 300 302 303 264 260 261 221 202 202 202 203 223 232 239 244 249 253 257 261 219 220 224 226 228 229 231 232 233 235 237 276 276 279 281 281 282 282 245 246 247 248 249 248 249 249 224 224 224 224 224 224 223 223 222 192 192 192 192
279 281 282 284 269 270 238 238 238 238 238 239 240 241 242 243 244 245 246 246 247 248 248 249 250 250 251 251 252 252 253 253 299 299 300 300 300 303 308 264 260 221 223 223 202 203 204 224 232 239 244 204 209 212 216 219 222 224 226 228 230 232 232 233 235 275 276 279 280 294 282 282 282 245 246 247 248 249 249 249 225 224 225 224 224 224 224 223 223 192 192 192 192 192
217 281 282 284 269 270 272 238 238 238 238 239 240 241 242 243 244 245 246 246 247 248 249 249 250 250 251 251 252 252 253 253 254 254 255 255 255 258 259 263 215 192 192 192 192 192 192 192 192 195 200 204 208 212 216 219 222 224 226 228 230 232 232 233 235 237 276 278 279 281 281 282 282 245 246 247 248 249 224 224 225 224 225 224 224 224 224 223 192 192 192 192 192 192
217 219 282 284 269 270 272 238 238 238 238 239 240 241 242 243 244 245 246 246 247 248 248 249 250 250 251 251 252 252 253 253 254 254 255 255 256 258 259 263 215 192 192 192 192 192 192 192 192 194 200 205 208 211 216 219 221 223 226 228 230 231 232 233 235 237 276 278 278 280 281 282 282 245 246 247 247 223 224 224 225 224 225 224 224 224 224 192 192 192 192 192 192 192
217 219 220 284 286 270 271 273 238 238 238 239 240 241 242 243 244 245 246 246 247 248 248 249 250 250 251 251 252 252 253 253 254 254 254 255 256 258 259 260 192 192 192 192 192 192 192 192 192 194 199 204 209 211 215 219 221 223 225 229 230 231 232 232 234 237 238 276 278 279 280 281 244 245 246 247 222 223 222 223 223 223 223 224 224 224 192 192 192 192 192 192 192 192
198 218 220 222 224 270 271 273 238 238 238 239 240 241 242 243 244 245 246 246 247 248 248 249 250 250 251 251 252 252 253 253 254 254 254 255 256 257 259 260 192 192 192 192 192 192 192 199 192 193 198 203 207 210 214 217 220 223 225 227 229 229 231 232 234 235 237 237 240 241 242 243 243 244 220 220 222 222 222 223 223 223 223 223 192 192 192 192 192 192 192 192 192 192
198 198 220 222 223 208 271 273 274 238 238 239 240 241 242 243 244 245 245 246 247 248 248 249 250 250 251 251 252 252 253 253 254 254 254 255 256 257 259 220 192 192 192 192 192 192 192 197 206 193 196 202 206 210 213 216 219 222 224 226 227 229 230 231 233 234 237 237 238 240 241 241 242 219 220 220 221 221 221 222 222 222 222 192 192 192 192 192 192 192 192 192 192 192
198 198 198 198 223 208 209 272 274 238 238 239 240 241 242 243 244 245 245 246 247 247 248 249 249 250 251 251 252 252 253 253 253 254 254 255 256 258 259 220 215 192 192 192 192 192 192 192 205 193 195 200 204 208 211 215 217 220 223 225 226 229 229 230 231 233 234 236 237 238 240 215 217 218 219 218 219 220 220 220 221 221 192 192 192 192 192 192 192 192 192 192 192 192
198 198 198 198 198 192 209 210 273 275 238 239 240 241 242 243 244 244 245 246 247 247 248 249 249 250 250 251 251 252 252 253 253 254 254 254 257 258 219 220 215 192 192 192 192 192 192 192 200 207 195 195 203 207 209 212 215 219 220 222 225 227 227 228 230 231 232 234 236 212 212 213 215 216 216 217 218 218 218 219 220 192 192 192 192 192 192 192 192 192 192 192 192 192
198 198 198 198 198 192 192 192 211 212 237 239 240 241 242 242 243 244 245 246 246 247 248 248 249 250 250 251 251 252 252 253 253 253 254 254 257 258 219 220 215 192 192 192 192 192 192 192 198 206 211 195 198 202 206 208 210 217 219 221 222 224 225 226 227 228 231 207 208 210 211 212 213 214 214 216 217 216 217 192 192 192 192 192 192 192 192 192 192 192 192 192 192 192
198 198 198 198 198 199 192 192 192 192 213 238 239 240 241 242 243 244 245 245 246 247 248 248 249 249 250 251 251 252 252 252 253 253 254 254 256 218 219 219 215 192 192 192 192 192 192 192 196 204 209 215 198 201 205 207 210 213 214 216 219 220 220 219 225 202 203 205 206 206 207 210 211 211 212 213 213 214 192 192 192 192 192 192 192 192 192 192 192 192 192 192 192 192
198 198 198 198 198 198 192 192 192 192 192 192 192 240 241 242 243 244 244 245 246 247 247 248 249 249 250 250 251 251 252 252 253 253 253 255 256 218 219 219 215 192 192 192 192 192 192 192 194 202 208 213 198 200 203 205 209 211 213 215 217 218 219 195 196 197 199 200 200 202 203 204 204 209 210 211 192 192 192 192 192 192 192 192 192 192 192 192 192 192 192 192 192 192
