testData/tiles/smallerCosts/grid40.0-0.0-50.0-10.0.asc
ncols   200
nrows   200
xllcorner   40.0
yllcorner   0.0
cellsize   0.05
NODATA_value   -9999.0
[rows 92 to 137 of 200, columns 0 to 95 of 200]
162 161 162 162 164 163 164 165 165 166 166 166 167 167 139 139 144 230 229 227 225 222 221 220 219 218 218 232 231 229 228 225 224 222 221 219 217 216 214 212 210 208 207 204 203 201 198 197 194 193 191 188 187 185 183 182 180 179 179 179 179 173 173 173 173 173 173 173 173 173 173 145 145 145 145 111 0 0 0 0 0 0 0 60 60 75 79 85 90 94 97 100 103 105 108 115
164 165 165 167 167 168 168 170 169 170 171 171 171 171 139 203 202 202 233 231 230 227 225 224 222 221 219 214 233 232 230 229 227 226 224 221 220 218 217 215 213 211 209 207 206 203 202 200 197 196 193 191 189 187 185 183 180 179 179 179 179 173 173 173 173 173 173 173 173 173 173 173 173 139 111 88 88 88 0 0 0 0 0 60 60 75 80 86 90 94 98 100 108 111 113 115
168 168 169 170 172 171 172 173 173 174 174 175 175 263 208 207 206 206 204 204 204 231 228 227 225 224 222 214 214 214 233 231 229 228 226 225 222 220 219 217 216 214 211 210 208 205 204 202 200 198 196 194 192 189 188 185 183 181 181 180 179 173 173 173 173 173 173 173 173 173 139 139 139 116 116 116 116 88 88 88 0 0 60 60 60 75 81 86 91 100 103 106 108 111 113 115
175 172 173 173 174 175 176 176 176 178 178 266 266 212 212 211 211 209 208 206 204 201 201 229 228 226 224 223 215 214 213 213 232 230 228 227 224 223 221 219 218 216 213 212 210 209 206 204 203 200 198 196 194 193 190 188 186 184 183 183 182 175 175 174 173 173 173 173 139 139 139 116 116 116 116 116 116 116 116 116 88 88 60 60 60 75 86 92 96 100 103 106 109 111 113 115
179 175 176 177 177 178 179 179 180 179 269 270 269 214 214 215 214 214 212 209 206 204 201 198 196 195 227 225 217 216 214 213 211 210 230 228 226 225 223 221 220 217 216 214 212 210 208 206 205 202 200 198 196 195 192 190 188 186 185 185 184 178 177 176 176 141 140 139 139 116 116 116 116 116 116 116 116 116 116 116 116 116 148 60 65 80 87 92 96 100 103 106 109 111 113 115
182 177 179 180 180 181 181 182 271 270 271 272 216 216 217 217 218 219 215 212 209 206 202 200 197 195 194 192 185 185 215 214 212 210 209 208 228 227 225 223 221 219 218 216 213 212 210 208 206 204 203 200 198 196 194 192 190 188 187 187 186 146 145 144 144 143 142 118 118 117 116 116 116 116 116 116 116 116 116 116 116 116 181 181 153 80 87 92 97 100 104 106 109 111 114 116
180 180 181 182 182 184 183 272 272 273 274 274 218 219 219 219 219 218 216 213 211 208 205 202 199 197 196 194 192 185 183 182 180 179 211 208 206 205 203 224 223 221 219 217 215 214 211 209 208 206 203 202 199 198 196 193 192 155 155 154 154 147 147 146 123 122 121 121 120 119 118 117 116 116 116 116 116 116 116 116 121 181 181 181 181 196 87 93 97 101 104 107 109 112 114 116
181 183 184 183 185 185 273 275 274 275 275 276 220 220 220 220 219 219 217 215 212 209 206 203 200 198 196 195 193 186 184 182 181 179 177 176 174 173 170 168 167 166 186 185 182 181 179 177 175 173 171 169 167 166 163 161 159 157 157 156 156 126 125 125 124 124 123 122 122 121 120 119 118 118 117 116 116 116 121 121 121 181 181 181 181 196 204 121 97 101 104 107 109 112 114 116
184 185 184 186 275 274 276 275 276 276 277 221 221 220 221 221 220 219 217 215 213 209 207 204 201 199 197 195 194 186 185 183 181 180 178 177 175 173 172 170 168 166 164 163 161 158 157 155 154 151 149 148 145 143 142 139 137 135 135 134 134 127 127 126 126 125 125 124 123 123 122 121 120 119 118 118 117 121 121 121 121 181 181 181 181 197 204 209 213 101 104 107 109 112 114 116
186 187 187 276 275 276 276 277 276 278 222 222 221 221 221 221 220 219 217 215 212 210 207 205 201 200 198 197 195 194 185 184 182 181 179 177 176 174 173 171 168 167 165 163 162 160 158 156 154 152 150 148 147 144 143 140 138 137 136 136 135 129 128 128 127 127 126 125 125 124 123 123 122 121 120 124 123 122 121 121 121 181 181 181 181 197 204 209 213 217 132 107 110 112 114 116
188 187 277 276 277 277 278 278 278 279 222 223 222 222 222 222 220 218 217 215 213 210 208 205 203 200 199 197 196 194 187 184 183 181 180 178 176 175 173 172 170 167 166 164 163 161 158 157 155 154 151 149 148 145 143 142 139 138 137 137 136 130 130 129 128 188 127 127 126 125 125 124 123 123 127 126 125 124 123 122 121 181 181 181 181 197 204 209 213 217 220 135 110 112 114 116
188 277 278 278 278 279 279 278 279 223 223 223 223 222 222 221 220 219 217 215 213 211 208 206 202 200 198 196 195 194 186 185 183 182 180 178 177 175 174 172 170 168 166 165 163 162 159 157 156 154 152 150 148 146 144 143 140 139 138 198 198 191 191 190 190 189 188 188 187 187 186 185 130 129 128 127 126 125 125 124 122 181 181 181 181 197 204 209 213 217 220 223 138 112 114 117
277 278 278 279 278 279 279 280 223 223 223 223 222 222 221 220 220 218 217 215 213 210 208 205 202 200 198 197 195 194 186 185 183 182 180 179 177 176 174 172 170 169 167 165 164 161 160 158 156 154 152 151 149 146 145 143 141 200 199 199 199 192 192 191 191 190 190 189 188 188 187 191 191 190 129 128 128 127 126 125 124 183 182 181 196 197 204 209 213 217 220 223 227 141 115 117
279 278 279 279 280 279 279 224 224 223 223 223 223 222 221 220 218 217 216 215 213 211 208 205 203 200 198 197 195 194 187 185 184 182 181 179 178 175 174 172 171 169 168 166 163 162 160 159 156 155 153 151 149 147 146 203 201 201 200 200 199 193 192 192 191 191 190 190 189 189 193 192 192 191 190 190 129 128 127 126 185 184 183 182 182 197 204 209 213 217 221 224 227 229 143 118
279 279 279 279 280 280 279 223 224 224 223 222 222 221 221 219 219 217 216 213 211 210 208 206 203 201 198 196 195 194 193 185 184 182 180 179 177 176 174 173 171 170 167 165 164 162 161 158 157 155 154 151 149 208 205 204 202 201 201 201 200 194 193 193 192 192 191 191 190 195 194 193 193 192 191 190 190 189 128 127 127 185 184 183 182 197 204 209 214 218 221 224 228 230 232 146
279 279 280 279 280 280 224 223 223 223 223 222 221 221 220 220 218 216 215 213 211 209 207 204 202 200 196 195 194 193 192 184 183 182 180 179 177 176 174 173 170 169 167 166 164 162 160 159 157 156 153 152 210 207 206 204 202 202 202 201 195 194 194 193 193 192 192 191 196 195 195 194 193 193 192 191 191 190 189 128 127 186 185 184 183 198 205 210 214 218 222 225 228 230 233 235
279 280 280 280 280 224 223 223 223 222 222 222 222 220 220 218 216 216 213 212 211 208 207 204 202 199 197 195 194 193 192 184 183 182 180 178 177 175 174 172 171 169 168 165 164 162 161 159 157 155 154 212 209 208 206 204 203 203 202 202 195 195 195 194 194 193 193 197 197 196 195 195 194 193 193 192 191 190 190 189 128 187 186 185 185 200 206 210 215 219 222 225 228 231 233 235
279 279 280 223 224 224 223 223 222 222 222 222 220 219 218 217 217 215 213 212 209 208 205 204 201 198 196 194 193 192 191 183 182 181 179 178 177 175 174 171 170 169 167 166 164 162 160 159 157 156 213 212 210 207 206 204 203 203 203 202 196 195 195 195 194 194 198 198 197 196 196 195 195 194 193 193 192 191 190 189 189 188 188 187 186 200 207 211 215 219 223 226 228 231 234 236
283 280 223 223 223 223 223 222 223 222 220 220 219 219 218 216 215 213 212 210 209 206 205 203 200 199 196 194 193 192 190 183 182 180 178 177 176 174 173 172 170 169 166 165 163 162 160 158 157 215 213 211 209 208 206 204 204 203 203 203 196 196 195 195 195 199 199 198 198 197 196 196 195 194 194 193 192 192 191 190 189 249 188 187 187 201 207 212 216 220 223 226 229 232 234 236
282 227 223 223 222 222 222 221 221 220 220 220 218 218 216 215 214 212 212 209 208 206 204 202 199 197 194 192 191 190 189 182 181 180 178 177 176 174 172 171 169 168 167 165 163 161 160 158 217 214 213 211 209 207 206 205 204 204 203 197 197 196 196 195 200 199 199 198 198 197 197 196 196 195 194 194 193 192 191 191 191 250 250 189 188 202 209 212 216 219 224 226 229 231 235 237
226 226 227 222 221 222 221 221 220 219 219 218 218 216 214 214 213 212 210 208 206 204 203 200 197 196 193 191 190 189 188 181 180 179 177 176 175 174 172 170 169 167 166 164 163 161 160 218 216 215 212 211 209 207 205 205 204 204 204 197 197 197 196 201 200 200 199 199 198 198 197 196 196 195 195 194 193 192 193 192 191 251 250 249 189 203 209 213 217 220 223 227 230 232 234 236
225 225 226 225 221 221 220 220 218 219 218 217 216 215 214 213 211 210 208 207 205 203 201 199 197 194 191 190 189 188 187 180 179 177 176 175 174 173 171 170 168 166 165 164 162 161 218 217 215 214 211 210 209 207 205 205 205 204 198 198 197 197 201 201 200 200 199 199 198 198 197 197 196 195 195 194 193 194 193 192 192 192 250 250 249 203 209 214 217 221 224 227 230 232 235 237
224 224 224 223 220 219 218 218 217 218 216 215 215 213 213 211 210 209 207 205 203 201 200 197 195 193 190 188 187 186 185 178 177 176 175 174 173 172 170 169 168 165 164 163 162 220 217 216 215 213 212 209 208 206 205 205 205 204 198 198 197 202 201 201 201 200 200 199 198 198 197 197 196 196 195 194 194 194 194 193 192 192 252 251 251 265 210 213 218 221 224 228 230 233 235 237
223 224 223 222 223 218 218 217 217 216 215 214 213 211 212 210 209 207 205 204 202 200 198 195 194 191 190 188 186 185 184 177 176 175 174 173 172 170 169 168 167 164 163 162 220 219 218 215 214 212 211 209 207 206 205 205 205 204 198 198 202 202 201 201 201 200 200 199 199 198 197 197 196 196 195 195 195 195 194 193 193 193 252 252 251 265 270 214 217 221 225 227 230 234 236 238
222 223 222 221 222 221 217 215 214 215 213 213 211 210 210 208 207 205 203 202 200 199 196 194 192 190 188 185 185 184 183 176 175 174 173 172 171 169 168 167 166 163 162 162 219 218 216 214 213 212 210 208 206 206 205 205 205 198 198 203 202 202 201 201 201 200 200 199 198 198 197 197 196 197 196 195 195 195 194 194 193 193 253 252 251 266 269 214 218 221 224 228 231 233 236 239
221 222 221 220 219 219 219 214 213 213 212 211 210 208 207 207 206 204 202 201 198 197 195 192 191 188 187 184 183 182 181 175 174 173 172 170 169 168 167 166 164 162 162 220 219 217 215 214 212 211 208 207 206 206 205 205 205 198 198 203 202 203 202 202 201 202 200 200 199 199 197 197 197 196 196 196 195 195 195 194 194 193 193 252 251 265 269 274 218 248 225 228 231 234 236 238
219 218 219 218 218 218 217 212 211 211 210 209 208 207 206 204 203 202 200 199 197 195 193 191 189 187 184 182 182 181 180 173 172 171 170 169 168 167 166 164 163 161 220 219 218 215 214 213 211 210 207 206 206 205 205 205 198 198 203 203 204 204 204 204 203 203 202 202 201 200 199 197 197 197 197 196 196 195 222 222 221 220 220 279 278 293 295 300 305 248 251 255 258 261 263 266
218 217 217 217 217 215 215 215 210 209 208 207 207 205 204 202 200 200 198 197 195 193 192 189 188 185 183 181 180 179 179 172 171 170 169 168 167 165 164 163 161 161 219 218 216 214 213 212 210 208 207 206 205 205 205 205 198 204 204 205 206 205 205 205 205 204 204 203 202 205 208 208 208 207 232 232 230 226 222 221 221 221 220 220 279 293 295 299 303 248 252 255 258 261 264 266
217 216 216 214 214 214 213 212 208 207 206 205 204 203 202 201 199 198 196 194 193 190 190 188 185 184 181 179 179 178 177 170 170 168 167 166 165 164 163 161 160 219 217 216 214 213 212 210 208 207 206 205 205 205 205 200 200 205 206 207 206 207 206 206 207 206 206 209 212 213 240 241 240 239 238 236 233 233 230 227 221 220 220 220 278 278 293 299 304 308 252 256 258 261 263 266
213 213 213 213 212 213 211 210 210 205 205 203 201 201 199 198 197 195 194 192 191 189 187 185 183 181 179 177 176 176 175 168 167 166 165 164 163 162 161 159 159 217 216 215 213 211 210 209 207 206 205 205 205 204 200 200 206 207 207 207 208 207 208 208 207 207 213 243 244 244 245 245 244 243 242 240 238 235 234 231 228 221 220 220 220 278 291 298 303 307 252 255 258 261 264 266
212 212 211 211 210 209 209 208 208 207 201 200 200 199 197 195 195 193 192 189 189 187 185 183 181 180 177 175 175 174 173 167 166 165 164 162 161 160 159 159 217 216 215 212 211 210 209 208 205 205 205 205 205 205 201 206 207 208 208 209 208 209 209 208 211 243 246 246 249 249 249 249 248 247 246 244 242 239 237 234 232 228 221 220 220 278 292 297 303 308 311 256 258 261 263 267
210 209 209 208 208 208 206 206 204 204 199 199 197 195 195 194 193 191 189 188 186 184 182 181 178 176 174 173 172 172 171 164 163 163 162 161 160 159 158 217 215 214 212 211 210 208 207 206 205 205 204 204 205 201 201 208 208 209 209 209 210 209 237 237 244 247 249 251 252 251 253 251 250 251 249 247 246 243 239 237 234 232 227 220 220 220 291 297 303 307 312 315 258 262 264 266
206 207 206 206 205 205 204 202 203 201 201 195 195 194 193 191 189 188 186 185 183 182 181 178 177 174 173 171 171 170 169 163 162 161 159 158 157 157 156 215 213 212 210 209 208 207 206 204 204 204 204 204 201 202 207 208 209 209 210 211 237 238 237 245 248 250 251 254 254 256 254 255 254 253 251 249 248 246 243 239 236 233 230 226 220 220 232 296 303 307 311 315 258 261 263 267
205 204 204 203 203 202 201 201 200 199 197 194 192 191 189 189 187 185 185 183 181 179 178 176 173 172 169 169 168 168 167 160 160 159 158 157 156 154 154 212 211 210 209 208 206 205 204 204 203 203 204 201 201 202 208 208 209 210 210 238 237 238 244 249 251 253 255 256 256 257 257 256 256 255 253 252 250 248 245 242 238 234 232 228 224 220 232 236 302 307 311 315 258 261 264 239
202 201 201 201 199 199 199 198 197 196 196 190 189 188 187 185 185 183 182 180 178 177 174 173 171 169 167 166 166 165 164 158 157 156 155 155 154 153 212 210 209 208 207 206 205 203 203 203 203 203 205 201 202 207 209 210 210 238 237 238 239 243 249 252 254 256 258 259 259 259 259 258 258 257 256 254 253 250 247 244 241 237 233 231 227 222 233 234 301 307 311 314 318 261 238 239
200 198 199 197 197 197 196 195 194 194 193 191 187 185 183 183 181 180 178 177 175 174 172 169 168 166 164 164 163 163 156 155 155 154 153 152 151 151 210 209 207 206 205 204 203 203 202 202 202 204 200 201 202 208 209 237 237 238 238 238 239 247 252 254 256 258 258 260 260 261 261 260 260 259 257 256 254 251 249 246 242 238 235 233 230 227 227 234 241 306 311 314 318 238 238 238
197 196 195 195 193 194 193 192 191 191 189 189 183 182 182 180 179 177 176 174 173 170 169 167 165 164 163 162 162 161 154 153 152 151 151 150 149 208 207 206 205 203 202 202 202 202 201 201 203 199 200 201 208 208 236 237 237 238 238 239 244 250 254 255 257 259 260 261 262 262 263 262 260 260 258 257 255 253 250 247 244 242 238 234 233 229 227 234 239 246 310 314 290 293 238 238
193 193 193 191 191 190 190 189 188 188 187 185 185 179 178 177 175 174 172 171 169 168 166 164 162 162 160 160 159 159 151 150 150 149 148 147 147 206 205 204 202 201 201 201 201 201 200 201 197 198 200 201 235 235 236 237 238 238 238 239 247 252 254 257 259 260 261 262 263 263 263 263 262 260 260 258 256 253 251 249 246 244 241 238 234 232 228 234 239 245 249 286 289 292 238 238
192 189 189 188 187 186 187 186 185 184 183 183 181 176 174 174 172 171 169 167 166 164 163 161 159 157 157 156 156 155 148 148 147 146 146 145 204 203 202 202 200 200 200 200 200 199 199 196 197 198 200 234 234 235 237 237 238 238 238 244 250 253 256 258 261 262 263 264 263 265 264 264 262 261 260 260 258 254 253 252 249 246 244 240 237 234 231 241 238 232 232 232 232 292 295 238
187 187 186 184 184 184 182 183 181 180 179 179 177 172 171 170 168 168 166 165 163 161 159 158 156 154 154 154 153 153 146 145 145 144 143 143 202 201 199 199 199 199 199 199 198 192 194 196 197 199 227 233 234 236 236 237 237 238 238 247 251 255 256 259 261 263 263 263 264 265 264 264 262 263 261 260 258 258 255 254 251 250 247 244 240 236 233 244 232 232 232 232 232 232 295 238
184 184 181 182 180 180 179 178 177 177 176 174 174 173 168 166 165 163 162 160 160 158 157 154 153 152 151 151 150 144 143 143 142 142 142 142 198 198 198 198 198 198 197 197 191 191 193 195 224 226 226 233 233 235 236 236 237 237 240 248 252 255 258 259 263 263 264 264 265 265 264 263 263 263 263 261 261 260 258 256 254 252 249 246 242 238 232 232 232 232 232 232 232 232 234 238
179 179 179 177 177 175 175 175 174 173 171 172 170 169 163 163 162 161 159 158 155 154 152 151 148 148 148 147 147 142 142 142 142 142 142 197 197 197 197 196 196 196 196 190 189 191 193 222 223 225 232 232 233 234 235 236 236 237 243 249 252 256 258 259 263 263 264 263 265 265 264 265 264 265 264 263 263 261 260 258 257 254 252 248 232 232 232 232 232 232 232 232 232 232 235 237
176 176 175 173 173 172 171 171 169 169 169 167 166 165 161 159 158 156 155 153 152 151 149 147 146 146 145 145 144 142 142 142 142 142 142 195 195 195 195 195 195 188 188 188 188 190 219 221 223 224 231 231 232 234 234 235 235 236 244 250 252 257 258 260 261 262 263 263 264 266 265 268 266 267 266 266 264 264 261 260 259 256 232 232 232 232 232 232 232 232 232 232 232 232 234 236
175 173 172 170 169 167 167 166 166 165 164 163 162 161 160 155 153 152 150 150 148 147 145 144 142 142 142 142 142 142 142 142 142 142 142 194 193 193 193 193 187 187 186 186 188 217 218 220 222 223 230 230 231 233 233 234 234 234 244 250 252 256 258 259 261 263 264 266 268 268 269 269 269 268 269 268 268 266 265 262 233 232 232 232 232 232 232 232 232 232 232 232 232 232 234 236
172 169 169 167 166 164 163 162 161 159 160 159 157 157 155 151 149 148 147 146 144 142 142 142 142 142 142 142 142 142 142 142 142 142 192 192 191 191 185 185 185 185 184 184 214 215 217 220 220 227 229 229 230 231 232 232 233 236 245 249 252 256 259 261 263 265 267 268 269 270 270 271 271 270 271 270 269 240 238 237 236 233 232 232 232 232 232 232 232 232 232 232 232 232 233 235
168 167 165 165 162 162 160 159 158 157 156 155 153 152 152 146 145 143 142 142 142 142 142 142 142 142 142 142 142 142 142 142 142 142 190 189 183 183 183 183 183 182 182 210 213 214 217 219 219 226 227 228 228 230 230 231 231 237 245 249 254 300 261 262 265 266 268 269 271 270 272 272 272 272 244 244 243 242 240 239 237 235 232 232 232 232 232 232 232 232 232 232 232 232 232 236
