testData/tiles/smallerCosts/grid30.0-30.0-40.0-40.0.asc
ncols   200
nrows   200
xllcorner   30.0
yllcorner   30.0
cellsize   0.05
NODATA_value   -9999.0
[rows 0 to 41 of 200, columns 0 to 93 of 200]
204 205 205 198 198 198 198 198 198 198 198 198 198 198 198 198 198 198 198 198 220 220 219 219 219 218 218 216 216 214 213 212 211 209 198 198 198 198 198 198 198 198 198 198 198 198 198 198 198 241 241 241 224 224 198 198 198 198 198 198 198 198 198 200 200 253 258 262 266 270 273 276 279 281 289 325 328 333 337 342 345 349 351 355 358 360 363 362 362 363 309 310 310 327
206 206 198 198 198 198 198 198 198 198 198 198 198 198 198 198 198 198 198 198 223 222 222 222 221 221 219 219 217 217 216 214 213 217 198 198 198 198 198 198 198 198 198 198 198 198 198 198 232 241 241 241 241 224 224 198 198 198 198 198 198 198 198 198 198 253 258 263 267 270 274 276 280 282 286 321 330 335 337 341 344 349 352 354 357 360 361 364 362 362 364 310 310 310
198 198 198 198 198 198 198 198 198 198 198 198 198 198 198 198 198 198 198 198 225 225 224 224 224 223 222 222 220 220 218 217 215 219 198 198 198 198 198 198 198 198 198 198 198 198 198 198 232 241 241 241 241 241 224 224 198 198 198 198 198 198 198 198 198 235 240 263 268 271 274 278 280 283 286 291 326 334 339 340 345 348 351 354 370 360 363 364 362 363 362 310 310 310
198 198 198 198 198 198 198 198 198 198 198 198 201 200 200 198 198 198 198 198 228 227 227 227 226 225 225 224 223 221 221 219 223 221 198 198 198 198 198 198 198 198 198 198 198 198 198 232 232 241 241 241 241 241 224 224 237 198 198 198 198 198 198 198 200 253 259 264 269 273 296 299 303 305 308 314 318 353 356 364 369 372 376 378 382 384 386 388 389 385 386 387 332 331
198 198 198 198 198 198 198 198 198 198 198 203 203 203 202 198 198 198 198 198 229 230 230 229 228 227 227 226 225 224 222 221 224 223 198 198 198 198 198 198 198 198 198 198 198 198 245 245 254 254 255 257 258 259 261 245 246 198 198 198 198 206 207 209 210 264 269 275 278 283 287 289 293 315 317 322 327 330 365 369 373 375 383 386 388 391 394 395 397 393 395 396 396 340
198 198 198 198 198 198 198 198 198 198 198 207 205 208 214 204 200 200 198 198 232 232 232 232 230 230 230 228 227 226 225 228 227 225 200 198 198 198 198 198 201 198 198 198 198 198 251 252 263 264 265 266 267 268 268 252 253 254 198 199 199 212 214 215 217 270 275 281 284 288 293 296 298 301 305 308 312 316 339 374 377 381 383 387 390 392 395 397 397 399 396 396 397 341
198 198 198 198 198 198 198 198 198 198 208 208 208 217 230 212 202 203 198 198 234 234 234 233 233 233 231 231 229 228 226 231 228 227 201 200 211 208 207 206 205 206 205 204 203 258 258 258 268 269 270 271 271 272 273 274 258 259 259 204 204 252 218 220 222 275 279 284 289 292 296 299 303 305 308 312 315 320 324 359 361 365 367 370 373 376 377 380 382 383 381 381 381 381
198 198 198 198 198 198 198 198 198 198 198 210 210 212 218 209 205 205 198 198 237 236 236 236 235 235 234 233 232 230 229 232 231 229 217 214 213 213 212 213 212 211 209 210 208 262 262 262 271 272 272 273 274 275 276 277 261 261 262 206 207 254 222 222 224 278 282 286 292 295 298 301 305 308 310 314 318 321 325 329 364 365 369 371 374 377 379 380 382 384 381 380 381 381
261 264 266 268 267 267 267 267 267 268 198 212 212 212 208 208 207 207 198 198 239 239 238 238 238 236 236 235 234 233 236 235 232 244 218 217 215 217 215 215 214 214 212 211 210 264 263 272 272 273 273 274 275 276 277 278 261 262 262 263 253 255 256 223 225 278 284 288 292 296 300 302 305 308 312 314 318 322 325 329 331 366 370 371 375 377 378 380 381 383 385 380 381 382
262 263 266 267 268 269 268 269 269 269 268 269 301 301 298 297 208 198 198 198 242 241 241 241 240 239 239 237 236 234 238 236 235 233 220 218 216 216 215 216 215 214 212 212 267 265 263 272 272 272 272 274 275 276 276 277 278 261 262 262 253 254 256 223 224 278 283 288 293 296 299 302 305 308 311 313 317 321 326 328 331 334 368 371 373 376 378 380 381 382 384 379 379 380
262 263 265 267 268 269 269 269 269 270 270 270 270 269 266 266 266 267 266 267 244 244 243 243 243 241 240 240 238 237 240 238 236 235 212 212 217 215 213 212 212 212 212 212 265 264 262 270 270 270 271 272 272 273 274 275 275 259 259 260 261 252 253 255 224 229 281 286 291 294 298 300 303 306 309 311 314 319 323 327 329 331 334 368 371 373 375 376 378 380 381 377 377 377
261 264 266 267 268 270 270 271 271 270 271 271 271 268 268 267 267 268 269 270 333 334 334 333 244 244 242 241 240 243 242 240 238 236 212 212 212 212 212 212 212 212 212 212 259 258 257 264 265 266 266 267 268 269 269 270 271 255 255 256 257 248 250 251 224 225 277 283 287 290 295 298 300 302 306 308 312 315 319 323 325 328 330 333 335 370 371 373 373 374 376 376 372 373
261 263 265 266 268 269 270 271 271 272 273 271 272 269 269 269 270 270 272 273 337 336 337 335 334 334 333 331 242 246 243 242 240 238 212 212 212 212 212 212 212 212 212 212 244 244 252 259 258 257 257 258 259 260 262 263 264 265 248 249 251 243 243 245 247 225 271 277 281 286 289 292 296 298 300 302 306 310 313 316 320 322 324 326 329 329 364 366 368 369 370 371 366 366
261 262 264 266 268 268 270 271 271 272 273 273 273 270 270 271 273 274 276 276 341 341 340 339 339 336 334 333 331 335 333 243 242 239 214 212 212 212 212 212 212 212 212 212 246 244 244 246 246 246 246 246 246 246 246 246 255 255 246 246 246 287 232 234 237 225 261 267 272 276 280 283 287 289 290 294 297 301 304 307 311 314 315 318 320 322 323 357 358 359 358 360 356 356
260 263 265 266 267 269 270 271 271 272 273 273 272 272 273 275 277 278 280 345 345 345 345 344 343 341 338 336 340 336 335 332 331 240 215 212 212 212 212 212 212 212 212 212 246 244 244 249 246 246 246 246 246 246 246 246 246 246 246 246 246 273 225 225 225 225 225 247 253 258 260 262 265 268 269 271 273 277 281 283 287 289 292 293 296 297 299 300 334 335 335 336 337 333
260 261 264 265 267 269 269 271 272 273 273 274 273 274 276 278 281 281 284 285 349 349 349 348 347 345 343 339 342 339 336 334 332 306 303 302 212 212 212 212 212 212 212 212 248 245 244 249 246 246 246 246 246 246 246 246 246 246 246 246 246 273 274 225 225 225 225 248 255 259 262 262 265 267 269 270 273 276 279 282 285 289 291 293 294 297 298 299 300 301 334 334 335 330
259 261 263 264 266 267 269 270 271 272 275 277 275 277 279 281 284 286 288 288 353 354 353 352 351 349 346 344 345 342 340 335 333 307 305 302 300 298 212 212 212 212 212 251 248 245 244 250 248 246 246 246 246 246 246 246 246 246 246 246 246 273 274 225 225 225 225 249 255 262 263 263 264 267 270 270 272 275 279 283 284 287 290 292 294 296 297 299 299 300 301 334 333 329
258 261 263 265 266 267 269 269 270 274 275 275 277 280 283 284 287 289 291 293 357 358 358 356 355 353 349 347 349 344 342 338 334 307 305 303 301 298 296 293 212 212 212 212 249 246 244 251 248 246 246 246 246 246 246 246 246 246 246 246 246 273 274 225 225 225 225 247 254 259 262 263 264 267 269 271 272 274 278 281 284 286 321 292 293 294 297 298 298 299 299 300 300 327
257 259 261 263 265 267 267 269 272 275 277 276 279 282 285 288 290 291 294 296 361 361 362 360 357 356 353 349 351 348 344 340 337 309 306 304 301 299 296 294 292 289 212 212 249 248 245 251 249 247 246 246 246 246 246 246 246 246 246 246 246 273 274 225 225 225 229 229 251 256 259 294 296 298 301 303 304 306 308 312 315 318 320 323 324 326 327 329 329 330 331 331 332 327
257 258 260 262 264 265 267 270 272 274 278 278 281 284 286 289 292 295 297 299 364 366 366 364 361 358 355 357 353 349 345 342 315 310 307 304 301 300 297 295 292 289 287 284 250 248 255 252 249 247 246 246 246 246 246 246 246 246 246 246 246 273 274 274 225 225 261 232 282 286 290 293 295 298 301 303 303 305 307 311 313 316 320 321 323 325 326 328 329 329 330 330 330 329
255 257 259 261 262 264 267 269 272 276 276 280 283 287 289 291 294 297 300 301 367 369 371 367 364 361 357 359 355 351 348 344 316 311 308 304 302 300 298 295 292 290 287 284 340 249 249 252 249 247 246 246 246 246 246 246 246 246 246 246 246 273 274 306 251 254 260 232 281 286 289 293 295 356 301 303 304 305 307 309 312 315 318 320 322 323 326 327 327 328 328 329 329 328
255 256 258 260 262 264 267 270 273 277 278 281 285 288 291 293 296 299 302 304 368 370 371 369 365 363 360 360 357 352 349 322 317 313 308 305 302 300 298 295 293 290 287 285 340 337 334 252 250 248 247 246 246 246 246 246 246 246 246 246 258 305 306 306 309 312 317 287 292 343 347 350 352 355 358 360 361 363 364 366 368 372 375 320 320 322 324 326 326 327 328 328 327 327
254 256 258 260 262 264 267 271 275 276 279 282 286 289 292 296 299 300 303 305 370 370 371 369 366 364 360 361 358 354 350 322 318 314 309 305 302 300 297 296 293 290 288 285 339 337 335 341 250 248 247 246 246 246 246 246 246 274 257 257 316 363 364 364 309 311 317 321 292 342 346 349 352 355 357 359 361 362 364 366 367 370 373 376 377 380 381 326 326 326 326 327 326 326
254 256 258 260 262 264 268 272 276 277 280 283 286 290 294 296 299 303 303 306 371 372 370 370 367 364 361 363 358 354 327 323 319 314 310 306 303 300 297 295 293 291 288 285 339 337 334 341 338 336 247 246 246 246 246 274 274 332 315 315 316 363 364 364 309 310 316 320 292 295 346 348 351 354 357 358 361 362 363 364 365 369 372 374 375 378 379 380 382 382 325 324 324 324
254 256 258 259 261 265 269 273 273 277 280 284 287 290 294 296 300 303 304 306 371 372 370 369 367 364 361 363 358 354 327 323 319 315 311 306 302 300 298 295 292 290 288 285 285 337 334 340 338 336 336 247 278 276 333 332 332 332 315 315 316 317 363 364 309 310 315 319 292 294 345 347 351 354 356 358 360 361 363 363 365 367 370 372 374 376 378 379 380 381 381 381 381 322
254 255 257 259 261 265 268 272 273 277 280 284 288 291 294 297 300 303 306 307 371 372 371 369 366 365 361 362 359 330 327 322 319 314 310 306 302 299 297 295 293 290 287 286 285 337 334 340 338 337 368 367 336 335 334 332 332 332 315 315 316 317 363 364 309 310 313 319 292 293 296 347 350 353 355 357 359 361 361 363 364 366 368 371 372 375 375 377 378 379 379 380 380 379
254 256 258 259 262 266 269 269 273 277 281 284 288 291 295 296 300 303 306 308 372 372 371 369 366 363 361 362 335 330 327 323 319 315 311 307 302 299 297 294 292 289 287 286 285 336 334 341 338 369 426 425 424 423 334 333 332 332 315 315 316 317 363 364 309 310 312 318 292 293 296 346 349 352 354 357 359 361 361 362 364 365 366 368 371 372 374 376 377 377 377 378 377 377
254 255 257 259 262 265 266 270 272 276 280 283 287 290 294 297 299 302 305 308 372 372 370 368 365 362 359 336 333 330 326 322 318 314 310 306 301 299 296 294 292 289 287 285 285 285 334 372 428 427 426 425 424 423 422 333 332 332 315 315 316 316 363 364 309 309 311 317 322 293 295 298 349 351 353 356 358 359 360 362 363 363 365 366 369 371 372 374 374 375 375 376 376 319
253 255 256 258 261 265 265 269 272 276 279 282 286 289 292 296 299 301 304 307 374 370 369 366 364 361 358 335 332 329 324 321 317 313 309 305 300 298 295 294 291 289 286 285 285 312 365 430 428 427 426 425 424 423 422 421 332 332 315 315 316 316 363 364 309 309 310 316 321 293 294 298 347 350 353 355 356 358 359 361 361 363 364 365 366 368 370 370 372 373 373 374 424 368
252 254 256 257 260 261 264 268 272 275 279 281 284 288 291 294 297 299 302 305 369 370 367 365 362 359 334 334 330 327 323 320 316 312 309 304 301 297 294 293 290 288 286 285 314 370 367 429 428 428 427 426 425 424 423 421 420 315 315 315 315 316 363 364 308 309 310 315 319 293 293 297 299 349 352 353 356 358 359 359 361 362 363 363 365 366 368 369 371 371 421 422 365 365
252 253 255 257 256 260 263 267 270 274 277 281 283 286 290 292 295 298 299 301 302 366 364 362 360 332 335 333 329 326 323 318 315 311 307 303 299 296 294 292 289 288 286 315 372 369 366 373 429 428 427 426 425 424 423 422 420 403 315 315 316 316 317 363 308 309 310 313 318 293 293 295 298 348 351 353 355 357 357 359 360 361 361 362 363 364 366 417 418 419 419 362 363 363
251 252 254 256 254 258 261 265 268 272 275 279 282 284 287 290 292 295 296 297 298 362 360 359 333 331 328 330 326 323 320 316 313 309 305 301 297 295 293 291 289 319 374 373 371 368 365 365 429 428 427 426 425 424 423 422 420 403 403 315 315 316 317 363 308 309 309 311 316 293 293 294 297 300 349 352 354 355 356 358 359 359 361 361 361 362 413 414 415 417 416 360 360 360
250 251 253 252 253 257 260 264 267 271 273 276 279 282 285 287 290 291 293 293 294 358 333 331 330 327 325 327 325 321 318 315 311 307 304 300 296 294 292 291 320 376 373 372 370 367 365 365 373 428 427 426 425 424 423 422 404 403 403 315 315 316 316 363 308 309 309 310 315 293 293 293 296 298 301 351 352 354 355 357 357 359 360 360 410 411 410 411 413 413 358 358 357 357
249 251 249 251 252 255 258 262 265 268 272 274 277 280 282 284 286 289 289 290 290 330 329 328 326 325 322 325 322 318 316 312 309 306 302 298 295 293 292 321 377 375 372 372 369 366 366 365 373 372 427 426 425 424 423 422 404 403 403 403 315 315 316 363 308 308 309 310 313 293 293 293 294 297 300 349 351 353 354 355 356 358 408 409 409 409 409 409 409 355 355 355 355 354
249 249 249 251 252 253 256 259 263 266 269 271 274 278 278 281 283 285 286 286 262 326 326 324 323 322 318 322 319 315 313 310 306 303 299 296 294 293 322 378 376 374 372 371 368 366 366 365 373 372 371 426 425 424 423 422 404 403 403 403 403 315 316 317 307 308 309 310 312 293 293 293 293 296 298 301 350 352 352 354 406 406 407 408 408 408 408 407 351 352 352 352 352 352
249 249 249 250 252 252 255 258 261 264 267 269 272 274 276 278 279 281 259 258 258 323 323 321 319 318 316 318 316 313 311 308 304 301 297 296 324 323 379 376 375 372 371 369 367 366 366 365 364 372 371 370 425 424 423 405 404 403 403 403 403 403 316 316 307 308 309 309 310 293 293 293 293 294 297 300 302 350 351 403 404 405 406 406 407 407 406 350 349 349 349 349 349 347
249 249 249 250 251 252 254 257 260 262 264 267 268 271 273 274 252 253 255 255 254 255 319 317 315 314 312 315 313 310 307 305 301 298 297 325 324 380 377 375 374 371 370 367 367 366 366 365 364 372 371 370 369 424 423 405 404 403 403 403 403 403 316 316 307 308 308 309 310 293 293 293 293 293 296 299 300 348 400 401 402 404 404 405 404 405 349 348 348 348 346 346 346 345
249 249 249 250 250 252 253 255 258 260 263 264 267 269 249 249 249 250 251 251 251 251 315 313 312 310 309 312 310 306 305 302 299 298 325 325 380 378 376 375 372 370 369 367 367 367 366 365 364 372 371 370 369 368 406 405 404 403 403 403 403 403 403 316 307 307 308 309 309 293 293 293 293 293 295 296 349 350 398 400 400 402 403 403 403 348 347 347 346 345 345 343 342 341
249 249 249 249 250 251 253 253 256 258 249 249 249 249 249 249 249 249 249 249 256 251 311 309 309 309 309 309 306 304 302 299 299 325 325 380 378 377 375 373 371 369 368 367 367 367 366 365 364 372 371 370 369 368 350 349 404 403 403 403 403 403 403 348 307 307 308 308 309 293 293 293 293 293 293 345 347 348 350 398 399 401 401 346 346 346 346 345 345 343 342 341 339 338
249 249 249 249 249 249 249 249 249 249 249 249 249 249 250 250 251 251 252 253 252 252 316 314 314 313 311 314 312 309 307 305 334 333 389 379 377 375 373 372 370 368 368 367 367 367 366 365 364 363 371 370 369 351 350 349 348 403 403 403 403 403 403 347 307 307 307 308 309 293 293 293 293 293 341 343 345 347 348 349 398 398 343 344 344 344 344 344 342 342 340 339 338 337
249 249 249 249 249 249 249 249 249 249 249 249 249 249 249 249 249 249 250 249 249 249 249 310 310 309 307 310 309 306 304 304 332 389 387 386 384 383 381 379 369 368 368 367 367 366 366 365 364 363 371 370 352 351 350 349 348 347 347 403 403 403 403 347 348 306 307 308 308 293 293 293 293 336 339 341 344 344 346 348 293 341 341 342 343 342 342 341 341 339 339 337 337 337
251 249 249 249 249 249 249 249 249 249 249 249 249 249 249 249 249 249 249 249 249 249 249 306 306 305 303 306 305 302 302 332 388 387 385 385 383 381 379 378 378 377 377 376 375 366 366 365 364 363 371 370 352 351 350 349 348 347 347 347 347 347 403 347 347 293 307 307 308 293 293 293 331 334 337 340 341 293 293 293 293 293 340 341 340 341 340 340 339 338 337 337 337 337
