testData/tiles/smallerCosts/grid10.0-10.0-20.0-20.0.asc
ncols   200
nrows   200
xllcorner   10.0
yllcorner   10.0
cellsize   0.05
NODATA_value   -9999.0
[rows 42 to 83 of 200, columns 0 to 93 of 200]
227 232 234 238 239 243 245 248 249 252 254 256 257 259 259 259 257 257 255 255 252 251 248 247 244 242 240 237 235 232 230 226 223 221 218 215 212 207 204 174 172 171 169 167 164 234 221 219 216 214 211 210 208 207 205 202 191 187 178 178 178 178 177 177 177 176 176 176 175 175 174 174 173 173 183 183 182 182 181 180 180 187 186 185 185 185 186 187 187 188 187 188 188 187
224 228 232 233 237 239 243 245 246 248 251 253 252 254 255 254 254 253 252 251 249 247 247 243 243 239 237 235 232 229 227 225 221 218 215 212 209 206 175 173 171 169 166 164 162 232 219 216 214 212 211 210 208 206 204 192 189 186 178 178 177 177 177 177 176 176 176 175 175 174 174 173 173 183 183 182 182 181 180 180 179 186 186 185 184 185 186 187 187 188 188 188 188 189
222 223 227 229 233 235 238 240 242 245 245 247 249 250 249 250 250 249 247 246 245 244 242 240 238 235 234 231 228 227 224 221 217 215 212 209 205 175 172 169 168 166 164 163 161 229 216 214 213 212 210 208 206 204 202 191 187 186 177 177 177 177 176 176 176 175 175 175 174 174 173 173 183 183 182 182 181 181 180 179 178 186 185 184 184 185 186 186 187 188 188 189 189 189
217 221 223 226 229 232 234 236 238 240 242 244 243 245 246 245 245 245 244 242 241 240 239 236 234 232 230 227 226 223 219 217 215 212 209 205 176 173 169 167 165 163 161 158 156 226 213 212 211 209 208 206 204 202 191 187 185 177 177 177 176 176 176 175 175 175 174 174 174 173 173 183 183 182 182 181 181 180 179 179 178 185 184 183 184 185 186 187 187 188 188 189 189 190
212 216 219 223 224 227 229 232 234 235 236 238 239 239 240 240 240 240 238 238 236 236 233 231 230 228 226 224 220 219 216 214 210 207 205 175 171 167 165 163 161 160 158 156 154 213 212 210 209 207 205 203 201 189 186 185 177 176 176 176 176 176 175 175 175 174 174 173 173 173 183 183 182 182 181 181 180 179 179 178 177 184 184 183 184 185 186 186 187 187 188 189 189 191
208 211 215 217 220 222 224 227 228 230 231 231 234 235 234 234 234 233 234 233 231 230 228 227 225 224 221 219 216 214 212 208 207 204 173 170 167 165 162 160 158 156 154 152 152 210 208 207 205 203 201 199 187 185 176 176 176 176 176 175 175 175 175 174 174 174 173 173 172 172 183 182 182 181 180 180 179 179 178 177 176 184 183 182 183 184 185 186 187 186 187 188 190 192
203 205 209 211 215 217 219 221 223 224 226 227 228 229 230 229 229 228 227 227 226 224 224 221 220 217 215 214 211 209 207 204 175 171 169 165 162 159 157 155 153 151 149 148 219 206 205 203 201 198 195 184 176 176 176 176 176 175 175 175 175 174 174 174 173 173 173 172 172 182 182 181 181 180 180 179 179 178 177 176 176 176 182 181 182 183 184 185 186 186 186 188 190 192
198 201 203 206 208 211 213 214 216 219 220 221 222 222 223 223 223 223 221 221 219 218 217 217 213 212 210 209 205 203 202 171 169 165 163 160 157 154 153 151 148 148 148 148 148 201 199 197 194 193 176 176 176 175 175 175 175 175 175 174 174 174 173 173 173 172 172 172 182 182 181 181 180 180 179 178 178 177 176 176 176 176 181 180 181 182 183 184 185 184 186 188 190 192
195 195 197 200 202 205 206 208 211 212 213 215 215 215 216 216 216 216 216 214 214 212 211 209 207 206 203 202 199 197 168 165 162 160 156 154 150 148 148 148 148 148 148 148 148 193 192 184 184 175 175 175 175 175 175 175 174 174 174 174 173 173 173 172 172 172 171 182 182 181 181 180 180 179 178 178 177 176 176 176 176 176 180 179 180 181 182 182 183 184 186 188 189 192
225 189 192 193 196 198 200 202 203 205 206 207 208 208 209 208 209 208 209 207 206 205 205 202 201 199 197 194 166 163 161 158 155 152 149 148 148 148 148 148 148 148 148 148 148 184 184 175 175 175 175 174 174 174 174 174 174 173 173 173 173 172 172 172 171 171 171 181 181 180 180 179 179 178 178 177 176 176 176 176 176 176 179 178 179 179 180 181 182 184 185 188 190 191
219 185 185 185 188 190 192 194 196 196 198 199 200 201 200 201 201 200 200 200 198 197 196 194 192 190 189 159 157 155 153 149 148 148 148 148 148 148 148 148 148 148 148 148 148 183 174 174 174 174 174 174 174 174 173 173 173 173 173 172 172 172 171 171 171 171 181 181 180 180 179 179 178 177 177 176 176 176 176 176 176 176 176 177 177 178 179 179 181 183 185 187 189 191
212 214 185 185 185 185 185 186 187 188 189 192 192 193 193 193 192 192 191 191 189 189 187 186 183 155 152 150 148 148 148 148 148 148 148 148 148 148 148 148 148 148 148 148 148 173 173 173 173 173 173 173 173 173 173 173 172 172 172 172 171 171 171 170 170 181 180 180 179 179 178 178 177 177 176 176 176 176 176 176 176 176 176 176 176 176 177 179 180 183 184 187 188 190
205 207 207 185 185 199 184 184 184 184 184 184 184 184 184 182 182 182 180 180 179 178 175 148 148 148 148 148 148 148 148 148 148 148 148 148 148 148 148 148 148 148 148 148 148 173 173 173 173 173 172 172 172 172 172 172 172 171 171 171 171 170 170 170 170 180 179 179 179 178 177 177 176 176 176 176 176 176 176 176 176 176 176 176 176 176 176 179 180 182 184 186 188 189
221 222 223 224 187 189 189 190 192 194 194 194 195 195 195 194 194 168 166 165 165 148 148 148 148 148 148 148 148 148 148 148 148 148 148 148 148 148 148 148 148 148 148 148 148 172 172 172 172 172 172 172 172 171 171 171 171 171 170 170 170 169 169 169 179 179 179 178 178 177 177 176 176 176 176 176 176 176 176 176 176 176 176 176 176 176 176 178 179 182 183 185 186 163
209 210 211 211 175 175 174 175 176 178 171 173 174 175 176 176 177 178 178 151 150 150 148 148 148 148 148 148 148 148 148 148 148 148 148 148 148 148 148 148 148 148 148 148 148 171 171 171 171 171 171 171 171 171 170 170 170 170 170 169 169 169 168 179 179 178 178 177 177 176 176 176 176 176 176 176 176 176 176 176 176 176 176 176 176 176 176 178 179 180 183 184 186 162
194 195 196 196 197 161 162 163 164 165 167 168 169 170 171 171 148 148 148 148 148 148 148 148 148 148 148 148 148 148 148 148 148 148 148 148 148 148 148 148 148 148 148 148 148 170 170 170 170 170 170 170 170 170 170 169 169 169 169 168 168 168 168 178 178 177 177 176 176 176 176 176 176 176 176 176 176 176 176 176 176 176 176 176 176 176 176 176 178 180 181 183 160 161
192 193 194 195 196 160 160 161 161 162 163 164 166 167 148 148 148 148 148 148 148 148 148 148 148 148 148 148 148 148 148 148 148 148 148 148 148 148 148 148 148 148 148 148 148 170 170 170 169 169 169 169 169 169 169 169 168 168 168 168 167 167 178 177 177 176 176 176 176 176 176 176 176 176 176 176 176 176 176 176 176 176 176 176 176 176 176 176 177 179 181 160 160 160
166 192 193 193 194 195 159 159 160 160 148 148 148 148 148 148 148 148 148 148 148 148 148 148 148 148 148 148 148 148 148 148 148 148 148 148 148 148 148 148 148 148 148 148 148 148 169 169 169 169 168 168 168 168 168 168 167 167 167 167 167 167 177 176 176 176 176 176 176 176 176 176 176 176 176 176 176 176 176 176 176 176 176 176 176 176 176 176 176 178 160 160 160 160
166 166 191 192 193 193 148 148 148 148 148 148 148 148 148 148 148 148 148 148 148 148 148 148 148 148 148 148 148 148 148 148 148 148 148 148 148 148 148 148 148 148 148 148 148 148 168 168 168 168 168 167 167 167 167 167 167 167 167 167 167 176 176 176 176 176 176 176 176 176 176 176 176 176 176 176 176 176 176 176 176 176 176 176 176 176 176 176 177 160 160 160 160 160
146 146 146 164 164 165 165 148 148 148 148 148 148 148 148 148 148 148 148 148 148 148 148 148 148 148 148 148 148 148 148 148 148 148 148 148 148 148 148 148 148 148 148 148 148 148 167 167 167 167 167 167 167 167 167 167 167 167 167 167 167 175 202 176 176 176 176 176 176 176 176 176 176 176 176 176 176 176 176 176 176 176 176 176 176 176 176 177 160 160 160 160 160 160
146 146 146 146 164 164 164 148 148 148 155 156 156 156 156 156 157 158 158 159 159 159 161 162 155 156 157 158 160 161 161 163 163 164 166 166 156 148 148 148 148 148 148 148 148 148 207 208 208 208 208 207 208 208 208 208 208 207 207 207 206 217 217 216 216 215 215 214 214 213 212 212 211 209 208 207 207 207 206 206 207 206 207 207 207 207 216 190 191 190 191 190 190 190
157 157 157 157 157 183 184 148 149 151 152 153 154 155 156 157 157 159 160 162 163 165 166 167 168 170 170 172 172 174 174 176 176 176 166 167 168 168 168 148 148 148 148 148 148 148 148 219 219 219 219 218 218 219 219 219 218 218 218 218 228 228 227 227 226 226 225 225 224 224 223 222 220 220 219 219 219 219 218 218 219 219 220 220 220 221 200 204 204 204 204 204 204 205
157 158 160 161 163 164 165 191 155 156 157 158 159 160 160 161 162 163 163 165 167 167 169 170 171 173 173 175 175 177 177 177 179 168 169 170 170 171 171 171 148 148 148 148 149 149 149 221 221 221 221 221 221 221 221 221 220 220 220 219 230 230 230 229 228 228 227 227 226 225 225 224 223 223 223 222 222 222 222 223 223 223 223 224 200 199 200 208 208 208 209 208 209 208
157 157 157 157 157 158 159 160 149 151 152 153 154 155 156 157 157 158 159 160 160 162 163 164 166 167 168 169 170 171 172 173 163 163 164 164 166 166 166 167 167 167 144 144 144 144 144 217 216 216 216 216 216 217 217 216 216 216 216 226 226 225 225 224 224 223 223 222 221 221 220 220 219 219 219 219 219 219 218 219 220 220 221 195 196 196 196 197 205 205 205 205 205 206
130 130 130 130 130 130 130 130 126 126 145 145 145 145 145 145 145 145 145 145 145 145 146 148 149 151 152 153 155 156 145 147 147 149 150 150 151 152 153 153 153 154 154 129 130 130 130 131 203 203 203 203 204 204 203 203 203 203 202 213 212 212 212 211 211 210 209 209 208 208 208 208 208 207 207 207 207 207 207 207 208 208 183 184 183 184 184 184 193 192 193 192 192 192
126 130 130 130 130 130 130 130 126 126 126 126 126 126 126 126 126 126 126 126 126 126 126 126 126 126 126 126 126 126 126 126 126 126 126 126 126 126 126 126 126 126 126 126 126 126 126 126 160 160 160 160 159 159 159 159 159 158 158 168 168 168 167 167 166 165 165 165 165 165 165 221 166 166 166 166 166 166 166 167 149 149 149 149 149 149 149 149 149 155 156 157 157 158
126 126 126 130 130 130 130 130 126 126 126 126 126 126 126 126 126 126 126 126 126 126 126 126 126 126 126 126 126 126 126 126 126 126 126 126 126 126 126 126 126 126 126 126 126 126 126 126 159 159 158 158 158 158 158 157 157 157 157 167 167 166 166 165 165 165 165 221 221 221 221 221 221 221 221 221 166 166 166 149 149 149 149 149 149 149 149 149 149 149 156 157 158 158
126 126 126 126 126 126 126 130 126 126 126 126 126 126 126 126 126 126 126 126 126 126 126 126 126 126 126 126 126 126 126 126 126 126 126 126 126 126 126 126 126 126 126 126 126 126 126 126 126 157 157 157 157 156 156 156 156 155 166 165 165 165 165 165 165 221 221 221 221 221 221 221 221 221 221 221 221 197 149 149 149 149 149 149 149 149 149 149 149 149 157 157 158 158
126 126 126 126 126 126 126 126 126 126 126 126 126 126 126 126 126 126 126 126 126 126 126 126 126 126 126 126 126 126 126 126 126 126 126 126 126 126 126 126 126 126 126 126 126 126 126 126 126 156 155 155 155 155 155 154 154 154 165 165 165 165 165 165 221 221 221 221 221 221 221 221 221 221 221 221 197 197 198 149 149 149 149 149 149 149 149 149 149 149 149 158 158 126
126 126 126 126 126 126 126 126 126 126 126 126 126 126 126 126 126 126 126 126 126 126 126 126 126 126 126 126 126 126 126 126 126 126 126 126 126 126 126 126 126 126 126 126 126 126 126 126 126 126 154 154 154 154 154 154 154 154 165 165 165 165 165 221 221 221 221 221 221 221 221 221 221 221 197 197 197 197 198 225 149 149 149 149 149 149 149 149 149 149 149 150 126 126
126 126 126 126 126 126 126 126 126 126 126 126 126 126 126 126 126 126 126 126 126 126 126 126 126 126 126 126 126 126 126 126 126 126 126 126 126 126 126 126 126 126 126 126 126 126 126 126 126 126 179 154 154 154 154 154 154 154 165 165 165 165 221 221 221 221 221 221 221 247 247 247 222 222 222 222 223 224 224 225 226 170 171 171 172 173 173 174 175 175 126 126 126 126
126 126 126 126 126 126 126 126 126 126 126 126 126 126 126 126 126 126 126 126 126 126 126 126 126 126 126 126 126 126 126 126 126 126 126 126 126 126 126 126 126 126 126 126 126 126 126 126 126 126 126 179 154 154 154 154 154 165 165 165 165 221 221 221 221 247 247 247 247 247 222 222 222 222 222 222 223 224 224 225 226 226 171 172 172 173 174 174 175 126 126 126 126 129
126 126 126 126 126 126 126 126 126 126 126 126 126 126 126 126 126 126 126 126 126 126 126 126 126 126 126 126 126 126 126 126 126 126 126 126 126 126 126 126 126 126 126 126 126 126 126 126 126 126 126 179 179 154 154 154 154 165 165 165 165 221 247 247 247 247 247 222 222 222 222 222 222 222 222 223 223 224 225 225 226 227 171 172 173 173 174 126 126 126 126 126 126 126
126 126 126 126 126 126 126 126 126 126 126 126 126 126 126 126 126 126 126 126 126 126 126 126 126 126 126 126 126 126 126 126 126 126 126 126 126 126 126 126 126 126 126 126 126 126 126 126 126 126 126 126 179 179 154 154 154 165 165 191 247 247 247 247 222 222 222 222 222 222 222 222 222 222 222 223 223 224 225 225 226 227 227 172 173 173 126 126 126 126 126 126 126 126
126 126 126 126 126 126 126 126 126 126 126 126 126 126 126 126 126 126 126 126 126 126 126 126 126 126 126 126 126 126 126 126 126 126 126 126 126 126 126 126 126 126 126 126 126 126 126 126 126 126 126 126 179 179 179 154 154 191 191 191 247 222 222 222 222 222 222 222 222 222 222 222 222 222 222 223 224 224 225 226 226 227 228 172 126 126 126 126 126 126 126 126 126 126
126 126 126 126 126 126 126 126 126 126 126 126 126 126 126 126 126 126 126 126 126 126 126 126 126 126 126 126 126 126 126 126 126 126 126 126 126 126 126 126 126 126 126 126 126 126 126 126 126 126 126 126 126 179 179 205 155 166 166 166 222 222 222 222 222 222 222 222 222 222 222 222 222 222 222 223 224 224 225 226 226 227 171 126 126 126 126 126 126 126 126 126 126 126
126 126 126 126 126 126 126 126 126 126 126 126 126 126 126 126 126 126 126 126 126 126 126 126 126 126 126 126 126 126 126 126 126 126 126 126 126 126 126 126 126 126 126 126 126 126 126 126 126 126 126 126 126 126 180 180 155 166 166 166 222 222 222 222 222 222 222 222 222 222 222 222 222 222 222 223 224 225 225 226 171 171 171 126 126 126 126 126 126 126 126 126 126 126
126 126 126 126 126 126 126 126 126 126 126 126 126 126 126 126 126 126 126 126 126 126 126 126 126 126 126 126 126 126 126 126 126 126 126 126 126 126 126 126 126 126 126 126 126 126 126 126 126 126 126 126 126 126 126 180 180 166 166 222 222 222 222 222 222 222 222 222 222 222 222 224 222 222 223 224 225 226 169 170 171 171 172 126 126 126 126 126 126 126 126 126 126 126
126 126 126 126 126 126 126 126 126 126 126 126 126 126 126 126 126 126 126 126 126 126 126 126 126 126 126 126 126 126 126 126 126 126 126 126 126 126 126 126 126 126 126 126 126 126 126 126 126 126 126 126 126 126 126 180 180 191 166 166 222 222 222 222 222 222 222 222 222 222 223 223 223 223 224 224 168 169 169 170 171 171 172 126 126 126 126 126 126 126 126 126 126 126
126 126 126 126 126 126 126 126 126 126 126 126 126 126 126 126 126 126 126 126 126 126 126 126 126 126 126 126 126 126 126 126 126 126 126 126 126 126 126 126 126 126 126 126 126 126 126 126 126 126 126 126 126 126 126 126 180 191 191 166 222 222 222 222 222 222 223 223 223 223 223 223 223 166 167 167 168 169 169 170 171 171 172 126 126 126 126 126 126 126 126 126 126 126
126 126 126 126 126 126 126 126 126 126 126 126 126 126 126 126 126 126 126 126 126 126 126 126 126 126 126 126 126 126 126 126 126 126 126 126 126 126 126 126 126 126 126 126 126 126 126 126 126 126 126 126 126 126 126 126 126 191 191 166 222 222 222 223 223 223 223 223 223 223 223 166 166 166 167 167 168 169 169 170 171 171 172 126 126 126 126 126 126 126 126 126 126 126
126 126 126 126 126 126 126 126 126 126 126 126 126 126 126 126 126 126 126 126 126 126 126 126 126 126 126 126 126 126 126 126 126 126 126 126 126 126 126 126 126 126 126 126 126 126 126 126 126 126 126 126 126 126 126 126 126 126 191 191 222 223 223 223 223 223 223 223 166 166 166 166 166 166 167 167 168 169 169 170 171 171 172 126 126 126 126 126 126 126 126 126 126 126
