testData/tiles/smallerCosts/grid0.0-10.0-10.0-20.0.asc
ncols   200
nrows   200
xllcorner   0.0
yllcorner   10.0
cellsize   0.05
NODATA_value   -9999.0
[rows 45 to 89 of 200, columns 96 to 191 of 200]
313 270 270 274 277 279 282 284 287 288 292 294 295 298 307 311 317 317 319 321 322 323 324 324 324 324 324 324 325 325 323 324 324 324 322 322 322 225 224 224 224 224 224 224 224 224 224 224 224 244 242 240 238 238 234 232 230 254 251 250 249 246 244 242 225 223 221 218 217 214 210 206 205 197 197 197 229 205 203 203 203 203 203 203 243 243 243 254 255 255 254 247 246 225 224 250
313 317 272 275 278 280 283 284 287 289 292 294 295 298 299 310 311 315 317 319 321 321 323 322 324 323 323 323 324 324 322 323 323 322 322 322 225 224 224 224 224 224 224 224 224 224 224 224 248 243 241 240 237 237 234 231 229 226 250 250 248 246 244 242 226 225 223 221 219 216 212 208 240 233 233 231 230 230 238 236 235 203 203 203 243 242 242 242 253 253 252 245 244 222 221 246
314 317 320 275 278 280 283 285 287 289 292 293 296 297 299 301 302 310 312 315 316 317 319 321 320 321 321 322 323 322 321 321 321 321 320 319 224 224 224 224 224 224 224 224 224 224 224 247 246 245 240 239 237 235 234 230 227 225 224 248 247 247 245 244 228 226 224 222 221 217 247 243 241 233 234 233 231 231 231 238 237 236 234 203 203 241 239 239 250 250 250 242 242 220 219 220
314 317 321 275 277 279 283 285 288 289 292 293 296 297 298 300 301 301 301 310 311 313 316 317 317 317 318 319 319 320 319 319 319 319 317 224 224 224 224 224 224 224 224 224 224 224 247 245 245 242 238 237 235 234 232 228 226 224 224 224 224 247 246 244 228 228 226 223 221 250 248 245 242 241 234 233 231 232 231 231 238 237 235 222 203 242 240 239 248 247 247 239 218 217 217 216
315 318 321 323 278 280 282 284 287 288 291 293 295 297 297 300 300 300 301 301 300 308 309 311 311 312 314 315 316 316 315 316 316 315 314 224 224 224 224 224 224 224 224 224 247 246 245 244 241 240 237 235 233 233 230 227 225 224 224 224 224 224 245 245 229 228 226 223 254 251 249 245 241 240 233 233 233 232 231 231 231 237 240 222 220 220 241 239 248 246 245 236 215 214 214 213
315 317 320 322 278 280 283 285 287 289 291 292 294 296 296 299 299 300 300 300 299 299 300 298 305 306 308 310 311 310 310 311 311 311 310 224 224 224 224 224 224 224 224 246 244 243 243 240 239 237 234 233 231 229 227 225 225 224 224 224 224 224 224 244 229 227 226 256 253 251 249 245 242 240 234 234 234 233 231 234 234 232 240 226 225 223 240 239 237 246 244 212 211 210 210 209
315 317 320 322 325 280 282 285 286 288 291 292 294 295 296 298 298 299 299 299 299 300 299 297 297 296 296 303 302 302 304 306 306 306 224 224 224 224 224 224 224 224 243 242 242 239 238 237 237 234 232 230 228 226 227 225 224 224 224 224 224 224 224 224 224 226 257 254 253 251 247 246 244 243 237 236 236 234 238 237 235 232 230 217 224 223 221 238 236 245 243 212 210 208 207 205
313 317 321 323 325 280 281 284 285 287 290 291 293 294 295 296 297 297 298 299 298 299 297 297 296 295 295 295 294 293 292 290 297 297 224 224 224 224 224 224 224 224 238 237 237 236 234 233 232 231 229 226 225 225 224 224 224 224 224 224 224 224 224 224 224 246 256 253 251 250 249 247 246 244 238 237 237 241 239 239 237 233 231 215 214 221 220 218 235 233 221 211 209 207 203 201
314 317 320 322 325 328 281 284 285 286 289 290 292 293 294 295 296 296 297 298 298 298 296 296 295 295 295 294 293 292 291 290 289 224 224 224 224 224 224 224 224 231 230 231 230 230 228 228 227 226 224 224 224 224 224 224 224 224 232 235 231 230 228 228 246 243 241 239 265 264 263 263 261 244 244 238 243 242 240 238 237 234 230 215 211 211 218 216 271 232 219 209 206 203 201 198
342 344 347 349 352 354 308 310 312 312 315 317 318 320 320 321 322 322 323 324 323 322 323 322 322 321 320 321 319 291 290 289 224 224 224 224 224 224 224 224 224 224 224 224 224 224 224 224 224 224 224 224 224 224 232 231 229 229 234 237 232 226 224 257 242 239 238 236 237 238 263 261 260 258 259 251 256 241 240 238 236 234 231 215 211 207 205 204 211 240 205 206 204 201 199 195
390 355 358 360 363 364 367 320 323 323 325 327 327 329 329 330 330 329 331 330 328 327 328 326 325 324 322 321 320 318 317 316 224 224 224 224 224 224 224 246 245 224 224 224 224 224 224 224 224 224 224 224 224 224 224 224 224 224 233 237 232 224 224 237 236 234 232 234 234 235 233 232 259 257 257 255 254 253 252 235 233 232 230 214 210 206 201 200 198 184 201 202 200 197 194 191
395 398 401 366 370 372 374 327 329 331 332 334 334 335 336 338 338 337 338 336 336 336 336 335 334 332 331 331 329 327 326 229 225 224 224 224 224 224 224 246 244 242 241 239 237 236 234 233 231 224 224 224 224 224 224 224 224 224 224 224 224 224 242 226 226 224 225 227 228 228 228 227 226 225 257 250 248 248 247 246 244 228 226 210 206 201 198 194 175 175 223 184 193 215 213 210
401 404 407 408 374 377 380 332 334 336 337 339 339 340 341 343 342 342 343 341 341 342 341 341 339 339 337 338 336 334 333 234 233 232 230 227 224 224 257 255 253 250 247 244 240 237 234 233 247 246 246 243 242 242 241 224 224 224 226 227 224 224 235 219 219 219 219 219 218 217 217 217 217 217 217 217 217 234 233 232 230 228 214 195 192 188 183 177 175 175 175 184 183 199 195 193
405 408 411 412 414 379 382 384 338 340 340 341 342 344 344 346 345 346 344 354 345 344 345 345 343 344 342 341 340 339 242 239 238 236 235 232 230 228 262 260 258 255 253 250 247 244 243 256 254 252 249 247 243 242 240 239 236 250 255 257 226 252 236 219 219 220 221 222 222 220 220 217 217 217 219 217 217 217 217 235 232 231 217 213 195 191 186 185 179 177 174 166 183 180 187 193
412 412 413 416 417 419 384 385 339 341 343 343 344 345 345 346 347 347 356 358 357 347 347 347 347 345 345 343 343 246 245 243 242 239 237 235 233 268 267 264 261 260 258 255 252 248 263 261 261 258 255 253 250 247 244 240 238 254 259 260 255 281 262 247 219 223 224 224 225 223 222 221 220 223 220 217 217 217 217 217 217 217 217 217 238 219 193 189 182 178 175 166 159 180 188 185
417 417 415 417 419 420 423 387 341 342 343 344 346 347 347 347 348 349 361 363 362 349 348 349 349 347 347 345 345 249 247 245 244 242 241 238 236 271 269 267 264 262 259 257 270 268 267 267 264 262 260 257 255 253 248 245 244 261 263 261 291 285 249 249 251 252 226 226 226 226 224 224 223 225 223 217 217 217 217 217 217 217 220 218 214 190 188 191 186 179 176 167 159 126 178 186
421 421 420 419 420 421 423 425 341 342 344 345 347 348 348 348 349 359 365 366 367 358 349 348 349 348 349 347 251 249 249 247 246 244 242 240 275 272 270 268 265 263 260 274 271 270 269 267 266 264 262 260 257 255 252 249 255 266 269 268 296 287 257 250 253 254 254 256 228 227 225 225 229 228 225 218 218 217 217 217 238 236 222 219 217 192 188 182 161 155 150 141 138 126 126 149
449 449 449 423 421 421 423 425 388 342 344 345 346 347 348 348 348 363 368 369 369 363 349 348 349 348 349 252 251 249 249 248 248 244 243 241 275 272 271 269 267 263 277 275 273 272 270 270 269 266 264 263 259 256 254 252 263 269 273 304 298 292 263 252 255 257 257 257 257 230 227 228 231 229 227 219 220 219 244 242 241 227 223 221 196 193 189 184 179 157 152 141 139 131 126 126
451 451 450 451 449 421 422 424 425 342 344 344 345 346 348 348 356 366 370 371 368 365 358 347 348 348 252 251 251 250 248 248 246 245 244 241 275 273 270 268 267 278 276 273 274 271 270 269 268 266 263 262 258 256 254 252 264 273 275 307 301 294 270 254 258 259 259 259 258 230 229 230 233 232 229 222 247 246 245 245 244 229 227 202 200 195 192 187 182 176 153 141 139 131 126 126
452 453 452 451 451 447 446 423 423 376 344 344 344 344 346 346 356 367 370 370 369 366 357 346 346 250 251 249 250 249 248 246 245 243 242 276 275 272 268 267 267 276 275 272 272 270 270 270 269 266 264 261 258 256 254 252 267 273 277 307 301 281 272 256 262 260 260 259 260 233 231 230 234 232 230 249 248 249 247 246 245 231 207 205 201 198 193 190 184 178 156 142 139 132 126 126
452 453 452 452 451 447 446 445 421 374 344 344 344 344 344 344 357 365 368 369 369 365 359 344 249 247 248 248 248 247 246 245 244 241 239 274 271 268 266 266 277 274 271 271 271 269 267 267 265 264 260 258 255 254 251 249 270 276 312 308 304 285 279 261 264 264 265 265 237 236 235 240 238 258 257 250 250 250 249 248 233 212 209 206 204 200 196 191 186 180 173 143 139 136 128 126
452 452 451 451 451 447 446 442 443 396 372 344 344 344 344 344 356 364 367 368 368 366 358 341 246 244 245 244 245 244 243 243 241 238 236 271 268 265 265 276 274 271 268 268 267 266 265 264 264 259 257 256 253 254 251 249 269 274 308 306 302 288 282 262 264 264 239 238 238 237 238 242 266 263 262 255 252 250 251 249 236 212 210 208 205 202 198 192 188 181 176 161 140 137 129 126
451 452 451 450 448 447 444 441 438 392 393 344 344 344 344 344 355 362 365 367 366 363 356 241 241 240 241 240 240 239 240 238 237 234 232 267 263 262 275 271 269 266 264 264 263 263 261 260 258 255 252 254 251 248 245 244 264 270 306 306 305 291 285 265 241 241 240 240 240 239 264 268 266 264 263 257 256 256 252 250 216 214 211 208 205 202 198 195 189 184 177 163 155 136 128 126
447 447 448 448 446 444 443 440 436 388 387 389 344 344 344 344 352 359 361 362 362 357 257 244 235 236 236 235 234 234 234 232 230 229 227 260 258 258 268 266 264 260 259 258 257 256 256 253 253 251 248 246 242 241 240 244 264 303 306 307 267 267 263 242 241 243 241 241 242 267 266 269 268 265 264 257 257 257 256 220 220 216 214 211 207 203 200 196 190 185 179 164 157 136 128 126
441 443 444 443 443 441 440 436 432 381 382 383 347 344 344 344 348 354 358 357 260 258 253 242 227 230 229 228 228 226 226 223 221 222 220 253 251 264 261 259 256 254 252 251 248 247 247 247 246 245 245 243 241 241 240 224 238 278 282 282 270 270 266 250 243 243 244 243 268 268 268 270 270 266 266 258 257 237 236 222 221 219 215 212 209 204 201 196 191 187 172 166 157 150 127 126
435 437 437 466 437 435 435 431 428 376 376 376 376 344 344 344 344 347 350 255 253 251 247 237 220 218 220 220 219 217 217 215 213 211 211 243 243 253 251 249 247 244 243 243 243 246 247 246 245 217 216 214 214 214 213 224 239 279 283 273 273 272 267 255 245 244 269 270 270 269 275 272 271 268 267 260 238 237 237 224 222 220 218 214 209 205 201 197 194 187 173 167 159 151 133 126
445 446 468 466 465 465 461 459 455 403 397 397 395 360 361 354 364 368 246 245 245 241 237 229 208 208 207 207 207 205 205 204 203 202 237 236 250 248 247 246 244 215 215 215 219 218 219 216 216 215 214 213 213 215 213 227 241 281 284 273 276 274 271 259 246 271 270 272 271 271 275 274 271 271 269 240 240 239 225 225 222 221 219 215 213 206 202 198 194 188 176 168 160 152 147 126
446 449 449 469 469 468 464 462 458 406 402 401 399 362 361 356 362 269 269 268 268 265 261 223 203 203 203 203 203 175 176 175 173 173 172 208 221 220 218 218 216 215 215 217 218 217 217 214 214 213 213 212 214 212 212 229 275 281 284 274 277 276 273 261 272 272 272 274 274 273 276 275 273 270 250 242 241 240 227 225 222 220 219 216 214 210 203 198 195 189 176 168 161 154 146 126
440 440 440 440 440 449 447 444 442 389 386 382 382 381 353 270 255 255 255 255 250 246 238 227 213 205 204 173 173 173 174 172 172 171 170 221 220 219 218 216 214 215 215 216 215 215 213 212 214 213 211 211 211 211 212 230 275 281 273 276 280 279 276 290 274 273 274 275 276 273 278 275 253 251 251 243 242 228 228 226 223 221 219 216 214 210 207 202 195 182 176 169 161 153 144 136
440 440 440 440 440 440 454 452 449 396 393 387 387 387 277 277 284 262 263 263 260 255 248 239 220 208 202 202 201 172 170 170 169 169 167 219 218 217 216 214 214 213 212 212 213 213 213 212 212 212 209 210 211 211 213 231 276 282 273 277 281 280 302 291 274 275 276 276 276 275 280 256 254 252 245 245 244 230 229 225 224 222 220 217 214 211 207 202 197 183 177 169 161 153 144 134
441 442 440 440 440 440 440 456 452 401 396 392 294 293 277 282 288 267 267 268 266 262 254 246 230 214 209 206 201 199 198 169 168 167 166 218 215 214 213 214 213 212 211 211 212 211 210 211 210 208 209 211 211 212 212 231 277 269 273 278 281 306 303 292 274 276 276 276 277 276 259 258 255 253 246 246 233 232 230 227 224 222 219 216 213 210 207 203 197 186 177 169 163 153 145 133
446 447 444 444 441 441 440 436 435 404 400 298 295 295 310 285 291 296 271 271 269 265 258 248 234 217 214 210 204 199 196 196 194 164 164 214 213 212 212 213 211 211 209 210 208 209 208 207 206 206 208 210 209 210 210 232 276 269 275 281 308 308 305 294 275 276 277 277 258 258 260 257 257 255 247 247 233 231 229 228 225 221 219 217 214 211 206 203 198 185 176 170 163 153 144 131
448 449 447 447 445 443 439 438 437 288 286 301 294 296 313 288 293 296 273 273 268 265 260 252 238 217 215 211 206 202 196 193 192 162 176 213 212 212 213 211 211 209 208 204 206 206 205 206 204 207 208 207 208 209 209 232 262 269 275 305 309 308 304 296 277 278 258 258 258 258 260 258 256 256 248 235 234 233 231 228 224 222 219 216 213 211 218 203 191 186 179 170 162 152 143 128
450 449 449 448 444 441 439 343 339 289 285 281 274 293 315 288 293 295 296 271 269 265 260 253 239 216 213 210 207 201 195 192 191 160 174 211 211 212 210 209 209 207 205 202 203 204 204 203 204 204 205 206 207 208 208 264 262 267 275 306 310 308 306 297 257 259 259 258 258 258 260 257 256 256 248 235 233 232 231 228 225 233 229 227 224 221 217 214 200 196 190 183 162 152 142 126
450 450 448 448 444 346 343 340 289 287 284 278 273 269 291 288 290 294 294 270 267 264 258 250 237 214 211 206 202 198 192 191 189 159 173 172 211 211 209 208 207 205 202 202 202 202 199 201 202 204 204 205 206 206 207 250 260 266 301 307 309 309 285 277 257 257 259 258 258 258 261 258 257 250 237 236 234 233 231 239 237 233 230 226 223 220 217 212 201 195 188 182 174 162 140 126
447 448 351 350 347 345 342 337 286 284 280 276 270 266 288 297 266 291 291 266 264 260 255 245 235 209 207 201 197 192 188 188 187 157 170 171 210 209 207 205 205 202 200 199 198 198 199 199 201 201 202 204 204 205 205 249 259 292 300 307 289 289 287 280 257 259 259 258 258 258 259 257 256 249 236 235 233 233 242 239 236 233 229 226 222 219 216 205 199 194 188 182 173 161 149 126
349 348 346 345 342 339 338 334 283 279 276 272 267 262 286 295 261 264 265 264 259 256 249 241 230 202 198 193 188 187 186 156 155 154 168 171 206 206 204 203 201 200 198 198 195 195 197 197 197 198 201 201 202 203 189 249 284 271 278 284 289 289 287 278 257 257 258 258 258 258 259 256 256 238 236 235 245 244 240 238 234 232 230 226 223 221 217 206 199 194 187 180 172 161 145 134
343 344 342 339 338 335 331 328 275 272 269 265 260 262 279 287 255 256 258 258 230 226 221 233 220 200 187 186 185 154 154 154 153 153 169 169 168 204 203 200 200 198 198 195 193 192 194 194 195 197 198 200 200 200 167 226 261 268 278 283 287 290 287 281 257 257 258 258 257 261 258 256 237 236 236 246 244 243 240 238 236 233 230 227 224 221 228 217 212 207 199 193 182 170 160 145
337 335 333 332 330 328 324 272 269 264 261 256 253 256 271 279 246 248 248 249 245 213 207 200 190 174 161 137 154 153 152 152 151 150 167 167 165 201 199 198 197 195 194 192 191 191 191 191 193 174 175 176 176 164 165 248 259 268 278 286 289 289 286 280 257 258 258 256 257 254 257 255 236 236 245 244 243 242 240 238 236 245 241 239 235 232 222 218 212 206 198 191 182 167 160 145
325 325 324 321 320 317 313 263 257 254 250 246 239 248 259 268 232 234 260 257 232 231 228 167 159 145 137 137 137 137 137 137 137 143 145 144 142 141 176 174 174 172 172 170 169 168 167 167 170 172 173 174 160 162 187 248 255 268 277 283 287 289 286 280 255 258 256 256 254 253 255 243 236 236 244 244 243 253 252 251 247 246 242 239 236 232 221 217 211 206 197 191 179 169 161 145
309 309 308 307 305 303 298 245 242 236 233 227 222 232 245 253 223 253 225 226 201 200 195 191 158 143 137 137 137 137 137 137 137 137 140 140 139 139 174 173 172 170 169 167 166 166 165 165 167 168 170 170 158 159 184 244 256 265 276 282 286 286 286 278 254 254 254 254 253 250 242 236 236 245 256 254 252 253 253 251 248 244 241 238 236 231 221 216 210 205 197 189 175 169 163 150
271 269 270 268 265 263 212 208 204 202 198 195 190 204 213 222 216 220 223 224 198 197 194 190 182 143 137 137 137 137 137 137 137 137 139 138 137 137 137 170 170 168 167 166 165 165 163 161 163 165 166 155 155 180 180 242 252 263 273 280 284 284 282 275 250 252 252 251 249 242 242 244 256 255 254 253 253 253 252 249 246 244 240 236 235 223 221 216 209 202 194 184 176 169 164 151
268 267 267 265 264 261 210 206 201 198 196 191 188 203 212 246 215 218 221 222 198 196 193 188 181 169 137 137 137 137 137 137 137 137 137 137 137 137 137 168 167 166 165 164 163 162 161 161 161 162 148 150 176 178 178 240 251 262 271 278 281 281 282 272 249 249 249 247 247 245 242 243 254 253 253 253 251 252 249 247 245 242 240 235 233 222 218 214 207 200 193 181 177 170 163 153
264 264 263 263 260 209 208 204 200 196 193 191 186 202 237 245 214 217 220 221 195 194 192 186 179 168 147 137 137 137 137 137 137 137 137 137 137 137 137 137 165 164 164 162 162 161 160 158 158 158 146 147 173 174 176 238 248 260 268 275 278 281 277 270 249 249 249 257 243 242 240 250 250 250 250 250 249 249 248 247 244 241 238 234 224 221 216 212 206 199 187 182 177 171 164 152
262 260 259 259 257 205 203 200 195 193 191 188 185 202 235 243 210 215 217 219 194 192 188 185 177 165 143 137 137 137 137 137 137 137 137 137 137 137 137 137 137 161 161 160 160 159 157 157 157 142 142 169 170 172 172 236 246 258 267 272 276 277 274 267 249 254 254 240 240 240 239 248 249 248 248 249 248 248 247 245 242 240 237 232 222 220 215 209 202 196 187 183 176 171 165 153
