testData/tiles/smallerCosts/grid10.0-20.0-20.0-30.0.asc
ncols   200
nrows   200
xllcorner   10.0
yllcorner   20.0
cellsize   0.05
NODATA_value   -9999.0
[rows 0 to 41 of 200, columns 0 to 93 of 200]
226 228 229 231 233 249 251 253 254 255 257 258 259 260 261 262 205 206 186 187 172 171 172 171 160 160 160 160 160 160 160 160 160 160 160 160 160 160 160 160 160 160 160 160 160 160 160 160 160 226 225 225 227 229 230 233 233 240 239 264 263 261 259 257 254 253 254 255 238 239 239 240 240 187 187 201 200 200 198 196 193 188 187 187 187 187 188 191 194 197 199 202 203 254
226 228 229 230 231 233 235 237 237 239 240 241 242 244 244 188 188 189 169 170 170 170 170 170 169 169 160 160 160 160 160 160 160 160 160 160 160 160 160 160 160 160 160 160 160 160 160 160 160 166 225 225 226 228 230 230 239 239 239 262 262 260 258 256 254 253 254 254 238 239 239 241 240 187 201 201 200 199 198 196 192 188 187 187 187 187 190 193 195 199 201 203 206 208
226 227 229 230 231 232 234 234 236 237 239 239 241 242 185 187 187 188 168 168 168 168 169 168 168 167 167 167 167 160 160 160 160 160 160 160 160 160 160 160 160 160 160 160 160 160 160 160 160 160 225 225 225 227 229 237 238 239 238 237 261 260 257 256 254 253 253 238 238 239 239 241 241 187 201 201 201 198 198 196 193 187 187 187 187 188 192 195 198 200 202 206 207 210
225 227 229 230 231 232 233 233 234 236 238 238 182 184 184 185 185 186 166 166 167 167 166 167 167 166 165 166 166 166 166 160 160 160 160 160 160 160 160 160 160 160 160 160 160 160 160 160 160 160 165 225 224 227 236 236 238 237 238 236 237 259 258 257 254 254 253 238 238 239 239 240 187 187 201 201 201 199 197 195 193 187 187 187 187 190 193 197 199 203 204 207 210 213
225 226 229 230 231 232 232 233 234 235 235 179 181 181 182 183 184 184 165 165 165 165 165 165 165 165 165 165 166 166 166 166 166 160 160 160 160 160 160 160 160 160 160 160 160 160 160 160 160 160 165 165 224 225 235 235 236 237 237 236 236 259 258 256 255 254 254 238 238 238 239 239 187 202 202 201 201 199 198 195 192 189 187 187 188 191 195 197 201 204 206 210 211 214
225 226 228 229 230 231 232 233 234 178 178 179 180 180 181 181 182 182 165 165 165 165 165 165 165 165 165 165 165 166 166 166 166 166 160 160 160 160 160 160 160 160 160 160 160 160 160 160 160 160 165 165 224 231 233 235 236 236 236 235 236 235 257 255 255 255 255 238 238 238 238 187 187 201 201 202 201 199 198 195 192 189 187 187 189 193 196 199 202 205 208 211 213 216
225 226 228 229 230 231 232 176 177 177 178 179 180 180 181 181 182 182 165 165 165 165 165 165 165 165 165 165 165 165 166 166 166 166 166 166 160 160 160 160 160 160 160 160 160 160 160 160 160 160 165 165 171 230 232 234 235 234 236 235 235 235 235 255 256 257 257 239 238 238 238 187 187 200 200 200 199 198 196 194 191 189 187 187 189 194 196 200 203 206 209 213 215 218
225 226 227 229 230 174 175 176 177 177 178 179 179 180 181 181 182 182 165 165 165 165 165 165 165 165 165 165 165 165 165 165 166 166 166 165 165 165 160 160 160 160 160 160 160 160 160 160 160 160 160 171 171 170 231 233 233 234 235 236 235 235 235 256 257 257 240 240 239 239 187 187 187 199 199 200 199 198 196 193 190 190 187 187 191 193 197 200 203 207 211 213 216 219
225 226 172 172 173 174 175 176 176 177 178 179 179 180 180 181 181 182 165 165 165 165 165 165 165 165 165 165 165 165 165 165 165 165 165 165 165 165 199 160 160 160 160 160 160 160 160 160 160 160 160 171 170 170 170 232 232 234 234 236 235 235 235 235 258 258 240 240 240 240 187 187 187 199 199 198 197 197 194 194 190 190 187 187 190 195 198 201 204 208 210 213 217 220
172 172 172 172 173 174 175 175 176 177 178 178 179 180 180 181 181 182 165 165 165 165 165 165 165 165 165 165 165 165 165 165 165 165 165 165 165 165 199 199 160 160 160 160 160 160 160 160 160 160 160 171 170 170 169 170 231 234 234 235 235 235 235 235 235 259 240 240 240 187 187 187 187 199 199 197 197 196 194 192 189 190 187 188 191 194 198 201 205 208 211 214 217 220
172 172 172 172 172 173 174 175 176 177 177 178 179 179 180 181 181 182 165 165 165 165 165 165 165 165 165 165 165 165 165 165 165 165 165 165 165 165 199 199 198 198 160 160 160 160 160 160 160 160 160 160 170 169 169 169 171 234 234 235 235 235 235 235 235 219 241 241 240 187 187 187 187 199 198 197 197 195 192 191 187 187 187 187 191 194 198 201 205 208 211 214 219 221
172 172 172 172 172 173 174 175 176 177 177 178 179 179 180 180 181 181 165 165 165 165 165 165 165 165 165 165 165 165 165 165 165 165 165 165 165 165 165 198 198 198 198 160 160 160 160 160 160 160 160 160 170 169 169 169 171 172 234 234 235 235 235 235 236 219 219 242 187 187 187 187 201 200 198 197 195 193 192 188 187 187 187 187 190 194 197 202 204 208 211 214 218 234
172 172 172 172 172 173 174 175 176 176 177 178 178 179 180 180 181 181 165 165 165 165 165 165 165 165 165 165 165 165 165 165 165 165 165 165 165 165 165 198 198 198 198 197 160 160 160 160 160 160 160 160 170 169 169 170 171 171 173 234 235 235 235 235 236 219 219 218 188 187 187 187 187 200 199 197 196 193 190 187 187 187 187 187 189 193 197 201 205 207 211 227 231 234
172 172 172 172 172 173 174 174 175 176 177 177 178 179 179 180 180 165 165 165 165 165 165 165 165 165 165 165 165 165 165 165 165 165 165 165 165 165 165 198 198 198 197 197 197 196 160 160 160 160 160 160 160 169 169 170 172 172 173 174 235 236 236 236 219 219 219 166 166 188 188 187 187 200 199 198 195 193 191 187 187 187 187 187 189 192 196 200 203 207 223 227 229 232
172 172 172 172 172 172 173 174 175 176 177 177 178 179 179 180 180 165 165 165 165 165 165 165 165 165 165 165 165 165 165 165 165 165 165 165 165 165 165 198 198 197 197 197 197 196 196 160 160 160 160 160 160 170 170 170 172 173 173 174 175 236 236 236 218 218 166 166 166 189 188 187 187 201 200 198 196 194 190 187 187 187 187 187 187 192 195 199 203 218 222 225 228 232
172 172 172 172 172 172 173 174 175 176 176 177 178 178 179 179 180 165 165 165 165 165 165 165 165 165 165 165 165 165 165 165 165 165 165 165 165 165 165 197 197 197 197 197 196 196 196 202 160 160 160 160 160 170 171 171 171 174 174 175 175 176 177 237 219 219 166 166 166 165 188 187 187 201 200 198 196 194 190 187 187 187 187 187 187 190 194 197 214 217 221 224 227 230
172 172 172 172 172 172 173 174 174 175 176 177 177 178 179 179 180 165 165 165 165 165 165 165 165 165 165 165 165 165 165 165 165 165 165 165 165 165 165 197 197 197 197 196 196 196 202 202 202 160 160 160 160 160 171 172 172 173 174 176 176 176 178 160 220 166 166 166 166 165 165 188 187 202 201 198 196 194 190 187 187 187 187 187 187 190 193 209 212 216 219 223 225 229
172 172 172 172 172 172 172 173 174 175 176 176 177 178 178 179 165 165 165 165 165 165 165 165 165 165 165 165 165 165 165 165 165 165 196 165 165 165 165 197 197 197 196 196 196 196 202 202 201 201 160 160 160 160 160 172 173 173 174 175 176 176 160 160 160 166 166 167 166 166 165 164 164 202 200 199 197 193 190 187 187 187 187 187 188 191 193 209 212 214 217 220 224 226
172 172 172 172 172 172 172 173 174 175 175 176 177 177 178 179 165 165 165 165 165 165 165 165 165 165 165 165 165 165 196 196 196 196 196 196 196 196 196 197 197 196 196 196 196 202 202 201 201 201 200 160 160 160 160 172 173 174 175 175 176 177 160 160 160 160 160 166 167 166 166 165 164 178 200 199 197 195 191 187 187 187 187 187 188 191 207 209 212 215 217 220 221 223
172 172 172 172 172 172 172 172 173 174 175 176 176 177 178 165 165 165 165 165 165 165 165 165 165 165 165 165 196 196 196 196 196 196 196 196 196 196 196 195 229 196 196 196 196 202 201 201 201 200 200 201 160 160 160 160 173 174 174 176 176 160 160 160 160 160 160 160 160 167 166 165 163 163 177 199 197 195 190 188 187 187 187 187 188 191 207 210 212 215 216 219 221 224
172 172 172 172 172 172 172 172 173 174 175 175 176 177 177 165 165 165 165 165 165 165 165 165 165 165 165 195 195 195 195 196 196 196 196 196 195 195 195 195 229 229 196 196 202 202 201 201 200 200 200 201 202 160 160 160 160 160 160 160 160 160 160 160 160 160 160 160 160 160 166 165 164 163 177 175 197 195 190 187 187 187 187 187 188 204 207 210 213 214 217 219 221 223
172 172 172 172 172 172 172 172 172 174 174 175 176 176 177 165 165 165 165 165 165 165 165 165 165 165 195 195 195 195 195 195 195 195 195 195 195 195 195 195 229 228 228 196 202 201 201 200 200 200 200 202 202 160 160 160 160 160 160 160 160 160 160 160 160 160 160 160 160 160 160 160 164 163 176 175 173 193 189 187 187 187 187 187 189 205 207 210 224 215 217 219 221 223
172 172 172 172 172 172 172 172 172 173 174 175 175 176 165 165 165 165 165 165 165 165 165 165 165 165 194 194 195 195 195 195 195 195 195 195 195 195 195 194 228 228 228 196 201 201 201 200 200 200 201 201 203 203 160 160 160 160 160 160 160 160 160 160 160 160 160 160 160 160 160 160 160 160 161 175 173 173 190 193 194 195 196 198 201 217 219 221 224 227 228 231 233 234
172 172 172 172 172 172 172 172 172 172 174 174 175 176 165 165 165 165 165 165 165 165 165 165 165 194 194 194 194 194 194 195 195 195 195 195 194 194 194 194 228 228 227 234 201 201 200 200 200 200 201 202 202 204 204 160 160 160 160 160 160 160 160 160 160 160 160 160 160 160 160 160 160 160 160 160 160 181 179 171 195 196 197 198 201 216 219 222 223 226 229 230 232 235
172 172 172 172 172 172 172 172 172 172 172 174 175 165 165 165 165 165 165 165 165 165 165 165 165 193 194 194 194 194 194 194 196 199 200 199 196 194 194 194 194 227 227 234 200 200 200 200 200 200 201 201 203 203 205 205 160 160 160 160 160 160 160 160 160 160 160 160 160 160 160 160 160 160 160 160 160 160 160 171 172 197 198 199 200 216 219 221 224 225 228 230 232 234
172 172 172 172 172 172 172 172 172 172 172 173 174 165 165 165 165 165 165 165 165 165 165 165 165 193 193 193 194 194 194 196 201 204 205 204 201 196 194 193 193 227 227 233 200 200 200 200 200 200 201 202 202 204 204 204 160 160 160 160 160 160 160 160 160 160 160 160 160 160 160 160 160 160 160 160 160 160 160 160 160 160 175 200 214 216 218 221 223 226 227 230 232 233
179 172 172 172 172 172 172 172 172 172 172 172 165 165 165 165 165 165 165 165 165 165 165 165 165 193 193 193 193 193 193 198 203 208 210 208 203 198 193 193 193 227 233 233 200 200 200 200 200 201 201 202 203 203 205 205 160 160 160 160 160 160 160 160 160 160 160 160 160 160 160 160 160 160 160 160 160 160 160 160 160 160 160 160 160 216 218 220 223 225 227 229 231 233
178 179 181 182 183 184 185 186 187 188 189 165 165 165 165 165 165 165 165 165 165 165 165 165 192 192 192 193 193 193 193 199 204 210 216 210 204 199 193 193 192 226 233 233 200 200 200 200 200 200 201 202 203 204 160 160 160 160 160 160 160 160 160 160 160 160 160 160 160 160 160 160 160 160 160 160 160 160 160 160 160 160 160 160 160 160 160 160 222 224 227 229 230 232
177 179 180 181 182 184 185 186 187 187 188 169 170 170 172 165 165 165 165 165 165 165 165 165 165 192 192 192 192 192 193 198 203 208 210 208 203 197 192 192 192 226 232 232 200 200 200 200 200 200 201 202 203 160 160 160 160 160 160 160 160 160 160 160 160 160 160 160 160 160 160 160 160 160 160 160 160 160 160 160 160 160 160 160 160 160 160 160 161 164 166 168 170 231
177 178 179 181 182 183 184 185 186 187 168 169 169 170 172 172 173 173 165 165 165 165 165 165 165 191 191 192 192 192 192 194 199 202 203 202 199 194 192 192 191 191 232 232 200 200 200 200 200 200 201 202 195 195 196 197 198 198 199 160 160 160 163 164 163 163 164 163 162 163 162 161 160 160 160 160 160 160 160 160 160 160 160 160 160 160 160 160 160 160 165 167 169 171
176 177 179 180 181 182 184 185 185 166 167 168 169 169 170 172 172 173 173 174 174 165 165 165 165 191 191 191 191 192 192 192 194 197 198 197 194 192 191 191 191 191 232 231 200 200 200 200 200 246 195 195 195 195 196 197 197 197 198 199 160 162 163 163 163 163 163 163 163 162 162 160 160 160 160 160 160 160 160 160 160 160 160 160 160 160 160 160 160 160 160 160 168 170
175 177 178 179 181 182 183 184 165 166 167 167 168 169 170 170 172 172 173 173 174 174 174 165 165 190 191 191 191 191 191 191 191 191 191 191 191 191 191 191 191 197 231 231 200 200 200 243 245 195 195 195 195 195 196 196 197 198 198 211 162 163 163 163 163 163 163 163 162 162 161 160 160 160 160 160 160 160 160 160 160 160 160 160 160 160 160 160 160 160 160 160 160 160
174 176 177 179 180 181 182 183 164 165 166 167 168 168 169 170 170 172 172 173 173 174 174 174 175 174 190 190 190 191 191 191 191 191 191 191 191 191 190 190 190 197 231 231 243 243 252 195 195 195 195 195 195 195 196 196 197 197 210 210 210 162 162 163 163 163 162 162 162 161 161 160 160 160 160 160 160 160 160 160 160 160 160 160 160 160 160 160 160 160 160 160 160 160
174 175 177 178 179 180 182 163 164 165 165 166 167 168 168 169 170 170 172 172 173 173 173 174 174 174 208 190 190 190 190 190 190 190 190 190 190 190 190 190 190 196 242 253 252 200 200 200 200 201 195 195 195 195 195 196 196 209 210 210 211 210 162 162 163 162 162 162 161 161 160 160 160 160 160 160 160 160 160 160 160 160 160 160 160 160 160 160 160 160 160 160 160 160
173 174 176 177 179 180 161 162 163 164 165 166 166 167 168 169 169 170 170 172 172 173 173 173 174 174 174 207 207 190 190 190 190 190 190 190 190 190 189 189 235 252 220 204 204 204 204 205 205 204 203 203 195 195 195 196 208 209 209 210 210 211 162 161 162 162 162 161 161 160 160 160 160 160 160 160 160 160 160 160 160 160 160 160 173 160 160 160 160 160 160 160 160 160
172 174 175 176 178 159 160 161 162 163 164 165 166 167 167 168 169 169 170 170 172 172 172 173 173 173 173 174 207 207 207 189 189 189 189 189 189 189 189 235 244 171 171 205 206 206 207 207 209 207 208 205 203 195 195 207 207 208 208 209 209 210 210 161 161 162 161 160 160 160 160 160 160 160 160 160 160 160 160 160 160 160 160 160 160 177 160 160 160 160 160 160 160 160
171 173 174 176 157 158 159 161 162 163 164 164 165 166 167 167 168 168 169 169 170 171 172 172 172 173 173 173 173 173 207 207 189 189 189 189 189 234 234 164 164 171 172 174 209 208 209 209 211 210 210 208 207 203 206 206 208 208 209 209 209 209 209 161 160 161 160 160 160 160 160 160 160 160 160 160 160 160 160 160 160 160 160 160 161 163 164 181 160 160 160 160 160 160
170 172 153 155 156 157 159 160 161 162 163 164 164 165 166 167 167 168 168 169 169 170 170 171 172 172 172 173 173 173 173 173 173 173 164 164 164 164 164 164 164 174 175 176 210 211 211 213 212 214 212 212 210 219 215 206 207 207 208 208 209 208 209 209 160 160 160 160 160 160 160 160 160 160 160 160 160 160 160 160 160 160 160 161 163 164 165 167 168 160 160 160 160 160
115 97 152 154 155 157 158 159 160 161 162 163 164 165 165 166 167 167 168 168 169 169 170 170 171 171 172 172 172 172 172 172 173 164 164 164 164 164 164 165 167 175 177 178 213 212 213 214 215 215 215 214 224 224 220 215 206 206 207 207 208 208 208 208 160 160 160 160 160 160 160 160 160 160 160 160 160 160 160 160 160 160 161 162 164 165 167 168 170 171 160 160 160 160
96 96 97 99 100 102 103 158 159 160 161 162 163 164 165 165 166 167 167 168 168 168 169 169 170 171 171 171 117 118 118 118 118 164 164 164 164 164 164 167 169 178 179 179 180 213 215 216 216 217 216 228 227 226 222 219 215 206 206 206 207 207 207 207 160 160 160 160 160 160 160 160 160 160 160 160 160 160 160 160 160 161 162 164 165 167 168 170 172 172 174 175 160 160
96 96 96 98 99 101 102 103 104 106 107 107 108 109 110 111 111 112 112 113 113 114 114 115 115 115 115 117 117 117 117 117 163 163 163 163 176 164 166 169 170 179 180 181 181 215 215 217 217 218 229 230 228 227 224 222 218 206 205 205 206 206 206 206 206 160 160 160 160 160 160 160 160 160 160 160 160 160 160 160 160 162 163 165 166 168 170 172 173 175 176 177 160 160
96 96 96 97 98 100 101 102 104 105 106 107 108 108 109 110 110 111 112 112 113 113 114 114 114 115 115 115 116 116 116 163 163 163 163 173 179 183 168 170 179 181 181 182 183 216 217 218 219 219 230 231 229 228 227 225 221 215 205 205 205 205 205 205 205 160 160 160 160 160 160 160 160 160 160 160 160 160 160 160 161 163 164 166 168 170 171 173 174 176 177 178 160 160
