testData/tiles/smallerCosts/grid0.0-20.0-10.0-30.0.asc
ncols   200
nrows   200
xllcorner   0.0
yllcorner   20.0
cellsize   0.05
NODATA_value   -9999.0
[rows 0 to 50 of 200, columns 96 to 191 of 200]
235 235 235 236 237 237 237 238 238 252 252 253 254 254 254 254 253 254 253 252 252 252 252 252 251 252 251 250 249 247 252 249 245 244 203 211 257 257 257 256 255 253 251 249 248 248 239 238 233 233 232 227 226 178 178 176 176 176 176 176 176 176 176 175 175 175 230 230 231 241 242 242 243 237 237 286 272 272 272 271 271 269 268 267 210 209 207 206 206 213 217 220 222 224 225 227
230 232 232 233 234 234 233 233 247 248 248 249 249 249 249 250 249 249 247 247 247 249 248 248 248 247 246 245 243 239 236 230 229 235 203 211 211 257 256 256 255 254 252 250 249 249 239 239 234 288 288 227 180 179 177 176 177 177 177 177 177 177 176 176 175 175 230 230 231 231 233 234 235 284 285 286 286 272 272 271 270 269 267 266 264 263 206 206 206 213 216 219 222 224 225 226
227 226 228 228 229 229 230 244 244 244 243 243 243 243 243 242 243 242 242 242 243 242 243 241 241 239 238 235 229 229 229 229 229 229 203 211 210 210 256 255 254 254 252 250 249 239 239 239 293 288 287 180 179 178 178 177 177 177 177 177 177 176 176 176 176 176 228 229 229 229 273 283 284 284 284 284 285 285 272 270 269 267 266 265 264 262 260 206 206 211 216 219 222 223 225 226
220 222 223 223 224 225 225 238 239 239 239 239 237 237 237 236 236 236 236 237 236 235 234 232 233 226 227 228 228 228 229 229 229 229 203 202 202 202 209 208 253 252 250 250 250 240 295 294 294 246 241 240 180 179 178 177 177 177 177 176 176 176 176 176 176 176 176 221 270 297 273 273 282 283 283 284 284 285 271 270 268 267 265 264 262 260 259 258 257 211 216 219 221 223 225 226
213 214 214 216 217 217 232 233 233 233 231 231 231 230 230 229 228 228 229 230 225 225 225 225 225 226 226 227 228 229 228 228 229 228 184 202 203 201 200 200 198 197 203 203 203 248 247 247 247 246 246 240 179 178 178 177 177 177 177 177 176 176 176 176 194 193 242 295 295 295 296 297 297 298 306 282 282 282 283 267 266 264 262 262 261 260 259 258 257 266 216 219 221 223 225 226
201 201 202 202 202 203 216 216 216 216 216 217 217 217 219 220 221 221 223 224 225 225 225 225 225 225 225 226 226 227 228 227 228 227 182 203 201 200 199 197 198 197 197 197 241 240 240 240 239 239 238 237 176 176 176 176 176 176 176 176 176 176 194 193 193 242 241 240 294 292 293 294 294 295 295 305 306 280 280 264 264 263 262 261 260 259 258 257 257 266 270 219 221 223 224 226
201 201 202 201 201 216 216 216 216 217 216 216 217 219 220 222 224 226 227 227 227 228 225 225 225 225 225 225 226 225 227 226 225 226 181 199 200 199 197 197 197 197 197 240 240 240 240 239 239 238 238 237 176 176 176 176 176 176 176 176 193 193 193 242 241 240 240 240 291 291 291 291 292 293 293 293 294 303 304 277 263 262 262 261 260 259 258 257 256 265 268 272 221 222 216 216
200 200 201 201 201 216 216 215 215 216 216 217 218 219 221 225 227 228 229 230 230 230 228 227 226 225 225 225 225 225 225 225 225 223 179 199 197 197 197 197 197 197 239 240 240 240 239 239 238 238 237 236 176 176 176 176 176 176 176 193 193 240 240 240 240 240 240 240 240 290 290 290 290 291 292 293 293 293 294 293 262 262 261 260 259 259 258 257 256 265 268 262 265 216 216 216
200 200 201 200 214 215 215 215 215 215 215 217 219 221 223 227 229 230 232 232 232 233 230 229 229 226 225 225 225 225 225 224 224 224 179 197 197 197 197 197 197 239 239 239 239 238 238 238 237 236 236 235 176 176 176 176 176 176 191 191 240 240 240 240 240 240 240 240 240 290 290 290 290 291 291 292 292 293 293 293 292 252 251 251 250 249 248 247 247 256 258 262 264 267 216 216
198 199 199 200 214 214 215 214 214 214 214 216 219 222 225 227 230 232 235 235 235 233 232 232 229 227 225 225 226 226 225 226 226 223 179 197 197 197 197 197 241 240 240 240 240 240 240 239 239 238 237 236 176 176 176 176 176 192 192 241 241 241 240 240 240 240 240 240 241 241 294 292 291 291 291 291 291 292 292 292 291 277 250 250 249 248 248 247 246 255 256 261 264 266 268 216
141 198 199 212 212 213 213 213 214 214 214 216 218 222 225 228 232 235 237 236 235 235 232 232 230 227 226 226 225 225 226 225 224 224 179 198 197 198 197 243 243 242 242 242 242 242 241 241 240 240 239 238 177 176 176 176 194 243 242 242 242 242 240 240 241 244 245 246 247 245 299 297 294 294 292 290 290 291 291 291 290 290 276 249 248 248 247 246 246 245 255 260 262 265 267 269
139 139 140 154 155 212 212 212 212 212 213 215 217 221 225 228 232 235 240 238 235 234 233 231 229 227 226 225 225 224 224 224 223 223 179 199 192 192 245 245 245 245 244 244 244 243 243 242 242 241 240 239 178 177 176 176 244 244 243 242 242 242 242 245 247 249 250 251 252 251 251 302 300 297 296 293 290 290 290 290 289 289 275 248 248 247 246 246 245 244 253 259 262 264 266 268
137 138 138 153 153 153 153 154 154 211 211 213 217 222 224 227 230 234 235 236 234 233 232 231 228 226 225 224 223 223 223 224 225 225 175 192 192 192 247 247 247 246 247 245 245 245 245 244 243 243 242 241 180 179 178 251 250 244 244 243 243 244 246 249 251 254 255 257 256 256 255 307 304 301 299 296 292 290 289 289 288 288 274 273 247 246 246 245 244 244 253 257 203 206 209 210
134 135 150 150 151 151 152 151 152 152 152 154 158 161 222 226 228 231 233 233 232 231 230 228 227 224 223 223 223 224 225 217 217 217 175 175 194 249 249 249 249 249 248 248 247 247 246 246 245 244 243 242 181 229 228 253 251 250 245 244 243 247 250 254 256 258 260 261 262 261 260 260 309 305 302 299 296 292 288 288 288 287 287 273 246 246 245 196 196 196 196 198 203 205 207 209
134 134 148 148 148 148 149 149 150 150 149 152 155 159 162 165 168 170 171 171 172 227 226 225 224 223 223 223 214 216 216 217 217 175 175 175 250 250 251 251 251 251 250 250 250 248 248 247 246 245 245 243 231 230 255 254 252 251 245 244 246 250 254 256 260 262 265 265 267 266 265 262 258 309 305 301 301 294 289 287 230 229 229 215 214 196 196 196 196 196 196 197 201 204 207 208
125 125 138 148 148 148 148 147 147 147 147 149 152 155 158 162 163 166 168 168 169 169 168 167 158 157 157 158 158 217 218 218 220 175 176 177 252 253 252 253 253 253 253 252 251 250 249 249 248 247 246 294 233 231 256 255 253 252 251 245 249 252 257 260 263 266 269 271 271 271 269 267 220 262 258 254 252 246 242 236 233 228 228 214 213 196 196 196 196 196 196 196 199 203 205 207
125 139 139 139 139 139 139 139 139 139 139 139 142 145 147 150 153 155 156 158 158 158 157 158 157 157 157 159 160 161 162 163 164 164 164 176 197 197 198 198 198 198 198 198 198 198 198 198 198 198 239 238 222 222 222 222 222 222 222 222 222 222 222 222 222 222 222 222 222 222 222 221 220 220 264 260 256 251 246 241 238 235 232 227 213 196 196 196 196 196 196 196 198 201 203 206
125 139 139 139 139 139 139 139 139 139 139 140 141 144 147 149 152 153 155 155 157 158 157 157 157 158 159 160 161 163 163 165 166 164 164 178 179 200 199 200 200 200 199 199 199 198 198 198 198 242 240 239 222 222 222 222 222 222 222 222 222 222 222 222 222 222 222 222 227 230 231 229 225 220 218 264 260 255 250 244 240 239 236 233 215 196 196 196 196 196 196 196 196 199 203 205
126 140 140 140 139 139 139 139 139 139 139 141 142 143 146 148 150 152 153 155 154 156 157 157 158 159 160 162 162 164 165 165 167 164 179 180 180 201 201 202 202 202 202 201 200 199 198 198 244 243 242 240 222 222 222 222 222 222 222 222 222 222 222 222 222 222 222 227 235 238 238 234 229 224 218 215 262 257 252 246 242 241 238 236 219 196 196 196 196 196 196 196 196 199 201 203
127 140 140 140 140 140 140 139 139 139 140 141 143 144 146 147 148 151 152 153 154 155 156 158 158 160 162 162 164 164 166 167 164 164 180 181 182 182 203 203 204 203 203 203 202 201 199 247 245 244 243 241 222 222 222 222 222 222 222 222 222 222 222 222 222 222 224 234 240 248 242 236 232 225 219 215 263 258 253 247 243 242 240 238 222 196 196 196 196 196 196 196 196 197 199 202
127 141 141 141 140 140 140 200 140 139 141 142 144 145 146 148 149 150 152 154 154 156 157 158 160 161 162 164 164 166 167 168 164 164 182 182 183 184 205 206 205 206 205 205 203 203 250 249 247 245 244 222 222 222 222 222 222 222 222 222 222 222 222 222 222 222 228 235 240 243 241 238 232 226 221 215 210 259 254 248 244 243 241 239 223 196 196 196 196 196 196 196 196 196 198 202
195 208 208 208 208 208 208 207 207 207 209 210 211 213 215 214 216 218 218 220 221 221 223 224 224 226 227 227 229 229 230 230 186 242 242 244 244 246 266 267 274 275 275 274 273 271 319 317 315 313 311 250 248 247 271 270 268 266 265 266 269 273 271 266 270 282 288 235 238 239 238 235 230 226 219 214 210 205 253 248 244 243 241 240 225 197 196 196 196 196 196 196 196 196 197 201
205 219 219 219 218 218 218 219 218 217 219 221 223 223 225 227 227 229 231 230 232 234 234 235 236 237 238 239 240 241 242 198 198 254 254 263 263 264 264 284 284 283 283 281 279 326 324 322 318 316 313 250 249 247 272 270 268 267 265 265 268 271 271 273 282 288 295 299 294 296 294 292 289 283 279 273 208 203 198 247 245 244 243 241 225 198 196 196 196 196 196 196 196 196 196 200
196 209 209 209 209 209 209 208 208 209 210 211 213 214 215 216 217 218 220 221 221 223 225 225 226 227 228 229 230 230 231 194 195 250 252 252 254 254 256 276 278 279 279 279 326 324 322 320 318 316 254 252 250 249 273 271 270 268 266 265 268 269 273 274 282 288 292 235 238 238 237 235 225 221 216 211 206 201 197 192 245 244 243 241 226 198 196 196 196 196 196 196 196 196 196 199
131 143 143 143 143 143 143 143 143 143 143 145 146 147 149 151 152 153 154 156 157 158 160 161 162 164 164 166 175 175 177 136 190 190 192 194 194 197 198 199 221 222 222 270 268 266 266 263 261 259 197 194 193 192 215 213 212 211 211 211 211 211 212 217 223 228 230 232 234 234 234 231 228 224 220 208 203 199 194 192 191 245 244 242 226 199 197 196 196 196 196 196 196 196 196 198
144 143 143 143 143 143 143 143 143 143 143 145 147 148 149 151 153 153 155 157 157 159 160 161 163 171 172 173 175 177 136 136 190 192 193 196 196 198 200 201 223 224 226 272 271 268 267 264 262 200 198 195 194 192 192 215 213 211 211 211 211 211 216 218 222 226 230 230 232 231 229 226 224 220 216 212 207 203 192 192 191 191 244 242 201 199 198 196 196 196 196 196 196 196 196 197
131 144 144 144 143 143 143 143 143 143 144 146 147 148 150 151 153 154 155 157 158 159 161 168 170 172 172 174 175 176 136 136 193 193 195 197 198 199 202 202 204 224 274 272 272 269 268 266 263 202 199 197 195 193 192 215 214 212 211 211 211 211 216 222 221 225 227 228 229 228 227 224 221 217 212 208 203 200 199 199 191 191 191 243 202 200 199 197 196 196 196 196 196 196 196 196
131 145 144 144 144 144 143 143 143 144 144 146 148 148 150 152 152 154 156 156 158 166 168 169 170 172 172 175 177 178 136 137 193 194 197 197 199 200 202 203 204 254 273 273 272 270 268 266 264 202 200 198 195 194 192 191 215 213 211 211 211 211 216 221 221 221 224 226 226 225 224 222 218 215 210 206 201 200 200 200 199 199 191 174 174 202 200 198 196 196 196 196 196 196 208 212
131 145 145 145 144 144 144 144 143 143 145 147 148 149 150 152 153 154 156 164 165 167 167 169 171 172 175 176 178 136 136 138 194 195 197 199 199 201 202 203 252 253 272 272 270 269 268 267 204 203 201 198 197 194 193 191 215 213 211 211 211 215 217 220 222 219 221 223 223 222 221 219 215 213 208 203 203 202 201 201 200 200 199 174 174 174 201 199 197 196 209 205 196 196 206 211
132 146 145 145 145 145 144 144 144 144 145 147 148 149 151 152 153 162 162 164 166 166 168 170 172 173 176 177 179 136 136 139 194 196 197 199 199 201 202 203 253 253 253 272 271 269 268 206 204 202 200 199 196 194 192 191 189 213 212 211 211 218 220 221 221 218 218 219 220 218 218 215 212 209 208 205 205 204 204 202 201 200 174 174 174 174 174 218 216 214 211 207 199 196 206 209
132 146 146 146 145 145 145 145 144 144 146 146 148 150 150 152 161 161 163 164 165 168 170 171 173 175 176 178 135 136 138 139 196 196 198 199 200 201 202 251 251 252 252 251 270 269 268 206 204 202 201 198 197 194 193 191 189 188 212 211 216 220 221 222 222 218 218 217 217 215 214 214 212 210 209 260 207 205 205 204 204 176 174 174 177 175 174 171 171 215 212 209 203 196 196 207
133 147 146 146 146 146 145 145 145 144 145 147 148 149 158 159 160 161 163 165 167 169 170 172 174 175 178 178 135 136 138 138 196 196 198 198 199 200 201 251 251 251 250 250 250 269 207 206 204 203 201 199 197 195 193 191 190 188 187 210 217 221 223 224 224 224 220 220 218 217 216 268 267 266 263 262 262 261 261 260 179 178 195 193 177 176 175 173 171 170 214 210 205 196 196 206
162 147 147 147 146 146 146 145 145 145 146 147 148 156 158 159 160 163 163 166 168 169 172 172 175 175 177 179 135 137 138 194 195 197 198 199 199 200 250 251 250 251 250 250 248 208 206 205 203 202 200 198 196 194 192 191 189 188 187 187 220 222 225 225 225 225 221 224 221 272 271 269 268 266 265 264 263 263 263 253 253 251 197 195 179 178 175 174 172 170 166 166 207 199 196 206
163 177 147 147 147 147 146 146 146 145 146 154 155 157 157 159 162 163 165 166 169 170 172 174 174 177 177 135 135 137 137 140 195 196 196 199 199 249 249 249 249 250 249 249 188 187 205 205 203 202 199 198 196 195 192 191 189 188 187 191 196 199 224 226 226 226 222 222 275 272 271 271 268 267 266 265 264 255 255 255 254 253 252 196 181 179 177 175 173 171 168 166 155 150 196 196
163 177 177 148 147 147 147 146 146 146 152 154 156 156 159 159 162 165 165 168 168 171 171 174 174 177 177 134 136 137 138 138 196 196 197 197 198 248 249 248 249 248 248 247 187 185 185 204 203 201 200 198 197 194 193 191 188 187 187 192 196 198 199 201 227 227 222 275 274 273 273 270 270 268 267 258 258 258 257 256 255 254 253 252 182 181 179 176 175 172 169 166 163 150 149 149
164 164 177 158 148 147 147 147 146 153 153 153 155 158 159 161 162 165 166 168 169 171 173 174 176 176 134 134 135 136 138 138 195 195 197 197 247 247 247 247 247 248 248 187 186 185 184 183 202 200 199 197 196 193 192 190 188 187 187 194 198 199 200 200 201 201 255 255 255 255 255 255 255 255 259 259 259 258 258 258 256 256 254 239 238 183 180 178 176 173 170 167 164 159 149 149
164 164 178 177 148 148 148 147 154 153 153 154 155 158 160 161 164 164 167 167 170 170 173 173 176 131 133 133 135 136 137 138 194 195 196 196 245 247 247 247 247 247 186 186 185 183 183 182 181 199 199 196 195 193 192 190 187 186 188 194 198 199 201 201 202 201 255 255 255 255 255 255 255 261 260 260 260 260 259 258 258 256 256 240 239 183 182 179 178 175 172 168 165 160 152 149
165 164 178 178 159 148 148 155 154 154 153 154 157 158 160 162 164 165 167 168 170 172 172 175 175 131 133 134 134 137 137 138 193 194 195 245 245 246 245 246 185 186 185 185 184 184 182 182 180 179 177 196 194 193 191 189 187 186 190 195 199 201 201 201 201 256 255 255 255 255 255 264 263 262 261 261 261 260 260 260 258 258 257 241 240 238 183 181 178 176 173 170 166 161 154 149
165 165 165 178 159 151 155 155 155 154 155 155 157 159 160 163 163 166 166 169 169 172 172 174 130 131 132 134 134 135 136 137 193 194 194 244 244 245 245 185 184 184 184 183 182 182 181 180 178 178 176 176 193 192 190 188 186 185 191 195 198 200 201 202 202 256 255 255 255 255 265 264 262 262 262 262 261 261 261 260 259 259 243 243 241 240 184 182 180 178 175 171 167 162 156 149
166 165 165 179 159 166 158 155 155 156 156 157 158 159 161 162 164 165 167 168 170 171 172 174 130 130 133 133 134 134 136 136 192 192 193 243 244 243 184 183 183 183 183 183 182 181 180 179 178 177 175 174 172 191 189 188 186 185 192 196 199 200 200 201 201 256 256 255 255 266 266 264 264 262 262 263 263 262 261 261 260 259 245 243 242 240 185 183 181 178 176 173 169 164 157 149
107 166 166 179 167 166 158 156 156 157 157 158 158 159 161 162 165 165 167 168 169 171 172 128 130 130 131 132 134 134 135 135 192 192 242 242 182 182 182 183 183 182 182 181 181 180 179 178 176 176 174 173 171 170 168 187 185 184 191 195 198 200 201 202 201 255 255 255 267 266 266 264 263 263 264 266 263 263 263 261 261 261 245 244 242 241 186 184 181 180 177 174 170 165 159 149
107 107 166 173 167 167 158 159 158 158 159 158 159 160 161 162 164 164 167 167 170 170 126 128 129 129 131 131 133 133 135 135 136 190 240 180 182 181 182 181 181 180 180 179 179 178 179 177 177 175 174 172 171 170 168 167 185 182 191 195 198 199 200 201 256 255 255 272 267 265 265 265 264 264 267 273 267 263 263 263 261 247 246 244 244 242 186 185 183 181 178 174 172 167 161 150
107 107 107 113 108 167 168 160 161 159 159 160 160 160 161 163 164 165 166 168 168 125 126 127 128 130 130 131 131 133 133 134 74 179 180 179 180 180 180 180 180 180 180 179 179 177 177 176 175 173 173 171 170 168 167 165 164 164 191 195 198 199 199 200 200 254 273 272 267 266 264 264 264 265 265 267 264 264 263 263 262 247 246 246 244 243 188 185 184 181 179 176 172 168 162 151
107 107 114 113 99 109 109 162 161 160 160 160 160 161 161 163 163 164 166 167 168 125 125 127 127 129 129 131 131 132 72 73 74 178 178 179 178 179 179 180 179 178 178 177 177 176 175 174 173 172 171 169 169 167 166 164 164 164 171 175 196 198 199 200 200 271 272 271 266 266 264 264 265 265 265 265 264 264 264 264 249 248 247 246 245 243 188 186 184 182 179 176 173 169 163 152
108 114 114 114 99 110 109 103 103 103 160 161 162 161 162 162 163 164 166 167 122 124 125 126 126 127 129 70 70 71 72 72 72 122 177 177 178 178 178 178 177 177 176 175 175 174 175 173 173 171 171 169 168 166 166 164 164 164 170 173 175 177 178 199 217 272 272 270 265 265 265 265 266 265 265 265 265 264 264 264 250 248 248 247 245 244 188 187 185 182 180 177 173 170 144 132
115 115 114 99 99 99 111 103 104 103 103 103 103 103 103 103 103 103 106 61 62 63 65 65 67 67 68 68 68 70 70 71 120 120 176 177 176 177 176 176 176 176 176 176 175 174 173 172 171 170 169 167 167 165 164 164 164 164 169 173 175 176 177 195 196 271 271 270 265 265 265 265 266 266 265 265 265 265 265 250 250 249 248 247 246 244 189 187 185 182 180 177 154 150 145 133
116 115 115 99 99 99 112 103 104 104 104 103 103 103 103 103 103 103 60 60 62 62 63 65 66 66 67 68 69 69 70 69 119 120 175 175 175 175 174 176 175 175 174 174 173 173 171 171 170 168 168 166 165 164 164 164 164 164 168 172 174 176 195 195 195 196 250 249 245 265 266 265 266 266 266 266 266 265 265 251 250 249 249 247 246 191 189 188 165 163 161 158 154 151 145 133
116 115 99 99 99 99 99 105 105 105 105 103 103 103 103 103 103 59 59 60 61 61 63 63 64 64 67 66 67 67 68 69 119 118 118 173 173 174 174 174 173 173 172 172 171 171 170 169 168 167 166 164 164 164 164 164 164 164 167 170 172 192 193 194 195 196 248 248 245 245 246 246 246 246 246 246 246 245 231 231 231 229 229 228 226 171 170 168 166 163 161 158 155 151 146 134
116 99 99 99 99 99 99 105 105 106 105 106 103 104 103 103 103 59 59 59 60 61 62 62 63 64 65 65 66 67 68 116 117 117 117 173 172 173 172 172 171 172 171 171 169 169 169 169 167 167 165 164 164 164 164 164 164 164 165 169 189 191 192 193 194 195 194 249 245 245 246 246 247 247 246 246 246 246 231 231 231 230 229 228 173 171 170 168 166 164 161 159 155 152 146 134
99 99 99 99 99 99 99 93 105 106 105 106 103 104 103 104 59 59 59 59 59 60 61 61 63 63 64 64 66 65 66 115 116 115 117 116 172 171 170 171 170 170 170 170 169 169 167 167 166 165 164 164 164 164 164 164 164 164 165 169 189 190 191 192 192 192 194 195 245 245 245 246 247 247 247 246 246 232 232 231 231 230 229 174 173 171 170 168 166 164 161 159 155 152 146 135
99 99 99 99 100 100 99 93 93 106 106 106 106 104 104 59 59 59 59 59 59 59 59 60 61 61 62 63 64 64 65 113 115 115 115 115 170 169 169 169 169 169 168 168 167 167 166 165 164 164 164 164 164 164 164 164 164 164 164 184 187 189 190 190 191 192 194 195 191 246 246 246 246 247 247 247 232 232 232 232 230 230 175 174 173 172 170 168 167 164 162 159 156 151 146 135
