testData/tiles/smallerCosts/grid40.0-30.0-50.0-40.0.asc
ncols   200
nrows   200
xllcorner   40.0
yllcorner   30.0
cellsize   0.05
NODATA_value   -9999.0
[rows 132 to 175 of 200, columns 0 to 95 of 200]
124 124 124 124 147 147 147 147 147 107 107 107 107 107 107 107 107 107 108 109 110 111 111 66 66 66 67 69 70 71 71 72 72 73 73 73 74 75 77 78 79 80 81 82 75 76 77 78 79 81 79 78 77 76 75 73 72 71 71 71 71 71 71 71 71 71 71 71 71 71 71 71 71 71 71 87 88 89 89 89 92 91 90 88 85 85 85 85 87 81 81 81 81 133 126 143
124 124 124 124 124 147 147 102 107 107 107 107 107 107 107 107 107 108 109 64 64 65 65 66 66 68 69 71 71 72 72 73 73 74 74 74 74 75 76 78 79 80 81 82 83 76 77 78 79 79 79 78 77 76 74 73 72 71 112 71 71 71 71 71 71 71 71 71 71 71 71 71 71 71 71 88 89 89 89 89 93 92 90 88 86 85 85 85 87 81 81 81 81 81 143 143
124 124 124 124 124 102 102 98 107 107 107 107 107 60 60 60 61 62 63 64 65 66 67 67 68 69 70 71 73 73 74 74 74 75 75 75 75 75 76 77 79 80 81 82 83 76 76 119 120 120 120 119 118 117 116 115 114 113 112 110 109 108 107 106 105 76 74 73 104 103 71 71 71 71 71 88 89 90 90 94 93 92 91 89 87 85 85 85 87 81 81 81 81 88 88 143
77 77 32 32 32 55 51 60 60 60 60 60 60 60 60 61 62 63 64 65 66 67 68 68 69 70 71 72 74 74 75 75 75 75 75 76 76 76 76 77 78 79 81 124 125 126 118 118 119 119 119 118 118 117 116 115 114 112 111 110 109 108 107 106 104 75 74 73 104 103 102 100 101 103 71 89 90 90 94 94 94 93 91 90 87 85 85 85 87 81 81 81 88 88 88 143
32 32 32 32 32 51 51 60 60 60 60 60 60 60 60 61 62 64 65 66 67 68 69 70 70 72 73 74 74 75 76 76 76 76 76 76 76 76 76 119 120 121 122 123 124 125 117 117 118 118 118 117 117 116 115 114 113 112 111 110 109 108 106 105 104 103 74 73 104 102 101 100 102 103 104 131 132 137 95 95 94 93 92 90 88 85 85 85 87 81 81 81 88 88 88 88
32 32 32 32 28 51 51 60 60 60 60 60 60 60 60 62 63 64 65 67 68 69 70 71 71 73 74 75 75 76 76 76 77 77 76 76 118 118 117 118 119 120 121 122 123 124 116 116 116 117 116 116 116 115 114 113 112 111 110 109 108 107 106 105 104 103 74 73 103 102 101 101 102 104 105 132 133 137 137 137 137 94 93 91 88 86 85 85 87 81 81 88 88 88 88 88
32 32 32 28 28 51 51 60 60 60 60 60 60 60 61 62 63 65 66 67 68 70 71 72 73 74 76 77 78 78 77 77 77 77 118 119 118 118 118 118 119 120 121 122 122 123 115 115 115 115 115 115 115 114 113 113 112 111 110 109 108 107 106 105 103 102 74 104 103 102 101 101 103 103 105 132 137 138 138 138 137 136 135 91 89 86 85 85 87 87 81 88 88 88 88 88
32 32 28 28 28 51 51 60 60 60 60 60 60 60 61 62 64 65 66 68 69 70 71 74 75 76 78 78 79 80 78 120 119 119 118 118 118 117 117 117 118 119 120 121 121 122 114 114 114 114 114 114 114 113 112 112 111 110 109 108 107 106 105 104 103 102 74 104 103 102 100 101 103 104 106 137 138 138 138 138 138 137 136 134 132 129 85 85 87 87 88 88 88 88 88 88
32 28 28 28 28 51 51 60 60 60 60 60 60 60 61 63 64 65 67 68 69 71 73 74 76 78 80 81 80 121 121 120 119 118 118 118 118 118 116 116 117 118 119 120 120 121 112 113 113 113 113 113 112 112 111 111 110 109 108 107 106 106 105 104 102 101 74 103 102 101 100 101 103 104 106 137 138 139 139 139 138 137 136 134 132 129 127 127 87 87 88 88 88 88 88 88
28 28 28 28 28 51 60 60 60 60 60 60 60 60 61 63 64 65 67 68 69 71 73 75 78 79 82 82 124 122 122 121 119 118 118 117 117 117 116 116 117 117 118 119 119 120 111 112 112 112 112 112 111 111 110 110 109 108 108 107 106 105 104 103 102 101 74 103 102 101 100 102 103 105 110 112 139 139 139 139 139 138 136 135 133 130 127 127 129 120 88 88 88 89 88 88
28 28 28 28 28 28 51 60 60 60 60 60 60 60 61 63 64 65 67 68 69 72 74 75 77 80 122 124 122 122 121 120 119 118 117 116 116 116 115 115 116 116 117 118 118 119 110 110 111 111 111 110 110 110 109 109 108 107 107 106 105 104 103 102 101 100 74 102 101 100 100 101 103 109 111 112 139 140 140 140 139 138 137 135 133 130 127 127 127 162 130 88 89 88 88 88
28 28 28 28 28 28 51 60 60 60 60 60 60 60 61 62 64 65 66 68 69 71 73 76 120 120 122 123 123 122 121 120 119 118 116 116 115 114 114 114 115 115 116 117 117 118 109 109 109 110 109 109 109 109 108 108 107 106 106 105 104 103 102 102 101 100 74 102 101 100 100 102 104 110 111 113 139 140 140 140 139 139 137 136 134 131 128 127 160 162 130 130 131 88 88 88
28 28 28 28 28 28 51 60 60 60 60 60 60 60 61 62 63 65 66 67 68 71 73 117 119 120 121 122 122 121 120 119 117 116 115 115 114 114 113 113 114 115 115 116 116 117 108 108 108 108 108 108 108 108 107 107 106 106 105 104 103 103 102 101 100 99 74 101 100 99 99 101 108 110 112 113 140 140 141 140 140 139 138 136 134 131 128 127 160 162 130 131 131 108 88 88
28 28 28 28 28 28 51 60 60 60 60 60 60 60 60 62 63 64 65 67 68 112 114 116 117 118 119 120 118 118 118 117 116 115 113 113 113 113 111 112 113 114 114 115 115 115 107 107 107 107 107 107 107 106 106 106 105 105 104 103 102 102 101 100 99 98 74 100 99 98 99 102 108 111 112 113 140 141 141 141 140 139 138 137 134 132 129 127 160 162 131 131 131 120 121 121
28 28 28 28 28 28 28 60 60 60 60 60 60 60 60 61 62 64 65 66 109 111 113 114 115 117 117 118 116 117 116 115 115 113 112 112 111 111 111 111 112 113 113 114 114 114 106 106 106 106 106 106 106 105 105 105 104 104 103 102 102 101 100 99 98 97 74 100 99 98 99 106 109 111 113 114 115 141 141 141 141 140 139 137 135 132 129 160 160 163 131 131 121 121 121 121
28 28 28 28 28 28 28 60 60 60 60 60 60 60 60 61 62 63 64 107 108 109 111 112 114 114 115 115 115 113 114 113 112 111 111 110 110 110 110 110 111 111 112 112 113 113 104 105 105 105 105 105 104 104 104 103 103 102 102 101 101 100 99 98 98 97 74 99 98 97 100 107 109 111 113 114 115 141 142 141 141 140 139 137 135 133 130 160 160 161 131 131 121 121 121 121
28 28 28 28 28 28 28 51 60 60 60 60 60 60 60 60 61 104 105 106 107 108 110 110 112 112 113 113 113 111 111 110 110 109 109 108 108 108 109 109 110 110 111 111 112 103 103 104 104 104 104 104 103 103 103 102 102 101 101 100 100 99 98 97 97 96 99 98 97 97 100 107 110 112 113 114 115 142 142 142 141 140 139 138 136 133 130 160 161 161 163 131 121 121 121 122
28 28 28 28 28 28 28 28 60 60 60 60 60 60 60 60 102 103 104 105 106 107 107 109 109 111 111 111 110 110 108 108 107 107 107 107 106 107 108 108 109 109 110 110 111 102 102 102 102 102 102 102 102 102 102 101 101 100 100 99 99 98 97 97 96 95 98 97 97 97 104 108 110 112 114 115 116 116 142 142 142 141 140 138 136 134 163 161 161 161 163 121 121 121 121 122
28 28 28 28 28 28 28 28 51 60 60 60 60 60 60 102 102 102 103 104 105 106 106 107 107 108 108 108 108 108 106 106 105 105 105 105 105 106 107 107 108 108 109 109 100 101 101 101 101 101 101 101 101 101 100 100 100 99 99 98 98 97 96 96 95 94 97 97 97 97 105 108 110 112 114 115 116 116 142 142 142 141 140 138 136 134 164 161 161 161 162 121 121 121 122 122
28 28 28 28 28 28 28 28 28 60 60 60 60 60 102 102 102 102 102 103 104 104 105 105 106 106 106 106 106 105 105 104 104 103 103 104 104 105 106 106 107 107 108 108 99 100 100 100 100 100 100 100 100 100 99 99 99 98 98 97 97 96 95 95 94 93 97 97 97 101 105 108 111 113 114 115 116 117 143 143 142 141 140 139 137 134 165 161 161 161 139 121 121 122 122 122
28 28 28 28 28 28 28 28 28 51 60 60 60 102 102 102 102 102 102 102 103 103 104 104 104 105 105 105 104 104 104 103 103 102 102 103 103 104 105 105 106 106 107 98 98 98 99 99 99 99 99 99 99 98 98 98 98 97 97 96 96 95 94 94 93 93 97 97 97 102 106 109 111 113 114 116 116 117 117 143 142 142 140 139 137 135 166 162 161 162 139 121 121 122 122 122
28 28 28 28 28 28 28 28 28 28 60 60 102 102 102 102 102 102 102 102 102 102 102 103 103 103 103 103 103 103 102 102 102 102 102 102 102 103 104 104 105 105 105 97 97 97 98 98 98 98 98 98 98 97 97 97 96 96 96 95 95 94 93 93 93 88 97 97 97 102 106 109 111 113 115 116 117 117 117 143 143 142 141 139 137 169 166 162 161 143 151 121 122 122 122 122
28 28 28 28 28 28 28 28 28 28 51 102 102 102 102 102 102 102 102 102 102 102 102 102 102 102 102 102 102 102 102 102 102 102 102 102 102 102 103 103 104 104 95 96 96 96 96 96 97 97 97 96 96 96 96 96 95 95 95 94 94 93 93 93 93 88 97 97 97 102 106 109 111 113 115 116 117 117 118 118 143 142 141 139 137 169 166 162 162 143 151 121 122 122 122 123
28 28 28 28 28 28 28 28 28 28 70 93 102 102 102 102 102 102 102 102 102 102 102 102 102 102 102 102 102 102 102 102 102 102 102 102 102 102 102 102 102 94 94 95 95 95 95 95 95 95 95 95 95 95 95 95 94 94 93 93 93 93 93 93 93 88 97 97 101 103 106 109 112 114 115 116 117 118 118 118 143 142 141 140 138 169 166 163 143 143 151 121 121 122 122 123
28 28 28 28 28 28 28 28 28 70 70 93 93 102 102 102 102 102 102 102 102 102 102 102 102 102 102 102 102 102 102 102 102 102 102 102 102 102 102 102 93 93 93 93 94 94 94 94 94 94 94 94 94 94 94 93 93 93 93 93 93 93 93 93 93 88 97 97 101 103 107 110 112 114 115 117 117 118 118 118 118 143 141 140 139 170 167 163 143 143 151 121 121 122 123 123
28 28 28 28 28 28 28 28 28 70 70 70 93 93 102 102 102 102 102 102 102 102 102 102 102 102 102 102 102 102 102 102 102 102 102 102 102 102 102 93 93 93 93 93 93 93 93 93 93 93 93 93 93 93 93 93 93 93 93 93 93 93 93 93 88 88 97 97 101 103 107 110 112 114 116 117 117 118 118 118 118 143 142 140 139 170 167 143 143 151 152 121 121 122 123 123
28 28 28 28 28 28 28 28 70 70 70 70 70 93 93 93 102 102 102 102 102 102 102 102 102 102 102 102 102 102 102 102 102 102 102 102 102 93 93 93 93 93 93 93 93 93 93 93 93 93 93 93 93 93 93 93 93 93 93 93 93 93 93 93 88 88 97 97 101 104 107 110 112 114 116 117 118 118 118 118 118 117 142 140 139 170 144 143 143 151 152 121 121 121 123 123
28 28 28 28 28 28 28 70 70 70 70 70 70 93 93 93 93 93 102 102 102 102 102 102 102 102 102 102 102 102 102 102 102 102 102 93 93 93 93 93 93 93 93 93 93 93 93 93 93 93 93 93 93 93 93 93 93 93 93 93 93 93 93 93 88 88 97 101 101 104 107 110 113 114 116 117 118 118 118 118 118 117 142 141 140 170 144 143 143 151 152 121 121 121 123 123
28 28 28 28 28 28 70 70 70 70 70 70 70 70 93 93 93 93 93 93 102 102 102 102 102 102 102 102 102 102 102 102 102 93 93 93 93 93 93 93 93 93 93 93 93 93 93 93 93 93 93 93 93 93 93 93 93 93 93 93 93 93 93 88 88 88 97 101 101 104 108 110 113 115 116 117 118 118 119 118 118 117 116 142 140 147 146 143 143 152 152 121 121 121 121 123
28 28 28 28 28 28 70 70 70 70 70 70 70 70 70 93 93 93 93 93 93 93 93 93 93 93 93 93 93 93 93 93 93 93 93 93 93 93 93 93 93 93 93 93 93 93 93 93 93 93 93 93 93 93 93 93 93 93 93 93 93 93 93 88 88 88 97 101 101 104 108 111 113 115 116 117 118 119 119 119 118 117 116 142 117 148 146 143 143 152 152 121 121 121 121 121
28 28 28 28 28 70 70 70 70 70 70 70 70 70 70 70 93 93 93 93 93 93 93 93 93 93 93 93 93 93 93 93 93 93 93 93 93 93 93 93 93 93 93 93 93 93 93 93 93 93 93 93 94 94 94 94 94 94 94 94 94 94 88 88 88 88 97 101 101 104 108 111 113 115 116 117 118 119 119 119 118 117 116 102 117 148 146 143 143 152 152 121 121 121 121 122
28 28 28 28 70 70 70 70 70 70 70 70 70 70 70 70 70 93 93 93 93 93 93 93 93 93 93 93 93 93 93 93 93 93 94 93 93 93 93 93 93 93 93 93 93 93 93 93 94 94 95 95 95 95 96 96 96 96 96 96 96 96 88 88 88 88 99 102 102 105 108 111 113 115 117 118 118 119 119 119 118 118 102 102 124 148 146 143 143 152 152 121 121 121 121 122
28 28 28 28 70 70 70 70 70 70 70 70 70 70 70 70 70 70 93 93 93 93 93 93 93 93 94 94 94 94 94 94 94 94 94 94 94 94 94 94 94 94 94 93 93 94 94 95 95 96 96 96 97 97 97 97 97 97 97 97 97 88 88 88 88 88 100 104 103 107 109 112 113 115 117 118 119 119 119 119 119 102 102 102 102 122 146 143 143 152 152 121 121 121 121 122
28 28 28 70 70 70 70 70 70 70 70 70 70 70 70 70 70 70 70 93 93 93 93 94 94 94 94 94 94 94 94 94 94 94 94 94 94 94 94 94 94 94 94 95 96 96 96 96 97 97 98 98 98 98 99 99 99 99 99 99 88 88 88 88 88 88 102 105 105 108 111 113 115 116 117 118 119 119 119 119 102 102 102 102 102 123 146 143 143 152 152 121 121 121 121 122
28 28 28 70 70 70 70 70 70 70 70 70 70 70 70 70 70 70 70 70 94 94 94 94 94 94 94 94 94 94 94 94 95 95 95 95 95 94 94 94 94 95 96 96 97 98 98 99 99 99 99 99 100 100 100 100 100 100 101 100 88 88 88 88 88 88 103 107 106 110 112 115 116 117 119 119 119 119 119 102 102 102 102 102 102 123 121 143 152 152 152 121 121 121 121 122
28 28 70 70 70 70 70 70 70 70 70 70 70 70 70 70 70 70 71 71 71 94 94 94 94 94 95 95 95 95 95 95 95 95 95 95 95 95 95 96 96 97 98 98 98 99 100 100 101 101 101 101 101 101 102 102 102 102 102 88 88 88 88 88 88 88 104 108 108 111 115 116 118 119 120 120 120 120 102 102 102 102 102 102 102 123 121 117 140 152 152 121 121 121 121 122
28 70 70 70 70 70 70 70 70 70 70 70 70 70 70 70 71 71 71 71 71 71 94 95 95 95 95 95 95 95 95 95 95 95 95 95 95 95 96 97 98 99 99 100 101 101 101 101 102 102 103 103 104 103 103 103 103 104 88 88 88 88 88 88 88 88 106 109 109 112 116 117 120 120 121 122 122 102 102 102 102 102 102 102 102 123 121 117 116 152 152 121 121 121 121 122
39 81 81 81 81 81 81 70 70 70 70 70 70 70 70 71 71 71 71 71 72 72 72 72 95 95 95 95 95 95 95 95 95 95 95 95 96 96 97 98 99 100 101 101 102 103 103 104 104 104 104 105 105 105 105 105 105 88 88 88 88 88 88 88 88 88 111 111 110 114 117 119 121 122 123 102 102 102 102 102 102 102 102 102 102 123 121 117 116 126 152 121 121 121 122 122
81 81 81 81 81 81 81 81 81 81 81 81 70 71 71 71 71 71 72 72 72 72 72 72 72 95 95 95 95 95 96 96 96 96 96 97 98 99 100 99 100 101 102 103 103 104 105 105 106 106 107 106 107 107 107 107 106 88 88 88 88 88 88 88 88 88 109 112 112 115 119 120 122 124 102 102 102 102 102 102 102 102 102 102 102 123 121 117 116 126 152 121 121 121 121 122
81 81 81 81 81 81 81 81 81 81 81 81 82 82 82 82 72 72 72 72 72 72 72 72 72 73 73 96 96 96 96 96 96 96 97 98 99 100 101 102 103 103 104 105 105 105 106 107 107 108 108 109 109 108 109 109 88 88 88 88 88 88 88 88 88 88 110 114 113 117 120 121 102 102 102 102 103 102 102 102 102 102 102 102 102 123 121 117 116 126 126 121 121 121 121 122
81 81 81 81 81 81 81 81 81 81 82 82 82 82 82 83 83 83 83 72 72 72 73 73 73 73 73 73 73 96 96 96 96 97 98 99 100 101 102 103 104 105 106 106 107 108 108 108 109 109 110 110 111 111 110 88 88 88 88 88 88 88 88 88 88 112 112 115 115 118 100 100 102 103 104 104 104 103 103 102 102 102 102 102 102 123 121 117 116 126 126 116 121 121 121 122
53 81 81 81 81 81 81 81 81 82 82 82 82 83 83 83 83 83 83 83 84 73 73 73 73 73 73 73 73 73 73 96 97 98 99 100 101 102 103 104 105 106 107 108 108 109 110 110 111 111 111 112 112 112 88 88 88 88 88 88 88 88 88 88 88 88 113 117 95 96 100 101 103 105 105 105 105 104 103 102 102 102 102 102 102 123 121 117 116 126 126 116 116 116 121 122
53 53 53 81 81 81 81 81 82 82 82 82 83 83 83 83 83 83 84 84 84 84 84 84 73 73 73 73 73 73 73 74 75 99 100 101 102 103 104 105 106 107 108 109 110 110 111 112 112 113 114 113 88 88 88 88 88 88 88 88 88 88 88 88 88 88 92 95 95 98 101 102 105 106 106 106 106 105 104 103 102 102 102 102 102 102 121 117 116 126 126 116 116 116 116 122
53 53 53 53 81 81 81 82 82 82 82 83 83 83 83 83 83 84 84 84 84 84 84 84 84 84 73 73 73 73 74 75 76 77 78 79 103 104 105 106 107 108 109 110 111 112 113 113 114 114 115 88 88 88 88 88 88 88 88 88 88 88 88 88 88 88 93 96 96 99 103 104 106 107 107 107 107 106 105 104 103 102 102 102 102 102 122 117 116 126 126 116 116 116 116 116
