testData/tiles/smallerCosts/grid20.0-40.0-30.0-50.0.asc
ncols   200
nrows   200
xllcorner   20.0
yllcorner   40.0
cellsize   0.05
NODATA_value   -9999.0
[rows 135 to 179 of 200, columns 96 to 191 of 200]
139 143 146 149 151 153 157 160 162 169 171 171 216 215 214 213 213 212 291 208 207 206 206 219 217 215 215 212 210 209 199 198 197 199 198 197 196 194 194 193 193 193 193 193 196 194 193 191 150 148 147 145 145 145 144 144 145 146 142 142 142 142 142 142 143 142 142 142 142 142 142 142 142 142 142 142 142 142 142 142 142 142 142 142 142 142 142 142 142 142 142 142 142 142 170 170
141 144 148 150 153 156 241 243 246 253 255 256 299 298 297 296 295 295 293 291 290 288 286 284 301 299 297 294 292 292 281 200 201 200 200 199 198 196 195 194 193 193 193 193 198 195 194 192 152 149 147 146 145 144 144 144 145 146 142 142 142 142 142 142 143 142 142 142 142 142 142 142 142 142 142 142 142 142 142 142 142 142 142 142 142 142 142 142 142 142 142 142 142 142 172 169
143 145 230 234 236 239 241 245 248 256 259 257 302 301 299 298 296 296 295 293 291 290 288 287 303 300 297 296 294 294 283 284 284 283 282 200 198 198 197 196 193 193 193 193 199 197 194 193 153 151 148 147 145 144 144 144 145 144 142 142 142 142 142 142 143 143 142 142 142 142 142 142 142 142 142 142 142 142 142 142 142 142 142 142 142 142 142 142 142 142 142 142 142 142 171 170
226 229 231 235 238 240 243 246 249 252 258 303 303 301 301 299 298 297 295 294 293 292 290 287 303 301 299 296 296 298 288 286 285 285 284 283 281 280 279 196 193 193 193 193 199 198 196 194 154 152 149 148 147 144 144 144 145 142 142 142 142 142 142 143 143 143 144 142 142 142 142 142 142 142 142 142 142 142 142 142 142 142 142 142 142 142 142 142 142 142 142 142 142 142 191 170
227 230 233 236 238 241 244 246 249 251 258 303 303 303 302 300 299 299 297 295 293 292 290 288 304 302 301 298 301 300 288 288 287 286 285 283 283 282 280 278 276 241 193 193 200 199 197 196 154 153 150 149 148 145 144 144 145 142 142 142 142 142 142 144 144 144 144 142 142 142 142 142 142 142 142 142 142 142 142 142 142 142 142 142 142 142 142 155 156 156 157 157 157 157 190 221
228 230 234 236 240 241 244 246 249 251 258 302 303 302 301 301 300 299 298 296 294 293 292 290 306 304 301 302 301 301 290 289 289 288 286 285 284 283 281 279 278 242 241 240 283 199 198 197 155 153 152 150 148 146 145 144 145 142 142 142 142 142 143 144 145 145 145 147 142 142 142 142 142 142 142 142 142 142 142 142 142 142 142 142 153 154 154 155 155 155 155 156 156 156 220 231
230 232 234 236 240 241 244 246 248 250 257 303 303 302 302 301 301 299 299 298 296 294 293 291 308 305 306 303 302 301 291 291 290 288 287 286 284 283 282 280 279 244 243 240 240 282 280 198 156 154 153 151 149 147 146 144 143 142 142 142 143 142 144 144 146 146 147 148 142 142 142 142 142 142 142 142 142 142 142 142 142 154 154 153 153 153 153 154 154 154 154 155 154 155 187 218
230 232 234 236 239 242 244 246 248 250 256 303 302 302 302 301 300 299 298 299 297 295 295 293 307 308 306 304 304 303 292 292 290 289 288 287 286 285 283 281 280 279 244 241 240 283 281 279 239 236 154 152 150 148 147 145 143 142 142 142 143 143 145 145 146 146 148 148 142 142 142 142 142 142 142 142 142 142 142 142 155 153 153 153 153 153 153 153 153 153 153 153 153 153 153 186
228 232 235 237 239 240 244 246 247 249 295 301 302 303 302 301 300 300 298 298 297 295 294 293 311 309 307 306 305 305 294 292 291 290 289 288 287 285 284 283 282 280 244 243 240 284 282 280 239 237 236 233 151 149 148 146 142 142 142 143 143 144 145 146 146 147 149 149 148 142 142 142 142 142 142 142 142 142 157 157 156 154 153 153 153 153 153 153 153 153 153 153 153 153 153 184
228 231 234 236 239 241 243 246 248 249 295 301 302 302 302 302 301 300 299 299 297 295 294 296 312 311 308 308 307 306 295 294 293 292 291 290 288 287 285 284 283 280 245 244 241 285 283 281 240 238 237 234 233 231 148 146 142 142 142 143 143 145 146 147 147 148 149 150 149 142 142 142 142 142 142 142 160 158 157 156 156 154 153 153 153 153 153 153 153 153 153 153 153 153 153 183
228 230 234 236 238 240 242 244 247 248 294 300 301 301 301 301 301 300 300 299 298 296 298 296 314 311 310 309 308 307 296 295 294 293 292 290 289 288 287 285 284 282 246 244 242 242 284 282 241 239 237 235 233 232 230 148 142 142 142 142 144 145 146 147 148 148 150 150 150 150 142 142 142 142 142 160 158 158 158 157 155 153 153 153 153 153 153 153 153 153 153 153 153 153 153 181
227 230 232 236 238 240 242 244 246 248 294 300 301 301 301 301 301 300 299 299 299 297 299 297 297 311 311 310 309 309 298 297 296 295 293 292 290 289 288 287 284 283 247 245 244 242 285 243 241 240 237 236 234 233 230 229 224 142 143 143 145 145 147 147 148 149 150 150 150 151 142 142 142 142 160 161 159 158 158 157 155 154 153 153 153 153 153 153 153 153 153 153 153 153 153 153
226 230 231 234 237 239 242 243 245 246 293 294 300 300 301 301 300 300 299 299 299 300 298 297 297 313 312 312 311 310 299 298 297 295 294 293 292 290 289 287 285 284 281 246 244 242 285 244 242 240 238 237 235 233 232 226 225 224 222 143 144 146 147 148 148 150 150 150 151 151 142 142 142 162 161 161 159 158 157 156 154 153 153 153 153 153 153 153 153 153 153 153 153 153 153 153
225 228 230 233 235 239 241 243 244 246 292 293 300 301 301 300 300 300 299 299 300 301 298 297 297 314 314 313 313 312 301 299 298 297 295 294 293 292 289 288 286 284 282 246 244 243 243 245 242 241 239 237 236 233 233 227 226 226 224 224 145 146 146 147 149 150 151 151 151 152 152 142 162 162 161 159 159 159 158 157 155 154 153 153 153 153 153 153 153 153 153 153 153 153 153 153
224 228 230 233 235 238 240 242 244 245 291 292 298 299 300 301 301 300 300 302 300 300 299 298 298 315 315 315 314 302 301 300 299 298 297 295 294 292 290 289 286 285 283 247 245 244 263 246 243 241 240 238 237 234 233 228 227 225 225 224 226 146 147 148 149 151 151 152 152 152 153 163 162 163 162 160 159 158 157 155 154 153 153 153 153 153 153 153 153 153 153 153 153 153 153 153
223 227 229 232 234 237 238 241 243 244 291 292 298 299 299 300 299 299 299 302 301 300 300 300 299 299 315 315 315 304 303 302 300 299 298 296 294 293 291 311 309 308 305 270 268 266 225 267 266 264 262 261 258 257 234 228 227 227 226 225 226 227 228 148 149 150 151 152 153 153 182 163 163 162 161 159 159 159 158 156 155 154 153 153 153 153 153 153 153 153 153 153 153 153 153 153
222 226 229 231 233 236 238 240 241 244 291 292 292 298 299 299 299 299 302 302 300 300 301 301 300 300 317 316 315 305 304 303 302 300 298 319 317 316 313 312 310 308 306 271 269 266 225 224 266 265 263 260 259 258 252 252 250 249 227 226 226 226 228 229 150 150 151 153 153 153 183 164 163 162 161 160 159 158 157 155 154 153 153 153 153 153 153 153 153 153 153 153 153 153 153 153
223 225 227 230 232 235 237 239 240 243 289 291 291 298 299 299 299 302 302 302 302 302 302 302 302 301 319 318 317 306 304 304 302 323 321 320 317 316 314 312 310 309 307 271 269 227 225 224 267 265 264 261 259 259 253 252 251 250 249 248 226 226 227 229 230 150 151 152 154 183 183 182 163 162 160 159 158 157 155 154 153 153 153 153 153 153 153 153 153 153 153 153 153 153 153 153
224 225 227 229 231 234 236 238 240 287 288 289 291 296 298 298 299 302 303 303 303 303 303 304 304 303 320 319 308 306 305 325 324 323 321 320 318 317 314 313 311 309 308 272 268 228 226 224 223 266 263 262 260 259 253 252 251 250 250 249 247 248 227 228 229 230 231 152 153 184 183 182 162 160 159 159 158 157 155 154 153 153 153 153 153 153 153 153 153 153 153 153 153 153 153 153
224 226 228 229 231 233 235 237 239 241 287 289 290 290 297 298 302 304 304 305 305 305 305 305 305 305 305 320 309 329 328 327 325 324 322 321 319 317 315 313 312 310 308 271 230 228 227 225 223 266 264 262 260 255 253 252 251 251 250 248 247 248 249 250 229 230 231 232 182 182 182 181 162 160 159 158 157 155 154 153 153 153 153 153 153 153 153 153 153 153 153 153 153 153 153 153
224 227 228 230 232 233 235 237 239 241 287 289 290 292 298 302 303 304 305 306 306 306 306 306 305 305 305 311 332 331 329 328 326 325 323 321 319 317 316 314 312 311 307 271 231 229 227 225 223 222 264 263 261 254 253 253 252 251 249 249 248 248 249 249 250 230 230 262 261 181 181 181 160 159 158 157 157 155 154 153 153 153 153 153 153 153 153 153 153 153 153 153 153 153 153 153
233 234 237 239 240 242 244 237 239 241 288 290 291 293 299 303 305 306 307 307 308 308 308 307 307 306 306 316 333 332 330 329 327 325 323 321 320 318 316 315 313 309 308 233 231 229 228 225 223 222 265 263 261 253 253 252 251 251 250 249 248 248 249 248 249 250 230 259 260 260 179 179 158 158 157 156 155 154 153 153 153 153 153 153 153 153 153 153 153 154 153 153 153 154 154 154
233 235 236 238 241 243 244 246 248 249 288 290 291 294 298 305 306 307 308 309 309 310 309 309 308 329 318 318 334 333 330 329 327 325 324 322 320 319 317 314 311 310 308 233 232 230 227 225 224 222 220 263 255 254 253 252 251 250 249 248 247 247 247 248 249 250 250 280 258 258 258 177 157 157 156 155 153 153 153 153 153 153 153 153 153 153 153 154 154 154 154 155 156 156 156 156
233 235 237 239 240 243 245 239 240 242 289 290 292 294 298 305 306 308 310 311 311 311 311 311 332 330 318 318 334 333 331 329 328 326 324 323 321 319 316 314 312 310 269 234 232 229 227 226 224 222 220 262 256 254 253 252 251 250 249 248 248 246 246 247 248 249 278 279 279 257 257 256 155 155 155 154 153 153 153 153 153 153 153 153 153 153 154 155 157 156 157 157 158 158 159 158
226 227 229 231 233 234 236 239 241 242 289 291 293 297 299 301 307 309 310 311 312 312 312 333 332 321 319 318 317 332 332 330 328 326 325 323 320 317 316 314 312 271 270 234 231 229 228 226 224 222 219 213 256 254 253 252 250 249 248 247 247 245 246 247 247 248 277 278 278 278 255 255 235 154 153 153 153 153 153 153 153 153 153 153 153 154 156 157 157 158 159 160 160 161 161 161
225 228 229 231 233 235 236 238 240 243 290 291 293 298 300 301 308 310 311 312 314 314 336 334 323 322 320 318 317 333 331 329 328 326 323 321 319 318 316 314 312 272 269 233 231 230 228 226 224 221 220 213 256 254 253 251 250 249 248 248 246 244 245 246 246 246 277 277 277 277 276 254 235 234 153 153 153 153 153 153 153 153 153 153 154 156 157 159 159 160 161 162 163 163 163 163
225 227 230 231 233 235 237 238 240 242 289 291 296 298 300 302 303 310 312 314 315 316 337 326 324 322 320 319 317 315 331 329 327 325 323 321 320 318 316 314 274 271 269 233 231 230 228 226 223 222 215 213 211 254 252 251 249 248 247 246 245 244 244 245 245 275 276 276 276 275 275 253 234 233 153 153 153 153 153 153 153 153 153 154 155 157 159 161 160 162 163 164 165 166 166 166
225 227 229 230 233 235 237 239 240 242 289 291 295 297 299 301 304 310 312 314 316 340 338 326 324 322 321 318 316 314 330 329 327 325 323 322 320 318 316 274 273 271 269 233 231 230 227 225 223 222 215 213 211 208 252 250 249 248 246 245 244 243 244 243 244 274 275 275 274 274 274 274 233 231 231 153 153 153 153 153 153 153 153 154 157 159 161 161 162 164 165 166 167 168 168 168
225 227 229 230 232 234 237 238 240 242 289 291 295 297 299 301 302 304 311 313 336 337 326 325 323 321 319 318 316 314 312 329 327 325 323 321 320 317 276 274 273 271 269 233 231 229 227 225 223 217 215 213 210 208 252 250 248 246 245 245 243 242 243 242 243 273 274 274 273 273 273 273 254 230 230 229 153 153 153 153 153 153 153 156 158 160 162 162 164 166 167 169 170 170 171 170
225 227 228 230 232 234 235 237 240 242 244 293 295 297 299 300 302 304 310 333 335 325 325 323 322 321 319 317 316 314 312 310 327 325 323 320 318 278 276 274 272 271 269 233 230 229 227 225 223 216 214 212 210 208 207 250 247 245 244 244 243 241 241 241 242 272 273 272 272 272 272 272 252 251 229 228 228 153 153 153 153 153 154 156 159 161 161 163 165 167 169 171 172 173 173 173
224 226 228 230 232 233 235 237 239 240 242 293 295 296 298 300 301 303 304 332 323 323 323 322 321 320 318 317 315 313 312 310 325 323 322 320 279 277 276 274 272 270 268 232 230 228 227 225 218 215 213 212 210 208 206 204 247 245 243 242 242 239 240 240 241 271 271 271 271 271 271 270 251 250 228 227 227 153 153 153 153 153 155 157 159 162 162 164 166 169 171 172 174 175 175 175
223 225 227 230 231 233 235 237 238 240 242 291 293 295 296 299 300 301 315 321 321 321 321 321 320 318 317 316 313 312 310 308 307 323 321 281 279 277 275 274 271 269 267 232 230 228 226 225 217 215 213 211 210 208 205 203 202 245 243 241 240 238 239 239 240 269 269 270 270 270 270 269 249 249 249 226 226 225 153 153 153 153 155 158 160 160 163 165 167 170 172 174 176 177 178 177
223 225 226 228 230 233 234 236 238 239 244 291 292 294 295 297 298 298 312 313 318 319 318 318 317 316 315 314 312 311 309 308 306 304 282 280 278 277 274 272 270 269 267 231 230 228 225 218 217 215 213 211 209 207 205 203 202 202 243 240 238 238 238 239 239 268 268 269 269 269 268 268 248 248 248 226 226 226 227 153 153 153 156 158 158 161 163 166 168 170 173 175 177 179 180 179
223 224 226 228 229 231 233 235 237 239 243 290 291 293 294 295 287 310 311 311 312 317 317 316 316 315 314 312 311 310 308 307 266 265 281 279 277 275 273 272 270 268 267 231 229 226 220 218 216 214 213 211 208 206 205 203 202 202 202 240 238 237 237 238 267 267 267 268 268 267 267 267 247 247 247 247 226 226 227 230 153 153 156 158 159 161 163 166 168 171 173 175 178 180 183 180
222 224 225 227 229 230 232 234 235 237 242 244 290 292 283 284 285 308 309 310 310 310 315 315 314 313 312 311 310 309 307 267 265 263 261 278 276 274 273 271 269 268 266 229 228 221 219 217 216 214 212 210 208 206 204 203 202 202 202 202 238 237 237 236 236 266 266 267 266 266 266 266 246 246 246 246 226 226 227 229 153 153 156 156 158 161 163 166 168 170 173 175 177 179 180 179
220 222 225 226 228 230 231 233 234 239 240 242 278 279 281 283 306 307 307 308 308 308 313 313 312 312 311 310 308 267 266 265 263 262 260 259 275 274 272 270 269 266 230 229 227 220 219 217 215 213 211 209 207 206 204 202 202 202 202 202 202 237 236 236 236 266 266 265 265 265 265 265 246 246 246 246 246 226 227 229 232 153 155 156 158 160 163 165 167 170 172 174 176 177 178 211
220 221 223 225 227 229 230 232 233 238 229 230 277 278 279 280 303 304 305 305 305 305 305 310 310 309 308 268 267 266 265 263 262 261 259 258 256 273 271 269 267 265 230 228 221 220 218 216 214 212 210 209 207 205 203 202 202 202 202 202 202 202 236 236 236 266 265 265 265 265 265 265 246 246 246 246 246 226 226 229 231 153 153 155 157 160 162 164 166 169 205 206 208 209 209 209
219 221 222 224 225 227 219 221 222 227 228 229 230 277 278 279 302 302 303 303 304 304 304 303 308 268 268 267 266 265 263 262 261 260 258 257 255 271 269 268 266 265 229 222 221 219 216 215 213 211 210 208 206 204 202 202 202 202 202 202 202 202 202 236 236 266 265 265 265 265 265 265 246 246 246 246 246 226 226 228 231 231 153 154 157 159 161 197 199 201 203 205 206 207 207 207
208 210 211 213 214 216 217 219 223 224 227 228 229 275 276 277 300 301 301 302 302 302 302 263 262 262 266 265 264 263 262 261 260 257 256 255 253 252 268 267 265 259 223 222 220 218 217 215 213 211 209 207 205 203 202 202 202 202 202 202 202 202 202 202 236 265 265 265 265 265 265 246 246 246 246 246 246 226 226 228 228 230 232 154 190 192 194 196 198 200 201 203 204 204 205 204
167 170 210 212 213 215 216 218 222 223 224 226 227 273 275 298 298 299 299 261 261 261 261 261 260 260 259 264 263 261 260 259 257 256 255 254 252 251 249 266 259 258 222 221 219 219 217 215 213 211 209 206 204 203 202 202 202 202 202 202 202 202 202 202 202 265 265 265 265 265 265 246 246 246 246 246 246 246 226 227 227 263 265 186 189 191 193 194 196 198 199 200 201 202 202 202
166 168 169 172 173 175 176 177 182 183 184 185 186 187 233 256 257 257 258 258 258 258 258 258 258 257 257 256 255 259 258 257 256 255 254 252 251 250 243 242 257 223 222 221 219 219 217 216 213 210 209 206 204 202 202 202 202 202 202 202 202 202 202 202 202 220 220 265 265 265 265 246 246 246 246 246 246 246 226 258 260 262 264 266 189 189 191 193 194 196 197 198 199 200 200 200
165 167 168 170 171 173 175 176 180 182 183 184 185 186 232 254 255 256 256 256 256 257 256 256 256 256 255 254 254 253 252 251 250 249 247 246 245 243 241 240 239 223 221 221 219 219 217 215 212 211 208 206 204 202 202 202 202 202 202 202 202 202 202 202 202 202 220 220 265 265 265 246 246 246 246 246 246 280 256 257 259 261 263 265 189 189 189 191 193 194 195 196 197 197 197 197
164 166 167 169 170 171 173 174 178 180 181 182 183 184 185 253 253 254 254 254 255 255 255 254 254 254 253 253 252 251 250 249 248 247 245 244 243 241 240 240 239 204 221 221 220 218 216 215 212 211 208 206 204 202 202 202 202 202 202 202 202 202 202 202 202 202 220 220 220 220 246 246 246 246 246 280 280 278 256 256 258 260 262 263 265 189 189 189 191 192 193 194 194 195 195 219
163 165 166 168 169 170 171 176 177 178 179 180 181 183 183 251 252 252 252 253 253 253 253 253 252 252 252 251 250 250 248 247 246 245 244 243 241 240 239 239 204 204 203 202 219 217 217 214 212 210 208 206 202 202 202 202 202 202 202 202 202 202 202 202 202 202 220 220 220 220 220 220 246 280 280 280 280 278 256 256 256 258 260 262 264 189 189 189 189 190 191 191 192 216 217 216
161 163 165 166 168 169 170 174 175 176 177 178 179 180 181 248 249 249 250 250 250 250 250 250 250 249 249 248 248 247 246 245 244 243 242 241 240 239 239 237 203 202 202 202 202 217 217 214 213 210 207 204 202 202 202 202 202 202 202 202 202 202 202 202 202 202 202 220 220 220 220 220 235 235 280 280 278 278 256 256 256 257 258 260 262 189 189 189 189 189 189 213 214 214 214 214
