testData/tiles/even/grid0.0-25.0-12.5-37.5.asc
ncols   250
nrows   250
xllcorner   0.0
yllcorner   25.0
cellsize   0.05
NODATA_value   -9999.0
[rows 176 to 219 of 250, columns 0 to 95 of 250]
106 106 108 109 110 110 111 112 112 112 112 112 113 114 113 112 113 113 113 126 130 131 129 129 129 129 129 107 131 173 191 192 196 199 199 198 196 193 189 182 176 175 130 128 125 125 125 125 107 107 106 107 107 108 106 106 154 106 106 105 105 106 105 105 104 105 105 104 103 103 103 98 96 97 96 95 95 95 96 94 94 93 85 84 85 84 85 84 83 82 82 80 86 86 85 85
106 107 109 109 110 110 111 111 112 112 113 113 112 113 113 113 126 127 125 125 126 126 125 130 129 129 129 127 131 172 171 192 197 199 200 198 198 194 190 183 177 175 131 128 139 138 138 125 106 107 107 106 106 106 107 106 154 106 105 105 105 106 105 104 104 105 103 104 98 98 96 97 97 96 95 94 94 93 94 94 94 92 85 86 84 84 84 84 83 83 80 80 86 86 84 84
106 108 109 110 110 111 111 111 112 112 112 113 113 113 126 125 126 127 125 126 125 126 125 125 125 124 129 128 152 193 173 193 197 199 200 198 197 194 189 183 177 175 131 129 139 138 138 138 119 105 106 106 107 106 106 106 153 105 106 105 104 105 104 105 104 98 98 98 99 97 97 97 97 95 95 94 93 93 93 94 92 92 84 85 84 84 83 84 83 81 80 80 86 85 84 84
106 108 108 109 110 112 111 111 112 113 112 112 126 126 126 126 126 126 125 126 126 126 125 125 124 124 124 122 147 195 194 174 198 200 201 198 197 195 190 184 178 176 132 129 139 138 137 137 119 119 120 106 105 106 105 105 154 105 104 105 104 104 99 98 99 98 99 97 97 96 97 95 96 96 95 94 93 93 92 92 92 92 84 85 84 84 83 83 81 81 81 79 86 85 85 84
106 108 108 109 109 111 111 112 111 112 112 126 126 126 125 127 126 126 126 125 126 125 127 125 124 125 124 122 147 189 188 190 213 194 201 199 197 194 190 183 177 175 131 129 126 138 138 138 119 118 118 119 105 105 106 105 152 100 99 99 100 98 99 98 98 98 97 98 97 97 95 95 95 96 94 94 93 92 91 91 92 92 85 85 85 84 98 81 80 80 80 79 86 85 85 84
107 107 110 110 111 111 112 113 114 125 124 125 126 126 125 126 125 126 126 126 126 125 125 124 124 124 123 123 190 190 189 190 194 216 196 195 192 190 186 179 173 172 128 125 121 133 132 132 113 113 113 113 114 113 99 100 147 99 100 98 98 97 98 99 97 97 96 98 97 96 95 95 93 94 94 107 107 106 106 105 105 106 100 99 99 97 95 94 94 93 94 93 100 99 98 97
108 108 110 110 112 112 113 113 127 125 126 126 127 127 126 126 126 126 125 125 125 126 125 125 125 124 124 122 123 189 188 190 194 215 216 194 193 189 185 178 173 171 127 125 121 119 133 133 113 113 113 113 112 113 113 99 148 98 98 99 98 98 96 98 97 97 96 95 96 96 110 108 108 108 108 106 106 105 105 104 104 103 99 98 98 95 95 94 94 93 93 93 99 98 98 97
108 109 110 110 112 112 114 126 126 126 126 127 128 126 126 126 127 126 126 125 125 125 124 124 124 125 124 123 123 189 189 190 194 197 217 215 193 190 186 178 174 172 128 126 122 120 132 132 113 113 112 113 113 112 112 111 146 99 98 98 97 97 96 96 98 96 96 109 110 109 108 108 108 107 107 106 106 105 105 104 104 103 97 97 96 95 95 95 94 94 92 92 99 99 98 98
109 110 110 112 112 126 125 126 127 127 127 127 126 127 127 127 127 125 126 124 126 125 125 124 124 124 122 123 122 189 188 189 194 196 216 216 214 189 185 178 173 171 127 125 121 119 133 133 113 113 113 111 112 112 111 112 160 111 97 97 97 97 97 95 110 109 110 109 108 108 108 107 106 105 106 107 106 106 105 105 104 104 97 95 95 95 95 94 93 93 92 92 98 98 98 97
109 110 110 111 124 126 126 127 127 128 128 128 127 128 127 127 128 126 126 126 126 125 124 123 125 124 123 123 122 164 187 190 194 196 198 215 214 212 186 179 174 172 128 126 123 120 119 132 113 112 112 112 111 112 111 110 161 110 110 97 97 109 109 109 109 109 108 108 108 108 108 107 106 106 105 105 105 105 104 104 103 103 94 94 93 94 93 93 92 92 92 92 98 97 96 97
108 110 111 125 125 126 126 128 128 129 127 127 128 129 128 128 127 127 126 128 126 126 125 124 124 123 123 122 122 163 188 190 194 197 197 215 214 212 207 179 174 171 127 124 122 119 119 132 113 113 112 112 111 110 111 110 161 110 110 123 110 110 109 109 108 108 108 108 107 106 106 107 106 106 105 105 104 104 104 104 103 101 94 94 93 93 93 93 92 92 91 90 96 96 95 95
109 110 124 125 126 127 127 127 127 128 128 128 128 128 129 129 128 127 127 128 126 126 125 126 124 123 123 123 122 163 187 190 194 196 195 196 213 210 206 200 174 172 128 125 123 119 119 119 113 112 112 111 111 110 110 111 162 123 123 123 122 110 108 108 107 107 107 107 106 106 105 105 105 106 105 105 104 104 103 102 101 101 94 94 93 93 92 93 91 91 90 97 96 96 95 94
109 110 123 124 124 125 126 127 127 128 128 129 128 129 129 128 127 129 128 128 126 127 125 126 124 123 122 122 122 164 162 190 194 196 196 196 214 211 206 199 195 172 129 124 122 119 119 117 113 112 112 112 111 111 109 123 176 123 122 123 121 108 107 108 107 106 105 105 106 106 105 105 104 105 104 104 103 103 101 101 100 101 94 93 92 92 91 91 91 91 90 90 96 95 94 94
111 124 125 125 126 126 127 127 129 128 129 128 129 130 130 128 129 129 128 127 127 127 127 126 125 123 123 122 121 162 162 189 193 196 196 195 194 210 205 199 195 194 129 125 123 119 119 118 99 113 111 111 110 124 123 123 176 123 122 121 122 121 108 106 107 106 106 105 105 105 106 105 105 104 105 104 104 101 101 100 100 99 93 92 93 92 92 91 91 90 91 89 96 95 94 94
125 125 126 126 127 126 127 127 128 128 130 129 129 128 129 128 130 129 129 128 127 127 127 126 125 123 125 123 122 162 163 164 193 195 195 195 193 192 204 199 195 194 149 125 123 119 118 117 98 112 112 111 125 124 124 122 177 121 122 121 121 119 120 106 106 105 106 105 105 104 105 104 104 104 104 101 102 101 101 100 100 99 93 92 92 91 91 91 90 89 89 89 96 95 95 93
124 125 126 126 127 127 128 128 129 129 128 127 129 129 130 128 129 129 128 127 128 128 127 126 125 124 124 123 121 162 162 162 192 193 195 194 193 190 203 198 195 194 149 126 122 119 119 117 99 98 126 124 124 123 123 122 177 121 121 119 120 119 119 119 106 105 105 104 105 104 104 104 104 103 101 100 100 99 100 99 99 98 92 91 91 90 90 89 89 88 88 87 94 93 93 92
125 125 127 126 127 127 128 127 128 128 129 128 129 128 129 129 130 129 128 128 128 127 126 125 126 124 125 123 122 162 163 162 166 193 195 193 193 189 185 198 195 194 149 147 123 119 118 116 98 111 111 124 124 123 123 122 177 120 120 119 119 119 119 118 105 105 105 104 104 103 103 103 101 101 101 100 100 99 99 98 99 92 92 91 91 90 90 89 89 88 87 86 93 92 92 92
123 125 126 126 127 127 128 128 129 129 130 128 129 129 130 128 128 128 128 128 128 128 126 126 126 124 125 122 122 162 162 161 164 191 193 193 191 187 183 177 195 193 149 146 143 118 117 130 112 111 111 124 123 122 122 121 177 120 120 119 119 118 118 118 118 104 104 104 104 103 101 100 100 99 100 100 100 99 99 98 98 90 91 91 91 90 89 88 88 87 87 86 93 92 91 90
124 124 125 127 128 128 129 128 129 129 130 129 130 130 129 128 129 129 128 128 128 126 126 127 126 125 124 123 122 163 163 160 165 166 193 191 190 187 183 177 195 194 149 145 143 139 131 130 111 110 110 109 123 122 122 121 178 120 120 119 119 118 118 117 118 117 104 103 101 100 101 100 100 99 99 98 99 98 98 97 97 89 90 89 89 88 88 88 88 87 87 85 92 91 91 90
124 124 125 125 126 128 129 129 130 130 131 129 129 129 130 129 129 129 129 129 127 127 127 126 126 124 124 122 122 162 164 161 164 166 192 191 189 186 182 177 176 192 148 144 142 151 130 129 111 110 110 109 109 122 122 121 178 120 120 119 119 118 118 117 117 116 101 101 101 100 100 99 99 99 99 98 98 97 98 97 97 89 90 89 89 88 88 87 86 85 85 84 91 90 89 88
124 124 125 125 127 127 127 128 129 129 130 129 130 130 130 129 130 130 128 128 128 127 127 127 126 124 124 123 122 163 161 161 163 165 166 188 188 185 180 176 173 171 147 144 156 151 151 129 111 110 110 109 109 122 122 121 178 120 120 119 119 118 118 117 115 114 114 100 100 100 100 99 99 98 98 97 97 96 96 95 95 88 89 88 88 87 87 86 86 85 85 84 90 89 89 88
124 124 125 125 126 126 127 127 128 130 130 129 130 130 131 130 130 128 129 129 128 128 128 127 126 124 125 123 123 162 162 161 164 165 165 164 187 184 179 176 173 171 127 158 154 151 151 150 111 110 110 109 109 108 122 121 178 120 120 119 119 118 116 115 115 114 114 100 100 99 99 98 99 98 98 97 97 96 96 95 88 87 89 88 88 88 88 87 87 85 85 83 90 89 89 88
125 125 126 126 126 126 127 127 128 128 129 128 131 130 131 129 130 129 129 129 129 128 128 126 126 125 125 124 123 163 162 161 162 164 163 163 185 183 178 174 172 170 140 138 154 151 150 150 110 110 110 109 109 108 108 121 178 120 120 117 117 116 116 115 115 114 114 113 100 99 99 98 98 97 97 96 97 96 97 96 89 88 89 87 88 87 87 86 86 84 84 83 90 89 89 88
125 125 126 126 127 127 128 128 129 128 128 128 129 128 128 129 130 129 130 129 129 129 128 126 127 125 124 124 122 163 162 161 161 163 164 163 161 182 176 174 172 184 140 137 135 150 150 150 131 110 109 109 108 108 107 155 176 118 118 117 117 116 116 115 115 114 114 113 100 99 99 98 99 98 98 97 97 97 97 96 89 88 89 88 88 87 87 86 86 85 85 84 91 90 89 89
123 125 125 126 126 127 127 128 128 129 127 128 127 128 127 128 128 127 127 129 128 127 127 127 126 126 124 124 122 164 162 162 160 162 163 161 161 156 174 173 185 183 139 136 133 131 150 149 131 109 109 109 106 106 105 105 161 118 117 117 116 116 115 115 114 114 113 113 99 100 99 99 98 99 98 98 97 98 97 97 89 89 89 89 88 88 87 87 86 86 85 85 91 91 90 90
124 125 125 126 126 127 127 127 127 128 127 128 128 129 128 128 128 128 128 126 126 126 125 125 127 126 124 124 123 163 163 161 160 161 162 162 159 153 150 186 185 183 138 136 133 130 130 147 128 128 107 106 106 105 105 105 161 104 117 117 116 116 115 115 114 114 113 114 113 100 100 100 99 100 99 99 98 98 98 91 90 90 90 90 89 89 88 88 87 87 86 86 92 92 91 90
124 125 125 126 126 127 127 128 128 128 128 128 128 129 128 129 147 127 127 127 126 126 126 125 125 123 122 121 122 121 162 160 158 160 160 158 156 151 161 158 182 138 135 133 130 128 128 127 128 128 106 106 106 105 105 104 161 103 117 117 116 116 115 115 114 115 114 115 114 101 101 101 100 100 100 100 99 99 98 92 91 91 91 91 90 90 89 89 88 88 87 87 93 93 91 91
124 125 125 126 126 127 146 147 147 147 147 148 148 147 147 147 146 146 146 145 146 145 145 143 142 143 143 122 122 121 161 160 159 158 160 159 154 166 162 159 156 137 135 132 130 128 127 127 109 127 127 106 105 105 104 104 161 103 103 116 116 115 115 115 115 115 115 115 115 102 101 102 101 101 101 101 100 100 99 93 92 92 92 92 91 91 90 90 89 89 88 88 94 94 92 92
125 126 145 146 146 147 147 148 146 146 147 146 147 146 147 146 146 146 147 145 146 145 145 143 143 143 142 142 141 141 181 161 160 159 159 157 168 164 162 158 155 135 133 131 129 127 127 127 108 108 127 105 105 105 104 104 160 103 102 102 116 116 116 116 116 115 116 115 116 102 102 102 102 101 101 102 101 101 93 93 93 93 92 93 92 92 91 91 90 90 89 89 95 94 93 93
143 143 144 144 145 145 146 145 146 146 147 146 147 146 147 147 147 146 146 146 145 144 143 145 143 144 143 142 141 140 182 180 179 178 157 170 167 164 162 159 155 110 133 131 128 127 126 126 108 108 107 126 105 104 104 103 159 103 102 102 102 116 116 116 117 116 117 116 116 116 103 102 103 102 102 101 102 101 94 93 93 93 93 93 93 92 92 92 91 91 90 90 95 95 94 94
143 143 144 144 145 145 145 145 146 146 147 147 147 146 147 146 146 147 144 145 144 145 144 145 144 143 144 141 142 141 182 182 180 177 190 187 186 165 161 158 156 110 107 105 127 126 126 126 107 107 107 107 104 104 104 103 159 102 103 103 103 103 103 117 117 117 116 117 117 117 104 103 104 103 103 102 103 102 95 94 94 93 94 94 94 93 93 92 92 91 91 89 89 142 142 175
144 144 145 145 146 145 146 146 146 146 146 147 146 147 147 146 145 146 145 145 144 145 145 144 145 143 142 144 142 142 182 181 178 178 190 189 186 184 182 159 157 112 107 104 102 126 125 125 107 107 106 106 106 85 108 103 157 103 103 103 103 103 103 104 117 118 117 118 117 117 104 104 103 104 104 103 103 96 96 95 95 94 94 94 95 94 94 93 93 91 138 137 137 143 143 142
143 143 143 144 144 145 145 146 146 147 147 146 146 146 146 146 146 144 145 145 145 145 145 145 144 144 144 143 144 142 183 181 180 192 192 189 187 183 181 178 175 112 107 109 106 105 130 130 112 111 111 111 110 89 89 107 163 109 108 109 109 109 109 109 109 123 118 118 118 118 105 105 104 105 104 104 103 97 96 96 95 95 95 94 95 94 94 140 140 139 139 138 138 144 144 143
141 142 142 143 143 144 144 145 145 146 145 145 146 145 145 145 146 145 145 144 144 145 144 145 145 144 144 144 143 143 140 181 194 193 191 189 185 184 182 184 138 135 131 109 106 106 105 111 111 111 111 110 110 110 89 89 144 108 109 109 109 109 109 109 110 109 124 123 124 123 105 105 105 105 105 105 97 97 97 97 96 96 95 95 95 142 141 141 140 140 140 139 139 145 145 143
142 143 143 144 144 145 144 144 145 145 145 145 146 146 146 145 145 145 145 144 145 145 146 144 145 145 144 144 142 142 141 182 195 194 192 194 191 189 186 183 138 135 132 127 124 105 105 87 112 110 110 110 110 110 89 90 142 90 110 109 110 110 110 110 110 110 110 110 124 124 111 111 111 110 105 105 98 98 97 98 97 97 96 143 143 143 142 142 141 141 140 140 139 146 144 144
142 142 143 143 144 144 145 145 146 144 145 145 145 145 145 146 144 145 145 144 145 144 146 145 144 145 144 143 144 143 142 196 201 199 196 193 193 190 187 184 140 136 131 127 124 124 105 86 86 86 111 109 110 110 90 89 142 91 90 91 110 110 110 110 110 111 110 111 110 125 111 111 112 111 111 111 104 98 98 98 98 144 144 144 144 144 143 143 142 142 141 141 140 147 145 145
142 142 143 143 144 144 145 144 144 145 145 146 145 145 145 144 144 144 144 144 144 144 144 145 145 143 145 143 143 143 161 202 200 198 196 194 192 188 187 183 138 134 132 128 125 124 124 106 87 87 86 112 111 112 111 91 143 91 92 92 92 93 111 112 111 111 111 111 111 111 112 112 112 112 111 104 105 104 104 145 146 145 145 144 144 144 144 143 143 142 142 142 141 140 146 146
141 141 142 143 143 144 143 144 144 144 144 144 144 143 144 143 145 145 143 144 144 145 145 145 145 143 144 144 148 147 160 202 199 197 195 193 191 189 186 183 140 136 133 128 126 125 125 105 105 87 88 88 88 112 113 93 142 93 94 93 93 93 93 93 93 112 113 112 113 111 99 98 112 113 112 105 105 152 151 151 150 146 146 145 145 145 145 144 144 143 143 142 141 140 147 146
140 141 141 142 142 143 142 142 143 143 144 143 144 144 145 144 144 144 144 143 145 145 145 143 144 149 148 148 148 161 160 158 199 197 196 192 192 189 186 141 139 135 132 128 127 126 125 107 107 106 87 88 88 89 89 92 142 94 93 94 94 94 95 94 95 95 95 94 113 113 100 100 100 99 106 105 152 153 152 152 151 151 151 151 145 146 146 145 145 144 144 142 142 122 129 128
140 141 141 141 142 142 143 143 144 143 143 143 143 145 144 145 144 143 144 143 143 143 144 143 148 148 148 147 147 159 158 157 198 197 195 192 192 188 188 142 139 135 133 128 127 126 125 106 107 108 108 108 89 90 90 91 142 94 95 94 95 95 94 95 95 95 95 96 95 96 82 101 101 100 141 154 153 153 153 152 152 152 151 152 151 146 146 146 145 145 124 124 124 123 123 129
140 140 141 141 142 142 143 143 143 143 143 143 144 143 144 144 143 142 143 143 144 142 149 148 147 148 148 145 159 160 158 158 198 198 195 195 192 190 187 142 138 135 132 128 127 126 107 107 108 109 108 108 109 90 91 91 118 70 95 95 96 95 96 96 96 97 97 96 96 96 83 83 83 123 121 122 122 135 135 134 134 133 133 132 133 133 133 128 127 126 125 125 124 124 123 129
140 140 141 141 141 142 142 143 142 143 143 144 144 142 143 143 143 144 142 142 147 148 146 148 147 145 147 147 159 159 158 157 156 197 195 194 191 190 145 142 139 136 132 128 128 127 108 107 107 108 110 111 111 110 92 92 120 72 71 71 95 96 97 96 97 97 97 97 98 97 85 83 124 124 123 124 122 122 122 136 135 134 134 133 133 132 133 132 132 127 126 126 125 125 124 123
138 139 139 140 140 141 140 140 141 141 143 143 142 143 142 143 143 143 143 147 146 148 147 145 147 146 145 160 160 159 159 157 156 197 195 193 192 188 144 142 138 135 131 130 129 127 108 108 109 110 109 110 111 111 111 92 140 72 73 71 72 73 72 98 98 98 98 98 98 98 131 132 125 125 124 123 124 124 123 123 122 136 134 134 134 133 133 133 133 132 127 126 126 125 124 124
138 139 139 139 140 140 141 140 140 141 142 142 142 142 143 142 143 147 147 147 146 145 147 145 145 146 145 160 159 158 158 156 154 153 194 192 190 146 144 141 138 136 132 130 129 128 110 108 108 109 110 111 111 111 112 111 141 72 72 72 73 72 73 74 73 99 99 99 99 146 132 126 125 126 125 125 125 124 124 123 124 123 122 122 134 134 133 134 133 133 133 132 127 125 125 124
