testData/tiles/even/grid37.5-0.0-50.0-12.5.asc
ncols   250
nrows   250
xllcorner   37.5
yllcorner   0.0
cellsize   0.05
NODATA_value   -9999.0
[rows 184 to 229 of 250, columns 0 to 95 of 250]
238 240 242 247 250 253 260 265 267 269 271 272 306 286 289 288 295 298 299 303 304 304 280 280 279 280 281 277 277 276 275 273 271 268 263 258 258 257 256 227 226 222 221 219 216 214 214 212 231 232 230 204 203 202 200 179 177 177 177 177 177 178 178 179 179 174 174 174 174 175 175 176 175 175 176 176 176 176 176 157 156 155 156 171 171 171 170 169 169 169 168 168 168 167 166 166
243 245 249 257 257 263 269 273 275 277 278 312 314 293 294 295 298 304 305 308 307 308 309 311 284 285 284 282 282 280 278 277 273 268 267 263 262 263 260 231 231 230 228 226 223 220 217 215 213 213 231 228 228 226 200 179 179 177 177 177 177 177 176 177 178 172 173 173 173 173 174 174 174 174 174 174 175 175 174 174 156 155 154 154 169 170 170 169 168 168 168 167 167 167 167 166
248 250 253 256 263 269 274 277 280 284 284 317 319 298 299 300 304 308 310 311 312 312 315 313 316 314 312 283 284 282 281 279 277 273 271 266 266 265 263 234 233 232 231 228 226 225 220 219 217 213 211 209 228 227 226 224 180 178 177 177 177 177 177 177 176 176 171 171 172 172 172 172 173 173 173 173 173 173 174 173 173 172 154 153 153 168 168 168 166 166 167 166 166 166 165 164
251 255 253 260 266 272 277 282 286 288 290 321 321 304 302 304 304 311 311 315 316 317 319 317 317 316 313 313 314 286 284 281 279 276 271 270 270 269 267 238 238 236 235 233 231 229 227 225 223 219 216 212 209 207 227 225 205 179 178 177 177 177 177 177 177 177 176 170 170 170 171 170 171 171 172 172 171 172 172 172 171 172 171 152 151 151 151 167 167 166 166 166 165 165 164 164
257 253 261 267 273 278 283 288 292 292 293 326 327 306 306 307 306 311 315 318 317 319 318 319 318 319 316 317 316 313 312 285 280 276 273 273 273 272 243 243 240 239 236 236 234 233 230 229 226 224 220 218 214 211 207 205 186 204 179 178 178 177 177 177 178 177 177 170 170 170 170 170 169 169 170 170 170 170 170 170 170 170 169 169 150 149 150 151 166 164 164 164 164 164 163 163
254 260 262 270 276 283 287 291 293 295 298 329 329 310 308 311 311 315 318 319 321 320 323 321 320 320 318 316 317 316 313 312 281 280 275 276 275 276 245 245 245 244 241 240 238 236 233 232 228 227 223 221 217 215 210 208 187 184 184 159 178 178 178 177 177 177 177 177 171 170 170 170 170 170 169 169 169 169 168 168 168 169 167 167 148 149 149 149 149 163 163 163 163 163 162 162
259 262 266 273 280 285 290 292 295 300 300 332 333 312 312 312 312 313 317 321 323 322 324 324 324 321 318 319 318 317 314 313 309 305 278 279 276 277 247 247 245 246 245 242 239 238 236 234 232 229 226 223 219 216 213 210 188 187 185 183 159 158 158 178 178 177 177 177 171 171 170 170 170 170 170 169 169 169 169 168 168 167 167 166 167 148 148 147 146 147 147 161 162 162 161 160
240 264 268 276 282 288 291 294 299 300 302 331 313 312 314 314 314 315 318 322 323 324 325 323 323 321 321 318 319 319 315 312 308 305 305 278 279 278 248 248 246 248 246 244 242 239 237 236 233 231 227 226 222 219 214 211 189 187 186 185 160 158 158 158 158 158 157 177 177 171 171 170 170 170 170 170 169 169 169 169 168 167 167 168 167 167 148 149 147 147 148 148 162 162 162 161
239 265 270 276 282 285 293 295 298 300 301 335 315 316 316 315 318 318 320 321 323 323 325 326 324 321 321 320 320 316 314 309 308 307 306 306 280 253 250 250 249 247 247 245 244 241 237 236 234 232 229 226 223 221 216 213 190 188 186 186 161 160 159 158 158 158 158 158 157 151 151 151 171 170 170 170 170 169 169 169 168 167 168 168 168 167 149 148 149 148 148 149 148 147 163 163
241 268 271 276 282 289 292 295 297 299 303 336 314 316 317 318 318 318 319 322 323 324 324 325 324 320 321 319 318 318 314 309 307 306 307 305 306 277 252 249 249 248 247 246 244 242 239 236 234 232 228 226 223 219 217 214 193 190 188 186 161 160 159 159 158 158 158 158 158 157 151 151 151 151 150 150 150 150 168 168 168 169 168 168 168 169 148 149 149 149 149 149 149 148 148 164
242 267 271 274 282 288 292 295 297 300 335 334 315 319 317 319 320 319 318 322 325 326 326 325 322 320 322 319 318 317 313 308 306 307 307 306 306 277 277 250 249 247 245 244 243 241 238 236 234 231 229 226 224 219 217 214 194 191 189 188 162 161 160 159 159 159 158 158 158 158 151 151 151 151 151 150 150 149 149 148 149 149 149 148 149 148 130 129 130 130 130 129 129 130 129 129
242 267 271 275 280 287 293 294 298 301 300 335 317 317 317 320 319 320 320 320 324 326 325 325 323 320 319 318 317 314 312 306 306 307 307 307 306 278 277 276 250 248 246 245 243 241 238 236 232 230 226 225 222 218 216 214 194 191 190 164 163 162 160 159 159 159 159 158 158 158 158 151 151 151 150 150 149 149 149 150 149 149 149 150 148 149 131 130 130 131 130 130 130 130 130 129
240 265 270 274 278 285 290 295 297 298 301 335 316 316 318 318 319 320 320 319 323 323 325 324 320 319 317 316 314 314 308 307 306 306 306 306 306 276 277 275 273 246 244 242 241 239 236 234 231 230 225 222 219 216 213 213 192 191 164 165 164 163 162 160 159 159 159 159 158 158 157 151 151 150 150 150 150 149 149 150 150 149 149 149 149 150 131 132 131 130 131 131 131 131 130 130
239 265 270 273 275 281 286 291 295 296 300 334 313 316 317 318 318 318 319 318 318 322 323 323 318 318 316 314 312 310 305 305 305 305 305 304 277 275 275 272 271 270 243 241 239 236 234 231 229 226 223 219 216 215 214 213 192 167 166 164 163 162 161 160 159 158 158 158 158 157 157 151 151 151 150 150 150 150 150 150 149 149 149 150 150 150 132 131 132 131 132 132 131 131 131 131
236 241 265 269 273 277 283 287 290 294 297 309 311 315 316 315 316 318 318 318 318 319 319 317 317 316 314 312 309 305 303 303 303 303 304 303 274 273 272 271 269 267 240 238 237 234 230 227 225 222 218 217 217 215 214 212 168 167 166 165 164 162 161 161 160 159 158 158 158 158 157 157 151 151 150 150 150 150 149 149 149 150 150 150 151 150 131 132 132 132 132 132 132 131 132 131
234 237 262 267 271 273 276 282 288 291 293 307 311 309 312 312 313 315 315 316 314 315 317 315 314 313 311 308 305 301 301 302 301 301 300 300 271 270 268 266 267 265 263 235 233 229 227 224 222 220 218 217 215 215 190 188 169 168 167 166 165 164 162 161 160 159 159 158 158 158 158 157 151 150 150 149 149 150 150 149 150 150 151 150 150 151 131 132 133 132 132 132 133 132 131 132
232 233 255 262 265 269 273 277 281 286 288 302 305 307 307 310 311 311 311 312 313 311 311 311 310 308 306 305 299 299 298 298 297 297 297 268 265 267 265 263 261 259 258 255 226 224 223 223 221 221 220 194 192 191 189 188 168 167 166 165 164 163 162 161 159 158 158 158 157 157 157 157 150 150 150 150 150 150 150 151 149 150 150 151 151 132 133 132 132 133 133 133 132 133 132 132
231 233 256 258 261 263 267 270 272 276 282 297 300 301 304 304 305 306 307 307 307 307 304 304 301 301 300 297 296 295 294 294 293 293 292 264 262 260 259 258 257 255 254 253 227 225 223 222 197 196 194 193 193 191 189 188 168 167 166 165 163 163 162 161 160 158 158 158 158 157 157 157 151 150 150 150 151 149 149 150 150 150 151 151 132 132 132 133 133 133 133 132 133 133 134 132
209 210 211 259 261 264 266 267 269 272 253 288 291 294 297 297 299 299 301 300 300 301 298 298 297 296 293 293 291 291 290 288 286 287 285 257 257 257 256 256 254 254 253 252 227 200 199 200 198 196 195 194 192 191 190 189 168 167 166 166 165 163 162 162 161 160 158 158 158 158 156 156 156 150 149 149 150 150 149 150 151 150 150 151 132 132 133 133 132 133 133 134 133 133 133 133
207 209 211 233 235 237 240 242 243 269 250 285 288 291 292 293 294 295 295 296 296 294 293 293 292 290 290 289 289 288 287 287 285 285 256 257 257 256 230 230 229 230 229 228 227 200 199 198 197 196 194 194 192 191 190 189 169 168 166 165 164 163 162 160 159 158 158 157 157 157 157 156 156 150 150 150 150 150 149 149 150 151 150 132 133 131 132 133 133 133 133 133 133 133 133 133
208 209 210 233 235 237 239 242 244 244 224 226 262 263 266 268 269 270 271 270 271 269 269 269 267 268 265 264 265 264 264 263 262 262 234 232 231 233 232 231 230 230 229 228 227 199 198 198 196 195 194 193 192 191 189 188 168 167 167 165 164 163 162 161 159 158 157 157 156 157 157 156 155 149 149 150 149 149 150 150 150 151 132 131 132 133 132 133 133 132 133 134 133 133 133 134
208 209 211 234 235 237 239 241 243 245 226 226 259 262 265 267 268 268 268 269 267 268 267 266 267 266 265 266 265 265 266 264 263 261 233 232 232 231 230 229 229 229 229 227 226 226 199 198 197 195 194 193 193 192 191 170 169 168 167 166 163 162 161 160 159 157 156 156 156 155 155 155 156 149 149 150 149 148 149 150 130 131 132 132 131 132 133 132 133 133 132 133 134 132 133 133
207 209 210 211 233 234 237 238 240 222 224 224 256 259 259 262 265 267 267 268 267 267 266 266 266 265 266 266 265 266 265 263 263 233 232 233 232 231 231 230 229 228 227 227 226 225 198 197 196 196 195 193 192 191 190 170 169 167 166 165 164 163 161 160 160 158 155 155 155 155 154 154 154 147 147 148 148 148 149 131 130 130 131 132 131 132 132 132 132 133 133 132 133 134 132 133
207 209 210 211 233 235 236 238 239 221 222 223 257 258 258 258 260 263 265 263 264 264 264 265 264 264 266 266 266 266 265 264 263 234 234 233 232 231 231 230 229 228 228 227 226 224 197 197 196 195 194 193 192 190 189 170 169 168 166 165 164 163 162 160 159 158 157 155 155 155 154 154 154 148 146 147 147 148 128 129 130 129 129 130 130 130 131 131 130 131 132 131 131 132 132 131
205 208 209 210 211 233 234 236 217 218 220 221 222 256 257 257 258 259 260 260 261 262 261 263 264 265 266 266 266 266 265 265 264 234 233 233 232 232 231 230 229 229 228 227 225 224 198 197 195 194 193 192 191 191 190 169 168 167 166 164 163 162 161 160 158 157 156 154 154 154 154 153 153 147 147 147 127 128 127 128 129 129 129 129 130 129 130 131 130 130 131 131 130 131 131 131
206 207 208 209 210 212 213 215 217 217 219 222 222 254 256 257 257 257 255 256 257 259 260 262 263 265 266 265 266 266 266 265 236 234 233 232 231 231 230 229 229 228 227 226 225 225 198 197 196 194 192 192 191 190 189 169 167 166 165 164 162 161 160 159 157 156 155 154 153 153 153 153 152 146 127 127 127 128 127 127 128 129 128 129 129 129 129 130 130 129 130 131 130 130 131 130
205 206 208 210 210 211 212 215 216 217 219 220 221 253 256 255 256 256 254 255 254 255 257 259 261 263 264 266 266 266 265 264 235 233 232 232 231 231 230 229 228 228 227 226 225 224 197 196 195 194 193 192 190 189 169 168 167 165 164 163 162 160 159 158 157 155 154 153 153 152 152 152 132 126 127 127 126 127 127 126 127 128 127 128 128 129 128 129 129 128 129 130 129 129 129 129
205 206 207 209 209 210 213 214 215 216 217 219 219 221 254 254 254 254 253 254 253 255 255 256 256 261 262 263 266 264 263 235 234 233 231 230 230 229 229 228 227 227 226 225 224 224 197 196 194 193 193 191 190 189 168 167 166 165 163 162 161 161 159 158 157 156 154 153 152 152 132 132 132 125 125 126 125 126 126 126 126 127 127 127 127 128 127 128 128 127 128 128 128 127 128 129
204 205 207 208 209 211 212 214 215 215 216 217 218 220 252 252 252 253 252 253 254 255 255 256 257 258 258 260 261 263 262 232 232 231 229 229 228 228 227 227 226 225 225 224 223 222 196 195 194 193 190 190 189 188 168 166 165 164 163 161 160 159 158 156 156 154 153 132 132 132 131 131 131 125 124 125 125 125 124 125 125 126 126 125 126 126 127 126 127 127 126 127 126 126 126 127
175 205 207 207 208 210 211 212 214 215 216 217 217 218 219 250 251 252 252 254 254 255 255 257 257 257 258 257 258 257 230 229 228 228 228 228 227 227 227 226 225 225 224 223 223 221 194 193 193 191 190 188 187 168 167 166 164 163 162 161 159 158 157 156 154 134 133 131 131 131 131 130 130 124 123 124 123 123 123 124 125 123 124 125 125 124 125 125 124 125 125 125 124 124 124 123
173 205 205 206 208 209 210 210 212 213 214 215 216 218 216 250 251 251 253 253 254 255 255 255 256 256 258 257 256 256 227 225 224 222 224 225 225 225 224 224 223 223 222 222 220 219 193 191 190 189 189 188 187 166 165 164 164 162 161 160 159 138 137 136 134 133 132 131 130 130 130 129 129 122 122 122 122 122 122 122 123 122 123 123 122 123 123 123 122 123 122 122 122 121 120 118
172 174 205 206 208 209 209 211 212 213 214 215 216 215 216 217 250 251 252 252 253 254 255 255 256 256 256 256 255 226 227 225 224 222 221 220 219 220 219 220 220 219 219 218 218 217 191 190 189 188 187 186 166 165 164 163 162 161 140 139 138 137 135 134 133 131 130 129 128 128 128 128 127 121 121 120 120 120 120 121 120 120 121 121 120 120 121 120 120 120 118 118 117 117 117 117
202 174 203 204 208 208 209 211 212 213 214 213 214 215 216 217 249 251 251 252 253 254 253 254 255 255 255 254 254 226 225 223 223 221 220 221 220 219 218 217 216 215 216 215 214 188 188 187 187 186 184 184 164 163 144 142 141 140 139 137 136 135 133 132 131 130 127 127 127 126 126 126 125 119 119 118 118 118 118 118 118 118 118 117 117 116 116 115 115 115 116 116 116 117 116 117
202 203 204 205 205 206 208 209 209 210 212 213 213 215 216 216 217 249 250 251 252 253 253 254 254 253 254 254 225 225 224 222 222 221 221 220 219 218 217 216 215 215 214 213 212 185 184 182 181 182 163 143 142 141 140 140 138 137 136 135 133 132 131 129 128 127 125 125 125 124 123 123 123 116 115 116 115 114 115 113 112 113 112 113 114 113 114 115 114 115 116 115 116 116 116 116
201 201 202 204 233 205 207 207 208 210 211 211 213 214 214 215 217 249 250 251 251 251 252 253 253 253 253 225 224 223 222 222 221 221 220 219 218 218 217 216 215 214 213 212 192 165 164 163 161 160 159 139 138 136 135 134 132 131 130 129 127 126 125 123 122 121 120 119 119 119 118 118 118 111 111 111 111 111 111 111 112 112 112 113 113 113 114 114 114 115 115 115 115 116 115 116
200 201 202 204 233 233 206 207 208 209 210 211 213 213 214 215 215 216 248 250 250 250 251 252 251 251 252 223 222 222 222 221 220 220 219 219 219 218 198 197 196 196 195 194 166 165 164 163 162 160 140 139 138 136 135 134 133 131 130 129 127 126 125 124 122 121 120 119 119 119 118 118 118 111 111 111 111 111 111 111 111 112 113 112 113 114 113 114 115 114 115 115 115 115 116 60
200 201 202 203 204 234 235 207 208 209 209 209 211 212 212 214 215 215 216 248 249 250 250 250 249 251 222 221 221 202 201 201 200 201 200 200 199 198 197 197 196 195 194 193 166 165 163 163 162 161 140 139 138 137 135 134 133 132 130 129 128 126 125 124 122 121 120 119 119 119 119 118 118 112 111 111 112 111 111 112 111 112 112 112 113 113 113 114 114 114 114 115 114 115 60 59
179 180 182 183 184 185 214 215 188 188 189 191 192 192 194 193 194 195 196 228 228 230 229 229 230 202 202 201 201 200 200 200 200 200 199 199 198 197 197 196 195 194 194 167 166 165 164 162 161 141 140 138 137 136 135 133 132 131 129 128 127 125 124 123 122 120 120 120 119 119 119 118 112 112 111 111 111 111 111 111 111 111 112 112 112 113 112 113 114 113 114 114 114 114 59 59
179 180 181 182 183 185 186 214 216 188 188 189 190 191 192 193 192 194 195 195 228 228 227 228 200 200 200 200 199 199 199 200 199 199 198 198 198 198 197 196 195 195 168 166 165 164 163 163 161 141 140 139 137 136 135 133 132 131 130 128 127 126 124 123 122 120 120 120 119 119 119 118 112 112 111 111 111 111 111 111 110 111 112 111 112 112 112 113 113 113 113 114 113 58 59 58
178 179 181 182 181 183 184 185 215 215 187 189 189 189 191 191 192 192 193 193 194 226 226 199 198 199 199 198 198 198 199 199 198 198 198 198 197 197 196 195 195 194 167 166 166 164 163 162 142 140 139 138 137 136 135 134 132 131 130 128 127 126 124 123 122 120 120 120 119 119 119 118 112 112 111 111 111 110 111 111 110 111 111 111 111 112 112 112 113 112 113 113 80 58 58 57
176 178 179 180 182 183 183 185 186 214 215 187 188 188 190 189 190 192 191 192 193 192 197 197 197 197 197 197 197 198 198 198 197 198 198 197 197 196 195 195 194 167 167 166 165 164 162 142 142 141 139 138 137 135 134 133 131 130 129 127 126 125 123 123 122 120 120 120 120 119 119 119 112 112 112 111 111 111 110 111 111 110 111 111 111 112 112 112 112 111 112 80 57 57 57 57
177 178 178 179 180 181 182 183 184 185 186 214 186 187 188 189 189 190 190 191 163 163 164 195 195 195 196 196 196 197 197 197 197 197 197 196 197 196 196 195 168 168 167 165 164 163 163 142 141 140 138 137 136 135 134 133 132 130 129 128 126 125 124 122 121 121 120 120 120 119 119 113 112 112 112 111 111 111 110 111 111 110 110 111 110 111 112 111 111 112 79 57 57 56 57 57
175 176 177 177 179 180 181 183 182 183 185 185 157 158 158 159 159 160 160 161 161 161 162 193 193 195 195 195 196 196 196 196 196 196 196 196 196 195 195 168 167 167 166 165 164 163 143 141 140 140 139 137 136 135 133 132 131 129 128 128 126 125 124 122 121 121 120 120 120 119 119 113 112 112 112 111 111 111 110 110 111 110 110 110 110 110 111 110 111 111 79 56 56 56 56 56
175 176 176 176 177 178 179 181 181 182 183 183 184 157 156 157 158 158 158 159 159 158 160 160 192 193 194 194 195 195 195 195 195 195 196 195 195 194 168 167 167 166 165 165 164 143 142 142 140 139 138 136 135 134 133 132 131 129 128 127 125 124 123 121 121 121 120 120 120 119 119 113 112 112 112 111 111 111 110 110 110 110 110 110 109 110 110 110 110 79 55 55 56 55 55 56
174 174 174 175 176 177 177 179 179 180 182 181 182 155 154 155 156 156 156 156 157 157 159 159 159 160 193 193 194 194 194 194 194 194 195 194 168 168 168 167 167 166 164 164 144 142 142 141 139 138 137 136 135 134 132 131 130 128 127 127 125 124 123 121 121 121 120 120 120 119 113 113 112 112 112 111 111 111 110 110 110 109 110 110 109 109 110 77 78 55 54 55 55 54 55 55
173 174 173 173 174 175 176 178 177 178 180 180 180 152 153 152 154 153 154 155 156 156 158 158 158 159 160 192 193 193 193 193 193 193 194 167 167 167 167 166 166 165 164 144 143 142 141 140 138 138 137 135 134 133 131 131 130 128 127 126 124 123 122 121 121 121 120 120 120 119 113 113 112 112 112 111 111 111 110 110 110 109 109 110 109 109 77 77 54 54 54 54 54 54 54 54
