testData/tiles/even/grid12.5-0.0-25.0-12.5.asc
ncols   250
nrows   250
xllcorner   12.5
yllcorner   0.0
cellsize   0.05
NODATA_value   -9999.0
[rows 184 to 229 of 250, columns 96 to 191 of 250]
83 82 81 80 80 78 78 77 75 75 74 74 73 73 72 72 72 72 72 72 47 47 47 47 47 47 57 47 47 47 47 47 47 47 59 50 50 50 58 58 58 58 58 58 58 58 58 58 58 58 58 58 58 58 58 74 73 73 82 82 82 82 91 91 65 66 67 104 104 105 105 107 135 135 136 136 137 138 138 132 132 171 172 172 172 173 173 164 164 164 165 164 164 164 163 163
83 82 81 80 80 78 78 76 76 75 74 74 73 73 72 72 72 72 82 82 57 57 57 57 57 57 57 57 57 57 57 57 57 57 57 50 50 48 48 58 58 58 58 58 58 58 59 58 58 58 58 58 58 58 67 83 82 82 82 82 82 91 91 91 65 66 67 67 103 105 105 106 132 134 134 135 135 136 136 130 131 131 171 172 171 171 172 172 172 171 171 163 163 163 162 193
83 82 81 80 80 78 78 76 76 75 74 74 73 73 72 82 82 82 82 82 57 57 57 57 57 57 57 57 57 57 57 57 57 57 57 48 58 58 48 48 58 58 58 58 59 59 58 58 58 58 58 58 67 67 67 67 82 82 82 82 82 82 91 91 65 66 66 67 68 103 104 106 132 133 133 134 135 136 136 129 130 130 169 170 170 170 170 171 171 171 171 170 171 162 162 197
83 82 81 80 79 78 78 76 76 75 74 74 83 83 82 82 82 82 82 82 57 57 57 57 57 57 57 57 57 57 57 57 57 57 57 48 58 58 58 58 58 48 58 59 59 59 58 58 58 67 67 67 67 67 67 67 82 82 82 82 82 82 91 91 65 65 66 67 68 68 69 130 131 133 133 134 134 134 135 128 129 129 168 168 169 169 169 170 170 170 170 170 173 174 205 205
83 81 81 80 79 78 78 76 75 75 84 84 83 83 82 82 82 82 82 82 57 57 57 57 57 57 57 57 57 57 57 57 57 57 57 46 46 58 58 58 58 58 59 59 59 59 58 67 67 67 67 67 67 67 67 66 82 82 82 82 82 82 91 91 64 65 66 67 67 68 69 69 131 131 132 132 133 134 135 128 128 129 129 168 169 169 169 169 170 170 172 172 172 172 205 205
83 81 81 80 79 78 77 76 85 85 84 84 83 83 82 82 82 82 82 82 57 57 57 57 57 57 57 57 57 57 57 57 57 57 55 46 46 46 58 58 58 59 59 59 59 67 67 67 67 67 67 67 67 67 67 66 82 82 82 82 82 82 91 91 64 65 66 66 67 68 69 69 96 96 132 132 133 133 133 127 127 127 128 167 167 168 168 171 171 172 172 172 172 204 204 205
83 81 80 80 78 78 77 86 85 85 84 84 94 83 82 82 82 82 82 82 57 57 57 57 57 57 57 57 57 57 57 57 57 55 55 46 46 46 58 58 58 59 59 59 68 67 57 67 67 67 67 67 67 67 67 66 66 82 82 82 82 82 91 92 65 66 66 67 68 69 69 70 96 97 97 98 133 134 126 127 127 127 128 128 167 168 171 171 171 171 172 172 172 204 204 204
81 81 91 91 89 99 97 97 96 96 95 95 94 93 93 93 93 93 93 68 68 68 68 57 57 57 57 57 57 57 57 57 55 55 55 46 46 46 46 58 59 59 68 68 67 67 67 67 67 67 67 67 67 67 66 66 66 82 82 82 83 83 92 92 65 65 66 67 68 68 69 70 96 97 97 98 98 99 127 127 128 127 127 128 170 170 171 171 171 171 171 172 172 204 204 204
91 92 91 90 99 99 97 97 96 95 95 94 94 93 93 93 93 93 93 68 68 68 68 68 68 68 68 68 57 57 57 55 55 55 55 46 46 46 46 47 59 68 68 68 67 67 67 67 67 57 67 67 67 67 66 66 67 82 83 83 83 83 92 92 65 65 66 67 67 68 69 69 96 96 97 97 98 98 92 92 128 128 128 131 131 170 170 171 171 171 171 171 204 204 204 204
91 90 91 99 99 98 97 96 96 95 95 94 94 93 93 93 93 93 93 68 68 68 68 68 68 68 68 68 68 68 66 55 55 55 46 46 46 46 47 56 56 68 69 68 68 68 68 68 68 68 58 58 68 68 67 67 67 68 84 84 84 84 93 93 66 66 66 67 68 69 69 69 96 96 97 97 98 98 92 92 92 93 131 131 131 131 170 170 171 171 171 171 203 204 204 204
90 90 100 99 99 98 97 96 96 95 95 94 94 93 93 93 93 93 93 68 68 68 68 68 68 68 68 68 66 66 66 66 66 66 46 46 47 47 57 57 57 69 68 68 68 68 68 68 68 68 68 58 58 57 57 68 68 68 84 84 84 84 93 93 66 66 66 67 68 68 69 70 96 97 97 98 98 91 91 92 95 95 96 96 96 132 170 170 170 171 171 203 203 203 204 205
90 100 98 98 98 97 96 96 95 95 94 94 93 93 93 93 93 93 68 68 68 68 68 68 68 68 68 66 66 66 66 67 67 67 58 58 47 57 57 57 57 56 68 68 68 68 68 68 68 68 68 68 58 57 58 58 58 68 84 84 84 84 84 93 66 66 66 67 67 68 69 69 96 97 97 98 98 92 92 95 96 96 96 96 96 96 97 170 170 170 171 203 204 204 204 204
100 99 98 97 97 97 96 96 95 95 94 94 93 93 93 93 93 93 68 68 68 68 68 68 68 68 66 66 67 67 67 67 67 67 58 67 68 68 68 57 56 56 56 68 68 68 68 68 68 68 68 68 67 58 58 58 58 58 58 74 84 84 84 93 66 66 67 67 68 69 70 70 97 97 98 97 98 91 95 95 96 96 96 97 97 96 97 97 135 135 136 204 204 204 204 205
99 99 97 97 97 95 96 95 95 94 94 93 93 93 93 93 93 93 68 68 68 68 68 68 66 67 67 67 67 67 67 67 67 67 67 67 68 68 68 67 67 56 56 57 69 69 69 69 69 69 69 68 69 69 59 59 59 59 59 75 75 75 75 95 68 68 68 68 69 69 69 70 96 97 98 98 92 92 95 95 95 96 96 96 97 97 97 98 136 136 168 168 169 170 205 205
99 97 97 97 95 95 94 95 95 94 94 93 93 93 93 93 93 93 68 68 68 68 69 67 67 67 67 67 67 67 67 67 67 67 67 68 68 69 68 68 68 68 57 57 57 69 69 69 69 69 78 69 69 69 69 59 59 59 59 75 75 76 76 85 58 58 58 68 68 69 70 71 97 98 98 99 91 95 95 96 95 95 96 96 96 97 97 98 99 138 169 169 169 169 170 171
98 97 97 96 95 95 94 94 94 94 93 93 93 93 93 93 93 68 68 69 69 67 67 67 67 67 67 67 67 67 67 67 76 68 68 69 69 68 68 68 68 68 77 77 66 66 78 78 78 78 78 78 78 78 78 78 68 68 68 60 76 76 76 58 58 58 58 58 58 59 59 60 97 97 98 99 95 96 96 96 96 96 96 96 96 96 98 98 98 100 171 170 170 171 170 171
97 97 96 95 95 94 94 93 93 92 93 93 93 93 93 93 93 69 69 69 67 67 67 67 67 67 67 67 67 68 68 77 77 68 69 68 68 68 77 77 77 77 77 77 77 77 66 66 78 78 78 78 78 78 78 78 68 68 69 69 85 85 85 49 58 58 58 58 58 58 59 60 86 87 88 84 85 85 86 86 87 87 87 87 86 87 88 88 89 121 121 162 161 161 161 162
97 96 96 95 94 94 93 93 93 92 92 92 93 93 93 94 69 69 67 67 67 67 67 67 67 67 68 68 68 68 77 77 77 67 68 68 77 77 77 77 77 77 77 77 77 77 77 66 65 78 78 78 78 78 78 78 78 69 69 69 85 85 85 58 67 58 58 58 58 58 59 59 86 87 87 84 84 85 85 86 86 87 87 87 88 88 88 89 89 121 122 122 161 162 162 162
96 96 94 94 94 93 93 93 92 92 92 92 92 93 94 94 67 67 67 67 67 67 67 68 68 68 68 68 68 68 77 76 67 67 77 77 77 77 77 77 77 77 77 77 77 77 77 76 78 67 79 79 79 79 79 79 80 80 70 70 70 86 86 59 68 67 67 58 58 58 59 59 86 86 83 84 84 85 85 85 86 86 87 88 88 88 89 89 89 123 122 122 123 161 162 163
96 95 94 94 93 93 93 92 92 92 92 93 93 93 91 91 66 66 67 67 67 68 68 68 69 69 69 68 68 76 76 76 76 77 77 77 77 77 77 77 77 78 78 78 78 78 77 78 78 78 67 67 79 79 79 80 80 80 70 70 70 86 86 59 59 69 69 69 69 60 60 61 86 90 84 84 84 84 85 85 86 86 87 88 88 89 89 90 90 122 124 124 123 124 162 162
95 94 94 93 93 94 93 93 93 94 94 92 92 92 92 67 67 67 67 68 68 68 68 68 68 68 68 68 77 77 86 86 77 77 77 77 78 78 78 78 78 78 78 78 78 77 77 78 78 78 78 67 67 79 80 80 80 80 80 70 70 70 59 59 60 69 69 69 69 69 69 60 87 91 84 85 85 84 84 85 85 86 87 87 89 89 89 90 122 123 123 124 125 125 123 163
95 94 94 94 93 94 94 95 93 93 93 93 93 93 93 68 68 69 70 70 69 69 69 70 70 69 69 78 78 87 86 77 77 79 79 78 78 78 78 78 78 78 78 78 77 77 78 78 78 78 78 78 67 67 68 80 80 80 80 70 70 70 60 60 60 60 69 69 69 69 69 69 87 83 84 84 85 86 86 85 85 86 87 88 88 89 90 89 123 123 123 124 124 125 126 125
93 94 95 94 94 92 94 94 94 94 94 94 94 94 69 70 70 71 71 70 71 71 71 71 70 70 70 79 87 87 88 79 79 79 79 79 78 78 78 78 78 78 78 77 77 77 78 78 78 78 78 78 78 68 68 68 80 80 80 80 70 71 44 60 60 60 69 69 69 69 69 69 91 83 83 84 85 85 86 86 87 87 87 88 88 89 90 91 122 123 124 124 124 125 125 125
94 92 92 92 94 94 94 95 95 95 95 95 95 96 71 72 72 72 72 72 72 72 73 73 72 72 90 91 90 90 81 79 80 80 80 79 79 79 78 78 78 77 77 77 77 77 78 78 78 78 78 78 78 79 68 68 68 68 80 80 71 44 44 60 60 60 61 70 70 70 70 70 66 92 93 85 85 86 86 86 87 87 88 88 90 90 89 91 122 123 123 125 125 125 126 125
92 92 93 94 94 95 95 95 96 96 96 97 97 72 73 73 73 73 73 73 74 74 74 73 73 92 93 91 91 91 81 81 82 80 80 80 79 79 79 78 77 77 77 77 77 78 78 78 78 78 78 78 79 79 79 68 68 68 68 68 71 44 45 45 61 61 61 70 70 70 70 66 66 92 93 93 85 85 86 87 88 87 89 88 89 90 91 123 124 123 123 124 124 126 126 126
93 93 95 95 95 95 95 96 96 97 98 98 98 74 74 74 74 74 75 75 75 75 76 76 85 94 94 93 93 93 83 82 82 82 82 80 80 79 78 78 77 77 77 77 77 78 78 78 78 78 78 78 79 79 79 79 68 68 68 69 70 33 33 45 61 61 61 61 71 72 72 68 68 93 93 94 93 85 85 87 87 89 88 90 90 90 91 124 124 123 124 124 125 125 125 127
95 95 95 96 96 96 96 96 97 98 98 98 74 74 74 75 75 76 76 76 77 78 91 86 96 96 95 95 95 84 84 84 84 83 82 82 80 79 78 78 77 77 77 77 77 78 78 78 78 79 79 79 79 79 79 79 79 68 70 70 70 33 33 33 34 62 63 63 72 72 65 68 68 94 94 93 94 94 86 87 88 88 89 89 90 91 91 124 124 124 124 126 125 125 126 126
96 96 96 96 97 97 97 98 98 98 98 98 75 75 76 76 77 91 91 93 93 92 102 111 111 111 110 110 96 86 86 84 85 84 82 82 81 80 79 78 78 77 77 78 78 79 79 79 79 79 79 80 80 80 80 80 81 81 70 70 43 34 34 34 34 51 51 51 51 65 68 68 68 94 94 94 93 94 96 87 89 89 90 90 90 91 92 124 125 125 124 125 125 127 126 127
97 97 97 97 98 98 99 99 99 99 99 75 75 76 76 91 92 93 94 94 95 94 103 113 113 112 112 112 102 101 86 85 86 84 84 83 82 82 80 80 78 79 78 78 79 80 81 81 81 81 81 82 82 82 83 83 83 82 83 73 45 45 35 35 35 36 53 52 52 54 57 57 57 95 95 95 94 94 96 87 88 89 90 89 91 91 91 124 125 125 126 125 126 126 114 116
97 98 98 98 99 100 100 100 100 100 75 76 76 91 91 92 93 94 94 95 94 103 113 113 112 112 112 112 102 102 101 100 87 86 85 84 83 82 82 81 80 81 80 80 80 82 82 82 82 82 82 83 83 84 84 84 83 84 85 58 46 46 36 36 37 37 37 53 46 46 58 58 57 83 83 83 83 82 84 84 77 77 78 77 78 79 80 112 113 113 113 113 114 114 115 115
98 99 99 100 100 100 101 101 101 101 77 77 92 92 94 94 95 95 96 95 105 105 114 115 114 114 114 104 104 104 102 102 102 87 87 85 85 84 85 84 83 82 82 81 81 82 83 83 83 83 83 84 85 85 85 84 85 85 86 58 58 48 37 37 37 37 37 46 47 47 50 59 59 85 85 84 84 82 83 85 85 78 78 78 78 79 80 113 113 114 113 114 114 114 115 116
99 99 101 101 101 101 102 102 102 77 92 92 93 94 95 95 96 96 97 105 106 115 116 115 115 116 116 106 105 104 104 104 103 102 101 88 87 87 86 85 85 84 83 82 83 83 83 84 84 84 84 86 86 86 86 86 86 87 86 60 60 48 38 38 38 39 31 31 47 47 51 59 59 59 85 85 85 85 84 85 85 86 78 79 78 80 79 113 113 114 113 114 114 115 114 115
100 101 102 102 102 102 102 103 78 92 93 93 95 96 96 97 97 98 97 107 107 117 117 117 117 117 107 107 107 106 105 104 104 105 104 104 89 89 88 87 87 85 85 84 83 84 84 84 84 85 86 87 86 87 87 87 87 88 61 61 61 60 40 39 40 32 32 31 47 47 50 50 59 59 85 85 85 85 85 86 85 87 78 77 78 79 80 113 112 114 113 114 113 115 115 115
102 102 102 103 103 103 103 78 93 93 95 96 96 97 97 98 98 98 108 109 110 119 119 119 119 120 109 109 107 107 107 106 107 106 106 105 104 90 89 89 88 88 86 85 85 85 85 85 85 86 86 87 88 88 88 88 89 88 62 62 62 62 51 40 33 33 33 33 32 48 51 51 51 60 86 86 86 86 86 86 86 87 86 78 78 79 79 113 113 113 113 114 115 114 115 116
103 103 103 104 104 104 104 79 93 96 96 97 97 98 98 99 99 100 110 110 121 121 121 121 122 111 111 111 109 109 108 107 109 107 108 107 107 92 90 91 89 89 88 87 86 87 86 86 87 87 87 89 89 89 89 90 89 62 63 63 63 63 52 34 34 35 34 33 33 32 51 51 51 51 86 86 85 86 86 87 87 87 87 78 78 79 79 112 113 114 113 113 114 115 115 115
104 104 104 104 105 105 80 94 95 96 97 98 98 99 99 100 101 111 112 112 122 123 123 124 123 114 114 115 112 112 109 110 109 109 109 108 108 107 92 92 91 90 90 89 87 88 88 88 88 88 89 90 90 90 91 90 90 64 65 64 64 63 47 46 35 35 35 34 34 37 36 52 52 52 78 87 86 86 86 87 87 88 88 87 78 80 80 112 113 113 113 113 114 114 115 115
104 105 105 105 106 81 95 96 96 97 97 98 99 99 101 102 103 113 114 123 124 124 124 125 115 117 118 116 114 113 112 111 111 111 110 109 109 108 108 93 92 92 90 91 89 89 90 90 89 90 90 90 91 92 91 91 65 65 65 65 65 58 47 47 35 36 36 36 35 34 37 52 52 52 78 77 86 87 87 88 87 88 88 88 79 79 112 113 113 112 113 113 113 114 115 115
105 106 106 106 81 96 97 97 97 98 98 99 100 101 102 103 114 114 116 125 125 126 126 118 118 119 119 117 116 114 114 113 113 111 112 110 111 109 108 109 93 94 92 91 91 91 91 92 91 91 91 91 93 93 92 93 66 65 65 67 59 59 48 48 48 36 36 35 35 35 37 37 53 52 51 77 77 87 87 88 88 89 87 88 88 80 79 112 113 112 112 113 114 113 114 115
106 106 107 82 82 97 98 98 98 99 99 100 101 103 104 105 116 116 117 126 127 127 128 119 120 119 118 118 117 116 117 114 115 113 112 112 111 111 110 109 95 94 94 93 92 94 93 92 92 93 92 93 93 93 94 67 67 66 67 59 60 60 50 49 48 48 36 37 36 35 38 37 36 52 52 78 78 79 87 88 88 88 88 89 88 80 80 112 112 112 112 112 112 114 113 114
107 107 83 83 97 98 99 99 99 99 100 102 103 105 105 116 116 118 119 127 128 128 121 120 120 121 120 120 118 118 117 117 116 115 114 113 112 112 111 111 109 96 94 94 93 94 94 95 94 93 94 93 93 95 95 68 67 68 60 60 61 61 50 50 50 49 38 37 36 36 38 37 37 36 52 78 78 79 79 89 89 88 88 89 89 89 80 113 111 112 112 112 112 113 113 112
108 83 83 84 99 99 99 100 100 100 102 103 105 106 107 117 118 119 127 129 129 122 121 122 122 121 120 119 120 120 118 118 117 117 115 114 114 113 112 112 111 96 96 95 95 95 96 96 96 95 95 94 94 96 69 68 62 62 61 62 61 61 51 51 51 50 49 38 38 37 39 39 38 37 37 79 79 78 79 80 88 89 88 89 89 90 80 113 112 112 112 113 111 112 113 112
84 84 84 100 100 100 100 101 101 102 104 104 106 107 108 118 119 120 129 129 131 122 122 122 122 122 122 121 120 120 120 119 118 117 118 115 114 114 113 112 113 111 97 96 97 96 98 98 97 97 97 96 96 69 69 63 63 62 63 62 62 62 52 52 51 50 51 39 38 38 40 39 38 37 37 37 79 79 80 78 79 88 89 89 89 89 81 111 112 112 112 112 113 111 112 111
92 85 85 100 101 101 101 101 102 103 105 106 108 108 110 119 121 120 130 131 124 123 123 124 123 122 121 122 123 121 121 120 120 119 118 117 116 114 115 114 113 113 98 98 98 98 98 99 99 99 98 98 98 63 64 64 63 64 63 63 63 63 52 51 53 52 51 39 39 38 41 40 40 39 38 37 63 78 79 79 80 79 80 89 90 89 81 112 112 112 113 112 113 113 110 111
93 86 87 101 102 102 102 102 103 105 106 107 108 110 119 121 120 121 132 124 124 123 124 124 123 123 122 122 122 123 121 121 120 120 120 118 117 116 114 115 114 113 98 100 99 100 100 100 101 100 100 100 65 63 64 65 65 65 64 64 64 63 52 53 52 52 52 52 40 39 41 41 40 39 38 38 63 63 79 79 80 80 80 80 90 90 89 112 113 112 112 112 112 113 111 111
94 94 102 102 102 103 103 103 104 106 107 109 110 111 121 122 121 132 124 124 124 124 124 124 124 124 124 124 123 123 123 122 122 120 120 119 117 117 116 116 114 115 115 100 101 101 101 100 102 102 95 67 65 66 65 64 66 65 65 65 64 64 54 53 52 52 52 51 39 39 39 40 39 38 38 37 63 63 63 79 79 80 80 80 80 80 88 112 112 112 112 113 112 111 112 111
95 96 103 103 103 104 104 105 106 107 109 109 111 112 122 121 123 124 124 126 125 125 126 125 125 124 124 124 124 123 124 123 122 121 121 120 120 118 116 116 116 114 116 102 101 102 102 103 95 95 95 68 67 67 65 66 65 66 66 65 65 55 54 54 54 53 52 51 51 40 39 41 40 40 39 38 37 63 63 64 80 80 80 81 79 80 80 103 112 112 112 112 111 111 111 111
