testData/tiles/even/grid37.5-25.0-50.0-37.5.asc
ncols   250
nrows   250
xllcorner   37.5
yllcorner   25.0
cellsize   0.05
NODATA_value   -9999.0
[rows 172 to 214 of 250, columns 0 to 95 of 250]
180 176 175 175 175 175 136 134 134 132 132 131 130 127 143 138 135 168 160 150 150 150 149 150 149 148 148 147 147 146 146 145 144 144 143 143 142 141 140 152 151 153 152 155 155 155 151 135 125 125 124 123 123 124 123 123 121 120 122 121 121 119 120 120 120 117 117 117 117 132 136 142 175 178 183 186 188 191 185 197 200 202 203 205 201 203 205 205 206 207 208 208 209 210 210 211
176 176 175 176 135 135 135 134 133 133 132 132 130 128 126 140 172 169 163 151 150 150 150 149 148 148 147 147 147 145 145 146 144 144 143 143 142 140 139 150 150 150 151 153 152 153 123 123 123 123 123 122 122 123 125 122 120 121 121 119 119 119 119 119 119 119 119 116 119 132 139 143 177 181 182 186 189 191 187 198 200 201 204 205 206 203 204 204 207 208 208 209 210 210 211 212
177 177 136 136 136 136 135 135 135 135 132 133 131 129 126 123 158 171 166 159 150 149 148 148 147 147 147 145 145 145 144 145 144 143 143 142 141 139 139 138 150 149 149 151 132 124 121 121 122 121 121 121 121 125 122 121 120 121 119 118 119 118 118 119 118 119 118 119 123 133 138 143 176 181 183 185 189 192 186 200 200 202 203 204 207 208 204 206 206 207 207 209 209 209 210 212
137 136 135 135 135 135 135 134 136 134 134 134 132 128 127 123 159 154 148 161 148 148 146 146 147 145 145 145 144 145 144 144 143 143 141 140 139 138 137 136 148 148 130 130 121 119 120 119 120 119 119 120 122 124 119 120 119 121 121 118 118 117 117 117 118 117 118 120 128 133 140 144 179 181 184 187 188 192 187 199 200 203 204 206 207 207 209 206 206 207 209 209 209 210 211 212
137 136 135 135 134 135 134 135 134 135 134 133 131 129 127 124 158 155 150 143 137 146 146 145 145 145 144 144 144 144 143 143 141 141 140 138 138 137 136 134 116 128 116 117 118 118 118 117 118 117 118 121 121 118 118 118 119 119 119 119 117 117 116 117 116 117 116 120 128 137 138 174 178 183 185 186 190 191 187 199 202 203 203 205 207 208 209 210 206 207 208 208 209 211 211 212
136 135 135 135 135 135 134 135 135 134 134 132 130 129 128 124 158 153 149 144 137 128 127 127 145 144 145 144 144 144 142 142 142 140 139 138 138 118 117 116 115 117 115 114 112 114 115 116 116 116 119 119 118 138 116 117 116 117 118 117 117 116 116 115 116 116 116 119 130 137 143 174 179 182 184 187 189 191 187 199 201 203 205 205 206 208 209 210 212 207 208 208 210 210 210 210
137 136 135 135 134 135 136 135 135 134 132 131 130 129 124 123 158 154 149 144 137 127 126 126 127 125 126 125 124 123 124 123 121 121 119 119 118 117 117 105 104 102 114 113 131 132 134 134 136 134 139 139 135 136 137 136 136 137 137 137 137 136 136 115 116 114 118 119 130 137 142 175 179 182 184 187 189 192 186 199 201 202 204 204 207 208 209 209 211 207 207 207 209 209 209 210
135 135 134 135 134 134 134 134 133 133 130 129 128 127 125 122 157 153 150 143 136 126 125 125 125 125 124 123 124 122 121 121 119 119 119 118 118 106 106 104 103 123 121 131 128 130 131 131 132 136 136 133 134 136 134 135 135 136 136 135 136 136 135 135 135 136 116 118 129 137 143 177 178 182 184 187 189 191 186 189 200 202 203 205 206 207 208 210 210 212 207 209 209 209 210 211
133 134 134 133 134 133 133 131 131 129 130 129 129 127 125 121 155 153 148 144 137 124 125 125 123 123 124 122 122 120 120 120 119 118 117 107 106 105 124 123 123 122 121 130 129 127 128 129 131 133 131 132 133 133 133 135 134 135 135 134 135 134 135 134 134 134 137 139 151 137 143 177 178 182 185 187 190 191 187 188 199 202 204 205 206 206 208 210 210 211 212 208 208 208 209 210
133 134 134 133 134 133 132 131 130 129 128 128 126 125 123 121 154 151 147 142 137 124 124 124 124 123 122 121 122 120 120 118 118 108 106 127 125 124 123 121 121 120 116 116 127 127 125 127 128 128 130 129 131 132 131 132 133 133 133 134 134 134 133 133 132 136 138 138 151 157 163 197 178 181 185 186 189 191 188 187 200 202 203 205 206 206 208 209 209 210 211 207 207 207 209 209
134 133 133 133 132 132 132 130 129 130 128 126 125 123 122 119 154 152 146 144 137 123 123 122 122 121 120 120 120 119 118 107 107 128 127 126 124 124 123 122 120 119 115 114 113 125 124 123 123 126 128 127 128 130 130 131 131 132 133 132 133 132 133 132 131 135 136 137 152 157 192 197 198 201 184 185 188 190 187 187 200 201 202 204 206 206 207 208 208 209 210 211 206 208 209 209
133 132 133 132 132 130 130 129 128 127 127 126 124 122 121 118 153 150 147 141 135 122 122 120 120 119 119 118 107 108 108 106 127 125 124 124 122 122 121 120 120 115 115 112 112 112 122 122 121 124 125 125 127 127 127 129 130 130 131 132 132 131 131 130 131 133 135 137 151 157 192 196 198 200 204 185 188 190 186 186 190 200 201 204 205 206 207 207 208 209 211 211 211 208 208 208
132 131 131 132 130 129 128 128 127 126 124 125 123 121 120 116 152 150 144 141 135 119 118 119 119 117 107 108 106 106 126 126 125 124 123 123 122 121 120 120 119 115 113 112 111 111 106 119 117 119 122 123 125 125 126 127 127 129 130 130 131 129 129 129 129 132 134 136 150 157 193 196 197 200 203 205 207 190 185 186 189 199 201 203 204 206 206 206 207 208 210 210 210 207 207 207
130 134 132 130 130 129 128 128 125 126 124 123 122 120 118 153 150 146 142 137 131 118 118 108 107 108 107 106 106 127 126 125 125 123 123 120 120 120 118 118 114 113 113 111 111 107 106 105 116 119 118 119 122 123 124 125 126 126 126 128 128 128 127 127 128 131 133 135 148 156 192 195 197 199 202 204 206 210 184 186 188 199 200 202 203 205 205 206 206 207 209 210 209 211 206 206
132 130 130 129 128 128 128 126 126 125 123 121 119 117 114 113 148 145 141 137 120 107 107 106 106 106 105 126 126 124 124 123 122 122 121 120 119 119 118 113 112 113 112 111 108 107 106 106 103 118 117 117 119 120 122 122 124 124 124 124 125 125 126 125 126 130 132 133 147 155 190 194 195 199 200 203 205 209 204 206 187 198 200 200 202 204 204 205 206 206 207 208 208 210 205 205
129 128 126 126 125 124 125 125 124 122 121 119 117 115 113 112 137 133 129 124 116 106 105 105 105 105 125 124 123 122 122 123 121 121 120 119 119 118 118 115 113 113 111 108 107 105 105 104 104 107 105 117 117 117 118 119 121 122 121 123 122 123 124 125 125 129 131 132 147 153 189 193 194 198 200 202 204 207 203 205 206 187 199 199 200 203 203 204 206 205 206 206 207 208 209 203
128 127 125 124 125 125 124 123 121 120 119 118 106 105 103 100 134 130 126 121 115 104 103 104 104 123 122 122 122 121 121 120 120 119 119 119 118 117 113 112 112 109 108 107 106 105 105 103 103 103 105 105 117 116 116 115 118 119 120 119 120 121 122 123 127 127 130 133 145 152 187 189 193 196 199 200 203 200 201 204 205 206 198 199 199 201 202 203 205 205 241 205 206 207 207 202
126 126 126 125 125 124 123 112 111 108 107 106 104 103 101 98 132 128 124 118 111 102 102 101 122 122 123 121 121 121 120 119 120 119 118 118 117 113 113 112 109 108 106 106 105 105 104 103 103 101 104 104 104 116 115 114 116 115 116 118 117 119 120 121 122 126 128 130 143 150 186 186 191 195 197 200 201 199 200 202 204 205 217 198 199 236 236 237 240 240 240 240 241 242 242 262
116 114 114 113 113 112 111 110 109 109 107 105 103 101 99 96 130 125 120 115 110 101 100 121 121 121 120 120 119 119 120 120 119 118 118 116 113 113 108 108 107 106 106 106 105 105 103 103 102 101 101 103 103 103 102 113 114 113 114 114 116 116 118 119 120 124 127 128 141 148 181 185 189 193 195 198 200 197 198 201 202 203 242 253 233 235 235 236 237 238 239 238 238 240 240 260
114 113 112 111 111 110 109 109 108 106 104 104 102 99 96 92 127 122 118 112 100 98 120 120 120 119 118 119 119 118 118 118 117 116 116 112 112 110 108 107 107 105 105 104 104 104 103 103 102 101 100 99 103 102 101 101 100 113 113 112 112 114 115 116 117 121 125 127 139 143 179 183 187 191 194 196 199 196 241 199 200 238 240 251 253 234 233 234 235 237 238 237 237 239 239 259
111 111 110 109 108 107 107 106 105 103 101 101 99 96 95 92 125 120 115 107 98 119 118 118 118 118 118 118 117 117 116 116 116 116 112 109 109 107 107 107 106 106 106 104 103 102 102 102 101 101 101 98 99 101 101 102 101 100 100 112 112 112 112 113 114 119 122 124 135 141 177 225 229 233 236 239 241 238 239 275 279 280 282 294 295 297 231 233 234 235 236 236 235 237 257 257
111 109 109 108 107 107 106 104 103 101 99 99 98 95 92 89 121 117 111 97 118 118 117 117 116 117 117 118 117 117 116 116 112 111 108 107 106 106 106 105 105 105 104 104 104 102 102 102 100 100 99 99 99 98 101 102 101 101 99 99 99 112 112 111 111 115 118 118 176 182 216 222 227 230 233 237 233 235 274 273 277 278 279 282 293 294 295 275 276 233 234 234 233 235 255 255
109 108 107 106 105 105 104 102 101 99 99 97 95 92 89 86 118 114 107 118 117 117 117 117 117 116 116 116 116 115 112 112 112 108 108 108 107 106 106 105 105 105 104 103 102 102 102 100 100 100 99 99 100 98 98 98 101 101 100 99 99 99 99 112 111 154 155 157 173 179 213 219 223 227 231 233 230 268 271 271 274 276 277 279 291 291 293 294 273 274 275 276 232 232 253 253
106 107 106 105 103 102 101 99 99 99 97 95 93 90 87 83 115 110 105 117 117 117 116 116 116 116 116 113 112 112 111 108 107 107 107 106 106 106 105 105 104 103 103 103 102 102 102 101 100 99 99 99 99 99 99 98 98 98 97 97 96 96 96 96 140 142 155 156 168 175 211 215 220 224 228 230 263 265 269 269 271 273 275 277 278 289 291 292 270 272 273 274 274 229 251 251
104 105 103 103 101 100 98 97 97 96 94 92 89 86 83 80 112 105 116 116 116 116 115 116 113 113 113 112 111 111 107 107 107 107 106 106 106 105 105 105 104 104 103 102 102 102 101 101 101 99 99 99 99 99 98 99 98 97 97 97 97 96 140 140 140 140 141 143 168 205 210 212 215 220 224 257 260 262 265 266 268 269 272 273 275 286 287 289 289 269 270 271 271 290 291 230
104 104 102 101 99 97 98 96 96 94 92 89 86 84 81 76 107 116 116 115 115 112 113 113 113 111 111 111 112 107 107 107 107 106 106 106 105 105 105 105 104 104 104 103 102 101 101 101 100 100 100 98 99 99 98 99 98 97 97 97 97 141 140 140 140 140 143 142 154 161 197 200 215 218 257 254 254 257 260 262 264 266 267 269 271 283 284 286 287 287 266 268 268 288 270 271
101 100 99 98 96 96 94 94 92 90 104 86 85 81 76 71 63 112 112 112 112 112 113 112 112 112 112 112 108 108 108 108 107 107 107 106 105 105 105 104 104 104 103 103 103 101 101 101 100 100 100 99 99 98 98 99 98 97 97 141 141 141 141 140 140 140 143 143 153 160 195 200 202 241 243 240 254 257 258 260 261 262 263 264 267 268 280 280 283 283 262 262 264 285 266 267
113 112 110 109 109 107 106 105 103 101 99 98 95 91 86 79 90 127 127 128 128 128 128 128 128 128 111 108 108 108 108 107 107 107 106 106 106 106 104 104 104 103 103 103 102 102 101 100 100 101 100 100 101 99 99 100 99 99 141 141 141 141 141 140 140 140 140 143 152 159 195 199 238 240 237 239 241 243 245 246 248 262 263 264 265 267 278 278 280 279 280 259 261 263 262 262
110 109 108 107 106 103 103 101 100 99 97 94 91 85 80 90 90 127 127 127 128 128 128 128 128 127 124 124 124 123 123 123 107 106 106 106 106 105 105 105 103 103 103 102 102 102 102 102 101 101 101 101 101 101 100 100 100 100 143 142 142 141 141 141 140 140 140 143 152 158 193 234 238 240 237 239 241 242 245 245 248 249 250 251 252 253 254 265 266 267 267 267 229 250 250 249
107 106 105 105 104 101 101 99 98 96 93 90 86 79 68 90 90 127 127 128 128 128 127 127 124 124 124 124 123 123 123 123 122 122 122 122 121 105 105 104 104 104 103 103 103 103 103 103 103 102 102 102 102 102 101 101 101 145 144 144 143 142 142 142 140 140 140 143 150 158 193 234 238 240 236 239 239 242 244 245 246 249 250 251 252 252 254 265 265 266 267 249 248 249 250 249
106 105 104 102 101 98 98 97 95 93 89 86 80 69 90 90 90 127 127 127 127 127 127 125 125 125 124 124 124 124 124 123 123 123 122 121 121 121 120 120 120 104 104 104 104 103 104 104 103 104 103 102 103 103 102 102 146 146 145 145 144 143 143 142 142 140 140 140 148 158 227 232 236 233 235 237 239 242 244 245 246 248 249 249 251 252 253 255 265 267 248 250 269 248 249 249
104 103 102 100 98 97 96 93 91 88 84 79 68 68 89 89 89 89 127 127 128 125 125 125 124 124 124 124 124 123 123 123 123 123 122 122 122 120 120 120 121 120 121 121 105 104 105 104 104 105 104 103 104 103 103 148 147 147 146 146 146 144 144 143 143 142 141 140 143 156 228 232 236 235 236 238 241 243 245 246 248 248 250 251 250 253 254 254 256 250 250 250 270 249 250 250
104 102 99 96 95 94 92 90 87 83 78 68 68 68 89 89 89 89 128 128 125 124 124 124 124 124 124 124 123 123 123 123 122 122 122 122 121 121 121 121 120 121 122 121 122 122 121 105 105 106 105 104 105 104 104 149 149 148 147 147 147 145 145 144 144 143 141 141 140 191 227 231 229 234 237 240 241 243 245 246 248 250 250 253 252 254 255 255 239 250 251 250 271 250 250 250
103 100 98 93 91 90 88 84 82 77 68 68 68 89 89 89 90 90 124 124 124 124 124 124 124 123 123 123 123 123 123 122 122 122 122 121 121 121 122 122 122 122 121 122 123 123 123 122 122 122 106 106 105 105 149 150 150 149 148 148 148 147 146 145 144 144 143 142 141 187 227 232 230 235 236 240 241 243 246 247 248 251 252 254 254 256 255 238 239 240 252 251 270 271 251 251
99 97 95 91 89 86 82 78 76 68 67 67 67 88 88 89 86 87 124 124 124 124 124 123 124 124 124 124 124 123 123 123 123 122 121 121 121 122 122 122 123 123 122 123 123 123 123 124 122 123 123 123 107 106 150 151 151 151 149 149 148 148 146 146 145 146 144 162 179 188 227 225 229 234 238 240 241 244 246 247 249 250 253 255 255 257 239 239 240 241 251 253 271 272 251 252
97 93 90 87 85 79 76 67 68 67 67 67 67 88 86 86 87 87 87 123 123 124 124 124 124 124 124 123 123 123 123 123 122 122 122 122 121 121 122 123 123 123 124 124 123 124 124 124 124 124 123 123 124 168 151 152 152 172 170 170 169 169 168 167 166 165 165 163 199 208 245 246 250 254 257 260 260 262 246 246 249 252 254 256 257 239 241 240 240 241 241 252 272 272 252 251
92 89 86 82 78 68 66 66 66 66 66 66 84 85 85 85 86 86 86 124 124 124 124 124 124 123 123 123 123 123 122 122 122 122 122 121 122 123 123 123 123 124 125 125 124 125 124 125 125 124 124 124 145 189 188 189 173 173 172 171 170 170 169 168 167 166 165 202 201 208 239 243 249 252 257 259 261 263 266 267 270 273 276 256 241 240 241 242 242 241 242 242 272 273 273 251
86 81 80 71 70 68 66 66 66 66 63 63 85 85 85 86 86 86 87 124 124 124 123 123 123 123 123 123 122 122 122 122 122 121 121 122 123 124 123 123 124 125 125 125 126 125 125 126 126 146 145 145 146 190 190 190 190 174 173 172 171 171 170 169 168 167 167 203 202 207 239 244 246 253 255 258 260 262 266 269 270 273 274 259 260 262 241 242 243 243 243 243 263 273 272 252
81 71 71 72 70 68 67 62 62 63 63 64 85 85 85 86 85 86 86 86 123 123 123 123 123 124 123 123 123 123 123 123 121 121 122 122 122 123 124 125 124 125 125 126 126 126 146 147 146 146 146 146 147 191 191 191 191 190 190 174 172 171 171 170 168 168 204 204 203 197 238 243 248 249 254 258 260 262 266 268 272 274 257 259 261 262 262 262 263 244 243 243 264 272 273 252
72 71 72 72 70 66 64 64 62 62 62 84 84 84 84 85 86 86 86 86 123 123 123 123 123 123 123 123 123 123 122 122 122 122 122 122 123 124 125 124 125 125 126 126 146 147 147 146 147 147 148 147 148 192 192 193 192 191 191 190 173 172 171 171 169 168 204 204 199 198 209 243 247 248 254 257 258 263 265 268 271 255 258 260 261 262 262 262 263 262 262 242 263 262 273 273
72 71 69 68 67 64 65 64 62 62 63 84 84 84 85 86 86 86 86 85 122 123 123 123 123 123 123 123 122 122 122 122 122 121 122 123 123 124 124 125 126 147 146 146 147 148 148 147 148 148 149 148 149 193 193 194 193 192 192 191 190 189 172 171 171 169 206 206 199 198 207 243 246 248 252 256 257 260 265 266 252 255 257 258 261 262 262 263 262 264 264 262 283 283 262 272
69 69 69 69 66 66 65 64 63 61 62 83 83 83 85 85 85 85 85 85 86 123 123 123 123 122 122 122 122 122 122 121 121 122 123 124 124 124 125 145 146 146 147 147 147 148 148 148 149 149 150 150 194 194 194 195 194 193 193 192 191 190 189 172 171 206 206 200 201 199 206 243 247 249 251 253 255 260 246 248 251 255 257 259 260 262 263 261 264 264 263 264 283 281 283 283
69 68 69 68 67 66 65 64 63 64 62 83 83 83 85 85 85 85 85 86 86 123 122 122 122 122 123 123 123 122 122 121 121 122 123 123 124 125 145 145 146 147 148 147 147 148 149 150 150 150 151 151 151 195 195 196 196 194 194 193 192 190 189 189 172 206 201 201 200 199 203 242 246 248 250 253 255 240 245 247 251 253 256 258 259 261 262 262 262 262 263 281 283 283 293 292
