testData/tiles/even/grid25.0-37.5-37.5-50.0.asc
ncols   250
nrows   250
xllcorner   25.0
yllcorner   37.5
cellsize   0.05
NODATA_value   -9999.0
[rows 168 to 209 of 250, columns 94 to 187 of 250]
241 243 282 283 284 286 287 268 270 270 303 303 305 305 306 306 308 308 307 307 308 308 308 307 307 306 289 287 287 287 286 285 283 281 280 279 268 267 268 266 266 268 272 273 227 219 219 184 198 198 197 197 196 194 194 192 190 194 192 189 186 147 143 140 137 134 134 135 111 111 111 93 94 93 92 90 114 113 112 111 111 111 110 112 113 119 124 126 129 132 135 136 138 140
275 244 246 284 265 267 267 269 270 271 272 304 306 306 307 307 307 309 308 308 308 307 309 309 308 307 289 288 288 288 287 285 283 282 281 280 267 267 267 265 266 265 223 225 226 227 214 215 179 198 197 195 195 194 192 192 189 193 190 189 149 146 143 139 135 134 133 133 111 111 110 93 92 91 90 89 113 112 111 109 110 110 112 111 115 120 123 127 130 133 136 137 139 142
252 253 260 261 261 299 301 302 302 304 305 306 306 307 307 308 308 308 309 309 309 308 308 309 308 290 290 289 289 288 287 285 284 283 282 269 268 267 265 265 218 216 221 219 221 222 222 213 177 196 196 195 195 193 192 189 194 193 153 150 148 144 141 136 134 133 133 133 109 109 93 92 92 90 89 88 112 111 110 109 110 109 114 113 117 121 124 127 132 134 135 138 140 141
251 253 254 257 258 259 264 301 303 304 305 307 307 340 341 340 341 308 309 310 309 309 307 307 291 290 289 289 288 288 286 286 285 284 271 270 269 220 218 214 212 212 213 217 218 218 221 220 212 176 195 193 192 192 190 189 156 152 152 149 145 142 139 136 133 133 133 132 109 109 91 91 89 89 89 113 112 110 109 108 108 111 112 114 117 122 125 129 132 133 137 139 141 141
257 253 255 256 257 260 260 261 262 299 300 305 306 306 339 340 341 341 340 341 309 308 308 291 290 291 290 289 288 287 286 285 286 273 268 220 218 215 214 213 212 211 210 214 217 218 218 219 209 174 173 192 190 189 152 150 153 152 149 147 144 141 138 133 132 132 132 132 108 108 91 89 88 88 87 111 110 109 106 108 107 112 112 116 118 120 126 129 132 135 137 139 141 142
256 259 260 261 263 263 260 261 261 262 263 300 302 302 303 336 336 337 337 336 337 337 337 287 286 286 286 285 284 283 283 281 232 221 221 220 217 216 214 212 212 211 210 211 214 216 216 217 217 173 172 190 153 151 150 153 153 150 148 146 143 140 136 133 132 132 131 108 108 106 89 88 88 87 86 110 109 107 105 106 110 110 113 115 119 122 126 130 132 135 138 138 141 143
256 258 260 260 262 263 264 264 266 262 262 264 264 265 302 303 336 336 337 336 336 337 319 319 319 318 284 285 284 235 235 233 222 221 220 217 217 216 212 212 211 210 209 208 212 213 215 215 215 142 133 132 150 150 148 153 150 149 146 144 141 138 134 131 131 131 131 107 106 89 88 88 87 86 85 109 107 106 105 106 109 110 113 117 120 123 128 131 134 137 139 141 143 145
256 258 259 261 263 264 264 264 265 265 266 268 263 265 265 265 266 336 336 336 336 319 318 318 317 270 269 269 236 235 234 223 222 221 218 217 216 213 212 212 210 210 209 207 209 211 176 177 177 142 132 132 130 148 147 151 150 148 145 142 140 137 133 131 131 129 129 106 106 88 88 87 86 86 85 108 106 105 104 104 109 110 114 117 121 125 126 131 134 137 138 141 143 145
256 257 259 260 260 263 264 265 265 265 266 266 267 267 264 264 264 265 297 250 233 270 270 271 270 270 269 268 267 266 256 222 221 219 218 217 213 212 211 209 210 209 171 170 168 172 173 175 174 141 140 130 130 127 145 149 148 145 143 141 138 134 131 129 129 129 129 105 88 87 87 86 86 84 108 107 105 104 103 106 106 112 115 119 122 124 126 131 134 136 139 140 143 145
207 210 211 212 213 214 215 216 218 219 219 220 219 220 220 221 221 216 217 233 232 232 231 231 233 232 230 230 229 218 217 217 215 181 180 177 176 175 172 172 171 170 169 168 168 166 171 172 173 138 138 128 127 125 125 129 146 144 142 138 135 131 128 128 128 128 128 105 87 87 86 85 84 83 107 106 104 102 101 102 108 112 116 119 123 125 128 132 132 137 140 142 144 145
198 208 210 212 213 213 215 215 216 217 218 218 219 218 219 219 221 220 203 198 232 231 231 230 229 229 229 228 218 217 215 214 213 212 177 176 175 172 172 171 170 169 169 167 167 165 166 168 135 135 135 134 125 124 121 126 123 141 138 135 132 130 128 128 127 127 104 104 86 86 84 84 83 82 106 104 103 100 98 104 108 113 116 120 123 126 128 129 135 137 140 143 144 146
196 206 208 209 210 213 214 215 215 215 215 216 217 217 218 218 218 203 202 201 196 228 229 229 228 227 227 217 216 215 214 212 211 209 208 208 172 172 171 170 170 169 167 167 165 165 163 166 132 132 132 132 131 122 120 124 122 120 118 134 131 127 127 127 127 126 103 86 84 84 83 83 82 81 104 103 100 97 96 104 110 114 116 121 123 126 127 131 135 138 140 142 145 147
195 196 208 208 209 211 211 213 214 214 215 215 215 216 216 216 199 199 199 200 200 199 227 226 226 225 215 213 213 213 212 210 209 208 206 204 204 204 170 170 169 168 167 165 165 163 162 126 129 130 130 130 130 118 117 122 120 118 115 113 110 126 126 126 126 126 101 84 84 83 82 81 81 79 103 100 97 93 97 104 110 113 117 121 124 125 128 131 133 137 139 142 126 127
193 194 195 207 208 209 209 211 211 212 214 214 215 214 215 198 197 198 197 198 197 198 198 228 224 213 212 212 211 210 209 208 206 205 204 204 203 202 202 168 168 167 166 165 163 163 126 125 123 126 127 127 126 125 122 120 118 116 113 110 107 106 106 105 124 101 83 83 82 82 81 80 122 77 100 98 93 94 97 105 109 113 118 121 123 125 129 131 133 118 122 124 125 127
190 192 194 204 206 208 208 209 210 210 210 212 211 195 194 195 195 195 196 194 195 194 194 185 184 211 211 210 208 207 206 205 204 204 204 203 202 202 201 200 166 165 164 164 163 126 125 124 123 121 124 125 125 123 113 118 158 156 153 151 147 147 147 147 147 124 106 125 124 124 123 121 120 118 141 136 136 137 142 148 152 156 160 163 166 168 152 155 157 117 120 123 126 127
188 190 192 192 203 204 205 206 208 209 209 209 193 193 194 192 192 193 193 192 192 193 182 182 181 179 212 206 205 204 204 203 203 202 202 202 201 201 200 199 198 197 163 162 125 125 123 122 120 118 160 162 163 162 151 156 154 153 150 146 146 146 146 146 146 105 105 105 104 102 101 100 99 96 117 117 117 117 120 129 133 138 141 144 147 150 152 155 158 160 163 166 169 170
185 186 189 190 193 202 202 203 205 205 206 190 190 191 191 191 191 190 191 190 190 177 177 178 178 177 176 176 204 203 202 202 202 201 201 200 200 200 199 198 197 196 160 125 125 166 165 163 163 161 159 156 159 159 158 153 151 150 147 145 144 144 144 144 121 104 104 102 101 100 99 98 96 92 117 116 116 118 121 128 133 137 141 145 147 150 152 154 158 160 163 165 168 169
181 183 185 187 188 190 200 202 201 185 186 186 187 186 187 187 187 188 186 176 176 176 174 174 175 175 174 174 174 201 202 201 201 200 200 199 198 198 197 197 161 203 202 201 166 166 164 163 161 159 158 156 154 153 154 149 148 146 144 142 143 143 143 143 102 101 101 100 99 98 97 94 92 91 116 116 116 118 121 127 133 137 140 144 147 150 152 155 157 159 161 164 167 169
181 182 183 183 185 186 187 197 181 182 182 184 184 185 184 184 184 184 175 174 174 174 173 173 173 173 174 174 174 173 167 199 200 199 199 198 197 197 204 203 202 201 201 199 199 164 163 161 159 158 156 154 152 150 147 154 144 142 141 140 141 140 140 140 100 99 99 98 97 95 92 91 91 91 116 116 116 117 120 127 132 137 140 144 147 150 152 155 157 158 160 162 165 168
179 180 183 184 185 186 185 170 180 181 181 181 182 182 183 183 172 173 173 173 173 173 173 172 172 172 171 172 172 172 172 166 166 197 198 240 204 204 203 202 201 200 198 198 196 195 193 159 158 156 155 152 150 148 144 148 136 136 136 137 137 137 138 97 97 97 96 94 92 91 91 91 91 91 116 116 115 117 120 127 132 136 140 143 146 150 152 155 156 158 160 162 133 135
178 180 181 182 184 168 169 169 169 179 181 181 181 181 182 172 173 172 172 173 172 172 172 171 171 171 171 171 171 170 170 170 165 172 171 203 202 202 202 200 200 198 198 196 195 194 192 191 156 154 152 151 148 146 143 146 135 133 132 132 132 132 115 92 92 92 91 91 91 91 91 91 91 116 115 115 115 117 120 126 131 136 139 143 145 148 150 154 156 158 128 129 131 135
177 179 181 164 165 166 167 169 170 169 179 180 180 171 170 171 171 172 171 171 171 171 171 171 171 170 169 169 169 134 134 177 176 171 170 170 169 200 199 199 198 198 196 195 194 192 191 189 187 153 151 149 146 144 141 145 143 132 132 132 132 132 92 91 91 91 91 91 91 91 91 91 90 90 115 115 115 117 120 123 131 135 139 142 145 148 150 153 123 125 127 128 130 137
177 178 162 163 165 165 166 167 168 169 168 169 170 170 171 170 171 171 170 171 171 171 169 169 134 133 133 133 133 175 175 175 175 175 169 169 168 167 166 165 196 195 193 193 192 191 189 187 186 184 149 147 145 142 139 138 142 132 132 131 131 114 91 91 91 91 91 91 91 91 90 90 90 90 115 115 115 117 120 122 129 134 138 142 144 116 118 121 123 124 126 128 134 135
123 124 125 128 129 130 131 131 132 123 124 123 133 134 134 134 134 134 135 134 134 134 135 134 134 134 132 175 175 175 174 173 173 173 172 166 167 166 165 164 163 161 161 191 190 188 187 186 184 182 179 144 142 139 137 136 140 131 131 131 114 91 91 91 91 91 91 90 90 91 91 91 91 91 116 116 115 117 120 122 128 133 106 109 112 115 117 120 122 124 126 131 133 135
122 124 124 126 127 129 130 121 121 121 122 123 122 133 133 134 133 134 134 134 132 133 133 132 132 132 175 174 173 173 173 173 171 171 171 170 164 164 162 163 161 161 159 157 157 155 185 184 182 180 177 142 140 138 136 134 140 131 131 114 114 92 92 92 91 92 92 92 92 92 92 92 92 92 117 117 117 119 122 92 94 101 106 110 111 114 117 119 122 124 116 131 133 134
121 122 123 125 116 117 118 119 120 121 121 122 123 122 132 132 133 132 132 133 132 132 132 132 130 173 173 172 172 171 171 171 171 170 169 169 168 162 161 160 159 158 156 156 155 153 152 150 148 146 143 173 139 137 135 134 135 141 132 114 92 92 92 92 93 93 93 93 93 93 93 93 93 93 86 86 86 87 90 93 95 100 106 109 112 115 117 119 122 114 129 131 132 134
118 120 112 114 115 116 116 118 119 120 119 120 121 121 121 121 131 131 130 131 131 130 130 131 173 173 172 171 171 171 170 169 169 169 167 167 166 165 160 158 158 156 154 154 152 150 149 147 145 143 140 139 137 103 102 102 103 109 83 84 61 61 61 61 62 62 62 62 62 62 62 62 62 62 87 87 87 88 91 94 96 97 104 109 113 115 117 110 113 114 129 130 132 132
107 110 110 112 113 115 116 116 117 118 119 118 120 121 121 121 121 130 130 130 130 130 129 172 172 171 171 171 169 169 169 169 167 167 167 165 165 164 163 157 156 154 154 152 150 148 147 145 143 141 139 139 137 135 103 103 104 93 84 61 62 62 62 62 63 63 63 63 63 63 63 63 63 63 88 88 88 89 92 95 97 98 103 108 112 114 109 111 113 127 130 130 131 133
105 108 109 111 112 113 114 115 115 117 118 118 118 119 119 119 119 120 129 128 129 129 171 171 170 169 169 169 168 167 167 167 166 165 165 164 163 162 161 155 154 152 152 150 148 146 145 143 141 140 139 138 137 136 137 104 87 88 85 62 62 63 63 63 63 63 64 64 64 64 64 64 64 64 89 89 89 89 93 94 97 99 101 107 111 105 109 111 125 127 129 130 132 132
104 105 107 109 111 111 112 113 115 115 116 116 117 117 117 118 117 118 118 117 127 127 169 169 169 168 167 167 167 166 165 165 165 163 163 162 161 161 159 159 152 150 150 148 146 144 142 141 141 139 139 137 136 137 137 88 88 88 72 63 63 63 63 64 64 64 64 64 64 64 64 64 64 64 89 89 89 89 92 95 98 100 101 97 100 105 107 110 125 127 128 130 131 141
104 103 105 107 109 110 110 112 113 114 114 114 115 115 115 116 116 116 116 117 116 159 168 167 167 168 166 166 165 164 163 163 163 162 161 161 159 159 157 157 155 148 148 146 144 142 141 141 140 139 138 137 137 137 121 121 88 66 66 63 64 64 64 64 64 64 65 65 65 65 65 65 65 65 90 90 90 90 93 95 97 90 92 94 99 103 106 109 124 126 128 129 139 141
105 103 104 105 106 108 110 110 111 112 112 112 113 115 114 115 115 115 115 116 114 157 157 156 166 166 165 164 164 162 162 161 161 160 159 159 157 157 155 154 153 146 145 144 142 141 140 140 138 138 136 137 137 121 121 121 122 66 66 64 64 64 64 64 65 65 65 65 65 65 65 65 65 65 90 90 90 90 92 86 89 90 92 94 96 100 104 120 123 125 127 137 138 139
104 102 103 103 104 105 108 109 109 110 111 111 112 113 112 113 113 113 113 114 113 156 155 155 155 164 163 162 162 161 160 159 159 159 157 157 155 155 153 152 151 149 143 142 141 140 140 138 138 136 137 137 121 121 121 122 99 99 67 58 64 64 64 65 65 65 65 65 65 65 65 65 65 65 90 90 90 90 83 86 88 91 92 94 95 97 102 118 121 124 133 135 137 138
105 102 102 102 102 104 105 106 107 108 108 109 110 111 111 111 111 112 111 112 155 154 153 154 153 153 153 152 160 160 158 157 157 156 155 155 153 152 151 150 148 147 141 141 140 138 138 137 136 136 120 120 121 121 121 99 99 99 67 58 58 64 65 65 65 65 65 65 65 65 65 65 66 65 65 81 81 81 82 85 88 90 92 93 95 97 111 136 139 150 152 154 156 157
104 104 102 102 102 100 103 104 105 105 107 108 108 109 109 109 109 110 109 110 110 152 152 152 151 151 151 149 149 149 156 155 155 154 153 152 151 150 149 148 147 146 145 139 138 137 137 135 136 119 120 120 121 121 98 99 99 99 100 58 58 64 64 65 65 65 65 65 65 65 65 65 65 56 56 81 81 81 82 85 87 90 91 113 115 116 131 131 136 148 150 153 155 156
103 103 101 101 101 101 101 102 103 103 104 106 106 106 107 107 107 108 107 107 108 150 149 149 149 149 149 147 147 146 144 144 144 151 151 150 148 148 147 146 146 145 144 143 137 136 134 135 118 119 119 120 120 121 98 98 99 99 99 58 58 58 64 64 65 65 65 65 65 65 56 56 56 56 56 81 81 81 81 84 107 108 110 112 114 116 129 131 140 143 147 150 151 153
101 102 100 100 100 100 99 100 100 100 101 102 103 104 105 104 105 105 105 105 106 147 147 147 146 147 146 145 144 144 142 142 141 140 139 138 147 146 146 145 144 143 142 141 135 134 117 118 118 119 119 120 120 97 98 98 98 99 99 90 58 58 58 64 64 64 65 56 56 56 56 56 56 56 56 81 81 101 101 103 105 108 110 112 114 127 129 130 139 140 144 146 149 152
77 100 99 99 99 99 99 99 99 100 99 100 101 101 102 103 103 103 104 102 102 103 145 145 144 144 143 142 142 141 140 139 138 138 138 137 137 136 135 135 134 142 141 140 139 117 117 117 118 118 119 119 96 97 97 98 98 98 99 90 90 57 48 49 55 55 55 55 55 55 55 55 55 55 55 100 100 100 100 102 105 107 108 110 112 127 128 137 138 139 140 141 145 147
79 78 100 98 97 98 98 97 97 98 97 97 98 98 99 100 99 100 100 100 100 100 143 143 142 141 141 140 139 139 138 137 137 137 136 136 135 135 134 133 132 131 130 113 113 108 108 108 108 108 109 86 87 87 88 88 88 89 89 80 80 48 48 48 48 54 55 55 55 55 55 55 55 75 75 75 100 100 100 100 103 105 108 110 111 125 127 136 137 138 139 139 140 143
79 78 78 99 97 97 97 96 96 96 95 96 96 96 96 97 97 97 98 97 98 98 96 140 140 139 139 138 138 138 136 136 136 135 135 134 134 133 132 132 131 113 113 113 113 108 108 108 108 108 85 86 86 86 87 87 88 88 88 79 80 80 47 47 48 48 54 54 54 54 54 54 74 74 74 74 99 99 99 99 102 104 106 108 110 124 125 135 136 136 138 138 139 140
79 78 78 76 98 98 97 96 96 96 95 95 95 93 94 95 94 95 95 95 95 96 95 95 138 137 137 137 136 136 135 135 134 134 133 133 132 132 131 113 113 113 113 113 113 113 108 108 108 85 85 85 85 85 86 86 87 87 87 79 79 79 46 46 47 47 47 53 53 53 73 73 73 73 73 73 98 98 98 98 100 102 104 107 121 123 124 133 135 135 136 136 137 138
79 78 78 76 75 75 98 96 96 96 95 95 95 94 93 93 93 93 94 93 94 94 93 94 94 136 136 135 135 135 133 133 133 132 132 131 131 113 113 113 113 113 113 113 113 113 108 85 85 85 85 85 85 85 85 85 86 86 86 77 78 78 45 45 46 46 46 46 52 72 72 72 72 72 72 72 97 97 97 97 98 100 103 105 120 121 130 132 133 133 135 136 137 138
