testData/tiles/even/grid12.5-37.5-25.0-50.0.asc
ncols   250
nrows   250
xllcorner   12.5
yllcorner   37.5
cellsize   0.05
NODATA_value   -9999.0
[rows 48 to 95 of 250, columns 96 to 191 of 250]
92 93 92 92 92 91 91 92 90 91 90 89 89 87 87 85 84 83 82 80 78 76 75 73 69 65 65 54 53 53 52 52 51 51 50 50 49 49 74 73 86 85 86 85 84 84 84 96 96 96 99 79 79 79 83 86 89 91 93 95 96 98 99 91 92 94 93 95 95 96 95 96 95 97 98 98 99 99 100 100 100 101 101 103 103 103 104 104 104 104 105 103 103 99 102 105
92 92 93 92 93 91 92 92 91 91 89 90 89 87 88 86 84 84 82 81 79 77 75 71 69 66 61 54 54 53 53 52 52 51 51 50 50 74 74 75 86 85 86 85 85 85 85 85 96 96 99 101 106 108 90 92 93 96 97 98 99 100 102 93 95 95 96 96 97 97 98 97 98 99 101 101 102 102 103 103 102 103 103 103 104 104 104 105 115 105 108 108 109 106 107 112
93 92 92 93 92 92 92 91 91 91 90 89 89 88 87 87 85 84 83 81 80 78 75 72 69 66 62 55 54 54 53 53 52 52 51 50 51 75 75 75 86 87 86 85 85 86 86 85 97 103 107 109 112 114 115 117 99 100 101 102 103 103 103 95 96 97 97 98 97 98 100 100 101 111 112 112 113 114 114 115 115 115 116 115 115 116 119 119 120 123 123 122 123 120 122 125
92 93 92 92 93 92 92 91 92 90 91 90 89 89 87 87 85 84 83 82 79 76 74 72 68 67 63 55 55 54 54 53 53 52 51 51 75 76 75 75 87 87 86 86 87 86 86 90 94 111 113 114 116 117 118 120 121 122 103 104 105 106 105 96 98 98 99 110 111 110 110 112 112 113 113 114 114 114 115 116 116 117 117 117 121 121 123 124 125 126 127 128 127 123 125 128
93 92 93 92 92 93 92 92 92 91 91 90 89 88 88 87 86 84 82 81 79 77 75 72 69 64 63 56 55 55 54 54 53 52 52 76 76 76 76 76 87 87 87 87 87 92 94 96 99 102 117 118 119 119 121 123 123 124 125 126 107 107 118 118 108 109 110 111 112 112 112 112 113 114 115 115 115 116 116 116 117 120 121 124 125 126 127 128 128 129 130 131 129 126 127 129
93 92 92 93 92 92 91 92 91 91 90 90 89 89 87 87 86 85 83 81 79 77 74 71 69 64 57 56 56 55 54 54 53 53 76 76 77 76 77 76 76 88 87 91 95 97 98 100 101 106 119 120 121 122 123 124 125 126 127 138 138 139 120 120 110 111 112 112 113 113 113 113 114 114 115 116 116 117 117 121 122 123 124 126 127 128 129 130 130 130 132 132 118 127 129 133
92 92 92 92 92 92 92 91 91 92 90 91 89 89 88 87 85 84 84 82 79 76 73 72 65 65 57 57 56 55 55 54 54 77 76 77 77 77 77 76 76 88 92 97 99 100 101 103 105 108 109 122 123 124 126 136 137 137 138 139 139 140 141 121 113 112 113 114 114 115 114 114 115 115 116 116 116 117 121 123 125 126 127 129 129 130 132 132 133 132 133 134 120 129 131 134
92 92 92 92 92 92 106 91 91 90 91 89 90 88 87 87 86 84 82 80 78 76 72 71 66 65 58 57 56 56 55 55 54 77 78 77 77 78 77 77 77 94 97 116 101 102 104 106 106 109 110 111 124 136 138 139 139 139 140 140 141 141 142 143 134 114 114 114 115 115 116 115 116 116 117 117 120 122 123 125 127 128 129 131 132 132 133 134 135 135 134 135 122 131 133 136
107 107 108 109 108 110 109 109 108 107 106 105 103 104 102 101 85 84 82 81 78 74 73 67 66 59 58 57 57 56 55 55 93 93 93 93 93 93 92 92 98 100 116 118 118 119 120 122 125 126 137 138 138 153 154 140 141 140 141 142 141 142 143 144 135 135 115 115 116 116 117 116 116 117 117 121 122 124 126 127 128 129 130 131 131 133 133 134 134 136 135 123 124 130 134 137
114 114 115 116 115 116 116 115 114 115 113 113 110 108 107 103 100 99 97 80 77 75 69 67 66 59 58 58 72 71 71 94 93 93 93 93 93 93 92 98 101 102 118 119 120 121 122 123 136 137 138 138 141 142 155 156 156 157 157 142 143 143 144 145 135 136 135 136 116 117 117 117 117 117 121 122 125 126 127 129 129 130 131 132 133 133 134 135 136 136 137 125 125 132 135 137
118 118 120 120 120 120 120 120 119 118 119 116 115 113 111 110 106 103 99 93 91 90 68 67 75 74 74 73 72 72 95 94 94 93 93 93 94 93 95 101 102 104 107 120 121 122 123 134 137 137 138 139 142 143 144 156 157 158 158 158 159 159 160 145 136 136 136 136 137 117 118 117 117 121 122 124 126 127 129 129 130 132 132 133 133 135 135 136 136 138 126 126 126 132 135 140
121 123 122 123 123 123 122 123 121 122 120 120 118 117 115 113 111 107 104 99 95 85 98 83 75 74 74 73 72 72 95 94 94 94 93 94 94 93 99 102 103 105 108 121 121 132 134 135 138 138 139 141 142 143 144 145 158 158 159 159 159 160 160 161 151 137 136 137 137 138 118 117 118 121 124 125 126 128 129 130 131 132 133 133 135 135 136 136 138 138 126 127 126 133 137 140
124 125 125 125 126 124 125 124 125 123 124 122 120 120 118 115 113 110 107 119 110 105 102 91 90 75 74 73 73 96 95 94 94 94 94 94 94 93 101 103 104 106 109 109 132 134 134 135 138 138 139 141 143 143 144 145 146 158 159 160 161 160 160 161 151 152 151 152 137 138 138 138 118 121 124 125 127 128 129 130 132 132 133 134 135 135 136 137 138 126 126 127 128 133 137 140
126 126 126 126 126 127 126 127 125 125 124 124 122 120 119 116 114 126 124 117 112 109 99 95 90 90 74 73 73 96 95 94 94 94 94 94 94 95 101 103 104 107 119 119 120 134 134 135 138 138 139 141 143 144 144 145 146 146 159 161 161 161 160 161 151 152 151 152 152 153 138 138 141 122 124 126 128 129 129 130 132 132 133 135 135 136 136 137 126 126 127 127 128 134 137 140
127 127 127 127 128 126 127 126 127 125 126 124 122 121 120 132 130 127 121 118 114 111 102 98 94 90 89 73 97 96 95 94 94 94 94 95 94 93 101 103 104 116 119 119 120 122 134 135 138 138 140 141 142 143 144 145 146 146 147 161 160 161 161 161 151 152 151 152 152 153 153 153 138 141 124 125 127 128 129 130 132 132 134 135 136 136 137 126 127 127 127 128 129 135 138 140
127 128 127 128 128 128 127 128 126 126 125 123 122 136 134 132 130 123 120 118 116 106 103 101 97 92 89 112 96 96 95 94 94 94 94 95 94 94 99 102 114 115 118 119 119 121 134 135 138 138 140 141 141 142 144 145 145 146 147 147 160 161 161 162 151 152 151 152 152 153 153 152 153 156 144 125 126 129 130 131 132 133 134 134 136 136 137 125 127 127 127 128 136 135 138 141
127 127 127 127 129 127 128 127 127 125 124 138 137 134 133 131 124 122 120 118 109 108 105 101 99 94 90 112 96 96 95 94 94 94 94 94 94 94 96 101 113 115 116 118 120 121 121 135 137 137 142 140 141 142 143 143 144 145 146 147 148 148 161 161 151 150 151 151 152 152 152 152 152 156 158 160 127 128 130 130 131 133 133 134 134 136 124 125 125 127 127 127 128 136 137 141
127 125 127 127 126 127 126 124 125 124 137 137 135 133 131 124 122 121 120 112 109 107 105 102 98 95 114 112 96 95 95 94 94 95 94 94 94 94 93 108 112 116 118 120 122 123 123 125 138 140 142 142 143 144 145 146 146 147 149 149 147 148 148 161 150 150 150 151 151 152 151 152 153 153 157 158 161 127 128 130 130 131 132 133 134 122 123 124 125 125 126 127 127 136 137 139
125 125 125 126 124 125 124 124 138 136 135 134 132 131 124 123 122 121 112 111 109 107 105 102 99 96 115 111 96 95 94 94 94 95 94 94 94 97 106 105 112 114 116 119 120 121 122 124 125 127 141 142 142 143 144 145 146 147 148 149 149 150 151 150 138 150 150 150 151 151 151 152 152 153 153 157 158 160 142 128 129 130 131 120 120 122 122 123 123 125 125 125 126 134 136 140
123 123 125 123 124 123 121 137 135 134 133 130 130 124 122 121 120 112 111 110 108 106 103 101 98 94 114 111 95 95 94 94 94 94 94 97 96 97 106 105 106 111 114 117 119 120 122 124 124 126 127 141 142 143 144 145 146 147 148 148 149 149 149 149 140 140 149 149 150 150 151 151 152 152 153 153 156 158 159 141 128 128 117 119 120 120 121 122 123 123 123 124 125 134 135 138
121 121 121 120 122 120 135 134 133 131 129 129 123 121 121 120 112 112 111 109 106 105 103 100 97 117 112 111 95 94 94 93 97 97 96 97 96 96 106 106 106 106 110 113 116 119 120 123 124 126 127 128 142 143 144 145 145 146 147 148 148 148 148 148 139 139 140 140 151 150 150 150 151 151 152 152 152 153 156 158 140 114 115 117 117 118 120 120 121 121 122 123 123 132 133 136
118 118 118 118 133 132 131 130 130 127 127 121 120 119 119 112 111 110 108 107 105 103 100 98 95 114 111 110 95 94 96 96 96 97 97 96 97 97 107 106 107 107 106 109 113 115 117 121 121 124 125 126 127 128 141 142 143 145 146 147 147 147 148 148 139 138 139 138 139 139 152 149 150 150 151 151 151 152 152 144 145 126 127 114 115 116 129 118 119 119 121 121 121 130 131 134
115 114 115 129 128 128 126 125 124 120 119 118 118 110 110 109 108 107 106 104 102 100 98 94 115 111 110 95 94 97 96 96 96 96 98 97 97 108 107 108 107 106 106 106 106 111 113 118 120 122 124 125 126 127 129 130 142 143 144 145 146 146 147 148 137 138 138 137 138 138 139 139 137 149 150 150 150 139 139 154 152 155 136 138 124 125 127 128 129 129 130 131 131 140 129 131
111 110 125 125 124 123 123 122 116 115 116 115 108 108 107 106 105 105 103 102 99 97 94 91 110 110 95 97 97 96 96 95 97 97 97 98 98 98 107 107 108 107 106 107 106 105 105 111 116 119 121 122 124 125 126 127 129 130 131 144 145 145 145 136 140 139 139 140 140 141 141 142 143 144 129 130 154 154 155 155 155 156 136 136 140 126 128 128 129 130 130 131 132 140 141 141
105 120 120 120 118 118 113 113 112 113 113 105 105 105 104 104 102 101 100 98 96 93 89 86 110 94 97 97 96 96 96 96 96 98 98 97 98 97 108 108 107 107 106 106 106 105 105 107 108 114 117 119 121 123 123 125 127 128 132 133 134 136 136 127 127 129 129 130 129 131 132 131 132 144 145 142 143 144 144 157 157 157 158 137 137 138 126 126 127 130 129 130 131 140 140 143
113 113 113 113 113 108 108 108 109 102 101 102 101 100 100 99 98 96 95 92 90 86 86 94 94 97 96 96 96 96 96 95 97 97 98 97 98 98 107 108 107 106 107 107 107 106 105 107 108 108 108 110 116 118 123 125 128 131 132 133 134 135 136 127 129 128 129 130 130 131 132 144 144 144 145 145 143 143 144 144 144 145 145 145 126 126 126 112 112 112 114 116 117 126 127 130
107 107 107 103 102 104 104 98 97 98 98 97 97 96 95 94 92 90 88 85 85 85 70 94 97 96 96 96 96 96 96 96 96 97 98 98 98 97 107 107 108 107 107 107 106 106 105 107 108 108 111 111 112 113 118 121 126 128 129 132 133 134 135 126 127 129 129 129 130 131 142 143 144 144 145 145 146 143 144 144 144 145 145 146 146 126 127 126 111 111 112 112 112 120 123 126
99 95 96 96 97 91 92 92 92 92 92 92 91 90 88 87 85 85 85 70 70 70 69 96 96 96 95 96 96 96 96 95 96 97 98 97 98 97 98 108 107 107 106 107 106 105 105 110 112 113 113 114 115 115 116 116 117 122 125 128 130 132 123 124 125 126 127 128 140 142 142 142 143 143 143 144 144 145 142 143 143 144 144 144 145 125 125 126 126 111 111 111 111 119 119 122
85 86 87 82 82 84 84 85 84 84 84 83 83 84 84 84 69 69 69 69 69 69 96 96 95 95 96 95 96 96 95 95 96 97 97 97 98 98 97 98 107 106 106 106 109 110 111 114 115 116 117 117 117 118 118 119 119 119 120 120 120 125 119 121 123 123 124 137 139 139 139 140 141 140 142 142 142 143 143 141 141 142 142 143 143 144 124 124 125 125 110 110 110 118 117 121
63 63 64 64 65 65 66 66 66 67 67 67 68 68 68 68 68 68 68 68 68 68 95 95 95 95 95 95 95 95 95 96 96 96 97 97 98 97 97 97 107 109 108 112 111 112 113 116 117 118 118 119 119 119 120 120 121 122 121 121 121 122 112 112 112 117 131 133 135 136 137 137 138 137 138 139 140 140 141 139 139 140 140 141 141 142 142 123 123 123 124 109 108 117 115 119
62 63 63 64 64 65 65 65 66 66 66 67 67 67 67 67 68 68 68 68 68 70 94 94 94 95 94 95 95 94 95 95 95 96 97 97 97 97 96 100 100 112 112 113 113 114 115 117 119 119 119 120 120 121 121 121 122 123 123 123 122 113 113 113 113 125 125 124 125 127 131 131 132 134 134 135 135 136 137 138 135 136 138 138 139 139 140 120 121 121 121 121 106 114 113 115
62 62 63 63 64 64 64 65 65 66 66 66 66 67 67 67 67 67 67 67 67 94 94 94 94 94 95 95 94 95 94 94 95 96 97 96 97 99 100 102 103 103 114 114 115 116 116 118 120 120 121 121 121 122 122 122 123 124 124 124 124 115 114 114 126 126 126 126 125 126 126 125 124 124 124 127 129 130 131 133 131 132 132 133 135 136 136 137 117 118 117 117 102 103 109 112
61 62 62 63 63 63 64 64 65 65 65 65 66 66 66 66 66 66 66 66 69 93 93 93 94 93 94 94 94 94 94 93 95 96 96 99 100 102 103 104 104 105 104 106 116 117 117 120 121 121 122 122 122 123 123 123 124 125 125 125 115 115 116 127 127 127 127 127 127 126 126 126 125 125 125 124 124 123 123 123 123 121 125 127 128 130 131 132 131 112 113 113 114 100 105 107
61 61 62 62 63 63 63 64 64 64 65 65 65 65 65 65 66 66 66 66 69 92 92 93 93 94 94 93 94 94 93 93 95 98 100 101 103 102 104 105 105 105 106 107 107 118 120 121 122 122 123 123 123 123 124 124 125 125 126 126 116 116 128 127 128 128 128 128 128 127 128 126 126 125 125 125 124 125 124 125 125 122 121 121 122 122 122 122 122 102 102 103 105 107 99 101
60 61 61 62 62 62 63 63 63 64 64 64 64 64 65 65 65 65 65 65 68 92 92 92 92 93 93 93 93 93 93 95 98 100 101 102 104 106 106 107 107 107 108 109 109 110 110 123 124 124 124 124 124 124 125 125 126 126 126 117 117 129 129 129 128 128 129 129 129 128 128 127 127 126 126 126 125 126 125 125 125 123 123 123 123 123 123 123 123 123 103 103 103 124 129 115
60 60 61 61 61 62 62 62 63 63 63 63 64 64 64 64 64 64 64 64 67 91 91 92 92 92 92 92 93 95 96 98 100 102 104 104 105 106 107 108 109 109 110 111 111 112 112 114 124 125 125 126 126 126 126 125 127 127 127 117 117 130 130 130 129 129 129 129 129 129 129 128 128 127 127 127 127 127 126 127 127 124 124 124 124 125 125 125 125 146 125 125 125 125 131 116
59 60 60 60 61 61 61 62 62 62 63 63 63 63 63 63 63 63 64 63 90 90 90 91 91 92 92 92 95 98 98 100 102 103 105 106 107 108 108 109 110 110 110 112 112 113 113 115 115 117 127 127 127 127 127 127 127 129 118 118 130 130 130 130 131 130 130 130 130 130 129 128 128 128 127 128 127 127 127 127 127 124 125 125 125 147 147 147 147 147 147 127 127 126 133 133
59 59 59 60 60 61 61 61 61 62 62 62 62 62 63 63 63 63 63 66 90 90 90 90 90 91 94 97 97 98 99 102 103 105 105 106 108 109 110 110 111 112 112 114 114 114 115 117 117 118 119 118 118 128 129 129 128 129 119 131 131 131 131 131 131 130 130 130 131 131 130 129 129 129 129 129 128 129 128 128 129 126 148 148 148 149 149 149 149 149 148 129 130 131 130 138
58 58 59 59 60 60 60 60 61 61 61 61 62 62 62 62 62 62 62 62 89 89 89 90 90 94 95 98 99 100 101 102 104 106 106 107 108 110 110 111 112 113 113 114 115 115 115 118 118 119 119 120 120 120 119 129 130 121 120 132 132 132 131 132 132 131 131 131 131 131 130 129 129 129 129 129 129 129 129 152 152 148 149 149 149 149 149 149 151 152 153 154 135 135 134 143
58 58 58 59 59 59 60 60 60 60 62 61 61 61 61 61 61 61 61 61 88 88 88 89 93 96 97 98 100 101 102 103 105 107 106 108 109 112 112 112 114 114 115 115 116 117 117 119 119 121 121 120 120 121 121 121 110 111 123 134 133 133 133 132 131 131 131 132 132 132 131 130 130 130 130 131 130 152 152 152 152 150 150 150 150 151 153 155 156 156 157 158 137 138 136 145
59 59 59 59 59 60 60 60 60 61 61 61 61 61 62 62 62 62 62 62 89 89 90 94 95 98 100 100 101 103 104 104 106 108 109 110 111 113 114 115 117 117 117 118 118 118 118 121 120 121 121 122 122 122 121 121 112 113 124 124 124 124 133 134 133 132 132 132 132 131 131 130 130 130 130 153 152 153 152 152 153 150 150 152 153 155 156 157 158 159 160 161 160 141 140 148
59 59 59 59 59 59 59 60 60 60 60 60 61 61 61 61 61 61 61 61 88 92 93 95 98 99 100 101 103 104 105 105 108 109 110 112 113 114 115 116 117 117 118 118 119 120 120 122 122 123 124 124 123 124 124 114 113 112 125 126 125 125 125 123 123 123 122 132 132 132 132 131 132 131 154 154 153 154 153 154 154 152 154 155 156 158 160 161 162 162 161 162 163 143 141 141
59 59 59 59 59 59 59 59 59 59 60 60 60 60 60 60 60 60 60 60 91 92 95 96 98 100 102 101 103 105 105 106 108 110 111 113 156 116 117 117 119 119 119 120 121 121 121 124 124 124 124 125 125 125 115 114 115 127 128 127 127 127 126 125 126 124 124 123 123 122 122 121 121 153 154 153 154 153 154 154 155 154 156 157 159 160 161 162 163 164 165 164 165 146 144 142
59 59 59 59 59 59 59 59 59 59 59 59 59 59 59 60 60 60 60 64 89 95 95 96 99 143 144 146 147 148 150 150 151 153 156 157 158 159 159 161 162 163 164 164 164 166 165 167 124 125 126 126 126 115 116 116 116 127 127 128 128 128 127 126 126 126 125 125 123 123 123 121 144 144 145 144 145 144 145 146 145 146 148 150 151 152 153 154 154 155 155 156 156 157 134 134
59 59 59 59 59 59 59 59 59 59 59 59 59 59 59 59 59 59 63 64 91 138 139 141 142 145 145 147 148 149 151 152 153 154 156 158 159 160 161 161 162 164 164 165 165 166 166 169 169 169 170 169 117 117 117 117 116 128 129 129 128 128 127 127 126 126 127 125 125 124 124 123 145 146 145 145 144 144 145 146 188 147 149 150 151 154 154 155 156 157 157 158 158 157 135 134
59 59 59 59 59 59 59 59 59 59 59 59 59 59 59 59 59 103 107 109 135 137 141 142 144 145 146 148 149 150 151 153 153 156 157 158 160 160 161 163 163 164 165 166 166 167 168 170 169 169 170 171 161 161 160 161 130 129 128 129 128 128 128 128 128 128 126 126 125 125 123 145 145 145 145 146 145 146 188 186 188 189 191 151 153 154 155 157 156 157 158 158 159 158 156 136
59 59 59 59 59 59 59 59 59 59 59 59 59 59 102 102 103 106 109 111 137 138 142 143 144 146 147 148 151 151 152 153 155 156 157 159 161 162 163 163 163 165 165 165 166 168 168 170 171 171 171 162 161 162 162 162 172 172 172 128 130 130 129 129 128 127 127 126 126 124 123 124 146 146 146 146 146 189 189 188 190 192 192 193 153 155 156 157 157 157 158 158 158 158 201 181
59 59 59 59 59 59 59 59 59 59 59 59 102 102 102 103 106 109 110 137 138 139 140 144 146 146 147 150 150 153 153 154 154 157 158 159 161 162 164 165 165 166 166 167 167 167 168 171 171 161 160 162 162 162 161 161 173 174 173 173 172 130 130 128 128 127 128 128 126 126 124 125 145 146 145 146 188 189 186 188 189 191 193 194 196 156 157 159 159 159 158 204 203 203 200 181
