testData/tiles/even/grid37.5-12.5-50.0-25.0.asc
ncols   250
nrows   250
xllcorner   37.5
yllcorner   12.5
cellsize   0.05
NODATA_value   -9999.0
[rows 0 to 44 of 250, columns 96 to 191 of 250]
157 156 150 162 181 180 180 179 178 178 178 178 179 178 178 179 177 178 179 180 180 181 146 146 156 156 157 157 158 138 125 125 127 127 128 91 91 93 93 93 93 93 94 94 93 93 93 93 93 92 92 92 92 91 91 89 89 88 88 87 116 116 115 113 112 110 109 108 107 106 160 128 128 120 121 121 122 102 103 103 104 104 104 104 104 104 104 104 104 104 104 103 103 102 102 101
185 184 150 163 181 180 179 178 177 176 177 177 177 177 178 179 181 178 179 179 180 189 154 155 155 156 156 157 157 158 126 127 127 91 92 92 93 93 93 93 93 94 94 94 94 94 94 93 93 93 93 92 92 92 91 91 89 89 88 93 118 116 115 114 112 111 109 108 107 106 129 128 129 130 130 131 123 103 103 104 104 104 105 105 105 105 105 105 105 104 104 104 103 103 103 102
186 178 191 162 161 180 179 178 177 176 176 176 177 177 179 181 182 180 180 189 189 189 153 154 154 155 156 157 158 159 140 90 92 92 92 93 93 93 94 94 95 95 95 94 94 94 94 94 94 93 93 93 92 92 91 91 90 89 94 119 118 117 115 115 114 112 110 108 109 108 130 129 130 130 131 132 112 113 104 104 105 105 105 105 105 105 105 105 105 105 105 104 104 104 103 103
184 179 190 190 161 179 179 178 177 175 174 175 176 177 180 182 183 184 190 189 189 189 153 153 155 156 157 158 159 123 103 91 92 92 92 94 94 94 94 94 95 95 95 95 95 95 94 94 94 94 93 93 93 92 92 91 91 95 95 119 118 117 116 115 114 112 111 110 109 78 130 131 131 131 131 132 113 113 113 105 105 105 105 106 106 106 106 106 105 105 105 105 104 104 104 103
179 179 190 189 189 160 178 177 176 175 174 174 176 177 180 182 193 193 190 190 189 189 153 155 155 157 158 122 122 123 104 92 92 93 93 94 94 94 94 94 95 95 95 95 95 95 95 95 94 94 94 93 93 93 92 92 97 96 95 119 118 118 116 115 114 113 111 111 80 79 133 133 133 133 133 113 113 114 114 114 115 106 106 106 106 106 106 106 106 106 106 105 105 105 104 104
179 178 191 189 188 188 178 177 176 174 174 175 175 177 190 192 193 194 194 190 191 155 155 155 156 120 121 122 123 124 104 92 93 93 93 94 94 95 95 95 96 96 96 96 95 95 95 95 95 94 94 94 93 93 92 98 97 96 120 119 119 118 116 115 114 113 112 81 81 80 134 134 135 135 135 115 115 114 114 115 115 115 115 107 107 107 107 107 106 106 106 106 105 105 105 104
178 178 190 190 188 187 186 176 175 174 174 174 175 186 190 192 194 194 195 192 193 156 155 118 120 120 122 122 124 124 124 93 93 93 93 95 95 95 95 95 95 95 96 96 96 96 95 95 95 95 94 94 94 93 93 97 97 96 120 120 119 118 116 115 114 113 83 82 82 82 136 136 137 136 117 116 117 116 116 115 115 116 116 116 107 107 107 107 107 107 106 106 106 105 105 104
179 190 190 189 187 187 186 185 175 173 174 183 184 186 188 192 196 196 195 196 156 119 119 118 120 120 122 122 123 124 125 92 93 93 94 94 95 95 95 95 95 95 95 95 95 96 96 95 95 95 95 94 93 92 98 97 97 96 120 120 119 117 116 115 114 83 82 82 82 83 137 137 138 118 118 118 118 118 117 117 117 116 118 116 116 116 107 107 107 107 107 106 106 106 105 105
178 178 189 188 188 186 185 184 174 173 181 182 184 185 187 191 194 158 159 158 156 119 119 118 120 121 122 123 123 124 125 92 92 94 94 94 94 94 96 96 96 96 96 95 95 95 95 95 94 94 94 93 93 99 98 98 97 96 121 119 118 117 116 115 83 83 83 84 84 138 139 139 141 121 122 121 122 121 122 121 120 119 119 119 119 119 119 110 110 109 109 109 109 106 106 105
178 177 189 188 187 185 184 183 182 181 181 182 183 148 151 152 155 157 158 157 122 119 119 118 120 121 121 123 123 124 125 92 93 93 94 94 95 95 95 95 96 96 96 96 96 95 95 95 95 94 94 94 99 99 98 98 97 120 120 119 118 117 116 84 83 83 84 84 87 88 141 142 123 122 123 123 123 122 123 122 121 121 121 120 119 119 119 119 110 110 109 109 109 108 108 108
186 186 198 196 196 195 184 183 154 151 142 144 146 148 150 152 153 155 156 156 121 118 118 118 119 121 121 123 123 124 124 93 93 93 93 94 95 95 95 95 95 95 95 95 96 96 95 95 95 95 94 94 99 98 97 97 96 120 120 119 118 116 85 84 85 86 86 88 89 90 143 123 123 124 124 124 124 124 124 123 123 123 122 121 120 119 119 119 119 110 110 110 110 110 109 109
148 148 160 159 158 157 165 163 162 161 150 144 146 148 150 152 152 153 154 155 119 120 117 118 119 121 121 122 123 124 124 92 93 93 93 94 94 94 95 95 96 95 95 95 95 95 94 94 94 94 93 99 98 98 97 97 96 120 120 118 117 86 87 85 86 87 88 89 90 90 124 125 124 125 125 125 125 125 124 125 124 124 123 123 122 121 120 120 120 120 120 111 110 110 110 109
119 147 160 159 157 165 164 162 161 160 161 154 155 157 150 151 151 152 152 118 118 119 116 118 119 120 121 122 122 123 124 92 92 92 94 95 95 95 95 95 95 96 96 96 96 96 95 94 94 94 99 99 98 98 97 97 95 119 118 120 89 88 86 85 86 88 89 89 90 91 125 125 126 126 126 126 126 126 126 126 125 126 125 124 123 123 123 121 121 121 120 120 111 110 110 109
118 117 146 158 166 165 164 162 161 162 162 163 155 156 158 158 160 151 151 115 116 117 116 117 119 120 120 122 122 123 110 92 92 93 94 94 94 95 95 95 95 95 95 95 95 95 95 94 93 93 98 98 97 97 96 96 120 121 120 89 87 86 86 86 88 89 89 91 92 73 125 126 127 127 127 127 127 128 127 127 127 126 126 125 125 125 124 123 122 121 121 120 120 111 111 111
117 117 115 137 166 164 163 163 162 163 164 163 136 157 158 158 159 159 160 124 116 117 118 117 118 119 120 121 121 123 110 92 92 93 94 94 94 94 94 94 95 95 95 95 95 95 95 94 94 100 98 98 97 97 96 97 122 90 89 88 87 87 87 88 88 90 91 92 72 73 127 127 127 128 127 128 128 128 128 128 128 127 128 127 126 125 125 135 134 133 133 133 132 132 122 135
117 116 123 123 135 163 163 163 163 164 165 164 165 138 158 159 159 160 124 125 125 126 118 116 117 118 119 121 121 109 110 92 92 92 93 93 94 94 94 94 94 94 94 94 94 94 94 93 93 99 98 97 96 98 97 96 90 90 89 88 88 87 87 88 89 91 91 72 73 74 127 128 128 128 129 129 129 129 128 129 128 129 139 139 139 138 138 136 136 135 134 133 132 145 145 135
116 115 124 122 134 134 133 164 165 165 165 166 166 166 139 160 160 161 125 125 126 126 127 124 125 118 119 119 120 109 110 90 91 92 92 93 93 93 93 93 95 94 94 94 94 94 93 93 99 98 98 97 98 97 67 66 90 88 88 88 88 88 88 89 90 91 72 73 73 74 128 129 129 129 130 129 130 129 130 142 141 141 141 140 140 139 139 139 138 136 148 147 146 145 145 135
115 123 123 121 121 134 134 135 166 165 166 167 167 167 140 140 161 125 126 126 126 127 127 128 125 125 126 119 108 108 109 90 91 91 91 91 94 94 94 94 94 94 94 94 94 92 92 92 98 97 99 98 98 66 65 64 89 89 89 89 89 88 88 89 91 72 72 74 75 75 128 129 130 130 130 131 141 141 143 142 142 142 142 141 142 141 140 139 152 151 149 148 147 146 146 146
125 124 123 161 122 122 136 136 136 136 167 168 167 168 140 141 141 126 126 127 127 127 128 128 125 126 126 113 115 108 108 89 89 91 92 92 92 93 93 93 93 94 94 94 93 93 93 98 97 99 98 68 67 65 65 65 89 89 89 89 89 89 89 91 71 72 74 75 75 76 76 130 130 142 142 142 142 144 143 143 142 143 142 143 142 142 154 153 152 152 151 150 149 147 146 146
124 123 161 162 162 124 125 137 138 138 138 138 169 168 169 141 106 106 107 127 128 128 128 129 126 126 113 115 115 115 107 88 89 90 90 91 91 92 92 92 92 92 92 92 92 92 91 97 98 67 67 66 66 66 65 65 90 90 90 90 89 89 69 71 72 74 74 75 76 77 77 141 142 143 142 143 144 144 144 143 144 144 144 143 156 155 155 154 154 153 153 151 150 149 146 146
124 123 162 163 164 124 125 125 126 140 139 140 139 139 139 142 106 107 107 108 128 128 129 129 113 114 114 115 115 116 116 96 88 89 90 90 91 91 91 91 91 91 91 92 92 91 63 69 68 67 67 67 67 67 65 65 90 90 90 90 90 70 70 71 72 74 75 76 76 88 89 142 142 143 143 144 144 145 144 144 145 145 157 157 156 156 156 156 155 154 153 151 151 149 147 146
123 124 163 164 165 126 127 128 128 127 127 140 141 140 141 104 77 77 108 108 108 129 116 116 117 114 115 116 116 116 116 96 98 98 89 89 89 89 89 90 91 90 90 60 60 62 68 68 68 67 67 67 67 67 67 66 91 91 90 90 70 70 71 72 74 74 75 87 88 89 89 143 143 143 144 145 144 145 145 146 146 158 158 157 157 157 157 156 156 155 154 153 152 151 149 148
125 126 165 166 166 127 128 128 128 129 129 129 128 129 128 93 65 65 65 66 66 96 97 117 117 114 116 116 116 116 117 98 98 98 98 89 90 91 91 91 61 61 61 61 62 62 68 68 68 68 67 67 67 67 67 66 91 91 71 71 71 70 71 72 74 86 87 87 88 89 90 90 143 144 146 145 146 146 146 160 159 159 158 159 158 158 157 157 156 155 156 155 153 152 151 149
126 127 166 170 168 129 129 130 129 129 130 129 130 130 93 93 66 66 67 66 66 67 67 67 68 85 86 86 87 87 87 68 68 69 69 69 70 61 61 61 61 61 62 64 64 69 69 69 69 69 68 68 68 68 68 79 71 71 71 71 71 71 72 73 85 86 87 88 89 89 90 91 144 145 146 146 146 147 160 160 160 159 160 159 159 158 158 157 158 157 156 156 154 153 152 150
127 129 168 171 168 129 130 131 130 131 131 130 130 131 94 95 95 67 67 67 68 67 67 68 68 65 66 87 87 87 87 69 69 69 69 69 70 70 62 62 62 62 64 64 77 82 82 82 82 82 81 81 81 81 61 60 85 85 85 84 84 84 96 97 99 100 100 88 89 90 90 91 145 146 146 146 160 160 160 161 160 161 160 160 159 159 158 159 158 158 157 156 154 153 154 152
128 168 169 174 170 132 130 131 132 131 132 131 132 95 95 95 96 68 68 68 68 68 69 68 68 66 67 67 67 88 88 69 69 69 69 70 71 71 71 75 75 77 77 77 77 82 82 82 82 82 81 81 61 61 61 85 85 85 85 85 85 96 96 97 99 100 101 102 102 103 104 105 92 146 147 159 161 161 160 161 162 161 161 160 160 161 160 159 159 158 157 157 156 155 154 152
129 130 170 174 170 132 132 133 133 132 132 133 96 97 96 97 96 68 69 69 69 69 69 69 70 70 67 67 68 68 69 49 49 70 70 84 84 84 84 84 87 77 78 78 78 84 83 83 63 63 63 62 62 62 62 61 85 85 85 96 96 96 97 98 99 100 101 102 103 103 104 106 106 159 173 174 161 161 161 161 162 162 162 161 161 161 160 160 159 159 159 158 156 156 155 153
131 131 170 173 171 133 132 133 134 133 134 97 97 97 98 97 97 70 69 69 70 70 70 70 70 70 68 68 68 68 48 50 63 63 63 63 64 64 64 67 67 67 58 58 64 63 63 63 63 63 62 62 62 62 62 61 86 86 96 96 96 96 97 98 100 101 101 102 103 104 104 106 106 120 174 175 176 175 175 164 163 163 163 163 163 162 162 161 162 161 160 159 157 156 155 153
132 132 172 173 172 133 133 133 134 134 98 99 98 98 98 97 98 98 70 71 70 70 71 71 70 71 69 69 68 68 62 63 63 63 63 63 65 65 67 67 67 67 67 58 64 63 63 63 63 63 62 62 62 62 62 61 86 97 97 97 97 96 97 98 100 101 102 102 103 104 107 108 120 121 176 175 176 176 176 177 177 163 163 163 163 163 162 163 162 161 161 160 158 158 158 155
133 133 172 173 173 135 135 135 134 98 98 99 98 99 99 99 98 98 71 71 71 72 71 71 72 72 69 82 83 83 62 63 63 63 64 64 65 65 67 67 67 67 67 67 64 63 64 64 64 64 63 62 62 62 62 72 97 97 97 97 97 107 98 98 100 101 102 103 105 105 107 121 121 121 175 176 175 176 177 177 177 177 177 177 163 163 163 163 162 162 161 161 160 159 157 157
133 133 173 174 173 135 136 135 100 99 100 99 99 99 100 99 99 100 71 71 72 72 72 72 72 85 83 83 83 83 63 63 64 64 64 64 64 67 67 67 67 68 68 68 73 64 65 65 65 75 74 74 74 74 85 84 108 108 108 108 108 108 108 110 111 111 113 114 115 117 130 130 131 133 122 176 176 177 177 177 177 178 178 177 177 177 164 163 163 162 163 161 160 160 158 157
135 134 174 175 174 135 136 99 100 101 100 101 100 99 100 99 100 100 72 73 72 72 73 86 86 85 84 84 84 83 63 64 64 64 64 64 66 66 67 67 68 68 68 74 84 84 76 76 76 75 75 75 75 86 86 85 110 110 110 109 109 109 109 111 113 114 114 115 116 131 131 130 131 133 133 133 186 188 187 177 178 178 178 177 177 178 177 177 163 163 163 162 161 160 158 157
137 137 136 136 136 137 101 100 100 101 100 101 100 101 101 100 100 100 73 73 73 73 86 86 86 87 83 84 84 64 64 64 65 64 64 66 67 68 68 68 78 79 79 85 85 85 85 77 77 76 76 76 87 87 86 86 111 111 111 111 111 110 111 113 113 114 116 116 130 132 131 132 133 134 133 134 187 188 188 187 188 189 188 178 178 178 178 178 178 165 163 163 162 161 161 160
137 137 138 139 100 101 102 101 102 101 101 101 102 101 101 101 101 101 73 73 87 87 87 86 87 87 84 84 85 65 65 64 64 65 66 68 68 78 79 79 79 79 80 86 86 86 86 86 77 77 77 88 88 88 87 87 112 112 112 112 112 113 113 112 114 115 116 131 133 131 132 133 135 133 134 135 137 188 189 189 189 190 189 189 191 190 180 179 181 179 178 164 164 163 162 160
138 138 138 103 103 101 102 101 102 102 102 101 102 101 102 101 101 102 74 86 87 87 87 88 87 87 84 85 86 65 65 65 65 66 69 80 79 79 80 80 80 80 81 88 88 88 88 87 78 78 89 90 90 89 89 88 113 113 113 114 113 113 113 114 115 116 130 131 132 133 133 134 137 136 136 136 137 189 190 190 189 189 191 191 191 191 191 191 182 180 180 180 167 164 163 161
103 104 104 103 103 104 104 102 102 103 102 103 103 102 102 101 102 115 87 88 87 87 88 88 88 87 85 85 66 66 66 66 78 79 79 80 81 80 80 81 82 82 82 88 89 88 88 88 88 90 90 90 90 89 89 89 114 113 114 114 114 114 114 115 116 130 131 131 133 134 136 136 136 137 138 138 138 138 190 191 191 190 190 191 192 193 192 193 192 192 192 183 181 179 166 163
103 104 104 105 104 104 104 104 102 103 102 103 103 103 103 102 115 115 88 88 88 87 88 88 88 88 86 85 66 67 79 78 78 81 80 80 81 80 81 81 83 82 82 88 88 88 88 89 100 100 91 91 90 90 90 90 115 116 116 115 115 115 115 116 129 131 132 132 135 136 137 136 137 138 138 138 138 139 138 192 193 192 192 192 192 193 193 194 193 194 194 194 192 182 180 166
104 104 104 105 104 105 106 105 105 105 103 103 104 103 103 116 115 115 88 88 88 89 89 88 88 89 87 87 77 78 79 80 81 81 82 81 82 83 82 82 82 82 83 89 89 89 89 89 100 100 100 91 91 91 91 91 117 117 117 117 116 115 115 128 130 131 133 135 136 136 136 138 138 139 138 140 139 139 139 140 193 193 194 194 195 194 195 195 195 195 196 194 193 193 191 180
105 105 104 105 105 105 106 105 106 106 105 103 104 116 117 116 116 117 88 88 89 89 89 89 90 90 98 78 78 79 79 81 83 82 82 84 83 83 83 83 83 83 83 89 89 90 90 101 101 101 100 91 91 91 91 92 92 117 117 117 117 117 129 129 131 133 133 134 135 136 137 139 139 138 139 140 140 139 141 142 193 195 196 196 197 196 198 196 197 197 196 195 195 194 193 191
105 106 106 105 105 106 106 106 106 107 106 105 117 116 117 116 116 117 89 88 89 89 89 91 101 101 98 79 80 80 80 82 83 84 84 84 85 84 84 84 83 84 84 90 90 90 102 102 101 102 102 101 92 92 93 93 93 118 118 118 118 118 130 130 131 133 134 136 137 137 137 139 139 140 140 140 141 140 143 143 143 196 198 199 199 200 200 199 197 198 198 198 196 195 195 192
107 105 106 107 105 106 106 106 106 107 106 120 120 118 117 116 117 117 89 90 89 89 100 102 102 103 79 80 81 81 81 83 83 84 84 85 85 85 85 85 85 84 84 91 92 103 102 102 102 102 102 102 102 94 93 93 93 118 118 118 118 131 132 132 132 133 134 136 137 138 138 139 140 140 140 142 142 142 143 144 145 145 200 199 200 202 201 201 200 200 200 198 198 197 195 193
108 107 107 108 106 107 106 106 106 107 119 120 120 120 119 116 117 117 89 90 91 100 102 102 103 103 82 81 81 82 84 83 85 85 85 84 85 85 85 84 86 85 91 91 91 102 102 102 103 103 103 103 104 95 95 95 94 119 119 119 132 133 133 132 132 133 134 136 137 138 139 139 141 141 142 142 142 143 144 144 145 146 147 202 202 203 203 202 202 203 201 200 200 198 196 194
108 108 108 109 107 108 108 106 107 120 120 120 119 120 120 120 117 117 90 101 101 102 102 103 103 104 82 83 82 82 85 86 85 86 86 86 85 85 86 86 86 86 85 91 103 103 103 103 103 103 103 103 104 104 95 95 95 95 119 119 133 133 133 133 133 134 135 136 137 138 140 141 141 141 142 142 143 144 145 145 147 147 149 150 202 204 204 204 204 204 203 202 201 200 198 195
109 109 108 109 109 108 109 107 120 120 123 120 120 120 120 120 120 117 101 102 102 104 104 104 104 85 83 83 84 83 86 86 87 86 86 87 87 86 87 87 86 87 87 103 103 103 103 103 103 104 104 105 105 105 96 96 96 96 121 134 134 134 133 133 133 134 135 136 138 139 139 141 141 142 142 144 142 144 146 145 147 148 149 150 151 204 205 205 205 206 205 204 202 201 198 197
109 109 110 109 109 109 113 124 125 122 123 123 123 123 123 120 130 131 102 102 103 104 105 105 105 86 83 84 84 85 87 87 87 88 87 87 87 87 88 88 87 87 87 103 103 104 104 104 104 104 105 105 105 105 105 96 96 96 135 135 134 134 134 134 134 134 135 136 138 139 140 142 142 141 142 143 143 144 146 146 147 149 150 151 151 151 207 206 207 207 207 205 205 202 200 197
