testData/tiles/even/grid12.5-12.5-25.0-25.0.asc
ncols   250
nrows   250
xllcorner   12.5
yllcorner   12.5
cellsize   0.05
NODATA_value   -9999.0
[rows 147 to 195 of 250, columns 0 to 95 of 250]
134 98 97 96 94 94 92 93 91 91 89 87 86 87 87 83 84 83 83 83 84 84 79 79 78 78 78 78 78 78 37 36 36 34 34 34 34 33 33 56 55 55 55 26 26 26 25 25 25 25 25 23 38 38 38 38 38 38 38 38 42 42 42 42 42 42 42 42 59 59 59 59 59 59 60 61 64 65 67 69 69 71 72 74 75 76 77 78 79 80 80 82 82 83 61 62
136 98 98 97 95 94 93 92 92 91 89 88 87 86 87 87 83 83 83 83 83 84 79 79 78 78 78 78 78 37 37 36 35 34 34 34 33 33 33 32 32 55 55 26 26 25 25 25 25 25 25 38 38 38 38 38 38 38 38 38 42 42 42 42 42 42 42 42 59 59 59 59 59 60 60 63 65 66 68 69 71 72 73 74 76 77 78 79 80 81 82 83 61 61 62 64
136 136 98 96 96 94 94 93 93 92 90 89 87 87 87 87 87 82 83 83 83 83 83 79 78 78 78 78 37 37 36 35 35 34 34 33 33 33 33 32 32 32 55 55 26 25 25 25 25 25 25 38 38 38 38 38 38 38 38 42 42 42 42 42 42 42 42 42 59 59 59 59 60 60 62 64 65 67 68 70 72 73 75 75 77 78 79 80 81 82 83 60 62 62 64 65
136 136 99 97 96 96 94 94 93 93 91 89 89 87 86 87 87 86 82 83 83 83 83 78 77 77 77 36 36 36 35 35 35 34 33 33 33 33 32 32 32 32 32 32 54 25 25 25 25 25 38 38 38 38 38 38 38 38 38 42 42 42 42 42 42 42 42 42 59 59 59 60 60 61 63 64 66 67 69 71 72 74 75 76 77 79 80 81 82 60 61 61 63 64 65 65
137 136 99 98 97 96 96 94 93 93 91 91 89 89 87 86 86 86 82 82 82 83 83 77 77 77 36 36 36 36 35 35 34 33 33 33 33 32 32 32 32 32 32 32 31 2 2 25 25 25 38 38 38 38 38 38 38 38 42 42 42 42 42 42 42 42 42 42 59 59 59 60 61 62 63 65 66 69 70 71 73 74 76 78 78 80 58 59 60 60 62 63 64 66 66 66
138 137 135 99 98 96 96 95 94 92 92 91 89 89 87 87 85 85 86 82 82 82 82 81 76 36 36 36 35 35 34 34 34 33 33 32 32 32 32 32 32 32 32 31 31 31 2 2 2 40 38 38 38 38 38 38 38 38 42 42 42 42 42 42 42 42 42 59 59 59 60 61 61 62 64 66 68 70 71 73 74 75 77 78 57 57 59 59 61 62 63 65 65 67 67 68
139 137 135 99 98 98 96 96 94 92 92 91 91 89 88 87 86 85 85 86 82 82 82 40 35 35 35 35 35 35 34 34 34 33 32 32 32 32 32 32 32 32 31 31 31 31 2 2 2 17 15 15 38 38 38 52 38 42 42 42 42 42 42 42 42 42 42 59 59 60 61 61 62 63 65 67 69 70 72 74 75 53 54 56 58 58 60 61 62 63 64 66 66 67 68 69
139 137 137 99 99 98 96 96 94 93 92 91 91 90 89 87 86 85 85 85 81 81 40 40 35 35 35 35 35 34 34 33 33 32 32 32 32 32 32 32 32 31 31 31 31 45 45 16 31 31 29 29 29 29 29 29 52 56 56 56 56 56 56 56 56 56 42 59 60 60 61 62 63 63 66 68 69 48 50 51 53 55 55 57 58 59 60 62 62 65 65 67 67 68 69 70
138 138 137 101 99 98 98 96 95 94 92 92 90 91 90 87 86 86 85 85 85 40 39 39 39 34 34 34 34 33 33 33 33 32 32 32 32 32 32 32 45 45 45 45 45 45 45 16 31 29 29 29 29 29 29 29 33 33 33 33 33 33 33 33 33 33 33 50 51 52 53 39 40 42 44 45 47 49 50 52 54 55 56 57 59 61 61 63 64 66 66 67 69 69 69 71
140 138 137 137 99 99 98 96 95 94 94 92 91 90 89 87 87 86 85 44 44 44 39 39 39 34 34 34 34 33 33 33 33 32 32 32 32 46 46 45 45 45 45 45 45 45 45 60 31 29 29 29 29 29 29 29 33 33 33 33 33 33 33 33 33 33 33 51 52 52 53 54 55 56 44 46 47 49 51 53 54 56 57 58 60 61 62 63 65 66 68 68 70 70 71 72
140 138 138 137 100 99 98 97 95 94 94 92 92 91 88 88 87 87 45 44 44 43 39 39 39 34 34 34 33 33 33 33 33 32 46 46 46 45 45 45 45 45 45 45 45 45 45 60 31 29 29 29 29 29 29 29 33 33 33 33 33 33 33 33 33 33 34 51 52 53 54 54 55 57 59 60 62 50 51 53 55 56 58 59 60 62 62 65 67 67 69 69 70 71 72 72
140 140 138 137 101 100 97 97 96 95 94 93 92 91 88 88 86 45 45 45 44 43 43 39 39 34 34 34 33 33 33 33 47 46 46 45 45 45 45 45 45 45 45 45 45 45 45 60 60 29 29 29 29 29 29 33 33 33 33 33 33 33 33 33 33 33 34 52 53 53 54 55 56 57 59 61 63 64 66 54 55 57 59 59 61 63 64 66 67 68 69 70 71 72 73 73
140 140 139 138 101 99 99 97 96 96 94 94 93 90 90 47 46 45 45 44 43 43 43 39 39 39 34 34 33 33 47 47 47 45 45 45 45 45 45 45 45 45 45 45 45 45 60 60 58 29 29 29 29 29 29 33 33 33 33 33 33 33 33 33 33 34 34 52 53 54 55 55 56 58 60 61 64 66 67 68 70 58 59 60 62 63 65 66 68 69 70 71 72 72 74 74
141 140 139 138 101 99 99 97 97 96 94 94 92 49 49 48 47 46 45 44 43 42 42 42 38 38 33 32 46 46 46 46 46 45 45 45 45 45 45 45 45 45 45 45 45 45 60 60 58 29 29 29 29 29 29 33 33 33 33 33 33 33 33 33 33 34 35 53 53 54 55 56 57 58 60 63 65 66 68 69 71 72 74 62 62 65 67 67 69 69 71 71 73 73 75 75
141 140 140 139 136 100 99 98 97 96 95 94 51 51 49 48 47 46 45 44 43 42 42 42 38 38 47 46 46 46 46 46 45 45 45 45 45 45 45 45 45 45 45 45 45 45 60 60 58 58 29 29 29 29 29 33 33 33 33 33 33 33 33 33 33 34 35 53 54 55 55 56 57 59 61 63 65 67 69 69 71 73 74 76 77 66 67 68 69 70 72 72 74 74 75 76
142 140 140 138 137 100 99 99 97 96 55 53 51 51 49 48 48 46 46 44 43 43 42 42 56 52 46 46 46 46 46 46 45 45 45 45 45 45 45 45 45 45 45 45 45 60 60 58 58 58 29 29 29 29 29 33 33 33 33 33 33 33 33 33 34 35 35 53 54 55 56 57 57 59 62 64 66 67 69 71 72 73 75 77 78 80 82 68 70 71 72 73 74 75 76 77
142 140 139 138 138 100 99 99 57 55 55 53 51 51 50 48 48 46 45 44 44 43 42 56 56 52 46 46 46 46 46 46 45 45 45 45 45 45 45 45 45 45 45 45 45 60 60 58 58 58 58 29 29 29 33 33 33 33 33 33 33 33 33 33 34 35 36 54 54 55 56 57 58 60 62 64 66 68 70 71 72 74 76 77 79 81 82 83 71 71 73 74 75 76 77 77
142 141 139 138 138 60 58 58 57 56 54 53 52 51 50 49 48 47 45 44 44 43 57 56 56 55 46 46 46 46 46 46 45 45 45 45 45 45 45 45 45 45 45 45 45 60 60 58 58 58 58 29 29 29 33 33 33 33 33 33 33 33 33 34 34 35 53 54 55 56 56 57 58 60 63 65 66 68 70 72 73 74 76 78 80 81 83 84 85 72 74 74 76 76 78 78
141 141 139 97 97 60 58 58 57 56 54 53 53 51 50 50 48 46 45 45 58 58 57 56 56 55 46 46 46 46 46 45 45 45 45 45 45 45 45 45 45 45 45 45 45 60 58 58 58 58 58 29 29 29 33 33 33 33 33 33 33 33 33 34 35 36 36 54 55 56 57 58 58 60 63 65 67 69 70 72 73 75 77 79 80 82 84 84 86 87 88 75 76 77 79 79
100 100 99 97 97 60 60 58 56 56 55 53 53 52 50 50 47 46 45 59 58 58 57 56 55 55 46 46 46 46 46 45 45 45 45 45 45 45 45 45 45 45 45 45 45 60 58 58 58 58 58 29 29 29 33 33 33 33 33 33 33 33 33 34 35 36 37 55 55 56 57 58 59 61 63 65 67 69 71 73 73 75 77 80 81 82 84 85 87 87 89 90 77 78 79 80
100 100 99 98 97 60 60 58 56 56 55 53 53 52 50 50 48 46 60 59 59 58 57 57 55 55 50 46 46 46 46 45 45 45 45 45 45 45 45 45 45 45 45 45 60 60 58 58 58 58 58 58 29 29 33 33 33 33 33 33 33 33 33 34 35 36 37 55 56 57 57 58 59 61 63 66 67 69 71 72 74 76 77 80 81 83 85 85 87 88 89 90 92 78 80 81
153 153 151 151 149 112 112 110 107 107 106 104 103 102 100 98 97 109 108 107 106 105 104 102 101 100 95 90 89 89 87 87 86 85 85 84 83 82 81 80 80 79 78 76 90 87 86 86 86 86 86 86 57 57 61 61 33 33 33 33 33 33 34 35 35 36 37 55 56 57 58 59 59 61 63 66 68 70 71 72 74 76 78 81 81 83 85 86 88 88 90 91 92 93 81 81
100 100 99 99 97 60 59 58 56 56 55 54 53 52 50 63 62 60 60 60 59 58 57 56 55 55 50 46 46 46 45 45 45 45 45 45 45 45 45 45 45 45 45 45 60 58 58 58 58 58 58 58 29 29 33 33 33 33 33 33 33 33 34 35 36 36 37 55 56 57 58 59 60 61 63 65 68 70 71 73 74 76 78 80 82 84 84 86 88 89 91 91 93 94 95 96
100 100 99 98 98 59 59 58 57 56 55 54 53 52 64 63 62 61 60 60 59 59 57 56 56 55 50 50 46 46 45 45 45 45 45 45 45 45 45 45 45 45 45 45 58 58 58 58 58 58 58 58 29 29 33 33 33 33 33 33 33 33 34 35 36 37 38 55 56 57 58 59 60 62 64 65 67 69 71 73 75 77 78 80 82 84 85 87 88 89 91 92 94 94 96 97
101 100 99 98 97 59 58 58 57 56 55 54 54 65 64 64 62 61 60 60 59 58 57 57 56 55 50 50 46 45 45 45 45 45 45 45 45 45 45 45 45 45 45 45 58 58 58 58 58 58 58 58 58 29 33 33 33 33 33 33 33 33 34 35 36 37 38 56 56 57 58 59 60 62 64 66 68 69 71 73 75 77 79 81 82 84 85 87 89 90 91 92 94 95 97 97
101 100 98 97 97 60 58 58 57 56 55 54 52 65 64 64 62 61 60 60 59 58 57 57 56 55 50 50 46 45 45 45 45 45 45 45 45 45 45 45 45 45 45 43 58 58 58 58 58 58 58 58 58 33 33 33 33 33 33 33 33 33 34 35 36 37 38 56 57 58 58 59 60 62 64 66 68 70 71 73 75 77 79 81 83 85 85 87 88 90 92 93 94 95 97 98
101 99 98 97 97 60 58 58 57 56 55 53 66 65 64 63 62 61 61 60 59 58 58 57 56 56 50 50 45 45 45 45 45 45 45 45 45 45 45 45 45 45 45 43 58 58 58 58 58 58 58 58 58 29 33 33 33 33 33 33 33 33 34 35 36 37 38 56 57 58 59 59 60 62 64 66 68 70 72 74 75 77 78 81 83 85 86 88 88 90 91 93 95 96 96 98
108 107 106 97 96 60 58 58 57 56 54 67 66 66 64 63 62 61 61 59 59 58 58 57 57 56 50 50 49 45 45 45 45 45 45 45 45 45 45 45 45 45 43 43 58 58 58 58 58 58 58 58 58 29 33 33 33 33 33 33 33 34 34 35 36 37 38 56 57 58 59 60 60 61 64 66 68 70 72 74 76 77 78 81 83 84 86 88 89 91 91 93 94 96 97 99
108 107 106 105 104 60 59 57 57 55 68 67 66 66 64 63 63 61 60 59 59 58 58 57 57 56 50 49 49 45 45 45 45 45 45 45 45 45 45 45 45 45 43 43 58 58 58 58 58 58 58 58 58 29 33 33 33 33 33 33 33 34 35 35 36 37 38 56 57 58 59 60 60 61 64 66 68 70 72 74 76 77 78 81 83 84 86 88 89 91 92 93 94 96 97 99
108 107 106 105 104 67 67 57 56 69 68 67 66 65 64 63 63 60 60 59 59 59 58 57 57 56 50 49 49 45 45 45 45 45 45 45 45 45 45 45 45 43 43 43 58 58 58 58 58 58 58 58 58 29 33 33 33 33 33 33 33 34 35 35 36 37 38 56 57 58 59 60 61 61 63 66 68 70 72 74 75 77 79 81 83 84 86 87 89 91 92 94 94 124 125 127
108 107 106 105 104 67 67 64 63 69 68 67 66 65 64 63 61 60 60 60 59 59 58 58 57 56 50 49 49 45 45 45 45 45 45 45 45 45 45 45 45 43 43 58 58 58 58 58 58 58 58 58 58 29 33 33 33 33 33 33 33 34 35 35 36 37 38 39 57 58 59 60 61 61 63 65 67 70 71 73 75 77 79 81 82 84 86 87 89 90 120 122 123 124 125 126
108 107 106 104 104 67 65 65 77 77 76 66 66 65 64 62 61 60 60 60 59 59 58 58 57 50 50 49 49 49 45 45 45 45 45 45 45 45 45 45 43 43 43 43 58 58 58 58 58 58 58 58 58 29 33 33 33 33 33 33 33 34 35 35 36 37 38 39 57 58 59 60 61 61 63 65 67 69 71 73 75 77 79 80 82 84 86 87 117 118 120 121 122 123 125 126
108 106 106 104 102 66 65 79 77 76 76 75 66 65 63 62 61 61 60 60 59 59 58 58 57 51 50 49 49 49 45 45 45 45 45 45 45 45 45 43 43 43 43 43 58 58 58 58 58 58 58 58 58 29 33 33 33 33 33 33 33 34 35 35 36 37 38 39 57 58 59 60 60 61 63 65 67 69 71 73 75 77 78 80 82 84 85 115 117 118 120 120 122 123 125 126
108 107 105 104 102 66 79 78 77 76 76 75 73 64 63 61 61 61 60 60 59 59 58 58 56 51 50 49 49 49 45 45 45 45 45 45 45 45 45 43 43 43 43 43 58 58 58 58 58 58 58 58 58 29 33 33 33 33 33 33 33 34 34 35 36 37 38 39 57 58 59 60 60 61 62 65 67 69 71 73 75 76 77 79 82 84 113 115 116 118 119 120 122 123 125 126
107 106 104 104 102 65 79 78 77 76 75 75 72 72 71 61 61 61 60 60 59 59 59 57 56 51 50 49 49 49 45 45 45 45 45 45 45 45 43 43 43 43 43 43 58 58 58 58 58 58 58 58 58 29 33 33 33 33 33 33 33 33 34 35 36 37 38 39 57 58 59 59 60 61 62 64 67 69 71 73 73 75 77 79 110 111 113 115 115 117 118 120 121 123 123 125
106 105 104 103 102 79 78 78 76 76 75 73 72 71 71 69 61 61 60 60 60 59 58 57 51 51 50 49 49 49 45 45 45 45 45 45 45 43 43 43 43 43 43 43 58 58 58 58 58 58 58 58 58 29 29 33 33 33 33 33 33 33 34 35 36 37 38 39 57 58 58 59 60 61 62 64 66 68 69 71 73 75 77 107 109 111 112 113 115 117 118 120 120 122 123 125
106 105 103 103 101 79 78 78 76 75 74 73 72 71 70 69 69 61 60 60 60 59 58 57 52 51 50 49 49 49 45 45 45 45 45 45 45 43 43 43 43 43 43 43 58 58 58 58 58 58 58 58 58 29 29 33 33 33 33 33 33 33 34 35 36 37 38 39 39 57 58 59 60 61 62 72 66 67 69 71 73 75 77 106 107 110 112 113 115 116 117 119 120 122 123 127
105 105 103 103 79 78 78 77 77 74 74 73 71 71 70 69 69 69 60 60 60 58 58 57 52 51 50 49 49 49 45 45 45 45 45 45 43 43 43 43 43 43 43 43 58 58 58 58 58 58 58 58 58 29 29 33 33 33 33 33 33 33 34 43 44 45 46 46 47 65 66 67 68 69 70 70 73 75 77 79 81 83 111 113 115 118 119 121 114 115 117 118 120 120 125 126
131 107 106 102 79 78 78 76 75 74 73 73 71 71 70 70 69 69 68 60 59 58 58 52 52 51 50 50 49 49 45 45 45 45 45 43 43 43 43 43 43 43 43 43 58 58 58 58 58 58 58 58 58 29 29 33 33 33 41 41 41 41 42 43 44 44 45 46 47 65 66 67 68 68 69 70 72 74 77 79 79 109 111 113 115 116 118 120 121 123 125 125 127 123 124 125
134 132 110 123 84 83 79 76 75 74 73 72 71 70 70 70 69 69 68 67 59 58 58 52 52 51 50 50 49 49 45 45 45 45 43 43 43 43 43 43 43 43 43 43 58 58 58 58 58 58 58 58 58 29 37 41 41 41 41 41 41 41 42 43 43 44 45 46 47 65 66 67 67 68 69 70 72 74 75 77 107 109 111 113 113 115 118 120 121 122 123 125 125 130 131 132
136 135 133 125 87 84 83 81 80 75 73 72 70 70 70 70 69 69 67 67 59 58 58 52 52 51 50 50 49 49 45 45 45 45 43 43 43 43 43 43 43 43 43 43 58 58 58 58 58 58 58 66 66 37 37 37 41 41 41 41 41 41 41 42 43 44 45 46 47 48 65 66 67 68 69 70 70 73 75 77 107 109 110 111 113 115 117 118 120 122 122 124 128 129 130 132
137 136 149 146 89 86 84 84 82 79 77 75 71 70 70 70 69 68 68 67 67 58 53 52 52 51 50 50 49 49 45 45 45 43 43 43 43 43 43 43 43 43 43 43 43 58 58 58 58 66 66 66 66 37 37 37 41 41 41 41 41 41 41 42 43 44 45 46 46 47 65 66 67 68 68 69 70 72 74 104 105 107 109 111 113 114 115 117 120 120 122 126 127 129 129 131
137 136 148 112 110 88 86 85 83 81 79 77 75 71 70 70 68 68 68 67 67 66 53 52 52 51 50 50 49 49 45 45 43 43 43 43 43 43 43 43 43 43 43 43 43 58 66 66 66 66 66 66 66 37 37 37 41 41 41 41 41 41 41 42 43 44 44 45 46 47 65 66 66 67 68 69 70 72 73 103 105 107 109 110 112 113 115 116 118 120 121 125 126 127 129 129
137 149 149 112 111 87 87 85 84 82 81 79 77 74 71 69 68 68 68 67 67 61 61 52 52 51 50 50 49 49 45 43 43 43 43 43 43 43 43 43 43 43 43 43 51 66 66 66 66 66 66 66 66 37 37 37 37 41 41 41 41 41 41 42 42 43 44 45 46 47 47 65 66 67 68 69 69 70 73 103 105 106 108 109 111 112 114 115 116 119 123 124 125 126 128 128
136 150 148 112 111 109 86 86 84 82 80 79 77 75 73 69 68 68 67 67 67 61 61 52 52 51 50 50 49 49 43 43 43 43 43 43 43 43 43 43 43 43 51 51 51 66 66 66 66 66 66 66 66 37 37 37 37 41 41 41 41 41 41 41 42 43 44 45 45 46 47 65 66 67 67 68 69 70 100 101 103 105 107 108 110 112 112 114 116 116 122 124 124 126 126 127
136 149 149 111 110 108 108 85 84 81 81 80 76 75 73 69 68 68 67 67 62 61 61 60 52 51 50 50 49 47 43 43 43 43 43 43 43 43 43 43 51 51 51 51 51 66 66 66 66 66 66 66 66 37 37 37 37 37 41 41 41 41 41 41 42 43 43 44 45 46 47 65 65 66 67 68 69 69 99 101 103 104 106 108 109 110 112 113 114 116 120 122 123 124 125 126
149 149 111 111 109 108 106 106 83 81 80 78 76 75 73 69 68 68 67 67 62 61 61 60 52 51 50 50 47 47 43 43 43 43 43 43 43 43 51 51 51 51 51 51 51 51 66 66 66 66 66 67 67 38 38 38 38 38 42 42 41 41 41 41 41 42 43 44 45 46 46 47 65 66 67 67 68 69 98 99 101 103 104 106 108 110 111 112 113 118 119 120 123 123 124 125
154 147 111 110 108 107 106 105 82 80 79 78 75 73 70 68 68 68 67 62 62 61 61 60 60 51 50 47 47 47 43 43 43 43 43 43 51 51 51 51 51 51 51 51 51 51 66 66 67 67 67 67 38 38 38 38 38 38 38 42 42 42 42 41 41 42 43 44 44 45 46 47 65 65 66 67 68 68 97 99 101 102 104 106 107 109 110 111 113 116 118 119 120 122 123 126
152 152 109 109 107 106 105 103 100 78 77 76 73 70 69 68 68 68 62 62 62 61 61 60 60 51 48 47 47 47 43 43 43 43 43 51 51 51 51 51 51 51 51 51 51 51 67 67 67 67 67 67 38 38 38 38 38 38 38 42 42 42 42 42 42 42 42 43 44 45 46 46 47 65 66 66 67 68 97 97 99 102 103 104 106 107 109 110 111 116 117 118 119 119 123 126
