testData/tiles/fourTileCosts/grid1.0-1.0-2.0-2.0.asc
ncols   200
nrows   200
xllcorner   1.0
yllcorner   1.0
cellsize   0.005
NODATA_value   -9999.0
[rows 0 to 41 of 200, columns 0 to 93 of 200]
332 332 333 333 334 334 335 335 336 336 337 337 338 338 339 339 340 340 341 341 342 342 343 343 344 344 344 345 345 346 346 347 347 348 348 348 349 349 350 350 350 351 351 352 352 352 353 353 354 354 354 355 355 356 356 356 357 357 358 358 358 359 359 359 360 360 360 361 361 361 362 362 362 363 363 364 364 364 364 365 365 365 366 366 366 367 367 367 368 368 368 369 369 369
331 332 332 333 333 334 334 335 335 336 336 337 337 338 338 339 339 340 340 341 341 342 342 342 343 343 344 344 345 345 346 346 346 347 347 348 348 349 349 349 350 350 351 351 351 352 352 353 353 353 354 354 355 355 355 356 356 357 357 357 358 358 358 359 359 359 360 360 361 361 361 362 362 362 363 363 363 364 364 364 365 365 365 366 366 366 367 367 367 367 368 368 368 369
330 331 331 332 333 333 334 334 335 335 336 336 337 337 338 338 339 339 339 340 340 341 341 342 342 343 343 344 344 345 345 345 346 346 347 347 348 348 348 349 349 350 350 350 351 351 352 352 352 353 353 354 354 354 355 355 356 356 356 357 357 357 358 358 359 359 359 360 360 360 361 361 361 362 362 362 363 363 363 364 364 364 365 365 365 366 366 366 367 367 367 367 368 368
330 330 331 331 332 332 333 333 334 334 335 335 336 336 337 337 338 338 339 339 340 340 341 341 342 342 343 343 343 344 344 345 345 346 346 347 347 347 348 348 349 349 349 350 350 351 351 351 352 352 353 353 353 354 354 355 355 355 356 356 356 357 357 358 358 358 359 359 359 360 360 360 361 361 361 362 362 362 363 363 363 364 364 364 365 365 365 366 366 366 367 367 367 368
329 330 330 331 331 332 332 333 333 334 334 335 335 336 336 337 337 338 338 339 339 340 340 341 341 341 342 342 343 343 344 344 345 345 345 346 346 347 347 348 348 348 349 349 350 350 350 351 351 352 352 352 353 353 354 354 354 355 355 356 356 356 357 357 357 358 358 358 359 359 359 360 360 361 361 361 362 362 362 363 363 363 364 364 364 364 365 365 365 366 366 366 367 367
328 329 329 330 330 331 332 332 333 333 334 334 335 335 336 336 337 337 337 338 338 339 339 340 340 341 341 342 342 343 343 344 344 344 345 345 346 346 347 347 347 348 348 349 349 349 350 350 351 351 351 352 352 353 353 353 354 354 355 355 355 356 356 356 357 357 357 358 358 359 359 359 360 360 360 361 361 361 362 362 362 363 363 363 364 364 364 365 365 365 365 366 366 366
328 328 329 329 330 330 331 331 332 332 333 333 334 334 335 335 336 336 337 337 338 338 339 339 340 340 341 341 342 342 342 343 343 344 344 345 345 345 346 346 347 347 348 348 348 349 349 350 350 350 351 351 352 352 352 353 353 354 354 354 355 355 355 356 356 357 357 357 358 358 358 359 359 359 360 360 360 361 361 361 362 362 362 363 363 363 364 364 364 365 365 365 366 366
327 327 328 329 329 330 330 331 331 332 332 333 333 334 334 335 335 336 336 337 337 338 338 339 339 339 340 340 341 341 342 342 343 343 344 344 344 345 345 346 346 347 347 347 348 348 349 349 349 350 350 351 351 351 352 352 353 353 353 354 354 354 355 355 356 356 356 357 357 357 358 358 358 359 359 359 360 360 360 361 361 361 362 362 362 363 363 363 364 364 364 365 365 365
326 327 327 328 328 329 329 330 330 331 331 332 332 333 333 334 334 335 335 336 336 337 337 338 338 339 339 340 340 341 341 342 342 342 343 343 344 344 345 345 345 346 346 347 347 348 348 348 349 349 350 350 350 351 351 352 352 352 353 353 353 354 354 355 355 355 356 356 356 357 357 357 358 358 358 359 359 359 360 360 361 361 361 361 362 362 362 363 363 363 364 364 364 365
325 326 327 327 328 328 329 329 330 330 331 331 332 332 333 333 334 334 335 335 336 336 337 337 338 338 339 339 339 340 340 341 341 342 342 343 343 344 344 344 345 345 346 346 346 347 347 348 348 349 349 349 350 350 351 351 351 352 352 352 353 353 354 354 354 355 355 355 356 356 356 357 357 358 358 358 359 359 359 360 360 360 361 361 361 362 362 362 362 363 363 363 364 364
325 325 326 326 327 327 328 328 329 330 330 331 331 332 332 333 333 334 334 335 335 336 336 336 337 337 338 338 339 339 340 340 341 341 342 342 342 343 343 344 344 345 345 345 346 346 347 347 347 348 348 349 349 349 350 350 351 351 351 352 352 353 353 353 354 354 354 355 355 355 356 356 357 357 357 358 358 358 359 359 359 360 360 360 361 361 361 362 362 362 363 363 363 363
324 325 325 326 326 327 327 328 328 329 329 330 330 331 331 332 332 333 333 334 334 335 335 336 336 337 337 338 338 339 339 339 340 340 341 341 342 342 343 343 343 344 344 345 345 346 346 346 347 347 348 348 348 349 349 350 350 350 351 351 352 352 352 353 353 353 354 354 354 355 355 356 356 356 357 357 357 358 358 358 359 359 359 360 360 360 361 361 361 362 362 362 363 363
323 324 324 325 325 326 326 327 328 328 329 329 330 330 331 331 332 332 333 333 334 334 335 335 336 336 336 337 337 338 338 339 339 340 340 341 341 341 342 342 343 343 344 344 344 345 345 346 346 347 347 347 348 348 349 349 349 350 350 350 351 351 352 352 352 353 353 353 354 354 355 355 355 356 356 356 357 357 357 358 358 358 359 359 359 360 360 360 361 361 361 362 362 362
322 323 324 324 325 325 326 326 327 327 328 328 329 329 330 330 331 331 332 332 333 333 334 334 335 335 336 336 337 337 338 338 339 339 339 340 340 341 341 342 342 343 343 343 344 344 345 345 345 346 346 347 347 347 348 348 349 349 349 350 350 351 351 351 352 352 352 353 353 354 354 354 355 355 355 356 356 356 357 357 357 358 358 358 359 359 359 360 360 360 361 361 361 362
322 322 323 323 324 324 325 325 326 327 327 328 328 329 329 330 330 331 331 332 332 333 333 334 334 335 335 336 336 336 337 337 338 338 339 339 340 340 341 341 341 342 342 343 343 344 344 344 345 345 346 346 346 347 347 348 348 348 349 349 350 350 350 351 351 351 352 352 353 353 353 354 354 354 355 355 355 356 356 356 357 357 357 358 358 358 359 359 359 360 360 360 361 361
321 321 322 323 323 324 324 325 325 326 326 327 327 328 328 329 329 330 330 331 331 332 332 333 333 334 334 335 335 336 336 337 337 338 338 338 339 339 340 340 341 341 342 342 342 343 343 344 344 344 345 345 346 346 347 347 347 348 348 348 349 349 350 350 350 351 351 351 352 352 353 353 353 354 354 354 355 355 355 356 356 356 357 357 357 358 358 358 359 359 359 360 360 360
320 321 321 322 322 323 323 324 324 325 326 326 327 327 328 328 329 329 330 330 331 331 332 332 333 333 334 334 335 335 335 336 336 337 337 338 338 339 339 340 340 340 341 341 342 342 343 343 343 344 344 345 345 345 346 346 347 347 347 348 348 349 349 349 350 350 350 351 351 352 352 352 353 353 353 354 354 354 355 355 355 356 356 356 357 357 357 358 358 358 359 359 359 360
319 320 320 321 322 322 323 323 324 324 325 325 326 326 327 327 328 328 329 329 330 330 331 331 332 332 333 333 334 334 335 335 336 336 337 337 337 338 338 339 339 340 340 341 341 341 342 342 343 343 343 344 344 345 345 346 346 346 347 347 347 348 348 349 349 349 350 350 351 351 351 352 352 352 353 353 353 354 354 354 355 355 355 356 356 356 357 357 357 358 358 358 359 359
318 319 320 320 321 321 322 322 323 323 324 325 325 326 326 327 327 328 328 329 329 330 330 331 331 332 332 333 333 334 334 334 335 335 336 336 337 337 338 338 339 339 339 340 340 341 341 342 342 342 343 343 344 344 344 345 345 346 346 346 347 347 348 348 348 349 349 349 350 350 351 351 351 352 352 352 353 353 353 354 354 354 355 355 355 356 356 356 357 357 357 358 358 358
318 318 319 319 320 320 321 322 322 323 323 324 324 325 325 326 326 327 327 328 328 329 329 330 330 331 331 332 332 333 333 334 334 335 335 336 336 336 337 337 338 338 339 339 340 340 340 341 341 342 342 342 343 343 344 344 345 345 345 346 346 346 347 347 348 348 348 349 349 349 350 350 351 351 351 352 352 352 353 353 353 354 354 354 355 355 355 356 356 356 357 357 357 358
317 317 318 318 319 320 320 321 321 322 322 323 323 324 324 325 326 326 327 327 328 328 329 329 330 330 331 331 332 332 332 333 333 334 334 335 335 336 336 337 337 337 338 338 339 339 340 340 340 341 341 342 342 343 343 343 344 344 345 345 345 346 346 347 347 347 348 348 348 349 349 350 350 350 351 351 351 352 352 352 353 353 353 354 354 354 355 355 355 356 356 356 357 357
316 317 317 318 318 319 319 320 320 321 322 322 323 323 324 324 325 325 326 326 327 327 328 328 329 329 330 330 331 331 332 332 333 333 334 334 334 335 335 336 336 337 337 338 338 338 339 339 340 340 341 341 341 342 342 343 343 343 344 344 345 345 345 346 346 347 347 347 348 348 348 349 349 350 350 350 351 351 351 352 352 352 353 353 353 354 354 354 355 355 355 356 356 356
315 316 316 317 317 318 319 319 320 320 321 321 322 322 323 323 324 324 325 325 326 326 327 327 328 328 329 329 330 330 331 331 332 332 333 333 334 334 335 335 336 336 336 337 337 338 338 339 339 339 340 340 341 341 342 342 342 343 343 344 344 344 345 345 345 346 346 347 347 347 348 348 348 349 349 350 350 350 351 351 351 352 352 352 353 353 353 354 354 354 355 355 355 356
314 315 315 316 317 317 318 318 319 319 320 320 321 321 322 323 323 324 324 325 325 326 326 327 327 328 328 329 329 330 330 331 331 332 332 332 333 333 334 334 335 335 336 336 337 337 337 338 338 339 339 340 340 340 341 341 342 342 342 343 343 344 344 344 345 345 346 346 346 347 347 347 348 348 348 349 349 350 350 350 351 351 351 352 352 352 353 353 353 354 354 354 355 355
313 314 314 315 316 316 317 317 318 318 319 320 320 321 321 322 322 323 323 324 324 325 325 326 326 327 327 328 328 329 329 330 330 331 331 332 332 333 333 334 334 334 335 335 336 336 337 337 337 338 338 339 339 340 340 340 341 341 342 342 342 343 343 344 344 344 345 345 346 346 346 347 347 347 348 348 348 349 349 350 350 350 351 351 351 352 352 352 353 353 353 354 354 354
312 313 314 314 315 315 316 316 317 318 318 319 319 320 320 321 321 322 322 323 323 324 325 325 326 326 327 327 328 328 328 329 329 330 330 331 331 332 332 333 333 334 334 335 335 335 336 336 337 337 338 338 338 339 339 340 340 340 341 341 342 342 342 343 343 344 344 344 345 345 346 346 346 347 347 347 348 348 348 349 349 350 350 350 351 351 351 352 352 352 353 353 353 354
312 312 313 313 314 314 315 316 316 317 317 318 318 319 319 320 321 321 322 322 323 323 324 324 325 325 326 326 327 327 328 328 329 329 330 330 331 331 331 332 332 333 333 334 334 335 335 335 336 336 337 337 338 338 338 339 339 340 340 341 341 341 342 342 343 343 343 344 344 344 345 345 346 346 346 347 347 347 348 348 348 349 349 349 350 350 351 351 351 352 352 352 353 353
311 311 312 312 313 314 314 315 315 316 316 317 318 318 319 319 320 320 321 321 322 322 323 323 324 324 325 325 326 326 327 327 328 328 329 329 330 330 331 331 332 332 332 333 333 334 334 335 335 336 336 336 337 337 338 338 339 339 339 340 340 341 341 341 342 342 343 343 343 344 344 344 345 345 346 346 346 347 347 347 348 348 348 349 349 349 350 350 350 351 351 351 352 352
310 310 311 311 312 313 313 314 314 315 316 316 317 317 318 318 319 319 320 320 321 321 322 322 323 324 324 325 325 326 326 326 327 327 328 328 329 329 330 330 331 331 332 332 333 333 333 334 334 335 335 336 336 336 337 337 338 338 339 339 339 340 340 341 341 341 342 342 343 343 343 344 344 344 345 345 346 346 346 347 347 347 348 348 348 349 349 349 350 350 350 351 351 351
309 309 310 311 311 312 312 313 313 314 315 315 316 316 317 317 318 318 319 320 320 321 321 322 322 323 323 324 324 325 325 326 326 327 327 328 328 329 329 329 330 330 331 331 332 332 333 333 334 334 334 335 335 336 336 337 337 337 338 338 339 339 339 340 340 341 341 341 342 342 343 343 343 344 344 344 345 345 345 346 346 347 347 347 348 348 348 349 349 349 350 350 350 351
308 308 309 310 310 311 311 312 313 313 314 314 315 315 316 316 317 318 318 319 319 320 320 321 321 322 322 323 323 324 324 325 325 326 326 327 327 328 328 329 329 330 330 330 331 331 332 332 333 333 334 334 334 335 335 336 336 337 337 337 338 338 339 339 339 340 340 341 341 341 342 342 342 343 343 344 344 344 345 345 345 346 346 346 347 347 348 348 348 349 349 349 350 350
307 307 308 309 309 310 310 311 312 312 313 313 314 314 315 316 316 317 317 318 318 319 319 320 320 321 321 322 322 323 323 324 324 325 325 326 326 327 327 328 328 329 329 330 330 331 331 331 332 332 333 333 334 334 334 335 335 336 336 337 337 337 338 338 339 339 339 340 340 341 341 341 342 342 342 343 343 344 344 344 345 345 345 346 346 346 347 347 347 348 348 348 349 349
306 306 307 308 308 309 309 310 311 311 312 312 313 314 314 315 315 316 316 317 317 318 318 319 319 320 321 321 322 322 323 323 324 324 325 325 325 326 326 327 327 328 328 329 329 330 330 331 331 331 332 332 333 333 334 334 334 335 335 336 336 337 337 337 338 338 339 339 339 340 340 341 341 341 342 342 342 343 343 344 344 344 345 345 345 346 346 346 347 347 347 348 348 348
305 305 306 307 307 308 309 309 310 310 311 311 312 313 313 314 314 315 315 316 316 317 318 318 319 319 320 320 321 321 322 322 323 323 324 324 325 325 326 326 327 327 327 328 328 329 329 330 330 331 331 332 332 332 333 333 334 334 335 335 335 336 336 337 337 337 338 338 339 339 339 340 340 340 341 341 342 342 342 343 343 343 344 344 345 345 345 346 346 346 347 347 347 348
304 304 305 306 306 307 308 308 309 309 310 310 311 312 312 313 313 314 314 315 316 316 317 317 318 318 319 319 320 320 321 321 322 322 323 323 324 324 325 325 326 326 327 327 328 328 328 329 329 330 330 331 331 332 332 332 333 333 334 334 335 335 335 336 336 337 337 337 338 338 339 339 339 340 340 340 341 341 342 342 342 343 343 343 344 344 344 345 345 345 346 346 346 347
303 303 304 305 305 306 307 307 308 308 309 309 310 311 311 312 312 313 313 314 315 315 316 316 317 317 318 318 319 319 320 320 321 321 322 322 323 323 324 324 325 325 326 326 327 327 328 328 328 329 329 330 330 331 331 332 332 332 333 333 334 334 334 335 335 336 336 337 337 337 338 338 338 339 339 340 340 340 341 341 341 342 342 343 343 343 344 344 344 345 345 345 346 346
302 302 303 304 304 305 306 306 307 307 308 309 309 310 310 311 311 312 312 313 314 314 315 315 316 316 317 317 318 318 319 319 320 320 321 321 322 322 323 323 324 324 325 325 326 326 327 327 328 328 328 329 329 330 330 331 331 332 332 332 333 333 334 334 334 335 335 336 336 336 337 337 338 338 338 339 339 340 340 340 341 341 341 342 342 342 343 343 344 344 344 345 345 345
301 301 302 303 303 304 305 305 306 306 307 308 308 309 309 310 310 311 312 312 313 313 314 314 315 315 316 316 317 317 318 318 319 319 320 320 321 321 322 322 323 323 324 324 325 325 326 326 327 327 328 328 328 329 329 330 330 331 331 332 332 332 333 333 334 334 334 335 335 336 336 336 337 337 338 338 338 339 339 339 340 340 341 341 341 342 342 342 343 343 343 344 344 344
300 300 301 302 302 303 303 304 305 305 306 306 307 308 308 309 309 310 311 311 312 312 313 313 314 314 315 315 316 316 317 318 318 319 319 320 320 321 321 322 322 323 323 323 324 324 325 325 326 326 327 327 328 328 328 329 329 330 330 331 331 331 332 332 333 333 334 334 334 335 335 336 336 336 337 337 337 338 338 339 339 339 340 340 340 341 341 342 342 342 343 343 343 344
299 299 300 301 301 302 302 303 304 304 305 305 306 307 307 308 308 309 310 310 311 311 312 312 313 313 314 314 315 316 316 317 317 318 318 319 319 320 320 321 321 322 322 323 323 323 324 324 325 325 326 326 327 327 328 328 328 329 329 330 330 331 331 331 332 332 333 333 333 334 334 335 335 335 336 336 337 337 337 338 338 339 339 339 340 340 340 341 341 341 342 342 342 343
298 298 299 299 300 301 301 302 303 303 304 304 305 306 306 307 307 308 309 309 310 310 311 311 312 312 313 313 314 315 315 316 316 317 317 318 318 319 319 320 320 321 321 322 322 323 323 323 324 324 325 325 326 326 327 327 328 328 328 329 329 330 330 331 331 331 332 332 333 333 333 334 334 335 335 335 336 336 337 337 337 338 338 338 339 339 339 340 340 341 341 341 342 342
296 297 298 298 299 300 300 301 302 302 303 303 304 305 305 306 306 307 307 308 309 309 310 310 311 311 312 313 313 314 314 315 315 316 316 317 317 318 318 319 319 320 320 321 321 322 322 323 323 323 324 324 325 325 326 326 327 327 328 328 328 329 329 330 330 331 331 331 332 332 333 333 333 334 334 335 335 335 336 336 336 337 337 338 338 338 339 339 339 340 340 340 341 341
