testData/tiles/uneven/grid40.0-20.0-50.0-40.0.asc
ncols   200
nrows   400
xllcorner   40.0
yllcorner   20.0
cellsize   0.05
NODATA_value   -9999.0
[rows 0 to 41 of 400, columns 96 to 191 of 200]
50 49 48 86 86 89 89 93 96 99 101 104 104 105 104 107 105 102 99 98 99 99 61 73 73 73 74 73 73 74 68 68 68 69 69 70 71 71 72 61 61 62 72 73 73 74 75 75 75 76 76 76 77 77 77 78 78 78 78 80 80 80 80 80 81 81 81 81 80 80 80 80 80 80 80 80 80 80 80 80 80 80 80 79 79 69 69 69 68 68 68 68 67 67 67 66
50 50 49 48 87 86 89 93 97 98 100 101 104 103 103 106 105 102 98 98 99 72 72 72 72 73 73 73 73 73 68 67 68 68 69 70 70 71 71 61 61 71 72 72 73 74 74 75 75 75 76 76 76 77 77 78 78 80 80 80 80 81 82 82 82 81 81 81 82 82 81 81 80 80 80 80 80 80 80 79 79 79 79 79 79 79 68 68 68 68 67 67 67 67 66 63
51 50 49 48 87 86 86 89 97 98 100 101 103 103 103 106 104 101 97 98 110 72 72 72 72 73 73 72 73 72 68 67 68 68 68 70 70 71 71 60 71 71 71 72 72 74 74 74 75 75 75 76 77 77 78 79 80 80 80 82 82 82 82 82 83 83 83 83 82 82 82 81 81 80 80 79 79 79 79 79 79 79 79 78 78 78 78 68 67 67 67 67 66 63 63 63
52 51 50 49 88 87 86 89 93 98 99 100 102 102 101 106 103 101 97 110 110 71 72 71 72 72 73 72 73 72 67 67 67 68 68 69 70 70 71 70 70 71 71 71 72 73 74 74 74 75 76 77 77 79 79 80 80 82 82 82 83 84 84 84 84 84 84 83 83 84 83 83 82 82 81 81 80 79 78 78 78 78 78 78 78 78 77 77 67 67 66 66 63 63 62 62
47 51 50 49 88 87 87 89 92 94 96 100 100 102 101 104 103 99 97 109 110 71 71 71 71 72 71 72 72 72 67 66 67 67 68 69 69 70 80 70 70 70 71 71 71 72 87 73 75 76 76 78 79 79 81 81 82 82 83 84 84 84 84 85 85 85 85 85 85 84 84 83 83 82 82 81 80 80 79 78 78 78 78 77 77 77 77 77 76 66 63 63 63 62 62 62
48 52 50 49 88 87 87 89 91 94 95 96 97 100 100 104 102 99 109 109 109 71 70 71 71 72 71 71 72 71 67 66 67 67 67 69 69 94 94 83 84 84 84 85 85 85 87 88 89 91 92 93 94 95 95 96 84 84 84 85 85 86 86 86 86 86 86 86 85 86 86 85 84 84 83 83 82 81 79 78 77 77 77 77 77 77 76 76 73 73 63 62 62 62 62 61
48 47 51 49 88 87 87 88 91 93 95 96 96 96 99 103 101 110 108 109 109 70 70 70 71 71 71 71 72 71 66 66 66 67 81 82 93 93 96 86 87 89 89 90 91 92 94 96 96 97 98 99 99 98 99 98 98 99 100 86 86 87 87 87 88 88 87 87 87 87 86 86 85 84 84 83 82 81 80 80 79 78 77 76 76 76 76 73 73 72 72 62 62 61 61 61
48 47 50 49 87 87 86 87 90 93 94 96 96 96 95 100 112 109 108 108 109 69 70 70 71 71 70 71 70 71 65 79 80 80 81 93 96 98 88 90 91 92 93 94 95 97 99 100 101 103 103 103 104 104 104 103 104 102 101 101 101 102 88 88 88 88 88 88 88 87 88 87 87 86 85 84 84 82 81 80 79 78 77 76 76 73 72 72 72 72 72 71 61 61 61 60
47 46 45 49 87 87 86 87 89 91 94 95 95 95 94 105 108 105 108 108 108 69 69 70 70 70 70 71 70 70 79 79 81 83 95 98 100 101 92 93 93 95 95 97 99 100 101 104 105 106 107 108 108 108 109 109 108 108 107 105 104 103 103 89 90 90 90 89 89 89 88 88 87 86 86 85 84 83 82 81 80 79 78 73 72 72 72 72 72 71 71 71 71 60 60 60
47 46 45 49 87 87 85 85 89 91 93 95 95 95 93 104 108 104 104 104 104 69 69 70 70 69 70 70 84 84 78 82 84 87 98 100 103 104 94 95 96 97 99 100 101 104 105 108 109 109 110 111 112 112 113 112 113 112 111 110 108 108 105 105 105 91 90 90 90 89 89 89 89 88 87 86 84 83 83 82 77 76 75 74 73 72 71 71 71 71 71 70 70 60 60 59
46 45 44 43 86 86 85 85 88 90 93 94 94 94 105 103 105 103 103 104 104 65 66 69 70 69 69 84 83 85 82 84 87 98 101 102 104 106 96 96 98 100 101 103 104 107 109 110 111 112 114 115 115 114 116 116 115 115 115 114 113 111 109 106 105 106 92 92 91 91 90 90 89 88 88 87 86 85 81 80 79 78 75 74 73 72 71 71 71 70 70 70 70 69 59 59
45 45 44 43 86 85 85 84 88 89 91 93 94 105 104 102 105 102 103 103 104 65 65 66 65 66 83 82 85 81 84 86 98 100 102 104 105 107 97 98 100 102 103 105 108 109 110 111 114 115 126 117 118 118 118 118 119 118 118 116 116 115 113 111 109 107 107 92 92 91 91 90 90 90 88 84 83 82 81 80 79 78 77 75 74 73 71 70 70 70 70 69 69 69 69 59
45 44 43 42 80 84 84 84 86 89 91 93 105 105 104 102 104 102 102 103 103 65 65 66 65 79 80 80 84 83 85 88 99 101 103 104 106 108 98 99 113 114 117 118 120 121 123 124 126 128 129 129 130 131 132 132 131 131 131 131 129 117 116 114 112 109 108 108 93 93 92 92 88 87 86 85 84 83 82 81 80 79 77 75 74 73 72 70 70 69 69 69 69 69 68 58
44 43 42 41 40 84 84 84 85 88 90 91 105 104 103 101 103 102 102 103 64 64 65 64 65 79 79 81 84 81 83 95 97 102 103 116 117 119 109 111 114 116 117 120 122 123 124 126 128 130 130 132 133 133 132 134 134 133 133 132 131 131 129 127 125 122 109 108 91 90 90 89 88 88 87 86 85 84 83 81 80 79 78 77 75 74 72 70 69 69 69 69 68 68 68 68
43 42 41 41 40 78 84 83 84 87 89 103 104 104 102 100 98 102 102 102 64 64 64 64 64 79 78 81 85 81 84 96 108 110 111 113 114 104 110 112 114 116 119 121 122 124 125 127 128 131 132 132 133 134 135 135 134 135 135 134 133 133 131 126 124 122 118 118 104 92 91 91 90 89 88 87 86 85 84 83 81 80 78 77 75 74 72 71 70 68 68 68 68 68 67 67
42 41 40 40 39 78 77 83 83 87 89 102 102 103 102 100 97 102 102 102 63 64 63 64 78 78 78 82 83 92 104 107 108 110 112 113 114 104 108 110 112 115 116 118 120 121 123 125 126 127 129 131 131 132 132 133 134 134 133 133 131 131 129 128 125 123 119 119 104 104 103 102 90 89 88 87 86 85 84 83 81 80 79 77 76 75 72 71 70 68 68 68 67 67 67 66
41 40 40 39 39 77 77 83 83 86 100 101 102 101 101 99 97 102 102 102 63 62 63 63 64 78 77 92 89 91 104 106 108 109 110 113 113 104 108 110 112 115 117 118 120 122 123 125 126 128 130 131 132 133 134 133 133 134 134 133 133 132 130 128 126 124 121 120 106 105 104 103 103 102 90 89 87 86 85 84 82 81 79 77 76 75 73 72 70 68 67 67 67 67 66 65
40 39 39 39 38 77 77 78 83 84 99 101 101 101 99 98 97 102 102 102 62 62 62 63 74 88 88 90 88 90 102 105 106 108 110 111 113 105 106 110 113 114 116 119 121 122 123 126 127 128 129 132 133 133 133 135 135 135 134 134 132 133 131 129 127 124 121 121 106 106 105 104 103 102 101 100 99 86 85 84 82 81 80 78 77 75 73 72 70 69 67 67 66 66 65 65
39 39 39 38 38 77 77 77 78 95 99 100 100 100 99 96 96 96 101 101 62 62 73 73 74 87 88 88 86 99 101 103 105 107 108 110 112 103 107 109 112 114 117 118 121 122 123 125 127 128 130 130 132 133 134 134 134 134 135 134 133 132 130 128 126 123 123 122 108 107 106 105 104 103 102 101 100 98 97 85 83 81 80 78 77 75 74 72 71 68 67 66 66 65 64 64
39 38 38 38 38 77 77 77 78 95 97 99 99 99 98 96 96 96 101 101 62 73 73 73 72 73 87 82 84 96 99 101 103 105 107 108 111 103 104 108 111 113 115 118 119 121 123 125 126 127 129 130 132 132 132 135 134 134 134 133 132 132 130 128 126 124 123 109 108 107 106 106 104 103 102 101 100 98 97 96 83 82 80 79 77 76 73 72 70 69 67 66 65 64 64 64
38 38 38 38 38 77 77 77 90 90 96 97 99 98 97 96 96 96 101 112 73 73 73 72 72 72 73 81 82 93 96 99 101 102 105 106 98 101 104 105 109 113 114 116 118 121 122 123 125 126 128 129 130 131 133 133 133 133 134 132 132 130 129 126 125 124 111 110 110 109 108 107 106 104 103 102 101 99 98 96 95 93 80 79 77 76 74 72 71 68 67 65 64 64 64 63
38 38 38 38 38 77 77 77 89 90 90 96 98 97 96 96 96 107 112 112 73 73 73 72 72 72 71 67 91 92 92 95 98 100 101 105 96 99 101 104 108 110 113 114 116 118 121 122 123 124 126 128 128 129 131 132 132 132 131 131 129 129 126 126 126 112 111 111 110 109 108 107 106 105 103 102 100 99 98 96 95 93 92 90 78 76 74 72 70 69 67 65 63 63 63 63
38 38 38 38 38 38 77 89 89 90 90 91 96 97 96 96 107 107 107 73 73 73 72 72 72 72 66 66 77 77 91 92 93 95 98 101 93 96 99 102 104 108 109 112 114 116 117 119 121 123 123 125 127 128 129 130 130 130 130 128 127 127 127 113 113 113 112 112 111 110 109 108 107 105 104 103 101 100 98 97 94 93 91 90 88 76 74 73 71 68 66 64 63 63 63 62
38 38 38 38 38 38 77 89 89 89 90 90 90 95 107 107 107 107 107 73 73 72 72 72 72 71 66 66 76 77 77 91 92 92 92 97 89 92 95 98 101 104 107 109 111 112 115 116 118 120 122 124 124 124 125 126 127 127 126 127 128 127 115 115 115 114 114 113 112 111 109 108 107 105 104 103 101 100 98 96 95 93 92 90 89 86 85 72 70 68 66 65 62 62 62 62
43 38 38 38 38 38 77 89 89 89 90 90 90 101 106 106 107 107 107 72 72 72 72 72 72 66 66 66 76 76 77 77 77 78 92 83 85 87 91 93 97 100 102 106 107 109 110 113 116 117 118 119 121 122 123 122 123 126 127 114 115 116 116 115 115 115 114 113 113 112 110 109 108 106 105 103 102 100 99 96 94 93 91 90 88 87 85 83 70 67 65 64 62 62 62 61
43 43 38 38 38 38 89 89 89 89 89 90 101 101 106 106 106 106 106 67 72 72 72 72 71 66 66 66 76 76 76 77 77 77 79 69 71 86 89 91 92 95 96 99 101 103 105 107 109 111 113 116 117 119 120 123 110 112 114 115 115 116 118 118 117 116 115 114 113 112 110 109 107 106 104 103 101 100 98 96 95 93 92 90 88 86 84 82 80 67 66 64 62 61 61 61
43 43 38 38 38 38 89 89 89 89 89 100 101 101 101 106 106 106 106 67 72 72 72 71 66 66 66 66 76 76 76 76 76 77 78 68 71 73 74 77 78 80 82 85 87 89 91 94 95 98 100 101 104 105 107 108 110 112 114 116 118 119 118 119 118 117 116 114 114 113 111 109 108 106 105 103 102 100 98 96 94 93 91 89 88 86 83 82 80 78 65 63 62 61 61 60
43 43 43 38 38 38 89 89 89 89 100 100 100 101 101 101 106 106 106 67 72 72 71 71 66 66 66 66 76 76 76 76 76 76 78 68 70 73 74 76 78 80 82 84 86 89 91 93 96 98 100 102 104 106 107 110 112 113 115 115 118 120 122 120 120 118 117 115 114 112 111 109 107 106 104 103 101 99 98 96 94 93 91 90 87 84 83 81 79 78 76 63 61 60 60 60
32 43 43 43 38 50 50 89 89 100 100 100 100 100 101 101 101 106 67 67 67 71 71 66 66 66 66 66 76 76 76 76 76 76 66 69 70 72 73 76 78 79 81 84 85 89 91 93 96 97 99 102 104 106 108 109 112 114 116 118 118 120 121 122 121 120 117 115 113 113 111 109 108 106 104 103 101 99 97 95 94 92 89 88 86 84 83 81 79 77 75 74 61 60 60 59
32 43 43 43 38 50 50 89 100 100 100 100 100 100 100 100 101 101 67 66 66 71 71 66 66 66 66 76 76 76 76 76 76 76 66 68 69 72 74 75 77 79 81 83 84 89 91 93 95 98 100 102 103 106 109 111 113 115 115 117 119 119 122 124 121 120 118 116 114 112 110 108 107 105 103 102 100 99 97 95 93 91 89 88 86 83 82 80 79 77 75 74 71 59 59 59
32 43 43 43 43 50 50 100 100 100 100 100 100 100 100 100 100 100 61 66 66 66 66 66 66 66 66 66 76 76 76 76 76 76 66 68 69 71 72 75 77 78 81 83 85 87 90 93 95 97 99 126 105 107 109 110 112 114 116 117 118 120 120 121 119 118 116 114 112 112 110 108 107 105 103 102 98 96 95 93 92 90 88 87 85 83 82 80 78 76 74 73 71 70 59 58
32 32 43 43 43 50 61 100 100 100 100 100 100 100 100 100 100 100 61 61 61 66 66 66 66 66 66 66 76 76 76 76 76 65 66 67 69 71 72 74 77 78 105 107 110 112 114 117 119 122 124 128 129 131 133 136 138 139 141 142 143 119 119 120 120 118 116 113 112 110 109 107 104 103 101 100 98 96 95 93 91 90 88 87 84 82 81 79 77 76 74 72 70 69 69 58
32 32 43 43 43 66 61 100 100 100 100 100 100 100 100 100 100 100 61 61 61 56 66 66 66 66 66 66 76 76 76 76 76 65 66 67 69 71 97 99 100 102 105 106 109 111 113 116 118 121 124 126 129 131 133 135 137 139 140 141 142 143 142 143 142 116 115 112 110 109 107 105 104 101 100 98 97 95 93 92 90 89 87 85 84 82 80 79 77 75 73 71 70 69 69 68
32 32 43 43 66 66 61 61 100 100 100 100 100 100 100 100 100 61 61 61 56 56 56 66 66 66 66 66 77 76 76 76 76 65 66 92 94 95 97 99 100 102 103 105 109 110 113 114 116 122 123 126 127 131 132 136 136 138 138 139 139 140 140 141 141 139 138 136 110 109 106 105 103 102 99 98 96 95 93 91 90 88 87 85 82 81 79 78 76 74 73 71 69 68 68 68
32 32 32 54 66 66 66 61 100 100 100 100 100 100 100 100 100 61 61 56 56 56 56 62 67 67 67 67 77 77 77 77 91 91 90 92 93 95 97 98 100 102 103 105 107 109 112 114 117 119 122 124 128 130 132 133 134 136 138 139 139 140 139 139 139 137 136 134 133 132 130 103 102 100 99 96 95 93 92 90 88 87 85 84 82 81 79 77 76 73 71 70 68 68 68 66
32 32 43 54 66 66 66 61 100 100 100 100 100 100 100 100 100 61 61 56 56 57 57 57 62 67 67 67 77 77 102 102 91 91 91 93 93 95 96 98 100 101 103 104 107 108 111 112 115 119 120 125 126 127 130 132 134 135 136 137 137 137 137 137 138 136 136 133 132 131 129 128 126 99 98 96 94 93 91 89 88 86 85 82 81 79 78 76 74 73 71 70 67 67 66 66
32 32 43 54 66 66 66 61 61 100 100 100 100 100 100 100 61 61 56 57 57 57 57 57 62 62 62 67 102 102 102 102 91 91 91 92 94 95 96 98 99 101 102 104 106 108 109 113 114 117 118 121 125 126 128 130 131 132 133 134 135 136 135 135 134 134 133 131 129 128 127 126 124 122 121 95 92 91 89 88 86 85 83 82 80 79 77 76 73 71 70 68 67 66 66 65
32 43 43 43 66 66 66 66 61 100 100 100 100 100 100 100 61 56 57 57 57 57 57 57 57 62 62 87 102 102 102 91 91 91 91 92 93 95 96 97 99 100 102 109 105 107 109 112 114 115 118 120 121 125 127 129 130 131 131 133 133 133 133 133 132 132 130 130 129 127 126 125 124 122 120 119 91 90 89 87 86 84 83 80 79 77 76 74 72 71 69 68 65 65 65 65
68 43 43 43 66 66 66 66 61 100 100 100 100 100 100 100 56 57 57 57 57 57 57 57 57 87 87 87 87 97 102 91 91 91 91 91 93 94 96 97 104 106 107 109 110 113 115 110 113 114 117 119 120 122 124 126 127 129 130 131 131 131 132 131 131 130 128 127 127 126 124 123 122 119 118 117 116 113 87 85 84 83 81 80 78 77 75 73 71 69 67 65 65 65 65 65
68 68 68 68 55 66 66 66 66 61 100 100 100 100 100 56 57 57 57 57 57 57 57 57 82 82 87 87 87 97 86 91 91 91 91 91 92 94 95 103 104 105 106 108 109 111 114 116 112 114 116 117 119 121 122 124 126 127 128 128 128 129 129 128 128 128 127 126 125 124 122 122 120 119 117 116 115 112 111 85 83 82 79 78 76 75 73 72 70 68 66 65 65 65 65 65
68 68 68 68 80 91 91 66 66 61 100 100 100 100 100 57 57 57 57 57 57 57 82 82 82 82 82 87 87 97 86 86 86 91 91 91 92 93 101 102 104 105 106 107 109 110 113 115 116 113 115 116 118 119 120 121 123 124 126 126 128 128 127 126 126 125 125 123 123 122 121 119 118 117 115 114 113 110 109 108 106 80 79 77 76 74 73 70 69 67 66 65 65 65 65 65
68 68 68 68 80 80 91 91 91 61 61 100 100 100 56 57 57 57 57 57 57 82 82 82 82 82 82 87 87 76 86 86 86 86 86 91 91 99 100 102 103 104 105 106 108 109 111 114 115 117 113 115 117 118 119 121 122 123 123 125 125 126 126 126 124 124 123 123 121 121 120 118 117 116 114 113 112 109 108 107 105 104 78 76 75 72 71 70 68 67 65 65 65 65 65 65
