testData/tiles/unevenCosts/grid20.0-0.0-40.0-20.0.asc
ncols   400
nrows   400
xllcorner   20.0
yllcorner   0.0
cellsize   0.05
NODATA_value   -9999.0
[rows 172 to 214 of 400, columns 288 to 383 of 400]
166 167 168 167 168 169 169 169 169 170 169 169 169 169 168 168 167 165 164 163 162 162 162 162 206 204 203 200 198 195 192 190 186 182 180 181 163 163 163 162 161 160 160 163 162 152 152 151 151 152 152 104 104 104 104 104 104 104 127 127 127 127 127 170 170 170 170 170 178 178 178 178 177 177 177 176 144 144 144 143 142 142 141 141 140 140 158 164 166 167 162 158 151 130 129 128
166 167 167 167 169 169 168 169 169 169 169 169 169 168 167 167 165 164 164 163 162 162 209 207 206 204 201 199 197 195 192 189 186 181 180 179 164 163 162 162 161 160 159 159 161 152 151 151 151 152 152 153 153 104 104 104 104 103 127 127 127 127 169 170 170 170 170 178 178 178 178 178 177 177 176 176 175 144 143 143 142 142 141 140 140 151 158 163 167 167 165 158 151 130 129 127
165 165 167 167 168 167 168 168 168 168 169 167 168 168 166 166 166 165 164 163 162 210 209 207 205 204 201 199 197 194 191 188 185 180 179 179 162 162 162 161 161 159 159 158 162 151 151 152 151 152 152 153 153 153 104 104 103 103 127 127 127 127 169 170 170 170 170 179 178 178 179 178 178 178 176 176 175 143 143 143 142 141 141 140 139 139 158 163 165 165 163 159 150 129 128 127
166 166 166 167 167 167 167 168 168 168 167 167 168 166 165 165 166 164 163 162 162 209 208 206 204 203 201 199 197 194 190 187 183 181 179 180 164 163 162 163 161 160 158 158 161 151 151 152 152 152 152 153 153 153 103 103 103 103 127 127 127 127 170 171 171 170 170 179 178 178 179 178 178 177 177 176 176 143 143 142 142 141 140 140 139 138 158 163 165 165 163 159 150 129 128 127
166 166 166 166 167 167 167 167 168 167 167 167 165 165 167 165 165 164 163 162 211 209 207 206 204 202 200 198 195 193 190 186 182 180 181 179 163 164 161 161 161 160 158 157 161 151 152 152 152 152 152 153 152 152 103 103 103 103 104 126 127 127 170 171 170 170 179 179 179 179 178 178 178 177 177 176 176 143 144 142 141 141 140 140 139 138 156 163 165 165 163 159 151 129 128 126
165 166 166 166 166 166 167 167 167 166 166 166 165 166 165 164 163 163 162 161 159 209 207 205 204 202 200 197 194 191 189 185 182 178 178 179 163 162 162 161 159 158 156 156 159 152 151 151 151 151 151 152 152 152 103 103 103 103 103 127 127 170 170 170 170 170 178 179 180 181 179 179 177 177 176 176 175 175 143 143 141 141 140 139 139 138 156 161 164 164 163 158 150 130 127 126
165 166 166 166 165 165 166 165 165 165 165 166 165 165 165 164 162 162 160 161 159 207 206 204 203 201 199 197 193 191 187 185 180 178 177 175 159 160 159 158 158 157 156 156 159 152 151 151 151 151 151 152 152 152 103 103 102 102 104 104 127 170 170 170 171 171 179 181 182 182 181 180 178 178 177 176 175 175 143 143 142 140 140 139 138 138 155 161 163 163 161 157 149 130 127 125
166 165 166 166 165 165 164 165 164 165 165 165 164 164 163 162 162 161 160 158 157 156 206 204 201 200 197 195 193 189 186 183 179 177 177 176 158 158 159 157 157 157 156 156 161 152 151 151 151 151 151 152 152 102 103 102 102 103 104 104 127 169 170 170 171 171 180 182 182 183 182 181 179 177 177 176 176 174 143 142 142 141 139 139 138 138 153 160 163 163 161 156 148 130 128 125
165 164 165 164 164 164 164 164 163 164 164 163 163 163 161 162 162 160 159 157 156 155 155 154 202 198 197 193 191 188 185 182 177 176 176 159 158 157 157 156 155 156 156 156 161 152 151 151 151 152 151 102 101 101 101 102 103 103 103 103 126 170 170 170 170 179 181 182 183 183 182 182 179 177 177 176 176 175 142 142 141 141 140 138 138 138 152 158 161 161 159 154 146 129 128 125
164 164 165 164 164 163 164 162 162 163 164 162 162 162 161 160 160 159 157 158 156 156 154 152 150 148 195 193 190 187 183 180 177 176 175 158 157 157 157 155 155 155 155 156 160 151 150 150 150 101 100 100 101 101 101 103 103 103 102 103 104 170 169 169 170 180 182 184 185 184 184 183 181 178 176 176 175 175 143 142 141 140 140 139 138 138 151 158 160 160 158 154 145 129 127 126
163 163 163 163 163 162 163 162 162 162 161 161 162 161 160 158 158 157 157 156 155 153 153 150 148 147 143 141 139 185 182 179 176 174 174 157 156 156 156 155 155 155 155 156 160 151 100 100 100 101 100 100 101 101 102 103 102 102 102 104 104 169 169 169 171 181 183 185 185 185 185 183 182 179 177 175 175 174 143 142 141 140 139 139 138 138 148 155 158 158 156 151 142 128 127 125
163 163 163 163 162 162 162 162 160 161 161 161 160 159 158 158 158 156 155 154 152 151 151 150 148 145 143 139 137 134 131 127 125 124 123 106 105 105 105 104 105 105 105 106 110 101 100 100 100 101 100 100 101 101 101 102 102 102 103 104 104 146 169 170 170 181 184 185 185 186 184 184 182 179 177 176 175 174 142 142 141 140 139 138 138 138 147 154 157 157 155 150 141 128 127 135
161 161 162 162 161 161 161 161 160 161 159 159 159 158 157 157 156 155 154 153 152 151 149 148 146 143 140 139 136 132 130 126 123 122 121 106 105 105 105 104 104 104 106 105 109 100 100 99 99 99 99 99 100 101 101 102 102 103 102 103 146 146 170 169 169 182 184 185 186 186 185 184 182 180 176 176 175 174 173 141 141 140 138 138 138 138 146 152 155 155 153 150 150 137 136 134
160 160 161 161 161 160 161 160 159 159 159 158 156 158 157 155 155 154 153 151 150 149 147 145 143 142 139 136 135 131 127 124 123 122 105 105 104 105 105 104 104 104 106 105 105 100 99 99 99 98 99 99 100 101 101 102 102 102 102 102 146 146 146 169 179 182 185 187 187 187 187 185 183 180 177 175 175 174 173 141 140 140 138 138 138 138 138 150 153 164 161 156 138 136 135 102
159 159 158 159 159 159 160 159 159 158 157 157 156 156 156 155 153 153 151 150 148 147 145 144 141 140 139 136 132 130 127 124 122 121 105 104 104 104 104 103 104 104 105 105 105 100 99 99 99 98 99 99 99 100 100 100 102 102 102 101 146 146 146 169 178 184 186 186 187 188 186 185 183 181 176 175 174 174 173 141 140 139 138 138 138 138 138 156 160 161 158 152 137 136 134 102
158 159 158 159 158 158 158 159 157 157 157 156 155 154 154 153 153 151 151 149 148 146 145 142 141 139 137 134 131 128 125 123 122 121 104 103 104 104 104 103 103 103 104 104 104 99 98 98 98 97 98 98 99 100 100 100 102 101 101 101 146 146 145 145 180 183 185 187 188 187 187 185 183 180 178 174 174 173 173 140 139 139 138 138 138 145 144 154 158 159 156 150 136 135 133 101
157 156 157 157 157 157 156 157 156 156 156 155 154 154 153 152 150 149 148 148 146 145 143 142 140 137 134 132 130 128 124 122 121 105 104 103 103 103 103 103 103 103 104 104 104 98 98 98 98 97 98 98 99 100 100 99 101 101 101 102 145 145 145 146 180 183 186 187 188 189 187 186 183 181 177 175 173 173 172 137 139 138 138 146 145 144 143 153 155 156 153 149 136 134 102 100
155 155 155 156 157 156 156 155 155 154 153 155 153 152 152 151 150 148 147 145 145 143 142 139 138 136 133 131 128 126 123 122 121 104 102 103 103 103 102 102 102 102 104 104 104 98 98 98 98 97 97 97 98 99 99 99 100 101 100 101 144 145 145 145 157 183 184 188 189 188 188 186 183 180 177 173 173 172 172 137 138 138 147 145 144 143 143 141 152 153 149 136 135 133 101 99
153 154 154 154 154 154 154 154 154 154 152 151 152 152 150 149 148 148 146 145 143 141 140 139 136 135 132 129 127 123 121 121 121 103 102 102 102 102 102 102 102 102 103 103 103 93 97 97 96 96 96 97 98 98 99 99 99 100 100 101 144 144 144 145 158 160 186 188 188 189 187 186 184 181 177 173 172 172 171 137 148 147 146 145 144 143 142 140 151 150 149 135 134 101 100 98
151 152 152 152 153 152 152 151 153 152 152 151 150 150 149 148 147 145 145 143 142 140 139 136 136 133 131 128 125 121 121 120 119 102 102 102 102 101 101 101 101 103 103 103 102 93 97 97 96 96 96 97 97 97 98 99 99 100 100 100 143 143 145 145 157 160 185 187 189 189 188 186 184 180 177 172 172 171 171 137 135 147 146 145 143 142 141 139 138 137 136 135 133 101 99 97
148 151 150 150 150 152 152 151 149 150 149 150 149 148 147 146 145 144 143 142 139 139 137 136 132 131 129 126 124 121 120 119 102 101 101 101 100 101 101 101 100 100 102 102 92 92 96 96 95 95 95 95 97 97 98 98 98 98 99 100 143 142 143 145 157 159 163 187 188 188 187 186 184 180 176 173 171 171 180 136 135 146 145 143 142 142 141 139 137 136 135 134 101 100 98 97
147 148 148 149 149 150 149 150 149 148 148 147 146 147 145 145 144 142 141 139 139 137 135 133 132 129 126 124 122 120 119 118 101 100 101 100 100 100 100 100 100 100 102 102 92 92 92 95 95 95 95 95 97 96 96 97 98 98 99 99 142 142 142 144 157 160 161 163 187 188 187 185 183 180 177 173 180 179 178 135 134 133 144 143 142 141 140 138 137 135 134 102 100 98 97 97
144 146 147 147 147 147 148 147 147 146 146 147 145 144 143 142 143 142 140 138 136 135 134 132 130 127 125 122 120 118 118 101 101 100 99 99 99 100 100 99 99 99 101 100 91 91 91 94 94 94 94 94 96 96 96 97 97 97 98 99 142 141 141 144 157 159 161 162 187 188 187 185 182 180 177 182 179 178 178 134 132 133 144 142 141 140 139 137 136 135 133 101 99 97 97 97
143 144 143 146 145 145 144 146 145 144 144 143 144 143 142 141 139 138 138 137 136 133 132 130 129 126 122 120 118 117 117 100 100 98 99 99 99 99 98 98 98 99 100 100 91 91 90 94 94 94 94 94 94 95 95 96 97 97 97 97 141 141 141 142 156 159 160 162 163 185 186 184 182 180 186 181 178 178 177 132 132 131 142 141 140 139 138 136 135 134 101 100 98 97 97 97
141 140 142 143 143 143 143 142 143 143 142 142 141 141 140 139 138 136 135 134 133 132 129 127 125 122 120 118 117 117 116 99 98 98 98 98 98 98 98 98 98 98 99 99 90 90 89 93 93 93 93 93 93 95 95 95 96 96 96 97 141 140 140 142 155 158 161 161 162 161 184 184 182 189 185 180 178 177 176 132 131 130 129 139 138 138 136 135 134 133 100 98 97 97 96 96
139 139 139 139 141 141 140 141 141 141 140 140 139 138 138 137 137 136 134 133 130 129 128 126 123 121 118 116 116 116 98 98 97 97 97 98 97 97 97 97 97 96 99 90 90 89 89 89 93 93 93 92 92 94 94 94 95 96 95 95 139 140 139 150 154 157 160 161 161 161 160 182 191 188 184 180 177 176 175 131 130 129 127 139 138 136 134 133 132 99 98 96 96 96 96 96
138 137 136 137 138 138 139 139 139 139 139 137 137 136 136 135 133 133 132 131 130 127 126 123 122 119 116 116 114 113 97 97 96 97 97 96 96 96 97 97 96 96 98 89 88 88 88 88 92 92 92 92 92 93 94 93 93 95 95 95 138 138 139 140 153 157 158 159 160 160 159 190 189 187 184 179 176 175 174 130 129 128 127 126 137 136 133 132 100 98 96 96 96 96 96 82
136 136 135 135 135 136 136 136 137 136 136 137 135 134 133 132 132 130 129 127 126 125 123 120 119 119 153 114 114 97 96 95 96 96 95 95 96 96 96 95 95 95 95 88 87 87 87 87 87 91 91 91 91 91 93 93 93 93 94 94 137 137 137 140 153 155 158 158 159 159 159 167 188 186 183 178 175 174 173 129 128 127 126 125 124 133 132 131 98 97 96 96 96 97 97 82
135 134 134 133 133 133 134 134 134 134 134 133 132 132 132 131 130 128 127 126 124 122 120 120 155 153 152 151 151 96 95 95 94 94 95 95 95 95 94 94 95 95 86 87 87 87 87 87 87 91 91 91 91 90 91 92 92 92 93 136 136 136 136 138 152 154 156 158 158 159 167 166 164 185 181 176 174 173 172 128 127 126 125 124 123 132 131 99 97 96 96 97 97 97 82 82
134 133 131 132 130 131 131 130 132 132 131 131 131 129 128 128 128 127 125 123 122 120 119 155 152 152 151 151 134 133 93 93 93 94 94 94 94 93 94 94 94 94 84 86 86 86 86 86 86 90 90 90 90 90 90 91 91 91 92 92 135 135 136 137 150 153 155 157 157 167 167 165 163 160 179 175 173 172 171 126 126 125 124 123 120 119 99 100 97 97 97 97 98 82 82 82
132 131 131 129 130 128 127 129 128 127 130 129 128 127 126 125 124 123 122 121 120 117 117 153 151 151 154 148 132 132 92 92 93 93 93 92 93 93 93 93 93 92 83 83 85 85 85 85 85 85 89 89 89 89 89 89 91 90 90 91 134 134 134 137 149 152 154 154 166 165 165 163 162 159 155 174 171 171 169 126 125 124 123 120 119 90 90 99 100 100 98 98 82 82 82 82
131 129 129 127 127 126 126 125 125 126 125 125 125 124 123 122 122 121 119 117 117 114 151 148 148 153 168 136 131 130 91 92 92 92 91 92 92 92 92 92 91 83 83 83 85 85 85 85 85 85 89 89 88 88 88 88 89 90 89 90 133 133 133 135 149 151 153 153 164 164 164 162 161 158 154 150 170 168 167 124 123 122 120 120 121 90 90 102 101 102 101 82 82 83 83 82
129 129 127 127 125 125 123 122 123 123 122 122 122 121 122 121 119 118 117 115 114 111 110 147 147 146 135 130 130 129 90 90 90 90 91 91 91 91 90 91 91 82 82 82 82 84 84 84 84 84 84 88 88 88 87 87 87 88 89 88 132 132 131 133 148 149 152 162 163 162 163 161 160 156 153 148 145 167 166 122 121 120 119 121 90 90 90 92 103 104 103 85 83 83 82 82
128 127 112 125 123 123 121 121 120 119 120 120 119 119 118 117 116 116 114 112 112 109 107 146 146 146 129 128 127 127 89 89 89 90 90 90 90 89 90 90 81 81 81 81 81 83 83 83 83 83 83 87 87 87 87 86 86 86 87 88 130 131 131 132 144 147 159 161 161 162 160 159 157 154 150 147 144 143 165 121 119 118 117 89 90 91 92 93 93 105 88 86 83 84 82 83
127 125 112 112 123 121 121 119 117 116 117 117 117 116 115 115 113 112 111 109 107 104 105 105 143 127 126 127 126 87 88 88 88 89 89 88 88 89 89 89 80 80 80 80 80 80 82 82 82 82 82 82 86 86 86 86 85 85 86 86 129 129 130 130 143 146 158 160 160 160 159 157 156 153 149 145 143 142 141 119 118 117 88 89 90 92 92 93 93 80 88 88 86 82 82 82
125 125 123 112 112 119 119 117 116 115 113 113 113 112 113 112 109 109 107 106 105 103 103 103 87 87 86 86 86 86 87 87 87 87 87 87 88 88 88 88 79 79 79 79 80 80 80 82 82 81 81 81 85 85 85 85 85 84 84 85 127 127 129 129 142 155 156 158 158 159 157 155 154 151 148 143 141 140 139 94 116 86 88 90 92 93 94 94 80 80 90 89 86 82 83 83
170 135 133 116 112 112 117 116 114 113 112 110 109 109 108 108 107 106 104 103 102 101 102 101 85 85 84 85 85 85 85 85 86 86 86 86 87 87 87 78 78 78 78 79 79 79 79 81 81 81 80 80 80 84 84 84 84 83 83 83 127 126 126 127 139 153 155 156 157 156 156 154 153 149 144 141 139 138 137 93 71 86 89 92 93 94 95 80 80 80 80 91 87 86 83 84
170 169 131 114 112 112 110 107 113 112 110 108 107 105 105 104 103 102 100 98 99 100 100 83 83 82 82 83 83 83 84 84 85 85 85 85 86 86 86 77 77 77 78 78 78 78 78 78 80 80 80 79 79 79 83 83 83 82 82 82 126 125 125 124 148 151 152 153 154 154 154 152 149 146 143 138 137 137 135 71 71 71 71 92 94 80 80 80 80 81 80 80 89 87 84 84
174 171 170 132 112 110 109 107 107 122 108 107 105 104 101 100 99 98 96 97 97 97 80 81 81 80 81 81 82 82 83 83 83 84 84 84 85 85 76 76 76 76 77 77 77 77 77 77 77 79 79 78 78 78 82 82 82 81 81 81 123 124 124 124 137 149 151 151 152 152 151 150 148 145 141 136 135 134 102 71 71 71 71 71 78 80 80 81 82 82 80 80 80 89 88 72
174 171 170 133 114 111 109 106 104 103 119 117 103 101 99 97 95 94 95 95 94 79 79 79 78 79 80 80 81 81 82 82 82 83 83 83 84 75 75 75 75 75 76 76 76 76 76 76 76 76 78 77 77 77 77 81 81 80 80 80 122 122 123 132 135 146 149 150 150 150 149 148 145 143 139 135 133 102 102 71 71 71 71 71 71 80 81 82 82 81 81 81 80 80 88 72
174 172 171 169 114 113 110 108 105 103 100 114 113 111 97 95 92 92 92 92 93 77 77 77 77 78 78 79 79 80 80 81 81 81 82 82 82 74 74 74 74 74 74 74 75 75 75 75 75 74 74 76 76 76 76 76 79 79 79 78 121 121 120 131 133 145 146 149 148 148 147 146 143 141 137 133 102 102 102 71 71 71 71 71 71 71 71 83 82 82 82 81 81 80 78 71
174 172 170 169 131 113 110 108 105 103 100 98 94 109 107 104 92 91 90 90 74 74 75 75 76 76 77 77 78 79 79 79 80 80 81 81 72 72 73 73 73 73 73 73 73 73 73 73 73 73 73 73 75 75 75 74 78 78 78 77 120 119 119 129 131 142 144 145 147 146 145 143 140 137 135 102 102 102 103 71 71 71 71 71 71 71 71 71 81 82 82 82 81 81 71 71
173 172 170 168 167 113 111 108 106 103 101 98 94 91 104 104 103 102 90 73 72 72 72 73 74 75 75 76 77 77 78 78 79 79 79 80 71 71 71 72 72 72 72 72 72 72 72 72 72 72 72 72 72 72 73 73 73 77 76 76 119 119 128 127 128 141 142 143 143 144 142 140 139 137 102 101 102 102 103 71 71 71 71 71 71 71 71 71 71 71 83 82 82 81 71 71
