testData/tiles/unevenCosts/grid20.0-20.0-40.0-40.0.asc
ncols   400
nrows   400
xllcorner   20.0
yllcorner   20.0
cellsize   0.05
NODATA_value   -9999.0
[rows 172 to 214 of 400, columns 288 to 383 of 400]
153 153 153 152 152 152 152 150 150 149 148 145 144 144 144 144 145 142 142 142 142 142 142 142 142 142 142 142 142 142 142 142 142 142 142 142 142 151 170 132 132 132 132 132 134 140 141 144 147 154 157 160 161 164 184 187 190 191 194 196 198 200 201 203 206 208 210 210 211 209 209 209 208 206 199 197 196 193 191 190 187 185 183 181 180 177 172 166 163 161 159 157 154 152 162 156
152 153 153 153 152 152 151 150 149 148 147 145 144 144 144 144 145 142 142 142 142 142 142 142 142 142 142 142 142 142 142 142 142 142 142 148 149 151 170 132 132 132 132 134 136 139 142 144 147 154 156 159 162 164 184 186 189 191 193 195 197 199 201 203 205 207 209 209 209 208 209 208 207 205 198 196 195 192 191 189 188 186 183 181 180 177 176 169 167 162 159 156 154 152 150 150
152 152 153 153 152 151 151 151 149 148 147 145 144 144 144 144 142 142 142 142 142 142 142 142 142 142 142 142 142 142 142 142 142 142 148 149 150 170 171 132 132 132 132 135 137 140 141 144 146 149 157 158 161 164 183 186 188 190 193 194 197 198 200 202 204 206 206 207 208 208 208 206 206 198 198 195 194 192 191 189 187 185 184 181 180 179 176 169 166 165 163 160 155 152 150 150
153 152 152 152 151 151 151 150 148 147 146 145 144 144 144 145 142 142 142 142 142 142 142 142 142 142 142 142 143 144 145 145 146 148 148 149 150 172 174 132 132 132 132 134 137 139 142 145 146 149 157 158 160 163 183 185 188 190 192 194 195 197 199 201 203 205 205 206 207 207 206 205 199 197 196 195 193 192 191 188 187 186 183 181 179 178 175 170 168 165 162 159 158 156 150 150
152 152 152 152 152 151 150 150 148 147 146 144 144 144 144 145 142 142 142 142 142 142 142 142 142 142 142 142 143 144 145 151 152 153 157 157 171 172 174 132 132 132 132 134 136 139 141 144 146 148 156 159 161 163 182 185 186 189 191 193 195 196 198 200 202 204 204 205 206 205 205 198 198 196 196 194 192 192 190 188 187 186 183 181 179 178 175 170 167 165 162 161 158 155 152 151
152 151 151 151 151 150 150 149 148 146 145 144 144 144 144 150 142 142 142 142 142 142 142 142 142 142 142 142 142 144 151 151 155 156 157 157 176 177 175 132 132 132 132 133 136 139 140 143 146 148 150 158 160 162 182 186 188 189 191 193 194 196 197 200 202 202 204 204 204 205 199 198 197 196 195 194 192 192 189 187 186 185 182 182 179 176 171 170 167 165 163 160 158 155 154 151
152 151 151 151 151 150 149 149 148 146 144 144 144 144 150 151 142 142 142 142 142 142 142 142 142 142 142 142 142 150 151 155 155 156 157 175 176 177 178 132 132 132 132 132 135 138 140 142 145 147 149 158 160 163 182 185 187 188 190 192 194 195 197 198 200 202 203 205 204 198 198 197 197 197 195 194 193 191 191 190 186 186 183 182 178 176 171 169 166 165 163 160 158 155 153 152
151 150 151 151 150 149 149 148 147 145 144 144 149 149 150 151 142 142 142 142 142 142 142 142 142 142 142 142 145 153 154 155 155 156 157 176 176 177 178 132 132 132 132 132 134 137 139 142 145 147 150 151 159 161 182 183 186 188 189 191 193 195 196 197 199 201 203 204 197 197 196 196 196 195 194 194 192 191 191 188 187 184 184 182 179 176 172 169 166 164 162 160 158 155 153 152
151 150 150 150 150 149 148 148 147 145 144 148 149 149 150 142 142 142 142 142 142 142 142 142 142 142 142 145 148 153 154 155 155 157 157 176 176 177 178 132 132 132 132 132 134 137 139 141 144 146 149 150 158 160 163 182 184 186 189 190 192 194 195 196 198 199 202 195 197 196 195 197 195 194 194 193 192 190 190 189 187 184 184 181 179 177 172 168 166 165 163 160 157 155 154 153
150 149 150 150 149 148 148 147 147 145 148 148 149 149 150 142 142 142 142 142 142 142 142 142 142 142 148 149 149 154 155 156 156 157 176 177 177 178 179 132 132 132 135 132 133 136 138 140 143 145 148 149 151 159 161 181 184 186 188 189 191 193 194 196 198 194 196 195 195 194 195 195 193 194 193 192 191 190 189 187 186 184 182 182 180 177 172 169 166 164 162 161 158 156 153 150
150 149 149 149 149 148 147 147 147 149 148 148 149 149 150 142 142 142 142 142 142 142 142 142 142 142 142 149 149 154 155 156 156 157 176 177 177 178 179 132 132 132 134 136 133 136 138 139 141 144 146 148 150 158 161 181 183 185 187 188 191 193 193 195 191 193 193 193 194 193 193 193 193 192 194 191 190 188 187 187 185 183 182 181 179 177 171 169 167 164 162 159 157 156 155 152
149 148 149 149 148 147 148 147 151 149 148 148 149 149 150 142 142 142 142 142 142 142 142 142 142 142 142 143 143 150 155 156 156 175 176 177 177 178 180 132 132 132 133 135 137 136 137 139 141 144 145 148 151 153 160 179 182 185 186 187 189 191 186 187 189 191 192 192 192 193 193 193 193 192 191 191 190 189 189 186 185 183 182 180 178 172 171 169 166 164 163 161 157 155 153 152
149 148 148 148 149 147 147 147 150 148 148 148 149 149 150 142 142 142 142 142 142 142 142 142 142 142 142 143 143 144 149 156 156 175 176 176 178 179 132 132 132 132 133 134 136 136 136 138 141 144 146 148 149 152 158 179 181 182 184 186 182 183 185 185 187 188 189 190 191 191 192 190 192 190 191 189 188 188 186 186 185 183 181 179 178 172 171 169 166 164 162 160 159 156 155 153
148 147 147 148 148 147 147 150 149 148 148 148 148 150 142 142 142 142 142 142 142 142 142 142 142 142 142 143 143 144 149 149 150 169 176 177 178 179 132 132 132 132 133 133 135 137 136 137 141 143 144 147 149 151 152 159 179 174 176 179 180 181 182 183 184 185 187 187 189 191 189 190 189 189 189 188 188 187 186 184 184 182 180 180 177 170 170 168 166 164 162 160 159 156 157 156
148 147 148 148 148 147 151 150 148 148 148 149 149 150 142 142 142 142 142 142 142 142 142 142 142 142 142 142 143 144 149 149 168 170 171 171 172 179 132 132 132 132 132 133 135 137 140 137 139 141 143 146 148 150 146 148 172 174 175 176 178 179 180 182 183 184 185 186 187 188 188 188 187 188 187 187 186 186 185 184 183 181 180 178 178 172 168 168 166 163 162 162 159 157 157 193
147 147 147 147 147 147 150 149 148 148 148 149 149 150 142 142 142 142 142 142 142 142 142 142 142 142 142 142 143 144 149 149 169 170 170 171 172 173 132 132 132 132 132 132 132 132 132 132 132 134 137 139 140 142 145 146 166 173 173 175 176 178 178 180 180 180 182 183 185 185 186 187 186 187 186 186 186 183 183 182 180 180 179 178 176 170 169 167 165 163 162 159 159 159 158 194
147 147 147 147 147 150 149 148 148 148 148 149 149 150 142 142 142 142 142 142 142 142 142 142 142 142 142 142 143 144 144 150 169 170 170 171 172 172 132 132 132 132 132 132 132 132 132 133 132 133 135 136 139 141 142 144 163 170 173 173 174 175 176 177 177 178 180 182 182 184 185 185 185 184 184 184 183 182 181 181 180 178 178 177 170 170 168 166 164 164 161 159 159 159 194 194
147 147 147 147 147 149 149 148 148 148 148 148 149 142 142 142 142 142 142 142 142 142 142 142 142 142 142 142 143 144 145 150 169 169 170 171 172 132 132 132 132 132 132 132 132 132 132 132 132 132 133 136 138 139 141 142 163 165 170 173 174 174 176 176 176 178 180 181 181 182 182 184 183 183 182 182 180 181 180 179 179 178 176 175 171 168 168 165 164 163 162 161 159 196 195 194
147 147 147 185 147 149 149 148 148 148 148 148 149 142 142 142 142 142 142 142 142 142 142 142 142 142 142 142 143 144 145 168 169 169 170 171 171 132 132 132 132 132 132 132 132 132 132 132 132 132 132 134 135 137 139 142 144 163 164 171 173 173 173 173 174 176 176 178 181 181 181 182 183 182 182 181 180 180 179 178 177 176 174 173 168 168 166 167 164 163 162 162 198 197 196 195
185 186 186 185 190 190 189 187 187 188 188 189 190 164 164 165 169 170 170 177 178 178 179 180 181 181 182 183 184 144 145 168 168 169 170 170 172 132 132 132 132 132 132 132 132 132 132 132 133 132 132 132 136 137 139 140 141 162 163 163 170 170 172 171 173 174 175 176 178 178 179 179 180 179 180 179 179 179 178 176 176 174 175 173 168 166 166 164 164 164 163 163 199 198 198 196
185 185 186 185 189 189 187 187 187 188 188 189 164 164 164 165 169 169 176 177 178 178 179 180 180 181 182 184 184 185 186 204 209 210 210 212 162 162 162 132 132 132 132 132 132 132 132 132 132 132 132 132 133 135 136 139 141 159 160 162 162 170 170 170 172 172 172 174 174 176 177 178 178 179 178 179 178 177 175 176 174 174 171 168 167 167 165 164 164 164 164 200 200 199 198 198
185 185 185 185 188 188 187 187 187 187 188 189 164 164 164 168 168 175 176 177 177 178 179 180 180 181 183 183 184 185 185 204 209 210 211 212 162 162 163 164 164 165 167 167 168 170 132 132 132 132 132 132 132 132 135 136 138 138 158 160 161 162 167 168 170 172 171 172 173 174 174 175 177 176 177 176 176 174 175 173 174 173 173 167 166 165 165 165 164 164 200 199 199 199 198 196
187 185 185 185 188 187 187 187 187 187 188 189 164 164 164 168 168 175 176 176 177 178 179 179 180 183 183 184 184 185 185 204 209 210 211 212 162 162 163 163 164 166 166 167 169 169 171 171 173 169 169 132 132 133 133 134 135 138 156 158 158 159 160 163 168 169 169 169 171 171 172 173 173 174 173 174 173 173 172 172 172 173 172 167 166 165 166 165 165 164 201 201 199 199 199 198
187 186 186 186 191 187 187 187 187 187 188 164 164 164 167 167 174 175 176 176 177 178 178 179 181 182 183 184 185 185 203 204 205 210 211 162 162 162 162 163 165 165 166 168 168 170 170 172 173 169 169 170 171 171 174 134 135 135 155 155 157 158 158 160 160 166 167 167 168 169 171 171 171 172 173 172 173 172 172 172 172 169 166 166 166 166 166 166 165 202 201 201 201 200 198 198
191 191 189 189 193 191 191 192 192 190 191 164 165 169 169 169 176 177 177 178 178 178 179 180 182 182 183 184 184 185 203 204 205 210 210 162 162 162 162 164 164 165 167 167 169 169 171 172 172 169 169 170 170 172 172 173 173 176 177 155 155 155 156 157 159 159 165 165 166 167 167 169 169 169 170 171 171 172 170 170 170 170 166 167 167 166 166 166 202 202 202 201 201 201 200 199
194 193 192 195 195 195 195 195 195 196 195 166 167 171 171 178 179 178 179 180 181 180 181 184 184 184 186 185 185 186 202 204 205 209 162 162 162 162 163 163 164 166 167 168 168 171 171 171 173 169 169 169 171 171 172 172 174 174 174 193 195 195 156 156 158 158 159 160 165 164 166 168 168 170 170 169 170 170 171 170 170 169 166 166 167 167 167 166 202 202 206 201 201 199 199 199
195 194 194 194 197 197 196 197 198 198 171 171 172 175 173 180 179 180 181 182 182 182 183 185 185 186 186 186 187 187 205 206 205 206 162 162 162 162 162 163 164 165 167 167 169 170 170 172 172 169 169 170 170 171 171 173 173 173 174 193 193 193 195 195 158 158 158 158 158 159 164 164 166 166 168 168 169 169 175 175 174 172 171 171 170 171 171 209 208 207 206 206 206 206 204 164
197 195 194 194 199 199 199 200 201 200 174 173 176 176 183 184 181 182 182 182 183 184 183 185 187 187 187 188 188 187 207 206 207 208 162 162 162 162 162 163 164 166 166 168 168 169 171 171 172 169 169 169 170 171 172 172 172 173 174 174 192 193 194 195 196 158 158 158 158 158 159 159 165 170 172 173 173 174 174 174 174 170 171 171 172 171 171 207 208 208 207 206 206 206 165 165
197 196 194 195 201 200 201 202 202 175 175 175 178 179 185 184 185 185 182 183 184 184 185 186 186 188 188 188 188 189 207 207 208 162 162 162 162 163 162 164 165 165 167 167 168 170 170 171 171 169 169 169 170 170 171 171 173 173 173 174 192 193 194 195 195 196 196 158 158 163 164 165 165 166 171 173 173 174 174 174 175 170 170 170 171 171 208 208 207 207 207 206 206 204 164 164
197 196 195 196 200 201 202 202 202 176 177 176 180 187 186 186 186 185 186 184 184 184 186 186 186 187 187 188 188 189 207 208 209 162 162 162 163 163 164 165 165 166 166 167 169 169 170 170 172 169 169 169 169 170 170 172 172 172 173 174 192 193 193 195 195 197 202 162 163 163 163 163 164 165 166 166 167 173 174 174 169 170 171 170 170 171 208 208 208 208 207 207 205 166 164 164
195 195 195 196 201 202 203 202 203 177 177 180 181 187 187 188 186 186 187 186 187 185 185 186 187 186 187 188 188 189 208 207 162 162 162 163 163 198 164 164 165 165 166 166 168 169 169 171 171 169 169 169 169 169 171 171 171 172 173 173 173 193 194 195 200 201 202 162 162 162 164 165 164 165 165 167 167 168 169 168 169 168 170 171 170 208 207 207 207 207 208 206 166 165 166 164
195 196 196 196 202 202 202 203 177 177 177 181 181 187 188 187 187 188 187 187 187 187 185 186 186 186 187 187 188 190 207 192 193 192 194 193 198 199 200 200 200 200 200 202 168 168 170 170 170 169 169 169 169 170 170 170 172 172 172 172 173 198 198 199 199 200 202 162 162 162 163 164 164 164 164 166 167 166 168 164 164 165 164 164 164 202 202 202 202 201 201 161 161 159 159 160
196 197 196 196 197 202 203 204 176 177 177 180 186 187 187 187 188 187 187 187 187 188 187 187 186 186 186 187 224 223 242 192 192 192 192 193 198 198 199 200 200 200 202 202 202 203 204 169 169 169 176 169 169 169 169 171 171 171 172 178 178 179 197 198 199 200 202 162 162 162 162 163 163 164 165 165 166 166 166 163 164 164 164 164 201 201 202 201 202 201 201 161 161 160 159 159
195 195 196 196 196 201 202 175 176 177 176 179 186 186 186 187 188 187 187 187 187 188 187 200 188 186 220 222 222 222 192 192 192 192 192 192 192 197 197 199 199 200 210 211 213 215 216 219 214 181 181 183 182 182 183 182 180 185 186 178 178 178 198 199 199 162 162 162 162 162 163 163 163 164 164 165 165 166 163 163 164 164 164 164 200 201 201 201 201 201 161 161 160 160 159 159
194 194 195 195 195 200 173 174 174 174 175 179 185 185 186 187 187 187 199 200 200 200 200 202 235 235 233 233 234 238 192 192 192 192 192 192 192 197 207 207 210 214 217 218 221 222 223 224 221 221 223 188 188 189 189 193 193 193 192 190 188 188 188 198 162 162 162 162 162 162 162 163 163 164 165 165 166 165 163 164 163 164 164 201 201 201 202 201 202 161 161 161 159 159 159 158
193 193 193 194 194 193 172 173 174 174 173 183 183 184 184 184 199 197 198 199 199 199 200 234 235 251 233 235 232 200 200 192 192 192 192 192 200 204 212 216 219 220 221 224 225 227 229 224 224 227 227 227 193 198 198 199 198 197 196 197 196 195 168 168 166 162 162 162 162 162 163 164 164 165 164 165 165 162 162 162 163 163 163 201 200 201 201 201 161 161 160 161 160 161 158 158
190 191 191 192 192 165 170 171 170 171 172 181 181 182 196 196 195 196 197 197 215 215 250 249 250 250 250 250 200 200 216 200 201 192 199 203 208 211 218 220 223 225 227 228 229 231 233 228 230 229 229 236 236 201 202 202 201 201 202 168 168 168 168 168 172 171 168 162 162 162 162 163 163 164 164 164 164 160 162 161 162 163 198 199 200 200 201 160 160 159 160 159 159 159 157 157
189 189 189 190 162 162 163 168 169 169 171 178 179 193 193 193 194 195 195 213 214 249 250 250 250 251 250 251 200 200 216 217 210 215 205 209 211 216 218 225 226 228 230 232 233 234 230 230 232 233 238 239 238 239 205 168 168 168 168 168 168 168 168 168 168 179 176 173 170 162 162 162 162 164 164 165 161 160 160 160 161 161 199 199 198 198 158 160 159 159 159 159 158 158 158 158
188 188 188 162 162 162 162 162 168 168 175 179 192 193 193 194 194 211 213 213 249 250 250 251 251 251 251 200 200 200 227 228 232 237 224 212 216 219 221 228 230 231 233 234 237 232 232 234 239 240 241 201 201 201 201 168 168 168 168 168 168 168 168 168 168 181 180 178 176 172 171 163 163 163 163 164 160 160 160 160 161 161 197 198 198 159 157 158 158 158 158 158 159 157 157 156
189 188 188 162 162 162 162 163 168 168 175 192 193 193 193 194 211 211 213 248 249 250 251 251 251 251 200 200 201 209 233 237 239 243 245 231 220 223 225 227 232 234 235 237 238 234 202 202 202 202 202 202 203 203 203 204 168 168 169 168 169 169 168 168 168 168 183 182 181 177 175 170 163 163 163 159 159 159 160 159 160 196 197 196 157 157 157 157 158 159 158 158 157 158 155 156
189 162 162 162 162 162 162 162 163 169 175 192 192 193 194 194 211 213 248 248 249 251 251 251 251 200 200 201 212 217 239 242 244 246 248 234 223 225 228 202 202 202 202 202 202 202 202 203 203 203 204 204 204 205 206 205 205 170 171 171 170 170 170 170 170 170 170 186 184 181 180 176 172 162 159 160 159 160 159 159 159 195 196 155 156 156 157 157 157 157 157 156 156 155 155 153
162 162 162 162 162 163 163 162 163 163 189 192 192 193 193 194 213 247 248 249 249 251 251 251 199 199 201 213 219 186 203 204 208 211 209 202 202 202 202 202 202 202 202 202 202 202 204 204 205 206 205 206 207 206 207 206 207 208 173 172 172 172 172 172 172 172 170 188 187 185 184 181 177 172 159 159 159 159 158 159 158 194 155 155 155 156 156 156 157 155 156 155 155 154 153 153
122 122 122 122 122 122 122 122 122 122 142 151 152 152 152 171 171 207 207 208 209 209 210 159 159 160 171 178 181 186 206 208 210 212 212 202 202 202 202 202 202 202 202 202 203 204 204 205 207 207 207 208 208 209 208 208 210 209 174 175 174 173 175 174 173 173 173 173 188 187 185 184 182 175 170 159 159 158 158 158 154 155 155 155 155 155 155 155 154 155 154 154 153 152 152 151
