testData/tiles/unevenCosts/grid40.0-20.0-50.0-40.0.asc
ncols   200
nrows   400
xllcorner   40.0
yllcorner   20.0
cellsize   0.05
NODATA_value   -9999.0
[rows 84 to 125 of 400, columns 0 to 95 of 200]
95 96 95 95 96 96 97 96 96 96 121 121 121 120 121 119 119 117 117 116 116 115 100 99 88 90 89 89 89 87 86 86 86 86 86 122 124 127 129 134 135 113 116 117 119 121 123 125 126 128 129 129 131 133 133 133 134 134 134 134 134 134 134 133 133 131 131 146 173 174 176 177 177 175 174 173 170 167 164 150 140 140 140 139 139 138 108 102 109 106 103 102 102 102 106 111
96 96 96 95 96 97 97 97 97 122 122 122 122 121 121 119 120 120 118 117 117 116 100 99 88 90 90 89 89 88 86 86 86 86 86 122 126 129 132 135 136 115 117 117 119 123 124 126 128 128 130 131 131 133 133 135 135 135 135 136 135 135 135 133 133 132 131 146 172 175 176 177 178 177 177 174 171 167 165 163 140 140 140 139 139 138 102 102 109 107 103 102 102 102 106 111
97 96 96 97 97 97 98 98 97 98 123 122 122 123 122 121 120 120 118 118 118 102 101 101 88 88 91 90 90 86 86 86 86 86 86 124 127 131 132 135 137 116 117 120 122 124 126 127 128 131 132 132 133 133 135 135 135 135 136 136 137 136 136 135 134 133 132 146 174 176 178 179 178 177 176 174 172 169 165 163 153 140 140 139 139 138 102 102 109 106 103 102 102 102 106 112
97 97 97 98 98 98 98 99 99 98 124 124 123 123 122 123 121 121 119 118 102 102 102 102 89 88 92 91 91 86 86 86 86 86 86 125 127 131 134 137 139 116 119 121 122 125 128 128 129 132 132 133 133 134 136 135 136 136 136 136 137 137 136 136 135 134 132 147 174 176 178 179 179 177 178 175 173 169 166 163 153 140 140 139 139 131 102 102 102 106 103 102 102 102 107 111
97 97 98 99 99 99 99 99 100 99 124 124 124 124 124 123 122 122 122 119 103 103 102 102 89 88 88 87 87 86 87 87 86 86 87 125 128 132 135 137 139 117 120 121 124 127 128 130 132 132 134 134 134 135 136 137 136 136 136 136 137 137 136 136 136 135 134 149 174 177 178 178 179 178 177 176 173 169 166 163 153 153 140 139 138 131 102 102 102 105 103 102 102 102 107 111
97 98 98 99 100 99 100 100 100 99 125 125 124 125 125 124 123 122 122 105 104 104 103 91 90 90 89 88 87 88 89 88 87 86 126 126 130 134 135 138 140 118 120 123 125 126 129 130 132 134 134 135 136 136 137 137 137 137 136 137 138 138 137 136 136 135 134 149 176 177 178 179 179 179 177 175 173 171 167 163 163 153 153 139 131 130 129 102 102 105 103 102 102 102 107 111
98 98 99 100 100 101 100 100 101 101 125 126 126 125 125 125 124 123 107 105 104 105 104 92 91 91 90 89 88 90 88 88 87 87 126 128 130 134 137 139 140 119 121 124 126 128 130 131 133 134 136 136 137 137 138 139 138 139 138 138 138 138 138 138 136 136 135 149 177 179 180 180 179 179 177 176 174 171 167 164 163 153 152 132 131 130 129 102 102 102 103 102 102 102 107 111
110 99 100 101 101 101 101 101 101 102 126 126 127 126 126 125 125 108 108 106 105 105 104 92 91 91 90 89 89 90 89 89 88 88 126 128 132 136 138 139 142 120 122 125 128 129 132 133 134 135 136 138 137 138 139 139 140 139 139 138 138 138 138 138 137 136 135 150 177 180 181 180 181 180 179 177 175 172 168 164 163 153 152 145 131 130 129 102 102 102 103 102 102 102 106 112
111 110 101 101 102 102 101 102 102 102 127 127 127 126 127 127 126 108 108 109 106 106 105 93 92 92 91 91 91 91 90 90 88 88 127 130 133 135 138 140 143 120 123 127 128 130 132 134 135 136 136 138 138 140 139 141 140 140 139 139 138 138 138 138 137 137 135 178 177 179 180 209 181 180 179 177 175 173 168 165 163 153 145 145 131 130 128 102 102 102 102 102 102 102 107 112
111 111 101 102 102 102 102 102 103 103 127 128 128 127 127 128 111 110 109 109 106 107 94 94 93 93 93 92 92 92 90 90 89 89 128 131 134 136 140 142 142 122 125 126 129 130 132 135 136 137 137 139 139 140 140 140 141 140 140 139 167 165 164 164 165 164 163 178 204 206 207 209 209 208 206 205 203 200 197 191 190 172 172 145 144 129 128 102 102 102 102 102 102 102 107 112
112 112 113 102 103 103 103 103 103 104 104 128 128 129 128 112 111 111 110 110 107 107 94 94 93 94 93 92 92 91 91 90 90 89 128 131 135 138 140 142 143 123 125 127 130 132 134 134 137 137 139 139 141 141 141 141 167 168 168 167 167 166 166 164 164 164 164 178 204 206 209 209 209 208 207 206 203 201 197 192 182 172 172 172 170 156 155 102 102 102 102 102 102 102 107 112
112 113 113 114 103 104 104 103 104 104 104 129 129 129 113 113 112 111 110 111 108 96 95 95 95 95 94 93 93 92 92 91 90 89 129 132 136 138 140 143 144 124 126 128 131 134 134 136 137 138 139 139 168 168 168 168 168 169 169 168 167 167 166 165 164 164 164 178 204 207 209 209 209 209 209 206 204 200 197 186 182 172 171 170 170 169 155 124 123 120 118 102 102 102 107 112
113 113 114 114 104 104 105 104 104 105 105 129 130 114 113 114 113 112 111 111 108 97 96 96 96 96 95 94 94 93 91 91 91 119 130 133 136 139 141 143 145 124 127 130 132 134 136 136 138 139 167 168 168 169 169 169 170 169 169 169 168 167 167 166 165 164 164 178 204 207 209 209 210 209 209 206 204 201 191 185 181 171 171 170 170 169 155 153 122 120 117 114 121 102 107 112
113 114 114 115 115 105 105 104 105 105 106 130 115 115 114 114 113 113 112 112 97 97 96 97 96 96 95 94 94 93 92 92 91 120 129 134 137 141 142 144 146 125 128 130 132 134 136 165 165 167 167 169 168 169 170 171 170 170 169 169 169 168 167 166 165 165 164 179 204 206 208 209 209 209 207 207 203 194 191 186 181 171 171 170 169 169 167 153 122 120 140 114 121 121 134 138
107 114 115 115 116 116 106 105 105 107 106 102 115 115 114 115 114 113 112 113 98 98 98 98 97 97 96 95 95 94 93 93 91 130 130 134 137 140 143 145 146 126 128 131 133 161 164 166 167 168 169 170 171 170 170 171 171 170 170 169 169 168 167 167 165 165 164 179 205 206 207 209 209 209 207 206 197 194 191 186 181 181 171 170 192 191 190 175 144 142 139 136 133 144 157 162
107 108 115 116 116 117 106 106 106 106 102 102 115 116 115 115 116 114 113 101 98 99 99 99 98 98 97 96 96 95 93 92 92 130 132 135 139 141 143 145 147 127 129 159 161 164 165 167 168 169 170 171 171 172 172 172 171 171 170 171 170 169 167 167 167 165 165 179 205 206 208 209 209 209 209 200 197 194 191 188 182 204 193 193 192 190 189 175 144 142 139 136 133 143 157 162
108 108 109 116 117 117 118 106 107 102 102 102 116 116 116 116 116 115 102 102 99 100 99 99 98 99 97 96 96 95 94 93 92 131 131 136 139 141 143 146 147 128 158 160 163 164 166 167 169 169 171 171 171 172 173 172 172 171 171 171 170 170 168 167 166 165 165 179 205 206 209 210 209 209 202 200 198 195 191 211 205 204 193 192 191 190 189 187 144 142 139 135 133 133 157 162
108 109 109 110 117 118 118 102 102 102 102 102 102 117 116 117 117 103 102 103 100 101 100 100 99 99 98 97 97 96 95 94 92 131 132 137 139 142 144 145 176 155 158 162 163 165 166 168 169 170 171 171 172 172 173 173 172 172 172 171 171 170 169 168 166 165 165 178 204 205 208 209 210 202 202 200 198 219 213 209 203 202 192 192 191 190 189 187 143 140 138 134 133 133 146 161
109 109 110 110 111 118 103 102 102 102 102 102 102 118 117 117 117 104 103 103 100 102 101 101 100 100 99 98 98 97 95 94 93 131 134 136 140 143 145 174 176 156 159 161 164 165 167 168 170 170 172 172 173 173 173 173 173 174 172 172 170 170 170 169 169 166 165 180 180 208 209 210 204 203 202 200 222 219 214 210 205 202 192 191 191 190 189 186 142 140 137 134 133 133 145 161
109 110 110 111 111 102 102 103 102 102 102 102 102 102 118 118 105 104 104 104 102 102 101 101 101 101 100 98 98 97 96 95 94 131 133 138 140 170 173 175 177 157 160 162 163 166 167 168 170 171 171 172 173 173 173 173 174 174 174 174 172 171 171 170 170 168 167 181 181 209 204 204 205 205 226 225 222 220 217 212 207 203 193 192 190 189 188 187 156 142 139 136 133 133 146 146
109 110 111 102 102 102 102 102 102 102 102 102 102 102 118 106 106 105 104 105 103 103 102 102 101 101 100 99 99 98 97 96 94 132 134 138 168 171 173 175 178 157 160 162 164 165 168 168 170 172 171 173 173 174 173 174 175 174 174 175 174 173 172 172 170 169 167 167 182 202 204 206 206 229 227 225 223 221 219 213 208 203 194 193 192 191 191 189 158 144 140 136 134 133 143 147
110 110 102 102 102 102 102 102 102 102 102 102 102 102 102 107 106 106 105 105 103 104 103 103 102 102 101 100 99 99 97 96 95 133 135 165 170 171 174 175 177 158 160 162 164 166 167 170 170 171 172 173 173 173 175 176 176 176 175 176 175 174 175 173 171 171 168 167 175 202 204 205 229 228 227 225 223 221 218 213 210 206 195 196 195 194 194 191 160 143 141 137 136 133 144 148
102 102 102 102 102 102 102 102 102 102 102 102 102 102 102 102 106 106 106 107 104 104 103 104 103 103 102 101 99 99 98 97 96 133 163 166 169 172 173 176 179 158 161 162 164 166 167 169 170 172 172 173 174 175 176 176 177 177 176 177 176 175 175 173 173 167 167 167 175 175 203 228 228 228 228 226 224 222 220 217 213 208 198 199 197 196 195 193 162 159 143 139 137 133 145 150
102 102 102 102 102 102 102 102 102 102 102 102 102 102 102 102 107 107 106 107 105 105 104 104 103 103 102 101 100 100 99 97 96 161 164 167 170 171 174 176 179 159 160 163 164 165 168 169 170 172 173 174 175 176 177 178 178 177 177 178 178 176 175 169 167 167 167 167 177 175 227 229 229 229 228 227 225 223 222 219 213 209 200 199 199 198 197 195 164 161 144 139 134 133 147 151
102 102 102 102 102 102 102 102 102 102 102 102 102 102 102 102 102 107 107 107 105 106 105 105 104 103 103 102 101 100 99 98 96 162 164 169 170 173 174 176 179 159 160 162 165 167 168 170 170 173 175 175 177 177 178 179 178 179 178 177 178 171 170 169 167 167 167 167 178 198 228 228 229 229 229 227 228 226 223 221 215 212 202 201 200 200 198 197 166 162 147 137 137 133 147 152
102 102 102 102 102 102 102 102 102 102 102 102 102 102 102 102 102 102 107 106 106 106 105 106 105 104 104 103 101 100 99 98 123 162 165 169 171 173 175 175 179 159 160 163 166 166 169 169 171 174 175 176 176 178 178 179 179 178 179 172 171 171 170 169 167 167 167 167 202 199 202 230 230 229 231 229 229 228 225 224 217 214 203 203 202 200 199 198 167 164 142 138 137 133 150 153
102 102 102 102 102 102 102 102 102 102 102 102 102 102 102 102 102 102 102 102 102 107 106 106 105 104 104 103 102 101 100 125 124 163 167 170 172 174 175 176 178 159 161 163 166 167 169 170 173 173 176 177 177 178 178 179 173 172 172 172 172 172 170 170 170 167 167 187 201 199 201 229 230 230 232 232 232 229 227 225 219 214 204 205 203 202 202 199 168 159 143 140 139 133 152 154
113 102 102 102 102 102 102 102 102 102 102 102 102 102 102 102 102 102 102 102 102 102 102 102 106 105 105 104 103 102 100 126 125 163 168 170 173 174 176 177 179 159 161 163 166 168 169 171 173 174 177 176 179 172 172 173 173 173 173 172 172 172 170 170 170 167 167 188 202 201 201 230 231 231 233 234 233 229 228 225 220 216 205 205 205 204 201 200 164 161 157 141 140 133 154 157
102 102 102 102 102 102 102 102 102 102 102 102 102 102 102 102 102 102 102 102 102 102 102 102 102 102 102 102 103 102 128 127 154 164 168 171 173 175 176 178 179 159 161 162 166 168 170 171 173 169 169 171 172 172 172 173 173 173 172 172 174 172 171 171 170 167 189 188 201 201 201 203 232 233 234 235 234 232 231 227 220 216 206 206 204 204 203 196 165 161 157 142 141 133 154 157
102 102 103 102 102 102 102 102 102 102 102 102 102 102 102 102 102 102 102 102 102 102 102 102 102 102 102 102 102 102 121 121 121 157 162 164 167 168 170 171 173 155 155 156 159 162 163 164 167 169 170 170 172 172 173 173 173 174 173 173 172 172 172 171 170 191 189 188 203 201 201 204 233 234 236 236 234 232 231 228 223 218 207 207 206 206 198 196 165 162 159 143 142 133 156 159
102 102 103 102 102 102 102 102 102 102 102 102 102 102 102 102 102 102 102 102 102 102 102 102 102 102 102 102 102 123 122 121 121 158 162 165 167 169 170 172 173 155 155 157 159 162 164 164 167 168 170 171 172 173 172 173 174 173 173 173 173 172 172 170 170 191 189 188 203 201 202 205 207 236 237 237 236 234 232 229 222 218 207 208 206 201 200 197 166 162 158 144 143 133 156 159
102 102 103 103 102 102 102 102 102 102 102 102 102 102 102 102 102 102 102 102 102 102 102 102 102 102 102 102 102 124 123 121 121 158 163 165 168 169 170 172 173 155 155 157 161 163 164 165 166 167 171 170 171 173 172 173 173 173 173 173 172 172 172 170 193 191 189 188 203 201 202 205 207 236 236 237 236 233 232 229 223 218 208 208 203 201 199 198 166 163 159 144 144 148 157 162
102 102 103 103 104 102 102 102 102 102 102 102 102 102 102 102 102 102 102 102 102 102 102 102 102 102 102 102 126 125 123 122 121 159 163 166 168 169 171 172 173 155 156 159 161 163 166 165 167 168 170 170 173 172 172 173 173 173 173 172 172 173 172 193 193 190 188 188 188 203 204 206 209 210 238 238 236 233 232 229 223 219 203 203 202 202 200 198 166 163 159 145 135 135 158 161
102 102 102 103 104 104 102 102 102 102 102 102 102 102 102 102 102 102 102 102 102 102 102 102 102 102 102 102 126 124 124 121 121 159 162 166 168 170 171 172 174 155 156 159 161 162 165 166 167 169 169 170 172 172 172 173 173 172 172 172 172 172 172 192 191 190 189 188 189 204 204 206 209 210 210 237 236 235 232 230 224 215 204 203 202 201 201 198 167 163 159 146 135 135 159 161
102 102 102 103 104 105 102 102 102 102 102 102 102 102 102 102 102 102 102 102 102 102 102 102 102 102 102 102 126 125 123 122 121 159 163 167 169 170 171 173 151 155 157 159 161 164 165 166 168 169 169 171 171 172 172 172 172 173 172 172 172 172 193 192 192 190 188 188 188 204 204 206 208 210 210 237 236 235 233 229 219 214 204 204 203 202 199 198 166 164 160 147 135 135 158 162
102 102 102 103 104 104 104 102 102 102 102 102 102 102 102 102 102 102 102 102 102 102 102 102 102 102 102 102 127 125 124 122 121 160 163 167 169 170 171 173 151 154 158 159 161 164 165 166 169 169 170 171 171 172 172 173 172 172 172 172 172 172 193 193 191 189 188 189 189 204 205 206 209 210 210 210 236 235 229 224 218 213 204 203 203 201 200 198 165 163 160 147 135 135 160 163
102 102 102 102 104 104 104 105 102 102 102 102 102 102 102 102 102 102 102 102 102 102 102 102 102 102 102 102 127 125 124 122 132 160 163 167 169 170 172 173 151 155 158 159 161 164 165 166 169 170 170 171 172 172 172 172 172 173 172 172 172 193 193 191 190 189 190 190 190 205 205 206 209 210 210 210 209 230 227 225 220 214 204 203 202 201 200 198 166 163 161 147 135 135 161 164
102 102 102 102 103 104 105 105 102 102 102 102 102 102 102 102 102 102 102 102 102 102 102 102 102 102 102 102 102 126 124 122 122 160 163 167 169 170 172 173 151 155 158 160 162 164 166 166 169 168 170 171 172 172 172 172 172 172 172 172 172 193 193 191 190 189 190 190 190 205 205 205 208 209 209 205 204 229 227 223 219 213 204 204 203 201 200 198 166 163 162 148 135 135 162 164
102 102 102 102 102 104 105 104 102 102 102 102 102 102 102 102 102 102 102 102 102 102 102 102 102 102 102 103 102 102 102 122 122 160 163 167 168 170 172 173 151 155 157 160 162 164 166 167 169 168 170 171 172 172 172 172 172 172 172 172 172 193 192 191 190 189 191 191 191 207 206 206 208 209 204 204 203 203 227 223 219 214 204 203 203 201 200 198 167 164 163 149 135 135 161 165
102 102 102 102 102 102 102 104 102 102 102 102 102 102 102 102 102 102 102 102 102 102 102 102 102 102 102 102 102 102 102 102 122 160 163 166 168 169 172 173 150 155 157 160 162 164 166 166 169 168 170 170 172 171 172 172 171 172 172 172 194 192 192 191 190 190 192 191 192 206 207 205 203 204 204 205 204 203 199 223 219 214 204 204 203 202 200 198 166 163 163 149 135 135 162 166
102 102 102 102 102 102 102 102 102 102 102 102 102 102 102 102 102 102 102 102 102 102 102 102 102 102 102 102 102 102 102 102 102 135 163 166 168 169 171 173 150 155 157 158 161 164 165 166 168 168 170 170 172 171 172 172 171 171 172 172 193 192 192 190 191 191 193 192 193 191 202 202 203 205 205 205 205 201 199 196 219 214 204 204 204 201 200 199 167 164 164 135 135 135 162 166
102 102 102 102 102 102 102 102 102 102 102 102 102 102 102 102 102 102 102 102 102 102 102 102 102 102 102 102 102 102 102 102 102 135 138 165 168 169 170 172 150 154 157 158 160 164 165 165 168 168 170 170 171 171 172 172 171 171 171 193 193 192 190 190 192 192 193 193 188 188 203 202 203 204 205 205 203 202 200 196 191 214 205 204 204 202 200 198 166 164 163 135 135 135 163 167
