testData/tiles/unevenCosts/grid40.0-0.0-50.0-20.0.asc
ncols   200
nrows   400
xllcorner   40.0
yllcorner   0.0
cellsize   0.05
NODATA_value   -9999.0
[rows 42 to 83 of 400, columns 0 to 93 of 200]
144 144 143 143 126 126 125 124 123 122 121 120 120 120 121 121 120 120 120 120 119 110 110 109 108 108 108 105 105 105 105 105 105 105 105 105 105 105 105 105 105 105 105 105 105 105 105 105 105 105 105 105 105 105 105 105 105 105 105 105 105 105 105 105 105 105 105 105 105 105 105 105 105 105 105 105 105 105 105 105 105 105 105 105 105 105 105 105 105 105 105 105 105 105
146 146 145 145 127 127 127 126 125 125 122 122 121 121 121 121 120 120 120 121 120 120 111 110 110 109 105 105 105 105 105 105 105 105 105 105 105 105 105 105 105 105 105 105 105 105 105 105 105 105 105 105 105 105 105 105 105 105 105 105 105 105 105 105 105 105 105 105 105 105 105 105 105 105 105 105 105 105 105 105 105 105 105 105 105 105 105 105 105 105 105 105 105 105
148 147 147 129 129 128 128 127 128 127 125 124 123 121 122 122 121 121 121 121 121 120 111 110 110 105 105 105 105 105 105 105 105 105 105 105 105 105 105 105 105 105 105 105 105 105 105 105 105 105 105 105 105 105 105 105 105 105 105 105 105 105 105 105 105 105 105 105 105 105 105 105 105 105 105 105 105 105 105 105 105 105 105 105 105 105 105 105 105 105 105 105 105 105
149 149 148 132 131 130 130 129 128 127 125 125 124 123 123 122 121 121 121 121 121 121 112 111 105 105 105 105 105 105 105 105 105 105 105 105 105 105 105 105 105 105 105 105 105 105 105 105 105 105 105 105 105 105 105 105 105 105 105 105 105 105 105 105 105 105 105 105 105 105 105 105 105 105 105 105 105 105 105 105 105 105 105 105 105 105 105 105 105 105 105 105 105 105
150 150 133 133 133 132 131 130 129 129 127 126 125 124 123 123 122 122 122 122 122 122 105 105 105 105 105 105 105 105 105 105 105 105 105 105 105 105 105 105 105 105 105 105 105 105 105 105 105 105 105 105 105 105 105 105 105 105 105 105 105 105 105 105 105 105 105 105 105 105 105 105 105 105 105 105 105 105 105 105 105 105 105 105 105 105 105 105 105 105 105 105 105 105
152 134 134 134 133 132 131 131 130 129 127 126 125 125 124 124 123 122 122 122 105 105 105 105 105 105 105 105 105 105 105 105 105 105 105 105 105 105 105 105 105 105 105 105 105 105 105 105 105 105 105 105 105 105 105 105 105 105 105 105 105 105 105 105 105 105 105 105 105 105 105 105 105 105 105 105 105 105 105 105 105 105 105 105 105 105 105 105 105 105 105 105 105 113
137 137 136 135 134 134 133 132 131 129 129 128 127 125 124 124 123 123 122 105 105 106 106 105 105 105 105 105 105 105 105 105 105 105 105 105 105 105 105 105 105 105 105 105 105 105 105 105 105 105 105 105 105 105 105 105 105 105 105 105 105 105 105 105 105 105 105 105 105 105 105 105 105 105 105 105 105 105 105 105 105 105 105 105 105 105 105 105 105 105 105 105 105 113
138 138 137 136 136 135 133 132 132 130 129 128 127 126 125 124 124 105 105 105 106 106 105 105 105 105 105 105 105 105 105 105 105 105 105 105 105 105 105 105 105 105 105 105 105 105 105 105 105 105 105 105 132 132 131 130 129 129 128 127 105 105 105 105 105 105 105 105 105 105 105 105 105 105 105 105 105 105 105 105 105 105 105 105 105 105 105 105 105 105 105 105 112 112
139 138 138 137 136 135 134 134 132 131 130 128 127 126 126 105 105 105 105 106 106 106 105 105 105 105 105 105 105 105 105 105 105 105 105 105 105 105 105 105 105 105 105 105 105 105 105 125 134 133 133 133 132 132 132 130 130 129 129 128 105 105 105 105 105 105 105 105 105 105 105 105 105 105 105 105 105 105 105 105 105 105 105 105 105 105 105 105 105 105 105 105 111 112
139 140 139 138 137 136 134 133 132 131 130 130 105 105 105 105 105 105 107 106 106 106 105 105 105 105 105 105 105 105 105 105 105 105 105 105 105 105 105 105 105 105 105 105 127 126 125 125 125 134 133 133 133 132 131 131 130 130 129 128 105 105 105 105 105 105 105 105 105 105 105 105 105 105 105 105 105 122 122 105 105 105 105 105 105 105 105 105 105 105 105 105 105 112
140 139 138 137 137 136 135 134 132 105 105 105 105 105 105 105 105 107 107 106 107 106 106 106 105 105 105 105 105 105 105 105 105 105 105 105 105 105 105 105 105 105 128 128 127 126 126 125 125 125 134 133 133 133 131 131 131 130 130 129 105 105 105 105 105 105 105 105 105 105 105 105 105 105 105 105 121 122 123 123 122 105 105 105 105 105 105 105 105 105 105 105 105 112
141 140 139 138 137 136 105 105 105 105 105 105 105 105 105 105 108 108 108 108 107 106 106 106 105 105 105 105 105 105 105 105 105 105 105 105 105 105 105 105 132 130 129 128 127 126 126 126 125 125 125 134 133 133 132 131 131 130 130 129 105 105 105 105 105 105 105 105 105 105 105 105 105 105 105 105 121 121 122 123 122 122 122 105 105 105 105 105 105 105 105 105 105 111
141 140 105 105 105 105 105 105 105 105 105 105 105 105 105 109 108 108 108 108 107 106 106 106 105 105 105 105 105 105 105 105 105 105 105 105 105 105 133 132 132 130 129 129 127 126 126 126 125 125 125 125 134 133 132 132 132 132 131 131 105 105 105 105 105 105 105 105 105 105 105 105 105 105 105 105 122 123 123 123 122 122 123 123 123 105 105 105 105 105 105 105 105 105
105 105 105 105 105 105 105 105 105 105 105 105 105 105 105 109 108 108 108 108 106 106 106 106 105 105 105 105 105 105 105 105 105 105 105 105 135 135 134 132 132 130 129 129 128 127 126 125 125 125 125 125 125 135 133 133 133 132 132 131 105 105 105 105 105 105 105 105 105 105 105 105 105 105 105 122 122 123 123 124 122 123 123 123 123 124 124 105 105 105 141 105 105 105
105 105 105 105 105 105 105 105 105 105 105 105 105 105 110 109 108 108 108 107 106 106 106 106 105 105 105 105 105 105 105 105 105 105 136 136 135 135 134 133 131 130 129 129 128 127 127 125 125 125 125 125 125 135 134 133 133 133 133 133 105 105 105 105 105 105 105 105 105 105 105 105 105 105 105 123 124 124 124 124 122 163 163 163 162 164 164 164 164 119 141 141 141 141
105 105 105 105 105 105 105 105 105 105 105 105 105 111 110 109 108 108 108 107 106 106 107 107 105 105 105 105 105 105 105 105 105 137 136 136 135 135 134 133 132 131 130 129 128 127 127 126 125 126 126 126 125 125 135 134 134 134 133 133 105 105 105 105 105 105 105 105 105 105 105 105 105 105 105 123 124 164 165 165 163 163 163 163 164 164 164 164 164 164 141 141 141 142
131 129 136 136 135 134 105 105 105 105 105 105 105 111 110 109 108 108 108 108 108 107 107 107 105 105 105 105 105 105 105 139 139 137 136 136 135 135 134 133 132 131 131 129 128 127 127 127 126 126 126 126 127 125 125 135 134 134 133 134 105 105 105 105 105 105 105 105 105 105 105 105 105 105 144 164 164 164 165 164 164 164 164 164 164 164 164 164 164 185 186 186 141 141
130 129 129 136 135 134 132 132 131 105 105 105 112 111 110 109 109 108 108 108 108 107 107 107 105 105 105 105 105 105 140 139 138 138 137 136 135 135 134 132 132 131 131 130 128 128 127 127 127 126 127 127 127 125 125 125 125 135 135 134 105 105 105 105 105 105 105 105 105 105 105 105 142 143 144 164 165 166 166 164 164 164 164 165 165 164 164 164 165 186 185 185 185 141
130 130 129 136 135 133 133 132 131 130 129 156 112 111 110 110 108 108 108 108 108 107 107 107 105 105 105 105 105 140 140 139 138 138 137 137 135 135 134 132 132 131 131 130 130 128 127 127 128 128 127 127 127 127 126 126 126 126 135 133 105 105 105 105 105 105 105 105 105 105 141 141 142 143 164 165 165 166 166 165 165 165 164 165 165 165 165 164 165 186 186 185 185 185
130 130 129 129 134 133 133 132 131 130 129 156 155 155 110 109 108 108 108 108 107 107 107 107 105 105 105 105 140 140 140 138 138 138 137 137 136 136 134 132 132 131 131 131 130 127 127 128 128 128 127 128 127 127 126 126 126 126 126 135 105 105 105 105 105 105 105 105 138 141 141 142 144 144 165 166 165 166 166 165 165 165 166 166 165 165 165 166 165 186 186 186 185 185
130 129 129 129 134 134 133 132 130 129 157 156 156 154 153 151 108 108 108 108 107 107 107 106 105 105 105 141 140 140 140 138 138 138 137 137 136 136 134 132 132 131 131 131 130 129 128 128 128 128 129 128 127 127 127 126 127 127 126 125 105 105 105 105 105 105 142 141 138 141 141 143 144 145 165 166 166 167 167 165 165 165 166 166 166 165 166 166 187 187 186 186 186 185
130 129 129 129 129 133 132 131 130 129 156 155 155 154 152 151 151 151 108 108 107 107 106 106 105 105 141 141 140 140 139 138 138 137 137 137 136 136 134 132 132 132 131 131 131 129 128 128 129 129 129 128 127 127 128 127 127 127 125 125 105 105 105 105 143 143 142 141 141 141 142 143 144 145 165 166 167 167 166 166 166 165 166 166 166 166 167 166 187 187 187 186 186 186
129 129 129 129 129 129 132 130 129 129 156 155 154 153 152 151 151 151 151 108 107 106 106 106 105 141 141 141 140 139 139 138 138 137 137 137 136 134 134 133 133 132 131 132 130 129 129 129 129 129 129 128 128 128 128 127 127 127 125 125 105 105 106 145 145 144 143 142 142 142 143 144 145 146 165 166 167 167 166 166 166 167 167 166 166 167 167 167 187 187 187 187 186 186
129 129 129 129 129 129 130 129 129 156 156 155 154 153 152 151 151 151 151 151 149 106 106 106 141 141 141 141 140 139 139 138 138 137 137 136 135 134 134 134 134 132 132 132 130 129 130 129 129 129 129 129 128 128 128 128 127 127 127 126 105 105 136 136 145 144 143 142 142 142 143 144 145 146 167 167 168 167 166 166 166 167 167 167 166 167 167 167 188 187 187 187 187 186
129 129 129 129 129 129 129 129 129 156 156 155 154 152 151 151 151 151 150 149 149 149 106 142 141 141 141 141 139 139 139 138 138 137 137 136 135 134 135 134 134 133 132 131 130 130 130 130 129 129 129 129 128 128 128 128 128 127 127 126 137 136 136 136 136 144 143 142 142 142 143 144 145 146 167 167 168 168 167 166 166 167 167 167 167 167 167 167 188 188 187 187 187 187
129 129 129 129 129 129 129 129 156 155 155 154 153 152 151 151 151 150 150 149 149 149 194 142 141 141 141 140 139 139 139 138 138 137 137 135 135 135 135 134 135 133 132 131 131 130 130 130 130 130 129 129 128 128 129 129 128 127 127 166 137 136 136 136 136 136 136 143 142 142 143 144 145 146 167 167 168 167 167 167 167 167 167 167 167 168 168 188 188 188 188 187 187 187
129 129 129 129 129 129 129 129 156 156 155 154 153 152 151 150 150 150 150 149 149 194 194 185 141 141 140 139 139 139 138 138 138 137 136 135 135 135 135 134 134 134 131 131 131 130 130 130 130 129 129 129 129 129 129 129 127 127 167 166 137 137 136 136 136 136 136 136 143 143 143 144 145 146 167 167 168 167 167 167 168 168 167 167 168 168 168 188 188 188 188 188 187 187
129 129 129 129 129 129 129 129 147 155 154 153 152 150 150 150 150 150 149 149 149 194 185 184 184 140 140 139 139 139 138 138 138 137 136 135 136 135 135 135 134 133 131 131 131 130 130 131 130 129 129 129 130 129 129 129 127 167 167 166 137 138 137 137 136 136 136 136 136 136 144 146 146 147 167 167 168 167 167 167 168 168 168 167 168 168 168 189 188 188 188 188 187 187
156 129 129 129 129 129 129 129 147 146 153 152 151 150 150 150 150 150 149 149 194 194 185 184 183 184 140 139 139 139 138 138 137 136 136 135 136 135 135 135 134 133 132 131 130 130 131 131 129 129 129 130 130 129 129 129 167 167 167 167 138 138 137 137 136 136 136 136 136 136 136 136 146 147 168 168 167 167 167 167 168 168 168 168 168 168 168 189 189 188 188 188 188 187
154 153 153 129 129 129 129 146 145 145 152 151 150 150 150 150 150 149 149 194 194 194 184 183 183 183 183 139 139 139 138 138 136 136 136 136 135 135 135 135 133 133 132 131 130 131 131 131 129 129 130 130 130 129 129 168 167 168 168 167 138 138 137 137 136 136 136 136 136 136 136 136 137 157 168 169 167 167 167 167 168 168 168 168 169 168 168 189 189 189 188 188 188 188
153 152 151 152 152 129 129 145 144 144 144 150 150 150 150 150 149 149 149 194 194 184 183 183 183 183 182 182 139 138 138 137 136 136 136 136 135 135 135 134 133 133 132 131 130 131 131 130 129 129 130 130 130 129 169 168 168 168 168 167 138 138 137 137 136 136 136 136 136 136 136 136 137 137 158 159 167 167 168 167 168 168 168 168 169 168 168 189 189 189 188 188 188 188
152 151 150 151 151 150 129 144 144 144 144 144 150 150 150 149 149 149 194 193 193 184 183 183 183 183 182 182 182 138 137 137 136 136 136 136 135 136 135 134 133 132 132 131 131 131 131 130 129 130 130 130 130 169 168 169 168 168 168 167 138 137 137 136 136 136 136 136 136 136 136 136 137 137 158 157 157 157 168 168 168 168 168 168 169 169 168 189 189 189 189 188 188 189
151 150 149 150 149 148 148 144 144 144 144 144 144 149 149 149 149 149 193 193 184 183 183 183 183 182 182 182 182 180 137 136 136 136 136 136 135 136 134 133 134 132 131 131 131 131 130 130 130 130 130 130 169 168 168 169 168 168 168 138 138 137 137 136 136 136 136 136 136 136 136 136 137 137 158 157 157 157 158 158 158 168 168 169 170 170 170 190 190 190 190 189 189 189
150 149 148 148 148 147 146 175 174 144 144 144 144 149 149 148 148 193 193 193 183 183 183 183 183 182 182 182 180 180 137 136 136 135 136 135 135 134 134 133 134 132 131 131 131 130 130 130 130 130 130 170 169 168 169 169 168 168 168 138 138 137 137 136 136 136 136 136 136 136 136 136 137 137 156 157 157 157 158 159 160 160 160 170 171 171 171 191 191 191 191 190 190 190
149 148 148 147 147 146 146 174 173 173 144 144 144 144 148 148 148 193 193 184 183 183 183 183 182 182 181 181 180 180 180 136 136 135 136 135 134 134 134 133 132 132 131 131 130 130 130 130 130 130 130 170 168 168 169 168 168 168 167 138 138 137 137 136 136 136 136 136 136 136 136 136 136 137 156 156 157 158 159 159 161 160 160 160 162 162 172 192 192 192 192 192 191 191
147 147 147 146 146 146 146 172 172 172 172 144 144 144 144 148 216 193 184 183 183 183 183 183 182 181 181 180 180 180 179 179 136 135 136 134 134 134 134 132 132 132 131 131 130 130 130 130 130 130 170 169 168 169 169 168 168 168 167 138 138 137 137 136 136 136 136 136 136 136 136 136 136 137 156 157 158 159 160 160 162 162 161 161 162 163 163 183 183 183 193 193 192 192
145 145 145 145 166 167 166 195 195 195 195 195 163 163 163 163 216 216 206 206 206 206 206 204 204 204 204 203 203 180 179 179 135 135 134 134 134 134 133 132 132 131 131 130 130 130 130 130 130 170 170 168 168 169 169 168 168 168 167 138 137 137 136 136 136 136 136 136 136 136 136 136 136 136 157 158 159 159 161 161 162 163 162 162 163 163 164 185 184 184 184 184 184 184
166 166 167 166 165 165 195 195 195 195 195 195 195 163 163 208 208 206 206 206 206 206 204 204 204 204 204 220 203 202 202 202 201 157 134 134 134 134 132 132 132 131 130 130 130 130 130 130 170 170 168 168 168 169 168 168 168 167 167 138 137 137 136 136 136 136 136 136 136 136 136 136 137 137 158 159 160 160 162 162 162 163 163 163 163 164 185 185 184 184 185 184 184 184
165 165 165 164 165 165 166 195 195 195 195 195 195 195 163 207 206 206 206 206 206 206 221 221 221 221 220 220 220 219 219 218 217 157 157 157 155 133 132 132 132 130 130 130 130 130 130 130 170 169 168 168 168 169 168 168 168 167 138 137 137 137 136 136 136 136 136 136 136 136 136 136 136 137 159 159 161 161 162 163 163 164 163 164 164 165 165 186 185 185 185 185 184 184
164 163 164 164 164 164 165 195 195 195 195 195 195 194 239 206 206 206 206 206 222 221 221 221 222 222 223 223 222 221 219 217 217 216 174 155 155 155 155 154 153 130 130 130 130 130 130 169 170 168 168 168 168 168 168 168 167 167 138 137 137 136 136 136 136 136 136 136 136 136 136 137 137 138 160 160 161 162 163 163 164 165 164 164 165 166 166 186 186 186 186 186 185 185
163 163 163 164 164 164 164 193 194 194 194 194 194 194 229 229 206 206 206 214 221 221 224 226 226 227 227 227 226 225 223 222 220 215 173 172 155 155 154 153 153 152 152 130 130 130 169 169 168 168 168 168 168 167 168 168 167 167 137 137 137 136 136 136 136 136 136 136 136 136 136 136 137 139 159 161 162 162 164 164 164 165 165 165 165 166 166 187 187 187 187 187 186 206
163 163 163 164 164 164 164 193 193 194 193 193 193 193 229 229 229 206 213 213 215 225 228 230 230 230 231 229 229 227 226 225 222 220 218 172 171 155 153 153 153 152 151 151 152 152 169 168 168 168 168 168 167 167 168 167 167 167 137 137 136 136 136 136 136 136 136 136 136 136 136 137 138 140 140 161 163 163 163 165 165 165 166 166 166 166 167 187 187 187 187 206 206 206
