testData/tiles/unevenCosts/grid20.0-40.0-40.0-50.0.asc
ncols   400
nrows   200
xllcorner   20.0
yllcorner   40.0
cellsize   0.05
NODATA_value   -9999.0
[rows 129 to 171 of 200, columns 288 to 383 of 400]
153 164 167 170 172 173 173 173 173 172 173 164 164 164 185 180 172 155 150 152 154 163 165 169 171 167 166 166 163 165 165 136 137 106 108 108 109 111 113 113 114 115 115 112 106 106 108 108 109 109 111 111 111 111 113 113 113 112 113 113 113 112 112 112 114 112 111 111 111 110 111 143 143 142 142 142 141 140 140 175 175 173 174 173 172 171 171 169 168 168 166 165 164 163 161 160
153 164 167 171 172 173 174 173 173 164 164 164 164 189 185 179 174 157 160 161 165 169 172 175 175 177 170 169 169 167 168 169 139 107 109 109 110 112 115 114 116 116 116 106 106 107 109 110 110 110 111 112 112 112 113 113 114 114 115 114 114 114 115 115 116 113 113 112 112 111 111 143 144 143 143 142 142 141 140 140 175 175 174 174 174 172 172 171 170 168 168 167 165 164 162 163
153 158 167 170 172 173 174 164 164 164 164 164 164 189 184 179 176 165 169 166 171 174 177 178 180 179 179 174 172 169 169 171 140 109 110 110 111 114 115 116 116 117 117 106 107 108 110 110 110 111 112 112 112 113 114 114 114 114 114 115 114 116 116 115 115 114 113 113 112 112 111 144 145 145 143 143 142 142 141 140 140 175 175 175 174 174 172 171 171 170 168 167 167 165 164 164
154 157 167 170 172 164 165 164 164 165 164 164 164 187 184 181 183 169 176 170 175 176 180 181 183 182 182 181 175 172 170 171 142 110 111 111 113 114 117 116 117 118 109 106 108 109 110 110 111 112 113 113 114 114 115 115 114 114 114 116 118 117 117 117 116 115 115 114 113 112 112 112 145 145 145 143 143 142 141 141 140 176 175 175 175 174 174 172 171 170 170 168 167 166 166 165
154 157 152 160 162 164 165 164 164 164 164 164 164 187 184 188 188 174 178 174 176 180 182 183 185 184 184 184 176 173 171 173 143 111 112 112 113 116 117 117 118 109 109 107 109 109 109 112 112 112 113 114 114 114 115 115 115 116 117 118 118 118 117 117 117 115 115 115 114 114 112 112 145 145 145 145 143 143 142 141 141 141 176 175 175 174 174 174 172 171 170 168 168 167 167 166
145 148 152 160 162 164 164 164 164 164 164 164 190 194 217 192 189 176 180 175 179 182 184 185 186 185 184 184 183 175 172 173 144 112 113 113 113 115 116 118 118 109 110 107 109 109 110 112 112 112 113 114 114 114 115 115 116 118 118 118 118 118 118 117 117 116 115 115 114 114 114 112 145 145 145 145 144 143 142 150 141 141 141 176 175 175 174 173 172 172 170 170 168 168 168 167
145 148 151 154 162 164 164 164 188 188 188 186 190 220 220 218 217 203 206 202 204 182 185 186 187 186 186 185 183 175 173 174 144 113 113 113 114 115 117 118 110 110 109 107 109 110 110 112 112 112 113 114 114 114 115 115 117 118 118 119 118 118 118 118 117 116 116 115 115 114 113 113 145 146 153 153 152 152 151 150 149 148 148 148 183 175 174 174 172 171 170 170 169 169 168 167
145 148 151 154 163 188 189 188 188 188 188 193 193 224 221 220 218 203 208 202 206 208 210 211 187 186 186 185 182 174 173 175 144 113 113 114 114 116 117 110 110 110 109 107 110 110 110 112 112 113 114 115 115 115 116 118 117 117 118 119 119 118 118 118 118 116 116 116 115 114 113 113 120 154 153 153 152 152 151 151 149 149 148 148 183 183 182 173 172 172 170 170 169 170 169 169
145 148 151 179 182 188 189 188 188 188 195 196 196 226 223 220 217 203 207 202 206 207 210 210 212 210 185 184 183 174 174 175 145 113 114 114 115 116 108 110 110 110 110 108 110 110 110 112 113 113 114 114 115 115 118 118 118 118 118 118 118 119 119 118 118 117 115 115 115 114 122 121 121 154 154 152 152 151 151 151 150 149 149 148 148 183 182 182 180 172 170 171 170 170 169 169
145 172 176 179 182 188 189 189 188 194 197 198 198 227 225 220 216 202 207 201 204 207 208 210 210 210 209 208 180 174 174 175 144 114 114 114 115 108 108 110 110 110 110 108 109 110 111 112 112 113 113 114 114 116 117 118 118 118 118 118 118 118 118 118 117 115 116 115 115 122 122 122 121 153 153 154 154 155 153 154 153 153 150 149 148 148 182 181 181 180 171 171 170 171 170 169
168 172 176 178 180 182 189 189 188 195 199 199 200 200 225 221 213 202 205 201 203 205 207 208 208 208 208 206 203 174 175 145 145 114 114 114 108 108 108 109 110 110 109 108 109 110 111 112 112 112 113 114 116 116 116 117 118 118 118 118 119 118 118 118 118 115 116 116 123 123 122 121 121 122 157 157 158 157 157 157 156 154 154 152 150 149 148 181 180 180 180 171 171 170 170 169
168 172 176 178 180 182 188 189 194 198 200 202 202 200 229 223 215 202 204 201 201 203 205 206 206 206 205 203 203 199 199 145 144 114 115 108 108 108 108 110 109 110 108 108 109 110 110 110 112 112 113 114 117 117 117 117 117 117 117 117 118 118 117 117 115 115 115 123 123 122 122 121 123 125 160 160 160 161 160 160 158 158 156 154 153 150 148 145 145 180 180 179 171 171 170 170
176 180 176 178 180 181 182 197 198 201 203 205 204 204 203 226 216 202 202 201 201 201 203 203 203 202 201 202 199 198 168 169 114 114 108 108 108 108 108 108 109 109 109 108 108 109 110 111 112 112 113 120 116 116 116 117 118 118 117 117 118 118 118 117 115 115 115 123 123 123 122 124 125 127 127 163 164 163 163 163 162 160 159 157 154 153 151 148 145 145 180 180 171 171 170 170
176 179 183 178 180 182 184 192 202 204 206 208 207 205 203 200 219 203 205 201 201 201 201 201 201 207 201 201 198 168 168 169 138 108 108 108 108 108 108 108 108 109 108 108 108 109 110 110 112 112 114 118 116 116 116 116 117 117 117 117 117 117 117 117 115 115 122 123 122 122 123 126 128 129 130 164 166 166 166 166 164 164 162 158 157 154 151 151 147 145 145 180 180 171 171 170
174 179 183 187 182 183 193 196 205 207 208 209 210 208 204 200 191 206 206 201 201 201 207 207 207 207 207 204 173 168 168 169 128 129 108 108 108 108 108 108 108 108 108 108 108 108 110 110 111 113 117 118 119 115 115 115 116 116 117 117 117 117 117 115 115 115 122 123 122 123 125 127 129 131 132 135 167 169 168 169 167 166 163 162 158 156 154 151 149 146 145 145 144 172 171 170
174 180 184 188 183 185 195 199 201 210 210 210 212 210 207 201 191 180 209 201 201 209 209 208 209 209 205 173 173 174 168 160 128 129 128 108 108 108 108 108 108 108 108 108 108 108 109 109 109 113 117 118 119 115 115 115 116 116 116 116 116 117 116 115 115 122 121 121 122 124 127 129 130 132 134 135 171 171 171 171 170 168 166 163 161 158 156 153 151 148 144 144 144 144 171 171
174 181 186 190 185 186 196 200 203 205 213 213 211 211 207 202 192 180 180 180 180 180 180 180 179 176 176 176 173 174 165 158 128 128 128 129 108 108 108 108 108 108 108 108 108 108 108 109 112 113 117 117 118 115 115 115 115 116 115 115 115 115 115 115 115 121 121 120 122 125 127 130 132 133 135 138 140 174 174 174 172 171 168 166 163 161 157 155 151 149 146 144 144 143 135 132
182 188 194 190 193 187 197 202 205 207 208 214 213 213 209 204 192 180 181 180 180 181 180 178 178 177 178 176 166 166 165 133 127 127 128 128 108 108 108 108 108 108 108 108 108 108 108 110 111 112 116 116 116 115 115 115 115 115 115 115 115 115 115 115 115 120 120 120 121 125 128 130 133 135 136 139 142 176 177 176 175 173 171 168 165 162 159 156 153 149 147 144 144 143 132 132
184 190 190 190 192 195 204 209 207 208 208 209 215 212 211 205 193 182 189 181 182 182 178 178 179 179 179 169 169 166 167 133 133 127 127 127 128 108 108 108 108 108 108 108 108 108 108 110 110 110 115 115 116 115 115 115 115 115 115 115 116 115 115 115 115 122 122 122 125 128 131 134 136 139 141 142 145 146 182 183 180 178 176 172 169 167 163 159 156 152 149 146 146 137 132 132
195 201 190 192 193 203 206 210 213 215 216 210 210 212 209 205 193 183 191 182 180 180 180 180 181 182 172 171 170 169 168 133 133 126 126 127 127 126 108 108 108 108 108 108 108 108 108 109 109 113 114 114 115 118 115 115 115 115 116 116 115 115 115 116 115 123 123 122 125 128 132 135 138 140 143 145 147 150 185 187 184 182 179 174 171 168 164 161 158 154 151 147 141 140 132 132
197 202 208 193 195 196 206 210 214 215 217 217 216 210 210 205 193 191 187 180 180 181 182 182 174 173 173 172 173 171 137 135 134 131 126 126 126 126 127 108 108 108 108 108 108 108 108 108 111 115 116 117 118 118 116 116 116 115 116 117 115 115 115 116 123 123 123 124 127 130 134 136 139 142 144 146 149 151 154 191 187 184 181 177 174 170 166 163 160 156 153 143 142 141 133 132
197 203 208 212 215 198 207 211 214 217 218 217 216 214 209 204 188 188 188 181 181 183 176 176 176 175 175 174 172 172 139 136 134 133 125 124 126 125 125 108 108 108 108 108 108 108 108 109 111 115 116 117 117 119 116 116 116 116 116 115 115 115 115 115 116 123 123 123 126 129 132 136 138 141 143 145 148 151 153 187 186 184 181 177 173 170 166 163 160 156 147 143 143 142 133 133
197 203 208 213 215 218 207 211 214 218 218 218 216 209 205 198 192 188 190 183 176 176 176 177 180 177 176 175 174 174 139 138 137 133 132 124 125 124 124 124 108 108 108 108 108 108 109 109 111 116 116 117 117 118 115 116 116 116 114 115 116 115 115 115 116 124 123 123 126 129 131 135 138 139 141 144 147 149 151 151 183 182 179 176 173 171 167 164 160 151 148 144 144 142 134 133
198 205 210 214 216 218 226 211 213 216 218 213 212 209 208 201 194 198 187 182 182 183 183 185 185 185 184 183 183 149 146 145 140 137 136 124 124 124 125 125 125 108 108 108 108 108 109 109 110 116 116 117 117 117 114 116 116 114 114 115 115 115 115 115 115 124 124 123 125 128 131 133 136 138 141 144 146 148 148 149 148 181 178 176 173 169 167 164 154 151 146 144 143 143 134 134
199 205 210 213 216 219 226 229 213 213 214 215 216 215 211 204 187 187 185 184 185 187 187 189 189 188 188 188 187 154 150 148 147 143 139 139 129 127 128 125 125 108 108 108 108 108 109 109 110 115 116 117 118 118 114 114 113 113 114 114 115 115 115 115 114 122 123 123 123 125 129 132 134 138 140 143 144 145 146 147 146 144 177 174 170 168 165 156 153 149 146 145 144 144 135 134
199 206 211 213 212 215 214 226 213 216 217 210 210 209 206 206 187 189 185 192 189 190 191 191 192 190 191 190 190 156 155 152 150 149 146 144 133 132 130 129 128 126 108 108 108 108 108 109 110 115 119 117 117 118 114 113 113 113 113 113 113 114 114 114 114 121 122 122 122 125 128 130 133 136 137 139 141 142 143 143 142 141 173 171 169 167 158 155 152 149 146 145 144 143 135 134
185 192 197 199 204 209 211 220 223 211 211 211 210 209 212 206 189 192 187 188 189 191 193 195 195 193 194 194 161 159 158 157 155 153 149 148 144 137 134 132 131 128 108 109 109 111 113 114 114 120 122 122 121 120 116 115 115 117 113 113 113 113 113 113 113 113 121 122 122 124 126 128 130 132 136 138 139 140 140 140 139 138 136 168 161 158 156 153 150 148 145 145 144 136 135 134
186 193 198 204 210 214 215 217 225 229 212 213 212 211 214 206 193 195 188 189 191 194 194 197 197 197 197 196 163 162 162 160 158 157 154 150 148 138 136 135 137 136 139 116 118 116 114 115 117 121 122 122 121 123 119 118 118 118 117 116 115 113 113 113 113 113 121 122 122 122 124 127 129 131 133 134 136 137 137 137 136 136 135 126 158 156 154 152 148 145 145 144 144 135 134 134
185 196 202 207 212 214 217 219 220 227 212 212 213 211 214 208 194 197 190 192 193 194 195 195 196 198 198 167 166 166 166 163 162 160 157 153 150 140 142 140 142 140 142 119 121 121 122 120 118 122 122 123 123 123 119 119 120 119 119 119 118 117 117 113 113 113 113 121 122 122 122 124 126 128 129 131 133 133 133 134 133 126 125 124 121 153 151 149 146 145 145 144 136 135 134 133
190 199 205 210 214 217 220 221 222 229 229 212 212 217 214 208 194 191 191 193 195 196 197 197 193 193 197 169 168 169 168 165 164 163 159 155 153 155 145 145 144 145 146 147 123 124 124 124 121 125 122 123 123 123 121 120 121 120 121 120 119 118 116 116 112 112 112 120 120 121 121 121 123 124 126 127 128 130 129 124 123 123 121 120 119 116 147 145 145 145 144 144 135 135 134 133
192 202 207 212 216 218 220 223 223 223 230 211 211 217 212 206 196 191 193 195 195 197 197 198 198 193 166 166 168 168 169 169 166 164 162 158 158 158 149 147 144 148 148 148 125 124 124 125 125 128 126 123 124 125 120 121 121 120 120 120 119 119 118 116 116 112 112 112 120 120 121 121 121 123 124 124 125 120 121 121 120 120 119 117 116 115 145 144 143 143 143 135 134 134 133 133
195 202 210 214 216 220 222 224 225 224 223 210 210 216 213 206 196 192 192 195 197 198 198 199 199 201 166 166 166 166 170 168 165 164 161 158 159 158 150 146 144 147 147 147 125 126 126 126 126 129 128 128 127 124 120 120 120 120 120 120 120 119 119 117 116 112 112 112 112 119 120 120 120 120 120 115 115 116 116 118 116 116 115 113 112 112 111 144 143 143 134 134 133 133 132 132
196 203 210 215 219 220 223 225 226 225 225 210 214 213 213 204 187 191 193 196 197 198 199 199 203 171 166 166 166 166 164 164 168 165 163 164 161 158 157 148 147 147 147 148 149 125 125 126 126 129 131 130 128 126 119 119 119 120 119 119 120 119 118 116 115 111 111 111 111 111 118 119 119 113 113 113 112 112 112 112 112 112 112 111 111 111 110 110 142 134 133 133 132 132 131 130
197 205 211 216 219 222 224 225 227 227 226 210 210 211 209 201 186 190 192 196 197 198 199 200 202 172 172 166 167 167 164 164 161 160 158 161 161 159 159 149 148 147 148 148 149 125 125 127 126 131 130 131 129 127 122 118 118 119 119 119 118 118 117 115 113 109 110 110 110 110 104 103 112 112 112 112 111 111 111 111 110 111 111 110 110 110 109 101 100 133 132 132 131 131 130 128
197 206 212 216 221 223 225 226 227 227 226 210 210 206 201 197 186 190 192 195 195 198 199 202 172 172 173 173 166 166 165 165 163 162 158 156 156 155 158 149 148 145 148 147 149 148 123 126 127 130 130 130 130 128 122 120 117 117 118 117 116 115 115 113 112 108 108 103 103 103 102 102 102 103 111 111 110 110 110 110 109 109 110 109 109 100 100 100 99 99 98 130 130 129 129 128
198 207 212 218 221 224 226 227 227 228 227 210 210 207 202 182 183 187 191 193 194 196 198 169 172 172 172 173 167 166 165 165 163 162 158 156 154 153 150 142 141 140 146 146 146 147 122 125 125 129 129 128 129 128 122 120 119 114 115 115 114 113 112 105 101 101 101 101 101 101 101 101 101 101 102 101 101 101 101 100 100 100 99 99 100 99 99 98 98 97 97 96 128 128 127 126
157 207 212 218 221 225 226 229 228 227 226 213 210 208 202 182 182 185 187 190 194 196 197 169 170 171 172 173 173 166 167 164 162 162 160 156 153 149 148 147 139 139 137 139 139 139 114 117 121 122 121 122 120 121 115 114 113 109 105 105 104 103 102 99 99 99 99 99 100 100 100 100 100 100 99 100 100 100 99 99 99 98 98 98 97 98 97 97 96 96 95 94 94 126 125 125
157 167 212 217 222 225 228 228 229 229 227 213 209 207 201 182 182 182 182 188 189 193 165 166 167 168 169 171 171 165 165 164 162 161 159 156 154 150 144 142 138 136 135 135 136 136 113 113 114 118 118 119 118 117 113 112 112 109 105 101 101 97 97 97 98 98 98 98 98 99 99 98 98 98 98 98 99 98 98 98 97 97 96 96 96 95 95 95 95 94 93 93 92 91 123 123
156 166 174 218 222 226 228 229 229 229 227 213 212 208 193 182 182 182 182 182 182 161 161 164 166 168 169 170 169 170 164 163 161 159 159 156 153 149 145 142 133 131 129 131 132 132 134 109 109 115 116 115 114 113 110 109 106 106 99 97 94 95 95 95 95 96 96 96 96 96 97 97 97 96 96 96 96 95 96 96 96 95 95 94 94 93 93 92 92 92 91 91 90 89 88 87
156 166 173 179 222 225 228 229 229 229 227 214 212 208 191 182 182 182 183 183 183 161 161 161 162 164 166 166 168 167 161 161 161 160 156 154 151 148 144 141 132 130 128 126 126 126 126 102 101 106 107 107 107 107 102 102 102 100 100 97 94 94 94 94 94 94 95 95 95 94 94 95 95 95 95 94 94 94 93 94 94 93 93 92 92 91 91 90 90 89 88 88 87 87 86 86
154 165 174 179 183 226 228 229 230 230 213 213 212 200 192 182 182 182 184 185 161 161 161 161 161 161 162 163 165 167 160 159 158 157 155 153 149 146 143 140 130 129 128 124 125 124 125 99 100 104 104 104 106 105 101 100 101 100 98 97 94 91 92 92 92 92 92 93 93 93 92 92 92 93 93 92 92 92 91 91 92 91 91 90 90 89 88 88 87 86 86 86 86 86 86 86
153 166 172 179 183 186 227 228 230 229 216 214 213 200 190 183 184 185 185 161 161 161 161 161 161 161 161 161 161 161 160 156 155 155 153 153 160 144 142 138 137 126 126 124 123 123 122 99 99 101 102 103 102 103 100 98 97 97 98 97 94 89 89 90 90 90 90 90 91 90 90 90 90 90 90 90 90 89 89 89 88 88 88 88 87 86 86 86 86 86 86 86 86 86 86 86
151 165 173 178 183 185 187 229 229 210 216 214 212 200 190 183 184 185 161 161 161 161 161 161 161 161 161 168 166 164 171 162 164 162 162 161 158 155 152 149 147 138 136 135 133 133 120 120 99 99 99 101 101 101 96 97 96 96 94 93 93 89 86 86 87 87 87 87 87 88 88 88 87 87 87 88 87 87 86 86 86 86 86 86 86 86 86 86 86 86 86 86 86 86 86 86
