testData/tiles/oneDegreeCosts/grid26.0-48.0-27.0-49.0.asc
ncols   200
nrows   200
xllcorner   26.0
yllcorner   48.0
cellsize   0.005
NODATA_value   -9999.0
[rows 126 to 167 of 200, columns 94 to 187 of 200]
170 170 170 170 170 170 170 170 170 170 170 170 170 170 170 170 170 170 170 170 170 170 170 170 170 170 170 170 170 170 170 170 170 170 170 170 170 170 170 170 170 170 170 170 170 170 170 170 170 170 170 170 170 170 170 170 170 170 170 211 211 211 212 212 214 214 214 215 215 215 216 216 217 218 218 218 219 219 219 220 220 220 220 221 222 222 223 223 223 224 224 224 224 225
170 170 170 170 170 170 170 170 170 170 170 170 170 170 170 170 170 170 170 170 170 170 170 170 170 170 170 170 170 170 170 170 170 170 170 170 170 170 170 170 170 170 170 170 170 170 170 170 170 170 170 170 170 170 170 170 170 170 211 211 212 212 214 214 214 215 215 215 216 217 217 218 218 218 219 219 219 220 220 221 222 222 222 223 223 223 223 224 224 224 225 225 225 225
170 170 170 170 170 170 170 170 170 170 170 170 170 170 170 170 170 170 170 170 170 170 170 170 170 170 170 170 170 170 170 170 170 170 170 170 170 170 170 170 170 170 170 170 170 170 170 170 170 170 170 170 170 170 170 170 170 170 212 212 214 214 214 215 215 215 216 217 217 218 218 218 219 219 219 220 221 221 222 222 222 223 223 223 224 224 224 224 225 225 225 226 226 226
170 170 170 170 170 170 170 170 170 170 170 170 170 170 170 170 170 170 170 170 170 170 170 170 170 170 170 170 170 170 170 170 170 170 170 170 170 170 170 170 170 170 170 170 170 170 170 170 170 170 170 170 170 170 170 170 170 170 214 214 214 215 215 215 216 217 217 218 218 218 219 219 219 221 221 221 222 222 222 223 223 223 224 224 224 226 226 226 227 227 227 227 228 228
170 170 170 170 170 170 170 170 170 170 170 170 170 170 170 170 170 170 170 170 170 170 170 170 170 170 170 170 170 170 170 170 170 170 170 170 170 170 170 170 170 170 170 170 170 170 170 170 170 170 170 170 170 170 170 170 171 214 214 215 215 215 216 217 217 218 218 219 219 219 221 221 221 222 222 222 223 223 223 224 225 225 225 226 226 226 227 227 227 228 228 228 228 229
170 170 170 170 170 170 170 170 170 170 170 170 170 170 170 170 170 170 170 170 170 170 170 170 170 170 170 170 170 170 170 170 170 170 170 170 170 170 170 170 170 170 170 170 170 170 170 170 170 170 170 170 170 170 171 172 172 215 215 215 216 217 217 218 218 219 219 219 221 221 221 222 222 222 223 223 223 225 225 225 226 226 226 227 227 227 227 228 228 228 229 229 229 229
170 170 170 170 170 170 170 170 170 170 170 170 170 170 170 170 170 170 170 170 170 170 170 170 170 170 170 170 170 170 170 170 170 170 170 170 170 170 170 170 170 170 170 170 170 170 170 170 170 170 170 170 170 171 172 173 215 215 216 217 217 218 218 219 219 219 221 221 221 222 222 222 223 223 224 225 225 225 226 226 226 227 227 227 228 228 229 229 230 230 230 231 231 231
170 170 170 170 170 170 170 170 170 170 170 170 170 170 170 170 170 170 170 170 170 170 170 170 170 170 170 170 170 170 170 170 170 170 170 170 170 170 170 170 170 170 170 170 170 170 170 170 170 170 170 171 172 173 173 173 216 216 217 218 218 219 219 219 221 221 221 222 222 222 223 224 224 225 225 225 226 226 226 227 227 228 229 229 229 230 230 230 231 231 231 231 232 232
170 170 170 170 170 170 170 170 170 170 170 170 170 170 170 170 170 170 170 170 170 170 170 170 170 170 170 170 170 170 170 170 170 170 170 170 170 170 170 170 170 170 170 170 170 170 170 170 170 171 171 173 173 173 174 174 217 218 218 219 219 219 221 221 221 222 222 222 223 224 225 225 225 226 226 226 227 228 228 229 229 229 229 230 230 230 231 231 231 232 232 232 232 233
170 170 170 170 170 170 170 170 170 170 170 170 170 170 170 170 170 170 170 170 170 170 170 170 170 170 170 170 170 170 170 170 170 170 170 170 170 170 170 170 170 170 170 170 170 170 170 171 171 171 173 173 174 174 174 218 218 219 219 219 220 221 221 222 222 222 223 224 225 225 225 226 226 226 227 228 228 229 229 229 230 230 230 231 231 231 231 233 233 233 234 234 234 235
170 170 170 170 170 170 170 170 170 170 170 170 170 170 170 170 170 170 170 170 170 170 170 170 170 170 170 170 170 170 170 170 170 170 170 170 170 170 170 170 170 170 170 170 170 171 171 171 172 173 174 174 174 175 176 218 219 219 220 221 221 222 222 222 223 224 225 225 225 226 226 226 228 228 228 229 229 229 230 230 230 231 232 232 233 233 233 234 234 234 234 235 235 235
170 170 170 170 170 170 170 170 170 170 170 170 170 170 170 170 170 170 170 170 170 170 170 170 170 170 170 170 170 170 170 170 170 170 170 170 170 170 170 170 170 170 170 170 171 171 172 172 173 174 174 175 175 176 177 219 220 220 221 222 222 222 223 224 225 225 225 226 226 226 228 228 228 229 229 229 230 230 231 232 232 232 233 233 233 234 234 234 235 235 235 235 236 236
170 170 170 170 170 170 170 170 170 170 170 170 170 170 170 170 170 170 170 170 170 170 170 170 170 170 170 170 170 170 170 170 170 170 170 170 170 170 170 170 170 170 171 171 172 172 172 174 174 175 175 176 177 177 220 220 221 222 222 222 223 223 225 225 225 226 226 226 228 228 228 229 229 229 230 230 232 232 232 232 233 233 233 234 234 234 235 235 235 237 237 237 238 238
170 170 170 170 170 170 170 170 170 170 170 170 170 170 170 170 170 170 170 170 170 170 170 170 170 170 170 170 170 170 170 170 170 170 170 170 170 170 170 170 170 171 171 172 172 173 174 174 175 175 177 177 177 178 220 222 222 222 223 223 225 225 225 226 226 226 228 228 228 229 229 230 230 231 232 232 232 233 233 233 234 234 234 236 236 236 236 237 237 237 238 238 238 239
170 170 170 170 170 170 170 170 170 170 170 170 170 170 170 170 170 170 170 170 170 170 170 170 170 170 170 170 170 170 170 170 170 170 170 170 170 170 170 170 171 172 172 173 173 174 175 175 176 177 177 178 178 179 222 222 223 223 224 225 225 226 226 226 228 228 228 229 229 230 230 231 232 232 232 233 233 233 234 235 235 236 236 236 237 237 237 238 238 238 238 239 239 239
170 170 170 170 170 170 170 170 170 170 170 170 170 170 170 170 170 170 170 170 170 170 170 170 170 170 170 170 170 170 170 170 170 170 170 170 170 170 170 172 172 172 173 173 175 175 175 176 177 178 178 179 179 222 223 223 223 224 225 226 226 226 227 228 228 229 229 230 230 231 232 232 232 233 233 233 235 235 235 236 236 236 237 237 237 238 238 238 239 239 240 241 241 241
170 170 170 170 170 170 170 170 170 170 170 170 170 170 170 170 170 170 170 170 170 170 170 170 170 170 170 170 170 170 170 170 170 170 170 170 170 170 171 172 173 173 174 175 175 176 176 178 178 178 179 179 181 223 223 224 225 226 226 226 227 228 228 229 229 230 230 231 232 232 232 233 233 233 235 235 235 236 236 236 237 237 237 238 239 239 240 240 240 241 241 241 242 242
170 170 170 170 170 170 170 170 170 170 170 170 170 170 170 170 170 170 170 170 170 170 170 170 170 170 170 170 170 170 170 170 170 170 170 170 171 171 173 173 173 174 175 176 176 176 178 178 179 179 180 181 181 224 224 226 226 226 227 227 228 229 229 230 230 230 232 232 232 233 233 233 235 235 236 236 236 237 237 237 239 239 239 240 240 240 240 241 241 241 242 242 242 243
170 170 170 170 170 170 170 170 170 170 170 170 170 170 170 170 170 170 170 170 170 170 170 170 170 170 170 170 170 170 170 170 170 170 170 171 171 173 173 174 174 176 176 176 177 178 179 179 179 180 181 182 182 224 226 226 227 227 227 229 229 230 230 230 232 232 232 233 233 233 235 235 236 236 236 237 237 238 239 239 239 240 240 240 241 241 241 242 242 242 242 243 243 244
170 170 170 170 170 170 170 170 170 170 170 170 170 170 170 170 170 170 170 170 170 170 170 170 170 170 170 170 170 170 170 170 170 171 171 172 173 173 174 174 176 176 177 177 178 179 179 180 180 182 182 182 225 226 227 227 227 228 229 229 230 230 231 232 232 233 233 233 235 235 236 236 236 237 237 238 239 239 239 240 240 240 241 241 241 243 243 243 244 244 244 245 245 245
170 170 170 170 170 170 170 170 170 170 170 170 170 170 170 170 170 170 170 170 170 170 170 170 170 170 170 170 170 170 170 170 171 171 172 172 174 174 175 176 176 177 177 178 179 180 180 180 182 182 183 183 226 227 227 228 228 229 230 230 231 232 232 233 233 233 234 235 236 236 236 237 237 238 239 239 239 240 240 240 241 242 242 243 243 243 244 244 244 245 245 245 246 246
170 170 170 170 170 170 170 170 170 170 170 170 170 170 170 170 170 170 170 170 170 170 170 170 170 170 170 170 170 170 170 171 172 172 173 174 174 175 175 177 177 178 178 179 180 180 181 182 183 183 183 185 227 228 228 229 230 230 231 231 232 233 233 233 234 235 236 236 236 237 237 238 239 239 239 240 240 241 242 242 243 243 243 244 244 244 244 245 245 245 246 246 246 247
170 170 170 170 170 170 170 170 170 170 170 170 170 170 170 170 170 170 170 170 170 170 170 170 170 170 170 170 170 170 171 172 172 173 174 175 175 176 177 177 178 178 180 180 181 181 182 183 183 184 185 227 228 228 230 230 230 231 231 233 233 233 234 234 236 236 236 237 237 238 239 239 239 240 240 241 242 242 243 243 243 244 244 244 245 245 246 247 247 247 247 248 248 248
170 170 170 170 170 170 170 170 170 170 170 170 170 170 170 170 170 170 170 170 170 170 170 170 170 170 170 170 170 171 172 173 173 173 175 175 176 177 178 178 179 180 180 181 181 183 183 184 184 185 186 228 229 230 230 231 231 232 233 233 234 234 235 236 236 237 237 237 239 239 240 240 240 241 242 242 243 243 243 244 244 244 246 246 246 247 247 247 248 248 248 249 249 249
170 170 170 170 170 170 170 170 170 170 170 170 170 170 170 170 170 170 170 170 170 170 170 170 170 170 170 170 171 172 173 173 174 175 176 176 176 178 178 179 180 181 181 182 183 183 184 184 186 186 186 229 229 231 231 231 232 233 234 234 234 236 236 237 237 237 238 239 240 240 240 241 242 242 243 243 243 244 244 245 246 246 246 247 247 247 248 248 248 249 249 249 250 250
170 170 170 170 170 170 170 170 170 170 170 170 170 170 170 170 170 170 170 170 170 170 170 170 170 170 171 171 172 173 173 174 175 176 176 177 178 179 179 179 181 181 182 182 184 184 184 185 186 187 229 230 231 231 232 232 234 234 234 235 236 237 237 237 238 239 239 240 240 241 241 242 243 243 243 244 244 245 246 246 246 247 247 247 248 248 248 250 250 250 251 251 251 252
170 170 170 170 170 170 170 170 170 170 170 170 170 170 170 170 170 170 170 170 170 170 170 170 170 171 171 172 173 174 174 175 176 177 177 178 179 179 180 181 182 182 182 184 184 185 185 187 187 187 230 231 232 232 233 234 234 235 235 237 237 237 238 238 239 240 240 241 241 242 243 243 243 244 244 245 246 246 247 247 247 248 248 249 250 250 250 251 251 251 252 252 252 252
170 170 170 170 170 170 170 170 170 170 170 170 170 170 170 170 170 170 170 170 170 170 170 170 171 171 172 172 174 174 175 176 177 177 178 179 180 180 181 182 182 183 184 185 185 185 187 187 188 188 232 232 232 233 234 235 235 235 237 237 238 238 238 240 240 241 241 241 243 243 243 244 244 246 246 246 247 247 247 248 249 249 250 250 250 251 251 251 252 252 252 253 253 253
170 170 170 170 170 170 170 170 170 170 170 170 170 170 170 170 170 170 170 170 170 170 170 170 172 172 173 174 175 175 175 177 177 178 179 180 180 181 182 183 183 183 185 185 186 187 188 188 188 190 232 233 233 235 235 235 236 237 238 238 238 239 240 240 241 241 242 243 243 244 244 245 246 246 247 247 247 248 249 249 250 250 250 251 251 251 252 252 253 254 254 254 255 255
170 170 170 170 170 170 170 170 170 170 170 170 170 170 170 170 170 170 170 170 170 170 170 172 172 173 173 175 175 176 177 178 178 179 180 180 181 182 183 183 184 185 186 186 186 188 188 189 190 233 233 233 235 235 236 236 237 238 238 239 239 240 241 241 242 243 243 244 244 244 246 246 247 247 247 248 249 249 250 250 250 251 251 251 253 253 253 254 254 254 255 255 255 256
170 170 170 170 170 170 170 170 170 170 170 170 170 170 170 170 170 170 170 170 170 171 171 173 173 173 175 175 176 176 178 178 179 180 181 181 182 183 183 184 185 186 186 187 188 189 189 189 191 233 234 234 236 236 236 237 238 239 239 239 241 241 242 242 243 244 244 244 245 246 247 247 247 248 249 249 250 250 250 251 251 253 253 253 254 254 254 255 255 255 256 256 256 256
170 170 170 170 170 170 170 170 170 170 170 170 170 170 170 170 170 170 170 170 171 171 173 173 174 174 176 176 177 178 178 179 179 181 181 182 183 184 184 185 186 186 187 188 189 189 190 191 192 234 234 236 236 237 237 238 239 239 240 241 241 242 242 244 244 244 245 245 247 247 247 248 248 249 250 250 251 251 251 253 253 253 254 254 254 255 255 255 256 257 257 258 258 258
170 170 170 170 170 170 170 170 170 170 170 170 170 170 170 170 170 170 170 171 171 172 173 174 174 176 176 177 177 179 179 180 181 182 182 182 184 184 185 186 187 187 188 189 189 190 191 192 234 235 236 236 237 237 239 239 240 240 241 242 242 243 244 244 245 245 246 247 247 248 248 248 250 250 251 251 251 253 253 253 254 254 254 255 255 256 257 257 257 258 258 258 259 259
170 170 170 170 170 170 170 170 170 170 170 170 170 170 170 170 170 170 171 172 172 174 174 175 175 176 177 177 179 179 180 180 182 182 183 184 185 185 186 187 187 188 189 190 190 191 192 192 235 235 237 237 238 239 239 240 240 242 242 242 243 244 245 245 245 246 247 248 248 248 250 250 251 251 251 252 253 253 254 254 254 255 256 256 257 257 257 258 258 258 259 259 259 260
189 170 170 170 170 170 170 170 170 170 170 170 170 170 170 170 170 170 172 172 173 174 175 175 177 177 178 178 180 180 181 182 182 183 183 185 185 186 187 188 188 189 190 190 191 192 193 193 236 237 237 238 238 240 240 241 241 242 243 243 244 245 245 246 246 248 248 248 249 250 250 251 251 252 253 253 254 254 254 255 256 256 257 257 258 258 258 259 259 259 261 261 261 261
189 191 170 170 170 170 170 170 170 170 170 170 170 170 170 170 170 172 172 173 173 175 175 176 177 178 178 180 180 181 181 183 183 184 185 185 186 186 188 188 189 190 191 191 192 193 193 194 237 238 238 239 240 240 241 241 243 243 243 244 245 246 246 246 248 248 249 249 250 251 251 252 252 253 254 254 254 255 256 257 257 257 258 258 258 259 260 260 261 261 261 262 262 262
190 191 192 192 170 170 170 170 170 170 170 170 170 170 170 171 171 173 173 174 175 176 176 176 178 178 179 180 181 181 183 183 184 184 186 186 187 188 189 189 189 191 191 192 193 194 194 237 238 238 239 240 241 241 242 243 243 244 244 246 246 246 247 248 249 249 249 251 251 252 252 252 254 254 254 255 255 257 257 257 258 258 258 260 260 260 261 261 261 262 262 262 263 263
191 192 193 194 195 170 170 170 170 170 170 170 170 170 171 171 172 173 174 174 176 176 177 178 179 179 180 181 182 182 183 184 184 186 186 187 187 189 189 190 191 192 192 192 194 194 195 238 239 239 240 241 241 242 243 244 244 244 246 246 247 247 249 249 249 250 251 251 252 252 253 254 254 255 255 257 257 257 258 258 258 260 260 260 261 261 261 262 262 262 263 263 264 265
192 193 193 195 195 196 170 170 170 170 170 170 170 171 171 172 173 174 174 175 176 177 177 179 179 180 181 182 182 183 184 185 185 187 187 188 189 189 190 190 192 192 193 194 195 195 195 239 239 240 241 242 242 243 244 244 245 245 247 247 247 249 249 250 250 251 252 252 253 253 254 255 255 256 257 257 258 258 258 260 260 260 261 261 261 262 262 263 264 264 264 265 265 265
193 193 194 195 196 196 198 170 170 170 170 170 170 171 172 172 174 174 175 176 177 177 178 179 180 180 182 182 183 184 185 185 186 187 188 188 190 190 191 192 192 193 193 195 195 196 239 240 240 240 242 242 243 244 245 245 245 247 247 248 248 250 250 250 251 252 253 253 253 255 255 255 256 257 258 258 258 259 260 260 261 261 262 262 263 264 264 264 265 265 265 266 266 266
193 194 194 196 196 197 198 199 170 170 170 170 172 172 173 173 175 175 176 177 178 178 180 180 181 181 183 183 184 185 185 186 187 188 188 189 190 191 191 193 193 194 195 196 196 196 240 240 241 242 243 243 243 245 245 246 247 248 248 248 250 250 251 251 252 253 253 254 255 255 256 256 258 258 258 259 259 260 261 261 262 262 263 264 264 264 265 265 265 266 266 266 267 267
194 194 196 197 197 198 199 200 200 202 170 171 172 173 173 175 175 176 176 178 178 179 180 181 181 183 183 184 184 186 186 187 188 189 189 191 191 191 192 193 194 194 196 196 197 198 241 241 241 243 243 244 245 246 246 246 248 248 249 250 251 251 251 253 253 254 254 255 256 256 257 258 258 259 259 259 261 261 262 262 262 264 264 264 265 265 265 266 267 267 268 268 268 269
