testData/tiles/oneDegreeCosts/grid23.0-22.0-24.0-23.0.asc
ncols   200
nrows   200
xllcorner   23.0
yllcorner   22.0
cellsize   0.005
NODATA_value   -9999.0
[rows 126 to 167 of 200, columns 94 to 187 of 200]
727 751 767 779 788 797 805 810 815 818 821 823 826 828 831 832 834 835 835 835 834 833 833 830 828 825 821 817 812 807 801 793 784 774 761 745 721 684 684 684 684 684 684 684 684 684 684 684 685 685 685 685 685 685 685 685 685 685 685 685 685 685 685 685 685 685 706 714 721 726 730 734 737 740 743 745 747 748 750 751 752 753 753 753 753 753 753 753 752 752 751 750 749 747
729 751 768 779 789 798 805 810 815 820 822 823 826 829 832 833 834 835 835 835 835 834 833 831 828 825 822 818 813 807 801 793 784 775 763 746 723 684 684 684 684 684 684 685 685 685 685 685 685 685 685 685 685 685 685 685 685 685 685 685 685 685 685 686 686 686 707 715 721 726 730 734 737 740 743 745 747 748 750 751 752 753 753 754 754 754 754 754 752 752 751 750 749 747
729 752 769 780 790 798 805 811 816 820 822 823 827 830 832 833 834 835 836 836 835 834 833 831 829 826 822 818 813 807 802 794 786 775 763 747 723 684 684 685 685 685 685 685 685 685 685 685 685 685 685 686 686 686 686 686 686 686 686 686 686 686 686 686 686 686 707 715 722 727 731 735 738 741 744 746 748 749 751 752 752 753 753 754 754 754 754 754 753 753 752 751 749 747
729 753 769 780 791 799 806 812 816 820 823 824 827 830 832 833 836 836 836 836 836 835 834 832 829 826 822 818 814 809 802 794 786 775 763 748 724 685 685 685 685 685 685 685 685 686 686 686 686 686 686 686 686 686 686 686 686 686 686 686 686 686 686 686 686 686 707 715 722 727 731 735 738 741 744 746 748 749 751 752 753 754 754 755 755 755 754 754 753 753 752 751 750 748
731 754 769 781 792 800 806 812 816 821 824 825 827 830 833 834 836 836 837 837 837 835 834 832 829 827 824 819 814 809 802 795 787 777 764 748 725 685 685 685 685 686 686 686 686 686 686 686 686 686 686 686 686 686 686 687 687 687 687 687 687 687 687 687 687 687 708 716 723 728 732 736 739 742 745 747 748 749 751 752 753 754 754 755 755 755 755 755 754 754 752 751 750 748
731 754 770 782 792 800 806 813 817 821 825 825 828 831 833 835 836 837 838 837 837 836 834 833 830 827 824 819 814 810 803 796 787 777 764 748 725 686 686 686 686 686 686 686 686 686 686 686 687 687 687 687 687 687 687 687 687 687 687 687 687 687 687 687 687 687 708 716 723 728 732 736 739 742 744 747 749 750 752 753 754 755 755 755 755 755 755 755 754 754 753 752 751 749
731 755 770 782 792 801 807 813 818 821 826 826 828 831 833 836 837 837 838 837 837 837 835 833 830 827 824 820 816 810 803 796 787 777 765 749 726 686 686 686 686 686 686 687 687 687 687 687 687 687 687 687 687 687 687 687 687 687 687 687 687 688 688 688 688 688 709 717 724 729 732 736 739 742 744 747 749 750 752 753 754 755 755 756 756 756 756 756 754 754 753 752 751 749
733 756 770 782 793 801 807 813 819 823 826 827 829 832 834 836 837 838 838 839 838 837 835 833 832 828 825 821 816 810 803 797 788 778 765 750 727 686 686 687 687 687 687 687 687 687 687 687 687 687 687 688 688 688 688 688 688 688 688 688 688 688 688 688 688 688 709 717 724 729 733 737 740 743 745 748 750 751 753 754 754 755 755 756 756 756 756 756 755 755 754 753 751 749
733 756 772 784 793 801 808 815 820 823 826 829 830 832 834 836 837 839 839 839 838 837 836 834 832 829 825 821 817 811 805 797 788 778 766 750 728 687 687 687 687 687 687 687 687 688 692 688 688 688 688 688 688 688 688 688 688 688 688 688 688 688 688 688 688 688 709 717 724 729 733 737 740 743 745 748 750 751 753 754 755 756 756 757 757 757 756 756 755 755 754 753 752 750
734 757 772 784 793 802 809 815 820 824 827 829 830 832 834 837 838 839 839 839 839 838 836 834 832 829 826 822 817 811 805 797 792 783 771 755 732 691 691 691 691 692 692 692 692 692 692 692 692 692 692 692 692 692 693 693 693 693 693 693 693 689 689 689 689 689 710 718 724 730 734 738 741 744 746 749 750 751 753 754 755 756 756 757 757 757 757 757 756 756 754 753 752 885
736 758 773 784 795 802 810 815 821 825 827 829 830 833 835 837 838 839 840 840 839 838 836 834 833 830 830 826 821 815 810 802 794 783 771 755 733 691 692 692 692 692 692 692 692 692 692 692 693 693 693 693 693 693 693 693 693 693 693 693 693 693 693 693 693 693 714 718 724 730 734 738 741 744 746 749 750 752 754 755 756 757 757 757 757 757 757 757 756 756 755 889 888 885
736 758 774 786 795 802 810 816 821 825 827 831 831 833 835 837 839 840 840 840 839 842 841 839 837 834 830 826 822 816 810 802 794 783 771 756 735 693 693 693 693 693 693 694 694 694 694 694 694 694 694 694 694 694 694 694 694 693 693 693 694 694 694 694 694 694 715 723 729 735 739 742 741 744 746 749 750 752 754 755 756 757 757 758 758 758 758 758 756 756 890 889 888 886
737 760 774 787 796 804 811 816 821 825 829 831 831 833 837 838 839 844 844 844 844 843 842 839 837 835 831 827 822 817 811 803 797 787 774 759 737 695 695 695 696 696 696 696 696 696 696 696 696 696 696 697 697 697 697 697 697 696 696 696 696 695 695 695 694 694 715 723 729 735 739 743 746 749 751 754 751 753 755 756 756 757 757 758 758 758 758 758 757 892 891 889 888 886
738 760 774 787 797 805 812 816 822 826 829 831 831 835 841 842 843 844 845 845 844 843 842 842 839 836 833 829 824 820 814 807 799 789 776 761 739 698 698 698 698 698 698 698 698 698 699 699 699 699 699 699 699 699 699 699 698 698 698 698 698 697 697 697 696 696 717 724 730 736 739 743 746 749 751 754 755 757 759 756 757 758 758 759 759 758 758 758 892 892 891 890 889 887
739 760 775 788 797 806 813 819 823 826 833 836 836 839 841 842 844 845 845 846 845 846 845 843 841 838 835 832 827 823 816 809 801 792 779 764 742 700 700 700 700 700 701 701 701 701 701 701 701 701 701 701 701 701 702 702 701 701 701 701 701 700 700 700 699 699 720 727 733 738 742 746 748 751 752 754 756 757 758 760 761 762 762 759 759 759 759 894 893 892 891 890 888 887
739 761 777 788 797 807 813 819 827 832 834 836 836 839 842 843 845 847 847 849 848 848 847 845 843 841 838 834 829 825 818 812 804 794 782 766 744 702 703 703 703 703 703 703 703 703 703 703 704 704 704 704 704 704 704 704 703 703 703 703 703 702 702 702 701 701 722 729 735 740 744 748 750 753 754 756 757 758 759 761 762 762 763 763 763 759 894 894 893 892 892 891 889 887
740 761 777 788 798 811 817 823 828 832 835 836 839 841 844 845 848 849 850 850 851 849 849 848 846 843 840 836 832 828 821 814 805 796 784 769 747 705 705 705 705 705 705 705 706 706 706 706 706 706 706 706 706 706 706 706 705 705 705 706 705 705 705 705 704 704 725 732 738 743 747 750 752 754 756 757 759 760 761 762 763 762 763 764 899 899 899 898 893 892 892 891 889 888
740 761 778 793 802 811 818 824 828 832 837 841 841 843 846 847 851 851 852 852 853 852 852 850 848 845 843 839 834 830 823 816 808 799 787 771 749 707 707 707 708 708 708 708 708 708 708 708 708 708 708 709 709 709 709 709 708 708 708 708 707 707 707 707 706 706 726 734 740 744 749 752 755 757 759 760 762 763 764 765 764 764 764 899 899 899 899 899 898 897 893 891 889 888
745 767 782 793 802 812 818 825 831 835 840 843 843 846 849 851 853 853 855 855 856 855 854 852 851 848 845 841 837 832 826 819 810 801 789 774 752 710 710 710 710 710 710 710 710 710 711 711 711 711 711 711 711 711 711 711 710 710 710 710 709 709 709 709 708 708 728 736 742 746 751 754 757 759 761 762 764 765 766 767 767 767 902 902 902 900 899 899 898 897 897 896 894 889
746 767 782 793 804 813 821 827 833 837 842 845 847 849 851 854 855 856 858 857 858 857 857 855 853 850 847 843 840 834 829 821 812 803 792 777 755 712 712 712 712 712 713 713 713 713 713 713 713 713 713 713 713 713 714 714 713 713 713 713 712 712 712 711 711 711 731 738 745 749 754 757 760 762 764 765 767 767 767 769 769 904 904 903 903 903 902 900 900 897 897 896 894 893
747 768 784 796 807 815 824 830 835 841 844 847 849 851 853 857 858 858 860 859 861 860 859 857 854 852 850 847 842 836 831 823 816 806 794 779 757 713 714 715 715 715 715 715 715 715 715 715 716 716 716 716 716 716 716 715 715 715 715 715 714 714 714 713 713 713 733 740 746 751 756 759 762 764 766 767 768 770 770 772 907 906 907 905 905 905 904 902 901 900 899 897 894 893
748 771 787 798 809 818 826 831 838 844 847 849 852 853 856 859 860 862 862 863 863 862 861 859 858 855 852 849 844 839 834 826 818 809 796 781 760 716 717 717 717 717 717 717 718 718 718 718 718 718 718 718 718 718 718 717 717 717 718 718 717 717 717 716 716 716 736 743 749 754 759 761 765 766 767 769 770 772 772 909 909 908 909 908 908 907 907 904 903 901 901 899 896 894
751 773 789 801 813 820 828 833 841 846 849 852 855 855 858 861 862 865 865 866 864 864 863 862 860 858 854 852 847 841 836 828 820 812 800 784 762 718 719 719 719 720 720 720 720 720 720 720 720 720 720 721 721 721 721 720 720 720 720 720 719 719 719 718 718 718 738 745 751 756 760 763 766 769 770 772 773 775 910 911 911 910 910 910 910 909 909 907 906 904 902 901 898 896
754 774 791 804 815 823 829 837 843 848 851 855 857 857 860 864 865 867 867 868 868 867 865 864 862 861 857 854 849 843 838 831 823 813 802 786 765 720 722 722 722 722 722 722 722 722 723 723 723 723 723 723 723 723 723 722 722 722 722 721 721 721 721 720 720 720 740 747 753 758 762 765 768 771 772 774 775 912 912 912 914 913 913 913 913 911 910 909 908 906 905 902 901 898
755 777 794 806 817 826 833 839 845 850 854 857 860 859 863 865 867 869 870 871 870 870 867 867 865 863 859 855 851 846 841 834 825 815 804 789 768 723 724 724 724 724 725 725 725 725 725 725 725 725 725 725 725 725 726 725 725 725 725 724 724 724 724 723 723 722 743 750 756 761 765 768 771 774 775 777 913 913 914 914 915 915 915 914 915 914 913 911 911 908 906 904 902 900
758 781 796 808 819 828 835 842 849 852 856 859 862 862 865 867 869 872 872 873 872 873 871 870 867 865 861 858 854 848 843 836 828 818 807 792 770 725 726 727 727 727 727 727 727 727 727 727 728 728 728 728 728 728 728 727 727 727 727 726 726 726 726 725 725 724 745 752 758 763 767 770 773 775 777 914 915 916 917 917 917 918 918 916 917 916 915 913 912 911 909 907 904 902
760 783 798 810 821 830 837 846 850 855 858 863 864 864 867 870 872 873 874 875 875 875 873 872 870 868 864 860 856 851 845 839 830 820 809 794 772 728 728 729 729 729 729 729 730 730 730 730 730 730 730 730 730 730 729 729 729 729 730 729 729 729 728 728 728 727 748 755 761 766 770 773 776 777 914 915 917 918 919 919 919 920 920 919 919 919 918 915 914 912 911 909 907 905
762 785 800 812 823 833 840 847 852 858 862 865 866 866 870 872 874 875 877 877 877 877 876 875 873 870 866 862 859 854 847 841 832 822 812 797 775 730 730 731 731 732 732 732 732 732 732 732 732 732 732 733 733 733 732 732 732 732 732 731 731 731 730 730 730 729 750 756 763 768 772 775 778 914 917 918 920 921 921 922 921 921 922 921 921 920 920 918 917 915 912 911 909 907
765 787 802 814 826 835 842 849 855 860 864 867 870 870 872 874 876 878 879 879 879 879 879 877 875 872 870 865 861 856 849 843 835 825 814 799 778 732 733 734 734 734 734 734 734 734 734 735 735 735 735 735 735 735 734 734 734 734 734 733 733 733 732 732 732 731 752 758 765 769 773 776 915 916 919 920 922 923 923 924 924 924 925 924 923 922 921 920 919 917 915 913 911 909
767 789 804 817 828 836 844 852 857 862 865 870 872 873 874 877 878 880 881 881 882 881 881 879 878 875 872 868 864 858 852 846 837 827 816 801 781 735 735 736 736 736 736 737 737 737 737 737 737 737 737 737 737 737 737 737 737 737 737 736 736 736 735 735 735 734 755 761 768 772 776 779 918 919 922 923 924 925 925 926 926 926 926 926 926 925 924 922 921 919 917 915 913 911
769 791 807 820 829 838 847 854 859 863 868 872 874 874 878 880 880 882 884 884 884 883 883 882 880 877 874 870 867 862 854 848 839 830 819 804 783 737 737 738 739 739 739 739 739 739 739 739 739 740 740 740 740 740 739 739 739 739 739 738 738 738 737 737 737 736 757 763 770 774 778 916 919 921 924 925 926 928 928 928 929 929 928 927 927 927 925 924 923 922 920 917 915 913
772 794 808 822 833 841 849 856 862 866 870 874 877 878 880 882 883 885 885 886 886 886 886 884 882 879 877 873 868 864 857 851 843 833 820 806 785 740 740 741 741 741 741 741 741 742 742 742 742 742 742 742 742 742 741 741 741 742 741 741 741 741 740 740 739 739 760 766 773 777 916 919 922 924 925 927 928 930 930 930 931 931 931 930 930 930 927 926 925 923 921 920 918 916
774 796 811 825 835 843 852 859 863 868 873 877 878 880 882 884 886 888 887 889 889 888 888 886 885 882 880 875 870 867 861 854 845 835 823 809 788 742 742 743 743 743 744 744 744 744 744 744 744 744 744 745 745 745 744 744 744 744 743 743 743 743 742 742 741 741 762 768 774 914 918 921 924 926 928 930 931 932 933 933 932 933 933 932 931 932 930 929 928 925 923 921 919 918
777 799 815 828 837 845 855 860 866 870 876 878 881 882 885 886 889 890 891 891 891 890 891 889 887 884 882 878 874 869 863 855 848 838 826 812 791 744 744 745 746 746 746 746 746 746 746 747 747 747 747 747 747 746 746 746 746 746 745 745 745 744 744 744 743 744 764 770 911 916 920 923 925 928 930 932 933 934 935 935 935 935 936 935 933 932 932 931 930 928 926 924 921 919
779 802 817 830 840 847 856 862 868 873 878 880 884 885 886 888 891 892 893 894 894 893 892 891 888 886 884 880 876 871 865 858 851 841 829 814 794 747 747 747 748 748 748 748 749 749 749 749 749 749 749 749 749 748 749 749 749 749 748 748 748 747 747 747 746 746 766 908 913 919 922 926 928 931 933 934 936 936 936 937 937 937 938 937 936 935 934 932 932 930 928 926 924 922
782 804 819 831 842 850 859 865 871 876 879 883 886 887 888 892 894 894 895 897 897 897 894 893 891 889 886 883 878 874 868 860 853 843 832 818 796 749 749 749 750 751 751 751 751 751 751 751 751 752 752 752 752 751 751 751 751 751 750 750 750 749 749 749 748 748 903 909 915 921 924 928 930 933 935 936 938 938 939 940 940 940 939 939 938 937 936 935 934 932 930 928 926 923
783 805 820 834 844 852 862 868 873 877 882 885 888 888 891 894 896 896 899 899 899 899 898 896 893 891 888 886 881 876 870 862 856 846 834 820 799 751 752 752 753 753 753 753 753 754 754 754 754 754 754 754 754 753 753 753 753 754 753 753 753 752 752 752 751 751 906 912 918 924 927 931 933 936 937 938 940 940 941 941 942 942 942 941 941 940 938 937 936 934 932 930 928 924
785 807 823 836 846 856 864 870 875 880 884 887 890 892 893 896 897 899 901 900 901 902 900 899 895 894 891 888 883 878 873 865 858 848 836 822 802 755 754 754 755 755 756 756 756 756 756 756 756 756 756 757 757 756 756 756 756 756 755 755 755 754 754 754 753 888 908 914 920 926 929 933 935 937 940 941 942 943 944 944 944 944 944 943 942 942 941 940 939 936 934 932 930 927
787 810 825 838 849 859 865 871 878 883 887 890 892 894 895 899 900 901 903 903 904 903 902 901 899 897 893 890 886 880 875 868 860 850 839 824 804 757 757 756 758 758 758 758 758 758 758 759 759 759 759 759 759 758 758 758 758 757 757 757 757 756 757 756 891 891 911 917 923 928 931 934 937 939 942 943 944 945 946 946 946 947 947 946 944 943 942 942 941 939 937 934 932 929
790 812 827 840 850 860 867 874 880 886 891 892 895 896 898 900 902 903 906 905 906 905 905 904 902 899 896 893 888 882 877 870 863 853 841 826 806 760 760 760 759 760 760 760 761 761 761 761 761 761 761 761 760 760 761 761 761 760 760 760 760 759 759 893 893 893 913 919 925 931 934 937 940 942 945 946 947 946 948 948 948 948 949 948 947 946 945 943 942 940 939 937 935 932
792 813 829 842 852 862 870 876 882 889 892 895 898 899 900 902 904 906 907 907 908 908 907 905 904 902 899 895 890 884 880 873 864 855 843 829 810 762 762 762 762 763 763 763 763 763 763 763 763 764 764 764 763 763 763 763 763 762 762 762 761 761 761 895 895 894 915 920 927 931 936 939 942 944 946 948 949 949 951 951 951 951 949 950 949 948 947 946 944 943 940 938 936 933
794 816 831 844 854 865 872 878 885 890 894 898 901 902 901 904 907 909 909 910 911 910 909 907 907 904 901 897 894 887 882 875 866 858 846 831 812 764 764 765 765 766 765 765 765 765 766 766 766 766 766 766 765 765 765 765 765 765 765 765 764 764 899 898 898 897 918 923 930 934 939 942 945 947 947 950 951 951 952 953 953 953 952 952 952 950 949 948 946 945 943 941 938 935
