testData/tiles/oneDegreeCosts/grid10.0-4.0-11.0-5.0.asc
ncols   200
nrows   200
xllcorner   10.0
yllcorner   4.0
cellsize   0.005
NODATA_value   -9999.0
[rows 42 to 83 of 200, columns 94 to 187 of 200]
411 411 411 411 411 411 411 411 411 411 411 411 411 411 411 411 411 411 411 411 411 411 411 411 411 411 411 411 411 411 411 411 411 411 411 411 411 411 411 411 411 411 411 411 411 411 411 411 411 411 411 411 411 411 411 411 411 411 412 413 415 417 417 419 420 422 422 424 425 427 427 429 430 431 432 434 435 435 437 438 439 440 442 442 455 510 511 513 513 520 529 536 544 549
411 411 411 411 411 411 411 411 411 411 411 411 411 411 411 411 411 411 411 411 411 411 411 411 411 411 411 411 411 411 411 411 411 411 411 411 411 411 411 411 411 411 411 411 411 411 411 411 411 411 411 411 411 411 411 411 411 411 412 413 415 416 418 418 420 421 423 423 425 426 428 428 430 431 432 433 435 435 437 438 439 440 441 442 455 511 511 512 513 519 529 535 542 550
411 411 411 411 411 411 411 411 411 411 411 411 411 411 411 411 411 411 411 411 411 411 411 411 411 411 411 411 411 411 411 411 411 411 411 411 411 411 411 411 411 411 411 411 411 411 411 411 411 411 411 411 411 411 411 411 411 411 412 413 415 416 418 419 420 421 423 424 425 426 428 428 430 431 433 433 435 436 436 438 439 440 441 443 455 510 511 512 514 519 527 536 541 549
411 411 411 411 411 411 411 411 411 411 411 411 411 411 411 411 411 411 411 411 411 411 411 411 411 411 411 411 411 411 411 411 411 411 411 411 411 411 411 411 411 411 411 411 411 411 411 411 411 411 411 411 411 411 411 411 411 411 412 414 415 416 417 419 420 421 423 424 426 426 428 429 429 431 432 434 434 436 437 438 439 441 441 442 455 510 512 512 513 519 527 535 541 548
411 411 411 411 411 411 411 411 411 411 411 411 411 411 411 411 411 411 411 411 411 411 411 411 411 411 411 411 411 411 411 411 411 411 411 411 411 411 411 411 411 411 411 411 411 411 411 411 411 411 411 411 411 411 411 411 411 411 412 414 415 417 417 419 420 422 422 424 425 427 427 429 430 431 432 434 434 436 437 437 439 440 441 442 456 510 511 513 513 519 525 533 541 547
411 411 411 411 411 411 411 411 411 411 411 411 411 411 411 411 411 411 411 411 411 411 411 411 411 411 411 411 411 411 411 411 411 411 411 411 411 411 411 411 411 411 411 411 411 411 411 411 411 411 411 411 411 411 411 411 411 411 412 413 415 416 418 418 420 422 423 424 425 427 427 429 430 432 432 433 435 435 437 438 439 440 442 442 455 456 511 513 513 517 526 533 541 547
411 411 411 411 411 411 411 411 411 411 411 411 411 411 411 411 411 411 411 411 411 411 411 411 411 411 411 411 411 411 411 411 411 411 411 411 411 411 411 411 411 411 411 411 411 411 411 411 411 411 411 411 411 411 411 411 411 411 412 413 415 416 418 419 420 421 423 424 425 426 428 428 430 431 432 433 435 436 437 438 438 440 441 442 455 457 511 512 514 516 525 532 539 547
411 411 411 411 411 411 411 411 411 411 411 411 411 411 411 411 411 411 411 411 411 411 411 411 411 411 411 411 411 411 411 411 411 411 411 411 411 411 411 411 411 411 411 411 411 411 411 411 411 411 411 411 411 411 411 411 411 411 412 414 414 416 417 419 421 421 423 424 425 426 428 429 430 431 433 433 434 436 436 438 439 440 441 443 455 456 512 512 514 516 524 533 539 546
411 411 411 411 411 411 411 411 411 411 411 411 411 411 411 411 411 411 411 411 411 411 411 411 411 411 411 411 411 411 411 411 411 411 411 411 411 411 411 411 411 411 411 411 411 411 411 411 411 411 411 411 411 411 411 411 411 411 412 414 415 416 417 419 420 421 422 424 425 426 427 429 430 431 432 434 434 436 437 438 439 440 441 442 455 456 512 512 513 516 523 532 539 546
411 411 411 411 411 411 411 411 411 411 411 411 411 411 411 411 411 411 411 411 411 411 411 411 411 411 411 411 411 411 411 411 411 411 411 411 411 411 411 411 411 411 411 411 411 411 411 411 411 411 411 411 411 411 411 411 411 411 412 413 415 416 417 419 420 422 422 424 425 427 427 429 430 431 432 434 434 435 437 437 439 440 441 442 456 456 511 513 513 516 522 531 539 545
411 411 411 411 411 411 411 411 411 411 411 411 411 411 411 411 411 411 411 411 411 411 411 411 411 411 411 411 411 411 411 411 411 411 411 411 411 411 411 411 411 411 411 411 411 411 411 411 411 411 411 411 411 411 411 411 411 411 412 413 415 416 418 418 420 421 423 423 425 426 428 428 430 431 432 433 435 435 437 438 439 440 441 442 455 457 511 513 513 514 523 581 589 596
411 411 411 411 411 411 411 411 411 411 411 411 411 411 411 411 411 411 411 411 411 411 411 411 411 411 411 411 411 411 411 411 411 411 411 411 411 411 411 411 411 411 411 411 411 411 411 411 411 411 411 411 411 411 411 411 411 411 412 414 414 416 417 419 420 421 423 424 425 426 428 428 430 431 433 433 435 436 436 438 439 440 441 442 443 456 511 563 565 565 572 580 588 596
411 411 411 411 411 411 411 411 411 411 411 411 411 411 411 411 411 411 411 411 411 411 411 411 411 411 411 411 411 411 411 411 411 411 411 411 411 411 411 411 411 411 411 411 411 411 411 411 411 411 411 411 411 411 411 411 411 411 412 414 415 416 417 419 420 421 422 424 425 426 427 429 429 431 432 433 434 436 436 438 439 440 441 442 494 507 563 563 564 565 572 581 588 595
411 411 411 411 411 411 411 411 411 411 411 411 411 411 411 411 411 411 411 411 411 411 411 411 411 411 411 411 411 411 411 411 411 411 411 411 411 411 411 411 411 411 411 411 411 411 411 411 411 411 411 411 411 411 411 411 411 411 412 413 415 416 417 419 420 422 422 424 425 426 427 429 430 431 432 434 434 436 437 437 439 491 492 493 494 507 562 563 564 566 571 579 587 594
411 411 411 411 411 411 411 411 411 411 411 411 411 411 411 411 411 411 411 411 411 411 411 411 411 411 411 411 411 411 411 411 411 411 411 411 411 411 411 411 411 411 411 411 411 411 411 411 411 411 411 411 411 411 411 411 411 411 411 413 415 416 418 418 420 421 423 423 425 426 427 428 430 430 432 433 434 435 488 488 490 491 492 493 494 507 562 564 564 565 570 579 587 594
411 411 411 411 411 411 411 411 411 411 411 411 411 411 411 411 411 411 411 411 411 411 411 411 411 411 411 411 411 411 411 411 411 411 411 411 411 411 411 411 411 411 411 411 411 411 411 411 411 411 411 411 411 411 411 411 411 411 412 413 414 416 417 419 420 421 423 423 425 426 428 428 430 431 432 484 486 486 488 489 489 491 492 493 494 507 562 563 564 565 571 578 586 592
411 411 411 411 411 411 411 411 411 411 411 411 411 411 411 411 411 411 411 411 411 411 411 411 411 411 411 411 411 411 411 411 411 411 411 411 411 411 411 411 411 411 411 411 411 411 411 411 411 411 411 411 411 411 411 411 411 411 412 414 414 416 417 419 419 421 422 424 424 426 427 428 480 482 483 484 485 487 487 489 490 491 492 493 494 507 562 563 564 565 569 578 585 592
411 411 411 411 411 411 411 411 411 411 411 411 411 411 411 411 411 411 411 411 411 411 411 411 411 411 411 411 411 411 411 411 411 411 411 411 411 411 411 411 411 411 411 411 411 411 411 411 411 411 411 411 411 411 411 411 411 411 412 413 415 415 417 419 420 421 422 424 425 477 478 480 480 482 483 484 485 487 487 489 490 490 492 493 494 507 508 563 564 565 569 576 584 591
411 411 411 411 411 411 411 411 411 411 411 411 411 411 411 411 411 411 411 411 411 411 411 411 411 411 411 411 411 411 411 411 411 411 411 411 411 411 411 411 411 411 411 411 411 411 411 411 411 411 411 411 411 411 411 411 411 411 411 413 415 416 417 418 420 421 473 474 476 476 478 479 481 481 483 484 485 486 488 488 490 491 492 493 493 507 508 563 564 565 568 576 583 591
411 411 411 411 411 411 411 411 411 411 411 411 411 411 411 411 411 411 411 411 411 411 411 411 411 411 411 411 411 411 411 411 411 411 411 411 411 411 411 411 411 411 411 411 411 411 411 411 411 411 411 411 411 411 411 411 411 411 412 413 414 416 417 469 471 472 474 474 476 477 478 479 481 481 483 484 485 486 488 488 489 491 491 493 494 507 508 563 564 565 567 575 583 590
411 411 411 411 411 411 411 411 411 411 411 411 411 411 411 411 411 411 411 411 411 411 411 411 411 411 411 411 411 411 411 411 411 411 411 411 411 411 411 411 411 411 411 411 411 411 411 411 411 411 411 411 411 411 411 411 411 411 412 412 465 467 468 470 470 472 473 474 475 477 478 479 480 482 482 484 485 486 487 489 489 491 492 493 494 506 508 563 564 565 566 574 582 590
411 411 411 411 411 411 411 411 411 411 411 411 411 411 411 411 411 411 411 411 411 411 411 411 411 411 411 411 411 411 411 411 411 411 411 411 411 411 411 411 411 411 411 411 411 411 411 411 411 411 411 411 411 411 411 411 411 411 463 464 465 466 468 469 470 472 473 475 475 477 478 479 480 482 483 484 485 487 487 489 489 490 492 492 494 507 508 563 563 565 566 574 582 588
411 411 411 411 411 411 411 411 411 411 411 411 411 411 411 411 411 411 411 411 411 411 411 411 411 411 411 411 411 411 411 411 411 411 411 411 411 411 411 411 411 411 411 411 411 411 411 411 411 411 411 411 411 411 411 459 460 461 462 464 466 466 468 469 471 471 473 474 476 476 478 479 480 481 483 483 485 486 487 488 490 490 492 493 494 507 507 563 564 565 566 572 581 589
411 411 411 411 411 411 411 411 411 411 411 411 411 411 411 411 411 411 411 411 411 411 411 411 411 411 411 411 411 411 411 411 411 411 411 411 411 411 411 411 411 411 411 411 411 411 411 411 411 411 411 411 411 455 457 458 460 461 462 464 465 467 467 469 471 472 473 474 476 476 478 479 481 481 483 484 485 486 488 488 490 490 491 493 493 495 508 563 564 564 566 572 581 588
411 411 411 411 411 411 411 411 411 411 411 411 411 411 411 411 411 411 411 411 411 411 411 411 411 411 411 411 411 411 411 411 411 411 411 411 411 411 411 411 411 411 411 411 411 411 411 411 411 411 451 452 454 456 456 458 460 461 463 463 465 467 468 469 470 472 472 474 475 477 477 479 480 481 482 484 484 486 487 488 489 491 491 493 493 494 508 562 564 565 566 572 579 588
411 411 411 411 411 411 411 411 411 411 411 411 411 411 411 411 411 411 411 411 411 411 411 411 411 411 411 411 411 411 411 411 411 411 411 411 411 411 411 411 411 411 411 411 411 411 411 411 448 449 450 452 454 455 457 458 459 461 463 463 465 466 468 468 470 472 473 474 475 477 478 479 480 482 482 484 485 486 487 489 489 491 491 492 494 494 508 562 564 565 565 571 578 587
411 411 411 411 411 411 411 411 411 411 411 411 411 411 411 411 411 411 411 411 411 411 411 411 411 411 411 411 411 411 411 411 411 411 411 411 411 411 411 411 411 411 411 411 411 443 444 446 448 449 450 452 453 455 457 458 459 461 462 464 464 466 468 469 470 471 473 474 475 476 478 478 480 481 482 483 485 485 487 488 489 490 492 492 494 494 507 563 563 565 565 569 579 586
411 411 411 411 411 411 411 411 411 411 411 411 411 411 411 411 411 411 411 411 411 411 411 411 411 411 411 411 411 411 411 411 411 411 411 411 411 411 411 411 411 411 411 440 441 442 444 446 447 449 451 452 453 455 456 458 460 460 462 464 465 466 467 469 470 471 473 474 475 476 478 479 480 481 483 483 485 486 487 488 490 490 491 492 493 495 507 563 563 564 566 569 578 584
411 411 411 411 411 411 411 411 411 411 411 411 411 411 411 411 411 411 411 411 411 411 411 411 411 411 411 411 411 411 411 411 411 411 411 411 411 411 411 411 411 436 438 439 441 443 444 445 447 449 450 452 454 454 456 458 459 461 462 463 465 466 467 469 470 472 472 474 475 476 477 479 479 481 482 483 484 486 486 488 489 490 491 493 493 495 507 508 564 564 566 568 576 584
411 411 411 411 411 411 411 411 411 411 411 411 411 411 411 411 411 411 411 411 411 411 411 411 411 411 411 411 411 411 411 411 411 411 411 411 411 411 430 432 434 436 437 439 441 443 444 446 447 448 450 452 454 455 456 457 459 461 461 463 465 466 468 468 470 471 472 474 475 477 477 479 480 481 482 484 484 486 487 488 489 490 491 492 493 494 508 508 564 564 565 568 575 584
411 411 411 411 411 411 411 411 411 411 411 411 411 411 411 411 411 411 411 411 411 411 411 411 411 411 411 411 411 411 411 411 411 411 411 411 427 429 431 433 434 435 437 439 441 442 444 446 447 448 450 452 453 455 457 457 459 460 462 463 464 466 467 468 470 471 473 473 475 476 477 478 480 480 482 483 484 485 487 487 489 490 491 492 494 494 507 508 563 565 565 568 574 582
411 411 411 411 411 411 411 411 411 411 411 411 411 411 411 411 411 411 411 411 411 411 411 411 411 411 411 411 411 411 411 411 411 411 424 425 427 429 430 432 434 436 438 438 440 442 444 445 447 449 450 451 453 455 456 458 459 460 462 463 464 466 467 469 469 471 472 473 475 476 478 478 480 481 482 483 485 485 487 488 489 490 490 492 493 494 507 508 563 564 565 566 574 582
411 411 411 411 411 411 411 411 411 411 411 411 411 411 411 411 411 411 411 411 411 411 411 411 411 411 411 411 411 411 411 411 422 423 424 425 426 428 430 432 434 435 437 439 441 442 443 445 447 449 450 451 453 454 456 458 458 460 461 463 465 465 467 468 470 471 472 474 474 476 477 478 479 481 481 483 484 485 486 488 488 490 491 492 493 494 507 508 563 564 565 566 573 581
411 411 411 411 411 411 411 411 411 411 411 411 411 411 411 411 411 411 411 411 411 411 411 411 411 411 411 411 411 411 420 421 422 423 424 425 426 428 430 431 433 435 437 439 441 442 443 445 447 448 450 452 452 454 456 457 459 460 461 463 464 465 467 468 470 470 472 473 475 476 477 479 479 481 482 483 484 486 486 488 489 490 491 491 493 494 495 508 563 564 565 566 572 580
411 411 411 411 411 411 411 411 411 411 411 411 411 411 411 411 411 411 411 411 411 411 411 411 411 411 411 411 419 420 421 422 423 424 425 426 427 428 429 431 433 435 437 438 440 442 444 445 446 448 450 451 453 454 455 457 459 460 461 463 464 466 466 468 469 471 472 473 475 475 477 478 479 480 482 482 484 485 486 487 489 489 491 492 493 494 494 508 563 564 565 566 572 579
411 411 411 411 411 411 411 411 411 411 411 411 411 411 411 411 411 411 411 411 411 411 411 411 411 411 417 418 419 420 421 422 423 424 425 426 427 428 430 432 434 434 436 438 440 442 443 445 447 448 449 451 453 454 455 457 458 460 462 462 464 465 467 468 469 471 471 473 474 476 477 478 480 480 482 483 484 485 487 487 489 489 490 492 492 494 495 508 563 563 565 565 571 579
411 411 411 411 411 411 411 411 411 411 411 411 411 411 411 411 411 411 411 411 411 411 411 411 415 416 417 418 419 420 421 422 423 424 425 426 427 428 430 431 433 435 437 438 439 441 443 445 447 448 449 451 452 454 456 456 458 460 461 462 464 465 467 467 469 470 472 473 474 476 476 478 479 480 481 483 483 485 486 487 488 490 490 492 492 494 495 507 563 563 565 566 569 578
411 411 411 411 411 411 411 411 411 411 411 411 411 411 411 411 411 411 411 411 411 411 413 414 415 416 417 418 419 420 421 422 423 424 425 426 427 428 429 431 433 435 437 438 439 441 443 444 446 448 450 450 452 454 455 457 458 459 461 463 463 465 466 468 469 470 472 472 474 475 477 478 479 481 481 483 484 485 486 488 488 489 490 491 493 493 495 507 563 564 564 566 568 577
411 411 411 411 411 411 411 411 411 411 411 411 411 411 411 411 411 411 411 411 411 412 413 414 415 416 417 418 419 420 421 423 424 424 425 426 427 428 429 431 433 434 436 438 440 442 442 444 446 448 449 451 452 453 455 457 458 459 461 462 464 465 466 468 469 470 471 473 474 475 477 477 479 480 481 482 484 484 486 487 488 489 491 491 493 493 494 508 508 564 564 566 568 575
411 411 411 411 411 411 411 411 411 411 411 411 411 411 411 411 411 411 411 411 411 412 413 414 415 416 418 419 420 421 422 423 424 425 426 427 428 429 429 430 432 434 436 438 439 441 443 444 446 447 449 451 452 453 455 456 458 459 460 462 464 464 466 467 469 470 471 473 474 475 476 478 478 480 482 482 484 485 486 487 487 489 490 491 492 494 494 508 508 563 564 565 568 574
411 411 411 411 411 411 411 411 411 411 411 411 411 411 411 411 411 411 411 411 411 412 413 414 416 417 418 419 420 421 422 423 424 425 426 427 428 429 430 431 432 434 435 437 439 441 443 444 445 447 449 450 452 454 454 456 458 459 460 462 463 465 466 467 469 470 471 472 474 475 476 478 478 480 481 482 483 485 485 487 488 489 490 491 492 493 494 507 508 563 565 565 566 574
411 411 411 411 411 411 411 411 411 411 411 411 411 411 411 411 411 411 411 411 411 412 414 415 416 417 418 419 420 421 422 423 424 425 426 427 428 429 430 431 432 434 435 437 439 441 442 444 446 447 448 450 452 453 454 456 457 459 461 461 463 465 466 467 468 470 471 472 474 475 476 477 479 479 481 482 483 484 485 486 488 488 490 491 492 493 494 507 509 563 564 565 566 573
