testData/tiles/oneDegreeCosts/grid32.0-22.0-33.0-23.0.asc
ncols   200
nrows   200
xllcorner   32.0
yllcorner   22.0
cellsize   0.005
NODATA_value   -9999.0
[rows 126 to 167 of 200, columns 94 to 187 of 200]
236 236 236 236 236 236 236 236 236 236 236 236 236 236 236 236 236 236 236 236 236 236 236 236 236 236 236 236 236 236 236 236 236 236 236 236 236 236 236 236 236 236 236 236 261 261 265 274 281 287 293 298 303 308 312 315 319 323 326 329 332 334 337 339 341 343 345 346 348 349 351 352 353 354 355 356 356 357 358 359 359 359 359 359 359 359 359 359 358 358 357 357 356 355
236 236 236 236 236 236 236 236 236 236 236 236 236 236 236 236 236 236 236 236 236 236 236 236 236 236 236 236 236 236 236 236 236 236 236 236 236 236 236 236 236 236 236 236 261 261 266 276 283 289 295 300 305 309 313 317 321 324 327 330 332 335 338 340 342 344 346 348 349 351 352 353 354 355 356 357 358 358 359 359 360 360 360 360 360 360 360 359 359 358 359 358 357 356
236 236 236 236 236 236 236 236 236 236 236 236 236 236 236 236 236 236 236 236 236 236 236 236 236 236 236 236 236 236 236 236 236 236 236 236 236 236 236 236 236 236 236 236 262 262 268 277 284 290 296 302 307 311 315 319 322 325 328 331 334 336 339 341 343 345 347 348 351 352 354 355 356 357 358 358 359 360 360 361 361 361 361 361 361 361 361 361 360 360 359 358 358 357
236 236 236 236 236 236 236 236 236 236 236 236 236 236 236 236 236 236 236 236 236 236 236 236 236 236 236 236 236 236 236 236 236 236 236 236 236 236 236 236 236 236 236 236 263 263 271 279 286 292 298 303 307 312 316 319 324 327 330 333 335 338 340 342 344 346 348 350 351 353 354 355 356 357 358 359 361 361 362 362 362 363 363 363 363 363 362 362 362 361 361 360 359 358
236 236 236 236 236 236 236 236 236 236 236 236 236 236 236 236 236 236 236 236 236 236 236 236 236 236 236 236 236 236 236 236 236 236 236 236 236 236 236 236 236 236 236 263 263 263 273 281 288 294 299 304 309 313 317 321 324 328 331 333 336 338 342 344 346 348 350 351 353 354 355 357 358 359 360 360 361 362 362 363 363 363 363 363 363 363 363 363 362 363 362 361 361 360
236 236 236 236 236 236 236 236 236 236 236 236 236 236 236 236 236 236 236 236 236 236 236 236 236 236 236 236 236 236 236 236 236 236 236 236 236 236 236 236 236 236 236 264 264 264 274 282 289 295 300 306 311 315 319 323 326 329 332 335 338 340 342 344 346 348 350 352 353 356 357 358 359 360 361 362 363 363 364 364 364 365 365 365 365 365 364 364 364 363 363 362 361 360
236 236 236 236 236 236 236 236 236 236 236 236 236 236 236 236 236 236 236 236 236 236 236 236 236 236 236 236 236 236 236 236 236 236 236 236 236 236 236 236 236 236 236 265 265 267 276 284 291 297 302 307 312 316 320 323 327 331 334 337 339 342 344 346 348 350 352 353 355 356 357 359 360 361 362 362 363 364 365 365 366 366 366 366 366 366 366 365 365 365 364 363 363 362
236 236 236 236 236 236 236 236 236 236 236 236 236 236 236 236 236 236 236 236 236 236 236 236 236 236 236 236 236 236 236 236 236 236 236 236 236 236 236 236 236 236 236 265 265 268 277 286 292 298 304 309 313 317 321 325 328 331 334 337 340 342 344 347 349 351 353 355 356 358 359 360 361 362 363 364 364 365 366 366 366 366 367 367 367 366 366 366 366 365 364 364 363 362
236 236 236 236 236 236 236 236 236 236 236 236 236 236 236 236 236 236 236 236 236 236 236 236 236 236 236 236 236 236 236 236 236 236 236 236 236 236 236 236 236 236 236 266 266 270 279 287 293 299 305 309 314 319 323 326 330 333 336 339 341 344 346 348 350 352 354 355 357 358 359 361 363 364 364 365 366 366 367 367 368 368 368 368 368 368 368 367 367 366 366 365 364 364
236 236 236 236 236 236 236 236 236 236 236 236 236 236 236 236 236 236 236 236 236 236 236 236 236 236 236 236 236 236 236 236 236 236 236 236 236 236 236 236 236 236 236 266 266 273 281 289 295 301 306 311 316 320 323 327 330 333 336 339 343 345 347 349 351 353 355 357 358 360 361 362 363 364 365 366 366 367 367 368 368 368 368 369 368 369 369 369 368 368 367 367 366 365
236 236 236 236 236 236 236 236 236 236 236 236 236 236 236 236 236 236 236 236 236 236 236 236 236 236 236 236 236 236 236 236 236 236 236 236 236 236 236 236 236 236 236 267 267 274 282 290 296 302 308 313 317 321 325 329 332 335 338 341 343 346 348 350 352 354 356 357 360 361 362 363 364 365 366 367 368 368 369 369 370 370 370 370 370 370 370 369 369 368 368 367 366 365
236 236 236 236 236 236 236 236 236 236 236 236 236 236 236 236 236 236 236 236 236 236 236 236 236 236 236 236 236 236 236 236 236 236 236 236 236 236 236 236 236 236 236 268 268 276 284 292 298 304 309 314 318 322 326 329 333 337 340 342 345 347 349 351 353 355 357 359 360 361 363 364 365 366 367 368 368 369 369 371 371 371 371 371 371 371 371 371 370 370 369 369 368 367
236 236 236 236 236 236 236 236 236 236 236 236 236 236 236 236 236 236 236 236 236 236 236 236 236 236 236 236 236 236 236 236 236 236 236 236 236 236 236 236 236 236 236 269 268 277 285 292 300 305 311 315 320 324 327 331 334 337 340 343 345 348 350 352 354 357 358 360 362 363 364 365 366 367 368 369 370 370 371 371 371 372 372 372 372 372 371 371 371 370 370 369 368 367
236 236 236 236 236 236 236 236 236 236 236 236 236 236 236 236 236 236 236 236 236 236 236 236 236 236 236 236 236 236 236 236 236 236 236 236 236 236 236 236 236 236 270 270 271 279 287 294 301 306 311 316 320 324 328 332 336 339 342 344 347 349 351 353 355 357 359 361 362 363 365 366 367 368 369 369 371 372 372 373 373 373 373 373 373 373 373 373 372 372 371 398 398 397
236 236 236 236 236 236 236 236 236 236 236 236 236 236 236 236 236 236 236 236 236 236 236 236 236 236 236 236 236 236 236 236 236 236 236 236 236 236 236 236 236 236 270 270 272 281 288 296 302 308 313 318 322 326 330 333 336 339 342 345 347 350 352 354 357 359 360 362 363 365 366 367 368 369 370 371 372 372 373 373 373 373 374 374 374 373 373 373 373 400 400 399 398 393
236 236 236 236 236 236 236 236 236 236 236 236 236 236 236 236 236 236 236 236 236 236 236 236 236 236 236 236 236 236 236 236 236 236 236 236 236 236 236 236 236 236 271 271 274 283 290 297 303 309 314 318 322 326 330 335 338 341 344 346 349 351 353 355 357 359 361 362 364 365 367 368 369 370 371 372 373 374 374 374 375 375 375 375 375 375 375 402 402 402 401 400 396 395
236 236 236 236 236 236 236 236 236 236 236 236 236 236 236 236 236 236 236 236 236 236 236 236 236 236 236 236 236 236 236 236 236 236 236 236 236 236 236 236 236 236 271 271 275 284 292 299 305 310 315 320 324 328 332 335 338 341 344 347 349 352 354 357 359 361 362 364 365 367 368 369 370 371 372 373 373 374 374 375 375 375 375 376 375 403 403 403 402 402 397 397 396 395
236 236 236 236 236 236 236 236 236 236 236 236 236 236 236 236 236 236 236 236 236 236 236 236 236 236 236 236 236 236 236 236 236 236 236 236 236 236 236 236 236 236 272 272 278 287 294 301 306 311 316 321 325 329 332 337 340 343 346 348 351 353 355 357 359 361 363 364 366 367 368 370 371 372 372 374 375 375 376 376 377 377 377 405 405 405 405 404 404 399 399 398 397 397
236 236 236 236 236 236 236 236 236 236 236 236 236 236 236 236 236 236 236 236 236 236 236 236 236 236 236 236 236 236 236 236 236 236 236 236 236 236 236 236 236 236 272 272 279 288 295 303 308 313 318 322 326 330 334 337 340 343 346 349 351 354 356 358 361 363 364 366 367 369 370 371 372 373 374 375 375 376 376 377 405 405 405 405 405 405 405 401 400 400 399 399 398 397
236 236 236 236 236 236 236 236 236 236 236 236 236 236 236 236 236 236 236 236 236 236 236 236 236 236 236 236 236 236 236 236 236 236 236 236 236 236 236 236 236 236 274 273 281 290 297 303 309 314 318 323 327 331 334 339 342 345 348 350 353 355 357 359 361 363 365 366 368 369 370 371 372 373 374 375 376 377 406 406 406 407 407 407 407 407 402 402 402 401 401 400 399 398
236 236 236 236 236 236 236 236 236 236 236 236 236 236 236 236 236 236 236 236 236 236 236 236 236 236 236 236 236 236 236 236 236 236 236 236 236 236 236 236 236 236 274 274 282 290 298 304 311 316 321 324 329 332 336 339 342 345 348 351 353 356 358 360 362 363 366 368 369 370 372 373 374 375 376 376 405 406 406 406 407 407 407 407 403 403 403 402 402 402 401 400 400 399
236 236 236 236 236 236 236 236 236 236 236 236 236 236 236 236 236 236 236 236 236 236 236 236 236 236 236 236 236 236 236 236 236 236 236 236 236 236 236 236 236 274 275 275 285 292 300 306 312 317 322 326 329 333 337 340 343 347 350 352 355 357 359 361 363 365 367 368 370 371 372 373 374 375 404 405 405 406 406 407 408 408 409 405 405 404 404 404 403 403 402 402 401 400
236 236 236 236 236 236 236 236 236 236 236 236 236 236 236 236 236 236 236 236 236 236 236 236 236 236 236 236 236 236 236 236 236 236 236 236 236 236 236 236 236 275 275 276 286 294 300 307 312 318 323 328 332 335 338 341 345 347 350 353 355 358 360 362 364 365 367 369 371 372 374 375 404 405 405 406 407 407 408 408 409 405 405 405 405 405 405 404 404 403 403 402 401 401
236 236 236 236 236 236 236 236 236 236 236 236 236 236 236 236 236 236 236 236 236 236 236 236 236 236 236 236 236 236 236 236 236 236 236 236 236 236 236 236 236 275 275 278 288 296 303 308 314 319 324 328 332 335 339 342 345 348 351 353 357 359 361 363 365 367 368 370 371 373 402 403 404 405 406 407 407 408 408 405 405 405 405 405 405 405 405 406 405 405 404 404 403 402
236 236 236 236 236 236 236 236 236 236 236 236 236 236 236 236 236 236 236 236 236 236 236 236 236 236 236 236 236 236 236 236 236 236 236 236 236 236 236 236 236 276 276 280 289 297 304 310 315 320 325 329 333 338 340 343 347 349 352 355 357 359 362 364 365 367 369 370 400 401 402 403 404 406 407 408 409 409 406 406 406 407 407 407 407 407 406 406 406 405 405 404 403 402
236 236 236 236 236 236 236 236 236 236 236 236 236 236 236 236 236 236 236 236 236 236 236 236 236 236 236 236 236 236 236 236 236 236 236 236 236 236 236 236 236 277 276 281 290 298 305 312 318 322 326 331 335 338 342 344 347 350 353 355 358 360 362 365 367 369 398 400 401 403 404 405 406 407 408 408 405 406 406 406 407 407 407 407 407 407 407 406 406 406 405 404 404 403
236 236 236 236 236 236 236 236 236 236 236 236 236 236 236 236 236 236 236 236 236 236 236 236 236 236 236 236 236 236 236 236 236 236 236 236 236 236 236 236 236 278 278 283 292 300 307 313 318 323 327 331 335 339 342 346 349 351 354 357 359 361 363 365 395 397 399 400 402 403 404 405 406 407 405 405 405 406 406 408 408 408 408 409 408 408 408 408 407 407 406 406 405 404
236 236 236 236 236 236 236 236 236 236 236 236 236 236 236 236 236 236 236 236 236 236 236 236 236 236 236 236 236 236 236 236 236 236 236 236 236 236 236 236 236 278 278 285 293 301 307 313 319 324 328 333 337 340 344 347 350 352 355 357 360 362 392 394 396 398 399 401 402 404 406 407 408 405 405 406 407 407 408 408 409 409 409 409 409 409 409 408 408 407 407 406 405 405
236 236 236 236 236 236 236 236 236 236 236 236 236 236 236 236 236 236 236 236 236 236 236 236 236 236 236 236 236 236 236 236 236 236 236 236 236 236 236 236 236 278 278 286 295 303 309 315 321 325 330 333 337 341 344 348 351 352 355 358 388 391 393 395 397 399 401 402 403 405 406 404 404 405 406 407 407 408 408 409 409 409 409 409 409 409 409 409 408 408 407 407 407 406
236 236 236 236 236 236 236 236 236 236 236 236 236 236 236 236 236 236 236 236 236 236 236 236 236 236 236 236 236 236 236 236 236 236 236 236 236 236 236 236 236 279 279 289 297 303 310 316 321 326 331 335 338 341 345 349 352 355 385 387 390 392 394 396 398 399 401 402 404 403 403 404 405 405 406 407 409 409 410 410 410 411 411 411 411 411 410 410 410 409 409 408 407 406
236 236 236 236 236 236 236 236 236 236 236 236 236 236 236 236 236 236 236 236 236 236 236 236 236 236 236 236 236 236 236 236 236 236 236 236 236 236 236 236 279 279 279 290 298 305 311 317 322 328 332 336 340 343 346 350 353 383 386 388 390 392 394 396 398 400 401 404 402 403 404 405 406 407 408 408 409 410 410 410 411 411 411 411 411 411 411 410 410 410 409 408 408 407
236 236 236 236 236 236 236 236 236 236 236 236 236 236 236 236 236 236 236 236 236 236 236 236 236 236 236 236 236 236 236 236 236 236 236 236 236 236 236 236 279 279 281 291 299 307 314 318 324 328 333 337 341 344 347 378 381 384 387 389 390 394 396 398 399 401 399 400 402 403 404 405 406 407 408 409 409 410 410 411 411 411 411 411 411 411 411 411 410 410 409 410 409 408
236 236 236 236 236 236 236 236 236 236 236 236 236 236 236 236 236 236 236 236 236 236 236 236 236 236 236 236 236 236 236 236 236 236 236 236 236 236 236 236 281 280 283 293 301 308 314 320 324 329 333 338 341 373 375 380 383 385 388 391 393 394 396 398 396 398 399 401 402 403 405 406 407 408 408 409 410 411 412 412 412 413 413 413 413 413 412 412 412 411 411 410 409 409
236 236 236 236 236 236 236 236 236 236 236 236 236 236 236 236 236 236 236 236 236 236 236 236 236 236 236 236 236 236 236 236 236 236 236 236 236 236 236 236 281 281 284 294 302 309 315 321 326 330 335 367 371 375 378 380 383 386 388 391 393 394 394 395 396 398 400 401 403 405 406 407 408 409 410 411 411 412 412 413 413 413 413 413 413 413 413 413 412 412 411 411 410 409
262 262 236 236 236 236 236 236 236 236 236 236 236 236 236 236 236 236 236 236 236 236 236 236 236 236 236 236 236 236 236 236 236 236 236 236 236 236 236 236 281 281 286 295 303 309 317 322 327 360 364 368 371 375 378 382 384 386 389 391 391 392 394 396 398 399 401 403 404 405 406 407 408 409 410 411 412 412 413 413 413 413 414 414 414 413 413 413 413 412 412 411 410 409
262 262 263 263 263 263 263 236 236 236 237 236 236 236 236 236 236 236 236 237 236 236 236 236 236 236 236 236 236 236 236 236 236 236 236 236 236 236 236 236 281 281 288 298 304 311 317 351 356 361 364 368 372 376 379 382 385 388 390 389 391 393 395 396 398 400 401 403 404 406 407 408 409 410 411 411 412 412 413 413 414 415 415 415 415 415 415 414 414 413 413 412 412 411
264 263 263 263 263 263 263 263 264 264 264 237 236 236 236 236 236 237 237 237 237 236 236 236 236 236 236 237 237 236 236 236 236 236 236 236 236 236 236 236 282 282 289 298 305 312 346 352 357 361 366 369 374 377 380 384 386 386 387 389 392 394 396 398 399 400 402 403 405 406 407 408 410 411 412 413 413 414 414 415 415 415 415 415 415 415 415 415 414 414 413 413 412 411
264 264 264 263 263 263 264 264 264 264 264 264 264 263 264 237 237 237 237 237 237 237 236 236 237 237 237 237 237 237 236 236 236 236 236 237 237 237 236 236 282 282 290 299 335 341 347 352 358 363 367 371 374 378 381 380 383 386 387 390 392 394 396 398 399 401 403 405 406 407 409 410 411 411 412 413 414 414 415 415 415 416 416 416 416 416 415 415 415 414 414 413 412 411
264 264 264 264 264 264 264 264 264 264 264 264 265 265 264 264 264 264 237 237 237 238 238 237 237 237 237 237 237 237 237 236 237 237 237 237 237 237 237 236 282 282 319 328 337 343 348 354 359 364 368 372 376 376 377 380 383 386 389 390 392 396 398 400 401 402 404 405 406 408 409 410 411 412 413 413 414 415 415 415 416 416 416 416 416 416 416 415 415 415 414 413 414 413
264 264 265 265 265 264 264 264 264 264 265 265 265 265 265 264 264 264 264 265 265 238 238 238 237 237 237 237 237 238 238 238 237 237 237 237 237 237 237 237 310 311 321 330 338 344 350 355 360 364 368 368 372 376 378 381 385 388 390 393 394 396 398 400 402 403 404 405 407 408 409 410 411 412 413 414 414 415 415 416 417 417 417 417 417 417 417 417 416 416 415 415 414 413
265 265 265 265 265 265 264 264 265 265 265 265 265 265 265 265 264 265 265 265 265 265 265 265 238 237 237 238 238 238 238 238 238 237 237 237 237 237 238 312 312 312 322 331 338 345 351 356 360 361 365 369 374 377 379 382 385 388 391 393 395 396 398 400 402 404 405 406 407 409 410 411 412 414 414 415 416 416 417 417 417 418 418 418 418 418 417 417 417 416 416 415 414 414
265 265 265 265 265 265 266 265 265 265 265 265 265 265 265 266 266 265 265 265 265 265 265 265 266 266 265 238 238 238 238 238 238 238 237 238 238 266 266 312 312 314 323 332 339 346 351 353 358 362 366 370 374 378 381 383 386 388 391 393 396 397 399 401 403 404 406 407 409 410 411 412 413 414 415 415 416 417 417 417 418 418 418 418 418 418 418 417 417 417 416 415 415 414
