testData/tiles/oneDegreeCosts/grid47.0-27.0-48.0-28.0.asc
ncols   200
nrows   200
xllcorner   47.0
yllcorner   27.0
cellsize   0.005
NODATA_value   -9999.0
[rows 126 to 167 of 200, columns 0 to 93 of 200]
275 275 276 276 276 276 276 276 277 277 277 277 277 277 277 278 334 334 334 334 334 334 334 335 335 335 335 335 335 335 335 387 387 387 387 387 387 388 388 388 388 388 388 388 331 331 331 331 331 331 331 331 331 331 331 331 331 331 331 331 331 331 331 331 331 331 331 331 331 331 331 331 331 331 331 331 332 332 332 333 333 334 334 424 425 425 425 426 426 425 426 426 426 427
276 276 277 277 277 277 277 277 278 278 278 278 334 334 334 335 335 335 335 335 335 335 335 335 336 336 336 336 336 336 336 388 388 388 388 388 388 388 389 389 389 331 331 331 331 331 331 331 331 331 331 331 331 331 331 331 331 331 331 331 331 331 331 331 331 331 331 332 332 333 333 334 334 334 334 334 335 335 336 336 336 337 336 427 428 428 428 429 429 428 429 429 429 430
277 277 278 278 278 278 278 278 279 335 335 335 335 335 335 336 336 336 336 336 336 336 336 336 337 337 337 337 337 337 389 389 389 389 389 389 389 389 331 331 331 331 331 331 331 331 331 331 331 331 331 331 331 331 331 331 331 331 332 331 332 332 333 333 334 334 335 335 336 336 336 337 337 337 337 337 338 338 339 339 339 340 339 339 431 431 431 432 432 431 432 432 432 433
278 278 278 279 279 279 335 335 335 336 336 336 336 336 336 337 337 337 337 337 337 337 337 337 338 338 338 338 338 390 390 390 390 390 331 331 331 331 331 331 331 331 331 331 331 331 331 331 331 331 331 332 332 333 333 334 334 335 334 335 335 336 336 337 337 337 338 338 339 339 340 340 340 340 340 341 341 341 342 342 342 343 342 342 343 434 434 435 434 434 435 435 435 436
279 279 335 336 336 336 336 336 336 337 337 337 337 337 337 337 338 338 338 338 338 338 338 338 339 339 339 339 339 391 331 331 331 331 331 331 331 331 331 331 331 331 331 331 331 332 332 333 333 334 334 335 335 336 336 337 337 338 337 338 338 339 339 340 340 341 341 341 342 342 343 343 343 343 343 343 344 344 345 345 345 345 345 345 346 437 437 438 437 437 437 438 438 438
336 336 336 337 337 337 337 337 337 338 338 338 338 338 338 338 339 339 339 339 339 339 339 339 339 340 281 281 331 331 331 331 331 331 331 331 331 331 331 331 332 333 333 334 334 335 336 336 337 337 338 338 339 339 340 340 341 340 341 341 341 342 342 343 343 344 344 344 345 345 346 346 345 346 346 346 347 347 347 348 348 347 348 348 348 349 440 440 440 440 440 441 441 441
337 337 337 338 338 338 338 338 338 339 339 339 339 339 339 339 340 340 340 340 340 340 281 281 281 281 281 281 332 332 332 332 332 332 332 332 332 333 333 334 336 336 337 337 338 338 339 339 340 340 341 341 342 342 343 343 344 343 344 344 344 345 345 346 346 347 347 347 348 348 348 349 348 349 349 349 350 350 350 351 351 350 351 351 351 352 443 443 442 443 443 443 444 444
338 338 338 339 339 339 339 339 339 340 340 340 340 340 340 340 341 281 281 281 281 281 281 281 281 281 281 333 333 333 333 333 333 334 334 335 336 336 337 337 338 339 340 340 341 341 342 343 343 343 344 344 345 345 346 346 346 346 347 347 347 348 348 349 349 349 350 350 351 351 351 352 351 351 352 352 352 353 353 353 354 353 353 354 354 354 355 446 445 445 446 446 446 447
339 339 339 339 340 340 340 340 340 340 341 341 281 281 281 281 281 281 281 281 281 281 281 281 281 282 282 334 334 335 335 336 336 337 338 338 339 339 340 340 341 343 343 344 344 345 345 346 346 347 347 347 348 348 349 349 349 349 350 350 350 351 351 352 352 352 353 353 353 354 354 354 354 354 355 355 355 356 356 356 356 356 356 356 357 357 357 448 448 448 448 449 449 448
340 340 340 340 341 341 341 281 281 281 281 281 281 281 281 281 281 282 282 282 282 282 282 282 282 282 336 337 337 338 339 339 340 340 341 341 342 343 343 344 344 345 346 347 347 348 348 349 349 350 350 350 351 351 352 351 352 352 352 353 353 354 354 354 355 355 355 356 356 357 357 356 357 357 357 358 358 358 359 359 358 358 359 359 359 360 360 360 451 451 451 451 452 451
281 281 281 281 281 281 281 281 281 281 282 282 282 282 282 282 282 283 283 283 283 283 284 284 285 286 339 340 341 341 342 342 343 343 344 345 345 346 346 347 347 348 348 350 350 351 351 352 352 352 353 353 354 354 354 354 354 355 355 356 356 356 357 357 358 358 358 359 359 359 360 359 359 360 360 360 361 361 361 362 361 361 361 362 362 362 363 362 362 453 454 454 454 453
281 281 281 281 282 282 282 282 282 282 283 283 283 283 283 283 283 284 284 285 286 286 287 288 288 341 343 343 344 344 345 345 346 347 347 348 348 349 349 350 350 351 351 353 353 354 354 354 355 355 356 356 357 357 356 357 357 358 358 358 359 359 360 360 360 361 361 361 362 362 362 362 362 362 363 363 363 364 364 364 363 364 364 364 365 365 365 364 365 456 456 456 457 456
282 282 282 282 283 283 283 283 283 283 284 284 284 284 284 285 285 287 288 288 289 290 290 291 292 344 346 346 347 347 348 349 349 350 350 351 351 352 352 353 353 354 354 354 356 356 357 357 358 358 359 359 359 359 359 360 360 360 361 361 361 362 362 363 363 363 364 364 364 365 365 364 365 365 365 366 366 366 366 367 366 366 367 367 367 367 368 367 367 367 459 459 459 459
283 283 283 283 283 284 284 284 284 284 285 285 286 287 287 288 289 290 291 292 292 293 293 294 347 347 349 349 350 350 351 352 352 353 353 354 354 355 355 355 356 356 357 357 358 359 360 360 360 361 361 362 361 362 362 362 363 363 363 364 364 365 365 365 366 366 366 367 367 367 368 367 367 368 368 368 368 369 369 369 369 369 369 369 370 370 370 369 370 370 461 462 461 461
284 284 284 284 284 285 285 285 286 286 287 289 289 290 291 291 292 293 294 295 295 296 297 297 350 350 351 352 353 353 354 354 355 355 356 356 357 357 358 358 359 359 360 360 361 361 361 363 363 364 363 363 364 364 365 365 365 366 366 366 367 367 367 368 368 369 369 369 369 370 369 369 370 370 370 371 371 371 372 371 371 371 372 372 372 372 372 372 372 372 373 464 463 463
285 285 285 285 285 287 287 288 289 290 290 292 293 293 294 294 295 296 297 298 298 299 300 352 353 353 354 355 356 356 357 357 358 358 359 359 360 360 361 361 362 362 362 363 363 364 364 364 365 365 366 366 366 367 367 368 368 368 369 369 369 370 370 370 371 371 371 372 372 372 372 372 372 373 373 373 373 374 374 373 374 374 374 374 375 375 374 374 375 375 375 375 466 466
286 286 287 288 288 290 291 291 292 293 293 295 296 296 297 298 298 299 300 301 301 302 303 355 356 356 357 358 359 359 360 360 361 361 362 362 362 363 363 364 364 365 365 366 366 366 367 367 368 368 368 369 369 369 370 370 371 371 371 372 372 372 373 373 373 374 374 374 375 375 374 374 375 375 375 376 376 376 376 376 376 376 377 377 377 377 377 377 377 377 378 378 468 468
289 289 290 291 292 293 294 295 295 296 296 298 299 299 300 300 301 302 303 304 304 305 357 358 358 359 359 361 361 362 362 363 363 364 364 365 365 366 366 366 367 367 368 368 369 369 369 370 370 371 371 371 372 372 372 373 373 373 374 374 374 375 375 375 376 376 376 377 377 377 377 377 377 378 378 378 378 379 379 378 378 379 379 379 380 380 379 379 380 380 380 380 380 471
292 293 293 294 295 296 297 298 298 299 299 301 302 302 303 303 304 305 306 307 307 308 360 361 361 362 362 363 364 365 365 366 366 367 367 367 368 368 369 369 370 370 370 371 371 372 372 372 373 373 373 374 374 375 375 375 376 376 376 377 377 377 378 378 378 379 379 379 380 379 379 379 380 380 380 381 381 381 381 381 381 381 381 382 382 382 381 382 382 382 382 383 382 382
295 296 296 297 298 298 300 301 301 302 302 303 305 305 306 306 307 307 308 309 310 362 363 364 364 364 365 365 367 367 368 368 369 369 370 370 370 371 371 372 372 373 373 373 374 374 375 375 375 376 376 376 377 377 377 378 378 378 379 379 379 380 380 380 381 381 381 382 382 381 382 382 382 382 383 383 383 383 383 383 383 384 384 384 384 384 384 384 384 384 385 384 384 384
297 299 299 300 301 301 303 304 304 305 305 306 307 308 309 309 310 310 311 312 313 365 366 366 367 367 368 368 370 370 370 371 371 372 372 373 373 374 374 374 375 375 376 376 376 377 377 377 378 378 379 379 379 380 380 380 381 381 381 382 382 382 383 383 383 383 384 384 384 384 384 384 384 385 385 385 386 386 385 385 386 386 386 386 387 386 386 386 387 387 387 386 386 387
300 302 302 303 304 304 306 306 307 308 308 309 310 311 311 312 312 313 313 315 367 368 368 369 369 370 370 371 372 373 373 374 374 374 375 375 376 376 376 377 377 378 378 378 379 379 380 380 380 381 381 381 382 382 382 383 383 383 384 384 384 385 385 385 386 386 386 386 387 386 386 387 387 387 387 388 388 388 387 388 388 388 388 389 389 388 388 389 389 389 389 389 389 389
303 305 305 306 307 307 309 309 310 310 311 312 313 314 314 315 315 316 316 318 370 371 371 372 372 372 373 373 374 375 376 376 377 377 377 378 378 379 379 379 380 380 381 381 381 382 382 382 383 383 383 384 384 384 385 385 385 386 386 386 387 387 387 388 388 388 389 389 388 388 389 389 389 389 390 390 390 391 390 390 390 391 391 391 391 390 391 391 391 391 392 391 391 391
306 308 308 309 309 310 312 312 313 313 314 314 316 316 317 317 318 318 319 372 373 373 374 374 375 375 376 376 376 378 378 379 379 379 380 380 381 381 381 382 382 383 383 383 384 384 384 385 385 385 386 386 387 387 387 388 388 388 388 389 389 389 390 390 390 391 391 391 390 391 391 391 392 392 392 392 393 393 392 392 393 393 393 393 394 393 393 393 393 394 394 393 393 394
309 310 311 312 312 313 313 315 315 316 316 317 317 319 319 320 320 321 321 374 375 376 376 377 377 378 378 378 379 380 381 381 382 382 382 383 383 384 384 384 385 385 385 386 386 387 387 387 388 388 388 389 389 389 390 390 390 390 391 391 391 392 392 392 393 393 393 393 393 393 393 394 394 394 394 395 395 394 394 395 395 395 395 396 395 395 395 395 396 396 395 395 396 396
312 312 314 314 315 315 316 317 318 319 319 320 320 322 322 323 323 324 376 376 378 378 379 379 380 380 381 381 381 383 383 384 384 384 385 385 386 386 386 387 387 387 388 388 389 389 389 390 390 390 391 391 391 392 392 392 393 393 393 393 394 394 394 395 395 395 395 396 395 395 396 396 396 396 397 397 397 396 397 397 397 397 398 398 397 397 397 398 398 398 397 398 398 398
314 315 316 317 318 318 319 320 321 321 322 322 323 324 325 325 326 326 379 379 380 381 381 382 382 383 383 383 384 384 386 386 386 387 387 388 388 388 389 389 390 390 390 391 391 391 392 392 392 393 393 393 394 394 394 395 395 395 395 396 396 396 397 397 397 397 398 397 397 398 398 398 398 399 399 399 399 399 399 399 399 400 400 400 399 399 400 400 400 400 400 400 400 400
317 318 319 320 320 321 321 323 323 324 324 325 325 327 327 328 328 381 381 381 383 383 384 384 385 385 385 386 386 387 388 389 389 389 390 390 390 391 391 392 392 392 393 393 393 394 394 394 395 395 395 396 396 396 397 397 397 397 398 398 398 399 399 399 399 400 400 399 400 400 400 400 401 401 401 401 402 401 401 401 402 402 402 402 401 402 402 402 402 403 402 402 402 402
320 320 322 322 323 323 324 325 326 326 327 327 328 329 330 330 331 383 384 384 385 386 386 387 387 388 388 388 389 389 391 391 391 392 392 392 393 393 394 394 394 395 395 395 396 396 396 397 397 397 398 398 398 399 399 399 399 400 400 400 401 401 401 401 402 402 402 402 402 402 402 403 403 403 403 404 404 403 403 404 404 404 404 404 404 404 404 404 405 405 404 404 404 405
322 323 324 325 325 326 326 327 328 329 329 330 330 332 332 333 333 386 386 386 387 388 389 389 389 390 390 391 391 391 393 393 394 394 394 395 395 395 396 396 397 397 397 398 398 398 399 399 399 400 400 400 400 401 401 401 402 402 402 403 403 403 403 404 404 404 404 404 404 404 405 405 405 405 406 406 405 405 405 406 406 406 406 407 406 406 406 406 407 406 406 406 407 407
325 325 326 327 328 328 329 329 331 331 332 332 333 333 335 335 388 388 388 389 389 391 391 391 392 392 393 393 393 394 394 396 396 396 397 397 397 398 398 398 399 399 400 400 400 401 401 401 401 402 402 402 403 403 403 404 404 404 404 405 405 405 406 406 406 406 406 406 406 406 407 407 407 407 408 408 407 407 408 408 408 408 409 408 408 408 408 409 409 408 408 408 409 409
327 328 328 330 330 331 331 332 333 334 334 335 335 336 337 337 390 390 391 391 392 393 393 394 394 395 395 395 396 396 397 398 398 399 399 399 400 400 400 401 401 401 402 402 402 403 403 403 404 404 404 405 405 405 406 406 406 406 407 407 407 408 408 408 408 409 408 408 408 409 409 409 409 410 410 410 409 410 410 410 410 410 411 410 410 410 411 411 411 410 410 411 411 411
330 330 331 332 333 333 334 334 336 336 337 337 338 338 339 392 392 393 393 394 394 395 396 396 397 397 397 398 398 398 399 400 401 401 401 402 402 402 403 403 403 404 404 404 405 405 405 406 406 406 407 407 407 407 408 408 408 409 409 409 409 410 410 410 411 411 410 410 411 411 411 411 412 412 412 412 411 412 412 412 412 413 413 412 412 412 413 413 413 412 412 413 413 413
332 333 333 335 335 336 336 337 338 339 339 340 340 340 342 394 395 395 396 396 396 398 398 399 399 399 400 400 400 401 401 403 403 403 404 404 404 405 405 405 406 406 406 407 407 407 408 408 408 408 409 409 409 410 410 410 411 411 411 411 412 412 412 412 413 413 412 412 413 413 413 413 414 414 414 414 414 414 414 414 415 415 415 414 414 415 415 415 415 414 415 415 415 415
335 335 336 337 338 338 339 339 341 341 341 342 342 343 396 397 397 397 398 398 399 399 400 401 401 402 402 402 403 403 403 404 405 405 406 406 407 407 407 408 408 408 408 409 409 409 410 410 410 411 411 411 412 412 412 412 413 413 413 414 414 414 414 415 415 414 414 415 415 415 415 416 416 416 416 415 416 416 416 416 417 417 417 416 416 417 417 417 417 416 417 417 417 417
337 338 338 340 340 341 341 341 342 343 344 344 345 345 398 399 399 400 400 401 401 401 403 403 403 404 404 405 405 405 406 406 407 408 408 408 409 409 409 410 410 410 411 411 411 412 412 412 413 413 413 413 414 414 414 415 415 415 415 416 416 416 416 417 417 416 416 417 417 417 417 418 418 418 418 418 418 418 418 418 419 419 418 418 419 419 419 419 418 419 419 419 419 419
340 340 341 341 342 343 343 344 344 346 346 347 347 347 400 401 402 402 402 403 403 404 405 405 406 406 406 407 407 408 408 408 410 410 410 411 411 411 412 412 412 413 413 413 413 414 414 414 415 415 415 416 416 416 416 417 417 417 418 418 418 418 419 419 419 418 419 419 419 419 420 420 420 420 420 420 420 420 420 421 421 421 420 420 421 421 421 421 420 421 421 421 421 420
342 342 343 343 345 345 346 346 347 348 348 349 349 402 402 403 404 404 405 405 405 406 407 408 408 408 409 409 409 410 410 410 412 412 412 413 413 413 414 414 414 415 415 415 416 416 416 417 417 417 417 418 418 418 419 419 419 419 420 420 420 420 421 421 421 420 421 421 421 421 422 422 422 422 423 422 422 422 422 423 423 423 422 422 423 423 423 423 422 423 423 423 423 422
344 345 345 346 347 348 348 348 349 350 351 351 352 404 404 406 406 407 407 407 408 408 409 410 410 411 411 411 412 412 412 413 413 414 415 415 415 416 416 416 417 417 417 417 418 418 418 419 419 419 420 420 420 420 421 421 421 421 422 422 422 423 423 423 422 423 423 423 423 423 424 424 424 424 425 424 424 424 424 425 425 425 424 425 425 425 425 425 425 425 425 425 425 424
347 347 348 348 349 350 350 351 351 353 353 353 406 406 407 408 408 409 409 410 410 410 411 412 412 413 413 413 414 414 414 415 415 416 417 417 417 418 418 418 419 419 419 420 420 420 421 421 421 421 422 422 422 422 423 423 423 424 424 424 424 425 425 425 424 425 425 425 425 426 426 426 426 426 426 426 426 426 427 427 427 427 426 427 427 427 427 427 427 427 427 427 427 426
349 349 350 350 352 352 353 353 353 354 355 356 408 408 409 409 411 411 411 412 412 412 413 414 415 415 415 416 416 416 417 417 417 419 419 419 420 420 420 421 421 421 421 422 422 422 423 423 423 423 424 424 424 425 425 425 425 426 426 426 426 427 427 427 426 427 427 427 427 428 428 428 428 428 428 428 428 428 429 429 429 428 428 429 429 429 429 428 429 429 429 429 429 428
351 352 352 353 353 354 355 355 356 356 357 410 410 411 411 411 413 413 414 414 414 415 415 416 417 417 417 418 418 418 419 419 419 421 421 421 422 422 422 423 423 423 424 424 424 424 425 425 425 426 426 426 426 427 427 427 427 428 428 428 428 429 429 429 428 429 429 429 429 430 430 430 430 431 430 430 430 430 431 431 431 430 430 431 431 431 431 430 431 431 431 431 430 430
