testData/tiles/oneDegreeCosts/grid21.0-40.0-22.0-41.0.asc
ncols   200
nrows   200
xllcorner   21.0
yllcorner   40.0
cellsize   0.005
NODATA_value   -9999.0
[rows 102 to 118 of 200, columns 111 to 147 of 200]
5.540000000000000000e+02 5.540000000000000000e+02 5.550000000000000000e+02 5.550000000000000000e+02 5.550000000000000000e+02 5.560000000000000000e+02 5.510000000000000000e+02 5.510000000000000000e+02 5.510000000000000000e+02 5.520000000000000000e+02 5.520000000000000000e+02 5.520000000000000000e+02 5.520000000000000000e+02 5.530000000000000000e+02 5.530000000000000000e+02 5.530000000000000000e+02 5.530000000000000000e+02 8.230000000000000000e+02 8.230000000000000000e+02 8.230000000000000000e+02 7.520000000000000000e+02 7.520000000000000000e+02 7.520000000000000000e+02 7.520000000000000000e+02 7.520000000000000000e+02 7.530000000000000000e+02 7.540000000000000000e+02 7.540000000000000000e+02 7.540000000000000000e+02 7.540000000000000000e+02 7.540000000000000000e+02 7.550000000000000000e+02 7.550000000000000000e+02 7.550000000000000000e+02 7.550000000000000000e+02 7.550000000000000000e+02 7.560000000000000000e+02
5.540000000000000000e+02 5.540000000000000000e+02 5.540000000000000000e+02 5.550000000000000000e+02 5.500000000000000000e+02 5.500000000000000000e+02 5.500000000000000000e+02 5.510000000000000000e+02 5.510000000000000000e+02 5.510000000000000000e+02 5.510000000000000000e+02 5.520000000000000000e+02 5.520000000000000000e+02 5.520000000000000000e+02 5.520000000000000000e+02 5.530000000000000000e+02 5.530000000000000000e+02 8.220000000000000000e+02 8.220000000000000000e+02 8.230000000000000000e+02 8.230000000000000000e+02 8.230000000000000000e+02 7.520000000000000000e+02 7.520000000000000000e+02 7.530000000000000000e+02 7.530000000000000000e+02 7.530000000000000000e+02 7.530000000000000000e+02 7.540000000000000000e+02 7.540000000000000000e+02 7.540000000000000000e+02 7.540000000000000000e+02 7.540000000000000000e+02 7.550000000000000000e+02 7.550000000000000000e+02 7.550000000000000000e+02 7.550000000000000000e+02
5.530000000000000000e+02 5.540000000000000000e+02 5.540000000000000000e+02 5.490000000000000000e+02 5.490000000000000000e+02 5.500000000000000000e+02 5.500000000000000000e+02 5.500000000000000000e+02 5.500000000000000000e+02 5.510000000000000000e+02 5.510000000000000000e+02 5.510000000000000000e+02 5.510000000000000000e+02 5.520000000000000000e+02 5.520000000000000000e+02 5.520000000000000000e+02 8.210000000000000000e+02 8.220000000000000000e+02 8.220000000000000000e+02 8.220000000000000000e+02 8.220000000000000000e+02 8.230000000000000000e+02 8.230000000000000000e+02 8.230000000000000000e+02 8.240000000000000000e+02 7.530000000000000000e+02 7.530000000000000000e+02 7.530000000000000000e+02 7.530000000000000000e+02 7.530000000000000000e+02 7.530000000000000000e+02 7.540000000000000000e+02 7.540000000000000000e+02 7.540000000000000000e+02 7.540000000000000000e+02 7.540000000000000000e+02 7.550000000000000000e+02
5.530000000000000000e+02 5.530000000000000000e+02 5.480000000000000000e+02 5.490000000000000000e+02 5.490000000000000000e+02 5.490000000000000000e+02 5.490000000000000000e+02 5.500000000000000000e+02 5.500000000000000000e+02 5.500000000000000000e+02 5.500000000000000000e+02 5.510000000000000000e+02 5.510000000000000000e+02 5.510000000000000000e+02 5.510000000000000000e+02 5.520000000000000000e+02 8.210000000000000000e+02 8.210000000000000000e+02 8.210000000000000000e+02 8.220000000000000000e+02 8.220000000000000000e+02 8.220000000000000000e+02 8.220000000000000000e+02 8.220000000000000000e+02 8.240000000000000000e+02 8.240000000000000000e+02 8.240000000000000000e+02 8.240000000000000000e+02 7.530000000000000000e+02 7.530000000000000000e+02 7.530000000000000000e+02 7.530000000000000000e+02 7.530000000000000000e+02 7.540000000000000000e+02 7.540000000000000000e+02 7.540000000000000000e+02 7.540000000000000000e+02
5.470000000000000000e+02 5.480000000000000000e+02 5.480000000000000000e+02 5.480000000000000000e+02 5.480000000000000000e+02 5.490000000000000000e+02 5.490000000000000000e+02 5.490000000000000000e+02 5.490000000000000000e+02 5.500000000000000000e+02 5.500000000000000000e+02 5.500000000000000000e+02 5.500000000000000000e+02 5.510000000000000000e+02 5.510000000000000000e+02 5.510000000000000000e+02 8.200000000000000000e+02 8.210000000000000000e+02 8.210000000000000000e+02 8.210000000000000000e+02 8.210000000000000000e+02 8.220000000000000000e+02 8.220000000000000000e+02 8.220000000000000000e+02 8.230000000000000000e+02 8.230000000000000000e+02 8.240000000000000000e+02 8.240000000000000000e+02 8.240000000000000000e+02 8.240000000000000000e+02 8.240000000000000000e+02 7.530000000000000000e+02 7.530000000000000000e+02 7.530000000000000000e+02 7.530000000000000000e+02 7.530000000000000000e+02 7.540000000000000000e+02
5.470000000000000000e+02 5.470000000000000000e+02 5.470000000000000000e+02 5.480000000000000000e+02 5.480000000000000000e+02 5.480000000000000000e+02 5.480000000000000000e+02 5.490000000000000000e+02 5.490000000000000000e+02 5.490000000000000000e+02 5.490000000000000000e+02 5.500000000000000000e+02 5.500000000000000000e+02 5.500000000000000000e+02 5.500000000000000000e+02 8.200000000000000000e+02 8.200000000000000000e+02 8.200000000000000000e+02 8.200000000000000000e+02 8.210000000000000000e+02 8.210000000000000000e+02 8.210000000000000000e+02 8.210000000000000000e+02 8.210000000000000000e+02 8.230000000000000000e+02 8.230000000000000000e+02 8.230000000000000000e+02 8.230000000000000000e+02 8.240000000000000000e+02 8.240000000000000000e+02 8.240000000000000000e+02 8.240000000000000000e+02 8.240000000000000000e+02 7.530000000000000000e+02 7.530000000000000000e+02 7.530000000000000000e+02 7.530000000000000000e+02
5.460000000000000000e+02 5.470000000000000000e+02 5.470000000000000000e+02 5.470000000000000000e+02 5.470000000000000000e+02 5.480000000000000000e+02 5.480000000000000000e+02 5.480000000000000000e+02 5.490000000000000000e+02 5.490000000000000000e+02 5.490000000000000000e+02 5.490000000000000000e+02 5.490000000000000000e+02 5.500000000000000000e+02 5.500000000000000000e+02 8.190000000000000000e+02 8.190000000000000000e+02 8.200000000000000000e+02 8.200000000000000000e+02 8.200000000000000000e+02 8.200000000000000000e+02 8.210000000000000000e+02 8.210000000000000000e+02 8.210000000000000000e+02 8.220000000000000000e+02 8.220000000000000000e+02 8.230000000000000000e+02 8.230000000000000000e+02 8.230000000000000000e+02 8.230000000000000000e+02 8.230000000000000000e+02 8.240000000000000000e+02 8.240000000000000000e+02 8.240000000000000000e+02 8.240000000000000000e+02 8.240000000000000000e+02 7.530000000000000000e+02
5.460000000000000000e+02 5.460000000000000000e+02 5.460000000000000000e+02 5.470000000000000000e+02 5.470000000000000000e+02 5.470000000000000000e+02 5.480000000000000000e+02 5.480000000000000000e+02 5.480000000000000000e+02 5.480000000000000000e+02 5.490000000000000000e+02 5.490000000000000000e+02 5.490000000000000000e+02 5.490000000000000000e+02 5.490000000000000000e+02 8.190000000000000000e+02 8.190000000000000000e+02 8.190000000000000000e+02 8.190000000000000000e+02 8.200000000000000000e+02 8.200000000000000000e+02 8.200000000000000000e+02 8.200000000000000000e+02 8.210000000000000000e+02 8.220000000000000000e+02 8.220000000000000000e+02 8.220000000000000000e+02 8.220000000000000000e+02 8.230000000000000000e+02 8.230000000000000000e+02 8.230000000000000000e+02 8.230000000000000000e+02 8.230000000000000000e+02 8.240000000000000000e+02 8.240000000000000000e+02 8.240000000000000000e+02 8.240000000000000000e+02
5.450000000000000000e+02 5.460000000000000000e+02 5.460000000000000000e+02 5.460000000000000000e+02 5.470000000000000000e+02 5.470000000000000000e+02 5.470000000000000000e+02 5.470000000000000000e+02 5.480000000000000000e+02 5.480000000000000000e+02 5.480000000000000000e+02 5.480000000000000000e+02 5.490000000000000000e+02 5.490000000000000000e+02 5.490000000000000000e+02 8.180000000000000000e+02 8.180000000000000000e+02 8.190000000000000000e+02 8.190000000000000000e+02 8.190000000000000000e+02 8.190000000000000000e+02 8.200000000000000000e+02 8.200000000000000000e+02 8.200000000000000000e+02 8.200000000000000000e+02 8.210000000000000000e+02 8.220000000000000000e+02 8.220000000000000000e+02 8.220000000000000000e+02 8.220000000000000000e+02 8.220000000000000000e+02 8.230000000000000000e+02 8.230000000000000000e+02 8.230000000000000000e+02 8.230000000000000000e+02 8.230000000000000000e+02 8.240000000000000000e+02
5.450000000000000000e+02 5.450000000000000000e+02 5.460000000000000000e+02 5.460000000000000000e+02 5.460000000000000000e+02 5.460000000000000000e+02 5.470000000000000000e+02 5.470000000000000000e+02 5.470000000000000000e+02 5.470000000000000000e+02 5.480000000000000000e+02 5.480000000000000000e+02 5.480000000000000000e+02 5.480000000000000000e+02 8.180000000000000000e+02 8.180000000000000000e+02 8.180000000000000000e+02 8.180000000000000000e+02 8.180000000000000000e+02 8.190000000000000000e+02 8.190000000000000000e+02 8.190000000000000000e+02 8.190000000000000000e+02 8.200000000000000000e+02 8.200000000000000000e+02 8.210000000000000000e+02 8.210000000000000000e+02 8.210000000000000000e+02 8.220000000000000000e+02 8.220000000000000000e+02 8.220000000000000000e+02 8.220000000000000000e+02 8.220000000000000000e+02 8.230000000000000000e+02 8.230000000000000000e+02 8.230000000000000000e+02 8.230000000000000000e+02
5.450000000000000000e+02 5.450000000000000000e+02 5.450000000000000000e+02 5.450000000000000000e+02 5.460000000000000000e+02 5.460000000000000000e+02 5.460000000000000000e+02 5.460000000000000000e+02 5.470000000000000000e+02 5.470000000000000000e+02 5.470000000000000000e+02 5.470000000000000000e+02 5.480000000000000000e+02 5.480000000000000000e+02 8.170000000000000000e+02 8.170000000000000000e+02 8.180000000000000000e+02 8.180000000000000000e+02 8.180000000000000000e+02 8.180000000000000000e+02 8.180000000000000000e+02 8.190000000000000000e+02 8.190000000000000000e+02 8.190000000000000000e+02 8.190000000000000000e+02 8.200000000000000000e+02 8.210000000000000000e+02 8.210000000000000000e+02 8.210000000000000000e+02 8.210000000000000000e+02 8.210000000000000000e+02 8.220000000000000000e+02 8.220000000000000000e+02 8.220000000000000000e+02 8.220000000000000000e+02 8.220000000000000000e+02 8.230000000000000000e+02
5.440000000000000000e+02 5.440000000000000000e+02 5.450000000000000000e+02 5.450000000000000000e+02 5.450000000000000000e+02 5.450000000000000000e+02 5.460000000000000000e+02 5.460000000000000000e+02 5.460000000000000000e+02 5.460000000000000000e+02 5.470000000000000000e+02 5.470000000000000000e+02 5.470000000000000000e+02 5.470000000000000000e+02 8.170000000000000000e+02 8.170000000000000000e+02 8.170000000000000000e+02 8.170000000000000000e+02 8.170000000000000000e+02 8.180000000000000000e+02 8.180000000000000000e+02 8.180000000000000000e+02 8.180000000000000000e+02 8.190000000000000000e+02 8.190000000000000000e+02 8.200000000000000000e+02 8.200000000000000000e+02 8.200000000000000000e+02 8.210000000000000000e+02 8.210000000000000000e+02 8.210000000000000000e+02 8.210000000000000000e+02 8.210000000000000000e+02 8.220000000000000000e+02 8.220000000000000000e+02 8.220000000000000000e+02 8.220000000000000000e+02
5.440000000000000000e+02 5.440000000000000000e+02 5.440000000000000000e+02 5.440000000000000000e+02 5.450000000000000000e+02 5.450000000000000000e+02 5.450000000000000000e+02 5.450000000000000000e+02 5.460000000000000000e+02 5.460000000000000000e+02 5.460000000000000000e+02 5.460000000000000000e+02 5.470000000000000000e+02 8.160000000000000000e+02 8.160000000000000000e+02 8.160000000000000000e+02 8.170000000000000000e+02 8.170000000000000000e+02 8.170000000000000000e+02 8.170000000000000000e+02 8.170000000000000000e+02 8.180000000000000000e+02 8.180000000000000000e+02 8.180000000000000000e+02 8.180000000000000000e+02 8.190000000000000000e+02 8.200000000000000000e+02 8.200000000000000000e+02 8.200000000000000000e+02 8.200000000000000000e+02 8.200000000000000000e+02 8.210000000000000000e+02 8.210000000000000000e+02 8.210000000000000000e+02 8.210000000000000000e+02 8.210000000000000000e+02 8.220000000000000000e+02
5.430000000000000000e+02 5.430000000000000000e+02 5.440000000000000000e+02 5.440000000000000000e+02 5.440000000000000000e+02 5.440000000000000000e+02 5.450000000000000000e+02 5.450000000000000000e+02 5.450000000000000000e+02 5.450000000000000000e+02 5.460000000000000000e+02 5.460000000000000000e+02 5.460000000000000000e+02 8.150000000000000000e+02 8.160000000000000000e+02 8.160000000000000000e+02 8.160000000000000000e+02 8.160000000000000000e+02 8.160000000000000000e+02 8.170000000000000000e+02 8.170000000000000000e+02 8.170000000000000000e+02 8.170000000000000000e+02 8.180000000000000000e+02 8.180000000000000000e+02 8.180000000000000000e+02 8.190000000000000000e+02 8.190000000000000000e+02 8.200000000000000000e+02 8.200000000000000000e+02 8.200000000000000000e+02 8.200000000000000000e+02 8.200000000000000000e+02 8.210000000000000000e+02 8.210000000000000000e+02 8.210000000000000000e+02 8.210000000000000000e+02
5.430000000000000000e+02 5.430000000000000000e+02 5.430000000000000000e+02 5.430000000000000000e+02 5.440000000000000000e+02 5.440000000000000000e+02 5.440000000000000000e+02 5.440000000000000000e+02 5.450000000000000000e+02 5.450000000000000000e+02 5.450000000000000000e+02 5.450000000000000000e+02 5.460000000000000000e+02 8.150000000000000000e+02 8.150000000000000000e+02 8.150000000000000000e+02 8.160000000000000000e+02 8.160000000000000000e+02 8.160000000000000000e+02 8.160000000000000000e+02 8.160000000000000000e+02 8.170000000000000000e+02 8.170000000000000000e+02 8.170000000000000000e+02 8.170000000000000000e+02 8.170000000000000000e+02 8.190000000000000000e+02 8.190000000000000000e+02 8.190000000000000000e+02 8.190000000000000000e+02 8.190000000000000000e+02 8.200000000000000000e+02 8.200000000000000000e+02 8.200000000000000000e+02 8.200000000000000000e+02 8.200000000000000000e+02 8.210000000000000000e+02
5.420000000000000000e+02 5.420000000000000000e+02 5.430000000000000000e+02 5.430000000000000000e+02 5.430000000000000000e+02 5.430000000000000000e+02 5.440000000000000000e+02 5.440000000000000000e+02 5.440000000000000000e+02 5.440000000000000000e+02 5.450000000000000000e+02 5.450000000000000000e+02 5.450000000000000000e+02 8.140000000000000000e+02 8.150000000000000000e+02 8.150000000000000000e+02 8.150000000000000000e+02 8.150000000000000000e+02 8.160000000000000000e+02 8.160000000000000000e+02 8.160000000000000000e+02 8.160000000000000000e+02 8.160000000000000000e+02 8.170000000000000000e+02 8.170000000000000000e+02 8.170000000000000000e+02 8.170000000000000000e+02 8.180000000000000000e+02 8.190000000000000000e+02 8.190000000000000000e+02 8.190000000000000000e+02 8.190000000000000000e+02 8.190000000000000000e+02 8.190000000000000000e+02 8.200000000000000000e+02 8.200000000000000000e+02 8.200000000000000000e+02
5.420000000000000000e+02 5.420000000000000000e+02 5.420000000000000000e+02 5.430000000000000000e+02 5.430000000000000000e+02 5.430000000000000000e+02 5.430000000000000000e+02 5.440000000000000000e+02 5.440000000000000000e+02 5.440000000000000000e+02 5.440000000000000000e+02 5.440000000000000000e+02 8.140000000000000000e+02 8.140000000000000000e+02 8.140000000000000000e+02 8.140000000000000000e+02 8.150000000000000000e+02 8.150000000000000000e+02 8.150000000000000000e+02 8.150000000000000000e+02 8.150000000000000000e+02 8.160000000000000000e+02 8.160000000000000000e+02 8.160000000000000000e+02 8.160000000000000000e+02 8.160000000000000000e+02 8.170000000000000000e+02 8.180000000000000000e+02 8.180000000000000000e+02 8.180000000000000000e+02 8.180000000000000000e+02 8.190000000000000000e+02 8.190000000000000000e+02 8.190000000000000000e+02 8.190000000000000000e+02 8.190000000000000000e+02 8.200000000000000000e+02
