testData/tiles/oneDegreeCosts/grid5.0-31.0-6.0-32.0.asc
ncols   200
nrows   200
xllcorner   5.0
yllcorner   31.0
cellsize   0.005
NODATA_value   -9999.0
[rows 126 to 167 of 200, columns 0 to 93 of 200]
265 265 266 267 267 268 269 270 271 271 272 273 274 274 275 276 277 277 203 203 203 203 203 203 203 203 203 203 203 203 203 203 203 203 203 203 203 203 203 203 203 203 203 203 203 203 203 203 203 203 203 203 203 203 203 203 203 203 203 203 203 203 203 203 203 203 203 203 203 203 203 250 250 251 251 251 252 259 265 270 274 279 283 287 290 293 295 298 300 302 303 305 307 307
265 265 266 266 267 268 269 269 270 271 272 272 273 274 275 275 276 277 278 203 203 203 203 203 203 203 203 203 203 203 203 203 203 203 203 203 203 203 203 203 203 203 203 203 203 203 203 203 203 203 203 203 203 203 203 203 203 203 203 203 203 203 203 203 203 203 203 203 203 203 203 250 250 250 250 250 251 258 264 270 275 279 282 286 290 293 296 297 300 302 303 304 306 306
265 265 265 266 267 268 268 269 270 271 271 272 273 273 274 275 276 276 277 278 203 203 203 203 203 203 203 203 203 203 203 203 203 203 203 203 203 203 203 203 203 203 203 203 203 203 203 203 203 203 203 203 203 203 203 203 203 203 203 203 203 203 203 203 203 203 203 203 203 203 203 249 249 249 249 249 251 258 264 269 274 279 283 286 289 292 295 298 299 301 303 304 305 307
265 265 265 266 266 267 268 269 269 270 271 272 272 273 274 275 275 276 277 277 278 203 203 203 203 203 203 203 203 203 203 203 203 203 203 203 203 203 203 203 203 203 203 203 203 203 203 203 203 203 203 203 203 203 203 203 203 203 203 203 203 203 203 203 203 203 203 203 203 203 203 248 248 248 248 248 251 257 263 269 274 278 282 286 288 292 294 297 298 301 303 304 305 306
265 265 265 265 266 267 268 268 269 270 270 271 272 273 273 274 275 276 276 277 278 278 203 203 203 203 203 203 203 203 203 203 203 203 203 203 203 203 203 203 203 203 203 203 203 203 203 203 203 203 203 203 203 203 203 203 203 203 203 203 203 203 203 203 203 203 203 203 203 203 203 247 247 247 247 247 250 257 263 268 273 278 282 286 289 291 294 296 299 300 302 304 304 305
265 265 265 265 266 266 267 268 269 269 270 271 272 272 273 274 274 275 276 277 277 278 279 203 203 203 203 203 203 203 203 203 203 203 203 203 203 203 203 203 203 203 203 203 203 203 203 203 203 203 203 203 203 203 203 203 203 203 203 203 203 203 203 203 203 203 203 203 203 203 203 246 246 246 246 246 250 257 263 268 273 277 281 285 288 291 293 296 298 300 301 303 305 305
265 265 265 265 265 266 267 267 268 269 270 270 271 272 273 273 274 275 275 276 277 277 278 279 203 203 203 203 203 203 203 203 203 203 203 203 203 203 203 203 203 203 203 203 203 203 203 203 203 203 203 203 203 203 203 203 203 203 203 203 203 203 203 203 203 203 203 203 203 203 203 245 245 246 246 246 251 257 263 268 272 277 281 284 288 291 294 295 298 300 302 302 304 305
265 265 265 265 265 266 266 267 268 269 269 270 271 271 272 273 274 274 275 276 276 277 278 278 279 203 203 203 203 203 203 203 203 203 203 203 203 203 203 203 203 203 203 203 203 203 203 203 203 203 203 203 203 203 203 203 203 203 203 203 203 203 203 203 203 203 203 203 203 203 203 245 245 245 245 245 250 257 263 268 273 277 280 284 287 290 293 296 297 299 301 302 303 305
265 265 265 265 265 265 266 267 267 268 269 270 270 271 272 272 273 274 274 275 276 276 277 278 279 279 203 203 203 203 203 203 203 203 203 203 203 203 203 203 203 203 203 203 203 203 203 203 203 203 203 203 203 203 203 203 203 203 203 203 203 203 203 203 203 203 203 203 203 203 203 244 244 244 244 244 250 256 262 267 272 277 281 283 287 290 293 295 296 299 300 302 303 304
265 265 265 265 265 265 265 266 267 268 268 269 270 270 271 272 273 273 274 275 275 276 277 277 278 279 279 203 203 203 203 203 203 203 203 203 203 203 203 203 203 203 203 203 203 203 203 203 203 203 203 203 203 203 203 203 203 203 203 203 203 203 203 203 203 203 203 203 203 203 203 243 243 243 243 243 250 256 262 267 272 276 280 284 286 289 292 295 297 298 300 302 303 303
265 265 265 265 265 265 265 266 267 267 268 269 269 270 271 271 272 273 273 274 275 275 276 277 277 278 279 279 203 203 203 203 203 203 203 203 203 203 203 203 203 203 203 203 203 203 203 203 203 203 203 203 203 203 203 203 203 203 203 203 203 203 203 203 203 203 203 203 203 203 242 242 242 242 242 242 249 256 261 266 271 276 280 283 287 289 291 294 296 298 299 301 302 304
265 265 265 265 265 265 265 265 266 267 267 268 269 270 270 271 272 272 273 274 274 275 276 276 277 278 278 279 279 203 203 203 203 203 203 203 203 203 203 203 203 203 203 203 203 203 203 203 203 203 203 203 203 203 203 203 203 203 203 203 203 203 203 203 203 203 203 203 203 203 241 241 241 241 241 242 249 255 261 266 271 275 279 283 286 289 291 293 296 298 300 300 302 303
265 265 265 265 265 265 265 265 266 266 267 268 268 269 270 270 271 272 272 273 274 274 275 276 276 277 278 278 279 280 203 203 203 203 203 203 203 203 203 203 203 203 203 203 203 203 203 203 203 203 203 203 203 203 203 203 203 203 203 203 203 203 203 203 203 203 203 203 203 203 240 240 240 241 241 242 249 256 261 267 270 275 278 282 285 288 291 293 295 297 299 301 301 303
265 265 265 265 265 265 265 265 265 266 267 267 268 269 269 270 271 271 272 273 273 274 275 275 276 276 277 278 278 279 280 203 203 203 203 203 203 203 203 203 203 203 203 203 203 203 203 203 203 203 203 203 203 203 203 203 203 203 203 203 203 203 203 203 203 203 203 203 203 203 239 240 240 240 240 242 249 255 261 266 271 275 278 281 285 288 291 293 294 297 298 300 301 302
265 265 265 265 265 265 265 265 265 265 266 267 267 268 269 269 270 271 271 272 273 273 274 275 275 276 277 277 278 278 279 280 203 203 203 203 203 203 203 203 203 203 203 203 203 203 203 203 203 203 203 203 203 203 203 203 203 203 203 203 203 203 203 203 203 203 203 203 203 203 239 239 239 239 239 242 249 255 260 265 270 274 278 281 284 287 290 293 295 296 298 299 301 301
265 265 265 265 265 265 265 265 265 265 266 266 267 268 268 269 270 270 271 272 272 273 273 274 275 275 276 277 277 278 278 279 280 203 203 203 203 203 203 203 203 203 203 203 203 203 203 203 203 203 203 203 203 203 203 203 203 203 203 203 203 203 203 203 203 203 203 203 203 203 238 238 238 238 238 241 248 254 260 265 270 274 278 281 285 287 289 292 294 296 297 299 300 302
265 265 265 265 265 265 265 265 265 265 265 266 266 267 268 268 269 270 270 271 272 272 273 274 274 275 275 276 277 277 278 278 279 279 203 203 203 203 203 203 203 203 203 203 203 203 203 203 203 203 203 203 203 203 203 203 203 203 203 203 203 203 203 203 203 203 203 203 203 203 237 237 237 237 237 241 248 254 259 264 269 273 277 281 284 287 289 291 294 296 298 298 300 301
252 252 252 252 265 265 265 265 265 265 265 265 266 267 267 268 269 269 270 270 271 272 272 273 274 274 275 275 276 277 277 278 278 279 279 203 203 203 203 203 203 203 203 203 203 203 203 203 203 203 203 203 203 203 203 203 203 203 203 203 203 203 203 203 203 203 203 203 203 203 236 236 236 236 236 240 247 253 259 264 269 273 277 280 283 286 289 291 293 295 297 299 299 300
252 252 252 252 252 252 252 252 265 265 265 265 265 266 267 267 268 269 269 270 271 271 272 272 273 274 274 275 275 276 277 277 278 278 279 279 203 203 203 203 203 203 203 203 203 203 203 203 203 203 203 203 203 203 203 203 203 203 203 203 203 203 203 203 203 203 203 203 203 203 235 235 235 236 236 241 248 254 259 264 268 272 276 280 283 286 289 291 292 294 296 298 298 300
317 252 252 252 252 252 252 252 252 252 252 252 252 266 266 267 267 268 269 269 270 271 271 272 272 273 274 274 275 275 276 276 277 278 278 279 279 203 203 203 203 203 203 203 203 203 203 203 203 203 203 203 203 203 203 203 203 203 203 203 203 203 203 203 203 203 203 203 203 203 234 235 235 235 235 241 247 253 259 264 268 273 275 279 282 285 288 290 293 294 296 297 299 299
317 252 252 252 252 252 252 252 252 252 252 252 252 252 253 253 254 255 268 269 269 270 271 271 272 272 273 274 274 275 275 276 276 277 277 278 279 279 203 203 203 203 203 203 203 203 203 203 203 203 203 203 203 203 203 203 203 203 203 203 203 203 203 203 203 203 203 203 203 203 234 234 234 234 234 240 247 253 258 263 268 272 276 279 282 285 287 290 292 294 295 297 298 299
317 252 252 252 252 252 252 252 252 252 252 252 252 252 252 253 253 254 255 255 256 256 257 258 271 272 272 273 274 274 275 275 276 276 277 277 278 278 279 203 203 203 203 203 203 203 203 203 203 203 203 203 203 203 203 203 203 203 203 203 203 203 203 203 203 203 203 203 203 203 233 233 233 233 233 240 246 252 258 263 267 272 275 279 282 284 287 289 291 294 295 296 297 299
317 252 252 252 252 252 252 252 252 252 252 252 252 252 252 252 253 253 254 255 255 256 256 257 258 258 259 259 260 273 274 275 275 276 276 277 277 278 278 279 203 203 203 203 203 203 203 203 203 203 203 203 203 203 203 203 203 203 203 203 203 203 203 203 203 203 203 203 203 203 232 232 232 232 232 239 246 252 257 262 267 271 275 278 281 284 286 289 291 293 295 296 297 298
317 317 252 252 252 252 252 252 252 252 252 252 252 252 252 252 252 253 253 254 255 255 256 256 257 258 258 259 259 260 260 261 261 262 262 276 276 277 277 278 278 203 203 203 203 203 203 203 203 203 203 203 203 203 203 203 203 203 203 203 203 203 203 203 203 203 203 203 203 203 231 231 231 231 232 239 246 251 257 262 266 270 274 278 281 284 286 288 290 292 294 296 296 297
317 317 252 252 252 252 252 252 252 252 252 252 252 252 252 252 252 252 253 254 254 255 255 256 256 257 258 258 259 259 260 260 261 261 262 262 263 263 264 264 265 265 203 203 203 203 203 203 203 203 203 203 203 203 203 203 203 203 203 203 203 203 203 203 203 203 203 203 203 203 230 230 230 230 232 239 246 252 257 261 266 270 274 277 280 283 286 288 290 292 293 295 297 297
317 317 252 252 252 252 252 252 252 252 252 252 252 252 252 252 252 252 252 253 254 254 255 255 256 256 257 257 258 259 259 260 260 261 261 262 262 263 263 264 264 264 203 203 203 203 203 203 203 203 203 203 203 203 203 203 203 203 203 203 203 203 203 203 203 203 203 203 203 229 229 230 230 230 232 239 246 251 257 262 266 270 273 276 280 283 285 288 290 291 293 294 296 297
317 317 252 252 252 252 252 252 252 252 252 252 252 252 252 252 252 252 252 252 253 253 254 255 255 256 256 257 257 258 258 259 259 260 260 261 261 262 262 263 263 264 264 203 203 203 203 203 203 203 203 203 203 203 203 203 203 203 203 203 203 203 203 203 203 203 203 203 203 229 229 229 229 229 231 239 245 251 256 261 266 270 273 277 279 282 285 287 289 291 292 294 295 296
317 317 252 252 252 252 252 252 252 252 252 252 252 252 252 252 252 252 252 252 252 253 253 254 255 255 256 256 257 257 258 258 259 259 260 260 261 261 262 262 263 263 263 264 203 203 203 203 203 203 203 203 203 203 203 203 203 203 203 203 203 203 203 203 203 203 203 203 203 228 228 228 228 228 231 238 245 250 256 261 265 269 273 276 279 281 284 286 289 291 292 293 295 296
317 317 317 252 252 252 252 252 252 252 252 252 252 252 252 252 252 252 252 252 252 252 253 253 254 254 255 256 256 257 257 258 258 259 259 260 260 261 261 261 262 262 263 263 264 203 203 203 203 203 203 203 203 203 203 203 203 203 203 203 203 203 203 203 203 203 203 203 203 214 214 214 214 214 218 225 231 237 242 247 251 268 272 276 279 282 284 286 288 290 292 293 294 295
317 317 317 252 252 252 252 252 252 252 252 252 252 252 252 252 252 252 252 252 252 252 252 253 253 254 254 255 255 256 256 257 257 258 258 259 259 260 260 261 261 262 262 262 263 263 203 203 203 203 203 203 203 203 203 203 203 203 203 203 203 203 203 203 203 203 203 203 203 213 213 213 213 213 217 224 231 236 242 246 251 255 259 262 265 268 271 273 274 276 278 280 281 281
317 317 317 252 252 252 252 252 252 252 252 252 252 252 252 252 252 252 252 252 252 252 252 252 253 253 254 254 255 255 256 256 257 257 258 258 259 259 260 260 260 261 261 262 262 262 263 203 203 203 203 203 203 203 203 203 203 203 203 203 203 203 203 203 203 203 203 203 203 212 212 212 212 212 218 225 231 237 242 246 250 254 258 261 265 267 270 272 275 276 278 279 281 282
317 317 317 252 252 252 252 252 252 252 252 252 252 252 252 252 252 252 252 252 252 252 252 252 252 253 253 254 254 255 255 256 256 257 257 257 258 258 259 259 260 260 260 261 261 262 262 262 203 203 203 203 203 203 203 203 203 203 203 203 203 203 203 203 203 203 203 203 203 211 211 212 212 212 217 224 231 236 242 246 251 255 257 261 264 267 269 272 274 276 277 278 280 281
317 317 317 252 252 252 252 252 252 252 252 252 252 252 252 252 252 252 252 252 252 252 252 252 252 252 252 253 253 254 254 255 255 256 256 257 257 258 258 259 259 259 260 260 261 261 261 262 262 203 203 203 203 203 203 203 203 203 203 203 203 203 203 203 203 203 203 203 203 211 211 211 211 211 217 224 230 236 241 246 250 254 258 261 263 266 269 271 273 275 277 278 279 280
317 317 317 252 252 252 252 252 252 252 252 252 252 252 252 252 252 252 252 252 252 252 252 252 252 252 252 252 253 253 254 254 255 255 256 256 257 257 257 258 258 259 259 259 260 260 260 261 261 203 203 203 203 203 203 203 203 203 203 203 203 203 203 203 203 203 203 203 203 210 210 210 210 210 216 223 230 235 240 245 250 253 257 261 264 266 268 271 273 275 277 278 279 280
317 317 317 317 252 252 252 252 252 252 252 252 252 252 252 252 252 252 252 252 252 252 252 252 252 252 252 252 252 253 253 254 254 254 255 255 256 256 257 257 257 258 258 259 259 259 260 260 260 261 203 203 203 203 203 203 203 203 203 203 203 203 203 203 203 203 203 203 203 209 209 209 209 209 216 223 229 235 240 245 249 253 257 260 263 266 268 270 272 274 276 277 279 279
317 317 317 317 252 252 252 252 252 252 252 252 252 252 252 252 252 252 252 252 252 252 252 252 252 252 252 252 252 252 252 253 253 254 254 255 255 256 256 256 257 257 258 258 258 259 259 259 260 260 260 203 203 203 203 203 203 203 203 203 203 203 203 203 203 203 203 203 203 208 208 208 208 208 216 222 229 234 239 244 248 252 256 259 262 265 268 270 271 273 275 277 278 279
317 317 317 317 252 252 252 252 252 252 252 252 252 252 252 252 252 252 252 252 252 252 252 252 252 252 252 252 252 252 252 252 253 253 254 254 254 255 255 256 256 256 257 257 258 258 258 259 259 259 259 260 203 203 203 203 203 203 203 203 203 203 203 203 203 203 203 203 203 207 207 207 207 207 215 222 229 234 239 243 248 252 255 259 262 265 267 270 272 273 275 276 278 279
317 317 317 317 252 252 252 252 252 252 252 252 252 252 252 252 252 252 252 252 252 252 252 252 252 252 252 252 252 252 252 252 252 252 253 253 254 254 254 255 255 256 256 256 257 257 257 258 258 258 259 259 259 203 203 203 203 203 203 203 203 203 203 203 203 203 203 203 203 206 206 207 207 208 216 222 229 234 239 244 248 252 255 258 261 264 267 269 271 273 274 275 277 278
317 317 317 317 252 252 252 252 252 252 252 252 252 252 252 252 252 252 252 252 252 252 252 252 252 252 252 252 252 252 252 252 252 252 252 252 253 253 254 254 255 255 255 256 256 256 257 257 257 258 258 258 258 259 203 203 203 203 203 203 203 203 203 203 203 203 203 203 203 206 206 206 206 208 215 222 228 234 239 243 248 251 255 258 260 263 266 268 270 272 274 275 276 277
317 317 317 317 252 252 252 252 252 252 252 252 252 252 252 252 252 252 252 252 252 252 252 252 252 252 252 252 252 252 252 252 252 252 252 252 252 253 253 253 254 254 255 255 255 256 256 256 257 257 257 257 258 258 258 203 203 203 203 203 203 203 203 203 203 203 203 203 203 205 205 205 205 207 215 221 227 233 238 243 247 251 254 258 261 264 265 268 270 272 273 275 275 277
317 317 317 317 317 252 252 252 252 252 252 252 252 252 252 252 252 252 252 252 252 252 252 252 252 252 252 252 252 252 252 252 252 252 252 252 252 252 252 253 253 253 254 254 254 255 255 255 256 256 256 257 257 257 257 203 203 203 203 203 203 203 203 203 203 203 203 203 203 204 204 204 204 207 214 221 227 232 237 242 246 250 254 257 260 263 266 267 269 271 273 274 276 276
317 317 317 317 317 252 252 252 252 252 252 252 252 252 252 252 252 252 252 252 252 252 252 252 252 252 252 252 252 252 252 252 252 252 252 252 252 252 252 252 252 253 253 253 254 254 254 255 255 255 256 256 256 256 257 257 203 203 203 203 203 203 203 203 203 203 203 203 203 203 203 203 203 206 214 220 226 232 237 241 246 250 253 256 260 262 265 267 268 270 272 274 275 276
