testData/tiles/oneDegreeCosts/grid40.0-41.0-41.0-42.0.asc
ncols   200
nrows   200
xllcorner   40.0
yllcorner   41.0
cellsize   0.005
NODATA_value   -9999.0
[rows 80 to 119 of 200, columns 0 to 91 of 200]
818 818 817 818 818 818 818 817 817 817 817 817 817 817 817 818 817 1059 1060 1059 1060 1059 1058 1059 1058 1058 1057 1057 1058 1057 1056 1056 1056 1056 1055 1055 1054 1054 1054 1054 1053 1052 1053 1051 1051 1052 1050 1050 1050 1049 1048 1048 1047 1048 1046 1046 1046 1045 1045 1044 1044 1042 1043 1042 1042 1042 1042 1042 1042 1042 1042 1042 1042 1042 1042 1116 1114 1115 1113 1113 1112 1112 1110 1111 1109 1108 1108 1106 924 923 923 921
816 815 816 816 816 816 816 816 816 817 816 816 817 816 817 816 815 816 1058 1059 1059 1057 1058 1058 1057 1058 1056 1057 1057 1056 1056 1055 1055 1055 1054 1054 1054 1053 1054 1053 1052 1052 1052 1050 1051 1050 1049 1050 1049 1048 1048 1047 1047 1047 1045 1046 1044 1044 1045 1043 1043 1042 1042 1042 1042 1042 1042 1042 1042 1042 1042 1042 1042 1042 1042 1115 1114 1114 1112 1113 1111 1111 1110 1109 1108 1108 1107 1106 924 922 921 921
815 815 815 816 815 815 816 815 816 816 815 816 815 815 815 814 815 815 815 814 1057 1057 1057 1056 1057 1056 1056 1056 1056 1055 1055 1054 1055 1054 1053 1054 1052 1053 1052 1052 1052 1051 1051 1050 1050 1049 1049 1049 1047 1048 1047 1047 1046 1046 1045 1045 1043 1044 1042 1042 1042 1042 1042 1042 1042 1042 1042 1042 1042 1042 1042 1042 1042 1042 1042 1115 1113 1113 1112 1112 1110 1111 1109 1108 1108 1107 1106 1106 923 921 921 920
814 813 814 814 814 814 814 814 814 814 814 814 814 814 814 814 814 814 814 814 814 1056 1056 1055 1055 1056 1055 1055 1054 1054 1054 1054 1053 1052 1053 1053 1052 1052 1051 1051 1051 1050 1050 1049 1049 1048 1048 1047 1047 1047 1046 1046 1045 1045 1044 1044 1043 1043 1042 1042 1042 1042 1042 1042 1042 1042 1042 1042 1042 1042 1042 1042 1042 1042 1042 1114 1112 1113 1111 1111 1110 1109 1108 1108 1107 1106 1106 1105 921 921 920 919
813 813 813 814 814 814 814 814 814 814 814 814 814 814 814 814 814 814 814 814 814 814 814 1054 1055 1055 1256 1054 1054 1054 1054 1052 1052 1052 1052 1052 1051 1051 1050 1050 1049 1049 1049 1048 1048 1047 1047 1046 1046 1045 1045 1045 1045 1044 1043 1043 1042 1042 1042 1042 1042 1042 1042 1042 1042 1042 1042 1042 1042 1042 1042 1042 1042 1042 1042 1042 1112 1112 1110 1110 1109 1108 1108 1107 1106 1106 1105 922 921 920 919 919
1014 1014 1015 1014 1014 1015 1014 1014 1015 1014 1015 1015 1014 1015 1015 1015 1015 1014 1014 1014 1013 1014 1014 1014 1256 1255 1256 1256 1255 1255 1254 1254 1255 1253 1254 1253 1253 1253 1252 1252 1251 1251 1250 1251 1250 1249 1250 1248 1248 1247 1247 1246 1246 1246 1246 1245 1042 1042 1042 1042 1042 1042 1042 1042 1042 1042 1042 1042 1042 1042 1042 1042 1042 1042 1042 1042 1111 1110 1110 1109 1108 1108 1107 1106 1106 1105 1103 921 920 919 918 917
1012 1013 1013 1012 1013 1013 1012 1013 1013 1013 1013 1013 1013 1013 1014 1013 1013 1013 1013 1013 1013 1012 1013 1012 1012 1012 1255 1254 1254 1254 1253 1253 1253 1253 1253 1251 1252 1252 1251 1251 1250 1250 1249 1249 1249 1249 1248 1247 1248 1246 1246 1245 1245 1245 1244 1244 1244 1243 1242 1242 1241 1241 1240 1240 1238 1239 1237 1137 1042 1042 1042 1042 1042 1042 1042 1042 1110 1109 1109 1107 1108 1106 1106 1105 1104 1103 1102 920 919 918 918 916
1011 1011 1011 1011 1011 1012 1011 1012 1013 1012 1012 1013 1012 1012 1011 1011 1012 1011 1011 1012 1011 1012 1011 1010 1011 1010 1010 1254 1253 1252 1252 1252 1253 1252 1251 1251 1251 1250 1250 1250 1249 1249 1248 1248 1247 1247 1247 1247 1246 1245 1245 1244 1244 1243 1243 1242 1242 1241 1242 1241 1240 1240 1239 1238 1238 1238 1136 1137 1135 1135 1134 1133 1133 1132 1132 1130 1312 1108 1108 1107 1107 1105 1105 1104 1103 1102 1102 919 918 917 917 915
1009 1009 1010 1009 1010 1010 1010 1011 1011 1010 1011 1010 1011 1011 1010 1011 1011 1009 1010 1010 1010 1010 1009 1010 1010 1009 1009 1008 1008 1252 1251 1250 1250 1250 1251 1250 1249 1249 1249 1248 1248 1248 1247 1247 1246 1246 1245 1245 1245 1244 1244 1243 1243 1242 1242 1241 1241 1240 1240 1239 1238 1238 1238 1236 1237 1135 1135 1134 1134 1133 1133 1132 1131 1131 1130 1129 1129 1310 1309 1309 1308 1307 1306 1306 1304 1102 918 918 917 916 915 915
1007 1008 1008 1008 1008 1007 1008 1009 1008 1009 1009 1009 1009 1009 1009 1009 1009 1009 1009 1009 1008 1008 1008 1008 1008 1008 1008 1007 1007 1007 1249 1250 1249 1249 1249 1248 1249 1247 1247 1247 1247 1246 1246 1246 1245 1245 1244 1244 1243 1243 1243 1242 1242 1241 1241 1240 1240 1239 1239 1237 1238 1237 1236 1236 1135 1134 1135 1133 1133 1132 1132 1130 1131 1129 1129 1129 1128 1309 1309 1308 1306 1307 1305 1305 1304 1304 1120 1120 1119 1118 1118 1117
1005 1005 1006 1006 1006 1006 1006 1006 1007 1007 1008 1007 1007 1008 1007 1007 1007 1007 1008 1007 1007 1007 1006 1006 1006 1006 1006 1006 1006 1004 1005 1005 1248 1248 1246 1247 1247 1246 1247 1245 1245 1245 1245 1244 1244 1244 1242 1243 1242 1241 1241 1241 1240 1240 1240 1238 1239 1238 1237 1237 1237 1235 1236 1134 1134 1134 1133 1132 1132 1131 1130 1130 1130 1128 1129 1127 1127 1308 1307 1306 1306 1305 1304 1304 1303 1302 1120 1118 1118 1117 1117 1115
1003 1004 1003 1004 1005 1004 1004 1005 1004 1005 1006 1005 1006 1005 1005 1006 1005 1006 1006 1005 1006 1006 1004 1005 1004 1004 1005 1004 1004 1004 1003 1004 1003 1003 1246 1246 1245 1245 1245 1244 1244 1243 1243 1244 1242 1242 1242 1241 1240 1241 1240 1239 1239 1239 1238 1238 1237 1236 1237 1235 1235 1235 1134 1133 1133 1132 1132 1131 1131 1129 1130 1129 1128 1128 1127 1126 1125 1307 1305 1306 1304 1304 1303 1303 1302 1301 1119 1117 1117 1116 1114 1114
1001 1001 1001 1002 1002 1001 1003 1003 1003 1003 1002 1003 1003 1002 1004 1004 1004 1004 1004 1004 1004 1002 1003 1003 1002 1003 1002 1002 1003 1002 1002 1001 1001 1002 1001 1244 1243 1243 1243 1243 1243 1241 1242 1241 1241 1241 1240 1240 1239 1239 1238 1239 1237 1237 1237 1236 1235 1236 1235 1234 1234 1133 1133 1132 1132 1131 1131 1130 1129 1129 1128 1127 1127 1126 1125 1125 1124 1123 1305 1304 1303 1303 1302 1301 1300 1118 1117 1116 1116 1115 1113 1114
998 999 999 999 999 1000 1000 1000 1001 1001 1001 1001 1001 1001 1001 1001 1001 1001 1001 1001 1001 1001 1001 1001 1001 1001 1000 1001 1001 1000 1001 999 1000 1000 999 1000 999 1241 1241 1241 1241 1241 1240 1239 1240 1239 1238 1239 1238 1237 1237 1237 1236 1236 1235 1235 1234 1234 1233 1233 1132 1131 1131 1131 1129 1130 1129 1128 1128 1127 1126 1126 1125 1125 1124 1124 1122 1122 1303 1303 1302 1301 1301 1299 1300 1116 1116 1115 1114 1113 1113 1112
995 996 996 997 997 997 998 998 998 999 998 998 1000 999 999 999 999 1000 999 999 1000 999 999 999 999 999 999 999 999 999 999 998 998 997 998 998 997 997 996 1239 1240 1239 1238 1238 1238 1237 1237 1236 1236 1237 1235 1235 1235 1234 1233 1234 1232 1232 1132 1131 1130 1131 1129 1129 1129 1128 1127 1127 1126 1126 1125 1125 1123 1123 1123 1122 1121 1121 1302 1300 1301 1299 1299 1299 1298 1115 1114 1114 1112 1113 1111 1111
993 993 993 995 994 995 996 995 996 996 996 997 996 996 997 996 998 998 997 998 998 997 998 997 997 998 997 997 997 996 996 996 996 996 996 996 996 995 994 995 1237 1237 1237 1236 1236 1236 1236 1234 1235 1234 1233 1234 1233 1233 1232 1232 1231 1131 1130 1130 1129 1129 1128 1128 1127 1127 1125 1126 1124 1124 1124 1123 1122 1122 1121 1121 1120 1119 1118 1300 1299 1298 1298 1297 1114 1114 1113 1112 1111 1111 1110 1108
990 989 991 991 992 992 993 993 993 993 994 994 993 994 995 995 995 995 995 995 994 995 995 994 995 995 994 995 994 994 995 994 994 994 994 994 993 993 993 993 992 993 1234 1234 1235 1234 1234 1233 1233 1232 1233 1231 1231 1232 1230 1230 1130 1129 1128 1129 1127 1127 1126 1126 1125 1125 1124 1124 1123 1123 1122 1121 1121 1121 1119 1119 1118 1117 1118 1298 1298 1297 1297 1295 1112 1112 1111 1110 1110 1109 1108 1107
985 987 987 988 988 989 989 990 990 990 991 991 991 992 993 992 992 992 992 993 993 993 993 993 993 992 993 993 992 993 992 992 993 992 991 991 991 992 991 991 991 990 989 990 1232 1232 1232 1231 1231 1231 1230 1229 1229 1229 1228 1127 1128 1128 1126 1127 1126 1125 1125 1125 1123 1124 1123 1122 1122 1121 1120 1120 1119 1118 1118 1117 1117 1116 1116 1114 1296 1295 1294 1112 1111 1111 1109 1110 1108 1107 1107 1106
982 983 984 984 985 986 986 986 988 987 988 989 988 989 989 989 990 989 990 991 990 990 990 990 990 990 990 990 990 990 989 990 990 989 990 989 989 989 989 988 988 988 987 988 987 986 1230 1229 1229 1229 1228 1227 1228 1227 1126 1126 1126 1125 1125 1124 1124 1123 1123 1122 1122 1121 1121 1120 1120 1119 1119 1118 1117 1117 1117 1115 1115 1114 1114 1113 1112 1112 1110 1111 1109 1109 1108 1107 1107 1106 1106 1104
978 979 980 980 982 982 982 984 984 984 985 984 986 986 986 987 987 986 988 988 987 988 987 987 988 987 988 988 988 988 988 988 987 988 988 986 987 986 986 986 986 986 986 986 984 985 984 984 1227 1226 1226 1226 1226 1124 1125 1124 1124 1123 1123 1122 1123 1121 1121 1121 1120 1119 1120 1118 1118 1118 1117 1116 1115 1115 1115 1113 1114 1112 1111 1112 1110 1110 1109 1109 1108 1108 1107 1105 1105 1104 1104 1102
974 975 976 977 977 977 979 980 979 981 981 982 982 983 983 983 984 984 984 984 985 985 984 985 985 985 986 985 985 986 985 985 985 985 984 985 985 984 985 984 983 983 983 983 983 983 982 982 981 981 1224 1124 1123 1123 1123 1122 1122 1121 1121 1121 1120 1119 1120 1118 1118 1118 1118 1116 1116 1115 1115 1114 1114 1113 1113 1112 1111 1110 1110 1110 1108 1109 1107 1107 1106 1105 1105 1103 1104 1102 1101 1101
968 969 970 972 973 974 974 975 976 977 977 978 978 980 979 980 980 981 981 981 981 982 982 982 981 982 983 982 983 982 982 983 982 982 982 982 982 982 982 981 982 981 981 982 980 980 980 980 979 980 878 878 1121 1121 1121 1120 1120 1119 1120 1118 1118 1118 1118 1116 1116 1116 1115 1114 1115 1113 1113 1113 1111 1111 1111 1110 1109 1109 1108 1108 1106 1107 1105 1104 1105 1103 1103 1102 1102 1100 1100 1100
965 965 964 966 968 968 969 971 971 972 974 974 975 975 975 977 976 977 978 978 978 978 979 979 979 979 979 980 980 979 980 979 979 980 979 979 979 979 979 979 979 978 979 978 978 979 978 977 977 877 876 877 876 875 1118 1118 1117 1117 1116 1116 1116 1116 1115 1114 1115 1113 1112 1113 1111 1111 1111 1110 1109 1110 1108 1108 1107 1107 1106 1106 1105 1104 1103 1103 1103 1101 1102 1100 1099 1098 1098 1098
966 965 963 963 962 962 965 965 966 968 968 970 971 970 972 973 972 974 973 974 975 974 975 976 975 976 976 976 976 977 977 976 977 977 976 977 976 976 976 976 976 976 976 975 976 975 975 976 875 874 874 874 873 873 873 1115 1114 1115 1114 1114 1113 1113 1112 1113 1111 1111 1111 1110 1109 1110 1108 1108 1107 1108 1106 1106 1105 1105 1104 1103 1103 1102 1102 1101 1100 1099 1099 1098 1097 1097 1096 1094
966 964 964 963 961 961 960 959 961 962 963 964 965 966 967 968 969 969 969 970 971 970 972 971 972 973 972 973 973 973 973 973 974 973 974 974 973 974 973 973 973 973 973 973 973 972 873 872 872 871 872 871 870 871 870 870 870 869 1111 1112 1111 1111 1110 1110 1109 1110 1108 1108 1107 1107 1106 1106 1105 1105 1104 1104 1103 1102 1102 1101 1101 1100 1100 1099 1097 1098 1096 1096 1096 1095 1094 1093
927 926 964 963 962 961 960 959 958 957 957 958 961 961 962 963 964 964 965 966 966 967 968 967 968 969 968 970 969 969 971 970 970 970 970 970 971 971 970 971 970 970 970 970 970 869 870 869 869 869 869 868 868 868 867 868 867 867 866 866 1108 1109 1108 1107 1106 1107 1106 1105 1105 1105 1104 1104 1103 1102 1102 1101 1101 1100 1100 1099 1098 1098 1097 1096 1096 1095 1094 1095 1093 1092 1091 1091
928 926 925 925 923 961 961 959 958 957 956 955 954 954 957 957 958 960 960 961 961 962 963 963 964 964 965 965 965 966 966 966 967 966 967 967 967 967 966 967 966 967 967 967 867 867 867 866 867 866 866 865 865 864 865 864 864 864 864 863 862 863 1105 1105 1104 1104 1103 1104 1103 1101 1102 1101 1100 1100 1100 1099 1098 1098 1098 1096 1096 1096 1094 1095 1093 1093 1092 1091 1091 1090 1090 1089
927 926 926 924 923 923 921 921 959 957 956 956 954 953 953 951 952 953 954 956 956 957 959 958 959 960 960 961 960 962 961 962 963 962 963 963 963 962 964 964 963 964 863 863 863 863 863 863 863 862 863 862 862 862 862 861 861 861 861 859 860 859 859 859 1102 1100 1101 1100 1100 1100 1099 1098 1098 1097 1097 1096 1097 1095 1094 1095 1093 1093 1092 1092 1091 1091 1090 1089 1088 1088 1088 1086
927 927 926 924 924 923 921 921 920 918 918 956 954 954 952 951 951 949 949 949 949 951 952 953 954 954 955 955 956 957 957 958 957 958 959 959 959 959 960 959 960 860 859 860 860 860 860 860 859 860 860 859 859 859 859 858 859 858 857 857 857 856 857 856 856 855 1098 1097 1097 1097 1096 1095 1096 1095 1094 1094 1093 1093 1091 1092 1091 1090 1090 1090 1088 1088 1088 1086 1087 1086 1084 1084
928 927 926 925 924 923 922 921 920 919 918 916 916 915 952 952 951 949 949 947 946 946 945 946 948 948 949 950 951 952 952 953 953 954 954 954 955 955 955 955 856 855 856 856 856 857 856 856 855 856 855 855 856 855 855 855 855 854 855 854 854 854 854 853 852 852 852 851 1095 1094 1093 1093 1092 1092 1092 1091 1090 1090 1089 1089 1088 1089 1087 1086 1087 1085 1085 1084 1083 1083 1082 1082
928 927 926 925 924 923 922 921 920 919 918 917 916 915 914 913 912 950 949 947 947 946 944 944 942 942 943 944 945 946 946 947 948 949 948 950 950 950 851 851 851 852 852 851 851 853 852 852 852 852 851 852 852 852 852 852 851 852 852 851 851 850 850 849 850 849 849 849 848 847 1090 1090 1089 1089 1088 1088 1087 1088 1086 1086 1086 1085 1084 1083 1084 1082 1082 1082 1081 1080 1080 1079
928 928 926 925 925 923 922 922 920 919 919 917 916 915 914 913 912 911 910 909 908 945 945 944 942 942 941 939 939 939 940 941 942 943 944 944 944 845 846 846 846 847 847 846 848 847 847 849 848 848 848 848 848 849 848 848 847 848 847 847 847 847 846 847 846 846 845 845 844 844 844 844 843 1086 1085 1085 1085 1085 1083 1082 1083 1082 1081 1081 1081 1080 1079 1079 1078 1077 1077 1076
929 928 926 926 925 923 923 922 920 920 918 917 917 915 914 914 912 911 910 909 908 907 906 905 943 942 940 940 939 937 937 935 934 936 937 938 838 840 839 840 842 841 842 842 843 842 844 843 843 845 844 844 843 844 844 844 844 844 843 844 843 843 843 843 842 842 842 842 841 842 840 840 840 840 839 1081 1082 1080 1080 1080 1080 1078 1079 1078 1077 1076 1076 1076 1075 1074 1074 1073
929 927 927 926 924 924 923 921 921 920 918 918 917 915 915 913 912 912 910 909 909 907 906 905 904 903 902 940 938 937 937 935 934 933 832 831 831 833 833 835 834 835 837 837 837 838 838 838 838 839 839 838 839 840 839 840 839 839 840 840 839 839 839 839 838 839 838 838 838 838 837 836 837 835 835 835 835 834 1078 1077 1076 1075 1075 1075 1073 1074 1073 1072 1072 1071 1071 1070
929 928 927 926 925 924 923 922 921 920 919 918 916 916 915 913 913 912 910 910 908 907 907 905 904 903 902 901 899 899 898 935 935 833 832 831 830 829 828 827 827 829 829 830 831 832 832 832 833 833 833 834 834 834 835 834 835 834 835 835 834 835 835 835 835 834 834 833 834 833 833 833 833 832 833 831 831 830 831 830 1072 1073 1071 1071 1071 1071 1070 1068 1069 1068 1068 1067
930 928 927 927 925 924 924 922 921 920 919 918 917 916 915 914 913 912 910 910 908 907 907 905 904 903 902 901 900 899 897 797 796 794 794 831 830 829 828 827 825 825 823 823 823 825 825 826 827 827 828 828 829 828 830 829 829 830 830 829 830 830 830 829 830 829 829 829 830 829 830 829 829 829 829 827 827 827 826 826 826 826 825 1067 1067 1066 1066 1066 1066 1064 1064 1064
929 928 928 926 925 925 923 922 922 920 919 919 917 916 915 914 913 911 911 910 908 908 906 905 905 903 902 901 900 899 798 797 795 795 794 792 791 790 828 826 826 825 823 823 821 820 819 819 819 820 822 821 822 823 823 823 825 824 824 825 825 824 825 825 825 824 826 825 825 825 825 824 824 824 823 823 823 823 822 822 822 822 821 821 820 1062 1063 1062 1061 1061 1060 1060
929 929 928 926 925 925 923 922 922 920 919 918 917 916 915 914 913 912 911 910 909 908 906 906 905 903 903 901 900 800 798 797 795 795 793 792 792 790 789 788 787 785 824 823 821 820 819 818 816 816 814 814 814 815 816 817 818 818 818 819 819 819 820 819 820 820 820 820 820 820 819 819 819 820 819 820 819 819 818 819 818 817 818 816 816 815 815 815 1057 1058 1056 1055
929 929 928 926 926 924 923 923 921 920 920 918 917 917 915 914 914 912 911 910 909 908 907 906 904 904 903 801 800 799 798 797 796 795 793 793 792 790 790 788 787 785 785 783 782 782 819 818 817 816 814 814 812 811 809 809 809 810 811 812 811 813 813 813 813 814 814 814 814 815 814 815 814 814 814 815 814 814 814 813 813 812 813 812 812 812 811 811 811 811 809 1051
930 929 927 927 926 924 924 923 921 921 920 918 918 917 915 915 913 912 912 910 909 908 907 906 904 904 803 801 801 799 798 797 796 795 794 793 791 790 790 788 787 786 785 783 783 781 780 780 778 777 776 814 812 811 810 809 807 807 805 804 803 805 805 806 807 807 807 809 808 808 808 809 809 809 809 808 808 808 809 808 808 808 808 807 807 807 806 806 806 805 805 805
