testData/tiles/oneDegreeCosts/grid34.0-28.0-35.0-29.0.asc
ncols   200
nrows   200
xllcorner   34.0
yllcorner   28.0
cellsize   0.005
NODATA_value   -9999.0
[rows 126 to 167 of 200, columns 0 to 93 of 200]
253 253 253 253 253 253 253 253 253 253 253 253 252 252 252 252 252 252 252 252 252 252 283 283 283 283 283 283 283 283 283 284 286 288 289 290 291 292 293 295 296 297 298 299 300 301 302 303 304 305 306 307 308 309 309 310 311 312 312 312 313 314 315 315 316 317 317 318 319 319 320 321 321 322 322 323 324 324 325 325 326 326 327 328 328 333 333 334 334 335 335 336 336 337
253 253 253 253 253 253 253 253 253 253 252 252 252 252 252 252 252 252 252 252 252 252 283 283 283 283 283 283 283 283 283 284 285 287 288 289 290 292 293 294 295 296 298 299 300 301 302 303 304 305 306 306 307 308 309 310 310 310 311 312 313 313 314 315 316 316 317 318 318 319 320 320 321 322 322 323 323 324 324 325 326 326 327 327 328 332 333 333 334 334 335 335 336 336
253 253 253 253 253 253 253 253 252 252 252 252 252 252 252 252 252 252 252 252 252 252 252 283 283 283 283 283 283 283 283 283 285 285 287 288 290 291 292 294 295 296 297 298 299 300 301 302 303 304 305 306 307 308 309 308 309 310 311 312 312 313 314 315 315 316 317 317 318 319 319 320 321 321 322 322 323 324 324 325 325 326 326 327 327 332 333 333 334 334 335 335 335 336
253 253 253 253 253 253 252 252 252 252 252 252 252 252 252 252 252 252 252 252 252 252 252 283 283 283 283 283 283 283 283 282 283 285 286 288 289 290 292 293 294 295 297 298 299 300 301 302 303 304 305 306 306 306 307 308 309 310 310 311 312 313 314 314 315 316 316 317 318 318 319 320 320 321 321 322 323 323 324 324 325 326 326 327 327 328 332 333 333 334 334 335 335 336
253 253 253 253 252 252 252 252 252 252 252 252 252 252 252 252 252 252 252 252 252 252 252 283 283 283 283 283 283 282 282 282 282 284 286 287 289 290 291 292 294 295 296 297 298 299 300 301 302 303 304 305 305 306 307 308 308 309 310 311 312 312 313 314 315 315 316 317 317 318 319 319 320 321 321 322 322 323 324 324 325 325 326 326 327 327 332 332 333 333 334 334 335 335
253 253 252 252 252 252 252 252 252 252 252 252 252 252 252 252 252 252 252 252 252 252 252 252 283 283 283 282 282 282 282 282 282 283 285 286 288 289 291 292 293 294 296 297 298 299 300 301 302 303 303 304 305 306 306 307 308 309 310 311 311 312 313 314 314 315 316 316 317 318 318 319 320 320 321 321 322 323 323 324 324 325 325 326 327 327 332 332 333 333 334 334 335 335
252 252 252 252 252 252 252 252 252 252 252 252 252 252 252 252 252 252 252 252 252 252 252 252 283 283 282 282 282 282 282 282 282 283 284 286 287 289 290 291 293 294 295 296 297 298 299 300 301 301 302 303 304 305 306 307 308 309 309 310 311 312 312 313 314 315 315 316 317 317 318 319 319 320 321 321 322 322 323 323 324 325 325 326 326 327 331 332 332 333 333 334 334 335
252 252 252 252 252 252 252 252 252 252 252 252 252 252 252 252 252 252 252 252 252 252 252 252 252 282 282 282 282 282 282 282 282 282 284 285 287 288 289 291 292 293 295 296 297 298 299 299 300 301 302 303 304 305 306 306 307 308 309 310 311 311 312 313 314 314 315 316 316 317 318 318 319 320 320 321 321 322 323 323 324 324 325 325 326 327 327 332 332 333 333 334 334 335
252 252 252 252 252 252 252 252 252 252 252 252 252 252 252 252 252 252 252 252 252 252 252 252 252 282 282 282 282 282 282 282 282 282 283 284 286 287 289 290 292 293 294 295 296 296 297 299 300 301 302 302 303 304 305 306 307 308 309 309 310 311 312 312 313 314 315 315 316 317 317 318 319 319 320 320 321 322 322 323 323 324 325 325 326 326 327 331 332 332 333 333 334 334
252 252 252 252 252 252 252 252 252 252 252 252 252 252 252 252 252 252 252 252 252 252 252 252 252 282 282 282 282 282 282 282 282 282 282 284 285 287 288 290 291 292 293 295 295 296 297 298 299 300 301 302 303 304 305 306 306 307 308 309 310 311 311 312 313 313 314 315 316 316 317 318 318 319 320 320 321 321 322 323 323 324 324 325 325 326 326 331 331 332 332 333 333 334
252 252 252 252 252 252 252 252 252 252 252 252 252 252 252 252 252 252 252 252 252 252 252 252 252 252 282 282 282 282 282 282 282 282 282 283 285 286 288 289 290 292 292 293 294 295 296 298 299 300 301 302 302 303 304 305 306 307 308 309 309 310 311 312 312 313 314 315 315 316 317 317 318 319 319 320 320 321 322 322 323 323 324 324 325 326 326 331 331 332 332 333 333 334
252 252 252 252 252 252 252 252 252 252 252 252 252 252 252 252 252 252 252 252 252 252 252 252 252 252 282 282 282 282 282 282 282 282 282 282 284 285 287 288 289 290 291 293 294 295 296 297 298 299 300 301 302 303 304 305 306 306 307 308 309 310 311 311 312 313 313 314 315 316 316 317 318 318 319 319 320 321 321 322 322 323 324 324 325 325 326 330 331 331 332 332 333 333
252 252 252 252 252 252 252 252 252 252 252 252 252 252 252 252 252 252 252 252 252 252 252 252 252 252 252 282 282 282 282 282 282 282 282 282 283 285 286 287 288 289 291 292 293 294 295 297 298 299 300 301 302 303 303 304 305 306 307 308 309 309 310 311 312 312 313 314 315 315 316 317 317 318 318 319 320 320 321 322 322 323 323 324 324 325 325 326 331 331 332 332 333 333
252 252 252 252 252 252 252 252 252 252 252 252 252 252 252 252 252 252 252 252 252 252 252 252 252 252 252 282 282 282 282 282 282 282 282 282 282 283 285 286 287 289 290 291 293 294 295 296 297 298 299 300 301 302 303 304 305 306 306 307 308 309 310 310 311 312 313 313 314 315 316 316 317 318 318 319 319 320 321 321 322 322 323 324 324 325 325 326 330 331 331 332 332 333
252 252 252 252 252 252 252 252 252 252 252 252 252 252 252 252 252 252 252 252 252 252 252 252 252 252 252 252 282 282 282 282 282 282 282 281 281 282 284 285 287 288 290 291 292 293 294 295 297 298 299 300 301 302 303 303 304 305 306 307 308 309 309 310 311 312 312 313 314 314 315 316 316 317 318 318 319 320 320 321 321 322 323 323 324 324 325 325 330 330 331 331 332 332
252 252 252 252 252 252 252 252 252 252 252 252 252 252 252 252 252 252 252 252 252 252 252 252 252 252 252 252 282 282 282 282 282 281 281 281 281 282 283 285 286 288 289 290 291 293 294 295 296 297 298 299 300 301 302 303 304 305 306 306 307 308 309 310 310 311 312 313 313 314 315 315 316 317 317 318 319 319 320 321 321 322 322 323 323 324 325 325 330 330 331 331 332 332
252 252 252 252 252 252 252 252 252 252 252 252 252 252 252 252 252 252 252 252 252 252 252 252 252 252 252 252 282 282 282 281 281 281 281 281 281 281 282 284 286 287 288 290 291 292 293 294 296 297 298 299 300 301 302 303 303 304 305 306 307 308 308 309 310 311 312 312 313 314 314 315 316 316 317 318 318 319 320 320 321 321 322 323 323 324 324 325 325 330 330 331 331 332
252 252 252 252 252 252 252 252 252 252 252 252 252 252 252 252 252 252 252 252 252 252 252 252 252 252 252 252 252 282 281 281 281 281 281 281 281 281 282 283 285 286 288 289 290 292 293 294 295 296 297 298 299 300 301 302 303 304 305 306 306 307 308 309 310 310 311 312 313 313 314 315 315 316 317 317 318 319 319 320 320 321 322 322 323 323 324 324 325 329 330 331 331 332
252 252 252 252 252 252 252 252 252 252 252 252 252 252 252 252 252 252 252 252 252 252 252 252 252 252 252 252 252 281 281 281 281 281 281 281 281 281 281 283 284 286 287 288 290 291 292 293 294 296 297 298 299 300 301 302 303 303 304 305 306 307 308 308 309 310 311 311 312 313 314 314 315 316 316 317 318 318 319 319 320 321 321 322 322 323 324 324 325 329 330 330 331 331
252 252 252 252 252 252 252 252 252 252 252 252 252 252 252 252 252 252 252 252 252 252 252 252 252 252 252 252 252 252 281 281 281 281 281 281 281 281 281 282 283 285 286 288 289 290 292 293 294 295 296 297 298 299 300 301 302 303 304 305 306 306 307 308 309 310 310 311 312 313 313 314 315 315 316 317 317 318 319 319 320 320 321 322 322 323 323 324 324 329 329 330 330 331
252 252 252 252 252 252 252 252 252 252 252 252 252 252 252 252 252 252 252 252 252 252 252 252 252 252 252 252 252 252 281 281 281 281 281 281 281 281 281 281 283 284 286 287 288 290 291 292 293 294 296 297 298 299 300 301 302 302 303 304 305 306 307 308 308 309 310 311 311 312 313 314 314 315 316 316 317 318 318 319 319 320 321 321 322 322 323 323 324 324 329 330 330 331
252 252 252 252 252 252 252 252 252 252 252 252 252 252 252 252 252 252 252 252 252 252 252 252 252 252 252 252 252 252 252 281 281 281 281 281 281 281 281 281 282 283 285 286 288 289 290 292 293 294 295 296 297 298 299 300 301 302 303 304 305 306 306 307 308 309 310 310 311 312 312 313 314 315 315 316 317 317 318 318 319 320 320 321 321 322 323 323 324 324 329 329 330 330
252 252 252 252 252 252 252 252 252 252 252 252 252 252 252 252 252 252 252 252 252 252 252 252 252 252 252 252 252 252 252 281 281 281 281 281 281 281 281 281 281 283 284 286 287 288 290 291 292 293 294 296 297 298 299 300 301 302 302 303 304 305 306 307 308 308 309 310 311 311 312 313 313 314 315 316 316 317 317 318 319 319 320 320 321 322 322 323 323 324 328 329 329 330
362 252 252 252 252 252 252 252 252 252 252 252 252 252 252 252 252 252 252 252 252 252 252 252 252 252 252 252 252 252 252 252 281 281 281 281 281 281 281 281 281 282 284 285 286 288 289 290 292 293 294 295 296 297 298 299 300 301 302 303 304 305 305 306 307 308 309 309 310 311 312 312 313 314 314 315 316 316 317 318 318 319 320 320 321 321 322 322 323 323 328 329 329 330
362 362 252 252 252 252 252 252 252 252 252 252 252 252 252 252 252 252 252 252 252 252 252 252 252 252 252 252 252 252 252 252 281 281 281 281 281 281 281 281 281 281 283 284 286 287 288 290 291 292 293 294 296 297 298 299 300 301 301 302 303 304 305 306 307 307 308 309 310 311 311 312 313 313 314 315 315 316 317 317 318 319 319 320 320 321 321 322 323 323 324 328 329 329
362 362 362 252 252 252 252 252 252 252 252 252 252 252 252 252 252 252 252 252 252 252 252 252 252 252 252 252 252 252 252 252 252 281 281 281 281 281 281 281 281 281 282 284 285 286 288 289 290 292 293 294 295 296 297 298 299 300 301 302 303 304 305 305 306 307 308 309 309 310 311 312 312 313 314 314 315 316 316 317 318 318 319 319 320 321 321 322 322 323 323 328 328 329
362 362 362 362 252 252 252 252 252 252 252 252 252 252 252 252 252 252 252 252 252 252 252 252 252 252 252 252 252 252 252 252 252 281 281 281 281 281 281 281 281 281 281 283 284 286 287 288 290 291 292 293 294 296 297 298 299 300 301 301 302 303 304 305 306 307 307 308 309 310 310 311 312 313 313 314 315 315 316 317 317 318 318 319 320 320 321 321 322 322 323 328 328 329
362 362 362 362 362 362 252 252 252 252 252 252 252 252 252 252 252 252 252 252 252 252 252 252 252 252 252 252 252 252 252 252 252 252 281 281 281 281 281 281 281 281 281 282 284 285 286 288 289 290 292 293 294 295 296 297 298 299 300 301 302 303 304 304 305 306 307 308 309 309 310 311 311 312 313 314 314 315 316 316 317 317 318 319 319 320 320 321 322 322 323 327 328 328
362 362 362 362 362 362 362 252 252 252 252 252 252 252 252 252 252 252 252 252 252 252 252 252 252 252 252 252 252 252 252 252 252 252 281 281 281 281 281 281 281 281 281 281 283 284 286 287 288 290 291 292 293 294 295 297 298 299 299 300 301 302 303 304 305 306 306 307 308 309 310 310 311 312 312 313 314 314 315 316 316 317 318 318 319 319 320 321 321 322 322 323 327 328
362 362 362 362 362 361 361 361 252 252 252 252 252 252 252 252 252 252 252 252 252 252 252 252 252 252 252 252 252 252 252 252 252 252 281 281 281 281 281 281 281 281 281 281 282 284 285 286 288 289 290 292 293 294 295 296 297 298 299 300 301 302 303 304 304 305 306 307 308 308 309 310 311 311 312 313 313 314 315 315 316 317 317 318 319 319 320 320 321 321 322 322 327 328
362 362 361 361 361 361 361 361 361 252 252 252 252 252 252 252 252 252 252 252 252 252 252 252 252 252 252 252 252 252 252 252 252 252 252 281 281 281 281 281 281 281 281 281 281 283 284 286 287 288 290 291 292 293 294 295 296 297 298 299 300 301 302 303 304 305 306 306 307 308 309 309 310 311 312 312 313 314 314 315 316 316 317 318 318 319 319 320 320 321 322 322 327 327
361 361 361 361 361 361 361 361 361 361 252 252 252 252 252 252 252 252 252 252 252 252 252 252 252 252 252 252 252 252 252 252 252 252 252 281 281 281 281 281 281 281 281 281 281 282 284 285 286 288 289 290 291 293 294 295 296 297 298 299 300 301 302 303 303 304 305 306 307 308 308 309 310 310 311 312 313 313 314 315 315 316 317 317 318 318 319 320 320 321 321 322 322 327
361 361 361 361 361 361 361 361 361 361 361 252 252 252 252 252 252 252 252 252 252 252 252 252 252 252 252 252 252 252 252 252 252 252 252 252 281 281 281 281 281 281 281 281 281 281 283 284 286 287 288 290 291 292 293 294 295 296 297 298 299 300 301 302 303 304 305 305 306 307 308 309 309 310 311 311 312 313 314 314 315 316 316 317 317 318 319 319 320 320 321 321 322 326
361 361 361 361 361 361 361 361 361 361 361 361 252 252 252 252 252 252 252 252 252 252 252 252 252 252 252 252 252 252 252 252 252 252 252 252 281 281 281 281 281 281 281 281 281 281 282 283 285 286 288 289 290 291 293 294 295 296 297 298 299 300 301 302 302 303 304 305 306 307 307 308 309 310 310 311 312 312 313 314 314 315 316 316 317 318 318 319 319 320 320 321 322 326
361 361 361 361 361 361 361 361 361 361 361 361 361 252 252 252 252 252 252 252 252 252 252 252 252 252 252 252 252 252 252 252 252 252 252 252 252 281 281 281 281 281 281 281 281 281 281 283 284 286 287 288 290 291 292 293 294 295 296 297 298 299 300 301 302 303 304 305 305 306 307 308 308 309 310 311 311 312 313 313 314 315 315 316 317 317 318 318 319 320 320 321 321 326
361 361 361 361 361 361 361 361 361 361 361 361 361 361 252 252 252 252 252 252 252 252 252 252 252 252 252 252 252 252 252 252 252 252 252 252 252 281 281 281 281 281 281 281 281 281 281 282 283 285 286 288 289 290 291 292 294 295 296 297 298 299 300 301 301 302 303 304 305 306 306 307 308 309 309 310 311 312 312 313 314 314 315 316 316 317 317 318 319 319 320 320 321 321
361 361 361 361 361 361 361 361 361 361 361 361 361 361 361 252 252 252 252 252 252 252 252 252 252 252 252 252 252 252 252 252 252 252 252 252 252 252 281 281 281 281 281 281 281 281 281 281 283 284 286 287 288 289 291 292 293 294 295 296 297 298 299 300 301 302 303 304 304 305 306 307 308 308 309 310 310 311 312 313 313 314 315 315 316 316 317 318 318 319 319 320 320 321
361 361 361 361 361 361 361 361 361 361 361 361 361 361 361 361 252 252 252 252 252 252 252 252 252 252 252 252 252 252 252 252 252 252 252 252 252 252 281 281 281 281 281 281 281 281 281 281 282 283 285 286 287 289 290 291 292 293 295 296 297 298 299 299 300 301 302 303 304 305 306 306 307 308 309 309 310 311 311 312 313 313 314 315 315 316 317 317 318 318 319 320 320 321
361 361 361 361 361 361 361 361 361 361 361 361 361 361 361 361 361 252 252 252 252 252 252 252 252 252 252 252 252 252 252 252 252 252 252 252 252 252 252 281 281 281 281 281 281 281 281 281 281 283 284 285 287 288 289 291 292 293 294 295 296 297 298 299 300 301 302 303 303 304 305 306 307 307 308 309 310 310 311 312 312 313 314 314 315 316 316 317 317 318 319 319 320 320
361 361 361 361 361 361 361 361 361 361 361 361 361 361 361 361 361 361 252 252 252 252 252 252 252 252 252 252 252 252 252 252 252 252 252 252 252 252 252 281 281 281 281 281 281 281 281 281 281 282 283 285 286 287 289 290 291 292 293 294 295 296 297 298 299 300 301 302 303 304 305 305 306 307 308 308 309 310 311 311 312 313 313 314 315 315 316 316 317 318 318 319 319 320
361 361 361 361 361 361 361 361 361 361 361 361 361 361 361 361 361 361 361 252 252 252 252 252 252 252 252 252 252 252 252 252 252 252 252 252 252 252 252 252 281 281 281 281 281 281 281 281 281 281 282 284 285 287 288 289 290 292 293 294 295 296 297 298 299 300 301 302 302 303 304 305 306 306 307 308 309 309 310 311 312 312 313 314 314 315 315 316 317 317 318 318 319 319
361 361 361 361 361 361 361 361 361 361 361 361 361 361 361 361 361 361 361 361 252 252 252 252 252 252 252 252 252 252 252 252 252 252 252 252 252 252 252 252 281 281 281 281 281 281 281 281 281 281 282 283 285 286 287 288 290 291 292 293 294 295 296 297 298 299 300 301 302 303 304 304 305 306 307 307 308 309 310 310 311 312 312 313 314 314 315 316 316 317 317 318 319 319
