testData/tiles/oneDegreeCosts/grid43.0-15.0-44.0-16.0.asc
ncols   200
nrows   200
xllcorner   43.0
yllcorner   15.0
cellsize   0.005
NODATA_value   -9999.0
[rows 80 to 119 of 200, columns 0 to 89 of 200]
922 924 925 925 926 926 927 928 929 929 929 930 931 932 932 932 933 934 935 935 937 938 938 939 939 939 940 940 941 942 942 943 944 944 944 945 945 946 946 946 947 948 948 949 949 949 950 950 951 952 952 952 953 953 953 955 954 954 954 955 955 955 957 958 958 958 958 958 958 958 960 960 960 961 961 960 960 961 961 962 962 963 963 963 963 963 963 963 964 727
922 923 925 925 926 926 927 928 929 929 929 931 932 933 933 933 934 935 936 936 936 937 938 939 939 939 940 940 942 942 942 943 943 943 945 945 945 946 946 946 948 948 948 949 949 949 949 951 951 952 953 953 954 954 954 955 955 955 955 956 956 957 958 958 957 958 959 959 959 961 961 961 961 962 961 961 961 962 963 963 963 964 964 963 963 963 964 965 727 727
923 925 925 926 927 927 928 928 929 929 929 931 932 933 933 934 935 935 936 936 936 936 938 939 939 939 940 941 943 943 943 943 943 944 946 946 946 947 947 947 949 949 948 949 949 949 951 951 952 953 953 953 954 954 954 955 955 955 955 956 956 957 958 957 957 957 959 959 959 961 961 961 961 961 961 961 961 963 963 963 963 964 963 963 963 963 965 727 727 727
923 925 925 925 926 927 928 928 929 929 930 931 931 933 934 935 936 935 936 936 937 938 938 940 940 940 941 942 943 942 942 943 943 944 945 946 946 947 947 948 948 948 948 949 949 949 951 951 951 953 953 953 954 954 954 955 955 955 955 956 957 957 957 957 957 957 958 958 959 961 961 961 961 961 961 961 962 963 963 963 963 963 963 963 963 965 727 727 727 727
924 924 924 925 926 928 929 929 930 930 931 932 932 933 934 935 935 935 936 936 937 938 938 939 940 940 942 942 942 942 942 943 944 944 945 945 946 947 947 947 949 949 949 950 950 951 952 952 952 952 952 953 955 955 955 956 956 956 956 958 957 957 958 958 958 958 959 960 960 960 960 961 961 962 962 963 963 964 964 963 963 964 964 964 727 728 728 728 727 727
924 925 925 925 927 928 929 929 930 931 931 932 932 932 932 935 935 935 936 936 938 938 938 940 940 940 942 942 943 943 943 944 945 945 946 946 946 947 948 948 949 949 949 950 951 951 952 952 951 952 952 953 955 955 955 956 956 956 956 957 957 957 958 958 958 958 960 960 959 960 960 960 960 962 962 963 963 963 963 963 963 964 964 727 727 728 728 727 727 727
924 925 925 925 927 927 929 929 930 931 931 932 932 933 934 935 936 936 937 938 939 939 939 939 939 940 942 942 943 943 943 945 945 945 946 945 945 947 947 948 949 949 950 950 951 951 951 951 951 952 953 953 954 954 955 956 956 956 956 957 957 957 958 958 958 958 959 959 959 960 960 960 960 961 962 963 962 963 963 963 963 964 727 727 727 727 727 727 727 727
924 926 926 927 928 928 929 930 931 931 932 932 932 934 934 935 935 936 937 938 939 939 939 939 940 940 941 942 943 943 944 945 945 945 945 945 947 948 948 949 950 950 951 952 951 951 952 952 952 953 954 954 955 955 955 956 956 957 958 958 958 958 959 959 959 959 960 960 960 961 961 961 961 963 963 962 962 963 964 964 964 728 728 728 727 728 728 728 728 728
925 926 926 928 928 927 928 928 931 931 932 932 932 934 934 935 935 935 938 938 938 939 939 940 941 941 942 942 944 944 945 945 945 945 946 946 947 948 948 949 949 950 951 951 951 952 952 952 952 954 954 954 955 954 954 955 956 957 958 958 958 958 959 959 959 960 960 960 960 961 961 961 962 962 962 962 962 963 963 963 726 728 728 727 727 728 728 728 728 728
925 926 927 927 927 927 928 929 930 931 933 933 934 935 935 936 936 935 938 938 939 939 939 941 941 942 942 942 943 944 944 945 945 945 946 947 947 948 948 949 949 949 951 951 951 952 952 952 952 954 954 954 954 954 954 955 956 956 957 958 958 958 958 959 959 960 960 960 960 961 961 961 961 962 962 962 962 963 726 726 726 726 726 726 727 728 728 728 728 728
925 926 927 928 928 928 929 930 931 931 933 933 934 935 934 935 935 936 937 938 939 939 939 941 941 942 942 942 942 943 943 945 945 945 946 947 948 949 949 949 949 950 951 951 952 953 953 953 954 955 954 954 955 955 955 957 957 957 958 958 958 958 959 960 960 961 961 961 961 962 961 962 962 963 963 963 963 726 726 726 726 727 727 727 727 728 728 728 729 729
924 926 927 928 928 928 930 930 931 931 932 934 934 934 934 935 935 936 937 937 939 940 941 942 942 942 942 942 944 944 944 945 946 946 948 948 949 948 948 949 949 950 951 951 951 953 953 954 953 954 954 954 955 955 956 957 957 957 958 957 957 957 960 960 960 961 961 961 961 961 962 962 962 963 963 963 725 726 726 726 726 727 727 727 727 728 728 728 728 728
924 926 926 928 928 928 930 930 931 931 932 933 934 935 935 936 937 937 938 938 939 940 941 941 941 942 942 943 944 944 944 945 945 946 948 947 948 948 948 949 950 950 951 951 951 952 952 953 953 954 954 954 955 955 956 957 957 957 957 957 957 958 959 959 960 961 961 961 961 962 962 962 962 963 725 725 725 725 726 726 726 727 727 727 727 728 728 728 728 728
925 927 927 929 929 930 931 931 931 931 933 933 934 935 935 936 937 937 938 938 939 939 939 941 941 942 942 943 944 944 944 945 945 945 947 947 948 948 948 951 951 951 952 952 952 952 953 953 954 955 955 955 956 957 957 957 957 957 958 958 958 959 960 960 960 961 961 961 961 963 963 963 963 726 726 725 725 727 727 727 727 728 728 728 728 728 728 729 729 729
926 927 927 928 929 929 930 930 931 931 933 933 933 935 935 937 937 937 938 938 938 939 939 940 942 943 944 944 945 945 945 945 946 946 947 948 949 949 949 951 951 951 952 951 951 953 953 953 953 955 955 955 956 957 956 957 957 957 958 958 959 959 960 960 959 960 960 960 962 963 963 963 725 726 725 725 725 727 727 727 727 728 728 728 728 728 729 729 729 729
926 927 927 927 928 929 930 930 931 932 933 933 933 935 936 938 938 937 938 938 940 940 940 941 941 943 944 944 945 944 944 945 946 946 947 947 949 949 950 951 951 950 951 951 951 953 953 953 953 954 954 955 956 956 956 957 957 957 958 959 959 959 959 959 959 960 960 961 961 962 725 725 724 725 725 725 726 727 727 727 727 728 728 728 728 729 729 729 729 729
926 926 926 927 929 929 931 931 932 933 934 934 934 935 935 937 937 937 938 938 940 940 940 941 941 943 944 943 944 944 944 946 946 946 947 947 948 948 950 950 950 950 951 951 952 953 953 954 954 955 954 955 956 957 957 958 958 958 959 960 960 959 960 960 960 961 961 962 962 725 725 724 724 726 726 727 727 728 728 728 728 728 728 728 729 730 730 730 730 730
926 927 927 929 929 929 930 931 933 933 934 934 933 934 935 936 937 937 938 939 940 940 940 941 941 942 942 943 944 945 945 947 947 947 948 948 949 949 949 951 951 951 952 952 953 954 954 954 954 954 954 955 956 956 957 958 958 958 960 959 959 959 960 960 960 961 962 724 724 724 724 724 724 725 726 726 727 728 728 727 727 728 728 728 729 730 730 730 730 730
926 927 927 929 929 929 930 930 933 933 933 933 933 935 935 936 936 937 939 940 941 941 941 941 942 943 943 943 945 945 946 947 947 947 948 947 948 949 949 950 951 951 952 953 953 954 954 953 953 954 955 955 956 956 956 957 958 958 959 959 959 959 960 960 960 724 724 724 724 724 724 724 724 725 726 726 726 727 726 727 727 728 728 729 729 730 730 730 730 730
926 927 927 929 929 929 930 930 932 933 934 934 934 936 936 937 937 937 940 940 941 940 940 941 942 943 943 943 944 945 946 947 947 946 947 947 949 949 949 950 950 950 952 953 953 953 953 953 953 954 955 955 956 956 956 957 957 957 959 959 959 959 960 960 724 724 724 724 724 724 724 724 724 726 726 726 726 726 726 726 726 727 729 729 729 730 730 730 730 730
926 928 929 930 930 929 930 931 932 932 934 934 935 936 936 937 937 937 939 939 940 940 940 942 942 943 943 943 944 945 946 946 946 946 947 947 948 949 949 951 951 951 953 953 953 954 954 954 954 956 956 956 957 957 956 957 958 958 959 960 960 960 723 723 724 724 724 724 724 725 725 725 726 727 727 726 726 727 727 727 727 729 729 729 728 730 730 730 730 730
926 927 928 929 929 929 930 931 932 932 933 934 935 936 936 937 937 937 938 938 940 940 940 942 942 944 944 944 945 945 945 947 947 947 948 949 949 950 950 951 951 951 952 952 952 954 954 954 955 956 956 956 956 956 956 957 958 958 959 959 721 722 723 723 723 724 724 724 724 725 725 725 726 726 726 726 726 727 727 727 727 729 729 728 728 729 729 729 729 729
925 927 927 929 929 929 931 931 932 932 933 934 935 936 936 937 937 938 939 939 940 941 942 943 943 943 944 943 945 945 945 946 946 947 949 949 949 950 950 950 950 951 952 952 952 953 954 954 955 956 956 955 956 956 956 958 958 958 721 721 721 721 721 723 723 724 724 724 724 725 725 726 726 726 726 726 726 727 727 727 728 728 728 728 728 729 729 729 729 729
925 927 927 927 929 929 932 932 933 933 934 935 934 936 936 937 938 938 939 939 940 940 941 943 943 942 943 943 945 945 945 946 946 946 949 949 949 949 949 950 951 951 952 952 952 952 953 954 955 955 955 955 956 956 956 958 721 721 721 721 721 721 722 722 722 723 724 725 725 726 725 726 726 726 726 726 726 727 727 728 728 728 728 728 728 729 729 729 729 730
927 928 928 928 929 931 932 932 933 932 934 934 934 935 936 937 938 938 939 939 940 941 941 941 942 942 943 944 945 945 945 946 946 947 948 948 948 949 950 950 952 952 953 953 953 953 954 954 954 956 956 956 957 957 720 721 721 721 720 721 721 721 723 723 723 723 724 724 725 725 726 726 726 727 727 727 727 728 728 728 728 729 729 729 729 730 730 730 730 730
927 928 928 928 929 930 932 931 932 932 933 934 934 935 935 938 938 938 939 939 940 940 940 941 941 943 944 945 946 946 946 947 947 947 948 948 949 950 950 951 952 952 952 953 953 952 954 954 954 955 955 956 719 720 720 721 720 720 720 721 721 722 723 723 723 723 724 723 723 725 726 726 726 727 727 727 727 727 728 728 728 729 729 729 729 730 730 730 730 730
927 928 928 928 929 929 931 931 932 932 933 934 934 935 935 937 939 939 940 939 941 941 941 942 942 942 945 945 946 946 946 946 947 947 948 948 948 949 950 951 952 952 952 952 952 952 954 954 954 955 717 717 719 720 720 720 720 720 720 721 721 722 723 723 723 723 723 723 723 725 725 725 725 727 727 726 726 728 728 728 728 729 729 729 729 729 729 730 730 730
927 928 928 928 929 929 930 932 933 934 934 935 935 936 937 938 937 938 939 939 941 941 941 942 942 942 944 945 946 945 945 946 947 947 948 948 948 949 950 951 952 951 951 952 952 953 954 954 717 717 717 717 719 719 719 720 720 720 720 721 722 722 723 723 723 723 723 723 724 725 725 725 725 726 726 726 726 728 728 728 728 729 729 729 729 729 730 730 730 730
927 928 928 928 930 930 931 931 933 934 934 935 935 936 936 937 937 937 939 939 941 941 941 942 942 943 944 943 945 945 945 946 947 947 948 948 948 949 950 950 950 951 951 953 953 716 717 717 717 718 718 717 719 719 719 720 721 721 721 723 723 723 723 723 723 723 724 725 725 726 726 726 725 726 726 726 727 728 729 729 729 730 729 729 729 729 731 731 731 731
926 928 928 929 930 930 931 931 933 934 934 934 934 935 936 936 937 937 938 940 940 941 941 942 942 942 943 943 944 946 946 948 948 948 949 949 949 951 950 950 951 951 952 715 716 716 717 717 717 717 717 718 719 719 719 720 720 720 721 723 722 722 723 723 723 723 724 725 725 726 726 725 725 726 726 726 727 728 728 728 728 728 729 729 729 730 731 731 731 731
926 927 928 929 930 930 931 931 933 932 933 934 934 936 936 936 937 937 938 940 941 942 942 942 942 943 944 944 945 945 945 948 948 948 949 949 949 950 950 950 713 713 713 715 716 716 717 716 716 717 717 718 719 719 719 720 720 720 721 721 722 722 723 723 723 723 725 725 725 725 725 725 725 726 726 727 727 728 728 728 728 728 728 728 729 730 731 731 731 730
926 926 928 929 930 930 930 931 932 932 932 935 935 937 937 937 938 938 940 940 940 941 941 942 943 943 944 944 944 945 946 947 948 948 948 948 949 712 712 712 713 713 713 715 715 716 716 716 716 717 718 718 719 719 719 720 720 720 720 721 721 721 723 723 723 723 725 725 725 725 725 725 725 726 727 727 727 728 728 728 728 728 728 728 729 729 730 730 729 729
926 926 928 928 930 930 931 932 933 933 933 934 936 937 937 937 938 938 939 939 939 940 941 942 943 943 944 944 944 945 946 946 946 709 710 710 711 712 712 712 713 713 713 715 715 715 715 716 716 717 718 718 719 719 719 719 719 720 721 722 722 722 723 723 724 725 725 725 725 725 726 726 726 726 728 728 727 728 728 728 728 728 728 729 729 729 729 729 729 791
927 926 928 928 929 930 931 932 933 933 933 934 935 937 937 937 937 938 939 939 939 940 940 943 943 943 944 944 944 945 708 708 708 708 709 710 711 712 712 713 714 714 714 715 715 715 716 716 717 719 719 719 720 719 719 719 720 721 721 722 722 722 723 723 723 723 725 725 725 725 726 726 726 727 728 789 789 789 790 790 790 790 792 792 792 791 792 792 792 792
926 927 928 928 929 930 932 932 932 933 933 934 935 936 936 936 937 938 939 939 939 940 940 942 943 705 706 706 706 708 708 709 709 709 710 711 712 713 713 713 713 713 714 715 715 715 716 716 716 718 719 718 719 719 719 719 721 721 721 722 722 722 722 722 785 785 786 786 787 787 788 788 788 788 789 789 789 789 790 790 790 790 792 791 791 791 792 792 792 915
926 927 928 928 929 929 932 932 932 933 933 934 934 935 935 936 937 938 939 940 702 703 704 705 705 704 706 706 707 708 708 709 709 709 710 711 711 713 712 712 713 714 714 715 715 715 716 716 717 718 718 718 719 719 781 781 783 783 783 784 784 783 783 784 785 785 786 786 786 786 787 787 788 788 789 789 789 789 790 790 790 791 791 791 791 791 792 915 915 915
926 927 928 928 929 929 931 932 932 932 932 935 935 936 698 698 700 701 702 702 702 703 704 703 704 704 705 706 707 708 708 708 709 709 711 711 710 711 711 712 713 714 714 715 715 777 778 778 778 779 779 779 779 781 781 782 783 783 783 783 783 783 783 785 785 785 786 786 786 786 786 786 787 787 789 789 789 789 791 792 792 793 795 796 796 797 922 922 923 923
689 689 690 690 691 693 693 693 694 695 696 697 697 698 698 698 700 700 702 702 701 702 703 703 704 704 705 705 707 708 708 708 709 709 710 710 710 773 773 773 776 776 776 777 777 777 777 778 778 779 779 779 779 780 780 782 783 783 783 783 783 783 783 785 785 785 786 787 787 788 790 792 792 793 795 796 796 798 799 799 801 802 803 804 805 928 930 930 930 930
689 690 691 690 691 692 693 693 693 695 696 697 697 697 698 699 700 700 699 701 701 703 703 703 704 704 705 706 706 770 770 769 770 771 771 772 772 773 773 773 775 775 776 778 777 777 778 779 779 780 780 780 780 781 782 782 782 784 785 787 788 789 791 793 794 794 795 796 797 797 800 801 802 802 804 805 805 805 807 808 810 810 812 812 936 936 938 938 938 939
688 688 690 690 692 692 692 693 693 694 696 697 697 697 698 699 699 699 699 700 701 703 703 765 766 766 767 768 768 768 768 769 771 772 772 773 773 774 774 774 776 776 776 777 777 777 779 779 780 781 783 784 785 787 788 789 791 792 793 794 796 797 799 801 801 801 802 804 804 805 808 808 809 809 811 811 811 812 813 815 816 816 818 941 943 942 943 944 944 946
