testData/tiles/oneDegreeCosts/grid45.0-3.0-46.0-4.0.asc
ncols   200
nrows   200
xllcorner   45.0
yllcorner   3.0
cellsize   0.005
NODATA_value   -9999.0
[rows 126 to 167 of 200, columns 94 to 187 of 200]
480 480 481 482 482 482 483 483 484 485 485 485 486 487 487 487 488 488 489 490 490 490 490 491 492 492 492 493 493 493 494 495 495 495 495 496 497 497 497 498 498 498 498 500 500 500 500 488 488 488 488 488 718 719 719 719 719 720 721 721 721 721 721 722 722 723 723 723 723 724 724 724 724 724 726 726 726 726 726 726 726 727 727 728 728 728 728 728 729 729 729 729 729 729
479 480 481 481 481 483 483 483 484 484 485 485 486 486 486 487 488 488 488 489 489 490 490 491 491 491 492 493 493 493 494 494 494 495 496 496 496 496 496 498 498 498 498 499 499 499 500 488 488 488 488 488 718 719 719 719 719 720 720 720 720 721 722 722 722 722 722 722 723 724 724 724 724 724 725 725 725 725 726 726 727 727 727 727 727 727 727 728 729 729 729 729 729 729
479 479 480 481 481 482 482 482 484 484 484 485 485 486 486 487 487 487 489 489 489 489 490 490 491 491 492 492 492 492 494 494 494 494 495 495 496 496 497 497 497 497 499 499 499 499 499 488 488 488 488 488 718 718 718 718 718 720 720 720 720 720 721 721 721 722 722 723 723 723 723 723 723 725 725 725 725 725 725 726 726 726 726 727 727 727 728 728 728 728 728 728 728 729
479 480 480 480 481 481 482 482 483 483 483 485 485 485 485 486 487 487 488 488 488 489 490 490 490 490 491 492 492 493 493 493 493 495 495 495 495 495 496 497 497 497 498 498 498 498 500 488 488 488 488 717 717 718 718 718 719 719 719 719 720 721 721 721 721 721 721 722 722 723 723 723 723 724 724 724 724 724 725 726 726 726 726 726 726 727 727 727 728 728 728 728 728 729
479 480 480 480 481 481 481 482 483 483 483 484 484 485 486 486 486 486 488 488 488 489 489 489 490 491 491 491 491 492 493 493 493 494 494 494 495 496 496 496 496 496 498 498 498 498 499 488 488 488 488 717 717 717 717 717 719 719 719 719 719 720 720 720 721 721 722 722 722 722 722 722 723 724 724 724 724 724 725 725 725 725 726 726 726 727 727 727 727 727 727 727 728 729
479 480 480 480 481 481 481 482 482 482 483 484 484 484 485 485 486 487 487 487 487 489 489 489 489 490 490 491 491 492 492 492 492 494 494 494 494 495 495 496 496 497 497 497 497 497 499 488 488 488 716 716 716 717 717 718 718 718 718 718 720 720 720 720 720 720 721 721 722 722 722 722 723 723 723 723 723 724 725 725 725 725 725 725 726 726 726 727 727 727 727 728 728 728
480 480 480 480 481 481 481 482 482 482 483 483 483 485 485 485 485 486 486 487 487 488 488 488 490 490 490 490 491 491 492 492 493 493 493 493 495 495 495 495 495 496 497 497 497 498 498 488 488 488 716 716 716 716 716 717 718 718 718 718 719 719 719 719 720 721 721 721 721 721 721 722 722 723 723 723 723 724 724 724 724 724 725 725 726 726 726 726 726 726 726 727 727 728
480 480 480 481 481 481 482 482 482 482 483 483 483 484 484 484 485 486 486 486 487 488 488 488 489 489 489 490 491 491 491 491 492 493 493 493 494 494 494 495 496 496 496 496 496 497 498 488 488 488 715 715 715 716 717 717 717 717 717 718 719 719 719 719 719 720 720 720 721 721 722 722 722 722 722 722 722 724 724 724 724 724 724 725 725 725 725 726 726 726 727 727 727 727
480 480 480 481 481 481 482 482 482 483 483 483 483 484 484 484 485 485 485 486 487 487 487 487 489 489 489 489 490 490 491 491 492 492 492 492 494 494 494 494 495 495 496 496 497 497 497 488 488 715 715 715 715 715 716 716 717 717 717 718 718 718 718 718 720 720 720 720 720 720 721 721 722 722 722 722 723 723 723 723 723 723 725 725 725 725 725 725 725 726 726 726 727 727
480 480 480 481 481 481 482 482 482 483 483 483 483 484 484 484 485 485 485 485 486 486 487 488 488 488 488 490 490 490 490 491 491 492 492 493 493 493 493 494 495 495 495 495 496 496 497 488 488 714 714 714 714 716 716 716 716 716 716 717 718 718 718 718 719 719 719 719 720 720 721 721 721 721 721 721 722 723 723 723 723 723 724 724 724 724 724 725 725 726 726 726 726 726
480 480 481 481 481 481 482 482 482 483 483 483 484 484 484 484 485 485 485 486 486 486 486 487 487 488 488 489 489 489 490 491 491 491 491 492 493 493 493 494 494 494 494 495 496 496 496 488 713 714 714 714 714 715 715 715 716 716 717 717 717 717 717 718 719 719 719 719 719 720 720 720 720 721 721 722 722 722 722 722 722 723 724 724 724 724 724 724 725 725 725 725 726 726
480 480 481 481 481 482 482 482 482 483 483 483 484 484 484 485 485 485 485 486 486 486 486 487 487 487 487 488 489 489 489 490 490 491 491 492 492 492 492 493 494 494 494 495 495 495 496 488 713 713 713 713 713 715 715 715 715 715 716 716 717 717 717 718 718 718 718 718 719 720 720 720 720 720 720 721 721 722 722 722 722 723 723 723 723 723 723 724 725 725 725 725 725 725
480 480 481 481 481 482 482 482 483 483 483 483 484 484 484 485 485 485 485 486 486 486 487 487 487 487 488 488 488 488 489 490 490 490 491 491 491 492 492 493 493 493 493 495 495 495 495 488 712 712 713 713 714 714 714 714 714 716 716 716 716 716 716 717 718 718 718 718 719 719 719 719 719 720 721 721 721 721 721 721 722 722 723 723 723 723 723 724 724 724 724 724 725 725
480 480 481 481 481 482 482 482 483 483 483 484 484 484 484 485 485 485 486 486 486 486 487 487 487 487 488 488 488 488 489 489 489 489 491 491 491 491 492 492 493 493 493 494 494 494 495 712 712 712 712 712 713 714 714 714 714 715 715 715 715 716 717 717 717 717 717 717 718 719 719 719 719 719 720 720 720 721 721 721 722 722 722 722 722 722 722 724 724 724 724 724 724 724
480 481 481 481 481 482 482 482 483 483 483 484 484 484 484 485 485 485 486 486 486 486 487 487 487 487 488 488 488 488 489 489 489 489 490 490 490 491 492 492 492 492 493 494 494 494 494 728 711 711 712 712 713 713 713 713 713 715 715 715 715 715 716 716 716 717 717 718 718 718 718 718 718 720 720 720 720 720 720 720 721 721 722 722 722 722 723 723 723 723 723 723 724 724
480 481 481 481 482 482 482 482 483 483 483 484 484 484 485 485 485 485 486 486 486 486 487 487 487 488 488 488 488 489 489 489 489 490 490 490 490 490 491 491 492 492 493 493 493 493 493 728 711 711 711 712 712 712 713 713 714 714 714 714 714 715 716 716 716 716 716 717 717 718 718 718 718 719 719 719 719 719 720 721 721 721 721 721 721 721 722 723 723 723 723 723 723 724
480 481 481 481 482 482 482 483 483 483 483 484 484 484 485 485 485 485 486 486 486 487 487 487 487 488 488 488 488 489 489 489 489 490 490 490 490 491 491 491 491 491 492 492 493 493 727 727 710 710 711 712 712 712 712 712 713 714 714 714 714 715 715 715 715 716 716 717 717 717 717 717 717 719 719 719 719 719 719 720 720 720 721 721 721 721 722 722 722 722 722 722 722 724
480 481 481 481 482 482 482 483 483 483 484 484 484 484 485 485 485 485 486 486 486 487 487 487 487 488 488 488 488 489 489 489 489 490 490 490 490 491 491 491 491 492 492 492 492 492 726 727 710 710 710 711 711 711 712 712 713 713 713 713 713 715 715 715 715 715 716 716 716 717 717 717 718 718 718 718 718 718 720 720 720 720 720 720 720 721 721 721 722 722 722 722 723 723
481 481 481 481 482 482 482 483 483 483 484 484 484 484 485 485 485 486 486 486 486 487 487 487 487 488 488 488 488 489 489 489 489 490 490 490 490 491 491 491 491 492 492 492 492 492 726 726 710 710 710 711 711 711 711 712 712 712 713 713 713 714 714 714 714 714 716 716 716 716 716 716 717 717 718 718 718 718 719 719 719 719 719 720 720 721 721 721 721 721 721 721 722 723
481 481 481 482 482 482 482 483 483 483 484 484 484 484 485 485 485 486 486 486 486 487 487 487 487 488 488 488 489 489 489 489 490 490 490 490 490 491 491 491 491 492 492 492 492 726 726 726 710 710 710 710 710 710 710 712 712 712 712 712 713 713 714 714 714 714 715 715 715 715 716 716 717 717 717 717 717 717 718 719 719 719 719 719 720 720 720 720 721 721 721 721 722 722
481 481 481 482 482 482 482 483 483 483 484 484 484 485 485 485 485 486 486 486 486 487 487 487 488 488 488 488 489 489 489 489 490 490 490 490 491 491 491 491 491 492 492 492 492 726 726 726 710 710 710 710 710 710 710 711 711 711 711 712 713 713 713 713 713 713 715 715 715 715 715 716 716 716 716 717 717 718 718 718 718 718 718 718 720 720 720 720 720 720 720 721 721 721
481 481 481 482 482 482 483 483 483 483 484 484 484 485 485 485 485 486 486 486 487 487 487 487 488 488 488 488 489 489 489 489 490 490 490 490 491 491 491 491 491 492 492 492 492 726 726 726 710 710 710 710 710 710 710 711 711 711 711 711 712 712 712 713 713 714 714 714 714 714 714 716 716 716 716 716 716 717 717 718 718 718 718 718 719 719 719 719 719 720 720 721 721 721
481 481 481 482 482 482 483 483 483 483 484 484 484 485 485 485 485 486 486 486 487 487 487 487 488 488 488 488 489 489 489 489 490 490 490 490 491 491 491 491 492 492 492 492 725 726 726 726 710 710 710 710 710 710 711 711 711 711 711 711 712 712 712 712 712 713 713 714 714 714 714 715 715 715 715 716 716 717 717 717 717 717 717 718 718 719 719 719 719 719 719 720 720 720
481 481 481 482 482 482 483 483 483 484 484 484 484 485 485 485 486 486 486 486 487 487 487 487 488 488 488 488 489 489 489 489 490 490 490 490 491 491 491 491 492 492 492 492 725 726 726 726 710 710 710 710 710 710 711 711 711 711 711 712 712 712 712 712 712 713 713 713 713 713 714 714 715 715 715 715 715 716 716 716 717 717 717 718 718 718 718 718 718 718 720 720 720 720
481 481 481 482 482 482 483 483 483 484 484 484 484 485 485 485 486 486 486 486 487 487 487 487 488 488 488 489 489 489 489 490 490 490 490 490 491 491 491 491 492 492 492 492 726 726 726 726 710 710 710 710 710 710 711 711 711 711 711 712 712 712 712 712 712 713 713 713 713 713 714 714 714 714 714 714 716 716 716 716 716 716 716 717 717 717 718 718 718 718 719 719 719 719
481 481 481 482 482 482 483 483 483 484 484 484 484 485 485 485 486 486 486 486 487 487 487 488 488 488 488 489 489 489 489 490 490 490 490 491 491 491 491 491 492 492 492 725 726 726 726 726 710 710 710 710 710 710 711 711 711 711 711 712 712 712 712 712 713 713 713 713 713 713 714 714 714 714 714 714 715 715 715 715 715 716 716 717 717 717 717 717 717 717 718 719 719 719
481 481 482 482 482 482 483 483 483 484 484 484 485 485 485 485 486 486 486 486 487 487 487 488 488 488 488 489 489 489 489 490 490 490 490 491 491 491 491 491 492 492 492 725 726 726 726 726 710 710 710 710 710 710 711 711 711 711 711 712 712 712 712 712 713 713 713 713 713 713 714 714 714 714 714 714 715 715 715 715 715 715 716 716 716 716 716 717 717 718 718 718 718 718
481 481 482 482 482 482 483 483 483 484 484 484 485 485 485 485 486 486 486 487 487 487 487 488 488 488 488 489 489 489 489 490 490 490 490 491 491 491 491 492 492 492 492 725 726 726 726 726 710 710 710 710 710 711 711 711 711 711 711 712 712 712 712 712 713 713 713 713 713 713 714 714 714 714 714 714 715 715 715 715 715 715 716 716 716 716 716 716 716 717 717 717 718 718
481 481 482 482 482 483 483 483 483 484 484 484 485 485 485 485 486 486 486 487 487 487 487 488 488 488 488 489 489 489 489 490 490 490 490 491 491 491 491 492 492 492 492 725 726 726 726 726 710 710 710 710 710 711 711 711 711 711 712 712 712 712 712 712 713 713 713 713 713 714 714 714 714 714 714 714 715 715 715 715 715 715 716 716 716 716 716 716 716 717 717 717 717 717
481 481 482 482 482 483 483 483 483 484 484 484 485 485 485 485 486 486 486 487 487 487 487 488 488 488 488 489 489 489 489 490 490 490 490 491 491 491 491 492 492 492 725 725 726 726 726 726 710 710 710 710 710 711 711 711 711 711 712 712 712 712 712 712 713 713 713 713 713 714 714 714 714 714 714 715 715 715 715 715 715 715 716 716 716 716 716 716 716 717 717 717 717 717
481 481 482 482 482 483 483 483 483 484 484 484 485 485 485 485 486 486 486 487 487 487 487 488 488 488 488 489 489 489 489 490 490 490 490 491 491 491 491 492 492 492 725 725 726 726 726 726 710 710 710 710 710 711 711 711 711 711 712 712 712 712 712 712 713 713 713 713 713 714 714 714 714 714 714 715 715 715 715 715 715 715 716 716 716 716 716 716 716 717 717 717 717 717
481 481 482 482 482 483 483 483 483 484 484 484 485 485 485 486 486 486 486 487 487 487 487 488 488 488 488 489 489 489 489 490 490 490 490 491 491 491 491 492 492 492 725 725 726 726 726 726 710 710 710 710 710 711 711 711 711 711 712 712 712 712 712 713 713 713 713 713 713 714 714 714 714 714 714 715 715 715 715 715 715 715 716 716 716 716 716 716 716 717 717 717 717 717
481 481 482 482 482 483 483 483 484 484 484 484 485 485 485 486 486 486 486 487 487 487 487 488 488 488 488 489 489 489 489 490 490 490 490 491 491 491 491 492 492 725 725 726 726 726 726 726 710 710 710 710 710 711 711 711 711 711 712 712 712 712 712 713 713 713 713 713 713 714 714 714 714 714 714 715 715 715 715 715 715 716 716 716 716 716 716 716 717 717 717 717 717 717
481 481 482 482 482 483 483 483 484 484 484 484 485 485 485 486 486 486 486 487 487 487 487 488 488 488 488 489 489 489 490 490 490 490 490 491 491 491 491 492 492 725 725 726 726 726 726 726 710 710 710 710 710 711 711 711 711 711 712 712 712 712 712 713 713 713 713 713 713 714 714 714 714 714 714 715 715 715 715 715 715 716 716 716 716 716 716 716 717 717 717 717 717 717
481 481 482 482 482 483 483 483 484 484 484 484 485 485 485 486 486 486 486 487 487 487 487 488 488 488 489 489 489 489 490 490 490 490 490 491 491 491 491 492 492 725 725 726 726 726 726 726 710 710 710 710 710 711 711 711 711 711 712 712 712 712 712 713 713 713 713 713 713 714 714 714 714 714 714 715 715 715 715 715 715 716 716 716 716 716 716 716 717 717 717 717 717 717
481 481 482 482 482 483 483 483 484 484 484 484 485 485 485 486 486 486 486 487 487 487 487 488 488 488 489 489 489 489 490 490 490 490 490 491 491 491 491 492 492 725 725 726 726 726 726 726 710 710 710 710 710 711 711 711 711 711 712 712 712 712 712 713 713 713 713 713 713 714 714 714 714 714 714 715 715 715 715 715 715 716 716 716 716 716 716 716 717 717 717 717 717 717
481 481 482 482 482 483 483 483 484 484 484 484 485 485 485 486 486 486 486 487 487 487 487 488 488 488 489 489 489 489 490 490 490 490 491 491 491 491 491 492 725 725 725 726 726 726 726 726 710 710 710 710 710 711 711 711 711 711 712 712 712 712 712 713 713 713 713 713 713 714 714 714 714 714 714 715 715 715 715 715 715 716 716 716 716 716 716 716 717 717 717 717 717 717
481 481 482 482 482 483 483 483 484 484 484 484 485 485 485 486 486 486 486 487 487 487 487 488 488 488 489 489 489 489 490 490 490 490 491 491 491 491 491 492 725 725 725 726 726 726 726 726 710 710 710 710 710 711 711 711 711 711 712 712 712 712 712 713 713 713 713 713 713 714 714 714 714 714 714 715 715 715 715 715 715 716 716 716 716 716 716 716 717 717 717 717 717 717
481 481 482 482 482 483 483 483 484 484 484 484 485 485 485 486 486 486 486 487 487 487 487 488 488 488 489 489 489 489 490 490 490 490 491 491 491 491 491 492 725 725 725 726 726 726 726 726 710 710 710 710 710 711 711 711 711 711 712 712 712 712 712 713 713 713 713 713 713 714 714 714 714 714 714 715 715 715 715 715 715 716 716 716 716 716 716 716 717 717 717 717 717 717
481 481 482 482 482 483 483 483 484 484 484 484 485 485 485 486 486 486 486 487 487 487 487 488 488 488 489 489 489 489 490 490 490 490 491 491 491 491 491 492 725 725 725 726 726 726 726 726 710 710 710 710 710 711 711 711 711 711 712 712 712 712 712 713 713 713 713 713 713 714 714 714 714 714 714 715 715 715 715 715 715 716 716 716 716 716 716 716 717 717 717 717 717 717
481 481 482 482 482 483 483 483 484 484 484 484 485 485 485 486 486 486 486 487 487 487 487 488 488 488 489 489 489 489 490 490 490 490 491 491 491 491 491 725 725 725 725 726 726 726 726 726 710 710 710 710 710 711 711 711 711 711 712 712 712 712 712 713 713 713 713 713 713 714 714 714 714 714 714 715 715 715 715 715 715 716 716 716 716 716 716 716 717 717 717 717 717 717
481 481 482 482 482 483 483 483 484 484 484 484 485 485 485 486 486 486 486 487 487 487 487 488 488 488 489 489 489 489 490 490 490 490 490 491 491 491 491 725 725 725 725 726 726 726 726 726 710 710 710 710 710 711 711 711 711 711 712 712 712 712 712 713 713 713 713 713 713 714 714 714 714 714 714 715 715 715 715 715 715 716 716 716 716 716 716 716 717 717 717 717 717 717
