testData/tiles/oneDegreeCosts/grid11.0-38.0-12.0-39.0.asc
ncols   200
nrows   200
xllcorner   11.0
yllcorner   38.0
cellsize   0.005
NODATA_value   -9999.0
[rows 84 to 125 of 200, columns 0 to 93 of 200]
258 258 258 258 258 258 258 258 258 258 258 258 258 258 258 258 258 258 258 258 258 258 258 258 258 258 258 258 258 258 258 258 258 258 258 258 258 258 258 258 258 258 258 258 258 258 258 258 258 258 258 258 258 258 258 258 258 258 258 258 258 258 258 258 258 258 258 258 258 258 258 258 258 258 258 258 258 258 258 258 258 258 258 258 258 258 258 258 258 258 258 394 394 394
258 258 258 258 258 258 258 258 258 258 258 258 258 258 258 258 258 258 258 258 258 258 258 258 258 258 258 258 258 258 258 258 258 258 258 258 258 258 258 258 258 258 258 258 258 258 258 258 258 258 258 258 258 258 258 258 258 258 258 258 258 258 258 258 258 258 258 258 258 258 258 258 258 258 258 258 258 258 258 258 258 258 258 258 258 258 258 258 258 258 258 259 396 396
258 258 258 258 258 258 258 258 258 258 258 258 258 258 258 258 258 258 258 258 258 258 258 258 258 258 258 258 258 258 258 258 258 258 258 258 258 258 258 258 258 258 258 258 258 258 258 258 258 258 258 258 258 258 258 258 258 258 258 258 258 258 258 258 258 258 258 258 258 258 258 258 258 258 258 258 258 258 258 258 258 258 258 258 258 258 259 259 259 259 259 261 397 397
258 258 258 258 258 258 258 258 258 258 258 258 258 258 258 258 258 258 258 258 258 258 258 258 258 258 258 258 258 258 258 258 258 258 258 258 258 258 258 258 258 258 258 258 258 258 258 258 258 258 258 258 258 258 258 258 258 258 258 258 258 258 258 258 258 258 258 258 258 258 258 258 258 258 258 258 258 258 258 258 258 258 259 259 259 259 260 260 260 261 261 261 398 398
258 258 258 258 258 258 258 258 258 258 258 258 258 258 258 258 258 258 258 258 258 258 258 258 258 258 258 258 258 258 258 258 258 258 258 258 258 258 258 258 258 258 258 258 258 258 258 258 258 258 258 258 258 258 258 258 258 258 258 258 258 258 258 258 258 258 258 258 258 258 258 258 258 258 258 258 258 258 259 259 259 259 260 260 260 260 260 262 262 262 262 262 263 399
258 258 258 258 258 258 258 258 258 258 258 258 258 258 258 258 258 258 258 258 258 258 258 258 258 258 258 258 258 258 258 258 258 258 258 258 258 258 258 258 258 258 258 258 258 258 258 258 258 258 258 258 258 258 258 258 258 258 258 258 258 258 258 258 258 258 258 258 258 258 258 258 258 258 259 259 259 259 260 260 260 260 260 261 261 262 262 263 263 263 263 263 264 400
258 258 258 258 258 258 258 258 258 258 258 258 258 258 258 258 258 258 258 258 258 258 258 258 258 258 258 258 258 258 258 258 258 258 258 258 258 258 258 258 258 258 258 258 258 258 258 258 258 258 258 258 258 258 258 258 258 258 258 258 258 258 258 258 258 258 258 258 258 258 258 259 259 259 259 260 260 260 260 261 261 261 261 263 263 263 263 263 264 264 264 264 264 265
258 258 258 258 258 258 258 258 258 258 258 258 258 258 258 258 258 258 258 258 258 258 258 258 258 258 258 258 258 258 258 258 258 258 258 258 258 258 258 258 258 258 258 258 258 258 258 258 258 258 258 258 258 258 258 258 258 258 258 258 258 258 258 258 258 258 258 259 259 259 259 260 260 260 260 261 261 261 261 262 262 262 263 264 264 264 264 264 265 265 265 265 265 266
258 258 258 258 258 258 258 258 258 258 258 258 258 258 258 258 258 258 258 258 258 258 258 258 258 258 258 258 258 258 258 258 258 258 258 258 258 258 258 258 258 258 258 258 258 258 258 258 258 258 258 258 258 258 258 258 258 258 258 258 258 258 258 258 258 259 259 259 260 260 260 261 261 261 261 262 262 262 262 263 264 264 264 264 265 265 265 265 266 266 266 266 266 266
258 258 258 258 258 258 258 258 258 258 258 258 258 258 258 258 258 258 258 258 258 258 258 258 258 258 258 258 258 258 258 258 258 258 258 258 258 258 258 258 258 258 258 258 258 258 258 258 258 258 258 258 258 258 258 258 258 258 258 258 258 258 258 259 259 260 260 260 261 261 261 261 262 262 262 262 263 263 264 264 265 265 265 265 266 266 266 266 266 267 267 267 267 267
258 258 258 258 258 258 258 258 258 258 258 258 258 258 258 258 258 258 258 258 258 258 258 258 258 258 258 258 258 258 258 258 258 258 258 258 258 258 258 258 258 258 258 258 258 258 258 258 258 258 258 258 258 258 258 258 258 258 258 258 258 258 260 260 260 261 261 261 261 262 262 262 263 263 263 263 264 265 265 265 266 266 266 266 266 267 267 267 267 268 268 268 268 269
258 258 258 258 258 258 258 258 258 258 258 258 258 258 258 258 258 258 258 258 258 258 258 258 258 258 258 258 258 258 258 258 258 258 258 258 258 258 258 258 258 258 258 258 258 258 258 258 258 258 258 258 258 258 258 258 258 258 258 259 260 260 261 261 261 262 262 262 262 263 263 263 263 264 264 265 266 266 266 266 266 267 267 267 267 268 268 268 268 268 269 270 270 270
258 258 258 258 258 258 258 258 258 258 258 258 258 258 258 258 258 258 258 258 258 258 258 258 258 258 258 258 258 258 258 258 258 258 258 258 258 258 258 258 258 258 258 258 258 258 258 258 258 258 258 258 258 258 258 258 259 259 259 261 261 261 261 262 262 262 263 263 263 264 264 264 264 266 266 266 266 267 267 267 267 268 268 268 268 269 269 269 269 270 271 271 271 271
258 258 258 258 258 258 258 258 258 258 258 258 258 258 258 258 258 258 258 258 258 258 258 258 258 258 258 258 258 258 258 258 258 258 258 258 258 258 258 258 258 258 258 258 258 258 258 258 258 258 258 258 258 258 259 259 259 261 261 261 262 262 262 263 263 263 264 264 264 264 265 265 266 267 267 267 267 268 268 268 268 269 269 269 269 269 270 271 271 271 271 272 272 272
258 258 258 258 258 258 258 258 258 258 258 258 258 258 258 258 258 258 258 258 258 258 258 258 258 258 258 258 258 258 258 258 258 258 258 258 258 258 258 258 258 258 258 258 258 258 258 258 258 258 258 259 259 259 260 260 261 262 262 262 263 263 263 264 264 264 264 265 265 265 267 267 267 267 268 268 268 268 269 269 269 269 270 270 270 270 272 272 272 272 272 273 273 273
258 258 258 258 258 258 258 258 258 258 258 258 258 258 258 258 258 258 258 258 258 258 258 258 258 258 258 258 258 258 258 258 258 258 258 258 258 258 258 258 258 258 258 258 258 258 258 258 258 259 259 259 260 260 262 262 262 263 263 263 264 264 264 264 265 265 265 266 266 267 268 268 268 268 269 269 269 269 270 270 270 270 271 271 272 272 273 273 273 273 273 274 274 274
258 258 258 258 258 258 258 258 258 258 258 258 258 258 258 258 258 258 258 258 258 258 258 258 258 258 258 258 258 258 258 258 258 258 258 258 258 258 258 258 258 258 258 258 258 258 259 259 259 260 260 260 261 262 262 263 263 263 264 264 264 265 265 265 266 266 266 268 268 268 268 269 269 269 270 270 270 270 271 271 271 271 273 273 273 273 273 274 274 274 274 274 275 275
258 258 258 258 258 258 258 258 258 258 258 258 258 258 258 258 258 258 258 258 258 258 258 258 258 258 258 258 258 258 258 258 258 258 258 258 258 258 258 258 258 258 258 258 259 259 259 260 260 260 261 262 263 263 263 264 264 264 265 265 265 266 266 266 267 268 268 268 269 269 269 270 270 270 270 271 271 271 271 272 272 273 273 274 274 274 274 275 275 275 275 275 276 276
258 258 258 258 258 258 258 258 258 258 258 258 258 258 258 258 258 258 258 258 258 258 258 258 258 258 258 258 258 258 258 258 258 258 258 258 258 258 258 258 258 258 259 259 259 260 260 261 261 261 263 263 263 264 264 264 265 265 266 266 266 266 267 267 268 269 269 269 270 270 270 270 271 271 271 272 272 272 272 274 274 274 274 275 275 275 275 275 276 276 276 276 276 277
258 258 258 258 258 258 258 258 258 258 258 258 258 258 258 258 258 258 258 258 258 258 258 258 258 258 258 258 258 258 258 258 258 258 258 258 258 258 258 258 259 259 260 260 260 261 261 261 263 263 264 264 264 265 265 265 266 266 266 267 267 267 269 269 269 270 270 270 271 271 271 271 272 272 272 272 273 274 274 275 275 275 275 275 276 276 276 276 277 277 277 277 277 279
258 258 258 258 258 258 258 258 258 258 258 258 258 258 258 258 258 258 258 258 258 258 258 258 258 258 258 258 258 258 258 258 258 258 258 258 258 258 259 259 260 260 260 261 261 262 262 263 264 264 264 265 265 266 266 266 267 267 267 268 268 269 270 270 270 271 271 271 271 272 272 272 273 273 273 273 275 275 275 275 276 276 276 276 277 277 277 277 278 278 278 279 279 280
258 258 258 258 258 258 258 258 258 258 258 258 258 258 258 258 258 258 258 258 258 258 258 258 258 258 258 258 258 258 258 258 258 258 258 258 259 259 260 260 260 261 261 262 262 263 264 264 265 265 265 266 266 266 267 267 267 268 268 269 270 270 270 271 271 271 272 272 272 273 273 273 273 274 275 275 276 276 276 276 277 277 277 277 278 278 278 278 278 280 280 280 280 280
258 258 258 258 258 258 258 258 258 258 258 258 258 258 258 258 258 258 258 258 258 258 258 258 258 258 258 258 258 258 258 258 258 258 259 259 260 260 261 261 261 262 262 263 264 264 265 265 265 266 266 267 267 267 268 268 268 269 270 270 271 271 271 272 272 272 273 273 273 274 274 274 275 276 276 276 276 277 277 277 277 278 278 278 278 279 279 279 280 281 281 281 281 281
258 258 258 258 258 258 258 258 258 258 258 258 258 258 258 258 258 258 258 258 258 258 258 258 258 258 258 258 258 258 258 258 259 259 260 260 261 261 261 262 262 263 263 264 265 265 266 266 266 267 267 267 268 268 269 269 270 271 271 271 272 272 272 273 273 273 273 274 274 274 275 276 276 277 277 277 277 278 278 278 278 279 279 279 279 280 281 281 281 281 282 282 282 282
258 258 258 258 258 258 258 258 258 258 258 258 258 258 258 258 258 258 258 258 258 258 258 258 258 258 258 258 258 258 259 259 260 260 261 261 261 262 262 263 263 264 265 265 266 266 266 267 267 268 268 268 269 269 269 271 271 271 272 272 272 273 273 273 274 274 274 275 275 276 277 277 277 277 278 278 278 279 279 279 279 280 280 280 281 282 282 282 282 282 283 283 283 283
258 258 258 258 258 258 258 258 258 258 258 258 258 258 258 258 258 258 258 258 258 258 258 258 258 258 258 258 259 259 260 260 260 261 261 262 262 263 263 263 265 265 266 266 266 267 267 268 268 268 269 269 270 270 271 272 272 272 273 273 273 274 274 274 275 275 275 276 277 277 277 278 278 278 279 279 279 279 280 280 280 280 281 282 282 282 283 283 283 283 284 284 284 284
258 258 258 258 258 258 258 258 258 258 258 258 258 258 258 258 258 258 258 258 258 258 258 258 258 258 259 259 260 260 260 261 261 262 262 263 263 263 264 265 266 266 267 267 267 268 268 268 269 269 270 270 271 272 272 272 273 273 274 274 274 275 275 275 276 276 277 277 278 278 278 279 279 279 280 280 280 280 281 281 281 282 283 283 283 283 284 284 284 335 335 336 336 336
258 258 258 258 258 258 258 258 258 258 258 258 258 258 258 258 258 258 258 258 258 258 258 258 258 259 259 260 260 261 261 262 262 263 263 263 264 265 266 266 267 267 267 268 268 269 269 269 270 270 271 272 272 273 273 273 274 274 274 275 275 275 276 276 276 278 278 278 279 279 279 280 280 280 280 281 281 281 282 282 283 283 284 284 335 335 335 336 336 336 336 337 337 337
258 258 258 258 258 258 258 258 258 258 258 258 258 258 258 258 258 258 258 258 258 258 258 259 259 260 260 261 261 262 262 263 263 263 264 264 266 266 267 267 267 268 268 269 269 269 270 270 271 272 272 273 273 273 274 274 275 275 275 276 276 276 277 278 278 279 279 279 280 280 280 280 281 281 281 282 282 282 283 284 335 335 335 336 336 336 336 337 337 337 337 337 338 339
258 258 258 258 258 258 258 258 258 258 258 258 258 258 258 258 258 258 258 258 258 258 259 260 260 261 261 262 262 262 263 263 264 264 265 266 267 267 267 268 268 269 269 269 270 270 271 271 272 273 273 274 274 274 275 275 275 276 276 276 277 277 279 279 279 279 280 280 280 281 281 281 282 282 282 333 335 335 335 336 336 336 336 337 337 337 337 338 338 338 338 338 340 340
258 258 258 258 258 258 258 258 258 258 258 258 258 258 258 258 258 258 258 258 258 260 260 260 261 261 262 262 263 263 264 264 265 266 267 267 267 268 268 269 269 269 270 270 271 271 272 273 273 274 274 274 275 275 276 276 276 277 277 277 279 279 279 280 280 280 281 281 281 282 282 333 334 334 334 335 336 336 336 336 337 337 337 337 338 338 338 338 339 339 340 340 341 341
258 258 258 258 258 258 258 258 258 258 258 258 258 258 258 258 258 258 258 259 260 260 261 261 262 262 263 263 264 264 265 265 266 267 267 268 268 269 269 269 270 270 271 271 272 273 273 274 274 275 275 275 276 276 276 277 277 278 278 279 280 280 280 281 281 281 282 333 333 334 334 334 334 336 336 336 337 337 337 337 338 338 338 338 339 339 339 339 341 341 341 341 341 342
258 258 258 258 258 258 258 258 258 258 258 258 258 258 258 258 258 258 260 260 261 261 262 262 263 263 264 264 264 265 265 267 267 268 268 269 269 269 270 270 271 271 272 272 273 274 274 275 275 275 276 276 277 277 277 278 278 278 280 280 280 281 281 332 333 333 333 334 334 334 335 335 336 337 337 337 337 338 338 338 339 339 339 339 340 340 340 341 341 342 342 342 342 343
258 258 258 258 258 258 258 258 258 258 258 258 258 258 258 258 258 260 260 261 261 262 262 263 263 264 264 265 265 266 267 268 268 269 269 269 270 270 271 271 272 272 272 274 274 275 275 275 276 276 277 277 277 278 278 279 280 280 281 332 332 333 333 333 334 334 334 335 335 335 337 337 337 337 338 338 338 339 339 339 339 340 340 340 340 342 342 342 342 343 343 343 343 343
258 258 258 258 258 258 258 258 258 258 258 258 258 258 258 259 260 261 261 262 262 263 263 264 264 265 265 266 267 268 268 268 269 269 270 270 271 271 272 272 272 274 274 275 275 276 276 276 277 277 278 278 278 279 279 331 332 332 332 333 333 334 334 334 335 335 335 336 336 337 337 338 338 338 339 339 339 340 340 340 340 341 341 342 342 343 343 343 343 344 344 344 344 344
258 258 258 258 258 258 258 258 258 258 258 258 258 258 260 261 261 262 262 263 263 264 264 265 265 265 266 267 268 268 269 269 270 270 271 271 272 272 272 273 274 275 275 276 276 276 277 277 278 278 278 279 330 332 332 332 333 333 333 334 334 334 335 335 335 336 336 337 338 338 338 339 339 339 340 340 340 340 341 341 341 342 343 343 343 344 344 344 344 344 345 345 345 345
258 258 258 258 258 258 258 258 258 258 258 258 259 260 261 261 262 262 263 263 264 355 265 265 266 266 268 268 269 269 270 270 271 271 271 272 272 273 273 275 275 276 276 276 277 277 278 278 329 330 330 331 332 332 333 333 334 334 334 335 335 335 336 336 336 337 338 338 339 339 339 340 340 340 340 341 341 341 342 342 343 343 344 344 344 344 345 345 345 345 346 346 346 346
344 345 345 346 346 347 347 348 348 349 349 350 352 352 353 353 354 354 355 355 356 356 357 357 358 359 360 360 361 361 361 362 362 363 363 364 364 366 366 367 367 367 368 368 369 420 420 421 421 422 422 423 424 424 425 425 425 426 426 426 427 427 428 428 429 430 430 430 431 431 431 431 432 432 432 433 433 433 434 435 435 435 436 436 436 436 437 437 437 346 346 347 347 347
345 345 346 346 347 348 348 349 349 350 350 352 352 353 353 354 354 355 355 356 356 357 357 359 359 360 360 361 361 362 362 363 363 364 364 365 366 366 367 367 368 419 420 420 420 421 421 422 422 424 424 424 425 425 425 426 426 427 427 427 428 428 428 430 430 430 431 431 431 432 432 432 433 433 433 434 434 435 435 436 436 436 436 437 437 437 437 438 438 438 438 439 440 440
346 346 347 347 348 348 349 349 350 351 352 353 353 354 354 355 355 356 356 357 357 358 359 360 360 361 361 362 362 363 363 364 364 364 365 366 367 367 419 419 420 420 420 421 421 422 422 423 424 424 425 425 426 426 426 427 427 427 428 428 429 430 430 431 431 431 432 432 432 433 433 433 434 434 434 434 436 436 436 437 437 437 437 438 438 438 438 439 439 439 440 441 441 441
346 347 347 348 349 349 350 350 351 352 353 353 354 354 355 355 356 356 357 358 358 360 360 361 361 361 362 362 363 363 364 364 365 365 367 418 419 419 420 420 420 421 421 422 422 423 423 424 425 425 426 426 426 427 427 428 428 428 429 429 430 431 431 431 432 432 433 433 433 433 434 434 434 435 436 436 437 437 437 437 438 438 438 439 439 439 439 440 440 441 441 441 442 442
347 348 348 349 349 350 350 351 353 353 354 354 355 355 356 356 357 357 358 358 360 360 361 361 362 362 363 363 364 364 365 365 418 418 419 419 419 420 420 421 421 422 422 423 423 424 425 425 426 426 426 427 427 428 428 428 429 429 430 431 431 432 432 432 433 433 433 434 434 434 435 435 435 437 437 437 438 438 438 438 439 439 439 439 440 440 440 441 442 442 443 443 444 445
