testData/tiles/oneDegreeCosts/grid0.0-48.0-1.0-49.0.asc
ncols   200
nrows   200
xllcorner   0.0
yllcorner   48.0
cellsize   0.005
NODATA_value   -9999.0
[rows 0 to 41 of 200, columns 94 to 187 of 200]
292 290 288 286 283 281 278 275 271 268 264 259 254 248 242 232 215 215 214 214 214 213 213 212 212 211 211 211 211 211 211 211 211 211 364 364 364 364 364 364 364 364 364 364 364 364 364 364 364 364 364 364 364 364 364 364 364 364 364 364 364 364 364 364 364 364 364 364 364 364 364 364 364 364 364 364 364 364 364 364 364 364 364 364 422 422 422 422 422 422 422 422 422 422
291 289 287 285 282 280 278 275 271 268 264 259 254 248 241 230 214 213 213 213 213 212 212 211 211 211 211 211 211 211 211 211 364 364 364 364 364 364 364 364 364 364 364 364 364 364 364 364 364 364 364 364 364 364 364 364 364 364 364 364 364 364 364 364 364 364 364 364 364 364 364 364 364 364 364 364 364 364 364 364 364 364 364 422 422 422 422 422 422 422 422 422 422 422
291 289 287 285 282 279 277 274 270 267 263 258 253 247 240 229 213 212 212 212 212 211 211 211 211 211 211 211 211 211 364 364 364 364 364 364 364 364 364 364 364 364 364 364 364 364 364 364 364 364 364 364 364 364 364 364 364 364 364 364 364 364 364 364 364 364 364 364 364 364 364 364 364 364 364 364 364 364 364 364 364 364 364 422 422 422 422 422 422 422 422 422 422 422
291 289 286 284 281 278 275 273 269 266 261 257 252 246 238 228 211 211 211 211 211 211 211 211 211 211 211 211 364 364 364 364 364 364 364 364 364 364 364 364 364 364 364 364 364 364 364 364 364 364 364 364 364 364 364 364 364 364 364 364 364 364 364 364 364 364 364 364 364 364 364 364 364 364 364 364 364 364 364 364 364 364 422 422 422 422 422 422 422 422 422 422 422 422
291 289 286 284 281 278 275 272 268 264 260 256 251 245 237 227 211 211 211 211 211 211 211 211 211 211 364 364 364 364 364 364 364 364 364 364 364 364 364 364 364 364 364 364 364 364 364 364 364 364 364 364 364 364 364 364 364 364 364 364 364 364 364 364 364 364 364 364 364 364 364 364 364 364 364 364 364 364 364 364 364 364 422 422 422 422 422 422 422 422 422 422 422 422
291 289 286 283 281 278 275 272 268 264 260 256 251 245 237 226 211 211 211 211 211 211 211 211 364 364 364 364 364 364 364 364 364 364 364 364 364 364 364 364 364 364 364 364 364 364 364 364 364 364 364 364 364 364 364 364 364 364 364 364 364 364 364 364 364 364 364 364 364 364 364 364 364 364 364 364 364 364 364 364 364 364 422 422 422 422 422 422 422 422 422 422 422 422
291 288 286 283 281 278 275 272 268 264 260 256 250 244 237 226 211 211 211 211 211 211 211 364 364 364 364 364 364 364 364 364 364 364 364 364 364 364 364 364 364 364 364 364 364 364 364 364 364 364 364 364 364 364 364 364 364 364 364 364 364 364 364 364 364 364 364 364 364 364 364 364 364 364 364 364 364 364 364 364 364 422 422 422 422 422 422 422 422 422 422 422 422 422
291 288 286 283 281 278 275 271 268 264 260 255 250 244 237 226 211 211 211 211 211 364 364 364 364 364 364 364 364 364 364 364 364 364 364 364 364 364 364 364 364 364 364 364 364 364 364 364 364 364 364 364 364 364 364 364 364 364 364 364 364 364 364 364 364 364 364 364 364 364 364 364 364 364 364 364 364 364 364 364 364 422 422 422 422 422 422 422 422 422 422 422 422 422
291 288 286 283 281 278 275 271 268 264 260 255 250 244 237 226 211 211 211 364 364 364 364 364 364 364 364 364 364 364 364 364 364 364 364 364 364 364 364 364 364 364 364 364 364 364 364 364 364 364 364 364 364 364 364 364 364 364 364 364 364 364 364 364 364 364 364 364 364 364 364 364 364 364 364 364 364 364 364 364 364 422 422 422 422 422 422 422 422 422 422 422 422 422
291 288 286 283 280 278 275 271 268 264 260 255 250 244 236 225 211 211 364 364 364 364 364 364 364 364 364 364 364 364 364 364 364 364 364 364 364 364 364 364 364 364 364 364 364 364 364 364 364 364 364 364 364 364 364 364 364 364 364 364 364 364 364 364 364 364 364 364 364 364 364 364 364 364 364 364 364 364 364 364 422 422 422 422 422 422 422 422 422 422 422 422 422 422
291 288 286 283 280 278 274 271 268 264 260 255 250 244 236 225 364 364 364 364 364 364 364 364 364 364 364 364 364 364 364 364 364 364 364 364 364 364 364 364 364 364 364 364 364 364 364 364 364 364 364 364 364 364 364 364 364 364 364 364 364 364 364 364 364 364 364 364 364 364 364 364 364 364 364 364 364 364 364 364 422 422 422 422 422 422 422 422 422 422 422 422 422 422
290 288 286 283 280 277 274 271 268 264 260 255 250 244 236 378 364 364 364 364 364 364 364 364 364 364 364 364 364 364 364 364 364 364 364 364 364 364 364 364 364 364 364 364 364 364 364 364 364 364 364 364 364 364 364 364 364 364 364 364 364 364 364 364 364 364 364 364 364 364 364 364 364 364 364 364 364 364 364 364 422 422 422 422 422 422 422 422 422 422 422 422 422 422
290 288 286 283 280 277 274 271 268 264 260 255 250 244 389 378 364 364 364 364 364 364 364 364 364 364 364 364 364 364 364 364 364 364 364 364 364 364 365 365 365 365 365 365 365 365 365 365 365 365 365 365 365 365 365 365 365 365 365 365 365 365 365 365 365 365 365 365 365 365 365 365 365 365 365 365 365 365 365 423 423 423 423 423 423 422 422 422 422 422 422 422 422 423
290 288 286 283 280 277 274 271 267 264 259 255 403 396 389 378 364 364 364 364 364 364 364 364 364 364 364 365 365 365 365 365 365 365 365 365 365 365 365 365 365 365 365 365 365 365 365 365 365 365 365 365 365 365 365 365 365 365 365 365 365 365 365 365 365 365 365 365 365 365 365 365 365 365 365 365 365 365 365 423 423 423 423 423 423 423 423 423 423 423 423 423 423 425
290 288 285 283 280 277 274 271 267 264 259 408 402 396 388 378 364 364 365 365 365 365 365 365 365 365 365 365 365 365 365 365 365 365 365 365 365 365 365 365 365 365 365 365 365 365 365 365 365 365 365 365 365 365 365 365 365 365 365 365 365 365 365 365 365 365 365 365 365 365 365 365 365 365 365 365 365 365 365 423 423 423 423 423 423 423 423 423 423 423 423 423 424 426
290 288 285 283 280 277 274 271 267 264 412 408 403 397 389 379 365 365 365 365 365 365 365 365 365 365 365 365 365 365 365 365 365 365 365 365 365 365 365 365 365 365 365 365 365 365 365 365 365 365 365 365 365 365 365 365 365 365 365 365 365 365 365 365 365 365 365 365 365 365 365 365 365 365 365 365 365 365 423 423 423 423 423 423 423 423 423 423 423 423 423 423 425 529
290 288 285 283 280 277 275 272 421 417 413 408 403 397 389 379 365 365 365 365 365 365 365 365 365 365 365 365 365 365 365 365 365 365 365 365 365 365 365 365 365 365 365 365 365 365 365 365 365 365 365 365 365 365 365 365 365 365 365 365 365 365 365 365 365 365 365 365 365 365 365 365 365 365 365 365 365 365 423 423 423 423 423 423 423 423 423 423 423 423 423 424 528 529
290 289 286 284 281 278 275 425 421 417 413 408 403 397 389 379 365 365 365 365 365 365 365 365 365 365 365 365 365 365 365 365 365 365 365 365 365 365 365 365 365 365 365 365 365 365 365 365 365 365 365 365 365 365 365 365 365 365 365 365 365 365 365 365 365 365 365 365 365 365 365 365 365 365 365 365 365 365 423 423 423 423 423 423 423 423 423 423 423 423 423 527 529 530
291 289 286 284 281 278 428 424 421 417 413 408 403 397 389 379 365 365 365 365 365 365 365 365 365 365 365 365 365 365 365 365 365 365 365 365 365 365 365 365 365 365 365 365 365 365 365 365 365 365 365 365 365 365 365 365 365 365 365 365 365 365 365 365 365 365 365 365 365 365 365 365 365 365 365 365 365 423 423 423 423 423 423 423 423 423 423 423 423 423 526 528 529 531
291 289 286 283 281 431 428 424 421 417 413 408 403 396 388 379 365 365 365 365 365 365 365 365 365 365 365 365 365 365 365 365 365 365 365 365 365 365 365 365 365 365 365 365 365 365 365 365 365 365 365 365 365 365 365 365 365 365 365 365 365 365 365 365 365 365 365 365 365 365 365 365 365 365 365 365 365 423 423 423 423 423 423 423 423 423 423 423 423 525 527 529 530 564
291 288 286 283 434 431 428 424 421 417 413 408 403 396 388 379 365 365 365 365 365 365 365 365 365 365 365 365 365 365 365 365 365 365 365 365 365 365 365 365 365 365 365 365 365 365 365 365 365 365 365 365 365 365 365 365 365 365 365 365 365 365 365 365 365 365 365 365 365 365 365 365 365 365 365 365 365 423 423 423 423 423 423 423 423 423 423 423 525 526 528 529 531 565
291 288 439 436 434 431 428 424 421 417 413 408 402 396 388 379 365 365 365 365 365 365 365 365 365 365 365 365 365 365 365 365 365 365 365 365 365 365 365 365 365 365 365 365 365 365 365 365 365 365 365 365 365 365 365 365 365 365 365 365 365 365 365 365 365 365 365 365 365 365 365 365 365 365 365 365 423 423 423 423 423 423 423 423 423 423 423 525 525 527 528 530 564 565
291 441 439 436 433 431 427 424 421 417 412 408 402 396 387 379 365 365 365 365 365 365 365 365 365 365 365 365 365 365 365 365 365 365 365 365 365 365 365 365 365 365 365 365 365 365 365 365 365 365 365 365 365 365 365 365 365 365 365 365 365 365 365 365 365 365 365 365 365 365 365 365 365 365 365 365 423 423 423 423 423 423 423 423 423 423 525 525 525 527 529 563 565 566
444 441 439 436 433 430 427 424 420 417 412 407 402 396 387 379 365 365 365 365 365 365 365 365 365 365 365 365 365 365 365 365 365 365 365 365 365 365 365 365 365 365 365 365 365 365 365 365 365 365 365 365 365 365 365 365 365 365 365 365 365 365 365 365 365 365 365 365 365 365 365 365 365 365 365 365 423 423 423 423 423 423 423 423 423 525 525 525 526 528 530 564 565 567
444 441 439 436 433 430 427 424 420 416 412 407 402 395 387 379 365 365 365 365 365 365 365 365 365 365 365 365 365 365 365 365 365 365 365 365 365 365 365 365 365 365 365 365 365 365 365 365 365 365 365 365 365 365 365 365 365 365 365 365 365 365 365 365 365 365 365 365 365 365 365 365 365 365 365 365 423 423 423 423 423 423 423 423 525 525 525 525 527 529 563 564 566 567
443 441 439 436 433 430 427 424 420 416 412 407 402 395 387 379 365 365 365 365 365 365 365 365 365 365 365 365 365 365 365 365 365 365 365 365 365 365 365 365 365 365 365 365 365 365 365 365 365 365 365 365 365 365 365 365 365 365 365 365 365 365 365 365 365 365 365 365 365 365 365 365 365 365 365 423 423 423 423 423 423 423 423 525 525 525 525 526 528 530 563 565 567 568
443 441 438 436 433 430 427 424 420 416 412 407 402 395 386 379 365 365 365 365 365 365 365 365 365 365 365 365 365 365 365 365 365 365 365 365 365 365 365 365 365 365 365 365 365 365 365 365 365 365 365 365 365 365 365 365 365 365 365 365 365 365 365 365 365 365 365 365 365 365 365 365 365 365 365 423 423 423 423 423 423 423 525 525 525 525 525 527 529 563 564 566 567 569
443 441 438 436 433 430 427 424 420 416 412 407 401 395 386 379 365 365 365 365 365 365 365 365 365 365 365 365 365 365 365 365 365 365 365 365 365 365 365 365 365 365 365 365 365 365 365 365 365 365 365 365 365 365 365 365 365 365 365 365 365 365 365 365 365 365 365 365 365 365 365 365 365 365 365 423 423 423 423 423 423 525 525 525 525 525 525 528 529 563 565 567 568 569
443 441 438 436 433 430 427 423 420 416 412 407 401 395 386 365 365 365 365 365 365 365 365 365 365 365 365 365 365 365 365 365 365 365 365 365 365 365 365 365 365 365 365 365 365 365 365 365 365 365 365 365 365 365 365 365 365 365 365 365 365 365 365 365 365 365 365 365 365 365 365 365 365 365 423 423 423 423 423 423 525 525 525 525 525 525 526 528 562 564 566 567 569 570
443 441 438 436 433 430 427 423 420 416 411 407 401 394 385 365 365 365 365 365 365 365 365 365 365 365 365 365 365 365 365 365 365 365 365 365 365 365 365 365 365 365 365 365 365 365 365 365 365 365 365 365 365 365 365 365 365 365 365 365 365 365 365 365 365 365 365 365 365 365 365 365 365 365 423 423 423 423 423 525 525 525 525 525 525 525 527 561 563 565 566 568 569 571
443 441 438 435 433 430 427 423 420 416 411 406 401 394 385 365 365 365 365 365 365 365 365 365 365 365 365 365 365 365 365 365 365 365 365 365 365 365 365 365 365 365 365 365 365 365 365 365 365 365 365 365 365 365 365 365 365 365 365 365 365 365 365 365 365 365 365 365 365 365 365 365 365 365 423 423 423 423 525 525 525 525 525 525 525 526 528 562 564 565 567 569 570 571
484 482 479 476 433 430 426 423 419 415 411 406 401 394 385 365 365 365 365 365 365 365 365 365 365 365 365 365 365 365 365 365 365 365 365 365 365 365 365 365 365 365 365 365 365 365 365 365 365 365 365 365 365 365 365 365 365 365 365 365 365 365 365 365 365 365 365 365 365 365 365 365 365 365 423 423 423 423 525 525 525 525 525 525 525 527 561 563 564 566 568 569 571 572
484 481 479 476 473 471 467 464 419 415 411 406 400 394 384 365 365 365 365 365 365 365 365 365 365 365 365 365 365 365 365 365 365 365 365 365 365 365 365 365 365 365 365 365 365 365 365 365 365 365 365 365 365 365 365 365 365 365 365 365 365 365 365 365 365 365 365 365 365 365 365 365 365 423 423 423 423 525 525 525 525 525 525 525 525 527 561 563 565 567 568 570 571 573
484 481 479 476 473 470 467 464 460 456 452 447 400 393 384 365 365 365 365 365 365 365 365 365 365 365 365 365 365 365 365 365 365 365 365 365 365 365 365 365 365 365 365 365 365 365 365 365 365 365 365 365 365 365 365 365 365 365 365 365 365 365 365 365 365 365 365 365 365 365 365 365 365 423 423 423 525 525 525 525 525 525 525 525 526 560 562 564 566 567 569 571 572 573
484 481 479 476 473 470 467 464 460 456 452 447 441 434 425 406 365 365 365 365 365 365 365 365 365 365 365 365 365 365 365 365 365 365 365 365 365 365 365 365 365 365 365 365 365 365 365 365 365 365 365 365 365 365 365 365 365 365 365 365 365 365 365 365 365 365 365 365 365 365 365 365 365 423 423 525 525 525 525 525 525 525 525 525 527 561 563 565 566 568 570 571 573 574
484 481 479 476 473 470 467 464 460 456 451 447 441 434 424 406 406 406 406 365 365 365 365 365 365 365 365 365 365 365 365 365 365 365 365 365 365 365 365 365 365 365 365 365 365 365 365 365 365 365 365 365 365 365 365 365 365 365 365 365 365 365 365 365 365 365 365 365 365 365 365 365 365 423 525 525 525 525 525 525 525 525 525 525 559 562 564 565 567 569 570 572 573 575
483 481 479 476 473 470 467 463 460 456 451 446 441 434 424 406 406 406 406 406 406 406 406 365 365 365 365 365 365 365 365 365 365 365 365 365 365 365 365 365 365 365 365 365 365 365 365 365 365 365 365 365 365 365 365 365 365 365 365 365 365 365 365 365 365 365 365 365 365 365 365 365 423 525 525 525 525 525 525 525 525 525 525 526 560 562 564 566 568 569 571 572 574 575
483 481 478 476 473 470 467 463 460 456 451 446 440 433 423 406 406 406 406 406 406 406 406 406 406 406 365 365 365 365 365 365 365 365 365 365 365 365 365 365 365 365 365 365 365 365 365 365 365 365 365 365 365 365 365 365 365 365 365 365 365 365 365 365 365 365 365 365 365 365 365 365 525 525 525 525 525 525 525 525 525 525 525 559 561 563 565 567 568 570 572 573 574 576
483 481 478 476 473 470 467 463 459 455 451 446 440 433 423 406 406 406 406 406 406 406 406 406 406 406 406 406 406 365 365 365 365 365 365 365 365 365 365 365 365 365 365 365 365 365 365 365 365 365 365 365 365 365 365 365 365 365 365 365 365 365 365 365 365 365 365 365 365 365 365 467 525 525 525 525 525 525 525 525 525 525 525 559 562 564 566 567 569 571 572 574 575 576
483 481 478 476 473 470 466 463 459 455 451 446 440 433 423 406 406 406 406 406 406 406 406 406 406 406 406 406 406 406 406 406 406 365 365 365 365 365 365 365 365 365 365 365 365 365 365 365 365 365 365 365 365 365 365 365 365 365 365 365 365 365 365 365 365 365 365 365 365 365 467 525 525 525 525 525 526 526 526 526 526 526 559 561 563 565 567 569 571 572 574 575 577 577
483 481 478 475 473 470 466 463 459 455 451 446 440 432 422 406 406 406 406 406 406 406 406 406 406 406 406 406 406 406 406 406 406 406 406 406 365 365 365 365 365 365 365 365 365 365 365 365 365 365 365 365 365 365 365 365 365 365 365 365 365 365 365 365 365 365 365 365 365 467 468 526 526 526 526 527 527 527 527 527 527 527 561 563 565 567 569 571 572 574 575 577 578 580
483 481 478 475 472 469 466 463 459 455 450 445 439 432 422 406 406 406 406 406 406 406 406 406 406 406 406 406 406 406 406 406 406 406 406 406 406 406 406 365 365 365 365 365 365 365 365 365 365 365 365 365 365 365 365 365 365 365 365 365 365 365 365 365 365 366 366 366 366 469 469 527 527 527 528 528 528 528 528 528 528 560 562 565 567 569 571 572 574 576 577 578 580 581
