testData/tiles/oneDegreeCosts/grid47.0-40.0-48.0-41.0.asc
ncols   200
nrows   200
xllcorner   47.0
yllcorner   40.0
cellsize   0.005
NODATA_value   -9999.0
[rows 0 to 41 of 200, columns 0 to 93 of 200]
374 477 475 472 471 469 466 464 461 459 456 453 450 448 444 442 438 435 432 429 425 421 417 414 409 405 401 396 391 386 381 376 369 363 356 352 351 350 349 349 348 347 251 251 250 249 248 247 246 245 244 243 243 242 241 240 239 238 236 235 234 233 232 231 230 229 227 226 225 224 222 221 219 218 217 215 214 212 211 209 207 206 204 202 200 199 197 195 193 191 188 186 184 181
478 476 473 472 469 467 465 462 460 457 455 452 449 446 444 440 437 434 431 427 424 420 416 412 407 404 399 395 390 384 379 373 367 362 355 351 350 350 349 348 347 347 251 250 249 248 247 247 246 245 244 243 242 241 240 239 238 237 236 235 234 233 231 230 229 228 227 225 224 223 222 220 219 217 216 214 213 211 210 208 207 205 203 201 200 198 196 194 192 190 187 185 183 180
477 474 473 470 468 466 463 462 458 456 453 451 448 445 442 439 436 433 429 426 422 419 414 411 406 402 398 393 387 383 377 371 366 359 352 351 350 349 348 348 347 346 250 249 249 248 247 246 245 244 243 242 241 240 239 238 237 236 235 234 233 232 231 230 228 227 226 225 223 222 221 219 218 217 215 214 212 211 209 207 206 204 202 201 199 197 195 193 191 189 186 184 182 179
475 474 471 469 467 465 463 460 458 455 452 449 447 443 441 437 435 431 428 424 421 417 414 409 404 401 396 392 386 381 376 370 364 358 351 350 349 349 348 347 346 345 250 249 248 247 246 245 244 244 243 242 241 240 239 238 237 236 235 233 232 231 230 229 228 227 225 224 223 221 220 219 217 216 214 213 211 210 208 207 205 203 201 200 198 196 194 192 190 188 185 183 181 178
475 472 470 468 466 464 461 459 456 454 451 448 445 443 439 437 433 430 426 423 419 416 412 407 404 399 395 390 384 380 374 368 363 356 350 350 349 348 347 346 346 250 249 248 247 247 246 245 244 243 242 241 240 239 238 237 236 235 234 233 232 231 229 228 227 226 225 223 222 221 219 218 217 215 214 212 211 209 207 206 204 202 201 199 197 195 193 191 189 187 184 182 179 177
473 471 469 467 465 462 460 457 455 452 450 447 444 441 438 435 432 428 425 421 418 414 411 406 402 398 393 388 383 378 372 367 360 353 350 349 348 347 347 346 345 249 249 248 247 246 245 244 243 242 241 240 240 239 238 236 235 234 233 232 231 230 229 228 226 225 224 223 221 220 219 217 216 214 213 211 210 208 207 205 203 202 200 198 196 194 192 190 188 186 183 181 178 176
472 470 468 465 463 462 459 457 454 451 448 446 443 440 437 434 430 427 424 421 416 413 409 404 401 396 392 387 381 377 371 364 359 352 349 348 348 347 346 345 345 249 248 247 246 245 244 244 243 242 241 240 239 238 237 236 235 234 233 232 230 229 228 227 226 224 223 222 221 219 218 216 215 214 212 211 209 207 206 204 202 201 199 197 195 193 191 189 187 184 182 180 177 175
471 469 466 465 463 460 458 455 453 450 447 444 442 438 436 432 429 426 423 419 416 411 407 403 399 395 390 385 380 374 368 363 357 350 349 348 347 346 346 345 344 248 247 247 246 245 244 243 242 241 240 239 238 237 236 235 234 233 232 231 230 229 227 226 225 224 222 221 220 219 217 216 214 213 211 210 208 207 205 203 202 200 198 196 194 192 190 188 186 183 181 179 176 173
470 467 466 463 461 459 456 454 451 449 446 443 440 438 434 431 428 425 421 418 414 410 406 401 398 393 388 383 378 373 367 361 354 349 348 347 347 346 345 344 343 248 247 246 245 244 243 242 241 241 240 239 238 237 236 235 233 232 231 230 229 228 227 226 224 223 222 220 219 218 216 215 214 212 211 209 207 206 204 202 201 199 197 195 193 191 189 187 185 182 180 177 175 172
468 467 464 462 459 457 455 452 450 447 445 442 439 436 433 430 427 423 420 416 413 408 404 400 396 392 387 381 377 371 365 360 353 348 347 347 346 345 344 344 248 247 246 245 244 244 243 242 241 240 239 238 237 236 235 234 233 232 231 230 228 227 226 225 224 222 221 220 218 217 216 214 213 211 210 208 207 205 203 202 200 198 196 194 192 190 188 186 184 181 179 176 174 171
468 465 463 460 459 457 454 452 449 446 443 441 437 435 431 429 425 422 418 415 411 406 403 398 395 390 385 380 375 369 364 357 350 348 347 346 345 345 344 343 247 246 246 245 244 243 242 241 240 239 238 237 236 235 234 233 232 231 230 229 228 227 225 224 223 222 220 219 218 216 215 213 212 210 209 207 206 204 202 201 199 197 195 193 191 189 187 185 182 180 178 175 172 169
466 464 461 460 457 455 453 450 448 445 442 439 437 433 431 427 424 420 417 413 409 406 401 397 393 388 383 378 374 368 361 355 349 347 346 346 345 344 343 342 247 246 245 244 243 242 241 241 240 239 238 237 236 235 234 233 232 230 229 228 227 226 225 223 222 221 220 218 217 216 214 213 211 210 208 207 205 203 202 200 198 196 194 192 190 188 186 184 181 179 176 174 171 168
465 463 461 458 456 454 451 449 446 444 441 438 435 432 429 426 422 419 415 412 408 404 400 395 392 387 381 377 371 365 360 354 347 346 346 345 344 343 343 342 246 245 244 243 243 242 241 240 239 238 237 236 235 234 233 232 231 230 229 227 226 225 224 223 221 220 219 217 216 215 213 212 210 209 207 206 204 202 201 199 197 195 193 191 189 187 185 183 180 178 175 172 170 167
549 462 459 457 454 452 450 447 445 442 440 436 434 430 428 424 421 417 414 410 406 403 398 394 390 384 380 375 369 364 358 351 347 346 345 344 344 343 342 341 245 245 244 243 242 241 240 239 238 237 236 235 234 233 232 231 230 229 228 227 226 224 223 222 221 219 218 217 215 214 213 211 210 208 206 205 203 201 200 198 196 194 192 190 188 186 184 181 179 177 174 171 168 165
549 546 544 542 454 451 449 447 443 441 438 436 432 430 426 423 419 417 412 408 405 401 397 392 387 383 378 373 368 362 355 350 346 345 345 344 343 342 341 246 245 244 243 242 241 240 240 239 238 237 236 235 234 233 232 231 229 228 227 226 225 224 222 221 220 219 217 216 215 213 212 210 209 207 206 204 202 201 199 197 195 193 191 189 187 185 183 180 178 175 173 170 167 164
547 545 543 541 538 536 533 445 443 439 437 434 431 428 425 421 419 415 411 407 403 400 395 390 386 381 377 371 366 361 354 347 345 345 344 343 342 342 341 245 244 243 243 242 241 240 239 238 237 236 235 234 233 232 231 230 229 228 227 225 224 223 222 220 219 218 217 215 214 212 211 209 208 206 205 203 201 200 198 196 194 192 190 188 186 184 182 179 177 174 171 169 165 162
545 544 542 539 537 534 532 530 527 525 435 433 429 427 423 421 417 413 410 405 402 398 394 389 384 380 375 369 364 358 352 346 345 344 343 343 342 341 340 244 244 243 242 241 240 239 238 237 236 235 234 233 232 231 230 229 228 227 226 225 223 222 221 220 218 217 216 214 213 212 210 209 207 205 204 202 200 199 197 195 193 191 189 187 185 183 180 178 175 173 170 167 164 161
545 543 540 538 535 533 530 528 526 523 521 517 429 425 422 419 415 412 408 404 400 397 392 387 383 378 373 368 362 356 350 345 344 344 343 342 341 340 340 244 243 242 241 240 239 239 238 237 236 235 234 233 232 231 230 229 227 226 225 224 223 221 220 219 218 216 215 214 212 211 209 208 206 205 203 201 200 198 196 194 192 190 188 186 184 182 179 177 174 172 169 166 162 159
543 541 539 536 535 532 530 526 524 521 519 516 513 509 421 417 414 410 407 402 399 395 390 386 381 376 371 366 360 355 348 344 344 343 342 341 341 340 244 243 242 241 241 240 239 238 237 236 235 234 233 232 231 230 229 228 227 226 224 223 222 221 219 218 217 216 214 213 211 210 208 207 205 204 202 200 199 197 195 193 191 189 187 185 183 180 178 176 173 170 167 164 161 157
542 539 538 536 533 531 528 526 522 520 517 514 511 508 505 502 498 409 405 402 397 393 389 384 380 375 369 364 358 352 346 344 343 342 342 341 340 339 243 243 242 241 240 239 238 237 236 235 234 233 232 231 230 229 228 227 226 225 224 222 221 220 219 217 216 215 213 212 211 209 208 206 204 203 201 199 198 196 194 192 190 188 186 184 182 179 177 174 172 169 166 163 159 156
540 539 537 534 532 529 527 524 522 518 516 513 510 506 504 500 497 493 490 400 395 392 387 383 378 373 368 362 356 351 344 343 342 342 341 340 339 339 243 242 241 240 239 238 238 237 236 235 234 233 232 231 230 229 227 226 225 224 223 222 220 219 218 217 215 214 213 211 210 208 207 205 204 202 200 199 197 195 193 191 189 187 185 183 180 178 176 173 170 167 164 161 158 154
540 537 535 533 530 528 525 523 520 518 514 512 508 506 502 499 495 492 488 483 480 389 386 381 376 371 366 360 355 348 343 343 342 341 340 340 339 338 242 241 240 240 239 238 237 236 235 234 233 232 231 230 229 228 227 226 225 223 222 221 220 218 217 216 215 213 212 210 209 207 206 204 203 201 199 198 196 194 192 190 188 186 184 182 179 177 174 172 169 166 163 159 156 152
538 536 533 531 529 526 524 521 519 516 513 510 507 504 501 497 494 490 486 482 478 474 470 379 374 369 363 359 352 346 343 342 341 340 340 339 338 337 241 241 240 239 238 237 236 235 234 233 232 231 230 229 228 227 226 225 224 223 221 220 219 218 216 215 214 212 211 210 208 207 205 203 202 200 198 197 195 193 191 189 187 185 183 180 178 176 173 170 167 164 161 158 154 150
537 534 532 530 528 526 523 520 517 515 511 509 505 503 499 496 492 488 485 480 477 472 467 463 372 368 362 356 350 344 342 341 341 340 339 338 337 242 241 240 239 238 237 236 236 235 234 233 232 231 230 229 228 226 225 224 223 222 221 219 218 217 216 214 213 212 210 209 207 206 204 202 201 199 197 196 194 192 190 188 186 184 182 179 177 174 172 169 166 163 160 156 152 148
535 533 531 529 526 524 522 519 516 513 511 507 504 501 498 494 490 487 483 479 475 471 466 461 457 452 360 355 349 342 341 341 340 339 338 338 337 241 240 239 238 238 237 236 235 234 233 232 231 230 229 228 227 226 225 223 222 221 220 219 217 216 215 213 212 211 209 208 206 205 203 202 200 198 196 195 193 191 189 187 185 183 180 178 176 173 170 168 165 161 158 154 150 146
534 532 530 527 525 522 520 518 514 512 509 506 503 500 496 492 489 485 482 477 474 469 464 460 455 449 445 352 346 342 341 340 339 339 338 337 336 240 240 239 238 237 236 235 234 233 232 231 230 229 228 227 226 225 224 223 222 220 219 218 217 215 214 213 211 210 208 207 205 204 202 201 199 197 196 194 192 190 188 186 184 181 179 177 174 172 169 166 163 160 156 152 148 143
533 531 528 526 523 521 518 516 513 510 507 504 501 498 494 491 487 484 480 476 472 467 463 458 453 448 442 436 431 341 340 339 339 338 337 336 336 240 239 238 237 236 235 234 234 233 232 231 230 229 227 226 225 224 223 222 221 220 218 217 216 215 213 212 210 209 208 206 205 203 201 200 198 196 195 193 191 189 187 185 183 180 178 176 173 170 168 165 161 158 154 150 146 141
531 529 527 524 522 519 517 514 512 508 506 502 500 496 493 489 486 482 479 474 470 466 461 456 451 446 440 435 428 426 340 339 338 337 337 336 240 239 238 237 236 236 235 234 233 232 231 230 229 228 227 226 225 223 222 221 220 219 218 216 215 214 212 211 210 208 207 205 204 202 200 199 197 195 194 192 190 188 186 184 181 179 177 174 172 169 166 163 160 156 153 148 144 138
530 527 525 523 520 518 515 513 510 507 504 501 498 495 491 488 484 481 477 472 468 464 459 454 449 443 438 432 426 426 425 338 337 337 336 335 239 238 238 237 236 235 234 233 232 231 230 229 228 227 226 225 224 223 222 220 219 218 217 215 214 213 212 210 209 207 206 204 203 201 199 198 196 194 192 191 189 187 185 182 180 178 175 173 170 168 165 161 158 154 151 146 141 135
528 526 525 522 520 517 514 511 509 505 503 499 497 493 490 486 482 479 474 471 466 461 457 452 448 442 436 430 426 425 424 424 337 336 335 334 239 238 237 236 235 234 233 232 231 230 229 228 227 226 225 224 223 222 221 220 218 217 216 215 213 212 211 209 208 206 205 203 202 200 199 197 195 193 191 190 188 186 183 181 179 177 174 172 169 166 163 160 156 153 148 144 138 132
527 525 523 520 518 516 512 510 507 505 501 498 495 492 488 484 481 477 473 469 464 460 455 451 445 440 435 428 425 424 424 423 422 335 335 334 238 237 236 235 234 234 233 232 231 230 229 228 227 226 225 223 222 221 220 219 218 216 215 214 213 211 210 208 207 206 204 202 201 199 198 196 194 192 190 188 186 184 182 180 178 175 173 170 167 165 161 158 154 151 146 141 135 128
525 524 521 519 516 514 512 508 506 503 500 497 494 490 486 483 479 476 471 467 463 458 454 449 443 438 432 426 424 424 423 422 421 421 334 238 237 236 236 235 234 233 232 231 230 229 228 227 226 225 224 223 222 220 219 218 217 216 214 213 212 210 209 208 206 205 203 202 200 198 197 195 193 191 189 187 185 183 181 179 176 174 171 169 166 163 160 156 153 148 144 139 132 123
525 522 520 517 515 512 510 506 504 501 498 495 492 488 485 481 478 474 469 466 461 457 452 446 442 436 430 425 424 423 422 422 421 420 419 237 237 236 235 234 233 232 231 230 229 228 227 226 225 224 223 222 221 220 218 217 216 215 214 212 211 209 208 207 205 204 202 201 199 197 196 194 192 190 188 186 184 182 180 178 175 173 170 167 164 161 158 154 151 146 141 136 128 119
523 521 518 516 513 511 508 506 502 500 496 494 490 487 483 480 476 472 468 463 460 455 449 445 439 433 428 424 423 422 422 421 420 419 419 323 236 235 234 233 232 231 230 230 229 228 227 225 224 223 222 221 220 219 218 216 215 214 213 211 210 209 207 206 204 203 201 200 198 196 195 193 191 189 187 185 183 181 179 176 174 171 169 166 163 160 156 153 148 144 139 132 123 108
521 519 517 514 512 509 507 504 501 498 495 492 489 485 482 478 474 470 466 462 457 452 448 443 437 432 425 423 423 422 421 420 419 419 418 322 235 234 233 233 232 231 230 229 228 227 226 225 224 223 221 220 219 218 217 216 214 213 212 210 209 208 206 205 203 202 200 199 197 195 194 192 190 188 186 184 182 180 177 175 173 170 167 164 161 158 154 151 146 141 136 128 119 108
520 517 515 513 510 508 505 503 499 497 493 491 487 484 480 476 473 468 465 460 455 451 446 440 435 429 423 423 422 421 420 420 419 418 322 321 320 234 233 232 231 230 229 228 227 226 225 224 223 222 221 220 218 217 216 215 214 212 211 210 208 207 205 204 202 201 199 198 196 194 193 191 189 187 185 183 181 178 176 174 171 168 166 163 160 156 152 148 144 139 132 124 108 108
518 516 513 511 508 506 504 501 498 495 492 489 485 482 478 475 471 467 463 458 454 449 443 439 433 427 423 422 421 420 420 419 418 417 321 321 320 233 232 231 230 229 228 227 226 225 224 223 222 221 220 219 218 216 215 214 213 211 210 209 207 206 205 203 201 200 198 197 195 193 191 190 188 186 184 182 179 177 175 172 170 167 164 161 158 154 150 146 141 136 128 119 108 108
517 514 513 510 507 504 502 499 496 493 490 487 484 480 477 473 469 465 460 457 452 446 442 436 431 425 422 421 420 420 419 418 417 417 321 320 319 232 231 230 229 228 228 227 226 225 223 222 221 220 219 218 217 216 214 213 212 211 209 208 206 205 204 202 201 199 197 196 194 192 190 189 187 185 183 180 178 176 173 171 168 165 163 159 156 152 148 144 139 132 124 108 108 108
515 514 511 509 506 503 500 498 494 492 488 486 482 479 475 471 467 463 459 454 449 445 440 434 429 423 421 421 420 419 418 417 417 416 320 319 318 231 231 230 229 228 227 226 225 224 223 222 221 219 218 217 216 215 214 212 211 210 208 207 206 204 203 201 200 198 196 195 193 191 189 187 185 183 181 179 177 175 172 170 167 164 161 158 154 150 146 141 136 128 119 108 108 108
514 512 510 507 505 501 499 496 493 490 487 484 481 477 473 469 465 462 457 452 448 443 437 433 426 421 421 420 419 418 418 417 416 320 319 318 318 231 230 229 228 227 226 225 224 223 222 221 220 219 218 216 215 214 213 211 210 209 207 206 205 203 202 200 199 197 195 194 192 190 188 186 184 182 180 178 176 173 171 168 165 162 159 156 152 148 144 138 132 123 108 108 108 108
513 510 508 505 503 500 497 495 491 489 485 481 479 475 472 467 464 459 455 451 446 440 436 430 424 421 420 419 418 418 417 416 415 319 319 318 317 230 229 228 227 226 225 224 223 222 221 220 219 218 217 216 214 213 212 211 209 208 207 205 204 202 201 199 198 196 194 193 191 189 187 185 183 181 179 177 174 172 169 167 164 161 157 154 150 146 141 135 128 119 108 108 108 108
511 509 506 504 501 499 495 493 489 487 483 480 477 474 469 466 462 457 453 448 443 439 433 427 422 420 419 418 418 417 416 415 415 319 318 317 316 229 228 227 226 225 224 223 222 221 220 219 218 217 216 215 213 212 211 210 208 207 206 204 203 201 200 198 197 195 193 192 190 188 186 184 182 180 178 175 173 170 168 165 162 159 156 152 148 143 138 132 123 108 108 108 108 108
