testData/tiles/oneDegreeCosts/grid7.0-12.0-8.0-13.0.asc
ncols   200
nrows   200
xllcorner   7.0
yllcorner   12.0
cellsize   0.005
NODATA_value   -9999.0
[rows 42 to 83 of 200, columns 0 to 93 of 200]
458 458 458 459 459 459 459 459 459 487 487 487 487 487 487 487 487 487 487 488 488 488 488 488 488 488 488 488 488 488 488 488 488 488 488 488 488 501 501 501 682 682 682 683 683 683 684 684 684 685 685 685 685 686 686 686 686 687 687 687 687 687 689 689 689 690 690 690 692 692 692 693 694 695 697 698 699 700 701 701 703 704 704 706 707 708 703 703 705 705 705 706 707 708
458 458 458 458 459 459 459 459 487 487 487 487 487 487 487 487 487 487 487 487 488 488 488 488 488 488 488 488 488 488 488 488 488 488 488 501 501 501 501 501 682 682 683 683 683 684 684 684 684 685 685 685 686 686 686 686 687 687 687 687 687 688 688 689 689 689 690 691 691 692 692 694 694 696 698 698 699 701 701 702 703 704 706 707 708 708 703 704 704 705 705 706 707 708
458 458 458 458 459 459 459 459 487 487 487 487 487 487 487 487 487 487 487 487 488 488 488 488 488 488 488 488 488 488 488 488 488 501 501 501 501 501 501 682 682 682 683 683 683 684 684 684 685 685 685 685 686 686 686 686 687 687 687 687 688 688 688 689 689 689 691 691 691 692 692 693 696 696 697 699 699 700 702 702 703 705 706 707 708 709 703 704 704 704 706 706 707 708
458 458 458 458 459 459 459 459 487 487 487 487 487 487 487 487 487 487 487 487 487 488 488 488 488 488 488 488 488 488 488 501 501 501 501 501 501 501 501 501 682 683 683 683 684 684 684 685 685 685 685 686 686 686 686 687 687 687 687 687 688 688 688 688 689 690 690 691 691 691 693 694 695 697 697 699 700 700 702 703 704 706 706 707 708 709 703 704 704 704 706 706 707 710
458 458 458 458 458 459 459 487 487 487 487 487 487 487 487 487 487 487 487 487 487 487 488 488 488 488 488 488 488 501 501 501 501 501 501 501 501 501 501 501 683 683 683 684 684 684 684 685 685 685 686 686 686 686 687 687 687 687 687 688 688 688 688 688 690 690 690 691 691 691 694 695 695 697 698 698 700 701 702 704 704 705 707 707 708 709 703 703 704 705 706 708 708 709
458 458 458 458 458 459 459 487 487 487 487 487 487 487 487 487 487 487 487 487 487 487 488 488 488 488 488 488 501 501 501 501 501 501 501 501 501 501 501 501 683 683 683 684 684 684 685 685 685 685 686 686 686 686 687 687 687 687 688 688 688 688 688 689 689 690 690 690 691 693 693 695 696 696 698 699 699 702 702 704 705 705 707 707 708 710 710 703 705 706 706 708 709 709
458 458 458 458 458 458 459 487 487 487 487 487 487 487 487 487 487 487 487 487 487 487 487 488 488 488 501 501 501 501 501 501 501 501 501 501 501 501 501 502 683 683 684 684 684 684 685 685 685 686 686 686 686 687 687 687 687 688 688 688 688 688 689 689 689 690 690 690 692 693 694 695 696 697 698 700 700 702 703 703 705 706 706 708 708 709 710 704 705 706 707 707 709 709
458 458 458 458 458 458 486 487 487 487 487 487 487 487 487 487 487 487 487 487 487 487 487 487 501 501 501 501 501 501 501 501 501 501 501 501 501 501 501 502 683 683 684 684 684 685 685 685 686 686 686 686 687 687 687 687 687 688 688 688 688 689 689 689 689 689 690 691 692 693 694 695 696 697 698 700 701 701 703 704 704 706 706 708 710 709 711 704 705 706 707 707 709 710
436 458 458 458 458 458 486 487 487 487 487 487 487 487 487 487 487 487 487 487 487 487 500 500 500 501 501 501 501 501 501 501 501 501 501 501 501 501 502 502 683 684 684 684 685 685 685 685 686 686 686 686 687 687 687 687 688 688 688 688 688 689 689 689 689 689 691 691 692 694 694 695 696 698 699 700 701 702 703 704 704 706 708 708 709 709 710 704 705 706 707 708 708 710
436 458 458 458 458 486 486 486 487 487 487 487 487 487 487 487 487 487 487 487 500 500 500 500 500 500 500 501 501 501 501 501 501 501 501 501 501 501 502 502 683 684 684 684 685 685 685 686 686 686 686 687 687 687 687 688 688 688 688 688 689 689 689 689 689 690 690 691 692 693 694 695 697 698 699 700 701 702 702 704 705 706 707 707 708 710 710 704 705 706 706 708 708 709
436 458 458 458 458 486 486 486 486 487 487 487 487 487 487 487 487 487 487 500 500 500 500 500 500 500 500 500 501 501 501 501 501 501 501 501 501 502 502 502 684 684 684 685 685 685 685 686 686 686 687 687 687 687 687 688 688 688 688 689 689 689 689 689 689 690 690 692 692 693 695 696 697 699 699 700 701 702 703 705 706 706 707 708 708 710 710 704 705 706 707 708 709 710
436 436 458 458 458 486 486 486 486 486 487 487 487 487 487 487 487 500 500 500 500 500 500 500 500 500 500 500 500 500 501 501 501 501 501 501 501 502 502 502 684 684 684 685 685 685 686 686 686 686 687 687 687 687 688 688 688 688 689 689 689 689 689 689 690 690 690 691 692 693 695 696 697 698 699 700 701 702 704 704 705 706 706 708 708 709 710 711 705 706 708 708 710 710
436 436 458 458 486 486 486 486 486 486 486 487 487 487 487 500 500 500 500 500 500 500 500 500 500 500 500 500 500 500 500 501 501 501 501 501 502 502 502 503 684 684 685 685 685 685 686 686 686 687 687 687 687 688 688 688 688 688 689 689 689 689 689 690 690 690 690 691 692 694 695 696 697 698 699 700 701 703 703 704 705 706 706 708 708 709 711 711 706 707 708 708 710 710
436 436 436 458 486 486 486 486 486 486 486 486 487 500 500 500 500 500 500 500 500 500 500 500 500 500 500 500 500 500 500 500 500 501 501 501 502 502 502 503 684 684 685 685 685 686 686 686 686 687 687 687 687 688 688 688 688 689 689 689 689 689 690 690 690 690 690 691 693 694 695 696 697 698 699 701 701 701 703 704 704 706 706 707 709 709 711 712 706 706 708 709 709 711
436 436 436 458 486 486 486 486 486 486 486 486 499 500 500 500 500 500 500 500 500 500 500 500 500 500 500 500 500 500 500 500 500 500 500 501 502 502 503 503 684 685 685 685 686 686 686 686 687 687 687 687 688 688 688 688 689 689 689 689 689 690 690 690 690 690 691 692 693 694 695 696 696 697 699 699 701 702 702 704 704 705 707 707 709 710 711 711 706 707 707 709 709 710
436 436 436 464 486 486 486 486 486 486 499 499 499 499 500 500 500 500 500 500 500 500 500 500 500 500 500 500 500 500 500 500 500 500 500 501 501 501 503 503 684 685 685 685 686 686 686 687 687 687 687 688 688 688 688 688 689 689 689 689 690 690 690 690 690 690 692 692 693 694 695 695 696 698 699 699 701 702 702 704 704 705 707 708 709 710 711 711 706 707 707 709 709 710
436 436 436 464 486 486 486 486 499 499 499 499 499 499 499 500 500 500 500 500 500 500 500 500 500 500 500 500 500 500 500 500 500 500 501 501 501 502 502 502 684 684 685 686 686 686 686 687 687 687 687 688 688 688 688 689 689 689 689 689 690 690 690 690 690 691 692 692 692 693 693 695 697 697 699 700 700 702 702 703 705 706 707 708 709 709 711 712 706 707 707 708 709 710
435 436 436 464 464 486 486 499 499 499 499 499 499 499 499 499 499 500 500 500 500 500 500 500 500 500 500 500 500 500 500 500 500 500 501 501 501 502 502 502 684 684 684 685 685 685 686 687 687 687 688 688 688 688 689 689 689 689 689 690 690 690 689 689 689 690 691 692 692 693 693 696 697 697 699 700 700 702 702 703 706 706 707 708 709 710 711 712 706 707 707 708 708 709
435 435 464 464 464 499 499 499 499 499 499 499 499 499 499 499 499 499 500 500 500 500 500 500 500 500 500 500 500 500 500 500 500 501 501 501 502 502 502 503 684 684 685 685 685 685 686 686 686 687 687 687 687 687 688 688 688 688 689 689 689 689 689 689 690 690 691 692 692 693 695 695 697 697 698 700 700 701 703 704 705 706 707 707 709 710 710 712 712 707 707 707 708 710
435 435 463 463 477 477 499 499 499 499 499 499 499 499 499 499 499 499 499 499 500 500 500 500 500 500 500 500 500 500 500 500 500 501 501 501 502 502 502 503 684 684 685 685 685 686 686 686 686 687 687 687 687 688 688 688 688 688 689 689 689 689 689 690 690 690 691 692 692 694 695 695 696 697 698 699 700 702 703 704 705 706 707 707 709 710 710 711 712 707 707 709 709 710
435 435 476 476 476 477 499 499 499 499 499 499 499 499 499 499 499 499 499 499 499 500 500 500 500 500 500 500 500 500 500 500 500 501 501 502 502 502 503 503 684 685 685 685 685 686 686 686 687 687 687 687 688 688 688 688 688 689 689 689 689 689 690 690 690 690 691 692 693 694 695 695 696 697 698 699 701 702 702 704 705 705 707 707 708 710 710 712 712 707 707 709 709 710
448 448 476 476 476 476 477 499 499 499 499 499 499 499 499 499 499 499 499 499 499 499 499 500 500 500 500 500 500 500 500 500 501 501 501 502 502 502 503 503 503 685 685 685 686 686 686 686 687 687 687 687 688 688 688 688 689 689 689 689 689 690 690 690 690 690 691 693 693 694 695 695 696 696 698 700 700 702 702 703 705 705 706 707 708 710 711 712 712 707 707 708 709 710
448 476 476 476 476 476 476 499 499 499 499 499 499 499 499 499 499 499 499 499 499 499 499 499 499 500 500 500 500 500 500 500 501 501 502 502 502 503 503 503 504 685 685 686 686 686 686 687 687 687 687 688 688 688 688 689 689 689 689 689 689 690 690 690 690 690 692 693 693 694 695 695 696 696 699 700 700 702 702 703 705 705 706 707 709 710 711 712 712 707 707 709 710 711
448 476 476 476 476 476 476 476 498 499 499 499 499 499 499 499 499 499 499 499 499 499 499 499 499 499 499 499 500 500 500 501 501 501 502 502 502 503 503 503 504 685 685 686 686 686 687 687 687 687 688 688 688 688 688 689 689 689 689 689 690 690 690 690 690 690 692 693 693 694 694 695 696 697 698 700 700 701 702 703 704 705 707 707 709 710 710 712 712 707 708 709 709 711
448 476 476 476 476 476 476 476 498 498 499 499 499 499 499 499 499 499 499 499 499 499 499 499 499 499 499 499 499 499 500 501 501 502 502 502 503 503 503 504 504 685 686 686 686 686 687 687 687 687 688 688 688 688 689 689 689 689 689 690 690 690 690 690 690 691 692 692 693 694 694 695 697 697 698 700 700 701 702 703 704 706 707 707 708 709 711 712 713 707 707 709 709 710
476 476 476 476 476 476 476 476 476 498 498 498 499 499 499 499 499 499 499 499 499 499 499 499 499 499 499 499 499 499 500 500 500 502 502 502 503 503 503 504 504 685 686 686 686 687 687 687 687 688 688 688 688 688 689 689 689 689 690 690 690 690 690 690 691 691 692 692 693 694 694 696 697 697 698 698 699 701 701 704 704 705 707 707 709 710 711 711 713 707 707 709 710 711
476 476 476 476 476 476 476 476 476 498 498 498 498 499 499 499 499 499 499 499 499 499 499 499 499 499 499 499 499 499 500 500 501 501 501 502 502 503 504 504 504 686 686 686 686 687 687 687 687 688 688 688 688 689 689 689 689 689 690 690 690 690 690 691 691 691 692 692 693 694 695 696 696 696 697 698 699 701 702 703 704 705 707 708 709 709 711 711 712 708 708 709 711 712
476 476 476 476 476 476 476 476 476 476 498 498 498 498 498 499 499 499 499 499 499 499 499 499 499 499 499 499 499 500 500 500 501 501 501 502 502 502 503 503 503 685 686 686 687 687 687 687 688 688 688 688 689 689 689 689 689 690 690 690 690 690 691 691 691 691 691 691 692 693 694 695 696 697 698 698 699 701 702 704 705 706 706 708 709 709 711 712 713 715 709 710 710 712
477 476 476 476 476 476 476 476 476 476 498 498 498 498 498 498 498 499 499 499 499 499 499 499 499 499 499 499 499 500 500 500 501 501 502 502 502 503 503 503 504 685 685 685 686 686 686 686 687 687 687 688 689 689 689 689 690 690 689 689 689 689 690 690 690 690 690 691 693 693 695 696 696 697 697 698 700 701 703 704 704 706 706 707 709 710 711 713 714 714 709 709 710 711
477 477 477 476 476 476 476 476 476 476 476 498 498 498 498 498 498 498 498 499 499 499 499 499 499 499 499 499 499 500 500 501 501 501 502 502 502 503 503 503 504 504 685 686 686 686 686 687 687 687 687 688 688 688 688 688 689 689 689 689 689 690 690 690 690 690 690 692 693 694 695 695 696 697 697 700 701 701 702 703 704 705 707 708 708 711 711 712 714 715 708 709 710 710
477 477 477 477 477 476 476 476 476 476 476 498 498 498 498 498 498 498 498 498 498 498 499 499 499 499 499 499 500 500 500 501 501 502 502 502 503 503 503 504 504 504 685 686 686 686 687 687 687 687 688 688 688 688 688 689 689 689 689 689 690 690 690 690 690 690 692 693 693 694 695 695 696 698 699 700 700 701 702 704 705 705 707 708 709 711 711 712 713 714 708 709 710 710
477 477 477 477 477 477 476 476 476 476 476 476 498 498 498 498 498 498 498 498 498 498 498 498 499 499 499 499 500 500 501 501 501 502 502 502 503 503 503 504 504 504 686 686 686 686 687 687 687 687 688 688 688 688 689 689 689 689 689 690 690 690 690 690 691 692 692 692 693 694 695 696 697 698 699 700 700 702 702 703 705 705 707 708 710 710 711 712 712 714 708 708 710 711
477 477 477 477 477 477 477 477 476 476 476 476 498 498 498 498 498 498 498 498 498 498 498 498 498 498 498 500 500 500 501 501 502 502 502 503 503 503 504 504 504 504 686 686 686 687 687 687 687 688 688 688 688 688 689 689 689 689 689 690 690 690 691 691 691 692 692 692 694 695 695 696 697 698 699 700 701 702 702 703 704 706 707 708 709 709 710 711 712 714 708 709 709 711
477 477 477 477 477 477 477 477 477 476 476 476 476 498 498 498 498 498 498 498 498 498 498 498 498 498 498 499 499 500 500 501 502 502 502 503 503 503 504 504 504 505 686 686 686 687 687 687 687 688 688 688 688 689 689 689 689 689 690 690 691 691 691 691 692 692 693 693 694 694 695 697 697 699 699 700 701 701 701 702 704 706 706 707 709 709 710 712 713 713 708 708 709 711
477 477 477 477 477 477 477 477 477 477 477 476 476 498 498 498 498 498 498 498 498 498 498 498 498 498 498 499 499 500 500 500 501 501 502 503 503 504 504 504 504 505 686 686 687 687 687 687 688 688 688 688 688 689 689 689 689 690 691 691 691 691 691 692 693 693 693 693 693 694 696 697 698 699 698 699 699 701 703 703 704 705 706 707 707 710 710 711 713 713 708 708 710 711
477 477 477 477 477 477 477 477 477 477 477 477 476 476 497 498 498 498 498 498 498 498 498 498 498 498 499 499 499 500 500 501 501 501 502 502 502 503 503 503 505 505 505 686 687 687 687 687 688 688 688 688 689 689 689 689 690 691 691 691 691 691 693 693 693 693 693 693 694 695 695 696 697 697 698 700 700 702 702 703 704 704 707 707 708 710 710 711 711 714 708 709 711 711
476 476 477 477 477 477 477 477 477 477 477 477 477 477 497 497 497 498 498 498 498 498 498 498 498 498 499 499 500 500 500 501 501 501 502 502 502 503 503 503 504 504 504 686 686 686 686 687 687 688 688 689 689 689 690 690 691 691 691 691 691 692 692 692 692 692 693 693 694 694 695 696 696 698 699 699 701 702 702 703 704 705 706 707 708 708 710 711 713 715 708 709 709 710
476 476 476 476 477 477 477 477 477 477 477 477 477 477 477 497 497 497 497 497 498 498 498 498 498 499 499 499 500 500 501 501 501 502 502 502 503 503 503 504 504 504 504 686 686 686 686 687 687 687 687 688 689 689 689 690 690 690 691 691 691 692 692 692 693 693 693 694 694 694 695 696 697 698 698 700 701 701 703 703 704 705 705 706 707 709 711 712 713 712 708 708 709 711
476 476 476 476 476 476 477 477 477 477 477 477 477 477 477 499 499 497 497 497 497 497 497 498 498 499 499 500 500 500 501 501 501 502 502 502 503 503 503 504 504 504 505 686 686 686 687 687 687 687 689 689 689 689 689 690 691 691 691 691 692 692 693 693 693 693 694 694 694 695 695 696 697 697 699 701 701 702 703 703 704 704 706 707 708 710 709 711 711 712 714 708 709 709
476 476 476 476 476 476 476 476 477 477 477 477 477 477 477 477 499 499 497 497 497 497 497 497 497 498 499 500 500 500 501 501 502 502 502 503 503 503 504 504 504 504 505 686 686 687 687 687 688 688 689 689 689 689 691 691 691 691 691 692 693 693 693 693 693 694 694 695 695 695 695 696 696 699 700 700 701 702 702 703 704 705 706 706 707 708 709 711 712 713 713 708 708 709
476 476 476 476 476 476 476 476 476 476 477 477 477 477 477 477 499 499 499 497 497 497 497 497 498 498 498 499 499 500 501 501 502 502 502 503 503 503 504 504 504 505 505 505 686 687 688 688 688 689 689 689 690 690 691 691 691 691 692 693 693 693 693 693 693 695 695 695 695 695 695 696 698 699 699 700 701 701 703 702 703 704 705 706 706 708 710 710 711 712 713 707 709 710
476 476 476 476 476 476 476 476 476 476 476 476 477 477 477 477 477 499 499 499 499 497 497 497 498 498 499 499 499 500 500 501 501 501 503 503 503 504 504 504 504 505 505 505 688 688 688 688 689 689 690 690 690 691 691 691 692 692 693 693 693 693 693 694 695 695 695 695 695 696 696 697 698 698 699 699 700 701 701 702 704 704 705 706 707 708 709 710 710 712 714 707 708 709
