testData/tiles/oneDegreeCosts/grid40.0-39.0-41.0-40.0.asc
ncols   200
nrows   200
xllcorner   40.0
yllcorner   39.0
cellsize   0.005
NODATA_value   -9999.0
[rows 42 to 83 of 200, columns 0 to 93 of 200]
975 975 974 974 973 974 973 973 973 972 972 972 970 970 970 970 969 969 969 968 968 968 968 968 968 968 968 968 968 968 968 968 968 968 968 968 968 968 968 968 968 968 968 968 968 968 968 968 968 968 968 968 1156 1157 1156 1155 1155 1155 1154 1155 1153 1154 1153 1151 1152 1150 1150 1149 1149 1148 1084 1083 1083 1082 1080 1080 1034 1034 1033 1032 1032 1030 1030 1030 1029 1029 1029 1029 1149 1149 1148 1148 1147 1146
976 976 975 975 975 974 974 973 973 972 972 972 972 972 972 970 970 970 969 969 969 968 968 968 968 968 968 968 968 968 968 968 968 968 968 968 968 968 968 968 968 968 968 968 968 968 968 968 968 968 968 968 968 1157 1157 1158 1157 1156 1156 1155 1155 1155 1153 1154 1153 1152 1153 1150 1150 1150 1085 1083 1084 1083 1082 1037 1035 1035 1034 1033 1033 1032 1031 1031 1031 1030 1029 1029 1029 1029 1150 1149 1148 1148
978 977 977 976 976 975 975 975 974 974 973 972 972 972 972 971 971 971 969 969 969 968 968 968 968 968 968 968 968 968 968 968 968 968 968 968 968 968 968 968 968 968 968 968 968 968 968 968 968 968 968 968 968 1158 1158 1158 1158 1158 1157 1157 1156 1156 1156 1155 1154 1154 1153 1152 1151 1150 1087 1086 1086 1039 1038 1038 1037 1037 1035 1035 1035 1034 1034 1032 1031 1031 1031 1029 1029 1029 1028 1028 1028 1149
977 977 977 977 977 977 976 976 975 975 975 974 974 973 972 972 972 971 971 971 969 969 969 968 968 968 968 968 968 968 968 968 968 968 968 968 968 968 968 968 968 968 968 968 968 968 968 968 968 968 968 968 968 968 1160 1159 1159 1158 1159 1158 1157 1157 1157 1156 1156 1154 1155 1153 1153 1153 1088 1087 1042 1040 1039 1039 1038 1038 1038 1036 1036 1035 1035 1034 1033 1033 1032 1032 1030 1029 1028 1029 1028 1027
979 978 978 977 977 977 977 976 976 975 974 974 975 975 974 974 973 972 972 972 971 971 971 969 969 969 968 968 968 968 968 968 968 968 968 968 968 968 968 968 968 968 968 968 968 968 968 968 968 968 968 968 968 968 968 1161 1161 1160 1160 1158 1159 1158 1158 1157 1157 1157 1156 1154 1155 1154 1153 1043 1042 1041 1041 1041 1040 1040 1038 1038 1038 1036 1036 1036 1035 1035 1033 1032 1032 1032 1030 1030 1028 1028
980 980 980 979 978 978 977 977 977 977 976 976 975 974 974 974 973 973 973 972 971 971 971 970 970 968 968 968 968 968 968 968 968 968 968 968 968 968 968 968 968 968 968 968 968 968 968 968 968 968 968 968 968 968 968 1161 1162 1161 1162 1160 1160 1160 1160 1159 1159 1158 1156 1156 1156 1109 1109 1044 1044 1044 1042 1041 1041 1041 1039 1040 1039 1038 1039 1036 1035 1036 1035 1034 1034 1033 1032 1031 1030 1029
980 980 979 979 979 980 979 978 978 977 977 977 977 976 976 975 974 974 974 973 973 973 971 971 971 970 970 970 968 968 968 968 968 968 968 968 968 968 968 968 968 968 968 968 968 968 968 968 968 968 968 968 968 968 968 968 1163 1163 1163 1162 1163 1161 1160 1160 1160 1159 1158 1157 1111 1111 1111 1046 1045 1044 1044 1043 1042 1043 1042 1042 1040 1039 1039 1038 1038 1037 1036 1037 1035 1033 1034 1033 1032 1032
982 981 981 980 980 979 979 979 979 978 977 977 977 977 977 976 976 975 974 974 974 974 973 973 972 971 971 970 970 970 968 969 969 969 969 969 968 968 968 968 968 968 968 968 968 968 968 968 968 968 968 968 968 968 968 968 968 1165 1163 1163 1163 1162 1163 1161 1162 1161 1160 1114 1113 1111 1112 1047 1046 1046 1045 1045 1045 1044 1042 1043 1042 1040 1041 1040 1040 1038 1037 1037 1036 1036 1035 1034 1033 1033
982 982 982 982 981 981 980 980 979 979 979 978 978 977 977 976 976 976 975 975 974 973 973 973 972 972 972 970 970 970 970 970 971 969 969 969 969 970 968 968 968 968 969 968 968 968 968 968 968 968 968 968 968 968 968 968 968 968 1166 1165 1164 1164 1164 1164 1164 1115 1115 1114 1114 1113 1113 1112 1048 1048 1046 1046 1045 1045 1045 1044 1043 1043 1043 1040 1041 1040 1039 1038 1038 1036 1036 1036 1034 1034
983 982 982 981 981 981 982 981 981 980 980 979 979 979 978 978 977 976 976 976 975 975 975 973 973 973 972 972 972 971 971 972 971 971 972 970 971 970 970 971 970 970 970 969 970 969 969 968 968 968 968 968 968 968 968 968 968 968 1167 1167 1167 1165 1165 1164 1118 1118 1116 1115 1116 1115 1115 1114 1048 1048 1048 1048 1046 1047 1046 1046 1044 1043 1043 1043 1043 1041 1041 1040 1039 1037 1038 1037 1036 1035
984 984 984 983 982 982 981 981 981 981 980 980 979 978 978 978 979 978 978 977 976 976 976 975 975 974 973 973 974 973 974 973 972 973 972 973 973 970 971 971 971 971 970 970 970 970 970 969 969 968 969 969 968 968 968 968 968 968 968 1167 1167 1167 1166 1120 1120 1118 1118 1118 1115 1115 1115 1115 1050 1050 1049 1049 1049 1047 1046 1046 1046 1045 1045 1044 1043 1043 1041 1041 1041 1040 1039 1037 1037 1037
984 984 984 984 984 983 983 982 982 981 981 981 980 980 980 979 978 978 978 977 977 976 975 975 975 974 974 975 974 974 974 973 974 974 973 973 973 973 973 972 972 972 972 972 972 971 971 971 971 971 970 969 969 969 968 968 968 968 968 968 1168 1122 1122 1122 1120 1118 1118 1118 1117 1118 1116 1116 1052 1052 1049 1050 1049 1049 1049 1047 1047 1047 1046 1044 1044 1044 1043 1044 1042 1040 1041 1040 1038 1038
986 985 985 984 984 983 983 983 982 983 982 982 981 981 981 980 980 979 978 978 978 978 977 977 976 975 976 976 976 976 974 975 975 975 975 975 974 974 975 974 974 973 973 974 972 972 972 971 972 971 971 971 970 969 970 970 970 969 968 969 928 1123 1122 1122 1121 1121 1120 1119 1119 1119 1118 1117 1116 1052 1052 1052 1050 1050 1050 1048 1048 1047 1047 1047 1046 1045 1044 1044 1043 1042 1042 1041 1040 1039
986 986 986 986 985 985 984 983 983 983 983 982 982 981 980 980 980 980 979 979 978 977 977 977 976 978 977 976 976 976 976 976 976 975 975 975 975 976 974 974 975 974 975 973 973 974 973 974 973 972 973 972 972 972 971 970 970 969 928 928 928 928 1124 1124 1123 1122 1121 1121 1119 1120 1119 1119 1119 1054 1053 1054 1052 1051 1050 1050 1050 1049 1049 1048 1046 1047 1045 1045 1045 1044 1042 1042 1041 1041
987 986 986 986 986 986 985 985 985 984 983 983 983 983 982 982 981 980 980 980 979 979 978 977 978 978 977 978 978 977 977 978 977 977 977 976 977 977 976 977 975 976 976 975 976 975 975 975 974 974 973 972 973 972 973 972 971 928 928 928 928 928 928 1125 1123 1122 1122 1122 1122 1122 1120 1121 1120 1054 1055 1053 1053 1053 1053 1051 1051 1050 1050 1048 1048 1048 1047 1048 1045 1044 1045 1044 1042 1042
988 988 987 987 986 985 985 985 985 984 984 984 983 983 983 983 982 982 981 980 980 980 980 980 980 979 979 979 980 979 980 979 978 979 978 979 979 977 978 978 977 977 976 976 976 976 976 975 975 975 974 975 974 974 973 928 928 928 928 928 928 928 928 928 1125 1124 1124 1123 1123 1122 1122 1121 1120 1056 1056 1055 1055 1054 1053 1053 1053 1051 1050 1051 1050 1048 1048 1047 1047 1046 1046 1044 1044 1043
989 988 988 988 987 987 987 986 985 985 985 985 984 984 983 982 982 982 982 981 981 980 980 980 980 980 980 980 979 979 980 979 980 979 979 979 979 979 979 978 978 978 978 978 977 977 977 977 977 975 976 976 976 975 928 928 928 928 928 928 928 928 928 928 928 1124 1125 1124 1124 1123 1123 1122 1123 1121 1056 1056 1056 1055 1055 1054 1053 1053 1051 1051 1050 1051 1049 1048 1049 1047 1047 1046 1045 1045
989 989 989 987 987 987 987 987 987 987 986 985 985 985 984 984 984 983 982 982 982 981 982 981 981 981 982 981 981 982 980 981 981 980 981 980 980 980 981 980 980 979 979 979 979 979 977 977 977 977 977 976 930 930 930 930 928 929 928 928 928 928 928 928 928 928 1126 1125 1126 1125 1124 1123 1123 1122 1059 1057 1057 1057 1056 1054 1054 1054 1053 1053 1052 1052 1050 1050 1049 1048 1049 1048 1046 1045
990 990 989 989 989 989 987 987 987 987 986 986 986 984 984 984 984 983 983 983 982 983 983 983 983 984 982 982 983 982 983 983 981 981 981 981 981 980 980 980 981 980 980 979 979 980 979 979 978 978 979 932 932 931 931 930 930 930 928 929 928 929 928 928 928 928 928 928 1125 1125 1125 1125 1123 1124 1059 1059 1058 1057 1056 1057 1056 1055 1054 1055 1053 1052 1052 1051 1051 1050 1048 1048 1048 1047
991 989 989 989 990 989 989 989 989 987 987 987 986 986 986 986 984 984 984 983 984 984 984 983 983 984 983 984 983 983 983 983 983 983 983 982 982 982 982 983 981 981 982 981 982 980 980 981 980 933 932 932 933 932 932 931 931 930 931 931 929 930 929 928 928 928 928 928 928 1127 1126 1126 1126 1125 1059 1060 1059 1059 1058 1058 1057 1056 1055 1054 1054 1054 1054 1052 1052 1051 1050 1050 1049 1048
991 991 991 991 989 989 989 989 988 988 988 986 986 987 987 986 986 986 984 985 985 985 985 985 985 984 985 985 984 985 984 984 984 985 984 984 984 983 984 983 982 983 982 982 982 981 982 980 935 935 934 935 933 933 933 933 933 932 931 931 931 930 930 928 928 929 928 928 928 928 1127 1127 1126 1126 1126 1061 1060 1060 1059 1058 1058 1057 1057 1056 1056 1054 1054 1054 1052 1052 1052 1051 1049 1048
991 992 992 991 991 991 991 989 989 989 988 988 988 988 986 986 986 986 986 986 986 985 985 986 985 986 986 985 985 985 985 985 985 984 984 985 984 985 984 983 984 983 983 984 982 983 937 937 937 935 936 936 934 935 933 933 933 933 933 932 932 932 931 929 930 928 928 928 928 928 928 928 1127 1127 1126 1061 1062 1060 1060 1060 1060 1058 1057 1057 1057 1055 1055 1055 1054 1053 1052 1052 1051 1051
993 992 992 991 991 990 990 990 990 990 989 989 989 988 988 988 987 986 987 987 987 987 988 986 986 987 986 987 987 986 986 986 986 986 987 985 985 986 985 986 985 984 985 984 938 938 937 937 937 936 937 936 936 935 935 936 934 934 934 934 932 932 931 931 931 929 930 929 929 929 928 928 928 1128 1127 1063 1063 1062 1062 1060 1060 1059 1060 1058 1057 1058 1056 1055 1055 1055 1054 1052 1052 1051
993 993 993 993 992 992 991 991 990 990 990 990 989 988 988 987 987 988 988 987 987 988 987 987 988 987 987 987 987 987 987 986 986 987 986 986 987 986 986 986 985 986 985 939 939 938 939 938 937 938 937 938 937 936 936 935 935 935 934 934 934 934 931 932 931 932 930 929 930 929 929 928 928 928 928 1064 1063 1062 1063 1062 1060 1061 1060 1059 1058 1058 1057 1058 1056 1055 1055 1054 1053 1052
994 993 993 992 992 992 993 992 992 991 991 990 990 990 989 988 989 989 989 989 989 989 988 989 988 989 989 989 988 988 989 988 988 988 987 988 987 988 988 986 987 941 941 941 940 940 940 938 939 938 938 938 937 938 937 936 937 936 936 935 935 934 933 933 932 932 931 932 930 930 930 930 928 928 927 864 864 1064 1063 1063 1062 1061 1060 1061 1060 1059 1059 1057 1057 1057 1056 1055 1055 1054
995 995 994 994 993 993 992 992 992 991 991 990 990 989 989 990 990 990 990 990 990 990 991 990 989 990 990 990 990 991 989 989 990 989 990 990 987 988 987 942 942 941 941 941 941 941 940 940 940 939 940 939 939 939 938 939 936 936 937 936 936 934 934 933 934 933 932 933 931 931 930 930 929 930 928 928 864 864 1064 1064 1063 1063 1063 1061 1060 1060 1060 1058 1059 1058 1057 1055 1055 1055
994 994 994 995 994 994 994 993 992 992 992 992 991 991 990 991 990 991 991 991 990 991 990 990 991 991 990 990 990 990 990 991 990 990 990 990 990 990 943 943 942 943 943 941 942 942 942 942 940 941 940 939 940 939 939 939 938 939 937 937 937 936 935 934 934 933 934 932 932 932 932 930 931 929 929 929 864 864 864 864 1064 1063 1063 1062 1062 1061 1061 1060 1059 1058 1057 1058 1056 1056
996 996 996 994 994 994 994 993 993 993 992 991 991 992 992 992 992 992 992 992 992 992 992 992 992 992 992 992 992 991 992 991 991 992 990 991 945 945 945 945 943 943 943 943 943 942 942 942 942 942 940 941 941 941 941 939 940 940 938 938 936 936 936 936 934 935 935 934 935 932 932 932 932 930 931 930 866 864 864 864 864 863 863 1064 1063 1062 1061 1061 1060 1060 1059 1058 1057 1057
996 997 996 996 996 996 994 994 994 993 993 993 992 992 992 993 993 992 993 992 992 992 993 993 992 992 992 992 992 993 992 991 992 991 946 946 945 945 945 945 945 945 944 944 943 944 944 943 943 943 943 943 941 941 941 941 940 940 940 939 938 938 937 937 936 936 935 935 934 934 933 933 933 933 931 930 867 866 866 865 864 863 863 862 862 1063 1063 1062 1060 1061 1060 1058 1059 1058
997 996 996 996 995 995 995 995 993 993 994 994 994 994 994 994 993 994 994 994 994 993 994 993 994 994 994 993 993 993 993 994 947 947 947 946 947 947 945 946 946 946 946 944 944 944 944 944 944 943 943 943 943 942 941 942 941 942 941 939 939 938 938 937 937 937 937 936 935 935 934 934 933 933 932 933 867 867 866 866 864 865 864 864 862 862 862 862 1062 1061 1061 1060 1059 1058
998 998 998 997 996 996 996 995 995 995 995 994 994 994 994 994 995 995 994 994 994 994 994 995 994 994 994 994 994 993 994 947 947 948 947 947 947 947 947 947 946 946 946 946 946 944 945 945 945 945 944 944 944 942 943 942 941 942 941 941 939 939 940 939 938 937 937 936 937 935 935 935 935 934 933 933 932 868 867 867 866 867 864 864 864 863 862 862 861 860 860 860 1061 1060
998 997 997 997 997 996 996 995 996 995 995 996 996 996 995 995 996 995 996 996 995 995 996 996 995 996 995 995 995 949 949 949 949 948 948 949 948 948 948 947 948 948 947 947 947 946 946 945 945 945 945 945 944 944 944 943 944 942 941 942 940 940 939 939 939 939 938 938 938 937 936 935 935 935 935 933 934 869 868 867 867 866 866 865 865 863 864 862 862 862 861 860 859 859
999 999 999 998 997 997 997 997 996 996 996 996 996 996 996 996 996 996 996 996 996 996 996 996 996 996 995 950 949 949 949 950 949 949 949 949 949 949 948 948 948 948 948 948 947 947 946 947 947 946 946 946 946 946 944 944 944 943 943 941 941 941 941 940 940 940 939 939 938 938 937 937 935 936 936 934 934 869 869 869 868 867 867 866 865 865 864 864 862 862 861 861 860 860
999 999 998 998 998 997 997 997 997 997 997 997 997 997 997 997 997 998 997 997 997 997 997 998 998 951 951 951 951 951 950 950 950 951 950 950 950 949 950 950 949 949 949 949 949 949 947 947 947 947 947 946 946 946 946 946 944 944 943 943 943 941 941 941 941 940 940 940 939 939 938 937 937 936 936 936 935 871 870 869 868 869 867 867 867 867 864 864 864 864 862 862 861 860
1001 999 999 999 999 998 998 998 997 997 997 998 998 997 998 997 997 997 998 998 998 997 997 952 952 952 952 951 951 951 951 951 951 950 950 951 950 950 950 950 950 950 949 949 949 949 949 948 948 948 947 948 948 947 947 946 946 944 943 944 943 943 942 942 942 942 940 940 940 939 939 938 938 937 938 936 935 872 871 870 870 870 868 867 867 866 866 865 865 864 864 862 862 861
1000 1000 1000 999 998 998 999 998 998 999 999 998 998 999 999 999 999 998 999 998 999 953 953 952 952 953 952 953 953 952 952 952 952 952 952 951 951 952 951 952 951 950 951 951 950 950 949 949 949 948 948 948 948 948 946 946 946 945 946 944 944 944 943 942 942 942 941 942 940 940 941 939 938 938 938 937 937 872 872 871 870 869 869 869 869 867 867 866 866 865 865 864 862 862
1001 1001 1000 1000 1000 1000 999 998 999 999 999 999 1000 999 999 999 999 999 999 954 953 953 954 954 954 953 954 954 953 954 954 952 952 952 952 952 952 951 951 952 951 951 951 951 951 950 949 950 949 950 950 948 949 948 948 948 945 945 945 945 946 944 944 944 944 943 942 942 941 941 940 940 940 940 938 937 937 937 872 872 871 871 870 869 869 869 867 867 866 866 864 864 864 864
1001 1001 1001 1000 1000 1000 1000 1001 1000 999 1000 1000 1000 1000 1001 1001 1000 955 955 955 954 955 954 954 954 954 954 954 954 954 954 954 954 953 953 954 953 953 953 952 952 953 952 952 952 951 952 950 949 950 950 950 950 948 949 947 947 948 946 946 946 945 944 944 944 943 944 942 942 942 942 940 940 940 939 939 938 938 874 872 871 872 871 870 870 870 868 867 867 867 866 865 864 863
1002 1002 1002 1001 1001 1000 1000 1000 1000 1001 1001 1001 1000 1001 1000 955 955 955 955 955 955 956 955 956 955 955 955 956 955 955 955 955 954 954 954 953 953 954 953 953 953 952 952 953 952 952 951 951 952 951 950 951 950 951 949 947 948 947 947 946 946 946 946 946 944 945 943 943 943 942 942 942 941 940 941 939 938 938 874 873 874 872 872 870 871 869 869 869 869 867 867 866 865 864
1003 1001 1001 1001 1001 1000 1002 1002 1002 1001 1001 1002 1002 956 956 956 956 956 956 956 955 955 956 956 956 956 955 955 955 956 955 955 955 955 955 955 955 954 954 955 954 954 953 953 953 953 953 952 951 951 952 951 950 950 949 949 948 948 948 948 948 946 946 946 946 945 944 945 944 944 943 942 941 942 941 940 941 940 875 873 874 873 872 872 872 871 870 869 869 868 867 867 865 866
1003 1003 1003 1002 1001 1001 1002 1002 1002 1002 1003 956 956 956 957 956 956 956 956 956 956 958 957 956 957 957 957 957 956 956 956 957 955 955 955 955 955 955 954 954 954 954 954 954 953 953 953 953 953 953 952 952 952 950 950 949 949 949 948 948 948 948 946 947 947 946 946 944 944 944 944 943 942 943 942 940 940 940 875 875 874 874 873 872 872 872 871 870 869 869 868 867 867 867
1003 1003 1002 1002 1002 1003 1003 1003 1003 958 957 957 958 957 957 957 958 957 958 957 957 957 957 958 958 957 957 957 957 957 957 956 956 957 956 957 956 955 956 956 955 955 955 955 955 955 954 953 953 953 952 952 952 951 951 950 950 950 950 949 949 948 947 948 946 946 946 946 945 945 945 943 943 942 942 942 942 940 877 875 875 875 874 874 873 873 871 870 871 869 869 869 867 866
