testData/tiles/oneDegreeCosts/grid49.0-7.0-50.0-8.0.asc
ncols   200
nrows   200
xllcorner   49.0
yllcorner   7.0
cellsize   0.005
NODATA_value   -9999.0
[rows 126 to 167 of 200, columns 0 to 93 of 200]
992 991 992 991 991 990 991 990 990 990 990 989 990 989 989 988 989 988 988 988 988 987 988 987 987 986 986 986 985 986 985 985 707 706 706 705 706 705 704 705 705 705 705 706 706 706 707 707 707 707 708 708 708 709 709 709 709 710 710 710 711 711 711 711 712 712 712 712 713 713 713 713 714 714 539 539 540 540 540 515 515 515 515 515 515 515 515 515 515 515 515 515 515 515
992 992 992 992 991 992 991 991 990 991 990 990 990 990 989 990 989 989 988 989 988 988 988 988 987 988 987 986 986 986 986 985 986 707 706 707 706 706 705 705 705 705 706 706 706 706 707 707 707 708 708 708 708 709 709 709 710 710 710 710 711 711 711 712 712 712 712 713 713 713 713 714 714 539 539 540 540 540 540 515 515 515 515 515 515 515 515 515 515 515 515 515 515 515
993 992 993 992 992 992 992 992 992 992 991 991 991 990 990 990 990 989 990 989 989 988 989 988 988 988 988 987 987 987 986 986 986 708 707 707 707 706 707 706 705 705 706 706 706 707 707 707 707 708 708 708 709 709 709 709 710 710 710 711 711 711 711 712 712 712 712 713 713 713 714 714 539 539 540 540 540 540 541 515 515 515 515 515 515 515 515 515 515 515 515 515 515 515
993 993 993 993 992 993 993 992 993 992 992 992 992 991 991 991 990 990 990 990 989 990 989 989 988 989 988 988 988 987 987 987 987 708 708 708 707 707 707 707 706 706 706 706 706 707 707 707 708 708 708 708 709 709 709 710 710 710 710 711 711 711 712 712 712 712 713 713 713 713 714 714 539 539 540 540 540 540 541 515 515 515 515 515 515 515 515 515 515 515 515 515 515 515
994 994 994 993 993 994 993 993 993 993 992 993 992 992 992 992 991 990 991 990 990 990 990 989 990 989 989 988 989 988 987 988 987 987 709 708 708 707 708 707 707 707 706 706 707 707 707 707 708 708 708 709 709 709 709 710 710 710 711 711 711 711 712 712 712 713 713 713 713 714 714 539 539 540 540 540 540 541 541 515 515 515 515 515 515 515 515 515 515 515 515 515 515 515
994 995 994 994 995 994 994 993 994 993 993 993 993 992 993 992 992 992 991 991 990 991 990 990 990 990 989 990 989 988 988 988 988 987 710 709 708 709 708 708 707 707 707 706 707 707 707 708 708 708 708 709 709 709 710 710 710 710 711 711 711 712 712 712 712 713 713 713 713 714 539 539 540 540 540 540 541 541 515 515 515 515 515 515 515 515 515 515 515 515 515 515 515 515
995 995 995 994 995 995 994 995 994 994 993 994 993 993 993 993 992 993 992 991 991 991 991 990 991 990 990 990 990 989 989 989 988 988 988 710 709 709 709 708 709 708 707 707 707 707 707 708 708 708 708 709 709 709 710 710 710 711 711 711 711 712 712 712 713 713 713 713 714 539 539 539 540 540 540 541 541 541 515 515 515 515 515 515 515 515 515 515 515 515 515 515 515 515
995 996 995 995 996 995 995 995 995 994 995 994 994 993 994 993 993 993 992 992 992 992 991 991 991 991 990 991 990 990 990 989 989 989 989 710 710 710 709 709 709 709 708 708 708 707 707 708 708 708 709 709 709 709 710 710 710 711 711 711 712 712 712 712 713 713 713 714 539 539 539 540 540 540 540 541 541 541 515 515 515 515 515 515 515 515 515 515 515 515 515 515 515 515
996 996 996 995 996 996 995 996 995 995 995 995 994 994 994 994 993 994 993 992 993 992 992 992 992 991 991 991 991 990 991 990 989 990 989 711 710 710 710 709 710 709 708 709 708 708 708 708 708 708 709 709 709 710 710 710 710 711 711 711 712 712 712 713 713 713 713 539 539 539 539 540 540 540 541 541 541 541 515 515 515 515 515 515 515 515 515 515 515 515 515 515 515 515
997 997 996 996 996 996 995 996 996 995 996 995 995 995 995 994 994 994 993 993 993 993 992 993 992 992 992 992 991 991 991 990 990 990 990 989 712 711 710 710 710 710 709 709 709 708 709 708 708 708 709 709 709 710 710 710 711 711 711 711 712 712 712 713 713 713 539 539 539 539 540 540 540 540 541 541 541 542 515 515 515 515 515 515 515 515 515 515 515 515 515 515 515 515
998 997 997 997 997 996 996 996 996 996 996 996 995 996 995 995 995 994 994 993 994 993 993 993 993 992 993 992 992 992 992 991 990 991 990 990 712 712 711 711 711 710 710 710 709 709 709 708 708 709 709 709 709 710 710 710 711 711 711 712 712 712 712 713 713 539 539 539 539 539 540 540 540 541 541 541 541 542 515 515 515 515 515 515 515 515 515 515 515 515 515 515 515 515
998 998 997 998 997 997 996 997 996 996 996 996 995 996 995 995 995 995 994 995 994 994 993 994 993 993 993 993 992 993 992 991 991 991 991 990 991 712 711 712 711 711 711 710 710 709 710 709 708 709 709 709 710 710 710 710 711 711 711 712 712 712 713 713 539 539 539 539 539 540 540 540 540 541 541 541 542 542 515 515 515 515 515 515 515 515 515 515 515 515 515 515 515 515
999 998 998 998 998 997 998 997 997 996 997 996 996 996 996 995 996 995 995 995 995 994 994 994 994 993 994 993 993 993 992 992 992 992 991 991 991 713 712 712 712 711 712 711 710 711 710 710 709 709 709 709 710 710 710 711 711 711 711 712 712 712 713 539 539 539 539 539 539 540 540 540 541 541 541 541 542 542 515 515 515 515 515 515 515 515 515 515 515 515 515 515 515 515
999 999 998 999 998 998 998 998 997 998 997 997 996 997 996 996 996 996 995 996 995 995 995 995 994 994 994 994 993 994 993 992 993 992 992 992 992 713 712 713 712 712 712 711 711 711 711 710 710 710 709 709 710 710 710 711 711 711 712 712 712 712 539 539 539 539 539 539 540 540 540 540 541 541 541 542 542 542 515 515 515 515 515 515 515 515 515 515 515 515 515 515 515 515
1000 999 999 999 999 998 999 998 998 998 998 997 997 997 997 996 997 996 996 996 996 995 996 995 995 995 995 994 994 994 993 993 993 993 992 993 992 991 714 713 713 712 713 712 711 712 711 711 711 710 710 710 710 710 710 711 711 711 712 712 712 539 539 539 539 539 539 539 540 540 540 541 541 541 541 542 542 542 515 515 515 515 515 515 515 515 515 515 515 515 515 515 515 515
1000 1000 999 1000 999 999 999 999 998 999 998 998 998 998 997 997 997 997 996 997 996 996 996 996 995 996 995 995 994 994 994 993 994 993 993 993 993 992 714 714 713 714 713 712 712 712 712 711 711 711 710 710 710 710 710 711 711 711 712 712 539 539 539 539 539 539 539 539 540 540 540 541 541 541 542 542 542 542 515 515 515 515 515 515 515 515 515 515 515 515 515 515 515 515
1000 1000 999 1000 1000 999 1000 999 999 999 999 998 999 998 998 998 998 997 997 997 997 996 997 996 996 996 996 995 995 995 994 994 994 994 993 994 993 992 715 714 714 714 713 713 712 713 712 711 712 711 711 711 710 710 711 711 711 711 712 539 539 539 539 539 539 539 539 540 540 540 540 541 541 541 542 542 542 515 515 515 515 515 515 515 515 515 515 515 515 515 515 515 515 515
1001 1000 1000 1000 1000 1000 1000 1000 999 1000 999 999 999 999 998 999 998 998 997 998 997 997 997 997 996 996 996 995 996 995 995 995 995 994 994 994 993 993 993 715 714 715 714 713 714 713 713 712 712 712 711 711 711 710 711 711 711 712 539 539 539 539 539 539 539 539 539 540 540 540 541 541 541 541 542 542 542 515 515 515 515 515 515 515 515 515 515 515 515 515 515 515 515 515
1001 1001 1001 1001 1000 1000 1000 1000 999 1000 1000 999 1000 999 999 999 999 998 999 998 998 997 997 997 996 997 996 996 996 996 995 996 995 995 994 994 994 993 994 715 715 715 714 714 714 714 713 713 713 712 712 712 711 711 711 711 711 539 539 539 539 539 539 539 539 539 539 540 540 540 541 541 541 541 542 542 542 515 515 515 515 515 515 515 515 515 515 515 515 515 515 515 515 515
1002 1001 1002 1001 1001 1000 1001 1000 1000 1000 1000 999 1000 999 999 999 999 998 999 998 998 997 998 997 997 997 997 996 997 996 996 996 996 995 995 995 994 994 994 716 715 715 715 714 715 714 713 714 713 713 712 712 712 711 711 711 539 539 539 539 539 539 539 539 539 539 539 540 540 540 541 541 541 542 542 542 542 515 515 515 515 515 515 515 515 515 515 515 515 515 515 515 515 515
1002 1002 1002 1002 1001 1002 1001 1001 1000 1001 1000 1000 1000 1000 999 1000 999 999 999 999 998 998 998 998 997 998 997 997 997 997 996 997 996 995 996 995 995 994 995 994 715 716 715 715 715 714 714 714 714 713 713 713 712 712 712 539 539 539 539 539 539 539 539 539 539 539 539 540 540 540 541 541 541 542 542 542 543 515 515 515 515 515 515 515 515 515 515 515 515 515 515 515 515 515
1002 1002 1002 1002 1002 1002 1002 1001 1001 1001 1001 1000 1001 1000 1000 1000 1000 999 1000 999 999 999 999 998 998 998 998 997 998 997 996 997 996 996 996 996 995 996 995 994 716 716 716 715 716 715 714 715 714 714 714 713 713 712 539 539 539 539 539 539 539 539 539 539 539 539 540 540 540 540 541 541 541 542 542 542 543 515 515 515 515 515 515 515 515 515 515 515 515 515 515 515 515 515
1003 1002 1003 1002 1002 1002 1002 1002 1001 1002 1001 1001 1001 1001 1000 1001 1000 1000 1000 1000 999 1000 999 999 998 999 998 997 998 997 997 997 997 996 997 996 996 996 995 995 716 717 716 716 716 715 715 715 715 714 714 714 713 539 539 539 539 539 539 539 539 539 539 539 539 539 540 540 540 541 541 541 541 542 542 542 543 515 515 515 515 515 515 515 515 515 515 515 515 515 515 515 515 515
1003 1003 1003 1003 1002 1003 1002 1002 1001 1002 1001 1001 1002 1001 1001 1001 1001 1000 1001 1000 1000 1000 1000 999 998 999 998 998 998 998 997 998 997 997 997 997 996 996 996 995 995 717 717 716 716 716 715 716 715 714 715 714 539 539 539 539 539 539 539 539 539 539 539 539 539 539 540 540 540 541 541 541 541 542 542 542 543 515 515 515 515 515 515 515 515 515 515 515 515 515 515 515 515 515
1003 1003 1004 1003 1003 1003 1003 1002 1003 1002 1002 1001 1002 1001 1001 1001 1001 1000 1001 1000 1000 1000 1000 999 1000 999 999 998 999 998 998 998 998 997 997 997 996 997 996 996 996 718 717 716 717 716 716 716 715 715 715 540 539 539 539 539 539 539 539 539 539 539 539 539 539 539 540 540 540 541 541 541 542 542 542 542 515 515 515 515 515 515 515 515 515 515 515 515 515 515 515 515 515 515
1004 1003 1004 1003 1003 1004 1003 1003 1003 1003 1002 1002 1002 1002 1001 1002 1001 1001 1001 1001 1000 1001 1000 1000 1000 1000 999 999 999 999 998 999 998 997 998 997 997 997 997 996 996 718 717 717 717 717 716 716 716 715 541 540 539 540 539 539 539 539 539 539 539 539 539 539 539 539 540 540 540 541 541 541 542 542 542 515 515 515 515 515 515 515 515 515 515 515 515 515 515 515 515 515 515 515
1004 1004 1004 1004 1003 1004 1003 1003 1004 1003 1003 1002 1003 1002 1002 1002 1002 1001 1002 1001 1001 1001 1001 1000 1001 1000 1000 999 999 999 998 999 998 998 998 998 997 998 997 996 997 996 718 717 718 717 716 717 716 541 541 540 540 540 539 539 539 539 539 539 539 539 539 539 539 539 540 540 540 541 541 541 542 542 515 515 515 515 515 515 515 515 515 515 515 515 515 515 515 515 515 515 515 515
1005 1004 1005 1004 1004 1004 1004 1003 1004 1003 1003 1002 1003 1002 1002 1002 1002 1001 1002 1001 1001 1001 1001 1000 1001 1000 1000 999 1000 999 999 999 999 998 999 998 998 998 997 997 997 997 718 718 718 717 717 717 542 541 541 541 540 540 540 539 540 539 539 539 539 539 539 539 539 539 540 540 540 541 541 541 542 515 515 515 515 515 515 515 515 515 515 515 515 515 515 515 515 515 515 515 515 515
1005 1004 1005 1004 1004 1005 1004 1004 1004 1004 1003 1003 1003 1003 1002 1003 1002 1002 1002 1002 1001 1002 1001 1001 1001 1001 1000 1000 1000 1000 999 1000 999 999 999 998 998 998 998 997 998 997 718 718 718 718 717 543 542 541 542 541 540 541 540 540 540 539 539 539 539 539 539 539 539 539 540 540 540 541 541 515 515 515 515 515 515 515 515 515 515 515 515 515 515 515 515 515 515 515 515 515 515 515
1005 1005 1005 1005 1004 1005 1004 1004 1005 1004 1004 1003 1004 1003 1003 1003 1003 1002 1003 1002 1002 1002 1002 1001 1002 1001 1001 1000 1001 1000 999 1000 999 999 999 999 998 999 998 998 998 997 997 718 719 718 543 543 542 542 542 541 541 541 541 540 540 540 539 539 539 539 539 539 539 539 540 540 540 541 515 515 515 515 515 515 515 515 515 515 515 515 515 515 515 515 515 515 515 515 515 515 515 515
1005 1005 1006 1005 1005 1005 1005 1004 1005 1004 1004 1003 1004 1003 1003 1003 1003 1003 1003 1003 1002 1003 1002 1001 1002 1001 1001 1000 1001 1000 1000 1000 1000 999 1000 999 999 999 998 998 998 998 997 719 719 543 543 543 543 542 542 542 541 542 541 540 541 540 539 539 539 539 539 539 539 539 540 540 540 515 515 515 515 515 515 515 515 515 515 515 515 515 515 515 515 515 515 515 515 515 515 515 515 515
1006 1005 1006 1005 1005 1006 1005 1005 1005 1005 1004 1004 1004 1004 1003 1004 1003 1003 1003 1003 1002 1003 1002 1002 1002 1002 1001 1001 1001 1001 1000 1001 1000 1000 1000 999 999 999 999 998 998 998 998 544 544 544 543 544 543 542 543 542 542 542 541 541 540 540 540 539 540 539 539 539 539 539 540 540 515 515 515 515 515 515 515 515 515 515 515 515 515 515 515 515 515 515 515 515 515 515 515 515 515 515
1006 1006 1006 1006 1005 1006 1005 1005 1005 1005 1005 1004 1005 1004 1004 1004 1004 1003 1004 1003 1003 1003 1003 1002 1002 1002 1002 1001 1002 1001 1001 1001 1000 1000 1000 1000 999 1000 999 999 998 998 823 544 545 544 544 544 543 543 543 543 542 542 542 541 540 541 540 540 540 539 539 539 539 539 515 515 515 515 515 515 515 515 515 515 515 515 515 515 515 515 515 515 515 515 515 515 515 515 515 515 515 515
1006 1006 1007 1006 1006 1006 1006 1005 1005 1005 1005 1004 1005 1004 1004 1004 1004 1003 1004 1003 1003 1003 1003 1002 1002 1002 1002 1001 1002 1001 1001 1001 1001 1000 1001 1000 1000 1000 999 999 998 824 823 823 545 544 544 544 544 543 544 543 542 542 542 541 541 541 541 540 540 540 539 539 539 515 515 515 515 515 515 515 515 515 515 515 515 515 515 515 515 515 515 515 515 515 515 515 515 515 515 515 515 515
1007 1006 1007 1006 1006 1006 1006 1006 1005 1006 1005 1005 1005 1005 1004 1005 1004 1004 1004 1004 1003 1003 1003 1003 1002 1003 1002 1002 1002 1002 1001 1002 1001 1001 1001 1000 1000 1000 1000 999 824 824 824 823 545 545 544 545 544 543 544 543 543 542 542 542 541 542 541 540 541 540 539 515 515 515 515 515 515 515 515 515 515 515 515 515 515 515 515 515 515 515 515 515 515 515 515 515 515 515 515 515 515 515
1007 1007 1007 1007 1006 1006 1006 1006 1005 1006 1005 1005 1005 1005 1005 1005 1005 1004 1005 1004 1004 1003 1004 1003 1003 1003 1003 1002 1002 1002 1001 1002 1001 1001 1001 1001 1000 1000 1000 825 824 824 824 823 546 545 545 545 544 544 544 544 543 542 543 542 541 542 541 541 541 540 515 515 515 515 515 515 515 515 515 515 515 515 515 515 515 515 515 515 515 515 515 515 515 515 515 515 515 515 515 515 515 515
1007 1007 1007 1007 1006 1006 1007 1006 1006 1006 1006 1005 1006 1005 1005 1005 1005 1004 1005 1004 1004 1003 1004 1003 1003 1003 1003 1002 1003 1002 1002 1002 1002 1001 1001 1001 1001 1000 825 825 824 825 824 824 824 545 545 545 545 544 544 544 543 543 543 542 542 542 542 541 541 515 515 515 515 515 515 515 515 515 515 515 515 515 515 515 515 515 515 515 515 515 515 515 515 515 515 515 515 515 515 515 515 515
1008 1007 1007 1007 1007 1006 1007 1006 1006 1006 1006 1006 1006 1006 1005 1006 1005 1005 1005 1005 1004 1004 1004 1004 1003 1004 1003 1003 1003 1003 1002 1003 1002 1001 1001 1001 1001 826 826 825 825 825 824 824 824 546 545 545 545 544 544 544 544 543 543 543 542 543 542 515 515 515 515 515 515 515 515 515 515 515 515 515 515 515 515 515 515 515 515 515 515 515 515 515 515 515 515 515 515 515 515 515 515 515
1008 1007 1007 1007 1007 1007 1007 1007 1006 1007 1006 1006 1006 1006 1005 1006 1005 1005 1005 1005 1004 1004 1004 1004 1003 1004 1003 1003 1003 1003 1002 1002 1002 1002 1001 827 826 826 826 825 825 825 825 824 824 546 545 545 545 545 544 544 544 543 544 543 542 542 515 515 515 515 515 515 515 515 515 515 515 515 515 515 515 515 515 515 515 515 515 515 515 515 515 515 515 515 515 515 515 515 515 515 515 515
1008 1008 1007 1008 1007 1007 1007 1007 1006 1007 1007 1006 1007 1006 1006 1006 1006 1005 1005 1005 1005 1004 1005 1004 1004 1004 1004 1003 1003 1003 1003 1002 1003 1002 827 827 826 826 826 826 825 826 825 824 824 546 546 545 546 545 544 545 544 544 543 543 515 515 515 515 515 515 515 515 515 515 515 515 515 515 515 515 515 515 515 515 515 515 515 515 515 515 515 515 515 515 515 515 515 515 515 515 515 515
1008 1008 1007 1008 1008 1007 1008 1007 1007 1007 1007 1006 1006 1006 1006 1006 1006 1005 1005 1005 1005 1004 1005 1004 1004 1004 1004 1003 1003 1003 1003 1002 1003 827 827 827 827 826 827 826 825 825 825 825 824 825 546 545 546 545 545 545 544 544 543 515 515 515 515 515 515 515 515 515 515 515 515 515 515 515 515 515 515 515 515 515 515 515 515 515 515 515 515 515 515 515 515 515 515 515 515 515 515 515
1009 1008 1008 1008 1008 1007 1008 1007 1007 1007 1007 1007 1006 1007 1006 1006 1006 1006 1005 1006 1005 1005 1005 1005 1004 1004 1004 1004 1003 1004 1003 1003 828 828 827 827 827 826 826 826 826 825 826 825 824 825 546 546 546 546 545 545 545 515 515 515 515 515 515 515 515 515 515 515 515 515 515 515 515 515 515 515 515 515 515 515 515 515 515 515 515 515 515 515 515 515 515 515 515 515 515 515 515 515
