testData/tiles/oneDegreeCosts/grid29.0-49.0-30.0-50.0.asc
ncols   200
nrows   200
xllcorner   29.0
yllcorner   49.0
cellsize   0.005
NODATA_value   -9999.0
[rows 0 to 43 of 200, columns 0 to 95 of 200]
192 192 191 191 190 189 189 188 188 187 187 186 186 185 185 184 183 183 182 182 181 181 180 179 179 178 177 177 176 176 175 174 174 173 172 172 171 170 169 169 168 167 167 166 165 164 164 163 162 161 161 160 159 158 157 156 156 155 154 153 152 151 150 150 149 148 147 146 145 144 143 142 141 140 139 138 137 136 135 134 133 131 130 129 128 127 126 124 123 122 121 120 118 117 116 114
192 192 191 191 190 190 189 189 188 188 187 187 186 186 185 184 184 183 183 182 182 181 180 180 179 179 178 177 177 176 175 175 174 173 173 172 171 171 170 169 168 168 167 166 166 165 164 163 163 162 161 160 159 159 158 157 156 155 154 154 153 152 151 150 149 148 147 146 145 144 143 142 141 140 139 138 137 136 135 134 133 132 131 130 129 127 126 125 124 123 121 120 119 118 116 115
193 192 192 191 191 190 190 189 189 188 188 187 187 186 185 185 184 184 183 183 182 181 181 180 180 179 178 178 177 176 176 175 174 174 173 172 172 171 170 170 169 168 167 167 166 165 165 164 163 162 161 161 160 159 158 157 157 156 155 154 153 152 151 151 150 149 148 147 146 145 144 143 142 141 140 139 138 137 136 135 134 133 131 130 129 128 127 126 124 123 122 121 119 118 117 116
193 193 192 192 191 191 190 190 189 189 188 187 187 186 186 185 185 184 184 183 182 182 181 181 180 179 179 178 177 177 176 176 175 174 174 173 172 171 171 170 169 169 168 167 166 166 165 164 163 163 162 161 160 159 159 158 157 156 155 155 154 153 152 151 150 149 148 147 146 145 144 144 143 142 141 140 138 137 136 135 134 133 132 131 130 129 127 126 125 124 123 121 120 119 118 116
194 193 193 192 192 191 191 190 189 189 188 188 187 187 186 186 185 185 184 183 183 182 182 181 180 180 179 178 178 177 177 176 175 175 174 173 173 172 171 171 170 169 168 168 167 166 165 165 164 163 162 162 161 160 159 158 158 157 156 155 154 153 152 151 151 150 149 148 147 146 145 144 143 142 141 140 139 138 137 136 135 134 133 131 130 129 128 127 126 124 123 122 121 119 118 117
194 193 193 192 192 191 191 190 190 189 189 188 188 187 187 186 185 185 184 184 183 183 182 181 181 180 180 179 178 178 177 176 176 175 174 174 173 172 172 171 170 170 169 168 167 167 166 165 164 164 163 162 161 160 160 159 158 157 156 155 155 154 153 152 151 150 149 148 147 146 145 145 144 143 142 141 140 138 137 136 135 134 133 132 131 130 129 127 126 125 124 123 121 120 119 117
194 194 193 193 192 192 191 191 190 190 189 189 188 188 187 186 186 185 185 184 184 183 182 182 181 181 180 179 179 178 177 177 176 175 175 174 173 173 172 171 171 170 169 168 168 167 166 166 165 164 163 162 162 161 160 159 158 158 157 156 155 154 153 152 152 151 150 149 148 147 146 145 144 143 142 141 140 139 138 137 136 135 134 133 131 130 129 128 127 126 124 123 122 121 119 118
195 194 194 193 193 192 192 191 191 190 190 189 188 188 187 187 186 186 185 185 184 183 183 182 182 181 180 180 179 178 178 177 177 176 175 175 174 173 172 172 171 170 170 169 168 167 167 166 165 164 164 163 162 161 160 160 159 158 157 156 156 155 154 153 152 151 150 149 148 147 146 146 145 144 143 142 141 140 138 137 136 135 134 133 132 131 130 129 127 126 125 124 122 121 120 119
195 195 194 194 193 193 192 192 191 190 190 189 189 188 188 187 187 186 185 185 184 184 183 183 182 181 181 180 179 179 178 178 177 176 176 175 174 174 173 172 171 171 170 169 169 168 167 166 166 165 164 163 163 162 161 160 159 158 158 157 156 155 154 153 152 152 151 150 149 148 147 146 145 144 143 142 141 140 139 138 137 136 135 134 133 131 130 129 128 127 126 124 123 122 121 119
195 195 194 194 193 193 192 192 191 191 190 190 189 189 188 188 187 186 186 185 185 184 184 183 182 182 181 180 180 179 179 178 177 177 176 175 175 174 173 173 172 171 170 170 169 168 168 167 166 165 165 164 163 162 161 161 160 159 158 157 156 156 155 154 153 152 151 150 149 148 147 146 146 145 144 143 142 141 140 138 137 136 135 134 133 132 131 130 128 127 126 125 124 122 121 120
196 195 195 194 194 193 193 192 192 191 191 190 190 189 188 188 187 187 186 186 185 185 184 183 183 182 181 181 180 180 179 178 178 177 176 176 175 174 174 173 172 172 171 170 169 169 168 167 166 166 165 164 163 163 162 161 160 159 159 158 157 156 155 154 153 152 152 151 150 149 148 147 146 145 144 143 142 141 140 139 138 137 136 135 134 132 131 130 129 128 127 125 124 123 122 120
196 196 195 195 194 194 193 193 192 192 191 190 190 189 189 188 188 187 187 186 185 185 184 184 183 182 182 181 181 180 179 179 178 177 177 176 175 175 174 173 173 172 171 171 170 169 168 168 167 166 165 165 164 163 162 161 161 160 159 158 157 156 156 155 154 153 152 151 150 149 148 147 146 146 145 144 143 142 140 139 138 137 136 135 134 133 132 131 130 128 127 126 125 124 122 121
196 196 195 195 194 194 193 193 192 192 191 191 190 190 189 189 188 188 187 186 186 185 185 184 183 183 182 182 181 180 180 179 178 178 177 177 176 175 174 174 173 172 172 171 170 170 169 168 167 167 166 165 164 163 163 162 161 160 159 159 158 157 156 155 154 153 153 152 151 150 149 148 147 146 145 144 143 142 141 140 139 138 137 136 135 133 132 131 130 129 128 127 125 124 123 122
197 196 196 195 195 194 194 193 193 192 192 191 191 190 190 189 188 188 187 187 186 186 185 184 184 183 183 182 181 181 180 179 179 178 178 177 176 176 175 174 173 173 172 171 171 170 169 168 168 167 166 165 165 164 163 162 161 161 160 159 158 157 156 156 155 154 153 152 151 150 149 148 147 146 145 144 143 142 141 140 139 138 137 136 135 134 133 132 131 129 128 127 126 125 123 122
197 197 196 196 195 195 194 194 193 193 192 192 191 190 190 189 189 188 188 187 187 186 185 185 184 184 183 182 182 181 181 180 179 179 178 177 177 176 175 175 174 173 172 172 171 170 170 169 168 167 167 166 165 164 163 163 162 161 160 159 159 158 157 156 155 154 153 152 152 151 150 149 148 147 146 145 144 143 142 141 140 139 138 137 136 135 133 132 131 130 129 128 126 125 124 123
198 197 197 196 196 195 195 194 193 193 192 192 191 191 190 190 189 189 188 188 187 186 186 185 185 184 183 183 182 182 181 180 180 179 178 178 177 176 176 175 174 174 173 172 171 171 170 169 169 168 167 166 165 165 164 163 162 162 161 160 159 158 157 156 156 155 154 153 152 151 150 149 148 147 146 145 144 143 142 141 140 139 138 137 136 135 134 133 132 130 129 128 127 126 124 123
198 197 197 196 196 195 195 194 194 193 193 192 192 191 191 190 190 189 188 188 187 187 186 186 185 184 184 183 183 182 181 181 180 179 179 178 177 177 176 175 175 174 173 173 172 171 170 170 169 168 167 167 166 165 164 164 163 162 161 160 159 159 158 157 156 155 154 153 152 152 151 150 149 148 147 146 145 144 143 142 141 140 139 138 137 135 134 133 132 131 130 129 127 126 125 124
198 198 197 197 196 196 195 195 194 194 193 193 192 192 191 190 190 189 189 188 188 187 186 186 185 185 184 183 183 182 182 181 180 180 179 178 178 177 176 176 175 174 174 173 172 171 171 170 169 169 168 167 166 165 165 164 163 162 162 161 160 159 158 157 156 156 155 154 153 152 151 150 149 148 147 146 145 144 143 142 141 140 139 138 137 136 135 134 133 131 130 129 128 127 126 124
199 198 198 197 197 196 196 195 195 194 193 193 192 192 191 191 190 190 189 189 188 187 187 186 186 185 184 184 183 183 182 181 181 180 179 179 178 177 177 176 175 175 174 173 173 172 171 170 170 169 168 167 167 166 165 164 164 163 162 161 160 159 159 158 157 156 155 154 153 152 152 151 150 149 148 147 146 145 144 143 142 141 140 139 138 136 135 134 133 132 131 130 128 127 126 125
199 198 198 197 197 196 196 195 195 194 194 193 193 192 192 191 191 190 189 189 188 188 187 187 186 185 185 184 184 183 182 182 181 180 180 179 178 178 177 176 176 175 174 174 173 172 172 171 170 169 169 168 167 166 166 165 164 163 162 161 161 160 159 158 157 156 156 155 154 153 152 151 150 149 148 147 146 145 144 143 142 141 140 139 138 137 136 135 134 132 131 130 129 128 127 125
199 199 198 198 197 197 196 196 195 195 194 194 193 193 192 191 191 190 190 189 189 188 188 187 186 186 185 185 184 183 183 182 181 181 180 179 179 178 177 177 176 175 175 174 173 173 172 171 170 170 169 168 167 167 166 165 164 164 163 162 161 160 159 159 158 157 156 155 154 153 152 151 151 150 149 148 147 146 145 144 143 142 141 140 138 137 136 135 134 133 132 131 129 128 127 126
199 199 199 198 198 197 197 196 196 195 194 194 193 193 192 192 191 191 190 190 189 188 188 187 187 186 185 185 184 184 183 182 182 181 180 180 179 179 178 177 177 176 175 174 174 173 172 172 171 170 169 169 168 167 166 166 165 164 163 162 161 161 160 159 158 157 156 155 155 154 153 152 151 150 149 148 147 146 145 144 143 142 141 140 139 138 137 136 135 133 132 131 130 129 128 126
200 199 199 198 198 197 197 196 196 195 195 194 194 193 193 192 192 191 190 190 189 189 188 188 187 186 186 185 185 184 183 183 182 181 181 180 180 179 178 178 177 176 175 175 174 173 173 172 171 170 170 169 168 167 167 166 165 164 163 163 162 161 160 159 159 158 157 156 155 154 153 152 151 150 149 149 148 147 146 145 144 143 142 140 139 138 137 136 135 134 133 132 130 129 128 127
200 200 199 199 198 198 197 197 196 196 195 195 194 194 193 192 192 191 191 190 190 189 189 188 187 187 186 186 185 184 184 183 182 182 181 181 180 179 179 178 177 177 176 175 174 174 173 172 172 171 170 169 169 168 167 166 165 165 164 163 162 161 161 160 159 158 157 156 155 155 154 153 152 151 150 149 148 147 146 145 144 143 142 141 140 139 138 137 136 134 133 132 131 130 129 127
200 200 199 199 198 198 197 197 196 196 195 195 194 194 193 193 192 192 191 191 190 189 189 188 188 187 187 186 185 185 184 183 183 182 182 181 180 180 179 178 178 177 176 176 175 174 173 173 172 171 170 170 169 168 167 167 166 165 164 163 163 162 161 160 159 158 158 157 156 155 154 153 152 151 150 149 148 147 146 145 144 143 142 141 140 139 138 137 136 135 134 133 131 130 129 128
243 242 242 241 241 240 240 239 239 238 238 237 237 194 194 193 193 192 191 191 190 190 189 189 188 187 187 186 186 185 184 184 183 183 182 181 181 180 179 179 178 177 177 176 175 174 174 173 172 172 171 170 169 169 168 167 166 165 165 164 163 162 161 161 160 159 158 157 156 155 154 154 153 152 151 150 149 148 147 146 145 144 143 142 141 140 139 138 136 135 134 133 132 131 130 128
243 243 242 242 241 241 240 240 239 239 238 238 237 237 236 235 235 234 234 233 233 232 232 231 230 188 187 187 186 185 185 184 183 183 182 182 181 180 180 179 178 178 177 176 176 175 174 173 173 172 171 170 170 169 168 167 167 166 165 164 163 163 162 161 160 159 158 157 157 156 155 154 153 152 151 150 149 148 147 146 145 144 143 142 141 140 139 138 137 136 135 134 132 131 130 129
243 243 242 242 241 241 240 240 239 239 238 238 237 237 236 236 235 235 234 234 233 232 232 231 231 230 229 229 228 228 227 226 226 225 225 182 181 181 180 179 179 178 177 177 176 175 174 174 173 172 172 171 170 169 169 168 167 166 165 165 164 163 162 161 160 160 159 158 157 156 155 154 153 152 152 151 150 149 148 147 146 145 144 143 142 141 139 138 137 136 135 134 133 132 130 129
244 243 243 242 242 241 241 240 240 239 239 238 238 237 237 236 236 235 234 234 233 233 232 232 231 230 230 229 229 228 227 227 226 226 225 224 224 223 222 222 221 220 220 177 176 175 175 174 173 173 172 171 170 170 169 168 167 167 166 165 164 163 162 162 161 160 159 158 157 156 156 155 154 153 152 151 150 149 148 147 146 145 144 143 142 141 140 139 138 137 136 134 133 132 131 130
244 243 243 243 242 242 241 241 240 240 239 238 238 237 237 236 236 235 235 234 234 233 232 232 231 231 230 230 229 228 228 227 226 226 225 225 224 223 223 222 221 221 220 219 219 218 217 216 216 215 172 171 171 170 169 168 168 167 166 165 164 164 163 162 161 160 159 159 158 157 156 155 154 153 152 151 150 149 149 148 147 146 145 143 142 141 140 139 138 137 136 135 134 133 131 130
244 244 243 243 242 242 241 241 240 240 239 239 238 238 237 237 236 236 235 234 234 233 233 232 232 231 230 230 229 229 228 227 227 226 226 225 224 224 223 222 222 221 220 220 219 218 217 217 216 215 215 214 213 212 212 211 168 167 166 166 165 164 163 162 162 161 160 159 158 157 156 155 155 154 153 152 151 150 149 148 147 146 145 144 143 142 141 140 139 138 136 135 134 133 132 131
245 244 244 243 243 242 242 241 241 240 240 239 239 238 238 237 236 236 235 235 234 234 233 233 232 231 231 230 230 229 228 228 227 226 226 225 225 224 223 223 222 221 221 220 219 219 218 217 216 216 215 214 213 213 212 211 210 210 209 208 207 206 164 163 162 161 160 159 158 158 157 156 155 154 153 152 151 150 149 148 147 146 145 144 143 142 141 140 139 138 137 136 135 133 132 131
245 244 244 243 243 242 242 241 241 240 240 239 239 238 238 237 237 236 236 235 235 234 233 233 232 232 231 230 230 229 229 228 227 227 226 226 225 224 224 223 222 222 221 220 220 219 218 217 217 216 215 215 214 213 212 211 211 210 209 208 208 207 206 205 204 203 203 202 159 158 157 156 155 154 153 153 152 151 150 149 148 147 146 145 144 143 142 141 139 138 137 136 135 134 133 132
245 245 244 244 243 243 242 242 241 241 240 240 239 239 238 238 237 236 236 235 235 234 234 233 233 232 231 231 230 230 229 228 228 227 226 226 225 225 224 223 223 222 221 221 220 219 218 218 217 216 216 215 214 213 213 212 211 210 210 209 208 207 206 205 205 204 203 202 201 200 199 199 198 155 154 153 152 151 150 149 148 147 146 145 144 143 142 141 140 139 138 137 135 134 133 132
245 245 244 244 243 243 242 242 241 241 240 240 239 239 238 238 237 237 236 236 235 235 234 233 233 232 232 231 230 230 229 229 228 227 227 226 226 225 224 224 223 222 222 221 220 219 219 218 217 217 216 215 214 214 213 212 211 211 210 209 208 207 207 206 205 204 203 202 202 201 200 199 198 197 196 195 194 193 150 149 149 148 147 146 144 143 142 141 140 139 138 137 136 135 134 132
246 245 245 244 244 243 243 242 242 241 241 240 240 239 239 238 238 237 237 236 235 235 234 234 233 233 232 231 231 230 230 229 228 228 227 226 226 225 225 224 223 223 222 221 220 220 219 218 218 217 216 216 215 214 213 213 212 211 210 209 209 208 207 206 205 204 204 203 202 201 200 199 198 198 197 196 195 194 193 192 191 190 147 146 145 144 143 142 141 140 139 137 136 135 134 133
246 245 245 245 244 244 243 243 242 242 241 241 240 239 239 238 238 237 237 236 236 235 235 234 233 233 232 232 231 230 230 229 229 228 227 227 226 225 225 224 224 223 222 221 221 220 219 219 218 217 217 216 215 214 214 213 212 211 211 210 209 208 207 207 206 205 204 203 202 201 201 200 199 198 197 196 195 194 193 192 191 190 189 188 187 186 185 142 141 140 139 138 137 136 134 133
246 246 245 245 244 244 243 243 242 242 241 241 240 240 239 239 238 238 237 237 236 235 235 234 234 233 233 232 231 231 230 230 229 228 228 227 226 226 225 224 224 223 222 222 221 220 220 219 218 218 217 216 215 215 214 213 212 212 211 210 209 208 208 207 206 205 204 203 203 202 201 200 199 198 197 196 195 195 194 193 192 191 190 189 188 187 186 185 183 182 181 138 137 136 135 134
246 246 246 245 245 244 244 243 243 242 242 241 241 240 240 239 238 238 237 237 236 236 235 235 234 233 233 232 232 231 230 230 229 229 228 227 227 226 225 225 224 223 223 222 221 221 220 219 219 218 217 216 216 215 214 213 213 212 211 210 210 209 208 207 206 206 205 204 203 202 201 200 199 199 198 197 196 195 194 193 192 191 190 189 188 187 186 185 184 183 182 181 179 178 177 134
247 246 246 245 245 244 244 243 243 242 242 241 241 240 240 239 239 238 238 237 237 236 235 235 234 234 233 233 232 231 231 230 230 229 228 228 227 226 226 225 224 224 223 222 222 221 220 220 219 218 218 217 216 215 215 214 213 212 211 211 210 209 208 208 207 206 205 204 203 202 202 201 200 199 198 197 196 195 194 193 192 191 190 189 188 187 186 185 184 183 182 181 180 179 178 176
247 247 246 246 245 245 244 244 243 243 242 242 241 241 240 240 239 238 238 237 237 236 236 235 235 234 233 233 232 232 231 230 230 229 229 228 227 227 226 225 225 224 223 223 222 221 221 220 219 219 218 217 216 216 215 214 213 213 212 211 210 209 209 208 207 206 205 205 204 203 202 201 200 199 198 197 197 196 195 194 193 192 191 190 189 188 187 186 185 184 182 181 180 179 178 177
247 247 246 246 245 245 244 244 243 243 242 242 241 241 240 240 239 239 238 238 237 237 236 235 235 234 234 233 233 232 231 231 230 229 229 228 228 227 226 226 225 224 224 223 222 222 221 220 220 219 218 217 217 216 215 214 214 213 212 211 211 210 209 208 207 207 206 205 204 203 202 201 200 200 199 198 197 196 195 194 193 192 191 190 189 188 187 186 185 184 183 182 181 180 178 177
248 247 247 246 246 245 245 244 244 243 243 242 242 241 241 240 240 239 238 238 237 237 236 236 235 235 234 233 233 232 232 231 230 230 229 229 228 227 227 226 225 225 224 223 223 222 221 221 220 219 218 218 217 216 215 215 214 213 212 212 211 210 209 208 208 207 206 205 204 203 203 202 201 200 199 198 197 196 195 194 193 192 191 190 189 188 187 186 185 184 183 182 181 180 179 178
248 247 247 246 246 245 245 244 244 243 243 242 242 241 241 240 240 239 239 238 238 237 237 236 235 235 234 234 233 232 232 231 231 230 229 229 228 228 227 226 226 225 224 224 223 222 222 221 220 219 219 218 217 217 216 215 214 214 213 212 211 210 210 209 208 207 206 205 205 204 203 202 201 200 199 198 198 197 196 195 194 193 192 191 190 189 188 187 186 185 184 183 181 180 179 178
