testData/tiles/oneDegreeCosts/grid2.0-0.0-3.0-1.0.asc
ncols   200
nrows   200
xllcorner   2.0
yllcorner   0.0
cellsize   0.005
NODATA_value   -9999.0
[rows 42 to 83 of 200, columns 0 to 93 of 200]
249 249 249 249 249 248 248 248 248 248 248 248 248 248 248 248 247 247 247 247 247 247 247 247 247 247 246 246 246 246 246 245 246 280 280 280 279 279 279 279 279 278 278 279 279 279 278 278 278 278 277 277 277 277 277 277 277 277 277 277 276 276 276 173 173 173 173 174 174 174 174 174 174 174 174 174 174 174 174 174 174 175 175 175 175 175 175 175 175 175 175 175 175 175
250 249 249 249 249 249 248 248 248 248 248 248 248 248 248 248 247 247 247 247 247 247 247 247 247 247 246 246 246 246 246 245 245 246 246 246 246 279 279 279 279 278 278 278 279 279 278 278 278 278 278 277 277 277 277 277 277 277 277 277 276 276 276 173 173 173 173 173 174 174 174 174 174 174 174 174 174 174 174 174 174 174 175 175 175 175 175 175 175 175 175 175 175 175
250 249 249 249 249 249 249 248 248 248 248 248 248 248 248 248 248 247 247 247 247 247 247 247 247 247 247 246 246 246 246 246 245 246 246 246 246 245 245 245 245 279 278 278 278 279 278 278 278 278 278 277 277 277 277 277 277 277 277 277 277 276 173 173 173 173 173 173 173 174 174 174 174 174 174 174 174 174 174 174 174 174 174 175 175 175 175 175 175 175 175 175 175 175
250 250 249 249 249 249 249 248 248 248 248 248 248 248 248 248 248 247 247 247 247 247 247 247 247 247 247 246 246 246 246 246 245 245 246 246 246 245 245 245 245 245 244 244 244 279 279 278 278 278 278 278 277 277 277 277 277 277 277 277 277 173 173 173 173 173 173 173 173 173 174 174 174 174 174 174 174 174 174 174 174 174 174 174 175 175 175 175 175 175 175 175 175 175
250 250 250 249 249 249 249 249 248 248 248 248 249 248 248 248 248 248 247 247 247 247 247 247 247 247 247 247 246 246 246 246 246 245 246 246 246 246 245 245 245 245 244 244 244 244 245 244 244 244 278 278 277 277 277 277 277 276 277 277 277 173 173 173 173 173 173 173 173 173 173 174 174 174 174 174 174 174 174 174 174 174 174 174 174 175 175 175 175 175 175 175 175 175
250 250 250 249 249 249 249 249 248 248 248 248 248 248 248 248 248 248 247 247 247 247 247 247 247 247 247 247 246 246 246 246 246 245 245 246 246 246 245 245 245 245 245 244 244 244 244 245 244 244 244 244 243 243 243 277 277 276 276 277 174 174 173 173 173 173 173 173 173 173 173 173 174 174 174 174 174 174 174 174 174 174 174 174 174 174 174 175 175 175 175 175 175 175
250 250 250 250 249 249 249 249 249 248 248 248 248 249 248 248 248 248 248 247 247 247 247 247 247 247 247 247 247 246 246 246 246 246 245 245 246 246 245 245 245 245 245 244 244 244 244 245 244 244 244 244 244 243 243 243 243 242 242 243 174 174 173 173 173 173 173 173 173 173 173 173 173 174 174 174 174 174 174 174 174 174 174 174 174 174 174 174 175 175 175 175 175 175
250 250 250 250 249 249 249 249 249 248 248 248 248 248 248 248 248 248 248 247 247 247 247 247 247 247 247 247 247 246 246 246 246 246 245 245 246 246 246 245 245 245 245 245 244 244 244 244 244 244 244 244 244 243 243 243 243 243 242 139 140 140 139 139 139 173 173 173 173 173 173 173 173 173 174 174 174 174 174 174 174 174 174 174 174 174 174 174 174 174 175 175 175 175
250 250 250 250 250 249 249 249 249 249 248 248 248 248 249 248 248 248 248 248 247 247 247 247 247 246 247 247 247 247 246 246 246 246 245 245 245 246 246 245 245 245 245 245 244 244 244 244 244 244 244 244 244 243 243 243 243 243 139 139 139 140 140 139 139 139 139 139 139 139 139 173 173 173 173 174 174 174 174 174 174 174 174 174 174 174 174 174 174 174 174 175 175 175
250 250 250 250 250 249 249 249 249 249 248 248 248 248 248 248 248 248 248 248 247 247 247 247 247 246 247 247 247 247 246 246 246 246 246 245 245 245 246 245 245 245 245 245 244 244 244 244 244 244 244 244 244 244 243 243 243 243 139 139 139 139 140 139 139 139 139 139 139 139 139 139 139 139 139 139 140 174 174 174 174 174 174 174 174 174 174 174 174 174 174 174 174 175
251 250 250 250 250 250 249 249 249 249 249 248 248 248 248 248 248 248 248 248 248 247 247 247 247 246 246 247 247 247 246 246 246 246 246 245 245 245 246 246 245 245 245 245 245 244 244 244 244 244 244 244 244 244 243 243 243 140 140 139 139 139 139 139 139 139 139 139 139 139 139 139 139 139 139 139 139 140 140 140 140 140 140 140 174 174 174 174 174 174 174 174 174 174
251 250 250 250 250 250 249 249 249 249 249 248 248 248 248 248 248 248 248 248 248 247 247 247 247 247 246 247 247 247 247 246 246 246 246 245 245 245 245 246 245 245 245 245 245 244 244 244 244 244 243 244 244 244 243 243 140 140 140 139 139 139 139 139 139 139 139 139 139 139 139 139 139 139 139 139 139 139 140 140 140 140 140 140 140 140 140 140 140 140 140 140 140 174
251 251 250 250 250 250 250 249 249 249 249 249 248 248 248 248 248 248 248 248 248 247 247 247 247 247 246 246 247 247 247 246 246 246 246 246 245 245 245 245 245 245 245 245 245 244 244 244 244 244 243 243 244 244 244 243 140 140 140 139 139 139 139 139 138 139 139 139 139 139 139 139 139 139 139 139 139 139 139 139 140 140 140 140 140 140 140 140 140 140 140 140 140 140
251 251 250 250 250 250 250 249 249 249 249 249 248 248 248 248 248 248 248 248 248 248 247 247 247 247 247 246 246 247 247 246 246 246 246 246 245 245 245 245 246 245 245 245 245 244 244 244 244 244 243 243 243 244 244 140 140 140 140 139 139 139 139 139 138 138 139 139 139 139 139 139 139 139 139 139 139 139 139 139 139 140 140 140 140 140 140 140 140 140 140 140 140 140
251 251 251 250 250 250 250 250 249 249 249 249 249 248 248 248 248 248 248 248 248 248 247 247 247 247 247 246 246 247 247 247 246 246 246 246 245 245 245 245 245 245 245 245 245 245 244 244 244 244 243 243 243 243 141 140 140 140 140 140 139 139 139 139 138 138 138 139 139 139 139 139 139 139 139 139 139 139 139 139 139 139 139 140 140 140 140 140 140 140 140 140 140 140
251 251 251 250 250 250 250 250 249 249 249 249 249 248 248 248 248 248 248 248 248 248 248 247 247 247 247 246 246 246 247 247 246 246 246 246 246 245 245 245 245 245 245 245 245 245 244 244 244 244 244 243 243 140 141 140 140 140 140 140 139 139 139 139 139 138 138 138 139 139 139 139 139 139 139 139 139 139 139 139 139 139 139 139 140 140 140 140 140 140 140 140 140 140
251 251 251 251 250 250 250 250 250 249 249 249 249 248 248 248 248 248 247 248 248 248 248 247 247 247 247 247 246 246 246 247 246 246 246 246 246 245 245 245 245 245 244 245 245 245 244 244 244 244 244 243 243 140 140 141 140 140 140 140 139 139 139 139 139 138 138 138 138 139 139 139 139 139 139 139 139 139 139 139 139 139 139 139 139 139 140 140 140 140 140 140 140 140
251 251 251 251 250 250 250 250 250 249 249 249 249 249 248 248 248 248 247 247 248 248 248 247 247 247 247 247 246 246 246 247 247 246 246 246 246 245 245 245 245 245 244 245 245 245 245 244 244 244 244 243 140 140 140 140 140 140 140 140 139 139 139 139 139 138 138 138 138 138 139 139 139 139 139 139 139 139 139 139 139 139 139 139 139 139 139 140 140 140 140 140 140 140
251 251 251 251 251 250 250 250 250 249 249 249 249 249 248 248 248 248 248 247 248 248 248 248 247 247 247 247 246 246 246 246 247 246 246 246 246 246 245 245 245 245 244 244 245 245 245 244 244 244 244 140 140 140 140 140 139 140 140 140 140 139 139 139 139 138 138 138 138 138 138 138 139 139 139 139 139 139 139 139 139 139 139 139 139 139 139 139 139 140 140 140 140 140
251 251 251 251 251 250 250 250 250 250 249 249 249 249 248 248 248 248 248 247 247 248 248 248 247 247 247 247 247 246 246 246 246 246 246 246 246 246 245 245 245 245 244 244 244 245 245 244 244 244 141 141 140 140 140 140 139 139 140 140 140 139 139 139 139 138 138 138 138 138 138 138 138 139 139 139 139 139 139 139 139 139 139 139 139 139 139 139 139 139 139 140 140 140
251 251 251 251 251 250 250 250 250 250 249 249 249 249 249 248 248 248 248 247 247 247 248 248 247 247 247 247 247 246 246 246 246 246 246 246 246 246 245 245 245 245 245 244 244 244 245 244 244 244 141 141 140 140 140 140 139 139 139 140 140 139 139 139 139 139 138 138 138 138 138 138 138 138 139 139 139 139 139 139 139 139 139 139 139 139 139 139 139 139 139 139 139 140
252 251 251 251 251 251 250 250 250 250 249 249 249 249 249 248 248 248 248 248 247 247 248 248 247 247 247 247 247 246 246 246 246 246 246 246 246 246 245 245 245 245 245 244 244 244 244 245 244 141 141 141 140 140 140 140 140 139 139 139 140 139 139 139 139 139 138 138 138 138 138 138 138 138 138 138 139 139 139 139 139 139 139 139 139 139 139 139 139 139 139 139 139 139
252 251 251 251 251 251 250 250 250 250 250 249 249 249 249 248 248 248 248 248 247 247 247 248 248 247 247 247 247 246 246 246 246 246 245 246 246 246 246 245 245 245 245 244 244 244 244 244 141 141 141 141 140 140 140 140 140 139 139 139 139 139 139 139 139 139 138 138 138 138 138 138 138 138 138 138 138 139 139 139 139 139 139 139 139 139 139 139 139 139 139 139 139 139
252 252 251 251 251 251 250 250 250 250 250 249 249 249 249 249 248 248 248 248 247 247 247 247 248 247 247 247 247 247 246 246 246 246 245 245 246 246 246 245 245 245 245 244 244 244 244 141 140 141 141 141 141 140 140 140 140 139 139 139 139 139 138 139 139 139 138 138 138 138 138 138 138 138 138 138 138 138 138 139 139 139 139 139 139 139 139 139 139 139 139 139 139 139
252 252 251 251 251 251 251 250 250 250 250 249 249 249 249 249 248 248 248 248 248 247 247 247 248 247 247 247 247 247 246 246 246 246 245 245 245 246 246 245 245 245 245 245 244 244 141 141 140 140 141 141 141 140 140 140 140 139 139 139 139 139 138 138 139 139 138 138 138 138 138 138 138 138 138 138 138 138 138 138 139 139 139 139 139 139 139 139 139 139 139 139 139 139
252 252 251 251 251 251 251 250 250 250 250 250 249 249 249 249 248 248 248 248 248 247 247 247 247 247 247 247 247 247 246 246 246 246 246 245 245 246 246 245 245 245 245 245 244 141 141 141 140 140 140 141 141 140 140 140 140 139 139 139 139 139 138 138 138 139 139 138 138 138 138 138 138 138 138 138 138 138 138 138 138 138 139 139 139 139 139 139 139 139 139 139 139 139
252 252 251 251 251 251 251 250 250 250 250 250 249 249 249 249 248 248 248 248 248 247 247 247 247 247 247 247 247 247 246 246 246 246 246 245 245 245 246 245 245 245 245 245 141 141 141 141 141 140 140 140 141 140 140 140 140 140 139 139 139 139 138 138 138 138 139 138 138 138 138 138 138 138 138 138 138 138 138 138 138 138 138 139 139 139 139 139 139 139 139 139 139 139
252 252 252 251 251 251 251 250 250 250 250 250 249 249 249 249 249 248 248 248 248 247 247 247 247 247 246 247 247 247 246 246 246 246 246 245 245 245 245 246 245 245 245 142 141 141 141 141 141 140 140 140 140 140 140 140 140 140 139 139 139 139 138 138 138 138 138 138 138 138 138 138 138 138 138 138 138 138 138 138 138 138 138 138 138 139 139 139 139 139 139 139 139 139
252 252 252 251 251 251 251 251 250 250 250 250 249 249 249 249 249 248 248 248 248 247 247 247 247 247 246 247 247 247 247 246 246 246 246 245 245 245 245 245 245 245 142 142 141 141 141 141 141 140 140 140 140 140 140 140 140 140 139 139 139 139 138 138 138 138 138 137 137 138 138 138 138 138 138 138 138 138 138 138 138 138 138 138 138 138 138 139 139 139 139 139 139 139
252 252 252 251 251 251 251 251 250 250 250 250 250 249 249 249 249 248 248 248 248 248 247 247 247 247 246 246 247 247 247 246 246 246 246 245 245 245 245 245 244 142 142 142 141 141 141 141 141 140 140 140 140 140 139 140 140 140 139 139 139 139 139 138 138 138 138 137 137 137 138 138 138 138 138 138 138 138 138 138 138 138 138 138 138 138 138 138 138 139 139 139 139 139
252 252 252 252 251 251 251 251 250 250 250 250 250 249 249 249 249 248 248 248 248 248 247 247 247 247 246 246 246 247 247 246 246 246 246 246 245 245 245 245 141 141 142 142 142 141 141 141 141 140 140 140 140 140 139 139 140 140 139 139 139 139 139 138 138 138 138 137 137 137 137 137 138 138 138 138 138 138 138 138 138 138 138 138 138 138 138 138 138 138 138 139 139 139
252 252 252 252 251 251 251 251 250 250 250 250 250 249 249 249 249 248 248 248 248 248 247 247 247 247 247 246 246 246 247 246 246 246 246 246 245 245 245 142 141 141 141 142 142 141 141 141 141 140 140 140 140 140 139 139 139 140 139 139 139 139 139 138 138 138 138 137 137 137 137 137 137 138 138 138 138 138 138 138 138 138 138 138 138 138 138 138 138 138 138 138 138 138
252 252 252 252 251 251 251 251 251 250 250 250 250 249 249 249 249 249 248 248 248 248 247 247 247 247 247 246 246 246 246 246 246 246 246 246 245 245 142 142 141 141 141 141 142 141 141 141 141 140 140 140 140 140 139 139 139 139 139 139 139 139 139 138 138 138 138 137 137 137 137 137 137 137 137 138 138 138 138 138 138 138 138 138 138 138 138 138 138 138 138 138 138 138
252 252 252 252 251 251 251 251 251 250 250 250 250 249 249 249 249 249 248 248 248 248 247 247 247 247 247 246 246 246 246 246 246 246 246 246 142 142 142 142 141 141 141 141 141 141 141 141 141 141 140 140 140 140 139 139 139 139 139 139 139 139 139 138 138 138 138 138 137 137 137 137 137 137 137 137 138 138 138 138 138 138 138 138 138 138 138 138 138 138 138 138 138 138
252 252 252 252 251 251 251 251 251 250 250 250 250 249 249 249 249 249 248 248 248 248 247 247 247 247 247 246 246 246 246 246 246 246 246 143 142 142 142 142 142 141 141 141 141 140 141 141 141 141 140 140 140 140 139 139 139 139 139 138 138 139 139 138 138 138 138 138 137 137 137 137 137 137 137 137 137 137 138 138 138 138 138 138 138 138 138 138 138 138 138 138 138 138
252 252 252 252 251 251 251 251 251 250 250 250 250 250 249 249 249 249 248 248 248 248 248 247 247 247 247 246 246 246 246 246 245 246 143 143 142 142 142 142 142 141 141 141 141 140 140 141 141 141 140 140 140 140 139 139 139 139 139 138 138 138 139 138 138 138 138 138 137 137 137 137 137 137 137 137 137 137 137 137 138 138 138 138 138 138 138 138 138 138 138 138 138 138
252 252 252 252 252 251 251 251 251 250 250 250 250 250 249 249 249 249 248 248 248 248 248 247 247 247 247 246 246 246 246 246 142 142 143 143 142 142 142 142 142 141 141 141 141 140 140 140 141 141 140 140 140 140 139 139 139 139 139 138 138 138 138 138 138 138 138 138 137 137 137 137 137 137 137 137 137 137 137 137 137 137 138 138 138 138 138 138 138 138 138 138 138 138
252 252 252 252 252 251 251 251 251 250 250 250 250 250 249 249 249 249 248 248 248 248 248 247 247 247 247 246 246 246 143 143 142 142 142 143 142 142 142 142 142 141 141 141 141 140 140 140 140 141 140 140 140 140 139 139 139 139 139 138 138 138 138 137 137 138 138 138 137 137 137 137 137 137 137 137 137 137 137 137 137 137 137 137 138 138 138 138 138 138 138 138 138 138
252 252 252 252 252 251 251 251 251 250 250 250 250 250 249 249 249 249 248 248 248 248 248 247 247 247 247 246 143 143 143 143 142 142 142 142 142 142 142 142 142 141 141 141 141 140 140 140 140 140 140 140 140 140 139 139 139 139 139 138 138 138 138 137 137 137 138 138 137 137 137 137 137 137 137 137 137 137 137 137 137 137 137 137 137 137 138 138 138 138 138 138 138 138
252 252 252 252 252 251 251 251 251 251 250 250 250 250 249 249 249 249 249 248 248 248 248 247 247 247 144 144 143 143 143 143 142 142 142 142 142 142 142 142 142 141 141 141 141 141 140 140 140 140 139 140 140 140 140 139 139 139 139 138 138 138 138 138 137 137 137 137 137 137 137 137 137 137 137 137 137 137 137 137 137 137 137 137 137 137 137 137 138 138 138 138 138 138
150 252 252 252 252 251 251 251 251 251 250 250 250 250 249 249 249 249 249 248 248 248 248 247 144 144 144 144 143 143 143 143 142 142 142 142 142 141 142 142 142 141 141 141 141 141 140 140 140 140 139 139 139 140 140 139 139 139 139 138 138 138 138 138 137 137 137 137 136 137 137 137 137 137 137 137 137 137 137 137 137 137 137 137 137 137 137 137 137 137 138 138 138 138
150 149 149 149 252 251 251 251 251 251 250 250 250 250 249 249 249 249 249 248 248 145 145 144 144 144 144 144 143 143 143 143 142 142 142 142 142 141 141 142 142 141 141 141 141 141 140 140 140 140 139 139 139 139 140 139 139 139 139 138 138 138 138 138 137 137 137 137 136 136 136 137 137 137 137 137 137 137 137 137 137 137 137 137 137 137 137 137 137 137 137 137 137 138
