testData/tiles/oneDegreeCosts/grid20.0-42.0-21.0-43.0.asc
ncols   200
nrows   200
xllcorner   20.0
yllcorner   42.0
cellsize   0.005
NODATA_value   -9999.0
[rows 40 to 79 of 200, columns 0 to 90 of 200]
694 694 693 694 694 692 691 691 692 692 691 691 690 689 691 690 690 834 833 833 832 832 832 831 829 828 826 824 823 823 823 814 814 814 814 816 816 816 816 816 815 820 834 842 847 852 856 860 863 866 869 872 875 877 880 882 884 886 889 891 893 894 895 897 899 901 903 904 906 906 908 909 910 912 914 914 916 917 919 919 919 920 923 924 924 925 926 927 928 929 931
692 692 691 692 691 691 690 690 690 691 690 689 689 689 688 689 834 833 832 831 829 830 829 828 827 826 824 822 822 822 813 813 814 814 814 814 814 814 814 814 814 828 837 843 849 854 857 861 863 867 870 871 874 878 880 882 885 887 888 890 892 894 895 897 899 901 903 903 905 906 907 908 910 911 913 914 915 916 917 919 919 920 921 922 923 924 925 926 928 929 929
691 691 691 691 690 690 689 690 689 689 689 688 686 687 686 832 832 831 830 829 829 828 828 827 826 824 823 821 820 821 812 812 812 812 812 812 813 813 813 813 819 832 839 845 848 854 857 861 864 867 870 873 875 877 879 881 884 886 888 890 892 894 896 896 898 900 901 903 905 906 907 908 910 910 912 913 914 916 917 918 919 919 920 921 923 923 924 925 926 926 929
690 690 689 688 688 687 688 687 687 686 687 686 686 686 686 830 830 829 829 829 828 827 827 825 823 822 820 818 819 820 811 811 811 811 811 811 811 812 812 812 825 834 840 845 850 855 858 862 865 868 869 872 875 877 880 882 884 886 888 890 891 893 895 896 897 900 901 903 905 905 907 907 909 910 911 913 915 915 916 917 918 920 920 921 922 923 923 924 925 927 927
688 688 688 687 687 687 687 686 685 685 685 686 685 685 830 829 829 827 827 826 825 824 823 823 822 820 818 818 818 809 810 810 810 810 809 809 809 810 810 816 829 836 842 846 851 854 858 861 864 867 870 872 875 877 880 883 884 885 887 889 891 893 895 896 898 900 900 902 903 905 907 908 908 910 910 912 913 915 916 917 918 919 919 920 921 922 923 924 925 925 926
687 687 686 686 685 686 685 685 684 683 683 683 683 828 827 826 826 827 826 825 824 823 822 821 820 819 817 817 816 807 808 808 808 808 808 808 808 808 809 823 832 838 842 847 851 854 859 862 865 867 870 873 875 876 879 881 884 886 887 889 891 893 894 895 897 899 900 902 903 905 906 907 908 909 910 911 913 914 915 916 917 918 919 920 921 922 922 922 923 924 925
685 685 684 684 684 684 683 682 682 682 682 682 827 827 826 825 825 825 824 823 822 821 819 818 818 817 815 815 806 806 806 807 807 807 807 807 807 806 810 825 833 838 843 848 851 855 858 862 865 867 869 872 874 877 879 881 884 886 888 888 890 892 893 895 897 898 900 902 902 904 905 907 908 909 910 911 911 913 914 915 917 918 919 919 919 921 922 923 923 924 924
684 683 683 683 683 682 682 681 680 681 680 680 826 825 823 824 823 822 822 821 820 819 817 817 816 815 814 814 805 805 805 806 805 805 805 805 805 805 818 828 834 840 844 848 851 854 858 861 864 867 870 872 874 877 879 880 882 885 887 889 890 891 893 895 896 897 899 900 902 903 905 906 908 908 908 910 911 912 914 915 915 916 918 919 919 920 921 921 922 923 924
682 682 681 682 681 680 679 679 679 678 678 823 823 823 823 822 821 820 820 819 818 817 817 815 814 813 812 803 803 803 803 803 804 804 804 804 805 805 822 830 836 841 845 849 853 856 859 861 865 867 870 871 873 876 878 880 882 884 887 889 891 891 892 894 895 897 899 900 903 903 904 905 906 908 909 910 911 911 912 914 914 916 917 918 920 919 920 921 922 922 923
680 680 680 680 679 678 678 678 678 678 822 822 821 822 821 821 820 819 818 817 816 815 814 812 810 810 811 802 802 802 802 802 802 804 804 803 803 814 824 831 837 842 846 850 853 856 859 861 864 867 869 871 874 876 878 880 882 883 886 888 889 891 892 894 895 897 897 899 900 903 903 905 906 907 908 909 909 911 912 913 915 915 916 917 918 919 920 921 922 922 922
679 679 679 678 678 677 677 677 677 822 821 819 819 820 819 818 817 816 815 816 815 813 812 810 809 809 801 801 801 800 800 801 801 802 802 802 802 818 826 832 837 843 846 849 852 856 859 861 864 867 870 872 874 875 877 879 881 883 885 887 889 891 892 893 894 895 897 899 900 902 904 904 905 906 908 909 910 910 912 912 913 914 915 917 918 919 919 919 920 921 921
676 677 676 676 675 675 675 674 820 819 818 819 818 817 817 816 815 814 814 813 813 812 810 807 807 807 798 799 799 800 800 800 800 800 801 801 809 820 827 832 837 841 846 850 853 856 859 861 864 866 869 871 873 876 877 879 881 883 884 885 888 890 891 893 895 895 897 898 899 900 902 904 904 906 907 908 909 909 910 912 913 914 914 914 916 918 919 919 920 921 921
676 675 675 674 674 674 673 673 818 818 818 817 816 815 816 814 813 813 812 810 809 809 807 806 806 797 797 799 799 799 799 799 798 798 799 799 813 822 828 833 838 842 847 850 852 855 858 861 863 866 868 871 873 876 878 879 879 881 883 885 887 889 891 893 893 895 895 897 898 900 901 903 904 904 906 907 908 910 910 911 911 912 914 914 915 917 918 918 918 919 921
674 674 673 673 673 673 673 816 816 815 815 814 814 813 812 812 812 811 810 808 807 806 805 805 796 796 796 796 797 797 797 797 797 797 797 800 816 824 829 834 838 841 845 849 852 855 858 861 863 866 868 869 872 874 876 878 880 881 883 885 885 888 890 891 893 895 896 897 898 899 900 901 904 904 905 907 908 908 909 910 911 912 913 914 914 915 917 918 918 919 919
672 671 671 671 671 670 815 815 814 814 814 813 812 811 810 811 810 809 808 805 804 802 803 803 795 795 795 795 796 796 796 796 796 796 795 806 817 824 829 834 838 842 845 848 852 855 857 860 862 864 867 869 872 874 876 878 880 881 883 883 885 887 890 891 893 893 895 896 897 898 900 901 902 904 904 905 906 908 909 910 910 911 912 913 913 914 915 917 917 917 919
670 670 669 670 669 669 814 813 813 813 811 810 809 808 808 807 807 806 805 803 801 801 802 794 794 794 794 794 793 794 794 794 794 794 794 809 819 825 830 835 839 842 844 848 852 854 857 860 862 864 867 869 870 873 875 877 879 881 882 884 885 887 887 890 891 893 894 896 897 898 898 899 901 902 904 905 906 907 908 909 909 910 911 912 914 913 914 915 917 917 918
668 667 668 667 667 812 811 811 811 810 809 808 807 806 806 805 805 804 802 801 800 800 791 792 792 792 792 792 792 793 793 793 793 793 799 812 819 825 830 835 839 842 846 849 851 854 857 860 861 863 865 868 870 872 875 877 879 880 881 883 885 885 887 888 891 892 894 894 896 896 898 899 900 902 903 904 905 906 907 908 909 910 910 911 912 913 913 914 914 916 916
666 667 666 666 811 810 809 810 809 808 807 806 806 806 803 802 801 801 799 798 799 790 790 791 791 791 791 791 791 791 792 791 791 791 804 814 820 827 831 835 839 843 846 848 851 853 857 859 862 863 865 867 869 872 873 875 877 879 881 882 884 886 887 887 889 891 893 894 895 897 897 898 899 900 902 903 904 905 907 907 908 909 909 910 911 913 912 913 914 915 917
664 665 664 810 808 807 808 807 806 805 804 804 804 802 801 800 799 797 797 798 789 789 789 789 790 789 789 789 789 789 789 791 791 791 807 815 821 826 831 835 838 842 845 848 851 853 857 859 862 864 865 867 868 870 872 875 877 879 880 881 883 884 886 888 888 891 892 894 894 895 897 897 898 900 901 901 903 904 905 906 907 909 909 909 910 911 912 912 913 913 914
663 662 662 807 806 807 806 805 804 803 802 803 801 800 799 798 796 794 796 796 787 787 787 787 788 788 788 788 788 789 789 790 790 795 808 815 821 826 830 835 838 842 845 848 851 852 855 858 860 863 865 867 869 871 872 873 876 877 879 881 882 884 886 887 888 888 891 892 894 895 896 898 897 898 900 901 902 903 904 905 906 907 908 908 909 910 911 912 912 913 914
661 661 806 805 805 805 804 803 801 800 800 799 798 797 796 794 793 794 794 786 786 786 786 786 786 787 787 786 787 787 787 787 788 800 810 816 822 826 830 835 838 841 844 847 849 852 854 857 860 862 865 866 868 870 871 872 874 877 879 880 881 883 884 886 887 889 889 892 893 893 895 896 897 898 899 900 901 902 903 904 905 906 908 908 908 909 910 911 911 912 912
659 804 803 802 803 802 801 800 799 799 798 797 796 795 793 792 793 793 784 785 784 784 784 784 784 784 786 786 786 786 786 786 787 802 811 816 821 826 830 833 838 841 844 847 849 852 854 856 859 861 863 865 867 869 871 873 874 875 877 879 880 882 884 885 887 887 889 889 891 893 894 896 897 897 897 899 900 901 902 903 904 905 906 907 907 908 909 909 910 911 912
802 802 801 801 801 800 799 798 798 797 796 795 792 791 790 791 782 782 782 782 783 783 783 783 784 784 785 785 785 784 784 784 786 803 811 817 821 826 830 833 837 841 843 845 848 851 853 855 858 861 863 865 866 868 870 871 873 875 878 878 880 881 882 884 885 887 888 890 890 892 893 894 895 897 898 898 899 900 901 902 902 904 905 907 907 907 908 909 910 911 910
800 799 799 798 798 797 796 795 795 794 792 791 789 789 790 781 781 781 781 781 782 782 781 782 782 782 782 783 783 783 783 783 793 804 812 817 821 825 829 832 835 840 842 845 848 850 853 855 856 858 861 863 865 867 869 871 873 874 875 878 879 880 882 883 885 886 887 888 889 890 892 893 895 896 896 897 898 899 900 901 903 902 904 905 906 907 907 907 908 909 909
797 798 797 796 795 794 794 793 792 791 790 788 788 789 779 779 779 779 779 779 779 780 781 781 781 781 781 782 782 782 782 781 794 804 811 816 821 825 829 832 835 838 842 844 846 849 851 854 856 858 861 863 865 866 868 870 871 873 875 876 879 880 880 882 883 885 886 887 889 890 891 892 893 894 896 897 897 898 899 900 901 902 902 904 904 905 907 907 908 909 910
795 796 795 794 792 791 791 790 789 787 786 786 787 778 778 778 778 778 778 778 778 780 780 780 779 779 779 779 780 780 780 780 796 805 811 817 822 826 829 832 835 838 841 845 847 850 852 853 855 857 859 862 864 865 867 869 871 873 873 875 876 879 880 881 883 884 885 886 887 889 890 891 893 894 894 895 897 897 898 899 900 900 901 902 904 905 906 906 906 907 908
793 792 792 791 790 790 788 787 786 785 785 786 777 777 777 777 777 776 776 777 777 777 778 778 778 778 778 778 778 779 779 784 798 805 811 816 821 825 829 832 835 838 841 844 846 848 851 853 855 857 859 860 863 865 866 868 869 871 873 874 876 878 880 881 881 882 884 885 887 888 889 890 891 892 893 895 896 897 897 897 899 900 901 901 902 903 904 905 906 907 908
791 790 789 788 788 787 786 783 783 783 774 775 775 775 775 775 775 775 776 776 776 776 776 777 777 777 776 776 776 777 778 788 799 806 811 816 821 825 828 831 834 837 839 842 845 848 850 852 855 857 858 860 862 863 865 867 869 870 872 873 874 876 878 880 881 882 883 884 885 886 888 889 889 892 893 893 894 895 897 897 898 899 899 900 901 902 904 906 906 907 908
789 788 787 785 784 783 782 782 782 773 774 774 774 774 774 774 774 775 774 774 774 774 774 775 775 775 775 775 776 776 777 790 800 805 810 815 819 824 827 830 833 836 839 842 844 846 849 851 853 855 857 859 861 864 866 866 867 869 871 872 874 875 877 878 880 881 882 883 884 886 887 887 889 889 891 892 894 895 895 896 897 898 899 901 902 902 903 905 906 907 908
787 786 785 783 782 782 782 773 773 772 772 772 772 772 772 772 773 773 773 773 773 773 773 773 774 774 775 774 774 774 775 791 799 805 810 815 819 823 827 830 832 835 838 840 843 846 848 850 853 855 856 858 859 861 864 866 868 868 870 871 872 874 875 877 879 881 882 882 883 884 885 887 888 889 890 892 893 894 895 896 898 899 899 900 901 902 903 904 905 906 907
784 783 781 781 781 781 772 772 772 772 772 772 772 772 772 772 772 772 772 772 771 771 771 771 772 773 773 773 773 773 773 792 800 805 809 814 818 821 826 829 832 834 837 840 842 844 847 849 851 853 855 857 859 861 863 864 866 868 868 870 871 873 875 876 876 879 880 882 883 884 886 886 887 889 890 891 893 894 896 896 897 898 899 900 901 901 902 903 904 906 907
782 781 781 781 772 772 772 772 772 772 772 771 771 771 771 771 771 771 771 771 771 771 771 771 771 772 772 772 771 771 778 791 799 805 809 814 817 821 824 828 831 833 836 838 841 843 845 848 850 853 854 855 857 859 861 863 865 867 869 870 871 872 874 875 877 878 881 882 882 884 885 886 888 889 890 890 891 894 895 896 897 898 898 899 901 902 903 904 904 905 907
780 780 771 771 771 771 771 771 771 771 771 771 771 771 771 771 771 771 771 771 771 770 770 770 770 770 771 771 771 771 782 792 800 806 810 813 817 821 824 827 831 834 836 839 841 843 845 847 850 852 854 856 858 860 861 863 864 866 868 870 871 873 874 876 876 878 880 881 883 884 885 887 887 888 889 891 892 893 895 895 896 897 899 900 901 901 902 903 904 905 906
771 771 771 771 771 771 771 771 771 771 771 771 771 770 770 770 770 770 770 770 770 770 770 770 770 770 771 771 771 770 783 793 799 805 810 814 818 821 824 827 831 833 836 838 841 843 845 847 850 852 854 855 857 859 861 862 864 867 868 870 870 872 873 875 876 878 879 882 882 883 885 886 887 888 890 890 891 892 893 895 897 898 898 899 900 901 902 903 903 904 905
771 770 770 770 770 770 770 770 770 770 770 770 770 770 770 770 770 770 770 770 770 770 769 769 769 769 769 770 770 770 785 794 800 805 811 815 817 821 824 827 830 834 836 839 841 843 844 847 849 852 854 856 857 859 861 863 863 865 868 869 871 872 874 875 876 877 878 880 882 884 885 886 886 888 889 890 891 892 894 894 896 897 898 899 900 900 901 902 903 904 905
770 770 770 770 770 770 770 770 770 770 770 770 770 769 769 769 769 769 769 769 769 769 769 769 769 769 769 769 770 770 786 794 800 805 810 814 818 821 824 827 830 832 836 838 840 843 845 847 849 851 854 855 857 858 860 862 864 865 867 869 870 872 873 874 876 877 879 880 880 883 884 885 887 888 889 889 890 892 893 894 895 897 897 898 899 900 902 903 903 904 905
770 770 770 769 769 769 769 769 769 769 769 769 769 769 769 769 769 769 769 769 769 769 768 768 768 768 768 768 769 771 787 795 801 806 810 815 818 821 824 827 830 832 836 838 841 843 845 846 848 850 852 855 857 859 861 862 863 865 866 868 870 872 873 875 875 877 878 879 881 882 884 886 886 887 888 889 891 892 892 893 894 895 897 899 900 900 901 902 903 904 905
769 769 769 769 769 769 769 769 769 769 769 769 769 769 768 768 768 768 768 768 768 768 768 768 768 768 768 768 768 776 787 795 800 805 810 813 818 821 824 827 830 833 834 838 840 842 844 847 849 851 853 854 856 858 860 861 863 865 866 868 869 871 873 874 875 877 878 880 880 881 882 885 886 887 888 889 890 891 892 893 894 896 896 898 899 900 901 902 902 903 904
769 769 769 768 768 768 768 768 768 768 768 768 768 768 768 768 768 768 768 768 768 768 768 767 767 767 767 767 767 777 788 796 801 806 810 814 817 821 824 827 829 832 835 837 840 843 845 846 848 850 852 854 856 858 860 862 862 864 866 867 869 871 873 874 875 876 877 879 880 881 883 883 885 886 888 889 890 891 891 893 894 895 896 897 898 899 900 901 902 903 903
768 768 768 768 768 768 768 768 768 768 768 768 768 768 767 767 767 767 767 767 767 767 767 767 767 767 767 767 767 778 788 795 801 805 810 813 817 821 824 827 830 832 834 836 839 842 844 846 848 850 852 853 855 858 859 861 863 864 866 867 868 869 872 873 875 876 878 879 879 881 882 883 884 887 888 888 889 890 892 893 894 894 895 896 897 899 900 900 901 902 903
