testData/tiles/oneDegreeCosts/grid28.0-28.0-29.0-29.0.asc
ncols   200
nrows   200
xllcorner   28.0
yllcorner   28.0
cellsize   0.005
NODATA_value   -9999.0
[rows 42 to 83 of 200, columns 0 to 93 of 200]
186 186 187 187 186 186 186 186 186 185 185 185 185 185 185 185 185 185 185 185 185 185 185 229 229 229 229 229 229 229 229 229 229 229 229 229 229 229 229 229 229 230 230 230 230 230 230 230 230 230 230 230 230 230 230 230 230 230 230 230 230 230 230 231 231 232 232 233 233 234 234 235 235 236 236 237 237 237 238 238 239 239 240 240 240 241 241 242 242 242 243 243 243 244
186 187 187 186 186 186 186 186 185 185 185 185 185 185 185 185 185 185 185 185 185 185 229 229 229 229 229 229 229 229 229 229 229 229 229 229 229 229 229 229 230 230 230 230 230 230 230 230 230 230 230 230 230 230 230 230 230 230 230 230 230 231 231 232 232 233 233 234 234 235 235 236 236 237 237 237 238 238 239 239 240 240 240 241 241 242 242 242 243 243 243 244 244 244
186 187 186 186 186 186 186 185 185 185 185 185 185 185 185 185 185 185 185 185 229 229 229 229 229 229 229 229 229 229 229 229 229 229 229 229 229 229 229 230 230 230 230 230 230 230 230 230 230 230 230 230 230 230 230 230 230 230 230 231 231 232 232 233 233 234 234 235 235 236 236 236 237 237 238 238 239 239 239 240 240 241 241 241 242 242 243 243 243 244 244 244 245 245
187 186 186 186 186 186 185 185 185 185 185 185 185 185 185 185 185 185 185 229 229 229 229 229 229 229 229 229 229 229 229 229 229 229 229 229 229 229 229 230 230 230 230 230 230 230 230 230 230 230 230 230 230 230 230 230 230 230 231 231 232 233 233 234 234 234 235 235 236 236 237 237 238 238 239 239 239 240 240 241 241 241 242 242 243 243 243 244 244 244 245 245 246 246
187 186 186 186 186 186 185 185 185 185 185 185 185 185 185 185 185 229 229 229 229 229 229 229 229 229 229 229 229 229 229 229 229 229 229 229 229 229 230 230 230 230 230 230 230 230 230 230 230 230 230 230 230 230 230 230 231 231 232 232 233 233 234 234 235 235 236 236 237 237 238 238 238 239 239 240 240 241 241 241 242 242 243 243 243 244 244 244 245 245 246 246 246 247
186 186 186 186 186 185 185 185 185 185 185 185 185 185 185 185 229 229 229 229 229 229 229 229 229 229 229 229 229 229 229 229 229 229 229 229 229 230 230 230 230 230 230 230 230 230 230 230 230 230 230 230 230 230 231 231 232 232 233 233 234 234 235 235 236 236 237 237 238 238 238 239 239 240 240 241 241 241 242 242 243 243 243 244 244 244 245 245 246 246 246 247 247 247
186 186 186 186 185 185 185 185 185 185 185 185 185 185 229 229 229 229 229 229 229 229 229 229 229 229 229 229 229 229 229 229 229 229 229 229 229 230 230 230 230 230 230 230 230 230 230 230 230 230 230 230 230 231 232 232 233 233 234 234 235 235 236 236 236 237 237 238 238 239 239 240 240 240 241 241 242 242 242 243 243 244 244 244 245 245 245 246 246 247 247 247 248 248
186 186 186 185 185 185 185 185 185 185 185 185 185 229 229 229 229 229 229 229 229 229 229 229 229 229 229 229 229 229 229 229 229 229 229 229 230 230 230 230 230 230 230 230 230 230 230 230 230 230 230 231 231 232 232 233 233 234 234 235 235 236 236 237 237 238 238 239 239 240 240 240 241 241 242 242 242 243 243 244 244 244 245 245 245 246 246 246 247 247 248 248 248 249
186 186 186 185 185 185 185 185 185 185 185 229 229 229 229 229 229 229 229 229 229 229 229 229 229 229 229 229 229 229 229 229 229 229 229 230 230 230 230 230 230 230 230 230 230 230 230 230 230 231 231 232 232 233 233 234 234 235 235 236 236 237 237 238 238 239 239 239 240 240 241 241 241 242 242 243 243 243 244 244 245 245 245 246 246 246 247 247 248 248 248 249 249 250
186 186 185 185 185 185 185 185 185 185 229 229 229 229 229 229 229 229 229 229 229 229 229 229 229 229 229 229 229 229 229 229 229 229 229 230 230 230 230 230 230 230 230 230 230 230 230 230 231 231 232 233 233 234 234 235 235 236 236 237 237 237 238 238 239 239 240 240 241 241 241 242 242 243 243 243 244 244 245 245 245 246 246 246 247 247 247 248 248 248 249 249 250 251
186 185 185 185 185 185 185 185 229 229 229 229 229 229 229 229 229 229 229 229 229 229 229 229 229 229 229 229 229 229 229 229 229 229 230 230 230 230 230 230 230 230 230 230 230 230 231 231 232 232 233 233 234 234 235 235 236 236 237 237 238 238 239 239 240 240 240 241 241 242 242 243 243 243 244 244 244 245 245 246 246 246 247 247 247 248 248 248 249 249 249 251 251 251
185 185 185 185 185 185 185 229 229 229 229 229 229 229 229 229 229 229 229 229 229 229 229 229 229 229 229 229 229 229 229 229 229 229 230 230 230 230 230 230 230 230 230 230 230 231 232 232 233 233 234 234 235 235 236 236 237 237 238 238 239 239 239 240 240 241 241 242 242 242 243 243 244 244 244 245 245 246 246 246 247 247 247 248 248 248 249 249 249 250 251 251 252 252
185 185 185 185 185 185 229 229 229 229 229 229 229 229 229 229 229 229 229 229 229 229 229 229 229 229 229 229 229 229 229 229 229 230 230 230 230 230 230 230 230 230 230 231 231 232 232 233 233 234 235 235 236 236 236 237 237 238 238 239 239 240 240 241 241 241 242 242 243 243 243 244 244 245 245 245 246 246 247 247 247 248 248 248 249 249 249 250 250 251 252 252 252 253
185 185 185 185 229 229 229 229 229 229 229 229 229 229 229 229 229 229 229 229 229 229 229 229 229 229 229 229 229 229 229 229 230 230 230 230 230 230 230 230 230 231 231 232 232 233 233 234 234 235 235 236 236 237 237 238 238 239 239 240 240 240 241 241 242 242 243 243 243 244 244 245 245 245 246 246 246 247 247 248 248 248 249 249 249 250 250 250 252 252 252 253 253 253
185 185 185 229 229 229 229 229 229 229 229 229 229 229 229 229 229 229 229 229 229 229 229 229 229 229 229 229 229 229 229 229 230 230 230 230 230 230 230 230 231 231 232 232 233 234 234 235 235 236 236 237 237 238 238 238 239 239 240 240 241 241 242 242 242 243 243 244 244 244 245 245 246 246 246 247 247 247 248 248 249 249 249 250 250 250 251 252 252 253 253 253 254 254
185 185 229 229 229 229 229 229 229 229 229 229 229 229 229 229 229 229 229 229 229 229 229 229 229 229 229 229 229 229 229 230 230 230 230 230 230 230 231 231 232 232 233 233 234 234 235 235 236 236 237 237 238 238 239 239 240 240 241 241 241 242 242 243 243 243 244 244 245 245 245 246 246 247 247 247 248 248 248 249 249 249 250 250 250 251 252 252 253 253 253 254 254 254
229 229 229 229 229 229 229 229 229 229 229 229 229 229 229 229 229 229 229 229 229 229 229 229 229 229 229 229 229 229 229 230 230 230 230 230 230 231 231 232 232 233 234 234 235 235 236 236 237 237 238 238 239 239 239 240 240 241 241 242 242 243 243 243 244 244 245 245 245 246 246 246 247 247 248 248 248 249 249 249 250 250 250 251 251 251 253 253 253 254 254 254 255 255
229 229 229 229 229 229 229 229 229 229 229 229 229 229 229 229 229 229 229 229 229 229 229 229 229 229 229 229 229 229 230 230 230 230 230 230 231 232 232 233 233 234 234 235 235 236 236 237 237 238 238 239 239 240 240 241 241 241 242 242 243 243 244 244 244 245 245 246 246 246 247 247 247 248 248 249 249 249 250 250 250 251 251 251 252 253 253 254 254 254 255 255 255 256
229 229 229 229 229 229 229 229 229 229 229 229 229 229 229 229 229 229 229 229 229 229 229 229 229 229 229 229 229 230 230 230 230 230 231 231 232 232 233 234 234 235 235 236 236 237 237 238 238 239 239 239 240 240 241 241 242 242 243 243 243 244 244 245 245 245 246 246 247 247 247 248 248 248 249 249 250 250 250 251 251 251 252 252 253 254 254 254 255 255 255 255 256 256
229 229 229 229 229 229 229 229 229 229 229 229 229 229 229 229 229 229 229 229 229 229 229 229 229 229 229 229 229 230 230 230 230 231 232 232 233 233 234 234 235 235 236 236 237 237 238 238 239 239 240 240 241 241 242 242 242 243 243 244 244 244 245 245 246 246 246 247 247 248 248 248 249 249 249 250 250 250 251 251 251 252 252 253 254 254 254 255 255 255 256 256 256 257
229 229 229 229 229 229 229 229 229 229 229 229 229 229 229 229 229 229 229 229 229 229 229 229 229 229 229 229 230 230 230 231 231 232 232 233 233 234 235 235 236 236 237 237 238 238 239 239 239 240 240 241 241 242 242 243 243 243 244 244 245 245 245 246 246 247 247 247 248 248 249 249 249 250 250 250 251 251 251 252 252 252 254 254 254 255 255 255 256 256 256 257 257 257
229 229 229 229 229 229 229 229 229 229 229 229 229 229 229 229 229 229 229 229 229 229 229 229 229 229 229 229 230 230 231 231 232 233 233 234 234 235 235 236 236 237 237 238 238 239 239 240 240 241 241 242 242 242 243 243 244 244 244 245 245 246 246 246 247 247 248 248 248 249 249 249 250 250 251 251 251 252 252 252 253 254 254 255 255 255 256 256 256 256 257 257 257 258
229 229 229 229 229 229 229 229 229 229 229 229 229 229 229 229 229 229 229 229 229 229 229 229 229 229 229 230 231 231 232 232 233 233 234 234 235 236 236 237 237 238 238 239 239 239 240 240 241 241 242 242 243 243 243 244 244 245 245 246 246 246 247 247 247 248 248 249 249 249 250 250 250 251 251 251 252 252 252 253 253 254 255 255 255 256 256 256 257 257 257 258 258 258
229 229 229 229 229 229 229 229 229 229 229 229 229 229 229 229 229 229 229 229 229 229 229 229 229 229 230 231 231 232 232 233 234 234 235 235 236 236 237 237 238 238 239 239 240 240 241 241 241 242 242 243 243 244 244 245 245 245 246 246 247 247 247 248 248 248 249 249 250 250 250 251 251 251 252 252 252 253 253 253 255 255 255 256 256 256 257 257 257 257 258 258 258 259
229 229 229 229 229 229 229 229 229 229 229 229 229 229 229 229 229 229 229 229 229 229 229 229 229 229 231 232 232 233 233 234 234 235 235 236 236 237 237 238 238 239 239 240 240 241 241 242 242 243 243 243 244 244 245 245 246 246 246 247 247 247 248 248 249 249 249 250 250 250 251 251 252 252 252 253 253 253 254 255 255 256 256 256 256 257 257 257 258 258 258 259 259 259
229 229 229 229 229 229 229 229 229 229 229 229 229 229 229 229 229 229 229 229 229 229 229 229 230 231 232 232 233 233 234 235 235 236 236 237 237 238 238 239 239 240 240 241 241 241 242 242 243 243 244 244 244 245 245 246 246 247 247 247 248 248 248 249 249 250 250 250 251 251 251 252 252 252 253 253 253 254 255 255 256 256 256 257 257 257 258 258 258 258 259 259 259 260
254 254 229 229 229 229 229 229 229 229 229 229 229 229 229 229 229 229 229 229 229 229 229 230 230 232 232 233 234 234 235 235 236 236 237 237 238 238 239 239 240 240 241 241 242 242 243 243 243 244 244 245 245 245 246 246 247 247 247 248 248 249 249 249 250 250 250 251 251 252 252 252 253 253 253 254 254 254 256 256 256 257 257 257 257 258 258 258 259 259 259 260 260 260
254 254 254 254 254 229 229 229 229 229 229 229 229 229 229 229 229 229 229 229 229 229 230 230 232 233 233 234 234 235 235 236 236 237 237 238 238 239 239 240 240 241 241 242 242 243 243 244 244 244 245 245 246 246 246 247 247 248 248 248 249 249 250 250 250 251 251 251 252 252 252 253 253 253 254 254 254 256 256 256 257 257 257 258 258 258 259 259 259 259 260 260 260 261
254 254 254 254 254 254 254 254 229 229 229 229 229 229 229 229 229 229 229 229 229 230 231 231 233 233 234 235 235 236 236 237 237 238 238 239 239 240 240 241 241 242 242 242 243 243 244 244 245 245 245 246 246 247 247 247 248 248 249 249 249 250 250 250 251 251 252 252 252 253 253 253 254 254 254 255 256 256 257 257 257 258 258 258 258 259 259 259 260 260 260 261 261 261
254 254 254 254 254 254 254 254 254 254 229 229 229 229 229 229 229 229 229 230 230 231 231 233 234 234 235 235 236 236 237 237 238 238 239 239 240 240 241 241 242 242 243 243 243 244 244 245 245 246 246 246 247 247 248 248 248 249 249 250 250 250 251 251 251 252 252 252 253 253 253 254 254 254 255 256 256 257 257 257 258 258 258 259 259 259 260 260 260 260 261 261 261 262
254 254 254 254 254 254 254 254 254 254 254 229 229 229 229 229 229 229 230 230 231 232 232 234 234 235 235 236 236 237 237 238 238 239 239 240 240 241 241 242 242 243 243 244 244 244 245 245 246 246 247 247 247 248 248 249 249 249 250 250 250 251 251 252 252 252 253 253 253 254 254 254 255 255 256 257 257 257 258 258 258 259 259 259 259 260 260 260 261 261 261 261 262 262
254 254 254 254 254 254 254 254 254 254 254 254 254 229 229 229 229 230 231 231 232 232 234 234 235 236 236 237 237 238 238 239 239 240 240 241 241 242 242 242 243 243 244 244 245 245 245 246 246 247 247 248 248 248 249 249 249 250 250 251 251 251 252 252 252 253 253 253 254 254 254 255 255 255 257 257 257 258 258 258 259 259 259 260 260 260 260 261 261 261 262 262 262 262
254 254 254 254 254 254 254 254 254 254 254 254 254 254 229 229 230 231 231 232 232 233 235 235 236 236 237 237 238 238 239 239 240 240 241 241 242 242 243 243 243 244 244 245 245 246 246 246 247 247 248 248 248 249 249 250 250 250 251 251 251 252 252 253 253 253 254 254 254 255 255 255 256 257 257 258 258 258 259 259 259 259 260 260 260 261 261 261 262 262 262 262 263 263
254 254 254 254 254 254 254 254 254 254 254 254 254 254 255 255 231 231 232 233 233 235 235 236 236 237 237 238 238 239 239 240 240 241 241 242 242 243 243 244 244 244 245 245 246 246 247 247 247 248 248 249 249 249 250 250 251 251 251 252 252 252 253 253 253 254 254 254 255 255 255 256 257 257 258 258 258 259 259 259 260 260 260 261 261 261 261 262 262 262 263 263 263 263
254 254 254 254 254 254 254 254 254 254 254 254 254 255 255 256 257 232 233 233 235 235 236 236 237 238 238 239 239 240 240 241 241 241 242 242 243 243 244 244 245 245 245 246 246 247 247 248 248 248 249 249 250 250 250 251 251 251 252 252 253 253 253 254 254 254 255 255 255 256 256 256 258 258 258 259 259 259 259 260 260 260 261 261 261 262 262 262 262 263 263 263 264 264
254 254 254 254 254 254 254 254 254 254 254 254 255 255 256 257 257 258 233 234 235 236 237 237 238 238 239 239 240 240 241 241 242 242 243 243 243 244 244 245 245 246 246 246 247 247 248 248 248 249 249 250 250 250 251 251 252 252 252 253 253 253 254 254 254 255 255 255 256 256 256 258 258 258 259 259 259 260 260 260 261 261 261 261 262 262 262 263 263 263 263 264 264 264
254 254 254 254 254 254 254 254 254 254 254 255 256 256 257 257 258 258 259 236 236 237 237 238 238 239 239 240 240 241 241 242 242 243 243 244 244 244 245 245 246 246 247 247 247 248 248 249 249 249 250 250 251 251 251 252 252 252 253 253 253 254 254 255 255 255 256 256 256 257 258 258 259 259 259 259 260 260 260 261 261 261 262 262 262 262 263 263 263 264 264 264 264 265
254 254 254 254 254 254 254 254 254 254 255 256 256 257 257 258 259 259 260 261 237 237 238 238 239 239 240 240 241 241 242 242 243 243 244 244 245 245 245 246 246 247 247 248 248 248 249 249 250 250 250 251 251 251 252 252 253 253 253 254 254 254 255 255 255 256 256 256 257 257 258 259 259 259 260 260 260 261 261 261 261 262 262 262 263 263 263 263 264 264 264 265 265 265
254 254 254 254 254 254 254 254 254 255 256 256 257 258 258 259 259 260 261 262 262 263 238 239 239 240 240 241 241 242 242 243 243 244 244 245 245 246 246 246 247 247 248 248 248 249 249 250 250 250 251 251 252 252 252 253 253 253 254 254 254 255 255 255 256 256 256 257 257 258 259 259 259 260 260 260 261 261 261 262 262 262 262 263 263 263 264 264 264 264 265 265 265 265
254 254 254 254 254 254 254 255 255 256 256 257 258 258 259 259 260 260 262 263 263 264 264 240 240 241 241 242 242 242 243 243 244 244 245 245 246 246 246 247 247 248 248 249 249 249 250 250 251 251 251 252 252 252 253 253 253 254 254 255 255 255 256 256 256 257 257 257 259 259 259 260 260 260 260 261 261 261 262 262 262 263 263 263 263 264 264 264 265 265 265 265 266 266
254 254 254 254 254 254 255 255 256 256 257 258 258 259 259 260 261 262 263 263 264 264 265 240 241 241 242 242 243 243 243 244 244 245 245 246 246 247 247 247 248 248 249 249 249 250 250 251 251 251 252 252 253 253 253 254 254 254 255 255 255 256 256 256 257 257 257 259 259 259 260 260 260 261 261 261 261 262 262 262 263 263 263 264 264 264 264 265 265 265 265 266 266 266
254 254 254 254 254 255 255 256 257 257 258 258 259 259 260 261 261 263 263 264 264 265 265 266 241 242 242 243 243 244 244 244 245 245 246 246 247 247 248 248 248 249 249 250 250 250 251 251 252 252 252 253 253 253 254 254 254 255 255 255 256 256 256 257 257 257 258 259 259 260 260 260 261 261 261 262 262 262 263 263 263 263 264 264 264 265 265 265 265 266 266 266 266 267
