testData/tiles/oneDegreeCosts/grid1.0-4.0-2.0-5.0.asc
ncols   200
nrows   200
xllcorner   1.0
yllcorner   4.0
cellsize   0.005
NODATA_value   -9999.0
[rows 42 to 83 of 200, columns 0 to 93 of 200]
401 400 400 400 401 401 400 400 400 400 400 400 400 400 400 401 402 402 403 403 403 404 404 404 405 405 405 407 407 407 408 408 408 409 409 409 409 410 410 410 411 412 412 412 413 413 413 413 414 414 414 414 502 502 502 502 503 503 503 504 504 505 505 483 483 483 483 483 483 483 483 485 487 489 525 527 529 530 532 533 536 538 540 541 542 544 545 547 548 549 550 552 552 553
402 402 402 402 401 401 401 401 401 401 402 402 402 402 402 403 403 403 404 404 405 405 406 407 407 407 408 408 408 409 409 409 409 410 410 410 412 412 412 412 413 413 413 414 414 414 414 415 415 415 415 416 504 504 504 505 505 505 505 505 506 483 483 483 483 483 483 483 483 483 484 486 489 525 527 529 531 532 534 536 538 539 541 542 544 545 546 548 549 550 552 553 553 554
403 402 402 402 402 402 403 403 403 403 403 403 403 403 404 404 404 405 406 406 407 407 407 408 408 408 409 409 409 410 410 411 412 412 412 413 413 413 413 414 414 414 414 415 415 415 415 417 417 417 417 418 505 505 505 506 506 506 506 483 483 483 483 483 483 483 483 483 483 484 486 522 524 527 528 530 532 533 536 537 539 540 542 544 545 546 547 549 550 552 553 554 554 555
403 403 403 404 404 404 404 404 404 404 404 404 404 404 406 406 407 407 407 408 408 408 409 409 409 410 410 411 412 412 412 413 413 413 413 414 414 414 415 415 415 415 417 417 417 417 418 418 418 418 419 419 506 506 507 507 507 483 483 483 483 483 483 483 483 483 483 483 483 485 521 523 526 528 529 531 533 535 537 538 540 541 543 545 546 547 549 550 553 554 555 556 556 557
405 405 405 405 405 405 405 405 405 405 405 405 406 407 407 407 408 408 409 409 409 410 410 410 412 412 412 413 413 413 413 414 414 414 415 415 415 416 416 417 417 418 418 418 418 419 419 419 419 420 420 420 507 508 508 483 483 483 483 483 483 483 483 483 483 483 483 484 484 520 522 525 527 529 530 532 534 536 538 539 541 543 546 547 548 549 550 552 554 555 556 556 557 559
406 406 406 406 406 406 406 406 406 406 407 407 408 408 408 409 409 409 410 410 411 411 412 413 413 413 413 414 414 414 415 415 415 416 416 416 416 418 418 418 419 419 419 419 420 420 420 420 421 421 421 421 509 509 483 483 483 483 483 483 483 484 484 484 484 484 485 519 519 521 523 526 528 530 531 533 536 538 540 541 543 545 546 548 549 550 552 553 555 556 557 557 559 560
407 407 407 407 407 407 407 407 408 408 408 408 409 409 410 410 410 411 411 411 412 413 413 414 414 414 415 415 415 416 416 416 416 417 417 418 419 419 419 419 420 420 420 420 421 421 421 421 422 422 422 422 482 483 483 483 484 484 484 484 485 485 485 485 485 486 520 520 520 522 525 527 529 531 532 536 538 539 541 542 545 546 547 549 550 551 553 554 555 557 557 559 560 561
408 408 408 408 408 408 408 409 409 409 409 410 410 410 411 411 412 412 412 413 414 414 415 415 415 416 416 416 417 417 417 417 418 418 418 420 420 420 420 421 421 421 421 422 422 422 422 423 423 423 400 400 484 484 484 485 485 485 485 485 486 486 486 486 487 521 521 521 521 524 526 528 530 532 534 537 539 540 542 544 546 547 548 550 551 553 554 555 556 557 559 560 561 562
409 409 409 409 409 409 409 410 410 410 411 411 411 412 412 412 413 413 414 414 415 416 416 416 416 417 417 417 418 418 418 419 419 419 419 421 421 421 422 422 422 422 423 423 423 423 424 424 400 400 400 400 485 485 485 486 486 486 486 487 487 487 487 521 522 522 522 522 523 525 527 529 531 533 535 538 540 541 543 545 547 548 549 551 553 554 555 556 557 558 560 561 562 563
410 410 410 410 410 410 410 411 411 411 412 412 413 413 413 414 414 414 415 415 416 417 417 417 418 418 418 419 419 419 420 420 420 420 421 422 422 422 423 423 423 424 424 424 424 425 400 400 400 400 400 400 485 486 487 487 487 487 488 488 488 488 522 523 523 523 523 523 524 526 528 530 532 534 536 538 540 542 545 546 548 549 550 553 554 555 556 557 558 560 561 562 563 564
411 411 411 411 411 411 411 411 412 413 413 413 414 414 415 415 415 416 416 416 417 417 418 419 419 419 420 420 420 420 421 421 421 422 422 422 422 424 424 424 424 425 425 425 400 400 400 400 400 400 400 400 486 487 487 487 488 488 489 489 489 523 524 524 524 524 524 525 525 526 529 531 534 535 537 539 541 543 545 546 548 550 551 554 555 556 557 558 560 561 562 563 564 565
412 412 412 412 412 412 412 412 413 413 414 415 415 415 416 416 416 417 417 417 418 418 418 420 420 420 421 421 421 422 422 422 422 423 423 423 424 424 424 425 426 426 400 400 400 400 400 400 400 400 400 400 488 488 488 488 488 489 489 490 524 525 525 525 525 525 526 526 526 527 530 533 535 536 538 540 543 544 546 547 549 550 552 554 555 556 558 560 561 562 563 564 565 567
413 413 413 413 413 413 413 413 414 414 415 415 416 417 417 417 418 418 418 419 419 419 420 420 420 421 422 422 422 423 423 423 424 424 424 424 425 425 425 426 400 400 400 400 400 400 400 400 401 401 401 401 489 489 489 489 490 490 524 524 524 525 525 526 526 526 527 527 527 528 531 534 535 537 539 541 544 545 547 548 550 552 553 555 556 557 558 560 561 562 563 564 566 567
413 413 414 414 414 414 414 415 415 415 416 416 416 417 417 419 419 419 420 420 420 421 421 421 421 422 422 422 423 424 424 425 425 425 425 426 426 426 400 400 400 400 400 400 400 400 400 402 402 402 402 403 490 490 490 490 491 525 525 525 526 526 526 526 526 527 527 527 527 529 532 535 536 538 540 543 544 546 548 549 552 553 554 556 557 558 560 561 562 563 564 565 567 568
414 414 414 414 414 415 415 416 416 417 417 417 418 418 418 419 419 419 421 421 421 422 422 422 423 423 423 424 424 424 424 425 425 425 427 427 400 400 400 400 400 400 401 401 401 401 402 402 402 402 403 403 491 491 491 492 526 526 526 527 527 527 527 527 528 528 528 528 528 530 532 534 536 538 541 543 544 547 549 550 553 554 555 557 558 560 561 562 563 564 565 567 568 569
415 415 415 415 415 415 416 416 416 418 418 419 419 419 420 420 420 421 421 421 422 422 422 424 424 424 424 425 425 425 426 426 426 426 400 400 400 400 400 401 401 402 402 402 402 402 403 403 403 403 404 404 491 491 492 526 526 526 526 528 528 528 528 528 529 529 529 529 530 531 533 535 537 539 542 544 545 547 549 551 552 554 555 556 559 560 561 563 564 565 567 568 569 570
416 416 416 416 416 416 417 417 418 418 418 419 419 420 421 421 422 422 422 422 423 423 423 424 424 424 425 425 426 426 427 400 400 400 400 400 400 401 401 401 401 402 402 402 402 404 404 404 404 405 405 405 492 492 527 527 527 527 528 528 528 528 528 529 529 529 529 530 531 532 534 536 538 541 543 545 546 548 551 552 553 555 556 557 560 561 562 563 564 565 567 568 569 570
416 416 416 416 417 418 418 418 419 419 420 420 420 421 421 421 422 422 423 424 424 424 425 425 425 425 426 426 426 400 400 400 400 400 401 401 402 402 402 402 403 403 403 403 404 404 404 404 404 405 405 405 526 528 528 528 528 528 529 529 529 529 530 530 530 530 530 531 531 532 534 536 539 541 543 545 546 548 550 553 554 556 557 559 561 562 563 564 565 567 568 569 570 571
417 417 417 417 418 418 418 419 419 419 421 421 422 422 422 423 423 423 424 424 424 424 425 425 426 427 427 400 400 400 400 400 401 401 401 401 402 402 402 402 403 404 404 404 405 405 405 405 406 406 406 440 528 528 528 528 528 529 529 529 529 529 530 531 531 531 531 532 532 533 535 537 540 542 544 546 547 550 551 553 554 556 558 559 561 562 563 564 566 567 568 569 570 571
417 417 418 418 419 419 420 420 420 421 421 421 422 422 422 423 424 424 425 425 425 426 426 426 427 400 400 400 400 400 400 401 402 402 402 403 403 403 403 404 404 404 404 405 405 405 405 406 406 406 441 441 529 529 529 529 530 530 530 530 530 531 531 531 531 531 532 532 532 533 535 538 540 542 544 547 549 551 552 554 555 557 559 560 562 563 564 565 567 568 569 570 571 573
418 418 418 419 419 419 420 420 420 422 422 423 423 423 424 424 424 425 425 425 426 426 399 399 400 400 400 401 401 401 401 402 402 402 402 403 403 403 403 404 405 405 405 406 406 406 406 407 407 441 441 442 529 529 529 529 530 530 530 530 531 531 532 532 532 533 533 533 533 534 537 539 541 543 545 547 549 551 552 554 555 558 559 560 562 563 564 566 567 568 569 570 571 574
418 418 419 420 420 421 421 421 422 422 422 423 423 423 424 424 425 426 426 426 399 399 399 400 400 400 400 401 401 401 402 402 403 403 404 404 404 404 405 405 405 405 406 406 406 406 407 407 441 441 441 443 530 530 530 531 531 531 531 531 532 532 532 532 532 533 533 533 533 534 537 539 541 543 545 548 550 552 553 555 556 559 560 561 563 564 566 567 568 569 570 571 573 574
419 419 420 420 420 421 421 421 422 422 424 424 424 425 425 425 426 426 399 399 399 399 399 400 400 401 402 402 402 402 403 403 403 403 404 404 404 405 405 405 405 406 407 407 407 407 408 442 442 442 443 443 530 530 530 531 531 531 531 532 532 532 532 532 534 534 534 534 534 536 538 540 542 544 547 548 550 552 553 555 557 559 560 561 562 564 566 567 568 569 570 571 573 574
419 419 420 420 422 422 422 423 423 423 424 424 424 425 425 399 399 399 399 400 400 400 401 401 401 401 402 402 402 403 403 403 403 404 404 405 405 406 406 406 406 407 407 407 407 408 442 442 442 443 443 443 530 530 532 532 532 532 532 533 533 533 533 533 534 534 534 534 534 536 538 540 542 544 547 548 550 552 553 556 557 559 561 562 563 566 567 568 569 570 571 573 574 575
420 421 421 421 422 422 422 423 423 424 424 424 425 398 398 399 399 399 400 400 400 400 401 401 401 402 402 402 403 404 404 404 405 405 405 405 406 406 406 406 407 407 407 407 441 442 443 443 443 444 444 444 531 532 532 532 532 532 533 533 533 533 533 534 534 534 534 534 535 536 539 541 543 546 548 549 551 553 554 557 558 560 561 562 564 566 567 568 569 570 572 573 574 575
420 421 421 422 422 422 423 423 424 425 397 397 398 398 398 399 399 399 400 400 400 401 401 402 402 403 403 403 404 404 404 404 405 405 405 405 406 406 406 406 408 408 408 442 443 443 443 443 444 444 444 444 531 532 532 532 532 532 533 533 533 534 535 535 535 535 535 536 536 537 539 541 543 546 548 549 551 553 555 557 558 559 561 562 564 566 567 568 569 570 572 573 574 576
421 421 421 422 423 423 424 424 397 397 397 398 398 398 399 399 399 400 401 401 401 402 402 402 403 403 403 403 404 404 404 405 405 405 406 407 407 407 407 408 408 408 442 443 443 443 443 443 444 444 444 444 532 532 533 533 533 534 534 534 534 534 535 535 535 535 535 536 536 537 539 541 544 546 548 549 551 553 555 557 558 559 562 564 565 567 568 569 570 572 573 574 575 576
422 422 423 423 423 396 396 396 397 397 397 398 398 398 400 400 400 401 401 401 402 402 402 402 403 403 403 404 404 405 405 406 406 406 406 407 407 407 407 408 408 442 442 443 443 443 443 444 445 445 445 445 533 533 533 533 534 534 534 534 534 535 535 535 535 535 536 536 536 537 539 541 544 547 549 550 552 555 556 558 559 560 562 564 565 566 568 569 570 572 573 574 575 576
422 422 395 395 395 396 396 397 397 397 399 399 399 400 400 400 401 401 401 401 402 402 402 403 403 404 404 405 405 405 406 406 406 406 407 407 407 407 408 408 442 442 443 444 444 444 444 445 445 445 445 446 533 533 533 533 534 534 534 534 534 535 535 535 535 535 537 537 537 538 540 543 545 547 548 550 553 554 556 558 559 560 563 564 565 566 568 569 571 572 573 574 575 576
394 394 395 395 396 396 396 398 398 398 399 399 399 400 400 400 401 401 401 402 402 402 403 404 404 404 405 405 405 405 406 406 406 406 407 407 407 407 408 443 443 443 444 444 444 444 445 445 445 445 445 446 533 533 533 534 534 534 534 534 535 536 536 536 536 537 537 537 537 538 540 543 545 547 548 550 553 554 556 557 559 560 563 564 565 566 568 570 571 572 573 574 575 577
394 395 395 395 396 397 398 398 398 399 399 399 400 400 400 400 401 401 401 403 403 403 404 404 404 404 405 405 405 406 406 406 406 407 407 407 408 409 443 443 443 444 444 444 444 444 445 445 445 445 446 446 533 533 533 534 534 535 535 535 536 536 536 536 536 537 537 537 537 538 541 543 545 547 548 551 553 554 556 557 559 561 563 564 565 566 568 571 572 573 574 575 576 577
394 395 395 397 397 397 398 398 398 399 399 399 400 400 400 401 401 402 403 403 403 403 404 404 404 405 405 405 405 406 406 406 406 407 408 408 408 443 443 443 443 444 444 444 444 445 445 445 445 445 446 446 533 533 535 535 535 535 535 536 536 536 536 536 537 537 537 537 537 538 541 543 545 547 548 551 553 554 556 557 559 562 564 565 566 567 569 571 572 573 574 575 577 577
395 396 396 397 397 397 398 398 398 399 399 399 400 400 400 402 402 402 403 403 403 404 404 404 404 405 405 405 405 406 406 406 408 408 408 408 443 443 443 443 443 444 444 444 444 445 445 445 445 446 446 447 534 534 535 535 535 535 535 536 536 536 536 536 537 537 537 537 537 538 541 543 545 546 549 551 553 555 557 558 561 562 564 565 566 567 569 571 572 573 574 575 576 577
396 396 397 397 397 398 398 398 399 399 399 400 400 400 402 402 402 402 403 403 403 404 404 404 405 405 405 405 406 406 407 407 408 408 408 442 443 443 443 443 444 444 444 444 445 445 445 445 445 447 447 447 534 534 535 535 535 535 536 536 536 536 536 537 537 537 537 537 537 538 541 543 545 546 549 552 554 555 557 558 561 562 563 565 566 568 569 570 572 573 574 576 576 577
396 396 397 397 397 398 398 398 399 399 399 400 400 401 402 402 402 403 403 403 404 404 404 404 405 405 405 405 406 407 407 407 408 408 442 442 443 443 443 443 444 444 444 444 445 445 445 445 447 447 447 447 534 535 535 535 535 535 536 536 536 536 536 537 537 537 537 537 538 538 540 543 544 548 550 552 554 555 557 559 561 562 563 565 566 568 569 570 572 573 574 575 576 577
396 396 397 397 398 398 398 399 399 399 400 400 400 402 402 402 402 403 403 403 404 404 404 404 405 405 405 406 406 407 407 408 442 442 442 443 443 443 443 444 444 444 444 444 445 445 445 445 447 447 447 447 534 535 535 535 535 536 536 536 536 536 537 537 537 537 537 537 538 538 540 542 544 548 550 552 554 555 557 559 561 562 563 565 567 568 569 570 571 572 574 575 576 577
396 397 397 397 398 398 398 399 399 399 400 400 400 402 402 402 403 403 403 403 404 404 404 405 405 405 405 406 406 407 407 442 442 442 442 443 443 443 443 444 444 444 444 445 445 445 445 445 447 447 447 447 535 535 535 535 535 536 536 536 536 536 537 537 537 537 537 538 538 538 540 542 544 548 550 552 553 555 558 559 561 562 563 565 567 568 569 570 571 572 574 575 576 577
396 397 397 397 398 398 398 399 399 399 400 400 400 401 402 402 403 403 403 404 404 404 404 405 405 405 405 406 406 406 442 442 442 442 443 443 443 443 444 444 444 444 444 445 445 445 445 446 446 447 447 447 535 535 535 535 535 536 536 536 536 536 537 537 537 537 537 538 538 538 540 542 545 547 549 552 553 555 558 559 561 562 563 566 567 568 569 570 571 573 574 575 576 577
395 397 397 398 398 398 399 399 399 400 400 400 401 401 401 402 403 403 403 404 404 404 405 405 405 405 406 406 406 440 441 441 442 442 443 443 443 443 444 444 444 444 445 445 445 445 445 446 446 446 446 448 535 535 535 535 536 536 536 536 536 537 537 537 537 537 538 538 538 538 540 542 545 547 549 551 552 556 558 559 561 562 563 566 567 568 569 570 571 573 574 575 576 577
396 396 396 398 398 398 399 399 399 400 400 400 401 401 401 402 402 403 403 404 404 404 405 405 405 405 406 406 440 440 441 441 441 441 443 443 443 443 444 444 444 444 445 445 445 445 446 446 446 446 446 447 534 534 535 535 536 536 536 536 536 537 537 537 537 537 538 538 538 538 540 543 545 547 549 551 552 555 557 558 559 562 563 565 567 568 569 570 571 573 574 575 576 577
396 396 396 397 397 399 399 399 400 400 400 400 401 401 401 402 402 402 403 404 404 404 405 405 405 406 406 440 440 441 441 441 441 442 442 442 443 444 444 444 444 444 445 445 445 445 446 446 446 446 446 447 534 534 534 535 535 536 536 536 537 537 537 537 537 538 538 538 538 538 540 543 545 547 549 551 553 555 556 558 559 561 563 564 566 567 569 570 572 573 574 575 576 577
396 396 397 397 397 398 398 399 400 400 400 401 401 401 402 402 402 402 403 403 403 404 405 405 405 406 440 440 440 441 441 441 441 442 442 442 442 443 443 444 444 445 445 445 445 445 446 446 446 446 447 447 534 534 534 535 535 535 535 535 536 537 537 537 537 538 538 538 538 538 541 543 545 547 549 551 553 555 556 558 559 561 563 564 566 567 568 569 571 572 573 574 575 577
