testData/tiles/oneDegreeCosts/grid24.0-48.0-25.0-49.0.asc
ncols   200
nrows   200
xllcorner   24.0
yllcorner   48.0
cellsize   0.005
NODATA_value   -9999.0
[rows 84 to 125 of 200, columns 0 to 93 of 200]
388 388 387 387 386 385 385 384 383 383 382 380 379 379 378 377 377 376 374 374 373 372 370 370 369 367 366 366 364 363 361 361 359 358 356 356 354 352 351 350 348 346 345 343 342 340 338 336 334 333 331 328 326 324 323 320 318 315 312 310 308 305 302 299 296 292 322 318 314 310 306 302 298 293 293 293 293 293 293 230 230 230 230 230 230 230 230 231 231 231 231 231 231 231
389 388 387 387 386 385 385 384 383 383 382 381 381 380 379 378 377 376 375 375 373 372 371 371 369 368 368 366 365 363 363 361 360 358 357 356 355 353 351 351 349 347 345 344 343 341 339 337 336 333 331 329 327 326 323 321 318 316 313 311 309 306 303 332 329 326 323 319 316 312 307 304 299 294 293 293 293 293 294 294 230 230 230 230 230 230 231 231 231 231 231 231 231 231
389 388 388 388 387 387 386 385 385 384 382 381 381 380 379 379 378 377 375 375 374 373 372 371 370 368 368 367 365 364 363 362 360 359 358 357 355 354 353 351 349 348 346 345 343 341 339 337 336 334 332 330 328 326 324 322 319 317 315 312 342 339 336 333 331 327 324 320 317 313 308 305 300 295 293 293 293 293 294 294 230 230 230 230 230 231 231 231 231 231 231 231 231 231
390 389 389 388 387 387 386 385 385 384 383 383 382 381 380 379 378 377 377 376 374 373 373 372 370 370 369 367 366 365 364 362 361 359 359 357 356 354 353 352 350 348 347 346 344 342 340 339 337 335 333 330 329 327 325 322 320 317 348 345 342 339 337 334 331 328 325 321 318 314 311 306 302 297 293 293 293 294 294 294 230 230 230 230 230 231 231 231 231 231 231 231 231 231
390 389 389 388 387 387 386 385 385 384 383 383 382 381 381 380 379 378 377 376 375 375 373 372 371 370 369 368 366 366 364 363 361 361 359 358 356 356 354 352 351 349 348 346 344 342 340 339 337 335 333 331 330 328 325 355 352 351 348 346 343 340 337 335 332 329 326 322 319 316 312 307 303 298 293 293 294 294 294 294 230 230 230 230 231 231 231 231 231 231 231 231 231 232
391 391 390 389 389 388 387 387 386 385 385 384 383 382 381 380 379 379 378 377 375 375 374 373 371 371 370 368 368 366 365 363 362 361 360 358 357 356 354 353 351 350 349 347 345 343 342 340 338 336 334 333 363 360 358 356 353 352 349 347 344 341 339 336 333 330 327 323 319 317 313 308 304 299 294 294 294 294 294 294 230 230 230 231 231 231 231 231 231 231 231 231 232 232
391 391 390 389 389 388 387 387 386 385 385 384 383 383 382 381 380 379 378 377 377 376 374 373 373 371 370 369 368 367 365 364 363 362 360 359 358 357 355 353 352 351 349 347 345 344 343 341 339 337 367 365 363 361 359 356 355 352 350 347 345 342 340 337 334 331 327 324 321 318 314 310 305 300 295 294 294 294 294 294 294 230 231 231 231 231 231 231 231 231 231 232 232 232
392 392 391 391 390 389 389 388 387 386 386 385 384 383 382 381 381 380 379 377 377 376 375 373 373 372 371 369 369 367 366 364 364 362 361 359 359 357 356 354 353 351 350 348 346 345 343 373 371 369 368 366 364 362 359 358 356 353 351 348 345 344 341 338 335 332 328 326 322 319 315 311 306 302 298 294 294 294 294 294 294 231 231 231 231 231 231 231 231 231 232 232 232 232
393 392 391 391 390 389 389 388 387 387 386 385 384 384 383 382 381 380 379 378 378 376 375 375 374 372 371 371 369 368 366 366 364 363 361 361 359 358 356 354 354 352 350 348 379 378 376 374 372 370 369 367 364 362 360 359 356 354 351 349 347 344 341 339 336 332 329 327 323 320 316 312 307 304 299 294 294 294 294 294 294 231 231 231 231 231 231 231 231 232 232 232 232 232
393 392 391 391 391 390 390 389 388 388 387 385 385 384 383 382 382 381 380 379 378 377 376 375 374 373 371 371 370 368 367 366 365 363 362 361 360 358 357 356 354 352 383 381 380 378 376 374 372 371 369 367 365 363 362 359 357 354 352 349 348 345 342 339 336 333 331 328 324 321 317 313 310 305 300 295 294 294 294 294 295 231 231 231 231 231 231 231 232 232 232 232 232 232
394 393 393 392 391 391 390 389 388 388 387 386 386 385 384 384 382 381 380 380 379 377 377 376 375 373 373 372 370 369 368 367 365 364 363 362 360 359 357 356 387 385 383 381 381 379 377 375 374 372 370 368 366 363 362 360 358 355 353 351 348 346 343 340 337 335 332 329 325 321 318 314 311 306 301 296 294 294 294 295 295 295 231 231 231 231 231 232 232 232 232 232 232 232
394 393 393 392 391 391 390 389 389 388 387 387 386 385 384 384 383 382 381 380 379 378 378 376 375 374 373 372 371 369 369 367 366 364 364 362 361 391 391 389 387 386 384 383 381 379 377 376 375 373 371 368 366 365 363 361 358 356 353 352 349 346 344 341 338 336 333 329 326 322 319 316 312 307 303 298 294 294 295 295 295 295 231 231 231 231 232 232 232 232 232 232 232 232
394 394 394 393 392 392 391 390 390 389 388 388 387 386 385 384 383 382 382 381 380 378 378 377 375 375 374 373 371 371 369 368 366 365 364 395 393 392 391 389 388 386 384 384 382 380 378 377 375 373 371 369 367 366 363 361 359 356 355 352 350 347 344 342 340 337 333 330 327 323 321 317 313 308 304 299 294 294 295 295 295 295 231 231 231 231 232 232 232 232 232 232 232 232
395 395 394 393 393 392 391 391 390 389 388 388 387 386 386 385 384 382 382 381 380 380 378 377 376 376 374 373 372 371 370 368 399 398 397 395 394 392 392 390 388 387 386 384 382 380 379 378 376 374 372 370 368 366 364 362 359 357 356 353 351 348 345 343 340 337 334 331 328 324 322 318 314 309 305 300 295 295 295 295 295 295 231 231 231 232 232 232 232 232 232 232 232 232
395 395 394 393 394 393 392 392 391 390 390 389 387 386 386 385 384 384 383 382 380 380 379 378 376 376 375 373 372 372 402 401 399 399 397 396 394 394 392 390 389 387 386 385 383 381 380 378 376 374 372 370 369 367 365 362 360 359 356 354 351 349 346 344 341 338 335 332 328 326 322 319 315 310 306 301 297 295 295 295 295 295 295 231 232 232 232 232 232 232 232 232 232 233
396 396 395 394 394 393 392 392 391 390 390 389 388 388 387 386 384 384 383 382 382 381 379 378 378 377 375 374 406 404 403 401 401 399 398 396 395 394 393 391 389 389 387 385 383 381 381 379 377 375 373 372 370 367 365 363 362 359 357 354 352 349 348 345 342 339 336 333 329 327 323 320 316 311 307 302 298 295 295 295 295 295 295 232 232 232 232 232 232 232 232 232 233 233
397 396 395 395 394 393 393 392 391 390 390 389 388 388 387 386 386 385 384 382 382 381 380 379 378 377 408 406 406 405 403 402 401 400 398 397 396 395 393 391 390 389 387 386 384 383 381 379 377 375 373 372 370 368 366 364 362 360 358 355 353 350 348 345 343 340 337 333 331 328 324 320 317 312 308 304 299 295 295 295 295 295 296 232 232 232 232 232 232 232 232 233 233 233
397 396 396 396 395 394 394 393 392 392 391 390 389 389 388 386 386 385 384 383 383 381 380 412 411 409 408 408 406 405 404 403 402 400 399 397 397 395 394 392 391 390 388 386 384 384 382 380 378 376 375 373 371 369 366 365 363 361 358 356 353 352 349 346 343 340 337 335 332 329 325 321 317 313 310 306 301 295 295 295 295 295 296 232 232 232 232 232 232 232 233 233 233 233
398 397 396 396 395 394 394 393 392 392 391 390 390 389 388 387 387 386 384 384 383 414 413 412 411 410 409 408 407 405 404 404 402 401 399 399 397 396 394 392 392 390 388 387 385 384 382 380 378 376 375 373 371 369 367 366 364 361 359 356 354 352 350 347 344 341 338 336 333 329 326 322 318 314 311 307 302 297 295 295 295 296 296 232 232 232 232 232 232 232 233 233 233 233
398 397 397 396 395 396 395 394 393 393 392 391 390 389 388 388 387 386 385 417 415 414 413 413 412 410 409 409 407 406 405 404 403 401 400 399 398 396 395 394 392 391 389 387 386 385 383 381 379 378 376 374 372 370 369 366 364 362 359 357 355 353 350 348 345 342 340 337 334 330 327 323 319 316 312 308 303 298 295 295 296 296 296 296 232 232 232 232 232 233 233 233 233 233
398 398 398 397 396 396 395 394 394 393 392 391 391 390 389 389 388 418 417 417 416 415 414 413 412 411 410 409 408 406 406 405 403 402 400 400 398 397 395 394 393 391 389 388 387 385 383 381 379 379 377 374 372 370 369 367 365 362 360 358 356 354 351 348 345 343 341 337 334 331 328 324 321 317 313 309 304 299 295 295 296 296 296 296 232 232 232 232 233 233 233 233 233 233
399 398 398 397 396 396 395 394 394 393 392 392 391 390 389 421 420 419 419 417 416 415 415 414 412 411 411 409 408 407 406 405 404 402 402 400 399 397 395 395 393 392 390 389 387 386 384 382 381 379 377 375 373 372 370 368 365 363 361 359 357 354 352 349 346 344 341 338 335 332 328 325 322 318 314 310 305 300 295 296 296 296 296 296 232 232 232 233 233 233 233 233 233 233
399 399 398 398 398 397 396 395 395 394 393 393 392 423 423 421 420 419 419 418 417 415 415 414 413 412 411 410 409 408 407 405 404 403 402 401 399 397 397 395 394 392 390 390 388 386 384 382 381 380 378 376 374 372 370 368 366 364 361 360 357 355 352 349 347 345 342 339 336 333 329 327 323 319 315 311 306 301 297 296 296 296 296 296 232 232 232 233 233 233 233 233 233 233
400 400 399 398 398 397 396 396 395 394 393 425 424 423 423 422 421 420 419 418 417 417 416 414 413 413 412 410 409 409 407 406 404 404 402 401 399 398 397 396 394 392 392 390 388 387 385 384 382 380 378 376 375 373 371 369 366 364 363 360 358 355 353 350 348 346 343 340 337 333 330 327 324 320 316 312 307 302 298 296 296 296 296 296 296 232 233 233 233 233 233 233 233 233
400 400 399 398 398 397 396 396 395 426 426 425 424 423 423 422 421 421 420 419 417 417 416 415 414 413 412 411 409 409 408 406 405 404 403 401 400 399 398 396 395 393 392 391 389 387 385 384 382 381 379 377 376 373 371 369 367 365 363 361 359 356 353 351 349 346 343 340 337 334 332 328 325 321 317 313 308 304 299 296 296 296 296 296 296 233 233 233 233 233 233 233 233 233
401 400 399 400 399 398 397 429 428 427 427 426 425 425 424 423 421 421 420 419 418 418 416 415 415 414 412 411 411 409 408 407 405 405 403 402 400 400 398 397 395 393 393 391 389 387 387 385 383 381 379 377 376 374 372 370 368 366 364 362 359 357 354 352 350 347 344 341 338 336 332 329 325 322 318 314 309 305 300 296 296 296 296 296 297 233 233 233 233 233 233 233 233 233
402 401 400 400 399 430 430 429 428 427 427 426 425 425 424 423 422 422 421 419 419 418 417 416 415 414 413 412 411 410 408 407 407 405 404 402 401 400 399 397 395 395 393 391 390 388 387 385 383 382 380 379 377 375 372 370 368 367 364 362 360 357 355 353 350 348 345 342 339 336 333 330 326 322 319 314 311 306 301 296 296 296 296 296 297 233 233 233 233 233 233 233 233 234
402 401 400 432 431 430 430 430 429 429 428 427 426 425 424 423 423 422 421 420 420 418 417 416 416 415 413 412 412 410 409 407 407 406 404 403 402 401 399 398 396 395 394 392 390 388 388 386 384 382 380 379 377 375 373 371 370 367 365 363 360 358 356 354 351 348 345 342 340 337 334 331 327 323 319 316 312 307 303 297 296 296 296 297 297 233 233 233 233 233 233 233 234 234
402 433 433 433 432 431 431 430 429 429 428 427 427 426 425 424 424 422 421 420 420 419 418 417 416 415 414 413 412 411 409 409 407 406 405 403 403 401 400 398 397 396 394 392 391 390 388 386 384 383 382 380 378 376 373 371 370 368 366 363 361 358 357 354 352 349 346 343 341 338 335 331 328 324 320 317 313 308 304 298 296 296 297 297 297 297 233 233 233 233 233 234 234 234
435 434 434 433 432 432 431 430 429 429 428 427 427 426 425 424 424 423 422 422 420 419 418 418 417 415 414 414 412 411 410 409 408 406 405 405 403 402 400 398 398 396 395 393 391 390 389 387 385 383 382 380 378 376 374 373 371 368 366 364 361 360 357 355 352 349 347 345 342 339 335 332 329 325 322 318 314 309 305 299 296 296 297 297 297 297 233 233 233 233 233 234 234 234
435 434 434 433 432 432 432 431 431 430 429 428 428 427 425 425 424 423 422 422 421 420 418 418 417 416 414 414 413 411 410 410 408 407 405 405 403 402 400 399 398 397 395 393 393 391 389 387 385 384 383 381 379 377 374 373 371 369 367 364 362 361 358 355 353 350 347 345 342 339 336 333 329 326 323 319 315 310 306 301 296 297 297 297 297 297 233 233 233 233 234 234 234 234
435 434 435 434 433 433 432 431 431 430 429 429 428 427 426 426 425 424 422 422 421 420 420 419 417 416 416 414 413 412 411 410 409 407 406 405 404 402 401 400 399 397 395 394 393 391 389 388 386 385 383 381 379 377 376 374 372 369 367 365 364 361 359 356 353 351 349 346 343 340 337 333 330 327 324 320 316 311 307 302 296 297 297 297 297 297 233 233 233 234 234 234 234 234
436 436 435 434 433 433 432 431 431 430 429 429 428 427 426 426 425 424 424 423 421 420 420 419 418 416 416 415 414 412 412 410 409 408 407 406 404 403 401 401 399 397 396 394 393 392 390 388 386 385 384 382 380 378 376 374 372 370 368 365 364 362 359 357 354 351 349 347 344 341 337 334 331 328 325 321 317 312 308 303 298 297 297 297 297 297 233 233 234 234 234 234 234 234
436 436 435 434 434 434 433 432 432 431 430 430 429 428 428 426 425 424 424 423 422 421 420 419 418 417 417 415 414 413 412 411 409 408 408 406 405 403 403 401 399 398 396 396 394 392 390 389 388 386 384 382 380 378 377 375 373 371 368 367 365 362 360 357 355 353 350 347 344 341 338 335 332 329 325 321 317 313 309 305 299 297 297 297 297 297 297 233 234 234 234 234 234 234
436 436 436 435 435 434 433 433 432 431 430 430 429 428 428 427 426 425 424 423 422 422 421 420 418 418 417 416 414 414 413 411 410 408 408 407 405 404 403 401 400 398 397 396 394 393 391 389 388 386 384 383 381 380 377 375 373 371 369 367 365 363 360 358 355 353 351 348 345 342 339 336 333 330 326 322 318 314 309 306 300 297 297 297 297 297 297 234 234 234 234 234 234 234
437 437 436 435 435 434 433 433 432 431 431 430 429 428 428 427 426 426 425 424 423 422 421 420 419 419 417 416 415 414 413 412 410 410 408 407 405 404 403 402 400 399 398 396 395 393 391 390 389 387 385 383 381 380 378 376 374 372 370 368 366 363 361 358 357 354 351 348 346 343 339 337 334 330 327 323 319 315 311 307 302 297 297 297 297 297 297 234 234 234 234 234 234 234
438 437 436 436 435 434 434 434 433 432 432 431 430 430 429 427 426 426 425 424 423 423 422 420 419 419 418 416 415 415 413 412 411 410 409 407 406 405 404 402 401 399 398 397 395 393 392 391 389 387 385 383 382 380 378 376 374 372 371 369 366 364 361 359 357 355 352 349 346 343 340 338 335 331 328 324 320 316 312 308 303 297 297 297 297 297 298 234 234 234 234 234 234 234
438 437 437 437 436 435 435 434 433 432 432 431 430 430 429 428 427 427 426 424 424 423 422 421 420 419 418 417 416 415 414 412 411 411 409 408 406 406 404 403 401 400 399 397 396 394 392 391 390 388 386 384 383 381 379 377 375 373 371 369 367 364 362 359 358 355 352 350 347 344 342 339 335 332 328 325 321 318 313 309 304 298 297 297 297 298 298 234 234 234 234 234 234 234
439 438 437 437 436 435 435 434 433 433 432 431 430 430 429 428 428 427 426 425 425 423 422 421 421 420 418 417 417 415 414 413 412 411 410 408 407 406 405 403 402 401 399 398 396 394 394 392 390 388 386 384 383 381 379 377 375 374 372 370 367 365 362 361 358 356 353 350 347 344 342 339 336 333 329 325 321 318 314 309 305 299 297 297 297 298 298 234 234 234 234 234 234 234
439 438 437 437 436 435 436 435 434 434 433 432 431 431 430 429 428 427 426 425 425 424 423 421 421 420 419 417 417 416 414 413 413 411 410 408 408 407 405 403 402 401 400 398 396 395 394 392 390 389 387 386 384 382 380 378 376 374 372 370 368 365 363 361 359 356 354 351 348 346 343 340 337 333 330 326 323 319 315 310 305 300 297 297 298 298 298 298 234 234 234 234 234 235
439 438 438 438 437 436 436 435 434 434 433 432 432 431 430 429 429 428 427 425 425 424 423 423 422 420 419 419 417 416 415 413 413 412 410 409 408 407 405 404 402 402 400 398 397 395 394 393 391 389 387 386 384 382 380 378 377 375 373 371 368 366 364 362 359 357 354 351 349 347 344 341 337 334 330 327 324 320 316 311 306 301 297 297 298 298 298 298 234 234 234 234 234 235
440 439 439 438 437 437 436 435 434 434 433 432 432 431 430 429 429 428 427 427 426 424 423 423 422 421 419 419 418 417 415 415 413 412 411 409 409 407 406 404 404 402 400 399 397 396 395 393 391 389 389 387 385 383 381 379 378 375 373 371 369 366 365 362 360 357 355 352 350 347 344 341 338 335 331 328 325 321 317 312 307 302 297 298 298 298 298 298 234 234 234 234 235 235
