testData/tiles/oneDegreeCosts/grid16.0-35.0-17.0-36.0.asc
ncols   200
nrows   200
xllcorner   16.0
yllcorner   35.0
cellsize   0.005
NODATA_value   -9999.0
[rows 126 to 167 of 200, columns 94 to 187 of 200]
723 725 727 728 730 731 732 733 734 736 737 737 739 740 740 742 742 743 744 745 745 746 747 747 749 749 749 750 751 751 752 752 753 754 754 754 755 755 759 768 774 778 782 785 787 791 793 795 798 800 801 803 804 806 808 810 810 812 813 814 816 817 819 821 821 822 824 825 826 828 828 829 831 832 832 833 834 835 837 837 837 839 840 840 841 842 843 844 843 844 844 844 845 846
723 725 726 727 729 730 731 733 734 734 736 737 738 739 740 740 742 742 743 744 745 745 746 747 748 749 749 750 750 751 752 752 752 753 754 754 755 755 762 770 774 778 782 785 788 791 793 794 797 799 801 803 804 805 808 808 810 812 813 814 817 818 819 820 821 822 824 825 826 827 828 829 831 832 832 834 834 835 836 837 838 839 839 840 842 842 841 842 843 843 844 845 845 846
722 724 726 727 729 730 731 732 733 734 736 736 737 739 739 740 741 742 742 744 744 745 746 746 747 748 748 749 750 750 750 752 752 752 753 753 754 755 764 770 775 779 782 784 787 790 792 794 797 799 800 803 804 806 807 809 810 812 814 815 817 817 818 820 821 822 824 825 825 827 828 829 831 831 832 834 835 835 836 837 838 839 839 839 841 841 841 842 843 843 844 845 845 846
722 724 725 726 728 729 730 732 733 734 735 736 737 738 739 739 741 742 742 743 744 744 746 746 746 748 748 748 750 750 750 751 752 752 753 753 753 753 764 770 775 779 781 785 787 790 793 795 796 799 801 802 804 805 807 809 810 812 813 814 815 817 819 821 822 823 824 825 826 828 829 830 830 831 832 834 834 835 837 836 836 838 839 839 840 841 841 842 842 843 844 844 845 846
721 723 724 725 727 728 729 731 732 733 735 735 736 738 738 739 740 741 742 743 743 744 745 746 746 747 748 748 749 749 750 751 751 750 752 752 752 758 766 771 775 778 781 785 788 790 793 795 797 800 801 802 804 805 806 808 810 811 813 814 816 818 819 820 821 822 823 825 826 827 828 829 830 832 833 832 833 834 835 836 836 838 839 839 840 840 841 842 842 843 844 844 845 846
720 722 724 725 727 728 729 731 731 732 734 735 736 737 738 738 740 740 741 742 743 743 745 745 745 747 747 747 748 748 748 749 750 750 751 751 751 761 767 772 776 779 782 785 788 790 793 795 796 798 800 801 804 805 806 809 810 811 814 815 816 817 818 819 821 822 823 825 825 826 828 828 829 830 831 832 833 834 834 836 837 837 838 839 839 840 840 841 842 842 843 844 844 845
719 721 723 724 726 727 728 730 731 732 733 734 735 737 737 738 739 740 740 742 742 743 743 744 744 745 746 746 747 747 748 749 749 749 751 751 751 762 768 772 776 779 783 786 788 790 793 795 796 798 800 802 804 806 807 809 811 811 813 814 815 817 819 820 822 823 823 824 825 826 828 828 828 830 831 832 833 834 834 836 837 837 838 838 838 840 840 841 842 842 843 844 844 845
718 720 722 723 724 726 727 728 730 731 732 733 734 735 736 737 739 738 739 740 741 741 743 743 743 745 745 745 747 747 747 748 749 749 750 750 750 764 769 773 777 780 782 786 788 790 792 794 795 798 799 801 803 805 806 809 810 811 813 815 816 818 818 818 820 821 822 824 825 825 827 828 829 830 830 831 833 834 835 835 836 837 838 838 838 840 841 841 842 843 842 844 845 843
717 719 721 722 723 725 726 727 729 730 731 732 732 733 735 735 736 738 738 739 740 741 741 742 743 743 744 745 745 746 747 748 748 748 749 750 756 764 769 773 777 779 783 786 788 789 792 794 796 798 800 801 804 805 807 809 810 811 813 813 814 816 817 818 820 821 821 823 824 825 827 828 828 830 831 831 833 833 834 836 836 835 837 838 838 839 840 841 842 841 842 843 843 843
716 717 720 721 722 723 724 725 727 728 729 731 732 732 734 735 735 737 737 738 739 740 740 742 742 742 744 744 744 746 746 746 747 748 748 749 757 764 770 773 776 780 783 784 787 789 792 793 795 798 799 801 803 805 806 807 809 810 812 813 814 816 818 818 820 821 822 824 825 825 826 827 828 830 831 831 833 833 834 836 835 835 837 838 838 838 839 839 840 841 842 842 843 844
714 715 718 719 720 722 723 724 726 727 728 730 731 731 733 734 734 736 737 737 739 739 739 741 741 742 743 743 744 745 745 746 747 747 747 748 759 765 770 773 776 779 781 783 787 789 791 794 796 797 799 800 802 804 805 807 809 809 810 813 814 815 817 818 820 821 822 823 824 825 827 828 828 829 830 831 833 833 833 834 835 835 835 836 837 839 839 839 841 841 841 843 842 843
712 714 715 718 719 720 722 723 724 726 727 728 730 730 732 733 734 735 736 736 738 738 739 740 741 741 742 743 743 744 745 745 746 746 747 752 760 765 770 772 776 779 782 784 787 789 790 792 794 796 798 800 801 803 805 806 808 810 811 813 814 815 816 817 818 820 821 822 824 825 825 827 828 829 830 830 831 833 832 833 833 834 836 836 836 838 839 838 840 841 841 842 842 843
711 713 714 716 718 719 721 722 723 725 726 727 729 729 730 732 733 733 735 735 736 737 738 738 740 740 741 742 742 744 744 744 745 746 746 753 759 764 770 773 776 778 780 782 785 787 789 792 794 795 798 799 800 803 804 805 808 809 810 812 813 814 816 818 819 821 821 821 823 824 825 827 827 828 829 830 830 830 831 832 833 834 834 836 836 836 838 838 839 840 840 841 843 843
709 711 713 715 716 718 720 721 722 724 725 726 728 728 729 731 732 732 734 734 735 736 737 737 739 739 740 741 741 742 743 743 744 745 744 752 759 764 767 772 774 778 780 782 786 788 790 792 794 796 798 799 801 803 804 806 808 809 810 813 813 814 816 817 818 820 821 822 823 823 824 825 826 827 828 829 829 830 831 831 833 833 834 835 836 836 838 838 838 840 841 841 842 843
707 709 711 713 715 716 717 720 721 723 724 725 726 727 728 730 731 731 733 733 734 735 736 736 738 738 739 740 740 741 742 740 741 742 742 752 760 764 767 771 774 776 780 783 784 787 789 791 793 795 796 799 800 803 804 805 807 809 810 812 813 814 816 816 817 818 819 820 822 823 824 825 826 826 828 828 828 830 830 831 833 833 833 835 836 836 837 838 839 839 840 841 841 842
705 708 709 711 713 715 716 718 719 720 722 723 724 726 727 728 729 730 731 732 733 734 735 735 737 736 737 737 738 738 739 740 740 741 745 754 760 764 767 771 774 777 780 782 784 787 789 790 793 794 796 798 800 801 803 804 806 808 809 810 812 812 813 815 816 817 818 819 821 822 823 825 826 826 826 827 828 830 830 830 832 833 833 834 835 836 836 837 838 839 839 840 841 842
703 706 708 709 712 713 715 717 718 719 721 722 723 725 726 726 728 729 730 731 731 731 733 732 733 734 735 735 737 737 737 739 739 740 746 754 760 764 767 771 774 776 780 782 783 786 788 790 792 795 796 799 800 801 804 805 805 807 807 808 811 812 813 815 816 817 819 820 820 821 822 823 824 825 826 827 827 828 830 831 831 832 833 835 835 835 837 837 837 839 839 839 841 841
701 703 706 707 709 711 713 714 716 718 720 721 722 723 723 724 726 727 726 728 729 729 731 731 732 733 734 734 736 736 736 738 738 738 747 755 759 764 767 770 774 776 778 781 783 786 787 790 793 794 796 798 798 800 802 803 804 807 808 809 811 811 812 814 815 816 818 819 820 822 822 822 823 824 825 827 827 827 829 830 831 831 832 833 835 834 835 837 837 837 839 837 838 838
698 701 704 705 707 710 711 712 713 714 715 717 718 719 721 722 723 724 725 726 727 728 730 730 731 732 733 733 734 735 735 737 737 737 748 755 759 763 766 770 773 776 778 781 782 784 788 788 790 792 794 795 798 799 800 802 804 806 807 808 810 811 812 814 814 815 817 818 819 821 821 822 823 823 824 826 827 828 828 829 830 832 832 832 834 834 834 834 834 835 836 836 837 839
695 696 698 701 703 705 707 709 711 712 713 716 717 718 719 720 721 723 724 724 726 727 727 729 729 730 731 732 732 734 734 735 736 740 749 755 759 763 766 770 773 775 776 779 781 784 786 788 789 792 793 795 797 798 800 802 803 804 806 807 808 811 812 813 815 816 816 817 817 819 820 821 823 823 823 825 826 827 829 828 829 831 832 829 831 832 832 833 834 834 836 836 836 838
691 693 696 699 701 703 705 707 708 710 712 713 715 716 717 719 720 721 722 723 725 725 726 728 728 729 730 731 731 732 733 733 735 741 748 755 759 761 765 768 770 774 776 779 780 783 786 787 789 791 793 794 796 798 799 801 802 803 806 807 808 810 811 812 814 815 816 816 817 817 819 820 821 823 823 824 825 826 827 827 827 828 829 829 830 831 832 833 833 834 835 836 836 837
687 691 693 696 698 700 703 705 706 708 710 711 713 714 715 717 718 719 721 721 722 724 725 725 727 727 729 729 730 731 732 732 732 741 748 753 757 761 764 767 770 773 775 777 780 781 784 787 788 790 792 793 796 797 798 800 802 803 805 806 807 809 810 811 813 813 814 816 816 817 819 819 820 822 823 821 823 823 824 826 827 826 828 829 829 830 831 831 833 833 833 835 836 836
683 687 690 693 696 698 700 702 704 705 708 709 711 712 713 715 716 717 719 720 721 722 723 724 725 726 725 727 727 728 729 730 730 741 748 753 756 760 764 766 769 773 775 776 779 781 784 786 788 789 791 793 794 796 798 799 801 802 803 805 806 807 809 810 811 812 813 815 816 816 816 817 818 819 820 821 822 823 823 825 826 826 827 828 829 830 830 831 832 833 833 834 835 834
679 683 687 689 693 695 697 700 702 703 706 707 708 710 712 713 715 716 716 718 718 720 720 721 723 723 724 725 726 726 728 728 729 742 748 752 756 759 762 766 768 770 774 776 779 780 782 784 787 788 791 792 793 796 797 798 800 801 802 805 806 807 808 809 810 812 811 811 813 813 814 816 817 818 819 820 821 822 823 824 825 826 826 827 828 830 829 830 832 832 832 832 833 834
674 678 683 686 689 692 694 696 699 701 703 705 706 708 709 710 712 713 714 716 716 717 719 720 720 722 722 723 725 725 727 727 732 742 747 752 756 759 761 765 768 770 773 775 777 780 781 783 785 788 789 791 793 795 796 797 800 801 802 804 804 803 805 806 807 809 810 811 813 812 813 815 816 817 819 819 820 821 822 823 824 825 825 826 827 828 829 829 831 831 831 832 832 833
667 673 678 682 685 689 691 694 695 697 699 701 703 704 706 708 709 711 712 714 715 715 717 718 719 720 721 721 723 724 724 725 734 740 747 750 753 758 761 764 767 769 772 774 776 779 781 782 785 786 787 791 792 793 796 797 798 798 798 799 801 802 803 805 806 808 809 810 812 812 813 814 815 816 818 819 819 820 821 822 823 824 824 826 826 827 829 828 829 830 830 830 831 832
661 665 671 677 680 683 687 689 692 695 696 699 700 702 704 705 707 709 710 711 713 713 714 716 717 717 719 720 721 722 722 724 734 741 746 750 753 757 760 762 766 769 770 773 775 777 780 782 784 785 787 789 788 791 793 794 794 796 797 798 800 802 803 804 805 806 808 809 809 811 812 813 815 815 817 818 819 819 820 821 823 823 823 825 826 826 828 828 827 829 829 829 831 831
647 659 664 670 676 679 683 686 688 691 693 695 698 699 701 703 704 706 708 709 711 712 712 714 715 716 717 718 719 720 721 721 734 740 745 749 753 756 759 762 765 767 769 773 774 776 778 778 780 783 784 785 788 789 789 791 792 796 797 798 800 801 802 804 805 805 807 807 808 810 811 812 814 815 815 817 817 818 819 820 821 823 822 823 825 825 826 826 826 828 829 828 830 830
647 647 658 663 670 674 678 682 685 687 690 692 695 697 698 701 702 703 705 706 707 709 710 711 713 714 716 716 717 718 719 724 734 740 743 749 751 754 758 761 763 766 766 769 771 773 776 777 779 781 783 785 786 787 788 791 792 793 795 796 797 799 800 801 803 804 806 807 808 809 810 811 813 814 815 815 816 817 819 819 820 822 822 822 824 824 824 825 826 826 828 827 828 830
647 646 646 657 661 669 673 678 681 683 687 689 691 694 695 697 699 701 703 704 705 707 708 709 711 712 713 714 715 716 717 725 732 739 742 747 748 752 755 757 760 763 765 767 770 772 773 777 778 778 781 782 784 787 788 790 791 792 794 795 796 798 799 800 802 803 804 806 807 808 810 810 811 813 813 814 815 816 818 819 819 820 821 821 822 823 822 824 825 825 827 827 827 829
647 646 646 645 644 660 667 672 676 679 682 686 688 691 692 694 697 698 699 702 703 704 706 707 708 710 710 712 713 714 715 723 730 735 740 743 748 750 752 757 758 761 764 766 769 771 773 774 775 778 780 781 783 785 786 787 789 791 793 795 796 798 799 800 801 802 803 805 806 807 809 809 809 811 812 813 815 815 816 818 818 818 819 820 820 822 822 823 824 825 826 826 826 828
647 646 645 645 644 643 658 665 671 675 678 682 684 686 689 691 693 695 697 699 700 701 704 705 706 705 706 707 709 710 710 723 729 734 739 742 746 749 752 755 757 760 763 764 766 768 770 772 775 776 778 780 782 784 785 786 789 790 791 793 794 795 797 798 799 801 802 802 804 805 807 808 809 810 811 812 814 815 815 816 817 816 818 819 820 820 821 822 823 824 823 825 826 826
646 646 645 644 644 643 643 655 663 669 673 676 680 682 686 688 689 692 694 693 696 697 698 700 701 702 704 705 707 707 712 722 728 732 737 740 744 747 750 752 756 757 760 763 764 767 769 771 773 774 777 779 780 781 784 785 787 789 790 792 793 794 796 797 798 800 801 802 804 804 805 807 808 809 811 811 811 813 814 814 815 816 817 818 818 819 820 821 822 822 823 824 825 825
646 646 645 644 644 643 642 642 653 660 667 671 675 676 679 682 684 686 689 690 693 694 695 697 699 700 702 703 703 705 712 720 726 731 736 739 742 745 748 750 754 756 758 761 763 765 768 769 772 774 775 777 779 781 783 784 785 787 788 789 791 792 794 796 797 798 800 801 803 804 805 806 806 807 809 809 810 811 812 812 814 815 815 816 817 818 819 820 820 821 822 823 824 824
646 645 645 644 643 643 640 640 639 650 657 662 667 671 674 677 680 682 685 687 688 691 692 694 696 697 698 700 701 703 712 719 725 729 733 736 740 742 746 748 752 754 757 759 761 764 766 767 770 772 773 776 778 779 780 782 783 787 788 789 791 792 793 795 795 796 798 799 800 802 803 804 805 806 807 809 808 810 811 811 812 813 814 815 816 817 817 818 819 820 821 822 822 823
644 643 642 642 641 641 640 639 639 638 637 653 660 665 669 672 676 678 680 683 685 687 689 691 693 694 695 697 698 698 710 717 722 727 730 735 738 741 745 747 750 752 755 757 760 762 763 767 768 770 772 774 776 777 779 782 783 784 786 787 788 790 791 793 795 796 798 798 799 801 802 803 805 805 804 806 807 807 809 810 811 812 813 814 814 815 817 817 818 820 819 820 821 822
643 643 642 642 641 640 640 639 638 638 637 637 649 657 663 667 670 674 676 679 681 683 686 686 688 690 691 692 695 696 710 715 720 725 729 733 736 739 742 745 748 751 754 755 759 760 762 765 766 768 771 772 773 776 778 780 781 782 784 785 787 789 790 791 793 794 795 797 798 798 800 801 801 803 803 805 806 807 808 809 810 811 811 812 814 814 815 817 816 817 818 819 820 820
643 643 642 641 641 640 640 639 638 638 637 636 636 647 652 659 663 667 670 673 676 678 680 683 684 687 688 689 692 697 707 714 719 723 727 730 735 738 740 744 746 748 751 754 755 759 760 762 765 766 769 771 772 775 776 777 779 780 782 784 785 786 788 789 791 792 793 795 796 798 798 799 800 801 802 802 804 805 806 807 808 810 810 811 813 812 813 815 815 816 818 817 818 819
642 641 641 640 640 639 638 638 637 636 636 635 635 634 633 649 655 660 665 668 670 674 676 679 681 682 685 686 687 697 705 712 716 720 725 729 731 735 738 740 744 747 749 752 753 757 758 761 763 764 767 769 770 772 774 775 778 780 781 783 784 785 787 788 789 791 792 793 794 795 796 797 798 800 801 802 803 804 805 807 807 807 809 809 810 812 812 813 815 814 816 816 817 819
642 641 641 640 639 639 638 637 637 636 636 635 634 634 633 632 644 652 658 662 665 669 671 674 677 678 680 683 684 695 703 708 714 718 722 726 730 733 736 739 742 744 747 749 752 753 757 758 760 763 765 767 768 770 773 774 775 778 779 780 782 783 784 787 788 790 789 790 792 793 794 796 796 797 799 800 801 802 803 805 805 806 808 808 809 810 810 811 813 813 814 816 815 816
642 641 640 640 639 638 638 637 637 636 635 635 634 633 633 632 632 643 647 654 659 662 666 669 672 674 676 679 680 693 700 706 711 716 719 724 727 730 733 736 739 742 744 747 750 752 755 756 759 761 762 764 767 768 770 772 773 776 777 778 780 781 783 785 785 786 788 789 789 791 792 794 795 795 797 798 799 800 801 802 804 804 805 807 807 808 810 810 811 812 812 814 814 814
641 641 640 639 639 638 638 637 636 636 635 634 634 633 633 632 631 631 630 642 650 655 660 663 666 669 672 674 680 690 698 703 707 713 717 720 724 728 731 733 736 740 742 744 747 750 751 755 756 758 761 762 765 766 768 770 771 772 775 776 777 779 780 782 783 784 786 787 788 789 791 792 794 795 795 797 798 799 800 801 803 803 803 805 806 806 808 808 809 811 811 810 812 812
