testData/tiles/oneDegreeCosts/grid18.0-10.0-19.0-11.0.asc
ncols   200
nrows   200
xllcorner   18.0
yllcorner   10.0
cellsize   0.005
NODATA_value   -9999.0
[rows 84 to 125 of 200, columns 0 to 93 of 200]
764 764 763 762 762 761 760 760 759 758 757 756 756 755 754 753 752 751 750 749 748 747 746 745 744 743 742 741 739 738 737 736 734 733 732 730 729 727 726 724 723 721 718 716 715 713 711 709 706 704 702 699 697 694 691 688 684 680 676 671 665 657 642 642 642 641 641 641 641 641 641 641 641 641 641 641 641 641 641 641 640 640 640 640 640 640 640 640 640 640 640 640 639 639
765 764 763 763 762 761 760 760 759 758 757 756 756 755 754 753 752 751 750 749 748 747 746 745 744 743 742 741 740 738 737 736 735 733 732 730 729 727 726 724 722 720 718 717 715 713 711 709 706 704 702 699 697 694 691 688 684 681 676 671 666 658 642 642 641 641 641 641 641 641 641 641 641 641 641 641 641 641 641 640 640 640 640 640 640 640 640 640 640 640 640 639 639 639
765 764 763 763 762 761 760 760 759 758 757 757 756 755 754 753 752 751 750 749 748 747 746 745 744 743 742 741 740 738 737 736 735 733 732 731 729 728 725 723 722 720 718 717 715 713 711 709 707 704 702 700 697 694 691 688 685 681 677 672 666 658 642 641 641 641 641 641 641 641 641 641 641 641 641 641 641 641 640 640 640 640 640 640 640 640 640 640 640 640 640 639 639 639
765 764 763 763 762 761 761 760 759 758 757 757 756 755 754 753 752 751 750 749 749 748 746 745 744 743 742 741 740 739 737 736 735 733 732 730 728 727 725 724 722 720 719 717 715 713 711 709 707 705 702 700 697 694 691 688 685 681 677 672 666 659 641 641 641 641 641 641 641 641 641 641 641 641 641 641 641 641 640 640 640 640 640 640 640 640 640 640 640 640 639 639 639 639
765 764 763 763 762 761 761 760 759 758 758 757 756 755 754 753 752 751 751 750 749 748 747 746 744 743 742 741 740 739 737 736 734 732 731 730 728 727 725 724 722 720 719 717 715 713 711 709 707 705 702 700 697 694 692 688 685 681 677 672 666 658 641 641 641 641 641 641 641 641 641 641 641 641 641 641 641 640 640 640 640 640 640 640 640 640 640 640 640 639 639 639 639 639
764 763 762 762 762 761 761 760 759 758 758 757 756 755 754 753 752 752 751 750 749 748 747 746 745 743 742 740 739 738 737 735 734 733 731 730 728 727 725 724 722 720 719 717 715 713 711 709 707 705 702 700 697 695 692 689 685 682 677 672 666 659 653 641 641 641 641 641 641 641 641 641 641 641 641 641 640 640 640 640 640 640 640 640 640 640 640 640 639 639 639 639 639 639
764 763 763 762 761 760 760 759 758 757 757 756 756 755 754 753 753 752 751 749 748 747 746 745 744 743 741 740 739 738 737 735 734 733 731 730 728 727 725 724 722 721 719 717 715 713 711 709 707 705 703 700 698 695 692 689 685 681 677 672 666 659 653 641 641 641 641 641 641 641 641 641 641 641 641 640 640 640 640 640 640 640 640 640 640 640 640 639 639 639 639 639 639 639
764 763 763 762 761 761 760 759 758 758 757 756 755 754 753 753 752 751 750 749 748 747 746 745 744 743 741 740 739 738 737 735 734 733 731 730 729 727 726 724 722 721 719 717 715 713 711 709 707 705 703 700 698 695 692 689 685 681 677 672 667 660 653 641 641 641 641 641 641 641 641 641 641 640 640 640 640 640 640 640 640 640 640 640 640 640 640 639 639 639 639 639 639 639
764 763 763 762 761 761 760 759 758 758 757 756 755 754 754 753 752 751 750 749 748 747 746 745 744 743 742 740 739 738 737 736 734 733 732 730 729 727 726 724 722 721 719 717 715 714 712 710 707 705 703 700 698 695 691 688 685 681 677 672 667 660 653 641 641 641 641 641 641 641 641 641 640 640 640 640 640 640 640 640 640 640 640 640 640 640 639 639 639 639 639 639 639 639
764 763 763 762 761 761 760 759 758 758 757 756 755 754 754 753 752 751 750 749 748 747 746 745 744 743 742 740 739 738 737 736 734 733 732 730 729 727 726 724 723 721 719 717 716 714 712 710 708 705 703 701 697 694 691 688 685 681 677 673 667 661 653 641 641 641 641 641 641 641 641 640 640 640 640 640 640 640 640 640 640 640 640 640 640 639 639 639 639 639 639 639 639 639
764 764 763 762 761 761 760 759 759 758 757 756 755 755 754 753 752 751 750 749 748 747 746 745 744 743 742 741 739 738 737 736 734 733 732 730 729 727 726 724 723 721 719 718 716 714 712 710 708 705 702 700 697 694 692 688 685 682 678 673 668 661 653 641 641 641 641 641 641 641 640 640 640 640 640 640 640 640 640 640 640 640 640 640 639 639 639 639 639 639 639 639 639 639
764 764 763 762 762 761 760 759 759 758 757 756 755 755 754 753 752 751 750 749 748 747 746 745 744 743 742 741 739 738 737 736 734 733 732 730 729 727 726 724 723 721 719 718 716 714 712 710 707 705 702 700 697 695 692 689 685 682 678 673 668 661 653 641 641 641 641 641 640 640 640 640 640 640 640 640 640 640 640 640 640 640 639 639 639 639 639 639 639 639 639 639 639 639
764 764 763 762 762 761 760 759 759 758 757 756 755 755 754 753 752 751 750 749 748 747 746 745 744 743 742 741 740 738 737 736 735 733 732 730 729 728 726 724 723 721 720 718 716 713 711 709 707 705 702 700 697 695 692 689 686 682 678 673 668 662 653 641 641 641 641 640 640 640 640 640 640 640 640 640 640 640 640 640 640 639 639 639 639 639 639 639 639 639 639 639 639 638
764 764 763 762 762 761 760 760 759 758 757 756 756 755 754 753 752 751 750 749 748 747 746 745 744 743 742 741 740 738 737 736 735 733 732 731 729 728 726 725 723 721 720 717 715 713 711 709 707 705 703 700 698 695 692 689 686 682 678 674 669 662 653 641 641 640 640 640 640 640 640 640 640 640 640 640 640 640 640 640 639 639 639 639 639 639 639 639 639 639 639 639 638 638
764 764 763 762 762 761 760 760 759 758 757 756 756 755 754 753 752 751 750 749 748 747 746 745 744 743 742 741 740 739 737 736 735 733 732 731 729 728 726 724 722 720 719 717 715 713 711 709 707 705 703 700 698 695 692 689 686 682 678 674 669 662 653 640 640 640 640 640 640 640 640 640 640 640 640 640 640 640 640 639 639 639 639 639 639 639 639 639 639 639 639 638 638 638
764 764 763 762 762 761 760 760 759 758 757 757 756 755 754 753 752 751 750 749 748 747 746 745 744 743 742 741 740 739 737 736 735 733 732 730 728 727 725 724 722 721 719 717 715 713 711 709 707 705 703 700 698 695 692 689 686 682 679 674 669 662 653 640 640 640 640 640 640 640 640 640 640 640 640 640 640 639 639 639 639 639 639 639 639 639 639 639 639 639 638 638 638 638
764 764 763 763 762 761 760 760 759 758 757 757 756 755 754 753 752 751 750 749 749 748 746 745 744 743 742 741 740 739 736 735 734 733 731 730 728 727 725 724 722 721 719 717 715 713 712 709 707 705 703 700 698 695 692 689 686 683 679 674 668 662 653 640 640 640 640 640 640 640 640 640 640 640 640 640 639 639 639 639 639 639 639 639 639 639 639 639 638 638 638 638 638 638
764 763 762 762 761 760 759 759 758 757 757 757 756 755 754 753 752 751 751 750 749 747 746 745 743 742 741 740 739 738 737 735 734 733 731 730 728 727 725 724 722 721 719 717 715 714 712 710 707 705 703 701 698 695 693 690 686 682 678 674 669 662 654 640 640 640 640 640 640 640 640 640 640 640 639 639 639 639 639 639 639 639 639 639 639 639 639 638 638 638 638 638 638 638
764 763 762 762 761 760 760 759 758 757 757 756 755 754 753 752 751 751 750 749 748 747 746 745 744 742 741 740 739 738 737 735 734 733 731 730 729 727 726 724 722 721 719 717 716 714 712 710 708 705 703 701 698 696 693 689 686 682 678 674 669 663 654 640 640 640 640 640 640 640 640 640 640 639 639 639 639 639 639 639 639 639 639 639 639 639 638 638 638 638 638 638 638 638
764 763 762 762 761 760 760 759 758 757 757 756 755 754 753 752 751 751 750 749 748 747 746 745 744 743 741 740 739 738 737 735 734 733 731 730 729 727 726 724 723 721 719 717 716 714 712 710 708 706 703 701 698 695 692 689 686 682 678 674 669 663 655 640 640 640 640 640 640 640 640 639 639 639 639 639 639 639 639 639 639 639 639 639 639 638 638 638 638 638 638 638 638 638
764 763 762 762 761 760 760 759 758 757 757 756 755 754 753 752 752 751 750 749 748 747 746 745 744 743 741 740 739 738 737 735 734 733 732 730 729 727 726 724 723 721 719 718 716 714 712 710 708 706 702 700 697 695 692 689 686 682 679 674 669 663 655 640 640 640 640 640 640 639 639 639 639 639 639 639 639 639 639 639 639 639 639 638 638 638 638 638 638 638 638 638 638 638
764 763 763 762 761 760 760 759 758 757 757 756 755 754 753 753 752 751 750 749 748 747 746 745 744 743 742 740 739 738 737 736 734 733 732 730 729 727 726 724 723 721 719 718 716 714 712 709 707 705 702 700 698 695 692 689 686 683 679 674 670 664 656 640 640 640 640 639 639 639 639 639 639 639 639 639 639 639 639 639 639 639 638 638 638 638 638 638 638 638 638 638 638 637
764 763 763 762 761 761 760 759 758 758 757 756 755 754 753 753 752 751 750 749 748 747 746 745 744 743 742 740 739 738 737 736 734 733 732 730 729 727 726 724 723 721 719 718 715 713 711 709 707 705 703 700 698 695 692 689 686 683 679 675 670 664 656 640 640 639 639 639 639 639 639 639 639 639 639 639 639 639 639 639 638 638 638 638 638 638 638 638 638 638 638 638 637 637
764 763 763 762 761 761 760 759 758 758 757 756 755 754 754 753 752 751 750 749 748 747 746 745 744 743 742 741 739 738 737 736 734 733 732 730 729 727 726 723 722 720 719 717 715 713 711 709 707 705 703 700 698 695 692 689 686 683 679 675 670 664 656 639 639 639 639 639 639 639 639 639 639 639 639 639 639 639 638 638 638 638 638 638 638 638 638 638 638 638 637 637 637 637
764 763 763 762 761 761 760 759 758 758 757 756 755 754 754 753 752 751 750 749 748 747 746 745 744 743 742 741 739 738 737 736 734 733 731 729 728 727 725 724 722 720 719 717 715 713 711 709 707 705 703 700 698 695 693 690 686 683 679 675 670 663 656 639 639 639 639 639 639 639 639 639 639 639 639 639 639 638 638 638 638 638 638 638 638 638 638 638 638 637 637 637 637 637
763 762 762 761 761 761 760 759 758 758 757 756 755 754 754 753 752 751 750 749 748 747 746 745 744 743 742 740 738 737 736 735 734 732 731 730 728 727 725 724 722 720 719 717 715 713 711 709 707 705 703 701 698 695 693 690 687 683 678 674 669 664 656 639 639 639 639 639 639 639 639 639 639 639 639 638 638 638 638 638 638 638 638 638 638 638 638 637 637 637 637 637 637 637
763 762 762 761 760 760 759 758 758 757 756 755 754 754 753 752 751 750 749 748 747 746 745 744 743 742 741 740 739 737 736 735 734 732 731 730 728 727 725 724 722 720 719 717 715 713 711 709 707 705 703 701 698 696 693 690 686 682 679 674 670 664 656 639 639 639 639 639 639 639 639 639 639 638 638 638 638 638 638 638 638 638 638 638 638 638 637 637 637 637 637 637 637 637
763 762 762 761 760 760 759 758 758 757 756 755 754 754 753 752 751 750 749 748 747 746 745 744 743 742 741 740 739 737 736 735 734 732 731 730 728 727 725 724 722 721 719 717 715 713 712 710 707 705 703 701 698 695 692 689 686 682 679 675 670 664 657 651 639 639 639 639 639 639 639 638 638 638 638 638 638 638 638 638 638 638 638 638 637 637 637 637 637 637 637 637 637 637
763 763 762 761 761 760 759 758 758 757 756 755 754 754 753 752 751 750 749 748 747 746 745 744 743 742 741 740 739 737 736 735 734 732 731 730 728 727 725 724 722 721 719 717 715 714 712 710 708 705 702 700 697 695 692 689 686 683 679 675 670 664 657 651 639 639 639 639 639 638 638 638 638 638 638 638 638 638 638 638 638 638 638 637 637 637 637 637 637 637 637 637 637 637
763 763 762 761 761 760 759 758 758 757 756 755 755 754 753 752 751 750 749 748 747 746 745 744 743 742 741 740 739 738 736 735 734 733 731 730 728 727 725 724 722 721 719 717 715 714 711 709 707 705 702 700 697 695 692 689 686 683 679 675 670 665 657 651 639 639 638 638 638 638 638 638 638 638 638 638 638 638 638 638 638 637 637 637 637 637 637 637 637 637 637 637 636 636
763 763 762 761 761 760 759 758 758 757 756 755 755 754 753 752 751 750 749 748 747 746 745 744 743 742 741 740 739 738 736 735 734 733 731 730 728 727 725 724 722 720 718 716 715 713 711 709 707 705 702 700 698 695 692 689 686 683 679 675 670 665 658 651 638 638 638 638 638 638 638 638 638 638 638 638 638 638 638 637 637 637 637 637 637 637 637 637 637 637 637 636 636 636
763 763 762 761 761 760 759 759 758 757 756 755 755 754 753 752 751 750 749 748 747 746 745 744 743 742 741 740 739 738 736 735 734 733 731 730 728 726 725 723 721 720 718 716 715 713 711 709 707 705 702 700 698 695 692 689 686 683 679 675 671 664 657 650 638 638 638 638 638 638 638 638 638 638 638 638 638 637 637 637 637 637 637 637 637 637 637 637 637 636 636 636 636 636
762 762 762 761 761 760 759 759 758 757 756 755 755 754 753 752 751 750 749 748 747 746 745 744 743 742 741 740 739 737 736 734 733 732 730 729 728 726 725 723 722 720 718 716 715 713 711 709 707 705 703 700 698 695 692 690 686 683 679 674 670 664 657 650 638 638 638 638 638 638 638 638 638 638 638 637 637 637 637 637 637 637 637 637 637 637 637 636 636 636 636 636 636 636
762 762 761 760 760 759 758 758 757 756 755 755 754 753 752 751 750 749 748 748 747 746 745 744 742 741 740 739 738 737 736 734 733 732 730 729 728 726 725 723 722 720 718 717 715 713 711 709 707 705 703 700 698 695 693 689 686 682 679 674 670 665 658 650 638 638 638 638 638 638 638 638 638 637 637 637 637 637 637 637 637 637 637 637 637 636 636 636 636 636 636 636 636 636
762 762 761 760 760 759 758 758 757 756 755 755 754 753 752 751 750 749 748 748 747 746 745 744 742 741 740 739 738 737 736 734 733 732 730 729 728 726 725 723 722 720 718 717 715 713 711 709 707 705 703 700 697 694 692 689 686 682 679 675 670 665 658 650 638 638 638 638 638 638 637 637 637 637 637 637 637 637 637 637 637 637 637 637 636 636 636 636 636 636 636 636 636 636
763 762 761 761 760 759 758 758 757 756 755 755 754 753 752 751 750 749 749 748 747 746 745 744 743 741 740 739 738 737 736 734 733 732 731 729 728 726 725 723 722 720 718 717 715 713 711 709 706 704 702 699 697 694 692 689 686 682 679 675 670 665 658 650 638 638 638 638 637 637 637 637 637 637 637 637 637 637 637 637 637 637 636 636 636 636 636 636 636 636 636 636 636 635
763 762 761 761 760 759 758 758 757 756 755 755 754 753 752 751 750 750 749 748 747 746 745 744 743 742 740 739 738 737 736 734 733 732 731 729 728 726 725 723 722 720 718 717 714 712 710 708 706 704 702 700 697 695 692 689 686 683 679 675 670 665 658 650 638 637 637 637 637 637 637 637 637 637 637 637 637 637 637 636 636 636 636 636 636 636 636 636 636 636 636 635 635 635
763 762 761 761 760 759 759 758 757 756 756 755 754 753 752 751 750 750 749 748 747 746 745 744 743 742 740 739 738 737 736 735 733 732 731 729 728 726 724 722 721 719 718 716 714 712 710 708 706 704 702 700 697 695 692 689 686 683 679 675 671 665 658 649 637 637 637 637 637 637 637 637 637 637 637 637 637 636 636 636 636 636 636 636 636 636 636 636 636 635 635 635 635 635
763 762 761 761 760 759 759 758 757 756 756 755 754 753 752 751 751 750 749 748 747 746 745 744 743 742 741 739 738 737 736 734 732 731 730 728 727 725 724 722 721 719 718 716 714 712 710 708 706 704 702 700 697 695 692 689 686 683 679 674 670 664 658 649 637 637 637 637 637 637 637 637 637 637 637 636 636 636 636 636 636 636 636 636 636 636 636 635 635 635 635 635 635 635
762 761 760 760 759 758 758 757 756 755 755 754 753 752 751 750 750 749 748 747 746 745 744 743 742 741 740 738 737 736 735 734 732 731 730 728 727 726 724 723 721 719 718 716 714 712 710 708 706 704 702 700 697 695 692 689 685 682 678 674 670 665 658 649 637 637 637 637 637 637 637 637 636 636 636 636 636 636 636 636 636 636 636 636 636 635 635 635 635 635 635 635 635 635
762 761 760 760 759 758 758 757 756 755 755 754 753 752 751 750 750 749 748 747 746 745 744 743 742 741 740 738 737 736 735 734 732 731 730 728 727 726 724 723 721 719 718 716 714 712 711 709 707 704 702 700 696 694 691 688 685 682 678 674 670 665 658 649 637 637 637 637 637 637 636 636 636 636 636 636 636 636 636 636 636 636 636 635 635 635 635 635 635 635 635 635 635 635
762 761 760 760 759 758 758 757 756 755 755 754 753 752 751 751 750 749 748 747 746 745 744 743 742 741 740 739 737 736 735 734 732 731 730 728 727 726 724 723 721 719 718 716 714 712 711 708 706 703 701 699 697 694 691 688 685 682 678 675 670 665 659 649 637 637 637 636 636 636 636 636 636 636 636 636 636 636 636 636 636 635 635 635 635 635 635 635 635 635 635 635 634 634
