testData/tiles/oneDegreeCosts/grid13.0-27.0-14.0-28.0.asc
ncols   200
nrows   200
xllcorner   13.0
yllcorner   27.0
cellsize   0.005
NODATA_value   -9999.0
[rows 0 to 41 of 200, columns 94 to 187 of 200]
288 287 288 288 287 286 286 286 286 285 285 286 286 285 285 285 284 283 283 283 282 282 282 283 282 282 282 281 281 281 281 280 280 280 280 279 279 279 278 279 279 278 278 278 278 277 277 277 276 276 276 276 275 275 275 274 274 274 273 273 273 272 272 272 272 271 271 271 270 270 270 269 269 269 268 268 268 267 267 267 267 266 266 266 265 265 265 264 264 264 263 263 263 262
286 286 287 287 286 286 286 286 285 285 285 285 285 284 284 283 283 283 283 282 282 282 282 281 282 282 282 281 281 281 280 280 280 280 279 279 279 278 278 278 279 278 278 278 277 277 277 276 276 276 276 275 275 275 274 274 274 273 273 273 273 272 272 272 271 271 271 270 270 270 269 269 269 269 268 268 268 267 267 267 266 266 266 265 265 265 264 264 264 263 263 263 262 262
286 286 286 286 286 286 285 285 284 284 283 283 284 284 283 283 283 283 282 282 282 282 281 281 282 282 281 281 281 280 280 280 280 279 279 279 278 278 278 278 277 278 278 277 277 277 277 276 276 276 275 275 275 274 274 274 274 273 273 273 272 272 272 271 271 271 270 270 270 270 269 269 269 268 268 268 267 267 267 266 266 266 265 265 265 264 264 264 263 263 263 263 262 262
286 285 285 285 285 284 284 284 284 283 283 283 283 283 283 283 283 282 282 282 282 281 281 281 281 281 281 281 280 280 280 280 279 279 279 278 278 278 278 277 277 277 277 277 277 277 276 276 276 275 275 275 274 274 274 274 273 273 273 272 272 272 271 271 271 271 270 270 270 269 269 269 268 268 268 267 267 267 266 266 266 266 265 265 265 264 264 264 263 263 263 262 262 262
284 284 284 285 284 284 284 284 283 283 283 283 282 283 283 283 282 282 282 282 281 281 281 280 280 281 281 280 280 280 280 279 279 279 278 278 278 278 277 277 277 276 277 277 277 276 276 276 275 275 275 275 274 274 274 273 273 273 272 272 272 272 271 271 271 270 270 270 269 269 269 268 268 268 268 267 267 267 266 266 266 265 265 265 264 264 264 263 263 263 262 262 262 261
284 284 284 283 284 284 284 283 283 283 283 282 282 283 283 282 282 282 282 281 281 281 280 280 280 280 280 280 280 280 279 279 279 278 278 278 278 277 277 277 276 276 276 277 276 276 276 275 275 275 275 274 274 274 273 273 273 272 272 272 272 271 271 271 270 270 270 269 269 269 269 268 268 268 267 267 267 266 266 266 265 265 265 264 264 264 263 263 263 263 262 262 262 261
284 284 283 283 284 284 283 283 283 283 282 282 282 282 282 282 282 282 281 281 281 280 280 280 280 279 280 280 280 279 279 279 278 278 278 278 277 277 277 277 276 276 276 275 276 276 276 275 275 275 274 274 274 273 273 273 273 272 272 272 271 271 271 270 270 270 270 269 269 269 268 268 268 267 267 267 266 266 266 265 265 265 265 264 264 264 263 263 263 262 262 262 261 261
283 283 283 283 283 283 283 283 283 282 282 282 282 281 282 282 281 281 281 281 280 280 280 280 279 279 279 280 279 279 279 278 278 278 278 277 277 277 277 276 276 276 275 275 275 276 275 275 275 274 274 274 273 273 273 273 272 272 272 271 271 271 271 270 270 270 269 269 269 268 268 268 267 267 267 267 266 266 266 265 265 265 264 264 264 263 263 263 262 262 262 261 261 261
283 283 283 282 282 283 283 282 282 282 282 281 281 281 281 281 281 281 281 280 280 280 280 279 279 279 279 278 279 279 278 278 278 278 277 277 277 277 276 276 276 275 275 275 275 274 275 275 274 274 274 274 273 273 273 272 272 272 271 271 271 271 270 270 270 269 269 269 268 268 268 268 267 267 267 266 266 266 265 265 265 264 264 264 263 263 263 263 262 262 262 261 261 261
283 283 282 282 282 283 282 282 282 282 281 281 281 281 280 281 281 281 280 280 280 280 279 279 279 279 278 278 279 278 278 278 278 277 277 277 277 276 276 276 275 275 275 275 274 274 274 273 274 274 274 273 273 273 272 272 272 272 271 271 271 270 270 270 269 269 269 269 268 268 268 267 267 267 266 266 266 265 265 265 264 264 264 264 263 263 263 262 262 262 261 261 261 259
283 282 282 282 282 281 282 282 282 281 281 281 281 280 280 280 281 280 280 280 280 279 279 279 279 278 278 278 277 278 278 278 277 277 277 277 276 276 276 275 275 275 275 274 274 274 273 273 273 274 273 273 273 272 272 272 272 271 271 271 270 270 270 269 269 269 269 268 268 268 267 267 267 266 266 266 266 265 265 265 264 264 264 263 263 263 262 262 262 261 261 261 259 259
282 282 282 282 281 281 282 282 281 281 281 281 280 280 280 280 280 280 280 280 279 279 279 279 278 278 278 277 277 278 278 277 277 277 277 276 276 276 275 275 275 275 274 274 274 273 273 273 273 272 273 273 272 272 272 272 271 271 271 270 270 270 270 269 269 269 268 268 268 267 267 267 266 266 266 266 265 265 265 264 264 264 263 263 263 262 262 262 262 261 261 260 259 259
282 282 281 281 281 281 281 281 281 281 281 280 280 280 280 279 279 280 280 279 279 279 278 278 278 278 277 277 277 277 277 277 277 277 276 276 276 275 275 275 275 274 274 274 274 273 273 273 272 272 272 272 272 272 272 271 271 271 270 270 270 270 269 269 269 268 268 268 267 267 267 267 266 266 266 265 265 265 264 264 264 263 263 263 263 262 262 262 261 260 260 259 259 259
282 281 281 281 281 280 280 281 281 280 280 280 280 279 279 279 279 279 279 279 279 278 278 278 278 277 277 277 277 276 276 277 277 276 276 276 275 275 275 275 274 274 274 274 273 273 273 272 272 272 272 271 271 272 271 271 271 271 270 270 270 269 269 269 268 268 268 268 267 267 267 266 266 266 265 265 265 264 264 264 264 263 263 263 262 262 262 261 260 260 259 259 259 258
281 281 281 281 280 280 280 281 280 280 280 280 279 279 279 279 278 278 279 279 278 278 278 278 277 277 277 277 276 276 276 276 276 276 276 275 275 275 275 274 274 274 274 273 273 273 272 272 272 272 271 271 271 270 270 271 271 270 270 270 269 269 269 268 268 268 268 267 267 267 266 266 266 265 265 265 265 264 264 264 263 263 263 262 262 262 260 260 260 260 259 259 259 258
281 281 281 280 280 280 280 279 280 280 280 279 279 279 279 278 278 278 278 278 278 278 278 277 277 277 277 276 276 276 276 275 276 276 275 275 275 275 274 274 274 274 273 273 273 272 272 272 272 271 271 271 270 270 270 270 269 270 270 269 269 269 269 268 268 268 267 267 267 266 266 266 266 265 265 265 264 264 264 263 263 263 262 262 261 261 260 260 260 259 259 259 258 258
281 280 280 280 280 279 279 279 280 280 279 279 279 279 278 278 278 278 277 278 278 278 277 277 277 277 276 276 276 276 275 275 275 275 275 275 275 274 274 274 274 273 273 273 272 272 272 272 271 271 271 270 270 270 270 269 269 269 268 269 269 269 268 268 268 267 267 267 266 266 266 266 265 265 265 264 264 264 263 263 263 263 261 261 261 260 260 260 259 259 259 258 258 258
280 280 280 280 279 279 279 279 278 279 279 279 279 278 278 278 278 277 277 277 278 277 277 277 277 276 276 276 275 275 275 275 274 274 275 275 274 274 274 274 273 273 273 272 272 272 272 271 271 271 270 270 270 270 269 269 269 268 268 268 268 267 268 268 267 267 267 267 266 266 266 265 265 265 264 264 264 264 263 262 262 261 261 261 260 260 260 259 259 259 259 258 258 258
280 280 280 279 279 279 279 278 278 279 279 278 278 278 278 277 277 277 277 277 277 277 277 276 276 276 276 275 275 275 275 274 274 274 274 274 274 274 274 273 273 273 272 272 272 272 271 271 271 271 270 270 270 269 269 269 269 268 268 268 267 267 267 266 266 266 266 265 266 266 265 265 265 264 263 263 263 262 262 262 261 261 261 260 260 260 260 259 259 259 258 258 258 257
279 279 279 279 279 279 278 278 278 278 278 278 278 278 277 277 277 277 276 276 276 277 276 276 276 276 275 275 275 275 274 274 274 274 273 273 274 274 273 273 273 272 272 272 272 271 271 271 271 270 270 270 269 269 269 269 268 268 268 267 267 267 267 266 266 266 265 265 265 264 264 264 264 263 263 263 262 262 262 261 261 261 261 260 260 260 259 259 259 258 258 258 257 257
278 279 279 279 278 278 278 278 278 277 278 278 278 277 277 277 277 276 276 276 276 275 276 276 276 275 275 275 275 274 274 274 274 273 273 273 273 273 273 273 272 272 272 272 271 271 271 271 270 270 270 269 269 269 269 268 268 268 267 267 267 267 266 266 266 265 265 265 265 264 264 264 263 263 263 262 262 262 262 261 261 261 260 260 260 259 259 259 258 258 258 258 257 257
278 278 279 278 278 278 278 277 277 277 277 278 277 277 277 277 276 276 276 276 275 275 276 276 275 275 275 275 274 274 274 274 273 273 273 273 272 273 273 272 272 272 272 271 271 271 271 270 270 270 269 269 269 269 268 268 268 267 267 267 267 266 266 266 265 265 265 265 264 264 264 263 263 263 262 262 262 262 261 261 261 260 260 260 259 259 259 259 258 258 258 257 257 257
278 278 278 278 278 278 277 277 277 277 276 277 277 277 277 276 276 276 276 275 275 275 275 275 275 275 275 274 274 274 274 273 273 273 272 272 272 272 272 272 272 272 271 271 271 271 270 270 270 269 269 269 269 268 268 268 267 267 267 267 266 266 266 265 265 265 265 264 264 264 263 263 263 263 262 262 262 261 261 261 260 260 260 260 259 259 259 258 258 258 257 257 257 256
277 277 278 278 278 277 277 277 277 276 276 276 277 276 276 276 276 275 275 275 275 275 274 275 275 275 274 274 274 274 273 273 273 272 272 272 272 271 271 272 272 271 271 271 271 270 270 270 269 269 269 269 268 268 268 267 267 267 267 266 266 266 265 265 265 265 264 264 264 263 263 263 263 262 262 262 261 261 261 260 260 260 260 259 259 259 258 258 258 257 257 257 257 256
277 277 277 277 277 277 277 277 276 276 276 276 276 276 276 276 275 275 275 275 274 274 274 274 274 274 274 274 273 273 273 273 272 272 272 272 271 271 271 271 270 271 271 271 270 270 270 269 269 269 269 268 268 268 267 267 267 267 266 266 266 266 265 265 265 264 264 264 263 263 263 263 262 262 262 261 261 261 261 260 260 260 259 259 259 258 258 258 258 257 257 257 256 256
277 277 276 277 277 277 276 276 276 276 276 275 275 276 276 275 275 275 275 274 274 274 274 273 273 274 274 273 273 273 273 272 272 272 272 271 271 271 271 270 270 270 271 270 270 270 269 269 269 269 268 268 268 268 267 267 267 266 266 266 266 265 265 265 264 264 264 264 263 263 263 262 262 262 261 261 261 261 260 260 260 259 259 259 258 258 258 258 257 257 257 256 256 256
276 276 276 276 277 276 276 276 276 275 275 275 275 275 275 275 275 275 274 274 274 274 273 273 273 273 273 273 273 273 272 272 272 272 271 271 271 271 270 270 270 270 269 270 270 269 269 269 269 268 268 268 268 267 267 267 266 266 266 266 265 265 265 264 264 264 264 263 263 263 262 262 262 262 261 261 261 260 260 260 259 259 259 259 258 258 258 257 257 257 256 256 256 255
276 276 276 275 276 276 276 276 275 275 275 275 274 274 275 275 275 274 274 274 274 273 273 273 273 272 273 273 273 272 272 272 272 271 271 271 271 270 270 270 269 269 269 269 269 269 269 269 268 268 268 268 267 267 267 266 266 266 266 265 265 265 264 264 264 264 263 263 263 262 262 262 262 261 261 261 260 260 260 259 259 259 259 258 258 258 257 257 257 256 256 256 256 255
276 276 275 275 275 276 276 275 275 275 275 274 274 274 274 274 274 274 274 273 273 273 273 273 272 272 272 273 272 272 272 272 271 271 271 271 270 270 270 269 269 269 269 268 268 269 269 268 268 268 268 267 267 267 266 266 266 266 265 265 265 264 264 264 264 263 263 263 262 262 262 262 261 261 261 260 260 260 260 259 259 259 258 258 258 257 257 257 257 256 256 256 255 255
275 275 275 275 275 275 275 275 275 275 274 274 274 274 273 274 274 274 273 273 273 273 272 272 272 272 271 271 272 272 271 271 271 271 270 270 270 270 269 269 269 269 268 268 268 268 267 268 268 268 267 267 267 266 266 266 266 265 265 265 264 264 264 264 263 263 263 262 262 262 262 261 261 261 260 260 260 260 259 259 259 258 258 258 258 257 257 257 256 256 256 255 255 255
275 275 275 275 274 274 275 275 274 274 274 274 274 273 273 273 274 273 273 273 273 272 272 272 272 271 271 271 271 271 271 271 271 270 270 270 270 269 269 269 269 268 268 268 268 267 267 267 268 267 267 267 266 266 266 266 265 265 265 264 264 264 264 263 263 263 263 262 262 262 261 261 261 260 260 260 260 259 259 259 258 258 258 258 257 257 257 256 256 256 255 255 255 254
275 275 274 274 274 274 275 274 274 274 274 273 273 273 273 273 272 273 273 273 272 272 272 272 271 271 271 271 270 270 271 271 270 270 270 270 269 269 269 269 268 268 268 268 267 267 267 266 266 266 267 266 266 266 266 265 265 265 264 264 264 264 263 263 263 263 262 262 262 261 261 261 261 260 260 260 259 259 259 258 258 258 258 257 257 257 256 256 256 256 255 254 254 253
275 274 274 274 274 273 273 274 274 274 273 273 273 273 272 272 272 273 273 272 272 272 272 271 271 271 271 270 270 270 271 270 270 270 270 269 269 269 269 268 268 268 268 267 267 267 266 266 266 266 265 265 266 266 265 265 265 265 264 264 264 263 263 263 263 262 262 262 261 261 261 261 260 260 260 259 259 259 259 258 258 258 257 257 257 256 256 256 256 254 254 254 253 253
225 274 274 274 273 273 273 273 273 273 273 273 273 272 272 272 272 271 272 272 272 271 271 271 271 271 270 270 270 270 269 270 270 270 269 269 269 269 268 268 268 268 267 267 267 266 266 266 266 265 265 265 265 264 265 265 265 264 264 264 263 263 263 263 262 262 262 261 261 261 261 260 260 260 259 259 259 259 258 258 258 257 257 257 257 256 256 255 254 254 254 253 253 253
225 225 273 273 273 273 273 272 273 273 273 272 272 272 272 272 271 271 271 272 271 271 271 271 270 270 270 270 269 269 269 269 270 269 269 269 269 268 268 268 267 267 267 267 266 266 266 266 265 265 265 265 264 264 264 264 264 264 264 263 263 263 263 262 262 262 261 261 261 261 260 260 260 259 259 259 259 258 258 258 257 257 257 257 256 255 255 254 254 254 253 253 253 253
225 224 224 224 273 272 272 272 272 273 272 272 272 272 271 271 271 271 271 271 271 271 271 270 270 270 270 269 269 269 269 268 268 269 269 268 268 268 268 267 267 267 267 266 266 266 266 265 265 265 265 264 264 264 263 263 263 263 262 263 263 263 262 262 262 261 261 261 261 260 260 260 259 259 259 259 258 258 258 257 257 257 256 255 255 255 254 254 254 254 253 253 253 252
224 224 224 224 223 272 272 272 272 272 272 272 272 271 271 271 271 270 270 270 271 271 270 270 270 270 269 269 269 269 268 268 268 268 268 268 268 268 267 267 267 267 266 266 266 266 265 265 265 265 264 264 264 263 263 263 263 262 262 262 262 261 262 262 261 261 261 261 260 260 260 260 259 259 259 258 258 258 258 256 256 256 255 255 255 254 254 254 254 253 253 253 252 252
223 224 223 223 223 223 272 271 271 271 272 272 271 271 271 271 270 270 270 270 269 270 270 270 270 269 269 269 269 268 268 268 268 267 267 268 268 267 267 267 267 266 266 266 266 265 265 265 265 264 264 264 263 263 263 263 262 262 262 262 261 261 261 260 260 260 260 259 259 259 259 258 258 258 257 257 257 257 256 256 256 255 255 255 254 254 254 254 253 253 253 252 252 252
223 223 223 223 223 223 222 271 271 271 270 271 271 271 271 270 270 270 270 269 269 269 270 269 269 269 269 269 268 268 268 268 267 267 267 267 267 267 267 267 266 266 266 266 265 265 265 265 264 264 264 263 263 263 263 262 262 262 262 261 261 261 260 260 260 260 259 259 259 259 258 258 258 257 257 257 257 256 256 256 255 255 255 255 254 254 254 253 253 253 252 252 252 252
222 222 223 223 222 222 222 222 222 270 270 271 271 270 270 270 270 270 269 269 269 269 269 269 269 269 268 268 268 268 268 267 267 267 267 266 266 267 267 266 266 266 266 265 265 265 264 264 264 264 263 263 263 263 262 262 262 262 261 261 261 260 260 260 260 259 259 259 259 258 258 258 257 257 257 257 256 256 256 255 255 255 255 254 254 254 253 253 253 253 252 252 252 251
222 222 221 222 222 222 222 221 221 221 270 270 270 270 270 270 269 269 269 269 269 268 268 269 269 268 268 268 268 267 267 267 267 266 266 266 266 265 265 266 266 265 265 265 265 264 264 264 264 263 263 263 263 262 262 262 262 261 261 261 260 260 260 260 259 259 259 259 258 258 258 257 257 257 257 256 256 256 255 255 255 255 254 254 254 253 253 253 253 252 252 252 251 251
222 221 221 222 222 222 221 221 221 221 220 269 270 270 270 269 269 269 269 268 268 268 268 268 268 268 268 268 267 267 267 267 266 266 266 266 265 265 265 265 265 265 265 265 264 264 264 264 263 263 263 263 262 262 262 262 261 261 261 260 260 260 260 259 259 259 259 258 258 258 257 257 257 257 256 256 256 255 255 255 255 254 254 254 253 253 253 253 252 252 252 251 251 251
