testData/tiles/oneDegreeCosts/grid44.0-14.0-45.0-15.0.asc
ncols   200
nrows   200
xllcorner   44.0
yllcorner   14.0
cellsize   0.005
NODATA_value   -9999.0
[rows 84 to 125 of 200, columns 0 to 93 of 200]
913 904 892 878 865 830 785 785 785 785 785 786 786 786 786 786 786 786 786 786 786 786 785 785 785 785 785 785 785 785 785 785 785 785 786 787 788 789 789 790 791 792 792 793 794 794 795 795 796 797 798 798 799 800 801 801 801 802 803 804 804 805 806 806 806 807 808 809 810 809 809 810 811 811 812 813 772 772 772 773 774 774 775 775 776 776 777 778 778 778 779 779 779 779
868 858 847 832 820 785 785 785 785 785 785 785 785 785 785 785 785 785 785 785 785 785 785 785 785 785 785 785 785 784 784 784 785 785 786 787 788 789 789 790 791 792 792 792 793 794 795 795 796 797 798 799 799 799 800 801 801 802 803 804 805 804 805 806 807 807 808 809 809 809 809 810 811 812 812 770 771 772 772 773 774 774 774 775 776 777 777 777 778 778 778 779 779 779
867 857 846 831 820 785 785 785 785 785 785 785 785 785 785 785 785 785 785 785 785 785 785 785 784 784 784 784 784 784 784 784 785 786 786 787 788 789 789 790 790 791 792 792 793 794 795 795 796 797 797 798 798 799 800 801 801 802 803 803 804 804 805 806 807 807 807 807 808 809 809 810 811 812 770 770 771 772 773 773 773 774 775 775 776 777 777 777 777 778 779 779 779 779
866 856 845 830 820 785 785 785 785 785 785 785 785 785 785 785 785 785 785 784 784 784 784 784 784 784 784 784 784 784 784 784 785 786 786 787 788 788 788 789 790 791 792 792 793 794 795 796 795 796 797 798 798 799 800 801 802 801 802 803 804 804 805 806 806 806 806 807 808 809 809 810 810 769 770 770 771 772 773 773 773 774 775 776 775 776 777 777 777 778 778 779 779 780
866 856 844 829 820 785 785 785 785 785 785 785 784 784 784 784 784 784 784 784 784 784 784 784 784 784 784 784 784 784 784 784 785 786 785 786 787 788 789 789 790 791 792 792 793 794 794 795 795 796 797 798 798 799 800 800 801 801 802 803 804 805 804 805 805 806 806 807 808 809 810 809 768 769 770 770 771 771 772 773 773 774 775 775 775 775 776 777 778 777 778 779 780 780
864 854 842 826 819 784 784 784 784 784 784 784 784 784 784 784 784 784 784 784 784 784 784 784 784 784 784 784 784 784 783 783 784 785 785 786 787 788 789 789 790 791 792 791 792 793 794 795 795 796 797 798 798 798 799 800 801 801 802 802 803 804 803 804 805 806 806 807 808 808 809 767 768 769 770 770 770 771 772 773 773 774 774 775 775 775 776 776 777 777 778 779 780 780
863 853 841 825 819 784 784 784 784 784 784 784 784 784 784 784 784 784 784 784 784 784 784 784 784 784 783 783 783 783 783 783 784 785 785 786 787 788 789 789 790 790 791 791 792 793 794 795 795 796 797 797 798 798 799 800 801 800 801 802 802 803 803 804 805 806 806 806 807 766 767 767 768 769 769 770 770 771 772 773 772 773 774 774 775 775 775 776 777 777 778 778 779 780
862 852 840 824 784 784 784 784 784 784 784 784 784 784 784 784 784 784 784 784 784 784 783 783 783 783 783 783 783 783 783 783 784 785 785 786 787 788 788 788 789 790 791 791 792 793 794 795 795 795 796 797 797 798 798 799 800 800 800 801 802 803 803 804 805 806 805 806 765 766 767 767 768 768 769 769 770 771 772 772 772 772 773 774 775 774 775 776 777 777 777 778 779 780
862 851 839 822 784 784 784 784 784 784 784 784 784 784 784 783 783 783 783 783 783 783 783 783 783 783 783 783 783 783 783 783 784 785 785 785 786 787 788 788 789 790 791 791 792 793 794 794 794 795 796 797 796 797 798 799 799 799 800 801 802 803 803 804 804 805 805 764 765 766 767 766 767 768 769 769 770 771 771 771 771 772 773 773 773 774 775 776 777 776 777 778 779 779
860 850 837 820 783 783 783 783 783 783 783 783 783 783 783 783 783 783 783 783 783 783 783 783 783 783 783 783 783 783 783 782 783 784 784 785 786 787 787 788 789 790 791 791 791 792 793 794 794 794 795 796 796 797 797 798 799 799 800 801 802 802 802 803 804 805 763 764 765 766 765 766 767 768 769 769 769 770 770 770 771 772 772 773 773 774 775 776 775 776 777 778 778 778
859 849 836 818 783 783 783 783 783 783 783 783 783 783 783 783 783 783 783 783 783 783 783 783 783 783 783 783 782 782 782 782 783 784 784 785 786 787 787 788 789 790 790 790 791 791 792 792 793 794 795 796 795 796 797 798 798 799 800 801 801 801 802 803 804 762 763 764 764 765 765 766 767 768 768 768 768 769 770 770 771 771 772 772 773 774 774 774 775 776 777 777 777 777
858 848 835 818 783 783 783 783 783 783 783 783 783 783 783 783 783 783 783 783 783 783 783 782 782 782 782 782 782 782 782 782 783 783 784 785 786 787 787 787 788 788 788 789 790 791 792 792 793 794 794 795 795 796 797 798 798 799 800 800 801 801 802 761 762 762 762 763 764 764 765 766 767 767 766 767 768 769 769 769 770 771 771 772 773 773 773 774 775 775 775 776 776 777
858 847 834 818 783 783 783 783 783 783 783 783 783 783 783 783 783 782 782 782 782 782 782 782 782 782 782 782 782 782 782 782 783 783 784 785 785 785 785 786 787 788 788 789 790 791 792 791 792 793 794 794 795 796 797 798 798 798 799 800 800 801 760 761 760 761 762 763 764 764 765 765 765 765 766 767 768 768 768 769 770 770 771 772 772 772 773 774 774 774 775 775 776 637
856 845 831 818 783 783 783 783 782 782 782 782 782 782 782 782 782 782 782 782 782 782 782 782 782 782 782 782 782 782 781 781 781 781 782 783 784 784 785 786 787 788 788 789 790 790 790 791 792 793 794 794 795 796 797 796 797 798 799 799 800 759 760 760 760 761 762 763 763 764 764 764 764 765 766 767 766 767 768 769 769 770 770 771 771 772 773 773 773 636 636 636 636 636
854 843 829 816 781 781 781 781 781 781 781 781 781 781 781 781 781 781 781 781 781 781 781 781 781 781 781 781 781 780 780 780 780 781 782 783 784 784 785 786 787 787 787 788 789 790 790 791 792 793 793 794 794 795 796 796 797 798 799 799 758 758 759 759 760 761 762 762 762 762 763 763 764 765 766 765 766 767 768 768 769 769 770 770 633 634 633 634 634 635 635 635 635 635
853 842 828 816 781 781 781 781 781 781 781 781 781 781 781 781 781 781 781 781 781 781 781 781 780 780 780 780 780 780 780 780 780 781 782 783 783 784 785 785 786 786 787 788 789 789 790 791 792 793 792 793 794 795 795 796 797 798 756 756 757 758 758 759 760 761 759 760 761 762 762 763 764 764 764 765 766 767 767 629 630 630 631 632 632 632 633 633 634 634 633 634 634 634
852 841 827 816 781 781 781 781 781 781 781 781 781 781 781 781 781 781 781 780 780 780 780 780 780 780 780 780 780 780 780 780 780 781 782 783 782 783 784 785 785 786 787 788 789 789 790 791 791 791 792 793 794 794 795 796 797 754 755 756 757 758 758 759 759 759 759 760 761 761 762 763 763 763 626 627 628 628 628 629 629 630 631 631 631 632 632 632 632 632 632 633 633 634
852 840 825 816 781 781 781 781 781 781 780 780 780 780 780 780 780 780 780 780 780 780 780 780 780 780 780 780 780 780 780 780 780 780 781 781 782 783 784 785 785 786 787 788 788 788 789 790 790 791 792 793 793 794 795 795 754 754 755 756 757 757 757 757 758 758 759 760 622 623 623 624 624 625 626 627 626 627 628 628 629 630 629 630 631 630 631 631 631 631 632 632 633 632
850 838 823 815 780 780 780 780 780 780 780 780 780 780 780 780 780 780 780 780 780 780 780 780 780 780 780 780 780 779 779 779 779 780 781 781 782 783 784 784 785 786 786 786 787 788 789 789 790 791 792 793 793 793 752 753 753 754 755 755 755 755 618 619 619 620 621 621 621 622 623 623 624 625 626 625 626 627 627 628 629 628 629 629 629 630 629 630 630 631 631 632 631 631
849 837 822 815 780 780 780 780 780 780 780 780 780 780 780 780 780 780 780 780 780 780 780 780 780 779 779 779 779 779 779 779 779 780 780 781 782 783 783 784 784 785 786 786 787 788 789 789 790 791 791 791 792 751 752 616 616 616 616 616 616 617 618 618 619 620 619 620 621 622 622 623 624 623 624 625 626 626 627 626 627 628 627 628 629 628 629 629 630 630 630 630 630 631
848 836 820 815 780 780 780 780 780 780 780 780 780 780 780 780 780 780 780 779 779 779 779 779 779 779 779 779 779 779 779 779 779 779 780 781 781 782 782 783 784 785 785 786 787 788 650 651 651 652 652 653 616 616 616 616 616 616 616 616 616 617 617 618 619 618 619 620 621 621 622 623 622 623 624 624 625 626 625 626 626 626 627 627 627 628 628 629 629 628 629 629 630 630
847 835 819 780 780 780 780 780 780 780 780 779 779 779 779 779 779 779 779 779 779 779 779 779 779 779 779 779 779 779 779 779 779 778 779 642 643 643 644 645 646 646 647 648 649 648 649 650 651 651 616 616 616 616 616 616 616 616 616 616 616 616 617 617 617 618 619 620 620 621 621 621 622 623 623 624 624 624 625 625 625 626 625 626 626 627 627 628 627 628 628 629 629 628
707 695 678 641 641 641 641 641 641 641 641 641 641 641 641 641 641 641 641 641 641 641 641 641 641 641 641 641 641 640 640 640 640 640 641 642 642 643 644 645 645 646 647 647 647 648 649 649 649 616 616 616 616 616 616 616 616 616 616 616 616 616 616 616 617 618 619 619 619 620 620 621 622 622 623 623 623 623 623 624 625 624 625 625 626 626 626 626 627 627 628 627 627 627
706 694 677 641 641 641 641 641 641 641 641 641 641 641 641 641 641 641 641 641 641 641 641 641 641 640 640 640 640 640 640 640 640 640 641 641 642 643 644 644 644 645 646 645 646 647 648 616 616 616 616 616 616 616 616 616 616 616 616 616 616 616 616 616 617 617 617 618 619 619 620 621 621 621 621 621 622 622 623 623 623 624 624 625 625 625 625 626 626 626 626 626 626 627
705 693 676 641 641 641 641 641 641 641 641 641 641 641 641 641 641 641 641 640 640 640 640 640 640 640 640 640 640 640 640 640 640 640 640 641 641 642 641 642 643 644 644 645 646 647 616 616 616 616 616 616 616 616 616 616 616 616 616 616 616 616 616 616 616 616 617 617 618 619 619 619 620 619 620 621 621 622 621 622 623 623 624 623 624 624 625 625 625 625 625 625 626 625
703 690 676 641 641 641 641 641 641 641 640 640 640 640 640 640 640 640 640 640 640 640 640 640 640 640 640 640 640 640 640 639 639 638 638 639 640 640 641 642 643 643 644 645 646 616 616 616 616 616 616 616 616 616 616 616 616 616 616 616 616 616 616 616 616 616 616 617 618 618 617 618 618 619 620 620 620 620 621 621 622 623 622 623 623 623 624 623 624 624 624 624 624 623
702 688 674 639 639 639 639 639 639 639 639 639 639 639 639 639 639 639 639 639 639 639 639 639 639 639 639 639 639 638 638 638 638 638 638 639 640 640 641 642 642 643 643 616 616 616 616 616 616 616 616 616 616 616 616 616 616 616 616 616 616 616 616 616 616 616 616 617 616 616 617 617 618 618 618 619 619 620 620 621 620 621 621 622 622 623 622 623 623 622 623 622 622 622
701 687 674 639 639 639 639 639 639 639 639 639 639 639 639 639 639 639 639 639 639 639 639 639 638 638 638 638 638 638 638 638 638 638 638 639 639 640 641 640 641 642 616 616 616 616 616 616 616 616 616 616 616 616 616 616 616 616 616 616 616 616 616 616 616 616 616 616 616 616 616 617 617 617 618 618 619 619 620 619 620 620 621 621 622 621 622 622 621 622 621 621 621 622
700 686 674 639 639 639 639 639 639 639 639 639 639 639 639 639 639 639 638 638 638 638 638 638 638 638 638 638 638 638 638 638 638 638 638 638 638 639 639 640 616 616 616 616 616 616 616 616 616 616 616 616 616 616 616 616 616 616 616 616 616 616 616 616 616 616 616 616 616 616 616 616 616 616 617 618 618 618 618 619 619 620 620 620 620 621 620 620 620 620 620 620 621 620
698 684 674 639 639 639 639 639 639 638 638 638 638 638 638 638 638 638 638 638 638 638 638 638 638 638 638 638 638 638 638 638 637 637 637 637 638 638 639 616 616 616 616 616 616 616 616 616 616 616 616 616 616 616 616 616 616 616 616 616 616 616 616 616 616 616 616 616 616 616 616 616 616 616 616 617 617 617 618 618 619 619 619 619 618 619 619 619 619 619 619 620 619 619
696 682 673 638 638 638 638 638 638 638 638 638 638 638 638 638 638 638 638 638 638 638 638 638 638 638 638 638 637 637 637 637 637 637 637 637 637 616 616 616 616 616 616 616 616 616 616 616 616 616 616 616 616 616 616 616 616 616 616 616 616 616 616 616 616 616 616 616 616 616 616 616 616 616 616 616 616 617 617 618 617 617 617 617 618 618 618 618 618 618 619 618 618 618
695 680 673 638 638 638 638 638 638 638 638 638 638 638 638 638 638 638 638 638 638 638 638 637 637 637 637 637 637 637 637 637 637 637 637 637 616 616 616 616 616 616 616 616 616 616 616 616 616 616 616 616 616 616 616 616 616 616 616 616 616 616 616 616 616 616 616 616 616 616 616 616 616 616 616 616 616 616 616 616 616 616 616 617 616 616 617 617 617 617 617 617 617 618
694 679 673 638 638 638 638 638 638 638 638 638 638 638 638 638 638 637 637 637 637 637 637 637 637 637 637 637 637 637 637 637 637 637 616 616 616 616 616 616 616 616 616 616 616 616 616 616 616 616 616 616 616 616 616 616 616 616 616 616 616 616 616 616 616 616 616 616 616 616 616 616 616 616 616 616 616 616 616 616 616 616 616 616 616 616 616 616 616 616 616 616 617 616
693 677 673 638 637 637 637 637 637 637 637 637 637 637 637 637 637 637 637 637 637 637 637 637 637 637 637 637 637 637 637 636 616 616 616 616 616 616 616 616 616 616 616 616 616 616 616 616 616 616 616 616 616 616 616 616 616 616 616 616 616 616 616 616 616 616 616 616 616 616 616 616 616 616 616 616 616 616 616 616 616 616 616 616 616 616 616 616 616 616 616 616 616 616
691 675 637 637 637 637 637 637 637 637 637 637 637 637 637 637 637 637 637 637 637 637 637 637 637 637 637 636 636 636 636 616 616 616 616 616 616 616 616 616 616 616 616 616 616 616 616 616 616 616 616 616 616 616 616 616 616 616 616 616 616 616 616 616 616 616 616 616 616 616 616 616 616 616 616 616 616 616 616 616 616 616 616 616 616 616 616 616 616 616 616 616 616 616
690 673 637 637 637 637 637 637 637 637 637 637 637 637 637 637 637 637 637 637 637 637 636 636 636 636 636 636 636 616 616 616 616 616 616 616 616 616 616 616 616 616 616 616 616 616 616 616 616 616 616 616 616 616 616 616 616 616 616 616 616 616 616 616 616 616 616 616 616 616 616 616 616 616 616 616 616 616 616 616 616 616 616 616 616 616 616 616 616 616 616 616 717 717
688 671 636 637 637 637 637 637 637 637 637 637 637 637 637 636 636 636 636 636 636 636 636 636 636 636 636 616 616 616 616 616 616 616 616 616 616 616 616 616 616 616 616 616 616 616 616 616 616 616 616 616 616 616 616 616 616 616 616 616 616 616 616 616 616 616 616 616 616 616 616 616 616 616 616 616 616 616 616 616 616 616 616 616 616 616 616 616 616 616 716 716 716 716
685 670 635 635 635 635 635 635 635 635 635 635 635 635 635 635 635 635 635 635 635 635 635 635 635 635 616 616 616 616 616 616 616 616 616 616 616 616 616 616 616 616 616 616 616 616 616 616 616 616 616 616 616 616 616 616 616 616 616 616 616 616 616 616 616 616 616 616 616 616 616 616 616 616 616 616 616 616 616 616 616 616 616 616 616 616 616 616 716 715 715 715 715 715
714 670 635 635 635 635 635 635 635 635 635 635 635 635 635 635 635 635 635 635 635 635 635 635 616 616 616 616 616 616 616 616 616 616 616 616 616 616 616 616 616 616 616 616 616 616 616 616 616 616 616 616 616 616 616 616 616 616 616 616 616 616 616 616 616 616 616 616 616 616 616 616 616 616 616 616 616 616 616 616 616 616 616 616 616 616 715 714 714 714 714 714 714 714
713 700 635 635 635 635 635 635 635 635 635 635 635 635 635 635 635 635 635 635 634 634 616 616 616 616 616 616 616 616 616 616 616 616 616 616 616 616 616 616 616 616 616 616 616 616 616 616 616 616 616 616 616 616 616 616 616 616 616 616 616 616 616 616 616 616 616 616 616 616 616 616 616 616 616 616 616 616 616 616 616 616 616 616 713 713 713 713 713 713 713 713 713 712
711 700 665 665 635 635 635 635 635 635 635 634 634 634 634 634 634 634 634 634 616 616 616 616 616 616 616 616 616 616 616 616 616 616 616 616 616 616 616 616 616 616 616 616 616 616 616 616 616 616 616 616 616 616 616 616 616 616 616 616 616 616 616 616 616 616 616 616 616 616 616 616 616 616 616 616 616 616 616 616 616 616 712 711 712 712 712 712 712 712 712 712 711 712
709 699 664 664 664 634 634 634 634 634 634 634 634 634 634 634 634 634 616 616 616 616 616 616 616 616 616 616 616 616 616 616 616 616 616 616 616 616 616 616 616 616 616 616 616 616 616 616 616 616 616 616 616 616 616 616 616 616 616 616 616 616 616 616 616 616 616 616 616 616 616 616 616 616 616 616 616 616 616 616 711 710 710 711 711 710 711 711 711 711 710 711 711 711
