testData/tiles/oneDegreeCosts/grid43.0-22.0-44.0-23.0.asc
ncols   200
nrows   200
xllcorner   43.0
yllcorner   22.0
cellsize   0.005
NODATA_value   -9999.0
[rows 126 to 167 of 200, columns 0 to 93 of 200]
529 529 529 529 529 529 529 529 529 529 544 544 544 544 544 544 544 544 544 544 544 544 695 695 695 695 695 695 695 695 695 695 695 695 695 695 492 492 492 492 492 492 492 492 492 492 492 492 493 493 494 494 495 495 496 496 497 497 498 498 498 499 499 499 499 500 500 500 501 501 500 500 501 501 501 501 502 502 502 502 502 503 503 503 503 503 504 504 504 504 504 505 505 505
529 529 529 529 529 529 529 529 529 529 544 544 544 544 544 544 544 544 544 544 544 544 695 695 695 695 695 695 695 695 695 695 695 695 695 695 492 492 492 492 492 492 492 492 492 492 492 493 493 494 494 495 495 496 496 497 497 498 498 498 499 499 499 500 500 500 500 501 500 500 500 501 501 501 501 502 502 502 502 503 503 503 503 503 504 504 504 504 504 504 505 505 505 505
529 529 529 529 529 529 529 529 529 529 529 544 544 544 544 544 544 544 544 544 544 544 544 695 695 695 695 695 695 695 695 695 695 695 695 492 492 492 492 492 492 492 492 492 492 492 493 493 494 494 495 496 496 496 497 497 498 498 498 499 499 499 500 500 500 500 500 500 500 500 501 501 501 501 502 502 502 502 503 503 503 503 503 504 504 504 504 504 504 505 505 505 505 505
529 529 529 529 529 529 529 529 529 529 529 544 544 544 544 544 544 544 544 544 544 544 544 695 695 695 695 695 695 695 695 695 695 695 695 492 492 492 492 492 492 492 492 492 492 492 492 493 495 495 496 496 496 497 497 498 498 498 499 499 499 500 500 499 499 500 500 500 501 501 501 501 501 502 502 502 502 503 503 503 503 503 504 504 504 504 504 505 505 505 505 505 505 506
529 529 529 529 529 529 529 529 529 529 529 529 544 544 544 544 544 544 544 544 544 544 544 695 695 695 695 695 695 695 695 695 695 695 695 492 492 492 492 492 492 492 492 492 492 492 493 494 494 495 495 495 496 496 497 498 498 498 498 498 499 499 499 499 500 500 500 501 501 501 501 501 502 502 502 502 503 503 503 503 503 504 504 504 504 504 505 505 505 505 505 505 506 506
529 529 529 529 529 529 529 529 529 529 529 529 544 544 544 544 544 544 544 544 544 544 544 695 695 695 695 695 695 695 695 695 695 695 492 492 492 492 492 492 492 492 492 492 492 493 494 494 495 495 495 496 496 497 497 497 498 498 498 499 499 499 499 500 500 500 501 501 501 501 502 502 502 502 502 503 503 503 503 503 504 504 504 504 504 505 505 505 505 505 505 506 506 506
529 529 529 529 529 529 529 529 529 529 529 529 529 544 544 544 544 544 544 544 544 544 544 695 695 695 695 695 695 695 695 695 695 695 492 492 492 492 492 492 492 492 492 492 493 494 494 495 495 495 496 496 497 497 497 498 498 498 499 499 499 500 500 500 500 501 501 501 501 502 502 502 502 502 503 503 503 503 503 504 504 504 504 504 505 505 505 505 505 506 506 506 506 506
529 529 529 529 529 529 529 529 529 529 529 529 529 529 544 544 544 544 544 544 544 544 544 695 695 695 695 695 695 695 695 695 695 695 492 492 492 492 492 492 492 492 492 493 494 494 495 495 495 496 496 497 497 497 498 498 498 499 499 499 500 500 500 500 501 501 501 501 502 502 502 502 502 503 503 503 503 504 504 504 504 504 504 505 505 505 505 505 506 506 506 506 506 506
529 529 529 529 529 529 529 529 529 529 529 529 529 529 544 544 544 544 544 544 544 544 544 544 695 695 695 695 695 695 695 695 695 492 492 492 492 492 492 492 492 492 493 494 494 495 495 495 496 496 497 497 497 498 498 498 499 499 499 500 500 500 500 501 501 501 501 502 502 502 502 502 503 503 503 503 504 504 504 504 504 505 505 505 505 505 505 506 506 506 506 506 506 507
529 529 529 529 529 529 529 529 529 529 529 529 529 529 529 544 544 544 544 544 544 544 544 544 695 695 695 695 695 695 695 695 695 492 492 492 492 492 492 492 492 493 494 494 495 495 495 496 496 497 497 497 498 498 498 499 499 499 500 500 500 500 501 501 501 501 502 502 502 502 503 503 503 503 503 504 504 504 504 504 505 505 505 505 505 505 506 506 506 506 506 506 507 507
529 529 529 529 529 529 529 529 529 529 529 529 529 529 529 544 544 544 544 544 544 544 544 544 695 695 695 695 695 695 695 695 492 492 492 492 492 492 492 492 493 494 494 495 495 495 496 496 497 497 497 498 498 498 499 499 499 500 500 500 500 501 501 501 501 502 502 502 502 503 503 503 503 503 504 504 504 504 504 505 505 505 505 505 505 506 506 506 506 506 506 507 507 507
529 529 529 529 529 529 529 529 529 529 529 529 529 529 529 529 544 544 544 544 544 544 544 544 695 695 695 695 695 695 695 695 492 492 492 492 492 492 492 493 493 494 495 495 495 496 496 497 497 497 498 498 498 499 499 499 500 500 500 500 501 501 501 501 502 502 502 502 503 503 503 503 503 504 504 504 504 504 505 505 505 505 505 505 506 506 506 506 506 506 507 507 507 507
529 529 529 529 529 529 529 529 529 529 529 529 529 529 529 529 529 544 544 544 544 544 544 544 695 695 695 695 695 695 695 695 492 492 492 492 492 492 493 493 494 495 495 495 496 496 497 497 497 498 498 498 499 499 499 500 500 500 500 501 501 501 501 502 502 502 502 503 503 503 503 503 504 504 504 504 504 505 505 505 505 505 506 506 506 506 506 506 507 507 507 507 507 507
529 529 529 529 529 529 529 529 529 529 529 529 529 529 529 529 529 544 544 544 544 544 544 544 695 695 695 695 695 695 695 492 492 492 492 492 492 493 493 494 494 495 495 496 496 497 497 497 498 498 498 499 499 499 500 500 500 500 501 501 501 501 502 502 502 502 503 503 503 503 503 504 504 504 504 504 505 505 505 505 505 506 506 506 506 506 506 507 507 507 507 507 507 507
529 529 529 529 529 529 529 529 529 529 529 529 529 529 529 529 529 529 544 544 544 544 544 544 544 695 695 695 695 695 695 492 492 492 492 492 493 493 494 494 495 495 496 496 497 497 497 498 498 498 499 499 499 500 500 500 500 501 501 501 501 502 502 502 502 503 503 503 503 503 504 504 504 504 504 505 505 505 505 505 506 506 506 506 506 506 507 507 507 507 507 507 508 493
529 529 529 529 529 529 529 529 529 529 529 529 529 529 529 529 529 529 529 544 544 544 544 544 544 695 695 695 695 695 492 492 492 492 492 493 493 494 494 495 495 496 496 497 497 497 498 498 498 499 499 499 500 500 500 500 501 501 501 501 502 502 502 502 503 503 503 503 503 504 504 504 504 504 505 505 505 505 505 506 506 506 506 506 506 507 507 507 507 507 507 508 493 493
529 529 529 529 529 529 529 529 529 529 529 529 529 529 529 529 529 529 529 544 544 544 544 544 544 695 695 695 695 695 492 492 492 492 493 493 494 494 495 495 496 496 497 497 497 498 498 498 499 499 499 500 500 500 500 501 501 501 501 502 502 502 502 503 503 503 503 503 504 504 504 504 504 505 505 505 505 505 506 506 506 506 506 506 507 507 507 507 507 507 508 508 493 493
529 529 529 529 529 529 529 529 529 529 529 529 529 529 529 529 529 529 529 529 544 544 544 544 544 695 695 695 695 492 492 492 492 493 493 494 494 495 495 496 496 497 497 497 498 498 498 499 499 499 500 500 500 500 501 501 501 501 502 502 502 502 503 503 503 503 503 504 504 504 504 504 505 505 505 505 505 506 506 506 506 506 506 507 507 507 507 507 507 508 508 493 493 493
529 529 529 529 529 529 529 529 529 529 529 529 529 529 529 529 529 529 529 529 529 544 544 544 544 695 695 695 699 492 492 492 493 493 494 494 495 495 496 496 497 497 497 498 498 498 499 499 499 500 500 500 500 501 501 501 501 502 502 502 502 503 503 503 503 503 504 504 504 504 504 505 505 505 505 505 506 506 506 506 506 506 507 507 507 507 507 507 508 508 493 493 493 493
529 529 529 529 529 529 529 529 529 529 529 529 529 529 529 529 529 529 529 529 529 529 544 544 544 695 695 699 699 492 492 492 493 494 494 495 495 496 496 496 497 497 498 498 498 499 499 499 500 500 500 500 501 501 501 501 502 502 502 502 503 503 503 503 503 504 504 504 504 504 505 505 505 505 505 506 506 506 506 506 506 507 507 507 507 507 507 508 508 493 493 493 493 494
529 529 529 529 529 529 529 529 529 529 529 529 529 529 529 529 529 529 529 529 529 529 544 544 544 544 699 699 492 492 492 493 494 494 495 495 496 496 496 497 497 498 498 498 499 499 499 500 500 500 500 501 501 501 501 502 502 502 502 503 503 503 503 503 504 504 504 504 504 505 505 505 505 505 506 506 506 506 506 506 507 507 507 507 507 507 508 508 508 493 493 493 494 494
529 529 529 529 529 529 529 529 529 529 529 529 529 529 529 529 529 529 529 529 529 529 529 544 544 548 699 699 492 492 493 494 494 495 495 496 496 496 497 497 498 498 498 499 499 499 499 500 500 500 501 501 501 501 502 502 502 502 503 503 503 503 503 504 504 504 504 504 505 505 505 505 505 506 506 506 506 506 507 507 507 507 507 507 507 508 508 508 493 493 493 494 494 494
529 529 529 529 529 529 529 529 529 529 529 529 529 529 529 529 529 529 529 529 529 529 529 529 544 548 699 492 492 493 494 494 495 495 496 496 496 497 497 498 498 498 499 499 499 499 500 500 500 501 501 501 501 502 502 502 502 503 503 503 503 503 504 504 504 504 504 505 505 505 505 505 506 506 506 506 506 507 507 507 507 507 507 507 508 508 508 493 493 493 494 494 494 494
529 529 529 529 529 529 529 529 529 529 529 529 529 529 529 529 529 529 529 529 529 529 529 529 533 548 699 492 493 493 494 495 495 495 496 496 497 497 497 498 498 499 499 499 499 500 500 500 501 501 501 501 502 502 502 502 503 503 503 503 503 504 504 504 504 504 505 505 505 505 505 506 506 506 506 506 507 507 507 507 507 507 508 508 508 508 493 493 493 494 494 494 494 494
529 529 529 529 529 529 529 529 529 529 529 529 529 529 529 529 529 529 529 529 529 529 529 533 533 533 492 493 493 494 494 495 495 496 496 497 497 497 498 498 498 499 499 499 500 500 500 501 501 501 501 502 502 502 502 503 503 503 503 503 504 504 504 504 504 505 505 505 505 505 506 506 506 506 506 507 507 507 507 507 507 508 508 508 508 493 493 493 494 494 494 494 494 494
529 529 529 529 529 529 529 529 529 529 529 529 529 529 529 529 529 529 529 529 529 529 533 533 533 534 343 493 494 494 495 495 496 496 497 497 497 498 498 498 499 499 499 500 500 500 501 501 501 501 502 502 502 502 503 503 503 503 503 504 504 504 504 504 505 505 505 505 505 506 506 506 506 506 507 507 507 507 507 507 508 508 508 508 493 493 493 494 494 494 494 494 494 494
529 529 529 529 529 529 529 529 529 529 529 529 529 529 529 529 529 529 529 529 529 533 533 533 534 535 343 479 494 495 495 496 496 497 497 497 498 498 498 499 499 499 500 500 500 501 501 501 501 502 502 502 502 503 503 503 503 503 504 504 504 504 504 505 505 505 505 505 506 506 506 506 506 507 507 507 507 507 507 508 508 508 508 493 493 493 494 494 494 494 494 494 494 495
529 529 529 529 529 529 529 529 529 529 529 529 529 529 529 529 529 529 529 529 533 533 533 534 534 343 343 479 480 495 496 496 497 497 497 498 498 498 499 499 499 500 500 500 500 501 501 501 502 502 502 502 503 503 503 503 503 504 504 504 504 504 505 505 505 505 505 506 506 506 506 506 507 507 507 507 507 507 508 508 508 508 493 493 493 494 494 494 494 494 494 494 495 495
529 529 529 529 529 529 529 529 529 529 529 529 529 529 529 529 529 529 529 529 533 533 533 534 535 343 343 480 480 481 496 496 497 497 498 498 498 499 499 499 500 500 500 500 501 501 501 502 502 502 502 502 503 503 503 503 504 504 504 504 504 505 505 505 505 505 506 506 506 506 506 507 507 507 507 507 507 508 508 508 508 493 493 493 494 494 494 494 494 494 494 495 495 495
529 529 529 529 529 529 529 529 529 529 529 529 529 529 529 529 529 529 529 533 533 533 534 535 343 343 343 480 481 481 481 497 497 498 498 498 499 499 499 500 500 500 500 501 501 501 501 502 502 502 502 503 503 503 503 504 504 504 504 504 505 505 505 505 505 506 506 506 506 506 507 507 507 507 507 507 508 508 508 508 493 493 493 494 494 494 494 494 494 494 495 495 495 495
529 529 529 529 529 529 529 529 529 529 529 529 529 529 529 529 529 529 533 533 533 534 535 535 343 343 343 343 481 481 482 482 497 498 498 499 499 499 499 500 500 500 501 501 501 501 502 502 502 502 503 503 503 503 504 504 504 504 504 505 505 505 505 505 506 506 506 506 506 507 507 507 507 507 507 508 508 508 508 493 493 493 494 494 494 494 494 494 495 495 495 495 495 495
529 529 529 529 529 529 529 529 529 529 529 529 529 529 529 529 529 533 533 533 534 535 535 343 343 343 343 343 481 482 482 482 483 498 498 499 499 499 500 500 500 501 501 501 501 502 502 502 502 503 503 503 503 504 504 504 504 504 505 505 505 505 505 506 506 506 506 506 507 507 507 507 507 507 508 508 508 508 493 493 493 494 494 494 494 494 494 495 495 495 495 495 495 495
529 529 529 529 529 529 529 529 529 529 529 529 529 529 529 529 533 533 533 534 534 535 536 343 343 343 343 343 482 482 482 483 483 483 499 499 499 500 500 500 501 501 501 501 502 502 502 502 503 503 503 503 504 504 504 504 504 505 505 505 505 505 506 506 506 506 506 507 507 507 507 507 507 508 508 508 508 493 493 493 494 494 494 494 494 494 495 495 495 495 495 495 495 495
529 529 529 529 529 529 529 529 529 529 529 529 529 529 529 529 533 533 534 534 535 536 343 343 343 343 343 343 482 482 483 483 483 484 484 484 500 500 500 501 501 501 501 502 502 502 502 503 503 503 503 504 504 504 504 504 505 505 505 505 505 506 506 506 506 506 506 507 507 507 507 507 508 508 508 493 493 493 493 494 494 494 494 494 494 495 495 495 495 495 495 495 495 496
529 529 529 529 529 529 529 529 529 529 529 529 529 529 529 533 533 533 534 535 535 536 343 343 343 343 343 343 482 483 483 483 484 484 484 485 485 500 500 501 501 501 502 502 502 502 503 503 503 503 503 504 504 504 504 505 505 505 505 505 506 506 506 506 506 506 507 507 507 507 507 508 508 508 493 493 493 493 494 494 494 494 494 494 495 495 495 495 495 495 495 495 496 496
529 529 529 529 529 529 529 529 529 529 529 529 529 529 533 533 533 534 535 535 536 343 343 343 343 343 343 343 343 483 483 484 484 484 485 485 485 485 486 501 501 502 502 502 502 503 503 503 503 503 504 504 504 504 505 505 505 505 505 506 506 506 506 506 506 507 507 507 507 507 508 508 493 493 493 493 493 494 494 494 494 494 494 495 495 495 495 495 495 495 495 496 496 496
529 529 529 529 529 529 529 529 529 529 529 529 529 533 533 533 534 535 535 536 536 343 343 343 343 343 343 343 343 483 484 484 484 485 485 485 485 486 486 486 486 502 502 502 503 503 503 503 503 504 504 504 504 505 505 505 505 505 506 506 506 506 506 506 507 507 507 507 507 507 493 493 493 493 493 493 494 494 494 494 494 494 495 495 495 495 495 495 495 495 496 496 496 496
529 529 529 529 529 529 529 529 529 529 529 529 529 533 533 534 534 535 536 536 343 343 343 343 343 343 343 343 343 483 484 484 484 485 485 485 486 486 486 486 487 487 487 502 503 503 503 503 504 504 504 504 504 505 505 505 505 505 506 506 506 506 506 507 507 507 507 507 493 493 493 493 493 493 493 494 494 494 494 494 494 495 495 495 495 495 495 495 495 496 496 496 496 496
529 529 529 529 529 529 529 529 529 529 529 529 533 533 533 534 535 536 536 537 343 343 343 343 343 343 343 343 343 484 484 484 485 485 485 486 486 486 486 487 487 487 487 488 488 503 503 504 504 504 504 504 505 505 505 505 505 506 506 506 506 506 507 507 507 507 492 492 493 493 493 493 493 493 494 494 494 494 494 494 495 495 495 495 495 495 495 495 496 496 496 496 496 496
529 529 529 529 529 529 529 529 529 529 529 533 533 533 534 535 535 536 537 343 343 343 343 343 343 343 343 343 343 484 484 485 485 485 486 486 486 486 487 487 487 487 488 488 488 488 489 489 504 504 504 505 505 505 505 505 506 506 506 506 506 507 507 492 492 492 492 493 493 493 493 493 493 494 494 494 494 494 494 495 495 495 495 495 495 495 495 496 496 496 496 496 496 496
529 529 529 529 529 529 529 529 529 529 533 533 533 534 535 535 536 536 537 343 343 343 343 343 343 343 343 343 343 343 485 485 485 485 486 486 486 487 487 487 487 488 488 488 488 489 489 489 489 489 490 490 490 490 490 491 491 491 491 491 492 492 492 492 492 492 493 493 493 493 493 493 494 494 494 494 494 494 494 495 495 495 495 495 495 495 496 496 496 496 496 496 496 497
529 529 529 529 529 529 529 529 529 529 533 533 534 534 535 536 536 537 343 343 343 343 343 343 343 343 343 343 343 343 485 485 485 486 486 486 487 487 487 487 488 488 488 488 488 489 489 489 489 490 490 490 490 490 491 491 491 491 491 492 492 492 492 492 492 493 493 493 493 493 493 494 494 494 494 494 494 494 495 495 495 495 495 495 495 496 496 496 496 496 496 496 497 497
