testData/tiles/oneDegreeCosts/grid28.0-41.0-29.0-42.0.asc
ncols   200
nrows   200
xllcorner   28.0
yllcorner   41.0
cellsize   0.005
NODATA_value   -9999.0
[rows 42 to 83 of 200, columns 0 to 93 of 200]
826 826 825 826 825 824 824 804 803 802 802 801 800 800 799 799 798 797 796 795 795 794 793 792 791 790 790 789 788 787 786 785 784 782 782 780 780 778 779 777 776 775 774 772 771 770 769 768 766 766 867 867 865 864 863 861 861 859 858 856 855 854 852 851 850 849 848 846 846 845 844 843 843 842 841 840 839 839 838 838 837 836 836 835 834 833 832 831 831 830 829 828 827 826
827 828 827 827 826 825 825 805 804 803 803 801 801 802 800 800 799 798 797 796 795 794 793 792 791 792 791 790 789 787 787 785 785 783 783 781 781 780 778 778 776 776 774 773 772 771 769 769 870 869 869 867 866 864 864 862 861 860 858 857 855 855 854 853 852 851 849 848 847 847 846 845 844 843 843 842 841 841 840 840 839 838 837 836 836 835 834 832 831 830 830 829 829 828
829 829 828 828 826 826 826 806 805 804 804 803 803 802 801 801 799 799 798 797 796 795 794 794 793 792 791 790 789 788 787 786 785 784 783 783 781 781 779 779 777 776 775 774 772 875 873 872 873 871 870 869 868 866 865 864 862 861 860 859 857 856 856 854 853 851 850 849 848 847 846 846 845 844 843 843 843 842 841 840 839 839 838 837 836 835 834 834 833 832 832 831 830 829
830 829 829 828 827 827 826 806 805 805 806 804 804 803 802 801 800 799 799 798 797 796 796 795 794 793 792 791 790 789 788 787 786 785 784 784 782 782 781 780 779 778 776 879 877 875 875 874 873 872 871 869 869 867 865 864 863 862 860 859 859 857 856 854 853 852 850 849 849 848 847 846 845 845 845 844 843 842 842 841 840 839 838 837 837 836 835 834 834 833 833 832 831 830
831 830 830 828 828 828 827 807 806 807 805 805 805 803 803 802 801 800 799 798 799 797 797 795 795 794 793 792 791 790 788 789 788 788 786 786 784 783 782 780 779 881 880 879 878 877 877 875 874 872 871 870 869 869 867 866 864 863 863 861 860 859 857 856 854 854 852 851 850 849 849 848 848 847 846 846 845 844 843 842 842 841 840 839 838 837 838 837 836 835 834 833 832 832
832 831 831 829 829 828 828 809 808 808 806 806 805 804 804 803 802 801 800 800 799 798 797 796 796 795 794 793 792 791 790 790 789 788 787 785 785 783 783 884 883 882 882 881 881 879 878 877 875 874 872 872 870 869 868 866 866 864 864 862 860 859 858 857 855 853 852 852 851 850 850 849 849 848 847 846 845 845 844 843 842 841 840 840 840 839 838 837 836 835 835 834 833 832
814 832 832 830 830 829 811 809 809 809 807 807 806 805 804 804 802 802 802 802 801 800 799 798 797 796 795 794 793 792 792 791 790 788 789 787 787 888 887 886 885 883 884 882 880 880 878 877 876 875 873 872 871 869 868 868 867 865 864 864 862 861 859 857 857 855 854 853 853 853 852 851 850 849 849 848 847 846 845 844 844 843 842 842 841 840 840 839 838 837 836 834 833 833
814 833 832 831 831 831 812 810 810 809 808 808 807 806 806 805 805 805 803 803 801 801 800 799 798 797 796 796 796 795 794 792 792 790 790 891 890 889 888 886 886 885 883 883 881 880 880 879 877 877 875 873 872 872 871 869 867 867 865 864 862 861 860 858 857 855 855 855 854 853 852 852 851 850 849 848 848 847 846 845 844 844 844 843 842 841 840 839 838 838 837 836 835 834
815 834 833 832 832 832 813 811 811 810 810 809 809 808 807 807 806 805 804 804 802 802 801 801 799 799 797 797 796 795 794 793 792 894 892 892 890 890 889 889 888 887 885 885 883 882 880 879 878 876 876 874 874 872 871 870 868 867 866 864 863 861 860 859 857 857 856 855 855 854 853 852 851 851 850 849 848 847 846 847 846 845 844 843 842 841 841 840 839 838 837 836 835 835
816 835 835 834 833 833 814 813 813 812 811 810 809 808 809 807 807 807 806 805 804 803 802 801 800 800 799 798 797 796 796 898 896 896 894 894 892 892 891 890 888 888 886 884 884 882 881 879 879 877 877 877 875 874 872 872 870 869 867 865 865 863 861 861 860 859 858 857 856 855 855 854 853 852 851 851 850 850 849 848 847 846 846 845 844 843 842 841 840 840 839 838 838 837
817 836 837 836 835 835 814 814 813 813 812 811 812 811 811 809 809 807 807 805 805 803 803 802 803 802 801 800 799 901 899 899 897 897 895 894 894 893 891 890 889 888 888 886 885 884 883 881 881 880 878 877 875 875 873 872 870 869 868 866 865 863 863 862 860 859 858 858 857 856 855 854 854 853 852 852 851 850 850 849 848 847 846 845 844 844 843 842 841 840 840 839 838 838
820 838 838 836 836 836 815 815 815 814 813 814 812 812 812 810 810 808 808 807 807 805 805 804 804 802 802 903 902 901 900 899 898 897 897 896 895 894 893 891 891 889 888 887 886 884 883 883 881 880 879 878 876 875 874 872 871 869 868 868 867 866 864 863 862 861 860 859 858 858 857 856 855 855 854 854 853 852 851 850 849 848 848 847 846 845 844 843 843 843 841 840 839 846
821 839 839 837 838 837 817 817 816 815 815 815 813 813 812 812 811 810 810 808 808 807 807 805 804 906 905 905 904 903 902 900 900 899 899 897 896 895 894 892 891 890 888 887 886 886 885 885 883 882 880 879 878 876 875 873 873 871 870 869 868 867 865 863 862 861 861 860 859 858 857 857 857 856 855 854 853 852 852 851 850 849 848 847 846 846 846 845 844 843 842 841 848 847
822 841 840 839 839 838 818 817 818 816 817 817 815 815 813 813 811 811 809 809 808 808 808 910 909 908 907 906 905 903 903 901 902 900 899 898 897 895 895 894 892 892 890 889 888 888 886 885 883 882 881 879 878 877 876 874 873 873 871 870 868 866 866 864 863 862 861 860 860 859 859 858 857 856 856 855 854 853 852 851 850 850 849 848 848 847 846 845 844 843 843 842 849 848
823 842 840 840 840 839 820 820 820 818 818 816 816 816 814 814 812 813 811 812 810 810 911 911 909 909 907 906 905 904 904 904 902 902 900 899 898 897 895 895 893 892 892 891 889 887 887 885 884 882 882 880 879 878 877 877 875 874 872 871 870 868 866 865 864 864 863 862 862 861 860 860 859 858 857 856 855 854 854 853 852 851 851 850 849 849 848 847 846 845 844 851 850 849
824 843 842 842 841 841 821 821 821 819 819 817 818 817 816 815 814 815 813 813 914 914 912 912 910 910 909 908 907 907 905 905 903 902 901 900 898 898 896 895 894 893 893 891 891 889 888 887 886 884 882 881 880 879 878 877 876 874 873 871 870 869 867 866 865 864 863 864 863 862 861 860 859 858 858 857 856 855 854 853 852 853 852 851 850 849 848 847 846 845 853 852 851 850
826 844 843 843 842 843 822 822 821 821 821 819 819 817 817 816 816 815 917 916 916 915 914 913 912 911 910 910 908 908 906 906 904 903 902 901 900 898 898 897 896 895 894 892 891 890 889 887 885 885 883 882 881 881 879 877 876 874 874 872 870 869 867 867 867 867 866 865 864 863 863 862 861 860 859 858 857 856 856 856 855 854 853 852 851 850 849 848 847 846 853 852 851 851
827 845 844 844 845 844 824 824 822 822 821 820 819 818 818 818 921 919 919 917 917 915 915 913 913 911 911 910 910 909 908 906 906 904 903 902 901 899 899 898 897 895 895 893 891 890 889 888 886 886 886 885 883 881 880 879 878 876 874 873 871 871 869 869 868 867 866 866 865 864 863 862 861 860 860 859 858 858 857 856 855 854 854 853 852 851 850 849 848 855 854 855 854 853
829 847 847 846 846 844 825 825 823 823 823 822 821 821 820 922 921 920 920 918 918 916 916 915 914 914 913 912 911 909 909 907 906 905 904 902 902 901 900 898 898 897 895 895 893 892 890 889 888 887 886 884 884 882 881 879 877 877 875 874 872 870 870 870 869 868 867 866 865 864 864 863 862 861 860 860 859 858 858 857 856 855 854 853 852 851 850 850 857 856 856 855 854 853
829 849 848 847 847 845 827 826 825 824 823 823 823 925 924 923 922 921 921 920 919 918 916 917 915 915 914 912 912 910 909 908 906 906 905 905 903 903 901 900 898 898 896 895 893 893 891 890 889 888 887 885 884 882 881 880 878 878 876 874 875 873 872 871 870 869 869 868 867 866 865 864 863 862 863 862 861 860 859 858 857 856 856 855 854 853 852 851 859 858 857 856 854 854
831 850 848 849 848 847 828 827 826 825 824 927 927 926 926 925 924 923 922 921 919 919 918 918 916 915 914 914 913 912 910 910 908 907 906 906 904 903 902 901 899 898 897 895 894 893 894 892 891 889 887 887 885 884 882 881 879 878 877 876 875 873 872 872 871 870 869 868 867 866 866 865 865 864 863 862 861 860 860 859 858 857 856 855 854 853 853 860 860 859 858 857 856 855
833 852 850 850 849 848 828 828 827 828 930 929 928 927 926 925 924 923 922 922 920 922 920 919 918 917 916 915 913 913 911 910 910 909 907 906 905 903 903 902 901 899 898 897 897 895 894 892 891 890 888 887 885 885 883 881 880 879 878 877 875 874 873 872 871 870 870 869 868 867 867 866 865 864 864 863 862 861 860 859 858 857 856 856 856 855 854 861 860 859 858 857 856 855
834 834 851 851 850 831 830 829 932 932 930 930 929 928 927 926 925 925 924 924 923 921 921 919 919 917 916 915 914 912 912 912 911 910 909 907 906 905 904 902 901 900 899 898 896 896 894 893 891 890 889 888 886 884 884 883 883 881 879 878 876 875 875 874 873 872 871 870 870 869 869 868 867 866 865 864 863 862 861 861 860 859 859 858 857 856 863 862 861 860 860 859 858 857
835 834 853 852 851 832 831 934 933 933 931 931 930 930 928 928 927 926 926 924 924 922 922 920 919 919 918 916 916 914 914 913 912 910 910 908 907 905 905 903 901 900 900 899 898 897 895 895 893 891 890 888 888 886 886 884 882 881 879 878 877 876 875 874 873 872 872 872 871 870 869 868 867 866 865 865 864 863 862 861 861 860 859 858 857 865 864 863 862 861 860 859 858 857
837 835 854 853 852 935 936 934 935 934 933 933 931 931 929 929 927 927 926 925 925 924 923 922 921 920 919 917 918 916 915 913 913 911 909 909 908 907 905 905 904 903 901 900 899 898 896 894 893 892 891 889 888 887 885 885 883 881 880 878 877 876 876 875 874 874 873 872 871 870 870 869 868 867 866 865 864 863 862 862 862 861 860 859 858 865 864 863 862 861 860 859 858 859
837 836 854 854 957 938 938 936 936 934 934 932 932 931 930 929 930 929 928 927 925 925 923 923 921 920 919 919 917 917 916 915 913 913 911 910 908 908 906 906 904 904 902 900 899 897 897 895 894 892 890 890 890 889 887 885 884 882 882 880 879 878 877 876 876 875 875 874 873 872 871 870 869 868 867 866 866 866 865 864 863 862 861 860 867 866 865 865 864 863 862 862 861 860
838 838 959 960 958 939 939 937 937 935 935 934 934 932 933 931 931 930 928 928 926 926 924 923 923 922 921 921 919 918 917 916 914 913 912 911 909 908 908 906 905 903 903 902 901 899 898 896 895 895 893 892 890 888 887 886 885 883 881 880 879 878 879 878 877 876 875 874 873 872 871 871 870 869 868 868 867 866 865 864 863 862 862 869 868 867 866 865 864 864 863 862 861 860
840 942 961 961 959 940 939 939 938 937 937 935 935 934 934 932 931 930 929 929 928 926 926 924 924 923 922 920 920 918 917 916 915 913 912 912 912 910 909 907 907 905 904 902 900 900 898 897 896 895 893 892 891 889 888 886 884 883 882 881 881 880 879 878 877 876 875 876 875 874 873 872 871 870 870 869 868 868 867 866 865 864 862 869 868 867 866 866 865 864 863 863 862 861
944 943 962 961 961 942 940 940 938 938 937 936 936 935 934 934 933 932 931 929 929 927 927 926 925 924 923 921 920 920 919 917 916 915 914 913 912 911 910 908 906 905 904 903 901 900 899 898 897 895 894 893 892 890 889 888 886 885 883 883 882 881 881 880 879 878 877 876 875 874 873 872 873 872 871 870 869 868 867 866 865 864 871 870 869 869 869 868 867 866 865 864 863 862
946 945 964 962 962 942 941 941 939 939 937 939 937 937 935 935 933 933 931 930 930 928 928 927 927 925 925 923 922 920 920 918 917 916 915 914 912 911 909 909 907 906 905 904 903 902 901 899 898 896 895 894 892 891 889 888 886 885 885 884 883 882 881 880 879 878 877 876 876 875 875 874 873 872 871 870 869 868 867 866 866 865 872 871 871 870 869 868 867 866 865 864 863 862
946 946 965 963 963 943 942 942 941 941 940 940 938 938 936 936 934 933 932 932 931 931 929 928 927 926 924 924 922 921 919 919 918 917 915 915 914 913 911 910 908 907 906 904 904 902 901 900 899 897 895 894 892 891 890 888 888 886 885 884 883 882 881 881 880 879 879 878 877 877 876 875 874 873 872 872 871 870 869 868 867 874 874 872 871 870 869 868 867 866 866 865 864 863
947 947 947 965 945 945 944 943 943 942 941 940 939 938 938 936 936 935 933 934 932 931 930 929 927 927 925 924 922 923 921 921 919 919 917 916 914 912 912 910 909 907 907 905 905 903 901 900 898 897 897 896 894 892 892 890 889 887 886 886 885 884 883 882 881 880 879 879 878 877 877 876 875 874 873 872 871 870 869 868 868 875 874 873 873 872 871 870 869 868 867 866 865 864
949 949 948 966 946 945 944 945 944 943 943 941 941 939 939 937 936 935 935 934 933 931 931 930 929 927 927 925 924 923 923 921 920 918 917 916 915 913 912 910 910 910 909 907 905 904 902 902 900 899 897 895 894 893 892 891 889 888 887 886 885 884 883 882 881 881 881 880 879 878 877 876 875 874 873 872 871 870 870 870 877 876 875 874 873 872 871 870 869 868 867 866 865 865
950 949 949 967 947 946 946 946 945 944 943 942 941 940 940 938 937 937 936 935 935 933 932 931 930 928 927 926 926 924 923 921 921 919 919 917 916 915 913 913 911 910 908 908 906 905 903 901 900 898 897 897 896 894 892 891 889 888 887 886 886 885 884 883 883 882 882 881 880 879 878 877 877 876 875 874 873 873 872 879 878 877 876 874 873 872 871 870 869 868 868 868 867 866
951 950 950 949 949 948 948 947 946 945 944 943 942 941 940 941 939 938 937 936 935 934 933 931 930 929 928 927 926 926 925 923 921 920 919 918 916 915 914 914 912 911 909 908 906 904 903 902 901 899 898 898 896 895 893 892 891 890 889 888 887 886 886 885 884 883 882 882 881 880 879 878 877 876 875 875 874 873 872 879 878 877 876 876 875 874 873 872 871 871 870 869 868 867
952 952 951 951 951 949 949 947 947 945 946 945 943 943 942 941 940 939 937 937 935 934 933 933 931 931 930 929 927 926 924 924 922 921 919 918 917 917 915 913 912 910 910 909 908 906 905 903 901 901 899 899 897 895 894 892 891 890 889 888 887 887 887 886 885 884 883 882 881 880 879 878 877 876 876 875 874 874 881 880 879 878 877 876 875 874 873 873 872 871 870 869 868 867
953 953 952 952 951 950 950 949 948 947 946 945 944 944 943 941 941 940 938 938 937 936 934 934 933 932 930 929 928 927 925 924 922 922 920 920 919 917 916 915 914 912 911 909 907 906 905 905 903 902 900 898 897 895 894 892 891 891 890 890 889 888 887 886 885 884 883 882 881 881 880 880 880 879 878 877 876 875 882 881 879 878 877 876 875 874 874 873 872 871 870 869 869 868
954 955 953 954 952 952 950 950 949 948 947 946 946 944 944 943 942 941 940 938 937 936 935 934 933 932 931 929 928 927 927 925 924 922 922 921 920 918 917 915 913 912 910 910 908 907 906 905 903 901 900 898 899 897 895 894 893 892 892 891 890 889 888 887 886 886 885 884 883 882 881 881 880 879 878 877 876 883 882 881 880 879 878 877 878 877 876 875 874 873 872 871 870 869
957 956 955 955 953 953 951 951 949 949 947 948 947 946 945 944 943 941 941 939 938 937 937 935 935 933 933 931 930 928 927 925 925 924 923 921 919 918 916 916 914 913 911 911 910 908 907 905 905 903 902 900 898 897 895 894 894 893 892 891 891 890 889 888 887 886 885 884 883 883 882 881 880 879 878 877 876 884 883 882 881 880 880 879 878 877 876 875 874 873 872 871 870 869
958 957 956 955 954 953 952 953 951 951 950 949 947 947 945 944 943 942 941 941 940 939 937 936 935 934 932 931 929 929 927 927 925 924 922 922 921 920 918 917 915 913 912 912 911 909 908 906 904 903 901 900 898 896 896 896 895 894 893 892 891 890 889 888 887 886 885 885 884 883 882 882 881 880 879 878 885 884 883 882 881 881 880 879 878 877 876 875 874 873 872 871 870 869
958 957 957 956 956 954 954 953 953 951 951 950 948 948 946 946 944 944 942 942 940 940 938 937 935 935 933 932 930 929 929 929 927 926 924 923 921 919 918 917 916 914 914 912 911 909 907 906 904 904 902 900 899 897 898 897 896 895 894 893 892 891 890 889 889 888 888 887 886 885 884 883 882 881 880 887 886 885 884 884 883 882 881 880 879 878 877 876 875 875 874 873 872 872
960 959 958 957 956 955 955 954 954 952 951 951 950 948 948 946 945 944 944 943 941 940 939 938 936 936 934 933 932 931 930 928 927 925 924 923 922 920 919 917 917 915 913 912 912 911 909 908 906 904 903 901 901 899 898 897 896 895 895 894 893 892 891 890 890 889 888 887 886 885 884 883 882 881 880 887 886 886 885 884 884 883 882 881 880 879 878 877 876 875 874 874 873 872
