testData/tiles/oneDegreeCosts/grid39.0-15.0-40.0-16.0.asc
ncols   200
nrows   200
xllcorner   39.0
yllcorner   15.0
cellsize   0.005
NODATA_value   -9999.0
[rows 126 to 167 of 200, columns 0 to 93 of 200]
600 599 598 598 597 596 595 595 594 559 558 557 556 555 554 553 551 550 549 546 545 544 542 541 539 537 536 534 532 530 528 526 523 506 504 501 498 495 491 488 484 481 476 472 469 469 469 469 425 425 425 424 424 424 424 424 424 424 424 424 424 424 423 423 423 423 423 423 423 423 423 422 422 422 422 422 422 422 422 422 421 421 421 421 421 421 480 480 480 479 479 479 479 479
600 599 599 598 597 597 596 595 594 559 558 557 556 555 553 552 551 550 548 547 546 544 543 541 540 538 536 534 532 530 528 526 524 522 519 516 513 510 507 504 500 497 492 473 469 469 469 469 425 424 424 424 424 424 424 424 424 424 424 424 423 423 423 423 423 423 423 423 423 423 422 422 422 422 422 422 422 422 422 421 421 421 421 421 480 480 480 480 479 479 479 479 479 479
600 600 599 598 598 597 596 594 594 559 558 557 556 555 554 552 551 550 549 547 546 545 543 542 540 538 537 535 533 531 529 527 524 521 519 516 514 511 508 505 501 497 493 489 484 484 484 483 483 439 439 424 424 424 424 424 424 424 423 423 423 423 423 423 423 423 423 423 422 422 422 422 422 422 422 422 422 422 421 421 421 421 421 480 480 480 480 479 479 479 479 479 479 479
600 599 599 598 597 596 596 595 594 559 558 557 556 555 554 553 552 550 549 548 547 545 544 542 541 539 537 535 534 531 529 526 524 522 520 517 514 511 508 505 502 498 494 490 484 483 483 483 483 439 439 439 439 439 439 439 438 438 423 423 423 423 423 423 423 423 423 422 422 422 422 422 422 422 422 422 421 421 421 421 421 480 480 480 480 479 479 479 479 479 479 479 479 479
600 600 599 598 598 597 596 595 594 559 559 558 557 556 554 553 552 551 550 548 547 546 544 543 541 538 537 535 533 531 529 527 525 523 520 518 515 512 509 506 503 499 494 490 485 483 483 483 483 439 439 439 439 439 439 438 438 438 438 438 438 438 438 438 423 422 422 422 422 422 422 422 422 422 422 421 421 421 421 480 480 480 480 480 479 479 479 479 479 479 479 479 479 478
601 600 599 599 598 597 596 596 595 560 559 558 557 556 555 554 553 551 550 549 547 545 544 542 541 539 537 535 534 532 530 528 525 523 521 518 516 513 510 506 502 499 495 491 486 483 483 483 483 439 439 439 439 438 438 438 438 438 438 438 438 438 438 438 437 437 437 437 437 422 422 422 422 422 421 421 421 480 480 480 480 480 480 479 479 479 479 479 479 479 479 478 478 478
601 600 600 599 598 598 597 596 595 560 559 558 557 556 555 554 553 551 550 548 547 546 544 543 541 539 538 536 534 532 530 528 526 524 521 519 516 513 510 507 503 500 496 492 487 483 483 483 483 439 439 438 438 438 438 438 438 438 438 438 438 438 437 437 437 437 437 437 437 437 437 437 436 436 421 421 480 480 480 480 480 479 479 479 479 479 479 479 479 479 478 478 478 478
601 601 600 599 599 598 597 596 596 561 560 558 557 556 555 554 552 551 550 549 547 546 545 543 541 540 538 536 535 533 531 529 527 524 521 518 516 513 510 507 504 501 497 493 488 483 483 483 482 482 438 438 438 438 438 438 438 438 438 438 437 437 437 437 437 437 437 437 437 437 437 436 436 436 495 495 495 495 495 480 479 479 479 479 479 479 479 479 479 478 478 478 478 478
601 600 600 599 598 597 597 596 595 560 559 558 557 556 555 554 553 552 550 549 548 546 545 544 542 540 539 537 535 533 531 528 526 524 522 519 517 514 511 508 505 501 498 494 489 484 482 482 482 482 438 438 438 438 438 438 438 438 437 437 437 437 437 437 437 437 437 437 437 436 436 436 495 495 495 495 495 495 495 494 494 494 494 479 479 479 479 479 478 478 478 478 478 478
601 601 600 599 599 598 597 596 595 561 560 559 558 557 556 554 553 552 551 550 548 547 545 544 542 541 539 536 535 533 531 529 527 524 522 520 517 514 512 509 505 502 498 495 489 484 482 482 482 482 438 438 438 438 438 438 438 437 437 437 437 437 437 437 437 437 437 436 436 436 436 495 495 495 495 495 495 494 494 494 494 494 494 494 494 494 493 478 478 478 478 478 478 478
602 601 600 600 599 598 597 597 596 561 560 559 558 557 556 555 554 553 551 550 549 547 546 544 542 540 539 537 535 533 531 529 527 525 523 520 518 515 512 509 506 502 498 494 490 485 482 482 482 482 438 438 438 438 438 437 437 437 437 437 437 437 437 437 437 437 436 436 436 495 495 495 495 495 495 495 494 494 494 494 494 494 494 494 494 493 493 493 493 493 493 478 478 478
602 601 601 600 599 599 598 597 596 561 560 559 558 557 556 555 554 553 552 549 548 547 545 544 542 541 539 537 536 534 532 530 528 526 523 521 518 516 513 509 506 503 499 495 491 486 482 482 482 482 438 438 438 437 437 437 437 437 437 437 437 437 437 437 436 436 436 436 495 495 495 495 495 495 494 494 494 494 494 494 494 494 494 494 493 493 493 493 493 493 493 493 492 492
602 602 601 600 600 599 598 597 597 562 561 560 559 558 556 555 554 552 551 550 549 547 546 544 543 541 540 538 536 534 532 530 528 526 524 521 518 515 513 510 507 503 500 496 492 487 482 482 482 482 481 437 437 437 437 437 437 437 437 437 437 437 436 436 436 436 495 495 495 495 495 495 495 494 494 494 494 494 494 494 494 494 493 493 493 493 493 493 493 493 493 492 492 492
603 602 601 601 600 598 598 597 596 561 560 559 558 557 556 555 554 553 552 550 549 548 546 545 543 542 540 538 537 535 533 531 529 526 523 521 519 516 513 510 507 504 501 497 493 488 483 482 481 481 481 437 437 437 437 437 437 437 437 437 437 436 436 436 495 495 495 495 495 495 495 494 494 494 494 494 494 494 494 494 494 493 493 493 493 493 493 493 493 493 492 492 492 492
602 601 601 600 599 599 598 597 596 561 561 560 559 558 557 556 554 553 552 551 549 548 547 545 544 542 541 539 537 535 532 530 528 526 524 522 519 517 514 511 508 505 501 498 494 489 483 481 481 481 481 437 437 437 437 437 437 437 437 436 436 436 436 495 495 495 495 495 495 495 494 494 494 494 494 494 494 494 494 493 493 493 493 493 493 493 493 493 493 492 492 492 492 492
602 602 601 601 600 599 598 598 597 562 561 560 559 558 557 556 555 554 552 551 550 549 547 546 544 543 540 538 537 535 533 531 529 527 524 522 520 517 514 512 509 505 502 497 493 489 484 481 481 481 481 437 437 437 437 437 437 436 436 436 436 495 495 495 495 495 495 495 494 494 494 494 494 494 494 494 494 494 493 493 493 493 493 493 493 493 493 492 492 492 492 492 492 492
603 602 602 601 600 599 599 598 597 562 561 560 559 558 557 556 555 554 553 552 550 548 547 545 544 542 540 539 537 535 533 531 529 527 525 523 520 518 515 512 509 505 502 498 494 490 485 481 481 481 481 437 437 437 437 436 436 436 436 436 495 495 495 495 495 495 494 494 494 494 494 494 494 494 494 494 494 493 493 493 493 493 493 493 493 493 492 492 492 492 492 492 492 492
603 603 602 601 601 600 599 598 597 563 562 561 560 559 558 557 555 553 552 551 550 548 547 546 544 543 541 539 538 536 534 532 530 528 526 523 521 518 515 512 509 506 502 499 495 491 486 481 481 481 481 437 436 436 436 436 436 436 495 495 495 495 495 495 494 494 494 494 494 494 494 494 494 494 494 493 493 493 493 493 493 493 493 493 493 492 492 492 492 492 492 492 492 492
603 603 602 602 601 600 599 599 598 562 561 560 559 558 557 556 555 554 553 551 550 549 547 546 545 543 541 540 538 536 534 532 530 528 526 523 520 518 515 513 510 506 503 500 496 492 487 482 481 481 480 480 436 436 436 436 436 495 495 495 495 495 495 494 494 494 494 494 494 494 494 494 494 493 493 493 493 493 493 493 493 493 493 492 492 492 492 492 492 492 492 492 491 491
603 602 602 601 600 600 599 598 597 562 561 561 560 559 558 557 555 554 553 552 551 549 548 546 545 543 542 540 538 537 535 533 530 528 526 523 521 518 516 513 510 507 504 500 497 493 488 483 480 480 480 480 436 436 436 495 495 495 495 495 495 494 494 494 494 494 494 494 494 494 494 494 493 493 493 493 493 493 493 493 493 493 492 492 492 492 492 492 492 492 492 491 491 491
603 603 602 601 601 600 599 598 598 563 562 561 560 559 558 557 556 555 553 552 551 550 548 547 545 544 542 541 538 536 534 532 530 528 526 524 522 519 516 514 511 508 505 501 497 492 488 483 480 480 480 480 436 436 495 495 495 495 495 494 494 494 494 494 494 494 494 494 494 494 493 493 493 493 493 493 493 493 493 493 492 492 492 492 492 492 492 492 492 492 491 491 491 491
605 604 603 603 602 601 601 600 599 564 563 562 561 560 559 558 557 556 555 554 552 550 549 547 545 543 542 540 538 537 535 533 531 529 527 524 522 520 517 514 511 508 505 501 497 493 489 484 480 480 480 480 495 495 495 495 495 494 494 494 494 494 494 494 494 494 494 494 493 493 493 493 493 493 493 493 493 493 493 492 492 492 492 492 492 492 492 492 491 491 491 491 491 491
605 604 604 603 602 602 601 600 599 564 564 563 562 561 560 559 558 556 555 553 552 550 549 548 546 545 543 541 540 538 536 534 532 530 528 525 523 520 518 515 511 508 505 502 498 494 490 485 480 480 480 539 495 495 494 494 494 494 494 494 494 494 494 494 494 494 493 493 493 493 493 493 493 493 493 493 493 492 492 492 492 492 492 492 492 492 492 491 491 491 491 491 491 491
606 606 605 604 604 603 602 601 601 566 565 564 563 561 560 559 558 557 556 554 553 552 550 549 548 546 545 543 541 539 538 535 533 531 529 526 524 521 518 515 513 510 507 503 500 495 491 486 481 480 539 539 538 494 494 494 494 494 494 494 494 494 494 494 494 493 493 493 493 493 493 493 493 493 493 492 492 492 492 492 492 492 492 492 492 491 491 491 491 491 491 491 491 491
608 607 605 605 604 603 603 602 601 566 565 564 563 562 561 560 559 558 557 556 555 553 552 550 549 548 545 543 542 540 538 536 534 532 529 527 525 522 520 517 514 510 507 504 500 497 492 488 542 540 539 539 538 494 494 494 494 494 494 494 494 494 494 493 493 493 493 493 493 493 493 493 493 493 492 492 492 492 492 492 492 492 492 492 491 491 491 491 491 491 491 491 491 490
608 607 607 606 605 605 604 603 602 568 567 566 565 564 563 562 561 560 558 556 555 554 552 551 549 548 546 545 543 541 539 537 535 533 531 528 526 524 520 518 515 512 509 506 502 498 494 548 543 539 539 539 539 495 495 495 495 495 494 494 494 493 493 493 493 493 493 493 493 493 493 493 492 492 492 492 492 492 492 492 492 492 491 491 491 491 491 491 491 491 491 491 490 490
608 608 607 606 606 605 604 604 603 568 567 566 565 564 563 562 561 560 559 558 556 555 554 552 551 549 547 545 544 542 540 538 536 534 531 529 527 524 522 519 516 514 510 507 504 499 554 549 544 540 540 540 540 496 496 496 495 495 495 494 494 494 494 494 493 493 493 493 493 493 492 492 492 492 492 492 492 492 492 492 492 491 491 491 491 491 491 491 491 491 490 490 490 490
610 609 608 608 607 606 606 605 604 569 568 567 567 566 565 564 562 561 560 559 558 555 554 553 551 550 548 547 545 543 540 539 537 535 533 530 528 526 523 521 518 515 511 508 562 559 555 550 546 541 541 541 541 497 496 496 495 495 495 495 495 495 494 494 494 494 494 494 493 492 492 492 492 492 492 492 492 492 492 491 491 491 491 491 491 491 491 491 491 490 490 490 490 490
611 610 610 609 608 608 607 606 605 571 570 569 568 567 566 565 563 562 561 559 558 557 555 554 553 550 549 547 545 544 542 540 538 536 534 532 530 527 525 521 519 515 512 567 564 560 557 552 548 542 542 541 541 497 496 496 496 496 496 496 495 495 495 495 495 495 495 493 493 493 493 493 493 492 492 492 492 492 491 491 491 491 491 491 491 491 491 491 490 490 490 490 490 490
612 612 611 610 610 609 608 607 606 571 570 569 568 567 566 565 564 562 561 560 558 557 556 554 553 552 550 548 547 545 543 541 540 538 536 533 530 527 524 522 519 516 572 569 566 562 558 554 549 543 542 542 541 541 497 497 497 496 496 496 496 496 496 496 496 494 494 494 494 494 494 494 493 493 493 493 492 492 491 491 491 491 491 491 491 491 490 490 490 490 490 490 490 490
612 611 610 610 609 608 608 607 606 571 570 570 569 568 567 566 565 563 562 561 560 559 557 556 554 553 551 550 548 547 545 543 540 537 535 533 531 528 526 523 580 577 574 571 567 564 559 555 550 544 542 542 542 542 498 497 497 497 497 497 497 497 497 495 495 495 495 495 495 495 494 494 494 494 493 493 492 492 492 492 492 492 491 491 491 490 490 490 490 490 490 490 490 490
613 612 612 611 610 610 609 608 607 573 572 571 570 569 568 567 566 565 564 562 561 560 559 557 556 554 553 551 549 546 544 542 540 538 536 534 532 530 527 584 581 578 575 571 568 564 561 556 551 546 543 543 543 542 498 498 498 498 498 498 498 496 496 496 496 496 496 496 495 495 495 495 494 494 493 493 493 493 493 493 492 492 492 491 491 491 490 490 490 490 490 490 490 489
614 614 613 612 612 611 610 610 609 574 573 572 571 570 569 568 567 566 565 564 563 561 560 558 555 554 552 551 549 547 546 544 542 540 538 536 534 531 588 585 582 579 576 573 569 565 561 557 553 548 543 543 543 543 499 499 499 499 498 497 497 497 497 497 497 497 496 496 496 496 496 495 495 494 494 494 494 494 494 493 493 492 492 492 491 491 491 491 491 490 490 489 489 489
614 615 614 614 613 612 612 611 610 575 574 574 573 572 570 569 568 566 564 563 562 561 559 558 557 555 554 552 550 549 547 545 543 541 539 537 593 591 588 586 583 579 577 574 570 567 563 559 554 549 544 544 544 544 500 500 499 498 498 498 498 498 498 498 497 497 497 497 497 496 496 495 495 495 495 495 495 494 494 494 493 493 492 492 492 492 492 492 491 491 490 490 490 489
616 615 615 614 613 613 612 611 610 576 575 573 572 571 570 569 568 567 566 565 563 562 561 559 558 557 555 553 552 550 548 547 544 542 540 597 595 592 589 586 584 581 578 575 572 567 564 560 555 551 545 545 545 545 499 499 499 499 499 499 499 499 498 498 498 498 498 497 497 496 496 496 496 496 496 495 495 495 494 494 494 493 493 493 493 493 492 492 491 491 491 490 490 490
616 616 615 614 614 613 612 612 611 576 575 574 573 572 571 570 569 568 567 566 565 563 562 561 559 558 556 555 552 551 549 547 545 543 599 597 595 593 590 588 585 583 579 576 572 569 565 562 557 553 547 545 544 544 500 500 500 500 500 500 499 499 499 499 499 498 498 497 497 497 497 497 497 497 496 496 495 495 495 494 494 494 494 494 494 493 493 492 492 492 491 491 491 491
617 617 616 616 615 614 614 613 612 577 576 576 575 574 573 572 571 570 568 567 566 565 562 561 560 558 557 555 554 552 549 547 546 603 601 599 596 594 592 588 586 583 580 577 574 571 567 563 559 553 547 545 545 545 545 501 501 501 500 500 500 500 500 499 499 498 498 498 498 498 498 498 497 497 496 496 496 496 495 495 495 495 495 494 494 493 493 493 492 492 492 492 492 491
618 617 617 616 615 615 614 614 612 578 577 576 575 574 573 572 571 570 569 568 566 565 564 562 561 560 557 556 554 552 551 608 606 604 602 599 597 595 592 590 587 585 582 579 576 572 568 563 559 554 549 546 546 546 546 502 501 501 501 501 500 500 500 499 499 499 499 499 499 499 498 498 498 497 497 497 496 496 496 496 496 496 495 494 494 494 494 493 493 493 493 493 492 491
619 618 618 617 617 616 615 614 580 579 578 577 576 575 574 573 572 571 570 569 568 565 564 563 561 560 559 557 555 554 611 608 606 605 603 600 598 596 594 591 589 586 583 579 575 572 568 565 560 556 551 547 547 547 546 502 502 502 501 501 501 500 500 500 500 500 500 500 499 499 499 498 498 498 497 497 497 497 497 497 496 496 495 495 495 494 494 494 494 494 493 493 492 492
620 620 619 619 618 617 617 616 581 580 579 579 578 577 575 574 573 572 570 569 568 567 566 564 563 561 560 557 556 613 611 610 608 606 604 602 600 598 595 593 589 586 583 580 577 574 570 566 562 558 553 547 547 547 547 503 502 502 502 501 501 501 501 501 501 501 500 500 500 499 499 499 499 498 498 498 498 498 498 497 496 496 496 496 495 495 495 495 495 494 493 493 493 493
622 621 620 620 619 618 617 616 581 581 580 579 578 577 576 575 574 573 572 571 568 567 566 565 563 562 560 559 616 615 613 611 609 607 605 603 600 598 595 592 590 587 584 581 578 575 572 568 564 558 554 548 548 547 547 503 503 502 502 502 502 502 502 502 502 501 501 500 500 500 500 499 499 499 499 499 499 498 497 497 497 497 496 496 496 496 496 496 495 494 494 494 493 493
621 620 620 619 619 618 617 616 582 581 580 579 578 577 576 575 574 573 572 571 570 569 567 566 565 563 562 619 618 616 614 612 610 608 605 603 601 598 596 594 591 589 586 583 580 577 572 569 565 560 555 549 548 548 548 503 503 503 503 503 503 503 503 502 502 501 501 501 501 500 500 500 500 500 500 499 498 498 498 498 498 497 497 497 497 497 496 495 495 495 495 494 494 494
