testData/tiles/oneDegreeCosts/grid46.0-38.0-47.0-39.0.asc
ncols   200
nrows   200
xllcorner   46.0
yllcorner   38.0
cellsize   0.005
NODATA_value   -9999.0
[rows 126 to 167 of 200, columns 95 to 189 of 200]
213 212 212 211 210 209 209 207 207 206 206 204 203 203 202 201 200 199 198 197 196 195 194 193 192 191 190 189 187 187 187 186 186 186 185 185 185 184 184 117 107 107 107 106 106 106 105 105 104 104 104 103 103 103 102 102 101 101 101 100 100 100 100 100 100 100 100 100 100 100 100 100 100 100 100 100 100 100 100 100 100 100 100 100 100 100 100 100 100 100 100 100 100 100 100
211 211 210 210 209 208 208 207 205 205 204 204 202 202 201 199 199 198 196 196 195 194 193 192 191 189 189 188 187 187 187 186 186 186 186 185 185 185 184 175 107 107 107 106 106 106 105 105 105 104 104 104 103 103 102 102 102 101 101 100 100 100 100 100 100 100 100 100 100 100 101 101 101 101 101 101 101 101 101 101 101 101 101 101 101 101 101 101 101 101 101 101 101 101 101
211 210 209 209 208 207 206 206 204 204 203 202 201 200 200 199 197 197 196 194 194 193 191 191 190 189 188 188 188 187 187 187 186 186 186 185 185 176 175 175 108 107 107 107 106 106 106 105 105 104 104 104 103 103 103 102 102 101 101 102 101 101 101 101 101 101 101 101 101 101 101 101 101 101 101 101 101 101 101 101 101 101 101 101 101 101 101 101 101 101 101 101 101 101 101
210 208 208 207 207 205 205 204 204 202 202 201 200 199 198 198 196 196 195 193 193 192 191 189 189 189 188 188 188 187 187 187 186 186 186 185 176 176 175 175 108 107 107 107 106 106 106 105 105 105 104 104 104 104 104 103 103 103 102 102 101 101 101 101 101 101 101 101 101 101 101 101 101 101 101 101 101 101 101 101 101 101 101 101 101 101 101 101 101 101 101 101 101 101 101
208 208 206 206 206 205 204 203 203 201 200 200 199 198 197 197 195 194 194 193 191 191 190 189 189 189 189 188 188 188 187 187 187 186 186 177 176 176 176 175 108 108 107 107 107 106 107 106 106 106 105 105 105 104 104 103 103 103 102 102 102 101 101 101 101 101 101 101 101 101 101 101 101 101 101 101 101 101 101 101 101 101 101 101 101 101 101 101 101 101 101 101 101 101 101
207 206 205 205 204 204 202 202 201 201 199 199 198 196 196 195 195 193 192 192 190 190 190 190 189 189 189 188 188 188 187 187 187 177 177 177 176 176 176 175 108 109 108 108 108 107 107 107 106 106 106 105 105 104 104 104 103 103 102 102 102 101 101 101 101 101 101 101 101 101 101 101 101 101 101 101 101 101 101 101 101 101 101 101 101 101 101 101 101 101 101 101 101 101 101
206 205 205 203 203 202 202 200 200 199 198 197 197 196 195 194 193 192 191 191 191 190 190 190 189 189 189 188 188 188 188 187 178 178 177 177 177 177 177 177 109 109 109 108 108 107 107 107 106 106 106 105 105 105 104 104 103 103 103 102 102 101 101 101 101 101 101 101 101 101 101 101 101 101 101 101 101 101 101 101 101 101 101 101 101 101 101 101 101 101 101 101 101 101 101
204 204 203 202 201 201 201 199 199 198 198 196 195 195 193 193 192 192 191 191 191 190 190 190 190 189 189 189 188 188 179 179 179 179 178 178 178 177 177 177 109 109 109 108 108 108 107 107 107 106 106 105 105 105 104 104 104 103 103 102 102 102 101 101 101 101 101 101 101 101 101 101 101 101 101 101 101 101 101 101 101 101 101 101 101 101 101 101 101 101 101 101 101 101 101
203 202 202 202 200 200 199 199 197 197 196 195 194 194 193 192 192 192 191 191 191 191 190 190 190 189 189 189 188 180 180 179 179 179 179 178 178 178 177 177 110 109 109 108 108 108 107 107 107 106 106 106 105 105 104 104 104 103 103 103 102 102 101 101 101 101 101 101 101 101 101 101 101 101 101 101 101 101 101 101 101 101 101 101 101 101 101 101 101 101 101 101 101 101 101
201 201 201 200 199 198 198 197 196 195 195 194 193 193 193 192 192 192 192 191 191 191 190 190 190 190 190 181 181 180 180 180 179 179 179 178 178 178 177 177 110 109 109 109 108 108 108 107 107 106 106 106 105 105 105 104 104 103 103 103 102 102 101 101 101 101 101 101 101 101 101 101 101 101 101 101 101 101 101 101 101 101 101 101 101 101 101 101 101 101 101 101 101 101 101
201 200 199 199 198 197 197 196 195 194 194 194 193 193 193 193 192 192 192 191 191 191 192 191 191 182 181 181 181 180 180 180 179 179 179 178 178 178 177 177 177 109 109 109 108 108 108 107 107 107 106 106 106 105 105 104 104 104 103 103 102 102 102 101 101 101 101 101 101 101 101 101 101 101 101 101 101 101 101 101 101 101 101 101 101 101 101 101 101 101 101 101 101 101 101
200 198 198 198 197 196 195 195 195 194 194 194 194 193 193 193 192 192 192 193 192 192 192 191 182 182 181 181 181 180 180 180 180 179 179 179 178 178 178 177 177 110 109 109 109 108 108 107 107 107 106 106 106 105 105 105 104 104 103 103 103 102 102 101 101 101 101 101 101 101 101 101 101 101 101 101 101 101 101 101 101 101 101 101 101 101 101 101 101 101 101 101 101 101 101
198 198 197 196 196 196 195 195 195 194 194 194 194 193 193 193 193 193 193 193 192 192 183 182 182 182 182 181 181 181 180 180 180 179 179 179 178 178 178 177 177 110 109 109 109 108 108 108 107 107 107 106 106 105 105 105 104 104 104 103 103 102 102 102 101 101 101 101 101 101 101 101 101 101 101 101 101 101 101 101 101 101 101 101 101 101 101 101 101 101 101 101 101 101 101
197 197 196 196 196 196 195 195 195 195 194 194 194 194 194 194 194 193 193 193 183 183 183 183 182 182 182 181 181 181 180 180 180 179 179 179 179 178 178 178 177 110 109 109 109 108 108 108 107 107 107 106 106 106 105 105 104 104 104 103 103 102 102 102 101 101 101 101 101 101 101 101 101 101 101 101 101 101 101 101 101 101 101 101 101 101 101 101 101 101 101 101 101 101 101
197 197 197 196 196 196 195 195 195 195 194 195 195 195 194 194 194 184 184 184 184 183 183 183 182 182 182 181 181 181 181 180 180 180 179 179 179 178 178 178 177 110 110 109 109 109 108 108 108 107 107 106 106 106 105 105 105 104 104 103 103 103 102 102 101 101 101 101 101 101 101 101 101 101 101 101 101 101 101 101 101 101 101 101 101 101 101 101 101 101 101 101 101 101 101
197 197 197 196 196 196 196 195 196 196 196 195 195 195 194 185 185 185 184 184 184 183 183 183 183 182 182 182 181 181 181 180 180 180 179 179 179 178 178 178 177 110 110 109 109 109 108 108 108 107 107 107 106 106 105 105 105 104 104 104 103 103 102 102 102 101 101 101 101 101 101 101 101 101 101 101 101 101 101 101 101 101 101 101 101 101 101 101 101 101 101 101 101 101 101
197 197 197 196 196 196 197 196 196 196 196 195 195 186 186 185 185 185 184 184 184 184 183 183 183 182 182 182 181 181 181 180 180 180 180 179 179 179 178 178 178 110 110 110 109 109 108 108 108 107 107 107 106 106 106 105 105 104 104 104 103 103 102 102 102 101 101 101 101 101 101 101 101 101 101 101 101 101 101 101 101 101 101 101 101 101 101 101 101 101 101 101 101 101 101
197 197 197 198 197 197 197 197 196 196 187 186 186 186 186 185 185 185 185 184 184 184 183 183 183 182 182 182 182 181 181 181 180 180 180 179 179 179 178 178 178 110 110 110 109 109 109 108 108 108 107 107 106 106 106 105 105 105 104 104 103 103 103 102 102 101 101 101 101 101 101 101 101 101 101 101 101 101 101 101 101 101 101 101 101 101 101 101 101 101 101 101 101 101 101
197 198 198 198 197 197 197 188 187 187 187 187 186 186 186 185 185 185 185 184 184 184 183 183 183 183 182 182 182 181 181 181 180 180 180 179 179 179 178 178 178 110 110 110 109 109 109 108 108 108 107 107 107 106 106 105 105 105 104 104 104 103 103 102 102 102 101 101 101 101 101 101 101 101 101 101 101 101 101 101 101 101 101 101 101 101 101 101 101 101 101 101 101 101 101
199 198 198 198 189 188 188 188 187 187 187 187 186 186 186 186 185 185 185 184 184 184 184 183 183 183 182 182 182 181 181 181 181 180 180 180 179 179 179 178 178 111 110 110 110 109 109 108 108 108 107 107 107 106 106 106 105 105 104 104 104 103 103 102 102 102 101 101 101 101 101 101 101 102 102 102 102 102 102 102 102 102 102 102 102 102 102 102 102 102 102 102 101 101 101
190 189 189 189 189 188 188 188 188 187 187 187 187 186 186 186 185 185 185 185 184 184 184 183 183 183 182 182 182 182 181 181 181 180 180 180 179 179 179 178 178 111 110 110 110 109 109 109 108 108 108 107 107 106 106 106 105 105 105 104 104 104 104 104 103 103 102 102 102 102 102 102 102 102 102 102 102 102 102 102 102 102 102 102 102 102 102 102 102 102 102 102 102 102 102
190 190 189 189 189 188 188 188 188 187 187 187 187 186 186 186 186 185 185 185 184 184 184 183 183 183 183 182 182 182 181 181 181 180 180 180 179 179 179 178 178 111 110 110 110 109 109 109 108 108 108 107 107 107 107 107 106 106 106 105 105 105 104 104 103 103 103 102 102 102 102 102 102 102 102 102 102 102 102 102 102 102 102 102 102 102 102 102 102 102 102 102 102 102 102
190 190 189 189 189 189 188 188 188 188 187 187 187 186 186 186 186 185 185 185 184 184 184 184 183 183 183 182 182 182 181 181 181 181 180 180 180 179 179 179 178 111 111 110 110 110 109 109 109 109 109 108 108 108 107 107 107 106 106 105 105 105 104 104 103 103 103 102 102 102 102 102 102 102 102 102 102 102 102 102 102 102 102 102 102 102 102 102 102 102 102 102 102 102 102
190 190 189 189 189 189 188 188 188 188 187 187 187 187 186 186 186 185 185 185 185 184 184 184 183 183 183 182 182 182 182 181 181 181 180 180 180 179 179 179 178 178 111 111 111 111 110 110 110 109 109 109 108 108 107 107 107 106 106 106 105 105 104 104 104 103 103 102 102 102 102 102 102 102 102 102 102 102 102 102 102 102 102 102 102 102 102 102 102 102 102 102 102 102 102
190 190 190 189 189 189 189 188 188 188 187 187 187 187 186 186 186 186 185 185 185 184 184 184 183 183 183 183 182 182 182 181 181 181 180 180 180 179 179 180 179 179 112 111 111 111 110 110 110 109 109 109 108 108 108 107 107 106 106 106 105 105 104 104 104 103 103 102 102 102 102 102 102 102 102 102 102 102 102 102 102 102 102 102 102 102 102 102 102 102 102 102 102 102 102
190 190 190 189 189 189 189 188 188 188 188 187 187 187 186 186 186 186 185 185 185 184 184 184 184 183 183 183 182 182 182 181 181 181 181 181 181 181 180 180 180 179 112 112 111 111 111 110 110 109 109 109 108 108 108 107 107 107 106 106 105 105 105 104 104 103 103 103 102 102 102 102 102 102 102 102 102 102 102 102 102 102 102 102 102 102 102 102 102 102 102 102 102 102 102
190 190 190 189 189 189 189 188 188 188 188 187 187 187 187 186 186 186 185 185 185 185 184 184 184 183 183 183 182 182 182 182 182 182 182 181 181 181 180 180 180 179 112 112 111 111 111 110 110 110 109 109 109 108 108 107 107 107 106 106 106 105 105 104 104 104 103 103 102 102 102 102 102 102 102 102 102 102 102 102 102 102 102 102 102 102 102 102 102 102 102 102 102 102 102
190 190 190 190 189 189 189 189 188 188 188 187 187 187 187 186 186 186 186 185 185 185 184 184 184 183 183 183 184 183 183 183 182 182 182 181 181 181 180 180 180 179 112 112 111 111 111 110 110 110 109 109 109 108 108 108 107 107 106 106 106 105 105 104 104 104 103 103 102 102 102 102 102 102 102 102 102 102 102 102 102 102 102 102 102 102 102 102 102 102 102 102 102 102 102
190 190 190 190 189 189 189 189 188 188 188 188 187 187 187 186 186 186 186 185 185 185 184 184 184 185 184 184 184 183 183 183 182 182 182 182 181 181 181 180 180 180 112 112 112 111 111 110 110 110 109 109 109 108 108 108 107 107 106 106 106 105 105 105 104 104 103 103 103 102 102 102 102 102 102 102 102 102 102 102 102 102 102 102 102 102 102 102 102 102 102 102 102 102 102
191 190 190 190 190 189 189 189 188 188 188 188 187 187 187 187 186 186 186 185 185 185 186 185 185 185 184 184 184 183 183 183 183 182 182 182 181 181 181 180 180 180 112 112 112 111 111 111 110 110 110 109 109 108 108 108 107 107 107 106 106 105 105 105 104 104 103 103 103 102 102 102 102 102 102 102 102 102 102 102 102 102 102 102 102 102 102 102 102 102 102 102 102 102 102
191 190 190 190 190 189 189 189 189 188 188 188 187 187 187 187 186 186 186 186 186 186 186 185 185 185 184 184 184 184 183 183 183 182 182 182 181 181 181 180 180 180 112 112 112 111 111 111 110 110 110 109 109 109 108 108 107 107 107 106 106 106 105 105 104 104 104 103 103 102 102 102 102 102 102 102 102 102 102 102 102 102 102 102 102 102 102 102 102 102 102 102 102 102 102
191 190 190 190 190 189 189 189 189 188 188 188 188 187 187 187 186 187 187 187 186 186 186 185 185 185 185 184 184 184 183 183 183 182 182 182 181 181 181 181 180 180 113 112 112 111 111 111 110 110 110 109 109 109 108 108 108 107 107 106 106 106 105 105 104 104 104 103 103 102 102 102 102 102 102 102 102 102 102 102 102 102 102 102 102 102 102 102 102 102 102 102 102 102 102
191 191 190 190 190 190 189 189 189 188 188 188 188 187 188 188 188 187 187 187 186 186 186 186 185 185 185 184 184 184 183 183 183 183 182 182 182 181 181 181 180 180 113 112 112 112 111 111 111 110 110 109 109 109 108 108 108 107 107 107 106 106 105 105 105 104 104 103 103 103 102 102 102 102 102 102 102 102 102 102 102 102 102 102 102 102 102 102 102 102 102 102 102 102 102
191 191 190 190 190 190 189 189 189 189 188 188 189 188 188 188 188 187 187 187 187 186 186 186 185 185 185 184 184 184 184 183 183 183 182 182 182 181 181 181 180 180 113 112 112 112 111 111 111 110 110 110 109 109 108 108 108 107 107 107 106 106 105 105 105 104 104 103 103 103 102 102 102 102 102 102 102 102 102 102 102 102 102 102 102 102 102 102 102 102 102 102 102 102 102
191 191 190 190 190 190 189 189 189 189 189 189 189 189 188 188 188 187 187 187 187 186 186 186 185 185 185 185 184 184 184 183 183 183 182 182 182 181 181 181 180 180 113 112 112 112 111 111 111 110 110 110 109 109 109 108 108 107 107 107 106 106 106 105 105 104 104 104 103 103 102 102 102 102 102 102 102 102 102 102 102 102 102 102 102 102 102 102 102 102 102 102 102 102 102
191 191 191 190 190 190 189 190 190 190 189 189 189 189 188 188 188 188 187 187 187 186 186 186 186 185 185 185 184 184 184 183 183 183 182 182 182 182 181 181 181 180 113 113 112 112 112 111 111 110 110 110 109 109 109 108 108 108 107 107 106 106 106 105 105 104 104 104 103 103 102 102 102 102 102 102 102 102 102 102 102 102 102 102 102 102 102 102 102 102 102 102 102 102 102
191 191 191 190 190 191 191 190 190 190 190 189 189 189 188 188 188 188 187 187 187 186 186 186 186 185 185 185 184 184 184 183 183 183 183 182 182 182 181 181 181 180 113 113 112 112 112 111 111 111 110 110 110 109 109 108 108 108 107 107 107 106 106 105 105 105 104 104 103 103 103 102 102 102 102 102 102 102 102 102 102 102 102 102 102 102 102 102 102 102 102 102 102 102 102
191 191 191 191 191 191 191 190 190 190 190 189 189 189 189 188 188 188 187 187 187 187 186 186 186 185 185 185 184 184 184 184 183 183 183 182 182 182 181 181 181 180 113 113 112 112 112 111 111 111 110 110 110 109 109 109 108 108 107 107 107 106 106 105 105 105 104 104 103 103 103 102 102 102 102 102 103 103 103 103 103 103 103 103 103 103 103 103 103 102 102 102 102 102 102
191 192 192 191 191 191 191 190 190 190 190 189 189 189 189 188 188 188 187 187 187 187 186 186 186 185 185 185 185 184 184 184 183 183 183 182 182 182 181 181 181 180 113 113 112 112 112 111 111 111 110 110 110 109 109 109 108 108 107 107 107 106 106 107 106 106 105 105 105 104 104 103 103 103 103 103 103 103 103 103 103 103 103 103 103 103 103 103 103 103 103 103 103 103 103
192 192 192 192 191 191 191 191 190 190 190 189 189 189 189 188 188 188 188 187 187 187 186 186 186 186 185 185 185 184 184 184 183 183 183 182 182 182 182 181 181 181 113 113 113 112 112 112 111 111 110 110 110 109 109 109 109 109 109 108 108 107 107 107 106 106 105 105 105 104 104 103 103 103 103 103 103 103 103 103 103 103 103 103 103 103 103 103 103 103 103 103 103 103 103
192 192 192 192 191 191 191 191 190 190 190 190 189 189 189 188 188 188 188 187 187 187 186 186 186 186 185 185 185 184 184 184 184 183 183 183 182 182 182 181 181 181 113 113 113 112 112 112 111 111 111 111 111 110 110 110 109 109 109 108 108 108 107 107 106 106 106 105 105 104 104 104 103 103 103 103 103 103 103 103 103 103 103 103 103 103 103 103 103 103 103 103 103 103 103
192 192 192 192 191 191 191 191 190 190 190 190 189 189 189 189 188 188 188 187 187 187 187 186 186 186 185 185 185 184 184 184 184 183 183 183 182 182 182 181 181 181 113 113 113 112 113 113 112 112 112 111 111 111 110 110 109 109 109 108 108 108 107 107 106 106 106 105 105 104 104 104 103 103 103 103 103 103 103 103 103 103 103 103 103 103 103 103 103 103 103 103 103 103 103
