testData/tiles/oneDegreeCosts/grid33.0-31.0-34.0-32.0.asc
ncols   200
nrows   200
xllcorner   33.0
yllcorner   31.0
cellsize   0.005
NODATA_value   -9999.0
[rows 126 to 167 of 200, columns 0 to 93 of 200]
326 325 325 324 324 324 324 324 324 324 324 324 324 324 324 324 324 324 324 324 324 324 324 324 324 324 324 324 324 324 324 324 324 324 324 324 324 324 324 324 324 324 324 324 324 324 324 324 324 324 324 324 324 324 324 324 324 324 324 324 324 324 324 324 324 324 324 324 324 324 324 324 324 324 324 324 324 324 324 324 324 324 324 324 324 324 324 324 324 324 324 324 324 324
326 326 325 325 324 324 324 324 324 324 324 324 324 324 324 324 324 324 324 324 324 324 324 324 324 324 324 324 324 324 324 324 324 324 324 324 324 324 324 324 324 324 324 324 324 324 324 324 324 324 324 324 324 324 324 324 324 324 324 324 324 324 324 324 324 324 324 324 324 324 324 324 324 324 324 324 324 324 324 324 324 324 324 324 324 324 324 324 324 324 324 324 324 324
326 326 326 325 325 324 324 324 324 324 324 324 324 324 324 324 324 324 324 324 324 324 324 324 324 324 324 324 324 324 324 324 324 324 324 324 324 324 324 324 324 324 324 324 324 324 324 324 324 324 324 324 324 324 324 324 324 324 324 324 324 324 324 324 324 324 324 324 324 324 324 324 324 324 324 324 324 324 324 324 324 324 324 324 324 324 324 324 324 324 324 324 324 324
327 326 326 325 325 324 324 324 324 324 324 324 324 324 324 324 324 324 324 324 324 324 324 324 324 324 324 324 324 324 324 324 324 324 324 324 324 324 324 324 324 324 324 324 324 324 324 324 324 324 324 324 324 324 324 324 324 324 324 324 324 324 324 324 324 324 324 324 324 324 324 324 324 324 324 324 324 324 324 324 324 324 324 324 324 324 324 324 324 324 324 324 324 324
327 327 326 326 325 325 324 324 324 324 324 324 324 324 324 324 324 324 324 324 324 324 324 324 324 324 324 324 324 324 324 324 324 324 324 324 324 324 324 324 324 324 324 324 324 324 324 324 324 324 324 324 324 324 324 324 324 324 324 324 324 324 324 324 324 324 324 324 324 324 324 324 324 324 324 324 324 324 324 324 324 324 324 324 324 324 324 324 324 324 324 324 324 324
327 327 326 326 325 325 324 324 324 324 324 324 324 324 324 324 324 324 324 324 324 324 324 324 324 324 324 324 324 324 324 324 324 324 324 324 324 324 324 324 324 324 324 324 324 324 324 324 324 324 324 324 324 324 324 324 324 324 324 324 324 324 324 324 324 324 324 324 324 324 324 324 324 324 324 324 324 324 324 324 324 324 324 324 324 324 324 324 324 324 324 324 324 324
328 327 327 326 326 325 325 324 324 324 324 324 324 324 324 324 324 324 324 324 324 324 324 324 324 324 324 324 324 324 324 324 324 324 324 324 324 324 324 324 324 324 324 324 324 324 324 324 324 324 324 324 324 324 324 324 324 324 324 324 324 324 324 324 324 324 324 324 324 324 324 324 324 324 324 324 324 324 324 324 324 324 324 324 324 324 324 324 324 324 324 324 324 324
328 327 327 326 326 325 325 324 324 324 324 324 324 324 324 324 324 324 324 324 324 324 324 324 324 324 324 324 324 324 324 324 324 324 324 324 324 324 324 324 324 324 324 324 324 324 324 324 324 324 324 324 324 324 324 324 324 324 324 324 324 324 324 324 324 324 324 324 324 324 324 324 324 324 324 324 324 324 324 324 324 324 324 324 324 324 324 324 324 324 324 324 324 324
328 328 327 327 326 326 325 325 324 324 324 324 324 324 324 324 324 324 324 324 324 324 324 324 324 324 324 324 324 324 324 324 324 324 324 324 324 324 324 324 324 324 324 324 324 324 324 324 324 324 324 324 324 324 324 324 324 324 324 324 324 324 324 324 324 324 324 324 324 324 324 324 324 324 324 324 324 324 324 324 324 324 324 324 324 324 324 324 324 324 324 324 324 324
328 328 327 327 326 326 325 325 324 324 324 324 324 324 324 324 324 324 324 324 324 324 324 324 324 324 324 324 324 324 324 324 324 324 324 324 324 324 324 324 324 324 324 324 324 324 324 324 324 324 324 324 324 324 324 324 324 324 324 324 324 324 324 324 324 324 324 324 324 324 324 324 324 324 325 325 325 325 325 325 325 324 324 324 324 324 324 324 324 324 324 324 324 324
329 328 328 327 327 326 326 325 325 324 324 324 324 324 324 324 324 324 324 324 324 324 324 324 324 324 324 324 324 324 324 324 324 324 324 324 324 324 324 324 324 324 324 324 324 324 324 324 324 324 324 324 325 325 325 325 325 325 325 325 325 325 325 325 325 325 325 325 325 325 325 325 325 325 325 325 325 325 325 325 325 325 325 325 325 325 325 325 325 325 325 325 325 325
329 328 328 327 327 326 326 325 325 324 324 324 324 324 324 324 324 324 324 324 324 324 324 324 324 324 324 324 324 324 324 324 324 324 324 324 324 324 324 324 324 325 325 325 325 325 325 325 325 325 325 325 325 325 325 325 325 325 325 325 325 325 325 325 325 325 325 325 325 325 325 325 325 325 325 325 325 325 325 325 325 325 325 325 325 325 325 325 325 325 325 325 325 325
329 329 328 328 327 327 326 326 325 325 324 324 324 324 324 324 324 324 324 324 324 324 324 324 324 324 324 324 324 324 324 324 324 325 325 325 325 325 325 325 325 325 325 325 325 325 325 325 325 325 325 325 325 325 325 325 325 325 325 325 325 325 325 325 325 325 325 325 325 325 325 325 325 325 325 325 325 325 325 325 325 325 325 325 325 325 325 325 325 325 325 325 325 325
329 329 328 328 327 327 326 326 325 325 324 324 324 324 324 324 324 324 324 324 324 324 324 324 324 324 324 325 325 325 325 325 325 325 325 325 325 325 325 325 325 325 325 325 325 325 325 325 325 325 325 325 325 325 325 325 325 325 325 325 325 325 325 325 325 325 325 325 325 325 325 325 325 325 325 325 325 325 325 325 325 325 325 325 325 325 325 325 325 325 325 325 325 325
330 329 329 328 328 327 327 326 326 325 324 324 324 324 324 324 324 324 324 324 324 325 325 325 325 325 325 325 325 325 325 325 325 325 325 325 325 325 325 325 325 325 325 325 325 325 325 325 325 325 325 325 325 325 325 325 325 325 325 325 325 325 325 325 325 325 325 325 325 325 325 325 325 325 325 325 325 325 325 325 325 325 325 325 325 325 325 325 325 325 325 325 325 325
330 329 329 328 328 327 327 326 326 325 325 324 324 324 324 325 325 325 325 325 325 325 325 325 325 325 325 325 325 325 325 325 325 325 325 325 325 325 325 325 325 325 325 325 325 325 325 325 325 325 325 325 325 325 325 325 325 325 325 325 325 325 325 325 325 325 325 325 325 325 325 325 325 325 325 325 325 325 325 325 325 325 325 325 325 325 325 325 325 325 325 325 325 325
330 330 329 329 328 328 327 326 326 325 325 325 325 325 325 325 325 325 325 325 325 325 325 325 325 325 325 325 325 325 325 325 325 325 325 325 325 325 325 325 325 325 325 325 325 325 325 325 325 325 325 325 325 325 325 325 325 325 325 325 325 325 325 325 325 325 325 325 325 325 325 325 325 325 325 325 325 325 325 325 325 325 325 325 325 325 325 325 325 325 325 325 325 325
330 330 329 329 328 328 328 328 327 327 326 326 325 325 325 325 325 325 325 325 325 325 325 325 325 325 325 325 325 325 325 325 325 325 325 325 325 325 325 325 325 325 325 325 325 325 325 325 325 325 325 325 325 325 325 325 325 325 325 325 325 325 325 325 325 325 325 325 325 325 325 325 325 325 325 325 325 325 325 325 325 325 325 325 325 325 325 325 325 325 325 325 325 325
331 330 330 330 329 329 328 328 327 327 326 326 325 325 325 325 325 325 325 325 325 325 325 325 325 325 325 325 325 325 325 325 325 325 325 325 325 325 325 325 325 325 325 325 325 325 325 325 325 325 325 325 325 325 325 325 325 325 325 325 325 325 325 325 325 325 325 325 325 325 325 325 325 325 325 325 325 325 325 325 325 325 325 325 325 325 325 325 325 325 325 325 325 325
332 331 331 330 330 329 329 328 328 327 326 326 325 325 325 325 325 325 325 325 325 325 325 325 325 325 325 325 325 325 325 325 325 325 325 325 325 325 325 325 325 325 325 325 325 325 325 325 325 325 325 325 325 325 325 325 325 325 325 325 325 325 325 325 325 325 325 325 325 325 325 325 325 325 325 325 325 325 325 325 325 325 325 325 325 325 325 325 325 325 325 325 325 325
332 331 331 330 330 329 329 328 328 327 327 326 326 325 325 325 325 325 325 325 325 325 325 325 325 325 325 325 325 325 325 325 325 325 325 325 325 325 325 325 325 325 325 325 325 325 325 325 325 325 325 325 325 325 325 325 325 325 325 325 325 325 325 325 325 325 325 325 325 325 325 325 325 325 325 325 325 325 325 325 325 325 325 325 325 325 325 325 325 325 325 325 325 325
332 332 331 331 330 330 329 328 328 327 327 326 326 325 325 325 325 325 325 325 325 325 325 325 325 325 325 325 325 325 325 325 325 325 325 325 325 325 325 325 325 325 325 325 325 325 325 325 325 325 325 325 325 325 325 325 325 325 325 325 326 326 326 326 326 326 326 326 326 326 326 326 326 326 326 326 326 326 326 326 326 326 326 326 326 326 326 326 326 326 326 326 326 326
332 332 331 331 330 330 329 329 328 328 327 327 326 325 325 325 325 325 325 325 325 325 325 325 325 325 325 325 325 325 325 325 325 325 325 325 325 325 325 325 325 325 325 325 325 325 325 326 326 326 326 326 326 326 326 326 326 326 326 326 326 326 326 326 326 326 326 326 326 326 326 326 326 326 326 326 326 326 326 326 326 326 326 326 326 326 326 326 326 326 326 326 326 326
333 332 331 331 330 330 329 329 328 328 327 327 326 326 325 325 325 325 325 325 325 325 325 325 325 325 325 325 325 325 325 325 325 325 325 325 325 325 326 326 326 326 326 326 326 326 326 326 326 326 326 326 326 326 326 326 326 326 326 326 326 326 326 326 326 326 326 326 326 326 326 326 326 326 326 326 326 326 326 326 326 326 326 326 326 326 326 326 326 326 326 326 326 326
333 332 332 331 331 330 330 329 328 328 327 327 326 326 325 325 325 325 325 325 325 325 325 325 325 325 325 325 325 325 325 326 326 326 326 326 326 326 326 326 326 326 326 326 326 326 326 326 326 326 326 326 326 326 326 326 326 326 326 326 326 326 326 326 326 326 326 326 326 326 326 326 326 326 326 326 326 326 326 326 326 326 326 326 326 326 326 326 326 326 326 326 326 326
333 332 332 331 331 330 330 329 329 328 328 327 326 326 325 325 325 325 325 325 325 325 325 325 325 326 326 326 326 326 326 326 326 326 326 326 326 326 326 326 326 326 326 326 326 326 326 326 326 326 326 326 326 326 326 326 326 326 326 326 326 326 326 326 326 326 326 326 326 326 326 326 326 326 326 326 326 326 326 326 326 326 326 326 326 326 326 326 326 326 326 326 326 326
333 333 332 331 331 330 330 329 329 328 328 327 327 326 326 325 325 325 325 326 326 326 326 326 326 326 326 326 326 326 326 326 326 326 326 326 326 326 326 326 326 326 326 326 326 326 326 326 326 326 326 326 326 326 326 326 326 326 326 326 326 326 326 326 326 326 326 326 326 326 326 326 326 326 326 326 326 326 326 326 326 326 326 326 326 326 326 326 326 326 326 326 326 326
333 333 332 332 331 331 330 329 329 328 328 327 327 326 327 326 326 326 326 326 326 326 326 326 326 326 326 326 326 326 326 326 326 326 326 326 326 326 326 326 326 326 326 326 326 326 326 326 326 326 326 326 326 326 326 326 326 326 326 326 326 326 326 326 326 326 326 326 326 326 326 326 326 326 326 326 326 326 326 326 326 326 326 326 326 326 326 326 326 326 326 326 326 339
333 333 332 332 331 331 330 330 329 329 329 328 328 327 327 326 326 326 326 326 326 326 326 326 326 326 326 326 326 326 326 326 326 326 326 326 326 326 326 326 326 326 326 326 326 326 326 326 326 326 326 326 326 326 326 326 326 326 326 326 326 326 326 326 326 326 326 326 326 326 326 326 326 326 326 326 326 326 326 326 326 326 326 326 326 326 326 326 326 326 326 326 339 345
334 333 332 332 331 332 331 331 330 330 329 329 328 328 327 326 326 326 326 326 326 326 326 326 326 326 326 326 326 326 326 326 326 326 326 326 326 326 326 326 326 326 326 326 326 326 326 326 326 326 326 326 326 326 326 326 326 326 326 326 326 326 326 326 326 326 326 326 326 326 326 326 326 326 326 326 326 326 326 326 326 326 326 326 326 326 326 326 326 326 339 341 346 351
334 334 334 333 333 332 331 331 330 330 329 329 328 328 327 327 326 326 326 326 326 326 326 326 326 326 326 326 326 326 326 326 326 326 326 326 326 326 326 326 326 326 326 326 326 326 326 326 326 326 326 326 326 326 326 326 326 326 326 326 326 326 326 326 326 326 326 326 326 326 326 326 326 326 326 326 326 326 326 326 326 326 326 326 326 326 326 326 326 339 343 348 352 356
335 334 334 333 333 332 332 331 331 330 329 329 328 328 327 327 326 326 326 326 326 326 326 326 326 326 326 326 326 326 326 326 326 326 326 326 326 326 326 326 326 326 326 326 326 326 326 326 326 326 326 326 326 326 326 326 326 326 326 326 326 326 326 326 326 326 326 326 326 326 326 326 326 326 326 326 326 326 326 326 326 326 326 326 326 326 326 326 339 344 349 353 357 360
335 334 334 333 333 332 332 331 331 330 330 329 328 328 327 327 326 326 326 326 326 326 326 326 326 326 326 326 326 326 326 326 326 326 326 326 326 326 326 326 326 326 326 326 326 326 326 326 326 326 326 326 326 326 326 326 326 326 326 326 326 326 326 326 326 326 326 326 326 326 326 326 326 326 326 326 326 326 326 326 326 326 326 326 326 326 326 339 346 350 354 358 361 364
335 335 334 334 333 332 332 331 331 330 330 329 329 328 327 327 326 326 326 326 326 326 326 326 326 326 326 326 326 326 326 326 326 326 326 326 326 326 326 326 326 326 326 326 326 326 326 326 326 326 326 326 326 326 327 327 327 327 327 327 327 327 327 327 327 327 327 327 327 327 327 327 327 327 327 327 327 327 327 327 327 327 327 327 327 340 342 348 353 356 360 363 365 368
335 335 334 334 333 333 332 331 331 330 330 329 329 328 328 327 326 326 326 326 326 326 326 326 326 326 326 326 326 326 326 326 326 326 326 326 326 326 326 326 326 326 326 327 327 327 327 327 327 327 327 327 327 327 327 327 327 327 327 327 327 327 327 327 327 327 327 327 327 327 327 327 327 327 327 327 327 327 327 327 327 327 327 327 340 344 349 354 357 361 364 366 369 371
335 335 334 334 333 333 332 332 331 330 330 329 329 328 328 327 327 326 326 326 326 326 326 326 326 326 326 326 326 326 326 326 326 326 326 326 327 327 327 327 327 327 327 327 327 327 327 327 327 327 327 327 327 327 327 327 327 327 327 327 327 327 327 327 327 327 327 327 327 327 327 327 327 327 327 327 327 327 327 327 327 327 327 340 345 350 354 358 361 364 367 369 372 374
336 335 334 334 333 333 332 332 331 331 330 329 329 328 328 327 327 326 326 326 326 326 326 326 326 326 326 326 326 327 327 327 327 327 327 327 327 327 327 327 327 327 327 327 327 327 327 327 327 327 327 327 327 327 327 327 327 327 327 327 327 327 327 327 327 327 327 327 327 327 327 327 327 327 327 327 327 327 327 327 327 327 340 346 351 355 359 362 365 368 370 372 375 377
375 335 335 334 333 333 332 332 331 331 330 330 329 328 328 327 327 326 326 326 326 326 326 327 327 327 327 327 327 327 327 327 327 327 327 327 327 327 327 327 327 327 327 327 327 327 327 327 327 327 327 327 327 327 327 327 327 327 327 327 327 327 327 327 327 327 327 327 327 327 327 327 327 327 327 327 327 327 327 327 327 341 347 352 356 360 363 366 368 371 373 375 377 379
375 335 335 334 334 333 332 332 331 331 330 330 329 329 328 327 327 326 327 327 327 327 327 327 327 327 327 327 327 327 327 327 327 327 327 327 327 327 327 327 327 327 327 327 327 327 327 327 327 327 327 327 327 327 327 327 327 327 327 327 327 327 327 327 327 327 327 327 327 327 327 327 327 327 327 327 327 327 327 340 342 348 353 357 360 363 366 369 371 374 376 378 380 382
375 335 335 334 334 333 333 332 331 331 330 330 329 330 329 329 328 327 327 327 327 327 327 327 327 327 327 327 327 327 327 327 327 327 327 327 327 327 327 327 327 327 327 327 327 327 327 327 327 327 327 327 327 327 327 327 327 327 327 327 327 327 327 327 327 327 327 327 327 327 327 327 327 327 327 327 327 327 340 343 349 354 358 361 364 367 369 372 374 376 378 380 382 384
375 374 335 334 334 333 333 332 331 332 331 331 330 330 329 329 328 327 327 327 327 327 327 327 327 327 327 327 327 327 327 327 327 327 327 327 327 327 327 327 327 327 327 327 327 327 327 327 327 327 327 327 327 327 327 327 327 327 327 327 327 327 327 327 327 327 327 327 327 327 327 327 327 327 327 327 327 340 344 350 354 358 361 365 367 370 372 375 377 379 381 383 385 386
375 374 335 334 334 334 334 333 333 332 331 331 330 330 329 329 328 328 327 327 327 327 327 327 327 327 327 327 327 327 327 327 327 327 327 327 327 327 327 327 327 327 327 327 327 327 327 327 327 327 327 327 327 327 327 327 327 327 327 327 327 327 327 327 327 327 327 327 327 327 327 327 327 327 327 327 340 345 351 355 359 362 365 368 370 373 375 377 379 381 383 385 387 388
