testData/tiles/oneDegreeCosts/grid20.0-33.0-21.0-34.0.asc
ncols   200
nrows   200
xllcorner   20.0
yllcorner   33.0
cellsize   0.005
NODATA_value   -9999.0
[rows 126 to 167 of 200, columns 0 to 93 of 200]
607 608 609 609 610 611 611 612 613 614 614 616 617 617 618 619 619 621 621 622 623 623 624 624 625 625 626 626 627 628 628 629 629 629 630 630 631 631 632 632 633 633 633 634 634 634 634 634 635 635 636 636 636 637 637 637 638 638 638 638 639 639 639 640 639 639 639 640 640 640 640 641 641 641 641 641 641 641 641 641 641 641 641 641 641 641 641 641 641 641 641 641 641 641
606 607 608 608 609 611 613 613 614 615 615 616 617 617 618 619 619 620 621 621 622 622 623 624 624 625 625 626 626 627 627 628 628 629 629 630 630 631 631 631 632 632 633 633 634 634 634 635 635 635 636 636 636 637 637 637 637 637 637 638 638 638 639 639 639 639 640 640 640 640 640 640 640 640 641 641 641 641 641 642 641 641 641 641 641 641 641 641 641 640 640 640 640 640
607 608 609 609 610 611 612 612 613 614 615 615 616 617 617 618 619 619 620 620 621 622 622 624 624 625 625 626 626 627 627 628 628 629 629 630 630 631 630 631 631 632 632 632 633 633 634 634 634 635 635 635 636 636 636 637 637 637 638 638 638 639 638 638 638 639 639 639 639 640 640 640 640 641 640 640 640 640 641 641 641 641 641 641 641 641 641 641 641 641 641 642 640 640
606 607 608 609 609 610 611 612 612 614 615 615 616 617 617 618 619 619 620 621 621 622 622 623 623 624 625 625 626 626 627 627 628 628 629 629 630 630 630 631 631 632 632 633 633 633 634 634 635 635 635 636 636 636 636 636 636 637 637 637 638 638 638 638 639 639 639 639 639 639 639 639 640 640 640 640 641 641 641 640 640 640 641 641 641 641 641 641 641 641 641 641 641 641
605 607 608 609 609 610 611 612 612 613 614 615 615 616 617 617 618 618 619 620 620 621 621 622 623 623 624 624 625 625 626 626 627 627 629 629 630 630 631 631 632 632 632 633 633 634 634 634 635 635 636 636 636 637 637 637 638 637 637 638 638 638 638 638 638 638 639 639 639 639 639 640 640 639 639 640 640 640 640 640 641 641 641 640 640 640 641 641 641 641 641 640 640 640
605 606 607 608 608 609 610 611 611 612 613 614 615 616 617 617 618 619 619 620 621 622 623 623 624 624 625 625 626 627 627 628 628 629 629 629 630 630 631 631 632 632 633 633 633 634 634 635 635 635 635 635 635 636 636 637 637 637 637 638 638 638 639 639 639 639 639 639 639 640 640 639 639 639 640 640 640 640 640 640 640 640 640 640 640 641 640 640 640 640 640 640 641 641
604 605 606 608 609 609 610 611 612 612 613 614 615 616 617 617 618 619 619 620 621 621 622 622 623 623 624 625 625 626 626 627 627 628 628 629 629 630 630 631 631 631 632 632 633 633 633 634 634 635 635 635 636 636 636 637 637 637 637 637 637 638 638 638 638 639 639 639 640 640 640 639 639 640 640 640 640 641 641 640 640 640 640 640 640 640 640 640 640 640 640 640 640 640
604 605 606 607 608 609 610 611 612 612 613 614 614 615 616 617 618 619 619 620 621 621 622 622 623 624 624 625 625 626 626 627 627 628 628 629 629 630 630 631 631 632 632 632 633 632 633 633 633 634 634 635 635 635 636 636 636 637 637 637 638 638 638 638 638 638 638 639 639 639 639 639 640 640 640 640 640 640 640 640 640 641 641 641 641 640 640 640 640 640 640 640 640 639
604 605 606 607 608 608 610 611 612 612 613 614 615 615 616 617 617 618 619 619 620 620 621 622 622 623 623 624 624 625 626 626 627 627 628 628 629 629 629 630 630 631 631 632 632 632 633 633 634 634 634 635 635 635 636 635 636 636 636 636 637 637 637 638 638 638 638 639 639 638 639 639 639 639 639 640 640 640 640 640 640 640 640 640 640 640 641 641 640 640 640 640 639 639
604 605 606 607 608 608 609 610 611 611 612 613 614 614 615 616 616 617 618 618 620 621 621 622 622 623 623 624 625 625 626 626 627 627 628 628 629 629 630 630 631 631 631 631 631 632 632 632 633 633 634 634 634 635 635 635 636 636 636 637 637 637 637 637 637 637 638 638 638 638 639 639 639 639 639 639 639 639 639 640 640 640 640 640 640 640 640 640 640 640 640 640 640 640
603 604 605 606 607 607 608 609 611 611 612 613 614 614 615 616 616 617 618 618 619 620 620 621 621 622 623 623 624 624 625 625 626 626 627 627 628 628 629 629 630 631 632 632 632 633 633 634 634 634 634 634 635 635 635 635 635 635 636 636 636 637 637 637 637 638 638 638 638 638 638 638 638 639 639 639 639 640 639 639 639 639 639 640 640 640 640 639 639 639 640 640 640 640
602 604 605 606 607 607 608 609 610 610 611 612 613 613 614 615 615 616 617 617 618 619 619 621 622 622 623 623 624 624 626 625 626 626 627 627 628 628 629 629 630 630 631 631 632 632 632 633 633 634 634 634 635 635 635 636 636 636 637 637 636 637 637 637 638 638 638 638 638 638 638 638 639 639 639 639 639 639 639 639 639 639 639 639 639 639 639 639 640 640 639 639 639 639
603 603 604 605 606 606 607 608 609 609 610 612 613 613 615 616 617 617 618 618 619 620 620 621 622 622 623 623 624 624 625 626 626 627 627 628 628 629 629 630 630 630 631 631 632 632 633 633 633 634 633 634 634 634 635 635 635 636 636 636 637 637 637 637 638 638 638 638 638 638 638 639 639 639 639 640 640 639 639 639 639 639 639 639 639 639 639 639 639 639 639 639 639 639
603 603 603 605 605 606 607 609 610 610 611 612 613 613 614 615 616 616 617 618 618 619 619 620 621 621 622 622 623 624 624 625 625 626 626 627 627 628 628 629 629 630 630 630 631 631 632 632 633 633 633 634 634 634 635 635 635 636 635 635 636 636 636 637 637 637 638 638 638 638 639 638 638 638 639 639 639 639 639 640 640 639 639 639 639 639 639 639 639 639 639 639 639 639
604 605 605 605 605 606 607 608 609 609 610 611 612 612 614 615 616 616 617 618 618 619 619 620 621 621 622 622 623 624 624 625 625 626 626 627 627 628 628 629 629 630 630 631 631 631 632 631 632 632 632 633 633 634 634 634 635 635 635 636 636 636 637 637 636 636 637 637 637 638 638 638 638 638 639 639 638 638 639 639 639 639 639 639 640 639 639 639 639 639 639 639 638 638
605 605 605 605 605 606 607 608 609 609 610 611 612 612 613 614 615 615 616 617 617 618 619 619 620 620 621 622 622 623 623 624 624 625 625 626 626 627 627 628 628 629 629 630 630 631 631 631 632 632 633 633 633 634 634 634 634 634 634 635 635 635 636 636 636 637 637 637 637 637 637 637 637 638 638 638 638 639 639 639 638 638 638 639 639 639 639 639 639 639 639 639 639 639
606 606 606 606 606 606 606 607 608 608 609 610 611 611 612 613 614 614 616 617 617 618 619 619 620 620 621 622 622 623 623 624 624 625 625 626 626 627 627 628 628 629 629 629 629 630 630 631 631 631 632 632 632 633 633 634 634 634 635 635 635 636 635 635 635 636 636 636 637 637 637 637 638 638 637 637 638 638 638 638 638 638 639 638 638 638 638 638 639 639 639 638 638 638
606 606 606 606 606 606 606 607 607 608 609 610 611 611 612 613 614 614 615 616 616 617 618 618 619 619 620 621 621 623 623 624 624 625 626 626 627 627 628 628 629 629 629 630 630 631 631 632 632 632 633 633 634 634 633 634 634 634 635 635 635 636 635 635 636 636 636 636 636 636 636 637 637 637 637 637 638 638 637 637 637 638 638 638 638 638 639 638 638 638 638 638 638 638
607 607 607 607 607 607 607 607 607 607 608 609 609 610 611 612 612 613 614 616 616 617 618 619 620 620 621 622 622 623 623 624 625 625 626 626 627 627 627 627 628 628 629 629 629 630 630 631 631 632 632 632 633 633 633 634 634 635 635 635 636 635 635 635 636 636 636 637 637 637 637 638 637 637 637 637 637 637 637 637 638 638 637 637 637 638 638 638 638 638 637 637 637 638
607 607 607 607 607 607 607 607 607 607 608 610 610 611 612 613 613 614 615 616 616 617 618 618 619 619 620 621 621 622 622 623 624 624 625 625 626 626 627 627 628 628 629 629 630 630 630 631 631 632 632 632 632 632 633 633 633 634 634 634 635 635 635 636 636 636 636 636 636 636 637 637 637 637 638 638 638 637 637 638 637 637 637 637 638 637 637 637 637 637 637 638 638 637
607 607 608 608 608 609 609 609 609 609 609 609 609 610 611 612 612 613 614 614 615 616 616 617 618 618 619 620 620 621 621 622 623 623 624 624 625 625 626 626 627 627 628 628 629 629 629 630 630 631 631 632 632 632 633 633 633 634 634 634 634 634 634 635 635 635 636 636 636 636 637 636 636 636 637 637 637 637 638 638 638 637 637 637 638 638 637 637 637 637 637 637 637 637
609 609 609 609 609 609 609 609 609 609 609 609 609 610 611 611 612 613 614 614 615 616 616 617 618 618 619 620 620 621 621 622 623 623 624 624 625 625 626 626 627 627 628 628 629 629 630 630 629 630 630 631 631 631 632 632 632 633 633 634 634 634 635 635 634 634 635 635 635 636 636 636 636 637 637 636 636 636 637 637 637 637 637 638 637 637 637 637 637 638 638 637 636 636
609 609 609 609 609 610 610 610 610 610 610 610 610 610 610 610 611 612 613 613 614 615 615 616 617 617 618 619 619 620 620 621 622 622 623 623 624 624 625 625 626 626 627 627 628 628 629 629 629 630 630 631 631 631 632 632 632 632 632 633 633 633 634 634 634 635 635 635 635 635 635 635 635 636 636 636 636 637 637 636 636 636 637 637 637 637 637 637 637 637 637 637 637 637
610 610 610 610 610 610 610 610 610 610 610 610 610 610 610 610 611 612 612 613 614 615 615 616 617 617 618 619 619 620 620 621 622 622 623 623 624 624 625 625 626 626 627 627 628 628 628 628 628 629 629 630 630 630 631 631 632 632 632 633 633 633 634 633 633 634 634 634 634 635 635 635 636 636 635 635 635 636 636 636 636 637 637 636 636 636 636 637 637 637 636 636 636 636
610 610 610 610 610 610 610 611 611 611 611 611 611 611 611 611 611 611 611 612 613 613 614 615 616 616 617 618 619 620 620 621 621 622 623 623 624 624 625 625 626 626 627 627 628 628 629 629 629 630 630 631 631 632 631 631 632 632 632 633 633 633 634 634 633 634 634 634 634 634 634 634 635 635 635 635 636 636 635 635 635 636 636 636 636 636 636 636 636 636 636 636 636 636
611 611 611 611 611 611 611 611 611 611 611 611 611 611 611 611 611 612 612 612 614 614 615 616 616 617 618 618 619 620 620 621 621 622 623 623 624 624 625 625 626 625 626 626 627 627 628 628 629 629 629 630 630 631 631 631 632 632 632 633 633 633 633 633 633 634 634 634 635 635 635 635 635 635 635 635 635 635 635 635 636 635 635 635 635 635 636 636 636 635 635 635 635 636
611 611 611 611 611 611 611 611 611 612 613 613 613 613 613 613 613 613 613 613 613 613 614 615 615 616 617 617 618 619 619 620 620 621 622 622 623 623 624 624 625 625 626 626 627 627 628 628 629 629 629 630 629 630 630 630 631 631 631 632 632 633 633 633 633 634 633 633 634 634 634 634 635 635 635 635 635 635 635 635 636 635 635 635 635 635 635 635 635 635 635 635 635 635
611 611 612 612 613 613 613 613 613 613 613 613 613 613 613 613 613 613 613 613 613 613 613 613 614 615 616 616 617 617 619 619 619 620 620 621 622 622 623 623 624 624 625 625 626 626 627 627 627 628 628 629 629 630 630 630 631 631 631 631 631 632 632 632 633 633 633 633 634 634 634 634 634 634 634 635 635 635 635 635 635 635 635 635 635 636 636 635 635 635 635 635 635 635
613 613 613 613 613 613 613 613 613 613 613 613 614 614 614 614 614 614 614 614 614 614 614 614 614 615 615 616 617 617 618 619 619 620 620 621 621 622 623 623 624 624 625 625 626 626 627 627 627 627 627 628 628 629 629 629 630 630 631 631 631 632 632 632 633 632 632 632 633 633 633 634 634 634 634 634 634 634 634 634 635 635 635 635 635 635 635 635 635 635 635 635 634 634
613 613 613 613 614 614 614 614 614 614 614 614 614 614 614 614 614 614 614 614 614 614 614 614 614 614 614 615 616 616 617 617 618 619 619 620 620 621 621 622 623 623 624 624 625 625 626 626 626 627 627 628 628 629 630 630 631 630 631 631 631 632 632 632 633 633 633 632 633 633 633 633 633 633 633 634 634 634 634 634 634 634 634 634 635 635 635 634 634 634 634 635 635 635
614 614 614 614 614 614 614 614 614 614 614 614 614 614 614 615 615 615 615 615 615 615 615 615 615 615 615 615 615 616 617 617 618 619 619 620 620 621 621 622 622 623 623 624 624 626 626 626 626 627 627 628 628 629 629 629 630 630 630 631 631 632 632 631 632 632 632 632 633 633 633 634 634 634 633 634 633 633 633 634 634 634 633 633 634 634 634 634 634 634 634 634 634 634
614 614 614 614 614 614 615 615 615 615 615 615 615 615 615 615 615 615 615 615 615 615 615 615 615 615 615 615 615 616 616 617 618 618 619 620 620 621 621 623 623 624 624 625 625 626 626 627 627 628 628 629 629 629 630 629 630 630 630 631 631 632 631 631 632 632 632 632 632 632 632 633 633 633 633 634 634 633 633 634 634 634 633 633 634 633 633 633 633 633 634 634 634 633
615 615 615 615 615 615 615 615 615 615 615 615 615 615 615 615 615 615 616 617 617 617 617 617 617 617 617 617 617 617 617 617 618 618 619 620 621 622 622 623 623 624 624 624 624 625 625 626 626 627 627 628 628 628 629 629 630 630 630 631 631 630 631 631 632 632 632 632 633 633 633 634 633 633 633 633 633 633 633 634 634 633 633 633 634 634 633 633 633 633 633 633 633 633
615 615 615 615 615 615 615 615 616 616 616 616 617 617 617 617 617 617 617 617 617 617 617 617 617 617 617 617 617 617 617 617 618 618 619 619 620 620 621 622 622 623 623 624 624 625 625 626 626 627 627 627 628 628 628 628 629 629 629 630 630 630 631 631 631 632 632 632 632 632 632 633 633 633 633 634 633 633 633 633 633 633 633 633 633 633 633 633 633 633 633 632 632 632
615 615 616 616 616 616 617 617 617 617 617 617 617 617 617 617 617 617 617 617 617 617 617 617 618 618 618 618 619 619 619 619 619 619 619 619 620 619 620 620 621 621 622 623 623 624 624 625 625 625 626 626 628 628 629 629 629 630 630 630 630 630 631 631 631 632 632 632 633 632 632 632 632 632 632 633 633 633 633 634 633 633 633 633 634 633 633 633 633 633 633 633 633 632
616 617 617 617 617 617 617 617 617 617 617 618 618 618 618 618 618 618 618 618 618 618 618 618 618 619 619 619 619 619 619 619 619 619 619 619 619 619 620 620 621 621 622 622 624 624 625 625 626 626 626 626 627 627 628 628 628 629 629 630 630 630 631 631 631 631 631 631 632 632 632 633 633 633 633 633 633 632 632 633 633 633 633 632 633 633 633 633 633 633 632 632 632 632
617 617 617 617 618 618 618 618 618 618 618 618 618 618 618 618 618 618 618 618 618 618 618 619 619 619 619 619 619 619 619 619 619 619 619 619 619 619 619 620 621 621 622 622 623 623 624 624 625 625 626 626 627 627 627 628 628 628 628 628 629 629 630 630 630 631 631 631 632 631 631 631 632 632 632 633 633 633 632 632 633 633 632 632 633 633 632 632 632 632 633 633 633 632
618 618 618 618 618 618 618 618 618 618 618 618 618 618 619 619 619 619 619 619 620 620 620 620 620 620 620 620 620 620 620 620 620 620 620 621 621 621 621 621 621 621 621 622 623 623 624 624 624 624 625 625 625 626 626 627 627 628 628 628 629 629 629 629 629 629 630 630 630 631 631 631 632 631 631 631 632 632 632 632 633 633 632 632 632 633 632 632 632 631 631 632 632 632
618 618 618 618 618 618 619 619 619 619 619 619 619 619 619 619 619 619 620 620 620 620 620 620 620 620 620 620 620 620 620 620 621 621 621 621 621 621 622 622 622 622 622 622 622 623 623 624 624 625 625 626 626 626 626 626 626 626 627 627 628 628 628 629 629 629 630 630 630 630 630 630 631 631 631 631 632 631 631 631 632 632 632 632 632 632 632 632 632 631 631 632 631 631
619 619 619 619 619 619 619 619 619 619 619 619 619 619 619 619 620 621 621 621 621 621 621 621 622 622 622 622 622 623 623 623 623 623 623 623 623 623 623 623 623 623 623 623 622 622 622 623 623 624 624 626 626 627 627 627 628 628 629 629 629 629 629 630 630 630 631 630 630 631 630 630 630 630 630 630 631 631 631 631 631 631 631 631 631 632 632 632 631 631 631 632 631 631
619 619 619 619 619 619 619 619 620 620 620 620 620 620 621 621 622 622 622 622 622 622 622 622 622 622 623 623 623 623 623 623 623 623 623 623 623 623 623 623 623 623 623 623 624 624 624 624 624 624 625 625 626 625 626 626 627 627 627 628 628 629 629 629 630 630 629 630 630 630 631 631 631 632 632 631 631 631 631 631 631 631 631 631 630 630 631 631 631 631 631 630 631 631
619 619 620 620 620 620 620 620 620 620 621 621 622 622 622 622 622 622 622 622 622 623 623 624 624 624 624 624 624 624 624 624 624 624 624 624 624 624 624 625 624 624 624 624 624 624 624 624 624 624 624 624 625 625 626 626 626 627 627 627 627 627 628 628 629 629 629 630 630 630 630 630 630 630 631 631 631 632 632 631 631 630 630 630 630 630 630 630 630 630 630 630 630 630
