testData/tiles/oneDegreeCosts/grid6.0-5.0-7.0-6.0.asc
ncols   200
nrows   200
xllcorner   6.0
yllcorner   5.0
cellsize   0.005
NODATA_value   -9999.0
[rows 126 to 167 of 200, columns 94 to 187 of 200]
358 359 360 362 363 364 365 367 368 369 370 371 372 374 375 376 377 378 379 380 381 382 383 384 385 386 387 388 388 389 390 391 392 393 394 395 395 396 397 398 399 399 400 401 402 402 403 404 405 405 406 407 408 408 409 410 410 411 412 412 413 414 414 415 415 416 417 417 419 419 420 391 391 392 392 393 394 394 395 395 396 396 397 397 398 398 399 399 400 400 401 401 402 402
356 358 359 360 362 363 364 365 367 368 369 370 371 372 374 375 376 377 378 379 380 381 382 383 384 385 386 387 388 388 389 390 391 392 393 394 394 395 396 397 398 399 399 400 401 402 402 403 404 405 405 406 407 407 408 409 409 410 411 411 412 413 413 414 415 415 416 417 418 419 419 420 391 391 392 392 393 393 394 394 395 396 396 397 397 398 398 399 399 400 400 401 401 402
355 356 358 359 360 362 363 364 365 367 368 369 370 371 372 374 375 376 377 378 379 380 381 382 383 384 385 386 387 388 388 389 390 391 392 393 394 394 395 396 397 398 398 399 400 401 402 402 403 404 404 405 406 407 407 408 409 409 410 411 411 412 413 413 414 415 415 416 417 418 419 419 420 390 391 391 392 393 393 394 394 395 395 396 396 397 397 398 399 399 400 400 401 401
354 355 356 358 359 360 362 363 364 366 367 368 369 370 371 372 374 375 376 377 378 379 380 381 382 383 384 385 386 387 387 388 389 390 391 392 393 394 394 395 396 397 398 398 399 400 401 401 402 403 404 404 405 406 406 407 408 409 409 410 411 411 412 412 413 414 414 415 416 417 418 418 419 390 390 391 391 392 392 393 394 394 395 395 396 396 397 397 398 398 399 399 400 400
352 354 355 356 358 359 360 362 363 364 366 367 368 369 370 371 372 374 375 376 377 378 379 380 381 382 383 384 385 386 386 387 388 389 390 391 392 393 393 394 395 396 397 397 398 399 400 401 401 402 403 403 404 405 406 406 407 408 408 409 410 410 411 412 412 413 414 414 415 416 417 418 418 419 389 390 391 391 392 392 393 393 394 394 395 396 396 397 397 398 398 399 399 400
351 352 354 355 356 358 359 361 362 363 364 366 367 368 369 370 371 372 374 375 376 377 378 379 380 381 382 383 384 385 385 386 387 388 389 390 391 392 392 393 394 395 396 397 397 398 399 400 400 401 402 403 403 404 405 405 406 407 408 408 409 410 410 411 412 412 413 413 414 415 416 417 417 418 389 389 390 390 391 392 392 393 393 394 394 395 395 396 396 397 397 398 398 399
349 351 352 354 355 357 358 359 361 362 363 364 366 367 368 369 370 371 372 373 375 376 377 378 379 380 381 382 383 384 384 385 386 387 388 389 390 391 392 392 393 394 395 396 396 397 398 399 400 400 401 402 403 403 404 405 405 406 407 407 408 409 409 410 411 411 412 413 413 414 415 416 417 417 418 388 389 390 390 391 391 392 392 393 394 394 395 395 396 396 397 397 398 398
348 349 351 352 354 355 357 358 359 361 362 363 364 365 367 368 369 370 371 372 373 374 376 377 378 379 380 381 382 383 383 384 385 386 387 388 389 390 391 391 392 393 394 395 396 396 397 398 399 399 400 401 402 402 403 404 404 405 406 407 407 408 409 409 410 411 411 412 412 413 414 415 416 416 417 388 388 389 389 390 391 391 392 392 393 393 394 394 395 395 396 396 397 397
346 348 349 351 352 354 355 357 358 359 360 362 363 364 365 367 368 369 370 371 372 373 374 375 377 378 379 380 381 381 382 383 384 385 386 387 388 389 390 390 391 392 393 394 395 395 396 397 398 398 399 400 401 401 402 403 404 404 405 406 406 407 408 408 409 410 410 411 412 412 413 414 415 416 416 417 388 388 389 389 390 390 391 391 392 393 393 394 394 395 395 396 396 397
345 346 348 349 351 352 354 355 356 358 359 360 362 363 364 365 367 368 369 370 371 372 373 374 375 376 377 378 379 380 381 382 383 384 385 386 387 388 389 389 390 391 392 393 394 394 395 396 397 398 398 399 400 401 401 402 403 403 404 405 406 406 407 408 408 409 410 410 411 411 412 413 414 415 415 416 417 387 388 388 389 390 390 391 391 392 392 393 393 394 394 395 395 396
343 345 346 348 349 351 352 354 355 356 358 359 360 362 363 364 365 366 368 369 370 371 372 373 374 375 376 377 378 379 380 381 382 383 384 385 386 387 388 388 389 390 391 392 393 393 394 395 396 397 397 398 399 400 400 401 402 403 403 404 405 405 406 407 407 408 409 409 410 411 411 412 413 414 415 415 416 387 387 388 388 389 389 390 390 391 392 392 393 393 394 394 395 395
342 343 345 346 348 349 351 352 354 355 356 358 359 360 362 363 364 365 366 368 369 370 371 372 373 374 375 376 377 378 379 380 381 382 383 384 385 386 387 387 388 389 390 391 392 393 393 394 395 396 396 397 398 399 399 400 401 402 402 403 404 404 405 406 406 407 408 408 409 410 410 411 412 413 414 414 415 416 386 387 387 388 389 389 390 390 391 391 392 392 393 393 394 394
342 342 343 345 346 348 349 351 352 354 355 356 358 359 360 361 363 364 365 366 367 369 370 371 372 373 374 375 376 377 378 379 380 381 382 383 384 385 386 386 387 388 389 390 391 392 392 393 394 395 396 396 397 398 399 399 400 401 401 402 403 404 404 405 406 406 407 408 408 409 410 410 411 412 413 414 414 415 386 386 387 387 388 388 389 389 390 390 391 392 392 393 393 394
342 342 342 343 344 346 348 349 351 352 353 355 356 358 359 360 361 363 364 365 366 367 368 370 371 372 373 374 375 376 377 378 379 380 381 382 383 384 385 385 386 387 388 389 390 391 391 392 393 394 395 395 396 397 398 398 399 400 401 401 402 403 403 404 405 405 406 407 407 408 409 409 410 412 412 413 413 414 415 385 386 386 387 387 388 389 389 390 390 391 391 392 392 393
342 342 342 342 343 344 346 348 349 351 352 353 355 356 357 359 360 361 363 364 365 366 367 368 369 371 372 373 374 375 376 377 378 379 380 381 382 383 383 384 385 386 387 388 389 390 390 391 392 393 394 394 395 396 397 397 398 399 400 400 401 402 402 403 404 404 405 406 406 407 408 408 409 410 411 412 413 413 414 385 385 385 386 387 387 388 388 389 389 390 390 391 392 392
342 342 342 342 342 343 344 346 347 349 350 352 353 355 356 357 359 360 361 362 364 365 366 367 368 369 370 371 373 374 375 376 377 378 379 380 380 381 382 383 384 385 386 387 388 388 389 390 391 392 393 393 394 395 396 396 397 398 399 399 400 401 402 402 403 404 404 405 406 406 407 408 408 409 410 411 412 412 413 413 384 385 385 386 386 387 387 388 389 389 390 390 391 391
342 342 342 342 342 342 343 344 346 347 349 350 352 353 355 356 357 358 360 361 362 363 365 366 367 368 369 370 371 372 373 374 375 376 377 378 379 380 381 382 383 384 385 386 387 387 388 389 390 391 392 392 393 394 395 395 396 397 398 398 399 400 401 401 402 403 403 404 405 405 406 407 407 408 409 410 411 411 412 413 384 384 384 385 386 386 387 387 388 388 389 389 390 390
342 342 342 342 342 342 342 342 344 346 347 349 350 352 353 354 356 357 358 360 361 362 363 364 366 367 368 369 370 371 372 373 374 375 376 377 378 379 380 381 382 383 384 385 386 386 387 388 389 390 391 391 392 393 394 394 395 396 397 397 398 399 400 400 401 402 402 403 404 404 405 406 406 407 408 409 410 410 411 412 412 383 383 384 385 385 386 386 387 387 388 389 389 390
342 342 342 342 342 342 342 342 342 344 345 347 349 350 351 353 354 356 357 358 359 361 362 363 364 365 367 368 369 370 371 372 373 374 375 376 377 378 379 380 381 382 383 384 384 385 386 387 388 389 389 390 391 392 393 393 394 395 396 396 397 398 399 399 400 401 401 402 403 403 404 405 405 406 407 407 409 410 410 411 411 383 383 383 384 384 385 385 386 387 387 388 388 389
342 342 342 342 342 342 342 342 342 342 344 345 347 348 350 351 353 354 355 357 358 359 360 362 363 364 365 366 367 369 370 371 372 373 374 375 376 377 378 379 380 381 382 382 383 384 385 386 387 388 388 389 390 391 392 392 393 394 395 395 396 397 398 398 399 400 400 401 402 403 403 404 405 405 406 406 408 409 409 410 411 411 382 382 383 383 384 385 385 386 386 387 387 388
342 342 342 342 342 342 342 342 342 342 342 344 345 347 348 350 351 352 354 355 356 358 359 360 362 363 364 365 366 367 368 369 371 372 373 374 375 376 377 378 378 379 380 381 382 383 384 385 386 387 387 388 389 390 391 391 392 393 394 394 395 396 397 397 398 399 400 400 401 402 402 403 404 404 405 406 406 408 408 409 410 410 381 381 382 383 383 384 384 385 385 386 386 387
342 342 342 342 342 342 342 342 342 342 342 342 343 345 346 348 349 351 352 354 355 356 358 359 360 361 362 364 365 366 367 368 369 370 371 372 373 374 375 376 377 378 379 380 381 382 383 384 385 385 386 387 388 389 390 390 391 392 393 393 394 395 396 396 397 398 399 399 400 401 401 402 403 403 404 405 405 407 407 408 409 409 410 381 381 382 382 383 383 384 385 385 386 386
342 342 342 342 342 342 342 342 342 342 342 342 342 343 345 346 348 349 351 352 353 355 356 357 359 360 361 362 363 365 366 367 368 369 370 371 372 373 374 375 376 377 378 379 380 381 382 383 383 384 385 386 387 388 388 389 390 391 392 392 393 394 395 395 396 397 398 398 399 400 400 401 402 402 403 404 404 405 407 407 408 408 409 380 380 381 381 382 382 383 384 384 385 385
342 342 342 342 342 342 342 342 342 342 342 342 342 342 343 344 346 348 349 350 352 353 355 356 357 358 360 361 362 363 364 365 367 368 369 370 371 372 373 374 375 376 377 378 379 380 380 381 382 383 384 385 386 387 387 388 389 390 391 391 392 393 394 394 395 396 396 397 398 399 399 400 401 401 402 403 403 404 406 406 407 407 408 409 379 380 380 381 382 382 383 383 384 384
342 342 342 342 342 342 342 342 342 342 342 342 342 342 342 343 344 346 347 349 350 352 353 354 356 357 358 359 361 362 363 364 365 366 367 368 370 371 372 373 374 375 376 376 377 378 379 380 381 382 383 384 385 385 386 387 388 389 389 390 391 392 393 393 394 395 395 396 397 398 398 399 400 400 401 402 402 403 404 405 406 406 407 408 379 379 379 380 381 381 382 382 383 383
342 342 342 342 342 342 342 342 342 342 342 342 342 342 342 342 342 344 345 347 348 350 351 353 354 355 357 358 359 360 361 363 364 365 366 367 368 369 370 371 372 373 374 375 376 377 378 379 380 381 382 383 383 384 385 386 387 388 388 389 390 391 391 392 393 394 394 395 396 397 397 398 399 399 400 401 401 402 403 404 405 406 406 407 407 378 379 379 380 380 381 381 382 383
342 342 342 342 342 342 342 342 342 342 342 342 342 342 342 342 342 342 344 345 347 348 350 351 352 354 355 356 358 359 360 361 362 363 365 366 367 368 369 370 371 372 373 374 375 376 377 378 379 380 380 381 382 383 384 385 386 386 387 388 389 390 390 391 392 393 393 394 395 396 396 397 398 398 399 400 400 401 402 402 404 405 405 406 406 378 378 378 379 379 380 381 381 382
342 342 342 342 342 342 342 342 342 342 342 342 342 342 342 342 342 342 342 343 345 346 348 349 351 352 353 355 356 357 358 360 361 362 363 364 365 366 368 369 370 371 372 373 374 375 376 376 377 378 379 380 381 382 383 384 384 385 386 387 388 388 389 390 391 392 392 393 394 394 395 396 397 397 398 399 399 400 401 401 403 404 404 405 405 406 377 377 378 378 379 380 380 381
342 342 342 342 342 342 342 342 342 342 342 342 342 342 342 342 342 342 342 342 343 345 346 348 349 350 352 353 354 356 357 358 359 361 362 363 364 365 366 367 368 369 370 371 372 373 374 375 376 377 378 379 380 381 382 382 383 384 385 386 387 387 388 389 390 390 391 392 393 393 394 395 396 396 397 398 398 399 400 400 401 403 403 404 404 405 376 376 377 377 378 379 379 380
276 342 342 342 342 342 342 342 342 342 342 342 342 342 342 342 342 342 342 342 342 343 344 346 347 349 350 351 353 354 355 357 358 359 360 361 362 364 365 366 367 368 369 370 371 372 373 374 375 376 377 378 379 379 380 381 382 383 384 385 385 386 387 388 389 389 390 391 392 392 393 394 394 395 396 397 397 398 399 399 400 400 402 403 403 404 405 375 376 376 377 378 378 379
276 276 342 342 342 342 342 342 342 342 342 342 342 342 342 342 342 342 342 342 342 342 342 344 345 347 348 350 351 352 354 355 356 357 359 360 361 362 363 364 365 367 368 369 370 371 372 373 374 375 375 376 377 378 379 380 381 382 383 383 384 385 386 387 387 388 389 390 390 391 392 393 393 394 395 395 396 397 397 398 399 399 401 402 402 403 404 375 375 375 376 377 377 378
276 276 276 342 342 342 342 342 342 342 342 342 342 342 342 342 342 342 342 342 342 342 342 342 343 345 346 348 349 351 352 353 355 356 357 358 359 361 362 363 364 365 366 367 368 369 370 371 372 373 374 375 376 377 378 379 380 380 381 382 383 384 385 385 386 387 388 389 389 390 391 391 392 393 394 394 395 396 396 397 398 398 399 401 401 402 403 403 374 374 375 376 376 377
276 276 276 276 342 342 342 342 342 342 342 342 342 342 342 342 342 342 342 342 342 342 342 342 342 343 345 346 347 349 350 352 353 354 355 357 358 359 360 361 362 364 365 366 367 368 369 370 371 372 373 374 375 376 377 377 378 379 380 381 382 383 383 384 385 386 387 387 388 389 390 390 391 392 393 393 394 395 395 396 397 397 398 400 400 401 402 402 373 373 374 375 375 376
276 276 276 276 276 342 342 342 342 342 342 342 342 342 342 342 342 342 342 342 342 342 342 342 342 342 343 344 346 347 348 350 351 352 354 355 356 357 359 360 361 362 363 364 365 366 367 368 369 370 371 372 373 374 375 376 377 378 379 380 380 381 382 383 384 385 385 386 387 388 388 389 390 391 391 392 393 394 394 395 396 396 397 398 399 400 400 401 402 372 373 374 374 375
276 276 276 276 276 276 276 342 342 342 342 342 342 342 342 342 342 342 342 342 342 342 342 342 342 342 342 342 344 345 347 348 349 351 352 353 355 356 357 358 359 361 362 363 364 365 366 367 368 369 370 371 372 373 374 375 376 377 377 378 379 380 381 382 383 383 384 385 386 387 387 388 389 390 390 391 392 392 393 394 394 395 396 396 398 399 399 400 401 372 372 373 373 374
276 276 276 276 276 276 276 276 342 342 342 342 342 342 342 342 342 342 342 342 342 342 342 342 342 342 342 342 342 343 345 346 348 349 350 352 353 354 355 357 358 359 360 361 362 363 364 366 367 368 369 370 371 372 372 373 374 375 376 377 378 379 380 380 381 382 383 384 385 385 386 387 388 388 389 390 391 391 392 393 393 394 395 395 396 398 398 399 400 400 371 371 372 373
276 276 276 276 276 276 276 276 276 342 342 342 342 342 342 342 342 342 342 342 342 342 342 342 342 342 342 342 342 342 343 344 346 347 348 350 351 352 354 355 356 357 358 360 361 362 363 364 365 366 367 368 369 370 371 372 373 374 375 376 377 377 378 379 380 381 382 382 383 384 385 386 386 387 388 389 389 390 391 391 392 393 394 394 395 397 397 398 398 399 370 370 371 372
276 276 276 276 276 276 276 276 276 276 342 342 342 342 342 342 342 342 342 342 342 342 342 342 342 342 342 342 342 342 342 342 344 345 347 348 349 351 352 353 354 356 357 358 359 360 361 363 364 365 366 367 368 369 370 371 372 373 373 374 375 376 377 378 379 380 380 381 382 383 384 384 385 386 387 387 388 389 390 390 391 392 392 393 394 394 396 397 397 398 369 369 370 370
276 276 276 276 276 276 276 276 276 276 276 276 342 342 342 342 342 342 342 342 342 342 342 342 342 342 342 342 342 342 342 342 342 343 345 346 347 349 350 351 353 354 355 356 358 359 360 361 362 363 364 365 366 367 368 369 370 371 372 373 374 375 376 377 377 378 379 380 381 382 382 383 384 385 385 386 387 388 388 389 390 391 391 392 393 393 395 396 396 397 398 368 369 369
276 276 276 276 276 276 276 276 276 276 276 276 276 342 342 342 342 342 342 342 342 342 342 342 342 342 342 342 342 342 342 342 342 342 343 344 346 347 348 350 351 352 353 355 356 357 358 359 360 362 363 364 365 366 367 368 369 370 371 372 372 373 374 375 376 377 378 379 379 380 381 382 383 383 384 385 386 386 387 388 389 389 390 391 391 392 393 394 395 396 396 368 368 368
276 276 276 276 276 276 276 276 276 276 276 276 276 276 342 342 342 342 342 342 342 342 342 342 342 342 342 342 342 342 342 342 342 342 342 342 344 345 346 348 349 350 352 353 354 355 356 358 359 360 361 362 363 364 365 366 367 368 369 370 371 372 373 374 375 376 376 377 378 379 380 381 381 382 383 384 384 385 386 387 387 388 389 390 390 391 392 392 394 395 395 396 367 367
276 276 276 276 276 276 276 276 276 276 276 276 276 276 276 342 342 342 342 342 342 342 342 342 342 342 342 342 342 342 342 342 342 342 342 342 342 343 344 346 347 348 350 351 352 354 355 356 357 358 359 360 362 363 364 365 366 367 368 369 370 371 371 372 373 374 375 376 377 378 378 379 380 381 382 382 383 384 385 385 386 387 388 388 389 390 390 391 393 393 394 395 366 366
