testData/tiles/oneDegreeCosts/grid10.0-41.0-11.0-42.0.asc
ncols   200
nrows   200
xllcorner   10.0
yllcorner   41.0
cellsize   0.005
NODATA_value   -9999.0
[rows 126 to 167 of 200, columns 94 to 187 of 200]
502 501 500 499 499 499 498 498 497 497 496 495 496 495 495 494 492 492 491 491 491 491 491 492 492 492 492 492 491 491 491 491 491 491 491 491 491 491 490 489 489 489 489 489 489 489 488 488 488 489 490 490 491 492 493 493 494 495 495 496 496 497 497 498 498 499 499 500 500 501 501 501 502 502 502 502 502 503 503 503 503 503 503 503 503 503 503 503 502 502 502 502 502 501
502 502 501 500 500 499 499 499 499 498 497 496 495 495 495 494 494 493 492 492 492 492 492 492 492 492 492 492 492 492 492 492 492 492 492 492 491 490 490 490 490 490 490 490 490 490 490 489 489 490 491 492 492 493 494 494 495 496 496 497 498 498 499 499 500 500 501 501 501 502 502 503 503 503 503 504 504 504 504 504 504 504 504 504 504 504 504 504 504 504 503 503 503 503
503 502 501 502 501 501 500 498 498 498 498 497 496 496 495 495 494 494 494 493 493 492 492 492 492 492 492 492 492 492 493 493 493 492 492 492 491 491 491 491 491 491 491 491 491 490 490 489 490 491 492 493 493 494 495 496 496 497 498 498 499 499 500 500 501 501 502 502 503 503 504 504 504 504 505 505 505 505 505 506 506 506 506 506 506 506 505 505 505 505 505 504 504 504
504 502 502 501 501 501 500 500 499 499 498 498 498 497 496 496 494 494 493 493 493 493 493 493 493 493 493 493 493 492 492 492 492 492 492 492 492 492 492 492 492 492 491 491 491 491 491 490 491 492 493 494 494 495 496 497 497 498 499 499 500 501 501 502 502 503 503 504 504 504 505 505 505 506 506 506 506 507 507 507 507 507 507 507 507 507 507 507 506 506 506 506 505 505
504 504 503 502 502 501 501 501 500 500 499 498 497 497 497 496 495 496 495 495 494 495 495 495 495 494 494 494 494 494 494 494 494 494 493 493 493 493 492 492 492 492 492 492 492 492 492 492 492 493 494 495 496 496 497 498 499 499 500 501 501 502 502 503 503 504 504 505 505 506 506 506 507 507 507 508 508 508 508 508 508 508 508 508 508 508 508 508 508 508 507 507 507 506
505 504 503 504 503 502 501 500 500 500 499 499 499 499 498 498 498 497 496 496 495 495 495 495 495 495 495 495 495 495 495 495 495 495 494 494 494 494 494 493 493 493 493 493 493 493 493 493 493 494 495 496 497 497 498 499 500 500 501 502 502 503 504 504 505 505 506 506 507 507 507 508 508 508 509 509 509 509 509 510 510 510 510 510 510 510 509 509 509 509 509 508 508 508
505 504 504 503 503 503 502 502 502 501 501 501 500 500 499 499 497 497 497 496 495 495 495 495 495 496 496 496 496 496 495 495 495 495 495 495 495 495 495 495 495 495 495 493 493 493 493 494 494 495 496 497 498 499 499 500 501 502 502 503 504 504 505 505 506 506 507 507 508 508 509 509 509 510 510 510 510 511 511 511 511 511 511 511 511 511 511 511 510 510 510 510 509 509
505 505 505 504 504 503 503 504 503 503 501 500 500 500 499 499 498 498 497 498 498 497 497 497 497 497 496 497 497 497 497 497 496 496 496 496 496 496 496 495 495 495 495 495 495 494 494 495 496 496 497 498 499 500 500 501 502 503 503 504 505 505 506 507 507 508 508 509 509 510 510 510 511 511 511 512 512 512 512 512 512 512 512 512 512 512 512 512 512 512 511 511 511 510
506 506 505 505 505 504 504 503 503 503 502 502 501 500 502 501 500 500 499 498 498 497 497 497 497 497 497 497 497 498 498 498 498 498 498 497 497 496 496 496 496 496 496 496 496 496 496 497 497 497 498 499 500 501 502 502 503 504 505 505 506 507 507 508 508 509 510 510 510 511 511 512 512 512 513 513 513 513 513 514 514 514 514 514 514 514 513 513 513 513 513 512 512 512
506 507 506 506 505 505 505 504 504 503 503 504 503 503 501 501 501 500 499 499 498 497 497 498 498 498 498 498 498 498 498 498 498 498 498 498 498 498 498 498 498 497 497 497 496 496 497 498 499 499 499 500 501 502 503 503 504 505 506 506 507 508 508 509 510 510 511 511 512 512 513 513 513 514 514 514 514 515 515 515 515 515 515 515 515 515 515 515 514 514 514 514 513 513
508 507 507 507 506 506 505 505 505 504 504 503 503 503 502 501 501 500 501 500 499 499 499 499 499 499 499 499 499 498 498 498 498 498 499 499 499 499 499 499 498 498 498 498 497 497 498 499 500 500 501 502 502 503 504 505 505 506 507 508 508 509 510 510 511 511 512 513 513 513 514 514 515 515 515 516 516 516 516 516 516 516 516 516 516 516 516 516 516 516 515 515 515 514
508 508 507 506 506 507 506 506 505 504 505 504 504 503 502 504 503 502 502 500 500 500 499 499 499 499 499 500 500 500 500 500 500 500 500 499 499 499 499 499 499 499 499 499 499 499 499 500 501 501 502 503 504 505 505 506 506 507 508 509 509 510 511 511 512 513 513 514 514 515 515 516 516 516 517 517 517 517 518 518 518 518 518 518 518 518 518 517 517 517 517 516 516 516
508 508 508 509 508 507 507 507 506 506 505 504 505 504 503 503 503 503 502 501 501 500 500 500 500 500 500 500 500 501 500 500 500 500 500 500 500 500 500 501 500 500 500 500 500 500 501 502 503 502 503 504 505 506 507 507 508 508 509 510 511 511 512 513 513 514 514 515 516 516 516 517 517 518 518 518 518 519 519 519 519 519 519 519 519 519 519 519 518 518 518 518 517 517
509 509 508 508 507 507 507 507 507 507 506 506 505 504 505 504 503 503 503 502 502 501 500 500 500 500 500 500 500 500 500 501 501 501 501 501 501 501 501 501 500 500 501 500 500 501 502 503 503 504 505 505 506 507 508 509 510 509 510 511 512 512 513 514 514 515 516 516 517 517 518 518 519 519 519 520 520 520 520 520 520 521 521 521 520 520 520 520 520 520 519 519 519 518
510 509 509 509 508 508 508 508 508 507 506 507 506 505 505 504 504 504 503 503 503 502 502 501 501 501 502 502 502 502 502 502 503 503 501 501 501 501 501 501 501 501 501 501 501 501 502 503 504 505 506 507 507 508 509 510 511 512 511 512 513 514 514 515 516 516 517 517 518 519 519 519 520 520 521 521 521 521 522 522 522 522 522 522 522 522 522 521 521 521 521 520 520 519
510 510 510 509 509 509 508 508 507 507 507 506 506 507 506 505 505 505 504 504 503 502 503 502 502 502 502 502 502 502 502 502 502 502 503 503 503 503 502 502 502 502 502 502 502 503 504 504 505 506 507 508 509 510 510 511 512 513 513 514 514 515 515 516 517 518 518 519 519 520 520 521 521 522 522 522 522 523 523 523 523 523 523 523 523 523 523 523 522 522 522 522 521 521
510 510 510 510 510 509 509 509 508 507 509 508 507 507 506 506 506 505 504 504 503 503 502 502 502 502 502 502 502 502 503 503 503 503 503 503 504 504 504 503 503 502 502 502 503 504 505 506 507 507 508 509 510 511 512 512 513 514 514 515 516 516 517 517 518 519 519 520 521 521 522 522 522 523 523 524 524 524 524 524 524 525 525 525 524 524 524 524 524 524 523 523 522 522
511 512 511 510 511 510 509 509 509 509 508 508 508 507 506 506 505 505 505 505 504 505 504 503 503 503 504 504 504 504 504 505 503 503 503 503 503 503 503 504 504 504 504 504 504 505 506 507 508 509 510 510 511 512 513 514 515 515 516 516 517 518 518 518 519 520 521 521 522 522 523 523 524 524 525 525 525 525 526 526 526 526 526 526 526 526 526 525 525 525 525 524 524 523
512 511 511 511 510 510 511 510 509 509 509 508 508 507 508 508 507 506 507 506 505 505 504 503 503 503 503 503 504 504 504 504 504 505 505 505 505 504 504 504 504 505 505 505 506 507 507 508 509 510 511 512 513 513 514 515 516 517 517 517 518 519 520 520 520 521 522 522 523 524 524 525 525 525 526 526 526 527 527 527 527 527 527 527 527 527 527 527 526 526 526 525 525 525
512 512 511 512 511 511 511 510 510 510 509 509 509 508 508 507 507 507 506 506 506 505 504 504 503 504 504 504 504 504 505 505 505 505 505 506 505 505 505 505 504 504 504 506 507 508 509 510 510 511 512 513 514 515 515 516 517 518 519 519 519 520 521 522 521 522 523 524 524 525 525 526 526 527 527 527 528 528 528 528 529 529 529 529 529 528 528 528 528 527 527 527 526 526
512 512 512 512 511 511 510 510 511 510 510 510 509 508 509 508 507 507 507 506 506 506 506 506 505 505 505 506 505 505 505 505 505 505 505 505 505 506 506 506 506 506 506 506 507 509 510 511 512 513 513 514 515 516 517 517 518 519 520 521 520 521 522 523 524 523 524 525 525 526 527 527 528 528 528 529 529 529 530 530 530 530 530 530 530 530 530 529 529 529 528 528 528 527
513 512 513 512 511 512 512 511 511 511 510 510 510 509 508 508 508 508 507 506 507 506 505 505 505 505 505 505 505 506 506 506 506 507 507 506 506 506 506 507 507 506 507 508 509 509 510 512 513 514 515 515 516 517 518 519 520 520 521 522 522 523 523 524 525 525 525 526 527 527 528 528 529 529 530 530 530 531 531 531 531 531 531 531 531 531 531 531 530 530 530 529 529 528
513 512 512 512 512 512 511 511 511 510 510 510 510 509 510 509 508 508 508 507 507 506 506 506 505 505 506 506 506 506 506 507 506 506 506 507 507 507 507 507 507 507 508 509 510 511 512 512 513 515 516 517 518 518 519 520 521 522 522 523 523 524 525 525 526 527 527 527 528 528 529 530 530 531 531 531 532 532 532 532 533 533 533 533 533 532 532 532 532 531 531 531 530 530
513 513 513 513 513 512 512 512 511 511 512 511 510 511 510 509 510 509 507 507 507 506 506 506 506 506 506 506 506 506 506 506 507 507 507 507 507 508 508 508 508 507 508 510 511 512 513 514 514 515 516 517 519 520 520 521 522 523 524 524 524 525 526 527 527 528 529 529 529 530 530 531 531 532 532 533 533 533 534 534 534 534 534 534 534 534 534 533 533 533 532 532 531 531
513 514 513 513 513 512 512 512 512 511 511 511 510 510 509 509 509 509 509 509 508 507 508 507 506 506 507 507 507 507 508 508 508 508 508 508 507 507 507 508 508 509 510 510 511 513 514 515 516 517 517 518 519 520 522 522 523 524 525 526 525 526 527 528 528 529 530 530 531 531 531 532 533 533 534 534 534 535 535 535 535 535 535 535 535 535 535 535 534 534 534 533 533 532
514 514 513 513 513 512 513 513 512 511 512 511 510 511 511 510 510 510 509 509 509 507 507 506 506 506 506 506 507 507 507 507 508 508 508 508 509 508 508 508 508 510 511 512 513 513 514 516 517 518 519 519 520 521 522 523 523 524 525 526 527 527 528 529 530 530 531 531 532 533 533 533 534 534 535 535 536 536 536 536 537 537 537 537 537 536 536 536 536 535 535 534 534 533
513 513 513 513 513 513 512 512 511 511 511 511 511 511 510 510 510 509 509 509 508 507 508 507 506 506 507 507 507 507 508 508 508 508 509 509 509 509 510 510 509 510 511 513 514 515 516 516 517 519 520 521 521 522 523 524 525 525 526 527 528 529 529 530 531 532 532 533 533 534 534 534 535 536 536 537 537 537 538 538 538 538 538 538 538 538 538 537 537 537 536 536 535 534
514 514 513 513 514 513 512 513 512 512 512 512 511 511 511 510 510 510 509 510 509 509 509 508 508 507 507 507 508 508 508 508 508 508 508 508 509 509 509 509 511 512 512 513 514 516 517 518 518 519 520 522 523 524 524 525 526 527 527 528 529 530 531 531 532 533 534 534 534 535 536 536 536 537 537 538 538 539 539 539 539 539 539 539 539 539 539 539 538 538 537 537 536 536
514 514 513 514 513 513 513 513 512 512 512 511 511 511 510 510 511 510 509 510 509 508 508 508 507 507 508 508 508 508 509 509 509 509 510 510 509 509 510 510 511 512 514 515 515 516 517 519 520 521 521 522 523 525 526 526 527 528 529 529 530 531 532 533 533 534 535 536 536 536 537 538 537 538 539 539 540 540 540 540 541 541 541 541 541 540 540 540 540 539 539 538 537 537
514 513 513 514 513 513 514 513 513 513 512 511 512 512 511 511 511 510 510 510 509 509 509 508 507 508 508 508 508 508 508 508 509 509 509 509 510 510 510 510 512 513 514 515 517 517 518 519 520 522 523 523 524 525 526 528 528 529 530 531 531 532 533 534 534 535 536 537 537 537 538 539 539 539 540 540 541 541 542 542 542 542 542 542 542 542 542 541 541 540 540 539 539 538
514 514 513 513 514 513 513 513 512 512 512 512 512 511 511 510 510 510 510 510 510 509 509 508 508 508 508 509 509 509 510 509 509 509 510 510 510 510 511 512 513 513 515 516 517 518 520 520 521 522 524 525 525 526 527 528 529 530 531 532 533 533 534 535 536 536 537 538 539 539 539 540 541 540 541 542 542 543 543 543 543 543 544 543 543 543 543 543 542 542 541 540 540 539
514 513 513 514 513 512 512 513 512 513 513 512 511 512 511 510 512 511 510 511 510 509 510 509 508 508 509 509 509 510 510 510 510 510 510 510 510 510 511 512 514 515 515 517 518 519 520 521 522 523 524 525 527 527 528 529 530 531 532 533 534 535 535 536 537 538 538 539 540 541 540 541 542 543 542 543 543 544 544 544 545 545 545 545 545 544 544 544 543 543 542 542 541 540
514 513 513 514 513 512 513 513 512 512 512 511 511 511 511 511 511 510 510 510 509 509 509 508 508 508 508 508 509 509 509 510 510 510 511 511 511 510 512 513 514 515 517 518 518 520 521 522 523 523 525 526 527 528 529 530 531 532 532 533 534 536 537 537 538 539 540 540 541 542 542 542 543 544 544 544 545 545 546 546 546 546 546 546 546 546 546 545 545 544 544 543 542 541
513 513 513 512 512 512 512 512 512 512 512 512 512 512 512 511 511 511 510 510 510 509 510 510 509 509 509 510 510 509 510 510 510 511 511 511 511 512 513 513 515 516 517 518 520 520 521 523 524 525 525 527 528 529 530 530 532 533 534 534 535 536 537 538 539 540 541 541 542 543 544 543 544 545 546 545 546 546 547 547 547 548 548 548 547 547 547 546 546 545 545 544 543 542
513 514 513 512 514 513 512 513 512 512 513 512 511 512 511 511 511 510 510 511 510 509 509 509 509 509 509 509 509 510 510 510 511 511 511 511 511 512 513 515 516 516 518 519 520 521 523 523 524 526 527 527 528 530 531 532 532 533 535 536 536 537 538 539 539 541 542 543 543 544 545 545 545 546 547 547 547 548 548 548 549 549 549 549 549 548 548 548 547 547 546 545 544 543
512 513 512 512 513 512 512 512 512 512 512 511 511 511 511 511 512 511 510 511 510 509 510 509 509 509 509 509 510 510 510 511 511 511 512 512 511 513 514 515 516 518 519 519 521 522 523 524 525 526 527 529 529 530 531 533 534 534 535 536 538 538 539 540 541 541 542 544 544 545 546 546 546 547 548 549 548 549 549 550 550 550 550 550 550 550 549 549 548 548 547 546 545 544
512 512 513 513 513 512 512 513 512 512 512 511 511 512 511 511 511 510 510 510 509 509 509 509 509 509 509 509 509 509 510 510 510 511 511 511 513 514 514 515 517 518 519 521 521 522 524 525 526 526 528 529 530 531 532 533 534 535 536 537 538 538 540 541 542 542 543 544 545 545 546 547 548 548 549 550 550 550 551 551 551 552 552 552 551 551 551 550 550 549 548 547 546 545
512 513 512 512 512 512 512 512 512 511 511 512 511 511 511 510 510 510 510 510 511 510 510 510 509 509 510 510 510 511 511 511 511 511 511 512 513 514 515 517 517 518 520 521 522 523 524 525 527 528 528 529 531 532 532 534 535 536 536 538 539 540 540 541 543 544 544 545 546 546 547 548 549 549 550 551 552 551 552 552 553 553 553 553 553 552 552 551 551 550 549 548 547 546
512 511 512 511 511 512 512 511 512 511 511 512 511 511 511 510 510 511 510 509 510 509 509 509 509 509 509 509 509 510 510 510 511 511 511 512 513 514 516 517 518 519 520 521 523 524 524 526 527 528 530 530 531 532 534 534 535 537 538 538 539 541 542 542 543 544 545 546 547 548 548 549 550 550 551 552 553 553 553 554 554 554 554 554 554 554 553 553 552 551 550 549 548 525
512 511 512 511 511 512 511 511 511 511 511 511 511 511 511 510 510 510 509 509 509 509 509 509 509 509 509 509 510 510 510 511 511 511 512 513 514 515 516 517 519 520 520 522 523 524 526 526 527 529 530 530 532 533 534 534 536 537 538 539 540 541 542 543 544 545 546 547 548 549 549 550 551 552 552 553 554 554 554 555 555 556 556 556 555 555 554 554 553 552 551 550 549 525
511 511 511 511 511 511 511 511 511 510 511 511 511 511 511 510 510 510 509 509 509 509 509 509 509 509 509 510 510 510 510 510 510 511 512 513 515 516 516 518 519 520 522 523 523 525 526 527 528 529 530 532 532 533 534 536 536 537 539 540 540 542 543 544 544 546 547 547 548 550 551 551 552 553 553 554 555 556 556 556 557 557 557 557 557 556 556 555 554 553 552 551 525 525
510 510 511 511 511 510 511 511 510 510 510 511 511 510 510 510 509 509 510 509 509 509 508 508 508 508 508 509 509 510 511 511 511 511 512 513 515 516 517 519 519 520 522 523 524 525 526 527 529 529 530 532 533 533 535 536 537 538 539 540 541 542 543 545 545 546 547 549 549 550 551 552 553 554 555 555 556 557 557 557 558 558 558 558 558 557 557 556 555 554 553 552 525 525
