testData/tiles/oneDegreeCosts/grid44.0-22.0-45.0-23.0.asc
ncols   200
nrows   200
xllcorner   44.0
yllcorner   22.0
cellsize   0.005
NODATA_value   -9999.0
[rows 42 to 83 of 200, columns 0 to 93 of 200]
418 419 419 419 419 419 420 420 420 420 420 420 421 421 421 421 421 421 422 422 422 422 422 422 422 422 423 423 320 320 320 320 320 320 320 320 320 320 320 320 320 320 320 320 320 320 320 320 320 336 336 336 336 336 336 336 336 336 336 336 336 336 336 336 337 337 337 337 337 337 337 337 337 337 337 337 337 337 337 337 337 337 337 337 337 337 337 338 338 338 339 340 340 341
419 419 420 420 420 420 420 420 421 421 421 421 421 421 422 422 422 422 422 422 422 422 423 423 423 423 423 320 320 320 320 320 320 320 320 320 320 320 320 320 320 320 320 320 320 320 320 320 320 336 336 336 336 336 336 336 337 337 337 337 337 337 337 337 337 337 337 337 337 337 337 337 337 337 337 337 337 337 338 338 338 338 338 338 338 338 338 339 339 339 340 340 340 340
420 420 420 420 421 421 421 421 421 421 422 422 422 422 422 422 422 422 423 423 423 423 423 423 423 423 424 320 320 320 320 320 320 320 320 320 320 320 320 320 320 320 320 320 320 320 320 320 320 320 337 337 337 337 337 337 337 337 337 337 337 337 337 337 337 337 337 337 338 338 338 338 338 338 338 338 338 338 338 338 338 338 338 338 338 338 338 339 339 339 339 340 340 340
420 421 421 421 421 421 421 422 422 422 422 422 422 422 423 423 423 423 423 423 423 423 424 424 424 424 424 320 320 320 320 320 320 320 320 320 320 320 320 320 320 320 320 320 320 320 320 320 320 320 337 337 337 337 337 337 337 337 337 337 337 338 338 338 338 338 338 338 338 338 338 338 338 338 338 338 338 338 338 338 338 338 338 338 338 338 338 339 340 340 340 341 341 341
421 421 421 422 422 422 422 422 422 422 423 423 423 423 423 423 423 423 424 424 424 424 424 424 424 424 424 320 320 320 320 320 320 320 320 320 320 320 320 320 320 320 320 320 320 320 320 320 320 320 337 337 337 337 338 338 338 338 338 338 338 338 338 338 338 338 338 338 338 338 338 338 338 338 338 338 339 339 339 339 339 339 339 339 339 339 339 339 340 340 340 341 341 341
422 422 422 422 422 422 423 423 423 423 423 423 423 423 424 424 424 424 424 424 424 424 424 425 425 425 320 320 320 320 320 320 320 320 320 320 320 320 320 320 320 320 320 320 320 320 320 320 320 320 338 338 338 338 338 338 338 338 338 338 338 338 338 338 338 338 338 339 339 339 339 339 339 339 339 339 339 339 339 339 339 339 339 339 339 339 339 339 340 340 340 341 341 341
422 422 422 423 423 423 423 423 423 423 424 424 424 424 424 424 424 424 424 425 425 425 425 425 425 425 320 320 320 320 320 320 320 320 320 320 320 320 320 320 320 320 320 320 320 320 320 320 320 320 338 338 338 338 338 338 338 338 338 339 339 339 339 339 339 339 339 339 339 339 339 339 339 339 339 339 339 339 339 339 339 339 339 339 339 339 339 340 341 341 341 341 342 342
423 423 423 423 423 423 423 424 424 424 424 424 424 424 424 425 425 425 425 425 425 425 425 425 425 426 320 320 320 320 320 320 320 320 320 320 320 320 320 320 320 320 320 320 320 320 320 320 320 320 320 338 338 339 339 339 339 339 339 339 339 339 339 339 339 339 339 339 339 339 339 339 339 339 339 340 340 340 340 340 340 340 340 340 340 340 340 340 340 341 341 341 342 342
423 423 423 424 424 424 424 424 424 424 424 425 425 425 425 425 425 425 425 425 425 426 426 426 426 320 320 320 320 320 320 320 320 320 320 320 320 320 320 320 320 320 320 320 320 320 320 320 320 320 320 339 339 339 339 339 339 339 339 339 339 339 339 339 339 339 339 340 340 340 340 340 340 340 340 340 340 340 340 340 340 340 340 340 340 340 340 340 340 341 341 341 342 342
424 424 424 424 424 424 424 424 425 425 425 425 425 425 425 425 425 426 426 426 426 426 426 426 426 320 320 320 320 320 320 320 320 320 320 320 320 320 320 320 320 320 320 320 320 320 320 320 320 320 320 339 339 339 339 339 339 339 339 340 340 340 340 340 340 340 340 340 340 340 340 340 340 340 340 340 340 340 340 340 340 340 340 340 340 340 340 340 340 341 342 342 342 343
424 424 424 424 425 425 425 425 425 425 425 425 425 426 426 426 426 426 426 426 426 426 426 426 427 320 320 320 320 320 320 320 320 320 320 320 320 320 320 320 320 320 320 320 320 320 320 320 320 320 320 339 339 340 340 340 340 340 340 340 340 340 340 340 340 340 340 340 340 340 340 340 340 340 340 340 340 341 341 341 341 341 341 341 341 341 341 341 341 342 342 342 342 343
424 425 425 425 425 425 425 425 425 426 426 426 426 426 426 426 426 426 426 427 427 427 427 427 320 320 320 320 320 320 320 320 320 320 320 320 320 320 320 320 320 320 320 320 320 320 320 320 320 320 320 340 340 340 340 340 340 340 340 340 340 340 340 340 340 340 340 340 341 341 341 341 341 341 341 341 341 341 341 341 341 341 341 341 341 341 341 341 341 341 342 342 342 343
425 425 425 425 425 425 426 426 426 426 426 426 426 426 426 426 427 427 427 427 427 427 427 427 320 320 320 320 320 320 320 320 320 320 320 320 320 320 320 320 320 320 320 320 320 320 320 320 320 320 320 320 340 340 340 340 340 340 340 340 340 341 341 341 341 341 341 341 341 341 341 341 341 341 341 341 341 341 341 341 341 341 341 341 341 341 341 341 341 341 342 342 342 343
425 425 426 426 426 426 426 426 426 426 426 426 427 427 427 427 427 427 427 427 427 427 427 428 320 320 320 320 320 320 320 320 320 320 320 320 320 320 320 320 320 320 320 320 320 320 320 320 320 320 320 320 340 340 341 341 341 341 341 341 341 341 341 341 341 341 341 341 341 341 341 341 341 341 341 341 341 341 341 341 341 341 342 342 342 342 342 342 342 342 343 343 343 343
426 426 426 426 426 426 426 426 427 427 427 427 427 427 427 427 427 427 427 428 428 428 428 320 320 320 320 320 320 320 320 320 320 320 320 320 320 320 320 320 320 320 320 320 320 320 320 320 320 320 320 320 341 341 341 341 341 341 341 341 341 341 341 341 341 341 341 341 341 341 341 341 342 342 342 342 342 342 342 342 342 342 342 342 342 342 342 342 342 342 342 343 343 343
426 426 426 426 426 427 427 427 427 427 427 427 427 427 427 428 428 428 428 428 428 428 428 320 320 320 320 320 320 320 320 320 320 320 320 320 320 320 320 320 320 320 320 320 320 320 320 320 320 320 320 320 341 341 341 341 341 341 341 341 341 341 341 341 342 342 342 342 342 342 342 342 342 342 342 342 342 342 342 342 342 342 342 342 342 342 342 342 342 342 342 343 343 343
426 427 427 427 427 427 427 427 427 427 427 428 428 428 428 428 428 428 428 428 428 428 428 320 320 320 320 320 320 320 320 320 320 320 320 320 320 320 320 320 320 320 320 320 320 320 320 320 320 320 320 320 320 341 341 341 341 342 342 342 342 342 342 342 342 342 342 342 342 342 342 342 342 342 342 342 342 342 342 342 342 342 342 342 342 342 342 342 342 342 342 344 344 344
427 427 427 427 427 427 427 427 428 428 428 428 428 428 428 428 428 428 428 429 429 429 320 320 320 320 320 320 320 320 320 320 320 320 320 320 320 320 320 320 320 320 320 320 320 320 320 320 320 320 320 320 320 342 342 342 342 342 342 342 342 342 342 342 342 342 342 342 342 342 342 342 342 342 342 342 342 342 343 343 343 343 343 343 343 343 343 343 343 343 343 344 344 344
427 427 427 427 427 428 428 428 428 428 428 428 428 428 428 428 429 429 429 429 429 429 320 320 320 320 320 320 320 320 320 320 320 320 320 320 320 320 320 320 320 320 320 320 320 320 320 320 320 320 320 320 320 342 342 342 342 342 342 342 342 342 342 342 342 342 342 342 342 343 343 343 343 343 343 343 343 343 343 343 343 343 343 343 343 343 343 343 343 343 343 343 344 344
427 428 428 428 428 428 428 428 428 428 428 428 429 429 429 429 429 429 429 429 429 320 320 320 320 320 320 320 320 320 320 320 320 320 320 320 320 320 320 320 320 320 320 320 320 320 320 320 320 320 320 320 320 342 342 342 342 342 342 342 342 342 343 343 343 343 343 343 343 343 343 343 343 343 343 343 343 343 343 343 343 343 343 343 343 343 343 343 343 343 343 343 344 344
428 428 428 428 428 428 428 428 429 429 429 429 429 429 429 429 429 429 429 429 429 320 320 320 320 320 320 320 320 320 320 320 320 320 320 320 320 320 320 320 320 320 320 320 320 320 320 320 320 320 320 320 320 342 342 343 343 343 343 343 343 343 343 343 343 343 343 343 343 343 343 343 343 343 343 343 343 343 343 343 343 343 343 343 343 343 343 343 343 344 344 344 345 345
428 428 428 428 428 429 429 429 429 429 429 429 429 429 429 429 429 430 430 430 430 320 320 320 320 320 320 320 320 320 320 320 320 320 320 320 320 320 320 320 320 320 320 320 320 320 320 320 320 320 320 320 320 320 343 343 343 343 343 343 343 343 343 343 343 343 343 343 343 343 343 343 343 343 343 343 343 344 344 344 344 344 344 344 344 344 344 344 344 344 344 344 344 345
428 428 429 429 429 429 429 429 429 429 429 429 429 430 430 430 430 430 430 430 320 320 320 320 320 320 320 320 320 320 320 320 320 320 320 320 320 320 320 320 320 320 320 320 320 320 320 320 320 320 320 320 320 320 343 343 343 343 343 343 343 343 343 343 343 343 343 343 343 344 344 344 344 344 344 344 344 344 344 344 344 344 344 344 344 344 344 344 344 344 344 344 344 345
429 429 429 429 429 429 429 429 429 429 430 430 430 430 430 430 430 430 430 430 320 320 320 320 320 320 320 320 320 320 320 320 320 320 320 320 320 320 320 320 320 320 320 320 320 320 320 320 320 320 320 320 320 320 343 343 343 343 343 343 343 344 344 344 344 344 344 344 344 344 344 344 344 344 344 344 344 344 344 344 344 344 344 344 344 344 344 344 344 344 344 344 344 345
429 429 429 429 429 429 430 430 430 430 430 430 430 430 430 430 430 430 430 431 320 320 320 320 320 320 320 320 320 320 320 320 320 320 320 320 320 320 320 320 320 320 320 320 320 320 320 320 320 320 320 320 320 320 343 344 344 344 344 344 344 344 344 344 344 344 344 344 344 344 344 344 344 344 344 344 344 344 344 344 344 344 344 344 344 344 344 344 344 344 344 345 345 345
429 429 429 430 430 430 430 430 430 430 430 430 430 430 430 431 431 431 431 320 320 320 320 320 320 320 320 320 320 320 320 320 320 320 320 320 320 320 320 320 320 320 320 320 320 320 320 320 320 320 320 320 320 320 320 344 344 344 344 344 344 344 344 344 344 344 344 344 344 344 344 344 344 344 344 344 344 344 344 345 345 345 345 345 345 345 345 345 345 345 345 345 345 345
430 430 430 430 430 430 430 430 430 430 430 430 431 431 431 431 431 431 431 320 320 320 320 320 320 320 320 320 320 320 320 320 320 320 320 320 320 320 320 320 320 320 320 320 320 320 320 320 320 320 320 320 320 320 320 344 344 344 344 344 344 344 344 344 344 344 344 344 344 344 345 345 345 345 345 345 345 345 345 345 345 345 345 345 345 345 345 345 345 345 345 345 345 345
430 430 430 430 430 430 430 430 431 431 431 431 431 431 431 431 431 431 320 320 320 320 320 320 320 320 320 320 320 320 320 320 320 320 320 320 320 320 320 320 320 320 320 320 320 320 320 320 320 320 320 320 320 320 320 344 344 344 344 344 344 344 345 345 345 345 345 345 345 345 345 345 345 345 345 345 345 345 345 345 345 345 345 345 345 345 345 345 345 345 345 345 345 345
430 430 430 430 430 431 431 431 431 431 431 431 431 431 431 431 431 431 320 320 320 320 320 320 320 320 320 320 320 320 320 320 320 320 320 320 320 320 320 320 320 320 320 320 320 320 320 320 320 320 320 320 320 320 320 344 345 345 345 345 345 345 345 345 345 345 345 345 345 345 345 345 345 345 345 345 345 345 345 345 345 345 345 345 345 345 345 345 345 345 345 345 345 345
430 430 431 431 431 431 431 431 431 431 431 431 431 431 431 432 432 432 320 320 320 320 320 320 320 320 320 320 320 320 320 320 320 320 320 320 320 320 320 320 320 320 320 320 320 320 320 320 320 320 320 320 320 320 320 345 345 345 345 345 345 345 345 345 345 345 345 345 345 345 345 345 345 345 345 345 345 345 345 345 345 345 345 346 346 346 346 346 346 346 346 346 346 346
431 431 431 431 431 431 431 431 431 431 431 432 432 432 432 432 432 320 320 320 320 320 320 320 320 320 320 320 320 320 320 320 320 320 320 320 320 320 320 320 320 320 320 320 320 320 320 320 320 320 320 320 320 320 320 320 345 345 345 345 345 345 345 345 345 345 345 345 345 345 345 345 345 346 346 346 346 346 346 346 346 346 346 346 346 346 346 346 346 346 346 346 346 346
431 431 431 431 431 431 431 431 432 432 432 432 432 432 432 432 432 320 320 320 320 320 320 320 320 320 320 320 320 320 320 320 320 320 320 320 320 320 320 320 320 320 320 320 320 320 320 320 320 320 320 320 320 320 320 320 345 345 345 345 345 345 345 345 345 345 346 346 346 346 346 346 346 346 346 346 346 346 346 346 346 346 346 346 346 346 346 346 346 346 346 346 346 346
431 431 431 431 431 432 432 432 432 432 432 432 432 432 432 432 320 320 320 320 320 320 320 320 320 320 320 320 320 320 320 320 320 320 320 320 320 320 320 320 320 320 320 320 320 320 320 320 320 320 320 320 320 320 320 320 345 345 345 346 346 346 346 346 346 346 346 346 346 346 346 346 346 346 346 346 346 346 346 346 346 346 346 346 346 346 346 346 346 346 346 346 346 346
431 432 432 432 432 432 432 432 432 432 432 432 432 432 432 433 320 320 320 320 320 320 320 320 320 320 320 320 320 320 320 320 320 320 320 320 320 320 320 320 320 320 320 320 320 320 320 320 320 320 320 320 320 320 320 320 346 346 346 346 346 346 346 346 346 346 346 346 346 346 346 346 346 346 346 346 346 346 346 346 346 346 346 346 346 346 346 346 346 346 346 346 347 347
432 432 432 432 432 432 432 432 432 432 432 433 433 433 433 320 320 320 320 320 320 320 320 320 320 320 320 320 320 320 320 320 320 320 320 320 320 320 320 320 320 320 320 320 320 320 320 320 320 320 320 320 320 320 320 320 320 346 346 346 346 346 346 346 346 346 346 346 346 346 346 346 346 346 346 346 346 346 346 346 347 347 347 347 347 347 347 347 347 347 347 347 347 347
432 432 432 432 432 432 432 432 433 433 433 433 433 433 433 320 320 320 320 320 320 320 320 320 320 320 320 320 320 320 320 320 320 320 320 320 320 320 320 320 320 320 320 320 320 320 320 320 320 320 320 320 320 320 320 320 320 346 346 346 346 346 346 346 346 346 346 346 346 346 346 347 347 347 347 347 347 347 347 347 347 347 347 347 347 347 347 347 347 347 347 347 347 347
432 432 432 432 432 433 433 433 433 433 433 433 433 433 433 320 320 320 320 320 320 320 320 320 320 320 320 320 320 320 320 320 320 320 320 320 320 320 320 320 320 320 320 320 320 320 320 320 320 320 320 320 320 320 320 320 320 346 346 346 346 346 346 346 347 347 347 347 347 347 347 347 347 347 347 347 347 347 347 347 347 347 347 347 347 347 347 347 347 347 347 347 347 347
432 432 433 433 433 433 433 433 433 433 433 433 433 433 320 320 320 320 320 320 320 320 320 320 320 320 320 320 320 320 320 320 320 320 320 320 320 320 320 320 320 320 320 320 320 320 320 320 320 320 320 320 320 320 320 320 320 347 347 347 347 347 347 347 347 347 347 347 347 347 347 347 347 347 347 347 347 347 347 347 347 347 347 347 347 347 347 347 347 347 313 313 313 313
433 433 433 433 433 433 433 433 433 433 433 433 433 434 320 320 320 320 320 320 320 320 320 320 320 320 320 320 320 320 320 320 320 320 320 320 320 320 320 320 320 320 320 320 320 320 320 320 320 320 320 320 320 320 320 320 320 320 347 347 347 347 347 347 347 347 347 347 347 347 347 347 347 347 347 347 347 347 347 347 347 347 347 347 347 313 313 313 313 313 313 313 313 313
433 433 433 433 433 433 433 433 433 434 434 434 434 320 320 320 320 320 320 320 320 320 320 320 320 320 320 320 320 320 320 320 320 320 320 320 320 320 320 320 320 320 320 320 320 320 320 320 320 320 320 320 320 320 320 320 320 320 347 347 347 347 347 347 347 347 347 347 347 347 347 347 347 347 347 347 347 347 347 347 313 313 313 313 313 313 313 313 313 313 313 313 313 313
539 539 539 539 433 433 434 434 434 434 434 434 434 320 320 320 320 320 320 320 320 320 320 320 320 320 320 320 320 320 320 320 320 320 320 320 320 320 320 320 320 320 320 320 320 320 320 320 320 320 320 320 320 320 320 320 320 320 347 347 347 347 347 347 347 347 347 347 347 347 347 348 348 348 348 313 313 313 313 313 313 313 313 313 313 313 313 313 313 313 313 313 313 313
539 539 539 540 540 540 540 540 540 434 434 434 320 320 320 320 320 320 320 320 320 320 320 320 320 320 320 320 320 320 320 320 320 320 320 320 320 320 320 320 320 320 320 320 320 320 320 320 320 320 320 320 320 320 320 320 320 320 347 347 347 347 347 347 348 348 348 348 348 313 313 313 313 313 313 313 313 313 313 313 313 313 313 313 313 313 313 313 313 313 313 313 313 313
