testData/tiles/oneDegreeCosts/grid13.0-45.0-14.0-46.0.asc
ncols   200
nrows   200
xllcorner   13.0
yllcorner   45.0
cellsize   0.005
NODATA_value   -9999.0
[rows 84 to 125 of 200, columns 0 to 93 of 200]
275 275 275 275 275 275 275 275 275 204 204 204 204 204 204 204 204 204 204 204 204 204 204 204 204 204 204 204 204 204 204 204 204 204 204 204 204 204 204 204 204 204 204 204 204 204 204 204 204 204 204 204 204 204 204 204 203 203 203 233 233 233 233 233 233 233 233 237 243 249 254 259 264 269 273 278 282 286 289 293 296 300 303 306 309 311 314 317 319 322 325 327 329 326
275 275 275 275 275 275 275 275 275 204 204 204 204 204 204 204 204 204 204 204 204 204 204 204 204 204 204 204 204 204 204 204 204 204 204 204 204 204 204 204 204 204 204 204 204 204 204 204 204 204 204 204 204 204 204 204 204 203 203 233 233 233 232 232 232 232 232 237 243 249 255 260 264 269 274 278 282 286 289 293 297 300 302 305 308 311 314 317 320 316 319 321 324 326
275 275 275 275 275 275 275 275 275 204 204 204 204 204 204 204 204 204 204 204 204 204 204 204 204 204 204 204 204 204 204 204 204 204 204 204 204 204 204 204 204 204 204 204 204 204 204 204 204 204 204 204 204 204 204 204 203 203 203 232 232 232 232 232 232 232 232 237 244 249 255 260 265 269 274 278 282 286 289 292 296 299 302 305 308 311 308 311 314 316 319 321 324 325
274 275 275 275 275 275 275 275 275 204 204 204 204 204 204 204 204 204 204 204 204 204 204 204 204 204 204 204 204 204 204 204 204 204 204 204 204 204 204 204 204 204 204 204 204 204 204 204 204 204 203 203 203 203 203 203 203 203 203 305 232 232 232 232 232 232 232 238 244 249 255 260 265 269 273 277 281 285 289 292 296 299 297 300 303 306 308 311 314 316 318 320 323 325
274 274 274 274 274 274 274 274 274 203 203 204 204 204 204 204 204 204 204 204 204 204 204 204 204 204 204 204 204 204 204 204 204 204 204 204 204 204 204 204 203 203 203 203 203 203 203 203 203 203 203 203 203 203 203 203 203 203 203 305 305 232 232 232 232 232 232 238 244 250 255 259 264 269 273 277 281 279 283 286 290 293 297 300 303 306 308 310 313 316 318 320 323 325
274 274 274 274 274 274 274 274 274 203 203 203 203 203 203 203 203 203 203 203 203 203 203 203 203 203 203 203 203 203 203 203 203 203 203 203 203 203 203 203 203 203 203 203 203 203 203 203 203 203 203 203 203 203 203 203 203 203 203 305 305 305 232 232 232 232 232 237 243 249 254 259 258 263 267 271 275 279 283 287 290 293 297 300 302 305 308 310 313 316 318 321 323 325
274 274 274 274 274 274 274 274 274 203 203 203 203 203 203 203 203 203 203 203 203 203 203 203 203 203 203 203 203 203 203 203 203 203 203 203 203 203 203 203 203 203 203 203 203 203 203 203 203 203 203 203 203 203 203 203 203 203 203 305 305 304 304 232 232 232 232 232 237 243 248 253 258 263 267 271 275 279 283 287 290 293 296 299 302 305 308 310 313 316 318 321 323 325
274 274 274 274 274 274 274 274 274 203 203 203 203 203 203 203 203 203 203 203 203 203 203 203 203 203 203 203 203 203 203 203 203 203 203 203 203 203 203 203 203 203 203 203 203 203 203 203 203 203 203 203 203 203 203 202 202 202 202 304 304 304 298 298 232 232 232 232 237 243 248 254 258 263 267 272 276 278 282 286 289 293 296 299 302 305 308 311 313 316 318 321 322 324
273 273 273 274 274 274 274 274 274 203 203 203 203 203 203 203 203 203 203 203 203 203 203 203 203 203 203 203 203 203 203 203 203 203 203 203 203 203 203 203 203 203 203 203 203 203 203 203 202 202 202 202 202 202 202 196 196 196 196 298 298 298 298 298 298 232 232 232 238 243 249 254 258 263 266 271 275 279 282 286 289 293 296 299 302 305 308 311 313 315 317 320 322 325
273 273 273 273 273 273 273 273 273 202 202 202 202 202 203 203 203 203 203 203 203 203 203 203 203 203 203 203 203 203 203 203 203 203 203 203 203 202 202 202 202 202 202 202 202 202 202 202 196 196 196 196 196 196 196 196 196 196 196 298 298 298 298 298 298 298 232 232 238 242 248 253 258 262 267 271 275 279 282 286 289 293 296 299 302 305 307 310 312 315 318 320 322 325
273 273 273 273 273 273 273 273 273 202 202 202 202 202 202 202 202 202 202 202 202 202 202 202 202 202 202 202 202 202 202 202 202 202 202 202 202 202 196 196 196 196 196 196 196 196 196 196 196 196 196 196 196 196 196 196 196 196 196 298 298 298 298 298 298 297 297 232 237 243 248 253 258 262 267 271 275 279 283 286 290 293 296 298 301 304 307 310 313 315 318 320 322 325
267 267 267 267 267 267 267 267 267 196 196 196 196 196 196 196 196 196 196 196 196 196 196 196 196 196 196 196 196 196 196 196 196 196 196 196 196 196 196 196 196 196 196 196 196 196 196 196 196 196 196 196 196 196 196 196 196 196 196 298 297 297 297 297 297 297 298 304 237 243 248 253 258 262 267 271 275 279 283 286 289 292 295 298 301 304 307 310 313 315 318 320 323 325
267 267 267 267 267 267 267 267 267 196 196 196 196 196 196 196 196 196 196 196 196 196 196 196 196 196 196 196 196 196 196 196 196 196 196 196 196 196 196 196 196 196 196 196 196 196 196 196 196 196 196 196 196 196 195 195 195 195 195 297 297 297 297 297 297 297 298 304 310 243 248 253 258 263 267 271 274 278 282 285 289 292 295 298 302 304 307 310 313 315 318 319 322 324
266 266 266 266 266 267 267 267 267 196 196 196 196 196 196 196 196 196 196 196 196 196 196 196 196 196 196 196 196 196 196 196 196 196 196 196 196 196 196 196 196 196 196 196 196 196 195 195 195 195 195 195 195 195 195 195 195 195 195 297 297 297 297 297 297 297 298 304 310 316 248 253 257 262 266 270 274 278 282 285 289 292 295 299 302 305 307 310 312 314 317 319 322 324
266 266 266 266 266 266 266 266 266 195 195 195 195 195 195 195 195 195 195 195 195 195 196 196 196 196 196 196 196 195 195 195 195 195 195 195 195 195 195 195 195 195 195 195 195 195 195 195 195 195 195 195 195 195 195 195 195 195 195 297 297 297 297 297 297 297 298 305 310 315 320 253 257 262 266 270 274 278 282 286 289 292 296 299 302 304 306 309 312 314 317 319 322 324
266 266 266 266 266 266 266 266 266 195 195 195 195 195 195 195 195 195 195 195 195 195 195 195 195 195 195 195 195 195 195 195 195 195 195 195 195 195 195 195 195 195 195 195 195 195 195 195 195 195 195 195 195 195 195 195 195 195 195 297 297 297 297 296 296 296 297 304 310 315 321 326 257 262 266 270 274 278 282 286 289 292 295 298 301 304 307 309 312 315 317 319 322 324
266 266 266 266 266 266 266 266 266 195 195 195 195 195 195 195 195 195 195 195 195 195 195 195 195 195 195 195 195 195 195 195 195 195 195 195 195 195 195 195 195 195 195 195 195 195 195 195 195 195 195 195 195 195 195 195 195 194 194 296 296 296 296 296 296 296 297 304 310 315 321 326 330 262 266 271 275 278 281 285 288 292 295 298 301 304 307 309 312 315 317 320 321 323
265 266 266 266 266 266 266 266 266 195 195 195 195 195 195 195 195 195 195 195 195 195 195 195 195 195 195 195 195 195 195 195 195 195 195 195 195 195 195 195 195 195 195 195 195 195 195 195 195 195 194 194 194 194 194 194 194 194 194 296 296 296 296 296 296 296 298 304 310 316 321 326 331 335 266 270 274 278 281 285 288 292 295 298 301 304 307 309 312 314 316 319 321 323
265 265 265 265 265 265 265 265 265 194 195 195 195 195 195 195 195 195 195 195 195 195 195 195 195 195 195 195 195 195 195 195 195 195 195 195 195 195 195 195 195 194 194 194 194 194 194 194 194 194 194 194 194 194 194 194 194 194 194 296 296 296 296 296 296 296 298 304 310 316 320 325 330 334 339 270 274 278 281 285 288 292 295 298 301 304 306 309 311 314 316 319 321 323
265 265 265 265 265 265 265 265 265 194 194 194 194 194 194 194 194 194 194 194 194 194 194 194 194 194 194 194 194 194 194 194 194 194 194 194 194 194 194 194 194 194 194 194 194 194 194 194 194 194 194 194 194 194 194 194 194 194 194 296 296 296 296 296 296 295 297 303 309 315 320 325 330 334 339 343 274 278 281 285 288 292 295 297 300 303 306 309 311 314 316 319 321 323
265 265 265 265 265 265 265 265 265 194 194 194 194 194 194 194 194 194 194 194 194 194 194 194 194 194 194 194 194 194 194 194 194 194 194 194 194 194 194 194 194 194 194 194 194 194 194 194 194 194 194 194 194 194 194 194 194 194 194 296 295 295 295 295 295 295 297 303 309 315 320 325 330 334 339 343 347 278 282 284 288 291 294 297 300 303 306 309 311 314 316 319 321 323
265 265 265 265 265 265 265 265 265 194 194 194 194 194 194 194 194 194 194 194 194 194 194 194 194 194 194 194 194 194 194 194 194 194 194 194 194 194 194 194 194 194 194 194 194 194 194 194 194 194 194 194 194 194 193 193 193 193 193 295 295 295 295 295 295 295 297 303 309 315 320 325 330 335 339 343 346 350 282 284 288 291 294 297 300 303 306 309 311 314 315 318 320 323
264 264 264 264 264 264 265 265 265 194 194 194 194 194 194 194 194 194 194 194 194 194 194 194 194 194 194 194 194 194 194 194 194 194 194 194 194 194 194 194 194 194 194 194 194 193 193 193 193 193 193 193 193 193 193 193 193 193 193 295 295 295 295 295 295 295 297 304 310 315 320 325 329 334 338 342 346 350 354 284 288 291 294 297 300 303 306 308 310 313 316 318 320 323
264 264 264 264 264 264 264 264 264 193 193 193 193 193 193 193 193 193 193 193 193 193 193 193 193 193 193 193 193 193 193 193 193 193 193 193 193 193 193 193 193 193 193 193 193 193 193 193 193 193 193 193 193 193 193 193 193 193 193 295 295 295 295 295 295 295 297 303 309 314 320 324 329 334 338 342 346 350 354 357 288 291 294 297 299 302 305 308 311 313 316 318 320 323
219 219 264 264 264 264 264 264 264 193 193 193 193 193 193 193 193 193 193 193 193 193 193 193 193 193 193 193 193 193 193 193 193 193 193 193 193 193 193 193 193 193 193 193 193 193 193 193 193 193 193 193 193 193 193 193 193 193 193 295 295 295 294 294 294 294 297 303 309 314 320 325 329 334 338 342 346 350 354 357 360 291 293 297 300 302 305 308 311 313 316 318 320 323
219 219 219 219 219 219 219 264 264 193 193 193 193 193 193 193 193 193 193 193 193 193 193 193 193 193 193 193 193 193 193 193 193 193 193 193 193 193 193 193 193 193 193 193 193 193 193 193 193 193 193 193 193 193 193 193 192 192 192 294 294 294 294 294 294 294 297 303 309 314 320 325 329 334 338 342 346 349 353 357 360 363 293 297 300 302 305 308 311 313 316 317 320 322
218 218 218 219 219 219 219 219 219 182 182 182 182 193 193 193 193 193 193 193 193 193 193 193 193 193 193 193 193 193 193 193 193 193 193 193 193 193 193 193 193 193 193 193 193 193 193 193 192 192 192 192 192 192 192 192 192 192 192 294 294 294 294 294 294 294 297 303 309 315 320 325 330 333 337 342 346 349 353 357 360 363 367 297 300 303 305 308 310 312 315 317 320 322
218 218 218 218 218 218 218 218 218 182 182 182 182 182 182 182 182 182 182 193 193 193 193 193 193 193 193 193 193 193 193 193 193 193 193 193 192 192 192 192 192 192 192 192 192 192 192 192 192 192 192 192 192 192 192 192 192 192 192 294 294 294 294 294 294 294 297 303 308 314 319 324 329 333 337 342 346 349 353 357 360 363 367 370 300 302 304 307 310 312 315 317 320 322
218 218 218 218 218 218 218 218 218 182 182 182 182 182 182 182 182 182 182 182 182 182 182 182 182 182 192 192 192 192 192 192 192 192 192 192 192 192 192 192 192 192 192 192 192 192 192 192 192 192 192 192 192 192 192 192 192 192 192 294 294 294 294 293 293 293 296 302 308 314 319 324 329 333 338 342 346 350 353 357 360 362 366 369 372 302 305 307 310 312 315 317 320 322
218 218 218 218 218 218 218 218 218 182 182 182 182 182 182 182 182 182 182 182 182 182 182 182 182 182 182 182 182 182 182 182 182 192 192 192 192 192 192 192 192 192 192 192 192 192 192 192 192 192 192 192 192 192 192 192 192 191 191 293 293 293 293 293 293 293 296 302 308 314 319 324 329 333 338 342 346 349 352 356 359 363 366 369 372 375 305 307 310 313 315 316 319 321
217 218 218 218 218 218 218 218 218 182 182 182 182 182 182 182 182 182 182 182 182 182 182 182 182 182 182 182 182 182 182 182 182 182 182 182 182 182 182 182 182 182 192 192 192 192 192 192 192 192 191 191 191 191 191 191 191 191 191 293 293 293 293 293 293 293 296 303 308 314 319 324 329 332 337 341 345 349 352 356 359 363 366 369 372 375 378 307 309 312 314 316 319 321
217 217 217 217 217 217 217 217 217 182 182 182 182 182 182 182 182 182 182 182 182 182 182 182 182 182 182 182 182 182 182 182 182 182 182 182 182 182 182 182 182 182 182 182 182 182 182 182 182 182 182 182 191 191 191 191 191 191 191 293 293 293 293 293 293 293 296 303 308 313 318 323 328 332 337 341 345 349 352 356 359 363 366 369 372 374 377 379 309 312 314 317 319 321
217 217 217 217 217 217 217 217 217 182 182 182 182 182 182 182 182 182 182 182 182 182 182 182 182 182 182 182 182 182 182 182 182 182 182 182 182 182 182 182 182 182 182 182 182 182 182 182 182 182 182 182 182 182 182 182 182 182 182 248 248 248 248 248 247 292 295 302 308 313 318 323 328 333 337 341 345 349 352 356 359 362 365 368 371 374 377 379 382 312 314 317 319 321
217 217 217 217 217 217 217 217 217 182 182 182 182 182 182 182 182 182 182 182 182 182 182 182 182 182 182 182 182 182 182 182 182 182 182 182 182 182 182 182 182 182 182 182 182 182 182 182 182 182 182 182 182 182 182 182 182 182 182 247 247 247 247 247 247 247 251 257 263 268 273 278 283 288 292 296 300 304 307 310 314 317 320 323 326 329 332 335 337 340 314 314 314 314
217 217 217 217 217 217 217 217 217 182 182 182 182 182 182 182 182 182 182 182 182 182 182 182 182 182 182 182 182 182 182 182 182 182 182 182 182 182 182 182 182 182 182 182 182 182 182 182 182 182 182 182 182 182 182 182 182 182 182 247 247 247 247 247 247 247 251 257 263 268 274 278 283 287 291 295 299 303 307 310 314 317 320 323 326 329 332 335 336 339 341 314 314 314
216 216 216 216 216 216 216 216 216 182 182 182 182 182 182 182 182 182 182 182 182 182 182 182 182 182 182 182 182 182 182 182 182 182 182 182 182 182 182 182 182 182 182 182 182 182 182 182 182 182 182 182 182 182 182 182 182 182 182 247 247 247 247 247 247 247 251 257 263 267 273 278 282 287 291 295 299 303 307 310 314 317 320 323 326 328 331 334 336 339 341 344 314 314
216 216 216 216 216 216 216 216 216 182 182 182 182 182 182 182 182 182 182 182 182 182 182 182 182 182 182 182 182 182 182 182 182 182 182 182 182 182 182 182 182 182 182 182 182 182 182 182 182 182 182 182 182 182 182 182 182 182 182 247 247 247 247 247 246 246 250 256 262 267 273 278 282 287 291 295 299 303 307 310 314 316 319 322 325 328 331 334 336 339 341 344 346 314
216 216 216 216 216 216 216 216 216 182 182 182 182 182 182 182 182 182 182 182 182 182 182 182 182 182 182 182 182 182 182 182 182 182 182 182 182 182 182 182 182 182 182 182 182 182 182 182 182 182 182 182 182 182 182 182 182 182 182 246 246 246 246 246 246 246 250 256 262 268 273 278 282 287 291 295 299 302 306 309 313 316 319 322 325 328 331 334 336 339 341 343 345 347
216 216 216 216 216 216 216 216 216 182 182 182 182 182 182 182 182 182 182 182 182 182 182 182 182 182 182 182 182 182 182 182 182 182 182 182 182 182 182 182 182 182 182 182 182 182 182 182 182 182 182 182 182 182 182 182 182 182 182 246 246 246 246 246 246 246 250 256 262 268 273 278 282 286 290 294 298 302 306 309 313 316 319 322 325 328 331 334 335 338 340 343 345 348
215 215 215 215 215 215 215 215 215 182 182 182 182 182 182 182 182 182 182 182 182 182 182 182 182 182 182 182 182 182 182 182 182 182 182 182 182 182 182 182 182 182 182 182 182 182 182 182 182 182 182 182 182 182 182 182 182 182 182 246 246 246 246 246 246 246 250 256 262 267 272 277 282 286 290 294 298 302 306 309 313 316 319 322 324 327 330 333 335 338 341 343 345 348
215 215 215 215 215 215 215 215 215 182 182 182 182 182 182 182 182 182 182 182 182 182 182 182 182 182 182 182 182 182 182 182 182 182 182 182 182 182 182 182 182 182 182 182 182 182 182 182 182 182 182 182 182 182 182 182 182 182 182 246 246 246 246 245 245 245 249 255 261 267 272 277 282 286 290 294 298 302 306 309 313 315 318 321 324 327 330 333 336 338 341 343 345 348
215 215 215 215 215 215 215 215 182 182 182 182 182 182 182 182 182 182 182 182 182 182 182 182 182 182 182 182 182 182 182 182 182 182 182 182 182 182 182 182 182 182 182 182 182 182 182 182 182 182 182 182 182 182 182 182 182 182 182 245 245 245 245 245 245 245 249 255 261 267 272 277 282 286 290 295 299 301 305 309 312 315 318 322 324 327 330 333 336 338 340 342 344 347
