testData/tiles/oneDegreeCosts/grid35.0-30.0-36.0-31.0.asc
ncols   200
nrows   200
xllcorner   35.0
yllcorner   30.0
cellsize   0.005
NODATA_value   -9999.0
[rows 42 to 83 of 200, columns 94 to 187 of 200]
575 576 577 579 568 569 570 570 571 573 574 575 576 575 576 578 579 579 579 580 580 582 583 582 583 583 584 585 584 585 586 586 585 586 587 508 508 508 508 508 508 508 508 507 507 507 506 506 506 506 505 504 504 503 502 502 501 500 500 498 498 496 496 496 494 493 492 491 490 488 487 486 485 484 483 482 480 479 477 476 474 473 472 471 469 468 465 536 534 533 732 729 728 726
577 578 580 580 581 570 571 573 574 574 575 576 577 579 579 579 580 581 581 582 583 583 584 585 585 585 586 586 587 586 587 588 589 588 588 509 510 510 510 510 510 509 510 510 509 509 509 508 508 508 507 506 506 505 504 504 503 502 502 501 499 499 497 497 496 495 494 493 491 490 488 488 486 486 485 483 482 480 479 477 477 475 474 472 471 469 467 537 537 536 732 731 729 728
579 580 581 582 583 571 573 574 575 576 577 577 579 580 581 581 582 582 584 584 585 586 585 586 587 588 588 588 588 590 590 590 590 591 591 512 512 513 513 512 512 513 511 512 512 512 510 510 510 509 509 509 507 507 507 505 505 505 503 502 502 500 500 499 498 497 495 494 493 491 491 490 489 487 486 485 483 482 481 480 478 477 475 474 472 470 469 540 538 536 734 732 731 729
581 581 582 583 584 586 575 575 576 577 578 580 581 581 582 583 584 585 586 586 586 587 588 589 589 589 590 590 590 592 592 593 592 592 592 515 514 515 514 514 513 514 515 515 513 513 513 512 513 512 511 510 510 508 508 509 507 506 506 504 503 503 502 501 500 498 497 495 494 494 493 492 490 489 487 486 486 484 484 481 480 478 477 475 474 472 543 541 541 538 735 735 733 731
582 583 584 585 586 588 577 578 579 580 581 581 582 583 584 585 586 587 587 588 588 589 590 591 591 591 591 593 594 595 594 594 594 595 596 517 517 517 516 516 518 517 516 516 516 515 515 516 514 514 513 513 511 512 512 510 509 509 507 506 505 505 504 502 502 501 499 499 497 497 495 493 492 490 490 488 487 485 485 483 481 480 479 478 475 474 544 544 541 540 540 736 734 732
583 584 586 587 589 589 590 579 581 582 583 584 584 585 586 587 588 588 589 589 591 592 591 592 593 593 595 594 596 596 596 596 597 597 598 518 518 519 518 518 519 519 519 518 517 518 518 517 517 516 515 514 514 514 513 512 511 510 509 508 508 507 506 505 503 503 502 500 500 498 497 495 493 493 491 490 488 488 485 484 484 482 481 478 477 475 546 545 543 542 540 737 735 734
585 586 587 588 590 591 593 581 582 583 584 585 587 587 588 588 589 590 592 592 592 593 594 594 594 596 596 597 597 597 598 599 599 600 600 521 521 521 521 522 522 521 520 520 520 520 520 520 518 518 518 516 517 516 514 514 513 512 511 510 510 509 508 506 506 504 503 502 501 500 498 497 496 494 493 491 491 489 488 486 485 483 482 480 478 550 549 546 545 543 541 738 737 735
587 588 589 589 591 593 594 595 584 585 585 587 588 589 590 590 591 592 593 594 595 595 595 597 597 597 598 599 600 601 600 601 601 602 601 522 523 524 522 523 523 523 523 523 522 522 522 521 522 520 519 519 518 518 517 516 515 514 513 513 512 510 510 509 507 506 504 504 503 502 501 498 497 496 494 493 493 492 489 488 486 485 482 482 480 552 549 548 546 544 542 741 739 737
588 589 590 591 594 594 595 596 585 586 588 589 589 590 591 592 594 594 594 595 596 597 598 598 599 599 600 600 602 729 603 602 603 604 605 526 525 525 526 525 526 526 525 524 525 524 524 523 523 522 521 521 521 520 519 518 516 516 515 514 514 513 511 510 509 507 506 506 505 504 502 500 498 497 497 496 495 492 491 489 488 485 485 483 554 552 551 549 547 546 545 545 740 738
717 717 719 720 722 723 724 724 726 715 716 717 718 718 720 721 722 723 724 724 725 726 727 728 727 728 730 731 731 731 731 732 733 733 733 654 654 654 654 655 655 654 654 654 653 654 653 653 651 651 650 650 650 649 647 647 646 644 644 644 642 641 640 638 637 510 509 508 506 505 504 501 501 499 498 498 495 494 492 491 490 488 486 485 555 554 552 552 549 548 546 545 741 740
718 720 721 721 723 724 725 727 728 716 717 718 719 721 722 722 723 724 725 727 728 727 728 729 730 731 732 732 733 733 733 735 735 736 735 656 656 658 657 657 657 657 655 656 657 656 655 654 654 652 654 653 651 650 650 648 647 647 646 645 644 642 641 640 639 639 638 636 635 633 632 631 629 628 627 626 623 622 622 620 491 489 488 485 557 556 555 552 551 549 547 545 743 741
720 721 722 723 724 725 727 728 729 730 719 720 721 722 723 724 725 726 727 728 729 730 729 731 732 734 734 734 734 735 736 737 737 737 737 658 658 660 659 659 658 658 659 658 658 658 657 656 655 656 655 654 653 652 651 651 650 649 648 647 645 644 643 642 641 640 639 638 636 636 633 632 631 630 629 626 626 624 623 621 619 618 616 688 686 685 682 681 679 677 675 548 744 744
721 722 723 724 726 728 729 729 730 731 721 722 723 724 725 726 728 728 729 729 730 731 733 734 733 735 736 736 738 737 739 739 739 739 740 661 662 661 661 661 661 661 661 661 661 659 659 659 658 658 657 656 655 654 654 652 652 651 650 649 649 647 645 643 643 642 640 640 639 637 635 633 632 632 631 629 627 626 623 622 621 620 619 689 688 685 684 682 680 679 678 675 675 872
722 724 725 726 727 729 730 731 732 733 734 723 725 726 727 728 729 730 731 732 732 733 734 735 737 737 737 739 739 740 740 740 741 742 741 662 663 664 662 663 663 663 663 662 662 663 661 661 660 659 659 658 658 656 655 655 654 653 652 651 650 649 647 645 644 644 643 641 640 639 636 635 635 634 632 630 629 627 625 623 623 620 620 691 688 687 685 684 682 681 678 677 675 872
723 724 727 728 729 729 731 733 734 735 736 724 726 728 729 730 731 731 732 734 735 735 735 736 738 740 740 740 740 742 742 744 743 743 744 666 665 665 666 666 665 665 665 665 664 664 663 662 662 662 661 660 659 658 657 657 656 655 654 653 651 650 649 647 647 645 644 643 641 639 638 637 637 634 633 632 630 628 627 626 623 623 621 691 689 689 687 685 684 681 679 678 676 875
725 726 727 729 730 731 733 734 735 736 737 738 729 729 730 731 732 733 735 735 736 737 738 739 740 741 742 742 743 743 745 745 746 745 745 667 668 668 667 667 667 667 668 667 667 665 665 664 664 664 663 662 661 660 659 659 658 657 655 654 653 651 651 650 648 647 645 644 642 641 640 640 637 636 634 633 631 630 629 626 626 624 694 693 692 689 688 686 684 682 680 680 679 875
727 728 728 730 731 733 734 736 737 737 739 740 730 731 732 732 734 735 736 737 737 738 740 742 742 742 743 744 746 747 746 747 747 747 748 670 670 670 670 669 669 670 669 669 668 668 666 668 667 665 664 664 663 661 662 661 659 658 657 655 655 654 653 651 650 648 647 646 644 643 641 641 639 637 637 634 633 631 629 628 627 626 696 695 692 691 689 687 685 684 683 682 679 679
727 729 730 732 733 734 735 736 738 740 741 741 742 732 733 735 736 736 737 738 739 741 741 743 744 745 745 746 748 748 749 749 749 750 751 672 671 672 671 672 672 672 672 671 670 669 670 669 668 668 667 665 665 664 663 662 661 659 658 658 656 655 654 652 651 650 649 647 645 644 644 641 641 640 637 636 634 632 630 630 629 627 698 695 694 692 690 689 687 686 685 682 681 679
728 729 732 733 734 736 736 737 739 741 742 743 744 733 735 736 737 738 738 740 741 742 744 745 745 747 748 748 749 750 750 751 752 752 753 674 674 673 674 674 675 673 673 673 673 672 672 671 670 669 668 668 666 666 665 663 662 662 660 659 658 657 655 654 653 652 650 648 647 645 644 644 642 640 638 637 635 633 633 631 630 700 698 697 694 694 692 690 688 687 685 684 682 681
730 731 732 734 735 736 739 740 740 742 743 744 746 748 737 737 738 739 741 742 742 743 745 746 748 748 749 751 751 752 753 753 753 755 754 675 676 677 675 676 676 676 674 675 675 674 673 673 672 672 670 669 668 667 666 666 664 663 662 660 659 659 657 656 655 653 651 650 648 648 646 645 643 641 640 637 637 636 634 633 631 701 699 698 697 695 693 691 690 688 688 685 684 681
731 733 734 735 736 738 739 741 742 743 744 746 747 748 738 739 739 741 742 743 744 746 746 748 749 750 751 752 753 754 755 754 755 756 757 679 678 678 678 679 678 678 678 677 676 676 676 675 674 673 672 670 670 669 668 667 666 664 663 662 662 660 659 657 656 654 652 652 650 649 648 645 644 643 641 640 638 636 636 634 632 703 701 699 698 695 694 691 691 690 688 686 684 682
732 733 735 736 738 740 740 742 743 744 746 748 748 749 738 741 742 743 743 744 745 749 750 750 751 752 753 755 755 756 756 757 758 759 759 680 680 680 680 680 681 680 679 679 678 678 678 677 675 675 674 673 673 672 670 668 667 666 664 664 663 661 660 659 656 655 655 653 652 651 648 647 646 644 643 641 639 638 636 636 706 704 702 700 698 697 694 695 692 691 688 687 685 683
734 734 736 738 739 740 742 743 745 746 747 748 750 751 752 742 743 744 745 746 747 750 751 752 753 753 756 756 757 758 758 758 761 761 761 682 682 682 683 683 683 682 681 680 682 681 679 678 678 677 675 675 675 673 671 670 668 668 667 666 664 663 661 659 659 657 656 655 653 651 650 649 647 645 644 642 641 639 638 637 706 705 703 701 699 698 698 695 694 691 690 687 687 685
734 737 738 738 740 741 742 745 746 748 748 749 751 753 754 743 744 745 747 748 750 751 752 753 755 756 757 758 759 759 761 762 762 763 763 683 683 686 685 685 684 684 683 683 683 682 682 680 679 679 678 677 676 675 672 671 671 669 668 667 665 664 664 661 660 659 656 656 654 653 652 650 648 647 644 643 643 641 640 637 708 705 704 703 701 700 698 697 694 693 691 690 687 686
736 737 738 740 741 742 744 745 747 748 750 752 752 754 755 756 745 748 748 749 751 753 754 755 756 758 759 760 760 762 762 764 765 764 764 687 687 687 687 687 686 686 686 685 685 684 683 682 681 680 679 679 677 676 675 673 672 671 669 668 667 666 664 663 661 659 659 657 656 655 652 651 648 647 647 645 644 641 640 639 708 708 705 704 701 701 699 697 697 694 693 690 689 686
736 738 739 740 743 744 746 746 747 749 751 753 754 754 756 757 747 749 750 751 752 754 756 757 757 759 760 761 763 763 765 765 766 767 767 688 688 690 688 688 689 689 687 687 687 686 685 684 683 681 681 680 680 678 676 675 673 672 671 670 669 667 665 664 662 660 660 659 657 655 654 651 651 649 647 647 644 643 640 712 711 708 707 704 703 701 700 698 697 694 693 692 689 688
738 739 739 742 743 745 746 748 749 750 752 753 755 756 758 759 760 749 751 753 755 755 757 758 760 761 762 763 764 765 767 767 768 769 769 690 691 691 692 691 690 690 689 689 688 688 687 685 684 683 683 682 681 679 677 676 675 674 673 672 669 668 667 664 664 663 661 660 658 656 654 654 651 650 649 647 646 643 643 712 711 709 707 706 704 704 701 700 697 696 693 692 690 689
738 739 742 743 744 745 747 749 750 752 753 754 755 758 759 760 762 750 751 755 756 757 757 759 761 763 764 764 765 766 768 770 770 770 771 692 692 694 693 693 693 691 692 692 690 689 688 687 685 686 685 684 681 680 679 677 676 676 674 672 671 669 668 667 664 664 662 660 659 658 656 654 653 650 650 648 647 646 643 714 711 710 707 707 706 704 702 700 699 696 696 693 692 689
739 741 742 744 745 747 748 750 751 752 754 755 758 758 759 761 762 764 755 755 757 758 759 762 763 764 765 766 767 769 770 771 772 772 772 696 696 696 695 695 694 694 694 693 692 691 689 688 688 687 686 685 683 681 681 679 678 677 675 673 671 671 669 667 667 664 663 663 660 659 657 655 653 652 651 650 647 646 645 714 713 711 710 708 707 704 703 701 700 698 696 694 692 690
741 741 743 744 746 748 749 751 751 753 755 757 758 760 760 761 764 765 756 757 757 759 761 763 765 765 766 767 769 772 772 773 773 774 776 697 697 698 697 696 697 697 696 695 694 693 692 690 690 689 687 685 684 684 681 680 680 677 676 675 673 672 670 668 667 666 664 663 661 659 658 656 654 654 652 650 649 646 717 715 714 712 711 709 707 706 703 703 700 699 697 695 693 692
741 742 744 744 747 748 750 751 753 755 756 757 759 760 761 764 764 766 756 758 759 761 762 764 765 767 768 769 771 773 774 775 775 776 777 700 699 699 699 700 698 698 698 697 695 695 693 692 691 690 688 688 686 684 683 682 680 679 677 676 674 672 671 669 669 667 666 663 662 660 658 657 657 654 653 651 649 648 718 717 714 713 712 710 708 707 705 703 701 699 697 695 694 693
741 743 745 747 748 749 750 752 754 756 757 758 759 760 763 764 766 768 769 759 760 762 764 765 766 768 770 771 772 774 775 777 778 778 779 701 701 702 701 701 700 700 699 699 698 696 694 693 693 690 690 689 687 685 683 683 682 680 679 676 675 673 672 671 670 668 666 665 662 662 660 658 657 656 653 652 650 649 719 717 715 714 712 711 709 708 705 704 701 700 698 697 696 694
741 744 745 747 748 750 751 753 754 756 757 759 761 763 763 765 766 769 771 759 761 762 765 766 769 769 770 772 774 775 777 778 779 780 781 702 704 704 704 702 703 702 702 700 699 697 696 695 694 693 691 689 688 686 685 684 683 681 679 678 675 675 673 672 670 669 666 666 664 662 660 660 657 656 654 653 652 649 720 717 716 716 714 712 710 708 706 704 704 701 700 698 697 694
744 745 746 747 749 751 753 754 756 756 758 760 762 763 764 765 767 770 771 773 762 763 766 768 769 771 771 773 776 777 778 779 780 782 784 706 705 706 705 705 705 704 703 702 699 698 697 697 695 694 692 690 688 688 687 685 683 682 679 679 677 675 675 673 671 669 669 666 665 663 661 660 659 657 656 653 652 722 720 719 718 716 715 712 711 708 708 705 704 701 700 699 697 695
744 745 747 748 750 751 753 754 756 757 760 760 762 763 765 767 770 770 772 773 763 766 768 768 769 771 772 776 776 778 779 780 781 784 785 707 708 707 707 708 707 705 704 702 701 700 699 698 696 694 692 692 690 688 688 686 684 682 682 679 678 676 675 673 673 670 669 667 665 663 663 661 660 658 656 654 652 722 722 719 719 716 715 713 711 710 708 706 704 702 701 699 698 696
744 745 747 749 751 752 753 754 757 758 760 761 763 763 766 767 770 771 773 773 764 766 768 769 770 771 774 776 778 778 780 781 783 786 786 708 709 710 709 709 708 707 704 703 703 701 700 698 697 695 694 692 691 689 688 686 686 683 682 680 678 677 676 674 673 671 669 667 666 664 664 662 660 658 656 654 654 723 722 721 719 717 715 714 712 710 709 706 705 702 703 700 699 696
744 745 748 749 751 752 754 756 757 758 760 761 763 765 766 768 770 771 774 775 776 766 768 769 772 772 775 776 778 779 781 782 785 786 788 709 711 712 711 710 709 707 707 704 703 702 701 698 698 696 695 692 691 690 688 687 686 684 682 680 679 678 677 675 673 671 670 667 667 666 664 662 661 658 658 655 654 724 722 721 719 718 717 714 713 710 709 706 706 705 703 701 699 697
746 748 748 750 751 753 755 757 758 760 760 763 764 766 767 770 770 773 774 776 778 768 768 771 772 774 776 777 778 781 782 784 785 787 788 712 712 714 713 712 710 709 707 706 704 703 701 701 698 697 695 694 692 692 690 688 686 685 683 682 681 680 677 676 674 672 671 670 667 667 665 663 661 660 658 657 726 725 724 723 721 719 717 716 713 712 710 709 706 706 703 702 700 698
746 747 749 750 751 753 755 756 758 759 762 762 764 765 767 769 772 773 774 775 778 779 770 770 772 773 776 778 779 780 782 784 786 787 789 711 712 713 712 712 711 709 707 705 704 704 702 700 699 696 695 694 694 691 690 688 686 684 684 682 681 679 678 675 675 673 671 669 668 666 665 664 662 660 658 657 727 725 725 723 721 719 717 715 713 712 711 708 708 705 704 701 701 698
746 747 749 751 753 754 755 756 758 760 762 763 765 765 768 770 772 773 775 775 779 780 770 771 773 774 777 778 780 781 782 784 786 788 788 710 711 713 713 711 710 709 707 705 706 704 703 700 699 697 696 694 694 692 690 688 688 685 684 682 682 679 678 677 675 673 672 669 669 668 666 664 663 660 659 657 728 727 725 723 721 719 718 716 715 712 711 708 708 706 705 703 701 699
747 747 750 751 753 754 756 757 759 760 762 763 765 767 770 770 772 773 775 778 780 780 782 771 772 776 776 778 779 781 782 784 786 787 788 710 711 712 712 711 709 708 708 706 705 704 702 701 698 698 696 696 694 692 691 689 688 686 684 683 682 681 679 677 676 673 672 670 670 668 667 664 663 660 660 658 728 727 726 723 722 720 719 717 715 713 711 710 709 707 705 703 702 699
747 749 751 751 753 754 757 758 760 761 762 763 766 767 769 771 771 773 775 778 779 781 781 772 774 776 777 777 779 781 783 785 785 786 787 710 710 711 710 710 709 708 707 706 705 703 702 701 700 698 696 696 694 693 691 690 687 686 684 683 682 681 680 677 676 674 673 672 671 668 667 664 663 662 660 658 729 727 726 724 723 721 719 717 715 713 713 711 710 707 706 703 702 699
