testData/tiles/oneDegreeCosts/grid33.0-30.0-34.0-31.0.asc
ncols   200
nrows   200
xllcorner   33.0
yllcorner   30.0
cellsize   0.005
NODATA_value   -9999.0
[rows 42 to 83 of 200, columns 0 to 93 of 200]
372 372 372 372 333 333 333 333 333 333 333 333 333 333 333 333 346 352 359 364 369 373 377 380 383 386 389 392 394 396 399 401 403 405 407 409 411 413 415 416 419 421 422 424 425 427 428 430 431 433 434 435 437 438 439 440 442 443 444 445 446 447 448 450 451 452 453 454 455 456 457 458 459 460 461 461 462 463 464 465 466 467 468 468 469 470 471 472 472 473 474 475 475 476
372 372 372 333 333 333 333 333 333 333 333 333 333 333 333 333 348 356 362 367 371 375 379 382 385 388 390 393 396 398 400 402 404 406 408 411 413 415 417 418 420 422 423 425 426 428 429 431 432 433 435 436 437 439 440 441 442 444 445 446 447 448 449 450 451 452 453 454 455 456 457 458 459 460 461 462 463 464 465 466 467 467 468 469 470 471 471 472 473 474 474 475 476 477
372 372 372 333 333 333 333 333 333 333 333 333 333 333 333 346 353 360 365 369 373 377 381 384 387 389 392 394 397 399 402 405 407 409 411 412 414 416 418 419 421 423 424 426 427 429 430 432 433 434 436 437 438 440 441 442 443 444 446 447 448 449 450 451 452 453 454 455 456 457 458 459 460 461 462 463 464 465 465 466 467 468 469 470 470 471 472 473 474 474 475 476 477 477
372 372 372 333 333 333 333 333 333 333 333 333 333 333 333 349 357 363 368 372 376 379 382 385 388 391 394 397 399 402 404 406 408 410 412 414 415 417 419 420 422 424 425 427 428 430 431 433 434 435 437 438 439 440 442 443 444 445 446 447 449 450 451 452 453 454 455 456 457 458 459 460 461 462 463 464 464 465 466 467 468 469 469 470 471 472 473 473 474 475 476 476 477 478
372 372 333 333 333 333 333 333 333 333 333 333 333 333 346 354 360 365 370 374 378 381 385 388 391 393 396 398 401 403 405 407 409 411 413 415 416 418 420 421 423 425 426 428 429 431 432 433 435 436 437 439 440 441 442 444 445 446 447 448 449 450 452 453 454 455 456 457 458 459 460 461 461 462 463 464 465 466 467 468 468 469 470 471 472 473 473 474 475 476 476 477 478 479
372 372 333 333 333 333 333 333 333 333 333 333 333 333 350 357 363 368 373 377 380 384 387 390 392 395 397 400 402 404 406 408 410 412 414 416 417 419 421 422 424 426 427 429 430 431 433 434 436 437 438 440 441 442 443 444 446 447 448 449 450 451 452 453 454 455 456 457 458 459 460 461 462 463 464 465 466 467 467 468 469 470 471 472 472 473 474 475 475 476 477 478 478 479
372 372 333 333 333 333 333 333 333 333 333 333 333 346 354 362 367 371 375 379 382 385 388 391 394 396 399 401 403 405 407 409 411 413 415 417 418 420 422 423 425 427 428 430 431 432 434 435 436 438 439 440 442 443 444 445 446 448 449 450 451 452 453 454 455 456 457 458 459 460 461 462 463 464 465 466 466 467 468 469 470 471 471 472 473 474 475 475 476 477 478 478 479 480
372 333 333 333 333 333 333 333 333 333 333 334 334 351 359 365 369 374 377 381 384 387 390 393 395 398 400 402 404 406 408 410 412 414 416 418 419 421 423 424 426 427 429 430 432 433 435 436 437 439 440 441 442 444 445 446 447 448 449 450 452 453 454 455 456 457 458 459 460 461 462 463 463 464 465 466 467 468 469 470 470 471 472 473 474 474 475 476 477 477 478 479 480 480
372 333 333 333 333 333 333 333 334 334 334 334 347 356 362 367 372 376 379 383 386 389 391 394 397 399 401 403 406 408 410 412 413 415 417 419 420 422 424 425 427 428 430 431 433 434 435 437 438 439 441 442 443 444 446 447 448 449 450 451 452 453 454 455 456 457 458 459 460 461 462 463 464 465 466 467 468 469 469 470 471 472 473 473 474 475 476 477 477 478 479 479 480 481
372 333 333 333 333 334 334 334 334 334 334 347 352 359 365 370 374 378 381 384 387 390 393 395 398 400 402 405 407 409 411 413 415 416 418 420 421 423 425 426 428 429 431 432 434 435 436 438 439 440 441 443 444 445 446 447 449 450 451 452 453 455 456 457 458 459 460 461 462 463 464 465 466 467 468 468 469 470 471 472 473 473 474 475 476 477 477 478 479 480 480 481 482 482
333 333 333 334 334 334 334 334 334 334 334 347 356 362 367 372 376 379 383 386 389 392 394 397 399 401 404 406 408 410 412 414 416 417 419 421 422 424 426 427 429 430 432 433 434 436 437 438 440 441 442 444 446 447 448 449 450 451 453 454 455 456 457 458 459 460 461 462 463 464 465 466 466 467 468 469 470 471 472 472 473 474 475 476 476 477 478 479 479 480 481 482 482 483
334 334 334 334 334 334 334 334 334 334 347 352 359 365 370 374 378 381 385 388 390 393 396 398 400 403 405 407 409 411 413 415 417 418 420 422 423 425 427 428 430 431 432 434 436 438 439 440 442 443 444 445 446 448 449 450 451 452 453 454 455 456 457 459 460 461 461 462 463 464 465 466 467 468 469 470 471 471 472 473 474 475 475 476 477 478 479 479 480 481 481 482 483 484
334 334 334 334 334 334 334 334 334 334 347 356 362 368 372 376 380 383 386 389 392 394 397 399 402 404 406 408 410 412 414 416 418 419 421 423 424 426 427 430 431 433 434 436 437 438 440 441 442 444 445 446 447 448 450 451 452 453 454 455 456 457 458 459 460 461 462 463 464 465 466 467 468 469 469 470 471 472 473 474 474 475 476 477 478 478 479 480 481 481 482 483 483 484
334 334 334 334 334 334 334 334 334 347 352 360 365 370 374 378 381 385 388 391 393 396 398 401 403 405 407 409 411 413 415 417 419 420 423 425 426 428 429 431 432 434 435 437 438 439 441 442 443 444 446 447 448 449 450 451 452 454 455 456 457 458 459 460 461 462 463 464 465 466 467 467 468 469 470 471 472 473 473 474 475 476 477 477 478 479 480 480 481 482 483 483 484 485
334 334 334 334 334 334 334 334 334 347 356 363 368 372 376 380 383 386 389 392 395 397 400 402 404 406 408 410 412 415 417 419 421 422 424 425 427 429 430 432 433 435 436 437 439 440 441 443 444 445 446 447 449 450 451 452 453 454 455 456 457 458 460 461 461 462 463 464 465 466 467 468 469 470 471 472 472 473 474 475 476 476 477 478 479 480 480 481 482 482 483 484 485 485
334 334 334 334 334 334 334 334 347 352 360 365 370 374 378 382 385 388 391 393 396 398 401 403 405 408 410 412 414 416 418 420 421 423 425 426 428 430 431 432 434 435 437 438 439 441 442 443 445 446 447 448 449 451 452 453 454 455 456 457 458 459 460 461 462 463 464 465 466 467 468 469 470 470 471 472 473 474 475 475 476 477 478 479 479 480 481 482 482 483 484 484 485 486
334 334 334 334 334 334 334 334 347 356 363 368 372 376 380 383 386 389 392 395 397 400 403 405 407 409 411 413 415 417 419 421 422 424 426 427 429 430 432 433 435 436 438 439 440 442 443 444 445 447 448 449 450 451 452 453 455 456 457 458 459 460 461 462 463 464 465 466 467 467 468 469 470 471 472 473 474 474 475 476 477 478 478 479 480 481 481 482 483 484 484 485 486 486
334 334 334 334 334 334 334 347 352 359 365 370 374 378 382 385 388 391 394 397 399 402 404 406 408 410 412 414 416 418 420 422 423 425 427 428 430 431 433 434 436 437 438 440 441 442 444 445 446 447 448 450 451 452 453 454 455 456 457 458 459 460 461 462 463 464 465 466 467 468 469 470 471 472 472 473 474 475 476 477 477 478 479 480 480 481 482 483 483 484 485 486 486 487
334 334 334 334 334 334 334 347 356 362 368 372 376 380 383 387 390 393 396 398 401 403 405 407 410 412 414 415 417 419 421 423 424 426 427 429 431 432 433 435 436 438 439 440 442 443 444 446 447 448 449 450 451 453 454 455 456 457 458 459 460 461 462 463 464 465 466 467 468 469 470 470 471 472 473 474 475 476 476 477 478 479 479 480 481 482 482 483 484 485 485 486 487 487
334 334 334 334 334 334 334 352 359 365 370 374 379 383 386 389 392 394 397 400 402 404 406 409 411 413 415 416 418 420 422 423 425 427 428 430 431 433 434 436 437 439 440 441 442 444 445 446 447 449 450 451 452 453 454 455 457 458 459 460 461 462 463 464 465 466 467 467 468 469 470 471 472 473 474 474 475 476 477 478 478 479 480 481 482 482 483 484 484 485 486 487 487 488
334 334 334 334 334 334 347 356 362 368 373 377 381 384 387 390 393 396 398 401 403 405 407 410 412 414 415 417 419 421 423 424 426 428 429 431 432 434 435 437 438 439 441 442 443 444 446 447 448 449 451 452 453 454 455 456 457 458 459 460 461 462 463 464 465 466 467 468 469 470 471 473 473 474 475 476 477 478 478 479 480 481 482 482 482 483 484 484 485 486 486 487 488 488
334 334 334 334 334 334 352 360 366 371 375 379 382 386 389 392 394 397 400 402 404 406 409 411 413 415 416 418 420 422 424 425 427 428 430 431 433 434 436 437 439 440 441 443 444 445 446 448 449 450 451 452 453 455 456 457 458 460 461 462 463 464 465 466 467 468 469 470 471 471 472 473 474 475 476 477 477 478 479 480 481 481 482 483 484 484 485 486 487 487 488 489 489 490
334 334 334 335 335 348 356 363 368 373 377 381 384 387 390 393 396 398 401 403 405 408 410 412 414 416 417 419 421 423 424 426 428 429 431 432 434 435 437 438 439 441 442 443 445 446 447 448 450 452 453 454 455 456 457 458 459 461 462 463 464 465 466 466 467 468 469 470 471 472 473 474 475 475 476 477 478 479 480 480 481 482 483 483 484 485 486 486 487 488 488 489 490 490
334 335 335 335 335 352 360 365 370 375 379 382 386 389 392 394 397 399 402 404 406 409 411 413 415 417 418 420 422 424 425 427 429 430 432 433 435 436 437 439 440 441 443 445 446 448 449 450 451 452 454 455 456 457 458 459 460 461 462 463 464 465 466 467 468 469 470 471 472 473 473 474 475 476 477 478 478 479 480 481 482 482 483 484 485 485 486 487 488 488 489 490 490 491
335 335 335 335 348 356 362 368 373 377 380 384 387 390 393 396 398 401 403 405 407 410 412 414 416 417 419 421 423 424 426 428 429 431 432 434 435 437 439 441 442 443 445 446 447 448 450 451 452 453 454 455 456 458 459 460 461 462 463 464 465 466 467 468 469 470 470 471 472 473 474 475 476 477 477 478 479 480 481 481 482 483 484 484 485 486 487 487 488 489 489 490 491 491
335 335 335 335 351 359 365 370 375 378 382 385 389 391 394 397 399 402 404 406 409 411 413 415 417 418 420 422 424 425 427 429 430 433 434 436 437 438 440 441 443 444 445 446 448 449 450 451 453 454 455 456 457 458 459 460 461 462 463 464 465 466 467 468 469 470 471 472 473 474 475 475 476 477 478 479 480 480 481 482 483 483 484 485 486 486 487 488 489 489 490 491 491 492
335 335 335 348 355 362 367 372 376 380 384 387 390 393 395 398 401 403 405 407 410 412 414 416 417 419 421 423 424 427 429 430 432 433 435 436 438 439 441 442 443 445 446 447 448 450 451 452 453 454 455 457 458 459 460 461 462 463 464 465 466 467 468 469 470 471 472 472 473 474 475 476 477 478 478 479 480 481 482 482 483 484 485 485 486 487 488 488 489 490 490 491 492 492
335 335 335 350 358 365 370 374 378 382 385 388 391 394 397 399 402 404 406 408 411 413 415 416 418 421 423 425 426 428 430 431 433 434 436 437 439 440 441 443 444 445 447 448 449 450 451 453 454 455 456 457 458 459 460 462 463 464 465 466 467 467 468 469 470 471 472 473 474 475 476 477 477 478 479 480 481 481 482 483 484 484 485 486 487 487 488 489 490 490 491 492 492 493
335 335 348 354 361 367 372 376 380 383 387 390 393 395 398 400 403 405 407 409 412 414 416 418 420 422 424 425 427 429 430 432 433 435 436 438 439 441 442 443 445 446 447 449 450 451 452 453 454 456 457 458 459 460 461 462 463 464 465 466 467 468 469 470 471 472 473 474 474 475 476 477 478 479 480 480 481 482 483 483 484 485 486 486 487 488 489 489 490 491 491 492 493 493
335 335 348 357 364 369 374 378 381 385 388 391 394 397 399 402 404 406 409 411 413 415 417 419 421 423 425 426 428 430 431 433 434 436 437 439 440 441 443 444 445 447 448 449 450 452 453 454 455 456 457 458 460 461 462 463 464 465 466 467 468 469 470 471 471 472 473 474 475 476 477 478 478 479 480 481 482 482 483 484 485 485 486 487 488 488 489 490 491 491 492 493 493 494
335 335 353 360 366 371 376 379 383 386 389 392 395 398 400 404 406 408 410 412 414 416 418 420 422 424 425 427 429 430 432 433 435 436 438 439 441 442 443 445 446 447 449 450 451 452 453 455 456 457 458 459 460 461 462 463 464 465 466 467 468 469 470 471 472 473 474 475 476 476 477 478 479 480 481 481 482 483 484 484 485 486 487 487 488 489 490 490 491 492 492 493 494 494
335 348 356 363 369 373 377 381 384 388 391 394 397 400 402 405 407 409 411 413 415 417 419 421 423 425 426 428 430 431 433 434 436 437 439 440 441 443 444 445 447 448 449 450 452 453 454 455 456 457 459 460 461 462 463 464 465 466 467 468 469 470 471 472 473 473 474 475 476 477 478 479 479 480 481 482 483 483 484 485 486 486 487 488 489 489 490 491 491 492 493 493 494 495
335 351 360 366 371 375 379 383 386 389 393 396 398 401 403 406 408 410 412 414 416 418 420 422 424 425 427 429 430 432 433 435 436 438 439 441 442 443 445 446 447 449 450 451 452 453 455 456 457 458 459 460 461 462 463 464 465 466 467 468 469 470 471 473 474 475 476 477 478 478 479 480 481 482 483 483 484 485 486 486 487 488 489 489 490 491 492 492 493 494 494 495 495 495
348 355 362 368 373 377 381 385 388 391 394 397 400 402 404 407 409 411 413 415 417 419 421 423 424 426 428 429 431 433 434 436 437 439 440 441 443 444 445 447 448 449 450 452 453 454 455 456 458 459 460 461 462 464 465 466 467 468 469 470 471 472 473 474 475 475 476 477 478 479 480 481 481 482 483 484 485 485 486 487 488 488 489 490 491 491 492 493 493 494 495 495 496 497
350 358 365 370 375 379 383 386 390 393 395 398 401 403 405 408 410 412 414 416 418 420 422 424 425 427 429 430 432 433 435 436 438 439 441 442 443 445 446 447 449 450 451 452 454 455 456 458 459 460 461 462 463 464 466 467 468 469 469 470 471 472 473 474 475 476 477 478 479 479 480 481 482 483 484 484 485 486 487 487 488 489 490 490 491 492 492 493 494 495 495 496 497 497
354 361 368 373 377 381 385 388 391 394 397 399 402 404 407 409 411 413 415 417 419 421 423 424 426 428 429 431 433 434 436 437 439 440 441 443 444 445 447 448 449 452 453 454 455 456 457 459 460 461 462 463 464 465 466 467 468 469 470 471 472 473 474 475 476 476 477 478 479 480 481 482 482 483 484 485 486 486 487 488 489 489 490 491 492 492 493 494 494 495 496 496 497 498
358 365 370 375 379 383 386 389 392 395 398 400 403 405 407 410 412 414 416 418 420 422 423 425 427 429 430 432 433 435 436 438 439 441 442 443 445 447 448 450 451 452 453 455 456 457 458 459 460 461 462 463 465 466 467 468 469 470 471 472 472 473 474 475 476 477 478 479 480 480 481 482 483 484 485 485 486 487 488 488 489 490 491 491 492 493 493 494 495 495 496 497 497 498
361 367 372 376 380 384 387 391 393 396 399 401 404 406 408 411 413 415 417 419 421 422 424 426 428 429 431 432 434 436 437 438 441 442 444 445 446 448 449 450 452 453 454 455 456 457 459 460 461 462 463 464 465 466 467 468 469 470 471 472 473 474 475 476 477 477 478 479 480 481 482 483 483 484 485 486 487 487 488 489 490 490 491 492 492 493 494 495 495 496 497 497 498 498
364 369 374 378 382 385 389 392 395 397 400 402 405 407 409 412 414 416 418 420 421 423 425 427 428 430 432 433 435 437 439 440 442 443 444 446 447 448 450 451 452 453 455 456 457 458 459 460 461 462 464 465 466 467 468 469 470 471 472 473 473 474 475 476 477 478 479 480 481 481 482 483 484 485 485 486 487 488 489 489 490 491 491 492 493 494 494 495 496 496 497 498 498 499
366 371 376 380 383 387 390 393 396 398 401 404 406 408 410 412 415 417 418 420 422 424 426 427 429 432 433 435 436 438 439 441 442 444 445 446 448 449 450 451 453 454 455 456 457 459 460 461 462 463 464 465 466 467 468 469 470 471 472 473 474 475 476 477 478 478 479 480 481 482 483 484 484 485 486 487 487 488 489 490 490 491 492 493 493 494 495 495 496 497 497 498 499 499
368 373 377 381 385 388 391 394 397 400 402 405 407 409 411 413 415 417 419 421 423 425 427 429 431 432 434 436 437 439 440 441 443 444 446 447 448 450 451 452 453 455 456 457 458 459 460 461 462 464 465 466 467 468 469 470 471 472 473 474 474 475 476 477 478 479 480 481 482 482 483 484 485 486 486 487 488 489 489 490 491 492 492 493 494 494 495 496 496 497 498 498 499 500
370 375 379 383 386 389 392 395 398 401 403 405 408 410 412 414 416 418 420 423 425 427 428 430 432 433 435 436 438 439 441 442 444 445 446 448 449 450 451 453 454 455 456 457 459 460 461 462 463 464 465 466 467 468 469 470 471 472 473 474 475 476 477 478 479 479 480 481 482 483 484 484 485 486 487 488 488 489 490 491 491 492 493 493 494 495 496 496 497 498 498 499 500 500
