testData/tiles/oneDegreeCosts/grid46.0-3.0-47.0-4.0.asc
ncols   200
nrows   200
xllcorner   46.0
yllcorner   3.0
cellsize   0.005
NODATA_value   -9999.0
[rows 126 to 167 of 200, columns 94 to 187 of 200]
733 736 740 743 747 750 753 756 759 762 764 794 796 799 801 803 806 808 810 813 815 816 819 821 822 824 826 828 829 829 831 832 833 834 835 837 838 839 842 844 847 847 848 849 851 852 854 857 858 859 859 860 861 862 863 864 865 867 866 867 868 868 869 869 869 869 869 870 871 871 871 871 869 869 869 869 869 869 868 867 865 865 864 863 862 861 860 858 857 855 853 852 850 849
733 737 740 743 747 750 753 756 759 761 764 768 797 800 803 805 807 809 812 813 815 818 819 820 823 825 826 827 830 831 832 832 834 836 837 837 838 839 842 844 846 847 848 851 852 854 855 856 858 859 861 861 862 863 864 865 866 866 867 867 868 869 869 870 870 871 870 870 870 870 871 871 871 869 869 869 868 867 867 867 866 865 865 864 862 860 860 858 857 857 856 853 851 849
733 737 741 744 747 751 754 757 760 762 766 769 798 801 803 805 808 810 811 814 816 818 820 822 824 825 827 829 830 832 832 834 834 835 836 838 839 841 843 844 846 849 850 851 852 853 855 857 858 859 861 863 863 864 864 865 866 867 868 868 868 870 870 871 870 870 871 870 870 870 871 872 871 871 870 870 869 869 869 868 866 866 866 864 863 862 860 859 857 856 855 852 852 851
734 738 741 745 747 750 753 756 760 763 766 769 799 801 804 807 809 811 814 816 817 819 821 822 823 826 827 829 830 832 834 835 836 837 838 839 840 841 843 845 847 848 850 850 854 855 856 858 859 859 860 862 862 864 865 866 867 868 868 868 868 868 870 871 872 872 872 872 871 871 871 871 871 872 871 870 870 869 868 868 866 866 865 864 864 863 861 860 859 858 856 853 851 849
735 739 742 745 748 751 754 758 761 764 767 770 799 803 805 806 810 812 814 817 818 819 821 823 825 827 828 830 832 833 834 835 836 837 837 838 840 842 844 846 847 849 851 853 853 854 856 857 859 861 862 863 864 864 865 865 867 868 869 870 870 870 870 871 871 871 872 872 871 871 871 871 871 870 870 870 870 869 869 869 868 865 865 864 863 863 862 861 859 857 856 855 852 851
736 740 743 746 750 751 755 758 761 764 767 770 800 803 805 808 810 812 815 817 819 821 822 824 825 827 829 830 831 834 835 836 837 838 840 840 841 842 843 846 848 849 851 852 854 855 857 858 860 861 861 862 864 865 865 866 867 868 870 870 870 870 870 870 872 872 872 873 874 872 872 872 872 872 872 871 870 869 869 869 869 867 866 866 864 863 862 860 859 857 857 855 853 851
736 739 743 746 750 754 757 760 762 765 769 771 801 804 806 809 810 813 815 817 820 821 823 825 826 828 829 831 833 834 835 837 838 839 840 841 841 842 844 846 848 850 852 854 854 856 856 857 859 861 863 864 865 866 867 866 867 867 869 870 871 872 871 872 872 872 872 872 872 872 872 873 873 872 871 871 870 870 869 869 868 867 866 865 865 864 863 862 859 858 856 855 854 852
736 740 744 748 751 754 758 760 762 766 768 771 774 804 806 809 811 813 816 818 820 822 825 826 828 828 830 831 833 834 836 837 838 839 840 842 843 843 845 845 848 849 851 853 855 856 859 859 860 861 861 862 864 865 867 867 868 869 870 870 870 870 871 871 872 872 873 874 874 873 872 872 872 872 873 873 872 870 870 869 869 868 868 866 864 864 862 861 859 858 857 855 853 852
736 740 744 748 751 755 758 761 765 767 769 773 775 804 808 810 812 814 816 818 821 823 824 826 828 830 830 832 834 835 836 838 838 840 841 842 842 843 845 847 848 850 851 854 855 857 858 858 860 861 863 864 865 866 867 868 868 868 869 870 871 872 872 873 872 872 873 873 873 874 874 873 873 872 871 871 871 871 870 870 869 868 867 866 865 864 863 862 861 859 858 856 855 853
737 741 745 748 752 756 760 762 764 768 771 772 776 805 807 809 813 815 817 819 821 823 825 827 829 829 831 832 834 835 836 838 839 840 841 842 844 845 846 846 848 850 852 853 855 856 858 861 861 862 862 864 865 866 866 867 869 869 871 871 871 871 872 872 872 872 873 873 873 873 873 873 873 873 873 873 873 870 870 870 870 868 868 866 864 863 863 862 861 858 857 855 855 853
737 741 745 749 752 756 759 762 766 769 771 775 777 806 809 811 813 814 817 819 821 824 825 827 828 831 832 834 834 836 838 839 840 840 842 843 843 844 845 847 849 851 852 854 855 857 858 859 861 861 863 864 866 867 868 868 869 869 869 870 870 872 872 874 873 873 873 873 873 874 874 874 874 873 873 872 872 872 870 870 869 868 868 868 866 865 864 863 861 860 857 856 854 853
738 743 746 749 754 757 760 764 765 768 772 774 777 807 808 811 814 816 818 820 822 824 826 828 830 831 832 834 836 836 837 838 840 841 842 843 844 846 846 847 848 849 853 854 856 857 859 860 861 862 862 863 864 866 867 868 869 870 871 871 871 871 872 872 874 873 873 874 874 873 873 873 872 872 872 873 873 871 870 869 869 868 868 867 864 864 863 863 862 861 858 856 855 853
739 742 746 750 753 756 760 763 766 770 772 775 778 781 810 812 814 816 818 820 822 824 826 828 829 831 833 835 836 836 838 840 841 841 842 844 844 845 846 848 850 851 852 854 855 857 859 860 861 863 863 864 865 866 868 868 869 870 870 871 871 872 872 873 873 873 873 874 874 875 875 875 875 873 872 872 872 872 872 871 869 869 868 868 867 865 863 861 860 859 857 857 855 854
739 743 747 751 754 758 761 765 767 769 773 775 778 780 810 812 814 817 819 820 823 825 827 828 831 832 833 834 836 838 838 839 840 842 843 844 845 846 847 848 850 850 852 854 856 857 858 860 862 863 864 864 865 866 867 868 869 870 870 871 872 872 873 873 874 874 873 874 873 873 874 874 874 873 873 873 871 871 871 869 869 868 869 868 866 864 864 863 862 860 859 856 855 852
739 743 747 751 754 757 761 764 767 771 773 776 779 782 811 814 816 817 818 821 823 824 826 829 830 832 833 836 837 838 839 840 841 841 842 843 845 846 847 847 850 853 853 855 856 856 858 859 861 862 864 865 866 867 868 868 869 870 871 871 871 872 873 874 873 873 874 873 873 873 873 873 872 872 872 872 873 872 871 871 868 868 867 866 866 865 864 862 861 860 859 857 855 854
740 744 748 752 755 759 762 765 767 770 773 776 779 781 811 813 815 817 819 821 823 826 828 829 831 832 834 835 836 838 840 841 841 842 844 845 846 846 847 848 849 851 852 854 855 858 859 860 862 863 863 864 865 866 868 869 870 870 871 871 871 871 872 872 873 875 875 874 874 874 874 874 874 874 873 872 871 871 872 871 870 869 869 867 866 865 863 862 861 859 857 856 855 853
740 744 748 751 755 758 761 765 768 771 774 777 779 782 812 814 817 818 820 821 824 825 827 830 831 833 834 836 838 839 840 841 841 842 843 844 845 847 847 848 850 851 854 854 855 856 859 860 861 863 864 865 865 866 867 867 868 870 871 872 872 872 873 873 873 873 873 873 873 874 874 874 873 873 872 872 872 871 871 871 868 868 868 867 867 866 864 862 861 860 859 857 855 853
742 745 748 753 756 759 763 765 767 771 774 776 779 782 784 814 816 818 821 823 824 826 828 830 831 832 834 836 837 838 840 842 843 843 844 845 846 847 847 847 850 852 853 855 855 857 858 860 861 863 864 865 866 866 867 869 869 870 871 871 872 872 872 873 873 873 874 874 873 873 874 874 874 875 874 873 872 872 871 871 870 869 868 867 865 864 864 862 861 860 858 857 854 853
742 745 749 752 755 759 762 765 769 771 774 777 780 782 785 815 817 819 821 822 824 826 828 829 832 833 835 836 837 840 841 842 842 844 844 845 846 846 848 849 849 852 854 855 855 857 858 859 861 862 863 865 867 867 867 868 869 869 870 871 871 871 873 872 873 874 874 874 874 874 874 873 873 873 873 872 871 872 872 870 870 868 868 867 866 865 864 862 861 860 858 856 855 853
742 747 750 752 756 760 762 765 768 772 774 777 780 782 785 814 817 819 821 824 826 827 828 831 831 833 834 836 838 839 840 842 843 844 844 845 847 848 848 848 849 850 853 854 857 857 858 860 861 862 863 864 865 866 866 867 869 870 870 871 872 871 872 872 873 873 873 873 874 873 873 873 873 873 873 871 871 870 870 870 869 868 867 866 866 865 864 862 861 860 859 857 856 854
743 746 749 754 756 760 763 766 769 772 775 778 780 783 785 815 816 818 821 823 825 827 828 830 831 834 835 837 838 839 841 841 842 843 845 845 846 847 848 848 850 852 853 854 855 855 858 860 861 862 864 865 866 866 867 867 868 869 870 870 872 873 871 872 872 872 873 874 874 873 873 873 873 873 873 873 872 872 870 870 869 869 867 867 866 865 863 862 861 860 859 858 856 854
743 746 751 754 758 759 762 766 769 771 775 777 780 783 785 787 817 820 821 823 826 828 830 830 832 833 835 836 838 839 841 842 843 845 846 846 846 846 848 849 849 851 852 854 856 858 858 859 859 861 862 865 866 867 867 868 868 869 869 870 870 872 871 872 873 874 873 873 873 873 873 873 873 873 872 871 870 870 871 870 870 869 868 867 866 865 864 864 862 860 859 858 856 854
742 747 750 754 757 761 763 766 769 773 775 778 781 783 786 788 817 819 821 824 825 827 829 831 832 833 835 837 838 840 840 842 843 844 845 846 847 847 848 849 850 851 852 854 856 857 857 859 861 862 863 864 864 865 866 867 868 870 870 871 872 872 871 871 872 872 872 872 874 874 872 872 872 872 872 872 870 870 870 869 869 868 867 867 866 866 865 864 862 861 860 858 857 855
744 747 751 755 757 761 764 766 769 772 774 778 780 783 786 788 817 819 822 824 826 828 829 831 831 834 835 836 838 840 841 842 843 844 846 847 847 847 847 849 850 850 852 853 855 856 858 859 860 861 862 863 864 866 867 867 868 868 868 870 871 871 872 871 872 872 872 873 873 873 872 872 872 873 873 873 872 871 871 871 870 870 869 867 867 866 865 863 861 861 860 859 857 856
743 747 751 754 758 761 764 768 770 772 776 778 781 783 785 787 817 819 821 823 826 828 829 831 833 834 835 837 839 839 840 841 843 844 845 846 847 848 849 849 850 850 851 854 855 856 858 858 859 860 862 864 865 866 866 866 867 868 869 869 870 871 871 871 872 872 873 873 873 873 872 872 872 872 872 872 872 871 870 871 870 870 869 868 867 866 865 864 862 861 860 859 857 855
744 747 750 754 757 760 764 767 770 772 775 777 781 783 785 788 791 820 821 824 826 827 829 831 833 833 835 837 838 839 840 843 844 845 846 846 847 847 848 849 849 851 852 854 855 857 857 857 859 861 862 863 864 865 866 868 867 868 869 870 870 871 871 871 871 872 872 872 872 873 873 873 873 873 872 872 872 871 870 870 870 869 868 867 866 866 865 865 864 861 860 859 858 856
743 747 751 754 757 761 764 767 771 773 775 778 780 782 785 788 790 819 822 823 825 828 830 831 833 834 836 836 837 839 841 842 843 844 846 847 847 847 848 850 849 850 850 852 853 855 858 858 859 861 861 862 863 865 866 867 867 867 868 870 870 871 871 872 871 872 873 873 873 874 874 873 873 873 873 873 873 872 872 871 871 870 870 868 867 866 866 864 863 861 859 858 857 857
742 747 750 754 758 761 764 767 770 773 775 778 780 783 786 788 791 820 822 823 825 827 829 830 833 834 835 836 838 840 841 842 844 844 845 846 847 848 848 849 849 850 851 853 854 855 856 857 858 859 861 863 864 865 866 867 867 867 868 869 869 871 872 872 871 873 873 873 874 874 874 873 873 873 873 873 872 871 871 870 870 870 870 868 867 867 866 865 864 862 861 859 857 857
744 747 750 755 758 761 765 768 770 773 775 777 780 783 785 788 790 819 821 824 826 827 830 831 833 834 835 836 838 839 840 842 843 844 845 846 848 849 848 848 849 850 851 852 854 855 856 858 859 860 861 862 863 864 865 867 867 869 869 870 871 871 872 872 872 872 872 873 873 873 874 873 873 873 873 873 873 871 871 870 870 869 869 868 867 866 865 864 863 862 861 860 858 1021
743 746 751 754 757 761 764 767 770 773 776 778 780 783 786 788 790 791 821 823 825 827 829 831 832 835 836 836 838 840 841 841 842 843 845 846 847 848 848 849 850 850 851 851 853 854 857 859 859 860 861 862 863 864 866 867 868 868 868 869 871 871 872 872 872 872 872 874 874 874 874 873 873 873 873 873 873 873 872 872 871 871 870 869 868 867 865 864 863 861 860 859 858 1020
743 747 751 754 758 761 763 767 770 772 776 777 780 783 785 787 790 792 821 823 826 827 829 831 832 834 835 835 838 839 840 841 842 844 845 846 847 848 848 849 850 850 851 851 854 855 856 858 858 859 860 863 864 865 866 867 868 868 868 869 870 871 872 872 872 872 873 874 874 874 874 873 873 873 873 873 873 872 871 871 870 870 869 868 867 867 866 865 864 862 861 860 1022 1020
743 746 750 754 757 760 764 767 770 773 776 778 781 783 785 787 789 791 820 823 825 827 828 831 832 834 835 836 838 839 840 842 843 844 845 846 848 849 850 849 850 850 852 852 854 855 857 858 859 860 861 862 863 864 865 866 868 869 870 870 871 871 872 872 872 872 873 873 873 873 873 873 873 873 873 873 873 872 871 871 870 870 869 869 867 866 865 864 863 862 861 1023 1022 1020
743 746 751 753 756 760 763 766 770 772 775 778 780 782 785 787 789 791 794 823 825 828 829 831 832 835 836 837 838 839 841 842 843 844 846 847 848 849 850 849 851 851 852 852 853 854 858 859 860 860 861 862 863 864 866 867 868 868 869 869 870 870 872 872 873 872 873 873 873 874 874 874 873 873 873 873 873 873 871 871 870 871 870 870 867 866 865 864 863 862 1024 1023 1022 1020
742 747 750 753 757 760 763 767 770 772 776 778 780 783 785 787 789 792 794 823 826 828 829 831 833 835 836 837 839 840 841 842 843 845 846 847 848 849 851 850 851 851 852 852 854 855 857 858 859 859 860 861 864 865 866 867 868 868 869 869 870 870 871 872 873 872 873 873 873 874 874 874 873 873 873 873 873 873 871 871 870 870 869 869 867 866 865 864 863 1026 1023 1022 1022 1020
743 747 750 754 757 760 764 767 770 773 776 778 782 783 785 787 790 792 794 824 826 828 829 832 833 835 836 839 839 840 841 843 844 845 846 847 849 850 851 850 851 851 853 853 854 855 857 858 859 860 861 862 864 864 865 866 867 867 869 870 871 871 872 872 873 872 873 873 873 873 873 873 872 872 872 872 872 872 871 871 870 870 869 869 867 866 865 864 1027 1026 1024 1023 1022 1020
743 747 751 754 757 761 764 767 771 773 776 779 782 783 786 788 790 792 795 824 826 828 830 832 833 835 837 839 839 840 842 843 844 845 846 848 849 850 851 850 852 852 853 853 854 854 856 858 860 860 861 862 863 864 865 867 868 868 869 869 870 870 871 871 872 872 873 873 873 873 873 873 873 873 873 873 873 873 871 871 870 869 868 868 866 865 865 1027 1026 1026 1024 1023 1022 1020
743 747 751 754 758 761 764 768 771 773 777 779 782 784 786 788 790 793 795 797 826 829 830 832 834 836 837 839 839 841 842 843 844 846 847 848 849 850 851 851 852 852 853 853 854 855 857 858 859 859 860 861 862 864 866 867 868 868 869 869 870 870 871 871 872 872 873 873 873 873 873 873 872 872 873 873 873 873 871 871 870 870 869 869 867 866 1029 1028 1026 1025 1023 1022 1021 1019
743 747 751 755 758 761 765 768 771 774 777 779 782 784 786 788 791 793 795 798 827 829 830 833 834 836 837 839 840 841 842 843 845 846 847 848 849 851 852 851 852 852 853 854 855 855 857 858 859 859 861 862 863 864 865 866 867 867 868 868 870 871 872 872 873 872 873 873 873 873 873 873 872 872 872 872 872 871 870 870 869 869 868 868 867 1029 1029 1028 1027 1026 1024 1023 1022 1019
744 747 751 755 758 762 765 768 772 774 777 779 783 784 786 789 791 793 796 798 827 828 831 833 834 836 838 839 840 841 842 844 845 846 847 848 850 851 851 851 852 853 854 854 855 855 855 857 859 859 861 862 863 864 865 866 867 868 868 869 870 870 871 871 872 871 871 872 872 872 873 873 872 872 872 872 872 871 870 870 869 869 868 868 1030 1029 1028 1027 1026 1025 1023 1022 1021 1019
744 747 752 755 758 762 765 768 771 774 777 780 782 784 787 789 791 794 796 798 800 829 831 833 834 837 838 839 840 842 843 844 845 846 848 849 850 851 851 852 853 853 854 854 855 855 856 858 859 859 860 861 862 863 865 866 867 868 868 869 870 870 871 871 872 871 871 872 873 873 873 873 872 872 872 872 872 871 870 870 869 869 869 1032 1031 1029 1028 1027 1026 1025 1023 1022 1020 1019
744 748 751 755 759 762 765 769 771 774 777 780 782 785 787 789 792 794 796 798 801 829 831 832 835 836 838 839 841 842 843 844 845 847 848 849 850 851 852 852 853 853 854 854 856 856 856 858 859 859 860 862 863 864 865 866 867 867 867 868 869 869 870 871 872 871 872 873 873 873 873 873 872 872 872 872 872 871 870 869 869 869 1032 1031 1030 1029 1028 1027 1026 1025 1022 1021 1019 1018
744 748 751 756 759 762 766 768 771 775 777 780 783 784 787 790 792 794 796 799 800 829 831 833 835 836 838 840 840 842 843 845 846 847 848 849 851 851 852 852 852 853 855 855 855 856 856 856 858 859 860 861 862 864 865 866 867 866 867 869 869 870 871 871 871 871 871 871 872 872 872 872 871 871 871 871 870 870 869 869 869 1032 1032 1031 1029 1029 1028 1027 1026 1025 1023 1021 1020 1019
