testData/tiles/oneDegreeCosts/grid24.0-35.0-25.0-36.0.asc
ncols   200
nrows   200
xllcorner   24.0
yllcorner   35.0
cellsize   0.005
NODATA_value   -9999.0
[rows 126 to 167 of 200, columns 0 to 93 of 200]
785 785 785 785 785 785 785 785 785 785 785 785 785 785 785 785 784 784 760 760 760 760 760 760 760 760 760 760 759 759 759 759 759 759 759 759 759 758 758 758 758 758 758 757 757 757 757 757 757 756 756 756 756 756 755 755 755 755 755 754 754 754 754 754 753 753 753 753 752 752 752 751 751 751 751 750 750 750 750 749 749 749 748 748 748 747 747 747 746 746 746 745 745 745
785 785 785 785 785 785 785 785 785 785 785 785 785 785 785 785 785 785 761 761 761 761 760 760 760 760 760 760 760 760 760 760 759 759 759 759 759 759 759 759 758 758 758 758 758 758 757 757 757 757 757 757 756 756 756 756 756 755 755 755 755 754 754 754 754 753 753 753 753 752 752 752 752 751 751 751 751 750 750 750 749 749 749 748 748 748 747 747 747 746 746 746 745 745
786 786 786 786 786 786 786 786 786 786 786 786 786 786 785 785 785 785 761 761 761 761 761 761 761 761 761 760 760 760 760 760 760 760 760 760 759 759 759 759 759 759 759 758 758 758 758 758 758 757 757 757 757 757 756 756 756 756 756 755 755 755 755 754 754 754 754 753 753 753 753 752 752 752 752 751 751 751 750 750 750 750 749 749 749 748 748 748 747 747 747 746 746 746
786 786 786 786 786 786 786 786 786 786 786 786 786 786 786 786 786 786 762 762 761 761 761 761 761 761 761 761 761 761 761 760 760 760 760 760 760 760 760 759 759 759 759 759 759 758 758 758 758 758 758 757 757 757 757 757 756 756 756 756 756 755 755 755 755 754 754 754 754 753 753 753 753 752 752 752 751 751 751 751 750 750 750 749 749 749 748 748 748 747 747 747 746 746
787 787 787 787 787 787 787 787 787 787 787 786 786 786 786 786 786 786 762 762 762 762 762 762 762 761 761 761 761 761 761 761 761 761 760 760 760 760 760 760 760 760 759 759 759 759 759 759 758 758 758 758 758 757 757 757 757 757 756 756 756 756 756 755 755 755 755 754 754 754 754 753 753 753 752 752 752 752 751 751 751 750 750 750 749 749 749 749 748 748 747 747 747 746
787 787 787 787 787 787 787 787 787 787 787 787 787 787 787 787 787 787 762 762 762 762 762 762 762 762 762 762 762 762 761 761 761 761 761 761 761 761 760 760 760 760 760 760 759 759 759 759 759 759 758 758 758 758 758 757 757 757 757 757 756 756 756 756 755 755 755 755 755 754 754 754 753 753 753 753 752 752 752 751 751 751 751 750 750 750 749 749 749 748 748 748 747 747
788 788 788 788 788 788 787 787 787 787 787 787 787 787 787 787 787 787 763 763 763 763 763 763 762 762 762 762 762 762 762 762 762 761 761 761 761 761 761 761 761 760 760 760 760 760 760 759 759 759 759 759 758 758 758 758 758 757 757 757 757 757 756 756 756 756 755 755 755 755 754 754 754 754 753 753 753 752 752 752 752 751 751 751 750 750 750 749 749 749 748 748 748 747
788 788 788 788 788 788 788 788 788 788 788 788 788 788 788 788 787 787 763 763 763 763 763 763 763 763 763 763 762 762 762 762 762 762 762 762 761 761 761 761 761 761 761 760 760 760 760 760 760 759 759 759 759 759 759 758 758 758 758 757 757 757 757 757 756 756 756 756 755 755 755 755 754 754 754 754 753 753 753 752 752 752 751 751 751 750 750 750 750 749 749 748 748 748
788 788 788 788 788 788 788 788 788 788 788 788 788 788 788 788 788 788 764 764 764 764 763 763 763 763 763 763 763 763 763 763 762 762 762 762 762 762 762 761 761 761 761 761 761 761 760 760 760 760 760 760 759 759 759 759 759 758 758 758 758 757 757 757 757 757 756 756 756 756 755 755 755 754 754 754 754 753 753 753 752 752 752 752 751 751 751 750 750 750 749 749 749 748
535 789 789 789 789 789 789 789 789 789 789 789 788 788 788 788 788 788 764 764 764 764 764 764 764 764 763 763 763 763 763 763 763 763 763 762 762 762 762 762 762 762 761 761 761 761 761 761 760 760 760 760 760 760 759 759 759 759 759 758 758 758 758 757 757 757 757 756 756 756 756 755 755 755 755 754 754 754 754 753 753 753 752 752 752 751 751 751 750 750 750 749 749 749
535 535 535 535 535 789 789 789 789 789 789 789 789 789 789 789 789 789 765 764 764 764 764 764 764 764 764 764 764 764 763 763 763 763 763 763 763 763 762 762 762 762 762 762 762 761 761 761 761 761 761 760 760 760 760 760 759 759 759 759 759 758 758 758 758 757 757 757 757 756 756 756 756 755 755 755 755 754 754 754 753 753 753 752 752 752 751 751 751 750 750 750 749 749
536 536 536 536 536 536 536 536 536 789 789 789 789 789 789 789 789 789 765 765 765 765 765 765 764 764 764 764 764 764 764 764 764 764 763 763 763 763 763 763 763 762 762 762 762 762 762 761 761 761 761 761 761 760 760 760 760 760 759 759 759 759 758 758 758 758 758 757 757 757 757 756 756 756 755 755 755 755 754 754 754 753 753 753 753 752 752 752 751 751 751 750 750 750
536 536 536 536 536 536 536 536 536 536 536 536 536 536 790 790 789 789 765 765 765 765 765 765 765 765 765 765 764 764 764 764 764 764 764 764 764 763 763 763 763 763 763 763 762 762 762 762 762 762 761 761 761 761 761 760 760 760 760 760 759 759 759 759 758 758 758 758 757 757 757 757 756 756 756 756 755 755 755 754 754 754 754 753 753 753 752 752 752 751 751 751 750 750
536 536 536 536 536 536 536 536 536 536 536 536 536 536 536 536 536 536 512 766 766 766 765 765 765 765 765 765 765 765 765 765 764 764 764 764 764 764 764 764 763 763 763 763 763 763 762 762 762 762 762 762 761 761 761 761 761 760 760 760 760 760 759 759 759 759 758 758 758 758 757 757 757 757 756 756 756 755 755 755 755 754 754 754 753 753 753 752 752 752 751 751 751 750
537 537 537 537 537 537 537 537 537 537 537 537 536 536 536 536 536 536 512 512 512 512 512 512 766 766 765 765 765 765 765 765 765 765 765 764 764 764 764 764 764 764 763 763 763 763 763 763 763 762 762 762 762 762 761 761 761 761 761 760 760 760 760 759 759 759 759 759 758 758 758 758 757 757 757 756 756 756 756 755 755 755 754 754 754 753 753 753 753 752 752 752 751 751
537 537 537 537 537 537 537 537 537 537 537 537 537 537 537 537 537 537 513 512 512 512 512 512 512 512 512 512 512 766 765 765 765 765 765 765 765 765 764 764 764 764 764 764 764 763 763 763 763 763 763 762 762 762 762 762 761 761 761 761 761 760 760 760 760 759 759 759 759 758 758 758 758 757 757 757 757 756 756 756 755 755 755 755 754 754 754 753 753 753 752 752 752 751
538 538 538 538 538 538 537 537 537 537 537 537 537 537 537 537 537 537 513 513 513 513 513 513 512 512 512 512 512 512 512 512 512 512 512 765 765 765 765 765 765 764 764 764 764 764 764 763 763 763 763 763 763 762 762 762 762 762 761 761 761 761 761 760 760 760 760 759 759 759 759 758 758 758 758 757 757 757 756 756 756 756 755 755 755 754 754 754 753 753 753 752 752 752
538 538 538 538 538 538 538 538 538 538 538 538 538 538 538 537 537 537 513 513 513 513 513 513 513 513 513 513 512 512 512 512 512 512 512 512 512 511 511 511 511 765 765 765 764 764 764 764 764 764 763 763 763 763 763 762 762 762 762 762 761 761 761 761 760 760 760 760 759 759 759 759 758 758 758 758 757 757 757 757 756 756 756 755 755 755 754 754 754 753 753 753 752 752
538 538 538 538 538 538 538 538 538 538 538 538 538 538 538 538 538 538 514 514 514 513 513 513 513 513 513 513 513 513 513 512 512 512 512 512 512 512 512 511 511 511 511 511 511 511 510 510 510 764 764 764 763 763 763 763 763 762 762 762 762 762 761 761 761 761 760 760 760 760 759 759 759 759 758 758 758 758 757 757 757 756 756 756 755 755 755 755 754 754 754 753 753 752
539 539 539 539 539 539 539 539 539 539 538 538 538 538 538 538 538 538 514 514 514 514 514 514 514 513 513 513 513 513 513 513 513 513 513 512 512 512 512 512 512 512 511 511 511 511 511 511 510 510 510 510 510 510 509 509 509 509 763 762 762 762 762 761 761 761 761 761 760 760 760 760 759 759 759 758 758 758 758 757 757 757 756 756 756 756 755 755 755 754 754 754 753 753
539 539 539 539 539 539 539 539 539 539 539 539 539 539 539 539 539 538 514 514 514 514 514 514 514 514 514 514 514 513 513 513 513 513 513 513 513 513 512 512 512 512 512 512 512 511 511 511 511 511 510 510 510 510 510 510 509 509 509 509 509 508 508 508 508 507 507 507 507 760 760 760 760 759 759 759 759 758 758 758 757 757 757 757 756 756 756 755 755 755 754 754 754 753
539 539 539 539 539 539 539 539 539 539 539 539 539 539 539 539 539 539 515 515 515 515 514 514 514 514 514 514 514 514 514 514 514 513 513 513 513 513 513 513 512 512 512 512 512 512 512 511 511 511 511 511 511 510 510 510 510 510 509 509 509 509 508 508 508 508 508 507 507 507 507 506 506 506 506 506 506 506 506 506 506 506 506 506 506 506 506 506 506 506 506 506 506 506
540 540 540 540 540 540 540 540 540 540 540 540 540 539 539 539 539 539 515 515 515 515 515 515 515 515 515 514 514 514 514 514 514 514 514 514 513 513 513 513 513 513 513 512 512 512 512 512 512 511 511 511 511 511 511 510 510 510 510 509 509 509 509 509 508 508 508 508 507 507 507 507 506 506 506 506 506 506 506 506 506 506 506 506 506 506 506 506 506 506 506 506 506 506
540 540 540 540 540 540 540 540 540 540 540 540 540 540 540 540 540 540 516 515 515 515 515 515 515 515 515 515 515 515 514 514 514 514 514 514 514 514 514 513 513 513 513 513 513 512 512 512 512 512 512 511 511 511 511 511 510 510 510 510 510 509 509 509 509 509 508 508 508 508 507 507 507 507 506 506 506 506 506 506 506 506 506 506 506 506 506 506 506 506 506 506 506 506
541 541 541 541 541 540 540 540 540 540 540 540 540 540 540 540 540 540 516 516 516 516 516 516 515 515 515 515 515 515 515 515 515 515 514 514 514 514 514 514 514 513 513 513 513 513 513 513 512 512 512 512 512 511 511 511 511 511 510 510 510 510 510 509 509 509 509 508 508 508 508 507 507 507 507 506 506 506 506 506 506 506 506 506 506 506 506 506 506 506 506 506 506 506
541 541 541 541 541 541 541 541 541 541 541 541 541 541 540 540 540 516 516 516 516 516 516 516 516 516 516 516 515 515 515 515 515 515 515 515 514 514 514 514 514 514 514 514 513 513 513 513 513 513 512 512 512 512 512 511 511 511 511 511 510 510 510 510 510 509 509 509 509 508 508 508 508 507 507 507 507 506 506 506 506 506 506 506 506 506 506 506 506 506 506 506 506 506
541 541 541 541 541 541 541 541 541 541 541 541 541 541 541 541 541 517 517 517 516 516 516 516 516 516 516 516 516 516 516 515 515 515 515 515 515 515 515 514 514 514 514 514 514 514 513 513 513 513 513 513 512 512 512 512 512 511 511 511 511 511 510 510 510 510 509 509 509 509 508 508 508 508 507 507 507 507 506 506 506 506 506 506 506 506 506 506 506 506 506 506 506 506
542 542 542 542 542 542 542 541 541 541 541 541 541 541 541 541 541 517 517 517 517 517 517 517 517 516 516 516 516 516 516 516 516 516 515 515 515 515 515 515 515 515 514 514 514 514 514 514 513 513 513 513 513 513 512 512 512 512 512 511 511 511 511 510 510 510 510 510 509 509 509 509 508 508 508 508 507 507 507 506 506 506 506 506 506 506 506 506 506 506 506 506 506 506
542 542 542 542 542 542 542 542 542 542 542 542 542 542 542 542 541 517 517 517 517 517 517 517 517 517 517 517 516 516 516 516 516 516 516 516 516 515 515 515 515 515 515 515 514 514 514 514 514 514 513 513 513 513 513 513 512 512 512 512 512 511 511 511 511 510 510 510 510 509 509 509 509 508 508 508 508 507 507 507 507 506 506 506 506 506 506 506 506 506 506 506 506 506
542 542 542 542 542 542 542 542 542 542 542 542 542 542 542 542 542 518 518 518 518 517 517 517 517 517 517 517 517 517 517 517 516 516 516 516 516 516 516 516 515 515 515 515 515 515 514 514 514 514 514 514 513 513 513 513 513 512 512 512 512 512 511 511 511 511 511 510 510 510 510 509 509 509 509 508 508 508 507 507 507 507 506 506 506 506 506 506 506 506 506 506 506 506
543 543 543 543 543 543 543 543 543 542 542 542 542 542 542 542 542 518 518 518 518 518 518 518 518 517 517 517 517 517 517 517 517 517 517 516 516 516 516 516 516 516 515 515 515 515 515 515 515 514 514 514 514 514 513 513 513 513 513 512 512 512 512 512 511 511 511 511 510 510 510 510 509 509 509 509 508 508 508 508 507 507 507 506 506 506 506 506 506 506 506 506 506 506
543 543 543 543 543 543 543 543 543 543 543 543 543 543 543 543 542 518 518 518 518 518 518 518 518 518 518 518 518 517 517 517 517 517 517 517 517 516 516 516 516 516 516 516 515 515 515 515 515 515 515 514 514 514 514 514 513 513 513 513 513 512 512 512 512 511 511 511 511 511 510 510 510 510 509 509 509 508 508 508 508 507 507 507 506 506 506 506 506 506 506 506 506 506
543 543 543 543 543 543 543 543 543 543 543 543 543 543 543 543 543 519 519 519 519 518 518 518 518 518 518 518 518 518 518 518 517 517 517 517 517 517 517 517 516 516 516 516 516 516 516 515 515 515 515 515 514 514 514 514 514 514 513 513 513 513 512 512 512 512 512 511 511 511 511 510 510 510 510 509 509 509 509 508 508 508 507 507 507 506 506 506 506 506 506 506 506 506
544 544 544 544 544 544 544 544 544 544 543 543 543 543 543 543 543 519 519 519 519 519 519 519 519 518 518 518 518 518 518 518 518 518 518 517 517 517 517 517 517 517 516 516 516 516 516 516 516 515 515 515 515 515 514 514 514 514 514 513 513 513 513 513 512 512 512 512 511 511 511 511 510 510 510 510 509 509 509 509 508 508 508 507 507 507 507 506 506 506 506 506 506 506
544 544 544 544 544 544 544 544 544 544 544 544 544 544 544 544 544 519 519 519 519 519 519 519 519 519 519 519 519 518 518 518 518 518 518 518 518 518 517 517 517 517 517 517 517 516 516 516 516 516 516 515 515 515 515 515 514 514 514 514 514 513 513 513 513 513 512 512 512 512 511 511 511 511 510 510 510 510 509 509 509 508 508 508 508 507 507 507 506 506 506 506 506 506
544 544 544 544 544 544 544 544 544 544 544 544 544 544 544 544 544 520 520 520 520 519 519 519 519 519 519 519 519 519 519 519 518 518 518 518 518 518 518 518 517 517 517 517 517 517 517 516 516 516 516 516 516 515 515 515 515 515 514 514 514 514 514 513 513 513 513 512 512 512 512 511 511 511 511 510 510 510 510 509 509 509 508 508 508 508 507 507 507 506 506 506 506 506
545 545 545 545 545 545 545 545 545 545 544 544 544 544 544 544 520 520 520 520 520 520 520 520 520 520 519 519 519 519 519 519 519 519 519 518 518 518 518 518 518 518 518 517 517 517 517 517 517 516 516 516 516 516 515 515 515 515 515 515 514 514 514 514 513 513 513 513 513 512 512 512 512 511 511 511 510 510 510 510 509 509 509 509 508 508 508 507 507 507 506 506 506 506
545 545 545 545 545 545 545 545 545 545 545 545 545 545 545 545 520 520 520 520 520 520 520 520 520 520 520 520 520 519 519 519 519 519 519 519 519 519 518 518 518 518 518 518 518 517 517 517 517 517 517 516 516 516 516 516 515 515 515 515 515 514 514 514 514 514 513 513 513 513 512 512 512 512 511 511 511 511 510 510 510 509 509 509 509 508 508 508 507 507 507 506 506 506
545 545 545 545 545 545 545 545 545 545 545 545 545 545 545 545 521 521 521 521 521 520 520 520 520 520 520 520 520 520 520 520 519 519 519 519 519 519 519 519 518 518 518 518 518 518 518 517 517 517 517 517 517 516 516 516 516 516 515 515 515 515 515 514 514 514 514 513 513 513 513 512 512 512 512 511 511 511 511 510 510 510 509 509 509 509 508 508 508 507 507 507 506 506
546 546 546 546 546 546 546 546 546 545 545 545 545 545 545 545 521 521 521 521 521 521 521 521 521 520 520 520 520 520 520 520 520 520 520 519 519 519 519 519 519 519 518 518 518 518 518 518 518 517 517 517 517 517 516 516 516 516 516 516 515 515 515 515 514 514 514 514 514 513 513 513 513 512 512 512 512 511 511 511 510 510 510 510 509 509 509 508 508 508 507 507 507 506
546 546 546 546 546 546 546 546 546 546 546 546 546 546 546 546 521 521 521 521 521 521 521 521 521 521 521 521 521 520 520 520 520 520 520 520 520 519 519 519 519 519 519 519 519 518 518 518 518 518 518 517 517 517 517 517 516 516 516 516 516 515 515 515 515 515 514 514 514 514 513 513 513 513 512 512 512 512 511 511 511 510 510 510 510 509 509 509 508 508 508 507 507 507
546 546 546 546 546 546 546 546 546 546 546 546 546 546 546 546 522 522 522 522 522 521 521 521 521 521 521 521 521 521 521 521 520 520 520 520 520 520 520 520 519 519 519 519 519 519 519 518 518 518 518 518 518 517 517 517 517 517 516 516 516 516 516 515 515 515 515 514 514 514 514 513 513 513 513 512 512 512 512 511 511 511 511 510 510 510 509 509 509 508 508 508 507 507
