testData/tiles/oneDegreeCosts/grid49.0-19.0-50.0-20.0.asc
ncols   200
nrows   200
xllcorner   49.0
yllcorner   19.0
cellsize   0.005
NODATA_value   -9999.0
[rows 138 to 183 of 200, columns 0 to 95 of 200]
229 229 229 229 229 229 229 229 229 229 229 229 229 229 229 229 229 229 229 229 229 152 152 152 152 152 152 152 152 152 152 152 152 152 152 152 152 152 152 152 152 152 152 152 152 197 197 174 174 174 174 174 174 174 174 174 143 143 143 143 143 143 143 143 143 143 143 143 143 143 143 143 143 143 143 143 143 143 143 143 143 143 143 143 143 143 143 143 143 143 143 143 143 143 143 143
229 229 229 229 229 229 229 229 229 229 229 229 229 229 229 229 229 229 229 229 229 152 152 152 152 152 152 152 152 152 152 152 152 152 152 152 152 152 152 152 152 152 152 197 197 197 197 174 174 174 174 174 174 143 143 143 143 143 143 143 143 143 143 143 143 143 143 143 143 143 143 143 143 143 143 143 143 143 143 143 143 143 143 143 143 143 143 143 143 143 143 143 143 143 143 143
229 229 229 229 229 229 229 229 229 229 229 229 229 229 229 229 229 229 229 229 152 152 152 152 152 152 152 152 152 152 152 152 152 152 152 152 152 152 152 152 152 152 197 197 197 197 197 174 174 174 143 143 143 143 143 143 143 143 143 143 143 143 143 143 143 143 143 143 143 143 143 143 143 143 143 143 143 143 143 143 143 143 143 143 143 143 143 143 143 143 143 143 143 143 143 143
229 229 229 229 229 229 229 229 229 229 229 229 229 229 229 229 229 229 229 229 152 152 152 152 152 152 152 152 152 152 152 152 152 152 152 152 152 152 152 152 152 197 197 197 197 197 143 143 143 143 143 143 143 143 143 143 143 143 143 143 143 143 143 143 143 143 143 143 143 143 143 143 143 143 143 143 143 143 143 143 143 143 143 143 143 143 143 143 143 143 143 143 143 143 143 143
229 229 229 229 229 229 229 229 229 229 229 229 229 229 229 229 229 229 229 229 152 152 152 152 152 152 152 152 152 152 152 152 152 152 152 152 152 152 152 152 197 197 143 143 143 143 143 143 143 143 143 143 143 143 143 143 143 143 143 143 143 143 143 143 143 143 143 143 143 143 143 143 143 143 143 143 143 143 143 143 143 143 143 143 143 143 143 143 143 143 143 143 143 143 143 143
229 229 229 229 229 229 229 229 229 229 229 229 229 229 229 229 229 229 229 152 152 152 152 152 152 152 152 152 152 152 152 152 152 152 152 152 152 152 143 143 143 143 143 143 143 143 143 143 143 143 143 143 143 143 143 143 143 143 143 143 143 143 143 143 143 143 143 143 143 143 143 143 143 143 143 143 143 143 143 143 143 143 143 143 143 143 143 143 143 143 143 143 143 143 143 143
229 229 229 229 229 229 229 229 229 229 229 229 229 229 229 229 229 229 229 152 152 152 152 152 152 152 152 152 152 152 152 152 152 152 143 143 143 143 143 143 143 143 143 143 143 143 143 143 143 143 143 143 143 143 143 143 143 143 143 143 143 143 143 143 143 143 143 143 143 143 143 143 143 143 143 143 143 143 143 143 143 143 143 143 143 143 143 143 143 143 143 143 143 143 143 143
229 229 229 229 229 229 229 229 229 229 229 229 229 229 229 229 229 229 229 152 259 152 152 152 152 152 152 152 143 143 143 143 143 143 143 143 143 143 143 143 143 143 143 143 143 143 143 143 143 143 143 143 143 143 143 143 143 143 143 143 143 143 143 143 143 143 143 143 143 143 143 143 143 143 143 143 143 143 143 143 143 143 143 143 143 143 143 143 143 143 143 143 143 143 143 143
229 229 336 336 336 336 336 336 336 336 336 336 336 336 336 336 336 336 336 259 259 259 143 143 143 143 143 143 143 143 143 143 143 143 143 175 175 175 175 143 143 143 143 143 143 143 143 143 143 143 143 143 143 143 143 143 143 143 143 143 143 143 143 143 143 143 143 143 143 143 143 143 143 143 143 143 143 143 143 143 143 143 143 143 143 143 143 143 143 143 143 143 143 143 143 143
336 336 336 336 336 336 336 336 336 336 336 336 336 336 207 207 207 207 143 143 143 143 143 143 143 143 143 143 143 143 143 143 143 143 175 175 175 175 175 175 175 175 175 175 175 175 143 143 143 143 143 143 143 143 143 143 143 143 143 143 143 143 143 143 143 143 143 143 143 143 143 143 143 143 143 143 143 143 143 143 143 143 143 143 143 143 143 143 143 143 143 143 143 143 143 143
207 207 207 207 207 207 207 207 207 207 207 207 207 207 207 207 207 207 143 143 143 143 143 143 143 143 143 143 143 143 143 143 143 175 175 175 175 175 175 175 175 175 175 175 175 175 175 152 152 152 250 250 143 143 143 143 143 143 143 143 143 143 143 143 143 143 143 143 143 143 143 143 143 143 143 143 143 143 143 143 143 143 143 143 143 143 143 143 143 143 143 143 143 143 143 143
207 207 207 207 207 207 207 207 207 207 207 207 207 207 207 207 207 207 143 143 143 143 143 143 143 143 143 143 143 143 143 143 175 175 175 175 175 175 175 175 175 175 175 175 175 175 175 152 152 250 250 250 250 250 250 250 250 143 143 143 143 143 143 143 143 143 143 143 143 143 143 143 143 143 143 143 143 143 143 143 143 143 143 143 143 143 143 143 143 143 143 143 143 143 143 143
207 207 207 207 207 207 207 207 207 207 207 207 207 207 207 207 207 207 143 143 143 143 143 143 143 143 143 143 143 143 143 175 175 175 175 175 175 175 175 175 175 175 175 175 175 175 175 152 250 250 250 250 250 250 250 250 250 250 250 250 250 143 143 143 143 143 143 143 143 143 143 143 143 143 143 143 143 143 143 143 143 143 143 143 143 143 143 143 143 143 143 143 143 143 143 143
207 207 207 207 207 207 207 207 207 207 207 207 207 207 207 207 207 143 143 143 143 143 143 143 143 143 143 143 143 143 175 175 175 175 175 175 175 175 175 175 175 175 175 175 175 175 175 250 250 250 250 250 250 250 250 250 250 250 250 250 250 250 250 250 143 143 143 143 143 143 143 143 143 143 143 143 143 143 143 143 143 143 143 143 143 143 143 143 143 143 143 143 143 143 143 143
207 207 207 207 207 207 207 207 207 207 207 207 207 207 207 207 207 143 143 143 143 143 143 143 143 143 143 143 143 175 175 175 175 175 175 175 175 175 175 175 175 175 175 175 175 175 273 250 250 250 250 250 250 250 250 250 250 250 250 250 250 250 250 250 250 250 250 250 143 143 143 143 143 143 143 143 143 143 143 143 143 143 143 143 143 143 143 143 143 143 143 143 143 143 143 144
207 207 207 207 207 207 207 207 207 207 207 207 207 207 207 207 207 143 143 143 143 143 143 143 143 143 143 143 143 175 175 175 175 175 175 175 175 175 175 175 175 175 175 175 175 273 273 250 250 250 250 250 250 250 250 250 250 250 250 250 250 250 250 250 250 250 250 250 250 250 250 143 143 143 143 143 143 143 143 143 143 143 143 143 143 143 143 143 143 143 143 143 143 144 144 145
207 207 207 207 207 207 207 207 207 207 207 207 207 207 207 207 143 143 143 143 143 143 143 143 143 143 143 143 175 175 175 175 175 175 175 175 175 175 175 175 175 175 175 175 273 273 273 250 250 250 250 250 250 250 250 250 250 250 250 250 250 250 250 250 250 250 250 250 250 250 250 250 250 250 143 143 143 143 143 143 143 143 143 143 143 143 143 143 143 143 143 143 144 145 145 146
207 207 207 207 207 207 207 207 207 207 207 207 207 207 207 207 143 143 143 143 143 143 143 143 143 143 143 175 175 175 175 175 175 175 175 175 175 175 175 175 175 175 175 273 273 273 250 250 250 250 250 250 250 250 250 250 250 250 250 250 250 250 250 250 250 250 250 250 250 250 250 250 250 250 250 250 250 143 143 143 143 143 143 143 143 143 143 143 143 143 144 144 145 146 147 147
207 207 207 207 207 207 207 207 207 207 207 207 207 207 207 207 143 143 143 143 143 143 143 143 143 143 175 175 175 175 175 175 175 175 175 175 175 175 175 175 175 175 175 273 273 273 250 250 250 250 250 250 250 250 250 250 250 250 250 250 250 250 250 250 250 250 250 250 250 250 250 250 250 250 250 250 250 250 250 250 143 143 143 143 143 143 143 143 143 144 145 145 146 147 148 148
207 207 207 207 207 207 207 207 207 207 207 207 207 207 207 207 143 143 143 143 143 143 143 143 143 175 175 175 175 175 175 175 175 175 175 175 175 175 175 175 175 175 273 273 273 273 250 250 250 250 250 250 250 250 250 250 250 250 250 250 250 250 250 250 250 250 250 250 250 250 250 250 250 250 250 250 250 250 250 250 250 250 143 143 143 143 143 143 144 145 146 146 147 148 149 149
207 207 207 207 207 207 207 207 207 207 207 207 207 207 207 143 143 143 143 143 143 143 143 143 175 175 175 175 175 175 175 175 175 175 175 175 175 175 175 175 175 273 273 273 273 273 250 250 250 250 250 250 250 250 250 250 250 250 250 250 250 250 250 250 250 250 250 250 250 250 250 250 250 250 250 250 250 250 250 250 250 250 250 250 143 143 144 144 145 146 147 148 148 149 150 150
207 207 207 207 207 207 207 207 207 207 207 207 207 207 207 143 143 143 143 143 143 143 143 175 175 175 175 175 175 175 175 175 175 175 175 175 175 175 175 175 273 273 273 273 273 273 250 250 250 250 250 250 250 250 250 250 250 250 250 250 250 250 250 250 250 250 250 250 250 250 250 250 250 250 250 250 250 250 250 250 250 250 250 250 250 251 252 145 146 147 148 149 149 150 151 151
207 207 207 207 207 207 207 207 207 207 207 207 207 207 207 143 143 143 143 143 143 143 143 175 175 175 175 175 175 175 175 175 175 175 175 175 175 175 175 273 273 273 273 273 273 273 250 250 250 250 250 250 250 250 250 250 250 250 250 250 250 250 250 250 250 250 250 250 250 250 250 250 250 250 250 250 250 250 250 250 250 250 250 250 251 252 253 254 254 148 149 150 150 151 152 152
207 207 207 207 207 207 207 207 207 207 207 207 207 207 143 143 143 143 143 143 143 143 175 175 175 175 175 175 175 175 175 175 175 175 175 175 175 175 273 273 273 273 273 273 273 273 250 250 250 250 250 250 250 250 250 250 250 250 250 250 250 250 250 250 250 250 250 250 250 250 250 250 250 250 250 250 250 250 250 250 250 250 250 251 252 253 254 255 255 256 257 151 151 152 153 153
207 207 207 207 207 207 207 207 207 207 207 207 207 207 143 143 143 143 143 143 143 175 175 175 175 175 175 175 175 175 175 175 175 175 175 175 175 175 273 273 273 273 273 273 273 273 250 250 250 250 250 250 250 250 250 250 250 250 250 250 250 250 250 250 250 250 250 250 250 250 250 250 250 250 250 250 250 250 250 250 250 251 251 252 253 254 255 256 256 257 258 259 259 153 154 154
207 207 207 207 207 207 207 207 207 207 207 207 207 207 143 143 143 143 143 143 175 175 175 175 175 175 175 175 175 175 175 175 175 175 175 175 175 273 273 273 273 273 273 273 273 273 250 250 250 250 250 250 250 250 250 250 250 250 250 250 250 250 250 250 250 250 250 250 250 250 250 250 250 250 250 250 250 250 250 250 251 252 252 253 254 255 256 257 257 258 259 260 260 261 262 155
207 207 207 207 207 207 207 207 207 207 207 207 207 143 143 143 143 143 143 143 175 175 175 175 175 175 175 175 175 175 175 175 175 175 175 175 273 273 273 273 273 273 273 273 273 273 250 250 250 250 250 250 250 250 250 250 250 250 250 250 250 250 250 250 250 250 250 250 250 250 250 250 250 250 250 250 250 250 250 251 252 253 254 254 255 256 257 258 258 259 260 260 261 262 263 263
207 207 207 207 207 207 207 207 207 207 207 207 207 143 143 143 143 143 143 175 175 175 175 175 175 175 175 175 175 175 175 175 175 175 175 273 273 273 273 273 273 273 273 273 273 250 250 250 250 250 250 250 250 250 250 250 250 250 250 250 250 250 250 250 250 250 250 250 250 250 250 250 250 250 250 250 250 250 251 252 253 254 255 255 256 257 258 259 259 260 261 261 262 263 263 264
207 207 207 207 207 207 207 207 207 207 207 207 207 143 143 143 143 143 175 175 175 175 175 175 175 175 175 175 175 175 175 175 175 175 175 273 273 273 273 273 273 273 273 273 273 250 250 250 250 250 250 250 250 250 250 250 250 250 250 250 250 250 250 250 250 250 250 250 250 250 250 250 250 250 250 250 250 251 252 253 254 255 255 256 257 258 259 259 260 261 262 262 263 264 264 265
207 207 207 207 207 207 207 207 207 207 207 207 143 143 143 143 143 175 175 175 175 175 175 175 175 175 175 175 175 175 175 175 175 175 273 273 273 273 273 273 273 273 273 273 273 250 250 250 250 250 250 250 250 250 250 250 250 250 250 250 250 250 250 250 250 250 250 250 250 250 250 250 250 250 250 250 251 252 253 254 255 256 256 257 258 259 260 260 261 262 263 263 264 265 265 266
207 207 207 207 207 207 207 207 207 207 207 207 143 143 143 143 143 175 175 175 175 175 175 175 175 175 175 175 175 175 175 175 175 273 273 273 273 273 273 273 273 273 273 273 273 250 250 250 250 250 250 250 250 250 250 250 250 250 250 250 250 250 250 250 250 250 250 250 250 250 250 250 250 250 250 251 252 253 254 255 256 257 257 258 259 260 261 261 262 263 263 264 265 265 266 267
207 207 207 207 207 207 207 207 207 207 207 207 143 143 143 143 175 175 175 175 175 175 175 175 175 175 175 175 175 175 175 175 175 273 273 273 273 273 273 273 273 273 273 273 273 250 250 250 250 250 250 250 250 250 250 250 250 250 250 250 250 250 250 250 250 250 250 250 250 250 250 250 250 250 251 252 253 254 255 256 257 257 258 259 260 261 261 262 263 264 264 265 266 266 267 268
207 207 207 207 207 207 207 207 207 207 207 143 143 143 143 175 175 175 175 175 175 175 175 175 175 175 175 175 175 175 175 175 273 273 273 273 273 273 273 273 273 273 273 273 273 250 250 250 250 250 250 250 250 250 250 250 250 250 250 250 250 250 250 250 250 250 250 250 250 250 250 250 250 251 252 253 254 255 256 257 258 258 259 260 261 262 262 263 264 264 265 266 267 267 268 268
207 207 207 207 207 207 207 207 207 207 207 143 143 143 143 175 175 175 175 175 175 175 175 175 175 175 175 175 175 175 175 273 273 273 273 273 273 273 273 273 273 273 273 273 273 250 250 250 250 250 250 250 250 250 250 250 250 250 250 250 250 250 250 250 250 250 250 250 250 250 250 250 251 252 253 254 255 256 257 258 258 259 260 261 262 262 263 264 265 265 266 267 267 268 269 269
207 207 207 207 207 207 207 207 207 207 207 143 143 143 175 175 175 175 175 175 175 175 175 175 175 175 175 175 175 175 175 273 273 273 273 273 273 273 273 273 273 273 273 363 273 250 250 250 250 250 250 250 250 250 250 250 250 250 250 250 250 250 250 250 250 250 250 250 250 250 250 251 252 253 254 255 256 257 258 259 259 260 261 262 263 263 264 265 265 266 267 268 268 269 269 270
207 207 207 207 207 207 207 207 207 207 143 143 143 175 175 175 265 265 265 265 265 265 265 265 265 265 265 265 265 265 363 363 363 363 363 363 363 363 363 363 363 363 363 363 340 340 340 340 340 340 340 340 340 340 340 340 340 340 340 340 340 340 340 340 340 340 340 340 340 340 341 252 253 254 255 256 257 258 259 259 260 261 262 263 263 264 265 266 266 267 268 268 269 270 270 271
207 207 207 207 207 297 297 297 297 297 220 220 220 265 265 265 265 265 265 265 265 265 265 265 265 265 265 265 265 363 363 363 363 363 363 363 363 363 363 363 363 363 363 363 340 340 340 340 340 340 340 340 340 340 340 340 340 340 340 340 340 340 340 340 340 340 340 340 340 341 342 343 344 345 346 347 348 349 349 350 351 352 263 264 264 265 266 266 267 268 269 269 270 270 271 273
297 297 297 297 297 297 297 297 297 297 220 220 265 265 265 265 265 265 265 265 265 265 265 265 265 265 265 265 265 363 363 363 363 363 363 363 363 363 363 363 363 363 363 363 340 340 340 340 340 340 340 340 340 340 340 340 340 340 340 340 340 340 340 340 340 340 340 340 341 342 343 344 345 346 347 348 349 349 350 351 352 353 354 354 355 356 357 357 358 359 269 270 271 272 273 273
297 297 297 297 297 297 297 297 297 220 220 220 265 265 265 265 265 265 265 265 265 265 265 265 265 265 265 265 363 363 363 363 363 363 363 363 363 363 363 363 363 363 363 363 340 340 340 340 340 340 340 340 340 340 340 340 340 340 340 340 340 340 340 340 340 340 340 341 342 343 344 345 346 347 348 349 349 350 351 352 353 354 354 355 356 357 357 358 359 359 360 362 362 363 365 365
297 297 297 297 297 297 297 297 297 220 220 265 265 265 265 265 265 265 265 265 265 265 265 265 265 265 265 363 363 363 363 363 363 363 363 363 363 363 363 363 363 363 363 363 340 340 340 340 340 340 340 340 340 340 340 340 340 340 340 340 340 340 340 340 340 340 341 342 343 344 345 346 347 348 349 349 350 351 352 353 354 354 355 356 357 357 358 359 360 361 362 363 364 365 365 367
297 297 297 297 297 297 297 297 297 220 265 265 265 265 265 265 265 265 265 265 265 265 265 265 265 265 265 363 363 363 363 363 363 363 363 363 363 363 363 363 363 363 363 363 340 340 340 340 340 340 340 340 340 340 340 340 340 340 340 340 340 340 340 340 340 341 342 343 344 345 346 347 348 349 349 350 351 352 353 354 354 355 356 357 357 358 359 360 361 362 364 364 365 367 367 369
297 297 297 297 297 297 297 297 220 220 265 265 265 265 265 265 265 265 265 265 265 265 265 265 265 265 363 363 363 363 363 363 363 363 363 363 363 363 363 363 363 363 363 340 340 340 340 340 340 340 340 340 340 340 340 340 340 340 340 340 340 340 340 340 341 342 343 344 345 346 347 348 348 349 350 351 352 353 354 354 355 356 357 358 358 359 361 361 362 364 364 366 367 367 369 369
297 297 297 297 297 297 297 297 220 265 265 265 265 265 265 265 265 265 265 265 265 265 265 265 265 265 363 363 363 363 363 363 363 363 363 363 363 363 363 363 363 363 363 340 340 340 340 340 340 340 340 340 340 340 340 340 340 340 340 340 340 340 340 340 341 342 344 345 346 347 347 348 349 350 351 352 353 354 354 355 356 357 358 358 359 361 361 363 364 365 366 367 368 369 371 371
297 297 297 297 297 297 297 297 220 265 265 265 265 265 265 265 265 265 265 265 265 265 265 265 265 363 363 363 363 363 363 363 363 363 363 363 363 363 363 363 363 363 363 340 340 340 340 340 340 340 340 340 340 340 340 340 340 340 340 340 340 340 340 341 342 343 344 345 346 347 348 349 350 351 352 353 354 354 355 356 357 358 358 360 361 361 363 364 366 366 368 368 369 371 371 373
297 297 297 297 297 297 297 265 265 265 265 265 265 265 265 265 265 265 265 265 265 265 265 265 363 363 363 363 363 363 363 363 363 363 363 363 363 363 363 363 363 363 363 340 340 340 340 340 340 340 340 340 340 340 340 340 340 340 340 340 340 340 341 342 343 344 345 346 347 348 349 350 351 352 353 354 354 355 356 357 358 358 360 361 363 363 365 366 366 368 369 370 371 372 373 374
297 297 297 297 297 297 297 265 265 265 265 265 265 265 265 265 265 265 265 265 265 265 265 265 363 363 363 363 363 363 363 363 363 363 363 363 363 363 363 363 363 363 363 340 340 340 340 340 340 340 340 340 340 340 340 340 340 340 340 340 340 341 342 343 344 345 346 347 348 349 350 351 352 353 353 354 355 356 357 358 358 360 361 363 363 365 366 367 368 370 370 371 372 373 375 375
