testData/tiles/oneDegreeCosts/grid41.0-19.0-42.0-20.0.asc
ncols   200
nrows   200
xllcorner   41.0
yllcorner   19.0
cellsize   0.005
NODATA_value   -9999.0
[rows 0 to 41 of 200, columns 94 to 187 of 200]
655 656 656 657 657 658 658 658 658 658 659 659 659 659 659 660 661 661 661 662 661 661 661 661 662 662 662 662 662 662 663 663 663 663 663 664 664 664 663 663 663 664 664 664 664 664 664 665 634 634 634 634 634 634 634 634 634 634 634 634 634 634 634 634 634 634 634 634 422 422 331 330 330 330 330 330 331 331 331 330 330 330 330 329 329 329 329 329 329 329 329 329 329 328
655 655 657 657 657 657 658 658 658 658 658 659 659 659 659 661 661 661 661 661 661 661 661 661 661 662 662 662 662 662 663 663 663 663 663 663 664 663 663 663 663 663 664 665 665 665 665 665 635 635 634 634 634 634 635 635 634 634 634 634 634 634 634 634 634 634 634 421 421 422 330 330 330 330 330 330 330 331 331 330 330 330 330 330 329 329 328 329 329 329 329 329 329 328
655 656 657 657 657 657 657 658 658 658 658 659 659 659 660 660 661 661 661 660 660 661 661 661 661 661 662 662 662 662 662 663 663 663 663 663 663 663 664 664 664 664 664 665 665 665 665 665 634 635 634 634 634 634 634 635 635 635 635 635 635 634 634 634 634 634 421 421 421 421 330 330 330 330 330 330 330 330 329 330 330 330 330 330 330 329 328 328 329 329 329 329 329 328
656 656 656 657 657 657 657 657 658 658 658 658 659 660 660 660 660 661 660 660 660 660 661 661 661 661 661 662 662 662 662 662 663 663 663 664 663 663 664 664 664 664 664 664 665 665 665 665 634 633 634 634 634 634 634 634 634 635 635 635 634 634 634 634 634 421 421 421 421 420 329 329 330 330 330 330 330 330 329 329 330 330 330 330 330 329 328 328 328 328 329 329 328 328
656 656 656 656 657 657 657 657 658 658 658 658 659 660 660 660 659 659 660 660 660 660 660 661 661 661 661 661 662 662 662 662 662 664 664 663 663 663 663 664 664 664 664 664 664 665 665 665 633 633 633 634 634 634 634 634 634 634 635 634 634 634 634 634 421 422 421 421 421 420 329 329 329 330 330 330 330 329 329 329 329 329 330 330 330 329 329 328 328 328 328 328 328 328
655 656 656 656 656 657 657 657 657 658 658 659 659 659 659 659 659 659 659 660 660 660 660 660 661 661 661 661 661 662 663 663 663 663 663 663 663 663 663 663 664 664 664 664 664 664 665 664 633 633 633 633 634 634 634 634 634 634 634 634 634 634 634 421 421 421 421 422 421 420 329 329 329 329 329 330 330 329 329 329 329 329 329 329 329 329 329 329 328 328 328 327 327 327
655 655 656 656 656 656 657 657 657 657 659 659 658 658 658 659 659 659 659 659 660 660 660 660 660 661 661 661 661 662 663 663 662 662 662 662 663 663 663 663 663 664 664 664 664 664 663 664 633 633 633 633 633 633 634 634 634 634 633 633 633 634 421 421 421 421 421 420 421 421 329 329 329 329 329 329 328 329 329 329 329 329 329 329 328 328 329 329 329 328 328 327 327 327
655 655 655 656 656 656 656 657 657 658 657 657 658 658 658 658 659 659 659 659 659 660 660 660 660 660 661 662 662 662 662 662 662 662 662 662 662 663 663 663 663 663 663 664 664 663 663 663 632 633 633 633 633 633 633 633 634 633 633 633 633 420 420 421 421 421 420 420 420 420 330 330 329 329 329 328 328 328 328 329 329 329 329 328 328 328 328 328 329 329 327 327 327 327
655 655 655 655 656 656 656 656 657 657 657 657 657 658 658 658 658 658 659 659 659 659 660 660 660 661 661 661 662 661 661 661 661 662 662 662 662 662 662 663 663 663 663 663 663 663 663 663 632 632 632 633 633 633 633 632 632 633 633 633 420 420 420 420 420 420 420 420 420 420 329 329 329 330 328 328 328 328 328 328 328 329 328 328 328 328 328 328 328 327 327 327 327 327
654 655 655 654 654 655 655 656 656 656 657 657 657 657 658 658 658 658 658 659 659 659 659 659 661 661 661 660 660 661 661 661 661 661 661 662 662 662 662 662 663 663 662 662 662 662 663 663 632 632 632 632 632 633 632 632 632 632 632 420 420 420 420 420 419 419 419 420 420 420 329 329 329 328 328 328 328 328 328 328 328 327 327 327 328 328 328 328 327 327 327 327 326 326
653 653 654 654 654 654 655 656 656 656 656 657 657 657 657 657 658 658 658 658 658 659 660 660 660 659 660 660 660 660 660 661 661 661 661 661 662 662 662 662 662 661 662 662 662 662 662 662 632 632 632 632 632 631 631 632 632 632 419 419 419 419 420 419 419 419 419 419 419 420 329 329 328 328 328 328 328 328 328 328 327 327 327 327 327 327 327 327 327 327 327 327 327 326
653 653 653 653 654 655 655 655 656 656 656 656 656 657 657 657 657 658 658 658 658 659 659 659 659 659 659 660 660 660 660 660 660 661 661 661 661 661 662 661 661 661 661 661 662 662 662 662 631 631 632 631 631 631 631 631 631 419 419 419 419 419 418 418 419 419 419 419 419 419 328 327 328 328 328 328 328 328 327 326 327 327 327 327 327 327 326 326 326 326 327 327 327 326
653 653 653 653 653 655 655 655 655 655 656 656 656 656 657 657 657 657 657 657 658 658 658 658 659 659 659 659 659 660 660 660 660 660 660 661 661 660 660 660 661 661 661 661 661 661 662 662 631 631 630 630 630 631 631 631 418 418 418 419 418 418 418 418 418 418 418 419 419 418 418 327 327 327 327 328 328 328 327 326 326 326 326 326 327 326 326 326 326 326 326 326 325 325
653 653 653 653 654 654 654 655 655 655 655 655 656 656 656 656 656 656 656 657 657 658 658 658 658 658 659 659 659 659 659 660 660 660 659 659 659 660 660 660 660 660 661 661 661 661 661 661 630 630 630 630 630 630 630 418 418 418 418 417 417 417 418 418 418 418 418 418 417 418 418 327 327 327 327 327 326 326 327 327 326 326 326 326 325 325 325 326 326 326 326 325 325 325
707 653 653 653 653 654 654 654 654 655 655 655 654 655 655 655 655 655 657 657 657 657 657 658 658 658 658 658 659 659 659 659 658 659 659 659 659 659 659 660 660 660 660 660 660 661 660 660 629 629 629 630 630 630 417 417 417 416 417 417 417 417 417 417 417 418 417 417 417 417 417 326 326 327 327 326 326 326 326 326 326 326 326 325 325 325 325 325 325 325 324 325 325 325
706 653 653 653 653 653 654 653 653 653 653 654 654 654 654 655 656 656 656 656 657 657 657 657 657 658 658 658 658 657 658 658 658 658 658 658 659 659 659 659 659 660 660 659 659 659 659 660 629 629 629 629 416 416 417 416 416 416 416 416 417 417 417 417 417 416 416 416 417 417 417 326 326 325 325 325 326 326 326 326 326 325 325 324 324 325 325 325 324 324 324 324 324 324
706 705 651 651 652 652 652 652 653 653 653 653 653 654 654 655 655 656 656 656 656 656 657 657 657 657 656 657 657 657 657 657 657 658 658 658 658 658 659 659 659 658 658 658 659 659 659 659 629 629 629 416 416 415 415 415 415 416 416 416 416 416 416 415 416 416 416 416 416 416 416 326 325 325 325 325 325 325 325 325 325 325 325 325 324 324 324 323 323 324 324 324 324 323
704 705 706 651 651 651 652 652 652 652 653 653 653 653 654 655 655 655 655 655 656 656 655 655 655 656 656 656 656 656 657 657 657 657 657 658 658 658 657 657 657 658 658 659 659 659 659 660 629 629 416 415 415 416 416 416 415 415 415 415 416 415 415 415 415 415 415 416 416 416 415 324 324 324 324 325 325 325 324 324 324 324 324 324 325 323 323 323 323 323 323 323 322 322
705 705 705 705 651 651 651 651 652 652 652 652 652 653 654 654 654 655 654 654 654 654 655 655 655 655 655 656 656 656 656 656 657 657 657 656 656 656 657 658 658 658 658 659 659 659 659 659 627 414 415 415 415 415 415 415 416 416 416 415 415 415 415 415 415 415 415 415 414 414 414 324 324 324 324 324 323 323 323 324 324 324 324 324 323 322 322 322 323 323 322 322 322 322
704 704 705 705 650 650 651 651 651 651 652 652 652 652 652 653 653 653 653 653 654 654 654 654 654 655 655 655 655 655 656 656 655 655 655 656 657 657 657 657 657 658 658 658 658 658 658 658 414 414 414 414 414 415 415 415 415 414 414 415 415 415 415 414 414 414 413 414 414 414 414 323 323 323 323 323 323 323 323 323 323 323 322 323 323 323 322 322 322 321 321 321 321 322
704 704 704 704 705 650 650 649 650 650 650 650 651 652 652 652 652 653 653 653 653 653 654 654 654 654 654 655 654 654 654 654 655 655 656 656 656 656 657 657 657 657 657 656 657 657 657 444 413 413 414 414 414 414 413 413 414 414 414 414 414 414 414 415 414 413 413 413 413 413 413 323 322 322 322 322 322 322 322 323 322 322 322 322 322 322 322 321 321 321 321 321 321 320
702 702 703 703 703 703 649 649 649 649 649 651 651 651 651 652 652 652 652 652 653 653 653 653 652 653 653 653 653 653 654 654 655 655 655 656 656 656 656 656 655 656 656 656 656 656 443 444 413 413 413 413 412 413 413 413 413 413 413 413 414 414 413 413 413 413 413 413 413 413 412 321 321 321 321 322 322 322 321 321 321 321 321 321 322 321 321 321 320 320 320 320 319 320
701 702 702 702 702 703 703 648 648 649 650 650 650 650 651 651 651 651 652 651 651 651 651 652 652 652 652 652 653 653 654 654 654 655 655 655 654 654 655 655 655 655 655 655 443 443 443 443 412 411 412 412 412 412 412 412 412 413 413 412 412 412 412 412 413 413 413 413 412 411 411 321 321 321 321 321 320 320 320 321 321 321 321 320 320 320 320 320 320 320 319 319 319 319
701 701 701 702 702 702 702 648 648 649 649 649 650 650 649 649 650 650 650 650 650 651 651 651 651 651 652 652 652 653 653 654 653 653 653 653 654 654 654 654 654 654 655 442 442 442 441 441 411 411 411 411 411 411 412 412 411 411 411 411 411 412 412 412 412 412 411 411 412 412 411 320 320 320 319 319 320 320 320 320 320 319 319 319 319 320 320 320 319 319 318 318 318 318
700 700 701 701 701 701 702 701 647 647 648 648 648 648 648 649 649 649 649 650 650 650 650 650 651 651 651 652 651 652 652 652 652 652 653 653 653 653 653 653 654 654 440 440 440 441 441 441 410 410 410 411 411 410 410 410 410 410 411 411 411 411 411 410 410 411 411 411 411 411 411 319 319 319 319 319 319 319 319 318 318 319 319 319 319 319 318 318 318 318 318 318 317 317
699 699 699 699 699 700 700 700 701 647 647 647 647 648 648 648 648 648 649 649 649 649 650 649 649 649 650 651 651 651 651 651 652 652 652 652 652 652 652 652 652 439 439 440 440 440 440 440 409 410 409 409 409 409 409 410 410 410 410 410 409 409 410 410 410 410 410 410 410 409 410 319 319 318 318 318 318 317 318 318 318 318 318 318 317 317 317 318 318 318 317 316 316 316
698 698 698 699 699 699 699 701 701 701 646 646 647 647 647 647 648 647 647 647 647 648 648 648 648 649 650 650 650 650 650 651 651 651 650 650 651 651 651 651 438 439 439 439 439 439 439 408 408 408 408 408 408 409 409 409 409 408 408 408 409 409 409 409 409 409 408 409 409 409 409 318 318 318 317 317 317 317 317 317 317 316 316 317 317 317 317 317 316 316 316 316 315 316
697 697 698 698 698 698 699 700 700 700 645 645 645 645 645 646 646 646 646 647 647 647 647 647 649 649 649 649 649 650 649 649 649 649 650 650 650 650 437 438 438 438 438 437 437 438 438 407 407 407 407 408 408 408 407 407 407 407 408 408 408 408 408 407 408 408 408 408 408 408 408 317 317 317 317 316 316 316 316 315 316 316 316 316 316 316 315 315 315 316 316 316 314 314
695 696 696 696 696 697 698 698 698 699 699 644 644 644 645 645 645 645 646 646 646 646 646 648 647 647 647 647 648 648 648 648 648 649 649 649 649 436 437 436 436 436 436 437 437 437 437 406 406 407 407 406 406 406 406 406 407 407 407 407 406 406 407 407 407 407 407 407 407 406 407 316 316 316 316 316 315 315 315 315 315 315 315 314 314 314 315 315 315 315 314 314 314 313
695 695 695 695 696 697 697 697 698 698 698 698 644 644 644 644 644 645 644 644 644 645 646 646 646 646 647 647 647 647 647 648 648 648 647 647 435 435 435 435 435 435 436 436 436 436 436 404 405 405 405 405 405 405 406 406 406 405 405 405 406 406 406 406 406 406 405 406 406 406 406 315 315 315 314 315 315 314 314 314 314 313 313 313 314 314 314 313 313 313 313 313 313 313
694 694 694 695 695 696 696 697 697 697 696 697 642 642 642 642 643 643 643 643 644 645 645 645 645 646 646 646 646 645 646 646 646 646 646 434 434 434 434 434 434 435 435 434 434 434 435 404 404 404 404 404 405 404 404 404 404 404 404 405 405 405 405 404 404 405 405 405 405 405 405 313 313 314 314 314 314 314 312 312 312 313 313 313 313 312 312 312 312 312 313 312 312 312
692 692 693 693 694 694 694 695 695 695 695 696 696 641 641 642 642 642 642 643 644 644 644 643 644 644 644 644 644 645 645 645 645 432 433 433 433 433 432 433 433 433 433 433 433 434 434 403 403 403 402 403 403 403 403 403 403 404 404 403 403 403 403 403 404 404 404 404 403 403 403 313 313 313 313 312 312 312 312 312 312 312 311 311 311 311 311 311 311 311 311 311 311 311
691 691 692 693 693 693 694 694 694 694 695 695 695 695 641 641 640 640 640 642 642 642 642 643 643 643 643 643 644 644 644 644 431 431 431 431 431 431 432 432 432 432 432 432 433 432 432 401 401 401 402 402 402 402 402 402 402 402 402 402 402 402 403 403 402 402 402 402 402 403 403 312 311 311 311 311 311 312 312 311 310 310 310 310 310 309 310 310 310 310 310 309 309 309
690 691 691 692 692 693 693 692 692 693 693 693 693 693 639 639 639 639 641 641 641 641 641 642 642 642 642 642 642 642 642 429 430 430 430 430 430 431 431 431 431 430 430 431 431 431 431 400 401 401 401 401 400 400 400 401 401 401 401 401 401 401 401 401 401 401 401 401 402 401 401 310 310 310 310 310 310 310 310 310 310 309 309 308 309 309 309 309 309 308 308 308 308 308
688 689 690 690 690 691 691 691 691 692 692 692 692 693 693 638 638 640 640 640 639 639 640 640 640 640 640 641 641 428 428 429 429 429 429 429 428 429 429 429 429 429 430 430 430 430 430 398 399 399 399 399 399 399 400 400 400 399 399 399 400 400 400 400 400 399 399 400 400 400 400 309 309 308 309 309 309 309 309 309 308 308 308 308 308 308 307 307 307 307 307 307 307 307
687 688 689 689 689 690 690 690 690 691 691 691 690 691 691 691 637 638 638 638 638 639 639 639 639 639 640 640 427 427 426 427 427 427 427 427 428 428 428 428 428 429 428 428 428 428 428 398 398 398 398 398 398 398 398 398 398 398 398 399 399 399 398 398 398 398 399 399 399 399 398 307 307 308 308 308 308 307 307 307 307 308 308 306 306 306 306 306 306 305 306 306 306 306
686 687 687 687 688 688 688 688 689 689 689 689 690 690 690 690 637 637 637 637 637 638 638 637 637 637 638 425 425 425 426 426 426 426 426 426 427 426 426 426 426 427 427 427 427 427 428 397 396 396 396 396 397 397 397 397 397 397 397 397 397 397 397 397 397 398 397 397 397 397 397 306 307 306 306 306 306 306 306 306 306 306 306 305 305 305 304 304 304 305 305 304 304 304
685 686 686 686 687 687 687 687 688 688 688 688 689 689 689 689 689 635 635 635 635 636 636 636 636 424 424 424 424 424 425 424 424 424 424 425 425 425 425 425 426 426 426 425 425 425 426 395 395 395 395 395 396 395 395 395 395 395 396 396 396 396 395 395 396 396 396 396 396 396 395 304 305 305 305 305 304 304 304 305 305 305 305 304 303 303 303 303 303 303 303 303 303 303
685 685 685 684 685 685 685 685 686 686 686 686 687 687 688 688 689 689 634 634 634 635 635 635 421 422 422 422 422 422 423 423 423 423 423 424 424 424 423 423 424 424 424 424 425 425 426 395 395 394 394 395 395 395 395 394 394 395 394 394 394 394 394 394 395 395 394 394 394 394 394 304 304 303 303 303 303 303 303 303 303 303 303 303 303 301 301 302 302 302 302 301 301 301
682 683 683 683 684 684 684 684 685 685 685 685 686 686 687 687 686 687 632 632 632 633 633 420 420 421 421 421 421 421 422 422 421 421 421 422 422 422 422 422 423 424 424 424 423 424 393 393 393 393 393 394 394 393 393 393 393 394 393 393 393 393 392 392 393 393 393 393 393 392 392 302 302 302 302 302 301 301 302 302 302 302 301 301 301 300 300 301 300 300 300 300 300 299
681 682 682 682 681 682 682 682 682 683 683 683 683 685 685 685 685 686 686 631 631 419 419 419 418 418 419 419 419 419 420 420 420 420 420 421 421 421 420 421 422 422 422 422 422 422 392 392 391 391 391 392 392 392 392 392 392 392 392 392 391 391 391 391 392 391 391 391 391 391 391 301 300 300 300 300 300 300 300 300 300 300 300 300 299 299 298 299 299 299 298 298 298 298
679 680 680 680 680 681 681 681 681 682 682 682 683 684 684 684 683 684 684 684 416 417 417 417 417 417 418 418 418 418 419 418 418 418 418 419 419 420 420 420 421 421 421 420 420 420 390 390 390 390 390 391 391 390 390 390 390 391 391 391 391 390 389 389 390 390 390 390 389 389 389 299 299 299 299 298 298 298 299 299 299 298 298 298 298 298 297 297 297 297 297 296 296 296
