testData/tiles/oneDegreeCosts/grid13.0-26.0-14.0-27.0.asc
ncols   200
nrows   200
xllcorner   13.0
yllcorner   26.0
cellsize   0.005
NODATA_value   -9999.0
[rows 126 to 167 of 200, columns 94 to 187 of 200]
192 192 192 192 192 192 192 192 192 192 192 192 192 192 192 192 192 192 192 192 192 192 192 192 192 192 192 192 192 192 192 192 192 192 192 192 233 233 233 233 233 234 234 234 234 235 235 235 235 235 235 236 236 236 236 236 236 236 237 237 237 379 381 384 386 388 390 393 395 397 399 402 404 406 408 410 392 394 395 397 398 400 402 403 405 407 408 410 411 413 414 415 416 417
192 192 192 192 192 192 192 192 192 192 192 192 192 192 192 192 192 192 192 192 192 192 192 192 192 192 192 192 192 192 192 192 192 192 192 192 233 233 233 234 234 234 234 234 235 235 235 235 235 236 236 236 236 236 236 237 237 237 237 237 237 379 381 384 387 389 392 394 396 398 400 402 404 406 408 410 412 394 396 398 400 401 403 405 406 407 408 410 411 413 414 416 417 418
192 192 192 192 192 192 192 192 192 192 192 192 192 192 192 192 192 192 192 192 192 192 192 192 192 192 192 192 192 192 192 192 192 192 192 192 233 233 234 234 234 234 235 235 235 235 235 236 236 236 236 236 236 237 237 237 237 237 237 237 379 380 382 385 387 389 392 394 396 398 400 402 404 406 408 410 412 413 396 398 400 401 403 405 406 408 409 411 412 413 414 416 417 418
192 192 192 192 192 192 192 192 192 192 192 192 192 192 192 192 192 192 192 192 192 192 192 192 192 192 192 192 192 192 192 192 192 192 192 192 234 234 234 234 234 235 235 235 235 236 236 236 236 236 237 237 237 237 237 237 237 238 238 238 379 380 382 385 387 389 392 395 397 399 401 403 405 407 409 411 413 415 416 399 401 402 403 405 406 408 409 411 412 414 415 417 417 419
192 192 192 192 192 192 192 192 192 192 192 192 192 192 192 192 192 192 192 192 192 192 192 192 192 192 192 192 192 192 192 192 192 192 192 192 234 234 234 235 235 235 235 235 236 236 236 236 236 237 237 237 237 237 238 238 238 238 238 379 379 380 384 386 388 391 393 395 397 399 401 403 405 407 409 411 413 415 416 418 420 402 404 406 407 409 410 411 412 414 415 417 418 420
192 192 192 192 192 192 192 192 192 192 192 192 192 192 192 192 192 192 192 192 192 192 192 192 192 192 192 192 192 192 192 192 192 192 192 192 234 234 235 235 235 235 236 236 236 236 236 237 237 237 237 237 238 238 238 238 238 238 238 380 380 381 384 386 388 391 393 395 397 399 401 404 406 408 410 412 414 416 416 418 420 422 404 406 407 409 411 412 414 415 415 417 418 420
192 192 192 192 192 192 192 192 192 192 192 192 192 192 192 192 192 192 192 192 192 192 192 192 192 192 192 192 192 192 192 192 192 192 192 192 234 235 235 235 235 236 236 236 236 237 237 237 237 237 238 238 238 238 238 238 239 239 380 380 380 381 384 386 389 392 394 396 398 400 402 404 406 408 410 412 414 416 418 419 421 423 424 407 409 409 411 412 414 415 417 418 419 420
192 192 192 192 192 192 192 192 192 192 192 192 192 192 192 192 192 192 192 192 192 192 192 192 192 192 192 192 192 192 192 192 192 192 192 192 235 235 235 236 236 236 236 236 237 237 237 237 238 238 238 238 238 238 239 239 239 239 380 380 381 382 385 387 390 392 394 396 398 401 403 405 407 408 410 412 414 416 418 419 421 423 424 426 409 410 412 413 415 415 417 418 419 421
192 192 192 192 192 192 192 192 192 192 192 192 192 192 192 192 192 192 192 192 192 192 192 192 192 192 192 192 192 192 192 192 192 192 192 192 235 235 236 236 236 236 237 237 237 237 237 238 238 238 238 238 239 239 239 239 239 239 381 381 381 383 385 387 390 392 394 397 399 402 404 406 408 410 411 413 415 417 419 420 422 424 424 426 428 410 412 413 415 416 418 418 420 421
192 192 192 192 192 192 192 192 192 192 192 192 192 192 192 192 192 192 192 192 192 192 192 192 192 192 192 192 192 192 192 192 192 192 192 192 235 236 236 236 236 237 237 237 237 238 238 238 238 238 239 239 239 239 239 240 240 381 381 381 381 383 386 388 391 393 395 397 400 402 404 406 408 410 412 413 415 417 419 420 422 424 426 427 429 430 413 413 415 416 418 419 421 422
192 192 192 192 192 192 192 192 192 192 192 192 192 192 192 192 192 192 192 192 192 192 192 192 192 192 192 192 192 192 192 192 192 192 192 192 236 236 236 236 237 237 237 237 238 238 238 238 239 239 239 239 239 240 240 240 240 381 381 382 382 384 386 389 391 393 395 398 400 402 404 407 409 411 413 414 416 418 419 421 422 424 426 427 429 430 432 433 416 417 418 419 421 422
192 192 192 192 192 192 192 192 192 192 192 192 192 192 192 192 192 192 192 192 192 192 192 192 192 192 192 192 192 192 192 192 192 192 192 192 236 236 237 237 237 237 238 238 238 238 238 239 239 239 239 240 240 240 240 240 381 382 382 382 382 384 386 389 391 394 396 399 401 403 405 407 409 411 413 415 416 418 420 422 423 425 427 428 429 430 432 433 435 417 419 420 421 422
192 192 192 192 192 192 192 192 192 192 192 192 192 192 192 192 192 192 192 192 192 192 192 192 192 192 192 192 192 192 192 192 192 192 192 192 236 237 237 237 237 238 238 238 238 239 239 239 239 239 240 240 240 240 240 241 382 382 382 382 382 385 387 390 392 394 397 399 401 403 405 407 409 411 413 415 416 418 420 422 423 425 427 428 430 431 433 435 435 436 419 420 422 423
192 192 192 192 192 192 192 192 192 192 192 192 192 192 192 192 192 192 192 192 192 192 192 192 192 192 192 192 192 192 192 192 192 192 192 192 237 237 237 237 238 238 238 238 239 239 239 239 240 240 240 240 240 241 241 382 382 382 383 383 383 385 387 390 392 394 397 400 402 404 406 408 410 412 414 416 417 419 421 423 424 426 427 428 430 432 433 435 436 438 439 420 422 423
192 192 192 192 192 192 192 192 192 192 192 192 192 192 192 192 192 192 192 192 192 192 192 192 192 192 192 192 192 192 192 192 192 192 192 192 237 237 237 238 238 238 238 239 239 239 239 240 240 240 240 241 241 241 241 382 383 383 383 383 383 385 387 391 393 395 398 400 402 404 406 408 410 412 414 416 418 419 421 423 425 426 428 429 431 433 433 435 436 438 439 440 423 423
192 192 192 192 192 192 192 192 192 192 192 192 192 192 192 192 192 192 192 192 192 192 192 192 192 192 192 192 192 192 192 192 192 192 192 192 237 237 238 238 238 239 239 239 239 240 240 240 240 241 241 241 241 241 383 383 383 383 383 383 384 386 389 391 393 396 398 400 402 404 407 409 411 413 415 417 419 420 422 423 425 426 428 430 431 433 434 436 437 438 439 441 442 424
192 192 192 192 192 192 192 192 192 192 192 192 192 192 192 192 192 192 192 192 192 192 192 192 192 192 192 192 192 192 192 192 192 192 192 192 237 238 238 238 239 239 239 239 240 240 240 240 241 241 241 241 241 242 383 383 383 383 384 384 384 386 389 391 393 397 399 401 403 405 407 409 411 413 415 417 419 420 422 424 426 427 429 431 431 433 434 436 437 439 440 441 442 443
192 192 192 192 192 192 192 192 192 192 192 192 192 192 192 192 192 192 192 192 192 192 192 192 192 192 192 192 192 192 192 192 192 192 192 192 238 238 238 239 239 239 239 240 240 240 240 241 241 241 241 242 242 242 383 383 384 384 384 384 384 386 390 392 394 397 399 401 403 405 407 409 411 413 415 417 419 421 422 424 426 427 429 431 432 434 435 436 437 439 440 442 443 443
192 192 192 192 192 192 192 192 192 192 192 192 192 192 192 192 192 192 192 192 192 192 192 192 192 192 192 192 192 192 192 192 192 192 192 192 238 238 239 239 239 239 240 240 240 240 241 241 241 241 242 242 242 383 384 384 384 384 384 385 385 387 390 392 394 397 399 402 404 406 408 410 412 414 416 418 420 422 423 425 427 428 429 431 432 434 435 437 438 440 440 442 443 444
192 192 192 192 192 192 192 192 192 192 192 192 192 192 192 192 192 192 192 192 192 192 192 192 192 192 192 192 192 192 192 192 192 192 192 192 238 239 239 239 239 240 240 240 241 241 241 241 242 242 242 242 243 384 384 384 384 385 385 385 385 387 390 392 396 398 400 402 404 406 408 410 412 414 416 418 420 422 423 425 427 428 430 432 433 434 435 437 438 440 441 443 443 445
192 192 192 192 192 192 192 192 192 192 192 192 192 192 192 192 192 192 192 192 192 192 192 192 192 192 192 192 192 192 192 192 192 192 192 192 239 239 239 239 240 240 240 241 241 241 241 242 242 242 242 243 384 384 384 385 385 385 385 385 385 388 391 393 396 398 400 402 404 406 409 411 413 415 417 419 421 423 424 425 427 429 430 432 433 435 436 438 438 440 441 443 444 446
192 192 192 192 192 192 192 192 192 192 192 192 192 192 192 192 192 192 192 192 192 192 192 192 192 192 192 192 192 192 192 192 192 192 192 192 240 240 239 240 240 240 241 241 241 241 242 242 242 242 243 243 384 384 385 385 385 385 385 386 386 389 391 393 396 398 401 403 405 407 410 412 413 415 417 419 421 423 424 426 428 430 431 432 433 435 437 438 440 441 441 443 444 446
192 192 192 192 192 192 192 192 192 192 192 192 192 192 192 192 192 192 192 192 192 192 192 192 192 192 192 192 192 192 192 192 192 192 192 192 240 240 241 240 240 241 241 241 241 242 242 242 242 243 243 243 385 385 385 385 385 386 386 386 386 389 391 394 397 399 401 403 405 408 410 412 414 415 417 419 421 423 425 426 428 430 431 433 434 436 437 438 440 441 442 444 444 446
192 192 192 192 192 192 192 192 192 192 192 192 192 192 192 192 192 192 192 192 192 192 192 192 192 192 192 192 192 192 192 192 192 192 192 192 241 241 241 241 241 241 241 241 242 242 242 243 243 243 243 385 385 385 385 386 386 386 386 386 387 390 392 394 397 399 401 403 406 409 411 413 415 416 418 420 422 424 426 427 429 430 431 433 434 436 438 439 441 441 442 444 445 447
192 192 192 192 192 192 192 192 192 192 192 192 192 192 192 192 192 192 192 192 192 192 192 192 192 192 192 192 192 192 192 192 192 192 192 192 241 242 242 241 242 242 241 242 242 242 243 243 243 243 244 385 385 385 386 386 386 386 387 387 387 390 392 394 398 400 402 404 407 409 411 413 415 417 418 420 422 424 426 427 429 431 432 434 436 436 438 439 441 442 444 444 445 447
192 192 192 192 192 192 192 192 192 192 192 192 192 192 192 192 192 192 192 192 192 192 192 192 192 192 192 192 192 192 192 192 192 192 192 192 243 242 242 243 242 242 243 242 242 243 243 243 243 244 385 385 385 386 386 386 386 387 387 387 387 390 393 396 398 400 402 404 407 409 411 414 416 418 419 421 423 425 426 427 429 431 432 434 436 437 439 439 441 442 444 445 445 447
192 192 192 192 192 192 192 192 192 192 192 192 192 192 192 192 192 192 192 192 192 192 192 192 192 192 192 192 192 192 192 192 192 192 192 192 243 243 243 243 243 243 243 243 243 243 243 243 244 244 385 386 386 386 386 387 387 387 387 387 388 391 393 396 398 400 403 406 408 410 412 414 416 418 419 421 423 425 427 428 430 432 433 434 436 437 439 440 442 442 444 445 446 448
192 192 192 192 192 192 192 192 192 192 192 192 192 192 192 192 192 192 192 192 192 192 192 192 192 192 192 192 192 192 192 192 192 192 192 192 243 244 244 243 243 244 244 243 244 244 243 244 244 244 386 386 386 386 387 387 387 387 388 388 388 391 393 396 399 401 403 406 408 410 412 414 416 418 420 421 423 425 427 428 430 432 433 435 437 437 439 440 442 443 445 445 446 448
192 192 192 192 192 192 192 192 192 192 192 192 192 192 192 192 192 192 192 192 192 192 192 192 192 192 192 192 192 192 192 192 192 192 192 192 244 244 244 244 245 244 244 245 244 244 245 244 244 386 386 386 386 387 387 387 387 388 388 388 388 391 394 397 399 401 403 406 409 411 413 415 417 419 421 422 424 426 428 429 431 432 433 435 437 438 440 440 442 443 445 446 446 448
192 192 192 192 192 192 192 192 192 192 192 192 192 192 192 192 192 192 192 192 192 192 192 192 192 192 192 192 192 192 192 192 192 192 192 192 245 245 245 245 245 245 245 245 245 245 245 245 245 386 386 386 387 387 387 387 388 388 388 388 389 392 394 397 399 402 404 407 409 411 413 415 417 419 421 422 424 426 428 430 431 433 435 436 437 438 440 441 443 443 445 446 448 448
192 192 192 192 192 192 192 192 192 192 192 192 192 192 192 192 192 192 192 192 192 192 192 192 192 192 192 192 192 192 192 192 192 192 192 192 246 245 245 246 245 246 246 245 246 246 245 245 387 387 386 387 387 387 388 388 388 388 389 389 389 392 394 398 400 402 405 407 409 411 413 416 418 420 422 423 425 427 428 430 431 433 435 436 438 439 440 441 443 444 446 446 448 449
192 192 192 192 192 192 192 192 192 192 192 192 192 192 192 192 192 192 192 192 192 192 192 192 192 192 192 192 192 192 192 192 192 192 192 192 246 246 246 246 246 246 246 246 246 246 246 247 387 387 388 387 387 388 388 388 388 389 389 389 390 393 395 398 400 402 405 408 410 412 414 416 418 420 422 424 425 427 429 431 432 434 435 436 438 439 441 442 443 444 446 447 448 449
192 192 192 192 192 192 192 192 192 192 192 192 192 192 192 192 192 192 192 192 192 192 192 192 192 192 192 192 192 192 192 192 192 192 192 192 246 247 247 246 247 247 246 247 247 247 247 247 388 388 388 388 388 388 388 388 389 389 389 389 391 393 395 398 400 403 406 408 410 412 414 416 418 420 422 424 425 427 429 431 432 434 436 437 438 439 441 442 444 444 446 447 449 449
192 192 192 192 192 192 192 192 192 192 192 192 192 192 192 192 192 192 192 192 192 192 192 192 192 192 192 192 192 192 192 192 192 192 192 192 247 247 247 247 248 247 248 248 247 248 248 388 389 389 388 388 389 388 388 389 389 389 389 390 391 393 395 399 401 403 406 408 410 413 415 417 419 421 423 425 426 428 430 432 432 434 436 437 439 440 441 442 444 445 446 447 449 450
192 192 192 192 192 192 192 192 192 192 192 192 192 192 192 192 192 192 192 192 192 192 192 192 192 192 192 192 192 192 192 192 192 192 192 192 248 248 248 248 248 248 248 248 248 248 248 389 389 389 389 389 389 389 389 389 389 390 390 390 391 394 396 399 401 403 407 409 411 413 415 417 419 421 423 425 426 428 430 432 433 435 437 437 439 440 442 443 444 445 447 448 449 450
192 192 192 192 192 192 192 192 192 192 192 192 192 192 192 192 192 192 192 192 192 192 192 192 192 192 192 192 192 192 192 192 192 192 192 192 249 248 248 249 248 249 249 248 249 249 248 390 390 389 390 390 389 390 390 390 390 390 390 390 392 394 397 399 402 404 407 409 411 413 415 418 420 422 424 426 427 429 430 432 433 435 437 438 440 440 442 443 445 445 447 448 450 450
192 192 192 192 192 192 192 192 192 192 192 192 192 192 192 192 192 192 192 192 192 192 192 192 192 192 192 192 192 192 192 192 192 192 192 192 249 249 249 249 249 249 249 249 249 249 391 390 390 391 391 390 391 391 390 390 391 390 390 391 392 394 397 400 402 404 407 409 412 414 416 418 420 422 424 426 427 429 431 433 434 435 437 438 440 441 442 443 445 446 447 448 450 450
192 192 192 192 192 192 192 192 192 192 192 192 192 192 192 192 192 192 192 192 192 192 192 192 192 192 192 192 192 192 192 192 192 192 192 192 249 249 250 249 250 250 249 250 250 249 391 391 391 391 391 391 391 391 391 391 391 391 391 391 392 394 398 400 402 404 408 410 412 414 416 418 420 422 424 426 427 429 431 433 434 436 438 438 440 441 443 443 445 446 448 448 450 451
192 192 192 192 192 192 192 192 192 192 192 192 192 192 192 192 192 192 192 192 192 192 192 192 192 192 192 192 192 192 192 192 192 192 192 192 250 250 250 250 250 250 250 251 250 251 392 391 392 392 391 392 392 391 392 392 391 392 392 391 393 395 398 400 403 405 408 410 412 415 417 419 421 423 425 427 428 430 432 434 434 436 438 439 441 441 443 444 446 446 448 449 450 451
192 192 192 192 192 192 192 192 192 192 192 192 192 192 192 192 192 192 192 192 192 192 192 192 192 192 192 192 192 192 192 192 192 192 192 192 250 251 250 250 251 251 251 251 251 392 392 392 392 392 392 392 392 393 392 392 393 392 392 392 393 395 398 401 403 406 408 411 413 415 417 419 421 423 425 427 428 430 432 434 435 437 438 439 441 442 443 444 446 446 448 449 451 451
192 192 192 192 192 192 192 192 192 192 192 192 192 192 192 192 192 192 192 192 192 192 192 192 192 192 192 192 192 192 192 192 192 192 192 192 251 251 251 252 251 251 252 251 251 393 392 393 393 392 393 393 392 393 393 392 393 393 392 393 394 395 399 401 403 406 409 411 413 415 417 420 422 424 426 428 429 431 432 434 435 437 439 439 441 442 444 445 446 447 448 449 451 451
192 192 192 192 192 192 192 192 192 192 192 192 192 192 192 192 192 192 192 192 192 192 192 192 192 192 192 192 192 192 192 192 192 192 192 192 252 252 251 252 252 251 252 252 252 393 393 393 393 393 393 393 394 393 393 394 393 393 394 393 394 397 399 401 404 407 409 411 413 416 418 420 422 424 426 428 429 431 433 435 435 437 439 440 442 442 444 446 446 447 449 449 451 452
