testData/tiles/oneDegreeCosts/grid36.0-6.0-37.0-7.0.asc
ncols   200
nrows   200
xllcorner   36.0
yllcorner   6.0
cellsize   0.005
NODATA_value   -9999.0
[rows 0 to 43 of 200, columns 96 to 191 of 200]
116 117 117 117 118 118 118 119 119 120 120 120 121 121 121 122 122 122 123 123 123 124 124 124 125 125 125 126 126 126 127 127 127 128 128 128 128 129 129 129 130 130 130 130 131 131 131 132 132 132 132 133 133 133 133 134 134 134 134 135 135 135 135 136 136 136 136 137 137 137 137 137 138 138 138 138 138 139 139 139 139 139 139 140 140 140 140 140 140 141 141 141 141 141 141 141
116 116 117 117 117 118 118 118 119 119 119 120 120 121 121 121 122 122 122 123 123 123 124 124 124 125 125 125 126 126 126 126 127 127 127 128 128 128 129 129 129 129 130 130 130 131 131 131 131 132 132 132 132 133 133 133 133 134 134 134 134 135 135 135 135 136 136 136 136 136 137 137 137 137 137 138 138 138 138 138 139 139 139 139 139 139 140 140 140 140 140 140 140 141 141 141
115 116 116 117 117 117 118 118 118 119 119 119 120 120 120 121 121 121 122 122 122 123 123 123 124 124 124 125 125 125 126 126 126 127 127 127 128 128 128 128 129 129 129 130 130 130 130 131 131 131 131 132 132 132 132 133 133 133 133 134 134 134 134 135 135 135 135 136 136 136 136 136 137 137 137 137 137 137 138 138 138 138 138 139 139 139 139 139 139 139 140 140 140 140 140 140
115 115 116 116 116 117 117 118 118 118 119 119 119 120 120 120 121 121 121 122 122 122 123 123 123 124 124 124 125 125 125 126 126 126 126 127 127 127 128 128 128 128 129 129 129 130 130 130 130 131 131 131 131 132 132 132 132 133 133 133 133 134 134 134 134 135 135 135 135 135 136 136 136 136 136 137 137 137 137 137 138 138 138 138 138 138 138 139 139 139 139 139 139 139 140 140
115 115 115 116 116 116 117 117 117 118 118 119 119 119 120 120 120 121 121 121 122 122 122 123 123 123 124 124 124 124 125 125 125 126 126 126 127 127 127 127 128 128 128 129 129 129 129 130 130 130 130 131 131 131 131 132 132 132 132 133 133 133 133 134 134 134 134 134 135 135 135 135 135 136 136 136 136 136 137 137 137 137 137 137 138 138 138 138 138 138 139 139 139 139 139 139
114 115 115 115 116 116 116 117 117 117 118 118 118 119 119 119 120 120 120 121 121 121 122 122 122 123 123 123 124 124 124 125 125 125 125 126 126 126 127 127 127 128 128 128 128 129 129 129 129 130 130 130 130 131 131 131 131 132 132 132 132 133 133 133 133 134 134 134 134 134 135 135 135 135 135 136 136 136 136 136 136 137 137 137 137 137 137 138 138 138 138 138 138 138 138 139
114 114 114 115 115 116 116 116 117 117 117 118 118 118 119 119 119 120 120 120 121 121 121 122 122 122 123 123 123 124 124 124 124 125 125 125 126 126 126 126 127 127 127 128 128 128 128 129 129 129 129 130 130 130 130 131 131 131 131 132 132 132 132 133 133 133 133 133 134 134 134 134 134 135 135 135 135 135 136 136 136 136 136 136 137 137 137 137 137 137 137 138 138 138 138 138
113 114 114 114 115 115 115 116 116 117 117 117 118 118 118 119 119 119 120 120 120 121 121 121 121 122 122 122 123 123 123 124 124 124 125 125 125 125 126 126 126 127 127 127 127 128 128 128 128 129 129 129 129 130 130 130 130 131 131 131 131 132 132 132 132 133 133 133 133 133 134 134 134 134 134 134 135 135 135 135 135 136 136 136 136 136 136 136 137 137 137 137 137 137 137 138
113 113 114 114 114 115 115 115 116 116 116 117 117 117 118 118 118 119 119 119 120 120 120 121 121 121 122 122 122 123 123 123 123 124 124 124 125 125 125 126 126 126 126 127 127 127 127 128 128 128 128 129 129 129 129 130 130 130 130 131 131 131 131 132 132 132 132 132 133 133 133 133 133 134 134 134 134 134 135 135 135 135 135 135 135 136 136 136 136 136 136 136 137 137 137 137
112 113 113 114 114 114 115 115 115 116 116 116 117 117 117 118 118 118 119 119 119 120 120 120 121 121 121 122 122 122 122 123 123 123 124 124 124 124 125 125 125 126 126 126 126 127 127 127 127 128 128 128 128 129 129 129 129 130 130 130 130 131 131 131 131 131 132 132 132 132 132 133 133 133 133 133 134 134 134 134 134 134 135 135 135 135 135 135 136 136 136 136 136 136 136 136
112 112 113 113 113 114 114 115 115 115 116 116 116 117 117 117 118 118 118 119 119 119 119 120 120 120 121 121 121 122 122 122 123 123 123 123 124 124 124 125 125 125 125 126 126 126 126 127 127 127 127 128 128 128 128 129 129 129 129 130 130 130 130 131 131 131 131 131 132 132 132 132 132 133 133 133 133 133 133 134 134 134 134 134 134 135 135 135 135 135 135 135 136 136 136 136
112 112 112 113 113 113 114 114 114 115 115 115 116 116 116 117 117 117 118 118 118 119 119 119 120 120 120 121 121 121 121 122 122 122 123 123 123 124 124 124 124 125 125 125 125 126 126 126 126 127 127 127 127 128 128 128 128 129 129 129 129 130 130 130 130 130 131 131 131 131 131 132 132 132 132 132 133 133 133 133 133 133 134 134 134 134 134 134 134 135 135 135 135 135 135 135
111 112 112 112 113 113 113 114 114 114 115 115 115 116 116 116 117 117 117 118 118 118 119 119 119 119 120 120 120 121 121 121 122 122 122 122 123 123 123 124 124 124 124 125 125 125 125 126 126 126 126 127 127 127 127 128 128 128 128 129 129 129 129 130 130 130 130 130 131 131 131 131 131 131 132 132 132 132 132 133 133 133 133 133 133 133 134 134 134 134 134 134 134 135 135 135
111 111 111 112 112 113 113 113 114 114 114 115 115 115 116 116 116 117 117 117 117 118 118 118 119 119 119 120 120 120 121 121 121 121 122 122 122 123 123 123 123 124 124 124 124 125 125 125 125 126 126 126 126 127 127 127 127 128 128 128 128 129 129 129 129 129 130 130 130 130 130 131 131 131 131 131 132 132 132 132 132 132 132 133 133 133 133 133 133 134 134 134 134 134 134 134
110 111 111 111 112 112 112 113 113 113 114 114 114 115 115 115 116 116 116 117 117 117 118 118 118 119 119 119 119 120 120 120 121 121 121 122 122 122 122 123 123 123 123 124 124 124 124 125 125 125 125 126 126 126 126 127 127 127 127 128 128 128 128 128 129 129 129 129 129 130 130 130 130 130 131 131 131 131 131 131 132 132 132 132 132 132 133 133 133 133 133 133 133 133 134 134
110 110 111 111 111 112 112 112 113 113 113 114 114 114 115 115 115 116 116 116 117 117 117 117 118 118 118 119 119 119 120 120 120 120 121 121 121 122 122 122 122 123 123 123 123 124 124 124 124 125 125 125 125 126 126 126 126 127 127 127 127 128 128 128 128 128 129 129 129 129 129 130 130 130 130 130 130 131 131 131 131 131 131 132 132 132 132 132 132 132 133 133 133 133 133 133
109 110 110 110 111 111 112 112 112 113 113 113 114 114 114 115 115 115 115 116 116 116 117 117 117 118 118 118 119 119 119 119 120 120 120 121 121 121 121 122 122 122 122 123 123 123 123 124 124 124 124 125 125 125 125 126 126 126 126 127 127 127 127 127 128 128 128 128 128 129 129 129 129 129 130 130 130 130 130 130 131 131 131 131 131 131 131 132 132 132 132 132 132 132 132 133
109 109 110 110 110 111 111 111 112 112 112 113 113 113 114 114 114 115 115 115 116 116 116 117 117 117 117 118 118 118 119 119 119 119 120 120 120 121 121 121 121 122 122 122 122 123 123 123 123 124 124 124 124 125 125 125 125 126 126 126 126 126 127 127 127 127 128 128 128 128 128 128 129 129 129 129 129 130 130 130 130 130 130 131 131 131 131 131 131 131 131 132 132 132 132 132
109 109 109 110 110 110 111 111 111 112 112 112 113 113 113 114 114 114 115 115 115 115 116 116 116 117 117 117 118 118 118 118 119 119 119 120 120 120 120 121 121 121 121 122 122 122 122 123 123 123 123 124 124 124 124 125 125 125 125 126 126 126 126 126 127 127 127 127 127 128 128 128 128 128 129 129 129 129 129 129 130 130 130 130 130 130 130 131 131 131 131 131 131 131 131 132
108 108 109 109 110 110 110 111 111 111 112 112 112 112 113 113 113 114 114 114 115 115 115 116 116 116 117 117 117 117 118 118 118 119 119 119 119 120 120 120 120 121 121 121 121 122 122 122 122 123 123 123 123 124 124 124 124 125 125 125 125 125 126 126 126 126 126 127 127 127 127 127 128 128 128 128 128 128 129 129 129 129 129 129 130 130 130 130 130 130 130 131 131 131 131 131
108 108 108 109 109 109 110 110 110 111 111 111 112 112 112 113 113 113 114 114 114 115 115 115 115 116 116 116 117 117 117 117 118 118 118 119 119 119 119 120 120 120 120 121 121 121 121 122 122 122 122 123 123 123 123 124 124 124 124 125 125 125 125 125 126 126 126 126 126 127 127 127 127 127 127 128 128 128 128 128 128 129 129 129 129 129 129 129 130 130 130 130 130 130 130 130
107 108 108 108 109 109 109 110 110 110 111 111 111 112 112 112 113 113 113 113 114 114 114 115 115 115 116 116 116 116 117 117 117 118 118 118 118 119 119 119 119 120 120 120 120 121 121 121 121 122 122 122 122 123 123 123 123 124 124 124 124 124 125 125 125 125 125 126 126 126 126 126 127 127 127 127 127 127 128 128 128 128 128 128 128 129 129 129 129 129 129 129 130 130 130 130
107 107 108 108 108 109 109 109 110 110 110 110 111 111 111 112 112 112 113 113 113 114 114 114 115 115 115 115 116 116 116 117 117 117 117 118 118 118 118 119 119 119 119 120 120 120 121 121 121 121 121 122 122 122 122 123 123 123 123 123 124 124 124 124 125 125 125 125 125 125 126 126 126 126 126 127 127 127 127 127 127 128 128 128 128 128 128 128 128 129 129 129 129 129 129 129
106 107 107 107 108 108 108 109 109 109 110 110 110 111 111 111 112 112 112 113 113 113 113 114 114 114 115 115 115 115 116 116 116 117 117 117 117 118 118 118 118 119 119 119 120 120 120 120 120 121 121 121 121 122 122 122 122 123 123 123 123 123 124 124 124 124 124 125 125 125 125 125 126 126 126 126 126 126 127 127 127 127 127 127 127 128 128 128 128 128 128 128 128 129 129 129
106 106 107 107 107 108 108 108 109 109 109 110 110 110 111 111 111 111 112 112 112 113 113 113 114 114 114 114 115 115 115 116 116 116 116 117 117 117 117 118 118 118 119 119 119 119 119 120 120 120 120 121 121 121 121 122 122 122 122 122 123 123 123 123 123 124 124 124 124 124 125 125 125 125 125 125 126 126 126 126 126 126 127 127 127 127 127 127 127 128 128 128 128 128 128 128
106 106 106 107 107 107 107 108 108 108 109 109 109 110 110 110 111 111 111 112 112 112 112 113 113 113 114 114 114 115 115 115 115 116 116 116 116 117 117 117 117 118 118 118 119 119 119 119 119 120 120 120 120 121 121 121 121 122 122 122 122 122 123 123 123 123 123 124 124 124 124 124 124 125 125 125 125 125 125 126 126 126 126 126 126 126 127 127 127 127 127 127 127 127 128 128
105 105 106 106 106 107 107 107 108 108 108 109 109 109 110 110 110 111 111 111 111 112 112 112 113 113 113 113 114 114 114 115 115 115 115 116 116 116 116 117 117 117 118 118 118 118 118 119 119 119 119 120 120 120 120 121 121 121 121 121 122 122 122 122 122 123 123 123 123 123 124 124 124 124 124 124 125 125 125 125 125 125 126 126 126 126 126 126 126 126 127 127 127 127 127 127
105 105 105 106 106 106 107 107 107 108 108 108 109 109 109 109 110 110 110 111 111 111 112 112 112 112 113 113 113 114 114 114 114 115 115 115 115 116 116 116 117 117 117 117 118 118 118 118 118 119 119 119 119 120 120 120 120 120 121 121 121 121 122 122 122 122 122 122 123 123 123 123 123 124 124 124 124 124 124 125 125 125 125 125 125 125 126 126 126 126 126 126 126 126 126 127
104 105 105 105 105 106 106 106 107 107 107 108 108 108 109 109 109 110 110 110 110 111 111 111 112 112 112 113 113 113 113 114 114 114 114 115 115 115 115 116 116 116 117 117 117 117 117 118 118 118 118 119 119 119 119 120 120 120 120 120 121 121 121 121 121 122 122 122 122 122 123 123 123 123 123 123 124 124 124 124 124 124 124 125 125 125 125 125 125 125 125 126 126 126 126 126
104 104 104 105 105 105 106 106 106 107 107 107 108 108 108 109 109 109 109 110 110 110 111 111 111 111 112 112 112 113 113 113 113 114 114 114 114 115 115 115 116 116 116 116 117 117 117 117 117 118 118 118 118 119 119 119 119 119 120 120 120 120 120 121 121 121 121 121 122 122 122 122 122 123 123 123 123 123 123 123 124 124 124 124 124 124 124 125 125 125 125 125 125 125 125 125
103 104 104 104 105 105 105 106 106 106 106 107 107 107 108 108 108 109 109 109 110 110 110 110 111 111 111 112 112 112 112 113 113 113 113 114 114 114 115 115 115 115 116 116 116 116 116 117 117 117 117 118 118 118 118 119 119 119 119 119 120 120 120 120 120 121 121 121 121 121 121 122 122 122 122 122 122 123 123 123 123 123 123 123 124 124 124 124 124 124 124 125 125 125 125 125
103 103 103 104 104 104 105 105 105 106 106 106 107 107 107 108 108 108 108 109 109 109 110 110 110 111 111 111 111 112 112 112 112 113 113 113 113 114 114 114 115 115 115 115 115 116 116 116 116 117 117 117 117 118 118 118 118 118 119 119 119 119 119 120 120 120 120 120 121 121 121 121 121 121 122 122 122 122 122 122 123 123 123 123 123 123 123 123 124 124 124 124 124 124 124 124
102 103 103 103 104 104 104 105 105 105 106 106 106 107 107 107 107 108 108 108 109 109 109 109 110 110 110 111 111 111 111 112 112 112 112 113 113 113 114 114 114 114 115 115 115 115 115 116 116 116 116 117 117 117 117 117 118 118 118 118 119 119 119 119 119 119 120 120 120 120 120 121 121 121 121 121 121 122 122 122 122 122 122 122 123 123 123 123 123 123 123 123 124 124 124 124
102 102 103 103 103 104 104 104 104 105 105 105 106 106 106 107 107 107 108 108 108 108 109 109 109 110 110 110 110 111 111 111 111 112 112 112 113 113 113 113 114 114 114 114 114 115 115 115 115 116 116 116 116 117 117 117 117 117 118 118 118 118 118 119 119 119 119 119 120 120 120 120 120 120 121 121 121 121 121 121 121 122 122 122 122 122 122 122 123 123 123 123 123 123 123 123
101 102 102 102 103 103 103 104 104 104 105 105 105 106 106 106 106 107 107 107 108 108 108 109 109 109 109 110 110 110 110 111 111 111 111 112 112 112 113 113 113 113 114 114 114 114 114 115 115 115 115 116 116 116 116 116 117 117 117 117 117 118 118 118 118 118 119 119 119 119 119 120 120 120 120 120 120 120 121 121 121 121 121 121 121 122 122 122 122 122 122 122 122 123 123 123
101 101 102 102 102 103 103 103 104 104 104 104 105 105 105 106 106 106 107 107 107 107 108 108 108 109 109 109 109 110 110 110 110 111 111 111 112 112 112 112 113 113 113 113 113 114 114 114 114 115 115 115 115 116 116 116 116 116 117 117 117 117 117 118 118 118 118 118 118 119 119 119 119 119 119 120 120 120 120 120 120 121 121 121 121 121 121 121 121 122 122 122 122 122 122 122
101 101 101 102 102 102 102 103 103 103 104 104 104 105 105 105 106 106 106 106 107 107 107 108 108 108 108 109 109 109 109 110 110 110 111 111 111 111 112 112 112 112 113 113 113 113 113 114 114 114 114 115 115 115 115 115 116 116 116 116 116 117 117 117 117 117 118 118 118 118 118 118 119 119 119 119 119 119 120 120 120 120 120 120 120 121 121 121 121 121 121 121 121 121 122 122
100 100 101 101 101 102 102 102 103 103 103 104 104 104 104 105 105 105 106 106 106 106 107 107 107 108 108 108 108 109 109 109 109 110 110 110 111 111 111 111 112 112 112 112 112 113 113 113 113 114 114 114 114 114 115 115 115 115 116 116 116 116 116 116 117 117 117 117 117 118 118 118 118 118 118 119 119 119 119 119 119 119 120 120 120 120 120 120 120 120 121 121 121 121 121 121
100 100 100 101 101 101 102 102 102 102 103 103 103 104 104 104 105 105 105 105 106 106 106 107 107 107 107 108 108 108 108 109 109 109 110 110 110 110 111 111 111 111 111 112 112 112 112 113 113 113 113 114 114 114 114 114 115 115 115 115 115 116 116 116 116 116 117 117 117 117 117 117 118 118 118 118 118 118 118 119 119 119 119 119 119 119 120 120 120 120 120 120 120 120 120 121
99 100 100 100 100 101 101 101 102 102 102 103 103 103 104 104 104 104 105 105 105 106 106 106 106 107 107 107 107 108 108 108 109 109 109 109 110 110 110 110 111 111 111 111 111 112 112 112 112 113 113 113 113 113 114 114 114 114 114 115 115 115 115 115 116 116 116 116 116 117 117 117 117 117 117 117 118 118 118 118 118 118 118 119 119 119 119 119 119 119 119 120 120 120 120 120
99 99 99 100 100 100 101 101 101 102 102 102 102 103 103 103 104 104 104 104 105 105 105 106 106 106 106 107 107 107 107 108 108 108 109 109 109 109 110 110 110 110 110 111 111 111 111 112 112 112 112 113 113 113 113 113 114 114 114 114 114 115 115 115 115 115 115 116 116 116 116 116 116 117 117 117 117 117 117 118 118 118 118 118 118 118 118 119 119 119 119 119 119 119 119 119
98 99 99 99 100 100 100 100 101 101 101 102 102 102 103 103 103 103 104 104 104 105 105 105 105 106 106 106 106 107 107 107 108 108 108 108 109 109 109 109 110 110 110 110 110 111 111 111 111 112 112 112 112 112 113 113 113 113 113 114 114 114 114 114 115 115 115 115 115 115 116 116 116 116 116 116 117 117 117 117 117 117 117 118 118 118 118 118 118 118 118 118 119 119 119 119
98 98 98 99 99 99 100 100 100 101 101 101 102 102 102 102 103 103 103 104 104 104 104 105 105 105 105 106 106 106 107 107 107 107 108 108 108 108 109 109 109 109 109 110 110 110 110 111 111 111 111 111 112 112 112 112 113 113 113 113 113 113 114 114 114 114 114 115 115 115 115 115 115 116 116 116 116 116 116 116 117 117 117 117 117 117 117 117 118 118 118 118 118 118 118 118
97 98 98 98 99 99 99 100 100 100 100 101 101 101 102 102 102 102 103 103 103 104 104 104 104 105 105 105 105 106 106 106 107 107 107 107 108 108 108 108 108 109 109 109 109 110 110 110 110 111 111 111 111 111 112 112 112 112 112 113 113 113 113 113 114 114 114 114 114 114 115 115 115 115 115 115 115 116 116 116 116 116 116 116 117 117 117 117 117 117 117 117 118 118 118 118
