testData/tiles/oneDegreeCosts/grid9.0-20.0-10.0-21.0.asc
ncols   200
nrows   200
xllcorner   9.0
yllcorner   20.0
cellsize   0.005
NODATA_value   -9999.0
[rows 84 to 125 of 200, columns 94 to 187 of 200]
583 583 584 583 584 584 584 584 584 584 585 584 584 585 585 584 584 585 584 584 585 585 584 585 585 584 585 585 584 584 585 584 584 585 584 584 584 584 584 583 583 584 583 583 584 583 583 582 583 582 582 582 582 582 581 581 581 581 581 580 580 580 580 579 579 579 579 578 578 577 578 577 577 576 576 576 575 743 742 743 742 742 741 741 742 742 742 742 742 742 743 743 743 743
583 582 583 583 583 583 583 583 584 583 583 584 584 583 584 584 584 584 584 584 583 584 584 583 584 584 584 584 584 584 583 584 584 583 584 583 583 583 583 583 583 582 583 582 582 583 582 582 581 582 582 581 581 581 581 580 580 581 580 580 579 579 579 579 578 578 578 578 577 577 576 577 576 576 575 574 575 742 742 741 741 741 741 741 741 741 742 742 742 742 742 743 743 743
582 582 582 582 582 582 583 583 582 583 583 582 583 583 583 583 583 583 584 583 583 584 583 583 583 583 583 583 583 583 583 582 583 583 582 583 583 582 582 583 582 582 582 582 582 581 582 581 581 581 581 581 580 580 580 580 580 579 580 579 579 578 578 578 578 577 577 577 577 576 576 575 576 575 575 574 573 574 741 741 740 740 741 741 741 741 741 742 742 742 742 742 743 743
581 581 581 581 582 582 581 582 582 582 582 582 582 583 582 582 583 582 582 583 583 582 583 583 582 582 583 582 582 583 582 582 583 582 582 582 582 582 582 581 582 581 581 582 581 581 580 581 581 580 580 580 580 579 579 580 579 579 578 578 578 578 577 577 577 577 576 576 576 576 575 575 574 575 574 574 573 572 741 740 740 740 740 741 741 741 741 741 742 742 742 742 742 742
580 580 581 581 580 581 581 581 581 581 581 582 581 581 582 582 581 582 582 581 582 582 582 582 582 582 582 582 582 581 582 582 581 582 582 581 581 581 581 581 580 581 581 580 581 580 580 580 580 580 579 579 579 579 579 578 579 578 578 577 577 577 577 576 576 576 576 575 575 575 575 574 574 573 574 573 572 572 571 740 740 740 740 740 741 741 741 741 741 742 742 742 742 742
580 580 579 580 580 581 580 580 581 581 580 581 581 581 581 581 581 581 581 581 581 581 581 581 581 581 581 581 581 581 580 581 581 580 581 581 580 580 581 580 580 579 580 580 579 580 579 579 579 579 579 578 578 578 578 578 577 578 577 577 576 576 576 576 575 575 575 575 574 574 573 574 573 573 572 573 572 571 571 739 740 740 740 740 740 741 741 741 741 741 741 742 742 742
578 579 579 580 580 579 580 580 580 580 580 580 580 580 580 581 580 580 581 581 580 580 581 580 580 581 580 580 581 580 580 580 580 580 580 580 580 580 579 580 579 579 579 579 579 578 579 579 578 578 578 578 577 577 578 577 577 576 577 576 576 575 575 575 575 574 574 574 574 573 573 572 573 572 572 571 570 571 571 571 739 740 740 740 740 740 740 741 741 741 741 741 742 742
578 579 579 578 579 579 579 579 579 579 580 579 579 580 579 579 580 580 579 580 580 579 580 580 580 579 580 580 579 580 580 579 579 580 579 579 579 579 579 578 579 579 578 579 578 578 578 578 578 577 577 577 577 577 576 577 576 576 575 576 575 575 574 574 574 574 573 573 573 573 572 572 571 572 571 570 570 570 571 571 739 739 739 740 740 740 740 740 741 741 741 741 741 742
578 577 578 578 578 578 578 578 579 578 578 579 579 578 579 579 578 579 579 579 579 579 579 579 579 579 578 579 579 578 579 579 578 578 579 578 578 579 578 578 577 578 578 577 578 577 577 577 577 577 576 576 576 576 576 575 576 575 575 574 574 574 574 573 573 573 573 572 572 572 572 571 571 570 571 570 570 570 570 571 739 739 739 739 740 740 740 740 740 741 741 741 741 741
577 577 577 577 577 577 578 577 577 578 578 577 578 578 578 578 578 578 578 578 578 579 578 578 579 578 578 578 578 578 578 578 578 578 578 578 577 577 578 577 577 577 577 577 576 577 577 576 576 576 576 575 575 576 575 575 574 575 574 574 573 573 573 573 572 572 572 572 571 571 570 571 570 570 569 570 570 570 570 570 571 739 739 739 739 740 740 740 740 740 740 741 741 741
576 576 576 576 577 576 576 577 577 576 577 577 577 577 577 577 578 577 577 578 577 577 578 577 577 578 577 577 577 577 577 577 577 577 577 577 577 577 576 577 576 576 576 576 576 575 575 576 575 575 575 575 575 574 575 574 574 573 573 573 573 572 572 572 572 571 571 571 571 570 570 569 570 569 569 569 569 570 570 570 570 738 739 739 739 739 739 740 740 740 740 740 741 741
575 575 576 575 575 576 576 576 576 576 577 576 576 577 577 576 577 577 576 576 577 577 576 577 577 576 577 577 576 577 577 576 576 577 576 576 577 576 576 575 576 576 575 575 575 575 575 574 575 574 574 574 574 574 573 573 573 573 572 572 572 572 571 571 571 571 570 570 570 570 569 569 568 569 569 569 569 569 570 570 570 570 738 739 739 739 739 739 740 740 740 740 740 741
575 574 574 575 575 576 575 575 576 575 575 576 576 575 576 576 576 576 576 576 575 576 576 575 576 576 576 576 576 576 576 576 575 575 576 575 575 576 575 575 574 575 575 574 574 574 574 574 573 574 573 573 572 573 573 572 572 572 572 571 571 571 571 570 570 570 570 569 569 568 569 568 568 568 569 569 569 569 569 570 570 570 738 738 739 739 739 739 739 740 740 740 740 740
573 574 574 575 574 574 575 575 574 575 575 574 575 575 575 575 575 575 576 575 575 576 575 575 575 575 575 575 575 575 575 575 575 575 574 575 575 574 575 574 574 574 574 574 573 573 574 573 573 572 573 572 572 572 572 572 571 571 571 571 570 570 570 570 569 569 569 569 568 568 567 568 568 568 568 568 569 569 569 569 570 570 570 738 738 739 739 739 739 739 739 740 740 740
573 573 573 573 574 574 573 574 574 574 574 574 574 574 574 574 575 574 574 575 574 574 575 574 574 574 575 574 574 575 574 574 574 574 574 573 574 574 573 574 573 573 573 573 573 572 572 573 572 572 571 572 571 571 571 571 571 570 570 570 570 569 569 569 569 568 568 567 568 567 567 567 568 568 568 568 568 569 569 569 569 569 570 738 738 738 738 739 739 739 739 739 740 740
572 572 573 573 572 573 573 573 573 573 573 573 573 573 574 573 573 574 574 573 574 574 573 574 574 573 573 574 573 573 574 573 573 574 573 573 572 573 573 572 573 573 572 572 572 572 572 571 572 571 571 570 571 570 570 570 570 570 569 569 569 569 568 568 568 568 567 567 566 567 567 567 567 568 568 568 568 568 569 569 569 569 569 570 738 738 738 738 739 739 739 739 739 739
572 571 571 572 572 572 572 572 572 573 572 572 573 572 572 573 573 572 573 573 572 573 573 572 573 573 572 572 573 572 572 573 572 572 573 572 572 572 572 572 571 571 572 571 571 571 571 571 570 571 570 570 569 570 569 569 569 569 569 568 568 568 568 567 567 566 567 566 566 566 567 567 567 567 567 568 568 568 568 569 569 569 569 569 738 738 738 738 738 738 739 739 739 739
570 571 571 571 571 571 571 572 571 571 572 571 571 572 572 571 572 572 571 572 572 572 572 572 572 572 572 572 571 572 572 571 572 572 571 572 571 571 571 571 571 570 570 571 570 570 570 570 570 569 570 569 569 568 569 568 568 567 568 568 567 567 567 567 566 565 565 566 566 566 566 567 567 567 567 567 568 568 568 568 568 569 569 569 569 737 738 738 738 738 738 739 739 739
570 569 570 570 570 571 570 570 571 571 570 571 571 570 571 571 571 571 571 571 571 571 571 571 571 571 571 571 571 570 571 571 570 571 571 570 571 571 570 570 570 570 570 569 570 569 569 569 569 569 568 569 568 568 567 568 567 567 566 567 566 566 565 565 565 565 565 565 566 566 566 566 566 567 567 567 567 568 568 568 568 568 569 569 569 737 737 738 738 738 738 738 738 739
569 569 569 569 569 569 570 569 569 570 570 569 570 570 570 570 570 570 570 570 570 571 570 570 571 570 570 571 570 570 570 570 570 569 570 570 569 570 570 569 569 569 569 569 568 569 568 568 567 568 568 567 568 567 567 566 567 566 566 565 565 565 565 564 564 565 565 565 565 566 566 566 566 566 567 567 567 567 567 568 568 568 568 568 569 569 737 737 737 738 738 738 738 738
568 568 568 568 569 568 568 569 569 568 569 569 569 569 569 569 570 569 569 570 569 569 570 569 569 570 569 569 570 569 569 569 569 569 569 569 569 568 568 569 568 568 568 568 568 567 568 567 567 566 567 567 566 566 566 566 565 565 565 565 564 564 564 564 564 564 565 565 565 565 565 566 566 566 566 567 567 567 567 567 568 568 568 568 568 569 737 737 737 737 738 738 738 738
567 567 568 567 567 568 568 567 568 568 568 568 568 568 569 568 568 569 568 568 569 568 568 569 568 568 569 568 568 569 568 568 568 568 568 568 568 568 567 567 568 567 567 567 567 567 566 567 566 566 565 566 566 565 565 565 565 564 564 564 564 563 563 564 564 564 564 565 565 565 565 565 566 566 566 566 566 567 567 567 567 568 568 568 568 568 569 737 737 737 737 737 738 738
567 566 566 567 567 566 567 567 567 567 567 567 568 567 568 568 567 567 568 568 567 568 568 567 568 568 567 568 568 567 568 568 567 567 567 567 567 567 567 566 566 567 566 566 566 566 566 565 566 565 565 564 565 564 564 564 564 564 563 563 563 563 563 563 564 564 564 564 564 565 565 565 565 566 566 566 566 566 567 567 567 567 567 568 568 568 568 736 737 737 737 737 737 738
565 566 566 565 566 566 566 566 566 566 567 566 567 567 566 567 567 567 566 567 567 566 567 567 566 567 567 566 567 567 566 567 567 566 566 566 566 566 566 566 566 565 566 565 565 564 565 565 564 565 564 564 563 564 563 563 562 563 562 562 562 563 563 563 563 563 564 564 564 564 565 565 565 565 565 566 566 566 566 567 567 567 567 567 568 568 568 568 736 737 737 737 737 737
565 564 565 565 565 565 565 565 566 565 565 566 565 566 566 566 566 566 566 565 566 566 565 566 566 565 566 566 565 566 566 565 566 566 565 565 566 565 565 565 565 565 564 565 564 564 563 564 564 563 564 563 563 562 563 562 562 561 562 562 562 562 562 563 563 563 563 564 564 564 564 565 565 565 565 565 566 566 566 566 566 567 567 567 567 567 568 568 568 736 736 737 737 737
564 564 563 564 564 564 564 564 564 565 564 564 565 565 565 565 565 565 565 565 565 565 565 565 565 565 565 565 565 565 565 565 564 564 565 564 564 565 564 564 564 564 564 563 564 563 563 562 563 563 562 562 562 562 561 561 561 561 561 561 562 562 562 562 563 563 563 563 564 564 564 564 564 565 565 565 565 566 566 566 566 566 567 567 567 567 567 568 568 736 736 736 736 737
562 563 563 563 563 563 563 564 563 563 564 564 564 564 564 564 564 564 565 564 564 564 564 564 564 564 564 564 564 564 564 564 564 563 563 564 563 563 564 563 563 562 563 563 562 563 562 562 561 562 561 561 561 561 561 560 560 561 561 561 561 562 562 562 562 563 563 563 563 563 564 564 564 564 565 565 565 565 565 566 566 566 566 566 567 567 567 567 567 568 736 736 736 736
562 562 562 562 562 563 562 562 563 563 562 563 563 563 563 563 564 563 563 564 563 563 563 563 563 563 563 563 563 563 563 563 563 563 562 562 563 562 562 563 562 562 561 562 561 561 562 561 561 560 561 560 560 559 560 560 560 560 561 561 561 561 562 562 562 562 562 563 563 563 563 564 564 564 564 564 565 565 565 565 566 566 566 566 566 567 567 567 567 567 736 736 736 736
561 561 561 562 561 561 562 562 561 562 562 561 562 562 562 562 562 563 562 562 562 562 562 562 562 562 562 562 562 562 562 562 562 562 562 562 561 562 561 561 562 561 561 560 561 560 560 560 560 560 559 560 559 559 559 560 560 560 560 561 561 561 561 561 562 562 562 562 563 563 563 563 564 564 564 564 564 565 565 565 565 565 566 566 566 566 566 567 567 567 567 735 736 736
560 560 560 560 561 560 560 561 561 560 561 561 561 561 561 561 561 561 561 561 561 561 562 561 561 562 561 561 561 561 561 561 561 561 560 561 561 560 561 560 560 559 560 560 559 560 559 559 558 559 559 558 558 559 559 559 559 560 560 560 560 561 561 561 561 562 562 562 562 563 563 563 563 563 564 564 564 564 565 565 565 565 565 566 566 566 566 566 567 567 567 735 735 735
559 559 560 559 559 560 560 559 560 560 560 560 560 560 560 560 560 560 560 560 561 560 560 561 560 560 561 560 560 561 560 560 560 560 560 559 560 559 559 560 559 559 558 559 559 558 559 558 558 557 558 558 558 558 559 559 559 559 560 560 560 560 561 561 561 561 562 562 562 562 562 563 563 563 563 564 564 564 564 564 565 565 565 565 565 566 566 566 566 566 567 567 735 735
557 558 558 559 559 558 559 559 558 559 559 559 559 559 559 559 559 559 560 559 559 560 559 559 560 559 559 560 559 559 560 559 559 559 559 559 558 559 558 558 559 558 558 557 558 558 557 557 557 557 557 558 558 558 558 559 559 559 559 560 560 560 560 561 561 561 561 561 562 562 562 562 563 563 563 563 563 564 564 564 564 565 565 565 565 565 566 566 566 566 566 566 735 735
557 557 557 557 558 558 557 558 558 558 558 558 558 558 558 558 559 558 558 559 558 558 559 558 558 559 558 558 559 558 558 559 558 558 557 558 558 557 558 557 557 557 557 557 556 557 556 556 556 557 557 557 557 558 558 558 558 559 559 559 559 560 560 560 560 561 561 561 561 562 562 562 562 562 563 563 563 563 564 564 564 564 564 565 565 565 565 565 566 566 566 566 566 735
556 556 556 557 556 557 557 557 557 557 557 557 557 557 558 557 557 558 557 557 558 557 557 558 557 557 558 557 557 558 557 557 558 557 557 556 557 557 556 557 556 556 556 556 556 555 556 556 556 556 557 557 557 557 558 558 558 558 559 559 559 559 560 560 560 560 561 561 561 561 561 562 562 562 562 563 563 563 563 563 564 564 564 564 564 565 565 565 565 565 566 566 566 734
555 555 555 555 556 555 556 556 556 556 556 556 556 556 556 557 556 556 557 556 556 557 556 556 557 556 556 557 556 556 557 556 556 555 556 556 555 556 556 555 556 555 555 554 555 555 555 555 556 556 556 557 557 557 557 558 558 558 558 559 559 559 559 560 560 560 560 560 561 561 561 561 562 562 562 562 562 563 563 563 563 564 564 564 564 564 565 565 565 565 565 566 566 566
554 554 555 554 554 555 555 555 555 555 555 555 555 556 555 555 556 555 555 556 555 555 556 555 555 556 555 555 556 555 555 556 555 555 554 555 555 554 555 554 554 554 554 554 554 555 555 555 555 556 556 556 556 557 557 557 557 558 558 558 558 559 559 559 559 560 560 560 560 561 561 561 561 562 562 562 562 562 563 563 563 563 563 564 564 564 564 564 565 565 565 565 565 566
553 553 553 554 553 553 554 554 554 554 554 555 554 554 555 554 554 555 554 554 555 554 554 555 554 554 555 554 554 555 554 554 554 554 554 553 554 554 553 554 553 553 553 554 554 554 554 555 555 555 556 556 556 556 557 557 557 557 558 558 558 558 559 559 559 559 560 560 560 560 560 561 561 561 561 562 562 562 562 562 563 563 563 563 564 564 564 564 564 564 565 565 565 565
552 553 552 552 553 553 552 553 553 552 553 553 554 553 553 554 553 553 554 553 553 554 553 553 554 553 553 554 553 553 553 553 553 552 553 553 552 553 552 552 552 553 553 553 554 554 554 554 555 555 555 555 556 556 556 557 557 557 557 558 558 558 558 559 559 559 559 559 560 560 560 560 561 561 561 561 561 562 562 562 562 563 563 563 563 563 564 564 564 564 564 565 565 565
551 551 552 551 551 552 552 551 552 552 551 552 552 553 552 552 553 552 552 553 552 552 553 552 552 553 552 552 553 552 552 552 552 552 551 552 552 551 552 552 552 552 553 553 553 554 554 554 554 555 555 555 555 556 556 556 556 557 557 557 557 558 558 558 558 559 559 559 559 560 560 560 560 560 561 561 561 561 562 562 562 562 562 563 563 563 563 563 564 564 564 564 564 565
549 550 550 551 550 550 551 551 550 551 551 551 551 551 552 551 551 552 551 551 552 551 551 552 551 551 552 551 551 551 551 551 550 551 551 550 551 551 551 551 552 552 552 553 553 553 553 554 554 554 555 555 555 555 556 556 556 556 557 557 557 557 558 558 558 558 559 559 559 559 559 560 560 560 560 561 561 561 561 561 562 562 562 562 563 563 563 563 563 563 564 564 564 564
549 549 549 549 549 550 549 550 550 549 550 550 550 550 550 550 550 550 550 550 550 550 550 550 550 550 550 550 550 550 550 550 550 549 550 550 550 551 551 551 551 552 552 552 553 553 553 553 554 554 554 554 555 555 555 555 556 556 556 556 557 557 557 557 558 558 558 558 559 559 559 559 560 560 560 560 560 561 561 561 561 562 562 562 562 562 563 563 563 563 563 564 564 565
548 548 548 548 548 548 549 548 549 549 548 549 549 549 549 549 549 549 549 549 549 549 549 549 549 549 549 549 549 549 549 548 549 549 549 550 550 550 550 551 551 551 552 552 552 552 553 553 553 554 554 554 554 555 555 555 555 556 556 556 556 557 557 557 557 558 558 558 558 559 559 559 559 559 560 560 560 560 561 561 561 561 561 562 562 562 562 562 563 563 563 563 564 565
