testData/tiles/oneDegreeCosts/grid43.0-25.0-44.0-26.0.asc
ncols   200
nrows   200
xllcorner   43.0
yllcorner   25.0
cellsize   0.005
NODATA_value   -9999.0
[rows 0 to 41 of 200, columns 94 to 187 of 200]
432 432 432 431 430 430 429 428 427 427 426 426 425 424 424 424 423 422 422 421 421 421 419 419 419 418 417 417 416 416 414 414 414 413 413 412 411 411 410 409 409 408 408 407 406 406 405 404 404 403 403 402 401 401 400 400 398 398 398 397 396 395 395 395 393 393 392 392 390 390 390 389 388 387 387 387 385 385 384 384 382 382 382 381 380 379 379 378 377 377 376 375 374 374
432 432 430 430 429 429 428 427 427 426 426 425 424 424 424 423 422 422 421 421 421 419 419 419 418 417 417 416 416 415 414 414 413 413 412 411 411 411 409 409 408 408 407 406 406 405 405 404 403 403 403 401 401 400 400 399 398 398 397 396 396 395 395 393 393 392 392 391 390 390 389 388 388 387 387 385 385 384 384 383 382 382 381 380 379 379 379 377 377 376 376 374 374 374
432 430 430 429 428 428 427 427 426 426 425 424 424 424 423 422 422 421 421 421 419 419 419 418 417 417 416 416 416 414 414 413 413 412 411 411 411 409 409 408 408 408 406 406 406 405 404 403 403 403 401 401 400 400 399 398 398 397 396 396 395 395 393 393 393 392 391 390 390 390 388 388 387 387 385 385 385 384 383 382 382 382 380 380 379 379 377 377 377 376 375 374 374 373
430 430 429 428 428 427 426 426 426 425 424 424 424 423 422 422 421 421 421 419 419 419 418 417 417 416 416 416 414 414 413 413 412 411 411 411 409 409 409 408 408 406 406 406 405 404 404 403 403 401 401 401 400 399 398 398 398 396 396 395 395 395 393 393 392 392 391 390 390 389 388 387 387 387 385 385 384 384 383 382 382 381 380 379 379 379 377 377 376 375 374 374 374 372
429 429 428 428 427 426 426 426 425 424 424 424 423 422 422 421 421 421 419 419 419 418 417 417 416 416 416 414 414 414 413 412 411 411 411 410 409 409 408 408 407 406 406 405 404 404 403 403 401 401 401 400 400 398 398 398 397 396 396 395 395 393 393 392 392 391 390 390 389 388 388 387 387 385 385 385 384 383 382 382 381 380 380 379 379 377 377 376 376 375 374 374 373 372
428 428 427 427 426 426 426 424 424 424 424 423 422 422 421 421 421 419 419 419 418 417 417 416 416 416 414 414 414 413 412 411 411 411 410 409 409 408 408 407 406 406 405 404 404 403 403 403 401 401 400 400 399 398 398 397 396 396 395 395 393 393 393 392 391 390 390 390 388 388 387 387 386 385 385 384 383 382 382 382 380 380 379 379 378 377 377 376 375 374 374 374 372 372
428 427 426 426 426 426 424 424 424 423 423 422 422 421 421 421 419 419 419 418 417 417 416 416 416 414 414 414 413 412 412 411 411 410 409 409 408 408 407 406 406 406 404 404 403 403 403 401 401 400 400 399 398 398 398 396 396 395 395 394 393 393 392 391 391 390 390 388 388 388 387 386 385 385 384 384 383 382 382 381 380 380 379 378 377 377 376 375 375 374 374 372 372 371
427 426 426 426 426 424 424 424 423 423 422 421 421 421 421 419 419 419 418 417 417 416 416 416 414 414 414 413 412 412 411 411 410 409 409 408 408 407 406 406 406 405 404 403 403 403 401 401 401 400 399 398 398 398 396 396 395 395 394 393 393 392 392 391 390 390 389 388 388 387 387 385 385 385 384 383 382 382 382 380 380 379 379 377 377 377 376 375 374 374 374 372 372 371
426 426 426 425 424 424 424 423 423 422 421 421 421 420 419 419 419 418 417 417 416 416 416 414 414 414 413 412 412 411 411 410 409 409 408 408 407 406 406 406 405 404 404 403 403 401 401 401 400 399 398 398 398 396 396 396 395 395 393 393 393 392 391 390 390 390 388 388 387 387 386 385 385 384 383 383 382 382 380 380 379 379 378 377 377 376 375 375 374 374 372 372 371 371
426 426 425 424 424 423 423 423 422 421 421 421 419 419 419 418 418 417 417 416 416 416 414 414 414 413 412 412 411 411 411 409 409 408 408 407 406 406 406 405 404 404 403 403 401 401 401 400 399 399 398 398 397 396 396 395 395 393 393 393 392 391 391 390 390 388 388 388 387 386 385 385 385 383 383 382 382 380 380 380 379 378 377 377 377 375 375 374 374 372 372 372 371 370
425 425 424 424 423 423 423 421 421 421 421 419 419 419 418 418 417 416 416 416 416 414 414 414 413 412 412 411 411 411 409 409 408 408 407 406 406 406 405 404 404 403 403 402 401 401 400 399 399 398 398 398 396 396 395 395 394 393 393 392 391 391 390 390 388 388 388 387 386 385 385 385 384 383 382 382 382 380 380 379 379 378 377 377 376 375 374 374 374 372 372 371 371 370
424 424 423 423 423 422 421 421 421 421 419 419 419 418 418 417 416 416 416 415 414 414 413 413 412 412 411 411 411 409 409 408 408 407 406 406 406 405 404 404 403 403 402 401 401 400 400 399 398 398 398 396 396 395 395 394 393 393 393 391 391 390 390 390 388 388 387 387 386 385 385 384 383 383 382 382 380 380 380 379 378 377 377 376 375 375 374 374 372 372 372 371 370 369
424 423 423 423 422 421 421 421 420 419 419 419 418 418 417 416 416 416 415 414 414 413 413 412 411 411 411 410 409 409 408 408 408 406 406 406 405 404 404 403 403 402 401 401 401 400 399 398 398 398 396 396 396 395 394 393 393 393 392 391 390 390 390 388 388 387 387 386 385 385 385 383 383 382 382 380 380 380 379 378 377 377 377 375 375 374 374 373 372 372 371 370 369 369
423 423 423 421 421 421 421 420 419 419 418 418 418 417 416 416 416 415 414 414 413 413 412 411 411 411 410 409 409 408 408 408 406 406 406 405 404 404 403 403 402 401 401 401 400 399 398 398 398 396 396 396 395 394 393 393 393 392 391 391 390 390 388 388 388 387 386 385 385 385 383 383 382 382 381 380 380 379 378 378 377 377 375 375 375 374 373 372 372 371 370 370 369 369
423 423 421 421 421 420 420 419 419 418 418 418 416 416 416 416 415 414 414 413 413 412 411 411 411 410 409 409 408 408 408 406 406 406 405 404 404 403 403 403 401 401 401 400 399 399 398 398 396 396 396 395 395 394 393 393 392 391 391 390 390 388 388 388 387 386 386 385 385 383 383 383 382 382 380 380 380 379 378 377 377 377 375 375 374 374 372 372 372 371 370 369 369 369
422 421 421 421 420 420 419 419 418 418 418 416 416 416 416 414 414 414 413 413 412 411 411 411 410 409 409 408 408 408 406 406 406 405 404 404 403 403 403 401 401 401 400 399 399 398 398 396 396 396 395 395 394 393 393 392 391 391 390 390 389 388 388 387 386 386 385 385 384 383 383 382 382 380 380 380 379 378 377 377 377 375 375 374 374 373 372 372 371 370 370 369 369 367
421 421 420 420 419 419 418 418 418 417 416 416 416 415 414 414 414 413 413 412 411 411 411 410 409 409 408 408 408 406 406 406 405 404 404 403 403 403 401 401 401 400 399 399 398 398 397 396 396 395 395 394 393 393 393 391 391 390 390 389 388 388 388 387 386 385 385 385 383 383 382 382 381 380 380 379 378 378 377 377 375 375 375 374 373 372 372 372 370 370 369 369 367 367
421 420 420 419 419 418 418 418 416 416 416 416 415 414 414 413 413 413 412 411 411 411 410 409 409 408 408 408 406 406 406 405 404 404 403 403 403 401 401 401 400 399 399 398 398 398 396 396 395 395 394 393 393 393 391 391 390 390 390 388 388 388 387 386 385 385 385 383 383 382 382 381 380 380 380 378 378 377 377 376 375 375 374 373 373 372 372 371 370 369 369 369 367 367
420 420 419 418 418 418 418 416 416 416 415 415 414 414 413 413 413 411 411 411 411 410 409 409 408 408 408 406 406 406 405 404 404 403 403 403 401 401 401 400 399 399 398 398 398 396 396 395 395 394 393 393 393 391 391 391 390 390 388 388 388 387 386 386 385 385 383 383 383 382 381 380 380 380 379 378 377 377 377 375 375 374 374 373 372 372 371 370 370 369 369 367 367 367
420 418 418 418 418 417 416 416 416 415 415 414 414 413 413 413 411 411 411 410 410 409 409 408 408 407 406 406 406 405 404 404 403 403 403 401 401 401 400 399 399 398 398 398 396 396 396 395 394 393 393 393 392 391 391 390 390 389 388 388 387 386 386 385 385 383 383 383 382 382 381 380 380 379 378 378 377 377 375 375 375 374 373 372 372 372 370 370 369 369 368 367 367 366
418 418 418 418 417 416 416 415 415 415 414 413 413 413 413 411 411 411 410 410 409 408 408 408 407 406 406 406 405 404 404 403 403 403 401 401 401 400 399 399 398 398 398 396 396 396 395 394 393 393 393 392 391 391 390 390 389 388 388 387 386 386 385 385 385 383 383 382 382 381 380 380 379 378 378 377 377 375 375 375 374 373 373 372 372 370 370 369 369 368 367 367 366 365
418 418 417 417 416 416 415 415 415 414 413 413 413 412 411 411 411 410 410 409 408 408 408 407 406 406 406 405 404 404 403 403 403 401 401 401 400 399 399 398 398 398 396 396 396 395 394 394 393 393 392 391 391 390 390 389 388 388 388 386 386 385 385 385 383 383 382 382 381 380 380 380 378 378 377 377 376 375 375 374 373 373 372 372 371 370 370 369 369 367 367 367 366 365
417 417 416 416 415 415 415 414 413 413 413 413 411 411 411 410 410 409 409 408 408 408 406 406 406 406 405 404 404 403 403 403 401 401 401 400 399 399 398 398 398 396 396 396 395 394 394 393 393 392 391 391 390 390 389 388 388 388 387 386 385 385 385 383 383 383 382 381 380 380 380 378 378 377 377 376 375 375 375 374 373 372 372 372 370 370 369 369 368 367 367 366 365 365
417 416 416 415 415 415 414 413 413 413 412 411 411 411 410 410 409 409 408 408 408 406 406 406 405 405 404 404 403 403 403 401 401 401 400 399 399 398 398 398 396 396 396 395 394 394 393 393 392 391 391 390 390 389 388 388 388 387 386 386 385 385 383 383 383 382 381 381 380 380 378 378 378 377 377 375 375 375 374 373 372 372 372 370 370 369 369 368 367 367 366 365 365 364
416 415 415 415 415 413 413 413 413 412 411 411 411 410 410 409 408 408 408 408 406 406 406 405 405 404 403 403 403 403 401 401 401 400 399 399 398 398 398 396 396 396 395 394 394 393 393 393 391 391 390 390 389 388 388 388 387 386 386 385 385 383 383 383 382 381 381 380 380 379 378 378 377 377 376 375 375 374 373 373 372 372 370 370 370 369 368 367 367 367 365 365 364 364
415 415 415 414 413 413 413 412 412 411 411 410 410 410 409 408 408 408 407 406 406 406 405 405 404 403 403 403 402 401 401 401 400 399 399 398 398 398 396 396 396 395 394 394 393 393 393 391 391 390 390 389 388 388 388 387 386 386 385 385 384 383 383 382 381 381 380 380 380 378 378 377 377 376 375 375 374 373 373 372 372 371 370 370 369 369 368 367 367 366 365 365 364 364
415 415 413 413 413 413 412 412 411 411 410 410 410 408 408 408 408 407 406 406 405 405 405 404 403 403 403 401 401 401 400 400 399 399 398 398 398 396 396 396 395 394 394 393 393 393 391 391 390 390 389 388 388 388 387 386 386 385 385 384 383 383 382 382 381 380 380 380 378 378 377 377 376 375 375 375 373 373 372 372 372 370 370 369 369 368 367 367 366 365 365 364 364 362
414 413 413 413 412 412 411 411 410 410 410 410 408 408 408 408 407 406 406 405 405 405 404 403 403 403 401 401 401 400 400 399 398 398 398 398 396 396 396 395 394 394 393 393 393 391 391 390 390 390 388 388 388 387 386 386 385 385 384 383 383 383 382 381 380 380 380 378 378 378 377 376 375 375 375 374 373 372 372 372 370 370 370 369 368 367 367 367 365 365 364 364 363 362
413 413 412 412 412 411 410 410 410 410 408 408 408 408 407 406 406 406 405 405 404 403 403 403 403 401 401 401 400 400 399 398 398 398 397 396 396 395 395 394 394 393 393 393 391 391 390 390 390 388 388 388 387 386 386 385 385 384 383 383 383 382 381 380 380 380 378 378 378 377 376 375 375 375 374 373 373 372 372 370 370 370 369 368 367 367 367 365 365 364 364 363 362 362
412 412 412 412 411 410 410 410 410 408 408 408 408 407 406 406 405 405 405 404 403 403 403 402 401 401 401 400 400 399 398 398 398 397 396 396 395 395 394 393 393 393 392 391 391 390 390 390 388 388 388 387 386 386 385 385 385 383 383 383 382 381 381 380 380 378 378 378 377 377 376 375 375 374 373 373 372 372 371 370 370 369 368 368 367 367 365 365 365 364 364 362 362 362
412 412 412 410 410 410 410 409 408 408 408 407 407 406 406 405 405 405 403 403 403 403 402 401 401 400 400 400 399 398 398 398 397 396 396 395 395 394 393 393 393 392 391 391 390 390 390 388 388 388 387 386 386 385 385 385 383 383 383 382 381 381 380 380 378 378 378 377 377 376 375 375 374 373 373 372 372 371 370 370 369 368 368 367 367 367 365 365 364 364 363 362 362 361
412 410 410 410 410 409 409 408 408 407 407 407 406 405 405 405 405 403 403 403 403 402 401 401 400 400 400 398 398 398 398 397 396 396 395 395 394 393 393 393 392 391 391 390 390 390 388 388 388 387 386 386 385 385 385 383 383 383 382 381 381 380 380 379 378 378 377 377 376 375 375 375 373 373 372 372 371 370 370 370 369 368 367 367 367 365 365 364 364 363 362 362 361 360
410 410 410 409 409 408 408 408 407 407 407 406 405 405 405 404 403 403 403 402 402 401 401 400 400 400 398 398 398 398 396 396 396 395 395 394 393 393 393 392 391 391 390 390 390 388 388 388 387 386 386 385 385 385 383 383 383 382 381 381 380 380 380 378 378 377 377 376 375 375 375 373 373 372 372 372 370 370 370 369 368 367 367 367 365 365 365 364 363 362 362 362 360 360
410 410 409 409 408 408 407 407 407 406 405 405 405 405 403 403 403 403 402 402 401 400 400 400 399 398 398 398 397 396 396 396 395 395 394 393 393 393 392 391 391 390 390 390 388 388 388 387 386 386 385 385 385 383 383 383 382 381 381 380 380 380 378 378 377 377 376 375 375 375 373 373 373 372 372 370 370 370 369 368 368 367 367 365 365 365 364 363 362 362 362 361 360 360
409 409 409 408 407 407 407 407 405 405 405 405 404 403 403 403 402 402 401 401 400 400 400 398 398 398 398 397 396 396 395 395 395 394 393 393 393 392 391 391 390 390 390 388 388 388 387 386 386 385 385 385 383 383 383 382 381 381 380 380 380 378 378 378 377 376 375 375 375 374 373 373 372 372 370 370 370 369 368 368 367 367 365 365 365 364 364 363 362 362 361 360 360 359
409 408 407 407 407 407 407 405 405 405 405 404 403 403 403 402 402 401 400 400 400 400 398 398 398 398 397 396 396 395 395 395 393 393 393 393 392 391 391 390 390 390 388 388 388 387 386 386 385 385 385 383 383 383 382 381 381 380 380 380 378 378 378 377 376 375 375 375 374 373 373 372 372 371 370 370 369 368 368 367 367 367 365 365 364 364 363 362 362 361 360 360 359 359
407 407 407 407 407 405 405 405 405 404 404 403 403 402 402 402 401 400 400 400 400 398 398 398 397 397 396 396 395 395 395 393 393 393 392 392 391 391 390 390 389 388 388 388 387 386 386 385 385 385 383 383 383 382 381 381 380 380 380 378 378 378 377 376 376 375 375 374 373 373 372 372 371 370 370 370 368 368 367 367 367 365 365 364 364 363 362 362 362 360 360 359 359 358
407 407 407 406 405 405 405 404 404 403 403 402 402 402 402 400 400 400 400 399 398 398 398 397 397 396 395 395 395 395 393 393 393 392 392 391 390 390 390 389 388 388 388 387 386 386 385 385 385 383 383 383 382 381 381 380 380 380 378 378 378 377 376 376 375 375 374 373 373 372 372 371 370 370 370 369 368 367 367 367 365 365 365 364 363 362 362 362 360 360 360 359 358 357
407 406 406 405 405 404 404 404 403 403 402 402 402 401 400 400 400 400 399 398 398 397 397 397 396 395 395 395 394 393 393 393 392 392 391 390 390 390 389 388 388 388 387 386 386 385 385 385 383 383 383 382 381 381 380 380 380 378 378 378 377 376 376 375 375 374 373 373 372 372 371 370 370 370 369 368 368 367 367 365 365 365 364 363 363 362 362 360 360 360 359 359 357 357
406 405 405 404 404 404 404 403 402 402 402 402 400 400 400 400 399 398 398 398 397 397 396 396 395 395 395 393 393 393 393 392 391 391 390 390 390 388 388 388 388 387 386 386 385 385 385 383 383 383 382 381 381 380 380 380 378 378 378 377 376 376 375 375 375 373 373 372 372 371 370 370 370 369 368 368 367 367 365 365 365 364 363 363 362 362 361 360 360 359 359 358 357 357
405 404 404 404 404 403 402 402 402 402 401 400 400 400 399 399 398 398 397 397 397 396 395 395 395 395 393 393 393 392 392 391 391 390 390 390 388 388 388 387 387 386 386 385 385 385 383 383 383 382 381 381 380 380 380 378 378 378 377 376 376 375 375 375 373 373 372 372 371 370 370 370 369 368 368 367 367 366 365 365 364 364 363 362 362 362 360 360 359 359 358 357 357 356
404 404 404 404 402 402 402 402 401 400 400 400 400 399 399 398 398 397 397 397 396 395 395 395 394 393 393 393 392 392 391 390 390 390 390 388 388 388 387 387 386 385 385 385 385 383 383 383 382 381 381 380 380 380 378 378 378 377 377 376 375 375 375 373 373 372 372 371 370 370 370 369 368 368 367 367 366 365 365 364 364 363 362 362 362 360 360 359 359 358 357 357 357 355
