testData/tiles/oneDegreeCosts/grid41.0-7.0-42.0-8.0.asc
ncols   200
nrows   200
xllcorner   41.0
yllcorner   7.0
cellsize   0.005
NODATA_value   -9999.0
[rows 42 to 83 of 200, columns 0 to 93 of 200]
642 642 642 642 642 642 642 642 642 642 642 642 642 642 642 642 642 642 642 642 642 642 642 642 642 660 661 678 678 678 677 677 679 681 685 688 692 694 699 702 705 709 712 715 718 722 724 728 731 734 737 741 745 748 752 754 758 760 764 767 981 984 987 990 994 996 1000 1002 1007 1009 1012 1016 1018 1022 1024 1028 1030 1033 1036 1039 1041 1045 1048 1050 1053 1055 1059 1061 1064 1066 1069 1071 1074 1076
642 642 642 642 642 642 642 642 642 642 642 642 642 642 642 642 642 642 642 642 642 642 642 660 660 660 660 676 676 677 677 677 678 682 685 688 691 695 698 701 705 709 712 715 719 721 725 728 731 735 738 741 744 747 750 754 757 761 764 767 981 984 987 990 994 997 1000 1003 1005 1009 1012 1015 1018 1022 1025 1028 1031 1034 1037 1040 1043 1046 1048 1052 1054 1057 1059 1062 1065 1068 1070 1073 1074 1077
642 642 642 642 642 642 642 642 642 642 642 642 642 642 642 642 642 642 642 642 660 660 660 660 660 659 659 676 676 675 675 675 678 681 685 688 692 694 698 701 704 708 711 714 717 722 724 728 732 734 738 741 744 747 751 753 757 760 763 768 981 985 987 991 994 997 1000 1003 1006 1010 1012 1016 1018 1022 1024 1028 1030 1035 1038 1040 1044 1046 1050 1052 1055 1058 1061 1063 1066 1069 1072 1075 1077 1079
642 642 642 642 642 642 642 642 642 642 642 642 642 642 642 642 642 642 659 659 659 659 658 659 659 659 659 675 675 675 675 674 677 680 684 688 691 695 698 701 704 708 711 714 718 720 724 727 731 735 738 741 744 747 750 754 757 760 764 766 981 983 987 991 994 997 1000 1004 1007 1010 1013 1016 1019 1022 1025 1029 1031 1035 1037 1041 1043 1046 1049 1053 1056 1059 1062 1065 1068 1070 1073 1076 1079 1081
642 642 642 642 642 642 642 642 642 642 642 642 642 642 642 642 659 659 659 658 658 658 658 658 657 657 658 675 675 674 674 674 677 680 683 687 691 693 698 701 704 707 711 714 717 721 723 727 730 733 737 741 744 747 751 753 757 761 763 767 980 984 987 990 994 996 1000 1004 1007 1010 1013 1016 1019 1022 1026 1028 1032 1035 1038 1041 1044 1046 1050 1053 1056 1059 1062 1065 1068 1072 1074 1077 1079 1083
642 642 642 642 642 642 642 642 642 642 642 642 642 642 658 657 657 658 658 658 658 658 657 657 657 657 657 673 674 674 674 673 676 680 684 686 690 693 696 700 703 708 710 714 717 720 724 727 730 733 737 740 743 747 749 754 756 760 764 766 981 984 987 990 993 997 1000 1003 1006 1009 1012 1015 1020 1023 1026 1029 1032 1035 1038 1041 1045 1047 1051 1053 1057 1059 1063 1065 1069 1071 1074 1077 1080 1083
642 642 642 642 642 642 642 642 642 642 642 657 657 657 657 657 657 657 656 656 657 657 657 657 656 656 656 673 673 672 672 673 677 679 683 686 690 693 696 700 702 706 710 712 717 720 723 727 730 733 736 740 742 746 750 752 756 759 762 767 980 984 987 990 993 997 1000 1003 1006 1009 1012 1015 1019 1022 1025 1028 1032 1035 1038 1042 1045 1048 1051 1054 1057 1060 1063 1066 1070 1072 1076 1078 1081 1084
642 642 642 642 642 642 642 642 642 656 656 656 657 657 656 656 656 656 656 656 656 655 655 656 656 656 655 672 672 672 672 671 675 678 683 686 689 693 695 699 703 706 709 712 716 719 722 727 729 733 737 739 743 746 749 752 756 759 762 765 979 983 987 990 993 996 1000 1003 1006 1009 1012 1016 1018 1022 1025 1028 1031 1034 1038 1040 1044 1048 1051 1054 1057 1061 1063 1067 1069 1073 1076 1079 1081 1085
642 642 642 642 642 642 642 656 655 655 655 655 655 655 655 656 656 655 655 655 655 655 655 654 654 655 655 672 671 671 671 671 674 678 681 685 687 692 696 699 702 705 709 712 715 719 721 725 729 732 735 739 742 745 749 752 755 759 761 765 980 982 986 988 992 996 998 1003 1005 1009 1013 1015 1019 1021 1025 1029 1031 1035 1037 1041 1043 1047 1050 1053 1057 1059 1063 1066 1070 1073 1076 1079 1082 1085
642 642 642 642 642 654 654 655 655 655 655 655 654 654 654 654 654 655 655 655 654 654 654 654 654 653 653 670 671 671 670 670 674 678 680 684 687 691 694 697 702 705 708 712 715 718 721 725 728 731 735 737 741 745 748 752 755 758 762 764 979 982 985 989 992 995 998 1001 1005 1008 1011 1015 1018 1022 1025 1028 1031 1034 1037 1040 1044 1046 1050 1053 1056 1060 1062 1066 1068 1072 1075 1078 1082 1085
642 642 642 654 654 653 653 653 653 653 654 654 654 654 654 654 653 653 653 653 654 654 653 653 653 653 670 670 669 669 669 670 673 677 680 684 686 690 694 697 700 703 707 710 714 718 720 724 728 731 734 737 741 744 747 750 753 757 761 764 979 981 985 989 991 995 997 1001 1005 1007 1011 1013 1017 1021 1023 1027 1030 1034 1037 1040 1044 1046 1050 1053 1056 1059 1062 1065 1069 1072 1075 1078 1081 1085
642 642 652 653 653 653 653 653 653 653 653 652 653 653 653 653 653 653 653 652 652 652 652 653 653 652 652 669 669 669 668 668 672 676 679 683 686 690 693 696 700 702 706 710 713 716 719 724 727 730 734 736 740 744 746 750 753 756 760 763 977 980 984 988 991 994 997 1000 1004 1007 1010 1013 1016 1020 1023 1026 1029 1032 1035 1039 1042 1046 1049 1052 1055 1059 1061 1065 1068 1071 1075 1077 1081 1083
651 651 651 651 651 652 652 652 652 652 652 652 652 652 652 652 652 652 652 652 652 652 651 651 651 651 652 668 668 668 668 668 671 675 678 682 684 689 693 696 699 702 706 709 712 716 718 722 726 729 732 736 740 742 746 750 752 756 758 762 977 979 983 986 989 993 996 1000 1003 1006 1010 1012 1016 1019 1022 1026 1028 1032 1035 1038 1041 1044 1048 1050 1054 1057 1061 1064 1067 1071 1073 1077 1079 1083
651 651 651 651 651 651 651 651 652 651 651 651 651 651 651 651 651 651 651 651 651 651 651 651 650 650 650 667 668 667 667 667 671 674 677 681 684 688 690 694 698 701 705 708 712 715 718 722 724 728 732 734 738 741 745 748 752 755 758 762 975 979 983 985 989 991 995 999 1001 1005 1007 1012 1015 1018 1022 1024 1028 1031 1034 1037 1040 1044 1046 1050 1053 1056 1059 1062 1065 1068 1072 1074 1078 1082
649 650 650 650 650 650 650 650 650 650 651 651 651 650 650 650 650 650 650 650 651 650 650 650 650 650 649 666 666 666 666 666 670 673 677 679 683 687 690 693 696 700 704 706 711 714 717 721 724 728 730 734 737 740 744 747 750 753 757 761 975 978 981 985 987 991 995 997 1001 1003 1007 1010 1013 1017 1019 1023 1027 1030 1033 1036 1040 1042 1046 1049 1052 1055 1058 1061 1064 1067 1071 1073 1076 1079
649 649 649 650 650 650 649 649 649 649 649 649 649 650 650 650 650 649 649 649 649 649 649 649 649 649 649 666 666 665 665 665 668 671 675 679 683 685 689 693 696 699 702 706 709 712 716 720 723 726 730 733 736 740 742 746 749 752 756 759 973 976 981 983 987 990 993 997 999 1003 1006 1009 1013 1015 1019 1022 1025 1028 1031 1034 1037 1041 1045 1047 1051 1053 1057 1059 1063 1066 1068 1072 1074 1077
648 648 648 648 648 648 649 649 649 649 649 648 648 648 648 649 649 649 649 649 648 648 648 648 648 648 648 665 665 665 665 664 667 671 674 677 681 684 689 691 695 698 702 705 708 712 714 718 721 725 728 732 736 738 742 745 748 752 755 758 972 975 978 982 985 988 993 995 999 1001 1005 1008 1011 1014 1017 1020 1024 1027 1030 1033 1036 1039 1042 1045 1048 1051 1055 1058 1061 1064 1067 1069 1072 1075
647 647 647 647 647 647 647 647 648 648 648 648 648 648 648 647 647 647 648 648 648 648 647 647 647 647 647 664 663 664 664 664 667 669 673 677 680 683 686 690 693 697 701 704 707 710 714 717 720 724 727 730 733 737 739 744 748 750 754 968 971 974 978 980 984 987 990 994 996 1000 1003 1007 1010 1013 1016 1020 1022 1026 1028 1032 1035 1037 1041 1043 1047 1050 1052 1056 1058 1061 1063 1067 1069 1073
646 646 647 647 647 647 647 647 647 646 646 647 647 647 647 647 647 647 647 646 646 647 647 647 647 646 646 663 663 663 662 662 665 669 673 675 679 682 686 688 692 696 699 702 706 710 712 716 720 722 726 729 733 735 739 742 745 749 752 756 970 974 976 980 982 986 989 992 995 999 1001 1005 1007 1011 1014 1017 1021 1024 1027 1030 1033 1036 1039 1042 1045 1048 1051 1053 1056 1058 1062 1064 1067 1069
645 645 645 645 646 646 646 646 646 646 646 646 646 646 646 646 646 646 646 646 646 645 645 645 646 646 646 662 662 662 662 662 663 667 670 675 678 681 684 688 692 694 698 701 704 707 711 714 718 722 725 728 731 735 737 741 744 747 750 754 967 971 974 978 982 985 988 991 993 997 1000 1003 1006 1010 1012 1016 1018 1022 1025 1027 1031 1034 1037 1041 1043 1046 1048 1051 1054 1057 1060 1062 1064 1066
645 645 645 645 645 645 644 645 645 645 645 645 645 645 645 645 646 645 645 645 645 645 645 645 644 644 644 662 662 662 661 661 663 666 669 672 676 679 683 686 690 694 696 700 703 707 709 713 716 719 722 726 731 733 737 740 743 746 750 752 967 970 973 976 979 982 986 989 993 996 998 1002 1005 1008 1011 1014 1017 1020 1023 1026 1028 1032 1035 1037 1040 1042 1046 1049 1052 1055 1056 1059 1061 1064
644 644 644 644 644 644 644 644 644 645 645 645 644 644 644 644 644 644 644 645 644 644 644 644 644 644 644 660 660 660 661 661 661 665 668 672 674 678 681 685 687 691 696 699 702 705 709 712 715 718 722 724 728 731 734 738 742 744 748 751 965 968 972 974 978 981 984 987 991 993 996 999 1003 1007 1009 1012 1015 1018 1021 1024 1027 1029 1032 1035 1038 1041 1043 1046 1049 1050 1053 1055 1058 1060
642 642 642 643 643 643 643 643 643 643 643 643 644 644 644 644 643 643 643 643 643 643 644 643 643 643 643 660 660 659 659 659 659 664 667 670 674 677 680 683 687 690 693 696 700 704 707 710 714 717 720 724 727 730 733 737 739 742 746 749 964 967 970 973 977 979 983 985 988 992 994 998 1001 1003 1007 1009 1012 1016 1019 1022 1024 1027 1030 1033 1036 1038 1041 1044 1045 1048 1050 1052 1054 1056
642 642 642 642 642 643 643 643 643 643 642 642 642 642 643 643 643 643 643 642 642 642 642 642 642 643 642 642 659 659 659 658 658 661 665 668 672 676 679 683 685 689 692 696 698 702 705 708 711 716 719 722 725 729 731 735 738 741 744 747 961 964 968 970 975 978 980 984 987 990 993 996 999 1002 1004 1007 1011 1013 1016 1018 1021 1025 1028 1031 1033 1036 1039 1040 1043 1045 1047 1049 1051 1053
641 641 641 641 641 641 641 641 642 642 642 642 642 642 641 641 641 642 642 642 642 642 641 641 641 641 641 641 658 658 658 658 658 660 663 667 670 674 676 681 684 688 690 694 697 701 703 707 710 713 716 720 723 727 730 734 736 740 743 745 960 963 966 969 972 975 978 982 985 988 991 994 997 999 1003 1006 1008 1011 1013 1017 1020 1022 1025 1027 1030 1032 1034 1037 1040 1042 1044 1046 1048 1050
640 641 641 641 641 641 641 640 640 640 641 641 641 641 641 641 641 641 640 640 641 641 641 641 641 640 640 640 657 657 657 657 657 659 662 665 669 672 676 679 682 685 689 693 696 699 702 705 708 712 715 718 721 725 727 731 734 737 741 744 958 961 964 967 970 974 976 979 983 985 988 991 994 998 1000 1003 1006 1009 1012 1015 1017 1020 1022 1025 1027 1029 1032 1034 1036 1038 1040 1042 1044 1046
639 639 639 639 640 640 640 640 640 640 640 640 640 640 640 640 640 640 640 640 640 639 639 640 640 640 640 640 656 656 656 656 656 656 661 664 668 670 674 677 681 683 687 690 694 696 701 704 707 710 713 717 719 723 726 729 732 735 739 741 955 960 962 966 969 971 974 978 980 983 986 989 992 994 997 1000 1003 1006 1009 1012 1015 1017 1020 1021 1024 1027 1029 1031 1033 1035 1037 1039 1041 1042
639 639 638 638 638 638 639 639 639 639 639 639 639 639 639 639 640 639 639 639 639 639 639 639 638 638 639 639 656 656 655 655 655 655 659 661 665 669 673 675 679 682 686 688 692 695 699 701 704 708 712 715 718 722 724 727 731 733 736 740 953 957 960 962 965 970 972 975 979 981 984 987 989 992 996 998 1001 1003 1006 1009 1011 1013 1015 1018 1022 1023 1026 1028 1030 1032 1034 1036 1037 1039
638 638 638 638 638 638 638 638 638 639 638 638 638 638 638 638 638 638 639 639 638 638 638 638 638 638 638 637 637 655 655 655 654 654 657 660 664 666 670 673 677 680 684 687 691 693 696 700 703 706 709 713 715 718 723 726 728 732 735 737 952 955 957 961 964 966 969 973 975 978 982 984 988 990 993 996 998 1001 1004 1006 1008 1010 1013 1016 1017 1020 1021 1024 1026 1027 1031 1032 1034 1035
636 636 637 637 637 637 637 637 637 637 637 637 638 638 638 637 637 637 637 637 637 638 638 637 637 637 637 637 637 653 653 653 654 654 655 659 662 665 669 671 675 678 682 684 689 692 695 698 701 705 707 710 714 717 719 723 726 728 733 736 949 953 956 958 961 965 967 970 973 975 979 982 984 987 990 993 996 998 1001 1003 1005 1008 1011 1012 1015 1016 1019 1021 1022 1025 1026 1028 1030 1030
636 636 636 636 636 637 637 637 636 636 636 636 636 636 637 637 637 637 637 636 636 636 636 636 637 637 636 636 636 653 653 652 652 652 653 658 660 663 667 670 674 676 680 683 686 689 692 696 700 702 706 709 711 715 718 721 724 727 730 733 947 950 953 957 960 962 965 968 970 974 977 979 982 985 987 990 992 994 997 999 1003 1005 1007 1010 1011 1014 1016 1017 1020 1021 1023 1024 1025 1027
635 635 635 635 635 635 635 635 636 636 636 636 636 635 635 635 635 636 636 636 636 636 635 635 635 635 635 636 635 652 652 652 652 652 651 654 658 661 664 668 672 675 678 681 684 688 691 693 697 700 702 706 710 713 716 719 722 725 728 731 944 948 951 953 956 959 961 966 969 971 974 977 979 982 985 987 989 992 994 997 998 1001 1004 1005 1008 1009 1012 1015 1016 1018 1019 1020 1022 1023
634 635 635 634 634 634 634 634 634 634 635 635 635 635 635 635 635 634 634 634 635 635 635 635 635 634 634 634 634 634 651 651 651 651 651 653 656 659 663 666 668 672 676 680 683 685 689 692 694 698 701 704 707 710 713 716 720 723 726 729 943 946 948 951 954 957 960 963 965 968 971 973 977 980 982 984 986 989 992 993 996 999 1000 1003 1004 1006 1008 1010 1012 1013 1015 1016 1017 1020
633 633 633 633 634 634 634 634 634 634 634 633 633 634 634 634 634 634 634 634 634 633 633 634 634 634 634 634 633 633 650 650 650 649 650 651 655 658 660 664 667 671 673 676 680 683 686 690 693 696 699 702 705 709 711 714 717 719 723 726 940 943 946 949 952 955 958 960 963 965 968 971 973 976 978 980 983 987 988 991 993 995 997 999 1001 1003 1005 1007 1008 1010 1011 1012 1014 1014
632 632 632 632 632 632 632 633 633 633 633 633 633 633 633 633 633 633 633 633 633 633 633 633 632 632 633 633 633 633 649 649 649 649 649 648 651 656 659 663 665 668 672 675 677 681 684 687 690 693 697 700 703 706 709 711 715 718 721 723 937 940 943 946 949 952 955 958 960 963 966 968 970 973 975 978 981 982 985 986 989 991 993 996 998 1000 1002 1003 1005 1007 1007 1009 1010 1011
631 632 632 632 632 632 632 632 631 632 632 632 632 632 632 632 632 632 632 632 632 632 632 632 632 632 632 631 631 632 632 649 648 648 648 648 650 653 656 659 663 667 669 673 676 679 682 685 688 691 694 697 700 703 707 710 713 715 718 721 935 938 941 943 946 949 952 954 957 961 963 965 967 970 973 974 977 980 981 984 986 988 990 991 994 996 997 999 1001 1002 1004 1005 1006 1008
630 630 630 631 631 631 631 631 631 631 631 631 632 632 631 631 631 631 631 631 631 631 632 631 631 631 631 631 631 630 630 647 647 648 648 647 648 651 655 657 660 664 667 670 674 677 680 683 686 689 692 695 698 701 704 706 709 712 717 719 722 936 938 941 944 946 949 952 954 957 959 961 964 967 969 972 975 976 979 980 983 985 986 988 991 992 994 995 997 998 999 1000 1001 1002
630 630 630 630 629 629 630 630 630 630 630 630 630 630 630 631 631 631 630 630 630 630 630 630 630 631 630 630 630 630 630 647 646 646 646 646 647 649 652 656 659 661 665 668 671 674 677 680 684 687 690 693 696 698 701 704 708 710 713 716 718 932 936 938 941 944 947 949 951 954 956 959 962 963 966 968 970 973 974 977 980 981 983 986 987 989 990 992 993 994 996 996 998 999
629 629 629 629 629 629 629 629 629 630 630 630 629 629 629 629 629 629 630 630 630 630 629 629 629 629 629 629 629 629 629 629 646 646 645 645 645 647 650 653 656 660 663 665 669 672 675 678 680 684 687 689 693 696 699 702 705 708 711 713 716 930 932 935 938 940 943 946 948 951 954 956 958 961 962 965 968 969 971 974 975 977 979 981 983 984 987 988 989 991 991 993 994 995
627 627 627 628 628 628 628 628 628 628 628 629 629 629 629 629 628 628 628 628 628 629 629 629 629 628 628 628 628 628 628 628 645 645 645 645 644 644 647 651 654 656 660 664 667 669 672 676 679 681 684 687 690 693 696 699 703 705 708 711 713 927 930 932 935 938 940 942 945 948 949 952 956 957 960 961 964 966 968 970 972 974 976 978 979 981 982 983 985 986 987 989 989 991
627 627 627 627 627 628 628 628 628 627 627 627 627 627 628 628 628 628 628 628 627 627 627 627 628 628 628 627 627 627 627 627 627 643 643 644 644 644 645 648 651 655 658 660 663 667 670 673 676 679 682 685 688 691 694 696 699 702 704 707 710 925 927 930 932 934 937 940 942 944 947 949 951 954 955 958 960 962 965 967 969 971 973 974 976 977 978 980 981 982 983 984 986 986
626 626 626 626 626 626 626 626 627 627 627 627 627 627 626 626 626 627 627 627 627 627 627 627 626 626 626 627 627 627 626 626 626 643 643 643 642 642 643 647 650 652 655 659 662 664 667 670 673 676 679 683 686 688 691 694 697 699 702 705 707 921 924 925 928 932 935 937 939 942 944 946 949 950 953 955 957 959 960 962 965 966 968 970 972 974 975 976 978 978 980 981 981 982
