testData/tiles/oneDegreeCosts/grid39.0-48.0-40.0-49.0.asc
ncols   200
nrows   200
xllcorner   39.0
yllcorner   48.0
cellsize   0.005
NODATA_value   -9999.0
[rows 84 to 125 of 200, columns 94 to 187 of 200]
192 192 192 192 192 192 192 192 192 192 192 192 192 192 192 192 191 191 191 191 191 191 191 191 191 191 191 191 191 191 191 191 191 191 191 191 191 305 305 305 305 305 305 305 305 305 305 304 304 304 304 304 304 304 304 304 304 304 304 304 304 304 304 304 304 304 304 304 304 304 304 304 304 304 304 304 304 304 304 304 304 304 304 304 304 304 304 304 304 304 304 305 307 307
192 192 192 192 192 192 192 192 192 192 192 192 192 192 192 192 191 191 191 191 191 191 191 191 191 191 191 191 191 191 191 191 191 191 191 191 191 305 305 305 305 305 305 305 305 305 305 304 304 304 304 304 304 304 304 304 304 304 304 304 304 304 304 304 304 304 304 304 304 304 304 304 304 304 304 304 304 304 304 304 304 304 304 304 304 304 304 304 304 305 305 306 308 308
192 192 192 192 192 192 192 192 192 192 192 192 192 192 192 191 191 191 191 191 191 191 191 191 191 191 191 191 191 191 191 191 191 191 191 191 305 305 305 305 305 305 305 305 305 305 305 304 304 304 304 304 304 304 304 304 304 304 304 304 304 304 304 304 304 304 304 304 304 304 304 304 304 304 304 304 304 304 304 304 304 304 304 304 304 304 304 304 304 305 306 307 308 309
192 192 192 192 192 192 192 192 192 192 192 192 192 192 192 191 191 191 191 191 191 191 191 191 191 191 191 191 191 191 191 191 191 191 191 305 305 305 305 305 305 305 305 305 305 305 305 304 304 304 304 304 304 304 304 304 304 304 304 304 304 304 304 304 304 304 304 304 304 304 304 304 304 304 304 304 304 304 304 304 304 304 304 304 304 304 304 305 305 306 308 308 309 310
192 192 192 192 192 192 192 192 192 192 192 192 192 192 192 191 191 191 191 191 191 191 191 191 191 191 191 191 191 191 191 191 191 191 191 305 305 305 305 305 305 305 305 305 305 305 304 304 304 304 304 304 304 304 304 304 304 304 304 304 304 304 304 304 304 304 304 304 304 304 304 304 304 304 304 304 304 304 304 304 304 304 304 304 304 304 304 305 306 307 308 309 310 310
192 192 192 192 192 192 192 192 192 192 192 192 192 192 192 191 191 191 191 191 191 191 191 191 191 191 191 191 191 191 191 191 191 191 305 305 305 305 305 305 305 305 305 305 305 305 304 304 304 304 304 304 304 304 304 304 304 304 304 304 304 304 304 304 304 304 304 304 304 304 304 304 304 304 304 304 304 304 304 304 304 304 304 304 304 304 305 306 307 308 309 310 311 311
192 192 192 192 192 192 192 192 192 192 192 192 192 192 191 191 191 191 191 191 191 191 191 191 191 191 191 191 191 191 191 191 191 305 305 305 305 305 305 305 305 305 305 305 305 305 304 304 304 304 304 304 304 304 304 304 304 304 304 304 304 304 304 304 304 304 304 304 304 304 304 304 304 304 304 304 304 304 304 304 304 304 304 304 304 306 306 307 307 309 310 310 312 312
192 192 192 192 192 192 192 192 192 192 192 192 192 192 191 191 191 191 191 191 191 191 191 191 191 191 191 191 191 191 191 191 191 305 305 305 305 305 305 305 305 305 305 305 305 305 304 304 304 304 304 304 304 304 304 304 304 304 304 304 304 304 304 304 304 304 304 304 304 304 304 304 304 304 304 304 304 304 304 304 304 304 304 304 305 306 307 308 308 310 311 311 313 313
192 192 192 192 192 192 192 192 192 192 192 192 192 192 191 191 191 191 191 191 191 191 191 191 191 191 191 191 191 191 191 191 305 305 305 305 305 305 305 305 305 305 305 305 305 304 304 304 304 304 304 304 304 304 304 304 304 304 304 304 304 304 304 304 304 304 304 304 304 304 304 304 304 304 304 304 304 304 304 304 304 304 304 304 306 307 307 309 309 310 312 312 313 314
192 192 192 192 192 192 192 192 192 192 192 192 192 191 191 191 191 191 191 191 191 191 191 191 191 191 191 191 191 191 191 306 305 305 305 305 305 305 305 305 305 305 305 305 305 304 304 304 304 304 304 304 304 304 304 304 304 304 304 304 304 304 304 304 304 304 304 304 304 304 304 304 304 304 304 304 304 304 304 304 304 304 305 305 307 308 308 310 310 311 313 313 314 315
192 192 192 192 192 192 192 192 192 192 192 192 192 191 191 191 191 191 191 191 191 191 191 191 191 191 191 191 191 191 191 306 305 305 305 305 305 305 305 305 305 305 305 305 305 304 304 304 304 304 304 304 304 304 304 304 304 304 304 304 304 304 304 304 304 304 304 304 304 304 304 304 304 304 304 305 304 304 304 304 304 305 306 306 307 309 309 310 311 312 313 314 315 315
192 192 192 192 192 192 192 192 192 192 192 192 192 191 191 191 191 191 191 191 191 191 191 191 191 191 191 191 191 191 306 305 305 305 305 305 305 305 305 305 305 305 305 305 305 304 304 304 304 304 304 304 304 304 304 304 304 304 304 304 304 304 304 304 304 304 304 304 304 304 304 304 304 304 305 306 304 304 304 304 305 306 307 307 308 310 310 311 312 313 314 315 316 316
192 192 192 192 192 192 192 192 192 192 192 192 191 191 191 191 191 191 191 191 191 191 191 191 191 191 191 191 191 191 306 305 305 305 305 305 305 305 305 305 305 305 305 305 305 304 304 304 304 304 304 304 304 304 304 304 304 304 304 304 304 304 304 304 304 304 304 304 304 304 304 304 304 305 306 304 304 304 305 305 306 307 308 308 309 310 311 312 312 314 314 315 317 317
192 192 192 192 192 192 192 192 192 192 192 192 191 191 191 191 191 191 191 191 191 191 191 191 191 191 191 191 191 306 306 305 305 305 305 305 305 305 305 305 305 305 305 305 304 304 304 304 304 304 304 304 304 304 304 304 304 304 304 304 304 304 304 304 304 304 304 304 304 304 304 304 305 306 307 304 304 305 306 306 307 308 309 309 310 311 312 313 313 315 315 316 317 318
192 192 192 192 192 192 192 192 192 192 192 192 191 191 191 191 191 191 191 191 191 191 191 191 191 191 191 191 306 306 305 305 305 305 305 305 305 305 305 305 305 305 305 305 304 304 304 304 304 304 304 304 304 304 304 304 304 304 304 304 304 304 304 304 304 304 304 304 304 304 305 305 306 307 308 304 305 306 307 307 308 309 309 310 311 311 312 314 314 315 316 317 317 319
192 192 192 192 192 192 192 192 192 192 192 191 191 191 191 191 191 191 191 191 191 191 191 191 191 191 191 191 306 306 305 305 305 305 305 305 305 305 305 305 305 305 305 305 304 304 304 304 304 304 304 304 304 304 304 304 304 304 304 304 304 304 304 304 304 304 304 304 304 305 306 307 307 308 309 305 306 307 308 308 309 310 310 311 312 312 313 315 315 316 317 318 318 319
192 192 192 192 192 192 192 192 192 192 192 191 191 191 191 191 191 191 191 191 191 191 191 191 191 191 191 306 306 306 305 305 305 305 305 305 305 305 305 305 305 305 305 305 304 304 304 304 304 304 304 304 304 304 304 304 304 304 304 304 304 304 304 304 304 304 304 304 305 306 307 308 308 309 310 306 307 308 309 309 310 311 311 312 313 313 314 315 316 317 317 319 319 320
192 192 192 192 192 192 192 192 192 192 192 191 191 191 191 191 191 191 191 191 191 191 191 191 191 191 191 306 306 306 305 305 305 305 305 305 305 305 305 305 305 305 305 304 304 304 304 304 304 304 304 304 304 304 304 304 304 304 304 304 304 304 304 304 304 304 304 305 306 307 308 309 309 310 307 307 308 309 309 310 311 312 312 313 314 314 315 315 317 318 318 319 320 321
192 192 192 192 192 192 192 192 192 192 191 191 191 191 191 191 191 191 191 191 191 191 191 191 191 191 306 306 306 305 305 305 305 305 305 305 305 305 305 305 305 305 305 304 304 304 304 304 304 304 304 304 304 304 304 304 304 304 304 304 304 304 304 304 304 304 305 306 307 308 309 310 310 311 307 308 309 310 310 311 312 313 313 314 315 315 316 316 317 319 319 320 321 322
192 192 192 192 192 192 192 192 192 192 191 191 191 191 191 191 191 191 191 191 191 191 191 191 191 306 306 306 306 305 305 305 305 305 305 305 305 305 305 305 305 305 305 304 304 304 304 304 304 304 304 304 304 304 304 304 304 304 304 304 304 304 304 304 304 305 306 307 308 309 310 311 311 312 308 309 310 311 311 312 313 314 314 315 316 316 317 317 318 318 320 320 321 322
192 192 192 192 192 192 192 192 192 191 191 191 191 191 191 191 191 191 191 191 191 191 191 191 191 306 306 306 306 305 305 305 305 305 305 305 305 305 305 305 305 305 305 304 304 304 304 304 304 304 304 304 304 304 304 304 304 304 304 304 304 304 304 304 305 306 307 308 309 310 311 312 312 313 309 310 311 312 312 313 314 314 315 316 316 317 318 318 319 319 321 321 322 323
192 192 192 192 192 192 192 192 192 191 191 191 191 191 191 191 191 191 191 191 191 191 191 191 306 306 306 306 305 305 305 305 305 305 305 305 305 305 305 305 305 305 304 304 304 304 304 304 304 304 304 304 304 304 304 304 304 304 304 304 304 304 304 305 306 307 308 309 310 311 312 313 313 314 310 311 312 312 313 314 315 315 316 317 317 318 319 319 320 320 321 322 323 323
192 192 192 192 192 192 192 192 192 191 191 191 191 191 191 191 191 191 191 191 191 191 191 191 306 306 306 306 305 305 305 305 305 305 305 305 305 305 305 305 305 305 304 304 304 304 304 304 304 304 304 304 304 304 304 304 304 304 304 304 304 304 304 306 307 308 309 310 311 312 313 313 314 311 311 312 313 313 314 315 316 316 317 318 318 319 319 320 321 321 322 323 324 324
192 192 192 192 192 192 192 192 191 191 191 191 191 191 191 191 191 191 191 191 191 191 191 306 306 306 306 306 305 305 305 305 305 305 305 305 305 305 305 305 305 305 304 304 304 304 304 304 304 304 304 304 304 304 304 304 304 304 304 304 304 304 305 307 308 309 310 311 312 313 314 314 315 311 312 313 314 314 315 316 316 317 318 318 319 320 320 321 321 322 322 323 324 325
192 192 192 192 192 192 192 192 191 191 191 191 191 191 191 191 191 191 191 191 191 191 191 306 306 306 306 306 305 305 305 305 305 305 305 305 305 305 305 305 305 305 304 304 304 304 304 304 304 304 304 304 304 304 304 304 304 304 304 304 304 305 306 308 309 310 311 312 313 314 314 315 316 312 313 314 314 315 316 317 317 318 319 319 320 321 321 322 322 323 323 324 324 326
192 192 192 192 192 192 192 191 191 191 191 191 191 191 191 191 191 191 191 191 191 191 306 306 306 306 306 305 305 305 305 305 305 305 305 305 305 305 305 305 305 304 304 304 304 304 304 304 304 304 304 304 304 304 304 304 304 304 304 304 305 306 307 309 310 311 312 313 314 315 315 316 317 313 314 315 315 316 317 318 318 319 320 320 321 321 322 323 323 324 324 325 325 327
192 192 192 192 192 192 192 191 191 191 191 191 191 191 191 191 191 191 191 191 191 191 306 306 306 306 306 305 305 305 305 305 305 305 305 305 305 305 305 305 305 304 304 304 304 304 304 304 304 304 304 304 304 304 304 304 304 304 304 305 306 307 308 310 311 312 313 314 315 315 316 317 318 314 315 316 316 317 318 318 319 320 320 321 322 322 323 323 324 324 325 325 326 326
192 192 192 192 192 192 192 191 191 191 191 191 191 191 191 191 191 191 191 191 191 306 306 306 306 306 306 305 305 305 305 305 305 305 305 305 305 305 305 305 305 304 304 304 304 304 304 304 304 304 304 304 304 304 304 304 304 304 305 306 307 308 309 311 312 313 314 315 315 316 317 318 315 315 316 316 317 318 319 319 320 321 321 322 323 323 324 324 325 325 326 326 327 327
192 192 192 192 192 192 191 191 191 191 191 191 191 191 191 191 191 191 191 191 306 306 306 306 306 306 305 305 305 305 305 305 305 305 305 305 305 305 305 305 304 304 304 304 304 304 304 304 304 304 304 304 304 304 304 304 304 305 306 307 308 309 310 311 313 314 315 315 316 317 318 319 315 316 317 317 318 319 320 320 321 322 322 323 323 324 325 325 326 326 327 327 328 328
192 192 192 192 192 192 191 191 191 191 191 191 191 191 191 191 191 191 191 191 306 306 306 306 306 306 305 305 305 305 305 305 305 305 305 305 305 305 305 305 304 304 304 304 304 304 304 304 304 304 304 304 304 304 304 304 304 306 307 308 309 310 311 312 313 314 315 316 317 318 319 320 316 317 317 318 319 320 320 321 322 322 323 324 324 325 325 326 326 327 327 328 328 329
192 192 192 192 192 191 191 191 191 191 191 191 191 191 191 191 191 191 191 306 306 306 306 306 306 306 305 305 305 305 305 305 305 305 305 305 305 305 305 305 304 304 304 304 304 304 304 304 304 304 304 304 304 304 304 304 305 307 308 309 310 311 312 313 314 315 316 317 318 319 320 321 317 317 318 319 320 321 321 322 323 323 324 324 325 326 326 327 327 328 328 329 329 330
192 192 192 192 192 191 191 191 191 191 191 191 191 191 191 191 191 191 191 306 306 306 306 306 306 305 305 305 305 305 305 305 305 305 305 305 305 305 305 305 304 304 304 304 304 304 304 304 304 304 304 304 304 304 304 305 306 308 309 310 311 312 313 314 315 316 317 318 319 320 321 318 318 318 319 320 321 321 322 323 323 324 325 325 326 326 327 328 328 329 329 330 330 330
192 192 192 192 191 191 191 191 191 191 191 191 191 191 191 191 191 191 306 306 306 306 306 306 306 305 305 305 305 305 305 305 305 305 305 305 305 305 305 304 304 304 304 304 304 304 304 304 304 304 304 304 304 304 305 306 307 309 310 311 312 313 314 315 316 317 318 319 320 321 322 318 318 319 320 321 322 322 323 324 324 325 326 326 327 327 328 328 329 329 330 330 331 331
192 192 192 192 191 191 191 191 191 191 191 191 191 191 191 191 191 191 306 306 306 306 306 306 305 305 305 305 305 305 305 305 305 305 305 305 305 305 305 304 304 304 304 304 304 304 304 304 304 304 304 304 304 305 306 307 308 310 311 312 313 314 315 316 317 318 319 320 321 322 323 318 319 320 321 322 322 323 324 324 325 326 326 327 328 328 329 329 330 330 331 331 332 332
192 192 192 191 191 191 191 191 191 191 191 191 191 191 191 191 191 306 306 306 306 306 306 306 305 305 305 305 305 305 305 305 305 305 305 305 305 305 305 304 304 304 304 304 304 304 304 304 304 304 304 304 304 306 307 308 309 311 312 313 314 315 316 317 318 319 320 321 322 323 324 319 320 321 322 322 323 324 325 325 326 327 327 328 328 329 329 330 330 331 331 332 332 333
192 192 192 191 191 191 191 191 191 191 191 191 191 191 191 191 191 306 306 306 306 306 306 306 305 305 305 305 305 305 305 305 305 305 305 305 305 305 304 304 304 304 304 304 304 304 304 304 304 304 304 304 305 307 308 309 310 312 313 314 315 316 317 318 319 320 321 322 323 324 324 320 321 322 323 323 324 325 325 326 327 327 328 329 329 330 330 331 331 332 332 333 333 334
192 192 192 191 191 191 191 191 191 191 191 191 191 191 191 191 306 306 306 306 306 306 306 305 305 305 305 305 305 305 305 305 305 305 305 305 305 305 304 304 304 304 304 304 304 304 304 304 304 304 304 305 306 308 309 310 311 312 314 315 316 317 318 319 320 321 322 323 324 324 321 321 322 323 323 324 325 326 326 327 328 328 329 329 330 330 331 332 332 333 333 333 334 334
192 192 191 191 191 191 191 191 191 191 191 191 191 191 191 191 306 306 306 306 306 306 306 305 305 305 305 305 305 305 305 305 305 305 305 305 305 305 304 304 304 304 304 304 304 304 304 304 304 304 305 306 307 309 310 311 312 313 315 316 317 318 319 320 321 322 323 323 324 325 321 322 323 323 324 325 326 326 327 328 328 329 330 330 331 331 332 332 333 333 334 334 335 335
192 191 191 191 191 191 191 191 191 191 191 191 191 191 191 306 306 306 306 306 306 306 306 305 305 305 305 305 305 305 305 305 305 305 305 305 305 304 304 304 304 304 304 304 304 304 304 304 304 304 306 307 308 310 311 312 313 314 315 317 318 319 320 321 322 323 323 324 325 326 322 323 323 324 325 326 326 327 328 328 329 330 330 331 332 332 333 333 334 334 335 335 335 336
192 191 191 191 191 191 191 191 191 191 191 191 191 191 191 306 306 306 306 306 306 306 305 305 305 305 305 305 305 305 305 305 305 305 305 305 305 304 304 304 304 304 304 304 304 304 304 304 304 305 307 308 309 311 312 313 314 315 316 317 318 320 321 321 322 323 324 325 326 327 323 324 324 325 326 327 327 328 329 329 330 331 331 332 332 333 333 334 334 335 335 336 336 337
191 191 191 191 191 191 191 191 191 191 191 191 191 191 306 306 306 306 306 306 306 306 305 305 305 305 305 305 305 305 305 305 305 305 305 305 305 304 304 304 304 304 304 304 304 304 304 304 305 306 308 309 310 311 313 314 315 316 317 318 319 320 321 322 323 324 325 326 327 324 324 324 325 326 327 327 328 329 329 330 331 331 332 332 333 334 334 335 335 336 336 337 337 337
191 191 191 191 191 191 191 191 191 191 191 191 191 191 306 306 306 306 306 306 306 305 305 305 305 305 305 305 305 305 305 305 305 305 305 305 304 304 304 304 304 304 304 304 304 304 304 305 306 307 309 310 311 312 314 315 316 317 318 319 320 321 322 323 324 325 326 327 328 324 324 325 326 327 327 328 329 330 330 331 331 332 333 333 334 334 335 335 336 336 337 337 338 338
