testData/tiles/oneDegreeCosts/grid43.0-7.0-44.0-8.0.asc
ncols   200
nrows   200
xllcorner   43.0
yllcorner   7.0
cellsize   0.005
NODATA_value   -9999.0
[rows 84 to 125 of 200, columns 94 to 187 of 200]
549 549 549 549 548 547 547 547 547 546 545 543 543 543 542 540 539 537 537 535 532 531 529 527 524 524 524 524 524 524 524 524 524 524 524 524 524 524 524 524 524 524 524 524 524 524 524 524 524 524 524 524 524 524 524 524 524 524 524 524 524 524 524 524 524 524 524 524 524 524 524 524 524 524 524 524 524 524 524 524 524 524 524 524 524 524 525 525 526 527 527 528 528 529
657 656 657 656 655 654 654 653 653 653 652 651 651 650 540 539 537 536 534 531 531 529 527 524 524 524 524 524 524 524 524 524 524 524 524 524 524 524 524 524 524 524 524 524 524 524 524 524 524 524 524 524 524 524 524 524 524 524 524 524 524 524 524 524 524 524 524 524 524 524 524 524 524 524 524 524 524 524 524 524 524 524 524 524 524 524 525 525 526 526 527 528 528 529
655 654 655 655 654 653 653 652 651 650 649 649 649 648 647 646 645 642 640 639 637 635 524 524 524 524 524 524 524 524 524 524 524 524 524 524 524 524 524 524 524 524 524 524 524 524 524 524 524 524 524 524 524 524 524 524 524 524 524 524 524 524 524 524 524 524 524 524 524 524 524 524 524 524 524 524 524 524 524 524 524 524 524 524 524 524 524 525 526 526 527 528 528 529
653 654 653 652 652 652 650 650 649 648 647 647 646 646 645 642 642 640 639 637 635 632 630 627 625 624 623 624 524 524 524 524 524 524 524 524 524 524 524 524 524 524 524 524 524 524 524 524 524 524 524 524 524 524 524 524 524 524 524 524 524 524 524 524 524 524 524 524 524 524 524 524 524 524 524 524 524 524 524 524 524 524 524 524 524 524 524 525 526 526 527 527 528 529
652 651 652 651 651 651 650 648 648 646 645 644 644 642 641 641 639 638 637 634 632 630 627 624 623 622 623 624 612 587 588 589 590 524 524 524 524 524 524 524 524 524 524 524 524 524 524 524 524 524 524 524 524 524 524 524 524 524 524 524 524 524 524 524 524 524 524 524 524 524 524 524 524 524 524 524 524 524 524 524 524 524 524 524 524 524 524 525 525 526 527 527 528 528
650 650 649 649 649 649 648 647 645 645 644 642 641 641 639 638 636 636 633 631 629 627 624 622 621 622 623 611 586 587 588 589 590 591 592 593 592 524 524 524 524 524 524 524 524 524 524 524 524 524 524 524 524 524 524 524 524 524 524 524 524 524 524 524 524 524 524 524 524 524 524 524 524 524 524 524 524 524 524 524 524 524 524 524 524 524 524 524 524 525 525 527 528 528
647 647 647 649 648 647 647 646 643 642 642 641 639 638 638 636 635 632 630 627 626 623 621 620 621 622 610 611 586 587 588 589 590 591 592 593 594 592 593 595 596 524 524 524 524 524 524 524 524 524 524 524 524 524 524 524 524 524 524 524 524 524 524 524 524 524 524 524 524 524 524 524 524 524 524 524 524 524 524 524 524 524 524 524 524 524 524 524 524 525 525 526 527 527
646 646 646 645 645 644 644 644 643 641 639 639 638 636 635 634 632 630 627 626 623 619 618 619 620 608 610 585 586 587 588 589 590 590 591 592 593 592 593 594 595 596 598 599 524 524 524 524 524 524 524 524 524 524 524 524 524 524 524 524 524 524 524 524 524 524 524 524 524 524 524 524 524 524 524 524 524 524 524 524 524 524 524 524 524 524 524 524 524 525 525 526 526 527
644 643 645 644 643 643 641 640 641 640 638 637 636 635 632 631 629 627 626 623 620 616 617 618 606 608 609 584 585 586 587 588 589 590 591 592 593 594 593 594 595 596 597 597 598 600 601 602 524 524 524 524 524 524 524 524 524 524 524 524 524 524 524 524 524 524 524 524 524 524 524 524 524 524 524 524 524 524 524 524 524 524 524 524 524 524 524 524 524 524 525 526 526 527
642 643 642 642 641 640 640 639 638 637 636 635 633 632 631 629 626 624 622 620 617 616 617 605 606 607 582 584 585 586 587 588 589 590 591 592 593 594 593 594 595 595 596 597 598 599 600 601 603 603 604 524 524 524 524 524 524 524 524 524 524 524 524 524 524 524 524 524 524 524 524 524 524 524 524 524 524 524 524 524 524 524 524 524 524 524 524 524 524 524 525 525 526 527
641 641 640 639 639 638 637 637 636 635 635 631 631 629 627 626 624 622 619 616 614 615 604 605 606 607 582 583 584 585 587 588 589 590 591 592 593 594 593 593 594 595 596 597 598 599 600 600 601 602 603 605 606 606 524 524 524 524 524 524 524 524 524 524 524 524 524 524 524 524 524 524 524 524 524 524 524 524 524 524 524 524 524 524 524 524 524 524 524 524 525 525 526 526
640 640 639 638 637 637 636 635 634 633 631 630 628 626 624 622 621 618 616 615 614 602 603 604 605 607 582 583 584 585 586 587 589 590 591 591 592 593 594 593 594 595 596 597 598 599 599 600 601 602 603 604 604 605 607 608 524 524 524 524 524 524 524 524 524 524 524 524 524 524 524 524 524 524 524 524 524 524 524 524 524 524 524 524 524 524 524 524 524 524 524 525 526 526
637 637 636 636 635 635 634 633 632 630 629 628 625 624 621 619 616 615 615 614 601 602 603 604 605 580 581 582 583 584 585 586 587 588 589 591 592 593 594 593 594 595 596 597 597 598 599 600 601 602 603 603 604 605 606 607 607 609 610 524 524 524 524 524 524 524 524 524 524 524 524 524 524 524 524 524 524 524 524 524 524 524 524 524 524 524 524 524 524 524 524 525 526 526
635 636 635 633 634 633 631 630 629 628 626 625 623 620 618 616 614 613 612 599 601 602 603 604 605 580 581 582 583 584 585 586 587 588 589 590 591 593 594 595 594 595 595 596 597 598 599 600 601 602 602 603 604 605 606 606 607 608 609 610 611 612 524 524 524 524 524 524 524 524 524 524 524 524 524 524 524 524 524 524 524 524 524 524 524 524 524 524 524 524 524 525 525 526
633 632 632 631 630 629 629 629 627 625 624 622 621 617 615 614 613 612 598 598 599 600 603 604 579 580 581 582 583 584 585 586 587 588 589 590 591 592 593 594 593 594 595 596 597 598 599 600 600 601 602 603 604 605 605 606 607 608 609 609 610 611 612 613 524 524 524 524 524 524 524 524 524 524 524 524 524 524 524 524 524 524 524 524 524 524 524 524 524 524 524 524 524 525
632 631 630 630 627 627 626 624 625 623 621 619 618 615 613 612 611 598 597 598 599 600 601 602 578 579 581 582 583 584 585 586 587 588 589 590 590 591 592 593 593 593 594 596 597 598 599 599 600 601 602 603 604 604 605 606 607 608 608 609 610 611 611 612 613 614 524 524 524 524 524 524 524 524 524 524 524 524 524 524 524 524 524 524 524 524 524 524 524 524 524 524 524 525
629 629 628 627 627 625 624 622 621 620 617 616 613 614 612 598 597 596 597 598 599 600 601 576 577 578 579 581 582 583 584 585 586 587 588 589 590 591 592 593 594 593 594 595 596 596 598 599 600 601 602 603 603 604 605 606 607 607 608 609 610 611 611 612 613 614 614 615 616 524 524 524 524 524 524 524 524 524 524 524 524 524 524 524 524 524 524 524 524 524 524 524 524 524
627 626 626 625 624 622 621 620 618 616 615 612 612 612 598 597 596 595 596 597 598 600 601 576 577 578 579 580 581 583 584 585 586 587 588 589 590 591 592 593 594 593 594 594 595 596 597 598 599 601 601 602 603 604 605 606 606 607 608 609 610 610 611 612 613 613 614 615 616 616 617 524 524 524 524 524 524 524 524 524 524 524 524 524 524 524 524 524 524 524 524 524 524 524
624 625 623 623 622 621 618 617 616 613 611 611 611 597 596 595 595 595 596 597 598 599 600 576 577 578 579 580 581 582 583 584 586 587 588 589 590 591 592 593 593 593 593 594 595 596 597 598 599 599 600 601 603 604 605 605 606 607 608 609 609 610 611 612 612 613 614 615 615 616 617 617 618 524 524 524 524 524 524 524 524 524 524 524 524 524 524 524 524 524 524 524 524 524
621 621 620 620 619 618 616 614 612 611 610 609 596 596 595 593 592 593 596 597 598 599 574 575 576 577 578 580 581 582 583 584 585 586 588 589 589 590 591 592 593 594 593 594 595 596 597 597 598 599 600 601 602 603 603 605 606 607 608 608 609 610 611 611 612 613 614 614 615 616 617 617 618 619 619 524 524 524 524 524 524 524 524 524 524 524 524 524 524 524 524 524 524 524
621 619 619 616 616 614 613 611 609 609 609 596 595 594 594 593 592 593 594 595 598 599 574 575 576 577 578 579 580 581 582 583 584 585 586 587 588 590 591 592 593 594 593 594 595 595 596 597 598 599 600 601 601 602 603 604 605 606 607 608 609 610 610 611 612 613 613 614 615 616 616 617 618 618 619 620 621 524 524 524 524 524 524 524 524 524 524 524 524 524 524 524 524 524
618 616 615 614 613 611 609 607 608 608 594 595 594 593 592 591 592 593 594 595 596 571 573 575 576 577 578 579 580 581 582 583 584 585 586 587 588 589 590 591 593 594 593 593 594 595 596 597 598 599 600 600 601 602 603 604 604 605 606 607 608 609 610 611 612 612 613 614 615 615 616 617 618 618 619 620 620 621 622 524 524 524 524 524 524 524 524 524 524 524 524 524 524 524
615 614 612 610 610 608 607 607 606 593 594 593 592 592 591 591 591 593 594 595 596 571 572 573 574 577 578 579 580 581 582 583 584 585 586 587 588 589 590 591 591 592 593 593 594 595 596 597 598 598 599 600 601 602 603 603 604 605 606 607 607 608 609 610 610 612 613 614 614 615 616 617 617 618 619 619 620 621 622 622 524 524 524 524 524 524 524 524 524 524 524 524 524 524
613 612 611 607 605 606 606 606 592 591 592 591 591 590 590 591 592 592 593 595 570 571 572 573 574 575 576 577 579 580 581 583 584 585 585 586 587 588 589 590 591 592 593 593 593 594 596 596 597 598 599 600 601 602 602 603 604 605 606 606 607 608 609 609 610 611 612 612 614 615 616 616 617 618 619 619 620 621 621 622 623 623 524 524 524 524 524 524 524 524 524 524 524 524
610 608 607 605 605 604 592 591 591 590 590 590 589 588 588 591 592 592 593 594 569 571 572 573 574 575 576 577 578 579 581 582 583 584 585 586 587 588 589 590 591 592 593 593 593 593 594 595 596 598 599 600 600 601 602 603 604 605 605 606 607 608 608 609 610 611 612 612 613 614 614 615 617 618 618 619 620 620 621 622 622 623 624 624 524 524 524 524 524 524 524 524 524 524
607 604 603 603 604 590 591 591 590 590 589 588 587 587 588 589 590 593 593 569 569 570 571 572 574 575 576 577 578 579 580 581 582 584 585 586 587 588 589 590 591 592 592 593 592 593 594 595 596 597 598 598 600 601 602 603 604 604 605 606 607 607 608 609 610 611 611 612 613 613 614 615 616 616 617 618 619 620 621 622 622 623 624 624 625 626 524 524 524 524 524 524 524 524
604 602 602 602 588 589 589 590 589 588 588 587 586 586 588 589 590 591 591 569 569 570 571 572 573 574 575 576 578 579 580 581 582 583 584 585 587 588 589 589 590 591 592 593 592 593 594 595 596 596 597 598 599 600 601 602 603 604 605 606 606 607 608 609 610 610 611 612 613 613 614 615 615 616 617 618 618 619 620 621 622 623 623 624 625 625 626 524 524 524 524 524 524 524
603 601 601 588 588 587 587 587 588 587 586 586 586 586 587 589 590 591 569 569 569 569 571 572 573 574 575 576 577 578 579 580 581 582 583 584 585 586 588 589 590 591 592 593 592 593 594 594 595 596 597 598 599 600 600 601 602 603 605 605 606 607 608 609 609 610 611 612 612 613 614 614 615 616 617 617 618 619 619 620 621 621 622 624 624 625 626 626 627 524 524 524 524 524
602 600 587 587 588 586 586 586 586 586 586 586 586 586 587 588 589 591 569 569 569 569 569 571 572 574 575 576 577 578 579 580 581 582 583 584 585 586 587 588 589 591 592 593 592 592 593 594 595 596 597 598 598 599 600 601 602 603 603 604 605 607 607 608 609 610 611 611 612 613 613 614 615 616 616 617 618 618 619 620 621 621 622 623 623 624 624 625 627 627 628 524 524 524
588 587 586 586 586 586 586 586 586 586 586 586 586 586 587 588 589 569 569 569 569 569 569 570 571 572 573 576 577 578 579 580 581 582 583 584 585 586 587 588 589 589 590 591 593 592 593 594 595 596 596 597 598 599 600 601 601 602 603 604 605 605 606 607 608 610 610 611 612 613 613 614 615 615 616 617 618 618 619 620 620 621 622 622 623 624 624 625 626 626 627 627 524 524
593 592 590 590 591 590 590 589 586 586 586 586 586 586 586 586 589 569 569 569 569 569 569 570 571 572 573 574 575 576 578 579 580 581 582 583 584 585 586 587 588 589 590 591 592 591 592 594 594 595 596 597 598 599 600 600 601 602 603 604 604 605 606 607 608 608 609 610 612 612 613 614 614 615 616 617 617 618 619 619 620 621 621 622 623 623 624 625 625 626 627 627 628 628
592 591 589 588 588 589 588 588 588 587 587 587 588 590 591 586 569 569 569 569 569 569 569 570 571 572 573 574 575 576 577 578 579 581 582 583 584 585 586 587 588 589 590 591 592 591 591 592 593 594 596 597 598 598 599 600 601 602 603 603 604 605 606 607 607 608 609 610 610 611 612 612 614 615 616 616 617 618 618 619 620 620 621 622 622 623 624 624 625 626 626 627 628 628
592 590 588 587 587 587 587 585 586 585 586 587 588 589 590 592 569 569 569 571 571 569 569 569 570 571 573 574 575 576 577 578 579 580 581 583 584 585 586 587 588 589 590 590 591 591 591 592 593 594 595 596 596 598 599 600 601 601 602 603 604 605 605 606 607 608 609 609 610 611 612 612 613 614 614 615 617 618 618 619 620 620 621 622 622 623 624 624 625 625 626 627 627 628
591 589 588 586 585 586 585 584 583 584 586 586 588 589 590 569 569 569 569 570 570 572 573 575 576 577 573 573 574 575 576 577 579 580 581 582 583 583 585 586 587 588 589 590 591 591 591 592 593 594 594 595 596 597 598 599 599 601 602 603 604 604 605 606 607 608 608 609 610 611 611 612 613 613 614 615 616 616 617 618 619 620 621 621 622 623 623 624 625 625 626 627 627 628
590 588 587 585 584 585 584 583 582 583 585 586 586 588 590 569 569 569 569 570 570 571 572 574 575 576 578 579 580 581 576 577 578 579 580 581 582 583 584 585 586 588 589 590 591 592 591 591 592 593 594 595 596 597 597 598 599 600 601 602 603 604 605 606 606 607 608 609 610 610 611 612 612 613 614 615 615 616 617 617 618 619 619 620 622 622 623 624 624 625 626 626 627 628
589 587 585 583 583 583 583 582 581 583 584 585 586 587 569 569 569 569 569 570 570 571 572 573 574 575 577 578 580 581 582 583 584 585 580 581 582 583 584 585 586 587 588 589 590 591 590 591 592 593 594 595 596 596 597 598 599 600 600 601 602 603 604 605 606 607 608 608 609 610 611 611 612 613 614 614 615 616 616 617 618 618 619 620 621 621 622 622 624 625 625 626 627 627
588 587 585 583 580 581 581 581 581 582 584 585 585 587 569 569 569 569 569 569 570 570 572 573 574 575 576 577 578 579 580 582 584 585 586 587 588 589 584 584 585 586 587 588 589 590 590 591 592 593 594 594 595 596 597 598 599 599 600 601 602 603 603 604 605 606 606 608 609 610 610 611 612 613 613 614 615 615 616 617 618 618 619 620 620 621 622 622 623 624 624 625 625 627
588 586 584 582 579 579 579 579 580 582 583 585 585 569 569 569 569 569 569 569 570 570 571 572 574 575 576 577 578 579 580 581 582 583 585 586 587 588 589 590 591 586 587 588 589 590 590 590 590 591 593 594 595 596 597 597 598 599 600 601 602 602 603 604 605 605 606 607 608 608 609 611 612 612 613 614 615 615 616 617 617 618 619 619 620 621 621 622 623 623 624 625 625 626
586 585 583 581 578 578 577 579 580 580 582 584 586 569 569 569 569 569 569 569 569 569 570 572 573 574 575 577 578 579 580 581 582 583 584 585 586 588 589 590 591 592 593 594 595 590 590 590 590 591 592 593 594 595 596 597 598 599 600 600 601 602 603 604 604 605 606 607 607 608 609 610 610 611 613 614 614 615 616 616 617 618 618 619 620 620 621 622 622 623 624 624 625 626
585 583 581 580 577 575 577 578 580 580 581 583 569 569 569 569 569 569 569 569 569 569 570 571 572 574 575 576 577 578 579 580 582 583 584 585 586 587 588 589 590 591 592 593 594 595 594 595 590 591 592 592 593 594 595 596 597 599 599 600 601 602 603 603 604 605 606 606 607 608 609 609 610 611 612 612 613 614 615 616 617 617 618 619 619 620 621 621 622 623 623 624 625 625
584 582 581 578 576 574 576 578 579 580 581 569 569 569 569 569 569 569 569 569 569 569 569 570 571 573 574 575 577 578 579 580 581 582 583 584 585 586 587 588 589 590 591 593 594 595 596 595 596 596 597 592 593 594 595 596 596 597 598 599 601 601 602 603 604 605 605 606 607 608 608 609 610 611 611 612 613 613 614 615 616 616 617 619 619 620 621 621 622 623 623 624 624 625
583 581 580 577 575 574 575 576 579 580 581 569 569 569 569 569 569 569 569 569 569 569 569 570 571 572 573 574 576 577 578 580 581 582 583 584 585 586 587 588 589 590 591 592 593 594 595 594 595 596 597 598 599 600 595 595 596 597 598 599 599 600 601 602 604 604 605 606 607 607 608 609 610 610 611 612 612 613 614 615 615 616 617 617 618 619 619 621 622 622 623 624 624 625
