testData/tiles/oneDegreeCosts/grid24.0-6.0-25.0-7.0.asc
ncols   200
nrows   200
xllcorner   24.0
yllcorner   6.0
cellsize   0.005
NODATA_value   -9999.0
[rows 0 to 41 of 200, columns 94 to 187 of 200]
361 360 359 359 358 357 357 356 355 354 354 354 352 352 351 350 348 348 346 346 345 344 343 343 342 342 341 341 340 340 339 339 338 337 337 336 336 335 334 334 333 332 332 331 330 330 329 328 328 327 326 326 325 324 323 322 322 321 320 319 318 280 280 279 278 210 209 208 207 206 205 204 203 202 200 199 198 197 196 194 193 191 189 188 186 184 183 181 179 177 175 173 170 168
360 358 357 357 356 355 354 353 352 352 351 349 349 348 348 347 347 346 346 345 345 344 344 343 343 342 342 341 341 340 340 339 339 338 337 337 336 336 335 334 334 333 333 332 331 331 330 329 328 328 327 326 326 325 324 323 322 322 321 319 318 281 280 280 279 211 210 209 208 207 206 205 204 203 201 200 199 198 197 195 193 192 190 189 187 186 184 182 181 179 177 175 172 170
358 357 355 354 353 352 352 351 351 351 350 350 349 349 348 348 347 347 347 346 346 345 345 344 344 343 343 342 341 341 340 340 339 339 338 338 337 336 336 335 334 334 333 333 332 331 331 330 329 328 328 327 326 326 325 324 323 321 321 320 319 318 281 280 279 212 211 210 209 208 207 206 205 204 202 201 200 199 197 196 194 193 192 190 189 187 186 184 182 180 178 176 174 172
357 355 355 354 353 353 352 352 352 351 351 350 350 349 349 349 348 348 347 347 346 346 345 345 344 344 343 343 342 342 341 340 340 339 339 338 338 337 336 336 335 335 334 333 333 332 331 331 330 329 328 328 327 326 326 325 323 322 321 321 320 319 282 281 213 212 211 211 210 209 208 207 206 205 203 202 201 199 198 197 195 194 193 191 190 188 187 185 184 182 180 178 176 173
357 357 356 354 354 353 353 353 352 352 351 351 350 350 350 349 349 348 348 347 347 346 346 345 345 344 344 343 343 342 342 341 340 340 339 339 338 338 337 336 336 335 335 334 333 333 332 331 331 330 329 328 328 327 325 325 324 323 322 321 321 320 283 282 214 213 212 211 210 210 209 208 207 205 204 203 201 200 199 198 196 195 194 193 191 190 188 187 185 183 182 180 177 175
359 358 356 356 354 354 354 353 353 352 352 351 351 351 350 350 349 349 348 348 347 347 346 346 345 345 344 344 343 343 342 342 341 341 340 339 339 338 338 337 336 336 335 335 334 333 333 332 331 331 330 329 327 327 326 325 324 324 323 322 321 321 320 283 215 214 213 212 211 210 209 208 207 206 205 203 202 201 200 199 198 196 195 194 192 191 189 188 186 185 183 180 178 176
359 358 358 356 355 354 354 354 353 353 352 352 352 351 351 350 350 349 349 348 348 347 347 346 346 345 345 344 344 343 343 342 342 341 341 340 339 339 338 338 337 336 336 335 335 334 333 333 332 331 330 329 328 327 327 326 326 325 325 324 323 322 321 218 217 216 215 214 213 212 211 210 209 207 206 205 204 203 202 201 200 198 197 196 194 193 192 190 189 187 184 182 180 178
360 359 358 357 356 355 355 354 354 353 353 353 352 352 351 351 350 350 349 349 348 348 347 347 347 346 345 345 344 344 343 343 342 342 341 341 340 339 339 338 338 337 336 337 336 336 335 334 333 332 331 331 330 329 328 328 327 326 325 325 324 323 322 218 218 217 216 215 214 213 212 211 209 208 207 206 205 204 203 202 201 199 198 197 196 194 193 191 190 187 186 184 182 181
360 360 359 358 357 356 355 355 354 354 353 353 353 352 352 351 351 350 350 349 349 349 348 348 347 347 346 346 345 345 344 343 343 342 342 342 342 341 341 340 339 339 338 338 337 335 335 334 333 333 333 332 332 331 330 329 329 328 327 326 326 325 257 256 219 218 218 217 216 215 213 212 211 210 209 208 207 206 205 204 203 201 200 199 198 196 195 194 191 190 188 186 185 183
362 361 359 359 357 357 356 355 355 354 354 354 353 353 352 352 351 351 350 350 350 349 349 348 348 347 347 346 347 346 346 345 344 344 343 343 342 342 341 342 341 340 340 338 338 337 336 336 335 334 334 333 332 332 331 330 329 329 328 328 327 326 259 258 221 220 219 218 218 216 215 214 213 212 211 210 209 208 207 206 204 203 202 201 200 198 197 195 192 191 189 188 186 184
362 361 361 359 358 358 356 356 355 355 355 354 354 353 353 352 352 351 351 351 350 351 350 350 349 349 348 348 347 347 346 346 346 346 345 344 344 343 343 342 341 340 339 339 338 338 338 337 337 336 335 335 334 333 332 332 331 330 330 329 328 327 259 259 222 221 220 218 217 216 216 215 214 213 212 211 210 209 208 207 205 204 203 202 201 198 197 196 194 193 191 190 188 187
363 363 361 360 359 358 358 356 356 355 355 355 354 354 353 353 353 353 353 352 352 351 351 350 350 350 350 349 349 348 348 347 347 346 346 345 345 344 343 343 342 342 341 340 340 339 338 338 337 337 336 335 336 335 334 333 333 332 331 330 330 262 261 260 260 223 221 220 219 218 217 216 215 215 214 213 212 211 209 208 207 206 205 204 202 200 199 198 196 195 194 192 191 189
363 363 362 361 360 359 358 357 356 356 356 356 356 355 355 354 354 354 353 354 353 353 352 352 351 351 350 350 349 350 349 349 348 347 346 346 345 344 344 343 343 343 343 342 341 341 340 339 339 338 337 337 336 335 335 334 333 333 332 331 330 263 263 262 260 223 223 222 221 220 219 218 217 216 215 214 213 212 211 210 209 208 207 205 204 201 200 199 198 196 195 193 192 190
365 364 363 362 360 360 359 358 358 357 357 357 356 356 356 356 355 355 355 354 354 353 353 353 353 352 352 351 351 349 349 348 348 348 348 347 347 346 345 345 344 344 343 343 342 341 342 341 340 340 339 338 338 337 336 336 335 334 334 333 332 264 264 262 261 224 223 222 222 221 220 219 218 217 216 215 214 213 212 211 210 209 207 206 205 203 202 201 200 198 197 195 194 192
365 364 365 363 363 362 360 360 358 359 359 358 358 357 357 356 356 357 356 356 355 355 354 353 352 352 352 352 351 351 350 350 349 349 348 348 347 348 347 346 346 345 345 344 344 343 342 342 341 340 340 339 338 338 338 337 337 336 335 334 267 265 264 263 263 262 225 224 223 222 222 221 220 219 218 217 216 215 214 213 211 210 209 208 206 205 204 203 202 200 199 197 196 194
366 366 364 363 362 362 362 360 359 358 358 358 358 358 357 357 356 356 356 356 356 355 355 354 354 353 353 352 352 351 352 351 351 350 350 349 349 348 348 347 346 346 346 346 345 344 344 343 343 342 341 341 340 339 339 338 337 337 336 334 266 266 265 264 263 262 227 226 225 224 223 222 222 221 220 219 218 217 216 214 213 211 210 208 207 206 205 204 203 201 200 199 197 196
367 367 366 365 364 362 362 362 361 360 359 359 359 358 358 358 358 358 357 357 356 356 355 355 355 355 354 354 353 353 352 352 351 351 351 351 350 350 349 349 348 347 347 346 346 345 344 344 344 344 343 342 342 341 340 340 339 337 336 336 268 267 266 266 265 264 227 227 226 225 224 223 222 221 220 220 219 218 216 215 214 213 211 210 209 208 207 206 204 203 202 201 199 197
369 367 367 367 365 365 364 362 362 360 361 361 360 360 359 359 358 358 359 358 358 357 357 356 356 355 355 355 355 354 354 353 353 352 352 351 351 350 351 350 350 349 348 348 347 347 346 345 345 344 343 343 342 342 341 339 339 339 338 270 270 269 268 267 267 266 229 228 227 227 226 225 224 223 222 221 219 218 217 216 215 214 213 212 211 210 209 208 206 205 204 202 199 198
370 369 369 367 367 365 365 365 363 362 361 361 361 361 361 360 360 359 359 359 358 359 358 358 357 357 356 356 355 355 354 355 354 354 353 353 352 352 351 351 350 349 349 348 349 348 348 347 346 346 345 344 344 342 341 341 340 339 339 271 270 270 269 268 267 266 266 229 228 227 226 226 225 224 223 221 220 219 218 217 216 215 214 213 212 211 210 208 207 206 205 202 201 200
371 370 370 369 368 367 365 365 365 364 363 362 362 362 361 361 361 361 361 360 360 359 359 358 358 358 358 357 357 356 356 355 355 354 354 354 354 353 353 352 352 351 350 350 349 349 348 347 347 346 347 345 344 344 343 342 342 341 273 273 272 271 270 270 269 268 267 231 230 229 228 227 226 224 224 223 222 221 220 219 218 217 216 215 214 213 211 210 209 208 206 204 203 202
373 372 370 370 370 368 368 367 365 365 363 364 364 363 363 362 362 361 361 362 361 361 360 360 359 359 358 358 358 358 357 357 356 356 355 355 354 354 353 353 353 353 352 351 351 350 350 349 347 347 346 346 345 344 344 343 342 342 275 274 273 273 272 271 270 270 269 232 231 231 230 229 227 226 225 224 223 223 222 221 220 219 218 217 216 214 213 212 211 208 207 205 204 203
375 373 372 371 370 370 368 368 368 366 365 364 364 364 364 364 363 363 362 362 362 361 362 361 361 360 360 359 359 358 358 357 358 357 357 356 356 355 355 354 354 353 352 352 351 351 350 350 349 348 348 347 346 346 345 344 344 343 275 275 274 273 273 272 271 270 270 233 232 231 229 229 228 227 226 225 224 223 222 221 220 219 218 217 216 215 214 212 211 210 208 207 206 205
375 374 373 373 372 371 370 369 368 368 367 366 365 365 365 364 364 364 364 363 363 363 362 362 361 361 361 361 360 360 359 359 358 358 357 357 357 357 356 356 355 355 354 352 352 351 351 350 349 349 348 348 348 347 347 346 345 278 277 276 276 275 274 273 273 272 271 270 234 232 231 230 229 228 228 227 226 225 224 223 222 221 220 219 218 217 215 214 213 212 210 209 208 207
376 376 375 373 373 373 371 371 369 368 368 366 367 366 366 366 365 365 364 364 364 364 364 363 363 362 362 361 361 361 361 360 360 359 359 358 358 357 357 355 355 355 355 354 353 353 352 352 351 350 350 349 349 348 347 347 346 278 278 277 276 276 276 275 274 274 273 271 234 233 233 232 231 230 229 228 228 227 226 225 224 223 222 221 220 218 216 215 213 212 211 210 209 207
377 377 376 376 374 373 373 371 371 370 369 368 367 367 366 367 367 366 366 365 365 364 364 365 364 364 363 363 362 362 361 361 360 361 360 360 358 358 357 357 356 356 355 354 354 353 353 353 353 352 351 351 350 349 349 348 347 280 279 278 278 277 276 276 275 273 272 272 235 234 233 232 232 231 230 229 228 227 226 225 224 224 223 221 220 218 217 216 215 214 213 212 211 209
379 378 377 377 376 374 374 373 372 371 371 370 369 368 368 367 367 367 367 367 366 366 365 365 365 364 364 364 364 363 363 361 361 360 360 359 359 358 359 358 358 357 356 356 355 355 354 354 353 352 352 351 351 350 350 350 282 281 281 280 279 279 278 276 275 275 274 273 236 236 235 234 233 232 232 231 230 229 228 227 226 225 223 222 221 220 219 218 217 216 215 214 212 210
381 379 379 378 376 376 375 374 374 372 371 371 369 370 369 369 369 368 368 367 367 367 367 366 366 366 364 364 363 363 363 363 362 362 361 361 360 360 359 359 358 358 357 357 357 356 356 355 355 354 353 353 352 351 351 350 283 282 281 281 280 278 277 277 276 276 276 275 274 237 236 236 235 234 233 232 231 231 230 229 228 226 224 223 222 221 220 219 218 217 216 214 213 212
380 380 380 379 378 377 376 375 374 374 373 372 371 370 370 369 370 370 368 368 367 367 366 366 366 366 366 365 365 364 364 363 363 362 363 362 362 361 361 360 360 359 358 358 357 357 356 356 356 355 355 354 354 353 352 285 284 283 283 281 280 280 279 278 278 277 276 275 275 238 237 236 235 235 234 233 232 231 230 228 227 227 226 225 224 223 222 221 219 218 217 216 215 214
381 381 380 379 379 378 376 376 375 373 373 372 372 371 370 370 369 369 369 369 369 368 368 367 367 366 366 366 366 366 365 365 364 364 363 363 362 362 361 362 361 360 360 359 359 358 358 357 356 356 355 355 354 353 353 285 286 284 283 283 282 281 281 280 279 278 278 277 276 239 239 238 237 236 235 235 234 233 231 230 229 228 227 226 225 224 223 222 221 220 219 217 216 214
383 382 381 381 379 378 378 377 376 376 374 373 372 371 372 371 371 370 370 369 369 369 369 369 368 368 367 367 366 366 366 365 366 365 365 364 364 363 363 362 361 361 360 360 360 360 359 359 358 357 357 356 356 355 287 286 285 284 284 283 282 282 281 280 280 279 278 277 277 240 239 238 238 237 236 235 233 232 232 231 230 229 228 227 226 225 224 223 222 221 220 219 216 215
384 383 382 382 381 379 379 378 376 376 376 375 374 372 372 372 371 372 371 371 370 370 370 369 369 369 369 368 368 367 367 366 366 365 365 364 365 364 364 363 363 362 362 361 361 360 360 359 358 358 358 358 356 355 288 287 287 286 285 285 284 283 283 282 281 280 280 279 278 241 241 240 239 238 237 236 235 234 233 232 231 230 230 229 228 227 226 225 224 223 220 219 218 217
386 384 384 383 381 382 380 379 379 377 376 376 375 374 373 373 373 372 372 371 372 371 371 371 370 370 369 369 368 369 368 368 367 367 366 366 365 365 364 364 364 364 363 363 362 362 361 360 360 359 358 357 357 356 288 288 287 286 287 286 285 285 284 283 283 282 281 280 280 279 242 241 241 239 238 237 236 236 235 234 233 232 231 230 229 228 227 226 225 222 221 220 219 218
386 386 385 384 383 382 381 380 380 379 378 377 376 375 374 374 374 374 373 373 372 372 371 372 372 371 371 370 370 369 369 368 368 368 368 367 367 366 366 365 365 364 364 363 363 363 363 361 360 360 359 359 358 290 290 289 289 288 287 287 286 285 285 284 283 282 282 281 280 280 243 241 240 239 239 238 237 236 235 234 234 233 232 231 230 229 228 227 225 224 223 222 221 220
387 387 386 384 385 384 382 382 380 379 380 378 377 377 375 375 374 374 375 374 374 373 373 372 372 371 372 372 371 371 370 370 369 369 368 368 367 368 367 367 366 366 365 365 363 363 362 361 361 360 360 359 359 292 291 291 290 289 289 288 287 287 286 285 285 284 283 283 282 280 243 243 242 241 240 239 239 238 237 236 235 234 233 232 231 231 229 228 227 226 224 223 222 221
389 388 387 386 385 384 385 383 382 381 380 379 378 378 377 376 376 375 375 374 374 375 374 374 373 373 372 372 372 371 372 371 371 370 370 369 369 368 368 367 367 366 366 365 364 364 363 363 362 362 361 360 293 292 292 291 290 290 289 289 288 288 288 287 286 285 285 283 282 282 245 244 243 242 242 241 240 239 238 238 237 236 235 234 233 231 229 228 227 226 225 224 223 222
390 389 388 388 387 385 385 384 382 383 381 380 380 378 377 376 377 377 376 376 375 375 375 374 375 374 374 373 373 372 372 372 371 371 371 371 370 369 368 368 367 367 366 365 365 364 364 364 364 363 363 362 294 294 293 293 292 291 291 290 289 289 288 287 287 285 284 284 283 282 245 245 244 243 242 241 241 240 239 238 237 236 235 234 233 232 231 230 229 228 227 226 225 224
391 390 389 388 387 387 386 385 385 383 382 382 381 380 379 378 377 377 377 377 377 376 376 376 375 375 374 374 374 374 373 373 372 371 370 370 369 369 369 369 368 368 367 367 366 366 365 365 364 364 363 362 295 294 295 294 293 293 292 291 291 290 289 288 287 286 286 285 284 284 283 246 245 245 244 243 242 241 241 240 239 238 236 235 234 233 232 231 230 229 228 227 226 224
392 391 391 390 388 388 387 386 386 385 383 383 381 380 381 379 379 378 378 378 377 377 377 377 376 376 376 374 374 373 373 373 373 372 372 371 371 370 370 369 369 368 368 368 368 367 367 366 366 365 364 297 296 296 295 294 294 293 293 292 291 290 289 288 289 288 287 286 286 285 284 248 247 246 245 244 244 243 242 241 239 238 238 236 235 234 233 232 231 230 229 228 227 226
392 392 391 391 390 389 388 387 386 385 386 384 383 382 381 380 379 380 378 378 378 377 377 376 376 376 376 376 375 375 374 374 373 373 372 373 372 372 371 371 370 370 369 369 368 368 367 367 367 366 366 298 298 297 296 296 295 295 294 292 292 291 290 290 289 288 288 287 286 286 285 248 247 247 246 245 244 243 242 241 240 239 238 237 236 235 235 234 233 232 231 230 229 227
393 393 392 390 390 389 388 388 387 385 385 383 383 383 381 380 380 379 379 378 379 378 378 378 377 377 376 376 375 376 376 375 375 374 374 373 373 372 372 372 372 371 371 370 370 369 368 368 367 367 299 299 298 297 297 296 297 295 294 294 293 292 292 291 290 290 289 288 288 287 286 250 249 248 247 246 246 244 243 242 241 241 240 239 238 237 236 235 234 233 232 230 228 227
394 393 393 392 391 390 389 388 388 387 386 385 383 383 382 382 381 380 380 380 379 379 378 379 379 378 378 377 377 376 376 375 376 375 375 375 374 374 373 373 372 372 371 370 371 370 370 369 369 368 301 300 299 299 297 297 296 295 295 294 294 293 292 292 291 290 290 289 288 287 288 251 250 249 249 247 246 244 244 243 242 241 240 239 238 238 237 236 235 234 233 231 230 229
396 395 393 393 393 391 391 390 388 388 387 386 386 384 383 383 381 381 381 381 381 380 380 379 379 378 379 379 378 378 377 377 376 376 375 375 375 375 374 374 373 373 372 372 371 371 370 370 369 302 302 300 300 299 299 298 297 297 296 296 295 294 294 293 292 292 291 290 290 289 288 251 251 249 248 247 247 246 245 244 243 243 242 241 240 239 238 237 236 234 233 232 231 230
