testData/tiles/oneDegreeCosts/grid21.0-31.0-22.0-32.0.asc
ncols   200
nrows   200
xllcorner   21.0
yllcorner   31.0
cellsize   0.005
NODATA_value   -9999.0
[rows 126 to 167 of 200, columns 94 to 187 of 200]
754 756 757 759 761 763 764 765 767 768 770 772 774 775 777 779 780 782 783 784 786 788 788 790 790 791 793 794 795 797 798 800 800 801 803 803 805 806 807 808 810 811 811 813 813 815 816 817 818 819 819 821 821 823 823 825 825 827 827 828 829 830 831 832 832 833 834 834 836 836 837 861 863 863 864 865 865 866 866 868 868 869 869 870 871 871 872 872 873 873 875 875 875 876
753 755 756 759 761 763 764 766 768 770 770 772 773 774 776 778 779 781 783 783 785 787 788 790 792 791 793 794 795 796 797 799 800 801 803 803 804 805 807 808 809 811 811 813 813 814 815 816 817 819 820 821 821 822 823 824 826 826 827 827 828 829 830 831 832 833 833 834 835 836 837 861 862 862 864 864 866 866 866 867 867 869 869 869 870 871 872 872 872 873 874 874 875 875
752 755 756 758 760 762 763 765 767 769 770 772 774 774 776 777 779 780 782 784 784 786 788 789 791 791 793 795 795 795 797 798 800 800 802 803 804 806 806 807 808 810 810 812 814 814 815 815 817 818 819 820 821 822 823 823 825 825 827 827 829 829 830 830 832 832 833 834 834 835 836 861 862 863 863 863 865 865 867 866 867 868 868 870 869 870 871 872 873 873 873 874 875 875
753 755 757 757 759 761 763 764 766 768 769 771 773 775 776 777 779 780 782 783 784 785 787 788 790 792 792 794 795 796 796 797 799 800 801 803 804 805 806 808 808 809 811 811 813 813 815 816 816 817 818 819 821 821 823 823 824 824 826 826 828 829 830 830 831 832 833 834 835 835 859 861 861 862 863 863 864 864 866 866 868 867 869 869 869 871 870 871 872 873 874 873 874 875
752 754 756 757 759 761 763 763 765 767 769 770 772 774 775 777 779 779 781 783 784 786 786 787 789 791 792 793 795 796 798 797 799 800 800 802 803 804 806 807 808 809 810 810 812 813 814 816 816 818 818 819 820 821 822 823 824 826 825 827 827 829 829 831 830 831 832 833 834 835 860 860 861 862 862 864 864 864 865 866 867 867 868 868 870 870 870 871 871 872 873 873 874 874
751 753 755 756 758 760 762 763 765 767 769 769 771 773 774 776 778 780 780 782 784 785 787 788 789 790 791 793 794 795 797 798 798 800 801 801 803 804 805 806 808 808 810 810 811 813 813 815 816 817 818 819 819 820 821 823 823 825 825 826 826 828 828 830 830 832 832 833 833 834 859 860 860 861 862 863 864 865 865 866 866 867 868 868 869 869 871 871 871 872 872 873 874 873
750 753 755 756 758 760 762 763 765 767 769 769 771 773 774 775 777 779 780 781 783 784 786 788 788 790 792 793 793 794 796 798 798 799 800 801 803 804 804 805 807 808 809 811 811 813 813 814 815 816 817 818 819 821 821 822 822 824 824 826 826 827 827 829 830 831 832 833 833 834 858 860 860 861 861 862 863 864 865 865 865 867 867 868 869 869 870 870 871 872 872 873 873 873
751 753 754 755 757 759 761 762 764 766 768 769 771 772 774 775 777 779 779 781 782 783 785 787 788 789 791 792 794 795 795 797 797 799 800 801 802 803 805 805 806 808 808 810 810 812 813 814 814 815 817 818 819 820 821 822 822 823 824 825 827 827 829 828 830 830 831 832 833 833 858 859 860 861 862 862 862 863 864 865 866 866 866 868 868 869 869 869 871 871 872 872 872 874
750 752 754 755 757 759 760 761 763 765 767 768 770 772 774 774 776 778 779 781 783 783 784 786 787 789 790 791 793 794 795 797 798 798 800 801 801 802 804 805 806 808 807 809 810 811 813 813 815 816 816 817 818 819 820 821 823 823 824 824 826 826 828 828 829 829 831 831 833 833 858 858 859 860 861 862 863 863 863 864 865 866 866 867 867 868 869 869 870 870 872 872 872 873
749 751 753 754 756 758 760 761 763 765 767 767 769 771 773 774 775 777 778 780 782 783 784 786 786 788 789 790 792 794 794 796 798 798 800 800 802 802 803 805 805 807 807 809 810 810 812 813 814 815 816 817 817 818 820 820 822 822 824 824 825 825 827 827 829 829 830 830 832 832 858 858 859 859 860 861 862 863 863 864 864 865 866 866 867 868 868 869 870 870 871 871 872 872
748 750 751 753 755 757 759 760 762 764 766 767 769 771 772 773 775 776 777 779 781 782 784 785 786 788 790 790 791 793 794 795 797 798 799 800 802 802 802 804 804 806 808 808 810 810 811 812 813 814 815 816 818 818 819 820 821 822 823 824 825 826 826 827 828 829 830 831 831 832 857 857 859 859 860 860 861 862 863 863 864 865 865 866 867 867 868 869 869 870 870 870 872 872
749 750 751 753 755 757 759 760 762 764 765 766 768 770 772 773 775 777 777 778 780 781 783 784 785 787 789 790 791 793 793 794 796 797 799 799 801 803 803 804 804 805 807 807 809 810 811 812 812 813 815 816 817 818 819 820 820 822 822 824 824 826 826 827 827 829 829 831 831 831 856 857 858 859 860 860 861 861 862 863 864 864 865 866 866 867 867 868 869 870 870 870 871 871
748 749 751 753 755 756 757 759 761 763 765 766 767 769 771 772 774 776 777 778 780 780 782 784 784 786 788 789 790 792 793 795 795 796 798 798 800 802 802 804 804 805 806 807 808 809 810 811 813 814 814 815 816 817 818 820 820 821 821 823 823 825 825 827 826 828 828 830 830 856 856 856 857 858 859 860 860 861 862 862 863 864 864 865 866 866 867 867 868 869 869 870 870 871
747 748 750 752 754 756 757 759 761 763 763 765 767 769 769 771 773 775 776 778 779 780 782 784 784 785 787 788 790 791 792 794 795 796 798 798 799 801 801 803 805 805 806 807 807 808 810 811 812 813 814 815 815 817 817 819 819 821 821 822 822 824 824 826 826 828 828 829 829 855 855 857 856 857 858 859 860 861 861 862 863 863 864 864 865 866 867 867 868 868 869 870 870 870
745 747 749 751 753 754 756 758 760 762 763 765 767 768 769 770 772 774 775 777 779 779 781 783 784 786 786 787 789 790 791 793 795 795 797 799 799 800 801 802 804 805 806 806 807 808 809 810 811 812 813 815 815 817 816 818 818 820 820 822 823 823 824 825 826 827 828 828 829 854 855 856 856 858 858 858 859 860 861 861 862 863 863 864 865 865 866 867 867 868 868 869 869 870
744 746 748 750 752 753 755 757 759 761 762 764 766 768 769 771 772 772 774 776 778 779 780 782 783 785 786 787 789 790 790 792 794 794 796 798 798 800 801 801 803 804 805 806 807 807 809 810 810 812 812 814 814 816 816 817 818 819 820 821 822 823 823 824 825 826 827 828 829 853 854 855 856 857 858 858 858 859 860 861 862 862 863 864 864 865 865 866 867 867 868 868 869 870
745 747 749 751 751 753 755 757 759 759 761 763 765 766 768 770 772 773 774 776 777 778 780 781 782 784 786 786 788 790 790 791 793 794 795 796 798 799 800 802 803 803 804 805 807 806 808 810 810 812 811 813 813 815 816 817 818 818 820 820 822 822 824 824 825 825 826 827 828 853 853 854 855 856 857 858 858 859 859 860 861 862 862 863 864 864 865 865 866 867 868 868 868 869
744 746 748 749 751 753 755 757 757 759 761 762 764 765 767 769 771 772 773 775 776 778 780 780 781 783 785 785 787 789 790 791 793 794 794 795 797 798 799 801 802 803 805 804 806 806 807 809 809 811 811 812 813 814 815 816 818 818 820 820 821 821 823 823 825 825 826 826 827 852 853 854 854 855 856 857 858 859 859 859 860 861 862 862 863 864 864 865 865 866 867 867 868 868
743 744 746 748 750 752 754 755 757 759 761 763 763 764 766 768 769 771 773 774 775 777 779 780 781 782 784 785 786 788 789 790 791 793 795 795 796 798 798 800 801 802 804 804 806 806 807 808 808 810 811 812 813 813 814 815 817 817 819 820 820 821 822 823 824 825 826 826 827 852 852 854 854 854 855 856 857 858 859 859 860 860 861 862 862 863 864 865 865 866 866 867 868 868
741 743 745 747 749 751 752 754 756 758 760 761 763 765 766 767 768 770 772 773 774 776 778 779 781 782 783 785 786 786 788 790 790 792 794 794 796 798 797 799 800 801 803 804 805 806 807 808 808 809 810 811 812 813 814 814 816 817 818 819 820 821 821 822 823 824 825 826 827 851 852 853 853 855 855 855 856 857 858 859 859 859 861 861 862 863 863 864 864 865 866 866 867 867
741 743 744 746 748 749 751 753 755 757 758 760 762 764 766 766 768 770 772 772 774 775 776 778 780 781 782 784 786 786 788 789 789 791 793 794 795 797 797 799 799 800 802 803 804 805 806 808 809 809 809 810 811 813 813 815 815 816 817 818 819 820 821 822 822 823 824 825 826 851 851 852 852 854 854 856 855 857 857 858 859 860 860 860 862 862 863 863 863 865 865 866 866 866
741 743 745 746 748 750 751 753 754 755 757 759 761 763 764 766 767 769 770 772 774 775 775 777 779 780 781 783 785 786 787 789 790 790 791 793 794 795 797 798 799 801 800 802 803 804 806 806 808 809 810 810 810 812 812 814 814 816 816 817 818 819 820 821 822 822 823 824 825 850 851 851 851 853 853 855 855 856 856 858 858 859 860 859 861 861 862 863 863 864 864 865 866 866
740 741 743 745 747 749 751 753 754 756 756 758 760 761 763 765 767 767 769 771 773 774 775 777 778 779 780 782 783 785 786 787 789 790 791 792 793 794 796 797 798 800 800 802 803 803 805 805 807 809 809 811 810 811 811 813 813 815 815 817 818 818 820 820 822 822 824 823 825 849 851 851 851 852 852 854 854 856 856 857 857 858 859 859 860 860 862 862 863 863 863 865 865 866
738 740 742 744 746 748 749 751 753 755 757 759 759 761 762 764 765 767 768 770 771 773 775 776 777 779 781 781 782 784 786 786 788 790 790 792 794 793 795 796 797 799 799 801 802 803 804 804 806 807 808 810 810 811 811 812 813 814 815 816 817 817 819 819 821 821 823 823 824 848 849 850 851 852 852 853 853 855 855 857 856 858 858 858 860 859 861 861 863 863 863 864 864 865
737 739 741 743 744 746 748 750 752 754 755 757 759 760 762 763 765 766 768 769 770 772 774 775 776 778 780 781 782 783 784 785 787 788 789 791 792 793 795 795 796 798 799 800 801 802 804 805 805 806 807 808 809 811 811 812 812 813 814 815 816 817 818 818 819 820 821 822 847 848 848 849 850 851 852 853 853 854 854 856 856 857 857 858 859 859 861 860 862 862 862 864 863 865
736 738 740 742 743 745 747 749 750 752 754 756 758 760 760 762 764 766 767 769 769 771 772 774 775 777 778 780 781 782 784 785 786 787 789 790 791 793 793 795 796 797 798 799 800 802 802 804 805 806 806 807 809 809 811 811 812 813 813 814 815 816 817 818 819 819 820 821 846 847 848 848 849 850 851 852 853 853 854 855 855 857 857 857 858 859 860 860 861 861 862 863 863 864
735 738 740 742 744 745 746 748 749 751 753 755 756 758 760 761 763 764 766 768 770 770 772 773 775 775 777 779 781 781 783 785 785 787 788 788 790 792 792 794 796 796 798 798 799 801 801 803 803 805 807 807 808 808 810 810 811 812 813 814 814 816 816 818 818 820 819 821 845 847 847 848 848 849 850 851 852 853 853 854 855 855 856 857 857 858 859 859 860 860 861 862 862 864
735 737 738 740 742 744 746 748 749 751 752 754 755 757 759 761 761 763 765 767 768 769 771 773 774 774 776 778 779 780 782 783 784 786 787 788 789 790 791 793 794 795 797 798 799 800 800 802 803 804 806 806 808 808 809 809 811 811 812 814 814 815 815 817 817 819 819 820 844 846 846 848 848 849 849 850 851 852 853 853 854 854 855 856 857 857 858 859 859 860 860 861 862 862
733 735 737 739 741 743 745 746 748 750 751 753 755 757 758 759 761 762 764 765 767 769 770 771 773 775 776 777 778 780 780 782 784 785 786 788 789 790 791 792 793 794 795 797 798 799 801 801 802 803 804 805 807 808 809 809 810 811 811 812 813 815 814 816 816 818 818 820 844 845 845 847 847 849 849 850 850 850 852 852 854 853 855 855 856 857 857 858 858 859 860 860 861 861
733 734 736 737 739 741 743 745 747 749 751 752 753 755 757 759 761 762 762 764 766 768 769 770 772 774 774 776 778 779 779 781 783 783 785 787 787 789 791 791 792 794 794 796 797 798 800 800 802 802 803 805 805 807 807 809 810 810 811 811 812 813 814 815 815 816 817 819 843 845 844 846 846 847 848 849 849 850 851 851 853 853 854 854 856 856 856 857 857 859 859 860 860 860
732 733 735 737 739 740 742 744 745 747 749 751 753 754 756 757 759 761 763 764 765 766 768 769 771 772 774 775 776 778 779 781 782 783 784 785 787 788 789 790 792 793 793 795 796 797 799 799 801 801 803 804 804 806 806 808 808 810 810 811 811 812 814 814 816 815 817 817 842 843 844 845 845 846 847 848 849 850 850 851 852 852 854 853 854 855 855 857 857 858 858 858 860 860
731 733 733 735 737 739 741 743 745 746 748 750 751 753 754 756 758 760 761 762 764 766 768 769 769 771 773 773 775 777 779 779 781 783 783 784 786 786 788 790 790 792 793 794 795 796 797 798 800 801 802 803 803 805 805 807 807 809 810 811 811 811 813 813 815 815 817 816 842 842 844 844 845 845 846 847 848 849 850 850 851 851 852 853 853 854 855 856 856 858 857 858 859 859
730 732 734 736 737 738 740 742 744 745 747 749 751 752 754 755 756 758 760 762 763 764 766 768 769 771 771 773 774 776 777 778 780 781 782 784 785 785 787 789 789 791 792 793 795 795 796 798 798 800 800 802 803 804 805 805 807 808 809 810 811 811 811 812 813 814 815 816 841 841 843 843 845 845 845 846 847 848 848 850 849 851 851 852 853 854 854 855 855 856 857 857 858 858
728 730 732 734 736 737 739 741 742 744 746 748 750 751 753 754 755 757 759 760 762 763 765 767 768 769 771 773 773 774 776 778 778 780 782 782 784 786 787 787 788 790 791 792 793 795 796 797 797 799 799 801 802 803 805 805 806 806 808 808 810 811 812 811 812 813 814 815 840 840 841 842 843 844 845 846 846 847 847 849 849 850 850 852 852 853 854 853 855 855 856 857 857 858
728 730 731 733 735 737 738 739 741 742 744 746 748 750 752 754 754 756 758 759 761 762 763 765 767 768 770 771 773 774 776 776 777 779 780 781 783 784 785 787 789 788 790 791 792 794 794 796 797 798 799 800 801 802 803 804 806 805 807 807 809 809 811 811 811 812 813 814 839 840 841 841 842 843 844 845 846 846 846 848 848 850 850 850 851 851 853 853 854 854 855 856 856 857
726 728 730 732 734 736 737 739 740 742 744 745 746 748 750 752 754 755 757 758 760 762 762 764 766 767 768 770 772 772 774 776 777 777 779 781 781 783 784 786 787 788 790 790 791 792 793 795 796 797 799 798 800 800 802 803 804 805 806 807 808 809 810 811 812 812 812 813 838 838 840 840 841 841 843 843 845 845 846 846 847 848 849 850 850 851 852 852 854 853 854 855 855 857
724 726 728 730 732 734 736 738 740 741 742 744 745 747 749 751 752 754 755 757 759 761 761 763 764 766 767 768 770 772 773 774 776 777 779 779 780 782 783 784 786 786 788 790 790 791 792 793 795 796 797 798 800 800 801 802 803 805 805 807 806 808 808 810 811 812 812 812 837 838 839 840 841 841 842 842 844 844 846 845 847 847 848 849 850 850 850 851 852 853 853 854 854 856
723 725 727 729 731 733 735 737 739 741 741 743 745 745 747 749 751 753 754 755 757 759 761 762 764 765 767 767 769 770 771 773 775 775 777 779 780 780 782 783 784 786 787 788 789 791 791 792 794 794 796 797 798 800 800 801 802 803 804 805 806 808 807 809 809 811 811 812 836 837 837 839 839 841 842 842 843 843 844 845 846 846 847 848 848 850 849 851 851 852 853 852 854 854
721 724 726 727 729 731 733 735 737 739 741 742 744 746 746 748 749 751 753 754 756 758 759 760 762 764 766 766 768 769 770 771 773 775 776 777 779 780 782 782 783 785 785 787 788 789 791 792 792 793 795 796 797 798 799 801 800 802 802 804 805 806 807 807 808 809 810 812 835 837 836 838 838 840 840 842 841 842 843 844 845 846 846 847 847 849 849 849 850 850 852 852 853 853
721 723 724 726 728 730 731 733 735 737 739 741 742 744 746 747 749 750 752 753 754 756 758 760 760 762 764 766 767 768 770 770 772 773 774 776 778 778 780 782 783 783 784 786 787 788 790 790 792 794 793 795 795 797 798 799 800 802 802 803 803 805 805 807 808 808 809 810 835 835 836 836 837 838 839 840 841 841 842 842 844 844 846 845 847 847 848 849 849 850 851 851 852 853
719 721 723 725 727 729 730 732 733 735 737 739 741 743 744 745 747 749 751 753 753 755 756 758 759 761 762 764 765 767 769 769 771 772 773 774 776 777 779 780 781 783 784 784 786 787 788 789 791 792 793 794 794 796 796 798 799 800 802 801 803 804 805 806 807 808 808 809 834 835 835 836 837 837 838 839 840 841 842 842 843 843 845 845 846 846 847 848 848 850 849 850 851 852
717 719 721 723 726 728 730 732 734 735 736 738 740 741 743 744 745 747 749 751 753 754 756 757 758 759 761 763 764 765 767 769 770 771 773 774 775 776 777 779 780 781 783 784 785 785 787 788 789 791 791 793 794 794 796 797 798 799 800 801 803 802 804 804 806 806 808 808 833 834 835 835 835 837 837 838 838 840 840 842 841 842 843 844 845 845 846 847 847 849 849 850 850 850
