testData/tiles/oneDegreeCosts/grid7.0-13.0-8.0-14.0.asc
ncols   200
nrows   200
xllcorner   7.0
yllcorner   13.0
cellsize   0.005
NODATA_value   -9999.0
[rows 42 to 83 of 200, columns 94 to 187 of 200]
277 278 278 279 279 278 279 279 279 280 280 281 281 281 282 282 282 282 282 283 283 283 284 284 285 284 284 285 285 286 286 286 287 286 286 287 287 293 293 293 293 293 294 294 294 295 294 294 295 295 296 296 295 296 296 296 297 297 297 297 297 298 298 298 298 298 299 299 298 299 299 300 300 299 300 300 300 300 300 301 301 300 301 301 302 302 301 302 302 302 302 302 303 302
278 279 278 279 279 279 280 280 281 281 281 282 282 281 282 282 283 283 283 284 284 285 285 284 285 285 285 286 286 287 287 286 287 287 288 288 293 294 293 293 294 294 295 295 295 295 295 295 296 296 297 296 296 297 297 298 297 297 298 298 298 299 298 299 299 299 300 299 300 300 300 301 300 300 301 301 301 301 301 302 302 301 302 302 303 302 302 303 303 303 303 303 304 303
279 279 279 280 280 280 281 281 282 282 282 282 282 283 283 283 284 284 284 285 285 285 285 285 286 286 287 287 287 287 287 287 288 288 289 289 293 294 294 294 295 295 296 295 295 296 296 297 297 296 297 297 297 298 298 298 298 298 299 299 300 299 299 300 300 300 300 300 301 301 301 301 301 301 302 301 302 302 302 303 302 303 303 303 303 303 303 304 303 304 304 304 304 304
280 280 280 281 281 281 282 282 282 282 282 283 283 284 284 284 285 285 284 285 285 286 286 286 287 287 288 287 287 288 288 288 289 289 290 294 294 295 295 296 296 296 296 296 296 297 297 298 297 297 298 298 299 299 298 299 299 299 300 299 300 300 300 301 301 301 301 301 302 301 301 302 302 303 302 302 303 303 303 303 303 304 304 303 304 304 305 304 304 305 305 304 305 305
281 281 281 282 282 282 282 282 283 283 283 284 284 285 285 285 285 285 286 286 286 287 287 287 288 287 288 288 288 289 289 290 290 289 295 295 295 296 296 297 296 296 297 297 298 298 297 298 298 298 299 299 299 299 299 300 300 301 300 300 301 301 301 301 301 302 302 302 302 302 302 303 303 303 303 303 304 304 304 304 304 305 304 304 305 305 305 305 305 306 305 305 306 306
282 281 281 282 282 283 283 283 284 284 285 285 285 285 285 285 286 286 287 287 287 288 287 288 288 288 289 289 289 290 290 290 290 290 296 296 297 297 296 297 297 297 298 298 299 298 298 299 299 300 300 299 300 300 300 301 301 301 301 301 302 302 301 302 302 303 303 302 303 303 304 304 303 304 304 304 305 304 305 305 305 305 305 306 306 305 306 306 306 306 306 307 307 306
282 282 282 283 283 284 284 284 285 285 285 285 285 286 286 286 287 287 288 288 287 288 288 289 289 289 290 290 290 290 290 291 291 296 297 297 297 297 297 298 298 298 299 298 299 299 299 300 300 300 300 300 301 301 301 301 301 302 302 302 303 302 303 303 303 304 303 303 304 304 305 304 304 305 305 305 305 305 306 306 305 306 306 307 306 306 307 307 306 307 307 308 307 307
283 283 284 284 284 285 285 284 285 285 286 286 286 287 287 288 288 287 288 288 288 289 289 290 290 290 290 290 291 291 291 292 292 297 297 297 298 298 298 299 299 299 299 299 300 300 300 301 300 301 301 301 302 302 302 302 302 303 303 302 303 303 304 304 304 304 304 305 305 305 305 305 305 306 305 306 306 306 307 306 307 307 307 307 307 307 308 307 308 308 308 308 308 308
284 284 285 284 284 285 285 286 286 286 287 287 287 288 287 288 288 288 289 289 290 290 290 291 290 290 291 291 292 292 292 293 297 298 298 298 299 299 299 299 299 300 300 300 301 301 301 301 301 302 302 302 302 302 303 303 303 304 303 304 304 304 305 304 304 305 305 306 305 305 306 306 306 306 306 307 307 307 307 307 308 308 307 308 308 308 308 308 309 309 308 309 309 310
284 284 285 285 285 286 286 287 287 287 288 287 287 288 288 289 289 289 290 290 291 290 290 291 291 291 292 292 293 293 292 293 298 299 299 299 300 299 299 300 300 301 301 301 301 301 302 302 302 303 302 302 303 303 304 304 303 304 304 305 305 305 305 305 305 306 306 306 306 306 307 307 307 307 307 308 307 307 308 308 309 308 308 309 309 309 309 309 310 309 309 310 310 310
285 285 286 286 286 287 287 288 287 287 288 288 289 289 289 290 290 290 290 290 291 291 291 292 292 293 293 292 293 293 293 299 299 300 300 299 300 300 301 301 301 302 301 301 302 302 303 303 303 303 303 304 304 304 305 304 304 305 305 306 305 305 306 306 307 306 306 307 307 307 307 307 308 308 308 308 308 309 309 309 309 309 309 310 309 310 310 310 310 310 311 311 310 311
286 286 287 287 286 287 287 288 288 288 289 289 290 290 290 290 290 290 291 291 292 292 292 293 293 293 293 293 294 294 295 300 300 300 300 300 301 301 302 302 301 302 302 303 303 303 304 303 303 304 304 305 305 304 305 305 306 306 306 306 306 306 307 307 307 307 307 308 308 308 308 308 309 309 308 309 309 310 310 309 310 310 311 310 310 311 311 310 311 311 312 311 311 312
286 286 287 287 288 288 288 289 289 289 290 290 290 290 290 291 291 292 292 292 293 293 292 293 293 294 294 294 295 295 300 300 300 301 301 301 302 302 302 302 302 303 303 304 304 303 304 304 304 305 305 305 305 305 306 306 307 306 306 307 307 307 307 307 308 308 308 309 308 309 309 309 310 309 309 310 310 310 310 310 311 311 311 311 311 312 311 311 312 312 312 312 312 314
287 287 288 288 289 289 289 290 289 289 290 290 291 291 291 292 292 293 293 292 293 293 294 294 294 295 295 295 295 295 301 301 301 302 302 303 302 302 303 303 303 304 304 304 304 304 305 305 306 305 305 306 306 306 307 306 307 307 307 308 308 308 308 308 309 309 308 309 309 310 310 309 310 310 311 311 310 311 311 311 311 311 312 312 312 312 312 313 313 312 313 313 314 314
288 288 289 289 289 289 289 290 290 291 291 291 292 292 292 293 292 293 293 293 294 294 295 295 295 295 295 295 296 301 302 302 302 302 302 303 303 303 304 304 304 304 304 305 305 305 306 305 306 306 306 307 307 307 307 307 308 308 308 308 308 309 309 309 310 309 310 310 310 311 310 310 311 311 311 311 311 312 312 312 312 312 313 313 312 313 313 314 313 313 314 314 315 315
288 288 289 289 290 290 290 291 291 292 292 292 292 292 292 293 293 294 294 294 295 295 295 295 295 296 296 297 302 302 303 302 302 303 303 304 304 304 304 304 305 305 305 306 306 305 306 306 307 307 307 307 307 308 308 308 309 308 308 309 309 310 310 309 310 310 311 311 310 311 311 311 312 311 312 312 312 313 312 313 313 313 313 313 313 314 314 314 314 314 315 315 316 316
289 290 290 290 291 291 291 292 292 292 292 292 293 293 294 294 294 295 295 294 295 295 296 296 296 297 297 298 302 302 303 303 303 304 304 305 304 304 305 305 306 306 306 306 306 307 307 307 308 307 307 308 308 309 309 309 309 309 310 310 310 310 310 310 311 311 311 311 311 312 312 313 312 312 313 313 312 313 313 314 314 313 314 314 315 314 314 315 315 315 316 316 317 317
290 291 291 291 291 291 291 292 292 293 293 293 294 294 295 295 294 295 295 295 296 296 297 297 297 297 297 303 303 303 304 304 305 304 304 305 305 305 306 306 307 306 306 307 307 308 308 307 308 308 308 309 309 310 309 309 310 310 311 310 310 311 311 311 312 311 312 312 312 313 312 313 313 313 314 313 313 314 314 314 314 314 315 315 315 315 315 316 315 317 317 317 317 317
290 291 291 291 292 292 293 293 293 294 294 294 294 294 295 295 295 296 296 297 297 297 297 297 297 298 298 304 304 304 305 304 305 305 305 306 306 306 306 306 307 307 307 308 308 308 308 308 309 309 310 310 309 310 310 310 311 310 311 311 311 312 312 312 312 312 313 313 312 313 313 314 314 313 314 314 315 315 314 315 315 315 316 315 316 316 316 316 316 318 318 317 318 318
291 292 292 292 293 293 294 294 293 294 294 294 295 295 296 296 296 297 297 297 297 297 298 298 298 299 299 305 304 304 305 305 306 306 306 307 306 307 307 307 308 308 308 308 308 309 309 309 310 309 310 310 310 311 311 311 311 311 312 312 312 312 312 313 313 313 314 313 313 314 314 315 314 314 315 315 315 315 315 316 316 316 316 316 317 317 316 317 318 319 318 318 319 319
292 293 293 292 293 293 294 294 294 295 295 296 296 296 297 296 296 297 297 298 298 298 299 299 300 299 304 305 305 305 306 306 307 306 306 307 307 308 308 308 308 308 308 309 309 310 310 309 310 310 311 311 311 311 311 312 312 312 313 312 312 313 313 314 314 313 314 314 315 315 314 315 315 315 316 315 316 316 316 317 316 317 317 317 317 317 317 319 318 319 319 319 320 319
292 293 293 293 294 294 295 295 295 296 296 296 296 296 297 297 297 298 298 299 299 298 299 299 300 300 305 306 306 306 306 306 307 307 307 308 308 309 308 308 309 309 310 310 310 310 310 310 311 311 312 311 311 312 312 313 313 312 313 313 313 314 314 314 314 314 315 315 315 315 315 316 316 316 316 316 317 317 316 317 317 318 318 317 318 318 319 319 319 320 320 319 320 320
293 294 294 294 295 295 296 295 295 296 296 297 297 297 298 298 298 299 298 299 299 299 300 300 301 306 306 306 306 307 307 307 308 308 308 308 308 309 309 309 310 310 310 310 310 311 311 311 312 311 312 312 312 313 313 313 313 313 314 314 315 314 314 315 315 315 315 315 316 316 316 317 316 317 317 317 317 317 317 318 318 318 318 318 319 319 320 320 320 321 320 320 321 321
294 295 294 294 295 295 296 296 296 297 297 298 298 298 298 298 299 299 299 300 300 300 301 301 301 306 306 307 307 308 308 308 308 308 308 309 309 310 310 310 310 310 311 311 311 312 312 312 312 312 313 313 313 313 313 314 314 314 315 314 315 315 315 316 316 315 316 316 317 317 316 317 317 318 318 317 318 318 319 318 318 319 319 319 319 320 321 321 320 321 321 322 322 321
294 295 295 296 296 296 297 297 297 298 297 298 298 298 299 299 300 300 300 301 300 300 301 301 307 307 307 308 308 308 308 308 309 309 310 310 310 310 310 310 311 311 312 312 311 312 312 313 313 313 314 313 313 314 314 315 315 314 315 315 316 316 316 316 316 317 317 317 317 317 317 318 318 318 318 318 319 319 319 319 319 320 319 319 320 321 322 321 321 322 322 322 322 322
295 296 296 297 297 296 297 297 297 298 298 299 299 299 300 300 300 300 300 301 301 302 302 302 308 308 307 308 308 309 309 309 310 310 310 310 310 311 311 311 312 312 312 312 312 313 313 314 313 313 314 314 315 315 315 315 315 315 316 316 316 316 316 317 317 318 317 317 318 318 318 318 318 319 319 319 319 319 320 320 320 320 320 321 322 321 322 322 322 323 322 323 323 323
295 296 296 297 297 297 298 298 298 299 299 300 299 299 300 300 301 301 301 302 302 303 302 307 308 308 308 309 309 310 310 309 310 310 311 311 311 312 312 311 312 312 313 313 313 314 313 314 314 314 315 315 315 315 315 316 316 316 316 316 317 317 317 318 317 318 318 318 319 318 319 319 319 320 319 319 320 320 321 320 320 321 321 322 322 322 323 323 322 323 323 324 323 323
296 297 297 298 298 298 299 299 299 299 299 300 300 300 301 301 302 302 302 302 302 303 303 308 309 309 309 310 309 310 310 310 311 311 312 312 311 312 312 313 313 313 314 313 313 314 314 315 315 315 315 315 316 316 316 317 316 316 317 317 318 318 317 318 318 319 319 318 319 319 320 320 319 320 320 320 321 320 321 321 321 322 321 323 323 323 324 323 323 324 324 324 324 324
297 298 297 298 298 298 299 299 300 300 300 301 301 301 302 301 302 302 302 303 303 304 309 309 309 309 310 310 310 311 311 311 312 311 312 312 312 313 313 314 314 313 314 314 314 315 315 315 315 315 316 316 317 317 316 317 317 318 318 318 318 318 318 319 319 319 319 319 320 320 321 320 320 321 321 321 321 321 322 322 321 322 323 324 324 323 324 324 325 324 324 325 325 326
297 298 298 299 299 299 300 300 301 301 300 301 301 301 302 302 303 303 303 304 304 304 309 309 310 310 311 311 311 312 311 311 312 312 313 313 313 314 313 314 314 314 315 315 316 315 315 316 316 316 317 316 317 317 317 318 318 318 318 318 319 319 319 319 319 320 320 320 321 320 321 321 321 322 321 322 322 322 323 322 322 323 324 324 324 324 325 325 325 325 325 326 326 326
298 299 299 300 300 299 300 300 301 301 301 302 302 303 303 303 304 303 303 304 304 305 310 310 311 311 311 311 311 312 312 312 313 313 313 313 313 314 314 315 315 315 315 315 316 316 316 317 317 316 317 317 318 318 318 318 318 319 319 319 320 319 319 320 320 321 320 320 321 321 322 322 321 322 322 323 323 322 323 323 323 324 324 325 325 325 325 325 326 326 325 326 327 509
298 299 299 300 300 300 301 301 302 302 302 303 302 303 303 303 304 304 304 305 305 311 310 310 311 311 312 312 312 313 313 312 313 313 314 314 314 315 315 315 315 315 316 316 317 317 316 317 317 317 318 318 319 318 318 319 319 320 320 319 320 320 321 321 320 321 321 321 322 322 322 322 322 323 323 323 323 323 324 324 323 325 325 326 325 325 326 507 508 507 507 509 509 509
299 300 300 301 301 301 302 301 302 302 302 303 303 304 304 304 305 305 304 305 305 311 311 311 312 312 313 313 312 313 313 314 314 314 315 315 314 315 315 316 316 316 317 316 317 317 317 318 318 318 318 318 319 319 319 320 319 320 320 320 321 321 321 321 321 322 322 322 322 322 323 323 323 323 323 324 324 324 324 324 326 326 506 507 507 507 508 507 508 508 509 509 509 510
301 300 300 301 301 301 302 302 303 303 303 304 304 305 304 304 305 305 305 306 311 312 312 312 312 312 313 313 313 314 314 315 315 314 315 315 315 316 316 317 316 316 317 317 318 318 318 318 318 319 319 319 320 320 319 320 320 321 321 321 321 321 322 322 322 322 322 322 323 323 324 323 323 324 324 325 324 324 506 506 508 507 507 508 508 507 508 508 509 509 509 510 510 511
301 301 301 302 302 302 303 303 304 303 303 304 304 305 305 305 306 306 306 307 311 312 312 312 313 313 314 314 314 314 314 315 315 315 316 316 316 316 316 317 317 317 318 318 318 318 318 319 319 320 320 319 320 320 320 321 321 321 321 321 322 322 323 322 322 323 323 323 323 323 324 324 324 325 505 506 506 506 507 507 508 508 508 508 508 508 509 509 509 510 510 511 510 511
302 302 302 302 302 302 303 303 304 304 304 305 305 306 306 305 306 306 307 312 312 313 313 313 314 313 314 314 314 315 315 316 316 316 316 316 316 317 317 318 318 317 318 318 319 319 319 320 319 320 320 320 321 321 321 321 321 322 322 322 323 322 323 323 323 324 323 324 324 324 325 506 505 506 506 507 507 506 508 508 509 508 508 509 509 509 509 509 510 511 510 511 511 512
302 302 302 303 303 303 304 304 305 305 304 305 305 306 306 306 307 307 308 313 313 313 313 313 314 314 315 315 315 316 315 316 316 316 317 317 317 318 317 318 318 318 319 319 320 319 319 320 320 321 321 321 321 321 321 322 322 323 322 322 323 323 324 324 323 324 324 506 506 505 506 506 506 507 506 507 507 507 509 508 509 509 509 510 509 509 510 510 512 511 511 512 512 512
303 303 303 304 303 303 304 304 305 305 305 306 306 307 307 307 307 307 308 313 313 314 314 314 315 315 315 315 315 316 316 317 317 317 318 317 317 318 318 319 319 319 319 319 320 320 320 321 321 321 321 321 322 322 322 322 322 323 323 323 324 323 324 324 505 506 506 506 506 506 507 507 506 507 507 508 508 508 509 509 510 510 509 510 510 511 511 510 512 512 512 512 512 513
303 303 303 304 304 304 305 305 306 306 306 306 306 307 307 307 308 308 314 314 314 315 314 314 315 315 316 316 316 317 317 317 317 317 318 318 319 319 319 319 319 319 320 320 321 321 320 321 321 322 322 322 323 322 322 323 323 324 324 323 324 505 506 506 506 506 506 507 507 507 507 507 507 508 508 508 508 509 510 510 510 510 510 511 511 511 511 512 513 512 512 513 513 514
304 304 304 305 305 305 305 305 306 306 306 307 307 308 308 308 309 308 314 314 314 315 315 315 316 316 317 316 316 317 317 318 318 318 319 319 319 319 319 320 320 320 321 320 321 321 321 322 322 323 322 322 323 323 323 324 323 324 324 505 506 506 506 506 506 507 507 508 507 507 508 508 508 508 508 509 510 510 510 510 511 511 511 511 511 512 513 512 513 513 513 514 513 514
304 304 304 305 305 305 306 306 307 307 307 308 307 308 308 308 309 314 315 315 315 316 316 315 316 316 317 317 317 318 318 319 318 318 319 319 320 320 320 321 320 320 321 321 322 322 322 322 322 323 323 323 324 323 323 324 505 506 506 506 506 506 507 507 507 507 507 508 508 508 509 508 508 509 509 510 510 510 511 511 512 511 511 512 512 512 513 513 514 514 513 514 514 515
305 305 305 306 306 306 307 306 307 307 307 308 308 309 309 309 310 315 315 315 315 316 316 316 317 317 318 318 317 318 318 319 319 319 320 320 320 320 320 321 321 321 322 322 322 322 322 323 323 324 324 323 324 324 505 506 506 506 506 506 507 507 508 507 507 508 508 509 508 508 509 509 509 510 509 511 511 511 512 511 512 512 512 512 512 514 514 514 514 514 514 515 514 515
