testData/tiles/oneDegreeCosts/grid4.0-21.0-5.0-22.0.asc
ncols   200
nrows   200
xllcorner   4.0
yllcorner   21.0
cellsize   0.005
NODATA_value   -9999.0
[rows 42 to 83 of 200, columns 94 to 187 of 200]
358 358 366 366 371 375 378 381 384 386 389 391 393 395 397 399 400 402 404 405 407 408 409 411 412 413 415 416 417 418 419 421 422 423 424 425 426 427 428 429 430 431 432 432 433 434 435 436 437 438 438 439 440 441 441 442 443 444 444 445 446 446 447 448 448 449 451 451 453 358 358 358 358 358 358 358 358 358 358 358 358 358 358 358 358 358 358 358 358 358 358 358 358 358
358 358 358 366 368 372 376 379 382 385 387 389 392 394 395 397 399 401 402 404 405 407 408 410 411 412 414 415 416 417 418 420 421 422 423 424 425 426 427 428 429 430 431 432 433 433 434 435 436 437 438 438 439 440 441 441 442 443 444 444 445 446 446 447 448 448 449 451 451 358 358 358 358 358 358 358 358 358 358 358 358 358 358 358 358 358 358 358 358 358 358 358 358 358
358 358 358 358 366 369 373 377 380 383 385 388 390 392 394 396 398 399 401 403 404 406 407 409 410 411 413 414 415 416 418 419 420 421 422 423 424 425 426 427 428 429 430 431 432 433 434 434 435 436 437 438 438 439 440 441 442 442 443 444 444 445 446 447 447 448 448 449 451 358 358 358 358 358 358 358 358 358 358 358 358 358 358 358 358 358 358 358 358 358 358 358 358 358
358 358 358 358 366 366 370 374 378 381 383 386 388 390 393 395 396 398 400 402 403 405 406 408 409 410 412 413 414 415 417 418 419 420 421 422 423 424 425 426 427 428 429 430 431 432 433 434 434 435 436 437 438 439 439 440 441 442 442 443 444 444 445 446 447 447 448 448 450 358 358 358 358 358 358 358 358 358 358 358 358 358 358 358 358 358 358 358 358 358 358 358 358 358
358 358 358 358 358 366 367 371 375 379 381 384 387 389 391 393 395 397 399 400 402 403 405 406 408 409 411 412 413 414 416 417 418 419 420 421 422 423 424 425 426 427 428 429 430 431 432 433 434 435 435 436 437 438 439 439 440 441 442 442 443 444 444 445 446 447 447 448 448 358 358 358 358 358 358 358 358 358 358 358 358 358 358 358 358 358 358 358 358 358 358 358 358 358
358 358 358 358 358 358 366 368 372 376 379 382 385 387 389 391 393 395 397 399 401 402 404 405 407 408 410 411 412 413 415 416 417 418 419 420 421 423 424 425 426 427 428 428 429 430 431 432 433 434 435 435 436 437 438 439 439 440 441 442 442 443 444 444 445 446 447 447 448 358 358 358 358 358 358 358 358 358 358 358 358 358 358 358 358 358 358 358 358 358 358 358 358 358
358 358 358 358 358 358 366 366 369 373 377 380 383 385 388 390 392 394 396 398 399 401 403 404 406 407 408 410 411 412 414 415 416 417 418 419 421 422 423 424 425 426 427 428 429 429 430 431 432 433 434 435 436 436 437 438 439 439 440 441 442 442 443 444 444 445 446 447 447 358 358 358 358 358 358 358 358 358 358 358 358 358 358 358 358 358 358 358 358 358 358 358 358 358
358 358 358 358 358 358 358 366 366 370 374 378 381 383 386 388 390 392 394 396 398 400 401 403 404 406 407 409 410 411 413 414 415 416 417 419 420 421 422 423 424 425 426 427 428 429 430 430 431 432 433 434 435 436 436 437 438 439 439 440 441 442 442 443 444 444 445 446 446 358 358 358 358 358 358 358 358 358 358 358 358 358 358 358 358 358 358 358 358 358 358 358 358 358
358 358 358 358 358 358 358 358 366 367 372 375 379 381 384 386 389 391 393 395 397 398 400 402 403 405 406 408 409 410 412 413 414 415 416 418 419 420 421 422 423 424 425 426 427 428 429 430 431 431 432 433 434 435 436 436 437 438 439 439 440 441 442 442 443 444 444 445 446 358 358 358 358 358 358 358 358 358 358 358 358 358 358 358 358 358 358 358 358 358 358 358 358 358
358 358 358 358 358 358 358 358 358 366 368 373 376 379 382 385 387 389 391 393 395 397 399 400 402 403 405 406 408 409 410 412 413 414 415 417 418 419 420 421 422 423 424 425 426 427 428 429 430 431 431 432 433 434 435 436 436 437 438 439 440 440 441 442 442 443 444 444 445 358 358 358 358 358 358 358 358 358 358 358 358 358 358 358 358 358 358 358 358 358 358 358 358 358
358 358 358 358 358 358 358 358 358 366 366 369 373 377 380 383 385 387 390 392 394 396 397 399 401 402 404 405 407 408 409 411 412 413 414 416 417 418 419 420 421 422 423 424 425 426 427 428 429 430 431 432 432 433 434 435 436 436 437 438 439 440 440 441 442 442 443 444 444 358 358 358 358 358 358 358 358 358 358 358 358 358 358 358 358 358 358 358 358 358 358 358 358 358
358 358 358 358 358 358 358 358 358 358 366 366 370 374 378 381 383 386 388 390 392 394 396 398 399 401 403 404 405 407 408 410 411 412 413 415 416 417 418 419 420 421 422 423 424 425 426 427 428 429 430 431 432 432 433 434 435 436 437 437 438 439 440 440 441 442 442 443 444 358 358 358 358 358 358 358 358 358 358 358 358 358 358 358 358 358 358 358 358 358 358 358 358 358
358 358 358 358 358 358 358 358 358 358 358 366 367 371 375 378 381 384 386 388 391 393 394 396 398 400 401 403 404 406 407 408 410 411 412 414 415 416 417 418 419 420 421 422 423 424 425 426 427 428 429 430 431 432 432 433 434 435 436 437 437 438 439 440 440 441 442 442 443 358 358 358 358 358 358 358 358 358 358 358 358 358 358 358 358 358 358 358 358 358 358 358 358 358
358 358 358 358 358 358 358 358 358 358 358 358 366 368 372 376 379 382 384 387 389 391 393 395 397 398 400 401 403 405 406 407 409 410 411 413 414 415 416 417 418 419 420 421 422 423 424 425 426 427 428 429 430 431 432 433 433 434 435 436 437 437 438 439 440 440 441 442 442 358 358 358 358 358 358 358 358 358 358 358 358 358 358 358 358 358 358 358 358 358 358 358 358 358
358 358 358 358 358 358 358 358 358 358 358 358 366 366 369 373 377 380 382 385 387 389 391 393 395 397 399 400 402 403 405 406 408 409 410 411 413 414 415 416 417 418 419 421 422 423 424 425 425 426 427 428 429 430 431 432 433 433 434 435 436 437 437 438 439 439 440 441 442 358 358 358 358 358 358 358 358 358 358 358 358 358 358 358 358 358 358 358 358 358 358 358 358 358
358 358 358 358 358 358 358 358 358 358 358 358 358 366 366 370 374 377 380 383 385 388 390 392 394 395 397 399 400 402 404 405 406 408 409 410 412 413 414 415 416 417 419 420 421 422 423 424 425 426 426 427 428 429 430 431 432 433 433 434 435 436 437 437 438 439 439 440 441 358 358 358 358 358 358 358 358 358 358 358 358 358 358 358 358 358 358 358 358 358 358 358 358 358
358 358 358 358 358 358 358 358 358 358 358 358 358 358 366 366 371 375 378 381 383 386 388 390 392 394 396 397 399 401 402 404 405 407 408 409 410 412 413 414 415 416 418 419 420 421 422 423 424 425 426 427 427 428 429 430 431 432 433 433 434 435 436 437 437 438 439 439 440 358 358 358 358 358 358 358 358 358 358 358 358 358 358 358 358 358 358 358 358 358 358 358 358 358
358 358 358 358 358 358 358 358 358 358 358 358 358 358 358 366 367 372 375 378 381 384 386 388 390 392 394 396 398 399 401 402 404 405 407 408 409 411 412 413 414 415 417 418 419 420 421 422 423 424 425 426 427 427 428 429 430 431 432 433 433 434 435 436 436 437 438 439 439 358 358 358 358 358 358 358 358 358 358 358 358 358 358 358 358 358 358 358 358 358 358 358 358 358
358 358 358 358 358 358 358 358 358 358 358 358 358 358 358 358 366 368 372 376 379 382 384 387 389 391 393 395 396 398 400 401 403 404 406 407 408 410 411 412 413 414 416 417 418 419 420 421 422 423 424 425 426 427 428 428 429 430 431 432 433 433 434 435 436 436 437 438 439 358 358 358 358 358 358 358 358 358 358 358 358 358 358 358 358 358 358 358 358 358 358 358 358 358
358 358 358 358 358 358 358 358 358 358 358 358 358 358 358 358 366 366 369 373 376 379 382 385 387 389 391 393 395 397 398 400 401 403 404 406 407 408 410 411 412 413 414 416 417 418 419 420 421 422 423 424 425 426 427 428 428 429 430 431 432 433 433 434 435 436 436 437 438 358 358 358 358 358 358 358 358 358 358 358 358 358 358 358 358 358 358 358 358 358 358 358 358 358
358 358 358 358 358 358 358 358 358 358 358 358 358 358 358 358 358 366 366 370 374 377 380 383 385 387 389 391 393 395 397 398 400 402 403 404 406 407 409 410 411 412 413 415 416 417 418 419 420 421 422 423 424 425 426 427 428 428 429 430 431 432 433 433 434 435 436 436 437 358 358 358 358 358 358 358 358 358 358 358 358 358 358 358 358 358 358 358 358 358 358 358 358 358
358 358 358 358 358 358 358 358 358 358 358 358 358 358 358 358 358 358 366 366 371 374 378 380 383 385 388 390 392 394 395 397 399 400 402 403 405 406 407 409 410 411 412 414 415 416 417 418 419 420 421 422 423 424 425 426 427 428 428 429 430 431 432 433 433 434 435 436 358 358 358 358 358 358 358 358 358 358 358 358 358 358 358 358 358 358 358 358 358 358 358 358 358 358
358 358 358 358 358 358 358 358 358 358 358 358 358 358 358 358 358 358 358 366 367 371 375 378 381 383 386 388 390 392 394 396 397 399 400 402 403 405 406 407 409 410 411 412 414 415 416 417 418 419 420 421 422 423 424 425 426 427 428 428 429 430 431 432 433 433 434 435 358 358 358 358 358 358 358 358 358 358 358 358 358 358 358 358 358 358 358 358 358 358 358 358 358 358
358 358 358 358 358 358 358 358 358 358 358 358 358 358 358 358 358 358 358 358 366 368 372 376 379 381 384 386 388 390 392 394 396 397 399 401 402 404 405 406 408 409 410 411 413 414 415 416 417 418 419 420 421 422 423 424 425 426 427 428 428 429 430 431 432 432 433 434 358 358 358 358 358 358 358 358 358 358 358 358 358 358 358 358 358 358 358 358 358 358 358 358 358 358
358 358 358 358 358 358 358 358 358 358 358 358 358 358 358 358 358 358 358 358 366 366 369 373 376 379 382 384 386 389 391 392 394 396 398 399 401 402 404 405 406 408 409 410 411 413 414 415 416 417 418 419 420 421 422 423 424 425 426 427 428 428 429 430 431 432 432 433 358 358 358 358 358 358 358 358 358 358 358 358 358 358 358 358 358 358 358 358 358 358 358 358 358 358
358 358 358 358 358 358 358 358 358 358 358 358 358 358 358 358 358 358 358 358 358 366 366 369 373 377 379 382 384 387 389 391 393 394 396 398 399 401 402 404 405 407 408 409 410 411 413 414 415 416 417 418 419 420 421 422 423 424 425 426 427 427 428 429 430 431 432 432 358 358 358 358 358 358 358 358 358 358 358 358 358 358 358 358 358 358 358 358 358 358 358 358 358 358
358 358 358 358 358 358 358 358 358 358 358 358 358 358 358 358 358 358 358 358 358 358 366 366 370 374 377 380 382 385 387 389 391 393 395 396 398 400 401 403 404 405 407 408 409 410 412 413 414 415 416 417 418 419 420 421 422 423 424 425 426 427 427 428 429 430 431 432 358 358 358 358 358 358 358 358 358 358 358 358 358 358 358 358 358 358 358 358 358 358 358 358 358 358
358 358 358 358 358 358 358 358 358 358 358 358 358 358 358 358 358 358 358 358 358 358 358 366 366 371 374 377 380 383 385 387 389 391 393 395 397 398 400 401 403 404 405 407 408 409 410 412 413 414 415 416 417 418 419 420 421 422 423 424 425 426 427 427 428 429 430 431 358 358 358 358 358 358 358 358 358 358 358 358 358 358 358 358 358 358 358 358 358 358 358 358 358 358
358 358 358 358 358 358 358 358 358 358 358 358 358 358 358 358 358 358 358 358 358 358 358 358 366 367 371 375 378 381 383 385 387 390 391 393 395 397 398 400 401 403 404 405 407 408 409 410 412 413 414 415 416 417 418 419 420 421 422 423 424 425 426 427 427 428 429 430 358 358 358 358 358 358 358 358 358 358 358 358 358 358 358 358 358 358 358 358 358 358 358 358 358 358
358 358 358 358 358 358 358 358 358 358 358 358 358 358 358 358 358 358 358 358 358 358 358 358 358 366 367 372 375 378 381 383 386 388 390 392 393 395 397 398 400 401 403 404 406 407 408 409 411 412 413 414 415 416 417 418 419 420 421 422 423 424 425 426 426 427 428 358 358 358 358 358 358 358 358 358 358 358 358 358 358 358 358 358 358 358 358 358 358 358 358 358 358 358
358 358 358 358 358 358 358 358 358 358 358 358 358 358 358 358 358 358 358 358 358 358 358 358 358 358 366 368 372 375 378 381 384 386 388 390 392 394 395 397 398 400 401 403 404 406 407 408 409 411 412 413 414 415 416 417 418 419 420 421 422 423 424 425 426 426 427 358 358 358 358 358 358 358 358 358 358 358 358 358 358 358 358 358 358 358 358 358 358 358 358 358 358 358
358 358 358 358 358 358 358 358 358 358 358 358 358 358 358 358 358 358 358 358 358 358 358 358 358 358 366 366 369 373 376 379 381 384 386 388 390 392 394 395 397 399 400 402 403 404 406 407 408 409 411 412 413 414 415 416 417 418 419 420 421 422 423 424 425 425 426 358 358 358 358 358 358 358 358 358 358 358 358 358 358 358 358 358 358 358 358 358 358 358 358 358 358 358
358 358 358 358 358 358 358 358 358 358 358 358 358 358 358 358 358 358 358 358 358 358 358 358 358 358 358 366 366 369 373 376 379 382 384 386 388 390 392 394 396 397 399 400 402 403 404 406 407 408 409 411 412 413 414 415 416 417 418 419 420 421 422 423 424 425 425 358 358 358 358 358 358 358 358 358 358 358 358 358 358 358 358 358 358 358 358 358 358 358 358 358 358 358
358 358 358 358 358 358 358 358 358 358 358 358 358 358 358 358 358 358 358 358 358 358 358 358 358 358 358 358 366 366 370 373 377 379 382 384 386 388 390 392 394 396 397 399 400 402 403 404 406 407 408 409 411 412 413 414 415 416 417 418 419 420 421 422 423 424 424 358 358 358 358 358 358 358 358 358 358 358 358 358 358 358 358 358 358 358 358 358 358 358 358 358 358 358
358 358 358 358 358 358 358 358 358 358 358 358 358 358 358 358 358 358 358 358 358 358 358 358 358 358 358 358 358 366 366 370 374 377 380 382 384 387 389 390 392 394 396 397 399 400 402 403 404 406 407 408 409 411 412 413 414 415 416 417 418 419 420 421 422 423 358 358 358 358 358 358 358 358 358 358 358 358 358 358 358 358 358 358 358 358 358 358 358 358 358 358 358 358
358 358 358 358 358 358 358 358 358 358 358 358 358 358 358 358 358 358 358 358 358 358 358 358 358 358 358 358 358 358 366 366 370 374 377 380 382 385 387 389 391 392 394 396 397 399 400 402 403 404 406 407 408 409 411 412 413 414 415 416 417 418 419 420 421 422 358 358 358 358 358 358 358 358 358 358 358 358 358 358 358 358 358 358 358 358 358 358 358 358 358 358 358 358
358 358 358 358 358 358 358 358 358 358 358 358 358 358 358 358 358 358 358 358 358 358 358 358 358 358 358 358 358 358 358 366 367 371 374 377 380 382 385 387 389 391 392 394 396 397 399 400 402 403 404 406 407 408 409 411 412 413 414 415 416 417 418 419 420 421 358 358 358 358 358 358 358 358 358 358 358 358 358 358 358 358 358 358 358 358 358 358 358 358 358 358 358 358
358 358 358 358 358 358 358 358 358 358 358 358 358 358 358 358 358 358 358 358 358 358 358 358 358 358 358 358 358 358 358 358 366 367 371 375 377 380 383 385 387 389 391 393 394 396 397 399 400 402 403 404 406 407 408 409 410 412 413 414 415 416 417 418 419 420 358 358 358 358 358 358 358 358 358 358 358 358 358 358 358 358 358 358 358 358 358 358 358 358 358 358 358 358
358 358 358 358 358 358 358 358 358 358 358 358 358 358 358 358 358 358 358 358 358 358 358 358 358 358 358 358 358 358 358 358 358 366 367 371 375 378 380 383 385 387 389 391 393 394 396 397 399 400 402 403 404 406 407 408 409 410 412 413 414 415 416 417 418 419 358 358 358 358 358 358 358 358 358 358 358 358 358 358 358 358 358 358 358 358 358 358 358 358 358 358 358 358
358 358 358 358 358 358 358 358 358 358 358 358 358 358 358 358 358 358 358 358 358 358 358 358 358 358 358 358 358 358 358 358 358 358 366 368 372 375 378 380 383 385 387 389 391 393 394 396 397 399 400 402 403 404 406 407 408 409 410 411 413 414 415 416 417 358 358 358 358 358 358 358 358 358 358 358 358 358 358 358 358 358 358 358 358 358 358 358 358 358 358 358 358 358
358 358 358 358 358 358 358 358 358 358 358 358 358 358 358 358 358 358 358 358 358 358 358 358 358 358 358 358 358 358 358 358 358 358 366 366 368 372 375 378 381 383 385 387 389 391 393 394 396 397 399 400 402 403 404 406 407 408 409 410 411 412 414 415 416 358 358 358 358 358 358 358 358 358 358 358 358 358 358 358 358 358 358 358 358 358 358 358 358 358 358 358 358 358
358 358 358 358 358 358 358 358 358 358 358 358 358 358 358 358 358 358 358 358 358 358 358 358 358 358 358 358 358 358 358 358 358 358 358 366 366 368 372 375 378 381 383 385 387 389 391 393 394 396 397 399 400 402 403 404 406 407 408 409 410 411 412 414 415 358 358 358 358 358 358 358 358 358 358 358 358 358 358 358 358 358 358 358 358 358 358 358 358 358 358 358 358 358
