testData/tiles/oneDegreeCosts/grid12.0-13.0-13.0-14.0.asc
ncols   200
nrows   200
xllcorner   12.0
yllcorner   13.0
cellsize   0.005
NODATA_value   -9999.0
[rows 0 to 41 of 200, columns 0 to 93 of 200]
569 570 572 571 574 574 574 574 575 575 576 575 577 577 577 578 579 578 578 578 578 578 579 578 578 578 578 579 579 580 580 579 580 580 580 581 580 579 729 730 729 731 731 731 731 731 731 731 731 732 733 732 733 812 812 813 812 813 812 812 811 812 812 811 811 810 810 809 810 808 808 807 809 810 810 811 813 813 815 814 815 816 816 817 817 815 817 816 816 816 817 817 820 822
568 567 569 569 570 572 572 572 573 573 573 574 574 575 575 575 575 576 575 576 576 576 577 575 576 577 576 577 576 577 577 577 577 577 577 578 577 577 727 727 727 726 728 727 728 729 728 729 729 729 729 730 731 729 809 809 809 809 809 809 808 808 807 808 807 807 806 807 805 805 803 803 805 807 805 807 808 810 810 809 812 811 812 811 811 811 810 810 813 815 817 818 821 822
565 565 566 567 567 568 569 569 570 571 570 572 572 572 572 572 572 573 573 572 573 573 575 575 573 574 573 574 574 573 574 574 573 574 574 574 574 723 722 723 723 724 724 724 726 726 725 725 726 725 727 726 726 727 805 806 805 806 805 806 804 804 804 804 804 805 803 802 802 801 802 799 800 800 802 802 802 805 803 804 805 805 804 805 806 809 809 811 812 815 816 818 820 822
562 563 563 565 565 566 566 567 567 568 567 569 569 569 569 569 569 570 572 570 571 571 570 571 570 570 570 569 570 570 569 570 569 569 569 570 570 719 721 720 720 720 721 721 722 723 722 722 722 722 723 722 723 723 802 802 802 802 803 803 801 801 800 801 800 801 797 798 797 797 796 795 793 794 795 796 796 796 797 797 800 802 804 805 807 809 811 810 812 814 816 771 774 774
558 559 561 561 562 562 563 564 563 563 565 565 566 566 567 567 568 568 568 568 567 567 567 567 568 567 566 567 566 566 566 566 566 565 566 566 716 715 717 717 717 717 717 718 718 719 719 718 719 717 718 718 718 720 719 799 798 799 797 798 796 796 796 796 795 794 794 792 792 791 791 788 788 786 788 790 790 793 795 798 800 801 803 805 806 808 810 763 766 767 768 771 772 774
554 556 557 558 558 560 559 561 561 560 561 563 563 564 563 564 565 564 565 565 563 564 564 563 564 563 563 563 562 562 563 562 562 561 561 563 712 712 713 713 714 713 714 714 714 715 715 714 714 714 714 715 715 715 715 794 794 792 792 792 792 791 790 791 788 789 787 787 785 785 783 783 783 784 787 789 790 793 795 798 799 800 803 758 759 761 763 763 765 766 769 770 772 773
552 552 553 555 555 556 557 557 559 557 558 559 558 559 560 560 561 561 561 561 560 560 560 559 560 560 559 558 559 558 558 557 558 557 558 707 708 707 709 710 709 709 709 711 710 710 711 710 710 709 710 710 709 710 709 710 787 787 786 787 785 786 784 783 782 781 781 782 782 782 783 783 784 785 786 788 790 793 794 750 751 754 756 758 758 761 762 765 764 767 768 769 772 774
548 549 549 550 550 553 554 554 555 555 554 555 555 555 556 555 556 557 556 557 557 555 556 556 555 555 555 555 554 553 553 554 553 554 554 703 703 704 703 705 707 705 705 705 704 704 705 705 705 704 704 704 703 704 703 702 781 780 780 779 780 779 779 779 779 781 781 783 782 783 783 785 786 785 786 740 744 745 748 749 751 753 756 756 758 760 763 763 764 766 768 769 772 773
544 545 546 547 549 548 549 551 550 552 552 550 551 550 551 552 551 551 552 551 552 552 551 551 550 550 551 550 549 549 548 548 547 549 699 699 700 700 700 699 700 699 698 699 698 699 700 699 699 698 698 697 697 696 695 695 695 775 776 777 778 778 780 779 780 781 782 783 782 783 737 738 739 739 739 740 743 745 746 749 751 753 755 757 758 761 761 763 766 766 766 770 771 772
540 542 543 543 544 544 545 545 545 547 547 546 546 547 546 547 547 546 547 546 546 546 544 545 545 544 544 544 544 543 542 544 544 544 692 693 692 693 692 693 694 693 693 692 692 692 692 692 691 692 689 690 690 692 693 694 696 775 777 777 778 779 780 780 781 735 735 736 736 737 737 739 739 739 740 740 743 744 746 749 751 752 755 756 759 761 762 763 767 766 768 770 772 773
536 537 538 538 539 539 540 540 540 541 542 542 541 542 541 541 542 541 541 541 540 540 541 539 539 538 538 539 538 537 537 537 537 686 685 686 686 686 686 686 686 687 685 685 685 685 686 687 689 689 689 690 691 693 694 695 696 776 777 730 731 732 734 734 735 735 736 736 737 737 738 739 739 740 741 742 742 745 746 750 751 753 755 757 759 761 762 764 766 766 768 770 772 773
530 531 533 533 534 534 535 534 535 535 535 535 535 536 536 535 535 536 535 535 534 534 534 533 533 533 532 532 532 530 531 529 530 678 678 678 678 679 679 679 680 682 683 683 685 685 687 687 688 690 690 691 691 693 648 648 650 650 730 730 732 733 734 735 735 735 736 738 738 740 738 740 741 742 743 742 743 744 747 749 750 753 755 757 759 760 762 764 765 768 767 771 771 773
524 526 526 527 529 528 529 528 529 530 529 529 530 528 529 529 529 529 528 528 529 528 528 527 525 525 524 524 524 522 522 523 671 673 673 674 676 677 679 679 681 683 683 684 685 685 686 687 642 643 644 644 645 646 648 649 649 650 730 731 732 734 736 735 737 736 738 738 739 739 739 741 741 743 743 742 743 744 746 748 750 753 754 757 758 760 762 763 765 767 767 769 771 772
519 519 519 520 521 521 522 522 522 523 523 522 523 521 521 521 520 522 522 520 520 519 519 518 517 517 518 518 519 521 521 522 672 673 674 674 676 678 679 680 681 636 636 636 638 638 640 641 642 644 644 645 646 647 648 649 651 651 653 732 734 734 735 736 737 737 738 739 739 740 739 741 742 743 743 742 744 744 747 747 750 752 755 755 758 761 762 764 765 767 768 769 770 773
513 512 513 512 513 513 514 514 514 514 514 513 514 515 513 512 512 512 513 513 515 516 516 517 518 517 518 518 520 521 521 671 673 674 628 628 629 631 633 633 634 635 636 638 638 639 640 642 643 644 646 647 648 647 649 650 651 652 653 733 734 734 736 736 738 737 739 739 740 740 741 742 742 743 743 744 744 745 745 748 749 753 753 755 759 760 761 763 765 766 768 768 771 771
505 503 504 504 504 505 504 504 506 506 508 509 510 511 511 511 512 512 513 514 514 515 515 516 517 516 471 472 473 475 475 625 627 627 628 628 629 631 632 633 634 636 636 638 639 640 642 643 644 646 646 647 647 648 649 650 652 652 654 654 734 734 736 737 738 739 739 739 740 741 742 742 742 743 744 744 745 745 746 747 749 751 753 756 758 759 760 764 765 766 768 768 770 771
497 497 498 500 500 502 503 504 506 506 508 510 510 511 511 511 512 513 466 467 467 468 469 469 470 471 471 472 473 474 625 625 626 628 628 629 629 631 633 633 635 637 638 640 641 641 642 644 644 645 646 647 649 648 650 651 652 653 654 654 734 735 737 737 739 739 739 739 741 741 742 743 742 744 744 745 745 745 746 747 749 751 753 755 758 759 761 763 764 765 768 770 769 770
496 497 498 500 501 503 504 504 506 460 460 462 464 464 465 465 465 466 466 468 469 468 469 470 470 471 471 472 474 475 625 626 626 628 629 629 630 632 634 635 636 638 638 640 642 641 643 643 644 646 646 648 649 649 650 651 653 653 654 654 655 735 737 738 738 739 739 740 741 742 742 743 743 744 745 745 746 745 747 747 748 751 752 755 756 759 760 763 763 765 767 769 769 771
452 452 452 454 455 456 457 458 459 460 461 462 463 463 465 465 465 466 468 468 469 469 469 470 470 472 472 473 474 475 626 626 627 629 631 632 631 633 634 635 637 638 639 640 642 641 642 644 644 646 648 648 650 649 651 651 652 653 654 655 656 736 737 737 739 739 741 740 742 742 743 744 743 745 745 746 746 746 747 747 747 750 753 753 757 758 760 762 765 766 769 769 769 771
452 452 453 453 454 457 457 459 459 460 461 462 463 464 464 465 465 466 468 468 469 470 470 470 471 472 474 473 475 626 627 628 629 630 631 632 633 633 635 635 637 639 639 640 641 642 643 644 645 646 648 649 650 651 651 651 653 653 655 655 657 736 737 738 739 740 741 741 741 742 743 744 745 745 745 746 747 747 748 748 749 752 753 754 757 759 759 763 764 766 767 769 771 770
452 452 453 454 454 456 457 459 460 460 461 463 463 464 464 465 465 466 467 468 468 470 470 471 472 473 475 476 476 627 627 628 630 630 632 634 633 634 634 635 637 638 640 640 642 644 643 645 645 647 648 649 651 651 651 651 653 654 655 656 657 657 737 738 740 740 742 741 742 743 745 746 746 746 746 748 748 748 748 749 750 751 752 753 757 758 760 762 764 764 767 768 771 770
452 452 453 455 454 456 457 458 460 460 462 463 463 464 465 465 466 466 467 468 468 469 471 472 472 473 474 476 625 626 628 628 629 631 631 633 633 634 635 636 637 639 640 641 642 644 645 645 646 647 649 649 650 651 652 652 653 654 656 656 657 657 738 739 741 742 742 743 743 744 745 746 746 746 747 748 749 748 749 749 750 751 751 753 756 758 759 762 763 764 767 768 769 770
452 453 453 455 455 456 457 458 459 460 462 463 464 464 465 465 467 467 467 469 470 470 471 472 473 474 475 476 626 627 628 629 630 631 632 633 634 635 635 637 637 639 641 641 643 644 645 646 646 647 648 649 651 651 653 652 654 655 656 658 658 660 660 740 742 742 743 743 744 744 746 746 746 748 747 749 749 749 749 750 750 751 752 753 755 757 759 761 763 764 767 768 769 773
452 452 453 455 456 456 457 459 459 460 461 462 464 464 465 466 468 468 468 469 470 470 472 473 474 475 475 626 627 627 629 630 630 632 632 634 634 635 636 637 638 639 641 642 643 645 645 645 646 647 649 649 652 653 654 654 655 656 657 658 659 660 660 740 741 742 743 744 745 745 745 746 747 748 748 748 749 749 751 750 750 752 752 753 754 757 758 760 762 764 766 767 769 772
452 452 453 454 456 457 457 459 459 460 462 462 463 465 465 467 468 469 469 469 470 472 472 474 474 475 477 626 628 629 629 631 630 632 634 634 635 636 637 638 638 640 641 642 643 644 645 647 647 649 650 651 652 653 655 654 655 656 657 659 659 661 661 661 741 742 744 744 746 745 746 746 747 749 748 749 749 750 751 750 752 752 753 753 754 756 760 760 762 763 765 767 768 772
452 452 453 454 455 458 457 459 460 460 463 463 464 465 465 466 468 468 469 469 470 472 473 474 476 475 626 627 628 629 630 631 632 632 634 635 635 637 637 638 639 639 641 643 644 646 646 648 648 649 651 651 653 654 654 655 655 657 657 659 660 661 661 661 742 743 744 745 745 745 746 747 748 748 749 749 750 750 751 750 752 753 753 753 753 756 758 760 761 764 764 767 769 770
452 452 453 455 455 457 457 460 461 461 463 464 464 465 466 466 468 468 468 469 470 471 474 475 476 476 627 628 629 630 631 632 632 633 634 636 636 636 637 639 639 641 642 643 645 646 647 648 648 650 651 652 652 653 655 655 656 657 658 660 660 661 661 662 662 743 745 745 746 745 747 747 747 749 749 750 750 750 751 752 753 753 753 754 754 754 758 759 761 762 765 767 767 770
452 453 453 455 456 458 459 459 460 462 463 464 464 465 466 467 468 469 469 470 470 472 473 474 476 625 626 628 628 630 630 631 632 633 634 637 636 638 639 640 640 641 643 643 645 647 647 649 649 650 651 651 653 653 655 656 656 658 658 659 660 661 662 663 663 743 744 745 746 747 747 747 748 749 750 750 750 750 752 752 753 753 753 755 754 754 757 759 759 762 766 767 768 770
452 453 454 456 458 458 459 460 460 461 462 464 465 465 466 468 468 469 469 470 472 472 474 475 476 626 626 628 630 630 631 632 633 635 635 637 638 638 640 640 640 642 643 644 645 647 648 649 649 649 651 652 653 654 655 656 658 658 658 659 660 662 662 664 663 663 745 745 747 747 747 747 749 750 750 751 750 751 752 753 754 754 755 756 755 755 758 760 760 762 765 766 768 770
452 453 454 456 458 458 459 460 460 461 463 463 464 465 466 468 468 469 471 471 472 473 474 476 476 626 628 628 631 632 633 634 633 635 637 637 638 639 640 642 640 642 644 644 646 647 647 649 649 650 652 652 654 654 656 657 657 658 658 660 660 662 663 663 663 663 745 746 747 747 747 748 750 751 751 752 752 752 754 753 755 755 755 756 756 756 757 759 759 762 765 765 768 769
452 453 454 455 457 459 459 461 461 461 463 463 464 465 465 467 469 469 471 472 472 474 475 476 627 629 629 630 631 633 634 634 634 636 637 638 638 640 641 642 642 642 644 644 645 647 648 649 650 650 652 653 654 655 655 657 658 658 659 660 661 663 663 664 663 665 666 747 748 748 750 749 751 751 751 753 752 753 753 754 755 755 755 756 757 756 757 758 759 762 764 765 767 769
452 453 454 456 457 458 459 461 461 461 463 464 464 465 465 467 468 469 470 472 473 475 476 478 628 629 630 631 632 633 634 635 635 636 638 638 639 640 641 642 642 642 643 644 646 647 648 650 650 652 652 653 655 655 656 657 658 660 659 662 662 663 664 665 666 665 667 747 748 749 750 750 750 751 752 753 753 753 754 754 756 755 755 757 757 756 757 758 758 760 764 764 766 768
452 453 454 456 457 458 459 460 461 461 463 464 464 465 466 467 469 469 472 473 473 475 476 626 628 628 630 632 632 634 635 635 636 636 637 639 639 640 641 642 643 642 644 645 646 648 648 650 651 652 653 653 654 655 657 659 659 661 661 661 662 663 664 666 666 666 666 667 749 749 751 750 751 751 752 754 753 753 754 755 756 755 756 757 758 756 758 758 758 760 763 764 765 769
452 454 454 456 458 458 459 460 461 461 463 464 465 465 466 468 470 472 472 474 476 475 477 626 628 629 629 631 632 633 635 635 635 637 637 639 639 640 642 642 643 645 644 645 647 648 649 650 651 653 653 654 655 656 658 658 660 661 661 662 662 664 664 666 667 666 667 667 749 750 751 750 751 752 753 753 754 753 755 755 756 757 756 758 758 758 758 759 758 759 763 763 765 768
452 453 454 456 458 458 459 461 461 461 462 463 466 466 467 470 470 472 473 474 476 476 626 628 628 629 630 631 633 634 635 637 636 637 638 639 640 641 642 643 644 645 645 645 647 650 650 651 651 653 655 654 656 657 658 659 660 661 661 662 663 664 665 667 666 666 667 668 669 750 751 751 752 752 753 754 754 754 755 755 756 757 757 757 758 758 759 759 759 759 761 763 764 768
452 453 454 455 457 459 459 461 461 462 464 464 465 466 466 470 471 472 474 475 476 476 627 628 629 629 631 632 633 634 636 637 636 638 639 640 640 641 643 644 644 647 646 647 647 649 650 651 652 653 655 655 656 657 659 659 660 661 662 663 663 665 665 666 667 667 668 668 669 750 751 752 752 753 753 754 755 754 755 755 757 757 757 758 758 759 759 759 759 759 761 762 764 766
452 453 454 455 456 458 460 462 463 462 464 464 465 466 467 468 471 472 474 475 477 478 627 629 630 630 631 632 634 635 636 638 637 638 640 640 641 643 644 646 645 646 647 647 648 649 650 652 652 654 656 655 657 657 658 659 660 662 662 663 664 664 665 666 667 668 668 668 669 670 752 752 752 752 753 754 755 755 755 756 757 758 757 758 759 759 759 759 760 759 760 762 762 766
452 453 454 456 457 459 460 461 463 463 464 465 465 467 467 469 471 472 474 475 476 627 627 629 631 630 632 634 634 636 636 638 639 639 641 642 641 643 643 645 646 646 648 647 648 650 650 652 653 654 656 655 656 657 658 659 661 662 663 663 663 665 665 667 667 668 668 668 670 670 752 753 752 753 753 755 755 755 756 756 758 758 758 760 760 760 760 761 760 761 762 762 764 766
452 455 455 457 457 459 460 461 462 463 464 465 465 467 469 469 472 473 474 476 476 627 628 628 630 630 631 633 634 635 638 638 639 639 640 642 642 643 644 646 646 647 648 648 649 650 651 653 653 654 655 656 657 657 659 659 661 663 663 663 663 665 666 667 668 668 668 669 670 671 672 752 753 753 755 756 756 757 757 758 758 759 759 760 760 760 762 761 761 761 762 762 763 766
452 454 455 457 458 459 460 461 462 463 463 464 467 467 469 470 472 474 474 476 627 627 628 629 630 631 633 634 635 637 638 639 639 640 641 642 642 644 645 646 647 647 649 648 649 651 651 652 653 654 656 656 657 658 659 660 661 662 663 664 664 666 666 667 667 668 670 670 672 672 673 754 754 755 755 756 756 757 758 758 758 759 760 760 760 761 761 761 761 762 762 762 763 765
452 454 455 456 458 459 460 462 462 463 464 464 466 467 469 471 473 474 475 477 627 628 629 631 631 632 633 635 636 637 639 639 640 642 641 643 643 644 646 646 647 649 649 649 649 650 651 652 653 655 656 657 657 658 660 660 661 662 663 665 664 667 668 667 669 669 671 671 672 672 673 674 755 755 755 756 757 758 758 758 758 760 760 760 761 761 761 761 762 762 762 763 763 764
452 454 455 456 457 460 460 462 462 463 465 465 466 468 469 470 471 474 476 477 629 629 631 631 631 633 634 635 637 637 639 640 640 642 643 643 644 644 646 648 647 648 649 649 650 650 651 653 653 655 657 657 658 658 659 660 662 663 665 665 666 666 667 668 669 670 671 671 672 672 674 674 755 755 755 757 757 757 759 758 759 760 760 760 761 761 761 762 762 762 763 763 763 763
