testData/tiles/oneDegreeCosts/grid19.0-4.0-20.0-5.0.asc
ncols   200
nrows   200
xllcorner   19.0
yllcorner   4.0
cellsize   0.005
NODATA_value   -9999.0
[rows 136 to 152 of 200, columns 37 to 73 of 200]
5.600000000000000000e+01 5.600000000000000000e+01 5.600000000000000000e+01 5.600000000000000000e+01 5.600000000000000000e+01 5.600000000000000000e+01 5.800000000000000000e+01 6.200000000000000000e+01 6.600000000000000000e+01 6.900000000000000000e+01 7.200000000000000000e+01 7.400000000000000000e+01 7.600000000000000000e+01 7.600000000000000000e+01 7.600000000000000000e+01 7.400000000000000000e+01 7.200000000000000000e+01 6.900000000000000000e+01 6.600000000000000000e+01 6.200000000000000000e+01 5.800000000000000000e+01 5.600000000000000000e+01 5.600000000000000000e+01 5.600000000000000000e+01 5.600000000000000000e+01 5.600000000000000000e+01 5.600000000000000000e+01 2.100000000000000000e+01 2.100000000000000000e+01 2.100000000000000000e+01 2.100000000000000000e+01 2.100000000000000000e+01 2.100000000000000000e+01 2.100000000000000000e+01 2.100000000000000000e+01 2.100000000000000000e+01 2.100000000000000000e+01
5.600000000000000000e+01 5.600000000000000000e+01 5.600000000000000000e+01 5.600000000000000000e+01 5.600000000000000000e+01 5.800000000000000000e+01 6.300000000000000000e+01 6.800000000000000000e+01 7.200000000000000000e+01 7.600000000000000000e+01 7.900000000000000000e+01 8.100000000000000000e+01 8.200000000000000000e+01 8.300000000000000000e+01 8.200000000000000000e+01 8.100000000000000000e+01 7.900000000000000000e+01 7.600000000000000000e+01 7.200000000000000000e+01 6.800000000000000000e+01 6.300000000000000000e+01 5.800000000000000000e+01 5.600000000000000000e+01 5.600000000000000000e+01 5.600000000000000000e+01 5.600000000000000000e+01 5.600000000000000000e+01 5.600000000000000000e+01 2.100000000000000000e+01 2.100000000000000000e+01 2.100000000000000000e+01 2.100000000000000000e+01 2.100000000000000000e+01 2.100000000000000000e+01 2.100000000000000000e+01 2.100000000000000000e+01 2.100000000000000000e+01
5.600000000000000000e+01 5.600000000000000000e+01 5.600000000000000000e+01 5.600000000000000000e+01 5.600000000000000000e+01 6.200000000000000000e+01 6.800000000000000000e+01 7.300000000000000000e+01 7.700000000000000000e+01 8.100000000000000000e+01 8.500000000000000000e+01 8.800000000000000000e+01 8.900000000000000000e+01 9.000000000000000000e+01 8.900000000000000000e+01 8.800000000000000000e+01 8.500000000000000000e+01 8.100000000000000000e+01 7.700000000000000000e+01 7.300000000000000000e+01 6.800000000000000000e+01 6.200000000000000000e+01 5.600000000000000000e+01 5.600000000000000000e+01 5.600000000000000000e+01 5.600000000000000000e+01 5.600000000000000000e+01 5.600000000000000000e+01 2.100000000000000000e+01 2.100000000000000000e+01 2.100000000000000000e+01 2.100000000000000000e+01 2.100000000000000000e+01 2.100000000000000000e+01 2.100000000000000000e+01 2.100000000000000000e+01 2.100000000000000000e+01
5.600000000000000000e+01 5.600000000000000000e+01 5.600000000000000000e+01 5.600000000000000000e+01 6.000000000000000000e+01 6.600000000000000000e+01 7.200000000000000000e+01 7.700000000000000000e+01 8.200000000000000000e+01 8.700000000000000000e+01 9.100000000000000000e+01 9.400000000000000000e+01 9.600000000000000000e+01 9.700000000000000000e+01 9.600000000000000000e+01 9.400000000000000000e+01 9.100000000000000000e+01 8.700000000000000000e+01 8.200000000000000000e+01 7.700000000000000000e+01 7.200000000000000000e+01 6.600000000000000000e+01 6.000000000000000000e+01 5.600000000000000000e+01 5.600000000000000000e+01 5.600000000000000000e+01 5.600000000000000000e+01 5.600000000000000000e+01 5.600000000000000000e+01 2.100000000000000000e+01 2.100000000000000000e+01 2.100000000000000000e+01 2.100000000000000000e+01 2.100000000000000000e+01 2.100000000000000000e+01 2.100000000000000000e+01 2.100000000000000000e+01
5.600000000000000000e+01 5.600000000000000000e+01 5.600000000000000000e+01 5.700000000000000000e+01 6.300000000000000000e+01 6.900000000000000000e+01 7.600000000000000000e+01 8.100000000000000000e+01 8.700000000000000000e+01 9.200000000000000000e+01 9.700000000000000000e+01 1.000000000000000000e+02 1.030000000000000000e+02 1.040000000000000000e+02 1.030000000000000000e+02 1.000000000000000000e+02 9.700000000000000000e+01 9.200000000000000000e+01 8.700000000000000000e+01 8.100000000000000000e+01 7.600000000000000000e+01 6.900000000000000000e+01 6.300000000000000000e+01 5.700000000000000000e+01 5.600000000000000000e+01 5.600000000000000000e+01 5.600000000000000000e+01 5.600000000000000000e+01 5.600000000000000000e+01 2.100000000000000000e+01 2.100000000000000000e+01 2.100000000000000000e+01 2.100000000000000000e+01 2.100000000000000000e+01 2.100000000000000000e+01 2.100000000000000000e+01 2.100000000000000000e+01
5.600000000000000000e+01 5.600000000000000000e+01 5.600000000000000000e+01 5.900000000000000000e+01 6.600000000000000000e+01 7.200000000000000000e+01 7.900000000000000000e+01 8.500000000000000000e+01 9.100000000000000000e+01 9.700000000000000000e+01 1.020000000000000000e+02 1.060000000000000000e+02 1.100000000000000000e+02 1.110000000000000000e+02 1.100000000000000000e+02 1.060000000000000000e+02 1.020000000000000000e+02 9.700000000000000000e+01 9.100000000000000000e+01 8.500000000000000000e+01 7.900000000000000000e+01 7.200000000000000000e+01 6.600000000000000000e+01 5.900000000000000000e+01 5.600000000000000000e+01 5.600000000000000000e+01 5.600000000000000000e+01 5.600000000000000000e+01 5.600000000000000000e+01 2.100000000000000000e+01 2.100000000000000000e+01 2.100000000000000000e+01 2.100000000000000000e+01 2.100000000000000000e+01 2.100000000000000000e+01 2.100000000000000000e+01 2.100000000000000000e+01
5.600000000000000000e+01 5.600000000000000000e+01 5.600000000000000000e+01 6.100000000000000000e+01 6.800000000000000000e+01 7.400000000000000000e+01 8.100000000000000000e+01 8.800000000000000000e+01 9.400000000000000000e+01 1.000000000000000000e+02 1.060000000000000000e+02 1.120000000000000000e+02 1.160000000000000000e+02 1.180000000000000000e+02 1.160000000000000000e+02 1.120000000000000000e+02 1.060000000000000000e+02 1.000000000000000000e+02 9.400000000000000000e+01 8.800000000000000000e+01 8.100000000000000000e+01 7.400000000000000000e+01 6.800000000000000000e+01 6.100000000000000000e+01 5.600000000000000000e+01 5.600000000000000000e+01 5.600000000000000000e+01 5.600000000000000000e+01 5.600000000000000000e+01 2.100000000000000000e+01 2.100000000000000000e+01 2.100000000000000000e+01 2.100000000000000000e+01 2.100000000000000000e+01 2.100000000000000000e+01 2.100000000000000000e+01 2.100000000000000000e+01
5.600000000000000000e+01 5.600000000000000000e+01 5.600000000000000000e+01 6.200000000000000000e+01 6.900000000000000000e+01 7.600000000000000000e+01 8.200000000000000000e+01 8.900000000000000000e+01 9.600000000000000000e+01 1.030000000000000000e+02 1.100000000000000000e+02 1.160000000000000000e+02 1.220000000000000000e+02 1.250000000000000000e+02 1.220000000000000000e+02 1.160000000000000000e+02 1.100000000000000000e+02 1.030000000000000000e+02 9.600000000000000000e+01 8.900000000000000000e+01 8.200000000000000000e+01 7.600000000000000000e+01 6.900000000000000000e+01 6.200000000000000000e+01 5.600000000000000000e+01 5.600000000000000000e+01 5.600000000000000000e+01 5.600000000000000000e+01 5.600000000000000000e+01 2.100000000000000000e+01 2.100000000000000000e+01 2.100000000000000000e+01 2.100000000000000000e+01 2.100000000000000000e+01 2.100000000000000000e+01 2.100000000000000000e+01 2.100000000000000000e+01
5.600000000000000000e+01 5.600000000000000000e+01 5.600000000000000000e+01 6.200000000000000000e+01 6.900000000000000000e+01 7.600000000000000000e+01 8.300000000000000000e+01 9.000000000000000000e+01 9.700000000000000000e+01 1.040000000000000000e+02 1.110000000000000000e+02 1.180000000000000000e+02 1.250000000000000000e+02 1.320000000000000000e+02 1.250000000000000000e+02 1.180000000000000000e+02 1.110000000000000000e+02 1.040000000000000000e+02 9.700000000000000000e+01 9.000000000000000000e+01 8.300000000000000000e+01 7.600000000000000000e+01 6.900000000000000000e+01 6.200000000000000000e+01 5.600000000000000000e+01 5.600000000000000000e+01 5.600000000000000000e+01 5.600000000000000000e+01 5.600000000000000000e+01 2.100000000000000000e+01 2.100000000000000000e+01 2.100000000000000000e+01 2.100000000000000000e+01 2.100000000000000000e+01 2.100000000000000000e+01 2.100000000000000000e+01 2.100000000000000000e+01
5.600000000000000000e+01 5.600000000000000000e+01 5.600000000000000000e+01 6.200000000000000000e+01 6.900000000000000000e+01 7.600000000000000000e+01 8.200000000000000000e+01 8.900000000000000000e+01 9.600000000000000000e+01 1.030000000000000000e+02 1.100000000000000000e+02 1.160000000000000000e+02 1.220000000000000000e+02 1.250000000000000000e+02 1.220000000000000000e+02 1.160000000000000000e+02 1.100000000000000000e+02 1.030000000000000000e+02 9.600000000000000000e+01 8.900000000000000000e+01 8.200000000000000000e+01 7.600000000000000000e+01 6.900000000000000000e+01 6.200000000000000000e+01 5.600000000000000000e+01 5.600000000000000000e+01 5.600000000000000000e+01 5.600000000000000000e+01 5.600000000000000000e+01 2.100000000000000000e+01 2.100000000000000000e+01 2.100000000000000000e+01 2.100000000000000000e+01 2.100000000000000000e+01 2.100000000000000000e+01 2.100000000000000000e+01 2.100000000000000000e+01
5.600000000000000000e+01 5.600000000000000000e+01 5.600000000000000000e+01 6.100000000000000000e+01 6.800000000000000000e+01 7.400000000000000000e+01 8.100000000000000000e+01 8.800000000000000000e+01 9.400000000000000000e+01 1.000000000000000000e+02 1.060000000000000000e+02 1.120000000000000000e+02 1.160000000000000000e+02 1.180000000000000000e+02 1.160000000000000000e+02 1.120000000000000000e+02 1.060000000000000000e+02 1.000000000000000000e+02 9.400000000000000000e+01 8.800000000000000000e+01 8.100000000000000000e+01 7.400000000000000000e+01 6.800000000000000000e+01 6.100000000000000000e+01 5.600000000000000000e+01 5.600000000000000000e+01 5.600000000000000000e+01 5.600000000000000000e+01 5.600000000000000000e+01 2.100000000000000000e+01 2.100000000000000000e+01 2.100000000000000000e+01 2.100000000000000000e+01 2.100000000000000000e+01 2.100000000000000000e+01 2.100000000000000000e+01 2.100000000000000000e+01
5.600000000000000000e+01 5.600000000000000000e+01 5.600000000000000000e+01 5.900000000000000000e+01 6.600000000000000000e+01 7.200000000000000000e+01 7.900000000000000000e+01 8.500000000000000000e+01 9.100000000000000000e+01 9.700000000000000000e+01 1.020000000000000000e+02 1.060000000000000000e+02 1.100000000000000000e+02 1.110000000000000000e+02 1.100000000000000000e+02 1.060000000000000000e+02 1.020000000000000000e+02 9.700000000000000000e+01 9.100000000000000000e+01 8.500000000000000000e+01 7.900000000000000000e+01 7.200000000000000000e+01 6.600000000000000000e+01 5.900000000000000000e+01 5.600000000000000000e+01 5.600000000000000000e+01 5.600000000000000000e+01 5.600000000000000000e+01 5.600000000000000000e+01 2.100000000000000000e+01 2.100000000000000000e+01 2.100000000000000000e+01 2.100000000000000000e+01 2.100000000000000000e+01 2.100000000000000000e+01 2.100000000000000000e+01 2.100000000000000000e+01
5.600000000000000000e+01 5.600000000000000000e+01 5.600000000000000000e+01 5.700000000000000000e+01 6.300000000000000000e+01 6.900000000000000000e+01 7.600000000000000000e+01 8.100000000000000000e+01 8.700000000000000000e+01 9.200000000000000000e+01 9.700000000000000000e+01 1.000000000000000000e+02 1.030000000000000000e+02 1.040000000000000000e+02 1.030000000000000000e+02 1.000000000000000000e+02 9.700000000000000000e+01 9.200000000000000000e+01 8.700000000000000000e+01 8.100000000000000000e+01 7.600000000000000000e+01 6.900000000000000000e+01 6.300000000000000000e+01 5.700000000000000000e+01 5.600000000000000000e+01 5.600000000000000000e+01 5.600000000000000000e+01 5.600000000000000000e+01 5.600000000000000000e+01 2.100000000000000000e+01 2.100000000000000000e+01 2.100000000000000000e+01 2.100000000000000000e+01 2.100000000000000000e+01 2.100000000000000000e+01 2.100000000000000000e+01 2.100000000000000000e+01
5.600000000000000000e+01 5.600000000000000000e+01 5.600000000000000000e+01 5.600000000000000000e+01 6.000000000000000000e+01 6.600000000000000000e+01 7.200000000000000000e+01 7.700000000000000000e+01 8.200000000000000000e+01 8.700000000000000000e+01 9.100000000000000000e+01 9.400000000000000000e+01 9.600000000000000000e+01 9.700000000000000000e+01 9.600000000000000000e+01 9.400000000000000000e+01 9.100000000000000000e+01 8.700000000000000000e+01 8.200000000000000000e+01 7.700000000000000000e+01 7.200000000000000000e+01 6.600000000000000000e+01 6.000000000000000000e+01 5.600000000000000000e+01 5.600000000000000000e+01 5.600000000000000000e+01 5.600000000000000000e+01 5.600000000000000000e+01 5.600000000000000000e+01 2.100000000000000000e+01 2.100000000000000000e+01 2.100000000000000000e+01 2.100000000000000000e+01 2.100000000000000000e+01 2.100000000000000000e+01 2.100000000000000000e+01 2.100000000000000000e+01
5.600000000000000000e+01 5.600000000000000000e+01 5.600000000000000000e+01 5.600000000000000000e+01 5.600000000000000000e+01 6.200000000000000000e+01 6.800000000000000000e+01 7.300000000000000000e+01 7.700000000000000000e+01 8.100000000000000000e+01 8.500000000000000000e+01 8.800000000000000000e+01 8.900000000000000000e+01 9.000000000000000000e+01 8.900000000000000000e+01 8.800000000000000000e+01 8.500000000000000000e+01 8.100000000000000000e+01 7.700000000000000000e+01 7.300000000000000000e+01 6.800000000000000000e+01 6.200000000000000000e+01 5.600000000000000000e+01 5.600000000000000000e+01 5.600000000000000000e+01 5.600000000000000000e+01 5.600000000000000000e+01 5.600000000000000000e+01 2.100000000000000000e+01 2.100000000000000000e+01 2.100000000000000000e+01 2.100000000000000000e+01 2.100000000000000000e+01 2.100000000000000000e+01 2.100000000000000000e+01 2.100000000000000000e+01 2.100000000000000000e+01
5.600000000000000000e+01 5.600000000000000000e+01 5.600000000000000000e+01 5.600000000000000000e+01 5.600000000000000000e+01 5.800000000000000000e+01 6.300000000000000000e+01 6.800000000000000000e+01 7.200000000000000000e+01 7.600000000000000000e+01 7.900000000000000000e+01 8.100000000000000000e+01 8.200000000000000000e+01 8.300000000000000000e+01 8.200000000000000000e+01 8.100000000000000000e+01 7.900000000000000000e+01 7.600000000000000000e+01 7.200000000000000000e+01 6.800000000000000000e+01 6.300000000000000000e+01 5.800000000000000000e+01 5.600000000000000000e+01 5.600000000000000000e+01 5.600000000000000000e+01 5.600000000000000000e+01 5.600000000000000000e+01 5.600000000000000000e+01 2.100000000000000000e+01 2.100000000000000000e+01 2.100000000000000000e+01 2.100000000000000000e+01 2.100000000000000000e+01 2.100000000000000000e+01 2.100000000000000000e+01 2.100000000000000000e+01 2.100000000000000000e+01
5.600000000000000000e+01 5.600000000000000000e+01 5.600000000000000000e+01 5.600000000000000000e+01 5.600000000000000000e+01 5.600000000000000000e+01 5.800000000000000000e+01 6.200000000000000000e+01 6.600000000000000000e+01 6.900000000000000000e+01 7.200000000000000000e+01 7.400000000000000000e+01 7.600000000000000000e+01 7.600000000000000000e+01 7.600000000000000000e+01 7.400000000000000000e+01 7.200000000000000000e+01 6.900000000000000000e+01 6.600000000000000000e+01 6.200000000000000000e+01 5.800000000000000000e+01 5.600000000000000000e+01 5.600000000000000000e+01 5.600000000000000000e+01 5.600000000000000000e+01 5.600000000000000000e+01 5.600000000000000000e+01 2.100000000000000000e+01 2.100000000000000000e+01 2.100000000000000000e+01 2.100000000000000000e+01 2.100000000000000000e+01 2.100000000000000000e+01 2.100000000000000000e+01 2.100000000000000000e+01 2.100000000000000000e+01 2.100000000000000000e+01
