testData/tiles/oneDegreeCosts/grid42.0-21.0-43.0-22.0.asc
ncols   200
nrows   200
xllcorner   42.0
yllcorner   21.0
cellsize   0.005
NODATA_value   -9999.0
[rows 84 to 125 of 200, columns 0 to 93 of 200]
617 617 617 617 617 617 617 617 617 617 618 618 618 618 618 618 618 618 618 618 618 618 618 618 618 618 618 618 619 725 725 725 725 725 725 725 725 725 725 725 725 725 725 725 512 512 512 512 512 512 512 512 512 512 512 442 442 435 435 435 435 435 435 435 435 436 436 436 436 436 436 436 436 436 436 436 436 436 436 436 436 436 436 436 436 436 436 436 436 436 436 436 435 435
617 617 617 617 617 617 617 617 617 617 617 617 617 618 618 618 618 618 618 618 618 618 618 618 618 618 618 618 618 724 724 724 724 725 725 725 725 725 725 725 725 725 725 725 725 512 512 512 512 512 512 512 512 512 442 435 435 435 435 435 435 435 435 435 435 435 435 435 435 435 435 435 435 435 435 435 435 435 435 435 435 435 435 435 435 435 435 435 435 435 435 435 435 435
616 616 617 617 617 617 617 617 617 617 617 617 617 617 617 617 617 618 618 618 618 618 618 618 618 618 618 618 724 724 724 724 724 724 724 724 724 724 724 724 725 725 725 725 725 512 512 512 512 512 512 512 512 512 435 435 435 435 435 435 435 435 435 435 435 435 435 435 435 435 435 435 435 435 435 435 435 435 435 435 435 435 435 435 435 435 435 435 435 435 435 435 435 435
616 616 616 616 616 616 617 617 617 617 617 617 617 617 617 617 617 617 617 617 617 617 618 618 618 618 618 618 724 724 724 724 724 724 724 724 724 724 724 724 724 724 724 724 724 511 511 512 512 512 512 512 512 435 435 435 435 435 435 435 435 435 435 435 435 435 435 435 435 435 435 435 435 435 435 435 435 435 435 435 435 435 435 435 435 435 435 435 435 435 435 435 435 435
616 616 616 616 616 616 616 616 616 617 617 617 617 617 617 617 617 617 617 617 617 617 617 617 617 617 617 618 724 724 724 724 724 724 724 724 724 724 724 724 724 724 724 724 724 511 511 511 511 511 511 504 504 434 434 434 434 434 435 435 435 435 435 435 435 435 435 435 435 435 435 435 435 435 435 435 435 435 435 435 435 435 435 435 435 435 435 435 435 435 435 435 435 435
616 616 616 616 616 616 616 616 616 616 616 616 616 616 617 617 617 617 617 617 617 617 617 617 617 617 617 723 723 723 723 723 723 724 724 724 724 724 724 724 724 724 724 724 724 724 511 511 511 511 504 504 434 434 434 434 434 434 434 434 434 434 434 434 434 434 434 434 434 434 434 434 434 434 434 434 434 434 434 434 434 434 434 434 434 434 434 434 434 434 434 434 434 434
615 615 615 615 616 616 616 616 616 616 616 616 616 616 616 616 616 616 616 617 617 617 617 617 617 617 617 723 723 723 723 723 723 723 723 723 723 723 723 723 723 724 724 724 724 724 511 511 504 504 504 504 434 434 434 434 434 434 434 434 434 434 434 434 434 434 434 434 434 434 434 434 434 434 434 434 434 434 434 434 434 434 434 434 434 434 434 434 434 434 434 434 434 434
615 615 615 615 615 615 615 615 616 616 616 616 616 616 616 616 616 616 616 616 616 616 616 616 617 617 723 723 723 723 723 723 723 723 723 723 723 723 723 723 723 723 723 723 723 723 510 503 503 503 504 434 434 434 434 434 434 434 434 434 434 434 434 434 434 434 434 434 434 434 434 434 434 434 434 434 434 434 434 434 434 434 434 434 434 434 434 434 434 434 434 434 434 434
615 615 615 615 615 615 615 615 615 615 615 615 615 616 616 616 616 616 616 616 616 616 616 616 616 616 722 722 722 722 722 723 723 723 723 723 723 723 723 723 723 723 723 723 723 716 503 503 503 503 503 433 433 433 433 433 433 433 433 433 433 433 433 433 433 433 434 434 434 434 434 434 434 434 434 434 434 434 434 434 434 434 434 434 434 434 434 434 434 434 434 433 433 433
614 614 614 614 615 615 615 615 615 615 615 615 615 615 615 615 615 615 616 616 616 616 616 616 616 616 722 722 722 722 722 722 722 722 722 722 722 722 722 723 723 723 723 716 716 716 716 503 503 503 433 433 433 433 433 433 433 433 433 433 433 433 433 433 433 433 433 433 433 433 433 433 433 433 433 433 433 433 433 433 433 433 433 433 433 433 433 433 433 433 433 433 433 433
614 614 614 614 614 614 614 614 614 615 615 615 615 615 615 615 615 615 615 615 615 615 615 615 615 722 722 722 722 722 722 722 722 722 722 722 722 722 722 722 722 722 715 715 715 715 715 502 502 503 433 433 433 433 433 433 433 433 433 433 433 433 433 433 433 433 433 433 433 433 433 433 433 433 433 433 433 433 433 433 433 433 433 433 433 433 433 433 433 433 433 433 433 433
613 613 614 614 614 614 614 614 614 614 614 614 614 614 614 615 615 615 615 615 615 615 615 615 615 721 721 721 721 721 721 721 722 722 722 722 722 722 722 722 715 715 715 715 715 715 715 502 502 432 432 432 432 432 432 432 432 432 432 432 432 432 432 432 432 432 433 433 433 433 433 433 433 433 433 433 433 433 433 433 433 433 433 433 433 433 433 433 433 433 433 432 432 432
613 613 613 613 613 613 613 614 614 614 614 614 614 614 614 614 614 614 614 614 614 615 615 615 721 721 721 721 721 721 721 721 721 721 721 721 721 721 714 714 714 715 715 715 715 715 715 502 502 432 432 432 432 432 432 432 432 432 432 432 432 432 432 432 432 432 432 432 432 432 432 432 432 432 432 432 432 432 432 432 432 432 432 432 432 432 432 432 432 432 432 432 432 432
612 613 613 613 613 613 613 613 613 613 613 613 614 614 614 614 614 614 614 614 614 614 614 614 720 720 720 720 721 721 721 721 721 721 721 714 714 714 714 714 714 714 714 714 714 714 714 714 431 431 431 431 431 432 432 432 432 432 432 432 432 432 432 432 432 432 432 432 432 432 432 432 432 432 432 432 432 432 432 432 432 432 432 432 432 432 432 432 432 432 432 432 432 432
612 612 612 612 612 612 613 613 613 613 613 613 613 613 613 613 613 613 613 614 614 614 614 614 720 720 720 720 720 720 720 720 720 713 713 713 713 714 714 714 714 714 714 714 714 714 714 714 431 431 431 431 431 431 431 431 431 431 431 431 431 431 431 431 431 431 431 431 431 431 431 431 431 431 431 431 431 431 431 431 431 431 431 431 431 431 431 431 431 431 431 431 431 431
611 612 612 612 612 612 612 612 612 612 612 612 613 613 613 613 613 613 613 613 613 613 613 719 719 719 720 720 720 720 720 713 713 713 713 713 713 713 713 713 713 713 713 713 713 713 713 643 431 431 431 431 431 431 431 431 431 431 431 431 431 431 431 431 431 431 431 431 431 431 431 431 431 431 431 431 431 431 431 431 431 431 431 431 431 431 431 431 431 431 431 431 431 431
611 611 611 611 611 611 612 612 612 612 612 612 612 612 612 612 612 612 612 613 613 613 613 719 719 719 719 719 712 712 712 712 712 712 712 713 713 713 713 713 713 713 713 713 713 713 713 643 430 430 430 430 430 430 430 430 430 430 430 430 430 430 430 430 430 430 430 430 430 430 431 431 431 431 431 431 431 431 431 431 431 431 431 431 431 431 431 430 430 430 430 430 430 430
610 610 611 611 611 611 611 611 611 611 611 611 611 612 612 612 612 612 612 612 612 612 612 718 718 711 712 712 712 712 712 712 712 712 712 712 712 712 712 712 712 712 712 712 712 712 642 643 430 430 430 430 430 430 430 430 430 430 430 430 430 430 430 430 430 430 430 430 430 430 430 430 430 430 430 430 430 430 430 430 430 430 430 430 430 430 430 430 430 430 430 430 430 430
610 610 610 610 610 610 610 610 611 611 611 611 611 611 611 611 611 611 611 611 612 612 711 711 711 711 711 711 711 711 711 711 711 711 711 711 712 712 712 712 712 712 712 712 712 712 642 642 642 429 429 429 429 429 429 429 429 429 429 429 429 429 429 429 429 429 429 429 430 430 430 430 430 430 430 430 430 430 430 430 430 430 430 430 430 430 430 430 430 429 429 429 429 429
609 609 609 609 609 610 610 610 610 610 610 610 610 610 610 611 611 611 604 604 604 604 710 710 710 710 710 710 711 711 711 711 711 711 711 711 711 711 711 711 711 711 711 711 711 641 641 641 642 429 429 429 429 429 429 429 429 429 429 429 429 429 429 429 429 429 429 429 429 429 429 429 429 429 429 429 429 429 429 429 429 429 429 429 429 429 429 429 429 429 429 429 429 429
608 608 608 609 609 609 609 609 609 609 609 609 610 610 603 603 603 603 603 603 603 603 709 710 710 710 710 710 710 710 710 710 710 710 710 710 710 710 710 711 711 711 711 711 641 641 641 641 641 428 428 428 428 428 428 428 428 428 428 428 428 428 428 428 428 428 428 428 428 428 428 428 428 428 428 428 428 428 428 428 428 428 428 428 428 428 428 428 428 428 428 428 428 428
607 608 608 608 608 608 608 608 601 602 602 602 602 602 602 602 602 602 602 603 603 709 709 709 709 709 709 709 709 709 709 709 709 710 710 710 710 710 710 710 710 710 710 710 640 640 640 640 640 427 427 427 427 427 428 428 428 428 428 428 428 428 428 428 428 428 428 428 428 428 428 428 428 428 428 428 428 428 428 428 428 428 428 428 428 428 428 428 428 428 428 428 428 428
599 600 600 600 600 600 600 600 601 601 601 601 601 601 601 601 601 602 602 602 602 708 708 708 708 708 708 708 709 709 709 709 709 709 709 709 709 709 709 709 709 709 709 639 639 640 640 640 640 427 427 427 427 427 427 427 427 427 427 427 427 427 427 427 427 427 427 427 427 427 427 427 427 427 427 427 427 427 427 427 427 427 427 427 427 427 427 427 427 427 427 427 427 313
598 599 599 599 599 599 599 600 600 600 600 600 600 600 600 601 601 601 601 601 601 707 707 707 707 707 708 708 708 708 708 708 708 708 708 708 708 708 708 708 709 709 709 639 639 639 639 639 639 639 426 426 426 426 426 426 426 426 426 426 426 426 426 426 426 426 426 426 426 427 427 427 427 427 427 427 427 427 427 427 427 427 427 427 427 427 427 427 426 426 426 313 313 313
597 597 598 598 598 598 598 598 599 599 599 599 599 599 599 600 600 600 600 600 706 706 706 706 707 707 707 707 707 707 707 707 707 707 707 707 707 708 708 708 708 708 638 638 638 638 638 638 638 638 425 425 425 425 425 425 425 426 426 426 426 426 426 426 426 426 426 426 426 426 426 426 426 426 426 426 426 426 426 426 426 426 426 426 426 426 426 426 426 313 313 313 313 313
596 596 596 596 597 597 597 597 597 598 598 598 598 598 598 598 599 599 599 599 705 705 705 705 706 706 706 706 706 706 706 706 706 706 706 707 707 707 707 707 707 707 637 637 637 637 637 637 637 637 424 424 424 425 425 425 425 425 425 425 425 425 425 425 425 425 425 425 425 425 425 425 425 425 425 425 425 425 425 425 425 425 425 425 425 425 425 425 313 313 313 313 313 313
594 594 594 595 595 595 595 596 596 596 596 597 597 597 597 597 597 598 598 598 704 704 704 704 704 705 705 705 705 705 705 705 705 705 705 706 706 706 706 706 706 636 636 636 636 636 636 636 636 636 423 424 424 424 424 424 424 424 424 424 424 424 424 424 424 424 424 424 424 424 424 424 424 424 424 424 424 424 424 424 424 424 424 424 424 424 313 313 313 313 313 313 313 313
590 592 592 592 592 593 593 594 594 594 595 595 595 595 595 596 596 596 596 702 703 703 703 703 703 703 703 704 704 704 704 704 704 704 704 704 704 705 705 705 705 635 635 635 635 635 635 635 635 635 423 423 423 423 423 423 423 423 423 423 423 423 423 423 423 423 423 423 423 423 423 423 423 423 423 423 423 423 423 423 423 423 423 423 423 313 313 313 313 313 313 313 313 313
590 590 590 590 590 590 590 590 590 592 592 592 592 593 593 593 594 594 594 701 701 701 701 701 702 702 702 702 702 702 702 703 703 703 703 703 703 703 703 703 634 634 634 634 634 634 634 634 634 634 634 421 421 421 422 422 422 422 422 422 422 422 422 422 422 422 422 422 422 422 422 422 422 422 422 422 422 422 422 422 422 422 422 313 313 313 313 313 313 313 313 313 313 313
590 590 590 590 590 590 590 590 590 590 590 590 590 590 590 590 590 590 592 698 698 698 699 699 699 699 700 700 700 700 701 701 701 701 701 701 702 702 702 702 632 632 632 632 632 633 633 633 633 633 633 420 420 420 420 420 420 420 420 420 420 421 421 421 421 421 421 421 421 421 421 421 421 421 421 421 421 421 421 421 421 313 313 313 313 313 313 313 313 313 313 313 313 313
590 590 590 590 590 590 590 590 590 590 590 590 590 590 590 590 590 590 696 696 696 696 696 696 696 696 696 696 696 698 698 698 698 698 699 699 699 699 700 630 630 630 630 630 630 631 631 631 631 631 631 418 418 418 419 419 419 419 419 419 419 419 419 419 419 419 419 419 419 419 419 419 419 419 419 419 419 419 419 419 313 313 313 313 313 313 313 313 313 313 313 313 313 313
590 590 590 590 590 590 590 590 590 590 590 590 590 590 590 590 590 590 696 696 696 696 696 696 696 696 696 696 696 696 696 696 696 696 696 696 696 696 626 626 626 626 626 628 628 628 628 628 628 628 628 416 416 416 416 416 416 416 417 417 417 417 417 417 417 417 417 417 417 417 417 417 417 417 417 417 417 417 313 313 313 313 313 313 313 313 313 313 313 313 313 313 313 313
590 590 590 590 590 590 590 590 590 590 590 590 590 590 590 590 590 590 696 696 696 696 696 696 696 696 696 696 696 696 696 696 696 696 696 696 696 696 626 626 626 626 626 626 626 626 626 626 626 626 626 413 413 413 413 413 413 413 413 413 413 413 413 413 413 413 413 413 413 413 413 413 413 413 413 413 313 313 313 313 313 313 313 313 313 313 313 313 313 313 313 313 313 313
590 590 590 590 590 590 590 590 590 590 590 590 590 590 590 590 590 696 696 696 696 696 696 696 696 696 696 696 696 696 696 696 696 696 696 696 696 626 626 626 626 626 626 626 626 626 626 626 626 626 626 413 413 413 413 413 413 413 413 413 413 413 413 413 413 413 413 413 413 413 413 413 413 413 313 313 313 313 313 313 313 313 313 313 313 313 313 313 313 313 313 313 313 313
590 590 590 590 590 590 590 590 590 590 590 590 590 590 590 590 590 696 696 696 696 696 696 696 696 696 696 696 696 696 696 696 696 696 696 696 696 626 626 626 626 626 626 626 626 626 626 626 626 626 626 626 413 413 413 413 413 413 413 413 413 413 413 413 413 413 413 413 413 413 413 413 413 313 313 313 313 313 313 313 313 313 313 313 313 313 313 313 313 313 313 313 313 313
590 590 590 590 590 590 590 590 590 590 590 590 590 590 590 590 590 696 696 696 696 696 696 696 696 696 696 696 696 696 696 696 696 696 696 696 626 626 626 626 626 626 626 626 626 626 626 626 626 626 626 626 413 413 413 413 413 413 413 413 413 413 413 413 413 413 413 413 413 413 413 313 313 313 313 313 313 313 313 313 313 313 313 313 313 313 313 313 313 313 313 313 313 313
590 590 590 590 590 590 590 590 590 590 590 590 590 590 590 590 590 696 696 696 696 696 696 696 696 696 696 696 696 696 696 696 696 696 696 626 626 626 626 626 626 626 626 626 626 626 626 626 626 626 626 626 413 413 413 413 413 413 413 413 413 413 413 413 413 413 413 413 413 313 313 313 313 313 313 313 313 313 313 313 313 313 313 313 313 313 313 313 313 313 313 313 313 313
590 590 590 590 590 590 590 590 590 590 590 590 590 590 590 590 696 696 696 696 696 696 696 696 696 696 696 696 696 696 696 696 696 696 696 626 626 626 626 626 626 626 626 626 626 626 626 626 626 626 626 626 413 413 413 413 413 413 413 413 413 413 413 413 413 413 413 313 313 313 313 313 313 313 313 313 313 313 313 313 313 313 313 313 313 313 313 313 313 313 313 313 313 313
590 590 590 590 590 590 590 590 590 590 590 590 590 590 590 590 696 696 696 696 696 696 696 696 696 696 696 696 696 696 696 696 696 696 626 626 626 626 626 626 626 626 626 626 626 626 626 626 626 626 626 626 413 413 413 413 413 413 413 413 413 413 413 413 413 313 313 313 313 313 313 313 313 313 313 313 313 313 313 313 313 313 313 313 313 313 313 313 313 313 313 313 313 313
590 590 590 590 590 590 590 590 590 590 590 590 590 590 590 590 696 696 696 696 696 696 696 696 696 696 696 696 696 696 696 696 696 696 626 626 626 626 626 626 626 626 626 626 626 626 626 626 626 626 626 626 413 413 413 413 413 413 413 413 413 413 413 313 313 313 313 313 313 313 313 313 313 313 313 313 313 313 313 313 313 313 313 313 313 313 313 313 313 313 313 313 313 313
590 590 590 590 590 590 590 590 590 590 590 590 590 590 590 696 696 696 696 696 696 696 696 696 696 696 696 696 696 696 696 696 696 626 626 626 626 626 626 626 626 626 626 626 626 626 626 626 626 626 626 626 413 413 413 413 413 413 413 413 413 313 313 313 313 313 313 313 313 313 313 313 313 313 313 313 313 313 313 313 313 313 313 313 313 313 313 313 313 313 313 313 313 313
590 590 590 590 590 590 590 590 590 590 590 590 590 590 590 696 696 696 696 696 696 696 696 696 696 696 696 696 696 696 696 696 626 626 626 626 626 626 626 626 626 626 626 626 626 626 626 626 626 626 626 626 626 413 413 413 413 413 413 313 313 313 313 313 313 313 313 313 313 313 313 313 313 313 313 313 313 313 313 313 313 313 313 313 313 313 313 313 313 313 313 313 313 313
