testData/tiles/oneDegreeCosts/grid24.0-28.0-25.0-29.0.asc
ncols   200
nrows   200
xllcorner   24.0
yllcorner   28.0
cellsize   0.005
NODATA_value   -9999.0
[rows 84 to 125 of 200, columns 0 to 93 of 200]
603 604 604 605 606 606 606 606 606 607 607 607 608 608 607 608 608 609 609 609 609 609 609 610 609 608 609 609 609 610 609 609 610 610 610 610 610 610 610 611 611 611 612 612 612 613 613 613 613 614 614 614 615 615 615 615 615 615 615 615 616 616 616 617 617 617 617 618 618 618 618 618 618 618 618 618 619 619 619 619 620 620 620 620 620 840 840 840 840 841 841 841 841 841
603 604 604 604 604 604 605 605 605 606 606 606 606 606 607 607 607 607 607 607 608 608 608 608 608 608 609 609 609 609 609 609 610 609 609 610 610 610 611 611 611 612 612 612 612 613 613 613 613 613 613 613 614 614 614 615 615 615 615 616 616 616 616 617 617 617 617 617 617 617 617 618 618 618 618 619 619 619 839 839 839 839 839 839 840 840 840 840 840 841 840 840 840 841
602 603 603 604 604 604 605 604 605 605 605 606 606 606 606 606 607 607 607 608 608 607 608 608 608 609 608 608 609 609 609 609 609 609 610 610 610 610 611 610 610 611 611 611 612 612 612 612 613 613 613 614 614 614 614 615 615 615 615 616 616 615 616 616 616 616 617 617 617 617 618 618 618 838 838 838 838 838 838 839 839 839 839 840 840 840 840 840 840 840 840 840 840 841
602 602 603 604 603 604 604 604 605 605 605 605 605 606 606 606 607 607 606 607 607 607 608 608 607 607 607 607 608 607 607 608 608 608 609 609 609 610 610 610 611 611 611 611 612 612 612 613 613 613 613 614 614 614 615 614 614 614 615 615 615 615 616 616 616 616 617 837 837 837 838 837 837 837 838 838 838 838 839 839 839 839 839 839 839 839 839 840 840 840 840 840 841 840
601 601 602 602 602 603 603 604 603 603 604 604 604 605 605 605 605 605 606 606 606 606 606 606 607 607 607 607 607 607 608 608 608 609 609 609 609 610 610 610 611 611 611 612 612 612 612 613 612 612 613 613 613 613 614 614 614 615 615 615 615 616 836 836 836 837 836 836 836 837 837 837 837 838 838 838 838 838 839 838 838 838 839 839 839 839 839 840 840 840 839 840 840 840
601 601 602 602 603 602 602 603 603 603 604 604 604 604 604 605 605 605 606 605 605 606 606 606 607 606 606 607 607 607 608 608 608 609 609 609 610 610 610 610 610 610 610 611 611 611 612 612 612 612 613 613 613 614 614 614 614 835 835 835 834 835 835 835 835 836 836 836 836 837 837 837 837 838 838 837 837 838 838 838 838 839 839 839 839 839 839 839 839 839 839 840 840 840
600 600 600 601 602 602 602 603 603 603 603 603 604 604 604 605 604 604 605 605 605 606 605 606 605 605 606 606 606 607 607 607 607 608 608 608 609 609 609 610 610 610 611 611 611 611 612 612 612 613 613 613 613 834 833 833 834 834 834 834 835 835 835 835 836 836 836 836 837 837 836 836 837 837 837 837 837 838 838 838 838 839 839 838 838 839 839 839 839 839 840 840 840 839
599 600 600 600 601 601 601 601 601 602 602 602 603 602 603 603 603 604 604 604 604 604 604 605 605 605 606 606 606 607 607 607 608 608 608 609 609 609 609 610 610 610 611 611 611 612 612 612 831 832 832 832 833 833 833 833 834 834 834 834 835 835 835 835 836 835 835 835 836 836 836 836 837 837 837 837 838 838 838 837 838 838 838 838 838 839 839 839 839 839 839 839 839 839
599 600 599 600 600 600 601 601 601 602 601 602 602 602 603 603 603 603 603 603 604 604 604 605 605 605 606 606 606 607 607 607 608 608 608 609 609 609 609 609 609 610 610 610 830 831 831 831 832 832 832 832 833 833 833 834 834 834 834 835 834 834 834 835 835 835 835 836 836 836 836 837 837 837 836 837 837 837 837 837 838 838 838 838 839 839 838 838 838 839 839 839 839 839
598 598 598 599 599 599 600 599 601 601 601 602 602 602 602 602 603 603 603 603 603 603 604 604 604 605 605 605 606 606 606 607 607 607 608 608 608 608 609 609 829 830 830 830 831 831 831 831 832 832 832 833 833 832 832 833 833 833 833 834 834 834 834 835 835 835 835 836 836 836 836 836 836 836 836 837 837 837 837 838 838 838 837 837 838 838 838 838 839 839 839 839 838 839
598 598 598 598 598 599 599 599 600 600 600 600 600 601 601 601 602 602 602 603 603 603 604 604 604 605 605 605 606 606 606 607 607 607 608 608 828 829 829 829 829 830 830 830 831 831 830 831 831 831 831 832 832 832 833 833 833 833 834 834 834 834 835 835 834 834 835 835 835 835 836 836 836 836 837 837 837 837 837 837 837 837 837 838 838 838 838 838 839 838 838 838 838 839
597 597 598 598 598 599 599 600 599 599 600 600 600 601 601 601 602 602 603 603 603 604 604 604 605 605 605 606 606 606 607 607 607 827 828 827 827 828 828 828 829 829 829 830 830 830 830 831 831 831 832 832 832 832 833 833 833 833 834 833 833 833 834 834 834 835 835 835 835 835 836 836 836 836 836 836 836 836 837 837 837 837 837 838 838 837 837 838 838 838 838 838 839 839
596 596 597 597 597 597 597 598 598 598 599 599 600 600 600 601 601 601 602 602 602 603 603 603 604 604 604 605 605 825 826 826 826 827 827 827 828 828 828 828 829 829 829 830 830 830 831 831 831 831 832 832 831 831 832 832 832 833 833 833 833 834 834 834 834 835 835 835 834 835 835 835 835 836 836 836 836 836 837 837 837 837 837 837 837 837 837 838 838 838 838 839 838 838
595 595 596 596 597 597 597 598 598 599 599 599 600 600 600 601 601 601 602 602 602 603 603 603 604 604 824 825 825 825 826 826 826 827 827 827 828 828 828 829 829 829 829 830 829 829 830 830 830 831 831 831 831 832 832 832 832 833 833 833 833 834 834 833 834 834 834 834 834 835 835 835 835 836 836 836 836 836 836 836 836 837 837 837 837 837 838 838 837 837 837 838 838 838
595 596 596 596 597 597 598 598 598 599 599 599 600 600 600 601 601 602 602 602 603 603 823 824 824 824 825 825 825 826 826 826 826 826 826 827 827 827 827 828 828 828 829 829 829 829 830 830 830 831 831 831 831 832 832 832 833 832 832 832 833 833 833 833 834 834 834 834 835 835 835 835 835 835 835 835 836 836 836 836 836 837 837 837 836 837 837 837 837 837 838 838 838 838
594 595 595 596 596 596 597 597 597 598 598 599 599 599 600 600 600 601 601 821 822 822 822 823 823 823 824 824 824 825 825 825 826 826 826 827 827 827 828 828 828 828 829 829 829 830 830 830 830 831 830 830 831 831 831 831 832 832 832 832 833 833 833 833 834 834 834 834 834 834 834 834 835 835 835 835 836 836 836 836 836 836 836 836 836 837 837 837 837 837 837 837 837 837
595 595 595 596 596 596 597 597 598 598 598 599 599 599 600 600 820 821 821 822 822 822 823 823 823 824 824 824 825 825 825 826 826 826 826 827 827 827 828 828 828 828 828 828 828 829 829 829 830 830 830 830 831 831 831 832 832 832 832 833 833 832 832 833 833 833 833 834 834 834 834 835 835 835 835 835 835 835 835 835 836 836 836 836 837 837 837 836 836 837 837 837 837 837
594 595 595 596 596 597 597 597 598 598 598 599 599 820 820 820 821 821 821 822 822 822 823 823 823 824 823 823 824 824 824 825 825 825 826 826 826 826 827 827 827 828 828 828 829 829 829 829 830 830 830 831 831 831 831 831 831 831 831 832 832 832 832 833 833 833 833 834 834 834 834 834 834 834 834 835 835 835 835 836 836 836 835 835 836 836 836 836 836 837 837 837 837 837
594 594 595 595 595 596 596 596 597 597 818 818 818 819 819 819 820 820 820 821 821 821 822 822 822 823 823 823 824 824 824 825 825 825 826 826 826 827 827 827 828 828 828 828 829 829 829 829 829 829 829 830 830 830 831 831 831 831 832 832 832 832 833 833 833 832 833 833 833 833 834 834 834 834 835 835 835 835 835 835 835 835 835 836 836 836 836 836 837 836 836 836 836 837
594 594 595 595 595 596 596 817 817 817 818 818 818 819 819 820 820 820 821 821 821 822 822 822 823 823 823 824 824 824 825 825 825 826 826 826 826 826 826 826 827 827 827 828 828 828 828 829 829 829 830 830 830 830 831 831 831 831 832 831 831 831 832 832 832 832 833 833 833 833 834 834 834 834 834 834 834 834 835 835 835 835 835 836 836 835 835 836 836 836 836 836 837 837
593 593 594 594 815 815 815 816 816 816 817 817 818 818 818 819 819 819 820 820 820 821 821 821 822 822 822 823 823 823 824 824 824 825 825 825 826 826 826 826 827 827 827 828 828 828 829 829 829 829 830 830 829 829 830 830 830 831 831 831 831 832 832 832 832 833 833 833 832 833 833 833 833 834 834 834 834 834 835 835 835 834 835 835 835 835 835 836 836 836 836 836 836 836
593 814 814 814 815 815 815 816 816 817 817 817 818 818 818 819 819 819 820 820 821 821 821 822 822 822 823 823 823 823 824 824 824 825 825 825 826 826 826 827 827 827 827 827 827 827 828 828 828 828 829 829 829 830 830 830 830 831 831 831 831 832 831 831 831 832 832 832 832 833 833 833 833 834 834 834 833 834 834 834 834 834 835 835 835 835 836 835 835 835 835 836 836 836
813 814 814 814 815 815 816 816 816 817 817 817 818 818 819 819 819 820 820 820 821 821 821 822 822 822 823 823 823 823 823 823 824 824 824 824 825 825 825 826 826 826 827 827 827 827 828 828 828 829 829 829 829 830 830 830 830 830 830 830 831 831 831 831 832 832 832 832 833 833 833 832 833 833 833 833 833 834 834 834 834 835 835 834 834 834 835 835 835 835 835 836 836 835
812 813 813 814 814 814 815 815 815 816 816 817 817 817 818 818 818 819 819 819 820 820 820 821 821 821 822 822 822 823 823 823 824 824 824 825 825 825 826 826 826 826 827 827 827 828 828 828 828 828 828 828 829 829 829 829 830 830 830 830 831 831 831 831 832 831 831 831 832 832 832 832 833 833 833 833 834 834 833 833 833 834 834 834 834 835 835 835 835 834 835 835 835 835
813 813 813 814 814 814 815 815 816 816 816 817 817 817 818 818 818 819 819 820 820 820 821 821 821 822 822 822 823 823 823 823 824 824 824 825 825 824 825 825 825 826 826 826 826 827 827 827 828 828 828 828 829 829 829 829 830 830 830 830 830 830 830 831 831 831 831 832 832 832 832 833 833 832 832 832 833 833 833 833 834 834 834 834 834 834 834 834 834 834 835 835 835 835
812 812 812 813 813 814 814 814 815 815 815 816 816 817 817 817 818 818 818 819 819 819 820 820 820 821 821 821 822 822 822 823 823 823 824 824 824 824 825 825 825 826 826 826 827 827 827 827 828 828 828 829 828 828 828 829 829 829 829 830 830 830 830 831 831 831 831 832 831 831 831 832 832 832 832 833 833 833 833 833 833 833 833 833 834 834 834 834 834 835 835 834 834 834
812 812 813 813 813 814 814 814 815 815 816 816 816 817 817 817 818 818 818 819 819 819 820 820 820 821 821 821 822 822 822 823 823 823 824 824 824 825 825 825 825 826 825 825 826 826 826 827 827 827 827 828 828 828 828 829 829 829 829 830 830 830 830 830 830 830 831 831 831 831 831 832 832 832 832 833 832 832 832 833 833 833 833 833 834 834 834 833 834 834 834 834 834 835
812 812 813 813 813 814 814 815 815 815 816 816 816 817 817 818 818 818 819 819 819 820 820 820 821 821 821 822 821 821 822 822 822 822 823 823 823 824 824 824 825 825 825 825 826 826 826 827 827 827 827 828 828 828 829 828 828 828 829 829 829 829 830 830 830 830 831 831 831 831 831 831 831 831 832 832 832 832 832 833 833 833 832 833 833 833 833 833 834 834 834 834 834 834
811 811 812 812 813 813 813 814 814 814 815 815 816 816 816 817 817 817 818 818 818 819 819 819 820 820 820 821 821 821 822 822 822 823 823 823 824 824 824 824 825 825 825 826 826 826 826 826 826 826 827 827 827 827 828 828 828 828 829 829 829 829 830 830 830 830 830 830 830 830 831 831 831 831 832 832 832 832 832 832 832 832 832 833 833 833 833 834 833 833 833 833 834 834
811 812 812 812 813 813 813 814 814 815 815 815 816 816 816 817 817 817 818 818 818 819 819 819 820 820 820 821 821 821 822 822 822 823 823 822 823 823 823 824 824 824 824 825 825 825 826 826 826 826 827 827 827 828 828 828 828 829 828 828 828 829 829 829 829 830 830 830 830 831 831 831 830 831 831 831 831 831 832 832 832 832 833 833 832 832 832 833 833 833 833 833 834 834
810 811 811 811 812 812 813 813 813 814 814 814 815 815 815 816 816 817 817 817 818 818 818 819 819 819 820 820 820 821 821 821 821 822 822 822 823 823 823 824 824 824 825 825 825 825 826 826 826 827 826 826 826 827 827 827 827 828 828 828 828 829 829 829 829 830 830 829 829 830 830 830 830 831 831 831 831 832 832 831 831 831 832 832 832 832 833 833 833 833 832 833 833 833
810 811 811 812 812 812 813 813 813 814 814 815 815 815 816 816 816 817 817 817 818 818 818 819 819 819 820 820 820 821 821 821 822 822 822 823 823 823 823 824 823 823 824 824 824 824 825 825 825 826 826 826 826 827 827 827 828 828 828 828 828 828 828 828 829 829 829 829 830 830 830 830 831 831 830 830 830 831 831 831 831 832 832 832 832 832 832 832 832 832 832 833 833 833
810 810 810 811 811 811 812 813 814 814 814 815 815 815 816 816 816 817 817 817 817 817 817 818 818 818 819 819 819 820 820 820 821 821 821 822 822 822 823 823 823 823 824 824 824 825 825 825 825 826 826 826 827 826 826 826 827 827 827 827 828 828 828 828 829 829 829 829 830 829 829 829 830 830 830 830 831 831 831 831 831 831 831 831 831 832 832 832 832 832 833 832 832 832
810 810 810 811 811 812 812 812 813 813 813 814 814 814 815 815 816 816 816 817 817 817 818 818 818 819 819 819 820 820 820 821 821 821 821 822 822 822 823 823 823 824 824 824 824 824 824 824 825 825 825 825 826 826 826 826 827 827 827 828 828 828 827 828 828 828 828 829 829 829 829 829 830 830 830 830 830 830 830 830 831 831 831 831 831 832 832 831 831 831 832 832 832 832
810 810 811 811 811 812 812 812 813 813 814 814 814 815 815 815 816 816 816 817 817 817 818 818 818 819 819 819 820 819 819 820 820 820 821 821 821 821 822 822 822 823 823 823 824 824 824 824 825 825 825 825 826 826 826 826 826 826 826 827 827 827 827 828 828 828 828 829 829 829 828 829 829 829 829 830 830 830 830 830 831 831 830 830 830 831 831 831 831 832 832 832 831 831
809 809 810 810 810 811 811 812 812 812 813 813 813 814 814 814 815 815 815 816 816 816 817 817 817 818 818 818 819 819 819 820 820 820 821 821 821 822 822 822 822 823 823 823 824 824 823 823 824 824 824 825 825 825 825 826 826 826 826 827 827 827 827 828 827 827 827 828 828 828 828 829 829 829 829 830 830 829 829 830 830 830 830 830 831 831 831 831 831 831 831 831 831 831
809 809 810 810 811 811 811 812 812 812 813 813 813 814 814 815 815 815 816 816 816 817 817 817 818 818 818 819 819 819 820 820 820 820 820 820 820 821 821 821 822 822 822 822 823 823 823 824 824 824 824 825 825 825 826 826 826 825 826 826 826 826 827 827 827 827 828 828 828 828 829 829 828 828 828 829 829 829 829 830 830 830 830 830 830 830 830 830 831 831 831 831 831 831
808 808 809 809 810 810 810 811 811 811 812 812 813 813 813 814 814 814 815 815 815 816 816 816 817 817 817 818 818 818 819 819 819 820 820 820 820 821 821 821 822 822 822 823 823 823 823 824 824 823 824 824 824 824 825 825 825 825 826 826 826 826 827 827 827 827 827 827 827 827 828 828 828 828 829 829 829 829 829 829 829 829 829 830 830 830 830 830 831 830 830 830 830 831
808 809 809 809 810 810 810 811 811 812 812 812 813 813 813 814 814 814 815 815 815 816 816 816 817 817 817 818 818 818 819 819 819 820 820 820 821 820 820 820 821 821 821 822 822 822 822 823 823 823 824 824 824 824 825 825 825 825 826 825 825 826 826 826 826 827 827 827 827 827 828 828 828 828 828 828 828 828 829 829 829 829 829 830 829 829 829 830 830 830 830 830 831 831
807 808 808 808 809 809 810 810 810 811 811 811 812 812 812 813 813 814 814 814 815 815 815 816 816 816 817 817 817 817 818 818 818 819 819 819 820 820 820 821 821 821 821 822 822 822 823 823 823 823 824 823 823 824 824 824 824 825 825 825 825 826 826 826 826 827 827 826 826 827 827 827 827 828 828 828 828 828 829 828 828 828 829 829 829 829 829 830 830 830 829 829 830 830
807 808 808 809 809 809 810 810 810 811 811 812 812 812 813 813 813 814 814 814 815 815 815 816 816 816 817 817 817 818 818 818 819 819 819 819 820 820 820 821 820 820 821 821 821 821 822 822 822 823 823 823 823 824 824 824 824 825 825 825 825 825 825 825 825 826 826 826 826 827 827 827 827 828 827 827 827 828 828 828 828 828 829 829 829 828 828 829 829 829 829 830 830 830
807 807 807 808 808 808 809 809 810 811 811 812 812 812 813 813 813 814 813 813 814 814 814 815 815 815 816 816 816 817 817 817 818 818 818 819 819 819 819 820 820 820 821 821 821 822 822 822 822 823 823 823 823 823 823 823 824 824 824 824 825 825 825 825 826 826 826 826 826 826 826 826 826 827 827 827 827 828 828 828 827 828 828 828 828 828 829 829 829 829 828 829 829 829
