testData/tiles/oneDegreeCosts/grid9.0-40.0-10.0-41.0.asc
ncols   200
nrows   200
xllcorner   9.0
yllcorner   40.0
cellsize   0.005
NODATA_value   -9999.0
[rows 84 to 125 of 200, columns 94 to 187 of 200]
724 724 724 724 724 724 724 724 724 724 724 724 724 724 724 724 724 724 724 724 724 724 724 724 724 724 724 530 530 530 530 530 530 530 530 530 530 530 530 530 530 530 530 530 530 530 530 530 574 574 574 574 574 574 574 574 574 574 574 574 574 574 574 574 574 574 574 574 574 574 574 574 574 574 574 574 574 574 574 574 574 574 574 574 574 574 574 575 575 575 575 576 576 576
724 724 724 724 724 724 724 724 724 724 724 724 724 724 724 724 724 724 724 724 724 724 724 724 724 724 724 530 530 530 530 530 530 530 530 530 530 530 530 530 530 530 530 530 530 530 530 530 530 574 574 574 574 574 574 574 574 574 574 574 574 574 574 574 574 574 574 574 574 574 574 574 574 574 574 574 574 574 574 574 574 574 574 574 575 575 575 575 576 576 576 576 577 577
724 724 724 724 724 724 724 724 724 724 724 724 724 724 724 724 724 724 724 724 724 724 724 724 724 724 724 530 530 530 530 530 530 530 530 530 530 530 530 530 530 530 530 530 530 530 530 530 530 574 574 574 574 574 574 574 574 574 574 574 574 574 574 574 574 574 574 574 574 574 574 574 574 574 574 574 574 574 574 574 574 574 575 575 575 575 576 576 576 576 577 577 577 577
724 724 724 724 724 724 724 724 724 724 724 724 724 724 724 724 724 724 724 724 724 724 724 724 724 724 724 530 530 530 530 530 530 530 530 530 530 530 530 530 530 530 530 530 530 530 530 530 530 530 574 574 574 574 574 574 574 574 574 574 574 574 574 574 574 574 574 574 574 574 574 574 574 574 574 574 574 574 574 574 575 575 575 575 576 576 576 576 577 577 577 577 578 578
724 724 724 724 724 724 724 724 724 724 724 724 724 724 724 724 724 724 724 724 724 724 724 724 724 724 724 724 530 530 530 530 530 530 530 530 530 530 530 530 530 530 530 530 530 530 530 530 530 530 530 574 574 574 574 574 574 574 574 574 574 574 574 574 574 574 574 574 574 574 574 574 574 574 574 574 574 574 575 575 575 575 576 576 576 577 577 577 577 578 578 578 578 578
724 724 724 724 724 724 724 724 724 724 724 724 724 724 724 724 724 724 724 724 724 724 724 724 724 724 724 724 530 530 530 530 530 530 530 530 530 530 530 530 530 530 530 530 530 530 530 530 530 530 530 574 574 574 574 574 574 574 574 574 574 574 574 574 574 574 574 574 574 574 574 574 574 574 574 574 575 575 575 575 576 576 576 577 577 577 577 578 578 578 578 579 579 579
724 724 724 724 724 724 724 724 724 724 724 724 724 724 724 724 724 724 724 724 724 724 724 724 724 724 724 724 530 530 530 530 530 530 530 530 530 530 530 530 530 530 530 530 530 530 530 530 530 530 530 530 574 574 574 574 574 574 574 574 574 574 574 574 574 574 574 574 574 574 574 574 574 574 575 575 575 575 576 576 576 577 577 577 577 578 578 578 578 579 579 579 579 580
724 724 724 724 724 724 724 724 724 724 724 724 724 724 724 724 724 724 724 724 724 724 724 724 724 724 724 724 530 530 530 530 530 530 530 530 530 530 530 530 530 530 530 530 530 530 530 530 530 530 530 530 574 574 574 574 574 574 574 574 574 574 574 574 574 574 574 574 574 574 574 574 575 575 575 575 576 576 576 577 577 577 577 578 578 578 578 579 579 579 579 580 580 580
724 724 724 724 724 724 724 724 724 724 724 724 724 724 724 724 724 724 724 724 724 724 724 724 724 724 724 724 530 530 530 530 530 530 530 530 530 530 530 530 530 530 530 530 530 530 530 530 530 530 530 530 530 574 574 574 574 574 574 574 574 574 574 574 574 574 574 574 574 574 575 575 575 575 576 576 576 577 577 577 577 578 578 578 578 579 579 579 579 580 580 580 580 581
724 724 724 724 724 724 724 724 724 724 724 724 724 724 724 724 724 724 724 724 724 724 724 724 724 724 724 724 724 530 530 530 530 530 530 530 530 530 530 530 530 530 530 530 530 530 530 530 530 530 530 530 530 530 574 574 574 574 574 574 574 574 574 574 574 574 574 574 574 575 575 575 576 576 576 576 577 577 577 578 578 578 578 579 579 579 579 580 580 580 580 581 581 581
724 724 724 724 724 724 724 724 724 724 724 724 724 724 724 724 724 724 724 724 724 724 724 724 724 724 724 724 724 530 530 530 530 530 530 530 530 530 530 530 530 530 530 530 530 530 530 530 530 530 530 530 530 530 574 574 574 574 574 574 574 574 574 574 574 574 574 575 575 575 576 576 576 576 577 577 577 578 578 578 578 579 579 579 579 580 580 580 580 581 581 581 581 582
724 724 724 724 724 724 724 724 724 724 724 724 724 724 724 724 724 724 724 724 724 724 724 724 724 724 724 724 724 530 530 530 530 530 530 530 530 530 530 530 530 530 530 530 530 530 530 530 530 530 530 530 530 530 530 574 574 574 574 574 574 574 574 574 574 575 575 575 575 576 576 576 577 577 577 577 578 578 578 579 579 579 579 580 580 580 580 581 581 581 581 582 582 582
724 724 724 724 724 724 724 724 724 724 724 724 724 724 724 724 724 724 724 724 724 724 724 724 724 724 724 724 724 530 530 530 530 530 530 530 530 530 530 530 530 530 530 530 530 530 530 530 530 530 530 530 530 530 530 530 574 574 574 574 574 574 574 574 575 575 575 576 576 576 577 577 577 577 578 578 578 578 579 579 579 579 580 580 580 581 581 581 581 581 582 582 582 582
664 664 724 724 724 724 724 724 724 724 724 724 724 724 724 724 724 724 724 724 724 724 724 724 724 724 724 724 724 530 530 530 530 530 530 530 530 530 530 530 530 530 530 530 530 530 530 530 530 530 530 530 530 530 530 530 574 574 574 574 574 574 575 575 575 576 576 576 576 577 577 577 578 578 578 578 579 579 579 579 580 580 580 580 581 581 581 581 582 582 582 582 583 583
664 664 664 664 664 724 724 724 724 724 724 724 724 724 724 724 724 724 724 724 724 724 724 724 724 724 724 724 724 530 530 530 530 530 530 530 530 530 530 530 530 530 530 530 530 530 530 530 530 530 530 530 530 530 530 530 530 574 574 574 574 575 575 575 576 576 576 577 577 577 577 578 578 578 579 579 579 579 580 580 580 580 581 581 581 581 582 582 582 582 583 583 583 583
664 664 664 664 664 664 664 724 724 724 724 724 724 724 724 724 724 724 724 724 724 724 724 724 724 724 724 724 724 724 530 530 530 530 530 530 530 530 530 530 530 530 530 530 530 530 530 530 530 530 530 530 530 530 530 530 530 530 574 575 575 575 575 576 576 576 577 577 577 578 578 578 578 579 579 579 579 580 580 580 581 581 581 581 582 582 582 582 583 583 583 583 583 584
664 664 664 664 664 664 664 664 664 664 724 724 724 724 724 724 724 724 724 724 724 724 724 724 724 724 724 724 724 724 530 530 530 530 530 530 530 530 530 530 530 530 530 530 530 530 530 530 530 530 530 530 530 530 530 530 530 530 575 575 575 576 576 576 577 577 577 577 578 578 578 579 579 579 579 580 580 580 580 581 581 581 581 582 582 582 582 583 583 583 583 584 584 584
664 664 664 664 664 664 664 664 664 664 664 664 664 724 724 724 724 724 724 724 724 724 724 724 724 724 724 724 724 724 530 530 530 530 530 530 530 530 530 530 530 530 530 530 530 530 530 530 530 530 530 530 530 530 530 530 530 531 531 575 576 576 576 577 577 577 578 578 578 578 579 579 579 579 580 580 580 581 581 581 581 582 582 582 582 583 583 583 583 584 584 584 584 585
664 664 664 664 664 664 664 664 664 664 664 664 664 664 664 664 724 724 724 724 724 724 724 724 724 724 724 724 724 724 530 530 530 530 530 530 530 530 530 530 530 530 530 530 530 530 530 530 530 530 530 530 530 530 530 531 531 531 531 532 576 576 577 577 577 578 578 578 578 579 579 579 580 580 580 580 581 581 581 581 582 582 582 583 583 583 583 583 584 584 584 584 585 585
664 664 664 664 664 664 664 664 664 664 664 664 664 664 664 664 664 664 664 664 724 724 724 724 724 724 724 724 724 724 530 530 530 530 530 530 530 530 530 530 530 530 530 530 530 530 530 530 530 530 530 530 530 530 531 531 531 532 532 532 576 577 577 577 578 578 578 579 579 579 579 580 580 580 581 581 581 581 582 582 582 582 583 583 583 583 584 584 584 584 585 585 585 585
664 664 664 664 664 664 664 664 664 664 664 664 664 664 664 664 664 664 664 664 664 664 664 724 724 724 724 724 724 724 530 530 530 530 530 530 530 530 530 530 530 530 530 530 530 530 530 530 530 530 530 530 530 531 531 531 532 532 532 533 533 577 577 578 578 578 579 579 579 580 580 580 580 581 581 581 581 582 582 582 582 583 583 583 583 584 584 584 584 585 585 585 585 586
664 664 664 664 664 664 664 664 664 664 664 664 664 664 664 664 664 664 664 664 664 664 664 664 664 664 664 724 724 724 724 530 530 530 530 530 530 530 530 530 530 530 530 530 530 530 530 530 530 530 530 530 531 531 531 532 532 532 533 533 533 534 578 578 578 579 579 579 580 580 580 580 581 581 581 582 582 582 582 583 583 583 583 584 584 584 584 585 585 585 585 586 586 586
664 664 664 664 664 664 664 664 664 664 664 664 664 664 664 664 664 664 664 664 664 664 664 664 664 664 664 664 664 664 664 530 530 530 530 530 530 530 530 530 530 530 530 530 530 530 530 530 530 530 530 531 531 531 532 532 532 533 533 533 534 534 534 578 579 579 579 580 580 580 580 581 581 581 582 582 582 582 583 583 583 583 584 584 584 584 585 585 585 585 586 586 586 586
664 664 664 664 664 664 664 664 664 664 664 664 664 664 664 664 664 664 664 664 664 664 664 664 664 664 664 664 664 664 664 471 471 471 471 530 530 530 530 530 530 530 530 530 530 530 530 530 530 530 531 531 531 532 532 532 533 533 533 534 534 534 535 579 579 579 580 580 580 581 581 581 581 582 582 582 582 583 583 583 584 584 584 584 585 585 585 585 585 586 586 586 586 587
664 664 664 664 664 664 664 664 664 664 664 664 664 664 664 664 664 664 664 664 664 664 664 664 664 664 664 664 664 664 664 471 471 471 471 471 471 471 471 471 530 530 530 530 530 530 530 530 530 531 531 531 532 532 532 533 533 533 534 534 534 535 535 535 579 580 580 580 581 581 581 581 582 582 582 583 583 583 583 584 584 584 584 585 585 585 585 586 586 586 586 586 587 587
664 664 664 664 664 664 664 664 664 664 664 664 664 664 664 664 664 664 664 664 664 664 664 664 664 664 664 664 664 664 664 471 471 471 471 471 471 471 471 471 471 471 471 471 471 471 530 530 531 531 531 532 532 532 533 533 533 534 534 534 535 535 535 535 536 580 580 581 581 581 581 582 582 582 583 583 583 583 584 584 584 584 585 585 585 585 586 586 586 586 587 587 587 587
664 664 664 664 664 664 664 664 664 664 664 664 664 664 664 664 664 664 664 664 664 664 664 664 664 664 664 664 664 664 664 471 471 471 471 471 471 471 471 471 471 471 471 471 471 471 471 471 471 471 472 472 472 533 533 533 534 534 534 535 535 535 535 536 536 536 581 581 581 581 582 582 582 583 583 583 583 584 584 584 584 585 585 585 585 586 586 586 586 587 587 587 587 588
664 664 664 664 664 664 664 664 664 664 664 664 664 664 664 664 664 664 664 664 664 664 664 664 664 664 664 664 664 664 664 471 471 471 471 471 471 471 471 471 471 471 471 471 471 471 471 471 471 472 472 472 473 473 473 474 474 474 475 475 475 535 536 536 536 537 581 581 581 582 582 582 583 583 583 583 584 584 584 584 585 585 585 585 586 586 586 586 587 587 587 587 588 588
664 664 664 664 664 664 664 664 664 664 664 664 664 664 664 664 664 664 664 664 664 664 664 664 664 664 664 664 664 664 664 664 471 471 471 471 471 471 471 471 471 471 471 471 471 471 471 471 472 472 472 473 473 473 474 474 474 475 475 475 475 476 476 476 477 477 477 521 522 522 522 523 523 523 523 524 524 524 524 525 525 525 525 526 526 526 526 527 527 527 527 528 528 528
664 664 664 664 664 664 664 664 664 664 664 664 664 664 664 664 664 664 664 664 664 664 664 664 664 664 664 664 664 664 664 664 471 471 471 471 471 471 471 471 471 471 471 471 471 471 471 472 472 472 473 473 473 474 474 474 474 475 475 475 476 476 476 477 477 477 477 478 522 522 523 523 523 523 524 524 524 524 525 525 525 526 526 526 526 526 527 527 527 527 528 528 528 528
664 664 664 664 664 664 664 664 664 664 664 664 664 664 664 664 664 664 664 664 664 664 664 664 664 664 664 664 664 664 664 664 471 471 471 471 471 471 471 471 471 471 471 471 471 471 472 472 472 473 473 473 473 474 474 474 475 475 475 476 476 476 477 477 477 477 478 478 478 523 523 523 523 524 524 524 524 525 525 525 526 526 526 526 527 527 527 527 527 528 528 528 528 529
664 664 664 664 664 664 664 664 664 664 664 664 664 664 664 664 664 664 664 664 664 664 664 664 664 664 664 664 664 664 664 664 471 471 471 471 471 471 471 471 471 471 471 471 471 471 472 472 472 473 473 473 474 474 474 475 475 475 476 476 476 477 477 477 477 478 478 478 479 479 523 523 524 524 524 524 525 525 525 525 526 526 526 526 527 527 527 527 528 528 528 528 529 529
664 664 664 664 664 664 664 664 664 664 664 664 664 664 664 664 664 664 664 664 664 664 664 664 664 664 664 664 664 664 664 664 471 471 471 471 471 471 471 471 471 471 471 471 471 472 472 472 473 473 473 474 474 474 475 475 475 476 476 476 476 477 477 477 478 478 478 478 479 479 523 524 524 524 524 525 525 525 525 526 526 526 526 527 527 527 527 528 528 528 528 529 529 529
664 664 664 664 664 664 664 664 664 664 664 664 664 664 664 664 664 664 664 664 664 664 664 664 664 664 664 664 664 664 664 664 471 471 471 471 471 471 471 471 471 471 471 471 472 472 472 473 473 473 474 474 474 475 475 475 475 476 476 476 477 477 477 478 478 478 478 479 479 479 480 524 524 524 525 525 525 525 526 526 526 526 527 527 527 527 528 528 528 528 529 529 529 529
664 664 664 664 664 664 664 664 664 664 664 664 664 664 664 664 664 664 664 664 664 664 664 664 664 664 664 664 664 664 664 664 471 471 471 471 471 471 471 471 471 471 471 471 472 472 472 473 473 473 474 474 474 475 475 475 476 476 476 477 477 477 477 478 478 478 479 479 479 479 480 480 524 525 525 525 525 526 526 526 526 527 527 527 527 528 528 528 528 529 529 529 529 529
664 664 664 664 664 664 664 664 664 664 664 664 664 664 664 664 664 664 664 664 664 664 664 664 664 664 664 664 664 664 664 664 664 471 471 471 471 471 471 471 471 471 471 472 472 472 473 473 473 474 474 474 475 475 475 476 476 476 476 477 477 477 478 478 478 479 479 479 479 480 480 480 481 525 525 525 526 526 526 526 527 527 527 527 528 528 528 528 529 529 529 529 529 530
664 664 664 664 664 664 664 664 664 664 664 664 664 664 664 664 664 664 664 664 664 664 664 664 664 664 664 664 664 664 664 664 664 471 471 471 471 471 471 471 471 471 471 472 472 473 473 473 474 474 474 474 475 475 475 476 476 476 477 477 477 478 478 478 478 479 479 479 480 480 480 480 481 481 525 526 526 526 526 527 527 527 527 528 528 528 528 528 529 529 529 529 530 530
664 664 664 664 664 664 664 664 664 664 664 664 664 664 664 664 664 664 664 664 664 664 664 664 664 664 664 664 664 664 664 664 664 471 471 471 471 471 471 471 471 471 472 472 472 473 473 473 474 474 474 475 475 475 476 476 476 477 477 477 477 478 478 478 479 479 479 480 480 480 480 481 481 481 481 526 526 526 526 527 527 527 527 528 528 528 528 529 529 529 529 530 530 530
664 664 664 664 664 664 664 664 664 664 664 664 664 664 664 664 664 664 664 664 664 664 664 664 664 664 664 664 664 664 664 664 664 471 471 471 471 471 471 471 471 472 472 472 473 473 473 474 474 474 475 475 475 475 476 476 476 477 477 477 478 478 478 479 479 479 479 480 480 480 481 481 481 481 482 482 526 526 527 527 527 527 528 528 528 528 529 529 529 529 530 530 530 530
664 664 664 664 664 664 664 664 664 664 664 664 664 664 664 664 664 664 664 664 664 664 664 664 664 664 664 664 664 664 664 664 664 471 471 471 471 471 471 471 471 472 472 472 473 473 473 474 474 474 475 475 475 476 476 476 477 477 477 477 478 478 478 479 479 479 480 480 480 480 481 481 481 481 482 482 482 527 527 527 527 528 528 528 528 529 529 529 529 529 530 530 530 530
664 664 664 664 664 664 664 664 664 664 664 664 664 664 664 664 664 664 664 664 664 664 664 664 664 664 664 664 664 664 664 664 664 471 471 471 471 471 471 471 471 472 472 473 473 473 474 474 474 475 475 475 475 476 476 476 477 477 477 478 478 478 479 479 479 479 480 480 480 481 481 481 481 482 482 482 482 483 527 527 527 528 528 528 528 529 529 529 529 530 530 530 530 530
664 664 664 664 664 664 664 664 664 664 664 664 664 664 664 664 664 664 664 664 664 664 664 664 664 664 664 664 664 664 664 664 664 471 471 471 471 471 471 471 472 472 472 473 473 473 474 474 474 475 475 475 476 476 476 477 477 477 477 478 478 478 479 479 479 480 480 480 480 481 481 481 481 482 482 482 483 483 527 527 528 528 528 528 529 529 529 529 529 530 530 530 530 531
