testData/tiles/oneDegreeCosts/grid17.0-16.0-18.0-17.0.asc
ncols   200
nrows   200
xllcorner   17.0
yllcorner   16.0
cellsize   0.005
NODATA_value   -9999.0
[rows 126 to 167 of 200, columns 0 to 93 of 200]
328 329 329 330 331 332 333 334 334 335 336 337 338 339 339 340 341 342 343 343 344 345 346 347 348 348 349 350 351 352 352 353 354 355 355 355 356 357 358 359 359 360 361 362 362 363 364 365 366 366 367 368 369 369 370 371 371 371 372 373 374 374 375 376 376 377 378 379 379 380 276 276 277 277 277 278 278 279 280 280 281 281 282 282 283 283 283 283 284 284 285 285 286 286
328 329 330 330 331 332 333 334 335 335 336 337 338 339 340 340 341 342 343 344 345 345 346 347 348 349 349 350 351 352 353 354 354 354 355 356 357 357 358 359 360 361 361 362 363 364 364 365 366 367 368 368 369 370 371 371 371 372 373 373 374 375 376 376 377 378 378 379 380 380 381 277 277 277 278 278 279 280 280 281 281 282 283 283 284 283 284 284 285 285 286 286 286 287
328 329 330 331 332 332 333 334 335 336 337 337 338 339 340 341 342 342 343 344 345 346 346 347 348 349 350 351 351 352 353 354 354 354 355 356 357 358 358 359 360 361 362 362 363 364 365 366 366 367 368 369 369 370 370 371 372 372 373 374 375 375 376 377 377 378 379 380 380 381 382 381 277 278 278 279 280 280 281 281 282 283 283 284 284 284 284 285 285 286 286 287 287 288
328 329 330 331 332 333 333 334 335 336 337 338 338 339 340 341 342 343 343 344 345 346 347 348 348 349 350 351 352 352 353 353 354 355 356 356 357 358 359 360 360 361 362 363 364 364 365 366 367 368 368 369 370 370 370 371 372 373 373 374 375 376 376 377 378 379 379 380 381 381 381 382 383 278 279 280 280 281 281 282 283 283 284 284 284 285 285 286 286 287 287 287 288 288
329 329 330 331 332 333 334 335 335 336 337 338 339 340 340 341 342 343 344 345 345 346 347 348 349 349 350 351 352 352 353 353 354 355 356 357 358 358 359 360 361 362 362 363 364 365 366 366 367 368 369 369 369 370 371 372 372 373 374 375 375 376 377 378 378 379 380 381 381 381 382 382 383 384 279 280 281 281 282 283 283 284 285 284 285 285 286 286 287 287 288 288 289 289
329 330 331 331 332 333 334 335 336 336 337 338 339 340 341 341 342 343 344 345 346 346 347 348 349 350 351 351 351 352 353 354 355 355 356 357 358 359 359 360 361 362 363 363 364 365 366 367 367 368 369 369 370 370 371 372 373 374 374 375 376 377 377 378 379 380 380 381 382 381 382 383 384 384 385 281 281 282 283 283 284 285 285 285 285 286 286 287 288 288 289 289 289 290
329 330 331 332 332 333 334 335 336 337 337 338 339 340 341 342 343 343 344 345 346 347 348 348 349 350 351 351 352 352 353 354 355 356 356 357 358 359 360 361 361 362 363 364 365 365 366 367 368 369 369 369 370 371 372 372 373 374 375 375 376 377 378 379 379 380 381 382 382 382 383 383 384 385 386 386 282 283 283 284 285 285 285 285 286 287 287 288 288 289 289 290 290 291
329 330 331 332 333 333 334 335 336 337 338 339 339 340 341 342 343 344 344 345 346 347 348 349 349 350 350 351 352 353 353 354 355 356 357 358 358 359 360 361 362 362 363 364 365 366 367 367 368 368 369 370 370 371 372 373 374 374 375 376 377 377 378 379 380 380 381 381 382 382 383 384 385 385 386 387 387 283 284 284 285 285 285 286 287 287 288 288 289 289 290 290 291 291
329 330 331 332 333 334 334 335 336 337 338 339 340 340 341 342 343 344 345 345 346 347 348 349 349 350 350 351 352 353 354 355 355 356 357 358 359 359 360 361 362 363 364 364 365 366 367 368 368 368 369 370 371 372 372 373 374 375 375 376 377 378 379 379 380 381 381 381 382 383 384 384 385 386 387 387 388 389 284 285 285 285 286 287 287 288 288 289 290 290 291 291 292 292
330 330 331 332 333 334 335 336 336 337 338 339 340 341 341 342 343 344 345 346 347 347 348 348 349 350 351 351 352 353 354 355 356 356 357 358 359 360 361 361 362 363 364 365 366 366 367 367 368 369 369 370 371 372 373 373 374 375 376 377 377 378 379 380 381 381 381 382 383 383 384 385 386 386 387 388 388 389 390 285 285 286 287 287 288 288 289 290 290 291 291 292 292 293
330 331 331 332 333 334 335 336 337 337 338 339 340 341 342 343 343 344 345 346 347 348 348 348 349 350 351 352 352 353 354 355 356 357 358 358 359 360 361 362 362 363 364 365 366 367 367 367 368 369 370 371 371 372 373 374 375 375 376 377 378 379 379 380 380 381 381 382 383 384 385 385 386 387 388 388 389 390 390 390 286 286 287 288 288 289 290 290 291 291 292 293 293 294
330 331 332 332 333 334 335 336 337 338 338 339 340 341 342 343 344 344 345 346 346 347 348 348 349 350 351 352 353 354 354 355 356 357 358 359 359 360 361 362 363 364 364 365 366 366 367 368 368 369 370 371 372 372 373 374 375 376 377 377 378 379 380 381 380 381 382 383 383 384 385 386 386 387 388 389 389 390 390 391 286 287 288 288 289 290 290 291 292 292 293 293 294 294
330 331 332 333 333 334 335 336 337 338 339 339 340 341 342 343 344 345 345 345 346 347 348 349 350 350 351 352 353 354 355 355 356 357 358 359 360 360 361 362 363 364 365 365 365 366 367 368 369 369 370 371 372 373 374 374 375 376 377 378 378 379 380 380 381 381 382 383 384 385 385 386 387 388 388 389 390 390 390 391 392 288 288 289 290 290 291 292 292 293 293 294 294 295
330 331 332 333 334 335 335 336 337 338 339 340 340 341 342 343 344 344 345 345 346 347 348 349 350 351 351 352 353 354 355 356 356 357 358 359 360 361 362 362 363 364 365 365 366 366 367 368 369 370 371 371 372 373 374 375 376 376 377 378 379 380 380 380 381 382 383 383 384 385 386 387 387 388 389 390 390 390 391 392 392 393 289 289 290 291 291 292 293 293 294 295 295 296
330 331 332 333 334 335 336 336 337 338 339 340 341 342 342 343 343 344 345 346 346 347 348 349 350 351 352 352 353 354 355 356 357 358 358 359 360 361 362 363 363 364 364 365 366 367 367 368 369 370 371 372 372 373 374 375 376 377 377 378 379 379 380 381 381 382 383 384 385 385 386 387 388 388 389 390 390 391 391 392 393 394 394 290 291 291 292 293 293 294 295 295 296 296
330 331 332 333 334 335 336 337 337 338 339 340 341 342 342 342 343 344 345 346 347 347 348 349 350 351 352 353 353 354 355 356 357 358 359 359 360 361 362 363 364 364 364 365 366 367 368 369 369 370 371 372 373 374 374 375 376 377 378 379 379 379 380 381 382 382 383 384 385 386 386 387 388 389 390 390 390 391 392 392 393 394 395 395 291 292 293 293 294 295 295 296 296 297
331 331 332 333 334 335 336 337 338 338 339 340 340 341 342 343 343 344 345 346 347 348 349 349 350 351 352 353 354 354 355 356 357 358 359 360 360 361 362 363 363 364 365 365 366 367 368 369 370 370 371 372 373 374 375 375 376 377 378 378 379 379 380 381 382 383 384 384 385 386 387 388 388 389 389 390 391 391 392 393 394 394 395 396 397 292 293 294 294 295 296 296 297 298
331 332 332 333 334 335 336 337 338 338 339 339 340 341 342 343 344 344 345 346 347 348 349 350 350 351 352 353 354 355 356 356 357 358 359 360 361 361 362 362 363 364 365 366 366 367 368 369 370 371 372 372 373 374 375 376 377 377 377 378 379 380 381 381 382 383 384 385 385 386 387 388 389 389 389 390 391 405 406 406 407 408 409 409 410 411 307 307 308 309 309 310 311 311
331 332 333 333 334 335 336 337 338 338 338 339 340 341 342 343 344 344 345 346 347 348 349 350 351 351 352 353 354 355 356 357 357 358 359 360 361 362 362 362 363 364 365 366 367 367 368 369 370 371 372 373 373 374 375 376 377 377 390 391 392 393 394 395 395 396 397 398 399 400 400 401 401 402 403 403 404 405 406 407 407 408 409 410 411 411 412 308 308 309 310 311 311 312
331 332 333 334 334 335 336 336 337 338 339 339 340 341 342 343 344 345 345 346 347 348 349 350 351 351 352 353 354 355 356 357 358 358 359 360 361 361 362 363 363 377 378 379 380 381 381 382 383 384 385 386 387 387 388 389 389 390 391 392 392 393 394 395 396 397 397 398 399 400 401 402 401 402 403 404 405 405 406 407 408 409 409 410 411 412 412 413 309 310 310 311 312 312
331 332 333 334 334 334 335 336 337 338 339 340 340 341 342 343 344 345 346 346 347 348 349 350 351 365 365 366 367 368 369 370 371 371 372 372 373 374 375 376 377 377 378 379 380 381 382 383 383 384 385 386 387 388 388 388 389 390 391 392 393 393 394 395 396 397 398 398 399 400 401 401 402 402 403 404 405 406 407 407 408 409 410 411 411 412 413 414 414 310 311 312 312 313
331 332 333 333 334 334 335 336 337 338 339 353 354 354 355 356 357 358 359 360 360 361 362 363 364 365 366 366 367 368 369 370 371 372 372 372 373 374 375 376 377 378 378 379 380 381 382 383 384 384 385 386 387 388 388 388 389 390 391 392 393 394 394 395 396 397 398 399 400 400 400 401 402 403 404 404 405 406 407 408 408 409 410 411 412 413 413 414 415 311 311 312 313 314
344 344 345 346 347 348 348 349 350 351 352 353 354 354 355 356 357 358 359 360 361 361 362 363 364 365 366 367 367 368 369 370 371 371 372 372 373 374 375 376 377 378 378 379 380 381 382 383 384 385 385 386 387 387 388 389 390 390 391 392 393 394 395 395 396 397 398 399 400 400 400 401 402 403 404 405 405 406 407 408 409 410 410 411 412 413 414 414 415 416 312 313 313 314
343 344 345 346 347 348 348 349 350 351 352 353 354 355 355 356 357 358 359 360 361 361 362 363 364 365 366 367 368 368 369 370 370 371 372 373 373 374 375 376 377 378 379 379 380 381 382 383 384 385 385 386 386 387 388 389 390 391 391 392 393 394 395 396 396 397 398 399 399 400 401 401 402 403 404 405 406 407 407 408 409 410 411 412 412 413 414 415 416 416 417 313 314 314
343 344 345 346 347 348 349 349 350 351 352 353 354 355 355 356 357 358 359 360 361 362 362 363 364 365 366 367 368 368 368 369 370 371 372 373 374 374 375 376 377 378 379 380 380 381 382 383 384 385 386 386 386 387 388 389 390 391 391 392 393 394 395 396 397 398 398 398 399 400 401 402 402 403 404 405 406 407 408 408 409 410 411 412 413 413 414 415 416 417 418 418 314 315
343 344 345 346 347 348 349 349 350 351 352 353 354 355 356 356 357 358 359 360 361 362 362 363 364 365 366 367 368 368 368 369 370 371 372 373 374 374 375 376 377 378 379 380 381 381 382 383 384 385 385 386 386 387 388 389 390 391 392 392 393 394 395 396 397 398 398 398 399 400 401 402 403 404 404 405 406 407 408 409 409 410 411 412 413 414 415 415 416 417 418 419 419 315
343 344 345 346 347 348 349 350 350 351 352 353 354 355 356 356 357 358 359 360 361 362 363 363 364 365 366 367 367 368 368 369 370 371 372 373 374 375 375 376 377 378 379 380 381 381 382 383 384 384 385 386 387 387 388 389 390 391 392 393 393 394 395 396 397 398 398 398 399 400 401 402 403 404 405 405 406 407 408 409 410 410 411 412 413 414 415 416 416 417 418 419 420 421
343 344 345 346 347 348 349 350 350 351 352 353 354 355 356 356 357 358 359 360 361 362 363 363 364 365 365 366 367 368 369 369 370 371 372 373 374 375 375 376 377 378 379 380 381 382 382 383 383 384 385 386 387 387 388 389 390 391 392 393 394 394 395 396 397 397 398 399 399 400 401 402 403 404 405 405 406 407 408 409 410 411 412 412 413 414 415 416 417 417 418 419 420 421
343 344 345 346 347 348 349 350 350 351 352 353 354 355 356 357 357 358 359 360 361 362 363 363 364 364 365 366 367 368 369 369 370 371 372 373 374 375 375 376 377 378 379 380 381 382 382 382 383 384 385 386 387 388 388 389 390 391 392 393 394 394 395 396 396 397 398 399 400 400 401 402 403 404 405 406 406 407 408 409 410 411 412 412 413 414 415 416 417 418 419 419 420 421
344 344 345 346 347 348 349 350 350 351 352 353 354 355 356 357 357 358 359 360 361 362 363 363 363 364 365 366 367 368 369 369 370 371 372 373 374 375 376 376 377 378 379 380 381 382 381 382 383 384 385 386 387 388 388 389 390 391 392 393 394 394 395 395 396 397 398 399 400 400 401 402 403 404 405 406 407 407 408 410 411 412 413 414 414 415 416 417 418 419 420 420 421 422
344 344 345 346 347 348 349 350 350 351 352 353 354 355 356 357 357 358 359 360 361 362 362 363 363 364 365 366 367 368 369 369 370 371 372 373 374 375 376 376 377 378 379 380 381 381 381 382 383 384 385 386 387 388 388 389 390 391 392 393 394 395 395 395 397 398 399 400 401 401 402 403 404 405 406 407 408 408 409 410 411 412 413 414 414 415 416 417 418 419 420 421 421 422
344 344 345 346 347 348 349 350 350 351 352 353 354 355 356 357 357 358 359 360 361 361 362 363 363 364 365 366 367 368 369 369 370 371 372 373 374 375 376 376 377 378 379 380 380 381 382 382 383 384 385 387 388 389 389 390 391 392 393 394 395 395 395 396 397 398 399 400 401 401 402 403 404 405 406 407 408 408 409 410 411 413 414 415 416 416 417 418 419 420 421 422 422 423
344 344 345 346 347 348 349 350 350 351 352 353 354 355 356 357 357 358 359 359 360 361 362 363 363 364 365 366 367 368 369 369 370 371 372 373 374 375 377 377 378 379 380 380 381 382 382 383 384 385 386 387 388 389 389 390 391 392 393 394 394 395 395 396 397 398 399 401 402 402 403 404 405 406 407 408 409 409 410 411 412 413 414 415 415 416 417 418 419 420 421 422 422 423
373 373 374 346 347 348 349 350 350 351 352 353 354 355 356 357 357 357 358 359 360 361 362 362 363 364 365 367 368 369 370 370 371 372 373 374 375 376 377 377 378 379 379 380 381 382 382 383 384 385 386 387 388 389 390 391 392 393 394 394 395 395 396 397 398 399 400 401 402 402 403 404 405 406 407 408 409 409 410 411 412 413 414 415 415 416 417 419 420 421 422 422 423 424
372 373 374 375 376 377 349 350 350 351 352 353 354 355 356 357 357 358 359 360 361 362 363 363 364 365 366 367 368 369 370 370 371 372 373 374 375 376 376 377 377 378 380 381 382 383 383 384 385 386 387 388 389 390 390 391 392 393 393 394 395 395 396 397 398 399 400 401 402 402 403 404 405 407 408 409 409 410 411 412 413 414 415 415 416 417 418 419 420 421 422 422 423 424
372 373 374 375 376 377 378 380 351 352 353 354 355 356 356 356 357 358 359 360 361 362 363 363 364 365 366 367 368 369 370 371 372 373 374 375 376 377 377 377 378 379 380 381 382 383 383 384 385 386 387 388 389 389 390 391 392 392 393 394 395 396 397 398 399 400 401 402 402 403 404 405 406 407 408 408 409 410 411 412 413 414 415 415 416 417 418 419 420 420 421 422 423 424
373 374 375 376 377 378 379 380 380 381 382 354 354 355 356 356 357 358 359 360 361 362 364 364 365 366 367 368 369 370 370 371 372 373 374 375 376 377 376 377 378 379 380 381 382 382 383 384 385 387 388 389 390 390 391 392 392 393 394 395 395 396 397 398 399 400 401 401 402 403 404 405 406 407 408 408 409 410 411 412 413 413 414 415 417 418 419 420 420 421 422 423 424 425
373 374 375 376 377 378 379 379 380 381 382 382 384 385 357 357 358 359 360 361 362 363 363 364 365 366 367 368 369 370 370 371 372 373 374 375 376 376 376 378 379 380 381 382 383 383 384 385 386 387 388 389 389 390 391 391 392 393 394 394 395 396 397 398 399 400 400 401 402 403 404 405 407 408 408 409 410 411 412 413 413 414 415 416 417 418 419 419 420 421 422 423 423 424
375 375 375 376 378 379 380 380 381 381 382 383 384 385 385 386 358 359 360 361 362 363 363 364 365 366 367 368 369 370 371 372 373 374 375 376 376 376 377 378 379 380 381 382 382 383 384 385 386 387 388 388 389 390 390 391 392 393 393 394 396 397 398 399 400 401 401 402 403 404 405 406 406 407 408 409 410 411 412 412 413 414 415 416 417 417 418 419 420 421 422 422 423 424
378 378 378 378 378 379 379 379 380 381 382 383 384 385 385 386 387 388 360 361 362 363 364 365 366 367 368 369 370 370 371 372 373 374 374 375 375 376 377 378 379 380 381 381 382 383 384 385 386 387 388 389 390 390 391 392 393 394 394 395 396 397 398 399 399 400 401 402 403 404 405 405 406 407 408 409 410 411 411 412 413 414 415 416 416 417 418 419 421 421 422 423 424 424
380 381 381 381 381 380 379 379 380 381 382 383 385 385 386 387 388 389 390 391 392 363 364 365 366 367 368 369 369 370 371 372 373 373 374 374 375 376 377 378 379 381 381 382 383 384 385 386 387 388 388 389 389 390 391 392 393 393 394 395 396 397 398 398 399 400 401 402 403 404 404 405 406 407 408 409 410 411 412 413 414 415 415 416 417 418 419 419 420 421 422 423 423 424
382 383 383 382 382 382 382 382 382 382 383 384 385 385 386 387 388 389 390 391 391 392 393 365 366 367 368 368 369 370 371 372 373 374 374 375 376 377 378 379 380 381 381 382 383 384 385 386 387 387 388 388 389 390 391 391 392 393 394 395 396 397 397 398 399 400 402 403 404 404 405 406 407 408 409 409 410 411 412 413 413 414 415 416 417 418 418 419 420 421 421 422 423 424
