testData/tiles/oneDegreeCosts/grid11.0-12.0-12.0-13.0.asc
ncols   200
nrows   200
xllcorner   11.0
yllcorner   12.0
cellsize   0.005
NODATA_value   -9999.0
[rows 42 to 83 of 200, columns 0 to 93 of 200]
395 395 395 394 394 394 393 256 256 256 255 255 255 254 254 254 253 253 254 253 253 252 251 251 251 250 250 250 250 250 250 249 249 249 248 248 247 248 248 247 247 247 246 246 246 245 245 246 245 245 245 244 244 243 243 243 242 243 242 241 241 241 240 240 239 239 241 240 240 240 240 240 239 239 239 239 240 240 239 239 238 238 238 237 237 237 237 237 236 236 236 235 235 235
395 395 394 394 394 394 393 256 256 255 255 255 254 254 254 252 252 252 252 252 252 251 251 251 250 250 250 250 250 250 249 249 249 248 248 248 247 248 248 247 247 247 246 246 245 245 245 245 245 245 244 244 244 243 242 242 242 242 241 241 241 240 240 240 239 240 240 240 240 240 240 240 239 239 238 239 240 239 239 239 237 237 237 237 237 237 237 237 236 236 235 235 235 235
395 394 394 394 394 393 393 392 254 254 254 253 253 253 252 252 252 252 252 252 251 251 251 250 250 250 249 250 250 249 249 249 248 248 248 247 247 248 247 247 247 246 246 246 245 245 246 245 245 244 243 243 242 242 242 241 242 242 241 241 240 240 240 239 239 240 240 240 240 240 240 239 239 239 238 240 239 238 238 237 237 237 237 237 237 237 237 236 236 236 235 235 235 235
393 393 393 393 392 392 392 391 254 254 253 253 253 252 252 252 252 252 252 252 251 251 251 250 250 250 249 250 250 249 249 249 248 248 248 247 248 247 247 247 246 246 246 245 245 244 244 244 244 243 243 243 242 242 241 241 242 241 241 241 240 240 240 239 240 240 240 240 240 240 240 239 239 238 238 239 238 238 238 237 237 238 237 237 237 237 237 236 236 235 235 236 235 234
393 393 393 392 392 392 391 391 392 253 253 253 253 252 252 252 251 252 252 251 251 251 250 250 250 249 249 250 249 249 249 248 248 248 247 247 248 247 247 247 246 245 244 244 244 244 244 244 243 243 243 242 242 242 241 242 242 241 241 240 240 240 239 239 240 240 240 240 240 239 238 238 238 238 238 239 238 238 237 237 238 237 237 237 237 237 236 236 236 235 235 235 234 234
393 393 392 392 392 391 391 392 391 253 253 253 252 252 252 251 251 252 251 251 251 250 250 250 249 249 250 249 249 249 248 248 248 247 247 247 246 246 246 245 245 245 244 244 244 244 244 244 243 243 242 242 242 241 241 242 241 241 241 240 240 240 239 240 239 240 239 239 239 239 238 238 238 238 239 238 238 238 237 238 238 237 237 236 237 237 236 235 235 235 235 234 234 234
393 392 392 392 391 391 391 391 391 253 253 252 252 252 251 251 251 251 251 251 250 250 250 249 249 249 249 249 249 248 247 247 246 246 246 246 246 246 245 245 245 244 244 244 243 244 244 243 243 243 242 242 242 241 241 241 241 241 240 240 240 239 238 239 239 239 238 239 239 238 238 238 238 238 239 238 238 237 237 238 237 237 237 236 236 236 236 236 235 235 235 234 234 234
392 392 392 391 391 391 391 391 391 391 252 252 252 251 251 251 251 251 251 250 250 250 250 249 248 248 248 248 248 247 247 247 246 246 246 246 246 246 245 245 244 244 244 243 243 244 243 243 243 242 242 242 241 241 241 241 241 241 239 239 238 238 238 238 239 239 238 239 239 238 238 238 238 238 238 238 238 237 238 238 237 236 235 236 236 236 236 236 235 235 234 234 234 234
392 392 391 391 391 391 391 391 391 390 252 252 251 251 251 250 251 250 250 249 249 249 248 248 248 248 248 248 247 247 247 246 246 246 245 246 246 245 245 245 244 244 244 243 243 244 243 243 242 242 242 241 241 241 240 240 240 239 239 239 238 238 239 238 239 238 238 239 238 238 238 238 238 238 238 238 237 237 237 236 236 236 235 236 236 236 236 235 235 235 234 234 233 234
392 391 391 391 391 390 391 391 390 390 251 250 250 250 250 249 250 250 249 249 249 248 248 248 247 248 248 247 247 247 246 246 246 245 245 246 245 245 245 244 244 244 243 243 244 243 243 243 242 241 241 240 240 240 240 240 239 239 239 238 238 238 238 238 239 238 239 239 238 238 237 238 238 238 237 237 237 237 237 236 236 235 235 236 236 236 236 235 235 234 234 234 233 233
391 390 390 390 389 389 390 389 389 389 250 250 250 250 249 249 250 249 249 249 248 248 248 247 247 248 247 247 247 246 246 246 245 245 245 245 245 245 244 244 244 243 243 243 242 242 242 241 241 241 240 240 240 240 240 240 239 239 239 238 238 238 238 239 238 238 239 238 238 238 237 237 237 237 237 237 237 237 236 236 236 235 235 235 236 236 235 235 235 234 233 232 233 233
390 390 389 389 389 389 389 389 389 388 388 250 250 249 249 250 249 249 249 248 248 248 247 247 247 247 247 247 247 246 246 246 245 245 246 245 245 245 244 243 243 242 242 242 242 242 241 241 241 240 240 240 239 240 240 239 239 239 238 238 238 238 238 239 238 239 238 237 237 237 237 237 237 237 237 237 237 236 236 236 235 235 236 236 236 236 234 234 233 233 233 232 233 233
390 389 389 389 389 389 389 389 388 388 388 250 249 249 249 249 249 249 248 248 248 247 247 247 247 247 247 247 246 246 246 245 245 245 244 244 244 243 243 243 242 242 242 242 242 242 241 241 241 240 240 240 239 240 239 239 239 238 238 238 237 238 238 237 237 238 237 237 237 237 237 236 237 237 236 237 237 236 236 236 235 235 235 235 235 234 234 234 233 233 232 232 233 232
389 389 389 389 388 389 389 388 388 388 388 249 249 249 248 249 249 248 248 248 248 247 247 247 247 247 247 246 245 245 244 244 244 243 244 244 243 243 243 242 242 242 241 242 242 241 241 241 240 240 240 239 239 240 239 239 239 238 238 237 237 237 237 237 237 237 237 237 236 237 237 236 237 237 236 237 236 236 236 235 234 234 235 235 235 234 234 233 233 233 232 233 233 232
389 389 389 388 388 389 388 388 388 388 387 249 249 248 248 249 248 248 248 248 247 247 246 245 246 246 245 245 245 244 244 244 243 243 244 243 243 243 242 242 242 241 241 242 241 241 241 240 240 240 239 239 239 239 238 238 237 237 237 236 237 237 237 237 237 237 237 236 236 237 236 236 237 236 236 237 235 235 235 234 234 235 235 235 234 234 234 233 233 232 232 233 232 232
389 389 388 388 388 388 388 388 388 387 387 249 248 248 249 248 247 247 247 246 246 246 245 245 246 245 245 245 244 244 244 244 243 244 244 243 243 243 242 242 242 241 241 242 241 241 241 240 240 240 238 238 238 238 238 237 237 237 236 236 237 236 237 237 237 237 237 236 236 237 236 236 236 235 236 235 235 235 234 234 234 235 235 234 234 234 233 233 233 232 232 232 232 232
389 388 388 388 387 388 387 387 386 386 386 247 247 247 248 247 247 247 246 246 246 245 245 245 245 245 245 245 244 244 244 243 243 244 243 243 243 242 242 242 241 241 241 241 241 240 239 239 239 238 238 238 238 238 238 237 237 237 236 236 236 236 237 236 237 237 236 236 237 235 235 236 235 235 236 235 235 234 234 234 234 235 235 234 234 234 233 232 231 231 232 232 232 232
387 387 387 386 386 387 387 386 386 386 385 247 247 247 247 247 247 246 246 246 245 245 245 245 245 245 245 244 244 244 243 243 243 243 243 243 242 242 242 241 240 240 240 240 240 239 239 239 238 238 238 237 238 238 237 237 237 236 236 236 236 237 237 236 237 236 235 235 235 235 235 235 235 236 235 235 235 234 234 234 234 235 234 233 233 232 232 232 231 231 233 232 232 231
387 387 386 386 387 387 386 386 386 385 385 247 247 246 247 247 246 246 246 245 245 245 245 245 245 245 244 244 244 243 243 243 242 243 242 241 241 241 240 240 240 239 240 240 239 239 239 238 238 238 237 237 238 237 237 237 236 236 236 235 236 236 235 236 236 235 235 235 235 235 235 235 235 235 235 235 234 234 234 234 234 234 233 233 233 232 232 231 231 232 232 232 232 231
387 386 386 386 386 386 386 386 385 385 385 247 246 246 247 246 246 246 245 245 245 245 244 245 245 244 244 244 242 242 242 241 242 242 241 241 241 241 240 240 240 239 240 240 239 239 239 238 238 238 237 238 238 237 237 237 235 235 234 235 235 235 235 236 235 235 235 235 235 235 235 235 235 235 235 235 233 233 233 233 234 233 233 233 232 232 232 231 232 231 232 232 230 230
386 386 386 385 386 386 386 385 385 385 384 246 246 247 246 246 246 245 245 245 245 244 243 244 243 243 243 242 242 242 241 241 242 242 241 241 241 240 240 240 239 239 240 239 239 239 238 238 238 237 237 238 236 236 236 235 235 235 234 235 235 235 235 236 235 235 234 235 235 234 235 235 235 234 234 233 233 233 233 233 234 233 233 232 232 232 231 231 231 231 231 231 230 230
386 386 385 385 386 386 385 385 385 384 384 246 246 246 245 245 244 244 244 244 243 243 243 243 243 243 242 242 242 242 241 241 242 241 241 241 240 240 240 239 239 239 239 239 239 238 238 237 236 236 236 236 236 236 235 235 235 234 234 235 235 235 235 235 235 235 234 235 235 233 234 234 234 234 233 233 233 232 233 234 233 233 233 232 232 231 230 231 230 231 231 230 230 230
386 385 385 385 386 384 384 384 383 383 383 245 244 245 245 244 244 244 244 243 243 243 243 243 243 242 242 242 242 241 241 241 241 241 241 240 240 240 239 239 239 239 238 238 237 237 237 236 236 236 236 236 236 235 235 235 234 234 234 234 235 235 234 235 235 233 233 234 233 233 234 233 234 234 233 233 233 232 233 233 233 233 231 231 231 230 230 231 230 231 231 230 230 229
384 384 384 384 384 384 384 383 383 383 383 244 244 245 244 244 244 244 243 243 243 242 243 243 242 242 242 242 241 241 241 240 241 241 240 240 239 238 238 238 237 238 238 238 237 237 237 236 236 236 236 236 236 235 235 235 234 234 234 234 234 234 234 234 233 233 233 233 233 234 233 233 234 233 233 233 232 232 232 232 232 232 231 231 230 230 231 230 230 231 230 230 229 228
384 384 383 384 384 384 383 383 383 383 382 244 244 244 244 244 244 243 243 243 242 242 243 243 242 242 242 241 241 241 239 240 240 239 239 239 239 238 238 238 237 238 238 237 237 237 236 236 236 235 236 236 235 235 235 234 233 233 233 233 234 233 234 234 233 233 233 233 233 234 233 234 233 233 232 231 231 232 232 232 232 231 231 231 230 230 231 230 230 229 229 229 228 228
384 383 383 384 384 383 383 383 382 382 382 244 244 244 244 244 243 243 243 242 242 242 243 242 241 241 240 240 240 239 239 240 239 239 239 239 238 238 238 237 237 238 237 237 237 236 236 236 235 235 236 234 234 234 233 233 233 232 233 233 233 233 234 233 233 233 233 233 233 233 232 233 232 232 232 231 231 232 232 232 231 231 231 230 230 230 229 229 230 229 229 229 228 228
383 383 383 384 383 383 383 382 382 382 382 243 244 244 244 243 243 242 241 241 241 241 241 241 241 240 240 240 239 239 239 240 239 239 239 238 238 238 237 237 238 237 237 237 236 236 235 234 234 234 234 234 234 233 233 233 232 232 233 233 233 233 233 233 233 232 232 232 232 232 232 232 232 232 231 231 231 231 232 232 231 230 230 229 229 229 229 229 229 229 229 228 228 228
383 383 382 383 383 383 382 382 381 381 380 242 243 242 242 242 242 241 241 241 241 241 241 241 240 240 240 239 239 239 239 239 239 239 238 238 238 237 237 237 237 236 236 235 235 235 235 234 234 234 234 234 234 233 233 233 232 232 233 233 233 233 232 232 232 231 232 232 232 232 231 232 232 231 231 231 230 231 231 230 230 230 229 229 229 229 229 229 229 229 228 228 228 228
382 381 381 382 382 381 381 381 381 380 380 242 242 242 242 242 241 241 241 240 240 241 241 240 240 240 239 239 239 239 238 239 239 238 238 237 236 236 236 235 236 236 236 235 235 235 234 234 234 234 234 234 233 233 233 232 232 231 231 232 232 231 232 232 231 231 232 231 232 232 231 232 232 231 230 230 230 230 230 230 230 229 229 229 229 229 228 228 228 228 228 228 228 228
381 381 382 382 381 381 381 380 380 380 380 241 242 242 242 241 241 241 240 240 240 241 240 240 240 239 239 239 239 237 238 238 237 237 237 236 236 236 236 235 236 236 235 235 235 234 234 234 233 234 234 233 233 232 231 231 231 230 231 232 231 231 232 231 231 231 231 231 232 231 230 231 230 230 230 229 230 230 230 230 230 229 229 228 228 228 228 228 228 228 228 228 228 228
381 381 381 381 381 381 380 380 380 380 241 241 242 242 241 241 241 240 240 240 240 240 239 239 238 238 238 238 237 237 238 237 237 237 236 236 236 236 235 235 236 235 235 235 234 234 234 233 232 233 232 232 232 231 231 231 230 230 231 231 231 231 231 231 231 229 230 230 230 230 230 230 230 230 229 229 230 230 230 229 228 228 228 228 228 228 228 228 228 228 228 228 228 228
381 380 381 381 381 380 380 380 380 379 241 242 242 241 240 240 239 239 239 239 238 239 239 238 238 238 238 237 237 237 237 237 237 236 236 236 236 235 235 235 235 235 234 233 233 233 232 232 232 232 232 232 232 231 231 231 230 230 232 231 231 231 230 230 230 229 230 230 230 230 231 230 230 230 229 228 228 229 229 228 228 228 228 228 228 228 228 228 228 228 228 228 228 228
380 380 381 381 380 379 379 379 378 378 240 240 240 240 240 239 239 239 239 238 238 239 238 238 238 238 237 237 237 236 237 237 236 236 236 236 235 234 234 234 234 234 233 233 233 232 232 232 232 232 232 232 231 231 231 230 229 229 230 230 230 230 230 230 229 229 230 229 230 230 230 229 229 228 228 228 228 229 229 228 228 228 228 228 228 228 228 228 228 228 228 228 228 228
379 379 379 379 379 379 378 378 378 378 239 240 240 240 239 239 239 239 238 238 239 238 238 238 238 237 237 237 236 236 236 236 235 235 235 234 234 234 233 234 234 233 233 233 233 232 232 232 231 232 232 231 230 230 229 229 229 228 230 230 229 230 230 229 229 229 229 229 229 228 229 229 228 228 228 228 228 229 228 228 228 228 228 228 228 228 228 228 228 228 228 228 228 228
379 379 379 379 379 378 378 378 378 239 239 240 240 239 239 239 238 238 238 238 238 238 238 238 236 236 236 235 235 235 236 235 235 235 234 234 234 233 233 234 233 233 233 233 232 232 231 230 231 231 230 230 230 229 229 229 228 228 230 229 229 230 228 228 228 228 228 229 228 228 229 228 228 228 228 228 228 228 228 228 228 228 228 228 228 228 228 228 228 228 228 228 228 228
378 379 379 379 378 378 378 378 377 239 239 240 239 239 239 238 237 237 237 236 237 237 237 236 236 236 235 235 235 236 235 235 235 234 234 234 233 233 233 234 233 232 232 231 231 231 230 230 231 230 230 230 229 229 229 229 228 228 229 228 228 229 228 228 228 228 228 229 228 228 228 228 228 228 228 228 228 228 228 228 228 228 228 228 228 228 228 228 228 228 228 228 228 228
378 379 378 378 378 378 377 376 376 238 238 238 238 238 237 237 237 237 236 236 237 236 236 236 236 235 235 235 234 235 235 235 234 234 234 232 232 232 232 232 232 232 231 231 231 230 230 230 230 230 230 230 229 228 228 228 228 228 228 228 228 228 228 228 228 228 228 228 228 228 228 228 228 228 228 228 228 228 228 228 228 228 228 228 228 228 228 228 228 228 228 228 228 228
377 377 377 377 377 376 376 376 238 237 238 238 238 237 237 237 237 236 236 236 236 236 236 236 235 235 235 234 233 234 234 233 233 233 232 232 232 232 232 232 232 231 231 231 230 230 230 229 229 229 229 228 228 228 228 228 228 228 228 228 228 228 228 228 228 228 228 228 228 228 228 228 228 228 228 228 228 228 228 228 228 228 228 228 228 228 228 228 228 228 228 228 228 228
376 377 377 377 376 376 376 376 237 237 238 238 237 237 237 236 236 236 236 235 236 235 235 234 234 234 233 233 233 234 233 233 233 232 232 232 232 231 232 232 231 231 230 229 229 229 229 228 229 229 228 228 228 228 228 228 228 228 228 228 228 228 228 228 228 228 228 228 228 228 228 228 228 228 228 228 228 228 228 228 228 228 228 228 228 228 228 228 228 228 228 228 228 228
376 377 376 376 376 376 375 237 237 237 237 237 237 236 235 235 235 235 234 234 235 235 234 234 234 233 233 233 233 233 233 233 232 232 232 232 230 230 231 230 230 230 229 229 229 229 228 228 229 228 228 228 228 228 228 228 228 228 228 228 228 228 228 228 228 228 228 228 228 228 228 228 228 228 228 228 228 228 228 228 228 228 228 228 228 228 228 228 228 228 228 228 228 228
376 376 376 375 375 374 374 236 236 235 236 236 236 235 235 235 235 234 234 235 235 234 234 234 233 233 233 233 232 233 232 231 231 231 231 230 230 230 230 230 230 229 229 229 229 228 228 228 228 228 228 228 228 228 228 228 228 228 228 228 228 228 228 228 228 228 228 228 228 228 228 228 228 228 228 228 228 228 228 228 228 228 228 228 228 228 228 228 228 228 228 228 228 228
374 375 375 375 374 374 236 236 235 235 236 236 235 235 235 235 234 234 234 234 234 234 234 232 232 232 232 231 231 232 231 231 231 231 230 230 230 229 230 230 229 228 228 228 228 228 228 228 228 228 228 228 228 228 228 228 228 228 228 228 228 228 228 228 228 228 228 228 228 228 228 228 228 228 228 228 228 228 228 228 228 228 228 228 228 228 228 228 228 228 228 228 228 228
