testData/tiles/oneDegreeCosts/grid24.0-49.0-25.0-50.0.asc
ncols   200
nrows   200
xllcorner   24.0
yllcorner   49.0
cellsize   0.005
NODATA_value   -9999.0
[rows 42 to 83 of 200, columns 94 to 187 of 200]
199 201 201 201 202 203 204 204 205 205 207 207 207 208 208 210 210 210 211 211 211 213 213 213 214 214 215 215 216 216 216 216 217 217 217 218 218 218 218 219 219 219 219 219 219 219 219 219 219 219 219 219 219 219 219 219 219 218 218 218 217 218 218 217 217 217 216 216 215 215 216 215 215 214 214 213 213 212 212 213 212 212 211 211 210 210 209 209 208 208 208 207 207 206
200 201 201 203 203 204 204 205 206 207 207 207 208 209 210 210 210 211 212 213 213 213 214 214 215 215 216 216 216 216 218 218 218 218 218 218 219 219 219 219 219 219 219 220 220 220 220 220 220 220 221 220 220 220 220 219 219 219 220 219 219 219 218 218 217 217 217 217 217 216 216 216 215 215 214 214 214 214 213 213 212 212 211 211 210 210 210 210 209 209 208 208 207 207
201 201 203 203 204 204 206 206 207 207 207 209 209 210 210 211 212 212 213 213 213 214 215 215 216 216 216 216 218 218 218 218 218 219 220 220 220 220 220 220 220 221 221 221 221 221 221 221 221 221 221 221 221 220 220 220 221 220 220 220 219 219 219 218 219 219 218 218 217 217 216 216 216 216 216 215 215 214 214 213 213 212 212 212 212 211 211 210 210 209 209 208 208 207
202 203 203 204 205 206 206 207 207 208 209 209 210 210 212 212 212 213 213 214 215 215 216 216 216 216 218 218 218 218 219 219 220 220 220 220 221 221 222 222 222 222 222 222 222 222 222 222 222 222 222 221 221 222 222 221 221 221 221 220 220 221 220 220 219 219 219 218 218 217 218 217 217 217 216 216 215 215 214 214 214 214 213 213 212 212 211 211 210 210 209 209 209 208
203 203 205 205 206 206 207 208 208 209 209 210 211 212 212 213 213 213 215 215 215 216 216 216 218 218 218 219 219 219 220 220 221 221 221 221 222 222 222 222 222 222 222 223 223 223 223 223 223 222 222 223 223 223 222 222 222 221 221 222 221 221 221 220 220 220 219 220 219 219 218 218 217 217 217 216 216 216 216 215 215 214 214 213 213 212 211 212 211 211 210 210 209 209
203 204 205 205 206 207 208 208 209 209 210 211 212 212 213 213 214 215 215 216 216 216 218 218 218 219 219 219 220 221 221 221 221 221 223 223 223 223 223 223 223 224 224 224 224 224 224 223 224 224 224 224 223 223 223 223 223 223 223 222 222 222 221 221 220 221 221 220 220 219 219 218 218 217 218 217 217 216 216 215 215 214 214 213 214 213 213 212 212 211 211 210 210 209
204 205 205 206 207 208 208 209 209 211 211 212 212 213 214 214 215 215 216 216 217 218 218 219 219 220 220 221 221 221 221 222 223 223 223 223 223 223 224 225 225 225 225 224 224 224 225 225 225 225 224 224 224 224 224 224 224 224 223 223 222 222 223 222 222 221 221 221 220 220 219 220 219 219 218 218 217 217 216 216 215 216 215 215 214 214 213 213 212 211 211 210 211 210
205 205 207 207 208 208 209 210 211 211 212 212 214 214 214 215 215 216 217 218 218 218 219 220 220 221 221 221 222 222 223 223 223 224 224 224 225 225 225 225 225 225 225 226 226 226 226 226 225 225 225 226 226 225 225 225 224 224 224 224 224 224 223 223 222 222 221 221 222 221 221 220 220 219 219 218 218 217 218 217 217 216 216 215 214 214 213 213 212 213 212 212 211 211
206 206 207 208 208 210 210 211 211 212 213 214 214 214 215 215 217 217 218 218 218 220 220 221 221 221 222 222 223 223 224 224 224 224 225 226 226 226 226 226 226 227 227 227 227 227 226 226 226 227 227 226 226 226 226 225 225 226 225 225 224 224 224 223 223 222 223 222 222 222 221 221 220 220 219 220 219 219 218 217 217 216 216 215 215 214 215 214 214 213 212 212 211 211
206 207 207 209 209 210 210 211 212 213 213 214 214 215 216 217 217 218 218 219 220 220 221 221 221 222 223 223 224 224 224 224 226 226 226 226 226 226 226 227 227 227 227 227 227 227 227 228 228 227 227 227 227 226 227 227 226 226 226 225 225 225 224 225 224 224 223 223 222 222 221 221 220 221 220 220 219 219 218 218 217 217 216 217 216 216 215 214 214 213 213 212 212 211
207 208 209 209 210 210 211 212 213 213 214 214 216 216 217 217 218 218 220 220 220 221 221 222 223 223 224 224 224 225 226 226 226 226 227 227 227 228 228 228 228 228 228 228 229 229 229 228 228 228 228 228 228 228 228 227 227 227 226 226 225 226 226 225 225 224 224 223 223 222 223 222 222 221 221 220 220 219 219 218 219 218 218 217 216 216 215 215 214 214 213 212 213 212
208 208 209 210 210 212 212 213 213 214 215 216 216 217 217 218 219 220 220 220 221 221 223 223 223 224 224 224 226 226 226 227 227 227 227 228 228 229 229 229 229 229 230 230 229 229 229 229 229 229 229 229 229 228 228 228 227 227 228 227 227 226 226 226 225 225 224 225 224 224 223 223 222 222 221 221 220 221 220 219 219 218 218 217 217 216 216 215 214 215 214 214 213 213
208 209 209 211 211 212 212 213 215 215 216 216 217 217 219 219 220 220 220 221 222 223 223 224 224 224 226 226 226 227 227 227 227 229 229 229 229 229 229 229 230 230 230 230 230 230 230 230 230 230 230 230 229 229 229 228 267 229 228 228 227 227 226 226 226 226 226 225 225 224 224 223 223 222 221 222 221 221 220 220 219 219 218 218 217 216 217 216 216 215 215 214 213 213
208 210 211 211 212 212 213 214 215 215 216 216 218 218 219 219 220 220 222 222 223 223 224 224 225 226 226 227 227 227 227 229 229 229 229 230 230 268 269 269 269 269 269 269 269 269 269 269 269 269 268 268 268 268 268 268 267 267 267 266 266 265 266 265 265 264 264 263 263 262 262 261 262 261 261 260 222 221 221 220 219 219 218 219 218 218 217 217 216 215 215 214 214 213
210 210 211 211 212 214 214 215 215 216 216 218 218 219 219 220 221 222 222 223 223 224 224 226 226 226 227 227 227 229 267 267 268 268 268 268 269 269 270 270 270 270 270 270 270 270 270 270 270 269 269 270 269 269 269 268 268 268 267 267 267 267 266 266 265 265 264 264 263 263 263 263 262 262 261 261 260 259 259 258 259 258 258 219 218 218 217 217 216 216 215 214 215 214
210 211 211 213 213 214 214 215 216 217 218 218 219 219 220 221 222 222 223 223 224 225 226 226 264 265 265 267 267 267 268 268 268 268 270 270 270 270 270 270 270 271 271 271 271 271 271 270 270 271 271 270 270 270 269 269 268 268 269 268 268 267 267 266 266 265 265 265 265 264 264 263 263 262 261 261 260 261 260 260 259 258 258 257 257 256 256 255 254 217 216 216 215 214
210 211 212 213 214 214 215 216 217 217 218 218 219 221 221 222 222 223 261 263 263 264 264 264 265 266 267 267 267 268 268 268 270 270 270 270 271 271 271 272 272 272 272 272 272 271 271 272 272 271 271 271 270 270 270 269 270 269 269 269 268 268 267 267 266 267 266 266 265 264 264 263 263 262 262 262 262 261 260 260 259 259 258 258 257 256 257 256 256 255 254 254 253 253
212 212 213 213 214 214 216 217 217 218 218 220 220 221 259 260 260 262 262 263 263 264 264 265 266 267 267 268 268 268 270 270 270 271 271 271 271 272 272 272 272 272 272 272 272 273 273 273 272 272 272 271 271 272 271 271 270 270 269 269 268 268 268 268 267 267 266 266 265 265 264 264 264 264 263 262 262 261 261 260 260 259 258 259 258 258 257 256 256 255 255 254 253 253
212 212 213 214 215 216 216 217 217 218 257 258 259 259 260 260 262 262 263 263 264 264 266 266 267 267 268 268 268 270 270 271 271 271 271 272 273 273 273 273 273 273 273 274 274 274 273 273 273 273 272 273 272 272 272 271 271 270 270 269 270 269 269 268 268 267 267 266 266 265 265 265 264 264 263 263 262 262 261 260 260 260 260 259 258 258 257 257 256 255 255 254 254 254
212 213 214 215 215 216 254 255 257 257 258 258 259 259 261 262 262 263 263 264 265 266 266 267 267 268 268 270 270 270 271 271 271 272 273 273 273 274 274 274 274 275 275 275 274 274 274 274 273 274 274 273 273 273 272 272 271 271 271 271 270 270 269 269 268 268 267 266 267 266 266 265 265 264 263 263 262 262 262 262 261 260 260 259 259 258 257 257 256 256 256 255 255 254
212 214 214 253 254 254 256 256 257 257 258 259 260 261 261 262 262 263 264 265 266 266 267 267 268 269 270 270 270 271 271 272 273 273 274 274 274 274 274 275 275 275 275 275 275 275 275 275 275 275 274 274 273 273 273 272 273 272 272 271 271 270 269 269 268 269 268 268 267 267 266 265 265 264 264 263 264 263 262 262 261 261 260 259 259 258 258 258 257 257 256 256 255 254
251 252 253 253 254 255 256 257 257 258 258 260 260 261 262 262 263 264 265 265 266 266 267 268 269 269 270 270 271 271 273 273 273 274 274 274 275 275 276 276 276 276 276 276 276 276 276 276 275 275 275 274 274 273 274 273 273 272 272 271 271 270 270 270 270 269 269 268 267 267 266 266 265 266 265 264 264 263 263 262 261 261 260 260 260 259 259 258 258 257 256 256 255 254
252 252 253 254 255 256 256 257 257 259 259 260 261 261 262 263 264 265 265 266 266 267 268 269 269 270 270 271 271 273 273 274 274 274 275 275 276 276 276 277 277 277 276 276 277 277 277 276 276 276 275 275 275 275 274 274 273 273 272 272 271 272 271 271 270 269 269 268 268 267 266 267 266 266 265 265 264 263 263 262 262 261 261 261 260 259 259 258 258 257 256 256 255 255
252 252 254 255 255 256 256 257 259 259 260 260 261 261 263 264 264 265 265 266 267 268 269 269 270 270 271 272 273 273 274 274 274 275 276 276 277 277 277 277 277 277 278 278 278 277 277 277 276 276 277 276 276 275 275 274 274 273 273 273 272 272 271 271 270 270 269 268 268 268 268 267 267 266 265 265 264 264 263 262 263 262 261 261 260 260 259 258 258 257 257 256 256 256
252 253 254 255 255 256 257 258 259 259 260 260 262 263 263 264 264 265 266 267 268 268 269 269 270 272 272 273 273 274 274 275 276 276 277 277 277 278 278 278 279 279 279 279 278 278 278 277 278 278 277 277 276 276 275 275 274 274 274 273 273 272 272 271 270 270 269 270 269 268 268 267 267 266 265 265 264 265 264 263 263 262 262 261 260 260 259 259 258 258 258 257 256 256
253 254 254 255 255 257 258 258 259 259 260 262 262 263 263 264 265 266 267 267 268 269 269 270 271 272 272 273 273 274 274 276 276 277 277 278 278 278 279 279 279 279 279 279 279 279 279 279 278 278 277 277 276 276 275 276 275 275 274 274 273 272 272 271 271 271 270 270 269 269 268 267 267 266 266 266 265 265 264 264 263 262 262 261 260 260 259 260 259 258 258 257 257 256
253 254 254 256 257 257 258 258 259 261 261 262 262 263 264 264 266 266 267 268 268 269 270 271 272 272 273 273 274 275 276 276 277 277 278 278 278 280 280 280 280 280 280 280 279 280 280 279 279 278 278 277 277 277 277 276 276 275 274 274 273 273 272 272 272 271 271 270 269 269 268 268 267 267 267 266 266 265 264 264 263 262 262 261 262 261 260 260 259 259 258 257 257 256
253 254 255 256 257 257 258 258 260 261 261 262 263 263 265 265 266 267 267 268 268 270 271 271 272 272 273 274 275 276 276 277 277 278 278 280 280 280 281 281 281 281 281 281 281 281 280 280 279 279 278 279 278 278 277 276 276 275 275 274 273 274 273 273 272 271 271 270 270 269 268 269 268 267 267 266 266 265 264 264 263 263 263 262 262 261 260 260 259 259 258 257 257 256
253 255 256 256 257 257 258 260 260 261 261 262 263 264 265 266 266 267 267 269 270 270 271 271 272 273 274 275 275 276 276 277 278 279 280 280 280 281 281 281 281 282 282 282 281 281 281 280 280 279 279 279 278 278 277 277 276 275 275 275 275 274 273 273 272 272 271 270 270 270 269 269 268 268 267 266 266 265 265 264 264 264 263 262 262 261 261 260 259 259 258 257 258 257
254 255 256 256 257 258 259 260 260 261 262 263 264 264 265 266 266 267 268 269 270 270 271 272 272 274 274 275 276 276 277 277 279 279 280 280 281 281 282 282 283 283 283 282 282 281 281 280 281 280 280 279 279 278 277 277 276 277 276 275 275 274 273 273 272 272 271 271 271 270 270 269 268 268 267 266 266 265 266 265 264 264 263 262 262 261 261 260 259 259 259 258 258 257
254 255 256 256 258 259 259 260 260 261 263 263 264 264 265 266 267 268 269 269 270 270 271 273 273 274 275 275 276 276 278 279 279 280 280 281 281 282 283 284 284 284 283 283 282 282 282 282 281 281 280 279 279 278 278 278 277 277 276 275 275 274 274 273 272 273 272 271 271 270 270 269 268 268 267 268 267 266 266 265 264 264 263 263 262 261 261 261 260 260 259 259 258 257
254 255 256 257 258 259 259 260 260 262 263 263 264 265 265 267 267 268 269 269 270 271 272 273 273 274 275 275 276 277 278 279 279 280 281 281 283 283 284 284 284 284 284 283 283 283 283 282 281 281 280 279 279 279 279 278 277 277 276 276 275 274 274 274 273 273 272 272 271 270 270 269 268 269 268 268 267 266 266 265 264 264 263 263 262 262 262 261 260 260 259 259 258 257
254 256 257 257 258 259 259 261 261 262 263 263 264 265 266 267 267 268 269 269 271 272 272 273 273 274 275 276 277 278 278 279 279 280 281 282 283 284 284 285 285 285 284 285 284 283 283 282 281 281 280 280 280 279 279 278 277 277 276 276 275 275 275 274 273 273 272 272 271 270 270 269 269 269 268 268 267 266 266 265 264 264 263 264 263 262 262 261 260 260 259 259 258 257
255 256 257 257 258 259 260 261 261 262 263 263 265 266 266 267 267 268 269 270 271 272 272 273 273 274 276 276 277 278 278 279 279 281 282 282 283 284 284 285 286 286 285 285 284 283 283 282 281 281 281 281 280 279 279 278 277 277 276 277 276 275 275 274 273 273 272 272 271 270 271 270 269 269 268 268 267 266 266 265 264 265 264 264 263 262 262 261 260 260 259 259 258 257
255 256 257 257 258 260 260 261 261 262 263 264 265 266 266 267 267 268 270 270 271 272 272 273 273 275 276 276 277 278 278 279 280 281 282 282 283 284 284 285 286 286 285 285 284 283 283 282 282 282 281 281 280 279 279 278 277 277 277 277 276 275 275 274 273 273 272 272 272 271 271 270 269 269 268 268 267 266 266 266 265 265 264 264 263 262 262 261 260 260 259 259 259 258
255 256 257 257 259 260 260 261 261 262 264 264 265 266 266 267 268 269 270 270 271 272 272 274 274 275 276 276 277 277 278 280 280 281 282 282 283 283 285 285 285 285 285 284 284 283 283 283 282 282 281 280 280 279 279 278 278 278 277 277 276 275 275 274 273 273 273 273 272 271 271 270 269 269 268 268 267 267 267 266 265 265 264 264 263 262 262 261 260 261 260 260 259 258
255 256 258 258 259 260 260 261 261 263 264 264 265 265 266 268 268 269 270 270 271 271 273 274 274 275 276 276 277 278 279 280 280 281 281 282 282 284 284 285 285 285 284 284 284 284 283 283 282 282 281 280 280 279 280 279 278 278 277 276 276 275 275 274 274 274 273 272 272 271 271 270 269 269 268 269 268 267 267 266 265 265 264 264 263 262 262 262 261 261 260 260 259 258
255 257 258 258 259 259 260 262 262 263 264 264 265 265 267 268 268 269 269 270 271 272 273 274 274 275 275 276 278 278 279 279 280 280 281 281 283 283 284 284 284 284 284 284 284 283 283 282 282 281 281 280 280 280 279 279 278 278 277 276 276 275 275 275 274 274 273 272 272 271 271 270 269 270 269 268 268 267 267 266 265 265 264 263 263 263 263 262 261 261 260 259 259 258
256 257 258 258 259 259 261 262 262 263 263 264 265 266 267 268 268 269 269 271 272 272 273 273 274 275 275 277 277 278 278 279 280 280 282 282 282 283 283 283 284 284 284 285 284 284 284 283 283 282 281 282 281 281 280 280 279 278 278 277 277 277 276 276 275 275 274 273 273 272 271 271 271 270 269 268 268 267 267 266 265 265 264 264 264 263 263 262 261 261 260 259 259 258
256 257 257 258 259 260 261 261 262 263 263 265 266 266 267 267 268 269 270 271 271 272 273 273 274 275 276 277 277 278 278 279 280 282 282 283 283 283 284 284 284 285 285 285 285 285 284 284 283 283 283 283 282 282 281 280 280 279 279 279 278 278 277 277 276 275 275 274 274 272 272 272 271 270 270 269 269 268 267 267 266 266 265 264 264 263 262 262 261 261 260 259 259 258
256 257 257 258 260 260 261 261 262 263 264 265 265 266 267 267 268 269 270 271 271 272 272 273 275 275 277 277 278 278 279 279 281 281 283 283 283 284 284 284 285 285 285 285 284 284 284 284 284 283 283 283 283 282 282 281 281 280 280 280 279 278 277 276 276 275 275 274 274 274 273 273 272 271 271 270 270 269 268 267 267 266 266 265 265 264 263 262 261 261 260 259 259 259
256 257 257 259 259 260 261 261 262 263 264 265 265 266 266 267 269 269 270 270 271 273 273 275 275 276 276 277 278 279 280 281 281 282 282 283 283 283 285 285 285 285 285 285 285 285 284 285 284 284 283 283 282 282 281 281 281 281 280 280 279 278 278 277 277 276 275 276 275 275 274 273 273 272 272 270 269 269 269 269 268 267 267 266 265 264 263 263 262 261 261 261 260 259
