testData/tiles/oneDegreeCosts/grid21.0-45.0-22.0-46.0.asc
ncols   200
nrows   200
xllcorner   21.0
yllcorner   45.0
cellsize   0.005
NODATA_value   -9999.0
[rows 0 to 41 of 200, columns 0 to 93 of 200]
623 624 624 625 625 626 626 626 626 627 627 627 627 628 628 628 628 628 629 629 629 629 629 630 630 630 630 630 631 631 631 631 631 632 632 632 632 632 633 633 633 633 633 633 634 634 634 634 634 634 635 635 635 635 707 707 708 708 707 707 707 707 707 708 708 708 479 479 479 479 480 480 480 480 480 480 480 480 481 481 481 481 480 480 480 480 481 481 481 481 481 481 481 481
625 625 625 625 626 626 626 626 627 627 627 627 627 628 628 628 628 629 629 629 629 629 630 630 630 630 630 631 631 631 631 631 632 632 632 632 632 632 633 633 633 633 633 633 634 634 634 634 634 634 635 635 635 635 707 707 708 708 708 708 708 708 708 709 709 709 709 480 479 479 480 480 480 480 480 480 480 481 481 481 481 481 481 481 481 482 482 482 481 481 481 481 481 481
625 625 625 625 626 626 626 626 627 627 627 627 628 628 628 628 628 629 629 629 629 630 631 631 631 631 631 632 632 632 632 632 633 633 633 633 633 634 634 634 633 633 633 634 634 634 634 634 634 635 635 635 635 707 707 708 708 708 708 708 708 708 709 709 709 709 709 709 480 481 481 481 481 481 481 480 480 481 481 481 481 481 481 481 481 482 482 482 482 482 482 482 482 482
625 625 625 626 627 627 627 628 628 628 628 628 629 629 629 629 630 630 630 630 630 631 631 631 631 631 632 632 632 632 632 633 633 633 633 633 633 634 634 634 634 634 635 635 635 635 635 635 636 636 636 636 636 708 708 709 709 708 708 708 708 709 709 709 709 709 709 709 480 481 481 481 481 481 481 481 482 482 482 482 482 481 481 481 482 482 482 482 482 482 482 482 483 483
626 626 626 627 627 627 627 628 628 628 628 629 629 629 629 629 630 630 630 630 630 631 631 631 631 631 632 632 632 632 632 633 633 633 633 633 634 634 634 634 634 634 635 635 635 635 635 635 636 636 636 636 636 708 709 709 709 709 709 709 709 710 710 710 710 710 709 709 710 481 481 481 481 481 481 482 482 482 482 482 482 482 482 483 483 483 483 482 482 482 482 482 483 483
626 626 627 627 627 627 627 628 628 628 628 629 629 629 629 630 630 630 630 630 631 631 631 631 631 632 632 632 632 632 633 633 633 633 633 633 634 634 634 634 634 635 635 635 635 635 635 636 636 636 636 636 708 708 709 709 709 709 709 709 710 710 710 710 710 710 710 711 711 711 482 482 482 481 481 482 482 482 482 482 482 482 482 483 483 483 483 483 483 483 483 483 483 483
626 626 627 627 627 627 628 628 628 628 629 630 630 630 630 631 631 631 631 631 632 632 632 632 632 633 633 633 633 633 634 634 634 634 634 635 635 635 635 635 635 636 636 636 636 636 636 637 637 637 637 636 708 709 709 709 709 709 709 709 710 710 710 710 710 710 710 711 711 711 711 482 482 482 483 483 483 483 483 482 482 482 483 483 483 483 483 483 483 483 483 484 484 484
627 627 628 628 628 628 629 629 629 629 630 630 630 630 630 631 631 631 631 632 632 632 632 632 633 633 633 633 633 634 634 634 634 634 634 635 635 635 635 635 636 636 636 636 636 636 637 637 637 637 637 637 709 710 710 710 710 710 710 711 711 710 710 710 710 710 711 711 711 711 711 711 482 482 483 483 483 483 483 483 483 484 484 484 483 483 483 483 483 483 484 484 484 484
627 628 628 628 628 629 629 629 629 629 630 630 630 630 631 631 631 631 631 632 632 632 632 632 633 633 633 633 633 634 634 634 634 634 635 635 635 635 635 635 636 636 636 636 636 636 637 637 637 637 637 637 710 710 710 710 710 710 710 711 711 711 711 711 711 711 712 712 711 711 711 711 711 483 483 483 483 483 483 483 483 484 484 484 484 484 484 484 483 484 484 484 484 484
627 628 628 628 628 629 629 629 629 630 630 630 630 630 631 631 631 631 632 632 632 632 632 633 633 633 633 633 634 634 634 634 634 634 635 635 635 635 635 635 636 636 636 636 636 637 637 637 637 637 637 709 710 710 710 710 710 710 711 711 711 711 711 711 711 712 712 712 712 712 712 712 713 713 483 483 483 483 483 483 484 484 484 484 484 484 484 484 484 485 485 485 484 484
628 628 628 628 628 629 629 629 629 630 631 631 631 632 632 632 632 632 633 633 633 633 633 634 634 634 634 634 635 635 635 635 635 636 636 636 636 636 636 637 637 637 637 637 637 638 638 638 638 638 638 710 710 710 710 710 710 710 711 711 711 711 711 711 711 712 712 712 712 712 712 712 713 713 484 484 484 484 484 483 484 484 484 484 484 484 484 484 485 485 485 485 485 485
628 629 629 629 630 630 630 630 631 631 631 631 631 632 632 632 632 632 633 633 633 633 634 634 634 634 634 634 635 635 635 635 635 636 636 636 636 636 636 637 637 637 637 637 638 638 638 638 638 638 638 711 711 711 711 711 711 712 712 712 711 711 711 711 712 712 712 712 712 712 712 713 713 713 713 484 484 484 484 485 485 485 485 484 484 484 484 485 485 485 485 485 485 485
629 629 629 629 630 630 630 630 631 631 631 631 632 632 632 632 632 633 633 633 633 633 634 634 634 634 634 635 635 635 635 635 636 636 636 636 636 636 637 637 637 637 637 637 638 638 638 638 638 638 711 711 711 711 711 711 711 712 712 712 712 712 712 712 713 713 712 712 712 712 712 713 713 713 713 713 484 484 484 485 485 485 485 485 485 485 485 485 485 485 485 485 485 485
629 629 629 630 630 630 630 630 631 631 631 631 632 632 632 632 632 633 633 633 633 633 634 634 634 634 634 635 635 635 635 635 636 636 636 636 636 636 637 637 637 637 637 638 638 638 638 638 638 638 711 711 711 711 711 711 712 712 712 712 712 712 712 713 713 713 713 713 713 713 714 714 713 713 713 713 713 484 485 485 485 485 485 485 485 485 486 486 486 486 485 485 485 485
629 629 629 630 630 630 630 631 631 631 631 631 632 632 632 632 633 633 634 634 634 635 635 635 635 635 636 636 636 636 636 636 637 637 637 637 637 638 638 638 638 638 638 638 638 638 638 638 638 639 711 711 711 711 711 711 712 712 712 712 712 712 713 713 713 713 713 713 713 713 714 714 714 714 714 714 713 714 485 485 485 485 485 485 485 485 486 486 486 486 486 486 486 486
629 629 630 630 630 630 630 631 632 632 632 633 633 633 633 633 634 634 634 634 634 635 635 635 635 635 636 636 636 636 636 637 637 637 637 637 637 638 638 638 638 638 638 639 639 639 639 639 639 640 712 712 712 711 711 712 712 712 712 712 712 712 713 713 713 713 713 713 713 714 714 714 714 714 714 714 714 715 486 486 485 485 485 485 485 486 486 486 486 486 486 486 486 486
629 630 631 631 631 631 632 632 632 632 632 633 633 633 633 634 634 634 634 634 635 635 635 635 635 636 636 636 636 636 636 637 637 637 637 637 638 638 638 638 638 638 639 639 639 639 639 639 640 712 712 712 712 712 712 713 713 713 713 713 712 713 713 713 713 713 713 713 713 714 714 714 714 714 714 714 715 715 715 486 486 486 486 485 486 486 486 486 486 486 486 486 486 487
630 630 631 631 631 631 632 632 632 632 633 633 633 633 633 634 634 634 634 634 635 635 635 635 635 636 636 636 636 636 637 637 637 637 637 637 638 638 638 638 638 638 639 639 639 639 639 639 640 712 712 712 712 712 713 713 713 713 713 713 713 714 714 714 714 713 713 713 714 714 714 714 714 714 714 714 715 715 715 715 486 486 486 486 487 487 486 486 486 486 486 486 487 487
630 631 631 631 631 631 632 632 632 632 633 633 633 633 633 634 634 634 634 635 635 635 635 635 636 636 636 636 636 636 637 637 637 637 637 638 638 638 638 638 638 639 639 639 639 639 639 640 640 712 712 712 712 712 713 713 713 713 713 713 714 714 714 714 714 714 714 714 715 714 714 714 714 714 714 715 715 715 715 715 715 486 486 487 487 487 487 487 487 486 486 486 487 487
630 631 631 631 631 632 632 632 632 632 633 633 633 633 634 634 634 634 634 635 635 635 635 635 636 636 636 636 636 637 637 637 637 637 637 638 638 638 638 638 638 639 639 639 639 639 639 640 640 712 712 712 712 713 713 713 713 713 713 713 714 714 714 714 714 714 714 715 715 715 715 715 715 714 714 715 715 715 715 715 715 486 486 487 487 487 487 487 487 487 487 487 487 487
630 631 631 631 631 632 632 632 632 633 633 633 633 633 634 634 634 634 634 635 636 636 636 636 637 637 637 637 637 638 638 638 638 638 639 639 639 639 639 639 640 639 639 639 639 639 640 640 712 712 712 712 712 713 713 713 713 713 713 714 714 714 714 714 714 714 714 715 715 715 715 715 715 715 716 716 715 715 715 715 715 715 487 487 487 487 487 487 487 487 487 488 488 487
631 631 631 631 632 632 632 632 632 633 633 634 634 635 635 635 635 635 636 636 636 636 636 637 637 637 637 637 638 638 638 638 638 638 639 639 639 639 639 639 640 640 640 640 640 640 641 641 713 713 712 712 713 713 713 713 713 713 713 714 714 714 714 714 714 714 715 715 715 715 715 715 715 715 716 716 716 716 715 715 715 715 716 487 487 487 487 487 487 487 488 488 488 488
631 631 631 631 632 632 633 633 634 634 634 634 634 635 635 635 635 635 636 636 636 636 636 637 637 637 637 637 638 638 638 638 638 638 639 639 639 639 639 640 640 640 640 640 640 641 641 641 713 713 713 713 714 714 714 713 713 713 714 714 714 714 714 714 714 714 715 715 715 715 715 715 715 716 716 716 716 716 716 716 716 716 716 487 487 487 487 487 487 487 488 488 488 488
631 631 632 632 633 633 633 633 634 634 634 634 634 635 635 635 635 636 636 636 636 636 637 637 637 637 637 637 638 638 638 638 638 639 639 639 639 639 639 640 640 640 640 640 640 641 641 641 713 713 713 714 714 714 714 714 714 714 715 714 714 714 714 714 714 715 715 715 715 715 715 715 716 716 716 716 716 716 716 716 717 717 717 716 487 487 487 487 487 488 488 488 488 488
632 632 632 633 633 633 633 633 634 634 634 634 635 635 635 635 635 636 636 636 636 636 637 637 637 637 637 638 638 638 638 638 638 639 639 639 639 639 640 640 640 640 640 640 641 641 641 641 713 713 713 714 714 714 714 714 714 715 715 715 715 715 714 714 714 715 715 715 715 715 715 715 716 716 716 716 716 716 716 716 717 717 717 717 717 487 487 487 488 488 488 488 488 488
632 632 632 633 633 633 633 634 634 634 634 634 635 635 635 635 635 636 636 636 636 636 637 637 637 637 637 638 638 638 638 638 639 639 639 639 639 639 640 640 640 640 640 640 641 641 641 713 713 713 714 714 714 714 714 714 714 715 715 715 715 715 715 715 716 715 715 715 715 715 715 716 716 716 716 716 716 716 716 717 717 717 717 717 717 717 487 487 488 488 488 488 488 488
632 632 633 633 633 633 633 634 634 634 634 635 635 635 635 635 636 636 636 636 636 637 637 637 637 637 638 638 638 638 638 638 639 639 639 639 639 639 640 640 640 640 640 640 641 641 641 713 713 713 714 714 714 714 714 714 714 715 715 715 715 715 715 715 716 716 716 715 715 715 715 716 716 716 716 716 716 716 716 717 717 717 717 717 717 717 488 489 488 488 488 488 488 488
632 632 633 633 633 633 634 634 634 634 634 635 635 635 635 635 636 636 636 636 636 637 637 637 637 637 638 638 638 638 638 639 639 639 639 639 639 640 640 640 640 640 640 641 641 641 641 713 713 714 714 714 714 714 714 714 715 715 715 715 715 715 715 716 716 716 716 716 716 715 716 716 716 716 716 716 716 716 717 717 717 717 717 717 717 717 717 489 489 488 488 488 488 488
632 632 633 633 633 633 634 634 634 634 634 635 635 635 635 636 636 636 636 636 637 637 637 637 637 637 638 638 638 638 638 639 639 639 639 639 639 640 640 640 640 640 640 641 641 641 641 713 713 714 714 714 714 714 714 714 715 715 715 715 715 715 715 716 716 716 716 716 716 716 716 716 716 716 716 716 716 716 717 717 717 717 717 717 717 717 718 718 489 489 488 488 488 488
632 633 633 633 633 633 634 634 634 634 635 635 635 635 635 636 636 636 636 636 637 637 637 637 637 638 638 638 638 638 638 639 639 639 639 639 640 640 640 640 640 640 641 641 641 641 641 713 713 714 714 714 714 714 714 715 715 715 715 715 715 715 716 716 716 716 716 716 716 717 717 717 716 716 716 716 716 717 717 717 717 717 717 717 717 717 718 718 489 489 489 488 488 488
632 633 633 633 633 634 634 634 634 634 635 635 635 635 635 636 636 636 636 636 637 637 637 637 637 638 638 638 638 638 639 639 639 639 639 639 640 640 640 640 640 640 641 641 641 641 641 713 714 714 714 714 714 714 714 715 715 715 715 715 715 715 716 716 716 716 716 716 716 717 717 717 717 716 716 716 716 717 717 717 717 717 717 717 717 718 718 718 718 489 489 488 488 488
632 633 633 633 633 634 634 634 634 634 635 635 635 635 636 636 636 636 636 637 637 637 637 637 638 638 638 638 638 638 639 639 639 639 639 640 640 640 640 640 640 641 641 641 641 641 713 713 714 714 714 714 714 714 715 715 715 715 715 715 715 716 716 716 716 716 716 716 717 717 717 717 717 716 716 716 717 717 717 717 717 717 717 717 717 718 718 718 718 718 489 489 488 489
633 633 633 633 633 634 634 634 634 635 635 635 635 635 636 636 636 636 636 637 637 637 637 637 638 638 638 638 638 639 639 639 639 639 639 640 640 640 640 640 640 641 641 641 641 641 713 714 714 714 714 714 714 714 715 715 715 715 715 715 715 716 716 716 716 716 716 716 717 717 717 717 717 717 716 716 717 717 717 717 717 717 717 717 718 718 718 718 718 718 489 489 488 489
633 633 633 633 634 634 634 634 634 635 635 635 635 635 636 636 636 636 637 637 637 637 637 637 638 638 638 638 638 639 639 639 639 639 639 640 640 640 640 640 640 641 641 641 641 641 713 714 714 714 714 714 714 715 715 715 715 715 715 715 716 716 716 716 716 716 716 716 717 717 717 717 717 717 716 717 717 717 717 717 717 717 717 718 718 718 718 718 718 718 718 489 490 489
633 633 633 633 634 634 634 634 635 635 635 635 635 636 636 636 636 636 637 637 637 637 637 638 638 638 638 638 638 639 640 639 639 639 640 640 640 640 640 640 641 641 641 641 641 641 714 714 714 714 714 714 714 715 715 715 715 715 715 715 716 716 716 716 716 716 716 717 717 717 717 717 717 717 716 717 717 717 717 717 717 717 717 718 718 718 718 718 718 718 718 489 490 489
633 633 633 633 634 634 634 634 635 635 635 635 635 636 636 636 636 636 637 637 637 637 637 638 638 638 638 638 639 639 639 639 639 639 640 640 640 640 640 640 641 641 641 641 641 641 714 714 714 714 714 714 715 715 715 715 715 715 715 716 716 716 716 716 716 716 716 717 717 717 717 717 717 717 717 717 717 717 717 717 717 717 718 718 718 718 718 718 718 718 718 719 490 489
633 633 633 634 634 634 634 634 635 635 635 635 636 636 636 636 636 637 637 637 637 637 638 638 638 638 638 638 639 639 639 639 639 640 640 640 640 640 640 641 641 641 641 641 641 642 714 714 714 714 714 714 715 715 715 715 715 715 715 716 716 716 716 716 716 716 717 717 717 717 717 717 717 717 717 717 717 717 717 717 717 717 718 718 718 718 718 718 718 718 718 719 718 489
633 633 633 634 634 634 634 635 635 635 635 635 636 636 636 636 636 637 637 637 637 637 638 638 638 638 638 639 639 639 639 639 639 640 640 640 640 640 640 641 641 641 641 641 641 642 714 714 714 714 714 714 715 715 715 715 715 715 716 716 716 716 716 716 716 716 717 717 717 717 717 717 717 717 717 717 717 717 717 717 717 718 718 718 718 718 718 718 718 718 719 719 718 489
633 633 633 634 634 634 634 635 635 635 635 635 636 636 636 636 636 637 637 637 637 637 638 638 638 638 638 639 639 639 639 639 639 640 640 640 640 640 640 641 641 641 641 641 641 714 714 714 714 714 714 715 715 715 715 715 715 715 716 716 716 716 716 716 716 717 717 717 717 717 717 717 717 717 717 717 717 717 717 717 717 718 718 718 718 718 718 718 718 718 719 718 718 718
633 633 634 634 634 634 634 635 635 635 635 636 636 636 636 636 637 637 637 637 637 638 638 638 638 638 638 639 639 639 639 639 640 640 640 640 640 640 641 641 641 641 641 641 642 714 714 714 714 714 714 715 715 715 715 715 715 715 716 716 716 716 716 716 716 717 717 717 717 717 717 717 717 717 717 717 717 717 717 717 718 718 718 718 718 718 718 718 718 719 719 718 718 718
633 633 634 634 634 634 635 635 635 635 635 636 636 636 636 636 637 637 637 637 637 638 638 638 638 638 639 639 639 639 639 639 640 640 640 640 640 640 641 641 641 641 641 641 642 714 714 714 714 714 715 715 715 715 715 715 715 716 716 716 716 716 716 716 717 717 717 717 717 717 716 716 717 717 717 717 717 717 717 717 718 718 718 718 718 718 718 718 718 719 718 718 718 718
633 633 634 634 634 634 635 635 635 635 635 636 636 636 636 636 637 637 637 637 637 638 638 638 638 638 639 639 639 639 639 639 640 640 640 640 640 641 641 641 641 641 641 642 642 714 714 714 714 714 715 715 715 715 715 715 715 716 716 716 716 716 716 716 717 717 717 717 717 716 716 717 717 717 717 717 717 717 717 717 718 718 718 718 718 718 718 718 719 718 718 718 718 718
