testData/tiles/oneDegreeCosts/grid13.0-31.0-14.0-32.0.asc
ncols   200
nrows   200
xllcorner   13.0
yllcorner   31.0
cellsize   0.005
NODATA_value   -9999.0
[rows 123 to 163 of 200, columns 93 to 185 of 200]
609 608 608 607 607 607 607 606 605 605 604 684 683 683 682 682 681 680 680 679 679 678 678 677 574 574 574 573 573 572 572 571 570 570 569 568 568 567 566 566 565 579 579 578 577 577 576 575 574 574 573 572 571 571 570 569 568 567 566 565 564 563 563 562 561 560 559 558 558 557 556 555 554 553 552 551 550 549 548 547 546 545 544 543 542 541 540 539 538 537 535 535 728
609 608 608 607 606 606 605 605 604 605 604 604 683 683 682 681 681 680 680 679 679 678 677 677 574 574 573 572 572 571 570 570 569 569 568 567 567 566 565 565 564 563 562 577 576 575 575 574 573 572 572 571 570 569 569 568 567 566 566 565 564 563 562 562 561 560 559 558 557 556 556 555 554 553 551 550 549 548 547 546 545 544 543 542 541 540 539 538 536 535 535 535 728
608 608 607 607 606 606 605 605 604 604 603 603 682 682 682 681 681 680 680 679 678 678 677 575 574 573 573 572 572 571 570 570 569 568 568 567 566 566 565 564 564 563 562 562 561 575 574 574 573 572 572 571 570 569 569 568 567 566 565 565 564 563 562 561 561 560 559 558 557 556 554 554 553 552 551 550 549 548 547 546 545 544 543 542 541 539 538 537 536 535 535 729 728
607 608 607 607 606 606 605 605 604 603 603 602 682 681 681 680 680 679 679 679 678 678 677 574 574 573 573 572 571 571 570 569 569 568 568 567 566 566 565 564 564 563 562 561 561 560 574 574 573 572 571 571 570 569 568 568 567 566 565 564 564 563 562 561 560 559 558 557 556 555 554 553 552 552 551 550 549 548 547 546 545 544 542 541 540 539 538 537 536 535 535 729 728
607 607 606 606 605 605 605 604 604 603 603 602 682 681 681 680 679 679 678 678 677 676 574 573 573 573 572 572 571 571 570 569 569 568 567 567 566 565 565 564 563 563 562 561 561 560 559 558 573 572 571 570 570 569 568 567 567 566 564 563 562 562 561 560 559 558 557 557 556 555 554 553 552 551 550 549 549 548 546 545 544 543 542 541 540 539 538 537 536 535 535 727 726
607 606 606 605 605 604 604 603 604 603 603 602 681 681 680 680 679 679 678 677 677 676 574 573 572 572 571 571 570 569 569 568 567 567 566 566 565 564 565 564 563 562 562 561 560 559 558 557 556 556 555 569 568 568 567 566 565 565 564 563 562 561 561 560 559 558 557 556 556 555 554 553 552 551 550 548 547 546 545 545 544 543 542 541 540 539 538 537 534 534 728 727 726
607 606 606 605 605 604 604 603 603 602 601 601 680 681 680 680 679 678 678 677 677 574 574 573 572 572 571 570 570 569 569 568 567 567 566 565 565 564 563 563 562 561 561 560 559 558 558 557 556 556 555 554 553 568 567 566 565 564 564 563 562 561 560 560 559 558 557 556 555 554 553 552 551 550 549 548 547 546 545 544 543 542 541 540 539 537 536 535 534 534 728 727 726
606 606 606 605 604 604 603 603 602 602 601 601 680 680 679 678 678 677 678 677 677 574 573 573 572 572 571 570 570 569 568 568 567 566 566 565 564 564 563 562 562 561 560 560 559 558 558 557 556 555 555 554 553 552 552 566 565 564 563 563 562 561 560 559 559 557 556 555 554 553 552 551 551 550 549 548 547 546 545 544 543 542 540 539 538 537 536 535 534 534 728 727 726
605 605 604 604 603 604 603 603 602 602 601 601 680 679 679 678 678 677 677 676 573 573 572 572 571 571 571 570 569 569 568 568 567 566 566 565 564 564 563 562 562 561 560 559 559 558 557 557 556 555 554 554 553 552 551 551 550 564 562 561 561 560 559 558 557 556 556 555 554 553 552 551 550 549 549 548 547 546 544 543 542 541 540 539 538 537 536 535 534 729 728 725 724
605 605 604 604 603 603 602 602 601 601 601 600 680 679 679 678 677 677 676 676 573 573 572 571 571 570 570 569 568 568 567 566 566 565 564 564 563 562 562 561 560 560 559 558 558 557 556 555 555 554 553 552 552 551 550 549 549 548 547 561 560 560 559 558 557 556 555 555 554 553 552 551 550 549 547 546 545 544 544 543 542 541 540 539 538 537 536 534 533 727 726 725 724
605 604 604 603 603 602 602 601 601 600 600 599 679 679 678 678 677 677 676 676 573 572 572 571 571 570 569 569 568 567 567 566 565 565 564 564 563 562 562 561 560 559 559 558 557 557 556 555 554 554 553 552 551 551 550 549 548 548 547 546 545 544 558 558 557 556 555 554 553 553 551 550 549 548 547 546 545 544 543 542 541 540 539 538 537 535 534 533 533 727 726 725 724
604 603 604 603 603 602 602 601 601 600 599 599 678 678 677 677 676 676 675 573 573 572 572 571 570 570 569 568 568 567 567 566 565 565 564 563 563 562 561 561 560 559 559 558 557 556 556 555 554 553 553 552 551 550 550 549 548 547 547 546 545 544 543 542 556 555 554 553 552 551 550 549 549 548 547 546 545 544 543 542 541 539 538 537 536 535 534 533 728 727 726 725 724
604 603 603 602 602 602 601 601 600 600 599 599 678 678 677 676 676 675 675 572 572 571 570 570 569 569 569 568 568 567 566 566 565 564 564 563 562 562 561 560 560 559 558 558 557 556 555 555 554 553 552 552 551 550 549 549 548 546 545 544 544 543 542 541 540 539 539 553 552 551 550 549 548 547 547 546 545 544 542 541 540 539 538 537 536 535 534 533 728 727 724 723 722
603 603 602 602 601 601 600 600 599 599 599 599 678 677 677 676 676 675 573 572 571 571 570 570 569 568 568 567 566 566 565 565 564 563 563 562 561 561 560 559 558 558 557 556 556 555 554 553 553 552 551 550 550 549 548 547 547 546 545 544 543 543 542 541 540 539 538 538 537 551 550 549 548 546 545 544 543 542 541 540 540 539 538 537 536 534 533 533 726 725 724 723 722
603 603 602 602 601 601 600 600 599 598 598 597 597 676 676 676 675 675 572 572 571 571 570 569 569 568 567 567 566 566 565 564 564 563 562 562 561 560 560 559 558 558 557 556 555 555 554 553 553 552 551 550 549 549 548 547 546 546 545 544 543 542 542 541 540 539 538 537 535 535 534 533 547 546 545 544 543 542 541 540 539 538 537 536 534 533 533 727 726 725 724 723 722
602 601 601 601 601 600 600 599 599 598 598 597 597 676 675 675 674 572 571 570 570 570 570 569 568 568 567 567 566 565 565 564 563 563 562 561 561 560 559 559 558 557 557 556 555 554 554 553 552 552 551 550 549 548 548 547 546 545 545 544 543 542 540 539 539 538 537 536 535 534 533 532 532 531 530 544 543 542 541 540 538 537 536 535 534 533 533 727 726 725 724 722 720
602 601 601 600 600 599 599 599 599 598 597 597 596 676 675 675 674 571 571 570 570 569 568 568 567 567 566 565 565 564 564 564 563 563 562 561 561 560 559 558 558 557 556 556 555 554 553 553 552 551 551 550 549 547 546 546 545 544 543 542 542 541 540 539 538 537 537 536 535 534 533 532 531 530 529 528 527 526 540 539 538 537 536 535 534 533 533 726 725 723 722 721 720
602 601 601 600 599 599 598 598 597 597 596 597 596 676 675 674 572 571 571 570 569 569 568 568 567 566 566 565 565 564 563 563 562 561 561 560 559 559 558 557 557 556 555 554 554 553 552 552 551 550 549 549 548 547 546 545 545 544 543 542 541 541 540 539 538 537 536 535 535 534 533 532 530 529 528 527 526 525 524 523 522 536 535 534 533 532 726 725 724 723 722 721 720
601 601 600 600 599 599 598 598 597 597 596 595 595 674 674 673 571 571 570 570 569 569 568 567 567 566 566 565 564 564 563 562 562 561 560 560 559 558 558 557 556 556 555 554 553 553 552 551 551 550 549 548 547 547 546 545 544 544 543 542 541 540 539 539 538 537 535 534 533 532 532 531 530 529 528 527 526 525 524 523 522 521 520 518 517 531 726 725 724 723 722 720 719
600 600 599 599 599 599 598 597 597 596 596 595 595 674 674 571 570 570 569 569 568 567 567 567 567 566 565 565 564 563 563 562 561 561 560 559 559 558 557 557 556 555 555 554 553 552 552 551 550 549 549 548 547 546 546 545 544 543 542 542 540 539 538 537 536 536 535 534 533 532 531 530 529 528 528 527 526 525 524 522 521 520 519 518 517 516 711 710 723 722 721 719 718
600 599 599 598 598 597 597 596 597 596 596 595 594 674 673 571 570 570 569 568 568 567 567 566 565 565 564 563 563 562 562 561 560 560 559 558 558 558 557 556 556 555 554 554 553 552 550 550 549 548 547 547 546 545 544 544 543 542 541 540 540 539 538 537 536 535 534 534 533 532 531 530 529 528 527 525 524 523 522 521 520 519 518 517 516 516 710 709 707 706 705 704 718
600 599 599 598 598 597 596 596 595 595 594 594 593 674 571 570 570 569 569 568 567 567 566 566 565 564 564 563 563 562 561 561 560 559 559 558 557 557 556 555 555 554 553 552 552 551 550 549 549 548 547 546 546 545 544 543 543 542 541 540 539 538 538 537 536 535 534 533 532 532 530 529 528 527 526 525 524 523 522 521 520 519 518 517 516 710 709 708 707 706 705 703 702
598 598 598 598 597 597 596 596 595 595 594 593 593 672 570 569 569 568 567 568 567 567 566 565 565 564 564 563 562 562 561 560 560 559 558 558 557 556 556 555 554 554 553 552 551 551 550 549 548 548 547 546 545 545 544 543 542 541 541 540 539 538 537 536 535 534 533 532 531 530 529 528 527 527 526 525 524 523 522 521 520 518 517 516 515 710 709 708 706 705 704 703 702
598 598 597 597 596 596 596 595 595 594 594 593 593 491 570 569 568 568 567 567 566 565 565 564 564 563 562 562 562 561 561 560 559 559 558 557 557 556 555 555 554 553 553 552 551 550 550 549 548 547 547 546 545 544 544 542 541 540 539 539 538 537 536 535 534 533 533 532 531 530 529 528 527 526 525 524 523 521 520 519 518 517 516 515 515 709 708 707 706 704 703 702 701
598 597 597 596 596 595 595 594 594 593 593 593 592 491 569 569 568 568 567 566 566 565 565 564 563 563 562 561 561 560 559 559 558 557 557 556 555 555 554 553 553 552 551 551 550 549 548 548 547 546 545 545 544 543 542 541 541 540 539 538 537 537 536 535 534 533 532 531 530 530 529 528 526 525 524 523 522 521 520 519 518 517 516 515 710 709 707 706 705 704 702 701 700
597 597 597 596 596 595 595 594 593 593 592 592 491 491 568 567 567 567 567 566 565 565 564 564 563 562 562 561 560 560 559 559 558 557 557 556 555 554 554 553 552 552 551 550 550 549 548 547 547 546 545 544 544 543 542 541 540 540 539 538 537 536 535 535 534 533 531 530 529 528 527 526 525 525 524 523 522 521 520 519 518 517 515 514 709 708 707 705 704 703 702 701 700
596 596 595 595 594 595 594 594 593 593 592 491 491 491 568 567 567 566 565 565 564 564 563 562 563 562 561 561 560 560 559 558 558 557 556 556 555 554 554 553 552 551 551 550 549 549 548 547 546 546 545 544 543 542 542 541 540 539 538 537 536 535 534 533 532 531 531 530 529 528 527 526 525 524 523 522 521 520 518 517 516 515 514 514 708 707 706 705 704 703 702 700 698
596 596 595 595 594 594 593 592 592 592 592 491 491 491 567 567 566 566 565 565 564 563 563 562 561 561 560 560 559 558 558 557 556 556 555 554 554 553 552 552 551 550 549 549 548 547 546 546 545 544 543 543 542 541 540 540 539 538 537 536 535 535 534 533 532 531 530 529 528 528 527 526 525 524 522 521 520 519 518 517 516 515 514 514 708 707 706 704 703 701 700 699 698
596 595 595 594 594 593 593 592 592 591 491 491 491 491 567 567 566 565 565 564 564 563 562 562 561 561 560 559 559 558 557 557 556 555 555 554 553 553 552 551 551 550 549 548 548 547 546 545 545 544 543 542 542 541 540 539 538 538 537 536 535 534 533 533 532 531 530 529 528 526 525 524 523 523 522 521 520 519 518 517 516 515 514 709 707 705 704 703 702 701 700 699 698
595 594 594 594 594 593 592 592 591 591 491 491 491 491 566 565 565 564 564 563 562 563 562 562 561 560 560 559 558 558 557 556 556 555 554 554 553 552 552 551 550 550 549 548 547 547 546 545 544 544 543 542 541 540 540 539 538 537 536 536 535 534 532 531 530 529 529 528 527 526 525 524 523 522 521 520 519 518 517 516 514 513 513 707 706 705 704 703 702 701 700 698 696
594 594 593 593 592 592 591 591 591 491 491 491 491 491 566 565 564 564 563 563 562 561 561 560 560 559 558 558 557 556 556 555 555 555 554 553 553 552 551 551 550 549 548 548 547 546 546 545 544 543 543 541 540 539 538 538 537 536 535 534 533 533 532 531 530 529 528 527 526 526 525 524 523 522 521 519 518 517 516 515 514 513 513 707 706 705 704 702 700 699 698 697 696
594 594 593 593 592 591 591 590 590 491 491 491 491 491 565 565 564 564 563 562 562 561 561 560 559 559 558 557 557 556 555 555 554 553 553 552 551 551 550 549 549 548 547 546 546 545 544 543 543 542 541 540 540 539 538 537 536 536 535 534 533 532 531 531 530 529 528 527 526 525 523 522 521 520 519 519 518 517 516 515 514 513 513 706 705 703 702 701 700 699 698 697 695
593 592 593 592 592 591 591 590 491 491 491 491 491 491 491 563 563 562 562 562 561 561 560 560 559 558 558 557 556 556 555 554 554 553 552 552 551 550 550 549 548 548 547 546 545 545 544 543 542 542 541 540 539 538 538 537 536 535 534 534 533 532 531 530 528 527 527 526 525 524 523 522 521 520 519 518 517 516 515 514 513 511 706 705 704 703 702 701 700 698 697 696 694
593 592 591 591 590 590 589 590 491 491 491 491 491 491 491 563 563 562 561 561 560 560 559 558 558 557 556 556 556 555 555 554 554 553 552 551 551 550 549 549 548 547 547 546 545 544 544 543 542 541 541 540 539 538 537 536 535 534 533 532 531 531 530 529 528 527 526 525 524 523 523 522 521 520 519 518 516 515 514 513 512 511 706 705 704 702 701 700 699 697 696 695 694
592 592 591 591 590 590 589 491 491 491 491 491 491 491 491 563 562 562 561 561 560 559 559 558 557 557 556 555 555 554 554 553 552 552 551 550 549 549 548 547 547 546 545 544 544 543 542 541 541 540 539 538 538 537 536 535 534 534 533 532 531 530 529 528 528 527 526 525 524 523 522 520 519 518 517 516 515 514 513 512 511 511 705 704 703 702 700 699 698 697 695 694 693
591 591 591 590 590 589 491 491 491 491 491 491 491 491 491 562 561 560 561 560 560 559 558 558 557 556 556 555 555 554 553 553 552 551 551 550 549 548 548 547 546 546 545 544 543 543 542 541 540 540 539 538 537 536 536 535 534 533 532 532 531 530 529 528 527 525 524 524 523 522 521 520 519 518 517 516 515 514 513 512 511 511 704 703 702 701 699 698 697 696 695 694 693
591 590 590 589 589 588 491 491 491 491 491 491 491 491 491 561 561 560 559 559 558 558 557 556 556 555 555 555 554 554 553 552 552 551 550 549 549 548 547 547 546 545 545 544 543 542 542 541 540 539 538 538 537 536 535 534 534 532 531 530 529 528 528 527 526 525 524 523 522 521 520 519 518 518 517 516 515 513 512 511 509 704 703 702 701 700 699 698 697 696 694 692 691
590 590 589 589 588 491 491 491 491 491 491 491 491 491 491 561 560 560 559 559 558 557 557 556 555 555 554 554 553 552 552 551 550 550 549 548 547 547 546 545 545 544 543 542 542 541 540 539 539 538 537 536 536 535 534 533 532 531 531 530 529 528 527 526 525 525 524 523 522 521 520 519 517 516 515 514 513 512 511 510 509 704 703 702 701 700 698 696 695 694 693 692 691
589 590 589 588 588 491 491 491 491 491 491 491 491 491 491 560 559 559 559 558 558 557 556 556 555 554 554 553 553 552 551 551 550 549 548 548 547 546 546 545 544 544 543 542 541 541 540 539 538 538 537 536 535 534 534 533 532 531 530 529 529 528 527 526 525 524 522 521 520 519 519 518 517 516 515 514 513 512 511 510 509 704 702 700 699 698 697 696 695 694 693 691 690
589 588 588 587 491 491 491 491 491 491 491 491 491 491 491 491 559 558 558 557 556 556 555 554 554 554 553 553 552 552 551 550 550 549 548 547 547 546 545 545 544 543 542 542 541 540 539 539 538 537 536 536 535 534 533 532 532 531 529 528 527 526 525 525 524 523 522 521 520 519 518 517 516 515 514 513 512 511 509 508 508 702 701 700 699 698 697 696 694 693 691 690 689
588 588 587 491 491 491 491 491 491 491 491 491 491 491 491 491 558 558 557 557 556 555 555 554 553 553 552 552 551 550 550 549 548 547 547 546 545 545 544 543 543 542 541 540 540 539 538 537 537 536 535 534 533 533 532 531 530 529 528 528 527 526 525 524 523 522 521 521 520 519 518 517 516 514 513 512 511 510 509 508 703 702 701 700 698 697 695 694 693 692 691 689 688
