testData/tiles/oneDegreeCosts/grid44.0-41.0-45.0-42.0.asc
ncols   200
nrows   200
xllcorner   44.0
yllcorner   41.0
cellsize   0.005
NODATA_value   -9999.0
[rows 126 to 167 of 200, columns 0 to 93 of 200]
608 608 608 608 547 547 547 547 547 547 547 547 547 547 547 548 547 547 548 549 549 549 549 550 551 551 551 552 552 552 552 553 554 554 554 554 475 475 475 475 476 477 477 477 477 477 478 478 478 478 478 479 480 480 480 480 480 481 481 480 454 454 454 456 455 455 455 455 455 456 456 456 456 456 456 457 457 457 457 457 457 457 458 458 458 458 458 458 458 459 459 458 457 457
608 608 608 608 611 611 611 547 547 547 547 547 547 547 547 547 547 547 548 549 549 549 549 550 551 551 551 551 552 552 552 552 554 554 554 554 554 475 475 475 476 476 477 477 477 477 477 478 478 478 478 479 479 479 479 479 479 479 480 454 454 454 453 455 455 455 455 455 455 456 456 456 456 455 455 455 456 456 457 457 457 457 458 458 458 458 458 458 457 457 457 457 457 457
607 607 607 607 610 610 610 610 610 547 547 547 547 547 547 547 547 547 548 549 549 549 549 549 551 551 551 551 552 552 552 552 553 554 554 554 554 475 475 475 475 476 477 476 476 476 476 477 477 477 477 478 478 479 479 479 479 479 480 453 453 453 453 453 455 455 455 455 454 454 455 455 455 455 455 455 456 456 457 457 457 457 457 458 457 457 457 457 456 456 457 457 457 457
606 606 606 606 606 609 609 609 609 609 609 547 547 547 547 547 547 547 548 548 549 549 549 549 551 550 550 550 550 551 551 551 552 553 553 553 553 553 474 474 474 475 475 476 476 476 476 476 477 477 477 478 478 479 479 479 478 478 452 453 453 453 453 452 454 454 454 454 454 454 454 455 455 455 455 455 455 456 456 457 456 456 456 456 457 457 456 456 456 456 456 457 457 456
606 606 606 606 606 609 609 609 609 609 609 609 609 610 547 547 547 547 547 547 548 548 548 548 548 550 550 550 550 551 551 551 552 552 553 553 553 553 554 474 474 475 475 476 476 476 476 476 477 477 477 477 478 477 478 478 477 451 451 452 452 452 452 452 453 454 454 454 454 454 454 455 455 455 455 454 454 455 455 456 456 456 456 456 456 456 456 456 456 455 455 456 456 456
606 606 606 606 606 609 609 609 609 609 609 609 609 609 610 610 547 547 547 547 547 548 548 548 548 550 550 550 550 551 551 551 552 552 553 553 553 553 553 474 474 475 475 475 476 476 476 476 475 476 475 475 476 476 477 477 451 451 451 451 452 452 452 452 453 454 454 454 454 454 453 453 454 454 454 454 454 454 455 456 456 456 455 455 455 455 455 455 455 455 455 455 456 456
605 605 605 606 606 609 609 609 609 609 609 609 609 609 610 610 610 611 547 547 547 548 548 548 548 550 550 550 550 550 551 551 551 552 553 553 552 552 552 553 473 473 474 474 475 475 475 474 474 475 475 475 476 476 476 451 451 451 451 451 452 452 452 452 452 452 453 453 453 453 453 453 454 454 454 454 454 454 454 455 455 454 454 454 454 455 455 455 455 455 455 455 455 455
605 605 605 605 605 608 608 608 608 608 608 608 608 608 609 609 609 610 610 611 547 547 547 547 547 548 549 549 549 549 550 550 550 551 551 552 552 552 552 552 473 473 474 473 473 474 474 474 474 474 475 475 476 476 450 451 451 451 451 450 450 451 451 451 451 452 452 453 453 453 453 453 453 454 454 454 453 452 452 453 454 454 454 454 454 454 455 455 455 455 454 454 454 455
605 605 605 605 605 605 608 608 608 608 608 608 608 608 609 609 609 609 610 611 611 611 547 547 547 548 549 549 549 549 549 550 550 551 551 552 552 552 552 551 552 472 473 473 473 474 474 474 474 474 475 474 474 449 449 449 450 450 450 450 450 451 451 451 451 452 452 453 453 453 453 453 452 453 453 452 452 452 452 452 454 454 454 454 454 454 453 454 454 454 454 454 454 454
605 605 605 605 605 605 608 608 608 608 608 608 608 608 609 609 609 609 610 611 611 611 612 612 612 548 548 549 549 549 549 550 550 551 551 550 551 551 551 551 551 472 472 472 472 472 473 473 473 473 473 448 448 449 449 449 450 450 450 450 450 450 451 451 451 452 451 451 452 452 452 452 451 451 452 452 452 452 452 452 454 454 453 453 453 453 453 454 454 454 454 454 454 453
604 604 604 604 604 604 607 607 607 607 607 607 607 607 607 608 608 608 608 609 610 610 610 611 611 611 612 549 549 549 549 549 549 549 549 549 550 550 550 550 550 551 472 472 472 472 473 473 473 473 447 448 448 449 449 449 449 450 450 450 449 449 450 450 450 450 451 451 452 452 451 451 451 451 452 452 452 451 451 451 452 453 453 453 453 453 453 453 454 454 453 453 453 453
604 604 604 604 604 604 607 607 607 607 607 607 607 607 607 608 608 608 608 609 610 610 610 611 610 610 611 611 612 549 549 549 549 549 549 549 549 550 550 550 550 550 472 472 472 472 472 473 473 447 447 447 448 448 448 448 448 449 449 449 449 449 449 450 450 450 451 450 450 451 451 451 450 450 450 451 451 451 451 451 451 452 453 453 453 453 452 452 452 453 453 453 453 452
604 604 604 604 604 604 607 607 607 607 607 607 607 607 607 608 608 608 607 608 609 609 609 609 610 610 611 611 612 612 612 549 549 549 549 549 549 550 550 550 550 550 551 471 471 471 471 472 446 446 446 446 447 447 448 448 448 448 449 449 449 449 449 450 449 449 450 449 449 450 450 450 450 450 450 450 451 451 451 451 451 452 452 452 452 452 452 452 452 453 453 452 452 451
603 603 603 603 603 603 603 606 606 605 605 605 605 605 605 606 607 607 607 607 609 609 609 608 609 609 610 610 611 611 611 611 611 549 549 549 549 549 549 549 549 549 550 471 471 471 471 446 446 446 446 446 446 447 448 448 448 448 449 449 449 448 447 447 448 448 449 449 449 449 450 450 450 450 450 450 451 450 450 450 450 451 451 452 452 452 452 452 452 450 451 451 451 451
602 602 602 602 602 602 602 605 605 605 605 605 605 605 605 606 606 606 606 606 608 608 608 608 608 609 609 610 610 611 611 611 611 612 613 549 549 549 549 549 549 549 549 551 471 471 446 446 446 446 446 446 446 446 447 447 447 447 447 447 447 447 447 447 448 448 448 449 449 449 450 450 449 449 449 449 449 450 450 450 450 451 451 452 452 451 451 450 450 450 451 451 451 451
602 602 602 602 602 602 602 605 605 605 605 605 605 605 605 605 606 606 606 606 606 608 608 608 608 609 609 610 610 611 611 611 611 611 612 613 613 549 549 549 549 549 549 550 470 446 446 446 446 446 446 446 446 446 447 446 446 446 446 447 447 447 447 447 447 448 447 448 448 448 448 449 449 449 449 449 449 450 450 450 450 449 450 450 451 450 450 450 450 450 450 451 450 450
601 601 601 601 601 601 601 604 604 604 604 604 604 604 605 605 606 606 606 606 606 608 608 608 608 608 608 609 609 609 610 610 610 610 611 612 612 612 612 548 548 548 548 548 524 446 446 446 446 446 446 446 446 446 446 446 446 446 446 446 446 446 446 446 446 446 447 448 448 448 448 448 449 449 449 449 448 448 449 449 449 449 450 449 449 450 450 450 449 449 449 449 450 450
601 601 601 601 601 601 601 604 604 604 604 604 604 604 604 604 605 605 605 605 605 606 607 607 607 607 608 609 609 609 610 610 610 610 610 612 612 612 612 612 613 548 548 522 524 446 446 446 446 446 446 446 446 446 446 446 446 446 446 446 446 446 446 446 446 446 447 448 448 448 448 447 448 448 448 448 448 448 448 449 448 448 449 449 448 449 449 449 449 449 449 449 449 450
601 601 601 601 601 601 601 601 604 604 604 604 604 604 604 604 605 605 605 605 605 606 607 607 607 607 608 608 609 609 609 610 610 610 610 612 612 612 612 612 613 613 587 521 521 522 446 446 446 446 446 446 446 446 446 446 446 446 446 446 446 446 446 446 446 446 446 446 447 447 447 447 447 448 448 448 448 448 447 448 447 447 447 448 448 448 449 449 449 449 449 448 448 449
600 600 600 600 600 600 600 600 603 603 603 603 603 603 603 603 604 604 604 604 604 604 605 606 606 606 606 607 608 608 608 609 609 609 609 610 611 611 611 611 610 585 585 585 521 521 446 446 446 446 446 446 446 446 446 446 446 446 446 446 446 446 446 446 446 446 446 446 447 447 447 447 447 448 448 446 446 446 446 446 447 447 447 448 448 448 448 448 448 448 448 448 448 448
600 600 600 600 600 600 600 600 603 603 603 603 603 603 603 603 603 604 604 604 604 604 605 606 606 606 606 607 608 608 608 608 609 609 609 609 610 610 610 584 584 585 585 585 585 586 522 446 446 446 446 446 446 446 446 446 446 446 446 446 446 446 446 446 446 446 446 446 447 446 446 446 446 446 446 446 446 446 446 446 446 447 446 447 447 447 447 448 448 448 448 448 448 447
600 600 600 600 600 600 600 600 603 603 603 603 603 603 603 603 603 604 604 604 604 604 605 606 606 606 606 606 608 608 607 607 608 608 608 608 609 610 584 584 584 584 584 584 584 585 585 506 446 446 446 446 446 446 446 446 446 446 446 446 446 446 446 446 446 446 446 446 446 446 446 446 446 446 446 446 446 446 446 446 446 446 446 447 447 447 447 447 448 447 447 447 447 447
599 599 599 599 599 599 599 599 602 602 602 602 602 602 602 602 602 603 603 603 603 603 604 604 604 604 604 604 606 606 606 606 606 607 607 607 608 584 584 584 584 584 584 584 584 585 585 586 506 506 446 446 446 446 446 446 446 446 446 446 446 446 446 446 446 446 446 446 446 446 446 446 446 446 446 446 446 446 446 446 446 446 446 446 447 446 446 446 446 447 447 447 447 446
599 599 599 599 599 599 599 599 599 602 602 602 602 602 602 602 602 602 602 602 602 602 603 603 604 604 604 604 604 606 606 606 606 607 607 607 584 584 584 584 584 584 584 584 584 584 585 585 505 505 505 505 446 446 446 446 446 446 446 446 446 446 446 446 446 446 446 446 446 446 446 446 446 446 446 446 446 446 446 446 446 446 446 446 446 446 446 446 446 447 446 445 445 445
598 598 598 598 598 599 599 598 598 601 601 601 601 601 601 601 601 601 602 602 602 602 602 603 603 604 604 604 604 606 606 606 606 606 606 584 584 584 584 584 584 584 584 584 584 584 584 584 585 505 505 505 505 506 446 446 446 446 446 446 446 446 446 446 446 446 446 446 446 446 446 446 446 516 446 446 446 446 446 446 446 446 446 446 446 446 445 445 445 445 445 445 445 445
597 597 597 597 597 597 597 597 597 600 600 600 600 600 600 600 600 600 601 601 601 601 601 602 602 603 603 603 603 604 605 605 605 605 584 584 584 584 584 584 584 584 584 584 584 584 584 584 584 505 505 505 505 505 505 446 512 512 512 513 513 513 513 513 513 514 514 514 514 514 514 515 515 515 515 515 515 516 516 516 516 516 515 515 516 517 516 516 516 516 516 445 445 445
597 597 597 597 597 597 597 597 597 600 600 600 600 600 600 600 600 600 601 601 601 601 601 602 602 602 603 603 603 604 605 605 584 584 584 584 584 584 584 584 584 584 584 584 584 584 584 584 584 656 576 576 576 575 575 576 576 512 512 512 513 513 513 512 512 512 513 513 513 513 514 514 515 515 515 515 515 514 515 515 515 515 515 514 514 516 516 515 515 515 515 515 516 516
596 596 596 596 596 596 596 596 596 599 599 599 599 599 599 599 599 599 600 600 600 600 600 601 601 601 602 602 602 602 603 584 584 584 584 584 584 584 584 584 584 584 584 584 653 654 654 655 655 655 575 575 575 575 575 576 575 576 576 512 512 512 512 512 512 512 513 513 513 513 514 514 514 514 514 514 514 514 514 515 515 514 514 513 513 515 515 515 515 515 515 515 515 515
596 596 596 596 596 596 596 596 596 596 599 599 599 599 599 599 599 599 599 600 600 600 600 600 601 601 601 602 602 602 584 584 584 584 584 584 584 584 584 652 653 653 653 653 653 654 653 653 653 653 574 574 574 574 574 574 575 575 576 576 576 512 512 512 512 512 511 512 512 512 513 513 513 514 514 514 514 514 512 513 513 513 513 513 513 513 515 515 514 514 514 514 514 515
595 595 595 595 595 595 596 596 596 596 599 599 599 599 599 599 599 599 599 600 600 600 600 600 601 601 601 602 602 584 584 584 584 584 584 649 650 650 651 651 651 651 651 651 651 651 652 653 653 653 653 574 574 574 574 574 575 575 576 575 575 575 511 511 511 511 511 511 512 512 512 513 513 512 513 512 512 512 512 512 513 513 513 513 512 512 513 514 514 514 514 514 513 513
595 595 595 595 595 595 595 595 595 595 598 598 598 598 598 598 598 598 598 599 599 599 599 599 600 600 600 584 584 584 584 584 649 649 649 649 648 649 650 650 650 650 651 651 651 651 652 653 653 653 652 573 573 573 573 573 573 574 575 575 575 575 576 576 511 511 511 510 511 511 511 512 511 511 512 512 512 512 512 511 511 512 512 512 512 512 513 514 513 513 513 513 513 513
594 595 595 595 595 595 595 595 595 595 598 598 598 598 598 598 598 598 598 599 599 599 599 599 600 600 584 584 584 647 647 647 647 648 648 648 648 649 649 649 649 649 650 650 650 650 650 651 652 652 652 652 573 573 573 573 573 574 574 575 574 574 574 575 575 575 510 510 510 510 510 511 511 511 510 511 511 511 511 511 511 512 512 512 511 511 511 512 513 513 513 513 512 512
594 594 594 594 594 594 594 594 594 594 594 597 597 597 597 597 597 597 597 598 598 598 598 598 598 598 644 644 644 645 645 646 646 647 647 647 647 647 648 649 649 649 649 650 650 650 650 650 652 652 652 652 572 572 572 572 572 572 573 574 574 574 574 574 575 575 574 509 509 509 509 509 510 510 510 510 511 511 511 510 510 510 511 511 511 511 511 512 511 512 512 512 511 511
594 594 594 594 594 594 594 594 594 594 594 597 597 597 597 597 596 596 596 596 597 597 597 643 643 644 644 644 644 645 645 646 646 646 647 647 647 647 647 649 649 648 648 649 649 649 649 649 651 651 651 651 651 572 572 572 572 572 572 574 574 573 573 572 573 573 573 573 573 509 509 509 510 510 509 509 510 510 510 510 510 510 510 510 510 510 510 511 511 511 511 511 510 510
593 593 593 593 592 592 592 592 592 592 592 595 595 595 595 595 595 595 595 595 668 668 642 642 642 643 643 643 643 643 644 645 645 645 646 646 646 646 646 648 648 648 648 648 649 649 649 649 650 651 651 651 651 570 571 571 571 571 571 572 572 572 572 572 572 573 573 573 572 572 572 509 509 509 509 509 509 510 510 509 509 509 509 509 510 510 510 509 509 509 509 510 510 510
592 592 592 592 592 592 592 592 592 592 592 595 595 595 595 595 595 595 667 667 668 642 642 642 642 643 643 643 643 643 643 644 645 645 645 646 646 646 646 647 648 648 647 647 648 648 648 648 648 650 650 650 650 570 570 571 570 570 570 570 572 571 571 571 571 571 572 572 572 572 572 572 508 508 508 508 508 508 509 509 509 509 509 508 508 508 508 508 509 509 509 509 509 509
591 591 591 591 591 591 591 591 591 591 591 591 594 594 594 666 666 666 666 640 641 641 641 641 641 641 642 642 642 642 642 643 644 644 644 644 645 645 645 645 647 647 647 647 647 648 648 648 648 649 650 650 649 648 568 569 569 569 569 569 570 571 571 571 571 571 572 571 571 571 571 571 572 573 508 508 508 508 508 508 508 508 507 507 507 508 507 507 508 508 508 508 509 508
591 591 591 591 591 591 591 591 591 591 591 591 594 666 666 666 666 666 640 640 640 641 641 641 641 641 642 642 642 642 642 642 644 644 644 644 645 645 645 645 646 647 646 646 646 646 647 646 646 647 647 648 648 648 568 568 569 569 569 569 569 570 570 570 570 570 570 571 571 571 571 571 570 572 572 572 507 507 507 507 507 506 506 506 506 506 507 507 508 507 507 507 507 508
590 590 590 590 590 590 590 590 590 590 590 662 665 665 665 665 665 639 639 639 639 640 640 640 640 640 641 641 641 641 641 641 643 643 643 643 643 644 644 644 645 646 646 645 645 645 646 646 646 647 647 648 647 647 647 567 568 568 568 568 569 569 570 570 570 570 569 569 570 570 570 570 570 571 572 572 570 505 505 505 506 506 506 506 505 505 505 506 506 507 507 506 506 506
590 590 590 590 590 590 590 590 590 662 662 662 665 665 665 639 639 639 639 639 639 640 640 640 640 640 641 641 641 641 641 641 641 643 643 643 643 644 643 643 643 643 644 644 644 644 644 645 645 645 646 646 647 647 647 567 567 568 568 567 567 568 568 569 569 569 569 569 570 570 569 569 569 568 570 570 570 570 570 505 505 505 505 505 505 505 505 505 505 506 506 506 506 505
589 589 589 589 589 589 589 661 661 661 661 661 661 664 638 638 638 638 638 638 638 639 639 639 639 639 639 640 640 640 640 640 639 641 641 641 641 641 642 642 642 643 643 644 644 644 644 645 645 645 645 645 646 646 646 566 566 566 567 567 567 568 568 569 568 568 568 568 568 569 568 568 568 568 568 569 569 569 569 569 505 505 504 504 504 504 504 504 505 505 505 505 505 505
588 588 589 589 589 661 661 661 661 661 661 661 635 638 638 638 638 638 638 638 638 638 639 639 639 638 638 639 639 639 639 639 639 640 641 641 641 640 641 641 641 642 642 643 643 643 643 643 644 644 645 645 645 646 646 646 565 565 566 566 566 567 567 567 568 568 567 567 566 566 567 567 567 567 568 568 569 568 568 568 568 568 504 504 503 503 503 503 503 504 505 504 503 503
