testData/tiles/oneDegreeCosts/grid6.0-14.0-7.0-15.0.asc
ncols   200
nrows   200
xllcorner   6.0
yllcorner   14.0
cellsize   0.005
NODATA_value   -9999.0
[rows 64 to 127 of 200, columns 0 to 95 of 200]
87 87 87 87 87 87 87 87 86 86 86 86 86 86 86 86 85 85 85 85 85 85 85 85 84 84 84 84 84 84 84 83 83 83 83 83 83 83 83 82 82 82 82 82 82 82 81 81 81 81 81 81 81 80 80 80 80 80 80 80 80 79 79 79 79 79 79 79 78 78 78 78 78 78 78 77 77 77 77 77 77 77 76 76 76 76 76 76 76 75 75 75 75 12 12 12
87 87 87 87 87 87 87 87 86 86 86 86 86 86 86 86 85 85 85 85 85 85 85 85 84 84 84 84 84 84 84 84 83 83 83 83 83 83 83 82 82 82 82 82 82 82 82 81 81 81 81 81 81 81 80 80 80 80 80 80 80 79 79 79 79 79 79 79 78 78 78 78 78 78 78 77 77 77 77 77 77 77 76 76 76 76 76 76 76 75 75 12 12 12 12 12
88 87 87 87 87 87 87 87 87 86 86 86 86 86 86 86 86 85 85 85 85 85 85 85 85 84 84 84 84 84 84 84 83 83 83 83 83 83 83 83 82 82 82 82 82 82 82 81 81 81 81 81 81 81 80 80 80 80 80 80 80 80 79 79 79 79 79 79 79 78 78 78 78 78 78 78 77 77 77 77 77 77 77 76 76 76 76 76 76 13 12 12 12 12 12 12
88 88 87 87 87 87 87 87 87 87 86 86 86 86 86 86 86 86 85 85 85 85 85 85 85 84 84 84 84 84 84 84 84 83 83 83 83 83 83 83 82 82 82 82 82 82 82 82 81 81 81 81 81 81 81 80 80 80 80 80 80 80 79 79 79 79 79 79 79 78 78 78 78 78 78 78 77 77 77 77 77 77 77 76 76 76 13 13 13 13 12 12 12 12 12 12
88 88 87 87 87 87 87 87 87 87 87 86 86 86 86 86 86 86 85 85 85 85 85 85 85 85 84 84 84 84 84 84 84 83 83 83 83 83 83 83 83 82 82 82 82 82 82 82 81 81 81 81 81 81 81 80 80 80 80 80 80 80 80 79 79 79 79 79 79 79 78 78 78 78 78 78 78 77 77 77 77 77 77 77 13 13 13 13 13 13 13 12 12 12 12 12
88 88 88 87 87 87 87 87 87 87 87 86 86 86 86 86 86 86 86 85 85 85 85 85 85 85 85 84 84 84 84 84 84 84 83 83 83 83 83 83 83 82 82 82 82 82 82 82 82 81 81 81 81 81 81 81 80 80 80 80 80 80 80 79 79 79 79 79 79 79 78 78 78 78 78 78 78 77 77 77 77 14 14 14 13 13 13 13 13 13 13 12 12 12 12 12
88 88 88 88 87 87 87 87 87 87 87 87 86 86 86 86 86 86 86 86 85 85 85 85 85 85 85 84 84 84 84 84 84 84 84 83 83 83 83 83 83 83 82 82 82 82 82 82 82 81 81 81 81 81 81 81 80 80 80 80 80 80 80 79 79 79 79 79 79 79 78 78 78 78 78 78 78 77 77 14 14 14 14 14 13 13 13 13 13 13 13 12 12 12 12 12
88 88 88 88 88 87 87 87 87 87 87 87 87 86 86 86 86 86 86 86 85 85 85 85 85 85 85 85 84 84 84 84 84 84 84 83 83 83 83 83 83 83 82 82 82 82 82 82 82 82 81 81 81 81 81 81 81 80 80 80 80 80 80 80 79 79 79 79 79 79 79 78 78 78 78 78 15 15 14 14 14 14 14 14 14 13 13 13 13 13 13 13 12 12 12 12
88 88 88 88 88 87 87 87 87 87 87 87 87 86 86 86 86 86 86 86 86 85 85 85 85 85 85 85 84 84 84 84 84 84 84 84 83 83 83 83 83 83 83 82 82 82 82 82 82 82 81 81 81 81 81 81 81 80 80 80 80 80 80 80 79 79 79 79 79 79 79 78 78 15 15 15 15 15 14 14 14 14 14 14 14 13 13 13 13 13 13 13 12 12 12 12
88 88 88 88 88 88 87 87 87 87 87 87 87 87 86 86 86 86 86 86 86 85 85 85 85 85 85 85 85 84 84 84 84 84 84 84 83 83 83 83 83 83 83 82 82 82 82 82 82 82 82 81 81 81 81 81 81 81 80 80 80 80 80 80 80 79 79 79 79 79 16 16 15 15 15 15 15 15 15 14 14 14 14 14 14 13 13 13 13 13 13 13 12 12 12 12
88 88 88 88 88 88 88 87 87 87 87 87 87 87 86 86 86 86 86 86 86 86 85 85 85 85 85 85 85 84 84 84 84 84 84 84 84 83 83 83 83 83 83 83 82 82 82 82 82 82 82 81 81 81 81 81 81 81 80 80 80 80 80 80 80 79 79 16 16 16 16 16 15 15 15 15 15 15 15 14 14 14 14 14 14 14 13 13 13 13 13 13 13 12 12 12
88 88 88 88 88 88 88 87 87 87 87 87 87 87 87 86 86 86 86 86 86 86 85 85 85 85 85 85 85 85 84 84 84 84 84 84 84 83 83 83 83 83 83 83 82 82 82 82 82 82 82 81 81 81 81 81 81 81 80 80 80 80 80 80 17 16 16 16 16 16 16 16 15 15 15 15 15 15 15 14 14 14 14 14 14 14 13 13 13 13 13 13 13 12 12 12
88 88 88 88 88 88 88 88 87 87 87 87 87 87 87 87 86 86 86 86 86 86 86 85 85 85 85 85 85 85 84 84 84 84 84 84 84 84 83 83 83 83 83 83 83 82 82 82 82 82 82 82 81 81 81 81 81 81 81 80 80 17 17 17 17 17 16 16 16 16 16 16 16 15 15 15 15 15 15 15 14 14 14 14 14 14 14 13 13 13 13 13 13 12 12 12
89 88 88 88 88 88 88 88 88 87 87 87 87 87 87 87 86 86 86 86 86 86 86 86 85 85 85 85 85 85 85 84 84 84 84 84 84 84 83 83 83 83 83 83 83 82 82 82 82 82 82 82 81 81 81 81 81 81 18 17 17 17 17 17 17 17 16 16 16 16 16 16 16 15 15 15 15 15 15 15 14 14 14 14 14 14 14 13 13 13 13 13 13 13 12 12
89 89 88 88 88 88 88 88 88 87 87 87 87 87 87 87 87 86 86 86 86 86 86 86 85 85 85 85 85 85 85 84 84 84 84 84 84 84 83 83 83 83 83 83 83 83 82 82 82 82 82 82 82 81 18 18 18 18 18 18 17 17 17 17 17 17 17 16 16 16 16 16 16 15 15 15 15 15 15 15 14 14 14 14 14 14 14 13 13 13 13 13 13 13 12 12
89 89 88 88 88 88 88 88 88 88 87 87 87 87 87 87 87 86 86 86 86 86 86 86 86 85 85 85 85 85 85 85 84 84 84 84 84 84 84 83 83 83 83 83 83 83 82 82 82 82 19 19 19 18 18 18 18 18 18 18 17 17 17 17 17 17 17 16 16 16 16 16 16 16 15 15 15 15 15 15 15 14 14 14 14 14 14 13 13 13 13 13 13 13 12 12
89 89 89 88 88 88 88 88 88 88 87 87 87 87 87 87 87 87 86 86 86 86 86 86 86 85 85 85 85 85 85 85 84 84 84 84 84 84 84 83 83 83 83 83 83 83 19 19 19 19 19 19 19 18 18 18 18 18 18 18 17 17 17 17 17 17 17 16 16 16 16 16 16 16 15 15 15 15 15 15 15 14 14 14 14 14 14 14 13 13 13 13 13 13 13 12
89 89 89 88 88 88 88 88 88 88 88 87 87 87 87 87 87 87 86 86 86 86 86 86 86 86 85 85 85 85 85 85 85 84 84 84 84 84 84 84 83 83 20 20 20 20 20 19 19 19 19 19 19 19 18 18 18 18 18 18 18 17 17 17 17 17 17 17 16 16 16 16 16 16 15 15 15 15 15 15 15 14 14 14 14 14 14 14 13 13 13 13 13 13 13 12
89 89 89 89 88 88 88 88 88 88 88 87 87 87 87 87 87 87 87 86 86 86 86 86 86 86 85 85 85 85 85 85 85 84 84 84 84 84 21 21 20 20 20 20 20 20 20 19 19 19 19 19 19 19 18 18 18 18 18 18 18 17 17 17 17 17 17 17 16 16 16 16 16 16 16 15 15 15 15 15 15 15 14 14 14 14 14 14 13 13 13 13 13 13 13 12
89 89 89 89 89 88 88 88 88 88 88 88 87 87 87 87 87 87 87 86 86 86 86 86 86 86 85 85 85 85 85 85 85 22 21 21 21 21 21 21 21 20 20 20 20 20 20 20 19 19 19 19 19 19 18 18 18 18 18 18 18 17 17 17 17 17 17 17 16 16 16 16 16 16 16 15 15 15 15 15 15 15 14 14 14 14 14 14 14 13 13 13 13 13 13 12
89 89 89 89 89 88 88 88 88 88 88 88 87 87 87 87 87 87 87 87 86 86 86 86 86 86 86 85 22 22 22 22 22 22 21 21 21 21 21 21 21 20 20 20 20 20 20 20 19 19 19 19 19 19 19 18 18 18 18 18 18 18 17 17 17 17 17 17 17 16 16 16 16 16 16 15 15 15 15 15 15 15 14 14 14 14 14 14 14 13 13 13 13 13 13 13
89 89 89 89 89 89 88 88 88 88 88 88 88 87 87 87 87 87 87 87 86 86 23 23 23 23 23 22 22 22 22 22 22 22 21 21 21 21 21 21 21 20 20 20 20 20 20 20 19 19 19 19 19 19 19 18 18 18 18 18 18 18 17 17 17 17 17 17 17 16 16 16 16 16 16 16 15 15 15 15 15 15 14 14 14 14 14 14 14 13 13 13 13 13 13 13
89 89 89 89 89 89 88 88 88 88 88 88 88 87 87 87 24 24 24 24 24 23 23 23 23 23 23 23 22 22 22 22 22 22 22 21 21 21 21 21 21 21 20 20 20 20 20 20 20 19 19 19 19 19 19 19 18 18 18 18 18 18 17 17 17 17 17 17 17 16 16 16 16 16 16 16 15 15 15 15 15 15 15 14 14 14 14 14 14 13 13 13 13 13 13 13
89 89 89 89 89 89 89 88 25 25 25 25 25 25 24 24 24 24 24 24 24 23 23 23 23 23 23 23 22 22 22 22 22 22 22 21 21 21 21 21 21 21 20 20 20 20 20 20 20 19 19 19 19 19 19 19 18 18 18 18 18 18 18 17 17 17 17 17 17 16 16 16 16 16 16 16 15 15 15 15 15 15 15 14 14 14 14 14 14 14 13 13 13 13 13 13
26 26 26 26 26 26 26 25 25 25 25 25 25 25 24 24 24 24 24 24 24 24 23 23 23 23 23 23 23 22 22 22 22 22 22 22 21 21 21 21 21 21 20 20 20 20 20 20 20 19 19 19 19 19 19 19 18 18 18 18 18 18 18 17 17 17 17 17 17 17 16 16 16 16 16 16 16 15 15 15 15 15 15 14 14 14 14 14 14 14 13 13 13 13 13 13
26 26 26 26 26 26 26 26 25 25 25 25 25 25 25 24 24 24 24 24 24 24 23 23 23 23 23 23 23 22 22 22 22 22 22 22 21 21 21 21 21 21 21 20 20 20 20 20 20 20 19 19 19 19 19 19 18 18 18 18 18 18 18 17 17 17 17 17 17 17 16 16 16 16 16 16 16 15 15 15 15 15 15 15 14 14 14 14 14 14 13 13 13 13 13 13
27 26 26 26 26 26 26 26 25 25 25 25 25 25 25 24 24 24 24 24 24 24 23 23 23 23 23 23 23 22 22 22 22 22 22 22 21 21 21 21 21 21 21 20 20 20 20 20 20 20 19 19 19 19 19 19 19 18 18 18 18 18 18 18 17 17 17 17 17 17 16 16 16 16 16 16 16 15 15 15 15 15 15 15 14 14 14 14 14 14 13 13 13 13 13 13
27 26 26 26 26 26 26 26 26 25 25 25 25 25 25 25 24 24 24 24 24 24 24 23 23 23 23 23 23 23 22 22 22 22 22 22 22 21 21 21 21 21 21 20 20 20 20 20 20 20 19 19 19 19 19 19 19 18 18 18 18 18 18 18 17 17 17 17 17 17 17 16 16 16 16 16 16 15 15 15 15 15 15 15 14 14 14 14 14 14 14 13 13 13 13 13
27 27 26 26 26 26 26 26 26 25 25 25 25 25 25 25 24 24 24 24 24 24 24 23 23 23 23 23 23 23 22 22 22 22 22 22 22 21 21 21 21 21 21 21 20 20 20 20 20 20 20 19 19 19 19 19 19 18 18 18 18 18 18 18 17 17 17 17 17 17 17 16 16 16 16 16 16 16 15 15 15 15 15 15 14 14 14 14 14 14 14 13 13 13 13 13
27 27 26 26 26 26 26 26 26 25 25 25 25 25 25 25 25 24 24 24 24 24 24 23 23 23 23 23 23 23 22 22 22 22 22 22 22 21 21 21 21 21 21 21 20 20 20 20 20 20 20 19 19 19 19 19 19 19 18 18 18 18 18 18 17 17 17 17 17 17 17 16 16 16 16 16 16 16 15 15 15 15 15 15 14 14 14 14 14 14 14 13 13 13 13 13
27 27 27 26 26 26 26 26 26 26 25 25 25 25 25 25 25 24 24 24 24 24 24 24 23 23 23 23 23 23 23 22 22 22 22 22 22 22 21 21 21 21 21 21 20 20 20 20 20 20 20 19 19 19 19 19 19 19 18 18 18 18 18 18 18 17 17 17 17 17 17 16 16 16 16 16 16 16 15 15 15 15 15 15 15 14 14 14 14 14 14 13 13 13 13 13
27 27 27 26 26 26 26 26 26 26 25 25 25 25 25 25 25 24 24 24 24 24 24 24 23 23 23 23 23 23 23 22 22 22 22 22 22 22 21 21 21 21 21 21 21 20 20 20 20 20 20 19 19 19 19 19 19 19 18 18 18 18 18 18 18 17 17 17 17 17 17 17 16 16 16 16 16 16 15 15 15 15 15 15 15 14 14 14 14 14 14 14 13 13 13 13
27 27 27 27 26 26 26 26 26 26 26 25 25 25 25 25 25 25 24 24 24 24 24 24 24 23 23 23 23 23 23 22 22 22 22 22 22 22 21 21 21 21 21 21 21 20 20 20 20 20 20 20 19 19 19 19 19 19 18 18 18 18 18 18 18 17 17 17 17 17 17 17 16 16 16 16 16 16 15 15 15 15 15 15 15 14 14 14 14 14 14 14 13 13 13 13
27 27 27 27 26 26 26 26 26 26 26 25 25 25 25 25 25 25 24 24 24 24 24 24 24 23 23 23 23 23 23 23 22 22 22 22 22 22 21 21 21 21 21 21 21 20 20 20 20 20 20 20 19 19 19 19 19 19 19 18 18 18 18 18 18 17 17 17 17 17 17 17 16 16 16 16 16 16 16 15 15 15 15 15 15 14 14 14 14 14 14 14 13 13 13 13
27 27 27 27 26 26 26 26 26 26 26 25 25 25 25 25 25 25 24 24 24 24 24 24 24 23 23 23 23 23 23 23 22 22 22 22 22 22 22 21 21 21 21 21 21 20 20 20 20 20 20 20 19 19 19 19 19 19 19 18 18 18 18 18 18 18 17 17 17 17 17 17 16 16 16 16 16 16 16 15 15 15 15 15 15 15 14 14 14 14 14 14 13 13 13 13
27 27 27 27 27 26 26 26 26 26 26 26 25 25 25 25 25 25 25 24 24 24 24 24 24 23 23 23 23 23 23 23 22 22 22 22 22 22 22 21 21 21 21 21 21 21 20 20 20 20 20 20 19 19 19 19 19 19 19 18 18 18 18 18 18 18 17 17 17 17 17 17 16 16 16 16 16 16 16 15 15 15 15 15 15 15 14 14 14 14 14 14 13 13 13 13
27 27 27 27 27 26 26 26 26 26 26 26 25 25 25 25 25 25 25 24 24 24 24 24 24 24 23 23 23 23 23 23 23 22 22 22 22 22 22 21 21 21 21 21 21 21 20 20 20 20 20 20 20 19 19 19 19 19 19 18 18 18 18 18 18 18 17 17 17 17 17 17 17 16 16 16 16 16 16 15 15 15 15 15 15 15 14 14 14 14 14 14 14 13 13 13
27 27 27 27 27 27 26 26 26 26 26 26 25 25 25 25 25 25 25 24 24 24 24 24 24 24 23 23 23 23 23 23 23 22 22 22 22 22 22 22 21 21 21 21 21 21 20 20 20 20 20 20 20 19 19 19 19 19 19 19 18 18 18 18 18 18 17 17 17 17 17 17 17 16 16 16 16 16 16 16 15 15 15 15 15 15 14 14 14 14 14 14 14 13 13 13
27 27 27 27 27 27 26 26 26 26 26 26 26 25 25 25 25 25 25 25 24 24 24 24 24 24 23 23 23 23 23 23 23 22 22 22 22 22 22 22 21 21 21 21 21 21 20 20 20 20 20 20 20 19 19 19 19 19 19 19 18 18 18 18 18 18 17 17 17 17 17 17 17 16 16 16 16 16 16 16 15 15 15 15 15 15 14 14 14 14 14 14 14 13 13 13
27 27 27 27 27 27 26 26 26 26 26 26 26 25 25 25 25 25 25 25 24 24 24 24 24 24 24 23 23 23 23 23 23 22 22 22 22 22 22 22 21 21 21 21 21 21 21 20 20 20 20 20 20 19 19 19 19 19 19 19 18 18 18 18 18 18 18 17 17 17 17 17 17 16 16 16 16 16 16 16 15 15 15 15 15 15 14 14 14 14 14 14 14 13 13 13
27 27 27 27 27 27 27 26 26 26 26 26 26 25 25 25 25 25 25 25 24 24 24 24 24 24 24 23 23 23 23 23 23 23 22 22 22 22 22 22 21 21 21 21 21 21 21 20 20 20 20 20 20 20 19 19 19 19 19 19 18 18 18 18 18 18 18 17 17 17 17 17 17 16 16 16 16 16 16 16 15 15 15 15 15 15 15 14 14 14 14 14 14 13 13 13
27 27 27 27 27 27 27 26 26 26 26 26 26 26 25 25 25 25 25 25 24 24 24 24 24 24 24 23 23 23 23 23 23 23 22 22 22 22 22 22 21 21 21 21 21 21 21 20 20 20 20 20 20 20 19 19 19 19 19 19 18 18 18 18 18 18 18 17 17 17 17 17 17 17 16 16 16 16 16 16 15 15 15 15 15 15 15 14 14 14 14 14 14 13 13 13
27 27 27 27 27 27 27 26 26 26 26 26 26 26 25 25 25 25 25 25 25 24 24 24 24 24 24 23 23 23 23 23 23 23 22 22 22 22 22 22 22 21 21 21 21 21 21 20 20 20 20 20 20 20 19 19 19 19 19 19 19 18 18 18 18 18 18 17 17 17 17 17 17 17 16 16 16 16 16 16 15 15 15 15 15 15 15 14 14 14 14 14 14 14 13 13
28 27 27 27 27 27 27 26 26 26 26 26 26 26 25 25 25 25 25 25 25 24 24 24 24 24 24 24 23 23 23 23 23 23 22 22 22 22 22 22 22 21 21 21 21 21 21 21 20 20 20 20 20 20 19 19 19 19 19 19 19 18 18 18 18 18 18 17 17 17 17 17 17 17 16 16 16 16 16 16 16 15 15 15 15 15 15 14 14 14 14 14 14 14 13 13
28 27 27 27 27 27 27 27 26 26 26 26 26 26 25 25 25 25 25 25 25 24 24 24 24 24 24 24 23 23 23 23 23 23 22 22 22 22 22 22 22 21 21 21 21 21 21 21 20 20 20 20 20 20 19 19 19 19 19 19 19 18 18 18 18 18 18 18 17 17 17 17 17 17 16 16 16 16 16 16 16 15 15 15 15 15 15 14 14 14 14 14 14 14 13 13
28 27 27 27 27 27 27 27 26 26 26 26 26 26 26 25 25 25 25 25 25 24 24 24 24 24 24 24 23 23 23 23 23 23 23 22 22 22 22 22 22 21 21 21 21 21 21 21 20 20 20 20 20 20 19 19 19 19 19 19 19 18 18 18 18 18 18 18 17 17 17 17 17 17 16 16 16 16 16 16 16 15 15 15 15 15 15 14 14 14 14 14 14 14 13 13
28 28 27 27 27 27 27 27 26 26 26 26 26 26 26 25 25 25 25 25 25 25 24 24 24 24 24 24 23 23 23 23 23 23 23 22 22 22 22 22 22 21 21 21 21 21 21 21 20 20 20 20 20 20 20 19 19 19 19 19 19 18 18 18 18 18 18 18 17 17 17 17 17 17 16 16 16 16 16 16 16 15 15 15 15 15 15 15 14 14 14 14 14 14 13 13
28 28 27 27 27 27 27 27 26 26 26 26 26 26 26 25 25 25 25 25 25 25 24 24 24 24 24 24 23 23 23 23 23 23 23 22 22 22 22 22 22 22 21 21 21 21 21 21 20 20 20 20 20 20 20 19 19 19 19 19 19 18 18 18 18 18 18 18 17 17 17 17 17 17 17 16 16 16 16 16 16 15 15 15 15 15 15 15 14 14 14 14 14 14 13 13
28 28 27 27 27 27 27 27 27 26 26 26 26 26 26 25 25 25 25 25 25 25 24 24 24 24 24 24 24 23 23 23 23 23 23 22 22 22 22 22 22 22 21 21 21 21 21 21 20 20 20 20 20 20 20 19 19 19 19 19 19 19 18 18 18 18 18 18 17 17 17 17 17 17 17 16 16 16 16 16 16 15 15 15 15 15 15 15 14 14 14 14 14 14 13 13
28 28 27 27 27 27 27 27 27 26 26 26 26 26 26 26 25 25 25 25 25 25 24 24 24 24 24 24 24 23 23 23 23 23 23 22 22 22 22 22 22 22 21 21 21 21 21 21 20 20 20 20 20 20 20 19 19 19 19 19 19 19 18 18 18 18 18 18 17 17 17 17 17 17 17 16 16 16 16 16 16 15 15 15 15 15 15 15 14 14 14 14 14 14 13 13
28 28 27 27 27 27 27 27 27 26 26 26 26 26 26 26 25 25 25 25 25 25 24 24 24 24 24 24 24 23 23 23 23 23 23 22 22 22 22 22 22 22 21 21 21 21 21 21 21 20 20 20 20 20 20 19 19 19 19 19 19 19 18 18 18 18 18 18 17 17 17 17 17 17 17 16 16 16 16 16 16 15 15 15 15 15 15 15 14 14 14 14 14 14 14 13
28 28 28 27 27 27 27 27 27 26 26 26 26 26 26 26 25 25 25 25 25 25 24 24 24 24 24 24 24 23 23 23 23 23 23 23 22 22 22 22 22 22 21 21 21 21 21 21 21 20 20 20 20 20 20 19 19 19 19 19 19 19 18 18 18 18 18 18 17 17 17 17 17 17 17 16 16 16 16 16 16 16 15 15 15 15 15 15 14 14 14 14 14 14 14 13
28 28 28 27 27 27 27 27 27 26 26 26 26 26 26 26 25 25 25 25 25 25 25 24 24 24 24 24 24 23 23 23 23 23 23 23 22 22 22 22 22 22 21 21 21 21 21 21 21 20 20 20 20 20 20 19 19 19 19 19 19 19 18 18 18 18 18 18 18 17 17 17 17 17 17 16 16 16 16 16 16 16 15 15 15 15 15 15 14 14 14 14 14 14 14 13
28 28 28 27 27 27 27 27 27 27 26 26 26 26 26 26 25 25 25 25 25 25 25 24 24 24 24 24 24 23 23 23 23 23 23 23 22 22 22 22 22 22 21 21 21 21 21 21 21 20 20 20 20 20 20 20 19 19 19 19 19 19 18 18 18 18 18 18 18 17 17 17 17 17 17 16 16 16 16 16 16 16 15 15 15 15 15 15 14 14 14 14 14 14 14 13
28 28 28 27 27 27 27 27 27 27 26 26 26 26 26 26 25 25 25 25 25 25 25 24 24 24 24 24 24 23 23 23 23 23 23 23 22 22 22 22 22 22 22 21 21 21 21 21 21 20 20 20 20 20 20 20 19 19 19 19 19 19 18 18 18 18 18 18 18 17 17 17 17 17 17 16 16 16 16 16 16 16 15 15 15 15 15 15 14 14 14 14 14 14 14 13
28 28 28 27 27 27 27 27 27 27 26 26 26 26 26 26 25 25 25 25 25 25 25 24 24 24 24 24 24 24 23 23 23 23 23 23 22 22 22 22 22 22 22 21 21 21 21 21 21 20 20 20 20 20 20 20 19 19 19 19 19 19 18 18 18 18 18 18 18 17 17 17 17 17 17 16 16 16 16 16 16 16 15 15 15 15 15 15 14 14 14 14 14 14 14 13
28 28 28 27 27 27 27 27 27 27 26 26 26 26 26 26 26 25 25 25 25 25 25 24 24 24 24 24 24 24 23 23 23 23 23 23 22 22 22 22 22 22 22 21 21 21 21 21 21 20 20 20 20 20 20 20 19 19 19 19 19 19 18 18 18 18 18 18 18 17 17 17 17 17 17 16 16 16 16 16 16 16 15 15 15 15 15 15 14 14 14 14 14 14 14 13
28 28 28 28 27 27 27 27 27 27 26 26 26 26 26 26 26 25 25 25 25 25 25 24 24 24 24 24 24 24 23 23 23 23 23 23 22 22 22 22 22 22 22 21 21 21 21 21 21 20 20 20 20 20 20 20 19 19 19 19 19 19 18 18 18 18 18 18 18 17 17 17 17 17 17 16 16 16 16 16 16 16 15 15 15 15 15 15 15 14 14 14 14 14 14 13
28 28 28 28 27 27 27 27 27 27 26 26 26 26 26 26 26 25 25 25 25 25 25 24 24 24 24 24 24 24 23 23 23 23 23 23 22 22 22 22 22 22 22 21 21 21 21 21 21 20 20 20 20 20 20 20 19 19 19 19 19 19 18 18 18 18 18 18 18 17 17 17 17 17 17 17 16 16 16 16 16 16 15 15 15 15 15 15 15 14 14 14 14 14 14 13
28 28 28 28 27 27 27 27 27 27 26 26 26 26 26 26 26 25 25 25 25 25 25 24 24 24 24 24 24 24 23 23 23 23 23 23 22 22 22 22 22 22 22 21 21 21 21 21 21 20 20 20 20 20 20 20 19 19 19 19 19 19 19 18 18 18 18 18 18 17 17 17 17 17 17 17 16 16 16 16 16 16 15 15 15 15 15 15 15 14 14 14 14 14 14 13
28 28 28 28 27 27 27 27 27 27 26 26 26 26 26 26 26 25 25 25 25 25 25 24 24 24 24 24 24 24 23 23 23 23 23 23 23 22 22 22 22 22 22 21 21 21 21 21 21 21 20 20 20 20 20 20 19 19 19 19 19 19 19 18 18 18 18 18 18 17 17 17 17 17 17 17 16 16 16 16 16 16 15 15 15 15 15 15 15 14 14 14 14 14 14 13
28 28 28 28 27 27 27 27 27 27 26 26 26 26 26 26 26 25 25 25 25 25 25 25 24 24 24 24 24 24 23 23 23 23 23 23 23 22 22 22 22 22 22 21 21 21 21 21 21 21 20 20 20 20 20 20 19 19 19 19 19 19 19 18 18 18 18 18 18 17 17 17 17 17 17 17 16 16 16 16 16 16 15 15 15 15 15 15 15 14 14 14 14 14 14 13
28 28 28 28 27 27 27 27 27 27 27 26 26 26 26 26 26 25 25 25 25 25 25 25 24 24 24 24 24 24 23 23 23 23 23 23 23 22 22 22 22 22 22 21 21 21 21 21 21 21 20 20 20 20 20 20 19 19 19 19 19 19 19 18 18 18 18 18 18 17 17 17 17 17 17 17 16 16 16 16 16 16 15 15 15 15 15 15 15 14 14 14 14 14 14 13
28 28 28 28 27 27 27 27 27 27 27 26 26 26 26 26 26 25 25 25 25 25 25 25 24 24 24 24 24 24 23 23 23 23 23 23 23 22 22 22 22 22 22 21 21 21 21 21 21 21 20 20 20 20 20 20 19 19 19 19 19 19 19 18 18 18 18 18 18 17 17 17 17 17 17 17 16 16 16 16 16 16 15 15 15 15 15 15 15 14 14 14 14 14 14 13
