testData/tiles/oneDegreeCosts/grid13.0-47.0-14.0-48.0.asc
ncols   200
nrows   200
xllcorner   13.0
yllcorner   47.0
cellsize   0.005
NODATA_value   -9999.0
[rows 126 to 167 of 200, columns 0 to 93 of 200]
509 509 509 509 510 510 439 439 439 440 440 440 440 440 440 441 441 441 441 441 442 442 498 498 498 498 499 499 499 499 499 499 500 500 500 500 500 500 500 501 501 501 501 501 501 501 502 502 502 502 502 502 502 502 503 503 503 503 503 503 503 503 503 503 504 504 504 504 504 503 503 504 504 505 505 506 506 506 507 508 508 509 509 509 509 510 510 510 510 510 509 509 510 510
509 509 509 509 509 510 439 439 439 439 439 440 440 440 440 440 441 441 441 441 441 441 442 498 498 498 498 499 499 499 499 499 499 499 500 500 500 500 500 500 500 501 501 501 501 501 501 501 502 502 502 502 502 502 502 502 502 503 503 503 503 503 503 503 503 503 503 503 504 504 503 503 503 503 504 504 504 505 505 506 506 506 506 507 507 507 507 508 509 509 509 508 508 508
508 509 509 509 509 509 438 439 439 439 439 439 440 440 440 440 440 441 441 441 441 441 441 498 498 498 498 498 498 499 499 499 499 499 499 499 500 500 500 500 500 500 500 501 501 501 501 501 501 501 501 502 502 502 502 502 502 502 502 502 503 503 503 503 503 503 503 503 503 503 502 502 503 503 503 503 503 503 504 504 504 504 505 505 505 505 506 506 506 506 506 506 505 505
508 508 508 509 509 509 438 438 439 439 439 439 439 440 440 440 440 440 440 441 441 441 441 441 497 498 498 498 498 498 498 499 499 499 499 499 499 500 500 500 500 500 500 500 500 501 501 501 501 501 501 501 501 502 502 502 502 502 502 502 502 502 502 503 503 503 503 503 503 503 503 502 502 502 502 502 502 503 503 503 503 503 503 503 504 504 504 504 504 504 504 505 504 504
508 508 508 508 509 509 438 438 438 439 439 439 439 439 439 440 440 440 440 440 441 441 441 441 497 497 498 498 498 498 498 498 499 499 499 499 499 499 499 500 500 500 500 500 500 500 500 501 501 501 501 501 501 501 501 501 502 502 502 502 502 502 502 502 502 502 502 503 503 503 503 503 502 502 502 502 502 502 502 502 502 502 502 502 503 503 503 503 503 503 503 503 503 502
508 508 508 508 508 509 438 438 438 438 439 439 439 439 439 439 440 440 440 440 440 440 441 441 441 497 497 497 498 498 498 498 498 498 499 499 499 499 499 499 499 500 500 500 500 500 500 500 500 501 501 501 501 501 501 501 501 501 501 502 502 502 502 502 502 502 502 502 502 502 502 503 503 502 502 502 502 502 502 502 502 502 502 502 502 502 502 502 502 502 502 502 502 502
507 508 508 508 508 508 438 438 438 438 438 438 439 439 439 439 439 440 440 440 440 440 440 441 441 497 497 497 497 498 498 498 498 498 498 498 499 499 499 499 499 499 499 499 500 500 500 500 500 500 500 500 501 501 501 501 501 501 501 501 501 501 502 502 502 502 502 502 502 502 502 502 502 502 501 501 502 502 502 502 502 502 502 502 502 502 502 502 502 502 502 502 502 502
507 507 508 508 508 508 437 437 438 438 438 438 438 439 439 439 439 439 439 441 441 441 441 441 441 442 498 498 498 498 498 499 498 498 498 498 498 498 499 499 499 499 499 499 499 499 500 500 500 500 500 500 500 500 501 501 501 501 501 501 501 501 501 501 501 502 502 502 502 502 502 502 502 502 502 501 501 501 501 501 501 501 502 502 502 502 502 502 502 502 502 502 502 502
507 507 507 507 508 508 437 437 437 438 438 438 438 438 438 440 440 440 440 440 441 441 441 441 441 441 498 498 498 498 498 498 498 499 499 499 498 498 498 498 499 499 499 499 499 499 499 499 500 500 500 500 500 500 500 500 500 501 501 501 501 501 501 501 501 501 501 501 501 502 502 502 502 502 502 502 501 501 501 501 501 501 501 501 501 501 501 501 501 501 501 501 501 501
507 507 507 507 507 508 437 437 437 437 438 438 439 439 439 439 440 440 440 440 440 440 441 441 441 441 441 497 498 498 498 498 498 498 498 499 499 499 499 498 498 498 499 499 499 499 499 499 499 499 499 500 500 500 500 500 500 500 500 500 501 501 501 501 501 501 501 501 501 501 501 501 501 501 502 502 501 501 501 501 501 501 501 501 501 501 501 501 501 501 501 501 501 501
506 507 507 507 507 507 437 437 437 438 438 438 439 439 439 439 439 440 440 440 440 440 440 441 441 441 441 497 497 497 498 498 498 498 498 498 498 499 499 499 499 499 499 499 499 499 499 499 499 499 499 499 499 500 500 500 500 500 500 500 500 500 500 500 501 501 501 501 501 501 501 501 501 501 501 501 501 500 500 500 501 501 501 501 501 501 501 501 501 501 501 501 501 501
506 506 507 507 507 507 437 437 438 438 438 438 438 439 439 439 439 439 439 440 440 440 440 440 440 441 441 441 497 497 497 497 498 498 498 498 498 498 498 499 499 499 499 499 498 498 498 499 499 499 499 499 499 499 499 499 500 500 500 500 500 500 500 500 500 500 500 500 501 501 501 501 501 501 501 501 501 501 500 500 500 500 500 500 500 500 500 500 500 500 500 501 501 501
506 506 506 506 507 508 437 437 437 438 438 438 438 438 438 439 439 439 439 439 439 440 440 440 440 440 440 441 441 497 497 497 497 497 498 498 498 498 498 498 498 499 499 499 499 499 498 498 498 499 499 499 499 499 499 499 499 499 499 500 500 500 500 500 500 500 500 500 500 500 500 500 501 501 501 501 501 501 500 500 500 500 500 500 500 500 500 500 500 500 500 500 500 500
506 506 506 506 507 508 437 437 437 437 438 438 438 438 438 438 439 439 439 439 439 439 440 440 440 440 440 440 440 497 497 497 497 497 497 497 498 498 498 498 498 498 498 499 499 499 499 498 498 498 498 498 499 499 499 499 499 499 499 499 499 499 499 500 500 500 500 500 500 500 500 500 500 500 500 500 500 500 501 500 500 500 500 500 500 500 500 500 500 500 500 500 500 500
505 506 507 507 507 507 508 437 437 437 437 437 438 438 438 438 438 438 439 439 439 439 439 439 440 440 440 440 440 440 497 497 497 497 497 497 497 497 498 498 498 498 498 498 498 498 499 499 499 498 498 498 498 498 498 499 499 499 499 499 499 499 499 499 499 499 500 500 500 500 500 500 500 500 500 500 500 500 500 500 499 499 499 499 499 499 499 500 500 500 500 500 500 500
505 506 507 507 507 507 507 436 437 437 437 437 437 438 438 438 438 438 438 439 439 439 439 439 439 439 440 440 440 440 496 496 497 497 497 497 497 497 497 497 498 498 498 498 498 498 498 498 499 499 498 498 498 498 498 498 498 498 499 499 499 499 499 499 499 499 499 499 499 499 499 500 500 500 500 500 500 500 500 500 499 499 499 499 499 499 499 499 499 499 499 499 499 499
506 506 506 507 507 507 507 436 436 437 437 437 437 437 437 438 438 438 438 438 438 439 439 439 439 439 439 440 440 440 440 496 496 496 497 497 497 497 497 497 497 497 498 498 498 498 498 498 498 498 498 499 498 498 498 498 498 498 498 498 498 499 499 499 499 499 499 499 499 499 499 499 499 499 499 499 500 500 500 500 500 499 499 499 499 499 499 499 499 499 499 499 499 499
506 506 506 506 506 507 507 436 436 436 437 437 437 437 437 437 438 438 438 438 438 438 438 439 439 439 439 439 439 440 440 496 496 496 496 496 497 497 497 497 497 497 497 497 498 498 498 498 498 498 498 498 498 498 498 498 498 498 498 498 498 498 498 498 498 499 499 499 499 499 499 499 499 499 499 499 499 499 499 499 499 499 498 498 499 499 499 499 499 499 499 499 499 499
505 506 506 506 506 506 507 436 436 436 436 436 437 437 437 437 437 437 438 438 438 438 438 438 439 439 439 439 439 439 439 440 496 496 496 496 496 496 496 497 497 497 497 497 497 497 497 498 498 498 498 498 498 498 497 497 497 498 498 498 498 498 498 498 498 498 498 498 498 499 499 499 499 499 499 499 499 499 499 499 499 499 498 498 498 498 498 498 498 498 498 498 498 498
505 505 506 506 506 506 506 435 436 436 436 436 436 437 437 437 437 437 437 437 438 438 438 438 438 438 439 439 439 439 439 439 439 496 496 496 496 496 496 496 496 497 497 497 497 497 497 497 497 498 498 498 498 498 498 497 497 497 497 497 498 498 498 498 498 498 498 498 498 498 498 498 498 498 498 499 499 499 499 499 499 499 499 498 498 498 498 498 498 498 498 498 498 498
505 505 505 506 506 506 506 435 435 436 436 436 436 436 436 437 437 437 437 437 437 438 438 438 438 438 438 438 439 439 439 439 439 495 495 496 496 496 496 496 496 496 496 497 497 497 497 497 497 497 497 497 498 498 498 498 497 497 497 497 497 497 497 497 498 498 498 498 498 498 498 498 498 498 498 498 498 498 498 498 498 499 499 498 498 498 498 498 498 498 498 498 498 498
505 505 505 505 505 506 506 435 435 435 435 436 436 436 436 436 436 437 437 437 437 437 437 438 438 438 438 438 438 438 439 439 439 439 495 495 495 496 496 496 496 496 496 496 496 496 497 497 497 497 497 497 497 497 497 498 498 497 497 497 497 497 497 497 497 497 497 497 498 498 498 498 498 498 498 498 498 498 498 498 498 498 498 498 497 497 497 497 497 497 497 497 497 497
504 505 505 505 505 505 506 435 435 435 435 435 436 436 436 436 436 436 437 437 437 437 437 437 437 438 438 438 438 438 438 438 439 439 495 495 495 495 495 495 496 496 496 496 496 496 496 496 497 497 497 497 497 497 497 497 497 497 497 497 497 497 497 497 497 497 497 497 497 497 497 497 497 498 498 498 498 498 498 498 498 498 498 498 497 497 497 497 497 497 497 497 497 497
504 504 505 505 505 505 505 434 435 435 435 435 435 435 436 436 436 436 436 436 437 437 437 437 437 437 437 438 438 438 438 438 438 438 439 495 495 495 495 495 495 495 496 496 496 496 496 496 496 496 496 497 497 497 497 497 497 497 497 496 496 496 497 497 497 497 497 497 497 497 497 497 497 497 497 497 497 497 497 498 498 498 498 498 498 497 497 497 497 497 497 497 497 497
504 504 504 505 505 505 505 434 434 435 435 435 435 435 435 436 436 436 436 436 436 436 437 437 437 437 437 437 437 438 438 438 438 438 438 438 495 495 495 495 495 495 495 495 496 496 496 496 496 496 496 496 496 496 497 497 497 497 497 497 496 496 496 496 496 496 497 497 497 497 497 497 497 497 497 497 497 497 497 497 497 497 497 497 497 496 496 496 496 496 496 497 497 497
504 504 504 504 504 505 505 434 434 434 434 435 435 435 435 435 435 436 436 436 436 436 436 437 437 437 437 437 437 437 437 438 438 438 438 438 494 494 495 495 495 495 495 495 495 495 495 496 496 496 496 496 496 496 496 496 496 497 497 497 497 496 496 496 496 496 496 496 496 496 496 497 497 497 497 497 497 497 497 497 497 497 497 497 497 497 496 496 496 496 496 496 496 496
503 504 504 504 504 504 505 434 434 434 434 434 435 435 435 435 435 435 435 436 436 436 436 436 436 437 437 437 437 437 437 437 437 438 438 438 438 494 494 494 494 495 495 495 495 495 495 495 495 495 496 496 496 496 496 496 496 496 496 496 496 496 496 496 496 496 496 496 496 496 496 496 496 496 496 496 496 497 497 497 497 497 497 497 497 497 496 496 496 496 496 496 496 496
503 503 504 504 504 504 504 433 434 434 434 434 434 434 435 435 435 435 435 435 436 436 436 436 436 436 436 437 437 437 437 437 437 437 437 438 438 438 494 494 494 494 494 495 495 495 495 495 495 495 495 495 495 496 496 496 496 496 496 496 496 496 495 495 495 496 496 496 496 496 496 496 496 496 496 496 496 496 496 496 496 496 496 496 496 496 496 496 496 496 496 496 496 496
503 503 503 504 504 504 504 433 433 434 434 434 434 434 434 434 435 435 435 435 435 435 436 436 436 436 436 436 436 437 437 437 437 437 437 437 437 438 494 494 494 494 494 494 494 494 495 495 495 495 495 495 495 495 495 495 496 496 496 496 496 496 496 495 495 495 495 495 495 495 496 496 496 496 496 496 496 496 496 496 496 496 496 496 496 496 496 495 495 495 495 495 495 495
503 503 503 503 503 504 504 433 433 433 433 434 434 434 434 434 434 435 435 435 435 435 435 435 436 436 436 436 436 436 436 437 437 437 437 437 437 437 437 494 494 494 494 494 494 494 494 494 494 495 495 495 495 495 495 495 495 495 495 495 496 496 496 495 495 495 495 495 495 495 495 495 495 495 495 496 496 496 496 496 496 496 496 496 496 496 496 495 495 495 495 495 495 495
502 503 503 503 503 503 503 433 433 433 433 433 433 434 434 434 434 434 434 435 435 435 435 435 435 435 436 436 436 436 436 436 436 436 437 437 437 437 437 437 493 493 494 494 494 494 494 494 494 494 494 495 495 495 495 495 495 495 495 495 495 495 495 495 495 495 495 495 495 495 495 495 495 495 495 495 495 495 495 495 495 495 495 496 496 496 496 496 495 495 495 495 495 495
502 502 503 503 503 503 503 432 433 433 433 433 433 433 434 434 434 434 434 434 434 435 435 435 435 435 435 435 436 436 436 436 436 436 436 436 437 437 437 437 493 493 493 493 494 494 494 494 494 494 494 494 494 494 494 495 495 495 495 495 495 495 495 495 495 494 494 494 495 495 495 495 495 495 495 495 495 495 495 495 495 495 495 495 495 495 495 495 494 494 494 494 494 494
502 502 502 502 503 503 503 432 432 432 433 433 433 433 433 433 434 434 434 434 434 434 434 435 435 435 435 435 435 435 436 436 436 436 436 436 436 436 437 437 437 493 493 493 493 493 493 494 494 494 494 494 494 494 494 494 494 494 495 495 495 495 495 495 495 494 494 494 494 494 494 494 494 494 495 495 495 495 495 495 495 495 495 495 495 495 495 495 494 494 494 494 494 494
502 502 502 502 502 503 503 432 432 432 432 433 433 433 433 433 433 433 434 434 434 434 434 434 434 435 435 435 435 435 435 435 436 436 436 436 436 436 436 436 436 437 493 493 493 493 493 493 493 493 494 494 494 494 494 494 494 494 494 494 494 494 495 495 495 495 494 494 494 494 494 494 494 494 494 494 494 494 494 494 494 495 495 495 495 495 495 495 495 494 494 494 494 494
501 502 502 502 502 502 502 432 432 432 432 432 432 433 433 433 433 433 433 433 434 434 434 434 434 434 434 435 435 435 435 435 435 435 435 436 436 436 436 436 436 436 492 493 493 493 493 493 493 493 493 493 493 494 494 494 494 494 494 494 494 494 494 494 494 494 494 494 494 494 494 494 494 494 494 494 494 494 494 494 494 494 494 494 494 494 494 494 494 493 493 493 493 493
501 501 502 502 502 502 502 431 432 432 432 432 432 432 432 433 433 433 433 433 433 433 434 434 434 434 434 434 434 435 435 435 435 435 435 435 435 436 436 436 436 436 436 492 492 492 493 493 493 493 493 493 493 493 493 493 493 494 494 494 494 494 494 494 494 494 494 493 493 493 493 493 494 494 494 494 494 494 494 494 494 494 494 494 494 494 494 494 494 494 493 493 493 493
501 501 501 501 502 502 502 431 431 431 432 432 432 432 432 432 432 433 433 433 433 433 433 433 434 434 434 434 434 434 434 435 435 435 435 435 435 435 435 436 436 436 436 436 492 492 492 492 492 493 493 493 493 493 493 493 493 493 493 493 493 494 494 494 494 494 494 493 493 493 493 493 493 493 493 493 493 493 493 494 494 494 494 494 494 494 494 494 494 494 493 493 493 493
501 501 501 501 501 502 502 431 431 431 431 431 432 432 432 432 432 432 433 433 433 433 433 433 433 433 434 434 434 434 434 434 434 435 435 435 435 435 435 435 435 435 436 436 436 492 492 492 492 492 492 492 493 493 493 493 493 493 493 493 493 493 493 493 493 494 494 494 493 493 493 493 493 493 493 493 493 493 493 493 493 493 493 493 493 493 493 493 493 493 492 493 493 493
500 501 501 501 501 501 501 431 431 431 431 431 431 432 432 432 432 432 432 432 433 433 433 433 433 433 433 433 434 434 434 434 434 434 434 434 435 435 435 435 435 435 435 435 435 492 492 492 492 492 492 492 492 492 492 492 493 493 493 493 493 493 493 493 493 493 493 493 492 492 493 493 493 493 493 493 493 493 493 493 493 493 493 493 493 493 493 493 493 493 492 492 492 492
500 500 500 501 501 501 501 501 430 431 431 431 431 431 431 432 432 432 432 432 432 432 433 433 433 433 433 433 433 433 434 434 434 434 434 434 434 434 435 435 435 435 435 435 435 435 491 491 492 492 492 492 492 492 492 492 492 492 492 493 493 493 493 493 493 493 493 493 493 492 492 492 492 492 492 492 493 493 493 493 493 493 493 493 493 493 493 493 493 493 493 492 492 492
500 500 500 500 501 501 501 501 430 430 431 431 431 431 431 431 431 432 432 432 432 432 432 432 433 433 433 433 433 433 433 433 434 434 434 434 434 434 434 434 434 435 435 435 435 435 435 491 491 491 491 492 492 492 492 492 492 492 492 492 492 492 492 492 493 493 493 493 493 492 492 492 492 492 492 492 492 492 492 492 492 492 492 492 492 492 493 493 493 493 493 492 492 492
500 500 500 500 500 500 501 501 430 430 430 430 431 431 431 431 431 431 431 432 432 432 432 432 432 432 433 433 433 433 433 433 433 433 434 434 434 434 434 434 434 434 434 435 435 435 435 435 491 491 491 491 491 491 492 492 492 492 492 492 492 492 492 492 492 492 492 492 493 493 492 492 492 492 492 492 492 492 492 492 492 492 492 492 492 492 492 492 492 492 492 491 491 491
