testData/tiles/oneDegreeCosts/grid26.0-26.0-27.0-27.0.asc
ncols   200
nrows   200
xllcorner   26.0
yllcorner   26.0
cellsize   0.005
NODATA_value   -9999.0
[rows 84 to 125 of 200, columns 94 to 187 of 200]
702 703 705 706 707 708 709 710 711 712 713 799 800 801 802 803 803 804 806 811 816 821 824 828 832 835 838 840 842 844 845 847 848 848 849 849 849 850 850 849 785 784 783 782 780 778 775 772 769 766 762 758 753 752 752 751 751 751 751 751 560 560 560 559 559 559 558 558 558 557 557 556 556 555 554 554 553 552 552 551 550 550 549 548 547 546 545 544 543 542 541 540 539 538
702 704 705 706 707 708 709 710 712 713 713 799 800 801 802 803 804 804 807 813 817 821 826 829 833 835 838 840 843 844 846 847 848 849 850 850 851 850 850 849 785 785 784 782 780 778 776 773 770 766 763 759 754 752 752 752 751 751 751 646 561 560 560 560 559 559 559 558 558 557 557 556 556 555 555 554 553 553 552 551 551 550 549 548 547 546 545 545 544 542 541 540 539 538
703 704 705 706 707 709 710 711 712 713 714 800 801 801 802 803 804 805 807 813 818 822 826 829 833 836 838 840 843 844 846 847 849 850 850 850 851 851 850 849 786 785 784 782 780 778 776 773 770 767 763 759 754 752 752 752 752 751 646 646 561 560 560 560 560 559 559 558 558 557 557 557 556 555 555 554 554 553 552 552 551 550 549 548 548 547 546 545 544 543 542 541 539 538
703 704 705 707 708 709 710 711 712 713 714 800 801 802 802 803 804 805 808 813 818 822 826 830 833 837 839 842 843 846 847 848 849 850 850 851 851 851 850 851 787 786 784 783 781 779 776 774 771 768 763 759 755 752 752 752 752 752 646 646 561 561 560 560 560 559 559 559 558 558 557 557 556 556 555 554 554 553 552 552 551 550 549 549 548 547 546 545 544 543 542 541 540 539
703 704 706 707 708 709 710 711 712 713 714 800 801 802 803 803 804 805 809 814 819 823 827 831 833 837 839 842 843 846 847 849 850 850 852 852 852 851 852 851 787 786 784 783 782 780 777 775 772 768 765 761 756 752 752 752 752 647 647 646 561 561 561 560 560 560 559 559 558 558 557 557 556 556 555 555 554 553 553 552 551 550 550 549 548 547 546 545 544 543 542 541 540 539
703 705 706 707 708 709 710 711 712 713 714 800 801 802 803 804 804 805 809 815 819 824 827 831 835 837 840 842 845 846 847 849 850 851 852 852 852 853 852 851 787 786 786 784 782 780 778 775 772 769 765 761 756 753 753 752 752 647 647 647 561 561 561 560 560 560 559 559 559 558 558 557 557 556 555 555 554 554 553 552 551 551 550 549 548 547 546 545 544 543 542 541 540 539
704 705 706 707 708 710 711 712 713 714 715 801 801 802 803 804 805 805 810 815 820 824 829 831 835 838 841 842 845 846 849 850 850 852 852 852 853 853 852 852 788 787 786 784 783 781 778 775 773 769 766 761 757 753 753 753 647 647 647 647 562 561 561 561 560 560 560 559 559 558 558 557 557 556 556 555 554 554 553 552 552 551 550 549 548 548 547 546 545 544 543 542 540 539
704 705 706 707 709 710 711 712 713 714 715 801 802 802 803 804 805 806 810 816 821 825 829 832 835 839 841 844 845 847 849 850 852 852 852 853 853 853 853 852 789 788 786 785 783 781 778 776 773 770 766 762 757 753 753 648 648 647 647 647 562 561 561 561 561 560 560 559 559 559 558 558 557 556 556 555 555 554 553 553 552 551 550 549 549 548 547 546 545 544 543 542 541 539
704 705 707 708 709 710 711 712 713 714 715 801 802 803 804 804 805 806 812 816 821 825 829 833 836 839 841 844 846 848 849 850 852 852 853 854 854 853 853 853 789 788 787 785 783 781 779 776 774 770 766 762 758 753 753 648 648 648 647 647 562 562 561 561 561 560 560 560 559 559 558 558 557 557 556 555 555 554 554 553 552 551 551 550 549 548 547 546 545 544 543 542 541 540
704 706 707 708 709 710 711 712 713 714 715 801 802 803 804 805 805 806 812 817 822 826 830 833 836 839 842 844 846 848 850 851 852 853 854 854 854 854 854 853 790 788 787 785 785 782 780 777 775 771 768 764 759 753 648 648 648 648 648 647 562 562 562 561 561 561 560 560 559 559 558 558 557 557 556 556 555 554 554 553 552 552 551 550 549 548 547 546 545 544 543 542 541 540
704 706 707 708 709 710 712 713 714 715 715 801 802 803 804 805 805 806 812 818 822 827 830 834 837 840 843 845 847 849 850 852 852 853 854 854 854 855 854 854 790 789 787 787 785 783 780 778 775 772 768 764 759 754 648 648 648 648 648 648 562 562 562 561 561 561 560 560 560 559 559 558 558 557 556 556 555 555 554 553 552 552 551 550 549 548 547 547 546 545 544 542 541 540
705 706 707 708 710 711 712 713 714 715 716 802 802 803 804 805 806 807 813 818 822 827 831 834 838 840 843 845 848 849 851 852 853 854 855 855 856 855 855 854 790 790 789 787 785 783 781 778 775 772 768 764 760 650 649 649 648 648 648 648 563 562 562 562 561 561 561 560 560 559 559 558 558 557 557 556 555 555 554 553 553 552 551 550 549 549 548 547 546 545 544 543 542 540
705 706 707 709 710 711 712 713 714 715 716 802 803 804 804 805 806 808 813 819 824 827 831 834 838 841 843 845 848 849 851 852 854 855 855 855 856 856 855 854 791 790 789 787 785 783 781 778 775 772 769 765 655 650 649 649 649 648 648 648 563 562 562 562 562 561 561 560 560 559 559 559 558 557 557 556 556 555 554 554 553 552 551 551 550 549 548 547 546 545 544 543 542 541
705 706 708 709 710 711 712 713 714 715 716 802 803 804 805 805 806 809 815 819 824 828 832 836 838 842 844 847 848 851 852 853 854 855 855 856 856 856 855 856 792 791 789 788 786 784 781 779 776 773 769 765 656 651 649 649 649 649 648 648 563 563 562 562 562 561 561 561 560 560 559 559 558 558 557 556 556 555 555 554 553 552 552 551 550 549 548 547 546 545 544 543 542 541
705 707 708 709 710 711 712 713 714 715 801 802 803 804 805 806 806 809 815 819 824 829 832 836 839 842 844 847 848 851 852 854 855 855 856 856 856 856 857 856 792 791 789 788 786 785 783 780 777 774 770 661 656 651 649 649 649 649 649 648 648 563 563 562 562 562 561 561 560 560 559 559 558 558 557 557 556 555 555 554 553 553 552 551 550 549 548 547 546 545 544 543 542 541
710 707 708 709 710 712 713 714 715 716 802 802 803 804 805 806 806 809 815 821 825 829 832 836 840 842 845 847 849 851 852 854 855 855 857 857 857 857 857 856 792 791 790 789 787 785 783 780 777 774 666 662 657 652 649 649 649 649 649 649 648 563 563 562 562 562 561 561 560 560 560 559 559 558 557 557 556 556 555 554 553 553 552 551 550 549 549 548 547 546 545 544 542 541
719 720 721 723 724 725 726 727 727 728 814 815 815 816 817 817 818 821 827 831 835 840 843 846 848 851 854 854 856 857 858 858 859 857 857 857 857 858 857 856 792 791 791 789 788 786 783 781 778 775 666 662 658 653 650 649 649 649 649 649 648 563 563 563 562 562 562 561 561 560 560 559 559 558 558 557 556 556 555 554 554 553 552 551 550 550 549 548 547 546 545 544 543 542
724 725 727 728 729 730 731 732 733 734 820 821 822 823 822 823 824 828 833 838 842 846 850 853 857 858 861 863 864 866 868 868 868 870 869 869 869 869 867 866 802 801 798 796 793 790 784 781 778 670 666 662 658 653 650 650 649 649 649 649 649 563 563 563 562 562 562 561 561 560 560 559 559 558 558 557 557 556 555 555 554 553 552 552 551 550 549 548 547 546 545 544 543 542
729 731 732 733 734 735 735 736 737 738 824 825 826 827 828 828 829 834 837 843 848 851 855 859 861 864 866 869 871 871 873 874 875 875 875 877 875 875 875 873 810 808 807 804 802 799 797 793 789 681 677 672 666 661 656 654 654 649 649 649 649 564 563 563 563 562 562 561 561 561 560 560 559 559 558 557 557 556 555 555 554 553 553 552 551 550 549 548 547 546 545 544 543 542
733 734 735 736 737 738 739 740 741 742 828 829 830 831 832 832 832 837 843 847 852 857 860 863 865 868 870 873 875 876 877 878 880 879 880 881 881 879 879 879 814 813 812 809 807 805 802 800 691 688 683 679 674 669 664 664 663 662 660 659 659 572 570 569 567 562 562 562 561 561 560 560 559 559 558 558 557 556 556 555 554 554 553 552 551 550 549 548 547 546 545 544 543 542
736 737 738 739 740 742 743 744 745 746 832 832 833 834 835 836 836 840 846 851 855 860 863 867 869 872 874 877 878 880 882 882 883 884 885 885 884 884 884 883 819 817 816 814 812 811 807 700 697 693 689 685 679 674 669 669 668 668 667 666 665 579 579 577 576 576 574 573 571 569 567 565 563 559 558 558 557 557 556 555 554 554 553 552 551 550 550 549 548 547 546 545 543 542
739 740 741 743 744 745 746 747 748 749 835 836 836 837 838 838 839 844 849 855 859 863 867 870 874 875 878 880 882 884 885 886 886 887 888 888 888 888 887 887 823 821 819 819 817 814 812 704 700 697 694 689 684 680 673 673 673 672 672 671 670 584 584 582 582 581 579 579 578 576 576 574 573 571 570 568 566 564 561 559 555 554 553 552 551 551 550 549 548 547 546 545 544 543
742 743 745 746 747 748 749 750 751 751 837 838 839 839 840 841 842 848 853 858 863 866 870 872 876 878 881 883 886 887 888 889 890 891 891 892 890 891 891 890 826 824 824 822 820 817 710 707 705 700 697 693 688 683 678 676 676 676 675 675 674 588 588 587 586 585 585 583 583 581 581 579 578 577 576 574 574 572 570 569 567 565 562 560 558 555 550 549 548 547 546 545 544 543
744 746 747 748 749 750 751 752 753 754 840 841 842 843 843 844 844 850 855 860 865 869 873 876 879 883 884 885 888 889 891 892 893 894 894 894 895 894 894 892 828 828 827 825 823 716 713 711 707 704 700 696 691 686 681 680 679 679 678 678 678 591 591 591 589 589 588 587 587 585 585 584 583 581 580 579 578 577 575 574 573 571 569 568 566 564 562 560 557 555 552 549 544 543
747 748 749 750 751 752 753 754 755 756 842 843 844 845 846 846 848 854 860 864 868 871 875 879 882 885 887 890 891 893 894 895 896 897 897 898 897 897 896 896 833 832 829 828 826 719 716 713 710 707 704 699 695 690 685 683 683 682 681 681 681 595 594 594 593 592 592 591 590 589 588 587 586 586 584 583 582 581 580 578 577 575 575 573 571 569 568 566 564 562 560 558 556 553
749 750 751 752 753 755 756 757 758 759 844 845 846 847 848 849 850 856 862 866 871 875 878 881 884 887 889 892 893 896 897 897 898 899 899 900 900 900 898 899 835 834 832 830 723 721 719 716 713 709 706 702 698 692 687 686 685 685 684 684 683 598 597 596 596 595 594 594 593 592 591 591 589 589 587 587 585 584 583 582 580 580 578 577 575 574 572 571 570 568 566 564 561 560
751 752 753 755 756 757 758 759 760 761 847 848 848 849 850 851 853 859 864 869 873 878 880 884 887 889 892 894 896 898 899 901 901 901 903 903 903 902 903 901 837 836 835 728 725 724 722 720 717 713 709 705 700 696 689 688 688 688 687 686 686 601 600 599 599 598 597 597 595 595 595 593 593 592 590 590 588 588 586 585 585 583 582 580 579 578 576 575 573 572 570 568 567 565
753 754 756 757 758 759 760 761 762 763 849 850 851 851 852 853 856 861 867 872 876 879 883 886 889 892 895 896 899 900 901 903 903 903 905 905 905 905 905 903 839 838 837 731 730 727 724 722 719 716 712 708 704 699 693 690 690 690 690 689 688 603 603 601 601 601 599 599 599 597 597 596 595 594 594 592 591 591 589 588 587 586 584 583 583 581 580 578 577 575 573 572 570 569
755 757 758 759 760 761 762 763 764 765 851 852 853 854 854 855 858 864 869 873 878 881 885 888 892 894 897 899 901 903 905 905 905 907 907 907 907 908 906 906 842 841 735 734 732 729 727 724 721 718 714 710 706 701 696 692 692 692 692 691 690 605 605 604 603 603 603 601 601 600 599 598 598 596 596 595 594 593 592 591 590 589 587 587 585 584 582 581 579 578 576 575 573 572
758 759 760 761 762 763 764 765 766 767 853 854 855 856 857 857 859 866 870 875 880 884 888 890 894 897 899 901 904 904 906 907 907 909 909 909 910 909 908 908 844 739 738 736 733 731 729 726 724 721 716 712 708 704 698 695 694 694 694 694 693 607 607 607 605 605 605 603 603 602 602 601 600 599 598 597 597 595 594 594 592 591 591 589 588 586 585 584 582 581 579 578 576 575
760 761 762 763 764 765 767 767 768 768 854 855 856 857 858 858 862 868 874 878 882 887 890 894 896 900 900 903 905 906 908 909 911 911 912 913 912 911 911 910 847 741 740 737 735 734 731 729 726 722 718 715 711 706 700 697 697 696 696 695 695 610 609 608 608 607 607 605 605 605 604 603 602 602 600 600 599 598 597 596 595 593 593 591 590 589 587 586 585 584 583 580 579 577
761 762 763 764 766 767 768 769 770 771 857 857 858 859 860 861 864 870 876 880 885 888 891 895 898 901 903 906 907 909 910 911 913 912 913 914 914 913 913 913 744 742 741 740 738 736 734 731 727 724 721 717 713 707 702 699 699 699 697 697 697 612 611 610 610 609 609 608 607 607 606 605 604 604 602 602 601 600 599 598 597 596 595 594 592 591 591 589 588 586 585 584 582 580
763 764 766 767 768 769 770 771 772 773 859 860 860 861 861 862 866 872 877 882 886 890 894 897 900 903 905 908 909 911 912 914 914 915 916 916 916 916 915 810 746 745 743 742 740 738 736 733 731 727 724 719 714 710 704 701 701 700 700 699 699 614 613 612 612 612 610 610 609 609 607 607 606 606 604 604 603 603 601 600 600 598 597 596 594 594 593 591 590 589 587 586 584 583
764 766 767 768 769 770 771 772 773 859 860 861 862 862 863 864 869 874 880 885 888 893 897 899 902 904 907 909 912 913 914 916 916 917 918 917 917 917 917 812 748 747 746 743 742 740 738 736 733 730 725 722 718 712 707 702 702 702 702 701 701 700 615 614 614 613 612 612 612 611 610 609 609 607 607 606 605 604 603 602 602 600 599 598 597 596 595 593 592 591 589 588 586 585
767 768 769 770 771 772 773 774 775 861 862 863 864 865 864 865 870 876 881 886 891 894 898 901 904 907 910 911 914 915 916 917 918 919 920 920 920 920 815 813 749 748 748 746 745 743 740 737 734 731 728 724 720 714 709 704 704 704 704 703 702 702 617 617 615 615 615 614 613 612 612 611 610 609 609 608 607 606 605 605 603 602 601 600 599 598 596 595 594 592 591 590 588 587
768 769 770 771 772 773 774 775 776 862 863 864 865 866 867 867 873 879 883 888 893 896 899 902 906 908 911 913 915 916 918 919 920 921 921 921 922 816 816 752 751 751 750 748 746 744 742 739 736 733 729 725 721 717 712 707 705 705 705 705 705 704 618 618 617 617 617 615 615 614 614 612 612 611 611 609 609 608 607 606 605 604 604 602 601 600 598 597 596 594 593 592 590 589
770 771 772 773 774 776 777 778 778 863 864 865 866 867 868 868 874 880 885 890 894 898 902 905 908 911 913 916 916 918 920 921 922 923 923 923 819 819 818 754 754 753 751 750 748 746 744 740 738 735 731 728 723 718 713 708 708 707 707 706 706 705 620 620 619 618 618 617 617 616 615 615 614 614 612 611 611 610 609 608 607 605 605 604 603 601 600 599 598 597 596 594 592 591
771 772 773 775 776 777 778 779 780 866 867 867 868 869 870 871 876 882 887 891 896 900 903 907 909 912 914 917 919 921 922 923 924 924 924 925 820 820 819 756 756 755 753 751 749 747 745 743 740 737 733 729 725 720 715 710 709 708 708 708 708 708 621 621 621 620 620 619 618 618 617 617 615 615 614 614 612 611 611 610 608 608 607 606 604 603 603 601 600 599 597 596 595 594
772 773 775 776 777 778 779 780 781 867 868 869 869 870 871 872 878 884 889 894 898 902 905 909 910 914 916 918 920 922 923 924 926 926 926 823 821 821 821 758 757 756 755 753 752 749 746 744 741 738 735 731 726 722 717 711 711 711 710 709 709 709 623 623 622 621 621 621 620 619 618 618 617 617 615 615 614 614 612 611 610 610 608 607 606 606 604 603 602 600 599 598 597 713
774 776 777 778 779 780 780 781 782 868 869 870 871 871 872 873 880 885 890 895 899 903 906 910 914 916 919 921 921 923 924 926 927 927 824 824 824 823 824 759 758 757 756 755 753 752 750 747 743 740 737 733 728 724 719 712 712 712 712 711 711 710 625 624 624 624 622 622 621 621 621 619 619 618 617 617 615 615 614 613 612 611 610 609 608 607 606 605 603 602 719 717 716 715
776 777 778 779 780 781 782 783 784 870 871 872 873 874 874 876 881 887 892 897 900 905 909 911 915 917 920 922 924 926 927 928 928 929 825 825 825 825 825 761 761 760 757 756 755 753 751 748 746 743 738 735 731 725 720 715 714 713 713 712 712 712 627 625 625 625 624 624 623 622 622 621 621 619 619 618 617 617 615 615 614 613 611 611 610 609 607 724 723 722 720 719 718 716
777 778 779 780 781 782 783 784 785 871 872 873 874 875 875 877 884 890 894 899 904 906 910 913 916 918 921 923 925 927 929 930 930 827 827 826 826 827 826 763 762 761 760 759 757 754 752 750 747 744 741 737 732 728 723 716 715 715 715 714 713 713 628 628 627 626 626 625 625 624 623 622 622 621 621 619 619 618 617 617 615 614 613 613 611 728 727 726 724 723 722 720 719 718
