testData/tiles/oneDegreeCosts/grid1.0-44.0-2.0-45.0.asc
ncols   200
nrows   200
xllcorner   1.0
yllcorner   44.0
cellsize   0.005
NODATA_value   -9999.0
[rows 84 to 125 of 200, columns 94 to 187 of 200]
455 455 455 455 455 455 455 455 455 455 455 455 455 455 455 455 455 455 455 455 455 455 455 455 455 455 455 455 602 602 601 601 601 601 601 601 600 601 601 601 601 601 601 600 600 600 600 600 600 600 599 599 599 599 600 600 599 569 569 569 569 569 581 580 580 580 580 580 580 580 579 579 579 579 580 580 580 580 580 580 580 580 455 455 455 455 455 455 455 455 455 455 455 455
455 455 455 455 455 455 455 455 455 455 455 455 455 455 455 455 455 455 455 455 455 455 455 455 455 455 455 602 602 601 601 602 602 602 602 602 601 601 601 601 601 601 601 600 600 600 600 601 601 600 600 600 600 569 569 569 569 569 569 569 569 569 581 580 580 580 581 581 581 580 580 580 580 580 580 580 580 580 580 580 580 580 455 455 455 455 455 455 455 455 455 455 455 455
455 455 455 455 455 455 455 455 455 455 455 455 455 455 455 455 455 455 455 455 455 455 455 455 455 603 603 603 603 602 602 602 602 602 602 602 601 601 601 601 601 602 601 601 601 601 601 601 569 569 569 569 569 569 569 569 569 569 569 569 569 569 582 581 581 581 581 581 581 580 580 580 580 580 580 580 580 580 580 580 580 580 581 455 455 455 455 455 455 455 455 455 455 455
455 455 455 455 455 455 455 455 455 455 455 455 455 455 455 455 455 455 455 455 455 455 455 455 603 603 603 603 603 602 602 602 602 602 602 602 602 602 602 602 602 602 569 569 569 569 569 569 569 569 569 569 569 569 569 569 569 569 569 569 569 569 581 581 581 581 581 581 581 580 580 580 580 581 581 581 581 581 581 581 581 581 581 455 455 455 455 455 455 455 455 455 455 455
455 455 455 455 455 455 455 455 455 455 455 455 455 455 455 455 455 455 455 455 455 455 455 603 603 603 603 603 603 603 603 603 603 603 603 602 602 569 569 569 569 569 569 569 569 569 569 569 569 569 569 569 569 569 569 569 569 569 569 569 569 569 581 581 581 581 582 582 582 581 581 581 581 581 581 581 581 581 581 581 581 581 581 455 455 455 455 455 455 455 455 455 455 455
455 455 455 455 455 455 455 455 455 455 455 455 455 455 455 455 455 455 455 455 455 455 603 603 604 604 604 604 603 603 569 569 569 569 569 569 569 569 569 569 569 569 569 569 569 569 569 569 569 569 569 569 569 569 569 569 569 569 569 569 569 569 582 582 582 582 582 582 582 581 581 581 581 581 581 581 581 581 581 581 581 581 582 582 455 455 455 455 455 455 455 455 455 455
455 455 455 455 455 455 455 455 455 455 455 455 455 455 455 455 455 455 455 455 455 604 569 569 569 569 569 569 569 569 569 569 569 569 569 569 569 569 569 569 569 569 569 569 569 569 569 569 569 569 569 569 569 569 569 569 569 569 569 569 569 569 582 582 582 582 582 582 581 581 581 581 581 581 582 582 582 582 582 582 582 582 582 582 455 455 455 455 455 455 455 455 455 455
455 455 455 455 455 455 455 455 455 455 455 455 455 455 455 455 455 455 455 569 569 569 569 569 569 569 569 569 569 569 569 569 569 569 569 569 569 569 569 569 569 569 569 569 569 569 569 569 569 569 569 569 569 569 569 569 569 569 569 569 569 569 582 582 582 582 582 583 582 582 582 582 582 582 582 582 582 582 582 582 582 582 582 582 582 455 455 455 455 455 455 455 455 455
455 455 455 455 455 455 455 455 455 455 455 455 455 455 455 455 455 455 569 569 569 569 569 569 569 569 569 569 569 569 569 569 569 569 569 569 569 569 569 569 569 569 569 569 569 569 569 569 569 569 569 569 569 569 569 569 569 569 569 569 569 569 583 583 583 583 583 583 582 582 582 582 582 582 582 582 582 582 582 582 582 582 582 582 583 455 455 455 455 455 455 455 455 455
455 455 455 455 455 455 455 455 455 455 455 455 455 455 455 455 455 569 569 570 569 569 569 569 569 569 569 569 569 569 569 569 569 569 569 569 569 569 569 569 569 569 569 569 569 569 569 569 569 569 569 569 569 569 569 569 569 569 569 569 569 569 583 583 583 583 583 583 582 582 582 582 582 582 582 582 583 583 583 583 583 583 583 583 583 455 455 455 455 665 665 665 665 665
455 455 455 455 455 455 455 455 455 455 455 455 455 455 455 455 570 570 570 569 569 569 569 569 569 569 569 569 569 569 569 569 569 569 569 569 569 569 569 569 569 569 569 569 569 569 569 569 569 569 569 569 569 569 569 569 569 569 569 569 569 569 583 583 583 583 583 582 582 583 583 583 583 583 583 583 583 583 583 583 583 583 583 583 866 866 665 665 665 665 665 665 665 665
455 455 455 455 455 455 455 455 455 455 455 455 455 455 455 570 570 570 570 569 569 569 569 569 570 570 569 569 569 569 569 569 569 569 569 569 569 569 569 569 569 569 569 569 569 569 569 569 569 569 569 569 569 569 569 569 569 569 569 569 569 569 584 584 584 584 584 583 583 583 583 583 583 583 583 583 583 583 583 583 866 866 866 866 866 866 665 666 666 666 666 666 666 666
455 455 455 455 455 455 455 455 455 455 455 455 455 455 570 570 570 570 570 570 570 570 570 570 570 570 569 569 569 569 569 569 569 569 569 569 569 569 569 569 569 569 569 569 569 569 569 569 569 569 569 569 569 569 569 569 569 569 569 569 569 569 584 584 584 584 584 583 583 583 583 583 583 583 583 583 866 866 866 867 867 867 867 867 867 867 666 666 666 666 666 666 666 666
455 455 455 455 455 455 455 455 455 455 455 455 455 570 570 571 571 571 570 570 570 570 570 570 570 569 569 569 569 569 569 570 569 569 569 569 569 569 569 569 569 569 569 569 569 569 569 569 569 569 569 569 569 569 569 569 569 569 569 569 569 569 584 584 584 584 583 583 583 583 583 583 584 867 867 867 867 867 867 867 867 867 867 867 867 867 867 666 666 666 666 666 666 666
455 455 455 455 455 455 455 455 455 455 455 571 571 571 571 571 571 571 570 570 570 570 570 570 570 569 570 570 570 570 570 570 569 569 569 569 569 569 569 569 569 569 569 569 569 569 569 569 569 569 569 569 569 569 569 569 569 569 569 569 569 569 584 584 584 585 584 584 584 867 867 867 867 867 867 867 867 867 867 867 867 867 867 867 867 867 867 666 666 666 666 666 667 667
455 455 455 455 455 455 455 455 455 455 571 571 571 571 571 571 571 570 570 570 570 571 571 571 570 570 570 570 570 570 570 569 569 569 569 569 569 569 569 569 569 569 569 569 569 569 569 569 569 569 569 569 569 569 569 569 569 569 569 569 569 569 585 585 585 585 867 867 867 867 867 867 867 867 867 867 867 867 867 867 867 867 867 867 868 868 868 667 667 667 667 667 667 667
455 455 455 455 455 455 455 455 455 572 571 571 571 571 571 571 571 571 571 571 571 571 571 571 570 570 570 570 570 570 570 569 569 570 570 570 570 570 569 569 569 569 569 569 569 569 569 569 569 569 569 569 569 569 569 569 569 569 569 569 569 569 585 868 868 868 867 867 867 867 867 867 867 867 867 867 867 868 868 868 868 868 868 868 868 868 868 868 667 667 667 667 667 667
455 455 455 455 455 455 455 455 572 571 571 571 572 572 572 572 571 571 571 571 571 571 571 571 570 570 570 570 570 571 571 570 570 570 570 570 570 570 569 569 569 569 569 569 569 569 569 569 569 569 569 569 569 569 569 569 569 569 569 569 850 850 868 868 868 867 867 867 867 867 868 868 868 868 868 868 868 868 868 868 868 868 868 868 868 868 868 868 667 667 667 667 667 667
455 455 455 455 455 455 455 572 573 572 572 572 572 572 572 572 571 571 571 571 571 571 571 571 571 571 571 571 571 571 570 570 570 570 570 570 570 569 569 569 569 569 570 570 569 569 569 569 569 569 569 569 569 569 569 569 569 851 850 850 850 850 868 868 869 868 868 868 868 868 868 868 868 868 868 868 868 868 868 868 868 868 868 868 868 868 868 868 667 667 667 668 668 668
455 455 455 455 455 455 573 573 572 572 572 572 572 572 572 571 571 571 571 572 572 572 572 571 571 571 571 571 571 571 570 570 570 570 570 570 570 570 570 570 570 570 570 570 569 569 569 569 569 569 569 569 569 569 569 851 851 851 851 851 851 851 869 869 869 868 868 868 868 868 868 868 868 868 868 868 868 868 868 868 868 868 868 869 869 869 869 869 869 668 668 668 668 668
455 455 455 455 455 573 573 573 572 572 572 572 572 572 572 572 572 572 572 572 572 572 571 571 571 571 571 571 571 570 570 570 571 571 571 571 570 570 570 570 570 570 570 569 569 569 569 569 569 569 569 569 852 852 852 852 852 851 851 851 851 851 869 869 868 868 868 868 868 868 868 868 868 868 868 868 869 869 869 869 869 869 869 869 869 869 869 869 869 668 668 668 668 668
455 455 455 455 573 573 573 572 572 572 572 573 573 573 572 572 572 572 572 572 572 572 571 571 571 571 571 571 572 571 571 571 571 571 571 571 570 570 570 570 570 570 570 569 569 569 569 570 570 570 852 852 852 852 852 852 852 851 851 851 851 851 869 869 868 868 868 868 868 868 869 869 869 869 869 869 869 869 869 869 869 869 869 869 869 869 869 869 869 668 668 668 668 668
455 455 455 573 573 573 573 573 573 573 573 573 573 573 572 572 572 572 572 572 572 571 571 572 572 572 572 572 571 571 571 571 571 571 571 571 570 570 570 570 570 570 571 570 570 570 570 570 853 853 852 852 852 852 852 852 852 851 851 851 851 851 869 869 869 869 869 869 869 869 869 869 869 869 869 869 869 869 869 869 869 869 869 869 869 869 869 869 869 869 668 668 669 669
455 455 573 574 574 574 573 573 573 573 573 573 573 572 572 572 572 572 572 573 573 572 572 572 572 572 572 572 571 571 571 571 571 571 571 570 570 571 571 571 571 571 570 570 570 853 853 853 853 852 852 852 852 852 852 852 851 851 852 852 852 852 870 869 869 869 869 869 869 869 869 869 869 869 869 869 869 869 869 869 869 869 869 869 870 870 870 870 870 870 669 669 669 669
455 574 574 574 574 573 573 573 573 573 573 573 573 572 572 573 573 573 573 573 572 572 572 572 572 572 572 571 571 571 571 571 572 572 572 571 571 571 571 571 571 571 570 853 853 853 853 853 853 852 852 852 852 853 853 853 852 852 852 852 852 852 870 869 869 869 869 869 869 869 869 869 869 869 869 869 869 869 870 870 870 870 870 870 870 870 870 870 870 870 669 669 669 669
574 574 574 574 573 573 573 573 573 573 573 574 573 573 573 573 573 573 573 573 572 572 572 572 572 572 572 571 572 572 572 572 572 572 571 571 571 571 571 571 571 853 853 853 853 853 853 853 853 853 853 853 853 853 853 853 852 852 852 852 852 852 869 869 869 869 869 869 869 869 869 869 870 870 870 870 870 870 870 870 870 870 870 870 870 870 870 870 870 870 669 669 669 669
574 574 574 574 573 573 573 574 574 574 574 574 573 573 573 573 573 573 573 572 572 572 572 572 573 573 572 572 572 572 572 572 572 572 571 571 571 571 571 854 854 853 853 854 854 854 854 854 853 853 853 853 853 853 853 852 852 852 852 852 852 852 869 869 869 869 870 870 870 870 870 870 870 870 870 870 870 870 870 870 870 870 870 870 870 870 870 870 870 870 870 669 669 669
574 574 574 574 574 574 574 574 574 574 574 573 573 573 573 573 573 573 573 573 573 573 573 573 573 573 572 572 572 572 572 572 572 571 571 571 571 854 855 855 854 854 854 854 854 854 854 854 853 853 853 853 853 853 853 852 852 852 852 852 853 853 870 870 870 870 870 870 870 870 870 870 870 870 870 870 870 870 870 870 870 870 870 870 870 870 870 870 871 871 871 670 670 670
575 575 574 574 574 574 574 574 574 574 573 573 573 573 573 573 574 574 573 573 573 573 573 573 573 572 572 572 572 572 572 572 572 571 572 855 855 855 855 855 854 854 854 854 854 854 854 853 853 853 853 853 853 853 853 853 853 853 853 853 853 853 870 870 870 870 870 870 870 870 870 870 870 870 870 870 870 870 870 870 870 871 871 871 871 871 871 871 871 871 871 670 670 670
575 575 574 574 574 574 574 574 574 574 573 573 574 574 574 574 574 573 573 573 573 573 573 573 573 572 572 572 572 573 573 573 572 855 855 855 855 855 855 855 854 854 854 854 854 854 854 853 853 853 854 854 854 854 853 853 853 853 853 853 853 853 870 870 870 870 870 870 870 870 870 870 870 870 870 871 871 871 871 871 871 871 871 871 871 871 871 871 871 871 871 871 670 670
575 574 574 574 574 574 574 574 575 574 574 574 574 574 574 574 574 573 573 573 573 573 573 573 573 573 573 573 573 573 573 856 855 855 855 855 855 855 855 854 854 854 854 854 854 855 854 854 854 854 854 854 854 853 853 853 853 853 853 853 853 853 870 870 870 870 870 870 870 871 871 871 871 871 871 871 871 871 871 871 871 871 871 871 871 871 871 871 871 871 871 871 670 670
574 574 574 574 574 575 575 575 574 574 574 574 574 574 574 574 573 573 573 573 573 574 574 574 573 573 573 573 573 856 856 855 855 855 855 855 855 855 855 854 854 855 855 855 855 855 854 854 854 854 854 854 854 853 853 853 853 853 853 853 853 853 870 870 871 871 871 871 871 871 871 871 871 871 871 871 871 871 871 871 871 871 871 871 871 871 871 871 871 871 871 871 670 670
574 575 575 575 575 575 575 575 574 574 574 574 574 574 574 573 573 573 574 574 574 574 574 573 573 573 573 573 856 856 856 855 855 855 855 855 855 856 855 855 855 855 855 855 855 854 854 854 854 854 854 854 854 853 853 853 853 853 853 854 853 853 853 871 871 871 871 871 871 871 871 871 871 871 871 871 871 871 871 871 871 871 871 871 871 871 871 872 872 872 872 872 872 671
575 575 575 575 575 575 575 574 574 574 574 574 574 574 575 574 574 574 574 574 574 574 574 573 573 573 856 856 856 856 855 855 856 856 856 856 856 855 855 855 855 855 855 855 855 854 854 854 854 854 854 854 853 853 854 854 854 854 854 853 853 853 853 871 871 871 871 871 871 871 871 871 871 871 871 871 871 871 871 871 871 872 872 872 872 872 872 872 872 872 872 872 872 671
575 575 575 575 575 575 574 574 574 574 575 575 575 575 574 574 574 574 574 574 574 574 573 573 856 856 856 856 856 856 856 856 856 856 856 856 856 855 855 855 855 855 855 855 854 854 854 854 854 854 855 855 854 854 854 854 854 854 854 853 853 853 853 871 871 871 871 871 871 871 871 871 871 871 871 872 872 872 872 872 872 872 872 872 872 872 872 872 872 872 872 872 872 671
575 575 575 575 575 574 574 575 575 575 575 575 575 574 574 574 574 574 574 574 574 574 856 856 856 857 857 857 857 856 856 856 856 856 856 856 855 855 855 855 855 855 855 855 854 855 855 855 855 855 855 854 854 854 854 854 854 854 853 853 853 853 853 871 871 871 871 871 871 871 872 872 872 872 872 872 872 872 872 872 872 872 872 872 872 872 872 872 872 872 872 872 872 671
575 575 575 575 576 575 575 575 575 575 575 575 575 574 574 574 574 574 574 574 574 857 857 857 857 857 857 857 856 856 856 856 856 856 856 856 855 855 855 855 855 856 856 855 855 855 855 855 855 855 855 854 854 854 854 854 854 854 853 853 853 853 853 871 871 872 872 872 872 872 872 872 872 872 872 872 872 872 872 872 872 872 872 872 872 872 872 872 872 872 872 872 872 872
575 576 576 576 575 575 575 575 575 575 575 575 574 574 574 574 574 574 575 858 857 857 857 857 857 857 857 857 856 856 856 856 856 856 856 855 855 856 856 856 856 856 856 855 855 855 855 855 855 855 854 854 854 854 854 854 854 853 853 853 854 854 854 872 872 872 872 872 872 872 872 872 872 872 872 872 872 872 872 872 872 872 872 872 872 872 872 872 872 873 873 873 873 873
576 576 576 575 575 575 575 575 575 575 575 574 574 574 575 575 575 575 858 857 857 857 857 857 857 857 857 856 856 856 856 856 856 857 857 856 856 856 856 856 856 856 855 855 855 855 855 855 855 855 854 854 854 854 854 855 855 854 854 854 854 854 854 872 872 872 872 872 872 872 872 872 872 872 872 872 872 872 872 872 872 872 872 873 873 873 873 873 873 873 873 873 873 873
576 576 575 575 575 575 575 575 575 575 575 575 575 575 575 575 858 858 858 857 857 857 857 857 857 857 856 856 856 857 857 857 857 857 856 856 856 856 856 856 856 856 855 855 855 855 855 855 855 854 854 855 855 855 855 855 854 854 854 854 854 854 854 872 872 872 872 872 872 872 872 872 872 872 872 872 872 872 873 873 873 873 873 873 873 873 873 873 873 873 873 873 873 873
576 575 575 575 575 575 575 575 576 576 575 575 575 575 575 858 858 858 857 857 857 857 857 857 857 857 857 857 857 857 857 857 857 856 856 856 856 856 856 856 856 855 855 855 855 855 855 856 856 855 855 855 855 855 855 855 854 854 854 854 854 854 854 872 872 872 872 872 872 872 872 872 872 873 873 873 873 873 873 873 873 873 873 873 873 873 873 873 873 873 873 873 873 873
575 575 575 575 575 576 576 576 576 575 575 575 575 858 858 858 858 857 857 857 857 857 858 858 858 857 857 857 857 857 857 857 857 856 856 856 856 856 856 856 855 855 855 856 856 856 856 856 855 855 855 855 855 855 855 854 854 854 854 854 854 854 854 872 872 872 872 872 873 873 873 873 873 873 873 873 873 873 873 873 873 873 873 873 873 873 873 873 873 873 873 873 873 873
