testData/tiles/oneDegreeCosts/grid44.0-36.0-45.0-37.0.asc
ncols   200
nrows   200
xllcorner   44.0
yllcorner   36.0
cellsize   0.005
NODATA_value   -9999.0
[rows 42 to 83 of 200, columns 94 to 187 of 200]
915 916 918 917 917 917 918 917 919 919 919 918 919 919 919 921 921 988 988 988 988 988 988 990 988 989 989 989 989 989 990 989 989 989 989 990 990 990 991 990 990 990 990 991 990 991 990 990 990 990 992 990 991 991 991 990 990 991 991 991 991 990 865 865 865 864 864 864 865 864 864 864 865 864 864 864 863 863 865 864 864 863 863 863 863 863 863 862 862 862 862 862 862 862
915 915 917 917 917 918 917 918 918 919 919 919 919 919 919 921 921 921 987 988 988 988 988 989 988 989 989 989 989 989 989 990 990 990 989 990 990 990 991 990 990 990 990 991 990 991 990 991 990 990 991 991 991 991 991 990 990 991 991 990 865 865 865 865 865 865 864 864 864 864 864 865 865 864 864 864 863 863 863 864 863 863 864 864 863 863 863 862 863 862 862 862 862 862
916 916 917 917 917 917 917 918 918 918 919 919 920 919 919 919 921 921 921 987 988 988 988 988 989 989 989 989 990 989 990 990 990 990 989 990 990 991 990 990 990 990 990 990 991 990 990 990 992 990 990 991 991 991 990 991 990 990 866 865 865 865 865 865 865 866 865 864 865 864 864 864 864 865 864 864 864 864 863 864 864 863 863 863 863 862 863 864 863 862 863 862 862 862
915 916 916 917 918 917 917 918 918 919 919 919 920 919 920 919 920 920 921 921 988 988 988 988 989 989 989 989 989 989 991 990 990 990 990 990 990 991 990 990 990 990 990 990 991 992 990 990 991 990 990 991 992 991 990 991 864 864 865 865 866 865 865 865 865 865 864 865 864 864 865 864 864 865 864 864 863 863 863 863 864 864 863 863 863 862 862 863 863 862 862 862 862 862
915 915 916 916 917 917 918 918 918 919 919 920 919 919 919 920 920 921 920 921 921 988 988 989 989 989 989 990 989 989 990 990 990 990 990 990 990 990 990 990 991 990 991 990 990 991 991 991 991 991 991 990 991 991 865 865 864 865 865 865 865 865 865 865 865 864 864 865 865 864 864 864 864 865 864 865 863 864 864 863 864 863 863 864 863 863 862 863 863 862 862 862 862 861
914 915 916 917 917 917 918 918 918 918 918 920 919 919 919 919 919 921 920 921 921 921 987 988 989 989 989 989 989 989 989 990 990 990 990 991 990 990 990 990 990 990 991 990 990 991 991 991 991 991 991 990 865 865 865 864 864 865 866 865 865 865 865 865 864 864 865 865 865 864 864 864 864 864 864 864 863 864 864 864 864 863 864 863 863 863 862 862 864 863 862 862 862 862
915 915 915 917 917 918 917 917 919 918 919 919 919 919 920 919 920 920 920 921 921 921 921 987 989 989 989 989 989 989 989 990 991 990 990 990 990 990 990 991 991 990 990 990 990 991 991 991 991 864 864 864 865 865 865 866 864 864 864 865 865 865 865 864 864 865 865 865 865 864 864 864 864 865 864 864 864 863 863 863 864 863 864 864 863 863 862 862 863 862 863 862 862 863
913 915 915 915 917 917 918 917 917 917 919 919 919 919 919 919 920 920 921 920 920 920 921 921 989 989 989 989 989 989 989 989 990 990 991 990 990 990 990 990 990 991 990 990 990 992 990 865 865 864 865 864 865 865 865 865 865 865 864 864 865 865 865 864 864 865 864 865 864 864 865 863 863 863 864 865 864 864 864 863 863 863 863 863 863 863 862 863 862 862 863 862 862 862
914 914 915 915 916 916 917 917 917 918 918 919 919 920 919 920 919 919 921 921 920 921 920 921 921 989 989 989 989 989 989 990 990 990 990 990 990 990 990 990 990 990 991 990 990 864 865 865 865 865 864 864 865 865 865 865 865 865 864 865 866 865 865 864 865 864 864 865 864 865 865 864 864 863 863 864 864 864 864 863 864 863 863 864 863 862 862 862 862 863 863 862 862 862
914 914 914 915 916 917 916 917 917 917 917 919 919 919 919 920 919 919 920 920 920 921 920 921 921 921 989 989 989 989 989 989 989 990 990 990 989 989 989 991 990 990 865 864 864 864 865 866 865 865 864 864 864 864 866 865 865 865 864 864 864 865 865 864 865 864 864 864 864 864 864 864 864 863 864 865 864 864 863 863 863 863 863 863 863 864 862 862 862 862 862 862 862 861
914 915 914 915 915 916 916 917 918 917 917 918 919 919 919 919 919 920 920 920 921 920 920 921 921 922 922 988 989 989 989 989 989 990 989 990 990 989 989 864 864 864 864 864 865 864 864 865 865 865 864 865 864 864 865 865 865 865 865 864 864 865 865 864 864 864 864 864 865 865 864 864 864 863 863 864 865 864 863 864 863 863 863 862 862 863 863 862 862 862 862 862 862 861
914 915 915 915 915 916 917 917 917 917 918 918 918 918 920 919 919 919 919 919 921 920 921 920 920 920 922 922 989 989 989 988 989 990 989 989 864 863 863 864 864 865 864 864 864 865 864 864 865 864 864 864 864 864 865 865 865 865 864 864 864 865 865 864 864 864 864 863 863 865 864 864 864 864 863 863 864 863 863 864 864 863 863 862 863 863 862 863 862 862 862 862 862 862
914 914 915 915 915 916 916 917 917 917 917 918 918 919 918 919 919 919 919 921 920 920 921 921 920 921 921 922 921 989 989 988 988 863 864 864 864 863 864 863 864 865 864 864 864 864 864 864 865 865 864 864 864 864 864 864 865 864 864 865 864 864 865 864 864 864 864 865 863 864 864 864 864 864 864 863 863 864 863 863 862 862 862 862 864 863 862 863 862 862 862 861 862 861
915 915 915 916 915 915 916 917 917 917 917 917 917 917 918 919 919 919 919 919 920 920 920 920 920 920 920 922 921 921 862 863 863 863 863 864 863 863 864 863 863 864 864 864 864 864 864 864 864 864 864 864 864 864 864 864 865 864 864 865 864 865 864 864 865 863 863 863 863 864 864 864 864 863 863 863 863 865 864 863 863 863 862 862 862 862 862 862 862 862 861 861 862 861
914 915 915 915 915 916 916 917 917 917 917 917 917 918 918 918 919 919 919 918 920 920 920 920 921 920 920 796 796 796 796 862 862 862 863 864 863 863 863 863 864 863 864 864 863 863 863 864 864 864 864 865 863 864 864 864 865 864 865 864 864 864 863 864 865 864 864 863 863 863 863 865 864 863 864 863 863 863 863 862 862 862 864 862 862 863 862 862 862 862 861 861 861 861
914 915 916 915 916 916 917 917 917 917 918 917 917 918 918 918 918 918 918 918 920 919 920 794 794 794 795 794 795 795 796 795 863 862 862 862 863 864 863 863 863 863 863 864 864 863 863 863 864 864 864 864 863 864 863 864 864 864 865 864 864 864 863 864 863 863 864 863 864 864 863 864 863 863 863 863 864 862 863 864 862 862 862 862 861 861 863 862 862 862 861 861 861 861
915 915 916 915 915 915 916 917 917 917 917 918 917 917 918 919 918 918 918 793 792 794 794 794 793 793 793 794 795 795 795 794 794 795 863 862 863 863 863 863 862 863 864 863 863 864 863 863 863 864 864 863 863 864 863 864 863 864 864 864 864 864 863 864 863 864 864 863 863 863 864 864 863 864 863 863 863 862 862 863 863 863 862 862 862 861 861 862 861 861 861 861 861 861
915 915 915 916 916 916 916 917 917 917 917 918 917 917 792 793 792 792 792 792 792 793 793 793 794 794 793 794 795 795 795 796 794 794 794 863 863 863 863 863 862 862 863 863 863 863 863 863 863 863 865 863 864 863 863 863 863 865 864 864 864 863 863 863 863 864 864 864 863 863 863 862 862 863 863 863 863 862 862 862 862 863 862 862 863 861 861 862 861 861 861 861 860 860
915 916 915 916 916 916 915 917 917 792 792 792 792 792 792 792 792 793 792 792 792 794 793 793 793 793 793 794 793 795 794 794 795 795 794 795 863 863 863 863 863 862 862 863 863 863 863 864 863 863 863 863 864 863 864 863 863 863 863 863 864 863 863 863 863 863 863 863 864 863 863 862 863 863 862 862 862 862 863 861 863 863 862 862 861 861 861 860 861 862 861 861 860 860
914 789 789 789 789 790 791 790 792 791 792 792 792 792 792 792 793 793 793 792 793 793 794 793 793 793 794 793 793 795 794 794 794 794 794 795 795 863 862 862 862 862 862 863 864 863 863 862 863 863 862 864 863 863 863 863 863 863 863 863 863 863 863 862 863 863 863 863 863 862 862 862 863 863 863 863 862 862 862 861 861 862 862 862 861 861 861 860 861 861 860 860 860 859
788 789 790 790 790 790 791 790 791 791 792 792 792 792 792 793 793 793 793 793 793 793 794 794 793 793 794 793 793 794 794 794 795 794 794 794 794 795 863 862 862 862 862 862 863 863 863 862 863 862 862 864 863 863 863 862 862 862 862 864 863 863 863 862 862 862 863 863 863 863 862 862 862 862 862 862 862 862 862 862 861 861 862 862 861 861 861 860 861 861 860 861 860 859
789 789 790 790 790 790 790 790 791 791 792 792 792 792 792 792 793 793 793 793 793 793 793 794 794 793 793 793 793 793 794 794 794 794 795 794 794 795 795 861 862 862 862 862 862 862 862 862 863 862 862 862 862 863 863 863 863 862 862 863 863 862 863 863 862 862 862 862 862 862 862 862 862 862 862 862 862 862 861 861 861 860 862 862 861 861 860 860 860 859 860 860 860 860
788 788 789 789 790 791 790 791 791 792 792 792 792 793 792 792 793 794 793 793 793 794 793 794 794 794 793 794 793 793 794 794 794 794 794 794 794 794 795 795 860 861 861 862 861 863 862 862 862 861 863 862 863 863 862 862 862 862 862 862 863 862 862 862 862 861 862 863 862 862 862 861 861 861 861 862 862 862 861 861 861 860 860 860 861 861 860 861 860 859 861 860 860 860
788 789 790 790 790 791 790 790 790 792 792 792 792 792 792 792 793 793 793 793 793 793 793 793 793 794 794 794 793 794 794 794 794 795 794 794 794 794 794 794 795 794 862 861 861 862 861 863 861 861 862 861 861 862 863 862 862 862 862 861 862 863 862 862 862 861 861 861 862 862 862 862 861 861 861 861 861 861 861 861 861 861 860 860 861 860 860 860 859 859 860 860 860 860
788 788 788 790 790 790 790 791 791 791 792 792 792 792 793 792 792 793 794 794 793 793 794 793 793 794 794 793 793 794 794 794 794 794 794 794 794 794 794 794 794 794 794 861 862 860 861 862 861 861 862 861 861 861 862 862 862 862 862 861 861 862 862 861 861 862 861 861 862 862 861 861 861 861 861 861 861 861 861 860 860 860 860 859 861 860 860 860 859 859 859 858 860 858
788 789 788 790 791 790 791 791 791 791 792 792 793 792 792 792 793 793 793 793 794 793 793 793 795 794 794 794 794 794 794 794 794 794 794 794 794 794 794 794 794 794 794 794 860 860 862 861 861 862 861 861 861 861 862 862 862 861 861 861 861 862 862 861 861 861 862 860 860 862 861 861 861 861 861 860 860 860 861 861 860 860 860 859 859 859 860 859 859 860 858 858 859 858
789 789 790 790 790 790 790 790 791 791 791 792 792 792 792 792 793 793 793 793 794 793 793 793 794 794 794 794 794 794 794 794 795 794 794 794 794 794 794 795 794 794 794 794 794 860 861 861 861 862 861 861 860 861 861 861 861 861 861 861 861 860 861 862 861 861 861 860 860 860 861 861 860 861 860 860 860 860 860 860 860 859 859 860 859 860 860 859 859 859 858 858 858 858
788 788 789 789 790 790 791 790 791 792 791 792 792 793 793 792 792 793 794 794 794 794 794 793 793 794 794 794 794 794 794 794 794 795 794 794 795 794 794 794 794 794 794 794 794 794 860 861 861 860 861 860 860 861 861 861 861 861 860 860 861 860 861 861 861 860 860 860 861 860 861 860 860 860 860 859 860 860 860 860 860 859 859 859 859 858 859 858 859 859 858 858 857 857
789 788 789 790 791 791 791 791 791 791 791 793 792 793 792 793 792 793 793 794 794 794 794 793 793 794 794 794 794 794 794 794 794 794 794 794 794 794 794 794 794 794 794 794 794 794 793 793 861 860 861 860 860 860 860 860 861 860 861 860 860 860 860 860 861 860 860 860 860 859 859 860 860 861 860 859 859 859 859 859 859 859 859 859 858 858 858 858 859 858 858 858 857 857
789 790 789 789 789 791 791 791 791 791 791 791 792 792 792 793 793 793 793 794 794 794 794 794 793 793 794 795 794 794 794 795 794 794 795 794 794 794 795 794 794 795 794 794 794 794 793 794 794 860 861 860 861 860 860 860 860 860 860 860 860 860 860 859 860 860 859 859 860 859 859 860 860 859 859 859 859 859 859 859 859 859 859 858 858 858 857 859 859 857 858 858 857 857
788 789 789 789 789 791 791 791 791 791 791 791 792 793 793 793 793 793 793 793 793 794 794 794 793 793 793 795 794 794 794 794 794 794 795 794 794 794 794 794 794 794 795 794 794 794 793 793 793 794 860 860 861 860 860 860 859 860 860 860 859 859 859 859 859 860 860 859 859 859 858 858 860 859 859 859 859 858 858 858 858 859 859 858 858 858 857 857 858 857 857 857 857 857
788 789 789 790 789 789 791 791 791 791 792 791 792 792 793 793 793 793 793 793 794 794 794 794 794 794 793 794 794 795 794 794 794 794 794 795 795 794 794 794 794 794 795 795 794 794 794 793 793 794 794 794 861 860 860 859 859 860 860 860 860 859 859 859 859 859 859 859 859 859 859 858 858 859 858 858 859 858 858 858 857 858 858 857 857 857 857 857 857 858 857 856 856 857
788 788 789 789 790 789 791 791 791 791 792 791 791 792 793 793 793 793 793 793 794 793 794 794 794 794 794 794 795 794 794 794 794 794 794 795 794 794 794 794 794 794 794 794 794 794 794 794 793 793 794 794 794 860 861 859 860 860 860 860 860 859 859 859 859 859 859 859 858 858 858 858 858 859 859 858 858 857 857 857 857 858 858 858 857 856 857 857 855 856 857 856 857 856
789 789 789 789 790 789 791 791 791 791 791 791 792 792 793 793 793 793 793 793 793 793 794 794 794 794 794 794 794 794 795 794 794 794 794 794 794 795 794 794 794 794 794 794 795 794 794 794 793 793 793 794 794 794 860 859 860 859 860 860 859 860 859 859 859 859 859 859 859 858 858 857 857 857 858 858 858 858 858 857 857 857 856 857 857 856 857 857 855 856 856 856 856 855
789 789 789 789 789 789 789 790 791 791 791 791 792 792 792 793 793 794 793 793 793 793 794 794 794 794 794 794 794 794 795 794 794 794 795 794 794 795 794 794 794 794 794 794 795 794 794 794 794 793 793 794 794 794 793 793 860 859 860 860 859 860 859 859 859 859 859 859 858 858 858 858 858 857 857 858 857 857 857 857 857 857 856 857 857 856 856 855 855 855 854 856 856 855
788 788 789 789 789 789 790 791 791 792 791 791 791 792 792 793 792 793 793 793 793 794 794 794 794 794 794 794 794 794 794 794 795 794 794 794 794 794 794 795 794 794 794 794 794 794 795 794 794 794 793 793 794 793 793 794 793 859 860 859 859 860 859 859 859 859 859 859 859 859 858 858 858 857 857 858 857 857 857 857 856 856 856 855 855 857 856 855 856 855 854 855 855 854
788 788 789 790 789 790 789 790 790 791 791 792 791 792 791 793 792 793 793 793 793 793 794 794 794 794 794 794 794 794 794 794 795 794 794 794 794 794 794 795 794 794 794 794 794 795 794 794 794 793 794 793 793 794 793 793 793 793 859 859 861 859 859 860 859 859 859 858 859 859 858 858 858 857 857 857 858 857 856 857 856 856 856 856 855 856 856 855 855 854 854 855 854 854
787 789 789 789 789 789 789 790 791 791 791 792 791 791 791 792 792 793 792 793 793 793 793 794 794 794 794 794 794 794 795 794 794 794 794 794 794 794 795 794 794 794 794 794 794 794 794 794 794 793 794 793 793 794 794 793 793 794 792 792 860 859 859 860 859 859 859 858 858 858 858 858 858 858 857 857 857 858 856 857 857 856 856 855 855 856 855 855 855 854 854 854 853 853
787 789 789 789 789 790 789 790 789 791 791 791 791 792 791 792 792 792 792 793 793 793 793 794 794 794 794 794 794 794 793 795 794 794 794 794 794 794 794 794 795 794 794 794 794 794 794 795 794 793 794 793 793 793 793 793 793 793 793 792 792 859 860 859 859 859 858 858 859 858 859 859 858 858 858 857 857 856 856 857 856 856 856 855 856 855 855 856 854 854 855 853 853 854
787 788 789 789 789 789 789 789 789 791 792 791 792 792 792 791 792 793 793 793 793 793 793 793 794 794 794 794 794 793 793 795 794 794 794 794 794 794 794 794 794 794 795 794 794 794 794 794 794 793 793 793 794 793 793 794 793 793 793 792 792 792 793 859 859 859 858 859 858 858 859 858 858 858 857 857 857 856 858 857 856 857 855 855 856 854 854 856 854 854 855 854 853 853
787 787 788 789 789 789 790 790 790 790 792 791 791 791 792 791 792 793 793 793 793 793 794 793 793 794 794 794 794 794 793 794 794 794 794 795 794 794 794 794 794 794 795 794 794 794 794 794 794 794 793 793 794 793 793 794 793 793 793 793 792 792 792 792 859 859 858 859 858 858 858 858 858 858 857 858 856 856 857 856 856 857 856 855 856 855 854 856 855 854 854 854 853 853
787 787 787 789 790 789 789 789 790 790 791 791 792 791 792 791 791 791 793 793 793 792 793 793 793 794 794 794 794 794 793 793 793 795 794 794 794 794 794 794 795 794 794 794 794 794 794 794 794 794 794 793 793 793 793 793 793 793 793 793 793 792 792 792 792 792 859 858 858 858 857 857 859 858 857 858 857 856 857 856 856 856 856 855 855 855 854 854 855 855 854 854 854 853
