testData/tiles/oneDegreeCosts/grid19.0-27.0-20.0-28.0.asc
ncols   200
nrows   200
xllcorner   19.0
yllcorner   27.0
cellsize   0.005
NODATA_value   -9999.0
[rows 42 to 83 of 200, columns 94 to 187 of 200]
362 362 362 362 362 362 362 362 362 362 362 362 362 362 362 362 362 362 362 362 362 362 362 362 362 362 362 362 362 362 362 362 362 362 362 363 363 363 364 344 344 345 345 345 345 346 346 346 347 347 347 347 348 348 349 351 351 352 353 355 355 356 357 358 359 360 360 362 363 363 364 364 366 367 367 368 369 370 371 371 372 372 374 374 375 376 376 378 378 380 433 434 434 435
362 362 362 362 362 362 362 362 362 362 362 362 362 362 362 362 362 362 362 362 362 362 362 362 362 362 362 362 362 362 362 362 362 362 363 363 363 364 344 344 345 345 345 345 346 346 346 347 347 347 347 348 349 350 352 352 353 354 355 356 357 358 359 360 361 361 363 363 364 365 366 367 368 368 369 370 371 372 372 373 374 375 375 376 377 378 379 379 380 380 381 382 383 383
362 362 362 362 362 362 362 362 362 362 362 362 362 362 362 362 362 362 362 362 362 362 362 362 362 362 362 362 362 362 362 362 362 363 363 363 364 344 344 345 345 345 345 346 346 346 347 347 347 349 349 350 351 353 353 354 355 356 357 358 359 360 361 361 363 364 364 365 366 367 368 369 369 371 371 372 372 373 375 375 376 376 377 378 379 380 380 381 381 383 383 384 384 385
362 362 362 362 362 362 362 362 362 362 362 362 362 362 362 362 362 362 362 362 362 362 362 362 362 362 362 362 362 362 362 362 363 363 363 364 344 344 345 345 345 345 346 346 346 347 347 348 349 350 351 352 353 354 355 356 357 358 359 360 361 362 362 364 365 365 366 368 368 369 369 371 372 372 373 373 375 376 376 377 377 379 379 380 380 381 382 383 383 384 385 385 386 387
362 362 362 362 362 362 362 362 362 362 362 362 362 362 362 362 362 362 362 362 362 362 362 362 362 362 362 362 362 362 362 363 363 363 364 344 344 345 345 345 345 346 346 346 347 348 348 350 351 352 352 354 355 356 357 358 359 359 361 362 362 363 365 365 366 367 368 369 370 370 372 372 373 374 375 376 376 377 378 379 380 380 381 381 383 383 384 384 385 385 387 387 388 388
362 362 362 362 362 362 362 362 362 362 362 362 362 362 362 362 362 362 362 362 362 362 362 362 362 362 362 362 362 362 363 363 363 364 344 344 344 345 345 345 346 346 346 348 348 349 351 352 353 353 355 356 356 358 359 360 360 362 363 363 364 366 366 367 369 369 370 370 372 373 373 374 374 376 377 377 378 379 380 380 381 382 383 384 384 385 385 386 387 388 388 389 389 390
362 362 362 362 362 362 362 362 362 362 362 362 362 362 362 362 362 362 362 362 362 362 362 362 362 362 362 362 362 363 363 363 363 344 344 344 345 345 345 346 346 347 348 349 350 352 353 353 354 356 356 357 359 360 360 361 363 363 364 366 366 367 368 369 370 371 371 373 373 374 375 376 377 377 378 379 380 381 381 382 383 384 384 385 385 386 388 388 389 389 390 391 392 392
362 362 362 362 362 362 362 362 362 362 362 362 362 362 362 362 362 362 362 362 362 362 362 362 362 362 362 362 362 363 363 363 344 344 344 345 345 345 346 347 347 349 350 351 353 353 354 355 357 357 358 360 360 361 362 363 364 365 366 367 368 368 370 371 371 372 374 374 375 375 377 378 378 379 380 381 381 382 383 384 385 385 386 387 388 388 389 389 390 391 392 392 393 393
362 362 362 362 362 362 362 362 362 362 362 362 362 362 362 362 362 362 362 362 362 362 362 362 362 362 362 362 363 363 363 344 344 344 345 345 345 347 347 348 350 351 351 353 354 355 355 357 358 359 360 361 362 362 364 365 366 367 368 369 369 371 371 372 374 374 375 376 377 378 378 379 381 381 382 382 383 384 385 385 386 386 388 389 389 390 390 392 392 393 393 394 394 396
362 362 362 362 362 362 362 362 362 362 362 362 362 362 362 362 362 362 362 362 362 362 362 362 362 362 362 363 363 363 344 344 344 345 345 345 347 348 349 351 351 352 353 355 355 356 358 359 359 361 362 362 364 365 366 366 368 369 369 371 372 372 373 374 375 376 376 378 378 379 380 381 382 382 383 384 385 386 386 387 388 389 389 390 390 392 392 393 393 394 395 396 396 397
362 362 362 362 362 362 362 362 362 362 362 362 362 362 362 362 362 362 362 362 362 362 362 362 362 362 363 363 363 344 344 344 345 345 346 348 349 349 350 352 353 354 355 356 357 359 359 360 362 362 363 365 366 366 367 369 369 370 372 372 373 373 375 376 376 377 379 379 380 380 382 382 383 384 385 386 386 387 388 389 389 390 390 392 393 393 394 394 396 396 396 397 397 398
362 362 362 362 362 362 362 362 362 362 362 362 362 362 362 362 362 362 362 362 362 362 362 362 362 362 363 363 344 344 344 344 346 347 347 349 350 351 353 353 354 356 357 357 359 360 361 362 363 364 365 366 367 368 369 370 371 372 373 373 374 376 376 377 379 379 380 380 382 383 383 384 385 386 386 387 388 389 390 390 391 392 393 393 394 394 396 396 397 397 398 398 400 400
362 362 362 362 362 362 362 362 362 362 362 362 362 362 362 362 362 362 362 362 362 362 362 362 362 363 363 344 344 344 345 346 347 348 350 351 351 353 354 355 357 357 358 360 360 361 363 364 364 365 367 367 368 370 370 371 373 373 374 375 376 377 378 379 380 380 381 383 383 384 384 386 386 387 388 389 390 390 391 392 393 393 394 394 396 396 397 397 398 398 400 400 401 401
362 362 362 362 362 362 362 362 362 362 362 362 362 362 362 362 362 362 362 362 362 362 362 362 363 363 344 344 344 345 347 348 349 350 351 352 354 355 355 357 358 359 360 361 362 363 364 365 366 367 368 369 370 371 372 373 374 375 375 377 378 378 380 380 381 382 383 384 384 385 387 387 388 388 390 390 391 391 393 393 394 394 396 397 397 398 398 399 400 400 401 401 402 403
362 362 362 362 362 362 362 362 362 362 362 362 362 362 362 362 362 362 362 362 362 362 362 362 363 344 344 345 346 347 348 349 351 352 352 354 355 356 358 358 359 361 362 362 363 365 365 366 368 369 369 371 372 372 374 375 375 376 377 378 379 380 381 382 382 384 384 385 387 387 388 388 390 390 391 391 393 394 394 395 395 397 397 398 398 399 400 401 401 402 402 403 404 404
362 362 362 362 362 362 362 362 362 362 362 362 362 362 362 362 362 362 362 362 362 362 362 344 344 344 345 346 347 349 350 350 352 353 354 356 356 357 359 360 360 362 363 364 365 366 367 368 369 370 371 372 373 374 375 376 376 378 379 379 381 382 382 384 384 385 386 387 388 388 389 390 391 391 392 394 394 395 395 397 397 398 398 399 400 401 401 402 402 404 404 405 405 405
362 362 362 362 362 362 362 362 362 362 362 362 362 362 362 362 362 362 362 362 362 362 344 344 344 346 347 347 349 350 351 353 353 354 356 357 358 359 360 361 363 363 364 366 366 367 369 370 370 372 373 373 375 376 376 377 379 379 380 381 382 383 384 385 385 386 388 388 389 389 391 391 392 393 394 395 395 396 397 398 398 399 400 401 401 402 402 404 404 405 405 406 407 408
362 362 362 362 362 362 362 362 362 362 362 362 362 362 362 362 362 362 362 362 362 344 344 344 346 347 348 350 350 351 353 354 355 356 357 358 360 361 361 363 364 364 366 367 368 369 370 371 372 373 374 375 376 377 377 379 380 380 382 383 383 385 385 386 387 388 389 389 391 391 392 393 394 395 395 396 397 398 398 399 400 401 401 402 402 404 404 405 405 406 407 408 408 409
362 362 362 362 362 362 362 362 362 362 362 362 362 362 362 362 362 362 362 362 344 344 345 345 347 348 349 351 352 352 354 355 357 358 358 360 361 362 363 364 365 367 367 368 370 370 371 373 374 374 376 377 377 378 379 380 381 382 383 384 385 386 386 387 389 389 390 391 392 392 393 395 395 396 396 398 398 399 399 401 401 402 402 404 404 405 405 406 407 408 408 409 409 410
362 362 362 362 362 362 362 362 362 362 362 362 362 362 362 362 362 362 362 344 344 345 346 348 349 349 351 352 353 355 355 356 358 359 360 361 362 363 365 365 367 368 368 370 371 372 372 374 375 375 377 378 378 380 381 381 383 383 384 386 386 387 387 389 390 390 392 392 393 393 395 396 396 397 398 399 399 400 401 402 402 403 404 405 405 406 407 408 408 409 409 411 411 411
362 362 362 362 362 362 362 362 362 362 362 362 362 362 362 362 362 362 344 344 345 346 347 349 350 352 352 353 355 356 357 358 359 360 362 362 363 365 366 366 368 369 370 371 372 373 374 375 376 377 378 379 380 381 382 383 384 384 386 387 387 388 389 390 391 392 393 393 394 395 396 397 398 399 399 400 401 402 402 403 404 405 405 406 406 408 408 409 409 411 411 412 412 412
362 362 362 362 362 362 362 362 362 362 362 362 362 362 362 362 344 344 344 346 346 347 349 350 351 353 354 354 356 357 359 360 360 362 363 364 365 366 367 368 369 370 372 372 373 375 375 376 378 378 379 381 381 382 384 384 385 386 387 388 388 390 390 391 393 393 394 395 396 396 397 399 399 400 400 402 402 403 403 405 405 406 406 408 408 409 409 410 411 412 412 412 413 414
362 362 362 362 362 362 362 362 362 362 362 362 362 362 362 344 344 344 345 347 348 349 350 351 353 354 355 356 357 358 360 361 361 363 364 366 366 367 369 370 370 372 373 373 375 376 376 378 379 379 381 382 382 384 385 385 387 387 388 389 390 391 391 393 394 394 396 396 397 397 399 400 400 401 402 403 403 405 405 406 406 407 408 409 409 410 411 412 412 412 413 414 415 415
362 362 362 362 362 362 362 362 362 362 362 362 362 362 344 344 344 345 347 348 349 351 351 352 354 355 357 358 358 360 361 362 363 364 365 367 367 368 370 371 371 373 374 375 376 377 378 379 380 381 382 383 384 385 386 386 388 388 389 391 391 392 393 394 395 396 397 397 398 399 400 400 402 402 403 404 405 406 406 407 408 409 409 410 411 411 412 412 413 414 415 415 416 416
362 362 362 362 362 362 362 362 362 362 362 362 343 343 344 344 345 346 348 349 351 352 352 354 355 356 358 359 359 361 362 364 364 365 367 368 368 370 371 372 373 374 375 376 377 378 379 380 381 382 383 384 385 386 387 388 389 389 391 392 392 394 394 395 396 397 398 398 400 400 401 402 403 403 404 405 406 406 407 408 409 409 410 411 412 412 413 414 415 415 416 416 418 418
362 362 362 362 362 362 362 362 362 362 362 343 343 344 345 346 346 348 349 350 352 353 355 355 356 358 359 360 361 362 363 365 365 366 368 369 370 371 372 374 374 375 377 377 378 380 380 381 383 383 384 386 386 387 388 389 390 391 392 392 394 395 395 397 397 398 398 400 401 401 403 403 404 404 406 406 407 408 409 409 410 411 412 412 413 413 415 415 416 416 417 418 418 419
362 362 362 362 362 362 362 362 362 362 343 343 344 345 346 347 347 349 350 352 353 354 356 356 357 359 360 362 362 363 365 366 366 368 369 370 371 372 373 374 375 377 378 378 380 381 381 383 384 384 386 386 387 389 389 390 392 392 393 394 395 396 397 398 398 399 400 401 401 403 404 404 405 406 407 407 409 409 410 410 412 412 413 413 415 415 415 416 416 418 418 419 419 421
362 362 362 362 362 362 362 362 342 342 343 344 345 346 347 348 349 350 351 353 354 356 357 357 359 360 361 363 363 364 366 367 368 369 370 372 372 373 375 375 376 378 378 379 381 381 383 384 384 386 387 387 389 390 390 392 392 393 395 395 396 396 398 399 399 401 401 402 403 404 404 405 406 407 407 409 409 410 410 412 412 413 413 415 415 416 416 418 418 419 419 420 421 421
362 362 362 362 362 362 362 342 342 343 344 345 346 347 348 349 350 351 353 354 355 357 357 358 360 361 363 363 364 366 367 368 369 370 372 372 373 375 376 376 378 379 379 381 382 382 384 385 385 387 388 388 390 390 391 393 393 394 395 396 397 398 399 399 401 401 402 404 404 405 406 407 407 408 409 410 410 411 412 413 413 415 415 416 416 418 418 419 419 419 421 421 422 422
362 362 362 362 362 362 342 342 343 344 345 346 347 348 349 351 351 352 354 355 357 358 358 360 361 362 364 364 366 367 368 369 370 371 373 373 374 376 376 378 379 380 381 382 383 384 385 386 387 388 388 390 391 391 393 393 394 396 396 397 398 399 400 401 402 402 404 404 405 406 407 407 408 410 410 411 412 413 413 414 415 415 416 416 418 418 419 419 421 421 422 422 422 424
362 362 362 362 342 342 342 343 344 345 346 347 348 349 350 351 352 354 355 356 358 359 359 361 362 364 364 365 367 368 369 370 371 373 373 374 376 377 377 379 380 380 382 383 384 385 386 387 388 389 390 391 391 393 394 394 396 396 397 399 399 400 401 402 402 404 405 405 406 407 408 408 410 410 411 412 413 413 414 415 416 416 417 418 419 419 420 421 421 422 422 424 424 425
362 362 362 342 342 342 343 344 345 346 347 348 349 350 352 352 353 355 356 358 359 359 361 362 363 365 365 367 368 369 370 371 372 374 374 376 377 377 379 380 380 382 383 384 385 386 386 388 389 390 391 392 393 394 394 396 397 397 399 399 400 402 402 403 404 405 405 406 407 408 408 410 411 411 413 413 414 414 416 416 416 418 418 419 419 421 421 422 422 424 424 425 425 425
362 342 342 342 342 343 344 345 346 347 348 349 350 351 352 353 355 356 357 359 359 360 362 363 365 365 366 368 369 369 371 372 374 374 375 377 378 378 380 381 382 383 384 385 386 387 388 389 390 391 392 392 394 395 395 397 397 398 400 400 401 402 403 403 405 406 406 408 408 409 410 411 411 413 413 414 414 416 416 417 418 419 419 420 421 422 422 422 424 424 425 425 427 427
342 342 342 342 343 344 345 346 347 348 349 350 351 352 353 354 356 357 359 359 360 362 363 364 365 366 368 369 369 371 372 373 374 375 377 378 378 380 381 381 383 384 384 386 387 388 389 390 391 392 393 394 395 395 397 398 398 400 400 401 402 403 404 405 406 406 408 408 409 410 411 411 413 413 414 414 416 416 417 418 419 419 420 421 422 422 423 424 425 425 425 427 427 428
342 342 342 343 344 345 346 347 348 349 350 351 351 353 354 356 357 358 359 360 361 363 364 365 366 367 369 370 370 372 373 374 375 376 378 378 379 381 381 383 384 384 386 387 387 389 390 390 392 393 394 395 395 397 398 398 400 400 401 403 403 404 405 406 406 408 408 409 411 411 412 413 414 414 415 416 417 417 419 419 420 420 421 422 422 424 424 425 425 427 427 428 428 428
342 342 343 344 345 346 347 348 349 350 350 351 353 354 355 357 358 358 360 361 363 364 364 366 367 369 370 370 372 373 374 375 376 378 378 379 381 381 382 384 385 386 387 387 389 390 390 392 393 393 395 396 396 398 398 400 401 401 403 403 404 405 406 406 408 409 409 411 411 412 413 414 414 415 416 417 417 419 419 420 421 422 422 423 424 424 425 425 427 427 428 428 430 430
342 343 344 345 346 347 348 349 349 350 351 352 354 355 356 358 358 360 361 362 364 364 366 367 368 369 370 371 373 373 375 376 377 378 379 380 381 382 384 385 385 387 388 388 390 390 392 393 393 395 396 396 398 398 399 401 401 402 403 404 404 406 407 408 409 409 411 411 412 412 414 414 415 416 417 417 419 419 420 421 422 422 423 424 425 425 426 427 427 428 428 430 430 431
343 344 345 346 347 348 348 349 350 351 352 353 355 356 357 358 359 361 362 364 364 365 367 368 368 370 371 373 373 374 376 377 378 379 380 381 382 383 385 385 387 388 388 390 391 391 393 393 394 396 396 398 398 399 401 401 402 403 404 405 406 407 407 409 409 410 411 412 412 414 414 415 417 417 418 419 419 420 421 422 422 423 424 425 425 427 427 428 428 429 430 430 431 432
344 345 346 346 347 348 349 350 351 352 353 355 355 356 358 359 361 362 362 364 365 366 368 368 370 371 372 373 374 376 377 377 379 380 380 382 383 385 385 386 388 388 389 391 391 393 393 394 396 396 397 399 399 401 401 402 403 404 405 406 407 407 409 409 410 411 412 413 414 415 415 417 417 418 419 420 420 422 422 423 423 424 425 425 427 427 428 428 430 430 430 431 432 433
344 345 346 347 348 349 350 351 352 353 353 355 356 358 359 360 361 362 363 365 366 367 368 369 371 372 373 374 375 377 377 379 380 380 382 383 383 385 386 388 388 389 390 391 392 393 394 396 396 397 399 399 400 401 402 402 404 405 406 407 407 409 409 410 412 412 413 414 415 415 417 417 418 419 420 420 422 422 423 423 425 425 425 427 427 428 428 430 430 431 432 432 433 433
345 346 347 348 349 350 351 352 352 353 354 356 357 359 360 360 362 363 365 366 366 368 369 371 371 372 374 375 376 377 378 380 380 381 383 383 385 386 386 388 389 389 391 392 393 394 395 396 397 397 399 400 401 402 402 404 405 405 407 407 408 409 410 411 412 413 414 415 415 417 417 418 419 420 420 421 422 423 423 425 425 426 427 427 428 428 430 430 431 432 433 433 433 435
346 347 348 349 349 350 351 352 353 354 356 357 357 359 360 362 363 364 365 366 368 369 370 371 372 374 375 375 377 378 378 380 381 383 383 384 386 386 388 389 389 391 392 392 394 395 396 397 397 399 400 400 402 402 404 405 405 407 407 408 409 410 411 412 413 413 415 415 416 417 418 418 420 420 421 422 423 423 425 425 426 427 428 428 429 430 430 431 432 433 433 434 435 435
