testData/tiles/oneDegreeCosts/grid22.0-26.0-23.0-27.0.asc
ncols   200
nrows   200
xllcorner   22.0
yllcorner   26.0
cellsize   0.005
NODATA_value   -9999.0
[rows 126 to 167 of 200, columns 94 to 187 of 200]
268 268 268 268 268 268 268 268 268 373 374 374 374 374 374 374 375 374 374 375 375 374 374 375 375 374 375 375 375 375 375 375 376 375 375 375 375 375 375 376 375 375 376 376 375 375 376 375 375 412 412 411 412 412 411 411 412 411 411 412 412 411 412 412 411 411 412 412 412 415 416 416 418 420 420 421 423 423 424 425 425 426 426 428 427 427 428 428 428 427 427 427 426 425
268 268 268 268 268 268 268 268 268 374 374 374 375 375 374 374 375 375 374 375 375 375 375 375 375 376 375 375 375 376 375 375 376 376 375 376 376 375 376 376 376 375 376 376 375 376 376 376 376 376 412 411 412 412 412 412 412 412 412 412 412 411 412 412 412 412 412 412 412 412 414 414 416 417 419 420 421 421 421 423 424 423 425 425 424 425 426 425 425 426 424 424 424 424
268 268 268 268 268 268 268 268 374 375 375 374 375 375 375 375 375 375 376 375 375 375 376 375 375 376 376 375 376 376 376 376 376 376 376 376 376 376 376 376 376 377 376 376 377 376 376 376 377 376 412 413 412 412 413 412 412 412 413 412 412 413 412 412 413 412 412 412 413 412 412 413 414 415 416 417 418 419 420 420 421 420 422 422 423 423 423 423 422 423 423 421 422 421
268 268 268 268 268 268 268 268 268 375 375 376 375 375 375 376 375 375 376 376 375 376 376 376 376 376 376 377 376 376 376 377 376 376 377 376 376 377 377 376 377 377 376 376 377 377 376 377 377 376 377 413 413 412 413 413 412 413 413 412 413 413 413 412 413 413 412 413 413 412 413 413 413 413 414 415 415 417 418 418 418 420 419 420 421 420 420 420 420 420 420 420 419 419
268 268 268 268 268 268 268 268 268 375 375 376 376 375 376 376 376 376 376 376 377 376 376 376 377 376 376 377 377 376 377 377 376 377 377 377 376 377 377 377 377 377 377 377 377 377 378 377 377 377 377 377 413 413 413 413 414 413 413 413 413 413 413 413 413 413 414 413 413 413 413 413 413 413 413 413 413 414 415 415 416 417 417 418 418 418 417 418 418 417 418 418 416 416
268 268 268 268 268 268 268 268 268 376 376 376 376 377 376 376 376 377 376 376 377 377 376 377 377 377 377 377 377 378 377 377 377 377 377 377 378 377 377 378 377 377 378 378 377 377 378 377 377 378 378 377 378 414 413 413 414 413 413 414 414 413 414 414 413 413 414 413 413 414 413 413 414 414 413 413 414 414 414 414 414 414 415 415 415 415 416 416 416 414 415 415 414 414
268 268 268 268 268 268 268 268 268 376 377 376 376 377 377 376 377 377 377 377 377 377 378 377 377 377 378 377 377 378 377 377 378 378 377 378 378 378 377 378 378 377 378 378 378 378 378 378 378 378 378 377 378 378 414 414 414 414 414 414 414 413 414 414 413 414 414 414 414 414 414 413 414 414 413 414 414 414 414 414 414 414 414 414 414 414 414 414 414 414 414 414 414 413
268 268 268 268 268 268 268 268 268 377 377 377 377 377 377 377 377 377 377 378 377 377 378 378 377 378 378 378 378 378 378 378 378 378 378 378 378 378 378 378 378 379 378 378 379 378 378 378 379 378 378 379 378 378 379 414 414 414 415 414 414 415 414 414 415 414 414 414 414 414 414 414 414 414 415 414 414 414 414 414 414 414 414 414 414 414 414 414 414 414 414 414 414 413
268 268 268 268 268 268 268 268 268 377 377 377 378 377 377 378 378 377 378 378 378 378 378 378 378 378 378 378 378 378 378 379 378 378 379 379 378 379 379 378 378 379 379 378 379 379 378 379 379 378 379 379 379 378 379 379 379 415 415 414 415 415 414 414 415 415 414 415 415 414 415 415 414 414 415 414 414 415 414 414 414 414 414 414 414 414 414 415 414 414 414 414 414 414
268 268 268 268 268 268 268 268 268 378 377 378 378 378 378 378 378 378 378 378 378 379 378 378 379 379 378 379 379 378 379 379 379 378 379 379 378 379 379 379 379 379 379 379 379 379 379 379 379 379 379 379 379 379 379 379 380 380 415 415 415 415 415 415 415 415 415 415 415 414 415 415 414 415 415 415 415 415 415 414 415 415 414 415 415 414 414 415 414 414 415 414 414 414
268 268 268 268 268 268 268 268 268 378 378 378 378 378 379 378 378 379 379 378 379 379 379 379 379 379 379 379 379 379 379 379 379 380 379 379 380 379 379 380 380 379 379 380 379 379 380 379 379 380 380 379 380 380 379 379 380 380 380 416 415 415 416 416 415 415 416 415 415 416 415 415 416 415 415 415 415 415 415 415 415 415 414 415 415 414 415 415 414 415 415 415 414 415
268 268 268 268 268 268 268 268 268 378 379 379 378 379 379 379 378 379 379 379 379 379 379 380 379 379 380 379 379 380 380 379 380 380 379 379 380 380 379 380 380 379 380 380 380 380 380 380 379 380 380 379 380 380 379 380 380 380 380 380 380 415 416 416 415 416 416 415 416 416 415 415 416 416 415 416 416 415 416 416 415 415 416 415 415 416 415 415 415 415 415 415 415 415
268 268 268 268 268 268 268 268 268 378 379 379 379 379 379 379 380 379 379 380 380 379 380 380 380 380 380 380 379 380 380 380 380 380 380 380 380 380 381 380 380 381 380 380 380 380 380 380 381 380 380 381 380 380 381 380 380 380 380 380 380 380 416 416 417 416 416 416 416 416 416 416 416 416 416 416 416 415 416 416 415 416 416 415 415 416 415 415 416 415 415 416 415 415
268 268 268 268 268 268 268 268 268 380 379 379 380 380 379 380 380 380 379 380 380 380 380 380 380 380 380 380 381 380 380 381 380 380 381 381 380 380 381 380 380 381 381 380 381 381 380 381 381 380 380 381 380 380 381 381 380 381 381 380 381 381 381 381 417 416 416 417 416 416 417 416 416 416 416 416 416 417 416 416 417 416 416 416 416 416 416 416 416 416 415 416 416 415
268 268 268 268 268 268 268 268 268 380 380 379 380 380 380 380 380 380 381 380 380 381 381 380 381 381 380 380 381 381 380 381 381 380 381 381 381 381 381 381 381 381 381 380 381 381 380 381 381 381 381 381 381 381 381 381 380 381 381 380 381 381 381 381 381 381 417 417 417 416 417 417 416 417 417 416 417 417 416 416 417 416 416 417 416 416 416 416 416 416 416 416 416 416
268 268 268 268 268 268 268 268 268 380 380 381 380 380 381 381 380 380 381 381 380 381 381 380 381 381 381 381 381 381 381 381 381 382 381 381 381 381 381 381 382 381 381 382 381 381 382 381 381 382 381 381 381 382 381 381 382 381 381 382 381 381 382 381 381 381 381 381 417 417 417 417 417 417 417 416 417 417 416 417 417 416 417 417 417 416 417 417 416 417 417 416 416 417
268 268 268 268 268 268 268 268 268 380 380 381 381 380 381 381 381 381 381 381 382 381 381 382 381 381 382 382 381 381 382 381 381 382 381 381 382 382 381 382 382 381 382 382 381 381 382 382 381 382 382 381 382 382 381 382 382 381 381 382 381 381 382 381 381 382 382 381 382 382 382 417 418 417 417 418 417 417 418 417 417 417 417 417 417 417 417 417 416 417 417 416 417 417
268 268 268 268 268 268 268 268 268 381 381 381 381 382 381 381 381 382 381 381 382 381 381 382 382 381 382 382 381 382 382 382 382 382 382 382 382 382 381 382 382 382 382 382 382 382 382 382 382 382 382 382 382 382 382 382 382 382 382 382 382 382 382 382 381 382 382 381 382 382 382 382 382 382 418 418 417 417 418 417 417 418 417 417 418 417 417 417 417 417 417 417 417 417
268 268 268 268 268 268 268 268 268 381 382 381 381 382 382 381 382 382 382 382 382 382 382 382 382 383 382 382 382 382 382 382 382 382 382 383 382 382 383 382 382 383 382 382 383 383 382 382 383 382 382 383 382 382 383 382 382 383 382 382 382 382 382 382 382 382 382 383 382 382 383 382 382 382 382 382 382 382 418 418 418 418 418 417 418 418 417 418 418 417 417 418 417 417
268 268 268 268 268 268 268 268 268 382 382 382 382 382 382 382 382 382 382 382 382 382 383 382 382 383 382 382 383 383 382 383 383 382 383 383 382 382 383 383 382 383 383 382 383 383 382 383 383 382 383 383 382 382 383 383 382 383 383 382 383 383 382 383 383 382 382 383 382 382 383 382 382 383 382 382 383 382 382 382 382 382 382 382 382 382 382 382 382 382 382 382 382 382
268 268 268 268 268 268 268 268 268 382 382 382 383 382 382 383 383 382 383 383 382 383 383 383 383 383 383 382 383 383 382 383 383 383 383 383 383 383 383 383 383 383 383 383 383 383 383 383 383 383 383 383 383 383 383 383 383 383 383 383 383 383 382 383 383 382 383 383 382 383 383 382 383 383 382 382 383 383 382 383 383 382 383 383 382 382 383 382 382 382 382 382 382 382
268 268 268 268 268 268 268 268 268 383 382 383 383 383 382 383 383 382 383 383 383 383 383 383 383 383 383 384 383 383 384 383 383 384 383 383 384 384 383 383 384 383 383 384 383 383 384 383 383 384 383 383 384 383 383 383 384 383 383 384 383 383 384 383 383 384 383 383 383 383 383 383 383 383 383 383 383 383 383 383 383 382 383 383 382 383 383 382 383 383 382 382 383 382
268 268 268 268 268 268 268 268 268 383 383 383 383 383 384 383 383 384 383 383 384 384 383 384 384 383 384 384 383 383 384 384 383 384 384 383 384 384 383 384 384 383 384 384 384 384 384 384 383 384 384 383 384 384 383 384 384 383 384 384 383 384 384 383 383 384 383 383 384 383 383 384 383 383 383 383 383 383 383 383 383 383 383 383 383 383 383 382 383 383 382 383 383 382
268 268 268 268 268 268 268 268 268 383 384 384 383 383 384 383 383 384 384 383 384 384 383 384 384 384 384 384 384 384 384 384 384 384 384 385 384 384 384 384 384 384 384 384 384 384 384 384 384 384 384 384 384 384 384 384 384 384 384 384 384 384 384 384 384 384 384 384 384 384 383 384 384 383 384 384 383 384 384 383 384 384 383 383 384 383 383 384 383 383 384 383 383 383
268 268 268 268 268 268 268 268 268 383 384 384 384 384 384 384 384 384 384 385 384 384 385 384 384 385 384 384 384 385 384 384 385 384 384 385 384 384 385 384 384 385 384 384 385 385 384 385 385 384 384 385 384 384 385 384 384 385 384 384 385 384 384 384 384 384 384 384 384 384 384 384 384 384 384 384 383 384 384 383 384 384 383 384 384 383 384 384 383 383 384 383 383 384
268 268 268 268 268 268 268 268 268 385 384 384 384 384 384 384 385 384 384 385 384 384 385 385 384 385 385 384 385 385 384 385 385 384 385 385 385 385 385 385 384 385 385 384 385 385 384 385 385 384 385 385 384 385 385 384 384 385 384 384 385 384 384 385 384 384 385 384 384 385 384 384 384 384 384 384 384 384 384 384 384 384 383 384 384 383 384 384 383 384 384 383 383 384
268 268 268 268 268 268 268 268 268 385 385 384 385 385 384 385 385 385 385 385 385 385 385 385 385 385 385 385 385 385 385 385 385 385 385 385 385 385 385 385 385 385 385 385 385 385 386 385 385 385 385 385 385 385 385 385 385 385 385 385 385 385 385 385 385 384 385 385 384 385 385 384 385 385 384 385 385 384 384 385 384 384 385 384 384 385 384 384 384 384 384 384 384 384
268 268 268 268 268 268 268 268 268 385 385 384 385 385 385 385 385 385 385 385 385 386 385 385 386 385 385 386 385 385 386 385 385 386 386 385 386 386 385 385 386 385 385 386 385 385 386 385 385 386 385 385 386 385 385 386 385 385 385 385 385 385 385 385 385 385 385 385 385 385 385 385 385 385 384 385 385 384 385 385 384 385 385 384 384 385 384 384 385 384 384 385 384 384
268 268 268 268 268 268 268 268 268 385 385 386 385 385 386 386 385 386 386 385 386 386 385 386 386 386 385 386 386 385 386 386 385 386 386 385 386 386 385 386 386 385 386 386 385 386 386 385 385 386 386 385 386 386 385 386 386 385 386 386 385 386 386 385 386 386 385 385 386 385 385 386 385 385 386 385 385 385 385 385 384 385 385 384 385 385 384 385 385 384 384 385 384 384
268 268 268 268 268 268 268 268 268 385 385 386 386 385 386 386 385 386 386 386 386 386 386 386 386 386 386 386 386 386 386 386 386 386 386 387 386 386 386 386 386 386 386 386 386 386 386 386 386 386 386 386 386 386 386 386 386 386 386 386 385 386 386 385 386 386 385 386 386 385 386 386 385 385 386 385 385 386 385 385 386 385 385 386 385 385 385 385 385 385 385 385 384 385
268 268 268 268 268 268 268 268 268 386 386 386 386 387 386 386 387 386 386 387 386 386 386 386 386 386 387 386 386 387 386 386 387 386 386 387 386 386 387 386 386 387 386 386 387 386 386 387 386 386 386 386 386 386 386 386 386 386 386 386 386 386 386 386 386 386 386 386 386 385 386 386 385 386 386 385 386 386 385 386 386 385 385 386 385 385 386 385 385 386 385 385 385 385
268 268 268 268 268 268 268 268 268 386 387 386 386 387 386 386 387 387 386 387 387 386 387 387 386 387 387 386 387 387 386 387 387 386 387 387 387 386 387 387 386 387 387 386 387 387 386 387 387 386 387 387 386 387 387 386 387 387 386 386 387 386 386 387 386 386 387 386 386 387 386 386 387 386 386 386 386 386 385 386 386 385 386 386 385 386 386 385 385 386 385 385 386 385
268 268 268 268 268 268 268 268 268 268 387 387 387 387 387 387 387 387 386 387 387 386 387 387 387 387 387 387 387 387 387 387 387 387 387 387 387 387 387 387 387 387 387 387 387 387 387 387 387 386 387 387 386 387 387 386 387 387 386 387 387 386 387 387 386 387 387 386 386 387 386 386 387 386 386 387 386 386 387 386 386 387 386 386 386 386 386 385 386 386 385 386 386 385
268 268 268 268 268 268 268 268 268 268 387 387 387 387 387 387 387 387 388 387 387 388 387 387 388 387 387 388 387 387 388 387 387 388 387 387 387 387 387 387 388 387 387 388 387 387 388 387 387 388 387 387 388 387 387 388 387 387 387 387 387 386 387 387 386 387 387 386 387 387 386 387 387 386 387 387 386 386 387 386 386 387 386 386 387 386 386 387 386 386 386 386 386 386
268 268 268 268 268 268 268 268 268 268 387 387 388 387 387 388 387 387 388 387 387 388 387 387 388 388 387 388 388 387 388 388 387 388 388 387 388 388 387 388 388 387 388 388 387 388 388 387 387 388 387 387 388 387 387 388 387 387 388 387 387 388 387 387 388 387 387 388 387 387 387 387 387 387 387 387 386 387 387 386 387 387 386 386 387 386 386 387 386 386 387 386 386 387
268 268 268 268 268 268 268 268 268 268 387 388 388 387 388 388 388 388 388 388 388 388 388 388 388 388 388 388 388 388 388 388 387 388 388 387 388 388 387 388 388 387 388 388 387 388 388 387 388 388 387 388 388 387 388 388 387 388 388 387 387 388 387 387 388 387 387 388 387 387 388 387 387 388 387 387 388 387 387 387 387 387 387 387 387 386 387 387 386 387 387 386 386 387
268 268 268 268 268 268 268 268 268 268 388 388 388 388 388 388 388 388 388 388 388 388 388 388 388 388 389 388 388 389 388 388 389 388 388 389 388 388 389 388 388 389 388 388 389 388 388 388 388 388 388 388 388 388 388 388 388 388 388 387 388 388 387 388 388 387 388 388 387 387 388 387 387 388 387 387 388 387 387 388 387 387 388 387 387 387 387 387 387 387 387 386 387 387
268 268 268 268 268 268 268 268 268 268 389 388 388 389 389 388 389 389 388 389 389 388 389 389 388 389 389 388 388 389 388 388 389 388 388 389 388 388 389 388 388 389 388 388 389 388 388 389 388 388 389 388 388 389 388 388 389 388 388 388 388 388 388 388 388 388 388 388 388 388 388 387 388 388 387 388 388 387 387 388 387 387 388 387 387 388 387 387 388 387 387 388 387 387
268 268 268 268 268 268 268 268 268 268 389 389 388 389 389 388 389 389 388 389 389 388 389 389 388 389 389 388 389 389 388 389 389 388 389 389 388 389 389 388 389 389 388 389 389 388 388 389 388 388 389 388 388 389 388 388 389 388 388 389 388 388 389 388 388 389 388 388 389 388 388 388 388 388 388 388 388 388 388 388 387 388 388 387 388 388 387 387 388 387 387 388 387 387
268 268 268 268 268 268 268 268 268 268 389 389 389 389 389 390 389 389 390 389 389 389 389 389 389 389 389 389 389 389 389 389 389 389 389 389 389 389 389 389 389 389 389 389 389 389 389 389 389 389 389 389 389 389 389 389 389 388 389 389 388 388 389 388 388 389 388 388 389 388 388 389 388 388 389 388 388 389 388 388 388 388 388 388 388 388 387 388 388 387 388 388 387 387
268 268 268 268 268 268 268 268 268 268 389 389 390 389 389 390 389 389 390 389 389 390 389 389 390 389 389 390 389 389 390 389 389 390 389 389 390 389 389 390 389 389 390 389 389 389 389 389 389 389 389 389 389 389 389 389 389 389 389 389 389 389 389 389 389 389 388 389 389 388 388 389 388 388 389 388 388 389 388 388 389 388 388 389 388 388 389 388 388 387 388 388 387 388
268 268 268 268 268 268 268 268 268 268 389 389 390 389 389 390 390 389 390 390 389 390 390 389 390 390 389 390 390 389 390 390 389 390 390 389 390 390 389 390 390 389 390 389 389 390 389 389 390 389 389 390 389 389 390 389 389 390 389 389 389 389 389 389 389 389 389 389 389 389 389 389 388 389 389 388 389 389 388 389 389 388 388 389 388 388 389 388 388 389 388 388 389 388
