testData/tiles/oneDegreeCosts/grid25.0-32.0-26.0-33.0.asc
ncols   200
nrows   200
xllcorner   25.0
yllcorner   32.0
cellsize   0.005
NODATA_value   -9999.0
[rows 156 to 194 of 200, columns 89 to 177 of 200]
835 836 836 836 836 837 837 837 837 838 838 838 838 838 839 839 839 839 839 840 840 840 840 841 841 841 841 841 842 842 842 842 842 842 832 832 895 895 895 896 896 896 896 896 896 897 897 897 897 897 897 898 898 898 898 898 898 898 899 899 899 899 899 899 899 900 900 900 900 900 900 900 900 901 901 901 901 901 901 901 901 902 902 902 902 902 902 902 902
836 836 836 837 837 837 837 838 838 838 838 838 839 839 839 839 840 840 840 840 840 841 841 841 841 841 842 842 842 842 842 843 843 843 832 832 832 896 896 896 896 896 897 897 897 897 897 897 898 898 898 898 898 898 898 899 899 899 899 899 899 900 900 900 900 900 900 900 900 901 901 901 901 901 901 901 901 902 902 902 902 902 902 902 902 902 903 903 903
836 837 837 837 837 838 838 838 838 839 839 839 839 839 840 840 840 840 841 841 841 841 841 842 842 842 842 842 843 843 843 843 843 843 844 832 832 832 896 897 897 897 897 897 897 898 898 898 898 898 898 899 899 899 899 899 899 899 900 900 900 900 900 900 900 901 901 901 901 901 901 901 901 902 902 902 902 902 902 902 902 903 903 903 903 903 903 903 903
837 837 837 838 838 838 838 839 839 839 839 839 840 840 840 840 841 841 841 841 841 842 842 842 842 842 843 843 843 843 843 844 844 844 844 844 832 832 897 897 897 897 898 898 898 898 898 898 899 899 899 899 899 899 899 900 900 900 900 900 900 900 901 901 901 901 901 901 901 902 902 902 902 902 902 902 902 903 903 903 903 903 903 903 903 903 904 904 904
837 838 838 838 838 839 839 839 839 840 840 840 840 840 841 841 841 841 841 842 842 842 842 843 843 843 843 843 843 844 844 844 844 844 845 845 832 832 832 898 898 898 898 898 898 899 899 899 899 899 899 899 900 900 900 900 900 900 901 901 901 901 901 901 901 901 902 902 902 902 902 902 902 903 903 903 903 903 903 903 903 903 904 904 904 904 904 904 904
838 838 838 839 839 839 839 840 840 840 840 840 841 841 841 841 842 842 842 842 842 843 843 843 843 843 844 844 844 844 844 845 845 845 845 845 845 832 832 832 898 898 898 899 899 899 899 899 899 900 900 900 900 900 900 901 901 901 901 901 901 901 902 902 902 902 902 902 902 902 903 903 903 903 903 903 903 903 904 904 904 904 904 904 904 904 904 905 905
838 839 839 839 839 840 840 840 840 841 841 841 841 841 842 842 842 842 842 843 843 843 843 843 844 844 844 844 844 845 845 845 845 845 846 846 846 846 832 832 832 899 899 899 899 899 900 900 900 900 900 900 901 901 901 901 901 901 901 902 902 902 902 902 902 902 903 903 903 903 903 903 903 903 904 904 904 904 904 904 904 904 904 905 905 905 905 905 905
839 839 839 840 840 840 840 841 841 841 841 841 842 842 842 842 843 843 843 843 843 844 844 844 844 844 845 845 845 845 845 845 846 846 846 846 846 847 832 832 832 899 899 900 900 900 900 900 900 901 901 901 901 901 901 901 902 902 902 902 902 902 902 903 903 903 903 903 903 903 904 904 904 904 904 904 904 904 904 905 905 905 905 905 905 905 905 905 906
839 840 840 840 840 841 841 841 841 841 842 842 842 842 843 843 843 843 843 844 844 844 844 844 845 845 845 845 845 846 846 846 846 846 847 847 847 847 847 832 832 832 900 900 900 900 901 901 901 901 901 901 902 902 902 902 902 902 902 903 903 903 903 903 903 903 903 904 904 904 904 904 904 904 904 905 905 905 905 905 905 905 905 905 906 906 906 906 906
840 840 840 841 841 841 841 842 842 842 842 842 843 843 843 843 843 844 844 844 844 845 845 845 845 845 845 846 846 846 846 846 847 847 847 847 847 848 848 832 832 832 832 901 901 901 901 901 901 901 902 902 902 902 902 902 903 903 903 903 903 903 903 904 904 904 904 904 904 904 904 905 905 905 905 905 905 905 905 906 906 906 906 906 906 906 906 906 906
840 841 841 841 841 842 842 842 842 842 843 843 843 843 844 844 844 844 844 845 845 845 845 845 846 846 846 846 846 847 847 847 847 847 847 848 848 848 848 848 832 832 832 832 901 901 901 902 902 902 902 902 902 903 903 903 903 903 903 903 904 904 904 904 904 904 904 905 905 905 905 905 905 905 905 906 906 906 906 906 906 906 906 906 906 907 907 907 907
841 841 841 842 842 842 842 842 843 843 843 843 844 844 844 844 844 845 845 845 845 845 846 846 846 846 846 847 847 847 847 847 848 848 848 848 848 848 849 849 849 832 832 832 902 902 902 902 902 902 903 903 903 903 903 903 903 904 904 904 904 904 904 904 905 905 905 905 905 905 905 905 906 906 906 906 906 906 906 906 907 907 907 907 907 907 907 907 907
841 842 842 842 842 842 843 843 843 843 844 844 844 844 844 845 845 845 845 845 846 846 846 846 846 847 847 847 847 847 848 848 848 848 848 849 849 849 849 849 849 832 832 832 832 902 902 903 903 903 903 903 903 903 904 904 904 904 904 904 904 905 905 905 905 905 905 905 906 906 906 906 906 906 906 906 907 907 907 907 907 907 907 907 907 907 908 908 908
842 842 842 843 843 843 843 843 844 844 844 844 844 845 845 845 845 846 846 846 846 846 847 847 847 847 847 848 848 848 848 848 848 849 849 849 849 849 850 850 850 850 832 832 832 832 903 903 903 903 903 904 904 904 904 904 904 904 905 905 905 905 905 905 905 906 906 906 906 906 906 906 906 907 907 907 907 907 907 907 907 907 908 908 908 908 908 908 908
842 843 843 843 843 843 844 844 844 844 845 845 845 845 845 846 846 846 846 846 847 847 847 847 847 848 848 848 848 848 849 849 849 849 849 849 850 850 850 850 850 850 832 832 832 832 832 903 904 904 904 904 904 904 904 905 905 905 905 905 905 905 906 906 906 906 906 906 906 907 907 907 907 907 907 907 907 907 908 908 908 908 908 908 908 908 908 909 909
843 843 843 843 844 844 844 844 845 845 845 845 845 846 846 846 846 846 847 847 847 847 847 848 848 848 848 848 849 849 849 849 849 850 850 850 850 850 850 851 851 851 851 832 832 832 832 904 904 904 904 904 905 905 905 905 905 905 906 906 906 906 906 906 906 906 907 907 907 907 907 907 907 907 908 908 908 908 908 908 908 908 908 909 909 909 909 909 909
843 843 844 844 844 844 845 845 845 845 845 846 846 846 846 846 847 847 847 847 847 848 848 848 848 848 849 849 849 849 849 850 850 850 850 850 850 851 851 851 851 851 851 832 832 832 832 832 904 905 905 905 905 905 905 906 906 906 906 906 906 906 906 907 907 907 907 907 907 907 908 908 908 908 908 908 908 908 908 909 909 909 909 909 909 909 909 909 909
844 844 844 844 845 845 845 845 845 846 846 846 846 847 847 847 847 847 848 848 848 848 848 849 849 849 849 849 849 850 850 850 850 850 851 851 851 851 851 851 852 852 852 852 832 832 832 832 832 905 905 905 905 906 906 906 906 906 906 906 907 907 907 907 907 907 907 908 908 908 908 908 908 908 908 909 909 909 909 909 909 909 909 909 910 910 910 910 910
844 844 845 845 845 845 845 846 846 846 846 847 847 847 847 847 848 848 848 848 848 849 849 849 849 849 850 850 850 850 850 850 851 851 851 851 851 852 852 852 852 852 852 853 853 832 832 832 832 832 906 906 906 906 906 906 906 907 907 907 907 907 907 907 908 908 908 908 908 908 908 908 909 909 909 909 909 909 909 909 910 910 910 910 910 910 910 910 910
845 845 845 845 845 846 846 846 846 847 847 847 847 847 848 848 848 848 848 849 849 849 849 849 850 850 850 850 850 851 851 851 851 851 851 852 852 852 852 852 852 853 853 853 853 832 832 832 832 832 906 906 906 906 907 907 907 907 907 907 907 908 908 908 908 908 908 908 909 909 909 909 909 909 909 909 909 910 910 910 910 910 910 910 910 910 911 911 911
845 845 845 846 846 846 846 847 847 847 847 847 848 848 848 848 848 849 849 849 849 849 850 850 850 850 850 851 851 851 851 851 851 852 852 852 852 852 853 853 853 853 853 853 854 854 832 832 832 832 832 907 907 907 907 907 907 907 908 908 908 908 908 908 908 909 909 909 909 909 909 909 909 910 910 910 910 910 910 910 910 910 911 911 911 911 911 911 911
845 846 846 846 846 847 847 847 847 847 848 848 848 848 848 849 849 849 849 849 850 850 850 850 850 851 851 851 851 851 852 852 852 852 852 852 853 853 853 853 853 853 854 854 854 854 832 832 832 832 832 832 907 907 907 908 908 908 908 908 908 908 909 909 909 909 909 909 909 909 910 910 910 910 910 910 910 910 911 911 911 911 911 911 911 911 911 911 912
846 846 846 847 847 847 847 847 848 848 848 848 848 849 849 849 849 849 850 850 850 850 850 851 851 851 851 851 852 852 852 852 852 853 853 853 853 853 853 854 854 854 854 854 854 855 855 832 832 832 832 832 832 908 908 908 908 908 908 909 909 909 909 909 909 909 910 910 910 910 910 910 910 910 910 911 911 911 911 911 911 911 911 911 912 912 912 912 912
846 846 847 847 847 847 848 848 848 848 848 849 849 849 849 850 850 850 850 850 851 851 851 851 851 851 852 852 852 852 852 853 853 853 853 853 853 854 854 854 854 854 854 855 855 855 855 832 832 832 832 832 832 832 908 908 909 909 909 909 909 909 909 910 910 910 910 910 910 910 910 911 911 911 911 911 911 911 911 911 912 912 912 912 912 912 912 912 912
847 847 847 847 848 848 848 848 848 849 849 849 849 850 850 850 850 850 851 851 851 851 851 851 852 852 852 852 852 853 853 853 853 853 854 854 854 854 854 854 855 855 855 855 855 855 855 856 832 832 832 832 832 833 833 909 909 909 909 909 910 910 910 910 910 910 910 910 911 911 911 911 911 911 911 911 912 912 912 912 912 912 912 912 912 912 913 913 913
847 847 848 848 848 848 848 849 849 849 849 850 850 850 850 850 851 851 851 851 851 852 852 852 852 852 852 853 853 853 853 853 854 854 854 854 854 854 855 855 855 855 855 855 856 856 856 856 832 832 832 833 833 833 833 909 909 910 910 910 910 910 910 910 910 911 911 911 911 911 911 911 911 912 912 912 912 912 912 912 912 912 913 913 913 913 913 913 913
848 848 848 848 848 849 849 849 849 849 850 850 850 850 851 851 851 851 851 852 852 852 852 852 853 853 853 853 853 853 854 854 854 854 854 854 855 855 855 855 855 855 856 856 856 856 856 856 857 833 833 833 833 833 833 834 910 910 910 910 910 910 911 911 911 911 911 911 911 911 912 912 912 912 912 912 912 912 913 913 913 913 913 913 913 913 913 913 914
848 848 848 849 849 849 849 849 850 850 850 850 851 851 851 851 851 852 852 852 852 852 853 853 853 853 853 853 854 854 854 854 854 855 855 855 855 855 855 856 856 856 856 856 856 857 857 857 857 857 833 833 834 834 834 834 834 910 910 911 911 911 911 911 911 911 911 912 912 912 912 912 912 912 912 913 913 913 913 913 913 913 913 913 914 914 914 914 914
848 849 849 849 849 849 850 850 850 850 851 851 851 851 851 852 852 852 852 852 853 853 853 853 853 853 854 854 854 854 854 855 855 855 855 855 855 856 856 856 856 856 856 857 857 857 857 857 857 858 834 834 834 834 834 834 835 835 911 911 911 911 911 911 912 912 912 912 912 912 912 912 913 913 913 913 913 913 913 913 913 914 914 914 914 914 914 914 914
849 849 849 849 850 850 850 850 850 851 851 851 851 852 852 852 852 852 853 853 853 853 853 854 854 854 854 854 854 855 855 855 855 855 855 856 856 856 856 856 857 857 857 857 857 857 857 858 858 858 858 834 834 835 835 835 835 835 835 911 911 912 912 912 912 912 912 912 913 913 913 913 913 913 913 913 913 914 914 914 914 914 914 914 914 914 914 915 915
849 849 850 850 850 850 850 851 851 851 851 852 852 852 852 852 853 853 853 853 853 854 854 854 854 854 854 855 855 855 855 855 856 856 856 856 856 856 857 857 857 857 857 857 858 858 858 858 858 858 858 835 835 835 835 835 835 835 836 836 912 912 912 912 912 913 913 913 913 913 913 913 913 913 914 914 914 914 914 914 914 914 914 915 915 915 915 915 915
850 850 850 850 850 851 851 851 851 852 852 852 852 852 853 853 853 853 853 854 854 854 854 854 854 855 855 855 855 855 856 856 856 856 856 856 857 857 857 857 857 857 858 858 858 858 858 858 859 859 859 859 835 835 835 836 836 836 836 836 912 912 913 913 913 913 913 913 913 913 914 914 914 914 914 914 914 914 914 915 915 915 915 915 915 915 915 915 915
850 850 850 851 851 851 851 851 852 852 852 852 853 853 853 853 853 854 854 854 854 854 854 855 855 855 855 855 856 856 856 856 856 856 857 857 857 857 857 857 858 858 858 858 858 858 859 859 859 859 859 859 835 836 836 836 836 836 836 836 837 913 913 913 913 913 913 914 914 914 914 914 914 914 914 914 915 915 915 915 915 915 915 915 915 916 916 916 916
850 851 851 851 851 851 852 852 852 852 852 853 853 853 853 854 854 854 854 854 854 855 855 855 855 855 856 856 856 856 856 857 857 857 857 857 857 858 858 858 858 858 858 859 859 859 859 859 859 859 860 860 860 836 836 836 836 837 837 837 837 837 913 913 914 914 914 914 914 914 914 914 914 915 915 915 915 915 915 915 915 915 916 916 916 916 916 916 916
851 851 851 851 852 852 852 852 852 853 853 853 853 853 854 854 854 854 854 855 855 855 855 855 856 856 856 856 856 857 857 857 857 857 857 858 858 858 858 858 858 859 859 859 859 859 859 860 860 860 860 860 860 836 837 837 837 837 837 837 837 837 838 914 914 914 914 914 914 914 915 915 915 915 915 915 915 915 916 916 916 916 916 916 916 916 916 916 917
851 851 852 852 852 852 852 853 853 853 853 853 854 854 854 854 854 855 855 855 855 855 856 856 856 856 856 857 857 857 857 857 857 858 858 858 858 858 858 859 859 859 859 859 859 860 860 860 860 860 860 860 861 861 837 837 837 837 837 838 838 838 838 838 914 914 914 915 915 915 915 915 915 915 915 916 916 916 916 916 916 916 916 916 916 917 917 917 917
851 852 852 852 852 853 853 853 853 853 854 854 854 854 854 855 855 855 855 855 856 856 856 856 856 857 857 857 857 857 857 858 858 858 858 858 858 859 859 859 859 859 859 860 860 860 860 860 860 861 861 861 861 861 837 837 838 838 838 838 838 838 838 838 839 915 915 915 915 915 915 915 916 916 916 916 916 916 916 916 916 917 917 917 917 917 917 917 917
852 852 852 853 853 853 853 853 854 854 854 854 854 855 855 855 855 855 856 856 856 856 856 857 857 857 857 857 857 858 858 858 858 858 859 859 859 859 859 859 860 860 860 860 860 860 860 861 861 861 861 861 861 861 862 838 838 838 838 838 838 839 839 839 839 839 915 915 915 916 916 916 916 916 916 916 916 916 917 917 917 917 917 917 917 917 917 918 918
595 852 853 853 853 853 854 854 854 854 854 855 855 855 855 855 856 856 856 856 856 857 857 857 857 857 857 858 858 858 858 858 859 859 859 859 859 859 860 860 860 860 860 860 860 861 861 861 861 861 861 862 862 862 862 838 838 838 839 839 839 839 839 839 839 839 840 916 916 916 916 916 916 916 917 917 917 917 917 917 917 917 917 917 918 918 918 918 918
