testData/tiles/oneDegreeCosts/grid18.0-16.0-19.0-17.0.asc
ncols   200
nrows   200
xllcorner   18.0
yllcorner   16.0
cellsize   0.005
NODATA_value   -9999.0
[rows 126 to 167 of 200, columns 94 to 187 of 200]
191 191 191 191 191 191 191 191 191 248 248 248 248 248 248 248 248 248 248 248 248 248 248 248 248 248 248 248 248 248 248 248 248 248 248 248 248 248 248 248 248 248 248 248 248 249 249 250 251 252 252 253 254 254 255 256 256 257 258 258 259 260 260 261 261 262 263 263 264 264 265 265 266 267 267 268 268 269 269 270 270 271 271 272 272 273 273 274 274 275 275 276 276 277
191 191 191 191 191 191 191 191 191 191 248 248 248 248 248 248 248 248 248 248 248 248 248 248 248 248 248 248 248 248 248 248 248 248 248 248 248 248 248 248 248 248 248 248 248 248 249 250 250 251 252 253 253 254 255 255 256 257 257 258 259 259 260 260 261 262 262 263 263 264 265 265 266 266 267 267 268 268 269 269 270 270 271 272 272 272 273 273 274 274 275 275 276 276
191 191 191 191 191 191 191 191 191 191 248 248 248 248 248 248 248 248 248 248 248 248 248 248 248 248 248 248 248 248 248 248 248 248 248 248 248 248 248 248 248 248 248 248 248 248 249 249 250 251 252 252 253 254 254 255 256 256 257 258 258 259 260 260 261 261 262 263 263 264 264 265 265 266 267 267 268 268 269 269 270 270 271 271 272 272 273 273 274 274 275 275 276 276
191 191 191 191 191 191 191 191 191 191 191 248 248 248 248 248 248 248 248 248 248 248 248 248 248 248 248 248 248 248 248 248 248 248 248 248 248 248 248 248 248 248 248 248 248 248 248 249 250 250 251 252 253 253 254 255 255 256 257 257 258 259 259 260 260 261 262 262 263 263 264 265 265 266 266 267 267 268 268 269 269 270 270 271 271 272 272 273 273 274 274 275 275 276
191 191 191 191 191 191 191 191 191 191 191 248 248 248 248 248 248 248 248 248 248 248 248 248 248 248 248 248 248 248 248 248 248 248 248 248 248 248 248 248 248 248 248 248 248 248 248 249 249 250 251 252 252 253 254 254 255 256 256 257 258 258 259 260 260 261 261 262 263 263 264 264 265 265 266 266 267 268 268 269 269 270 270 271 271 272 272 273 273 274 274 275 275 276
191 191 191 191 191 191 191 191 191 191 191 191 248 248 248 248 248 248 248 248 248 248 248 248 248 248 248 248 248 248 248 248 248 248 248 248 248 248 248 248 248 248 248 248 248 248 248 248 249 250 250 251 252 253 253 254 255 255 256 257 257 258 259 259 260 260 261 262 262 263 263 264 265 265 266 266 267 267 268 268 269 269 270 270 271 271 272 272 273 273 274 274 275 275
191 191 191 191 191 191 191 191 191 191 191 191 248 248 248 248 248 248 248 248 248 248 248 248 248 248 248 248 248 248 248 248 248 248 248 248 248 248 248 248 248 248 248 248 248 248 248 248 249 249 250 251 251 252 253 254 254 255 256 256 257 258 258 259 259 260 261 261 262 262 263 264 264 265 265 266 266 267 268 268 269 269 270 270 271 271 272 272 273 273 274 274 275 275
191 191 191 191 191 191 191 191 191 191 191 191 191 248 248 248 248 248 248 248 248 248 248 248 248 248 248 248 248 248 248 248 248 248 248 248 248 248 248 248 248 248 248 248 248 248 248 248 248 249 250 250 251 252 253 253 254 255 255 256 257 257 258 259 259 260 260 261 262 262 263 263 264 264 265 266 266 267 267 268 268 269 269 270 270 271 271 272 272 273 273 274 274 275
191 191 191 191 191 191 191 191 191 191 191 191 191 248 248 248 248 248 248 248 248 248 248 248 248 248 248 248 248 248 248 248 248 248 248 248 248 248 248 248 248 248 248 248 248 248 248 248 248 248 249 250 251 251 252 253 254 254 255 256 256 257 258 258 259 259 260 261 261 262 262 263 264 264 265 265 266 266 267 267 268 268 269 270 270 271 271 272 272 273 273 273 274 274
191 191 191 191 191 191 191 191 191 191 191 191 191 248 248 248 248 248 248 248 248 248 248 248 248 248 248 248 248 248 248 248 248 248 248 248 248 248 248 248 248 248 248 248 248 248 248 248 248 248 249 250 250 251 252 252 253 254 255 255 256 257 257 258 258 259 260 260 261 261 262 263 263 264 264 265 265 266 267 267 268 268 269 269 270 270 271 271 272 272 273 273 274 274
191 191 191 191 191 191 191 191 191 191 191 191 191 191 248 248 248 248 248 248 248 248 248 248 248 248 248 248 248 248 248 248 248 248 248 248 248 248 248 248 248 248 248 248 248 248 248 248 248 248 248 249 250 251 251 252 253 253 254 255 255 256 257 257 258 259 259 260 261 261 262 262 263 263 264 265 265 266 266 267 267 268 268 269 269 270 270 271 271 272 272 273 273 274
191 191 191 191 191 191 191 191 191 191 191 191 191 191 191 248 248 248 248 248 248 248 248 248 248 248 248 248 248 248 248 248 248 248 248 248 248 248 248 248 248 248 248 248 248 248 248 248 248 248 248 249 249 250 251 252 252 253 254 254 255 256 256 257 258 258 259 260 260 261 261 262 263 263 264 264 265 265 266 266 267 268 268 269 269 270 270 271 271 272 272 273 273 274
191 191 191 191 191 191 191 191 191 191 191 191 191 191 191 248 248 248 248 248 248 248 248 248 248 248 248 248 248 248 248 248 248 248 248 248 248 248 248 248 248 248 248 248 248 248 248 248 248 248 248 248 249 250 251 251 252 253 253 254 255 255 256 257 257 258 259 259 260 260 261 262 262 263 263 264 264 265 266 266 267 267 268 268 269 269 270 270 271 271 272 272 273 273
191 191 191 191 191 191 191 191 191 191 191 191 191 191 191 191 248 248 248 248 248 248 248 248 248 248 248 248 248 248 248 248 248 248 248 248 248 248 248 248 248 248 248 248 248 248 248 248 248 248 248 248 249 249 250 251 252 252 253 254 254 255 256 256 257 258 258 259 259 260 261 261 262 262 263 264 264 265 265 266 266 267 267 268 268 269 269 270 271 271 271 272 272 273
204 204 204 204 204 204 204 204 204 204 204 204 204 204 204 204 261 261 261 261 261 261 261 261 261 261 261 261 261 261 261 261 261 261 261 261 261 261 261 261 261 261 248 248 248 248 248 248 248 248 248 248 248 249 250 250 251 252 253 253 254 255 255 256 257 257 258 258 259 260 260 261 261 262 263 263 264 264 265 265 266 267 267 268 268 269 269 270 270 271 271 272 272 273
204 204 204 204 204 204 204 204 204 204 204 204 204 204 204 204 204 261 261 261 261 261 261 261 261 261 261 261 261 261 261 261 261 261 261 261 261 261 261 261 261 261 261 261 261 261 261 261 261 261 261 261 261 262 262 263 264 264 265 266 267 267 268 269 269 270 270 271 272 272 273 274 274 275 275 276 276 264 265 265 266 266 267 267 268 268 269 269 270 270 271 271 272 272
204 204 204 204 204 204 204 204 204 204 204 204 204 204 204 204 204 261 261 261 261 261 261 261 261 261 261 261 261 261 261 261 261 261 261 261 261 261 261 261 261 261 261 261 261 261 261 261 261 261 261 261 261 261 262 263 263 264 265 265 266 267 267 268 269 269 270 271 271 272 273 273 274 274 275 276 276 277 277 278 278 279 279 280 280 281 282 282 283 283 284 284 285 285
204 204 204 204 204 204 204 204 204 204 204 204 204 204 204 204 204 204 261 261 261 261 261 261 261 261 261 261 261 261 261 261 261 261 261 261 261 261 261 261 261 261 261 261 261 261 261 261 261 261 261 261 261 261 261 262 263 264 264 265 266 266 267 268 268 269 270 270 271 272 272 273 273 274 275 275 276 276 277 277 278 279 279 280 280 281 281 282 282 283 283 284 284 285
204 204 204 204 204 204 204 204 204 204 204 204 204 204 204 204 204 204 261 261 261 261 261 261 261 261 261 261 261 261 261 261 261 261 261 261 261 261 261 261 261 261 261 261 261 261 261 261 261 261 261 261 261 261 261 262 262 263 264 265 265 266 267 267 268 269 269 270 271 271 272 272 273 274 274 275 275 276 276 277 278 278 279 279 280 280 281 281 282 282 283 283 284 284
204 204 204 204 204 204 204 204 204 204 204 204 204 204 204 204 204 204 204 261 261 261 261 261 261 261 261 261 261 261 261 261 261 261 261 261 261 261 261 261 261 261 261 261 261 261 261 261 261 261 261 261 261 261 261 261 262 263 263 264 265 266 266 267 268 268 269 269 270 271 271 272 273 273 274 274 275 276 276 277 277 278 278 279 279 280 280 281 282 282 283 283 284 284
204 204 204 204 204 204 204 204 204 204 204 204 204 204 204 204 204 204 204 261 261 261 261 261 261 261 261 261 261 261 261 261 261 261 261 261 261 261 261 261 261 261 261 261 261 261 261 261 261 261 261 261 261 261 261 261 261 262 263 264 264 265 266 266 267 268 268 269 270 270 271 272 272 273 273 274 275 275 276 276 277 277 278 279 279 280 280 281 281 282 282 283 283 284
204 204 204 204 204 204 204 204 204 204 204 204 204 204 204 204 204 204 204 204 261 261 261 261 261 261 261 261 261 261 261 261 261 261 261 261 261 261 261 261 261 261 261 261 261 261 261 261 261 261 261 261 261 261 261 261 261 262 262 263 264 265 265 266 267 267 268 269 269 270 271 271 272 272 273 274 274 275 275 276 276 277 278 278 279 279 280 280 281 281 282 282 283 283
204 204 204 204 204 204 204 204 204 204 204 204 204 204 204 204 204 204 204 204 204 261 261 261 261 261 261 261 261 261 261 261 261 261 261 261 261 261 261 261 261 261 261 261 261 261 261 261 261 261 261 261 261 261 261 261 261 261 262 263 263 264 265 266 266 267 268 268 269 270 270 271 271 272 273 273 274 274 275 276 276 277 277 278 278 279 279 280 280 281 281 282 282 283
204 204 204 204 204 204 204 204 204 204 204 204 204 204 204 204 204 204 204 204 204 261 261 261 261 261 261 261 261 261 261 261 261 261 261 261 261 261 261 261 261 261 261 261 261 261 261 261 261 261 261 261 261 261 261 261 261 261 261 262 263 264 264 265 266 266 267 268 268 269 270 270 271 272 272 273 273 274 275 275 276 276 277 277 278 278 279 280 280 281 281 282 282 283
204 204 204 204 204 204 204 204 204 204 204 204 204 204 204 204 204 204 204 204 204 204 261 261 261 261 261 261 261 261 261 261 261 261 261 261 261 261 261 261 261 261 261 261 261 261 261 261 261 261 261 261 261 261 261 261 261 261 261 262 262 263 264 265 265 266 267 267 268 269 269 270 271 271 272 272 273 274 274 275 275 276 276 277 278 278 279 279 280 280 281 281 282 282
205 205 205 205 205 205 205 205 205 205 205 205 205 205 205 205 205 205 205 205 205 205 262 262 262 262 262 262 262 262 262 262 262 262 261 261 261 261 261 261 261 261 261 261 261 261 261 261 261 261 261 261 261 261 261 261 261 261 261 261 262 263 263 264 265 266 266 267 268 268 269 269 270 271 271 272 273 273 274 274 275 275 276 277 277 278 278 279 279 280 280 281 281 282
205 205 205 205 205 205 205 205 205 205 205 205 205 205 205 205 205 205 205 205 205 205 205 262 262 262 262 262 262 262 262 262 262 262 262 262 262 262 262 262 262 262 262 262 262 262 262 262 262 262 262 262 262 262 262 262 262 262 262 262 262 263 264 265 265 265 266 266 267 268 268 269 270 270 271 272 272 273 273 274 274 275 276 276 277 277 278 278 279 279 280 280 281 282
206 206 206 206 206 206 206 206 206 206 206 206 206 206 206 206 206 206 206 206 206 206 206 206 263 263 263 263 263 263 263 263 263 263 263 263 262 262 262 262 262 262 262 262 262 262 262 262 262 262 262 262 262 262 262 262 262 262 262 262 262 263 263 264 265 266 266 267 268 268 269 270 270 271 271 272 273 273 274 274 275 276 276 277 277 278 278 279 279 279 280 280 281 281
206 206 206 206 206 206 206 206 206 206 206 206 206 206 206 206 206 206 206 206 206 206 206 206 263 263 263 263 263 263 263 263 263 263 263 263 263 263 263 263 263 263 263 263 263 263 263 263 263 263 263 263 263 263 263 263 263 263 263 263 263 263 264 265 265 265 266 266 267 268 268 269 270 270 271 272 272 273 273 274 275 275 276 276 277 277 278 279 279 280 280 281 281 282
207 207 207 207 207 207 207 207 207 207 207 207 207 207 207 207 207 207 207 207 207 207 207 207 207 264 264 264 264 264 264 263 263 263 263 263 263 263 263 263 263 263 263 263 263 263 263 263 263 263 263 263 263 263 263 263 263 263 263 263 263 263 263 264 265 266 266 267 268 268 269 270 270 271 272 272 273 273 274 275 275 276 276 277 278 278 279 279 279 279 280 280 281 281
207 207 207 207 207 207 207 207 207 207 207 207 207 207 207 207 207 207 207 207 207 207 207 207 207 207 264 264 264 264 264 264 264 264 264 264 264 264 264 264 264 264 264 264 264 264 264 264 264 264 264 264 264 264 264 264 264 264 264 264 263 263 263 264 264 265 266 266 267 268 269 269 270 270 271 272 272 273 274 274 275 275 276 277 277 278 278 279 279 280 280 281 281 282
208 208 208 208 208 208 208 208 208 208 208 208 208 208 207 207 207 207 207 207 207 207 207 207 207 207 264 264 264 264 264 264 264 264 264 264 264 264 264 264 264 264 264 264 264 264 264 264 264 264 264 264 264 264 264 264 264 264 264 264 264 264 264 264 265 266 266 267 268 268 269 270 270 271 272 272 273 274 274 275 275 276 276 276 277 277 278 278 279 279 280 280 281 282
208 208 208 208 208 208 208 208 208 208 208 208 208 208 208 208 208 208 208 208 208 208 208 208 208 208 208 265 265 265 265 265 265 265 265 265 265 265 265 265 265 265 265 265 265 265 265 264 264 264 264 264 264 264 264 264 264 264 264 264 264 264 264 264 264 265 266 266 267 268 269 269 270 271 271 272 272 273 274 274 275 275 276 277 277 278 278 279 279 280 281 281 282 282
208 208 208 208 208 208 208 208 208 208 208 208 208 208 208 208 208 208 208 208 208 208 208 208 208 208 208 208 265 265 265 265 265 265 265 265 265 265 265 265 265 265 265 265 265 265 265 265 265 265 265 265 265 265 265 265 265 265 265 265 265 265 265 265 265 265 266 267 268 268 268 269 269 270 271 271 272 273 273 274 274 275 276 276 277 277 278 278 279 280 280 281 281 282
209 209 209 209 209 209 209 209 209 209 209 209 209 209 209 209 209 209 209 209 209 209 209 208 208 208 208 208 265 265 265 265 265 265 265 265 265 265 265 265 265 265 265 265 265 265 265 265 265 265 265 265 265 265 265 265 265 265 265 265 265 265 265 265 265 265 266 266 267 268 268 269 270 271 271 272 272 273 274 274 275 276 276 277 277 278 278 279 280 280 280 280 281 281
209 209 209 209 209 209 209 209 209 209 209 209 209 209 209 209 209 209 209 209 209 209 209 209 209 209 209 209 209 266 266 266 266 266 266 266 266 266 266 266 266 266 266 266 266 266 266 266 266 266 265 265 265 265 265 265 265 265 265 265 265 265 265 265 265 265 265 266 267 267 268 269 269 270 271 271 272 273 273 274 274 275 276 276 277 277 278 279 279 280 280 281 281 282
209 209 209 209 209 209 209 209 209 209 209 209 209 209 209 209 209 209 209 209 209 209 209 209 209 209 209 209 209 209 266 266 266 266 266 266 266 266 266 266 266 266 266 266 266 266 266 266 266 266 266 266 266 266 266 266 266 266 266 266 266 266 266 266 266 266 266 266 267 268 268 268 269 269 270 271 271 272 273 273 274 275 275 276 276 277 278 278 279 279 280 280 281 281
210 210 210 210 210 210 210 210 210 210 210 210 210 210 210 209 209 209 209 209 209 209 209 209 209 209 209 209 209 209 266 266 266 266 266 266 266 266 266 266 266 266 266 266 266 266 266 266 266 266 266 266 266 266 266 266 266 266 266 266 266 266 266 266 266 266 266 266 266 267 268 269 269 270 271 271 272 273 273 274 274 275 276 276 277 277 278 279 279 279 279 280 280 281
210 210 210 210 210 210 210 210 210 210 210 210 210 210 210 210 210 210 210 210 210 210 210 210 210 210 210 210 210 210 210 267 267 267 267 267 267 267 267 267 267 267 267 266 266 266 266 266 266 266 266 266 266 266 266 266 266 266 266 266 266 266 266 266 266 266 266 266 266 267 267 268 269 269 270 271 271 272 273 273 274 275 275 276 276 277 278 278 279 279 280 280 281 282
210 210 210 210 210 210 210 210 210 210 210 210 210 210 210 210 210 210 210 210 210 210 210 210 210 210 210 210 210 210 210 210 267 267 267 267 267 267 267 267 267 267 267 267 267 267 267 267 267 267 267 267 267 267 267 267 267 267 267 267 267 267 267 266 266 266 266 266 266 266 267 267 268 269 270 270 271 272 272 273 273 274 275 275 276 277 277 278 278 279 279 280 281 281
210 210 210 210 210 210 210 210 210 210 210 210 210 210 210 210 210 210 210 210 210 210 210 210 210 210 210 210 210 210 210 210 210 267 267 267 267 267 267 267 267 267 267 267 267 267 267 267 267 267 267 267 267 267 267 267 267 267 267 267 267 267 267 267 267 267 267 267 267 267 267 268 269 269 270 271 271 272 273 273 273 274 274 275 275 276 277 277 278 278 279 279 280 281
211 211 211 211 211 211 211 211 211 211 211 211 211 211 211 211 211 211 211 211 210 210 210 210 210 210 210 210 210 210 210 210 210 267 267 267 267 267 267 267 267 267 267 267 267 267 267 267 267 267 267 267 267 267 267 267 267 267 267 267 267 267 267 267 267 267 267 267 267 267 267 267 268 269 269 270 271 271 272 273 273 274 275 275 276 277 277 278 278 279 279 280 281 281
