testData/tiles/oneDegreeCosts/grid36.0-10.0-37.0-11.0.asc
ncols   200
nrows   200
xllcorner   36.0
yllcorner   10.0
cellsize   0.005
NODATA_value   -9999.0
[rows 42 to 83 of 200, columns 94 to 187 of 200]
411 410 410 409 409 408 408 407 407 406 406 405 405 404 404 403 403 402 402 401 401 400 400 399 399 398 398 397 397 396 396 395 395 394 394 393 393 415 415 414 414 413 413 412 412 533 533 532 532 531 531 530 530 529 529 528 528 527 527 526 526 525 525 345 345 344 344 343 344 343 343 343 343 343 343 343 343 343 343 343 343 343 343 343 343 343 343 343 343 343 343 343 343 343
411 410 410 409 409 408 408 407 407 406 406 405 405 404 404 403 403 402 402 401 401 400 400 399 399 398 398 397 397 396 396 395 395 394 394 393 416 415 415 414 414 413 413 412 412 533 533 532 532 531 531 530 530 529 529 528 528 527 527 526 347 346 346 345 345 344 344 344 344 343 344 343 343 343 343 343 343 343 343 343 343 343 343 343 343 343 343 343 343 343 343 343 343 343
411 410 410 409 409 408 408 407 407 406 406 405 405 404 404 403 403 402 402 401 401 400 400 399 399 398 398 397 397 396 396 395 395 394 394 416 416 415 415 414 414 413 413 412 412 533 533 532 532 531 531 530 530 529 529 528 349 348 348 347 347 346 346 345 345 345 345 344 345 344 344 344 344 343 343 343 343 343 343 343 343 343 343 343 343 343 343 343 343 343 343 343 343 343
411 410 410 409 409 408 408 407 407 406 406 405 405 404 404 403 403 402 402 401 401 400 400 399 399 398 398 397 397 396 396 395 395 417 417 416 416 415 415 414 414 413 413 412 412 533 533 532 532 531 531 530 530 350 350 349 349 348 348 347 347 346 346 346 346 345 346 345 345 345 345 344 344 344 344 343 344 343 343 343 343 343 343 343 343 343 343 343 343 343 343 343 343 343
411 410 410 409 409 408 408 407 407 406 406 405 405 404 404 403 403 402 402 401 401 400 400 399 399 398 398 397 397 396 396 395 418 417 417 416 416 415 415 414 414 413 413 412 412 533 533 532 532 352 352 351 351 350 350 349 349 348 348 347 347 346 347 346 347 346 346 345 346 345 345 345 345 344 345 344 344 343 344 343 343 343 343 343 343 343 343 343 343 343 343 343 343 343
411 410 410 409 409 408 408 407 407 406 406 405 405 404 404 403 403 402 402 401 401 400 400 399 399 398 398 397 397 396 396 418 418 417 417 416 416 415 415 414 414 413 413 412 534 354 354 353 353 352 352 351 351 350 350 349 349 348 348 347 348 347 347 347 347 346 347 346 346 346 346 345 346 345 345 344 345 344 344 343 344 343 343 343 343 343 343 343 343 343 343 343 343 343
411 410 410 409 409 408 408 407 407 406 406 405 405 404 404 403 403 402 402 401 401 400 400 399 399 398 398 397 397 419 419 418 418 417 417 416 416 415 415 414 273 273 273 273 273 354 354 353 353 352 352 351 351 350 350 349 349 348 349 348 348 348 348 347 348 347 347 347 347 346 346 346 346 345 346 345 345 344 345 344 344 343 343 343 343 343 343 343 343 343 343 343 343 343
410 410 409 409 408 408 408 407 407 406 406 405 405 404 404 403 403 402 402 401 401 400 400 399 399 398 398 397 420 419 419 418 418 417 417 416 273 273 273 273 273 273 273 273 273 354 354 353 353 352 352 351 351 350 350 349 349 349 349 349 349 348 349 348 348 348 348 347 347 347 347 346 347 346 346 345 346 345 345 344 344 344 344 343 343 343 343 343 343 343 343 343 343 343
410 410 409 409 408 408 407 407 406 406 405 405 404 404 403 403 402 402 401 401 400 400 399 399 398 398 398 420 420 419 273 273 273 273 273 273 273 273 273 273 273 273 273 273 273 354 354 353 353 352 352 351 351 350 350 350 350 349 350 349 349 349 349 348 349 348 348 348 348 347 347 347 347 346 347 346 346 345 345 345 345 344 344 344 344 343 343 343 343 343 343 343 343 343
410 410 409 409 408 408 407 407 406 406 405 405 404 404 403 403 402 402 401 401 400 400 399 399 273 273 273 273 273 273 273 273 273 273 273 273 273 273 273 273 273 273 273 273 273 354 353 353 352 352 351 351 351 351 350 350 351 350 350 350 350 349 350 349 349 349 349 348 348 348 348 347 347 347 347 346 346 346 346 345 345 345 345 344 344 343 344 343 343 343 343 343 343 343
410 410 409 409 408 408 407 407 406 406 405 405 404 404 403 403 402 273 273 273 273 273 273 273 273 273 273 273 273 273 273 273 273 273 273 273 273 273 273 273 273 273 273 273 273 354 353 353 352 352 351 351 351 351 350 351 351 351 350 350 350 350 349 349 349 349 349 349 348 348 348 348 347 347 347 347 346 346 346 346 345 345 344 344 344 344 343 343 343 343 343 343 343 343
410 410 409 409 408 408 407 273 273 273 273 273 273 273 273 273 273 273 273 273 273 273 273 273 273 273 273 273 273 273 273 273 273 273 273 273 273 273 273 273 273 273 273 273 273 354 353 353 352 352 352 352 351 352 351 351 351 351 350 351 350 350 350 350 349 350 349 349 348 349 348 348 347 348 347 347 346 347 346 346 345 345 345 345 344 344 344 344 343 343 343 343 343 343
273 273 273 273 273 273 273 273 273 273 273 273 273 273 273 273 273 273 273 273 273 273 273 273 273 273 273 273 273 273 273 273 273 273 273 273 273 273 273 273 273 273 273 273 273 354 353 353 352 353 352 352 352 352 352 352 351 352 351 351 351 351 350 350 350 350 349 350 349 349 348 349 348 348 347 348 347 347 346 346 346 346 345 345 345 345 344 344 343 343 343 343 343 343
273 273 273 273 273 273 273 273 273 273 273 273 273 273 273 273 273 273 273 273 273 273 273 273 273 273 273 273 273 273 273 273 273 273 273 273 273 273 273 273 273 273 273 273 273 354 353 354 353 353 353 353 352 353 352 352 352 352 351 352 351 351 351 351 350 350 350 350 349 350 349 349 348 349 348 348 347 347 347 347 346 346 346 346 345 345 344 345 344 344 343 343 343 344
273 273 273 273 273 273 273 273 273 273 273 273 273 273 273 273 273 273 273 273 273 273 273 273 273 273 273 273 273 273 273 273 273 273 273 273 273 273 273 273 273 273 273 273 273 354 354 354 353 354 353 354 353 353 353 353 352 353 352 352 352 352 351 351 351 351 350 350 350 350 349 349 349 349 348 348 348 348 347 347 347 347 346 346 345 346 345 345 344 344 343 344 344 344
273 273 273 273 273 273 273 273 273 273 273 273 273 273 273 273 273 273 273 273 273 273 273 273 273 273 273 273 273 273 273 273 273 273 273 273 273 273 273 273 273 273 273 273 273 355 354 355 354 354 354 354 353 354 353 353 353 353 352 353 352 352 352 352 351 351 351 351 350 350 350 350 349 349 349 349 348 348 348 348 347 347 346 347 346 346 345 345 344 345 344 345 344 344
273 273 273 273 273 273 273 273 273 273 273 273 273 273 273 273 273 273 273 273 273 273 273 273 273 273 273 273 273 273 273 273 273 273 273 273 273 273 273 273 273 273 273 273 273 354 355 355 355 354 354 354 354 354 354 353 353 353 353 352 352 352 352 352 352 352 351 351 351 351 350 350 350 350 349 349 348 349 348 348 347 348 347 347 346 346 346 346 345 345 345 345 345 345
273 273 273 273 273 273 273 273 273 273 273 273 273 273 273 273 273 273 273 273 273 273 273 273 273 273 273 273 273 273 273 273 273 273 273 273 273 273 273 273 273 273 273 273 273 273 355 355 355 354 355 354 354 354 354 353 354 353 353 353 353 352 352 352 352 352 352 351 351 351 351 350 350 349 349 349 349 348 348 348 348 347 347 347 347 347 346 346 345 345 346 346 345 345
273 273 273 273 273 273 273 273 273 273 273 273 273 273 273 273 273 273 273 273 273 273 273 273 273 273 273 273 273 273 273 273 273 273 273 273 273 273 273 273 273 273 273 273 273 273 356 355 356 355 355 355 355 354 355 354 354 354 354 353 353 353 353 352 352 352 352 351 351 351 351 350 350 350 350 349 349 349 349 348 348 347 348 347 347 346 346 346 346 346 346 345 345 345
273 273 273 273 273 273 273 273 273 273 273 273 273 273 273 273 273 273 273 273 273 273 273 273 273 273 273 273 273 273 273 273 273 273 273 273 273 273 273 273 273 273 273 273 273 273 356 356 356 355 356 355 355 355 355 354 355 354 354 354 354 353 353 353 353 352 352 352 352 351 351 351 351 350 350 349 350 349 349 348 349 348 348 347 347 346 347 346 347 346 346 346 346 346
273 273 273 273 273 273 273 273 273 273 273 273 273 273 273 273 273 273 273 273 273 273 273 273 273 273 273 273 273 273 273 273 273 273 273 273 273 273 273 273 273 273 273 273 273 273 357 356 357 356 356 356 356 355 356 355 355 354 355 354 354 354 354 353 353 353 353 352 352 352 352 351 351 350 351 350 350 349 350 349 349 348 348 347 348 347 347 346 347 347 347 346 347 346
273 273 273 273 273 273 273 273 273 273 273 273 273 273 273 273 273 273 273 273 273 273 273 273 273 273 273 273 273 273 273 273 273 273 273 273 273 273 273 273 273 273 273 273 273 273 356 357 356 356 356 356 356 356 355 355 355 355 355 354 355 354 354 353 354 353 353 352 353 352 352 351 352 351 351 350 350 350 350 349 349 348 349 348 348 347 347 348 348 347 347 347 347 347
273 273 273 273 273 273 273 273 273 273 273 273 273 273 273 273 273 273 273 273 273 273 273 273 273 273 273 273 273 273 273 273 273 273 273 273 273 273 273 273 273 273 273 273 273 273 273 357 357 357 356 357 356 356 355 356 355 355 355 355 354 354 354 354 353 353 353 353 352 352 353 352 352 351 351 351 351 350 350 349 350 349 349 348 348 348 348 348 348 347 347 348 348 347
273 273 273 273 273 273 273 273 273 273 273 273 273 273 273 273 273 273 273 273 273 273 273 273 273 273 273 273 273 273 273 273 273 273 273 273 273 273 273 273 273 273 273 273 273 273 273 358 357 357 357 357 356 357 356 356 355 356 355 355 355 355 354 354 354 354 353 353 352 353 352 352 352 352 351 351 350 350 350 350 349 349 349 349 348 348 349 348 348 348 349 348 348 347
273 273 273 273 273 273 273 273 273 273 273 273 273 273 273 273 273 273 273 273 273 273 273 273 273 273 273 273 273 273 273 273 273 273 273 273 273 273 273 273 273 273 273 273 273 273 273 358 357 358 357 357 357 357 356 357 356 356 355 356 355 355 354 355 354 354 353 354 353 353 352 353 352 352 351 351 351 351 350 350 349 350 349 349 348 349 349 349 348 349 348 348 348 349
273 273 273 273 273 273 273 273 273 273 273 273 273 273 273 273 273 273 273 273 273 273 273 273 273 273 273 273 273 273 273 273 273 273 273 273 273 273 273 273 273 273 273 273 273 273 273 358 358 358 358 358 357 357 357 357 356 357 356 356 355 356 355 355 354 355 354 354 353 353 353 353 352 352 352 352 351 351 350 351 350 350 349 349 348 350 349 349 348 349 348 349 348 349
273 273 273 273 273 273 273 273 273 273 273 273 273 273 273 273 273 273 273 273 273 273 273 273 273 273 273 273 273 273 273 273 273 273 273 273 273 273 273 273 273 273 273 273 273 273 273 273 358 358 358 358 358 357 357 357 357 356 356 356 356 355 355 355 355 355 354 354 354 354 353 353 353 353 352 352 351 352 351 351 350 350 349 350 350 350 349 349 349 350 349 349 349 349
273 273 273 273 273 273 273 273 273 273 273 273 273 273 273 273 273 273 273 273 273 273 273 273 273 273 273 273 273 273 273 273 273 273 273 273 273 273 273 273 273 273 273 273 273 273 273 273 359 358 358 358 358 357 358 357 357 356 357 356 356 355 356 355 355 355 355 354 354 353 353 353 353 353 352 352 352 352 351 351 350 351 350 350 350 350 349 350 350 350 349 349 349 350
273 273 273 273 273 273 273 273 273 273 273 273 273 273 273 273 273 273 273 273 273 273 273 273 273 273 273 273 273 273 273 273 273 273 273 273 273 273 273 273 273 273 273 273 273 273 273 273 359 359 359 358 358 358 358 357 358 357 357 356 357 356 356 355 355 355 355 354 354 354 354 353 353 353 353 352 352 351 351 351 351 350 350 350 350 351 350 351 350 350 349 351 350 350
273 273 273 273 273 273 273 273 273 273 273 273 273 273 273 273 273 273 273 273 273 273 273 273 273 273 273 273 273 273 273 273 273 273 273 273 273 273 273 273 273 273 273 273 273 273 273 273 273 359 359 359 359 358 358 358 358 357 357 357 357 356 356 356 356 355 355 355 355 354 354 353 354 353 353 352 352 352 352 351 351 350 350 351 351 351 351 350 350 350 351 350 350 350
273 273 273 273 273 273 273 273 273 273 273 273 273 273 273 273 273 273 273 273 273 273 273 273 273 273 273 273 273 273 273 273 273 273 273 273 273 273 273 273 273 273 273 273 273 273 273 273 273 359 359 359 358 358 358 358 358 358 357 357 357 357 357 356 356 355 356 355 355 354 355 354 354 353 353 353 353 352 352 351 351 351 352 351 351 351 351 351 351 350 351 350 350 350
273 273 273 273 273 273 273 273 273 273 273 273 273 273 273 273 273 273 273 273 273 273 273 273 273 273 273 273 273 273 273 273 273 273 273 273 273 273 273 273 273 273 273 273 273 273 273 273 273 360 359 359 359 359 358 358 358 358 357 357 357 357 356 356 356 356 355 355 355 355 355 354 354 353 354 353 353 352 352 352 352 352 352 351 351 352 352 351 351 351 351 351 351 351
273 273 273 273 273 273 273 273 273 273 273 273 273 273 273 273 273 273 273 273 273 273 273 273 273 273 273 273 273 273 273 273 273 273 273 273 273 273 273 273 273 273 273 273 273 273 273 273 273 273 359 360 359 359 359 359 358 358 358 358 357 357 356 357 356 356 355 356 355 355 354 354 354 354 353 353 353 353 352 352 352 352 352 352 352 352 352 351 351 352 352 351 351 351
273 273 273 273 273 273 273 273 273 273 273 273 273 273 273 273 273 273 273 273 273 273 273 273 273 273 273 273 273 273 273 273 273 273 273 273 273 273 273 273 273 273 273 273 273 273 273 273 273 273 360 359 359 359 359 359 358 359 358 358 357 358 357 357 356 357 356 356 355 355 355 355 354 354 353 354 353 353 352 352 352 353 352 352 352 352 352 352 352 352 352 351 352 351
273 273 273 273 273 273 273 273 273 273 273 273 273 273 273 273 273 273 273 273 273 273 273 273 273 273 273 273 273 273 273 273 273 273 273 273 273 273 273 273 273 273 273 273 273 273 273 273 273 273 273 359 360 359 359 359 359 358 358 358 358 357 357 357 357 357 356 356 355 356 355 355 354 354 354 354 353 353 352 353 353 353 352 352 352 353 352 352 352 352 352 353 352 352
273 273 273 273 273 273 273 273 273 273 273 273 273 273 273 273 273 273 273 273 273 273 273 273 273 273 273 273 273 273 273 273 273 273 273 273 273 273 273 273 273 273 273 273 273 273 273 273 273 273 273 360 360 359 360 359 359 358 359 358 358 357 358 357 357 356 356 356 356 355 355 355 355 355 354 354 353 354 353 354 353 353 352 354 353 353 352 353 352 353 352 353 352 352
273 273 273 273 273 273 273 273 273 273 273 273 273 273 273 273 273 273 273 273 273 273 273 273 273 273 273 273 273 273 273 273 273 273 273 273 273 273 273 273 273 273 273 273 273 273 273 273 273 273 273 273 360 360 360 359 359 359 359 358 358 358 358 357 357 357 357 356 356 355 356 355 355 354 354 354 354 353 353 353 353 354 353 354 353 353 352 354 353 353 353 353 352 352
273 273 273 273 273 273 273 273 273 273 273 273 273 273 273 273 273 273 273 273 273 273 273 273 273 273 273 273 273 273 273 273 273 273 273 273 273 273 273 273 273 273 273 273 273 273 273 273 273 273 273 273 360 360 360 360 359 359 359 359 359 358 358 357 358 357 357 356 356 356 356 355 355 354 355 354 354 353 354 354 354 354 354 353 353 353 354 353 353 353 353 353 353 353
273 273 273 273 273 273 273 273 273 273 273 273 273 273 273 273 273 273 273 273 273 273 273 273 273 273 273 273 273 273 273 273 273 273 273 273 273 273 273 273 273 273 273 273 273 273 273 273 273 273 273 273 273 360 360 360 359 359 359 359 358 358 358 358 357 357 357 357 357 356 356 355 356 355 355 354 354 353 355 354 354 354 354 353 354 354 354 353 353 353 354 353 353 353
273 273 273 273 273 273 273 273 273 273 273 273 273 273 273 273 273 273 273 273 273 273 273 273 273 273 273 273 273 273 273 273 273 273 273 273 273 273 273 273 273 273 273 273 273 273 273 273 273 273 273 273 273 361 360 360 360 360 359 359 358 359 358 358 357 358 357 357 356 356 356 356 355 355 355 354 355 355 355 354 354 354 355 354 354 354 354 353 354 354 354 353 353 353
273 273 273 273 273 273 273 273 273 273 273 273 273 273 273 273 273 273 273 273 273 273 273 273 273 273 273 273 273 273 273 273 273 273 273 273 273 273 273 273 273 273 273 273 273 273 273 273 273 273 273 273 273 273 360 360 360 360 359 360 359 359 358 358 358 358 357 357 356 357 356 356 355 355 355 355 355 355 354 354 354 355 355 354 355 354 355 354 355 354 354 353 354 354
273 273 273 273 273 273 273 273 273 273 273 273 273 273 273 273 273 273 273 273 273 273 273 273 273 273 273 273 273 273 273 273 273 273 273 273 273 273 273 273 273 273 273 273 273 273 273 273 273 273 273 273 273 273 361 360 360 360 360 359 359 359 359 358 358 358 357 358 357 357 356 356 356 356 355 355 355 355 355 355 355 355 354 354 355 355 354 354 354 354 354 354 355 354
