testData/tiles/oneDegreeCosts/grid47.0-25.0-48.0-26.0.asc
ncols   200
nrows   200
xllcorner   47.0
yllcorner   25.0
cellsize   0.005
NODATA_value   -9999.0
[rows 42 to 83 of 200, columns 94 to 187 of 200]
723 722 722 720 720 719 719 718 717 717 715 715 714 712 712 711 709 709 709 709 710 709 709 710 709 709 709 709 709 709 709 708 708 708 708 708 707 707 708 707 706 706 706 705 704 703 703 702 702 701 701 700 700 699 699 698 697 697 697 695 694 693 693 692 691 689 689 687 687 686 685 683 683 681 680 679 678 677 675 674 672 670 670 669 669 668 667 667 666 665 666 665 664 663
723 723 721 721 720 719 719 718 717 716 715 714 713 713 711 710 710 709 709 710 709 709 710 709 709 709 709 709 709 709 708 708 708 708 708 708 708 708 707 706 706 706 705 704 704 704 703 702 702 702 701 701 700 699 699 699 697 697 695 695 694 694 693 691 691 690 690 688 687 686 685 684 683 682 680 679 677 677 676 674 673 671 670 669 668 668 667 666 666 665 665 665 664 664
722 722 721 720 719 720 718 717 717 716 715 714 713 712 711 711 709 709 709 709 709 709 709 709 709 709 709 708 709 708 708 708 708 708 708 708 708 706 706 706 706 705 704 704 704 704 703 703 702 701 701 701 700 700 699 698 697 697 696 695 694 693 692 692 690 690 688 688 687 686 685 684 682 682 680 680 678 677 676 674 673 672 670 670 668 667 667 666 665 666 665 664 664 663
723 722 720 720 719 719 718 718 716 715 715 713 713 712 710 710 709 708 708 708 708 708 708 708 708 707 707 708 707 707 708 708 708 708 708 708 707 707 706 706 705 705 705 704 704 703 703 702 701 701 702 700 700 699 698 698 698 696 696 695 695 694 692 692 690 690 689 688 687 686 684 684 683 682 681 679 678 677 677 675 673 673 671 671 669 668 667 666 665 665 664 663 663 663
722 721 721 719 720 719 717 717 716 715 714 713 713 711 711 710 709 709 707 707 708 707 707 708 707 707 708 707 707 707 708 708 708 708 706 706 707 706 706 705 705 705 704 704 703 703 702 702 702 702 701 700 700 700 698 698 696 696 696 695 694 693 692 692 691 689 689 687 686 686 685 684 683 681 681 680 679 677 677 676 674 674 672 671 670 668 666 665 665 664 664 663 662 662
722 720 720 719 720 718 718 717 715 715 714 713 712 711 710 710 710 708 707 708 707 707 708 707 707 707 707 707 707 708 708 708 707 706 706 707 706 706 705 705 705 704 704 703 703 702 702 702 702 701 701 701 700 699 698 698 697 696 695 694 693 693 693 691 691 689 689 688 687 686 685 684 684 682 681 681 679 678 677 677 675 673 672 671 669 669 667 665 664 663 662 662 662 661
721 721 720 719 719 718 717 716 716 714 714 713 711 711 710 709 709 708 707 706 706 707 707 707 707 707 707 707 707 707 707 707 706 706 707 706 706 705 705 705 705 705 703 703 703 703 702 702 702 701 701 700 699 699 699 697 697 695 695 695 694 693 691 691 690 690 688 688 686 686 685 684 683 683 681 681 680 679 677 676 675 674 672 671 670 669 667 665 665 663 662 661 661 660
721 720 719 720 718 718 717 716 715 714 714 712 712 711 710 710 709 707 707 706 706 706 706 706 706 706 706 706 706 707 707 706 706 706 706 705 705 705 704 704 705 703 703 703 703 702 702 702 701 701 700 699 699 699 697 697 696 696 695 694 694 694 692 692 690 689 688 688 687 686 685 685 684 684 682 680 680 678 678 676 675 674 672 671 671 669 668 666 664 663 661 661 661 660
720 720 719 719 718 718 716 716 715 714 713 712 711 711 711 709 708 708 706 706 706 705 706 706 705 706 706 706 707 707 706 706 706 705 705 705 705 705 705 704 703 703 703 703 702 702 703 701 701 701 701 699 699 697 697 697 696 695 695 694 694 692 692 691 691 689 688 687 686 686 686 685 684 682 682 681 680 679 677 676 675 675 673 671 670 669 667 666 665 663 662 660 660 660
720 719 719 719 717 717 716 715 714 714 712 712 711 711 710 709 709 707 706 706 705 705 706 705 705 705 706 707 706 706 705 705 705 705 705 705 704 705 704 703 703 703 703 702 702 703 701 701 701 701 699 699 698 698 697 696 696 696 694 694 692 692 692 691 690 689 688 688 688 686 686 684 684 683 681 681 679 678 678 677 675 674 673 671 670 669 668 666 665 663 661 661 660 660
720 720 719 718 718 716 716 715 714 713 712 712 711 711 710 708 708 707 706 705 704 704 704 704 704 704 705 705 705 705 705 705 705 705 705 704 704 703 703 703 703 702 702 703 703 701 701 701 701 699 699 699 698 697 697 696 696 695 694 694 693 693 691 690 689 689 689 688 687 686 685 685 683 683 681 680 680 679 677 676 675 674 673 672 670 669 668 666 666 664 662 660 660 660
719 719 719 717 717 716 716 714 714 713 712 711 711 710 709 709 707 706 706 704 704 704 704 704 704 704 705 705 705 705 705 704 705 704 704 704 703 703 703 703 702 702 703 702 701 701 701 701 699 699 699 698 698 697 697 696 696 695 695 693 693 691 691 691 690 690 688 688 687 687 685 685 683 683 682 680 679 678 677 676 675 674 672 672 670 669 668 667 665 664 662 661 660 660
720 718 718 717 717 715 715 714 713 712 712 712 711 710 709 708 707 707 705 704 704 703 704 704 704 705 705 704 705 704 704 704 703 703 704 703 703 703 702 702 702 703 702 701 701 701 701 700 700 699 698 698 698 697 696 696 695 695 693 693 692 692 691 691 690 689 689 688 687 685 685 684 684 682 681 680 680 679 677 676 675 674 673 671 671 669 667 666 666 664 663 661 660 660
719 719 718 717 716 716 714 714 713 712 711 711 711 709 709 708 706 706 705 704 703 702 702 702 704 703 703 704 703 703 704 703 703 703 703 703 702 702 702 702 703 702 701 702 701 701 700 700 699 698 698 698 697 696 696 695 695 694 693 693 692 691 691 691 691 689 689 687 687 686 685 684 682 682 681 680 679 678 677 676 675 674 673 671 670 670 668 666 665 664 662 662 660 660
719 718 717 717 715 715 714 714 712 712 711 711 710 709 708 707 707 705 704 704 703 702 702 702 703 703 703 703 703 703 703 703 703 703 702 702 702 701 701 703 701 701 701 701 700 700 700 699 698 698 698 697 697 697 695 695 694 693 693 692 692 692 691 691 689 689 688 688 686 686 685 685 683 682 681 680 679 678 677 676 675 673 673 672 670 669 668 666 665 664 663 661 660 660
718 718 716 716 715 715 713 713 712 711 711 711 709 709 708 707 706 705 705 703 703 702 701 703 703 702 703 703 702 703 701 702 702 701 701 702 701 701 701 701 701 701 701 700 700 700 699 698 698 698 697 697 697 695 695 694 694 693 693 692 693 691 691 689 689 688 688 686 686 685 685 683 683 681 681 680 679 678 677 675 675 674 672 671 670 669 668 667 665 663 663 662 660 660
718 717 717 716 715 714 714 712 712 711 711 710 709 709 707 707 706 705 704 703 702 701 701 701 701 702 701 701 702 701 701 702 701 701 701 701 700 700 701 701 701 701 700 700 700 699 698 698 698 697 697 697 695 695 695 694 693 693 693 693 691 691 691 690 689 688 687 687 686 685 684 683 683 682 680 679 678 678 677 676 674 673 672 671 671 669 667 667 666 664 663 662 660 660
718 717 716 715 715 713 713 712 712 711 711 710 709 708 707 706 705 705 703 703 702 701 701 701 701 701 701 701 701 701 701 701 701 700 700 700 700 701 700 701 700 700 700 699 698 698 698 698 697 697 697 695 695 695 694 693 693 692 693 692 691 692 690 690 688 688 687 687 685 684 684 683 682 681 680 680 678 677 676 675 675 673 672 671 669 669 668 666 666 664 662 662 661 660
717 716 716 714 714 713 713 711 711 711 710 709 709 707 707 706 706 704 703 703 701 701 701 700 701 701 701 701 700 700 700 700 700 700 700 700 700 700 700 700 700 700 699 698 698 698 698 697 697 697 695 695 695 694 693 693 692 692 693 692 692 690 690 689 689 687 687 686 686 685 683 682 681 681 680 679 678 677 677 675 674 673 672 672 670 668 668 666 665 665 663 661 660 660
717 715 715 715 713 713 712 712 711 711 710 708 708 707 707 705 705 704 703 702 701 701 700 700 699 699 700 699 699 700 699 700 700 699 700 700 700 700 699 699 700 698 698 698 698 698 697 697 696 695 696 695 694 694 694 692 692 692 692 692 690 690 690 689 688 687 687 686 685 684 683 683 682 680 680 678 678 677 676 675 673 673 672 670 670 668 667 667 665 663 663 661 660 660
716 716 714 714 713 713 711 711 711 710 709 709 708 707 706 705 704 703 703 701 701 701 699 699 699 699 699 699 699 699 699 699 698 699 698 698 700 699 699 699 698 698 698 698 697 697 697 696 695 695 695 694 694 694 692 692 692 692 692 690 690 690 689 688 687 687 686 685 684 684 683 682 681 680 679 679 677 677 675 675 674 672 672 670 669 669 667 665 665 664 662 662 660 660
715 715 714 714 712 712 711 710 710 710 709 708 707 707 705 705 704 703 702 701 700 700 700 699 698 698 698 698 698 698 698 698 698 698 698 698 699 698 698 698 698 697 698 696 696 697 696 695 695 695 694 694 694 692 692 692 692 692 691 691 690 689 688 688 687 686 686 686 684 684 682 682 681 680 679 678 678 676 676 674 673 673 671 671 669 667 667 666 664 664 662 661 661 660
715 714 713 713 712 711 710 710 711 709 708 708 706 706 705 704 703 703 702 701 701 700 699 698 698 697 697 698 697 698 698 697 698 698 697 698 697 697 698 697 697 697 696 696 696 695 695 695 695 693 693 694 692 692 692 692 691 691 691 690 689 689 689 687 687 686 686 684 684 683 683 681 681 679 679 678 677 676 675 675 673 672 671 670 670 668 666 666 664 663 663 661 660 660
714 714 714 712 712 711 710 710 710 709 708 707 707 705 705 704 703 702 701 701 700 700 699 697 697 697 697 697 697 696 696 697 696 696 697 697 697 698 697 696 696 696 696 696 695 695 695 695 694 694 693 692 692 692 691 691 691 690 690 689 689 689 687 687 686 686 684 684 683 683 681 681 680 680 678 678 677 677 675 673 673 672 672 670 668 668 666 665 665 663 661 661 660 660
714 713 713 712 711 710 710 710 709 708 708 706 706 705 705 703 703 702 701 700 700 699 698 698 696 696 696 696 696 696 696 696 696 696 697 697 696 696 696 696 696 695 695 695 695 695 694 694 694 693 692 692 692 691 691 692 690 690 689 689 689 687 687 686 686 684 684 683 683 681 681 680 680 678 678 677 677 675 675 673 672 672 670 670 668 667 667 665 663 663 662 660 660 660
714 713 712 711 711 710 709 709 709 707 707 706 706 704 704 703 702 701 701 700 700 699 697 697 696 695 695 696 696 695 696 695 695 695 695 696 696 695 696 696 695 695 695 694 695 693 693 694 692 692 691 692 691 691 692 690 690 689 689 689 688 688 686 686 685 685 684 683 682 682 681 680 679 678 678 677 675 675 674 674 672 670 670 669 669 667 665 665 664 662 662 660 660 660
713 712 712 710 710 710 709 709 708 708 706 706 705 705 703 703 702 700 700 700 699 698 698 697 696 695 694 694 694 695 694 694 695 694 695 696 695 695 694 694 695 694 694 694 693 693 693 692 692 691 691 690 690 692 690 690 689 689 688 688 688 686 686 685 685 684 683 682 682 681 680 679 679 678 677 676 676 674 674 672 672 671 669 669 667 667 666 664 664 662 661 661 660 660
713 711 711 711 710 709 708 709 707 707 706 706 704 704 703 702 701 701 699 700 699 698 697 696 696 694 694 694 693 694 694 694 694 694 694 694 694 694 694 694 694 693 693 693 693 692 692 691 691 691 690 690 689 690 690 689 689 688 687 688 687 686 685 685 684 683 683 682 681 680 680 679 678 677 676 676 675 674 673 673 671 671 669 668 668 666 666 664 663 663 661 660 660 660
712 712 710 710 709 709 707 708 707 706 705 705 704 703 702 702 700 700 699 700 698 698 697 696 695 694 693 692 693 692 692 693 692 694 694 693 694 694 693 693 693 693 693 692 691 692 691 691 691 690 690 689 689 690 689 689 688 687 687 687 686 686 685 684 683 683 682 681 681 680 680 678 677 677 676 675 674 674 673 672 671 670 670 668 666 666 665 665 663 661 661 660 660 660
711 711 710 709 708 708 707 707 707 706 706 704 704 703 702 701 701 700 699 699 698 697 696 696 694 694 693 692 692 692 692 692 692 693 693 693 692 692 693 692 692 693 691 691 691 691 690 690 690 690 689 689 689 689 689 688 687 687 687 686 686 685 684 683 683 683 681 681 680 680 679 679 677 677 675 674 674 673 672 671 671 670 668 668 666 665 665 663 663 662 660 660 660 660
711 710 709 709 708 707 708 707 706 705 705 704 703 702 702 700 700 699 699 698 698 697 695 695 694 693 692 692 690 690 691 690 691 692 692 692 692 692 692 691 691 691 691 691 690 690 690 690 689 689 689 688 689 688 688 688 687 686 686 686 684 684 684 683 683 682 682 680 680 679 679 677 677 676 676 674 674 672 672 671 670 669 668 667 667 665 664 664 662 661 660 660 660 660
710 710 708 708 708 707 707 706 706 705 704 703 703 701 701 700 700 698 698 698 697 696 696 694 694 693 692 691 690 691 690 690 691 691 692 692 691 691 690 691 691 690 690 690 690 690 690 689 689 688 687 688 688 687 687 687 686 686 686 684 684 683 683 683 682 682 680 680 679 679 677 677 676 676 674 674 673 673 671 670 669 669 668 667 665 665 664 662 662 660 660 660 660 660
709 709 709 708 707 706 707 705 705 704 704 703 702 702 701 700 699 699 698 697 697 695 695 694 694 692 692 691 689 689 689 689 689 690 690 690 691 690 690 691 689 689 689 689 690 688 688 689 688 687 687 687 687 687 687 685 685 686 684 684 683 683 683 682 682 680 680 679 679 677 677 676 676 674 674 673 673 671 671 670 669 668 667 666 666 664 663 662 661 661 660 660 660 660
710 708 708 707 707 706 706 706 705 704 703 703 701 701 700 700 698 698 698 697 696 696 694 693 693 692 691 690 690 688 688 689 688 690 690 689 690 689 689 689 689 689 689 688 688 688 687 687 687 687 687 685 686 687 685 685 685 684 684 683 683 682 681 682 680 680 679 679 678 677 677 676 674 674 673 673 671 671 670 670 668 667 667 666 665 664 663 662 661 660 660 660 660 660
709 708 707 706 706 706 705 705 704 704 702 702 701 700 699 699 698 697 697 697 695 695 694 694 692 692 691 689 689 688 687 687 688 688 688 689 688 688 689 688 688 688 688 688 688 687 687 686 686 686 685 685 686 685 685 685 684 683 683 683 682 682 681 680 680 679 679 678 678 677 676 675 675 674 673 672 672 670 670 669 669 667 666 665 664 664 663 661 660 660 660 660 660 660
708 707 707 707 705 705 705 704 703 703 702 701 700 700 699 698 698 697 696 696 695 695 693 693 692 691 690 690 688 687 687 686 687 688 688 688 688 687 687 687 687 687 688 686 686 687 686 685 685 685 685 684 685 685 684 684 683 683 682 682 682 681 680 680 680 679 678 678 677 676 675 675 674 673 672 672 670 670 669 669 667 667 665 665 664 663 661 661 660 660 660 660 660 660
708 706 706 706 705 704 704 704 703 702 702 701 700 699 699 698 697 696 697 695 695 694 694 692 691 691 689 689 688 687 686 686 685 686 687 686 687 687 686 687 687 686 686 686 686 686 685 685 685 684 684 684 684 684 684 683 683 682 682 682 681 680 679 680 678 678 678 677 676 675 675 674 673 673 672 671 670 669 669 667 667 666 666 664 663 662 662 660 660 660 660 660 660 660
707 707 705 705 704 704 703 703 703 702 701 700 700 699 698 697 697 695 696 695 695 693 693 692 691 690 690 688 687 687 685 685 685 686 686 686 686 685 686 685 685 686 685 684 685 684 685 685 684 684 683 682 684 683 683 683 682 681 681 681 680 679 679 678 678 677 677 676 676 675 674 673 673 672 671 670 670 669 667 667 666 666 664 664 663 662 661 660 660 660 660 660 660 660
706 706 705 705 703 703 704 702 702 701 701 699 699 698 698 696 696 695 695 694 694 693 692 691 691 689 689 688 687 686 686 684 683 685 684 685 685 684 685 685 685 684 684 684 684 684 683 683 684 683 682 682 683 682 682 682 681 681 681 679 679 679 678 678 677 677 676 676 674 674 673 673 672 671 670 670 669 668 668 666 666 665 665 663 662 661 660 660 660 660 660 660 660 660
706 705 704 704 704 702 703 702 702 700 700 699 698 698 697 697 695 695 694 694 693 693 692 691 690 689 688 687 687 685 685 684 683 684 684 685 684 684 684 684 684 683 684 683 683 683 683 682 682 682 681 682 681 682 682 680 680 681 679 679 678 678 677 677 677 676 676 674 674 673 673 672 671 671 670 669 668 668 667 666 665 665 663 663 661 661 660 660 660 660 660 660 660 660
705 705 703 703 703 702 702 701 701 701 699 699 698 698 696 696 695 694 693 694 693 692 691 691 689 689 688 687 686 685 684 683 683 683 683 683 683 683 683 684 683 682 683 682 683 682 681 682 681 681 681 680 681 680 680 680 679 679 679 678 678 677 677 676 675 676 674 674 673 673 671 671 671 670 669 668 668 667 666 666 665 663 663 662 662 660 660 660 660 660 660 660 660 660
704 704 704 702 702 701 701 700 700 700 699 698 697 697 696 695 694 694 693 693 692 692 690 690 689 688 687 687 685 685 684 684 682 682 683 682 682 682 682 682 682 682 682 681 681 681 681 681 680 680 680 680 680 680 679 679 679 678 678 678 677 677 676 675 675 674 674 673 673 671 671 670 670 669 669 668 667 666 666 665 664 663 662 662 660 660 660 660 660 660 660 660 660 660
