testData/tiles/oneDegreeCosts/grid11.0-9.0-12.0-10.0.asc
ncols   200
nrows   200
xllcorner   11.0
yllcorner   9.0
cellsize   0.005
NODATA_value   -9999.0
[rows 126 to 167 of 200, columns 0 to 93 of 200]
228 228 228 228 228 228 228 228 228 228 228 228 228 228 228 228 228 228 228 228 228 228 228 228 228 228 228 228 228 228 228 228 228 228 228 228 248 248 249 249 239 239 240 240 241 242 242 242 242 243 243 243 243 244 244 244 245 245 245 245 246 247 248 248 250 250 251 251 253 253 254 254 255 256 256 257 257 259 259 259 260 261 262 262 262 263 264 264 265 265 265 267 267 267
228 228 228 228 228 228 228 228 228 228 228 228 228 228 228 228 228 228 228 228 228 228 228 228 228 228 228 228 228 228 228 228 228 228 228 248 248 249 249 249 250 250 250 250 241 241 242 243 243 243 243 244 244 244 244 245 245 245 245 246 246 247 247 249 249 250 251 253 253 254 254 256 256 256 257 258 259 259 259 260 261 262 262 262 264 264 264 265 265 266 267 267 267 268
228 228 228 228 228 228 228 228 228 228 228 228 228 228 228 228 228 228 228 228 228 228 228 228 228 228 228 228 228 228 228 228 228 228 247 247 249 249 249 250 250 250 251 251 251 251 252 252 243 243 244 244 244 245 245 245 245 246 246 246 247 248 249 249 250 251 252 252 253 254 255 255 256 257 258 259 259 259 261 261 262 262 263 264 264 264 265 266 266 267 267 267 269 269
228 228 228 228 228 228 228 228 228 228 228 228 228 228 228 228 228 228 228 228 228 228 228 228 228 228 228 228 228 228 228 228 228 247 248 248 248 248 250 250 250 251 251 251 251 252 252 252 253 253 253 253 244 245 245 245 246 246 246 247 248 249 249 250 251 252 252 253 254 255 255 255 257 257 258 258 259 260 260 262 262 263 264 264 264 266 266 266 267 267 268 269 269 269
228 228 228 228 228 228 228 228 228 228 228 228 228 228 228 228 228 228 228 228 228 228 228 228 228 228 228 228 228 228 228 228 228 248 248 248 249 249 249 249 250 251 251 252 252 252 252 253 253 253 254 254 254 254 255 255 246 246 248 248 249 249 251 251 252 252 254 254 254 255 256 257 257 258 258 259 260 260 261 262 262 263 263 263 265 265 265 266 267 267 268 268 268 270
228 228 228 228 228 228 228 228 228 228 228 228 228 228 228 228 228 228 228 228 228 228 228 228 228 228 228 228 228 228 228 228 248 248 248 249 249 249 250 250 250 250 251 251 252 253 253 253 253 254 254 254 254 255 255 255 255 257 257 258 249 251 251 252 252 254 254 254 255 256 257 257 258 259 259 260 260 262 262 262 263 263 264 265 265 265 266 267 267 268 268 269 270 270
228 228 228 228 228 228 228 228 228 228 228 228 228 228 228 228 228 228 228 228 228 228 228 228 228 228 228 228 228 228 228 247 247 247 249 249 249 250 250 250 251 251 251 251 252 252 253 253 254 254 254 255 255 255 255 256 256 257 258 259 260 260 261 252 253 254 254 256 256 257 257 259 259 259 260 260 262 262 262 263 264 264 265 265 265 267 267 267 268 268 269 270 270 270
228 228 228 228 228 228 228 228 228 228 228 228 228 228 228 228 228 228 228 228 228 228 228 228 228 228 228 228 228 228 247 247 248 248 248 248 250 250 250 251 251 251 251 252 252 252 253 253 253 253 255 255 255 255 256 256 257 257 259 260 260 261 262 262 263 263 255 255 256 256 258 259 259 260 261 262 262 262 263 264 264 265 265 266 267 267 267 268 269 269 270 270 270 272
228 228 228 228 228 228 228 228 228 228 228 228 228 228 228 228 228 228 228 228 228 228 228 228 228 228 228 228 228 247 247 248 248 248 249 249 249 249 250 251 251 252 252 252 252 253 253 253 254 254 254 254 255 256 256 257 258 259 259 260 261 262 262 263 264 265 265 266 267 258 258 258 259 260 261 261 261 263 264 264 265 265 266 267 267 267 269 269 269 270 270 271 272 272
228 228 228 228 228 228 228 228 228 228 228 228 228 228 228 228 228 228 228 228 228 228 228 228 228 228 228 228 228 246 248 248 248 249 249 249 250 250 250 250 251 251 252 253 253 253 253 254 254 254 254 255 255 255 256 257 258 259 260 261 262 262 263 264 265 265 266 267 268 268 268 270 260 261 261 262 263 263 263 264 265 265 266 266 266 268 268 268 269 270 270 271 271 271
228 228 228 228 228 228 228 228 228 228 228 228 228 228 228 228 228 228 228 228 228 228 228 228 228 228 228 228 247 247 247 247 248 249 249 250 250 250 250 251 251 251 252 252 253 253 254 254 254 255 255 255 255 257 257 258 258 260 260 261 261 264 264 265 265 267 267 267 268 268 270 270 270 271 272 263 263 263 265 265 265 266 266 267 268 268 268 269 270 270 271 271 271 273
228 228 228 228 228 228 228 228 228 228 228 228 228 228 228 228 228 228 228 228 228 228 228 228 228 228 228 247 247 247 248 248 248 248 249 250 250 251 251 251 251 252 252 252 253 253 253 253 255 255 255 255 257 257 258 258 260 260 261 261 263 263 264 264 266 266 267 268 269 270 270 270 272 272 273 273 273 275 265 265 266 267 267 268 268 268 270 270 270 271 271 272 273 273
228 228 228 228 228 228 228 228 228 228 228 228 228 228 228 228 228 228 228 228 228 228 228 228 228 228 246 246 247 248 248 248 248 249 249 249 250 250 251 252 252 252 252 253 253 253 253 254 254 254 255 257 257 258 259 260 260 261 262 263 263 264 265 266 266 266 267 268 269 269 269 271 272 273 273 274 275 275 275 276 267 267 268 268 269 270 270 270 271 272 272 273 273 273
228 228 228 228 228 228 228 228 228 228 228 228 228 228 228 228 228 228 228 228 228 228 228 228 228 228 246 246 247 247 248 249 249 249 249 250 250 250 251 251 252 252 253 253 253 254 254 254 254 255 255 256 257 258 260 260 261 262 263 263 264 265 265 266 266 268 268 269 269 270 271 271 272 272 273 274 274 274 276 276 277 278 268 269 270 270 270 271 272 272 273 273 273 274
228 228 228 228 228 228 228 228 228 228 228 228 228 228 228 228 228 228 228 228 228 228 228 228 228 246 246 247 247 247 248 248 249 250 250 250 250 251 251 251 252 252 252 253 254 254 254 254 255 255 256 256 258 259 259 260 261 262 263 264 265 265 266 266 268 268 269 269 270 271 271 272 273 273 274 274 274 276 276 276 277 278 278 279 270 270 271 271 271 272 272 273 273 274
228 228 228 228 228 228 228 228 228 228 228 228 228 228 228 228 228 228 228 228 228 228 228 228 245 245 247 247 247 248 248 248 249 249 249 250 251 251 251 252 252 252 252 253 253 253 254 255 255 256 257 258 258 259 261 261 261 262 263 264 264 265 266 268 268 269 270 270 271 271 272 273 273 274 274 275 276 276 276 277 278 278 279 279 280 281 271 271 272 273 273 273 274 274
228 228 228 228 228 228 228 228 228 228 228 228 228 228 228 228 228 228 228 228 228 228 228 245 246 246 246 246 248 248 248 249 249 249 250 250 250 251 252 252 252 252 253 253 253 254 254 254 255 256 258 258 259 260 261 261 262 263 264 264 265 266 267 267 267 269 269 270 271 272 273 273 274 274 275 276 276 276 278 278 278 279 279 280 281 281 281 282 273 273 273 274 274 275
228 228 228 228 228 228 228 228 228 228 228 228 228 228 228 228 228 228 228 228 228 228 228 246 246 246 247 247 247 247 249 249 249 250 250 250 250 251 251 251 253 253 253 253 254 254 254 255 256 257 257 259 259 261 261 263 263 264 264 266 266 267 267 267 269 269 270 270 271 272 272 273 274 274 275 276 276 278 278 278 279 280 280 281 281 281 283 283 283 283 274 275 275 276
228 228 228 228 228 228 228 228 228 228 228 228 228 228 228 228 228 228 228 228 228 228 246 246 246 247 247 247 247 248 248 248 249 250 250 251 251 251 251 252 252 252 252 254 254 254 256 256 257 257 259 259 260 260 262 262 263 264 266 266 267 267 268 269 269 270 271 271 272 272 273 274 274 275 275 276 277 277 277 278 279 279 280 280 280 282 282 282 283 284 285 285 276 276
228 228 228 228 228 228 228 228 228 228 228 228 228 228 228 228 228 228 228 228 228 257 257 246 247 247 247 248 248 248 248 249 249 249 250 251 251 251 252 252 252 253 253 253 253 254 256 257 257 259 259 260 260 262 262 263 263 265 265 265 266 267 269 269 270 271 271 272 272 274 274 274 275 275 276 277 277 277 279 279 279 280 280 281 282 282 282 282 284 284 284 285 285 276
228 228 228 228 228 228 228 228 228 228 228 228 228 228 228 228 228 228 228 228 228 257 257 258 247 247 248 248 248 248 249 249 249 250 250 250 250 251 252 252 253 253 253 253 254 255 255 256 258 258 260 260 262 262 263 264 264 265 265 266 267 268 268 268 270 270 271 272 273 274 274 275 276 276 277 277 277 279 279 279 280 280 281 282 282 282 283 284 284 284 285 286 286 286
228 228 228 228 228 228 228 228 228 228 228 228 228 228 228 228 228 228 228 228 256 256 257 258 258 248 248 248 248 248 248 249 250 250 250 251 251 251 251 252 252 253 253 254 255 255 257 257 258 258 260 260 261 262 264 264 265 265 267 267 268 268 269 270 270 271 271 272 273 273 274 275 275 276 277 278 279 279 279 280 281 281 282 282 282 283 284 284 284 285 286 286 286 287
228 228 228 228 228 228 228 228 228 228 228 228 228 228 228 228 228 228 228 256 256 257 257 257 258 248 248 249 249 249 248 249 249 250 251 251 251 251 252 252 252 253 253 254 255 257 257 258 258 260 260 261 261 263 263 264 264 267 267 268 268 269 270 270 271 272 272 273 273 273 275 275 276 276 277 278 278 278 279 280 280 281 281 282 283 284 284 284 286 286 286 286 287 288
228 228 228 228 228 228 228 228 228 228 228 228 228 228 228 228 228 228 228 255 257 257 257 258 258 258 248 249 249 249 250 250 249 250 250 250 251 252 252 252 253 253 253 254 256 256 257 258 260 260 261 261 263 263 264 264 266 266 266 267 268 269 270 271 272 272 273 273 274 275 275 276 276 277 278 278 278 280 280 280 281 281 282 282 283 283 283 285 285 285 285 286 287 287
228 228 228 228 228 228 228 228 228 228 228 228 228 228 228 228 228 228 255 256 256 256 258 258 258 259 259 249 249 249 250 250 251 250 250 251 251 251 251 253 253 253 254 255 256 257 257 259 259 260 262 263 263 264 265 265 266 266 268 268 269 269 269 271 271 272 272 274 275 275 275 277 277 278 278 278 280 280 280 280 281 282 282 283 283 284 285 285 285 285 287 287 287 288
228 228 228 228 228 228 228 228 228 228 228 228 228 228 228 228 228 255 257 256 256 257 257 257 258 259 259 260 249 249 249 250 251 251 251 251 251 251 252 252 252 253 255 256 256 258 259 259 260 261 262 262 262 264 265 266 266 268 268 269 269 270 271 271 272 272 273 274 274 274 276 276 276 277 279 279 280 280 280 282 282 282 283 283 284 285 285 285 285 287 287 287 288 288
228 228 228 228 228 228 228 228 228 228 228 228 228 228 228 228 256 256 256 256 257 257 257 258 258 258 259 260 249 249 250 250 250 251 251 251 251 252 252 252 254 254 255 255 257 258 259 259 261 261 262 262 264 264 265 265 267 267 268 269 270 271 271 272 273 273 274 274 274 276 276 276 277 278 278 279 279 279 281 281 281 282 283 283 284 285 285 286 287 287 287 288 289 289
228 228 228 228 228 228 228 228 228 228 228 228 228 228 228 228 256 256 256 257 257 257 258 258 258 259 259 259 259 250 250 250 251 251 251 251 251 251 252 253 254 255 255 257 257 258 258 260 261 262 262 264 264 265 265 267 267 267 268 269 270 270 270 273 273 274 274 275 276 276 276 277 278 278 279 279 280 281 281 281 282 283 283 284 284 284 285 286 286 286 287 288 288 288
228 228 228 228 228 228 228 228 228 228 228 228 228 228 228 255 255 255 256 257 257 257 257 257 258 259 259 259 260 260 250 250 251 251 251 252 251 251 252 253 253 255 257 257 258 258 260 260 261 262 263 263 265 266 266 267 267 268 269 270 270 270 272 272 273 273 274 275 275 276 278 278 278 279 279 280 281 281 281 282 283 283 284 284 284 285 286 286 286 287 288 288 288 289
228 228 228 228 228 228 228 228 228 228 228 228 228 228 228 255 255 256 256 256 257 257 257 258 258 258 259 260 260 260 261 250 250 251 251 252 251 252 253 253 254 255 256 257 259 260 260 261 262 263 263 263 265 265 266 266 269 269 269 270 271 272 272 272 273 274 275 275 275 277 277 277 278 278 279 280 281 281 283 283 283 284 284 285 285 286 286 286 288 288 288 288 289 290
228 228 228 228 228 228 228 228 228 228 228 228 228 228 254 254 255 256 256 257 257 257 257 258 258 259 259 259 259 260 261 250 251 251 251 251 251 253 253 254 255 256 256 258 258 259 259 262 262 263 263 265 265 266 266 268 268 268 269 270 271 272 272 273 274 275 275 275 277 277 277 278 279 279 280 280 280 282 282 282 282 283 284 284 285 285 285 287 287 287 287 288 289 289
228 228 228 228 228 279 228 228 228 228 228 228 228 253 254 255 255 255 256 257 257 258 257 257 258 259 259 259 260 260 260 261 251 251 251 252 251 252 254 254 256 256 258 258 259 259 261 261 262 262 264 265 266 266 267 268 268 269 270 271 271 271 273 273 273 274 275 277 277 277 278 279 279 280 280 280 282 282 282 282 284 284 284 285 285 286 286 287 287 287 289 289 289 289
277 278 279 278 278 279 279 280 281 281 282 282 283 312 313 313 314 315 315 315 316 316 316 317 317 317 317 318 319 319 320 261 261 251 251 252 252 253 254 255 255 257 257 259 259 261 261 262 262 264 264 264 265 266 267 268 269 270 270 271 271 273 273 273 274 275 275 276 276 277 278 278 280 280 281 281 282 282 282 284 284 284 285 285 286 286 287 287 287 289 289 289 289 290
277 278 278 279 278 278 280 280 280 280 282 282 311 312 313 313 314 314 314 316 316 316 316 316 317 317 318 318 318 319 320 320 320 310 310 311 311 312 313 314 315 257 258 258 260 260 261 262 263 264 264 265 266 267 267 268 269 269 270 271 273 273 273 274 275 275 276 276 276 278 278 278 279 280 280 281 281 281 283 283 283 284 284 286 286 287 287 287 289 289 289 289 290 291
277 277 278 277 277 278 279 279 280 281 281 310 312 312 312 313 314 314 315 315 315 316 316 316 316 317 318 318 319 319 319 319 320 321 310 312 312 312 313 314 315 316 317 318 319 319 320 321 322 264 265 266 267 267 267 269 269 270 270 271 272 272 273 274 275 276 276 277 278 278 278 279 280 280 281 281 281 283 283 283 284 285 285 285 286 286 287 288 288 288 288 290 290 290
276 276 278 276 277 278 278 279 280 280 281 311 311 311 313 313 313 314 315 315 315 315 315 316 317 317 317 318 318 319 319 320 320 320 322 312 312 313 314 315 315 316 317 318 319 321 321 322 322 324 324 324 325 326 328 328 270 270 271 272 272 273 274 274 275 275 276 277 277 277 278 280 280 281 281 282 283 283 283 284 285 285 285 286 286 287 288 288 288 288 290 290 290 290
276 277 276 276 277 277 278 279 279 280 310 310 311 312 312 312 314 314 314 315 315 315 315 316 316 317 318 318 318 318 319 320 320 322 322 322 312 313 314 315 316 317 318 318 320 320 321 322 323 324 324 325 326 327 327 327 329 329 330 331 331 333 274 275 275 276 277 277 277 279 279 279 280 280 281 282 282 282 282 284 285 285 286 286 287 287 288 288 288 290 290 290 290 291
277 276 276 277 277 277 278 278 279 309 309 310 311 311 312 313 313 313 315 314 314 314 315 316 316 317 317 317 318 319 319 319 320 321 322 322 313 313 314 314 316 316 318 319 320 320 321 322 323 323 324 326 327 327 327 329 329 330 330 330 332 332 332 333 335 336 336 277 279 279 279 280 280 281 281 282 282 282 284 284 284 285 286 286 286 287 287 288 289 289 289 289 290 291
276 276 277 277 277 277 277 278 279 308 309 310 310 311 312 312 313 313 313 313 314 315 315 315 316 317 317 317 318 318 318 320 321 321 321 323 323 314 314 316 316 317 318 319 319 321 322 323 323 324 325 325 326 326 328 329 329 330 331 332 332 332 333 334 334 335 335 336 337 337 338 339 281 281 282 282 283 284 284 284 285 286 286 286 287 287 288 288 289 289 289 291 291 291
273 277 277 277 277 277 277 278 307 308 309 309 310 311 311 312 311 312 312 313 314 314 314 316 316 316 316 317 318 318 319 320 320 321 322 323 324 324 315 315 317 318 319 319 320 321 322 322 323 325 325 326 326 328 328 328 329 330 331 331 332 333 334 334 335 335 336 337 337 337 339 339 339 340 340 341 283 283 283 284 286 286 286 287 287 288 288 289 289 289 291 291 291 291
273 273 273 278 277 277 278 278 307 308 308 309 310 310 311 310 311 312 312 313 313 314 315 315 315 316 317 317 317 318 318 319 320 321 322 322 324 325 315 316 317 318 318 319 321 321 322 322 324 324 325 325 327 328 328 329 330 330 331 331 333 333 333 334 334 336 337 337 337 339 339 339 340 340 341 342 342 342 342 344 344 286 286 286 287 287 288 288 288 289 290 290 290 291
273 273 273 273 273 278 278 307 308 308 308 308 309 308 309 310 311 311 312 313 313 314 314 315 315 316 316 316 318 317 318 318 320 322 322 323 324 325 325 317 317 318 318 320 320 321 321 324 324 325 325 326 327 327 328 329 329 331 331 332 333 333 334 334 335 336 336 336 338 338 338 339 340 341 342 342 342 343 344 344 344 345 346 346 346 288 288 289 289 290 290 290 290 292
