testData/tiles/oneDegreeCosts/grid17.0-36.0-18.0-37.0.asc
ncols   200
nrows   200
xllcorner   17.0
yllcorner   36.0
cellsize   0.005
NODATA_value   -9999.0
[rows 120 to 159 of 200, columns 0 to 89 of 200]
896 896 896 896 900 899 900 901 902 904 904 905 906 907 907 907 907 907 907 907 907 907 907 906 906 906 906 905 904 904 904 904 904 903 902 902 901 900 900 899 899 897 897 896 896 900 901 904 905 906 907 906 907 908 909 910 911 911 913 914 915 917 896 896 896 1018 1019 1020 1020 1021 1022 1022 1022 1023 1023 1023 853 854 855 856 857 857 859 860 862 863 864 865 864 782
896 896 896 896 900 899 899 900 902 903 904 905 905 906 906 906 906 906 907 907 907 907 907 907 906 905 904 904 905 904 904 904 903 903 902 901 900 899 899 898 898 896 896 896 902 905 904 906 905 907 907 907 908 910 911 912 913 915 916 916 917 896 896 896 896 896 1020 1021 1022 1023 1023 1022 1024 1024 1025 1024 1025 855 857 858 857 858 860 861 863 864 865 866 866 782
896 896 896 896 900 899 899 901 902 902 904 904 905 905 905 905 905 906 906 906 906 907 907 907 905 904 904 904 904 903 903 903 902 902 901 900 900 899 898 897 897 896 899 902 905 905 907 908 907 909 907 909 910 911 912 913 914 916 917 918 896 896 896 896 896 896 1021 1022 1023 1024 1025 1024 1025 1025 1026 1025 1026 1027 858 858 859 860 861 862 863 865 866 866 867 868
896 896 896 900 899 898 899 901 903 903 904 904 904 904 904 905 906 906 906 907 906 906 906 906 906 905 904 903 903 902 902 902 901 901 901 899 899 898 898 897 897 899 902 905 906 906 908 908 908 909 909 911 911 911 913 914 915 917 918 896 896 896 896 896 896 896 896 1024 1024 1025 1026 1025 1027 1027 1027 1027 1027 1028 1030 858 860 861 862 863 864 866 866 866 868 869
896 896 896 899 899 898 899 901 902 902 903 904 904 904 905 905 905 905 906 906 906 905 905 905 905 904 903 903 903 902 901 901 900 900 899 898 898 897 897 897 900 904 906 906 907 907 909 908 910 909 910 913 914 914 916 916 917 918 919 896 896 896 896 896 896 896 896 896 1025 1026 1026 1027 1028 1028 1029 1029 1029 1029 1030 1030 860 862 863 865 866 866 867 867 868 869
896 896 896 899 898 897 899 899 900 902 902 903 903 904 905 905 906 905 905 905 905 906 904 904 904 904 903 902 902 903 902 902 901 899 899 898 897 897 897 899 904 906 908 908 909 908 910 909 909 911 912 914 914 916 917 918 920 920 896 896 896 896 896 896 896 896 896 898 1026 1027 1026 1028 1028 1029 1029 1030 1030 1031 1030 1031 1032 863 864 865 867 867 867 868 869 869
896 896 896 899 896 896 897 898 900 901 901 903 903 903 904 905 905 905 905 905 905 904 904 903 903 903 903 902 902 902 901 901 900 899 899 897 897 897 900 905 907 908 908 910 909 910 910 910 911 912 913 915 915 917 918 919 921 896 896 896 896 896 896 896 896 896 898 899 899 1028 1027 1029 1029 1030 1030 1031 1032 1032 1031 1033 1033 1033 865 866 867 868 868 870 870 870
896 896 896 897 897 896 897 898 899 900 902 902 902 903 904 904 904 904 905 904 904 904 904 903 903 903 902 901 901 901 900 899 899 898 898 898 897 900 904 907 908 908 909 911 910 911 911 911 913 913 915 915 916 918 919 920 896 896 896 896 896 896 896 896 897 897 899 899 900 1029 1030 1031 1030 1031 1031 1033 1033 1032 1032 1033 1035 1035 1036 867 867 869 869 870 871 873
896 896 896 897 896 896 898 899 900 901 901 901 902 903 903 903 903 904 903 903 903 903 904 904 903 903 902 901 900 900 899 898 898 897 897 897 902 905 907 908 909 909 910 910 911 911 911 913 915 916 917 918 918 920 920 896 896 896 896 896 896 896 897 897 898 898 900 900 900 900 1031 1031 1032 1031 1032 1033 1034 1032 1033 1034 1034 1037 1038 1039 868 868 870 870 871 874
896 896 896 896 896 896 897 898 900 900 901 902 903 902 902 903 902 902 902 902 902 903 903 903 902 902 902 901 899 898 898 897 897 897 897 902 905 907 909 911 909 911 911 911 911 912 913 914 916 917 918 919 920 922 896 896 896 896 896 896 896 897 898 899 899 899 901 901 901 901 1032 1032 1033 1033 1034 1034 1034 1034 1033 1035 1036 1038 1039 1039 1041 869 870 871 873 874
896 896 896 896 896 896 897 898 899 900 901 901 902 902 902 902 901 901 901 902 902 902 902 902 902 901 901 900 898 898 898 897 897 897 901 905 906 909 910 911 910 912 911 912 911 913 914 916 917 917 919 920 921 923 896 896 896 896 896 896 897 897 899 900 900 902 902 901 902 902 904 1033 1034 1034 1035 1036 1035 1035 1034 1035 1037 1038 1040 1040 1040 1042 871 872 874 875
896 896 896 896 896 896 896 897 898 900 900 901 900 901 901 901 901 902 902 901 901 901 901 901 901 900 900 899 898 897 897 897 897 901 904 907 908 910 910 910 911 912 912 912 913 915 915 917 917 918 920 921 923 896 896 896 896 897 896 897 898 898 900 901 901 903 903 903 903 904 904 905 1034 1035 1036 1036 1036 1036 1036 1035 1038 1039 1039 1041 1041 1042 1043 874 875 875
896 896 896 896 896 896 896 896 898 899 898 900 900 900 900 901 902 902 902 902 901 900 900 900 900 899 899 899 898 897 897 897 901 905 907 910 909 910 911 911 912 912 912 913 914 916 917 918 918 919 921 922 896 896 896 896 897 897 898 899 899 900 901 901 902 904 903 904 904 906 906 906 1035 1035 1037 1036 1037 1037 1037 1038 1039 1040 1040 1040 1042 1042 1044 1046 1047 876
896 896 896 896 896 896 897 897 897 897 898 899 899 899 900 901 901 901 901 901 901 900 901 901 899 899 898 898 897 897 897 901 904 907 909 910 911 912 911 912 912 912 913 914 916 918 919 920 920 922 923 896 896 896 896 897 897 897 899 900 900 902 902 902 903 903 904 904 905 906 907 907 908 1037 1037 1037 1038 1038 1038 1039 1040 1040 1042 1041 1042 1043 1045 1046 1047 1048
896 896 896 896 896 896 896 896 897 898 899 898 898 899 900 900 900 900 900 900 901 900 900 899 899 899 898 897 897 897 900 904 906 909 910 910 912 912 913 913 912 912 915 916 918 919 919 921 922 923 896 896 896 896 896 897 898 898 900 901 901 903 903 904 904 904 905 905 906 907 908 908 909 1039 1038 1038 1038 1039 1039 1039 1041 1041 1042 1043 1042 1043 1046 1046 1047 1049
896 896 896 896 896 896 896 896 897 897 898 898 899 900 899 899 899 899 899 900 900 899 898 898 898 898 897 897 897 900 903 906 908 910 910 911 912 912 913 913 914 915 917 917 919 919 920 922 923 896 896 896 897 897 899 898 899 900 901 901 902 904 904 905 905 906 905 906 907 908 908 909 909 910 1039 1040 1039 1039 1041 1040 1040 1042 1042 1042 1044 1046 1046 1047 1048 1049
896 896 896 896 896 896 896 896 896 896 897 898 899 899 899 899 899 899 899 898 898 898 897 897 897 897 897 897 901 905 906 909 909 910 911 911 912 912 912 913 915 916 918 919 920 920 922 923 924 896 896 897 898 898 899 900 900 901 902 902 903 904 905 906 906 907 907 908 908 909 909 910 910 910 911 1040 1041 1041 1041 1041 1041 1041 1043 1043 1044 1047 1047 1048 1049 1050
896 896 896 896 896 896 896 896 896 896 897 897 898 898 898 898 899 899 898 897 897 897 897 896 896 896 896 900 905 906 908 910 911 911 911 912 912 912 913 914 916 917 919 919 921 922 924 924 896 896 896 898 899 898 900 901 901 903 903 903 905 905 906 906 907 907 908 908 910 910 910 910 911 911 911 1041 1041 1042 1043 1043 1042 1042 1042 1044 1046 1047 1048 1049 1050 1050
896 896 896 896 896 896 896 896 896 896 896 896 897 897 898 898 897 897 897 897 897 897 896 896 896 896 900 904 907 908 908 910 912 911 913 912 912 912 914 915 917 918 919 920 922 923 925 896 896 896 897 899 899 899 901 901 902 904 904 905 906 906 906 906 908 908 909 909 911 911 911 911 911 912 912 913 1042 1043 1044 1044 1042 1044 1043 1044 1047 1047 1048 1050 1050 1050
896 896 896 896 896 896 896 896 896 896 896 896 896 896 896 896 896 896 896 896 896 896 896 896 896 898 903 906 908 909 909 911 911 912 912 912 913 914 915 917 918 918 920 921 923 924 896 896 897 898 899 900 899 900 902 902 903 904 905 906 907 907 907 908 908 909 909 911 911 912 912 912 913 912 913 913 1043 1044 1044 1045 1043 1043 1045 1046 1046 1048 1049 1050 1051 1051
896 896 896 896 896 896 896 896 896 896 896 896 896 896 896 896 896 896 896 896 896 896 896 896 898 903 907 908 908 910 911 911 912 912 912 912 914 916 917 919 919 920 921 922 924 896 896 896 898 899 900 900 901 901 902 903 904 905 906 906 908 907 908 910 910 910 910 911 912 912 912 912 914 914 914 914 914 1045 1045 1044 1044 1044 1045 1048 1048 1048 1050 1050 1050 1051
896 896 896 896 896 896 896 896 896 896 896 896 896 896 896 896 896 896 896 896 896 896 896 898 902 905 907 909 910 910 911 911 912 912 913 914 915 917 918 919 920 922 923 924 896 896 897 897 899 900 900 901 902 904 904 904 905 906 907 907 908 908 909 910 911 911 911 912 913 912 913 914 914 915 915 916 917 917 1046 1045 1044 1045 1046 1047 1049 1050 1051 1050 1051 1052
896 896 896 896 896 896 896 896 896 896 896 896 896 896 896 896 896 896 896 896 896 896 896 901 905 906 907 909 910 912 912 912 912 912 913 915 916 918 918 920 921 923 924 896 896 896 897 898 900 900 900 902 903 904 905 906 907 907 907 908 908 909 909 911 911 912 912 914 913 913 913 915 915 915 916 916 918 918 1046 1046 1045 1045 1048 1048 1049 1050 1051 1051 1051 1052
896 896 896 896 896 896 896 896 896 896 896 896 896 896 896 896 896 896 896 896 896 896 900 903 906 907 908 910 911 912 912 912 913 914 914 916 917 918 919 921 922 924 896 896 897 899 899 899 900 900 902 903 903 905 906 906 908 908 908 909 909 910 910 912 912 913 913 915 914 914 914 915 916 916 916 917 918 918 918 1047 1046 1046 1047 1048 1050 1050 1050 1052 1053 1053
896 896 896 896 896 896 896 896 896 896 896 896 896 896 896 896 896 896 896 896 896 898 901 904 907 907 909 911 911 912 912 912 913 915 916 917 917 919 920 922 923 896 896 897 898 899 900 900 902 901 903 904 904 906 906 907 909 909 909 910 911 910 911 912 913 913 915 915 915 915 915 917 916 917 917 917 919 918 918 919 1047 1047 1048 1049 1050 1051 1051 1052 1053 1054
896 896 896 896 896 896 896 896 896 896 896 896 896 896 896 896 896 896 896 896 897 901 904 907 907 908 910 910 912 912 912 912 914 916 916 918 919 921 921 923 896 896 896 898 898 900 900 901 902 903 905 904 905 907 907 908 909 909 909 911 912 912 914 913 913 914 915 915 915 916 917 917 918 918 918 919 919 919 919 919 1048 1049 1049 1051 1050 1050 1052 1052 1053 1054
896 896 896 896 896 896 896 896 896 896 896 896 896 896 896 896 896 896 896 896 896 896 905 907 909 910 910 911 912 912 913 914 915 916 917 919 920 922 923 925 896 896 897 899 899 900 901 902 903 904 905 906 907 907 908 908 909 910 910 912 912 913 914 915 915 915 915 915 916 916 918 918 918 919 919 919 919 919 920 920 920 1050 1050 1050 1052 1051 1052 1052 1054 1056
896 896 896 896 896 896 896 896 896 896 896 896 896 896 896 896 896 896 896 896 896 896 896 896 896 911 911 912 912 912 914 914 915 917 918 920 921 923 924 896 896 898 898 899 899 901 902 903 904 905 906 907 907 909 910 909 910 910 911 912 913 913 915 915 916 915 916 916 917 917 918 919 919 919 920 920 921 920 920 921 921 921 1051 1051 1051 1052 1053 1053 1054 1055
896 896 896 896 896 896 896 896 896 896 896 896 896 896 896 896 896 896 896 896 896 896 896 896 896 896 896 896 913 914 915 915 916 918 919 921 923 924 896 896 898 899 899 900 900 902 902 904 905 905 907 908 909 910 910 911 911 911 912 913 914 914 915 916 916 916 917 918 917 918 919 919 920 920 920 921 921 921 922 921 921 922 1051 1051 1052 1052 1053 1055 1056 1056
896 896 896 896 896 896 896 896 896 896 896 896 896 896 896 896 896 896 896 896 896 896 896 896 896 896 896 896 896 896 916 917 918 919 920 922 924 896 896 897 899 899 900 901 902 903 903 905 905 906 908 908 910 910 910 912 912 913 914 914 914 915 916 916 916 917 918 918 919 919 920 920 920 920 921 921 922 922 922 923 923 922 923 1051 1052 1053 1054 1055 1056 1058
896 896 896 896 896 896 896 896 896 896 896 896 896 896 896 896 896 896 896 896 896 896 896 896 896 896 896 896 896 896 896 896 896 921 923 923 896 896 897 898 898 899 901 902 902 904 905 906 906 908 908 909 910 910 911 912 913 913 915 915 915 915 917 916 917 918 919 919 919 921 921 922 921 920 922 922 922 923 923 923 925 924 923 923 1052 1053 1054 1055 1057 1058
896 896 896 896 896 896 896 896 896 896 896 896 896 896 896 896 896 896 896 896 896 896 896 896 896 896 896 896 896 896 896 896 896 896 896 896 896 896 898 898 899 900 902 903 904 905 906 907 908 909 909 909 910 911 911 913 913 914 915 916 916 918 917 917 917 919 919 920 920 921 922 922 921 921 922 923 923 923 924 924 925 924 924 923 1052 1054 1055 1056 1057 1059
896 896 896 896 896 896 896 896 896 896 896 896 896 896 896 896 896 896 896 896 896 896 896 896 896 896 896 896 896 896 896 896 896 896 896 896 896 896 896 898 900 901 903 903 905 906 906 908 909 910 910 910 911 911 912 914 914 915 916 917 917 918 918 918 918 919 920 920 921 922 922 922 922 922 924 923 923 924 924 925 926 924 924 925 925 1054 1054 1057 1058 1058
896 896 896 896 896 896 896 896 896 896 896 896 896 896 896 896 896 896 896 896 896 896 896 896 896 896 896 896 896 896 896 896 896 896 896 896 896 896 896 896 896 902 903 904 906 906 907 909 909 910 910 911 913 913 913 914 915 915 917 917 917 918 919 919 919 921 920 921 921 922 922 922 923 923 924 925 924 924 925 926 925 925 925 925 925 926 1055 1057 1057 1058
896 896 896 896 896 896 896 896 896 896 896 896 896 896 896 896 896 896 896 896 896 896 896 896 896 896 896 896 896 896 896 896 896 896 896 896 896 896 896 896 896 896 896 896 906 907 908 909 909 911 911 912 913 914 914 916 915 916 917 917 917 919 919 920 920 921 922 921 922 922 922 923 923 925 925 925 926 926 925 925 926 925 925 926 926 926 1057 1059 1058 1058
896 896 896 896 896 896 896 896 896 896 896 896 896 896 896 896 896 896 896 896 896 896 896 896 896 896 896 896 896 896 896 896 896 896 896 896 896 896 896 896 896 896 896 896 896 896 896 909 910 911 912 912 914 914 916 916 917 918 917 917 918 919 920 920 922 922 922 923 922 923 923 923 924 925 925 926 926 926 926 927 926 926 926 926 926 927 929 1058 1058 1059
896 896 896 896 896 896 896 896 896 896 896 896 896 896 896 896 896 896 896 896 896 896 896 896 896 896 896 896 896 896 896 896 896 896 896 896 896 896 896 896 896 896 896 896 896 896 896 896 896 896 912 914 914 915 917 917 918 918 919 918 918 920 920 921 922 923 923 923 924 924 925 924 924 926 926 926 927 927 926 928 927 926 926 927 927 927 928 929 1059 1059
896 896 896 896 896 896 896 896 896 896 896 896 896 896 896 896 896 896 896 896 896 896 896 896 896 896 896 896 896 896 896 896 896 896 896 896 896 896 896 896 896 896 896 896 896 896 896 896 896 896 896 896 896 896 917 918 917 919 919 920 920 920 921 921 923 923 924 923 924 925 925 925 925 926 926 927 927 927 928 928 927 928 928 927 927 929 929 929 930 1060
896 896 896 896 896 896 896 896 896 896 896 896 896 896 896 896 896 896 896 896 896 896 896 896 896 896 896 896 896 896 896 896 896 896 896 896 896 896 896 896 896 896 896 896 896 896 896 896 896 896 896 896 896 896 896 896 896 919 920 920 922 922 922 922 923 924 924 924 925 925 926 926 926 928 927 927 927 927 928 929 928 928 928 929 928 929 929 930 930 1060
896 896 896 896 896 896 896 896 896 896 896 896 896 896 896 896 896 896 896 896 896 896 896 896 896 896 896 896 896 896 896 896 896 896 896 896 896 896 896 896 896 896 896 896 896 896 896 896 896 896 896 896 896 896 896 896 896 896 896 896 922 923 923 923 925 924 924 924 925 926 926 927 928 928 929 927 927 927 929 929 928 929 929 929 929 930 929 929 930 932
