testData/tiles/oneDegreeCosts/grid34.0-38.0-35.0-39.0.asc
ncols   200
nrows   200
xllcorner   34.0
yllcorner   38.0
cellsize   0.005
NODATA_value   -9999.0
[rows 84 to 125 of 200, columns 94 to 187 of 200]
154 154 154 154 154 154 154 154 154 154 154 154 154 154 154 154 155 155 155 156 156 156 156 157 157 157 158 158 158 159 159 159 160 160 160 160 161 161 161 162 162 162 163 163 163 163 164 164 164 165 165 165 165 166 166 166 167 167 167 167 168 168 168 216 217 137 137 137 138 138 138 138 138 138 139 139 139 139 139 139 139 139 139 139 139 139 139 139 139 139 139 139 139 138
154 154 154 154 154 154 154 154 154 154 154 154 154 154 154 154 155 155 155 156 156 156 157 157 157 157 158 158 158 159 159 159 160 160 160 161 161 161 161 162 162 162 163 163 163 164 164 164 164 165 165 165 166 166 166 166 167 167 167 167 168 168 168 217 217 217 137 138 138 138 138 138 139 139 139 139 139 139 139 140 140 140 140 140 140 140 140 140 139 139 139 139 139 139
154 154 154 154 154 154 154 154 154 154 154 154 154 154 154 154 155 155 155 156 156 156 157 157 157 158 158 158 158 159 159 159 160 160 160 161 161 161 162 162 162 162 163 163 163 164 164 164 165 165 165 165 166 166 166 167 167 167 167 168 168 168 168 169 217 217 137 138 138 138 138 139 139 139 139 139 140 140 140 140 140 140 140 140 140 140 140 140 140 140 140 139 139 139
154 154 154 154 154 154 154 154 154 154 154 154 154 154 154 154 155 155 155 156 156 156 157 157 157 158 158 158 159 159 159 159 160 160 160 161 161 161 162 162 162 163 163 163 163 164 164 164 165 165 165 166 166 166 166 167 167 167 168 168 168 168 169 169 217 217 218 138 138 138 139 139 139 139 139 140 140 140 140 140 140 140 140 140 140 140 140 140 140 140 140 140 139 184
154 154 154 154 154 154 154 154 154 154 154 154 154 154 154 155 155 155 155 156 156 156 157 157 157 158 158 158 159 159 159 160 160 160 160 161 161 161 162 162 162 163 163 163 164 164 164 164 165 165 165 166 166 166 167 167 167 167 168 168 168 169 169 169 169 218 218 138 138 139 139 139 139 140 140 140 140 140 140 140 141 141 141 141 141 141 186 185 185 185 185 185 185 185
154 154 154 154 154 154 154 154 154 154 154 154 154 154 154 155 155 155 156 156 156 156 157 157 157 158 158 158 159 159 159 160 160 160 161 161 161 161 162 162 162 163 163 163 164 164 164 165 165 165 165 166 166 166 167 167 167 168 168 168 168 169 169 169 170 218 218 218 139 139 139 139 140 140 140 140 140 141 141 141 186 186 186 186 186 186 186 186 186 186 185 185 185 185
154 154 154 154 154 154 154 154 154 154 154 154 154 154 154 155 155 155 156 156 156 157 157 157 157 158 158 158 159 159 159 160 160 160 161 161 161 162 162 162 162 163 163 163 164 164 164 165 165 165 166 166 166 166 167 167 167 168 168 168 169 169 169 169 170 170 218 218 219 139 139 140 140 140 140 185 186 186 186 186 186 186 186 186 186 186 186 186 186 186 186 185 185 185
154 154 154 154 154 154 154 154 154 154 154 154 154 154 154 155 155 155 156 156 156 157 157 157 158 158 158 158 159 159 159 160 160 160 161 161 161 162 162 162 163 163 163 163 164 164 164 165 165 165 166 166 166 167 167 167 167 168 168 168 169 169 169 170 170 170 218 219 219 139 184 185 185 185 185 186 186 186 186 186 186 187 187 187 187 187 186 186 186 186 186 186 185 185
154 154 154 154 154 154 154 154 154 154 154 154 154 154 154 155 155 155 156 156 156 157 157 157 158 158 158 159 159 159 159 160 160 160 161 161 161 162 162 162 163 163 163 164 164 164 164 165 165 165 166 166 166 167 167 167 168 168 168 168 169 169 169 170 170 170 216 264 264 264 185 185 185 185 186 186 186 186 186 187 187 187 187 187 187 187 187 187 186 186 186 186 186 185
154 154 154 154 154 154 154 154 154 154 154 154 154 154 154 155 155 155 156 156 156 157 157 157 158 158 158 159 159 159 159 160 160 160 161 161 161 162 162 162 163 163 163 164 164 164 165 165 165 165 166 166 166 167 167 167 168 168 168 169 169 169 214 215 215 215 216 264 264 265 265 185 185 186 186 186 186 187 187 187 187 187 187 187 187 187 187 187 187 187 186 186 186 186
154 154 154 154 154 154 154 154 154 154 154 154 154 154 154 155 155 155 156 156 156 157 157 157 158 158 158 159 159 159 160 160 160 160 161 161 161 162 162 162 163 163 163 164 164 164 165 165 165 166 166 166 166 167 167 167 168 168 213 214 214 214 215 215 215 215 216 216 264 265 265 185 186 186 186 186 187 187 187 187 187 187 188 188 188 187 187 187 187 187 187 186 186 186
154 154 154 154 154 154 154 154 154 154 154 154 154 154 154 155 155 155 156 156 156 157 157 157 158 158 158 159 159 159 160 160 160 161 161 161 161 162 162 162 163 163 163 164 164 164 165 165 165 166 166 166 167 167 212 212 213 213 213 214 214 214 215 215 215 216 216 216 264 265 265 265 186 186 186 186 187 187 187 187 188 188 188 188 188 188 188 187 187 187 187 186 186 186
154 154 154 154 154 154 154 154 154 154 154 154 154 154 155 155 155 155 156 156 156 157 157 157 158 158 158 159 159 159 160 160 160 161 161 161 161 162 162 162 163 163 163 164 164 164 165 165 165 166 166 211 212 212 212 213 213 213 213 214 214 214 215 215 215 216 216 216 217 265 265 265 186 186 186 187 187 187 187 188 188 188 188 188 188 188 188 188 187 187 187 187 186 186
154 154 154 154 154 154 154 154 154 154 154 154 154 154 155 155 155 155 156 156 156 157 157 157 158 158 158 159 159 159 160 160 160 161 161 161 162 162 162 162 163 163 163 164 164 164 165 165 210 211 211 211 212 212 212 213 213 213 213 214 214 214 215 215 215 216 216 216 217 265 265 266 266 186 186 187 187 187 188 188 188 188 188 189 188 188 188 188 188 187 187 187 186 186
154 154 154 154 154 154 154 154 154 154 154 154 154 154 155 155 155 156 156 156 156 157 157 157 158 158 158 159 159 159 160 160 160 161 161 161 162 162 162 162 163 163 163 164 164 209 210 210 210 211 211 211 212 212 212 213 213 213 214 214 214 214 215 215 215 216 216 216 217 217 265 266 266 266 187 187 187 187 188 188 188 189 189 189 189 189 188 188 188 187 187 187 187 186
154 154 154 154 154 154 154 154 154 154 154 154 154 154 155 155 155 156 156 156 156 157 157 157 158 158 158 159 159 159 160 160 160 161 161 161 162 162 162 163 163 163 208 209 209 209 210 210 210 211 211 211 212 212 212 213 213 213 214 214 214 214 215 215 215 216 216 216 217 217 265 266 266 266 187 187 187 188 188 188 188 189 189 189 189 189 188 188 188 188 187 187 187 186
154 154 154 154 154 154 154 154 154 154 154 154 154 154 155 155 155 156 156 156 156 157 157 157 158 158 158 159 159 159 160 160 160 161 161 161 162 162 162 208 208 208 208 209 209 209 210 210 210 211 211 211 212 212 212 213 213 213 214 214 214 215 215 215 215 216 216 216 217 217 217 266 266 266 267 187 187 188 188 188 189 189 189 190 189 189 189 188 188 188 187 187 187 186
154 154 154 154 154 154 154 154 154 154 154 154 154 154 155 155 155 156 156 156 156 157 157 157 158 158 158 159 159 159 160 160 160 161 161 161 207 207 207 208 208 208 208 209 209 209 210 210 210 211 211 211 212 212 212 213 213 213 214 214 214 214 215 215 215 216 216 216 217 217 217 266 266 266 267 187 187 188 188 188 188 189 189 189 189 189 188 188 188 188 187 187 187 186
154 154 154 154 154 154 154 154 154 154 154 154 154 154 155 155 155 156 156 156 156 157 157 157 158 158 158 159 159 159 160 160 160 206 206 206 207 207 207 207 208 208 208 209 209 209 210 210 210 211 211 211 212 212 212 213 213 213 214 214 214 214 215 215 215 216 216 216 217 217 217 218 266 266 267 267 187 187 188 188 188 189 189 189 189 189 188 188 188 187 187 187 187 186
154 154 154 154 154 154 154 154 154 154 154 154 154 154 155 155 155 155 156 156 156 157 157 157 158 158 158 159 159 159 160 205 205 206 206 206 207 207 207 207 208 208 208 209 209 209 210 210 210 211 211 211 212 212 212 213 213 213 213 214 214 214 215 215 215 216 216 216 217 217 217 218 266 266 266 267 187 187 188 188 188 188 188 189 188 188 188 188 188 187 187 187 186 186
154 154 154 154 154 154 154 154 154 154 154 154 154 154 155 155 155 155 156 156 156 157 157 157 158 158 158 159 204 204 205 205 205 206 206 206 206 207 207 207 208 208 208 209 209 209 210 210 210 211 211 211 212 212 212 213 213 213 213 214 214 214 215 215 215 216 216 216 217 217 217 217 218 266 266 267 267 187 187 188 188 188 188 188 188 188 188 188 187 187 187 187 186 186
154 154 154 154 154 154 154 154 154 154 154 154 154 154 154 155 155 155 156 156 156 157 157 157 158 158 203 204 204 204 205 205 205 206 206 206 206 207 207 207 208 208 208 209 209 209 210 210 210 211 211 211 212 212 212 212 213 213 213 214 214 214 215 215 215 216 216 216 216 217 217 217 218 266 266 266 267 267 187 187 188 188 188 188 188 188 188 187 187 187 187 186 186 186
154 154 154 154 154 154 154 154 154 154 154 154 154 154 154 155 155 155 156 156 156 157 157 202 203 203 203 204 204 204 205 205 205 205 206 206 206 207 207 207 208 208 208 209 209 209 210 210 210 211 211 211 211 212 212 212 213 213 213 214 214 214 215 215 215 215 216 216 216 217 217 217 218 218 266 266 267 267 187 187 187 187 188 188 188 187 187 187 187 187 187 186 186 186
154 154 154 154 154 154 154 154 154 154 154 154 154 154 154 155 155 155 156 156 156 202 202 202 203 203 203 204 204 204 204 205 205 205 206 206 206 207 207 207 208 208 208 209 209 209 210 210 210 210 211 211 211 212 212 212 213 213 213 214 214 214 214 215 215 215 216 216 216 217 217 217 217 218 218 266 266 267 267 187 187 187 187 187 187 187 187 187 187 187 186 186 186 186
154 154 154 154 154 154 154 154 154 154 154 154 154 154 154 155 155 155 156 201 201 202 202 202 203 203 203 204 204 204 204 205 205 205 206 206 206 207 207 207 208 208 208 209 209 209 209 210 210 210 211 211 211 212 212 212 213 213 213 213 214 214 214 215 215 215 216 216 216 216 217 217 217 217 218 266 266 266 266 187 187 187 187 187 187 187 187 187 187 187 187 187 187 186
154 154 154 154 154 154 154 154 154 154 154 154 154 154 154 155 155 200 201 201 201 202 202 202 203 203 203 203 204 204 204 205 205 205 206 206 206 207 207 207 208 208 208 208 209 209 209 210 210 210 211 211 211 212 212 212 212 213 213 213 214 214 214 215 215 215 215 216 216 216 216 217 217 217 217 218 266 266 266 266 187 187 187 188 188 188 187 187 188 188 188 188 187 187
154 154 154 154 154 154 154 154 154 154 154 154 154 154 199 200 200 200 201 201 201 202 202 202 202 203 203 203 204 204 204 205 205 205 206 206 206 207 207 207 207 208 208 208 209 209 209 210 210 210 211 211 211 211 212 212 212 213 213 213 214 214 214 214 215 215 215 215 216 216 216 217 217 217 217 217 266 267 267 267 187 187 188 188 188 188 188 188 189 189 189 188 188 188
154 154 154 154 154 154 154 154 154 154 154 154 199 199 199 200 200 200 201 201 201 201 202 202 202 203 203 203 204 204 204 205 205 205 206 206 206 206 207 207 207 208 208 208 209 209 209 210 210 210 210 211 211 211 212 212 212 213 213 213 213 214 214 214 215 215 215 215 216 216 216 216 217 218 218 218 218 268 268 268 268 188 189 189 189 189 189 189 190 190 189 189 189 189
154 154 154 154 154 154 154 154 154 154 198 198 199 199 199 200 200 200 200 201 201 201 202 202 202 203 203 203 204 204 204 205 205 205 205 206 206 206 207 207 207 208 208 208 209 209 209 209 210 210 210 211 211 211 212 212 212 212 213 213 213 214 214 214 214 215 215 215 216 217 217 217 218 219 219 219 219 268 268 268 269 269 190 190 190 190 190 189 190 190 190 190 190 190
154 154 154 154 154 154 154 154 197 198 198 198 199 199 199 199 200 200 200 201 201 201 202 202 202 203 203 203 204 204 204 204 205 205 205 206 206 206 207 207 207 208 208 208 208 209 209 209 210 210 210 211 211 211 211 212 212 212 213 213 213 213 214 214 215 215 216 216 217 217 218 218 219 219 219 220 220 221 269 269 269 269 190 190 190 190 190 190 191 191 191 191 190 190
154 154 154 154 154 154 197 197 197 198 198 198 198 199 199 199 200 200 200 201 201 201 202 202 202 203 203 203 203 204 204 204 205 205 205 206 206 206 207 207 207 207 208 208 208 209 209 209 210 210 210 210 211 211 211 212 212 212 212 213 213 214 214 215 216 216 216 217 218 218 218 219 220 220 220 220 221 222 222 270 270 270 271 191 191 191 191 191 192 192 192 191 191 191
154 154 154 154 196 196 197 197 197 197 198 198 198 199 199 199 200 200 200 201 201 201 202 202 202 202 203 203 203 204 204 204 205 205 205 206 206 206 206 207 207 207 208 208 208 209 209 209 209 210 210 210 211 211 211 211 212 213 213 213 215 215 215 216 217 217 217 218 219 219 219 219 221 221 221 221 221 222 222 271 271 271 272 192 192 192 192 192 192 192 192 192 192 192
154 154 195 196 196 196 196 197 197 197 198 198 198 199 199 199 200 200 200 201 201 201 201 202 202 202 203 203 203 204 204 204 205 205 205 205 206 206 206 207 207 207 208 208 208 208 209 209 209 210 210 210 210 211 212 212 213 214 214 214 216 216 216 216 218 218 218 218 220 220 220 220 221 221 222 222 222 223 223 223 271 271 272 272 192 192 192 192 192 193 193 193 193 192
154 195 195 195 196 196 196 197 197 197 198 198 198 199 199 199 200 200 200 200 201 201 201 202 202 202 203 203 203 203 204 204 204 205 205 205 206 206 206 206 207 207 207 208 208 208 209 209 209 209 210 211 211 212 213 213 213 215 215 215 216 217 217 217 218 219 219 219 220 220 221 221 222 222 222 223 223 224 224 224 272 272 272 273 193 193 193 193 193 193 194 194 193 193
194 195 195 195 196 196 196 197 197 197 198 198 198 199 199 199 199 200 200 200 201 201 201 202 202 202 202 203 203 203 204 204 204 205 205 205 205 206 206 206 207 207 207 208 208 208 208 209 210 210 212 212 212 213 214 214 214 215 216 216 217 217 218 218 219 219 220 220 221 221 221 222 222 223 223 223 223 223 225 225 225 273 273 273 274 194 194 194 194 193 194 194 194 194
194 195 195 195 196 196 196 197 197 197 198 198 198 198 199 199 199 200 200 200 201 201 201 201 202 202 202 203 203 203 204 204 204 204 205 205 205 206 206 206 207 207 207 207 208 209 209 211 211 211 212 213 213 214 214 215 215 216 217 217 218 218 218 219 220 220 220 221 222 222 222 222 223 224 224 224 224 224 225 225 225 225 273 273 274 194 194 194 194 194 194 195 195 195
194 195 195 195 196 196 196 197 197 197 197 198 198 198 199 199 199 200 200 200 200 201 201 201 202 202 202 203 203 203 203 204 204 204 205 205 205 206 206 206 206 207 208 208 210 210 210 211 212 212 213 213 214 215 215 216 216 217 217 218 218 219 219 220 221 221 221 221 222 223 223 223 223 223 225 225 225 225 225 226 226 226 274 274 274 275 195 195 195 195 195 195 195 195
194 195 195 195 196 196 196 196 197 197 197 198 198 198 199 199 199 199 200 200 200 201 201 201 202 202 202 202 203 203 203 204 204 204 205 205 205 205 206 207 207 208 209 209 210 211 211 212 213 213 214 214 215 215 216 216 217 218 218 218 219 220 220 220 220 222 222 222 222 223 224 224 224 224 225 225 225 226 226 226 227 227 227 275 275 275 196 196 196 196 195 195 195 195
194 194 195 195 195 196 196 196 197 197 197 198 198 198 198 199 199 199 200 200 200 201 201 201 201 202 202 202 203 203 203 204 204 204 204 205 206 206 207 208 208 208 210 210 211 212 212 213 213 214 215 215 215 216 217 217 217 219 219 219 219 221 221 221 221 222 223 223 223 223 224 225 225 225 225 226 226 226 226 226 226 227 227 276 275 275 275 196 196 196 196 196 196 196
194 194 195 195 195 196 196 196 197 197 197 197 198 198 198 199 199 199 200 200 200 200 201 201 201 202 202 202 203 203 203 203 204 204 205 206 207 207 207 209 209 209 211 211 212 212 213 214 214 214 215 216 216 216 218 218 218 218 220 220 220 220 222 222 222 222 223 224 224 224 224 225 225 226 226 226 227 227 227 227 227 227 228 228 276 276 276 196 196 197 197 197 197 197
194 194 195 195 195 196 196 196 196 197 197 197 198 198 198 199 199 199 199 200 200 200 201 201 201 202 202 202 202 203 203 204 205 205 206 206 208 208 208 210 210 210 211 212 212 213 213 214 215 215 216 217 217 217 219 219 219 219 220 221 221 221 222 223 223 223 224 224 224 225 225 226 226 226 226 226 227 228 228 228 228 228 228 229 229 277 277 277 197 197 198 197 197 197
194 194 195 195 195 195 196 196 196 197 197 197 198 198 198 198 199 199 199 200 200 200 201 201 201 201 202 202 202 204 204 205 205 206 207 207 209 209 209 210 211 211 212 212 213 214 214 215 216 216 216 218 218 218 218 220 220 220 220 221 222 222 222 223 224 224 224 225 225 225 226 226 227 227 227 227 227 227 228 228 228 229 229 229 230 278 277 277 197 197 197 197 198 198
