testData/tiles/oneDegreeCosts/grid24.0-30.0-25.0-31.0.asc
ncols   200
nrows   200
xllcorner   24.0
yllcorner   30.0
cellsize   0.005
NODATA_value   -9999.0
[rows 84 to 125 of 200, columns 94 to 187 of 200]
599 599 600 600 602 601 601 602 602 603 603 603 603 604 604 604 603 605 605 606 605 605 605 606 605 606 605 606 605 606 606 606 605 606 606 606 605 605 606 605 606 605 605 605 606 605 604 605 604 604 604 603 603 603 604 601 601 602 601 602 600 599 600 599 600 600 599 600 601 600 600 599 600 601 600 600 600 600 601 599 600 600 601 600 600 599 633 632 632 631 633 631 632 630
601 601 601 602 602 602 603 603 603 604 603 604 605 605 606 605 606 605 606 606 607 606 607 607 608 606 607 607 608 607 607 607 607 607 607 607 607 607 607 608 606 606 607 607 607 605 606 605 605 606 604 605 605 603 604 603 603 603 603 602 601 602 601 601 601 600 600 600 601 601 600 601 601 602 600 601 601 601 601 601 600 602 600 600 600 601 632 634 633 633 633 633 632 632
601 602 603 603 602 603 604 605 606 604 605 605 606 606 606 606 607 607 607 606 607 607 608 608 608 608 609 608 609 608 609 608 609 609 610 608 608 609 608 608 608 609 607 608 607 606 607 607 607 606 606 605 605 606 605 604 605 605 604 603 602 603 603 602 601 601 601 602 601 601 601 602 603 602 602 602 602 602 602 601 603 601 601 601 602 635 635 634 634 634 634 634 633 633
602 603 603 604 605 604 605 605 605 606 607 607 607 607 607 607 608 609 608 609 608 609 609 610 608 609 609 610 609 610 610 610 610 610 610 610 609 609 610 609 608 609 609 609 608 609 608 608 609 607 607 607 607 606 606 607 605 605 605 604 605 605 603 603 603 603 603 602 602 602 602 603 602 602 603 603 602 603 602 603 603 603 602 603 603 635 636 635 635 635 635 634 635 633
605 605 604 604 606 606 607 606 606 607 608 609 607 608 608 609 609 609 609 610 610 610 610 610 610 610 610 611 610 611 610 611 611 610 610 610 611 610 610 610 611 610 611 610 609 610 610 610 608 608 609 608 609 608 608 607 607 607 606 606 606 605 605 604 604 605 603 602 602 603 604 603 602 604 603 603 603 603 604 604 604 603 604 604 636 637 636 636 635 636 635 636 635 635
606 605 606 606 606 607 607 608 607 608 608 609 610 609 610 610 611 610 610 610 611 611 612 611 612 612 613 611 611 612 612 612 611 612 612 612 612 612 611 611 612 612 611 610 611 611 610 610 610 610 610 611 609 608 609 608 608 608 607 607 607 606 606 606 606 605 605 604 604 604 604 603 603 604 605 603 604 603 605 604 604 604 604 604 638 637 637 636 637 636 636 636 636 636
606 606 607 608 608 607 608 609 610 610 610 609 610 610 611 611 611 611 612 611 612 611 612 612 612 612 612 613 613 613 614 614 613 613 613 614 613 613 612 613 612 613 612 611 612 612 613 611 611 612 610 611 610 610 610 610 609 609 608 608 608 608 607 606 607 606 605 606 605 605 605 604 605 605 605 606 604 605 605 605 604 605 604 605 638 638 637 638 637 638 637 637 637 638
606 607 608 609 609 609 609 609 610 611 611 610 611 611 612 612 611 613 613 614 614 613 613 614 614 613 613 613 614 613 614 614 614 613 614 614 614 613 613 614 614 613 613 614 613 613 613 613 612 612 612 611 611 612 611 611 610 610 610 610 610 609 608 609 608 607 607 607 606 606 605 605 605 605 607 606 606 605 606 606 606 606 605 639 639 638 639 638 639 638 638 638 638 639
609 609 609 609 610 610 611 611 611 611 611 613 612 613 612 613 613 613 613 614 614 615 614 615 615 615 614 615 615 616 614 614 615 615 615 614 615 615 615 615 614 615 614 615 615 613 613 613 614 613 613 613 612 613 612 611 611 611 612 611 611 610 609 610 610 608 608 607 608 608 606 606 606 606 606 607 606 607 606 606 607 606 606 640 639 639 639 640 639 639 638 639 640 639
610 610 610 610 610 611 612 613 611 612 612 613 613 614 613 614 614 615 614 614 614 615 615 615 615 616 616 616 616 616 616 616 616 617 616 615 616 616 617 616 615 615 616 615 615 615 615 615 615 615 614 614 614 613 612 613 612 613 613 611 611 611 612 611 610 610 609 609 610 608 607 607 607 608 606 606 608 607 608 607 607 607 641 640 639 640 641 640 640 639 640 639 641 640
610 611 611 612 611 612 612 612 613 613 614 614 615 614 614 614 616 616 616 615 616 616 617 616 616 616 617 617 616 616 616 617 616 617 616 617 616 617 617 616 616 616 617 617 616 616 616 616 616 615 615 614 615 615 614 614 614 613 613 613 613 612 613 612 610 611 611 611 610 608 609 609 608 608 607 606 608 608 607 607 607 608 642 640 640 641 641 641 640 641 640 641 640 640
611 611 611 613 613 613 613 613 614 614 615 615 615 615 616 615 616 616 616 617 617 617 618 617 618 617 618 618 618 617 618 618 619 617 617 618 618 618 617 618 618 617 618 617 618 617 617 617 616 616 616 617 616 615 616 614 615 615 613 614 614 615 613 612 613 612 612 613 610 610 610 610 611 608 608 609 608 608 608 608 608 642 641 641 641 642 641 641 641 641 641 641 641 641
611 612 613 613 614 614 614 614 615 615 616 615 616 617 617 618 616 617 617 618 618 618 618 619 619 619 619 618 619 619 619 619 619 619 619 619 619 619 618 619 619 620 618 618 618 618 618 617 618 617 617 618 617 616 616 616 616 615 616 615 614 615 613 613 614 613 613 612 611 612 612 611 610 610 609 610 610 608 609 609 609 642 641 641 643 642 641 641 642 642 643 642 642 643
614 613 614 614 614 614 615 616 616 617 616 617 616 617 617 618 618 618 618 619 619 619 618 619 619 620 619 619 619 620 620 619 619 619 620 619 620 619 620 619 619 620 619 619 619 620 620 618 619 619 618 618 617 618 617 618 618 616 616 616 615 616 615 615 615 614 614 613 613 613 612 611 611 611 612 611 610 610 609 610 642 642 642 643 643 643 642 643 642 643 643 643 643 644
614 614 615 615 615 616 616 617 616 617 617 618 618 618 618 618 618 619 619 620 619 620 620 620 620 620 620 620 620 621 621 621 620 621 621 621 620 620 621 621 621 620 620 621 620 621 620 619 619 619 620 618 619 619 618 619 617 617 617 617 618 616 616 616 615 615 615 614 615 614 613 613 613 612 612 612 610 611 611 610 643 642 643 644 643 643 643 643 644 644 644 643 645 645
615 616 615 616 616 617 617 618 616 617 618 619 620 620 619 619 620 620 621 620 620 621 622 622 622 621 621 622 621 622 621 622 622 622 622 622 622 621 622 622 622 621 622 622 620 620 620 621 620 620 620 620 620 620 619 618 618 619 618 618 618 618 617 617 617 616 616 616 615 615 614 614 614 613 613 612 613 612 611 611 643 643 644 643 643 643 644 643 644 644 644 644 645 645
616 616 616 616 616 618 619 618 619 618 619 619 620 620 621 620 621 621 621 621 621 621 622 622 621 621 622 622 624 622 622 623 623 623 622 623 623 622 622 622 622 621 622 622 623 621 621 622 622 622 621 621 620 620 621 620 619 620 620 620 618 618 618 618 618 618 616 616 617 615 616 616 614 615 614 613 614 612 612 645 644 644 644 644 643 644 644 645 645 645 645 646 646 645
616 617 618 618 618 618 618 619 620 620 620 620 620 620 621 620 622 621 622 622 622 622 623 622 623 622 623 623 623 623 623 623 624 623 622 623 623 624 623 623 623 623 623 623 623 623 623 623 623 622 621 622 622 621 621 621 622 621 620 620 619 619 620 619 619 618 617 618 618 616 617 616 615 616 615 614 614 614 612 646 646 644 645 644 644 645 645 645 646 645 646 646 647 646
617 617 619 619 620 618 619 619 620 621 621 621 621 622 622 623 622 622 622 623 624 624 623 624 624 624 624 623 624 624 624 624 625 624 624 624 624 625 624 624 624 625 625 623 624 623 623 623 623 623 622 623 623 623 622 622 622 621 620 621 621 621 621 619 619 619 619 619 618 617 617 617 618 616 616 616 615 615 648 647 646 647 646 645 645 646 646 646 646 647 646 648 647 647
618 618 619 619 620 620 620 621 621 622 621 621 622 623 623 624 622 623 623 624 624 623 623 624 624 626 624 625 625 625 626 625 625 625 626 625 626 625 625 625 624 625 624 624 624 624 625 623 624 624 624 624 624 623 622 622 623 623 622 622 622 621 621 620 620 620 621 620 618 619 619 618 618 617 616 617 617 615 649 647 647 648 646 646 647 646 646 647 646 647 647 648 647 648
619 619 620 620 620 621 621 622 622 622 622 622 622 623 623 624 624 624 624 625 624 625 624 625 625 626 625 625 625 626 626 625 625 625 626 626 625 625 626 626 625 626 625 626 625 626 626 625 625 625 625 624 624 624 624 624 624 623 623 622 622 623 621 622 622 621 621 620 619 620 620 619 618 618 617 618 618 649 649 649 649 648 648 648 648 648 646 647 647 647 649 648 648 648
619 621 620 621 621 622 621 622 622 623 623 624 624 624 624 624 625 624 626 625 626 626 625 626 626 626 626 626 626 627 626 627 626 627 627 626 626 626 627 627 627 626 626 627 626 627 626 626 625 625 626 625 625 625 625 625 624 623 624 623 624 623 622 623 622 622 621 621 622 621 620 620 619 619 620 619 618 651 650 650 651 649 649 649 649 649 648 648 648 649 648 648 648 650
620 620 620 622 622 623 623 622 623 623 624 625 625 624 625 625 626 626 625 625 626 626 627 627 627 627 628 627 627 627 627 628 627 628 628 628 627 627 628 628 628 627 627 627 627 626 626 627 626 626 626 626 626 626 625 625 624 625 625 624 624 624 623 623 623 623 622 622 623 621 620 621 620 620 621 618 618 652 651 651 651 650 650 651 650 649 650 649 649 649 649 649 650 650
621 621 621 622 623 624 624 623 624 624 625 625 624 624 626 626 627 626 626 626 627 627 628 627 627 627 628 628 627 627 627 628 627 628 628 628 628 628 628 628 628 627 628 628 628 627 627 628 628 628 627 626 627 626 627 626 625 626 626 626 624 624 625 624 624 624 623 622 623 623 621 622 622 621 621 620 653 653 653 653 652 652 652 652 651 651 651 650 650 650 649 649 651 650
623 622 623 623 624 624 624 624 625 625 626 625 626 625 626 626 626 627 627 627 628 628 628 627 628 628 629 629 628 628 629 629 630 628 628 629 629 629 628 629 629 628 629 629 629 628 628 629 628 627 627 627 628 627 627 627 627 627 626 626 625 625 626 626 624 625 624 624 624 623 623 623 622 622 621 621 654 654 654 653 653 653 653 653 652 652 652 652 652 651 650 651 651 650
623 623 624 624 624 624 625 624 625 627 626 627 627 627 627 627 627 628 627 628 628 628 629 628 629 629 630 629 629 629 630 630 630 629 630 630 630 629 629 630 630 631 630 629 629 629 629 629 628 629 628 629 629 627 628 628 628 627 626 627 627 626 627 626 625 625 625 625 624 624 624 623 623 623 622 655 656 655 654 655 654 654 655 653 653 653 653 653 652 652 652 652 652 651
624 623 624 624 625 626 626 626 626 626 626 627 628 628 628 628 628 629 629 629 628 629 629 630 629 630 629 629 630 629 630 630 630 629 630 630 631 630 629 630 630 631 629 629 630 630 630 629 630 630 629 630 629 629 628 628 629 628 627 628 628 628 627 626 626 626 626 627 625 624 625 624 624 624 623 657 657 656 656 656 655 656 655 654 655 655 654 653 654 653 653 653 652 652
625 624 624 625 625 626 627 627 626 627 627 628 628 628 628 628 629 630 630 629 629 630 630 631 630 630 630 631 631 631 630 630 631 630 631 631 631 631 630 631 631 631 630 631 631 631 630 630 631 630 629 630 629 630 629 629 630 629 629 628 628 628 627 627 628 627 627 626 625 626 626 625 625 625 624 658 658 656 657 657 656 657 656 655 656 656 655 655 655 654 655 655 653 653
626 625 625 626 626 627 627 627 627 628 628 629 629 628 628 629 629 630 629 629 630 631 631 632 630 631 631 632 632 631 631 632 632 631 632 631 632 632 632 632 631 632 631 632 632 632 630 630 631 631 631 630 630 631 630 630 630 629 629 629 629 628 628 628 629 627 627 627 626 627 627 625 626 626 659 659 658 658 658 658 658 657 657 657 657 657 656 656 656 655 656 655 654 655
625 625 626 627 627 628 627 627 627 628 629 629 630 629 630 630 631 630 631 630 631 631 631 631 630 631 631 633 633 632 632 633 633 634 632 632 633 633 632 632 632 632 631 632 632 632 631 631 632 632 631 631 631 632 630 630 630 630 630 630 629 630 629 629 629 627 628 628 627 628 628 627 627 627 660 659 659 659 659 659 658 658 658 658 658 657 657 657 657 657 656 656 656 656
626 626 626 627 627 628 629 628 629 629 629 629 630 629 631 631 631 631 632 631 632 632 632 632 632 632 632 633 632 632 632 633 633 633 632 632 633 633 633 632 633 633 632 633 632 633 633 633 633 632 633 631 632 632 630 631 631 631 631 631 631 630 629 630 630 628 629 629 629 629 628 629 628 661 662 660 660 661 660 660 660 659 659 660 659 658 659 658 658 658 657 657 657 657
626 627 627 627 628 628 629 629 630 629 630 630 631 630 631 631 631 631 632 632 633 632 633 633 633 633 634 633 633 633 633 634 633 634 633 634 634 634 633 633 634 634 634 633 633 634 634 633 632 632 633 632 633 633 632 632 632 633 631 631 631 631 630 631 630 629 630 630 631 629 629 630 629 662 662 661 661 662 662 660 661 661 660 661 660 659 660 660 659 659 658 658 658 658
627 628 628 628 629 629 630 629 629 629 631 631 632 631 631 631 632 632 632 632 632 632 633 633 634 634 634 634 635 634 634 634 634 634 634 635 635 635 634 634 635 634 633 633 633 634 634 634 633 634 634 633 634 633 633 632 632 633 631 631 632 632 631 631 631 632 631 631 631 630 630 631 630 662 663 663 662 663 662 661 662 662 661 661 661 660 661 661 659 660 660 659 660 658
629 628 629 629 630 630 630 629 630 630 631 631 631 631 632 632 633 633 633 632 633 633 634 633 634 634 634 634 635 634 634 634 634 634 634 635 635 635 634 634 635 634 634 634 635 635 635 634 634 635 635 634 633 633 634 633 633 633 632 632 633 633 632 632 632 633 632 632 632 631 631 632 664 663 664 664 663 664 663 662 663 663 662 662 662 661 662 662 660 661 661 660 661 660
629 629 630 630 631 631 630 630 631 631 632 633 631 632 632 633 633 635 633 634 634 634 635 634 634 634 635 635 635 635 635 635 636 635 635 635 635 636 635 636 636 635 635 635 636 636 635 635 634 635 635 634 634 634 635 634 634 634 633 634 634 634 633 633 633 634 633 632 633 632 632 633 665 665 665 665 665 664 664 664 664 664 663 663 663 662 663 662 661 662 662 661 661 661
630 630 631 631 632 631 631 632 632 633 633 633 632 633 633 634 634 634 633 634 634 635 636 634 635 635 636 636 636 635 636 636 637 636 635 636 636 637 636 637 636 636 636 635 636 635 635 635 635 636 635 635 635 635 636 635 634 635 634 635 635 634 634 634 634 635 633 633 634 633 634 633 666 666 666 666 665 665 665 665 665 664 664 664 664 664 663 663 663 663 663 661 662 662
631 631 632 632 632 632 632 633 633 634 633 633 633 634 634 635 634 634 634 635 635 636 635 635 635 636 636 636 635 635 636 636 637 636 636 636 636 636 636 636 636 637 636 636 636 636 636 636 636 637 635 636 636 636 636 635 636 636 635 636 635 635 635 635 635 635 634 635 635 634 634 667 667 667 667 667 666 666 666 666 666 665 665 665 665 665 664 664 664 664 664 663 663 663
632 632 633 633 632 633 633 634 634 634 634 634 634 635 635 635 635 635 635 636 636 636 635 636 636 637 637 636 636 636 637 637 636 636 637 637 637 637 636 637 637 638 637 636 637 637 637 637 637 637 636 637 637 637 636 636 637 637 636 636 636 636 636 636 637 636 635 636 636 635 635 668 668 668 668 667 667 667 667 667 666 666 666 666 666 665 665 665 665 665 664 664 664 664
633 634 633 634 633 634 634 635 634 635 634 635 635 636 635 636 635 636 636 637 636 637 636 637 637 638 637 637 637 637 638 637 637 637 638 638 639 637 637 638 638 639 637 638 638 638 638 638 638 638 637 638 638 637 637 637 638 638 637 637 637 638 637 637 637 637 636 637 637 635 669 669 669 669 668 668 668 668 668 667 667 667 667 667 666 666 666 666 666 665 665 665 665 665
633 634 634 634 634 635 635 635 635 636 635 636 636 636 636 637 636 637 637 637 637 637 637 638 638 638 638 638 638 639 638 638 638 638 639 639 639 638 638 639 639 639 638 639 639 639 639 638 639 639 638 639 638 639 638 638 639 639 637 638 638 639 638 637 638 637 637 638 637 636 670 670 669 669 669 670 669 669 669 668 668 669 668 667 667 667 667 667 667 666 666 666 666 665
634 635 634 635 635 635 635 636 636 636 636 637 636 637 637 637 637 638 637 638 638 638 638 639 638 639 638 639 639 639 639 638 639 639 640 639 639 639 640 640 640 639 639 640 640 639 639 639 640 640 639 640 639 640 639 639 640 639 639 639 639 640 638 638 639 638 638 638 638 637 671 671 671 670 670 671 670 670 670 669 669 670 669 668 669 668 668 668 667 667 667 667 667 666
635 635 635 636 635 636 636 637 636 637 637 637 638 638 638 638 639 638 638 639 638 639 639 639 639 640 639 640 639 640 640 640 640 640 640 640 640 640 641 641 640 640 640 641 641 639 640 640 641 640 640 640 640 640 640 640 640 639 640 640 640 639 639 639 640 639 639 639 639 672 672 672 671 671 671 672 671 670 671 670 670 671 669 669 670 669 669 669 668 668 668 668 667 667
