testData/tiles/oneDegreeCosts/grid19.0-13.0-20.0-14.0.asc
ncols   200
nrows   200
xllcorner   19.0
yllcorner   13.0
cellsize   0.005
NODATA_value   -9999.0
[rows 126 to 167 of 200, columns 0 to 93 of 200]
334 334 335 335 336 336 337 338 338 339 339 331 331 331 331 331 331 331 331 331 331 331 331 331 331 331 331 331 331 331 331 331 331 331 331 331 331 331 331 331 331 331 331 331 331 331 331 331 331 331 331 331 331 331 331 331 331 331 331 331 331 331 331 331 331 331 331 331 331 331 331 359 359 360 360 361 361 362 362 363 363 364 364 365 365 366 366 367 367 368 368 369 369 370
334 334 335 335 336 336 337 337 338 338 331 331 331 331 331 331 331 331 331 331 331 331 331 331 331 331 331 331 331 331 331 331 331 331 331 331 331 331 331 331 331 331 331 331 331 331 331 331 331 331 331 331 331 331 331 331 331 331 331 331 331 331 331 331 331 331 331 331 331 331 358 358 359 359 360 360 361 361 362 362 363 363 364 364 365 365 366 366 367 367 368 368 369 369
334 334 335 335 336 336 337 337 338 331 331 331 331 331 331 331 331 331 331 331 331 331 331 331 331 331 331 331 331 331 331 331 331 331 331 331 331 331 331 331 331 331 331 331 331 331 331 331 331 331 331 331 331 331 331 331 331 331 331 331 331 331 331 331 331 331 331 331 331 357 358 358 359 359 360 360 361 361 362 362 363 363 364 364 365 365 366 366 367 367 368 368 369 369
333 334 335 335 336 336 337 337 331 331 331 331 331 331 331 331 331 331 331 331 331 331 331 331 331 331 331 331 331 331 331 331 331 331 331 331 331 331 331 331 331 331 331 331 331 331 331 331 331 331 331 331 331 331 331 331 331 331 331 331 331 331 331 331 331 331 331 331 331 357 358 358 359 359 360 360 361 361 362 362 362 363 363 364 364 365 365 366 366 367 367 368 368 369
333 334 334 335 335 336 337 331 331 331 331 331 331 331 331 331 331 331 331 331 331 331 331 331 331 331 331 331 331 331 331 331 331 331 331 331 331 331 331 331 331 331 331 331 331 331 331 331 331 331 331 331 331 331 331 331 331 331 331 331 331 331 331 331 331 331 331 331 356 357 357 358 358 359 359 360 360 361 361 362 362 363 363 364 364 365 365 366 366 367 367 368 368 369
333 334 334 335 335 336 331 331 331 331 331 331 331 331 331 331 331 331 331 331 331 331 331 331 331 331 331 331 331 331 331 331 331 331 331 331 331 331 331 331 331 331 331 331 331 331 331 331 331 331 331 331 331 331 331 331 331 331 331 331 331 331 331 331 331 331 331 356 356 357 393 358 358 359 359 360 360 361 361 362 362 363 363 364 364 364 365 365 366 366 367 367 368 368
333 334 334 335 335 331 331 331 331 331 331 331 331 331 331 331 331 331 331 331 331 331 331 331 331 331 331 331 331 331 331 331 331 331 331 331 331 331 331 331 331 331 331 331 331 331 349 349 350 350 351 351 352 352 353 353 354 354 355 355 356 356 357 357 358 358 359 391 392 392 393 393 394 394 395 395 396 396 397 397 398 398 399 399 400 400 401 401 402 402 403 403 404 404
333 334 334 335 335 331 331 331 331 331 331 331 331 331 331 331 331 331 331 331 331 331 331 331 331 331 331 331 331 331 331 331 331 331 331 331 344 344 345 345 346 346 347 347 348 348 349 349 350 350 351 351 352 352 353 353 354 354 355 355 356 356 357 357 358 358 391 391 392 392 393 393 394 394 395 395 396 396 397 397 398 398 399 399 400 400 400 401 401 402 402 403 403 404
333 333 334 334 331 331 331 331 331 331 331 331 331 331 331 331 331 331 331 331 331 331 331 331 331 331 331 331 339 340 340 341 341 342 342 343 343 344 344 345 345 346 346 347 347 348 349 349 350 350 351 351 352 352 353 353 354 354 355 355 356 356 357 357 358 390 391 391 392 392 392 393 393 394 394 395 395 396 396 397 397 398 398 399 399 400 400 401 401 402 402 403 403 404
333 333 334 331 331 331 331 331 331 331 331 331 331 331 331 331 331 331 331 331 331 336 336 337 337 338 338 339 339 340 340 341 341 342 342 343 343 344 344 345 345 346 346 347 347 348 348 349 349 350 350 351 351 352 352 353 353 354 354 355 355 356 356 357 357 390 390 391 391 392 392 393 393 394 394 395 395 396 396 397 397 398 398 399 399 400 400 400 401 401 402 402 403 403
333 333 331 331 331 331 331 331 331 331 331 331 331 331 331 331 333 333 334 334 335 335 336 336 337 337 338 338 339 340 340 341 341 342 342 343 343 344 344 345 345 346 346 347 347 348 348 349 349 350 350 351 351 352 352 353 353 354 354 355 355 356 356 357 389 390 390 391 391 392 392 393 393 394 394 394 395 395 396 396 397 397 398 398 399 399 400 400 401 401 402 402 403 403
332 331 331 331 331 331 331 331 331 331 331 331 331 331 332 332 333 333 334 334 335 335 336 336 337 337 338 338 339 339 340 340 341 341 342 342 343 343 344 344 345 345 346 346 347 347 348 348 349 349 350 350 351 351 352 352 353 353 354 354 355 355 356 388 389 389 390 390 391 391 392 392 393 393 394 394 395 395 396 396 397 397 398 398 399 399 399 400 400 401 401 402 402 403
331 331 331 331 331 331 331 331 331 331 331 331 331 331 332 332 333 333 334 334 335 335 336 336 337 337 338 338 339 339 340 340 341 341 342 342 343 343 344 344 345 345 346 346 347 347 348 348 349 349 350 350 351 351 352 352 353 353 354 354 355 355 356 388 389 389 390 390 391 391 392 392 393 393 394 394 394 395 395 396 396 397 397 398 398 399 399 400 400 401 401 401 402 402
331 331 331 331 331 331 331 331 331 331 331 331 331 331 331 332 332 333 333 334 334 335 335 336 336 337 337 338 338 339 340 340 341 341 342 342 343 343 344 344 345 345 346 346 347 347 348 348 349 349 350 350 351 351 352 352 353 353 354 354 354 355 387 388 388 389 389 390 390 391 391 392 392 393 393 394 394 395 395 396 396 397 397 398 398 398 399 399 400 400 401 401 402 402
331 331 331 331 331 331 331 331 331 331 331 331 331 331 331 332 332 333 333 334 334 335 335 336 336 337 337 338 338 339 339 340 340 341 341 342 342 343 343 344 344 345 345 346 346 347 347 348 348 349 349 350 350 351 351 352 352 353 353 354 354 387 387 388 388 389 389 390 390 391 391 392 392 393 393 394 394 394 395 395 396 396 397 397 398 398 399 399 400 400 400 401 401 402
331 331 331 331 331 331 331 331 331 331 331 331 331 331 331 332 332 333 333 334 334 335 335 336 336 337 337 338 338 339 339 340 340 341 341 342 342 343 343 344 344 345 345 346 346 347 347 349 349 350 350 351 351 352 353 354 354 355 355 356 356 389 389 390 390 390 391 391 392 392 393 393 394 394 395 395 396 396 397 397 398 398 399 399 399 400 400 400 400 401 401 402 402 403
331 331 331 331 331 331 331 331 331 331 331 331 331 331 331 331 332 332 333 333 334 334 335 335 336 336 337 337 338 338 339 339 340 340 341 341 342 343 344 344 345 346 347 347 348 348 349 350 351 351 352 352 353 353 354 355 356 356 357 357 390 390 391 391 392 392 393 393 394 394 395 395 396 396 397 397 397 398 398 399 399 400 400 401 401 402 401 402 402 402 403 403 404 404
331 331 331 331 331 331 331 331 331 331 331 331 331 331 331 331 332 332 333 333 334 334 335 335 336 336 337 337 338 339 340 340 341 342 343 343 344 345 346 346 347 347 349 349 350 350 351 351 353 353 354 354 355 355 356 356 357 358 359 359 392 392 393 393 394 394 394 395 395 396 396 397 397 398 398 399 399 400 400 401 401 402 402 402 402 402 403 403 404 404 405 405 405 405
331 331 331 331 331 331 331 331 331 331 331 331 331 331 331 331 332 332 333 333 334 334 336 336 337 337 339 339 340 341 342 342 343 344 345 345 346 346 348 348 349 349 350 351 352 352 353 353 354 354 355 356 356 357 357 358 358 359 359 392 392 393 394 395 395 396 396 397 397 398 398 399 399 400 400 400 401 401 402 401 402 402 403 403 404 404 404 405 405 406 406 406 406 407
331 331 331 331 331 331 331 331 331 331 331 331 331 331 331 331 331 333 333 334 335 336 336 338 338 339 340 341 341 342 343 344 344 345 346 347 347 348 348 350 350 351 351 352 352 354 354 355 355 356 356 357 357 359 359 360 360 361 393 394 394 395 395 396 396 396 397 397 398 398 399 399 400 400 401 401 402 402 403 403 403 404 404 405 405 406 406 407 406 407 407 407 408 408
331 331 331 331 331 331 331 331 331 331 331 331 331 331 332 333 333 335 335 336 337 338 338 340 340 341 341 343 343 344 344 346 346 347 347 348 349 350 350 351 351 353 353 354 354 355 355 356 357 358 358 359 359 360 360 360 361 361 395 395 396 396 397 397 398 398 399 399 400 400 401 401 402 402 402 403 403 404 404 405 405 406 406 406 406 406 407 407 408 408 409 409 410 409
331 331 331 331 331 331 331 331 331 331 331 331 332 332 333 334 335 335 337 337 338 339 340 340 342 342 343 343 345 345 346 346 347 348 349 349 350 350 352 352 353 353 354 354 356 356 357 357 358 358 359 359 361 361 362 362 363 395 396 396 397 397 398 398 399 399 399 400 400 401 401 402 402 403 403 404 404 405 405 405 406 406 407 407 408 408 409 409 409 409 409 410 410 411
331 331 331 331 331 331 331 331 331 331 332 332 334 334 335 336 337 337 338 339 340 340 342 342 343 343 345 345 346 346 348 348 349 349 350 351 352 352 353 353 355 355 356 356 357 357 358 358 360 360 361 361 362 362 363 363 395 396 396 398 398 399 399 400 400 401 401 402 402 403 403 404 404 404 405 405 406 406 407 407 408 408 408 408 408 409 409 410 410 411 411 411 412 411
331 331 331 331 331 331 331 331 332 332 334 334 335 336 337 337 339 339 340 340 342 342 343 344 345 345 346 346 348 348 349 349 351 351 352 352 353 354 355 355 355 356 356 357 358 359 359 360 360 361 361 362 362 364 364 365 397 398 398 399 399 400 400 401 401 401 402 402 403 403 404 404 405 405 406 406 407 407 407 408 408 409 409 410 410 411 411 411 411 411 412 412 413 413
331 331 331 331 331 331 331 332 332 334 334 336 336 337 337 339 339 340 341 342 342 344 344 345 345 347 347 348 348 349 350 351 351 352 352 354 354 355 355 356 356 358 358 359 359 360 360 361 361 363 363 364 364 365 365 397 398 398 399 399 400 400 401 401 403 403 404 404 405 405 406 406 406 407 407 408 408 408 408 409 409 409 410 410 411 411 412 412 413 413 413 414 413 414
331 331 331 331 331 332 332 334 334 335 336 337 337 339 339 340 341 342 342 343 344 345 345 347 347 348 348 349 350 351 351 352 352 354 354 355 355 356 356 358 358 359 359 359 360 360 362 362 363 363 364 364 365 365 366 398 399 400 401 401 402 402 403 403 403 404 404 405 405 406 406 407 407 408 408 408 409 409 410 410 411 411 412 412 411 412 412 413 413 414 414 414 415 415
331 331 331 331 332 334 334 335 336 337 337 339 339 340 341 342 342 343 344 345 345 345 347 347 348 348 350 350 351 351 352 353 354 354 355 355 357 357 358 358 359 359 360 361 362 362 363 363 364 364 365 365 366 367 400 400 400 401 401 402 402 403 403 404 404 405 405 406 406 406 407 407 408 408 409 409 410 410 411 411 411 412 412 413 413 414 414 414 414 414 415 415 416 416
331 331 332 332 334 334 335 336 337 337 339 339 340 341 342 342 344 344 345 345 347 347 348 348 350 350 351 351 352 353 354 354 355 355 356 357 358 358 359 359 360 361 362 362 363 363 363 364 364 365 366 367 367 368 400 401 401 402 402 403 403 404 404 404 405 405 406 406 407 407 408 408 409 409 409 410 410 411 411 412 412 413 413 413 414 414 415 415 416 416 416 416 416 417
332 332 334 334 335 336 337 337 339 339 340 341 342 342 343 344 345 345 346 347 348 348 349 350 351 351 352 352 354 354 354 355 355 357 357 358 358 359 359 361 361 362 362 363 363 364 364 366 366 367 367 368 368 401 401 401 402 402 403 403 404 404 406 406 407 407 408 408 408 409 409 410 410 411 411 412 412 412 413 412 413 413 414 414 415 415 415 416 416 417 417 417 418 418
332 334 334 335 336 337 337 339 339 340 341 342 342 343 344 345 345 347 347 348 348 349 350 351 351 352 353 354 354 355 355 357 357 358 358 359 359 360 361 362 362 363 363 364 364 365 366 366 367 367 368 368 401 401 402 402 403 403 405 405 406 406 406 407 407 408 408 409 409 410 410 411 411 411 412 412 413 413 414 414 414 415 415 415 415 416 416 416 417 417 418 418 419 419
334 335 335 337 337 338 339 340 340 342 342 343 343 345 345 346 347 348 348 349 350 351 351 352 352 354 354 355 355 356 357 358 358 358 359 359 361 361 362 362 363 363 364 364 366 366 367 367 368 368 369 369 402 402 402 404 404 405 405 406 406 407 407 408 408 409 409 409 410 410 411 411 412 412 413 413 413 414 414 415 415 416 416 416 417 417 417 417 418 418 418 419 419 420
335 336 337 338 338 340 340 341 342 343 343 344 345 345 346 347 348 348 349 350 351 351 352 352 354 354 355 355 356 357 358 358 359 359 360 361 362 362 363 363 364 364 366 366 367 367 367 368 368 369 369 402 402 404 404 405 405 406 406 407 407 407 408 408 409 409 410 410 411 411 411 412 412 413 413 414 414 415 415 415 416 416 417 417 418 418 418 419 418 419 419 419 420 420
336 337 338 338 340 340 341 342 343 343 344 345 346 346 348 348 349 349 351 351 352 352 353 354 355 355 356 356 358 358 359 359 360 360 361 362 362 363 363 364 364 366 366 367 367 368 368 369 369 370 370 404 404 404 405 405 406 406 407 407 408 408 409 409 409 410 410 411 411 412 412 413 413 413 414 414 415 415 416 416 417 417 417 418 418 419 419 419 420 420 420 420 420 421
338 338 339 340 341 341 343 343 344 344 346 346 347 347 349 349 350 350 352 352 352 353 354 355 355 356 356 358 358 359 359 360 360 362 362 363 363 364 364 365 366 367 367 368 368 368 369 369 370 370 404 404 405 405 406 406 407 407 407 408 408 409 409 410 410 411 411 412 412 412 413 413 414 414 415 415 415 416 416 417 417 418 418 418 419 419 420 420 421 421 421 421 421 422
338 339 340 341 341 343 343 344 344 346 346 347 347 349 349 350 350 352 352 353 353 354 355 356 356 357 357 359 359 360 360 361 361 363 363 363 364 364 365 365 367 367 368 368 369 369 370 370 371 372 405 405 405 406 406 407 407 408 408 409 409 410 410 410 411 411 412 412 413 413 414 414 414 415 415 416 416 417 417 417 418 418 419 419 420 420 420 421 421 422 422 422 422 422
339 340 341 342 342 344 344 345 346 347 347 348 349 350 350 351 352 353 353 354 354 356 356 356 357 357 359 359 360 360 361 361 363 363 364 364 365 365 366 367 368 368 369 369 369 370 370 371 371 405 405 406 406 407 407 408 408 408 409 409 410 410 411 411 412 412 412 413 413 414 414 415 415 416 416 416 417 417 418 418 419 419 419 420 420 421 421 421 422 422 423 423 422 423
340 342 342 342 344 344 345 345 347 347 348 348 350 350 351 351 353 353 354 354 355 356 357 357 358 358 360 360 361 361 362 362 364 364 365 365 365 366 366 368 368 369 369 370 370 371 371 372 372 406 406 406 407 407 408 408 409 409 410 410 411 411 411 412 412 413 413 414 414 414 415 415 416 416 417 417 417 418 418 419 419 420 420 420 421 421 422 422 422 423 423 424 423 423
342 342 343 343 345 345 346 347 348 348 349 350 351 351 352 353 354 354 355 355 357 357 358 358 358 360 360 361 361 362 362 364 364 365 365 366 366 367 367 369 369 370 370 370 371 371 372 372 405 406 407 407 408 408 409 409 409 410 410 411 411 412 412 413 413 413 414 414 415 415 416 416 416 417 417 418 418 419 419 419 420 420 421 421 421 422 422 423 423 423 424 424 424 424
343 343 344 345 346 346 347 348 349 349 349 351 351 352 352 354 354 355 355 356 357 358 358 359 359 361 361 362 362 363 363 365 365 366 366 366 367 367 368 369 370 370 371 371 372 372 373 373 406 407 407 408 408 409 409 410 410 411 411 411 412 412 413 413 414 414 415 415 415 416 416 417 417 418 418 418 419 419 420 420 420 421 421 422 422 423 423 423 424 424 424 425 424 425
343 344 344 346 346 347 347 349 349 350 350 352 352 353 353 355 355 356 356 357 358 359 359 360 360 361 362 362 363 363 364 365 366 366 367 367 368 368 369 370 371 371 371 372 372 373 373 406 406 408 408 409 409 409 410 410 411 411 412 412 413 413 413 414 414 415 415 416 416 417 417 417 418 418 419 419 419 420 420 421 421 422 422 422 423 423 424 424 424 425 425 426 425 425
344 345 345 347 347 348 349 350 350 351 351 353 353 353 354 355 356 356 357 357 359 359 360 360 361 362 363 363 364 364 365 365 367 367 367 368 368 369 369 371 371 372 372 373 373 374 406 406 407 407 409 409 410 410 411 411 412 412 412 413 413 414 414 415 415 415 416 416 417 417 418 418 418 419 419 420 420 421 421 421 422 422 423 423 423 424 424 425 425 425 426 426 426 426
345 345 346 347 348 348 350 350 351 351 353 353 354 354 355 356 357 357 358 358 360 360 361 361 362 363 363 364 364 365 365 366 367 368 368 369 369 370 370 371 372 372 373 373 374 374 407 407 408 408 409 410 410 411 411 412 412 413 413 414 414 414 415 415 416 416 417 417 417 418 418 419 419 420 420 420 421 421 422 422 422 423 423 424 424 424 425 425 426 426 426 426 426 427
