testData/tiles/oneDegreeCosts/grid34.0-48.0-35.0-49.0.asc
ncols   200
nrows   200
xllcorner   34.0
yllcorner   48.0
cellsize   0.005
NODATA_value   -9999.0
[rows 84 to 125 of 200, columns 94 to 187 of 200]
181 181 167 167 167 167 167 167 167 168 168 169 169 170 170 171 171 172 172 173 173 174 174 175 175 176 176 177 177 178 178 179 179 179 180 180 181 181 182 182 183 183 184 184 185 185 186 186 187 187 188 188 189 189 190 190 191 191 192 192 193 193 194 194 194 195 195 196 196 197 197 198 198 199 199 200 200 201 201 202 202 202 202 203 203 203 204 204 205 205 206 206 207 207
181 181 167 167 167 167 167 167 167 168 168 169 169 170 170 171 171 172 172 173 173 174 174 175 175 176 176 177 177 178 178 179 179 180 180 181 181 182 182 183 183 183 184 184 185 185 186 186 187 187 188 188 189 189 190 190 191 191 192 192 193 193 194 194 195 195 196 196 197 197 197 198 198 199 199 200 200 200 200 201 201 202 202 203 203 204 204 205 205 206 206 206 207 207
180 180 180 167 167 167 167 167 167 168 168 169 169 170 170 171 171 172 172 173 173 174 174 175 175 176 176 177 177 178 178 179 179 180 180 181 181 182 182 183 183 184 184 185 185 186 186 186 187 187 188 188 189 189 190 190 191 191 192 192 193 193 194 194 195 195 196 196 197 197 198 198 199 199 199 199 199 200 200 201 201 202 202 203 203 204 204 205 205 206 206 207 207 208
180 180 180 167 167 167 167 167 168 168 169 169 170 170 171 171 171 172 172 173 173 174 174 175 175 176 176 177 177 178 178 179 179 180 180 181 181 182 182 183 183 184 184 185 185 186 186 187 187 188 188 189 189 189 190 190 191 191 192 192 193 193 194 194 195 195 196 196 197 197 197 197 199 199 200 200 201 201 202 202 203 203 203 203 203 204 204 205 205 206 206 207 207 208
180 180 180 167 167 167 167 167 167 167 168 168 170 170 171 171 172 172 173 173 174 174 175 175 175 176 176 177 177 178 178 179 179 180 180 181 181 182 182 183 183 184 184 185 185 186 186 187 187 188 188 189 189 190 190 191 191 192 192 193 193 194 195 195 196 195 196 196 197 197 198 198 199 199 200 200 201 201 202 202 203 203 204 204 205 205 206 206 206 207 207 208 208 209
180 180 180 180 167 167 167 167 167 167 168 168 169 169 170 170 171 171 173 173 174 174 175 175 176 176 177 177 178 178 178 179 179 180 180 181 181 182 182 183 183 184 184 185 185 186 186 187 187 188 188 189 189 190 190 192 192 193 193 193 193 194 194 195 195 196 196 196 197 197 198 198 199 199 200 200 201 201 202 202 203 203 204 204 205 205 206 206 207 207 208 208 209 209
180 180 180 180 167 167 167 167 167 167 168 168 169 169 170 170 171 171 172 172 173 173 174 174 175 175 176 177 178 178 179 179 180 180 181 181 182 182 182 183 183 184 184 185 185 186 186 187 187 188 188 189 189 190 190 191 191 192 192 193 193 194 194 195 195 196 196 197 197 198 198 199 199 199 200 200 201 201 202 202 203 203 204 204 205 205 206 206 207 207 208 208 209 209
180 180 180 180 167 167 167 167 167 167 168 168 169 169 170 170 171 171 172 172 173 173 174 174 175 175 176 176 177 177 178 178 179 179 180 180 181 181 182 182 183 183 184 184 184 185 185 187 187 188 188 189 189 190 190 191 191 192 192 193 193 194 194 195 195 196 196 197 197 198 198 199 199 200 200 201 201 202 202 203 203 203 204 204 205 205 206 206 207 207 208 208 209 209
180 180 180 180 181 167 167 167 167 167 168 168 169 169 170 170 171 171 172 172 173 173 174 174 175 175 176 176 177 177 178 178 179 179 180 180 181 181 182 182 183 183 184 184 186 186 187 187 188 188 189 189 189 190 190 191 191 192 192 193 193 194 194 195 195 196 196 197 197 198 198 199 199 200 200 201 201 202 202 203 203 204 204 205 205 206 206 206 207 207 208 208 209 209
180 180 180 181 181 167 167 167 167 168 168 168 169 169 170 170 171 171 172 172 173 173 174 174 175 175 176 176 177 177 178 178 179 179 180 180 181 181 182 182 184 184 185 185 186 186 187 187 188 188 189 189 190 190 191 191 192 192 193 193 193 194 194 195 195 196 196 197 197 198 198 199 199 200 200 201 201 202 202 203 203 204 204 205 205 206 206 207 207 208 208 209 209 209
180 180 180 181 181 167 167 167 167 168 168 169 169 170 170 171 171 171 172 172 173 173 174 174 175 175 176 176 177 177 178 178 179 179 180 180 181 181 183 183 184 184 185 185 186 186 187 187 188 188 189 189 190 190 191 191 192 192 193 193 194 194 195 195 196 196 196 197 197 198 198 199 199 200 200 201 201 202 202 203 203 204 204 205 205 206 206 207 207 208 208 209 209 210
180 180 180 181 181 167 167 167 167 168 168 169 169 170 170 171 171 172 172 173 173 174 174 175 175 175 176 176 177 177 178 178 179 179 180 181 182 182 183 183 184 184 185 185 186 186 187 187 188 188 189 189 190 190 191 191 192 192 193 193 194 194 195 195 196 196 197 198 199 199 200 200 201 201 201 202 202 203 203 204 204 205 205 206 206 207 207 208 207 208 208 209 209 210
180 180 180 181 181 182 167 167 167 168 168 169 169 170 170 171 171 172 172 173 173 174 174 175 175 176 176 177 177 178 178 179 180 180 181 181 182 182 183 183 184 184 185 185 186 186 187 187 188 188 189 189 190 190 191 191 192 192 193 193 195 195 196 196 197 197 198 198 199 199 200 200 201 201 202 202 203 203 204 204 204 205 205 206 206 207 207 208 208 209 209 210 210 211
180 180 180 181 181 182 167 167 167 168 168 169 169 170 170 171 171 172 172 173 173 174 174 175 175 176 176 177 177 178 179 180 180 181 181 182 182 183 183 184 184 184 185 185 186 186 187 187 188 188 189 189 190 190 192 192 193 193 194 194 195 195 196 196 197 197 198 198 199 199 200 200 201 201 202 202 203 203 204 204 205 205 206 206 207 207 208 208 208 209 209 210 210 211
180 180 180 181 181 182 167 167 167 168 168 169 169 170 170 171 171 172 172 173 173 174 174 175 175 176 176 177 178 179 179 180 180 181 181 182 182 183 183 184 184 185 185 186 186 187 187 187 188 188 190 190 191 191 192 192 193 193 194 194 195 195 196 196 197 197 198 198 199 199 200 200 201 201 202 202 203 203 204 204 205 205 206 206 207 207 208 208 209 209 210 210 211 211
180 180 180 181 181 182 182 167 167 168 168 169 169 170 170 171 171 172 172 173 173 174 174 175 175 176 177 178 178 179 179 180 180 181 181 182 182 183 183 184 184 185 185 186 186 187 187 189 189 190 190 191 191 192 192 192 193 193 194 194 195 195 196 196 197 197 198 198 199 199 200 200 201 201 202 202 203 203 204 204 205 205 206 206 207 207 208 208 209 209 210 210 211 211
180 180 180 181 181 182 182 167 167 168 168 169 169 170 170 171 171 172 172 173 173 174 174 175 176 177 177 178 178 179 179 180 180 181 181 182 182 183 183 184 184 185 185 187 187 188 188 189 189 190 190 191 191 192 192 193 193 194 194 195 195 196 196 196 197 197 198 198 199 199 200 200 201 201 202 202 203 203 204 204 205 205 206 206 207 207 208 208 209 209 210 210 211 211
180 180 180 181 181 182 182 167 167 168 168 169 169 170 170 171 171 172 172 173 173 174 175 176 176 177 177 178 178 179 179 180 180 181 181 182 182 183 183 184 185 186 186 187 187 188 188 189 189 190 190 191 191 192 192 193 193 194 194 195 195 196 196 197 197 198 198 199 199 200 200 200 201 201 202 202 203 203 204 204 205 205 206 206 207 207 208 208 209 209 210 210 211 211
180 180 181 181 182 182 183 167 167 168 168 169 169 170 170 171 171 172 172 173 174 175 175 176 176 177 177 178 178 179 179 180 180 181 181 182 182 183 184 185 185 186 186 187 187 188 188 189 189 190 190 191 191 192 192 193 193 194 194 195 195 196 196 197 197 198 198 199 199 200 200 201 201 202 202 203 203 203 204 204 205 205 206 206 207 207 208 208 209 209 210 210 211 211
180 180 181 181 182 182 183 183 168 168 169 169 170 170 170 171 171 172 173 174 174 175 175 176 176 177 177 178 178 179 179 180 180 181 181 183 183 184 184 185 185 186 186 187 187 188 188 189 189 190 190 191 191 192 192 193 193 194 194 195 195 196 196 197 197 198 198 199 199 201 201 202 202 203 203 204 204 205 205 206 206 207 207 208 208 208 208 208 209 209 210 210 211 211
180 180 181 181 182 182 183 183 168 168 169 169 170 170 171 171 172 173 174 174 175 175 175 176 176 177 177 178 178 179 179 180 180 182 182 183 183 184 184 185 185 186 186 187 187 188 188 189 189 190 190 191 191 192 192 193 193 194 194 195 195 197 197 198 198 199 199 200 200 201 201 202 202 203 203 204 204 205 205 206 206 207 207 208 208 209 209 210 210 211 211 212 212 212
180 180 181 181 182 182 183 183 168 168 169 169 170 170 171 172 173 173 174 174 175 175 176 176 177 177 178 178 178 179 179 181 181 182 182 183 183 184 184 185 185 186 186 187 187 188 188 189 189 190 190 191 191 192 192 193 194 195 195 196 196 197 197 198 198 199 199 200 200 201 201 202 202 203 203 204 204 205 205 206 206 207 207 208 208 209 209 210 210 211 211 211 211 212
180 180 181 181 182 182 183 183 184 168 169 169 170 171 172 172 173 173 174 174 175 175 176 176 177 177 178 178 180 180 181 181 182 182 182 183 183 184 184 185 185 186 186 187 187 188 188 189 189 190 190 192 192 193 193 194 194 195 195 196 196 197 197 198 198 199 199 200 200 201 201 202 202 203 203 204 204 205 205 206 206 207 207 208 208 209 209 210 209 210 210 211 211 212
180 180 181 181 182 182 183 183 184 168 169 169 171 171 172 172 173 173 174 174 175 175 176 176 177 177 179 179 180 180 181 181 182 182 183 183 184 184 185 185 185 186 186 187 187 188 188 189 190 191 191 192 192 193 193 194 194 195 195 196 196 197 197 198 198 199 199 200 200 201 201 202 202 203 203 204 204 205 205 206 206 207 207 208 208 208 208 209 209 210 210 211 211 216
180 180 181 181 182 182 183 183 184 168 170 170 171 171 172 172 173 173 174 174 175 175 176 176 177 178 179 179 180 180 181 181 182 182 183 183 184 184 185 185 186 186 187 187 188 189 189 190 190 191 191 192 192 193 193 194 194 195 195 196 196 197 197 198 198 199 199 200 200 201 201 202 202 203 203 204 204 205 205 206 206 206 206 207 207 208 208 209 209 210 210 211 215 216
180 180 181 181 182 182 183 183 184 169 170 170 171 171 172 172 173 173 174 174 175 175 176 177 178 178 179 179 180 180 181 181 182 182 183 183 184 184 185 185 186 186 188 188 189 189 190 190 191 191 192 192 192 193 193 194 194 195 195 196 196 197 197 198 198 199 199 200 200 201 201 202 202 203 203 204 204 205 204 205 205 206 206 207 207 208 208 209 209 210 210 211 215 216
179 179 180 180 182 182 183 184 185 185 170 170 171 171 172 172 173 173 174 174 175 176 177 177 178 178 179 179 180 180 181 181 182 182 183 183 184 184 185 186 187 187 188 188 189 189 190 190 191 191 192 192 193 193 194 194 195 195 195 196 196 197 197 198 198 199 199 200 200 201 201 202 202 202 202 203 203 204 204 205 205 206 206 207 207 208 208 209 209 210 210 215 215 216
179 179 180 180 181 181 183 183 184 185 170 170 171 171 172 172 173 173 174 175 176 176 177 177 178 178 179 179 180 180 181 181 182 182 183 183 184 185 186 186 187 187 188 188 189 189 190 190 191 191 192 192 193 193 194 194 195 195 196 196 197 197 198 198 198 199 199 200 200 200 200 201 201 202 202 203 203 204 204 205 205 206 206 207 207 208 208 209 209 210 210 215 215 216
179 179 180 180 181 182 183 183 184 184 170 170 170 170 171 172 173 173 175 175 176 176 177 177 178 178 179 179 180 180 181 181 182 182 184 184 185 185 186 186 187 187 188 188 189 189 190 190 191 191 192 192 193 193 194 194 195 195 196 196 197 197 197 197 198 198 200 200 200 201 201 202 202 203 203 204 204 205 205 206 206 207 207 208 208 209 209 210 210 210 214 215 215 216
179 179 180 181 182 182 183 183 184 184 170 170 170 170 171 171 173 173 174 174 175 175 176 177 178 178 179 179 180 180 181 181 183 183 184 184 185 185 186 186 187 187 188 188 189 189 190 190 191 191 192 192 193 193 193 193 194 194 195 195 197 197 198 198 199 199 200 200 201 201 202 202 202 203 203 204 204 205 205 206 206 207 207 208 208 209 209 210 210 215 215 216 216 217
179 179 181 181 182 182 183 183 184 184 185 170 170 170 172 172 173 173 174 174 175 175 176 176 177 177 178 178 179 179 181 181 182 182 183 183 184 184 185 185 186 186 187 187 188 188 189 189 190 190 191 191 192 192 193 194 195 195 196 196 197 197 198 198 199 199 200 200 201 201 202 202 203 203 204 204 204 205 205 206 206 207 207 208 208 209 209 210 210 215 215 216 216 217
179 180 181 181 182 182 183 183 184 184 185 170 170 171 172 172 173 173 174 174 175 175 176 176 177 177 178 178 180 180 181 181 182 182 183 183 184 184 185 185 186 186 187 187 188 188 189 189 190 190 191 192 193 193 194 194 195 195 196 196 197 197 198 198 199 199 200 200 201 201 202 202 203 203 204 204 205 205 206 206 206 207 207 208 208 209 209 210 214 215 215 216 216 217
180 180 181 181 182 182 183 183 184 184 185 170 171 171 172 172 173 173 174 174 175 175 176 176 177 177 179 179 180 180 181 181 182 182 183 183 184 184 185 185 186 186 187 187 188 188 189 189 191 191 192 192 193 193 194 194 195 195 196 196 197 197 198 198 199 199 200 200 201 201 202 202 203 203 204 204 205 205 206 206 207 207 207 208 208 209 209 210 214 215 215 216 216 217
180 180 181 181 182 182 183 183 184 184 186 170 171 171 172 172 173 173 174 174 175 175 176 176 178 178 179 179 180 180 181 181 182 182 183 183 184 184 185 185 186 186 187 187 188 189 190 190 191 191 192 192 193 193 194 194 195 195 196 196 197 197 198 198 199 199 200 200 201 201 202 202 203 203 204 204 205 205 206 206 207 207 208 208 208 209 209 214 214 215 215 216 216 217
180 180 181 181 182 182 183 183 184 185 186 186 171 171 172 172 173 173 174 174 175 175 176 177 178 178 179 179 180 180 181 181 182 182 183 183 184 184 185 185 186 186 188 188 189 189 190 190 191 191 192 192 193 193 194 194 195 195 196 196 197 197 198 198 199 199 200 200 201 201 202 202 203 203 204 204 205 205 206 206 207 207 208 208 208 209 209 214 214 215 215 216 216 217
180 180 181 181 182 182 183 184 185 185 186 186 171 171 172 172 173 173 174 174 175 176 177 177 178 178 179 179 180 180 181 181 182 182 183 183 184 184 185 186 187 187 188 188 189 189 190 190 191 191 192 192 193 193 194 194 195 195 196 196 197 197 198 198 199 199 200 200 201 201 202 202 203 203 204 204 205 205 206 206 207 207 208 208 208 209 213 214 214 215 215 216 216 217
180 180 181 181 182 182 184 184 185 185 186 186 171 171 172 172 173 173 174 175 176 176 177 177 178 178 179 179 180 180 181 181 182 182 183 183 184 185 186 186 187 187 188 188 189 189 190 190 191 191 192 192 193 193 194 194 195 195 196 196 197 197 198 198 199 199 200 200 201 201 202 202 203 203 204 204 205 205 206 206 207 207 207 208 208 209 213 214 214 215 215 216 216 217
180 180 181 181 182 183 184 184 185 185 186 186 171 171 172 172 173 173 175 175 176 176 177 177 178 178 179 179 180 180 181 181 182 182 183 184 185 185 186 186 187 187 188 188 189 189 190 190 191 191 192 192 193 193 194 194 195 195 196 196 197 197 198 198 199 199 200 200 201 201 203 203 204 204 205 205 206 206 207 207 207 208 208 209 209 213 213 214 214 215 215 216 216 217
180 180 181 182 183 183 184 184 185 185 186 186 187 171 172 172 174 174 175 175 176 176 177 177 178 178 179 179 180 180 181 181 182 183 184 184 185 185 186 186 187 187 188 188 189 189 190 190 191 191 192 192 193 193 194 194 195 195 196 196 197 197 199 199 200 200 201 201 202 202 203 203 204 204 205 205 205 206 206 207 207 208 208 209 213 214 214 215 215 216 216 217 217 217
180 180 182 182 183 183 184 184 185 185 186 186 187 171 172 173 174 174 175 175 176 176 177 177 178 178 179 179 180 180 181 182 183 183 184 184 185 185 186 186 187 187 188 188 189 189 190 190 191 191 192 192 193 193 194 194 195 196 197 197 198 198 199 199 200 200 201 201 202 202 203 203 203 204 204 205 205 206 206 207 207 208 208 209 213 214 214 215 215 216 216 217 217 218
180 181 182 182 183 183 184 184 185 185 186 186 187 172 173 173 174 174 175 175 176 176 177 177 178 178 179 179 180 181 182 182 183 183 184 184 185 185 186 186 187 187 188 188 189 189 190 190 191 191 192 192 193 194 195 195 196 196 197 197 198 198 199 199 200 200 201 201 201 202 202 203 203 204 204 205 205 206 206 207 207 208 208 213 213 214 214 215 215 216 216 217 217 218
181 181 182 182 183 183 184 184 185 185 186 186 188 172 173 173 174 174 175 175 176 176 177 177 178 178 179 180 181 181 182 182 183 183 184 184 185 185 186 186 187 187 188 188 189 189 190 190 191 191 193 193 194 194 195 195 196 196 197 197 198 198 199 199 199 200 200 201 201 202 202 203 203 204 204 205 205 206 206 207 207 208 208 213 213 214 214 215 215 216 216 217 217 218
