testData/tiles/oneDegreeCosts/grid36.0-21.0-37.0-22.0.asc
ncols   200
nrows   200
xllcorner   36.0
yllcorner   21.0
cellsize   0.005
NODATA_value   -9999.0
[rows 84 to 125 of 200, columns 0 to 93 of 200]
623 623 622 620 618 618 617 617 615 615 614 612 610 610 608 606 606 604 603 602 600 598 597 596 495 494 493 489 489 487 485 482 482 479 477 475 472 469 467 465 462 459 457 456 447 447 445 445 416 414 414 413 411 411 409 408 406 406 335 333 332 329 328 323 323 323 323 323 323 323 323 323 323 323 323 323 323 323 323 323 323 323 323 323 323 323 323 323 323 323 323 323 323 323
627 625 625 623 622 622 620 619 619 617 616 615 615 612 611 610 609 607 606 606 602 601 601 500 499 498 495 493 493 489 488 486 485 482 481 478 475 474 472 469 466 456 453 452 452 451 450 450 448 419 419 417 417 416 414 414 412 411 340 340 338 337 335 334 323 323 323 323 323 323 323 323 323 323 323 323 323 323 323 323 323 323 323 323 323 323 323 323 323 323 323 323 323 323
630 628 627 626 626 624 623 623 621 620 619 619 616 616 614 613 611 610 610 607 607 605 505 504 503 501 499 497 496 494 492 490 488 486 484 481 479 478 467 465 462 459 456 456 455 454 454 453 452 424 422 422 422 420 419 418 417 417 345 345 343 342 341 341 339 338 323 323 323 323 323 323 323 323 323 323 323 323 323 323 323 323 323 323 323 323 323 323 323 323 323 323 323 323
632 631 629 630 628 628 626 624 623 623 622 620 619 619 617 615 614 613 611 611 512 510 508 507 506 503 502 501 498 497 495 493 491 491 487 477 475 473 471 468 465 463 460 459 460 459 458 457 457 456 427 427 425 424 423 422 422 420 350 350 348 347 347 346 345 344 343 323 323 323 323 323 323 323 323 323 323 323 323 323 323 323 323 323 323 323 323 323 323 323 323 323 323 323
634 633 634 632 631 630 627 627 626 626 624 623 623 621 620 619 617 615 615 516 513 513 511 510 508 506 505 503 502 500 497 497 486 484 482 480 478 476 473 471 469 466 463 463 463 462 462 460 460 459 458 430 429 428 427 427 426 424 355 353 353 353 351 351 349 349 349 347 323 323 323 323 323 323 323 323 323 323 323 323 323 323 323 323 323 323 323 323 323 323 323 323 323 323
637 636 636 635 633 632 631 630 628 627 627 626 624 623 623 621 620 618 519 517 517 516 513 512 511 509 507 507 504 494 493 491 488 488 485 482 481 479 476 474 470 469 467 465 465 465 464 464 464 462 462 433 432 432 431 430 429 429 359 358 356 356 356 355 354 354 353 352 351 350 323 323 323 323 323 323 323 323 323 323 323 323 323 323 323 323 323 323 323 323 323 323 323 323
641 638 638 637 636 635 633 632 630 630 629 627 627 626 625 623 525 522 521 520 520 518 516 515 513 512 502 501 498 497 495 493 492 490 487 487 484 481 479 477 474 472 468 469 469 467 467 467 465 466 466 464 436 435 434 434 432 432 362 361 361 361 359 359 358 358 358 356 356 356 354 323 323 323 323 323 323 323 323 323 323 323 323 323 323 323 323 323 323 323 323 323 323 323
641 642 641 639 638 636 635 635 634 632 630 630 629 627 626 528 527 524 524 522 521 520 510 509 507 507 504 503 501 500 498 496 494 492 490 489 486 484 482 479 477 475 472 472 470 470 471 469 469 469 467 467 467 438 438 436 436 436 365 365 365 364 364 362 362 362 361 361 359 359 359 358 323 323 323 323 323 323 323 323 323 323 323 323 323 323 323 323 323 323 323 323 323 323
664 645 642 641 640 639 638 636 636 633 633 633 630 532 531 530 528 528 525 516 515 514 513 511 510 509 506 506 503 501 501 498 497 495 492 491 489 486 484 482 480 478 476 474 473 474 473 472 471 471 471 470 469 441 440 439 439 437 369 368 368 368 366 366 366 365 365 364 364 364 362 362 361 323 323 323 323 323 323 323 323 323 323 323 323 323 323 323 323 323 323 323 323 323
666 665 645 643 642 641 640 638 637 637 635 535 535 534 532 523 523 522 519 519 517 517 515 513 512 511 509 507 506 504 503 500 500 497 494 494 491 488 487 485 482 481 478 476 476 476 475 474 475 474 473 472 472 472 443 442 442 441 371 371 371 370 370 369 369 369 368 368 367 367 366 365 365 364 363 323 323 323 323 323 323 323 323 323 323 323 323 323 323 323 323 323 323 323
669 668 667 645 643 643 642 641 639 639 539 538 529 527 526 526 525 523 522 520 519 518 517 515 514 512 511 509 508 506 505 502 501 499 496 496 493 490 489 487 484 483 480 478 479 478 477 477 477 476 476 475 475 474 473 445 444 443 374 375 374 374 373 373 373 372 372 371 371 370 369 369 368 368 368 366 323 323 323 323 323 323 323 323 323 323 323 323 323 323 323 323 323 323
671 669 668 667 667 645 643 643 534 534 534 532 530 529 529 527 526 526 523 522 521 520 519 517 515 515 512 511 510 508 506 505 504 500 499 498 495 493 491 489 487 485 482 481 481 480 480 479 479 479 477 477 478 476 476 447 446 447 377 377 377 376 376 376 375 375 374 374 373 373 373 372 372 371 370 370 369 323 323 323 323 323 323 323 323 323 323 323 323 323 323 323 323 323
673 671 670 670 659 659 540 538 538 535 535 534 532 532 529 529 529 527 525 524 523 521 521 518 518 516 514 513 512 509 509 507 505 503 502 499 497 496 493 492 490 486 485 484 482 483 481 481 482 480 480 480 479 479 479 477 449 449 380 380 379 379 378 378 378 377 378 377 377 377 376 375 374 374 373 373 373 372 323 323 323 323 323 323 323 323 323 323 323 323 323 323 323 323
666 666 664 662 564 563 561 540 539 538 536 536 535 532 532 531 529 529 528 526 524 524 522 521 519 518 516 515 513 512 511 508 507 506 502 502 500 496 496 494 491 489 486 485 485 484 484 484 482 483 483 481 481 481 480 480 479 452 383 382 382 381 381 381 381 381 380 380 379 379 379 378 378 377 377 377 375 375 374 323 323 323 323 323 323 323 323 323 323 323 323 323 323 323
667 667 567 567 566 563 563 562 540 540 538 536 536 536 534 532 531 531 529 527 527 525 525 522 521 520 518 516 516 513 512 510 510 506 505 504 500 499 497 495 493 491 488 487 487 486 486 486 485 484 484 484 483 482 483 482 482 453 385 385 384 384 383 383 384 383 383 382 382 382 381 381 380 380 379 379 379 378 378 376 323 323 323 323 323 323 323 323 323 323 323 323 323 323
572 570 570 568 566 566 565 564 562 541 540 539 538 536 534 534 534 531 531 529 528 526 526 524 523 522 519 519 517 515 514 512 510 509 506 504 503 500 499 497 495 492 490 489 488 489 488 487 487 487 486 486 486 485 484 485 484 484 387 387 387 386 386 386 385 386 385 385 384 384 384 383 383 382 382 381 381 381 380 380 379 323 323 323 323 323 323 323 323 323 323 323 323 323
572 571 571 569 569 568 565 565 565 562 542 541 538 538 538 535 534 533 531 531 529 528 527 526 523 523 521 519 518 517 515 513 512 510 507 507 504 502 501 499 496 494 492 490 490 490 489 489 489 488 488 488 486 487 487 486 487 486 417 389 388 389 388 388 388 387 388 387 387 387 386 386 385 385 384 384 383 383 383 382 382 381 323 323 323 323 323 323 323 323 323 323 323 323
574 574 572 572 570 569 568 567 566 564 563 542 541 540 538 537 536 534 532 532 530 530 528 526 525 525 522 521 521 517 517 515 514 511 510 508 506 504 501 500 497 496 493 492 492 491 491 491 490 490 490 489 489 489 489 489 488 488 420 391 391 390 391 391 390 390 389 389 389 389 389 388 388 387 387 386 386 385 385 385 384 384 383 323 323 323 323 323 323 323 323 323 323 323
576 574 574 573 571 571 570 567 567 567 564 564 542 540 540 539 538 536 534 533 532 531 530 528 528 525 524 523 521 519 519 516 515 513 511 509 507 505 503 501 500 497 494 494 493 493 493 492 492 492 491 491 490 491 491 490 491 490 421 421 393 393 392 392 393 392 392 391 391 390 391 391 390 390 389 389 388 388 387 387 387 386 386 385 323 323 323 323 323 323 323 323 323 323
577 576 576 575 573 572 571 569 569 568 566 565 564 543 542 539 539 538 535 534 533 532 532 529 528 527 526 523 523 521 520 517 516 515 512 511 509 506 504 503 501 498 497 494 495 495 493 494 494 493 493 492 493 493 492 493 492 492 424 423 395 394 395 395 394 394 394 394 393 393 393 392 392 392 392 391 391 390 390 389 389 388 388 388 387 323 323 323 323 323 323 323 323 323
578 578 576 575 574 573 573 572 569 569 568 566 565 564 543 541 541 540 536 536 534 534 533 530 530 529 526 525 523 522 521 519 518 516 513 513 510 508 506 503 502 500 497 496 497 496 496 495 494 495 494 495 495 494 495 494 494 495 425 425 424 397 396 396 397 396 396 395 395 395 395 395 394 394 393 393 393 393 392 392 391 391 390 390 389 389 324 324 323 323 323 323 323 323
580 579 578 576 576 575 572 572 572 570 569 568 566 565 565 543 541 540 539 537 535 534 533 532 530 529 528 526 524 524 522 521 518 517 515 514 511 510 506 505 503 500 498 498 498 497 497 497 497 496 496 496 496 496 496 496 496 496 427 426 427 426 398 398 398 398 397 398 397 397 396 396 397 396 396 395 395 394 394 393 393 392 393 392 392 391 390 325 325 324 324 323 323 323
582 582 579 577 577 576 574 574 573 570 570 569 568 567 565 564 543 540 540 538 536 536 534 532 532 531 529 527 526 524 522 522 519 519 515 515 513 510 508 507 503 502 499 500 499 498 499 498 498 498 497 498 498 498 498 497 498 498 428 429 428 428 400 400 400 399 400 399 399 398 399 398 398 398 397 397 397 397 396 396 395 395 394 394 393 393 392 392 327 327 326 326 325 325
583 582 581 579 578 577 576 574 573 573 571 570 569 567 566 566 565 541 541 540 538 537 534 534 534 530 530 529 527 525 523 523 521 519 517 516 513 512 510 507 505 503 501 501 500 500 499 499 500 499 500 499 499 500 499 499 499 499 431 430 430 430 430 401 401 402 401 401 400 401 400 400 399 400 400 399 399 398 398 397 398 397 397 396 396 395 395 394 394 329 329 328 328 326
585 583 583 581 578 578 577 576 575 574 573 571 570 570 568 566 564 563 542 541 540 538 536 536 533 532 531 530 528 526 525 524 521 520 519 516 515 513 510 509 506 505 502 501 502 500 501 501 501 501 501 501 501 501 501 501 501 500 432 432 431 432 431 403 403 403 403 402 403 402 402 401 402 401 401 400 400 401 400 400 399 399 398 398 397 397 396 396 395 394 330 329 329 328
586 584 583 582 580 579 579 578 575 575 574 572 572 570 569 567 566 565 563 542 541 538 537 536 535 533 531 531 529 528 526 524 523 521 519 517 516 513 512 509 508 504 503 503 502 502 502 502 503 502 503 502 502 503 502 503 502 502 434 433 433 433 433 432 405 405 404 405 404 404 403 404 403 403 402 402 402 402 401 401 400 400 399 400 399 399 398 398 397 397 396 332 331 331
588 586 584 583 583 581 579 578 577 576 575 574 572 571 570 567 566 566 564 563 543 539 538 537 536 534 533 531 530 528 526 526 524 521 521 518 516 515 513 511 508 506 505 503 504 503 504 504 504 504 503 504 504 504 504 504 504 503 435 435 434 435 434 434 434 406 406 406 406 405 405 405 405 404 404 404 404 403 403 402 403 402 402 401 401 400 400 399 399 398 398 397 333 332
590 587 586 584 582 581 580 580 578 576 576 574 574 572 569 569 568 566 566 564 561 541 540 538 536 535 534 532 530 529 528 525 524 523 521 519 517 515 514 511 510 507 505 505 505 505 506 505 505 505 505 505 505 506 505 505 505 505 437 436 436 436 436 435 436 407 407 408 407 407 407 407 406 406 406 406 405 405 404 405 404 404 403 403 402 402 401 402 401 401 400 400 399 334
590 589 587 585 584 583 581 579 579 579 576 576 574 571 571 571 569 567 567 565 563 563 540 539 536 536 535 532 532 530 528 526 525 524 522 520 518 516 514 513 510 508 506 506 506 506 506 507 506 507 506 507 507 506 507 506 507 506 438 438 437 438 437 437 437 437 408 409 409 408 409 408 408 407 408 407 407 406 406 406 406 405 405 404 404 404 404 403 403 402 401 401 400 336
592 591 589 587 585 583 582 580 580 578 576 576 574 574 573 570 570 569 567 566 564 562 562 539 538 537 534 534 533 530 530 527 526 524 522 521 518 517 515 512 511 510 507 508 507 508 508 508 508 508 508 507 508 508 508 508 508 508 438 439 439 439 439 438 439 438 410 410 410 409 409 410 409 409 409 409 408 408 408 408 407 407 406 406 406 406 405 404 404 403 403 402 402 401
592 591 590 587 586 585 584 581 579 579 578 576 576 575 573 572 571 570 568 565 565 564 562 560 539 537 536 533 533 532 530 528 527 525 524 521 520 518 515 513 511 509 509 508 509 508 509 509 509 509 509 509 510 509 509 509 509 509 440 440 440 440 440 440 439 440 439 411 411 411 410 411 410 410 411 410 410 409 410 409 409 408 408 408 407 407 406 406 405 405 404 405 404 404
594 593 591 590 588 585 584 583 581 579 579 578 575 575 575 572 571 571 568 567 567 564 563 561 560 539 535 535 534 532 530 528 527 526 523 522 521 518 516 514 512 511 509 510 510 510 510 510 510 510 510 510 510 511 510 511 510 510 441 441 442 441 441 441 441 441 441 440 413 412 412 412 412 411 411 411 411 410 410 410 410 409 409 409 409 408 408 407 407 406 407 406 405 405
596 593 592 590 589 587 586 584 583 580 579 578 577 577 574 574 573 570 570 567 566 566 563 562 561 558 537 537 533 533 530 530 528 526 525 522 520 519 517 516 513 512 511 511 511 511 511 512 511 512 511 512 511 511 512 511 512 511 443 442 442 443 442 443 442 442 442 442 413 414 413 413 413 413 412 413 412 412 411 412 411 411 410 410 410 410 409 409 408 408 408 407 407 406
596 594 593 592 591 588 586 585 584 581 580 580 578 576 576 575 572 571 569 569 568 566 564 563 561 560 558 536 535 533 532 531 528 527 525 523 521 520 519 516 515 513 512 512 512 512 513 512 513 512 513 512 513 513 513 513 512 513 443 444 443 444 444 443 444 443 443 443 443 414 415 414 414 414 414 413 414 413 413 412 413 412 412 411 412 411 411 410 409 409 409 409 408 408
597 596 595 592 591 590 588 586 585 584 580 580 579 578 576 574 574 571 571 571 567 566 564 564 562 559 559 557 535 533 531 530 530 526 526 523 522 520 518 518 515 514 513 513 513 513 513 514 513 514 513 514 513 514 514 514 514 514 445 444 445 444 445 444 444 445 444 444 444 416 416 416 415 416 415 415 414 415 414 414 413 414 413 413 412 412 412 411 411 410 410 410 410 409
598 596 595 593 592 591 590 587 585 584 582 581 580 578 576 575 574 574 571 570 569 566 566 565 561 561 560 557 556 533 533 532 529 528 525 525 523 521 520 517 516 514 514 514 514 514 514 514 515 514 515 514 515 514 515 515 515 446 446 446 445 446 445 446 445 445 446 445 446 445 417 417 417 416 417 416 416 415 416 415 415 415 414 414 413 413 413 413 412 412 411 411 411 410
599 598 596 594 592 591 590 588 587 585 584 580 579 578 578 576 574 573 572 570 569 568 566 564 564 561 559 558 556 555 532 531 530 528 527 525 524 522 520 519 516 515 515 515 515 515 515 516 515 516 515 516 515 516 515 516 516 447 447 447 447 446 447 446 447 446 446 446 446 446 418 418 418 418 417 417 417 416 416 416 416 415 416 415 415 414 414 414 414 413 412 412 412 412
599 598 597 595 593 592 591 589 586 585 584 582 580 579 577 576 575 574 574 570 569 568 567 565 563 563 560 559 558 554 553 532 530 530 527 526 524 523 521 519 518 516 516 516 516 516 516 516 517 516 517 516 517 516 517 516 517 448 448 448 448 448 447 448 447 448 447 447 447 447 446 419 418 419 418 418 417 418 417 417 417 417 416 416 416 416 415 414 415 414 414 413 413 412
601 599 598 597 596 592 591 590 588 586 585 584 580 579 579 577 576 575 572 572 570 569 567 565 564 562 561 559 557 556 554 553 531 529 529 527 525 523 522 520 518 517 517 517 517 517 517 517 517 518 517 518 517 518 517 518 517 449 449 449 449 448 449 448 449 448 449 448 448 448 448 419 420 419 419 419 419 418 419 418 418 418 418 417 416 417 416 416 415 416 415 415 414 413
603 600 598 597 596 594 592 591 590 586 585 584 583 580 579 578 575 574 574 572 570 569 567 566 565 562 562 559 558 556 554 553 552 530 528 527 526 524 522 520 518 518 517 518 518 518 518 518 519 518 519 518 519 518 519 518 519 449 450 450 449 450 449 450 449 450 449 449 449 449 449 449 420 421 420 420 420 420 419 420 419 419 418 418 418 417 418 417 417 416 415 416 415 415
602 602 600 598 597 596 593 591 590 589 586 585 584 582 579 577 577 575 573 573 571 569 569 566 564 564 562 560 559 557 556 553 553 551 529 528 526 525 523 521 519 518 519 518 519 518 519 519 519 520 519 520 519 520 519 520 519 451 450 450 451 450 451 450 451 450 450 450 450 450 450 449 422 421 422 421 421 421 421 420 419 420 419 419 419 419 418 418 418 417 417 416 416 416
603 602 599 599 597 596 594 592 591 590 587 585 584 582 579 578 577 576 574 573 572 569 568 567 565 564 563 561 559 557 556 555 552 552 530 528 527 525 524 521 520 520 519 520 519 520 519 520 519 520 520 520 520 520 520 520 520 451 451 451 451 451 451 452 451 452 451 451 451 451 451 451 450 423 422 421 422 421 421 421 421 420 421 420 420 419 419 419 418 418 418 418 417 416
