testData/tiles/oneDegreeCosts/grid3.0-24.0-4.0-25.0.asc
ncols   200
nrows   200
xllcorner   3.0
yllcorner   24.0
cellsize   0.005
NODATA_value   -9999.0
[rows 126 to 167 of 200, columns 94 to 187 of 200]
534 533 533 533 532 533 532 532 532 532 532 532 532 532 532 532 532 532 532 530 530 531 530 530 531 530 530 530 530 530 530 529 529 529 528 528 528 528 528 528 527 526 526 526 526 526 525 525 525 524 524 522 522 522 522 522 522 522 522 521 520 520 520 520 520 520 519 518 518 518 518 517 517 517 516 515 515 515 515 514 514 513 512 512 512 512 511 511 510 509 509 509 508 508
533 533 533 532 532 533 532 532 532 532 532 532 532 532 532 532 532 532 532 531 532 531 530 531 531 530 531 531 530 530 531 530 529 529 528 529 529 528 528 528 528 528 526 526 526 525 525 525 524 524 524 522 522 522 522 522 522 522 522 522 521 521 521 520 520 520 520 520 518 518 518 518 518 517 517 516 516 515 515 515 514 514 513 512 512 512 512 511 510 510 509 509 509 508
533 533 532 532 533 532 532 533 532 532 532 532 532 532 532 532 532 532 532 532 532 531 531 531 531 531 531 530 530 531 530 530 530 529 529 529 528 528 529 528 528 528 527 526 526 526 526 526 525 525 525 524 523 523 523 523 523 523 522 522 522 521 521 521 521 520 520 520 519 519 518 518 518 518 517 517 516 516 515 515 515 514 513 513 512 512 512 511 511 510 509 509 509 508
533 532 532 532 533 532 533 533 532 533 532 532 532 532 532 532 532 532 532 532 532 532 532 531 531 531 531 530 531 531 530 530 531 530 529 529 529 529 528 528 528 528 528 528 526 526 526 525 525 525 524 524 524 523 523 523 523 523 523 523 523 521 521 521 521 521 521 520 520 519 519 518 518 518 518 517 516 516 516 515 515 515 514 513 513 512 512 512 511 510 510 509 509 509
533 532 532 533 532 532 533 532 533 533 532 532 532 532 532 532 532 532 532 532 532 532 532 532 531 531 531 531 531 531 531 531 530 530 531 529 529 529 528 529 529 528 528 528 527 526 526 526 526 526 525 525 525 525 524 524 523 523 523 523 523 523 522 522 521 521 521 521 521 520 519 519 519 518 518 518 517 516 516 516 515 515 515 514 513 513 512 512 512 511 510 510 509 509
532 532 533 532 532 533 532 532 533 533 532 533 532 532 532 532 532 532 532 532 532 532 532 532 532 531 531 531 531 531 531 530 530 531 530 530 529 529 529 529 528 528 528 528 528 528 526 526 526 525 525 525 525 525 524 524 524 524 524 524 523 523 523 522 522 522 521 521 521 521 519 519 519 519 518 518 518 517 516 516 516 515 515 515 513 513 513 512 512 511 511 510 509 509
532 532 532 532 532 533 532 533 533 532 533 533 532 532 532 532 532 532 532 532 532 532 532 532 532 532 531 531 531 531 531 530 531 531 530 530 531 529 529 529 528 529 529 528 528 528 526 526 526 525 525 525 525 525 525 524 524 524 524 524 524 524 523 522 522 522 522 521 521 521 521 519 519 519 519 518 518 518 516 516 516 515 515 515 514 513 513 512 512 512 511 510 510 509
532 533 532 532 533 532 532 533 532 532 533 533 533 533 532 532 532 532 532 532 532 532 532 532 532 532 532 531 531 531 531 531 531 531 531 531 530 529 529 529 529 529 528 528 528 528 528 527 526 526 526 526 526 526 526 526 525 525 524 524 524 524 524 524 522 522 522 522 522 521 521 521 519 519 519 519 518 518 518 516 516 516 515 515 515 513 513 513 512 512 512 511 510 509
533 532 532 532 532 532 533 532 532 533 533 533 533 533 533 532 532 532 532 532 532 532 532 532 532 532 532 532 531 532 531 531 531 531 531 531 530 531 530 529 529 529 529 529 529 528 528 527 526 526 526 526 526 526 526 526 526 525 525 525 525 524 524 524 524 523 522 522 522 522 521 521 520 520 519 519 519 518 518 517 516 516 516 515 515 515 513 513 513 512 512 511 510 510
533 533 532 532 532 532 533 532 533 533 532 533 533 533 533 533 532 532 532 533 532 532 533 532 532 533 532 532 532 531 531 531 531 531 531 531 531 531 530 529 530 529 529 529 528 528 528 528 528 527 527 527 527 527 527 527 526 525 525 525 525 525 525 524 524 523 523 522 522 522 522 521 521 520 519 519 519 519 518 518 517 516 516 516 515 515 514 513 513 512 512 512 511 510
533 533 532 532 532 533 532 532 533 532 532 533 533 533 533 533 533 533 532 532 532 532 532 532 532 532 532 532 532 531 531 531 531 531 531 531 531 531 531 531 529 529 529 529 529 529 528 528 528 527 527 527 527 527 527 527 527 527 526 526 525 525 525 525 525 524 523 523 523 522 522 522 521 521 520 519 519 519 518 518 518 516 516 516 515 515 515 513 513 513 512 512 511 510
533 532 533 533 533 532 532 532 532 532 533 533 533 533 533 533 533 533 533 532 532 532 532 532 532 532 532 533 532 532 532 531 531 532 531 531 531 531 531 531 530 530 530 529 529 529 528 528 528 529 528 528 528 528 527 527 527 527 527 526 526 526 525 525 525 525 524 523 523 523 522 522 522 521 520 520 519 519 519 518 518 517 516 516 516 515 515 514 513 513 512 512 512 511
533 532 533 533 533 533 532 532 532 532 533 532 533 533 532 533 533 533 533 533 533 532 532 533 532 532 533 532 532 533 532 531 532 531 531 531 531 531 531 531 531 531 529 529 529 529 529 529 529 529 529 528 528 528 528 528 528 528 527 526 526 526 526 525 525 525 525 523 523 523 523 522 522 522 521 520 520 519 519 519 518 518 517 516 516 515 515 515 513 513 513 512 512 511
532 532 533 532 533 533 533 532 532 533 532 532 533 532 532 533 533 533 533 533 533 532 532 532 532 533 532 532 533 532 532 533 531 531 531 532 531 531 532 531 531 531 529 530 530 529 529 529 529 529 529 529 528 528 528 528 528 528 528 528 526 526 526 526 526 525 525 525 523 523 523 523 522 522 522 520 520 520 519 519 518 518 517 516 516 516 515 515 514 513 513 512 512 512
532 533 532 532 533 533 533 533 532 532 532 533 533 532 533 533 533 533 533 533 533 532 532 532 532 533 532 532 533 532 532 533 532 531 532 531 531 532 531 531 531 531 531 530 529 529 529 530 530 530 530 530 529 529 529 529 528 528 528 528 528 527 526 526 526 526 525 525 525 523 523 523 522 522 522 521 520 520 519 519 519 518 518 517 516 516 515 515 515 513 513 513 512 512
532 532 532 532 533 532 533 533 532 532 532 533 532 532 533 532 533 533 533 533 533 533 532 532 533 532 532 533 532 532 533 532 532 533 531 531 532 531 531 531 531 531 531 530 530 530 530 530 530 530 530 530 530 529 529 529 529 529 529 528 528 527 527 526 526 526 526 525 525 524 523 523 523 522 522 522 521 520 520 519 519 518 518 517 516 516 516 515 515 514 513 513 512 512
532 532 532 533 532 532 533 532 533 533 532 532 532 533 532 532 533 533 533 533 533 533 533 532 532 532 533 532 532 533 532 532 533 533 532 532 532 531 532 532 531 531 532 531 531 530 530 530 531 531 531 531 531 531 530 529 529 529 529 529 529 528 527 527 527 526 526 526 525 525 524 523 523 523 522 522 522 520 520 519 519 519 518 518 517 516 516 515 515 515 513 513 512 512
532 532 532 532 532 533 533 532 533 533 533 532 532 532 532 533 533 532 533 533 533 533 533 533 532 532 533 532 532 533 532 533 533 532 533 532 532 532 532 531 531 532 531 531 531 531 531 531 531 531 531 531 531 531 530 530 530 530 529 529 529 529 528 527 527 527 526 526 526 525 524 524 523 523 522 522 522 521 520 520 519 519 518 518 517 516 516 516 515 515 514 513 513 512
532 532 532 532 532 533 532 532 533 532 533 533 532 532 532 533 532 532 533 532 533 533 533 533 533 533 532 532 533 532 532 533 532 532 533 532 532 532 531 531 532 532 531 531 532 532 531 531 531 531 531 531 531 531 531 530 530 530 530 529 529 529 529 527 527 527 526 526 526 525 525 524 523 523 523 522 522 522 520 520 519 519 519 518 518 516 516 516 515 515 514 513 513 512
532 532 532 532 532 532 532 533 532 532 533 533 533 532 532 532 532 533 532 532 533 533 533 533 533 533 532 532 532 532 533 532 532 533 533 532 533 532 531 532 532 532 532 532 532 532 532 532 532 532 532 532 532 532 532 532 530 530 530 530 530 529 529 529 527 527 527 526 526 526 525 525 524 523 523 522 522 522 521 520 520 519 519 518 518 517 516 516 515 515 515 514 513 512
532 532 532 532 532 532 532 532 532 532 533 532 533 533 532 532 532 533 532 532 533 532 533 533 533 533 533 533 532 532 533 532 533 533 532 533 533 532 532 532 532 532 532 532 532 533 533 532 532 532 532 532 532 532 532 532 531 531 530 530 530 530 529 529 529 527 527 527 526 526 526 525 524 523 523 523 522 522 521 520 520 519 519 518 518 518 516 516 515 515 515 514 513 512
532 532 532 531 532 532 531 532 532 533 532 532 533 532 533 532 532 532 532 533 532 532 533 532 533 533 533 533 532 533 532 532 533 532 532 533 533 533 532 532 532 532 532 532 533 533 533 533 533 533 533 533 533 533 533 532 532 531 531 530 530 530 530 529 529 528 527 527 526 526 526 525 525 524 523 523 522 522 522 521 520 519 519 519 518 518 517 516 516 515 515 514 514 513
532 532 531 531 532 531 531 532 532 532 532 532 532 532 533 533 532 532 532 532 532 533 533 532 533 533 533 533 532 532 532 533 532 532 533 533 533 533 533 532 532 532 532 533 533 533 534 534 534 533 533 533 533 533 533 533 533 532 531 531 530 530 530 529 529 529 527 527 527 526 526 526 525 524 523 523 523 522 522 521 520 520 519 519 518 518 518 516 516 515 515 514 514 513
532 531 532 531 531 531 531 532 531 532 532 533 532 532 533 532 533 532 532 532 532 533 532 532 533 532 533 533 532 532 532 533 532 532 533 532 533 533 533 533 532 532 533 533 533 534 534 534 534 533 534 534 534 533 533 533 533 533 531 531 531 530 530 530 529 529 528 527 527 526 526 526 525 525 523 523 523 522 522 521 521 520 519 519 518 518 518 517 516 515 515 515 514 514
531 531 532 531 531 531 532 531 531 532 532 532 532 532 532 532 533 533 532 532 532 532 532 533 532 532 533 533 533 533 532 532 532 533 532 532 533 532 533 533 533 533 533 533 534 534 534 534 535 535 534 534 534 534 534 533 533 533 533 531 531 531 530 530 530 529 529 527 527 527 526 526 525 525 524 523 523 522 522 522 521 520 519 519 518 518 518 517 516 515 515 515 514 514
531 532 531 531 532 531 531 531 531 532 531 532 532 532 532 532 533 532 533 532 532 532 532 533 532 532 533 532 533 533 532 532 532 532 532 532 533 532 533 533 533 533 533 534 534 534 535 535 535 535 535 534 534 534 534 534 534 533 533 532 531 531 530 530 530 529 529 527 527 527 526 526 525 525 525 523 523 522 522 522 521 521 519 519 519 518 518 517 516 515 515 515 514 514
531 531 531 531 532 531 531 531 531 531 531 532 531 532 532 532 532 532 533 532 532 532 532 532 532 533 532 532 533 532 533 533 532 532 532 533 532 532 533 533 534 534 533 534 534 534 535 535 535 536 536 535 535 535 534 534 534 533 533 533 531 531 531 530 530 529 529 529 527 527 526 526 526 525 525 523 523 523 522 522 521 521 519 519 519 518 518 517 517 516 515 515 514 514
530 531 531 531 531 531 532 531 531 531 531 531 531 532 532 531 532 532 532 532 532 532 532 532 532 532 532 532 533 532 533 533 532 532 532 532 532 533 533 533 534 534 535 534 534 535 535 535 536 536 536 536 535 535 535 534 534 534 533 533 533 531 531 530 530 530 529 529 527 527 526 526 526 525 525 524 523 523 522 522 521 521 520 519 519 518 518 517 517 516 515 515 514 514
530 531 531 530 531 531 532 531 531 531 531 531 531 532 531 531 532 531 532 532 533 532 532 532 531 532 532 532 532 532 533 532 533 532 532 532 532 533 533 533 534 534 535 534 534 535 535 536 536 536 537 537 537 535 535 535 534 534 533 533 533 531 531 530 530 530 529 529 528 527 527 526 526 525 525 524 523 523 522 522 521 521 521 519 519 518 518 517 517 517 515 515 514 514
530 531 530 530 531 531 531 531 532 531 531 531 531 531 531 531 532 531 532 532 532 532 532 532 531 532 532 531 532 532 532 532 533 533 532 532 532 533 533 533 534 534 535 535 535 535 535 536 536 537 537 537 537 536 535 535 534 534 534 533 533 532 531 530 530 530 529 529 528 527 527 526 526 525 525 524 524 523 522 522 521 521 521 520 519 518 518 517 517 517 515 515 514 514
530 530 530 530 530 530 531 531 531 531 531 531 530 531 531 531 531 531 532 531 532 532 532 531 531 532 531 531 532 531 532 532 533 532 532 532 532 533 533 533 534 534 535 535 536 535 535 536 536 537 537 538 537 537 535 535 534 534 534 533 533 532 531 530 530 530 529 529 528 528 527 526 526 525 525 524 524 523 522 522 521 521 521 520 519 518 518 517 517 517 516 515 514 514
529 530 530 529 530 530 531 530 531 531 531 530 530 531 531 530 531 531 531 531 532 532 531 532 531 531 531 531 532 531 532 532 532 532 532 532 532 533 533 533 534 534 535 535 536 535 535 536 536 537 537 537 537 537 535 535 534 534 534 533 533 532 532 530 530 530 529 529 528 528 527 526 526 525 525 524 524 524 522 522 521 521 521 520 520 518 518 517 517 517 516 515 514 514
529 530 529 529 530 530 530 530 531 531 530 531 530 531 530 530 531 530 531 531 532 531 531 532 531 531 531 531 531 531 532 531 532 532 532 533 532 533 533 533 534 534 535 535 535 536 535 536 536 536 537 537 537 536 536 535 534 534 533 533 533 532 532 530 530 530 529 529 528 528 528 526 526 525 525 524 524 524 522 522 521 521 521 520 520 518 518 517 517 517 516 516 514 514
529 529 529 529 530 529 530 530 530 530 530 531 530 530 530 530 530 530 531 531 530 531 531 531 531 531 531 530 531 531 531 531 531 532 532 533 532 533 533 533 534 534 535 535 535 536 535 535 536 536 536 536 536 536 536 534 534 534 533 533 533 532 532 531 530 530 529 529 528 528 527 526 526 525 525 524 524 524 523 522 521 521 520 520 520 519 518 517 517 517 516 516 514 514
528 529 529 529 529 529 530 530 529 530 530 531 530 530 530 530 530 530 531 530 530 531 530 531 531 532 530 530 531 530 531 531 531 532 532 533 533 533 533 533 534 534 534 535 535 535 536 535 535 536 536 536 536 536 535 535 534 533 533 533 532 532 532 531 530 529 529 529 528 528 527 527 526 525 525 524 524 524 523 522 521 521 520 520 520 519 518 517 517 517 516 516 514 514
528 529 529 528 529 529 530 529 529 530 529 530 530 530 530 530 530 530 530 530 530 531 530 531 531 530 531 530 531 530 530 531 531 532 532 532 533 533 533 533 533 534 534 535 535 535 536 536 535 535 535 535 535 535 535 535 534 533 533 533 532 532 531 531 531 529 529 528 528 528 527 527 525 525 525 524 524 523 523 523 521 521 520 520 520 519 518 517 517 516 516 516 515 514
528 528 528 528 529 528 529 529 529 529 529 530 530 529 530 530 530 529 529 530 530 530 530 531 530 530 531 530 530 530 530 531 531 532 532 532 533 533 533 533 533 534 534 534 535 535 535 535 535 535 535 535 535 535 535 534 534 533 533 532 532 532 531 531 531 529 529 528 528 528 527 527 526 525 525 524 524 523 523 523 521 521 520 520 519 519 519 517 517 516 516 516 515 514
528 528 528 528 528 528 528 529 528 529 529 530 529 529 530 530 529 529 529 530 529 530 530 529 530 530 531 530 530 530 530 531 531 531 532 532 533 533 533 533 533 533 534 534 534 535 535 535 535 534 535 535 535 534 534 534 534 534 532 532 532 531 531 531 530 530 529 528 528 527 527 527 526 525 524 524 524 523 523 522 522 521 520 520 519 519 519 517 517 516 516 516 515 515
528 528 528 528 528 528 528 528 528 529 529 528 529 529 530 529 529 529 529 529 529 530 529 529 530 530 530 530 530 530 530 531 531 531 532 532 532 533 533 533 533 533 533 534 534 534 535 535 535 534 534 534 534 534 534 534 534 533 532 532 531 531 531 530 530 530 528 528 528 527 527 527 526 526 524 524 524 523 523 522 522 521 520 520 519 519 519 518 517 516 516 515 515 515
528 528 528 528 528 528 527 528 528 529 528 528 529 529 529 529 529 529 528 529 529 528 529 529 530 529 529 530 530 530 530 530 531 531 531 532 532 533 533 533 533 533 533 533 534 534 534 534 535 535 534 534 534 534 534 533 533 533 533 531 531 531 531 530 530 530 529 528 527 527 527 526 526 526 524 524 523 523 523 522 522 520 520 520 519 519 518 518 517 516 516 515 515 515
528 527 528 528 527 527 527 528 528 527 528 528 529 528 528 529 528 529 528 528 528 528 529 529 528 529 529 530 530 530 530 530 531 531 531 532 532 532 533 533 533 533 533 533 533 534 534 534 534 534 533 533 533 533 533 533 533 533 532 531 531 531 530 530 530 529 529 528 527 527 527 526 526 525 525 524 523 523 522 522 522 521 520 519 519 519 518 518 516 516 516 515 515 514
527 527 528 527 527 527 527 528 527 527 528 528 528 528 528 528 528 529 529 528 528 528 529 528 528 529 529 529 530 530 531 530 530 531 531 531 532 532 532 533 533 533 533 533 533 533 533 534 534 534 534 533 533 533 533 533 532 532 532 532 531 530 530 530 529 529 529 528 527 527 526 526 526 525 525 523 523 523 522 522 522 521 520 519 519 519 518 518 517 516 516 515 515 514
