testData/tiles/oneDegreeCosts/grid21.0-33.0-22.0-34.0.asc
ncols   200
nrows   200
xllcorner   21.0
yllcorner   33.0
cellsize   0.005
NODATA_value   -9999.0
[rows 17 to 33 of 200, columns 0 to 36 of 200]
6.310000000000000000e+02 6.310000000000000000e+02 6.300000000000000000e+02 6.300000000000000000e+02 6.300000000000000000e+02 6.290000000000000000e+02 6.290000000000000000e+02 6.280000000000000000e+02 6.280000000000000000e+02 6.270000000000000000e+02 6.270000000000000000e+02 6.270000000000000000e+02 6.260000000000000000e+02 6.260000000000000000e+02 6.250000000000000000e+02 6.250000000000000000e+02 6.240000000000000000e+02 6.240000000000000000e+02 6.230000000000000000e+02 6.230000000000000000e+02 6.220000000000000000e+02 6.220000000000000000e+02 6.210000000000000000e+02 6.210000000000000000e+02 6.200000000000000000e+02 6.190000000000000000e+02 6.190000000000000000e+02 6.180000000000000000e+02 6.180000000000000000e+02 6.170000000000000000e+02 6.170000000000000000e+02 6.160000000000000000e+02 6.150000000000000000e+02 6.150000000000000000e+02 6.140000000000000000e+02 5.060000000000000000e+02 5.060000000000000000e+02
6.310000000000000000e+02 6.310000000000000000e+02 6.300000000000000000e+02 6.300000000000000000e+02 6.290000000000000000e+02 6.290000000000000000e+02 6.290000000000000000e+02 6.280000000000000000e+02 6.280000000000000000e+02 6.270000000000000000e+02 6.270000000000000000e+02 6.260000000000000000e+02 6.260000000000000000e+02 6.250000000000000000e+02 6.250000000000000000e+02 6.240000000000000000e+02 6.240000000000000000e+02 6.230000000000000000e+02 6.230000000000000000e+02 6.220000000000000000e+02 6.220000000000000000e+02 6.210000000000000000e+02 6.210000000000000000e+02 6.200000000000000000e+02 6.200000000000000000e+02 6.190000000000000000e+02 6.190000000000000000e+02 6.180000000000000000e+02 6.180000000000000000e+02 6.170000000000000000e+02 6.160000000000000000e+02 6.160000000000000000e+02 6.150000000000000000e+02 6.150000000000000000e+02 5.060000000000000000e+02 5.060000000000000000e+02 5.060000000000000000e+02
6.310000000000000000e+02 6.300000000000000000e+02 6.300000000000000000e+02 6.300000000000000000e+02 6.290000000000000000e+02 6.290000000000000000e+02 6.280000000000000000e+02 6.280000000000000000e+02 6.270000000000000000e+02 6.270000000000000000e+02 6.270000000000000000e+02 6.260000000000000000e+02 6.260000000000000000e+02 6.250000000000000000e+02 6.250000000000000000e+02 6.240000000000000000e+02 6.240000000000000000e+02 6.230000000000000000e+02 6.230000000000000000e+02 6.220000000000000000e+02 6.220000000000000000e+02 6.210000000000000000e+02 6.210000000000000000e+02 6.200000000000000000e+02 6.200000000000000000e+02 6.190000000000000000e+02 6.180000000000000000e+02 6.180000000000000000e+02 6.170000000000000000e+02 6.170000000000000000e+02 6.160000000000000000e+02 6.160000000000000000e+02 6.150000000000000000e+02 6.140000000000000000e+02 5.060000000000000000e+02 5.060000000000000000e+02 5.060000000000000000e+02
6.070000000000000000e+02 6.300000000000000000e+02 6.300000000000000000e+02 6.290000000000000000e+02 6.290000000000000000e+02 6.290000000000000000e+02 6.280000000000000000e+02 6.280000000000000000e+02 6.270000000000000000e+02 6.270000000000000000e+02 6.260000000000000000e+02 6.260000000000000000e+02 6.250000000000000000e+02 6.250000000000000000e+02 6.240000000000000000e+02 6.240000000000000000e+02 6.230000000000000000e+02 6.230000000000000000e+02 6.220000000000000000e+02 6.220000000000000000e+02 6.210000000000000000e+02 6.210000000000000000e+02 6.200000000000000000e+02 6.200000000000000000e+02 6.190000000000000000e+02 6.190000000000000000e+02 6.180000000000000000e+02 6.180000000000000000e+02 6.170000000000000000e+02 6.170000000000000000e+02 6.160000000000000000e+02 6.150000000000000000e+02 6.150000000000000000e+02 6.140000000000000000e+02 5.060000000000000000e+02 5.060000000000000000e+02 5.060000000000000000e+02
6.060000000000000000e+02 6.060000000000000000e+02 6.060000000000000000e+02 6.290000000000000000e+02 6.290000000000000000e+02 6.280000000000000000e+02 6.280000000000000000e+02 6.270000000000000000e+02 6.270000000000000000e+02 6.270000000000000000e+02 6.260000000000000000e+02 6.260000000000000000e+02 6.250000000000000000e+02 6.250000000000000000e+02 6.240000000000000000e+02 6.240000000000000000e+02 6.230000000000000000e+02 6.230000000000000000e+02 6.220000000000000000e+02 6.220000000000000000e+02 6.210000000000000000e+02 6.210000000000000000e+02 6.200000000000000000e+02 6.200000000000000000e+02 6.190000000000000000e+02 6.190000000000000000e+02 6.180000000000000000e+02 6.170000000000000000e+02 6.170000000000000000e+02 6.160000000000000000e+02 6.160000000000000000e+02 6.150000000000000000e+02 6.150000000000000000e+02 6.140000000000000000e+02 5.060000000000000000e+02 5.060000000000000000e+02 5.060000000000000000e+02
6.060000000000000000e+02 6.060000000000000000e+02 6.050000000000000000e+02 6.050000000000000000e+02 6.290000000000000000e+02 6.280000000000000000e+02 6.280000000000000000e+02 6.270000000000000000e+02 6.270000000000000000e+02 6.260000000000000000e+02 6.260000000000000000e+02 6.250000000000000000e+02 6.250000000000000000e+02 6.240000000000000000e+02 6.240000000000000000e+02 6.240000000000000000e+02 6.230000000000000000e+02 6.230000000000000000e+02 6.220000000000000000e+02 6.220000000000000000e+02 6.210000000000000000e+02 6.200000000000000000e+02 6.200000000000000000e+02 6.190000000000000000e+02 6.190000000000000000e+02 6.180000000000000000e+02 6.180000000000000000e+02 6.170000000000000000e+02 6.170000000000000000e+02 6.160000000000000000e+02 6.150000000000000000e+02 6.150000000000000000e+02 6.140000000000000000e+02 6.140000000000000000e+02 5.060000000000000000e+02 5.060000000000000000e+02 5.060000000000000000e+02
6.060000000000000000e+02 6.060000000000000000e+02 6.050000000000000000e+02 6.050000000000000000e+02 6.040000000000000000e+02 6.280000000000000000e+02 6.270000000000000000e+02 6.270000000000000000e+02 6.270000000000000000e+02 6.260000000000000000e+02 6.260000000000000000e+02 6.250000000000000000e+02 6.250000000000000000e+02 6.240000000000000000e+02 6.240000000000000000e+02 6.230000000000000000e+02 6.230000000000000000e+02 6.220000000000000000e+02 6.220000000000000000e+02 6.210000000000000000e+02 6.210000000000000000e+02 6.200000000000000000e+02 6.200000000000000000e+02 6.190000000000000000e+02 6.190000000000000000e+02 6.180000000000000000e+02 6.180000000000000000e+02 6.170000000000000000e+02 6.160000000000000000e+02 6.160000000000000000e+02 6.150000000000000000e+02 6.150000000000000000e+02 6.140000000000000000e+02 5.060000000000000000e+02 5.060000000000000000e+02 5.060000000000000000e+02 5.060000000000000000e+02
6.060000000000000000e+02 6.050000000000000000e+02 6.050000000000000000e+02 6.040000000000000000e+02 6.040000000000000000e+02 6.040000000000000000e+02 6.030000000000000000e+02 6.270000000000000000e+02 6.260000000000000000e+02 6.260000000000000000e+02 6.250000000000000000e+02 6.250000000000000000e+02 6.240000000000000000e+02 6.240000000000000000e+02 6.240000000000000000e+02 6.230000000000000000e+02 6.230000000000000000e+02 6.220000000000000000e+02 6.220000000000000000e+02 6.210000000000000000e+02 6.210000000000000000e+02 6.200000000000000000e+02 6.190000000000000000e+02 6.190000000000000000e+02 6.180000000000000000e+02 6.180000000000000000e+02 6.170000000000000000e+02 6.170000000000000000e+02 6.160000000000000000e+02 6.160000000000000000e+02 6.150000000000000000e+02 6.140000000000000000e+02 6.140000000000000000e+02 5.060000000000000000e+02 5.060000000000000000e+02 5.060000000000000000e+02 5.060000000000000000e+02
6.050000000000000000e+02 6.050000000000000000e+02 6.050000000000000000e+02 6.040000000000000000e+02 6.040000000000000000e+02 6.030000000000000000e+02 6.030000000000000000e+02 6.030000000000000000e+02 6.260000000000000000e+02 6.260000000000000000e+02 6.250000000000000000e+02 6.250000000000000000e+02 6.240000000000000000e+02 6.240000000000000000e+02 6.230000000000000000e+02 6.230000000000000000e+02 6.220000000000000000e+02 6.220000000000000000e+02 6.210000000000000000e+02 6.210000000000000000e+02 6.200000000000000000e+02 6.200000000000000000e+02 6.190000000000000000e+02 6.190000000000000000e+02 6.180000000000000000e+02 6.180000000000000000e+02 6.170000000000000000e+02 6.160000000000000000e+02 6.160000000000000000e+02 6.150000000000000000e+02 6.150000000000000000e+02 6.140000000000000000e+02 6.140000000000000000e+02 5.060000000000000000e+02 5.060000000000000000e+02 5.060000000000000000e+02 5.060000000000000000e+02
6.050000000000000000e+02 6.050000000000000000e+02 6.040000000000000000e+02 6.040000000000000000e+02 6.040000000000000000e+02 6.030000000000000000e+02 6.030000000000000000e+02 6.020000000000000000e+02 6.020000000000000000e+02 6.250000000000000000e+02 6.250000000000000000e+02 6.240000000000000000e+02 6.240000000000000000e+02 6.240000000000000000e+02 6.230000000000000000e+02 6.230000000000000000e+02 6.220000000000000000e+02 6.220000000000000000e+02 6.210000000000000000e+02 6.210000000000000000e+02 6.200000000000000000e+02 6.190000000000000000e+02 6.190000000000000000e+02 6.180000000000000000e+02 6.180000000000000000e+02 6.170000000000000000e+02 6.170000000000000000e+02 6.160000000000000000e+02 6.160000000000000000e+02 6.150000000000000000e+02 6.140000000000000000e+02 6.140000000000000000e+02 6.130000000000000000e+02 5.060000000000000000e+02 5.060000000000000000e+02 5.060000000000000000e+02 5.060000000000000000e+02
6.050000000000000000e+02 6.050000000000000000e+02 6.040000000000000000e+02 6.040000000000000000e+02 6.030000000000000000e+02 6.030000000000000000e+02 6.020000000000000000e+02 6.020000000000000000e+02 6.020000000000000000e+02 6.010000000000000000e+02 6.250000000000000000e+02 6.240000000000000000e+02 6.240000000000000000e+02 6.230000000000000000e+02 6.230000000000000000e+02 6.220000000000000000e+02 6.220000000000000000e+02 6.210000000000000000e+02 6.210000000000000000e+02 6.200000000000000000e+02 6.200000000000000000e+02 6.190000000000000000e+02 6.190000000000000000e+02 6.180000000000000000e+02 6.180000000000000000e+02 6.170000000000000000e+02 6.170000000000000000e+02 6.160000000000000000e+02 6.150000000000000000e+02 6.150000000000000000e+02 6.140000000000000000e+02 6.140000000000000000e+02 6.130000000000000000e+02 5.060000000000000000e+02 5.060000000000000000e+02 5.060000000000000000e+02 5.060000000000000000e+02
6.050000000000000000e+02 6.040000000000000000e+02 6.040000000000000000e+02 6.040000000000000000e+02 6.030000000000000000e+02 6.030000000000000000e+02 6.020000000000000000e+02 6.020000000000000000e+02 6.010000000000000000e+02 6.010000000000000000e+02 6.000000000000000000e+02 6.000000000000000000e+02 6.230000000000000000e+02 6.230000000000000000e+02 6.230000000000000000e+02 6.220000000000000000e+02 6.220000000000000000e+02 6.210000000000000000e+02 6.210000000000000000e+02 6.200000000000000000e+02 6.200000000000000000e+02 6.190000000000000000e+02 6.180000000000000000e+02 6.180000000000000000e+02 6.170000000000000000e+02 6.170000000000000000e+02 6.160000000000000000e+02 6.160000000000000000e+02 6.150000000000000000e+02 6.150000000000000000e+02 6.140000000000000000e+02 6.130000000000000000e+02 6.130000000000000000e+02 5.060000000000000000e+02 5.060000000000000000e+02 5.060000000000000000e+02 5.060000000000000000e+02
6.040000000000000000e+02 6.040000000000000000e+02 6.040000000000000000e+02 6.030000000000000000e+02 6.030000000000000000e+02 6.020000000000000000e+02 6.020000000000000000e+02 6.020000000000000000e+02 6.010000000000000000e+02 6.010000000000000000e+02 6.000000000000000000e+02 6.000000000000000000e+02 5.990000000000000000e+02 6.230000000000000000e+02 6.220000000000000000e+02 6.220000000000000000e+02 6.210000000000000000e+02 6.210000000000000000e+02 6.200000000000000000e+02 6.200000000000000000e+02 6.190000000000000000e+02 6.190000000000000000e+02 6.180000000000000000e+02 6.180000000000000000e+02 6.170000000000000000e+02 6.170000000000000000e+02 6.160000000000000000e+02 6.150000000000000000e+02 6.150000000000000000e+02 6.140000000000000000e+02 6.140000000000000000e+02 6.130000000000000000e+02 5.060000000000000000e+02 5.060000000000000000e+02 5.060000000000000000e+02 5.060000000000000000e+02 5.060000000000000000e+02
6.040000000000000000e+02 6.040000000000000000e+02 6.030000000000000000e+02 6.030000000000000000e+02 6.030000000000000000e+02 6.020000000000000000e+02 6.020000000000000000e+02 6.010000000000000000e+02 6.010000000000000000e+02 6.000000000000000000e+02 6.000000000000000000e+02 5.990000000000000000e+02 5.990000000000000000e+02 5.990000000000000000e+02 5.980000000000000000e+02 6.220000000000000000e+02 6.210000000000000000e+02 6.210000000000000000e+02 6.200000000000000000e+02 6.200000000000000000e+02 6.190000000000000000e+02 6.180000000000000000e+02 6.180000000000000000e+02 6.170000000000000000e+02 6.170000000000000000e+02 6.160000000000000000e+02 6.160000000000000000e+02 6.150000000000000000e+02 6.150000000000000000e+02 6.140000000000000000e+02 6.130000000000000000e+02 6.130000000000000000e+02 5.060000000000000000e+02 5.060000000000000000e+02 5.060000000000000000e+02 5.060000000000000000e+02 5.060000000000000000e+02
6.040000000000000000e+02 6.040000000000000000e+02 6.030000000000000000e+02 6.030000000000000000e+02 6.020000000000000000e+02 6.020000000000000000e+02 6.010000000000000000e+02 6.010000000000000000e+02 6.010000000000000000e+02 6.000000000000000000e+02 6.000000000000000000e+02 5.990000000000000000e+02 5.990000000000000000e+02 5.980000000000000000e+02 5.980000000000000000e+02 5.970000000000000000e+02 6.210000000000000000e+02 6.200000000000000000e+02 6.200000000000000000e+02 6.190000000000000000e+02 6.190000000000000000e+02 6.180000000000000000e+02 6.180000000000000000e+02 6.170000000000000000e+02 6.170000000000000000e+02 6.160000000000000000e+02 6.150000000000000000e+02 6.150000000000000000e+02 6.140000000000000000e+02 6.140000000000000000e+02 6.130000000000000000e+02 6.130000000000000000e+02 5.060000000000000000e+02 5.060000000000000000e+02 5.060000000000000000e+02 5.060000000000000000e+02 5.060000000000000000e+02
6.040000000000000000e+02 6.030000000000000000e+02 6.030000000000000000e+02 6.020000000000000000e+02 6.020000000000000000e+02 6.020000000000000000e+02 6.010000000000000000e+02 6.010000000000000000e+02 6.000000000000000000e+02 6.000000000000000000e+02 5.990000000000000000e+02 5.990000000000000000e+02 5.980000000000000000e+02 5.980000000000000000e+02 5.970000000000000000e+02 5.970000000000000000e+02 5.960000000000000000e+02 6.200000000000000000e+02 6.190000000000000000e+02 6.190000000000000000e+02 6.180000000000000000e+02 6.180000000000000000e+02 6.170000000000000000e+02 6.170000000000000000e+02 6.160000000000000000e+02 6.160000000000000000e+02 6.150000000000000000e+02 6.150000000000000000e+02 6.140000000000000000e+02 6.130000000000000000e+02 6.130000000000000000e+02 6.120000000000000000e+02 5.060000000000000000e+02 5.060000000000000000e+02 5.060000000000000000e+02 5.060000000000000000e+02 5.060000000000000000e+02
6.030000000000000000e+02 6.030000000000000000e+02 6.030000000000000000e+02 6.020000000000000000e+02 6.020000000000000000e+02 6.010000000000000000e+02 6.010000000000000000e+02 6.000000000000000000e+02 6.000000000000000000e+02 6.000000000000000000e+02 5.990000000000000000e+02 5.990000000000000000e+02 5.980000000000000000e+02 5.980000000000000000e+02 5.970000000000000000e+02 5.970000000000000000e+02 5.960000000000000000e+02 5.960000000000000000e+02 5.950000000000000000e+02 6.190000000000000000e+02 6.180000000000000000e+02 6.180000000000000000e+02 6.170000000000000000e+02 6.170000000000000000e+02 6.160000000000000000e+02 6.150000000000000000e+02 6.150000000000000000e+02 6.140000000000000000e+02 6.140000000000000000e+02 6.130000000000000000e+02 6.130000000000000000e+02 5.060000000000000000e+02 5.060000000000000000e+02 5.060000000000000000e+02 5.060000000000000000e+02 5.060000000000000000e+02 5.060000000000000000e+02
