testData/tiles/oneDegreeCosts/grid44.0-45.0-45.0-46.0.asc
ncols   200
nrows   200
xllcorner   44.0
yllcorner   45.0
cellsize   0.005
NODATA_value   -9999.0
[rows 42 to 83 of 200, columns 94 to 187 of 200]
357 359 361 363 365 367 370 372 373 375 377 379 380 382 383 386 388 389 391 392 394 395 397 398 400 402 403 404 406 407 408 410 411 412 414 416 400 401 402 403 404 406 407 408 409 411 412 413 414 415 342 342 342 342 342 342 342 342 342 342 342 342 342 342 342 342 342 342 342 342 343 345 346 347 347 348 349 350 351 351 352 353 354 355 355 356 357 358 359 360 361 362 362 363
356 358 360 362 364 366 368 369 372 374 376 378 379 381 383 384 386 388 390 391 393 394 396 397 399 400 401 404 405 406 408 409 410 411 413 397 398 400 401 403 404 405 406 407 408 409 410 411 413 415 342 342 342 342 342 342 342 342 342 342 342 342 342 342 342 342 342 342 342 342 342 343 344 345 346 348 348 349 350 351 352 352 353 354 355 356 356 357 358 359 359 360 361 362
353 356 359 361 363 365 367 368 370 372 375 377 378 380 382 383 385 386 388 390 392 393 395 396 398 399 400 402 403 405 407 408 409 394 395 396 397 398 400 402 403 404 405 406 407 409 410 411 412 413 342 342 342 342 342 342 342 342 342 342 342 342 342 342 342 342 342 342 342 342 342 343 343 344 345 346 347 348 348 350 351 352 353 353 354 355 356 356 357 358 359 359 360 361
352 354 356 359 361 363 365 367 369 371 373 375 377 379 381 382 384 385 387 388 390 392 394 395 397 398 400 401 402 404 405 407 391 393 394 395 396 398 399 400 401 402 404 406 407 408 409 410 411 342 342 342 342 342 342 342 342 342 342 342 342 342 342 342 342 342 342 342 342 342 342 342 343 344 345 345 346 347 348 349 349 350 351 352 354 354 355 356 357 357 358 359 360 360
351 353 355 357 359 362 364 366 368 370 372 373 375 377 380 381 383 384 386 388 389 391 392 393 396 397 399 400 401 403 387 388 390 391 393 394 396 397 398 399 400 402 403 404 405 407 408 409 410 342 342 342 342 342 342 342 342 342 342 342 342 342 342 342 342 342 342 342 342 342 342 342 342 343 344 345 346 346 347 348 349 350 350 351 352 353 354 354 356 357 358 358 359 360
349 352 354 356 358 360 362 365 367 369 371 372 374 376 378 379 382 383 385 387 388 390 391 393 394 395 398 399 401 385 386 388 389 390 391 393 395 396 397 398 400 401 402 403 404 405 406 408 342 342 342 342 342 342 342 342 342 342 342 342 342 342 342 342 342 342 342 342 342 342 342 342 342 342 342 344 345 346 347 347 348 349 350 351 351 352 353 354 354 355 356 357 357 359
348 350 353 355 357 359 361 363 365 368 370 371 373 375 377 378 380 381 384 386 387 389 390 392 393 395 396 380 383 384 385 387 388 389 391 392 393 394 396 398 399 400 401 402 403 405 406 407 342 342 342 342 342 342 342 342 342 342 342 342 342 342 342 342 342 342 342 342 342 342 342 342 342 342 342 343 343 344 345 347 348 348 349 350 351 352 352 353 354 355 355 356 357 358
346 348 351 353 356 358 360 362 364 366 367 370 372 374 376 377 379 381 382 384 385 388 389 391 392 377 378 379 381 382 384 386 387 388 390 391 392 393 395 396 397 398 400 402 403 404 405 406 342 342 342 342 342 342 342 342 342 342 342 342 342 342 342 342 342 342 342 342 342 342 342 342 342 342 342 342 343 344 344 345 346 347 348 349 350 351 352 352 353 354 355 355 356 357
344 347 349 351 354 356 359 361 363 364 366 368 370 373 374 376 378 379 381 383 384 386 387 390 374 376 377 379 380 381 383 384 385 388 389 390 391 393 394 395 396 397 399 400 402 403 404 342 342 342 342 342 342 342 342 342 342 342 342 342 342 342 342 342 342 342 342 342 342 342 342 342 342 342 342 342 342 343 344 345 345 346 347 348 349 349 350 351 353 353 354 355 356 356
343 345 348 350 352 354 357 359 361 363 365 367 369 371 372 375 377 378 380 382 383 385 369 371 372 375 376 378 379 380 382 383 384 386 387 388 391 392 393 394 395 397 398 399 400 401 402 342 342 342 342 342 342 342 342 342 342 342 342 342 342 342 342 342 342 342 342 342 342 342 342 342 342 342 342 342 342 342 343 344 345 346 346 347 348 349 349 350 351 352 353 353 354 356
341 344 346 348 351 353 355 357 360 362 364 366 368 370 371 373 375 376 379 381 365 367 368 370 371 373 374 376 378 380 381 382 384 385 386 387 389 390 392 393 395 396 397 398 399 400 342 342 342 342 342 342 342 342 342 342 342 342 342 342 342 342 342 342 342 342 342 342 342 342 342 342 342 342 342 342 342 342 342 343 344 345 346 346 347 348 349 350 350 351 352 353 353 354
340 342 345 347 349 352 354 356 358 360 363 365 367 368 370 372 374 375 360 362 364 366 367 369 370 372 373 375 376 378 380 381 383 384 385 387 388 389 390 392 393 395 396 397 399 400 342 342 342 342 342 342 342 342 342 342 342 342 342 342 342 342 342 342 342 342 342 342 342 342 342 342 342 342 342 342 342 342 342 342 342 343 344 346 347 347 348 349 350 351 351 352 353 354
338 341 343 346 348 350 352 355 357 359 361 363 364 367 369 371 373 357 359 361 362 364 366 368 369 371 372 374 375 377 378 379 381 383 384 386 387 388 390 391 392 393 394 396 398 342 342 342 342 342 342 342 342 342 342 342 342 342 342 342 342 342 342 342 342 342 342 342 342 342 342 342 342 342 342 342 342 342 342 342 342 343 343 344 345 346 347 347 349 350 351 351 352 353
337 339 342 344 347 349 351 353 355 357 359 361 363 365 367 353 354 356 358 360 361 363 364 366 367 370 371 373 374 376 377 379 380 381 383 385 386 387 389 390 391 392 394 395 396 342 342 342 342 342 342 342 342 342 342 342 342 342 342 342 342 342 342 342 342 342 342 342 342 342 342 342 342 342 342 342 342 342 342 342 342 342 343 344 344 345 346 347 347 348 349 350 351 352
335 338 340 343 345 347 350 352 354 356 358 360 362 347 349 351 352 355 357 358 360 362 363 365 366 368 369 372 373 375 376 378 379 380 382 383 384 386 388 389 390 392 393 394 395 342 342 342 342 342 342 342 342 342 342 342 342 342 342 342 342 342 342 342 342 342 342 342 342 342 342 342 342 342 342 342 342 342 342 342 342 342 342 343 344 344 345 346 347 348 348 349 350 351
333 336 339 341 344 346 348 350 353 355 357 342 344 346 348 349 351 353 355 357 359 361 362 364 365 367 368 370 371 374 375 377 378 379 381 382 383 385 386 387 388 391 392 393 342 342 342 342 342 342 342 342 342 342 342 342 342 342 342 342 342 342 342 342 342 342 342 342 342 342 342 342 342 342 342 342 342 342 342 342 342 342 342 342 343 344 345 345 346 347 348 348 349 350
332 334 337 340 342 344 347 349 351 336 338 340 342 344 346 348 350 352 354 355 357 359 361 363 364 366 367 369 370 372 373 375 377 378 380 381 382 384 385 386 388 389 390 392 342 342 342 342 342 342 342 342 342 342 342 342 342 342 342 342 342 342 342 342 342 342 342 342 342 342 342 342 342 342 342 342 342 342 342 342 342 342 342 342 342 342 343 344 346 346 347 348 349 349
330 333 335 338 341 343 345 331 333 335 337 339 341 343 345 347 349 351 352 354 356 357 359 361 363 365 366 368 369 371 372 374 375 376 378 380 381 383 384 385 387 388 389 342 342 342 342 342 342 342 342 342 342 342 342 342 342 342 342 342 342 342 342 342 342 342 342 342 342 342 342 342 342 342 342 342 342 342 342 342 342 342 342 342 342 342 342 343 344 345 345 346 347 349
328 331 334 336 339 324 327 329 331 334 336 338 340 342 344 346 348 349 351 353 355 356 358 360 361 363 365 367 368 370 371 373 374 375 377 378 380 382 383 384 386 387 388 342 342 342 342 342 342 342 342 342 342 342 342 342 342 342 342 342 342 342 342 342 342 342 342 342 342 342 342 342 342 342 342 342 342 342 342 342 342 342 342 342 342 342 342 342 343 344 345 345 346 347
326 329 332 335 320 323 325 328 330 332 334 336 339 341 343 344 346 348 350 352 353 355 357 358 360 362 363 365 366 369 370 372 373 375 376 377 379 380 381 383 385 386 342 342 342 342 342 342 342 342 342 342 342 342 342 342 342 342 342 342 342 342 342 342 342 342 342 342 342 342 342 342 342 342 342 342 342 342 342 342 342 342 342 342 342 342 342 342 342 343 344 345 346 346
324 327 313 316 319 321 324 326 328 331 333 335 337 339 341 343 345 347 349 351 352 354 356 357 359 361 362 364 365 367 368 371 372 374 375 376 378 379 380 382 383 384 342 342 342 342 342 342 342 342 342 342 342 342 342 342 342 342 342 342 342 342 342 342 342 342 342 342 342 342 342 342 342 342 342 342 342 342 342 342 342 342 342 342 342 342 342 342 342 343 343 344 345 346
305 308 311 314 317 319 322 324 327 329 331 334 336 338 340 342 344 346 348 349 351 353 355 356 358 359 361 363 364 366 367 369 370 372 374 375 377 378 379 381 382 342 342 342 342 342 342 342 342 342 342 342 342 342 342 342 342 342 342 342 342 342 342 342 342 342 342 342 342 342 342 342 342 342 342 342 342 342 342 342 342 342 342 342 342 342 342 342 342 342 342 342 343 345
303 306 309 312 315 318 320 323 325 328 330 332 334 336 338 340 342 344 346 348 350 352 353 355 357 358 360 362 363 365 366 368 369 370 372 373 375 377 378 380 381 342 342 342 342 342 342 342 342 342 342 342 342 342 342 342 342 342 342 342 342 342 342 342 342 342 342 342 342 342 342 342 342 342 342 342 342 342 342 342 342 342 342 342 342 342 342 342 342 342 342 342 343 343
300 304 307 310 313 316 319 321 324 326 328 331 333 335 337 339 341 343 345 347 349 350 352 354 356 357 359 360 362 364 365 367 368 369 371 372 374 375 376 378 380 342 342 342 342 342 342 342 342 342 342 342 342 342 342 342 342 342 342 342 342 342 342 342 342 342 342 342 342 342 342 342 342 342 342 342 342 342 342 342 342 342 342 342 342 342 342 342 342 342 342 342 342 343
298 302 305 308 311 314 317 319 322 324 327 329 331 334 336 338 340 342 344 346 347 349 351 353 354 356 358 359 361 362 364 365 367 368 370 371 373 374 375 377 342 342 342 342 342 342 342 342 342 342 342 342 342 342 342 342 342 342 342 342 342 342 342 342 342 342 342 342 342 342 342 342 342 342 342 342 342 342 342 342 342 342 342 342 342 342 342 342 342 342 342 342 342 342
296 299 303 306 309 312 315 318 320 323 325 328 330 332 334 336 338 340 342 344 346 348 350 351 353 355 356 358 360 361 363 364 366 367 369 370 372 373 374 376 342 342 342 342 342 342 342 342 342 342 342 342 342 342 342 342 342 342 342 342 342 342 342 342 342 342 342 342 342 342 342 342 342 342 342 342 342 342 342 342 342 342 342 342 342 342 342 342 342 342 342 342 342 342
293 297 300 304 307 310 313 316 319 321 324 326 328 331 333 335 337 339 341 343 345 347 348 350 352 354 355 357 359 360 362 363 365 366 368 369 371 372 373 342 342 342 342 342 342 342 342 342 342 342 342 342 342 342 342 342 342 342 342 342 342 342 342 342 342 342 342 342 342 342 342 342 342 342 342 342 342 342 342 342 342 342 342 342 342 342 342 342 342 342 342 342 342 342
290 294 298 302 305 308 311 314 317 319 322 324 327 329 331 333 335 338 340 341 343 345 347 349 351 352 354 356 357 359 361 362 364 365 367 368 369 371 372 342 342 342 342 342 342 342 342 342 342 342 342 342 342 342 342 342 342 342 342 342 342 342 342 342 342 342 342 342 342 342 342 342 342 342 342 342 342 342 342 342 342 342 342 342 342 342 342 342 342 342 342 342 342 342
290 292 296 299 303 306 309 312 315 318 320 323 325 327 330 332 334 336 338 340 342 344 346 348 349 351 353 355 356 358 359 361 362 364 365 367 368 370 342 342 342 342 342 342 342 342 342 342 342 342 342 342 342 342 342 342 342 342 342 342 342 342 342 342 342 342 342 342 342 342 342 342 342 342 342 342 342 342 342 342 342 342 342 342 342 342 342 342 342 342 342 342 342 342
290 290 293 297 300 304 307 310 313 316 318 321 323 326 328 330 332 335 337 339 341 343 344 346 348 350 352 353 355 357 358 360 361 363 364 366 367 369 342 342 342 342 342 342 342 342 342 342 342 342 342 342 342 342 342 342 342 342 342 342 342 342 342 342 342 342 342 342 342 342 342 342 342 342 342 342 342 342 342 342 342 342 342 342 342 342 342 342 342 342 342 342 342 342
290 290 290 294 298 301 305 308 311 314 316 319 322 324 326 329 331 333 335 337 339 341 343 345 347 349 350 352 354 355 357 359 360 362 363 365 366 342 342 342 342 342 342 342 342 342 342 342 342 342 342 342 342 342 342 342 342 342 342 342 342 342 342 342 342 342 342 342 342 342 342 342 342 342 342 342 342 342 342 342 342 342 342 342 342 342 342 342 342 342 342 342 342 342
290 290 290 291 295 299 302 306 309 312 315 317 320 322 325 327 329 331 334 336 338 340 342 344 345 347 349 351 352 354 356 357 359 361 362 364 365 342 342 342 342 342 342 342 342 342 342 342 342 342 342 342 342 342 342 342 342 342 342 342 342 342 342 342 342 342 342 342 342 342 342 342 342 342 342 342 342 342 342 342 342 342 342 342 342 342 342 342 342 342 342 342 342 342
290 290 290 290 292 296 300 303 307 310 313 315 318 320 323 325 328 330 332 334 336 338 340 342 344 346 348 349 351 353 355 356 358 359 361 362 342 342 342 342 342 342 342 342 342 342 342 342 342 342 342 342 342 342 342 342 342 342 342 342 342 342 342 342 342 342 342 342 342 342 342 342 342 342 342 342 342 342 342 342 342 342 342 342 342 342 342 342 342 342 342 342 342 342
290 290 290 290 290 294 297 301 304 307 310 313 316 319 321 324 326 328 330 333 335 337 339 341 343 344 346 348 350 352 353 355 357 358 360 361 342 342 342 342 342 342 342 342 342 342 342 342 342 342 342 342 342 342 342 342 342 342 342 342 342 342 342 342 342 342 342 342 342 342 342 342 342 342 342 342 342 342 342 342 342 342 342 342 342 342 342 342 342 342 342 342 342 342
290 290 290 290 290 291 295 298 302 305 308 311 314 317 319 322 324 327 329 331 333 335 337 339 341 343 345 347 349 350 352 354 355 357 358 342 342 342 342 342 342 342 342 342 342 342 342 342 342 342 342 342 342 342 342 342 342 342 342 342 342 342 342 342 342 342 342 342 342 342 342 342 342 342 342 342 342 342 342 342 342 342 342 342 342 342 342 342 342 342 342 495 496 496
244 290 290 290 290 290 292 296 299 303 306 309 312 315 317 320 322 325 327 329 332 334 336 338 340 342 344 345 347 349 351 352 354 356 357 342 342 342 342 342 342 342 342 342 342 342 342 342 342 342 342 342 342 342 342 342 342 342 342 342 342 342 342 342 342 342 342 342 342 342 342 342 342 342 342 342 342 342 342 342 484 484 485 487 488 489 490 491 491 492 493 494 495 496
244 290 290 290 290 290 290 293 297 300 304 307 310 313 315 318 321 323 325 328 330 332 334 336 338 340 342 344 346 348 349 351 353 354 342 342 342 342 342 342 342 342 342 342 342 342 342 342 342 342 342 342 342 342 342 342 342 342 342 342 342 342 342 342 342 342 342 342 342 342 342 474 475 476 477 478 479 480 481 482 483 484 484 485 486 487 488 489 491 492 492 493 494 495
244 244 290 290 290 290 290 290 294 298 301 305 308 311 313 316 319 321 324 326 328 330 333 335 337 339 341 342 344 346 348 350 351 342 342 342 342 342 342 342 342 342 342 342 342 342 342 342 342 342 342 342 342 342 342 342 342 342 342 342 342 342 464 465 466 467 468 469 470 471 472 473 474 475 476 477 478 479 480 481 482 483 484 484 485 486 487 488 489 490 491 491 492 494
244 244 244 290 290 290 290 290 291 295 299 302 305 308 311 314 317 319 322 324 327 329 331 333 335 337 339 341 343 345 347 348 350 342 342 342 342 342 342 342 342 342 342 342 342 342 342 342 342 342 342 342 342 342 453 455 456 457 458 459 461 462 463 464 465 466 467 468 469 470 471 472 473 474 475 476 477 478 479 480 481 482 483 484 485 485 486 487 488 489 490 491 491 492
244 244 244 290 290 290 290 290 290 292 296 300 303 306 309 312 315 317 320 322 325 327 329 331 334 336 338 340 341 343 345 347 342 342 342 342 342 342 342 342 342 342 342 342 342 342 442 443 445 446 447 449 450 451 452 454 455 456 457 458 460 461 462 463 464 465 466 467 468 469 470 471 472 473 474 475 476 477 478 479 480 481 482 483 484 485 485 486 487 488 489 490 491 491
244 244 244 244 290 290 290 290 290 290 293 297 301 304 307 310 313 315 318 321 323 325 328 330 332 334 336 338 340 342 344 345 342 342 342 342 342 342 342 342 432 434 435 437 438 440 441 442 444 445 446 448 449 450 451 453 454 455 456 457 459 460 461 462 463 464 465 466 467 468 469 470 471 472 473 474 475 476 477 478 479 480 481 482 483 484 485 485 486 487 488 489 490 491
244 244 244 244 244 290 290 290 290 290 290 294 298 301 305 308 311 313 316 319 321 323 326 328 330 332 334 336 338 340 342 342 342 342 421 423 425 426 428 429 431 432 434 435 437 438 440 441 442 444 445 446 448 449 450 452 453 454 455 456 457 459 460 461 462 463 464 465 466 467 468 469 470 471 472 473 474 475 476 477 478 479 480 481 482 483 484 485 485 486 487 488 489 490
