testData/tiles/oneDegreeCosts/grid32.0-49.0-33.0-50.0.asc
ncols   200
nrows   200
xllcorner   32.0
yllcorner   49.0
cellsize   0.005
NODATA_value   -9999.0
[rows 0 to 54 of 200, columns 0 to 95 of 200]
65 65 66 66 67 67 68 68 69 69 70 70 71 71 72 72 73 73 74 74 74 75 75 76 76 77 77 77 78 78 79 79 79 80 80 80 81 81 82 82 82 83 83 83 84 84 84 85 85 85 86 86 86 87 87 87 88 88 88 88 89 89 89 90 90 90 91 91 91 91 92 92 92 92 93 93 93 94 94 94 94 95 95 95 95 96 96 96 96 97 97 97 97 97 98 98
68 68 69 69 70 70 71 71 72 72 73 73 74 74 75 75 75 76 76 77 77 78 78 78 79 79 80 80 80 81 81 81 82 82 83 83 83 84 84 84 85 85 85 86 86 86 87 87 87 88 88 88 89 89 89 89 90 90 90 91 91 91 92 92 92 92 93 93 93 94 94 94 94 95 95 95 95 96 96 96 96 97 97 97 97 98 98 98 98 99 99 99 99 99 100 100
71 71 72 72 73 73 74 74 75 75 76 76 76 77 77 78 78 79 79 79 80 80 81 81 81 82 82 82 83 83 83 84 84 85 85 85 86 86 86 87 87 87 88 88 88 89 89 89 90 90 90 90 91 91 91 92 92 92 93 93 93 93 94 94 94 94 95 95 95 96 96 96 96 97 97 97 97 98 98 98 98 99 99 99 99 100 100 100 100 100 101 101 101 101 102 102
74 74 75 75 76 76 76 77 77 78 78 79 79 79 80 80 81 81 81 82 82 82 83 83 84 84 84 85 85 85 86 86 86 87 87 87 88 88 88 89 89 89 90 90 90 91 91 91 92 92 92 93 93 93 93 94 94 94 95 95 95 95 96 96 96 96 97 97 97 97 98 98 98 99 99 99 99 99 100 100 100 100 101 101 101 101 102 102 102 102 103 103 103 103 103 104
76 77 77 78 78 78 79 79 80 80 81 81 81 82 82 82 83 83 84 84 84 85 85 85 86 86 87 87 87 88 88 88 89 89 89 90 90 90 91 91 91 91 92 92 92 93 93 93 94 94 94 94 95 95 95 96 96 96 96 97 97 97 98 98 98 98 99 99 99 99 100 100 100 100 101 101 101 101 102 102 102 102 102 103 103 103 103 104 104 104 104 104 105 105 105 105
79 79 80 80 80 81 81 82 82 82 83 83 84 84 84 85 85 85 86 86 86 87 87 88 88 88 89 89 89 90 90 90 91 91 91 92 92 92 92 93 93 93 94 94 94 95 95 95 95 96 96 96 97 97 97 97 98 98 98 99 99 99 99 100 100 100 100 101 101 101 101 102 102 102 102 103 103 103 103 103 104 104 104 104 105 105 105 105 105 106 106 106 106 107 107 107
81 81 82 82 83 83 83 84 84 84 85 85 86 86 86 87 87 87 88 88 89 89 89 90 90 90 91 91 91 92 92 92 92 93 93 93 94 94 94 95 95 95 96 96 96 96 97 97 97 98 98 98 98 99 99 99 99 100 100 100 100 101 101 101 102 102 102 102 103 103 103 103 103 104 104 104 104 105 105 105 105 106 106 106 106 106 107 107 107 107 108 108 108 108 108 109
83 83 84 84 85 85 85 86 86 87 87 87 88 88 88 89 89 89 90 90 90 91 91 91 92 92 92 93 93 93 94 94 94 95 95 95 96 96 96 96 97 97 97 98 98 98 98 99 99 99 100 100 100 100 101 101 101 101 102 102 102 102 103 103 103 103 104 104 104 104 105 105 105 105 106 106 106 106 106 107 107 107 107 108 108 108 108 108 109 109 109 109 109 110 110 110
85 85 86 86 87 87 87 88 88 88 89 89 89 90 90 91 91 91 92 92 92 93 93 93 94 94 94 94 95 95 95 96 96 96 97 97 97 97 98 98 98 99 99 99 99 100 100 100 101 101 101 101 102 102 102 102 103 103 103 103 104 104 104 104 105 105 105 105 106 106 106 106 107 107 107 107 107 108 108 108 108 109 109 109 109 109 110 110 110 110 110 111 111 111 111 111
87 87 88 88 88 89 89 89 90 90 91 91 91 92 92 92 93 93 93 94 94 94 95 95 95 95 96 96 96 97 97 97 98 98 98 99 99 99 99 100 100 100 100 101 101 101 102 102 102 102 103 103 103 103 104 104 104 104 105 105 105 105 106 106 106 106 107 107 107 107 108 108 108 108 108 109 109 109 109 110 110 110 110 110 111 111 111 111 111 112 112 112 112 112 113 113
89 89 89 90 90 90 91 91 92 92 92 93 93 93 94 94 94 95 95 95 96 96 96 96 97 97 97 98 98 98 99 99 99 99 100 100 100 101 101 101 101 102 102 102 103 103 103 103 104 104 104 104 105 105 105 105 106 106 106 106 107 107 107 107 108 108 108 108 108 109 109 109 109 110 110 110 110 110 111 111 111 111 112 112 112 112 112 113 113 113 113 113 114 114 114 114
90 91 91 91 92 92 92 93 93 93 94 94 94 95 95 95 96 96 96 97 97 97 98 98 98 99 99 99 99 100 100 100 101 101 101 101 102 102 102 103 103 103 103 104 104 104 104 105 105 105 105 106 106 106 106 107 107 107 107 108 108 108 108 109 109 109 109 110 110 110 110 110 111 111 111 111 112 112 112 112 112 113 113 113 113 113 114 114 114 114 114 115 115 115 115 115
92 92 93 93 93 94 94 94 95 95 95 96 96 96 97 97 97 98 98 98 98 99 99 99 100 100 100 101 101 101 101 102 102 102 103 103 103 103 104 104 104 104 105 105 105 106 106 106 106 107 107 107 107 108 108 108 108 109 109 109 109 109 110 110 110 110 111 111 111 111 111 112 112 112 112 113 113 113 113 113 114 114 114 114 114 115 115 115 115 115 116 116 116 116 116 117
93 94 94 94 95 95 95 96 96 96 97 97 97 98 98 98 99 99 99 100 100 100 100 101 101 101 102 102 102 102 103 103 103 104 104 104 104 105 105 105 105 106 106 106 107 107 107 107 108 108 108 108 109 109 109 109 109 110 110 110 110 111 111 111 111 112 112 112 112 112 113 113 113 113 114 114 114 114 114 115 115 115 115 115 116 116 116 116 116 117 117 117 117 117 118 118
95 95 95 96 96 96 97 97 97 98 98 98 99 99 99 100 100 100 101 101 101 101 102 102 102 103 103 103 103 104 104 104 105 105 105 105 106 106 106 106 107 107 107 107 108 108 108 108 109 109 109 109 110 110 110 110 111 111 111 111 112 112 112 112 112 113 113 113 113 114 114 114 114 114 115 115 115 115 115 116 116 116 116 116 117 117 117 117 117 118 118 118 118 118 119 119
96 96 97 97 97 98 98 98 99 99 99 100 100 100 101 101 101 102 102 102 102 103 103 103 104 104 104 104 105 105 105 106 106 106 106 107 107 107 107 108 108 108 108 109 109 109 109 110 110 110 110 111 111 111 111 112 112 112 112 112 113 113 113 113 114 114 114 114 114 115 115 115 115 116 116 116 116 116 117 117 117 117 117 118 118 118 118 118 119 119 119 119 119 119 120 120
97 98 98 98 99 99 99 100 100 100 101 101 101 102 102 102 102 103 103 103 104 104 104 104 105 105 105 106 106 106 106 107 107 107 107 108 108 108 108 109 109 109 109 110 110 110 110 111 111 111 111 112 112 112 112 113 113 113 113 114 114 114 114 114 115 115 115 115 115 116 116 116 116 117 117 117 117 117 118 118 118 118 118 119 119 119 119 119 120 120 120 120 120 120 121 121
99 99 99 100 100 100 101 101 101 101 102 102 102 103 103 103 104 104 104 104 105 105 105 106 106 106 106 107 107 107 107 108 108 108 109 109 109 109 110 110 110 110 111 111 111 111 112 112 112 112 112 113 113 113 113 114 114 114 114 115 115 115 115 115 116 116 116 116 116 117 117 117 117 118 118 118 118 118 119 119 119 119 119 119 120 120 120 120 120 121 121 121 121 121 122 122
100 100 100 101 101 101 102 102 102 103 103 103 103 104 104 104 105 105 105 105 106 106 106 107 107 107 107 108 108 108 108 109 109 109 110 110 110 110 111 111 111 111 112 112 112 112 112 113 113 113 113 114 114 114 114 115 115 115 115 115 116 116 116 116 117 117 117 117 117 118 118 118 118 118 119 119 119 119 119 120 120 120 120 120 121 121 121 121 121 122 122 122 122 122 122 123
101 101 101 102 102 102 103 103 103 104 104 104 104 105 105 105 106 106 106 106 107 107 107 108 108 108 108 109 109 109 109 110 110 110 110 111 111 111 111 112 112 112 112 113 113 113 113 114 114 114 114 115 115 115 115 115 116 116 116 116 117 117 117 117 117 118 118 118 118 118 119 119 119 119 120 120 120 120 120 120 121 121 121 121 121 122 122 122 122 122 123 123 123 123 123 123
102 102 102 103 103 103 104 104 104 105 105 105 105 106 106 106 107 107 107 107 108 108 108 108 109 109 109 110 110 110 110 111 111 111 111 112 112 112 112 113 113 113 113 114 114 114 114 115 115 115 115 115 116 116 116 116 117 117 117 117 117 118 118 118 118 118 119 119 119 119 120 120 120 120 120 121 121 121 121 121 121 122 122 122 122 122 123 123 123 123 123 124 124 124 124 124
103 103 103 104 104 104 105 105 105 105 106 106 106 107 107 107 107 108 108 108 109 109 109 109 110 110 110 110 111 111 111 111 112 112 112 112 113 113 113 113 114 114 114 114 115 115 115 115 116 116 116 116 116 117 117 117 117 118 118 118 118 118 119 119 119 119 119 120 120 120 120 121 121 121 121 121 121 122 122 122 122 122 123 123 123 123 123 124 124 124 124 124 124 125 125 125
104 104 104 105 105 105 105 106 106 106 107 107 107 107 108 108 108 109 109 109 109 110 110 110 110 111 111 111 111 112 112 112 113 113 113 113 114 114 114 114 114 115 115 115 115 116 116 116 116 117 117 117 117 117 118 118 118 118 119 119 119 119 119 120 120 120 120 120 121 121 121 121 121 122 122 122 122 122 123 123 123 123 123 124 124 124 124 124 124 125 125 125 125 125 126 126
104 105 105 105 106 106 106 107 107 107 107 108 108 108 109 109 109 109 110 110 110 110 111 111 111 111 112 112 112 113 113 113 113 114 114 114 114 114 115 115 115 115 116 116 116 116 117 117 117 117 118 118 118 118 118 119 119 119 119 119 120 120 120 120 121 121 121 121 121 122 122 122 122 122 123 123 123 123 123 123 124 124 124 124 124 125 125 125 125 125 125 126 126 126 126 126
105 106 106 106 106 107 107 107 108 108 108 108 109 109 109 110 110 110 110 111 111 111 111 112 112 112 112 113 113 113 113 114 114 114 114 115 115 115 115 116 116 116 116 117 117 117 117 118 118 118 118 118 119 119 119 119 119 120 120 120 120 121 121 121 121 121 122 122 122 122 122 123 123 123 123 123 124 124 124 124 124 124 125 125 125 125 125 126 126 126 126 126 126 127 127 127
106 106 107 107 107 107 108 108 108 109 109 109 109 110 110 110 110 111 111 111 112 112 112 112 113 113 113 113 114 114 114 114 115 115 115 115 116 116 116 116 117 117 117 117 117 118 118 118 118 119 119 119 119 119 120 120 120 120 121 121 121 121 121 122 122 122 122 122 123 123 123 123 123 124 124 124 124 124 125 125 125 125 125 125 126 126 126 126 126 127 127 127 127 127 127 128
107 107 107 107 108 108 108 109 109 109 109 110 110 110 111 111 111 111 112 112 112 112 113 113 113 113 114 114 114 114 115 115 115 115 116 116 116 116 117 117 117 117 118 118 118 118 119 119 119 119 119 120 120 120 120 120 121 121 121 121 122 122 122 122 122 123 123 123 123 123 124 124 124 124 124 125 125 125 125 125 125 126 126 126 126 126 127 127 127 127 127 127 128 128 128 128
107 108 108 108 108 109 109 109 110 110 110 110 111 111 111 111 112 112 112 113 113 113 113 114 114 114 114 115 115 115 115 116 116 116 116 117 117 117 117 117 118 118 118 118 119 119 119 119 120 120 120 120 120 121 121 121 121 121 122 122 122 122 122 123 123 123 123 123 124 124 124 124 124 125 125 125 125 125 126 126 126 126 126 127 127 127 127 127 127 128 128 128 128 128 128 129
108 108 108 109 109 109 110 110 110 110 111 111 111 111 112 112 112 113 113 113 113 114 114 114 114 115 115 115 115 116 116 116 116 117 117 117 117 118 118 118 118 118 119 119 119 119 120 120 120 120 120 121 121 121 121 122 122 122 122 122 123 123 123 123 123 124 124 124 124 124 125 125 125 125 125 126 126 126 126 126 126 127 127 127 127 127 128 128 128 128 128 128 129 129 129 129
108 109 109 109 109 110 110 110 111 111 111 111 112 112 112 112 113 113 113 114 114 114 114 115 115 115 115 116 116 116 116 117 117 117 117 118 118 118 118 118 119 119 119 119 120 120 120 120 120 121 121 121 121 122 122 122 122 122 123 123 123 123 123 124 124 124 124 124 125 125 125 125 125 126 126 126 126 126 127 127 127 127 127 127 128 128 128 128 128 128 129 129 129 129 129 129
109 109 109 110 110 110 110 111 111 111 112 112 112 112 113 113 113 113 114 114 114 115 115 115 115 116 116 116 116 117 117 117 117 117 118 118 118 118 119 119 119 119 120 120 120 120 120 121 121 121 121 122 122 122 122 122 123 123 123 123 123 124 124 124 124 124 125 125 125 125 125 126 126 126 126 126 127 127 127 127 127 127 128 128 128 128 128 129 129 129 129 129 129 130 130 130
109 109 110 110 110 111 111 111 111 112 112 112 113 113 113 113 114 114 114 114 115 115 115 115 116 116 116 116 117 117 117 117 118 118 118 118 119 119 119 119 119 120 120 120 120 121 121 121 121 121 122 122 122 122 123 123 123 123 123 124 124 124 124 124 125 125 125 125 125 126 126 126 126 126 127 127 127 127 127 127 128 128 128 128 128 129 129 129 129 129 129 130 130 130 130 130
110 110 110 110 111 111 111 112 112 112 112 113 113 113 113 114 114 114 114 115 115 115 116 116 116 116 117 117 117 117 117 118 118 118 118 119 119 119 119 120 120 120 120 120 121 121 121 121 122 122 122 122 122 123 123 123 123 124 124 124 124 124 125 125 125 125 125 126 126 126 126 126 126 127 127 127 127 127 128 128 128 128 128 128 129 129 129 129 129 130 130 130 130 130 130 131
110 110 110 111 111 111 112 112 112 112 113 113 113 114 114 114 114 115 115 115 115 116 116 116 116 117 117 117 117 118 118 118 118 119 119 119 119 119 120 120 120 120 121 121 121 121 121 122 122 122 122 123 123 123 123 123 124 124 124 124 124 125 125 125 125 125 126 126 126 126 126 127 127 127 127 127 127 128 128 128 128 128 129 129 129 129 129 129 130 130 130 130 130 130 131 131
110 110 111 111 111 112 112 112 112 113 113 113 114 114 114 114 115 115 115 115 116 116 116 116 117 117 117 117 118 118 118 118 119 119 119 119 119 120 120 120 120 121 121 121 121 121 122 122 122 122 123 123 123 123 123 124 124 124 124 124 125 125 125 125 125 126 126 126 126 126 127 127 127 127 127 128 128 128 128 128 128 129 129 129 129 129 130 130 130 130 130 130 131 131 131 131
110 111 111 111 112 112 112 112 113 113 113 113 114 114 114 115 115 115 115 116 116 116 116 117 117 117 117 118 118 118 118 119 119 119 119 119 120 120 120 120 121 121 121 121 121 122 122 122 122 123 123 123 123 123 124 124 124 124 124 125 125 125 125 125 126 126 126 126 126 127 127 127 127 127 128 128 128 128 128 128 129 129 129 129 129 130 130 130 130 130 130 131 131 131 131 131
111 111 111 111 112 112 112 113 113 113 113 114 114 114 114 115 115 115 116 116 116 116 117 117 117 117 118 118 118 118 118 119 119 119 119 120 120 120 120 121 121 121 121 121 122 122 122 122 123 123 123 123 123 124 124 124 124 124 125 125 125 125 125 126 126 126 126 126 127 127 127 127 127 128 128 128 128 128 128 129 129 129 129 129 130 130 130 130 130 130 131 131 131 131 131 131
111 111 111 112 112 112 112 113 113 113 114 114 114 114 115 115 115 115 116 116 116 116 117 117 117 117 118 118 118 118 119 119 119 119 120 120 120 120 120 121 121 121 121 122 122 122 122 122 123 123 123 123 124 124 124 124 124 125 125 125 125 125 126 126 126 126 126 127 127 127 127 127 127 128 128 128 128 128 129 129 129 129 129 129 130 130 130 130 130 131 131 131 131 131 131 132
111 111 111 112 112 112 113 113 113 113 114 114 114 114 115 115 115 115 116 116 116 117 117 117 117 118 118 118 118 118 119 119 119 119 120 120 120 120 121 121 121 121 121 122 122 122 122 123 123 123 123 123 124 124 124 124 124 125 125 125 125 125 126 126 126 126 126 127 127 127 127 127 128 128 128 128 128 129 129 129 129 129 129 130 130 130 130 130 130 131 131 131 131 131 131 132
111 111 112 112 112 112 113 113 113 113 114 114 114 115 115 115 115 116 116 116 116 117 117 117 117 118 118 118 118 119 119 119 119 119 120 120 120 120 121 121 121 121 122 122 122 122 122 123 123 123 123 123 124 124 124 124 125 125 125 125 125 126 126 126 126 126 127 127 127 127 127 127 128 128 128 128 128 129 129 129 129 129 129 130 130 130 130 130 130 131 131 131 131 131 131 132
111 111 112 112 112 112 113 113 113 113 114 114 114 115 115 115 115 116 116 116 116 117 117 117 117 118 118 118 118 119 119 119 119 119 120 120 120 120 121 121 121 121 122 122 122 122 122 123 123 123 123 123 124 124 124 124 125 125 125 125 125 126 126 126 126 126 127 127 127 127 127 127 128 128 128 128 128 129 129 129 129 129 129 130 130 130 130 130 131 131 131 131 131 131 132 132
111 111 112 112 112 112 113 113 113 113 114 114 114 115 115 115 115 116 116 116 116 117 117 117 117 118 118 118 118 119 119 119 119 119 120 120 120 120 121 121 121 121 122 122 122 122 122 123 123 123 123 123 124 124 124 124 125 125 125 125 125 126 126 126 126 126 127 127 127 127 127 127 128 128 128 128 128 129 129 129 129 129 129 130 130 130 130 130 130 131 131 131 131 131 131 132
111 111 111 112 112 112 113 113 113 113 114 114 114 114 115 115 115 115 116 116 116 117 117 117 117 118 118 118 118 118 119 119 119 119 120 120 120 120 121 121 121 121 121 122 122 122 122 123 123 123 123 123 124 124 124 124 124 125 125 125 125 125 126 126 126 126 126 127 127 127 127 127 128 128 128 128 128 129 129 129 129 129 129 130 130 130 130 130 130 131 131 131 131 131 131 132
111 111 111 112 112 112 112 113 113 113 114 114 114 114 115 115 115 115 116 116 116 116 117 117 117 117 118 118 118 118 119 119 119 119 120 120 120 120 120 121 121 121 121 122 122 122 122 122 123 123 123 123 124 124 124 124 124 125 125 125 125 125 126 126 126 126 126 127 127 127 127 127 127 128 128 128 128 128 129 129 129 129 129 129 130 130 130 130 130 131 131 131 131 131 131 132
111 111 111 111 112 112 112 113 113 113 113 114 114 114 114 115 115 115 116 116 116 116 117 117 117 117 118 118 118 118 118 119 119 119 119 120 120 120 120 121 121 121 121 121 122 122 122 122 123 123 123 123 123 124 124 124 124 124 125 125 125 125 125 126 126 126 126 126 127 127 127 127 127 128 128 128 128 128 128 129 129 129 129 129 130 130 130 130 130 130 131 131 131 131 131 131
110 111 111 111 112 112 112 112 113 113 113 113 114 114 114 115 115 115 115 116 116 116 116 117 117 117 117 118 118 118 118 119 119 119 119 119 120 120 120 120 121 121 121 121 121 122 122 122 122 123 123 123 123 123 124 124 124 124 124 125 125 125 125 125 126 126 126 126 126 127 127 127 127 127 128 128 128 128 128 128 129 129 129 129 129 130 130 130 130 130 130 131 131 131 131 131
110 110 111 111 111 112 112 112 112 113 113 113 114 114 114 114 115 115 115 115 116 116 116 116 117 117 117 117 118 118 118 118 119 119 119 119 119 120 120 120 120 121 121 121 121 121 122 122 122 122 123 123 123 123 123 124 124 124 124 124 125 125 125 125 125 126 126 126 126 126 127 127 127 127 127 128 128 128 128 128 128 129 129 129 129 129 130 130 130 130 130 130 131 131 131 131
110 110 110 111 111 111 112 112 112 112 113 113 113 114 114 114 114 115 115 115 115 116 116 116 116 117 117 117 117 118 118 118 118 119 119 119 119 119 120 120 120 120 121 121 121 121 121 122 122 122 122 123 123 123 123 123 124 124 124 124 124 125 125 125 125 125 126 126 126 126 126 127 127 127 127 127 127 128 128 128 128 128 129 129 129 129 129 129 130 130 130 130 130 130 131 131
110 110 110 110 111 111 111 112 112 112 112 113 113 113 113 114 114 114 114 115 115 115 116 116 116 116 117 117 117 117 117 118 118 118 118 119 119 119 119 120 120 120 120 120 121 121 121 121 122 122 122 122 122 123 123 123 123 124 124 124 124 124 125 125 125 125 125 126 126 126 126 126 126 127 127 127 127 127 128 128 128 128 128 128 129 129 129 129 129 130 130 130 130 130 130 131
109 109 110 110 110 111 111 111 111 112 112 112 113 113 113 113 114 114 114 114 115 115 115 115 116 116 116 116 117 117 117 117 118 118 118 118 119 119 119 119 119 120 120 120 120 121 121 121 121 121 122 122 122 122 123 123 123 123 123 124 124 124 124 124 125 125 125 125 125 126 126 126 126 126 127 127 127 127 127 127 128 128 128 128 128 129 129 129 129 129 129 130 130 130 130 130
109 109 109 110 110 110 110 111 111 111 112 112 112 112 113 113 113 113 114 114 114 115 115 115 115 116 116 116 116 117 117 117 117 117 118 118 118 118 119 119 119 119 120 120 120 120 120 121 121 121 121 122 122 122 122 122 123 123 123 123 123 124 124 124 124 124 125 125 125 125 125 126 126 126 126 126 127 127 127 127 127 127 128 128 128 128 128 129 129 129 129 129 129 130 130 130
108 109 109 109 109 110 110 110 111 111 111 111 112 112 112 112 113 113 113 114 114 114 114 115 115 115 115 116 116 116 116 117 117 117 117 118 118 118 118 118 119 119 119 119 120 120 120 120 120 121 121 121 121 122 122 122 122 122 123 123 123 123 123 124 124 124 124 124 125 125 125 125 125 126 126 126 126 126 127 127 127 127 127 127 128 128 128 128 128 128 129 129 129 129 129 129
108 108 108 109 109 109 110 110 110 110 111 111 111 111 112 112 112 113 113 113 113 114 114 114 114 115 115 115 115 116 116 116 116 117 117 117 117 118 118 118 118 118 119 119 119 119 120 120 120 120 120 121 121 121 121 122 122 122 122 122 123 123 123 123 123 124 124 124 124 124 125 125 125 125 125 126 126 126 126 126 126 127 127 127 127 127 128 128 128 128 128 128 129 129 129 129
107 108 108 108 108 109 109 109 110 110 110 110 111 111 111 111 112 112 112 113 113 113 113 114 114 114 114 115 115 115 115 116 116 116 116 117 117 117 117 117 118 118 118 118 119 119 119 119 120 120 120 120 120 121 121 121 121 121 122 122 122 122 122 123 123 123 123 123 124 124 124 124 124 125 125 125 125 125 126 126 126 126 126 127 127 127 127 127 127 128 128 128 128 128 128 129
107 107 107 107 108 108 108 109 109 109 109 110 110 110 111 111 111 111 112 112 112 112 113 113 113 113 114 114 114 114 115 115 115 115 116 116 116 116 117 117 117 117 118 118 118 118 119 119 119 119 119 120 120 120 120 120 121 121 121 121 122 122 122 122 122 123 123 123 123 123 124 124 124 124 124 125 125 125 125 125 125 126 126 126 126 126 127 127 127 127 127 127 128 128 128 128
