testData/tiles/oneDegreeCosts/grid7.0-43.0-8.0-44.0.asc
ncols   200
nrows   200
xllcorner   7.0
yllcorner   43.0
cellsize   0.005
NODATA_value   -9999.0
[rows 0 to 41 of 200, columns 94 to 187 of 200]
109 109 109 108 108 108 108 107 107 107 106 106 106 105 105 105 104 104 104 103 103 103 102 102 101 101 101 100 100 99 99 99 98 98 97 97 96 96 95 95 94 94 93 93 92 91 91 90 90 89 88 88 87 86 85 85 84 83 82 81 80 79 78 77 76 75 74 72 71 69 67 66 66 56 56 56 56 56 56 56 56 56 56 56 56 56 56 56 56 56 56 56 56 56
109 109 109 108 108 108 108 107 107 107 106 106 106 105 105 105 104 104 104 103 103 103 102 102 102 101 101 100 100 99 99 99 98 98 97 97 96 96 95 95 94 94 93 93 92 92 91 90 90 89 88 88 87 86 86 85 84 83 82 81 81 80 79 78 76 75 74 73 71 69 68 66 66 56 56 56 56 56 56 56 56 56 56 56 56 56 56 56 56 56 56 56 56 56
109 109 109 109 108 108 108 107 107 107 106 106 106 106 105 105 105 104 104 103 103 103 102 102 102 101 101 100 100 100 99 99 98 98 97 97 96 96 95 95 94 94 93 93 92 92 91 90 90 89 88 88 87 86 86 85 84 83 82 82 81 80 79 78 77 75 74 73 71 70 68 66 66 66 56 56 56 56 56 56 56 56 56 56 56 56 56 56 56 56 56 56 56 56
109 109 109 109 108 108 108 107 107 107 107 106 106 106 105 105 105 104 104 104 103 103 102 102 102 101 101 100 100 100 99 99 98 98 97 97 96 96 95 95 94 94 93 93 92 92 91 90 90 89 89 88 87 87 86 85 84 83 83 82 81 80 79 78 77 76 74 73 72 70 68 66 66 66 56 56 56 56 56 56 56 56 56 56 56 56 56 56 56 56 56 56 56 56
109 109 109 109 108 108 108 107 107 107 107 106 106 106 105 105 105 104 104 104 103 103 102 102 102 101 101 101 100 100 99 99 98 98 97 97 97 96 96 95 95 94 93 93 92 92 91 91 90 89 89 88 87 87 86 85 84 84 83 82 81 80 79 78 77 76 74 73 72 70 68 66 66 66 56 56 56 56 56 56 56 56 56 56 56 56 56 56 56 56 56 56 56 56
110 109 109 109 108 108 108 108 107 107 107 106 106 106 105 105 105 104 104 104 103 103 103 102 102 101 101 101 100 100 99 99 98 98 98 97 97 96 96 95 95 94 94 93 92 92 91 91 90 89 89 88 87 87 86 85 84 84 83 82 81 80 79 78 77 76 75 73 72 70 69 66 66 66 56 56 56 56 56 56 56 56 56 56 56 56 56 56 56 56 56 56 56 56
110 109 109 109 108 108 108 108 107 107 107 106 106 106 105 105 105 104 104 104 103 103 103 102 102 101 101 101 100 100 99 99 99 98 98 97 97 96 96 95 95 94 94 93 93 92 91 91 90 89 89 88 88 87 86 85 85 84 83 82 81 80 79 78 77 76 75 74 72 71 69 67 66 66 56 56 56 56 56 56 56 56 56 56 56 56 56 56 56 56 56 56 56 56
110 109 109 109 109 108 108 108 107 107 107 106 106 106 105 105 105 104 104 104 103 103 103 102 102 102 101 101 100 100 99 99 99 98 98 97 97 96 96 95 95 94 94 93 93 92 91 91 90 90 89 88 88 87 86 85 85 84 83 82 81 80 79 78 77 76 75 74 72 71 69 67 66 66 56 56 56 56 56 56 56 56 56 56 56 56 56 56 56 56 56 56 56 56
110 109 109 109 109 108 108 108 107 107 107 107 106 106 106 105 105 105 104 104 103 103 103 102 102 102 101 101 100 100 100 99 99 98 98 97 97 96 96 95 95 94 94 93 93 92 92 91 90 90 89 88 88 87 86 86 85 84 83 82 81 80 80 79 77 76 75 74 72 71 69 67 66 66 56 56 56 56 56 56 56 56 56 56 56 56 56 56 56 56 56 56 56 56
238 237 237 109 109 108 108 108 107 107 107 107 106 106 106 105 105 105 104 104 104 103 103 102 102 102 101 101 100 100 100 99 99 98 98 97 97 96 96 95 95 94 94 93 93 92 92 91 90 90 89 88 88 87 86 86 85 84 83 82 82 81 80 79 78 76 75 74 73 71 69 68 66 66 56 56 56 56 56 56 56 56 56 56 56 56 56 56 56 56 56 56 56 56
238 238 237 237 237 236 108 108 108 107 107 107 106 106 106 105 105 105 104 104 104 103 103 102 102 102 101 101 101 100 100 99 99 98 98 97 97 96 96 95 95 94 94 93 93 92 92 91 90 90 89 89 88 87 86 86 85 84 83 83 82 81 80 79 78 77 75 74 73 71 70 68 66 66 56 56 56 56 56 56 56 56 56 56 56 56 56 56 56 56 56 56 56 56
238 238 237 237 237 236 236 236 108 107 107 107 106 106 106 105 105 105 104 104 104 103 103 103 102 102 101 101 101 100 100 99 99 98 98 98 97 97 96 96 95 95 94 93 93 92 92 91 91 90 89 89 88 87 87 86 85 84 83 83 82 81 80 79 78 77 76 74 73 71 70 68 66 66 66 56 56 56 56 56 56 56 56 56 56 56 56 56 56 56 56 56 56 56
238 238 237 237 237 237 236 236 236 235 235 107 106 106 106 105 105 105 104 104 104 103 103 103 102 102 101 101 101 100 100 99 99 98 98 98 97 97 96 96 95 95 94 94 93 92 92 91 91 90 89 89 88 87 87 86 85 84 84 83 82 81 80 79 78 77 76 74 73 72 70 68 66 66 66 56 56 56 56 56 56 56 56 56 56 56 56 56 56 56 56 56 56 56
238 238 237 237 237 237 236 236 236 235 235 235 234 234 106 106 105 105 104 104 104 103 103 103 102 102 102 101 101 100 100 99 99 99 98 98 97 97 96 96 95 95 94 94 93 92 92 91 91 90 89 89 88 87 87 86 85 84 84 83 82 81 80 79 78 77 76 75 73 72 70 68 66 66 66 56 56 56 56 56 56 56 56 56 56 56 56 56 56 56 56 56 56 56
238 238 237 237 237 237 236 236 236 235 235 235 235 234 234 234 105 105 105 104 104 103 103 103 102 102 102 101 101 100 100 100 99 99 98 98 97 97 96 96 95 95 94 94 93 93 92 91 91 90 90 89 88 88 87 86 85 85 84 83 82 81 80 79 78 77 76 75 73 72 70 69 67 66 66 56 56 56 56 56 56 56 56 56 56 56 56 56 56 56 56 56 56 56
238 238 238 237 237 237 236 236 236 236 235 235 235 234 234 234 233 233 233 104 104 104 103 103 102 102 102 101 101 100 100 100 99 99 98 98 97 97 96 96 95 95 94 94 93 93 92 91 91 90 90 89 88 88 87 86 85 85 84 83 82 81 80 79 78 77 76 75 74 72 71 69 67 66 66 56 56 56 56 56 56 56 56 56 56 56 56 56 56 56 56 56 56 56
238 238 238 237 237 237 236 236 236 236 235 235 235 234 234 234 233 233 233 232 232 104 103 103 102 102 102 101 101 100 100 100 99 99 98 98 97 97 96 96 95 95 94 94 93 93 92 92 91 90 90 89 88 88 87 86 86 85 84 83 82 81 80 79 78 77 76 75 74 72 71 69 67 66 66 56 56 56 56 56 56 56 56 56 56 56 56 56 56 56 56 56 56 56
238 238 238 237 237 237 237 236 236 236 235 235 235 234 234 234 233 233 233 232 232 232 231 231 103 102 102 101 101 101 100 100 99 99 98 98 97 97 96 96 95 95 94 94 93 93 92 92 91 90 90 89 88 88 87 86 86 85 84 83 82 81 81 80 79 78 76 75 74 73 71 69 67 66 66 56 56 56 56 56 56 56 56 56 56 56 56 56 56 56 56 56 56 56
238 238 238 237 237 237 237 236 236 236 235 235 235 234 234 234 233 233 233 232 232 232 231 231 231 230 102 101 101 101 100 100 99 99 98 98 98 97 97 96 96 95 95 94 93 93 92 92 91 90 90 89 89 88 87 86 86 85 84 83 82 82 81 80 79 78 77 75 74 73 71 69 68 66 66 56 56 56 56 56 56 56 56 56 56 56 56 56 56 56 56 56 56 56
238 238 238 237 237 237 237 236 236 236 235 235 235 234 234 234 234 233 233 232 232 232 231 231 231 230 230 229 101 101 100 100 99 99 98 98 98 97 97 96 96 95 95 94 93 93 92 92 91 91 90 89 89 88 87 87 86 85 84 83 83 82 81 80 79 78 77 75 74 73 71 70 68 66 66 56 56 56 56 56 56 56 56 56 56 56 56 56 56 56 56 56 56 56
238 238 238 238 237 237 237 236 236 236 235 235 235 235 234 234 234 233 233 233 232 232 231 231 231 230 230 230 229 229 228 100 99 99 99 98 98 97 97 96 96 95 95 94 94 93 92 92 91 91 90 89 89 88 87 87 86 85 84 84 83 82 81 80 79 78 77 76 74 73 71 70 68 66 66 66 56 56 56 56 56 56 56 56 56 56 56 56 56 56 56 56 56 56
238 238 238 238 237 237 237 236 236 236 236 235 235 235 234 234 234 233 233 233 232 232 232 231 231 230 230 230 229 229 228 228 228 99 99 98 98 97 97 96 96 95 95 94 94 93 93 92 91 91 90 89 89 88 87 87 86 85 84 84 83 82 81 80 79 78 77 76 74 73 72 70 68 66 66 66 56 56 56 56 56 56 56 56 56 56 56 56 56 56 56 56 56 56
238 238 238 238 237 237 237 236 236 236 236 235 235 235 234 234 234 233 233 233 232 232 232 231 231 230 230 230 229 229 228 228 228 227 227 98 98 97 97 96 96 95 95 94 94 93 93 92 91 91 90 90 89 88 88 87 86 85 85 84 83 82 81 80 79 78 77 76 75 73 72 70 68 66 66 66 56 56 56 56 56 56 56 56 56 56 56 56 56 56 56 56 56 56
238 238 238 238 237 237 237 237 236 236 236 235 235 235 234 234 234 233 233 233 232 232 232 231 231 230 230 230 229 229 228 228 228 227 227 226 226 97 97 96 96 95 95 94 94 93 93 92 91 91 90 90 89 88 88 87 86 85 85 84 83 82 81 80 79 78 77 76 75 73 72 70 69 66 66 66 56 56 56 56 56 56 56 56 56 56 56 56 56 56 56 56 56 56
238 238 238 238 237 237 237 237 236 236 236 235 235 235 234 234 234 233 233 233 232 232 232 231 231 231 230 230 229 229 229 228 228 227 227 226 226 225 225 96 96 95 95 94 94 93 93 92 92 91 90 90 89 88 88 87 86 85 85 84 83 82 81 80 79 78 77 76 75 74 72 71 69 67 66 66 56 56 56 56 56 56 56 56 56 56 56 56 56 56 56 56 56 56
239 238 238 238 237 237 237 237 236 236 236 235 235 235 234 234 234 233 233 233 232 232 232 231 231 231 230 230 229 229 229 228 228 227 227 226 226 225 225 225 224 223 95 94 94 93 93 92 92 91 90 90 89 88 88 87 86 86 85 84 83 82 81 80 79 78 77 76 75 74 72 71 69 67 66 66 56 56 56 56 56 56 56 56 56 56 56 56 56 56 56 56 56 56
239 238 238 238 238 237 237 237 236 236 236 235 235 235 235 234 234 234 233 233 232 232 232 231 231 231 230 230 229 229 229 228 228 227 227 226 226 226 225 225 224 224 223 223 94 93 93 92 92 91 90 90 89 89 88 87 86 86 85 84 83 82 81 81 80 79 77 76 75 74 72 71 69 67 66 66 56 56 56 56 56 56 56 56 56 56 56 56 56 56 56 56 56 56
239 238 238 238 238 237 237 237 236 236 236 236 235 235 235 234 234 234 233 233 233 232 232 231 231 231 230 230 230 229 229 228 228 227 227 227 226 226 225 225 224 224 223 223 222 221 93 92 92 91 91 90 89 89 88 87 86 86 85 84 83 82 82 81 80 79 78 76 75 74 73 71 69 67 66 66 56 56 56 56 56 56 56 56 56 56 56 56 56 56 56 56 56 56
239 238 238 238 238 237 237 237 236 236 236 236 235 235 235 234 234 234 233 233 233 232 232 232 231 231 230 230 230 229 229 228 228 227 227 227 226 226 225 225 224 224 223 223 222 222 221 220 92 91 91 90 89 89 88 87 87 86 85 84 83 83 82 81 80 79 78 77 75 74 73 71 70 68 66 66 56 56 56 56 56 56 56 56 56 56 56 56 56 56 56 56 56 56
239 238 238 238 238 237 237 237 237 236 236 236 235 235 235 234 234 234 233 233 233 232 232 232 231 231 230 230 230 229 229 228 228 228 227 227 226 226 225 225 224 224 223 223 222 222 221 220 220 219 91 90 89 89 88 87 87 86 85 84 84 83 82 81 80 79 78 77 76 74 73 71 70 68 66 66 56 56 56 56 56 56 56 56 56 56 56 56 56 56 56 56 56 56
239 239 238 238 238 237 237 237 237 236 236 236 235 235 235 234 234 234 233 233 233 232 232 232 231 231 230 230 230 229 229 228 228 228 227 227 226 226 225 225 224 224 223 223 222 222 221 221 220 219 219 218 89 89 88 87 87 86 85 84 84 83 82 81 80 79 78 77 76 74 73 72 70 68 66 66 66 56 56 56 56 56 56 56 56 56 56 56 56 56 56 56 56 56
239 239 238 238 238 237 237 237 237 236 236 236 235 235 235 234 234 234 233 233 233 232 232 232 231 231 231 230 230 229 229 228 228 228 227 227 226 226 225 225 224 224 223 223 222 222 221 221 220 219 219 218 218 217 88 88 87 86 85 84 84 83 82 81 80 79 78 77 76 74 73 72 70 68 66 66 66 56 56 56 56 56 56 56 56 56 56 56 56 56 56 56 56 56
239 239 238 238 238 238 237 237 237 236 236 236 235 235 235 234 234 234 233 233 233 232 232 232 231 231 231 230 230 229 229 229 228 228 227 227 226 226 225 225 224 224 223 223 222 222 221 221 220 219 219 218 218 217 216 88 87 86 85 85 84 83 82 81 80 79 78 77 76 75 73 72 70 68 66 66 66 56 56 56 56 56 56 56 56 56 56 56 56 56 56 56 56 56
239 239 238 238 238 238 237 237 237 236 236 236 235 235 235 235 234 234 234 233 233 232 232 232 231 231 231 230 230 229 229 229 228 228 227 227 226 226 225 225 224 224 223 223 222 222 221 221 220 220 219 218 218 217 216 216 215 86 85 85 84 83 82 81 80 79 78 77 76 75 73 72 70 69 66 66 66 56 56 56 56 56 56 56 56 56 56 56 56 56 56 56 56 56
239 239 238 238 238 238 237 237 237 236 236 236 236 235 235 235 234 234 234 233 233 233 232 232 231 231 231 230 230 229 229 229 228 228 227 227 226 226 226 225 225 224 224 223 222 222 221 221 220 220 219 218 218 217 216 216 215 214 214 85 84 83 82 81 80 79 78 77 76 75 74 72 70 69 67 66 66 56 56 56 56 56 56 56 56 56 56 56 56 56 56 56 56 56
239 239 238 238 238 238 237 237 237 236 236 236 236 235 235 235 234 234 234 233 233 233 232 232 231 231 231 230 230 230 229 229 228 228 227 227 226 226 226 225 225 224 224 223 223 222 221 221 220 220 219 218 218 217 216 216 215 214 214 213 212 83 82 81 80 79 78 77 76 75 74 72 71 69 67 66 66 56 56 56 56 56 56 56 56 56 56 56 56 56 56 56 56 56
239 239 238 238 238 238 237 237 237 237 236 236 236 235 235 235 234 234 234 233 233 233 232 232 232 231 231 230 230 230 229 229 228 228 227 227 227 226 226 225 225 224 224 223 223 222 221 221 220 220 219 219 218 217 217 216 215 214 214 213 212 211 210 81 81 80 79 77 76 75 74 72 71 69 67 66 66 56 56 56 56 56 56 56 56 56 56 56 56 56 56 56 56 56
239 239 239 238 238 238 237 237 237 237 236 236 236 235 235 235 234 234 234 233 233 233 232 232 232 231 231 230 230 230 229 229 228 228 228 227 227 226 226 225 225 224 224 223 223 222 222 221 220 220 219 219 218 217 217 216 215 214 214 213 212 211 210 210 209 80 79 78 76 75 74 72 71 69 67 66 66 56 56 56 56 56 56 56 56 56 56 56 56 56 56 56 56 56
239 239 239 238 238 238 237 237 237 237 236 236 236 235 235 235 234 234 234 233 233 233 232 232 232 231 231 230 230 230 229 229 228 228 228 227 227 226 226 225 225 224 224 223 223 222 222 221 220 220 219 219 218 217 217 216 215 215 214 213 212 211 211 210 209 208 79 78 77 75 74 73 71 69 67 66 66 56 56 56 56 56 56 56 56 56 56 56 56 56 56 56 56 56
239 239 239 238 238 238 238 237 237 237 236 236 236 235 235 235 234 234 234 233 233 233 232 232 232 231 231 231 230 230 229 229 228 228 228 227 227 226 226 225 225 224 224 223 223 222 222 221 221 220 219 219 218 217 217 216 215 215 214 213 212 211 211 210 209 208 207 206 77 75 74 73 71 69 68 66 66 56 56 56 56 56 56 56 56 56 56 56 56 56 56 56 56 56
239 239 239 238 238 238 238 237 237 237 236 236 236 235 235 235 235 234 234 233 233 233 232 232 232 231 231 231 230 230 229 229 229 228 228 227 227 226 226 225 225 224 224 223 223 222 222 221 221 220 219 219 218 217 217 216 215 215 214 213 212 212 211 210 209 208 207 206 205 204 74 73 71 70 68 66 66 56 56 56 56 56 56 56 56 56 56 56 56 56 56 56 56 56
239 239 239 238 238 238 238 237 237 237 236 236 236 236 235 235 235 234 234 234 233 233 232 232 232 231 231 231 230 230 229 229 229 228 228 227 227 226 226 225 225 224 224 223 223 222 222 221 221 220 219 219 218 218 217 216 215 215 214 213 212 212 211 210 209 208 207 206 205 204 202 201 71 70 68 66 66 56 56 56 56 56 56 56 56 56 56 56 56 56 56 56 56 56
