testData/tiles/oneDegreeCosts/grid40.0-44.0-41.0-45.0.asc
ncols   200
nrows   200
xllcorner   40.0
yllcorner   44.0
cellsize   0.005
NODATA_value   -9999.0
[rows 126 to 167 of 200, columns 0 to 93 of 200]
509 507 507 505 503 502 501 499 497 497 494 493 490 500 499 496 494 493 492 490 489 488 487 486 484 483 481 479 477 477 477 477 477 477 477 477 477 477 477 477 477 477 477 477 477 477 477 477 477 477 477 477 477 477 477 477 477 477 512 510 510 509 688 686 686 684 674 672 675 684 691 698 704 708 711 713 715 716 717 716 715 714 711 710 709 706 703 700 695 690 684 677 668 659
507 506 504 502 502 500 498 497 495 494 491 490 488 497 495 494 493 491 490 489 488 487 485 484 482 482 480 479 477 477 477 477 477 477 477 477 477 477 477 477 477 477 477 477 477 477 477 477 477 477 477 477 477 477 477 516 514 513 511 509 509 509 687 686 685 675 673 671 675 684 691 698 703 707 712 714 715 716 716 716 715 713 712 711 709 707 704 700 696 690 684 677 669 660
505 503 501 500 500 497 496 495 492 492 489 487 487 496 495 493 492 492 490 489 487 485 484 483 481 480 479 477 477 477 477 477 477 477 477 477 477 477 477 477 477 477 477 477 477 477 477 477 477 477 477 477 477 477 517 514 513 512 510 509 509 509 686 686 684 674 672 671 675 683 691 697 703 708 711 713 714 715 715 715 714 713 712 711 709 707 704 700 696 691 685 677 669 660
502 500 499 498 497 495 493 492 490 489 487 485 485 483 493 492 491 490 488 487 486 485 483 482 480 477 477 477 477 477 477 477 477 477 477 477 477 477 477 477 477 477 477 477 477 477 477 477 477 477 477 477 520 518 516 513 513 511 509 509 509 509 686 685 683 673 671 670 674 684 691 697 703 707 710 713 713 714 715 714 714 714 712 711 710 707 704 701 696 691 685 678 670 661
499 498 498 495 494 492 490 490 488 486 486 484 483 481 492 491 489 488 487 486 484 483 483 477 477 477 477 477 477 477 477 477 477 477 477 477 477 477 477 477 477 477 477 477 477 477 477 477 477 477 658 521 519 517 514 513 512 510 509 509 509 509 685 684 682 672 671 669 674 683 690 697 702 706 710 712 713 714 714 715 715 714 713 712 710 708 705 701 697 691 685 678 670 661
496 496 495 493 491 490 489 487 485 485 484 482 482 480 490 489 488 487 485 484 484 482 477 477 477 477 477 477 477 477 477 477 477 477 477 477 477 477 477 477 477 477 477 477 477 477 477 477 660 659 657 655 518 516 513 512 511 509 509 509 509 509 685 683 673 672 670 668 674 682 691 697 702 706 709 712 712 713 715 715 715 714 713 712 711 708 705 702 697 692 686 679 671 661
495 493 491 490 488 488 486 485 485 483 482 481 480 479 488 488 486 485 485 483 477 477 477 477 477 477 477 477 477 477 477 477 477 477 477 477 477 477 477 477 477 477 477 477 477 477 664 662 660 658 656 653 516 515 512 512 510 509 509 509 509 509 684 682 672 671 669 667 673 682 690 696 701 705 708 711 712 715 716 717 716 716 714 713 711 709 706 702 697 692 686 679 671 662
491 490 489 486 487 486 484 484 483 481 481 479 479 479 477 487 485 485 477 477 477 477 477 477 477 477 477 477 477 477 477 477 477 477 477 477 477 477 477 477 477 477 477 477 667 664 663 660 659 657 655 653 651 513 512 511 509 509 509 509 509 509 683 673 672 670 668 667 673 682 689 695 700 705 708 710 713 715 716 717 717 716 715 713 711 709 706 702 698 693 686 679 671 662
489 488 486 486 485 484 483 482 481 480 480 479 478 477 477 486 477 477 477 477 477 477 477 477 477 477 477 477 477 477 477 477 477 477 477 477 477 477 477 477 477 477 669 666 666 663 662 659 657 655 653 652 650 647 511 510 509 509 509 509 509 509 682 672 671 669 667 666 673 682 689 695 700 704 708 711 713 715 717 717 717 717 715 713 712 709 706 703 698 693 687 680 672 663
486 485 484 485 483 482 482 480 480 479 478 478 477 477 477 477 477 477 477 477 477 477 477 477 477 477 477 477 477 477 477 477 477 477 477 477 477 477 477 477 671 670 668 666 664 661 660 658 657 654 652 650 648 646 511 509 509 509 509 509 509 509 681 672 670 668 666 665 673 681 688 694 699 704 708 711 714 716 717 718 718 717 716 714 712 710 707 703 699 693 687 680 672 663
485 483 483 483 481 481 480 479 479 477 477 477 477 477 477 477 477 477 477 477 477 477 477 477 477 477 477 477 477 477 477 477 477 477 477 477 477 477 477 672 670 668 666 665 663 661 659 657 655 653 651 649 647 646 645 509 509 509 509 509 509 509 672 671 669 667 665 665 672 681 688 694 700 704 708 711 714 716 717 718 718 717 716 714 712 710 707 703 699 694 688 681 673 664
483 482 482 481 480 479 478 478 477 477 477 477 477 477 477 477 477 477 477 477 477 477 477 477 477 477 477 477 477 477 477 477 477 477 477 477 477 674 671 670 669 667 665 664 661 660 658 656 654 652 650 647 646 645 644 509 509 509 509 509 509 509 672 670 668 666 665 664 672 680 687 693 699 704 708 712 714 716 718 718 718 718 716 714 713 710 707 704 699 694 688 681 673 664
481 481 480 479 479 477 478 477 477 477 477 477 477 477 477 477 477 477 477 477 477 477 477 477 477 477 477 477 477 477 477 477 477 477 477 676 674 672 672 669 667 665 663 663 660 659 656 654 652 651 649 647 645 644 643 641 509 509 509 509 509 509 671 669 667 665 664 664 671 680 687 693 699 704 709 712 715 717 718 719 719 719 717 715 713 711 708 704 700 694 688 681 674 665
480 480 478 478 477 477 477 477 477 477 477 477 477 477 477 477 477 477 477 477 477 477 477 477 477 477 477 477 477 477 477 477 477 477 676 675 673 671 670 667 667 665 662 661 658 658 655 654 651 649 647 646 645 643 642 641 509 509 509 509 509 509 670 668 666 665 664 664 671 679 687 694 700 705 709 712 715 717 719 720 720 719 718 716 713 711 708 704 700 695 689 682 674 665
478 478 477 477 477 477 477 477 477 477 477 477 477 477 477 477 477 477 477 477 477 477 477 477 477 477 477 477 477 477 477 477 678 676 675 673 671 669 669 666 665 663 661 660 657 656 653 652 650 648 646 645 644 642 641 640 638 509 509 509 509 509 669 667 665 664 664 664 670 679 687 694 700 705 709 713 716 718 720 720 720 720 718 716 714 711 708 705 700 695 689 682 674 665
477 477 477 477 477 477 477 477 477 477 477 477 477 477 477 477 477 477 477 477 477 477 477 477 477 477 477 477 477 477 679 678 677 674 673 672 671 668 667 665 664 662 660 658 656 655 652 651 648 647 645 644 643 642 640 639 638 509 509 509 509 509 668 666 664 664 664 664 670 680 688 695 701 706 710 714 717 719 720 721 721 720 719 717 714 712 709 705 701 696 690 683 675 666
478 477 477 477 477 477 477 477 477 477 477 477 477 477 477 477 477 477 477 477 477 477 477 477 477 477 477 477 477 680 678 676 675 675 672 670 669 666 666 664 662 660 658 657 656 653 651 649 647 646 644 643 642 641 640 638 637 636 509 509 509 669 667 665 664 664 664 664 671 680 688 695 701 706 711 714 717 719 720 721 721 720 719 717 714 712 709 705 701 696 690 683 675 666
477 477 477 477 477 477 477 477 477 477 477 477 477 477 477 477 477 477 477 477 477 477 477 477 477 477 477 680 680 679 676 675 674 673 670 669 668 666 664 662 661 659 657 655 654 652 651 648 646 645 643 643 641 640 639 637 636 635 509 509 509 668 666 664 664 664 664 664 671 681 689 695 701 707 711 715 717 719 721 721 721 721 719 717 715 712 709 706 701 696 690 683 676 667
477 477 477 477 477 477 477 477 477 477 477 477 477 477 477 477 477 477 477 477 477 477 477 477 477 477 680 680 678 677 676 674 672 671 669 668 666 664 663 662 659 657 656 654 653 650 649 646 645 644 642 642 640 639 638 636 635 634 509 509 509 667 665 664 664 664 664 664 672 681 689 696 702 708 712 715 718 720 721 722 722 721 720 718 715 713 710 706 702 697 691 684 676 667
477 477 477 477 477 477 477 477 477 477 477 477 477 477 477 477 477 477 477 477 477 477 477 477 682 682 679 678 676 676 674 672 671 670 668 666 665 664 661 660 657 657 655 652 651 649 648 645 645 643 641 641 639 638 637 635 635 633 623 509 509 666 664 664 664 664 664 664 672 681 689 696 703 708 712 715 718 720 721 722 722 721 720 718 715 713 710 706 702 697 691 684 676 667
477 477 477 477 477 477 477 477 477 477 477 477 477 477 477 477 477 477 477 477 477 477 477 682 681 680 677 677 675 674 672 671 669 668 666 665 663 662 659 659 656 655 653 652 650 647 646 644 644 642 640 640 638 638 636 634 633 624 622 509 509 665 664 664 664 664 664 664 673 682 690 697 703 708 712 716 718 720 722 722 723 722 721 719 717 713 710 707 702 697 691 684 677 668
477 477 477 477 477 477 477 477 477 477 477 477 477 477 477 477 477 477 477 477 477 683 681 681 679 678 677 675 673 672 671 669 667 667 665 663 661 661 658 657 655 654 652 650 648 647 645 643 643 641 640 639 637 637 635 633 632 623 621 620 509 664 664 664 664 664 664 664 673 682 690 698 704 709 713 716 719 721 723 724 723 723 721 720 717 714 711 707 703 698 692 685 677 668
477 477 477 477 477 477 477 477 477 477 477 477 477 477 477 477 477 477 477 477 682 681 680 679 677 677 675 673 672 671 669 668 667 665 664 662 660 659 656 656 654 652 650 649 647 645 644 642 642 640 639 638 636 636 634 632 623 622 620 619 509 664 664 664 664 664 664 664 673 683 691 698 704 709 713 716 719 722 723 724 724 723 722 720 717 714 711 707 703 698 692 685 677 669
477 477 477 477 477 477 477 477 477 477 477 477 477 477 477 477 477 477 671 671 680 680 678 677 676 675 673 672 671 669 669 667 665 663 663 660 659 657 656 654 652 650 649 647 645 644 643 642 641 639 638 637 635 634 633 632 622 621 620 619 509 664 664 664 664 664 664 664 674 683 692 699 704 709 713 717 720 722 724 724 724 723 722 720 718 714 711 708 703 698 692 686 678 669
477 477 477 477 477 477 477 477 477 477 477 477 477 477 477 477 477 670 670 669 678 678 676 676 674 673 673 670 669 668 667 665 663 662 661 658 658 656 654 652 652 649 647 645 644 643 642 641 640 638 637 636 635 633 632 623 621 620 620 619 618 665 664 664 664 664 664 664 674 684 692 699 705 710 714 718 721 723 724 724 724 724 722 720 718 715 712 708 704 699 693 686 678 669
477 477 477 477 477 477 477 477 477 477 477 477 477 477 477 672 671 670 668 667 677 676 675 674 672 672 671 668 668 666 665 664 662 660 659 657 656 654 653 651 650 647 647 644 643 642 641 640 639 637 636 635 634 632 623 622 621 620 620 619 618 665 664 664 664 664 664 664 675 685 693 699 705 710 715 718 721 723 724 725 725 724 723 721 718 715 712 708 704 699 693 686 679 670
477 477 477 477 477 477 477 477 477 477 477 477 477 477 672 670 669 669 667 666 664 674 673 672 672 670 669 668 666 664 664 662 660 658 658 655 654 653 651 649 648 646 645 643 642 641 640 639 637 637 635 634 633 631 622 622 621 620 620 619 618 800 664 664 664 664 664 665 676 685 693 700 705 710 715 719 721 723 724 725 725 724 723 721 718 715 712 709 704 699 693 687 679 670
477 477 477 477 477 477 477 477 477 477 477 477 671 669 670 668 668 667 666 664 662 673 672 670 670 668 668 666 664 663 662 660 659 657 656 653 653 651 649 648 647 644 644 642 642 640 639 638 636 636 634 633 632 623 623 622 621 621 620 619 619 800 664 664 664 664 664 665 676 685 693 700 706 712 716 719 722 724 725 725 725 725 723 721 719 716 713 709 705 700 694 687 679 670
477 477 477 477 477 477 477 477 477 477 477 672 669 668 668 667 666 665 664 662 661 671 670 669 668 667 666 664 663 661 660 659 657 655 655 652 651 649 648 646 644 643 643 641 641 639 638 637 635 635 633 633 624 623 623 622 621 621 620 619 619 800 664 664 664 664 664 666 677 686 694 700 707 712 716 719 722 724 725 726 726 725 724 722 719 716 713 709 705 700 694 687 680 671
477 477 477 477 477 477 477 477 477 477 676 672 669 666 666 666 664 664 662 660 660 658 669 667 666 665 664 662 661 659 659 658 655 655 653 651 649 648 646 644 643 642 642 640 640 638 637 636 634 634 633 625 624 623 623 622 621 621 620 619 619 800 664 664 664 664 664 667 677 686 694 701 707 712 716 720 722 724 725 726 727 726 725 723 720 717 713 710 705 700 694 688 680 671
477 477 477 477 477 477 477 477 681 679 676 672 669 665 664 664 662 662 660 659 658 657 667 665 665 663 662 660 659 659 657 656 654 653 651 650 648 647 644 644 642 641 640 639 638 637 636 635 634 634 633 625 624 623 623 622 621 621 620 619 619 800 799 664 664 664 664 667 678 687 694 702 708 713 717 720 723 724 726 727 727 727 725 723 721 717 714 710 706 701 695 688 680 672
477 477 477 477 477 477 477 685 682 678 676 671 669 665 662 662 661 660 658 657 656 655 665 664 663 661 661 659 657 657 655 655 652 651 650 648 646 646 643 643 641 641 639 638 637 636 636 635 635 634 625 625 624 623 623 622 622 621 620 620 619 800 799 664 664 664 664 668 678 687 695 702 708 713 717 720 723 725 727 728 727 727 725 724 721 718 714 710 706 701 695 688 681 672
477 477 477 477 477 477 688 685 681 678 675 671 668 664 661 659 658 657 657 655 655 653 652 662 661 661 659 657 656 655 654 652 650 650 648 646 645 643 642 642 640 640 638 637 637 636 636 635 635 626 625 625 624 624 623 622 622 621 620 620 619 800 800 664 664 664 664 668 678 687 696 703 708 713 717 721 723 726 727 728 728 727 726 724 721 718 714 711 706 701 695 689 681 672
477 477 477 477 694 691 688 684 682 678 675 671 668 665 660 658 656 656 655 653 653 651 651 660 660 659 657 656 654 653 652 650 649 648 645 645 643 642 641 641 639 639 638 638 637 636 636 635 627 626 625 625 624 624 623 622 622 621 620 620 619 800 800 799 664 664 664 668 679 688 696 703 709 714 718 721 724 726 728 728 728 727 726 724 722 718 714 711 707 702 696 689 681 673
477 477 477 696 694 690 687 685 681 678 674 671 667 664 660 657 654 654 653 652 651 650 649 659 658 657 655 654 652 652 650 648 647 646 644 643 642 641 640 640 639 639 638 638 637 636 636 635 627 626 626 625 624 624 623 622 622 621 620 620 619 800 800 799 664 664 664 669 679 688 697 703 709 714 718 722 725 727 728 728 728 728 726 724 722 719 715 711 707 702 696 689 682 673
477 477 699 696 693 691 686 684 681 677 674 671 666 664 659 656 653 652 651 650 649 648 647 647 656 655 653 652 651 650 647 647 645 645 642 642 641 641 640 640 639 639 638 638 637 637 636 627 627 626 626 625 624 624 623 622 622 621 621 620 619 800 800 799 664 664 664 669 679 689 697 704 709 714 718 722 725 727 728 729 729 728 727 725 722 719 715 711 707 702 696 690 682 673
706 701 699 696 693 690 686 683 680 677 674 670 667 663 659 655 653 650 650 648 648 646 645 645 654 653 651 651 649 648 646 645 643 643 642 642 641 641 640 640 639 639 638 638 637 637 628 627 627 626 626 625 624 624 623 623 622 621 621 620 619 801 800 799 664 664 664 670 680 690 697 704 710 714 719 723 725 727 728 729 729 728 727 725 722 719 715 712 707 702 697 690 682 674
707 702 699 697 692 690 685 682 681 676 673 669 666 662 658 655 652 648 648 646 646 645 644 643 642 651 649 649 647 647 645 644 644 643 643 642 642 641 640 640 639 639 638 638 637 629 628 628 627 626 626 625 625 624 623 623 622 621 621 620 619 801 800 799 664 664 664 670 680 690 698 704 710 715 720 723 726 727 729 729 729 729 727 725 723 719 716 712 708 703 697 690 683 674
707 702 700 697 693 690 687 683 680 675 672 669 665 662 657 655 651 647 646 645 644 643 642 641 640 650 649 648 646 646 645 644 644 643 643 642 642 641 641 640 639 639 638 638 629 629 628 628 627 626 626 625 625 624 623 623 622 621 621 620 619 801 800 799 799 664 664 670 682 690 698 705 710 716 720 723 726 728 729 730 729 729 727 726 723 720 716 712 708 703 697 691 683 674
707 704 700 698 694 690 688 683 680 676 673 670 665 662 659 655 651 647 645 645 643 643 641 641 639 649 648 647 647 645 645 644 644 643 643 642 642 641 641 640 640 639 638 630 629 629 628 628 627 626 626 625 625 624 623 623 622 621 621 620 619 801 800 799 799 664 664 671 682 691 698 705 711 716 720 724 726 728 729 730 730 729 728 727 724 720 716 713 708 703 698 691 683 675
708 704 701 698 694 690 688 684 680 677 673 670 665 662 659 655 651 647 644 644 642 642 640 640 638 638 647 647 646 645 645 644 644 643 643 642 642 641 641 640 640 639 631 630 629 629 628 628 627 627 626 625 625 624 623 623 622 622 621 620 619 801 800 799 799 664 664 671 682 691 699 705 711 717 721 724 726 728 730 730 730 730 729 727 725 721 717 713 709 704 698 691 684 560
708 705 701 698 694 691 688 684 680 678 673 670 666 662 660 655 652 647 644 643 642 641 640 639 638 637 647 646 646 645 645 644 644 643 643 642 642 641 641 640 640 631 631 630 629 629 628 628 627 627 626 625 625 624 624 623 622 622 621 620 620 801 800 799 799 664 664 671 683 691 699 706 712 717 721 724 727 729 730 730 731 731 729 727 725 722 718 713 709 704 698 692 569 560
