testData/tiles/oneDegreeCosts/grid25.0-31.0-26.0-32.0.asc
ncols   200
nrows   200
xllcorner   25.0
yllcorner   31.0
cellsize   0.005
NODATA_value   -9999.0
[rows 84 to 125 of 200, columns 0 to 93 of 200]
612 612 612 612 613 613 612 613 613 613 613 613 611 611 610 610 611 611 611 611 611 611 612 611 611 611 612 611 611 612 612 612 612 612 612 612 612 612 612 613 613 612 612 613 613 612 612 613 613 612 613 613 613 613 613 613 613 613 613 613 613 613 613 613 613 613 612 613 613 613 613 613 613 613 613 614 614 614 614 614 615 615 615 615 615 616 616 616 616 617 617 617 617 617
612 613 612 612 613 613 613 613 613 614 613 611 611 611 611 610 611 611 611 611 611 611 612 611 611 612 612 612 612 612 612 612 612 612 612 613 613 612 612 613 613 612 613 613 613 612 613 613 613 613 613 613 613 613 613 613 613 613 613 613 613 613 613 613 613 613 614 613 613 613 614 613 613 613 613 614 614 614 614 615 615 615 615 615 616 616 616 616 616 617 617 617 617 617
613 613 612 613 613 613 613 613 613 614 611 611 611 611 611 611 611 611 612 611 611 612 612 612 611 612 612 612 612 612 612 613 613 612 612 613 613 612 613 613 613 612 613 613 613 613 613 613 613 613 613 613 613 614 613 613 613 614 613 613 613 614 614 613 613 613 614 613 613 613 614 613 613 613 614 614 614 614 614 615 615 615 615 616 616 616 616 616 617 617 617 617 617 618
613 613 612 613 613 613 614 613 613 611 611 611 611 611 611 612 611 611 612 612 611 612 612 612 612 612 612 612 613 612 612 613 613 612 612 613 613 612 613 613 613 613 613 613 613 614 613 613 613 614 613 613 613 614 613 613 613 614 614 613 613 614 614 613 613 614 614 613 613 614 614 614 613 613 614 614 614 614 615 615 615 615 615 616 616 616 616 616 617 617 617 617 617 618
613 613 614 613 613 614 614 613 611 611 611 612 611 611 612 612 611 611 612 612 611 612 612 612 613 612 612 613 613 612 612 613 613 612 613 613 613 613 613 613 613 614 613 613 613 614 613 613 613 614 614 613 613 614 614 613 614 614 614 613 614 614 614 613 613 614 614 614 613 614 614 614 613 614 614 614 614 614 615 615 615 615 616 616 616 616 616 617 617 617 617 617 618 618
613 613 614 613 613 614 614 611 611 611 611 612 611 611 612 612 611 612 612 612 613 612 612 612 613 612 612 613 613 612 613 613 613 613 613 613 613 614 613 613 613 614 613 613 613 614 614 613 614 614 614 613 614 614 614 613 614 614 614 613 614 614 614 614 614 614 614 614 614 614 614 614 613 614 614 614 614 615 615 615 615 615 616 616 616 616 616 617 617 617 617 617 618 618
613 613 614 614 613 614 611 611 611 611 611 612 611 611 612 612 612 612 612 612 613 612 612 613 613 612 612 613 613 613 613 613 613 614 613 613 613 614 613 613 614 614 614 613 614 614 614 613 614 614 614 613 614 614 614 613 614 614 614 614 614 614 614 614 614 614 614 614 614 614 614 614 615 614 614 614 614 615 615 615 615 615 616 616 616 616 617 617 617 617 617 618 618 618
613 613 614 614 614 611 611 612 611 611 612 612 612 612 612 612 612 612 612 612 613 612 612 613 613 613 613 613 613 613 613 613 613 614 613 613 613 614 614 613 614 614 614 613 614 614 614 614 614 614 614 614 614 614 614 615 614 614 614 615 614 614 614 615 614 614 614 614 615 614 614 614 615 614 614 614 615 615 615 615 615 616 616 616 616 616 617 617 617 617 617 618 618 618
613 614 614 614 611 611 611 612 612 611 612 612 612 612 612 612 613 612 612 613 613 613 612 613 613 613 613 613 613 614 613 613 613 614 614 613 614 614 614 613 614 614 614 614 614 614 614 615 614 614 614 615 614 614 614 615 614 614 614 615 614 614 614 615 615 614 614 615 615 614 614 614 615 614 614 614 615 615 615 615 615 616 616 616 616 617 617 617 617 617 618 618 618 618
613 614 612 612 612 611 611 612 612 611 612 612 612 612 612 612 613 613 612 613 613 613 613 613 613 613 613 613 613 614 614 613 614 614 614 613 614 614 614 614 614 614 614 615 614 614 614 615 614 614 614 615 614 614 615 615 614 614 615 615 615 614 614 615 615 614 614 615 615 614 614 615 615 614 614 614 615 615 615 615 616 616 616 616 616 617 617 617 617 617 618 618 618 618
614 612 612 612 612 611 612 612 612 612 612 612 613 613 612 612 613 613 612 613 613 613 613 613 613 614 614 613 613 614 614 613 614 614 614 614 614 614 614 615 614 614 614 615 614 614 615 615 614 614 615 615 614 614 615 615 615 614 615 615 615 614 615 615 615 614 615 615 615 614 614 615 615 615 614 615 615 615 615 615 616 616 616 616 617 617 617 617 617 618 618 618 618 618
612 612 612 612 612 611 612 612 612 613 612 612 613 613 612 613 613 613 613 613 613 613 614 613 613 614 614 613 614 614 614 613 614 614 614 615 614 614 614 615 614 614 615 615 614 614 615 615 614 614 615 615 615 614 615 615 615 614 615 615 615 614 615 615 615 614 615 615 615 615 615 615 615 615 614 615 615 615 615 616 616 616 616 616 617 617 617 617 617 618 618 618 618 618
612 612 612 612 612 612 612 612 612 613 612 612 613 613 612 613 613 613 614 613 613 614 614 613 613 614 614 613 614 614 614 615 614 614 614 615 614 614 615 615 614 614 615 615 614 614 615 615 615 615 615 615 615 615 615 615 615 615 615 615 615 616 615 615 615 615 615 615 615 615 615 615 615 615 615 615 615 615 615 616 616 616 616 616 617 617 617 617 617 618 618 618 618 618
612 612 612 612 612 612 612 612 612 613 612 612 613 613 613 613 613 613 614 613 613 614 614 613 614 614 614 614 614 614 614 615 614 614 614 615 614 614 615 615 615 614 615 615 615 615 615 615 615 615 615 615 615 615 615 615 615 616 615 615 615 616 615 615 615 616 615 615 615 615 615 615 615 615 616 615 615 615 615 616 616 616 616 617 617 617 617 617 618 618 618 618 618 619
612 612 612 612 612 613 612 612 613 613 613 613 613 613 614 613 613 613 614 613 613 614 614 614 614 614 614 615 614 614 614 615 614 614 615 615 615 614 615 615 615 615 615 615 615 615 615 615 615 615 615 615 615 616 615 615 615 616 615 615 615 616 615 615 615 616 615 615 615 616 616 615 615 615 616 615 615 615 616 616 616 616 616 617 617 617 617 617 618 618 618 618 618 619
612 612 612 612 612 613 613 612 613 613 613 613 613 613 614 613 613 614 614 614 613 614 614 614 614 614 614 615 614 614 615 615 615 614 615 615 615 615 615 615 615 615 615 615 615 615 615 615 615 616 615 615 616 616 615 615 616 616 615 615 616 616 615 615 615 616 616 615 615 616 616 615 615 616 616 615 615 615 616 616 616 616 617 617 617 617 617 618 618 618 618 618 619 619
612 612 613 612 612 613 613 612 613 613 613 613 613 613 614 614 613 614 614 614 614 614 614 614 614 614 614 615 615 614 615 615 615 614 615 615 615 615 615 615 615 615 615 615 616 616 615 615 616 616 615 615 616 616 615 615 616 616 615 615 616 616 616 615 616 616 616 615 615 616 616 615 615 616 616 615 615 616 616 616 616 616 617 617 617 617 617 618 618 618 618 618 619 619
612 612 613 612 612 613 613 612 613 613 613 614 613 613 614 614 613 614 614 614 614 614 614 615 615 614 614 615 615 614 615 615 615 615 615 615 615 615 615 615 615 616 615 615 616 616 615 615 616 616 615 615 616 616 615 615 616 616 616 615 616 616 616 615 616 616 616 615 616 616 616 615 615 616 616 616 615 616 616 616 616 616 617 617 617 617 617 618 618 618 618 618 637 637
612 613 613 612 613 613 613 614 613 613 614 614 613 614 614 614 613 614 614 614 615 614 614 615 615 614 615 615 615 614 615 615 615 615 615 615 615 616 615 615 616 616 615 615 616 616 615 615 616 616 615 615 616 616 616 616 616 616 616 616 616 616 616 615 616 616 616 615 616 616 616 616 616 616 616 616 615 616 616 616 616 617 617 617 617 617 618 636 636 636 636 637 637 638
612 613 613 613 613 613 613 614 613 613 614 614 613 614 614 614 615 614 614 614 615 614 614 615 615 614 615 615 615 615 615 615 615 616 615 615 616 616 615 615 616 616 615 615 616 616 615 616 616 616 616 616 616 616 616 616 616 616 616 616 616 616 616 616 616 616 616 616 616 616 616 616 616 616 616 616 616 616 616 616 616 617 635 635 635 635 636 636 637 638 639 642 643 644
612 613 613 613 613 613 613 614 613 613 614 614 614 614 614 614 615 614 614 615 615 614 614 615 615 615 615 615 615 616 615 615 615 616 615 615 616 616 615 615 616 616 616 616 616 616 616 616 616 616 616 616 616 616 616 616 616 616 616 616 616 616 616 617 616 616 616 617 616 616 616 616 616 616 616 616 616 616 634 634 634 635 635 635 637 638 640 642 643 644 645 647 648 649
612 613 613 613 613 613 613 614 614 613 614 614 614 614 614 614 615 614 614 615 615 615 615 615 615 615 615 615 615 616 615 615 616 616 615 615 616 616 616 616 616 616 616 616 616 616 616 616 616 616 616 616 616 616 616 616 616 616 616 617 616 616 616 617 616 616 616 617 616 616 616 617 616 634 634 634 635 634 634 635 637 639 640 641 643 645 646 647 648 649 650 651 652 653
612 613 613 613 614 613 613 614 614 613 614 614 614 614 614 614 615 615 614 615 615 615 615 615 615 616 615 615 615 616 615 615 616 616 616 615 616 616 616 616 616 616 616 616 616 616 616 616 616 616 617 617 616 616 617 617 616 616 617 617 616 616 616 617 616 616 616 617 616 634 634 635 635 634 634 636 638 639 640 641 643 644 645 646 647 649 650 651 652 653 654 655 656 657
614 613 613 614 614 613 614 614 614 614 614 614 615 615 614 614 615 615 614 615 615 615 615 615 615 616 615 615 615 616 616 615 616 616 616 616 616 616 616 616 616 616 616 616 616 616 617 617 616 616 617 617 616 616 617 617 616 616 617 617 616 616 617 617 616 634 634 635 635 634 635 637 639 639 640 643 644 644 645 646 648 649 650 651 651 653 654 655 655 656 658 659 659 660
614 613 613 614 614 613 614 614 614 615 614 614 615 615 614 615 615 615 615 615 615 615 615 615 615 616 616 615 616 616 616 615 616 616 616 616 616 616 616 616 616 616 617 617 616 616 617 617 616 616 617 617 616 616 617 617 616 616 617 617 616 634 635 635 635 634 636 638 639 639 641 643 644 644 645 647 648 648 649 650 652 653 653 654 656 657 657 658 659 661 661 662 662 663
614 613 613 614 614 614 614 614 614 615 614 614 615 615 614 615 615 615 615 615 615 615 616 615 615 616 616 615 616 616 616 615 616 616 616 616 616 616 616 617 616 616 617 617 616 616 617 617 616 616 617 617 616 616 617 617 617 634 635 635 635 634 636 638 639 640 642 643 644 644 647 648 649 649 649 651 652 653 653 655 655 656 657 658 659 660 661 661 662 664 664 665 665 666
614 614 613 614 614 614 614 614 614 615 614 614 615 615 614 615 615 615 616 615 615 616 616 615 615 616 616 615 616 616 616 616 616 616 616 617 616 616 617 617 616 616 617 617 616 616 617 617 616 616 617 617 617 634 635 635 635 634 636 638 639 640 642 643 644 645 647 648 649 649 651 652 652 653 653 655 656 656 656 658 659 659 660 661 662 663 664 664 665 666 667 668 668 669
614 614 613 614 614 614 614 614 614 615 615 614 615 615 615 615 615 615 616 615 615 616 616 615 616 616 616 615 616 616 616 617 616 616 616 617 616 616 617 617 616 616 617 617 616 616 617 617 617 635 635 635 635 635 636 638 639 641 642 643 644 646 647 648 649 649 651 652 653 653 654 655 656 657 657 658 659 660 659 661 662 662 663 664 665 666 666 667 668 669 670 670 671 671
614 614 613 614 614 615 615 614 615 615 615 614 615 615 615 615 615 615 616 615 615 616 616 616 616 616 616 616 616 616 616 617 616 616 616 617 616 616 617 617 616 616 617 617 617 617 635 635 635 635 635 637 639 640 642 643 644 645 647 648 649 650 651 652 653 655 654 655 656 657 658 658 659 660 661 661 662 663 662 664 664 665 666 666 668 668 669 670 671 672 672 673 673 675
614 614 615 614 614 615 615 614 615 615 615 615 615 615 616 615 615 615 616 616 615 616 616 616 616 616 616 617 616 616 616 617 616 616 617 617 616 616 617 617 617 616 635 635 635 635 635 637 638 640 641 643 644 645 646 648 649 650 651 652 653 655 654 655 656 658 658 658 659 660 661 661 662 663 663 664 665 665 665 667 667 668 668 670 670 671 671 672 673 674 674 675 675 677
614 614 615 614 614 615 615 614 615 615 615 615 615 615 616 616 615 615 616 616 615 616 616 616 616 616 616 617 616 616 616 617 616 616 617 617 617 616 635 635 635 635 635 636 638 639 641 642 644 645 646 647 648 649 650 651 652 654 654 655 656 658 658 658 659 661 661 661 662 664 664 664 665 665 666 667 667 668 669 669 670 670 671 672 673 673 674 674 676 676 677 677 678 679
614 614 615 614 614 615 615 614 615 615 615 616 615 615 616 616 615 616 616 616 615 616 616 616 616 616 616 617 617 616 616 617 617 616 617 635 635 634 635 635 637 638 640 642 643 644 646 647 648 650 650 651 652 654 654 655 656 658 658 658 659 661 661 661 662 664 664 664 665 667 666 667 667 668 670 669 670 670 672 671 672 673 673 675 675 676 676 677 678 678 679 679 680 681
614 614 615 614 614 615 615 615 615 615 615 616 615 615 616 616 615 616 616 616 616 616 616 616 617 616 616 617 617 616 617 617 635 634 635 635 636 637 639 641 642 644 645 646 647 650 650 651 652 654 654 655 657 657 657 658 660 661 661 661 662 664 664 664 665 667 666 667 667 669 670 669 670 671 672 672 672 673 674 674 674 675 675 677 677 678 678 679 680 681 681 681 682 683
614 614 615 615 614 615 615 615 615 615 615 616 615 615 616 616 615 616 616 616 617 616 616 616 617 616 616 617 635 634 635 635 635 635 638 640 641 643 644 646 647 649 649 650 651 653 653 654 656 657 657 658 660 661 660 661 663 664 663 664 666 666 667 667 667 669 670 669 670 672 672 672 672 674 674 674 674 675 676 676 676 677 677 679 679 680 680 682 682 683 683 683 625 625
614 614 615 615 614 615 615 615 615 615 615 616 615 615 616 616 616 616 616 616 617 616 616 616 617 634 634 635 635 634 637 639 640 641 643 645 646 648 649 650 651 653 653 654 655 657 657 658 659 660 660 661 663 663 663 664 666 666 667 667 668 669 670 669 671 671 672 672 672 674 674 674 674 676 677 676 677 677 679 678 679 679 680 681 681 682 682 684 684 626 626 626 626 626
614 614 615 615 614 615 615 615 615 615 615 616 616 615 616 616 616 616 616 616 617 616 634 635 635 634 634 637 639 640 642 644 645 646 648 649 650 652 652 653 654 656 656 657 659 660 660 661 662 663 663 664 665 666 667 667 668 669 670 669 671 671 672 672 673 674 674 674 674 676 677 676 677 678 679 678 679 679 681 681 681 681 682 683 683 684 626 626 626 626 626 626 628 628
614 614 615 615 614 615 615 615 616 615 615 616 616 615 616 616 616 616 616 634 635 634 634 635 637 638 640 643 644 645 647 648 649 650 652 653 654 656 656 657 657 659 659 660 662 663 663 663 665 666 667 666 668 669 669 669 671 671 672 672 673 674 674 674 675 676 677 676 677 678 679 678 679 680 681 681 681 682 683 683 682 683 626 626 626 626 626 626 627 627 628 628 629 630
615 614 615 615 615 615 615 615 616 615 615 616 616 615 616 616 634 634 634 634 636 638 639 641 643 644 645 647 648 650 651 652 653 655 655 656 657 659 659 660 660 662 662 663 665 665 666 666 668 668 669 669 670 671 672 671 673 674 674 674 675 676 676 676 678 678 679 679 680 680 681 681 681 682 683 683 683 684 684 626 626 626 626 626 626 626 627 628 629 629 629 630 631 632
615 614 615 615 616 615 615 616 616 615 616 616 616 633 634 634 634 636 637 639 641 643 643 646 647 648 650 651 652 653 654 655 656 658 658 659 660 662 663 662 664 665 666 666 667 668 669 668 670 671 671 671 673 673 674 674 675 676 676 676 677 678 679 679 680 680 681 681 682 682 683 683 683 684 685 685 626 626 626 626 626 626 627 627 628 628 629 630 630 631 631 632 633 633
615 615 615 615 616 615 615 616 616 615 634 634 634 635 635 637 639 641 642 643 646 647 648 650 651 652 653 654 655 656 657 658 659 661 662 662 663 664 665 665 667 668 668 668 670 670 671 671 672 673 674 673 675 676 676 676 677 678 678 679 679 680 681 681 682 682 683 683 684 684 685 685 626 626 626 626 626 627 627 628 627 627 629 629 630 630 630 632 632 632 633 633 635 635
615 615 615 615 616 615 615 634 634 634 634 634 637 640 640 642 643 646 646 648 650 651 651 653 654 655 656 657 658 659 661 661 662 664 665 664 665 667 668 668 669 670 671 670 672 673 673 673 675 675 676 675 677 678 678 679 679 680 680 681 681 682 682 683 683 684 684 685 685 626 626 626 626 627 627 628 627 628 629 629 630 629 630 631 631 632 632 633 634 634 634 635 636 637
615 615 615 615 616 634 633 634 634 636 638 640 642 644 645 646 648 650 650 651 653 654 655 657 658 659 660 660 661 662 664 664 665 666 667 667 668 669 670 670 672 672 673 673 674 675 675 675 677 677 678 678 679 680 680 681 681 682 682 683 683 684 684 685 685 627 627 627 627 627 627 628 627 628 629 629 630 630 630 631 631 631 632 632 633 633 634 635 635 636 636 636 638 638
