testData/tiles/oneDegreeCosts/grid43.0-39.0-44.0-40.0.asc
ncols   200
nrows   200
xllcorner   43.0
yllcorner   39.0
cellsize   0.005
NODATA_value   -9999.0
[rows 126 to 167 of 200, columns 0 to 93 of 200]
496 496 496 496 496 496 496 496 496 496 496 496 496 496 496 496 496 496 496 496 496 496 496 496 496 496 496 496 496 496 496 496 496 496 496 496 496 496 496 496 496 496 496 496 496 496 496 496 496 496 496 496 599 598 598 598 597 597 596 596 596 595 595 595 594 594 593 593 593 592 592 591 591 590 590 590 589 589 588 588 587 587 586 586 586 585 585 584 584 583 583 582 582 581
496 496 496 496 496 496 496 496 496 496 496 496 496 496 496 496 496 496 496 496 496 496 496 496 496 496 496 496 496 496 496 496 496 496 496 496 496 496 496 496 496 496 496 496 496 496 496 496 496 496 496 599 599 599 598 598 598 597 597 597 596 596 595 595 595 594 594 593 593 593 592 592 591 591 590 590 590 589 589 588 588 587 587 586 586 585 585 584 584 584 583 583 582 582
496 496 496 496 496 496 496 496 496 496 496 496 496 496 496 496 496 496 496 496 496 496 496 496 496 496 496 496 496 496 496 496 496 496 496 496 496 496 496 496 496 496 496 496 496 496 496 496 496 496 496 600 600 599 599 599 598 598 597 597 597 596 596 595 595 595 594 594 593 593 593 592 592 591 591 590 590 589 589 589 588 588 587 587 586 586 585 585 584 584 583 583 582 582
496 496 496 496 496 496 496 496 496 496 496 496 496 496 496 496 496 496 496 496 496 496 496 496 496 496 496 496 496 496 496 496 496 496 496 496 496 496 496 496 496 496 496 496 496 496 496 496 496 496 496 600 600 600 599 599 599 598 598 597 597 597 596 596 595 595 595 594 594 593 593 593 592 592 591 591 590 590 589 589 588 588 588 587 587 586 586 585 585 584 584 583 583 582
496 496 496 496 496 496 496 496 496 496 496 496 496 496 496 496 496 496 496 496 496 496 496 496 496 496 496 496 496 496 496 496 496 496 496 496 496 496 496 496 496 496 496 496 496 496 496 496 496 496 496 601 601 600 600 599 599 599 598 598 598 597 597 596 596 595 595 595 594 594 593 593 592 592 592 591 591 590 590 589 589 588 588 587 587 586 586 586 585 585 584 584 583 583
496 496 496 496 496 496 496 496 496 496 496 496 496 496 496 496 496 496 496 496 496 496 496 496 496 496 496 496 496 496 496 496 496 496 496 496 496 496 496 496 496 496 496 496 496 496 496 496 496 496 602 601 601 601 600 600 600 599 599 598 598 598 597 597 596 596 595 595 595 594 594 593 593 592 592 592 591 591 590 590 589 589 588 588 587 587 586 586 585 585 584 584 583 583
496 496 496 496 496 496 496 496 496 496 496 496 496 496 496 496 496 496 496 496 496 496 496 496 496 496 496 496 496 496 496 496 496 496 496 496 496 496 496 496 496 496 496 496 496 496 496 496 496 496 602 602 601 601 601 600 600 600 599 599 598 598 598 597 597 596 596 595 595 595 594 594 593 593 592 592 591 591 591 590 590 589 589 588 588 587 587 586 586 585 585 584 584 583
497 496 496 496 496 496 496 496 496 496 496 496 496 496 496 496 496 496 496 496 496 496 496 496 496 496 496 496 496 496 496 496 496 496 496 496 496 496 496 496 496 496 496 496 496 496 496 496 496 496 603 602 602 602 601 601 600 600 600 599 599 598 598 598 597 597 596 596 595 595 595 594 594 593 593 592 592 591 591 590 590 589 589 588 588 588 587 587 586 586 585 585 584 584
497 496 497 497 496 496 496 496 496 496 496 496 496 496 496 496 496 496 496 496 496 496 496 496 496 496 496 496 496 496 496 496 496 496 496 496 496 496 496 496 496 496 496 496 496 496 496 496 496 603 603 603 602 602 602 601 601 600 600 600 599 599 598 598 598 597 597 596 596 595 595 594 594 594 593 593 592 592 591 591 590 590 589 589 588 588 587 587 586 586 585 585 584 584
498 497 497 497 496 496 496 496 496 496 496 496 496 496 496 496 496 496 496 496 496 496 496 496 496 496 496 496 496 496 496 496 496 496 496 496 496 496 496 496 496 496 496 496 496 496 496 496 496 604 604 603 603 602 602 602 601 601 600 600 600 599 599 598 598 598 597 597 596 596 595 595 594 594 593 593 593 592 592 591 591 590 590 589 589 588 588 587 587 586 586 585 585 584
498 498 498 498 497 497 496 496 496 496 496 496 496 496 496 496 496 496 496 496 496 496 496 496 496 496 496 496 496 496 496 496 496 496 496 496 496 496 496 496 496 496 496 496 496 496 496 496 496 604 604 604 603 603 603 602 602 601 601 600 600 600 599 599 598 598 597 597 597 596 596 595 595 594 594 593 593 592 592 591 591 590 590 589 589 589 588 588 587 587 586 585 585 584
499 498 498 498 497 498 497 497 496 496 496 496 496 496 496 496 496 496 496 496 496 496 496 496 496 496 496 496 496 496 496 496 496 496 496 496 496 496 496 496 496 496 496 496 496 496 496 496 496 605 604 604 604 603 603 603 602 602 601 601 600 600 600 599 599 598 598 597 597 596 596 596 595 595 594 594 593 593 592 592 591 591 590 590 589 589 588 588 587 587 586 586 585 585
500 499 499 499 498 498 497 497 496 496 496 496 496 496 496 496 496 496 496 496 496 496 496 496 496 496 496 496 496 496 496 496 496 496 496 496 496 496 496 496 496 496 496 496 496 496 496 496 606 605 605 605 604 604 603 603 603 602 602 601 601 600 600 600 599 599 598 598 597 597 596 596 595 595 595 594 594 593 593 592 592 591 591 590 590 589 589 588 588 587 587 586 586 585
500 499 499 500 499 499 498 498 497 497 496 496 496 496 496 496 496 496 496 496 496 496 496 496 496 496 496 496 496 496 496 496 496 496 496 496 496 496 496 496 496 496 496 496 496 496 496 496 606 606 605 605 605 604 604 603 603 603 602 602 601 601 600 600 600 599 599 598 598 597 597 596 596 595 595 594 594 593 593 592 592 591 591 590 590 589 589 588 588 587 587 586 586 585
501 500 500 500 499 499 498 498 498 498 497 497 497 496 496 496 496 496 496 496 496 496 496 496 496 496 496 496 496 496 496 496 496 496 496 496 496 496 496 496 496 496 496 496 496 496 496 496 607 606 606 605 605 605 604 604 603 603 603 602 602 601 601 600 600 599 599 599 598 598 597 597 596 596 595 595 594 594 593 593 592 592 591 591 590 590 589 589 588 588 587 587 586 586
501 500 501 500 500 500 499 499 498 498 497 497 497 496 496 496 496 496 496 496 496 496 496 496 496 496 496 496 496 496 496 496 496 496 496 496 496 496 496 496 496 496 496 496 496 496 496 496 607 607 606 606 605 605 605 604 604 603 603 603 602 602 601 601 600 600 599 599 598 598 597 597 597 596 596 595 595 594 594 593 593 592 592 591 591 590 590 589 589 588 587 587 586 586
502 501 501 500 500 500 500 500 499 499 498 498 498 497 497 496 496 496 496 496 496 496 496 496 496 496 496 496 496 496 496 496 496 496 496 496 496 496 496 496 496 496 496 496 496 496 496 608 608 607 607 606 606 605 605 605 604 604 603 603 602 602 602 601 601 600 600 599 599 598 598 597 597 596 596 595 595 594 594 593 593 592 592 591 591 590 590 589 589 588 588 587 587 586
502 502 502 501 501 501 500 500 499 499 498 498 497 497 497 496 496 496 496 496 496 496 496 496 496 496 496 496 496 496 496 496 496 496 496 496 496 496 496 496 496 496 496 496 496 496 496 608 608 608 607 607 606 606 605 605 605 604 604 603 603 602 602 601 601 601 600 600 599 599 598 598 597 597 596 596 595 595 594 594 593 593 592 592 591 591 590 590 589 589 588 588 587 586
503 502 502 501 502 502 501 501 500 500 499 499 498 498 498 497 497 496 496 496 496 496 496 496 496 496 496 496 496 496 496 496 496 496 496 496 496 496 496 496 496 496 496 496 496 496 496 609 608 608 608 607 607 606 606 605 605 605 604 604 603 603 602 602 601 601 600 600 599 599 598 598 597 597 597 596 596 595 594 594 593 593 592 592 591 591 590 590 589 589 588 588 587 587
504 503 503 502 502 501 501 501 500 500 500 500 499 498 498 497 497 496 496 496 496 496 496 496 496 496 496 496 496 496 496 496 496 496 496 496 496 496 496 496 496 496 496 496 496 496 496 609 609 608 608 608 607 607 606 606 605 605 604 604 604 603 603 602 602 601 601 600 600 599 599 598 598 597 597 596 596 595 595 594 594 593 593 592 592 591 591 590 590 589 589 588 588 587
504 503 503 503 503 502 502 502 501 501 500 500 499 499 498 498 498 497 497 496 496 496 496 496 496 496 496 496 496 496 496 496 496 496 496 496 496 496 496 496 496 496 496 496 496 496 610 610 609 609 608 608 608 607 607 606 606 605 605 604 604 603 603 603 602 602 601 601 600 600 599 599 598 598 597 597 596 596 595 595 594 594 593 593 592 591 591 590 590 589 589 588 588 587
505 504 504 503 503 502 502 503 502 502 501 501 500 500 499 499 497 497 497 496 496 496 496 496 496 496 496 496 496 496 496 496 496 496 496 496 496 496 496 496 496 496 496 496 496 496 610 610 610 609 609 608 608 608 607 607 606 606 605 605 604 604 603 603 602 602 601 601 600 600 599 599 598 598 597 597 596 596 595 595 594 594 593 593 592 592 591 591 590 590 589 589 588 587
504 504 505 504 504 503 503 502 502 502 501 501 500 500 499 499 498 498 498 497 497 496 496 496 496 496 496 496 496 496 496 496 496 496 496 496 496 496 496 496 496 496 496 496 496 496 611 610 610 610 609 609 608 608 607 607 607 606 606 605 605 604 604 603 603 602 602 601 601 600 600 599 599 598 598 597 597 596 596 595 595 594 594 593 593 592 591 591 590 590 589 589 588 588
505 505 505 504 504 504 504 503 503 503 502 502 501 501 500 500 499 499 497 497 497 496 496 496 496 496 496 496 496 496 496 496 496 496 496 496 496 496 496 496 496 496 496 496 496 496 611 611 610 610 610 609 609 608 608 607 607 606 606 605 605 605 604 604 603 603 602 602 601 601 600 600 599 599 598 597 597 596 596 595 595 594 594 593 593 592 592 591 591 590 590 589 588 588
505 506 505 505 505 504 504 503 503 502 502 502 501 501 500 500 499 499 498 498 497 497 496 496 496 496 496 496 496 496 496 496 496 496 496 496 496 496 496 496 496 496 496 496 496 496 612 611 611 610 610 610 609 609 608 608 607 607 606 606 605 605 604 604 603 603 602 602 601 601 600 600 599 599 598 598 597 597 596 596 595 595 594 594 593 592 592 591 591 590 590 589 589 588
506 506 505 505 506 505 505 504 504 503 503 502 502 502 501 501 500 500 499 498 497 497 496 496 496 496 496 496 496 496 496 496 496 496 496 496 496 496 496 496 496 496 496 496 496 613 612 612 611 611 610 610 609 609 609 608 608 607 607 606 606 605 605 604 604 603 603 602 602 601 601 600 600 599 599 598 598 597 596 596 595 595 594 594 593 593 592 592 591 591 590 589 589 588
507 507 506 506 505 505 505 504 505 504 504 503 503 503 502 501 500 500 499 499 498 498 497 496 496 496 496 496 496 496 496 496 496 496 496 496 496 496 496 496 496 496 496 496 496 613 613 612 612 611 611 610 610 609 609 608 608 607 607 606 606 606 605 605 604 603 603 602 602 601 601 600 600 599 599 598 598 597 597 596 596 595 595 594 594 593 592 592 591 591 590 590 589 589
507 507 506 507 506 506 506 505 505 504 504 503 503 502 502 502 501 501 500 500 498 498 497 497 496 496 496 496 496 496 496 496 496 496 496 496 496 496 496 496 496 496 496 496 496 613 613 612 612 612 611 611 610 610 609 609 608 608 607 607 606 606 605 605 604 604 603 603 602 602 601 601 600 600 599 599 598 598 597 596 596 595 595 594 594 593 593 592 592 591 590 590 589 589
508 508 507 507 506 506 506 506 506 505 505 504 504 503 503 502 502 501 500 500 499 499 498 497 496 496 496 496 496 496 496 496 496 496 496 496 496 496 496 496 496 496 496 496 496 614 613 613 612 612 611 611 611 610 610 609 609 608 608 607 607 606 606 605 605 604 604 603 603 602 601 601 600 600 599 599 598 598 597 597 596 596 595 595 594 593 593 592 592 591 591 590 590 589
508 508 508 508 507 507 506 506 505 505 505 504 504 503 503 502 502 501 501 501 500 499 498 498 497 497 496 496 496 496 496 496 496 496 496 496 496 496 496 496 496 496 496 496 615 614 614 613 613 612 612 611 611 610 610 609 609 608 608 607 607 606 606 605 605 604 604 603 603 602 602 601 601 600 600 599 599 598 597 597 596 596 595 595 594 594 593 593 592 591 591 590 590 589
509 508 508 508 507 508 507 507 506 506 505 505 505 504 504 503 503 502 501 500 500 499 499 499 497 497 496 496 496 496 496 496 496 496 496 496 496 496 496 496 496 496 496 496 615 615 614 614 613 613 612 612 611 611 610 610 609 609 608 608 607 607 606 606 605 605 604 604 603 603 602 601 601 600 600 599 599 598 598 597 597 596 596 595 594 594 593 593 592 592 591 591 590 589
509 509 509 508 508 508 507 507 506 507 506 506 505 505 504 503 503 502 502 501 501 500 499 498 498 497 496 496 496 496 496 496 496 496 496 496 496 496 496 496 496 496 496 496 615 615 614 614 613 613 613 612 612 611 611 610 610 609 609 608 608 607 606 606 605 605 604 604 603 603 602 602 601 601 600 600 599 598 598 597 597 596 596 595 595 594 594 593 592 592 591 591 590 590
510 509 509 508 509 508 508 508 507 507 506 506 505 505 504 504 504 503 503 501 501 500 500 499 498 497 497 497 496 496 496 496 496 496 496 496 496 496 496 496 496 496 496 496 616 615 615 614 614 613 613 612 612 611 611 610 610 609 609 608 608 607 607 606 606 605 605 604 604 603 602 602 601 601 600 600 599 599 598 598 597 596 596 595 595 594 594 593 593 592 591 591 590 590
510 510 510 509 509 508 508 508 508 508 507 507 506 506 505 505 503 503 503 502 502 501 500 499 499 498 497 497 497 496 496 496 496 496 496 496 496 496 496 496 496 496 496 496 616 616 615 615 614 614 613 613 612 612 611 611 610 610 609 609 608 608 607 606 606 605 605 604 604 603 603 602 602 601 601 600 599 599 598 598 597 597 596 596 595 594 594 593 593 592 592 591 591 590
510 510 510 510 510 509 509 508 508 508 507 507 506 506 505 505 504 504 503 503 501 501 501 500 499 498 498 497 497 497 496 496 496 496 496 496 496 496 496 496 496 496 496 617 616 616 615 615 615 614 614 613 612 612 611 611 610 610 609 609 608 608 607 607 606 606 605 605 604 603 603 602 602 601 601 600 600 599 599 598 597 597 596 596 595 595 594 594 593 592 592 591 591 590
510 511 510 510 510 509 510 509 509 508 508 507 507 507 506 506 505 504 503 503 502 502 500 500 499 499 498 498 498 497 497 497 496 496 496 496 496 496 496 496 496 496 496 617 617 616 616 615 615 614 614 613 613 612 612 611 611 610 610 609 609 608 608 607 606 606 605 605 604 604 603 603 602 602 601 600 600 599 599 598 598 597 597 596 595 595 594 594 593 593 592 591 591 590
511 511 510 511 510 510 510 509 509 508 509 508 508 506 506 506 505 505 504 504 502 502 501 501 499 499 499 498 498 498 497 497 497 496 496 496 496 496 496 496 496 496 496 618 617 617 616 616 615 615 614 614 613 613 612 611 611 610 610 609 609 608 608 607 607 606 606 605 604 604 603 603 602 602 601 601 600 599 599 598 598 597 597 596 596 595 594 594 593 593 592 592 591 590
512 512 511 511 510 511 510 510 510 509 509 508 508 507 507 506 506 506 504 504 503 503 502 501 500 500 499 499 499 498 498 497 497 497 496 496 496 496 496 496 496 496 496 618 617 617 616 616 615 615 614 614 613 613 612 612 611 611 610 610 609 609 608 607 607 606 606 605 605 604 604 603 602 602 601 601 600 600 599 599 598 597 597 596 596 595 595 594 593 593 592 592 591 591
512 512 512 512 511 511 510 510 510 510 510 509 509 508 508 506 506 505 505 504 504 502 502 502 500 500 500 499 499 499 498 498 497 497 497 496 496 496 496 496 496 496 496 618 618 617 617 616 616 615 615 614 614 613 613 612 611 611 610 610 609 609 608 608 607 607 606 605 605 604 604 603 603 602 602 601 600 600 599 599 598 598 597 596 596 595 595 594 594 593 592 592 591 591
558 557 512 512 512 512 511 511 510 510 509 509 509 508 508 507 507 506 506 504 504 503 503 501 501 501 500 500 499 499 499 498 498 497 497 496 496 496 496 496 496 496 619 619 618 618 617 617 616 615 615 614 614 613 613 612 612 611 611 610 610 609 608 608 607 607 606 606 605 605 604 603 603 602 602 601 601 600 599 599 598 598 597 597 596 595 595 594 594 593 593 592 591 591
558 557 558 512 512 511 511 512 511 511 510 510 509 509 508 508 507 506 506 505 505 503 503 502 501 501 501 500 500 499 499 499 498 498 497 497 496 496 496 496 496 496 619 619 618 618 617 617 616 616 615 615 614 614 613 612 612 611 611 610 610 609 609 608 608 607 606 606 605 605 604 604 603 602 602 601 601 600 600 599 598 598 597 597 596 596 595 594 594 593 593 592 592 591
558 558 558 557 513 512 512 511 511 511 510 510 509 509 508 508 507 507 506 505 505 504 504 502 502 502 501 501 500 500 499 499 499 498 498 497 497 496 496 496 496 496 620 619 619 618 618 617 616 616 615 615 614 614 613 613 612 612 611 610 610 609 609 608 608 607 607 606 605 605 604 604 603 603 602 601 601 600 600 599 599 598 597 597 596 596 595 595 594 593 593 592 592 591
