testData/tiles/oneDegreeCosts/grid3.0-4.0-4.0-5.0.asc
ncols   200
nrows   200
xllcorner   3.0
yllcorner   4.0
cellsize   0.005
NODATA_value   -9999.0
[rows 0 to 41 of 200, columns 94 to 187 of 200]
359 360 360 361 361 362 362 363 363 363 364 364 365 365 366 366 367 367 367 368 368 369 602 603 603 603 604 605 606 606 607 607 607 608 608 609 609 609 610 609 610 610 610 611 611 612 612 612 613 613 613 614 614 580 581 581 581 582 582 582 583 583 583 584 584 584 586 586 586 587 587 587 586 587 587 587 587 588 588 588 588 629 630 637 644 650 656 661 666 671 674 679 682 685
360 360 361 361 361 362 362 363 363 364 364 365 365 366 366 366 367 367 368 368 369 602 603 603 603 604 605 606 606 607 607 607 608 608 609 609 609 610 610 611 611 611 612 612 613 613 612 613 613 613 614 614 615 615 615 582 582 582 583 583 583 584 584 584 584 586 586 586 587 587 587 588 588 588 588 589 589 588 588 588 630 630 631 639 646 653 659 665 669 673 677 681 685 688
361 361 361 361 362 362 363 363 364 364 364 365 365 366 366 367 367 368 368 369 369 602 603 603 605 605 606 606 606 607 607 608 608 609 609 609 610 610 611 611 611 612 612 613 613 613 614 614 614 615 615 616 615 615 616 616 616 583 583 583 584 584 584 586 586 586 587 587 587 587 588 588 588 588 589 589 589 589 590 590 631 630 636 644 651 656 662 666 672 676 679 683 686 689
361 362 362 363 363 363 364 364 365 365 366 366 367 367 367 367 367 368 368 369 602 603 603 605 605 605 606 606 607 607 608 608 608 609 609 610 610 610 611 611 612 612 613 613 613 614 614 614 615 615 616 616 616 617 617 617 618 617 617 584 584 584 586 586 586 587 587 587 588 588 588 588 589 589 589 589 590 590 591 591 633 633 640 647 654 659 664 669 673 677 681 685 688 691
361 362 362 363 363 364 364 365 365 366 366 367 367 367 368 368 369 369 370 370 604 604 605 605 605 606 606 607 607 607 608 608 609 609 610 610 610 611 611 612 612 612 613 613 614 614 614 615 615 616 616 616 617 617 617 618 618 618 619 619 620 587 586 586 587 587 587 588 588 588 589 589 589 589 591 591 591 591 592 633 633 634 643 650 657 662 667 673 677 680 684 688 691 694
362 362 363 363 364 364 364 365 365 366 366 367 367 368 368 369 369 370 370 603 604 605 606 606 607 607 607 608 608 609 609 609 609 610 610 610 611 611 612 612 612 613 613 614 614 614 615 615 616 616 616 617 617 617 618 618 619 619 619 621 621 621 622 588 588 589 589 588 588 589 589 590 591 591 591 591 592 592 592 633 634 637 646 653 659 665 671 675 679 683 687 691 694 696
362 362 363 363 364 364 365 365 366 366 367 367 368 368 368 369 369 370 370 604 605 606 606 606 607 607 608 608 609 609 610 610 610 611 611 612 612 613 612 612 613 613 614 614 614 615 615 616 616 616 617 617 617 618 618 619 619 619 621 621 621 622 622 622 623 589 589 591 591 591 591 592 591 591 592 592 592 592 593 634 634 640 650 657 662 668 672 678 682 686 689 692 695 698
362 363 363 364 364 365 365 365 366 366 367 367 368 368 369 369 370 370 604 605 605 606 606 607 607 608 608 609 609 609 610 610 611 611 612 612 612 613 613 614 614 614 615 615 615 615 616 616 616 617 617 617 618 618 619 619 620 621 621 621 622 622 622 623 624 624 625 591 591 592 592 592 593 593 593 593 593 593 594 635 636 645 652 659 664 670 675 679 683 687 691 695 698 700
362 363 363 364 364 365 365 366 366 367 367 368 368 368 369 369 370 370 605 605 606 606 607 607 608 608 608 609 609 610 610 611 611 611 612 612 613 613 614 614 614 615 615 616 616 616 617 617 618 618 617 618 618 619 619 620 621 621 621 622 622 623 624 624 624 625 625 625 592 592 592 593 593 593 595 595 595 595 637 637 639 647 655 662 667 672 677 682 686 689 694 697 700 703
364 364 365 365 366 366 366 367 366 367 367 368 368 369 369 370 370 605 605 606 606 606 607 607 608 608 609 609 610 610 610 611 611 612 612 613 613 613 614 614 615 615 616 616 616 617 617 618 618 618 619 619 620 620 621 621 621 621 623 623 624 624 624 625 625 625 626 626 626 627 593 594 594 595 595 595 596 596 637 637 643 652 658 664 669 675 680 684 688 692 696 699 702 705
364 364 365 365 366 366 367 367 368 368 369 369 370 370 370 371 372 606 605 606 606 607 607 608 608 609 609 609 610 610 611 611 612 612 613 613 613 614 614 615 615 616 616 616 617 617 618 618 618 619 619 620 621 621 622 623 623 624 624 625 624 624 625 625 625 626 626 627 628 628 628 629 595 595 595 596 596 596 638 638 646 654 661 668 673 678 683 688 690 694 697 700 703 706
364 365 365 366 366 366 367 367 368 368 369 369 370 370 371 372 373 606 607 607 608 608 608 609 609 610 609 610 610 611 611 611 612 612 613 613 614 614 615 615 615 616 616 617 617 617 618 618 619 619 620 621 622 623 623 623 624 624 625 625 625 626 626 626 627 627 627 628 628 628 629 629 629 630 596 596 596 638 639 641 649 658 664 670 675 681 685 689 693 696 700 703 705 708
364 365 365 366 366 367 367 368 368 369 369 370 370 371 372 372 606 606 607 607 608 608 609 609 610 610 611 611 611 612 612 613 613 613 613 614 614 614 615 615 616 616 617 617 617 618 618 619 619 620 622 622 623 623 623 624 624 625 625 625 626 627 627 628 628 628 629 629 629 629 629 629 630 630 630 632 598 639 639 644 653 660 666 673 678 682 687 691 695 699 702 705 710 713
365 365 366 366 366 367 367 368 368 369 369 370 370 372 372 373 606 607 607 608 608 609 609 609 610 610 611 611 612 612 613 613 614 614 614 615 615 616 616 616 616 616 617 617 618 618 619 620 620 622 622 623 623 623 624 624 625 625 626 627 627 627 628 628 629 629 629 630 630 630 631 632 632 631 632 632 632 640 640 647 655 663 669 674 679 685 689 694 697 701 705 709 712 714
365 365 366 366 367 367 368 368 369 369 370 370 372 372 372 606 606 607 607 608 608 609 609 610 610 611 611 612 612 612 613 613 614 614 615 615 616 616 616 617 617 618 618 619 620 619 620 620 622 622 623 623 623 624 624 626 626 626 627 627 627 628 628 629 629 629 630 630 631 632 632 632 633 633 633 634 634 674 674 651 658 665 671 678 683 687 691 696 700 704 707 710 713 716
365 365 366 366 367 367 368 368 369 369 370 371 372 372 373 606 607 607 608 608 609 609 609 610 610 611 611 612 612 613 613 614 614 615 615 615 616 616 617 617 618 618 620 620 620 621 622 623 623 623 623 623 625 625 626 626 626 627 627 627 628 628 629 629 629 631 631 631 632 632 632 633 633 633 634 634 675 676 679 689 696 669 674 680 684 690 694 698 702 705 709 712 715 717
366 367 367 368 368 369 369 370 369 370 371 372 372 372 373 606 607 607 608 608 609 609 610 610 611 611 612 612 613 613 613 614 614 615 615 616 616 617 617 619 619 619 620 620 621 622 623 623 623 624 625 626 626 626 627 626 627 627 627 628 628 629 630 630 631 631 631 632 632 632 633 633 633 634 634 634 677 677 683 692 699 705 677 683 688 691 696 700 704 707 710 713 716 720
366 367 367 368 368 369 369 370 370 372 372 373 373 374 607 608 608 608 608 609 609 610 610 610 611 611 612 612 613 613 614 614 615 615 616 616 616 618 618 619 619 620 620 621 622 622 623 624 625 625 626 626 626 627 627 628 628 628 629 630 630 630 630 631 631 631 632 632 633 633 633 634 635 635 636 636 677 677 686 694 701 708 714 719 690 695 699 703 705 710 714 716 719 722
367 367 368 368 369 369 370 370 372 372 372 373 373 374 607 608 608 609 609 610 610 611 611 612 612 612 612 613 613 614 614 614 615 615 616 617 618 618 619 619 620 620 620 622 622 624 624 625 625 625 626 626 627 627 628 628 629 630 630 631 631 631 632 632 631 632 632 633 633 634 635 635 635 636 636 636 678 679 689 696 704 710 715 722 727 732 702 705 710 713 716 719 720 724
359 359 368 368 369 369 370 371 372 372 373 373 374 607 608 608 609 609 610 610 611 611 611 612 612 613 613 614 614 615 615 615 615 617 617 618 618 618 619 619 620 620 623 623 624 624 624 625 625 626 626 627 627 628 629 629 630 630 631 631 631 632 632 632 633 633 635 635 634 635 635 635 636 636 636 678 678 682 692 699 706 713 720 725 729 733 738 707 711 714 718 721 723 726
359 359 359 359 369 369 371 371 372 372 373 373 374 607 608 608 609 609 610 610 611 611 612 612 613 613 614 614 615 615 616 617 617 618 618 619 619 619 619 620 621 623 623 623 624 624 625 625 626 626 627 628 628 629 629 630 630 630 631 631 632 632 632 634 634 635 635 635 636 636 636 637 636 636 637 678 678 686 695 702 711 716 721 726 731 735 739 743 747 716 719 722 724 728
359 359 359 359 359 371 371 372 372 373 373 374 374 608 608 609 609 610 610 611 611 611 612 612 613 613 614 614 616 616 617 617 618 618 619 619 620 620 621 623 623 624 624 624 624 625 625 626 627 627 628 628 629 629 630 630 630 631 631 632 633 633 634 634 635 635 635 636 636 636 637 637 638 638 638 681 680 689 698 706 712 718 724 728 733 737 741 745 748 751 755 724 726 730
359 359 359 359 359 359 359 372 372 373 373 374 607 608 608 609 609 610 610 611 611 612 612 613 613 614 615 616 616 617 617 617 618 618 619 619 621 621 623 623 624 624 625 625 625 626 627 628 627 628 628 629 629 629 630 630 631 631 633 633 633 634 634 635 635 635 636 636 637 637 637 639 639 639 681 681 683 694 702 709 715 720 725 730 735 739 743 746 750 754 757 760 728 732
359 359 359 359 359 359 359 359 359 373 374 374 608 608 608 609 609 610 610 611 611 612 612 613 614 615 615 616 616 617 617 618 618 619 620 621 621 623 623 623 624 624 625 625 627 627 628 628 629 629 629 630 630 630 630 632 632 632 633 633 634 634 635 635 635 636 636 637 638 638 639 639 639 640 681 682 688 697 704 712 718 723 729 732 736 741 746 749 752 755 759 762 764 767
359 359 359 359 359 359 359 359 359 359 359 374 608 608 609 609 610 610 611 611 612 612 613 614 615 615 616 616 617 617 617 619 619 620 620 621 622 623 623 624 624 626 626 627 627 628 628 628 629 629 630 630 631 632 633 633 633 633 633 634 634 634 635 635 636 637 637 638 638 639 639 639 640 640 682 683 690 699 707 713 719 726 731 736 741 744 748 750 754 757 760 763 765 769
359 359 359 359 359 359 359 359 359 359 359 481 482 609 610 610 611 611 612 611 612 613 614 614 615 615 616 616 617 618 619 619 620 620 621 622 623 623 624 625 625 626 626 627 627 628 628 629 629 630 631 631 632 632 633 633 634 634 635 635 635 635 635 637 637 637 638 638 639 639 639 640 640 641 683 683 694 702 710 717 723 728 733 738 742 746 750 753 757 760 762 765 767 770
359 359 359 359 359 359 359 359 359 359 359 482 482 483 483 611 611 612 612 614 614 615 615 616 616 617 616 617 618 618 619 619 620 620 622 622 623 624 625 625 626 626 627 627 628 628 629 629 630 631 631 632 632 633 633 634 634 634 635 635 637 637 638 638 638 638 638 639 639 639 640 641 642 683 683 687 697 705 713 719 724 730 735 739 743 748 751 755 759 762 764 767 769 773
359 359 359 359 359 359 359 359 359 359 359 482 482 483 483 484 484 613 613 614 614 615 615 616 616 617 618 619 619 620 620 621 620 622 622 624 624 625 625 625 626 626 627 627 628 629 630 630 631 631 632 632 633 633 633 634 634 636 636 637 637 637 638 638 639 639 640 640 640 640 641 642 643 684 685 690 699 708 714 720 727 732 736 741 745 749 752 757 760 764 766 770 772 775
359 359 359 359 359 359 359 359 359 359 481 482 482 483 483 485 485 486 486 614 614 615 615 616 617 618 618 619 619 620 620 621 622 624 624 625 625 625 625 626 626 627 627 629 629 630 630 630 631 631 632 632 633 633 634 635 636 636 636 637 637 638 638 639 639 639 640 640 641 643 643 644 644 685 685 693 702 710 716 723 728 733 738 743 747 752 756 759 762 766 768 771 773 777
359 359 359 359 359 359 359 359 359 359 482 482 483 483 485 485 486 486 487 487 488 615 617 617 618 618 619 619 620 620 621 623 624 624 625 625 626 626 626 627 627 629 629 629 629 630 630 631 631 632 632 633 634 635 635 635 636 636 637 637 638 638 639 639 639 640 641 643 643 643 644 644 645 686 686 697 704 712 719 724 731 735 741 746 750 753 757 761 764 767 769 773 775 778
359 359 359 359 359 359 359 359 359 359 482 482 484 484 485 485 486 486 487 487 489 489 490 617 618 618 619 619 620 621 623 623 624 624 625 625 626 626 627 628 629 629 630 630 631 631 632 631 631 632 633 634 634 635 635 636 636 637 637 638 638 638 639 640 641 641 643 643 643 644 644 645 645 686 689 699 708 715 721 729 733 738 743 747 751 755 759 762 765 769 771 774 776 779
359 359 359 359 359 359 359 359 359 481 483 483 484 484 485 485 486 486 488 488 489 489 490 491 491 492 619 620 621 622 623 623 624 624 625 625 626 627 628 628 629 629 630 630 631 631 632 632 634 634 635 635 635 635 636 636 636 637 637 638 639 640 640 641 641 642 643 643 644 644 645 645 686 687 692 702 711 718 725 730 735 741 745 748 753 757 760 764 767 770 772 776 778 780
359 359 359 359 359 359 359 359 359 483 483 484 484 485 485 486 486 488 488 489 489 490 490 491 491 493 493 494 622 623 623 624 624 625 625 627 627 628 628 629 629 630 630 631 631 632 633 633 634 634 635 635 636 636 637 637 637 637 639 639 640 640 640 641 642 643 643 644 644 644 645 645 687 688 696 705 713 720 726 732 738 742 746 751 755 759 762 765 768 772 774 778 780 783
359 359 359 359 359 359 359 359 359 484 484 485 485 486 486 487 487 488 488 489 489 490 490 492 492 493 493 495 495 496 623 624 624 626 626 627 627 628 628 629 629 630 630 631 632 633 633 634 634 635 635 636 636 637 637 638 639 639 640 640 640 640 641 642 643 643 643 644 644 645 646 647 688 688 699 707 716 722 728 734 739 744 749 753 757 761 764 768 772 774 776 780 782 784
359 359 359 359 359 359 359 359 483 484 484 485 485 487 487 488 488 489 489 490 490 491 492 492 493 493 495 495 496 496 497 498 626 626 627 627 628 628 629 629 630 631 632 632 632 633 633 634 634 635 635 636 636 638 638 639 639 640 640 641 641 643 643 642 643 643 644 645 646 646 647 647 688 691 701 710 717 724 730 736 741 746 750 755 759 763 767 770 773 777 779 782 783 786
359 359 359 359 359 359 359 359 484 484 485 485 487 487 488 488 489 489 490 490 492 492 493 493 494 495 496 496 496 497 498 498 499 499 627 627 628 628 629 630 631 631 632 632 633 633 634 634 635 635 636 637 638 638 639 639 639 640 640 641 642 643 643 644 645 646 646 646 646 646 647 688 689 694 704 712 719 726 732 738 743 748 753 757 760 765 768 771 775 778 780 784 786 788
359 359 359 359 359 359 359 359 484 484 486 486 487 487 488 488 489 489 491 491 492 492 493 493 495 495 496 497 498 498 499 499 500 499 500 500 501 629 630 630 631 631 632 632 633 633 634 634 635 636 637 637 638 638 639 639 640 640 641 642 643 643 645 645 645 646 646 647 647 648 647 689 689 696 706 714 722 728 735 740 745 750 754 758 762 766 769 773 776 778 782 784 787 789
359 359 359 359 359 359 359 483 485 485 486 486 487 487 488 488 489 490 491 491 492 492 493 494 495 496 497 498 498 499 499 500 500 501 501 502 503 504 504 631 631 632 632 633 633 634 634 636 636 637 637 638 638 639 639 639 640 640 642 643 644 644 645 645 646 646 647 647 648 648 648 690 690 700 708 718 724 730 737 741 747 751 755 760 764 768 771 774 778 780 783 785 789 791
359 359 359 359 359 359 359 484 485 485 486 486 487 487 488 490 490 491 491 492 492 493 493 495 496 497 497 498 498 499 499 500 500 501 502 503 503 504 504 505 505 506 632 633 633 635 635 636 636 637 637 638 638 639 639 640 640 643 643 644 644 645 645 646 646 646 647 647 648 648 649 690 693 704 713 720 727 733 738 744 748 752 757 761 766 769 772 776 779 781 785 788 790 793
359 359 359 359 359 359 359 484 485 486 486 487 487 489 489 490 490 491 491 492 492 493 495 496 496 497 497 498 498 499 499 500 501 502 502 503 503 504 504 505 505 506 506 508 635 636 636 636 636 637 637 638 638 639 639 641 642 643 643 644 644 645 645 646 646 647 647 648 648 650 691 691 696 706 715 722 729 735 741 746 749 755 759 763 767 770 774 778 781 784 787 789 792 794
359 359 359 359 359 359 359 485 485 486 486 487 488 489 489 490 490 491 491 492 492 495 495 496 496 497 497 498 498 499 501 501 502 502 503 503 504 504 505 505 506 507 508 508 509 509 637 637 638 638 639 638 639 640 641 642 643 643 644 644 645 645 646 646 646 647 647 649 649 650 691 692 698 709 717 725 731 736 743 747 753 757 762 764 769 773 776 779 783 785 788 791 793 796
359 359 359 359 359 359 484 485 485 486 487 488 488 489 489 490 490 491 491 493 494 495 496 496 497 497 498 498 500 500 501 501 502 502 503 503 504 504 505 506 507 507 508 508 509 509 510 510 511 638 639 640 641 641 642 642 643 643 644 644 645 645 646 646 648 648 649 649 650 650 692 692 701 711 718 726 732 739 744 749 754 759 764 767 772 774 777 781 783 787 789 792 795 798
