testData/tiles/oneDegreeCosts/grid38.0-13.0-39.0-14.0.asc
ncols   200
nrows   200
xllcorner   38.0
yllcorner   13.0
cellsize   0.005
NODATA_value   -9999.0
[rows 0 to 41 of 200, columns 0 to 93 of 200]
619 620 620 621 622 623 624 625 626 626 627 628 629 629 630 631 631 632 633 634 634 635 636 636 637 638 639 639 640 641 641 642 643 644 644 645 646 646 647 648 648 649 650 651 651 652 653 653 654 655 656 656 657 658 658 659 660 660 661 662 663 663 664 665 665 666 667 667 668 669 670 670 671 672 672 673 674 674 675 676 676 677 678 679 679 680 681 681 682 683 683 667 667 694
619 620 621 622 623 624 624 625 626 627 627 628 629 629 630 631 632 632 633 634 634 635 636 637 637 638 639 639 640 641 642 642 643 644 644 645 646 648 648 649 650 650 651 652 653 653 654 655 655 656 657 657 658 659 660 660 661 662 662 663 663 663 664 665 666 666 667 668 668 669 670 670 671 672 673 673 674 675 675 676 677 677 678 679 679 680 681 682 682 683 667 667 667 696
619 621 622 622 623 624 625 625 626 627 627 628 629 630 630 631 632 632 633 634 635 635 636 637 637 638 639 640 640 641 643 643 644 645 646 646 647 648 648 649 650 651 651 652 653 653 654 655 656 656 657 658 658 659 660 660 661 662 663 663 664 665 665 666 667 668 668 668 669 669 670 671 671 672 673 674 674 675 676 676 677 678 678 679 680 680 681 682 682 667 667 667 667 696
620 621 622 623 623 624 625 625 626 627 628 628 629 630 630 631 632 633 633 634 635 635 636 637 638 638 640 641 642 642 643 644 644 645 646 646 647 648 649 649 650 651 651 652 653 654 654 655 656 656 657 658 659 659 660 661 661 662 663 664 664 665 666 666 667 668 668 669 670 671 671 671 672 672 673 674 674 675 676 677 677 678 679 679 680 681 681 682 667 667 667 667 667 696
621 621 622 623 623 624 625 626 626 627 628 628 629 630 631 631 632 633 634 634 635 636 637 638 639 640 640 641 642 642 643 644 645 645 646 647 647 648 649 650 650 651 652 652 653 654 655 655 656 657 657 658 659 659 660 661 662 662 663 664 664 665 666 667 667 668 669 669 670 671 671 672 673 674 674 674 675 675 676 677 677 678 679 680 680 681 682 667 667 667 667 667 667 696
621 621 622 623 624 624 625 626 626 627 628 629 629 630 631 632 632 633 634 635 636 637 638 638 639 640 640 641 642 643 643 644 645 645 646 647 648 648 649 650 650 651 652 653 653 654 655 655 656 657 658 658 659 660 660 661 662 663 663 664 665 665 666 667 667 668 669 670 670 671 672 672 673 674 675 675 676 677 676 677 678 678 679 680 680 681 667 667 667 667 667 667 667 697
621 622 622 623 624 624 625 626 627 627 628 629 630 630 631 632 633 634 635 636 636 637 638 638 639 640 641 641 642 643 643 644 645 646 646 647 648 648 649 650 651 651 652 653 653 654 655 656 656 657 658 658 659 660 661 661 662 663 663 664 665 666 666 667 668 668 669 670 671 671 672 673 673 674 675 675 676 677 678 678 679 679 679 680 681 667 667 667 667 667 667 667 667 697
621 622 622 623 624 625 625 626 627 628 628 629 630 631 632 633 634 634 635 636 636 637 638 639 639 640 641 641 642 643 644 644 645 646 646 647 648 649 649 650 651 652 652 653 654 654 655 656 657 657 658 659 659 660 661 661 662 663 664 664 665 666 666 667 668 669 669 670 671 671 672 673 674 674 675 676 676 677 678 678 679 680 681 667 667 667 667 667 667 667 667 667 667 697
621 622 623 623 624 625 625 626 627 628 628 630 631 632 632 633 634 634 635 636 637 637 638 639 639 640 641 642 642 643 644 645 645 646 647 647 648 649 650 650 651 652 652 653 654 655 655 656 657 657 658 659 660 660 661 662 662 663 664 665 665 666 667 667 668 669 670 670 671 672 672 673 674 674 675 676 677 677 678 679 679 680 667 667 667 667 667 667 667 667 667 667 667 697
621 622 623 623 624 625 626 626 628 629 630 630 631 632 632 633 634 635 635 636 637 637 638 639 640 640 641 642 643 643 644 645 645 646 647 648 648 649 650 650 651 652 653 653 654 655 655 656 657 658 658 659 660 660 661 662 663 663 664 665 665 666 667 668 668 669 670 670 671 672 673 673 674 675 675 676 677 677 678 679 680 667 667 667 667 667 667 667 667 667 667 667 667 698
621 622 623 624 624 625 627 627 628 629 630 630 631 632 633 633 634 635 635 636 637 638 638 639 640 641 641 642 643 643 644 645 646 646 647 648 648 649 650 651 651 652 653 653 654 655 656 656 657 658 658 659 660 661 661 662 663 663 664 665 666 666 667 668 668 669 670 671 671 672 673 673 674 675 676 676 677 678 678 679 667 667 667 667 667 667 667 667 667 667 667 667 667 698
622 622 623 624 625 626 627 628 628 629 630 631 631 632 633 633 634 635 636 636 637 638 638 639 640 641 641 642 643 644 644 645 646 646 647 648 649 649 650 651 651 653 654 655 655 656 657 657 658 659 660 660 661 662 663 663 663 664 664 665 666 667 667 668 669 669 670 671 672 672 673 674 674 675 676 676 677 678 667 667 667 667 667 667 667 667 667 667 667 667 667 667 667 698
622 622 624 625 626 626 627 628 628 629 630 631 631 632 633 634 634 635 636 636 637 638 639 639 640 641 642 642 643 644 644 645 646 648 648 649 650 650 651 652 653 653 654 655 656 656 657 658 658 659 660 661 661 662 663 663 664 665 666 666 667 668 668 669 669 670 670 671 672 672 673 674 675 675 676 677 677 667 667 667 667 667 667 667 667 667 667 667 667 667 667 667 667 699
623 624 624 625 626 626 627 628 629 629 630 631 632 632 633 634 634 635 636 637 637 638 639 639 640 641 642 642 644 645 646 646 647 648 648 649 650 651 651 652 653 653 654 655 656 656 657 658 659 659 660 661 661 662 663 664 664 665 666 666 667 668 669 669 670 671 671 672 673 673 673 674 675 675 676 677 667 667 667 667 667 667 667 667 667 667 667 667 667 667 667 667 667 700
623 624 624 625 626 627 627 628 629 629 630 631 632 632 633 634 635 635 636 637 637 638 639 640 641 642 643 644 644 645 646 646 647 648 649 649 650 651 651 652 653 654 654 655 656 657 657 658 659 659 660 661 662 662 663 664 664 665 666 667 667 668 669 669 670 671 672 672 673 674 674 675 676 676 676 667 667 667 667 667 667 667 667 667 667 667 667 667 667 667 667 667 667 667
623 624 625 625 626 627 627 628 629 630 630 631 632 632 633 634 635 635 636 637 638 639 640 641 641 642 643 644 644 645 646 647 647 648 649 649 650 651 652 652 653 654 655 655 656 657 657 658 659 660 660 661 662 662 663 664 665 665 666 667 667 668 669 670 670 671 672 673 673 674 675 675 676 667 667 667 667 667 667 667 667 667 667 667 667 667 667 667 667 667 667 667 667 667
623 624 625 625 626 627 628 628 629 630 630 631 632 633 633 634 635 636 637 638 639 639 640 641 642 642 643 644 645 645 646 647 647 648 649 650 650 651 652 652 653 654 655 655 656 657 658 658 659 660 660 661 662 663 663 664 665 665 666 667 668 668 669 670 671 671 672 673 673 674 675 676 667 667 667 667 667 667 667 667 667 667 667 667 667 667 667 667 667 667 667 667 667 667
623 624 625 625 626 627 628 628 629 630 631 631 632 633 633 634 636 637 637 638 639 640 640 641 642 642 643 644 645 645 646 647 648 648 649 650 650 651 652 653 653 654 655 656 656 657 658 658 659 660 661 661 662 663 663 664 665 666 666 667 668 669 669 670 671 671 672 673 674 674 675 667 667 667 667 667 667 667 667 667 667 667 667 667 667 667 667 667 667 667 667 667 667 667
623 624 625 626 626 627 628 628 629 630 631 631 632 634 635 635 636 637 637 638 639 640 640 641 642 643 643 644 645 645 646 647 648 648 649 650 651 651 652 653 653 654 655 656 656 657 658 659 659 660 661 661 662 663 664 664 665 666 667 667 668 669 669 670 671 672 672 673 674 667 667 667 667 667 667 667 667 667 667 667 667 667 667 667 667 667 667 667 667 667 667 667 667 667
623 624 625 626 626 627 628 629 629 630 631 633 633 634 635 635 636 637 638 638 639 640 641 641 642 643 643 644 645 646 646 647 648 649 649 650 651 651 652 653 654 654 655 656 657 657 658 659 659 660 661 662 662 663 664 664 665 666 667 667 668 669 670 670 671 672 672 673 667 667 667 667 667 667 667 667 667 667 667 667 667 667 667 667 667 667 667 667 667 667 667 667 667 667
624 624 625 626 627 627 628 629 629 631 632 633 633 634 635 636 636 637 638 638 639 640 641 641 642 643 644 644 645 646 646 647 648 649 649 650 651 652 652 653 654 654 655 656 657 657 658 659 660 660 661 662 662 663 664 665 665 666 667 668 668 669 670 670 671 672 673 667 667 667 667 667 667 667 667 667 667 667 667 667 667 667 667 667 667 667 667 667 667 667 667 667 667 667
624 624 625 626 627 627 628 630 631 631 632 633 633 634 635 636 636 637 638 639 639 640 641 641 642 643 644 644 645 646 647 647 648 649 649 650 651 652 652 653 654 655 655 656 657 657 658 659 660 660 661 662 663 663 664 665 665 666 667 668 668 669 670 671 671 667 667 667 667 667 667 667 667 667 667 667 667 667 667 667 667 667 667 667 667 667 667 667 667 667 667 667 667 667
624 625 625 626 627 628 629 630 631 631 632 633 634 634 635 636 636 637 638 639 639 640 641 642 642 643 644 644 645 646 647 647 648 649 650 650 651 652 653 653 654 655 655 656 657 658 658 659 660 661 661 662 663 663 664 665 666 666 667 668 669 669 670 671 667 667 667 667 667 667 667 667 667 667 667 667 667 667 667 667 667 667 667 667 667 667 667 667 667 667 667 667 667 667
624 625 625 627 628 629 629 630 631 631 632 633 634 634 635 636 637 637 638 639 639 640 641 642 642 643 644 645 645 646 647 648 648 649 650 650 651 653 654 654 655 656 657 657 658 659 659 660 661 662 662 663 664 665 665 666 667 667 668 669 669 669 670 667 667 667 667 667 667 667 667 667 667 667 667 667 667 667 667 667 667 667 667 667 667 667 667 667 667 667 667 667 667 667
607 608 626 627 628 629 629 630 631 632 632 633 634 634 635 636 637 637 638 639 640 640 641 642 643 643 644 645 645 646 647 648 649 650 651 652 652 653 654 654 655 656 657 657 658 659 660 660 661 662 662 663 664 665 665 666 667 668 668 669 670 667 667 667 667 667 667 667 667 667 667 667 667 667 667 667 667 667 667 667 667 667 667 667 667 667 667 667 667 667 667 698 699 700
608 609 609 610 628 629 629 630 631 632 632 633 634 635 635 636 637 637 638 639 640 640 641 642 643 643 644 646 647 647 648 649 649 650 651 652 652 653 654 655 655 656 657 657 658 659 660 660 661 662 663 663 664 665 665 666 667 668 668 669 667 667 667 667 667 667 667 667 667 667 667 667 667 667 667 667 667 667 667 667 667 667 667 693 693 694 695 695 696 697 698 698 699 700
608 609 610 610 611 612 613 630 631 632 632 633 634 635 635 636 637 638 638 639 640 640 641 642 644 644 645 646 647 647 648 649 650 650 651 652 652 653 654 655 655 656 657 658 658 659 660 660 661 662 663 663 664 665 666 666 667 668 667 667 667 667 667 667 667 667 667 667 667 667 667 667 667 667 667 687 688 688 689 690 691 691 692 693 693 694 695 696 696 697 698 699 699 700
608 609 610 610 611 612 613 613 614 632 633 633 634 635 635 636 637 638 638 639 640 642 642 643 644 645 645 646 647 647 648 649 650 650 651 652 653 653 654 655 655 656 657 658 658 659 660 661 661 662 663 664 664 665 666 666 667 667 667 667 667 667 667 667 667 667 667 667 667 684 684 685 686 687 687 688 688 688 689 690 691 691 692 693 694 694 695 696 696 697 698 699 699 700
608 609 610 610 611 612 613 613 614 615 616 633 634 635 636 636 637 638 638 640 641 642 642 643 644 645 645 646 647 648 648 649 650 650 651 652 653 653 654 655 656 656 657 658 658 659 660 661 661 662 663 664 664 665 666 667 667 667 667 667 667 667 679 679 680 681 682 682 683 684 684 685 686 687 687 688 689 690 689 690 691 691 692 693 694 694 695 696 697 697 698 699 699 700
608 609 610 611 611 612 613 613 614 615 616 616 617 635 636 636 638 639 640 640 641 642 642 643 644 645 645 646 647 648 648 649 650 651 651 652 653 653 654 655 656 656 657 658 659 659 660 661 662 662 663 664 664 665 665 665 674 675 676 677 677 678 679 679 680 681 682 682 683 684 685 685 686 687 688 688 689 690 690 691 692 692 692 693 694 695 695 696 697 697 698 699 700 700
608 609 610 611 611 612 613 614 614 615 616 616 617 618 620 620 638 639 640 640 641 642 643 643 644 645 645 646 647 648 648 649 650 651 651 652 653 654 654 655 656 656 657 658 659 659 660 661 662 662 704 705 706 672 673 674 674 675 676 677 677 678 679 680 680 681 682 682 683 684 685 685 686 687 688 688 689 690 691 691 692 693 693 693 694 695 695 696 697 698 698 699 700 700
608 609 610 611 611 612 613 614 614 615 616 617 618 619 620 620 621 622 640 640 641 642 643 643 644 645 646 646 647 648 648 649 650 651 651 652 653 654 654 655 656 657 657 658 659 700 701 702 703 703 704 671 672 672 673 674 675 675 676 677 677 678 679 680 680 681 682 683 683 684 685 686 686 687 688 688 689 690 691 691 692 693 694 694 695 695 695 696 697 698 698 699 700 701
609 609 610 611 611 612 613 614 614 615 617 618 618 619 620 621 621 622 623 623 641 642 643 643 644 645 646 646 647 648 649 649 650 651 651 652 653 654 654 655 697 698 698 699 700 701 701 702 703 703 670 671 672 672 673 674 675 675 676 677 678 678 679 680 680 681 682 683 683 684 685 686 686 687 688 689 689 690 691 691 692 693 694 694 695 696 697 696 697 698 698 699 700 701
609 609 610 611 612 612 613 614 615 616 617 618 618 619 620 621 621 622 623 624 624 625 626 643 644 645 646 646 647 648 649 649 650 651 652 693 694 695 695 696 697 698 698 699 700 701 701 702 669 670 670 671 672 672 673 674 675 675 676 677 678 678 679 680 681 681 682 683 683 684 685 686 686 687 688 689 689 690 691 692 692 693 694 694 695 696 697 697 698 698 699 699 700 701
609 609 610 611 612 612 613 615 616 616 617 618 618 619 620 621 621 622 623 624 624 625 626 627 627 645 646 646 647 648 690 690 691 692 693 693 694 695 696 696 697 698 698 699 700 701 668 668 669 670 670 671 672 673 673 674 675 675 676 677 678 678 679 680 681 681 682 683 684 684 685 686 686 687 688 689 689 690 691 692 692 693 694 695 695 696 697 697 698 699 699 699 700 701
609 609 610 611 612 613 614 615 616 616 617 618 618 619 620 621 621 622 623 624 624 625 626 627 627 628 670 671 688 689 690 690 691 692 693 693 694 695 696 696 697 698 699 699 700 668 668 668 669 670 670 671 672 673 673 674 675 676 676 677 678 678 679 680 681 681 682 683 684 684 685 686 687 687 688 689 689 690 691 692 692 693 694 695 695 696 697 698 698 699 700 700 700 701
609 609 610 612 613 613 614 615 616 616 617 618 619 619 620 621 621 622 623 624 624 666 667 668 668 669 670 671 671 672 690 691 691 692 693 693 694 695 696 697 698 699 700 666 667 668 669 669 670 671 671 672 673 674 674 675 676 677 676 677 678 679 679 680 681 681 682 683 684 684 685 686 687 687 688 689 690 690 691 692 693 693 694 695 695 696 697 698 698 699 700 701 701 702
609 609 611 612 613 613 614 615 616 616 617 618 619 619 620 621 622 663 664 665 665 666 667 668 668 669 670 671 671 672 673 674 674 693 694 695 695 696 697 697 698 699 666 666 667 668 669 669 670 671 672 672 673 674 674 675 676 677 677 678 679 680 680 681 681 682 682 683 684 684 685 686 687 687 688 689 690 690 691 692 693 693 694 695 696 696 697 698 698 699 700 701 701 702
609 611 611 612 613 613 614 615 616 616 617 618 619 660 661 662 663 663 664 665 666 666 667 668 668 669 670 671 671 673 674 675 675 676 677 695 695 696 697 697 664 665 666 666 667 668 669 669 670 671 672 672 673 674 675 675 676 677 677 678 679 680 680 681 682 683 683 684 684 685 685 686 687 687 688 689 690 690 691 692 693 693 694 695 696 696 697 698 699 699 700 701 701 702
610 611 611 612 613 614 614 615 616 657 658 659 660 660 661 662 663 663 664 665 666 666 667 668 668 669 671 672 672 673 674 675 675 676 677 678 678 679 663 664 664 665 666 666 667 668 669 669 670 671 672 672 673 674 675 675 676 677 678 678 679 680 680 681 682 683 683 684 685 686 686 686 687 688 688 689 690 690 691 692 693 693 694 695 696 696 697 698 699 699 700 701 702 702
610 611 611 612 613 655 655 656 657 657 658 659 660 660 661 662 663 663 664 665 666 666 667 669 670 670 671 672 672 673 674 675 675 676 677 678 678 645 646 647 647 665 666 667 667 668 669 669 670 671 672 672 673 674 675 675 676 677 678 678 679 680 680 681 682 683 683 684 685 686 686 687 688 689 688 689 690 691 691 692 693 693 694 695 696 696 697 698 699 699 700 701 702 702
610 652 652 653 654 655 655 656 657 658 658 659 660 660 661 662 663 663 664 665 666 667 668 669 670 670 671 672 673 673 674 675 675 676 677 644 644 645 646 647 647 648 649 650 667 668 669 669 670 671 672 672 673 674 675 675 676 677 678 678 679 680 681 681 682 683 683 684 685 686 686 687 688 689 689 690 690 691 691 692 693 694 694 695 696 696 697 698 699 699 700 701 702 702
