testData/tiles/oneDegreeCosts/grid41.0-13.0-42.0-14.0.asc
ncols   200
nrows   200
xllcorner   41.0
yllcorner   13.0
cellsize   0.005
NODATA_value   -9999.0
[rows 126 to 167 of 200, columns 94 to 187 of 200]
659 659 659 659 658 658 658 658 658 657 657 657 657 657 657 657 657 658 658 658 658 659 658 659 659 659 659 659 660 660 660 660 660 567 567 567 567 568 567 568 568 567 568 568 567 567 568 568 568 568 568 567 568 568 567 567 568 567 567 568 567 567 579 590 597 602 607 612 615 619 622 626 629 631 633 636 611 614 615 618 621 622 624 625 627 630 631 633 633 636 637 638 639 641
660 660 659 659 659 659 659 658 658 658 658 658 657 657 657 658 657 658 658 659 659 659 659 659 660 659 660 660 660 660 660 661 660 567 568 568 567 568 568 568 568 568 568 568 568 568 568 568 568 568 568 568 568 568 568 568 568 568 567 567 568 567 582 592 598 604 609 612 617 621 623 626 629 632 635 637 640 615 617 619 620 623 624 627 628 630 632 633 635 636 638 640 641 642
660 660 660 660 660 659 659 659 659 659 658 658 658 658 657 657 658 658 659 659 659 659 660 659 660 660 660 660 660 661 661 661 661 568 568 568 568 568 568 568 568 568 568 568 569 568 568 569 568 568 569 568 568 569 568 568 568 568 568 568 568 568 586 593 601 606 610 614 618 622 625 627 630 634 636 638 640 643 618 620 622 624 626 628 629 631 633 634 635 637 639 640 642 643
661 661 660 660 660 660 660 659 659 659 659 659 658 658 658 658 658 658 659 659 660 659 659 660 660 660 660 661 661 661 661 661 661 661 568 569 568 568 569 569 568 569 569 568 569 569 568 569 569 569 569 569 569 569 569 569 568 568 569 568 568 579 588 596 602 607 612 615 619 623 626 629 632 634 637 639 641 645 619 621 622 624 627 628 630 631 633 635 637 638 639 642 642 644
661 661 661 661 661 660 660 660 660 660 659 659 659 659 658 658 658 659 659 659 659 660 660 660 660 661 661 661 661 661 662 661 661 662 568 568 569 569 569 569 569 569 569 569 569 569 569 569 569 569 569 569 569 569 569 569 569 568 569 569 568 578 591 597 603 608 613 617 621 623 627 629 632 635 638 640 643 644 647 622 624 626 627 630 631 633 634 636 638 639 640 641 644 644
662 662 661 661 661 661 661 660 660 660 660 660 659 659 659 659 659 659 659 660 660 660 660 660 661 661 661 661 662 661 661 662 662 661 569 569 569 569 569 570 569 569 570 569 569 570 570 569 570 570 569 569 570 569 569 570 569 569 569 569 569 582 593 600 605 609 615 619 621 625 628 631 634 636 639 641 643 646 647 650 624 626 628 630 632 633 635 637 639 640 641 643 643 646
662 662 662 662 662 661 661 661 661 661 660 660 660 660 659 659 659 659 660 660 660 660 661 660 661 661 661 661 661 662 662 662 662 662 570 569 569 570 569 569 570 570 570 570 570 570 570 570 570 570 570 569 570 570 570 570 570 570 569 570 570 585 594 601 606 611 615 619 623 625 629 633 635 637 639 642 645 646 648 651 626 628 629 631 633 635 636 637 639 641 642 643 645 646
663 663 662 662 662 662 662 661 661 661 661 661 660 660 660 660 659 659 660 660 661 660 661 661 661 661 661 662 662 662 662 662 663 662 570 570 569 569 570 570 570 570 570 570 570 570 571 570 570 570 570 570 570 570 570 570 570 570 570 570 570 588 596 602 608 612 616 620 624 627 629 632 636 638 640 643 645 648 649 651 654 628 630 631 633 636 637 639 639 642 643 644 645 646
663 663 663 663 663 662 662 662 662 662 661 661 661 661 660 660 660 660 660 660 660 661 661 661 661 662 662 662 662 662 663 662 662 663 570 570 570 570 570 570 570 571 570 570 571 570 570 571 570 570 571 570 570 570 571 570 570 571 570 570 580 590 598 603 609 614 617 621 626 628 631 634 637 639 641 643 646 648 650 652 654 657 631 633 634 636 638 639 641 641 644 645 646 648
664 664 663 663 663 663 663 662 662 662 662 662 661 661 661 661 660 660 660 661 661 661 661 661 662 662 662 662 663 662 662 663 663 663 570 570 570 570 570 571 570 570 571 570 570 571 571 571 571 571 571 571 571 570 571 571 570 570 571 570 580 593 599 605 610 615 619 623 625 629 632 634 637 640 642 645 646 650 651 653 655 656 632 633 635 637 639 640 641 643 643 646 648 648
664 664 664 664 663 663 663 663 663 662 662 662 662 662 661 661 661 661 660 660 661 661 662 661 662 662 663 662 662 663 663 663 663 663 570 570 570 571 570 571 571 570 571 571 571 571 571 571 571 571 571 571 571 571 571 571 571 571 571 571 584 593 602 606 611 616 620 623 627 629 633 636 638 640 643 645 648 649 652 654 656 658 660 634 635 637 639 641 642 643 645 646 648 649
665 664 664 664 664 664 664 663 663 663 663 662 662 662 662 662 661 661 661 661 661 661 662 662 662 662 662 663 662 663 663 663 663 663 571 571 570 571 571 571 571 571 571 571 571 571 571 571 571 572 571 571 572 571 571 571 571 571 571 571 586 596 602 608 613 616 621 625 627 631 634 637 639 641 644 647 648 651 652 655 657 658 660 662 637 639 639 641 643 644 645 647 648 650
665 665 665 665 664 664 664 664 664 663 663 663 663 662 662 662 662 662 661 661 661 662 662 662 662 663 662 662 663 663 663 663 663 664 571 571 571 571 571 571 571 571 571 571 572 571 571 572 571 571 572 571 571 572 571 571 572 571 571 571 589 597 604 609 614 618 621 626 629 631 634 638 640 642 644 647 650 651 653 655 657 659 660 662 637 639 641 641 644 645 646 648 649 651
666 665 665 665 665 665 664 664 664 664 664 663 663 663 663 662 662 662 662 662 661 661 662 662 662 662 663 663 663 663 663 664 663 664 571 571 571 571 572 571 571 572 572 571 572 572 571 572 572 571 572 572 572 572 572 572 572 572 572 571 591 600 605 610 616 619 623 625 630 633 635 638 641 643 645 648 650 652 654 656 659 660 662 663 664 640 641 643 643 646 647 648 650 650
666 666 666 665 665 665 665 665 664 664 664 664 664 663 663 663 663 662 662 662 662 662 662 662 663 663 663 663 663 664 663 664 664 664 571 571 572 571 571 572 572 572 572 572 572 572 572 572 572 572 572 572 572 572 572 572 572 572 572 582 592 601 607 611 616 621 623 627 630 633 636 638 641 644 646 648 651 653 655 656 658 661 662 664 665 668 642 643 645 645 648 649 650 652
666 666 666 666 666 665 665 665 665 665 664 664 664 664 664 663 663 663 663 662 662 662 662 662 662 663 663 664 663 664 664 664 664 664 572 571 571 572 572 572 572 572 572 572 572 573 572 572 572 572 572 572 572 572 572 572 572 572 572 583 595 601 608 613 616 620 625 628 631 635 637 640 642 645 647 649 651 654 655 657 659 661 663 664 666 667 643 644 645 647 647 650 651 652
667 667 666 666 666 666 666 665 665 665 665 665 664 664 664 664 664 663 663 663 663 662 662 663 663 663 663 663 664 664 664 664 664 664 664 572 572 572 572 572 572 572 572 573 572 572 573 572 572 573 572 572 573 573 572 572 573 572 572 587 596 603 609 614 618 622 626 629 631 634 638 640 643 645 648 650 651 654 657 658 660 662 663 666 667 668 670 645 646 647 649 649 652 653
667 667 667 667 666 666 666 666 666 665 665 665 665 665 664 664 664 664 663 663 663 663 663 663 663 663 664 663 664 664 664 664 664 665 665 572 572 572 572 572 572 573 572 572 573 572 572 573 573 573 573 573 573 573 573 572 573 573 572 588 598 604 610 615 619 623 626 630 633 636 638 642 643 646 648 651 653 655 656 659 660 662 664 666 668 669 670 672 647 648 649 651 651 654
668 667 667 667 667 667 666 666 666 666 666 665 665 665 665 665 664 664 664 664 663 663 663 663 663 663 663 664 664 664 664 665 664 664 665 572 572 572 572 573 572 572 573 572 572 573 573 573 573 573 573 573 573 573 573 573 573 573 573 590 598 606 610 615 620 623 627 630 633 636 639 641 645 647 649 651 653 655 658 659 662 663 664 666 668 670 671 672 647 649 650 651 652 653
668 668 668 667 667 667 667 667 666 666 666 666 666 665 665 665 665 665 664 664 664 664 663 663 663 664 663 664 664 664 664 664 665 665 664 572 572 573 572 572 573 572 573 573 573 573 573 573 573 573 573 573 573 573 573 573 573 573 573 592 601 607 612 617 620 625 627 631 634 637 640 642 645 648 650 651 654 656 658 660 661 664 665 667 668 670 672 673 674 649 651 652 653 654
668 668 668 668 668 667 667 667 667 667 666 666 666 666 666 665 665 665 665 664 664 664 664 664 663 663 664 664 664 664 665 665 665 665 665 572 572 572 573 572 573 573 573 573 573 573 573 573 573 573 573 573 574 573 573 574 573 573 583 594 602 608 613 617 622 624 629 632 634 638 640 643 645 648 650 653 654 657 658 660 662 663 666 667 669 671 672 674 675 676 651 652 654 654
669 669 668 668 668 668 668 667 667 667 667 667 666 666 666 666 665 665 665 665 665 664 664 664 664 663 663 664 664 664 664 665 665 665 665 572 573 572 572 573 573 573 573 573 573 573 573 573 573 573 574 573 573 574 573 573 574 573 583 596 603 609 614 618 622 626 629 633 636 638 642 643 646 648 651 653 655 656 660 661 663 665 666 668 669 671 673 674 676 677 651 654 654 656
669 669 669 669 668 668 668 668 668 667 667 667 667 667 666 666 666 666 665 665 665 665 664 664 664 664 664 664 664 664 665 665 665 665 665 572 572 573 572 573 573 573 573 573 573 573 573 573 574 573 573 574 573 573 574 573 573 574 585 596 604 609 614 619 623 627 630 633 636 639 641 645 646 649 651 653 656 658 659 662 663 665 667 669 670 671 673 675 676 678 678 654 655 656
669 669 669 669 669 669 668 668 668 668 668 667 667 667 667 666 666 666 666 666 665 665 665 665 664 664 664 664 664 664 665 665 665 665 665 573 572 573 573 573 573 573 573 573 573 574 573 573 574 574 573 574 574 573 574 574 573 573 588 597 604 611 615 619 623 627 630 634 637 640 642 644 648 650 651 654 656 658 660 661 664 665 667 669 671 672 673 675 676 678 680 654 655 657
670 670 669 669 669 669 669 668 668 668 668 668 667 667 667 667 667 666 666 666 666 665 665 665 665 664 664 664 664 665 665 665 665 665 665 573 573 573 573 573 573 573 573 574 573 573 574 574 574 574 574 574 574 574 574 574 574 573 590 599 605 611 617 620 624 629 631 634 637 640 643 645 647 650 653 654 656 658 660 662 663 666 667 669 671 673 674 675 677 678 680 681 655 656
670 670 670 670 669 669 669 669 669 668 668 668 668 668 667 667 667 667 666 666 666 666 666 665 665 665 665 664 664 665 665 665 665 665 666 573 573 573 573 573 573 574 573 573 574 574 574 574 574 574 574 574 574 574 574 574 574 574 591 600 607 611 616 621 624 628 632 635 638 640 643 646 648 650 653 655 657 659 661 663 665 666 669 669 671 673 675 676 677 679 680 682 683 657
670 670 670 670 670 670 669 669 669 669 669 668 668 668 668 667 667 667 667 667 666 666 666 666 665 665 665 665 664 664 665 665 665 665 665 573 573 573 573 573 573 573 574 573 573 574 574 574 574 574 574 574 574 574 574 574 574 574 593 601 608 613 618 622 626 628 632 636 638 641 644 646 649 651 652 656 658 659 661 663 665 667 668 671 671 673 675 677 678 679 680 683 683 658
671 671 670 670 670 670 670 669 669 669 669 669 668 668 668 668 668 667 667 667 667 666 666 666 666 666 665 665 665 665 665 665 665 666 665 573 573 573 573 573 574 573 573 574 573 573 574 574 574 574 574 574 574 574 574 574 574 584 594 602 608 614 618 622 626 630 632 635 639 641 644 646 649 651 654 656 658 659 661 664 665 667 669 670 673 673 675 677 678 680 681 682 684 685
671 671 671 671 670 670 670 670 670 669 669 669 669 669 668 668 668 668 667 667 667 667 667 666 666 666 666 665 665 665 665 665 665 665 666 573 573 573 573 573 573 574 573 573 574 574 574 574 574 574 574 574 574 574 574 574 574 584 596 603 609 614 619 623 627 630 634 636 639 642 644 647 650 652 654 656 658 661 662 664 667 667 669 671 672 675 675 677 678 680 682 682 684 685
642 671 671 671 671 671 670 670 670 670 670 669 669 669 669 668 668 668 668 668 667 667 667 667 666 666 666 666 665 665 665 665 665 665 665 573 573 573 573 574 573 573 574 573 573 574 574 574 574 574 574 574 574 574 574 574 574 585 596 605 610 615 619 623 627 631 634 637 639 642 646 647 650 653 654 657 659 661 663 664 666 669 670 671 672 675 677 677 679 679 682 684 684 685
642 672 671 671 671 671 671 670 670 670 670 670 669 669 669 669 669 668 668 668 668 667 667 667 667 666 666 666 666 665 665 665 665 665 665 573 573 573 573 573 574 573 573 574 573 574 574 574 574 574 574 574 574 574 574 574 574 586 597 605 611 615 620 624 628 631 633 637 640 642 645 648 650 652 656 657 659 661 663 665 666 668 671 672 673 674 677 678 679 681 681 684 684 686
642 642 672 671 671 671 671 671 671 670 670 670 670 669 669 669 669 669 668 668 668 668 667 667 667 667 667 666 666 666 666 665 665 665 666 573 573 573 573 573 573 574 573 573 574 574 574 574 574 574 574 574 574 574 574 574 574 588 598 605 611 617 620 624 628 631 635 637 641 643 645 649 651 653 655 658 659 661 662 665 667 668 670 673 674 675 676 679 679 681 682 683 685 686
642 642 642 672 672 671 671 671 671 671 670 670 670 670 670 669 669 669 669 668 668 668 668 668 667 667 667 667 666 666 666 666 665 665 665 573 573 573 573 573 573 573 574 573 574 574 574 574 574 574 574 574 574 574 574 574 574 589 599 606 612 616 621 625 628 632 635 638 640 644 646 648 651 654 655 657 660 662 664 665 667 669 670 672 674 675 677 678 680 681 683 684 685 687
643 642 642 672 672 672 671 671 671 671 671 670 670 670 670 670 669 669 669 669 669 668 668 668 668 667 667 667 667 666 666 666 666 665 665 573 573 573 573 573 573 573 573 574 574 574 574 574 574 574 574 574 574 574 574 574 574 591 600 607 612 617 621 625 629 632 635 638 641 643 647 649 651 654 656 658 660 662 664 666 667 670 671 672 674 676 677 679 680 681 683 684 685 686
643 643 643 643 672 672 672 672 671 671 671 671 671 670 670 670 670 669 669 669 669 669 668 668 668 668 667 667 667 667 666 666 666 666 665 573 573 573 573 573 573 574 573 573 574 574 574 574 574 574 574 574 574 574 575 574 574 593 601 607 613 617 622 625 629 632 636 639 642 644 646 649 652 653 657 658 660 662 664 666 668 669 672 672 674 676 678 679 680 681 683 684 686 686
643 643 643 643 643 672 672 672 672 671 671 671 671 671 670 670 670 670 670 669 669 669 669 668 668 668 668 667 667 667 667 666 666 666 666 573 573 573 573 573 573 573 574 573 574 574 574 574 574 574 574 574 575 574 574 575 574 593 602 608 613 619 622 626 629 633 636 639 642 645 647 649 652 654 656 659 660 662 664 666 668 670 671 674 674 676 678 679 681 682 683 684 686 688
643 643 643 643 643 643 672 672 672 672 672 671 671 671 671 670 670 670 670 670 669 669 669 669 668 668 668 668 667 667 667 667 666 666 666 573 573 573 573 573 573 573 573 573 573 574 574 574 574 574 574 574 574 575 574 574 585 594 602 609 613 618 623 626 630 633 636 639 642 645 647 650 651 655 656 658 661 662 664 666 668 670 671 673 675 676 678 678 681 683 683 685 685 688
644 643 643 643 643 643 673 672 672 672 672 672 671 671 671 671 670 670 670 670 670 669 669 669 669 668 668 668 668 667 667 667 667 666 666 573 573 573 573 573 573 573 573 573 573 573 574 574 574 574 574 574 574 574 574 574 584 595 602 609 615 619 623 628 630 633 637 640 642 645 648 650 652 654 657 658 660 664 665 667 667 670 672 673 675 677 678 680 680 683 683 685 686 687
644 644 644 643 643 643 643 673 672 672 672 672 672 671 671 671 671 671 670 670 670 670 669 669 669 669 668 668 668 668 667 667 667 667 666 573 573 573 573 573 573 573 573 573 573 573 573 574 574 574 574 574 574 574 574 574 584 595 603 609 614 619 623 627 630 634 637 639 643 645 647 650 653 654 656 660 661 663 665 667 669 669 672 674 675 676 678 680 681 682 684 685 687 687
644 644 644 644 643 643 643 643 673 672 672 672 672 672 671 671 671 671 671 670 670 670 670 669 669 669 669 668 668 668 668 667 667 667 667 573 573 573 573 573 573 573 573 573 573 574 573 573 574 574 574 574 574 574 574 574 584 596 604 610 615 619 623 627 631 634 637 640 642 646 648 650 653 655 657 659 661 663 665 667 669 671 671 674 675 677 678 680 682 682 684 685 687 688
644 644 644 644 644 643 643 643 643 673 672 672 672 672 672 671 671 671 671 671 670 670 670 670 669 669 669 669 668 668 668 668 667 667 667 574 573 573 573 573 573 573 573 573 573 573 574 573 573 574 574 574 574 574 574 574 585 597 604 610 615 620 624 627 631 634 637 640 643 645 648 651 652 655 657 659 661 663 665 667 669 671 672 673 676 677 678 679 681 683 684 685 686 688
645 644 644 644 644 644 644 643 643 673 673 673 672 672 672 672 671 671 671 671 671 670 670 670 670 669 669 669 669 668 668 668 668 667 667 574 574 573 573 573 573 573 573 573 573 573 573 574 573 573 574 574 574 574 574 574 586 597 604 610 615 620 624 628 631 634 637 640 643 646 647 651 652 655 658 659 661 663 665 667 668 670 673 673 675 677 679 680 681 682 685 685 687 687
