testData/tiles/oneDegreeCosts/grid33.0-20.0-34.0-21.0.asc
ncols   200
nrows   200
xllcorner   33.0
yllcorner   20.0
cellsize   0.005
NODATA_value   -9999.0
[rows 0 to 41 of 200, columns 94 to 187 of 200]
316 317 318 319 320 320 321 322 323 324 325 325 326 327 327 328 329 329 330 331 331 332 333 334 334 335 335 335 336 336 337 337 337 277 277 277 277 277 278 278 278 278 278 278 278 279 279 279 279 279 279 279 278 278 278 278 279 279 279 278 278 278 278 278 278 278 278 277 277 276 276 276 275 275 274 275 274 274 273 272 272 271 270 270 269 268 268 267 267 266 265 264 264 263
316 317 318 319 320 321 322 323 324 324 325 326 327 327 328 329 329 330 331 331 332 333 334 334 335 335 336 336 336 337 337 337 338 277 277 278 278 278 278 278 279 279 279 279 279 279 279 279 279 279 279 279 279 279 280 280 280 279 279 279 279 279 278 279 279 278 278 278 277 277 277 276 276 275 276 275 275 274 274 273 272 272 271 270 270 269 268 268 268 267 266 265 264 263
317 318 319 320 321 322 322 323 324 325 326 326 327 328 329 329 330 330 331 332 333 334 334 335 335 336 336 336 337 337 338 338 338 278 278 278 278 279 279 279 279 279 279 279 279 280 280 280 280 280 280 280 279 280 280 280 280 280 280 280 279 279 280 280 279 279 279 278 278 277 277 277 276 276 276 276 275 275 274 273 273 272 272 271 270 269 270 269 268 267 266 266 265 264
317 318 319 320 321 322 323 324 325 325 326 327 328 328 329 330 330 331 332 333 334 334 335 335 336 336 337 337 337 338 338 338 339 278 278 279 279 279 279 279 280 280 280 280 280 280 280 280 280 280 280 280 281 281 281 281 281 280 280 280 280 281 280 280 280 279 279 279 278 278 278 277 277 277 277 276 276 275 275 274 273 273 272 271 271 271 270 269 269 268 267 266 265 264
318 319 320 321 322 323 324 324 325 326 327 328 328 329 330 330 331 332 332 334 334 335 335 336 336 337 337 337 338 338 339 339 339 279 279 279 279 280 280 280 280 280 280 280 280 281 281 281 281 281 282 282 281 281 281 281 281 281 281 281 280 281 281 281 280 280 280 279 279 278 278 278 278 278 277 277 276 276 275 275 274 273 273 272 271 272 271 270 269 268 268 267 266 265
319 319 320 321 322 323 324 325 326 327 327 328 329 329 330 331 331 332 334 334 335 335 336 336 337 337 338 338 338 339 339 339 340 279 279 280 280 280 280 280 281 281 281 281 281 281 281 281 281 282 282 282 282 282 282 282 282 281 281 281 282 282 281 281 281 280 280 280 279 279 279 279 279 278 278 277 277 276 276 275 274 274 273 272 273 272 271 271 270 269 268 267 266 265
319 320 321 322 323 324 325 325 326 327 328 329 329 330 331 331 332 334 334 335 335 336 336 337 337 338 338 338 339 339 340 340 340 280 280 280 280 280 281 281 281 281 281 281 281 282 282 282 283 283 283 283 282 282 282 282 282 282 282 282 282 282 282 282 281 281 281 280 280 279 279 280 279 279 278 278 277 277 276 276 275 274 274 274 273 273 272 271 270 269 269 268 267 266
320 321 322 322 323 324 325 326 327 328 328 329 330 330 331 332 333 334 335 335 336 336 337 337 338 338 339 339 339 340 340 340 341 280 280 281 281 281 281 281 281 282 282 282 282 282 282 283 283 283 283 283 283 283 283 283 282 282 282 283 283 283 282 282 282 281 281 281 280 280 281 280 280 279 279 278 278 277 277 276 275 275 275 274 274 273 272 272 271 270 269 268 267 266
320 321 322 323 324 325 326 326 327 328 329 330 330 331 332 333 334 335 335 336 336 337 337 338 338 339 339 339 340 340 341 341 341 280 281 281 281 281 282 282 282 282 282 282 282 282 284 284 284 284 284 283 283 283 283 283 283 283 284 283 283 283 283 282 282 282 282 281 281 281 281 281 280 280 279 279 278 278 277 277 276 276 276 275 274 274 273 272 271 270 270 269 268 267
321 322 323 324 324 325 326 327 328 329 329 330 331 331 333 334 334 335 336 336 337 337 338 338 339 339 340 340 340 341 341 341 342 281 281 281 282 282 282 282 282 283 283 283 283 284 284 284 284 284 284 284 284 284 284 284 283 284 284 284 284 283 283 283 283 282 282 282 282 282 282 281 281 280 280 279 279 278 278 277 276 277 276 275 275 274 273 273 272 271 270 269 268 268
321 322 323 324 325 326 327 328 328 329 330 331 331 332 334 334 335 336 336 337 337 338 338 339 339 340 340 340 341 341 342 342 342 281 282 282 282 282 283 283 283 283 283 284 284 284 284 284 284 284 284 284 284 284 284 284 284 285 285 284 284 284 284 283 283 283 283 282 283 282 282 282 281 281 280 280 279 279 278 278 278 277 277 276 275 275 274 273 272 272 271 270 269 269
322 323 324 325 325 326 327 328 329 330 330 331 332 333 334 335 335 336 337 337 338 338 339 339 340 340 341 341 341 342 342 342 343 282 282 282 283 283 283 283 283 284 285 285 285 285 285 285 285 285 285 285 285 285 285 285 285 285 285 285 285 284 284 284 284 283 283 284 283 283 283 282 282 281 281 280 280 279 279 279 278 278 277 276 276 275 274 274 273 272 271 271 270 271
322 323 324 325 326 327 328 329 329 330 331 332 333 334 335 335 336 336 337 338 338 339 339 340 340 341 341 341 342 342 342 343 343 282 283 283 283 283 284 284 284 285 285 285 285 285 285 285 285 285 285 285 285 285 285 286 286 286 286 285 285 285 285 284 284 284 284 284 284 283 283 283 282 282 281 281 280 280 279 279 279 278 278 277 276 276 275 274 273 274 273 272 272 271
323 324 325 326 326 327 328 329 330 331 331 333 334 334 335 336 336 337 338 338 339 339 340 340 341 341 341 342 342 343 343 343 344 283 283 283 284 284 284 284 285 285 286 286 286 286 286 286 286 286 286 286 286 286 286 286 286 286 286 286 286 285 285 285 285 284 285 285 284 284 283 283 283 282 282 281 281 280 281 280 279 279 278 277 277 276 275 276 275 274 273 273 272 272
323 324 325 326 327 328 329 329 330 331 332 334 334 335 336 336 337 337 338 339 339 340 340 341 341 341 342 342 343 343 343 344 344 283 284 284 284 284 284 285 286 286 286 286 286 286 286 286 286 286 286 286 286 286 287 287 287 287 286 286 286 286 286 285 285 286 285 285 285 284 284 283 283 283 282 282 281 282 281 280 280 279 279 278 277 278 277 276 275 274 274 274 273 272
324 325 326 327 327 328 329 330 331 332 333 334 335 335 336 337 337 338 338 339 340 340 341 341 342 342 342 343 343 343 344 344 344 284 284 284 284 285 285 286 286 286 286 287 287 287 287 287 287 287 287 287 287 288 287 287 287 287 287 287 286 286 286 286 286 286 286 285 285 285 284 284 284 283 283 282 283 282 281 281 280 280 279 279 279 278 277 277 276 275 275 274 273 273
324 325 326 327 328 329 330 330 331 333 334 334 335 336 337 337 338 338 339 339 340 341 341 342 342 342 343 343 344 344 344 345 345 284 284 285 285 285 286 286 287 287 287 287 287 287 287 287 287 287 287 287 287 288 288 288 288 287 287 287 287 287 286 286 287 287 286 286 286 285 285 284 284 284 283 283 283 282 282 281 281 281 281 280 279 278 278 277 276 276 276 275 274 273
325 326 327 328 328 329 330 331 332 333 334 335 336 336 337 338 338 339 339 340 340 341 341 342 342 343 343 344 344 344 345 345 345 285 285 285 285 287 287 287 287 287 287 287 288 288 288 288 288 288 288 288 289 288 288 288 288 288 288 288 287 287 287 288 287 287 287 286 286 286 285 285 284 284 283 284 283 283 282 282 282 282 281 280 280 279 278 277 278 277 276 275 274 274
325 326 327 328 329 330 331 331 333 334 335 335 336 337 337 338 339 339 340 340 341 341 342 342 343 343 344 344 344 345 345 345 346 285 285 286 287 287 287 287 288 288 288 288 288 288 288 288 288 288 288 288 289 289 289 289 289 288 288 288 288 288 288 288 288 287 287 287 286 286 286 285 285 284 285 284 284 283 284 283 283 282 281 281 280 279 279 278 278 277 277 276 275 274
326 327 328 329 329 330 331 333 334 334 335 336 337 337 338 339 339 340 340 341 341 342 342 343 343 344 344 345 345 345 346 346 346 285 286 287 287 287 288 288 288 288 288 288 288 288 288 289 289 289 288 289 289 289 289 289 289 289 289 288 288 288 289 288 288 288 288 287 287 287 286 286 285 285 285 285 284 285 284 284 283 283 282 281 281 280 279 279 279 278 277 276 275 275
326 327 328 329 330 331 332 333 334 335 336 336 337 338 338 339 340 340 341 341 342 342 343 343 344 344 345 345 345 346 346 346 286 286 286 287 288 288 288 288 288 289 289 289 289 289 289 289 289 289 290 290 290 290 290 290 289 289 289 289 289 289 289 289 289 288 288 288 287 287 287 286 286 286 286 286 286 285 285 284 284 283 282 282 281 280 281 280 279 278 278 277 276 275
327 328 329 329 330 331 333 334 335 335 336 337 337 338 339 339 340 341 341 342 342 343 343 344 344 345 345 345 346 346 346 347 286 286 288 288 288 288 288 289 289 289 289 289 289 289 289 289 289 289 290 290 290 290 290 290 290 290 289 289 290 290 290 289 289 289 288 288 288 287 287 287 287 287 287 287 286 286 285 285 284 283 283 282 281 282 281 280 280 279 278 277 276 275
327 328 329 330 331 332 333 334 335 336 337 337 338 339 339 340 340 341 342 342 343 343 344 344 345 345 345 346 346 347 347 347 287 288 288 288 289 289 289 289 289 289 289 290 290 290 290 290 290 291 291 291 291 291 290 290 290 290 290 290 291 290 290 290 290 289 289 289 288 288 287 287 288 288 288 287 287 286 286 285 284 284 283 283 282 282 282 281 280 279 278 278 277 276
328 329 329 330 331 333 334 335 335 336 337 338 338 339 340 340 341 342 342 343 343 344 344 345 345 345 346 346 347 347 347 348 288 288 288 289 289 289 289 289 290 290 290 290 290 290 290 290 290 291 291 291 291 291 291 291 291 290 290 291 291 291 290 290 290 290 289 289 289 288 288 288 289 289 288 288 287 287 286 286 285 284 284 283 283 283 282 281 280 280 279 278 277 276
328 329 330 331 332 334 334 335 336 337 337 338 339 339 340 341 341 342 343 343 344 344 345 345 345 346 346 347 347 347 348 348 288 289 289 289 289 290 290 290 290 290 290 290 290 291 291 291 292 292 292 292 291 291 291 291 291 291 291 292 291 291 291 291 290 290 290 289 289 289 289 290 289 289 289 288 288 287 287 286 285 285 284 284 284 283 282 282 281 280 279 279 278 277
329 329 330 331 333 334 335 336 336 337 338 339 339 340 341 341 342 342 343 343 344 344 345 345 346 346 347 347 347 348 348 349 289 289 289 290 290 290 290 290 290 291 291 291 291 291 291 292 292 292 292 292 292 292 292 292 291 291 292 292 292 292 291 291 291 290 290 290 289 290 291 290 290 289 289 288 288 287 287 286 286 285 285 285 284 284 283 282 281 281 280 279 278 277
329 330 331 332 334 334 335 336 337 338 338 339 340 340 341 342 342 343 343 344 344 345 345 346 346 347 347 348 348 348 350 350 289 289 290 290 290 290 291 291 291 291 291 291 291 291 291 292 292 292 292 292 292 292 292 292 292 293 293 292 292 292 292 291 291 291 291 290 291 292 291 291 290 290 289 289 288 288 287 287 286 286 286 285 285 284 283 283 282 281 280 279 279 278
329 330 331 333 334 335 336 336 337 338 339 339 340 341 341 342 343 343 344 344 345 345 346 346 347 347 348 348 348 349 350 350 290 290 290 290 291 291 291 291 291 291 292 292 292 292 293 293 293 293 293 293 293 293 293 292 292 293 293 293 293 292 292 292 292 291 291 292 292 292 292 291 291 290 290 289 289 288 288 287 287 287 286 286 285 284 284 283 282 281 281 280 279 278
330 331 332 334 334 335 336 337 338 338 339 340 341 341 342 342 343 344 344 345 345 346 346 347 347 348 348 348 349 350 350 351 290 290 291 291 291 291 291 292 292 292 292 292 292 292 293 293 293 293 293 293 293 293 293 293 294 294 293 293 293 293 293 292 292 292 292 292 293 292 292 292 291 291 290 290 289 289 288 288 287 287 287 286 286 285 284 283 283 282 281 280 279 279
330 331 333 334 335 336 337 337 338 339 340 340 341 342 342 343 343 344 345 345 346 346 347 347 348 348 348 349 349 350 351 351 290 291 291 291 291 292 292 292 292 292 292 292 292 294 294 294 294 294 294 294 293 293 293 293 294 294 294 294 293 293 293 293 292 292 293 293 293 293 292 292 292 291 291 290 290 289 289 288 288 288 287 287 286 285 285 284 283 282 282 281 280 279
331 332 334 334 335 336 337 338 339 339 340 341 341 342 343 343 344 344 345 346 346 347 347 347 348 348 349 349 351 351 351 351 291 291 291 292 292 292 292 292 292 293 293 293 293 294 294 294 294 294 294 294 294 294 294 295 294 294 294 294 294 294 293 293 293 293 293 294 294 293 293 292 292 291 291 291 290 290 289 289 289 288 288 287 286 286 285 284 284 283 282 281 280 279
331 333 334 335 336 337 337 338 339 340 340 341 342 342 343 344 344 345 345 346 346 347 347 348 348 349 349 351 351 351 352 352 291 291 292 292 292 292 293 293 293 293 293 293 294 294 294 294 294 294 294 294 294 294 294 295 295 295 295 294 294 294 294 293 294 294 295 294 294 294 293 293 292 292 291 291 290 290 289 290 289 289 288 287 287 286 285 285 284 283 282 282 281 281
332 334 334 335 336 337 338 339 339 340 341 342 342 343 343 344 345 345 346 346 347 347 348 348 349 349 350 351 351 352 352 352 292 292 292 292 293 293 293 293 293 293 293 294 295 295 295 295 295 295 295 295 295 295 295 295 295 295 295 295 295 294 294 295 295 295 295 295 294 294 294 293 293 292 292 291 291 290 291 290 290 289 288 288 287 287 286 285 284 284 283 282 282 281
333 334 335 336 337 337 338 339 340 341 341 342 343 343 344 344 345 346 346 347 347 348 348 349 349 350 351 351 352 352 352 353 292 292 292 293 293 293 293 293 294 294 294 295 295 295 295 295 295 295 295 295 295 296 296 296 296 295 295 295 295 295 295 295 295 296 295 295 295 294 294 294 293 293 292 292 291 292 291 291 290 289 289 288 288 287 286 286 285 284 283 282 283 282
333 334 335 336 337 338 339 339 340 341 342 342 343 344 344 345 345 346 347 347 348 348 349 349 350 350 351 352 352 352 353 353 292 293 293 293 293 294 294 294 294 294 295 295 295 295 296 296 296 296 296 295 295 296 296 296 296 296 296 296 295 296 296 296 296 296 296 295 295 295 294 294 294 293 293 292 292 292 292 291 290 290 289 289 288 287 287 286 285 284 284 284 283 282
334 335 336 337 337 338 339 340 341 341 342 343 343 344 345 345 346 346 347 348 348 349 349 349 350 351 352 352 352 353 353 293 293 293 293 293 294 294 294 294 294 295 296 296 296 296 296 296 296 296 296 296 297 297 297 297 296 296 296 296 296 296 296 296 297 296 296 296 295 295 295 294 294 293 293 293 293 293 292 291 291 290 290 289 288 288 287 286 286 285 285 284 283 283
334 335 336 337 338 339 339 340 341 342 342 343 344 344 345 346 346 347 347 348 348 349 349 350 350 352 352 352 353 353 353 293 293 293 294 294 294 294 294 295 295 296 296 296 296 296 296 296 296 296 296 296 297 297 297 297 297 297 296 296 297 297 297 297 297 297 296 296 296 295 295 295 294 294 293 293 293 293 292 292 291 291 290 289 289 288 287 287 286 285 285 285 284 283
335 336 337 337 338 339 340 341 341 342 343 344 344 345 345 346 347 347 348 348 349 349 350 350 351 352 352 353 353 354 354 293 293 294 294 294 294 295 295 295 295 296 296 296 297 297 297 297 297 297 297 298 298 297 297 297 297 297 297 298 297 297 297 298 297 297 297 297 296 296 295 295 295 294 294 294 294 293 293 292 292 291 290 290 289 289 288 287 286 287 286 285 284 283
335 336 337 338 339 339 340 341 342 342 343 344 345 345 346 346 347 348 348 349 349 350 350 351 352 352 353 353 354 354 354 294 294 294 294 295 295 295 295 295 296 297 297 297 297 297 297 297 297 297 297 298 298 298 298 298 297 297 297 298 298 298 298 298 298 298 297 297 297 296 296 295 295 295 295 295 294 294 293 293 292 291 291 290 290 289 288 287 288 287 286 285 285 284
336 336 337 338 339 340 341 341 342 343 344 344 345 346 346 347 347 348 349 349 350 350 351 351 352 353 353 354 354 354 355 294 294 294 295 295 295 295 296 296 297 297 297 297 297 297 297 297 297 297 298 298 298 298 298 298 298 298 299 298 298 299 299 298 298 298 298 297 297 297 296 296 295 295 296 295 295 294 294 293 292 292 291 291 290 289 289 288 288 287 287 286 285 284
336 337 338 339 339 340 341 342 343 343 344 345 345 346 347 347 348 348 349 349 350 350 351 352 353 353 354 354 354 355 355 294 295 295 295 295 296 296 296 297 297 297 297 298 298 298 298 298 298 298 299 299 299 299 298 298 298 298 299 299 299 299 299 299 299 298 298 298 297 297 297 296 296 296 296 295 295 294 294 293 293 292 292 291 290 290 289 289 289 288 287 286 285 285
336 337 338 339 340 341 341 342 343 344 344 345 346 346 347 348 348 349 349 350 350 351 351 353 353 354 354 354 355 355 355 295 295 295 295 296 296 296 296 297 298 298 298 298 298 298 298 298 298 299 299 299 299 299 299 299 299 299 299 299 300 300 299 299 299 299 298 298 298 297 297 297 296 297 296 296 295 295 294 294 293 293 292 291 291 290 290 290 289 288 287 287 286 285
