testData/tiles/oneDegreeCosts/grid0.0-44.0-1.0-45.0.asc
ncols   200
nrows   200
xllcorner   0.0
yllcorner   44.0
cellsize   0.005
NODATA_value   -9999.0
[rows 126 to 167 of 200, columns 94 to 187 of 200]
427 427 429 429 430 432 433 434 435 435 437 437 437 454 454 456 460 463 467 469 472 475 477 479 481 484 485 486 489 491 493 494 496 497 498 499 501 504 504 505 506 508 493 493 494 495 497 498 498 499 499 501 501 502 503 504 503 505 505 505 506 506 507 507 508 509 509 509 508 510 510 509 509 510 510 510 511 511 510 511 510 510 510 510 510 509 509 508 509 508 508 508 508 507
428 430 430 432 432 433 435 436 436 438 438 439 440 441 456 457 461 464 468 470 473 476 479 482 483 484 487 488 490 493 495 496 497 499 500 502 502 503 505 507 508 493 493 494 495 496 498 498 499 500 501 502 502 503 503 506 506 506 507 507 507 508 508 509 509 509 510 510 511 511 511 511 511 510 512 512 512 512 512 511 511 513 512 512 511 511 510 510 509 510 510 510 509 509
431 431 433 433 435 435 437 438 439 439 440 441 441 443 458 458 462 466 468 472 474 477 480 482 484 486 488 490 491 493 495 496 498 500 501 502 503 504 507 508 494 494 495 497 497 498 499 500 502 502 503 503 504 503 505 505 506 507 508 508 509 509 509 509 510 510 511 512 512 512 512 512 512 513 512 512 513 512 513 513 513 513 512 513 513 512 512 512 512 511 511 510 511 510
433 433 434 436 436 436 438 439 440 441 442 442 443 444 458 460 463 466 470 473 475 477 480 484 485 487 489 491 493 494 495 498 500 501 502 503 505 506 508 509 494 496 497 497 498 499 499 501 503 503 504 504 506 506 507 506 507 507 509 510 510 511 510 510 512 512 512 512 513 513 513 513 514 514 514 513 513 514 514 514 514 514 514 513 513 513 513 513 513 513 512 511 511 511
434 435 436 437 437 439 439 439 442 442 443 444 444 445 460 462 463 466 471 474 476 478 481 484 486 487 491 492 493 494 497 499 501 502 503 505 506 506 507 494 496 497 497 498 499 500 501 502 502 504 504 506 506 507 507 507 507 509 509 511 511 511 511 512 512 513 513 512 513 515 515 514 514 515 515 514 515 515 515 515 514 515 515 514 515 514 514 514 513 513 512 512 512 511
435 436 437 438 439 439 441 441 443 444 445 445 445 447 447 461 464 468 470 474 477 479 482 484 486 489 490 493 494 496 497 498 500 502 504 505 506 507 494 494 495 497 498 499 500 501 502 502 503 505 506 507 506 507 507 509 509 509 510 510 512 512 512 513 513 513 513 513 514 515 515 515 515 515 515 516 516 515 515 515 515 515 516 516 516 515 515 514 514 513 514 513 513 512
436 437 439 439 440 441 442 442 443 445 445 446 447 447 448 463 463 468 471 474 478 480 481 484 487 489 491 492 495 497 498 499 501 503 505 506 507 493 494 495 495 496 499 500 500 501 502 502 504 504 505 506 507 507 509 509 510 510 511 510 511 513 513 514 514 513 514 515 515 515 515 515 516 516 516 517 516 516 516 515 516 516 516 516 516 516 516 515 516 515 515 514 514 513
436 438 439 440 441 442 442 444 444 444 447 447 448 448 449 464 464 466 472 475 477 479 483 485 486 488 492 494 495 496 498 501 502 503 505 506 492 493 493 495 496 498 499 500 501 502 503 504 504 505 506 506 509 509 509 509 510 510 511 512 512 513 513 513 514 515 515 515 515 515 515 515 516 516 517 517 517 517 516 517 517 516 516 516 516 516 515 517 516 516 515 515 514 514
438 438 441 441 442 442 443 444 444 446 447 448 448 449 450 464 465 467 471 474 477 481 482 484 487 490 491 493 495 497 499 500 501 502 504 491 492 493 494 495 497 497 498 499 501 502 503 504 504 505 505 507 507 508 509 510 510 512 511 512 512 512 513 514 514 515 515 515 516 515 516 516 517 516 516 517 517 517 518 517 517 517 516 516 516 516 515 515 515 514 515 514 514 514
438 439 440 441 443 443 444 444 446 446 446 449 449 450 450 451 466 466 469 474 478 480 482 485 487 489 491 493 496 498 499 500 501 488 489 490 492 493 495 496 496 497 498 499 500 502 503 503 504 506 506 507 507 508 508 510 511 512 512 512 512 512 513 514 514 514 515 515 515 517 516 516 516 516 516 516 517 517 517 518 517 517 516 517 517 516 516 515 515 514 514 514 515 514
439 439 440 441 443 443 444 445 446 446 447 448 449 450 451 451 466 466 470 474 477 479 482 485 487 489 490 494 496 497 498 500 486 488 489 490 491 494 494 495 496 497 499 499 500 501 503 503 505 505 506 506 507 507 509 509 511 511 512 512 512 513 513 514 514 514 514 516 516 516 516 516 516 516 517 517 517 516 516 517 516 517 517 517 517 516 516 515 515 514 515 514 514 513
439 439 441 441 443 444 445 445 446 447 447 448 449 451 451 451 466 467 469 472 475 480 482 485 487 488 491 492 495 497 498 484 485 487 488 489 491 492 494 495 496 498 498 499 500 500 501 504 504 505 506 506 507 508 509 509 510 511 511 513 512 513 513 513 514 514 514 515 516 516 515 516 516 516 516 516 517 516 516 516 516 517 516 517 517 516 516 515 516 515 515 514 514 513
439 440 441 441 443 444 444 445 446 447 447 448 449 450 451 451 466 467 468 471 476 479 481 483 487 489 490 492 493 480 483 484 485 486 488 490 491 492 493 495 497 497 498 499 499 501 502 502 504 505 505 507 507 508 508 509 509 510 511 512 512 512 513 513 513 514 514 514 515 514 515 515 517 516 516 516 515 516 516 516 516 516 515 516 515 515 515 516 516 515 515 514 514 513
439 440 440 442 442 443 444 446 446 446 448 448 449 449 451 452 452 466 467 471 474 476 481 484 486 487 490 491 478 479 480 483 485 487 488 489 490 491 492 494 496 497 498 498 500 501 502 502 503 504 506 507 507 508 507 508 509 510 510 510 512 512 512 513 513 514 514 513 513 514 515 515 515 516 516 515 515 515 515 516 516 515 515 514 514 516 515 515 514 514 513 513 512 512
439 439 441 441 442 442 444 445 445 447 447 448 448 449 450 451 451 466 467 469 473 476 479 482 485 487 472 475 477 479 480 481 484 485 487 488 489 491 492 493 494 496 496 498 499 500 500 501 502 503 505 505 506 506 507 508 509 509 510 509 509 511 512 513 513 512 513 513 513 513 514 514 514 514 515 515 515 515 515 514 515 515 514 514 514 514 514 514 514 513 513 512 513 512
438 439 440 440 442 442 443 444 446 446 447 447 448 449 449 450 452 466 466 468 471 475 478 481 483 469 472 474 476 477 478 481 483 485 486 487 489 490 491 492 493 494 497 498 499 499 500 501 502 503 503 504 505 505 507 507 508 508 508 509 509 510 511 511 512 512 512 512 513 513 513 513 513 513 513 515 515 514 514 514 513 513 513 514 514 513 513 512 512 511 512 512 512 511
438 439 439 441 441 442 442 443 445 445 446 447 447 448 448 450 451 451 466 466 471 473 477 463 465 469 471 473 474 476 478 480 481 483 485 487 488 489 490 491 492 494 495 497 497 498 500 500 501 502 502 503 503 506 505 506 506 507 507 509 509 509 509 509 510 511 512 511 512 512 512 511 512 512 513 512 513 514 513 513 512 513 513 512 512 511 512 512 511 511 511 511 511 510
436 437 439 440 440 440 442 442 443 444 446 446 446 447 448 449 449 450 465 466 469 456 459 461 464 466 470 471 473 475 477 479 480 481 483 485 486 487 489 491 492 493 494 494 496 498 498 499 500 500 501 501 503 504 505 505 505 505 507 507 508 508 507 508 508 511 511 510 510 511 511 510 511 512 512 511 511 511 512 512 512 512 512 511 511 510 510 509 510 510 509 508 508 507
435 437 438 438 439 440 441 441 442 443 444 445 445 447 447 447 448 448 448 449 451 454 458 461 463 465 467 471 472 474 475 476 479 481 482 483 485 486 488 489 491 491 492 493 495 496 497 498 498 499 501 501 502 501 502 503 504 505 506 506 506 506 506 507 508 508 509 509 509 509 510 510 510 510 510 510 510 509 509 510 511 511 510 510 510 509 509 509 509 508 508 507 507 506
434 435 436 437 438 439 439 440 441 442 443 444 445 445 446 446 430 432 446 447 449 453 456 459 461 463 466 467 471 472 474 475 477 479 481 482 483 486 486 487 488 489 490 492 492 493 495 495 496 498 498 499 499 500 500 501 502 504 504 505 504 505 505 506 507 506 506 507 508 508 508 509 509 508 508 509 508 508 509 508 508 508 509 509 508 508 508 508 507 507 506 506 505 505
433 433 434 436 437 437 438 439 440 440 441 443 427 428 428 429 430 430 431 445 447 450 454 456 459 462 464 466 468 470 472 475 476 477 478 479 481 483 485 486 487 488 490 490 491 492 492 493 496 496 497 498 498 499 499 501 500 501 502 503 503 504 505 504 504 505 505 505 505 506 507 506 507 507 507 506 507 508 507 507 506 506 506 505 506 507 507 506 506 505 505 504 504 504
431 432 433 434 435 436 437 438 422 423 424 424 426 426 427 428 428 429 429 444 445 448 451 454 458 460 462 463 466 468 471 472 473 475 477 479 480 481 482 484 485 486 487 488 489 489 490 492 492 494 495 495 496 497 498 498 499 499 500 499 502 502 502 503 503 502 503 503 504 504 504 504 505 505 505 506 505 505 506 505 505 504 504 505 504 504 503 504 503 503 502 502 502 502
413 415 415 416 417 419 419 420 420 422 422 422 423 424 426 426 426 427 428 442 443 445 448 453 455 457 459 462 463 466 468 470 471 473 475 476 477 478 479 480 483 484 485 487 487 488 490 491 491 492 492 493 495 495 496 496 497 497 498 499 498 500 500 501 501 501 502 502 502 502 502 502 502 501 504 504 503 503 503 502 503 502 503 503 502 502 501 501 500 500 501 501 500 500
412 413 413 414 415 417 417 418 419 420 420 420 421 422 424 424 424 426 426 440 441 441 447 450 453 455 457 459 462 464 465 467 469 472 473 474 475 476 477 479 480 482 484 484 485 487 488 488 489 489 490 492 492 493 493 494 494 495 496 497 496 496 497 498 499 500 499 500 500 500 499 500 500 500 500 501 501 501 501 500 500 500 501 501 500 500 499 499 498 499 498 498 497 497
410 410 411 412 413 413 415 416 417 417 418 418 420 420 421 422 422 424 424 424 438 440 443 446 450 452 454 457 459 461 462 464 467 468 471 472 473 474 476 477 477 478 480 481 483 483 484 485 486 486 488 488 489 491 491 492 492 494 494 493 494 494 495 495 497 497 497 497 498 497 497 497 498 498 498 498 497 498 498 498 499 498 498 497 497 497 497 496 497 496 496 495 495 494
407 408 409 410 410 411 411 414 414 415 415 417 417 418 418 419 421 421 421 422 436 437 440 443 446 449 452 454 456 458 460 462 464 465 467 468 470 472 473 474 475 476 477 480 480 481 482 483 483 485 485 486 487 487 489 489 491 490 491 491 492 492 492 493 493 493 495 495 494 495 495 495 495 496 495 495 495 494 495 496 496 496 495 495 494 494 493 494 493 493 492 492 491 491
553 554 556 556 557 557 559 559 561 561 563 563 564 564 564 566 567 567 568 422 434 435 436 439 442 447 449 451 453 455 457 459 460 462 464 466 468 469 470 471 472 473 474 476 477 479 480 480 482 483 482 483 483 484 484 487 487 488 488 489 488 489 490 490 491 490 490 492 492 491 493 493 492 492 493 492 492 492 492 492 493 492 493 492 492 491 492 491 491 490 490 489 488 488
550 552 553 553 554 555 556 556 558 559 560 560 561 561 562 563 563 565 565 566 567 581 581 585 589 591 594 597 599 601 457 457 458 459 460 462 464 466 467 468 469 471 472 473 474 474 476 478 479 479 480 480 481 482 482 483 483 485 485 486 486 486 487 487 488 488 487 487 488 490 489 490 490 489 489 489 489 490 489 489 489 488 489 488 488 489 489 488 488 487 487 486 485 485
548 549 549 550 551 552 553 553 555 556 557 557 558 559 559 560 560 561 563 563 564 578 578 582 585 587 590 593 595 598 599 601 603 605 607 608 609 611 612 468 468 468 469 470 470 471 472 475 475 476 477 477 478 479 479 479 480 480 482 482 484 483 483 484 484 485 484 484 486 486 485 486 487 486 486 486 486 487 486 486 486 485 485 484 485 484 485 485 484 484 483 483 482 482
545 545 546 547 548 549 549 550 551 552 553 554 555 556 556 556 557 558 559 560 560 575 576 577 581 584 586 588 593 594 596 597 599 602 603 605 606 607 609 611 612 614 614 615 616 617 472 472 472 473 473 474 474 475 476 476 477 477 478 479 479 480 480 481 481 480 481 482 482 482 482 482 481 483 483 483 483 482 482 483 482 482 481 482 481 481 480 480 479 478 479 478 479 478
541 541 542 544 544 545 545 547 548 548 549 550 552 552 552 553 554 555 555 555 557 558 572 573 576 579 582 585 587 590 592 594 595 598 599 600 602 603 604 607 608 609 610 611 612 613 614 615 616 616 618 619 473 473 473 473 473 473 473 475 475 477 477 476 477 477 478 478 478 478 478 478 478 477 478 480 479 479 478 478 478 478 479 478 478 477 476 476 475 475 474 474 474 474
537 537 539 540 540 541 542 543 544 544 545 546 548 548 549 549 550 551 551 552 552 554 569 569 571 575 578 581 582 585 588 589 592 593 595 597 598 599 601 602 604 605 606 607 608 609 611 611 611 612 613 615 616 616 617 617 618 618 473 473 473 473 473 473 472 474 474 474 474 474 474 473 474 475 474 474 474 475 475 474 474 474 474 474 474 473 472 472 471 471 471 470 470 469
532 534 535 535 536 537 538 539 539 540 541 542 542 544 544 546 546 547 547 547 549 549 564 565 566 570 574 576 578 581 582 585 587 589 591 592 593 595 597 598 598 599 601 603 604 605 605 606 607 608 609 610 610 612 613 613 614 615 616 615 615 616 616 470 470 470 470 469 469 470 469 469 470 470 470 470 469 469 469 469 470 470 469 469 468 468 467 467 467 467 467 466 465 464
528 529 530 530 531 533 533 534 535 536 537 537 538 538 541 541 542 542 543 544 544 545 559 560 561 565 568 571 573 575 578 580 582 584 585 587 589 591 592 593 594 595 597 599 600 600 601 602 603 604 605 606 606 607 608 609 609 610 610 611 611 612 611 612 613 613 612 614 466 466 466 466 465 465 466 465 465 464 464 465 465 464 465 464 464 463 462 462 462 461 461 460 459 459
523 524 524 525 527 528 528 529 529 531 532 532 533 534 535 536 537 537 538 539 539 540 540 555 557 559 563 565 568 569 573 575 576 578 580 583 584 586 587 588 589 590 592 592 594 596 597 598 598 599 600 600 601 601 602 603 605 605 605 605 606 606 607 607 607 608 608 608 608 609 609 610 609 460 460 460 460 459 460 459 459 459 459 458 457 458 457 458 457 456 455 455 455 455
517 518 519 521 521 522 523 523 525 526 526 527 527 529 529 530 531 532 533 534 534 535 535 550 551 553 556 560 562 565 568 569 571 572 574 578 579 580 581 582 583 585 586 587 588 589 590 591 593 594 594 595 595 596 598 598 599 600 600 600 601 601 602 602 602 603 602 602 603 603 603 604 604 604 603 603 602 455 455 455 455 455 455 455 455 455 455 455 455 455 455 455 455 455
511 512 512 514 515 516 517 518 519 520 520 521 522 523 524 524 525 527 528 528 528 529 529 545 545 545 550 553 556 559 561 563 564 567 569 570 573 574 575 577 579 580 581 582 582 583 584 587 588 588 589 590 590 591 591 592 592 593 593 595 594 596 596 596 596 596 597 596 596 598 597 597 596 598 598 597 597 597 598 597 596 455 455 455 455 455 455 455 455 455 455 455 455 455
504 505 506 507 508 509 510 512 512 513 514 514 516 517 517 518 518 520 521 522 522 523 524 525 539 539 542 546 549 552 554 556 558 561 562 564 565 567 568 570 572 573 574 575 576 577 579 579 581 582 583 583 584 585 585 585 586 587 587 587 588 589 590 590 590 590 590 590 591 591 591 591 590 590 589 591 591 591 590 590 590 589 589 588 587 455 455 455 455 455 455 455 455 455
496 497 499 500 501 501 503 504 505 506 506 508 509 509 510 511 512 513 513 515 515 517 517 518 532 533 534 538 543 545 547 548 551 554 555 556 559 560 561 564 565 566 567 568 569 569 572 572 573 573 575 576 577 578 579 579 580 579 580 580 582 581 582 583 583 583 583 584 584 584 583 583 583 583 582 583 583 584 583 582 582 581 580 581 581 580 579 578 578 455 455 455 455 455
487 489 490 491 492 493 495 496 496 497 499 500 501 501 502 504 504 505 506 506 508 509 510 510 525 525 526 530 533 535 539 541 543 546 547 549 550 552 554 556 558 559 559 560 561 563 564 565 565 566 567 568 570 571 571 572 571 572 572 574 573 574 574 574 575 575 575 576 576 576 576 575 575 575 575 575 574 574 574 573 574 573 572 572 571 571 571 570 569 568 567 566 566 455
476 478 479 481 482 484 485 486 487 488 490 491 491 492 493 495 495 496 497 497 499 501 501 502 502 517 518 520 524 526 529 532 535 536 539 540 542 543 546 547 548 550 551 552 554 555 556 556 557 558 558 560 561 562 563 562 563 564 565 565 565 565 566 565 566 565 567 568 567 567 567 567 566 565 567 566 565 565 564 564 563 563 563 563 562 561 560 559 558 557 555 554 554 553
467 467 467 468 470 472 473 474 475 478 479 480 481 481 483 484 485 486 487 487 489 490 491 492 492 508 508 510 513 516 519 521 525 527 528 531 532 534 535 537 539 540 541 543 544 545 546 547 548 548 549 551 551 551 552 553 554 554 555 555 556 555 556 556 555 557 556 556 557 557 556 557 556 556 556 556 555 554 553 552 552 551 552 551 549 549 548 547 546 544 544 544 544 544
