testData/tiles/oneDegreeCosts/grid22.0-16.0-23.0-17.0.asc
ncols   200
nrows   200
xllcorner   22.0
yllcorner   16.0
cellsize   0.005
NODATA_value   -9999.0
[rows 38 to 75 of 200, columns 85 to 169 of 200]
959 959 958 958 958 958 958 958 958 957 957 957 956 956 956 955 955 956 954 955 955 953 952 952 952 952 952 950 950 949 948 949 949 947 947 945 945 945 944 944 943 941 941 939 940 939 937 937 935 935 934 934 933 931 930 929 928 927 926 927 924 922 921 920 920 918 939 937 990 989 989 988 987 984 983 981 980 979 979 977 978 977 978 976 975
959 961 961 959 960 959 959 960 959 959 958 958 958 957 958 957 956 956 956 956 956 956 954 954 952 953 953 952 952 952 950 949 949 948 948 949 947 947 945 944 944 944 943 942 941 940 939 937 937 937 937 935 934 933 931 931 929 928 927 926 926 924 923 922 921 919 941 993 992 991 990 988 988 985 984 984 983 981 980 980 980 979 977 976 976
983 961 961 961 961 961 960 960 961 960 961 959 959 958 959 960 958 958 957 956 957 957 956 955 955 954 954 953 953 953 952 950 951 949 950 949 948 947 947 945 945 944 944 943 942 942 940 939 938 937 936 936 935 934 933 932 931 930 928 928 926 926 925 923 923 921 941 995 994 992 991 990 988 987 986 985 983 983 982 981 981 979 979 978 978
984 984 984 984 985 984 983 984 984 985 982 982 983 982 982 982 981 982 982 980 980 979 978 979 979 978 977 977 976 977 952 952 951 951 950 950 950 950 949 947 946 945 945 945 944 943 941 940 940 938 939 937 937 936 934 934 932 932 930 929 928 926 925 924 923 923 976 995 996 994 993 991 990 989 986 986 984 984 984 983 983 981 982 980 979
987 986 986 985 985 987 986 985 985 985 984 984 984 982 983 984 982 983 982 981 981 981 979 980 980 978 978 979 978 977 977 975 975 974 974 973 972 972 971 970 971 969 947 946 945 944 942 943 942 941 940 939 937 935 934 934 934 933 931 931 929 928 927 925 925 978 976 998 997 995 995 993 990 990 988 988 987 984 984 983 983 983 982 980 981
987 988 987 987 987 987 988 986 987 986 984 985 985 985 984 984 984 983 984 983 982 981 981 980 981 981 980 980 978 977 977 978 977 976 975 975 973 973 972 972 971 970 969 969 967 967 966 964 965 963 963 939 939 938 936 936 934 934 934 931 930 929 929 927 926 980 978 998 998 996 995 995 993 992 991 989 987 985 985 985 983 983 982 983 983
988 988 989 989 988 988 988 988 988 987 986 986 987 986 986 985 984 985 985 985 983 983 981 982 981 981 982 981 980 979 979 977 977 977 976 976 976 975 974 972 972 972 972 971 970 968 967 966 965 964 965 965 962 961 960 958 957 956 956 932 932 931 930 928 983 980 978 1000 999 999 997 995 993 993 991 990 989 987 986 987 986 986 984 986 984
990 990 989 990 990 990 990 988 988 988 988 988 987 986 986 988 986 986 986 983 983 985 984 983 983 981 981 983 982 981 980 979 978 979 977 978 976 975 974 973 973 973 972 972 970 968 968 966 967 965 965 964 963 962 960 960 959 959 958 955 955 953 953 951 1005 982 981 1002 1001 1000 997 996 994 993 992 991 991 989 988 988 987 988 985 986 985
991 991 991 991 990 990 991 990 989 989 988 989 989 988 988 987 987 987 987 986 985 985 984 985 984 984 983 983 981 981 981 980 980 980 979 978 978 976 977 975 975 974 973 972 970 970 970 969 968 967 966 966 963 962 963 962 962 960 958 956 955 954 953 1007 1007 1006 1005 1026 1023 1023 1021 1019 996 996 993 992 990 989 988 990 988 988 987 988 986
992 992 992 993 991 991 992 990 991 990 989 989 990 991 989 989 988 989 988 988 987 986 986 985 986 984 985 984 982 982 982 982 981 981 979 979 978 977 977 976 976 976 974 973 972 971 971 970 970 968 968 965 965 964 962 962 962 961 959 957 957 956 956 1009 1007 1006 1005 1025 1025 1024 1021 1022 1019 1018 1017 1016 1013 991 989 989 988 988 988 989 987
994 993 993 993 992 993 992 992 991 991 991 991 990 991 990 990 991 989 988 988 987 987 988 987 986 987 985 984 983 983 983 982 983 982 981 981 980 978 978 976 977 976 975 975 973 972 971 970 970 970 969 968 966 965 964 963 963 961 960 960 959 957 1011 1010 1008 1007 1006 1027 1026 1025 1023 1022 1021 1020 1018 1018 1014 1013 1012 1013 1013 1012 990 989 988
995 993 994 994 994 994 993 992 992 993 993 992 992 991 992 992 991 990 989 989 989 989 989 987 987 987 986 986 985 984 984 982 982 982 982 981 981 979 979 977 978 977 977 975 975 973 973 971 972 971 970 969 967 967 965 964 963 962 961 959 959 958 1013 1012 1009 1009 1007 1028 1027 1026 1023 1023 1021 1021 1019 1017 1015 1016 1015 1015 1015 1014 1012 1012 1012
996 995 995 996 995 994 994 992 994 994 994 993 992 993 992 992 993 990 990 990 990 989 990 989 988 989 986 986 987 986 985 984 984 984 982 981 981 980 979 979 978 978 976 975 975 974 973 973 972 972 969 969 967 967 966 966 966 963 962 961 960 1014 1013 1011 1011 1010 1009 1030 1028 1027 1025 1023 1022 1021 1019 1019 1017 1016 1016 1016 1015 1014 1014 1013 1012
996 997 997 996 995 995 996 996 994 994 995 994 995 994 993 992 992 992 992 992 990 990 990 990 991 990 988 987 987 986 987 985 985 985 984 982 982 982 982 981 980 979 977 976 976 975 976 974 974 973 971 970 968 969 968 968 967 965 963 961 961 1015 1014 1013 1011 1011 1010 1010 1029 1027 1026 1025 1023 1024 1022 1019 1017 1017 1016 1016 1016 1015 1014 1014 1014
998 997 998 998 995 996 996 997 996 995 995 995 995 996 994 993 992 992 994 993 992 991 991 990 990 990 989 989 988 988 987 986 986 986 983 983 983 982 982 982 980 981 978 978 978 977 976 975 975 974 971 970 970 969 969 967 966 965 964 963 1017 1018 1016 1014 1013 1011 1010 1010 1029 1029 1027 1026 1026 1024 1021 1021 1019 1018 1017 1017 1015 1015 1015 1015 1016
999 998 998 998 998 997 997 997 996 997 997 996 996 996 996 994 995 993 993 993 992 993 993 992 991 990 990 989 990 988 989 988 987 987 985 985 985 983 983 982 981 981 979 979 979 977 977 975 975 973 972 973 971 971 970 969 967 966 965 963 1020 1018 1016 1015 1013 1013 1011 1010 1030 1029 1028 1027 1026 1026 1023 1022 1021 1019 1019 1017 1017 1017 1015 1017 1017
1001 999 998 999 998 999 998 998 997 997 998 997 997 997 996 996 995 995 994 994 993 994 994 992 992 991 990 990 991 990 989 989 987 986 985 986 986 985 984 984 982 981 980 981 980 979 978 977 976 974 974 973 973 972 972 968 968 966 965 1020 1019 1019 1017 1016 1015 1014 1013 1011 1030 1031 1029 1028 1027 1026 1023 1023 1022 1020 1021 1019 1018 1019 1018 1019 1018
1000 1000 999 1000 999 999 999 999 999 999 998 998 997 998 997 996 996 995 995 995 995 995 994 994 992 992 991 991 991 990 991 990 989 988 987 986 986 985 985 984 983 982 981 980 980 979 979 977 976 976 974 974 972 972 972 970 969 967 968 1021 1021 1019 1017 1016 1015 1015 1013 1012 1033 1032 1030 1030 1027 1026 1025 1023 1023 1022 1021 1019 1021 1020 1019 1022 1020
1001 1000 1001 1000 1000 1000 999 1001 999 1000 1000 998 999 998 997 998 997 996 996 997 995 995 996 994 994 993 993 992 992 990 990 990 989 990 988 988 987 986 985 986 984 984 982 982 981 979 979 978 978 977 976 975 974 973 973 970 970 970 1023 1022 1021 1020 1018 1017 1016 1015 1014 1014 1034 1033 1031 1030 1030 1027 1026 1025 1023 1022 1021 1021 1021 1021 1021 1022 1020
1001 1001 1001 1002 1001 1000 1001 1001 1001 1000 1000 1000 999 999 998 998 998 996 997 997 997 996 995 994 994 994 994 994 993 992 991 991 989 990 988 988 987 986 985 986 984 984 982 983 982 981 980 979 978 978 976 976 974 974 972 970 971 970 1024 1023 1023 1021 1019 1019 1017 1016 1015 1014 1034 1033 1032 1032 1031 1027 1027 1025 1025 1024 1023 1022 1022 1022 1022 1023 1022
977 1002 1002 1002 1002 1001 1002 1002 1001 1001 1001 1000 1000 1000 999 999 999 997 998 998 997 998 996 995 994 995 994 994 994 992 993 992 991 990 989 989 989 987 987 986 985 984 984 983 983 981 981 979 979 978 977 977 976 975 973 972 972 1026 1025 1024 1022 1021 1020 1019 1018 1017 1015 1015 1035 1035 1032 1031 1030 1029 1028 1027 1027 1026 1024 1023 1023 1024 1024 1022 1022
979 979 1003 1002 1003 1002 1003 1003 1002 1001 1002 1000 1001 1001 999 999 999 999 999 999 998 996 996 995 997 996 995 995 994 994 993 993 991 991 989 989 989 989 989 988 986 986 984 984 984 983 982 981 980 980 978 978 976 975 974 973 973 1026 1026 1024 1023 1022 1020 1020 1019 1020 1017 1015 1015 1035 1033 1033 1031 1029 1029 1027 1027 1026 1025 1023 1026 1024 1024 1025 1025
979 979 979 1004 1003 1003 1004 1004 1003 1003 1001 1001 1001 1002 1001 1000 1000 999 1000 1000 999 998 997 996 997 997 995 995 995 994 993 994 993 992 991 990 990 989 989 988 987 986 985 984 984 983 983 981 981 980 979 978 976 975 974 975 1029 1028 1027 1025 1024 1023 1022 1020 1019 1019 1017 1017 1015 1036 1035 1033 1032 1030 1029 1029 1028 1026 1026 1023 1025 1026 1025 1026 1026
980 979 979 979 1004 1004 1004 1004 1003 1003 1003 1002 1002 1002 1002 1001 1001 1001 1000 1000 998 998 999 998 998 997 997 996 996 994 994 993 993 994 992 992 991 990 989 989 988 988 986 986 985 983 983 982 982 982 980 979 977 976 976 975 1030 1028 1028 1025 1024 1024 1022 1022 1020 1019 1018 1017 1016 1037 1035 1034 1032 1031 1032 1030 1029 1027 1026 1025 1027 1027 1026 1027 1028
982 980 980 980 1003 1006 1005 1005 1004 1003 1004 1003 1003 1003 1002 1002 1001 1002 1002 1000 999 999 999 998 998 998 997 997 997 995 995 995 993 993 992 992 992 990 990 989 988 987 987 986 986 983 984 982 981 981 980 980 977 977 976 1031 1030 1029 1028 1025 1026 1025 1024 1023 1021 1020 1018 1018 1016 1037 1036 1034 1034 1033 1032 1031 1029 1028 1028 1027 1028 1027 1028 1029 1029
981 982 981 981 981 1005 1006 1006 1004 1004 1004 1004 1003 1004 1003 1002 1002 1002 1002 1001 1000 1000 999 1000 999 999 998 997 996 995 997 996 995 994 993 992 993 990 991 990 989 988 987 986 986 984 985 983 983 982 981 979 978 978 978 1032 1032 1030 1028 1027 1026 1025 1024 1024 1021 1021 1020 1019 1017 1039 1036 1035 1033 1033 1032 1032 1030 1030 1029 1028 1029 1029 1029 1031 1030
982 981 981 982 981 982 1006 1005 1004 1005 1005 1004 1004 1004 1003 1004 1003 1003 1002 1002 1001 1000 1000 1000 1001 1000 999 997 997 996 996 996 995 995 993 993 991 991 992 992 990 990 988 988 986 985 986 985 984 984 982 981 979 979 1032 1033 1032 1030 1029 1027 1027 1026 1025 1024 1021 1023 1021 1020 1018 1039 1037 1036 1034 1035 1033 1031 1029 1029 1029 1030 1031 1031 1031 1032 1032
984 982 982 982 981 983 982 1006 1005 1005 1005 1006 1005 1005 1004 1004 1004 1003 1003 1002 1002 1001 1001 1000 1000 1000 999 998 998 997 997 996 996 996 995 993 993 991 992 991 991 990 989 987 987 985 986 985 985 984 982 981 980 979 1033 1032 1032 1031 1030 1029 1028 1028 1026 1023 1022 1021 1021 1020 1019 1040 1038 1037 1037 1035 1034 1032 1030 1031 1031 1031 1031 1031 1032 1034 1033
983 983 983 983 982 982 982 982 1006 1006 1006 1006 1006 1005 1005 1004 1005 1004 1003 1003 1002 1002 1002 1001 1002 1001 999 998 999 997 997 996 996 997 996 995 994 993 992 992 991 991 990 989 988 987 986 986 985 985 983 983 981 1035 1034 1033 1034 1031 1030 1029 1029 1027 1026 1025 1023 1023 1021 1021 1020 1039 1038 1038 1037 1037 1035 1033 1032 1031 1031 1033 1032 1033 1034 1034 1033
984 983 984 983 982 983 982 982 982 1006 1007 1006 1007 1007 1005 1005 1005 1005 1004 1004 1003 1002 1002 1001 1002 1003 1000 1000 999 999 998 998 997 997 994 994 994 993 993 992 992 991 989 989 989 987 987 986 986 984 982 982 981 1036 1034 1034 1032 1032 1031 1030 1029 1027 1028 1026 1025 1024 1021 1022 1020 1020 1039 1038 1038 1037 1035 1034 1033 1034 1033 1033 1033 1033 1033 1034 1035
986 984 984 985 982 983 984 982 983 983 1006 1007 1007 1008 1006 1005 1005 1004 1004 1004 1004 1004 1003 1002 1002 1002 1000 1000 999 999 999 998 999 998 996 995 995 993 994 992 993 992 990 989 989 987 988 986 987 985 984 983 982 1036 1035 1035 1034 1032 1033 1031 1030 1028 1026 1026 1024 1024 1023 1022 1021 1020 1040 1040 1038 1038 1035 1034 1034 1034 1035 1034 1033 1035 1036 1037 1036
986 985 985 984 983 983 984 983 983 984 984 1007 1008 1007 1006 1006 1006 1005 1005 1005 1004 1004 1004 1003 1002 1001 1002 1001 1000 999 999 998 998 998 996 996 995 994 994 993 994 993 991 991 989 989 988 987 986 986 985 985 1038 1037 1035 1034 1033 1032 1032 1031 1031 1029 1028 1026 1025 1025 1023 1023 1020 1020 1041 1041 1040 1038 1036 1037 1035 1035 1035 1034 1033 1035 1036 1037 1037
986 986 985 984 984 984 985 984 984 984 984 984 1009 1007 1006 1006 1005 1005 1006 1005 1005 1004 1004 1002 1002 1001 1001 1001 1001 1001 1000 999 998 998 997 997 996 995 995 993 992 992 992 991 990 989 989 987 986 986 986 985 1039 1038 1037 1035 1034 1033 1032 1031 1032 1030 1029 1026 1026 1025 1024 1022 1020 1020 1041 1043 1041 1038 1037 1037 1036 1038 1036 1037 1036 1036 1036 1038 1037
985 985 985 986 984 984 985 985 985 985 984 984 984 1008 1008 1007 1006 1005 1006 1005 1005 1006 1004 1004 1003 1002 1002 1002 1001 1001 1001 999 998 998 998 997 996 997 996 995 993 993 992 992 991 991 990 988 987 986 986 1041 1040 1039 1037 1036 1035 1033 1033 1031 1031 1029 1029 1028 1027 1026 1025 1024 1022 1021 1042 1041 1039 1039 1039 1040 1039 1039 1037 1037 1036 1038 1038 1038 1039
985 985 985 986 986 985 985 985 985 986 984 984 984 984 1008 1007 1007 1007 1006 1006 1006 1006 1004 1003 1003 1003 1003 1003 1002 1002 1001 1000 999 999 998 998 996 996 996 994 993 993 992 992 990 990 990 988 987 986 986 1040 1039 1039 1037 1037 1035 1035 1034 1033 1031 1029 1030 1028 1028 1027 1025 1024 1022 1022 1043 1042 1040 1039 1040 1039 1039 1040 1039 1039 1039 1040 1039 1040 1040
986 986 987 986 986 987 986 985 986 985 985 984 984 984 1007 1009 1007 1007 1007 1006 1006 1006 1005 1005 1004 1003 1003 1003 1002 1002 1000 1000 1000 999 999 998 998 997 997 994 995 993 993 992 992 991 990 988 989 987 1042 1040 1040 1038 1038 1037 1036 1036 1036 1034 1031 1030 1029 1028 1028 1027 1025 1024 1024 1024 1045 1044 1040 1041 1040 1040 1041 1040 1039 1040 1039 1040 1040 1041 1040
986 986 987 987 986 986 986 986 986 987 984 984 984 984 984 1008 1008 1008 1008 1007 1005 1005 1005 1006 1005 1004 1004 1003 1002 1002 1002 1000 1000 999 999 999 997 998 996 996 995 994 994 994 992 992 990 990 989 988 1043 1042 1040 1039 1038 1038 1036 1035 1034 1033 1033 1031 1031 1029 1028 1026 1026 1025 1024 1024 1024 1043 1042 1042 1041 1042 1042 1041 1040 1041 1041 1041 1040 1041 1040
987 987 987 987 988 987 986 986 986 985 985 985 985 984 984 984 1007 1009 1009 1008 1006 1006 1005 1005 1006 1004 1004 1004 1003 1002 1001 1002 1001 1000 999 999 997 997 997 996 996 994 994 993 993 991 990 990 990 1043 1043 1041 1040 1040 1038 1038 1036 1037 1035 1034 1033 1032 1032 1029 1029 1026 1026 1025 1025 1024 1024 1043 1043 1043 1043 1043 1042 1042 1041 1041 1041 1041 1041 1041 1042
