testData/tiles/oneDegreeCosts/grid39.0-6.0-40.0-7.0.asc
ncols   200
nrows   200
xllcorner   39.0
yllcorner   6.0
cellsize   0.005
NODATA_value   -9999.0
[rows 0 to 41 of 200, columns 0 to 93 of 200]
140 141 141 141 142 142 142 142 142 142 142 143 144 143 144 144 144 144 145 145 145 143 144 144 144 144 145 145 145 145 146 146 146 146 146 147 147 147 147 147 148 148 148 148 148 148 149 149 149 149 149 149 149 149 150 150 150 150 150 150 150 150 150 150 150 151 151 151 151 151 151 150 150 150 150 150 150 150 150 150 150 150 178 178 178 178 178 178 178 178 178 178 177 177
140 140 140 140 141 141 142 142 142 142 143 143 143 143 143 143 143 144 144 144 144 143 143 143 143 144 144 144 144 145 145 145 145 145 146 146 146 146 146 147 147 147 147 147 147 148 148 148 148 148 148 148 149 149 149 149 149 149 149 149 149 149 150 150 150 150 150 150 150 150 150 150 150 150 150 150 150 149 149 149 149 149 149 177 177 177 177 177 177 177 177 177 177 177
139 140 140 141 141 141 142 142 141 142 142 142 142 143 142 142 143 143 143 143 144 142 142 142 143 143 143 143 144 144 144 144 144 145 145 145 145 145 146 146 146 146 146 146 147 147 147 147 147 147 147 148 148 148 148 148 148 148 148 148 149 149 149 149 149 149 149 149 149 149 149 149 149 149 149 149 149 149 149 149 149 149 148 148 176 176 176 176 176 176 176 176 176 176
139 139 140 140 140 141 141 141 141 141 141 141 142 142 141 142 142 142 142 143 143 143 141 142 142 142 142 143 143 143 143 143 144 144 144 144 144 145 145 145 145 145 146 146 146 146 146 146 146 147 147 147 147 147 147 147 147 147 148 148 148 148 148 148 148 148 148 148 148 148 148 148 148 148 148 148 148 148 148 148 148 148 148 148 148 176 175 175 175 175 175 175 175 175
138 139 139 139 140 140 140 140 140 140 140 141 141 141 141 141 141 141 142 142 142 142 141 141 141 141 142 142 142 142 142 143 143 143 143 143 144 144 144 144 144 145 145 145 145 145 145 145 146 146 146 146 146 146 146 146 147 147 147 147 147 147 147 147 147 147 147 147 147 147 148 148 148 148 148 148 148 148 148 148 148 148 148 148 148 176 176 175 175 175 175 174 174 174
138 138 138 138 139 139 139 140 139 139 140 140 140 140 140 140 140 141 141 141 141 142 140 140 140 141 141 141 141 141 142 142 142 142 142 143 143 143 143 143 144 144 144 144 144 144 145 145 145 145 145 145 145 145 146 146 146 146 146 146 146 146 146 146 146 146 147 147 147 147 147 147 147 147 147 147 147 147 147 147 147 147 147 147 147 147 175 175 175 175 175 174 174 174
137 137 137 138 138 138 139 139 138 139 139 139 139 140 139 139 140 140 140 140 141 141 139 139 140 140 140 140 140 141 141 141 141 141 142 142 142 142 142 143 143 143 143 143 143 144 144 144 144 144 144 144 144 145 145 145 145 145 145 145 145 145 145 146 146 146 146 146 146 146 146 146 146 146 146 146 146 146 146 146 146 146 146 146 146 146 146 174 174 174 174 174 174 174
137 136 137 137 137 138 138 138 138 138 138 138 139 139 139 138 139 139 139 140 140 140 139 139 139 139 139 139 140 140 140 140 140 141 141 141 141 141 142 142 142 142 142 142 143 143 143 143 143 143 143 144 144 144 144 144 144 144 144 144 144 145 145 145 145 145 145 145 145 145 145 145 145 145 145 145 145 145 145 145 145 145 145 145 145 145 145 145 173 173 173 173 173 173
136 136 136 136 137 137 137 137 138 137 137 138 138 138 138 138 138 138 138 139 139 139 139 138 138 138 138 139 139 139 139 139 140 140 140 140 140 141 141 141 141 141 141 142 142 142 142 142 142 142 143 143 143 143 143 143 143 143 143 144 144 144 144 144 144 144 144 144 144 144 144 144 144 144 144 144 144 144 144 144 144 144 144 144 144 144 144 144 172 172 172 172 172 172
136 135 135 135 136 136 136 137 137 136 137 137 137 137 138 137 137 137 138 138 138 138 139 137 137 137 138 138 138 138 138 139 139 139 139 139 140 140 140 140 140 141 141 141 141 141 141 141 142 142 142 142 142 142 142 142 142 143 143 143 143 143 143 143 143 143 143 143 143 143 143 143 143 144 144 144 144 144 144 144 144 144 144 144 143 143 143 143 143 171 171 171 171 171
135 134 134 135 135 135 136 136 136 135 136 136 136 137 137 136 136 137 137 137 137 138 138 136 136 137 137 137 137 137 138 138 138 138 138 139 139 139 139 139 140 140 140 140 140 140 140 141 141 141 141 141 141 141 141 142 142 142 142 142 142 142 142 142 142 142 142 142 143 143 143 143 143 143 143 143 143 143 143 143 143 143 143 143 143 143 143 143 143 142 170 170 170 170
134 134 134 134 134 135 135 135 135 135 135 135 136 136 136 136 136 136 136 136 137 137 137 136 137 137 137 137 137 138 138 138 138 138 139 139 139 139 139 140 140 140 140 140 140 141 141 141 141 141 141 141 141 142 142 142 142 142 142 141 141 141 141 141 141 142 142 142 142 142 142 142 142 142 142 142 142 142 142 142 142 142 142 142 142 142 142 142 142 142 142 170 169 169
133 134 133 133 133 134 134 134 135 134 134 135 135 135 135 137 136 136 136 137 137 137 137 136 136 136 136 136 137 137 137 137 138 138 138 138 138 138 139 139 139 139 139 139 140 140 140 140 140 140 140 141 141 141 141 141 141 141 141 141 141 141 142 142 142 142 142 142 141 141 141 141 141 141 141 141 141 141 141 141 141 141 141 141 141 141 141 141 141 141 141 169 169 169
132 133 132 132 133 133 133 134 134 135 134 135 135 135 136 136 135 135 136 136 136 136 137 135 135 135 135 136 136 136 136 137 137 137 137 137 137 138 138 138 138 138 138 139 139 139 139 139 139 139 140 140 140 140 140 140 140 140 140 140 141 141 141 141 141 141 141 141 141 141 141 141 141 141 140 140 140 140 140 140 140 140 140 140 140 140 140 140 140 140 140 140 168 168
132 132 132 132 133 133 134 134 134 134 134 134 134 135 135 135 134 135 135 135 135 136 136 136 134 134 135 135 135 135 136 136 136 136 136 136 137 137 137 137 137 138 138 138 138 138 138 138 139 139 139 139 139 139 139 139 139 140 140 140 140 140 140 140 140 140 140 140 140 140 140 140 140 140 140 140 140 140 140 139 139 139 139 139 139 139 139 139 139 139 139 139 139 167
132 132 132 132 132 132 133 133 133 134 133 133 133 134 134 134 134 134 134 134 135 135 135 135 133 134 134 134 134 135 135 135 135 135 136 136 136 136 136 136 137 137 137 137 137 137 137 138 138 138 138 138 138 138 138 138 139 139 139 139 139 139 139 139 139 139 139 139 139 139 140 140 140 140 140 140 140 140 140 140 140 140 140 140 139 139 139 138 138 138 138 138 138 138
131 132 131 131 131 132 132 132 133 133 132 132 133 133 133 133 133 133 133 133 134 134 134 134 133 133 133 133 134 134 134 134 134 135 135 135 135 135 135 136 136 136 136 136 136 136 137 137 137 137 137 137 137 137 138 138 138 138 138 138 138 138 138 138 138 138 139 139 139 139 139 139 139 139 139 139 139 139 139 139 139 139 139 139 139 139 139 139 138 138 138 137 137 137
130 131 130 130 131 131 131 132 132 132 131 132 132 132 132 133 132 132 132 133 133 133 133 134 132 132 132 133 133 133 133 133 134 134 134 134 134 134 135 135 135 135 135 135 136 136 136 136 136 136 136 136 137 137 137 137 137 137 137 137 137 137 137 138 138 138 138 138 138 138 138 138 138 138 138 138 138 138 138 138 138 138 138 138 138 138 138 138 138 138 138 138 137 137
130 130 130 130 130 130 130 131 131 131 131 131 131 131 132 132 132 131 132 132 132 132 133 133 131 131 132 132 132 132 132 133 133 133 133 133 133 134 134 134 134 134 134 135 135 135 135 135 135 135 136 136 136 136 136 136 136 136 136 136 136 137 137 137 137 137 137 137 137 137 137 137 137 137 137 137 137 137 137 137 137 137 137 137 137 137 137 137 137 137 137 137 137 137
129 129 130 129 129 129 130 130 130 131 131 130 130 131 131 131 131 131 131 131 131 132 132 132 130 131 131 131 131 131 132 132 132 132 132 132 133 133 133 133 133 133 134 134 134 134 134 134 134 135 135 135 135 135 135 135 135 135 136 136 136 136 136 136 136 136 136 136 136 136 136 136 136 136 136 136 136 136 136 136 136 136 136 136 136 136 136 136 136 136 136 136 136 136
129 129 129 129 129 129 129 129 130 130 130 129 130 130 130 130 131 130 130 130 131 131 131 131 130 130 130 130 130 131 131 131 131 131 132 132 132 132 132 132 133 133 133 133 133 133 133 134 134 134 134 134 134 134 134 134 135 135 135 135 135 135 135 135 135 135 135 135 135 135 135 135 135 135 136 136 136 136 136 136 136 136 136 135 135 135 135 135 135 135 135 135 135 135
129 129 129 129 129 129 129 129 129 129 129 129 129 129 129 130 130 129 129 130 130 130 130 130 131 129 129 129 130 130 130 130 130 131 131 131 131 131 131 132 132 132 132 132 132 132 133 133 133 133 133 133 133 133 134 134 134 134 134 134 134 134 134 134 134 134 134 134 135 135 135 135 135 135 135 135 135 135 135 135 135 135 135 135 135 135 135 135 135 134 134 134 134 134
129 129 129 129 129 129 129 129 129 129 129 129 129 129 129 129 129 129 129 129 129 129 129 130 130 129 129 129 129 129 129 129 130 130 130 130 130 130 131 131 131 131 131 131 132 132 132 132 132 132 132 132 132 133 133 133 133 133 133 133 133 133 133 133 133 134 134 134 134 134 134 134 134 134 134 134 134 134 134 134 134 134 134 134 134 134 134 134 134 134 134 134 133 133
129 129 129 129 129 129 129 129 129 129 129 129 129 129 129 129 129 129 129 129 129 129 129 129 129 129 129 129 129 129 129 129 129 129 129 129 129 130 130 130 130 130 130 131 131 131 131 131 131 131 131 132 132 132 132 132 132 132 132 132 132 132 133 133 133 133 133 133 133 133 133 133 133 133 133 133 133 133 133 133 133 133 133 133 133 133 133 133 133 133 133 133 133 133
129 129 129 129 129 129 129 129 129 129 129 129 129 129 129 129 129 129 129 129 129 129 129 129 129 129 129 129 129 129 129 129 129 129 129 129 130 130 130 130 130 130 131 131 131 131 131 131 131 132 132 132 132 132 132 132 131 131 131 132 132 132 132 132 132 132 132 132 132 132 132 132 132 132 132 132 132 132 132 132 132 132 132 132 132 132 132 132 132 132 132 132 132 132
129 129 129 129 129 129 129 129 129 129 129 129 129 129 129 129 129 129 129 129 129 129 129 129 129 129 129 129 129 129 129 129 129 129 129 129 129 129 129 129 130 130 130 130 130 130 130 130 131 131 131 131 131 131 131 131 131 132 132 132 132 132 132 132 132 131 131 131 131 131 131 131 131 131 131 131 131 131 131 131 131 131 131 131 131 131 131 131 131 131 131 131 131 131
129 129 129 129 129 129 129 129 129 129 129 129 129 129 129 129 129 129 129 129 129 129 129 129 129 129 129 129 129 129 129 129 129 129 129 129 129 129 129 129 129 129 129 129 129 129 130 130 130 130 130 130 130 130 130 131 131 131 131 131 131 131 131 131 131 131 131 131 131 131 131 132 131 131 131 131 131 131 131 131 131 131 131 131 131 131 130 130 130 130 130 130 130 130
129 129 129 129 129 129 129 129 129 129 129 129 129 129 129 129 129 129 129 129 129 129 129 129 129 129 129 129 129 129 129 129 129 129 129 129 129 129 129 129 129 129 129 129 129 129 129 129 129 129 129 129 129 130 130 130 130 130 130 130 130 130 130 130 130 130 131 131 131 131 131 131 131 131 131 131 131 130 130 130 130 130 130 130 130 130 130 130 130 130 130 129 129 129
129 129 129 129 129 129 129 129 129 129 129 129 129 129 129 129 129 129 129 129 129 129 129 129 129 129 129 129 129 129 129 129 129 129 129 129 129 129 129 129 129 129 129 129 129 129 129 129 129 129 129 129 129 129 129 129 129 129 129 129 129 129 129 130 130 130 130 130 130 130 130 130 130 130 130 130 130 130 130 130 130 130 129 129 129 129 129 129 129 129 129 129 129 129
129 129 129 129 129 129 129 129 129 129 129 129 129 129 129 129 129 129 129 129 129 129 129 129 129 129 129 129 129 129 129 129 129 129 129 129 129 129 129 129 129 129 129 129 129 129 129 129 129 129 129 129 129 129 129 129 129 129 129 129 129 129 129 129 129 129 129 129 129 129 129 129 129 129 129 129 129 129 129 129 129 129 129 129 129 129 129 129 129 129 129 129 129 129
129 129 129 129 129 129 129 129 129 129 129 129 129 129 129 129 129 129 129 129 129 129 129 129 129 129 129 129 129 129 129 129 129 129 129 129 129 129 129 129 129 129 129 129 129 129 129 129 129 129 129 129 129 129 129 129 129 129 129 129 129 129 129 129 129 129 129 129 129 129 129 129 129 129 129 129 129 129 129 129 129 129 129 129 129 129 129 129 129 129 129 129 129 129
129 129 129 129 129 129 129 129 129 129 129 129 129 129 129 129 129 129 129 129 129 129 129 129 129 129 129 129 129 129 129 129 129 129 129 129 129 129 129 129 129 129 129 129 129 129 129 129 129 129 129 129 129 129 129 129 129 129 129 129 129 129 129 129 129 129 129 129 129 129 129 129 129 129 129 129 129 129 129 129 129 129 129 129 129 129 129 129 129 129 129 129 129 129
129 129 129 129 129 129 129 129 129 129 129 129 129 129 129 129 129 129 129 129 129 129 129 129 129 129 129 129 129 129 129 129 129 129 129 129 129 129 129 129 129 129 129 129 129 129 129 129 129 129 129 129 129 129 129 129 129 129 129 129 129 129 129 129 129 129 129 129 129 129 129 129 129 129 129 129 129 129 129 129 129 129 129 129 129 129 129 129 129 129 129 129 129 129
129 129 129 129 129 129 129 129 129 129 129 129 129 129 129 129 129 129 129 129 129 129 129 129 129 129 129 129 129 129 129 129 129 129 129 129 129 129 129 129 129 129 129 129 129 129 129 129 129 129 129 129 129 129 129 129 129 129 129 129 129 129 129 129 129 129 129 129 129 129 129 129 129 129 129 129 129 129 129 129 129 129 129 129 129 129 129 129 129 129 129 129 129 129
129 129 129 129 129 129 129 129 129 129 129 129 129 129 129 129 129 129 129 129 129 129 129 129 129 129 129 129 129 129 129 129 129 129 129 129 129 129 129 129 129 129 129 129 129 129 129 129 129 129 129 129 129 129 129 129 129 129 129 129 129 129 129 129 129 129 129 129 129 129 129 129 129 129 129 129 129 129 129 129 129 129 129 129 129 129 129 129 129 129 129 129 129 129
129 129 129 129 129 129 129 129 129 129 129 129 129 129 129 129 129 129 129 129 129 129 129 129 129 129 129 129 129 129 129 129 129 129 129 129 129 129 129 129 129 129 129 129 129 129 129 129 129 129 129 129 129 129 129 129 129 129 129 129 129 129 129 129 129 129 129 129 129 129 129 129 129 129 129 129 129 129 129 129 129 129 129 129 129 129 129 129 129 129 129 129 129 129
129 129 129 129 129 129 129 129 129 129 129 129 129 129 129 129 129 129 129 129 129 129 129 129 129 129 129 129 129 129 129 129 129 129 129 129 129 129 129 129 129 129 129 129 129 129 129 129 129 129 129 129 129 129 129 129 129 129 129 129 129 129 129 129 129 129 129 129 129 129 129 129 129 129 129 129 129 129 129 129 129 129 129 129 129 129 129 129 129 129 129 129 129 129
129 129 129 129 129 129 129 129 129 129 129 129 129 129 129 129 129 129 129 129 129 129 129 129 129 129 129 129 129 129 129 129 129 129 129 129 129 129 129 129 129 129 129 129 129 129 129 129 129 129 129 129 129 129 129 129 129 129 129 129 129 129 129 129 129 129 129 129 129 129 129 129 129 129 129 129 129 129 129 129 129 129 129 129 129 129 129 129 129 129 129 129 129 129
129 129 129 129 129 129 129 129 129 129 129 129 129 129 129 129 129 129 129 129 129 129 129 129 129 129 129 129 129 129 129 129 129 129 129 129 129 129 129 129 129 129 129 129 129 129 129 129 129 129 129 129 129 129 129 129 129 129 129 129 129 129 129 129 129 129 129 129 129 129 129 129 129 129 129 129 129 129 129 129 129 129 129 129 129 129 129 129 129 129 129 129 129 129
129 129 129 129 129 129 129 129 129 129 129 129 129 129 129 129 129 129 129 129 129 129 129 129 129 129 129 129 129 129 129 129 129 129 129 129 129 129 129 129 129 129 129 129 129 129 129 129 129 129 129 129 129 129 129 129 129 129 129 129 129 129 129 129 129 129 129 129 129 129 129 129 129 129 129 129 129 129 129 129 129 129 129 129 129 129 129 129 129 129 129 129 129 129
129 129 129 129 129 129 129 129 129 129 129 129 129 129 129 129 129 129 129 129 129 129 129 129 129 129 129 129 129 129 129 129 129 129 129 129 129 129 129 129 129 129 129 129 129 129 129 129 129 129 129 129 129 129 129 129 129 129 129 129 129 129 129 129 129 129 129 129 129 129 129 129 129 129 129 129 129 129 129 129 129 129 129 129 129 129 129 129 129 129 129 129 129 129
129 129 129 129 129 129 129 129 129 129 129 129 129 129 129 129 129 129 129 129 129 129 129 129 129 129 129 129 129 129 129 129 129 129 129 129 129 129 129 129 129 129 129 129 129 129 129 129 129 129 129 129 129 129 129 129 129 129 129 129 129 129 129 129 129 129 129 129 129 129 129 129 129 129 129 129 129 129 129 129 129 129 129 129 129 129 129 129 129 129 129 129 129 129
