testData/tiles/oneDegreeCosts/grid23.0-33.0-24.0-34.0.asc
ncols   200
nrows   200
xllcorner   23.0
yllcorner   33.0
cellsize   0.005
NODATA_value   -9999.0
[rows 42 to 83 of 200, columns 94 to 187 of 200]
506 506 506 506 506 506 506 638 638 639 639 639 640 640 640 640 641 641 641 642 642 642 642 643 643 643 644 644 644 644 645 645 645 645 645 646 646 646 651 652 652 652 652 652 653 653 653 653 653 654 654 654 654 654 654 655 655 655 655 655 655 655 656 656 656 656 656 656 656 656 657 657 657 657 657 657 657 657 657 657 657 658 658 658 658 658 658 658 658 658 671 671 671 671
506 506 506 506 506 506 506 506 638 638 639 639 639 640 640 640 640 641 641 641 642 642 642 642 643 643 643 644 644 644 644 644 645 645 645 645 646 646 646 651 652 652 652 652 652 653 653 653 653 653 653 654 654 654 654 654 654 655 655 655 655 655 655 655 656 656 656 656 656 656 656 656 656 657 657 657 657 657 657 657 657 657 657 657 657 658 658 658 658 658 671 671 671 671
506 506 506 506 506 506 506 506 638 638 638 639 639 639 640 640 640 640 641 641 641 642 642 642 642 643 643 643 643 644 644 644 644 645 645 645 645 646 646 646 651 651 652 652 652 652 652 653 653 653 653 653 654 654 654 654 654 654 654 655 655 655 655 655 655 655 656 656 656 656 656 656 656 656 656 657 657 657 657 657 657 657 657 657 657 657 657 657 657 657 671 671 671 671
506 506 506 506 506 506 506 506 506 638 638 638 639 639 639 640 640 640 640 641 641 641 642 642 642 642 643 643 643 643 644 644 644 644 645 645 645 645 646 646 651 651 651 652 652 652 652 652 653 653 653 653 653 653 654 654 654 654 654 654 654 655 655 655 655 655 655 655 656 656 656 656 656 656 656 656 656 656 656 657 657 657 657 657 657 657 657 657 657 657 657 670 670 670
506 506 506 506 506 506 506 506 506 506 638 638 638 639 639 639 640 640 640 640 641 641 641 642 642 642 642 643 643 643 643 644 644 644 644 645 645 645 645 645 646 651 651 651 652 652 652 652 652 652 653 653 653 653 653 653 654 654 654 654 654 654 654 655 655 655 655 655 655 655 655 656 656 656 656 656 656 656 656 656 656 656 657 657 657 657 657 657 657 657 657 670 670 670
506 506 506 506 506 506 506 506 506 506 506 638 638 638 639 639 639 640 640 640 640 641 641 641 642 642 642 642 643 643 643 643 644 644 644 644 645 645 645 645 645 646 651 651 651 651 652 652 652 652 652 653 653 653 653 653 653 653 654 654 654 654 654 654 654 655 655 655 655 655 655 655 655 655 656 656 656 656 656 656 656 656 656 656 656 656 657 657 657 657 657 670 670 670
506 506 506 506 506 506 506 506 506 506 506 638 638 638 638 639 639 639 640 640 640 640 641 641 641 642 642 642 642 643 643 643 643 644 644 644 644 644 645 645 645 645 651 651 651 651 651 652 652 652 652 652 652 653 653 653 653 653 653 654 654 654 654 654 654 654 654 655 655 655 655 655 655 655 655 655 655 656 656 656 656 656 656 656 656 656 656 656 656 656 656 669 670 670
506 506 506 506 506 506 506 506 506 506 506 506 638 638 638 638 639 639 639 640 640 640 640 641 641 641 642 642 642 642 643 643 643 643 644 644 644 644 644 645 645 645 645 650 651 651 651 651 651 652 652 652 652 652 652 653 653 653 653 653 653 654 654 654 654 654 654 654 654 655 655 655 655 655 655 655 655 655 655 655 656 656 656 656 656 656 656 656 656 656 656 669 669 669
506 506 506 506 506 506 506 506 506 506 506 506 506 638 638 638 638 639 639 639 640 640 640 640 641 641 641 642 642 642 642 643 643 643 643 643 644 644 644 644 645 645 645 645 650 651 651 651 651 651 651 652 652 652 652 652 652 653 653 653 653 653 653 653 654 654 654 654 654 654 654 654 655 655 655 655 655 655 655 655 655 655 655 655 656 656 656 656 656 656 656 669 669 669
506 506 506 506 506 506 506 506 506 506 506 506 506 506 638 638 638 638 639 639 639 640 640 640 640 641 641 641 641 642 642 642 642 643 643 643 643 644 644 644 644 644 645 645 645 650 650 651 651 651 651 651 652 652 652 652 652 652 652 653 653 653 653 653 653 653 654 654 654 654 654 654 654 654 654 655 655 655 655 655 655 655 655 655 655 655 655 655 655 656 656 669 669 669
506 506 506 506 506 506 506 506 506 506 506 506 506 506 506 638 638 638 638 639 639 639 640 640 640 640 641 641 641 641 642 642 642 642 643 643 643 643 644 644 644 644 644 645 645 650 650 650 651 651 651 651 651 651 652 652 652 652 652 652 652 653 653 653 653 653 653 653 654 654 654 654 654 654 654 654 654 654 655 655 655 655 655 655 655 655 655 655 655 655 655 655 668 668
506 506 506 506 506 506 506 506 506 506 506 506 506 506 506 506 638 638 638 638 639 639 639 640 640 640 640 641 641 641 641 642 642 642 642 643 643 643 643 643 644 644 644 644 644 645 650 650 650 650 651 651 651 651 651 651 652 652 652 652 652 652 652 653 653 653 653 653 653 653 653 654 654 654 654 654 654 654 654 654 654 654 655 655 655 655 655 655 655 655 655 655 668 668
506 506 506 506 506 506 506 506 506 506 506 506 506 506 506 506 637 638 638 638 638 639 639 639 640 640 640 640 641 641 641 641 642 642 642 642 642 643 643 643 643 644 644 644 644 644 645 650 650 650 650 650 651 651 651 651 651 651 652 652 652 652 652 652 652 653 653 653 653 653 653 653 653 653 654 654 654 654 654 654 654 654 654 654 654 654 655 655 655 655 655 655 668 668
506 506 506 506 506 506 506 506 506 506 506 506 506 506 506 506 506 637 638 638 638 638 639 639 639 639 640 640 640 641 641 641 641 641 642 642 642 642 643 643 643 643 643 644 644 644 644 649 650 650 650 650 650 651 651 651 651 651 651 651 652 652 652 652 652 652 652 653 653 653 653 653 653 653 653 653 653 654 654 654 654 654 654 654 654 654 654 654 654 654 654 654 668 668
506 506 506 506 506 506 506 506 506 506 506 506 506 506 506 506 506 506 637 637 638 638 638 639 639 639 639 640 640 640 640 641 641 641 641 642 642 642 642 643 643 643 643 643 644 644 644 644 649 650 650 650 650 650 650 651 651 651 651 651 651 651 652 652 652 652 652 652 652 652 653 653 653 653 653 653 653 653 653 653 654 654 654 654 654 654 654 654 654 654 654 654 667 667
506 506 506 506 506 506 506 506 506 506 506 506 506 506 506 506 506 506 506 637 637 638 638 638 639 639 639 639 640 640 640 640 641 641 641 641 642 642 642 642 642 643 643 643 643 643 644 644 644 649 649 650 650 650 650 650 650 651 651 651 651 651 651 651 652 652 652 652 652 652 652 652 652 653 653 653 653 653 653 653 653 653 653 653 654 654 654 654 654 654 654 654 667 667
506 506 506 506 506 506 506 506 506 506 506 506 506 506 506 506 506 506 506 506 637 637 638 638 638 639 639 639 639 640 640 640 640 641 641 641 641 641 642 642 642 642 643 643 643 643 643 644 644 644 649 649 649 650 650 650 650 650 650 651 651 651 651 651 651 651 652 652 652 652 652 652 652 652 652 652 653 653 653 653 653 653 653 653 653 653 653 653 653 653 654 654 654 667
506 506 506 506 506 506 506 506 506 506 506 506 506 506 506 506 506 506 506 506 506 637 637 638 638 638 638 639 639 639 640 640 640 640 640 641 641 641 641 642 642 642 642 642 643 643 643 643 643 644 649 649 649 649 649 650 650 650 650 650 650 651 651 651 651 651 651 651 651 652 652 652 652 652 652 652 652 652 652 653 653 653 653 653 653 653 653 653 653 653 653 653 653 666
506 506 506 506 506 506 506 506 506 506 506 506 506 506 506 506 506 506 506 506 506 506 637 637 638 638 638 638 639 639 639 639 640 640 640 640 641 641 641 641 642 642 642 642 642 643 643 643 643 643 643 649 649 649 649 649 649 650 650 650 650 650 650 651 651 651 651 651 651 651 651 651 652 652 652 652 652 652 652 652 652 652 652 653 653 653 653 653 653 653 653 653 653 666
506 506 506 506 506 506 506 506 506 506 506 506 506 506 506 506 506 506 506 506 506 506 506 637 637 638 638 638 638 639 639 639 639 640 640 640 640 641 641 641 641 641 642 642 642 642 642 643 643 643 643 643 649 649 649 649 649 649 649 650 650 650 650 650 650 650 651 651 651 651 651 651 651 651 651 652 652 652 652 652 652 652 652 652 652 652 652 652 653 653 653 653 653 666
506 506 506 506 506 506 506 506 506 506 506 506 506 506 506 506 506 506 506 506 506 506 506 506 637 637 638 638 638 638 639 639 639 639 640 640 640 640 640 641 641 641 641 641 642 642 642 642 642 643 643 643 643 648 649 649 649 649 649 649 649 650 650 650 650 650 650 650 651 651 651 651 651 651 651 651 651 651 652 652 652 652 652 652 652 652 652 652 652 652 652 652 652 665
506 506 506 506 506 506 506 506 506 506 506 506 506 506 506 506 506 506 506 506 506 506 506 506 506 506 637 637 638 638 638 638 639 639 639 639 640 640 640 640 641 641 641 641 641 642 642 642 642 642 643 643 643 648 648 648 649 649 649 649 649 649 649 650 650 650 650 650 650 650 650 651 651 651 651 651 651 651 651 651 651 651 652 652 652 652 652 652 652 652 652 652 652 652
506 506 506 506 506 506 506 506 506 506 506 506 506 506 506 506 506 506 506 506 506 506 506 506 506 506 506 637 637 638 638 638 638 639 639 639 639 640 640 640 640 640 641 641 641 641 641 642 642 642 642 642 643 643 648 648 648 648 649 649 649 649 649 649 649 649 650 650 650 650 650 650 650 650 651 651 651 651 651 651 651 651 651 651 651 651 651 652 652 652 652 652 652 652
506 506 506 506 506 506 506 506 506 506 506 506 506 506 506 506 506 506 506 506 506 506 506 506 506 506 506 506 637 637 638 638 638 638 639 639 639 639 639 640 640 640 640 641 641 641 641 641 641 642 642 642 642 642 643 648 648 648 648 648 648 649 649 649 649 649 649 649 650 650 650 650 650 650 650 650 650 650 651 651 651 651 651 651 651 651 651 651 651 651 651 651 651 651
506 506 506 506 506 506 506 506 506 506 506 506 506 506 506 506 506 506 506 506 506 506 506 506 506 506 506 506 506 637 637 637 638 638 638 638 639 639 639 639 640 640 640 640 640 641 641 641 641 641 642 642 642 642 642 642 648 648 648 648 648 648 648 649 649 649 649 649 649 649 649 650 650 650 650 650 650 650 650 650 650 650 651 651 651 651 651 651 651 651 651 651 651 651
506 506 506 506 506 506 506 506 506 506 506 506 506 506 506 506 506 506 506 506 506 506 506 506 506 506 506 506 506 506 637 637 637 638 638 638 638 639 639 639 639 639 640 640 640 640 640 641 641 641 641 641 642 642 642 642 647 647 648 648 648 648 648 648 648 649 649 649 649 649 649 649 649 649 650 650 650 650 650 650 650 650 650 650 650 650 650 651 651 651 651 651 651 651
506 506 506 506 506 506 506 506 506 506 506 506 506 506 506 506 506 506 506 506 506 506 506 506 506 506 506 506 506 506 506 506 637 637 638 638 638 638 638 639 639 639 639 640 640 640 640 640 640 641 641 641 641 641 642 642 642 647 647 647 648 648 648 648 648 648 648 648 649 649 649 649 649 649 649 649 649 650 650 650 650 650 650 650 650 650 650 650 650 650 650 650 650 651
506 506 506 506 506 506 506 506 506 506 506 506 506 506 506 506 506 506 506 506 506 506 506 506 506 506 506 506 506 506 506 506 506 637 637 637 638 638 638 638 639 639 639 639 639 640 640 640 640 640 641 641 641 641 641 641 642 642 647 647 647 647 647 648 648 648 648 648 648 648 648 649 649 649 649 649 649 649 649 649 649 649 650 650 650 650 650 650 650 650 650 650 650 650
506 506 506 506 506 506 506 506 506 506 506 506 506 506 506 506 506 506 506 506 506 506 506 506 506 506 506 506 506 506 506 506 506 506 637 637 637 638 638 638 638 638 639 639 639 639 639 640 640 640 640 640 641 641 641 641 641 641 642 647 647 647 647 647 647 648 648 648 648 648 648 648 648 648 649 649 649 649 649 649 649 649 649 649 649 649 650 650 650 650 650 650 650 650
506 506 506 506 506 506 506 506 506 506 506 506 506 506 506 506 506 506 506 506 506 506 506 506 506 506 506 506 506 506 506 506 506 506 506 506 637 637 637 638 638 638 638 638 639 639 639 639 639 640 640 640 640 640 641 641 641 641 641 646 646 647 647 647 647 647 647 647 648 648 648 648 648 648 648 648 648 648 649 649 649 649 649 649 649 649 649 649 649 649 649 649 649 650
506 506 506 506 506 506 506 506 506 506 506 506 506 506 506 506 506 506 506 506 506 506 506 506 506 506 506 506 506 506 506 506 506 506 506 506 506 637 637 637 637 638 638 638 638 639 639 639 639 639 639 640 640 640 640 640 641 641 641 641 646 646 646 647 647 647 647 647 647 647 647 648 648 648 648 648 648 648 648 648 648 648 649 649 649 649 649 649 649 649 649 649 649 649
506 506 506 506 506 506 506 506 506 506 506 506 506 506 506 506 506 506 506 506 506 506 506 506 506 506 506 506 506 506 506 506 506 506 506 506 506 506 637 637 637 637 638 638 638 638 638 639 639 639 639 639 640 640 640 640 640 640 640 641 641 646 646 646 646 646 647 647 647 647 647 647 647 647 648 648 648 648 648 648 648 648 648 648 648 648 648 649 649 649 649 649 649 649
506 506 506 506 506 506 506 506 506 506 506 506 506 506 506 506 506 506 506 506 506 506 506 506 506 506 506 506 506 506 506 506 506 506 506 506 506 506 506 506 637 637 637 637 638 638 638 638 638 639 639 639 639 639 640 640 640 640 640 640 640 641 646 646 646 646 646 646 647 647 647 647 647 647 647 647 647 647 648 648 648 648 648 648 648 648 648 648 648 648 648 648 648 648
506 506 506 506 506 506 506 506 506 506 506 506 506 506 506 506 506 506 506 506 506 506 506 506 506 506 506 506 506 506 506 506 506 506 506 506 506 506 506 506 506 506 637 637 637 637 638 638 638 638 638 639 639 639 639 639 639 640 640 640 640 640 640 646 646 646 646 646 646 646 646 647 647 647 647 647 647 647 647 647 647 647 648 648 648 648 648 648 648 648 648 648 648 648
506 506 506 506 506 506 506 506 506 506 506 506 506 506 506 506 506 506 506 506 506 506 506 506 506 506 506 506 506 506 506 506 506 506 506 506 506 506 506 506 506 506 506 637 637 637 637 638 638 638 638 638 638 639 639 639 639 639 639 640 640 640 640 640 645 645 646 646 646 646 646 646 646 646 646 647 647 647 647 647 647 647 647 647 647 647 647 648 648 648 648 648 648 648
506 506 506 506 506 506 506 506 506 506 506 506 506 506 506 506 506 506 506 506 506 506 506 506 506 506 506 506 506 506 506 506 506 506 506 506 506 506 506 506 506 506 506 506 506 637 637 637 637 638 638 638 638 638 638 639 639 639 639 639 639 640 640 640 645 645 645 645 645 646 646 646 646 646 646 646 646 646 647 647 647 647 647 647 647 647 647 647 647 647 647 647 647 647
506 506 506 506 506 506 506 506 506 506 506 506 506 506 506 506 506 506 506 506 506 506 506 506 506 506 506 506 506 506 506 506 506 506 506 506 506 506 506 506 506 506 506 506 506 506 506 637 637 637 637 638 638 638 638 638 638 639 639 639 639 639 639 639 640 645 645 645 645 645 645 645 646 646 646 646 646 646 646 646 646 646 646 647 647 647 647 647 647 647 647 647 647 647
506 506 506 506 506 506 506 506 506 506 506 506 506 506 506 506 506 506 506 506 506 506 506 506 506 506 506 506 506 506 506 506 506 506 506 506 506 506 506 506 506 506 506 506 506 506 506 506 637 637 637 637 637 638 638 638 638 638 638 639 639 639 639 639 639 639 644 645 645 645 645 645 645 645 645 646 646 646 646 646 646 646 646 646 646 646 646 646 646 647 647 647 647 647
506 506 506 506 506 506 506 506 506 506 506 506 506 506 506 506 506 506 506 506 506 506 506 506 506 506 506 506 506 506 506 506 506 506 506 506 506 506 506 506 506 506 506 506 506 506 506 506 506 506 637 637 637 637 637 638 638 638 638 638 638 638 639 639 639 639 639 644 644 645 645 645 645 645 645 645 645 645 645 646 646 646 646 646 646 646 646 646 646 646 646 646 646 646
506 506 506 506 506 506 506 506 506 506 506 506 506 506 506 506 506 506 506 506 506 506 506 506 506 506 506 506 506 506 506 506 506 506 506 506 506 506 506 506 506 506 506 506 506 506 506 506 506 506 506 506 637 637 637 637 637 637 638 638 638 638 638 638 639 639 639 639 644 644 644 644 644 645 645 645 645 645 645 645 645 645 645 645 646 646 646 646 646 646 646 646 646 646
506 506 506 506 506 506 506 506 506 506 506 506 506 506 506 506 506 506 506 506 506 506 506 506 506 506 506 506 506 506 506 506 506 506 506 506 506 506 506 506 506 506 506 506 506 506 506 506 506 506 506 506 506 506 506 637 637 637 637 637 638 638 638 638 638 638 638 639 639 644 644 644 644 644 644 644 645 645 645 645 645 645 645 645 645 645 645 645 645 645 646 646 646 646
506 506 506 506 506 506 506 506 506 506 506 506 506 506 506 506 506 506 506 506 506 506 506 506 506 506 506 506 506 506 506 506 506 506 506 506 506 506 506 506 506 506 506 506 506 506 506 506 506 506 506 506 506 506 506 506 506 637 637 637 637 637 637 638 638 638 638 638 638 638 644 644 644 644 644 644 644 644 644 644 644 645 645 645 645 645 645 645 645 645 645 645 645 645
