testData/tiles/oneDegreeCosts/grid1.0-49.0-2.0-50.0.asc
ncols   200
nrows   200
xllcorner   1.0
yllcorner   49.0
cellsize   0.005
NODATA_value   -9999.0
[rows 126 to 188 of 200, columns 0 to 95 of 200]
115 115 115 115 115 115 115 115 115 115 115 115 115 115 18 18 18 18 18 18 18 18 18 18 18 18 18 18 18 18 18 18 18 18 18 18 18 18 18 18 18 18 18 18 18 18 18 18 18 18 18 18 18 18 18 18 18 18 18 18 18 18 18 18 18 18 18 50 50 50 50 50 50 50 50 50 50 50 50 50 50 50 50 50 50 50 50 50 50 50 50 50 50 50 50 50
115 115 115 115 115 115 115 115 115 115 115 115 115 115 18 18 18 18 18 18 18 18 18 18 18 18 18 18 18 18 18 18 18 18 18 18 18 18 18 18 18 18 18 18 18 18 18 18 18 18 18 18 18 18 18 18 18 18 18 18 18 18 18 18 18 18 50 50 50 50 50 50 50 50 50 50 50 50 50 50 50 50 50 50 50 50 50 50 50 50 50 50 50 50 50 50
115 115 115 115 115 115 115 115 115 115 115 115 115 115 115 18 18 18 18 18 18 18 18 18 18 18 18 18 18 18 18 18 18 18 18 18 18 18 18 18 18 18 18 18 18 18 18 18 18 18 18 18 18 18 18 18 18 18 18 18 18 18 18 18 18 50 50 50 50 50 50 50 50 50 50 50 50 50 50 50 50 50 50 50 50 50 50 50 50 50 50 50 50 50 50 50
115 115 115 115 115 115 115 115 115 115 115 115 115 115 115 18 18 18 18 18 18 18 18 18 18 18 18 18 18 18 18 18 18 18 18 18 18 18 18 18 18 18 18 18 18 18 18 18 18 18 18 18 18 18 18 18 18 18 18 18 18 18 18 18 50 50 50 50 50 50 50 50 50 50 50 50 50 50 50 50 50 50 50 50 50 50 50 50 50 50 50 50 50 50 50 50
115 115 115 115 115 115 115 115 115 115 115 115 115 115 115 18 18 18 18 18 18 18 18 18 18 18 18 18 18 18 18 18 18 18 18 18 18 18 18 18 18 18 18 18 18 18 18 18 18 18 18 18 18 18 18 18 18 18 18 18 18 18 50 50 50 50 50 50 50 50 50 50 50 50 50 50 50 50 50 50 50 50 50 50 50 50 50 50 50 50 50 50 50 50 50 50
115 115 115 115 115 115 115 115 115 115 115 115 115 115 115 115 18 18 18 18 18 18 18 18 18 18 18 18 18 18 18 18 18 18 18 18 18 18 18 18 18 18 18 18 18 18 18 18 18 18 18 18 18 18 18 18 18 18 18 18 18 50 50 50 50 50 50 50 50 50 50 50 50 50 50 50 50 50 50 50 50 50 50 50 50 50 50 50 50 50 50 50 50 50 50 50
115 115 115 115 115 115 115 115 115 115 115 115 115 115 115 115 18 18 18 18 18 18 18 18 18 18 18 18 18 18 18 18 18 18 18 18 18 18 18 18 18 18 18 18 18 18 18 18 18 18 18 18 18 18 18 18 18 18 18 18 50 50 50 50 50 50 50 50 50 50 50 50 50 50 50 50 50 50 50 50 50 50 50 50 50 50 50 50 50 50 50 50 50 50 50 50
115 115 115 115 115 115 115 115 115 115 115 115 115 115 115 115 115 18 18 18 18 18 18 18 18 18 18 18 18 18 18 18 18 18 18 18 18 18 18 18 18 18 18 18 18 18 18 18 18 18 18 18 18 18 18 18 18 18 18 50 50 50 50 50 50 50 50 50 50 50 50 50 50 50 50 50 50 50 50 50 50 50 50 50 50 50 50 50 50 50 50 50 50 50 50 50
115 115 115 115 115 115 115 115 115 115 115 115 115 115 115 115 115 18 18 18 18 18 18 18 18 18 18 18 18 18 18 18 18 18 18 18 18 18 18 18 18 18 18 18 18 18 18 18 18 18 18 18 18 18 18 18 18 18 50 50 50 50 50 50 50 50 50 50 50 50 50 50 50 50 50 50 50 50 50 50 50 50 50 50 50 50 50 50 50 50 50 50 50 50 50 50
115 115 115 115 115 115 115 115 115 115 115 115 115 115 115 115 115 18 18 18 18 18 18 18 18 18 18 18 18 18 18 18 18 18 18 18 18 18 18 18 18 18 18 18 18 18 18 18 18 18 18 18 18 18 18 18 18 50 50 50 50 50 50 50 50 50 50 50 50 50 50 50 50 50 50 50 50 50 50 50 50 50 50 50 50 50 50 50 50 50 50 50 50 50 50 50
201 115 115 115 115 115 115 115 115 115 115 115 115 115 115 115 115 115 18 18 18 18 18 18 18 18 18 18 18 18 18 18 18 18 18 18 18 18 18 18 18 18 18 18 18 18 18 18 18 18 18 18 18 18 18 18 50 50 50 50 50 50 50 50 50 50 50 50 50 50 50 50 50 50 50 50 50 50 50 50 50 50 50 50 50 50 50 50 50 50 50 50 50 50 50 50
201 201 115 115 115 115 115 115 115 115 115 115 115 115 115 115 115 115 18 18 18 18 18 18 18 18 18 18 18 18 18 18 18 18 18 18 18 18 18 18 18 18 18 18 18 18 18 18 18 18 18 18 18 18 50 50 50 50 50 50 50 50 50 50 50 50 50 50 50 50 50 50 50 50 50 50 50 50 50 50 50 50 50 50 50 50 50 50 50 50 50 50 50 50 50 152
201 201 201 115 115 115 115 115 115 115 115 115 115 115 115 115 115 115 18 18 18 18 18 18 18 18 18 18 18 18 18 18 18 18 18 18 18 18 18 18 18 18 18 18 18 18 18 18 18 18 18 18 18 50 50 50 50 50 50 50 50 50 50 50 50 50 50 50 50 50 50 50 50 50 50 50 50 50 50 50 50 50 50 50 50 50 50 50 50 50 50 50 50 152 152 152
201 201 201 201 115 115 115 115 115 115 115 115 115 115 115 115 115 115 18 18 18 18 18 18 18 18 18 18 18 18 18 18 18 18 18 18 18 18 18 18 18 18 18 18 18 18 18 18 18 18 18 18 50 50 50 50 50 50 50 50 50 50 50 50 50 50 50 50 50 50 50 50 50 50 50 50 50 50 50 50 50 50 50 50 50 50 50 50 50 50 50 152 152 152 152 152
201 201 201 201 201 115 115 115 115 115 115 115 115 115 115 115 115 115 115 18 18 18 18 18 18 18 18 18 18 18 18 18 18 18 18 18 18 18 18 18 18 18 18 18 18 18 18 18 18 18 18 50 50 50 50 50 50 50 50 50 50 50 50 50 50 50 50 50 50 50 50 50 50 50 50 50 50 50 50 50 50 50 50 50 50 50 50 50 50 152 152 152 152 152 152 152
201 201 201 201 201 201 115 115 115 115 115 115 115 115 115 115 115 115 115 18 18 18 18 18 18 18 18 18 18 18 18 18 18 18 18 18 18 18 18 18 18 18 18 18 18 18 18 18 18 18 50 50 50 50 50 50 50 50 50 50 50 50 50 50 50 50 50 50 50 50 50 50 50 50 50 50 50 50 50 50 50 50 50 50 50 50 50 152 152 152 152 152 152 152 152 152
201 201 201 201 201 201 201 115 115 115 115 115 115 115 115 115 115 115 115 18 18 18 18 18 18 18 18 18 18 18 18 18 18 18 18 18 18 18 18 18 18 18 18 18 18 18 18 18 18 50 50 50 50 50 50 50 50 50 50 50 50 50 50 50 50 50 50 50 50 50 50 50 50 50 50 50 50 50 50 50 50 50 50 50 50 50 152 152 152 152 152 152 152 152 152 152
201 201 201 201 201 201 201 115 115 115 115 115 115 115 115 115 115 115 115 115 18 18 18 18 18 18 18 18 18 18 18 18 18 18 18 18 18 18 18 18 18 18 18 18 18 18 18 18 50 50 50 50 50 50 50 50 50 50 50 50 50 50 50 50 50 50 50 50 50 50 50 50 50 50 50 50 50 50 50 50 50 50 50 50 152 152 152 152 152 152 152 152 152 152 152 152
202 202 202 202 201 201 201 201 115 115 115 115 115 115 115 115 115 115 115 115 18 18 18 18 18 18 18 18 18 18 18 18 18 18 18 18 18 18 18 18 18 18 18 18 18 18 18 50 50 50 50 50 50 50 50 50 50 50 50 50 50 50 50 50 50 50 50 50 50 50 50 50 50 50 50 50 50 50 50 50 50 50 152 152 152 152 152 152 152 152 152 152 152 152 152 152
202 202 202 202 202 202 202 202 202 116 116 116 116 116 116 116 116 116 116 116 19 19 18 18 18 18 18 18 18 18 18 18 18 18 18 18 18 18 18 18 18 18 18 18 18 18 50 50 50 50 50 50 50 50 50 50 50 50 50 50 50 50 50 50 50 50 50 50 50 50 50 50 50 50 50 50 50 50 50 50 152 152 152 152 152 152 152 152 152 152 152 152 152 152 152 152
202 202 202 202 202 202 202 202 202 202 116 116 116 116 116 116 116 116 116 116 19 19 19 19 19 19 19 19 19 19 19 19 19 19 19 19 18 18 18 18 18 18 18 18 18 50 50 50 50 50 50 50 50 50 50 50 50 50 50 50 50 50 50 50 50 50 50 50 50 50 50 50 50 50 50 50 50 50 152 152 152 152 152 152 152 152 152 152 152 152 152 152 152 152 152 152
202 202 202 202 202 202 202 202 202 202 116 116 116 116 116 116 116 116 116 116 116 19 19 19 19 19 19 19 19 19 19 19 19 19 19 19 19 19 19 19 19 19 19 19 51 51 51 51 50 50 50 50 50 50 50 50 50 50 50 50 50 50 50 50 50 50 50 50 50 50 50 50 50 50 50 50 50 152 152 152 152 152 152 152 152 152 152 152 152 152 152 152 152 152 152 152
203 203 203 203 203 203 203 203 202 202 202 116 116 116 116 116 116 116 116 116 116 19 19 19 19 19 19 19 19 19 19 19 19 19 19 19 19 19 19 19 19 19 19 51 51 51 51 51 51 51 51 51 51 51 51 51 51 51 50 50 50 50 50 50 50 50 50 50 50 50 50 50 50 50 50 152 152 152 152 152 152 152 152 152 152 152 152 152 152 152 152 152 152 152 152 152
203 203 203 203 203 203 203 203 203 203 203 203 117 117 117 117 117 117 117 117 117 20 20 20 19 19 19 19 19 19 19 19 19 19 19 19 19 19 19 19 19 19 51 51 51 51 51 51 51 51 51 51 51 51 51 51 51 51 51 51 51 51 51 51 51 51 51 50 50 50 50 50 50 152 152 152 152 152 152 152 152 152 152 152 152 152 152 152 152 152 152 152 152 152 152 152
203 203 203 203 203 203 203 203 203 203 203 203 203 117 117 117 117 117 117 117 117 20 20 20 20 20 20 20 20 20 20 20 20 20 20 20 20 19 19 19 19 51 51 51 51 51 51 51 51 51 51 51 51 51 51 51 51 51 51 51 51 51 51 51 51 51 51 51 51 51 51 153 153 153 153 153 152 152 152 152 152 152 152 152 152 152 152 152 152 152 152 152 152 152 152 152
203 203 203 203 203 203 203 203 203 203 203 203 203 117 117 117 117 117 117 117 117 20 20 20 20 20 20 20 20 20 20 20 20 20 20 20 20 20 20 20 52 52 52 52 52 52 52 52 51 51 51 51 51 51 51 51 51 51 51 51 51 51 51 51 51 51 51 51 51 51 153 153 153 153 153 153 153 153 153 153 153 153 153 152 152 152 152 152 152 152 152 152 152 152 152 152
204 204 204 204 204 203 203 203 203 203 203 203 203 203 117 117 117 117 117 117 117 117 20 20 20 20 20 20 20 20 20 20 20 20 20 20 20 20 20 52 52 52 52 52 52 52 52 52 52 52 52 52 52 52 52 52 52 52 51 51 51 51 51 51 51 51 51 51 153 153 153 153 153 153 153 153 153 153 153 153 153 153 153 153 153 153 153 153 153 153 153 152 152 152 152 152
204 204 204 204 204 204 204 204 204 204 204 204 204 204 204 118 118 118 118 118 118 117 20 20 20 20 20 20 20 20 20 20 20 20 20 20 20 20 52 52 52 52 52 52 52 52 52 52 52 52 52 52 52 52 52 52 52 52 52 52 52 52 52 52 52 52 154 153 153 153 153 153 153 153 153 153 153 153 153 153 153 153 153 153 153 153 153 153 153 153 153 153 153 153 153 153
204 204 204 204 204 204 204 204 204 204 204 204 204 204 204 204 118 118 118 118 118 118 21 21 21 21 21 21 21 21 21 21 21 21 20 20 20 52 52 52 52 52 52 52 52 52 52 52 52 52 52 52 52 52 52 52 52 52 52 52 52 52 52 52 52 154 154 154 154 154 154 154 154 154 154 153 153 153 153 153 153 153 153 153 153 153 153 153 153 153 153 153 153 153 153 153
204 204 204 204 204 204 204 204 204 204 204 204 204 204 204 204 118 118 118 118 118 118 21 21 21 21 21 21 21 21 21 21 21 21 21 21 53 53 53 53 53 53 53 53 53 52 52 52 52 52 52 52 52 52 52 52 52 52 52 52 52 52 52 154 154 154 154 154 154 154 154 154 154 154 154 154 154 154 154 154 154 154 154 153 153 153 153 153 153 153 153 153 153 153 153 153
204 204 204 204 204 204 204 204 204 204 204 204 204 204 204 204 204 118 118 118 118 118 21 21 21 21 21 21 21 21 21 21 21 21 21 53 53 53 53 53 53 53 53 53 53 53 53 53 53 53 53 53 53 53 53 52 52 52 52 52 52 52 154 154 154 154 154 154 154 154 154 154 154 154 154 154 154 154 154 154 154 154 154 154 154 154 154 154 154 154 153 153 153 153 153 153
205 205 205 205 205 205 205 205 205 205 205 205 204 262 204 204 204 204 118 118 118 118 21 21 21 21 21 21 21 21 21 21 21 21 53 53 53 53 53 53 53 53 53 53 53 53 53 53 53 53 53 53 53 53 53 53 53 53 53 53 155 155 155 155 154 154 154 154 154 154 154 154 154 154 154 154 154 154 154 154 154 154 154 154 154 154 154 154 154 154 154 154 154 154 154 154
205 205 205 205 205 205 205 205 263 263 263 263 263 263 263 263 263 263 177 119 119 119 119 22 22 22 21 21 21 21 21 21 21 53 53 53 53 53 53 53 53 53 53 53 53 53 53 53 53 53 53 53 53 53 53 53 53 53 53 155 155 155 155 155 155 155 155 155 155 155 155 155 154 154 154 154 154 154 154 154 154 154 154 154 154 154 154 154 154 154 154 154 154 154 154 154
205 205 205 205 205 263 263 263 263 263 263 263 263 263 263 263 263 263 263 177 177 177 119 22 22 22 22 22 22 22 22 22 54 54 54 54 54 53 53 53 53 53 53 53 53 53 53 53 53 53 53 53 53 53 53 53 53 155 155 155 155 155 155 155 155 155 155 155 155 155 155 155 155 155 155 155 155 155 155 154 154 154 154 154 154 154 154 154 154 154 154 154 154 154 154 154
205 205 205 205 263 263 263 263 263 263 263 263 263 263 263 263 263 263 263 263 177 177 177 22 22 22 22 22 22 22 22 54 54 54 54 54 54 54 54 54 54 54 54 54 54 54 54 54 53 53 53 53 53 53 53 155 155 155 155 155 155 155 155 155 155 155 155 155 155 155 155 155 155 155 155 155 155 155 155 155 155 155 155 155 155 155 154 154 154 154 154 154 154 154 154 154
205 205 263 263 263 263 263 263 263 263 263 263 263 263 263 263 263 263 263 263 177 177 177 80 80 22 22 22 22 22 54 54 54 54 54 54 54 54 54 54 54 54 54 54 54 54 54 54 54 54 54 54 54 54 156 156 155 155 155 155 155 155 155 155 155 155 155 155 155 155 155 155 155 155 155 155 155 155 155 155 155 155 155 155 155 155 155 155 155 155 155 155 154 154 154 154
206 264 264 264 264 264 264 264 264 264 263 263 263 263 263 263 263 263 263 263 263 177 177 80 80 80 22 22 22 54 54 54 54 54 54 54 54 54 54 54 54 54 54 54 54 54 54 54 54 54 54 54 156 156 156 156 156 156 156 156 156 156 156 156 156 155 155 155 155 155 155 155 155 155 155 155 155 155 155 155 155 155 155 155 155 155 155 155 155 155 155 155 155 155 155 155
264 264 264 264 264 264 264 264 264 264 264 264 264 264 264 264 264 264 264 264 264 178 178 81 80 80 80 22 22 54 54 54 54 54 54 54 54 54 54 54 54 54 54 54 54 54 54 54 54 54 54 156 156 156 156 156 156 156 156 156 156 156 156 156 156 156 156 156 156 156 156 156 155 155 155 155 155 155 155 155 155 155 155 155 155 155 155 155 155 155 155 155 155 155 155 155
264 264 264 264 264 264 264 264 264 264 264 264 264 264 264 264 264 264 264 264 264 264 178 81 81 81 81 81 55 55 55 55 55 55 55 54 54 54 54 54 54 54 54 54 54 54 54 54 54 156 156 156 156 156 156 156 156 156 156 156 156 156 156 156 156 156 156 156 156 156 156 156 156 156 156 156 156 156 156 155 155 155 155 155 155 155 155 155 155 155 155 155 155 155 155 155
264 264 264 264 264 264 264 264 264 264 264 264 264 264 264 264 264 264 264 264 264 264 264 81 81 81 81 113 113 55 55 55 55 55 55 55 55 55 55 55 55 55 55 55 55 54 54 54 156 156 156 156 156 156 156 156 156 156 156 156 156 156 156 156 156 156 156 156 156 156 156 156 156 156 156 156 156 156 156 156 156 156 156 156 156 156 155 155 155 155 155 155 155 155 155 289
264 264 264 264 264 264 264 264 264 264 264 264 264 264 264 264 264 264 264 264 264 264 264 81 81 81 113 113 113 113 55 55 55 55 55 55 55 55 55 55 55 55 55 55 55 55 157 157 157 157 157 157 157 157 156 156 156 156 156 156 156 156 156 156 156 156 156 156 156 156 156 156 156 156 156 156 156 156 156 156 156 156 156 156 156 156 156 156 156 156 156 156 155 289 289 289
264 264 264 264 264 264 264 264 264 264 264 264 264 264 264 264 264 264 264 264 264 264 264 167 81 113 113 113 113 113 113 55 55 55 55 55 55 55 55 55 55 55 55 55 55 157 157 157 157 157 157 157 157 157 157 157 157 157 157 157 157 156 156 156 156 156 156 156 156 156 156 156 156 156 156 156 156 156 156 156 156 156 156 156 156 156 156 156 156 156 156 156 290 290 290 290
265 265 265 265 265 265 265 265 265 265 265 265 265 265 265 264 264 264 264 264 264 264 264 167 113 113 113 113 113 113 113 113 55 55 55 55 55 55 55 55 55 55 55 55 157 157 157 157 157 157 157 157 157 157 157 157 157 157 157 157 157 157 157 157 157 157 157 157 157 156 156 156 156 156 156 156 156 156 156 156 156 156 156 156 156 156 156 156 156 156 156 290 290 290 290 290
265 265 265 265 265 265 265 265 265 265 265 265 265 265 265 265 265 265 265 265 265 265 265 200 200 114 114 113 113 113 113 113 113 55 55 55 55 55 55 55 55 55 157 157 157 157 157 157 157 157 157 157 157 157 157 157 157 157 157 157 157 157 157 157 157 157 157 157 157 157 157 157 157 157 157 156 156 156 156 156 156 156 156 156 156 156 156 156 156 290 290 290 290 290 290 290
265 265 265 265 265 265 265 265 265 265 265 265 265 265 265 265 265 265 265 265 265 265 297 200 200 200 114 114 114 114 114 114 114 114 56 56 56 55 55 55 55 157 157 157 157 157 157 157 157 157 157 157 157 157 157 157 157 157 157 157 157 157 157 157 157 157 157 157 157 157 157 157 157 157 157 157 157 157 157 157 157 157 156 156 156 156 156 156 290 290 290 290 290 290 290 290
265 265 265 265 265 265 265 265 265 265 265 265 265 265 265 265 265 265 265 265 265 265 297 200 200 200 114 114 114 114 114 114 114 114 56 56 56 56 56 158 158 158 158 158 158 158 157 157 157 157 157 157 157 157 157 157 157 157 157 157 157 157 157 157 157 157 157 157 157 157 157 157 157 157 157 157 157 157 157 157 157 157 157 157 157 157 157 291 290 290 290 290 290 290 290 290
265 265 265 265 265 265 265 265 265 265 265 265 265 265 265 265 265 265 265 265 265 297 297 200 200 200 200 114 114 114 114 114 114 114 114 56 56 56 158 158 158 158 158 158 158 158 158 158 158 158 158 158 158 158 157 157 157 157 157 157 157 157 157 157 157 157 157 157 157 157 157 157 157 157 157 157 157 157 157 157 157 157 157 157 157 291 291 291 291 291 291 291 291 290 290 290
265 265 265 265 265 265 265 265 265 265 265 265 265 265 265 265 265 265 265 265 297 297 297 200 200 200 200 114 114 114 114 114 114 114 114 114 56 158 158 158 158 158 158 158 158 158 158 158 158 158 158 158 158 158 158 158 158 158 158 158 158 157 157 157 157 157 157 157 157 157 157 157 157 157 157 157 157 157 157 157 157 157 157 157 291 291 291 291 291 291 291 291 291 291 291 291
266 266 266 266 266 266 266 266 266 265 265 265 265 265 265 265 265 265 265 297 297 297 297 200 200 200 200 200 114 114 114 114 114 114 114 216 216 158 158 158 158 158 158 158 158 158 158 158 158 158 158 158 158 158 158 158 158 158 158 158 158 158 158 158 158 158 158 158 157 157 157 157 157 157 157 157 157 157 157 157 157 157 157 291 291 291 291 291 291 291 291 291 291 291 291 291
266 266 266 266 266 266 266 266 266 266 266 266 266 266 266 266 266 266 298 298 298 297 297 200 200 200 200 200 114 114 114 114 114 114 216 216 216 158 158 158 158 158 158 158 158 158 158 158 158 158 158 158 158 158 158 158 158 158 158 158 158 158 158 158 158 158 158 158 158 158 158 158 158 158 157 157 157 157 157 157 157 291 291 291 291 291 291 291 291 291 291 291 291 291 291 291
266 266 266 266 266 266 266 266 266 266 266 266 266 266 266 266 266 298 298 298 298 298 298 201 201 201 201 201 201 115 115 114 114 216 216 216 216 216 158 158 158 158 158 158 158 158 158 158 158 158 158 158 158 158 158 158 158 158 158 158 158 158 158 158 158 158 158 158 158 158 158 158 158 158 158 158 158 158 158 158 291 291 291 291 291 291 291 291 291 291 291 291 291 291 291 291
266 266 266 266 266 266 266 266 266 266 266 266 266 266 266 266 266 298 298 298 298 298 298 201 201 201 201 201 201 115 115 217 217 217 217 217 217 217 159 159 158 158 158 158 158 158 158 158 158 158 158 158 158 158 158 158 158 158 158 158 158 158 158 158 158 158 158 158 158 158 158 158 158 158 158 158 158 158 158 292 292 292 292 292 292 291 291 291 291 291 291 291 291 291 291 291
266 266 266 266 266 266 266 266 266 266 266 266 266 266 266 266 298 298 298 298 298 298 298 201 201 201 201 201 201 201 217 217 217 217 217 217 217 217 217 159 159 159 159 159 159 159 159 159 158 158 158 158 158 158 158 158 158 158 158 158 158 158 158 158 158 158 158 158 158 158 158 158 158 158 158 158 158 292 292 292 292 292 292 292 292 292 292 292 292 292 292 291 291 291 291 291
266 266 266 266 266 266 266 266 266 266 266 266 266 266 266 298 298 298 298 298 298 298 298 201 201 201 201 201 201 303 217 217 217 217 217 217 217 217 217 217 159 159 159 159 159 159 159 159 159 159 159 159 159 159 159 158 158 158 158 158 158 158 158 158 158 158 158 158 158 158 158 158 158 158 158 158 292 292 292 292 292 292 292 292 292 292 292 292 292 292 292 292 292 292 292 291
266 266 266 266 266 266 266 266 266 266 266 266 266 266 298 298 298 298 298 298 298 298 298 201 201 201 201 303 303 303 303 217 217 217 217 217 217 217 217 217 159 159 159 159 159 159 159 159 159 159 159 159 159 159 159 159 159 159 159 159 159 158 158 158 158 158 158 158 158 158 158 158 158 158 158 292 292 292 292 292 292 292 292 292 292 292 292 292 292 292 292 292 292 292 292 293
267 267 267 267 267 266 266 266 266 266 266 266 266 298 298 298 298 298 298 298 298 298 298 201 201 201 303 303 303 303 303 217 217 217 217 217 217 217 217 217 217 159 159 159 159 159 159 159 159 159 159 159 159 159 159 159 159 159 159 159 159 159 159 159 159 159 159 159 158 158 158 158 158 158 292 292 292 292 292 292 292 292 292 292 292 292 292 292 292 292 292 292 292 292 293 293
267 267 267 267 267 267 267 267 267 267 267 267 267 299 299 299 299 298 298 298 298 298 298 201 201 303 303 303 303 303 303 303 217 217 217 217 217 217 217 217 217 159 159 159 159 159 159 159 159 159 159 159 159 159 159 159 159 159 159 159 159 159 159 159 159 159 159 159 159 159 159 159 293 292 292 292 292 292 292 292 292 292 292 292 292 292 292 292 292 292 292 292 292 293 293 293
267 267 267 267 267 267 267 267 267 267 267 267 299 299 299 299 299 299 299 299 299 299 299 304 304 304 303 303 303 303 303 303 217 217 217 217 217 217 217 217 217 217 159 159 159 159 159 159 159 159 159 159 159 159 159 159 159 159 159 159 159 159 159 159 159 159 159 159 159 159 159 293 293 293 293 293 293 293 292 292 292 292 292 292 292 292 292 292 292 292 292 292 293 293 293 294
267 267 267 267 267 267 267 267 267 267 267 299 299 299 299 299 299 299 299 299 299 299 401 304 304 304 304 304 304 304 304 304 304 218 218 217 217 217 217 217 217 217 159 159 159 159 159 159 159 159 159 159 159 159 159 159 159 159 159 159 159 159 159 159 159 159 159 159 159 159 293 293 293 293 293 293 293 293 293 293 293 293 293 292 292 292 292 292 292 292 292 293 293 294 294 294
267 267 267 267 267 267 267 267 267 267 299 299 299 299 299 299 299 299 299 299 299 401 401 304 304 304 304 304 304 304 304 304 304 218 218 218 218 218 218 218 218 218 217 159 159 159 159 159 159 159 159 159 159 159 159 159 159 159 159 159 159 159 159 159 159 159 159 159 159 293 293 293 293 293 293 293 293 293 293 293 293 293 293 293 293 293 293 293 292 292 293 293 294 294 294 295
267 267 267 267 267 267 267 267 267 267 299 299 299 299 299 299 299 299 299 299 401 401 401 304 304 304 304 304 304 304 304 304 304 304 218 218 218 218 218 218 218 218 218 160 160 160 160 160 160 159 159 159 159 159 159 159 159 159 159 159 159 159 159 159 159 159 159 293 293 293 293 293 293 293 293 293 293 293 293 293 293 293 293 293 293 293 293 293 293 294 294 295 295 294 295 295
267 267 267 267 267 267 267 267 267 299 299 299 299 300 299 299 299 299 401 401 401 401 401 304 304 304 304 304 304 304 304 304 304 304 218 218 218 218 218 218 218 218 218 218 160 160 160 160 160 160 160 160 160 160 160 159 159 159 159 159 159 159 159 159 159 159 293 293 293 293 293 293 293 293 293 293 293 293 293 293 293 293 293 293 293 293 293 293 294 294 295 295 295 296 296 297
267 267 267 267 267 267 267 267 300 300 300 300 300 300 300 300 300 402 402 401 401 401 401 304 304 304 304 304 304 304 304 304 304 304 218 218 218 218 218 218 218 218 218 218 160 160 160 160 160 160 160 160 160 160 160 160 160 160 160 160 160 159 159 159 159 293 293 293 293 293 293 293 293 293 293 293 293 293 293 293 293 293 293 293 293 293 293 294 294 295 295 295 296 296 297 297
