testData/tiles/oneDegreeCosts/grid24.0-44.0-25.0-45.0.asc
ncols   200
nrows   200
xllcorner   24.0
yllcorner   44.0
cellsize   0.005
NODATA_value   -9999.0
[rows 0 to 41 of 200, columns 94 to 187 of 200]
234 235 236 236 238 239 240 241 242 243 244 245 246 246 247 248 248 250 251 251 252 253 254 254 256 257 257 258 258 259 259 261 261 262 262 263 264 264 265 265 267 267 268 268 268 269 269 270 270 271 273 273 273 274 274 274 275 275 275 277 277 277 278 223 223 223 223 223 223 223 223 223 223 223 223 223 223 223 223 223 223 223 223 223 223 223 223 223 223 223 223 223 223 223
233 234 235 236 237 238 238 241 242 243 243 244 245 246 247 248 248 249 249 250 252 253 254 254 255 255 256 257 258 258 259 259 260 260 261 263 264 264 265 265 266 266 266 268 268 269 269 269 270 270 272 272 272 274 274 274 275 275 275 276 276 276 277 223 223 223 223 223 223 223 223 223 223 223 223 223 223 223 223 223 223 223 223 223 223 223 223 223 223 223 223 223 223 223
233 233 234 236 237 237 238 240 241 242 243 244 244 245 246 246 248 249 249 250 250 252 253 254 255 255 256 256 257 257 259 259 260 260 261 261 263 263 265 265 265 266 266 267 267 267 268 269 270 270 271 272 272 272 273 273 274 274 275 276 276 276 277 223 223 223 223 223 223 223 223 223 223 223 223 223 223 223 223 223 223 223 223 223 223 223 223 223 223 223 223 223 223 223
234 234 234 235 235 236 238 240 240 241 242 243 244 245 246 246 247 247 248 250 250 251 252 253 253 254 256 256 257 257 258 258 259 259 261 261 262 263 263 264 264 265 266 267 267 267 268 268 268 269 270 271 272 272 273 273 273 274 274 274 275 275 275 277 223 223 223 223 223 223 223 223 223 223 223 223 223 223 223 223 223 223 223 223 223 223 223 223 223 223 223 223 223 223
235 235 235 235 235 236 237 239 240 241 242 242 243 244 244 246 247 247 248 248 249 250 252 253 253 254 254 255 255 257 257 258 258 259 259 260 261 263 263 264 264 265 265 265 266 266 268 268 268 269 269 270 271 271 272 272 273 274 274 274 275 275 275 276 223 223 223 223 223 223 223 223 223 223 223 223 223 223 223 223 223 223 223 223 223 223 223 223 223 223 223 223 223 223
236 236 235 235 235 236 237 237 239 240 240 242 243 244 244 245 245 246 248 248 249 249 251 252 252 254 254 255 255 256 256 257 257 259 259 260 261 262 262 262 263 264 265 265 266 266 266 267 267 268 269 270 271 271 271 272 272 272 273 273 273 275 275 275 223 223 223 223 223 223 223 223 223 223 223 223 223 223 223 223 223 223 223 223 223 223 223 223 223 223 223 223 223 223
236 237 236 236 235 235 235 237 239 240 240 241 242 242 244 245 245 246 246 247 248 249 251 251 252 253 253 254 255 256 256 257 257 258 258 259 260 261 262 262 263 263 264 264 264 266 266 267 267 267 268 269 270 270 270 272 272 272 273 273 273 274 274 274 223 223 223 223 223 223 223 223 223 223 223 223 223 223 223 223 223 223 223 223 223 223 223 223 223 223 223 223 223 223
238 237 237 236 237 235 235 236 238 238 240 241 241 242 243 243 244 246 246 247 247 248 250 250 252 252 253 253 254 254 255 255 257 257 258 258 259 260 261 261 263 263 263 264 264 265 265 265 266 267 268 269 269 270 270 270 271 271 271 272 273 273 274 274 223 223 223 223 223 223 223 223 223 223 223 223 223 223 223 223 223 223 223 223 223 223 223 223 223 223 223 223 223 223
239 239 238 237 236 235 235 236 237 238 239 240 240 242 243 243 244 244 245 246 247 248 248 250 251 251 252 253 254 254 255 255 256 256 257 258 259 260 261 261 261 262 262 263 264 265 265 265 266 266 266 267 268 269 270 270 271 271 271 272 272 272 273 273 223 223 223 223 223 223 223 223 223 223 223 223 223 223 223 223 223 223 223 223 223 223 223 223 223 223 223 223 223 223
240 239 237 237 237 236 235 234 236 238 239 239 240 241 241 242 244 244 245 246 246 247 247 250 250 251 252 252 253 253 255 255 256 256 257 257 257 259 259 261 261 262 262 263 263 263 264 264 266 266 266 267 268 268 269 269 270 270 271 272 272 272 273 273 223 223 223 223 223 223 223 223 223 223 223 223 223 223 223 223 223 223 223 223 223 223 223 223 223 223 223 223 223 223
240 239 238 237 237 237 235 234 235 237 237 238 240 240 241 242 242 243 244 245 246 247 247 249 249 250 251 252 252 253 253 254 254 255 256 257 257 258 259 260 260 261 261 262 263 263 264 264 264 265 265 266 268 268 269 269 269 270 270 270 271 271 271 272 223 223 223 223 223 223 223 223 223 223 223 223 223 223 223 223 223 223 223 223 223 223 223 223 223 223 223 223 223 223
240 239 239 238 237 235 234 234 235 236 237 238 239 239 240 242 242 243 244 244 245 245 247 248 249 250 250 251 251 253 253 254 254 255 255 256 256 257 259 260 260 260 261 261 262 262 262 264 264 265 265 265 266 267 268 268 268 270 270 270 271 271 271 272 223 223 223 223 223 223 223 223 223 223 223 223 223 223 223 223 223 223 223 223 223 223 223 223 223 223 223 223 223 223
241 240 239 238 237 236 235 234 234 235 236 238 238 239 240 240 241 242 243 244 245 245 246 246 248 249 250 250 251 252 252 253 253 255 255 256 256 256 258 258 259 260 261 261 261 262 262 263 263 263 264 265 266 267 267 268 268 268 269 269 269 270 271 271 223 223 223 223 223 223 223 223 223 223 223 223 223 223 223 223 223 223 223 223 223 223 223 223 223 223 223 223 223 223
240 240 238 237 236 235 234 234 233 235 236 236 237 238 240 240 241 241 242 243 243 245 246 246 248 248 249 249 251 251 252 252 253 253 254 254 256 256 257 258 259 259 259 260 260 262 262 263 263 263 264 264 264 265 266 267 268 268 269 269 269 270 270 270 223 223 223 223 223 223 223 223 223 223 223 223 223 223 223 223 223 223 223 223 223 223 223 223 223 223 223 223 223 223
239 238 237 237 236 235 234 232 232 233 236 236 237 238 238 239 240 241 242 243 243 244 244 245 247 248 249 249 250 250 251 251 253 253 254 254 255 255 256 257 258 259 259 260 260 261 261 261 262 262 264 264 264 265 266 266 267 267 267 268 268 269 270 270 223 223 223 223 223 223 223 223 223 223 223 223 223 223 223 223 223 223 223 223 223 223 223 223 223 223 223 223 223 223
239 238 237 236 235 233 233 232 232 233 234 235 236 237 238 239 239 240 241 241 243 244 244 245 246 247 247 249 249 250 251 251 252 252 253 254 254 255 255 257 257 258 258 259 260 260 261 261 262 262 262 263 263 264 266 266 267 267 267 268 268 268 269 269 223 223 223 223 223 223 223 223 223 223 223 223 223 223 223 223 223 223 223 223 223 223 223 223 223 223 223 223 223 223
238 237 237 236 234 233 232 231 231 232 234 235 236 236 237 238 239 240 241 241 242 242 243 245 245 247 247 248 248 249 249 251 251 252 252 253 253 254 254 256 257 258 258 258 259 259 260 260 260 262 262 263 263 263 264 265 265 266 266 267 268 268 268 269 223 223 223 223 223 223 223 223 223 223 223 223 223 223 223 223 223 223 223 223 223 223 223 223 223 223 223 223 223 223
237 236 234 233 232 232 231 230 230 231 233 234 235 236 237 237 238 239 239 241 242 242 243 243 244 245 247 248 248 249 249 250 250 251 252 253 253 254 254 254 256 256 257 258 259 259 259 260 260 261 261 261 262 263 264 265 265 266 266 266 267 267 267 268 223 223 223 223 223 223 223 223 223 223 223 223 223 223 223 223 223 223 223 223 223 223 223 223 223 223 223 223 223 223
234 234 233 232 231 231 230 228 230 231 232 233 234 235 235 237 238 238 239 240 240 241 243 243 244 245 246 246 247 248 249 249 250 250 251 251 252 252 254 254 256 256 257 257 257 258 258 260 260 261 261 261 262 262 262 263 264 264 266 266 266 267 267 267 223 223 223 223 223 223 223 223 223 223 223 223 223 223 223 223 223 223 223 223 223 223 223 223 223 223 223 223 223 223
233 232 231 230 231 229 228 228 229 230 230 233 234 235 235 236 237 237 239 240 240 241 241 242 243 244 246 246 247 247 248 248 249 250 251 251 252 252 253 253 254 255 256 257 257 258 258 259 259 259 260 260 261 262 262 263 264 264 265 265 265 266 266 267 223 223 223 223 223 223 223 223 223 223 223 223 223 223 223 223 223 223 223 223 223 223 223 223 223 223 223 223 223 223
231 231 230 229 228 227 226 228 229 229 230 232 233 233 235 236 236 237 238 238 239 241 241 242 242 243 244 245 247 247 248 248 249 249 250 250 251 252 253 253 253 255 255 256 256 257 258 258 259 259 260 260 260 261 261 261 262 264 264 265 265 265 266 266 223 223 223 223 223 223 223 223 223 223 223 223 223 223 223 223 223 223 223 223 223 223 223 223 223 223 223 223 223 223
229 227 227 227 227 226 226 227 227 228 230 231 232 233 234 234 235 237 237 238 239 239 240 241 242 243 244 245 245 246 246 247 248 249 249 250 250 251 251 252 252 254 255 256 256 256 257 257 258 258 258 260 260 261 261 261 262 262 263 264 264 264 266 266 223 223 223 223 223 223 223 223 223 223 223 223 223 223 223 223 223 223 223 223 223 223 223 223 223 223 223 223 223 223
226 226 225 225 224 224 226 226 227 228 229 229 232 233 234 234 235 236 236 237 239 239 240 240 241 241 242 245 245 246 246 247 247 248 248 249 250 251 251 252 252 252 254 254 255 256 257 257 257 258 258 259 259 259 260 261 261 262 263 264 264 264 265 265 223 223 223 223 223 223 223 223 223 223 223 223 223 223 223 223 223 223 223 223 223 223 223 223 223 223 223 223 223 223
223 223 224 223 223 223 224 225 226 228 228 229 231 232 232 234 235 235 236 237 237 238 239 240 241 241 242 243 244 244 245 247 247 248 248 249 249 249 250 250 252 252 253 254 255 255 255 256 256 258 258 258 259 259 260 260 260 261 261 262 263 264 264 265 223 223 223 223 223 223 223 223 223 223 223 223 223 223 223 223 223 223 223 223 223 223 223 223 223 223 223 223 223 223
222 222 221 220 221 223 224 225 226 226 227 229 230 231 232 233 233 234 235 236 237 238 238 239 239 240 242 242 244 244 245 245 246 246 248 248 249 249 250 250 251 251 252 253 254 255 255 256 256 256 257 257 258 258 259 260 260 260 261 262 263 263 263 264 223 223 223 223 223 223 223 223 223 223 223 223 223 223 223 223 223 223 223 223 223 223 223 223 223 223 223 223 223 223
219 219 219 220 221 222 223 224 225 226 227 228 228 230 232 233 233 234 235 235 236 236 238 239 239 240 240 241 243 243 245 245 246 246 247 247 248 248 250 250 251 251 251 252 253 254 254 255 256 256 257 257 257 258 258 259 259 259 260 261 262 263 263 263 223 223 223 223 223 223 223 223 223 223 223 223 223 223 223 223 223 223 223 223 223 223 223 223 223 223 223 223 223 223
219 219 219 219 221 222 222 223 224 225 227 227 228 230 231 231 232 233 234 235 236 236 237 237 238 240 240 241 241 243 243 244 244 246 246 247 247 248 248 249 249 250 251 252 253 254 254 254 255 255 256 256 256 258 258 258 259 259 259 260 260 262 262 223 223 223 223 223 223 223 223 223 223 223 223 223 223 223 223 223 223 223 223 223 223 223 223 223 223 223 223 223 223 223
219 219 219 219 220 220 222 223 224 225 225 226 227 229 230 231 232 232 233 234 234 236 237 237 238 238 239 240 240 243 243 244 244 245 245 246 246 248 248 249 249 250 250 250 251 252 253 254 255 255 255 256 256 257 257 257 258 258 259 260 260 261 262 223 223 223 223 223 223 223 223 223 223 223 223 223 223 223 223 223 223 223 223 223 223 223 223 223 223 223 223 223 223 223
219 219 219 219 219 220 221 222 223 224 225 226 227 227 229 230 232 232 233 234 234 235 235 236 238 238 239 239 240 241 242 243 244 245 245 246 246 247 247 247 248 249 250 250 251 252 253 253 253 254 254 256 256 256 257 257 257 258 258 259 259 259 261 223 223 223 223 223 223 223 223 223 223 223 223 223 223 223 223 223 223 223 223 223 223 223 223 223 223 223 223 223 223 223
219 219 219 219 219 220 221 222 222 223 224 225 226 227 228 230 230 231 232 232 234 235 235 236 236 237 238 239 240 240 242 242 243 243 244 244 246 246 247 247 248 248 249 249 250 251 252 253 253 254 254 254 255 255 256 256 257 258 258 258 259 259 259 223 223 223 223 223 223 223 223 223 223 223 223 223 223 223 223 223 223 223 223 223 223 223 223 223 223 223 223 223 223 223
219 219 219 219 219 219 219 220 222 223 224 224 225 226 227 229 230 231 231 232 233 233 234 236 236 237 237 238 239 239 241 242 243 243 244 244 245 245 246 246 248 248 248 249 249 250 250 252 252 252 254 254 255 255 255 256 256 256 257 257 258 258 259 223 223 223 223 223 223 223 223 223 223 223 223 223 223 223 223 223 223 223 223 223 223 223 223 223 223 223 223 223 223 223
219 219 219 219 219 219 219 220 221 222 222 224 225 226 226 228 229 230 230 232 233 233 234 234 235 236 237 238 238 239 239 241 241 242 242 244 244 245 245 246 246 247 247 248 249 250 250 251 252 252 253 253 253 254 254 256 256 256 257 257 257 258 223 223 223 223 223 223 223 223 223 223 223 223 223 223 223 223 223 223 223 223 223 223 223 223 223 223 223 223 223 223 223 223
219 219 219 219 219 219 219 220 221 221 222 223 224 224 226 227 229 229 230 231 231 232 234 234 235 235 236 237 267 239 239 241 241 242 242 243 243 244 244 246 246 247 247 248 248 248 249 249 251 252 252 253 253 254 254 254 255 255 255 256 257 258 223 223 223 223 223 223 223 223 223 223 223 223 223 223 223 223 223 223 223 223 223 223 223 223 223 223 223 223 223 223 223 223
219 219 219 219 219 219 219 219 219 220 222 223 253 254 255 256 257 259 260 260 261 262 262 263 264 265 266 266 267 267 268 269 270 271 272 273 273 274 274 275 275 275 276 277 278 248 249 249 250 251 251 252 252 252 254 254 255 255 255 256 256 256 223 223 223 223 223 223 223 223 223 223 223 223 223 223 223 223 223 223 223 223 223 223 223 223 223 223 223 223 223 223 223 223
219 219 219 219 219 245 247 248 249 250 251 251 252 254 255 255 256 258 258 259 260 261 262 263 263 264 264 265 266 267 268 268 269 270 271 271 272 272 274 274 275 275 276 276 277 277 277 279 279 281 281 281 252 252 253 253 253 254 254 255 256 256 223 223 223 223 223 223 223 223 223 223 223 223 223 223 223 223 223 223 223 223 223 223 223 223 223 223 223 223 223 223 223 223
238 239 242 243 244 245 246 247 248 250 250 251 252 253 253 254 256 258 258 259 260 260 261 261 263 264 264 265 265 266 267 267 268 270 271 271 272 272 273 273 274 274 276 276 276 277 277 278 278 279 280 280 282 282 282 283 283 254 254 254 255 223 223 223 223 223 223 223 223 223 223 223 223 223 223 223 223 223 223 223 223 223 223 223 223 223 223 223 223 223 223 223 223 223
238 239 241 242 243 245 246 247 247 248 249 250 252 252 253 254 255 255 257 258 259 260 261 261 262 262 263 264 265 266 266 267 267 268 269 270 271 272 272 273 273 274 274 275 275 276 277 277 278 278 279 280 281 281 281 282 282 283 284 284 284 223 223 223 223 223 223 223 223 223 223 223 223 223 223 223 223 223 223 223 223 223 223 223 223 223 223 223 223 223 223 223 223 223
237 239 240 242 243 243 244 245 247 248 249 250 250 251 252 254 254 255 257 257 258 259 259 261 262 262 263 263 264 265 265 267 267 268 269 270 270 271 271 272 272 274 274 275 275 275 276 276 277 277 278 280 280 281 281 281 282 282 283 283 283 223 223 223 223 223 223 223 223 223 223 223 223 223 223 223 223 223 223 223 223 223 223 223 223 223 223 223 223 223 223 223 223 223
236 237 238 240 242 243 244 245 246 247 248 249 250 251 252 252 253 254 254 257 258 258 259 260 260 261 262 263 264 264 265 265 266 266 267 270 270 271 271 272 272 272 273 273 274 275 276 276 277 277 277 278 279 280 280 280 282 282 282 283 223 223 223 223 223 223 223 223 223 223 223 223 223 223 223 223 223 223 223 223 223 223 223 223 223 223 223 223 223 223 223 223 223 223
236 237 238 239 241 242 243 245 246 246 247 248 249 250 251 252 253 254 254 256 257 257 259 260 260 261 261 262 263 263 265 265 266 266 267 267 269 269 270 271 272 272 273 273 274 274 274 275 275 276 277 278 278 279 280 280 280 281 281 282 223 223 223 223 223 223 223 223 223 223 223 223 223 223 223 223 223 223 223 223 223 223 223 223 223 223 223 223 223 223 223 223 223 223
234 236 237 239 241 242 242 243 244 245 247 248 249 249 250 251 252 252 254 255 256 257 258 258 259 261 261 262 262 263 263 264 265 265 267 267 269 269 270 270 271 271 271 272 273 274 274 275 275 276 276 276 277 277 279 280 280 281 281 223 223 223 223 223 223 223 223 223 223 223 223 223 223 223 223 223 223 223 223 223 223 223 223 223 223 223 223 223 223 223 223 223 223 223
234 235 236 237 238 240 242 243 244 245 246 246 247 249 250 251 251 252 253 253 255 257 257 258 259 259 260 260 261 263 263 264 264 265 265 266 266 268 269 270 270 271 271 272 272 273 273 274 275 275 276 276 277 277 277 279 279 279 280 223 223 223 223 223 223 223 223 223 223 223 223 223 223 223 223 223 223 223 223 223 223 223 223 223 223 223 223 223 223 223 223 223 223 223
