testData/tiles/oneDegreeCosts/grid4.0-42.0-5.0-43.0.asc
ncols   200
nrows   200
xllcorner   4.0
yllcorner   42.0
cellsize   0.005
NODATA_value   -9999.0
[rows 84 to 125 of 200, columns 0 to 93 of 200]
601 602 602 601 602 602 602 603 603 604 604 605 605 604 604 605 605 590 590 590 590 590 590 590 590 590 590 590 591 592 592 592 592 593 593 593 593 594 590 590 590 590 591 591 592 592 592 592 593 593 593 594 594 594 594 595 595 595 595 596 596 596 596 597 597 597 597 597 597 597 598 598 598 598 599 599 599 600 600 605 605 606 606 606 606 606 602 602 603 603 603 602 603 603
602 602 602 603 603 603 603 604 604 604 604 605 605 606 605 590 590 590 590 590 590 590 590 590 590 590 591 591 591 592 592 592 592 593 593 594 594 594 594 590 591 591 591 591 592 592 592 592 593 593 593 594 594 594 594 595 596 596 596 597 597 597 597 598 597 597 598 598 598 598 599 599 599 599 600 600 600 600 600 605 605 606 606 606 606 606 606 606 603 603 603 603 604 604
602 602 603 604 604 604 603 604 604 604 605 606 606 606 590 590 590 590 590 590 590 590 591 591 590 590 591 591 591 593 593 593 593 594 594 593 593 594 594 594 595 591 591 591 593 593 593 593 594 594 594 595 595 595 595 596 596 596 596 597 597 597 598 597 597 597 598 598 598 598 599 599 599 599 600 600 600 601 601 606 606 607 607 606 606 607 607 607 608 607 603 603 604 604
603 603 603 604 604 604 605 606 605 605 605 606 606 590 590 590 590 590 590 590 590 590 591 591 592 591 592 592 592 593 593 593 593 593 593 593 594 595 595 595 596 596 592 592 593 593 593 593 594 594 594 595 595 595 595 596 596 596 596 597 598 598 598 598 598 598 599 599 599 599 600 600 600 599 600 600 600 601 601 606 606 607 606 606 606 607 607 607 608 608 608 608 605 605
603 603 603 605 605 605 605 606 606 606 606 590 590 590 590 590 590 590 591 591 591 591 592 592 592 592 593 592 592 593 594 594 593 594 594 594 594 595 595 595 596 596 596 596 593 594 594 594 595 595 595 596 596 596 596 597 597 597 597 598 597 597 598 598 598 598 599 599 599 599 600 600 600 600 601 601 601 602 602 607 607 607 607 607 607 608 608 608 608 608 608 608 609 609
604 604 604 605 605 605 605 607 607 607 590 590 590 590 590 591 591 591 592 592 592 591 592 592 592 593 594 594 593 594 593 593 593 594 594 594 594 596 596 596 597 597 597 597 598 594 594 594 595 595 595 596 596 596 596 597 597 597 597 597 597 597 598 598 598 598 599 599 599 599 600 600 600 600 601 601 601 602 602 607 607 607 607 607 607 608 608 608 609 609 609 609 610 610
605 605 604 605 606 606 606 607 590 590 590 591 591 590 590 591 591 591 592 592 593 593 593 593 593 593 594 594 593 594 593 594 594 595 595 595 595 596 596 596 597 597 597 597 598 598 598 595 596 596 596 597 597 597 597 598 598 598 597 598 598 598 599 599 599 599 600 600 600 600 601 601 601 601 602 602 602 603 603 607 607 608 608 608 608 609 608 608 609 609 609 609 610 610
605 606 606 607 606 606 606 590 590 590 590 591 591 591 591 591 592 592 593 593 593 593 594 594 593 593 594 594 594 595 595 595 594 595 595 595 595 596 596 597 598 598 598 598 599 599 599 599 596 596 596 597 597 597 597 598 597 597 597 598 598 598 598 599 599 599 600 600 600 600 601 601 601 601 602 602 602 603 603 607 607 608 608 608 608 609 609 609 610 610 610 610 611 611
606 606 606 606 607 590 590 590 590 590 590 591 592 592 592 593 592 592 593 593 593 594 595 594 594 593 594 594 594 595 595 595 596 596 596 596 596 597 597 597 598 598 598 598 599 599 599 599 600 597 597 598 598 598 598 598 598 598 598 599 599 599 599 600 600 600 601 601 601 601 602 602 602 602 603 603 603 603 603 603 608 609 609 609 608 609 609 609 610 610 610 610 611 611
606 607 607 607 590 590 590 590 590 591 591 592 592 592 592 593 593 594 594 594 594 594 594 594 594 594 595 595 595 596 596 596 596 597 596 596 596 597 597 597 599 599 599 599 600 600 600 600 601 601 601 598 598 598 598 598 598 598 598 599 599 599 599 600 600 600 601 601 601 601 602 602 602 602 603 603 603 603 603 603 608 609 609 609 609 610 610 610 611 611 611 611 612 611
607 607 590 590 590 591 591 592 592 591 591 592 592 593 593 594 594 594 594 594 594 594 595 595 595 595 596 596 596 596 596 596 596 598 598 598 597 598 598 598 599 599 599 599 600 600 600 600 601 601 601 602 598 598 598 599 599 599 599 600 600 600 600 601 601 601 602 602 602 602 603 603 603 603 604 603 603 604 604 604 609 610 609 609 609 610 610 610 611 611 611 611 612 611
607 590 590 590 591 591 591 592 592 592 592 593 593 593 593 593 593 593 595 595 595 594 595 595 595 595 596 596 597 598 597 597 597 598 598 598 598 598 598 598 598 599 600 600 601 601 601 601 602 602 601 601 602 602 598 599 599 599 599 600 600 600 600 601 601 601 602 602 602 602 603 603 603 603 603 603 603 604 604 604 609 610 610 610 610 611 611 611 611 612 612 611 611 611
590 590 590 590 591 591 592 593 593 593 593 594 593 593 593 594 594 594 595 595 595 595 596 596 596 596 597 597 597 598 598 598 597 598 598 599 599 600 600 599 599 600 600 600 601 601 601 601 601 601 601 601 602 602 603 600 600 600 600 601 601 601 601 602 602 602 603 603 603 603 604 604 603 603 604 604 604 604 605 604 609 610 610 610 610 611 611 611 611 612 611 611 612 612
591 590 590 591 592 592 592 593 593 593 593 594 594 593 593 594 594 594 595 596 596 596 597 597 596 596 597 597 597 598 599 599 599 599 599 599 599 600 600 600 599 600 600 601 602 602 602 601 602 602 602 602 603 603 603 604 600 600 600 601 601 601 601 602 602 602 602 603 603 603 604 603 603 603 604 604 604 604 605 605 610 611 611 611 611 612 612 612 612 612 611 611 612 612
592 592 591 591 592 592 592 593 593 593 593 594 594 594 594 595 595 595 595 596 596 596 597 597 598 598 598 598 598 598 599 599 599 600 599 599 600 601 601 601 601 602 601 601 602 601 601 601 602 602 602 602 603 603 603 603 604 605 601 602 602 602 602 603 603 603 603 604 604 603 604 604 604 604 605 605 604 604 605 605 610 611 611 611 611 612 612 612 612 612 612 612 612 613
591 591 591 591 592 592 592 592 593 593 593 595 595 595 595 596 595 595 595 596 597 597 598 598 598 598 599 598 598 598 600 600 600 601 601 601 600 601 601 601 601 602 602 601 601 602 602 602 603 603 603 603 604 604 604 604 605 605 605 602 602 602 602 603 603 603 603 604 603 603 604 604 604 604 605 605 605 605 606 606 606 611 612 612 612 613 613 612 612 612 612 612 612 613
591 592 592 592 593 593 592 592 594 594 594 595 595 595 595 596 597 597 596 597 597 597 598 598 598 599 600 600 600 599 600 600 600 601 601 601 601 602 602 602 602 602 602 602 602 602 602 602 603 603 603 603 604 604 604 604 605 605 605 606 602 602 603 604 604 604 603 604 604 604 604 604 604 604 605 605 605 605 606 606 606 611 612 612 612 613 612 612 612 613 613 613 613 614
592 592 592 592 593 594 594 593 594 594 594 595 596 596 596 597 597 597 597 598 597 598 599 599 599 599 600 600 600 600 600 601 601 601 602 602 602 603 603 602 602 602 602 602 602 603 603 603 604 604 604 604 605 605 605 605 606 606 606 607 607 607 603 604 604 603 603 604 604 604 604 605 605 605 606 606 606 606 607 607 607 612 613 613 612 613 613 612 612 613 613 613 613 610
592 592 593 593 594 594 594 594 595 595 595 596 596 596 596 597 597 598 598 599 599 598 598 599 599 599 601 601 601 601 602 601 601 601 602 602 602 602 603 603 602 603 603 603 603 604 604 603 604 604 604 604 605 605 605 605 606 606 606 606 607 607 607 603 603 603 603 604 604 604 604 605 605 605 606 606 606 606 607 607 607 612 613 612 612 612 613 613 613 614 614 614 614 611
593 593 593 593 594 594 595 595 596 596 595 595 596 597 597 598 598 598 598 599 599 599 600 600 600 600 601 601 601 601 602 602 603 602 602 602 602 603 603 603 603 604 603 603 603 604 604 604 605 605 605 605 606 606 606 606 607 607 607 607 608 607 607 608 604 604 604 605 605 605 605 606 606 606 606 607 607 607 608 608 608 613 613 613 613 612 613 613 613 613 614 614 611 611
593 593 593 594 595 595 595 595 596 596 597 597 597 597 597 598 598 598 599 600 600 600 600 601 600 600 601 602 602 602 603 603 602 602 602 602 602 602 603 603 604 605 605 604 604 605 605 605 605 606 605 605 606 606 606 606 607 607 607 607 607 607 607 607 608 604 604 605 605 605 605 606 606 606 606 607 607 607 608 608 608 612 613 613 613 613 614 614 614 614 615 615 611 611
593 594 594 594 595 595 595 596 597 597 597 597 598 597 598 599 599 599 599 600 600 600 600 602 602 602 601 602 602 602 602 602 602 602 604 604 603 603 604 604 604 605 605 605 604 605 605 605 605 606 607 606 606 607 607 607 608 608 607 607 608 608 608 608 609 609 609 606 606 606 606 607 607 607 607 608 608 608 608 608 608 613 614 613 613 613 614 614 614 614 615 611 611 611
594 594 594 594 596 596 596 596 597 597 597 598 599 599 599 599 599 599 599 601 601 601 601 602 602 602 601 601 602 602 603 603 603 603 604 604 604 603 604 604 604 605 606 606 606 607 606 606 606 607 607 607 607 607 607 607 607 607 607 607 608 608 608 608 609 609 609 609 606 606 606 607 607 607 607 608 608 608 608 608 608 608 613 614 614 614 615 615 615 615 616 612 611 611
594 596 595 595 596 596 596 597 598 598 598 598 599 599 599 600 601 600 600 601 601 601 601 601 602 602 602 603 603 602 603 603 603 603 604 605 605 605 606 605 605 605 606 606 606 607 607 606 606 607 607 607 608 609 607 607 607 608 608 608 609 609 609 609 610 610 610 610 611 607 607 608 608 608 608 609 608 608 608 609 609 608 613 614 614 614 614 615 615 615 612 612 612 612
595 596 596 596 596 597 597 597 598 598 598 598 600 600 600 600 601 601 600 601 601 601 601 602 602 602 602 603 603 604 603 604 604 604 605 605 605 605 606 606 605 605 606 607 607 607 608 608 607 608 608 608 608 608 608 607 607 608 608 608 609 609 609 609 610 610 610 610 611 611 607 607 608 608 608 608 608 608 608 609 609 609 614 615 615 615 615 616 616 612 612 612 612 612
595 596 597 597 597 598 597 597 599 599 599 599 600 600 600 600 602 601 601 601 601 601 601 602 602 603 603 604 604 604 604 604 604 604 605 605 606 606 607 607 607 606 607 607 607 607 608 608 608 609 608 608 608 608 608 609 609 609 609 609 609 610 610 610 611 611 611 611 612 612 612 612 609 608 608 608 609 609 608 609 609 609 614 615 615 615 615 616 616 612 612 612 612 612
596 597 597 597 597 599 599 598 598 599 599 599 601 600 600 600 601 601 601 601 602 602 602 603 603 603 603 604 604 604 605 606 606 605 605 606 606 606 607 607 607 607 608 607 608 608 609 609 608 608 609 608 608 609 609 609 609 610 609 609 609 610 610 610 610 611 611 611 612 612 612 612 612 608 608 608 609 609 609 609 610 610 615 616 616 616 616 617 613 612 612 612 612 612
596 597 598 598 598 599 599 599 598 599 599 599 600 600 600 600 601 602 602 602 603 603 603 603 603 603 604 605 605 605 605 606 606 606 605 606 606 607 607 608 608 608 609 609 608 608 608 608 608 608 609 609 608 609 609 609 609 610 611 610 610 611 611 611 611 612 612 612 612 612 612 612 613 613 609 608 609 609 609 609 610 610 615 615 616 616 616 617 612 612 612 613 613 613
597 598 598 598 598 598 599 599 599 600 599 599 599 601 601 601 602 602 602 602 603 603 604 604 604 604 604 605 605 605 605 606 607 607 607 608 607 607 607 608 608 608 609 609 608 608 609 609 609 609 610 610 610 610 610 610 610 611 611 611 610 611 611 611 611 612 612 612 612 612 612 612 613 613 613 609 610 610 610 610 611 611 616 616 617 617 617 612 612 612 612 613 613 613
596 596 597 598 598 599 599 599 599 600 601 601 600 601 601 601 602 602 603 603 604 604 604 604 605 604 604 605 606 606 606 607 607 607 607 608 608 607 608 609 609 608 608 609 609 609 610 609 609 609 610 610 610 610 611 610 610 610 611 611 611 612 611 612 612 613 612 612 612 613 612 612 612 613 613 613 613 610 610 610 611 611 611 616 617 616 616 612 613 613 613 613 614 614
596 597 598 598 598 599 599 600 600 601 601 601 601 601 602 602 602 603 603 603 604 604 604 605 606 606 606 605 606 606 606 606 607 608 608 609 609 609 608 608 608 608 608 609 609 609 609 611 610 610 611 611 611 611 612 612 611 611 612 612 612 612 613 612 612 612 612 612 612 613 613 613 613 614 614 614 614 615 611 611 611 612 612 616 617 617 612 612 613 613 613 613 614 614
597 597 598 598 599 599 600 600 600 601 601 602 602 603 603 602 602 603 603 604 605 605 605 605 606 606 606 606 607 607 607 607 608 608 608 609 608 608 608 609 609 609 609 610 610 610 610 611 611 610 610 611 611 611 612 612 612 612 612 612 612 612 612 612 612 612 612 612 612 613 613 613 613 614 614 614 614 615 615 611 611 612 612 616 616 613 613 613 614 614 614 614 615 614
598 598 599 599 599 599 600 600 601 602 602 602 602 603 603 604 603 604 604 604 604 605 605 606 607 607 607 607 608 608 607 607 608 608 608 608 609 609 609 610 610 609 609 610 610 610 610 611 611 612 612 612 612 612 613 613 613 613 614 613 612 612 613 613 613 612 613 613 613 613 614 614 614 615 615 615 615 616 616 616 611 612 612 617 616 613 613 613 613 614 614 614 614 615
599 599 599 599 599 600 601 601 601 601 602 602 603 604 604 604 604 605 604 604 605 606 606 606 606 607 607 607 608 609 608 607 608 608 608 608 609 609 609 609 610 611 610 611 611 611 611 612 612 612 612 613 612 612 612 613 613 613 613 613 612 612 613 613 613 613 614 613 613 613 614 614 614 614 615 615 615 615 615 615 615 612 612 617 614 614 614 614 614 615 615 615 614 615
599 599 601 601 600 600 601 601 601 602 603 603 603 603 604 604 605 606 606 605 605 606 606 606 607 608 607 607 607 608 608 608 608 608 608 609 610 610 610 610 611 611 611 611 611 611 611 612 612 612 612 614 614 613 613 614 613 613 613 614 614 613 613 614 614 614 615 615 614 614 615 615 615 615 616 616 616 615 616 616 616 616 612 617 614 614 614 614 614 615 615 615 615 616
600 600 601 601 601 600 602 602 602 602 603 603 603 604 605 605 605 606 606 606 606 607 607 606 606 607 607 607 607 608 609 609 610 610 609 609 610 610 610 610 611 611 612 612 613 612 612 612 613 613 613 614 614 613 613 613 613 613 613 614 614 614 614 614 614 614 614 615 615 614 615 615 615 615 616 615 615 615 616 616 616 616 617 614 614 614 615 615 615 615 616 615 615 615
600 600 600 602 602 602 603 602 602 602 604 604 604 604 605 605 605 606 607 606 606 607 606 606 606 608 608 608 608 609 609 609 609 610 610 609 611 611 611 611 612 612 612 612 613 613 612 612 613 613 613 613 613 614 614 615 614 614 614 615 615 615 615 616 615 615 615 616 616 616 615 616 616 615 615 616 616 616 617 617 616 616 614 614 618 614 615 615 615 615 616 615 615 615
601 601 601 602 602 602 602 604 603 603 604 604 604 604 606 605 605 605 606 606 606 607 608 608 607 608 608 608 608 609 609 610 610 611 611 611 611 611 611 611 612 612 612 612 614 614 614 614 614 613 613 613 614 614 614 614 615 614 614 614 615 615 615 616 616 615 615 616 616 616 616 615 615 615 615 616 616 616 616 617 617 617 614 614 619 619 615 616 616 615 615 615 615 615
601 601 601 602 603 603 603 604 604 604 604 604 604 604 605 605 605 605 607 607 607 607 608 608 608 608 609 609 609 610 610 610 610 611 611 611 611 613 612 612 612 613 613 613 613 614 614 614 614 613 613 613 614 614 614 614 616 616 615 615 616 616 616 616 617 617 616 617 617 616 616 617 617 616 616 617 617 616 616 617 617 614 614 614 619 619 619 615 615 615 615 616 616 616
601 602 602 603 602 602 602 603 604 604 604 604 604 604 606 606 606 606 607 607 607 607 609 609 609 609 609 609 609 609 610 610 611 612 612 612 612 613 613 612 612 613 613 613 613 614 614 614 614 615 614 614 615 615 615 615 616 616 616 615 616 616 616 616 617 617 617 616 616 616 616 616 617 617 616 616 617 617 617 618 618 614 614 615 620 619 619 620 615 615 615 616 616 616
601 601 601 602 602 603 603 604 604 604 604 606 606 605 605 606 606 606 607 608 608 608 609 609 609 609 610 611 610 610 611 611 611 611 612 612 612 613 614 614 612 613 613 613 613 614 614 614 614 615 615 614 614 615 615 615 615 616 616 617 618 617 617 617 618 617 617 617 618 617 617 617 618 618 617 616 617 617 617 617 614 614 614 614 614 619 619 619 620 616 616 616 617 617
601 601 602 602 603 603 603 604 605 605 605 606 606 606 605 607 607 607 607 608 608 608 609 610 610 610 611 611 611 610 611 611 611 612 613 613 613 612 613 613 613 613 613 613 613 614 614 615 615 616 616 616 616 616 616 616 616 617 617 617 617 618 617 617 617 617 617 617 618 618 617 617 618 618 618 618 618 618 618 614 615 615 614 614 615 620 619 619 620 620 616 616 617 617
