testData/tiles/oneDegreeCosts/grid49.0-25.0-50.0-26.0.asc
ncols   200
nrows   200
xllcorner   49.0
yllcorner   25.0
cellsize   0.005
NODATA_value   -9999.0
[rows 126 to 167 of 200, columns 94 to 187 of 200]
487 487 487 486 486 485 485 485 484 484 483 483 483 482 482 481 481 481 480 480 479 479 479 478 478 477 477 477 476 476 475 475 474 474 474 473 473 472 472 471 471 470 470 469 469 469 468 468 467 467 466 466 465 465 464 464 463 463 462 462 461 461 460 460 459 459 458 457 457 456 456 455 455 454 454 453 453 452 451 451 450 450 449 448 448 447 447 446 445 445 444 444 443 442
487 487 486 486 486 485 485 485 484 484 483 483 483 482 482 481 481 481 480 480 479 479 479 478 478 477 477 476 476 476 475 475 474 474 473 473 473 472 472 471 471 470 470 469 469 468 468 467 467 466 466 466 465 465 464 464 463 463 462 462 461 461 460 459 459 458 458 457 457 456 456 455 455 454 454 453 452 452 451 451 450 450 449 448 448 447 447 446 445 445 444 443 443 442
487 487 486 486 486 485 485 484 484 484 483 483 482 482 482 481 481 480 480 480 479 479 478 478 478 477 477 476 476 475 475 475 474 474 473 473 472 472 471 471 471 470 470 469 469 468 468 467 467 466 466 465 465 464 464 463 463 462 462 461 461 460 460 459 459 458 458 457 457 456 456 455 454 454 453 453 452 452 451 451 450 449 449 448 448 447 446 446 445 445 444 443 443 442
487 487 486 486 485 485 485 484 484 484 483 483 482 482 482 481 481 480 480 480 479 479 478 478 477 477 477 476 476 475 475 474 474 474 473 473 472 472 471 471 470 470 470 469 469 468 468 467 467 466 466 465 465 464 464 463 463 462 462 461 461 460 460 459 459 458 458 457 457 456 455 455 454 454 453 453 452 452 451 450 450 449 449 448 447 447 446 446 445 444 444 443 443 442
487 486 486 486 485 485 485 484 484 483 483 483 482 482 481 481 481 480 480 479 479 479 478 478 477 477 477 476 476 475 475 474 474 473 473 473 472 472 471 471 470 470 469 469 468 468 468 467 467 466 466 465 465 464 464 463 463 462 462 461 461 460 460 459 459 458 457 457 456 456 455 455 454 454 453 453 452 451 451 450 450 449 449 448 447 447 446 446 445 444 444 443 442 442
487 486 486 486 485 485 484 484 484 483 483 483 482 482 481 481 481 480 480 479 479 478 478 478 477 477 476 476 476 475 475 474 474 473 473 472 472 472 471 471 470 470 469 469 468 468 467 467 466 466 465 465 465 464 464 463 463 462 462 461 460 460 459 459 458 458 457 457 456 456 455 455 454 454 453 452 452 451 451 450 450 449 448 448 447 447 446 445 445 444 444 443 442 442
487 486 486 485 485 485 484 484 484 483 483 482 482 482 481 481 480 480 480 479 479 478 478 478 477 477 476 476 475 475 475 474 474 473 473 472 472 471 471 471 470 470 469 469 468 468 467 467 466 466 465 465 464 464 463 463 462 462 461 461 460 460 459 459 458 458 457 457 456 456 455 454 454 453 453 452 452 451 451 450 449 449 448 448 447 446 446 445 445 444 443 443 442 441
486 486 486 485 485 485 484 484 483 483 483 482 482 481 481 481 480 480 479 479 479 478 478 477 477 477 476 476 475 475 474 474 474 473 473 472 472 471 471 470 470 469 469 469 468 468 467 467 466 466 465 465 464 464 463 463 462 462 461 461 460 460 459 459 458 458 457 457 456 455 455 454 454 453 453 452 452 451 450 450 449 449 448 447 447 446 446 445 444 444 443 443 442 441
486 486 486 485 485 484 484 484 483 483 483 482 482 481 481 481 480 480 479 479 479 478 478 477 477 476 476 476 475 475 474 474 473 473 473 472 472 471 471 470 470 469 469 468 468 467 467 467 466 466 465 465 464 464 463 463 462 462 461 461 460 460 459 459 458 457 457 456 456 455 455 454 454 453 453 452 451 451 450 450 449 448 448 447 447 446 446 445 444 444 443 442 442 441
486 486 485 485 485 484 484 484 483 483 482 482 482 481 481 480 480 480 479 479 478 478 478 477 477 476 476 475 475 475 474 474 473 473 472 472 472 471 471 470 470 469 469 468 468 467 467 466 466 465 465 464 464 463 463 462 462 461 461 460 460 459 459 458 458 457 457 456 456 455 455 454 453 453 452 452 451 451 450 450 449 448 448 447 447 446 445 445 444 443 443 442 442 441
486 486 485 485 485 484 484 483 483 483 482 482 481 481 481 480 480 479 479 479 478 478 477 477 477 476 476 475 475 474 474 474 473 473 472 472 471 471 470 470 470 469 469 468 468 467 467 466 466 465 465 464 464 463 463 462 462 461 461 460 460 459 459 458 458 457 457 456 456 455 454 454 453 453 452 452 451 451 450 449 449 448 448 447 446 446 445 445 444 443 443 442 441 441
486 486 485 485 484 484 484 483 483 483 482 482 481 481 481 480 480 479 479 479 478 478 477 477 476 476 476 475 475 474 474 473 473 473 472 472 471 471 470 470 469 469 468 468 468 467 467 466 466 465 465 464 464 463 463 462 462 461 461 460 460 459 459 458 458 457 456 456 455 455 454 454 453 453 452 451 451 450 450 449 449 448 447 447 446 446 445 444 444 443 443 442 441 441
486 485 485 485 484 484 484 483 483 482 482 482 481 481 480 480 480 479 479 478 478 478 477 477 476 476 475 475 475 474 474 473 473 472 472 472 471 471 470 470 469 469 468 468 467 467 466 466 465 465 465 464 464 463 463 462 462 461 461 460 459 459 458 458 457 457 456 456 455 455 454 454 453 452 452 451 451 450 450 449 448 448 447 447 446 445 445 444 444 443 442 442 441 440
486 485 485 485 484 484 483 483 483 482 482 481 481 481 480 480 479 479 479 478 478 477 477 477 476 476 475 475 474 474 474 473 473 472 472 471 471 470 470 470 469 469 468 468 467 467 466 466 465 465 464 464 463 463 462 462 461 461 460 460 459 459 458 458 457 457 456 456 455 455 454 453 453 452 452 451 451 450 449 449 448 448 447 446 446 445 445 444 443 443 442 442 441 440
486 485 485 484 484 484 483 483 483 482 482 481 481 481 480 480 479 479 479 478 478 477 477 476 476 476 475 475 474 474 473 473 473 472 472 471 471 470 470 469 469 469 468 468 467 467 466 466 465 465 464 464 463 463 462 462 461 461 460 460 459 459 458 458 457 457 456 455 455 454 454 453 453 452 452 451 450 450 449 449 448 448 447 446 446 445 445 444 443 443 442 441 441 440
485 485 485 484 484 484 483 483 482 482 482 481 481 480 480 480 479 479 478 478 478 477 477 476 476 475 475 475 474 474 473 473 472 472 472 471 471 470 470 469 469 468 468 467 467 466 466 466 465 465 464 464 463 463 462 462 461 461 460 460 459 458 458 457 457 456 456 455 455 454 454 453 453 452 451 451 450 450 449 449 448 447 447 446 446 445 444 444 443 442 442 441 441 440
485 485 485 484 484 483 483 483 482 482 481 481 481 480 480 479 479 479 478 478 477 477 477 476 476 475 475 474 474 474 473 473 472 472 471 471 470 470 470 469 469 468 468 467 467 466 466 465 465 464 464 463 463 462 462 461 461 460 460 459 459 458 458 457 457 456 456 455 455 454 453 453 452 452 451 451 450 450 449 448 448 447 447 446 445 445 444 444 443 442 442 441 440 440
485 485 484 484 484 483 483 482 482 482 481 481 481 480 480 479 479 479 478 478 477 477 476 476 476 475 475 474 474 473 473 473 472 472 471 471 470 470 469 469 469 468 468 467 467 466 466 465 465 464 464 463 463 462 462 461 461 460 460 459 459 458 458 457 457 456 455 455 454 454 453 453 452 452 451 450 450 449 449 448 448 447 446 446 445 445 444 443 443 442 441 441 440 440
485 485 484 484 483 483 483 482 482 482 481 481 480 480 480 479 479 478 478 478 477 477 476 476 475 475 475 474 474 473 473 472 472 472 471 471 470 470 469 469 468 468 467 467 466 466 466 465 465 464 464 463 463 462 462 461 461 460 460 459 459 458 457 457 456 456 455 455 454 454 453 453 452 451 451 450 450 449 449 448 447 447 446 446 445 444 444 443 443 442 441 441 440 439
485 484 484 484 483 483 483 482 482 481 481 481 480 480 479 479 479 478 478 477 477 477 476 476 475 475 474 474 474 473 473 472 472 471 471 470 470 470 469 469 468 468 467 467 466 466 465 465 464 464 463 463 462 462 461 461 460 460 459 459 458 458 457 457 456 456 455 455 454 454 453 452 452 451 451 450 450 449 448 448 447 447 446 445 445 444 444 443 442 442 441 440 440 439
485 484 484 484 483 483 482 482 482 481 481 480 480 480 479 479 478 478 478 477 477 476 476 476 475 475 474 474 473 473 473 472 472 471 471 470 470 469 469 468 468 468 467 467 466 466 465 465 464 464 463 463 462 462 461 461 460 460 459 459 458 458 457 457 456 456 455 454 454 453 453 452 452 451 451 450 449 449 448 448 447 446 446 445 445 444 443 443 442 442 441 440 440 439
485 484 484 483 483 483 482 482 481 481 481 480 480 480 479 479 478 478 477 477 477 476 476 475 475 475 474 474 473 473 472 472 471 471 471 470 470 469 469 468 468 467 467 466 466 465 465 465 464 464 463 463 462 462 461 461 460 460 459 459 458 457 457 456 456 455 455 454 454 453 453 452 451 451 450 450 449 449 448 447 447 446 446 445 444 444 443 443 442 441 441 440 439 439
484 484 484 483 483 482 482 482 481 481 481 480 480 479 479 479 478 478 477 477 476 476 476 475 475 474 474 474 473 473 472 472 471 471 470 470 470 469 469 468 468 467 467 466 466 465 465 464 464 463 463 462 462 461 461 460 460 459 459 458 458 457 457 456 456 455 455 454 454 453 452 452 451 451 450 450 449 448 448 447 447 446 445 445 444 444 443 442 442 441 440 440 439 439
484 484 483 483 483 482 482 482 481 481 480 480 480 479 479 478 478 478 477 477 476 476 475 475 475 474 474 473 473 472 472 472 471 471 470 470 469 469 468 468 468 467 467 466 466 465 465 464 464 463 463 462 462 461 461 460 460 459 459 458 458 457 457 456 455 455 454 454 453 453 452 452 451 451 450 449 449 448 448 447 446 446 445 445 444 443 443 442 442 441 440 440 439 438
484 484 483 483 483 482 482 481 481 481 480 480 479 479 479 478 478 477 477 477 476 476 475 475 474 474 474 473 473 472 472 471 471 471 470 470 469 469 468 468 467 467 466 466 465 465 464 464 464 463 463 462 462 461 461 460 460 459 458 458 457 457 456 456 455 455 454 454 453 453 452 451 451 450 450 449 449 448 447 447 446 446 445 444 444 443 443 442 441 441 440 439 439 438
426 484 483 483 482 482 482 481 481 480 480 480 479 479 478 478 478 477 477 476 476 476 475 475 474 474 473 473 473 472 472 471 471 470 470 469 469 469 468 468 467 467 466 466 465 465 464 464 463 463 462 462 461 461 460 460 459 459 458 458 457 457 456 456 455 455 454 453 453 452 452 451 451 450 450 449 448 448 447 447 446 445 445 444 444 443 442 442 441 440 440 439 439 438
426 425 483 483 482 482 481 481 481 480 480 479 479 479 478 478 477 477 477 476 476 475 475 475 474 474 473 473 472 472 472 471 471 470 470 469 469 468 468 467 467 467 466 466 465 465 464 464 463 463 462 462 461 461 460 460 459 459 458 458 457 457 456 455 455 454 454 453 453 452 452 451 450 450 449 449 448 448 447 446 446 445 445 444 443 443 442 442 441 440 440 439 438 438
426 425 425 482 482 482 481 481 481 480 480 479 479 479 478 478 477 477 476 476 476 475 475 474 474 474 473 473 472 472 471 471 470 470 470 469 469 468 468 467 467 466 466 465 465 464 464 463 463 462 462 461 461 460 460 459 459 458 458 457 457 456 456 455 455 454 454 453 453 452 451 451 450 450 449 449 448 447 447 446 446 445 444 444 443 443 442 441 441 440 439 439 438 437
425 425 425 424 482 482 481 481 480 480 480 479 479 478 478 478 477 477 476 476 475 475 475 474 474 473 473 472 472 472 471 471 470 470 469 469 468 468 468 467 467 466 466 465 465 464 464 463 463 462 462 461 461 460 460 459 459 458 458 457 457 456 456 455 455 454 453 453 452 452 451 451 450 450 449 448 448 447 447 446 445 445 444 444 443 442 442 441 440 440 439 439 438 437
425 425 424 424 424 481 481 481 480 480 479 479 479 478 478 477 477 477 476 476 475 475 474 474 474 473 473 472 472 471 471 471 470 470 469 469 468 468 467 467 466 466 465 465 465 464 464 463 463 462 462 461 461 460 460 459 459 458 458 457 456 456 455 455 454 454 453 453 452 452 451 450 450 449 449 448 448 447 446 446 445 445 444 443 443 442 442 441 440 440 439 438 438 437
425 425 424 424 424 423 423 480 480 480 479 479 478 478 478 477 477 476 476 476 475 475 474 474 473 473 473 472 472 471 471 470 470 469 469 469 468 468 467 467 466 466 465 465 464 464 463 463 462 462 461 461 460 460 459 459 458 458 457 457 456 456 455 455 454 454 453 452 452 451 451 450 450 449 449 448 447 447 446 446 445 444 444 443 443 442 441 441 440 439 439 438 437 437
425 425 424 424 423 423 423 422 480 479 479 479 478 478 477 477 477 476 476 475 475 475 474 474 473 473 472 472 471 471 471 470 470 469 469 468 468 467 467 467 466 466 465 465 464 464 463 463 462 462 461 461 460 460 459 459 458 458 457 457 456 456 455 454 454 453 453 452 452 451 451 450 449 449 448 448 447 447 446 445 445 444 444 443 442 442 441 440 440 439 439 438 437 437
425 424 424 424 423 423 422 422 422 479 479 478 478 478 477 477 476 476 476 475 475 474 474 473 473 473 472 472 471 471 470 470 470 469 469 468 468 467 467 466 466 465 465 464 464 463 463 462 462 461 461 460 460 459 459 458 458 457 457 456 456 455 455 454 454 453 453 452 451 451 450 450 449 449 448 448 447 446 446 445 445 444 443 443 442 441 441 440 440 439 438 438 437 436
425 424 424 423 423 423 422 422 421 421 421 478 478 477 477 477 476 476 475 475 475 474 474 473 473 472 472 472 471 471 470 470 469 469 468 468 468 467 467 466 466 465 465 464 464 463 463 462 462 461 461 460 460 459 459 458 458 457 457 456 456 455 455 454 453 453 452 452 451 451 450 450 449 448 448 447 447 446 446 445 444 444 443 442 442 441 441 440 439 439 438 437 437 436
424 424 424 423 423 422 422 422 421 421 420 420 478 477 477 476 476 476 475 475 474 474 474 473 473 472 472 471 471 470 470 470 469 469 468 468 467 467 466 466 465 465 464 464 464 463 463 462 462 461 461 460 460 459 459 458 458 457 456 456 455 455 454 454 453 453 452 452 451 451 450 449 449 448 448 447 446 446 445 445 444 443 443 442 442 441 440 440 439 438 438 437 436 436
424 424 423 423 423 422 422 421 421 421 420 420 419 477 477 476 476 475 475 475 474 474 473 473 472 472 472 471 471 470 470 469 469 468 468 468 467 467 466 466 465 465 464 464 463 463 462 462 461 461 460 460 459 459 458 458 457 457 456 456 455 455 454 454 453 453 452 451 451 450 450 449 449 448 447 447 446 446 445 444 444 443 443 442 441 441 440 439 439 438 438 437 436 436
424 424 423 423 422 422 422 421 421 420 420 420 419 419 418 476 476 475 475 474 474 474 473 473 472 472 471 471 471 470 470 469 469 468 468 467 467 466 466 466 465 465 464 464 463 463 462 462 461 461 460 460 459 459 458 458 457 457 456 456 455 454 454 453 453 452 452 451 451 450 449 449 448 448 447 447 446 445 445 444 444 443 442 442 441 441 440 439 439 438 437 437 436 435
424 423 423 423 422 422 421 421 421 420 420 419 419 419 418 418 475 475 475 474 474 473 473 473 472 472 471 471 470 470 469 469 469 468 468 467 467 466 466 465 465 464 464 463 463 462 462 461 461 460 460 459 459 458 458 457 457 456 456 455 455 454 454 453 453 452 452 451 450 450 449 449 448 448 447 446 446 445 445 444 443 443 442 442 441 440 440 439 438 438 437 436 436 435
424 423 423 422 422 422 421 421 420 420 420 419 419 418 418 418 417 417 474 474 474 473 473 472 472 471 471 471 470 470 469 469 468 468 467 467 466 466 466 465 465 464 464 463 463 462 462 461 461 460 460 459 459 458 458 457 457 456 456 455 455 454 453 453 452 452 451 451 450 450 449 448 448 447 447 446 446 445 444 444 443 443 442 441 441 440 439 439 438 437 437 436 435 435
423 423 423 422 422 421 421 421 420 420 420 419 419 418 418 417 417 417 416 474 473 473 473 472 472 471 471 470 470 469 469 469 468 468 467 467 466 466 465 465 464 464 463 463 462 462 462 461 461 460 460 459 458 458 457 457 456 456 455 455 454 454 453 453 452 452 451 450 450 449 449 448 448 447 446 446 445 445 444 443 443 442 442 441 440 440 439 438 438 437 437 436 435 435
423 423 422 422 422 421 421 420 420 420 419 419 418 418 418 417 417 416 416 416 415 473 472 472 471 471 471 470 470 469 469 468 468 467 467 467 466 466 465 465 464 464 463 463 462 462 461 461 460 460 459 459 458 458 457 457 456 456 455 455 454 454 453 452 452 451 451 450 450 449 449 448 447 447 446 446 445 444 444 443 443 442 441 441 440 440 439 438 438 437 436 436 435 434
423 423 422 422 421 421 421 420 420 419 419 419 418 418 417 417 417 416 416 415 415 415 414 472 471 471 470 470 469 469 469 468 468 467 467 466 466 465 465 464 464 463 463 463 462 462 461 461 460 460 459 459 458 458 457 456 456 455 455 454 454 453 453 452 452 451 451 450 449 449 448 448 447 447 446 445 445 444 444 443 442 442 441 441 440 439 439 438 437 437 436 435 435 434
