testData/tiles/oneDegreeCosts/grid39.0-34.0-40.0-35.0.asc
ncols   200
nrows   200
xllcorner   39.0
yllcorner   34.0
cellsize   0.005
NODATA_value   -9999.0
[rows 42 to 83 of 200, columns 0 to 93 of 200]
738 739 741 742 742 742 744 744 744 745 746 746 746 747 749 749 750 750 751 752 752 752 754 754 754 754 756 756 757 758 759 759 759 760 761 761 761 762 762 763 764 764 764 765 765 766 766 767 767 769 769 769 770 770 771 771 772 772 773 773 773 774 774 774 775 776 791 791 791 791 793 793 793 793 793 794 794 795 795 795 796 796 796 796 796 797 745 745 745 745 746 746 746 746
738 740 741 741 741 743 743 743 744 745 745 746 746 748 749 749 749 751 751 751 752 753 753 753 754 755 755 757 757 758 758 759 759 760 760 761 761 762 763 763 763 763 764 765 765 765 766 768 768 768 769 770 770 770 770 771 772 772 772 773 773 774 774 774 775 775 790 791 791 792 792 792 792 793 794 794 794 794 795 795 795 795 796 797 797 797 744 744 745 745 745 745 745 746
740 740 740 741 742 742 743 743 744 745 745 746 748 748 748 750 750 750 750 751 752 752 753 753 754 754 756 756 757 758 758 758 759 760 760 760 761 762 762 762 764 764 764 764 764 767 767 767 767 769 769 769 769 770 771 771 771 771 772 773 773 773 773 774 775 775 790 791 791 791 791 792 793 793 793 793 793 794 795 795 795 795 796 796 796 796 744 744 745 745 745 745 746 746
739 739 740 741 741 742 743 743 744 744 745 747 747 747 749 749 749 750 751 751 752 752 753 753 754 755 755 757 757 757 757 759 759 759 759 761 761 761 761 763 763 763 763 765 766 766 766 767 768 768 768 769 770 770 770 770 771 772 772 772 772 773 774 774 774 774 790 790 791 791 792 792 792 792 793 794 794 794 794 794 795 795 795 796 796 797 797 744 744 744 745 745 745 745
739 739 740 741 741 742 743 743 743 745 746 746 747 748 748 749 749 750 750 751 751 752 753 753 754 756 756 756 756 758 758 758 758 759 760 760 760 761 762 762 762 763 765 765 765 766 767 767 767 768 768 769 769 769 770 771 771 771 771 772 773 773 773 773 774 775 775 790 790 791 791 792 792 792 793 793 793 793 793 795 795 795 795 795 796 796 796 744 744 745 745 745 745 745
739 740 740 740 742 742 742 743 744 745 746 746 747 747 748 748 749 750 750 750 752 752 752 753 755 755 755 756 757 757 757 758 759 759 759 760 760 761 761 762 763 764 764 765 765 766 766 767 767 767 768 768 769 769 770 770 770 771 772 772 772 772 773 774 774 774 774 789 791 791 791 791 792 792 792 793 793 794 794 794 794 794 795 795 796 796 796 744 744 744 744 744 745 745
739 739 739 741 741 741 742 743 744 745 745 746 747 747 747 749 749 749 750 751 751 751 753 754 754 755 755 756 756 757 757 758 758 759 759 760 760 761 761 762 763 764 764 764 765 766 766 766 767 768 768 768 768 769 770 770 770 771 771 772 772 772 773 773 773 774 775 790 790 790 790 791 792 792 792 792 793 793 793 793 795 795 795 795 795 796 796 744 744 744 745 745 745 745
738 739 740 740 741 741 742 743 744 744 746 746 746 747 748 748 748 749 750 750 751 752 753 753 754 754 755 756 756 756 757 758 758 758 759 760 760 760 762 763 763 763 763 765 765 765 765 767 767 767 767 768 769 769 769 769 770 771 771 771 772 772 772 773 773 774 774 789 789 791 791 791 791 791 793 793 794 794 794 795 795 795 795 795 796 796 796 796 744 744 744 744 744 744
738 739 740 740 740 742 742 743 743 745 745 745 746 747 747 748 748 749 750 750 751 752 753 753 753 755 755 755 755 757 757 757 757 759 759 759 760 762 762 762 762 764 764 764 764 765 766 766 766 766 768 768 768 768 769 770 770 770 770 771 772 772 772 773 773 773 774 774 791 791 791 791 792 793 793 793 793 794 794 794 794 795 796 796 796 796 796 797 744 744 744 744 745 745
738 739 739 739 741 741 742 743 744 744 745 745 746 747 747 747 748 749 749 750 752 752 752 753 754 754 754 755 756 756 756 757 758 758 758 760 761 761 761 762 763 763 763 764 765 765 765 766 766 767 767 767 768 769 769 769 769 771 771 771 771 771 772 773 774 774 774 775 790 791 791 792 792 792 792 792 793 794 794 794 794 795 795 795 795 795 797 797 744 744 744 745 745 745
738 738 739 740 740 741 742 743 744 744 744 745 746 746 746 748 748 748 750 751 751 751 752 753 753 754 754 755 755 756 756 757 757 758 759 760 760 761 761 762 762 763 763 764 764 765 765 766 766 766 767 767 768 768 768 769 770 770 770 770 771 773 773 773 773 774 775 775 790 790 791 791 791 792 793 793 793 793 793 794 794 794 795 795 796 796 796 796 796 744 744 744 744 744
738 738 739 739 740 741 742 743 743 743 745 745 745 746 747 747 748 750 750 750 751 752 752 753 753 754 754 755 755 756 756 757 757 758 759 760 760 760 761 762 762 762 763 764 764 764 765 765 766 766 767 767 768 768 768 769 769 769 770 772 772 772 772 773 774 774 774 774 790 790 791 791 791 792 792 792 792 792 794 794 794 794 794 795 795 795 795 796 797 744 744 744 744 745
737 738 739 739 740 742 742 742 743 744 744 745 746 746 746 747 748 749 750 750 751 751 752 752 753 754 754 754 755 756 756 756 758 759 759 759 759 761 761 761 761 763 763 763 763 765 765 765 765 766 767 767 767 767 768 769 769 770 771 771 771 772 773 773 773 773 773 775 775 790 790 790 791 791 792 792 793 793 793 793 793 794 794 795 795 795 796 796 796 744 744 744 744 744
738 738 738 739 741 741 742 742 743 743 744 745 745 746 746 747 749 749 749 750 751 751 751 753 753 753 753 755 755 755 755 758 758 758 758 760 760 760 760 761 762 762 762 763 764 764 764 764 766 766 766 766 767 768 768 769 769 770 771 771 771 772 772 772 773 773 774 774 774 789 790 791 791 791 791 792 792 792 792 793 794 794 794 794 795 795 795 795 795 744 744 744 744 744
737 737 738 740 740 741 741 742 743 743 744 745 745 745 746 748 748 748 750 750 750 751 752 752 752 753 754 754 754 755 757 757 757 758 759 759 759 760 761 761 761 762 763 763 763 763 764 765 765 765 766 767 767 768 768 770 770 770 770 770 771 772 772 772 773 773 773 774 774 790 790 790 790 791 791 792 792 792 793 793 793 793 793 794 795 795 795 795 796 796 743 743 743 744
737 737 738 740 740 741 742 742 742 744 744 744 744 746 746 747 748 749 749 749 750 751 751 752 752 753 753 754 754 755 756 757 757 758 758 759 759 760 760 761 761 762 762 763 763 764 764 764 765 765 766 766 767 768 769 769 769 769 771 771 771 771 771 772 773 773 773 774 774 789 789 790 791 791 791 791 791 792 792 793 793 794 794 794 794 794 795 795 795 795 743 744 744 744
736 738 739 739 740 741 741 741 743 743 743 744 745 745 747 747 748 748 749 749 750 751 751 751 752 753 753 753 754 756 756 756 757 758 758 758 759 760 760 760 761 762 762 762 763 763 764 764 765 765 766 767 767 768 768 768 769 770 770 770 770 771 772 772 772 772 773 773 774 774 789 790 790 790 790 791 792 792 792 792 793 793 793 793 793 795 795 795 795 795 743 743 743 743
737 737 738 740 740 740 741 742 742 743 743 744 744 745 746 747 748 748 748 749 750 750 750 752 752 752 752 754 755 755 755 757 757 757 757 759 759 759 759 761 761 761 761 762 763 763 763 764 765 766 766 767 767 768 768 768 769 769 769 770 771 771 771 771 771 773 773 773 773 774 789 789 790 790 791 791 791 791 792 792 792 793 793 794 794 794 794 794 795 795 743 743 743 744
736 738 739 739 740 740 741 741 742 742 743 744 744 745 747 747 747 747 749 749 749 750 751 751 751 752 753 754 754 755 756 756 756 757 758 758 758 759 760 760 760 761 762 762 762 762 764 764 765 765 766 767 767 767 767 768 769 769 769 770 770 770 771 772 772 772 772 772 773 774 789 789 790 790 790 790 791 792 792 792 792 792 793 793 793 793 794 795 795 795 795 743 743 743
736 738 738 739 739 740 741 741 741 743 743 743 744 746 746 746 747 748 748 749 749 750 750 751 751 752 752 754 754 755 755 756 756 757 757 758 758 759 759 760 760 761 761 761 762 763 763 764 764 766 766 766 766 767 768 768 768 768 769 770 770 770 771 771 771 771 773 773 773 773 773 789 789 790 790 791 791 791 791 791 792 792 793 793 793 794 794 794 794 794 795 742 742 742
737 738 738 738 740 740 740 741 742 742 742 743 745 745 746 746 747 747 748 748 749 750 750 751 751 752 753 754 754 755 755 756 756 757 757 758 758 759 759 760 760 760 761 761 762 762 764 764 765 765 765 766 767 767 767 767 768 769 769 769 769 770 770 771 771 772 772 772 772 773 774 789 789 789 790 790 790 791 791 792 792 792 792 793 793 793 793 793 795 795 795 742 742 743
737 737 738 739 739 739 740 741 741 742 742 743 745 745 745 746 747 747 748 749 749 749 750 751 751 751 753 754 754 754 755 756 756 756 757 758 758 758 759 760 760 760 761 761 762 763 763 764 764 765 765 766 766 766 767 768 768 768 768 769 770 770 770 770 771 771 772 772 773 773 773 788 788 789 790 790 790 791 791 791 791 791 792 793 793 793 793 794 794 794 794 742 742 742
736 737 738 738 739 739 740 741 741 741 742 744 744 744 746 746 746 747 748 748 748 750 750 750 750 753 753 753 753 755 755 755 755 757 757 757 757 759 759 759 759 760 761 761 762 763 764 764 764 764 765 765 766 766 767 767 767 768 769 769 769 769 770 771 771 771 771 772 772 772 773 789 789 789 789 789 790 790 791 791 791 792 792 792 792 793 793 793 793 793 795 795 742 742
736 737 738 738 738 740 740 740 740 742 742 743 744 745 745 745 747 747 747 748 749 749 749 750 751 752 752 753 754 754 754 755 756 756 756 757 758 758 758 758 760 760 760 761 763 763 763 763 764 765 765 765 765 766 767 767 767 768 768 768 769 770 770 770 770 770 771 772 772 772 773 773 788 788 790 790 790 790 790 791 791 791 791 791 793 793 793 793 793 794 794 794 742 742
736 737 737 737 739 739 739 740 741 741 743 743 744 744 745 746 746 746 747 748 748 749 749 750 751 752 752 753 753 754 754 755 755 756 756 757 757 758 758 759 759 759 760 762 762 762 762 764 764 764 764 765 766 766 766 766 767 768 768 768 769 769 769 769 771 771 771 771 771 772 772 773 788 789 789 789 789 789 790 791 791 791 792 792 792 792 792 793 793 793 793 793 742 742
736 736 737 738 738 739 739 740 740 741 742 743 744 744 745 745 746 746 747 748 748 748 749 750 751 751 752 753 753 753 754 755 755 755 756 757 757 757 758 758 759 759 761 761 762 762 763 763 763 764 765 765 765 765 766 767 767 767 767 768 768 769 769 770 770 770 770 772 772 772 772 772 788 788 788 789 790 790 790 790 790 791 791 791 791 792 793 793 793 793 794 794 741 741
736 736 737 737 738 738 739 740 740 740 743 743 743 744 745 745 745 747 747 747 747 749 749 750 750 752 752 752 752 754 754 754 754 756 756 756 756 757 758 758 758 759 761 761 761 762 762 763 763 764 764 764 765 766 766 766 766 767 768 768 768 768 769 769 770 770 771 771 771 771 772 773 773 788 788 789 789 789 789 790 791 791 791 791 792 792 792 792 792 793 793 675 675 674
735 736 737 737 737 739 739 739 739 742 742 742 744 744 744 744 746 746 746 747 748 748 748 750 751 751 751 752 753 753 753 754 755 755 755 756 757 757 757 757 759 760 760 760 761 762 762 762 763 763 764 764 765 765 765 766 767 767 767 767 768 769 769 769 769 770 770 770 771 772 772 772 772 787 788 788 789 789 790 790 790 790 790 791 791 791 791 793 793 675 675 675 676 674
736 736 736 737 738 738 738 739 740 741 742 743 743 743 744 745 745 746 746 747 747 748 748 750 750 751 751 752 752 753 753 754 754 755 756 756 756 756 758 758 759 759 761 761 761 761 761 763 763 763 763 764 764 765 765 766 766 766 767 768 768 768 768 769 769 770 770 770 771 771 771 771 773 788 788 788 788 789 789 789 789 790 791 791 791 791 674 674 674 674 674 675 675 674
735 735 736 737 737 738 738 739 740 741 742 742 743 743 744 744 745 745 746 747 747 747 749 750 750 750 751 752 752 753 753 754 754 755 755 755 756 757 757 757 759 760 760 760 760 762 762 762 762 763 764 764 764 764 765 765 766 766 767 767 767 767 769 769 769 769 770 770 770 771 771 772 772 772 787 788 788 789 789 789 790 790 790 673 673 673 673 673 673 675 675 675 675 674
735 735 736 737 737 737 738 739 739 741 742 742 742 743 744 744 744 746 746 746 746 748 749 749 749 751 751 751 752 753 753 753 754 755 755 755 756 756 757 757 759 759 759 760 761 761 761 761 763 763 763 763 764 765 765 765 765 766 766 767 767 768 768 768 768 770 770 770 770 770 771 771 771 772 788 788 788 788 789 789 789 671 671 673 673 673 673 673 674 674 674 674 674 674
734 735 736 736 736 738 738 738 740 741 741 741 743 743 743 743 745 745 745 746 747 747 748 750 750 750 750 752 752 752 752 754 754 754 754 755 756 756 756 758 759 759 759 760 760 761 761 762 762 762 763 764 764 764 764 765 766 766 766 766 767 767 768 768 769 769 769 769 770 771 771 771 771 772 787 787 787 788 671 671 671 671 672 672 672 672 673 673 673 673 674 675 675 675
735 735 735 736 737 737 737 739 740 740 741 742 742 742 743 744 744 745 745 746 746 747 749 749 749 750 751 751 751 752 753 753 753 753 755 755 755 755 757 758 758 758 759 760 760 760 761 761 762 762 763 763 763 764 765 765 765 765 766 767 767 767 767 768 768 768 769 770 770 770 770 771 771 771 772 669 670 670 670 670 671 671 671 671 672 673 673 673 673 673 674 674 674 674
734 735 735 736 736 737 738 738 740 740 741 741 742 742 743 744 744 744 745 746 746 748 748 749 749 750 750 751 751 752 752 753 753 754 754 754 755 756 756 757 758 759 759 759 759 761 761 761 761 762 762 763 763 764 764 764 765 766 766 766 766 767 767 768 768 768 769 769 769 769 771 771 653 653 654 669 669 669 669 671 671 671 671 672 672 672 672 672 673 673 673 673 674 675
734 734 735 736 736 736 738 738 739 740 741 741 741 742 743 743 743 745 745 745 746 748 748 748 749 750 750 750 751 752 752 752 753 753 754 754 755 755 756 757 758 758 758 759 760 760 760 760 762 762 762 762 763 763 764 764 765 765 765 765 767 767 767 767 768 768 768 769 769 652 652 652 652 653 653 654 669 669 670 670 670 670 671 671 671 671 672 673 673 673 673 674 674 674
733 735 735 735 735 737 737 737 740 740 740 740 742 742 742 743 744 744 744 746 746 747 747 749 749 749 749 751 751 751 751 752 753 753 753 754 755 755 756 757 757 758 758 759 759 759 760 761 761 761 761 763 763 763 763 764 764 765 765 766 766 766 766 767 768 768 650 651 651 651 651 652 653 653 653 653 669 669 669 669 670 671 671 671 671 672 672 672 672 672 673 673 673 673
734 734 734 735 736 736 737 738 739 739 740 741 741 741 742 743 743 744 745 745 745 747 748 748 748 749 750 750 750 751 752 752 752 752 754 754 754 754 757 757 757 757 758 759 759 759 760 760 760 761 762 762 762 762 764 764 764 764 765 765 766 766 767 649 649 649 650 650 651 651 652 652 652 652 652 653 669 669 669 670 670 670 670 670 671 671 671 672 673 673 673 673 673 825
733 734 734 735 735 736 737 737 739 739 740 740 741 741 742 743 743 744 744 745 745 747 747 748 748 749 749 750 750 751 751 751 752 753 753 753 754 755 756 756 757 758 758 758 759 759 760 760 761 761 761 762 763 763 763 763 763 765 765 765 647 648 648 648 649 650 650 650 650 651 651 651 652 652 653 653 653 668 669 669 669 669 671 671 671 671 671 672 672 672 672 672 673 824
733 733 734 735 735 736 737 737 738 739 740 740 740 741 742 742 743 744 744 744 745 747 747 747 748 749 749 749 750 750 751 751 752 752 753 754 754 754 755 757 757 757 757 758 759 759 759 760 760 761 761 762 762 762 762 764 646 646 646 646 647 648 648 648 649 649 649 649 651 651 651 651 652 652 652 652 652 669 669 669 669 670 670 670 670 670 671 671 671 672 673 673 824 824
732 734 734 734 735 736 736 736 739 739 739 739 741 741 741 742 743 743 743 745 745 746 746 748 748 748 748 750 750 750 750 751 752 752 753 753 754 754 756 756 756 757 758 758 758 758 760 760 760 760 761 761 762 644 645 645 645 645 647 647 647 647 648 648 648 649 649 650 650 650 650 651 651 652 652 653 653 668 668 669 669 669 669 670 671 671 671 671 671 672 672 672 823 824
733 733 733 734 735 735 736 737 738 738 739 740 740 741 741 742 742 743 744 744 744 746 747 747 747 748 749 749 749 749 751 751 751 752 753 753 753 754 755 756 756 757 757 757 758 759 759 759 759 643 643 643 643 644 644 645 645 646 646 646 646 647 648 648 648 649 649 649 649 650 651 651 651 651 652 652 652 652 669 669 669 669 669 670 670 670 670 671 671 671 671 823 824 824
732 733 733 734 735 735 736 736 738 738 739 739 740 740 741 742 742 743 743 744 744 746 746 747 747 748 748 748 749 750 750 750 752 752 752 752 753 754 755 755 756 757 757 757 758 758 640 641 642 642 642 642 644 644 644 644 645 645 645 646 647 647 647 647 648 648 649 649 650 650 650 650 650 651 652 652 652 653 668 668 668 668 669 669 669 670 671 671 671 671 671 823 823 823
