testData/tiles/oneDegreeCosts/grid13.0-22.0-14.0-23.0.asc
ncols   200
nrows   200
xllcorner   13.0
yllcorner   22.0
cellsize   0.005
NODATA_value   -9999.0
[rows 126 to 167 of 200, columns 0 to 93 of 200]
281 281 281 281 281 281 281 281 262 262 262 262 262 262 262 262 262 262 262 262 262 262 262 262 262 262 262 262 262 262 262 262 262 262 262 262 262 262 262 262 262 262 262 262 262 262 262 262 262 262 262 262 262 262 262 262 262 262 262 262 262 262 262 262 262 262 262 262 299 299 299 299 299 299 299 299 299 299 299 299 299 299 299 299 299 299 299 299 299 299 299 299 299 299
281 281 281 281 262 262 262 262 262 262 262 262 262 262 262 262 262 262 262 262 262 262 262 262 262 262 262 262 262 262 262 262 262 262 262 262 262 262 262 262 262 262 262 361 262 262 262 262 262 262 262 262 262 262 262 262 262 262 262 262 262 262 262 262 262 262 262 299 299 299 299 299 299 299 299 299 299 299 299 299 299 299 299 299 299 299 299 299 299 299 299 299 299 299
281 262 262 262 262 262 262 262 262 262 262 262 262 262 262 262 262 262 262 262 262 262 262 262 262 262 262 262 262 262 262 262 262 262 361 361 361 361 361 361 361 361 361 361 361 361 361 361 361 361 361 361 361 262 262 262 262 262 262 262 262 262 262 262 262 262 299 299 299 299 299 299 299 299 299 299 299 299 299 299 299 299 299 299 299 299 299 299 299 299 299 299 299 299
262 262 262 262 262 262 262 262 262 262 262 262 262 262 262 262 262 262 262 262 262 262 262 262 262 262 262 262 262 262 262 361 361 361 361 361 361 361 361 361 361 361 361 361 361 361 361 361 361 361 361 361 361 361 361 361 262 262 262 262 262 262 262 262 262 299 299 299 299 299 299 299 299 299 299 299 299 299 299 299 299 299 299 299 299 299 299 299 299 299 299 299 299 299
262 262 262 262 262 262 262 262 262 262 262 262 262 262 262 262 262 262 262 262 262 262 262 262 262 262 262 262 361 361 361 361 361 361 361 361 361 361 361 361 361 361 361 361 361 361 361 361 361 361 361 361 361 361 361 361 361 361 361 262 262 262 262 262 299 299 299 299 299 299 299 299 299 299 299 299 299 299 299 299 299 299 299 299 299 299 299 299 299 299 299 299 299 299
262 262 262 262 262 262 262 262 262 262 262 262 262 262 262 262 262 262 262 262 262 262 262 262 262 361 361 361 361 361 361 361 361 361 361 361 361 361 361 361 361 361 361 361 361 361 361 361 361 361 361 361 361 361 361 361 361 361 361 361 361 361 262 262 299 299 299 299 299 299 299 299 299 299 299 299 299 299 299 299 299 299 299 299 299 299 299 299 299 299 299 299 299 299
262 262 262 262 262 262 262 262 262 262 262 262 262 262 262 262 262 262 262 262 262 262 262 361 361 361 361 361 361 361 361 361 361 361 361 361 361 361 361 361 361 361 361 361 361 361 361 361 361 361 361 361 361 361 361 361 361 361 361 361 361 361 361 398 299 299 299 299 299 299 299 299 299 299 299 299 299 299 299 299 299 299 299 299 299 299 299 299 299 299 299 299 299 299
262 262 262 262 262 262 262 262 262 262 262 262 262 262 262 262 262 262 262 262 262 262 361 361 361 361 361 361 361 361 361 361 361 361 361 361 361 361 361 361 361 361 361 361 361 361 361 361 361 361 361 361 361 361 361 361 361 361 361 361 361 361 398 398 398 299 299 299 299 299 299 299 299 299 299 299 299 299 299 299 299 299 299 299 299 299 299 299 299 299 299 299 299 299
262 262 262 262 262 262 262 262 262 262 262 262 262 262 262 262 262 262 262 262 361 361 361 361 361 361 361 361 361 361 361 361 361 361 361 361 361 361 361 361 361 361 361 361 361 361 361 361 361 361 361 361 361 361 361 361 361 361 361 361 361 398 398 398 398 398 398 299 299 299 299 299 299 299 299 299 299 299 299 299 299 299 299 299 299 299 299 299 299 299 299 299 299 299
262 262 262 262 262 262 262 262 262 262 262 262 262 262 262 262 262 262 262 361 361 361 361 361 361 361 361 361 361 361 361 361 361 361 361 361 361 361 361 361 361 361 361 361 361 361 361 361 361 361 361 361 361 361 361 361 361 361 361 361 361 398 398 398 398 398 398 398 299 299 299 299 299 299 299 299 299 299 299 299 299 299 299 299 299 299 299 299 299 299 299 299 299 299
262 262 262 262 262 262 262 262 262 262 262 262 262 262 262 262 262 361 361 361 361 361 361 361 361 361 361 361 361 361 361 361 361 361 361 361 361 361 361 361 361 361 361 361 361 361 361 361 361 361 361 361 361 361 361 361 361 361 361 361 398 398 398 398 398 398 398 398 398 398 299 299 299 299 299 299 299 299 299 299 299 299 299 299 299 299 299 299 299 299 299 299 299 299
262 262 262 262 262 262 262 262 262 262 262 262 262 262 262 262 361 361 361 361 361 361 361 361 361 361 361 361 361 361 361 361 361 361 361 361 361 361 361 361 361 361 361 361 361 361 361 361 361 361 361 361 361 361 361 361 361 361 361 398 398 398 398 398 398 398 398 398 398 398 398 299 299 299 299 299 299 299 299 299 299 299 299 299 299 299 299 299 299 299 299 299 299 299
262 262 262 262 262 262 262 262 262 262 262 262 262 262 262 361 361 361 361 361 361 361 361 361 361 361 361 361 361 361 361 361 361 361 361 361 361 361 361 361 361 361 361 361 361 361 361 361 361 361 361 361 361 361 361 361 361 361 398 398 398 398 398 398 398 398 398 398 398 398 398 398 299 299 299 299 299 299 299 299 299 299 299 299 299 299 299 299 299 299 299 299 299 299
262 262 262 262 262 262 262 262 262 262 262 262 262 262 361 361 361 361 361 361 361 361 361 361 361 361 361 361 361 361 361 361 361 361 361 361 361 361 361 361 361 361 361 361 361 361 361 361 361 361 361 361 361 361 361 361 361 361 398 398 398 398 398 398 398 398 398 398 398 398 398 398 398 299 299 299 299 299 299 299 299 299 299 299 299 299 299 299 299 299 299 299 299 299
262 262 262 262 262 262 262 262 262 262 262 262 262 361 361 361 361 361 361 361 361 361 361 361 361 361 361 361 361 361 361 361 361 361 361 361 361 361 361 361 361 361 361 361 361 361 361 361 361 361 361 361 361 361 361 361 361 398 398 398 398 398 398 398 398 398 398 398 398 398 398 398 398 398 299 299 299 299 299 299 299 299 299 299 299 299 299 299 299 299 299 299 299 299
262 262 262 262 262 262 262 262 262 262 262 262 361 361 361 361 361 361 361 361 361 361 361 361 361 361 361 361 361 361 361 361 361 361 361 361 361 361 361 361 361 361 361 361 361 361 361 361 361 361 361 361 361 361 361 361 398 398 398 398 398 398 398 398 398 398 398 398 398 398 398 398 398 398 398 299 299 299 299 299 299 299 299 299 299 299 299 299 299 299 299 299 299 299
262 262 262 262 262 262 262 262 262 262 262 361 361 361 361 361 361 361 361 361 361 361 361 361 361 361 361 361 361 361 361 361 361 361 361 361 361 361 361 361 361 361 361 361 361 361 361 361 361 361 361 361 361 361 361 398 398 398 398 398 398 398 398 398 398 398 398 398 398 398 398 398 398 398 398 398 299 299 299 299 299 299 299 299 299 299 299 299 299 299 299 299 299 299
262 262 262 262 262 262 262 262 262 262 361 361 361 361 361 361 361 361 361 361 361 361 361 361 361 361 361 361 361 361 361 361 361 361 361 361 361 361 361 361 361 361 361 361 361 361 361 361 361 361 361 361 361 361 361 398 398 398 398 398 398 398 398 398 398 398 398 398 398 398 398 398 398 398 398 398 398 299 299 299 299 299 299 299 299 299 299 299 299 299 299 299 299 299
262 262 262 262 262 262 262 262 262 361 361 361 361 361 361 361 361 361 361 361 361 361 361 361 361 361 361 361 361 361 361 361 361 361 361 361 361 361 361 361 361 361 361 361 361 361 361 361 361 361 361 361 361 361 398 398 398 398 398 398 398 398 398 398 398 398 398 398 398 398 398 398 398 398 398 398 398 398 299 299 299 299 299 299 299 299 299 299 299 299 299 299 299 299
262 262 262 262 262 262 262 262 262 361 361 361 361 361 361 361 361 361 361 361 361 361 361 361 361 361 361 361 361 361 361 361 361 361 361 361 361 361 361 361 361 361 361 361 361 361 361 361 361 361 361 361 361 398 398 398 398 398 398 398 398 398 398 398 398 398 398 398 398 398 398 398 398 398 398 398 398 398 299 299 299 299 299 299 299 299 299 299 299 299 299 299 299 299
262 262 262 262 262 262 262 262 361 361 361 361 361 361 361 361 361 361 361 361 361 361 361 361 361 361 361 361 361 361 361 361 361 361 361 361 361 361 361 361 361 361 361 361 361 361 361 361 361 361 361 361 361 398 398 398 398 398 398 398 398 398 398 398 398 398 398 398 398 398 398 398 398 398 398 398 398 398 398 299 299 299 299 299 299 299 299 299 299 299 299 299 299 299
262 262 262 262 262 262 262 361 361 361 361 361 361 361 361 361 361 361 361 361 361 361 361 361 361 361 361 361 361 361 361 361 361 361 361 361 361 361 361 361 361 361 361 361 361 361 361 361 361 361 361 361 398 398 398 398 398 398 398 398 398 398 398 398 398 398 398 398 398 398 398 398 398 398 398 398 398 398 398 398 299 299 299 299 299 299 299 299 299 299 299 299 299 299
262 262 262 262 262 262 262 361 361 361 361 361 361 361 361 361 361 361 361 361 361 361 361 361 361 361 361 361 361 361 361 361 361 361 361 361 361 361 361 361 361 361 361 361 361 361 361 361 361 361 361 398 398 398 398 398 398 398 398 398 398 398 398 398 398 398 398 398 398 398 398 398 398 398 398 398 398 398 398 398 299 299 299 299 299 299 299 299 299 299 299 299 299 299
262 262 262 262 262 262 361 361 361 361 361 361 361 361 361 361 361 361 361 361 361 361 361 361 361 361 361 361 361 361 361 361 361 361 361 361 361 361 361 361 361 361 361 361 361 361 361 361 361 361 361 398 398 398 398 398 398 398 398 398 398 398 398 398 398 398 398 398 398 398 398 398 398 398 398 398 398 398 398 398 398 299 299 299 299 299 299 299 299 299 299 299 299 299
262 262 262 262 262 361 361 361 361 361 361 361 361 361 361 361 361 361 361 361 361 361 361 361 361 361 361 361 361 361 361 361 361 361 361 361 361 361 361 361 361 362 362 362 362 362 361 361 361 361 398 398 398 398 398 398 398 398 398 398 398 398 398 398 398 398 398 398 398 398 398 398 398 398 398 398 398 398 398 398 398 398 299 299 299 299 299 299 299 299 299 299 299 299
262 262 262 262 262 361 361 361 361 361 361 361 361 361 361 361 361 361 361 361 361 361 361 361 361 361 361 361 361 361 361 361 361 361 361 361 361 362 364 365 365 366 366 366 366 366 365 365 364 399 398 398 398 398 398 398 398 398 398 398 398 398 398 398 398 398 398 398 398 398 398 398 398 398 398 398 398 398 398 398 398 398 299 299 299 299 299 299 299 299 299 299 299 299
262 262 262 262 361 361 361 361 361 361 361 361 361 361 361 361 361 361 361 361 361 361 361 361 361 361 361 361 361 361 361 361 361 361 362 363 365 367 368 369 370 370 371 371 371 370 370 369 368 404 402 400 399 398 398 398 398 398 398 398 398 398 398 398 398 398 398 398 398 398 398 398 398 398 398 398 398 398 398 398 398 398 398 299 299 299 299 299 299 299 299 299 299 299
262 262 262 262 361 361 361 361 361 361 361 361 361 361 361 361 361 361 361 361 361 361 361 361 361 361 361 361 361 361 361 361 361 363 365 367 369 371 372 373 374 375 375 375 375 375 374 373 409 408 406 404 402 400 398 398 398 398 398 398 398 398 398 398 398 398 398 398 398 398 398 398 398 398 398 398 398 398 398 398 398 398 398 299 299 299 299 299 299 299 299 299 299 299
262 262 262 262 361 361 361 361 361 361 361 361 361 361 361 361 361 361 361 361 361 361 361 361 361 361 361 361 361 361 361 362 365 367 369 371 373 375 376 377 378 379 379 380 379 379 378 414 413 412 410 408 406 404 402 399 398 398 398 398 398 398 398 398 398 398 398 398 398 398 398 398 398 398 398 398 398 398 398 398 398 398 398 299 299 299 299 299 299 299 299 299 299 299
262 262 262 361 361 361 361 361 361 361 361 361 361 361 361 361 361 361 361 361 361 361 361 361 361 361 361 361 361 361 363 366 368 371 373 375 377 379 380 382 383 383 384 384 384 383 383 419 417 416 414 412 410 408 405 403 400 398 398 398 398 398 398 398 398 398 398 398 398 398 398 398 398 398 398 398 398 398 398 398 398 398 398 398 299 299 299 299 299 299 299 299 299 299
262 262 262 361 361 361 361 361 361 361 361 361 361 361 361 361 361 361 361 361 361 361 361 361 361 361 361 361 361 363 366 369 372 374 377 379 381 383 385 386 387 388 388 388 388 388 424 423 422 420 418 416 414 411 409 406 403 400 398 398 398 398 398 398 398 398 398 398 398 398 398 398 398 398 398 398 398 398 398 398 398 398 398 398 299 299 299 299 299 299 299 299 299 299
262 262 262 361 361 361 361 361 361 361 361 361 361 361 361 361 361 361 361 361 361 361 361 361 361 361 361 361 363 366 369 372 375 378 380 383 385 387 389 390 391 392 392 393 392 392 428 427 426 424 422 420 417 415 412 409 406 403 400 398 398 398 398 398 398 398 398 398 398 398 398 398 398 398 398 398 398 398 398 398 398 398 398 398 299 299 299 299 299 299 299 299 299 299
205 262 361 361 361 361 361 361 361 361 361 361 361 361 361 361 361 361 361 361 361 361 361 361 361 361 361 362 366 369 372 375 378 381 384 386 389 391 393 394 395 396 397 397 397 433 432 431 430 428 426 423 421 418 415 412 409 406 403 399 398 398 398 398 398 398 398 398 398 398 398 398 398 398 398 398 398 398 398 398 398 398 398 398 398 299 299 299 299 299 299 299 299 299
205 262 361 361 361 361 361 361 361 361 361 361 361 361 361 361 361 361 361 361 361 361 361 361 361 361 361 365 368 372 375 378 381 385 387 390 392 395 397 398 400 401 401 401 438 438 437 435 434 432 429 427 424 422 418 415 412 409 405 402 398 398 398 398 398 398 398 398 398 398 398 398 398 398 398 398 398 398 398 398 398 398 398 398 398 299 299 299 299 299 299 299 299 299
205 205 361 361 361 361 361 361 361 361 361 361 361 361 361 361 361 361 361 361 361 361 361 361 361 361 363 367 371 374 378 381 385 388 391 394 396 399 401 402 404 405 406 406 443 442 441 439 438 436 433 431 428 425 422 418 415 411 408 404 400 398 398 398 398 398 398 398 398 398 398 398 398 398 398 398 398 398 398 398 398 398 398 398 398 299 299 299 299 299 299 299 299 299
205 267 361 361 361 361 361 361 361 361 361 361 361 361 361 361 361 361 361 361 361 361 361 361 361 362 365 369 373 377 380 384 387 391 394 397 400 402 404 406 408 409 410 447 447 446 445 443 441 439 437 434 431 428 424 421 417 414 410 406 402 399 398 398 398 398 398 398 398 398 398 398 398 398 398 398 398 398 398 398 398 398 398 398 398 398 299 299 299 299 299 299 299 299
205 267 267 361 361 361 361 361 361 361 361 361 361 361 361 361 361 361 361 361 361 361 361 361 361 363 367 371 375 379 383 386 390 394 397 400 403 406 408 410 412 413 414 452 451 450 449 447 445 443 440 437 434 431 427 423 420 416 412 408 404 400 398 398 398 398 398 398 398 398 398 398 398 398 398 398 398 398 398 398 398 398 398 398 398 398 299 299 299 299 299 299 299 299
205 267 267 361 361 361 361 361 361 361 361 361 361 361 361 361 361 361 361 361 361 361 361 361 361 365 369 373 377 381 385 389 392 396 400 403 406 409 412 414 416 418 456 456 456 455 453 451 449 446 443 440 437 433 429 426 422 418 414 410 406 402 398 398 398 398 398 398 398 398 398 398 398 398 398 398 398 398 398 398 398 398 398 398 398 398 299 299 299 299 299 299 299 299
205 267 267 361 361 361 361 361 361 361 361 361 361 361 361 361 361 361 361 361 361 361 361 361 362 367 371 375 379 383 387 391 395 399 402 406 409 412 415 418 420 459 460 460 460 459 457 455 452 449 446 443 439 436 432 428 424 420 416 412 408 404 399 398 398 398 398 398 398 398 398 398 398 398 398 398 398 398 398 398 398 398 398 398 398 398 299 299 299 299 299 299 299 299
205 267 267 267 361 361 361 361 361 361 361 361 361 361 361 361 361 361 361 361 361 361 361 361 364 368 372 376 380 385 389 393 397 401 404 408 412 415 419 422 424 463 464 465 464 463 461 459 456 452 449 445 441 438 434 430 426 422 417 413 409 405 401 398 398 398 398 398 398 398 398 398 398 398 398 398 398 398 398 398 398 398 398 398 398 398 299 299 299 299 299 299 299 299
205 267 267 267 361 361 361 361 361 361 361 361 361 361 361 361 361 361 361 361 361 361 361 361 365 369 373 377 382 386 390 394 398 402 406 410 414 418 422 425 465 467 468 469 468 467 465 462 459 455 451 447 443 439 435 431 427 423 419 414 410 406 402 398 398 398 398 398 398 398 398 398 398 398 398 398 398 398 398 398 398 398 398 398 398 398 299 299 299 299 299 299 299 299
205 267 267 267 267 361 361 361 361 361 361 361 361 361 361 361 361 361 361 361 361 361 361 361 365 370 374 378 383 387 391 395 400 404 408 412 416 420 424 428 468 471 473 473 473 471 468 465 461 457 453 449 445 441 437 432 428 424 420 415 411 407 402 398 398 398 398 398 398 398 398 398 398 398 398 398 398 398 398 398 398 398 398 398 398 398 299 299 299 299 299 299 299 299
