testData/tiles/oneDegreeCosts/grid1.0-30.0-2.0-31.0.asc
ncols   200
nrows   200
xllcorner   1.0
yllcorner   30.0
cellsize   0.005
NODATA_value   -9999.0
[rows 126 to 167 of 200, columns 0 to 93 of 200]
487 487 487 488 488 490 491 491 492 493 493 635 635 635 636 636 637 638 638 640 641 641 641 642 642 643 643 644 645 645 646 647 646 647 648 648 649 649 650 651 651 651 652 652 653 653 654 655 655 655 656 656 657 657 658 658 657 658 658 659 660 660 660 660 660 661 661 662 662 662 662 662 663 663 664 664 663 664 664 664 665 665 665 664 665 665 666 666 665 666 665 666 666 665
485 487 487 488 489 489 491 492 492 493 633 633 635 635 636 637 637 638 639 639 641 642 641 642 643 643 644 644 645 646 646 646 647 647 648 649 649 650 650 650 651 651 652 653 653 654 654 654 655 655 656 657 657 658 658 657 658 658 659 659 660 661 660 660 660 661 662 662 663 662 662 663 663 664 664 664 664 664 665 664 665 665 665 665 665 666 666 666 666 666 666 666 667 665
485 486 488 488 489 490 490 492 493 493 634 633 634 636 636 637 638 638 639 640 640 640 642 642 643 643 644 645 645 646 646 646 647 648 648 649 649 650 651 650 651 652 652 653 654 654 655 654 655 656 656 657 658 657 657 657 658 659 659 660 660 660 660 660 661 661 662 663 662 662 662 663 664 664 664 664 664 665 665 665 665 665 665 665 666 666 666 666 666 666 666 667 666 666
486 486 487 489 489 490 491 491 493 493 633 634 634 635 636 637 638 639 639 640 640 640 641 642 642 644 644 645 646 645 646 647 647 648 649 649 650 650 650 651 651 652 653 653 654 655 654 655 655 656 656 656 657 657 657 658 658 659 660 660 660 660 660 661 661 662 662 662 662 662 663 663 663 664 664 664 664 664 665 665 665 665 665 666 666 666 666 666 666 666 667 667 666 666
486 487 487 488 490 490 491 491 492 632 633 634 635 635 636 637 637 639 640 639 640 641 641 642 643 643 644 644 644 645 646 647 648 648 649 650 650 650 650 651 652 652 653 654 654 653 654 654 655 655 656 657 657 657 657 658 659 659 659 660 660 660 660 661 662 662 662 662 662 663 663 663 663 663 664 664 664 664 665 665 665 665 665 666 666 666 666 666 666 666 667 666 666 667
485 487 487 488 489 489 491 491 491 632 633 633 635 636 636 637 638 638 638 639 639 641 642 642 643 643 644 644 644 645 646 646 647 648 648 649 649 649 650 650 651 652 652 653 653 653 654 654 655 656 656 657 657 657 657 657 658 659 659 659 660 660 661 661 661 662 661 662 662 662 663 663 664 663 663 664 664 665 664 664 665 665 665 665 666 666 666 666 666 666 666 666 667 667
485 486 487 488 489 490 490 490 491 632 633 634 634 635 636 636 638 638 638 639 640 640 641 642 642 643 644 644 645 645 646 647 647 648 649 648 649 650 650 651 651 652 653 653 653 654 654 655 655 655 656 656 656 657 657 658 658 659 660 659 659 660 660 661 661 661 661 661 662 662 663 664 663 663 663 664 664 664 664 664 665 665 665 666 665 665 666 666 666 666 666 666 666 667
485 486 487 488 488 488 490 490 631 632 632 633 635 635 636 637 637 637 638 638 640 641 641 642 642 643 643 643 644 645 645 646 647 647 648 648 648 649 649 650 651 651 652 652 652 653 654 654 655 655 656 656 656 657 658 658 658 658 658 659 659 660 661 661 661 661 661 662 662 662 662 662 663 663 663 663 664 665 664 664 664 665 666 665 665 665 665 666 666 666 666 666 666 666
485 486 486 487 488 488 489 490 630 632 633 633 634 635 635 635 637 637 638 639 639 640 640 641 642 642 642 644 644 645 646 646 647 648 647 648 649 649 650 650 651 652 651 652 653 653 654 655 655 655 655 655 656 656 657 658 658 658 658 658 659 659 660 661 660 661 661 661 662 662 663 662 662 663 663 664 663 663 664 664 664 664 665 665 665 665 665 666 666 665 666 666 666 666
484 485 487 486 487 488 488 490 631 631 632 633 633 635 635 635 636 637 637 638 639 639 641 641 641 642 642 643 644 644 645 646 646 646 647 647 648 649 649 650 650 650 651 651 652 653 653 654 655 654 655 655 656 656 656 657 657 657 658 658 659 660 659 659 660 660 661 661 661 662 661 662 662 662 663 663 663 663 663 664 664 665 664 664 665 665 665 665 665 665 665 666 666 666
484 485 485 486 486 487 489 629 630 631 631 633 634 633 634 635 635 636 637 638 639 639 640 640 640 641 642 642 643 644 644 645 645 645 646 647 647 648 648 649 649 649 650 651 651 652 653 653 653 654 654 655 655 656 657 657 656 657 657 658 658 659 660 659 659 660 660 661 661 660 661 661 662 662 662 663 662 663 663 663 664 664 664 664 664 665 665 665 664 665 665 665 666 664
484 484 484 485 487 487 488 629 629 630 632 632 632 633 633 634 634 636 637 637 638 639 638 639 640 640 641 642 642 644 645 644 645 646 646 647 648 648 649 649 649 650 650 651 652 652 652 653 652 653 653 654 655 655 656 656 656 657 657 657 658 658 658 659 659 659 660 660 661 660 661 661 661 662 662 661 662 662 663 663 663 663 663 664 663 664 665 663 664 664 664 665 665 664
482 483 484 484 486 487 487 628 628 630 631 630 631 632 632 633 635 635 636 637 637 637 638 638 639 640 640 642 643 643 643 644 644 645 646 646 647 647 648 648 648 649 650 650 651 652 652 652 652 652 653 653 654 655 654 655 656 656 657 657 657 657 657 658 659 659 659 660 659 660 660 660 661 661 661 661 661 662 662 663 661 662 663 663 663 663 663 663 663 664 664 664 664 664
481 482 483 484 485 486 626 627 628 629 629 630 630 631 632 633 634 635 635 636 636 636 637 638 638 640 641 641 642 642 642 643 644 644 645 646 646 647 646 647 648 648 649 650 650 651 651 651 652 653 652 653 653 653 654 654 655 656 656 657 657 656 657 657 658 659 658 658 659 659 660 660 660 661 660 661 660 661 662 662 661 661 662 663 662 663 662 663 663 663 664 662 663 664
481 481 482 484 484 485 626 626 627 628 628 629 630 630 631 633 633 634 635 634 635 636 636 637 638 639 640 641 640 641 642 642 643 644 644 645 645 645 646 646 647 648 648 649 650 649 650 651 651 652 652 652 653 652 653 654 654 655 656 656 655 655 656 657 657 658 658 657 658 658 659 660 659 659 660 660 660 660 661 661 660 661 661 662 662 661 662 662 662 663 663 662 662 663
480 481 481 482 484 484 625 626 625 627 628 628 629 630 630 631 633 633 633 634 634 635 636 636 637 638 639 640 640 640 641 642 642 643 643 644 644 644 645 646 646 647 648 648 648 649 649 650 651 650 651 651 651 652 652 653 654 654 655 654 654 655 655 656 657 657 656 657 657 658 658 658 658 658 659 660 659 660 660 660 660 660 661 661 661 661 661 661 661 662 662 661 662 662
479 480 481 481 483 484 623 624 625 625 627 628 628 629 630 630 631 632 632 633 634 634 635 636 636 637 638 637 639 640 640 641 641 642 643 642 643 644 644 645 646 646 647 647 647 648 649 648 649 650 650 650 650 651 652 652 653 654 652 653 654 654 655 655 656 655 655 656 657 657 658 657 657 658 658 658 659 659 659 659 659 660 660 660 659 660 661 660 661 661 660 661 661 661
478 479 480 481 481 622 623 623 624 625 625 627 628 628 629 630 629 630 631 632 633 634 634 635 636 636 636 637 637 638 638 639 640 641 641 642 642 643 644 644 645 646 645 645 646 646 647 648 648 649 649 649 650 650 651 652 651 652 652 652 653 654 654 655 653 654 655 655 656 657 656 656 656 657 657 657 658 658 658 658 658 659 659 658 659 659 659 660 660 659 659 660 660 660
477 477 479 480 479 620 621 622 623 624 625 625 626 628 628 628 629 629 630 631 631 633 633 634 635 634 635 636 636 637 638 638 639 640 639 640 641 641 642 643 643 644 644 644 645 646 646 647 648 648 648 648 649 650 649 650 651 650 651 652 652 653 653 653 653 653 654 655 654 655 655 655 656 655 656 657 657 656 657 657 658 657 658 658 658 658 658 659 658 658 659 658 659 660
476 477 477 477 479 619 620 621 621 623 624 624 625 626 625 626 628 628 629 630 630 631 632 632 632 633 634 635 636 636 637 638 638 638 639 639 640 641 641 642 643 642 643 644 644 645 646 646 647 646 646 647 647 648 649 649 649 650 650 650 651 651 652 652 652 653 652 653 654 654 654 654 654 655 655 656 655 655 656 657 656 657 656 657 657 657 658 657 657 658 657 658 658 657
474 476 476 476 617 618 619 620 621 621 622 623 624 624 625 625 626 627 627 629 630 630 631 631 631 632 633 633 634 635 635 636 636 636 637 638 638 639 640 640 640 641 641 642 643 643 644 645 644 645 645 646 647 647 648 648 647 648 649 649 650 651 650 650 650 651 652 652 653 652 652 653 654 654 654 653 654 655 654 655 656 655 655 655 656 656 656 656 656 656 657 657 657 656
473 473 474 475 616 617 618 618 619 621 621 622 622 622 623 625 625 626 627 627 628 629 628 629 630 631 632 633 633 634 635 634 635 636 636 637 638 638 639 639 639 640 641 641 642 643 643 643 643 644 644 644 645 646 645 646 647 647 648 649 648 648 649 649 650 650 650 651 650 651 652 651 652 653 652 653 652 653 654 654 654 654 654 655 654 655 655 654 655 655 655 656 655 655
471 471 473 474 615 615 616 618 618 619 619 619 620 622 622 623 624 624 625 626 626 627 628 628 629 630 630 631 632 632 632 633 633 634 635 635 636 637 636 637 638 638 639 640 640 641 640 641 642 642 643 644 644 645 645 644 645 646 646 647 648 647 647 648 648 649 649 649 649 649 650 651 651 651 651 651 652 651 652 653 652 652 653 653 654 653 653 654 653 654 654 653 654 654
469 471 471 472 613 614 615 616 616 616 617 619 619 620 621 621 622 623 624 624 625 625 626 627 627 628 629 629 630 631 631 632 633 633 634 635 635 635 636 636 637 638 638 639 639 639 639 639 640 641 641 642 643 642 643 644 644 644 645 645 645 646 646 647 646 647 648 647 648 649 648 649 650 649 649 649 650 651 651 650 651 651 651 652 652 652 651 652 653 652 653 652 652 653
468 469 470 610 612 613 613 614 614 615 616 617 617 618 619 619 621 622 621 622 623 623 624 625 626 627 628 629 628 629 630 630 631 632 632 633 633 633 634 634 635 636 636 637 637 637 638 639 639 640 640 640 640 641 641 642 643 643 644 643 643 644 645 645 646 646 645 646 646 647 648 647 647 648 648 648 648 649 649 648 649 650 650 650 649 650 650 650 651 652 650 651 650 651
467 467 468 610 610 611 612 611 613 614 614 615 616 616 617 619 619 619 620 620 621 622 622 624 625 625 626 626 626 627 628 628 629 630 630 630 631 631 632 633 633 634 635 634 635 636 636 637 638 638 639 639 638 639 640 640 641 642 641 642 642 642 643 643 644 644 644 644 645 645 646 647 645 646 647 647 647 647 647 648 647 648 649 648 648 648 649 649 649 649 649 649 650 649
465 465 466 608 609 608 609 610 611 612 613 613 614 615 616 617 617 617 618 619 619 620 621 622 623 624 623 624 625 625 626 627 627 628 628 628 629 630 630 631 632 632 633 633 633 634 635 635 636 637 636 637 637 637 638 639 639 639 640 640 641 641 641 642 641 642 643 642 643 644 644 644 644 644 645 646 645 645 645 646 646 646 647 647 646 647 647 647 648 647 647 648 648 648
463 464 604 606 606 606 607 608 609 610 611 612 612 613 615 614 615 616 616 617 618 618 619 621 621 621 622 622 623 624 624 625 626 625 626 627 627 628 629 629 630 631 630 631 632 632 633 634 634 634 635 635 635 636 636 637 638 637 638 639 639 639 639 639 640 640 641 641 641 642 642 642 642 643 643 644 643 643 644 644 644 645 644 644 645 645 646 645 645 646 645 646 646 646
461 462 603 602 604 605 605 606 607 608 609 610 610 611 611 612 613 614 615 615 616 617 617 617 619 619 620 621 621 622 623 623 623 624 624 625 626 626 627 628 628 628 629 629 630 631 631 632 632 632 633 633 633 634 635 635 635 636 636 637 636 637 638 637 638 639 638 639 640 639 640 640 640 641 642 641 641 641 642 642 642 643 643 642 643 644 643 643 643 643 644 644 644 644
458 459 600 601 601 603 604 604 605 606 607 608 608 608 609 610 610 612 613 613 614 615 614 615 616 616 618 619 620 620 621 621 621 622 623 623 624 625 625 626 626 626 627 628 628 629 630 630 630 630 630 631 632 632 633 633 633 634 633 634 635 635 635 636 636 636 637 637 637 638 637 638 639 639 639 639 639 640 639 640 641 640 640 641 641 641 642 641 641 641 642 642 641 642
456 456 598 599 599 600 601 603 603 604 605 604 606 607 607 608 609 609 610 612 612 612 613 613 614 615 615 616 617 617 617 618 619 620 621 621 622 623 624 623 624 625 625 625 626 626 627 627 627 628 629 629 630 630 630 631 630 631 632 632 633 633 633 633 634 634 635 636 634 635 636 636 637 637 636 637 638 637 638 638 638 638 638 639 639 639 639 639 639 640 639 640 640 639
454 595 595 596 598 598 599 600 600 602 602 602 603 604 605 606 607 608 608 609 609 609 610 612 612 613 614 614 615 615 615 616 617 617 618 619 619 620 620 620 621 622 622 623 624 624 624 625 625 626 627 627 627 627 627 628 629 629 630 631 629 630 631 631 632 633 632 632 633 633 634 634 634 634 635 634 635 635 636 635 635 636 637 636 637 637 636 637 638 637 638 637 637 638
451 592 594 594 595 596 597 598 599 598 599 600 601 602 603 603 604 605 606 606 607 608 608 609 610 610 611 612 611 613 614 614 615 616 616 617 618 617 618 619 619 620 621 621 622 622 621 622 623 623 624 625 624 625 626 626 627 627 627 627 628 628 629 629 629 630 630 630 631 631 631 632 632 631 632 633 633 633 633 633 634 633 634 635 633 634 635 634 635 635 634 635 635 635
449 590 591 591 592 594 595 594 595 597 597 598 599 599 600 602 602 603 603 603 604 605 605 606 608 609 609 609 610 610 611 612 612 613 614 614 614 615 615 616 617 617 618 619 618 619 620 620 621 622 622 621 622 622 623 624 624 625 625 625 625 626 626 627 628 627 627 628 628 629 629 629 629 630 630 630 630 631 630 630 631 632 631 632 632 631 632 633 632 632 632 632 633 632
447 587 588 590 590 591 591 591 593 594 594 595 596 597 598 599 600 599 600 601 601 603 604 604 605 606 605 606 607 607 608 609 610 610 611 611 611 612 613 613 614 615 615 615 616 616 617 618 618 619 619 619 620 621 620 621 622 622 622 623 623 623 624 624 624 625 625 625 626 626 627 627 626 627 627 628 628 627 628 628 628 629 630 628 629 630 629 630 631 629 630 629 630 631
584 585 585 587 588 587 588 590 590 591 592 592 593 595 595 595 596 597 597 599 600 600 601 602 602 602 603 603 604 605 605 607 608 608 608 609 609 610 611 611 612 613 613 613 613 614 614 615 616 616 616 617 617 618 619 619 619 619 619 620 621 621 621 622 621 622 623 623 623 624 623 624 623 624 625 625 624 625 625 626 626 626 626 626 626 627 627 627 627 627 627 627 627 627
581 582 582 583 584 584 585 587 588 588 589 590 591 592 592 592 593 594 594 596 597 597 598 599 599 599 600 601 601 602 604 604 605 605 605 606 607 607 608 609 609 609 610 610 611 611 611 612 613 612 613 614 615 615 616 617 615 616 617 617 618 619 619 618 619 619 620 620 620 620 620 621 621 621 622 622 621 622 623 623 623 623 623 623 624 624 624 624 624 624 624 624 625 624
578 579 579 580 581 582 582 583 585 585 586 587 588 588 589 590 590 591 592 593 594 595 595 595 596 596 597 598 599 599 600 602 601 602 603 603 604 605 605 606 606 606 607 608 607 608 609 609 609 610 610 611 612 612 613 613 612 613 614 614 615 616 614 615 616 616 617 617 616 617 618 618 618 619 619 619 619 619 620 620 620 620 620 620 621 621 620 621 621 621 622 621 621 621
574 575 576 577 578 579 580 580 581 583 583 583 584 584 586 587 588 588 589 590 590 591 592 592 593 594 594 595 596 596 596 597 597 598 599 600 600 602 602 601 602 603 603 604 605 605 606 606 606 607 608 608 609 610 608 609 610 610 611 612 612 611 612 612 613 614 613 614 614 614 615 615 615 616 616 615 616 617 616 617 617 617 617 618 618 618 618 617 618 618 618 618 617 618
571 571 573 574 574 575 577 578 578 579 580 580 581 582 582 583 585 585 586 587 586 587 588 589 590 591 592 592 593 593 593 594 595 595 596 597 597 598 598 598 599 600 601 601 602 603 602 603 604 604 605 605 605 605 606 606 607 608 608 608 608 608 609 610 610 610 611 610 611 611 611 612 613 611 612 613 613 613 614 613 613 614 614 614 615 614 614 615 615 615 615 614 615 615
568 569 569 570 572 572 573 574 575 575 576 576 577 579 580 580 581 582 582 583 584 584 585 586 586 587 588 589 588 590 591 591 592 593 593 594 595 594 595 596 596 597 598 598 599 599 599 599 600 601 601 602 602 602 603 604 603 604 605 604 605 606 605 606 607 607 607 607 607 608 609 608 608 609 609 609 610 610 610 610 610 611 611 611 611 611 611 611 611 612 611 611 611 612
564 565 566 567 568 569 570 570 571 571 572 574 574 575 576 576 578 579 579 579 580 581 581 582 584 584 585 585 585 586 587 587 588 589 590 590 590 591 591 592 593 593 594 595 595 595 854 599 599 599 599 599 599 599 599 600 601 601 601 601 601 602 603 603 603 603 603 604 605 604 605 605 605 605 606 606 606 607 606 607 607 607 608 607 607 607 607 608 608 607 607 608 608 608
