testData/tiles/oneDegreeCosts/grid8.0-27.0-9.0-28.0.asc
ncols   200
nrows   200
xllcorner   8.0
yllcorner   27.0
cellsize   0.005
NODATA_value   -9999.0
[rows 126 to 167 of 200, columns 0 to 93 of 200]
489 488 527 526 526 525 524 523 522 522 521 520 519 519 518 517 516 515 515 514 513 512 511 511 510 509 508 507 507 506 505 504 503 503 502 501 500 499 498 498 497 496 495 494 493 493 492 491 490 489 488 488 487 486 485 484 483 482 482 481 480 480 480 480 480 480 480 480 480 480 480 480 480 480 480 480 480 480 480 480 480 480 480 480 480 480 480 480 480 480 480 480 480 480
488 487 527 526 525 524 524 523 522 521 520 520 519 518 517 517 516 515 514 513 513 512 511 510 509 509 508 507 506 505 505 504 503 502 501 500 500 499 498 497 496 495 495 494 493 492 491 491 490 489 488 487 486 485 485 484 483 482 481 480 480 480 480 480 480 480 480 480 480 480 480 480 480 480 480 480 480 480 480 480 480 480 480 480 480 480 480 480 480 480 480 480 480 480
488 487 526 525 525 524 523 522 521 521 520 519 518 518 517 516 515 514 514 513 512 511 510 510 509 508 507 506 506 505 504 503 502 502 501 500 499 498 498 497 496 495 494 493 493 492 491 490 489 488 488 487 486 485 484 483 483 482 481 480 480 480 480 480 480 480 480 480 480 480 480 480 480 480 480 480 480 480 480 480 480 480 480 480 480 480 480 480 480 480 480 480 480 480
487 486 525 525 524 523 522 522 521 520 519 519 518 517 516 516 515 514 513 512 512 511 510 509 508 508 507 506 505 504 504 503 502 501 500 500 499 498 497 496 495 495 494 493 492 491 491 490 489 488 487 486 486 485 484 483 482 481 480 480 480 480 480 480 480 480 480 480 480 480 480 480 480 480 480 480 480 480 480 480 480 480 480 480 480 480 480 480 480 480 480 480 480 480
486 486 525 524 523 523 522 521 520 520 519 518 517 517 516 515 514 513 513 512 511 510 510 509 508 507 506 506 505 504 503 502 502 501 500 499 498 497 497 496 495 494 493 493 492 491 490 489 488 488 487 486 485 484 483 483 482 481 480 480 480 480 480 480 480 480 480 480 480 480 480 480 480 480 480 480 480 480 480 480 480 480 480 480 480 480 480 480 480 480 480 480 480 480
486 485 524 524 523 522 521 521 520 519 518 518 517 516 515 515 514 513 512 511 511 510 509 508 507 507 506 505 504 503 503 502 501 500 499 499 498 497 496 495 495 494 493 492 491 490 490 489 488 487 486 486 485 484 483 482 481 481 480 480 480 480 480 480 480 480 480 480 480 480 480 480 480 480 480 480 480 480 480 480 480 480 480 480 480 480 480 480 480 480 480 480 480 480
485 485 484 523 522 522 521 520 519 519 518 517 516 516 515 514 513 512 512 511 510 509 509 508 507 506 505 505 504 503 502 501 501 500 499 498 497 497 496 495 494 493 493 492 491 490 489 488 488 487 486 485 484 483 483 482 481 480 480 480 480 480 480 480 480 480 480 480 480 480 480 480 480 480 480 480 480 480 480 480 480 480 480 480 480 480 480 480 480 480 480 480 480 480
485 484 483 523 522 521 520 520 519 518 517 517 516 515 514 513 513 512 511 510 510 509 508 507 506 506 505 504 503 503 502 501 500 499 499 498 497 496 495 494 494 493 492 491 490 490 489 488 487 486 486 485 484 483 482 481 481 480 480 480 480 480 480 480 480 480 480 480 480 480 480 480 480 480 480 480 480 480 480 480 480 480 480 480 480 480 480 480 480 480 480 480 480 480
484 483 483 522 521 520 520 519 518 517 517 516 515 514 514 513 512 511 511 510 509 508 508 507 506 505 504 504 503 502 501 500 500 499 498 497 496 496 495 494 493 492 492 491 490 489 488 488 487 486 485 484 483 483 482 481 480 480 480 480 480 480 480 480 480 480 480 480 480 480 480 480 480 480 480 480 480 480 480 480 480 480 480 480 480 480 480 480 480 480 480 480 480 480
484 483 482 521 521 520 519 518 518 517 516 515 515 514 513 512 512 511 510 509 509 508 507 506 505 505 504 503 502 502 501 500 499 498 498 497 496 495 494 494 493 492 491 490 490 489 488 487 486 485 485 484 483 482 481 481 480 480 480 480 480 480 480 480 480 480 480 480 480 480 480 480 480 480 480 480 480 480 480 480 480 480 480 480 480 480 480 480 480 480 480 480 480 480
483 482 482 521 520 519 519 518 517 516 516 515 514 513 513 512 511 510 510 509 508 507 507 506 505 504 503 503 502 501 500 499 499 498 497 496 496 495 494 493 492 492 491 490 489 488 487 487 486 485 484 483 483 482 481 480 480 480 480 480 480 480 480 480 480 480 480 480 480 480 480 480 480 480 480 480 480 480 480 480 480 480 480 480 480 480 480 480 480 480 480 480 480 480
482 482 481 520 520 519 518 517 517 516 515 514 514 513 512 511 511 510 509 508 508 507 506 505 504 504 503 502 501 501 500 499 498 497 497 496 495 494 493 493 492 491 490 489 489 488 487 486 485 485 484 483 482 481 480 480 480 480 480 480 480 480 480 480 480 480 480 480 480 480 480 480 480 480 480 480 480 480 480 480 480 480 480 480 480 480 480 480 480 480 480 480 480 480
482 481 480 520 519 518 517 517 516 515 515 514 513 512 512 511 510 509 509 508 507 506 505 505 504 503 502 502 501 500 499 498 498 497 496 495 495 494 493 492 491 491 490 489 488 487 487 486 485 484 483 482 482 481 480 480 480 480 480 480 480 480 480 480 480 480 480 480 480 480 480 480 480 480 480 480 480 480 480 480 480 480 480 480 480 480 480 480 480 480 480 480 480 480
481 481 480 519 518 518 517 516 515 515 514 513 513 512 511 510 510 509 508 507 506 506 505 504 503 503 502 501 500 500 499 498 497 496 496 495 494 493 492 492 491 490 489 488 488 487 486 485 484 484 483 482 481 480 480 480 480 480 480 480 480 480 480 480 480 480 480 480 480 480 480 480 480 480 480 480 480 480 480 480 480 480 480 480 480 480 480 480 480 480 480 480 480 480
481 480 479 478 518 517 516 516 515 514 513 513 512 511 510 510 509 508 507 507 506 505 504 504 503 502 501 501 500 499 498 497 497 496 495 494 494 493 492 491 490 490 489 488 487 486 486 485 484 483 482 482 481 480 480 480 480 480 480 480 480 480 480 480 480 480 480 480 480 480 480 480 480 480 480 480 480 480 480 480 480 480 480 480 480 480 480 480 480 480 480 480 480 480
480 479 479 478 517 516 516 515 514 514 513 512 511 511 510 509 508 508 507 506 505 505 504 503 502 502 501 500 499 499 498 497 496 495 495 494 493 492 492 491 490 489 488 488 487 486 485 484 484 483 482 481 480 480 480 480 480 480 480 480 480 480 480 480 480 480 480 480 480 480 480 480 480 480 480 480 480 480 480 480 480 480 480 480 480 480 480 480 480 480 480 480 480 480
479 479 478 477 517 516 515 514 514 513 512 512 511 510 509 509 508 507 506 506 505 504 503 503 502 501 500 500 499 498 497 496 496 495 494 493 493 492 491 490 489 489 488 487 486 485 485 484 483 482 481 481 480 480 480 480 480 480 480 480 480 480 480 480 480 480 480 480 480 480 480 480 480 480 480 480 480 480 480 480 480 480 480 480 480 480 480 480 480 480 480 480 480 480
479 478 477 477 516 515 515 514 513 512 512 511 510 510 509 508 507 507 506 505 504 504 503 502 501 501 500 499 498 497 497 496 495 494 494 493 492 491 491 490 489 488 487 487 486 485 484 483 483 482 481 480 480 480 480 480 480 480 480 480 480 480 480 480 480 480 480 480 480 480 480 480 480 480 480 480 480 480 480 480 480 480 480 480 480 480 480 480 480 480 480 480 480 480
478 477 477 476 515 515 514 513 513 512 511 510 510 509 508 507 507 506 505 505 504 503 502 502 501 500 499 498 498 497 496 495 495 494 493 492 492 491 490 489 488 488 487 486 485 485 484 483 482 481 481 480 480 480 480 480 480 480 480 480 480 480 480 480 480 480 480 480 480 480 480 480 480 480 480 480 480 480 480 480 480 480 480 480 480 480 480 480 480 480 480 480 480 480
478 477 476 475 515 514 513 513 512 511 511 510 509 508 508 507 506 505 505 504 503 502 502 501 500 499 499 498 497 496 496 495 494 493 493 492 491 490 490 489 488 487 486 486 485 484 483 482 482 481 480 480 480 480 480 480 480 480 480 480 480 480 480 480 480 480 480 480 480 480 480 480 480 480 480 480 480 480 480 480 480 480 480 480 480 480 480 480 480 480 480 480 480 480
477 476 476 475 514 513 513 512 511 511 510 509 508 508 507 506 506 505 504 503 503 502 501 500 500 499 498 497 497 496 495 494 494 493 492 491 491 490 489 488 487 487 486 485 484 484 483 482 481 480 480 480 480 480 480 480 480 480 480 480 480 480 480 480 480 480 480 480 480 480 480 480 480 480 480 480 480 480 480 480 480 480 480 480 480 480 480 480 480 480 480 480 480 480
476 476 475 474 514 513 512 511 511 510 509 509 508 507 506 506 505 504 504 503 502 501 501 500 499 498 498 497 496 495 495 494 493 492 492 491 490 489 488 488 487 486 485 485 484 483 482 481 481 480 480 480 480 480 480 480 480 480 480 480 480 480 480 480 480 480 480 480 480 480 480 480 480 480 480 480 480 480 480 480 480 480 480 480 480 480 480 480 480 480 480 480 480 480
476 475 474 474 513 512 512 511 510 509 509 508 507 507 506 505 504 504 503 502 502 501 500 499 499 498 497 496 496 495 494 493 493 492 491 490 490 489 488 487 486 486 485 484 483 483 482 481 480 480 480 480 480 480 480 480 480 480 480 480 480 480 480 480 480 480 480 480 480 480 480 480 480 480 480 480 480 480 480 480 480 480 480 480 480 480 480 480 480 480 480 480 480 480
475 474 474 473 472 512 511 510 510 509 508 507 507 506 505 505 504 503 502 502 501 500 499 499 498 497 497 496 495 494 494 493 492 491 491 490 489 488 487 487 486 485 484 484 483 482 481 480 480 480 480 480 480 480 480 480 480 480 480 480 480 480 480 480 480 480 480 480 480 480 480 480 480 480 480 480 480 480 480 480 480 480 480 480 480 480 480 480 480 480 480 480 480 480
474 474 473 472 472 511 510 510 509 508 508 507 506 505 505 504 503 503 502 501 500 500 499 498 497 497 496 495 494 494 493 492 491 491 490 489 488 488 487 486 485 485 484 483 482 482 481 480 480 480 480 480 480 480 480 480 480 480 480 480 480 480 480 480 480 480 480 480 480 480 480 480 480 480 480 480 480 480 480 480 480 480 480 480 480 480 480 480 480 480 480 480 480 480
474 473 472 472 471 510 510 509 508 508 507 506 506 505 504 503 503 502 501 501 500 499 498 498 497 496 495 495 494 493 492 492 491 490 489 489 488 487 486 486 485 484 483 483 482 481 480 480 480 480 480 480 480 480 480 480 480 480 480 480 480 480 480 480 480 480 480 480 480 480 480 480 480 480 480 480 480 480 480 480 480 480 480 480 480 480 480 480 480 480 480 480 480 480
473 472 472 471 470 510 509 508 508 507 506 506 505 504 504 503 502 501 501 500 499 498 498 497 496 496 495 494 493 493 492 491 490 490 489 488 487 487 486 485 484 484 483 482 481 481 480 480 480 480 480 480 480 480 480 480 480 480 480 480 480 480 480 480 480 480 480 480 480 480 480 480 480 480 480 480 480 480 480 480 480 480 480 480 480 480 480 480 480 480 480 480 480 480
472 472 471 470 470 509 508 508 507 506 506 505 504 504 503 502 501 501 500 499 499 498 497 496 496 495 494 494 493 492 491 491 490 489 488 488 487 486 485 485 484 483 482 482 481 480 480 480 480 480 480 480 480 480 480 480 480 480 480 480 480 480 480 480 480 480 480 480 480 480 480 480 480 480 480 480 480 480 480 480 480 480 480 480 480 480 480 480 480 480 480 480 480 480
472 471 471 470 470 508 508 507 506 506 505 504 504 503 503 503 502 501 500 500 499 498 498 497 496 495 495 494 493 493 492 491 490 490 489 488 487 487 486 485 484 484 483 482 481 480 480 480 480 480 480 480 480 480 480 480 480 480 480 480 480 480 480 480 480 480 480 480 480 480 480 480 480 480 480 480 480 480 480 480 480 480 480 480 480 480 480 480 480 480 480 480 480 480
471 471 470 470 470 509 508 508 507 506 505 505 504 503 503 502 501 501 500 499 498 498 497 496 496 495 494 493 493 492 491 490 490 489 488 487 487 486 485 484 484 483 482 481 481 480 480 480 480 480 480 480 480 480 480 480 480 480 480 480 480 480 480 480 480 480 480 480 480 480 480 480 480 480 480 480 480 480 480 480 480 480 480 480 480 480 480 480 480 480 480 480 480 480
472 471 470 470 469 468 508 507 506 506 505 504 503 503 502 501 501 500 500 500 499 498 497 497 496 495 495 494 493 492 492 491 490 489 489 488 487 486 486 485 484 483 483 482 481 480 480 480 480 480 480 480 480 480 480 480 480 480 480 480 480 480 480 480 480 480 480 480 480 480 480 480 480 480 480 480 480 480 480 480 480 480 480 480 480 480 480 480 480 480 480 480 480 480
471 470 470 469 468 468 508 507 507 506 505 505 504 503 502 502 501 500 500 499 498 498 497 496 495 495 494 493 493 492 491 490 490 489 488 487 487 486 485 484 484 483 482 481 481 480 480 480 480 480 480 480 480 480 480 480 480 480 480 480 480 480 480 480 480 480 480 480 480 480 480 480 480 480 480 480 480 480 480 480 480 480 480 480 480 480 480 480 480 480 480 480 480 480
471 471 470 469 469 468 507 507 506 505 505 504 503 503 502 501 500 500 499 498 498 497 496 496 496 495 494 494 493 492 491 491 490 489 489 488 487 486 486 485 484 483 483 482 481 480 480 480 480 480 480 480 480 480 480 480 480 480 480 480 480 480 480 480 480 480 480 480 480 480 480 480 480 480 480 480 480 480 480 480 480 480 480 480 480 480 480 480 480 480 480 480 480 480
471 470 469 469 468 468 507 506 506 506 505 504 504 503 502 502 501 500 499 499 498 497 497 496 495 495 494 493 492 492 491 490 489 489 488 487 487 486 485 484 484 483 482 481 481 480 480 480 480 480 480 480 480 480 480 480 480 480 480 480 480 480 480 480 480 480 480 480 480 480 480 480 480 480 480 480 480 480 480 480 480 480 480 480 480 480 480 480 480 480 480 480 480 480
471 470 470 469 468 468 507 506 506 505 504 504 503 502 502 501 500 500 499 498 497 497 496 495 495 494 493 492 492 491 490 490 489 488 487 487 486 485 484 484 483 482 482 481 480 480 480 480 480 480 480 480 480 480 480 480 480 480 480 480 480 480 480 480 480 480 480 480 480 480 480 480 480 480 480 480 480 480 480 480 480 480 480 480 480 480 480 480 480 480 480 480 480 480
470 470 469 468 468 467 506 506 505 504 504 503 503 503 502 501 501 500 499 499 498 497 496 496 495 494 494 493 492 491 491 490 489 489 488 487 486 486 485 484 483 483 482 481 480 480 480 480 480 480 480 480 480 480 480 480 480 480 480 480 480 480 480 480 480 480 480 480 480 480 480 480 480 480 480 480 480 480 480 480 480 480 480 480 480 480 480 480 480 480 480 480 480 480
470 469 469 469 468 467 507 506 505 505 504 503 503 502 501 501 500 499 499 498 497 497 496 495 494 494 493 492 492 491 490 489 489 488 487 487 486 485 484 484 483 482 481 481 480 480 480 480 480 480 480 480 480 480 480 480 480 480 480 480 480 480 480 480 480 480 480 480 480 480 480 480 480 480 480 480 480 480 480 480 480 480 480 480 480 480 480 480 480 480 480 480 480 480
470 469 469 468 467 467 466 505 505 504 503 503 502 501 501 500 499 499 499 498 498 497 496 496 495 494 493 493 492 491 491 490 489 488 488 487 486 486 485 484 483 483 482 481 480 480 480 480 480 480 480 480 480 480 480 480 480 480 480 480 480 480 480 480 480 480 480 480 480 480 480 480 480 480 480 480 480 480 480 480 480 480 480 480 480 480 480 480 480 480 480 480 480 480
469 469 468 467 467 466 466 506 505 504 504 503 502 502 501 500 500 499 498 498 497 496 496 495 494 493 493 492 491 491 490 489 489 488 487 486 486 485 484 483 483 482 481 481 480 480 480 480 480 480 480 480 480 480 480 480 480 480 480 480 480 480 480 480 480 480 480 480 480 480 480 480 480 480 480 480 480 480 480 480 480 480 480 480 480 480 480 480 480 480 480 480 480 480
469 469 468 468 467 466 466 505 504 504 503 502 502 501 500 500 499 498 498 497 496 496 495 494 494 493 492 492 492 491 490 490 489 488 488 487 486 485 485 484 483 482 481 480 480 480 480 480 480 480 480 480 480 480 480 480 480 480 480 480 480 480 480 480 480 480 480 480 480 480 480 480 480 480 480 480 480 480 480 480 480 480 480 480 480 480 480 480 480 480 480 480 480 480
469 468 468 467 466 466 465 504 504 503 503 503 502 501 501 500 499 499 498 497 497 496 495 495 494 493 493 492 491 490 490 489 488 488 487 486 485 485 484 483 483 482 481 480 480 480 480 480 480 480 480 480 480 480 480 480 480 480 480 480 480 480 480 480 480 480 480 480 480 480 480 480 480 480 480 480 480 480 480 480 480 480 480 480 480 480 480 480 480 480 480 480 480 480
468 468 468 467 467 466 465 505 504 503 503 502 501 501 500 499 499 498 497 497 496 495 495 494 493 493 492 491 491 490 489 488 488 487 486 486 485 484 483 483 482 481 481 480 480 480 480 480 480 480 480 480 480 480 480 480 480 480 480 480 480 480 480 480 480 480 480 480 480 480 480 480 480 480 480 480 480 480 480 480 480 480 480 480 480 480 480 480 480 480 480 480 480 480
