testData/tiles/oneDegreeCosts/grid44.0-33.0-45.0-34.0.asc
ncols   200
nrows   200
xllcorner   44.0
yllcorner   33.0
cellsize   0.005
NODATA_value   -9999.0
[rows 0 to 40 of 200, columns 0 to 91 of 200]
1052 1054 1055 1056 1058 1059 1060 1062 1063 1064 1065 1066 1068 1069 1070 1071 1072 1295 1296 1297 1045 1046 1047 1048 1049 1050 1051 1052 1053 1054 1054 1055 1056 1057 1058 1059 1059 1060 1061 1062 1063 1063 1064 1065 1066 1066 1067 1068 1069 1069 1070 1071 1071 1072 1073 1073 1074 1075 1075 1076 1077 1077 1078 1079 1079 1080 1080 1081 1082 1082 1083 1083 1084 1085 1085 1086 1086 1087 1087 1088 1088 1089 1090 1090 1091 1091 1092 1092 1093 1093 1094 1094
1052 1053 1055 1056 1058 1059 1060 1061 1063 1064 1065 1066 1067 1069 1070 1071 1072 1295 1296 1044 1045 1046 1047 1048 1049 1050 1051 1052 1053 1053 1054 1055 1056 1057 1058 1059 1059 1060 1061 1062 1063 1063 1064 1065 1066 1066 1067 1068 1068 1069 1070 1071 1071 1072 1073 1073 1074 1075 1075 1076 1077 1077 1078 1079 1079 1080 1080 1081 1082 1082 1083 1083 1084 1084 1085 1086 1086 1087 1087 1088 1088 1089 1089 1090 1091 1091 1092 1092 1093 1093 1094 1094
1052 1053 1055 1056 1057 1059 1060 1061 1063 1064 1065 1066 1067 1068 1070 1071 1072 1073 1043 1044 1045 1046 1047 1048 1049 1050 1051 1051 1052 1053 1054 1055 1056 1057 1058 1058 1059 1060 1061 1062 1062 1063 1064 1065 1065 1066 1067 1068 1068 1069 1070 1071 1071 1072 1073 1073 1074 1075 1075 1076 1077 1077 1078 1078 1079 1080 1080 1081 1081 1082 1083 1083 1084 1084 1085 1086 1086 1087 1087 1088 1088 1089 1089 1090 1090 1091 1091 1092 1093 1093 1094 1094
1052 1053 1054 1056 1057 1059 1060 1061 1062 1064 1065 1066 1067 1068 1069 1070 1072 1073 821 1044 1045 1046 1047 1048 1049 1050 1050 1051 1052 1053 1054 1055 1056 1057 1057 1058 1059 1060 1061 1062 1062 1063 1064 1065 1065 1066 1067 1068 1068 1069 1070 1070 1071 1072 1072 1073 1074 1074 1075 1076 1076 1077 1078 1078 1079 1080 1080 1081 1081 1082 1083 1083 1084 1084 1085 1085 1086 1087 1087 1088 1088 1089 1089 1090 1090 1091 1091 1092 1092 1093 1093 1094
1051 1053 1054 1056 1057 1058 1060 1061 1062 1063 1065 1066 1067 1068 1069 1070 1071 819 821 1044 1045 1046 1047 1048 1048 1049 1050 1051 1052 1053 1054 1055 1056 1057 1057 1058 1059 1060 1061 1061 1062 1063 1064 1065 1065 1066 1067 1067 1068 1069 1070 1070 1071 1072 1072 1073 1074 1074 1075 1076 1076 1077 1078 1078 1079 1079 1080 1081 1081 1082 1082 1083 1084 1084 1085 1085 1086 1086 1087 1088 1088 1089 1089 1090 1090 1091 1091 1092 1092 1093 1093 1094
1051 1053 1054 1055 1057 1058 1060 1061 1062 1063 1064 1066 1067 1068 1069 1070 818 819 820 821 1044 1045 1046 1047 1048 1049 1050 1051 1052 1053 1054 1055 1056 1056 1057 1058 1059 1060 1061 1061 1062 1063 1064 1064 1065 1066 1067 1067 1068 1069 1070 1070 1071 1072 1072 1073 1074 1074 1075 1076 1076 1077 1078 1078 1079 1079 1080 1081 1081 1082 1082 1083 1084 1084 1085 1085 1086 1086 1087 1087 1088 1089 1089 1090 1090 1091 1091 1092 1092 1093 1093 1094
1051 1052 1054 1055 1057 1058 1059 1061 1062 1063 1064 1065 1067 1068 1069 1070 818 819 820 821 822 1045 1046 1047 1048 1049 1050 1051 1052 1053 1054 1055 1055 1056 1057 1058 1059 1060 1060 1061 1062 1063 1064 1064 1065 1066 1067 1067 1068 1069 1069 1070 1071 1071 1072 1073 1074 1074 1075 1075 1076 1077 1077 1078 1079 1079 1080 1081 1081 1082 1082 1083 1083 1084 1085 1085 1086 1086 1087 1087 1088 1088 1089 1090 1090 1091 1091 1092 1092 1093 1093 1094
1051 1052 1054 1055 1056 1058 1059 1060 1062 1063 1064 1065 1066 1068 1069 817 818 819 820 821 822 1045 1046 1047 1048 1049 1050 1051 1052 1053 1054 1054 1055 1056 1057 1058 1059 1059 1060 1061 1062 1063 1063 1064 1065 1066 1066 1067 1068 1069 1069 1070 1071 1071 1072 1073 1073 1074 1075 1075 1076 1077 1077 1078 1079 1079 1080 1080 1081 1082 1082 1083 1083 1084 1085 1085 1086 1086 1087 1087 1088 1088 1089 1089 1090 1091 1091 1092 1092 1093 1093 1094
1051 1052 1053 1055 1056 1058 1059 1060 1062 1063 1064 1065 1066 1067 816 817 818 819 820 821 822 823 1046 1047 1048 1049 1050 1051 1052 1053 1053 1054 1055 1056 1057 1058 1059 1059 1060 1061 1062 1063 1063 1064 1065 1066 1066 1067 1068 1068 1069 1070 1071 1071 1072 1073 1073 1074 1075 1075 1076 1077 1077 1078 1078 1079 1080 1080 1081 1081 1082 1083 1083 1084 1084 1085 1086 1086 1087 1087 1088 1088 1089 1089 1090 1090 1091 1091 1092 1092 1093 1093
1050 1052 1053 1055 1056 1057 1059 1060 1061 1063 1064 1065 1066 1067 815 817 818 819 820 821 822 823 824 1047 1048 1049 1050 1051 1051 1052 1053 1054 1055 1056 1057 1058 1058 1059 1060 1061 1062 1062 1063 1064 1065 1065 1066 1067 1068 1068 1069 1070 1070 1071 1072 1073 1073 1074 1075 1075 1076 1076 1077 1078 1078 1079 1080 1080 1081 1081 1082 1083 1083 1084 1084 1085 1085 1086 1087 1087 1088 1088 1089 1089 1090 1090 1091 1091 1092 1092 1093 1093
1050 1052 1053 1054 1056 1057 1059 1060 1061 1062 1064 1065 1066 814 815 816 817 819 820 821 822 823 824 1047 1048 1049 1049 1050 1051 1052 1053 1054 1055 1056 1057 1057 1058 1059 1060 1061 1061 1062 1063 1064 1065 1065 1066 1067 1067 1068 1069 1070 1070 1071 1072 1072 1073 1074 1074 1075 1076 1076 1077 1078 1078 1079 1079 1080 1081 1081 1082 1082 1083 1084 1084 1085 1085 1086 1086 1087 1088 1088 1089 1089 1090 1090 1091 1091 1092 1092 1093 1093
1050 1051 1053 1054 1056 1057 1058 1060 1061 1062 1063 1065 813 814 815 816 817 818 819 820 821 822 823 824 1047 1048 1049 1050 1051 1052 1053 1054 1055 1056 1056 1057 1058 1059 1060 1061 1061 1062 1063 1064 1064 1065 1066 1067 1067 1068 1069 1069 1070 1071 1072 1072 1073 1074 1074 1075 1076 1076 1077 1077 1078 1079 1079 1080 1081 1081 1082 1082 1083 1083 1084 1085 1085 1086 1086 1087 1087 1088 1089 1089 1090 1090 1091 1091 1092 1092 1093 1093
1050 1051 1053 1054 1055 1057 1058 1059 1061 1062 1063 811 813 814 815 816 817 818 819 820 821 822 823 824 825 1048 1049 1050 1051 1052 1053 1054 1055 1055 1056 1057 1058 1059 1060 1060 1061 1062 1063 1063 1064 1065 1066 1066 1067 1068 1069 1069 1070 1071 1071 1072 1073 1073 1074 1075 1075 1076 1077 1077 1078 1079 1079 1080 1080 1081 1082 1082 1083 1083 1084 1085 1085 1086 1086 1087 1087 1088 1088 1089 1089 1090 1091 1091 1092 1092 1093 1093
1049 1051 1052 1054 1055 1057 1058 1059 1060 1062 1063 811 812 814 815 816 817 818 819 820 821 822 823 824 825 1048 1049 1050 1051 1052 1053 1054 1054 1055 1056 1057 1058 1059 1059 1060 1061 1062 1063 1063 1064 1065 1066 1066 1067 1068 1069 1069 1070 1071 1071 1072 1073 1073 1074 1075 1075 1076 1077 1077 1078 1078 1079 1080 1080 1081 1081 1082 1083 1083 1084 1084 1085 1086 1086 1087 1087 1088 1088 1089 1089 1090 1090 1091 1091 1092 1092 1093
1049 1051 1052 1054 1055 1056 1058 1059 1060 1062 810 811 812 813 814 816 817 818 819 820 821 822 823 824 825 826 1049 1050 1051 1052 1052 1053 1054 1055 1056 1057 1058 1058 1059 1060 1061 1062 1062 1063 1064 1065 1065 1066 1067 1068 1068 1069 1070 1070 1071 1072 1073 1073 1074 1075 1075 1076 1076 1077 1078 1078 1079 1080 1080 1081 1081 1082 1083 1083 1084 1084 1085 1085 1086 1087 1087 1088 1088 1089 1089 1090 1090 1091 1091 1092 1092 1093
1049 1050 1052 1053 1055 1056 1057 1059 1060 808 810 811 812 813 814 815 816 818 819 820 821 822 823 824 825 826 827 1050 1050 1051 1052 1053 1054 1055 1056 1057 1057 1058 1059 1060 1061 1061 1062 1063 1064 1065 1065 1066 1067 1068 1068 1069 1070 1070 1071 1072 1072 1073 1074 1074 1075 1076 1076 1077 1078 1078 1079 1079 1080 1081 1081 1082 1082 1083 1084 1084 1085 1085 1086 1086 1087 1087 1088 1089 1089 1090 1090 1091 1091 1092 1092 1093
1048 1050 1052 1053 1054 1056 1057 1058 807 808 809 811 812 813 814 815 816 817 818 819 821 822 823 824 825 825 826 1049 1050 1051 1052 1053 1054 1055 1056 1056 1057 1058 1059 1060 1061 1061 1062 1063 1064 1064 1065 1066 1067 1067 1068 1069 1069 1070 1071 1072 1072 1073 1074 1074 1075 1076 1076 1077 1077 1078 1079 1079 1080 1081 1081 1082 1082 1083 1083 1084 1085 1085 1086 1086 1087 1087 1088 1088 1089 1089 1090 1091 1091 1092 1092 1093
1048 1050 1051 1053 1054 1056 1057 1058 807 808 809 810 811 813 814 815 816 817 818 819 820 821 822 823 824 825 826 827 1050 1051 1052 1053 1054 1055 1055 1056 1057 1058 1059 1060 1060 1061 1062 1063 1063 1064 1065 1066 1066 1067 1068 1069 1069 1070 1071 1071 1072 1073 1073 1074 1075 1075 1076 1077 1077 1078 1079 1079 1080 1080 1081 1082 1082 1083 1083 1084 1084 1085 1086 1086 1087 1087 1088 1088 1089 1089 1090 1090 1091 1091 1092 1092
1048 1049 1051 1052 1054 1055 1057 805 806 808 809 810 811 812 814 815 816 817 818 819 820 821 822 823 824 825 826 827 828 1051 1052 1053 1054 1054 1055 1056 1057 1058 1059 1059 1060 1061 1062 1063 1063 1064 1065 1066 1066 1067 1068 1068 1069 1070 1071 1071 1072 1073 1073 1074 1075 1075 1076 1077 1077 1078 1078 1079 1080 1080 1081 1081 1082 1083 1083 1084 1084 1085 1085 1086 1087 1087 1088 1088 1089 1089 1090 1090 1091 1091 1092 1092
1048 1049 1051 1052 1054 1055 803 805 806 807 809 810 811 812 813 814 816 817 818 819 820 821 822 823 824 825 826 827 828 1051 1052 1052 1053 1054 1055 1056 1057 1058 1058 1059 1060 1061 1062 1062 1063 1064 1065 1065 1066 1067 1068 1068 1069 1070 1070 1071 1072 1072 1073 1074 1074 1075 1076 1076 1077 1078 1078 1079 1079 1080 1081 1081 1082 1082 1083 1084 1084 1085 1085 1086 1086 1087 1087 1088 1089 1089 1090 1090 1091 1091 1092 1092
1047 1049 1050 1052 1053 802 803 804 806 807 808 810 811 812 813 814 815 816 818 819 820 821 822 823 824 825 826 827 828 828 1051 1052 1053 1054 1055 1056 1057 1057 1058 1059 1060 1061 1061 1062 1063 1064 1064 1065 1066 1067 1067 1068 1069 1070 1070 1071 1072 1072 1073 1074 1074 1075 1076 1076 1077 1077 1078 1079 1079 1080 1081 1081 1082 1082 1083 1083 1084 1085 1085 1086 1086 1087 1087 1088 1088 1089 1089 1090 1091 1091 1092 1092
1047 1048 1050 1052 800 801 803 804 805 807 808 809 810 812 813 814 815 816 817 818 819 820 821 823 823 824 825 826 827 828 829 1052 1053 1054 1055 1056 1056 1057 1058 1059 1060 1060 1061 1062 1063 1064 1064 1065 1066 1067 1067 1068 1069 1069 1070 1071 1071 1072 1073 1073 1074 1075 1075 1076 1077 1077 1078 1079 1079 1080 1080 1081 1082 1082 1083 1083 1084 1084 1085 1086 1086 1087 1087 1088 1088 1089 1089 1090 1090 1091 1091 1092
1047 1048 1050 1051 800 801 803 804 805 806 808 809 810 811 813 814 815 816 817 818 819 820 821 822 823 824 825 826 827 828 829 1052 1053 1054 1054 1055 1056 1057 1058 1059 1059 1060 1061 1062 1063 1063 1064 1065 1066 1066 1067 1068 1068 1069 1070 1071 1071 1072 1073 1073 1074 1075 1075 1076 1077 1077 1078 1078 1079 1080 1080 1081 1081 1082 1083 1083 1084 1084 1085 1085 1086 1087 1087 1088 1088 1089 1089 1090 1090 1091 1091 1092
1046 1048 1049 798 799 801 802 804 805 806 807 809 810 811 812 813 815 816 817 818 819 820 821 822 823 824 825 826 827 828 829 830 1053 1053 1054 1055 1056 1057 1058 1058 1059 1060 1061 1062 1062 1063 1064 1065 1065 1066 1067 1068 1068 1069 1070 1070 1071 1072 1072 1073 1074 1074 1075 1076 1076 1077 1078 1078 1079 1079 1080 1081 1081 1082 1082 1083 1084 1084 1085 1085 1086 1086 1087 1087 1088 1089 1089 1090 1090 1091 1091 1092
1046 1047 796 798 799 800 802 803 805 806 807 808 810 811 812 813 814 815 817 818 819 820 821 822 823 824 825 826 827 828 828 829 830 1053 1054 1055 1056 1057 1057 1058 1059 1060 1061 1061 1062 1063 1064 1064 1065 1066 1067 1067 1068 1069 1070 1070 1071 1072 1072 1073 1074 1074 1075 1076 1076 1077 1077 1078 1079 1079 1080 1080 1081 1082 1082 1083 1083 1084 1085 1085 1086 1086 1087 1087 1088 1088 1089 1089 1090 1090 1091 1091
1045 794 796 797 799 800 802 803 804 806 807 808 809 811 812 813 814 815 816 817 818 820 821 822 823 824 825 825 826 827 828 829 830 831 1054 1055 1056 1056 1057 1058 1059 1060 1060 1061 1062 1063 1064 1064 1065 1066 1067 1067 1068 1069 1069 1070 1071 1071 1072 1073 1073 1074 1075 1075 1076 1077 1077 1078 1078 1079 1080 1080 1081 1081 1082 1083 1083 1084 1084 1085 1085 1086 1087 1087 1088 1088 1089 1089 1090 1090 1091 1091
792 794 795 797 798 800 801 803 804 805 807 808 809 810 811 813 814 815 816 817 818 819 820 821 822 823 824 825 826 827 828 829 830 831 1054 1054 1055 1056 1057 1058 1059 1059 1060 1061 1062 1063 1063 1064 1065 1066 1066 1067 1068 1068 1069 1070 1071 1071 1072 1073 1073 1074 1075 1075 1076 1076 1077 1078 1078 1079 1080 1080 1081 1081 1082 1082 1083 1084 1084 1085 1085 1086 1086 1087 1087 1088 1089 1089 1090 1090 1091 1091
792 793 795 796 798 799 801 802 804 805 806 808 809 810 811 812 814 815 816 817 818 819 820 821 822 823 824 825 826 827 828 829 830 831 831 1054 1055 1056 1057 1058 1058 1059 1060 1061 1062 1062 1063 1064 1065 1065 1066 1067 1068 1068 1069 1070 1070 1071 1072 1072 1073 1074 1074 1075 1076 1076 1077 1078 1078 1079 1079 1080 1081 1081 1082 1082 1083 1083 1084 1085 1085 1086 1086 1087 1087 1088 1088 1089 1089 1090 1090 1091
791 793 795 796 798 799 801 802 803 805 806 807 808 810 811 812 813 814 815 817 818 819 820 821 822 823 824 825 826 827 828 828 829 830 831 832 1055 1056 1057 1057 1058 1059 1060 1061 1061 1062 1063 1064 1064 1065 1066 1067 1067 1068 1069 1069 1070 1071 1072 1072 1073 1073 1074 1075 1075 1076 1077 1077 1078 1079 1079 1080 1080 1081 1082 1082 1083 1083 1084 1084 1085 1086 1086 1087 1087 1088 1088 1089 1089 1090 1090 1091
791 793 794 796 797 799 800 802 803 804 806 807 808 809 811 812 813 814 815 816 817 818 819 821 822 823 824 824 825 826 827 828 829 830 831 832 833 1055 1056 1057 1058 1059 1060 1060 1061 1062 1063 1063 1064 1065 1066 1066 1067 1068 1069 1069 1070 1071 1071 1072 1073 1073 1074 1075 1075 1076 1077 1077 1078 1078 1079 1080 1080 1081 1081 1082 1083 1083 1084 1084 1085 1085 1086 1086 1087 1088 1088 1089 1089 1090 1090 1091
790 792 794 795 797 798 800 801 803 804 805 807 808 809 810 811 813 814 815 816 817 818 819 820 821 822 823 824 825 826 827 828 829 830 831 832 832 1055 1056 1057 1058 1059 1059 1060 1061 1062 1062 1063 1064 1065 1065 1066 1067 1068 1068 1069 1070 1070 1071 1072 1072 1073 1074 1074 1075 1076 1076 1077 1078 1078 1079 1079 1080 1081 1081 1082 1082 1083 1083 1084 1085 1085 1086 1086 1087 1087 1088 1088 1089 1089 1090 1090
790 792 793 795 796 798 799 801 802 804 805 806 808 809 810 811 812 813 815 816 817 818 819 820 821 822 823 824 825 826 827 828 829 830 830 831 832 833 1056 1057 1058 1058 1059 1060 1061 1061 1062 1063 1064 1065 1065 1066 1067 1067 1068 1069 1070 1070 1071 1072 1072 1073 1074 1074 1075 1075 1076 1077 1077 1078 1079 1079 1080 1080 1081 1082 1082 1083 1083 1084 1084 1085 1086 1086 1087 1087 1088 1088 1089 1089 1090 1090
789 791 793 794 796 798 799 800 802 803 805 806 807 808 810 811 812 813 814 815 816 818 819 820 821 822 823 824 825 826 827 827 828 829 830 831 832 833 834 1056 1057 1058 1059 1060 1060 1061 1062 1063 1064 1064 1065 1066 1066 1067 1068 1069 1069 1070 1071 1071 1072 1073 1073 1074 1075 1075 1076 1077 1077 1078 1078 1079 1080 1080 1081 1081 1082 1083 1083 1084 1084 1085 1085 1086 1086 1087 1088 1088 1089 1089 1090 1090
789 791 792 794 796 797 799 800 802 803 804 806 807 808 809 811 812 813 814 815 816 817 818 819 820 821 822 823 824 825 826 827 828 829 830 831 832 833 833 834 1057 1058 1059 1059 1060 1061 1062 1063 1063 1064 1065 1066 1066 1067 1068 1068 1069 1070 1070 1071 1072 1072 1073 1074 1074 1075 1076 1076 1077 1078 1078 1079 1079 1080 1081 1081 1082 1082 1083 1083 1084 1085 1085 1086 1086 1087 1087 1088 1088 1089 1089 1090
789 790 792 794 795 797 798 800 801 803 804 805 806 808 809 810 811 813 814 815 816 817 818 819 820 821 822 823 824 825 826 827 828 829 830 831 831 832 833 834 1057 1058 1058 1059 1060 1061 1062 1062 1063 1064 1065 1065 1066 1067 1067 1068 1069 1070 1070 1071 1072 1072 1073 1074 1074 1075 1075 1076 1077 1077 1078 1079 1079 1080 1080 1081 1082 1082 1083 1083 1084 1084 1085 1086 1086 1087 1087 1088 1088 1089 1089 1090
788 790 792 793 795 796 798 799 801 802 803 805 806 807 809 810 811 812 813 814 816 817 818 819 820 821 822 823 824 825 826 827 828 828 829 830 831 832 833 834 835 1057 1058 1059 1060 1061 1061 1062 1063 1064 1064 1065 1066 1067 1067 1068 1069 1069 1070 1071 1071 1072 1073 1073 1074 1075 1075 1076 1077 1077 1078 1078 1079 1080 1080 1081 1081 1082 1083 1083 1084 1084 1085 1085 1086 1086 1087 1087 1088 1089 1089 1090
788 789 791 793 794 796 797 799 800 802 803 804 806 807 808 809 811 812 813 814 815 816 817 818 819 821 822 823 823 824 825 826 827 828 829 830 831 832 833 833 834 835 1058 1059 1059 1060 1061 1062 1063 1063 1064 1065 1066 1066 1067 1068 1068 1069 1070 1070 1071 1072 1072 1073 1074 1074 1075 1076 1076 1077 1078 1078 1079 1079 1080 1081 1081 1082 1082 1083 1083 1084 1085 1085 1086 1086 1087 1087 1088 1088 1089 1089
787 789 791 792 794 795 797 798 800 801 803 804 805 807 808 809 810 811 813 814 815 816 817 818 819 820 821 822 823 824 825 826 827 828 829 830 831 831 832 833 834 835 836 1058 1059 1060 1061 1062 1062 1063 1064 1065 1065 1066 1067 1067 1068 1069 1070 1070 1071 1072 1072 1073 1074 1074 1075 1075 1076 1077 1077 1078 1079 1079 1080 1080 1081 1082 1082 1083 1083 1084 1084 1085 1085 1086 1087 1087 1088 1088 1089 1089
786 788 790 792 793 795 797 798 799 801 802 804 805 806 807 809 810 811 812 813 815 816 817 818 819 820 821 822 823 824 825 826 827 828 829 829 830 831 832 833 834 835 835 1058 1059 1060 1061 1061 1062 1063 1064 1064 1065 1066 1067 1067 1068 1069 1069 1070 1071 1071 1072 1073 1073 1074 1075 1075 1076 1076 1077 1078 1078 1079 1080 1080 1081 1081 1082 1082 1083 1084 1084 1085 1085 1086 1086 1087 1087 1088 1088 1089
786 788 790 791 793 795 796 798 799 800 802 803 805 806 807 808 810 811 812 813 814 815 816 817 819 820 821 822 823 824 825 825 826 827 828 829 830 831 832 833 833 834 835 836 1059 1059 1060 1061 1062 1063 1063 1064 1065 1066 1066 1067 1068 1068 1069 1070 1070 1071 1072 1072 1073 1074 1074 1075 1076 1076 1077 1078 1078 1079 1079 1080 1080 1081 1082 1082 1083 1083 1084 1084 1085 1086 1086 1087 1087 1088 1088 1089
785 787 789 791 792 794 796 797 799 800 801 803 804 805 807 808 809 810 812 813 814 815 816 817 818 819 820 821 822 823 824 825 826 827 828 829 830 831 831 832 833 834 835 836 836 1059 1060 1061 1062 1062 1063 1064 1065 1065 1066 1067 1067 1068 1069 1070 1070 1071 1072 1072 1073 1073 1074 1075 1075 1076 1077 1077 1078 1078 1079 1080 1080 1081 1081 1082 1083 1083 1084 1084 1085 1085 1086 1086 1087 1087 1088 1089
