testData/tiles/oneDegreeCosts/grid23.0-34.0-24.0-35.0.asc
ncols   200
nrows   200
xllcorner   23.0
yllcorner   34.0
cellsize   0.005
NODATA_value   -9999.0
[rows 42 to 83 of 200, columns 0 to 93 of 200]
584 585 585 585 586 586 587 588 588 588 588 589 589 589 590 590 590 590 591 591 591 591 592 592 592 592 592 592 593 592 593 593 593 593 593 593 593 593 593 593 593 593 593 593 592 593 592 592 592 592 592 591 592 591 591 590 591 590 590 589 589 589 588 588 587 587 586 586 585 590 589 589 588 587 587 586 586 585 584 584 583 583 582 580 580 579 579 577 576 576 574 573 573 571
584 584 585 585 585 586 587 587 588 587 588 589 589 589 589 590 590 590 590 591 591 591 592 592 592 592 592 592 592 592 592 593 593 593 593 593 593 593 593 593 592 593 592 593 592 592 593 592 592 591 592 591 591 590 591 590 590 589 590 589 589 588 588 587 587 587 586 586 585 590 589 589 588 588 587 586 586 585 585 583 582 582 581 581 580 578 578 577 575 575 574 572 572 570
583 584 585 585 586 586 586 587 587 587 588 588 589 589 589 589 590 590 590 591 591 591 591 592 592 592 592 592 592 592 592 592 593 592 593 592 592 593 592 593 592 592 592 592 592 592 592 591 592 591 591 591 591 590 590 590 590 589 589 588 588 588 588 587 587 586 586 585 585 589 588 588 587 587 586 586 585 584 584 583 583 582 580 580 579 578 577 576 576 574 573 573 571 570
583 584 584 585 585 586 586 586 587 587 587 588 588 589 589 589 589 590 590 590 591 591 591 591 592 591 592 592 592 592 592 592 592 592 592 593 592 592 592 592 592 592 592 592 592 591 592 591 591 591 591 591 590 590 590 590 589 589 588 589 588 588 587 586 586 586 586 585 585 589 589 588 587 587 586 586 585 584 583 582 582 581 580 580 578 578 577 575 575 574 572 572 570 569
583 583 584 584 585 586 586 586 586 587 588 588 588 588 589 589 589 590 590 590 590 591 591 591 591 591 591 592 591 591 592 591 592 592 592 592 591 592 592 592 592 591 592 591 591 591 591 591 591 591 590 590 590 590 589 589 589 589 588 588 587 587 587 587 586 586 585 584 584 588 588 587 587 586 585 585 584 584 583 582 581 580 580 579 578 577 576 576 574 573 573 571 570 569
583 584 584 584 585 585 586 586 586 587 587 588 588 588 588 589 589 589 590 590 590 590 591 590 591 591 591 591 591 591 591 591 591 592 591 592 591 591 592 591 591 591 591 591 591 591 590 591 590 590 590 590 589 589 589 589 588 588 587 587 587 587 586 586 585 585 584 584 583 587 587 586 586 585 585 584 583 583 582 582 581 579 579 578 578 577 575 575 574 572 572 570 569 568
582 583 584 584 584 585 585 586 586 586 587 587 588 587 588 588 588 589 589 590 589 590 590 590 590 591 591 591 591 590 591 591 591 591 591 591 591 591 591 591 591 591 591 591 590 591 590 590 590 590 589 589 589 589 589 588 588 588 588 587 586 586 585 585 585 585 584 584 583 588 587 586 586 585 585 584 583 582 581 581 580 580 579 577 577 576 574 574 573 572 571 569 569 567
582 583 583 584 584 584 585 585 586 586 586 587 587 587 587 588 588 588 589 589 589 589 590 590 590 590 591 590 590 590 590 591 591 591 591 590 591 591 591 591 590 591 590 590 590 590 590 590 590 589 589 589 589 588 588 588 588 587 587 586 586 586 586 585 585 584 583 583 582 587 586 586 585 584 584 583 583 582 582 580 579 579 578 576 576 575 575 573 572 571 570 568 568 566
581 582 583 583 584 584 584 585 585 586 586 586 587 587 587 587 588 588 588 589 589 589 589 590 589 590 590 590 590 590 590 590 591 590 590 590 590 591 590 590 590 590 590 590 590 589 590 589 589 588 589 588 588 587 588 587 587 586 586 586 586 585 585 584 584 583 583 582 582 586 585 585 584 584 583 582 582 581 581 580 578 578 577 577 575 574 574 572 571 571 569 569 567 565
582 582 582 583 583 584 584 584 585 585 586 586 586 587 587 587 587 588 588 588 588 588 588 589 589 589 589 590 589 590 590 590 590 589 590 590 590 590 589 590 589 589 590 589 589 589 589 588 589 588 588 588 588 587 587 586 586 586 586 585 585 584 584 583 583 583 583 582 582 586 585 585 584 583 582 582 581 580 580 579 579 577 576 576 574 573 573 571 571 570 568 568 566 564
581 582 582 582 583 584 584 584 584 585 585 585 586 586 587 587 587 587 588 587 588 588 588 588 589 589 589 589 589 589 590 589 589 589 589 590 589 589 589 589 589 589 589 588 589 588 588 588 588 588 587 588 587 587 586 587 586 586 585 585 584 584 584 583 583 582 582 581 581 585 585 584 583 583 582 582 580 580 579 578 578 576 576 575 574 573 572 570 570 569 567 567 565 563
581 581 582 582 582 583 584 584 584 584 585 585 585 586 586 587 586 587 587 587 587 588 588 588 588 589 588 589 588 589 589 589 589 589 589 589 589 589 589 588 589 588 588 588 588 588 588 588 587 587 587 587 586 586 586 586 585 585 584 584 584 584 583 583 582 582 581 580 580 584 584 583 583 582 581 581 580 579 578 577 577 576 575 574 573 572 571 569 569 568 567 565 564 563
580 581 581 582 582 582 583 584 584 584 584 585 585 585 586 586 586 586 587 587 587 587 588 587 588 588 588 588 588 588 588 589 588 589 588 588 589 588 588 588 588 588 588 588 587 588 587 587 587 587 586 586 586 586 585 585 584 584 584 584 583 583 582 582 581 581 580 580 579 583 583 582 582 581 581 580 579 578 577 577 576 575 574 573 573 571 570 569 568 566 566 564 563 562
580 580 581 582 581 582 582 583 584 583 584 584 585 585 585 585 586 585 586 587 586 587 587 587 587 587 587 587 588 588 588 588 587 588 588 588 588 587 588 587 587 588 587 587 587 587 587 587 586 586 586 586 586 585 585 584 584 584 584 583 582 582 581 581 580 580 579 579 578 583 582 581 581 580 580 579 579 578 576 576 575 575 573 572 572 570 569 568 567 565 565 563 563 561
579 580 580 581 581 581 582 582 583 583 583 584 584 585 584 585 585 585 585 586 586 586 586 587 586 587 587 587 587 588 587 587 587 587 588 587 587 587 587 587 587 587 586 587 586 586 587 586 586 585 586 585 585 584 584 584 584 583 583 582 582 581 581 580 580 580 579 579 578 583 581 581 580 579 579 578 578 577 575 575 574 574 572 571 571 569 569 567 566 565 564 562 561 560
579 579 580 580 581 581 581 582 582 583 583 583 583 584 584 584 585 585 585 585 586 585 586 586 586 586 587 586 586 587 586 587 587 586 587 586 587 587 586 587 586 586 586 586 586 585 586 585 585 585 585 584 584 583 584 583 583 582 582 581 581 580 581 580 580 579 579 578 577 577 581 580 579 579 578 577 577 576 575 574 573 573 571 571 569 568 568 566 565 564 562 561 560 558
579 579 579 580 580 581 581 581 582 582 583 583 583 583 584 583 584 584 584 584 585 585 585 585 586 585 586 586 586 586 586 586 586 586 586 586 586 586 586 586 585 586 586 585 585 585 585 584 584 584 584 583 583 583 583 582 582 581 581 580 580 580 580 579 579 578 578 577 577 576 580 579 578 578 577 577 576 575 574 573 573 571 570 570 568 567 566 565 563 563 561 561 559 557
578 579 579 579 579 580 581 581 581 581 582 583 582 583 583 583 583 584 584 584 584 585 584 585 585 585 585 585 585 585 586 585 586 585 585 586 585 585 585 585 585 585 585 584 585 584 584 584 584 584 583 583 582 583 582 582 581 581 580 580 580 579 579 578 578 577 577 576 576 575 580 579 577 577 576 576 575 573 573 572 572 570 569 569 567 567 565 564 563 562 560 559 557 556
577 578 579 578 579 579 580 581 580 581 581 582 582 582 582 583 582 583 584 583 584 584 584 584 584 585 584 585 584 585 585 584 585 585 585 585 584 585 585 584 585 584 584 584 584 584 583 584 583 583 582 582 582 582 581 581 580 580 579 580 579 579 578 578 577 576 576 575 575 574 579 577 577 576 575 575 574 573 572 571 571 569 569 567 566 565 564 562 562 560 558 558 556 554
577 577 578 578 578 579 579 580 580 580 581 581 582 581 582 582 582 582 583 583 583 583 584 583 584 584 584 584 584 584 584 584 584 584 584 584 584 584 584 583 584 583 583 584 583 583 582 583 582 582 581 582 581 581 580 580 579 579 579 579 578 578 577 577 576 576 575 574 574 573 578 576 576 575 574 574 572 572 571 570 569 568 568 566 565 564 563 561 560 559 558 556 554 554
576 576 577 578 578 578 578 579 580 579 580 580 581 581 581 581 582 581 582 582 582 582 583 583 583 583 583 583 584 583 583 584 583 584 583 583 584 583 583 583 583 583 583 583 582 582 582 582 581 581 580 581 580 580 579 579 578 578 578 578 577 577 576 576 575 575 574 574 573 572 576 575 575 574 574 573 571 571 570 569 568 567 566 565 564 563 561 561 559 557 557 555 553 552
575 576 576 577 578 578 578 578 579 579 579 580 580 581 580 581 581 581 581 582 582 582 582 583 582 582 583 582 583 582 583 583 582 583 583 582 583 582 582 583 582 582 582 582 581 581 581 581 580 580 580 580 580 579 579 578 578 577 578 577 577 576 575 575 574 574 573 573 572 571 575 574 574 573 573 571 571 570 569 568 567 565 565 563 563 561 560 559 557 556 555 553 551 550
575 575 576 576 577 577 577 577 578 579 579 579 579 580 579 580 580 581 580 581 581 581 581 582 581 582 582 581 582 582 582 582 582 582 582 582 582 581 582 582 581 581 581 581 580 580 581 580 580 579 580 579 579 578 578 577 577 576 577 576 576 575 575 574 573 573 572 572 570 570 574 574 573 572 571 570 570 569 567 567 565 565 564 562 562 560 558 558 556 555 553 551 550 548
575 575 575 575 576 577 577 577 577 578 578 578 578 579 579 579 580 580 580 580 580 581 580 581 581 581 581 581 581 581 581 581 582 581 581 581 581 581 581 581 580 580 580 580 580 579 580 579 579 578 579 578 578 577 577 576 576 575 575 575 575 574 574 573 573 572 570 570 569 569 573 573 572 571 570 569 569 567 567 566 564 564 562 561 560 558 558 556 554 553 552 550 549 547
574 574 574 575 575 576 576 576 576 577 578 578 578 578 579 578 579 579 580 579 580 580 580 580 580 580 580 581 580 580 580 580 581 580 580 581 580 580 580 580 579 579 580 579 579 579 579 578 578 577 577 577 577 576 576 575 575 574 574 573 573 572 572 571 571 570 570 569 568 568 572 572 570 570 569 568 567 566 566 564 563 562 561 560 558 557 556 554 553 552 550 548 547 545
573 573 574 574 574 575 575 576 576 576 577 577 577 577 578 578 578 578 579 578 579 579 579 579 579 579 579 580 579 580 580 579 580 579 579 580 579 579 579 579 579 579 579 578 578 577 578 577 577 576 576 577 576 576 575 575 574 574 573 572 572 571 571 570 570 569 569 568 568 567 570 570 569 569 567 567 566 564 564 563 562 561 559 559 557 555 554 553 551 550 548 547 545 543
572 573 573 574 573 574 575 575 575 575 576 576 577 576 577 577 577 577 578 578 578 578 579 578 579 579 578 579 578 579 579 578 579 579 578 579 578 578 579 578 578 577 578 577 577 576 577 577 576 576 575 575 575 575 574 574 573 573 572 572 571 571 570 569 569 568 568 567 566 565 570 569 568 567 566 566 564 563 563 561 561 559 558 557 555 554 553 551 550 548 546 545 543 540
571 572 572 573 573 573 574 574 575 574 575 575 576 575 576 576 577 576 577 577 577 577 578 577 578 578 577 578 578 578 578 577 578 578 577 578 577 577 578 577 577 576 577 576 576 576 576 576 575 575 574 574 573 574 573 573 572 572 571 571 570 570 569 569 568 567 566 565 565 564 564 568 567 566 565 564 563 562 561 560 559 557 556 555 553 553 551 549 548 546 544 543 540 538
570 571 571 572 573 572 573 573 574 574 574 574 575 574 575 575 576 575 576 576 576 576 577 576 577 577 576 577 577 577 577 577 577 577 576 577 577 576 577 576 576 575 576 576 575 575 574 575 574 574 573 573 572 572 571 572 571 571 570 570 569 569 568 567 566 566 565 564 564 563 562 566 566 564 563 563 561 561 559 558 557 556 555 553 552 551 549 547 546 544 542 540 538 536
569 570 570 571 572 572 572 572 573 573 573 573 574 574 574 574 575 574 575 575 576 575 576 576 576 576 576 576 576 576 576 576 576 576 576 576 576 575 575 575 575 575 574 575 574 574 573 573 573 573 572 572 571 571 570 570 569 569 568 568 567 567 566 566 565 565 564 564 562 561 561 565 564 563 563 561 560 559 558 557 556 554 553 552 550 549 547 546 544 542 540 538 535 534
569 569 569 570 571 571 571 571 572 572 572 572 573 573 573 573 574 574 574 574 575 574 575 575 575 575 575 575 575 575 575 575 575 575 575 574 575 574 574 575 574 574 573 574 573 573 572 572 571 572 572 571 571 570 570 569 569 568 568 567 566 566 565 565 564 563 562 562 561 561 559 563 563 561 561 560 558 558 556 555 554 552 551 550 549 547 545 544 542 539 538 535 533 531
568 569 569 569 570 570 571 570 571 571 572 571 572 572 573 572 573 573 573 573 574 573 574 574 573 574 574 574 574 574 574 574 573 574 574 573 574 573 573 573 573 573 572 572 572 572 572 571 571 570 570 569 570 569 569 568 568 567 567 566 566 565 563 563 562 562 561 561 559 559 558 561 561 560 559 558 557 556 554 554 552 550 549 547 547 545 543 541 539 537 535 533 530 528
567 568 568 568 569 569 570 569 570 570 571 570 571 571 572 571 572 572 572 572 573 573 573 573 573 573 573 573 573 573 573 573 573 573 573 572 572 573 572 572 571 572 571 571 571 570 571 570 570 569 569 568 568 567 567 566 566 565 565 564 564 563 563 562 561 560 559 559 558 557 556 561 559 558 558 556 555 554 552 552 550 549 547 545 544 542 540 539 537 535 532 530 527 524
566 567 567 567 568 568 569 569 569 569 570 570 570 570 571 570 571 571 572 571 572 572 571 572 572 572 572 572 572 572 571 572 572 571 572 572 571 572 571 571 570 570 571 570 570 569 569 568 569 568 568 567 567 566 566 565 565 564 564 563 563 562 561 560 560 559 558 557 556 556 554 559 558 556 556 554 554 552 550 550 548 547 545 543 542 540 539 536 534 532 529 526 524 520
565 566 566 566 567 567 568 568 568 568 569 569 569 569 570 570 570 570 571 570 570 571 570 571 571 570 571 571 571 571 571 571 571 570 570 571 570 570 570 570 569 569 569 569 569 568 568 567 567 566 566 565 565 565 565 564 563 562 562 561 561 560 560 559 559 557 557 556 554 554 553 557 556 555 554 552 552 550 549 547 546 545 543 542 540 537 536 533 531 529 526 523 520 517
564 565 565 566 565 566 567 567 568 567 568 568 568 568 569 569 569 569 569 569 569 570 570 569 570 569 570 570 569 570 570 569 570 569 569 569 569 569 568 568 569 568 568 567 567 566 567 566 566 565 565 565 564 564 563 563 562 561 561 560 560 558 558 557 557 556 555 554 554 552 551 555 554 553 552 550 550 548 547 545 543 542 540 539 537 534 533 530 527 525 522 518 517 517
563 564 564 565 564 565 565 566 566 566 566 567 567 567 567 568 567 568 568 569 568 568 569 568 569 569 568 569 568 568 569 568 568 569 568 568 567 568 568 567 567 566 567 566 566 565 565 565 564 564 564 564 563 563 562 561 560 560 559 559 558 557 557 555 555 554 554 552 552 550 549 548 552 551 550 549 547 546 545 543 542 540 538 536 534 532 530 527 524 522 518 517 517 517
562 562 563 564 564 564 564 565 565 565 565 566 566 566 566 567 567 567 567 567 567 567 568 567 567 568 567 567 568 567 567 567 567 567 567 567 566 566 567 566 566 565 565 564 565 565 564 564 563 563 562 562 561 561 560 560 559 559 558 557 556 556 555 554 553 552 552 550 550 548 548 546 550 549 548 547 545 543 542 540 539 537 535 533 531 528 526 523 521 517 516 517 517 506
561 561 562 562 563 563 563 564 564 565 564 565 565 566 565 565 566 565 566 566 566 566 566 566 566 566 566 566 566 566 566 566 566 566 565 565 566 565 565 564 564 564 564 564 563 563 562 562 561 561 560 560 559 559 558 558 557 557 556 556 555 554 553 553 551 550 550 548 548 546 546 544 548 547 545 545 543 542 540 538 537 534 532 530 528 526 523 519 516 516 516 517 506 506
561 560 561 561 562 562 562 562 563 563 563 563 564 564 564 564 565 564 564 565 565 565 565 565 565 565 564 565 565 564 565 565 564 565 564 564 564 563 564 563 563 562 562 562 562 562 561 561 560 560 559 559 558 558 557 557 555 555 554 554 553 552 551 551 550 549 548 546 546 544 544 542 546 545 543 542 540 539 537 535 534 531 530 527 524 522 518 515 516 516 516 506 506 506
559 559 559 560 561 561 561 561 562 562 562 562 563 563 562 563 563 564 563 564 564 563 564 564 563 564 564 563 564 563 563 564 563 563 563 563 563 562 562 561 561 562 561 561 560 560 559 559 558 558 557 557 556 556 555 555 554 553 552 552 551 551 549 549 548 547 546 544 544 542 541 540 544 542 540 539 537 536 534 532 530 528 526 523 520 517 515 515 516 516 506 506 506 506
558 559 558 559 559 560 560 560 560 561 561 561 561 562 561 562 562 562 562 562 563 562 562 563 562 562 563 562 562 563 562 562 561 562 562 561 561 560 561 561 560 560 559 559 558 558 557 557 556 556 555 555 554 554 553 553 552 552 550 550 549 549 547 547 545 545 543 543 541 540 539 537 542 540 539 537 535 533 531 530 527 524 522 519 515 515 515 515 516 506 506 506 506 506
