testData/tiles/oneDegreeCosts/grid29.0-23.0-30.0-24.0.asc
ncols   200
nrows   200
xllcorner   29.0
yllcorner   23.0
cellsize   0.005
NODATA_value   -9999.0
[rows 126 to 167 of 200, columns 94 to 187 of 200]
315 315 315 315 315 316 316 316 316 317 317 317 318 318 318 318 319 319 319 319 320 320 320 320 321 321 321 323 323 323 323 324 324 324 324 324 325 325 325 325 326 326 326 326 327 327 327 327 327 328 328 328 328 329 328 328 328 328 329 329 329 329 329 330 330 331 331 332 332 332 332 332 332 333 333 333 333 333 333 333 333 333 333 334 334 334 334 334 334 335 335 335 335 335
315 315 316 316 316 316 317 317 317 318 318 318 318 319 319 319 319 320 320 320 321 321 321 321 322 322 322 322 324 323 323 323 324 324 324 324 325 325 325 325 325 326 326 326 326 327 327 327 327 328 328 328 328 328 329 329 329 329 329 330 330 330 329 330 330 330 331 331 332 332 332 332 332 333 333 333 333 333 333 334 334 334 333 333 334 334 334 334 334 334 335 335 335 335
315 315 315 316 316 316 317 317 317 317 318 318 318 318 319 319 319 320 320 320 320 321 321 321 321 322 322 322 322 324 324 324 324 325 325 325 325 326 326 326 326 327 326 326 326 326 327 327 327 327 328 328 328 328 328 329 329 329 329 330 330 330 330 330 331 331 331 331 332 332 332 332 332 332 333 333 333 333 333 333 334 334 334 334 334 335 335 334 334 334 334 335 335 335
315 315 315 315 316 316 316 317 317 317 317 318 318 318 319 319 319 319 320 320 320 320 321 321 321 321 322 322 322 322 324 324 324 324 325 325 325 325 326 326 326 326 327 327 327 327 327 328 328 328 328 329 328 328 328 328 329 329 329 329 330 330 330 330 330 331 331 331 331 332 333 333 333 333 333 333 333 333 333 333 333 334 334 334 334 334 335 335 335 335 335 335 335 335
315 316 316 316 317 317 317 317 318 318 318 319 319 319 319 320 320 320 320 321 321 321 321 321 321 321 321 322 322 322 322 324 324 324 324 325 325 325 325 326 326 326 326 327 327 327 327 328 328 328 328 328 329 329 329 329 329 330 330 330 330 330 330 330 330 330 331 331 331 331 331 333 333 333 333 333 334 334 334 334 334 334 334 334 334 334 334 335 335 335 335 335 335 336
315 315 316 316 316 317 317 317 317 318 318 318 319 319 319 319 320 320 320 320 321 321 321 322 322 322 322 323 323 323 323 324 325 325 325 326 326 326 325 325 326 326 326 326 327 327 327 327 328 328 328 328 328 329 329 329 329 330 330 330 330 330 331 331 331 331 331 331 331 331 331 331 333 333 333 333 333 334 334 334 334 334 335 335 335 335 334 334 335 335 335 335 335 335
315 315 315 316 316 316 317 317 317 318 318 318 318 319 319 319 319 320 320 320 321 321 321 321 322 322 322 322 323 323 323 323 324 325 325 325 326 326 326 326 327 327 327 327 327 328 328 328 328 328 328 328 328 328 329 329 329 329 330 330 330 330 330 331 331 331 331 331 332 332 332 332 332 332 333 333 333 333 334 334 334 334 334 335 335 335 335 335 335 336 336 335 335 335
315 315 315 315 316 316 316 317 317 317 318 318 318 318 319 319 319 320 320 320 320 321 321 321 321 322 322 322 322 323 323 323 323 324 325 325 325 326 326 326 326 327 327 327 327 327 328 328 328 328 329 329 329 329 329 330 330 329 329 330 330 330 330 330 331 331 331 331 331 332 332 332 332 332 333 334 334 334 334 334 334 334 334 334 335 335 335 335 335 335 336 336 336 336
315 315 315 315 317 317 317 318 318 318 318 319 319 319 319 320 320 320 321 321 321 321 322 322 322 322 323 323 323 323 324 324 324 324 324 325 325 325 326 326 326 326 327 327 327 327 327 328 328 328 328 329 329 329 329 330 330 330 330 330 331 331 331 331 331 331 331 331 331 331 332 332 332 332 332 333 333 334 334 334 335 335 335 335 335 335 335 335 335 335 335 336 336 336
315 315 315 315 315 317 317 317 318 318 318 318 319 319 319 320 320 320 320 321 321 321 321 322 322 322 322 323 323 323 323 324 324 324 324 325 326 326 326 327 327 327 327 328 327 327 327 328 328 328 328 328 329 329 329 329 330 330 330 330 330 331 331 331 331 331 332 332 332 332 332 332 332 332 332 332 333 333 333 334 334 335 335 335 335 335 335 336 336 335 335 335 336 336
315 315 315 315 315 316 317 317 317 318 318 318 319 319 319 319 320 320 320 320 321 321 321 321 322 322 322 322 323 323 323 324 324 324 324 324 325 326 326 326 327 327 327 327 328 328 328 328 329 329 329 329 329 329 329 329 329 330 330 330 330 330 331 331 331 331 331 332 332 332 332 332 333 333 333 333 333 333 333 333 334 334 335 335 335 335 335 335 336 336 336 336 336 336
315 315 315 316 316 316 317 318 318 318 319 319 319 320 320 320 320 321 321 321 321 322 322 321 322 322 322 322 323 323 323 323 324 324 324 324 325 325 326 326 326 327 327 327 327 328 328 328 328 329 329 329 329 329 330 330 330 330 331 331 331 330 330 331 331 331 331 331 332 332 332 332 332 333 333 333 333 333 334 334 334 334 334 335 335 335 335 335 335 336 336 336 336 336
315 315 315 315 316 316 316 317 318 318 318 319 319 319 320 320 320 320 321 321 321 322 322 322 322 323 323 323 323 324 324 324 324 325 325 325 325 326 326 326 326 327 327 327 327 327 328 328 328 328 329 329 329 329 329 330 330 330 330 331 331 331 331 331 332 332 332 331 331 332 332 332 332 332 333 333 333 333 333 334 334 334 334 334 336 336 335 335 335 335 336 336 336 336
315 315 315 315 316 316 316 316 317 318 318 319 319 319 319 320 320 320 320 321 321 321 322 322 322 322 323 323 323 323 324 324 324 324 325 325 325 325 326 326 326 327 328 328 328 328 328 329 328 328 328 329 329 329 329 329 330 330 330 330 331 331 331 331 331 332 332 332 332 332 333 333 333 332 332 333 333 333 333 333 334 334 334 334 334 335 336 336 336 336 336 336 336 336
315 315 315 315 315 316 316 316 316 317 318 318 319 319 319 319 320 320 320 321 321 321 321 322 322 322 322 323 323 323 323 324 324 324 324 325 325 325 325 326 326 326 327 328 328 328 328 328 329 329 329 329 330 330 330 330 330 330 330 330 330 331 331 331 331 331 332 332 332 332 332 333 333 333 333 333 334 334 334 333 333 334 334 334 334 334 335 335 336 336 336 336 337 337
315 315 315 316 316 316 317 317 317 318 318 319 319 320 320 320 320 321 321 321 322 322 322 322 323 323 323 323 324 323 323 323 324 324 324 324 325 325 325 325 326 326 326 327 328 328 328 328 328 329 329 329 329 330 330 330 330 330 331 331 331 331 332 331 331 331 331 332 332 332 332 332 333 333 333 333 333 334 334 334 334 334 335 335 334 334 334 334 335 335 336 336 336 337
315 315 315 316 316 316 316 317 317 317 318 318 319 319 320 320 320 321 321 321 321 322 322 322 322 323 323 323 323 324 324 324 324 325 325 325 325 326 326 326 326 327 326 326 326 328 328 328 328 328 329 329 329 329 330 330 330 330 330 331 331 331 331 332 332 332 332 332 333 332 332 332 332 333 333 333 333 333 334 334 334 334 334 335 335 335 335 335 335 335 335 335 336 336
319 319 317 316 316 316 316 316 317 317 317 318 318 319 319 320 320 320 321 321 321 321 322 322 322 322 323 323 323 323 324 324 324 324 325 325 325 325 326 326 326 326 327 327 327 327 329 329 329 329 330 329 329 329 329 330 330 330 330 330 331 331 331 331 332 332 332 332 332 333 333 333 333 333 334 333 333 333 333 334 334 334 334 334 335 335 335 335 335 335 336 336 336 336
330 330 330 330 329 330 329 329 328 328 327 325 325 324 323 320 320 320 320 321 321 321 321 322 322 322 322 323 323 323 323 324 324 324 324 325 325 325 325 326 326 326 326 327 327 327 327 329 329 329 329 330 330 330 330 330 331 331 330 330 330 331 331 331 331 332 332 332 332 332 333 333 333 333 333 334 334 334 334 334 334 334 334 334 334 334 335 335 335 335 335 336 336 336
336 336 336 336 336 335 336 336 335 336 335 335 334 335 334 334 335 334 333 332 332 331 330 328 327 323 323 323 324 324 324 324 324 324 324 324 325 325 325 325 326 326 326 326 327 327 327 327 329 329 329 329 330 330 330 330 330 331 331 331 331 331 332 332 332 332 332 332 332 332 332 333 333 333 333 333 334 334 334 334 334 335 335 335 335 334 334 335 335 335 335 335 336 336
341 340 340 341 341 340 340 341 340 340 341 340 340 339 340 339 340 340 340 339 339 339 338 338 337 337 336 335 334 334 332 331 328 325 325 325 325 326 326 326 326 327 327 326 326 327 327 327 327 328 329 329 329 329 330 330 330 330 331 331 331 331 331 332 332 332 332 333 333 333 333 333 333 333 333 333 333 334 334 334 334 334 334 335 335 335 335 335 336 335 335 335 335 336
344 344 344 344 345 344 344 344 344 344 344 345 344 344 343 344 344 344 345 344 344 343 344 343 343 342 342 342 341 340 341 340 339 339 338 337 335 335 333 331 326 326 327 327 327 327 328 328 328 328 329 330 329 329 329 330 330 330 330 331 331 331 331 331 332 332 332 332 332 333 333 333 333 334 334 334 333 333 334 334 334 334 334 334 335 335 335 335 335 336 336 336 336 336
348 348 349 348 348 349 349 348 348 349 349 348 349 349 348 347 348 347 348 348 348 348 347 348 347 347 346 347 346 346 346 345 345 344 344 344 343 342 342 341 340 339 338 337 335 333 330 328 328 328 328 329 329 330 330 330 331 331 331 331 331 331 331 331 331 332 332 332 332 332 333 333 333 333 333 334 334 334 334 334 335 334 334 334 334 335 335 335 335 335 336 336 336 336
351 351 351 351 351 351 352 352 351 352 352 352 351 352 352 351 352 352 351 352 353 352 352 352 352 352 351 351 351 351 350 351 350 349 348 349 348 347 347 347 346 345 345 344 344 343 342 340 340 338 337 334 331 330 330 330 330 331 331 331 331 332 332 332 332 332 332 332 332 332 332 333 333 333 333 333 334 334 334 334 334 335 335 335 335 335 335 335 335 335 335 336 336 336
354 354 354 353 354 354 354 355 354 354 355 355 354 354 355 355 354 355 355 354 354 356 355 355 355 355 355 354 354 355 354 354 354 354 353 353 353 353 352 351 352 351 351 350 348 348 347 347 346 346 345 344 342 342 341 340 338 335 331 331 331 331 332 332 332 332 332 333 333 333 333 333 333 333 333 333 333 334 334 334 334 334 335 335 335 335 335 336 336 336 335 335 335 336
355 356 356 356 357 357 356 356 357 357 357 357 357 357 357 357 357 357 358 357 357 357 358 358 358 357 358 358 357 357 357 357 357 357 357 356 356 356 356 355 355 355 355 354 353 353 353 352 352 351 351 350 348 347 347 346 345 345 344 343 341 339 336 332 332 332 332 332 333 333 333 333 333 334 334 334 333 333 334 334 334 334 334 335 335 335 335 335 335 336 336 336 336 336
359 359 360 359 359 360 360 360 360 360 360 360 361 360 359 359 360 360 359 360 360 359 359 361 361 360 360 361 360 360 359 360 360 359 360 359 359 359 359 359 358 358 357 358 357 357 356 356 356 355 354 355 354 353 352 353 352 351 351 349 349 348 346 345 343 342 340 337 333 333 333 333 333 333 334 334 334 334 334 335 335 334 334 334 335 335 335 335 335 335 336 336 336 336
361 361 361 362 362 362 362 362 362 362 363 362 362 363 363 363 362 363 363 363 363 363 363 362 364 364 364 363 364 364 363 363 363 362 362 362 362 362 361 362 361 361 360 360 360 360 359 359 359 359 358 357 358 357 357 356 356 355 355 354 354 354 353 352 351 349 348 347 346 344 343 340 336 333 333 334 334 334 334 334 335 335 335 335 335 335 335 335 335 335 335 336 336 336
363 363 363 363 364 364 364 364 364 364 364 365 365 364 365 365 365 364 365 365 365 365 365 365 365 366 366 366 365 366 366 366 365 366 365 365 366 365 365 365 365 365 364 363 362 363 362 362 361 362 361 361 360 361 360 359 359 358 358 358 357 356 357 357 356 355 354 354 353 352 349 348 347 346 344 341 338 334 334 334 334 334 335 335 335 335 335 336 336 335 335 335 336 336
365 364 365 365 365 366 366 366 366 366 366 366 367 367 366 367 367 367 366 367 367 367 367 367 367 367 368 368 368 368 368 368 368 367 368 368 367 367 368 367 367 366 367 367 366 366 366 366 365 365 365 364 363 363 363 363 362 362 361 361 361 360 359 361 360 359 358 357 357 356 355 354 353 353 352 351 348 346 345 343 340 334 334 335 335 335 335 335 336 336 336 336 336 336
367 367 366 367 367 367 368 368 367 368 368 368 368 369 368 368 369 369 369 368 369 369 369 369 369 369 369 369 370 370 370 370 370 370 369 370 370 369 369 370 369 369 369 369 369 368 368 368 368 368 367 368 367 367 366 367 366 366 364 363 364 363 363 362 362 363 362 361 360 361 360 359 358 357 357 356 355 354 352 352 349 348 346 343 341 335 335 335 335 336 336 336 336 336
370 369 369 370 370 370 370 371 370 370 371 371 371 371 371 371 371 372 372 371 371 372 372 372 372 372 372 372 372 372 372 371 372 372 372 371 372 372 371 371 372 371 371 371 371 371 370 370 371 370 370 369 370 369 369 368 368 368 368 367 367 367 367 366 364 364 365 364 364 363 363 363 362 361 360 360 359 358 357 356 356 355 353 352 350 349 347 344 341 336 336 336 336 336
370 371 371 371 372 372 372 372 372 372 372 373 373 373 372 373 373 373 374 373 373 373 374 374 373 374 374 374 373 374 375 375 374 375 375 374 374 375 374 374 373 373 373 373 372 373 373 372 372 373 372 372 371 372 371 371 370 370 370 370 369 369 369 369 368 368 367 367 368 366 366 365 365 364 364 363 363 362 361 360 359 358 358 357 356 355 353 353 351 348 346 344 341 336
372 372 373 373 373 374 374 373 373 374 374 374 375 374 374 374 375 375 375 375 375 375 375 375 375 375 376 376 375 375 376 377 376 376 377 376 376 376 377 376 376 376 376 376 376 375 376 376 375 374 374 374 374 373 374 373 373 372 372 372 372 372 371 371 371 370 370 369 370 369 369 369 368 369 367 366 365 365 365 364 363 362 361 361 360 359 358 357 357 356 354 353 350 349
374 374 374 375 375 374 375 375 375 375 376 376 375 376 376 376 376 377 376 376 377 377 377 376 377 377 377 377 377 377 377 377 377 378 378 378 378 378 378 378 378 378 377 378 378 377 377 378 377 377 377 377 377 376 376 375 375 375 374 374 374 374 373 373 372 373 372 372 371 372 371 371 371 370 371 370 369 369 368 367 367 366 365 364 364 363 362 361 360 360 359 358 357 355
376 377 376 376 377 377 377 378 378 378 377 378 378 378 379 379 378 378 379 379 379 380 378 378 378 379 379 378 379 379 379 378 379 379 380 379 380 380 379 379 380 380 379 379 380 379 379 379 379 379 379 378 379 379 378 378 377 378 378 377 377 377 376 375 375 374 375 374 374 373 373 373 373 372 372 373 372 372 371 370 371 370 369 367 366 367 366 365 364 363 362 362 361 360
373 377 378 378 378 379 379 379 379 379 379 379 380 380 380 380 380 380 380 381 380 380 381 381 381 380 381 381 381 382 381 381 381 382 381 382 381 382 381 381 381 381 381 381 381 381 381 381 380 381 381 380 380 380 380 380 379 379 380 379 379 378 379 378 378 378 377 377 376 376 375 375 375 375 374 374 374 374 374 373 372 372 372 371 370 370 369 368 367 367 366 365 365 364
375 379 379 380 380 379 380 380 380 381 381 381 380 381 381 381 382 382 381 381 382 382 382 383 382 382 382 383 383 382 382 383 383 382 383 383 384 383 384 384 384 383 384 384 383 382 383 383 382 382 383 382 382 382 381 382 381 381 381 381 381 380 380 380 380 380 379 379 379 379 378 378 376 377 376 376 375 376 376 375 375 374 374 374 373 373 372 371 371 371 370 368 367 366
375 376 380 380 381 381 381 382 382 381 382 382 382 382 383 383 382 383 383 383 383 384 383 383 384 384 384 383 384 384 384 384 384 384 384 385 384 384 385 386 385 385 385 386 385 385 385 385 385 385 384 384 384 383 383 383 383 383 383 382 383 382 382 382 381 382 381 381 380 380 381 380 380 379 380 379 379 377 376 378 377 377 376 375 376 375 375 374 373 372 373 372 371 370
377 377 382 382 382 382 382 382 383 383 383 384 384 383 383 384 384 384 385 384 384 384 385 385 385 385 385 385 385 386 385 385 385 386 386 385 385 386 386 386 386 387 386 386 386 387 386 386 386 386 386 386 386 386 386 386 385 386 384 384 384 383 384 384 383 383 383 383 382 382 382 382 382 381 381 380 381 380 380 379 379 379 378 378 377 377 377 376 376 375 374 375 374 373
379 379 379 384 384 384 385 385 385 385 385 385 386 386 386 386 387 386 386 387 387 387 387 387 387 387 388 388 386 386 387 387 387 386 387 387 387 386 387 387 387 387 388 388 388 387 388 388 387 387 388 388 387 387 388 387 387 387 387 387 387 386 386 386 385 385 384 385 384 384 384 383 384 383 383 382 382 382 382 381 381 380 381 381 381 379 378 379 378 377 377 376 376 376
380 381 381 385 386 385 385 386 386 386 387 387 387 386 387 387 387 388 388 388 388 388 388 388 389 388 388 388 389 389 389 389 389 389 389 389 389 389 389 389 388 388 389 389 389 389 389 389 389 389 389 389 389 389 388 389 389 388 388 388 388 388 388 387 388 387 387 387 386 386 385 385 385 385 385 384 384 383 384 383 383 382 382 382 382 381 382 381 381 380 379 379 378 377
