testData/tiles/oneDegreeCosts/grid32.0-5.0-33.0-6.0.asc
ncols   200
nrows   200
xllcorner   32.0
yllcorner   5.0
cellsize   0.005
NODATA_value   -9999.0
[rows 136 to 152 of 200, columns 0 to 36 of 200]
2.950000000000000000e+02 2.950000000000000000e+02 2.950000000000000000e+02 3.370000000000000000e+02 3.370000000000000000e+02 3.360000000000000000e+02 3.350000000000000000e+02 3.350000000000000000e+02 3.340000000000000000e+02 3.340000000000000000e+02 3.330000000000000000e+02 3.320000000000000000e+02 3.320000000000000000e+02 3.310000000000000000e+02 3.300000000000000000e+02 3.300000000000000000e+02 3.290000000000000000e+02 3.290000000000000000e+02 3.280000000000000000e+02 3.270000000000000000e+02 3.270000000000000000e+02 3.260000000000000000e+02 3.250000000000000000e+02 3.240000000000000000e+02 3.240000000000000000e+02 3.230000000000000000e+02 3.220000000000000000e+02 3.220000000000000000e+02 3.210000000000000000e+02 3.200000000000000000e+02 3.200000000000000000e+02 3.190000000000000000e+02 3.180000000000000000e+02 3.170000000000000000e+02 3.170000000000000000e+02 3.050000000000000000e+02 3.040000000000000000e+02
2.950000000000000000e+02 2.950000000000000000e+02 2.950000000000000000e+02 3.370000000000000000e+02 3.370000000000000000e+02 3.360000000000000000e+02 3.350000000000000000e+02 3.350000000000000000e+02 3.340000000000000000e+02 3.330000000000000000e+02 3.330000000000000000e+02 3.320000000000000000e+02 3.320000000000000000e+02 3.310000000000000000e+02 3.300000000000000000e+02 3.300000000000000000e+02 3.290000000000000000e+02 3.280000000000000000e+02 3.280000000000000000e+02 3.270000000000000000e+02 3.260000000000000000e+02 3.260000000000000000e+02 3.250000000000000000e+02 3.240000000000000000e+02 3.240000000000000000e+02 3.230000000000000000e+02 3.220000000000000000e+02 3.210000000000000000e+02 3.210000000000000000e+02 3.200000000000000000e+02 3.190000000000000000e+02 3.190000000000000000e+02 3.180000000000000000e+02 3.170000000000000000e+02 3.160000000000000000e+02 3.160000000000000000e+02 3.150000000000000000e+02
2.950000000000000000e+02 2.950000000000000000e+02 2.950000000000000000e+02 3.370000000000000000e+02 3.360000000000000000e+02 3.360000000000000000e+02 3.350000000000000000e+02 3.350000000000000000e+02 3.340000000000000000e+02 3.330000000000000000e+02 3.330000000000000000e+02 3.320000000000000000e+02 3.310000000000000000e+02 3.310000000000000000e+02 3.300000000000000000e+02 3.290000000000000000e+02 3.290000000000000000e+02 3.280000000000000000e+02 3.270000000000000000e+02 3.270000000000000000e+02 3.260000000000000000e+02 3.250000000000000000e+02 3.250000000000000000e+02 3.240000000000000000e+02 3.230000000000000000e+02 3.230000000000000000e+02 3.220000000000000000e+02 3.210000000000000000e+02 3.210000000000000000e+02 3.200000000000000000e+02 3.190000000000000000e+02 3.180000000000000000e+02 3.180000000000000000e+02 3.170000000000000000e+02 3.160000000000000000e+02 3.150000000000000000e+02 3.150000000000000000e+02
2.950000000000000000e+02 2.950000000000000000e+02 2.950000000000000000e+02 3.370000000000000000e+02 3.360000000000000000e+02 3.360000000000000000e+02 3.350000000000000000e+02 3.340000000000000000e+02 3.340000000000000000e+02 3.330000000000000000e+02 3.320000000000000000e+02 3.320000000000000000e+02 3.310000000000000000e+02 3.310000000000000000e+02 3.300000000000000000e+02 3.290000000000000000e+02 3.290000000000000000e+02 3.280000000000000000e+02 3.270000000000000000e+02 3.270000000000000000e+02 3.260000000000000000e+02 3.250000000000000000e+02 3.250000000000000000e+02 3.240000000000000000e+02 3.230000000000000000e+02 3.220000000000000000e+02 3.220000000000000000e+02 3.210000000000000000e+02 3.200000000000000000e+02 3.200000000000000000e+02 3.190000000000000000e+02 3.180000000000000000e+02 3.170000000000000000e+02 3.170000000000000000e+02 3.160000000000000000e+02 3.150000000000000000e+02 3.140000000000000000e+02
2.950000000000000000e+02 2.950000000000000000e+02 2.950000000000000000e+02 3.370000000000000000e+02 3.360000000000000000e+02 3.350000000000000000e+02 3.350000000000000000e+02 3.340000000000000000e+02 3.340000000000000000e+02 3.330000000000000000e+02 3.320000000000000000e+02 3.320000000000000000e+02 3.310000000000000000e+02 3.300000000000000000e+02 3.300000000000000000e+02 3.290000000000000000e+02 3.280000000000000000e+02 3.280000000000000000e+02 3.270000000000000000e+02 3.260000000000000000e+02 3.260000000000000000e+02 3.250000000000000000e+02 3.240000000000000000e+02 3.240000000000000000e+02 3.230000000000000000e+02 3.220000000000000000e+02 3.220000000000000000e+02 3.210000000000000000e+02 3.200000000000000000e+02 3.190000000000000000e+02 3.190000000000000000e+02 3.180000000000000000e+02 3.170000000000000000e+02 3.160000000000000000e+02 3.160000000000000000e+02 3.150000000000000000e+02 3.140000000000000000e+02
2.950000000000000000e+02 2.950000000000000000e+02 2.950000000000000000e+02 2.950000000000000000e+02 3.360000000000000000e+02 3.350000000000000000e+02 3.350000000000000000e+02 3.340000000000000000e+02 3.330000000000000000e+02 3.330000000000000000e+02 3.320000000000000000e+02 3.310000000000000000e+02 3.310000000000000000e+02 3.300000000000000000e+02 3.300000000000000000e+02 3.290000000000000000e+02 3.280000000000000000e+02 3.280000000000000000e+02 3.270000000000000000e+02 3.260000000000000000e+02 3.260000000000000000e+02 3.250000000000000000e+02 3.240000000000000000e+02 3.230000000000000000e+02 3.230000000000000000e+02 3.220000000000000000e+02 3.210000000000000000e+02 3.210000000000000000e+02 3.200000000000000000e+02 3.190000000000000000e+02 3.180000000000000000e+02 3.180000000000000000e+02 3.170000000000000000e+02 3.160000000000000000e+02 3.150000000000000000e+02 3.150000000000000000e+02 2.130000000000000000e+02
2.950000000000000000e+02 2.950000000000000000e+02 2.950000000000000000e+02 2.950000000000000000e+02 3.360000000000000000e+02 3.350000000000000000e+02 3.340000000000000000e+02 3.340000000000000000e+02 3.330000000000000000e+02 3.320000000000000000e+02 3.320000000000000000e+02 3.310000000000000000e+02 3.310000000000000000e+02 3.300000000000000000e+02 3.290000000000000000e+02 3.290000000000000000e+02 3.280000000000000000e+02 3.270000000000000000e+02 3.270000000000000000e+02 3.260000000000000000e+02 3.250000000000000000e+02 3.250000000000000000e+02 3.240000000000000000e+02 3.230000000000000000e+02 3.230000000000000000e+02 3.220000000000000000e+02 3.210000000000000000e+02 3.200000000000000000e+02 3.200000000000000000e+02 3.190000000000000000e+02 3.180000000000000000e+02 3.170000000000000000e+02 3.170000000000000000e+02 3.160000000000000000e+02 3.150000000000000000e+02 3.140000000000000000e+02 2.130000000000000000e+02
3.700000000000000000e+02 3.690000000000000000e+02 3.690000000000000000e+02 2.950000000000000000e+02 3.350000000000000000e+02 3.350000000000000000e+02 3.340000000000000000e+02 3.340000000000000000e+02 3.330000000000000000e+02 3.320000000000000000e+02 3.320000000000000000e+02 3.310000000000000000e+02 3.300000000000000000e+02 3.300000000000000000e+02 3.290000000000000000e+02 3.280000000000000000e+02 3.280000000000000000e+02 3.270000000000000000e+02 3.260000000000000000e+02 3.260000000000000000e+02 3.250000000000000000e+02 3.240000000000000000e+02 3.240000000000000000e+02 3.230000000000000000e+02 3.220000000000000000e+02 3.220000000000000000e+02 3.210000000000000000e+02 3.200000000000000000e+02 3.190000000000000000e+02 3.190000000000000000e+02 3.180000000000000000e+02 3.170000000000000000e+02 3.160000000000000000e+02 3.160000000000000000e+02 3.150000000000000000e+02 3.140000000000000000e+02 2.120000000000000000e+02
3.700000000000000000e+02 3.690000000000000000e+02 3.680000000000000000e+02 3.680000000000000000e+02 4.540000000000000000e+02 3.350000000000000000e+02 3.340000000000000000e+02 3.330000000000000000e+02 3.330000000000000000e+02 3.320000000000000000e+02 3.310000000000000000e+02 3.310000000000000000e+02 3.300000000000000000e+02 3.300000000000000000e+02 3.290000000000000000e+02 3.280000000000000000e+02 3.280000000000000000e+02 3.270000000000000000e+02 3.260000000000000000e+02 3.260000000000000000e+02 3.250000000000000000e+02 3.240000000000000000e+02 3.230000000000000000e+02 3.230000000000000000e+02 3.220000000000000000e+02 3.210000000000000000e+02 3.210000000000000000e+02 3.200000000000000000e+02 3.190000000000000000e+02 3.180000000000000000e+02 3.180000000000000000e+02 3.170000000000000000e+02 3.160000000000000000e+02 3.150000000000000000e+02 3.150000000000000000e+02 2.130000000000000000e+02 2.120000000000000000e+02
3.690000000000000000e+02 3.690000000000000000e+02 3.680000000000000000e+02 3.680000000000000000e+02 4.540000000000000000e+02 4.530000000000000000e+02 4.530000000000000000e+02 4.520000000000000000e+02 3.320000000000000000e+02 3.320000000000000000e+02 3.310000000000000000e+02 3.310000000000000000e+02 3.300000000000000000e+02 3.290000000000000000e+02 3.290000000000000000e+02 3.280000000000000000e+02 3.270000000000000000e+02 3.270000000000000000e+02 3.260000000000000000e+02 3.250000000000000000e+02 3.250000000000000000e+02 3.240000000000000000e+02 3.230000000000000000e+02 3.230000000000000000e+02 3.220000000000000000e+02 3.210000000000000000e+02 3.200000000000000000e+02 3.200000000000000000e+02 3.190000000000000000e+02 3.180000000000000000e+02 3.170000000000000000e+02 3.170000000000000000e+02 3.160000000000000000e+02 3.150000000000000000e+02 3.140000000000000000e+02 2.130000000000000000e+02 2.120000000000000000e+02
3.690000000000000000e+02 3.680000000000000000e+02 3.680000000000000000e+02 3.670000000000000000e+02 4.540000000000000000e+02 4.530000000000000000e+02 4.520000000000000000e+02 4.520000000000000000e+02 4.510000000000000000e+02 4.510000000000000000e+02 3.310000000000000000e+02 3.300000000000000000e+02 3.300000000000000000e+02 3.290000000000000000e+02 3.280000000000000000e+02 3.280000000000000000e+02 3.270000000000000000e+02 3.260000000000000000e+02 3.260000000000000000e+02 3.250000000000000000e+02 3.240000000000000000e+02 3.240000000000000000e+02 3.230000000000000000e+02 3.220000000000000000e+02 3.220000000000000000e+02 3.210000000000000000e+02 3.200000000000000000e+02 3.190000000000000000e+02 3.190000000000000000e+02 3.180000000000000000e+02 3.170000000000000000e+02 3.160000000000000000e+02 3.160000000000000000e+02 3.150000000000000000e+02 3.140000000000000000e+02 2.120000000000000000e+02 2.120000000000000000e+02
3.690000000000000000e+02 3.680000000000000000e+02 3.680000000000000000e+02 3.670000000000000000e+02 4.530000000000000000e+02 4.530000000000000000e+02 4.520000000000000000e+02 4.520000000000000000e+02 4.510000000000000000e+02 4.500000000000000000e+02 4.500000000000000000e+02 4.490000000000000000e+02 4.480000000000000000e+02 3.290000000000000000e+02 3.280000000000000000e+02 3.270000000000000000e+02 3.270000000000000000e+02 3.260000000000000000e+02 3.250000000000000000e+02 3.250000000000000000e+02 3.240000000000000000e+02 3.230000000000000000e+02 3.230000000000000000e+02 3.220000000000000000e+02 3.210000000000000000e+02 3.210000000000000000e+02 3.200000000000000000e+02 3.190000000000000000e+02 3.180000000000000000e+02 3.180000000000000000e+02 3.170000000000000000e+02 3.160000000000000000e+02 3.150000000000000000e+02 3.150000000000000000e+02 2.130000000000000000e+02 2.120000000000000000e+02 2.110000000000000000e+02
3.690000000000000000e+02 3.680000000000000000e+02 3.670000000000000000e+02 3.670000000000000000e+02 4.530000000000000000e+02 4.530000000000000000e+02 4.520000000000000000e+02 4.510000000000000000e+02 4.510000000000000000e+02 4.500000000000000000e+02 4.490000000000000000e+02 4.490000000000000000e+02 4.480000000000000000e+02 4.480000000000000000e+02 4.470000000000000000e+02 3.270000000000000000e+02 3.270000000000000000e+02 3.260000000000000000e+02 3.250000000000000000e+02 3.250000000000000000e+02 3.240000000000000000e+02 3.230000000000000000e+02 3.220000000000000000e+02 3.220000000000000000e+02 3.210000000000000000e+02 3.200000000000000000e+02 3.200000000000000000e+02 3.190000000000000000e+02 3.180000000000000000e+02 3.170000000000000000e+02 3.170000000000000000e+02 3.160000000000000000e+02 3.150000000000000000e+02 3.140000000000000000e+02 2.130000000000000000e+02 2.120000000000000000e+02 2.110000000000000000e+02
3.680000000000000000e+02 3.680000000000000000e+02 3.670000000000000000e+02 3.670000000000000000e+02 4.530000000000000000e+02 4.520000000000000000e+02 4.520000000000000000e+02 4.510000000000000000e+02 4.510000000000000000e+02 4.500000000000000000e+02 4.490000000000000000e+02 4.490000000000000000e+02 4.480000000000000000e+02 4.470000000000000000e+02 4.470000000000000000e+02 4.460000000000000000e+02 4.450000000000000000e+02 4.450000000000000000e+02 3.250000000000000000e+02 3.240000000000000000e+02 3.240000000000000000e+02 3.230000000000000000e+02 3.220000000000000000e+02 3.220000000000000000e+02 3.210000000000000000e+02 3.200000000000000000e+02 3.190000000000000000e+02 3.190000000000000000e+02 3.180000000000000000e+02 3.170000000000000000e+02 3.160000000000000000e+02 3.160000000000000000e+02 3.150000000000000000e+02 3.140000000000000000e+02 2.120000000000000000e+02 2.120000000000000000e+02 2.110000000000000000e+02
3.680000000000000000e+02 3.680000000000000000e+02 3.670000000000000000e+02 3.660000000000000000e+02 3.660000000000000000e+02 4.520000000000000000e+02 4.520000000000000000e+02 4.510000000000000000e+02 4.500000000000000000e+02 4.500000000000000000e+02 4.490000000000000000e+02 4.480000000000000000e+02 4.480000000000000000e+02 4.470000000000000000e+02 4.460000000000000000e+02 4.460000000000000000e+02 4.450000000000000000e+02 4.440000000000000000e+02 4.440000000000000000e+02 4.430000000000000000e+02 3.230000000000000000e+02 3.230000000000000000e+02 3.220000000000000000e+02 3.210000000000000000e+02 3.210000000000000000e+02 3.200000000000000000e+02 3.190000000000000000e+02 3.180000000000000000e+02 3.180000000000000000e+02 3.170000000000000000e+02 3.160000000000000000e+02 3.150000000000000000e+02 3.150000000000000000e+02 2.130000000000000000e+02 2.120000000000000000e+02 2.110000000000000000e+02 2.100000000000000000e+02
3.680000000000000000e+02 3.670000000000000000e+02 3.670000000000000000e+02 3.660000000000000000e+02 3.650000000000000000e+02 4.520000000000000000e+02 4.510000000000000000e+02 4.510000000000000000e+02 4.500000000000000000e+02 4.490000000000000000e+02 4.490000000000000000e+02 4.480000000000000000e+02 4.470000000000000000e+02 4.470000000000000000e+02 4.460000000000000000e+02 4.450000000000000000e+02 4.450000000000000000e+02 4.440000000000000000e+02 4.430000000000000000e+02 4.430000000000000000e+02 4.420000000000000000e+02 4.410000000000000000e+02 3.220000000000000000e+02 3.210000000000000000e+02 3.200000000000000000e+02 3.200000000000000000e+02 3.190000000000000000e+02 3.180000000000000000e+02 3.170000000000000000e+02 3.170000000000000000e+02 3.160000000000000000e+02 3.150000000000000000e+02 3.140000000000000000e+02 2.130000000000000000e+02 2.120000000000000000e+02 2.110000000000000000e+02 2.100000000000000000e+02
3.680000000000000000e+02 3.670000000000000000e+02 3.660000000000000000e+02 3.660000000000000000e+02 3.650000000000000000e+02 4.520000000000000000e+02 4.510000000000000000e+02 4.500000000000000000e+02 4.500000000000000000e+02 4.490000000000000000e+02 4.480000000000000000e+02 4.480000000000000000e+02 4.470000000000000000e+02 4.470000000000000000e+02 4.460000000000000000e+02 4.450000000000000000e+02 4.450000000000000000e+02 4.440000000000000000e+02 4.430000000000000000e+02 4.420000000000000000e+02 4.420000000000000000e+02 4.410000000000000000e+02 4.400000000000000000e+02 4.400000000000000000e+02 3.200000000000000000e+02 3.190000000000000000e+02 3.190000000000000000e+02 3.180000000000000000e+02 3.170000000000000000e+02 3.160000000000000000e+02 3.160000000000000000e+02 3.150000000000000000e+02 3.140000000000000000e+02 2.120000000000000000e+02 2.110000000000000000e+02 2.110000000000000000e+02 2.100000000000000000e+02
