testData/tiles/oneDegreeCosts/grid22.0-45.0-23.0-46.0.asc
ncols   200
nrows   200
xllcorner   22.0
yllcorner   45.0
cellsize   0.005
NODATA_value   -9999.0
[rows 126 to 167 of 200, columns 94 to 187 of 200]
531 689 689 689 689 688 689 689 689 689 688 687 687 687 686 686 685 686 685 685 684 684 684 685 684 683 683 682 682 682 682 681 681 680 680 679 613 613 612 612 611 609 609 609 609 609 608 608 607 607 606 605 605 604 603 603 602 602 602 601 600 598 598 597 596 596 595 594 593 593 592 591 590 589 589 588 587 586 584 583 583 582 582 581 580 579 578 576 575 574 573 573 571 570
688 688 688 688 687 687 686 687 687 687 687 686 686 685 685 684 684 684 684 683 683 682 681 682 682 682 681 681 680 681 680 680 679 678 678 677 678 611 611 610 609 608 607 607 606 606 607 606 605 605 604 603 603 602 601 601 601 600 600 599 598 598 596 595 594 594 593 592 591 591 590 589 588 587 587 586 585 584 583 582 581 581 580 579 578 577 576 575 574 573 572 570 569 567
687 686 687 686 686 685 685 685 685 684 685 686 684 684 683 683 682 683 682 681 681 680 681 680 680 679 680 679 679 679 679 678 677 677 676 676 676 675 609 608 608 606 605 605 605 605 604 603 603 602 602 602 601 600 600 600 599 599 598 597 596 596 594 593 592 592 591 590 589 589 588 587 586 585 584 584 584 583 581 580 579 578 577 576 576 575 574 573 572 571 570 569 568 564
685 685 685 685 684 684 684 684 683 683 682 683 683 682 681 681 681 681 680 680 679 679 679 679 678 678 677 677 677 677 677 676 676 675 675 674 674 674 673 607 606 605 604 603 603 603 602 601 601 600 599 599 598 597 598 598 597 597 596 595 594 594 592 591 590 590 589 588 587 586 586 585 584 583 583 582 582 581 580 578 577 576 575 574 573 572 571 570 569 568 567 566 565 563
684 683 684 683 683 682 683 682 682 681 681 681 681 679 680 679 680 679 679 678 678 677 678 677 676 676 675 675 675 675 674 675 674 673 673 673 673 672 671 671 604 603 602 601 602 601 600 600 599 598 598 597 596 595 596 595 594 594 594 593 592 592 590 589 588 587 587 586 585 584 583 583 583 582 581 580 579 578 577 575 575 574 573 572 571 570 569 568 567 565 564 563 562 560
681 683 682 682 681 681 681 681 680 680 679 680 679 679 677 677 678 678 677 677 676 675 676 675 675 674 674 673 674 673 672 672 671 671 671 671 671 670 669 669 602 602 600 600 600 599 598 598 597 596 596 595 594 593 594 593 592 592 591 590 589 588 588 586 586 585 584 584 583 582 581 581 580 580 579 578 577 576 575 573 572 571 570 569 568 567 566 565 564 563 562 560 559 557
679 680 679 680 680 679 680 679 679 678 678 678 678 677 676 675 675 675 675 675 674 675 674 674 673 672 672 671 672 671 671 670 669 669 668 668 668 668 668 667 666 600 599 598 598 597 596 596 595 594 594 593 592 592 592 591 590 589 589 588 587 586 585 584 583 582 581 580 580 579 579 578 578 577 576 575 574 573 572 570 569 568 567 566 565 564 563 562 561 560 559 557 556 555
678 678 678 677 677 677 678 677 677 676 677 676 676 675 675 673 674 673 673 672 672 673 672 672 671 671 670 670 670 669 669 668 667 667 667 667 666 665 665 664 664 664 597 596 596 595 594 594 593 592 591 591 590 590 590 589 588 587 586 586 585 584 583 581 581 580 579 578 577 577 576 575 575 574 573 572 571 570 569 568 566 565 564 563 561 560 559 558 557 556 554 553 552 551
676 677 676 676 675 676 675 676 675 675 675 675 674 673 673 673 672 671 671 670 670 670 670 670 669 669 668 669 668 667 667 666 666 665 665 665 664 663 663 662 661 661 661 594 594 593 592 591 591 590 589 589 589 588 587 587 586 585 584 583 583 582 581 580 578 577 576 576 576 575 574 573 572 571 570 569 568 567 566 565 563 562 561 560 558 557 556 555 554 552 551 550 549 547
674 675 674 674 673 674 673 673 672 673 673 673 672 672 671 672 670 669 669 668 668 668 668 667 666 667 666 667 666 665 665 664 664 663 663 663 662 661 661 660 659 659 659 658 590 590 589 589 589 588 587 586 587 586 585 584 583 583 582 581 580 579 578 578 576 575 574 574 573 572 571 570 569 568 567 566 565 564 563 562 560 559 558 557 555 554 553 552 550 549 548 546 545 544
673 673 673 672 672 672 672 671 671 670 670 671 670 670 669 670 669 668 667 666 667 666 666 665 664 664 663 664 664 663 663 662 661 662 661 661 660 659 659 658 657 657 657 656 588 588 587 586 585 585 584 584 584 583 583 582 581 580 579 579 578 577 576 575 573 572 572 571 570 569 569 568 567 565 564 563 562 561 560 559 557 556 555 553 552 551 550 548 547 545 544 543 541 540
672 671 671 670 670 670 670 669 669 668 669 668 667 668 667 668 667 666 665 664 665 664 664 663 662 662 662 662 661 660 660 660 659 660 659 658 658 657 656 656 655 655 655 654 652 585 585 584 583 582 581 582 581 580 579 578 578 578 577 576 575 574 573 572 571 570 570 569 568 567 566 565 564 563 561 560 559 558 557 556 555 552 551 550 549 547 546 544 543 542 540 539 537 535
669 669 669 668 668 668 668 667 667 667 667 666 666 665 664 665 665 665 663 662 663 662 662 661 660 660 660 660 659 658 658 657 656 657 657 656 656 655 654 653 653 653 652 651 651 649 582 581 581 580 579 579 578 578 577 576 575 574 573 572 571 571 570 570 569 568 567 566 565 564 563 562 561 559 558 557 556 555 554 552 551 549 548 546 545 543 542 541 539 537 536 534 532 531
667 667 666 667 666 666 666 665 665 665 665 664 664 663 663 663 662 662 661 660 661 660 660 659 658 658 658 657 657 656 655 655 654 654 654 653 652 653 652 651 650 651 650 649 648 647 646 579 578 577 578 577 576 575 574 573 572 571 571 570 569 568 567 566 566 564 563 562 561 560 559 558 557 556 555 554 553 551 550 549 547 545 544 542 541 539 538 536 535 533 531 529 527 525
665 665 664 664 664 664 664 663 663 663 663 662 662 661 661 661 660 660 658 657 659 658 657 657 656 655 656 655 655 654 653 652 653 652 651 651 650 649 648 648 649 648 647 647 646 644 643 576 576 575 575 574 573 572 571 571 570 569 568 567 566 565 564 563 563 561 560 559 558 556 555 554 553 552 551 549 548 547 545 544 543 540 539 537 536 534 532 530 529 527 525 523 521 518
663 663 662 662 662 661 661 661 661 661 661 660 659 659 659 659 658 657 657 656 655 655 654 655 654 653 654 653 652 652 651 650 650 650 649 648 647 647 646 645 645 645 644 643 643 642 641 640 573 572 572 571 570 570 569 568 567 566 565 564 563 562 561 561 560 558 556 555 554 553 552 551 549 548 547 545 544 543 541 540 538 536 534 533 531 529 527 525 523 521 519 516 514 511
661 661 660 659 660 659 659 658 658 658 658 658 657 657 657 656 656 655 655 654 653 653 652 651 651 651 651 651 650 649 648 648 648 647 646 646 645 644 643 643 643 642 641 640 640 639 637 636 636 570 569 568 568 567 566 565 564 563 562 561 560 559 558 557 556 554 553 552 551 549 548 547 546 544 543 541 540 538 537 535 534 532 529 527 526 524 521 519 517 514 511 508 505 501
659 658 658 657 658 657 657 656 655 656 655 655 655 654 655 654 654 653 652 653 651 650 650 649 648 649 648 647 646 647 646 645 645 645 644 643 642 642 641 640 640 639 639 638 637 636 634 633 632 632 565 564 564 564 563 562 561 560 558 557 556 555 555 554 553 552 549 548 547 546 544 543 541 540 539 537 535 534 532 530 529 527 524 522 519 517 515 512 509 506 502 497 490 481
656 656 656 655 656 655 654 654 653 654 653 652 652 651 652 652 651 651 650 650 649 648 647 646 646 646 645 645 644 643 642 642 643 642 641 641 640 639 638 638 637 637 636 635 634 633 631 630 629 629 562 561 560 559 558 557 556 555 554 554 553 552 551 550 549 548 545 544 543 541 540 539 537 535 534 532 530 529 527 525 523 521 517 515 512 509 506 502 498 491 481 481 481 481
654 653 653 653 653 653 652 652 652 651 651 650 649 650 649 648 648 648 647 648 646 645 645 644 643 643 643 642 641 640 640 640 639 638 638 638 637 636 635 635 635 634 633 632 631 630 629 627 627 626 625 558 557 556 555 554 553 552 550 549 548 548 547 545 544 543 541 540 538 537 535 534 532 530 529 527 525 523 521 518 516 513 509 506 503 498 492 481 481 481 481 481 481 481
651 651 650 650 650 650 650 649 650 649 648 648 647 647 647 646 645 645 644 644 644 643 642 641 641 641 640 639 639 638 637 637 636 636 635 634 633 632 631 632 631 631 630 629 628 627 626 624 624 623 622 621 554 552 551 550 549 548 547 545 544 544 542 541 540 538 536 534 533 531 529 528 526 524 522 520 517 516 513 510 507 504 498 492 481 481 481 481 481 481 481 481 481 481
649 648 648 648 648 647 646 647 647 646 646 645 644 645 644 643 643 642 641 642 641 639 639 639 639 638 637 637 636 635 634 634 633 633 632 631 630 629 628 628 627 626 625 625 624 623 622 620 620 619 618 617 616 549 548 546 545 544 542 541 541 539 538 536 535 533 531 529 527 525 524 522 519 517 515 512 509 506 502 498 492 481 480 480 480 480 480 480 480 480 480 480 480 480
647 646 645 646 645 645 644 643 644 644 643 643 642 642 641 641 640 639 640 639 638 636 636 635 635 635 634 634 633 632 631 631 630 630 629 628 627 626 626 625 624 623 622 621 620 619 618 617 617 615 614 613 612 545 543 542 541 539 538 537 536 535 533 531 530 528 526 523 521 519 517 514 512 509 506 502 498 492 481 481 481 481 481 480 480 480 480 480 480 480 480 480 480 480
644 644 643 643 643 642 641 641 641 640 640 639 639 639 639 638 637 637 637 636 635 634 633 632 632 631 630 630 630 629 628 628 627 626 625 624 623 623 623 622 621 619 618 617 616 615 614 613 612 610 609 608 608 606 539 538 536 535 533 532 531 529 528 526 524 522 520 516 514 511 508 505 502 497 491 481 481 481 481 481 481 481 481 480 480 480 480 480 480 480 480 480 480 480
641 641 640 641 640 639 639 638 638 638 637 636 635 636 636 635 634 634 634 633 632 631 630 629 629 628 627 626 626 625 624 624 624 623 622 621 620 619 619 618 617 616 615 613 612 611 610 610 607 606 605 603 602 601 599 532 530 528 528 527 525 523 521 519 517 514 512 508 505 501 496 489 481 481 481 481 481 481 481 481 481 481 481 480 480 480 480 480 480 480 480 480 480 480
638 637 637 638 637 637 636 635 635 635 634 633 632 633 632 631 630 631 631 630 629 628 627 626 626 625 624 623 622 621 621 620 619 618 617 617 616 615 615 614 613 612 611 609 608 607 606 605 603 601 600 599 597 595 594 592 524 523 521 520 517 515 513 510 507 505 501 495 486 481 481 481 481 481 481 481 481 481 481 481 481 481 481 480 480 480 480 480 480 480 480 480 480 480
635 634 634 634 633 634 633 632 633 632 631 630 629 630 629 628 627 626 627 626 626 625 623 622 622 621 621 620 619 618 618 617 616 615 614 612 611 610 610 610 609 607 606 605 604 602 601 600 598 596 595 593 591 590 588 586 518 516 513 512 509 506 502 498 493 481 481 480 480 480 480 480 480 480 480 480 480 481 481 481 481 481 481 480 480 480 480 480 480 480 480 480 480 480
632 632 631 631 630 630 629 628 629 629 628 627 627 627 626 625 624 623 623 622 622 621 620 619 619 618 617 616 615 614 614 613 612 611 609 608 607 606 606 604 603 602 600 600 599 597 595 595 592 591 589 587 585 583 581 578 576 507 504 501 496 490 481 481 481 481 481 480 480 480 480 480 480 480 480 480 480 480 480 480 480 480 480 479 479 479 479 479 479 479 479 479 479 479
629 629 628 628 627 627 626 626 625 625 625 624 624 623 622 621 621 620 620 619 618 617 616 614 614 613 613 612 611 610 610 609 607 606 605 604 603 601 601 600 598 597 595 594 592 590 590 588 586 584 582 579 577 574 571 568 564 559 486 481 481 481 481 481 481 481 481 480 480 480 480 480 480 480 480 480 480 480 480 480 480 480 480 479 479 479 479 479 479 479 479 479 479 479
626 626 625 625 624 623 623 623 622 621 620 619 620 620 619 618 617 616 616 615 614 613 612 611 610 609 608 607 606 604 605 604 603 602 600 599 598 597 596 594 593 591 589 587 586 584 583 580 578 575 572 569 565 561 556 546 546 546 481 481 481 481 481 481 481 481 481 481 480 480 480 480 480 480 480 480 480 480 480 480 480 480 480 479 479 479 479 479 479 479 479 479 479 479
622 621 621 622 621 620 619 619 619 618 617 616 616 615 614 613 613 612 612 611 610 609 608 607 606 605 603 602 601 600 600 598 597 596 595 593 592 591 590 588 586 584 582 580 578 575 574 571 568 563 558 550 545 545 545 545 545 545 546 481 481 481 481 481 481 481 481 481 480 480 480 480 480 480 480 480 480 480 480 480 480 480 480 480 479 479 479 479 479 479 479 479 479 479
619 618 617 617 617 616 616 616 615 614 613 612 612 611 610 609 608 607 607 607 606 605 604 602 601 600 599 597 596 595 594 593 591 590 588 586 585 585 583 581 579 576 574 571 568 564 561 554 546 545 545 545 545 545 545 545 545 545 546 546 480 480 480 480 480 480 480 480 479 480 480 480 480 480 480 480 480 480 480 480 480 480 480 480 479 479 479 479 479 479 479 479 479 479
615 614 613 614 613 612 611 612 611 610 609 608 608 607 606 605 604 604 603 601 600 599 599 598 596 595 593 592 590 589 588 587 585 583 581 579 577 576 573 571 568 565 561 555 545 545 546 546 546 545 545 545 545 545 545 545 545 545 546 546 480 480 480 480 480 480 480 480 479 479 479 479 479 479 479 479 479 479 479 479 479 479 479 479 478 478 478 478 478 478 478 478 478 478
611 610 610 610 609 608 607 607 606 605 605 604 604 603 601 600 599 599 598 596 595 594 592 592 589 589 587 586 584 582 581 579 577 575 573 570 567 565 561 556 544 544 544 544 544 544 546 546 546 545 545 545 545 545 545 545 545 546 546 546 546 480 480 480 480 480 480 480 479 479 479 479 479 479 479 479 479 479 479 479 479 479 479 479 478 478 478 478 478 478 478 478 478 478
607 606 605 605 604 603 602 602 601 600 599 598 599 598 596 595 594 594 592 591 589 588 586 586 583 581 579 577 575 574 573 570 568 564 561 556 548 544 544 544 544 544 544 544 544 544 545 545 545 544 544 544 545 545 545 545 545 546 546 546 546 546 480 480 480 480 480 480 479 479 479 479 479 479 479 479 479 479 479 479 479 479 479 479 478 478 478 478 478 478 478 478 478 478
602 601 602 601 600 599 598 598 597 595 594 593 593 591 590 590 588 588 586 585 583 581 579 578 575 573 571 568 566 562 560 555 548 543 543 543 543 544 544 544 544 544 544 544 544 544 545 545 545 544 544 544 544 544 544 544 544 545 546 546 546 546 546 480 480 480 480 480 479 479 479 479 479 479 479 479 479 479 479 479 479 479 479 479 478 478 478 478 478 478 478 478 478 478
598 596 596 595 595 594 593 592 591 590 589 587 587 585 584 582 581 580 579 577 575 573 571 569 565 562 559 554 546 542 542 542 542 542 542 542 543 544 544 544 544 544 544 544 544 544 545 545 545 544 544 544 544 544 544 544 544 545 545 545 545 545 545 479 479 479 479 480 479 479 479 479 479 479 479 479 479 479 479 479 479 479 479 479 478 478 478 478 478 478 478 478 478 478
593 591 591 590 589 587 586 587 585 584 582 581 580 578 577 575 573 571 569 567 564 561 558 554 546 541 541 541 541 542 542 542 542 542 542 542 542 543 543 543 543 544 544 544 544 544 545 545 545 544 544 544 544 544 544 544 544 545 545 545 545 545 545 545 479 479 479 479 478 478 478 478 478 478 478 478 478 478 478 478 478 478 478 478 477 477 478 478 478 477 477 477 477 477
587 586 585 584 583 581 580 579 577 576 575 573 572 570 567 565 562 560 556 551 540 540 540 541 541 541 541 541 541 542 542 542 542 542 542 542 542 543 543 543 543 543 543 543 543 544 545 545 545 545 544 544 544 544 544 544 544 545 545 545 545 545 545 545 545 479 479 479 478 478 478 478 478 478 478 478 478 478 478 478 478 478 478 478 477 477 477 477 477 477 477 477 477 477
581 579 579 577 576 574 572 571 569 567 565 562 560 558 554 548 539 540 540 540 540 540 540 541 541 540 540 540 540 542 542 542 542 542 542 542 542 543 543 543 543 543 543 543 543 544 544 544 544 544 543 544 544 544 544 544 544 545 545 545 545 545 545 545 545 479 479 479 479 478 478 478 478 478 478 478 478 478 478 478 478 478 478 478 477 477 477 477 477 477 477 477 477 477
573 571 571 569 567 565 562 561 558 554 550 542 538 538 538 538 539 540 540 540 540 540 540 541 541 540 540 540 540 541 541 541 541 542 542 542 542 543 543 543 543 543 543 543 543 544 544 544 544 544 543 543 543 543 543 543 543 544 545 545 545 545 545 545 545 545 479 479 479 478 478 478 478 478 478 478 478 478 478 478 478 478 478 478 477 477 477 477 477 477 477 477 477 477
564 561 560 557 554 551 545 537 537 537 537 537 538 538 538 538 538 539 539 540 540 540 540 541 541 540 540 540 540 541 541 541 541 541 541 541 541 543 543 543 543 543 543 543 543 544 544 544 544 544 543 543 543 543 543 543 543 544 544 544 544 544 544 544 544 544 544 479 479 478 478 478 478 478 478 478 478 478 478 478 478 478 478 478 477 477 477 477 477 477 477 477 477 477
