testData/tiles/oneDegreeCosts/grid12.0-41.0-13.0-42.0.asc
ncols   200
nrows   200
xllcorner   12.0
yllcorner   41.0
cellsize   0.005
NODATA_value   -9999.0
[rows 126 to 167 of 200, columns 0 to 93 of 200]
422 422 422 423 423 423 423 423 423 423 423 350 350 317 317 317 317 317 317 317 317 317 317 317 317 317 317 317 317 317 317 317 317 317 317 317 317 317 317 317 317 317 317 317 317 317 317 317 317 317 317 317 317 317 317 317 317 317 317 317 317 317 317 317 317 317 317 317 317 318 324 329 333 337 341 345 348 351 354 357 359 362 364 366 368 370 372 374 376 378 379 381 382 384
423 423 423 424 351 351 351 351 351 351 351 351 351 317 317 317 317 317 317 317 317 317 317 317 317 317 317 317 317 317 317 317 317 317 317 317 317 317 317 317 317 317 317 317 317 317 317 317 317 317 317 317 317 317 317 317 317 317 317 317 317 317 317 317 317 317 317 317 317 318 324 329 333 337 341 345 348 351 354 357 359 362 364 366 368 370 372 374 376 378 379 381 383 384
352 352 352 352 352 352 352 352 352 352 352 352 352 317 317 317 317 317 317 317 317 317 317 317 317 317 317 317 317 317 317 317 317 317 317 317 317 317 317 317 317 317 317 317 317 317 317 317 317 317 317 317 317 317 317 317 317 317 317 317 317 317 317 317 317 317 317 317 317 318 324 329 333 338 341 345 348 351 354 357 359 362 364 366 368 371 372 374 376 378 379 381 383 384
352 352 352 353 353 353 353 353 353 353 353 353 353 353 317 317 317 317 317 317 317 317 317 317 317 317 317 317 317 317 317 317 317 317 317 317 317 317 317 317 317 317 317 317 317 317 317 317 317 317 317 317 317 317 317 317 317 317 317 317 317 317 317 317 317 317 317 317 317 318 324 329 334 338 341 345 348 351 354 357 359 362 364 366 369 371 373 374 376 378 380 381 383 384
353 353 353 354 354 354 354 354 354 354 354 354 354 355 317 317 317 317 317 317 317 317 317 317 317 317 317 317 317 317 317 317 317 317 317 317 317 317 317 317 317 317 317 317 317 317 317 317 317 317 317 317 317 317 317 317 317 317 317 317 317 317 317 317 317 317 317 317 317 319 324 329 334 338 341 345 348 351 354 357 359 362 364 366 369 371 373 374 376 378 380 381 383 384
354 354 354 355 355 355 355 355 355 355 355 355 355 356 317 317 317 317 317 317 317 317 317 317 317 317 317 317 317 317 317 317 317 317 317 317 317 317 317 317 317 317 317 317 317 317 317 317 317 317 317 317 317 317 317 317 317 317 317 317 317 317 317 317 317 317 317 317 317 319 324 329 334 338 342 345 348 351 354 357 360 362 364 367 369 371 373 375 376 378 380 381 383 384
355 355 355 356 356 356 356 356 356 356 356 356 356 357 317 317 317 317 317 317 317 317 317 317 317 317 317 317 317 317 317 317 317 317 317 317 317 317 317 317 317 317 317 317 317 317 317 317 317 317 317 317 317 317 317 317 317 317 317 317 317 317 317 317 317 317 317 317 317 319 324 329 334 338 342 345 348 351 354 357 360 362 364 367 369 371 373 375 376 378 380 381 383 384
356 356 356 357 357 357 357 357 357 357 357 357 358 358 317 317 317 317 317 317 317 317 317 317 317 317 317 317 317 317 317 317 317 317 317 317 317 317 317 317 317 317 317 317 317 317 317 317 317 317 317 317 317 317 317 317 317 317 317 317 317 317 317 317 317 317 317 317 317 319 325 330 334 338 342 345 348 352 354 357 360 362 364 367 369 371 373 375 376 378 380 381 383 384
357 357 357 358 358 358 358 358 358 358 358 358 359 359 317 317 317 317 317 317 317 317 317 317 317 317 317 317 317 317 317 317 317 317 317 317 317 317 317 317 317 317 317 317 317 317 317 317 317 317 317 317 317 317 317 317 317 317 317 317 317 317 317 317 317 317 317 317 317 319 325 330 334 338 342 345 349 352 354 357 360 362 365 367 369 371 373 375 376 378 380 381 383 384
358 358 358 359 359 359 359 359 359 359 359 359 360 360 317 317 317 317 317 317 317 317 317 317 317 317 317 317 317 317 317 317 317 317 317 317 317 317 317 317 317 317 317 317 317 317 317 317 317 317 317 317 317 317 317 317 317 317 317 317 317 317 317 317 317 317 317 317 317 320 325 330 334 338 342 345 349 352 355 357 360 362 365 367 369 371 373 375 377 378 380 381 383 384
359 359 359 360 360 360 360 360 360 360 360 360 361 361 317 317 317 317 317 317 317 317 317 317 317 317 317 317 317 317 317 317 317 317 317 317 317 317 317 317 317 317 317 317 317 317 317 317 317 317 317 317 317 317 317 317 317 317 317 317 317 317 317 317 317 317 317 317 317 321 326 330 334 338 342 345 349 352 355 357 360 362 365 367 369 371 373 375 377 378 380 382 383 385
360 360 360 361 361 361 361 361 361 361 361 362 362 362 317 317 317 317 317 317 317 317 317 317 317 317 317 317 317 317 317 317 317 317 317 317 317 317 317 317 317 317 317 317 317 317 317 317 317 317 317 317 317 317 317 317 317 317 317 317 317 317 317 317 317 317 317 317 317 321 327 331 334 338 342 346 349 352 355 357 360 362 365 367 369 371 373 375 377 378 380 382 383 385
361 361 361 362 362 362 362 362 362 362 362 363 363 363 317 317 317 317 317 317 317 317 317 317 317 317 317 317 317 317 317 317 317 317 317 317 317 317 317 317 317 317 317 317 317 317 317 317 317 317 317 317 317 317 317 317 317 317 317 317 317 317 317 317 317 317 317 317 317 323 327 332 335 338 342 346 349 352 355 357 360 362 365 367 369 371 373 375 377 378 380 382 383 385
362 362 362 363 363 363 363 363 363 363 363 364 364 364 317 317 317 317 317 317 317 317 317 317 317 317 317 317 317 317 317 317 317 317 317 317 317 317 317 317 317 317 317 317 317 317 317 317 317 317 317 317 317 317 317 317 317 317 317 317 317 317 317 317 317 317 317 317 318 324 328 333 337 340 343 346 349 352 355 358 360 363 365 367 369 371 373 375 377 378 380 382 383 385
363 363 363 364 364 364 364 364 364 364 364 365 365 365 317 317 317 317 317 317 317 317 317 317 317 317 317 317 317 317 317 317 317 317 317 317 317 317 317 317 317 317 317 317 317 317 317 317 317 317 317 317 317 317 317 317 317 317 317 317 317 317 317 317 317 317 317 317 318 325 329 333 338 341 343 347 349 352 355 358 360 363 365 367 369 371 373 375 377 379 380 382 383 385
364 364 364 365 365 365 365 365 365 365 365 366 502 502 317 317 317 317 317 317 317 317 317 317 317 317 317 317 317 317 317 317 317 317 317 317 317 317 317 317 317 317 317 317 317 317 317 317 317 317 317 317 317 317 317 317 317 317 317 317 317 317 317 317 317 317 317 317 319 325 330 334 338 342 344 347 350 352 355 358 360 363 365 367 369 371 373 375 377 379 380 382 383 385
365 365 365 366 366 366 366 366 366 366 366 503 503 503 317 317 317 317 317 317 317 317 317 317 317 317 317 317 317 317 317 317 317 317 317 317 317 317 317 317 317 317 317 317 317 317 317 317 317 317 317 317 317 317 317 317 317 317 317 317 317 317 317 317 317 317 317 317 321 326 332 335 339 342 346 348 350 353 355 358 360 363 365 367 369 371 373 375 377 379 380 382 383 385
366 366 366 367 367 367 367 367 367 503 503 504 504 504 317 317 317 317 317 317 317 317 317 317 317 317 317 317 317 317 317 317 317 317 317 317 317 317 317 317 317 317 317 317 317 317 317 317 317 317 317 317 317 317 317 317 317 317 317 317 317 317 317 317 317 317 317 317 322 327 332 337 340 343 347 349 351 353 356 358 360 363 365 367 369 371 373 375 377 379 380 382 383 385
367 367 367 368 368 368 368 368 504 504 505 505 505 505 317 317 317 317 317 317 317 317 317 317 317 317 317 317 317 317 317 317 317 317 317 317 317 317 317 317 317 317 317 317 317 317 317 317 317 317 317 317 317 317 317 317 317 317 317 317 317 317 317 317 317 317 317 317 322 328 333 337 341 344 347 350 352 354 356 359 360 363 365 367 369 371 373 375 377 379 380 382 383 385
368 368 368 369 369 369 369 505 505 505 506 506 506 506 317 317 317 317 317 317 317 317 317 317 317 317 317 317 317 317 317 317 317 317 317 317 317 317 317 317 317 317 317 317 317 317 317 317 317 317 317 317 317 317 317 317 317 317 317 317 317 317 317 317 317 317 317 317 323 328 334 338 341 345 348 350 353 355 357 359 361 363 365 367 369 371 373 375 377 379 380 382 383 385
369 369 369 369 370 506 506 506 506 506 507 507 507 507 317 317 317 317 317 317 317 317 317 317 317 317 317 317 317 317 317 317 317 317 317 317 317 317 317 317 317 317 317 317 317 317 317 317 317 317 317 317 317 317 317 317 317 317 317 317 317 317 317 317 317 317 317 317 324 330 335 339 342 345 349 351 353 355 358 360 361 363 365 367 370 372 373 375 377 379 380 382 384 385
370 370 370 370 507 507 507 507 507 507 508 508 508 508 317 317 317 317 317 317 317 317 317 317 317 317 317 317 317 317 317 317 317 317 317 317 317 317 317 317 317 317 317 317 317 317 317 317 317 317 317 317 317 317 317 317 317 317 317 317 317 317 317 317 317 317 317 317 325 331 335 340 343 346 349 352 354 356 358 361 363 364 365 367 370 372 374 375 377 379 380 382 384 385
371 371 371 507 508 508 508 508 508 508 509 509 509 509 317 317 317 317 317 317 317 317 317 317 317 317 317 317 317 317 317 317 317 317 317 317 317 317 317 317 317 317 317 317 317 317 317 317 317 317 317 317 317 317 317 317 317 317 317 317 317 317 317 317 317 317 317 319 325 332 336 340 344 347 350 352 356 358 359 361 364 365 366 368 370 372 374 375 377 379 381 382 384 385
372 508 508 508 509 509 509 509 509 509 510 510 510 510 317 317 317 317 317 317 317 317 317 317 317 317 317 317 317 317 317 317 317 317 317 317 317 317 317 317 317 317 317 317 317 317 317 317 317 317 317 317 317 317 317 317 317 317 317 317 317 317 317 317 317 317 317 320 327 332 337 341 344 348 351 353 356 359 360 362 364 365 367 369 370 372 374 375 377 379 381 382 384 385
509 509 509 509 510 510 510 510 510 510 511 511 511 511 317 317 317 317 317 317 317 317 317 317 317 317 317 317 317 317 317 317 317 317 317 317 317 317 317 317 317 317 317 317 317 317 317 317 317 317 317 317 317 317 317 317 317 317 317 317 317 317 317 317 317 317 317 321 328 333 337 342 345 348 351 354 357 359 360 363 365 366 367 370 371 372 374 376 377 379 381 382 384 385
510 510 510 510 511 511 511 511 511 511 512 512 512 512 317 317 317 317 317 317 317 317 317 317 317 317 317 317 317 317 317 317 317 317 317 317 317 317 317 317 317 317 317 317 317 317 317 317 317 317 317 317 317 317 317 317 317 317 317 317 317 317 317 317 317 317 317 321 329 334 338 342 347 349 352 355 358 360 362 363 366 367 368 370 371 373 374 376 377 379 381 382 384 385
511 511 511 511 512 512 512 512 512 512 513 513 513 513 317 317 317 317 317 317 317 317 317 317 317 317 317 317 317 317 317 317 317 317 317 317 317 317 317 317 317 317 317 317 317 317 317 317 317 317 317 317 317 317 317 317 317 317 317 317 317 317 317 317 317 317 318 322 329 335 339 343 347 351 353 356 358 361 363 364 366 367 370 371 372 373 374 376 377 379 381 382 384 385
512 512 512 512 513 513 513 513 513 513 514 514 514 514 317 317 317 317 317 317 317 317 317 317 317 317 317 317 317 317 317 317 317 317 317 317 317 317 317 317 317 317 317 317 317 317 317 317 317 317 317 317 317 317 317 317 317 317 317 317 317 317 317 317 317 317 318 323 330 335 341 344 348 351 353 357 359 361 363 365 367 368 370 371 373 374 375 376 377 379 381 382 384 385
513 513 513 513 514 514 514 514 514 514 515 515 515 515 317 317 317 317 317 317 317 317 317 317 317 317 317 317 317 317 317 317 317 317 317 317 317 317 317 317 317 317 317 317 317 317 317 317 317 317 317 317 317 317 317 317 317 317 317 317 317 317 317 317 317 317 319 323 331 336 341 344 349 352 354 357 360 362 364 365 367 369 371 372 373 374 376 377 377 379 381 382 384 385
514 514 514 514 515 515 515 515 515 515 516 516 516 516 318 318 318 318 318 318 318 317 317 317 317 317 317 317 317 317 317 317 317 317 317 317 317 317 317 317 317 317 317 317 317 317 317 317 317 317 317 317 317 317 317 317 317 317 317 317 317 317 317 317 317 317 320 325 331 337 342 345 349 353 355 358 360 362 365 366 368 369 371 373 374 375 376 377 377 379 381 382 384 385
515 515 515 515 516 516 516 516 516 516 517 517 517 517 319 319 319 319 319 319 319 318 318 318 318 318 318 317 317 317 317 317 317 317 317 317 317 317 317 317 317 317 317 317 317 317 317 317 317 317 317 317 317 317 317 317 317 317 317 317 317 317 317 317 317 317 321 326 332 337 343 347 350 353 355 359 361 363 365 366 369 370 372 373 374 376 377 378 379 379 381 382 384 385
516 516 516 516 517 517 517 517 517 517 518 518 518 518 320 320 320 320 320 320 320 319 319 319 319 319 319 318 318 318 318 317 317 317 317 317 317 317 317 317 317 317 317 317 317 317 317 317 317 317 317 317 317 317 317 317 317 317 317 317 317 317 317 317 317 317 321 326 333 339 343 347 351 354 356 359 361 364 366 367 369 370 373 374 375 376 377 378 380 380 381 382 384 385
516 517 517 517 518 518 518 518 518 519 519 519 519 519 321 321 321 321 321 321 321 321 320 320 320 320 320 319 319 319 318 318 318 317 317 317 317 317 317 317 317 317 317 317 317 317 317 317 317 317 317 317 317 317 317 317 317 317 317 317 317 317 317 317 317 317 322 327 333 340 344 348 351 355 358 360 362 364 366 369 370 371 373 374 375 377 378 379 380 380 381 382 384 385
517 518 518 518 519 519 519 519 519 520 520 520 520 520 322 322 322 322 322 322 322 322 321 321 321 321 321 320 320 320 319 319 319 318 318 318 317 317 317 317 317 317 317 317 317 317 317 317 317 317 317 317 317 317 317 317 317 317 317 317 317 317 317 317 317 317 323 328 335 340 345 349 352 355 358 361 363 365 367 369 370 373 374 375 376 377 378 379 381 381 382 383 384 385
518 519 519 519 520 520 520 520 520 521 521 521 521 521 323 323 323 323 323 323 323 323 322 322 322 322 322 321 321 321 320 320 320 319 319 319 318 318 317 317 317 317 317 317 317 317 317 317 317 317 317 317 317 317 317 317 317 317 317 317 317 317 317 317 317 317 323 328 336 341 345 349 353 356 359 361 363 365 368 370 371 373 374 375 377 378 379 380 381 381 382 384 384 385
519 520 520 520 521 521 521 521 521 522 522 522 522 522 324 324 324 324 324 324 324 324 323 323 323 323 323 322 322 322 321 321 321 320 320 319 319 319 318 318 317 317 317 317 317 317 317 317 317 317 317 317 317 317 317 317 317 317 317 317 317 317 317 317 317 317 324 329 336 342 346 350 353 356 360 362 364 366 368 370 372 374 375 376 377 378 379 381 382 382 383 384 384 386
520 521 521 521 522 522 522 522 522 523 523 523 523 523 325 325 325 325 325 325 325 325 324 324 324 324 324 323 323 323 322 322 322 321 321 320 320 319 319 318 318 317 317 317 317 317 317 317 317 317 317 317 317 317 317 317 317 317 317 317 317 317 317 317 317 317 325 330 337 342 346 351 354 357 360 362 364 367 369 371 372 374 375 377 378 379 380 381 382 382 383 385 385 386
521 522 522 522 522 523 523 523 523 524 524 524 524 524 326 326 326 326 326 326 326 326 325 325 325 325 324 324 324 324 323 323 323 322 322 321 321 320 320 319 319 318 318 317 317 317 317 317 317 317 317 317 317 317 317 317 317 317 317 317 317 317 317 317 317 317 325 330 338 343 347 351 354 358 361 363 365 367 369 371 373 375 376 377 378 379 380 382 383 383 384 385 385 386
522 523 523 523 523 524 524 524 524 525 525 525 525 525 327 327 327 327 327 327 327 327 326 326 326 326 325 325 325 325 324 324 323 323 323 322 322 321 321 320 320 319 319 318 317 317 317 317 317 317 317 317 317 317 317 317 317 317 317 317 317 317 317 317 317 317 326 332 338 343 348 352 355 358 361 363 366 368 370 372 373 375 376 378 379 380 381 382 383 383 384 385 386 387
523 524 524 524 524 525 525 525 525 526 526 526 526 526 328 328 328 328 328 328 328 328 327 327 327 327 326 326 326 326 325 325 324 324 324 323 323 322 322 321 321 320 319 319 318 318 317 317 317 317 317 317 317 317 317 317 317 317 317 317 317 317 317 317 317 317 326 333 339 344 348 352 356 359 362 364 366 368 370 373 374 376 377 378 379 380 381 383 384 384 385 386 386 387
524 524 525 525 525 526 526 526 526 527 527 527 527 527 329 329 329 329 329 329 329 329 328 328 328 328 327 327 327 326 326 326 325 325 324 324 324 323 322 322 321 321 320 320 319 318 318 317 317 317 317 317 317 317 317 317 317 317 317 317 317 317 317 317 317 317 327 333 339 345 349 353 356 359 362 365 367 369 371 373 374 376 377 379 380 381 382 383 384 385 385 386 387 388
525 525 526 526 526 527 527 527 527 528 528 528 528 528 330 330 330 330 330 330 330 330 329 329 329 329 328 328 328 327 327 327 326 326 325 325 324 324 323 323 322 322 321 320 320 319 319 318 317 317 317 317 317 317 317 317 317 317 317 317 317 317 317 317 317 317 328 334 340 345 350 354 357 360 363 365 367 369 371 374 375 377 378 379 380 381 382 383 385 386 386 387 387 388
