testData/tiles/oneDegreeCosts/grid25.0-12.0-26.0-13.0.asc
ncols   200
nrows   200
xllcorner   25.0
yllcorner   12.0
cellsize   0.005
NODATA_value   -9999.0
[rows 42 to 83 of 200, columns 94 to 187 of 200]
236 235 235 235 234 234 234 233 233 232 232 232 231 231 106 105 105 105 104 104 103 103 103 102 102 101 101 100 100 100 99 99 98 98 97 97 96 96 95 95 94 94 93 93 92 92 91 90 90 89 89 88 87 87 86 85 85 84 83 82 81 81 80 79 78 77 76 74 73 72 70 70 70 70 58 58 58 58 58 58 58 58 58 58 58 58 58 58 58 58 58 58 58 58
236 235 235 235 234 234 234 233 233 233 232 232 232 231 106 105 105 105 104 104 104 103 103 102 102 102 101 101 100 100 99 99 98 98 98 97 97 96 96 95 95 94 94 93 92 92 91 91 90 90 89 88 88 87 86 86 85 84 83 83 82 81 80 79 78 77 76 75 74 72 71 70 70 70 70 58 58 58 58 58 58 58 58 58 58 58 58 58 58 58 58 58 58 58
236 236 235 235 235 234 234 234 233 233 232 232 232 231 106 106 105 105 105 104 104 103 103 103 102 102 101 101 100 100 100 99 99 98 98 97 97 96 96 95 95 94 94 93 93 92 92 91 90 90 89 89 88 87 87 86 85 84 84 83 82 81 80 80 79 78 77 75 74 73 72 70 70 70 70 58 58 58 58 58 58 58 58 58 58 58 58 58 58 58 58 58 58 58
236 236 235 235 235 234 234 234 233 233 233 232 232 232 106 106 105 105 105 104 104 104 103 103 102 102 101 101 101 100 100 99 99 98 98 97 97 97 96 96 95 95 94 93 93 92 92 91 91 90 89 89 88 88 87 86 85 85 84 83 82 82 81 80 79 78 77 76 75 73 72 71 70 70 70 70 58 58 58 58 58 58 58 58 58 58 58 58 58 58 58 58 58 58
236 236 235 235 235 235 234 234 233 233 233 232 232 232 106 106 106 105 105 104 104 104 103 103 103 102 102 101 101 100 100 100 99 99 98 98 97 97 96 96 95 95 94 94 93 93 92 91 91 90 90 89 88 88 87 86 86 85 84 84 83 82 81 80 79 78 77 76 75 74 73 71 70 70 70 70 58 58 58 58 58 58 58 58 58 58 58 58 58 58 58 58 58 58
236 236 236 235 235 235 234 234 234 233 233 233 232 232 107 106 106 105 105 105 104 104 104 103 103 102 102 101 101 101 100 100 99 99 98 98 97 97 96 96 95 95 94 94 93 93 92 92 91 91 90 89 89 88 87 87 86 85 85 84 83 82 81 81 80 79 78 77 76 74 73 72 70 70 70 70 58 58 58 58 58 58 58 58 58 58 58 58 58 58 58 58 58 58
236 236 236 235 235 235 234 234 234 233 233 233 232 107 107 106 106 106 105 105 104 104 104 103 103 102 102 102 101 101 100 100 99 99 99 98 98 97 97 96 96 95 95 94 94 93 93 92 91 91 90 90 89 88 88 87 86 86 85 84 83 83 82 81 80 79 78 77 76 75 74 72 71 70 70 70 70 58 58 58 58 58 58 58 58 58 58 58 58 58 58 58 58 58
237 236 236 236 235 235 235 234 234 234 233 233 233 107 107 107 106 106 105 105 105 104 104 103 103 103 102 102 101 101 101 100 100 99 99 98 98 97 97 96 96 95 95 94 94 93 93 92 92 91 90 90 89 89 88 87 87 86 85 85 84 83 82 81 80 80 79 78 77 75 74 73 72 70 70 70 70 58 58 58 58 58 58 58 58 58 58 58 58 58 58 58 58 58
237 236 236 236 235 235 235 234 234 234 233 233 233 107 107 107 106 106 106 105 105 104 104 104 103 103 102 102 102 101 101 100 100 99 99 99 98 98 97 97 96 96 95 95 94 94 93 92 92 91 91 90 90 89 88 88 87 86 86 85 84 83 82 82 81 80 79 78 77 76 75 73 72 71 70 70 70 70 58 58 58 58 58 58 58 58 58 58 58 58 58 58 58 58
237 237 236 236 236 235 235 235 234 234 234 233 233 108 107 107 106 106 106 105 105 105 104 104 103 103 103 102 102 101 101 101 100 100 99 99 98 98 97 97 96 96 95 95 94 94 93 93 92 92 91 90 90 89 89 88 87 87 86 85 84 84 83 82 81 80 79 78 77 76 75 74 73 71 70 70 70 70 58 58 58 58 58 58 58 58 58 58 58 58 58 58 58 58
237 237 236 236 236 235 235 235 234 234 234 233 233 108 107 107 107 106 106 106 105 105 104 104 104 103 103 102 102 102 101 101 100 100 99 99 98 98 98 97 97 96 96 95 95 94 93 93 92 92 91 91 90 89 89 88 87 87 86 85 85 84 83 82 81 81 80 79 78 77 76 74 73 72 70 70 70 70 58 58 58 58 58 58 58 58 58 58 58 58 58 58 58 58
237 237 237 236 236 236 235 235 235 234 234 234 108 108 108 107 107 106 106 106 105 105 105 104 104 103 103 103 102 102 101 101 100 100 100 99 99 98 98 97 97 96 96 95 95 94 94 93 93 92 91 91 90 90 89 88 88 87 86 86 85 84 83 83 82 81 80 79 78 77 76 75 74 72 71 70 70 70 70 58 58 58 58 58 58 58 58 58 58 58 58 58 58 58
237 237 237 236 236 236 235 235 235 234 234 234 108 108 108 107 107 107 106 106 105 105 105 104 104 104 103 103 102 102 101 101 101 100 100 99 99 98 98 97 97 96 96 95 95 94 94 93 93 92 92 91 91 90 89 89 88 87 87 86 85 85 84 83 82 81 80 80 79 78 77 75 74 73 71 70 70 70 70 58 58 58 58 58 58 58 58 58 58 58 58 58 58 58
237 237 237 237 236 236 236 235 235 235 234 234 109 108 108 107 107 107 106 106 106 105 105 105 104 104 103 103 103 102 102 101 101 100 100 99 99 99 98 98 97 97 96 96 95 95 94 94 93 92 92 91 91 90 90 89 88 88 87 86 86 85 84 83 82 82 81 80 79 78 77 76 75 73 72 70 70 70 70 70 58 58 58 58 58 58 58 58 58 58 58 58 58 58
238 237 237 237 236 236 236 235 235 235 234 234 109 108 108 109 108 108 108 107 107 106 106 106 105 105 104 104 104 103 103 102 102 102 101 101 100 100 99 99 98 98 96 96 95 95 94 94 93 93 92 92 91 90 90 89 89 88 87 87 86 85 84 84 83 82 81 80 79 78 77 76 75 74 73 71 70 70 70 70 58 58 58 58 58 58 58 58 58 58 58 58 58 58
238 237 237 237 237 237 237 237 236 236 236 235 110 110 109 109 109 109 109 108 108 108 107 107 106 106 106 105 105 104 104 104 103 103 102 102 101 101 100 100 100 98 98 97 97 96 96 95 94 94 93 93 91 91 90 89 89 88 87 87 86 85 85 84 83 82 81 81 80 79 78 77 76 74 73 72 70 70 70 70 58 58 58 58 58 58 58 58 58 58 58 58 58 58
239 239 238 238 238 237 238 238 237 237 237 111 111 111 110 110 110 109 110 110 109 109 108 108 108 107 107 106 106 106 105 105 104 104 103 103 103 102 102 100 100 99 99 98 98 97 97 96 96 95 95 93 92 92 91 91 90 89 88 87 86 86 85 84 83 83 82 81 80 79 78 77 76 75 74 72 71 70 70 70 70 58 58 58 58 58 58 58 58 58 58 58 58 58
240 240 239 239 239 238 238 239 239 238 238 112 112 112 111 111 111 110 110 110 110 110 110 109 109 108 108 108 107 107 106 106 106 105 105 104 104 102 102 101 101 100 100 99 99 98 98 97 97 96 95 94 94 93 92 92 91 91 89 88 88 87 86 84 84 83 82 81 80 79 78 77 76 75 74 73 71 70 70 70 70 58 58 58 58 58 58 58 58 58 58 58 58 58
241 241 241 240 240 240 239 239 240 239 239 114 113 113 113 112 112 112 111 111 110 110 110 109 109 110 109 109 108 108 108 107 106 105 105 104 104 104 103 103 102 102 101 101 100 100 99 99 98 97 96 95 95 94 94 93 93 91 90 90 89 88 87 86 85 84 83 83 81 80 79 78 77 76 75 73 72 70 70 70 70 58 58 58 58 58 58 58 58 58 58 58 58 58
241 242 242 241 241 241 240 240 240 239 240 115 114 114 114 113 113 113 112 112 112 111 111 110 110 110 109 109 109 108 108 107 107 106 106 106 105 105 104 104 103 103 102 102 101 101 100 99 98 98 97 97 96 96 95 94 93 92 91 91 90 89 88 87 86 86 85 84 82 81 80 79 77 76 75 74 72 71 70 70 70 70 58 58 58 58 58 58 58 58 58 58 58 58
242 242 243 243 242 242 242 241 241 241 240 115 116 115 115 115 114 114 113 113 113 112 112 112 111 111 110 110 110 109 109 108 108 108 107 107 106 106 105 105 105 104 104 103 103 101 101 100 100 99 98 98 97 97 96 95 94 93 93 92 91 91 89 88 88 87 86 84 83 82 82 81 79 78 76 75 73 71 70 70 70 70 58 58 58 58 58 58 58 58 58 58 58 58
244 243 243 244 243 243 243 242 242 242 116 116 116 115 116 116 115 115 115 114 114 114 113 113 112 112 112 111 111 110 110 110 109 109 108 108 108 107 107 106 106 105 105 103 103 102 102 101 101 100 100 99 99 98 96 96 95 95 94 93 93 91 90 90 89 88 86 85 85 84 83 81 80 79 78 76 74 73 71 70 70 70 58 58 58 58 58 58 58 58 58 58 58 58
245 244 244 244 244 244 244 244 243 243 118 117 117 117 116 116 116 116 116 115 115 115 114 114 114 113 113 112 112 112 111 111 110 110 110 109 109 108 108 107 106 105 105 104 104 103 103 102 102 101 101 100 99 98 98 97 96 96 95 95 93 92 92 91 90 89 88 87 86 85 84 82 81 80 79 77 76 74 73 71 71 71 71 58 58 58 58 58 58 58 58 58 58 58
246 246 245 245 245 244 244 245 244 244 119 118 118 118 117 117 117 116 116 116 115 116 115 115 115 114 114 114 113 113 112 112 112 111 111 110 109 108 108 108 107 107 106 106 105 105 104 104 103 103 101 101 100 99 99 98 98 97 95 95 94 93 93 92 91 90 89 88 87 86 85 84 83 82 80 78 77 76 74 72 72 72 71 59 59 59 58 58 58 58 58 58 58 58
247 247 246 246 246 245 245 245 244 245 120 120 119 119 118 118 118 117 117 117 116 116 116 115 115 115 114 114 113 113 113 112 112 111 111 110 110 110 109 109 108 108 107 107 106 106 105 105 103 103 102 102 101 101 100 99 99 97 97 96 95 95 94 93 92 91 90 89 89 87 86 85 84 83 81 80 79 77 75 74 73 73 72 60 60 59 59 59 58 58 58 58 58 58
247 247 248 247 247 247 246 246 246 120 120 121 120 120 120 119 119 119 118 118 118 117 117 116 116 116 115 115 115 114 114 113 113 112 112 112 111 111 110 110 109 109 108 108 108 107 106 105 105 104 103 103 102 102 101 100 99 99 98 97 97 96 94 94 93 92 91 91 89 88 87 86 85 83 82 81 80 78 77 75 74 73 73 73 61 60 60 60 59 59 59 58 58 58
248 248 248 248 248 248 247 247 247 121 121 121 120 120 120 120 120 120 119 119 119 118 118 118 117 117 116 116 116 115 115 114 114 114 113 113 112 112 111 111 111 110 109 108 108 107 107 106 106 105 105 104 104 103 101 101 100 100 99 99 98 96 96 95 94 93 93 91 90 89 88 88 86 85 84 83 82 79 78 77 75 74 74 74 61 61 61 61 60 60 60 59 59 59
249 249 249 248 248 248 249 248 248 123 122 122 122 121 121 121 120 120 120 119 120 119 119 119 118 118 118 117 117 116 116 116 115 115 114 114 114 112 112 111 111 110 110 109 109 108 108 107 107 106 106 104 104 103 103 102 102 101 100 99 98 97 97 96 95 95 93 92 91 91 90 88 87 86 85 84 82 81 80 78 76 75 75 75 74 62 62 61 61 61 60 60 60 59
251 250 250 250 249 249 249 248 249 124 123 123 123 122 122 122 121 121 121 120 120 120 119 119 118 118 118 117 117 117 116 116 115 115 115 114 114 113 113 112 112 111 111 111 110 110 109 109 108 107 106 106 105 104 104 103 103 102 101 100 99 99 98 97 96 95 94 93 93 92 90 89 88 87 86 84 83 82 81 79 77 76 76 75 75 63 63 62 62 62 61 61 61 60
251 251 251 251 250 250 250 249 124 124 124 124 124 124 123 123 123 122 122 121 121 121 120 120 120 119 119 119 118 118 117 117 117 116 116 115 115 114 114 114 113 113 112 112 111 111 109 109 108 108 107 107 106 106 105 105 103 102 102 101 101 100 99 98 97 96 96 95 94 92 91 91 90 89 87 86 85 84 81 80 79 77 76 76 76 64 63 63 63 62 62 62 62 61
252 251 251 251 252 251 251 251 125 125 125 124 124 124 123 123 124 123 123 123 122 122 122 121 121 120 120 120 119 119 118 118 118 117 117 116 116 116 115 115 114 113 112 112 111 111 110 110 109 109 108 108 107 106 105 105 104 104 103 102 102 100 100 99 98 97 97 95 94 93 93 92 91 89 88 87 86 84 83 82 80 78 77 77 77 76 64 64 64 63 63 63 62 62
253 253 252 252 252 251 252 252 126 126 126 125 125 125 124 124 124 123 123 123 122 122 122 122 122 122 121 121 120 120 120 119 119 118 117 117 116 116 115 115 114 114 114 113 113 112 112 111 111 110 110 108 108 107 107 106 105 105 104 103 102 101 101 100 99 99 97 96 96 95 94 92 91 90 89 88 86 85 84 83 82 79 78 78 77 77 65 65 64 64 64 63 63 63
254 254 253 253 253 253 252 252 127 127 127 127 126 126 126 125 125 125 124 124 124 123 123 122 122 122 121 121 121 120 120 119 119 119 118 118 117 117 116 116 116 115 115 114 114 113 113 112 111 110 110 109 109 108 108 107 107 105 104 104 103 103 102 101 100 99 98 98 97 96 94 93 93 92 91 89 88 87 86 84 82 81 79 79 78 78 66 65 65 65 65 64 64 64
254 254 255 254 254 254 253 128 128 127 127 127 126 126 127 126 126 126 125 125 125 124 124 124 123 123 122 122 122 121 121 121 120 120 119 119 118 118 118 117 117 116 116 114 114 113 113 113 112 112 111 111 110 109 109 107 107 106 106 105 104 104 102 102 101 100 100 99 98 96 96 95 94 93 91 90 89 88 86 85 84 82 81 79 79 79 79 66 66 66 65 65 65 64
255 255 255 254 254 255 254 129 129 129 128 128 128 127 127 127 126 126 126 125 126 125 125 125 124 124 124 123 123 122 122 122 121 121 120 120 120 118 118 117 117 116 116 116 115 115 114 114 113 113 112 112 110 110 109 109 108 107 107 106 105 104 103 103 102 101 101 99 98 98 97 96 94 93 92 91 90 88 87 86 85 84 81 80 80 80 79 67 67 66 66 66 66 65
256 256 256 255 255 255 255 129 129 130 129 129 129 128 128 128 127 127 127 126 126 126 125 125 125 124 124 123 123 123 122 122 121 121 121 120 120 119 119 119 118 118 117 117 116 116 115 115 113 113 112 112 111 111 110 110 109 109 107 106 106 105 105 104 103 102 101 100 100 99 98 96 95 95 94 93 91 90 89 88 86 84 83 81 81 80 80 68 67 67 67 67 66 66
257 256 257 257 256 256 256 130 130 130 129 129 129 129 129 129 128 128 128 127 127 127 126 126 126 125 125 125 124 124 123 123 123 122 122 121 121 121 120 120 119 119 118 118 116 116 116 115 115 114 114 113 113 112 111 110 109 109 108 108 107 106 106 104 104 103 102 102 101 99 98 98 97 96 95 93 92 91 90 88 87 86 84 83 81 81 81 80 68 68 68 67 67 67
258 257 257 257 256 257 132 132 131 131 131 130 130 130 129 129 129 128 128 128 128 128 127 127 127 126 126 126 125 125 125 124 124 123 123 123 122 121 120 120 119 119 119 118 118 117 117 116 116 115 115 114 113 112 112 111 111 110 109 109 108 107 106 105 105 104 103 102 101 100 100 99 98 96 95 94 93 92 90 89 88 87 85 83 82 82 81 81 69 69 68 68 68 68
259 258 258 258 258 257 132 132 131 132 132 131 131 131 130 130 130 129 129 129 128 128 128 127 127 127 126 126 125 125 125 124 124 123 123 123 122 122 121 121 121 120 120 119 119 118 118 117 116 115 115 114 114 113 113 112 112 111 110 109 108 108 107 107 106 104 104 103 102 102 101 99 98 97 97 96 95 93 92 91 90 87 86 85 83 82 82 82 70 69 69 69 69 68
259 259 259 259 259 258 133 133 132 132 132 131 131 131 132 131 131 131 130 130 129 129 129 128 128 128 127 127 127 126 126 125 125 125 124 124 123 123 123 122 122 121 121 119 119 118 118 118 117 117 116 116 115 115 114 112 112 111 111 110 110 109 108 107 106 106 105 104 104 103 101 100 100 99 98 96 95 94 93 92 90 89 87 86 84 83 83 83 70 70 70 70 69 69
260 260 259 259 259 259 134 134 134 133 133 133 132 132 132 131 131 131 130 130 130 129 130 130 129 129 128 128 128 127 127 127 126 126 125 124 124 123 123 122 122 121 121 121 120 120 119 119 118 118 117 117 115 115 114 114 113 113 112 111 111 109 109 108 107 107 106 104 104 103 102 102 101 99 98 97 96 95 93 92 91 90 89 87 85 84 84 83 83 71 71 70 70 70
261 261 261 260 260 135 134 134 134 133 134 134 133 133 133 132 132 132 131 131 131 130 130 130 129 129 129 128 128 127 127 127 126 126 126 125 125 124 124 123 123 123 122 122 121 121 120 119 118 118 117 117 116 116 115 115 114 114 112 112 111 110 110 109 109 107 106 106 105 104 104 102 101 100 99 99 98 96 95 94 93 91 89 88 87 85 84 84 84 72 71 71 71 70
