testData/tiles/oneDegreeCosts/grid12.0-49.0-13.0-50.0.asc
ncols   200
nrows   200
xllcorner   12.0
yllcorner   49.0
cellsize   0.005
NODATA_value   -9999.0
[rows 84 to 125 of 200, columns 0 to 93 of 200]
510 507 504 502 498 495 492 489 485 482 479 475 471 468 465 461 458 454 450 447 443 440 437 433 430 426 422 418 414 410 405 400 395 390 384 378 371 363 354 349 349 301 301 301 301 301 301 301 301 301 301 301 301 301 301 301 301 301 301 301 301 301 301 301 301 301 301 301 301 301 288 288 288 288 288 288 288 288 288 288 288 288 288 288 288 288 288 288 288 288 288 288 288 288
510 507 504 501 498 495 493 489 486 483 479 476 472 469 465 461 457 453 449 446 443 440 437 433 429 426 422 418 414 409 405 400 395 389 383 377 370 362 353 349 349 301 301 301 301 301 301 301 301 301 301 301 301 301 301 301 301 301 301 301 301 301 301 301 301 301 301 301 301 301 301 288 288 288 288 288 288 288 288 288 288 288 288 288 288 288 288 288 288 288 288 288 288 288
510 507 505 502 499 496 492 489 486 483 480 476 473 469 465 462 458 454 450 446 443 439 436 433 429 425 421 417 413 409 404 399 394 389 383 376 369 361 352 349 349 301 301 301 301 301 301 301 301 301 301 301 301 301 301 301 301 301 301 301 301 301 301 301 301 301 301 301 301 301 301 288 288 288 288 288 288 288 288 288 288 288 288 288 288 288 288 288 288 288 288 288 288 288
511 508 505 502 499 496 493 490 486 483 480 476 472 469 465 461 458 454 450 446 442 439 436 432 429 425 421 417 413 408 404 399 394 388 382 376 369 361 351 349 349 301 301 301 301 301 301 301 301 301 301 301 301 301 301 301 301 301 301 301 301 301 301 301 301 301 301 301 301 301 301 288 288 288 288 288 288 288 288 288 288 288 288 288 288 288 288 288 288 288 288 288 288 288
511 508 505 502 499 496 493 489 486 484 480 477 473 469 466 462 458 454 450 446 442 439 435 432 428 424 420 416 412 408 403 398 393 387 381 375 368 360 350 349 349 301 301 301 301 301 301 301 301 301 301 301 301 301 301 301 301 301 301 301 301 301 301 301 301 301 301 301 301 301 301 301 288 288 288 288 288 288 288 288 288 288 288 288 288 288 288 288 288 288 288 288 288 288
511 508 505 502 499 496 493 490 487 483 480 476 473 469 465 462 458 454 450 446 441 438 435 431 428 424 420 416 412 407 402 398 392 387 381 374 367 359 349 349 349 301 301 301 301 301 301 301 301 301 301 301 301 301 301 301 301 301 301 301 301 301 301 301 301 301 301 301 301 301 301 301 288 288 288 288 288 288 288 288 288 288 288 288 288 288 288 288 288 288 288 288 288 288
511 508 505 503 500 496 493 490 486 483 479 477 473 470 466 462 458 454 450 446 442 438 434 431 427 423 419 415 411 407 402 397 392 386 380 373 366 357 349 349 349 301 301 301 301 301 301 301 301 301 301 301 301 301 301 301 301 301 301 301 301 301 301 301 301 301 301 301 301 301 301 301 288 288 288 288 288 288 288 288 288 288 288 288 288 288 288 288 288 288 288 288 288 288
511 509 505 502 499 496 493 489 487 484 480 477 473 469 466 462 458 454 450 446 442 437 434 430 427 423 419 415 410 406 401 396 391 385 379 372 365 356 349 349 301 301 301 301 301 301 301 301 301 301 301 301 301 301 301 301 301 301 301 301 301 301 301 301 301 301 301 301 301 301 301 301 301 288 288 288 288 288 288 288 288 288 288 288 288 288 288 288 288 288 288 288 288 288
511 508 505 502 499 496 493 490 487 483 480 476 473 469 465 461 457 453 449 445 441 437 433 430 426 422 418 414 410 405 401 396 390 384 378 371 364 355 349 349 301 301 301 301 301 301 301 301 301 301 301 301 301 301 301 301 301 301 301 301 301 301 301 301 301 301 301 301 301 301 301 301 301 288 288 288 288 288 288 288 288 288 288 288 288 288 288 288 288 288 288 288 288 288
511 508 505 502 499 496 493 490 486 483 479 476 472 469 466 462 458 454 450 446 442 437 433 429 426 422 418 414 409 405 400 395 389 384 377 370 363 354 349 349 301 301 301 301 301 301 301 301 301 301 301 301 301 301 301 301 301 301 301 301 301 301 301 301 301 301 301 301 301 301 301 301 301 288 288 288 288 288 288 288 288 288 288 288 288 288 288 288 288 288 288 288 288 288
511 507 504 502 499 496 492 489 486 482 479 476 473 469 465 461 458 454 449 445 441 437 432 429 425 421 417 413 409 404 399 394 389 383 376 369 361 352 349 349 301 301 301 301 301 301 301 301 301 301 301 301 301 301 301 301 301 301 301 301 301 301 301 301 301 301 301 301 301 301 301 301 301 288 288 288 288 288 288 288 288 288 288 288 288 288 288 288 288 288 288 288 288 288
551 507 504 502 499 495 492 489 485 482 479 476 472 469 465 461 457 453 449 445 441 436 432 428 424 421 416 412 408 403 398 393 388 382 375 368 360 351 349 349 301 301 301 301 301 301 301 301 301 301 301 301 301 301 301 301 301 301 301 301 301 301 301 301 301 301 301 301 301 301 301 301 301 288 288 288 288 288 288 288 288 288 288 288 288 288 288 288 288 288 288 288 288 288
551 548 505 501 498 495 492 488 485 482 479 475 472 468 464 460 457 453 448 444 440 436 431 428 424 420 416 412 407 403 398 392 387 381 374 367 359 349 349 349 301 301 301 301 301 301 301 301 301 301 301 301 301 301 301 301 301 301 301 301 301 301 301 301 301 301 301 301 301 301 301 301 301 288 288 288 288 288 288 288 288 288 288 288 288 288 288 288 288 288 288 288 288 288
550 547 545 501 498 495 491 488 484 482 478 475 471 468 464 460 456 452 448 444 439 435 431 427 423 419 415 411 406 402 397 392 386 380 373 366 358 349 349 349 301 301 301 301 301 301 301 301 301 301 301 301 301 301 301 301 301 301 301 301 301 301 301 301 301 301 301 301 301 301 301 300 300 288 288 288 288 288 288 288 288 288 288 288 288 288 288 288 288 288 288 288 288 288
550 547 545 542 497 494 491 487 484 482 478 474 471 467 463 459 455 451 447 443 439 434 430 426 422 419 414 410 406 401 396 391 385 379 372 365 356 349 349 349 301 301 301 301 301 301 301 301 301 301 301 301 301 301 301 301 301 301 301 301 301 301 301 301 301 301 301 301 301 300 300 300 300 288 288 288 288 288 288 288 288 288 288 288 288 288 288 288 288 288 288 288 288 288
549 546 543 541 497 494 490 487 483 480 477 474 470 467 463 459 455 451 447 443 438 434 429 426 422 418 414 409 405 400 395 390 384 378 371 363 355 349 349 301 301 301 301 301 301 301 301 301 301 301 301 301 301 301 301 301 301 301 301 301 301 301 301 301 301 301 301 300 300 300 300 300 300 288 288 288 288 288 288 288 288 288 288 288 288 288 288 288 288 288 288 288 288 288
549 546 543 541 537 493 490 486 483 480 476 473 470 466 462 458 454 450 446 442 438 433 429 425 421 417 413 409 404 399 394 389 383 377 370 362 353 349 349 301 301 301 301 301 301 301 301 301 301 301 301 301 301 301 301 301 301 301 301 301 301 301 301 301 301 300 300 300 300 300 300 300 300 288 288 288 288 288 288 288 288 288 288 288 288 288 288 288 288 288 288 288 288 288
551 545 542 539 537 534 489 486 482 479 475 472 468 465 462 458 454 450 446 441 437 433 428 424 420 416 412 408 403 398 393 388 382 376 369 361 351 349 349 301 301 301 301 301 301 301 301 301 301 301 301 301 301 301 301 301 301 301 301 301 301 301 301 300 300 300 300 300 300 300 300 300 300 288 288 288 288 288 288 288 288 288 288 288 288 288 288 288 288 288 288 288 288 288
552 545 541 539 535 532 530 485 482 478 475 471 468 464 460 456 452 448 444 440 435 431 427 424 420 416 411 407 402 398 392 387 381 374 367 359 350 349 349 301 301 301 301 301 301 301 301 301 301 301 301 301 301 301 301 301 301 301 301 301 300 300 300 300 300 300 300 300 300 300 300 300 300 288 288 288 288 288 288 288 288 288 288 288 288 288 288 288 288 288 288 288 288 288
554 548 541 537 534 531 528 525 481 478 474 471 467 463 459 456 452 447 443 439 435 430 427 423 419 415 411 406 402 397 391 386 380 373 366 358 349 349 349 301 301 301 301 301 301 301 301 301 301 301 301 301 301 301 301 301 301 300 300 300 300 300 300 300 300 300 300 300 300 300 300 300 300 288 288 288 288 288 288 288 288 288 288 288 288 288 288 288 288 288 288 288 288 288
556 550 543 538 533 530 527 523 520 476 473 470 466 463 459 455 451 447 443 438 434 429 426 422 418 414 410 405 401 396 390 385 379 372 364 356 349 349 301 301 301 301 301 301 301 301 301 301 301 301 301 301 301 301 300 300 300 300 300 300 300 300 300 300 300 300 300 300 300 300 300 300 288 288 288 288 288 288 288 288 288 288 288 288 288 288 288 288 288 288 288 288 288 288
558 551 545 539 532 529 526 523 519 516 471 468 464 461 457 453 449 445 441 437 432 429 425 421 417 413 409 404 400 395 389 384 377 371 363 354 349 349 301 301 301 301 301 301 301 301 301 301 301 301 300 300 300 300 300 300 300 300 300 300 300 300 300 300 300 300 300 300 300 300 300 300 288 288 288 288 288 288 288 288 288 288 288 288 288 288 288 288 288 288 288 288 288 288
559 553 548 542 534 528 525 521 518 515 512 467 463 459 456 452 448 443 439 436 432 428 424 420 417 412 408 403 399 394 388 382 376 369 361 352 349 349 301 301 301 301 301 301 300 300 300 300 300 300 300 300 300 300 300 300 300 300 300 300 300 300 300 300 300 300 300 300 300 300 300 300 288 288 288 288 288 288 288 288 288 288 288 288 288 288 288 288 288 288 288 288 288 288
561 555 549 543 537 530 524 521 517 514 510 465 462 458 454 450 446 442 438 433 430 426 422 419 415 410 406 402 397 392 386 380 374 367 359 349 348 348 300 300 300 300 300 300 300 300 300 300 300 300 300 300 300 300 300 300 300 300 300 300 300 300 300 300 300 300 300 300 300 300 300 288 288 288 288 288 288 288 288 288 288 288 288 288 288 288 288 288 288 288 288 288 288 288
562 556 551 545 538 532 525 519 516 513 509 506 461 457 453 449 445 441 437 432 429 425 422 418 414 410 405 401 396 390 385 379 372 365 357 348 348 348 300 300 300 300 300 300 300 300 300 300 300 300 300 300 300 300 300 300 300 300 300 300 300 300 300 300 300 300 300 300 300 300 300 288 288 288 288 288 288 288 288 288 288 288 288 288 288 288 288 288 288 288 288 288 288 288
563 558 552 546 540 533 528 520 515 511 508 504 500 455 452 448 443 439 435 432 428 425 421 417 413 409 404 399 395 389 384 378 371 364 355 348 348 348 300 300 300 300 300 300 300 300 300 300 300 300 300 300 300 300 300 300 300 300 300 300 300 300 300 300 300 300 300 300 300 300 300 288 288 288 288 288 288 288 288 288 288 288 288 288 288 288 288 288 288 288 288 288 288 288
564 559 553 548 542 536 529 522 514 510 506 502 499 495 451 447 443 439 434 431 427 424 420 416 412 408 403 398 393 388 382 376 369 362 353 348 348 300 300 300 300 300 300 300 300 300 300 300 300 300 300 300 300 300 300 300 300 300 300 300 300 300 300 300 300 300 300 300 300 300 288 288 288 288 288 288 288 288 288 288 288 288 288 288 288 288 288 288 288 288 288 288 288 288
564 560 554 549 542 536 530 523 517 510 505 502 498 494 490 445 441 437 433 430 427 423 419 415 411 407 402 397 392 387 381 375 368 360 351 348 348 300 300 300 300 300 300 300 300 300 300 300 300 300 300 300 300 300 300 300 300 300 300 300 300 300 300 300 300 300 300 300 300 288 288 288 288 288 288 288 288 288 288 288 288 288 288 288 288 288 288 288 288 288 288 288 288 288
566 561 555 549 544 537 532 525 519 511 504 500 496 492 488 484 439 436 433 429 426 422 418 414 410 406 401 396 391 386 380 373 366 358 349 348 348 300 300 300 300 300 300 300 300 300 300 300 300 300 300 300 300 300 300 300 300 300 300 300 300 300 300 300 300 300 300 300 300 288 288 288 288 288 288 288 288 288 288 288 288 288 288 288 288 288 288 288 288 288 288 288 288 288
566 561 556 549 545 539 532 526 519 513 505 498 494 491 487 483 438 435 432 428 425 421 417 413 409 405 400 395 390 384 378 372 365 356 348 348 348 300 300 300 300 300 300 300 300 300 300 300 300 300 300 300 300 300 300 300 300 300 300 300 300 300 300 300 300 300 300 300 288 288 288 288 288 288 288 288 288 288 288 288 288 288 288 288 288 288 288 288 288 288 288 288 288 288
566 561 556 551 545 539 534 527 521 514 506 500 493 489 485 482 479 434 431 427 424 420 416 412 408 404 399 394 389 383 377 370 363 354 348 348 300 300 300 300 300 300 300 300 300 300 300 300 300 300 300 300 300 300 300 300 300 300 300 300 300 300 300 300 300 300 300 288 288 288 288 288 288 288 288 288 288 288 288 288 288 288 288 288 288 288 288 288 288 288 288 288 288 288
567 562 557 551 546 540 534 527 521 514 508 501 493 487 484 481 478 474 430 427 423 419 415 411 407 402 398 393 387 382 375 369 361 352 348 348 300 300 300 300 300 300 300 300 300 300 300 300 300 300 300 300 300 300 300 300 300 300 300 300 300 300 300 300 300 300 300 288 288 288 288 288 288 288 288 288 288 288 288 288 288 288 288 288 288 288 288 288 288 288 288 288 288 288
567 562 558 551 546 541 534 529 522 515 509 502 494 487 483 480 477 474 470 426 422 418 414 410 406 401 396 391 386 380 374 367 359 350 348 348 300 300 300 300 300 300 300 300 300 300 300 300 300 300 300 300 300 300 300 300 300 300 300 300 300 300 300 300 300 300 288 288 288 288 288 288 288 288 288 288 288 288 288 288 288 288 288 288 288 288 288 288 288 288 288 288 288 288
566 561 557 552 546 541 534 529 522 516 509 502 496 489 483 479 476 473 469 466 421 417 413 409 405 400 395 390 385 379 372 365 357 348 348 348 300 300 300 300 300 300 300 300 300 300 300 300 300 300 300 300 300 300 300 300 300 300 300 300 300 300 300 300 300 288 288 288 288 288 288 288 288 288 288 288 288 288 288 288 288 288 288 288 288 288 288 288 288 288 288 288 288 288
567 562 557 552 547 541 535 529 523 517 510 504 499 492 486 478 475 472 468 465 420 416 412 408 404 399 394 389 383 377 371 363 355 348 348 348 300 300 300 300 300 300 300 300 300 300 300 300 300 300 300 300 300 300 300 300 300 300 300 300 300 300 300 300 288 288 288 288 288 288 288 288 288 288 288 288 288 288 288 288 288 288 288 288 288 288 288 288 288 288 288 288 288 288
567 562 557 552 547 540 535 529 523 517 511 506 500 494 488 480 474 471 467 464 460 415 411 407 402 398 393 387 382 376 369 361 353 348 348 300 300 300 300 300 300 300 300 300 300 300 300 300 300 300 300 300 300 300 300 300 300 300 300 300 300 300 300 288 288 288 288 288 288 288 288 288 288 288 288 288 288 288 288 288 288 288 288 288 288 288 288 288 288 288 288 288 288 288
566 562 557 552 545 540 534 530 523 518 513 508 502 496 489 483 475 470 466 463 459 455 410 406 401 396 391 386 380 374 367 359 350 348 348 300 300 300 300 300 300 300 300 300 300 300 300 300 300 300 300 300 300 300 300 300 300 300 300 300 300 300 288 288 288 288 288 288 288 288 288 288 288 288 288 288 288 288 288 288 288 288 288 288 288 288 288 288 288 288 288 288 288 288
567 561 556 551 545 540 534 530 524 520 514 509 503 497 491 485 477 470 465 462 458 454 450 404 400 395 390 384 379 372 365 357 348 348 348 300 300 300 300 300 300 300 300 300 300 300 300 300 300 300 300 300 300 300 300 300 300 300 300 300 300 288 288 288 288 288 288 288 288 288 288 288 288 288 288 288 288 288 288 288 288 288 288 288 288 288 288 288 288 288 288 288 288 288
566 562 556 551 546 540 536 530 525 521 515 510 504 498 492 486 479 472 464 461 457 453 449 403 399 394 388 383 377 370 363 355 348 348 348 300 300 300 300 300 300 300 300 300 300 300 300 300 300 300 300 300 300 300 300 300 300 300 300 300 288 288 288 288 288 288 288 288 288 288 288 288 288 288 288 288 288 288 288 288 288 288 288 288 288 288 288 288 288 288 288 288 288 288
565 560 555 549 545 540 536 531 527 522 516 511 505 500 494 488 481 474 466 460 456 452 447 443 397 392 387 381 375 368 361 352 348 348 300 300 300 300 300 300 300 300 300 300 300 300 300 300 300 300 300 300 300 300 300 300 300 300 300 288 288 288 288 288 288 288 288 288 288 288 288 288 288 288 288 288 288 288 288 288 288 288 288 288 288 288 288 288 288 288 288 288 288 288
564 560 555 550 546 541 537 532 528 523 517 512 506 501 495 489 482 476 468 460 454 450 446 442 437 391 385 380 373 366 359 350 348 348 300 300 300 300 300 300 300 300 300 300 300 300 300 300 300 300 300 300 300 300 300 300 300 300 288 288 288 288 288 288 288 288 288 288 288 288 288 288 288 288 288 288 288 288 288 288 288 288 288 288 288 288 288 288 288 288 288 288 288 288
564 559 555 552 547 543 538 533 529 523 518 513 507 502 496 490 483 477 470 462 454 449 445 440 435 430 384 378 372 364 356 348 348 348 300 300 300 300 300 300 300 300 300 300 300 300 300 300 300 300 300 300 300 300 300 300 300 288 288 288 288 288 288 288 288 288 288 288 288 288 288 288 288 288 288 288 288 288 288 288 288 288 288 288 288 288 288 288 288 288 288 288 288 288
