testData/tiles/oneDegreeCosts/grid37.0-4.0-38.0-5.0.asc
ncols   200
nrows   200
xllcorner   37.0
yllcorner   4.0
cellsize   0.005
NODATA_value   -9999.0
[rows 84 to 125 of 200, columns 95 to 189 of 200]
143 144 144 144 145 145 146 146 146 147 147 147 148 148 148 149 149 149 150 150 150 198 198 198 198 199 199 199 199 200 200 200 200 201 201 201 201 201 202 202 202 202 203 203 203 203 203 204 204 204 204 204 205 205 205 205 205 205 206 206 206 206 206 206 207 207 207 207 207 207 208 208 208 208 208 208 209 209 209 209 209 209 209 210 210 210 210 210 210 210 211 211 211 211 211
143 143 144 144 145 145 146 146 146 147 147 147 148 148 148 149 196 196 197 197 197 197 198 198 198 199 199 199 199 200 200 200 200 200 201 201 201 201 202 202 202 202 202 203 203 203 203 204 204 204 204 204 204 205 205 205 205 205 206 206 206 206 206 206 207 207 207 207 207 207 208 208 208 208 208 208 208 209 209 209 209 209 209 209 210 210 210 210 210 210 210 211 211 211 211
143 143 144 144 145 145 145 146 146 147 147 194 195 195 195 196 196 196 196 197 197 197 198 198 198 198 199 199 199 199 200 200 200 200 201 201 201 201 202 202 202 202 202 203 203 203 203 203 204 204 204 204 204 205 205 205 205 205 205 206 206 206 206 206 207 207 207 207 207 207 207 208 208 208 208 208 208 209 209 209 209 209 209 209 210 210 210 210 210 210 210 211 211 211 211
143 143 144 144 144 145 145 193 193 193 194 194 194 195 195 195 196 196 196 197 197 197 197 198 198 198 199 199 199 199 200 200 200 200 201 201 201 201 201 202 202 202 202 203 203 203 203 203 204 204 204 204 204 204 205 205 205 205 205 206 206 206 206 206 206 207 207 207 207 207 207 208 208 208 208 208 208 208 209 209 209 209 209 209 210 210 210 210 210 210 210 210 211 211 211
142 143 190 191 191 192 192 192 193 193 194 194 194 195 195 195 196 196 196 197 197 197 197 198 198 198 198 199 199 199 199 200 200 200 200 201 201 201 201 202 202 202 202 202 203 203 203 203 203 204 204 204 204 204 205 205 205 205 205 206 206 206 206 206 206 207 207 207 207 207 207 208 208 208 208 208 208 208 209 209 209 209 209 209 209 210 210 210 210 210 210 210 211 211 211
189 190 190 191 191 192 192 192 193 193 193 194 194 195 195 195 196 196 196 196 197 197 197 198 198 198 198 199 199 199 199 200 200 200 200 201 201 201 201 201 202 202 202 202 203 203 203 203 203 204 204 204 204 204 205 205 205 205 205 205 206 206 206 206 206 206 207 207 207 207 207 207 208 208 208 208 208 208 209 209 209 209 209 209 209 210 210 210 210 210 210 210 210 211 211
189 190 190 191 191 191 192 192 193 193 193 194 194 194 195 195 195 196 196 196 197 197 197 197 198 198 198 199 199 199 199 200 200 200 200 201 201 201 201 201 202 202 202 202 202 203 203 203 203 203 204 204 204 204 204 205 205 205 205 205 206 206 206 206 206 206 207 207 207 207 207 207 208 208 208 208 208 208 208 209 209 209 209 209 209 209 210 210 210 210 210 210 210 211 211
189 189 190 190 191 191 192 192 192 193 193 194 194 194 195 195 195 196 196 196 196 197 197 197 198 198 198 198 199 199 199 199 200 200 200 200 201 201 201 201 202 202 202 202 202 203 203 203 203 203 204 204 204 204 204 205 205 205 205 205 205 206 206 206 206 206 206 207 207 207 207 207 207 208 208 208 208 208 208 209 209 209 209 209 209 209 210 210 210 210 210 210 210 210 211
189 189 190 190 191 191 192 192 192 193 193 193 194 194 194 195 195 195 196 196 196 197 197 197 198 198 198 198 199 199 199 199 200 200 200 200 201 201 201 201 201 202 202 202 202 203 203 203 203 203 204 204 204 204 204 204 205 205 205 205 205 206 206 206 206 206 206 207 207 207 207 207 207 208 208 208 208 208 208 208 209 209 209 209 209 209 209 210 210 210 210 210 210 210 211
189 189 190 190 190 191 191 192 192 193 193 193 194 194 194 195 195 195 196 196 196 197 197 197 197 198 198 198 198 199 199 199 200 200 200 200 200 201 201 201 201 202 202 202 202 202 203 203 203 203 203 204 204 204 204 204 205 205 205 205 205 205 206 206 206 206 206 206 207 207 207 207 207 207 208 208 208 208 208 208 209 209 209 209 209 209 209 210 210 210 210 210 210 210 210
189 189 189 190 190 191 191 192 192 192 193 193 194 194 194 195 195 195 196 196 196 196 197 197 197 198 198 198 198 199 199 199 199 200 200 200 200 201 201 201 201 201 202 202 202 202 203 203 203 203 203 204 204 204 204 204 204 205 205 205 205 205 206 206 206 206 206 206 207 207 207 207 207 207 209 209 209 209 209 209 209 210 210 210 210 210 210 211 212 212 212 212 212 212 212
189 189 189 190 190 191 191 191 192 192 193 193 193 194 194 194 195 195 195 196 196 196 197 197 197 197 198 198 198 199 199 199 199 200 200 200 200 200 201 201 201 201 202 202 202 202 202 203 203 203 203 203 204 204 204 204 204 205 205 205 205 205 206 207 207 207 207 207 208 208 209 209 209 209 209 210 210 210 210 210 210 212 212 212 212 212 212 212 213 213 213 213 213 213 213
189 189 189 189 190 190 191 191 192 192 193 193 193 194 194 194 195 195 195 196 196 196 197 197 197 197 198 198 198 198 199 199 199 199 200 200 200 200 201 201 201 201 202 202 202 202 202 203 203 203 203 203 204 205 205 205 205 206 206 207 207 207 207 208 208 208 208 209 209 210 210 210 210 210 210 211 211 212 212 212 212 212 213 213 213 213 213 213 213 214 214 214 214 214 214
189 189 189 189 190 190 191 191 192 192 192 193 193 193 194 194 195 195 195 195 196 196 196 197 197 197 198 198 198 198 199 199 199 199 200 200 200 200 201 201 201 201 201 202 202 203 203 203 204 204 204 205 205 206 206 206 206 207 208 208 208 208 208 209 210 210 210 210 210 211 211 211 211 211 212 212 213 213 213 213 213 213 214 214 214 214 214 214 215 216 216 216 216 216 216
189 189 189 189 190 190 191 191 191 192 192 193 193 193 194 194 194 195 195 195 196 196 196 197 197 197 197 198 198 198 198 199 199 199 199 200 200 200 200 202 202 202 202 203 204 204 204 204 205 206 206 206 206 207 207 208 208 208 209 209 209 209 210 210 211 211 211 211 211 211 212 213 213 213 213 213 214 214 214 214 214 214 214 215 216 216 216 216 216 216 217 217 217 217 217
189 189 189 189 189 190 190 191 191 192 192 192 193 193 194 194 194 195 195 195 196 196 196 196 197 197 197 198 198 198 198 199 199 200 200 201 201 202 202 203 203 203 204 204 205 205 205 206 207 207 207 207 207 209 209 209 209 209 209 210 211 211 211 211 212 212 212 212 212 213 214 214 214 214 214 214 214 215 215 215 215 216 216 217 217 217 217 217 217 217 218 218 218 218 218
189 189 189 189 189 190 190 191 191 191 192 192 193 193 193 194 194 194 195 195 195 196 196 196 197 197 197 198 199 199 199 201 201 201 201 202 203 203 203 203 205 205 205 205 206 206 207 207 207 208 208 208 209 209 210 210 210 210 211 212 212 212 212 212 212 213 213 214 214 214 214 215 215 215 215 215 215 216 217 217 217 217 217 217 218 218 218 218 218 218 218 219 219 219 219
189 189 189 189 189 190 190 190 191 191 192 192 193 193 193 194 194 194 195 195 195 196 197 197 198 198 199 199 200 200 201 201 202 202 203 203 204 204 204 205 206 206 206 206 207 208 208 208 208 209 210 210 210 210 211 211 211 212 212 212 213 213 213 213 213 215 215 215 215 215 215 216 216 216 216 216 217 217 218 218 218 218 218 218 219 219 219 219 219 219 219 220 220 220 220
189 189 189 189 189 189 190 190 191 191 192 192 192 193 193 193 194 195 196 196 196 197 198 198 199 200 200 200 201 202 202 202 203 204 204 204 205 205 206 206 207 207 207 208 208 209 209 209 209 210 211 211 211 211 211 212 213 213 213 213 214 214 214 214 215 215 216 216 216 216 216 216 217 217 218 218 218 218 219 219 219 219 219 219 219 220 220 220 220 220 220 221 222 222 222
189 189 189 189 189 189 190 190 191 191 191 192 193 194 194 194 196 196 196 198 198 198 199 200 200 201 201 202 202 203 203 203 204 205 205 205 205 207 207 207 207 208 209 209 209 210 210 210 211 211 212 212 212 212 213 214 214 214 214 214 214 215 216 216 216 216 217 217 217 217 217 217 219 219 219 219 219 219 219 220 220 220 220 220 220 221 221 221 221 222 222 222 223 223 223
189 189 189 189 189 189 189 190 191 192 192 194 194 194 195 196 197 197 198 199 199 199 201 201 201 201 203 203 203 204 204 205 205 206 206 206 207 208 208 208 208 210 210 210 210 210 211 212 212 212 212 213 213 214 214 214 215 215 215 215 215 217 217 217 217 217 217 218 218 218 218 219 219 220 220 220 220 220 220 221 221 221 221 221 221 221 222 223 223 223 223 223 223 224 224
189 189 189 189 190 190 190 192 192 193 194 195 195 195 197 197 197 199 199 199 200 201 201 202 202 203 204 204 204 204 206 206 206 207 207 208 208 209 209 209 210 210 211 211 211 211 213 213 213 213 213 214 214 215 215 215 216 216 216 216 216 218 218 218 218 218 218 219 219 219 220 220 220 221 221 221 221 221 221 221 222 222 222 222 222 223 224 224 224 224 224 224 224 225 225
190 190 190 191 191 191 192 193 193 194 195 195 196 197 198 198 199 200 200 200 202 202 202 203 203 204 204 205 205 206 207 207 207 207 209 209 209 209 210 211 211 211 212 212 212 213 213 214 214 214 214 214 216 216 216 216 216 217 217 217 218 218 219 219 219 219 219 219 220 220 221 221 221 221 222 222 222 222 222 222 223 223 223 223 223 224 224 225 225 225 225 225 225 225 226
191 191 192 192 192 193 193 193 195 195 196 196 198 198 198 199 200 200 201 201 203 203 203 203 205 205 205 206 207 207 207 208 208 209 210 210 210 210 211 212 212 212 212 213 213 214 214 215 215 215 215 216 217 217 217 217 217 218 218 219 219 219 220 220 220 220 220 220 221 222 222 222 222 222 223 223 223 223 223 223 223 224 224 224 225 225 225 226 226 226 226 226 226 226 227
192 193 193 193 194 194 194 194 196 196 197 198 198 199 199 201 201 201 202 203 203 204 204 205 206 206 206 207 208 208 208 209 209 210 210 211 211 211 212 213 213 213 213 214 215 215 215 215 216 216 216 217 218 218 218 218 218 218 219 220 220 220 220 221 221 221 221 221 221 223 223 223 223 223 223 224 224 224 224 224 224 225 225 225 226 226 226 226 227 227 227 227 227 227 227
194 194 194 194 195 195 195 196 196 197 198 199 199 200 201 201 202 202 204 204 204 205 205 206 207 207 207 208 209 209 209 210 211 211 211 212 212 212 213 214 214 214 214 214 216 216 216 216 217 217 217 218 218 219 219 219 219 219 220 221 221 221 221 222 222 222 222 222 222 224 224 224 224 224 224 225 225 225 225 225 225 225 226 226 227 227 227 227 228 228 228 228 228 228 228
195 195 195 196 196 196 197 197 197 198 199 200 200 200 202 202 203 203 204 205 205 205 207 207 207 208 208 209 210 210 210 210 212 212 212 212 213 214 214 214 215 215 215 215 217 217 217 217 217 218 218 219 219 220 220 220 220 220 221 222 222 222 222 222 223 223 223 223 223 224 225 225 225 225 225 225 226 226 226 226 226 226 227 227 227 228 228 228 228 229 229 229 229 229 229
196 196 197 197 197 197 198 198 198 200 200 200 201 202 203 203 204 205 205 206 206 206 208 208 208 209 209 210 210 211 211 211 213 213 213 213 214 215 215 215 216 216 216 216 218 218 218 218 218 219 219 220 220 220 221 221 221 221 221 223 223 223 223 223 224 224 224 224 224 224 226 226 226 226 226 226 227 227 227 227 227 227 227 228 228 228 229 229 229 230 230 230 230 230 230
197 197 198 198 198 199 199 199 199 200 201 201 202 203 204 204 204 206 206 206 207 207 208 209 209 209 211 211 211 212 212 212 213 214 214 214 214 216 216 216 216 217 217 217 218 219 219 219 219 220 220 221 221 221 222 222 222 222 222 224 224 224 224 224 224 225 225 225 225 225 226 227 227 227 227 227 227 228 228 228 228 228 228 229 229 229 229 229 230 230 231 231 231 231 100
198 199 199 199 199 200 200 200 200 201 202 202 203 204 204 205 205 207 207 207 208 209 209 210 210 210 212 212 212 212 213 214 214 215 215 215 215 217 217 217 217 218 218 218 219 220 220 220 220 220 221 222 222 222 222 223 223 223 223 223 225 225 225 225 225 226 226 226 226 226 226 228 228 228 228 228 228 229 229 229 229 229 229 229 230 230 230 230 230 230 232 232 232 101 101
199 200 200 200 201 201 201 201 202 202 202 203 204 205 205 206 206 207 208 208 209 210 210 211 211 211 212 213 213 213 214 214 215 215 216 216 216 218 218 218 218 218 219 219 220 220 221 221 221 221 222 222 223 223 223 224 224 224 224 224 225 226 226 226 226 226 227 227 227 227 227 227 229 229 229 229 229 229 230 230 230 230 230 230 231 231 231 231 231 231 231 232 102 102 102
200 201 201 201 202 202 202 202 203 203 203 204 205 206 206 206 207 208 209 209 209 211 211 211 212 212 213 214 214 214 215 215 216 216 217 217 217 217 219 219 219 219 220 220 221 221 222 222 222 222 222 223 224 224 224 224 225 225 225 225 225 227 227 227 227 227 228 228 228 228 228 228 229 229 230 230 230 230 231 231 231 231 231 231 231 232 232 232 232 232 232 102 102 102 102
202 202 202 202 203 203 203 203 204 204 204 205 206 206 207 207 208 209 209 210 210 212 212 212 213 213 214 215 215 215 215 216 217 217 218 218 218 218 220 220 220 220 221 221 221 222 222 223 223 223 223 224 224 225 225 225 226 226 226 226 226 227 228 228 228 228 228 229 229 229 229 229 229 230 230 231 231 231 231 232 232 232 232 232 232 233 233 233 233 233 102 102 103 103 103
203 203 203 203 204 204 204 204 205 205 205 205 207 207 208 208 209 210 210 211 211 212 213 213 213 214 214 215 216 216 216 217 218 218 218 219 219 219 219 221 221 221 221 222 222 222 223 224 224 224 224 224 225 225 226 226 226 227 227 227 227 227 228 228 229 229 229 230 230 230 230 230 230 231 231 231 231 232 232 233 233 233 233 233 233 233 234 234 234 103 103 103 103 104 104
204 204 204 204 205 205 205 205 206 206 206 206 208 208 209 209 209 211 211 212 212 212 214 214 214 215 215 216 217 217 217 217 218 219 219 220 220 220 220 222 222 222 222 223 223 223 224 224 225 225 225 225 226 226 226 227 227 228 228 228 228 228 229 229 229 230 230 230 231 231 231 231 231 231 232 232 232 232 232 232 234 234 234 234 234 234 235 235 104 104 104 104 104 105 105
205 205 205 205 206 206 206 206 207 207 207 207 208 209 209 210 210 212 212 212 213 213 214 215 215 215 216 217 217 218 218 218 219 220 220 220 221 221 221 221 223 223 223 223 224 224 224 225 226 226 226 226 226 227 227 227 228 228 229 229 229 229 229 230 230 230 230 231 232 232 232 232 232 232 233 233 233 233 233 233 234 234 234 235 235 235 235 105 105 105 105 105 105 105 106
195 206 206 206 207 207 207 207 208 208 208 208 208 210 210 211 211 212 213 213 214 214 215 216 216 216 217 217 218 219 219 219 219 220 221 221 222 222 222 222 223 224 224 224 225 225 225 225 226 227 227 227 227 228 228 228 228 229 230 230 230 230 230 231 231 231 231 231 231 233 233 233 233 233 233 234 234 234 234 234 234 235 235 235 235 235 106 106 106 106 106 106 106 106 107
196 207 207 207 208 208 208 208 209 209 209 209 209 210 211 211 212 212 214 214 214 215 215 216 217 217 217 218 218 219 220 220 220 221 221 222 222 223 223 223 223 224 225 225 225 226 226 226 226 227 228 228 228 228 229 229 229 229 229 231 231 231 231 231 232 232 232 232 232 233 233 234 234 234 234 235 235 235 235 235 235 236 236 236 236 106 106 106 106 106 106 106 106 106 107
197 197 208 208 209 209 209 209 209 210 210 210 210 211 212 212 213 213 214 215 215 216 216 217 218 218 218 219 219 220 221 221 221 221 222 222 223 224 224 224 224 225 225 226 226 227 227 227 227 227 228 229 229 229 230 230 230 230 230 231 231 232 232 232 233 233 233 233 233 233 234 234 234 234 235 235 236 236 236 236 236 236 237 237 106 106 106 106 106 107 107 107 107 107 107
198 198 209 209 209 210 210 210 210 211 211 211 211 211 213 213 213 214 214 216 216 216 217 217 219 219 219 220 220 220 221 222 222 222 223 223 223 224 225 225 225 225 226 226 227 227 228 228 228 228 229 229 230 230 230 231 231 231 231 231 232 232 232 233 233 234 234 234 234 234 235 235 235 235 235 235 236 237 237 237 237 237 237 107 107 107 107 107 107 108 108 108 108 108 108
198 199 199 210 210 211 211 211 211 212 212 212 212 212 213 214 214 215 215 216 217 217 218 218 218 220 220 220 221 221 221 223 223 223 223 224 224 224 226 226 226 226 227 227 227 228 229 229 229 229 229 230 230 230 231 232 232 232 232 232 233 233 233 233 233 235 235 235 235 235 235 236 236 236 236 236 236 237 237 237 237 238 108 108 108 108 108 108 108 108 109 109 109 109 109
199 200 200 211 211 212 212 212 212 212 213 213 213 213 213 215 215 215 216 216 218 218 218 219 219 220 221 221 222 222 222 222 224 224 224 225 225 225 225 227 227 227 227 228 228 228 228 230 230 230 230 231 231 231 231 231 233 233 233 233 233 234 234 234 234 234 235 235 236 236 236 236 237 237 237 237 237 238 238 238 238 108 108 108 108 108 108 109 109 109 110 110 110 110 110
