testData/tiles/oneDegreeCosts/grid42.0-1.0-43.0-2.0.asc
ncols   200
nrows   200
xllcorner   42.0
yllcorner   1.0
cellsize   0.005
NODATA_value   -9999.0
[rows 42 to 83 of 200, columns 94 to 187 of 200]
382 383 383 384 384 385 385 386 386 387 387 387 388 388 389 389 390 390 390 391 391 391 393 393 394 394 394 395 395 395 396 396 396 398 398 398 398 399 399 399 400 400 400 400 401 402 402 404 405 405 405 405 406 406 406 406 406 407 407 408 408 408 409 409 409 409 409 409 410 411 411 411 411 411 412 413 414 414 414 414 414 414 414 415 416 416 416 416 416 416 416 417 418 418
381 381 382 382 383 383 384 384 385 385 386 386 387 387 387 388 388 389 389 389 390 390 390 392 392 393 393 393 394 394 394 395 395 395 397 397 397 397 398 480 400 400 400 400 400 400 401 403 403 404 404 404 404 405 405 405 405 405 406 406 407 407 407 407 408 408 408 408 408 409 410 410 410 410 410 411 412 413 413 413 413 413 413 414 414 414 415 415 415 415 415 416 416 417
381 381 381 381 381 382 382 383 383 384 384 385 385 386 386 386 387 387 388 388 388 389 389 390 391 391 392 392 392 393 393 393 394 394 477 478 478 478 478 479 479 479 480 480 480 400 400 402 402 402 403 403 403 403 403 404 404 404 404 404 405 406 406 406 406 407 407 407 407 408 408 409 409 409 409 409 411 411 411 412 412 412 412 412 413 413 413 413 413 414 414 415 415 415
381 381 381 381 381 381 381 381 382 382 383 383 384 384 384 385 385 386 386 387 387 387 388 388 389 390 390 391 391 391 392 474 474 475 475 476 476 477 477 477 478 478 478 478 479 479 479 482 401 401 401 401 402 402 402 402 403 403 403 403 403 404 405 405 405 405 406 406 406 407 407 407 407 408 408 408 409 410 410 410 410 411 411 411 412 412 412 412 412 412 412 414 414 414
381 381 381 381 381 381 381 381 381 381 381 382 382 383 383 383 384 384 385 385 386 386 386 387 387 388 389 389 389 390 472 473 473 473 473 474 475 475 476 476 476 477 477 477 477 478 478 480 480 400 400 400 400 401 401 401 401 402 402 402 402 402 403 404 404 404 404 404 405 406 406 406 406 406 406 407 408 408 409 409 409 409 409 410 411 411 411 411 411 411 411 412 412 412
381 381 381 381 381 381 381 381 381 381 381 381 381 381 382 382 382 383 383 384 384 384 385 385 386 386 387 388 470 470 471 471 471 472 472 472 473 474 474 475 475 475 476 476 476 476 477 479 479 479 481 399 399 399 400 400 400 400 400 401 401 401 401 401 403 403 403 403 403 404 405 405 405 405 405 405 406 407 407 408 408 408 408 408 409 409 410 410 410 410 410 411 411 411
381 381 381 381 381 381 381 381 381 381 381 381 381 381 381 381 381 381 382 382 383 383 383 384 384 385 385 468 469 469 469 470 470 470 471 471 471 472 473 473 474 474 474 474 475 475 475 478 478 478 479 480 398 398 398 398 399 399 399 399 400 400 400 400 400 401 402 402 402 403 403 403 404 404 404 404 405 405 405 406 407 407 407 407 408 408 408 408 408 409 409 410 410 410
381 381 381 381 381 381 381 381 381 381 381 381 381 381 381 381 381 381 381 381 381 381 382 382 383 383 465 467 467 468 468 468 469 469 469 470 470 470 471 472 472 472 473 473 473 474 474 476 476 477 477 478 478 397 397 397 397 398 398 398 398 398 399 399 399 400 400 400 401 402 402 402 402 402 403 403 404 404 404 404 404 404 406 406 407 407 407 407 407 407 407 408 409 409
381 381 381 381 381 381 381 381 381 381 381 381 381 381 381 381 381 381 381 381 381 381 381 381 381 463 464 464 466 466 466 467 467 467 468 468 468 469 469 469 471 471 471 472 472 472 472 475 475 475 475 476 477 477 396 396 396 396 396 397 397 397 397 397 398 398 399 399 399 400 401 401 401 401 401 401 402 403 403 403 403 403 403 404 405 406 406 406 406 406 406 407 407 407
381 381 381 381 381 381 381 381 381 381 381 381 381 381 381 381 381 381 381 381 381 381 381 381 463 463 463 463 463 464 465 465 466 466 466 467 467 467 468 468 469 470 470 470 470 471 471 473 474 474 474 474 475 476 476 395 395 395 395 395 395 396 396 396 396 396 397 398 398 399 399 399 400 400 400 400 400 401 401 402 402 402 402 402 404 404 404 404 405 405 405 406 406 406
381 381 381 381 381 381 381 381 381 381 381 381 381 381 381 381 381 381 381 381 381 381 381 463 463 463 463 463 463 463 464 464 464 464 465 465 465 466 466 466 467 468 468 469 469 469 470 472 472 472 473 473 473 473 475 475 393 393 394 394 394 394 394 395 395 395 395 395 397 398 398 398 398 398 398 399 399 400 400 400 400 400 401 401 402 403 403 403 403 403 403 403 404 405
381 381 381 381 381 381 381 381 381 381 381 381 381 381 381 381 381 381 381 381 381 381 463 463 463 463 463 463 463 463 463 464 464 464 464 464 464 464 465 465 465 466 467 467 467 468 468 470 471 471 471 471 472 472 472 473 474 392 392 392 393 393 393 393 393 394 394 394 394 396 396 397 397 397 397 397 397 399 399 399 399 399 399 399 400 400 402 402 402 402 402 402 403 403
381 381 381 381 381 381 381 381 381 381 381 381 381 381 381 381 381 381 381 381 381 463 463 463 463 463 463 463 463 463 463 463 464 464 464 464 464 464 464 464 464 464 464 466 466 466 466 469 469 469 470 470 470 470 471 471 472 472 391 391 391 391 391 392 392 392 392 392 393 393 395 395 395 395 396 396 396 397 397 397 397 398 398 398 399 399 399 400 400 400 401 401 402 402
381 381 381 381 381 381 381 381 381 381 381 381 381 381 381 381 381 381 381 381 463 463 463 463 463 463 463 463 463 463 463 463 464 464 464 464 464 464 464 464 464 464 464 464 465 465 465 467 467 468 468 468 469 469 469 469 470 471 471 389 390 390 390 390 390 391 391 391 391 391 393 393 394 394 394 394 394 396 396 396 396 396 396 396 397 398 398 398 399 399 399 399 400 400
381 381 381 381 381 381 381 381 381 381 381 381 381 381 381 381 381 381 381 381 463 463 463 463 463 463 463 463 463 463 463 463 463 464 464 464 464 464 464 464 464 464 464 464 464 465 465 465 467 467 467 467 467 467 468 468 468 468 470 388 388 388 388 389 389 389 389 389 390 390 391 391 391 393 393 393 393 394 394 394 395 395 395 395 395 396 396 396 396 398 398 398 399 399
381 381 381 381 381 381 381 381 381 381 381 381 381 381 381 381 381 381 381 463 463 463 463 463 463 463 463 463 463 463 463 463 463 463 464 464 464 464 464 464 464 464 464 464 464 464 465 465 467 467 467 467 467 467 467 467 467 467 467 468 387 387 387 387 387 388 388 388 388 388 389 390 390 390 391 391 391 393 393 393 393 393 393 393 394 395 395 395 395 395 396 396 397 397
381 381 381 381 381 381 381 381 381 381 381 381 381 381 381 381 381 381 463 463 463 463 463 463 463 463 463 463 463 463 463 463 463 463 463 464 464 464 464 464 464 464 464 464 464 464 464 465 467 467 467 467 467 467 467 467 467 467 467 467 468 386 386 386 386 386 386 386 387 387 388 388 388 388 389 390 390 391 391 391 391 392 392 392 392 393 393 393 393 394 394 394 396 396
381 381 381 381 381 381 381 381 381 381 381 381 381 381 381 381 381 381 463 463 463 463 463 463 463 463 463 463 463 463 463 463 463 463 463 463 464 464 464 464 464 464 464 464 464 464 464 464 467 467 467 467 467 467 467 467 467 467 467 467 467 386 386 386 386 386 386 386 386 386 387 387 387 387 387 387 388 388 390 390 390 390 390 390 390 392 392 392 392 392 392 392 393 394
381 381 381 381 381 381 381 381 381 381 381 381 381 381 381 381 381 463 463 463 463 463 463 463 463 463 463 463 463 463 463 463 463 463 463 463 463 464 464 464 464 464 464 464 464 464 464 464 466 467 467 467 467 467 467 467 467 467 467 467 467 467 386 386 386 386 386 386 386 386 387 387 387 387 387 387 387 388 389 389 389 389 389 389 389 390 390 390 390 390 390 391 391 392
381 381 381 381 381 381 381 381 381 381 381 381 381 381 381 381 463 463 463 463 463 463 463 463 463 463 463 463 463 463 463 463 463 463 463 463 463 463 464 464 464 464 464 464 464 464 464 464 466 466 467 467 467 467 467 467 467 467 467 467 467 467 467 386 386 386 386 386 386 386 387 387 387 387 387 387 387 387 389 389 389 389 389 389 389 390 390 390 390 390 390 390 390 391
381 381 381 381 381 381 381 381 381 381 381 381 381 381 381 381 463 463 463 463 463 463 463 463 463 463 463 463 463 463 463 463 463 463 463 463 463 463 464 464 464 464 464 464 464 464 464 464 466 466 467 467 467 467 467 467 467 467 467 467 467 467 467 386 386 386 386 386 386 386 386 387 387 387 387 387 387 387 388 389 389 389 389 389 389 390 390 390 390 390 390 390 390 391
381 381 381 381 381 381 381 381 381 381 381 381 381 381 381 463 463 463 463 463 463 463 463 463 463 463 463 463 463 463 463 463 463 463 463 463 463 463 463 464 464 464 464 464 464 464 464 464 466 466 466 467 467 467 467 467 467 467 467 467 467 467 467 467 385 386 386 386 386 386 386 387 387 387 387 387 387 387 388 388 389 389 389 389 389 389 390 390 390 390 390 390 390 391
381 381 381 381 381 381 381 381 381 381 381 381 381 381 381 463 463 463 463 463 463 463 463 463 463 463 463 463 463 463 463 463 463 463 463 463 463 463 463 463 464 464 464 464 464 464 464 464 464 466 466 466 467 467 467 467 467 467 467 467 467 467 467 467 385 385 386 386 386 386 386 387 387 387 387 387 387 387 388 388 388 389 389 389 389 389 390 390 390 390 390 390 390 391
381 381 381 381 381 381 381 381 381 381 381 381 381 381 463 463 463 463 463 463 463 463 463 463 463 463 463 463 463 463 463 463 463 463 463 463 463 463 463 463 463 464 464 464 464 464 464 464 464 466 466 466 466 467 467 467 467 467 467 467 467 467 467 467 467 385 385 386 386 386 386 387 387 387 387 387 387 387 388 388 388 388 389 389 389 389 390 390 390 390 390 390 390 391
381 381 381 381 381 381 381 381 381 381 381 381 381 381 463 463 463 463 463 463 463 463 463 463 463 463 463 463 463 463 463 463 463 463 463 463 463 463 463 463 463 463 464 464 464 464 464 464 464 466 466 466 466 466 467 467 467 467 467 467 467 467 467 467 467 385 385 385 386 386 386 387 387 387 387 387 387 387 387 388 388 388 388 389 389 389 390 390 390 390 390 390 390 390
381 381 381 381 381 381 381 381 381 381 381 381 381 463 463 463 463 463 463 463 463 463 463 463 463 463 463 463 463 463 463 463 463 463 463 463 463 463 463 463 463 463 463 464 464 464 464 464 464 466 466 466 466 466 466 467 467 467 467 467 467 467 467 467 467 467 385 385 385 386 386 387 387 387 387 387 387 387 387 388 388 388 388 388 388 389 390 390 390 390 390 390 390 390
381 381 381 381 381 381 381 381 381 381 381 381 381 463 463 463 463 463 463 463 463 463 463 463 463 463 463 463 463 463 463 463 463 463 463 463 463 463 463 463 463 463 463 463 464 464 464 464 464 466 466 466 466 466 466 466 467 467 467 467 467 467 467 467 467 467 385 385 385 385 386 386 387 387 387 387 387 387 387 388 388 388 388 388 388 388 389 390 390 390 390 390 390 390
381 381 381 381 381 381 381 381 381 381 381 381 463 463 463 463 463 463 463 463 463 463 463 463 463 463 463 463 463 463 463 463 463 463 463 463 463 463 463 463 463 463 463 463 463 464 464 464 464 466 466 466 466 466 466 466 466 467 467 467 467 467 467 467 467 467 467 385 385 385 385 386 387 387 387 387 387 387 387 388 388 388 388 388 388 388 388 390 390 390 390 390 390 390
381 381 381 381 381 381 381 381 381 381 381 381 463 463 463 463 463 463 463 463 463 463 463 463 463 463 463 463 463 463 463 463 463 463 463 463 463 463 463 463 463 463 463 463 463 463 464 464 464 466 466 466 466 466 466 466 466 466 467 467 467 467 467 467 467 467 467 385 385 385 385 385 387 387 387 387 387 387 387 388 388 388 388 388 388 388 388 389 390 390 390 390 390 390
381 381 381 381 381 381 381 381 381 381 381 463 463 463 463 463 463 463 463 463 463 463 463 463 463 463 463 463 463 463 463 463 463 463 463 463 463 463 463 463 463 463 463 463 463 463 463 464 464 464 466 466 466 466 466 466 466 466 466 467 467 467 467 467 467 467 467 467 385 385 385 385 386 387 387 387 387 387 387 387 388 388 388 388 388 388 388 389 389 390 390 390 390 390
289 381 381 381 381 381 381 381 381 381 381 463 463 463 463 463 463 463 463 463 463 463 463 463 463 463 463 463 463 463 463 463 463 463 463 463 463 463 463 463 463 463 463 463 463 463 463 463 464 464 466 466 466 466 466 466 466 466 466 466 467 467 467 467 467 467 467 467 385 385 385 385 386 386 387 387 387 387 387 387 388 388 388 388 388 388 388 389 389 389 389 390 390 390
289 289 289 289 381 381 381 381 381 381 381 463 463 463 463 463 463 463 463 463 463 463 463 463 463 463 463 463 463 463 463 463 463 463 463 463 463 463 463 463 463 463 463 463 463 463 463 463 463 464 466 466 466 466 466 466 466 466 466 466 466 467 467 467 467 467 467 467 385 385 385 385 385 386 386 386 387 387 387 387 388 388 388 388 388 388 388 388 389 389 389 389 390 390
289 289 289 289 289 289 289 289 381 381 463 463 463 463 463 463 463 463 463 463 463 463 463 463 463 463 463 463 463 463 463 463 463 463 463 463 463 463 463 463 463 463 463 463 463 463 463 463 463 463 466 466 466 466 466 466 466 466 466 466 466 466 467 467 467 467 467 467 467 385 385 385 385 386 386 386 386 387 387 387 388 388 388 388 388 388 388 388 389 389 389 389 389 390
289 289 289 289 289 289 289 289 289 289 371 463 463 463 463 463 463 463 463 463 463 463 463 463 463 463 463 463 463 463 463 463 463 463 463 463 463 463 463 463 463 463 463 463 463 463 463 463 463 463 465 466 466 466 466 466 466 466 466 466 466 466 466 466 467 467 467 467 467 385 385 385 385 386 386 386 386 386 387 387 387 388 388 388 388 388 388 388 389 389 389 389 389 389
289 289 289 289 289 289 289 289 289 371 371 371 371 371 371 463 463 463 463 463 463 463 463 463 463 463 463 463 463 463 463 463 463 463 463 463 463 463 463 463 463 463 463 463 463 463 463 463 463 463 463 465 466 466 466 466 466 466 466 466 466 466 466 466 466 467 467 467 467 467 385 385 385 386 386 386 386 386 386 387 387 388 388 388 388 388 388 388 389 389 389 389 389 389
289 289 289 289 289 289 289 289 289 371 371 371 371 371 371 371 371 371 371 463 463 463 463 463 463 463 463 463 463 463 463 463 463 463 463 463 463 463 463 463 463 463 463 463 463 463 463 463 463 463 463 465 465 466 466 466 466 466 466 466 466 466 466 466 466 466 467 467 467 467 385 385 385 386 386 386 386 386 386 386 387 388 388 388 388 388 388 388 388 389 389 389 389 389
289 289 289 289 289 289 289 289 289 371 371 371 371 371 371 371 371 371 371 371 371 371 371 463 463 463 463 463 463 463 463 463 463 463 463 463 463 463 463 463 463 463 463 463 463 463 463 463 463 463 463 465 465 465 466 466 466 466 466 466 466 466 466 466 466 466 466 467 467 467 385 385 385 385 386 386 386 386 386 386 386 388 388 388 388 388 388 388 388 389 389 389 389 389
289 289 289 289 289 289 289 289 371 371 371 371 371 371 371 371 371 371 371 371 371 371 371 371 371 371 371 371 463 463 463 463 463 463 463 463 463 463 463 463 463 463 463 463 463 463 463 463 463 463 463 465 465 465 465 466 466 466 466 466 466 466 466 466 466 466 466 466 467 467 467 385 385 385 386 386 386 386 386 386 386 387 387 388 388 388 388 388 388 389 389 389 389 389
289 289 289 289 289 289 289 289 371 371 371 371 371 371 371 371 371 371 371 371 371 371 371 371 371 371 371 371 371 371 371 371 463 463 463 463 463 463 463 463 463 463 463 463 463 463 463 463 463 463 463 465 465 465 465 465 466 466 466 466 466 466 466 466 466 466 466 466 466 467 467 385 385 385 386 386 386 386 386 386 386 386 387 387 388 388 388 388 388 389 389 389 389 389
289 289 289 289 289 289 289 289 371 371 371 371 371 371 371 371 371 371 371 371 371 371 371 371 371 371 371 371 371 371 371 371 371 371 371 371 371 463 463 463 463 463 463 463 463 463 463 463 463 463 463 463 465 465 465 465 465 466 466 466 466 466 466 466 466 466 466 466 466 466 467 385 385 385 386 386 386 386 386 386 386 386 387 387 387 388 388 388 388 388 389 389 389 389
289 289 289 289 289 289 289 371 371 371 371 371 371 371 371 371 371 371 371 371 371 371 371 371 371 371 371 371 371 371 371 371 371 371 371 371 371 371 371 371 371 371 371 463 463 463 463 463 463 463 463 463 465 465 465 465 465 465 466 466 466 466 466 466 466 466 466 466 466 466 466 467 385 385 385 386 386 386 386 386 386 386 387 387 387 387 388 388 388 388 389 389 389 389
289 289 289 289 289 289 289 371 371 371 371 371 371 371 371 371 371 371 371 371 371 371 371 371 371 371 371 371 371 371 371 371 371 371 371 371 371 371 371 371 371 371 371 371 371 371 371 371 463 463 463 463 465 465 465 465 465 465 465 466 466 466 466 466 466 466 466 466 466 466 466 466 385 385 385 386 386 386 386 386 386 386 386 387 387 387 387 388 388 388 389 389 389 389
