testData/tiles/oneDegreeCosts/grid17.0-43.0-18.0-44.0.asc
ncols   200
nrows   200
xllcorner   17.0
yllcorner   43.0
cellsize   0.005
NODATA_value   -9999.0
[rows 84 to 125 of 200, columns 0 to 93 of 200]
241 241 242 242 243 243 243 243 243 243 244 244 245 245 246 246 246 247 247 247 247 248 248 248 249 249 250 250 249 249 249 249 389 389 390 390 390 390 390 390 391 391 391 392 392 392 392 391 391 392 392 392 393 393 392 392 393 393 393 394 394 393 392 393 393 393 394 393 393 393 394 394 394 394 394 394 393 393 394 394 394 396 398 399 400 400 401 403 403 404 405 407 408 409
242 242 243 243 243 244 244 244 244 245 245 246 246 247 247 247 248 247 247 247 248 248 248 249 249 250 250 250 250 250 250 251 390 391 391 391 392 390 390 391 391 391 392 392 392 393 392 392 393 393 393 393 394 392 392 393 393 393 394 394 394 393 394 394 394 394 395 394 393 394 394 394 394 394 394 394 394 395 395 394 394 395 397 399 399 400 402 403 404 404 405 407 407 408
243 244 244 243 244 244 245 244 245 245 246 246 247 247 247 248 248 249 248 249 249 249 250 250 250 251 250 251 250 250 251 251 390 391 391 392 392 391 392 392 392 393 393 393 393 392 392 392 393 393 393 394 394 393 394 394 394 394 395 394 394 394 394 394 394 395 395 394 394 395 395 395 394 394 394 394 394 395 395 394 395 397 398 399 399 400 402 403 404 404 406 407 408 409
243 244 244 245 245 246 245 246 246 247 247 247 248 247 248 248 249 248 248 249 249 250 250 250 251 251 252 251 251 252 252 252 392 391 391 392 392 391 392 392 392 393 393 393 394 393 393 394 394 394 394 394 394 393 394 394 394 395 395 395 394 395 395 395 395 395 395 394 395 395 395 395 396 395 395 395 395 395 395 394 395 397 398 399 399 401 403 404 404 404 406 407 408 408
244 244 245 245 246 246 246 246 247 247 247 248 248 249 249 249 250 249 250 250 250 250 250 251 251 251 252 251 251 252 252 253 392 392 393 393 392 393 393 393 393 393 393 394 394 393 393 394 394 394 395 395 395 395 395 394 394 395 395 395 395 395 395 395 396 396 395 395 395 395 395 395 396 395 395 395 396 396 395 395 395 396 398 399 399 401 402 403 404 405 407 407 408 408
245 246 246 247 247 247 247 247 247 247 248 248 248 249 249 250 250 250 250 250 251 251 251 252 252 253 253 252 252 252 252 253 392 392 393 393 392 393 393 393 394 394 394 395 394 393 394 394 394 394 395 395 395 395 395 395 395 396 396 395 395 395 395 395 396 396 395 395 396 396 396 396 395 395 395 395 396 396 395 395 395 397 398 398 399 401 402 403 403 404 406 407 408 408
245 246 246 247 247 247 247 248 248 248 249 249 250 250 250 251 250 250 250 250 251 251 252 252 252 253 252 252 253 253 253 254 254 393 394 393 392 393 393 393 394 394 394 395 394 394 395 395 395 396 395 395 395 395 395 395 396 396 396 395 396 396 396 395 396 396 395 395 396 396 396 396 396 396 396 395 396 396 395 395 395 397 398 398 399 402 402 403 403 404 406 407 408 408
247 247 247 247 247 247 247 248 248 249 249 249 250 250 251 251 250 251 251 252 252 252 253 252 252 253 252 252 253 253 254 254 254 394 394 393 394 394 394 394 394 394 394 395 394 394 395 395 395 396 396 396 395 396 395 395 395 396 396 395 396 396 396 396 397 397 396 395 396 396 396 396 396 396 396 396 396 397 395 395 395 397 398 398 399 400 402 404 403 404 405 407 407 408
247 247 248 248 248 248 248 249 249 249 249 250 250 250 251 251 250 251 251 252 252 252 253 253 253 254 253 254 253 253 254 254 254 394 394 393 394 394 394 394 395 395 395 396 394 394 395 395 395 395 396 395 395 396 396 396 396 396 396 395 396 396 396 396 397 396 396 396 397 396 396 396 396 396 396 396 396 396 396 396 395 396 398 398 399 400 402 403 403 404 405 407 407 408
247 247 248 248 248 248 249 249 249 250 250 251 251 251 252 251 251 251 251 252 252 252 253 253 253 253 253 254 254 254 255 255 255 394 394 393 394 394 394 394 395 395 395 395 395 395 396 396 395 395 396 395 395 396 396 396 396 397 396 396 396 396 396 396 396 396 396 396 396 397 397 396 396 396 396 396 396 395 396 396 396 396 396 397 399 400 401 402 403 404 405 405 406 407
248 247 248 248 248 248 249 249 249 250 250 251 251 251 252 251 252 252 252 253 253 252 253 253 253 253 253 253 254 254 254 255 255 394 394 394 394 394 394 394 395 395 395 395 395 395 395 396 396 396 397 395 395 395 396 396 396 397 396 396 396 397 397 396 396 396 396 396 396 397 397 396 396 396 396 396 396 395 396 396 396 396 396 397 398 399 401 401 403 404 405 406 405 407
248 248 249 248 249 249 250 249 249 250 250 251 251 251 252 251 251 252 252 253 253 253 254 254 254 253 253 253 254 254 254 255 255 394 394 394 394 395 395 395 395 395 395 395 395 395 395 396 396 396 396 396 396 395 396 396 396 396 396 396 396 396 397 397 396 396 396 396 396 396 397 396 396 396 396 396 396 395 395 396 396 396 396 397 398 399 400 400 402 404 405 405 405 406
248 248 249 248 249 249 250 250 250 251 251 252 251 251 251 251 251 252 252 252 253 253 254 254 253 254 254 254 255 254 254 255 255 255 394 394 394 394 395 395 395 396 395 395 395 395 395 395 396 396 395 396 396 396 396 396 396 396 395 396 396 396 396 397 396 396 396 396 396 396 396 396 396 396 396 395 395 395 395 395 396 396 395 397 397 399 400 400 401 402 404 404 404 406
248 248 249 248 249 249 249 250 250 251 251 251 252 252 252 252 251 252 252 252 253 253 253 254 253 253 254 254 254 255 255 255 255 255 393 394 394 394 395 395 395 396 395 395 395 395 395 395 396 396 395 395 396 396 396 396 396 395 395 395 396 396 396 396 396 396 396 395 396 396 395 395 396 396 396 396 394 395 395 395 395 395 395 396 396 398 399 400 401 402 403 403 404 405
248 248 248 248 249 249 249 250 250 250 251 251 252 251 251 252 252 252 252 252 253 253 253 254 253 253 254 254 254 255 255 255 256 255 393 393 394 394 394 395 395 395 395 395 395 395 395 395 395 396 395 395 395 396 396 396 396 395 395 395 395 396 396 396 395 396 396 395 395 396 395 395 395 395 396 396 394 394 395 395 395 394 394 396 396 397 397 399 401 402 403 402 403 405
249 249 249 249 249 249 249 250 250 250 251 251 251 251 251 252 252 252 253 253 253 253 253 252 253 253 253 254 254 254 255 255 255 255 394 393 394 394 394 394 395 394 394 395 395 395 395 395 395 394 395 395 395 395 396 396 396 394 395 395 395 395 396 395 395 395 396 395 395 395 395 395 395 395 395 394 394 394 394 394 395 394 394 394 395 397 397 398 399 400 401 402 403 404
249 248 248 249 249 250 249 249 250 250 250 251 251 251 251 251 252 252 252 253 253 253 253 252 252 253 253 253 254 254 254 255 254 254 394 393 393 394 394 394 394 394 394 394 395 395 395 394 395 394 394 395 395 395 395 396 395 394 394 395 395 395 395 395 395 395 394 394 395 394 394 394 395 395 394 393 393 394 394 394 394 393 393 393 395 396 397 398 398 399 399 400 402 403
248 248 248 249 249 249 250 250 249 250 250 251 250 250 251 251 251 252 252 252 253 253 253 252 252 252 253 253 253 254 254 254 254 254 393 394 393 393 394 394 394 393 394 394 394 395 394 394 394 394 394 394 394 395 395 395 393 394 394 394 394 395 395 394 394 394 394 394 394 394 394 394 393 393 394 393 393 393 394 393 392 392 392 393 394 394 395 396 398 399 399 399 400 401
248 247 248 248 249 249 249 250 249 250 250 250 250 250 250 251 251 251 252 252 252 253 252 251 252 252 252 253 253 253 254 254 253 254 254 392 393 393 393 393 393 393 393 394 394 394 393 394 393 393 394 394 394 394 395 394 393 393 394 394 394 394 395 393 393 393 393 394 394 393 392 393 393 393 393 392 393 392 392 392 392 392 392 391 392 393 394 395 396 397 397 399 400 400
247 247 248 248 248 249 249 249 249 249 250 250 249 250 250 250 251 251 251 252 252 252 251 251 251 252 252 252 253 253 253 253 253 253 253 392 392 392 393 393 392 393 393 393 392 393 393 393 393 393 393 393 394 393 393 392 393 393 393 393 394 393 392 392 393 393 393 393 393 392 392 392 392 393 391 391 391 391 392 392 390 390 391 391 392 391 392 393 395 395 395 396 397 399
246 247 247 248 248 248 249 249 248 249 249 249 249 249 250 250 250 251 251 251 252 251 250 251 251 251 252 252 252 253 253 252 252 252 252 391 392 392 392 393 392 392 392 392 392 392 393 393 392 392 392 392 392 392 393 392 392 392 392 392 392 392 392 392 392 391 392 392 391 391 392 391 391 391 390 391 390 390 390 389 390 389 389 389 388 390 391 392 393 392 394 395 396 396
246 246 247 247 248 248 247 248 248 248 249 248 249 249 249 250 250 250 251 250 250 250 250 250 251 251 251 252 252 252 252 251 251 251 252 391 391 392 392 390 391 391 391 391 392 392 392 390 391 391 391 391 392 392 392 391 391 391 391 392 392 391 390 390 391 391 391 390 390 390 390 390 389 390 389 389 389 389 389 388 388 387 388 388 387 387 388 390 391 391 391 392 393 395
246 246 246 246 246 247 247 247 248 248 247 248 248 248 249 249 249 249 249 250 250 249 250 250 250 251 251 250 250 251 250 250 251 251 251 391 390 390 390 390 390 390 391 391 390 390 391 390 390 390 391 390 390 391 390 390 390 390 390 390 390 389 389 389 389 389 390 389 388 388 389 389 388 387 387 388 387 387 387 385 386 386 385 385 384 386 387 388 388 389 391 386 388 389
244 245 245 245 246 246 246 247 247 248 247 247 247 247 247 248 248 248 249 249 249 249 249 248 249 249 249 250 250 250 250 250 249 249 250 250 389 390 390 388 389 389 389 389 390 390 389 388 389 389 389 389 389 389 388 388 389 388 388 388 389 388 387 387 388 388 387 386 387 387 386 386 386 385 385 385 385 385 386 385 385 385 380 380 380 380 381 382 383 384 385 386 387 389
244 244 244 245 245 246 246 246 246 246 245 246 246 247 247 247 248 248 247 248 247 247 248 248 248 249 249 248 248 249 248 248 249 249 248 249 388 388 387 388 388 387 388 388 388 388 387 387 387 387 388 387 387 387 387 387 386 386 387 387 386 385 386 385 385 385 386 385 385 385 385 386 386 380 380 380 380 380 380 380 380 380 380 380 380 380 381 382 383 384 385 387 388 389
243 244 243 243 244 244 244 245 245 245 245 245 245 245 245 246 246 246 247 247 246 246 246 246 247 247 247 248 247 246 247 247 247 247 247 247 386 387 386 386 385 386 386 386 387 386 385 385 386 385 385 385 385 385 384 384 385 385 385 385 385 385 385 380 380 380 380 380 380 380 380 380 380 380 380 380 380 380 380 380 380 380 380 380 380 380 381 382 382 384 385 387 388 389
242 242 242 243 243 243 243 243 244 243 243 244 244 244 244 244 244 245 245 244 245 244 244 245 245 245 246 245 245 245 245 245 245 245 245 245 385 384 383 384 384 383 383 384 384 384 383 384 384 384 385 385 385 379 379 379 379 379 379 380 380 380 380 380 380 380 380 380 380 380 380 380 380 380 380 380 381 381 380 380 380 381 381 380 380 380 381 382 383 384 385 386 388 389
240 240 241 241 242 241 241 242 241 241 242 242 242 242 242 243 243 243 243 242 242 243 243 243 242 243 243 243 243 242 242 243 243 243 244 244 383 382 383 383 383 378 378 378 378 378 378 378 378 379 379 379 379 379 379 379 379 380 380 380 380 380 380 380 380 380 380 380 380 380 381 381 380 380 380 381 381 380 380 380 381 381 380 380 380 381 381 381 383 384 386 387 388 389
239 239 238 239 239 239 240 240 238 239 239 240 240 240 240 240 240 241 241 240 241 241 241 242 242 242 242 243 237 237 237 237 237 238 238 238 238 377 377 377 378 378 378 378 379 378 378 378 379 379 379 379 380 379 379 379 380 380 380 380 380 380 380 380 381 381 380 380 380 381 381 381 380 381 381 381 381 380 381 381 381 381 380 381 381 381 381 381 383 384 385 387 388 389
236 236 237 237 237 238 238 238 238 238 239 239 239 240 234 234 235 235 235 235 235 235 236 236 236 237 237 237 237 237 237 237 238 238 238 238 239 377 377 378 378 378 378 379 379 378 379 379 379 379 380 380 379 379 380 380 380 380 381 380 380 380 380 381 381 380 380 381 381 381 381 381 381 381 381 381 381 381 381 381 381 381 381 381 381 381 381 382 383 384 385 386 388 389
230 231 231 231 232 232 232 232 232 233 233 233 234 234 234 235 235 235 235 235 235 236 236 236 237 237 237 237 237 237 237 238 238 238 239 239 239 377 378 378 378 378 379 379 379 379 379 379 379 380 380 380 379 380 380 380 380 381 381 380 380 381 381 381 381 380 381 381 381 381 382 381 381 381 381 382 381 381 381 381 382 382 381 381 381 382 381 381 383 384 385 387 388 389
231 231 231 232 232 232 233 232 232 233 233 234 234 234 235 235 235 235 235 235 236 236 236 236 237 237 237 237 237 237 238 238 238 239 239 239 239 378 378 378 378 379 379 379 379 379 379 379 380 380 380 380 380 380 380 380 381 381 380 380 381 381 381 381 381 381 381 381 381 382 382 381 381 381 382 382 381 381 381 382 382 381 381 381 382 382 381 381 382 384 385 387 388 389
231 231 232 232 232 233 232 232 233 233 233 234 234 234 235 235 235 235 235 235 236 236 236 237 237 237 238 237 237 238 238 238 238 239 239 239 239 239 378 378 379 379 379 380 379 379 379 380 380 380 380 380 380 380 380 381 381 381 380 381 381 381 381 381 381 381 381 381 382 382 381 381 381 382 382 382 381 381 382 382 382 381 381 382 382 382 381 381 383 384 385 386 387 388
231 231 232 232 233 233 232 233 233 233 234 234 234 235 235 235 236 235 235 236 236 236 237 237 237 238 237 237 238 238 238 238 239 239 239 239 239 239 378 379 379 379 379 379 379 379 380 380 380 380 381 380 380 380 381 381 381 381 381 381 381 381 381 382 381 381 381 382 382 382 381 381 382 382 382 382 381 382 382 382 382 381 382 382 382 381 381 382 383 384 385 386 387 389
231 232 232 232 233 232 232 233 233 234 234 234 235 235 235 236 235 235 236 236 236 237 237 237 237 238 237 237 238 238 238 239 239 239 239 239 239 239 379 379 379 379 380 379 379 379 380 380 380 381 380 380 380 381 381 381 381 381 381 381 381 381 382 382 381 381 382 382 382 382 381 382 382 382 382 382 382 382 382 382 382 382 382 382 382 381 382 382 382 383 384 386 388 389
231 232 232 233 233 232 233 233 233 234 234 234 235 235 235 236 235 235 236 236 236 237 237 237 238 237 237 238 238 238 238 239 239 239 239 239 239 239 379 379 379 380 380 379 379 380 380 380 380 381 380 380 380 381 381 381 381 381 381 381 381 382 382 381 381 381 382 382 382 382 382 382 382 382 382 382 382 382 382 382 382 382 382 382 382 382 382 382 382 383 384 386 387 388
232 232 232 233 233 232 233 233 234 234 234 235 235 235 236 235 235 236 236 236 237 237 237 237 238 237 237 238 238 238 239 239 239 239 239 239 239 240 379 379 379 380 379 379 380 380 380 380 381 381 380 380 381 381 381 381 382 381 381 381 381 382 382 381 381 382 382 382 382 382 382 382 382 382 383 382 382 382 382 383 382 382 382 382 382 382 382 382 382 383 385 386 387 388
232 232 232 233 232 233 233 233 234 234 234 235 235 235 236 235 235 236 236 236 237 237 237 238 238 237 238 238 238 238 239 239 239 240 239 239 239 240 240 379 380 380 379 379 380 380 380 380 381 380 380 380 381 381 381 381 381 381 381 381 382 382 382 381 381 382 382 382 382 382 382 382 382 382 382 382 382 382 382 382 382 382 382 382 382 382 382 382 382 383 384 385 387 388
232 232 233 233 232 233 233 233 234 234 234 235 235 235 235 235 235 236 236 236 237 237 237 238 237 237 238 238 238 239 239 239 239 239 239 239 240 240 240 379 380 379 379 379 380 380 380 381 381 380 380 381 381 381 381 381 381 381 381 381 382 382 381 381 382 382 382 382 382 382 382 382 382 383 382 382 382 382 383 382 382 382 382 382 382 382 382 382 382 383 384 385 386 387
232 232 233 232 232 233 233 233 234 234 235 235 235 236 235 235 236 236 236 237 237 237 237 238 237 237 238 238 238 239 239 239 239 239 239 239 240 240 240 379 380 379 379 380 380 380 380 381 381 380 380 381 381 381 381 382 381 381 381 382 382 382 381 381 382 382 382 382 382 382 382 382 382 383 382 382 382 382 383 382 382 382 382 382 382 382 382 382 382 383 384 385 386 387
232 232 233 232 232 233 233 234 234 234 235 235 235 236 235 235 236 236 236 237 237 237 238 237 237 237 238 238 238 239 239 239 239 239 239 239 240 240 240 379 380 379 379 380 380 380 380 381 380 380 380 381 381 381 381 381 381 381 381 382 382 382 381 381 382 382 382 382 382 382 382 382 382 382 382 382 382 382 382 382 382 382 382 382 382 382 382 382 383 383 383 384 385 387
232 232 232 232 232 233 233 234 234 234 235 235 235 235 235 235 236 236 236 237 237 237 238 237 237 237 238 238 238 239 239 239 239 239 239 239 240 240 240 241 379 379 379 380 380 380 380 381 380 380 380 381 381 381 381 381 381 381 381 382 382 381 381 381 382 382 382 381 382 382 382 382 382 382 382 382 382 382 382 382 382 382 382 382 382 382 382 382 383 383 383 384 385 386
