testData/tiles/oneDegreeCosts/grid11.0-49.0-12.0-50.0.asc
ncols   200
nrows   200
xllcorner   11.0
yllcorner   49.0
cellsize   0.005
NODATA_value   -9999.0
[rows 42 to 83 of 200, columns 94 to 187 of 200]
513 512 511 510 509 506 505 504 501 547 546 543 542 540 539 536 535 534 531 530 528 526 596 595 592 591 589 586 584 582 580 577 574 572 572 571 571 570 570 569 568 527 526 526 525 524 524 523 522 521 521 520 519 518 518 517 516 515 514 514 514 513 512 511 510 509 508 507 506 505 504 503 547 545 544 543 542 541 540 538 537 536 534 533 532 530 529 528 526 525 523 522 520 519
518 518 516 515 514 512 510 556 554 553 551 549 547 545 544 541 540 538 536 534 603 602 599 598 595 594 592 589 587 586 584 581 578 575 573 571 571 570 570 569 569 568 567 526 525 524 524 523 522 522 521 520 519 519 518 517 516 515 514 515 514 513 512 511 510 509 508 507 506 505 504 548 547 546 544 543 542 541 540 538 537 536 535 533 532 531 529 528 526 525 523 522 520 519
523 522 521 520 518 564 563 560 559 558 556 555 553 551 549 547 545 544 614 611 609 608 604 603 600 598 596 592 591 589 587 585 582 580 577 574 571 570 570 569 569 568 567 567 525 525 524 523 522 522 521 520 519 519 518 517 516 515 515 515 514 513 512 511 510 509 508 507 506 505 549 548 547 546 545 543 542 541 540 539 537 536 535 533 532 531 529 528 526 525 524 522 520 519
527 527 526 524 570 569 567 565 564 562 561 560 557 556 555 553 622 620 619 616 614 613 610 608 606 603 601 598 596 595 591 590 586 584 581 579 575 573 570 569 569 568 568 567 566 566 524 523 523 522 521 520 520 519 518 517 516 516 515 515 514 513 512 511 510 509 508 507 551 550 549 548 547 546 545 544 542 541 540 539 537 536 535 534 532 531 529 528 527 525 524 522 521 519
533 532 577 576 575 573 572 571 568 567 566 564 563 561 631 630 627 626 624 622 620 618 616 613 612 609 607 605 602 601 597 596 592 590 586 584 580 578 573 570 569 568 568 567 566 566 565 564 523 522 521 520 520 519 518 517 516 516 515 514 514 513 512 511 510 509 508 552 551 550 549 548 547 546 545 544 542 541 540 539 538 536 535 534 532 531 530 528 527 525 524 522 521 519
537 583 582 580 579 578 576 575 573 571 570 569 567 637 636 634 633 631 629 628 624 623 622 618 617 614 612 610 607 606 603 601 598 595 592 590 587 584 580 577 574 569 569 567 566 566 565 564 564 522 521 521 520 519 518 517 517 516 515 514 514 513 512 511 510 509 553 552 551 550 549 548 547 546 545 544 543 541 540 539 538 536 535 534 532 531 530 528 527 525 524 522 521 519
589 587 585 585 583 582 581 580 578 576 575 645 644 641 640 639 637 635 634 632 630 627 626 624 622 620 617 616 612 611 609 607 604 601 599 596 593 590 587 584 580 576 573 570 569 568 566 566 564 563 562 521 520 519 518 517 517 516 515 514 514 513 512 511 510 555 554 553 552 550 549 548 547 546 545 544 543 541 540 539 538 537 535 534 533 531 530 528 527 525 524 523 521 519
593 592 590 588 588 586 585 584 583 652 651 650 648 647 644 643 642 639 638 637 634 633 630 628 627 625 622 620 618 615 614 612 609 607 603 602 598 596 592 590 586 584 580 575 573 570 569 568 567 565 563 563 520 519 518 518 517 516 515 514 514 513 512 512 556 555 554 553 552 551 549 548 547 546 545 544 543 542 540 539 538 537 535 534 533 531 530 528 527 526 524 523 521 520
597 596 595 592 591 591 589 660 659 656 655 654 652 651 649 647 646 644 642 641 640 637 636 632 631 630 627 625 622 621 619 617 614 612 609 607 605 601 598 596 593 590 585 582 579 575 571 571 569 568 567 565 564 562 519 519 517 516 515 514 514 513 513 557 556 555 554 553 552 551 550 549 547 546 545 544 543 542 540 539 538 537 535 534 533 531 530 529 527 526 524 523 521 520
600 600 599 597 595 594 666 664 663 662 659 658 657 655 653 652 650 649 647 645 644 641 640 639 635 634 631 630 627 625 625 621 620 616 615 611 610 606 603 601 598 595 592 588 585 581 578 574 572 570 569 568 566 565 564 521 520 518 516 515 514 514 558 557 556 555 554 553 552 551 550 549 547 546 545 544 543 542 541 539 538 537 535 534 533 531 530 529 527 526 524 523 521 520
604 603 603 601 671 670 669 667 667 666 663 662 661 659 657 656 654 653 651 649 648 646 644 643 640 638 636 634 633 629 629 626 624 622 620 617 614 612 609 606 603 601 597 594 591 588 584 580 577 572 572 570 569 567 566 565 563 521 519 517 517 561 559 558 556 555 554 553 552 551 550 549 548 546 545 544 543 542 541 539 538 537 536 534 533 532 530 529 527 526 524 523 521 520
608 607 678 676 676 674 673 671 670 670 667 666 665 663 661 660 658 657 655 653 652 650 648 647 644 643 640 638 637 634 632 631 629 626 624 622 619 616 614 611 608 606 602 600 596 593 590 587 582 579 575 573 571 569 569 567 566 564 521 520 564 563 562 560 558 557 555 553 552 551 550 549 548 546 545 544 543 542 541 539 538 537 536 534 533 532 530 529 527 526 524 523 521 520
611 683 682 680 679 678 677 675 674 673 670 670 669 667 666 664 662 661 659 657 656 654 652 651 648 647 644 642 641 638 637 635 633 631 628 626 623 621 618 616 612 611 607 605 601 598 595 592 588 585 581 578 573 572 571 569 568 566 565 608 566 565 564 562 561 559 557 556 554 552 551 549 548 547 545 544 543 542 541 539 538 537 536 534 533 532 530 529 527 526 524 523 521 520
687 686 685 684 683 681 679 679 678 677 675 673 672 671 670 668 666 665 663 661 660 658 656 655 652 651 650 646 645 642 641 640 637 635 633 630 628 625 623 620 617 615 613 610 607 603 601 597 593 591 587 583 579 576 573 572 570 568 612 611 610 567 566 565 563 561 560 558 556 555 553 551 549 548 545 544 543 542 541 539 538 537 536 534 533 532 530 529 527 526 525 523 521 520
690 690 688 687 687 684 683 682 681 680 679 677 675 674 673 670 670 669 666 665 664 661 660 659 656 655 652 650 649 646 645 643 641 639 637 635 632 630 627 625 621 620 616 615 612 608 605 602 598 596 592 589 585 582 577 574 572 615 614 613 612 610 568 567 565 563 562 560 558 557 555 553 552 550 547 545 544 542 541 540 538 537 536 534 533 532 530 529 527 526 525 523 522 520
694 692 692 691 689 687 687 686 684 683 682 680 679 678 677 674 673 672 669 669 667 665 664 662 660 658 656 654 653 650 649 646 646 642 641 639 636 634 632 629 627 624 621 619 615 613 610 607 603 601 597 594 590 588 583 580 620 617 616 615 614 612 610 610 567 566 564 562 561 559 557 556 554 552 549 548 546 544 542 541 538 537 536 534 533 532 530 529 527 526 525 523 522 520
697 696 695 693 693 691 690 688 688 687 685 683 682 682 680 678 677 675 673 672 670 668 667 665 663 661 660 658 656 654 652 650 650 646 645 642 641 638 636 633 631 629 625 624 620 617 615 612 608 606 602 599 595 593 634 630 626 621 618 617 616 614 612 612 610 568 566 564 563 561 559 558 556 554 551 550 548 546 545 543 540 538 536 534 533 532 530 529 528 526 525 523 522 520
700 699 698 697 696 693 693 692 691 689 689 687 685 684 683 682 680 679 677 675 674 672 670 669 666 665 664 661 660 658 656 654 653 650 649 646 645 641 640 637 635 632 629 628 624 622 619 617 613 611 607 604 600 642 639 635 631 627 623 619 618 616 614 614 612 610 568 566 565 563 561 560 558 556 554 552 550 548 547 545 542 540 539 536 534 532 530 529 528 526 525 523 522 520
702 702 701 700 699 697 696 696 694 693 692 689 689 688 686 684 683 681 680 679 677 675 674 672 670 669 667 665 664 661 660 657 656 654 652 650 648 645 643 641 639 636 634 631 629 625 624 620 617 615 612 608 650 647 644 640 637 632 628 625 621 618 616 615 614 612 611 609 566 565 563 561 560 558 555 554 552 550 549 547 544 542 541 538 536 534 531 530 528 526 525 523 522 520
706 705 704 703 702 700 699 698 697 696 695 693 692 690 690 688 686 685 683 681 680 678 677 676 674 672 671 669 667 665 663 660 659 657 656 653 652 649 647 645 643 640 637 635 632 630 627 624 621 619 616 658 654 652 648 645 641 638 633 631 626 622 618 616 616 614 612 611 609 567 565 563 562 560 557 556 554 552 550 549 546 544 543 540 538 536 533 532 529 527 525 523 522 520
708 708 707 706 705 703 702 701 700 699 698 696 695 694 692 690 689 688 686 685 684 681 680 678 676 675 673 671 670 667 666 664 662 661 659 657 655 652 651 648 646 643 641 639 636 633 631 629 625 624 665 662 659 657 653 649 646 642 639 635 632 627 624 619 616 616 614 613 611 609 567 565 563 562 559 557 556 554 552 551 548 546 544 542 540 538 535 534 531 529 527 524 522 520
712 710 709 709 708 705 705 704 703 702 701 699 697 696 696 694 692 691 689 687 687 685 683 682 680 678 677 674 673 671 669 667 666 664 663 660 658 656 654 652 649 647 644 643 639 637 635 632 630 672 669 666 663 660 658 654 651 647 643 640 636 633 628 625 620 617 616 614 613 611 609 608 565 563 561 559 557 556 554 551 550 548 546 543 542 540 537 535 533 531 529 526 523 521
714 713 712 711 710 709 707 706 706 705 702 701 701 700 698 696 696 694 692 691 689 687 686 685 683 682 679 678 677 674 673 670 669 667 666 663 661 659 658 655 653 650 648 646 643 640 639 636 678 675 673 670 666 664 661 658 654 650 648 643 641 637 634 629 626 621 617 616 614 613 611 609 608 565 562 561 559 557 556 553 551 550 548 545 543 542 539 537 534 533 530 528 525 523
716 716 715 715 713 711 711 709 708 707 706 704 703 702 701 699 698 697 694 694 693 690 689 688 685 684 682 680 679 676 675 673 671 669 669 666 665 662 661 659 655 654 651 650 646 644 642 684 681 678 677 673 671 667 665 662 658 655 651 648 645 642 638 634 630 626 623 618 616 614 613 611 609 607 564 562 561 559 557 555 553 551 549 547 545 543 541 539 536 534 531 530 527 525
719 718 718 717 715 714 713 712 711 710 708 707 706 705 703 701 701 700 698 696 695 693 692 691 689 687 685 684 682 680 678 676 675 672 672 669 668 666 664 661 658 657 655 652 650 647 691 687 685 682 680 677 674 670 669 665 662 659 656 652 650 646 643 639 635 631 626 623 619 616 614 612 611 608 606 564 562 560 559 556 554 553 551 548 547 545 542 540 538 536 533 531 529 527
722 721 720 719 718 716 715 715 714 712 710 710 709 707 706 705 703 702 700 699 698 696 694 693 691 689 688 687 684 683 682 679 678 676 674 673 671 668 666 664 662 660 658 654 653 696 693 691 688 686 683 681 677 675 672 669 666 663 659 657 653 651 647 643 639 635 632 628 624 619 615 614 611 610 608 606 605 562 560 558 556 554 552 550 548 545 544 542 539 537 535 533 530 528
724 724 722 721 720 719 718 717 716 715 713 712 711 710 708 707 706 704 703 702 700 698 698 695 694 693 690 689 687 685 684 682 680 678 676 675 674 671 669 667 665 664 661 658 701 699 696 694 691 689 686 684 681 678 675 673 670 666 663 660 656 653 650 647 643 640 636 632 629 624 620 615 613 611 609 608 606 604 561 559 557 556 553 551 550 547 545 543 541 539 536 534 532 530
727 726 724 723 722 722 720 719 719 717 715 714 714 713 710 710 709 706 705 704 702 701 700 697 696 695 693 692 690 688 686 685 682 681 679 677 676 674 672 671 668 666 663 706 704 702 699 697 695 692 689 687 684 681 678 676 673 670 667 663 661 657 654 651 648 644 640 636 632 629 624 619 615 612 611 609 607 606 603 560 559 557 554 553 551 548 547 544 542 540 538 536 533 531
729 728 726 725 725 724 723 722 721 719 718 717 716 714 713 712 711 708 708 707 705 703 702 701 699 698 696 694 692 690 688 687 685 684 682 680 679 676 674 673 670 668 666 709 708 704 702 700 698 694 692 690 687 684 681 678 676 673 670 667 664 660 657 654 651 648 644 640 636 633 628 625 620 615 612 610 609 606 604 603 560 558 556 554 552 550 548 545 543 541 539 537 534 532
731 731 728 727 727 726 726 724 722 722 720 719 718 717 715 714 714 711 710 709 707 706 705 703 701 699 698 697 695 694 691 690 687 686 684 682 681 680 677 676 673 671 714 712 709 707 705 702 701 697 695 693 690 688 684 682 680 677 673 671 667 664 661 657 654 650 647 643 640 636 632 629 624 620 615 611 610 607 606 604 602 559 557 555 553 551 549 546 545 542 540 537 536 533
733 732 730 730 729 728 727 726 724 724 722 721 721 719 717 717 715 713 712 712 710 708 707 705 704 702 701 699 697 696 693 692 690 689 687 685 683 683 680 678 676 718 717 714 712 710 708 705 703 700 698 696 693 691 687 685 682 680 677 674 670 668 664 661 657 654 651 647 644 639 637 633 628 625 620 616 610 608 607 605 603 601 599 556 554 552 550 548 546 543 541 539 537 534
735 734 733 732 731 731 729 727 727 726 724 724 722 721 720 719 717 715 715 713 711 710 709 708 706 704 703 700 700 699 696 695 692 691 689 687 685 685 682 680 723 721 720 717 715 713 710 707 706 703 701 698 696 694 690 688 685 683 680 677 674 671 667 665 661 658 654 650 647 643 640 637 633 629 624 621 615 610 608 606 604 602 600 599 555 553 551 549 547 544 543 540 538 535
737 735 735 734 734 733 731 730 729 728 727 726 724 723 722 721 719 718 717 715 714 713 711 709 708 707 705 703 702 699 698 697 694 694 692 689 688 685 685 728 726 724 721 720 717 715 713 710 708 706 703 701 698 697 693 691 687 685 683 680 677 674 670 668 664 661 658 654 651 647 644 640 637 633 629 624 619 615 610 607 605 603 601 599 597 554 552 550 547 546 544 541 538 537
739 738 737 736 736 734 732 732 731 730 729 727 727 725 724 722 721 720 719 718 716 715 713 712 710 709 707 705 704 702 701 699 697 695 694 691 690 687 732 730 728 726 723 722 720 717 716 713 710 708 706 703 701 699 696 694 690 688 684 683 680 677 673 671 667 664 661 657 654 650 647 643 640 637 631 628 623 620 615 609 606 604 602 600 598 596 553 551 548 547 544 542 539 538
740 740 739 739 737 735 735 734 732 732 731 729 728 727 726 725 723 722 721 719 718 716 715 714 712 710 709 708 706 704 703 700 699 697 695 694 693 735 734 732 730 729 726 725 722 719 718 715 713 710 709 706 703 700 699 695 693 691 687 685 682 680 676 673 670 667 664 660 657 654 651 647 643 639 635 632 628 624 619 613 609 605 602 601 599 596 595 552 549 548 545 543 540 539
742 742 741 740 738 737 737 735 735 734 732 731 730 729 728 726 725 725 722 721 720 719 717 716 714 713 711 710 708 706 705 703 702 700 698 696 739 737 735 734 732 730 728 726 724 722 719 718 716 713 711 708 706 703 701 698 696 693 690 687 684 681 679 676 673 670 667 663 661 657 654 649 645 642 639 636 631 627 622 618 614 609 603 602 600 597 596 593 550 549 546 544 541 539
745 744 742 741 740 740 738 737 737 735 734 733 732 732 729 728 728 725 724 723 722 720 719 717 716 715 713 711 709 709 706 705 704 701 700 743 740 740 737 736 735 733 731 728 727 725 721 720 717 715 712 711 709 705 703 701 699 695 693 690 687 684 681 678 676 673 670 666 663 659 655 652 648 646 641 638 635 630 626 622 617 612 607 602 600 598 597 594 592 548 547 544 542 540
746 745 744 743 742 741 740 740 739 736 736 735 734 732 731 730 729 727 726 726 723 722 721 719 718 717 714 714 712 710 708 707 704 704 747 745 743 742 739 738 736 734 733 730 728 726 724 721 720 718 715 713 710 708 705 703 700 698 695 692 689 687 683 681 677 675 671 669 665 662 658 656 652 648 645 641 638 634 629 626 621 617 612 607 601 599 597 595 593 590 589 545 543 540
748 746 746 744 744 743 742 742 739 739 738 736 736 734 733 732 730 729 729 727 725 724 723 721 720 717 717 716 713 712 710 709 707 751 748 747 745 743 741 738 737 737 735 733 730 729 726 723 722 719 717 714 713 710 707 705 702 701 697 695 692 689 686 684 680 678 674 672 668 664 662 658 655 651 648 643 639 637 633 630 624 620 616 610 605 601 597 595 593 591 589 587 543 541
749 748 747 746 746 745 743 742 741 741 739 738 737 736 734 734 732 730 730 728 727 726 724 723 721 720 719 716 715 713 712 711 754 752 750 749 747 745 743 741 740 738 736 734 732 731 728 726 723 722 720 717 714 712 710 707 705 701 700 697 695 691 689 685 683 679 677 673 671 667 665 661 657 654 649 647 643 641 636 631 628 623 619 614 609 605 599 596 594 592 589 587 585 542
750 749 749 748 747 746 745 744 742 742 741 740 738 737 737 735 733 733 732 729 729 728 726 724 723 722 720 718 718 715 714 757 755 753 753 750 749 746 745 743 741 739 737 736 734 731 730 727 725 724 721 719 716 714 712 709 706 704 701 698 696 694 691 688 685 682 679 676 673 670 667 664 660 656 653 649 646 642 639 635 631 627 622 618 614 608 604 598 594 593 590 588 585 583
752 752 750 749 749 747 746 745 745 744 741 741 740 739 738 736 735 735 732 731 731 728 727 727 724 723 721 720 719 717 760 758 758 755 754 752 750 748 747 744 743 741 739 738 736 734 731 730 728 725 724 721 718 715 714 711 709 706 703 701 698 696 693 691 687 685 682 678 676 672 670 665 662 659 656 652 648 645 640 638 634 629 625 621 618 612 607 602 597 592 591 588 586 583
