testData/tiles/oneDegreeCosts/grid7.0-17.0-8.0-18.0.asc
ncols   200
nrows   200
xllcorner   7.0
yllcorner   17.0
cellsize   0.005
NODATA_value   -9999.0
[rows 126 to 167 of 200, columns 0 to 93 of 200]
453 454 457 458 461 463 466 465 468 470 472 474 474 477 479 481 481 483 484 485 488 489 489 491 493 493 495 496 497 500 499 501 503 504 504 505 506 507 507 509 511 511 512 512 514 514 516 515 517 517 519 520 520 520 522 522 521 523 525 525 525 525 526 526 528 527 527 528 529 530 530 530 530 530 531 532 531 532 532 532 533 533 534 533 534 533 534 534 533 536 535 535 534 536
450 452 456 457 458 460 462 463 466 468 470 470 472 475 477 477 479 481 481 484 484 486 488 489 490 491 493 493 496 496 497 500 500 501 503 503 504 505 506 507 509 509 510 510 511 512 514 513 515 515 517 517 518 519 520 519 519 522 522 522 523 524 524 524 526 524 526 527 527 526 528 528 528 529 529 529 529 530 529 531 532 530 532 531 531 531 533 532 532 533 532 533 532 533
447 450 451 453 456 458 461 462 463 465 467 468 471 472 472 476 477 479 479 481 483 484 484 487 488 489 492 491 493 494 496 496 497 500 499 500 502 503 504 505 506 506 508 508 510 510 511 511 513 513 514 514 516 517 516 518 518 519 518 521 521 520 522 522 524 523 524 524 524 525 526 525 526 527 526 528 528 528 527 529 528 528 531 529 530 530 530 529 530 530 530 530 530 532
445 447 449 452 453 454 457 458 461 462 466 466 467 469 471 473 474 476 477 480 480 481 483 484 485 487 488 489 492 492 493 494 496 496 497 499 499 501 501 503 504 505 505 506 508 508 509 509 511 511 512 512 513 514 514 516 515 518 517 519 518 518 520 520 521 521 521 522 523 523 523 523 524 524 525 525 525 526 525 526 526 527 527 527 528 527 528 527 528 528 529 528 528 529
456 460 461 463 465 467 470 458 459 459 461 463 466 467 468 469 471 474 476 476 478 480 480 482 483 484 485 488 488 489 492 492 492 493 495 496 497 499 499 501 500 502 502 505 505 505 507 508 509 509 509 510 511 512 512 513 514 516 514 515 517 517 517 518 517 519 520 520 521 520 522 522 522 522 523 522 523 525 523 525 524 524 525 525 525 526 527 525 526 526 527 525 526 527
454 457 459 461 462 465 465 468 470 472 474 477 478 479 481 482 485 484 486 490 478 478 478 480 480 483 483 484 486 488 488 489 491 491 493 493 495 496 498 498 498 500 501 502 502 503 503 505 506 507 507 508 509 510 510 511 512 512 513 514 515 514 515 517 515 517 517 517 519 519 520 519 519 520 521 520 522 521 521 523 521 523 523 523 523 524 524 523 524 524 524 524 525 524
451 454 456 458 460 462 464 466 468 470 470 472 476 477 479 479 481 482 485 486 486 489 491 492 493 495 495 498 498 498 501 502 503 491 491 491 493 493 494 494 497 498 498 500 500 501 501 503 504 504 505 506 507 507 508 509 510 509 511 512 511 513 514 513 513 515 514 515 516 516 517 517 518 518 519 518 519 518 520 521 520 521 520 521 520 522 521 522 522 522 523 522 522 522
449 449 453 454 456 460 461 462 465 467 468 471 472 474 476 477 480 481 481 483 485 486 488 489 490 492 493 494 494 497 498 499 501 502 503 505 505 506 507 508 509 509 512 513 500 500 500 501 501 502 503 503 505 505 507 507 507 507 508 509 510 511 510 511 512 513 512 513 514 514 515 516 515 516 516 515 518 517 517 517 518 519 518 520 519 519 519 520 519 520 521 519 520 520
445 447 450 452 455 456 459 460 461 465 466 467 469 471 473 476 476 477 480 481 482 483 485 486 488 489 490 492 493 495 495 497 498 499 501 502 503 504 504 505 507 508 509 508 511 512 512 513 514 515 515 516 516 518 519 507 507 507 507 507 507 507 509 510 510 510 510 511 512 512 512 512 513 515 514 514 516 514 515 515 516 516 517 518 516 517 517 517 517 519 518 518 519 518
443 445 447 449 451 453 456 457 459 462 463 465 466 468 469 472 474 476 477 478 480 481 483 484 485 486 488 490 490 492 493 495 496 497 498 499 501 501 502 504 505 505 505 507 508 508 510 512 512 512 513 515 514 515 516 518 517 518 519 518 520 521 521 521 522 510 510 510 510 510 510 511 511 511 512 512 512 513 514 512 514 513 514 514 514 516 515 516 515 516 515 516 515 516
438 442 444 446 449 450 452 454 456 458 461 463 464 466 467 469 471 472 474 476 477 479 480 481 484 484 485 487 488 490 491 492 493 495 495 496 497 498 501 500 502 504 504 504 505 507 508 508 508 511 511 511 511 514 514 514 514 516 517 517 518 519 518 519 521 519 521 522 522 523 523 524 523 524 525 512 512 512 512 512 512 512 512 513 513 513 513 514 513 513 513 513 513 515
436 439 441 442 445 447 449 451 454 454 456 459 461 463 465 466 467 470 471 473 474 476 477 479 481 481 483 484 486 487 488 490 491 492 492 494 495 497 496 498 501 500 501 502 504 504 504 506 507 509 508 509 510 511 511 512 513 514 513 514 515 516 517 517 518 517 519 519 519 521 521 520 522 522 521 523 522 523 523 524 526 524 525 525 513 513 513 513 513 513 513 513 513 513
432 435 437 439 442 444 446 447 450 452 454 455 459 459 461 464 465 467 468 471 471 474 475 476 478 479 481 481 483 484 486 487 487 489 491 492 492 493 495 497 495 497 499 500 501 501 503 503 504 504 506 507 507 508 509 510 510 511 511 512 513 513 515 514 515 516 516 516 517 518 518 519 520 519 519 521 520 521 521 522 522 522 523 521 524 523 523 524 524 524 524 525 524 513
429 432 434 437 437 441 442 444 449 450 451 453 455 457 459 460 461 464 465 467 469 470 471 474 475 477 478 479 481 482 482 483 485 486 488 489 490 492 493 492 494 495 496 497 499 499 500 500 502 503 504 503 506 507 506 507 508 510 508 510 510 511 512 513 513 513 514 514 515 515 516 516 516 518 518 518 518 519 518 519 518 521 521 520 522 520 521 520 521 521 522 524 523 524
426 428 430 433 435 438 439 443 443 446 449 450 453 454 456 458 460 460 463 464 465 467 469 471 470 473 474 476 477 478 480 482 483 483 485 486 488 489 489 491 491 492 494 495 495 495 498 499 500 499 501 502 503 502 503 506 506 506 506 508 508 509 509 510 510 511 513 511 513 513 513 514 514 515 515 515 516 516 516 518 517 517 517 518 518 518 520 518 520 519 520 521 521 522
422 424 426 430 432 434 436 438 441 443 445 447 449 450 453 455 457 458 460 460 463 465 465 468 469 470 471 473 474 476 478 478 480 481 483 484 484 485 487 488 488 491 491 493 491 494 495 496 497 497 499 499 500 500 502 501 503 503 505 505 505 506 507 507 508 509 508 509 511 511 511 512 512 511 513 513 513 514 514 516 514 515 515 516 516 517 517 516 517 517 518 517 519 519
418 422 424 424 429 430 432 436 437 439 442 444 445 448 449 450 454 455 457 459 460 460 463 465 466 468 469 470 472 473 474 475 478 479 480 481 482 483 483 485 487 488 488 489 490 492 491 494 493 495 495 497 498 498 499 499 501 501 502 503 503 504 504 505 505 506 506 508 508 507 509 509 510 510 510 510 511 511 512 512 513 514 512 514 513 513 514 514 515 516 517 516 517 517
415 416 420 422 425 428 429 431 434 436 438 442 442 444 446 448 449 452 454 455 458 459 461 460 463 465 466 469 468 470 472 474 474 475 477 478 479 480 482 482 484 485 485 487 488 489 490 490 491 492 493 495 495 495 497 498 497 498 499 500 500 502 502 503 503 504 504 504 505 505 508 506 507 508 507 508 510 508 510 510 510 511 510 511 510 512 511 513 513 513 515 514 515 515
410 413 417 418 421 423 425 428 431 432 434 437 439 442 443 444 446 448 449 453 455 455 458 459 460 462 463 465 466 469 468 470 471 473 473 474 477 477 479 479 481 481 483 483 485 487 487 487 488 490 491 490 492 493 495 493 495 496 498 496 498 498 499 500 501 501 501 503 502 503 503 504 505 504 506 506 506 506 507 507 507 508 509 509 509 510 509 511 510 511 510 512 514 513
406 408 410 415 417 419 423 423 427 429 431 433 435 438 440 442 443 446 447 448 449 452 455 456 458 458 460 462 464 464 465 467 468 469 471 472 473 475 477 477 478 479 480 481 482 483 484 485 486 487 487 489 489 491 490 492 493 493 493 494 496 496 496 497 498 499 499 501 499 501 501 502 502 502 504 503 503 504 506 504 506 505 506 506 506 508 507 509 509 510 509 510 510 511
401 405 407 411 413 415 418 421 423 424 429 429 431 433 437 439 440 442 443 446 447 449 450 452 454 455 457 457 459 461 463 464 464 467 468 470 470 472 473 474 475 476 478 478 480 480 481 482 483 485 485 486 486 488 488 489 489 490 492 492 493 492 494 494 495 495 497 496 497 499 499 499 499 500 499 502 502 501 502 502 504 502 503 504 505 505 506 507 506 508 507 508 508 509
397 400 402 406 408 411 414 417 418 421 423 426 429 430 431 433 437 439 441 443 443 446 447 449 451 452 454 454 457 458 459 461 463 464 464 467 468 468 469 471 472 473 476 476 476 477 480 479 481 480 482 484 484 485 485 486 487 488 487 489 490 491 491 492 492 493 494 494 495 496 495 497 498 497 498 498 498 499 499 500 500 501 502 501 503 502 503 504 504 505 506 507 506 508
391 394 398 401 404 408 409 412 415 417 420 423 424 427 429 430 433 434 436 440 441 443 444 446 447 449 451 452 453 454 457 458 459 461 462 463 464 466 466 468 469 471 471 472 474 474 476 477 477 478 479 480 482 481 483 484 485 484 486 487 487 487 489 488 491 490 492 491 492 491 494 495 494 495 495 495 495 498 496 497 498 498 499 499 500 500 502 501 503 503 503 505 504 505
386 389 392 396 399 402 405 408 411 413 415 417 421 423 425 427 429 430 433 435 437 439 440 443 444 447 446 448 450 452 453 455 457 458 458 459 461 462 464 465 466 468 468 470 470 472 473 475 475 475 477 477 478 479 480 482 481 483 483 485 483 485 486 486 487 488 488 489 490 490 490 491 491 493 493 493 494 493 494 495 494 496 497 498 498 498 500 499 500 500 501 501 502 503
378 382 387 390 395 397 401 404 405 409 412 414 416 418 421 423 425 427 429 430 433 434 437 440 440 442 444 446 447 448 450 452 453 453 456 456 458 460 461 462 463 465 465 466 467 470 470 470 472 472 474 474 475 476 478 477 479 480 480 480 482 483 482 483 484 486 486 486 488 486 488 488 490 489 490 491 490 491 491 493 493 494 494 495 495 496 496 497 499 498 500 499 500 501
370 375 381 385 388 391 395 398 401 405 406 409 412 414 416 420 420 423 426 427 430 431 433 434 436 439 440 441 443 445 446 447 449 451 453 453 455 456 458 459 459 460 462 464 465 466 466 467 469 470 471 471 473 473 475 474 476 477 478 479 479 480 479 482 481 482 482 484 483 485 486 485 486 487 487 486 488 489 490 490 491 491 491 493 493 494 495 495 495 496 497 496 498 497
353 365 372 377 381 386 389 393 396 398 401 406 407 410 412 414 417 420 421 423 426 427 429 431 434 434 436 439 440 442 443 445 446 448 448 450 452 453 455 455 456 457 460 460 461 462 464 465 465 467 467 468 470 471 471 472 473 474 475 474 476 477 478 478 479 479 481 481 481 482 483 482 484 484 485 485 485 486 487 488 488 489 490 490 491 492 491 493 493 493 494 494 496 496
351 353 363 368 373 378 383 386 390 394 397 398 403 406 407 411 412 414 416 420 421 423 427 427 429 431 433 434 435 439 440 442 442 444 445 447 449 449 451 452 454 454 456 457 459 459 460 462 462 464 464 465 466 468 467 469 471 470 472 472 474 473 474 476 476 477 477 478 478 479 479 481 482 481 482 482 483 484 485 485 487 487 487 488 488 488 489 491 491 492 492 493 493 493
350 352 352 353 364 368 374 379 384 387 390 394 397 400 404 405 407 411 412 415 417 420 421 423 426 428 429 431 433 434 436 437 439 441 442 443 444 446 448 450 450 451 453 454 455 455 457 459 459 460 461 464 463 464 465 466 467 467 469 470 469 470 472 473 472 474 474 475 476 477 476 477 476 478 479 480 481 482 482 483 483 483 485 486 487 487 487 488 488 489 489 490 490 491
349 349 351 353 354 355 365 369 374 380 385 388 391 394 398 400 403 405 407 410 412 414 417 420 421 423 426 427 429 431 433 434 435 436 438 440 441 444 443 445 446 449 449 450 452 453 455 454 456 456 459 460 459 461 463 463 463 465 465 467 467 468 470 468 470 471 471 472 473 473 473 474 475 476 477 477 479 478 480 481 481 482 482 483 484 484 485 485 486 486 487 489 488 489
348 348 350 350 351 354 354 355 367 370 374 381 385 388 392 394 397 400 403 405 408 410 412 414 417 419 420 421 425 426 428 430 431 432 434 436 437 439 440 443 443 444 445 448 449 449 450 451 454 453 455 455 457 458 459 459 460 462 462 463 464 464 465 466 468 467 468 469 470 471 471 473 472 474 473 475 476 476 478 478 479 479 480 480 480 482 483 484 484 484 485 485 485 486
345 347 348 349 351 351 353 354 355 356 367 370 376 380 384 387 392 395 398 400 403 405 407 411 411 414 416 418 420 422 424 425 428 430 431 432 434 436 438 438 439 442 442 443 444 445 448 449 449 450 452 453 453 454 456 457 457 459 458 460 460 462 462 464 464 464 465 466 466 467 468 469 469 472 471 473 473 474 474 475 476 477 478 478 479 479 480 480 481 482 482 482 483 484
344 345 348 348 349 350 352 352 354 356 356 357 357 370 376 381 385 387 391 395 398 401 402 404 407 410 412 414 416 418 419 422 424 425 427 428 431 430 432 433 436 438 438 440 441 443 443 444 447 447 448 449 450 452 452 452 454 456 455 457 458 458 458 460 461 462 462 463 463 464 466 466 468 468 469 470 470 471 472 473 473 474 475 476 476 477 477 477 479 479 480 481 481 482
343 344 345 346 348 349 350 352 352 352 355 356 356 358 358 369 376 380 383 387 391 393 397 400 403 404 406 410 411 414 416 417 419 421 423 423 425 427 430 431 432 433 436 437 436 438 439 442 443 443 445 446 448 447 449 449 452 451 452 454 455 454 456 458 457 458 458 459 462 462 463 463 465 464 466 467 468 469 469 470 471 471 472 472 474 475 475 476 476 476 477 477 478 479
341 343 344 346 346 348 349 349 352 352 353 354 355 356 356 358 359 370 375 380 383 388 391 392 395 398 401 404 407 408 410 412 415 416 417 419 423 424 425 426 429 430 431 431 433 436 437 437 438 440 441 442 442 444 446 446 447 448 449 449 451 452 453 453 453 456 456 457 458 459 460 460 462 462 464 463 465 465 466 467 468 469 470 470 471 471 472 472 473 474 474 475 476 476
340 342 342 343 345 346 347 349 350 350 352 352 354 355 356 355 356 359 359 370 374 379 382 387 390 393 395 398 401 402 405 409 409 411 413 416 416 419 420 423 424 424 426 428 430 430 431 434 435 437 437 438 440 441 441 443 444 445 446 446 448 448 449 451 451 453 452 454 455 456 457 458 459 459 461 460 462 463 464 464 465 466 466 467 468 468 469 470 471 471 472 473 473 473
339 339 341 343 344 345 345 347 347 349 351 351 353 352 354 355 356 356 358 359 359 370 373 378 381 386 389 392 395 397 400 402 404 408 408 411 412 415 416 417 418 421 423 424 426 427 429 430 430 432 433 435 435 437 438 440 439 441 443 443 443 445 446 446 448 449 449 452 452 453 454 454 455 456 458 459 460 460 461 461 462 463 464 465 465 466 467 467 468 468 469 469 470 470
337 339 340 340 342 344 344 346 347 348 348 350 350 351 353 354 354 355 356 356 358 359 359 360 371 377 381 384 388 391 394 397 399 401 403 407 407 409 410 414 415 417 417 419 422 423 424 425 428 428 430 431 431 434 434 435 436 438 438 439 441 441 442 443 446 445 447 449 448 450 451 452 453 454 454 455 456 457 458 459 460 460 461 462 462 463 463 464 465 465 467 467 468 468
336 336 338 339 341 341 344 343 344 347 347 348 350 351 350 352 354 354 355 356 356 356 358 359 359 359 371 375 379 383 387 389 392 394 398 399 401 404 407 409 409 412 413 415 416 418 421 422 423 423 425 427 429 429 430 431 433 433 434 436 437 437 440 441 441 442 444 443 446 448 447 449 450 450 451 452 453 454 455 456 457 457 458 458 459 460 461 462 462 463 463 464 465 465
334 336 337 338 340 340 341 343 344 344 346 347 347 349 350 351 351 352 354 354 355 356 357 356 358 359 359 360 370 372 376 381 386 387 391 393 397 399 400 402 405 407 408 410 412 414 415 416 418 420 422 423 423 424 427 429 428 429 430 432 433 435 436 436 438 439 441 441 443 443 444 446 446 448 449 449 450 451 451 452 454 454 456 455 457 456 458 458 459 460 460 461 461 463
333 334 334 337 337 339 341 341 342 343 345 345 347 348 349 349 350 351 351 353 355 354 355 356 357 357 358 359 359 360 361 371 374 379 384 387 389 392 396 396 399 400 402 406 407 410 409 412 413 416 417 417 420 421 422 422 424 427 428 428 429 431 432 434 434 436 437 438 439 439 442 442 443 444 445 446 447 448 449 450 450 451 453 452 454 453 455 454 457 457 458 459 459 460
331 332 334 335 336 337 338 339 342 342 343 344 345 345 347 348 349 350 350 351 351 353 354 355 355 356 357 357 358 359 359 360 361 362 371 377 381 384 388 389 392 395 398 400 401 404 405 407 408 410 411 413 416 416 418 419 421 422 424 424 425 428 428 430 431 432 432 435 437 437 438 438 440 440 442 443 444 445 445 447 447 448 448 449 452 451 453 452 454 453 455 454 455 457
