testData/tiles/oneDegreeCosts/grid46.0-43.0-47.0-44.0.asc
ncols   200
nrows   200
xllcorner   46.0
yllcorner   43.0
cellsize   0.005
NODATA_value   -9999.0
[rows 126 to 167 of 200, columns 94 to 187 of 200]
536 535 535 534 534 539 544 548 550 555 558 561 564 568 570 571 574 577 579 581 707 710 710 712 714 715 715 718 718 719 720 721 721 723 725 725 725 725 723 724 724 724 725 725 725 726 725 725 726 726 726 727 727 728 727 724 724 725 725 725 725 725 726 725 725 725 725 724 724 724 724 723 723 722 721 720 720 720 718 718 717 716 714 714 713 712 711 710 707 706 705 704 702 701
536 535 534 534 536 541 546 549 551 556 560 562 566 570 571 572 575 578 580 582 708 711 712 713 715 716 717 719 719 720 721 722 723 724 724 726 725 726 724 725 726 725 726 726 726 727 726 726 726 727 727 727 728 729 729 725 725 726 726 726 726 726 726 726 726 726 726 725 725 725 725 724 724 724 722 721 721 721 719 719 718 718 716 715 714 712 712 711 709 707 706 705 703 702
536 536 534 534 538 543 548 550 554 557 561 564 567 570 573 574 576 579 581 583 584 712 713 713 716 718 718 719 721 721 722 723 724 725 725 727 726 727 725 726 727 726 727 727 727 728 727 727 727 728 727 728 729 729 730 725 726 726 727 726 727 727 727 726 727 727 727 726 726 726 726 725 725 724 723 723 722 721 720 719 719 718 717 716 715 713 712 712 711 709 707 706 704 703
536 536 534 535 540 544 548 553 556 558 562 566 568 571 574 576 577 580 582 585 586 713 714 714 718 719 719 720 722 722 723 723 725 726 726 728 727 728 729 727 727 727 728 728 728 728 728 728 727 728 728 730 730 731 732 727 728 728 729 728 728 729 729 728 727 727 728 727 727 727 727 725 725 725 725 724 723 723 721 720 720 719 718 717 716 714 713 712 711 710 709 707 705 704
537 536 534 535 542 546 549 555 557 559 563 567 569 572 576 577 579 580 583 585 587 714 715 717 717 720 720 721 723 724 724 724 726 726 727 728 729 729 730 728 728 727 727 728 729 728 728 729 729 730 730 730 731 732 732 728 728 729 729 729 729 729 730 729 729 729 729 728 727 727 727 726 726 726 726 724 724 724 722 721 720 720 718 718 717 715 714 713 712 710 709 708 706 704
537 536 534 538 543 547 552 556 558 560 564 568 570 573 576 578 580 581 585 586 588 713 716 718 718 721 721 722 724 725 725 725 727 727 728 729 731 730 730 732 729 728 728 729 729 730 730 730 730 731 731 731 732 732 733 729 729 730 730 729 730 730 730 730 730 730 730 729 729 729 728 727 727 727 726 725 725 724 723 723 721 721 719 718 718 716 715 714 713 711 710 709 706 705
536 536 534 539 544 548 553 556 561 563 565 569 572 575 577 579 581 583 586 587 589 714 718 719 720 721 721 723 724 726 726 727 727 728 729 730 731 731 731 731 730 729 729 731 731 731 730 731 731 731 732 732 733 733 734 729 730 730 731 730 730 731 731 730 730 731 731 730 730 730 730 729 727 727 727 726 725 725 724 723 723 721 720 719 719 717 716 715 714 712 711 710 708 706
626 536 536 541 545 551 554 558 562 564 567 569 574 576 578 580 583 585 586 588 590 716 719 720 721 721 723 724 725 727 728 727 727 730 730 731 732 732 732 732 730 732 731 731 732 732 731 732 731 732 733 733 733 734 734 730 731 731 731 731 731 731 732 731 731 731 731 730 730 730 730 729 729 729 728 726 726 726 724 724 724 723 720 720 719 718 717 716 715 713 712 711 709 708
626 625 539 542 546 552 556 559 563 566 568 570 575 577 579 580 584 586 587 589 592 592 719 721 722 723 724 725 726 727 729 728 729 731 731 732 732 732 733 733 735 732 731 731 732 732 731 732 732 733 734 733 734 735 735 731 731 732 732 731 732 732 732 732 732 732 732 731 731 731 731 730 730 730 729 727 727 726 725 725 724 724 722 721 720 719 718 717 716 714 712 711 709 708
626 626 540 543 549 553 557 560 564 567 569 572 576 578 580 582 585 587 589 590 593 593 719 722 723 725 725 726 727 728 729 730 730 730 732 732 733 733 734 735 735 733 732 732 733 733 732 732 733 734 734 734 735 735 733 732 733 733 734 733 734 733 733 732 732 733 733 732 732 732 732 731 730 730 730 729 729 727 727 725 725 724 723 722 721 720 718 718 717 715 713 712 710 709
626 626 632 545 550 554 558 562 565 568 570 573 576 579 581 583 586 588 589 591 594 594 720 723 725 726 726 727 728 728 731 732 730 731 733 733 733 735 735 735 736 734 733 733 733 734 733 733 734 735 736 736 736 737 734 733 734 734 734 734 734 734 735 734 734 734 733 732 732 732 732 731 731 731 731 729 729 729 727 726 726 725 724 723 722 721 719 718 718 716 715 713 711 710
628 627 632 637 551 555 559 563 566 568 573 574 577 580 583 584 586 589 591 592 594 595 721 723 726 727 728 728 728 730 731 733 731 732 733 734 735 735 736 736 736 737 734 734 734 735 734 734 735 736 737 736 737 738 734 734 734 735 735 735 735 735 735 735 735 735 735 734 733 733 733 732 732 732 731 730 730 730 729 727 726 726 724 724 723 722 720 719 718 716 716 715 712 711
628 629 633 639 642 556 560 565 568 569 574 575 578 581 584 585 587 590 592 594 594 596 723 724 726 727 728 728 730 731 732 733 732 733 733 736 736 735 737 737 737 737 734 734 735 736 735 735 736 737 737 737 738 738 735 734 735 735 736 735 736 736 736 735 735 736 736 735 735 735 735 733 732 732 732 731 731 730 730 728 727 726 725 724 724 723 721 720 719 717 716 715 713 711
628 630 636 639 644 557 562 566 569 571 574 577 579 582 585 586 588 591 593 595 595 597 724 725 726 728 729 729 731 732 733 733 734 734 735 736 737 736 736 738 738 738 735 736 736 736 736 736 737 737 738 738 738 739 736 735 736 736 737 736 736 737 737 736 736 736 736 735 735 735 735 734 733 733 733 732 731 731 731 729 729 728 726 725 724 724 722 721 720 718 717 716 714 712
628 633 637 640 645 650 563 567 570 573 575 579 581 583 586 587 590 591 594 596 597 598 600 726 727 729 731 731 732 733 733 734 736 735 736 737 737 737 737 738 738 740 739 737 737 737 737 736 737 738 739 738 739 740 736 736 736 737 737 737 737 737 737 738 737 737 737 736 736 736 736 735 735 735 733 732 732 732 731 730 729 729 727 726 725 724 723 722 721 718 718 717 715 714
628 635 638 641 646 651 654 567 572 574 576 580 583 584 586 588 591 592 595 596 599 598 600 727 728 731 732 732 732 733 734 736 736 737 736 737 738 737 738 740 740 740 739 737 737 737 737 737 738 739 739 739 740 740 737 737 737 737 738 737 738 738 738 738 737 738 738 737 737 737 737 736 735 735 735 734 733 732 732 730 730 730 728 727 726 725 723 723 722 720 718 717 715 714
630 637 641 643 647 652 655 569 573 575 577 580 584 585 587 590 592 593 595 598 600 599 601 727 730 731 733 732 732 734 736 736 736 738 737 737 739 738 739 740 741 741 740 741 738 738 737 738 739 739 740 740 740 739 739 738 739 739 740 739 739 738 739 739 738 738 738 737 737 737 737 736 736 736 736 734 734 733 733 731 731 730 729 728 727 726 724 723 723 721 720 718 716 715
631 637 642 644 649 653 656 660 573 576 578 581 585 586 588 590 592 594 596 599 601 601 601 728 730 731 733 733 734 734 737 737 737 738 738 738 739 740 740 740 742 742 741 741 739 739 738 738 739 741 742 741 742 739 739 739 739 740 740 740 740 740 740 741 740 740 739 738 738 738 738 737 737 737 736 735 735 735 733 732 731 731 729 729 728 726 725 724 723 721 721 719 717 716
634 638 643 647 650 653 657 661 664 577 580 582 585 588 590 591 593 595 597 599 601 602 602 730 731 732 733 734 735 736 737 738 737 738 739 739 740 741 741 741 741 742 741 741 739 739 738 740 741 742 742 742 743 739 740 739 740 740 741 740 740 741 741 741 740 741 741 740 739 739 739 738 737 737 737 736 735 735 735 732 732 731 730 729 729 728 725 725 724 722 721 720 717 716
635 640 644 648 651 654 659 662 665 667 581 583 586 590 591 591 593 596 598 600 602 602 605 605 732 733 734 735 737 737 737 739 738 739 740 741 741 741 742 742 742 743 742 742 742 741 740 741 742 742 743 743 743 740 741 740 741 741 741 741 741 741 742 741 741 741 741 740 740 740 739 738 738 738 738 736 736 736 735 734 733 732 731 730 729 729 727 725 725 723 722 721 719 717
636 641 646 650 652 655 659 663 666 669 582 584 586 590 592 592 594 598 599 601 602 603 605 606 733 734 735 737 737 738 738 739 739 739 742 741 742 741 742 742 743 744 743 744 744 742 741 741 742 743 744 743 744 741 741 741 741 742 742 741 742 742 742 742 742 742 742 741 741 741 741 740 739 739 738 737 737 736 736 735 734 733 731 731 730 729 728 727 725 723 723 722 720 718
638 642 647 650 654 657 661 664 667 670 672 585 588 590 593 593 596 597 600 601 603 605 606 606 733 734 736 736 738 739 738 740 740 741 742 743 742 742 743 743 743 744 744 744 744 742 741 742 743 744 744 744 745 741 742 741 742 742 743 742 742 743 743 742 742 742 743 742 742 742 742 740 740 740 739 738 737 737 737 735 735 734 732 731 731 730 728 728 727 724 723 722 720 719
638 644 648 651 655 659 662 664 669 671 673 676 589 591 593 594 597 598 601 602 605 606 607 608 733 736 737 737 739 740 740 740 741 742 742 744 743 742 743 744 745 745 745 745 745 745 742 743 744 744 745 745 742 742 743 742 743 743 743 743 743 743 744 743 743 743 743 742 742 742 742 741 741 741 741 738 738 738 737 736 736 735 734 732 731 731 729 728 728 726 724 723 721 720
639 646 650 652 656 661 663 665 670 672 674 677 590 592 594 597 598 599 602 603 605 606 608 609 734 737 738 738 738 740 741 741 742 743 743 743 744 743 743 745 746 746 745 746 746 746 743 743 744 745 746 745 742 743 743 743 743 744 744 743 744 744 744 743 744 744 744 743 743 743 743 742 742 741 741 740 739 738 738 737 736 736 734 734 732 731 730 729 728 726 725 724 722 721
641 646 651 653 658 662 664 667 670 672 675 678 681 593 595 598 598 600 601 605 606 606 609 610 611 737 738 738 739 741 743 742 742 743 744 744 745 745 745 745 746 746 745 746 746 746 743 744 745 746 746 747 744 744 745 744 745 745 746 745 745 746 746 745 744 744 744 743 743 743 743 742 742 742 742 741 740 740 738 737 737 736 735 734 734 732 730 730 729 727 726 724 722 721
643 647 651 655 659 662 665 668 671 673 677 679 681 684 597 598 599 601 603 606 607 607 608 611 612 737 738 739 740 742 743 744 742 744 744 745 746 745 746 746 747 747 746 746 747 747 747 745 746 747 748 748 744 745 745 745 745 746 746 746 746 746 746 746 746 746 746 744 744 744 744 743 743 743 742 741 741 741 739 738 737 737 735 735 734 733 731 730 729 728 727 726 723 722
644 648 651 656 660 663 668 669 672 673 678 680 682 685 598 598 601 602 604 605 608 608 609 612 613 738 738 740 742 742 744 745 743 744 745 746 747 747 746 746 747 747 747 747 748 748 748 746 747 748 749 748 745 745 746 746 746 746 747 746 747 747 747 746 746 747 747 746 746 745 745 744 743 743 743 742 742 741 740 739 738 738 736 735 735 733 733 731 730 728 727 727 724 723
645 649 653 658 661 664 668 670 673 675 679 681 683 686 688 599 601 603 605 606 608 609 611 612 614 740 739 742 742 743 744 744 744 744 747 747 747 747 747 747 747 747 747 747 748 749 749 747 748 748 749 745 745 746 747 746 747 747 747 747 747 747 748 747 747 747 747 746 746 746 746 744 744 744 744 742 742 742 740 740 740 738 737 736 735 734 733 732 731 729 728 727 725 723
647 651 654 658 662 666 669 672 674 676 678 682 684 686 689 600 602 605 606 607 608 610 612 613 615 741 739 741 743 744 744 745 745 746 746 748 747 747 748 748 748 747 749 749 749 750 750 751 748 749 749 745 746 747 747 747 747 748 748 747 748 748 748 747 748 748 748 747 747 747 747 746 746 744 744 743 743 742 741 741 740 740 737 737 736 734 734 733 731 730 729 728 726 725
647 652 655 659 663 667 670 672 676 677 679 682 685 687 689 691 603 605 606 608 609 611 612 613 614 616 741 742 744 744 745 745 747 747 747 748 748 748 748 748 749 749 750 750 750 750 750 751 749 750 749 746 747 747 748 747 748 748 749 748 748 749 749 748 748 748 748 747 747 747 747 746 746 746 745 744 743 743 742 741 741 740 739 737 737 735 734 734 733 730 729 728 727 726
648 654 656 660 664 668 671 673 676 678 680 682 686 688 690 692 694 606 606 608 610 611 613 614 615 618 743 743 743 745 746 746 748 747 748 748 748 749 749 749 750 749 749 750 750 751 751 752 750 750 750 747 747 748 748 748 748 749 749 749 749 749 749 749 749 749 749 748 748 748 748 747 747 747 745 744 744 744 742 742 741 741 739 739 737 736 735 734 734 732 730 729 727 726
649 654 657 661 665 669 671 675 677 679 681 684 687 689 690 692 695 606 608 609 610 612 614 615 616 618 744 743 744 746 746 747 747 749 748 749 749 749 750 750 751 750 750 751 751 752 752 752 753 751 751 747 748 748 749 749 750 750 751 749 749 750 750 749 749 750 750 749 749 749 749 748 747 747 746 746 745 744 743 742 742 742 740 739 738 736 736 735 733 732 731 730 728 727
651 655 657 662 666 669 672 676 677 680 682 685 687 690 691 693 696 697 609 610 611 612 613 616 617 618 744 744 745 745 748 748 748 750 749 749 749 751 751 751 751 750 751 751 751 752 752 753 754 752 751 749 750 750 750 750 751 751 751 751 751 751 752 751 750 750 750 749 749 749 749 748 748 748 747 746 746 746 743 743 743 741 741 740 740 737 736 736 734 733 732 730 728 727
652 655 659 664 667 670 672 677 678 680 684 686 688 691 692 694 696 698 700 611 612 613 614 616 618 619 619 746 745 747 749 748 749 749 751 750 750 752 752 752 751 751 751 751 752 752 753 754 755 753 749 749 750 751 750 751 751 752 752 751 752 752 752 751 752 752 752 750 750 750 749 749 749 748 747 747 747 746 745 744 743 742 741 741 740 738 737 736 734 734 733 732 729 728
654 656 660 664 668 671 674 678 679 681 685 687 689 690 693 695 696 699 701 612 612 614 615 617 619 619 620 746 747 748 748 749 749 750 751 752 751 751 752 753 752 752 752 752 753 753 754 755 756 757 749 750 751 751 751 751 752 752 752 752 752 753 753 752 752 752 751 751 751 750 749 749 749 749 748 748 747 747 746 745 744 742 742 741 741 739 738 737 735 734 733 732 730 729
654 657 662 665 669 672 675 678 680 683 684 687 689 692 694 695 697 699 702 703 612 615 617 618 619 619 620 747 748 748 749 750 750 750 752 752 752 752 753 753 752 752 752 752 754 754 755 756 757 757 750 751 751 752 751 752 752 753 752 752 753 753 753 753 753 753 752 752 752 752 751 750 750 750 748 748 748 747 746 746 745 743 742 742 741 740 739 738 736 735 734 732 731 729
655 658 663 666 669 673 676 678 681 684 686 687 690 693 694 696 698 700 703 704 614 615 617 618 619 620 621 748 748 749 749 749 751 752 753 753 752 752 753 754 753 752 753 754 755 755 756 756 757 758 751 751 752 752 752 752 753 753 753 753 753 754 753 753 753 753 752 753 753 753 751 751 750 750 749 749 748 748 747 746 746 744 743 742 742 740 740 739 736 735 735 733 732 731
656 658 664 667 670 674 677 678 682 685 687 688 692 693 694 696 700 701 702 704 705 616 618 619 620 620 623 748 749 750 749 750 751 753 753 753 753 753 753 754 753 753 754 754 755 755 756 757 758 754 754 752 752 753 753 753 753 754 753 754 754 754 753 754 754 754 753 753 753 753 752 752 752 752 749 749 749 748 747 747 746 745 744 743 741 741 740 739 738 736 735 733 732 731
656 660 664 668 672 674 678 679 683 686 688 689 692 693 695 697 700 702 703 704 706 707 618 620 621 621 623 624 750 750 750 750 752 753 754 753 753 754 754 754 755 755 754 755 756 756 757 758 758 754 755 752 753 754 753 754 754 754 754 754 754 755 754 754 754 754 754 754 754 754 753 752 752 752 751 750 749 748 748 747 747 746 745 744 742 741 741 740 738 738 736 734 733 732
657 661 664 669 672 675 678 680 683 686 689 692 692 694 696 698 700 702 704 704 707 708 618 620 621 622 623 625 750 751 751 752 753 753 754 754 754 754 754 756 756 756 755 756 757 756 757 758 759 755 755 753 754 754 754 754 755 755 754 755 755 755 755 755 755 755 754 754 754 754 753 753 753 752 752 751 750 749 748 748 748 746 746 745 743 742 741 741 739 738 736 734 734 733
657 662 665 668 673 676 679 682 684 686 688 692 693 694 697 699 701 703 704 706 707 709 709 620 622 623 624 625 751 752 751 753 753 754 755 754 755 754 756 756 756 756 755 756 756 757 758 759 759 755 756 754 754 755 755 756 756 757 756 756 757 757 755 755 755 756 755 755 755 755 754 754 753 752 752 752 752 749 749 749 748 747 746 746 744 743 742 740 739 739 738 735 734 733
660 663 666 670 674 677 678 682 685 687 690 693 694 695 698 700 701 703 705 706 708 710 710 711 622 623 624 625 752 753 752 753 754 754 755 755 755 755 757 757 756 757 757 757 757 758 758 759 760 756 757 758 756 755 756 756 757 757 757 757 757 757 757 757 757 756 755 755 755 754 754 754 754 753 753 752 752 751 750 749 748 747 747 746 745 744 742 741 740 739 738 736 735 734
