testData/tiles/oneDegreeCosts/grid44.0-23.0-45.0-24.0.asc
ncols   200
nrows   200
xllcorner   44.0
yllcorner   23.0
cellsize   0.005
NODATA_value   -9999.0
[rows 84 to 125 of 200, columns 0 to 93 of 200]
572 572 573 573 573 574 574 574 574 575 575 575 576 576 576 464 464 464 464 464 464 464 464 464 464 464 464 464 464 464 464 488 372 372 372 373 373 373 373 374 374 374 374 374 375 375 375 375 375 376 376 376 376 376 376 377 377 377 377 377 377 378 378 379 379 379 380 381 381 382 382 382 383 383 383 385 385 385 386 425 425 425 426 426 427 428 428 428 428 429 429 429 429 429
571 571 571 572 572 572 573 573 573 573 574 574 464 464 464 464 464 464 464 464 464 464 464 464 464 464 464 464 464 464 464 487 487 371 371 371 372 372 372 372 373 373 373 373 373 374 374 374 374 374 375 375 375 375 375 375 376 376 376 376 376 376 377 378 378 378 379 379 379 381 381 381 382 382 382 383 384 384 385 424 424 424 425 425 425 426 427 427 427 428 428 428 428 428
569 570 570 570 571 571 571 572 464 464 464 464 464 464 464 464 464 464 464 464 464 464 464 464 464 464 464 464 464 464 464 485 485 370 370 370 370 371 371 371 371 372 372 372 372 372 373 373 373 373 373 374 374 374 374 374 374 375 375 375 375 375 375 377 377 377 378 378 378 379 380 380 381 381 381 382 382 382 384 423 423 423 424 424 424 424 425 425 426 426 427 427 427 427
568 568 568 569 464 464 464 464 464 464 464 464 464 464 464 464 464 464 464 464 464 464 464 464 464 464 464 464 464 464 464 484 484 368 369 369 369 369 370 370 370 370 370 371 371 371 371 372 372 372 372 372 372 373 373 373 373 373 374 374 374 374 374 375 375 376 377 377 377 378 378 378 380 380 380 381 381 381 382 421 422 422 423 423 423 423 424 424 424 424 426 426 426 426
464 464 464 464 464 464 464 464 464 464 464 464 464 464 464 464 464 464 464 464 464 464 464 464 464 464 464 464 464 464 464 483 483 368 368 368 368 368 368 369 369 369 369 369 370 370 370 370 370 371 371 371 371 371 372 372 372 372 372 372 373 373 373 374 374 374 376 376 376 377 377 377 378 378 379 380 380 380 381 420 420 420 422 422 422 422 423 423 423 423 424 424 424 425
464 464 464 464 464 464 464 464 464 464 464 464 464 464 464 464 464 464 464 464 464 464 464 464 464 464 464 464 464 464 464 481 482 482 368 368 368 368 368 368 368 368 368 368 368 369 369 369 369 369 370 370 370 370 370 370 371 371 371 371 371 371 372 372 373 373 374 374 375 376 376 376 377 377 377 378 379 379 380 419 419 419 420 420 421 421 422 422 422 422 423 423 423 423
464 464 464 464 464 464 464 464 464 464 464 464 464 464 464 464 464 464 464 464 464 464 464 464 464 464 464 464 464 464 464 480 480 480 368 368 368 368 368 368 368 368 368 368 368 368 368 368 368 368 368 368 369 369 369 369 369 370 370 370 370 370 370 371 372 372 373 373 373 374 375 375 376 376 376 377 377 377 378 418 418 418 419 419 419 419 420 421 421 421 422 422 422 422
464 464 464 464 464 464 464 464 464 464 464 464 464 464 464 464 464 464 464 464 464 464 464 464 464 464 464 464 464 464 464 479 479 479 368 368 368 368 368 368 368 368 368 368 368 368 368 368 368 368 368 368 368 368 368 368 368 368 368 369 369 369 369 369 370 371 372 372 372 373 373 373 375 375 375 376 376 376 376 416 417 417 418 418 418 418 419 419 419 419 421 421 421 421
464 464 464 464 464 464 464 464 464 464 464 464 464 464 464 464 464 464 464 464 464 464 464 464 464 464 464 464 464 464 464 477 477 478 368 368 368 368 368 368 368 368 368 368 368 368 368 368 368 368 368 368 368 368 368 368 368 368 368 368 368 368 368 368 369 369 370 370 371 372 372 372 373 373 373 375 375 375 375 415 415 415 416 417 417 417 418 418 418 418 419 419 419 419
464 464 464 464 464 464 464 464 464 464 464 464 464 464 464 464 464 464 464 464 464 464 464 464 464 464 464 464 464 464 464 476 476 476 368 368 368 368 368 368 368 368 368 368 368 368 368 368 368 368 368 368 368 368 368 368 368 368 368 368 368 368 368 368 368 368 369 369 369 370 371 371 372 372 372 373 373 374 374 414 414 414 415 415 415 415 417 417 417 417 418 418 418 418
464 464 464 464 464 464 464 464 464 464 464 464 464 464 464 464 464 464 464 464 464 464 464 464 464 464 464 464 464 464 464 474 475 475 475 368 368 368 368 368 368 368 368 368 368 368 368 368 368 368 368 368 368 368 368 368 368 368 368 368 368 368 368 368 368 368 368 368 368 369 369 369 370 371 371 372 372 372 372 412 413 413 414 414 414 414 415 415 415 415 417 417 417 417
535 535 535 464 464 464 464 464 464 464 464 464 464 464 464 464 464 464 464 464 464 464 464 464 464 464 464 464 464 464 464 473 473 473 474 368 368 368 368 368 368 368 368 368 368 368 368 368 368 368 368 368 368 368 368 368 368 368 368 368 368 368 368 368 368 368 368 368 368 368 368 368 369 369 369 370 371 371 371 411 411 411 412 412 413 413 414 414 414 414 415 415 415 415
533 533 534 534 535 535 535 536 464 464 464 464 464 464 464 464 464 464 464 464 464 464 464 464 464 464 464 464 464 464 464 471 472 472 472 368 368 368 368 368 368 368 368 368 368 368 368 368 368 368 368 368 368 368 368 368 368 368 368 368 368 368 368 368 368 368 368 368 368 368 368 368 368 368 368 368 369 369 369 371 410 410 410 411 411 411 412 412 413 413 414 414 414 414
531 532 532 532 533 533 534 534 534 535 535 535 536 464 464 464 464 464 464 464 464 464 464 464 464 464 464 464 464 464 464 470 470 470 471 368 368 368 368 368 368 368 368 368 368 368 368 368 368 368 368 368 368 368 368 368 368 368 368 368 368 368 368 368 368 368 368 368 368 368 368 368 368 368 368 368 368 368 368 369 408 408 409 410 410 410 411 411 411 411 412 412 413 413
530 530 530 531 531 531 532 532 533 533 533 534 534 534 535 535 535 536 464 464 464 464 464 464 464 464 464 464 464 464 464 464 468 469 469 368 368 368 368 368 368 368 368 368 368 368 368 368 368 368 368 368 368 368 368 368 368 368 368 368 368 368 368 368 368 368 368 368 368 368 368 368 368 368 368 368 368 368 368 368 407 407 407 408 408 408 410 410 410 410 410 411 411 411
528 528 529 529 529 530 530 531 531 531 532 532 532 533 533 533 534 534 534 535 535 535 464 464 464 464 464 464 464 464 464 464 467 467 467 468 368 368 368 368 368 368 368 368 368 368 368 368 368 368 368 368 368 368 368 368 368 368 368 368 368 368 368 368 368 368 368 368 368 368 368 368 368 368 368 368 368 368 368 368 405 405 406 407 407 407 407 408 408 408 408 410 410 410
526 526 527 527 528 528 528 529 529 529 530 530 531 531 531 532 532 532 533 533 533 534 534 534 535 535 464 464 464 464 464 464 465 465 466 466 368 368 368 368 368 368 368 368 368 368 368 368 368 368 368 368 368 368 368 368 368 368 368 368 368 368 368 368 368 368 368 368 368 368 368 368 368 368 368 368 368 368 368 368 404 404 404 405 405 405 406 407 407 407 407 408 408 408
508 508 525 525 526 526 526 527 527 528 528 528 529 529 530 530 530 531 531 531 532 532 532 533 533 533 534 534 534 535 464 464 464 464 464 464 368 368 368 368 368 368 368 368 368 368 368 368 368 368 368 368 368 368 368 368 368 368 368 368 368 368 368 368 368 368 368 368 368 368 368 368 368 368 368 368 368 368 368 368 402 402 402 404 404 404 404 405 405 405 405 406 407 407
506 506 507 523 524 524 525 525 525 526 526 527 527 527 528 528 528 529 529 530 530 530 531 531 531 532 532 532 532 533 533 533 561 463 463 463 368 368 368 368 368 368 368 368 368 368 368 368 368 368 368 368 368 368 368 368 368 368 368 368 368 368 368 368 368 368 368 368 368 368 368 368 368 368 368 368 368 368 368 368 401 401 401 402 402 402 402 403 404 404 404 405 405 405
504 504 505 505 522 522 523 523 523 524 524 525 525 525 526 526 527 527 527 528 528 528 529 529 529 530 530 530 531 531 531 532 559 559 559 560 444 368 368 368 368 368 368 368 368 368 368 368 368 368 368 368 368 368 368 368 368 368 368 368 368 368 368 368 368 368 368 368 368 368 368 368 368 368 368 368 368 368 368 368 399 399 399 400 401 401 401 402 402 402 402 403 403 403
502 502 503 503 504 504 521 521 521 522 522 523 523 524 524 524 525 525 525 526 526 526 527 527 528 528 528 529 529 529 529 530 557 557 558 558 443 443 443 443 368 368 368 368 368 368 368 368 368 368 368 368 368 368 368 368 368 368 368 368 368 368 368 368 368 368 368 368 368 368 368 368 368 368 368 368 368 368 368 368 368 398 398 399 399 399 399 400 400 400 401 402 402 402
500 500 501 501 502 502 503 519 519 520 520 521 521 522 522 522 523 523 523 524 524 525 525 525 526 526 526 527 527 527 528 528 555 556 556 556 556 441 441 441 442 442 442 368 368 368 368 368 368 368 368 368 368 368 368 368 368 368 368 368 368 368 368 368 368 368 368 368 368 368 368 368 368 368 368 368 368 368 368 368 368 396 396 397 397 397 397 399 399 399 399 400 400 400
498 498 499 499 500 500 500 501 517 518 518 519 519 519 520 520 521 521 521 522 522 523 523 523 524 524 524 525 525 525 526 526 553 554 554 554 555 439 439 439 440 440 440 441 441 441 441 368 368 368 368 368 368 368 368 368 368 368 368 368 368 368 368 368 368 368 368 368 368 368 368 368 368 368 368 368 368 368 368 368 368 394 394 395 395 396 396 397 397 397 397 398 398 398
495 496 496 497 497 498 498 499 499 500 516 517 517 517 518 518 519 519 519 520 520 521 521 521 522 522 522 523 523 523 524 524 551 552 552 552 553 437 437 437 438 438 438 439 439 439 439 440 440 440 368 368 368 368 368 368 368 368 368 368 368 368 368 368 368 368 368 368 368 368 368 368 368 368 368 368 368 368 368 368 368 392 392 394 394 394 394 395 395 395 395 397 397 397
493 494 494 495 495 496 496 496 497 497 498 514 515 515 516 516 516 517 517 518 518 518 519 519 520 520 520 521 521 521 522 522 549 550 550 550 551 435 435 436 436 436 436 437 437 437 437 438 438 438 439 439 439 368 368 368 368 368 368 368 368 368 368 368 368 368 368 368 368 368 368 368 368 368 368 368 368 368 368 368 368 391 391 391 392 392 392 393 393 394 394 395 395 395
491 491 492 492 493 493 494 494 495 495 496 496 512 513 513 514 514 515 515 515 516 516 517 517 517 518 518 519 519 519 520 520 547 548 548 548 549 433 433 433 434 434 434 435 435 435 435 436 436 436 437 437 437 437 438 438 368 368 368 368 368 368 368 368 368 368 368 368 368 368 368 368 368 368 368 368 368 368 368 368 368 389 389 389 390 390 390 390 392 392 392 392 393 393
488 489 489 490 490 491 491 492 492 493 493 494 494 495 511 511 512 512 513 513 514 514 514 515 515 516 516 516 517 517 517 518 545 545 546 546 546 431 431 431 432 432 432 433 433 433 433 434 434 434 435 435 435 435 436 436 436 436 436 368 368 368 368 368 368 368 368 368 368 368 368 368 368 368 368 368 368 368 368 368 368 387 387 387 388 388 388 389 390 390 390 390 391 391
486 486 487 487 488 488 489 489 490 490 491 491 492 492 493 509 510 510 510 511 511 512 512 513 513 513 514 514 514 515 515 516 543 543 544 544 544 545 429 429 430 430 430 430 431 431 431 432 432 432 432 433 433 433 433 434 434 434 434 435 435 368 368 368 368 368 368 368 368 368 368 368 368 368 368 368 368 368 368 368 368 368 385 385 386 386 387 387 388 388 388 388 389 389
483 483 484 485 485 486 486 487 487 488 488 489 489 490 490 491 507 508 508 508 509 509 510 510 511 511 511 512 512 513 513 513 541 541 541 542 542 542 427 427 427 428 428 428 429 429 429 429 430 430 430 431 431 431 431 432 432 432 432 433 433 433 433 434 368 368 368 368 368 368 368 368 368 368 368 368 368 368 368 368 368 368 383 383 384 384 385 385 386 386 386 386 387 387
480 481 481 482 482 483 483 484 485 485 486 486 487 487 488 488 489 489 505 506 506 507 507 508 508 509 509 509 510 510 511 511 511 539 539 539 540 540 424 425 425 425 426 426 426 427 427 427 428 428 428 428 429 429 429 429 430 430 430 430 431 431 431 431 432 433 433 368 368 368 368 368 368 368 368 368 368 368 368 368 368 368 381 381 382 382 382 383 384 384 384 384 385 385
477 478 478 479 479 480 481 481 482 482 483 483 484 484 485 485 486 486 487 503 504 504 505 505 506 506 506 507 507 508 508 508 509 536 537 537 537 538 422 422 423 423 423 424 424 424 425 425 425 426 426 426 426 427 427 427 427 428 428 428 428 429 429 429 429 431 431 431 432 368 368 368 368 368 368 368 368 368 368 368 368 368 379 379 380 380 380 381 382 382 382 382 383 383
474 474 475 476 476 477 478 478 479 479 480 480 481 482 482 483 483 484 484 485 485 502 502 502 503 503 504 504 505 505 506 506 506 534 534 534 535 535 420 420 420 421 421 421 422 422 422 423 423 423 423 424 424 424 425 425 425 425 426 426 426 426 427 427 427 428 429 429 430 430 430 432 368 368 368 368 368 368 368 368 368 368 377 377 378 378 378 378 380 380 380 380 381 381
470 471 472 472 473 474 474 475 476 476 477 477 478 479 479 480 480 481 481 482 482 483 499 500 500 501 501 502 502 502 503 503 504 531 531 532 532 533 417 417 418 418 418 419 419 419 420 420 420 421 421 421 422 422 422 423 423 423 423 424 424 424 424 425 425 425 426 427 428 428 428 429 430 430 368 368 368 368 368 368 368 368 368 375 376 376 376 376 377 377 378 378 379 379
467 468 468 469 470 470 471 472 472 473 474 474 475 475 476 477 477 478 478 479 479 480 480 481 497 498 498 499 499 500 500 501 501 528 529 529 530 530 414 415 415 415 416 416 417 417 417 418 418 418 419 419 419 419 420 420 420 421 421 421 421 422 422 422 422 423 424 424 425 426 426 427 427 427 429 429 429 368 368 368 368 368 368 372 372 374 374 374 375 375 375 375 377 377
463 464 464 465 466 467 467 468 469 470 470 471 471 472 473 473 474 475 475 476 476 477 477 478 478 495 495 496 496 497 497 498 498 526 526 526 527 527 412 412 412 413 413 413 414 414 415 415 415 416 416 416 417 417 417 417 418 418 418 419 419 419 419 420 420 420 421 422 423 423 423 425 425 425 426 426 427 427 428 368 368 368 368 370 370 371 371 371 373 373 373 373 373 374
459 460 460 461 462 463 464 464 465 466 467 467 468 469 469 470 471 471 472 472 473 473 474 475 475 476 476 493 493 494 494 495 495 523 523 523 524 524 525 409 410 410 410 411 411 411 412 412 412 413 413 414 414 414 414 415 415 415 416 416 416 417 417 417 417 418 419 419 419 421 421 422 422 422 424 424 424 424 425 426 426 427 368 368 368 369 369 369 369 370 370 371 371 372
454 455 456 457 458 459 459 460 461 462 463 463 464 465 465 466 467 468 468 469 469 470 471 471 472 472 473 473 490 490 491 491 492 519 520 520 521 521 522 406 406 407 407 408 408 408 409 409 410 410 410 411 411 411 412 412 412 413 413 413 414 414 414 414 415 415 416 416 417 418 418 418 420 420 420 421 421 422 423 423 423 424 425 425 366 366 366 366 367 368 368 368 368 369
449 450 451 452 453 454 455 456 457 457 458 459 460 461 461 462 463 464 464 465 466 466 467 468 468 469 469 470 470 471 487 488 489 516 517 517 518 518 518 403 403 404 404 405 405 405 406 406 407 407 407 408 408 408 409 409 409 410 410 410 411 411 411 412 412 412 413 414 414 415 415 416 417 417 417 419 419 419 420 420 421 422 422 422 461 463 364 364 364 365 365 365 366 367
449 449 449 449 449 449 450 451 452 453 454 454 455 456 457 458 459 459 460 461 462 462 463 464 464 465 466 466 467 467 468 484 485 513 513 514 514 515 515 400 400 400 401 401 402 402 403 403 403 404 404 405 405 405 406 406 406 407 407 407 408 408 408 409 409 409 410 411 411 412 413 413 414 414 414 416 416 416 417 418 418 419 419 419 459 460 460 460 363 363 363 363 363 364
449 449 449 449 449 449 449 449 449 449 449 449 450 451 452 453 454 455 456 456 457 458 459 459 460 461 461 462 463 463 464 465 465 509 509 510 510 511 511 396 396 397 397 398 398 399 399 400 400 400 401 401 402 402 402 403 403 403 404 404 405 405 405 405 406 406 407 408 408 409 409 410 411 411 412 413 413 413 414 415 415 415 416 416 456 457 457 457 457 459 459 361 361 361
449 449 449 449 449 449 449 449 449 449 449 449 449 449 449 449 449 449 450 451 452 453 454 455 455 456 457 458 458 459 460 460 461 489 489 506 506 507 508 392 393 393 394 394 395 395 396 396 396 397 397 398 398 399 399 399 400 400 400 401 401 402 402 402 403 403 404 404 405 406 406 407 408 408 408 410 410 410 411 412 412 412 413 413 453 454 454 454 454 456 456 456 456 359
412 412 412 412 449 449 449 449 449 449 449 449 449 449 449 449 449 449 449 449 449 449 449 449 450 451 452 453 453 454 455 456 456 484 485 485 502 503 503 388 388 389 390 390 391 391 392 392 393 393 394 394 394 395 395 396 396 397 397 397 398 398 398 399 399 399 401 401 401 403 403 403 405 405 405 406 407 407 408 408 409 409 410 410 410 451 451 451 451 452 453 453 453 454
