testData/tiles/oneDegreeCosts/grid19.0-11.0-20.0-12.0.asc
ncols   200
nrows   200
xllcorner   19.0
yllcorner   11.0
cellsize   0.005
NODATA_value   -9999.0
[rows 126 to 167 of 200, columns 94 to 187 of 200]
638 639 638 639 639 638 638 637 636 635 636 726 726 725 725 724 724 723 722 721 721 721 721 720 720 719 719 720 721 722 724 724 725 725 725 725 726 726 726 725 725 724 724 722 721 720 720 719 718 716 714 713 712 711 709 707 706 705 702 701 698 697 696 696 695 695 694 694 693 693 692 692 691 690 689 688 596 596 596 596 595 595 595 594 594 593 593 593 592 592 592 591 591 590
637 637 637 637 636 636 635 635 635 635 634 725 724 723 722 722 721 721 720 721 720 721 719 719 718 718 718 720 721 722 722 724 724 725 724 724 724 724 724 724 724 723 722 722 721 720 718 717 716 715 715 713 711 710 709 708 706 704 702 700 697 696 695 695 694 694 693 692 692 691 691 690 690 688 687 687 596 595 595 595 594 594 594 593 593 593 592 592 592 591 591 591 590 590
635 636 636 635 635 634 634 633 633 632 632 722 722 721 721 721 721 719 719 718 719 718 718 717 717 716 717 719 720 721 722 722 722 722 723 723 724 724 722 722 722 721 722 720 720 718 718 716 714 714 713 712 711 708 707 707 706 703 701 699 697 694 694 693 693 692 692 691 691 690 689 689 687 687 687 686 595 595 594 594 594 593 593 593 592 592 592 591 591 591 590 590 589 589
634 633 633 633 633 633 632 632 631 631 721 720 720 720 719 719 718 718 717 717 717 716 716 715 715 715 717 718 718 719 720 721 722 722 722 722 723 722 722 722 721 720 719 719 718 717 716 715 715 713 712 711 710 709 708 706 704 703 701 699 696 694 692 692 691 691 690 690 689 689 688 688 687 686 686 686 685 594 594 593 593 593 592 592 592 591 591 591 590 590 589 589 589 588
632 632 633 632 631 630 630 629 629 629 720 719 719 718 718 716 716 716 715 716 715 715 714 714 713 714 715 717 718 720 719 719 720 721 721 722 720 721 721 721 720 721 719 718 717 716 715 714 714 713 712 710 709 709 708 706 704 702 700 698 695 692 691 691 690 689 689 688 688 688 688 686 686 686 685 685 685 593 593 593 592 592 592 591 591 591 590 590 589 589 589 588 588 587
631 630 630 630 629 629 628 629 627 627 717 717 716 716 715 715 715 715 714 714 714 713 713 712 712 713 714 715 717 717 719 719 720 719 720 720 720 720 719 719 719 718 718 717 716 715 714 714 712 712 711 710 710 707 706 705 704 701 699 697 695 692 690 689 689 688 688 688 687 687 686 686 685 685 685 684 684 593 592 592 592 591 591 591 590 590 589 589 589 588 588 588 587 587
629 628 628 627 627 627 627 626 626 625 716 715 714 714 714 714 713 713 712 713 712 711 710 710 709 712 713 714 714 716 716 718 718 719 719 719 718 719 719 719 717 717 716 716 715 714 713 713 712 711 709 710 709 708 706 704 702 701 698 696 694 692 688 688 688 688 687 687 687 685 685 685 685 684 684 684 683 592 592 591 591 591 590 590 589 589 589 588 588 588 587 587 586 586
627 627 626 627 626 626 624 624 623 623 714 714 713 713 713 712 711 710 711 710 710 709 709 708 708 709 711 712 714 714 716 716 716 716 717 717 718 717 717 717 717 716 715 713 713 713 713 712 711 711 709 708 707 706 705 704 701 699 698 696 693 691 689 687 687 687 687 686 685 685 684 684 684 683 683 683 683 591 591 590 590 590 589 589 589 588 588 588 587 587 586 586 586 585
624 625 625 624 624 623 623 622 623 623 712 711 711 711 710 710 709 709 709 708 708 708 707 707 708 710 710 712 712 714 714 716 716 715 715 716 716 716 716 715 715 715 714 714 713 712 712 711 710 710 710 709 707 705 704 703 701 699 697 696 694 691 689 687 686 686 685 685 684 684 684 683 683 683 682 682 682 590 590 590 589 589 589 588 588 588 587 587 586 586 586 585 585 584
624 624 622 622 621 621 621 621 620 711 710 710 710 708 708 708 708 707 708 707 707 706 705 704 706 707 709 710 712 712 713 713 714 715 715 714 715 715 714 714 713 712 712 712 712 711 711 710 710 710 708 707 706 706 703 702 701 700 697 695 693 691 688 686 686 684 684 684 684 683 683 683 682 682 682 681 681 681 589 589 589 588 588 587 587 587 586 586 586 585 585 584 584 583
622 622 622 621 621 620 619 618 618 708 708 707 708 708 707 707 705 706 705 705 704 704 703 704 704 706 707 709 710 711 712 712 712 713 713 714 714 713 713 713 713 712 711 711 711 711 711 710 710 709 709 707 706 705 704 702 701 699 698 695 693 691 689 686 684 684 683 683 683 683 682 682 682 681 681 681 680 680 589 588 588 587 587 587 586 586 586 585 585 584 584 583 583 583
621 621 620 620 619 619 618 618 617 708 706 706 706 705 705 704 704 704 704 702 702 701 701 701 704 705 706 706 708 709 710 710 712 711 712 712 712 713 712 712 711 711 712 711 711 710 710 710 709 709 708 707 706 705 704 702 700 699 697 695 693 691 689 685 683 683 683 682 682 682 681 681 681 680 680 680 679 679 588 587 587 587 586 586 585 585 585 584 584 583 583 583 582 582
620 620 619 618 618 617 617 616 616 706 706 706 705 704 703 703 702 703 702 702 701 701 699 701 702 704 705 707 707 708 710 710 711 711 711 711 712 711 712 711 711 711 711 711 711 710 710 710 710 708 708 707 706 704 703 702 701 698 697 695 693 689 687 685 682 682 682 682 681 681 681 680 680 680 679 679 679 678 587 587 586 586 585 585 585 584 584 583 583 583 582 582 581 581
619 618 618 618 617 617 615 615 614 705 704 704 704 703 703 702 702 701 701 700 700 699 699 701 702 703 705 707 707 709 709 710 710 711 711 712 711 711 710 711 711 711 711 711 711 710 710 710 709 709 707 707 706 705 703 702 700 699 696 695 692 690 687 685 682 681 681 681 680 680 680 680 679 679 679 678 678 677 586 586 585 585 585 584 584 583 583 583 582 582 581 581 580 580
617 617 617 616 616 615 615 614 614 704 703 703 702 702 701 701 701 701 700 699 698 698 698 700 701 704 704 705 707 707 709 709 709 709 710 710 711 710 710 710 711 711 710 710 710 710 711 709 709 708 708 706 705 704 703 701 700 698 696 693 691 690 687 684 682 681 680 680 680 679 679 679 678 678 678 677 677 677 585 585 584 584 584 583 583 583 582 582 581 581 580 580 579 579
617 616 615 615 614 614 613 613 703 703 702 702 702 700 700 699 700 699 699 698 698 696 697 699 701 703 704 706 706 707 707 709 709 710 709 710 709 710 710 710 710 710 711 711 710 710 710 710 708 708 707 707 705 704 703 702 699 697 695 694 691 689 687 684 681 680 680 679 679 679 678 678 678 677 677 676 676 676 675 584 584 583 583 582 582 582 581 581 580 580 579 579 579 578
615 615 615 614 614 612 612 611 702 701 701 701 700 700 699 699 698 698 697 697 696 696 697 698 701 702 704 704 706 706 707 707 708 708 709 709 709 709 710 710 710 710 710 710 710 710 710 709 709 707 707 706 705 703 702 700 699 697 695 693 692 689 687 684 681 679 679 678 678 678 677 677 677 676 676 676 675 675 675 583 583 582 582 582 581 581 580 580 579 579 578 578 578 577
614 613 613 613 612 612 611 611 700 700 700 699 699 698 698 698 698 696 696 695 695 694 697 699 700 701 702 704 705 706 706 707 707 708 708 709 709 709 709 710 710 710 710 710 711 710 709 709 708 708 706 706 705 704 701 700 698 697 695 693 691 688 686 684 681 678 678 678 677 677 677 676 676 675 675 675 674 674 674 582 582 581 581 581 580 580 579 579 578 578 578 577 577 576
612 612 612 611 611 610 610 609 700 699 699 698 697 697 696 697 696 696 695 694 693 694 696 698 700 701 702 703 704 705 706 706 706 706 707 708 709 709 709 709 710 710 710 710 710 710 710 708 708 707 707 705 703 702 701 699 698 697 694 693 691 689 686 684 681 678 677 677 676 676 676 675 675 675 674 674 674 673 673 581 581 581 580 580 579 579 578 578 577 577 577 576 576 575
612 611 611 610 609 609 608 608 698 698 698 697 697 695 695 695 695 694 694 693 693 693 695 697 698 700 701 703 703 704 705 706 706 706 707 708 708 709 709 709 709 709 710 710 710 709 709 709 707 707 705 705 703 702 701 699 698 696 695 692 690 688 685 683 681 677 676 676 675 675 675 674 674 674 673 673 673 672 672 580 580 580 579 579 578 578 577 577 577 576 576 575 575 574
610 610 609 609 609 608 607 606 697 696 696 696 695 695 695 694 693 693 692 692 691 693 696 696 698 699 701 702 703 703 704 704 705 706 707 707 708 708 709 709 709 709 709 710 709 709 709 708 706 705 705 704 702 701 700 699 697 696 694 692 690 688 686 683 681 678 675 675 675 674 674 674 673 673 672 672 672 671 671 579 579 579 578 578 577 577 576 576 576 575 575 574 574 573
609 608 608 608 607 607 606 606 696 695 695 694 694 693 694 693 693 691 691 690 690 693 694 696 697 699 699 701 702 703 703 704 705 706 707 708 707 708 708 709 709 709 710 710 710 708 707 707 706 705 704 704 703 701 700 699 697 695 694 692 689 688 686 682 680 678 674 674 674 673 673 673 672 672 671 671 671 670 670 579 578 578 577 577 576 576 575 575 574 574 573 573 572 572
607 607 606 606 606 605 605 695 695 694 694 693 692 692 692 692 691 691 690 689 690 691 694 695 697 698 699 700 701 702 703 703 704 705 706 707 707 707 708 708 709 709 709 709 708 708 707 706 706 705 704 703 702 700 699 698 697 695 693 692 689 687 685 682 680 677 674 673 673 672 672 672 671 671 671 670 670 669 669 669 577 577 576 576 575 575 574 574 573 573 572 572 571 571
607 606 606 605 604 604 603 694 693 693 692 692 692 691 691 690 690 689 689 688 688 691 692 695 696 698 699 699 700 701 703 704 704 705 706 707 707 707 707 708 708 709 708 708 708 707 706 706 705 705 703 703 702 701 699 698 697 694 693 691 689 687 685 683 679 677 674 672 672 671 671 671 670 670 670 669 669 668 668 668 576 576 575 575 574 574 573 573 572 572 571 571 570 570
605 605 604 604 604 602 602 692 692 691 691 691 690 691 689 689 688 688 687 687 689 691 692 693 695 696 698 699 699 701 702 703 704 704 705 706 707 707 707 707 707 708 708 707 707 707 707 705 705 704 704 702 701 700 698 697 696 695 692 691 689 686 684 682 679 677 674 671 671 670 670 670 669 669 669 668 668 667 667 666 575 575 574 574 573 573 572 572 571 571 570 570 569 569
604 603 603 602 602 602 601 691 690 690 689 689 689 689 689 688 687 686 686 685 688 690 692 693 694 696 697 698 700 700 702 703 704 705 705 706 706 706 706 706 707 707 707 707 706 706 706 705 704 704 703 702 701 700 698 697 696 694 692 690 689 686 684 682 679 676 674 670 670 670 669 669 668 668 668 667 667 666 666 665 574 574 573 573 572 572 571 571 570 570 569 568 568 567
602 602 601 601 601 600 600 690 690 688 688 688 687 688 687 687 686 685 684 684 687 689 691 692 693 694 696 698 699 700 701 702 703 704 705 704 705 705 706 706 707 707 707 707 706 706 706 704 704 703 703 701 700 699 698 696 695 694 691 690 688 685 683 681 678 676 673 669 669 669 668 668 667 667 667 666 666 665 665 664 573 572 572 571 571 570 570 569 569 568 568 567 567 566
601 600 600 599 599 599 598 689 688 688 686 686 687 686 686 685 685 684 683 684 686 688 690 692 692 694 696 697 699 700 701 702 702 703 704 704 704 705 705 707 706 706 706 706 705 705 705 705 703 703 702 701 700 699 698 696 695 693 691 689 688 685 683 681 678 675 673 669 668 667 667 667 666 666 665 665 665 664 664 663 572 571 571 570 570 569 569 568 568 567 567 566 565 565
600 600 598 598 597 597 597 687 687 686 686 685 685 685 684 684 683 683 682 683 685 687 689 690 692 693 695 697 698 699 700 700 701 702 703 704 704 704 705 706 706 706 706 706 705 705 705 704 703 702 702 701 699 698 697 695 694 693 690 689 687 684 682 680 677 675 672 669 667 666 666 666 665 665 664 664 663 663 663 662 571 570 570 569 569 568 568 567 567 566 565 565 564 564
599 598 598 596 596 596 686 686 685 685 684 684 685 683 683 682 682 681 681 683 684 686 688 690 692 694 694 695 697 698 700 700 701 702 703 703 703 704 705 706 705 705 705 705 704 704 704 704 702 702 701 700 699 698 697 695 694 692 690 688 687 684 682 680 677 674 672 668 666 665 665 665 664 664 663 663 662 662 661 661 660 569 568 568 567 567 566 566 565 565 564 563 563 562
597 597 596 596 595 594 685 684 684 683 683 682 683 682 681 681 680 680 679 682 683 685 687 688 691 692 693 695 696 698 699 700 700 701 702 703 703 703 705 705 705 705 705 705 705 704 703 703 702 701 701 700 698 697 696 694 693 692 689 688 686 683 682 679 676 674 670 668 665 664 664 663 663 663 662 662 661 661 660 660 659 568 567 567 566 566 565 565 564 563 563 562 561 561
596 595 595 594 594 594 683 683 682 682 681 682 682 681 680 679 679 678 678 681 682 684 686 688 690 692 694 694 696 697 699 700 700 701 702 702 702 703 704 705 705 704 704 704 704 703 703 703 701 701 700 699 698 697 696 694 693 691 689 687 686 683 681 678 676 674 670 667 664 663 663 662 662 661 661 660 660 660 659 659 658 567 566 565 565 564 564 563 563 562 561 561 560 559
594 594 593 593 592 592 683 681 681 680 680 680 680 680 679 678 677 676 676 679 682 683 685 688 690 691 693 694 695 697 698 699 699 700 701 702 703 703 704 704 704 704 704 704 704 703 702 702 701 700 700 698 697 696 695 693 692 691 688 687 684 682 681 678 675 673 670 667 663 662 662 661 661 660 660 659 659 658 658 657 657 565 565 564 564 563 562 562 561 561 560 559 559 558
593 592 592 591 591 590 681 680 679 679 678 679 679 677 677 675 675 674 676 678 681 684 685 687 689 691 693 693 695 696 697 699 699 700 701 701 702 703 703 703 704 703 703 703 702 702 702 701 700 700 699 697 697 696 694 693 691 689 688 686 684 682 680 677 675 672 669 666 663 661 660 660 659 659 658 658 658 657 656 656 655 564 563 563 562 562 561 560 560 559 558 558 557 556
591 591 590 590 589 589 680 679 678 676 676 676 676 676 675 674 673 673 675 678 681 683 684 687 689 690 692 693 694 696 697 698 698 699 700 701 701 702 702 703 703 702 703 703 702 701 701 701 699 699 698 697 696 695 693 692 691 689 687 686 683 681 679 677 674 671 669 665 662 660 659 659 658 658 657 657 656 656 655 655 654 563 562 561 561 560 560 559 558 558 557 556 555 555
589 589 589 588 588 588 677 677 675 675 674 675 674 674 674 673 672 672 675 678 680 683 684 686 688 690 692 692 694 695 696 698 698 699 699 700 701 701 702 702 702 702 702 702 701 701 701 699 699 698 698 696 695 695 693 692 690 688 687 684 683 681 678 676 673 671 668 665 662 658 658 657 657 656 656 655 655 654 654 653 653 561 561 560 559 559 558 557 557 556 555 555 553 552
587 586 586 586 585 676 675 675 674 673 674 673 673 673 672 672 671 671 674 677 680 682 683 686 688 689 691 692 693 695 696 697 697 698 699 700 700 701 701 702 701 701 701 701 700 700 700 699 698 698 696 696 695 693 692 691 689 688 686 684 682 679 678 676 672 670 667 664 660 657 657 656 656 655 655 654 653 653 652 652 651 651 559 558 558 557 556 556 555 554 553 552 551 551
585 585 585 584 584 674 674 674 672 672 672 672 671 671 671 671 670 671 674 677 679 682 683 685 687 689 691 691 693 694 695 696 697 697 698 700 700 700 701 701 701 701 701 700 700 700 700 698 698 697 696 695 694 692 692 690 688 687 685 683 682 679 677 674 672 670 666 664 660 657 655 655 654 654 653 653 652 651 651 650 650 649 557 557 556 555 555 554 552 552 551 551 551 551
584 583 583 583 582 673 672 672 671 670 671 670 670 670 670 669 669 671 674 676 679 680 683 685 687 688 689 691 692 694 695 695 696 697 698 699 699 700 700 700 700 700 700 699 699 699 698 698 697 696 695 695 693 692 691 689 688 687 684 683 680 678 677 674 672 668 666 662 660 656 654 653 653 652 652 651 651 650 649 649 648 647 556 555 554 554 552 551 551 551 551 551 551 551
582 582 581 581 581 671 671 670 669 669 669 669 669 669 669 668 668 670 673 676 678 680 682 684 686 688 689 690 692 693 694 694 695 696 697 698 699 699 700 699 699 700 699 699 699 698 697 697 697 695 695 694 692 691 689 688 687 685 684 681 680 678 675 673 670 668 664 662 658 655 652 652 651 651 650 650 649 648 648 647 646 646 554 553 552 551 551 551 551 551 551 551 551 551
581 580 580 580 579 670 669 668 668 668 668 668 668 668 667 667 667 670 673 675 677 679 682 684 686 686 688 690 691 692 693 694 695 696 697 697 698 699 698 698 699 699 698 698 698 697 697 696 695 695 694 692 692 690 689 688 686 684 683 681 679 676 675 672 670 666 664 660 658 654 651 650 650 649 649 648 647 647 646 645 645 644 551 551 551 551 551 551 551 551 551 551 551 551
579 579 578 578 578 668 668 666 666 667 667 667 667 667 666 666 666 669 672 675 676 679 681 683 685 686 688 689 691 691 692 693 694 694 696 697 697 697 698 698 698 697 698 698 697 696 696 695 695 694 692 692 691 689 688 686 685 684 682 680 678 676 673 671 668 666 662 660 656 653 649 649 648 648 647 646 646 645 644 643 642 642 551 551 551 551 551 551 551 551 551 551 551 551
