testData/tiles/oneDegreeCosts/grid8.0-32.0-9.0-33.0.asc
ncols   200
nrows   200
xllcorner   8.0
yllcorner   32.0
cellsize   0.005
NODATA_value   -9999.0
[rows 0 to 41 of 200, columns 0 to 93 of 200]
304 304 304 303 303 303 303 306 308 309 310 311 311 311 312 313 314 313 313 314 313 313 315 314 315 314 314 314 314 313 313 342 342 541 542 543 546 504 504 504 639 641 643 645 647 648 648 651 652 652 654 654 654 656 656 657 658 659 660 660 661 661 661 661 662 662 662 662 663 663 663 663 662 662 662 662 662 662 662 661 661 661 661 659 659 658 658 658 656 656 655 655 654 653
304 304 303 303 303 307 308 309 310 310 311 312 312 313 313 314 314 313 315 315 315 315 315 315 315 314 315 315 315 315 315 342 342 342 541 703 631 635 636 638 640 642 644 645 646 648 650 650 652 653 654 655 657 657 657 659 659 659 660 660 661 661 662 662 662 662 663 662 662 662 663 663 663 662 663 663 663 662 662 662 662 661 661 660 660 660 658 658 657 657 656 655 654 653
304 304 303 303 307 309 309 311 312 313 313 313 314 314 315 315 315 315 315 316 315 315 316 316 316 316 316 315 315 315 315 504 503 503 702 630 632 634 637 639 641 643 644 647 649 649 651 652 652 654 655 656 656 658 658 658 659 659 660 661 662 662 662 662 663 663 663 663 664 663 663 663 664 664 664 663 663 663 662 662 661 661 661 660 659 659 658 658 658 656 656 654 655 653
304 304 308 307 310 311 312 312 313 313 313 315 315 316 315 315 316 315 317 317 316 317 316 316 316 316 316 477 476 476 476 504 503 502 432 630 633 636 638 641 642 643 646 647 648 650 651 651 654 654 656 657 658 658 659 659 661 661 662 662 662 662 663 663 663 663 664 664 664 663 664 663 663 663 664 664 663 663 663 663 662 662 661 661 661 660 659 658 658 657 657 654 654 652
304 309 309 311 311 313 313 315 315 315 315 315 316 316 316 317 317 317 317 317 317 317 317 478 477 477 477 477 476 476 504 504 505 504 432 631 635 637 639 640 643 645 646 649 649 650 653 654 654 656 656 656 658 659 659 660 661 661 661 661 662 663 663 663 664 664 664 664 665 665 665 664 664 664 664 664 663 663 663 663 662 661 662 661 660 659 658 658 658 657 656 655 654 654
309 310 312 312 314 314 315 315 315 316 316 317 317 317 317 317 318 317 318 478 478 477 478 477 477 477 477 477 478 477 505 505 504 432 432 432 635 638 640 643 644 646 647 648 651 652 652 654 654 655 656 658 659 660 661 661 661 661 663 663 663 663 664 664 664 664 665 665 665 665 665 665 664 664 664 664 664 663 663 663 662 661 661 660 660 660 659 658 657 656 656 655 653 653
311 313 313 315 315 315 316 316 317 317 318 317 317 318 318 479 479 478 479 478 478 478 478 479 479 478 477 478 477 477 505 505 432 432 432 434 436 638 641 643 645 646 649 649 651 653 654 654 656 657 658 658 660 660 660 660 662 662 662 662 663 663 663 664 665 665 665 665 666 666 665 665 666 665 665 664 664 665 663 663 663 661 662 662 660 660 659 658 658 657 657 655 654 654
314 314 315 315 316 317 317 318 317 318 318 478 479 479 479 479 479 479 479 479 479 479 479 479 479 479 478 479 478 478 506 432 432 432 432 434 437 639 642 644 645 648 649 650 652 652 654 656 656 657 658 659 659 660 661 663 663 663 664 664 664 664 665 665 665 665 665 665 665 665 666 665 665 665 665 665 664 664 663 663 663 663 661 661 660 660 660 658 658 656 656 655 654 653
314 315 316 316 317 317 318 319 479 479 479 479 479 479 479 480 480 480 480 480 479 480 479 480 480 479 479 479 479 478 432 432 432 432 433 436 439 441 642 645 646 648 649 650 652 654 655 656 657 658 658 659 661 661 662 662 663 663 663 664 665 665 665 665 666 666 666 666 666 666 666 666 665 666 666 665 664 664 665 664 663 663 661 662 661 660 660 658 659 657 656 656 654 653
316 317 317 318 478 479 479 480 479 479 480 480 481 480 480 480 480 480 480 480 481 480 480 480 480 479 479 479 479 432 432 432 432 432 435 437 438 441 643 645 648 649 650 653 653 654 655 656 657 658 660 660 660 661 662 663 663 664 665 665 665 665 666 666 666 666 667 667 666 666 666 666 666 665 665 665 665 664 664 663 663 663 662 661 660 660 660 659 658 657 655 655 654 653
317 478 479 479 479 479 480 480 480 481 480 481 481 480 481 481 482 481 481 481 481 480 480 480 480 481 480 480 480 432 432 432 432 432 435 437 441 443 444 646 647 649 651 652 653 655 655 658 659 660 660 660 662 662 662 663 664 664 664 664 665 665 665 665 666 666 666 666 666 667 666 666 666 667 666 666 665 665 665 664 664 663 662 662 661 661 660 659 657 657 656 656 654 653
478 479 479 480 480 480 481 480 481 481 481 481 481 482 481 482 481 481 481 481 481 482 481 481 481 480 480 480 410 432 432 432 432 433 436 439 441 443 444 647 649 651 652 654 654 656 657 658 659 659 660 661 661 661 663 664 664 664 666 666 666 666 666 666 666 666 666 667 667 667 667 666 666 666 666 665 665 665 665 663 663 663 662 662 660 660 659 659 658 657 656 654 654 653
480 480 481 481 480 481 481 481 482 483 482 482 482 482 482 482 482 483 482 481 482 481 481 481 481 481 481 410 410 431 432 432 432 434 436 439 442 444 447 448 649 650 652 654 655 656 657 657 658 659 661 662 663 664 664 664 665 665 666 666 667 667 667 667 667 667 666 666 666 667 667 667 666 666 666 666 664 664 664 663 663 663 662 662 661 661 660 658 657 656 655 654 654 652
481 481 481 481 481 482 483 482 483 482 482 482 483 483 483 482 483 482 482 482 482 482 482 482 481 482 410 410 410 432 432 432 432 435 438 440 443 445 446 448 450 651 652 655 656 657 657 659 659 661 662 662 663 663 664 664 665 665 666 666 666 666 667 668 668 668 668 668 667 667 667 667 668 666 666 666 665 665 665 664 663 663 662 662 661 660 659 658 658 658 656 655 653 653
481 481 482 483 482 483 483 483 483 483 484 483 484 483 483 483 483 483 483 483 482 483 482 482 482 410 410 410 410 433 432 432 433 436 438 442 443 446 448 449 451 652 654 655 655 657 658 659 660 661 661 662 663 664 665 665 665 666 666 666 666 667 667 667 667 668 668 668 667 667 667 667 667 666 666 666 666 665 664 664 664 663 662 661 660 660 659 659 657 656 655 654 653 652
483 482 483 483 483 483 483 484 483 484 483 483 483 484 484 484 483 484 483 483 483 483 483 483 410 410 410 410 433 433 433 432 434 437 440 442 444 446 448 449 451 452 653 655 656 658 659 660 661 661 662 663 663 664 664 665 665 665 665 666 666 667 667 667 667 667 667 668 668 668 668 667 667 667 667 666 666 665 665 665 664 663 662 662 661 661 659 659 657 656 656 655 653 652
483 483 484 484 484 483 484 484 484 484 484 484 484 484 484 484 484 484 484 484 483 483 483 483 410 410 410 410 433 434 433 432 436 438 440 443 444 447 449 451 452 453 655 656 657 659 659 660 660 662 662 662 663 665 665 665 666 668 668 668 667 668 668 668 668 668 668 668 668 667 667 668 667 666 666 666 666 665 665 664 664 664 662 662 660 660 659 658 658 656 655 654 653 651
484 484 484 484 484 484 485 485 485 484 485 484 485 484 485 485 484 484 484 484 483 483 483 410 410 410 410 410 434 433 433 433 435 438 441 443 446 448 449 450 452 454 455 657 657 658 659 660 662 663 663 665 665 665 665 667 667 667 667 668 668 668 668 668 668 668 668 668 667 667 667 667 667 666 666 666 666 665 665 665 664 664 662 662 661 660 660 658 658 656 655 654 652 651
484 484 484 485 485 485 485 485 485 485 485 486 485 485 485 485 484 484 484 484 485 484 410 410 410 410 410 410 433 434 434 433 437 439 442 445 446 447 450 452 453 454 456 457 658 659 660 661 662 663 664 664 664 665 666 666 666 666 667 667 667 668 669 669 668 668 668 669 669 668 667 667 668 668 666 666 666 665 665 664 663 663 662 662 661 659 659 658 656 657 655 654 652 651
485 485 485 486 485 486 485 486 486 486 486 485 485 485 485 485 486 485 484 485 484 410 410 410 410 410 410 410 434 434 434 434 436 441 442 444 447 449 451 452 454 455 456 456 658 660 660 661 662 663 663 663 666 666 666 666 667 667 667 668 669 669 669 668 668 668 668 668 668 668 668 667 667 667 666 666 666 665 664 663 663 662 662 660 660 659 658 658 656 655 654 653 651 651
486 485 486 486 486 486 486 486 486 486 486 485 486 486 485 486 485 485 485 484 410 410 410 410 410 410 410 434 434 434 434 435 439 441 443 446 447 449 451 453 453 454 456 458 458 660 662 662 663 663 664 665 665 665 666 666 667 667 668 668 668 668 668 669 669 668 668 668 669 669 668 668 667 668 667 667 666 665 666 664 664 662 662 661 661 660 658 658 656 655 654 653 651 650
486 487 486 486 486 486 486 486 486 487 486 487 486 486 486 485 485 486 485 410 410 410 410 410 410 410 410 436 435 434 434 436 439 442 443 446 447 450 451 453 455 457 457 458 460 660 661 661 663 663 664 664 665 665 666 666 667 668 668 668 668 669 669 669 669 669 669 669 668 668 668 668 668 667 666 666 666 665 665 663 663 662 662 661 660 659 658 656 657 655 654 652 651 649
486 487 486 487 486 487 487 487 487 487 487 486 486 486 486 486 486 486 410 410 410 410 410 410 410 410 410 435 435 435 434 436 439 441 445 448 449 450 451 454 455 456 458 459 459 460 661 662 662 664 666 666 666 667 667 668 668 668 668 668 668 668 668 668 669 669 668 668 668 668 668 667 667 666 666 666 665 664 664 663 663 662 662 660 659 658 658 656 655 654 653 651 651 649
487 487 488 487 488 487 487 487 487 487 487 487 487 487 486 486 486 410 410 410 410 410 410 410 410 410 410 435 435 435 435 438 440 443 445 447 448 451 453 454 455 456 458 459 459 461 463 663 663 665 665 665 666 667 667 667 667 668 668 669 668 668 669 669 669 669 669 669 669 669 668 667 668 668 666 666 665 665 665 664 663 662 661 660 660 658 658 657 655 654 653 652 650 649
487 488 487 487 487 487 487 488 487 488 487 487 487 487 487 487 411 411 410 410 410 410 410 410 410 410 410 436 435 435 435 438 441 443 445 446 449 452 453 455 456 457 458 459 461 461 462 663 664 664 664 666 666 667 667 667 669 669 669 669 670 669 669 669 669 669 669 668 668 668 669 667 667 667 666 665 665 665 663 663 662 661 661 661 659 658 656 656 655 654 652 651 649 648
488 488 487 488 488 488 488 488 488 488 488 487 487 488 487 487 411 410 410 410 410 410 410 410 410 410 410 436 435 435 435 439 442 444 446 449 450 451 453 454 455 457 459 460 460 462 463 464 664 665 666 666 666 666 668 668 668 668 669 669 669 669 669 669 669 669 669 668 668 668 668 667 667 667 667 667 665 665 664 664 663 663 661 660 659 658 657 656 654 653 651 650 649 648
488 488 489 488 489 488 488 488 488 488 488 488 488 487 487 411 411 411 411 410 410 410 410 410 410 410 436 436 435 436 437 439 442 444 447 448 451 452 453 454 458 458 459 460 461 462 462 463 464 665 665 665 666 667 667 667 667 668 668 669 669 670 669 669 669 669 670 669 668 668 667 667 668 666 666 666 665 665 664 663 662 661 660 660 658 658 657 655 654 652 652 650 649 646
488 489 488 488 488 489 489 488 488 488 488 488 487 487 412 412 411 411 411 410 410 410 410 410 410 410 436 436 436 436 437 440 442 445 447 450 451 452 454 456 457 458 460 460 461 461 463 463 464 664 665 666 667 667 667 668 668 668 668 669 669 669 669 669 669 669 669 668 668 667 667 667 667 666 666 666 665 664 663 662 661 661 661 659 658 656 655 655 654 652 651 648 647 645
489 489 489 489 489 489 489 488 488 488 488 489 488 412 412 411 411 411 410 410 411 410 410 410 410 410 436 436 436 436 438 440 443 446 448 449 451 454 455 456 457 458 459 459 462 463 463 463 465 466 667 667 667 667 667 667 668 668 669 669 669 669 669 669 668 668 668 668 669 669 668 667 667 667 666 665 665 664 663 663 662 661 660 659 658 657 656 655 653 652 650 649 648 645
490 489 489 489 489 489 489 490 489 488 489 488 412 412 411 411 412 411 411 411 410 410 410 410 410 410 437 436 436 436 439 442 444 446 447 450 452 453 454 457 458 458 459 461 461 463 463 465 465 465 466 667 667 667 668 667 668 669 669 669 669 670 670 669 669 669 669 668 668 668 667 667 667 666 666 664 664 664 663 662 661 660 659 658 657 657 655 654 652 651 649 648 646 644
490 490 489 489 490 489 490 489 489 489 488 413 413 412 412 412 411 411 411 410 410 410 410 410 410 410 437 436 436 436 439 442 443 446 449 451 452 454 455 456 457 459 459 461 462 463 464 464 464 467 467 667 668 668 669 669 668 668 668 669 669 669 669 669 669 669 669 668 668 668 667 667 665 665 665 665 664 663 662 661 660 659 659 658 656 655 653 653 651 650 648 647 644 643
490 490 490 490 490 490 489 489 489 489 413 413 412 412 412 412 411 411 412 411 411 410 410 410 410 410 436 436 436 437 440 442 445 448 449 450 453 454 455 457 457 459 460 461 463 463 464 464 466 466 466 467 668 668 668 668 668 668 668 668 668 668 669 669 669 669 669 669 669 668 667 667 666 666 665 665 663 663 662 662 661 660 658 658 656 656 655 653 652 649 648 646 645 643
490 490 490 490 490 490 490 490 490 413 413 413 412 412 412 412 412 412 411 411 411 410 410 410 410 437 436 437 436 437 440 443 445 447 450 451 452 454 456 458 459 459 461 462 462 463 464 465 465 465 466 467 467 667 667 669 670 669 669 669 670 670 670 669 669 669 668 668 668 667 667 667 666 666 664 664 663 663 662 661 660 659 657 657 656 654 653 651 650 648 647 645 644 641
490 490 490 490 490 490 490 490 413 413 413 413 413 413 412 412 412 411 411 411 410 410 411 410 410 437 437 436 436 438 440 443 446 448 450 451 453 454 456 457 459 460 460 461 463 463 463 464 465 467 467 467 467 667 669 669 669 668 669 669 669 669 669 669 669 668 667 667 667 667 667 666 665 665 663 663 663 662 661 660 658 658 658 656 655 653 652 651 649 647 646 643 642 639
490 491 490 491 490 490 490 414 414 414 413 414 413 413 413 412 412 412 412 411 411 411 410 410 410 437 436 436 436 438 442 445 446 448 449 452 454 455 456 458 458 459 461 462 463 463 464 465 465 466 466 466 468 468 668 668 668 668 668 668 668 668 668 669 669 669 668 668 668 667 667 665 665 665 665 663 663 662 661 661 660 658 657 655 654 654 652 651 649 647 645 643 642 640
491 491 491 490 490 491 414 414 414 413 413 413 413 413 413 412 412 412 411 411 411 410 410 410 410 437 437 436 436 440 442 444 446 448 450 452 453 456 457 458 459 460 461 462 462 463 464 464 465 465 466 467 467 467 468 669 669 668 668 668 669 669 668 668 668 669 668 668 666 666 666 666 665 664 664 663 661 662 661 659 658 657 656 656 654 653 651 649 647 646 644 642 640 638
491 491 491 491 491 414 414 414 413 413 413 413 413 413 412 412 412 411 411 411 411 411 410 410 410 437 436 436 437 439 442 444 447 449 451 452 454 455 456 457 459 460 460 461 462 463 463 465 466 466 467 467 467 468 468 668 668 668 669 669 669 668 668 668 668 667 667 667 666 666 665 665 664 663 663 663 661 660 660 658 657 657 655 654 652 651 649 648 646 645 642 640 638 636
491 491 491 490 414 414 414 415 414 414 414 413 413 413 412 412 412 412 411 411 411 410 410 410 410 436 436 436 437 440 443 445 447 449 451 453 454 455 457 458 458 460 462 462 464 464 465 465 465 466 466 467 467 467 468 468 669 668 668 668 668 669 668 669 668 667 667 668 667 667 665 665 664 665 663 662 662 660 659 659 658 657 655 654 653 650 650 648 646 644 642 639 637 635
491 491 490 415 415 414 415 414 414 414 413 413 413 413 413 413 412 412 412 411 410 410 410 410 437 437 437 436 437 440 443 444 447 450 451 452 454 456 457 458 459 461 462 462 463 464 465 465 466 466 466 466 466 467 468 469 469 668 668 668 669 669 668 668 668 667 667 666 666 666 665 665 664 663 662 661 660 660 659 658 656 655 654 653 652 650 648 646 645 642 641 638 636 633
491 490 416 415 415 415 414 414 414 414 414 414 413 413 413 412 412 412 411 411 411 411 410 410 437 437 436 436 437 440 442 446 448 450 451 453 455 455 456 459 460 461 461 463 463 464 464 465 467 467 466 467 467 468 468 468 468 667 668 668 668 667 667 668 667 667 667 665 665 665 665 663 663 662 661 661 660 659 657 657 656 655 654 651 650 648 647 644 644 642 639 636 634 630
491 416 415 415 415 414 414 415 414 414 414 413 413 413 412 412 413 412 411 411 411 410 410 410 437 436 436 436 438 440 444 446 448 450 452 453 454 455 458 458 459 461 462 463 463 464 465 466 466 466 466 467 467 467 467 467 468 468 667 667 667 667 667 668 667 667 667 667 666 665 665 664 663 663 662 660 660 659 657 657 656 654 653 651 650 648 647 645 643 641 638 635 632 630
415 415 415 415 415 415 415 414 414 414 413 413 413 413 413 412 412 412 411 411 410 410 410 410 438 437 436 436 439 442 444 446 448 450 451 452 456 457 458 459 460 461 462 462 463 464 465 465 465 467 466 466 466 466 468 469 469 468 468 668 669 668 667 667 666 667 666 666 665 664 663 664 663 661 661 660 658 658 657 656 655 652 651 650 649 647 645 643 640 638 635 634 630 627
