testData/tiles/oneDegreeCosts/grid6.0-47.0-7.0-48.0.asc
ncols   200
nrows   200
xllcorner   6.0
yllcorner   47.0
cellsize   0.005
NODATA_value   -9999.0
[rows 126 to 167 of 200, columns 94 to 187 of 200]
348 348 348 348 348 348 348 348 348 348 348 348 348 348 348 348 348 348 348 348 348 348 348 348 348 348 348 348 348 348 348 348 348 348 348 348 353 354 354 354 354 355 355 355 355 355 356 356 356 356 357 357 357 357 358 358 358 358 424 424 424 424 425 429 435 440 445 450 454 458 462 467 470 474 477 481 484 487 490 494 496 499 541 543 547 549 551 554 557 559 561 563 566 568
348 348 348 348 348 348 348 348 348 348 348 348 348 348 348 348 348 348 348 348 348 348 348 348 348 348 348 348 348 348 348 348 348 348 348 348 353 354 354 354 354 355 355 355 355 356 356 356 356 357 357 357 357 358 358 358 358 358 424 424 424 424 425 429 435 440 446 450 454 458 463 467 470 474 477 481 484 487 490 494 497 499 541 544 547 549 551 554 557 559 561 563 566 568
348 348 348 348 348 348 348 348 348 348 348 348 348 348 348 348 348 348 348 348 348 348 348 348 348 348 348 348 348 348 348 348 348 348 348 348 348 354 354 354 354 355 355 355 355 356 356 356 356 357 357 357 357 358 358 358 358 359 424 424 424 425 425 429 435 440 446 450 454 458 463 467 470 474 478 481 484 487 491 494 497 538 541 544 547 549 551 555 557 559 561 564 566 568
348 348 348 348 348 348 348 348 348 348 348 348 348 348 348 348 348 348 348 348 348 348 348 348 348 348 348 348 348 348 348 348 348 348 348 348 348 354 354 354 355 355 355 355 356 356 356 356 357 357 357 357 357 358 358 358 358 359 424 424 424 425 425 429 435 441 446 450 454 459 463 467 470 474 478 481 484 487 491 494 536 538 542 544 547 549 552 555 557 559 561 564 566 568
348 348 348 348 348 348 348 348 348 348 348 348 348 348 348 348 348 348 348 348 348 348 348 348 348 348 348 348 348 348 348 348 348 348 348 348 348 354 354 354 355 355 355 355 356 356 356 356 357 357 357 357 358 358 358 358 359 424 424 424 425 425 425 429 435 441 446 450 454 459 463 467 470 475 478 481 484 488 491 533 536 538 542 544 547 549 552 555 557 559 562 564 566 568
348 348 348 348 348 348 348 348 348 348 348 348 348 348 348 348 348 348 348 348 348 348 348 348 348 348 348 348 348 348 348 348 348 348 348 348 348 354 354 355 355 355 355 356 356 356 356 356 357 357 357 357 358 358 358 358 359 359 424 424 425 425 425 429 436 441 446 450 455 459 463 467 470 475 478 481 484 488 491 533 536 539 542 544 547 550 552 555 557 559 562 564 566 568
348 348 348 348 348 348 348 348 348 348 348 348 348 348 348 348 348 348 348 348 348 348 348 348 348 348 348 348 348 348 348 348 348 348 348 348 348 348 354 355 355 355 355 356 356 356 356 357 357 357 357 358 358 358 358 359 359 359 424 424 425 425 425 429 436 441 446 450 455 459 463 467 471 475 478 481 485 488 530 533 536 539 542 544 547 550 552 555 557 560 562 564 566 568
348 348 348 348 348 348 348 348 348 348 348 348 348 348 348 348 348 348 348 348 348 348 348 348 348 348 348 348 348 348 348 348 348 348 348 348 348 348 355 355 355 355 355 356 356 356 356 357 357 357 357 358 358 358 358 359 359 359 424 425 425 425 425 430 436 441 446 450 455 459 463 467 471 475 478 481 485 527 530 533 537 539 542 544 548 550 552 555 557 560 562 564 566 569
348 348 348 348 348 348 348 348 348 348 348 348 348 348 348 348 348 348 348 348 348 348 348 348 348 348 348 348 348 348 348 348 348 348 348 348 348 348 355 355 355 355 356 356 356 356 357 357 357 357 358 358 358 358 358 359 359 359 424 425 425 425 425 430 436 441 446 451 455 459 463 468 471 475 478 482 524 527 530 533 536 539 542 544 548 550 552 555 558 560 562 564 567 569
348 348 348 348 348 348 348 348 348 348 348 348 348 348 348 348 348 348 348 348 348 348 348 348 348 348 348 348 348 348 348 348 348 348 348 348 348 348 355 355 355 355 356 356 356 356 357 357 357 357 358 358 358 358 359 359 359 359 425 425 425 425 426 430 436 441 446 451 455 459 463 468 471 475 478 482 524 527 530 534 536 539 542 545 548 550 552 555 558 560 562 564 567 569
348 348 348 348 348 348 348 348 348 348 348 348 348 348 348 348 348 348 348 348 348 348 348 348 348 348 348 348 348 348 348 348 348 348 348 348 348 348 348 355 355 356 356 356 356 356 357 357 357 357 358 358 358 358 359 359 359 359 425 425 425 425 426 430 436 441 446 451 455 459 464 468 471 475 478 521 524 527 530 534 536 539 542 545 548 550 552 556 558 560 562 565 567 569
348 348 348 348 348 348 348 348 348 348 348 348 348 348 348 348 348 348 348 348 348 348 348 348 348 348 348 348 348 348 348 348 348 348 348 348 348 348 348 355 355 356 356 356 356 357 357 357 357 358 358 358 358 359 359 359 359 360 425 425 425 425 426 430 436 441 446 451 455 459 464 468 471 475 518 521 524 527 531 534 536 539 543 545 548 550 552 556 558 560 562 565 567 569
348 348 348 348 348 348 348 348 348 348 348 348 348 348 348 348 348 348 348 348 348 348 348 348 348 348 348 348 348 348 348 348 348 348 348 348 348 348 348 355 355 356 356 356 356 357 357 357 357 358 358 358 358 359 359 359 359 360 425 425 425 426 426 430 436 442 446 451 455 460 464 468 471 475 518 521 524 527 531 534 536 539 543 545 548 550 553 555 558 560 563 565 567 569
348 348 348 348 348 348 348 348 348 348 348 348 348 348 348 348 348 348 348 348 348 348 348 348 348 348 348 348 348 348 348 348 348 348 348 348 348 348 348 348 356 356 356 356 357 357 357 357 358 358 358 358 358 359 359 359 359 360 425 425 425 426 426 430 435 442 446 451 455 460 464 468 471 514 518 521 524 528 531 534 536 539 543 545 547 550 553 555 558 560 563 565 567 569
348 348 348 348 348 348 348 348 348 348 348 348 348 348 348 348 348 348 348 348 348 348 348 348 348 348 348 348 348 348 348 348 348 348 348 348 348 348 348 348 356 356 356 356 357 357 357 357 358 358 358 358 359 359 359 359 360 360 425 425 426 426 426 430 436 441 446 451 455 460 464 467 510 514 518 521 524 528 531 534 536 540 542 545 547 551 553 555 558 560 563 565 567 569
348 348 348 348 348 348 348 348 348 348 348 348 348 348 348 348 348 348 348 348 348 348 348 348 348 348 348 348 348 348 348 348 348 348 348 348 348 348 348 348 356 356 356 356 357 357 357 357 358 358 358 358 359 359 359 359 360 360 425 425 426 426 426 430 436 441 446 451 456 460 464 506 511 514 518 521 524 528 531 533 536 540 542 545 547 551 553 555 558 561 563 565 567 570
348 348 348 348 348 348 348 348 348 348 348 348 348 348 348 348 348 348 348 348 348 348 348 348 348 348 348 348 348 348 348 348 348 348 348 348 348 348 348 348 356 356 356 357 357 357 357 358 358 358 358 359 359 359 359 360 360 360 425 425 426 426 426 430 436 441 446 451 456 460 464 506 511 514 518 521 525 528 531 533 537 540 542 545 548 551 553 555 558 561 563 565 567 570
348 348 348 348 348 348 348 348 348 348 348 348 348 348 348 348 348 348 348 348 348 348 348 348 348 348 348 348 348 348 348 348 348 348 348 348 348 348 348 348 348 356 356 357 357 357 357 358 358 358 358 359 359 359 359 360 360 360 425 426 426 426 426 430 436 441 446 451 456 460 503 506 511 514 517 521 525 528 531 533 537 540 542 545 548 551 553 555 558 561 563 565 568 570
348 348 348 348 348 348 348 348 348 348 348 348 348 348 348 348 348 348 348 348 348 348 348 348 348 348 348 348 348 348 348 348 348 348 348 348 348 348 348 348 348 356 356 357 357 357 357 358 358 358 358 359 359 359 359 360 360 360 425 426 426 426 426 430 436 441 446 451 456 499 502 507 511 514 517 522 525 528 530 534 537 540 542 545 548 551 553 555 558 561 563 565 568 570
348 348 348 348 348 348 348 348 348 348 348 348 348 348 348 348 348 348 348 348 348 348 348 348 348 348 348 348 348 348 348 348 348 348 348 348 348 348 348 348 348 356 357 357 357 357 358 358 358 358 359 359 359 359 360 360 360 360 426 426 426 426 426 430 436 441 446 451 455 499 502 507 511 514 517 521 525 528 530 534 537 540 542 546 548 551 553 556 558 561 563 566 568 570
348 348 348 348 348 348 348 348 348 348 348 348 348 348 348 348 348 348 348 348 348 348 348 348 348 348 348 348 348 348 348 348 348 348 348 348 348 348 348 348 348 348 357 357 357 357 358 358 358 358 359 359 359 359 360 360 360 360 426 426 426 426 427 430 436 441 447 451 494 498 503 507 511 514 518 521 524 527 530 534 537 539 542 546 548 550 553 556 558 560 563 566 568 570
348 348 348 348 348 348 348 348 348 348 348 348 348 348 348 348 348 348 348 348 348 348 348 348 348 348 348 348 348 348 348 348 348 348 348 348 348 348 348 348 348 348 357 357 357 357 358 358 358 358 359 359 359 359 360 360 360 360 426 426 426 426 427 430 435 441 446 490 494 498 503 507 510 514 518 521 524 527 531 534 537 539 543 546 548 550 554 556 558 560 563 566 568 570
348 348 348 348 348 348 348 348 348 348 348 348 348 348 348 348 348 348 348 348 348 348 348 348 348 348 348 348 348 348 348 348 348 348 348 348 348 348 348 348 348 348 357 357 357 358 358 358 358 359 359 359 359 360 360 360 360 361 426 426 426 427 427 430 435 441 446 490 494 498 503 507 510 514 518 521 524 527 531 534 537 539 543 545 548 550 554 556 558 560 563 566 568 570
348 348 348 348 348 348 348 348 348 348 348 348 348 348 348 348 348 348 348 348 348 348 348 348 348 348 348 348 348 348 348 348 348 348 348 348 348 348 348 348 348 348 348 357 357 358 358 358 358 359 359 359 359 360 360 360 360 361 426 426 426 427 427 430 435 441 485 490 494 499 503 507 510 515 518 521 524 528 531 534 537 540 543 545 548 550 554 556 558 560 563 565 568 570
348 348 348 348 348 348 348 348 348 348 348 348 348 348 348 348 348 348 348 348 348 348 348 348 348 348 348 348 348 348 348 348 348 348 348 348 348 348 348 348 348 348 348 357 357 358 358 358 358 359 359 359 359 360 360 360 360 361 426 426 426 427 427 429 435 480 485 490 494 499 503 506 510 514 518 521 524 528 531 534 536 540 543 545 548 551 553 556 558 561 563 565 567 570
348 348 348 348 348 348 348 348 348 348 348 348 348 348 348 348 348 348 348 348 348 348 348 348 348 348 348 348 348 348 348 348 348 348 348 348 348 348 348 348 348 348 348 357 358 358 358 358 359 359 359 359 360 360 360 360 361 361 426 426 427 427 427 429 436 480 485 489 495 499 503 506 510 514 518 521 524 528 531 534 536 540 543 545 548 551 553 556 558 561 563 565 567 570
348 348 348 348 348 348 348 348 348 348 348 348 348 348 348 348 348 348 348 348 348 348 348 348 348 348 348 348 348 348 348 348 348 348 348 348 348 348 348 348 348 348 348 357 358 358 358 358 359 359 359 359 360 360 360 360 361 361 426 426 427 427 427 429 475 480 485 489 494 499 502 506 511 514 518 521 525 528 531 534 537 540 542 545 548 551 553 556 559 561 563 565 567 570
348 348 348 348 348 348 348 348 348 348 348 348 348 348 348 348 348 348 348 348 348 348 348 348 348 348 348 348 348 348 348 348 348 348 348 348 348 348 348 348 348 348 348 348 358 358 358 358 359 359 359 359 360 360 360 360 361 361 426 426 427 427 427 429 474 480 484 489 494 498 502 506 511 514 517 521 525 528 531 533 537 540 542 545 548 551 553 555 559 561 563 565 568 570
348 348 348 348 348 348 348 348 348 348 348 348 348 348 348 348 348 348 348 348 348 348 348 348 348 348 348 348 348 348 348 348 348 348 348 348 348 348 348 348 348 348 348 348 358 358 358 359 359 359 359 360 360 360 360 361 361 361 426 427 427 427 427 468 474 479 484 490 494 498 502 507 510 514 517 520 525 528 530 533 537 540 542 545 548 551 553 555 559 561 563 565 568 570
348 348 348 348 348 348 348 348 348 348 348 348 348 348 348 348 348 348 348 348 348 348 348 348 348 348 348 348 348 348 348 348 348 348 348 348 348 348 348 348 348 348 348 348 358 358 358 359 359 359 359 360 360 360 360 361 361 361 426 427 427 427 466 468 474 479 484 490 494 498 502 507 510 514 517 521 524 527 530 534 537 540 542 546 548 551 553 556 558 561 563 566 568 570
348 348 348 348 348 348 348 348 348 348 348 348 348 348 348 348 348 348 348 348 348 348 348 348 348 348 348 348 348 348 348 348 348 348 348 348 348 348 348 348 348 348 348 348 348 358 358 359 359 359 359 360 360 360 360 361 361 361 426 427 427 427 466 468 474 479 484 489 494 498 502 507 510 514 517 521 524 527 530 534 537 539 542 546 548 550 553 556 558 561 563 566 568 570
348 348 348 348 348 348 348 348 348 348 348 348 348 348 348 348 348 348 348 348 348 348 348 348 348 348 348 348 348 348 348 348 348 348 348 348 348 348 348 348 348 348 348 348 348 358 359 359 359 359 360 360 360 360 361 361 361 361 427 427 427 466 467 468 473 479 485 489 494 498 503 506 510 513 518 521 524 527 531 534 537 539 542 545 548 550 553 556 558 560 563 566 568 570
348 348 348 348 348 348 348 348 348 348 348 348 348 348 348 348 348 348 348 348 348 348 348 348 348 348 348 348 348 348 348 348 348 348 348 348 348 348 348 348 348 348 348 348 348 348 359 359 359 359 360 360 360 360 361 361 361 361 427 427 466 466 467 467 473 478 484 489 493 497 502 506 510 513 518 521 524 527 531 534 536 539 543 545 548 550 554 556 558 560 563 566 568 570
348 348 348 348 348 348 348 348 348 348 348 348 348 348 348 348 348 348 348 348 348 348 348 348 348 348 348 348 348 348 348 348 348 348 348 348 348 348 348 348 348 348 348 348 348 348 359 359 359 359 360 360 360 360 361 361 361 361 427 427 466 466 467 467 473 478 484 489 493 497 502 506 510 513 517 521 524 527 531 534 536 539 543 545 548 550 553 556 558 560 563 565 567 569
348 348 348 348 348 348 348 348 348 348 348 348 348 348 348 348 348 348 348 348 348 348 348 348 348 348 348 348 348 348 348 348 348 348 348 348 348 348 348 348 348 348 348 348 348 348 359 359 359 359 360 360 360 360 361 361 361 362 427 466 466 467 467 467 473 479 484 489 493 498 502 506 509 514 517 520 524 528 531 533 536 539 542 545 547 550 553 556 558 560 563 565 567 569
348 348 348 348 348 348 348 348 348 348 348 348 348 348 348 348 348 348 348 348 348 348 348 348 348 348 348 348 348 348 348 348 348 348 348 348 348 348 348 348 348 348 348 348 348 348 348 359 359 360 360 360 360 361 361 361 361 362 427 466 466 467 467 467 472 479 484 488 493 498 502 506 509 514 517 520 523 527 530 533 536 540 542 545 547 551 553 555 558 561 563 565 567 570
348 348 348 348 348 348 348 348 348 348 348 348 348 348 348 348 348 348 348 348 348 348 348 348 348 348 348 348 348 348 348 348 348 348 348 348 348 348 348 348 348 348 348 348 348 348 348 359 359 360 360 360 360 361 361 361 361 362 466 466 466 467 467 467 472 478 483 488 492 498 502 505 509 514 517 520 523 527 530 533 536 539 542 545 547 551 553 555 558 561 563 565 567 570
348 348 348 348 348 348 348 348 348 348 348 348 348 348 348 348 348 348 348 348 348 348 348 348 348 348 348 348 348 348 348 348 348 348 348 348 348 348 348 348 348 348 348 348 348 348 348 359 359 360 360 360 360 361 361 361 361 362 466 466 466 467 467 467 472 478 483 488 492 497 501 505 509 513 517 520 523 527 530 533 536 539 542 545 547 550 553 555 557 561 563 565 567 570
348 348 348 348 348 348 348 348 348 348 348 348 348 348 348 348 348 348 348 348 348 348 348 348 348 348 348 348 348 348 348 348 348 348 348 348 348 348 348 348 348 348 348 348 348 348 348 348 360 360 360 360 361 361 361 361 362 401 466 466 467 467 467 467 472 478 483 487 493 497 501 505 510 513 516 520 524 527 530 533 536 539 542 544 548 550 553 555 558 560 563 565 568 570
348 348 348 348 348 348 348 348 348 348 348 348 348 348 348 348 348 348 348 348 348 348 348 348 348 348 348 348 348 348 348 348 348 348 348 348 348 348 348 348 348 348 348 348 348 348 348 348 360 360 360 360 361 361 361 361 401 401 401 466 467 467 467 467 472 477 482 487 493 497 501 505 509 513 516 519 524 527 530 532 536 539 542 544 548 550 552 555 558 560 562 565 568 570
348 348 348 348 348 348 348 348 348 348 348 348 348 348 348 348 348 348 348 348 348 348 348 348 348 348 348 348 348 348 348 348 348 348 348 348 348 348 348 348 348 348 348 348 348 348 348 348 360 360 360 360 361 361 361 361 401 401 401 466 467 467 467 467 472 477 482 487 492 497 501 504 509 513 516 519 523 526 529 532 536 539 541 544 547 550 552 555 558 560 562 564 567 569
348 348 348 348 348 348 348 348 348 348 348 348 348 348 348 348 348 348 348 348 348 348 348 348 348 348 348 348 348 348 348 348 348 348 348 348 348 348 348 348 348 348 348 348 348 348 348 348 348 360 360 360 361 361 361 400 401 401 401 466 467 467 467 468 471 477 482 488 492 496 500 505 509 512 516 520 523 526 529 533 536 539 541 545 547 550 552 555 558 560 562 565 567 569
