testData/tiles/oneDegreeCosts/grid48.0-16.0-49.0-17.0.asc
ncols   200
nrows   200
xllcorner   48.0
yllcorner   16.0
cellsize   0.005
NODATA_value   -9999.0
[rows 0 to 41 of 200, columns 94 to 187 of 200]
689 690 691 693 694 694 696 696 697 699 701 701 702 703 704 705 707 707 708 708 710 712 713 713 715 715 715 717 718 719 719 721 721 722 722 724 725 727 727 728 729 730 730 731 732 734 734 735 735 736 737 737 738 738 740 740 742 742 743 744 744 745 745 746 747 748 748 749 749 749 751 672 673 674 935 935 936 937 937 938 938 938 939 940 941 941 941 942 942 943 943 943 944 944
686 688 689 690 691 693 693 695 696 697 697 699 700 701 702 704 704 705 706 708 708 709 710 711 711 713 715 716 716 718 718 719 719 722 722 723 723 724 725 725 726 727 729 729 731 731 733 733 734 734 735 737 738 738 738 739 740 741 741 742 742 744 744 744 745 746 747 748 670 670 671 671 671 673 933 934 934 934 935 936 937 937 938 937 937 938 939 939 940 940 941 941 941 930
685 687 687 688 690 691 691 694 694 695 697 698 698 699 700 701 702 705 705 706 707 708 708 710 711 712 712 712 714 714 716 717 719 719 720 720 722 722 724 724 726 726 727 727 729 729 729 731 731 733 733 734 734 735 736 737 737 738 739 741 742 742 743 743 745 745 666 667 666 667 668 669 669 669 930 930 932 933 934 934 934 935 936 937 937 937 938 938 938 940 940 941 929 929
683 684 686 688 688 689 690 690 692 693 694 695 697 697 699 699 701 701 702 703 705 705 707 708 709 709 711 712 713 713 715 715 716 716 719 719 720 721 722 723 723 724 725 727 727 728 728 730 730 731 731 732 733 734 735 735 737 737 738 738 739 740 740 662 662 663 663 666 666 666 667 667 668 669 930 930 930 931 931 933 933 933 934 934 935 935 936 937 937 937 937 925 926 927
682 682 684 684 685 687 689 689 691 691 692 694 695 695 696 698 699 700 702 702 703 703 705 705 707 708 709 710 710 712 712 714 714 716 716 717 717 719 719 721 721 723 723 724 724 725 727 727 729 730 731 731 732 732 734 734 734 735 735 737 738 660 660 661 662 662 663 663 664 664 666 666 666 927 927 928 929 929 930 930 931 930 931 932 933 934 934 934 935 936 924 925 925 926
680 680 682 682 684 685 686 686 689 690 691 692 693 693 694 696 696 698 698 700 700 703 703 704 705 706 706 707 709 710 710 712 712 714 714 716 717 717 718 719 720 720 721 722 724 724 725 725 727 727 727 728 729 730 730 732 732 734 655 655 656 656 658 658 659 659 659 660 661 662 663 664 664 925 926 926 927 927 927 928 929 930 930 930 931 931 933 933 921 922 922 922 923 923
676 679 679 681 682 683 683 686 686 687 688 689 690 693 693 694 694 696 696 698 699 700 700 702 703 705 705 706 707 707 709 709 711 711 713 713 714 714 716 716 717 719 721 721 721 722 723 724 724 725 726 728 728 729 729 653 653 653 653 653 655 655 655 657 657 658 659 660 660 660 661 662 663 923 923 924 924 926 926 926 927 927 928 928 929 930 929 919 919 919 919 920 920 921
675 677 677 678 679 681 681 684 684 685 687 688 688 690 690 690 693 694 695 696 697 697 698 700 701 701 703 703 704 705 708 708 709 710 711 711 711 714 714 715 715 717 717 718 718 720 721 722 722 722 724 733 653 653 653 653 653 653 653 653 653 654 654 655 656 656 657 657 658 659 659 660 660 920 921 923 923 923 924 924 924 926 926 927 927 927 919 919 919 919 919 919 919 919
672 673 675 676 678 678 679 680 682 682 684 685 686 687 689 689 691 691 692 693 695 704 707 707 708 708 709 711 711 713 713 714 714 716 717 718 719 720 721 722 723 723 725 725 727 727 728 728 729 651 652 652 653 655 655 656 656 657 658 659 659 659 660 661 662 663 663 664 665 666 666 667 667 928 929 929 930 930 930 932 932 932 925 925 925 919 919 919 919 919 919 919 919 919
670 672 673 673 675 675 678 679 689 689 691 691 693 694 695 695 697 699 699 701 701 702 703 704 705 707 707 708 709 711 711 713 714 715 715 715 717 717 718 719 721 721 722 722 724 645 645 646 648 650 650 651 652 653 653 653 654 655 656 657 658 658 659 660 660 661 661 663 663 663 664 664 666 926 926 927 927 928 929 929 930 930 930 931 920 921 921 921 922 922 922 924 924 924
676 679 679 680 682 683 683 685 685 687 689 690 690 692 692 694 695 696 696 698 698 701 702 703 703 704 705 705 708 708 709 709 711 711 712 713 716 716 717 718 718 719 640 642 643 644 644 646 646 646 647 647 649 649 651 651 653 653 653 654 654 656 656 657 657 657 659 659 661 661 661 663 923 924 924 924 925 926 927 927 927 928 916 917 918 918 919 919 919 921 921 920 921 921
674 675 677 678 679 680 681 684 684 685 686 687 687 690 690 691 693 693 694 696 697 697 699 699 700 702 703 703 705 706 707 707 709 710 710 711 712 634 634 636 637 638 638 640 640 640 641 642 644 645 646 647 647 648 648 649 650 651 651 652 653 654 655 655 656 657 657 658 658 659 660 660 921 921 922 922 923 924 924 924 924 912 914 914 915 916 916 917 918 918 919 919 919 920
672 673 675 675 676 678 679 679 681 681 684 685 686 687 688 688 691 691 692 693 694 695 697 698 698 700 700 701 701 704 704 705 627 628 628 629 631 632 633 634 635 635 636 637 638 639 640 641 641 642 642 644 644 645 645 646 648 648 649 649 651 651 651 652 652 654 654 654 655 655 657 658 918 919 919 921 921 921 922 922 911 912 912 913 913 913 914 915 915 916 916 916 916 916
669 670 671 673 674 674 677 677 680 680 681 682 683 683 686 686 687 689 689 690 692 693 693 695 695 696 698 620 621 623 623 623 625 625 627 627 629 629 630 630 632 632 633 635 635 636 636 638 639 640 640 642 643 643 644 645 646 646 646 647 648 649 649 650 652 652 653 653 654 655 655 656 916 917 917 918 919 919 909 909 909 909 909 909 910 910 911 912 912 912 913 913 913 915
666 667 670 670 671 672 673 675 675 677 677 679 681 682 682 684 684 685 687 609 610 611 612 613 615 615 616 617 618 618 620 621 622 623 624 624 625 627 628 629 630 631 631 632 633 633 634 635 637 637 638 639 640 640 640 641 642 643 644 644 646 646 647 647 648 649 649 650 650 651 652 652 913 913 915 916 916 909 909 909 909 909 909 909 909 909 910 910 911 911 910 911 911 912
585 586 586 588 589 591 591 593 594 595 597 598 598 600 600 601 603 604 606 606 607 609 610 610 612 612 613 614 616 617 617 619 619 620 621 623 623 625 625 626 626 627 628 629 631 631 632 632 633 634 634 636 637 639 639 639 641 641 642 642 643 644 644 645 645 647 648 648 649 649 651 651 911 912 912 914 909 909 909 909 909 909 909 909 909 909 909 909 909 909 909 909 909 910
581 582 584 585 587 587 588 589 591 592 593 593 596 597 599 599 600 601 602 603 605 605 606 608 608 611 611 612 613 614 614 615 617 618 618 619 620 620 622 623 625 625 627 627 627 629 629 630 631 633 633 633 634 635 636 636 637 638 638 639 640 642 642 642 643 643 645 645 645 646 646 908 908 908 909 909 909 909 909 909 909 909 909 909 909 929 929 930 930 930 930 931 931 932
579 580 581 582 583 583 586 586 589 589 591 592 593 594 594 595 596 598 600 601 601 603 603 605 606 607 607 608 609 610 612 612 614 615 616 616 619 619 619 621 621 622 622 624 624 626 627 627 628 628 630 630 631 631 633 634 634 635 636 636 637 637 639 639 639 665 665 667 668 668 669 930 931 919 919 920 921 921 922 922 923 923 924 925 925 925 926 926 927 928 928 928 929 929
576 576 577 578 579 582 582 584 584 586 587 588 589 590 592 594 594 596 596 597 599 599 600 601 602 603 606 606 608 608 609 610 610 612 613 614 614 616 616 617 617 619 620 620 623 623 624 649 650 651 652 654 654 655 655 656 657 657 658 659 660 660 661 662 663 664 664 664 666 666 666 927 915 917 917 917 918 918 919 920 920 921 921 921 923 923 923 924 924 925 926 926 926 927
571 572 575 576 576 578 578 581 581 583 584 586 587 587 589 589 591 591 593 594 595 596 598 598 601 601 601 603 603 604 606 632 632 634 634 635 637 637 639 640 641 641 643 643 643 644 646 647 647 649 649 649 650 651 652 652 654 655 655 656 656 658 658 658 659 660 661 661 661 662 663 912 913 913 915 915 915 916 916 917 918 918 918 919 919 921 921 921 922 922 922 924 923 923
569 570 571 571 573 574 575 577 578 579 581 582 583 583 585 585 588 614 615 616 616 619 619 620 621 622 623 624 625 627 628 628 630 630 631 633 634 634 636 636 636 638 638 640 641 642 642 642 644 644 645 646 649 649 649 651 651 652 652 653 654 654 655 656 657 658 658 660 660 648 649 910 910 911 911 911 912 912 913 913 913 915 915 915 916 916 916 918 918 918 919 919 919 921
564 565 566 568 595 596 597 598 600 601 602 603 603 607 607 608 609 610 611 613 613 615 615 616 617 619 621 621 623 623 624 625 627 627 628 629 629 631 631 633 634 635 636 637 638 638 640 640 641 642 643 644 644 646 646 646 647 648 650 650 650 652 652 653 653 654 655 655 644 645 645 906 906 906 909 909 910 910 911 912 912 912 913 914 914 915 914 914 915 916 916 917 917 917
585 587 588 590 590 592 593 595 595 597 598 601 601 602 603 604 605 606 608 608 609 611 612 614 615 615 617 617 618 620 620 622 622 623 624 626 628 628 629 630 631 631 633 633 634 635 636 637 637 639 639 639 641 642 643 643 644 645 645 647 647 647 648 649 650 650 639 641 641 642 902 902 904 904 904 905 906 906 907 907 908 909 909 910 910 910 912 912 912 913 913 913 913 914
582 583 584 585 587 588 589 590 592 593 595 595 597 597 599 600 602 603 604 605 607 608 608 610 610 611 613 614 615 616 617 618 619 621 622 622 624 624 625 626 626 628 629 630 630 632 632 632 634 635 636 636 638 639 639 641 641 641 643 643 645 645 646 647 647 636 637 637 638 638 900 900 900 901 901 901 902 902 903 905 905 905 906 906 907 908 908 908 909 910 910 911 911 911
577 577 580 581 582 584 585 587 588 589 590 591 592 594 596 597 597 599 600 602 602 603 604 605 607 608 610 610 611 612 614 615 616 616 617 618 619 621 621 623 623 624 625 626 627 628 630 630 631 632 632 634 634 635 635 637 638 638 640 640 640 641 642 642 631 632 633 633 633 636 896 897 897 898 899 899 899 900 901 901 902 902 902 904 903 903 904 904 905 906 906 906 907 908
573 574 575 577 578 580 581 582 583 584 586 587 589 590 591 592 594 595 596 597 598 598 601 602 603 604 605 606 608 609 609 610 611 612 613 615 615 617 618 618 620 620 623 623 623 625 625 626 627 628 628 630 631 631 632 633 633 634 635 636 636 637 627 627 627 629 629 630 630 631 892 892 892 894 894 895 895 896 897 897 897 898 899 899 901 901 902 903 903 903 903 903 904 904
567 569 570 573 573 575 575 577 579 581 582 583 584 584 587 587 589 589 591 593 595 595 597 597 598 600 601 602 603 604 604 606 607 609 610 611 612 612 614 615 616 617 617 619 619 620 621 622 623 624 625 625 626 627 627 629 629 630 632 632 633 621 622 623 623 624 625 625 626 627 887 888 889 890 891 891 891 893 893 894 894 895 896 896 896 897 898 898 898 899 899 900 901 901
562 564 565 567 568 569 570 573 574 575 577 577 580 580 582 582 584 586 587 589 589 591 591 594 594 596 596 596 598 600 602 602 604 604 606 606 607 609 609 611 611 612 613 613 616 616 617 618 618 619 621 622 622 624 625 625 627 627 627 617 617 618 619 619 621 621 622 623 623 625 885 885 886 887 887 888 888 888 889 889 889 891 891 891 892 892 893 894 894 894 895 896 896 897
557 558 560 560 562 565 566 567 569 569 572 573 573 575 576 579 580 581 582 583 584 586 587 588 589 590 592 594 595 595 596 597 598 600 601 602 603 603 605 605 607 608 609 611 611 612 613 614 614 616 617 618 619 619 620 621 621 623 611 612 614 614 615 616 616 617 617 618 619 619 881 881 881 882 883 884 885 885 886 887 887 887 889 889 888 889 890 890 891 891 891 893 893 893
551 551 553 555 557 559 559 561 563 564 565 567 568 571 572 573 574 575 577 578 579 580 582 582 586 586 587 588 589 590 592 593 594 594 596 596 598 599 601 602 602 604 604 606 606 608 609 609 611 611 613 613 613 615 616 616 606 606 607 608 608 609 610 611 611 612 613 614 615 876 876 877 878 878 879 880 880 881 881 882 883 883 883 885 885 885 886 886 886 886 887 887 888 889
542 545 546 549 550 552 554 555 556 557 559 562 563 564 566 566 569 570 571 572 573 575 577 578 579 581 582 584 585 586 587 588 589 590 592 594 594 596 596 598 598 599 601 602 603 604 605 605 606 607 609 610 610 611 612 601 602 602 603 604 604 606 607 607 609 609 609 611 611 871 873 873 873 874 875 875 876 876 877 878 878 880 880 880 880 882 882 882 883 883 884 885 884 884
535 538 539 540 543 544 546 547 549 551 554 555 557 558 560 562 563 564 565 567 569 571 572 572 574 576 577 578 579 580 581 582 584 586 587 588 589 589 591 592 594 594 596 596 597 598 599 601 602 602 603 604 605 594 594 595 597 598 599 599 600 601 601 602 603 604 604 605 606 867 868 869 869 870 871 871 872 873 873 873 875 875 875 876 877 877 878 878 879 880 880 879 880 881
526 527 532 533 535 536 539 541 542 545 546 548 550 552 553 554 555 557 560 561 563 563 565 567 568 569 570 571 572 575 575 579 580 580 582 582 585 586 587 588 588 590 590 593 593 594 595 596 597 598 598 599 589 591 592 592 594 594 595 596 596 598 598 599 601 601 601 603 603 864 865 865 865 866 865 866 867 867 868 868 869 870 870 871 872 873 873 875 875 875 875 877 877 877
515 515 518 521 523 526 528 530 533 535 537 540 541 542 544 547 549 551 553 554 556 558 558 560 561 563 564 566 567 569 571 571 573 575 576 577 578 579 580 581 583 583 585 586 587 588 588 590 592 594 582 583 584 585 586 586 587 588 590 591 592 592 593 594 594 596 596 596 598 858 859 860 861 862 863 863 864 865 865 865 866 866 867 867 868 868 869 870 869 870 870 871 872 872
515 515 515 515 515 515 515 516 520 523 526 527 530 533 535 537 539 541 542 546 547 549 550 551 554 555 557 558 560 561 563 565 565 567 568 570 571 573 575 575 577 578 578 580 580 584 585 585 587 575 577 577 578 580 581 582 583 583 585 585 586 587 588 589 589 591 592 592 592 853 854 854 855 856 856 858 858 858 860 860 860 862 861 861 862 863 863 864 865 865 865 866 867 867
515 515 515 515 515 515 515 515 515 515 515 515 515 515 517 522 524 529 531 533 536 537 541 542 544 546 548 550 552 554 555 557 558 559 562 562 564 565 566 568 568 571 572 575 575 576 577 566 568 568 570 572 572 573 574 575 576 577 577 579 580 581 582 583 584 585 585 586 847 847 849 849 850 851 851 853 854 854 855 856 856 857 858 858 858 858 858 859 859 860 861 861 862 862
515 515 515 515 515 515 515 515 515 515 515 515 515 515 515 515 515 515 515 515 515 516 521 526 528 531 535 538 540 541 544 545 548 549 551 553 554 556 558 560 560 561 564 565 567 568 557 560 561 563 563 564 566 566 567 569 569 571 571 572 573 574 574 576 576 578 578 580 841 842 842 844 844 844 846 846 847 848 848 849 850 851 851 852 853 852 852 854 854 854 856 856 856 857
515 515 515 515 515 515 515 515 515 515 515 515 515 515 515 515 515 515 515 515 515 515 515 515 515 515 516 516 517 518 523 528 532 535 537 540 543 544 547 548 550 552 554 557 546 548 549 550 551 552 554 556 557 559 559 560 562 562 564 565 565 567 569 569 571 571 572 573 834 835 836 836 838 838 839 840 841 841 842 844 844 845 845 846 846 847 847 847 849 849 849 850 851 851
515 515 515 515 515 515 515 515 515 515 515 515 515 515 515 515 515 515 515 515 515 515 515 515 515 515 515 516 516 517 517 518 518 519 520 520 521 521 521 522 531 535 526 528 531 533 535 537 539 541 543 545 546 547 549 550 551 554 554 556 557 558 559 560 561 563 563 564 826 826 828 829 830 830 832 832 833 835 835 835 837 837 838 839 840 840 841 841 841 842 843 844 844 844
515 515 515 515 515 515 515 515 515 515 515 515 515 515 515 515 515 515 515 515 515 515 515 515 515 515 515 516 516 516 518 518 519 519 519 520 520 522 522 522 524 515 515 515 515 515 515 516 516 516 520 525 529 532 534 537 539 540 542 544 546 547 548 550 552 553 555 556 816 818 819 820 821 822 823 824 825 826 826 827 827 829 829 830 830 833 833 833 834 835 835 836 837 838
515 515 515 515 515 515 515 515 515 515 515 515 515 515 515 515 515 515 515 515 515 515 515 515 515 515 515 515 516 516 516 517 517 518 519 519 520 520 521 515 515 515 515 515 515 515 515 515 515 516 516 517 517 518 518 518 519 519 519 521 521 521 527 531 534 536 538 541 802 803 806 807 809 811 812 813 815 815 816 817 819 819 820 822 822 823 824 824 825 825 827 826 827 829
515 515 515 515 515 515 515 515 515 515 515 515 515 515 515 515 515 515 515 515 515 515 515 515 515 515 515 515 515 516 516 517 518 518 519 519 520 520 515 515 515 515 515 515 515 515 515 515 515 516 516 516 517 517 519 519 519 520 520 520 521 521 521 522 522 522 524 524 784 785 785 785 786 786 785 788 793 795 799 800 802 804 805 807 809 809 810 811 812 813 814 816 816 817
