testData/tiles/oneDegreeCosts/grid16.0-34.0-17.0-35.0.asc
ncols   200
nrows   200
xllcorner   16.0
yllcorner   34.0
cellsize   0.005
NODATA_value   -9999.0
[rows 0 to 41 of 200, columns 0 to 93 of 200]
654 654 654 655 654 654 654 654 654 653 653 653 653 653 652 652 652 652 651 651 651 651 650 650 650 649 649 649 649 649 649 648 648 648 647 647 647 646 654 653 653 653 652 652 652 651 651 650 650 649 649 649 648 648 647 647 646 646 645 645 645 644 644 643 643 642 642 641 641 640 640 639 639 638 639 638 638 637 637 636 636 635 635 634 634 633 633 632 632 631 631 630 629 629
653 653 653 653 653 654 653 653 653 653 653 652 652 652 652 652 651 651 651 650 650 650 650 649 649 649 648 648 648 647 647 647 647 647 647 646 646 646 653 653 653 652 652 651 651 651 650 650 649 649 649 648 648 647 647 646 646 645 645 645 644 644 643 643 642 642 641 641 640 640 639 639 638 638 637 637 636 636 635 635 634 634 633 633 632 632 632 632 631 631 630 630 629 629
653 653 652 652 652 652 652 653 652 652 652 652 652 651 651 651 651 650 650 650 650 649 649 649 648 648 648 648 647 647 647 646 646 646 645 646 645 645 653 652 652 652 651 651 650 650 650 649 649 648 648 648 647 647 646 646 645 645 645 644 644 643 643 642 642 641 641 640 640 639 639 638 638 637 637 636 636 635 635 634 634 633 633 632 632 631 631 630 630 629 629 628 628 627
652 652 652 652 652 651 651 651 651 651 651 651 651 651 651 650 650 650 650 649 649 649 648 648 648 648 647 647 647 646 646 646 645 645 645 644 644 644 652 652 651 651 651 650 650 650 649 649 648 648 647 647 647 646 646 645 645 644 644 644 643 643 642 642 641 641 640 640 639 639 638 638 637 637 637 636 636 635 635 634 634 633 632 632 631 631 630 630 629 629 628 628 627 627
651 651 651 651 651 651 651 650 650 650 650 650 650 650 650 650 649 649 649 649 648 648 648 648 647 647 647 646 646 646 645 645 645 644 644 644 643 643 651 650 650 650 650 650 649 649 649 648 648 647 647 647 646 646 645 645 644 644 644 643 643 642 642 641 641 640 640 639 639 638 638 638 637 637 636 636 635 635 634 634 633 633 632 632 631 631 630 629 629 628 628 627 627 626
651 651 651 650 650 650 650 650 650 649 649 649 649 648 648 649 649 649 648 648 648 648 647 647 647 646 646 646 645 645 645 645 644 644 644 643 643 642 650 650 649 649 649 648 648 647 648 648 647 647 646 646 646 645 645 644 644 643 643 643 642 642 641 641 640 640 639 639 638 638 638 637 637 636 636 635 635 634 634 633 633 632 632 631 631 630 630 629 629 628 628 627 626 626
650 650 650 650 650 649 649 649 649 649 648 648 648 648 648 647 647 648 648 647 647 647 647 646 646 646 645 645 645 645 644 644 644 643 643 643 642 642 650 649 649 648 648 648 647 647 647 646 646 645 646 646 645 645 644 644 643 643 643 642 642 641 641 640 640 639 639 638 638 638 637 637 636 636 635 635 634 634 633 633 632 632 631 631 630 630 629 629 628 628 627 627 626 626
649 649 649 649 649 649 649 648 648 648 648 648 647 647 647 647 647 646 646 646 647 646 646 646 645 645 645 645 644 644 644 643 643 643 642 642 642 641 641 649 648 648 648 647 647 646 646 646 645 645 644 644 644 643 643 643 643 642 642 642 641 641 640 640 639 639 638 638 638 637 637 636 636 635 635 634 634 633 633 632 632 631 631 630 630 629 629 628 628 627 627 626 626 625
649 649 649 648 648 648 648 648 648 647 647 647 647 647 646 646 646 646 645 645 645 645 644 645 645 645 644 644 644 643 643 643 642 642 642 641 641 641 640 648 648 647 647 647 646 646 645 645 645 644 644 643 643 643 642 642 641 641 641 640 640 640 640 639 639 638 638 638 637 637 636 636 635 635 634 634 633 633 632 632 631 631 630 630 629 629 628 628 627 627 626 626 625 625
647 648 648 648 648 647 647 647 647 647 647 646 646 646 646 646 645 645 645 645 644 644 644 644 643 643 644 643 643 643 642 642 642 642 641 641 641 640 640 647 647 647 646 646 646 645 645 645 644 644 643 643 643 642 642 641 641 640 640 640 639 639 638 638 637 637 636 637 637 636 636 635 635 634 634 633 633 632 632 631 631 630 630 629 629 628 628 627 627 626 626 625 625 624
647 646 646 646 647 647 647 646 646 646 646 646 646 645 645 645 645 644 644 644 644 643 643 643 643 642 642 642 642 642 642 642 641 641 641 640 640 640 639 647 647 646 646 645 645 645 644 644 644 643 643 642 642 642 641 641 640 640 640 639 639 638 638 637 637 636 636 636 635 635 634 634 633 633 632 632 632 632 631 631 630 630 629 629 628 628 627 627 626 626 625 625 624 624
646 646 646 645 645 645 646 646 646 645 645 645 645 645 644 644 644 644 644 643 643 643 643 642 642 642 641 641 641 641 640 640 640 640 640 640 639 639 639 646 646 646 645 645 645 644 644 643 643 643 642 642 641 641 641 640 640 639 639 639 638 638 637 637 636 636 636 635 635 634 634 633 633 632 632 631 631 630 630 629 629 628 628 627 627 626 626 625 625 624 624 623 623 622
645 645 645 645 645 645 644 644 644 645 645 644 644 644 644 644 643 643 643 643 642 642 642 642 641 641 641 641 640 640 640 639 639 639 638 638 639 638 638 646 645 645 645 644 644 644 643 643 643 642 642 641 641 641 640 640 639 639 638 638 638 637 637 636 636 635 635 635 634 634 633 633 632 632 631 631 630 630 629 629 628 628 628 627 627 626 626 625 625 624 624 623 623 622
645 644 644 644 644 644 644 644 643 643 643 644 644 643 643 643 643 643 642 642 642 642 641 641 641 641 640 640 640 639 639 639 639 638 638 638 637 637 637 636 645 645 644 644 643 643 643 642 642 642 641 641 640 640 640 639 639 638 638 638 637 637 636 636 635 635 635 634 634 633 633 632 632 631 631 630 630 629 629 629 628 628 627 627 626 626 625 625 624 624 623 623 622 622
644 644 644 644 643 643 643 643 643 643 642 642 642 642 643 642 642 642 642 641 641 641 641 640 640 640 640 639 639 639 639 638 638 638 637 637 637 636 636 636 643 643 643 642 642 643 642 642 641 641 641 640 640 639 639 639 638 638 637 637 637 636 636 635 635 634 634 634 633 633 632 632 631 631 630 630 629 629 629 628 628 627 627 626 626 625 625 624 624 623 623 622 622 621
643 643 643 643 643 643 642 642 642 642 642 642 641 641 641 641 641 641 641 641 641 640 640 640 640 639 639 639 639 638 638 638 637 637 637 636 636 636 635 635 643 642 642 642 641 641 641 640 640 640 640 640 639 639 639 638 638 637 637 637 636 636 635 635 634 634 634 633 633 632 632 631 631 630 630 629 629 629 628 628 627 627 626 626 625 625 624 624 623 623 622 622 621 621
643 642 642 642 642 642 642 642 641 641 641 641 641 641 640 640 640 640 639 639 640 640 640 639 639 639 638 638 638 638 637 637 637 636 636 636 635 635 635 635 642 642 641 641 641 640 640 640 639 639 639 638 638 637 638 638 637 637 636 636 636 635 635 634 634 633 633 633 632 632 631 631 630 630 629 629 629 628 628 627 627 626 626 625 625 624 624 623 623 622 622 621 621 620
642 642 642 642 641 641 641 641 641 641 640 640 640 640 640 639 639 639 639 639 638 638 638 639 638 638 638 638 637 637 637 636 636 636 636 635 635 635 634 634 642 641 641 641 640 640 639 639 639 638 638 638 637 637 636 636 636 635 635 634 635 635 634 634 633 633 633 632 632 631 631 630 630 629 629 628 628 628 627 627 626 626 625 625 624 624 623 623 622 622 621 621 620 620
640 640 641 641 641 641 640 640 640 640 640 640 639 639 639 639 639 638 638 638 638 638 637 637 637 637 636 637 637 636 636 636 636 635 635 635 634 634 634 633 641 641 640 640 640 639 639 639 638 638 637 637 637 636 636 636 635 635 634 634 634 633 633 632 632 631 631 632 631 631 630 630 629 629 628 628 628 627 627 626 626 625 625 624 624 623 623 622 622 621 621 620 620 619
640 640 639 639 639 640 640 640 640 639 639 639 639 639 638 638 638 638 638 637 637 637 637 636 636 636 636 635 635 635 636 635 635 635 634 634 634 633 633 633 632 640 640 639 639 639 638 638 638 637 637 637 636 636 635 635 635 634 634 633 633 633 632 632 631 631 630 630 630 629 629 628 628 627 627 627 626 627 626 626 625 625 624 624 623 623 622 622 621 621 620 620 619 619
639 639 639 639 638 638 638 639 639 639 639 638 638 638 638 638 637 637 637 637 637 636 636 636 636 635 635 635 634 634 634 634 633 633 634 633 633 633 633 632 632 640 639 639 639 638 638 637 637 637 636 636 636 635 635 634 634 634 633 633 632 632 632 631 631 630 630 630 629 629 628 628 627 627 626 626 626 625 625 624 624 623 623 622 622 621 621 620 620 619 619 619 618 618
638 638 638 638 638 638 638 637 637 637 638 638 638 637 637 637 637 637 636 636 636 636 635 635 635 635 634 634 634 634 633 633 633 632 632 632 632 631 632 632 631 639 639 638 638 638 637 637 637 636 636 635 635 635 634 634 634 633 633 632 632 632 631 631 630 630 629 629 629 628 628 627 627 626 626 626 625 625 624 624 623 623 622 622 621 621 620 620 620 619 619 618 618 617
638 638 637 637 637 637 637 637 637 636 636 636 636 637 637 636 636 636 636 635 635 635 635 635 634 634 634 634 633 633 633 632 632 632 632 631 631 631 630 630 630 637 638 638 637 637 637 636 636 636 635 635 635 634 634 633 633 633 632 632 631 631 631 630 630 629 629 629 628 628 627 627 626 626 625 625 625 624 624 623 623 622 622 621 621 620 620 620 619 619 618 618 617 617
637 637 637 637 637 636 636 636 636 636 636 635 635 635 635 635 635 635 635 635 635 634 634 634 634 633 633 633 633 632 632 632 632 631 631 631 630 630 630 629 629 637 636 636 636 635 635 636 635 635 635 634 634 634 633 633 632 632 632 631 631 630 630 630 629 629 628 628 628 627 627 626 626 625 625 625 624 624 623 623 622 622 621 621 620 620 620 619 619 618 618 617 617 616
636 636 636 636 636 636 636 635 635 635 635 635 635 634 634 634 634 634 633 634 634 634 634 633 633 633 633 632 632 632 632 631 631 631 630 630 630 629 629 629 629 636 636 636 635 635 635 634 634 633 633 633 633 633 633 632 632 632 631 631 630 630 630 629 629 628 628 627 627 627 626 626 625 625 624 624 624 623 623 622 622 621 621 620 620 620 619 619 618 618 617 617 616 616
636 636 635 635 635 635 635 635 635 634 634 634 634 634 634 633 633 633 633 633 632 632 633 633 632 632 632 632 631 631 631 631 630 630 630 629 629 629 629 628 628 628 635 635 635 634 634 634 633 633 633 632 632 631 631 631 630 630 631 630 630 629 629 629 628 628 627 627 627 626 626 625 625 624 624 624 623 623 622 622 621 621 620 620 620 619 619 618 618 617 617 616 616 615
634 634 635 635 635 634 634 634 634 634 634 634 633 633 633 633 633 632 632 632 632 632 631 631 631 631 631 631 631 631 630 630 630 629 629 629 629 628 628 628 627 627 635 634 634 634 633 633 633 632 632 632 631 631 631 630 630 629 629 629 628 628 627 627 627 627 627 626 626 626 625 625 624 624 623 623 623 622 622 621 621 620 620 619 619 619 618 618 617 617 616 616 615 615
633 633 633 633 634 634 634 633 633 633 633 633 633 633 632 632 632 632 632 631 631 631 631 630 630 630 630 629 629 630 630 629 629 629 629 628 628 628 627 627 627 626 634 634 634 633 633 632 632 632 631 631 631 630 630 630 629 629 629 628 628 627 627 627 626 626 625 625 625 624 624 623 623 622 623 623 622 622 621 621 620 620 619 619 619 618 618 617 617 616 616 615 615 614
633 633 632 632 632 632 632 633 633 633 632 632 632 632 632 632 631 631 631 631 630 630 630 630 630 629 629 629 629 628 628 628 628 628 628 628 627 627 627 627 626 626 634 633 633 633 632 632 632 631 631 631 630 630 629 629 629 628 628 628 627 627 626 626 626 625 625 624 624 624 623 623 622 622 621 621 621 620 620 619 619 618 618 618 617 617 616 616 615 615 614 614 613 614
632 632 632 632 632 631 631 631 631 631 632 632 631 631 631 631 631 630 630 630 630 630 629 629 629 629 628 628 628 628 627 627 627 627 626 626 626 626 626 626 626 625 633 633 632 632 632 631 631 631 630 630 630 629 629 629 628 628 627 627 627 626 626 625 625 625 624 624 623 623 623 622 622 621 621 621 620 620 619 619 618 618 617 617 617 616 616 615 615 614 614 613 613 612
631 631 631 631 631 631 631 631 630 630 630 630 630 631 630 630 630 630 630 629 629 629 629 629 628 628 628 628 627 627 627 627 626 626 626 625 625 625 625 624 624 624 624 632 632 631 631 631 630 630 630 629 629 629 628 628 628 627 627 626 626 626 625 625 625 624 624 623 623 623 622 622 621 621 620 620 620 619 619 618 618 617 617 617 616 616 615 615 614 614 613 613 612 612
631 631 631 630 630 630 630 630 630 630 629 629 629 629 629 629 629 629 629 629 629 628 628 628 628 627 627 627 627 627 626 626 626 625 625 625 625 624 624 624 623 623 623 630 630 630 630 630 630 630 629 629 628 628 628 627 627 627 626 626 626 625 625 624 624 624 623 623 622 622 622 621 621 620 620 620 619 619 618 618 617 617 616 616 616 615 615 614 614 613 613 612 612 611
630 630 630 630 630 630 629 629 629 629 629 629 628 628 628 628 628 628 627 627 628 628 628 627 627 627 627 626 626 626 626 625 625 625 625 624 624 624 623 623 623 623 622 630 630 629 629 629 628 628 628 627 627 628 627 627 626 626 626 625 625 625 624 624 623 623 623 622 622 621 621 621 620 620 619 619 619 618 618 617 617 616 616 616 615 615 614 614 613 613 612 612 611 611
629 629 629 629 629 629 629 629 628 628 628 628 628 628 627 627 627 627 627 627 626 626 626 627 626 626 626 626 626 625 625 625 625 624 624 624 623 623 623 623 622 622 622 629 629 629 628 628 628 627 627 627 626 626 626 625 625 625 624 625 624 624 624 623 623 623 622 622 621 621 621 620 620 619 619 618 618 618 617 617 616 616 615 615 615 614 614 613 613 612 612 611 611 611
628 628 628 628 628 628 628 628 628 628 628 627 627 627 627 627 626 626 626 626 626 625 625 625 625 625 624 625 625 625 624 624 624 624 623 623 623 623 622 622 622 621 621 621 628 628 628 627 627 627 626 626 626 625 625 625 624 624 624 623 623 623 622 622 621 621 621 621 621 620 620 620 619 619 618 618 618 617 617 616 616 615 615 615 614 614 613 613 612 612 611 611 610 610
627 627 627 627 627 627 627 627 627 627 627 627 627 626 626 626 626 626 625 625 625 625 625 624 624 624 624 624 623 623 623 624 623 623 623 622 622 622 622 621 621 621 620 620 628 628 627 627 627 626 626 626 625 625 625 624 624 623 623 623 622 622 622 621 621 620 620 620 619 619 618 618 618 617 617 616 616 616 616 616 615 615 614 614 614 613 613 612 612 611 611 610 610 610
626 626 626 626 626 626 626 626 625 626 626 626 626 626 626 625 625 625 625 625 624 624 624 624 624 623 623 623 623 622 622 622 622 621 621 622 622 621 621 621 620 620 620 620 627 627 627 626 626 626 625 625 625 624 624 624 623 623 623 622 622 621 621 621 620 620 620 619 619 618 618 618 617 617 616 616 616 615 615 614 614 613 613 613 612 612 611 611 610 610 609 609 609 608
626 626 626 625 625 625 625 625 625 625 625 624 625 625 625 625 625 624 624 624 624 624 623 623 623 623 623 622 622 622 622 621 621 621 621 620 620 620 619 619 620 620 619 619 627 626 626 626 625 625 625 624 624 624 623 623 623 622 622 622 621 621 621 620 620 619 619 619 618 618 617 617 617 616 616 615 615 615 614 614 613 613 612 612 612 611 611 610 610 609 609 608 608 608
625 625 625 625 625 625 624 624 624 624 624 624 624 623 623 624 624 624 624 623 623 623 623 623 622 622 622 622 621 621 621 621 620 620 620 620 619 619 619 619 618 618 618 617 625 626 625 625 625 624 624 624 623 623 623 622 622 622 621 621 621 620 620 620 619 619 618 618 618 617 617 617 616 616 615 615 614 614 614 613 613 612 612 612 611 611 610 610 609 609 608 608 608 607
624 624 624 624 624 624 624 624 624 623 623 623 623 623 623 622 622 622 622 623 623 622 622 622 622 621 621 621 621 621 620 620 620 620 619 619 619 619 618 618 618 617 617 617 616 624 624 624 623 623 623 623 623 623 622 622 622 621 621 620 620 620 619 619 619 618 618 618 617 617 616 616 616 615 615 614 614 614 613 613 612 612 611 611 611 610 610 609 609 608 608 608 607 607
624 624 624 624 623 623 623 623 623 623 623 622 622 622 622 622 622 621 621 621 621 621 621 621 621 621 621 620 620 620 620 619 619 619 619 618 618 618 618 617 617 617 616 616 616 624 623 623 623 622 622 622 621 621 621 620 620 621 620 620 620 619 619 618 618 618 617 617 617 616 616 615 615 615 614 614 613 613 613 612 612 611 611 611 610 610 609 609 608 608 607 607 607 606
622 622 623 623 623 623 623 622 622 622 622 622 622 622 621 621 621 621 621 620 620 620 620 620 619 619 620 620 620 619 619 619 619 618 618 618 618 617 617 617 616 616 616 616 615 623 623 622 622 622 621 621 621 620 620 620 619 619 619 618 618 618 617 617 617 617 617 616 616 616 615 615 614 614 614 613 613 612 612 612 611 611 610 610 610 609 609 608 608 607 607 607 606 606
