testData/tiles/oneDegreeCosts/grid18.0-9.0-19.0-10.0.asc
ncols   200
nrows   200
xllcorner   18.0
yllcorner   9.0
cellsize   0.005
NODATA_value   -9999.0
[rows 126 to 167 of 200, columns 0 to 93 of 200]
244 244 244 244 244 244 244 244 244 244 244 244 244 244 244 244 244 244 244 251 250 256 265 272 277 282 286 290 292 295 296 298 299 300 300 300 301 300 299 298 296 295 292 290 287 284 280 276 272 266 260 254 247 237 228 213 209 205 200 195 189 182 174 164 157 157 152 152 152 152 152 152 152 152 152 152 152 152 152 152 152 152 152 152 152 152 152 153 154 154 155 156 157 157
244 244 244 244 244 244 244 244 244 244 244 244 244 244 244 244 244 244 244 251 250 257 266 272 278 283 287 290 293 295 297 299 299 300 301 301 300 299 299 298 297 294 292 290 287 284 280 276 271 267 261 254 246 237 217 213 210 206 201 196 190 183 175 165 157 157 152 152 152 152 152 152 152 152 152 152 152 152 152 152 152 152 152 152 152 152 152 153 154 155 155 156 157 157
244 244 244 244 244 244 244 244 244 244 244 244 244 244 244 244 244 244 244 251 250 258 266 273 278 283 287 290 293 295 297 298 300 300 301 301 300 300 299 298 296 294 293 289 287 284 280 276 271 266 260 254 246 235 217 214 210 206 202 196 190 184 176 166 157 157 152 152 152 152 152 152 152 152 152 152 152 152 152 152 152 152 152 152 152 152 152 153 154 155 155 156 157 158
244 244 244 244 244 244 244 244 244 244 244 244 244 244 244 244 244 244 244 251 250 258 266 273 279 284 287 291 293 295 298 299 300 301 301 301 301 300 299 298 296 295 292 290 287 284 280 276 272 266 261 254 245 235 218 214 211 207 202 197 191 184 176 167 157 157 152 152 152 152 152 152 152 152 152 152 152 152 152 152 152 152 152 152 152 152 152 153 154 155 156 156 157 158
244 244 244 244 244 244 244 244 244 244 244 244 244 244 244 244 244 244 244 250 250 259 267 274 280 283 288 291 293 296 297 299 300 301 301 301 301 301 300 298 297 294 292 290 287 283 281 276 271 266 260 253 245 234 218 215 211 207 203 197 192 185 177 168 157 157 152 152 152 152 152 152 152 152 152 152 152 152 152 152 152 152 152 152 152 152 153 153 154 155 156 156 157 158
244 244 244 244 244 244 244 244 244 244 244 244 244 244 244 244 244 244 244 250 250 260 268 275 279 284 288 291 294 296 298 300 300 300 301 301 301 300 299 298 296 295 293 290 287 284 280 276 272 266 260 253 244 234 219 215 212 208 203 198 192 186 178 169 157 180 152 152 152 152 152 152 152 152 152 152 152 152 152 152 152 152 152 152 152 152 153 154 154 155 156 157 157 158
244 244 244 244 244 244 244 244 244 244 244 244 244 244 244 244 244 244 244 250 250 260 269 274 280 285 289 291 294 296 298 299 301 301 301 302 301 300 299 298 297 295 292 290 287 284 280 276 271 266 260 253 244 234 219 216 212 208 204 199 193 186 179 169 158 180 152 152 152 152 152 152 152 152 152 152 152 152 152 152 152 152 152 152 152 152 153 154 154 155 156 157 157 158
244 244 244 244 244 244 244 244 244 244 244 244 244 244 244 244 244 244 244 250 251 261 268 275 280 285 288 292 295 296 298 299 300 301 301 301 301 301 300 298 297 294 292 290 287 283 280 276 271 266 259 252 243 234 219 216 213 209 204 199 193 187 179 170 159 180 152 152 152 152 152 152 152 152 152 152 152 152 152 152 152 152 152 152 152 152 153 154 155 155 156 157 157 158
244 244 244 244 244 244 244 244 244 244 244 244 244 244 244 244 244 244 244 250 252 261 269 275 281 285 289 292 294 297 298 300 300 302 302 301 301 300 299 298 296 295 293 290 287 284 280 276 271 265 260 252 242 235 220 217 213 209 205 200 194 187 180 171 160 180 152 152 152 152 152 152 152 152 152 152 152 152 152 152 152 152 152 152 152 152 153 154 155 155 156 157 158 158
244 244 244 244 244 244 244 244 244 244 244 244 244 244 244 244 244 244 244 249 252 262 270 276 280 285 289 292 295 297 298 300 301 301 302 302 301 300 299 298 297 295 292 290 287 283 279 275 271 266 259 251 242 223 220 217 214 210 205 200 194 188 181 172 161 180 152 152 152 152 152 152 152 152 152 152 152 152 152 152 152 152 152 152 152 152 153 154 155 156 156 157 158 158
244 244 244 244 244 244 244 244 244 244 244 244 244 244 244 244 244 244 244 249 253 263 270 276 281 286 290 292 295 297 299 300 301 301 301 302 302 301 300 299 297 294 293 289 287 284 280 276 271 265 258 251 241 224 221 218 214 210 206 201 195 189 181 173 162 180 152 152 152 152 152 152 152 152 152 152 152 152 152 152 152 152 152 152 152 153 153 154 155 156 156 157 158 158
244 244 244 244 244 244 244 244 244 244 244 244 244 244 244 244 244 244 244 249 254 263 270 276 282 286 289 292 295 297 299 300 300 302 302 301 301 301 300 298 296 295 293 290 286 284 279 275 270 264 258 251 239 224 221 218 214 210 206 201 196 189 182 173 163 180 152 152 152 152 152 152 152 152 152 152 152 152 152 152 152 152 152 152 152 153 154 154 155 156 157 157 158 159
244 244 244 244 244 244 244 244 244 244 244 244 244 244 244 244 244 244 250 249 254 263 271 277 282 286 289 293 295 297 299 300 301 301 302 302 301 300 299 298 297 295 292 290 287 283 279 275 270 265 258 250 239 224 222 218 215 211 206 202 196 190 183 174 163 180 180 152 152 152 152 152 152 152 152 152 152 152 152 152 152 152 152 152 152 153 154 154 155 156 157 157 158 159
244 244 244 244 244 244 244 244 244 244 244 244 244 244 244 244 244 244 250 249 254 264 271 277 282 286 290 292 295 298 299 300 301 301 301 302 302 301 300 299 297 294 293 289 287 284 280 275 270 264 257 249 239 225 222 219 215 211 207 202 197 190 183 175 187 180 180 152 152 152 152 152 152 152 152 152 152 152 152 152 152 152 152 152 152 153 154 155 155 156 157 157 158 159
244 244 244 244 244 244 244 244 244 244 244 244 244 244 244 244 244 244 249 248 255 264 272 278 282 287 290 293 296 297 299 300 302 302 302 302 302 301 300 298 296 295 292 290 286 283 279 275 270 263 257 249 240 225 222 219 216 212 207 203 197 191 184 175 188 180 180 152 152 152 152 152 152 152 152 152 152 152 152 152 152 152 152 152 152 153 154 155 155 156 157 158 158 159
244 244 244 244 244 244 244 244 244 244 244 244 244 244 244 244 244 244 249 248 256 265 272 277 283 287 290 293 295 298 299 300 301 302 302 302 301 300 299 298 297 295 292 289 287 283 279 274 269 264 256 247 240 225 223 220 216 212 208 203 198 191 184 176 189 180 180 152 152 152 152 152 152 152 152 152 152 152 152 152 152 152 152 152 152 153 154 155 156 156 157 158 158 159
244 244 244 244 244 244 244 244 244 244 244 244 244 244 244 244 244 244 249 248 257 266 272 278 283 286 290 294 295 298 299 301 301 301 302 302 302 301 300 299 297 294 292 289 286 283 279 274 269 263 255 246 228 226 223 220 216 213 208 203 198 192 185 177 190 180 180 152 152 152 152 152 152 152 152 152 152 152 152 152 152 152 152 152 153 153 154 155 156 156 157 158 159 159
244 244 244 244 244 244 244 244 244 244 244 244 244 244 244 244 244 244 249 248 256 265 272 278 282 287 291 293 296 297 299 300 302 302 302 302 302 301 300 298 296 295 292 290 286 283 278 274 269 262 256 246 229 226 223 220 217 213 209 204 198 192 185 177 190 180 180 152 152 152 152 152 152 152 152 152 152 152 152 152 152 152 152 152 153 153 154 155 156 157 157 158 159 160
244 244 244 244 244 244 244 244 244 244 244 244 244 244 244 244 244 244 249 248 257 266 273 279 283 287 291 293 296 298 300 300 301 302 302 302 301 300 299 298 297 294 292 289 286 282 278 273 268 262 255 244 229 226 224 221 217 213 209 204 199 193 186 178 191 180 180 152 152 152 152 152 152 152 152 152 152 152 152 152 152 152 152 152 153 154 154 155 156 157 157 158 160 160
244 244 244 244 244 244 244 244 244 244 244 244 244 244 244 244 244 244 248 248 258 266 273 278 283 288 290 294 296 298 299 301 301 301 302 302 302 301 300 298 296 294 291 289 286 282 278 274 269 262 254 243 229 227 224 221 218 214 209 205 199 193 186 178 192 180 180 152 152 152 152 152 152 152 152 152 152 152 152 152 152 152 152 152 153 154 155 155 156 157 157 159 160 160
244 244 244 244 244 244 244 244 244 244 244 244 244 244 244 244 244 244 248 248 258 267 273 279 284 287 291 294 296 298 299 300 302 302 302 302 302 301 299 298 296 295 292 289 285 282 278 273 268 261 254 244 230 227 224 221 218 214 210 205 200 194 187 179 192 180 180 152 152 152 152 152 152 152 152 152 152 152 152 152 152 152 152 152 153 154 155 155 156 157 158 159 160 161
244 244 244 244 244 244 244 244 244 244 244 244 244 244 244 244 244 244 248 248 258 267 273 279 283 287 291 293 296 298 300 300 302 302 302 302 301 300 299 298 297 294 292 289 286 282 277 273 267 261 252 244 230 227 225 222 218 214 210 205 200 194 187 203 193 181 180 152 152 152 152 152 152 152 152 152 152 152 152 152 152 152 152 152 153 154 155 156 156 157 159 159 160 161
244 244 244 244 244 244 244 244 244 244 244 244 244 244 244 244 244 244 248 248 259 267 274 280 284 288 291 294 297 298 300 301 301 301 302 302 301 301 300 298 296 294 291 288 285 281 278 273 266 260 251 244 230 228 225 222 219 215 211 206 201 195 188 203 194 182 180 152 152 152 152 152 152 152 152 152 152 152 152 152 152 152 152 152 153 154 155 156 156 158 159 160 160 161
244 244 244 244 244 244 244 244 244 244 244 244 244 244 244 244 244 244 247 249 259 268 274 279 284 288 291 294 296 298 299 301 302 302 302 302 302 301 299 298 296 293 292 288 285 282 277 272 267 259 251 233 231 228 225 222 219 215 211 206 201 195 188 204 194 183 180 152 152 152 152 152 152 152 152 152 152 152 152 152 152 152 152 153 153 154 155 156 158 158 159 160 160 161
244 244 244 244 244 244 244 244 244 244 244 244 244 244 244 244 244 244 247 249 260 268 274 280 284 288 291 294 296 299 300 300 302 302 302 302 301 300 299 298 295 294 291 289 284 281 277 272 266 259 250 233 231 228 226 223 219 215 211 207 201 196 189 204 195 183 180 152 152 152 152 152 152 152 152 152 152 152 152 152 152 152 152 153 154 154 155 156 158 158 159 160 160 161
244 244 244 244 244 244 244 244 244 244 244 244 244 244 244 244 244 244 247 250 259 268 274 280 284 288 292 294 297 298 300 301 301 302 302 302 301 300 299 297 296 294 291 288 285 281 276 271 265 258 248 233 231 229 226 223 220 216 212 207 202 196 189 205 195 184 180 152 152 152 152 152 152 152 152 152 152 152 152 152 152 152 152 153 154 154 155 157 158 158 159 160 160 161
244 244 244 244 244 244 244 244 244 244 244 244 244 244 244 244 244 244 247 250 260 268 275 279 284 288 291 294 296 298 299 301 301 302 301 301 301 300 299 297 296 293 290 288 284 280 276 271 264 257 247 234 231 229 226 223 220 216 212 207 202 196 190 205 196 185 180 152 152 152 152 152 152 152 152 152 152 152 152 152 152 152 152 153 154 155 156 157 158 159 159 160 161 161
244 244 244 244 244 244 244 244 244 244 244 244 244 244 244 244 244 244 246 250 261 269 275 280 284 289 291 294 296 298 300 300 302 302 302 301 301 300 299 298 295 293 291 287 284 281 276 270 264 256 248 234 232 229 227 223 220 216 212 208 202 197 190 206 197 185 180 152 152 152 152 152 152 152 152 152 152 152 152 152 152 152 152 153 154 156 156 157 158 159 159 160 161 161
244 244 244 244 244 244 244 244 244 244 244 244 244 244 244 244 244 244 246 251 261 269 275 280 285 288 292 294 296 298 300 301 301 302 302 302 301 300 299 297 295 293 290 288 283 280 275 270 264 256 248 234 232 230 227 224 220 217 213 208 203 197 191 206 197 186 180 152 152 152 152 152 152 152 152 152 152 152 152 152 152 152 152 153 154 156 157 157 158 159 159 160 161 161
244 244 244 244 244 244 244 244 244 244 244 244 244 244 244 244 244 244 246 252 261 268 275 280 284 288 292 294 297 298 299 301 301 301 301 301 300 299 298 297 295 293 290 287 284 279 274 269 263 255 248 234 232 230 227 224 221 217 213 208 203 197 214 206 198 187 180 152 152 152 152 152 152 152 152 152 152 152 152 152 152 152 152 153 155 156 157 157 158 159 160 160 161 162
244 244 244 244 244 244 244 244 244 244 244 244 244 244 244 244 244 244 246 251 261 269 275 280 285 289 291 294 296 298 299 300 301 302 301 301 300 300 299 296 295 292 290 287 283 279 275 269 262 253 236 235 232 230 227 224 221 217 213 209 204 198 214 207 198 187 180 152 152 152 152 152 152 152 152 152 152 152 152 152 152 152 153 154 155 156 157 158 158 159 160 160 161 162
244 244 244 244 244 244 244 244 244 244 244 244 244 244 244 244 244 246 245 252 262 269 275 280 285 288 291 294 296 298 300 300 301 302 302 301 301 300 298 297 294 292 290 286 283 279 274 268 262 252 237 235 233 230 228 225 221 218 213 209 204 198 215 207 199 188 180 180 152 152 152 152 152 152 152 152 152 152 152 152 152 152 153 155 155 156 157 158 158 159 160 160 161 162
244 244 244 244 244 244 244 244 244 244 244 244 244 244 244 244 244 246 245 252 262 269 275 281 284 288 292 294 297 298 299 301 301 301 301 301 300 299 298 297 294 292 290 287 282 279 273 268 261 251 237 235 233 231 228 225 222 218 214 209 204 199 215 208 199 188 180 180 152 152 152 152 152 152 152 152 152 152 152 152 152 152 154 155 155 156 157 158 159 159 160 161 161 162
244 244 244 244 244 244 244 244 244 244 244 244 244 244 244 244 244 246 245 253 261 269 275 281 285 289 291 294 296 298 299 300 301 301 301 301 300 299 298 296 295 292 289 286 283 278 273 267 260 251 237 235 233 231 228 225 222 218 214 210 205 199 215 208 199 189 180 180 152 152 152 152 152 152 152 152 152 152 152 152 152 152 154 155 156 156 157 158 159 159 160 161 161 162
244 244 244 244 244 244 244 244 244 244 244 244 244 244 244 244 244 246 245 253 262 269 276 280 285 289 291 294 296 297 299 300 300 302 301 301 300 299 297 296 294 291 289 285 282 277 272 267 258 251 237 236 233 231 228 225 222 218 214 210 205 199 216 208 200 190 180 180 152 152 152 152 152 152 152 152 152 152 152 152 152 153 154 155 156 156 157 158 159 159 160 161 161 162
244 244 244 244 244 244 244 244 244 244 244 244 244 244 244 244 244 245 244 253 262 270 275 280 285 288 292 294 296 298 299 300 301 301 301 300 300 299 298 295 294 291 288 285 281 277 272 266 258 251 238 236 234 231 229 226 222 219 215 210 205 199 216 209 200 190 180 180 152 152 152 152 152 152 152 152 152 152 152 152 152 153 154 155 156 157 157 158 159 160 160 161 162 162
244 244 244 244 244 244 244 244 244 244 244 244 244 244 244 244 244 245 244 254 263 269 275 281 284 288 291 294 296 298 299 299 301 301 301 300 300 299 297 296 293 290 288 284 281 277 271 265 257 239 238 236 234 231 229 226 223 219 215 210 205 200 216 209 201 191 180 180 152 152 152 152 152 152 152 152 152 152 152 152 153 153 154 155 156 157 157 158 159 160 160 161 162 162
244 244 244 244 244 244 244 244 244 244 244 244 244 244 244 244 244 245 244 254 262 270 276 280 285 289 291 294 296 297 299 300 300 300 300 300 299 298 297 295 293 291 288 285 280 276 270 264 255 240 238 236 234 232 229 226 223 219 215 211 206 200 217 210 201 191 180 180 152 152 152 152 152 152 152 152 152 152 152 152 153 154 154 155 156 157 158 158 159 160 160 161 162 162
244 244 244 244 244 244 244 244 244 244 244 244 244 244 244 244 244 245 244 253 263 270 275 280 285 288 291 293 296 297 298 300 300 300 300 300 299 298 296 295 293 290 287 284 280 275 270 263 253 240 238 236 234 232 229 226 223 219 215 211 206 223 217 210 202 191 180 180 152 152 152 152 152 152 152 152 152 152 152 152 153 154 155 155 156 157 158 158 159 160 161 161 162 162
244 244 244 244 244 244 244 244 244 244 244 244 244 244 244 244 244 244 244 254 263 269 275 281 284 288 292 294 295 298 298 299 300 301 300 300 299 298 296 294 293 290 287 283 280 275 269 263 253 240 238 237 234 232 229 227 223 220 216 211 206 224 217 210 202 192 180 180 152 152 152 152 152 152 152 152 152 152 152 152 153 154 155 155 156 157 158 159 159 160 161 161 162 163
244 244 244 244 244 244 244 244 244 244 244 244 244 244 244 244 244 244 244 254 262 270 276 281 284 288 291 294 295 297 299 299 300 300 300 299 299 298 296 294 292 289 286 283 279 274 269 261 254 240 239 237 235 232 230 227 223 220 216 211 206 224 218 211 202 192 180 180 152 152 152 152 152 152 152 152 152 152 152 152 153 154 155 156 156 157 158 159 159 160 161 161 162 163
244 244 244 244 244 244 244 244 244 244 244 244 244 244 244 244 244 244 244 254 263 270 276 280 285 288 291 293 296 297 298 300 300 300 300 299 299 297 296 294 292 289 287 282 278 274 268 260 254 240 239 237 235 233 230 227 224 220 216 212 207 224 218 211 203 193 180 180 152 152 152 152 152 152 152 152 152 152 152 152 153 154 155 156 156 157 158 159 159 160 161 161 162 163
