testData/tiles/oneDegreeCosts/grid1.0-38.0-2.0-39.0.asc
ncols   200
nrows   200
xllcorner   1.0
yllcorner   38.0
cellsize   0.005
NODATA_value   -9999.0
[rows 150 to 199 of 200, columns 96 to 191 of 200]
155 154 154 154 154 153 153 153 153 152 152 152 151 151 151 151 150 150 150 150 149 149 149 149 148 148 148 148 147 147 147 147 146 146 146 146 145 145 145 145 145 146 147 146 147 148 149 148 149 150 150 150 151 152 151 152 153 153 153 154 154 155 154 155 156 156 156 157 157 157 157 158 159 158 159 159 160 159 160 161 160 161 161 162 162 163 163 164 164 165 166 166 167 167 168 168
154 154 154 154 153 153 153 153 152 152 152 152 151 151 151 151 150 150 150 150 149 149 149 148 148 148 148 147 147 147 147 146 146 146 146 145 145 145 146 146 146 147 148 148 148 149 149 149 150 151 151 151 152 153 152 153 154 154 154 155 155 155 156 156 157 156 157 158 158 158 158 159 160 159 160 160 160 160 161 162 161 162 162 163 163 164 164 165 165 166 166 167 168 168 169 169
154 154 154 153 153 153 153 152 152 152 152 151 151 151 151 150 150 150 150 149 149 149 149 148 148 148 148 147 147 147 147 146 146 146 145 145 145 146 146 147 147 148 148 149 149 150 150 151 151 152 152 152 153 153 153 154 155 154 155 156 156 156 157 157 158 157 158 159 158 159 159 160 160 160 161 161 161 161 162 162 162 163 163 164 164 165 165 166 166 167 167 168 168 169 169 170
154 154 153 153 153 153 152 152 152 152 151 151 151 151 150 150 150 150 149 149 149 149 148 148 148 148 147 147 147 147 146 146 146 146 145 146 146 147 147 148 148 148 149 150 150 150 151 151 152 152 153 153 154 154 154 155 155 155 156 156 156 157 157 158 158 158 159 159 159 160 160 160 160 161 162 161 162 162 163 162 163 163 164 164 165 166 166 167 167 168 168 169 169 170 170 171
154 154 153 153 153 153 152 152 152 152 151 151 151 151 150 150 150 150 149 149 149 148 148 148 148 147 147 147 147 146 146 146 146 146 146 146 147 147 148 148 149 149 150 150 151 151 152 152 152 153 153 154 154 154 155 156 155 156 157 157 157 157 158 158 158 159 160 159 160 160 161 161 161 162 162 162 162 163 163 163 164 164 165 165 166 166 167 167 168 168 169 169 170 170 171 171
154 153 153 153 153 152 152 152 152 151 151 151 151 150 150 150 150 149 149 149 149 148 148 148 148 147 147 147 147 146 146 146 146 146 146 147 147 148 148 149 149 150 150 151 151 152 152 153 153 153 154 155 154 155 156 156 156 157 157 157 158 158 159 158 159 160 160 160 160 161 161 161 162 162 162 162 163 164 163 164 164 165 165 166 166 167 167 168 168 169 169 170 170 171 171 172
153 153 153 153 152 152 152 152 151 151 151 151 150 150 150 150 149 149 149 149 148 148 148 148 147 147 147 147 146 146 146 146 146 146 147 148 148 148 149 149 150 150 151 151 151 152 153 153 153 154 155 155 155 156 156 156 157 157 157 157 158 159 159 159 160 160 160 160 161 161 161 162 162 162 162 163 163 163 164 164 165 165 166 166 167 167 168 168 169 169 170 170 171 171 172 172
153 153 153 153 152 152 152 152 151 151 151 151 150 150 150 149 149 149 149 148 148 148 148 147 147 147 147 146 146 146 146 146 146 147 148 148 148 149 150 149 150 151 152 151 152 153 153 153 154 154 154 155 155 156 156 156 157 158 157 158 159 159 159 159 160 160 160 161 161 161 162 162 163 162 163 163 164 163 164 165 165 166 166 167 167 168 168 169 169 170 170 171 171 172 172 173
153 153 153 152 152 152 152 151 151 151 151 150 150 150 150 149 149 149 149 148 148 148 148 147 147 147 147 146 146 146 145 146 146 147 147 148 148 149 149 150 150 151 151 152 152 153 153 153 154 155 154 155 156 156 156 157 157 157 158 158 159 159 159 160 160 160 161 161 162 161 162 162 162 163 163 164 163 164 164 165 165 166 166 167 168 168 169 169 170 170 171 171 172 172 173 173
153 153 152 152 152 152 151 151 151 151 150 150 150 150 149 149 149 149 148 148 148 148 147 147 147 147 146 146 146 146 145 146 147 147 147 148 149 150 149 150 151 151 151 152 153 153 153 154 154 154 155 155 156 156 156 157 158 157 158 159 158 159 159 160 160 160 161 161 161 162 162 163 162 163 163 163 163 164 165 165 166 166 167 167 168 168 169 169 170 170 171 171 172 172 173 173
153 152 152 152 152 151 151 151 151 150 150 150 150 149 149 149 149 148 148 148 148 147 147 147 147 146 146 146 146 145 145 146 147 147 147 148 149 149 149 150 151 151 151 152 153 153 153 154 154 154 155 156 155 156 156 157 157 157 158 159 158 159 160 160 160 160 161 161 161 162 162 162 162 163 163 163 164 164 165 165 166 166 167 167 168 168 169 169 170 170 171 171 172 172 173 173
153 152 152 152 152 151 151 151 151 150 150 150 150 149 149 149 149 148 148 148 148 147 147 147 147 146 146 146 145 145 145 146 146 147 147 148 148 149 149 150 150 151 151 152 152 153 153 154 154 154 155 156 155 156 157 156 157 157 158 158 158 159 160 159 160 160 161 161 161 162 162 162 162 163 163 163 164 164 165 165 166 166 167 167 168 168 169 169 170 170 171 171 172 172 173 173
152 152 152 152 151 151 151 151 150 150 150 150 149 149 149 149 148 148 148 148 147 147 147 147 146 146 146 146 145 145 145 146 146 147 147 148 148 149 149 149 150 151 151 151 152 152 153 153 154 154 155 155 155 156 156 156 157 157 158 158 158 159 159 159 160 160 160 160 161 162 161 162 162 163 162 163 164 164 165 165 166 166 167 167 168 168 169 169 170 170 171 171 172 172 173 173
152 152 152 151 151 151 151 150 150 150 150 149 149 149 149 148 148 148 148 147 147 147 147 146 146 146 146 145 145 145 145 145 146 146 147 147 148 149 149 149 150 150 151 151 152 152 153 153 153 154 154 154 155 156 155 156 157 157 157 158 158 159 158 159 160 160 160 160 161 161 161 162 162 162 162 163 163 164 165 165 166 166 167 167 168 168 169 169 170 170 171 171 172 172 173 173
152 152 151 151 151 151 150 150 150 150 149 149 149 149 148 148 148 148 147 147 147 147 146 146 146 146 145 145 145 145 144 145 145 146 146 147 147 148 148 149 149 150 150 151 151 152 152 152 153 154 153 154 155 155 155 156 156 156 157 157 158 157 158 159 159 159 160 160 161 160 161 161 162 162 162 163 163 164 164 165 165 166 166 167 168 168 169 169 170 170 171 171 172 172 173 173
152 152 151 151 151 151 150 150 150 150 149 149 149 149 148 148 148 148 147 147 147 147 146 146 146 146 145 145 145 145 144 144 145 146 146 146 147 147 148 148 149 149 150 150 151 151 151 152 153 152 153 154 154 154 155 155 156 156 156 157 158 157 158 158 158 159 159 160 159 160 161 161 161 161 162 162 163 163 164 165 165 166 166 167 167 168 168 169 169 170 170 171 171 172 172 173
152 151 151 151 151 150 150 150 150 149 149 149 149 148 148 148 148 147 147 147 147 146 146 146 146 145 145 145 145 144 144 144 144 144 145 146 147 146 147 148 149 148 149 150 150 150 151 152 151 152 153 153 153 154 154 155 155 155 156 156 156 157 157 158 158 158 159 159 159 159 160 160 160 161 161 162 162 163 164 164 165 165 166 166 167 167 168 168 169 169 170 170 171 171 172 172
151 151 151 151 150 150 150 150 149 149 149 149 148 148 148 148 147 147 147 147 146 146 146 146 145 145 145 145 144 144 144 144 143 144 144 145 145 146 146 147 147 148 148 149 149 150 150 151 151 151 152 153 152 153 154 154 154 155 155 155 156 156 157 156 157 158 158 158 158 159 160 159 160 160 161 161 162 163 163 164 164 165 165 166 166 167 167 168 168 169 169 170 170 171 171 172
151 151 151 150 150 150 150 149 149 149 149 148 148 148 148 148 147 147 147 147 146 146 146 146 145 145 145 145 144 144 144 143 143 143 144 143 144 145 146 145 146 147 148 147 148 149 150 149 150 151 151 151 152 152 153 153 153 154 155 154 155 155 156 156 156 157 157 157 158 158 158 159 159 160 160 161 161 162 162 163 164 164 165 165 166 166 167 167 168 168 169 169 170 170 171 171
151 151 150 150 150 150 150 149 149 149 149 148 148 148 148 147 147 147 147 146 146 146 146 145 145 145 145 144 144 144 144 143 143 143 143 143 143 144 145 145 145 146 147 147 147 148 148 148 149 150 150 150 151 152 151 152 153 153 153 153 154 155 154 155 156 156 156 156 157 158 157 158 158 159 160 160 161 161 162 162 163 163 164 164 165 166 166 167 167 168 168 169 169 170 170 171
151 151 150 150 150 150 149 149 149 149 148 148 148 148 147 147 147 147 146 146 146 146 145 145 145 145 144 144 144 144 143 143 143 143 142 142 142 143 143 144 144 145 145 146 146 147 147 148 148 149 149 149 150 151 150 151 152 151 152 153 153 153 154 154 155 154 155 156 156 156 156 157 158 158 159 159 160 160 161 161 162 163 163 164 164 165 165 166 166 167 167 168 168 169 169 170
151 150 150 150 150 149 149 149 149 148 148 148 148 147 147 147 147 146 146 146 146 145 145 145 145 144 144 144 144 143 143 143 143 142 142 142 142 141 142 143 143 143 144 145 145 145 146 146 147 147 148 148 149 149 149 150 151 150 151 152 152 152 153 153 153 153 154 155 154 155 155 156 157 157 158 158 159 159 160 161 161 162 162 163 163 164 164 165 165 166 166 167 168 168 169 169
150 150 150 150 149 149 149 149 148 148 148 148 147 147 147 147 147 146 146 146 146 145 145 145 145 144 144 144 144 143 143 143 143 142 142 142 142 141 141 141 142 142 143 143 143 144 145 145 145 146 146 147 147 148 148 149 149 149 150 151 150 151 151 152 152 152 153 154 153 154 154 155 156 156 157 157 158 158 159 160 160 161 161 162 162 163 163 164 164 165 166 166 167 167 168 168
150 150 150 149 149 149 149 149 148 148 148 148 147 147 147 147 146 146 146 146 145 145 145 145 144 144 144 144 143 143 143 143 142 142 142 142 141 141 141 141 140 140 141 142 142 143 143 144 144 144 145 146 146 146 147 148 147 148 149 148 149 150 150 150 151 151 152 151 152 153 153 154 154 155 156 156 157 157 158 158 159 160 160 161 161 162 162 163 163 164 164 165 166 166 167 167
150 150 150 149 149 149 149 148 148 148 148 147 147 147 147 146 146 146 146 145 145 145 145 144 144 144 144 143 143 143 143 142 142 142 142 141 141 141 141 140 140 140 140 140 140 141 142 142 142 143 144 143 144 145 146 145 146 147 147 147 148 148 149 149 149 150 150 150 151 151 152 153 153 154 154 155 156 156 157 157 158 158 159 160 160 161 161 162 162 163 163 164 164 165 165 166
150 150 149 149 149 149 148 148 148 148 147 147 147 147 146 146 146 146 145 145 145 145 144 144 144 144 143 143 143 143 142 142 142 142 141 141 141 141 140 140 140 140 139 139 139 139 139 140 141 141 141 142 143 143 143 144 144 145 145 146 146 147 147 147 148 148 148 149 149 150 151 151 152 152 153 154 154 155 155 156 157 157 158 158 159 159 160 160 161 162 162 163 163 164 164 165
150 149 149 149 149 148 148 148 148 147 147 147 147 146 146 146 146 146 145 145 145 145 144 144 144 144 143 143 143 143 142 142 142 142 141 141 141 141 140 140 140 140 139 139 139 139 138 138 139 140 140 140 141 142 141 142 143 143 143 144 145 144 145 146 146 146 147 147 148 148 149 150 150 151 152 152 153 153 154 155 155 156 156 157 157 158 159 159 160 160 161 161 162 162 163 163
149 149 149 149 148 148 148 148 148 147 147 147 147 146 146 146 146 145 145 145 145 144 144 144 144 143 143 143 143 142 142 142 142 141 141 141 141 140 140 140 140 139 139 139 139 138 138 138 138 137 138 138 139 139 140 140 141 141 142 142 143 143 143 144 144 144 145 146 146 147 147 148 149 149 150 151 151 152 152 153 154 154 155 155 156 156 157 158 158 159 159 160 160 161 161 162
149 149 149 149 148 148 148 148 147 147 147 147 146 146 146 146 145 145 145 145 144 144 144 144 143 143 143 143 142 142 142 142 141 141 141 141 140 140 140 140 139 139 139 139 138 138 138 138 137 137 137 137 136 137 138 138 138 139 140 140 140 141 141 142 142 142 143 144 144 145 146 146 147 148 148 149 150 150 151 151 152 153 153 154 154 155 155 156 157 157 158 158 159 159 160 160
149 149 149 148 148 148 148 147 147 147 147 146 146 146 146 145 145 145 145 144 144 144 144 143 143 143 143 143 142 142 142 142 141 141 141 141 140 140 140 140 139 139 139 139 138 138 138 138 137 137 137 136 136 136 136 135 136 137 138 137 138 139 139 139 140 141 141 142 143 143 144 145 145 146 146 147 148 148 149 150 150 151 151 152 152 153 154 154 155 155 156 156 157 158 158 159
149 149 148 148 148 148 147 147 147 147 146 146 146 146 145 145 145 145 145 144 144 144 144 143 143 143 143 142 142 142 142 141 141 141 141 140 140 140 140 139 139 139 139 138 138 138 138 137 137 137 137 136 136 136 136 135 135 135 135 135 136 137 137 137 138 138 139 140 141 141 142 143 143 144 144 145 146 146 147 148 148 149 149 150 151 151 152 152 153 154 154 155 155 156 156 157
149 148 148 148 148 147 147 147 147 146 146 146 146 146 145 145 145 145 144 144 144 144 143 143 143 143 142 142 142 142 141 141 141 141 140 140 140 140 139 139 139 139 138 138 138 138 137 137 137 137 136 136 136 136 135 135 135 135 134 134 134 134 134 135 136 136 137 138 138 139 140 140 141 142 142 143 144 144 145 146 146 147 147 148 149 149 150 150 151 152 152 153 153 154 154 155
148 148 148 148 147 147 147 147 147 146 146 146 146 145 145 145 145 144 144 144 144 143 143 143 143 142 142 142 142 141 141 141 141 140 140 140 140 139 139 139 139 138 138 138 138 137 137 137 137 136 136 136 136 135 135 135 135 134 134 134 134 133 133 133 133 134 135 135 136 137 137 138 139 139 140 141 141 142 143 143 144 145 145 146 146 147 148 148 149 149 150 151 151 152 152 153
148 148 148 148 147 147 147 147 146 146 146 146 145 145 145 145 144 144 144 144 143 143 143 143 142 142 142 142 142 141 141 141 141 140 140 140 140 139 139 139 139 138 138 138 138 137 137 137 137 136 136 136 136 135 135 135 135 134 134 134 133 133 133 133 133 133 133 133 133 134 135 136 136 137 138 138 139 140 140 141 142 142 143 144 144 145 145 146 147 147 148 148 149 150 150 151
89 89 89 147 147 147 147 146 146 146 146 145 145 145 145 144 144 144 144 144 143 143 143 143 142 142 142 142 141 141 141 141 140 140 140 140 139 139 139 139 138 138 138 138 137 137 137 137 136 136 136 136 135 135 135 135 134 134 134 134 133 133 133 133 133 133 133 133 133 133 133 133 134 134 135 136 136 137 138 138 139 140 140 141 142 142 143 144 144 145 145 146 147 147 148 148
89 89 89 89 89 89 146 146 146 146 145 145 145 145 145 144 144 144 144 143 143 143 143 142 142 142 142 141 141 141 141 140 140 140 140 139 139 139 139 138 138 138 138 137 137 137 137 136 136 136 136 135 135 135 135 134 134 134 134 133 133 133 133 133 133 133 133 133 133 133 133 133 133 133 133 133 134 134 135 136 136 137 138 138 139 140 140 141 142 142 143 144 144 145 145 146
89 89 89 89 89 89 89 89 89 146 145 145 145 145 144 144 144 144 143 143 143 143 142 142 142 142 141 141 141 141 140 140 140 140 139 139 139 139 138 138 138 138 137 137 137 137 137 136 136 136 135 135 135 135 134 134 134 134 133 133 133 133 133 133 133 133 133 133 133 133 133 133 133 133 133 133 133 133 133 133 134 134 135 136 136 137 138 138 139 140 140 141 141 142 143 143
89 89 89 89 89 89 89 89 89 89 89 89 89 144 144 144 144 143 143 143 143 142 142 142 142 141 141 141 141 141 140 140 140 140 139 139 139 139 138 138 138 138 137 137 137 137 136 136 136 136 135 135 135 135 134 134 134 134 133 133 133 133 133 133 133 133 133 133 133 133 133 133 133 133 133 133 133 133 133 133 133 133 133 133 133 134 135 135 136 137 137 138 139 139 140 140
89 89 89 89 89 89 89 89 89 89 89 89 89 89 89 89 89 143 143 143 142 142 142 142 142 141 141 141 141 140 140 140 140 139 139 139 139 138 138 138 138 137 137 137 137 136 136 136 136 135 135 135 135 134 134 134 134 133 133 133 133 133 133 133 133 133 133 133 133 133 133 133 133 133 133 133 133 133 133 133 133 133 133 133 133 133 133 133 133 134 134 135 136 136 137 137
89 89 89 89 89 89 89 89 89 89 89 89 89 89 89 89 89 89 89 89 89 142 142 142 141 141 141 141 140 140 140 140 139 139 139 139 138 138 138 138 137 137 137 137 136 136 136 136 135 135 135 135 134 134 134 134 133 133 133 133 133 133 133 133 133 133 133 133 133 133 133 133 133 133 133 133 133 133 133 133 133 133 133 133 133 133 133 133 133 133 133 133 133 133 134 134
89 89 89 89 89 89 89 89 89 89 89 89 89 89 89 89 89 89 89 89 89 89 89 89 89 141 141 140 140 140 140 139 139 139 139 138 138 138 138 137 137 137 137 137 136 136 136 136 135 135 135 135 134 134 134 134 133 133 133 133 133 133 133 133 133 133 133 133 133 133 133 133 133 133 133 133 133 133 133 133 133 133 133 133 133 133 133 133 133 133 133 133 133 133 133 133
89 89 89 89 89 89 89 89 89 89 89 89 89 89 89 89 89 89 89 89 89 89 89 89 89 89 89 89 89 140 140 139 139 139 139 138 138 138 138 137 137 137 137 136 136 136 136 135 135 135 135 134 134 134 134 133 133 133 133 133 133 133 133 133 133 133 133 133 133 133 133 133 133 133 133 133 133 133 133 133 133 133 133 133 133 133 133 133 133 133 133 133 133 133 133 133
89 89 89 89 89 89 89 89 89 89 89 89 89 89 89 89 89 89 89 89 89 89 89 89 89 89 89 89 89 89 89 89 89 89 138 138 138 138 137 137 137 137 136 136 136 136 135 135 135 135 134 134 134 134 133 133 133 133 133 133 133 133 133 133 133 133 133 133 133 133 133 133 133 133 133 133 133 133 133 133 133 133 133 133 133 133 133 133 133 133 133 133 133 133 133 133
89 89 89 89 89 89 89 89 89 89 89 89 89 89 89 89 89 89 89 89 89 89 89 89 89 89 89 89 89 89 89 89 89 89 89 89 89 89 137 137 137 136 136 136 136 135 135 135 135 134 134 134 134 133 133 133 133 133 133 133 133 133 133 133 133 133 133 133 133 133 133 133 133 133 133 133 133 133 133 133 133 133 133 133 133 133 133 133 133 133 133 133 133 133 133 133
89 89 89 89 89 89 89 89 89 89 89 89 89 89 89 89 89 89 89 89 89 89 89 89 89 89 89 89 89 89 89 89 89 89 89 89 89 89 89 89 89 89 89 136 136 135 135 135 135 134 134 134 134 133 133 133 133 133 133 133 133 133 133 133 133 133 133 133 133 133 133 133 133 133 133 133 133 133 133 133 133 133 133 133 133 133 133 133 133 133 133 133 133 133 133 133
89 89 89 89 89 89 89 89 89 89 89 89 89 89 89 89 89 89 89 89 89 89 89 89 89 89 89 89 89 89 89 89 89 89 89 89 89 89 89 89 89 89 89 89 89 89 89 89 89 134 134 134 133 133 133 133 133 133 133 133 133 133 133 133 133 133 133 133 133 133 133 133 133 133 133 133 133 133 133 133 133 133 133 133 133 133 133 133 133 133 133 133 133 133 133 133
89 89 89 89 89 89 89 89 89 89 89 89 89 89 89 89 89 89 89 89 89 89 89 89 89 89 89 89 89 89 89 89 89 89 89 89 89 89 89 89 89 89 89 89 89 89 89 89 89 89 89 89 89 89 133 133 133 133 133 133 133 133 133 133 133 133 133 133 133 133 133 133 133 133 133 133 133 133 133 133 133 133 133 133 133 133 133 133 133 133 133 133 133 133 133 133
89 89 89 89 89 89 89 89 89 89 89 89 89 89 89 89 89 89 89 89 89 89 89 89 89 89 89 89 89 89 89 89 89 89 89 89 89 89 89 89 89 89 89 89 89 89 89 89 89 89 89 89 89 89 89 89 89 89 89 89 133 133 133 133 133 133 133 133 133 133 133 133 133 133 133 133 133 133 133 133 133 133 133 133 133 133 133 133 133 133 133 133 133 133 133 133
89 89 89 89 89 89 89 89 89 89 89 89 89 89 89 89 89 89 89 89 89 89 89 89 89 89 89 89 89 89 89 89 89 89 89 89 89 89 89 89 89 89 89 89 89 89 89 89 89 89 89 89 89 89 89 89 89 89 89 89 89 89 89 89 89 89 133 133 133 133 133 133 133 133 133 133 133 133 133 133 133 133 133 133 133 133 133 133 133 133 133 133 133 133 133 133
89 89 89 89 89 89 89 89 89 89 89 89 89 89 89 89 89 89 89 89 89 89 89 89 89 89 89 89 89 89 89 89 89 89 89 89 89 89 89 89 89 89 89 89 89 89 89 89 89 89 89 89 89 89 89 89 89 89 89 89 89 89 89 89 89 89 89 89 89 89 89 89 133 133 133 133 133 133 133 133 133 133 133 133 133 133 133 133 133 133 133 133 133 133 133 133
