testData/tiles/oneDegreeCosts/grid43.0-41.0-44.0-42.0.asc
ncols   200
nrows   200
xllcorner   43.0
yllcorner   41.0
cellsize   0.005
NODATA_value   -9999.0
[rows 0 to 41 of 200, columns 94 to 187 of 200]
690 689 689 689 689 689 689 690 691 691 690 690 690 690 690 691 691 691 690 690 691 691 691 691 692 692 691 691 691 692 692 692 692 693 693 693 693 693 693 693 693 692 692 692 692 692 692 692 692 692 692 692 692 693 692 692 692 692 692 692 692 691 691 691 691 691 691 690 690 690 691 691 691 691 690 690 690 690 512 512 511 511 511 511 511 511 510 510 510 510 510 510 510 510
689 689 689 689 689 689 690 690 690 690 690 690 690 690 691 691 691 690 690 690 690 691 691 692 692 691 691 691 691 692 692 692 692 692 693 693 693 693 693 693 692 692 692 692 692 692 692 692 692 692 692 693 693 693 692 692 692 692 692 692 691 691 691 691 691 691 691 690 690 690 690 690 691 690 690 690 690 512 512 511 511 511 511 511 511 511 510 510 510 510 510 510 510 510
689 689 689 689 689 689 690 689 689 689 690 690 690 691 691 691 690 690 690 690 690 690 692 692 691 691 691 691 692 692 692 692 692 692 692 693 693 693 693 692 692 692 692 692 692 692 692 692 692 692 692 692 693 692 692 692 692 692 692 691 691 691 691 691 691 691 690 690 690 690 690 690 689 689 690 690 512 512 512 511 511 511 511 511 511 510 510 510 510 510 510 510 510 510
689 689 689 689 689 690 689 689 689 689 689 690 690 691 691 690 690 690 690 690 690 691 692 691 691 691 691 692 692 692 692 692 692 692 692 692 693 693 692 692 692 692 692 692 692 692 692 692 692 692 692 692 691 692 692 692 692 692 692 691 691 691 691 691 691 690 690 690 690 690 690 690 689 689 689 512 512 512 511 511 511 511 511 511 510 510 510 510 510 510 510 510 510 510
688 689 689 689 690 689 689 689 689 689 689 690 691 690 690 690 690 690 690 690 691 691 690 691 691 691 691 692 692 691 691 692 692 692 692 692 692 692 692 692 692 692 692 692 692 692 692 692 692 692 692 691 691 691 692 692 692 692 691 691 691 691 691 691 690 690 690 690 690 690 690 689 689 689 511 511 511 511 511 511 511 511 511 511 510 510 510 510 510 510 510 510 510 510
688 689 689 688 689 689 689 689 689 689 689 690 690 690 690 690 690 690 690 690 690 690 690 690 691 691 692 692 691 691 692 692 692 692 692 692 691 691 692 692 692 692 692 692 692 692 692 692 692 692 691 691 691 691 691 691 692 691 691 691 691 691 691 691 690 690 690 690 690 690 689 689 689 511 511 511 511 510 510 511 511 511 511 510 510 510 510 510 510 510 510 510 510 510
688 688 688 688 689 689 689 689 689 689 689 689 689 690 690 690 690 690 690 690 690 690 690 690 690 691 692 691 691 692 692 692 692 692 692 691 691 691 691 692 692 692 692 692 692 692 692 692 692 691 691 691 691 691 691 691 690 691 691 691 691 691 691 690 690 690 690 690 690 690 689 689 511 511 511 511 510 510 510 510 510 511 510 510 510 510 510 510 510 510 510 510 510 510
688 688 688 689 689 689 689 689 689 688 689 689 689 689 690 690 690 690 690 690 690 690 690 690 690 691 691 691 691 692 692 692 692 692 691 691 691 691 691 691 691 691 692 692 692 692 692 692 691 691 691 691 691 691 691 690 690 690 691 691 691 691 690 690 690 690 690 690 690 689 511 511 511 511 511 510 510 510 510 510 510 510 509 510 510 510 510 510 510 510 510 510 510 510
688 688 688 688 689 689 689 689 688 688 689 689 689 689 689 690 690 689 690 690 690 690 690 690 690 690 690 691 692 692 692 692 692 691 691 691 691 691 691 691 690 691 692 692 692 692 692 692 691 691 691 691 691 691 691 690 690 690 690 690 691 690 690 690 690 690 690 690 689 511 511 511 511 511 511 510 510 510 510 510 510 509 509 509 509 509 510 510 510 510 510 510 510 510
767 688 688 688 688 689 688 688 688 688 689 689 689 689 689 689 689 689 690 690 690 690 690 690 690 690 690 690 692 692 692 692 691 691 691 691 691 691 691 690 690 691 691 692 692 692 692 691 691 691 691 691 691 691 690 690 690 690 690 690 690 690 690 690 690 690 690 689 511 511 511 511 511 511 510 510 510 510 510 510 509 509 509 509 509 509 509 509 510 510 510 510 510 510
767 767 767 688 688 688 688 688 688 688 689 689 689 689 689 689 689 689 690 690 690 690 690 689 690 690 690 691 691 692 692 691 691 691 691 691 691 691 690 690 691 691 691 691 692 692 691 691 691 691 691 691 691 690 690 690 690 690 690 690 689 689 689 690 690 690 689 511 511 511 511 511 511 510 510 510 510 510 510 510 509 509 509 509 509 509 509 509 509 509 509 510 510 510
767 767 768 767 767 767 688 688 688 688 689 689 689 689 689 689 689 689 690 690 690 689 689 689 690 690 690 691 691 691 691 691 691 691 691 691 691 690 690 690 691 691 691 691 691 691 691 691 691 691 691 691 690 690 690 690 690 690 690 689 689 689 689 689 690 690 511 511 511 511 511 511 510 510 510 510 510 510 510 509 509 509 509 509 509 509 509 509 509 509 509 509 509 509
767 767 767 767 767 767 767 768 768 688 689 689 689 689 689 689 689 689 690 690 689 689 689 689 690 690 690 691 690 690 690 691 691 691 691 691 690 690 690 690 691 691 691 691 690 690 690 691 691 691 691 690 690 690 690 690 690 690 689 689 689 689 689 689 511 510 511 511 511 511 512 511 510 510 510 510 510 510 509 509 509 509 509 509 509 509 509 509 509 509 509 509 509 509
766 766 767 767 767 767 767 767 768 768 768 689 689 689 689 689 689 689 689 689 689 689 689 690 690 690 690 690 690 690 690 690 691 691 691 690 690 690 690 690 691 691 691 690 690 690 690 690 691 691 690 690 690 690 690 690 690 689 689 689 689 689 689 511 510 510 510 510 511 511 511 510 510 510 510 510 510 509 509 509 509 509 509 509 509 509 509 509 509 509 509 509 509 509
766 766 766 767 767 767 767 767 766 767 768 768 768 768 689 689 689 689 689 689 689 689 689 690 690 690 689 690 690 690 690 690 690 690 690 690 690 690 690 690 691 691 690 690 690 690 690 690 690 690 690 690 690 690 690 690 689 689 689 689 689 689 511 510 510 510 510 510 510 510 510 510 510 510 510 510 510 509 509 509 509 509 509 509 509 509 509 509 509 509 509 509 509 509
766 766 766 767 767 767 767 766 766 766 768 768 768 768 768 768 689 689 689 689 689 689 689 690 690 689 689 689 690 690 690 690 690 689 689 690 690 690 690 690 690 690 690 690 690 690 690 690 689 689 689 690 690 690 690 689 689 689 689 689 689 511 510 510 510 510 510 510 510 509 509 509 510 510 510 510 509 509 509 509 509 509 509 509 509 509 509 509 509 509 509 509 509 509
766 766 766 767 767 766 766 766 766 766 767 768 768 768 768 767 767 767 689 689 689 689 689 690 689 689 689 689 690 690 690 690 689 689 689 689 690 690 690 690 689 690 690 690 690 690 690 689 689 689 689 689 690 690 689 689 689 689 689 511 511 510 510 510 510 510 510 510 509 509 509 509 509 509 510 509 509 509 509 509 509 509 509 509 509 509 509 509 509 509 509 509 509 509
765 766 766 767 766 766 766 766 766 766 767 767 768 767 767 767 767 767 767 768 768 689 689 689 689 689 689 689 689 690 690 689 689 689 689 689 689 690 690 689 689 689 690 690 690 690 689 689 689 689 689 689 689 688 689 689 689 689 511 511 511 510 510 510 510 510 510 509 509 509 509 509 509 509 508 508 509 509 509 509 509 509 509 509 509 509 509 509 509 509 509 509 509 509
765 765 765 765 766 766 766 766 766 766 766 767 766 767 767 767 767 767 767 768 768 767 768 689 689 689 689 689 689 689 689 689 689 689 689 689 689 688 689 689 689 689 689 690 690 689 689 689 689 689 689 689 688 688 688 689 689 511 511 511 510 510 510 510 510 510 510 509 509 509 509 509 509 508 508 508 508 508 509 509 509 509 509 509 509 509 509 509 509 509 509 509 509 509
764 764 764 765 766 766 766 766 766 766 765 766 766 766 767 767 767 767 767 767 767 767 768 768 768 689 689 689 688 688 689 689 689 689 689 689 688 688 688 688 689 689 689 689 689 689 689 689 689 689 689 689 688 688 688 688 510 511 511 510 510 510 510 510 510 510 509 509 509 509 509 509 509 508 508 508 508 508 508 508 509 509 509 509 509 509 509 509 509 509 509 509 509 509
764 764 764 764 766 766 766 766 766 765 765 765 766 766 766 767 767 767 766 766 767 767 768 768 768 768 768 688 688 688 688 689 689 689 689 688 688 688 688 688 688 689 689 688 688 689 689 689 689 689 689 688 688 688 510 510 510 510 510 510 510 510 510 510 510 509 509 509 509 509 509 509 508 508 508 508 508 508 508 508 508 508 508 509 509 509 509 509 509 509 509 509 509 509
764 764 764 764 764 766 766 765 765 765 765 765 765 766 766 766 767 766 766 766 766 767 768 768 768 768 767 767 768 688 688 688 689 689 688 688 688 688 688 688 688 688 688 688 688 688 689 689 689 689 688 688 688 510 510 510 510 509 509 509 510 510 510 510 509 509 509 509 509 509 509 508 508 508 508 508 508 508 508 508 508 508 508 508 508 508 509 509 509 509 509 509 509 509
764 764 764 764 764 763 765 765 765 765 765 765 765 766 766 765 765 766 766 766 766 766 768 768 767 767 767 767 767 768 768 688 688 688 688 688 688 688 688 688 688 687 687 687 688 688 688 688 688 688 688 510 510 510 510 510 509 509 509 509 509 509 510 509 509 509 509 509 509 509 508 508 508 508 508 508 508 508 508 508 508 508 508 508 508 508 508 508 508 509 509 509 509 508
764 764 764 764 763 763 764 765 765 765 765 765 765 765 765 765 765 765 766 766 766 766 767 767 767 767 767 767 767 767 768 768 767 688 688 688 688 688 688 688 687 687 687 687 687 688 688 687 687 687 510 510 510 510 510 509 509 509 509 509 509 509 508 508 509 509 509 509 509 508 508 508 508 508 508 508 508 508 508 508 508 508 508 508 508 508 508 508 508 508 508 507 508 508
764 764 763 763 763 763 763 764 765 765 765 765 764 764 764 765 765 765 765 766 766 766 766 766 767 767 767 767 767 767 766 766 767 767 767 688 688 688 688 687 687 687 687 687 687 687 686 687 687 509 509 509 509 510 509 509 509 509 509 509 509 508 508 508 508 508 509 509 508 508 508 508 508 508 508 508 508 508 508 508 508 508 508 508 508 508 508 508 507 507 507 507 507 507
762 763 763 763 763 763 763 763 764 765 765 764 764 764 764 764 765 765 765 765 765 765 766 766 766 767 767 767 767 766 766 766 766 767 767 767 767 687 687 687 687 687 687 687 687 686 686 508 509 509 509 509 509 508 508 508 508 509 509 509 508 508 508 508 508 508 508 507 508 508 508 508 508 508 508 508 508 508 508 508 508 508 508 508 507 507 507 507 507 507 507 507 507 507
762 762 763 763 763 763 763 763 763 763 764 764 764 764 764 764 764 765 765 764 764 765 766 766 766 766 766 767 766 766 766 766 766 766 767 767 766 766 766 687 687 687 687 687 686 686 508 508 508 508 509 509 508 508 508 508 508 508 508 507 507 507 508 508 508 508 508 507 507 507 508 508 508 508 508 508 508 508 508 507 507 507 507 507 507 507 507 507 507 507 507 507 507 507
761 762 762 763 763 763 763 762 762 762 763 764 764 764 764 764 764 763 764 764 764 764 766 766 766 766 765 765 766 766 766 766 766 766 766 765 766 766 766 766 766 687 687 686 508 508 508 508 508 508 508 508 508 508 508 508 508 508 507 507 507 507 507 507 507 507 506 506 506 506 506 506 507 507 507 507 507 507 507 507 507 507 507 507 507 507 507 507 507 507 507 507 507 507
761 761 762 762 763 762 762 762 762 762 762 763 764 764 764 764 763 763 763 763 764 764 765 765 766 765 765 765 765 765 766 766 766 766 765 765 765 766 766 766 766 766 765 508 508 508 508 508 508 508 507 507 507 508 508 508 508 507 507 507 507 507 507 507 507 506 506 506 506 506 506 506 506 506 507 507 507 507 507 507 507 507 507 507 507 507 507 507 507 507 507 507 507 507
761 761 761 762 761 762 762 762 762 762 762 762 763 764 763 763 763 763 763 763 763 764 764 765 764 765 765 765 765 765 765 765 765 765 765 765 765 765 766 766 766 587 587 587 508 508 508 508 508 507 507 507 507 507 507 508 507 507 507 507 507 507 507 507 506 506 506 506 506 506 506 506 506 506 506 506 506 507 507 507 507 507 507 507 507 507 507 507 507 507 507 507 507 507
761 761 760 760 761 761 762 762 762 762 762 762 761 761 763 763 763 763 763 763 763 763 762 764 764 764 765 765 765 765 765 764 764 764 765 765 765 765 765 765 587 587 587 587 587 587 507 507 506 506 507 507 507 507 507 506 506 507 507 507 507 507 507 506 506 506 506 506 506 506 506 506 506 506 506 506 506 506 506 506 507 507 507 507 507 507 507 507 507 507 507 506 506 506
759 760 760 760 760 761 761 761 762 762 762 761 761 761 761 763 763 763 763 763 763 762 762 763 764 764 764 765 765 765 764 764 764 764 764 764 765 765 586 586 586 587 587 587 587 587 586 586 506 506 506 506 506 506 506 506 506 506 507 507 507 507 506 506 506 506 506 506 506 506 506 506 506 506 506 506 506 506 506 506 506 506 507 507 507 507 507 506 506 506 506 506 506 506
759 759 760 760 760 760 761 761 761 761 761 761 761 761 761 761 761 763 763 762 762 762 762 763 763 763 764 764 763 764 764 764 764 764 764 764 764 585 586 586 586 586 586 587 587 586 586 586 586 586 506 506 506 505 505 505 505 505 505 505 507 506 506 506 506 506 506 506 506 506 506 506 506 506 506 506 506 506 506 506 506 505 505 505 505 505 506 506 506 506 506 506 506 506
759 759 759 760 760 760 760 760 760 760 761 761 761 761 761 761 761 761 761 762 762 762 762 763 763 763 763 762 763 763 764 764 764 764 764 586 585 585 585 585 585 586 586 586 586 586 586 586 586 586 586 506 505 505 505 505 505 505 505 505 504 504 505 505 505 505 505 505 505 505 505 505 505 505 505 505 505 505 505 505 505 505 505 505 505 505 505 505 505 506 506 506 506 506
759 759 759 759 759 759 759 759 760 760 760 760 761 761 761 761 760 760 760 761 762 762 762 762 763 763 762 762 762 762 762 764 764 586 585 585 585 585 585 585 585 585 585 584 584 585 586 586 586 586 586 585 585 505 505 505 505 505 505 504 504 504 504 504 504 505 505 505 505 505 505 505 505 505 505 505 505 505 505 505 505 505 505 505 505 505 505 505 505 505 505 505 505 506
759 759 759 758 758 758 759 759 759 760 760 760 760 760 760 760 760 760 760 760 761 761 762 762 762 762 762 762 762 762 762 762 584 585 585 585 585 585 585 585 585 585 584 584 584 584 584 584 585 586 585 585 585 585 505 505 505 505 504 504 504 504 504 504 504 504 504 505 505 505 505 505 505 505 505 505 505 505 505 505 505 505 505 505 505 505 505 505 505 505 505 505 504 504
758 758 758 758 758 758 758 758 759 759 760 760 760 759 759 759 760 760 760 760 760 761 761 760 761 762 762 762 762 762 584 584 583 583 584 584 585 585 585 585 584 584 584 584 584 584 584 584 584 584 584 584 584 584 584 585 505 504 504 504 504 504 504 504 504 504 504 504 504 505 505 505 505 505 505 505 505 505 505 505 505 505 505 505 505 505 504 504 504 504 504 504 504 504
756 757 757 758 758 758 758 758 758 758 759 758 759 759 759 759 759 759 760 760 760 759 759 760 760 761 761 762 584 584 583 583 583 583 583 583 584 584 584 583 584 584 584 584 584 584 584 583 583 583 583 584 584 584 584 583 583 583 503 503 503 503 503 503 503 504 504 504 504 504 504 505 505 505 505 505 504 504 504 504 504 504 504 504 504 504 504 504 504 504 504 504 504 504
756 756 756 757 758 758 758 758 758 757 757 758 758 759 759 759 759 759 759 758 759 759 759 759 760 761 583 583 583 582 583 583 583 583 583 583 583 584 583 583 583 583 583 584 584 584 583 583 583 583 583 583 583 584 583 583 583 583 583 503 503 503 503 503 503 503 503 503 503 503 503 503 503 503 504 504 504 504 504 504 504 504 504 504 504 504 504 504 504 504 504 504 504 504
756 756 756 756 757 757 758 757 757 757 757 757 757 758 759 759 759 759 758 758 758 758 759 759 759 583 583 583 582 582 582 582 582 583 583 583 583 582 582 583 583 583 583 583 583 582 582 582 583 583 583 583 583 582 582 583 583 583 583 583 583 503 503 503 503 503 503 503 503 503 503 503 503 503 503 503 503 504 504 504 504 504 504 504 504 504 504 504 504 504 504 504 504 503
755 756 756 756 756 756 756 756 757 757 757 757 757 757 757 758 758 758 758 758 758 758 758 580 580 581 581 582 582 582 582 582 582 582 582 581 582 582 582 582 583 583 583 583 582 582 582 582 582 582 582 582 581 581 582 582 582 583 583 583 583 583 503 503 503 503 503 503 503 503 503 503 503 503 503 503 503 503 503 503 504 504 504 504 504 504 504 503 503 503 503 503 503 503
755 755 755 755 755 755 756 756 756 756 757 757 757 757 756 756 757 757 758 758 758 580 580 580 580 579 580 580 582 582 582 582 582 582 581 581 581 581 581 581 582 582 583 582 582 582 582 582 582 582 582 581 581 581 581 581 581 581 581 582 582 582 582 502 502 502 502 502 503 503 503 503 503 502 502 502 502 502 502 502 502 502 502 503 503 503 503 503 503 503 503 503 503 503
