testData/tiles/oneDegreeCosts/grid32.0-39.0-33.0-40.0.asc
ncols   200
nrows   200
xllcorner   32.0
yllcorner   39.0
cellsize   0.005
NODATA_value   -9999.0
[rows 84 to 125 of 200, columns 0 to 93 of 200]
579 579 579 579 579 579 579 578 578 578 578 578 578 577 577 577 577 577 577 576 576 576 576 576 576 575 575 575 575 575 574 574 745 745 744 744 744 744 744 743 743 743 743 742 742 742 742 741 741 743 747 750 754 758 761 764 767 770 772 885 888 891 892 895 897 898 900 903 904 906 907 908 910 912 912 914 915 915 909 910 910 911 912 912 913 914 913 914 914 914 915 914 915 915
496 579 579 579 579 578 578 578 578 578 578 577 577 577 577 577 577 576 576 576 576 576 576 575 575 575 575 575 574 574 574 574 745 744 744 744 744 743 743 743 743 743 742 742 742 742 741 741 741 743 746 750 754 757 760 763 767 769 882 885 887 889 892 894 896 898 900 901 903 905 906 908 910 910 912 913 914 907 908 909 910 911 911 912 913 912 913 913 913 914 913 914 914 914
496 496 495 495 578 578 578 578 578 577 577 577 577 577 577 576 576 576 576 576 576 575 575 575 575 575 574 574 574 574 574 573 744 744 744 744 743 743 743 743 742 742 742 742 741 741 741 741 740 741 746 750 753 756 760 763 765 879 882 884 886 889 892 893 895 898 899 901 903 904 906 908 908 910 912 912 913 907 907 908 909 909 910 911 911 912 912 913 913 913 913 914 913 913
495 495 495 495 495 495 578 577 577 577 577 577 577 576 576 576 576 576 576 575 575 575 575 575 574 574 574 574 574 573 573 573 744 744 743 743 743 743 743 742 742 742 742 741 741 741 741 740 740 741 745 748 752 756 758 762 765 878 880 883 886 888 890 893 895 896 899 901 902 904 906 906 908 910 910 912 905 906 907 908 908 909 910 910 911 911 912 912 912 912 913 912 913 912
495 495 495 495 494 494 494 494 494 577 577 576 576 576 576 576 576 575 575 575 575 575 574 574 574 574 574 574 573 573 573 573 572 743 743 743 743 742 742 742 742 741 741 741 741 740 740 740 740 740 744 748 752 755 758 762 875 877 880 883 885 887 890 891 894 896 898 899 901 903 904 906 908 908 910 911 904 905 907 907 908 909 909 910 910 911 911 911 912 912 912 912 912 912
495 495 494 494 494 494 494 494 494 493 493 576 576 576 576 575 575 575 575 575 574 574 574 574 574 574 573 573 573 573 573 572 572 743 743 742 742 742 742 742 741 741 741 741 740 740 740 740 739 739 744 748 750 754 758 870 873 877 880 882 884 887 889 891 894 895 897 899 901 902 904 906 907 908 910 902 904 905 905 906 908 908 909 909 909 910 910 911 911 911 911 911 911 912
494 494 494 494 494 494 493 493 493 493 493 493 493 492 575 575 575 575 574 574 574 574 574 574 573 573 573 573 573 572 572 572 572 743 742 742 742 742 741 741 741 741 740 740 740 740 739 739 739 739 742 746 750 754 866 870 873 875 878 881 884 886 888 891 892 895 897 898 900 902 904 905 906 908 908 902 903 904 905 905 906 907 907 908 909 909 910 910 910 911 910 911 911 910
494 494 494 494 493 493 493 493 493 493 492 492 492 492 492 492 491 574 574 574 574 574 573 573 573 573 573 572 572 572 572 572 571 742 742 742 741 741 741 741 741 740 740 740 740 739 739 739 739 738 742 746 749 752 866 869 872 875 878 880 883 885 888 890 892 894 895 898 900 901 902 904 905 907 900 901 902 903 904 905 906 906 907 908 908 909 910 909 910 909 910 910 910 910
494 493 493 493 493 493 493 493 492 492 492 492 492 492 491 491 491 491 491 491 573 573 573 573 573 572 572 572 572 572 571 571 571 742 742 741 741 741 741 740 740 740 740 739 739 739 739 738 738 738 741 744 748 862 866 868 871 875 877 880 882 885 887 889 892 893 895 897 898 900 902 903 905 906 899 900 902 902 903 905 905 906 907 907 908 907 908 909 909 909 910 909 909 909
493 493 493 493 493 492 492 492 492 492 492 492 491 491 491 491 491 491 490 490 490 490 490 572 572 572 572 572 571 571 571 571 571 741 741 741 741 740 740 740 740 739 739 739 739 739 738 738 738 737 740 744 858 861 864 868 871 873 876 879 881 884 886 888 890 893 895 896 898 900 901 903 904 897 899 900 900 902 903 903 904 906 906 906 906 907 908 908 908 909 908 909 908 909
493 493 492 492 492 492 492 492 492 491 491 491 491 491 491 490 490 490 490 490 490 489 489 489 489 489 488 571 571 571 571 570 570 741 741 740 740 740 740 740 739 739 739 739 738 738 738 738 737 737 740 744 857 860 864 866 870 873 876 878 881 883 885 888 890 891 893 896 898 899 901 902 903 897 898 899 900 902 902 903 903 904 905 905 906 907 907 907 907 908 908 908 908 908
492 492 492 492 492 492 491 491 491 491 491 491 491 490 490 490 490 490 490 489 489 489 489 489 488 488 488 488 488 487 570 570 570 741 740 740 740 740 739 739 739 739 738 738 738 738 737 737 737 737 738 852 856 860 863 866 869 871 875 877 880 882 885 887 889 891 893 894 896 898 899 901 895 895 897 898 899 900 901 902 903 904 904 905 906 906 906 906 907 907 907 907 907 907
492 492 492 492 491 491 491 491 491 491 490 490 490 490 490 490 489 489 489 489 489 489 488 488 488 488 488 487 487 487 487 487 486 657 740 740 739 739 739 739 738 738 738 738 738 737 737 737 736 736 848 852 855 858 862 866 868 871 874 876 879 882 884 886 888 891 892 894 896 897 899 901 893 895 897 897 899 900 900 901 903 903 904 904 904 905 905 906 906 906 906 906 906 907
492 491 491 491 491 491 491 491 490 490 490 490 490 490 489 489 489 489 489 489 488 488 488 488 488 487 487 487 487 487 486 486 486 657 656 656 656 656 656 738 738 738 738 737 737 737 737 736 736 736 847 850 854 858 861 864 868 871 873 876 879 880 883 885 887 889 891 894 895 897 899 891 893 895 895 897 898 899 900 900 901 902 902 903 904 904 905 905 905 906 905 906 906 905
491 491 491 491 491 490 490 490 490 490 490 489 489 489 489 489 489 488 488 488 488 488 488 487 487 487 487 487 486 486 486 486 485 656 656 656 656 655 655 655 655 654 654 737 737 736 736 736 736 845 846 850 854 857 860 864 866 869 872 875 877 880 883 884 887 889 890 892 894 895 897 891 892 893 895 895 897 898 899 900 901 901 902 903 903 904 903 904 905 904 905 904 905 905
491 491 490 490 490 490 490 490 490 489 489 489 489 489 489 488 488 488 488 488 487 487 487 487 487 487 486 486 486 486 485 485 485 656 656 655 655 655 655 654 654 654 654 653 653 653 653 652 762 845 845 848 852 856 860 862 866 869 871 874 877 880 881 884 886 888 890 892 893 895 889 890 891 893 894 895 897 897 898 899 900 901 901 902 903 902 903 904 903 904 904 904 904 904
490 490 490 490 490 490 489 489 489 489 489 489 488 488 488 488 488 488 487 487 487 487 487 486 486 486 486 486 485 485 485 485 485 655 655 655 655 654 654 654 654 654 653 653 653 653 652 652 762 761 761 765 769 772 775 862 865 868 871 874 875 878 881 882 885 887 888 891 893 895 888 889 891 892 893 895 895 897 897 898 899 899 900 901 901 902 903 903 903 903 903 904 903 903
490 490 490 489 489 489 489 489 489 488 488 488 488 488 488 487 487 487 487 487 487 486 486 486 486 486 485 485 485 485 485 484 484 655 655 654 654 654 654 654 653 653 653 653 652 652 652 762 761 761 761 764 768 771 775 778 781 784 786 789 792 795 796 799 884 886 888 890 891 885 887 888 890 891 892 893 895 895 897 898 898 899 900 900 901 901 902 902 902 902 902 902 903 902
489 489 489 489 489 489 489 488 488 488 488 488 488 487 487 487 487 487 487 486 486 486 486 486 485 485 485 485 485 484 484 484 484 483 654 654 654 654 653 653 653 653 652 652 652 652 652 761 761 761 760 763 767 770 774 777 780 783 786 789 791 793 796 798 800 802 805 806 808 802 803 805 806 807 809 810 811 812 812 813 815 815 816 817 817 817 818 818 819 818 819 819 818 819
489 489 489 488 488 488 488 488 488 488 487 487 487 487 487 487 486 486 486 486 486 485 485 485 485 485 485 484 484 484 484 483 483 483 654 654 653 653 653 653 652 652 652 652 651 651 761 761 760 760 760 763 766 769 773 776 779 782 785 787 790 793 795 797 800 801 803 805 799 801 802 803 805 807 807 809 810 811 812 813 813 814 815 815 816 816 817 818 817 818 817 818 818 817
488 488 488 488 488 488 488 487 487 487 487 487 487 486 486 486 486 486 486 485 485 485 485 485 484 484 484 484 484 483 483 483 483 483 653 653 653 653 652 652 652 652 651 651 651 651 760 760 760 760 759 761 765 768 772 775 779 781 784 787 789 792 794 797 798 801 803 804 798 800 801 803 805 805 807 808 809 810 812 812 813 813 814 815 815 816 817 816 817 816 817 817 817 817
488 488 488 488 487 487 487 487 487 487 486 486 486 486 486 486 485 485 485 485 485 485 484 484 484 484 484 483 483 483 483 483 482 482 653 653 652 652 652 652 651 651 651 651 651 760 760 760 759 759 759 761 764 768 771 774 777 780 784 786 788 791 793 795 798 799 802 796 797 799 801 802 803 805 806 807 809 809 810 811 812 813 814 814 815 814 815 816 816 816 816 816 816 816
488 487 487 487 487 487 487 486 486 486 486 486 486 486 485 485 485 485 485 484 484 484 484 484 483 483 483 483 483 482 482 482 482 482 652 652 652 652 651 651 651 651 650 650 760 760 759 759 759 759 758 759 763 767 770 773 777 779 782 785 787 790 793 795 797 799 801 794 796 798 799 801 803 804 805 807 807 809 809 810 811 811 812 813 813 814 815 815 815 815 815 816 815 815
487 487 487 487 486 486 486 486 486 486 486 485 485 485 485 485 485 484 484 484 484 484 483 483 483 483 483 482 482 482 482 482 481 481 652 652 651 651 651 651 650 650 650 650 759 759 759 759 758 758 758 759 762 766 769 772 775 779 782 784 787 789 791 794 796 797 792 794 795 797 799 800 802 803 804 805 807 807 808 810 810 811 812 812 813 813 813 814 814 814 814 814 815 814
487 486 486 486 486 486 486 486 485 485 485 485 485 485 484 484 484 484 484 483 483 483 483 483 483 482 482 482 482 481 481 481 481 481 651 651 651 651 650 650 650 650 649 759 759 759 758 758 758 758 757 757 761 765 768 771 775 777 780 783 785 788 791 793 795 797 791 793 795 797 798 799 801 802 803 805 805 807 807 808 810 810 811 812 812 812 812 813 813 813 814 813 813 814
486 486 486 486 485 485 485 485 485 485 485 484 484 484 484 484 484 483 483 483 483 483 482 482 482 482 482 481 481 481 481 481 480 480 651 651 650 650 650 650 649 649 649 759 758 758 758 758 757 757 757 757 760 764 767 770 773 777 780 782 785 788 789 792 794 788 790 792 793 795 797 798 800 801 802 804 805 805 807 808 808 809 809 810 811 811 812 812 812 813 812 813 813 812
486 485 485 485 485 485 485 485 484 484 484 484 484 484 483 483 483 483 483 482 482 482 482 482 481 481 481 481 481 480 480 480 480 480 650 650 650 650 649 649 649 649 758 758 758 758 757 757 757 757 756 756 759 762 766 769 773 775 778 781 783 786 789 790 793 787 790 791 793 795 796 798 798 800 802 802 804 805 805 807 808 808 809 810 810 811 810 811 812 811 812 811 812 812
485 485 485 485 484 484 484 484 484 484 484 483 483 483 483 483 483 482 482 482 482 482 481 481 481 481 481 480 480 480 480 479 479 479 650 650 649 649 649 649 648 648 758 758 757 757 757 757 756 756 756 755 758 762 765 768 771 775 777 780 783 786 787 790 784 786 788 790 791 793 795 796 798 800 800 802 803 804 805 805 806 808 808 809 809 809 810 810 810 811 811 811 810 811
485 484 484 484 484 484 484 484 483 483 483 483 483 483 482 482 482 482 482 481 481 481 481 481 480 480 480 480 480 479 479 479 479 479 649 649 649 649 648 648 648 758 757 757 757 757 756 756 756 756 755 755 757 760 764 767 771 773 776 779 781 784 787 789 783 785 787 789 791 792 794 796 797 798 800 800 802 803 804 805 806 806 807 807 808 809 809 809 809 810 810 810 810 809
484 484 484 484 483 483 483 483 483 483 482 482 482 482 482 482 481 481 481 481 481 481 480 480 480 480 480 479 479 479 479 478 478 478 478 649 648 648 648 648 648 757 757 757 756 756 756 756 755 755 755 754 756 760 763 766 769 773 775 778 781 783 785 780 783 784 786 788 790 792 794 794 796 797 799 800 801 802 803 803 805 806 806 807 807 808 808 808 809 808 809 809 809 809
483 483 483 483 483 483 483 482 482 482 482 482 482 481 481 481 481 481 481 480 480 480 480 480 479 479 479 479 479 478 478 478 478 477 477 648 648 648 647 647 757 757 756 756 756 755 755 755 755 754 754 754 755 758 762 765 768 771 774 778 779 782 785 779 781 784 785 787 789 790 792 794 795 796 798 799 800 801 802 803 803 804 805 805 806 806 807 808 807 808 807 808 808 808
483 483 483 483 482 482 482 482 482 482 481 481 481 481 481 481 480 480 480 480 480 479 479 479 479 479 478 478 478 478 478 477 477 477 477 647 647 647 647 646 756 756 756 755 755 755 755 754 754 754 754 753 754 758 760 764 767 771 773 776 779 781 776 778 780 782 784 786 788 790 791 793 794 795 797 798 799 800 801 802 803 803 804 805 805 806 806 806 807 806 807 806 807 807
482 482 482 482 482 482 482 481 481 481 481 481 481 480 480 480 480 480 479 479 479 479 479 478 478 478 478 478 477 477 477 477 477 476 476 647 647 646 646 646 756 755 755 755 755 754 754 754 754 753 753 753 752 756 760 763 766 769 772 775 778 780 774 777 779 781 783 785 786 788 790 791 793 795 795 797 798 799 800 801 801 803 803 804 805 804 805 805 806 806 806 806 805 806
482 482 482 481 481 481 481 481 481 480 480 480 480 480 480 479 479 479 479 479 479 478 478 478 478 478 477 477 477 477 476 476 476 476 476 646 646 646 646 755 755 755 755 754 754 754 754 753 753 753 752 752 752 755 758 762 765 768 771 774 776 771 774 776 778 780 783 784 786 788 789 791 793 793 795 795 797 798 799 800 801 801 802 802 803 804 804 804 804 805 805 805 805 804
481 481 481 481 481 481 480 480 480 480 480 480 479 479 479 479 479 479 478 478 478 478 478 477 477 477 477 477 476 476 476 476 475 475 475 646 645 645 645 755 755 754 754 754 753 753 753 753 752 752 752 752 751 754 758 760 764 767 770 773 768 770 772 775 777 779 781 783 784 786 788 789 791 793 793 795 795 797 798 798 800 801 801 802 802 803 803 803 804 803 804 804 804 804
481 481 480 480 480 480 480 480 480 479 479 479 479 479 479 478 478 478 478 478 477 477 477 477 477 476 476 476 476 476 475 475 475 475 474 645 645 645 754 754 754 754 753 753 753 753 752 752 752 752 751 751 751 752 756 760 763 766 769 772 766 769 772 773 776 778 780 782 784 785 787 789 790 791 793 794 795 796 797 798 798 799 800 800 801 801 802 803 802 803 802 803 803 803
480 480 480 480 480 479 479 479 479 479 479 478 478 478 478 478 478 477 477 477 477 477 476 476 476 476 476 475 475 475 475 474 474 474 474 645 644 644 754 754 753 753 753 753 752 752 752 752 751 751 751 750 750 752 756 758 762 765 767 763 766 767 770 773 774 777 779 780 782 785 786 787 789 790 792 793 794 795 796 797 798 798 799 800 800 801 801 801 802 801 802 801 802 802
480 479 479 479 479 479 479 479 478 478 478 478 478 478 477 477 477 477 477 476 476 476 476 476 475 475 475 475 475 474 474 474 474 473 473 644 644 753 753 753 753 752 752 752 752 751 751 751 751 750 750 750 749 750 754 758 760 764 767 761 764 767 769 771 774 775 778 780 781 783 785 786 788 789 790 792 793 794 795 796 796 797 798 799 799 799 800 800 800 801 801 801 800 801
479 479 479 479 478 478 478 478 478 478 477 477 477 477 477 477 476 476 476 476 476 475 475 475 475 475 474 474 474 474 474 473 473 473 473 643 643 753 753 752 752 752 752 751 751 751 751 750 750 750 749 749 749 750 752 756 760 762 757 761 763 765 768 770 772 775 777 778 781 782 784 785 786 788 790 790 792 793 793 795 795 796 797 797 798 799 799 799 799 800 799 800 800 799
478 478 478 478 478 478 478 477 477 477 477 477 477 476 476 476 476 476 475 475 475 475 475 474 474 474 474 474 473 473 473 473 472 472 472 472 643 752 752 752 752 751 751 751 750 750 750 750 749 749 749 749 748 748 752 755 758 762 756 759 762 765 767 769 772 773 776 778 779 781 783 784 786 787 788 790 790 792 793 793 794 795 796 797 797 797 797 798 799 798 799 798 799 799
478 478 478 477 477 477 477 477 477 476 476 476 476 476 476 475 475 475 475 475 474 474 474 474 474 473 473 473 473 473 472 472 472 472 471 471 752 752 751 751 751 751 750 750 750 750 749 749 749 748 748 748 748 747 750 754 757 752 755 758 760 763 766 768 770 773 774 776 779 780 782 784 784 786 787 788 790 790 792 793 793 794 794 795 796 796 797 797 797 798 797 798 797 798
477 477 477 477 477 476 476 476 476 476 476 475 475 475 475 475 475 474 474 474 474 474 473 473 473 473 473 472 472 472 472 471 471 471 471 471 751 751 751 751 750 750 750 749 749 749 749 748 748 748 748 747 747 747 749 752 748 750 754 757 760 762 765 767 769 771 774 775 777 779 780 782 783 785 786 787 788 790 790 791 793 793 794 794 795 796 795 796 796 796 796 796 797 796
