testData/tiles/oneDegreeCosts/grid47.0-23.0-48.0-24.0.asc
ncols   200
nrows   200
xllcorner   47.0
yllcorner   23.0
cellsize   0.005
NODATA_value   -9999.0
[rows 126 to 167 of 200, columns 94 to 187 of 200]
312 311 311 311 311 311 310 310 310 310 309 309 309 309 309 308 308 307 308 307 307 306 306 306 306 306 305 305 304 305 304 304 303 302 303 302 301 301 300 299 299 299 283 283 283 283 283 283 283 283 283 283 283 283 283 283 283 283 283 283 283 283 283 283 283 283 283 283 371 371 333 333 333 333 333 333 333 333 334 338 341 344 346 349 351 353 355 357 358 360 361 362 363 364
312 311 312 311 311 310 310 311 310 310 309 309 309 309 308 308 308 308 307 307 306 306 306 307 306 306 305 305 305 305 304 303 303 303 302 302 301 301 300 300 283 283 283 283 283 283 283 283 283 283 283 283 283 283 283 283 283 283 283 283 283 283 283 283 283 283 283 283 371 371 333 333 333 333 333 333 333 333 335 338 341 344 347 349 352 354 356 357 359 361 362 363 364 365
312 312 312 311 311 310 311 310 310 310 309 310 309 309 308 308 308 308 307 307 307 308 307 307 306 306 306 305 305 304 304 303 304 303 302 302 301 300 283 283 283 283 283 283 283 283 283 283 283 283 283 283 283 283 283 283 283 283 283 283 283 283 283 283 283 283 283 283 371 333 333 333 333 333 333 333 333 333 334 338 341 344 347 349 351 353 355 357 359 360 362 363 364 365
312 312 311 311 311 311 311 310 310 310 310 310 309 309 308 309 308 308 308 308 308 308 307 307 306 306 306 305 305 304 304 304 303 303 302 301 283 283 283 283 283 283 283 283 283 283 283 283 283 283 283 283 283 283 283 283 283 283 283 283 283 283 283 283 283 283 283 283 372 333 333 333 333 333 333 333 333 333 334 337 341 344 346 349 351 353 355 357 358 360 361 362 364 364
312 312 311 311 311 311 311 310 310 310 310 309 309 309 309 309 309 308 308 308 308 307 307 306 306 306 306 305 305 304 304 304 303 303 302 284 284 283 283 283 283 283 283 283 283 283 283 283 283 283 283 283 283 283 283 283 283 283 283 283 283 283 283 283 283 283 283 283 372 333 333 333 333 333 333 333 333 333 334 337 340 343 346 348 351 353 355 357 358 360 361 362 363 364
312 312 311 311 311 311 310 310 310 310 310 309 309 309 309 309 309 308 308 308 308 307 307 306 307 306 306 305 305 305 304 304 303 284 284 284 283 283 283 283 283 283 283 283 283 283 283 283 283 283 283 283 283 283 283 283 283 283 283 283 283 283 283 283 283 283 283 283 372 333 333 333 333 333 333 333 333 334 334 338 341 344 347 349 351 353 355 357 359 360 362 363 364 365
312 311 311 312 311 311 310 310 310 310 309 309 309 310 310 309 309 308 309 308 308 307 307 307 306 306 305 305 305 305 304 285 285 285 284 284 283 283 283 283 283 283 283 283 283 283 283 283 283 283 283 283 283 283 283 283 283 283 283 283 283 283 283 283 283 283 283 283 333 333 333 333 334 334 334 334 334 334 334 337 340 343 346 349 351 353 355 357 358 360 361 363 364 365
312 311 311 311 311 311 310 311 310 310 309 310 310 310 309 309 309 309 308 308 307 307 307 307 306 306 305 306 287 286 286 285 286 285 284 284 283 283 283 283 283 283 283 283 283 283 283 283 283 283 283 283 283 283 283 283 283 283 283 283 283 283 283 283 283 283 283 283 333 334 334 334 334 334 334 334 334 334 334 337 340 343 346 348 351 353 355 357 358 360 361 362 363 364
312 311 312 311 311 310 310 311 310 311 310 311 310 310 309 309 309 309 308 308 307 308 307 307 306 305 288 287 287 286 286 286 285 285 284 283 283 283 283 283 283 283 283 283 283 283 283 283 283 283 283 283 283 283 283 283 283 283 283 283 283 283 283 283 283 283 283 283 248 334 334 334 334 334 334 334 334 334 334 336 340 343 345 348 350 352 354 356 358 359 361 362 363 364
312 312 312 311 311 310 311 311 311 310 310 311 310 310 309 310 309 309 308 308 308 307 307 306 288 288 288 287 287 286 286 286 285 284 284 283 283 283 283 283 283 283 283 283 283 283 283 283 283 283 283 283 283 283 283 283 283 283 283 283 283 283 283 283 283 283 283 248 248 334 334 334 334 334 334 334 335 335 335 337 340 343 346 349 351 353 355 357 358 360 361 363 364 365
312 312 311 311 311 311 312 311 311 310 311 310 310 309 309 309 309 308 308 308 308 289 289 288 289 288 288 287 286 286 286 286 285 284 284 284 283 283 283 283 283 283 283 283 283 283 283 283 283 283 283 283 283 283 283 283 283 283 283 283 283 283 283 283 283 283 283 248 248 334 334 334 335 335 335 335 335 335 335 337 340 343 346 348 351 353 355 356 358 360 361 362 363 364
312 312 311 311 311 312 311 311 311 311 311 310 310 309 310 309 309 308 290 290 290 289 289 288 288 288 287 287 286 287 286 285 285 284 284 284 283 283 283 283 283 283 283 283 283 283 283 283 283 283 283 283 283 283 283 283 283 283 283 283 283 283 283 283 283 283 283 248 248 335 335 335 335 335 335 335 335 335 335 336 339 342 345 348 350 352 354 356 358 359 361 362 363 364
312 311 311 312 312 312 311 311 311 311 310 310 309 310 310 291 291 290 290 290 289 289 289 289 288 288 287 287 287 286 286 285 285 285 284 283 283 283 283 283 283 283 283 283 283 283 283 283 283 283 283 283 283 283 283 283 283 283 283 283 283 283 283 283 283 283 248 248 248 335 335 335 335 335 335 335 335 335 335 336 339 342 345 348 351 353 355 357 358 360 360 362 363 364
312 311 312 312 312 312 311 311 311 311 310 310 292 292 291 291 291 291 290 290 289 289 289 289 288 287 287 287 287 286 285 285 285 285 284 283 283 283 283 283 283 283 283 283 283 283 283 283 283 283 283 283 283 283 283 283 283 283 283 283 283 283 283 283 284 284 248 248 248 335 335 335 335 335 335 335 336 336 336 336 340 343 345 348 350 353 355 356 358 360 361 362 363 364
313 312 312 312 312 311 311 311 293 293 292 292 292 292 291 291 291 291 290 290 289 289 289 288 288 287 288 287 286 286 285 286 285 284 284 283 283 283 283 283 283 283 283 283 283 283 283 283 283 283 283 283 283 283 283 283 283 283 283 283 283 283 284 284 284 284 248 248 248 335 335 335 336 336 336 336 336 336 336 336 339 342 345 348 350 352 354 356 358 359 361 362 363 364
312 312 313 294 294 293 293 293 293 292 292 292 292 291 291 291 291 290 290 289 289 289 289 288 288 288 287 287 286 286 286 285 285 284 284 284 283 283 283 283 283 283 283 283 283 283 283 283 283 283 283 283 283 283 283 283 283 283 283 283 284 284 284 284 284 248 248 248 248 337 337 337 337 337 337 337 337 337 337 337 340 342 345 347 350 352 354 356 357 359 360 361 363 242
294 294 294 294 293 293 294 293 293 292 292 292 292 291 291 291 291 290 290 289 290 289 288 288 288 288 287 287 286 286 286 285 284 284 284 283 283 283 283 283 283 283 283 283 283 283 283 283 283 283 283 283 283 283 283 283 283 284 285 285 285 285 285 285 285 248 248 248 248 337 337 337 337 337 337 337 337 337 337 337 339 343 346 349 351 353 355 357 359 361 242 242 242 242
294 295 294 294 293 293 293 293 292 292 292 292 291 291 291 291 290 290 290 290 289 289 288 288 288 288 287 286 286 286 285 285 284 284 284 283 283 283 283 283 283 283 283 283 283 283 283 283 283 283 283 283 284 284 284 284 284 285 285 285 285 285 285 285 286 248 248 248 248 337 337 337 337 337 337 337 338 338 338 338 340 343 346 348 351 353 355 357 242 242 242 242 242 242
294 294 294 293 293 294 293 293 292 293 292 292 291 291 291 291 290 290 290 290 289 289 288 288 288 287 287 286 286 286 285 285 284 284 284 283 283 283 283 283 283 283 283 283 283 283 283 283 283 284 284 284 284 284 284 285 285 285 285 285 285 285 286 286 248 248 248 248 248 337 337 337 338 338 338 338 338 338 338 338 339 343 345 348 350 242 242 242 242 242 242 242 242 242
295 294 294 293 293 293 293 292 292 293 292 292 291 292 291 291 290 290 290 289 289 289 289 288 288 287 287 287 286 286 285 285 285 284 283 283 283 283 283 283 283 283 283 283 283 283 283 283 284 284 284 284 284 284 285 285 285 285 285 285 285 286 286 286 248 248 248 248 248 248 338 338 338 338 338 338 338 338 338 338 339 342 345 242 242 242 242 242 242 242 242 242 242 242
294 294 294 293 294 293 293 292 293 292 292 291 291 291 291 290 290 290 290 289 289 289 289 288 287 287 287 287 286 285 285 285 284 284 283 283 283 283 283 283 283 283 283 283 283 283 283 284 284 284 284 284 284 285 285 285 285 285 285 286 286 286 286 286 248 248 248 248 248 248 338 338 338 338 338 338 338 338 338 338 242 242 242 242 242 242 242 242 242 242 242 242 242 242
294 294 293 293 293 293 293 292 293 292 292 291 292 291 291 290 290 290 290 289 289 289 288 288 287 287 287 286 286 285 285 285 284 283 283 283 283 283 283 283 283 283 283 283 283 283 284 284 284 284 284 285 285 285 285 285 285 285 286 286 286 286 286 248 248 248 248 248 248 248 338 338 338 338 338 338 339 339 242 242 242 242 242 242 242 242 242 242 242 242 242 242 242 242
294 294 293 294 293 293 293 293 292 292 291 291 291 291 290 290 290 290 289 289 289 289 288 287 287 287 287 286 285 285 285 284 284 283 283 284 283 283 283 283 283 283 283 283 283 284 284 284 284 284 285 285 285 285 285 285 286 286 286 286 286 286 286 248 248 248 248 248 248 248 338 338 339 339 339 242 242 242 242 242 242 242 242 242 242 242 242 242 242 242 242 242 242 242
294 293 293 293 293 293 293 293 292 292 291 292 291 291 290 290 290 290 289 289 289 288 288 287 288 287 286 286 285 286 285 284 284 284 284 283 283 283 283 283 283 283 283 283 284 284 284 284 284 285 285 285 285 285 285 286 286 286 286 286 286 286 248 248 248 248 248 248 248 248 339 339 242 242 242 242 242 242 242 242 242 242 242 242 242 242 242 242 242 242 242 242 242 242
294 293 294 293 293 293 293 292 292 291 291 291 291 290 290 290 290 289 289 289 289 288 288 287 287 287 286 286 286 286 286 285 284 285 284 283 283 283 283 283 283 283 283 284 284 284 284 284 285 285 285 285 285 285 286 286 286 286 286 286 287 287 248 248 248 248 248 248 249 242 242 242 242 242 242 242 242 242 242 242 242 242 242 242 242 242 242 242 242 242 242 242 242 242
293 293 293 293 293 293 293 292 292 291 292 291 291 290 291 290 290 289 289 289 288 288 287 288 287 286 286 286 287 286 285 285 285 284 284 283 283 283 283 283 283 283 284 284 284 284 284 285 285 285 285 285 285 286 286 286 286 286 286 287 287 287 248 248 248 248 242 242 242 242 242 242 242 242 242 242 242 242 242 242 242 242 242 242 242 242 242 242 242 242 242 242 242 242
293 294 293 293 292 293 292 292 291 291 291 291 290 290 290 290 289 289 289 289 288 288 287 287 287 286 287 287 286 286 285 285 285 284 283 283 283 283 283 283 283 284 284 284 284 284 285 285 285 285 285 285 286 286 286 286 286 287 287 287 287 248 248 248 242 242 242 242 242 242 242 242 242 242 242 242 242 242 242 242 242 242 242 242 242 242 242 242 242 242 242 242 242 242
293 293 293 293 292 293 292 292 291 292 291 291 290 291 290 290 289 289 289 288 288 288 288 287 288 287 287 287 286 285 285 285 284 284 283 283 283 283 283 283 284 284 284 284 284 285 285 285 285 285 285 286 286 286 286 286 287 287 287 287 287 242 242 242 242 242 242 242 242 242 242 242 242 242 242 242 242 242 242 242 242 242 242 242 242 242 242 242 242 242 242 242 242 242
294 293 293 292 292 292 292 291 291 291 291 290 290 290 290 289 289 289 289 288 288 288 288 288 287 287 287 286 286 285 285 285 284 283 283 283 283 283 283 283 284 284 284 284 284 285 285 285 285 285 286 286 286 286 286 287 287 242 242 242 242 242 242 242 242 242 242 242 242 242 242 242 242 242 242 242 242 242 242 242 242 242 242 242 242 242 242 242 242 242 242 242 242 242
293 293 293 292 293 292 292 291 292 291 291 290 290 290 290 289 289 289 288 288 288 289 288 288 287 287 287 286 285 285 285 284 284 283 283 283 283 283 283 284 284 284 284 284 285 285 285 285 285 286 286 286 286 286 242 242 242 242 242 242 242 242 242 242 242 242 242 242 242 242 242 242 242 242 242 242 242 242 242 242 242 242 242 242 242 242 242 242 242 242 242 242 242 242
293 293 292 292 292 292 291 291 291 291 290 290 290 290 289 289 289 289 288 289 288 288 288 287 287 287 286 286 285 285 285 284 283 283 283 283 283 283 284 284 284 284 284 285 285 285 285 285 286 286 286 242 242 242 242 242 242 242 242 242 242 242 242 242 242 242 242 242 242 242 242 242 242 242 242 242 242 242 242 242 242 242 242 242 242 242 242 242 242 242 242 242 242 242
293 293 292 293 292 292 291 291 291 291 290 290 290 290 289 289 289 289 289 288 289 288 288 287 287 287 286 285 285 285 284 284 283 283 283 283 283 283 284 284 284 284 285 285 285 285 285 286 242 242 242 242 242 242 242 242 242 242 242 242 242 242 242 242 242 242 242 242 242 242 242 242 242 242 242 242 242 242 242 242 242 242 242 242 242 242 242 242 242 242 242 242 242 242
293 292 292 292 292 291 291 291 291 290 290 290 290 289 289 290 290 289 289 288 288 288 287 287 287 286 286 285 285 285 284 283 283 283 283 283 283 284 284 284 284 284 285 285 242 242 242 242 242 242 242 242 242 242 242 242 242 242 242 242 242 242 242 242 242 242 242 242 242 242 242 242 242 242 242 242 242 242 242 242 242 242 242 242 242 242 242 242 242 242 242 242 242 242
292 292 292 292 292 291 291 291 291 290 290 290 290 289 290 290 289 289 288 289 288 288 287 287 287 286 285 285 285 284 284 283 283 283 283 283 284 284 284 284 284 242 242 242 242 242 242 242 242 242 242 242 242 242 242 242 242 242 242 242 242 242 242 242 242 242 242 242 242 242 242 242 242 242 242 242 242 242 242 242 242 242 242 242 242 242 242 242 242 242 242 242 242 242
292 292 292 292 291 291 291 291 290 290 290 290 290 290 290 290 289 289 288 288 288 287 287 287 286 286 285 285 285 284 283 283 283 283 283 283 284 242 242 242 242 242 242 242 242 242 242 242 242 242 242 242 242 242 242 242 242 242 242 242 242 242 242 242 242 242 242 242 242 242 242 242 242 242 242 242 242 242 242 242 242 242 242 242 242 242 242 242 242 242 242 242 242 242
292 292 292 292 291 291 291 291 290 290 290 291 290 290 290 289 289 288 289 288 288 287 287 287 286 285 285 285 284 284 283 283 283 242 242 242 242 242 242 242 242 242 242 242 242 242 242 242 242 242 242 242 242 242 242 242 242 242 242 242 242 242 242 242 242 242 242 242 242 242 242 242 242 242 242 242 242 242 242 242 242 242 242 242 242 242 242 242 242 242 242 242 242 242
292 292 292 291 291 291 291 290 290 290 291 290 290 289 290 289 289 288 288 288 287 287 287 286 286 285 285 285 284 242 242 242 242 242 242 242 242 242 242 242 242 242 242 242 242 242 242 242 242 242 242 242 242 242 242 242 242 242 242 242 242 242 242 242 242 242 242 242 242 242 242 242 242 242 242 242 242 242 242 242 242 242 242 242 242 242 242 242 242 242 242 242 242 242
291 292 292 291 291 291 291 290 291 291 291 290 289 289 289 289 288 288 288 288 287 286 287 286 285 242 242 242 242 242 242 242 242 242 242 242 242 242 242 242 242 242 242 242 242 242 242 242 242 242 242 242 242 242 242 242 242 242 242 242 242 242 242 242 242 242 242 242 242 242 242 242 242 242 242 242 242 242 242 242 242 242 242 242 242 242 242 242 242 242 242 242 242 242
291 292 291 291 291 291 291 291 290 291 290 290 289 290 289 289 288 288 288 287 287 242 242 242 242 242 242 242 242 242 242 242 242 242 242 242 242 242 242 242 242 242 242 242 242 242 242 242 242 242 242 242 242 242 242 242 242 242 242 242 242 242 242 242 242 242 242 242 242 242 242 242 242 242 242 242 242 242 242 242 242 242 242 242 242 242 242 242 242 242 242 242 242 242
291 291 291 291 291 292 291 291 290 290 290 289 289 289 295 288 242 242 242 242 242 242 242 242 242 242 242 242 242 242 242 242 242 242 242 242 242 242 242 242 242 242 242 242 242 242 242 242 242 242 242 242 242 242 242 242 242 242 242 242 242 242 242 242 242 242 242 242 242 242 242 242 242 242 242 242 242 242 242 242 242 242 242 242 242 242 242 242 242 242 242 242 242 242
291 291 291 291 291 291 291 290 296 296 296 295 242 242 242 242 242 242 242 242 242 242 242 242 242 242 242 242 242 242 242 242 242 242 242 242 242 242 242 242 242 242 242 242 242 242 242 242 242 242 242 242 242 242 242 242 242 242 242 242 242 242 242 242 242 242 242 242 242 242 242 242 242 242 242 242 242 242 242 242 242 242 242 242 242 242 242 242 242 242 242 242 242 242
291 291 290 291 291 297 296 242 242 242 242 242 242 242 242 242 242 242 242 242 242 242 242 242 242 242 242 242 242 242 242 242 242 242 242 242 242 242 242 242 242 242 242 242 242 242 242 242 242 242 242 242 242 242 242 242 242 242 242 242 242 242 242 242 242 242 242 242 242 242 242 242 242 242 242 242 242 242 242 242 242 242 242 242 242 242 242 242 242 242 242 242 242 242
