testData/tiles/oneDegreeCosts/grid19.0-8.0-20.0-9.0.asc
ncols   200
nrows   200
xllcorner   19.0
yllcorner   8.0
cellsize   0.005
NODATA_value   -9999.0
[rows 126 to 167 of 200, columns 94 to 187 of 200]
137 137 137 137 137 137 137 137 137 137 137 137 137 137 137 137 137 137 137 137 137 137 137 137 137 137 190 190 191 192 193 194 195 196 197 197 198 199 200 201 201 202 203 203 204 205 205 206 207 276 277 277 278 279 279 280 280 281 281 282 282 192 192 192 193 193 194 194 194 195 195 195 196 196 196 198 199 199 200 202 204 205 206 208 209 210 211 212 214 215 216 217 218 219
137 137 137 137 137 137 137 137 137 137 137 137 137 137 137 137 137 137 137 137 137 137 137 137 137 137 137 190 191 192 193 194 195 196 197 198 199 199 200 201 202 202 203 204 204 205 206 206 207 277 277 278 278 279 279 280 280 281 281 282 192 192 192 193 193 193 194 194 194 195 195 196 196 196 196 198 198 199 201 202 204 205 207 208 209 210 211 213 214 215 216 217 218 219
137 137 137 137 137 137 137 137 137 137 137 137 137 137 137 137 137 137 137 137 137 137 137 137 137 137 137 191 192 193 194 195 195 196 197 198 199 200 200 201 202 203 203 204 205 205 206 207 207 277 277 278 278 279 280 280 281 281 282 282 192 192 192 193 193 194 194 194 195 195 195 196 196 196 197 197 198 200 201 202 204 206 207 208 209 210 212 213 214 215 216 217 219 220
137 137 137 137 137 137 137 137 137 137 137 137 137 137 137 137 137 137 137 137 137 137 137 137 137 137 137 191 192 193 194 195 196 197 197 198 199 200 201 201 202 203 203 204 205 205 206 207 207 277 278 278 279 279 280 280 281 281 282 282 192 192 193 193 193 194 194 195 195 195 196 196 196 197 197 197 198 200 201 202 204 206 207 208 209 211 212 213 214 215 216 218 219 220
137 137 137 137 137 137 137 137 137 137 137 137 137 137 137 137 137 137 137 137 137 137 137 137 137 137 137 137 192 193 194 195 196 197 198 198 199 200 201 202 202 203 204 204 205 206 206 207 208 277 278 278 279 279 280 280 281 281 282 192 192 192 193 193 194 194 194 195 195 195 196 196 196 197 197 197 199 200 201 202 204 205 207 208 210 211 212 213 214 215 217 218 219 220
137 137 137 137 137 137 137 137 137 137 137 137 137 137 137 137 137 137 137 137 137 137 137 137 137 137 137 137 193 193 194 195 196 197 198 199 199 200 201 202 203 203 204 205 205 206 207 207 208 277 278 279 279 280 280 281 281 282 282 192 192 192 193 193 194 194 195 195 195 196 196 196 197 197 197 197 198 200 201 203 204 205 207 209 210 211 212 213 215 216 217 218 219 220
137 137 137 137 137 137 137 137 137 137 137 137 137 137 137 137 137 137 137 137 137 137 137 137 137 137 137 137 137 194 195 196 196 197 198 199 200 200 201 202 203 203 204 205 205 206 207 207 208 278 278 279 279 280 280 281 281 282 192 192 192 193 193 194 194 194 195 195 195 196 196 197 197 197 197 197 198 200 202 203 204 205 207 209 210 211 212 214 215 216 217 218 219 220
137 137 137 137 137 137 137 137 137 137 137 137 137 137 137 137 137 137 137 137 137 137 137 137 137 137 137 137 137 194 195 196 197 197 198 199 200 201 201 202 203 204 204 205 206 206 207 208 208 209 278 279 279 280 281 281 282 282 192 192 192 193 193 194 194 195 195 195 196 196 196 197 197 197 197 197 198 199 202 203 204 205 207 208 210 211 213 214 215 216 217 218 219 221
137 137 137 137 137 137 137 137 137 137 137 137 137 137 137 137 137 137 137 137 137 137 137 137 137 137 137 137 137 137 195 196 197 198 199 199 200 201 202 202 203 204 205 205 206 207 207 208 208 209 279 279 280 280 281 281 282 192 192 192 193 193 194 194 194 195 195 195 196 196 197 197 196 197 197 197 198 200 202 203 204 206 207 208 209 212 213 214 215 216 217 219 220 221
137 137 137 137 137 137 137 137 137 137 137 137 137 137 137 137 137 137 137 137 137 137 137 137 137 137 137 137 137 137 195 196 197 198 199 200 200 201 202 203 203 204 205 205 206 207 207 208 209 209 279 279 280 280 281 281 282 192 192 192 193 193 194 194 195 195 195 196 196 196 197 196 196 197 197 197 199 200 201 203 205 206 207 208 210 211 212 214 215 216 218 219 219 220
137 137 137 137 137 137 137 137 137 137 137 137 137 137 137 137 137 137 137 137 137 137 137 137 137 137 137 137 137 137 137 196 197 198 199 200 201 201 202 203 204 204 205 206 206 207 208 208 209 209 279 280 280 281 281 282 192 192 192 193 193 193 194 194 195 195 195 196 196 197 197 196 197 197 197 197 199 200 201 204 205 206 207 208 210 211 212 213 214 216 217 218 219 220
137 137 137 137 137 137 137 137 137 137 137 137 137 137 137 137 137 137 137 137 137 137 137 137 137 137 137 137 137 137 137 197 198 198 199 200 201 202 202 203 204 205 205 206 207 207 208 208 209 210 279 280 280 281 281 282 192 192 192 193 193 194 194 195 195 195 196 196 196 197 196 196 197 197 197 198 199 200 201 203 205 206 207 209 210 211 212 213 215 216 217 218 219 220
137 137 137 137 137 137 137 137 137 137 137 137 137 137 137 137 137 137 137 137 137 137 137 137 137 137 137 137 137 137 137 137 198 199 199 200 201 202 203 203 204 205 205 206 207 207 208 209 209 210 279 280 280 281 282 191 192 192 193 193 193 194 194 195 195 195 196 196 197 197 196 197 197 197 198 198 199 200 202 203 204 206 208 209 210 211 212 214 215 216 217 218 219 220
137 137 137 137 137 137 137 137 137 137 137 137 137 137 137 137 137 137 137 137 137 137 137 137 137 137 137 137 137 137 137 137 137 199 200 201 201 202 203 204 204 205 206 206 207 208 208 209 209 210 280 280 281 281 191 191 192 192 193 193 194 194 194 195 195 196 196 196 197 196 196 197 197 197 198 198 198 201 202 203 204 207 208 209 210 211 213 214 215 216 217 218 220 221
137 137 137 137 137 137 137 137 137 137 137 137 137 137 137 137 137 137 137 137 137 137 137 137 137 137 137 137 137 137 137 137 137 199 200 201 202 202 203 204 204 205 206 207 207 208 208 209 210 210 280 280 281 281 191 191 192 192 193 193 194 194 195 195 195 196 196 197 196 196 197 197 197 198 198 198 198 201 202 203 205 206 208 209 210 212 213 214 215 216 217 219 220 221
137 137 137 137 137 137 137 137 137 137 137 137 137 137 137 137 137 137 137 137 137 137 137 137 137 137 137 137 137 137 137 137 137 137 200 201 202 202 203 204 205 205 206 207 207 208 209 209 210 210 280 281 281 191 191 192 192 193 193 194 194 194 195 195 196 196 196 197 196 197 197 197 197 198 198 198 199 200 202 203 205 206 207 209 211 212 213 214 215 216 218 219 220 221
137 137 137 137 137 137 137 137 137 137 137 137 137 137 137 137 137 137 137 137 137 137 137 137 137 137 137 137 137 137 137 137 137 137 137 201 202 203 203 204 205 206 206 207 208 208 209 209 210 211 280 281 190 191 191 192 192 193 193 194 194 195 195 195 196 196 197 196 196 197 197 197 198 198 198 199 199 200 202 204 205 206 207 209 211 212 213 214 215 217 218 219 220 221
137 137 137 137 137 137 137 137 137 137 137 137 137 137 137 137 137 137 137 137 137 137 137 137 137 137 137 137 137 137 137 137 137 137 137 137 202 203 204 204 205 206 206 207 208 208 209 210 210 211 211 190 190 191 192 192 193 193 193 194 194 195 195 196 196 196 196 196 197 197 197 198 198 198 198 199 199 200 202 204 205 206 207 209 210 211 213 214 216 217 218 219 220 221
137 137 137 137 137 137 137 137 137 137 137 137 137 137 137 137 137 137 137 137 137 137 137 137 137 137 137 137 137 137 137 137 137 137 137 137 137 203 204 205 205 206 207 207 208 209 209 210 210 211 137 190 191 191 192 192 193 193 194 194 195 195 195 196 196 196 196 196 197 197 197 198 198 198 199 199 199 200 202 203 205 206 208 209 210 211 212 214 215 217 218 219 220 221
137 137 137 137 137 137 137 137 137 137 137 137 137 137 137 137 137 137 137 137 137 137 137 137 137 137 137 137 137 137 137 137 137 137 137 137 137 137 204 205 206 206 207 208 208 209 209 210 211 137 137 190 191 191 192 192 193 193 194 194 195 195 196 196 196 196 196 197 197 197 198 198 198 199 199 199 199 201 202 203 205 207 208 209 210 211 213 214 215 216 217 218 220 221
137 137 137 137 137 137 137 137 137 137 137 137 137 137 137 137 137 137 137 137 137 137 137 137 137 137 137 137 137 137 137 137 137 137 137 137 137 137 137 137 206 206 207 208 208 209 210 137 137 137 137 190 191 192 192 193 193 194 194 194 195 195 196 196 196 196 196 197 197 197 198 198 198 199 199 199 200 201 202 203 205 207 208 209 210 212 213 214 215 216 217 219 220 221
137 137 137 137 137 137 137 137 137 137 137 137 137 137 137 137 137 137 137 137 137 137 137 137 137 137 137 137 137 137 137 137 137 137 137 137 137 137 137 137 137 137 137 137 137 137 137 137 137 137 137 191 191 192 192 193 193 194 194 195 195 196 196 196 196 196 196 197 197 198 198 198 199 199 199 199 200 201 202 203 205 206 208 209 211 212 213 214 215 216 218 219 220 221
137 137 137 137 137 137 137 137 137 137 137 137 137 137 137 137 137 137 137 137 137 137 137 137 137 137 137 137 137 137 137 137 137 137 137 137 137 137 137 137 137 137 137 137 137 137 137 137 137 137 137 191 191 192 192 193 193 194 194 195 195 196 195 196 196 196 197 197 197 198 198 198 199 199 199 200 200 200 202 204 205 206 207 210 211 212 213 214 215 217 218 219 220 221
137 137 137 137 137 137 137 137 137 137 137 137 137 137 137 137 137 137 137 137 137 137 137 137 137 137 137 137 137 137 137 137 137 137 137 137 137 137 137 137 137 137 137 137 137 137 137 137 137 137 137 191 192 192 193 193 194 194 195 195 195 196 195 196 196 196 197 197 198 198 198 199 199 199 199 200 200 200 202 204 205 206 208 209 210 212 213 214 216 217 218 219 220 221
137 137 137 137 137 137 137 137 137 137 137 137 137 137 137 137 137 137 137 137 137 137 137 137 137 137 137 137 137 137 137 137 137 137 137 137 137 137 137 137 137 137 137 137 137 137 137 137 137 137 137 191 192 192 193 193 194 194 195 195 196 195 195 196 196 197 197 197 198 198 198 199 199 199 200 200 200 200 202 203 205 206 208 209 210 211 213 215 216 217 218 219 220 222
137 137 137 137 137 137 137 137 137 137 137 137 137 137 137 137 137 137 137 137 137 137 137 137 137 137 137 137 137 137 137 137 137 137 137 137 137 137 137 137 137 137 137 137 137 137 137 137 137 137 137 191 192 192 193 193 194 194 195 195 195 195 196 196 196 197 197 198 198 198 199 199 199 200 200 200 200 201 202 203 205 207 208 209 210 211 213 214 215 217 218 219 221 222
137 137 137 137 137 137 137 137 137 137 137 137 137 137 137 137 137 137 137 137 137 137 137 137 137 137 137 137 137 137 137 137 137 137 137 137 137 137 137 137 137 137 137 137 137 137 137 137 137 137 137 137 192 193 193 194 194 195 195 195 195 195 196 196 197 197 197 198 198 198 199 199 199 200 200 200 201 201 202 203 205 207 208 209 210 212 213 214 215 216 217 219 220 221
137 137 137 137 137 137 137 137 137 137 137 137 137 137 137 137 137 137 137 137 137 137 137 137 137 137 137 137 137 137 137 137 137 137 137 137 137 137 137 137 137 137 137 137 137 137 137 137 137 137 137 137 192 193 193 194 194 195 195 195 195 196 196 196 197 197 198 198 198 199 199 199 200 200 200 200 201 201 202 203 205 206 208 209 211 212 213 214 215 216 218 219 220 221
137 137 137 137 137 137 137 137 137 137 137 137 137 137 137 137 137 137 137 137 137 137 137 137 137 137 137 137 137 137 137 137 137 137 137 137 137 137 137 137 137 137 137 137 137 137 137 137 137 137 137 137 192 193 194 194 194 195 195 195 195 196 196 197 197 197 198 198 198 199 199 199 200 200 200 201 201 201 201 204 205 206 207 209 211 212 213 214 215 217 218 219 220 221
137 137 137 137 137 137 137 137 137 137 137 137 137 137 137 137 137 137 137 137 137 137 137 137 137 137 137 137 137 137 137 137 137 137 137 137 137 137 137 137 137 137 137 137 137 137 137 137 137 137 137 137 193 193 194 194 195 194 195 195 195 196 196 197 197 197 198 198 199 199 199 200 200 200 200 201 201 201 202 204 205 206 207 209 210 212 213 214 216 217 218 219 220 221
137 137 137 137 137 137 137 137 137 137 137 137 137 137 137 137 137 137 137 137 137 137 137 137 137 137 137 137 137 137 137 137 137 137 137 137 137 137 137 137 137 137 137 137 137 137 137 137 137 137 137 137 193 193 194 194 194 194 195 195 196 196 196 197 197 198 198 198 199 199 199 200 200 200 201 201 201 201 202 203 205 206 208 209 210 211 212 215 216 217 218 219 220 221
137 137 137 137 137 137 137 137 137 137 137 137 137 137 137 137 137 137 137 137 137 137 137 137 137 137 137 137 137 137 137 137 137 137 137 137 137 137 137 137 137 137 137 137 137 137 137 137 137 137 137 137 193 194 194 194 194 194 195 195 196 196 197 197 197 198 198 199 199 199 200 200 200 200 201 201 201 202 202 203 204 207 208 209 210 211 213 214 215 216 218 219 220 222
137 137 137 137 137 137 137 137 137 137 137 137 137 137 137 137 137 137 137 137 137 137 137 137 137 137 137 137 137 137 137 137 137 137 137 137 137 137 137 137 137 137 137 137 137 137 137 137 137 137 137 137 137 194 193 194 194 195 195 196 196 196 197 197 198 198 198 199 199 199 200 200 200 201 201 201 202 202 202 203 204 206 208 209 210 212 213 214 215 216 217 219 220 221
137 137 137 137 137 137 137 137 137 137 137 137 137 137 137 137 137 137 137 137 137 137 137 137 137 137 137 137 137 137 137 137 137 137 137 137 137 137 137 137 137 137 137 137 137 137 137 137 137 137 137 137 137 193 193 194 194 195 195 196 196 197 197 197 198 198 198 199 199 200 200 200 201 201 201 201 202 202 202 203 205 206 207 209 211 212 213 214 215 216 218 219 220 221
137 137 137 137 137 137 137 137 137 137 137 137 137 137 137 137 137 137 137 137 137 137 137 137 137 137 137 137 137 137 137 137 137 137 137 137 137 137 137 137 137 137 137 137 137 137 137 137 137 137 137 137 137 193 194 194 194 195 195 196 196 197 197 198 198 198 199 199 199 200 200 200 201 201 201 202 202 202 202 203 205 206 207 208 210 212 213 214 215 217 218 219 220 221
137 137 137 137 137 137 137 137 137 137 137 137 137 137 137 137 137 137 137 137 137 137 137 137 137 137 137 137 137 137 137 137 137 137 137 137 137 137 137 137 137 137 137 137 137 137 137 137 137 137 137 137 137 193 194 194 195 195 196 196 196 197 197 198 198 198 199 199 200 200 200 201 201 201 201 202 202 202 202 203 204 206 207 209 210 211 212 214 216 217 218 219 220 221
137 137 137 137 137 137 137 137 137 137 137 137 137 137 137 137 137 137 137 137 137 137 137 137 137 137 137 137 137 137 137 137 137 137 137 137 137 137 137 137 137 137 137 137 137 137 137 137 137 137 137 137 137 193 194 194 195 195 196 196 197 197 197 198 198 199 199 199 200 200 200 201 201 201 202 202 202 202 203 203 204 205 208 209 210 211 212 214 215 217 218 219 220 221
137 137 137 137 137 137 137 137 137 137 137 137 137 137 137 137 137 137 137 137 137 137 137 137 137 137 137 137 137 137 137 137 137 137 137 137 137 137 137 137 137 137 137 137 137 137 137 137 137 137 137 137 137 194 194 195 195 195 196 196 197 197 198 198 198 199 199 199 200 200 201 201 201 201 202 202 202 203 203 203 204 205 207 209 210 211 212 214 215 216 217 218 219 221
137 137 137 137 137 137 137 137 137 137 137 137 137 137 137 137 137 137 137 137 137 137 137 137 137 137 137 137 137 137 137 137 137 137 137 137 137 137 137 137 137 137 137 137 137 137 137 137 137 137 137 137 137 137 194 195 195 196 196 196 197 197 198 198 199 199 199 200 200 200 201 201 201 202 202 202 202 203 203 203 204 206 207 208 210 211 213 214 215 216 217 218 220 221
137 137 137 137 137 137 137 137 137 137 137 137 137 137 137 137 137 137 137 137 137 137 137 137 137 137 137 137 137 137 137 137 137 137 137 137 137 137 137 137 137 137 137 137 137 137 137 137 137 137 137 137 137 137 194 195 195 196 196 197 197 198 198 198 199 199 199 200 200 200 201 201 201 202 202 202 203 203 203 203 205 206 207 208 209 212 213 214 215 216 217 219 220 221
137 137 137 137 137 137 137 137 137 137 137 137 137 137 137 137 137 137 137 137 137 137 137 137 137 137 137 137 137 137 137 137 137 137 137 137 137 137 137 137 137 137 137 137 137 137 137 137 137 137 137 137 137 137 195 195 195 196 196 197 197 198 198 198 199 199 200 200 200 201 201 201 202 202 202 202 203 203 203 203 204 206 207 208 210 211 212 214 215 216 218 219 220 221
137 137 137 137 137 137 137 137 137 137 137 137 137 137 137 137 137 137 137 137 137 137 137 137 137 137 137 137 137 137 137 137 137 137 137 137 137 137 137 137 137 137 137 137 137 137 137 137 137 137 137 137 137 137 195 195 196 196 197 197 197 198 198 199 199 199 200 200 200 201 201 201 202 202 202 203 203 203 203 204 204 205 207 208 210 211 212 213 214 216 218 219 220 221
