testData/tiles/oneDegreeCosts/grid35.0-10.0-36.0-11.0.asc
ncols   200
nrows   200
xllcorner   35.0
yllcorner   10.0
cellsize   0.005
NODATA_value   -9999.0
[rows 42 to 83 of 200, columns 0 to 93 of 200]
191 191 192 192 193 193 194 194 195 195 196 196 197 197 198 198 199 199 200 200 201 201 202 202 203 203 204 204 205 205 206 206 207 207 208 208 209 209 210 210 211 211 212 211 212 212 213 213 214 214 215 215 216 216 217 217 217 217 218 218 219 219 220 220 221 220 221 221 222 222 223 223 224 224 224 224 225 225 226 226 226 226 227 227 228 228 228 228 229 229 230 230 230 230
191 191 192 192 193 193 194 194 195 195 196 196 197 197 198 198 199 199 200 200 201 201 202 202 203 203 204 204 205 205 206 206 207 207 208 208 209 209 210 210 211 211 212 212 213 212 213 213 214 214 215 215 216 216 217 217 218 217 218 218 219 219 220 220 221 221 221 221 222 222 223 223 224 224 224 224 225 225 226 226 227 226 227 227 228 228 229 228 229 229 230 230 230 230
191 191 192 192 193 193 194 195 196 196 197 197 198 198 199 199 200 200 201 201 202 202 203 203 204 204 204 204 205 205 206 206 207 207 208 208 209 209 210 210 211 211 212 212 213 213 214 213 214 214 215 215 216 216 217 217 218 218 219 218 219 219 220 220 221 221 222 222 222 222 223 223 224 224 225 224 225 225 226 226 227 227 227 227 228 228 229 229 229 229 230 230 231 230
191 191 193 193 194 194 195 195 196 196 197 197 198 198 199 199 200 200 201 201 202 202 203 203 204 204 205 205 206 206 207 206 207 207 208 208 209 209 210 210 211 211 212 212 213 213 214 214 215 214 215 215 216 216 217 217 218 218 219 219 219 219 220 220 221 221 222 222 223 222 223 223 224 224 225 225 225 225 226 226 227 227 228 227 228 228 229 229 229 229 230 230 231 231
192 192 193 193 194 194 195 195 196 196 197 197 198 198 199 199 200 200 201 201 202 202 203 203 204 204 205 205 206 206 207 207 208 208 209 208 209 209 210 210 211 211 212 212 213 213 214 214 215 215 216 215 216 216 217 217 218 218 219 219 220 220 220 220 221 221 222 222 223 223 223 223 224 224 225 225 226 225 226 226 227 227 228 228 228 228 229 229 230 229 230 230 231 231
161 192 193 193 194 194 195 195 196 196 197 197 198 198 199 199 200 200 201 201 202 202 203 203 204 204 205 205 206 206 207 207 208 208 209 209 210 210 211 210 211 211 212 212 213 213 214 214 215 215 216 216 217 216 217 217 218 218 219 219 220 220 221 220 221 221 222 222 223 223 224 223 224 224 225 225 226 226 226 226 227 227 228 228 229 228 229 229 230 230 230 230 231 231
161 161 162 193 194 194 195 195 196 196 197 197 198 198 199 199 200 200 201 201 202 202 203 203 204 204 205 205 206 206 207 207 208 208 209 209 210 210 211 211 212 211 212 212 213 213 214 214 215 215 216 216 217 217 218 217 218 218 219 219 220 220 221 221 222 221 222 222 223 223 224 224 225 224 225 225 226 226 227 226 227 227 228 228 229 229 229 229 230 230 231 230 231 231
161 161 162 162 194 194 195 195 196 196 197 197 198 198 199 199 200 200 201 201 202 202 203 203 204 204 205 205 206 206 207 207 208 208 209 209 210 210 211 211 212 212 213 213 213 213 214 214 215 215 216 216 217 217 218 218 219 218 219 219 220 220 221 221 222 222 222 222 223 223 224 224 225 225 225 225 226 226 227 227 228 227 228 228 229 229 230 229 230 230 231 231 231 231
161 161 162 162 163 163 195 195 196 196 197 197 198 199 200 200 201 201 202 202 202 202 203 203 204 204 205 205 206 206 207 207 208 208 209 209 210 210 211 211 212 212 213 213 214 214 214 214 215 215 216 216 217 217 218 218 219 219 219 219 220 220 221 221 222 222 223 222 223 223 224 224 225 225 226 225 226 226 227 227 228 228 228 228 229 229 229 229 229 230 230 231 231 231
161 161 162 162 163 164 165 165 197 197 198 198 199 199 200 200 201 201 202 202 203 203 204 204 205 205 206 206 206 206 207 207 208 208 209 209 210 210 211 211 212 212 213 213 214 214 215 215 215 215 216 216 217 217 218 218 218 219 219 220 220 220 220 221 221 222 222 223 223 223 223 224 224 225 225 226 226 226 226 227 227 228 228 228 228 229 229 230 229 230 230 231 231 232
161 162 162 163 163 164 164 165 165 166 166 198 198 199 199 200 200 201 201 202 202 203 203 204 204 205 205 206 206 207 207 208 208 208 208 209 209 210 210 211 211 212 212 213 213 214 214 215 215 216 216 216 216 217 217 218 218 219 219 220 220 220 220 221 221 222 222 223 223 224 223 224 224 225 225 226 226 226 226 227 227 228 228 228 228 229 229 230 230 230 230 231 231 232
161 162 162 163 163 164 164 165 165 166 166 167 167 199 199 200 200 201 201 202 202 203 203 204 204 205 205 206 206 207 207 208 208 209 209 210 209 210 210 211 211 212 212 213 213 214 214 215 215 216 216 217 216 217 217 218 218 219 219 220 220 221 221 221 221 222 222 223 223 224 224 224 224 225 225 226 226 227 226 227 227 228 228 229 228 229 229 230 230 231 230 231 231 232
161 162 162 163 163 164 164 165 165 166 166 167 167 168 168 200 200 201 201 202 202 203 203 204 204 205 205 206 206 207 207 208 208 209 209 210 210 211 211 211 211 212 212 213 213 214 214 215 215 216 216 217 217 218 217 218 218 219 219 220 220 221 221 222 221 222 222 223 223 224 224 225 224 225 225 226 226 227 227 227 227 228 228 229 229 229 229 230 230 231 231 231 231 232
161 162 162 163 163 164 164 165 165 166 166 167 167 168 168 169 169 201 201 202 202 203 203 204 204 205 205 206 206 207 207 208 208 209 209 210 210 211 211 212 212 213 212 213 213 214 214 215 215 216 216 217 217 218 218 219 218 219 219 220 220 221 221 222 222 222 222 223 223 224 224 225 225 225 225 226 226 227 227 228 227 228 228 229 229 230 229 230 230 231 231 232 231 232
161 162 162 163 163 164 164 165 165 166 166 167 167 168 168 169 169 170 170 171 202 203 203 204 204 205 205 206 206 207 207 208 208 209 209 210 210 211 211 212 212 213 213 214 213 214 214 215 215 216 216 217 217 218 218 219 219 219 219 220 220 221 221 222 222 223 223 223 223 224 224 225 225 226 225 226 226 227 227 228 228 228 228 228 229 229 230 230 230 230 231 231 232 232
161 162 162 163 163 164 164 165 165 166 166 168 168 169 169 170 170 171 171 172 172 173 203 204 204 205 205 206 206 207 207 208 208 209 209 210 210 211 211 212 212 213 213 214 214 215 215 215 215 216 216 217 217 218 218 219 219 220 220 220 220 221 221 222 222 223 223 223 223 223 224 224 225 225 226 226 226 226 227 227 228 228 228 228 229 229 230 230 230 230 231 231 232 232
161 162 162 163 164 165 165 166 166 167 167 168 168 169 169 170 170 171 171 172 172 173 173 174 205 206 206 207 207 207 207 208 208 209 209 210 210 211 211 212 212 213 213 214 214 215 215 216 216 216 216 216 217 217 218 218 219 219 220 220 220 220 221 221 222 222 223 223 224 223 224 224 225 225 226 226 227 226 227 227 228 228 229 228 229 229 230 230 231 230 231 231 232 232
162 163 163 164 164 165 165 166 166 167 167 168 168 169 169 170 170 171 171 172 172 173 173 174 174 175 175 206 207 207 208 208 209 209 209 209 210 210 211 211 212 212 213 213 214 214 215 215 216 216 217 216 217 217 218 218 219 219 220 220 221 221 221 221 222 222 223 223 224 224 224 224 225 225 226 226 227 227 227 227 228 228 229 229 229 229 230 230 231 231 231 231 232 232
162 162 163 163 164 164 165 165 166 166 167 167 168 168 169 169 170 170 171 171 172 172 173 173 174 174 175 175 176 176 208 208 209 209 210 210 211 210 211 211 212 212 213 213 214 214 215 215 216 216 217 217 217 217 218 218 219 219 220 220 221 221 222 221 222 222 223 223 224 224 225 224 225 225 226 226 227 227 228 227 228 228 229 229 230 229 230 230 230 231 231 231 231 232
162 162 163 163 164 164 165 165 166 166 167 167 168 168 169 169 170 170 171 171 172 172 173 173 174 174 175 175 176 176 177 177 209 209 210 210 211 211 212 212 212 212 213 213 214 214 215 215 216 216 217 217 218 218 218 218 219 219 220 220 221 221 222 222 222 222 223 223 224 224 225 225 225 225 226 226 227 227 227 228 228 228 228 229 229 230 230 230 230 231 231 232 231 232
162 162 163 163 164 164 165 165 166 166 167 167 168 168 169 169 170 170 171 171 172 172 173 173 174 174 175 175 176 176 177 177 178 178 179 210 211 211 212 212 213 213 213 213 214 214 215 215 216 216 217 217 218 218 219 219 219 219 220 220 221 221 222 222 223 223 223 223 223 224 224 225 225 226 226 226 226 227 227 228 228 228 228 229 229 230 230 230 230 231 231 232 231 232
162 162 163 163 164 164 165 165 166 166 167 167 168 168 169 169 170 170 171 171 172 172 173 173 174 174 175 175 176 176 177 177 178 178 179 179 180 180 212 212 213 213 214 214 214 214 215 215 216 216 217 217 218 218 218 219 219 219 219 220 220 221 221 222 222 223 223 223 223 224 224 225 225 226 226 226 226 227 227 228 228 228 228 229 229 230 230 231 230 231 231 232 232 232
162 162 163 163 164 164 165 165 166 166 167 167 168 169 170 170 171 171 172 172 172 172 173 173 174 174 175 175 176 176 177 177 178 178 179 179 180 180 181 181 182 213 213 214 214 215 215 215 215 216 216 217 217 218 218 219 219 220 220 220 220 221 221 222 222 223 223 224 223 224 224 225 225 226 226 227 226 227 227 228 228 229 228 229 229 230 230 231 230 230 231 231 232 232
162 162 163 163 164 165 166 166 167 167 168 168 169 169 170 170 171 171 172 172 173 173 174 174 175 175 175 176 176 176 176 177 177 178 178 179 179 180 180 181 181 182 182 183 214 215 215 216 216 216 216 217 217 218 218 219 219 220 220 221 220 221 221 222 222 223 223 224 224 224 224 225 225 226 226 227 227 227 227 227 228 228 229 229 229 229 230 230 231 230 231 231 232 232
163 163 164 164 165 165 166 166 167 167 167 168 168 169 169 170 170 171 171 172 172 173 173 174 174 175 175 176 176 177 177 178 178 178 178 179 179 180 180 181 181 182 182 183 183 184 184 185 216 217 216 217 217 218 218 219 219 220 220 221 221 222 221 222 222 223 223 224 224 225 224 224 225 225 226 226 227 227 227 227 228 228 229 229 229 229 230 230 231 231 231 231 232 232
162 163 163 164 164 165 165 166 166 167 167 168 168 169 169 170 170 171 171 172 172 173 173 174 174 175 175 176 176 177 177 178 178 179 179 180 179 180 180 181 181 182 182 183 183 184 184 185 185 186 186 218 217 218 218 219 219 220 220 221 221 221 222 222 222 222 223 223 224 224 225 224 225 225 226 226 227 227 228 227 228 228 229 229 230 229 230 230 231 231 232 231 231 232
162 163 163 164 164 165 165 166 166 167 167 168 168 169 169 170 170 171 171 172 172 173 173 174 174 175 175 176 176 177 177 178 178 179 179 180 180 181 181 181 181 182 182 183 183 184 184 185 185 185 186 186 187 187 187 218 219 219 220 220 221 221 222 222 222 222 223 223 224 224 225 225 226 225 226 226 227 227 228 228 228 228 229 229 229 230 230 230 230 231 231 232 231 232
162 163 163 164 164 165 165 166 166 167 167 168 168 169 169 170 170 171 171 172 172 173 173 174 174 175 175 176 176 177 177 178 178 179 179 180 180 181 181 181 182 182 182 182 183 183 184 184 185 185 186 186 187 187 188 188 188 188 189 220 221 221 222 222 223 222 223 223 224 224 225 225 226 226 226 226 226 227 227 228 228 228 228 229 229 230 230 230 230 231 231 232 232 232
162 163 163 164 164 165 165 166 166 167 167 168 168 169 169 170 170 171 171 172 172 173 173 174 174 175 175 175 176 176 177 177 178 178 179 179 180 180 181 181 182 182 183 183 183 183 184 184 185 185 186 186 187 187 188 188 189 188 189 189 190 190 191 191 223 223 224 223 223 224 224 225 225 226 226 226 226 227 227 228 228 229 228 229 229 230 230 231 230 231 231 232 232 232
162 163 163 164 164 165 165 166 166 167 167 168 168 169 169 169 170 170 171 171 172 172 173 173 174 174 175 175 176 176 177 177 178 178 179 179 180 180 181 181 182 182 183 183 184 184 184 184 185 185 186 186 187 187 188 188 189 189 189 189 189 190 190 191 191 192 192 193 223 224 224 225 225 226 226 227 226 227 227 228 228 229 229 229 229 230 230 230 231 231 231 231 232 232
162 162 163 163 164 164 165 166 167 167 168 168 169 169 170 170 171 171 172 172 173 173 174 174 175 175 175 175 176 176 177 177 178 178 179 179 180 180 181 181 182 182 183 183 184 184 185 185 185 185 185 186 186 187 187 188 188 189 189 190 189 190 190 191 191 192 192 193 193 193 193 194 194 226 226 227 227 227 227 227 228 228 229 229 229 229 230 230 231 231 231 231 232 232
162 162 164 164 165 165 166 166 167 167 168 168 169 169 170 170 171 171 172 172 173 173 174 174 175 175 176 176 177 177 178 177 178 178 179 179 180 180 181 181 182 182 182 183 183 184 184 185 185 186 185 186 186 187 187 188 188 189 189 190 190 190 190 191 191 192 192 193 193 194 193 194 194 194 195 195 196 196 196 227 228 228 229 229 229 229 230 230 231 231 231 231 231 232
163 163 164 164 165 165 166 166 167 167 168 168 169 169 170 170 171 171 172 172 173 173 174 174 175 175 176 176 177 177 178 178 178 179 179 179 179 180 180 181 181 182 182 183 183 184 184 185 185 186 186 186 186 187 187 188 188 189 189 190 190 191 190 191 191 191 192 192 193 193 194 194 194 194 195 195 196 196 197 197 197 197 198 198 199 229 229 230 230 231 231 231 231 232
163 163 164 164 165 165 166 166 167 167 168 168 169 169 170 170 171 171 172 172 173 173 173 174 174 175 175 176 176 177 177 178 178 179 179 180 180 180 180 181 181 182 182 183 183 184 184 185 185 186 186 187 187 187 187 188 188 188 189 189 190 190 191 191 191 191 192 192 193 193 194 194 194 194 195 195 196 196 197 197 197 197 197 198 198 199 199 199 199 200 200 201 201 232
163 163 164 164 165 165 166 166 167 167 167 168 168 169 169 170 170 171 171 172 172 173 173 174 174 175 175 176 176 177 177 178 178 179 179 180 180 181 181 182 181 182 182 183 183 184 184 185 185 185 186 186 187 187 188 188 188 188 189 189 190 190 191 191 192 191 192 192 193 193 194 194 195 194 194 195 195 196 196 197 197 197 197 198 198 199 199 199 199 200 200 200 201 201
162 163 163 164 164 165 165 166 166 167 167 168 168 169 169 170 170 171 171 172 172 173 173 174 174 175 175 176 176 177 177 178 178 179 179 180 180 181 181 182 182 182 182 182 183 183 184 184 185 185 186 186 187 187 188 188 188 188 189 189 190 190 191 191 192 192 192 192 192 193 193 194 194 195 194 195 195 196 196 197 197 197 197 198 198 198 199 199 199 199 200 200 201 201
162 163 163 164 164 165 165 166 166 167 167 168 168 169 169 170 170 171 171 172 172 173 173 174 174 175 175 176 176 177 177 177 178 178 179 179 180 180 181 181 182 182 183 183 184 183 184 184 185 185 186 186 187 187 188 188 189 189 189 189 189 190 190 191 191 192 192 192 192 193 193 194 194 195 195 195 195 196 196 196 197 197 197 197 198 198 199 199 200 199 200 200 201 201
162 163 163 164 164 165 165 166 166 167 167 168 168 169 169 170 170 171 171 172 172 173 173 173 174 174 175 175 176 176 177 177 178 178 179 179 180 180 181 181 182 182 183 183 184 184 185 184 185 185 186 186 186 187 187 188 188 189 189 189 189 190 190 191 191 192 192 193 193 193 193 194 194 194 195 195 195 195 196 196 197 197 198 197 198 198 199 199 200 199 199 200 200 201
162 163 163 164 164 165 166 167 167 168 168 169 169 169 170 170 171 171 172 172 173 173 174 174 175 175 176 175 176 176 177 177 178 178 179 179 180 180 181 181 182 182 183 183 184 184 184 185 185 185 185 186 186 187 187 188 188 189 189 190 189 190 190 191 191 192 192 192 193 193 193 193 194 194 195 195 196 195 196 196 197 197 198 198 198 198 198 199 199 200 199 200 200 201
162 164 164 164 165 165 166 166 167 167 168 168 169 169 170 170 171 171 172 172 173 173 174 174 175 175 176 176 177 177 178 178 178 178 179 179 180 180 180 181 181 182 182 183 183 184 184 185 185 186 185 186 186 187 187 188 188 189 189 190 190 190 190 190 191 191 192 192 193 193 194 193 194 194 195 195 196 196 196 196 196 197 197 198 198 198 198 199 199 200 200 200 200 200
163 163 164 164 165 165 166 166 167 167 168 168 169 169 170 170 171 171 172 172 173 173 174 174 175 175 176 176 177 177 177 178 178 179 179 179 179 180 180 181 181 182 182 183 183 184 184 185 185 186 186 187 186 187 187 187 188 188 189 189 190 190 191 190 191 191 192 192 193 193 194 194 194 194 194 195 195 196 196 196 196 197 197 198 198 199 198 198 199 199 200 200 200 200
163 163 164 164 165 165 166 166 167 167 168 168 169 169 170 170 171 171 172 172 172 173 173 174 174 175 175 176 176 177 177 178 178 179 179 180 180 181 180 181 181 182 182 183 183 184 184 184 185 185 186 186 187 187 187 187 188 188 189 189 190 190 191 191 191 191 191 192 192 193 193 194 194 194 194 195 195 196 196 197 196 197 197 197 198 198 199 198 199 199 200 200 200 200
