testData/tiles/oneDegreeCosts/grid48.0-38.0-49.0-39.0.asc
ncols   200
nrows   200
xllcorner   48.0
yllcorner   38.0
cellsize   0.005
NODATA_value   -9999.0
[rows 126 to 167 of 200, columns 0 to 93 of 200]
53 60 92 98 103 108 113 119 126 132 139 145 150 155 160 165 170 174 179 183 187 191 196 199 203 206 211 214 217 220 224 227 230 234 237 240 243 255 258 261 264 265 268 271 274 276 279 282 284 286 289 291 294 296 298 300 303 305 307 309 311 314 315 317 320 321 323 326 327 329 331 333 335 337 338 340 407 408 411 412 414 416 417 419 420 422 423 425 427 428 430 431 433 434
52 59 66 98 103 108 112 117 123 130 136 141 148 153 158 163 168 173 177 182 185 190 194 197 202 205 208 213 216 219 223 226 229 232 235 238 250 253 256 259 262 264 267 270 273 275 278 281 283 285 288 290 293 295 297 299 302 304 307 308 310 313 314 316 319 321 322 325 327 328 330 332 334 336 338 339 341 407 410 412 413 415 416 418 420 421 423 424 426 427 429 430 432 434
52 59 66 71 103 108 112 117 121 127 134 139 145 150 156 161 166 171 175 179 184 188 193 196 200 204 207 211 214 218 221 225 228 231 243 246 249 252 255 258 260 263 266 269 272 274 277 280 282 284 286 289 292 294 297 298 301 303 305 307 309 312 314 315 318 320 321 323 326 327 329 331 333 335 337 338 340 342 408 411 412 414 416 417 419 420 422 424 425 427 428 430 431 433
52 59 65 71 77 107 112 117 121 125 131 137 143 148 153 159 164 169 174 177 182 186 190 194 198 202 205 210 213 216 219 224 227 239 242 245 248 251 254 257 259 262 265 268 271 273 276 279 281 283 285 288 291 293 296 297 300 302 304 306 308 311 313 314 317 319 321 322 325 327 328 330 333 334 336 338 339 341 407 410 412 413 415 416 418 420 421 423 424 426 427 429 431 432
51 59 65 71 76 81 112 116 121 125 128 134 140 146 151 156 162 167 171 175 180 185 188 193 196 201 204 208 212 215 218 230 234 238 241 244 247 250 253 255 258 261 264 267 269 272 275 278 280 282 284 287 289 292 294 296 298 301 303 306 307 309 312 313 316 318 320 321 324 326 327 329 331 333 335 337 338 340 342 408 411 412 414 416 417 419 420 422 424 425 427 428 430 431
51 58 65 71 76 81 86 116 120 124 128 132 136 143 149 154 159 164 169 174 178 183 187 191 195 199 202 206 210 213 226 229 233 236 239 243 246 249 251 254 257 260 263 266 268 271 274 276 278 281 283 286 288 291 293 295 297 300 302 305 306 308 311 313 314 317 319 320 323 325 327 328 330 333 334 336 337 339 341 342 409 412 413 415 416 418 420 421 423 424 426 427 429 430
51 58 65 71 76 81 86 90 94 124 128 132 135 140 146 151 157 162 167 172 176 180 185 189 193 197 201 204 218 221 224 227 231 234 238 241 244 246 250 253 256 259 262 265 267 270 273 274 277 280 282 285 287 290 292 294 296 299 301 304 305 307 310 312 313 316 318 320 321 324 326 327 329 332 333 335 337 338 340 342 408 410 412 414 416 417 419 420 422 424 425 427 427 429
51 58 64 70 76 81 85 90 94 98 128 132 135 139 143 149 154 159 164 169 174 178 183 188 191 195 199 212 216 219 223 226 229 232 236 239 242 245 248 251 254 257 260 262 265 268 271 273 276 279 281 284 286 289 291 293 295 298 300 303 304 306 309 311 312 315 317 319 320 323 325 326 328 330 332 334 336 337 339 341 342 409 411 413 415 416 418 420 421 423 424 425 426 428
50 58 64 70 75 81 85 90 94 98 102 131 135 138 142 146 151 157 162 167 172 176 181 185 189 202 206 210 213 218 221 224 228 231 234 237 241 244 247 250 253 256 259 261 264 267 270 272 275 277 280 283 285 288 289 292 294 297 299 301 303 305 308 310 311 314 316 318 319 322 324 325 327 329 332 333 335 337 338 340 341 343 410 411 413 416 417 419 420 421 422 424 426 427
50 57 64 70 75 80 85 89 94 98 102 105 135 138 142 145 148 154 159 165 169 174 179 183 196 200 205 208 212 216 220 223 226 230 233 236 239 242 246 249 252 255 257 260 263 266 268 271 274 276 279 282 284 286 288 291 293 296 298 300 302 304 306 309 310 312 315 317 318 321 323 325 326 328 330 332 334 336 337 339 341 342 344 410 412 414 415 417 418 420 422 423 425 426
50 57 64 70 75 80 85 89 94 98 101 105 109 138 141 145 148 151 157 162 166 172 186 190 194 198 203 206 210 213 218 221 225 228 231 235 238 241 244 247 250 254 256 259 262 265 267 270 273 275 278 280 282 285 287 290 292 294 297 299 301 303 305 308 309 311 314 316 317 319 322 324 325 327 329 331 333 335 336 338 340 341 343 410 411 413 414 416 418 419 421 422 424 426
49 57 63 69 75 80 85 89 93 97 101 105 109 112 141 144 148 151 154 158 164 178 182 187 192 196 200 205 208 212 216 220 223 226 230 233 236 240 243 246 249 252 254 257 260 264 266 269 272 274 276 278 281 283 286 288 291 293 296 297 300 302 304 307 308 310 313 315 316 318 321 323 324 326 328 329 332 334 335 337 339 340 342 344 410 412 414 415 417 418 420 422 423 425
49 56 63 69 75 80 84 89 93 97 101 105 108 112 115 144 147 150 153 156 170 175 180 185 189 194 198 203 206 210 213 218 221 225 228 232 235 238 241 245 248 250 253 256 259 261 264 267 269 272 275 277 280 282 285 287 290 292 295 296 298 301 303 306 307 309 311 314 315 317 319 322 323 325 327 329 331 333 335 336 338 340 341 343 344 411 413 414 416 418 419 421 422 424
48 56 63 69 74 79 84 89 93 97 101 105 108 112 115 118 147 150 162 165 168 172 177 182 187 192 196 200 204 208 212 216 220 223 227 230 233 237 240 243 245 248 252 255 258 260 263 266 268 271 274 276 279 281 284 286 289 291 293 295 297 300 302 304 306 308 310 313 314 316 318 321 322 324 326 328 329 332 334 335 337 339 340 342 344 345 412 413 415 417 418 420 421 423
48 56 62 69 74 79 84 88 93 97 101 104 108 111 115 118 121 159 162 165 168 170 174 180 184 189 193 197 202 206 210 213 218 221 225 228 232 235 238 242 244 247 250 253 256 259 262 265 267 270 272 275 278 280 283 285 287 289 292 294 296 299 301 302 305 307 309 312 313 315 317 320 321 323 325 327 328 331 333 334 336 338 339 341 343 344 411 413 414 416 417 419 421 422
52 55 62 68 74 79 84 88 93 97 101 104 108 111 115 118 130 133 136 165 168 170 173 177 181 187 191 195 200 204 208 211 215 220 223 227 230 233 236 239 242 245 249 252 254 257 260 263 265 268 270 274 276 278 281 283 286 288 290 293 295 298 300 301 304 306 308 311 312 314 316 318 320 322 324 326 327 329 332 333 335 337 338 340 342 343 345 412 413 415 417 418 420 421
51 59 62 68 74 79 84 88 92 96 100 104 108 111 123 127 130 133 136 139 167 170 173 175 178 183 188 192 197 202 205 209 213 217 220 225 228 231 234 237 241 244 247 250 253 256 259 261 264 267 269 272 274 277 279 282 284 287 289 292 294 297 298 300 303 305 307 309 311 313 315 317 319 321 323 325 326 328 330 332 334 336 337 339 341 342 344 346 412 414 416 417 419 420
51 59 62 68 73 78 83 88 92 96 100 104 107 120 123 127 130 133 136 138 141 170 173 175 178 180 185 190 194 199 203 207 211 215 218 222 225 229 232 236 239 242 246 248 251 254 257 260 263 266 268 271 273 276 278 281 283 286 288 291 293 294 297 299 301 304 306 307 310 312 314 316 317 320 322 324 325 327 329 330 333 335 337 338 340 342 343 345 346 413 415 416 418 420
50 58 65 67 73 78 83 88 92 96 100 104 116 120 123 126 129 133 135 138 141 144 173 175 178 180 183 187 191 195 201 205 209 212 216 220 223 227 230 234 237 241 244 246 250 253 256 258 261 263 266 270 272 275 277 280 282 285 286 289 291 293 296 298 300 303 305 306 308 311 313 315 316 319 321 323 324 326 328 329 331 334 336 337 339 341 342 344 346 412 414 415 417 419
50 58 65 71 73 78 83 87 92 96 109 112 116 120 123 126 129 132 135 138 141 144 146 175 177 180 182 185 188 193 198 202 206 210 214 218 221 225 229 232 236 239 241 245 248 251 253 257 260 262 265 268 270 273 275 278 280 283 285 287 290 292 295 297 299 302 303 305 307 310 312 313 315 317 320 322 323 325 327 328 330 332 335 336 338 340 341 343 345 346 413 414 415 417
50 58 65 71 76 78 83 87 91 105 108 112 116 119 123 126 129 132 135 138 141 144 146 149 151 180 182 185 187 189 194 199 204 208 212 216 219 223 227 230 234 237 240 243 246 250 252 255 258 260 264 266 269 272 274 277 279 281 284 286 289 291 293 296 297 299 302 304 306 309 311 312 314 316 319 320 322 324 326 327 329 331 333 334 337 339 340 342 344 345 347 413 414 416
49 57 64 70 76 81 82 87 100 104 108 112 116 119 123 126 129 132 135 138 141 143 146 149 151 154 182 184 187 189 191 196 201 205 209 213 217 221 225 228 232 234 238 241 245 247 250 253 257 259 262 264 267 269 272 275 278 280 283 285 288 289 291 294 296 298 301 303 305 307 309 311 313 315 317 319 321 323 325 326 328 330 332 333 335 337 338 340 342 343 345 347 413 415
49 57 64 70 76 81 91 96 100 104 108 112 115 119 122 126 129 132 135 138 140 143 146 148 151 154 156 184 187 189 191 193 198 202 207 211 215 219 222 226 229 232 236 239 243 245 248 252 254 257 260 263 266 268 271 273 276 278 281 283 286 288 290 293 295 297 300 302 304 305 308 310 312 314 315 318 320 322 324 325 327 329 330 332 334 336 337 339 341 342 344 346 347 414
48 56 63 70 75 90 95 95 100 104 108 112 115 119 122 125 129 132 135 137 140 143 146 148 151 153 156 158 187 189 191 193 195 199 204 208 212 216 220 223 227 230 234 237 241 243 247 250 252 256 259 261 264 266 270 272 275 277 280 282 284 287 289 292 294 296 298 300 302 304 306 309 311 313 314 316 319 321 322 324 326 328 329 331 333 335 336 338 340 341 343 345 346 348
48 56 63 69 84 89 94 99 99 104 108 111 115 119 122 125 128 131 134 137 140 143 146 148 151 153 156 158 160 163 191 193 195 197 199 204 208 213 217 221 224 228 232 235 238 241 245 247 251 254 256 259 263 265 268 270 273 275 277 280 283 286 287 289 292 294 296 299 301 303 305 308 310 311 313 315 317 320 321 323 325 327 328 330 332 333 335 337 339 340 342 344 345 347
47 55 63 78 84 89 94 99 103 103 107 111 115 118 122 125 128 131 134 137 140 143 145 148 151 153 155 158 160 162 165 193 195 197 199 201 205 210 214 218 222 226 230 232 236 239 243 245 249 252 255 258 260 263 265 269 271 274 276 279 281 284 286 288 291 293 295 298 300 302 304 305 308 310 312 314 316 317 320 322 324 325 327 329 331 332 334 336 338 339 341 343 344 346
46 64 71 78 84 89 94 99 103 107 107 111 115 118 122 125 128 131 134 137 140 143 145 148 150 153 155 158 160 162 165 167 195 197 199 201 203 207 211 215 219 223 227 230 234 237 241 243 247 250 253 256 258 262 264 267 269 272 274 278 280 282 285 287 290 292 294 296 299 300 302 304 307 309 311 313 314 316 319 321 323 324 326 328 330 331 333 335 336 338 340 342 343 345
55 64 71 77 83 89 94 98 103 107 107 111 114 118 121 125 128 131 134 137 140 142 145 148 150 153 155 158 160 162 164 167 169 197 199 201 203 205 208 212 217 221 224 228 232 235 238 241 245 247 251 254 257 260 262 265 268 271 273 276 278 280 283 285 287 290 292 294 297 299 301 303 305 308 310 311 313 315 317 320 321 323 325 327 328 330 332 334 335 337 339 340 342 344
54 63 70 77 83 88 93 98 102 107 111 111 114 118 121 124 128 131 134 137 139 142 145 147 150 153 155 157 160 162 164 166 169 171 173 201 203 205 207 209 214 217 221 225 229 233 236 239 243 245 249 251 255 258 260 264 266 269 271 273 277 279 282 284 286 289 291 293 295 298 300 302 304 306 308 310 312 314 316 317 320 322 324 326 327 329 331 333 334 336 338 339 341 343
54 63 70 77 82 88 93 98 102 106 110 114 114 117 121 124 127 130 133 136 139 142 145 147 150 152 155 157 160 162 164 166 168 171 173 175 203 205 207 209 210 214 218 222 226 229 233 237 241 243 247 249 253 255 259 262 264 266 270 272 275 277 279 282 284 286 289 291 293 296 298 300 302 304 307 309 311 313 314 316 318 320 323 324 326 328 330 331 333 335 337 338 340 341
53 62 70 76 82 88 93 97 102 106 110 114 114 117 121 124 127 130 133 136 139 142 144 147 150 152 155 157 159 162 164 166 168 170 173 175 177 205 207 208 210 212 215 219 224 227 231 235 237 241 245 247 251 253 257 259 262 265 268 270 273 276 278 281 283 285 288 290 292 294 297 299 301 303 306 308 309 311 313 315 317 319 320 322 325 327 329 330 332 334 335 337 338 340
52 61 69 76 82 87 92 97 102 106 110 114 117 117 120 124 127 130 133 136 139 142 144 147 149 152 154 157 159 162 164 166 168 170 172 174 176 178 180 208 210 212 214 216 220 224 228 232 235 239 243 245 249 251 255 257 261 263 266 268 271 274 276 279 281 283 286 289 291 293 296 298 299 301 303 306 308 310 312 314 316 317 319 321 323 325 326 328 330 332 333 335 337 338
52 61 69 75 81 87 92 97 101 106 110 113 117 121 120 123 127 130 133 136 139 141 144 147 149 152 154 157 159 161 164 166 168 170 172 174 176 178 180 182 210 212 214 216 217 221 225 228 232 236 239 243 247 249 253 255 259 261 264 267 269 272 274 277 280 282 284 287 289 291 293 296 298 300 302 304 307 309 311 312 314 316 318 320 322 323 325 327 329 330 332 334 336 337
51 60 68 75 81 87 92 96 101 105 109 113 117 120 124 123 126 130 133 136 138 141 144 147 149 152 154 157 159 161 163 166 168 170 172 174 176 178 180 182 184 212 214 215 217 219 222 225 229 234 237 240 243 247 249 253 256 259 261 265 267 270 273 275 278 280 282 285 287 290 292 295 297 299 301 302 304 307 309 311 313 315 317 318 320 322 324 326 327 329 331 333 334 336
50 60 68 74 81 86 91 96 101 105 109 113 117 120 124 123 126 129 132 135 138 141 144 146 149 151 154 156 159 161 163 165 168 170 172 174 176 178 180 182 184 186 187 215 217 219 220 222 226 230 234 238 241 244 247 251 253 257 259 263 265 267 271 273 276 278 281 283 286 288 290 292 295 297 299 301 303 306 308 310 312 313 315 317 319 321 323 324 326 328 330 332 333 335
50 59 67 74 80 86 91 96 100 105 109 113 116 120 123 127 126 129 132 135 138 141 144 146 149 151 154 156 159 161 163 165 168 170 172 174 176 178 180 182 184 185 187 189 217 219 220 222 224 226 231 235 238 242 245 248 251 255 257 261 263 266 269 271 273 277 279 281 284 286 288 290 294 296 298 300 302 303 306 308 310 312 314 316 318 320 321 323 325 327 329 330 332 334
49 59 67 74 80 85 91 95 100 104 108 112 116 120 123 127 130 129 132 135 138 141 143 146 149 151 154 156 158 161 163 165 167 169 172 174 176 178 180 182 183 185 187 189 191 218 220 222 224 225 227 231 235 239 242 246 249 252 255 258 261 264 267 269 272 275 277 279 282 285 287 289 291 294 296 298 300 302 304 306 309 311 313 315 316 318 320 322 324 326 327 329 331 333
48 58 66 73 79 85 90 95 100 104 108 112 116 119 123 126 130 129 132 135 138 140 143 146 148 151 153 156 158 160 163 165 167 169 171 173 175 177 179 181 183 185 187 189 191 192 194 222 223 225 227 228 232 235 239 242 246 249 253 255 259 261 264 267 270 272 275 278 280 283 285 287 289 291 294 296 299 301 302 304 306 309 311 313 315 317 319 321 322 324 326 328 330 331
47 57 66 73 79 85 90 95 99 104 108 112 116 119 123 126 129 132 132 134 137 140 143 146 148 151 153 156 158 160 163 165 167 169 171 173 175 177 179 181 183 185 187 189 190 192 194 196 223 225 227 228 230 232 236 239 243 246 250 253 257 259 262 265 268 270 273 276 278 280 283 285 288 290 293 295 297 299 301 303 305 307 310 312 314 315 317 319 321 323 325 327 328 329
46 57 65 72 78 84 89 94 99 103 108 112 115 119 122 126 129 132 135 134 137 140 143 145 148 150 153 155 158 160 162 165 167 169 171 173 175 177 179 181 183 185 187 188 190 192 194 195 197 199 226 228 230 231 233 236 240 243 247 250 253 257 259 263 265 268 271 274 276 278 281 284 286 288 290 293 295 297 299 301 303 305 307 309 311 314 316 318 320 322 323 324 326 328
46 56 64 72 78 84 89 94 99 103 107 111 115 119 122 126 129 132 135 134 137 140 142 145 148 150 153 155 158 160 162 164 167 169 171 173 175 177 179 181 183 185 186 188 190 192 194 195 197 199 200 228 229 231 232 234 236 240 243 248 250 254 257 260 263 266 268 272 274 276 279 282 284 286 288 291 294 296 298 300 302 304 306 308 310 312 314 315 317 319 321 323 325 326
45 55 64 71 78 83 89 94 98 103 107 111 115 118 122 125 129 132 135 138 137 139 142 145 147 150 153 155 157 160 162 164 166 169 171 173 175 177 179 181 183 184 186 188 190 192 193 195 197 198 200 202 229 231 232 234 235 237 240 244 248 252 254 257 261 263 266 269 272 274 277 280 282 284 287 289 291 294 296 298 300 302 304 306 308 310 312 314 316 318 320 321 323 325
