testData/tiles/oneDegreeCosts/grid1.0-10.0-2.0-11.0.asc
ncols   200
nrows   200
xllcorner   1.0
yllcorner   10.0
cellsize   0.005
NODATA_value   -9999.0
[rows 0 to 41 of 200, columns 0 to 93 of 200]
145 152 157 162 166 171 175 179 184 188 191 194 199 202 205 208 211 214 217 220 223 226 228 231 234 236 238 241 244 246 248 250 253 255 257 259 262 264 265 267 270 272 273 275 277 279 281 282 284 286 288 289 291 292 294 296 297 299 300 302 303 305 306 307 308 310 312 313 327 328 330 331 332 333 334 335 337 338 339 340 341 342 344 345 346 347 348 349 349 351 352 353 354 354
147 153 158 163 168 172 176 181 185 188 193 196 199 202 206 209 212 215 218 221 224 226 230 232 234 237 240 242 244 246 249 251 253 255 258 260 262 264 267 269 270 272 275 276 278 280 281 284 285 287 288 290 292 293 295 296 298 300 301 302 304 305 307 308 310 311 312 314 328 329 330 332 333 335 336 337 338 339 340 342 343 344 344 345 346 348 349 350 351 352 352 353 355 356
148 155 159 164 169 174 178 182 186 190 193 196 201 204 207 210 213 216 219 222 225 228 230 232 236 238 240 243 246 248 250 252 255 257 259 261 264 265 267 269 272 273 275 277 278 281 282 284 285 288 289 291 292 294 296 298 299 300 301 304 305 306 308 309 311 312 313 327 329 330 332 333 334 335 336 337 339 340 341 342 343 344 346 347 348 348 349 350 351 353 354 354 355 356
150 155 160 166 170 174 178 183 187 190 195 198 201 204 208 211 214 217 220 223 226 228 232 234 236 240 242 244 246 248 251 253 255 257 260 262 264 266 268 270 272 274 276 278 280 281 283 285 287 288 290 291 294 295 296 298 300 302 303 304 305 308 309 310 311 312 314 329 330 331 332 333 335 336 337 338 339 340 342 343 344 345 346 347 348 350 351 351 352 353 354 355 356 357
151 157 162 167 171 176 180 184 188 192 195 199 203 206 209 212 215 218 221 224 227 230 232 235 238 240 242 245 248 250 252 254 257 259 261 262 265 267 269 271 273 275 277 278 281 283 284 286 287 290 291 293 294 295 298 299 301 302 303 305 307 308 309 310 313 314 315 329 330 332 333 334 336 337 338 340 341 342 343 344 344 346 347 348 349 350 351 352 354 354 355 356 357 358
153 158 163 168 173 177 181 185 189 193 197 200 203 206 210 213 216 219 222 225 228 230 233 236 238 241 244 246 248 251 253 255 257 259 262 264 266 267 270 272 274 275 278 280 281 283 284 287 289 290 291 294 295 297 298 299 302 303 304 306 307 309 310 312 313 314 316 330 331 333 334 335 337 338 339 340 341 342 344 345 346 347 348 348 350 351 352 353 354 355 355 357 358 359
154 160 165 169 173 178 182 186 191 194 197 201 205 208 211 214 217 220 223 225 229 231 234 237 240 242 244 247 249 251 253 256 258 260 262 264 267 269 271 272 275 277 278 280 283 284 286 287 289 291 293 294 296 297 299 301 302 303 306 307 308 310 311 312 314 315 329 331 332 334 335 336 337 338 339 341 342 343 344 345 346 348 349 350 351 352 352 354 355 356 357 357 358 359
156 161 165 171 175 179 183 188 191 195 199 202 205 208 212 215 218 221 224 227 229 233 235 238 240 243 245 248 250 253 255 257 259 262 264 266 267 269 272 274 275 277 280 281 283 285 287 289 290 292 293 296 297 298 300 301 303 305 306 307 309 311 312 313 314 316 331 332 333 334 335 336 338 339 340 341 342 344 345 346 347 348 349 350 352 353 354 354 355 356 358 359 360 360
156 162 167 171 176 181 185 188 192 196 200 203 207 210 213 216 219 222 225 227 231 233 236 239 241 244 246 249 251 253 255 258 260 262 264 267 269 271 272 274 277 278 280 282 284 286 287 289 290 293 294 296 297 300 301 302 304 305 307 309 310 311 312 315 316 317 331 332 333 335 337 338 339 340 342 343 344 345 346 347 349 349 350 351 352 353 354 356 357 357 358 359 360 361
158 163 168 173 177 181 185 190 193 197 201 204 207 210 214 217 220 223 226 229 231 235 237 239 242 245 247 249 251 255 257 259 261 263 265 267 269 271 274 275 277 279 281 283 285 286 289 290 292 293 295 297 299 300 301 303 305 306 308 309 310 312 314 315 316 317 332 333 335 336 337 339 340 341 342 343 344 346 347 348 349 350 351 353 353 354 355 356 357 358 359 360 361 362
159 164 169 174 178 183 187 190 194 198 202 205 209 212 215 218 221 224 227 229 233 235 238 241 243 245 248 251 253 255 257 260 262 264 266 269 270 272 274 276 278 280 282 283 286 288 289 291 293 295 296 297 299 301 303 304 305 307 309 310 311 313 314 316 317 331 333 334 336 337 338 339 340 341 343 344 345 346 347 348 350 351 352 353 354 355 356 357 358 359 360 361 361 363
161 165 170 175 180 183 187 192 195 199 203 206 209 212 216 219 222 224 228 231 233 237 239 241 244 247 249 251 253 256 258 260 262 265 267 269 271 274 275 277 279 280 283 285 286 288 290 292 293 295 296 299 300 302 303 305 307 308 309 311 313 314 315 316 318 333 334 335 336 337 338 340 341 342 344 345 347 347 348 349 350 351 352 354 355 356 357 358 358 360 361 362 363 363
161 166 172 176 180 185 189 192 196 200 204 207 211 214 217 219 223 226 228 231 235 237 239 243 245 247 249 252 255 257 259 262 264 266 267 270 272 274 276 278 280 282 283 285 288 289 291 292 295 296 298 299 300 303 304 306 307 308 311 312 313 314 315 318 319 333 334 335 337 339 340 341 342 344 345 346 347 348 349 351 352 353 353 354 355 357 358 359 360 360 361 362 364 365
163 168 172 178 182 186 189 194 197 201 205 208 211 214 218 221 224 226 230 232 235 238 241 243 245 249 251 253 255 258 260 262 264 267 269 271 272 275 277 279 280 282 285 286 288 289 292 294 295 296 299 300 302 303 305 307 308 310 311 312 314 316 317 318 319 334 335 337 338 339 341 342 343 344 345 346 348 349 350 351 352 353 355 356 356 357 358 359 361 362 362 363 364 365
164 169 174 178 182 187 191 195 198 202 206 209 213 216 219 221 225 228 230 233 236 239 241 244 247 249 251 254 256 258 260 263 265 267 269 272 274 276 277 280 282 283 285 287 289 291 292 294 296 298 299 301 302 304 306 307 308 311 312 313 315 316 318 319 333 335 336 338 339 340 341 342 343 345 346 347 348 349 350 352 353 354 355 356 357 359 359 360 361 362 363 364 365 366
165 170 175 179 184 188 191 196 199 203 206 210 213 216 220 223 225 228 232 234 237 240 242 245 247 250 252 255 257 260 262 264 266 269 270 272 274 277 279 280 282 285 286 288 290 291 294 295 297 298 301 302 303 305 306 308 310 311 312 314 316 317 318 319 334 336 337 338 339 340 342 343 344 346 347 348 350 351 351 352 353 355 356 357 358 359 360 361 362 363 364 365 366 366
166 171 176 180 184 189 193 197 200 204 207 211 215 218 220 223 227 230 232 235 238 241 243 246 248 251 253 256 258 260 262 265 267 269 271 274 275 277 279 282 283 285 287 289 291 292 294 295 298 299 301 302 305 306 307 309 310 312 314 315 316 317 320 321 335 336 337 339 340 342 343 344 345 347 348 349 350 351 353 354 355 356 356 357 359 360 361 362 363 363 364 366 367 368
168 172 177 181 186 190 194 198 201 205 208 212 215 218 222 225 227 230 234 236 238 242 244 247 249 252 254 256 258 261 263 265 267 270 272 274 276 278 280 282 284 286 288 290 291 293 295 297 298 300 302 304 305 306 308 310 311 313 314 316 317 319 320 321 336 337 338 340 341 342 344 345 346 347 348 350 351 352 353 354 355 357 358 359 359 360 361 363 364 365 365 366 367 368
168 173 178 183 187 191 195 199 202 206 209 213 217 219 222 225 229 231 234 236 240 242 245 248 250 252 254 258 260 262 264 267 269 271 272 275 277 279 281 283 285 287 288 291 292 294 295 297 299 301 302 304 306 308 309 310 312 314 315 316 318 319 321 322 336 338 339 341 342 343 344 345 347 348 349 350 351 352 354 355 356 357 358 359 361 362 362 363 364 365 367 367 368 369
170 175 179 183 188 192 196 200 203 207 210 214 217 220 224 226 229 232 235 238 240 244 246 248 250 254 256 258 260 263 265 267 269 272 274 276 277 280 282 284 285 288 289 291 293 295 297 298 300 301 304 305 306 308 310 312 313 314 315 318 319 320 321 336 338 339 340 341 342 344 345 346 347 349 350 352 353 353 354 355 357 358 359 360 361 362 363 364 365 366 367 368 368 370
171 175 181 185 189 192 197 201 204 208 211 214 218 221 224 227 230 233 236 238 242 244 246 250 252 254 256 259 261 263 265 268 270 272 274 277 279 280 282 285 286 288 290 292 294 295 297 299 301 302 304 305 308 309 310 312 313 315 317 318 319 321 323 337 338 339 341 342 343 345 346 347 349 350 351 352 353 355 356 357 358 358 359 361 362 363 364 365 365 366 368 369 370 370
171 177 181 185 190 194 197 202 205 209 212 216 219 222 225 228 231 233 237 240 242 244 248 250 252 255 257 260 262 265 267 269 271 273 275 277 279 282 283 285 287 289 291 293 294 297 298 300 301 303 305 307 308 309 312 313 314 316 317 319 320 322 323 337 339 340 341 343 344 346 347 348 349 350 352 353 354 355 356 357 359 360 361 361 362 363 365 366 367 368 368 369 370 372
173 177 183 187 191 194 199 202 206 210 213 216 219 223 226 229 232 235 237 240 243 246 248 251 253 256 258 261 263 265 267 270 272 274 276 278 280 282 284 286 288 290 291 294 295 297 299 301 303 304 305 307 309 311 312 313 316 317 318 319 321 323 324 338 339 341 343 344 345 346 347 349 350 351 352 353 354 356 357 358 359 360 361 363 364 364 365 366 367 369 370 370 371 372
173 179 183 187 192 196 199 204 207 210 214 218 221 223 227 230 233 235 239 241 244 246 249 252 254 257 259 261 263 266 268 270 272 275 277 279 280 283 285 287 288 291 293 294 296 298 300 301 303 304 307 308 309 311 313 315 316 317 318 321 322 323 324 339 341 342 343 344 345 347 348 349 350 351 353 354 355 356 357 358 360 361 362 363 364 365 366 367 368 369 370 371 372 373
175 180 185 189 193 196 201 204 208 212 215 218 221 225 228 230 234 237 239 242 245 247 250 253 255 257 259 263 265 267 269 272 273 275 277 280 282 284 285 288 290 291 293 295 297 299 300 303 304 306 307 308 311 312 313 315 317 318 320 321 322 324 326 340 341 342 344 345 346 347 349 351 352 353 354 355 357 358 359 360 360 361 363 364 365 366 367 368 369 370 371 372 373 373
176 181 185 189 194 198 201 205 209 212 215 219 222 225 229 232 234 237 240 243 245 248 251 253 255 259 261 263 265 268 270 272 274 277 278 280 282 285 287 288 290 293 294 296 297 300 301 303 304 307 308 310 311 312 315 316 317 319 321 322 323 325 339 341 342 343 344 346 348 349 350 351 352 353 355 356 357 358 359 361 362 363 363 364 365 367 368 369 370 370 371 373 374 374
177 182 186 191 195 198 203 206 209 214 217 220 223 227 229 232 236 238 241 243 247 249 251 255 257 259 261 264 266 268 270 273 275 277 279 282 283 285 287 289 291 293 294 297 299 300 302 304 306 307 308 311 312 314 315 316 319 320 321 322 324 326 340 341 342 343 346 347 348 349 350 352 353 354 355 356 358 359 360 361 362 363 365 366 366 367 368 369 371 372 372 373 374 375
178 183 187 191 196 200 203 207 211 214 217 221 224 227 231 233 236 239 242 245 247 249 253 255 257 260 262 264 266 269 271 273 275 278 280 282 284 286 288 290 291 294 296 297 299 301 303 304 306 308 310 311 312 314 316 317 319 320 322 324 325 326 340 342 344 345 346 347 349 350 351 352 353 355 356 357 358 359 360 362 363 364 365 366 367 368 369 370 371 372 373 374 375 376
179 184 188 193 196 200 205 208 211 215 219 222 224 228 231 234 237 240 242 245 248 251 253 256 258 261 263 266 268 270 272 275 277 278 280 283 285 287 288 291 293 294 296 298 300 302 303 306 307 308 310 312 314 315 316 318 320 321 323 324 326 327 341 343 344 346 347 348 349 350 352 353 354 356 357 358 359 360 361 362 363 365 366 367 368 369 370 371 372 373 374 375 375 376
180 185 189 193 198 202 205 208 213 216 219 223 226 229 231 235 238 240 244 246 249 251 254 256 259 262 264 266 268 271 273 275 277 280 282 283 285 288 290 291 293 296 297 299 300 303 304 306 307 310 311 313 314 316 318 319 320 322 324 325 326 327 342 344 345 346 347 348 350 352 353 354 355 357 358 359 360 361 363 364 364 365 366 367 369 370 371 372 372 373 375 376 377 377
181 186 190 195 198 202 206 210 213 216 220 223 226 230 233 235 239 242 244 247 250 252 255 258 260 262 264 267 269 271 273 276 278 280 282 285 286 288 290 292 294 296 297 300 302 303 305 307 309 310 311 314 315 316 318 319 321 323 324 325 327 329 343 344 345 347 348 350 351 352 354 355 356 357 358 360 361 362 363 364 365 367 367 368 369 370 371 373 374 374 375 376 377 378
182 187 191 195 199 203 207 210 214 218 221 225 228 230 233 237 239 242 245 248 250 253 256 258 260 263 266 268 270 273 275 276 278 281 283 285 287 289 291 293 294 297 299 300 302 304 306 307 309 311 313 314 315 318 319 320 322 323 325 326 328 342 344 345 346 348 349 351 352 353 354 355 357 358 359 360 361 362 364 365 366 367 368 369 370 371 372 373 374 375 376 377 378 379
183 188 192 196 200 204 208 212 215 218 222 225 228 232 234 237 241 243 246 248 251 254 256 258 262 264 266 269 271 273 275 278 280 281 283 286 288 290 291 294 296 297 299 301 303 305 306 308 310 311 313 315 317 318 319 322 323 324 325 327 329 343 344 345 347 349 350 351 352 353 355 356 357 358 359 361 362 363 364 365 367 368 369 370 371 371 373 374 375 376 377 377 378 380
184 189 193 197 201 205 209 212 216 219 222 226 229 232 235 238 241 244 247 249 252 254 257 260 262 265 267 269 271 274 276 278 280 283 285 286 288 291 293 294 296 298 300 302 303 306 307 309 310 313 314 315 317 319 320 322 323 324 327 328 329 343 345 347 348 349 350 352 353 354 355 356 358 360 361 362 362 364 365 366 367 368 369 371 372 373 373 374 375 377 378 378 379 380
185 189 193 198 202 206 210 213 217 220 224 227 230 233 236 239 241 245 247 250 253 255 258 260 263 265 267 270 272 274 276 279 281 283 285 288 289 291 293 295 297 299 300 303 304 306 307 310 311 313 314 317 318 319 321 323 324 326 327 328 330 345 346 347 349 350 351 352 353 356 357 358 359 360 361 363 364 365 366 366 368 369 370 371 372 373 375 375 376 377 378 379 380 381
186 190 195 199 202 207 210 214 218 221 224 227 231 234 236 240 243 245 249 251 253 256 259 261 263 266 269 271 273 276 278 279 281 284 286 288 290 292 294 296 297 300 302 303 305 307 309 310 312 314 315 317 318 321 322 323 325 327 328 329 330 345 347 348 349 350 351 354 355 356 357 358 360 361 362 363 364 366 367 368 369 369 370 372 373 374 375 376 376 378 379 380 381 381
187 191 195 200 204 207 211 215 218 221 225 228 231 235 238 240 243 246 249 251 255 257 259 261 265 267 269 272 274 276 278 281 283 284 286 289 291 293 294 297 299 300 302 304 306 307 309 311 313 314 316 318 319 321 322 324 326 327 328 329 332 346 347 348 350 352 353 354 355 357 358 359 360 361 363 364 365 366 367 368 370 371 372 372 373 375 376 377 378 378 379 380 382 383
188 192 197 200 204 209 212 215 220 223 226 229 232 235 238 242 244 247 250 253 255 257 260 263 265 268 270 272 274 277 279 281 283 286 287 289 291 294 295 297 300 301 303 305 307 309 310 312 313 315 317 318 320 322 323 325 326 328 329 331 332 346 348 349 351 352 353 355 356 357 358 360 361 362 363 364 365 367 368 369 370 371 373 374 374 375 376 377 379 380 380 381 382 383
189 193 197 201 206 209 212 217 220 223 227 230 233 237 239 242 244 248 250 253 256 258 261 263 266 268 270 273 275 277 279 282 284 286 288 290 292 294 296 298 300 302 304 306 307 309 311 313 314 316 317 319 321 322 323 326 327 328 330 332 333 347 348 350 352 353 354 355 356 358 359 360 361 362 364 365 366 367 368 370 371 372 373 374 375 376 377 378 379 380 381 382 383 384
189 193 198 202 206 210 214 217 221 224 227 230 234 237 240 243 246 248 251 254 256 259 262 264 266 268 272 274 276 279 281 282 284 287 289 291 292 295 297 299 301 303 304 306 308 310 311 313 314 317 318 320 321 323 325 326 327 330 331 332 333 347 350 351 352 353 355 356 357 358 360 362 363 364 365 366 368 368 369 370 371 372 374 375 376 377 377 378 380 381 382 382 383 384
190 195 199 203 207 211 214 218 222 225 229 232 234 237 241 243 246 249 252 254 258 260 262 264 268 270 272 275 277 279 281 284 286 287 289 292 294 295 297 300 301 303 306 307 309 310 313 314 316 317 318 321 322 324 325 327 328 330 331 333 347 349 350 351 353 354 355 356 358 360 361 362 363 364 366 367 368 369 370 372 372 373 374 375 377 378 379 379 380 381 383 384 384 385
191 195 200 204 208 212 215 219 222 226 229 232 236 238 241 245 247 250 252 256 258 260 263 266 268 270 273 275 277 280 282 284 286 289 290 292 294 297 298 300 303 304 306 307 310 311 313 314 317 318 320 321 322 325 326 327 329 331 332 333 348 350 351 352 353 354 357 358 359 360 361 363 364 365 366 367 369 370 371 372 373 375 375 376 377 378 379 381 381 382 383 384 385 386
