testData/tiles/oneDegreeCosts/grid20.0-21.0-21.0-22.0.asc
ncols   200
nrows   200
xllcorner   20.0
yllcorner   21.0
cellsize   0.005
NODATA_value   -9999.0
[rows 0 to 41 of 200, columns 0 to 93 of 200]
229 229 229 229 229 229 229 229 229 229 229 229 229 229 229 229 229 229 229 229 229 229 229 229 229 229 229 229 229 229 229 229 229 229 229 229 229 229 229 229 229 229 229 229 229 229 229 229 229 229 229 229 229 229 229 229 229 229 229 229 229 229 229 229 229 229 229 229 229 229 229 229 229 229 229 229 229 229 229 229 229 229 229 229 229 229 229 229 229 229 229 229 229 229
229 229 229 229 229 229 229 229 229 229 229 229 229 229 229 229 229 229 229 229 229 229 229 229 229 229 229 229 229 229 229 229 229 229 229 229 229 229 229 229 229 229 229 229 229 229 229 229 229 229 229 229 229 229 229 229 229 229 229 229 229 229 229 229 229 229 229 229 229 229 229 229 229 229 229 229 229 229 229 229 229 229 229 229 229 229 229 229 229 229 229 229 229 229
229 229 229 229 229 229 229 229 229 229 229 229 229 229 229 229 229 229 229 229 229 229 229 229 229 229 229 229 229 229 229 229 229 229 229 229 229 229 229 229 229 229 229 229 229 229 229 229 229 229 229 229 229 229 229 229 229 229 229 229 229 229 229 229 229 229 229 229 229 229 229 229 229 229 229 229 229 229 229 229 229 229 229 229 229 229 229 229 229 229 229 229 229 229
229 229 229 229 229 229 229 229 229 229 229 229 229 229 229 229 229 229 229 229 229 229 229 229 229 229 229 229 229 229 229 229 229 229 229 229 229 229 229 229 229 229 229 229 229 229 229 229 229 229 229 229 229 229 229 229 229 229 229 229 229 229 229 229 229 229 229 229 229 229 229 229 229 229 229 229 229 229 229 229 229 229 229 229 229 229 229 229 229 229 229 283 283 284
229 229 229 229 229 229 229 229 229 229 229 229 229 229 229 229 229 229 229 229 229 229 229 229 229 229 229 229 229 229 229 229 229 229 229 229 229 229 229 229 229 229 229 229 229 229 229 229 229 229 229 229 229 229 229 229 229 229 229 229 229 229 229 229 229 229 229 229 229 229 229 229 229 229 229 229 229 229 229 229 229 229 229 229 229 229 280 281 281 282 282 283 284 284
229 229 229 229 229 229 229 229 229 229 229 229 229 229 229 229 229 229 229 229 229 229 229 229 229 229 229 229 229 229 229 229 229 229 229 229 229 229 229 229 229 229 229 229 229 229 229 229 229 229 229 229 229 229 229 229 229 229 229 229 229 229 229 229 229 229 229 229 229 229 229 229 229 229 229 229 229 229 229 229 229 229 278 279 279 279 281 281 281 282 282 283 284 284
229 229 229 229 229 229 229 229 229 229 229 229 229 229 229 229 229 229 229 229 229 229 229 229 229 229 229 229 229 229 229 229 229 229 229 229 229 229 229 229 229 229 229 229 229 229 229 229 229 229 229 229 229 229 229 229 229 229 229 229 229 229 229 229 229 229 229 229 229 229 229 229 229 229 229 229 229 229 276 277 277 277 279 279 279 280 281 281 282 282 282 284 284 284
229 229 229 229 229 229 229 229 229 229 229 229 229 229 229 229 229 229 229 229 229 229 229 229 229 229 229 229 229 229 229 229 229 229 229 229 229 229 229 229 229 229 229 229 229 229 229 229 229 229 229 229 229 229 229 229 229 229 229 229 229 229 229 229 229 229 229 229 229 229 229 229 229 273 274 274 275 275 276 277 277 277 279 279 280 280 281 282 282 282 283 284 284 285
229 229 229 229 229 229 229 229 229 229 229 229 229 229 229 229 229 229 229 229 229 229 229 229 229 229 229 229 229 229 229 229 229 229 229 229 229 229 229 229 229 229 229 229 229 229 229 229 229 229 229 229 229 229 229 229 229 229 229 229 229 229 229 229 229 229 229 229 229 270 271 272 272 273 274 275 275 275 277 277 277 278 279 279 280 280 281 282 282 282 283 284 285 285
229 229 229 229 229 229 229 229 229 229 229 229 229 229 229 229 229 229 229 229 229 229 229 229 229 229 229 229 229 229 229 229 229 229 229 229 229 229 229 229 229 229 229 229 229 229 229 229 229 229 229 229 229 229 229 229 229 229 229 229 229 229 229 229 229 229 269 270 270 271 271 272 273 273 274 275 275 275 277 277 278 278 279 280 280 280 282 282 282 283 283 284 285 285
229 229 229 229 229 229 229 229 229 229 229 229 229 229 229 229 229 229 229 229 229 229 229 229 229 229 229 229 229 229 229 229 229 229 229 229 229 229 229 229 229 229 229 229 229 229 229 229 229 229 229 229 229 229 229 229 229 229 229 229 229 229 266 267 268 268 269 270 270 271 271 273 273 273 275 275 275 276 277 277 278 278 280 280 280 281 282 282 283 283 283 285 285 285
229 229 229 229 229 229 229 229 229 229 229 229 229 229 229 229 229 229 229 229 229 229 229 229 229 229 229 229 229 229 229 229 229 229 229 229 229 229 229 229 229 229 229 229 229 229 229 229 229 229 229 229 229 229 229 229 229 229 264 264 265 266 266 267 268 269 269 270 271 271 271 273 273 273 275 275 276 276 277 278 278 278 280 280 280 281 282 283 283 283 284 285 285 286
229 229 229 229 229 229 229 229 229 229 229 229 229 229 229 229 229 229 229 229 229 229 229 229 229 229 229 229 229 229 229 229 229 229 229 229 229 229 229 229 229 229 229 229 229 229 229 229 229 229 229 229 229 229 229 262 262 263 264 265 265 266 267 267 268 269 269 271 271 271 272 273 273 274 275 275 276 276 278 278 278 279 280 280 281 281 282 283 283 283 284 285 286 286
229 229 229 229 229 229 229 229 229 229 229 229 229 229 229 229 229 229 229 229 229 229 229 229 229 229 229 229 229 229 229 229 229 229 229 229 229 229 229 229 229 229 229 229 229 229 229 229 229 229 229 259 259 261 261 262 263 263 264 265 265 267 267 267 269 269 269 271 271 271 272 273 274 274 275 276 276 276 278 278 278 279 280 281 281 281 283 283 283 284 284 285 286 286
229 229 229 229 229 229 229 229 229 229 229 229 229 229 229 229 229 229 229 229 229 229 229 229 229 229 229 229 229 229 229 229 229 229 229 229 229 229 229 229 229 229 229 229 229 229 229 229 257 257 258 259 259 261 261 262 263 263 265 265 265 267 267 267 269 269 270 271 271 272 272 273 274 274 276 276 276 277 278 278 279 279 280 281 281 282 283 283 284 284 284 286 286 286
229 229 229 229 229 229 229 229 229 229 229 229 229 229 229 229 229 229 229 229 229 229 229 229 229 229 229 229 229 229 229 229 229 229 229 229 229 229 229 229 229 229 229 229 229 254 255 256 257 257 258 259 260 261 261 262 263 263 265 265 266 267 267 268 269 269 270 271 272 272 272 274 274 274 276 276 276 277 278 279 279 279 281 281 281 282 283 283 284 284 285 286 286 287
229 229 229 229 229 229 229 229 229 229 229 229 229 229 229 229 229 229 229 229 229 229 229 229 229 229 229 229 229 229 229 229 229 229 229 229 229 229 229 229 229 229 251 252 254 254 255 256 257 258 258 259 260 261 261 262 263 264 265 265 266 267 267 268 269 270 270 271 272 272 272 274 274 275 276 276 277 277 278 279 279 280 281 281 282 282 283 284 284 284 285 286 286 287
229 229 229 229 229 229 229 229 229 229 229 229 229 229 229 229 229 229 229 229 229 229 229 229 229 229 229 229 229 229 229 229 229 229 229 229 229 229 229 248 249 251 251 252 253 254 256 256 257 258 258 260 260 261 262 262 263 264 265 266 266 267 268 268 269 270 270 272 272 272 273 274 274 275 276 277 277 277 279 279 279 280 281 281 282 282 284 284 284 285 285 286 287 287
229 229 229 229 229 229 229 229 229 229 229 229 229 229 229 229 229 229 229 229 229 229 229 229 229 229 229 229 229 229 229 229 229 229 229 229 245 246 248 248 249 251 251 253 253 254 256 256 257 258 258 260 260 261 262 262 264 264 265 266 266 268 268 268 270 270 270 272 272 273 273 274 275 275 276 277 277 277 279 279 280 280 281 282 282 282 283 284 285 285 285 287 287 287
229 229 229 229 229 229 229 229 229 229 229 229 229 229 229 229 229 229 229 229 229 229 229 229 229 229 229 229 229 229 229 229 229 239 241 244 245 247 248 248 250 251 251 253 253 255 256 256 257 258 259 260 260 262 262 262 264 264 266 266 266 268 268 268 270 270 271 272 272 273 273 274 275 275 277 277 277 278 279 279 280 280 282 282 282 283 283 284 285 285 285 287 287 288
229 229 229 229 229 229 229 229 229 229 229 229 229 229 229 229 229 229 229 229 229 229 229 229 229 229 229 229 229 229 237 236 237 239 242 244 245 247 247 248 250 251 252 253 253 255 255 257 257 258 259 260 260 262 262 263 264 264 266 266 267 268 268 269 270 270 271 271 273 273 273 275 275 275 276 277 278 278 279 280 280 280 282 282 282 283 283 285 285 285 286 287 287 288
229 229 229 229 229 229 229 229 229 229 229 229 229 229 229 229 229 229 229 229 229 229 229 229 229 229 229 236 236 237 236 237 237 239 242 244 245 247 247 249 250 251 252 253 254 255 255 257 257 259 259 260 261 262 262 263 264 265 266 266 267 268 268 269 270 271 271 271 273 273 274 275 275 276 276 277 278 278 279 280 280 281 282 282 283 283 283 285 285 286 286 287 288 288
229 229 229 229 229 229 229 229 229 229 229 229 229 229 229 229 229 229 229 229 229 229 229 229 229 236 236 236 236 236 236 237 237 239 242 243 246 247 247 249 250 252 252 253 254 255 256 257 257 259 259 260 261 262 263 263 264 265 266 267 267 268 269 269 270 271 271 272 273 273 274 275 275 276 276 278 278 278 280 280 280 281 282 283 283 283 284 285 285 286 286 287 288 288
229 229 229 229 229 229 229 229 229 229 229 229 229 229 229 229 229 229 229 229 229 229 283 284 236 236 236 236 236 236 236 237 237 240 242 243 246 247 248 249 250 252 252 254 254 255 256 257 257 259 259 261 261 262 263 263 265 265 265 267 267 268 269 269 271 271 271 272 273 274 274 275 276 276 276 278 278 279 280 280 281 281 282 283 283 284 284 285 286 286 286 288 288 288
229 229 229 229 229 229 229 229 229 229 229 229 229 229 229 229 229 229 229 229 284 283 283 284 236 236 236 236 236 236 237 237 237 240 242 244 246 246 248 249 251 252 252 254 254 255 256 257 258 259 259 261 261 263 263 263 265 265 266 267 267 269 269 269 271 271 272 272 273 274 274 275 276 276 277 278 278 279 279 280 281 281 282 283 283 284 284 285 286 286 287 288 288 289
229 229 229 229 229 229 229 229 229 229 229 229 229 229 229 229 229 283 283 283 283 283 284 283 236 236 236 236 236 236 237 237 238 240 242 244 245 247 248 249 251 252 252 254 254 256 256 257 258 259 260 261 261 263 263 264 265 265 266 267 267 269 269 270 270 271 272 272 274 274 274 276 276 276 277 278 279 279 279 281 281 281 282 283 284 284 284 286 286 286 287 288 289 289
229 229 229 229 229 229 229 229 229 229 229 229 229 229 229 284 282 283 283 283 283 283 283 283 236 236 236 236 236 237 237 237 238 239 243 244 245 247 248 249 251 251 253 254 254 256 256 258 258 259 260 261 262 263 263 264 265 265 266 267 268 268 269 270 270 272 272 272 274 274 274 276 276 277 277 278 279 279 280 281 281 282 282 283 284 284 285 286 286 287 287 288 289 289
229 229 229 229 229 229 229 229 229 229 229 229 284 285 285 284 283 283 283 283 283 283 283 283 236 236 236 236 236 237 237 237 238 239 243 244 245 247 248 250 251 251 253 254 255 256 256 258 258 260 260 261 262 263 264 264 265 266 266 267 268 268 270 270 270 272 272 273 274 274 275 276 276 277 277 279 279 279 280 281 281 282 282 284 284 284 285 286 286 287 287 289 289 289
229 229 229 229 229 229 229 229 229 229 283 284 285 285 285 284 284 283 283 283 283 283 283 282 236 236 236 236 236 237 237 238 238 239 243 244 246 247 248 250 251 252 253 254 255 256 257 258 258 260 260 262 262 262 264 264 265 266 266 268 268 268 270 270 271 272 272 273 274 274 275 276 277 277 277 279 279 280 280 281 282 282 282 284 284 285 285 286 287 287 287 289 289 290
229 229 229 229 229 229 229 281 282 282 282 284 285 285 285 284 283 283 283 283 283 283 283 283 236 236 236 236 237 237 237 238 238 240 243 244 246 247 249 250 251 252 253 255 255 256 257 258 259 260 260 262 262 262 264 264 266 266 266 268 268 269 270 270 271 272 273 273 274 275 275 276 277 277 278 279 279 280 280 281 282 282 283 284 284 285 285 287 287 287 288 288 289 290
229 229 229 229 229 282 281 281 282 281 284 285 285 286 285 285 284 283 283 283 283 283 283 283 236 236 236 236 237 237 238 238 238 240 242 245 246 247 249 250 252 252 253 255 255 256 257 258 259 260 260 262 262 263 264 264 266 266 267 268 268 269 270 271 271 272 273 273 274 275 275 277 277 277 278 279 280 280 280 282 282 282 283 284 285 285 285 287 287 287 288 288 290 290
229 229 229 281 281 281 281 281 281 281 284 284 285 286 285 285 284 283 283 283 283 283 283 283 283 236 236 236 237 237 238 238 238 240 242 245 246 247 249 250 252 252 253 255 255 257 257 258 259 260 261 262 262 263 264 265 266 266 267 268 269 269 270 271 271 272 273 273 275 275 275 277 277 278 278 279 280 280 280 282 282 283 283 284 285 285 286 287 287 288 288 288 290 290
229 232 281 281 280 281 281 281 281 282 283 284 286 285 285 285 283 283 283 283 283 283 283 283 283 236 236 237 237 237 238 238 239 239 242 245 246 248 249 250 252 252 254 255 255 257 257 259 259 260 261 262 263 263 264 265 266 267 267 268 269 269 270 271 271 273 273 273 275 275 276 276 277 278 278 280 280 280 281 282 282 283 283 285 285 285 286 287 287 288 288 289 290 290
232 232 280 280 280 281 280 281 281 282 284 285 285 286 286 285 284 283 283 283 283 283 283 283 284 236 236 237 237 238 238 238 239 239 243 245 246 248 249 251 252 252 254 254 256 257 257 259 259 261 261 262 263 263 265 265 266 267 267 268 269 269 271 271 271 273 273 274 275 275 276 276 278 278 278 280 280 280 281 282 283 283 283 285 285 286 286 287 288 288 288 289 290 291
232 232 280 280 281 280 280 281 280 282 284 284 286 286 286 285 284 283 283 283 283 283 283 283 284 236 237 237 237 238 238 239 239 239 243 245 247 248 249 251 252 253 254 254 256 257 258 259 259 261 261 263 263 263 265 265 266 267 267 269 269 269 271 271 272 273 273 274 275 276 276 276 278 278 279 280 280 281 281 282 283 283 284 285 285 286 286 288 288 288 289 289 290 291
231 232 280 279 280 280 281 280 280 283 283 285 286 286 286 285 284 283 283 283 283 283 283 283 284 236 237 237 237 238 238 239 239 239 243 245 247 248 249 251 251 253 254 254 256 257 258 259 259 261 261 262 263 263 265 265 267 267 267 269 269 270 271 271 272 273 274 274 275 276 276 277 278 278 279 280 280 281 281 283 283 283 284 285 286 286 286 288 288 288 289 289 291 291
231 232 279 279 280 280 280 280 281 282 284 286 286 287 286 285 285 283 283 283 283 283 283 284 284 236 237 237 238 238 238 239 239 240 243 245 247 248 250 251 251 253 254 255 256 257 258 259 260 261 261 262 263 264 265 265 266 267 268 269 269 270 271 272 272 273 274 274 276 276 276 277 278 278 279 280 281 281 281 283 283 284 284 285 286 286 287 287 288 289 289 289 291 291
231 231 279 280 279 279 280 280 280 282 284 285 286 287 286 285 285 283 283 283 283 283 283 284 284 237 237 237 238 238 239 239 239 240 243 245 247 248 250 251 252 253 254 255 256 258 258 259 260 261 262 262 263 264 265 266 266 267 268 269 270 270 271 272 272 274 274 274 276 276 276 277 278 279 279 280 281 281 282 283 283 284 284 286 286 286 287 287 288 289 289 290 291 322
231 231 279 279 279 280 280 279 281 283 284 285 286 286 286 286 285 284 283 283 283 283 283 284 284 237 237 237 238 238 239 239 240 240 243 245 247 249 250 251 252 253 255 255 256 257 258 260 260 260 262 262 264 264 265 266 266 268 268 269 270 270 271 272 272 274 274 274 275 276 277 277 278 279 279 280 281 281 282 283 284 284 284 286 286 286 287 287 289 289 289 290 291 323
231 231 278 279 279 279 279 279 281 282 285 286 286 287 286 287 286 285 283 283 283 283 284 284 284 237 237 238 238 238 239 239 240 240 242 245 247 249 250 251 252 253 255 255 256 257 258 259 260 260 262 262 264 264 265 266 266 268 268 269 270 270 272 272 272 274 274 275 275 276 277 277 279 279 279 280 281 282 282 283 284 284 285 286 286 287 287 287 289 289 290 290 291 323
231 230 279 279 278 279 279 280 280 282 285 285 287 287 287 287 286 285 283 283 283 283 284 284 285 237 237 238 238 239 239 239 240 240 243 245 247 249 250 251 252 253 255 255 257 257 258 259 260 261 262 262 264 264 266 266 266 268 268 270 270 270 272 272 273 274 274 275 275 277 277 277 279 279 280 280 281 282 282 283 284 284 285 285 286 287 287 288 289 289 290 290 323 323
230 230 279 278 278 279 278 279 281 284 284 285 287 287 288 287 286 286 284 283 283 283 284 284 285 237 237 238 238 239 239 240 240 240 243 245 247 249 250 251 252 254 255 255 257 257 259 259 260 261 262 263 264 264 266 266 267 268 268 269 270 271 272 272 273 273 275 275 275 277 277 278 279 279 280 280 282 282 282 283 284 284 285 285 287 287 287 288 289 290 290 290 323 323
