testData/tiles/oneDegreeCosts/grid29.0-24.0-30.0-25.0.asc
ncols   200
nrows   200
xllcorner   29.0
yllcorner   24.0
cellsize   0.005
NODATA_value   -9999.0
[rows 84 to 125 of 200, columns 0 to 93 of 200]
514 518 521 523 526 528 531 418 420 422 424 426 428 430 432 433 435 436 438 440 442 443 444 446 448 448 450 452 453 454 455 457 457 459 461 461 462 463 464 466 466 468 468 473 475 475 477 477 478 478 480 480 481 482 483 484 484 486 486 486 487 487 488 489 490 490 491 492 493 493 494 494 494 495 495 496 496 497 497 497 498 498 499 498 498 499 499 500 499 499 500 500 502 502
517 520 522 524 526 530 532 534 536 538 425 427 429 431 432 434 435 437 439 441 442 443 445 447 447 449 451 452 453 455 456 457 458 460 460 462 463 464 465 466 467 469 473 474 475 476 476 478 478 479 480 481 482 482 484 484 485 485 487 487 488 488 488 489 490 491 491 493 493 494 494 495 495 495 496 496 497 497 498 498 498 499 499 500 500 500 501 499 499 500 500 501 502 502
518 520 523 525 528 530 533 535 537 539 541 543 430 431 433 434 436 438 440 441 442 444 446 447 448 450 452 452 454 455 456 458 459 460 461 463 463 465 465 467 468 468 474 474 476 476 477 478 479 480 481 482 482 483 484 485 485 486 486 488 488 489 489 489 490 491 493 493 494 494 495 495 496 496 496 497 497 498 498 498 499 499 500 500 500 501 501 501 501 501 502 502 502 502
519 521 523 527 529 531 533 535 538 540 542 544 545 546 433 435 437 439 440 442 443 445 446 447 449 451 451 453 455 455 457 458 459 461 462 463 464 465 466 467 468 469 474 475 475 477 478 478 480 480 481 482 483 483 484 485 486 486 487 487 489 489 490 490 490 491 492 494 494 495 495 496 496 496 497 497 498 498 499 499 499 500 500 500 500 500 501 501 501 502 502 503 503 503
520 522 524 528 530 532 534 536 538 540 542 543 545 547 549 551 438 439 441 442 444 445 447 448 450 451 452 454 455 456 458 458 460 461 462 463 464 465 467 467 469 469 475 475 476 478 478 479 480 481 481 483 483 484 484 486 486 487 487 488 489 490 490 491 491 492 493 493 495 495 496 496 496 497 497 498 498 499 499 499 500 500 501 500 500 501 501 502 502 502 504 503 503 504
521 523 526 528 531 533 535 537 539 540 542 544 546 548 550 552 553 440 441 443 444 446 447 449 450 452 453 454 455 457 458 459 461 461 463 463 465 466 467 468 469 470 475 476 477 478 479 479 481 481 482 482 484 484 485 485 487 487 488 488 489 490 491 491 491 493 493 494 494 495 496 497 497 497 498 498 499 499 499 500 500 500 500 500 501 501 502 502 502 504 503 503 504 504
522 524 527 529 531 534 536 538 539 541 543 545 547 549 551 552 554 555 557 443 445 447 448 449 451 452 453 455 456 457 458 460 461 462 463 464 466 466 468 468 469 471 475 477 477 478 479 480 480 482 482 483 484 485 485 486 486 488 488 489 489 490 491 492 493 493 494 494 495 495 496 496 496 498 498 499 499 500 499 499 500 500 501 501 501 502 502 502 503 503 504 504 504 505
523 525 528 530 532 534 536 538 540 542 544 546 548 550 551 553 554 556 557 559 561 447 448 450 452 452 454 456 456 458 459 460 461 462 463 465 465 467 467 469 470 471 476 476 478 478 480 480 481 482 483 483 484 485 486 486 487 488 489 489 490 490 491 492 493 494 494 495 495 496 496 497 497 497 498 498 499 499 499 500 500 501 501 501 502 502 502 503 503 504 504 504 505 505
524 525 528 531 532 534 536 538 541 543 545 547 549 550 551 553 555 556 558 560 561 562 564 451 451 453 455 455 457 459 459 461 461 463 464 465 466 467 468 470 470 472 476 477 478 479 479 481 481 482 483 484 484 486 486 487 487 488 489 490 490 491 491 493 494 494 495 495 496 496 497 497 497 498 498 499 499 499 500 500 501 501 501 502 502 503 503 503 504 504 504 505 505 505
525 526 528 530 533 535 537 539 541 543 545 547 548 550 552 554 555 557 559 561 561 563 565 566 452 454 455 456 458 458 460 462 462 464 464 466 466 468 469 470 471 471 477 477 479 479 480 481 482 482 484 484 485 485 487 487 488 488 489 490 491 491 492 493 493 495 495 496 496 497 497 497 498 498 499 499 500 500 500 501 501 501 502 502 503 503 503 504 504 504 505 505 505 505
526 527 529 531 534 536 538 540 542 544 545 547 549 551 553 554 556 558 560 560 562 564 565 566 568 569 455 457 458 459 460 461 463 464 465 466 467 469 469 470 471 472 477 478 478 480 480 481 482 483 483 485 485 486 486 488 488 489 489 491 491 492 493 494 494 494 496 496 497 497 498 498 498 499 499 500 500 500 501 501 502 502 502 503 503 503 503 504 505 505 505 506 505 505
527 528 530 532 534 537 539 541 543 544 546 548 550 552 553 555 557 559 559 561 563 564 565 567 568 570 571 572 458 459 461 462 463 464 465 466 468 468 470 470 472 476 478 478 479 480 481 481 483 483 484 485 486 486 487 488 489 489 490 490 492 492 494 494 494 495 495 497 497 498 498 498 499 499 500 500 500 501 501 502 502 502 503 503 503 503 504 505 505 505 506 505 505 506
529 530 531 533 535 537 540 542 543 545 547 549 551 552 554 556 558 558 560 562 563 565 566 567 569 570 571 573 573 460 462 462 464 464 466 467 468 469 470 471 472 477 477 479 479 481 481 482 483 484 484 485 486 487 487 488 489 490 490 491 491 493 494 494 495 495 496 496 497 498 498 499 499 500 500 500 501 501 502 502 502 503 503 503 503 503 505 505 505 506 505 505 506 506
530 531 531 534 536 538 539 541 544 546 548 549 551 553 555 555 557 559 561 562 564 565 566 568 570 570 572 573 574 576 576 463 463 465 467 467 469 469 471 471 472 477 478 479 480 480 482 482 483 484 485 485 487 487 488 488 490 490 491 491 492 493 494 495 495 496 496 497 497 497 498 498 500 500 500 501 501 502 502 502 502 502 503 503 503 505 505 505 506 505 505 506 506 507
531 532 532 534 537 538 540 542 544 546 548 550 552 553 554 556 558 560 561 563 564 565 567 569 569 571 572 573 575 576 577 578 464 466 466 468 468 470 470 472 472 478 478 479 480 481 482 483 483 485 485 486 486 488 488 489 489 491 491 492 492 494 494 495 496 496 497 497 497 498 498 499 499 500 500 500 501 501 501 502 502 503 503 503 504 505 505 506 506 506 506 506 507 507
532 533 533 534 536 539 541 543 545 546 548 550 552 553 555 557 558 560 562 563 564 566 568 569 570 571 573 574 575 576 577 579 580 581 467 468 469 470 471 472 473 478 479 479 481 481 482 483 484 484 486 486 487 488 489 489 490 490 492 492 494 494 494 495 496 497 497 498 498 498 499 499 500 500 500 501 501 502 502 502 503 503 503 504 505 506 506 506 506 506 506 507 507 507
533 533 533 535 537 539 542 543 545 547 549 551 552 554 556 557 559 561 562 563 565 566 568 569 570 572 573 574 576 576 578 579 580 582 582 469 469 471 471 472 473 478 479 480 481 482 482 484 484 485 486 487 487 488 489 490 490 491 492 493 494 494 495 495 496 497 498 498 498 499 499 500 500 500 501 501 502 502 502 503 503 503 504 504 506 506 506 506 506 506 507 507 507 507
532 533 534 536 538 540 541 544 546 548 549 551 553 555 556 558 560 560 562 564 565 567 568 569 571 573 573 575 576 577 578 579 581 581 583 583 585 471 472 472 474 478 480 480 481 482 483 483 485 485 486 487 488 488 489 490 491 491 492 494 494 495 495 496 496 497 498 498 499 499 500 500 500 501 501 502 502 502 503 503 503 504 504 506 506 506 506 506 506 507 507 507 507 507
533 534 535 536 538 540 542 544 547 548 550 552 554 555 557 559 559 561 563 564 566 568 568 570 571 572 574 575 576 577 579 580 581 582 583 584 585 586 472 473 474 479 479 481 481 483 483 484 485 486 486 488 488 489 489 491 491 492 492 493 495 495 496 496 497 497 497 499 499 500 500 500 501 501 502 502 502 503 503 504 504 504 505 506 506 506 506 506 507 507 507 507 507 508
534 535 536 536 539 541 543 545 546 548 550 553 554 555 557 558 560 562 563 565 567 567 569 570 572 573 574 576 576 578 579 580 582 582 584 584 586 586 588 473 474 479 480 481 482 482 484 484 485 486 487 487 489 489 490 490 492 492 492 494 494 496 496 497 497 497 498 498 499 500 500 501 501 502 502 502 503 503 504 504 504 505 505 505 506 506 506 507 507 508 507 507 508 508
535 535 536 537 539 542 543 545 547 549 550 552 554 556 557 559 561 562 564 566 566 568 569 571 572 573 575 575 577 579 579 581 581 583 583 585 585 587 587 589 474 480 480 482 482 483 484 485 485 487 487 488 489 490 490 491 491 492 494 494 495 495 497 497 497 498 498 499 499 499 500 500 502 502 502 503 503 504 504 504 504 504 505 506 506 506 507 507 508 507 507 508 508 508
535 536 537 538 540 541 544 546 548 549 551 553 554 556 558 559 561 563 564 565 567 568 570 571 572 574 575 576 577 578 580 581 582 583 584 585 586 587 588 589 590 595 481 481 483 483 484 485 486 486 488 488 489 490 491 491 491 493 494 495 495 496 496 497 498 498 499 499 499 500 500 501 501 501 502 502 503 503 503 504 504 505 506 506 507 507 507 508 507 507 508 508 508 509
536 537 538 538 540 542 544 546 548 550 552 553 555 557 558 560 562 563 564 566 567 569 570 571 573 574 575 576 578 579 580 581 582 584 584 586 586 588 588 590 590 595 596 482 483 484 484 486 486 487 488 489 489 490 491 491 492 493 495 495 496 496 496 497 498 499 499 499 500 500 501 501 501 502 502 503 503 503 504 504 504 506 506 507 507 507 508 507 507 508 508 508 509 508
537 538 538 539 541 543 544 546 548 551 552 554 556 557 559 561 561 563 565 566 568 569 570 572 573 575 575 577 577 579 581 581 583 583 585 585 587 587 589 589 595 595 597 597 483 484 485 486 487 487 488 489 490 490 491 492 492 494 494 496 496 496 497 497 498 499 499 500 500 501 501 501 502 502 503 503 503 504 504 504 506 506 507 507 507 508 507 507 508 508 508 509 508 508
537 538 539 540 541 543 545 547 548 550 552 554 556 557 559 560 562 563 565 567 568 569 571 572 574 574 576 577 578 580 581 582 583 584 585 586 587 588 589 590 595 596 597 598 598 485 485 486 487 488 488 489 490 490 491 492 494 494 495 496 496 497 497 498 498 498 500 500 501 501 501 502 502 503 503 503 504 504 504 505 506 507 507 507 508 507 507 508 508 508 509 509 508 509
538 539 540 540 541 543 546 547 549 551 552 554 556 557 559 561 562 564 566 567 568 569 571 573 573 575 576 577 578 580 581 582 584 584 586 586 588 588 590 590 596 596 597 598 599 600 486 486 488 488 488 489 490 491 491 493 494 495 495 495 497 497 498 498 498 499 499 500 501 501 502 502 503 503 503 504 504 504 505 506 507 507 507 507 507 507 508 508 508 509 509 509 509 509
539 539 540 541 542 543 545 548 550 551 553 555 556 558 560 561 563 565 566 567 568 570 572 573 574 575 577 577 579 581 581 583 583 585 585 587 587 589 589 591 595 597 597 599 599 600 601 487 487 488 489 489 491 491 492 492 495 495 495 496 496 498 498 498 499 499 500 500 500 501 502 503 503 503 504 504 504 505 505 507 507 507 507 507 507 508 508 508 509 509 509 509 509 509
539 540 541 542 542 544 546 548 550 552 554 555 557 559 560 562 563 565 566 567 569 570 572 573 574 576 576 578 579 580 582 583 584 585 586 587 588 589 590 591 596 597 598 598 600 600 601 602 487 489 489 490 490 492 492 493 494 495 496 496 497 497 498 499 499 500 500 500 501 501 502 502 502 504 504 504 505 505 505 506 506 507 507 507 508 508 508 509 509 509 509 509 509 510
540 541 541 542 543 545 546 548 550 551 554 556 557 559 561 562 563 565 566 568 569 571 572 573 575 576 577 578 580 580 582 583 584 586 586 588 588 590 590 592 596 597 598 599 600 600 601 602 603 489 490 490 491 492 492 494 494 495 496 497 497 497 498 499 500 500 500 501 501 502 502 502 503 503 503 504 504 505 506 506 507 507 507 508 508 508 509 509 509 509 509 509 510 509
541 541 542 543 544 544 547 549 550 552 554 555 557 559 560 562 563 565 567 568 570 570 572 574 575 576 577 579 579 581 582 583 584 585 587 587 589 589 591 591 596 597 598 599 599 601 601 603 603 604 490 491 491 491 493 494 495 495 497 497 497 498 498 499 500 500 501 501 502 502 502 503 503 503 504 504 505 505 506 507 507 507 508 508 508 509 509 509 509 509 509 510 510 509
541 542 543 543 544 545 547 549 551 553 554 556 558 559 561 562 564 566 567 569 569 571 573 574 576 576 578 579 580 581 582 583 585 585 587 587 589 589 591 591 597 597 599 599 600 601 602 602 604 604 605 491 491 492 493 495 495 496 496 497 498 498 499 499 499 500 501 502 502 502 503 503 503 504 504 505 505 506 507 507 507 508 508 508 509 508 508 509 509 509 510 510 510 510
542 543 543 544 545 545 547 549 551 553 555 556 558 560 561 563 564 566 568 568 570 571 573 575 575 577 578 579 580 582 582 584 584 586 587 588 589 590 591 592 597 598 598 600 600 602 602 603 604 604 605 491 492 492 494 495 495 496 496 497 498 499 499 499 500 500 501 502 502 503 503 503 504 504 505 505 505 507 507 507 508 508 508 509 508 508 509 509 509 510 510 510 510 510
542 543 544 545 545 546 548 549 551 554 555 557 559 560 562 563 565 567 567 569 570 572 573 574 576 577 579 579 581 582 583 584 585 586 587 588 589 590 591 592 597 598 599 600 601 601 603 603 603 605 605 606 492 493 494 494 496 496 497 497 498 499 499 500 500 501 501 501 502 503 503 504 504 505 505 505 506 507 507 508 508 508 508 508 508 509 509 509 510 510 510 510 510 510
543 544 544 545 546 546 548 550 551 553 555 557 559 561 562 564 564 566 568 569 571 572 573 574 576 578 578 580 581 582 583 585 585 587 587 589 589 591 591 593 597 599 599 600 601 601 603 603 604 605 606 606 607 494 494 495 495 497 497 497 498 498 500 500 500 501 501 502 502 502 503 504 505 505 505 506 507 507 508 508 508 508 508 508 509 509 509 510 510 510 510 510 510 511
543 544 545 546 546 547 548 550 552 554 555 557 559 560 562 563 565 567 568 570 571 572 573 575 576 577 579 580 582 582 584 584 586 586 588 589 590 591 592 593 598 598 599 600 601 602 602 604 604 605 606 607 607 609 495 495 496 497 497 498 498 499 499 500 501 501 502 502 502 503 503 504 504 504 505 505 506 507 507 507 508 508 508 509 509 509 510 510 510 510 510 510 511 511
544 545 545 546 547 548 548 550 552 554 556 557 559 561 562 564 565 567 569 570 571 572 574 575 577 577 579 581 581 583 584 585 586 587 588 589 590 591 592 592 598 598 600 600 601 602 603 604 605 605 606 607 607 609 495 496 496 496 498 498 499 499 499 500 501 502 502 502 503 503 503 504 504 505 505 506 507 507 507 508 508 508 509 509 509 510 510 510 510 510 510 511 511 511
545 545 546 547 547 548 549 550 552 555 556 558 559 561 563 564 566 567 569 570 571 573 574 576 576 578 579 580 581 583 583 585 586 587 588 589 590 591 592 593 598 599 599 601 601 603 603 604 605 605 606 607 609 609 610 496 496 497 497 499 499 499 500 500 501 502 502 503 503 503 504 504 505 505 505 507 507 507 508 508 508 509 509 509 510 510 510 510 510 510 511 511 511 511
545 546 547 547 548 549 549 551 552 554 557 558 560 562 563 565 566 568 568 570 572 573 575 575 577 578 580 580 582 583 584 585 586 587 588 589 591 591 593 593 598 599 600 601 602 603 603 604 605 606 606 608 609 609 610 611 497 497 498 498 499 500 500 500 501 501 502 503 503 504 504 505 505 505 506 507 507 508 508 508 509 509 509 510 509 509 510 510 510 511 511 511 511 511
546 546 547 548 548 549 550 551 553 555 556 558 559 561 563 564 566 567 569 570 572 574 574 576 577 579 579 581 582 583 584 586 586 588 588 590 590 592 592 594 598 600 600 601 602 602 604 604 605 606 607 607 609 610 610 611 497 497 498 498 499 500 500 501 501 502 502 502 504 504 504 505 505 506 507 507 508 508 508 509 509 509 510 509 509 510 510 510 511 511 511 511 511 511
546 547 548 548 549 550 550 551 553 555 557 558 560 561 563 565 566 568 569 571 572 573 575 576 578 578 580 581 583 583 585 585 587 588 589 590 591 592 593 594 598 600 600 601 602 603 604 605 605 606 607 608 609 610 611 611 611 498 498 499 499 499 501 501 502 502 502 503 503 503 504 505 506 506 507 508 508 508 509 509 509 509 509 509 510 510 510 511 511 511 511 511 511 512
547 547 548 549 549 550 551 551 553 556 557 559 560 562 564 565 567 568 570 571 572 573 575 577 578 579 580 582 582 584 585 586 587 588 589 590 591 592 593 593 599 599 601 601 603 603 604 605 605 606 607 609 609 611 611 611 612 498 499 499 499 500 500 502 502 502 503 503 503 504 504 505 505 505 507 507 507 508 508 508 509 509 509 510 510 510 511 511 511 511 511 511 512 512
547 548 549 549 550 550 551 552 553 555 558 559 561 562 564 566 567 569 570 571 572 574 575 577 577 579 580 581 582 584 584 586 587 588 589 590 591 592 593 594 599 600 601 602 602 603 604 605 606 606 608 609 609 610 611 612 612 612 499 499 500 500 500 501 502 503 503 503 504 504 504 505 505 507 507 507 508 508 508 509 509 509 510 510 510 511 511 511 511 511 511 512 512 512
