testData/tiles/oneDegreeCosts/grid31.0-21.0-32.0-22.0.asc
ncols   200
nrows   200
xllcorner   31.0
yllcorner   21.0
cellsize   0.005
NODATA_value   -9999.0
[rows 42 to 83 of 200, columns 94 to 187 of 200]
179 179 179 179 179 179 179 179 179 179 179 179 179 179 179 179 179 179 336 336 337 338 338 339 339 340 341 341 342 343 344 345 345 346 346 347 347 348 348 349 350 350 351 351 352 353 354 354 355 355 356 356 357 357 384 385 385 386 386 387 387 388 388 389 389 389 390 391 392 392 392 240 240 240 240 240 240 240 240 240 240 240 240 240 240 240 240 240 240 240 240 240 240 240
179 179 179 179 179 179 179 179 179 179 179 179 179 179 179 179 179 179 335 335 336 337 337 338 338 339 340 340 342 342 343 344 344 345 345 346 346 347 348 348 349 349 350 350 352 352 353 353 354 354 355 355 356 383 384 384 385 385 385 386 386 387 387 388 388 389 390 390 391 391 392 240 240 240 240 240 240 240 240 240 240 240 240 240 240 240 240 240 240 240 240 240 240 240
179 179 179 179 179 179 179 179 179 179 179 179 179 179 179 179 179 179 333 334 335 335 336 337 337 338 339 340 341 341 342 343 343 344 344 345 345 346 347 347 348 348 349 350 351 351 352 352 353 353 354 354 355 382 383 383 384 384 385 385 386 386 386 387 388 389 389 390 390 390 391 240 240 240 240 240 240 240 240 240 240 240 240 240 240 240 240 240 240 240 240 240 240 240
179 179 179 179 179 179 179 179 179 179 179 179 179 179 179 179 179 179 332 333 334 334 335 336 336 337 339 339 340 340 341 342 342 343 343 344 344 345 346 346 347 347 349 349 350 350 351 351 352 352 353 353 381 381 382 382 383 383 384 384 385 385 387 387 387 388 388 389 389 390 390 240 240 240 240 240 240 240 240 240 240 240 240 240 240 240 240 240 240 240 240 240 240 328
179 179 179 179 179 179 179 179 179 179 179 179 179 179 179 179 179 331 331 332 333 333 334 335 335 336 337 338 339 339 340 341 341 342 342 343 343 344 345 345 346 347 348 348 349 349 350 350 351 351 352 352 380 380 381 381 382 382 383 383 384 385 386 386 387 387 387 388 388 389 389 390 240 240 240 240 240 240 240 240 240 240 240 240 240 240 240 240 240 240 240 240 240 327
179 179 179 179 179 179 179 179 179 179 179 179 179 179 179 179 179 329 330 331 331 332 333 333 334 336 336 337 338 338 339 339 340 341 341 342 342 343 344 344 346 346 347 347 348 348 349 349 350 350 351 351 379 379 380 380 381 381 382 382 384 384 385 385 386 386 386 387 387 388 388 389 240 240 240 240 240 240 240 240 240 240 240 240 240 240 240 240 240 240 240 240 326 326
179 179 179 179 179 179 179 179 179 179 179 179 179 179 179 179 179 328 329 329 330 331 332 332 334 335 335 336 336 337 338 338 339 340 340 341 341 342 342 344 345 345 346 346 347 347 348 348 349 349 350 377 378 378 379 379 380 380 382 382 383 383 384 384 385 385 386 386 386 387 387 388 240 240 240 240 240 240 240 240 240 240 240 240 240 240 240 240 240 240 240 240 325 325
179 179 179 179 179 179 179 179 179 179 179 179 179 179 179 179 179 327 327 328 329 330 330 332 333 333 334 335 335 336 337 337 338 338 339 340 340 341 342 343 343 344 345 345 346 346 347 347 348 348 349 376 377 377 378 378 379 380 381 381 382 382 383 383 384 384 385 385 385 386 386 387 240 240 240 240 240 240 240 240 240 240 240 240 240 240 240 240 240 240 240 325 325 325
179 179 179 179 179 179 179 179 179 179 179 179 179 179 179 179 179 325 326 327 328 328 330 331 331 332 333 333 334 335 335 336 337 337 338 338 339 341 341 342 342 343 343 344 345 345 346 346 347 347 348 375 376 376 377 378 379 379 380 380 381 381 382 382 383 383 384 384 384 385 385 386 240 240 240 240 240 240 240 240 240 240 240 240 240 240 240 240 240 240 240 324 324 325
179 179 179 179 179 179 179 179 179 179 179 179 179 179 179 179 179 324 325 326 326 328 329 329 330 331 331 332 333 333 334 335 335 336 337 337 339 339 340 341 341 342 342 343 343 344 345 345 346 346 374 374 375 375 377 377 378 378 379 379 380 380 381 381 382 382 383 383 383 384 384 385 240 240 240 240 240 240 240 240 240 240 240 240 240 240 240 240 240 240 240 323 323 324
179 179 179 179 179 179 179 179 179 179 179 179 179 179 179 179 179 323 323 324 325 327 327 328 329 329 330 331 331 332 333 333 334 335 335 337 338 338 339 339 340 341 341 342 342 343 343 344 345 345 373 373 374 375 376 376 377 377 378 378 379 379 380 380 381 381 382 382 382 383 383 384 240 240 240 240 240 240 240 240 240 240 240 240 240 240 240 240 240 240 322 322 322 323
179 179 179 179 179 179 179 179 179 179 179 179 179 179 179 179 179 321 322 323 324 325 326 327 327 328 329 329 330 331 332 332 333 333 335 336 336 337 338 338 339 339 340 341 341 342 342 343 343 344 371 372 374 374 375 375 376 376 377 377 378 378 379 379 380 380 380 381 381 382 382 383 240 240 240 240 240 240 240 240 240 240 240 240 240 240 240 240 240 240 321 321 321 322
179 179 179 179 179 179 179 179 179 179 179 179 179 179 179 179 179 320 320 322 323 324 324 325 326 327 327 328 329 329 330 331 331 333 334 334 335 336 336 337 338 338 339 339 340 340 341 342 342 370 370 372 372 373 373 374 374 375 375 376 376 377 377 378 378 379 379 380 380 381 381 382 240 240 240 240 240 240 240 240 240 240 240 240 240 240 240 240 240 240 320 320 320 321
179 179 179 179 179 179 179 179 179 179 179 179 179 179 179 179 317 318 320 321 321 322 323 324 324 325 326 327 327 328 329 329 331 332 332 333 334 334 335 336 336 337 337 338 339 339 340 340 341 369 370 371 371 372 372 373 373 374 374 375 375 376 376 377 377 378 378 379 379 380 380 381 381 240 240 240 240 240 240 240 240 240 240 240 240 240 240 240 240 240 319 319 319 320
179 179 179 179 179 179 179 179 179 179 179 179 179 179 179 179 316 316 318 319 320 321 321 322 323 324 324 325 326 327 327 329 330 330 331 332 332 333 334 334 335 336 336 337 337 338 339 339 341 368 369 369 370 370 371 372 372 373 373 374 374 375 375 376 376 377 377 378 378 379 379 379 380 240 240 240 240 240 240 240 240 240 240 240 240 240 240 240 240 240 318 318 318 319
179 179 179 179 179 179 179 179 179 179 179 179 179 179 179 179 314 316 317 317 318 319 320 321 321 322 323 324 324 325 326 328 328 329 330 330 331 332 332 333 334 334 335 335 336 337 337 339 366 367 367 368 369 369 370 370 371 371 372 372 373 373 374 374 375 375 376 376 377 377 378 379 380 240 240 240 240 240 240 240 240 240 240 240 240 240 240 240 240 240 316 317 317 318
179 179 179 179 179 179 179 179 179 179 179 179 179 179 179 179 313 314 315 316 317 317 318 319 320 321 321 322 323 324 325 326 327 327 328 329 329 330 331 331 332 333 333 334 335 335 337 337 365 366 366 367 367 368 368 369 370 370 371 371 372 372 373 373 374 374 375 375 376 377 378 378 379 240 240 240 240 240 240 240 240 240 240 240 240 240 240 240 240 315 315 316 316 317
179 179 179 179 179 179 179 179 179 179 179 179 179 179 179 179 311 312 313 314 315 316 316 317 318 319 320 320 321 323 324 324 325 326 327 327 328 329 329 330 331 331 332 333 333 335 335 336 364 364 365 365 366 367 367 368 368 369 369 370 370 371 371 372 372 373 373 374 375 376 376 377 377 240 240 240 240 240 240 240 240 240 240 240 240 240 240 240 240 240 314 315 315 315
179 179 179 179 179 179 179 179 179 179 179 179 179 179 179 179 309 310 311 312 313 314 315 315 316 317 318 319 320 321 322 323 324 324 325 326 326 327 328 328 329 330 330 331 333 333 334 335 362 363 363 364 365 365 366 366 367 367 368 369 369 370 370 371 371 372 373 374 374 375 375 376 376 240 240 240 240 240 240 240 240 240 240 240 240 240 240 240 240 240 313 313 314 314
179 179 179 179 179 179 179 179 179 179 179 179 179 179 179 179 307 308 309 310 311 312 313 314 314 315 316 318 319 320 320 321 322 323 323 324 325 325 326 327 328 328 329 331 331 332 332 360 361 361 362 363 363 364 364 365 365 366 367 367 368 368 369 369 370 371 372 372 373 373 374 374 375 240 240 240 240 240 240 240 240 240 240 240 240 240 240 240 240 240 312 312 313 313
179 179 179 179 179 179 179 179 179 179 179 179 179 179 179 179 305 306 307 308 309 310 311 312 313 313 315 316 317 318 319 319 320 321 322 322 323 324 325 325 326 327 328 329 330 330 331 359 359 360 360 361 362 362 363 363 364 365 365 366 366 367 367 369 369 370 370 371 372 372 373 373 374 240 240 240 240 240 240 240 240 240 240 240 240 240 240 240 240 240 311 311 312 312
179 179 179 179 179 179 179 179 179 179 179 179 179 179 179 179 303 304 305 306 307 308 309 310 311 311 313 314 315 316 317 317 318 319 320 321 321 322 323 324 324 326 327 327 328 329 329 357 358 358 359 360 360 361 361 362 363 363 364 364 365 365 367 367 368 369 369 370 370 371 371 372 372 240 240 240 240 240 240 240 240 240 240 240 240 240 240 240 240 240 309 310 310 311
179 179 179 179 179 179 179 179 179 179 179 179 179 179 179 299 300 301 303 304 305 306 307 308 308 310 311 312 313 314 315 316 316 317 318 319 320 320 321 322 324 324 325 326 326 327 328 355 356 357 357 358 359 359 360 360 361 362 362 363 363 365 365 366 367 367 368 368 369 369 370 370 371 371 240 240 240 240 240 240 240 240 240 240 240 240 240 240 240 240 308 309 309 309
179 179 179 179 179 179 179 179 179 179 179 179 179 179 179 299 299 299 300 301 302 303 304 305 307 308 309 310 311 312 313 314 314 315 316 317 318 318 319 321 322 322 323 324 325 325 353 354 354 355 356 356 357 358 358 359 359 360 361 362 363 363 364 365 365 366 366 367 367 368 368 369 369 370 240 240 240 240 240 240 240 240 240 240 240 240 240 240 240 240 240 307 308 308
179 179 179 179 179 179 179 179 179 179 179 179 179 179 179 299 299 299 299 299 300 301 302 303 305 306 307 308 309 310 311 312 312 313 314 315 316 317 317 319 320 321 321 322 323 324 351 352 353 353 354 355 355 356 357 357 358 358 360 361 361 362 362 363 364 364 365 365 366 366 367 367 368 368 240 240 240 240 240 240 240 240 240 240 240 240 240 240 240 240 240 306 306 307
179 179 179 179 179 179 179 179 179 179 179 179 179 179 179 299 299 299 299 299 299 299 299 301 303 304 305 306 307 307 308 309 310 311 312 313 314 315 316 317 318 319 319 320 321 322 349 350 351 352 352 353 354 354 355 355 356 358 358 359 360 360 361 361 362 363 363 364 364 365 365 366 366 367 240 240 240 240 240 240 240 240 240 240 240 240 240 240 240 240 240 305 306 306
179 179 179 179 179 179 179 179 179 179 179 179 179 179 179 299 299 299 299 299 299 299 300 300 300 301 302 303 304 305 306 307 308 309 310 311 312 313 314 315 316 317 317 318 319 320 348 348 349 350 350 351 352 352 353 354 355 356 357 357 358 359 359 360 360 361 361 362 363 363 364 364 365 365 240 240 240 240 240 240 240 240 240 240 240 240 240 240 240 240 240 240 305 305
179 179 179 179 179 179 179 179 179 179 179 179 179 179 179 299 299 299 299 299 299 300 300 300 300 300 300 301 302 303 304 305 306 307 307 308 310 311 312 313 314 315 315 316 317 318 346 346 347 348 348 349 350 351 351 403 355 355 355 356 356 357 357 358 359 359 360 360 361 362 362 363 363 364 240 240 240 240 240 240 240 240 240 240 240 240 240 240 240 240 240 240 303 304
179 179 179 179 179 179 179 179 179 179 179 179 179 179 179 299 299 299 299 299 299 300 300 300 300 300 300 300 300 300 301 302 303 304 305 307 308 309 310 311 312 312 313 314 315 343 343 394 395 396 396 397 398 399 400 401 402 402 403 404 404 405 406 406 359 359 359 359 359 360 360 361 362 362 240 240 240 240 240 240 240 240 240 240 240 240 240 240 240 240 240 240 240 302
179 179 179 179 179 179 179 179 179 179 179 179 179 179 179 299 299 299 299 299 300 300 300 300 300 300 300 300 300 300 300 300 300 302 304 305 306 306 307 308 309 310 311 312 363 390 391 392 393 394 394 395 396 398 398 399 400 400 401 402 403 403 404 404 405 406 406 359 359 359 359 359 360 360 240 240 240 240 240 240 240 240 240 240 240 240 240 240 240 240 240 240 240 301
179 179 179 179 179 179 179 179 179 179 179 179 179 179 179 299 299 299 299 300 300 300 300 300 300 300 300 300 300 300 300 300 300 300 301 302 303 304 305 306 307 358 359 359 360 388 389 390 391 392 392 394 395 396 396 397 398 398 399 400 401 401 402 403 403 404 404 405 406 406 358 358 358 359 240 240 240 240 240 240 240 240 240 240 240 240 240 240 240 240 240 240 240 240
179 179 179 179 179 179 179 179 179 179 179 179 179 179 179 299 299 299 299 300 300 300 300 300 300 300 300 300 300 300 300 300 300 301 301 301 301 301 302 353 354 355 356 357 358 386 387 388 388 389 391 392 393 393 394 395 396 396 397 398 399 399 400 401 401 402 403 403 404 404 405 406 357 357 240 240 240 240 240 240 240 240 240 240 240 240 240 240 240 240 240 240 240 240
179 179 179 179 179 179 179 179 179 179 179 179 179 179 247 247 299 299 300 300 300 300 300 300 300 300 300 300 300 300 300 300 301 301 301 301 301 351 351 351 351 352 353 354 355 383 384 385 386 387 389 390 390 391 392 393 393 394 395 396 396 397 398 399 399 400 401 401 402 403 403 404 404 405 356 240 240 240 240 240 240 240 240 240 240 240 240 240 240 240 240 240 240 240
179 179 179 179 179 179 179 179 179 179 179 179 179 179 247 247 247 247 300 300 300 300 300 300 300 300 300 300 300 300 300 301 301 301 301 351 351 351 351 351 351 351 351 352 353 381 382 383 383 385 386 387 388 389 390 390 391 392 393 394 394 395 396 396 397 398 399 399 400 401 401 402 402 403 405 240 240 240 240 240 240 240 240 240 240 240 240 240 240 240 240 240 240 240
179 179 179 179 179 179 179 179 179 179 179 179 179 179 247 247 247 248 248 248 248 300 300 300 300 300 300 300 300 300 300 301 301 351 351 351 351 351 351 351 351 351 351 351 351 378 379 380 382 383 384 385 385 386 387 388 389 390 390 391 392 393 393 394 395 396 396 397 398 398 399 400 401 402 403 240 240 240 240 240 240 240 240 240 240 240 240 240 240 240 240 240 240 240
179 179 179 179 179 179 179 179 179 179 179 179 179 179 247 247 248 248 248 248 248 248 248 248 300 300 300 300 300 300 301 301 351 351 351 351 351 351 351 351 351 351 351 351 378 378 378 379 379 380 381 382 383 384 385 385 386 387 388 389 390 390 391 392 393 393 394 395 396 396 397 399 399 400 401 240 240 240 240 240 240 240 240 240 240 240 240 240 240 240 240 240 240 240
179 179 179 179 179 179 179 179 179 179 179 179 179 179 247 247 248 248 248 248 248 248 248 248 248 248 300 300 300 301 351 351 351 351 351 351 351 351 351 351 351 351 352 352 379 379 380 379 379 379 379 379 380 381 382 383 384 384 385 386 387 388 389 389 390 391 392 393 393 395 396 396 397 398 398 240 240 240 240 240 240 240 240 240 240 240 240 240 240 240 240 240 240 240
179 179 179 179 179 179 179 179 179 179 179 179 179 179 247 248 248 248 248 248 248 248 248 248 248 248 248 248 248 351 351 351 351 351 351 351 351 351 351 351 351 352 352 352 379 380 380 380 379 379 379 379 379 379 379 380 381 382 383 383 384 385 386 387 388 389 389 390 392 393 393 394 395 395 396 240 240 240 240 240 240 240 240 240 240 240 240 240 240 240 240 240 240 240
179 179 179 179 179 179 179 179 179 179 179 179 179 179 247 248 248 248 248 248 248 248 248 248 248 248 248 248 299 299 299 299 351 351 351 351 351 351 351 351 352 352 353 353 381 381 381 380 380 379 379 379 379 379 379 379 379 379 380 381 382 382 383 384 385 386 387 389 389 390 391 392 392 393 394 240 240 240 240 240 240 240 240 240 240 240 240 240 240 240 240 240 240 240
179 179 179 179 179 179 179 179 179 179 179 179 179 179 248 248 248 248 248 248 248 248 248 248 248 248 298 299 299 299 299 299 299 299 299 351 351 351 351 351 352 353 353 354 382 381 381 381 380 379 379 379 379 379 379 379 379 379 379 379 379 379 380 381 382 384 385 386 387 387 388 389 390 391 391 240 240 240 240 240 240 240 240 240 240 240 240 240 240 240 240 240 240 240
179 179 179 179 179 179 179 179 179 179 179 179 179 179 248 248 248 248 248 248 248 248 248 248 248 298 298 299 299 299 299 299 299 299 299 299 299 299 351 352 353 353 354 355 382 382 382 381 381 380 379 379 379 379 379 379 379 379 379 379 379 379 379 379 380 381 382 383 384 385 385 386 387 388 389 240 240 240 240 240 240 240 240 240 240 240 240 240 240 240 240 240 240 240
179 179 179 179 179 179 179 179 179 179 179 179 179 179 248 248 248 248 248 248 248 248 248 248 298 298 299 299 299 299 299 299 299 299 299 299 299 299 299 300 301 354 355 356 383 383 382 382 381 380 379 379 379 379 379 379 379 379 379 379 379 379 379 380 380 380 380 380 381 382 383 383 384 385 386 240 240 240 240 240 240 240 240 240 240 240 240 240 240 240 240 240 240 240
