testData/tiles/oneDegreeCosts/grid35.0-19.0-36.0-20.0.asc
ncols   200
nrows   200
xllcorner   35.0
yllcorner   19.0
cellsize   0.005
NODATA_value   -9999.0
[rows 0 to 41 of 200, columns 0 to 93 of 200]
233 233 233 233 233 233 233 232 232 232 232 232 232 232 232 232 232 232 232 232 232 231 231 231 231 231 231 231 231 231 231 231 255 255 254 254 254 254 254 254 254 254 254 255 256 257 257 258 259 260 261 262 262 262 263 328 329 329 329 330 330 331 332 332 333 334 334 335 335 335 336 336 337 337 338 338 339 339 339 340 340 341 341 341 342 342 343 343 343 342 343 343 344 344
170 233 233 233 233 233 232 232 232 232 232 232 232 232 232 232 232 232 232 232 231 231 231 231 231 231 231 231 231 231 231 255 255 254 254 254 254 254 254 254 254 254 255 256 257 257 258 259 260 261 261 262 262 263 264 328 328 329 330 330 331 332 332 333 333 334 335 335 335 335 336 337 337 338 338 339 339 339 339 340 340 341 341 342 342 343 343 343 343 343 343 343 344 344
170 170 170 233 233 232 232 232 232 232 232 232 232 232 232 232 232 232 232 231 231 231 231 231 231 231 231 231 231 231 231 255 254 254 254 254 254 254 254 254 254 254 255 256 257 258 258 259 260 261 262 262 263 263 264 328 329 329 330 331 331 332 333 333 334 335 335 335 335 336 336 337 338 338 339 339 339 339 340 340 341 341 342 342 343 342 343 343 343 343 343 344 344 345
170 170 170 170 170 232 232 232 232 232 232 232 232 232 232 232 232 232 231 231 231 231 231 231 231 231 231 231 231 231 255 254 254 254 254 254 254 254 254 254 254 255 256 256 257 258 259 260 261 262 263 262 263 264 264 328 329 330 330 331 332 332 333 334 334 334 335 335 336 336 337 337 338 338 339 339 339 340 340 341 341 342 342 342 342 342 343 343 343 343 344 344 345 344
170 170 170 170 170 170 170 232 232 232 232 232 232 232 232 232 231 231 231 231 231 231 231 231 231 231 231 231 231 231 254 254 254 254 254 254 254 254 254 254 255 256 256 257 258 259 260 261 261 262 262 263 264 264 264 329 330 330 331 332 332 333 333 334 334 334 335 335 336 337 337 338 338 339 339 339 339 340 340 341 341 342 342 342 342 343 343 344 343 344 344 344 344 344
170 170 170 170 170 170 170 170 170 232 232 232 232 232 232 231 231 231 231 231 231 231 231 231 231 231 231 231 231 254 254 254 254 254 254 254 254 254 254 254 255 255 256 257 258 259 260 261 262 263 263 263 263 264 265 329 330 331 331 332 333 333 334 334 334 335 335 336 336 337 338 338 339 339 339 339 340 340 341 341 342 342 342 342 343 343 343 344 343 344 344 344 344 345
170 170 170 170 170 170 170 170 170 170 170 232 232 232 231 231 231 231 231 231 231 231 231 231 231 231 231 230 254 254 254 254 254 254 254 254 254 254 254 255 255 256 257 258 259 260 261 262 262 262 263 263 264 264 265 330 330 331 332 332 333 334 334 334 334 335 336 336 337 337 338 338 338 339 339 340 340 341 341 342 342 342 342 342 343 343 344 344 344 344 345 344 344 345
170 170 170 170 170 170 170 170 170 170 170 170 170 231 231 231 231 231 231 231 231 231 231 231 231 231 230 230 254 254 254 254 254 254 254 254 254 254 254 255 256 257 258 259 259 260 261 262 263 263 263 263 264 265 265 330 331 332 332 333 333 333 334 334 335 335 336 337 337 338 338 338 338 339 339 340 340 341 341 342 342 342 342 343 343 344 344 344 344 344 344 344 345 345
170 170 170 170 170 170 170 170 170 170 170 170 170 170 170 231 231 231 231 231 231 231 231 231 231 230 230 254 254 254 254 254 254 254 254 254 254 254 254 255 256 257 258 259 260 261 262 263 262 262 263 264 264 265 266 331 331 332 333 333 333 333 334 335 335 336 336 337 338 338 338 338 339 339 340 340 341 341 342 342 342 342 343 343 344 344 344 344 344 344 344 345 345 345
170 170 170 170 170 170 170 170 170 170 170 170 170 170 170 170 170 231 231 231 231 231 231 231 230 230 230 254 254 254 254 254 254 254 254 254 253 254 255 256 257 258 259 260 261 261 262 263 262 263 263 264 265 266 266 331 332 332 333 333 333 334 334 335 336 336 337 337 338 338 338 339 339 340 340 341 341 342 342 342 342 342 343 343 344 344 344 344 344 344 344 345 345 346
170 170 170 170 170 170 170 170 170 170 170 170 170 170 170 170 170 170 170 231 231 231 231 230 230 230 254 254 254 254 254 254 254 254 254 253 253 254 255 256 257 258 259 260 261 262 263 262 262 263 264 265 265 266 267 331 332 333 333 333 334 334 335 335 336 337 337 338 338 338 338 339 339 340 340 341 341 342 342 342 342 343 343 344 344 345 344 344 344 344 345 345 346 346
170 170 170 170 170 170 170 170 170 170 170 170 170 170 170 170 170 170 170 170 170 170 230 230 230 254 254 254 254 254 254 254 254 254 253 253 254 255 256 257 258 259 260 261 262 262 262 262 263 264 264 265 266 266 267 332 332 332 333 333 334 335 335 336 336 337 337 337 338 338 339 339 340 340 341 341 342 341 342 342 343 343 344 344 344 344 344 344 344 345 345 345 346 346
170 170 170 170 170 170 170 170 170 170 170 170 170 170 170 170 170 170 170 170 170 170 170 170 230 254 254 254 254 254 254 254 254 253 253 253 255 256 257 258 259 260 260 261 262 262 262 263 263 264 265 266 266 267 268 332 332 333 333 334 334 335 336 336 337 337 337 337 338 338 339 340 340 341 341 342 341 341 342 342 343 343 344 344 345 344 344 344 344 345 345 346 346 347
170 170 170 170 170 170 170 170 170 170 170 170 170 170 170 170 170 170 170 170 170 170 170 170 170 170 254 254 254 254 254 254 253 253 253 254 255 256 257 258 259 260 261 262 262 262 262 263 264 265 265 266 267 267 332 332 332 333 334 334 335 335 336 337 337 337 337 338 338 339 339 340 340 341 341 341 341 342 342 343 343 344 344 345 344 344 344 344 345 345 346 346 346 346
170 170 170 170 170 170 170 170 170 170 170 170 170 170 170 170 170 170 170 170 170 170 170 170 170 170 170 170 170 254 253 253 253 253 254 255 256 257 258 259 260 261 261 261 262 262 263 263 264 265 266 266 267 268 331 332 333 333 334 335 335 336 336 337 337 337 338 338 339 339 340 340 341 341 341 341 342 342 343 343 344 344 344 344 344 344 344 345 345 345 346 346 346 346
170 170 170 170 170 170 170 170 170 170 170 170 170 170 170 170 170 170 170 170 170 170 170 170 170 170 170 170 170 170 170 253 253 253 254 255 256 257 258 259 260 260 261 262 262 262 263 264 265 265 266 267 267 267 332 332 333 334 334 335 336 336 337 337 337 337 338 338 339 339 340 340 341 341 341 341 342 342 343 343 344 344 344 344 344 344 344 345 345 346 346 346 346 346
170 170 170 170 170 170 170 170 170 170 170 170 170 170 170 170 170 170 170 170 170 170 170 170 170 170 170 170 170 170 170 170 170 254 255 256 257 258 259 260 260 261 261 261 262 263 264 264 265 266 267 267 267 268 332 333 333 334 335 335 336 336 336 337 337 338 338 339 339 340 340 341 341 341 341 342 342 343 343 344 344 344 344 344 344 344 345 345 346 346 346 346 346 347
170 170 170 170 170 170 170 170 170 170 170 170 170 170 170 170 170 170 170 170 170 170 170 170 170 170 170 170 170 170 170 170 170 170 170 170 258 259 259 259 260 261 261 262 263 263 264 265 266 266 266 267 267 268 333 333 334 334 335 336 336 336 336 337 337 338 339 339 340 340 341 340 341 341 342 342 343 343 343 344 344 344 344 344 344 345 345 345 346 346 346 346 347 347
170 170 170 170 170 170 170 170 170 170 170 170 170 170 170 170 170 170 170 170 170 170 170 170 170 170 170 170 170 170 170 170 170 170 170 170 170 170 259 260 261 262 261 262 263 264 265 265 266 266 266 267 268 268 333 334 334 335 335 336 336 336 337 337 338 338 339 339 340 340 340 340 341 341 342 342 343 343 344 344 344 344 344 344 344 345 345 346 345 346 346 346 347 347
170 170 170 170 170 170 170 170 170 170 170 170 170 170 170 170 170 170 170 170 170 170 170 170 170 170 170 170 170 170 170 170 170 170 170 170 170 170 170 170 170 261 262 263 263 264 265 266 266 266 267 267 268 269 333 334 335 335 336 336 336 336 337 338 338 339 339 340 340 340 340 341 341 342 342 343 343 344 343 344 344 344 344 344 345 345 346 345 345 346 346 347 347 347
170 170 170 170 170 170 170 170 170 170 170 170 170 170 170 170 170 170 170 170 170 170 170 170 170 170 170 170 170 170 170 170 170 170 170 170 170 170 170 170 170 170 170 170 264 265 265 265 266 266 267 268 268 269 334 334 335 335 335 336 336 337 337 338 338 339 340 340 340 340 341 341 342 342 343 343 343 343 343 344 344 344 344 345 345 345 345 345 346 346 346 347 347 348
170 170 170 170 170 170 170 170 170 170 170 170 170 170 170 170 170 170 170 170 170 170 170 170 170 170 170 170 170 170 170 170 170 170 170 170 170 170 170 170 170 170 170 170 170 170 265 265 266 267 268 268 269 269 334 335 335 335 335 336 337 337 338 338 339 339 340 340 340 340 341 341 342 342 343 343 343 343 344 344 345 344 344 345 345 345 345 346 346 346 347 347 348 348
170 170 170 170 170 170 170 170 170 170 170 170 170 170 170 170 170 170 170 170 170 170 170 170 170 170 170 170 170 170 170 170 170 170 170 170 170 170 170 170 170 170 170 170 170 170 170 170 170 267 268 269 269 270 334 334 335 335 336 336 337 337 338 339 339 339 339 340 340 341 341 342 342 343 343 343 343 343 344 344 344 344 345 345 345 345 345 346 346 347 347 347 348 347
170 170 170 170 170 170 170 170 170 170 170 170 170 170 170 170 170 170 170 170 170 170 170 170 170 170 170 170 170 170 170 170 170 170 170 170 170 170 170 170 170 170 170 170 170 170 170 170 170 170 170 170 270 270 334 334 335 336 336 337 337 338 338 339 339 339 339 340 340 341 341 342 342 343 343 343 343 344 344 345 344 345 345 345 345 345 346 346 346 347 347 348 347 347
170 170 170 170 170 170 170 170 170 170 170 170 170 170 170 170 170 170 170 170 170 170 170 170 170 170 170 170 170 170 170 170 170 170 170 170 170 170 170 170 170 170 170 170 170 170 170 170 170 170 170 170 170 170 196 335 335 336 336 337 338 338 339 339 339 339 340 340 341 341 342 342 343 342 343 343 344 344 344 344 344 345 345 345 345 346 346 346 347 347 348 347 347 348
170 170 170 170 170 170 170 170 170 170 170 170 170 170 170 170 170 170 170 170 170 170 170 170 170 170 170 170 170 170 170 170 170 170 170 170 170 170 170 170 170 170 170 170 170 170 170 170 170 170 170 170 170 170 196 197 198 198 337 337 338 338 338 339 339 340 340 341 341 342 342 343 342 342 343 343 344 344 345 344 345 344 345 345 345 346 346 347 347 347 347 347 348 348
170 170 170 170 170 170 170 170 170 170 170 170 170 170 170 170 170 170 170 170 170 170 170 170 170 170 170 170 170 170 170 170 170 170 170 170 170 170 170 170 170 170 170 170 170 170 170 170 170 170 170 170 170 170 197 197 198 199 199 200 200 338 338 339 339 340 340 341 341 342 342 342 342 343 343 344 344 345 344 344 344 344 345 345 346 346 346 347 347 347 347 347 348 348
170 170 170 170 170 170 170 170 170 170 170 170 170 170 170 170 170 170 170 170 170 170 170 170 170 170 170 170 170 170 170 170 170 170 170 170 170 170 170 170 170 170 170 170 170 170 170 170 170 170 170 170 170 170 197 198 198 199 199 200 200 200 201 201 340 340 341 341 342 342 342 342 343 343 344 344 344 344 344 344 344 345 345 345 346 346 347 347 347 347 347 348 348 348
170 170 170 170 170 170 170 170 170 170 170 170 170 170 170 170 170 170 170 170 170 170 170 170 170 170 170 170 170 170 170 170 170 170 170 170 170 170 170 170 170 170 170 170 170 170 170 170 170 170 170 170 170 170 198 198 199 199 200 200 200 200 201 201 202 202 203 341 342 341 342 342 343 343 344 344 345 344 344 344 344 345 345 346 346 347 347 347 347 347 348 348 348 349
170 170 170 170 170 170 170 170 170 170 170 170 170 170 170 170 170 170 170 170 170 170 170 170 170 170 170 170 170 170 170 170 170 170 170 170 170 170 170 170 170 170 170 170 170 170 170 170 170 170 170 170 170 170 198 198 199 199 199 200 200 201 201 202 202 203 203 203 203 204 204 343 343 344 344 345 344 344 344 344 345 345 346 346 346 347 346 347 347 347 348 348 349 349
170 170 170 170 170 170 170 170 170 170 170 170 170 170 170 170 170 170 170 170 170 170 170 170 170 170 170 170 170 170 170 170 170 170 170 170 170 170 170 170 170 170 170 170 170 170 170 170 170 170 170 170 170 170 198 199 199 199 199 200 200 201 202 202 203 203 203 203 204 204 204 205 205 206 344 345 343 344 344 345 345 345 346 346 347 346 346 347 347 348 348 348 349 348
170 170 170 170 170 170 170 170 170 170 170 170 170 170 170 170 170 170 170 170 170 170 170 170 170 170 170 170 170 170 170 170 170 170 170 170 170 170 170 170 170 170 170 170 170 170 170 170 170 170 170 170 170 170 199 198 199 199 200 200 201 201 202 202 203 203 203 203 204 204 205 205 206 206 207 205 205 206 344 345 345 346 346 346 346 346 347 347 347 348 348 349 348 348
170 170 170 170 170 170 170 170 170 170 170 170 170 170 170 170 170 170 170 170 170 170 170 170 170 170 170 170 170 170 170 170 170 170 170 170 170 170 170 170 170 170 170 170 170 170 170 170 170 170 170 170 170 170 198 198 199 199 200 201 201 202 202 203 202 203 203 204 204 205 205 206 206 205 205 205 206 206 207 207 207 208 345 346 346 347 347 347 348 348 348 348 348 349
170 170 170 170 170 170 170 170 170 170 170 170 170 170 170 170 170 170 170 170 170 170 170 170 170 170 170 170 170 170 170 170 170 170 170 170 170 170 170 170 170 170 170 170 170 170 170 170 170 170 170 170 170 170 198 199 199 200 200 201 201 202 202 202 202 203 203 204 204 205 205 206 205 206 205 206 206 206 207 207 208 207 208 208 208 209 347 348 348 348 348 348 348 349
170 170 170 170 170 170 170 170 170 170 170 170 170 170 170 170 170 170 170 170 170 170 170 170 170 170 170 170 170 170 170 170 170 170 170 170 170 170 170 170 170 170 170 170 170 170 170 170 170 170 170 170 170 170 198 199 200 200 201 201 202 202 202 202 203 203 204 204 205 205 206 205 205 205 205 206 206 207 207 208 207 207 208 208 209 209 209 210 210 210 348 348 349 349
170 170 170 170 170 170 170 170 170 170 170 170 170 170 170 170 170 170 170 170 170 170 170 170 170 170 170 170 170 170 170 170 170 170 170 170 170 170 170 170 170 170 170 170 170 170 170 170 170 170 170 170 170 170 199 199 200 200 201 201 201 201 202 202 203 203 204 204 205 205 205 205 205 205 206 206 207 207 207 207 207 208 208 208 209 209 210 210 210 210 210 211 211 211
170 170 170 170 170 170 170 170 170 170 170 170 170 170 170 170 170 170 170 170 170 170 170 170 170 170 170 170 170 170 170 170 170 170 170 170 170 170 170 170 170 170 170 170 170 170 170 170 170 170 170 170 170 170 199 200 200 201 201 201 201 202 202 203 203 204 204 205 205 205 205 206 205 205 206 206 207 207 207 207 207 208 208 209 209 209 210 210 210 210 210 211 211 212
170 170 170 170 170 170 170 170 170 170 170 170 170 170 170 170 170 170 170 170 170 170 170 170 170 170 170 170 170 170 170 170 170 170 170 170 170 170 170 170 170 170 170 170 170 170 170 170 170 170 170 170 170 170 199 200 200 201 201 201 202 202 203 203 204 204 205 205 205 205 205 205 205 206 206 207 207 207 207 207 208 208 209 209 209 210 209 210 210 210 211 211 211 212
170 170 170 170 170 170 170 170 170 170 170 170 170 170 170 170 170 170 170 170 170 170 170 170 170 170 170 170 170 170 170 170 170 170 170 170 170 170 170 170 170 170 170 170 170 170 170 170 170 170 170 170 170 170 200 200 201 201 201 201 202 202 203 203 204 204 205 205 205 205 205 205 206 206 206 207 207 207 207 208 208 208 209 209 209 209 209 210 210 211 211 211 212 211
170 170 170 170 170 170 170 170 170 170 170 170 170 170 170 170 170 170 170 170 170 170 170 170 170 170 170 170 170 170 170 170 170 170 170 170 170 170 170 170 170 170 170 170 170 170 170 170 170 170 170 170 170 170 200 200 200 201 201 202 202 203 203 204 204 204 204 205 205 205 205 205 206 206 207 206 207 207 207 208 208 209 209 209 209 209 210 210 210 211 211 211 211 211
170 170 170 170 170 170 170 170 170 170 170 170 170 170 170 170 170 170 170 170 170 170 170 170 170 170 170 170 170 170 170 170 170 170 170 170 170 170 170 170 170 170 170 170 170 170 170 170 170 170 170 170 170 170 199 200 200 201 201 202 202 203 203 204 204 204 204 205 205 205 205 206 206 206 206 206 207 207 208 208 208 209 208 209 209 209 210 210 211 211 211 211 211 211
170 170 170 170 170 170 170 170 170 170 170 170 170 170 170 170 170 170 170 170 170 170 170 170 170 170 170 170 170 170 170 170 170 170 170 170 170 170 170 170 170 170 170 170 170 170 170 170 170 170 170 170 170 170 200 200 201 201 202 202 203 203 204 203 204 204 205 205 205 205 205 206 206 206 206 207 207 207 208 208 209 208 208 209 209 210 210 210 211 211 211 211 211 212
