testData/tiles/oneDegreeCosts/grid27.0-10.0-28.0-11.0.asc
ncols   200
nrows   200
xllcorner   27.0
yllcorner   10.0
cellsize   0.005
NODATA_value   -9999.0
[rows 68 to 84 of 200, columns 74 to 110 of 200]
7.930000000000000000e+02 7.950000000000000000e+02 7.960000000000000000e+02 7.980000000000000000e+02 7.990000000000000000e+02 8.010000000000000000e+02 8.020000000000000000e+02 8.040000000000000000e+02 8.050000000000000000e+02 8.060000000000000000e+02 8.070000000000000000e+02 8.080000000000000000e+02 8.090000000000000000e+02 8.110000000000000000e+02 8.800000000000000000e+02 8.810000000000000000e+02 8.820000000000000000e+02 8.830000000000000000e+02 8.840000000000000000e+02 8.850000000000000000e+02 1.060000000000000000e+03 1.061000000000000000e+03 1.063000000000000000e+03 1.064000000000000000e+03 1.065000000000000000e+03 1.066000000000000000e+03 1.068000000000000000e+03 1.069000000000000000e+03 1.070000000000000000e+03 1.070000000000000000e+03 1.072000000000000000e+03 1.073000000000000000e+03 1.074000000000000000e+03 1.074000000000000000e+03 1.076000000000000000e+03 1.077000000000000000e+03 1.078000000000000000e+03
7.930000000000000000e+02 7.950000000000000000e+02 7.960000000000000000e+02 7.980000000000000000e+02 7.990000000000000000e+02 8.010000000000000000e+02 8.020000000000000000e+02 8.040000000000000000e+02 8.050000000000000000e+02 8.070000000000000000e+02 8.080000000000000000e+02 8.080000000000000000e+02 8.090000000000000000e+02 8.110000000000000000e+02 8.800000000000000000e+02 8.810000000000000000e+02 8.820000000000000000e+02 8.830000000000000000e+02 8.840000000000000000e+02 8.850000000000000000e+02 8.860000000000000000e+02 1.062000000000000000e+03 1.063000000000000000e+03 1.064000000000000000e+03 1.065000000000000000e+03 1.067000000000000000e+03 1.068000000000000000e+03 1.069000000000000000e+03 1.070000000000000000e+03 1.072000000000000000e+03 1.072000000000000000e+03 1.073000000000000000e+03 1.074000000000000000e+03 1.075000000000000000e+03 1.076000000000000000e+03 1.077000000000000000e+03 1.078000000000000000e+03
7.930000000000000000e+02 7.950000000000000000e+02 7.970000000000000000e+02 7.980000000000000000e+02 8.000000000000000000e+02 8.010000000000000000e+02 8.030000000000000000e+02 8.040000000000000000e+02 8.050000000000000000e+02 8.070000000000000000e+02 8.080000000000000000e+02 8.090000000000000000e+02 8.100000000000000000e+02 8.790000000000000000e+02 8.800000000000000000e+02 8.810000000000000000e+02 8.820000000000000000e+02 8.830000000000000000e+02 8.840000000000000000e+02 8.860000000000000000e+02 8.880000000000000000e+02 1.063000000000000000e+03 1.064000000000000000e+03 1.064000000000000000e+03 1.066000000000000000e+03 1.067000000000000000e+03 1.068000000000000000e+03 1.069000000000000000e+03 1.071000000000000000e+03 1.072000000000000000e+03 1.072000000000000000e+03 1.073000000000000000e+03 1.075000000000000000e+03 1.076000000000000000e+03 1.076000000000000000e+03 1.077000000000000000e+03 1.080000000000000000e+03
7.930000000000000000e+02 7.950000000000000000e+02 7.970000000000000000e+02 7.980000000000000000e+02 8.000000000000000000e+02 8.010000000000000000e+02 8.030000000000000000e+02 8.040000000000000000e+02 8.050000000000000000e+02 8.070000000000000000e+02 8.080000000000000000e+02 8.090000000000000000e+02 8.100000000000000000e+02 8.790000000000000000e+02 8.800000000000000000e+02 8.810000000000000000e+02 8.820000000000000000e+02 8.830000000000000000e+02 8.850000000000000000e+02 8.870000000000000000e+02 8.880000000000000000e+02 8.890000000000000000e+02 1.064000000000000000e+03 1.066000000000000000e+03 1.066000000000000000e+03 1.067000000000000000e+03 1.068000000000000000e+03 1.070000000000000000e+03 1.071000000000000000e+03 1.072000000000000000e+03 1.072000000000000000e+03 1.074000000000000000e+03 1.075000000000000000e+03 1.076000000000000000e+03 1.076000000000000000e+03 1.078000000000000000e+03 1.080000000000000000e+03
7.940000000000000000e+02 7.950000000000000000e+02 7.970000000000000000e+02 7.980000000000000000e+02 8.000000000000000000e+02 8.010000000000000000e+02 8.030000000000000000e+02 8.040000000000000000e+02 8.060000000000000000e+02 8.070000000000000000e+02 8.080000000000000000e+02 8.090000000000000000e+02 8.110000000000000000e+02 8.790000000000000000e+02 8.800000000000000000e+02 8.810000000000000000e+02 8.820000000000000000e+02 8.840000000000000000e+02 8.860000000000000000e+02 8.870000000000000000e+02 8.880000000000000000e+02 8.890000000000000000e+02 1.065000000000000000e+03 1.066000000000000000e+03 1.067000000000000000e+03 1.067000000000000000e+03 1.069000000000000000e+03 1.070000000000000000e+03 1.071000000000000000e+03 1.072000000000000000e+03 1.074000000000000000e+03 1.074000000000000000e+03 1.075000000000000000e+03 1.076000000000000000e+03 1.077000000000000000e+03 1.078000000000000000e+03 1.080000000000000000e+03
7.940000000000000000e+02 7.950000000000000000e+02 7.970000000000000000e+02 7.980000000000000000e+02 8.000000000000000000e+02 8.010000000000000000e+02 8.030000000000000000e+02 8.040000000000000000e+02 8.060000000000000000e+02 8.070000000000000000e+02 8.080000000000000000e+02 8.100000000000000000e+02 8.110000000000000000e+02 8.800000000000000000e+02 8.800000000000000000e+02 8.810000000000000000e+02 8.830000000000000000e+02 8.840000000000000000e+02 8.860000000000000000e+02 8.870000000000000000e+02 8.880000000000000000e+02 8.900000000000000000e+02 8.910000000000000000e+02 1.066000000000000000e+03 1.067000000000000000e+03 1.069000000000000000e+03 1.069000000000000000e+03 1.070000000000000000e+03 1.071000000000000000e+03 1.073000000000000000e+03 1.074000000000000000e+03 1.074000000000000000e+03 1.075000000000000000e+03 1.077000000000000000e+03 1.077000000000000000e+03 1.078000000000000000e+03 1.080000000000000000e+03
7.940000000000000000e+02 7.950000000000000000e+02 7.970000000000000000e+02 7.980000000000000000e+02 8.000000000000000000e+02 8.010000000000000000e+02 8.030000000000000000e+02 8.040000000000000000e+02 8.060000000000000000e+02 8.070000000000000000e+02 8.080000000000000000e+02 8.100000000000000000e+02 8.110000000000000000e+02 8.800000000000000000e+02 8.800000000000000000e+02 8.820000000000000000e+02 8.830000000000000000e+02 8.850000000000000000e+02 8.860000000000000000e+02 8.870000000000000000e+02 8.880000000000000000e+02 8.900000000000000000e+02 8.910000000000000000e+02 8.920000000000000000e+02 1.068000000000000000e+03 1.069000000000000000e+03 1.070000000000000000e+03 1.070000000000000000e+03 1.072000000000000000e+03 1.073000000000000000e+03 1.074000000000000000e+03 1.074000000000000000e+03 1.076000000000000000e+03 1.077000000000000000e+03 1.078000000000000000e+03 1.078000000000000000e+03 1.081000000000000000e+03
7.940000000000000000e+02 7.950000000000000000e+02 7.970000000000000000e+02 7.990000000000000000e+02 8.000000000000000000e+02 8.020000000000000000e+02 8.030000000000000000e+02 8.040000000000000000e+02 8.060000000000000000e+02 8.070000000000000000e+02 8.080000000000000000e+02 8.100000000000000000e+02 8.110000000000000000e+02 8.800000000000000000e+02 8.810000000000000000e+02 8.820000000000000000e+02 8.840000000000000000e+02 8.850000000000000000e+02 8.860000000000000000e+02 8.870000000000000000e+02 8.890000000000000000e+02 8.900000000000000000e+02 8.910000000000000000e+02 8.920000000000000000e+02 1.068000000000000000e+03 1.069000000000000000e+03 1.070000000000000000e+03 1.071000000000000000e+03 1.072000000000000000e+03 1.073000000000000000e+03 1.074000000000000000e+03 1.076000000000000000e+03 1.076000000000000000e+03 1.077000000000000000e+03 1.078000000000000000e+03 1.079000000000000000e+03 1.081000000000000000e+03
7.940000000000000000e+02 7.960000000000000000e+02 7.970000000000000000e+02 7.990000000000000000e+02 8.000000000000000000e+02 8.020000000000000000e+02 8.030000000000000000e+02 8.050000000000000000e+02 8.060000000000000000e+02 8.070000000000000000e+02 8.090000000000000000e+02 8.100000000000000000e+02 8.110000000000000000e+02 8.800000000000000000e+02 8.820000000000000000e+02 8.840000000000000000e+02 8.840000000000000000e+02 8.850000000000000000e+02 8.860000000000000000e+02 8.880000000000000000e+02 8.890000000000000000e+02 8.900000000000000000e+02 8.910000000000000000e+02 8.930000000000000000e+02 8.940000000000000000e+02 1.069000000000000000e+03 1.070000000000000000e+03 1.072000000000000000e+03 1.072000000000000000e+03 1.073000000000000000e+03 1.075000000000000000e+03 1.076000000000000000e+03 1.076000000000000000e+03 1.077000000000000000e+03 1.079000000000000000e+03 1.079000000000000000e+03 1.081000000000000000e+03
7.940000000000000000e+02 7.960000000000000000e+02 7.970000000000000000e+02 7.990000000000000000e+02 8.000000000000000000e+02 8.020000000000000000e+02 8.030000000000000000e+02 8.050000000000000000e+02 8.060000000000000000e+02 8.070000000000000000e+02 8.090000000000000000e+02 8.100000000000000000e+02 8.790000000000000000e+02 8.800000000000000000e+02 8.830000000000000000e+02 8.840000000000000000e+02 8.840000000000000000e+02 8.850000000000000000e+02 8.870000000000000000e+02 8.880000000000000000e+02 8.890000000000000000e+02 8.900000000000000000e+02 8.920000000000000000e+02 8.930000000000000000e+02 8.940000000000000000e+02 1.069000000000000000e+03 1.071000000000000000e+03 1.072000000000000000e+03 1.072000000000000000e+03 1.073000000000000000e+03 1.075000000000000000e+03 1.076000000000000000e+03 1.076000000000000000e+03 1.077000000000000000e+03 1.079000000000000000e+03 1.079000000000000000e+03 1.081000000000000000e+03
7.940000000000000000e+02 7.960000000000000000e+02 7.970000000000000000e+02 7.990000000000000000e+02 8.000000000000000000e+02 8.020000000000000000e+02 8.030000000000000000e+02 8.050000000000000000e+02 8.060000000000000000e+02 8.070000000000000000e+02 8.090000000000000000e+02 8.100000000000000000e+02 8.790000000000000000e+02 8.820000000000000000e+02 8.830000000000000000e+02 8.840000000000000000e+02 8.850000000000000000e+02 8.860000000000000000e+02 8.870000000000000000e+02 8.880000000000000000e+02 8.890000000000000000e+02 8.910000000000000000e+02 8.920000000000000000e+02 8.930000000000000000e+02 8.940000000000000000e+02 8.960000000000000000e+02 1.071000000000000000e+03 1.072000000000000000e+03 1.073000000000000000e+03 1.074000000000000000e+03 1.075000000000000000e+03 1.076000000000000000e+03 1.077000000000000000e+03 1.078000000000000000e+03 1.079000000000000000e+03 1.080000000000000000e+03 1.081000000000000000e+03
7.940000000000000000e+02 7.960000000000000000e+02 7.970000000000000000e+02 7.990000000000000000e+02 8.000000000000000000e+02 8.020000000000000000e+02 8.030000000000000000e+02 8.050000000000000000e+02 8.060000000000000000e+02 8.080000000000000000e+02 8.090000000000000000e+02 8.100000000000000000e+02 8.790000000000000000e+02 8.820000000000000000e+02 8.830000000000000000e+02 8.840000000000000000e+02 8.860000000000000000e+02 8.870000000000000000e+02 8.870000000000000000e+02 8.880000000000000000e+02 8.900000000000000000e+02 8.910000000000000000e+02 8.920000000000000000e+02 8.930000000000000000e+02 8.950000000000000000e+02 8.960000000000000000e+02 8.970000000000000000e+02 1.072000000000000000e+03 1.074000000000000000e+03 1.074000000000000000e+03 1.075000000000000000e+03 1.076000000000000000e+03 1.078000000000000000e+03 1.078000000000000000e+03 1.079000000000000000e+03 1.080000000000000000e+03 1.081000000000000000e+03
7.940000000000000000e+02 7.960000000000000000e+02 7.980000000000000000e+02 7.990000000000000000e+02 8.010000000000000000e+02 8.020000000000000000e+02 8.030000000000000000e+02 8.050000000000000000e+02 8.060000000000000000e+02 8.080000000000000000e+02 8.090000000000000000e+02 8.100000000000000000e+02 8.800000000000000000e+02 8.820000000000000000e+02 8.830000000000000000e+02 8.840000000000000000e+02 8.860000000000000000e+02 8.870000000000000000e+02 8.870000000000000000e+02 8.890000000000000000e+02 8.900000000000000000e+02 8.910000000000000000e+02 8.920000000000000000e+02 8.940000000000000000e+02 8.950000000000000000e+02 8.960000000000000000e+02 8.970000000000000000e+02 1.073000000000000000e+03 1.074000000000000000e+03 1.074000000000000000e+03 1.075000000000000000e+03 1.077000000000000000e+03 1.078000000000000000e+03 1.078000000000000000e+03 1.079000000000000000e+03 1.081000000000000000e+03 1.081000000000000000e+03
7.940000000000000000e+02 7.960000000000000000e+02 7.980000000000000000e+02 7.990000000000000000e+02 8.010000000000000000e+02 8.020000000000000000e+02 8.040000000000000000e+02 8.050000000000000000e+02 8.060000000000000000e+02 8.080000000000000000e+02 8.090000000000000000e+02 8.110000000000000000e+02 8.810000000000000000e+02 8.820000000000000000e+02 8.830000000000000000e+02 8.850000000000000000e+02 8.860000000000000000e+02 8.870000000000000000e+02 8.880000000000000000e+02 8.890000000000000000e+02 8.910000000000000000e+02 8.920000000000000000e+02 8.930000000000000000e+02 8.940000000000000000e+02 8.950000000000000000e+02 8.960000000000000000e+02 8.980000000000000000e+02 8.990000000000000000e+02 1.074000000000000000e+03 1.075000000000000000e+03 1.076000000000000000e+03 1.077000000000000000e+03 1.078000000000000000e+03 1.078000000000000000e+03 1.080000000000000000e+03 1.081000000000000000e+03 1.081000000000000000e+03
7.940000000000000000e+02 7.960000000000000000e+02 7.980000000000000000e+02 7.990000000000000000e+02 8.010000000000000000e+02 8.020000000000000000e+02 8.040000000000000000e+02 8.050000000000000000e+02 8.060000000000000000e+02 8.080000000000000000e+02 8.100000000000000000e+02 8.110000000000000000e+02 8.810000000000000000e+02 8.820000000000000000e+02 8.840000000000000000e+02 8.850000000000000000e+02 8.860000000000000000e+02 8.870000000000000000e+02 8.900000000000000000e+02 8.900000000000000000e+02 8.910000000000000000e+02 8.920000000000000000e+02 8.940000000000000000e+02 8.940000000000000000e+02 8.950000000000000000e+02 8.970000000000000000e+02 8.980000000000000000e+02 8.990000000000000000e+02 1.074000000000000000e+03 1.076000000000000000e+03 1.076000000000000000e+03 1.077000000000000000e+03 1.078000000000000000e+03 1.080000000000000000e+03 1.080000000000000000e+03 1.081000000000000000e+03 1.081000000000000000e+03
7.950000000000000000e+02 7.960000000000000000e+02 7.980000000000000000e+02 7.990000000000000000e+02 8.010000000000000000e+02 8.020000000000000000e+02 8.040000000000000000e+02 8.050000000000000000e+02 8.070000000000000000e+02 8.080000000000000000e+02 8.100000000000000000e+02 8.110000000000000000e+02 8.810000000000000000e+02 8.830000000000000000e+02 8.840000000000000000e+02 8.850000000000000000e+02 8.860000000000000000e+02 8.890000000000000000e+02 8.900000000000000000e+02 8.910000000000000000e+02 8.910000000000000000e+02 8.930000000000000000e+02 8.940000000000000000e+02 8.950000000000000000e+02 8.950000000000000000e+02 8.970000000000000000e+02 8.980000000000000000e+02 8.990000000000000000e+02 9.010000000000000000e+02 1.076000000000000000e+03 1.076000000000000000e+03 1.077000000000000000e+03 1.079000000000000000e+03 1.080000000000000000e+03 1.080000000000000000e+03 1.081000000000000000e+03 1.083000000000000000e+03
7.950000000000000000e+02 7.960000000000000000e+02 7.980000000000000000e+02 7.990000000000000000e+02 8.010000000000000000e+02 8.020000000000000000e+02 8.040000000000000000e+02 8.050000000000000000e+02 8.070000000000000000e+02 8.090000000000000000e+02 8.100000000000000000e+02 8.800000000000000000e+02 8.810000000000000000e+02 8.830000000000000000e+02 8.840000000000000000e+02 8.850000000000000000e+02 8.870000000000000000e+02 8.890000000000000000e+02 8.900000000000000000e+02 8.910000000000000000e+02 8.920000000000000000e+02 8.930000000000000000e+02 8.940000000000000000e+02 8.950000000000000000e+02 8.970000000000000000e+02 8.970000000000000000e+02 8.980000000000000000e+02 8.990000000000000000e+02 9.010000000000000000e+02 9.020000000000000000e+02 1.077000000000000000e+03 1.078000000000000000e+03 1.079000000000000000e+03 1.080000000000000000e+03 1.080000000000000000e+03 1.082000000000000000e+03 1.083000000000000000e+03
