testData/tiles/oneDegreeCosts/grid35.0-0.0-36.0-1.0.asc
ncols   200
nrows   200
xllcorner   35.0
yllcorner   0.0
cellsize   0.005
NODATA_value   -9999.0
[rows 0 to 41 of 200, columns 0 to 93 of 200]
406 406 406 406 406 406 406 406 406 406 406 406 420 420 419 419 419 419 419 419 419 420 421 422 422 423 423 423 424 425 425 426 426 427 427 428 427 428 428 429 429 430 430 430 430 430 431 431 431 432 432 432 432 432 433 433 433 434 434 433 434 434 434 435 435 434 434 435 435 435 436 435 435 435 436 436 436 436 436 436 436 437 436 436 436 437 437 436 436 437 437 437 436 437
407 407 407 407 407 407 406 406 406 406 406 420 420 420 420 420 420 420 420 420 420 420 421 422 423 423 424 425 425 426 425 426 426 427 427 428 428 429 429 429 429 430 430 430 431 431 432 432 431 432 432 433 433 433 434 433 433 434 434 434 435 435 434 435 435 435 436 436 435 435 436 436 436 437 436 436 436 437 437 436 436 437 437 437 437 437 437 437 437 438 437 437 437 438
407 407 407 407 407 407 407 407 407 407 407 421 420 420 420 420 420 420 420 420 421 422 422 423 423 423 424 425 425 426 426 427 427 428 427 428 428 429 429 430 430 431 431 431 431 431 432 432 433 433 433 433 433 433 434 434 434 435 434 434 435 435 435 436 435 435 436 436 436 436 437 436 436 437 437 437 436 437 437 437 438 438 437 437 438 438 438 437 438 438 438 438 437 438
408 408 408 407 407 407 407 407 407 407 407 421 421 421 421 421 421 421 420 420 421 422 422 423 424 425 425 426 426 426 426 427 428 428 429 429 430 430 429 430 430 431 431 432 432 432 433 432 433 433 433 434 434 434 434 434 434 435 435 435 436 435 435 436 436 436 437 436 436 437 437 437 437 437 437 437 438 438 438 437 438 438 438 438 438 438 438 438 439 438 438 438 439 439
408 408 408 408 408 408 408 408 408 408 407 421 421 421 421 421 421 421 421 421 422 423 424 423 424 425 425 426 426 427 428 428 429 428 429 429 430 430 431 431 431 432 431 432 432 433 433 433 434 434 433 434 434 435 435 435 436 435 435 436 436 436 437 437 436 436 437 437 437 438 437 437 437 438 438 438 438 438 438 438 439 438 438 438 439 439 438 438 439 439 439 438 439 439
409 408 408 408 408 408 408 408 408 408 408 422 422 422 422 422 421 421 421 421 422 423 424 424 425 426 426 426 427 427 428 428 429 429 430 430 431 430 431 431 432 432 432 433 433 433 433 433 434 434 435 435 435 435 435 435 436 436 436 437 436 436 437 437 437 437 437 437 437 438 438 438 438 438 438 438 439 439 438 438 439 439 439 438 439 439 439 439 439 439 439 439 440 439
409 409 409 409 409 409 409 409 408 408 422 422 422 422 422 422 422 422 422 423 423 423 424 425 425 426 427 427 428 428 429 429 429 429 430 430 431 431 432 432 433 432 432 433 433 434 434 434 435 434 435 435 435 436 436 436 436 436 436 437 437 437 438 437 437 438 438 438 438 438 438 438 439 439 439 438 439 439 439 439 439 439 439 440 440 440 439 439 440 440 440 439 440 440
409 409 409 409 409 409 409 409 409 409 423 423 423 423 422 422 422 422 422 423 424 424 425 426 426 427 427 427 428 428 429 429 430 430 431 430 431 431 432 432 433 433 434 434 433 434 434 435 435 435 436 436 435 436 436 436 437 437 437 437 437 437 438 438 438 438 438 438 439 439 439 438 439 439 439 439 440 439 439 440 440 440 440 440 440 440 440 441 440 440 440 440 441 440
410 410 410 410 410 409 409 409 409 409 423 423 423 423 423 423 423 423 423 423 424 424 425 426 426 427 428 428 429 429 429 430 430 431 431 432 432 432 433 432 433 433 434 434 434 435 435 435 435 435 436 436 436 437 437 436 437 437 437 438 438 438 438 438 438 439 439 439 439 439 439 439 440 440 439 440 440 440 440 441 440 440 440 441 441 440 440 441 441 441 440 441 441 441
410 410 410 410 410 410 410 410 410 410 424 423 423 423 423 423 423 423 423 424 425 426 426 427 427 427 428 428 429 430 430 431 431 432 431 432 432 433 433 433 434 434 435 434 435 435 435 436 436 436 437 436 437 437 437 438 438 438 438 438 438 439 439 439 438 439 439 439 440 440 440 439 440 440 440 441 440 440 440 441 441 441 440 441 441 441 441 441 441 441 441 442 441 441
411 410 410 410 410 410 410 410 410 410 424 424 424 424 424 424 423 423 423 424 425 426 426 427 428 428 429 430 429 430 430 431 431 432 432 433 433 434 433 434 434 434 435 435 436 436 435 436 436 437 437 437 438 438 437 438 438 438 439 439 439 439 439 439 440 440 440 439 440 440 440 441 441 440 440 441 441 441 441 441 441 441 441 442 441 441 441 442 442 441 441 442 442 442
411 411 411 411 411 411 411 411 410 410 424 424 424 424 424 424 424 424 425 425 426 426 427 427 428 428 429 430 430 431 431 432 431 432 432 433 433 434 434 435 435 434 435 435 436 436 436 437 437 437 437 437 438 438 438 439 438 438 439 439 439 440 440 439 440 440 440 440 441 440 440 441 441 441 441 441 441 441 441 442 442 441 442 442 442 442 442 442 442 442 442 442 442 442
411 411 411 411 411 411 411 411 411 425 425 425 425 425 424 424 424 424 425 425 426 427 428 428 429 430 429 430 430 431 431 432 432 433 433 434 433 434 434 435 435 436 436 436 436 436 437 437 437 438 438 438 438 438 438 439 439 439 440 439 439 440 440 440 441 441 440 441 441 441 441 442 441 441 441 442 442 442 442 442 442 442 443 442 442 442 443 443 442 442 443 443 443 442
412 412 412 412 412 411 411 411 411 425 425 425 425 425 425 425 425 425 426 426 426 427 428 428 429 430 430 431 431 432 431 432 432 433 433 434 434 435 435 435 435 436 436 436 437 437 438 438 437 438 438 438 439 439 439 439 439 439 440 440 440 441 440 440 441 441 441 442 441 441 441 442 442 442 442 442 442 442 443 443 442 442 443 443 443 442 443 443 443 443 443 443 443 443
412 412 412 412 412 412 412 412 412 426 426 425 425 425 425 425 425 425 426 427 427 428 429 429 429 430 430 431 431 432 433 433 434 434 434 434 434 435 435 436 436 437 437 436 437 437 438 438 438 439 439 438 439 439 440 440 440 441 440 440 440 441 441 441 442 441 441 442 442 442 442 442 442 442 443 443 443 442 443 443 443 443 443 443 443 443 444 443 443 443 444 444 443 443
412 412 412 412 412 412 412 412 412 426 426 426 426 426 426 426 425 425 426 427 428 428 429 430 430 431 431 432 432 432 433 433 434 434 435 435 436 435 435 436 436 437 437 438 438 438 438 438 438 439 439 440 440 440 440 440 440 441 441 441 442 441 441 441 442 442 442 442 442 442 443 443 443 442 443 443 443 443 444 443 443 443 444 444 443 443 444 444 444 443 444 444 444 444
413 413 413 413 413 413 413 412 412 426 426 426 426 426 426 426 426 426 427 428 429 428 429 430 430 431 432 432 433 433 434 434 434 434 435 435 436 436 437 437 437 437 437 438 438 438 439 439 440 439 439 440 440 440 441 441 440 441 441 441 442 442 442 442 442 442 442 443 443 442 443 443 443 443 444 443 443 443 444 444 444 444 444 444 444 445 444 444 444 444 445 444 444 444
413 413 413 413 413 413 413 413 413 427 427 427 427 426 426 426 426 426 427 428 429 429 430 431 431 431 432 432 433 433 434 434 435 435 436 435 436 436 437 437 437 438 438 439 438 438 439 439 440 440 440 441 440 440 441 441 441 442 442 441 442 442 442 443 443 443 442 443 443 443 444 444 443 443 444 444 444 445 444 444 444 445 445 444 444 445 445 445 444 445 445 445 445 444
414 414 414 413 413 413 413 413 427 427 427 427 427 427 427 427 427 428 427 428 429 430 430 431 432 432 433 433 434 433 434 434 435 435 436 436 437 437 438 437 438 438 438 439 439 440 440 439 440 440 440 441 441 441 442 441 441 442 442 442 443 443 442 443 443 443 444 444 443 443 444 444 444 445 444 444 444 445 445 445 444 445 445 445 445 445 445 445 445 446 445 445 445 445
414 414 414 414 414 414 414 414 428 427 427 427 427 427 427 427 427 428 429 429 430 431 430 431 432 432 433 433 434 434 435 435 436 435 436 436 437 437 438 438 439 439 438 439 439 440 440 440 441 441 440 441 441 441 442 442 442 442 442 442 443 443 443 444 443 443 444 444 444 444 444 444 444 445 445 445 444 445 445 445 445 446 445 445 445 446 446 445 445 446 446 446 445 446
414 414 414 414 414 414 414 414 428 428 428 428 428 428 427 427 427 428 429 429 430 431 431 432 433 433 433 433 434 435 435 436 436 437 437 437 437 437 438 438 439 439 439 440 440 440 440 440 441 441 441 442 442 442 442 442 443 443 443 443 443 443 443 444 444 444 445 444 444 444 445 445 445 445 445 445 445 446 446 445 445 446 446 446 445 446 446 446 446 446 446 446 446 447
415 415 415 415 415 414 414 414 428 428 428 428 428 428 428 428 428 429 430 429 430 431 432 432 433 433 434 435 435 436 435 436 436 437 437 438 438 438 439 439 439 439 440 440 440 441 441 441 441 441 442 442 442 443 443 443 443 443 443 444 444 444 444 444 444 444 445 445 445 445 445 445 445 446 446 445 445 446 446 446 446 446 446 446 446 447 446 446 446 447 447 446 446 447
415 415 415 415 415 415 415 415 429 429 429 428 428 428 428 428 428 429 430 431 431 432 433 433 433 433 434 435 435 436 436 437 437 438 437 438 438 438 439 439 440 440 441 440 440 441 441 441 442 442 443 442 442 443 443 443 444 444 443 444 444 444 445 445 445 444 445 445 445 446 446 445 445 446 446 446 446 446 446 446 447 447 447 446 447 447 447 447 446 447 447 447 447 447
429 415 415 415 415 415 415 415 429 429 429 429 429 429 429 429 428 429 430 431 431 432 433 433 434 435 435 436 435 436 436 437 437 438 438 439 439 439 439 439 440 440 441 441 441 442 441 442 442 442 443 443 443 444 443 443 444 444 444 445 445 444 445 445 445 445 446 445 445 446 446 446 446 446 446 446 447 447 447 446 447 447 447 447 448 447 447 447 448 448 447 447 447 448
430 430 430 430 430 430 429 429 443 443 443 443 443 443 443 429 429 430 431 432 431 432 433 433 434 435 435 436 436 437 437 437 437 438 438 439 439 440 440 440 441 440 441 441 441 442 442 443 443 442 443 443 443 444 444 444 444 444 444 445 445 445 446 445 445 446 446 446 446 447 446 446 446 447 447 447 447 447 447 447 448 447 447 447 448 448 448 447 448 448 448 448 447 448
430 430 430 430 430 430 430 430 444 444 444 444 443 443 443 443 444 444 445 446 447 433 434 434 434 435 435 436 436 437 437 438 438 439 439 439 439 440 440 441 441 441 442 442 442 442 442 443 443 443 444 444 443 444 444 444 445 445 445 445 445 445 446 446 446 447 446 446 446 447 447 447 447 447 447 447 448 448 447 447 448 448 448 447 448 448 448 448 449 448 448 448 449 449
431 430 430 430 430 430 430 444 444 444 444 444 444 444 444 444 444 444 445 446 447 447 448 449 449 450 436 437 436 437 437 438 438 439 439 440 440 441 440 441 441 441 442 442 443 443 443 443 443 443 444 444 444 445 444 444 445 445 445 446 446 445 446 446 446 447 447 447 446 447 447 447 448 448 447 447 448 448 448 448 448 448 448 448 449 448 448 448 449 449 448 448 449 449
431 431 431 431 431 431 431 444 444 444 444 444 444 444 444 444 445 446 446 447 448 447 448 449 449 450 450 451 451 452 438 439 438 439 439 440 440 441 441 442 442 441 442 442 443 443 443 444 444 443 444 444 445 445 445 446 446 445 445 446 446 446 447 447 446 447 447 447 447 448 447 447 448 448 448 448 448 448 448 448 449 449 448 448 449 449 449 448 449 449 449 449 449 449
431 431 431 431 431 431 431 445 445 445 445 445 444 444 444 444 445 446 446 447 448 448 449 450 450 450 450 451 452 452 453 453 454 440 440 440 440 441 441 442 442 442 443 443 443 443 443 444 444 445 445 445 445 445 445 446 446 446 447 446 446 446 447 447 447 448 447 447 448 448 448 448 448 448 448 448 449 449 448 448 449 449 449 449 449 449 449 449 450 449 449 449 450 450
432 431 431 431 431 431 431 445 445 445 445 445 445 445 445 445 446 446 446 447 448 449 449 450 450 451 452 452 453 452 453 453 454 454 455 455 455 442 441 442 442 443 443 443 444 444 444 444 444 445 445 445 446 446 446 446 446 446 447 447 447 448 447 447 447 448 448 448 448 448 448 448 449 449 448 448 449 449 449 450 449 449 449 450 450 450 449 449 450 450 450 449 450 450
432 432 432 432 432 432 432 445 445 445 445 445 445 445 445 445 446 447 448 448 449 449 449 450 450 451 452 452 453 453 454 454 454 454 455 455 455 456 456 443 443 443 443 443 444 444 444 445 445 446 445 445 446 446 446 447 447 446 447 447 447 448 448 448 447 448 448 448 449 449 448 448 449 449 449 450 449 449 449 450 450 450 449 450 450 450 450 451 450 450 450 450 451 450
432 432 432 432 432 432 432 446 446 446 446 446 445 445 445 445 446 447 448 448 449 450 450 451 451 451 452 452 453 453 454 454 455 455 456 455 456 456 456 457 457 458 444 444 444 444 445 445 445 446 446 446 446 446 446 447 447 447 448 448 447 448 448 448 448 449 448 448 449 449 449 449 450 449 449 450 450 450 449 450 450 450 450 451 450 450 450 451 451 450 450 450 451 451
433 433 432 432 432 432 432 446 446 446 446 446 446 446 446 446 447 447 448 448 449 450 450 451 452 452 453 453 454 453 454 454 455 455 456 456 457 457 457 457 457 458 458 458 445 445 446 445 445 446 446 446 447 447 447 447 447 447 448 448 448 449 448 448 449 449 449 449 449 449 449 449 450 450 450 450 450 450 450 451 450 450 450 451 451 451 450 451 451 451 451 450 451 451
433 433 433 433 433 433 433 446 446 446 446 446 446 446 446 446 447 448 449 449 450 450 450 451 452 452 453 453 454 454 455 455 455 455 456 456 457 457 457 458 458 459 458 458 459 459 460 446 446 447 446 446 447 447 447 448 448 447 448 448 448 449 449 449 449 449 449 449 450 450 450 450 450 450 450 451 451 450 450 451 451 451 450 451 451 451 451 452 451 451 451 452 452 451
433 433 433 433 433 433 433 447 447 447 447 447 446 446 446 446 447 448 449 450 450 451 451 452 453 452 453 453 454 454 455 455 456 456 457 456 457 457 458 458 458 459 459 460 459 459 460 460 460 447 447 447 447 447 447 448 448 448 449 449 448 449 449 449 450 450 449 449 450 450 450 451 451 450 450 451 451 451 451 451 451 451 451 452 451 451 451 452 452 451 451 452 452 452
434 433 433 433 433 433 433 447 447 447 447 447 447 447 447 448 448 448 449 450 450 451 452 452 453 453 454 454 455 454 455 455 456 456 457 457 458 458 458 458 458 459 459 460 460 460 461 460 460 461 461 447 448 448 448 448 448 448 449 449 449 450 449 449 450 450 450 450 451 450 450 451 451 451 451 451 451 451 451 452 451 451 451 452 452 452 451 452 452 452 452 452 452 452
434 434 434 434 434 434 448 447 447 447 447 447 447 447 447 448 448 449 450 451 451 451 452 452 453 453 454 454 455 455 456 456 456 456 457 457 458 458 459 459 459 459 459 460 460 460 461 461 461 462 461 461 462 448 449 449 449 448 449 449 449 450 450 450 450 450 450 450 451 451 451 451 451 451 451 452 452 451 451 452 452 452 451 452 452 452 452 453 452 452 452 453 453 452
434 434 434 434 434 434 448 448 448 448 448 448 447 447 447 448 449 449 450 451 451 452 453 453 454 453 454 454 455 455 456 456 457 457 458 457 458 458 459 459 459 460 460 461 460 460 461 461 461 462 462 463 462 462 449 449 449 450 450 450 449 450 450 450 451 451 450 451 451 451 451 452 452 451 451 452 452 452 452 452 452 452 452 453 452 452 452 453 453 452 452 453 453 453
434 434 434 434 434 434 448 448 448 448 448 448 448 448 448 449 449 449 450 451 451 452 453 453 454 454 455 456 455 456 456 457 457 457 458 458 459 459 459 459 459 460 460 461 461 461 462 461 462 462 462 463 463 463 464 463 449 450 450 450 450 451 450 450 451 451 451 452 451 451 451 452 452 452 452 452 452 452 453 453 452 452 453 453 453 453 452 453 453 453 453 453 453 453
435 435 435 435 435 435 448 448 448 448 448 448 448 448 448 449 450 450 451 452 451 452 453 453 454 454 455 456 456 457 457 457 457 457 458 458 459 459 460 460 461 460 460 461 461 461 462 462 463 462 462 463 463 463 464 464 464 464 450 450 451 451 451 451 451 451 451 452 452 452 451 452 452 452 452 453 452 452 453 453 453 453 453 453 453 453 454 454 453 453 453 454 454 453
435 435 435 435 435 435 449 449 449 449 449 448 448 448 448 449 450 450 451 452 453 453 454 454 454 455 455 456 456 457 457 458 458 459 459 458 459 459 460 460 461 461 461 462 461 461 462 462 463 463 463 464 463 463 464 464 464 465 465 464 451 451 451 451 452 452 451 452 452 452 452 453 452 452 453 453 453 453 453 453 453 453 454 454 453 453 454 454 454 453 453 454 454 454
435 435 435 435 435 435 449 449 449 449 449 449 449 449 449 449 450 450 451 452 453 453 454 454 455 456 456 456 456 457 457 458 458 459 459 459 460 459 460 460 461 461 461 462 462 462 462 462 463 463 463 464 464 464 464 464 464 465 465 465 466 451 451 451 452 452 452 453 452 452 452 453 453 453 453 453 453 453 454 454 453 453 454 454 454 454 454 454 454 454 454 454 454 454
