testData/tiles/oneDegreeCosts/grid28.0-49.0-29.0-50.0.asc
ncols   200
nrows   200
xllcorner   28.0
yllcorner   49.0
cellsize   0.005
NODATA_value   -9999.0
[rows 0 to 41 of 200, columns 0 to 93 of 200]
227 227 227 227 227 227 227 228 228 228 228 228 228 228 228 228 229 229 229 229 229 229 226 226 226 226 226 226 226 226 226 226 226 226 226 226 226 226 226 226 226 226 226 226 226 226 226 226 226 226 226 226 226 226 226 226 226 226 226 226 226 226 226 226 226 226 226 226 226 226 226 226 226 225 225 225 225 225 225 225 225 225 225 225 225 224 224 224 224 224 224 224 224 224
227 227 227 227 228 228 228 228 228 228 228 228 229 229 229 229 229 229 229 229 229 229 229 230 226 226 226 226 226 226 226 226 226 226 226 226 226 226 226 226 226 226 226 226 226 227 227 227 227 227 227 227 227 227 227 227 226 226 226 226 226 226 226 226 226 226 226 226 226 226 226 226 226 226 226 226 226 226 225 225 225 225 225 225 225 225 225 225 225 224 224 224 224 224
227 227 228 228 228 228 228 228 228 229 229 229 229 229 229 229 229 229 229 230 230 230 230 230 230 230 226 226 226 226 226 226 226 226 227 227 227 227 227 227 227 227 227 227 227 227 227 227 227 227 227 227 227 227 227 227 227 227 227 227 227 227 227 227 227 227 227 226 226 226 226 226 226 226 226 226 226 226 226 226 226 226 225 225 225 225 225 225 225 225 225 225 224 224
228 228 228 228 228 228 228 229 229 229 229 229 229 229 229 229 230 230 230 230 230 230 230 230 230 230 230 226 227 227 227 227 227 227 227 227 227 227 227 227 227 227 227 227 227 227 227 227 227 227 227 227 227 227 227 227 227 227 227 227 227 227 227 227 227 227 227 227 227 227 227 227 227 226 226 226 226 226 226 226 226 226 226 226 226 225 225 225 225 225 225 225 225 225
228 228 228 228 229 229 229 229 229 229 229 229 229 230 230 230 230 230 230 230 230 230 230 231 231 231 231 231 231 227 227 227 227 227 227 227 227 227 227 227 227 227 227 227 227 227 227 228 228 228 228 228 228 228 227 227 227 227 227 227 227 227 227 227 227 227 227 227 227 227 227 227 227 227 227 227 227 227 226 226 226 226 226 226 226 226 226 226 225 225 225 225 225 225
228 228 229 229 229 229 229 229 229 229 230 230 230 230 230 230 230 230 230 230 231 231 231 231 231 231 231 231 231 231 227 227 227 227 227 228 228 228 228 228 228 228 228 228 228 228 228 228 228 228 228 228 228 228 228 228 228 228 228 228 228 228 228 228 228 228 227 227 227 227 227 227 227 227 227 227 227 227 227 227 227 226 226 226 226 226 226 226 226 226 226 225 225 225
230 229 229 229 229 229 229 230 230 230 230 230 230 230 230 230 231 231 231 231 231 231 231 231 231 231 231 231 231 232 232 232 228 228 228 228 228 228 228 228 228 228 228 228 228 228 228 228 228 228 228 228 228 228 228 228 228 228 228 228 228 228 228 228 228 228 228 228 228 228 228 228 227 227 227 227 227 227 227 227 227 227 227 227 227 226 226 226 226 226 226 226 226 226
230 230 230 229 230 230 230 230 230 230 230 230 230 231 231 231 231 231 231 231 231 231 231 231 232 232 232 232 232 232 232 232 232 232 228 228 228 228 228 228 228 228 228 228 228 228 228 228 228 228 228 228 228 228 228 228 228 228 228 228 228 228 228 228 228 228 228 228 228 228 228 228 228 228 228 228 228 227 227 227 227 227 227 227 227 227 227 227 226 226 226 226 226 226
230 230 231 231 231 230 230 230 230 230 231 231 231 231 231 231 231 231 231 231 232 232 232 232 232 232 232 232 232 232 232 232 232 232 232 228 229 229 229 229 229 229 229 229 229 229 229 229 229 229 229 229 229 229 229 229 229 229 229 229 229 229 229 229 229 228 228 228 228 228 228 228 228 228 228 228 228 228 228 228 228 227 227 227 227 227 227 227 227 227 227 226 226 226
231 231 231 231 231 231 231 231 231 231 231 231 231 231 231 231 231 232 232 232 232 232 232 232 232 232 232 232 232 232 233 233 233 233 233 233 233 229 229 229 229 229 229 229 229 229 229 229 229 229 229 229 229 229 229 229 229 229 229 229 229 229 229 229 229 229 229 229 229 229 229 228 228 228 228 228 228 228 228 228 228 228 228 228 227 227 227 227 227 227 227 227 227 227
232 232 231 231 231 232 232 232 231 231 231 231 231 231 232 232 232 232 232 232 232 232 232 232 232 233 233 233 233 233 233 233 233 233 233 233 233 233 229 229 229 229 229 229 229 229 229 229 229 229 229 229 229 229 229 229 229 229 229 229 229 229 229 229 229 229 229 229 229 229 229 229 229 229 229 229 228 228 228 228 228 228 228 228 228 228 228 227 227 227 227 227 227 227
232 232 232 233 232 232 232 232 232 232 231 232 232 232 232 232 232 232 232 232 232 233 233 233 233 233 233 233 233 233 233 233 233 233 233 233 233 233 233 234 230 230 230 230 230 230 230 230 230 230 230 230 230 230 230 230 230 230 230 230 230 230 229 229 229 229 229 229 229 229 229 229 229 229 229 229 229 229 229 229 228 228 228 228 228 228 228 228 228 228 227 227 227 227
233 233 233 233 233 232 232 232 233 233 233 233 232 232 232 232 232 232 233 233 233 233 233 233 233 233 233 233 233 233 233 233 234 234 234 234 234 234 234 234 234 230 230 230 230 230 230 230 230 230 230 230 230 230 230 230 230 230 230 230 230 230 230 230 230 230 230 230 230 229 229 229 229 229 229 229 229 229 229 229 229 229 229 228 228 228 228 228 228 228 228 228 228 227
234 233 233 233 233 233 234 233 233 233 233 233 233 232 232 233 233 233 233 233 233 233 233 233 233 233 233 234 234 234 234 234 234 234 234 234 234 234 234 234 234 234 234 230 230 230 230 230 230 230 230 230 230 230 230 230 230 230 230 230 230 230 230 230 230 230 230 230 230 230 230 230 230 230 229 229 229 229 229 229 229 229 229 229 229 229 228 228 228 228 228 228 228 228
234 234 234 234 234 234 234 234 234 233 233 233 234 234 234 233 233 233 233 233 233 233 234 234 234 234 234 234 234 234 234 234 234 234 234 234 234 234 234 234 234 234 234 235 231 231 231 231 231 231 231 231 231 231 231 231 231 231 230 230 230 230 230 230 230 230 230 230 230 230 230 230 230 230 230 230 230 230 230 229 229 229 229 229 229 229 229 229 229 228 228 228 228 228
234 235 235 235 234 234 234 234 234 235 235 234 234 234 234 234 234 233 233 234 234 234 234 234 234 234 234 234 234 234 234 234 234 234 235 235 235 235 235 235 235 235 235 235 235 235 231 231 231 231 231 231 231 231 231 231 231 231 231 231 231 231 231 231 231 231 231 230 230 230 230 230 230 230 230 230 230 230 230 230 230 230 229 229 229 229 229 229 229 229 229 229 228 228
235 235 235 235 235 235 234 235 235 235 235 235 234 234 234 234 235 235 234 234 234 234 234 234 234 234 234 234 235 235 235 235 235 235 235 235 235 235 235 235 235 235 235 235 235 235 235 231 231 231 231 231 231 231 231 231 231 231 231 231 231 231 231 231 231 231 231 231 231 231 231 231 231 230 230 230 230 230 230 230 230 230 230 230 230 229 229 229 229 229 229 229 229 229
236 236 235 235 236 236 236 236 235 235 235 235 235 236 235 235 235 235 235 235 234 234 234 234 235 235 235 235 235 235 235 235 235 235 235 235 235 235 235 235 235 235 235 235 235 235 235 235 231 231 231 231 231 231 231 231 231 231 231 231 231 231 231 231 231 231 231 231 231 231 231 231 231 231 231 231 231 230 230 230 230 230 230 230 230 230 230 230 229 229 229 229 229 229
236 236 237 236 236 236 236 236 236 236 236 236 236 236 236 236 235 235 235 235 235 236 235 235 235 235 235 235 235 235 235 235 235 235 235 235 235 236 236 236 236 236 236 236 236 236 236 236 236 236 232 232 232 232 232 232 232 232 232 232 232 232 232 232 231 231 231 231 231 231 231 231 231 231 231 231 231 231 231 231 230 230 230 230 230 230 230 230 230 230 230 229 229 229
237 237 237 237 237 236 236 236 237 237 237 236 236 236 236 236 236 236 236 236 236 236 236 235 235 235 235 235 235 235 235 236 236 236 236 236 236 236 236 236 236 236 236 236 236 236 236 236 236 236 236 232 232 232 232 232 232 232 232 232 232 232 232 232 232 232 232 232 232 232 231 231 231 231 231 231 231 231 231 231 231 231 231 231 230 230 230 230 230 230 230 230 230 229
237 237 237 237 237 238 238 237 237 237 237 237 237 236 237 237 237 237 237 236 236 236 236 236 236 235 236 236 236 236 236 236 236 236 236 236 236 236 236 236 236 236 236 236 236 236 236 236 236 236 236 236 236 232 232 232 232 232 232 232 232 232 232 232 232 232 232 232 232 232 232 232 232 232 232 231 231 231 231 231 231 231 231 231 231 231 231 230 230 230 230 230 230 230
238 238 237 238 238 238 238 238 237 237 237 237 238 238 237 237 237 237 237 237 236 236 236 237 237 237 236 236 236 236 236 236 236 236 236 236 236 236 236 236 236 236 236 237 237 237 237 237 237 237 237 237 237 237 233 233 233 233 232 232 232 232 232 232 232 232 232 232 232 232 232 232 232 232 232 232 232 232 231 231 231 231 231 231 231 231 231 231 231 230 230 230 230 230
238 239 239 239 238 238 238 238 238 239 238 238 238 238 238 238 237 237 237 238 238 238 237 237 237 237 237 237 236 236 236 236 236 236 236 237 237 237 237 237 237 237 237 237 237 237 237 237 237 237 237 237 237 237 237 233 233 233 233 233 233 233 233 233 233 233 232 232 232 232 232 232 232 232 232 232 232 232 232 232 232 232 231 231 231 231 231 231 231 231 231 231 230 230
239 239 239 239 239 239 238 239 239 239 239 239 238 238 238 238 239 239 238 238 238 238 238 238 237 237 237 237 237 237 237 237 237 237 237 237 237 237 237 237 237 237 237 237 237 237 237 237 237 237 237 237 237 237 237 237 237 233 233 233 233 233 233 233 233 233 233 233 233 233 233 233 232 232 232 232 232 232 232 232 232 232 232 232 232 231 231 231 231 231 231 231 231 231
240 239 239 239 239 240 240 239 239 239 239 239 239 239 239 239 239 239 239 238 238 238 238 238 238 238 238 238 238 238 238 237 237 237 237 237 237 237 237 237 237 237 237 237 237 237 237 237 237 237 237 237 237 237 237 237 237 237 233 233 233 233 233 233 233 233 233 233 233 233 233 233 233 233 233 233 232 232 232 232 232 232 232 232 232 232 232 232 231 231 231 231 231 231
240 240 240 240 240 240 240 240 240 239 239 240 240 240 240 239 239 239 239 239 239 239 239 239 239 239 239 238 238 238 238 238 237 237 237 237 237 237 237 237 238 238 238 238 238 238 238 238 238 238 238 238 238 238 238 238 238 238 238 234 234 233 233 233 233 233 233 233 233 233 233 233 233 233 233 233 233 233 233 233 232 232 232 232 232 232 232 232 232 232 231 231 231 231
240 241 241 241 240 240 240 240 241 241 241 240 240 240 240 240 240 239 240 240 240 240 239 239 239 239 239 239 238 238 238 238 238 239 238 238 238 238 238 238 238 238 238 238 238 238 238 238 238 238 238 238 238 238 238 238 238 238 238 238 238 234 234 234 234 234 234 234 233 233 233 233 233 233 233 233 233 233 233 233 233 233 233 232 232 232 232 232 232 232 232 232 232 231
241 241 241 241 241 241 241 241 241 241 241 241 240 240 240 241 241 241 240 240 240 240 240 240 239 239 239 239 240 240 239 239 239 239 239 238 238 238 238 238 238 238 238 238 238 238 238 238 238 238 238 238 238 238 238 238 238 238 238 238 238 238 234 234 234 234 234 234 234 234 234 234 234 233 233 233 233 233 233 233 233 233 233 233 233 233 232 232 232 232 232 232 232 232
242 242 241 241 242 242 242 242 241 241 241 241 241 242 241 241 241 241 241 241 240 240 240 240 241 240 240 240 240 240 240 239 239 239 239 239 239 238 238 238 238 238 238 238 238 238 238 238 238 238 238 238 238 238 238 238 238 238 238 238 238 238 238 234 234 234 234 234 234 234 234 234 234 234 234 234 234 233 233 233 233 233 233 233 233 233 233 233 232 232 232 232 232 232
242 242 243 242 242 242 242 242 242 241 242 242 242 242 242 241 241 241 241 241 241 241 241 241 241 241 241 240 240 240 240 240 240 239 239 239 239 239 238 239 239 239 239 239 239 239 239 239 239 239 239 239 239 239 239 239 239 239 239 239 239 239 238 238 238 234 234 234 234 234 234 234 234 234 234 234 234 234 234 234 233 233 233 233 233 233 233 233 233 233 233 232 232 232
243 243 243 243 243 242 242 242 243 243 243 242 242 242 242 242 242 241 242 242 242 242 242 241 241 241 241 241 240 240 240 240 241 241 240 240 240 240 240 240 239 239 239 239 239 239 239 239 239 239 239 239 239 239 239 239 239 239 239 239 239 239 239 239 239 239 235 235 235 234 234 234 234 234 234 234 234 234 234 234 234 234 234 233 233 233 233 233 233 233 233 233 233 232
244 243 243 243 243 243 244 243 243 243 243 243 243 242 242 243 243 243 243 242 242 242 242 242 241 241 241 241 242 242 241 241 241 241 241 241 240 240 240 240 240 239 239 239 239 239 239 239 239 239 239 239 239 239 239 239 239 239 239 239 239 239 239 239 239 239 239 235 235 235 235 235 235 234 234 234 234 234 234 234 234 234 234 234 234 234 233 233 233 233 233 233 233 233
244 244 243 243 244 244 244 244 243 243 243 243 243 244 243 243 243 243 243 243 242 242 242 242 243 243 242 242 242 242 242 241 241 241 241 241 241 240 240 240 240 240 239 239 239 239 239 239 239 239 239 239 239 239 239 239 239 239 239 239 239 239 239 239 239 239 239 239 239 235 235 235 235 235 235 235 235 234 234 234 234 234 234 234 234 234 234 234 233 233 233 233 233 233
244 244 245 245 244 244 244 244 244 244 244 244 244 244 244 244 243 243 243 243 243 244 243 243 243 243 243 242 242 242 242 242 242 241 241 241 241 241 240 241 241 241 241 241 240 240 240 240 240 240 240 240 240 240 240 240 240 240 240 240 240 240 239 239 239 239 239 239 239 239 235 235 235 235 235 235 235 235 235 235 234 234 234 234 234 234 234 234 234 234 234 233 275 275
245 245 245 245 245 245 244 244 245 245 245 245 244 244 244 244 244 243 244 244 244 244 244 243 243 243 243 243 243 242 242 242 242 243 242 242 242 242 242 242 241 241 241 241 241 240 240 240 240 240 240 240 240 240 240 240 240 240 240 240 240 240 240 240 240 240 240 240 239 239 239 235 235 235 235 235 235 235 235 235 235 235 235 234 234 234 234 276 276 276 276 276 276 275
246 245 245 245 245 245 246 245 245 245 245 245 245 244 244 245 245 245 245 244 244 244 244 244 244 243 243 243 244 244 243 243 243 243 243 243 242 242 242 242 242 241 241 241 241 241 241 240 240 240 240 240 240 240 240 240 240 240 240 240 240 240 240 240 240 240 240 240 240 240 240 240 236 235 235 235 235 235 235 235 235 235 235 277 277 277 276 276 276 276 276 276 276 276
246 246 246 245 246 246 246 246 246 245 245 245 245 246 246 245 245 245 245 245 244 244 244 244 244 245 244 244 244 244 244 244 243 243 243 243 243 242 242 242 242 242 242 241 241 241 241 241 240 240 240 240 240 240 240 240 240 240 240 240 240 240 240 240 240 240 240 240 240 240 240 240 240 240 236 236 235 235 277 277 277 277 277 277 277 277 277 277 276 276 276 276 276 276
246 246 247 247 246 246 246 246 246 246 245 246 246 246 246 246 245 245 245 245 245 246 245 245 245 245 245 245 244 244 244 244 244 243 243 243 243 243 243 242 243 243 243 243 242 242 242 242 242 241 241 241 241 241 241 241 241 241 241 241 241 240 240 240 240 240 240 240 240 240 240 240 240 240 282 278 278 278 278 278 277 277 277 277 277 277 277 277 277 277 276 276 276 276
246 247 247 247 247 247 246 246 246 247 247 247 246 246 246 246 246 246 245 246 246 246 246 245 245 245 245 245 245 244 244 244 244 244 245 244 244 244 244 244 243 243 243 243 243 242 242 242 242 242 242 241 241 241 241 241 241 241 241 241 241 241 241 241 241 241 241 240 240 240 282 282 282 282 282 282 278 278 278 278 278 278 277 277 277 277 277 277 277 277 277 277 276 276
248 248 247 247 247 247 247 248 247 247 247 247 247 247 246 246 247 247 247 246 246 246 246 246 246 245 245 245 245 246 245 245 245 245 245 245 244 244 244 244 244 243 243 243 243 243 243 242 242 242 242 242 241 241 241 241 241 241 241 241 241 241 241 241 241 241 283 283 283 283 283 283 282 282 282 282 282 278 278 278 278 278 278 278 278 277 277 277 277 277 277 277 277 277
248 248 248 247 247 248 248 248 248 247 247 247 247 247 248 247 247 247 247 247 247 246 246 246 246 246 246 246 246 246 246 246 245 245 245 245 245 244 244 244 244 244 244 243 243 243 243 243 242 242 242 242 242 241 241 241 241 241 241 241 241 241 241 283 283 283 283 283 283 283 283 283 283 283 283 282 282 282 282 278 278 278 278 278 278 278 278 277 277 277 277 277 277 277
248 248 248 249 249 248 248 248 248 248 248 248 248 248 248 248 248 247 247 247 247 247 247 247 247 247 247 247 246 246 246 246 246 245 245 245 245 245 245 244 244 244 244 244 244 244 244 244 244 243 243 243 243 243 243 242 242 241 241 283 283 283 283 283 283 283 283 283 283 283 283 283 283 283 283 283 283 283 283 282 278 278 278 278 278 278 278 278 278 278 277 277 277 277
