testData/tiles/oneDegreeCosts/grid41.0-48.0-42.0-49.0.asc
ncols   200
nrows   200
xllcorner   41.0
yllcorner   48.0
cellsize   0.005
NODATA_value   -9999.0
[rows 84 to 125 of 200, columns 94 to 187 of 200]
386 386 386 387 388 389 390 390 391 392 392 392 393 394 393 394 395 396 396 397 397 397 397 398 398 398 398 399 400 399 400 401 401 402 402 402 402 403 402 403 403 403 403 405 405 405 405 405 405 406 406 407 407 408 408 409 410 411 411 412 412 412 413 413 414 414 414 415 416 417 417 417 418 418 419 419 419 420 420 420 421 422 423 423 423 424 424 424 425 425 425 426 426 427
383 384 384 384 385 386 387 388 388 389 389 390 391 391 391 392 392 392 394 394 394 394 395 395 396 395 396 397 396 397 398 398 399 399 400 399 400 401 400 401 401 401 401 403 402 403 403 403 403 404 404 405 405 406 406 407 408 409 409 410 410 410 411 411 412 412 413 413 414 415 415 416 416 416 417 417 417 418 418 419 419 420 421 421 421 422 422 422 423 423 423 424 424 425
380 380 381 381 382 382 384 385 386 386 386 387 388 388 388 389 390 390 391 391 392 391 392 393 392 393 394 394 394 395 395 396 396 397 397 397 398 397 398 398 398 399 399 401 400 401 401 401 401 402 402 403 403 404 404 405 406 407 407 408 408 408 409 409 410 410 411 411 412 413 413 414 414 414 415 415 416 416 416 417 417 418 419 419 419 420 420 421 421 421 422 422 422 423
376 377 378 379 378 379 381 382 383 383 384 384 384 385 386 386 386 387 389 388 388 389 390 390 390 391 391 391 392 392 392 393 394 395 394 395 395 395 396 396 396 396 397 397 398 399 398 399 399 400 400 401 401 402 402 403 404 405 405 405 406 406 407 407 408 408 409 409 410 411 411 412 412 412 413 413 414 414 414 415 415 416 417 417 418 418 418 419 419 419 420 420 420 422
372 373 374 375 375 376 378 379 379 380 381 381 381 382 383 384 383 384 386 385 385 386 387 387 387 388 388 388 389 390 389 391 392 391 392 392 392 393 393 393 393 394 395 395 396 396 396 396 397 397 398 398 399 399 400 400 402 402 403 403 404 404 405 405 406 406 406 407 408 409 409 410 410 410 411 411 412 412 412 413 413 415 415 415 416 416 416 417 417 417 418 418 418 420
369 370 371 371 372 373 375 375 376 377 378 377 378 379 380 380 381 381 383 382 383 383 383 384 385 385 385 386 386 386 387 388 389 389 389 390 390 390 391 390 391 392 391 393 393 393 393 394 395 395 396 396 397 397 398 398 400 400 401 401 402 402 403 403 403 404 404 405 406 407 407 407 408 408 409 409 410 410 410 411 411 412 413 413 414 414 414 415 415 415 416 416 416 418
366 367 368 368 369 370 372 372 373 374 374 374 375 376 376 377 378 378 379 379 380 381 380 381 382 382 382 383 384 383 384 386 385 386 387 386 387 388 387 388 389 389 389 390 391 390 391 392 392 393 393 394 394 395 395 396 397 398 398 399 399 400 400 401 401 402 402 403 404 404 405 405 406 406 407 407 407 408 408 409 409 410 411 411 412 412 412 413 413 413 414 414 414 416
366 366 365 365 365 366 367 368 369 370 370 371 372 373 373 374 375 375 375 376 377 377 377 378 379 379 380 380 380 381 381 382 383 383 384 384 384 385 385 385 386 386 386 388 387 388 389 389 390 390 391 391 392 392 393 394 395 396 396 397 397 398 398 399 399 399 400 400 402 402 403 403 404 404 404 405 405 406 406 407 408 408 409 409 409 410 410 411 411 411 412 412 412 414
366 365 365 365 365 364 365 365 366 366 367 368 369 369 369 370 371 371 372 373 374 374 374 375 375 376 377 377 377 378 379 379 380 381 380 381 382 381 382 383 382 383 384 384 385 385 386 387 387 388 388 389 389 390 391 391 393 393 394 394 395 395 396 396 397 397 398 398 400 400 400 401 401 402 402 403 403 403 404 404 406 406 407 407 407 408 408 408 409 409 410 410 410 412
366 365 365 365 365 364 365 365 365 364 364 364 365 365 366 367 367 368 369 370 370 370 371 372 372 373 374 373 374 375 375 376 377 378 378 378 379 379 379 380 380 380 381 382 382 383 383 384 385 385 386 386 387 388 388 389 390 391 391 392 392 393 393 394 394 395 395 396 397 398 398 399 399 400 400 400 401 401 402 402 403 404 404 405 405 406 406 406 407 407 407 408 408 409
365 365 365 365 364 364 365 365 364 364 364 364 363 363 363 363 363 364 365 365 366 367 368 368 369 370 369 370 371 372 372 373 374 374 375 375 375 376 376 376 377 377 377 379 379 380 381 381 382 383 383 384 384 385 385 386 388 388 389 389 390 390 391 391 392 392 393 393 395 395 396 396 397 397 398 398 398 399 399 400 401 402 402 402 403 403 404 404 404 405 405 406 406 407
365 365 365 364 364 364 365 364 364 364 364 363 363 363 363 362 362 362 362 362 363 363 363 364 365 366 366 367 368 368 368 370 371 371 372 372 372 373 373 373 374 375 374 376 377 377 378 379 379 380 380 381 382 382 383 383 385 386 386 387 387 388 388 389 389 390 390 391 392 393 393 394 394 395 395 396 396 397 397 397 399 399 400 400 401 401 401 402 402 403 403 403 404 405
365 365 365 364 364 364 365 364 364 364 364 363 363 363 362 362 362 361 361 361 361 361 360 361 362 362 362 363 364 364 365 367 367 367 368 368 369 370 369 370 371 371 371 373 374 374 375 376 376 377 378 378 379 379 380 381 382 383 383 384 385 385 386 386 387 387 388 388 390 390 391 391 392 392 393 393 394 394 395 395 395 397 397 398 398 399 399 399 400 400 401 401 401 403
365 365 364 364 364 364 364 364 364 364 363 363 363 363 362 362 362 361 361 361 361 360 360 360 360 359 359 360 360 361 361 362 363 364 365 365 366 366 366 367 368 367 368 370 371 371 372 373 373 374 375 375 376 377 377 378 379 380 381 381 382 382 383 383 384 385 385 386 387 388 388 389 389 390 390 391 391 392 392 393 393 394 395 395 396 396 397 397 397 398 398 399 399 400
466 465 364 364 364 364 364 364 364 363 363 363 363 362 362 362 362 360 361 361 361 360 360 360 359 359 359 358 358 358 358 359 360 360 360 361 362 362 363 364 363 364 365 367 367 368 369 370 370 371 372 372 373 374 374 375 377 377 378 378 379 380 380 381 381 382 382 383 384 385 386 386 387 387 388 388 389 389 389 390 390 392 392 393 393 394 394 395 395 395 396 396 397 398
399 465 465 465 465 464 364 364 364 363 363 363 363 362 362 362 361 360 361 361 360 360 360 359 359 359 359 358 358 358 357 358 358 357 357 357 358 358 359 360 360 361 361 363 364 365 366 366 367 368 368 369 370 370 371 372 373 374 375 375 376 377 377 378 378 379 380 380 382 382 383 383 384 384 385 385 386 386 387 387 388 389 390 390 391 391 392 392 392 393 393 394 394 395
398 398 398 398 397 464 465 465 464 363 363 363 362 362 362 362 360 360 361 360 360 360 360 359 359 359 358 358 358 358 357 358 358 357 357 357 356 356 356 355 356 357 358 360 360 361 362 363 364 364 365 366 367 367 368 369 370 371 372 372 373 374 374 375 375 376 377 377 379 379 380 380 381 381 382 383 383 384 384 385 385 387 387 387 388 388 389 389 390 390 391 391 391 393
398 398 398 397 397 397 398 397 397 464 464 463 463 362 362 361 360 360 361 360 360 360 359 359 359 359 358 358 358 357 357 358 357 357 357 356 356 356 356 355 355 355 355 356 357 358 358 359 360 361 362 362 363 364 365 365 367 368 368 369 370 370 371 372 372 373 373 374 376 376 377 377 378 379 379 380 380 381 381 382 382 384 384 385 385 386 386 387 387 387 388 388 389 390
398 398 398 397 397 397 398 397 397 397 397 396 463 463 462 462 360 360 360 360 360 360 359 359 359 358 358 358 357 357 357 358 357 357 357 356 356 356 355 355 355 355 355 356 356 356 356 356 356 357 358 359 359 360 361 362 363 364 365 366 366 367 368 368 369 370 370 371 373 373 374 374 375 375 376 377 377 378 378 379 379 381 381 382 382 383 383 384 384 385 385 386 386 387
398 398 397 397 397 397 397 397 397 397 396 396 396 396 395 394 461 460 460 360 360 359 359 359 358 358 358 358 357 357 357 357 357 357 356 356 356 355 355 355 355 355 355 356 356 356 356 356 356 356 356 356 356 356 357 358 360 361 361 362 363 363 364 365 366 366 367 368 369 370 370 371 372 372 373 373 374 375 375 376 376 378 378 379 379 380 380 381 381 382 382 383 383 385
398 397 397 397 397 396 397 397 397 396 396 396 396 395 395 394 394 393 393 394 460 460 359 359 358 358 358 357 357 357 356 357 357 357 356 356 356 355 355 355 355 355 355 355 356 356 356 356 356 356 356 356 356 356 356 356 357 357 357 358 359 360 361 361 362 363 363 364 365 366 367 368 368 369 370 370 371 371 372 373 373 375 375 376 376 377 377 378 378 379 379 380 380 381
397 397 397 397 396 396 397 397 396 396 396 396 395 395 395 394 393 393 393 394 393 393 393 392 459 358 358 357 357 357 356 357 357 356 356 356 355 355 355 355 355 355 355 355 356 356 356 356 356 356 356 356 356 356 356 356 357 357 357 357 357 357 357 357 358 359 360 360 361 363 363 364 365 365 366 367 367 368 369 369 370 371 372 372 373 374 374 375 375 376 376 377 377 378
397 397 397 397 396 396 397 397 396 396 396 396 395 395 395 393 393 393 393 393 393 393 392 392 392 392 391 391 357 356 356 357 357 356 356 356 355 355 355 355 355 355 355 355 356 356 356 356 356 356 356 356 356 356 356 356 357 357 357 357 357 357 357 357 357 357 357 357 357 359 360 360 361 362 362 363 364 364 365 366 366 368 368 369 370 370 371 371 372 372 373 373 374 374
397 397 397 396 396 396 397 396 396 396 396 395 395 395 394 393 393 393 392 393 393 393 392 392 392 391 391 391 391 390 356 356 356 356 356 355 355 355 355 355 355 355 355 355 356 356 356 356 356 356 356 356 356 356 356 356 357 357 357 357 357 357 357 357 357 357 357 357 357 358 358 358 358 358 359 359 360 361 361 362 363 364 365 365 366 367 367 368 368 369 370 380 381 381
397 397 396 396 396 396 396 396 396 396 395 395 395 395 393 393 393 393 392 393 393 392 392 392 392 391 391 391 390 390 390 390 390 329 329 329 329 355 355 355 355 355 355 355 356 356 356 356 356 356 356 356 356 356 356 356 357 357 357 357 357 357 357 357 357 357 357 357 357 358 358 358 358 358 358 358 358 358 358 358 359 360 361 362 372 373 374 374 375 375 376 377 377 378
397 396 396 396 396 396 396 396 396 395 395 395 395 394 393 393 393 392 392 393 393 392 392 392 391 391 391 390 390 390 390 390 390 390 389 389 329 329 329 329 329 329 355 355 356 356 356 356 356 356 356 356 356 356 356 356 356 357 357 357 357 357 357 357 357 357 357 357 357 358 358 358 358 358 358 358 358 358 368 368 368 368 369 369 369 369 370 370 371 372 372 373 373 374
397 396 396 396 396 395 395 396 396 395 395 395 395 393 393 393 392 392 392 393 392 392 392 391 391 391 391 390 390 390 389 389 390 389 389 389 389 389 329 329 329 329 329 329 329 329 356 356 356 356 356 356 356 356 356 356 356 357 357 357 357 357 357 357 357 357 357 357 357 358 358 368 368 368 368 368 368 368 368 368 368 368 369 369 369 369 369 369 369 369 369 369 369 387
396 396 396 396 395 395 395 396 395 395 395 395 394 393 393 393 392 392 392 392 392 392 392 391 391 391 390 390 390 389 389 389 390 389 389 389 389 389 389 389 389 329 329 329 329 329 329 329 329 329 329 356 356 356 356 356 356 357 357 357 357 357 357 357 357 367 367 367 367 368 368 368 368 368 368 368 368 368 368 368 368 368 369 369 369 369 369 369 369 369 369 369 386 386
396 396 396 395 395 395 395 395 395 395 395 394 394 393 393 392 392 392 391 392 392 392 391 391 391 390 390 390 390 389 389 389 389 389 389 389 389 389 389 389 389 389 389 329 329 329 329 329 329 329 329 329 329 329 329 329 356 357 357 367 367 367 367 367 367 367 367 367 367 368 368 368 368 368 368 368 368 368 368 368 368 368 369 369 369 369 369 369 369 369 369 369 386 386
396 396 395 395 395 395 395 395 395 395 394 394 394 393 392 392 392 392 391 392 392 391 391 391 391 390 390 390 389 389 389 389 389 389 389 389 389 389 389 389 389 389 389 389 390 329 329 329 329 329 329 329 329 329 329 329 329 329 329 329 329 367 367 367 367 367 367 367 367 367 368 368 368 368 368 368 368 368 368 368 368 368 369 369 369 369 369 369 369 369 369 386 386 386
396 396 395 395 395 395 394 395 395 395 394 394 393 392 392 392 392 391 391 391 392 391 391 391 390 390 390 389 389 389 389 389 389 389 389 389 389 389 389 389 389 389 389 389 389 390 390 390 329 329 329 329 329 329 329 329 329 329 329 329 329 329 329 329 329 329 329 367 367 367 368 368 368 368 368 368 368 368 368 368 368 368 369 369 369 369 369 369 369 369 369 386 386 386
396 395 395 395 395 394 394 395 395 394 394 394 393 392 392 392 391 391 391 391 391 391 391 390 390 390 390 389 389 389 389 389 389 389 389 389 389 389 389 389 389 389 399 399 399 400 400 400 400 400 329 329 329 329 329 329 329 329 329 329 329 329 329 329 329 329 329 329 329 329 329 329 329 368 368 368 368 368 368 368 368 368 368 369 369 369 369 369 369 369 386 386 386 386
395 395 395 395 394 394 394 395 394 394 394 394 392 392 392 392 391 391 391 391 391 391 391 390 390 390 389 389 389 389 389 389 389 389 389 389 389 399 399 399 399 399 399 399 399 400 400 400 400 400 400 400 329 329 329 329 329 329 329 329 329 329 329 329 329 329 329 329 329 329 329 329 329 329 329 329 329 329 368 368 368 368 368 369 369 369 369 369 369 386 386 386 386 386
395 395 395 394 394 394 394 394 394 394 394 392 392 392 392 391 391 391 391 391 391 391 390 390 390 389 389 389 389 389 389 389 399 399 399 399 399 399 399 399 399 399 399 399 399 400 400 400 400 400 400 400 400 400 329 329 329 329 329 329 329 329 329 329 329 329 329 329 329 329 329 329 329 329 329 329 329 329 329 329 329 329 329 329 329 369 369 369 369 386 386 386 386 386
395 395 395 394 394 394 394 394 394 394 393 392 392 392 391 391 391 391 391 391 391 390 390 390 390 389 389 399 398 398 398 398 398 399 399 399 399 399 399 399 399 399 399 399 399 400 400 400 400 400 400 400 400 400 400 400 400 329 329 329 329 329 329 329 329 329 329 329 329 329 329 329 329 329 329 329 329 329 329 329 329 329 329 329 329 329 329 329 329 329 329 386 386 386
395 395 394 394 394 394 393 393 394 394 393 392 392 391 391 391 391 391 391 391 391 390 400 400 399 399 399 398 398 398 398 398 398 399 399 399 399 399 399 399 399 399 399 399 399 400 400 400 400 400 400 400 400 400 400 400 400 400 401 329 329 329 329 329 329 329 329 329 329 329 329 329 329 329 329 329 329 329 329 329 329 329 329 329 329 329 329 329 329 329 329 329 329 329
395 394 394 394 394 393 393 393 394 393 392 392 392 391 391 391 391 391 400 400 400 400 400 399 399 399 399 398 398 398 398 398 398 399 399 399 399 399 399 399 399 399 399 399 399 399 400 400 400 400 400 400 400 400 400 400 400 400 401 401 401 329 329 329 329 329 329 329 329 329 329 329 329 329 329 329 329 329 329 329 329 329 329 329 329 329 329 329 329 329 329 329 329 329
394 394 394 394 393 393 393 393 393 393 392 392 392 401 401 401 400 400 400 399 399 400 400 399 399 399 398 398 398 398 398 398 398 399 399 399 399 399 399 399 399 399 399 399 399 399 400 400 400 400 400 400 400 400 400 400 400 400 401 401 401 401 401 329 329 329 329 329 329 329 329 329 329 329 329 329 329 329 329 329 329 329 329 329 329 329 329 329 329 329 329 329 329 329
394 394 394 393 393 393 393 393 393 403 402 401 401 401 401 400 400 400 399 399 399 400 399 399 399 398 398 398 398 398 398 398 398 399 399 399 399 399 399 399 399 399 399 399 399 399 400 400 400 400 400 400 400 400 400 400 400 400 400 401 401 401 401 401 401 329 329 329 329 329 329 329 329 329 329 329 329 329 329 329 329 329 329 329 329 329 329 329 329 329 329 329 329 329
394 394 394 393 393 403 403 402 403 402 401 401 401 401 400 400 400 400 399 399 399 399 399 399 399 398 398 398 398 398 398 398 398 399 399 399 399 399 399 399 399 399 399 399 399 399 400 400 400 400 400 400 400 400 400 400 400 400 400 401 401 401 401 401 401 401 401 329 329 329 329 329 329 329 329 329 329 329 329 329 329 329 329 329 329 329 329 329 329 329 329 329 329 329
394 404 403 403 403 403 402 402 403 402 401 401 401 400 400 400 400 399 399 399 398 399 399 399 398 398 398 398 398 398 398 398 398 398 399 399 399 399 399 399 399 399 399 399 399 399 400 400 400 400 400 400 400 400 400 400 400 400 400 401 401 401 401 401 401 401 401 401 401 329 329 329 329 329 329 329 329 329 329 329 329 329 329 329 329 329 329 329 329 329 329 329 329 329
404 403 403 403 403 402 402 402 402 401 401 401 401 400 400 400 399 399 399 399 398 399 399 398 398 398 398 398 398 398 398 398 398 398 399 399 399 399 399 399 399 399 399 399 399 399 399 400 400 400 400 400 400 400 400 400 400 400 400 401 401 401 401 401 401 401 401 401 401 401 401 329 329 329 329 329 329 329 329 329 329 329 329 329 329 329 329 329 329 329 329 329 329 329
