testData/tiles/oneDegreeCosts/grid13.0-29.0-14.0-30.0.asc
ncols   200
nrows   200
xllcorner   13.0
yllcorner   29.0
cellsize   0.005
NODATA_value   -9999.0
[rows 84 to 125 of 200, columns 94 to 187 of 200]
284 286 286 286 285 284 285 285 285 284 284 285 286 286 285 285 285 285 285 285 285 285 285 286 284 284 284 284 285 284 284 284 284 284 283 283 283 284 283 284 283 283 283 282 282 282 282 281 281 281 281 281 281 281 281 281 281 281 281 281 281 281 281 281 281 281 281 281 281 281 281 281 281 281 281 281 281 281 281 281 281 281 281 281 281 281 281 281 281 281 281 281 281 281
286 286 286 286 286 286 285 285 285 285 286 286 286 286 286 286 285 285 286 286 286 286 286 286 286 285 285 285 285 285 284 284 284 284 284 284 285 285 285 285 284 283 283 283 282 282 282 282 281 281 281 281 281 281 281 281 281 281 281 281 281 281 281 281 281 281 281 281 281 281 281 281 281 281 281 281 281 281 281 281 281 281 281 281 281 281 281 281 281 281 281 281 281 281
287 287 286 287 287 287 287 285 285 287 287 287 287 286 286 286 287 287 286 286 287 287 287 286 287 287 286 285 285 285 285 285 284 285 286 286 285 285 285 285 285 284 283 283 283 282 282 282 283 282 283 283 283 283 282 281 281 281 281 281 281 281 281 281 281 281 281 281 281 281 281 281 281 281 281 281 281 281 281 281 281 281 281 281 281 281 281 281 281 281 281 281 281 281
287 287 288 288 287 287 287 288 288 287 287 287 287 287 287 287 287 287 288 287 287 287 288 288 287 287 287 286 286 285 285 287 287 286 286 286 286 286 285 285 285 285 283 283 284 284 284 284 284 284 284 283 283 283 283 282 281 281 281 281 281 281 281 281 281 281 281 281 281 281 281 281 281 281 281 281 281 281 281 281 281 281 281 281 281 281 281 281 281 281 281 281 281 281
287 288 288 288 288 288 288 289 289 288 288 287 287 288 288 288 288 288 288 288 289 288 288 288 288 288 287 287 286 288 287 287 287 287 287 286 286 286 286 285 285 286 286 285 285 285 285 285 284 284 284 284 283 283 283 283 281 281 281 281 281 281 281 281 281 281 281 281 281 281 281 281 281 281 281 281 281 281 281 281 281 281 281 281 281 281 281 281 281 281 281 281 281 281
289 289 288 288 288 290 290 289 289 289 288 289 289 288 288 289 289 289 288 289 289 289 288 288 288 288 288 289 289 288 288 288 287 287 287 287 286 286 287 287 287 287 287 287 286 285 285 285 285 284 284 284 284 283 283 283 283 281 282 282 282 281 281 281 281 281 281 281 281 281 281 281 281 281 281 281 281 281 281 281 281 281 281 281 281 281 281 281 281 281 281 281 281 281
289 289 289 290 290 290 290 290 290 289 290 289 289 289 289 289 289 290 290 289 289 289 289 289 288 290 290 290 290 288 288 288 288 287 287 287 288 288 287 288 288 288 287 287 287 286 285 285 285 285 284 284 285 285 285 284 284 284 283 282 283 283 283 282 282 282 282 281 281 281 281 281 281 281 281 281 281 281 281 281 281 281 281 281 281 281 281 281 281 281 281 281 281 281
289 289 290 291 291 291 290 290 290 291 291 290 290 290 290 291 290 290 290 290 290 289 289 291 291 290 290 290 290 290 288 288 288 289 289 288 289 289 289 288 288 288 288 287 287 286 286 286 286 286 286 286 285 285 285 286 285 285 284 284 283 283 283 283 282 282 282 282 281 281 281 281 281 281 281 281 281 281 281 281 281 281 281 281 281 281 281 281 281 281 281 281 281 281
290 292 291 291 291 291 291 291 291 291 291 292 292 290 291 291 291 291 290 290 290 290 291 291 291 291 291 290 290 290 290 290 289 289 290 290 289 289 289 289 288 288 288 288 288 288 287 287 287 286 286 287 287 286 286 286 286 285 285 284 284 283 283 283 283 282 282 282 282 281 281 281 281 281 281 281 281 281 281 281 281 281 281 281 281 281 281 281 281 281 281 281 281 281
292 292 292 292 291 291 292 292 292 292 292 292 293 293 291 291 291 291 291 290 292 292 292 292 291 291 291 291 290 291 291 291 291 290 290 290 290 289 289 289 289 290 289 289 289 289 287 287 288 288 287 287 287 287 286 286 286 286 285 284 284 284 283 283 283 283 282 282 282 282 281 281 281 281 281 281 281 281 281 281 281 281 281 281 281 281 281 281 281 281 281 281 281 281
292 292 292 292 292 293 292 292 293 293 293 293 293 293 293 292 291 291 293 293 293 292 292 292 292 291 291 292 292 292 292 292 291 291 290 290 290 290 290 290 290 290 290 289 289 290 290 288 288 288 288 287 287 287 287 286 286 286 286 286 285 285 285 284 284 284 284 283 283 283 283 281 281 281 281 281 281 281 281 281 281 281 281 281 281 281 281 281 281 281 281 281 281 281
293 293 292 293 293 293 293 293 293 293 294 294 294 293 293 293 292 293 293 293 293 293 292 292 292 293 293 292 293 293 293 292 292 291 291 291 291 291 291 291 290 290 290 291 290 290 290 290 288 288 288 288 288 288 288 288 288 287 287 287 285 285 285 285 284 284 284 284 284 284 284 284 282 282 282 282 281 281 281 281 281 281 281 281 281 281 281 281 281 281 281 281 281 281
293 293 294 294 293 293 294 294 295 294 294 294 294 294 293 294 294 294 294 293 293 293 293 294 293 293 293 294 293 293 293 293 293 292 292 292 292 291 291 291 292 291 291 291 291 291 290 290 289 290 289 289 289 289 288 288 288 288 287 287 287 287 286 286 286 286 285 285 285 284 284 284 283 282 282 282 282 281 281 281 281 281 281 281 281 281 281 281 281 281 281 281 281 281
294 294 294 294 294 295 294 295 295 295 295 294 294 294 296 296 295 294 294 294 294 293 294 294 294 294 294 294 294 294 293 293 294 294 292 292 292 292 292 292 292 292 292 291 291 291 292 291 291 290 290 289 289 289 289 288 289 289 289 288 288 287 287 286 286 286 286 285 285 285 284 284 284 283 282 282 282 282 281 281 281 281 281 281 281 281 281 281 281 281 281 281 281 281
295 295 294 295 295 295 296 296 295 295 295 295 296 296 296 296 296 295 294 294 295 295 294 294 295 295 295 294 294 294 295 294 294 294 294 292 293 293 293 293 292 292 293 293 292 292 292 292 291 290 290 290 289 290 290 290 289 289 289 289 288 288 287 287 286 286 286 286 285 285 285 284 284 283 283 282 282 282 282 281 281 281 281 281 281 281 281 281 281 281 281 281 281 281
295 295 296 296 296 296 296 296 296 295 295 296 297 297 296 296 296 296 297 295 295 295 296 296 295 295 295 295 295 295 295 295 294 294 295 295 294 293 293 293 294 293 293 293 293 292 292 292 292 292 291 291 291 290 290 290 290 289 289 289 289 288 287 287 288 287 287 287 287 286 286 286 286 285 284 284 283 282 282 282 281 281 281 281 281 281 281 281 281 281 281 281 281 281
296 296 296 297 297 297 296 296 296 296 298 297 297 297 297 297 296 297 297 297 295 296 296 296 296 295 296 296 296 295 295 295 296 296 295 295 294 295 294 294 294 294 293 293 293 293 292 293 293 293 292 291 291 291 290 290 291 291 290 290 290 290 289 288 288 288 287 287 287 287 286 286 286 286 284 284 284 283 283 283 283 282 282 282 281 281 281 281 281 281 281 281 281 281
297 297 297 297 297 297 297 297 297 298 298 298 297 297 297 298 298 297 297 298 297 297 296 296 297 297 296 296 296 296 297 296 296 296 296 296 296 295 295 294 294 294 294 294 294 294 294 294 293 293 293 293 292 292 292 292 291 291 291 291 290 290 290 288 288 288 288 287 287 288 288 287 287 287 287 285 285 285 284 284 284 284 283 283 282 281 281 281 281 281 281 281 281 281
297 298 298 298 297 297 297 298 299 298 298 298 298 298 298 298 298 298 299 298 298 297 298 297 297 297 297 297 296 297 297 297 296 297 297 297 296 296 295 295 295 294 295 295 295 294 294 294 295 294 294 294 293 292 292 292 292 291 291 291 291 290 291 291 289 289 289 289 288 288 288 288 287 287 287 286 285 285 285 284 284 284 284 283 283 282 281 281 281 281 281 281 281 281
300 298 298 298 298 298 298 299 299 299 299 298 298 299 299 299 299 299 299 299 298 299 298 298 298 297 297 298 298 297 298 298 298 298 297 297 297 297 295 296 296 296 295 295 296 296 295 295 295 295 294 294 293 293 292 292 292 293 292 292 292 292 291 291 290 290 289 289 289 288 288 288 288 287 287 286 286 285 285 285 284 284 284 284 283 283 282 281 281 281 281 281 281 281
300 300 298 298 299 299 300 299 299 299 299 300 299 299 299 300 300 299 299 300 300 300 298 298 298 299 298 298 299 299 299 298 298 298 298 297 297 298 298 296 296 297 297 296 296 296 296 295 295 295 295 294 294 293 294 293 293 293 293 292 292 292 292 291 291 290 290 289 289 289 288 288 288 288 287 287 286 286 285 285 285 284 284 284 284 283 282 282 281 281 281 281 281 281
300 300 299 300 299 300 300 300 300 299 300 300 300 300 300 300 300 301 301 300 300 300 300 298 299 299 299 300 299 299 299 299 298 298 298 298 298 298 298 298 297 297 297 297 296 296 296 296 295 295 295 296 295 294 294 294 293 293 293 293 292 292 293 293 292 291 291 291 290 290 290 289 289 289 289 288 287 287 287 285 285 285 284 284 284 284 282 282 282 281 281 281 281 281
301 300 301 300 301 301 300 300 300 301 301 300 300 301 301 300 301 301 301 301 300 300 300 301 300 300 300 300 300 299 299 299 299 298 299 299 300 299 299 299 298 298 297 297 297 297 296 296 297 297 296 296 296 294 294 295 295 294 294 294 294 293 293 293 293 292 291 291 291 290 290 290 289 289 289 289 288 287 287 287 286 286 286 285 285 285 284 282 282 282 281 281 281 281
301 302 301 302 301 301 301 301 301 301 301 301 301 301 301 302 302 301 301 301 301 301 301 302 301 301 300 300 300 300 299 299 300 300 300 300 300 300 300 299 298 298 298 297 297 298 298 297 297 297 297 297 297 297 296 295 295 295 294 294 294 294 293 293 293 293 291 291 291 291 290 291 291 290 290 290 290 288 288 288 288 287 286 286 285 285 285 284 283 283 282 281 281 281
302 302 303 303 302 301 302 302 302 301 301 302 302 303 302 302 302 302 301 301 302 303 303 302 302 301 301 300 300 300 300 301 301 301 301 301 300 300 300 300 299 298 298 299 298 298 298 299 298 298 298 298 297 297 296 296 295 295 295 295 294 294 294 294 294 294 293 292 292 292 292 291 291 291 290 290 290 289 288 288 288 287 287 287 287 286 286 285 285 284 283 283 282 282
303 303 303 303 303 303 302 302 302 303 303 302 303 303 303 302 302 302 302 303 303 303 303 303 302 301 301 301 301 301 302 302 302 301 301 301 301 300 300 300 300 299 299 299 300 299 299 299 299 298 298 298 298 297 297 296 296 295 295 296 296 295 295 295 294 294 294 293 292 292 292 292 291 291 291 290 290 290 289 288 288 288 287 287 287 287 286 286 285 284 284 284 284 283
304 304 303 303 304 304 303 302 303 303 304 304 303 303 303 303 303 302 304 304 304 303 303 303 303 303 301 301 303 303 302 302 302 302 301 301 301 301 300 301 301 302 300 300 300 300 299 299 299 299 298 298 298 298 297 297 297 297 296 296 296 296 295 295 295 294 294 293 293 292 292 292 292 291 291 291 290 290 289 289 288 288 288 287 287 287 287 286 285 285 284 284 284 284
304 304 305 305 304 304 304 304 304 304 304 304 304 304 303 303 304 305 304 304 304 304 304 303 303 303 304 303 303 303 303 302 302 302 302 301 301 302 302 302 302 302 301 301 300 300 300 299 299 299 299 298 299 299 299 297 297 297 297 296 296 296 296 296 296 296 295 294 294 294 293 293 293 293 292 292 292 291 289 289 289 288 288 288 287 287 287 287 285 285 285 284 284 284
305 305 305 305 305 305 305 304 305 305 304 304 304 304 304 305 305 305 305 305 304 304 304 304 303 305 305 304 303 303 303 303 303 302 302 302 304 303 303 303 303 302 301 301 301 300 300 300 300 300 300 300 299 299 299 299 298 298 298 298 297 297 297 297 296 296 296 295 294 294 294 293 293 293 293 292 292 292 291 290 290 290 289 289 289 287 287 287 286 285 285 285 284 284
306 306 305 305 305 306 306 306 305 305 305 305 304 304 306 306 306 305 305 305 305 304 304 306 306 305 305 304 304 304 303 303 303 303 304 304 304 304 303 303 303 303 302 301 301 301 300 301 301 301 300 301 301 301 300 300 299 298 298 298 298 297 297 297 297 296 296 296 294 294 294 294 294 294 294 294 293 293 293 291 291 290 290 289 289 289 288 288 288 287 285 285 285 284
306 306 306 306 305 307 307 307 307 305 305 305 305 306 306 306 306 306 305 305 305 306 306 306 306 306 306 305 304 304 304 303 305 305 305 304 304 304 304 303 303 303 303 301 301 302 302 301 302 302 302 301 301 301 301 300 300 299 298 298 298 298 297 297 298 298 297 297 296 295 295 295 295 294 294 294 294 293 293 292 291 291 291 291 290 290 290 289 289 287 286 286 286 285
307 306 306 306 308 308 307 307 307 306 305 306 307 307 307 306 306 306 306 305 306 307 307 307 306 306 306 306 304 304 305 306 305 305 305 305 304 304 304 304 303 303 303 304 303 303 303 303 302 302 302 302 301 301 301 301 300 299 299 298 299 299 299 298 298 298 298 297 297 296 295 295 295 295 294 294 294 293 293 292 292 291 291 291 290 290 290 290 289 288 288 287 287 286
307 307 306 308 308 308 308 307 307 307 307 308 307 307 307 307 306 306 307 307 308 307 307 307 307 306 306 306 307 305 306 306 306 305 305 305 305 304 304 304 304 304 305 305 304 303 303 303 303 302 302 302 302 301 301 301 302 300 300 300 299 299 299 299 298 298 298 298 297 296 296 295 295 295 295 294 294 294 293 293 292 292 291 291 291 290 290 290 290 289 288 288 287 287
307 307 309 309 308 308 308 308 308 308 308 308 308 307 307 307 307 308 307 308 308 308 307 307 307 307 307 307 308 307 307 306 306 306 306 305 305 305 305 306 306 306 306 305 304 304 303 303 303 303 302 302 302 303 302 302 302 302 300 300 300 299 299 299 299 298 298 298 298 296 296 296 295 295 295 295 294 294 294 293 292 292 292 291 291 291 290 290 290 290 288 288 288 287
308 309 309 309 309 309 308 308 309 310 309 308 308 308 308 308 308 308 309 308 308 308 308 307 307 308 308 309 308 307 307 307 306 306 306 306 305 306 307 307 306 306 306 306 305 304 304 304 303 303 303 303 303 303 303 302 302 302 302 301 301 301 300 300 300 300 299 299 299 299 297 297 297 296 296 296 296 295 295 295 293 293 293 292 291 291 291 290 290 290 288 288 288 288
310 310 309 309 309 309 310 309 310 310 310 309 308 308 309 309 308 309 309 309 308 308 308 309 309 308 309 309 309 308 307 307 307 306 306 307 308 307 307 307 307 306 306 306 306 304 304 304 305 304 304 304 303 304 304 304 303 303 302 302 301 301 301 300 300 300 300 299 299 299 298 297 297 297 296 297 297 297 295 295 294 293 293 293 292 292 292 292 290 290 289 288 288 288
310 310 310 310 309 310 310 311 311 310 310 310 309 309 309 309 310 309 309 309 309 309 309 309 309 310 309 309 309 309 307 307 307 308 307 308 308 308 307 307 307 307 306 306 306 305 305 305 305 306 305 305 305 304 304 304 304 303 302 302 302 301 301 301 300 301 301 301 300 300 299 299 298 298 298 297 297 297 297 296 296 295 294 294 294 293 293 293 292 291 290 290 288 288
311 310 310 310 311 310 310 311 311 311 310 311 310 310 309 310 310 310 310 309 310 310 310 310 310 310 310 309 309 309 308 308 308 309 309 308 308 308 308 307 307 307 307 306 307 307 307 306 306 306 306 305 305 305 304 304 304 304 303 302 302 303 302 302 302 301 301 301 301 300 299 299 298 298 298 298 297 297 297 296 296 295 295 294 294 294 293 293 293 293 292 291 290 289
311 311 310 311 311 311 312 311 311 311 312 311 311 310 311 311 310 310 310 311 310 310 311 311 310 310 310 310 309 310 310 309 310 309 309 309 309 308 308 308 307 307 307 309 308 308 307 307 306 306 306 306 305 305 305 305 304 304 305 303 303 303 303 302 302 302 301 301 301 301 300 299 299 298 298 298 298 297 297 297 296 295 295 295 294 294 294 293 293 293 292 291 291 291
311 311 312 312 311 312 312 312 311 312 312 312 312 311 311 311 311 311 311 311 311 311 311 311 311 311 310 311 311 311 310 310 310 310 309 309 309 309 308 308 308 310 309 309 309 308 307 307 307 306 306 306 306 305 305 306 306 305 305 304 303 303 303 303 302 302 302 301 301 301 301 299 299 299 298 298 298 298 297 297 297 295 295 295 295 294 294 294 293 293 293 291 291 292
312 312 312 312 313 312 312 312 313 313 312 312 313 312 311 311 312 312 312 311 312 312 312 311 311 312 312 311 311 312 312 310 310 310 310 309 309 309 310 310 310 310 310 309 309 309 307 307 307 307 306 306 307 307 306 306 306 306 305 304 304 303 303 303 303 303 303 303 302 302 302 301 300 300 300 299 298 298 298 297 297 297 295 295 295 294 294 294 294 293 293 292 291 292
313 313 312 313 313 313 313 313 313 313 313 313 313 313 312 313 312 312 312 313 312 312 312 312 312 312 312 312 312 312 312 312 310 310 310 310 310 310 311 311 310 310 310 310 309 309 309 307 307 307 308 307 307 307 307 306 306 307 306 306 305 305 304 304 304 304 303 303 303 302 302 301 301 300 300 300 299 299 299 298 298 298 297 296 295 295 294 294 294 294 293 292 292 292
