testData/tiles/oneDegreeCosts/grid1.0-47.0-2.0-48.0.asc
ncols   200
nrows   200
xllcorner   1.0
yllcorner   47.0
cellsize   0.005
NODATA_value   -9999.0
[rows 126 to 167 of 200, columns 0 to 93 of 200]
849 849 848 848 847 845 843 840 837 834 830 823 818 812 805 796 788 776 765 749 730 704 659 657 657 657 658 656 656 656 656 656 656 655 655 655 656 656 655 655 656 656 656 656 656 656 656 657 657 657 658 658 657 657 658 657 657 656 657 656 657 655 655 654 654 652 651 651 650 648 647 646 645 641 641 638 637 633 633 633 635 635 636 640 640 584 584 586 586 588 588 591 591 592
850 850 849 849 848 846 844 841 838 834 830 825 819 813 806 797 788 778 766 750 731 706 658 659 657 657 657 657 656 656 656 656 656 655 656 655 656 655 656 656 656 656 656 656 656 656 657 657 658 657 658 658 658 657 658 657 657 656 656 656 656 656 655 654 653 653 651 651 649 649 647 646 644 642 641 638 636 633 633 633 634 636 636 639 640 584 584 586 586 589 588 591 591 591
851 851 851 849 848 846 844 842 839 836 831 826 820 814 807 800 789 779 767 752 734 709 658 658 657 658 658 657 656 656 656 656 655 655 655 655 655 655 655 655 656 656 656 656 656 656 657 657 657 657 658 657 657 657 658 657 657 656 657 657 656 656 655 655 653 653 651 652 649 649 647 646 644 642 641 638 636 633 633 633 634 635 637 639 640 584 585 586 586 588 589 589 591 592
851 851 851 851 849 848 845 842 839 836 832 828 820 814 808 800 790 781 767 753 735 710 659 658 658 658 658 658 658 656 656 656 656 656 655 655 655 656 656 655 655 656 656 656 656 656 657 657 658 657 658 657 658 657 658 657 658 656 657 656 656 656 654 654 653 653 651 651 649 648 647 645 645 642 641 637 636 633 633 633 635 635 637 639 641 584 584 586 586 588 588 590 591 592
852 853 852 851 850 848 846 844 840 837 833 828 823 816 808 801 792 781 769 755 737 712 659 658 659 658 658 658 658 656 657 656 656 655 656 655 655 655 656 655 656 655 656 656 656 656 657 657 658 657 658 657 658 657 658 657 658 656 658 656 655 655 655 654 653 653 652 651 649 648 648 645 645 642 640 638 635 633 633 634 634 635 637 639 640 584 584 586 586 589 589 590 591 593
853 853 853 852 852 849 847 844 841 837 834 829 823 816 810 802 794 781 769 756 739 714 659 658 659 658 658 658 658 657 657 656 657 655 655 655 656 656 656 655 656 655 657 656 656 656 658 657 658 657 658 657 657 657 657 657 656 656 656 657 655 655 654 655 653 653 651 650 649 648 647 645 644 642 639 638 635 633 633 633 635 635 637 640 640 584 584 586 586 587 589 590 591 592
853 854 853 853 852 850 848 845 842 838 834 830 825 817 810 803 793 784 770 757 740 717 659 659 659 659 658 658 657 657 656 656 656 656 655 655 655 655 656 655 655 655 656 656 655 656 657 657 658 657 657 657 658 658 657 657 656 657 656 657 655 656 654 655 653 653 651 650 649 648 648 644 643 641 640 637 635 632 633 632 635 635 637 639 640 584 584 586 587 588 589 590 591 592
855 855 855 853 852 852 849 846 843 839 834 830 825 820 812 802 794 784 772 758 741 718 667 659 659 660 658 658 657 658 657 656 656 656 655 656 655 655 655 656 655 655 655 656 655 657 657 657 657 656 657 656 657 657 657 656 656 656 656 656 655 655 654 653 652 651 651 650 649 647 648 645 643 641 640 638 635 631 622 622 624 624 626 629 571 573 573 574 575 577 578 579 579 582
855 856 855 855 854 852 849 847 844 840 836 830 825 819 811 804 796 785 773 759 743 721 675 659 659 658 659 658 657 657 657 656 656 655 655 655 655 655 655 655 655 655 655 655 655 656 657 645 645 645 646 646 646 646 646 646 646 645 645 646 645 643 643 642 642 640 640 639 638 636 635 634 632 630 628 627 624 621 621 622 624 624 625 629 571 573 573 575 576 576 578 579 579 581
845 845 845 844 843 842 840 836 833 830 826 820 814 809 802 794 785 775 763 749 733 710 669 649 648 647 648 647 647 646 646 645 645 645 644 644 644 644 645 644 644 644 644 644 643 645 645 645 645 645 645 646 646 646 646 646 645 646 644 644 644 644 642 642 641 641 640 639 637 637 635 634 632 631 629 625 624 621 622 622 624 624 626 628 571 573 573 574 576 577 577 579 580 582
846 846 846 845 843 842 841 838 834 830 826 821 816 810 803 794 786 776 765 751 734 711 673 649 649 647 647 647 646 647 646 645 645 645 644 644 644 644 643 645 644 644 643 644 643 645 644 645 645 646 645 646 646 646 646 645 645 645 645 644 644 644 643 643 641 640 640 639 636 636 634 634 632 630 629 625 624 620 622 622 623 624 626 629 571 572 573 574 575 577 577 579 579 581
847 847 848 846 844 842 841 838 835 832 827 821 816 811 804 797 786 777 766 753 736 714 676 650 649 648 648 647 646 647 646 647 645 645 644 644 644 643 643 644 644 645 643 643 643 644 644 644 645 645 646 646 645 645 646 644 645 644 645 644 645 643 643 642 642 640 639 639 637 636 634 634 633 629 628 625 623 620 621 622 623 624 625 629 571 572 573 575 575 577 577 580 579 580
847 847 847 847 845 844 841 839 836 832 828 824 817 811 805 797 788 777 766 753 736 715 680 650 648 648 648 647 646 646 646 646 645 645 644 644 644 643 644 643 644 643 644 643 643 643 644 644 645 645 646 645 646 645 646 644 646 644 645 644 644 644 642 642 640 641 638 638 636 637 633 632 632 630 627 625 623 620 620 622 623 625 625 627 571 572 573 574 575 577 577 579 580 580
848 848 847 848 846 844 842 840 836 833 829 824 818 812 805 798 788 779 768 754 736 716 683 651 649 648 648 647 648 646 646 646 646 644 645 644 644 643 644 643 643 643 643 643 643 643 643 644 645 645 645 645 645 645 645 644 645 644 645 643 643 644 642 642 640 641 639 638 636 637 634 632 631 628 628 624 622 620 621 621 623 624 626 626 571 572 573 574 575 577 577 578 579 581
849 849 848 848 847 845 843 840 838 833 829 825 820 813 807 798 790 780 769 755 738 717 685 651 650 649 648 647 647 646 646 645 645 644 644 644 643 643 643 643 644 643 643 643 643 644 643 644 645 645 646 644 645 645 645 644 645 644 644 643 642 642 642 642 640 640 638 638 636 634 634 632 632 628 628 625 623 620 621 622 622 623 625 627 571 572 572 575 575 577 577 579 579 581
850 849 849 849 848 845 843 841 839 835 830 825 820 814 807 800 791 780 769 756 740 719 687 650 650 649 649 647 647 646 646 646 645 644 644 644 643 643 642 642 643 643 644 643 643 643 644 644 644 644 646 644 645 644 644 644 645 643 643 643 643 642 641 642 641 640 638 637 637 634 633 632 630 629 626 624 622 620 620 621 623 623 625 627 571 572 572 574 575 575 577 578 580 580
850 850 850 849 849 845 844 841 838 835 831 826 821 814 808 800 792 782 769 756 741 721 690 650 650 650 648 648 647 646 646 645 646 645 644 643 643 643 643 642 642 643 643 643 642 643 643 644 643 644 644 644 645 644 644 644 643 644 643 643 642 643 641 641 639 639 637 637 636 635 633 632 629 629 627 624 621 619 621 621 623 623 625 626 570 571 572 574 575 576 577 578 578 581
850 851 850 849 849 848 845 842 839 835 832 827 822 816 808 801 793 782 771 757 742 723 692 651 650 650 648 648 648 647 646 645 646 645 643 643 642 643 642 643 642 642 642 643 642 643 643 644 643 645 643 644 644 645 644 644 643 644 643 643 642 642 641 640 639 638 638 636 635 634 632 631 629 628 626 623 621 618 621 621 623 623 624 626 570 571 572 573 574 576 577 578 578 581
851 853 850 850 849 848 845 843 839 836 831 828 823 817 809 801 792 783 771 759 743 724 693 651 651 650 648 648 647 647 646 645 645 645 643 644 642 642 642 643 642 642 641 643 642 644 643 644 643 644 643 644 644 643 644 643 643 643 643 641 642 640 641 640 639 638 638 637 635 634 632 631 629 628 624 624 620 618 620 621 622 623 624 627 570 571 572 574 574 575 577 578 578 580
852 853 852 850 849 849 846 843 841 836 832 827 823 817 811 801 793 784 773 760 745 725 696 651 651 651 649 648 647 647 646 645 644 644 644 643 643 642 642 641 642 642 641 641 642 643 643 643 642 643 643 643 644 643 644 643 643 642 643 641 642 640 640 640 639 638 637 637 634 634 631 631 628 627 624 623 621 618 620 620 622 622 624 626 570 570 572 572 575 575 576 578 578 580
852 852 853 852 850 849 847 844 841 838 833 828 823 817 811 802 793 784 774 760 746 727 697 651 651 650 650 648 647 647 646 645 645 644 644 643 643 642 642 641 642 641 642 641 641 641 642 642 642 642 642 643 643 642 643 642 643 642 642 641 641 640 640 639 638 639 636 636 634 635 631 630 628 626 624 621 620 618 620 620 622 623 624 626 569 570 571 572 574 575 575 578 578 579
853 853 854 852 851 848 848 844 841 838 834 828 823 817 811 803 795 785 774 761 746 727 700 651 651 650 650 649 647 647 646 645 644 645 643 642 642 642 641 641 641 641 641 641 641 641 641 642 642 642 642 643 642 642 643 642 643 642 642 640 641 640 639 638 638 638 636 635 634 633 632 629 628 626 625 621 618 618 619 620 621 623 624 625 569 570 571 572 573 574 575 577 578 579
853 853 854 853 851 850 848 846 842 839 835 830 823 818 812 805 795 786 775 763 747 728 701 653 651 650 650 650 648 647 646 646 644 645 643 643 642 642 641 642 641 641 641 641 641 641 641 641 642 642 642 642 642 642 643 641 643 641 642 640 640 639 640 638 638 637 635 635 633 632 631 629 627 626 624 621 617 618 618 620 621 622 624 624 569 569 571 571 573 574 576 576 578 579
854 854 854 854 852 850 848 846 842 839 835 831 825 818 812 805 796 787 777 763 747 729 703 653 651 650 650 649 648 648 646 646 644 644 644 642 642 641 641 640 640 640 641 640 641 641 641 641 642 642 642 641 642 642 641 641 641 641 640 640 639 639 638 638 637 636 635 635 633 632 630 630 627 625 622 621 617 617 618 620 621 621 624 625 569 569 570 572 572 574 575 575 577 579
855 855 854 854 852 851 849 847 843 839 836 831 825 820 813 806 797 788 777 765 748 730 704 653 651 650 650 649 648 647 647 645 644 643 644 643 642 641 641 640 641 640 639 640 639 641 640 641 640 642 641 641 640 642 640 641 640 641 640 641 639 639 638 637 636 634 635 633 632 631 630 628 628 624 622 621 618 617 617 619 620 621 623 625 568 569 570 572 572 573 575 575 577 578
856 855 854 855 853 851 849 847 845 840 836 832 827 820 814 806 798 788 778 765 749 731 706 653 652 651 650 649 649 647 647 645 645 643 643 643 642 641 640 640 639 641 639 640 639 641 640 641 640 642 640 641 640 641 640 641 639 640 640 640 639 637 638 636 637 634 635 633 633 631 629 628 625 624 621 620 617 616 617 619 620 621 623 624 568 568 570 571 573 572 575 575 576 577
856 856 856 854 854 851 850 847 845 840 836 832 827 821 815 806 799 789 778 765 751 732 707 652 652 651 650 649 649 647 647 646 645 643 643 643 642 641 640 639 639 640 639 639 639 640 640 640 640 641 640 641 640 640 640 641 639 640 640 638 639 637 637 636 636 634 634 632 632 630 628 628 625 625 621 619 616 616 617 618 620 621 621 624 568 568 570 570 572 572 574 575 576 577
856 856 856 855 854 852 850 848 845 842 837 833 828 821 815 808 799 789 778 766 752 734 709 652 652 651 650 649 649 647 647 646 646 643 642 642 642 641 640 639 639 638 640 638 639 638 640 640 640 639 639 640 639 639 639 640 639 639 638 638 639 637 637 636 636 635 633 631 631 629 628 626 625 624 621 618 616 616 617 618 618 621 621 624 566 568 569 570 572 573 573 574 576 576
856 857 856 856 855 853 850 848 845 842 838 833 828 823 815 808 801 790 779 767 753 735 710 652 652 652 650 650 648 648 647 646 646 644 642 642 641 640 639 639 638 638 638 638 638 638 639 639 638 639 639 640 640 639 639 639 639 638 638 637 637 637 637 635 635 634 632 631 631 629 628 626 624 623 619 618 615 616 616 618 618 621 621 623 566 567 569 569 572 572 573 574 576 576
857 858 857 856 855 854 851 848 846 842 838 832 829 823 816 808 800 790 779 767 753 736 711 656 652 652 650 650 648 648 646 646 645 645 642 642 641 641 640 639 638 638 638 638 637 637 638 637 638 638 639 639 639 639 639 638 639 638 638 637 636 636 636 635 634 634 631 631 630 629 627 625 624 621 620 618 615 615 616 617 618 620 621 564 566 567 569 569 570 572 572 574 575 576
857 857 857 856 855 854 851 849 846 843 838 834 828 822 815 808 801 791 780 768 754 737 712 664 652 651 650 650 649 648 646 646 645 645 642 642 641 640 639 638 638 637 637 637 637 636 638 637 639 637 639 639 639 639 638 638 637 638 636 637 635 636 634 635 633 633 632 631 629 627 627 623 623 620 620 615 613 615 616 617 617 619 620 564 565 567 567 569 569 572 573 572 575 575
857 858 858 857 856 854 852 849 846 843 839 834 828 823 817 809 801 792 781 769 755 737 714 669 652 651 651 650 649 648 646 646 645 645 642 641 641 640 639 638 638 637 636 637 636 636 636 637 637 637 637 637 637 639 636 638 637 638 636 637 635 635 634 633 632 631 632 629 629 627 627 623 623 620 618 615 612 614 615 617 617 619 620 564 565 566 567 568 569 571 572 572 575 575
858 858 859 857 856 855 853 850 847 844 840 835 829 823 817 809 802 793 782 769 756 738 716 673 652 651 651 649 649 648 647 646 645 645 644 641 641 640 639 638 637 637 636 637 636 636 636 637 637 637 637 636 637 638 636 637 636 637 636 636 635 635 634 632 632 631 631 628 628 627 626 623 621 620 617 616 612 613 615 615 617 618 620 564 564 566 567 568 568 570 571 572 573 575
858 858 858 857 856 855 852 850 847 844 840 835 829 824 818 810 802 793 782 770 755 739 717 677 651 651 651 649 649 647 647 646 645 644 644 641 641 640 639 637 637 636 636 636 636 635 636 636 637 637 636 636 637 637 636 637 635 636 635 634 634 634 633 632 631 631 630 628 628 626 625 623 621 619 617 615 612 612 615 615 617 618 618 564 563 566 566 568 568 570 571 571 572 574
858 859 858 859 857 855 853 850 848 844 841 836 831 824 818 811 803 794 783 770 756 740 718 679 651 651 651 649 649 648 647 645 645 644 644 641 640 640 639 637 636 636 636 635 636 634 636 635 636 636 635 635 636 635 635 635 635 636 635 634 634 634 633 631 631 630 628 628 626 625 624 623 621 618 616 613 611 612 614 615 616 617 618 564 563 565 566 567 568 569 571 571 572 574
859 859 859 858 857 856 854 851 848 845 841 837 831 825 819 812 803 794 785 771 757 740 719 682 651 651 651 650 649 648 647 646 645 644 644 642 640 640 639 637 635 635 635 635 635 634 635 635 636 635 635 635 636 634 635 633 635 633 635 633 633 633 633 631 630 630 628 628 625 625 622 622 619 617 616 613 611 612 614 614 615 616 618 562 563 564 566 567 567 569 569 571 571 574
859 859 859 859 858 856 854 851 847 845 841 837 831 825 819 812 804 795 784 772 757 741 720 684 651 651 650 650 649 648 647 646 645 644 643 642 640 639 639 638 635 635 634 635 635 633 634 634 635 634 635 634 636 634 635 633 635 633 634 632 631 632 631 631 628 629 627 628 624 625 622 620 618 616 616 612 611 611 613 614 615 616 617 560 562 563 565 566 566 569 569 570 571 572
859 860 859 859 859 856 855 851 849 844 842 838 832 825 819 813 804 794 785 772 758 742 721 686 651 651 650 650 648 648 647 646 645 644 643 642 640 639 639 638 635 634 634 633 633 632 632 633 633 634 633 634 633 634 633 633 633 633 633 632 631 631 630 629 628 628 627 626 624 623 622 620 618 616 614 612 609 611 612 614 614 615 617 560 562 562 564 565 566 567 569 569 571 572
860 860 860 859 858 857 854 852 849 845 841 837 833 826 820 812 805 795 784 773 760 743 721 688 652 651 650 650 648 648 646 646 644 644 643 642 640 639 638 638 635 634 633 633 632 632 631 633 632 634 632 634 633 634 632 632 633 632 632 631 631 630 630 628 628 627 627 625 623 622 621 620 617 615 612 611 608 611 612 612 614 614 617 559 562 562 564 565 565 567 568 568 570 572
860 860 860 860 859 857 854 852 849 845 842 837 832 825 819 813 805 795 785 773 760 744 722 690 652 650 650 650 649 647 646 646 645 644 643 641 641 639 638 638 635 634 633 633 632 632 631 632 632 633 632 632 632 633 632 632 632 632 632 630 630 629 629 627 627 626 626 624 623 622 619 619 615 614 612 610 608 610 611 612 614 614 616 559 560 562 563 565 565 566 568 567 570 570
861 860 861 860 859 857 855 852 850 846 842 838 832 826 820 813 805 796 785 774 761 743 723 692 652 650 650 650 649 647 646 646 645 644 643 641 641 639 638 637 636 634 633 632 632 630 631 631 632 631 631 631 631 632 630 631 631 631 631 629 630 629 629 627 627 625 625 622 622 621 619 617 615 614 612 610 607 609 610 612 612 614 614 559 560 561 563 562 565 565 568 567 568 570
861 861 860 860 859 858 854 853 850 847 842 838 832 827 820 813 806 796 786 775 761 744 724 693 651 650 650 649 649 647 646 646 645 643 642 641 641 639 638 636 636 634 633 632 630 630 630 631 631 631 630 631 631 631 630 631 630 630 630 628 629 628 629 626 626 624 624 622 620 620 618 617 614 613 610 608 607 609 610 610 611 613 614 557 559 560 562 562 564 565 566 567 568 570
