testData/tiles/oneDegreeCosts/grid15.0-48.0-16.0-49.0.asc
ncols   200
nrows   200
xllcorner   15.0
yllcorner   48.0
cellsize   0.005
NODATA_value   -9999.0
[rows 0 to 41 of 200, columns 0 to 93 of 200]
288 288 288 288 288 288 288 288 288 288 288 288 288 288 288 288 288 288 288 288 288 288 288 288 288 288 288 288 288 288 288 288 288 288 288 288 288 288 288 288 288 288 288 288 288 288 288 288 288 288 288 288 288 288 288 288 288 288 288 288 288 288 288 288 288 288 288 288 288 288 288 288 288 288 309 308 308 308 308 308 308 308 307 307 307 307 307 307 307 306 306 306 306 306
288 288 288 288 288 288 288 288 288 288 288 288 288 288 288 288 288 288 288 288 288 288 288 288 288 288 288 288 288 288 288 288 288 288 288 288 288 288 288 288 288 288 288 288 288 288 288 288 288 288 288 288 288 288 288 288 288 288 288 288 288 288 288 288 288 288 288 288 288 288 288 288 288 309 309 308 308 308 308 308 308 308 308 307 307 307 307 307 307 307 306 306 306 306
288 288 288 288 288 288 288 288 288 288 288 288 288 288 288 288 288 288 288 288 288 288 288 288 288 288 288 288 288 288 288 288 288 288 288 288 288 288 288 288 288 288 288 288 288 288 288 288 288 288 288 288 288 288 288 288 288 288 288 288 288 288 288 288 288 288 288 288 288 288 288 288 309 309 309 309 308 308 308 308 308 308 308 307 307 307 307 307 307 307 306 306 306 306
288 288 288 288 288 288 288 288 288 288 288 288 288 288 288 288 288 288 288 288 288 288 288 288 288 288 288 288 288 288 288 288 288 288 288 288 288 288 288 288 288 288 288 288 288 288 288 288 288 288 288 288 288 288 288 288 288 288 288 288 288 288 288 288 288 288 288 288 288 288 288 309 309 309 309 309 309 308 308 308 308 308 308 308 307 307 307 307 307 307 307 306 306 306
288 288 288 288 288 288 288 288 288 288 288 288 288 288 288 288 288 288 288 288 288 288 288 288 288 288 288 288 288 288 288 288 288 288 288 288 288 288 288 288 288 288 288 288 288 288 288 288 288 288 288 288 288 288 288 288 288 288 288 288 288 288 288 288 288 288 288 288 288 288 288 309 309 309 309 309 309 308 308 308 308 308 308 308 307 307 307 307 307 307 307 306 306 306
288 288 288 288 288 288 288 288 288 288 288 288 288 288 288 288 288 288 288 288 288 288 288 288 288 288 288 288 288 288 288 288 288 288 288 288 288 288 288 288 288 288 288 288 288 288 288 288 288 288 288 288 288 288 288 288 288 288 288 288 288 288 418 288 288 288 288 288 288 288 309 309 309 309 309 309 309 309 308 308 308 308 308 308 308 307 307 307 307 307 307 307 306 306
294 288 288 288 288 288 288 288 288 288 288 288 288 288 288 288 288 288 423 423 423 423 423 423 423 422 422 422 422 422 422 422 422 422 422 422 421 421 421 421 421 421 421 421 421 420 420 420 420 420 420 420 420 420 419 419 419 419 419 419 419 419 419 418 418 418 418 418 418 496 496 495 495 495 495 495 495 495 494 494 494 494 494 494 494 494 493 493 493 493 493 493 492 492
481 480 480 480 424 424 424 424 424 424 424 424 424 424 423 423 423 423 423 423 423 423 423 423 423 423 422 422 422 422 422 422 422 422 422 422 421 421 421 421 421 421 421 421 421 421 420 420 420 420 420 420 420 420 420 419 419 419 419 419 419 419 419 418 418 418 418 418 496 496 496 495 495 495 495 495 495 495 495 494 494 494 494 494 494 494 493 493 493 493 493 493 493 492
481 481 480 480 480 480 424 424 424 424 424 424 424 424 424 423 423 423 423 423 423 423 423 423 423 423 422 422 422 422 422 422 422 422 422 422 422 421 421 421 421 421 421 421 421 421 420 420 420 420 420 420 420 420 420 419 419 419 419 419 419 419 419 419 418 418 418 496 496 496 496 496 495 495 495 495 495 495 495 494 494 494 494 494 494 494 493 493 493 493 493 493 493 492
481 481 481 480 480 480 480 480 480 424 424 424 424 424 424 424 423 423 423 423 423 423 423 423 423 423 423 422 422 422 422 422 422 422 422 422 422 421 421 421 421 421 421 421 421 421 421 420 420 420 420 420 420 420 420 420 419 419 419 419 419 419 419 419 418 418 496 496 496 496 496 496 495 495 495 495 495 495 495 495 494 494 494 494 494 494 494 493 493 493 493 493 493 493
481 481 481 480 480 480 480 480 480 480 480 424 424 424 424 424 423 423 423 423 423 423 423 423 423 423 423 423 422 422 422 422 422 422 422 422 422 422 421 421 421 421 421 421 421 421 421 420 420 420 420 420 420 420 420 420 419 419 419 419 419 419 419 419 419 496 496 496 496 496 496 496 496 495 495 495 495 495 495 495 494 494 494 494 494 494 494 493 493 493 493 493 493 493
481 481 481 481 480 480 480 480 480 480 480 480 480 480 424 424 424 423 423 423 423 423 423 423 423 423 423 423 422 422 422 422 422 422 422 422 422 422 421 421 421 421 421 421 421 421 421 421 420 420 420 420 420 420 420 420 420 419 419 419 419 419 419 419 497 496 496 496 496 496 496 496 496 495 495 495 495 495 495 495 495 494 494 494 494 494 494 494 493 493 493 493 493 493
481 481 481 481 481 480 480 480 480 480 480 480 480 480 480 480 424 423 423 423 423 423 423 423 423 423 423 423 423 422 422 422 422 422 422 422 422 422 422 421 421 421 421 421 421 421 421 421 420 420 420 420 420 420 420 420 420 419 419 419 419 419 419 419 497 496 496 496 496 496 496 496 496 495 495 495 495 495 495 495 495 494 494 494 494 494 494 494 493 493 493 493 493 493
481 481 481 481 481 480 480 480 480 480 480 480 480 480 480 480 480 480 423 423 423 423 423 423 423 423 423 423 423 422 422 422 422 422 422 422 422 422 422 421 421 421 421 421 421 421 421 421 421 420 420 420 420 420 420 420 420 420 419 419 419 419 419 497 497 497 496 496 496 496 496 496 496 496 495 495 495 495 495 495 495 494 494 494 494 494 494 494 493 493 493 493 493 493
481 481 481 481 481 481 480 480 480 480 480 480 480 480 480 480 480 480 479 479 423 423 423 423 423 423 423 423 423 422 422 422 422 422 422 422 422 422 422 422 421 421 421 421 421 421 421 421 421 420 420 420 420 420 420 420 420 420 419 419 419 419 497 497 497 497 496 496 496 496 496 496 496 496 495 495 495 495 495 495 495 494 494 494 494 494 494 494 493 493 493 493 493 493
481 481 481 481 481 481 480 480 480 480 480 480 480 480 480 480 480 480 479 479 479 479 479 423 423 423 423 423 423 423 422 422 422 422 422 422 422 422 422 422 421 421 421 421 421 421 421 421 421 420 420 420 420 420 420 420 420 420 419 419 419 497 497 497 497 497 496 496 496 496 496 496 496 496 495 495 495 495 495 495 495 495 494 494 494 494 494 494 494 493 493 493 493 493
481 481 481 481 481 481 480 480 480 480 480 480 480 480 480 480 480 480 480 479 479 479 479 479 479 423 423 423 423 423 422 422 422 422 422 422 422 422 422 422 421 421 421 421 421 421 421 421 421 420 420 420 420 420 420 420 420 420 419 419 497 497 497 497 497 497 497 496 496 496 496 496 496 496 495 495 495 495 495 495 495 495 494 494 494 494 494 494 494 493 493 493 493 493
481 481 481 481 481 481 481 480 480 480 480 480 480 480 480 480 480 480 480 479 479 479 479 479 479 479 479 423 423 423 422 422 422 422 422 422 422 422 422 422 421 421 421 421 421 421 421 421 421 421 420 420 420 420 420 420 420 420 419 497 497 497 497 497 497 497 497 496 496 496 496 496 496 496 496 495 495 495 495 495 495 495 494 494 494 494 494 494 494 493 493 493 493 493
481 481 481 481 481 481 481 480 480 480 480 480 480 480 480 480 480 480 480 479 479 479 479 479 479 479 479 479 479 423 422 422 422 422 422 422 422 422 422 422 421 421 421 421 421 421 421 421 421 421 420 420 420 420 420 420 420 420 420 497 497 497 497 497 497 497 497 496 496 496 496 496 496 496 496 495 495 495 495 495 495 495 494 494 494 494 494 494 494 493 493 493 493 493
481 481 481 481 481 481 481 480 480 480 480 480 480 480 480 480 480 480 480 479 479 479 479 479 479 479 479 479 479 479 478 422 422 422 422 422 422 422 422 422 422 421 421 421 421 421 421 421 421 421 420 420 420 420 420 420 420 420 498 497 497 497 497 497 497 497 497 496 496 496 496 496 496 496 496 495 495 495 495 495 495 495 494 494 494 494 494 494 494 493 493 493 493 493
481 481 481 481 481 481 481 480 480 480 480 480 480 480 480 480 480 480 480 479 479 479 479 479 479 479 479 479 479 479 478 478 478 422 422 422 422 422 422 422 422 421 421 421 421 421 421 421 421 421 420 420 420 420 420 420 420 498 498 497 497 497 497 497 497 497 497 496 496 496 496 496 496 496 496 495 495 495 495 495 495 495 494 494 494 494 494 494 494 493 493 493 493 493
481 481 481 481 481 481 481 480 480 480 480 480 480 480 480 480 480 480 480 479 479 479 479 479 479 479 479 479 479 479 478 478 478 478 478 422 422 422 422 422 422 421 421 421 421 421 421 421 421 421 420 420 420 420 420 420 498 498 498 497 497 497 497 497 497 497 497 496 496 496 496 496 496 496 496 495 495 495 495 495 495 495 494 494 494 494 494 494 494 493 493 493 493 493
481 481 481 481 481 481 481 480 480 480 480 480 480 480 480 480 480 480 480 479 479 479 479 479 479 479 479 479 479 479 478 478 478 478 478 478 478 422 422 422 422 421 421 421 421 421 421 421 421 421 420 420 420 420 420 498 498 498 498 497 497 497 497 497 497 497 497 496 496 496 496 496 496 496 496 495 495 495 495 495 495 495 494 494 494 494 494 494 494 493 493 493 493 493
481 481 481 481 481 481 481 480 480 480 480 480 480 480 480 480 480 480 480 479 479 479 479 479 479 479 479 479 479 479 478 478 478 478 478 478 478 478 478 422 422 421 421 421 421 421 421 421 421 421 420 420 420 420 420 498 498 498 498 497 497 497 497 497 497 497 497 496 496 496 496 496 496 496 496 495 495 495 495 495 495 495 494 494 494 494 494 494 494 493 493 493 493 493
481 481 481 481 481 481 481 480 480 480 480 480 480 480 480 480 480 480 480 479 479 479 479 479 479 479 479 479 479 479 478 478 478 478 478 478 478 478 478 478 477 421 421 421 421 421 421 421 421 421 420 420 420 420 498 498 498 498 498 497 497 497 497 497 497 497 497 496 496 496 496 496 496 496 496 495 495 495 495 495 495 495 494 494 494 494 494 494 494 493 493 493 493 493
481 481 481 481 481 481 481 480 480 480 480 480 480 480 480 480 480 480 480 479 479 479 479 479 479 479 479 479 479 479 478 478 478 478 478 478 478 478 478 478 477 477 477 421 421 421 421 421 421 421 420 420 420 498 498 498 498 498 497 497 497 497 497 497 497 497 497 496 496 496 496 496 496 496 496 495 495 495 495 495 495 495 494 494 494 494 494 494 494 493 493 493 493 493
481 481 481 481 481 481 480 480 480 480 480 480 480 480 480 480 480 480 480 479 479 479 479 479 479 479 479 479 479 479 478 478 478 478 478 478 478 478 478 478 477 477 477 477 421 421 421 421 421 420 420 420 498 498 498 498 498 498 497 497 497 497 497 497 497 497 497 496 496 496 496 496 496 496 495 495 495 495 495 495 495 495 494 494 494 494 494 494 494 493 493 493 493 493
481 481 481 481 481 481 480 480 480 480 480 480 480 480 480 480 480 480 479 479 479 479 479 479 479 479 479 479 479 479 478 478 478 478 478 478 478 478 478 478 477 477 477 477 477 477 421 421 421 420 420 420 498 498 498 498 498 498 497 497 497 497 497 497 497 497 496 496 496 496 496 496 496 496 495 495 495 495 495 495 495 495 494 494 494 494 494 494 494 493 493 493 493 493
481 481 481 481 481 481 480 480 480 480 480 480 480 480 480 480 480 480 479 479 479 479 479 479 479 479 479 479 479 478 478 478 478 478 478 478 478 478 478 478 477 477 477 477 477 477 477 477 421 420 420 498 498 498 498 498 498 498 497 497 497 497 497 497 497 497 496 496 496 496 496 496 496 496 495 495 495 495 495 495 495 494 494 494 494 494 494 494 493 493 493 493 493 493
481 481 481 481 481 480 480 480 480 480 480 480 480 480 480 480 480 480 479 479 479 479 479 479 479 479 479 479 479 478 478 478 478 478 478 478 478 478 478 477 477 477 477 477 477 477 477 477 477 476 498 498 498 498 498 498 498 498 497 497 497 497 497 497 497 497 496 496 496 496 496 496 496 496 495 495 495 495 495 495 495 494 494 494 494 494 494 494 493 493 493 493 493 493
481 481 481 481 481 480 480 480 480 480 480 480 480 480 480 480 480 479 479 479 479 479 479 479 479 479 479 479 479 478 478 478 478 478 478 478 478 478 478 477 477 477 477 477 477 477 477 477 477 554 554 498 498 498 498 498 498 497 497 497 497 497 497 497 497 496 496 496 496 496 496 496 496 495 495 495 495 495 495 495 495 494 494 494 494 494 494 494 493 493 493 493 493 493
481 481 481 481 480 480 480 480 480 480 480 480 480 480 480 480 480 479 479 479 479 479 479 479 479 479 479 479 478 478 478 478 478 478 478 478 478 478 477 477 477 477 477 477 477 477 477 477 477 554 554 554 554 498 498 498 498 497 497 497 497 497 497 497 497 496 496 496 496 496 496 496 496 495 495 495 495 495 495 495 495 494 494 494 494 494 494 494 493 493 493 493 493 493
481 481 481 480 480 480 480 480 480 480 480 480 480 480 480 480 479 479 479 479 479 479 479 479 479 479 479 479 478 478 478 478 478 478 478 478 478 478 477 477 477 477 477 477 477 477 477 477 554 554 554 554 554 554 554 498 497 497 497 497 497 497 497 497 497 496 496 496 496 496 496 496 496 495 495 495 495 495 495 495 494 494 494 494 494 494 494 493 493 493 493 493 493 493
481 481 481 480 480 480 480 480 480 480 480 480 480 480 480 480 479 479 479 479 479 479 479 479 479 479 479 478 478 478 478 478 478 478 478 478 478 477 477 477 477 477 477 477 477 477 477 554 554 554 554 554 554 554 554 554 497 497 497 497 497 497 497 497 496 496 496 496 496 496 496 496 495 495 495 495 495 495 495 495 494 494 494 494 494 494 494 493 493 493 493 493 493 493
481 481 480 480 480 480 480 480 480 480 480 480 480 480 480 479 479 479 479 479 479 479 479 479 479 479 478 478 478 478 478 478 478 478 478 478 478 477 477 477 477 477 477 477 477 477 554 554 554 554 554 554 554 554 554 553 553 553 497 497 497 497 497 497 496 496 496 496 496 496 496 496 495 495 495 495 495 495 495 494 494 494 494 494 494 494 493 493 493 493 493 493 493 492
481 480 480 480 480 480 480 480 480 480 480 480 480 480 479 479 479 479 479 479 479 479 479 479 479 479 478 478 478 478 478 478 478 478 478 478 477 477 477 477 477 477 477 477 477 477 554 554 554 554 554 554 554 554 554 553 553 553 553 497 497 497 497 496 496 496 496 496 496 496 496 495 495 495 495 495 495 495 495 494 494 494 494 494 494 494 493 493 493 493 493 493 493 492
480 480 480 480 480 480 480 480 480 480 480 480 480 479 479 479 479 479 479 479 479 479 479 479 479 478 478 478 478 478 478 478 478 478 478 478 477 477 477 477 477 477 477 477 477 554 554 554 554 554 554 554 554 554 553 553 553 553 553 553 553 497 497 496 496 496 496 496 496 496 496 495 495 495 495 495 495 495 494 494 494 494 494 494 494 494 493 493 493 493 493 493 492 492
480 480 480 480 480 480 480 480 480 480 480 480 479 479 479 479 479 479 479 479 479 479 479 479 478 478 478 478 478 478 478 478 478 478 478 477 477 477 477 477 477 477 477 477 555 554 554 554 554 554 554 554 554 554 553 553 553 553 553 553 553 553 496 496 496 496 496 496 496 496 495 495 495 495 495 495 495 495 494 494 494 494 494 494 494 493 493 493 493 493 493 493 492 492
480 480 480 480 480 480 480 480 480 480 480 480 479 479 479 479 479 479 479 479 479 479 479 478 478 478 478 478 478 478 478 478 478 478 477 477 477 477 477 477 477 477 477 555 554 554 554 554 554 554 554 554 554 553 553 553 553 553 553 553 553 553 552 552 496 496 496 496 496 496 495 495 495 495 495 495 495 494 494 494 494 494 494 494 493 493 493 493 493 493 493 492 492 492
480 480 480 480 480 480 480 480 480 480 480 479 479 479 479 479 479 479 479 479 479 479 478 478 478 478 478 478 478 478 478 478 478 477 477 477 477 477 477 477 477 477 477 554 554 554 554 554 554 554 554 554 553 553 553 553 553 553 553 553 553 552 552 552 552 496 496 496 496 495 495 495 495 495 495 495 495 494 494 494 494 494 494 494 493 493 493 493 493 493 493 492 492 492
480 480 480 480 480 480 480 480 480 479 479 479 479 479 479 479 479 479 479 479 479 479 478 478 478 478 478 478 478 478 478 478 477 477 477 477 477 477 477 477 477 477 554 554 554 554 554 554 554 554 554 554 553 553 553 553 553 553 553 553 552 552 552 552 552 552 552 496 495 495 495 495 495 495 495 495 494 494 494 494 494 494 494 493 493 493 493 493 493 493 492 492 492 492
480 480 480 480 480 480 480 480 479 479 479 479 479 479 479 479 479 479 479 479 479 478 478 478 478 478 478 478 478 478 478 477 477 477 477 477 477 477 477 477 477 554 554 554 554 554 554 554 554 554 554 553 553 553 553 553 553 553 553 552 552 552 552 552 552 552 552 552 495 495 495 495 495 495 495 494 494 494 494 494 494 494 494 493 493 493 493 493 493 493 492 492 492 492
