testData/tiles/oneDegreeCosts/grid25.0-6.0-26.0-7.0.asc
ncols   200
nrows   200
xllcorner   25.0
yllcorner   6.0
cellsize   0.005
NODATA_value   -9999.0
[rows 0 to 41 of 200, columns 0 to 93 of 200]
142 142 142 141 141 141 141 141 141 141 141 141 141 141 140 140 140 140 140 140 140 140 140 140 139 139 139 139 139 139 139 139 139 138 138 138 138 138 138 138 138 137 137 137 137 137 137 137 136 136 136 136 136 136 136 135 135 135 135 135 135 135 134 134 134 134 134 134 133 133 133 133 133 133 132 132 132 132 132 132 131 131 131 131 131 130 130 130 130 130 129 129 129 129
142 142 141 141 141 141 141 141 141 141 141 141 141 140 140 140 140 140 140 140 140 140 140 139 139 139 139 139 139 139 139 139 138 138 138 138 138 138 138 138 137 137 137 137 137 137 137 137 136 136 136 136 136 136 136 135 135 135 135 135 135 135 134 134 134 134 134 134 133 133 133 133 133 133 132 132 132 132 132 131 131 131 131 131 131 130 130 130 130 130 129 129 129 129
142 141 141 141 141 141 141 141 141 141 141 141 140 140 140 140 140 140 140 140 140 140 139 139 139 139 139 139 139 139 139 138 138 138 138 138 138 138 138 138 137 137 137 137 137 137 137 136 136 136 136 136 136 136 135 135 135 135 135 135 135 134 134 134 134 134 134 133 133 133 133 133 133 132 132 132 132 132 132 131 131 131 131 131 130 130 130 130 130 129 129 129 129 129
141 141 141 141 141 141 141 141 141 141 141 140 140 140 140 140 140 140 140 140 140 140 139 139 139 139 139 139 139 139 139 138 138 138 138 138 138 138 138 137 137 137 137 137 137 137 137 136 136 136 136 136 136 136 135 135 135 135 135 135 135 134 134 134 134 134 134 133 133 133 133 133 133 132 132 132 132 132 131 131 131 131 131 131 130 130 130 130 130 129 129 129 129 129
141 141 141 141 141 141 141 141 141 141 141 140 140 140 140 140 140 140 140 140 140 139 139 139 139 139 139 139 139 139 138 138 138 138 138 138 138 138 137 137 137 137 137 137 137 137 136 136 136 136 136 136 136 135 135 135 135 135 135 135 134 134 134 134 134 134 133 133 133 133 133 133 132 132 132 132 132 132 131 131 131 131 131 130 130 130 130 130 129 129 129 129 129 128
141 141 141 141 141 141 141 141 141 141 140 140 140 140 140 140 140 140 140 140 139 139 139 139 139 139 139 139 139 138 138 138 138 138 138 138 138 138 137 137 137 137 137 137 137 137 136 136 136 136 136 136 136 135 135 135 135 135 135 134 134 134 134 134 134 134 133 133 133 133 133 133 132 132 132 132 132 131 131 131 131 131 131 130 130 130 130 130 129 129 129 129 129 128
141 141 141 141 141 141 141 141 141 140 140 140 140 140 140 140 140 140 140 139 139 139 139 139 139 139 139 139 139 138 138 138 138 138 138 138 138 137 137 137 137 137 137 137 137 136 136 136 136 136 136 136 135 135 135 135 135 135 135 134 134 134 134 134 134 133 133 133 133 133 133 132 132 132 132 132 132 131 131 131 131 131 130 130 130 130 130 129 129 129 129 129 128 128
141 141 141 141 141 141 141 141 140 140 140 140 140 140 140 140 140 140 140 139 139 139 139 139 139 139 139 139 138 138 138 138 138 138 138 138 137 137 137 137 137 137 137 137 136 136 136 136 136 136 136 136 135 135 135 135 135 135 134 134 134 134 134 134 134 133 133 133 133 133 133 132 132 132 132 132 131 131 131 131 131 131 130 130 130 130 130 129 129 129 129 129 128 128
142 142 142 142 142 142 141 140 140 140 140 140 140 140 140 140 140 140 139 139 139 139 139 139 139 139 139 138 138 138 138 138 138 138 138 138 137 137 137 137 137 137 137 137 136 136 136 136 136 136 136 135 135 135 135 135 135 135 134 134 134 134 134 134 133 133 133 133 133 133 132 132 132 132 132 132 131 131 131 131 131 130 130 130 130 130 129 129 129 129 129 128 128 128
143 143 142 142 142 142 142 141 141 141 141 141 141 140 140 140 140 139 139 139 139 139 139 139 139 139 139 138 138 138 138 138 138 138 138 137 137 137 137 137 137 137 137 136 136 136 136 136 136 136 135 135 135 135 135 135 135 134 134 134 134 134 134 134 133 133 133 133 133 133 132 132 132 132 132 131 131 131 131 131 131 130 130 130 130 130 129 129 129 129 129 128 128 128
143 143 143 143 143 143 142 142 142 141 141 141 141 141 141 141 140 140 140 140 139 139 139 139 139 139 138 138 138 138 138 138 138 138 137 137 137 137 137 137 137 137 136 136 136 136 136 136 136 136 135 135 135 135 135 135 135 134 134 134 134 134 134 133 133 133 133 133 133 132 132 132 132 132 132 131 131 131 131 131 130 130 130 130 130 129 129 129 129 129 128 128 128 128
144 144 144 144 144 142 142 142 142 142 142 142 142 142 142 142 140 140 140 140 140 140 140 140 140 138 138 138 138 138 138 138 138 138 137 137 137 137 137 137 137 137 136 136 136 136 136 136 136 135 135 135 135 135 135 135 134 134 134 134 134 134 134 133 133 133 133 133 133 132 132 132 132 132 131 131 131 131 131 131 130 130 130 130 130 129 129 129 129 129 128 128 128 128
162 144 144 144 143 143 143 143 143 143 143 143 142 142 142 141 141 141 141 141 141 141 140 140 139 139 139 139 139 139 138 138 138 137 137 137 137 137 137 137 137 136 136 136 136 136 136 136 136 135 135 135 135 135 135 134 134 134 134 134 134 134 133 133 133 133 133 133 132 132 132 132 132 132 131 131 131 131 131 130 130 130 130 130 129 129 129 129 129 128 128 128 128 128
163 163 145 144 144 144 144 144 143 143 143 143 143 143 142 142 142 142 141 141 141 141 141 141 140 140 140 139 139 139 139 139 138 138 137 137 137 137 137 137 136 136 136 136 136 136 136 136 135 135 135 135 135 135 135 134 134 134 134 134 134 133 133 133 133 133 133 133 132 132 132 132 132 131 131 131 131 131 131 130 130 130 130 130 129 129 129 129 129 128 128 128 128 128
164 164 145 145 144 144 144 144 144 144 144 144 144 143 143 142 142 142 142 142 142 142 142 141 140 140 140 140 140 140 140 140 138 138 138 138 138 138 138 137 136 136 136 136 136 136 136 135 135 135 135 135 135 135 134 134 134 134 134 134 134 133 133 133 133 133 133 132 132 132 132 132 132 131 131 131 131 131 130 130 130 130 130 129 129 129 129 129 128 128 128 128 128 127
165 163 163 145 145 145 145 145 145 145 145 144 143 143 143 143 143 143 143 143 143 142 141 141 141 141 141 141 141 140 140 139 139 139 139 139 138 138 138 137 137 137 137 136 136 136 136 135 135 135 135 135 135 135 134 134 134 134 134 134 133 133 133 133 133 133 132 132 132 132 132 132 131 131 131 131 131 131 130 130 130 130 130 129 129 129 129 129 128 128 128 128 128 127
168 164 164 164 146 146 146 145 145 145 145 144 144 144 144 144 144 143 143 143 143 142 142 142 142 142 141 141 141 141 140 140 140 140 139 139 139 139 138 138 137 137 137 137 137 137 136 135 135 135 135 135 135 134 134 134 134 134 134 134 133 133 133 133 133 133 132 132 132 132 132 132 131 131 131 131 131 130 130 130 130 130 129 129 129 129 129 128 128 128 128 128 127 127
171 168 165 164 146 146 146 146 146 146 145 145 145 145 144 144 144 144 144 144 143 143 143 142 142 142 142 142 142 141 141 140 140 140 140 140 140 140 138 138 138 138 138 138 137 136 136 136 136 136 135 135 134 134 134 134 134 134 134 133 133 133 133 133 133 132 132 132 132 132 132 131 131 131 131 131 131 130 130 130 130 130 129 129 129 129 129 128 128 128 128 128 127 127
173 170 167 165 165 147 147 147 147 147 145 145 145 145 145 145 145 145 145 145 143 143 143 143 143 143 143 143 142 141 141 141 141 141 141 140 140 139 139 139 139 139 138 138 138 137 137 137 136 136 136 136 135 135 134 134 134 134 133 133 133 133 133 133 133 132 132 132 132 132 131 131 131 131 131 131 130 130 130 130 130 129 129 129 129 129 128 128 128 128 128 127 127 127
176 173 170 166 166 166 147 147 147 146 146 146 146 146 146 146 145 145 145 144 144 144 144 144 144 143 143 143 142 142 142 142 142 141 141 141 140 140 140 139 139 139 139 139 138 138 137 137 137 137 137 135 135 135 135 135 135 134 133 133 133 133 133 133 132 132 132 132 132 132 131 131 131 131 131 130 130 130 130 130 130 129 129 129 129 129 128 128 128 128 128 127 127 127
179 175 172 169 166 166 148 148 147 147 147 147 147 146 146 146 146 146 145 145 145 145 144 144 144 144 144 143 143 143 142 142 142 142 142 141 141 140 140 140 140 140 140 138 138 138 138 138 138 137 136 136 136 136 136 135 135 134 134 134 133 133 133 132 132 132 132 132 132 131 131 131 131 131 131 130 130 130 130 130 129 129 129 129 129 128 128 128 128 128 127 127 127 127
180 178 175 172 168 167 167 148 148 147 147 147 147 147 147 147 147 146 146 145 145 145 145 145 145 145 144 143 143 143 143 143 143 143 142 141 141 141 141 141 141 140 140 139 139 139 139 138 138 138 137 137 137 136 136 136 135 135 134 134 134 134 134 132 132 132 132 132 132 131 131 131 131 131 130 130 130 130 130 130 129 129 129 129 129 128 128 128 128 127 127 127 127 127
183 180 178 175 172 167 166 166 148 148 148 148 148 148 148 147 146 146 146 146 146 146 146 146 145 144 144 144 144 144 144 144 143 143 142 142 142 142 141 141 141 141 140 140 140 139 139 139 139 138 138 137 137 137 137 137 135 135 135 135 135 134 133 133 133 133 132 132 131 131 131 131 131 131 130 130 130 130 130 129 129 129 129 129 128 128 128 128 128 127 127 127 127 126
184 182 180 177 174 170 167 167 149 149 149 149 148 148 148 147 147 147 147 147 147 146 146 146 146 145 145 145 145 144 144 144 144 143 143 143 142 142 142 142 142 141 140 140 140 140 140 140 138 138 138 138 138 138 137 136 136 136 136 135 135 135 134 134 133 133 133 133 132 131 131 131 131 130 130 130 130 130 130 129 129 129 129 129 128 128 128 128 127 127 127 127 127 126
187 184 182 180 176 173 169 168 167 149 149 149 149 149 148 148 148 148 147 147 147 147 147 147 146 146 145 145 145 145 145 145 144 143 143 143 143 143 143 143 141 141 141 141 141 141 140 140 139 139 139 139 138 138 137 137 137 136 136 136 136 135 134 134 134 134 134 132 132 132 132 132 131 130 130 130 130 130 129 129 129 129 129 128 128 128 128 128 127 127 127 127 126 126
189 187 185 180 178 175 171 168 168 168 150 150 150 149 148 148 148 148 148 148 148 148 148 146 146 146 146 146 146 146 146 145 144 144 144 144 144 144 143 143 142 142 142 142 141 141 141 140 140 140 139 139 139 139 138 137 137 137 137 137 135 135 135 135 135 134 133 133 133 133 132 132 131 131 130 130 130 129 129 129 129 129 128 128 128 128 128 127 127 127 127 127 126 126
190 188 185 183 180 178 174 171 169 169 151 150 149 149 149 149 149 149 149 149 148 148 147 147 147 147 147 147 146 146 146 145 145 145 145 144 144 144 144 143 143 142 142 142 142 142 141 140 140 140 140 140 140 138 138 138 138 138 137 137 136 136 136 135 135 135 134 134 133 133 133 132 132 131 131 131 131 129 129 129 129 129 128 128 128 128 128 127 127 127 127 126 126 126
192 189 187 185 183 180 177 173 169 169 169 151 150 150 150 150 150 149 149 149 149 148 148 148 148 147 147 147 147 147 146 146 145 145 145 145 145 145 144 143 143 143 143 143 143 141 141 141 141 141 141 140 139 139 139 139 138 138 138 137 137 136 136 136 136 135 134 134 134 134 134 132 132 132 132 131 130 130 130 130 129 128 128 128 128 128 127 127 127 127 127 126 126 126
194 192 189 187 184 182 179 176 173 170 170 151 151 150 150 150 150 150 150 150 149 149 148 148 148 148 148 148 148 147 146 146 146 146 146 146 146 144 144 144 144 144 144 143 143 142 142 142 142 141 141 141 140 140 139 139 139 139 138 137 137 137 137 137 135 135 135 135 135 134 133 133 133 132 132 132 131 131 130 130 130 129 128 128 128 128 127 127 127 127 126 126 126 126
195 193 191 189 187 184 182 179 176 171 169 169 151 151 151 151 151 151 151 149 149 149 149 149 149 149 149 148 147 147 147 147 147 147 146 146 145 145 145 145 145 144 144 144 143 143 142 142 142 142 142 141 140 140 140 140 140 139 138 138 138 138 137 137 136 136 136 135 135 134 134 134 133 133 133 132 131 131 131 131 129 129 129 129 128 127 127 127 127 127 126 126 126 126
197 195 193 191 189 186 183 181 178 173 170 170 152 152 152 152 151 151 150 150 150 150 150 150 149 149 149 148 148 148 148 147 147 147 147 147 146 146 145 145 145 145 145 144 143 143 143 143 143 143 141 141 141 141 141 140 140 139 139 139 138 138 138 137 137 136 136 136 136 135 134 134 134 134 132 132 132 132 132 130 130 130 130 129 128 128 128 127 127 126 126 126 126 126
199 196 194 192 190 188 186 183 179 176 173 171 170 152 152 152 152 152 151 151 151 150 150 150 150 150 150 149 149 148 148 148 148 148 148 147 146 146 146 146 146 146 144 144 144 144 144 144 143 143 142 142 142 141 141 141 140 140 139 139 139 139 138 137 137 137 137 137 135 135 135 135 135 134 133 133 133 132 132 131 131 130 130 130 129 128 128 128 128 126 126 126 126 126
200 198 196 194 192 190 187 185 181 178 175 171 171 171 153 153 153 152 151 151 151 151 151 151 151 151 149 149 149 149 149 149 149 148 147 147 147 147 147 147 146 146 145 145 145 145 144 144 144 143 143 142 142 142 142 141 140 140 140 140 140 139 138 138 138 138 137 137 136 136 136 135 135 134 134 133 133 133 132 131 131 131 131 129 129 129 129 128 127 127 127 126 126 126
202 200 198 196 194 191 188 186 184 181 178 174 172 172 154 153 152 152 152 152 152 152 152 151 151 150 150 150 150 150 150 149 149 148 148 148 148 147 147 147 147 146 146 145 145 145 145 145 144 143 143 143 143 143 142 141 141 141 141 140 140 139 139 139 138 138 138 137 137 136 136 136 135 134 134 134 134 134 132 132 132 132 131 130 130 130 129 128 128 128 127 127 127 127
203 201 199 198 195 193 191 188 186 183 180 176 172 172 172 153 153 153 153 153 152 152 152 152 151 151 151 151 150 150 150 150 149 149 149 148 148 148 148 148 147 146 146 146 146 146 146 144 144 144 144 144 143 143 142 142 142 141 141 141 140 140 139 139 139 139 138 137 137 137 137 137 135 135 135 135 134 133 133 133 132 132 131 131 130 130 130 129 128 128 128 128 127 127
205 203 201 199 197 195 193 190 187 185 182 179 176 173 172 154 154 153 153 153 153 153 153 152 152 151 151 151 151 151 151 150 149 149 149 149 149 149 149 147 147 147 147 147 147 146 146 145 145 145 144 144 144 143 143 142 142 142 142 142 140 140 140 140 140 138 138 138 138 138 137 136 136 136 135 135 134 134 133 133 133 132 132 131 131 131 129 129 129 129 128 128 128 128
206 205 202 200 198 196 194 192 190 187 185 182 179 173 172 172 154 154 154 154 154 154 152 152 152 152 152 152 152 152 151 150 150 150 150 150 149 149 148 148 148 148 147 147 147 147 146 146 145 145 145 145 145 143 143 143 143 143 143 141 141 141 141 140 140 139 139 139 138 138 137 137 136 136 136 136 135 134 134 134 134 132 132 132 132 131 130 130 130 129 129 129 129 128
207 205 203 202 200 198 196 194 192 190 186 183 179 176 173 173 155 155 155 154 154 153 153 153 153 153 153 152 152 152 151 151 151 151 150 150 150 150 149 149 148 148 148 148 148 147 146 146 146 146 146 145 144 144 144 144 144 143 142 142 142 141 141 141 140 140 139 139 139 139 138 137 137 137 137 135 135 135 135 134 133 133 133 132 132 131 131 130 130 130 130 129 129 129
208 207 205 203 202 200 197 195 193 191 188 185 182 179 175 174 173 155 155 155 154 154 154 154 153 153 153 153 153 152 152 151 151 151 151 151 151 150 149 149 149 149 149 149 147 147 147 147 147 146 146 145 145 145 145 144 144 143 143 143 142 142 142 141 140 140 140 140 140 138 138 138 138 137 136 136 136 135 135 134 134 134 133 133 132 132 131 131 131 130 130 130 130 129
210 208 206 204 203 201 199 197 195 192 190 187 183 180 177 174 174 156 156 155 155 154 154 154 154 154 154 154 153 152 152 152 152 152 152 151 150 150 150 150 150 150 149 148 148 148 148 147 147 147 146 146 146 145 145 145 145 144 143 143 143 143 142 141 141 141 141 140 139 139 139 138 138 138 137 137 136 136 136 135 134 134 134 134 132 132 132 132 131 131 131 131 130 130
211 209 208 206 205 203 201 199 196 193 191 188 186 183 180 176 175 175 155 155 155 155 155 155 155 155 154 153 153 153 153 153 153 152 152 151 151 151 151 150 150 150 150 149 149 148 148 148 148 147 147 146 146 146 146 146 144 144 144 144 144 143 142 142 142 141 141 141 140 140 139 139 139 138 137 137 137 137 135 135 135 135 134 133 133 133 132 132 132 132 131 131 131 131
213 211 210 208 206 204 202 199 197 195 193 191 188 186 182 178 175 174 156 156 156 156 156 155 155 155 154 154 154 154 153 153 153 153 152 152 152 151 151 151 151 151 150 149 149 149 149 149 148 147 147 147 147 147 146 145 145 145 145 144 144 143 143 142 142 142 142 141 140 140 140 140 138 138 138 138 138 136 136 136 136 135 134 134 134 133 133 133 132 132 132 132 131 131
