testData/tiles/oneDegreeCosts/grid19.0-10.0-20.0-11.0.asc
ncols   200
nrows   200
xllcorner   19.0
yllcorner   10.0
cellsize   0.005
NODATA_value   -9999.0
[rows 0 to 41 of 200, columns 94 to 187 of 200]
431 522 522 522 523 523 523 523 523 523 523 523 559 562 566 569 571 574 577 579 581 583 585 587 589 590 593 594 596 597 598 599 600 601 601 589 590 590 591 590 590 591 591 591 591 591 590 590 590 589 589 588 587 587 586 585 584 583 582 580 579 577 576 574 572 570 568 566 564 561 558 556 553 549 546 542 542 542 542 542 542 542 542 542 542 542 451 451 451 451 451 451 451 451
431 522 522 522 523 523 523 523 523 523 523 524 527 563 566 569 572 575 577 579 582 584 586 587 589 591 593 595 596 597 598 599 600 601 601 601 590 590 590 590 591 591 591 591 591 591 591 590 590 590 589 588 588 587 586 585 584 583 582 581 579 578 576 574 573 571 569 566 564 562 559 556 553 550 546 543 542 542 542 542 542 542 542 542 542 542 451 451 451 451 451 451 451 451
431 522 522 522 523 523 523 523 523 523 523 524 528 531 566 569 572 575 577 580 582 584 586 588 589 591 594 595 595 596 598 599 600 600 601 602 602 590 590 591 591 591 591 591 591 591 591 591 590 590 589 589 588 587 587 586 585 583 582 581 580 578 576 575 573 571 569 567 564 562 559 556 553 550 547 543 542 542 542 542 542 542 542 542 542 542 451 451 451 451 451 451 451 451
431 522 522 522 523 523 523 523 523 523 523 525 528 532 535 570 573 575 578 580 582 584 585 587 589 590 593 594 596 597 598 599 600 601 601 602 603 603 591 591 591 592 592 592 592 592 591 591 591 590 590 589 588 588 587 586 585 584 583 581 580 578 577 575 573 571 569 567 565 562 560 557 554 551 547 544 542 542 542 542 542 542 542 542 542 542 451 451 451 451 451 451 450 450
431 522 522 522 523 523 523 523 523 523 523 525 529 532 535 538 572 575 577 580 582 584 586 587 589 591 593 595 596 597 598 599 600 601 602 602 603 604 591 591 592 592 592 592 592 592 592 591 591 591 590 589 589 588 587 586 585 584 583 582 580 579 577 575 574 572 570 568 565 563 560 557 554 551 548 544 542 542 542 542 542 542 542 542 542 542 451 451 451 450 450 450 450 450
431 522 522 522 523 523 523 523 522 522 522 525 528 532 535 538 540 575 578 580 582 584 586 588 590 591 594 595 596 597 599 600 601 601 602 603 603 604 604 592 592 592 592 592 592 592 592 592 591 591 590 590 589 588 588 587 586 584 583 582 581 579 578 576 574 572 570 568 566 563 560 558 555 552 548 545 542 542 542 542 542 542 542 542 542 541 450 450 450 450 450 450 450 450
430 521 521 521 522 522 522 522 522 522 522 525 529 532 535 538 541 544 578 580 582 584 586 588 590 591 594 595 597 598 599 600 601 602 602 603 604 604 605 605 592 592 593 593 593 592 592 592 592 591 591 590 589 589 588 587 586 585 584 582 581 579 578 576 574 572 570 568 566 564 561 558 555 552 549 545 542 542 542 542 542 541 541 541 541 541 450 450 450 450 450 450 450 450
430 521 521 522 522 522 522 522 522 522 522 526 529 532 536 539 541 544 546 581 583 585 587 589 590 593 594 596 597 598 599 600 601 602 603 603 604 605 605 605 606 593 593 593 593 593 593 592 592 592 591 590 590 589 588 587 586 585 584 583 581 580 578 577 575 573 571 569 566 564 561 559 556 552 549 546 542 541 541 541 541 541 541 541 541 541 450 450 450 450 450 450 450 450
521 521 521 522 522 522 522 522 522 522 522 526 530 533 536 539 542 544 547 549 583 585 587 589 591 593 595 596 597 598 600 601 601 602 603 604 604 605 605 606 606 606 593 593 593 593 593 593 592 592 591 591 590 589 588 588 587 585 584 583 582 580 579 577 575 573 571 569 567 564 562 559 556 552 549 545 541 541 541 541 541 541 541 541 541 541 541 450 450 450 450 450 450 450
521 521 521 522 522 522 522 522 522 522 523 526 530 533 536 539 542 545 547 549 552 586 587 589 591 593 595 596 598 599 600 601 602 603 603 604 605 605 606 606 606 606 606 594 593 593 593 593 593 592 592 591 590 590 589 588 587 586 585 583 582 580 579 577 575 574 572 569 567 564 561 558 555 552 549 545 542 541 541 541 541 541 541 541 541 541 541 450 450 450 450 450 450 450
521 521 521 522 522 522 522 522 522 522 523 527 530 534 537 540 542 545 547 550 552 554 588 590 591 594 595 597 598 599 600 601 602 603 604 604 605 605 606 606 606 607 607 594 594 594 593 593 593 592 592 591 591 590 589 588 587 586 585 584 582 581 579 578 576 573 571 569 566 564 561 559 556 553 549 546 542 541 541 541 541 541 541 541 541 541 541 450 450 450 450 450 450 450
521 521 521 522 522 522 522 522 522 522 524 527 531 534 537 540 543 545 548 550 552 554 556 590 592 594 596 597 598 599 601 602 602 603 604 605 605 606 606 607 607 607 607 607 594 594 594 594 593 593 592 592 591 590 589 589 588 586 585 584 582 580 579 577 575 573 571 569 567 564 562 559 556 553 550 546 543 541 541 541 541 541 541 541 541 541 541 450 450 450 450 450 450 450
521 521 521 522 522 522 522 522 522 522 524 528 531 535 538 541 543 546 548 550 553 555 556 558 592 594 596 597 599 600 601 602 603 604 604 605 606 606 606 607 607 607 607 607 607 594 594 594 593 593 593 592 591 591 590 588 587 586 585 583 582 580 579 577 575 574 572 569 567 565 562 560 557 554 550 547 543 541 541 541 541 541 541 541 541 541 541 450 450 450 450 450 450 450
521 521 521 522 522 522 522 522 522 522 525 528 532 535 538 541 544 546 549 551 553 555 557 559 560 595 596 598 599 600 601 602 603 604 605 605 606 606 607 607 607 608 608 608 608 608 594 594 594 593 592 591 591 590 589 588 587 586 585 584 582 581 579 578 576 574 572 570 568 565 563 560 557 554 551 547 544 541 541 541 541 541 541 541 541 541 541 450 450 450 450 450 450 450
521 521 521 522 522 522 522 522 522 522 525 529 532 535 538 541 544 547 549 551 553 555 557 559 561 563 597 598 599 600 601 602 603 604 605 606 606 607 607 607 608 608 608 608 608 607 594 593 593 593 592 592 591 590 589 588 587 586 585 584 583 581 580 578 576 574 572 570 568 566 563 560 557 554 551 548 544 541 541 541 541 541 541 541 541 541 541 450 450 450 450 450 450 450
521 521 521 522 522 522 522 522 522 522 525 529 533 536 539 542 544 547 549 552 554 556 557 559 561 563 565 598 599 601 602 603 604 604 605 606 606 607 607 607 607 607 607 607 607 607 607 594 593 593 592 592 591 590 590 589 588 587 585 584 583 581 580 578 576 575 573 571 568 566 563 561 558 555 552 548 544 541 541 541 541 541 541 541 541 541 541 450 450 450 450 450 450 450
521 521 521 522 522 522 522 522 522 522 526 530 533 536 539 542 545 547 550 552 554 556 558 560 562 564 565 567 600 601 602 603 604 604 604 605 606 606 607 607 607 607 608 608 608 607 607 607 594 593 593 592 591 591 590 589 588 587 586 585 583 582 580 579 577 575 573 571 569 566 564 561 558 555 552 549 545 541 541 541 541 541 541 541 541 541 541 450 450 450 450 450 450 450
521 521 521 522 522 522 522 522 522 522 526 530 533 537 540 542 545 548 550 552 554 556 558 560 563 564 566 566 567 600 601 602 603 604 605 605 606 607 607 607 608 608 608 608 608 608 608 607 607 594 593 592 592 591 590 589 588 587 586 585 584 582 581 579 577 575 573 571 569 567 564 561 559 556 552 549 545 541 541 541 541 541 541 541 541 541 541 450 450 450 449 449 449 449
521 521 521 522 522 522 522 522 522 523 527 530 534 537 540 543 545 548 550 552 554 556 557 559 562 563 565 566 567 569 602 603 604 604 605 606 606 607 607 608 608 608 608 608 608 608 608 608 607 594 593 593 592 591 591 590 589 588 586 585 584 582 581 579 577 576 574 572 569 567 564 562 559 556 553 549 546 542 541 541 541 541 541 541 541 541 540 449 449 449 449 449 449 449
521 521 521 522 522 522 522 522 522 523 527 531 533 536 539 542 545 547 550 552 554 556 558 560 562 564 565 566 568 569 570 603 604 605 605 606 607 607 607 608 608 608 608 608 608 608 608 608 607 607 594 593 592 592 591 590 589 588 587 585 584 583 581 580 578 576 574 572 570 567 565 562 559 556 553 550 546 542 541 541 541 541 540 540 540 540 540 540 449 449 449 449 449 449
521 521 521 521 521 521 521 521 521 523 527 530 534 537 540 543 545 548 550 552 554 556 558 560 562 564 565 567 568 569 570 571 604 605 606 606 607 607 608 608 608 609 609 609 609 609 608 608 608 607 594 593 593 592 591 590 589 588 587 586 584 583 581 580 578 576 574 572 570 568 565 563 560 557 554 550 547 543 540 540 540 540 540 540 540 540 540 540 449 449 449 449 449 382
520 520 520 521 521 521 521 521 521 523 527 531 534 537 540 543 546 548 550 553 555 557 558 560 563 564 566 567 568 569 571 571 572 573 606 607 607 608 608 608 609 609 609 609 609 609 609 608 608 608 607 594 593 592 591 590 590 588 587 586 585 583 582 580 578 577 575 573 570 568 566 563 560 556 553 550 546 542 540 540 540 540 540 540 540 540 540 540 449 449 382 382 382 382
520 520 521 521 521 521 521 521 521 524 527 531 534 537 540 543 546 548 551 553 555 557 559 560 563 565 566 567 569 570 571 572 573 573 574 607 607 608 608 609 609 609 609 609 609 609 609 609 608 608 607 607 593 592 592 591 590 589 588 586 585 584 582 580 579 577 575 573 570 567 565 562 559 556 553 550 546 543 540 540 540 540 540 540 540 540 540 473 382 382 382 382 382 382
520 520 521 521 521 521 521 521 521 524 528 531 535 538 541 544 546 549 551 553 555 557 559 561 563 565 566 568 569 570 571 572 573 574 574 575 608 608 609 609 609 609 610 610 610 609 609 609 609 608 608 607 593 593 592 591 590 589 588 587 585 584 582 580 578 576 574 572 570 568 565 563 560 557 554 550 547 543 540 540 540 540 540 473 473 473 473 473 382 382 382 382 382 382
520 520 521 521 521 521 521 521 521 524 528 532 535 538 541 544 547 549 551 554 556 558 559 561 564 565 567 568 569 570 571 572 573 574 575 575 576 608 609 609 609 610 610 610 610 610 609 609 609 608 608 607 607 593 592 591 590 589 587 586 585 583 582 580 578 577 575 573 570 568 566 563 560 557 554 551 547 543 540 540 473 473 473 473 473 473 473 473 382 382 382 382 382 382
520 520 521 521 521 521 521 521 521 525 529 532 535 539 542 544 547 549 552 554 556 558 560 561 564 565 567 568 569 571 572 573 574 574 575 576 576 577 609 609 610 610 610 610 610 610 610 609 609 609 608 608 607 592 592 591 590 589 587 586 585 583 582 580 579 577 575 573 571 568 566 563 561 558 554 551 481 477 473 473 473 473 473 473 473 473 473 473 382 382 382 382 382 382
520 520 521 521 521 521 521 521 521 525 529 533 536 539 542 545 547 550 552 554 556 558 560 562 564 566 567 569 570 571 572 573 574 575 575 576 577 577 577 610 610 610 610 610 610 610 610 609 608 608 608 607 606 606 592 591 590 589 588 587 585 584 582 581 579 577 575 573 571 569 566 564 494 491 488 485 481 477 473 473 473 473 473 473 473 473 473 473 382 382 382 382 382 382
520 520 521 521 521 521 521 521 522 526 529 533 536 539 542 545 548 550 552 554 557 558 560 562 565 566 567 569 570 571 572 573 574 575 576 576 577 577 578 578 609 609 610 610 610 609 609 609 609 608 608 607 607 606 592 591 590 589 588 587 585 584 583 581 579 577 576 506 504 502 500 497 494 491 488 485 481 478 474 473 473 473 473 473 473 473 473 473 382 382 382 382 382 382
520 520 521 521 521 521 521 521 522 526 530 533 537 540 543 545 548 550 553 555 557 559 561 562 565 566 568 569 570 571 572 573 574 575 575 575 576 577 577 577 578 578 610 610 610 610 610 609 609 609 608 607 607 606 605 591 590 589 588 587 586 584 516 514 513 511 509 507 505 502 500 497 495 492 489 485 482 478 474 473 473 473 473 473 473 473 473 473 382 382 381 381 381 381
520 520 521 521 521 521 521 521 522 526 530 534 537 540 543 546 548 551 553 555 557 559 561 563 565 567 568 568 570 571 572 573 574 574 575 576 576 577 577 578 578 578 578 610 610 610 610 610 609 609 608 608 607 606 606 525 524 523 522 520 519 518 516 515 513 511 509 507 505 503 500 498 495 492 489 486 482 478 474 473 473 473 473 473 473 473 472 472 381 381 381 381 381 381
453 453 454 454 454 454 521 521 523 527 531 534 537 540 543 546 549 551 553 554 556 558 560 562 564 566 567 569 570 571 572 573 574 575 575 576 577 577 577 578 578 578 578 578 610 610 610 543 542 542 542 541 540 540 539 538 524 523 522 521 519 518 516 515 513 511 509 507 505 503 501 498 495 492 489 486 483 479 475 473 473 472 472 472 472 472 472 472 381 381 381 381 381 381
453 453 454 454 454 454 454 454 456 460 463 466 470 473 476 478 481 483 486 488 490 492 493 495 498 499 501 502 503 504 505 506 507 508 509 509 510 510 511 511 511 512 512 512 512 544 543 543 543 542 542 541 541 540 539 538 524 523 522 521 520 518 517 515 513 512 510 508 506 503 501 498 496 493 490 486 482 478 474 472 472 472 472 472 472 472 472 472 472 381 381 381 381 381
452 452 453 453 453 453 453 453 456 460 463 467 470 473 476 479 481 484 486 488 490 492 494 495 498 499 501 502 503 505 506 507 507 508 509 510 510 511 511 511 512 512 512 512 512 512 544 543 543 543 542 542 541 540 539 539 538 524 522 521 520 518 517 515 514 512 510 508 506 504 501 498 495 492 489 486 482 479 475 472 472 472 472 472 472 472 472 472 472 381 381 381 381 381
452 452 453 453 453 453 453 453 456 460 464 467 470 473 476 479 481 484 486 488 490 492 494 496 498 500 501 502 504 505 506 507 508 508 509 510 510 511 511 512 512 512 512 512 512 512 512 544 543 543 542 542 541 540 540 539 538 524 523 521 520 519 517 516 514 512 509 507 505 503 500 498 495 492 489 486 483 479 475 472 472 472 472 472 472 472 472 472 472 381 381 381 381 381
452 452 453 453 453 453 453 453 457 460 464 467 471 474 477 479 482 484 486 489 491 493 494 497 499 500 501 503 504 505 506 507 508 509 509 510 511 511 512 512 512 512 512 512 512 512 512 512 512 543 543 542 541 541 540 539 538 537 523 522 519 518 517 515 513 512 510 508 505 503 501 498 496 493 490 486 483 479 476 472 472 472 472 472 472 472 472 472 472 381 381 381 381 381
452 452 453 453 453 453 453 453 457 461 464 468 471 474 477 480 482 484 487 489 491 493 495 497 499 500 502 503 504 505 506 507 508 509 510 510 511 511 512 512 512 513 513 513 513 513 512 512 512 511 543 542 542 541 539 538 537 536 522 521 520 518 517 515 514 512 510 508 506 503 501 499 496 493 490 487 483 480 476 472 472 472 472 472 472 472 472 472 472 381 381 381 381 381
452 452 453 453 453 453 453 453 457 461 465 468 471 474 477 480 482 485 487 489 491 493 495 498 499 501 502 503 504 506 507 508 508 509 510 511 511 512 512 512 513 513 513 513 513 513 513 512 511 511 510 542 541 540 539 539 538 537 522 521 520 519 517 516 514 512 510 508 506 504 501 499 496 493 490 487 484 480 476 472 472 472 472 472 472 472 472 472 472 381 381 381 381 381
452 452 453 453 453 453 453 454 458 462 465 469 472 475 478 480 483 485 487 489 491 493 495 498 499 501 502 504 505 506 507 508 509 509 510 511 511 512 512 513 513 513 512 512 512 512 512 512 511 511 510 510 541 540 540 539 538 537 536 522 520 519 517 516 514 512 510 508 506 504 502 499 497 494 491 488 484 481 477 473 472 472 472 472 472 472 472 472 472 381 381 380 380 380
452 452 453 453 453 453 453 454 458 462 465 469 472 475 478 481 483 485 488 490 492 494 495 498 500 501 503 504 505 506 507 508 509 510 510 510 511 511 511 512 512 512 512 512 512 512 512 512 511 511 511 510 509 509 540 539 538 537 536 522 521 519 518 516 514 513 511 509 507 504 502 500 497 494 491 488 484 481 477 473 472 472 472 472 472 472 471 471 471 380 380 380 380 380
452 452 453 453 453 453 453 454 458 462 466 469 472 475 478 481 483 486 488 490 492 494 496 498 500 501 503 503 504 505 506 507 508 509 510 510 511 511 512 512 512 513 513 513 513 513 512 512 512 511 511 510 510 509 508 539 538 537 536 535 521 519 518 516 515 513 511 509 507 505 502 500 497 494 491 488 485 481 477 473 472 471 471 471 471 471 471 471 471 380 380 380 380 380
452 452 453 453 453 453 453 455 459 463 466 470 473 476 478 481 484 486 487 489 491 493 495 498 499 501 502 503 504 506 507 508 508 509 510 511 511 512 512 512 513 513 513 513 513 513 513 512 512 512 511 511 510 509 508 508 539 538 536 535 521 520 518 517 515 513 511 509 507 505 503 500 497 495 492 489 484 481 477 473 471 471 471 471 471 471 471 471 471 380 380 380 380 380
452 452 453 453 453 453 453 455 458 462 466 469 472 475 478 480 483 485 487 490 492 493 495 498 499 501 502 504 505 506 507 508 509 509 510 511 511 512 512 513 513 513 513 513 513 513 513 513 512 512 511 511 510 509 509 508 507 506 537 536 521 520 518 517 515 513 512 510 507 505 503 499 497 494 491 488 485 482 477 473 471 471 471 471 471 471 471 471 471 380 380 380 380 380
