testData/tiles/oneDegreeCosts/grid41.0-30.0-42.0-31.0.asc
ncols   200
nrows   200
xllcorner   41.0
yllcorner   30.0
cellsize   0.005
NODATA_value   -9999.0
[rows 126 to 167 of 200, columns 94 to 187 of 200]
323 323 323 323 323 323 323 324 324 324 324 324 324 324 324 324 324 324 325 325 325 325 325 325 325 325 325 325 325 325 197 197 197 197 197 197 197 197 197 197 197 197 197 197 197 197 197 197 197 197 197 197 197 197 197 197 197 197 197 197 197 197 197 197 197 197 197 197 197 197 197 251 283 448 460 467 469 467 460 448 430 398 326 326 326 326 326 326 326 326 326 326 326 326
323 323 323 323 323 323 323 324 324 324 324 324 324 324 324 324 324 324 325 325 325 325 325 325 325 325 325 325 325 326 326 197 197 197 197 197 197 197 197 197 197 197 197 197 197 197 197 197 197 197 197 197 197 197 197 197 197 197 197 197 197 197 197 197 197 197 197 197 197 197 197 254 284 450 461 468 470 468 461 450 431 401 327 327 327 326 326 326 326 326 326 326 326 326
323 323 323 323 323 323 323 324 324 324 324 324 324 324 324 324 324 325 325 325 325 325 325 325 325 325 325 325 325 326 326 326 197 197 197 197 197 197 197 197 197 197 197 197 197 197 197 197 197 197 197 197 197 197 197 197 197 197 197 197 197 197 197 197 197 197 197 197 197 197 197 256 286 451 463 469 471 469 463 451 433 403 327 327 327 327 326 326 326 326 326 326 326 326
323 323 323 323 323 323 324 324 324 324 324 324 324 324 324 324 324 325 325 325 325 325 325 325 325 325 325 325 326 326 326 326 326 197 197 197 197 197 197 197 197 197 197 197 197 197 197 197 197 197 197 197 197 197 197 197 197 197 197 197 197 197 197 197 197 197 197 197 197 197 197 258 287 452 464 470 472 470 464 452 434 405 327 327 327 327 327 327 326 326 326 326 326 326
323 323 323 323 323 323 324 324 324 324 324 324 324 324 324 324 324 325 325 325 325 325 325 325 325 325 325 325 326 326 326 326 326 197 197 197 197 197 197 197 197 197 197 197 197 197 197 197 197 197 197 197 197 197 197 197 197 197 197 197 197 197 197 197 197 197 197 197 197 197 197 260 288 306 465 471 473 471 465 453 435 407 327 327 327 327 327 327 327 327 326 326 326 326
323 323 323 323 323 324 324 324 324 324 324 324 324 324 324 324 325 325 325 325 325 325 325 325 325 325 325 326 326 326 326 326 326 326 197 197 197 197 197 197 197 197 197 197 197 197 197 197 197 197 197 197 197 197 197 197 197 197 197 197 197 197 197 197 197 197 197 197 197 197 220 261 290 308 466 472 474 472 466 455 437 408 367 327 327 327 327 327 327 327 327 326 326 326
323 323 323 323 323 324 324 324 324 324 324 324 324 324 324 324 325 325 325 325 325 325 325 325 325 325 325 326 326 326 326 326 326 326 326 197 197 197 197 197 197 197 197 197 197 197 197 197 197 197 197 197 197 197 197 197 197 197 197 197 197 197 197 197 197 197 197 197 197 197 220 263 291 309 467 473 475 473 467 456 438 410 367 327 327 327 327 327 327 327 327 327 326 326
323 323 323 323 323 324 324 324 324 324 324 324 324 324 324 325 325 325 325 325 325 325 325 325 325 325 326 326 326 326 326 326 326 326 326 326 197 197 197 197 197 197 197 197 197 197 197 197 197 197 197 197 197 197 197 197 197 197 197 197 197 197 197 197 197 197 197 197 197 197 220 265 292 310 468 474 476 474 468 457 439 412 367 327 327 327 327 327 327 327 327 327 327 326
323 323 323 323 324 324 324 324 324 324 324 324 324 324 324 325 325 325 325 325 325 325 325 325 325 325 326 326 326 326 326 326 326 326 326 326 197 197 197 197 197 197 197 197 197 197 197 197 197 197 197 197 197 197 197 197 197 197 197 197 197 197 197 197 197 197 197 197 197 197 220 268 294 311 469 475 477 475 469 458 441 414 367 327 327 327 327 327 327 327 327 327 327 327
323 323 323 323 324 324 324 324 324 324 324 324 324 324 324 325 325 325 325 325 325 325 325 325 325 326 326 326 326 326 326 326 326 326 326 326 327 197 197 197 197 197 197 197 197 197 197 197 197 197 197 197 197 197 197 197 197 197 197 197 197 197 197 197 197 197 197 197 197 197 221 269 296 313 471 477 479 477 470 459 442 415 367 327 327 327 327 327 327 327 327 327 327 327
323 323 323 323 324 324 324 324 324 324 324 324 324 324 325 325 325 325 325 325 325 325 325 325 325 326 326 326 326 326 326 326 326 326 326 326 327 327 197 197 197 197 197 197 197 197 197 197 197 197 197 197 197 197 197 197 197 197 197 197 197 197 197 197 197 197 197 197 197 197 221 271 297 314 472 478 480 478 472 461 443 417 367 327 327 327 327 327 327 327 327 327 327 327
323 323 323 323 324 324 324 324 324 324 324 324 324 324 325 325 325 325 325 325 325 325 325 325 326 326 326 326 326 326 326 326 326 326 326 327 327 327 327 197 197 197 197 197 197 197 197 197 197 197 197 197 197 197 197 197 197 197 197 197 197 197 197 197 197 197 197 197 197 197 223 272 298 315 473 479 481 479 473 462 445 419 369 327 327 327 327 327 327 327 327 327 327 327
323 323 323 324 324 324 324 324 324 324 324 324 324 324 325 325 325 325 325 325 325 325 325 325 326 326 326 326 326 326 326 326 326 326 326 327 327 327 327 197 197 197 197 197 197 197 197 197 197 197 197 197 197 197 197 197 197 197 197 197 197 197 197 197 197 197 197 197 197 197 226 274 300 316 474 480 482 480 474 463 447 421 373 328 327 327 327 327 327 327 327 327 327 327
323 323 323 324 324 324 324 324 324 324 324 324 324 325 325 325 325 325 325 325 325 325 325 325 326 326 326 326 326 326 326 326 326 326 327 327 327 327 327 327 197 197 197 197 197 197 197 197 197 197 197 197 197 197 197 197 197 197 197 197 197 197 197 197 197 197 197 197 197 197 229 275 301 317 475 481 483 481 475 464 448 422 376 328 328 327 327 327 327 327 327 327 327 327
323 323 323 324 324 324 324 324 324 324 324 324 324 325 325 325 325 325 325 325 325 325 325 326 326 326 326 326 326 326 326 326 326 326 327 327 327 327 327 327 327 197 197 197 197 197 197 197 197 197 197 197 197 197 197 197 197 197 197 197 197 197 197 197 197 197 197 197 197 197 232 277 302 318 476 482 484 482 476 465 449 424 379 328 328 328 327 327 327 327 327 327 327 327
323 323 323 324 324 324 324 324 324 324 324 324 324 325 325 325 325 325 325 325 325 325 325 326 326 326 326 326 326 326 326 326 326 326 327 327 327 327 327 327 327 327 197 197 197 197 197 197 197 197 197 197 197 197 197 197 197 197 197 197 197 197 197 197 197 197 197 197 197 197 234 278 303 319 330 483 485 483 477 466 450 425 381 328 328 328 328 327 327 327 327 327 327 327
323 323 323 324 324 324 324 324 324 324 324 324 324 325 325 325 325 325 325 325 325 325 325 326 326 326 326 326 326 326 326 326 326 327 327 327 327 327 327 327 327 327 197 197 197 197 197 197 197 197 197 197 197 197 197 197 197 197 197 197 197 197 197 197 197 197 197 197 197 197 237 280 304 320 331 484 486 484 478 467 451 427 384 328 328 328 328 328 327 327 327 327 327 327
323 323 324 324 324 324 324 324 324 324 324 324 324 325 325 325 325 325 325 325 325 325 325 326 326 326 326 326 326 326 326 326 326 327 327 327 327 327 327 327 327 327 327 197 197 197 197 197 197 197 197 197 197 197 197 197 197 197 197 197 197 197 197 197 197 197 197 197 197 197 239 281 305 321 332 485 486 485 479 468 452 428 386 328 328 328 328 328 327 327 327 327 327 327
323 323 324 324 324 324 324 324 324 324 324 324 325 325 325 325 325 325 325 325 325 325 325 326 326 326 326 326 326 326 326 326 326 327 327 327 327 327 327 327 327 327 327 328 197 197 197 197 197 197 197 197 197 197 197 197 197 197 197 197 197 197 197 197 197 197 197 197 197 197 241 283 306 322 333 485 487 485 480 469 453 429 388 328 328 328 328 328 328 327 327 327 327 327
323 323 324 324 324 324 324 324 324 324 324 324 325 325 325 325 325 325 325 325 325 325 326 326 326 326 326 326 326 326 326 326 326 327 327 327 327 327 327 327 327 327 327 328 197 197 197 197 197 197 197 197 197 197 197 197 197 197 197 197 197 197 197 197 197 197 197 197 197 197 245 285 308 324 334 487 488 486 480 470 454 431 391 328 328 328 328 328 328 327 327 327 327 327
323 323 324 324 324 324 324 324 324 324 324 324 325 325 325 325 325 325 325 325 325 325 326 326 326 326 326 326 326 326 326 326 327 327 327 327 327 327 327 327 327 327 327 328 328 197 197 197 197 197 197 197 197 197 197 197 197 197 197 197 197 197 197 197 197 197 197 197 197 197 247 286 309 325 335 488 490 488 481 471 455 432 393 328 328 328 328 328 328 328 327 327 327 327
323 323 324 324 324 324 324 324 324 324 324 324 325 325 325 325 325 325 325 325 325 325 326 326 326 326 326 326 326 326 326 326 327 327 327 327 327 327 327 327 327 327 328 328 328 328 197 197 197 197 197 197 197 197 197 197 197 197 197 197 197 197 197 197 197 197 197 197 197 197 249 287 310 326 336 489 491 489 483 472 456 433 395 328 328 328 328 328 328 328 327 327 327 327
323 323 324 324 324 324 324 324 324 324 324 324 325 325 325 325 325 325 325 325 325 325 326 326 326 326 326 326 326 326 326 326 327 327 327 327 327 327 327 327 327 327 328 328 328 328 197 197 197 197 197 197 197 197 197 197 197 197 197 197 197 197 197 197 197 197 197 197 197 197 250 288 311 327 337 490 492 490 484 474 457 434 396 328 328 328 328 328 328 328 328 327 327 327
323 323 324 324 324 324 324 324 324 324 324 324 325 325 325 325 325 325 325 325 325 325 326 326 326 326 326 326 326 326 326 326 327 327 327 327 327 327 327 327 327 327 328 328 328 328 328 197 197 197 197 197 197 197 197 197 197 197 197 197 197 197 197 197 197 197 197 197 197 197 252 290 312 328 338 343 492 490 485 475 458 436 398 328 328 328 328 328 328 328 328 327 327 327
323 323 324 324 324 324 324 324 324 324 324 324 325 325 325 325 325 325 325 325 325 325 326 326 326 326 326 326 326 326 326 326 327 327 327 327 327 327 327 327 327 327 328 328 328 328 328 328 197 197 197 197 197 197 197 197 197 197 197 197 197 197 197 197 197 197 197 197 197 197 254 291 313 329 339 344 493 491 486 476 460 437 400 328 328 328 328 328 328 328 328 327 327 327
323 323 324 324 324 324 324 324 324 324 324 324 325 325 325 325 325 325 325 325 325 325 326 326 326 326 326 326 326 326 326 326 327 327 327 327 327 327 327 327 327 327 328 328 328 328 328 328 197 197 197 197 197 197 197 197 197 197 197 197 197 197 197 197 197 197 197 197 197 197 256 292 314 329 339 345 494 492 486 476 461 438 402 328 328 328 328 328 328 328 328 327 327 327
323 323 324 324 324 324 324 324 324 324 324 324 325 325 325 325 325 325 325 325 325 325 326 326 326 326 326 326 326 326 326 326 327 327 327 327 327 327 327 327 327 327 328 328 328 328 328 328 328 197 197 197 197 197 197 197 197 197 197 197 197 197 197 197 197 197 197 197 197 197 257 293 315 330 340 346 495 493 487 477 462 439 403 328 328 328 328 328 328 328 328 327 327 327
323 323 324 324 324 324 324 324 324 324 324 324 325 325 325 325 325 325 325 325 325 325 326 326 326 326 326 326 326 326 326 326 327 327 327 327 327 327 327 327 327 327 328 328 328 328 328 328 328 328 197 197 197 197 197 197 197 197 197 197 197 197 197 197 197 197 197 197 197 197 259 294 316 331 341 346 495 493 488 478 463 440 405 328 328 328 328 328 328 328 328 327 327 327
323 324 324 324 324 324 324 324 324 324 324 325 325 325 325 325 325 325 325 325 325 326 326 326 326 326 326 326 326 326 326 327 327 327 327 327 327 327 327 327 327 328 328 328 328 328 328 328 328 328 197 197 197 197 197 197 197 197 197 197 197 197 197 197 197 197 197 197 197 197 260 296 317 332 342 347 496 494 489 479 464 442 406 328 328 328 328 328 328 328 328 328 327 327
323 323 324 324 324 324 324 324 324 324 324 324 325 325 325 325 325 325 325 325 325 325 326 326 326 326 326 326 326 326 326 326 327 327 327 327 327 327 327 327 327 327 328 328 328 328 328 328 328 328 328 197 197 197 197 197 197 197 197 197 197 197 197 197 197 197 197 197 197 197 262 296 318 333 342 348 497 495 489 480 465 442 408 328 328 328 328 328 328 328 328 327 327 327
323 323 324 324 324 324 324 324 324 324 324 324 325 325 325 325 325 325 325 325 325 325 326 326 326 326 326 326 326 326 326 326 327 327 327 327 327 327 327 327 327 327 328 328 328 328 328 328 328 328 328 328 197 197 197 197 197 197 197 197 197 197 197 197 197 197 197 197 197 197 263 297 319 333 343 349 497 496 490 480 466 443 409 328 328 328 328 328 328 328 328 327 327 327
323 323 324 324 324 324 324 324 324 324 324 324 325 325 325 325 325 325 325 325 325 325 326 326 326 326 326 326 326 326 326 326 327 327 327 327 327 327 327 327 327 327 328 328 328 328 328 328 328 328 328 328 197 197 197 197 197 197 197 197 197 197 197 197 197 197 197 197 197 197 265 298 320 334 344 349 351 496 491 481 467 444 411 328 328 328 328 328 328 328 328 327 327 327
323 323 324 324 324 324 324 324 324 324 324 324 325 325 325 325 325 325 325 325 325 325 326 326 326 326 326 326 326 326 326 326 327 327 327 327 327 327 327 327 327 327 328 328 328 328 328 328 328 328 328 328 329 197 197 197 197 197 197 197 197 197 197 197 197 197 197 197 197 197 266 299 320 335 344 350 352 497 491 482 467 445 412 328 328 328 328 328 328 328 328 327 327 327
323 323 324 324 324 324 324 324 324 324 324 324 325 325 325 325 325 325 325 325 325 325 326 326 326 326 326 326 326 326 326 326 327 327 327 327 327 327 327 327 327 327 328 328 328 328 328 328 328 328 328 328 329 197 197 197 197 197 197 197 197 197 197 197 197 197 197 197 197 197 267 300 321 336 345 351 352 498 492 483 467 446 413 328 328 328 328 328 328 328 328 327 327 327
323 323 324 324 324 324 324 324 324 324 324 324 325 325 325 325 325 325 325 325 325 325 326 326 326 326 326 326 326 326 326 326 327 327 327 327 327 327 327 327 327 327 328 328 328 328 328 328 328 328 328 328 329 329 197 197 197 197 197 197 197 197 197 197 197 197 197 197 197 197 269 301 322 336 346 351 353 498 493 483 468 447 415 328 328 328 328 328 328 328 328 327 327 327
323 323 324 324 324 324 324 324 324 324 324 324 325 325 325 325 325 325 325 325 325 325 326 326 326 326 326 326 326 326 326 326 327 327 327 327 327 327 327 327 327 327 328 328 328 328 328 328 328 328 328 328 328 329 329 197 197 197 197 197 197 197 197 197 197 197 197 197 197 197 270 302 323 337 347 352 354 499 494 483 469 448 416 328 328 328 328 328 328 328 327 327 327 327
323 323 324 324 324 324 324 324 324 324 324 324 325 325 325 325 325 325 325 325 325 325 326 326 326 326 326 326 326 326 326 326 327 327 327 327 327 327 327 327 327 327 327 328 328 328 328 328 328 328 328 328 328 329 329 197 197 197 197 197 197 197 197 197 197 197 197 197 197 222 271 303 324 338 347 353 354 500 493 484 470 449 417 368 328 328 328 328 328 328 327 327 327 327
323 323 324 324 324 324 324 324 324 324 324 324 325 325 325 325 325 325 325 325 325 325 326 326 326 326 326 326 326 326 326 326 326 327 327 327 327 327 327 327 327 327 327 328 328 328 328 328 328 328 328 328 328 328 329 329 197 197 197 197 197 197 197 197 197 197 197 197 197 222 272 304 324 338 348 353 354 354 494 484 470 450 418 368 328 328 328 328 328 327 327 327 327 327
323 323 324 324 324 324 324 324 324 324 324 324 325 325 325 325 325 325 325 325 325 325 325 326 326 326 326 326 326 326 326 326 326 327 327 327 327 327 327 327 327 327 327 328 328 328 328 328 328 328 328 328 328 328 329 329 197 197 197 197 197 197 197 197 197 197 197 197 197 221 273 305 324 338 348 353 355 354 495 485 471 451 420 368 328 328 328 328 328 327 327 327 327 327
323 323 324 324 324 324 324 324 324 324 324 324 324 325 325 325 325 325 325 325 325 325 325 326 326 326 326 326 326 326 326 326 326 327 327 327 327 327 327 327 327 327 327 327 328 328 328 328 328 328 328 328 328 328 328 329 329 197 197 197 197 197 197 197 197 197 197 197 197 221 274 304 325 339 348 353 355 354 495 486 472 451 421 368 328 328 328 328 327 327 327 327 327 327
323 323 323 324 324 324 324 324 324 324 324 324 324 325 325 325 325 325 325 325 325 325 325 326 326 326 326 326 326 326 326 326 326 327 327 327 327 327 327 327 327 327 327 327 328 328 328 328 328 328 328 328 328 328 328 329 329 329 197 197 197 197 197 197 197 197 197 197 197 221 275 305 326 339 349 354 356 354 496 486 473 452 422 368 328 328 328 328 327 327 327 327 327 327
323 323 323 324 324 324 324 324 324 324 324 324 324 325 325 325 325 325 325 325 325 325 325 326 326 326 326 326 326 326 326 326 326 326 327 327 327 327 327 327 327 327 327 327 328 328 328 328 328 328 328 328 328 328 328 328 329 329 197 197 197 197 197 197 197 197 197 197 197 221 276 306 326 340 349 355 356 355 496 487 473 453 423 368 328 328 328 327 327 327 327 327 327 327
