testData/tiles/oneDegreeCosts/grid10.0-13.0-11.0-14.0.asc
ncols   200
nrows   200
xllcorner   10.0
yllcorner   13.0
cellsize   0.005
NODATA_value   -9999.0
[rows 0 to 41 of 200, columns 0 to 93 of 200]
357 358 358 357 357 356 356 356 355 355 355 354 353 354 353 352 351 351 351 350 350 349 349 349 348 347 346 346 346 345 345 345 345 345 345 345 345 345 345 345 345 345 345 345 345 345 345 345 345 345 345 345 345 345 345 345 345 345 345 345 345 345 345 345 345 345 345 345 345 345 345 345 345 378 379 379 379 380 380 380 380 380 380 380 380 345 345 345 345 345 345 347 347 350
358 359 359 358 358 358 357 357 357 356 355 354 355 355 353 353 354 352 352 351 350 351 349 349 349 348 348 348 346 347 346 346 345 345 345 345 345 345 345 345 345 345 345 345 345 345 345 345 345 345 345 345 345 345 345 345 345 345 345 345 345 345 345 345 345 345 345 345 345 345 345 345 345 345 345 345 345 379 380 379 380 380 380 381 380 380 345 345 345 345 345 345 345 345
361 359 360 359 359 358 358 358 358 356 357 357 355 355 354 354 354 353 352 353 352 351 350 350 350 349 348 348 349 348 348 346 346 345 345 345 345 345 345 345 345 345 345 345 345 345 345 345 345 345 345 345 345 345 345 345 345 345 345 345 345 345 345 345 345 345 345 345 345 345 345 345 345 345 345 345 345 345 345 345 380 380 380 380 380 380 380 345 345 345 345 345 345 345
361 361 361 360 359 360 358 358 358 358 357 357 356 356 356 355 354 354 354 353 352 352 352 351 351 350 349 350 349 349 348 347 347 347 346 345 345 345 345 345 345 345 345 345 345 345 345 345 345 345 345 345 345 345 345 345 345 345 345 345 345 345 345 345 345 345 345 345 345 345 345 345 345 345 345 345 345 345 345 345 345 345 345 345 381 380 381 345 345 345 345 345 345 345
362 361 361 362 360 360 360 360 359 359 358 357 357 357 357 355 356 356 354 354 354 353 353 351 351 352 351 351 351 349 350 348 348 347 346 347 346 345 345 345 345 345 345 345 345 345 345 345 345 345 345 345 345 345 345 345 345 345 345 345 345 345 345 345 345 345 345 345 345 345 345 345 345 345 345 345 345 345 345 345 345 345 345 345 345 345 345 345 345 345 345 345 345 345
363 363 362 362 361 361 361 360 360 359 359 359 359 357 358 357 356 356 355 355 355 354 353 353 353 353 352 351 352 351 350 350 348 349 347 347 347 345 346 345 345 345 345 345 345 345 345 345 345 345 345 345 345 345 345 345 345 345 345 345 345 345 345 345 345 345 345 345 345 345 345 345 345 345 345 345 345 345 345 345 345 345 345 345 345 345 345 345 345 345 345 345 345 345
363 364 363 363 362 362 362 361 360 361 360 359 359 359 358 358 357 357 356 356 355 354 355 354 354 354 353 353 352 351 351 351 350 349 349 348 348 347 346 346 345 345 345 345 345 345 345 345 345 345 345 345 345 345 345 345 345 345 345 345 345 345 345 345 345 345 345 345 345 345 345 345 345 345 345 345 345 345 345 345 345 345 345 345 345 345 345 345 345 345 345 345 345 345
365 364 363 364 364 362 362 363 362 361 361 361 360 359 359 358 358 358 358 356 357 356 355 356 354 355 355 353 353 354 352 352 350 350 350 349 349 348 347 347 346 345 345 345 345 345 345 345 345 345 345 345 345 345 345 345 345 345 345 345 345 345 345 345 345 345 345 345 345 345 345 345 345 345 345 345 345 345 345 345 345 345 345 345 345 345 345 345 345 345 345 345 345 345
365 365 366 364 364 363 364 363 362 362 362 361 361 361 360 360 359 358 358 358 357 357 357 357 356 355 355 354 354 354 353 352 352 351 351 349 349 350 348 348 347 346 345 345 345 345 345 345 345 345 345 345 345 345 345 345 345 345 345 345 345 345 345 345 345 345 345 345 345 345 345 345 345 345 345 345 345 345 345 345 345 345 345 345 345 345 345 345 345 345 345 345 345 345
365 366 366 365 364 365 364 364 363 363 363 362 361 362 361 360 360 360 359 358 358 359 358 358 357 356 357 355 355 354 353 354 353 352 351 350 350 350 349 348 348 347 347 346 345 345 345 345 345 345 345 345 345 345 345 345 345 345 345 345 345 345 345 345 345 345 345 345 345 345 345 345 345 345 345 345 345 345 345 345 345 345 345 345 345 345 345 345 345 345 345 345 345 345
368 367 366 366 366 366 364 365 365 364 363 364 363 362 361 361 361 360 360 359 360 360 358 358 359 357 357 357 355 356 354 354 354 352 353 352 351 350 349 350 349 348 347 347 346 346 345 345 345 345 345 345 345 345 345 345 345 345 345 345 345 345 345 345 345 345 345 345 345 345 345 345 345 345 345 345 345 345 345 345 345 345 345 345 345 345 345 345 345 345 345 345 345 345
368 367 368 367 366 366 366 365 365 364 365 364 363 363 363 362 362 361 361 362 361 360 360 359 359 358 357 358 357 356 356 354 355 354 353 353 351 352 352 350 350 348 349 348 347 346 346 345 345 345 345 345 345 345 345 345 345 345 345 345 345 345 345 345 345 345 345 345 345 345 345 345 345 345 345 345 345 345 345 345 345 345 345 345 345 345 345 345 345 345 345 345 345 345
369 368 368 368 367 367 367 366 366 365 365 365 363 364 364 363 362 363 363 362 361 362 361 360 360 359 359 358 357 357 357 356 356 355 354 354 353 352 352 351 351 351 349 349 347 348 347 346 345 345 345 345 345 345 345 345 345 345 345 345 345 345 345 345 345 345 345 345 345 345 345 345 345 345 345 345 345 345 345 345 345 345 345 345 345 345 345 345 345 345 345 345 345 345
370 370 368 369 368 368 367 367 367 367 365 366 365 365 364 364 364 363 363 363 363 362 362 360 361 361 359 359 359 358 358 356 356 357 355 355 354 353 353 352 351 351 350 350 350 348 348 346 346 346 345 345 345 345 345 345 345 345 345 345 345 345 345 345 345 345 345 345 345 345 345 345 345 345 345 345 345 345 345 345 345 345 345 345 345 345 345 345 345 345 345 345 345 345
370 370 370 370 369 368 369 368 367 367 367 367 366 365 366 364 364 365 364 364 364 362 362 363 361 361 360 360 360 359 358 358 357 357 356 355 356 354 354 353 352 352 351 351 350 349 348 349 347 346 345 345 346 345 345 345 345 345 345 345 345 345 345 345 345 345 345 345 345 345 345 345 345 345 345 345 345 345 345 345 345 345 345 345 345 345 345 345 345 345 345 345 345 345
371 371 370 370 370 369 369 369 368 368 367 367 367 366 366 366 365 366 365 364 364 364 363 363 362 362 361 361 360 359 360 359 358 357 356 357 356 355 354 354 353 353 351 351 351 350 350 349 348 347 347 347 346 345 345 345 345 345 345 345 345 345 345 345 345 345 345 345 345 345 345 345 345 345 345 345 345 345 345 345 345 345 345 345 345 345 345 345 345 345 345 345 345 345
372 372 372 371 371 370 370 370 369 369 369 368 368 367 366 368 367 366 366 365 366 364 364 364 363 363 362 361 362 360 360 360 358 359 358 357 357 355 356 355 354 353 353 352 352 350 350 349 349 349 349 347 347 345 346 345 345 345 345 345 345 345 345 345 345 345 345 345 345 345 345 345 345 345 345 345 345 345 345 345 345 345 345 345 345 345 345 345 345 345 345 345 345 345
372 372 373 372 371 371 371 371 369 369 370 369 368 368 369 368 367 367 368 366 366 366 365 365 364 363 363 363 362 362 360 361 360 359 359 357 358 358 356 356 354 355 354 353 352 352 351 351 350 350 349 348 348 348 346 346 345 345 345 345 345 345 345 345 345 345 345 345 345 345 345 345 345 345 345 345 345 345 345 345 345 345 345 345 345 345 345 345 345 345 345 345 345 345
374 374 373 372 372 373 371 371 371 371 370 369 369 369 369 369 369 368 368 367 366 367 366 365 365 365 364 363 363 362 362 361 361 360 360 359 358 358 357 357 357 355 355 353 354 353 352 352 352 350 351 349 349 348 347 347 346 345 345 345 345 345 345 345 345 345 345 345 345 345 345 345 345 345 345 345 345 345 345 345 345 345 345 345 345 345 345 345 345 345 345 345 345 345
375 374 374 373 373 373 372 372 372 371 371 371 370 371 370 370 370 369 368 369 368 367 366 366 366 365 365 364 364 364 362 362 361 361 361 360 359 359 358 358 357 356 356 355 354 354 353 354 353 352 351 350 349 350 348 348 347 345 345 345 345 345 345 345 345 345 345 345 345 345 345 345 345 345 345 345 345 345 345 345 345 345 345 345 345 345 345 345 345 345 345 345 345 345
376 374 375 375 374 373 373 373 373 371 372 372 371 371 371 371 370 369 370 369 368 368 367 367 367 365 365 366 364 364 363 363 363 361 361 361 360 360 358 358 359 357 357 356 355 355 355 354 354 352 352 352 351 350 349 348 348 347 346 346 345 345 345 345 345 345 345 345 345 345 345 345 345 345 345 345 345 345 345 345 345 345 345 345 345 345 345 345 345 345 345 345 345 345
376 376 375 375 374 375 374 373 373 373 372 373 372 373 372 371 371 370 370 370 368 369 369 367 367 367 366 366 365 365 365 364 363 362 362 362 361 360 360 359 359 358 357 357 357 357 356 355 354 354 353 353 351 351 351 350 349 347 347 346 346 345 345 345 345 345 345 345 345 345 345 345 345 345 345 345 345 345 345 345 345 345 345 345 345 345 345 345 345 345 345 345 345 345
377 377 376 377 375 375 375 375 374 374 373 374 373 373 373 372 372 372 370 371 370 370 369 368 369 368 367 366 366 366 365 364 365 364 363 362 361 362 361 360 359 359 359 359 358 357 357 356 356 354 354 353 353 352 352 350 349 348 348 348 346 345 345 345 345 345 345 345 345 345 345 345 345 345 345 345 345 345 345 345 345 345 345 345 345 345 345 345 345 345 345 345 345 345
378 377 377 377 377 375 376 375 375 374 375 375 375 373 374 373 372 372 372 372 371 370 371 369 369 369 368 368 368 366 366 365 365 365 363 364 362 362 362 360 361 360 360 359 358 359 358 357 356 356 355 355 353 353 352 350 351 350 349 348 347 346 346 345 345 345 345 345 345 345 345 345 345 345 345 345 345 345 345 345 345 345 345 345 345 345 345 345 345 345 345 345 345 345
378 379 377 377 377 377 376 376 375 377 375 375 375 375 374 374 373 373 372 372 372 371 371 370 369 370 369 368 368 368 367 366 365 365 365 364 364 362 363 362 361 362 360 361 360 359 359 357 358 357 356 355 355 353 353 352 351 351 349 350 348 347 347 345 345 345 345 345 345 345 345 345 345 345 345 345 345 345 345 345 345 345 345 345 345 345 345 345 345 345 345 345 345 345
379 379 378 378 378 377 377 378 376 377 376 377 376 375 375 375 374 374 373 373 373 372 371 372 371 370 369 369 369 368 368 367 367 366 365 365 364 364 363 363 362 363 362 361 361 359 360 359 358 357 356 355 356 354 354 352 352 352 351 350 350 348 347 347 346 345 345 345 345 345 345 345 345 345 345 345 345 345 345 345 345 345 345 345 345 345 345 345 345 345 345 345 345 345
380 379 380 379 379 377 378 378 378 377 378 377 377 375 376 376 374 374 375 374 373 372 373 372 371 371 371 370 370 368 368 369 367 367 366 366 366 364 364 363 364 364 362 362 361 361 360 360 358 358 357 357 356 355 354 355 353 353 351 351 350 349 349 348 347 346 345 345 345 345 345 345 345 345 345 345 345 345 345 345 345 345 345 345 345 345 345 345 345 345 345 345 345 345
380 381 380 379 379 380 379 378 378 379 378 377 377 378 376 376 375 376 375 374 374 374 373 373 371 372 372 370 370 370 369 369 368 368 368 366 366 365 365 366 364 364 364 363 363 361 361 360 360 359 359 357 357 356 356 355 354 353 352 352 351 350 349 349 347 347 346 345 345 345 345 345 345 345 345 345 345 345 345 345 345 345 345 345 345 345 345 345 345 345 345 345 345 345
382 381 381 380 380 380 379 380 380 379 379 379 378 378 377 377 376 376 376 375 375 375 373 374 373 372 372 371 371 371 370 369 369 369 368 367 367 367 367 366 365 365 365 364 363 363 362 362 360 360 359 359 358 357 356 356 355 355 354 353 352 350 351 350 349 348 347 346 345 345 345 345 345 345 345 345 345 345 345 345 345 345 345 345 345 345 345 345 345 345 345 345 345 345
383 381 381 381 381 380 381 381 381 379 380 379 379 378 378 378 378 376 377 376 375 375 375 374 374 373 373 372 372 371 371 371 370 369 369 368 368 367 367 368 366 366 365 364 364 364 363 362 361 361 361 359 359 358 358 357 356 355 355 353 353 352 351 351 349 348 349 347 346 345 345 345 345 345 345 345 345 345 345 345 345 345 345 345 345 345 345 345 345 345 345 345 345 345
383 383 382 382 381 382 382 381 381 381 381 380 379 380 378 378 378 378 377 377 376 376 375 375 374 374 374 372 372 373 371 371 371 370 370 369 368 369 368 368 368 366 367 365 365 364 363 364 363 362 361 360 360 360 358 358 356 356 356 354 354 353 352 351 350 350 349 348 347 346 346 345 345 345 345 345 345 345 345 345 345 345 345 345 345 345 345 345 345 345 345 345 345 345
384 383 383 383 382 383 383 382 382 381 381 382 380 380 380 379 379 378 378 378 377 377 375 376 376 374 374 375 373 373 372 371 372 371 370 370 371 370 369 368 368 368 367 366 365 366 364 364 363 362 363 361 361 360 359 358 358 357 356 355 354 355 353 353 351 350 350 349 348 348 346 345 345 345 345 345 345 345 345 345 345 345 345 345 345 345 345 345 345 345 345 345 345 345
385 384 383 384 383 383 384 383 383 381 382 382 381 380 381 380 380 378 379 379 377 377 378 376 376 375 375 375 374 373 374 373 372 371 371 371 371 371 369 370 369 368 368 367 367 366 365 364 364 363 363 362 361 360 360 359 359 357 357 356 356 355 354 353 352 352 351 349 349 348 347 346 346 345 345 345 345 345 345 345 345 345 345 345 345 345 345 345 345 345 345 345 345 345
385 385 384 384 384 385 384 383 383 384 382 382 381 382 381 380 380 381 379 379 378 378 378 377 376 376 376 376 374 375 374 373 373 372 372 373 371 372 372 370 370 368 369 368 367 367 365 366 365 364 363 363 362 362 360 360 359 359 358 358 356 356 354 354 354 352 352 350 349 350 348 347 347 345 345 345 345 345 345 345 345 345 345 345 345 345 345 345 345 345 345 345 345 345
385 386 385 384 386 385 385 384 384 384 383 383 383 382 382 381 381 381 380 380 379 379 378 378 378 378 376 377 376 375 375 373 374 374 373 373 373 372 372 370 371 370 369 369 367 368 368 366 366 364 365 364 363 362 362 361 361 359 359 358 357 357 355 355 354 353 352 352 351 350 348 348 347 346 346 345 345 345 345 345 345 345 345 345 345 345 345 345 345 345 345 345 345 345
386 386 385 387 387 385 385 385 385 384 384 384 384 382 383 382 382 381 381 381 380 379 380 378 378 378 378 377 377 376 376 375 374 374 375 374 373 373 372 372 371 371 370 370 369 368 368 366 367 366 365 365 363 364 363 362 361 360 360 360 358 357 357 355 356 354 353 353 351 351 350 349 349 347 346 345 345 345 345 345 345 345 345 345 345 345 345 345 345 345 345 345 345 345
387 387 386 387 387 386 386 386 385 386 384 384 384 384 383 383 382 383 381 381 381 380 380 379 379 379 378 378 377 377 377 375 375 376 375 375 374 374 374 372 372 371 371 371 369 369 369 368 367 367 365 366 365 364 364 362 363 362 360 360 358 358 358 357 356 355 354 353 353 352 351 350 349 347 347 347 346 345 345 345 345 345 345 345 345 345 345 345 345 345 345 345 345 345
387 388 389 387 388 387 387 387 386 386 386 385 385 384 384 384 383 383 382 382 382 381 380 381 380 380 378 379 379 377 377 378 376 377 375 375 376 374 374 373 373 373 371 371 371 370 370 368 368 368 367 366 365 364 364 363 363 362 361 360 360 359 359 357 357 356 355 355 353 353 352 350 351 349 348 348 347 346 345 345 345 345 345 345 345 345 345 345 345 345 345 345 345 345
388 388 389 389 389 387 387 388 387 386 386 386 386 384 385 385 384 383 384 383 382 381 382 381 380 380 380 379 379 378 378 378 378 377 377 376 376 375 374 375 374 373 372 372 372 370 370 369 369 369 367 367 366 366 365 364 363 363 362 362 360 360 359 359 358 357 356 355 354 354 353 352 351 349 350 349 348 347 347 345 345 345 345 345 345 345 345 345 345 345 345 345 345 345
389 388 390 389 389 389 388 388 387 388 387 386 386 387 385 385 384 385 384 383 383 382 382 382 380 381 381 380 379 379 379 378 378 379 377 377 376 376 376 375 374 374 373 373 372 371 371 371 370 369 368 368 368 366 366 364 365 364 363 362 362 361 361 359 358 358 356 357 355 354 354 352 351 353 351 350 349 348 347 345 346 345 345 345 345 345 345 345 345 345 345 345 345 345
390 391 391 389 389 390 389 388 388 388 388 386 387 387 386 385 385 385 385 384 384 384 382 383 382 382 381 381 381 379 379 381 379 379 378 377 378 376 376 376 375 375 373 373 374 372 372 371 370 370 369 369 368 367 367 367 365 365 363 364 363 362 361 359 359 359 358 357 356 355 354 354 353 353 352 351 349 348 349 347 346 345 345 345 345 345 345 345 345 345 345 345 345 345
391 391 391 390 390 390 389 390 390 388 388 388 388 387 387 387 386 385 386 385 384 384 384 383 382 382 383 381 381 381 380 381 380 379 380 378 378 377 377 377 376 375 375 374 374 373 372 373 371 371 369 369 369 368 367 367 365 366 364 364 363 362 361 362 360 360 358 357 358 356 356 354 354 354 352 352 352 350 349 347 347 346 345 345 345 345 345 345 345 345 345 345 345 345
