testData/tiles/oneDegreeCosts/grid21.0-40.0-22.0-41.0.asc
ncols   200
nrows   200
xllcorner   21.0
yllcorner   40.0
cellsize   0.005
NODATA_value   -9999.0
[rows 84 to 125 of 200, columns 94 to 187 of 200]
484 484 485 485 485 486 486 486 486 487 487 487 488 488 488 489 489 489 490 490 491 491 492 492 492 493 493 493 493 494 494 494 495 495 495 495 496 496 496 496 761 761 761 761 762 762 762 762 762 763 763 763 763 765 765 765 765 765 766 766 766 766 766 766 767 767 767 767 767 767 768 768 768 768 768 768 725 725 725 725 725 725 725 725 725 725 725 725 725 725 725 725 725 725
483 484 484 484 485 485 485 486 486 486 487 487 487 488 488 488 489 489 489 490 491 491 491 492 492 492 492 493 493 493 494 494 494 494 495 495 495 495 491 760 760 760 761 761 761 761 762 762 762 762 762 763 764 764 764 764 765 765 765 765 765 766 766 766 766 766 766 767 767 767 767 767 767 768 768 725 725 725 725 725 725 725 725 725 725 725 725 725 725 725 725 725 725 725
483 483 484 484 484 485 485 485 486 486 486 487 487 487 488 488 488 488 489 490 490 491 491 491 491 492 492 492 493 493 493 493 494 494 494 494 495 495 490 759 760 760 760 760 761 761 761 761 762 762 763 763 763 764 764 764 764 764 765 765 765 765 765 765 766 766 766 766 766 766 767 767 767 767 767 725 725 725 725 725 725 725 725 725 725 725 725 725 725 725 725 725 725 725
483 483 483 484 484 484 485 485 485 486 486 486 486 487 487 487 488 488 489 490 490 490 490 491 491 491 492 492 492 492 493 493 493 493 494 494 494 489 490 759 759 759 760 760 760 760 761 761 761 762 762 763 763 763 763 763 764 764 764 764 764 765 765 765 765 765 765 766 766 766 766 766 766 766 725 725 725 725 725 725 725 725 725 725 725 725 725 725 725 725 725 725 725 725
482 483 483 483 483 484 484 484 485 485 485 486 486 486 487 487 487 488 489 489 489 490 490 490 491 491 491 491 492 492 492 492 493 493 493 493 489 489 758 758 759 759 759 759 760 760 760 760 762 762 762 762 762 763 763 763 763 763 764 764 764 764 764 764 765 765 765 765 765 765 766 766 766 766 725 725 725 725 725 725 725 725 725 725 725 725 725 725 725 725 725 725 725 725
482 482 482 483 483 483 484 484 484 485 485 485 486 486 486 486 487 487 488 489 489 489 490 490 490 490 491 491 491 491 492 492 492 492 493 493 488 488 758 758 758 758 759 759 759 759 760 761 761 761 761 762 762 762 762 762 763 763 763 763 763 764 764 764 764 764 764 765 765 765 765 765 765 765 725 725 725 725 725 725 725 725 725 725 725 725 725 725 725 725 725 725 725 725
481 482 482 482 483 483 483 484 484 484 485 485 485 485 486 486 486 488 488 488 488 489 489 489 490 490 490 490 491 491 491 492 492 492 492 488 488 488 757 758 758 758 758 758 759 759 759 760 761 761 761 761 761 762 762 762 762 762 763 763 763 763 763 763 764 764 764 764 764 764 765 765 765 725 725 725 725 725 725 725 725 725 725 725 725 725 725 725 725 725 725 725 725 725
553 482 482 482 482 483 483 483 483 484 484 484 485 485 485 486 486 487 487 488 488 488 489 489 489 489 490 490 490 491 491 491 491 492 487 487 487 757 757 757 757 757 758 758 758 758 760 760 760 760 760 761 761 761 761 761 762 762 762 762 762 763 763 763 763 763 763 764 764 764 764 764 764 725 725 725 725 725 725 725 725 725 725 725 725 725 725 725 725 725 725 725 725 725
552 553 553 553 482 482 482 483 483 483 484 484 484 485 485 485 485 487 487 487 488 488 488 488 489 489 489 490 490 490 490 491 491 487 487 487 487 756 756 757 757 757 757 757 758 759 759 759 760 760 760 760 760 761 761 761 761 761 762 762 762 762 762 762 763 763 763 763 763 763 763 764 725 725 725 725 725 725 725 725 725 725 725 725 725 725 725 725 725 725 725 725 725 725
552 552 553 553 553 554 554 554 483 483 483 484 484 484 484 485 485 486 487 487 487 487 488 488 488 489 489 489 489 490 490 490 487 487 487 487 487 756 756 756 756 757 757 757 757 758 759 759 759 759 759 760 760 760 760 760 761 761 761 761 761 762 762 762 762 762 762 763 763 763 763 763 725 725 725 725 725 725 725 725 725 725 725 725 725 725 725 725 725 725 725 725 725 725
552 552 552 553 553 553 554 554 554 554 555 484 484 484 484 484 486 486 486 486 487 487 487 488 488 488 488 489 489 489 489 487 487 487 487 487 755 755 755 756 756 756 756 757 758 758 758 758 759 759 759 759 759 760 760 760 760 760 761 761 761 761 761 761 762 762 762 762 762 762 762 763 725 725 725 725 725 725 725 725 725 725 725 725 725 725 725 725 725 725 725 725 725 725
551 552 552 552 552 553 553 553 554 554 554 555 555 555 556 484 485 485 486 486 486 487 487 487 487 488 488 488 488 489 487 487 487 487 487 487 754 755 755 755 755 756 756 756 757 757 758 758 758 758 759 759 759 759 759 759 760 760 760 760 760 761 761 761 761 761 761 762 762 762 762 725 725 725 725 725 725 725 725 725 725 725 725 725 725 725 725 725 725 725 725 725 725 725
551 551 551 552 552 552 553 553 553 554 554 554 554 555 555 555 557 557 486 486 486 486 486 487 487 487 487 488 488 487 487 487 487 487 487 487 754 754 754 755 755 755 755 757 757 757 757 757 758 758 758 758 758 759 759 759 759 759 760 760 760 760 760 760 761 761 761 761 761 761 761 725 725 725 725 725 725 725 725 725 725 725 725 725 725 725 725 725 725 725 725 725 725 725
550 551 551 551 552 552 552 553 553 553 553 554 554 554 555 555 556 556 557 557 557 558 486 486 486 487 487 487 487 487 487 487 487 487 487 753 753 754 754 754 754 755 755 756 756 756 757 757 757 757 758 758 758 758 758 758 759 759 759 759 759 760 760 760 760 760 760 760 761 761 725 725 725 725 725 725 725 725 725 725 725 725 725 725 725 725 725 725 725 725 725 725 725 725
550 550 551 551 551 551 552 552 552 553 553 553 554 554 554 554 556 556 556 557 557 557 557 558 558 487 487 487 487 487 487 487 487 487 487 753 753 753 753 754 754 754 755 756 756 756 756 756 757 757 757 757 757 758 758 758 758 758 759 759 759 759 759 759 760 760 760 760 760 760 725 725 725 725 725 725 725 725 725 725 725 725 725 725 725 725 725 725 725 725 725 725 725 725
549 550 550 550 551 551 551 552 552 552 553 553 553 553 554 555 555 556 556 556 556 557 557 557 557 558 553 553 487 487 487 487 487 487 487 752 752 753 753 753 753 754 755 755 755 755 756 756 756 756 757 757 757 757 757 757 758 758 758 758 758 759 759 759 759 759 759 759 760 725 725 725 725 725 725 725 725 725 725 725 725 725 725 725 725 725 725 725 725 725 725 725 725 725
549 549 550 550 550 551 551 551 552 552 552 552 553 553 553 555 555 555 555 556 556 556 556 557 557 552 553 553 553 553 554 487 487 487 487 752 752 752 752 753 753 753 754 755 755 755 755 755 756 756 756 756 756 757 757 757 757 757 757 758 758 758 758 758 758 759 759 759 759 725 725 725 725 725 725 725 725 725 725 725 725 725 725 725 725 725 725 725 725 725 725 725 725 725
549 549 549 550 550 550 550 551 551 551 552 552 552 553 553 554 554 555 555 555 555 556 556 556 552 552 552 552 553 553 553 553 554 554 751 751 752 752 752 752 752 753 754 754 754 755 755 755 755 755 756 756 756 756 756 756 757 757 757 757 757 757 758 758 758 758 758 758 759 725 725 725 725 725 725 725 725 725 725 725 725 725 725 725 725 725 725 725 725 725 725 725 725 725
548 548 549 549 549 550 550 550 551 551 551 551 552 552 552 554 554 554 554 555 555 555 556 551 551 551 552 552 552 552 553 553 553 553 823 823 823 752 752 752 752 752 753 754 754 754 754 754 755 755 755 755 755 756 756 756 756 756 756 757 757 757 757 757 757 758 758 758 725 725 725 725 725 725 725 725 725 725 725 725 725 725 725 725 725 725 725 725 725 725 725 725 725 725
548 548 548 549 549 549 550 550 550 550 551 551 551 552 552 553 553 554 554 554 555 550 550 550 551 551 551 551 552 552 552 552 553 553 822 822 823 823 823 752 752 753 753 753 753 754 754 754 754 754 755 755 755 755 755 755 756 756 756 756 756 756 757 757 757 757 757 757 725 725 725 725 725 725 725 725 725 725 725 725 725 725 725 725 725 725 725 725 725 725 725 725 725 725
547 548 548 548 549 549 549 549 550 550 550 551 551 551 551 553 553 553 554 554 549 549 550 550 550 550 551 551 551 551 552 552 552 821 822 822 822 822 823 823 823 824 753 753 753 753 753 753 754 754 754 754 754 755 755 755 755 755 755 756 756 756 756 756 756 757 757 725 725 725 725 725 725 725 725 725 725 725 725 725 725 725 725 725 725 725 725 725 725 725 725 725 725 725
547 547 547 548 548 548 549 549 549 550 550 550 550 551 551 552 553 553 553 548 549 549 549 549 550 550 550 550 551 551 551 551 552 821 821 821 822 822 822 822 822 824 824 824 824 753 753 753 753 753 754 754 754 754 754 754 755 755 755 755 755 755 756 756 756 756 756 725 725 725 725 725 725 725 725 725 725 725 725 725 725 725 725 725 725 725 725 725 725 725 725 725 725 725
546 547 547 547 548 548 548 549 549 549 549 550 550 550 551 552 552 547 548 548 548 548 549 549 549 549 550 550 550 550 551 551 551 820 821 821 821 821 822 822 822 823 823 824 824 824 824 824 753 753 753 753 753 754 754 754 754 754 754 755 755 755 755 755 755 756 725 725 725 725 725 725 725 725 725 725 725 725 725 725 725 725 725 725 725 725 725 725 725 725 725 725 725 725
546 546 547 547 547 547 548 548 548 549 549 549 550 550 550 551 547 547 547 547 548 548 548 548 549 549 549 549 550 550 550 550 820 820 820 820 821 821 821 821 821 823 823 823 823 824 824 824 824 824 753 753 753 753 753 753 754 754 754 754 754 754 755 755 755 755 725 725 725 725 725 725 725 725 725 725 725 725 725 725 725 725 725 725 725 725 725 725 725 725 725 725 725 725
546 546 546 546 547 547 547 548 548 548 548 549 549 549 545 546 546 546 547 547 547 547 548 548 548 549 549 549 549 549 550 550 819 819 820 820 820 820 821 821 821 822 822 823 823 823 823 823 824 824 824 824 824 753 753 753 753 753 753 754 754 754 754 754 754 755 725 725 725 725 725 725 725 725 725 725 725 725 725 725 725 725 725 725 725 725 725 725 725 725 725 725 725 725
545 545 546 546 546 547 547 547 547 548 548 548 544 544 544 545 546 546 546 546 547 547 547 548 548 548 548 549 549 549 549 549 819 819 819 819 820 820 820 820 821 822 822 822 822 823 823 823 823 823 824 824 824 824 824 753 753 753 753 753 753 753 754 754 754 725 725 725 725 725 725 725 725 725 725 725 725 725 725 725 725 725 725 725 725 725 725 725 725 725 725 725 725 725
545 545 545 546 546 546 546 547 547 547 548 543 543 543 544 545 545 545 546 546 546 547 547 547 547 548 548 548 548 549 549 549 818 818 819 819 819 819 820 820 820 820 821 822 822 822 822 822 823 823 823 823 823 824 824 824 824 824 753 753 753 753 753 753 753 725 725 725 725 725 725 725 725 725 725 725 725 725 725 725 725 725 725 725 725 725 725 725 725 725 725 725 725 725
544 545 545 545 545 546 546 546 547 542 542 542 543 543 543 544 545 545 545 546 546 546 546 547 547 547 547 548 548 548 548 818 818 818 818 818 819 819 819 819 820 820 821 821 821 822 822 822 822 822 823 823 823 823 823 823 824 824 824 824 753 753 753 753 725 725 725 725 725 725 725 725 725 725 725 725 725 725 725 725 725 725 725 725 725 725 725 725 725 725 725 725 725 725
544 544 544 545 545 545 546 541 541 541 542 542 542 542 543 544 544 545 545 545 545 546 546 546 546 547 547 547 547 548 548 817 817 818 818 818 818 818 819 819 819 819 820 821 821 821 821 821 822 822 822 822 822 823 823 823 823 823 823 824 824 824 824 752 725 725 725 725 725 725 725 725 725 725 725 725 725 725 725 725 725 725 725 725 725 725 725 725 725 725 725 725 725 725
543 544 544 544 545 540 540 540 541 541 541 541 542 542 542 544 544 544 544 545 545 545 545 546 546 546 546 547 547 547 547 817 817 817 817 817 818 818 818 818 819 819 820 820 820 821 821 821 821 821 822 822 822 822 822 822 823 823 823 823 823 823 824 725 725 725 725 725 725 725 725 725 725 725 725 725 725 725 725 725 725 725 725 725 725 725 725 725 725 725 725 725 725 725
543 543 543 539 539 539 540 540 540 540 541 541 541 542 542 542 543 544 544 544 544 545 545 545 545 546 546 546 546 547 816 816 816 817 817 817 817 817 818 818 818 818 819 820 820 820 820 820 821 821 821 821 821 822 822 822 822 822 822 823 823 823 823 725 725 725 725 725 725 725 725 725 725 725 725 725 725 725 725 725 725 725 725 725 725 725 725 725 725 725 725 725 725 725
542 538 538 538 539 539 539 539 540 540 540 541 541 541 541 542 543 543 543 544 544 544 544 545 545 545 545 546 546 546 815 816 816 816 816 816 817 817 817 817 818 818 818 819 819 820 820 820 820 820 821 821 821 821 821 821 822 822 822 822 822 822 725 725 725 725 725 725 725 725 725 725 725 725 725 725 725 725 725 725 725 725 725 725 725 725 725 725 725 725 725 725 725 725
537 537 538 538 538 538 539 539 539 540 540 540 540 541 541 541 542 543 543 543 543 544 544 544 544 545 545 545 545 546 815 815 815 816 816 816 816 816 817 817 817 817 817 819 819 819 819 819 820 820 820 820 820 821 821 821 821 821 821 822 822 822 725 725 725 725 725 725 725 725 725 725 725 725 725 725 725 725 725 725 725 725 725 725 725 725 725 725 725 725 725 725 725 725
537 537 537 537 538 538 538 539 539 539 539 540 540 540 540 541 542 542 542 543 543 543 543 544 544 544 544 545 545 545 814 815 815 815 815 816 816 816 816 816 817 817 817 817 818 819 819 819 819 819 819 820 820 820 820 820 821 821 821 821 821 725 725 725 725 725 725 725 725 725 725 725 725 725 725 725 725 725 725 725 725 725 725 725 725 725 725 725 725 725 725 725 725 725
536 536 537 537 537 538 538 538 538 539 539 539 539 540 540 540 542 542 542 542 543 543 543 543 544 544 544 544 544 814 814 814 814 815 815 815 815 815 816 816 816 816 816 817 818 818 818 818 819 819 819 819 819 820 820 820 820 820 820 820 821 725 725 725 725 725 725 725 725 725 725 725 725 725 725 725 725 725 725 725 725 725 725 725 725 725 725 725 725 725 725 725 725 725
536 536 536 537 537 537 537 538 538 538 538 539 539 539 540 540 540 541 542 542 542 542 543 543 543 543 544 544 544 813 813 814 814 814 814 815 815 815 815 815 816 816 816 816 816 818 818 818 818 818 818 819 819 819 819 819 819 820 820 820 725 725 725 725 725 725 725 725 725 725 725 725 725 725 725 725 725 725 725 725 725 725 725 725 725 725 725 725 725 725 725 725 725 725
535 535 536 536 536 537 537 537 537 538 538 538 539 539 539 539 540 541 541 541 542 542 542 542 543 543 543 543 543 813 813 813 813 814 814 814 814 814 815 815 815 815 815 816 816 817 817 817 818 818 818 818 818 818 819 819 819 819 819 819 725 725 725 725 725 725 725 725 725 725 725 725 725 725 725 725 725 725 725 725 725 725 725 725 725 725 725 725 725 725 725 725 725 725
535 535 535 536 536 536 536 537 537 537 538 538 538 538 539 539 539 540 541 541 541 541 542 542 542 542 543 543 812 812 812 813 813 813 813 814 814 814 814 814 815 815 815 815 815 816 817 817 817 817 817 818 818 818 818 818 818 819 819 725 725 725 725 725 725 725 725 725 725 725 725 725 725 725 725 725 725 725 725 725 725 725 725 725 725 725 725 725 725 725 725 725 725 725
534 535 535 535 535 536 536 536 537 537 537 537 538 538 538 538 539 540 540 540 541 541 541 541 542 542 542 542 812 812 812 812 812 813 813 813 813 813 814 814 814 814 814 815 815 815 815 816 817 817 817 817 817 817 818 818 818 818 818 725 725 725 725 725 725 725 725 725 725 725 725 725 725 725 725 725 725 725 725 725 725 725 725 725 725 725 725 725 725 725 725 725 725 725
534 534 534 535 535 535 536 536 536 536 537 537 537 537 538 538 538 538 540 540 540 540 541 541 541 541 542 542 811 811 811 812 812 812 812 813 813 813 813 813 814 814 814 814 814 815 815 816 816 816 816 817 817 817 817 817 817 818 725 725 725 725 725 725 725 725 725 725 725 725 725 725 725 725 725 725 725 725 725 725 725 725 725 725 725 725 725 725 725 725 725 725 725 725
533 534 534 534 535 535 535 535 536 536 536 536 537 537 537 537 538 538 539 539 540 540 540 540 541 541 541 541 811 811 811 811 811 812 812 812 812 812 813 813 813 813 813 814 814 814 814 814 816 816 816 816 816 816 817 817 817 817 725 725 725 725 725 725 725 725 725 725 725 725 725 725 725 725 725 725 725 725 725 725 725 725 725 725 725 725 725 725 725 725 725 725 725 725
533 533 533 534 534 534 535 535 535 535 536 536 536 536 537 537 537 537 539 539 539 539 540 540 540 540 541 810 810 810 811 811 811 811 811 812 812 812 812 812 813 813 813 813 813 814 814 814 814 815 815 816 816 816 816 816 816 725 725 725 725 725 725 725 725 725 725 725 725 725 725 725 725 725 725 725 725 725 725 725 725 725 725 725 725 725 725 725 725 725 725 725 725 725
