testData/tiles/oneDegreeCosts/grid5.0-24.0-6.0-25.0.asc
ncols   200
nrows   200
xllcorner   5.0
yllcorner   24.0
cellsize   0.005
NODATA_value   -9999.0
[rows 42 to 83 of 200, columns 0 to 93 of 200]
285 285 285 286 286 286 287 287 287 288 288 288 288 289 289 289 290 290 290 290 291 291 291 291 292 292 292 292 293 293 293 293 294 294 294 294 295 295 295 295 295 296 296 296 296 296 297 297 297 297 297 297 298 298 298 298 298 298 299 299 299 299 299 299 300 300 300 300 300 300 300 300 301 301 301 301 301 301 301 301 301 302 302 302 302 302 302 302 302 302 302 302 302 303
285 285 286 286 286 287 287 287 288 288 288 289 289 289 289 290 290 290 290 291 291 291 292 292 292 292 293 293 293 293 294 294 294 294 294 295 295 295 295 296 296 296 296 296 297 297 297 297 297 297 298 298 298 298 298 298 299 299 299 299 299 299 300 300 300 300 300 300 300 301 301 301 301 301 301 301 301 301 302 302 302 302 302 302 302 302 302 302 302 303 303 303 303 303
285 286 286 286 287 287 287 288 288 288 289 289 289 289 290 290 290 291 291 291 291 292 292 292 292 293 293 293 293 294 294 294 294 295 295 295 295 295 296 296 296 296 296 297 297 297 297 297 298 298 298 298 298 298 299 299 299 299 299 299 300 300 300 300 300 300 300 301 301 301 301 301 301 301 301 302 302 302 302 302 302 302 302 302 302 303 303 303 303 303 303 303 303 303
286 286 286 287 287 287 288 288 288 289 289 289 290 290 290 290 291 291 291 291 292 292 292 292 293 293 293 293 294 294 294 294 295 295 295 295 296 296 296 296 296 297 297 297 297 297 298 298 298 298 298 298 299 299 299 299 299 299 300 300 300 300 300 300 301 301 301 301 301 301 301 301 302 302 302 302 302 302 302 302 302 303 303 303 303 303 303 303 303 303 303 303 303 303
286 286 287 287 287 288 288 288 289 289 289 290 290 290 290 291 291 291 292 292 292 292 293 293 293 293 294 294 294 294 295 295 295 295 295 296 296 296 296 297 297 297 297 297 298 298 298 298 298 298 299 299 299 299 299 299 300 300 300 300 300 300 301 301 301 301 301 301 301 301 302 302 302 302 302 302 302 302 303 303 303 303 303 303 303 303 303 303 303 304 304 304 304 304
287 287 287 287 288 288 288 289 289 289 290 290 290 290 291 291 291 292 292 292 292 293 293 293 293 294 294 294 294 295 295 295 295 296 296 296 296 296 297 297 297 297 297 298 298 298 298 298 299 299 299 299 299 299 300 300 300 300 300 300 301 301 301 301 301 301 301 302 302 302 302 302 302 302 302 303 303 303 303 303 303 303 303 303 303 303 304 304 304 304 304 304 304 304
287 287 288 288 288 288 289 289 289 290 290 290 291 291 291 291 292 292 292 292 293 293 293 294 294 294 294 294 295 295 295 295 296 296 296 296 297 297 297 297 297 298 298 298 298 298 299 299 299 299 299 299 300 300 300 300 300 300 301 301 301 301 301 301 301 302 302 302 302 302 302 302 302 303 303 303 303 303 303 303 303 303 304 304 304 304 304 304 304 304 304 304 304 304
287 288 288 288 288 289 289 289 290 290 290 291 291 291 291 292 292 292 293 293 293 293 294 294 294 294 295 295 295 295 296 296 296 296 296 297 297 297 297 297 298 298 298 298 298 299 299 299 299 299 300 300 300 300 300 300 301 301 301 301 301 301 302 302 302 302 302 302 302 302 303 303 303 303 303 303 303 303 303 304 304 304 304 304 304 304 304 304 304 304 305 305 305 305
288 288 288 289 289 289 289 290 290 290 291 291 291 292 292 292 292 293 293 293 293 294 294 294 294 295 295 295 295 296 296 296 296 297 297 297 297 297 298 298 298 298 298 299 299 299 299 299 300 300 300 300 300 300 301 301 301 301 301 301 302 302 302 302 302 302 302 303 303 303 303 303 303 303 303 303 304 304 304 304 304 304 304 304 304 304 305 305 305 305 305 305 305 305
288 288 289 289 289 289 290 290 290 291 291 291 292 292 292 292 293 293 293 293 294 294 294 295 295 295 295 295 296 296 296 296 297 297 297 297 298 298 298 298 298 299 299 299 299 299 300 300 300 300 300 300 301 301 301 301 301 301 302 302 302 302 302 302 302 303 303 303 303 303 303 303 303 304 304 304 304 304 304 304 304 304 304 305 305 305 305 305 305 305 305 305 305 305
288 289 289 289 290 290 290 290 291 291 291 292 292 292 292 293 293 293 294 294 294 294 295 295 295 295 296 296 296 296 297 297 297 297 297 298 298 298 298 298 299 299 299 299 299 300 300 300 300 300 301 301 301 301 301 301 302 302 302 302 302 302 302 303 303 303 303 303 303 303 304 304 304 304 304 304 304 304 304 305 305 305 305 305 305 305 305 305 305 305 305 306 306 306
289 289 289 290 290 290 290 291 291 291 292 292 292 293 293 293 293 294 294 294 294 295 295 295 295 296 296 296 296 297 297 297 297 298 298 298 298 298 299 299 299 299 299 300 300 300 300 300 301 301 301 301 301 301 302 302 302 302 302 302 302 303 303 303 303 303 303 303 304 304 304 304 304 304 304 304 305 305 305 305 305 305 305 305 305 305 305 306 306 306 306 306 306 306
289 289 290 290 290 290 291 291 291 292 292 292 293 293 293 293 294 294 294 294 295 295 295 295 296 296 296 296 297 297 297 297 298 298 298 298 298 299 299 299 299 300 300 300 300 300 300 301 301 301 301 301 302 302 302 302 302 302 302 303 303 303 303 303 303 303 304 304 304 304 304 304 304 304 305 305 305 305 305 305 305 305 305 305 306 306 306 306 306 306 306 306 306 306
289 290 290 290 291 291 291 291 292 292 292 293 293 293 293 294 294 294 295 295 295 295 296 296 296 296 297 297 297 297 297 298 298 298 298 299 299 299 299 299 300 300 300 300 300 301 301 301 301 301 301 302 302 302 302 302 302 303 303 303 303 303 303 304 304 304 304 304 304 304 304 305 305 305 305 305 305 305 305 305 306 306 306 306 306 306 306 306 306 306 306 306 306 307
290 290 290 291 291 291 291 292 292 292 293 293 293 293 294 294 294 295 295 295 295 296 296 296 296 297 297 297 297 298 298 298 298 298 299 299 299 299 300 300 300 300 300 301 301 301 301 301 301 302 302 302 302 302 302 303 303 303 303 303 303 304 304 304 304 304 304 304 304 305 305 305 305 305 305 305 305 306 306 306 306 306 306 306 306 306 306 306 307 307 307 307 307 307
290 290 291 291 291 291 292 292 292 293 293 293 294 294 294 294 295 295 295 295 296 296 296 296 297 297 297 297 298 298 298 298 299 299 299 299 299 300 300 300 300 300 301 301 301 301 301 302 302 302 302 302 302 303 303 303 303 303 303 304 304 304 304 304 304 304 305 305 305 305 305 305 305 305 305 306 306 306 306 306 306 306 306 306 306 307 307 307 307 307 307 307 307 307
290 291 291 291 292 292 292 292 293 293 293 294 294 294 294 295 295 295 295 296 296 296 297 297 297 297 297 298 298 298 298 299 299 299 299 300 300 300 300 300 301 301 301 301 301 302 302 302 302 302 302 303 303 303 303 303 303 304 304 304 304 304 304 304 305 305 305 305 305 305 305 305 306 306 306 306 306 306 306 306 306 307 307 307 307 307 307 307 307 307 307 307 307 307
291 291 291 292 292 292 292 293 293 293 294 294 294 294 295 295 295 296 296 296 296 297 297 297 297 298 298 298 298 299 299 299 299 299 300 300 300 300 300 301 301 301 301 301 302 302 302 302 302 303 303 303 303 303 303 304 304 304 304 304 304 304 305 305 305 305 305 305 305 306 306 306 306 306 306 306 306 306 307 307 307 307 307 307 307 307 307 307 307 307 308 308 308 308
291 291 292 292 292 292 293 293 293 294 294 294 294 295 295 295 296 296 296 296 297 297 297 297 298 298 298 298 299 299 299 299 299 300 300 300 300 301 301 301 301 301 302 302 302 302 302 302 303 303 303 303 303 304 304 304 304 304 304 304 305 305 305 305 305 305 305 306 306 306 306 306 306 306 306 307 307 307 307 307 307 307 307 307 307 307 308 308 308 308 308 308 308 308
291 292 292 292 292 293 293 293 294 294 294 295 295 295 295 296 296 296 296 297 297 297 297 298 298 298 298 299 299 299 299 300 300 300 300 300 301 301 301 301 301 302 302 302 302 302 303 303 303 303 303 303 304 304 304 304 304 304 305 305 305 305 305 305 305 306 306 306 306 306 306 306 306 307 307 307 307 307 307 307 307 307 307 308 308 308 308 308 308 308 308 308 308 308
292 292 292 292 293 293 293 294 294 294 295 295 295 295 296 296 296 296 297 297 297 298 298 298 298 298 299 299 299 299 300 300 300 300 301 301 301 301 301 302 302 302 302 302 303 303 303 303 303 303 304 304 304 304 304 304 305 305 305 305 305 305 305 306 306 306 306 306 306 306 307 307 307 307 307 307 307 307 307 307 308 308 308 308 308 308 308 308 308 308 308 308 309 309
292 292 293 293 293 293 294 294 294 295 295 295 295 296 296 296 297 297 297 297 298 298 298 298 299 299 299 299 300 300 300 300 300 301 301 301 301 301 302 302 302 302 302 303 303 303 303 303 304 304 304 304 304 304 305 305 305 305 305 305 305 306 306 306 306 306 306 306 307 307 307 307 307 307 307 307 307 308 308 308 308 308 308 308 308 308 308 308 309 309 309 309 309 309
292 293 293 293 293 294 294 294 295 295 295 295 296 296 296 297 297 297 297 298 298 298 298 299 299 299 299 300 300 300 300 300 301 301 301 301 302 302 302 302 302 303 303 303 303 303 304 304 304 304 304 304 305 305 305 305 305 305 305 306 306 306 306 306 306 306 307 307 307 307 307 307 307 307 308 308 308 308 308 308 308 308 308 308 309 309 309 309 309 309 309 309 309 309
293 293 293 293 294 294 294 295 295 295 296 296 296 296 297 297 297 297 298 298 298 298 299 299 299 299 300 300 300 300 301 301 301 301 301 302 302 302 302 302 303 303 303 303 303 304 304 304 304 304 304 305 305 305 305 305 305 306 306 306 306 306 306 306 307 307 307 307 307 307 307 308 308 308 308 308 308 308 308 308 308 309 309 309 309 309 309 309 309 309 309 309 309 309
293 293 293 294 294 294 295 295 295 296 296 296 296 297 297 297 297 298 298 298 298 299 299 299 299 300 300 300 300 301 301 301 301 302 302 302 302 302 303 303 303 303 303 304 304 304 304 304 304 305 305 305 305 305 305 306 306 306 306 306 306 307 307 307 307 307 307 307 307 308 308 308 308 308 308 308 308 308 309 309 309 309 309 309 309 309 309 309 309 309 310 310 310 310
293 293 294 294 294 295 295 295 296 296 296 296 297 297 297 297 298 298 298 299 299 299 299 300 300 300 300 300 301 301 301 301 302 302 302 302 302 303 303 303 303 303 304 304 304 304 304 305 305 305 305 305 305 306 306 306 306 306 306 307 307 307 307 307 307 307 307 308 308 308 308 308 308 308 308 309 309 309 309 309 309 309 309 309 309 309 310 310 310 310 310 310 310 310
293 294 294 294 295 295 295 296 296 296 296 297 297 297 298 298 298 298 299 299 299 299 300 300 300 300 301 301 301 301 301 302 302 302 302 303 303 303 303 303 304 304 304 304 304 304 305 305 305 305 305 306 306 306 306 306 306 306 307 307 307 307 307 307 307 308 308 308 308 308 308 308 308 309 309 309 309 309 309 309 309 309 309 310 310 310 310 310 310 310 310 310 310 310
294 294 294 295 295 295 296 296 296 296 297 297 297 298 298 298 298 299 299 299 299 300 300 300 300 301 301 301 301 302 302 302 302 302 303 303 303 303 303 304 304 304 304 304 305 305 305 305 305 305 306 306 306 306 306 306 307 307 307 307 307 307 307 308 308 308 308 308 308 308 309 309 309 309 309 309 309 309 309 309 310 310 310 310 310 310 310 310 310 310 310 310 311 311
294 294 295 295 295 296 296 296 296 297 297 297 298 298 298 298 299 299 299 299 300 300 300 300 301 301 301 301 302 302 302 302 302 303 303 303 303 304 304 304 304 304 305 305 305 305 305 305 306 306 306 306 306 306 307 307 307 307 307 307 307 308 308 308 308 308 308 308 309 309 309 309 309 309 309 309 309 310 310 310 310 310 310 310 310 310 310 310 311 311 311 311 311 311
294 295 295 295 296 296 296 296 297 297 297 298 298 298 298 299 299 299 299 300 300 300 300 301 301 301 301 302 302 302 302 303 303 303 303 303 304 304 304 304 304 305 305 305 305 305 306 306 306 306 306 306 307 307 307 307 307 307 307 308 308 308 308 308 308 308 309 309 309 309 309 309 309 309 310 310 310 310 310 310 310 310 310 310 311 311 311 311 311 311 311 311 311 311
295 295 295 296 296 296 296 297 297 297 298 298 298 298 299 299 299 300 300 300 300 301 301 301 301 301 302 302 302 302 303 303 303 303 303 304 304 304 304 305 305 305 305 305 305 306 306 306 306 306 307 307 307 307 307 307 307 308 308 308 308 308 308 308 309 309 309 309 309 309 309 309 310 310 310 310 310 310 310 310 310 311 311 311 311 311 311 311 311 311 311 311 311 311
295 295 296 296 296 296 297 297 297 298 298 298 298 299 299 299 300 300 300 300 301 301 301 301 302 302 302 302 302 303 303 303 303 304 304 304 304 304 305 305 305 305 305 306 306 306 306 306 306 307 307 307 307 307 307 308 308 308 308 308 308 308 309 309 309 309 309 309 309 310 310 310 310 310 310 310 310 310 311 311 311 311 311 311 311 311 311 311 311 311 312 312 312 312
295 296 296 296 296 297 297 297 298 298 298 298 299 299 299 300 300 300 300 301 301 301 301 302 302 302 302 303 303 303 303 303 304 304 304 304 304 305 305 305 305 305 306 306 306 306 306 307 307 307 307 307 307 308 308 308 308 308 308 308 309 309 309 309 309 309 309 310 310 310 310 310 310 310 310 310 311 311 311 311 311 311 311 311 311 311 311 312 312 312 312 312 312 312
296 296 296 296 297 297 297 298 298 298 299 299 299 299 300 300 300 300 301 301 301 301 302 302 302 302 303 303 303 303 303 304 304 304 304 305 305 305 305 305 306 306 306 306 306 306 307 307 307 307 307 308 308 308 308 308 308 308 309 309 309 309 309 309 309 310 310 310 310 310 310 310 310 311 311 311 311 311 311 311 311 311 311 312 312 312 312 312 312 312 312 312 312 312
296 296 296 297 297 297 298 298 298 299 299 299 299 300 300 300 300 301 301 301 301 302 302 302 302 303 303 303 303 304 304 304 304 304 305 305 305 305 305 306 306 306 306 306 307 307 307 307 307 307 308 308 308 308 308 308 309 309 309 309 309 309 309 310 310 310 310 310 310 310 310 311 311 311 311 311 311 311 311 311 312 312 312 312 312 312 312 312 312 312 312 312 312 313
296 296 297 297 297 298 298 298 299 299 299 299 300 300 300 300 301 301 301 301 302 302 302 302 303 303 303 303 304 304 304 304 304 305 305 305 305 306 306 306 306 306 306 307 307 307 307 307 308 308 308 308 308 308 309 309 309 309 309 309 309 310 310 310 310 310 310 310 310 311 311 311 311 311 311 311 311 311 312 312 312 312 312 312 312 312 312 312 312 313 313 313 313 313
296 297 297 297 298 298 298 299 299 299 299 300 300 300 300 301 301 301 301 302 302 302 302 303 303 303 303 304 304 304 304 305 305 305 305 305 306 306 306 306 306 307 307 307 307 307 307 308 308 308 308 308 308 309 309 309 309 309 309 310 310 310 310 310 310 310 311 311 311 311 311 311 311 311 311 312 312 312 312 312 312 312 312 312 312 312 313 313 313 313 313 313 313 313
297 297 297 298 298 298 299 299 299 299 300 300 300 300 301 301 301 302 302 302 302 303 303 303 303 303 304 304 304 304 305 305 305 305 305 306 306 306 306 306 307 307 307 307 307 308 308 308 308 308 308 309 309 309 309 309 309 310 310 310 310 310 310 310 311 311 311 311 311 311 311 311 311 312 312 312 312 312 312 312 312 312 312 313 313 313 313 313 313 313 313 313 313 313
297 297 298 298 298 299 299 299 299 300 300 300 300 301 301 301 302 302 302 302 303 303 303 303 304 304 304 304 304 305 305 305 305 306 306 306 306 306 307 307 307 307 307 307 308 308 308 308 308 309 309 309 309 309 309 310 310 310 310 310 310 310 311 311 311 311 311 311 311 311 312 312 312 312 312 312 312 312 312 312 313 313 313 313 313 313 313 313 313 313 313 313 314 314
297 298 298 298 299 299 299 299 300 300 300 301 301 301 301 302 302 302 302 303 303 303 303 304 304 304 304 304 305 305 305 305 306 306 306 306 306 307 307 307 307 307 308 308 308 308 308 308 309 309 309 309 309 309 310 310 310 310 310 310 311 311 311 311 311 311 311 311 312 312 312 312 312 312 312 312 312 313 313 313 313 313 313 313 313 313 313 313 313 314 314 314 314 314
298 298 298 299 299 299 299 300 300 300 301 301 301 301 302 302 302 302 303 303 303 303 304 304 304 304 305 305 305 305 305 306 306 306 306 306 307 307 307 307 307 308 308 308 308 308 309 309 309 309 309 309 310 310 310 310 310 310 310 311 311 311 311 311 311 311 312 312 312 312 312 312 312 312 312 313 313 313 313 313 313 313 313 313 313 314 314 314 314 314 314 314 314 314
298 298 299 299 299 299 300 300 300 301 301 301 301 302 302 302 302 303 303 303 303 304 304 304 304 305 305 305 305 305 306 306 306 306 307 307 307 307 307 308 308 308 308 308 308 309 309 309 309 309 310 310 310 310 310 310 310 311 311 311 311 311 311 311 312 312 312 312 312 312 312 312 313 313 313 313 313 313 313 313 313 313 314 314 314 314 314 314 314 314 314 314 314 314
