testData/tiles/oneDegreeCosts/grid35.0-28.0-36.0-29.0.asc
ncols   200
nrows   200
xllcorner   35.0
yllcorner   28.0
cellsize   0.005
NODATA_value   -9999.0
[rows 0 to 41 of 200, columns 0 to 93 of 200]
580 580 580 580 580 580 580 580 580 580 580 580 580 580 580 580 580 580 580 580 580 580 580 580 580 580 580 580 580 580 580 580 580 580 580 580 580 580 580 580 580 580 580 580 580 580 580 580 580 580 580 580 580 580 580 580 580 580 580 580 580 580 580 580 580 662 662 662 662 662 663 663 663 664 664 664 664 666 666 666 667 667 667 666 667 667 667 668 668 668 668 669 669 669
580 580 580 580 580 580 580 580 580 580 580 580 580 580 580 580 580 580 580 580 580 580 580 580 580 580 580 580 580 580 580 580 580 580 580 580 580 580 580 580 580 580 580 580 580 580 580 580 580 580 580 580 580 580 580 580 580 580 580 580 580 580 580 580 660 660 661 661 662 662 663 663 663 664 664 664 664 665 665 665 666 666 665 665 667 667 667 668 668 668 668 669 669 669
580 580 580 580 580 580 580 580 580 580 580 580 580 580 580 580 580 580 580 580 580 580 580 580 580 580 580 580 580 580 580 580 580 580 580 580 580 580 580 580 580 580 580 580 580 580 580 580 580 580 580 580 580 580 580 580 580 580 580 580 580 580 580 580 660 660 661 661 661 661 662 662 662 663 664 664 664 665 665 665 666 665 665 665 666 666 666 667 667 667 667 668 669 668
712 711 710 580 580 580 580 580 580 580 580 580 580 580 580 580 580 580 580 580 580 580 580 580 580 580 580 580 580 580 580 580 580 580 580 580 580 580 580 580 580 580 580 580 580 580 580 580 580 580 580 580 580 580 580 580 580 580 580 580 580 580 580 580 659 660 661 661 661 661 662 662 662 663 663 663 663 664 664 664 665 665 665 665 666 666 666 667 667 667 667 668 668 667
711 709 708 707 707 580 580 580 580 580 580 580 580 580 580 580 580 580 580 580 580 580 580 580 580 580 580 580 580 580 580 580 580 580 580 580 580 580 580 580 580 580 580 580 580 580 580 580 580 580 580 580 580 580 580 580 580 580 580 580 580 580 580 659 659 659 660 660 660 660 661 662 662 663 663 663 663 664 664 663 664 664 664 664 665 665 665 667 667 667 668 668 667 667
710 708 707 706 705 703 703 580 580 580 580 580 580 580 580 580 580 580 580 580 580 580 580 580 580 580 580 580 580 580 580 580 580 580 580 580 580 580 580 580 580 580 580 580 580 580 580 580 580 580 580 580 580 580 580 580 580 580 580 580 580 580 580 659 659 659 660 660 660 660 661 661 661 662 662 662 663 664 663 663 664 664 664 665 665 665 665 666 666 666 667 666 666 666
706 706 705 705 704 702 701 700 698 580 580 580 580 580 580 580 580 580 580 580 580 580 580 580 580 580 580 580 580 580 580 580 580 580 580 580 580 580 580 580 580 580 580 580 580 580 580 580 580 580 580 580 580 580 580 580 580 580 580 580 580 580 580 658 658 658 659 659 660 661 661 661 661 662 662 662 663 662 662 662 663 663 663 664 665 665 665 666 666 666 666 666 666 666
705 704 703 703 701 701 699 699 697 695 695 580 580 580 580 580 580 580 580 580 580 580 580 580 580 580 580 580 580 580 580 580 580 580 580 580 580 580 580 580 580 580 580 580 580 580 580 580 580 580 580 580 580 580 580 580 580 580 580 580 580 580 658 658 658 658 659 659 659 660 660 660 660 661 662 662 662 662 662 662 663 663 663 664 664 664 664 665 665 664 665 665 666 666
703 702 702 702 700 699 697 696 696 694 693 691 689 580 580 580 580 580 580 580 580 580 580 580 580 580 580 580 580 580 580 580 580 580 580 580 580 580 580 580 580 580 580 580 580 580 580 580 580 580 580 580 580 580 580 580 580 580 580 580 580 580 657 657 657 657 659 659 659 660 660 660 660 661 661 660 661 661 661 661 662 663 663 664 664 664 664 665 665 664 665 665 665 665
702 700 699 699 698 697 696 695 693 692 691 690 688 686 685 580 580 580 580 580 580 580 580 580 580 580 580 580 580 580 580 580 580 580 580 580 580 580 580 580 580 580 580 580 580 580 580 580 580 580 580 580 580 580 580 580 580 580 580 580 580 580 657 657 657 657 658 658 658 659 659 659 660 660 660 660 661 661 661 661 662 662 662 663 663 663 663 664 663 664 665 665 665 665
700 698 698 697 697 695 693 694 692 690 689 687 685 683 683 681 580 580 580 580 580 580 580 580 580 580 580 580 580 580 580 580 580 580 580 580 580 580 580 580 580 580 580 580 580 580 580 580 580 580 580 580 580 580 580 580 580 580 580 580 580 580 656 656 657 657 658 658 658 659 659 659 658 659 659 659 660 660 661 661 662 662 662 663 663 663 663 663 663 663 664 664 664 664
698 697 695 695 694 694 692 691 689 688 688 686 684 682 680 678 676 675 580 580 580 580 580 580 580 580 580 580 580 580 580 580 580 580 580 580 580 580 580 580 580 580 580 580 580 580 580 580 580 580 580 580 580 580 580 580 580 580 580 580 580 655 656 656 656 656 657 657 657 658 659 658 658 659 659 659 660 660 660 660 661 661 661 662 662 662 662 663 663 663 664 664 664 664
696 696 694 693 692 690 689 690 688 686 685 683 681 680 678 676 674 672 669 666 580 580 580 580 580 580 580 580 580 580 580 580 580 580 580 580 580 580 580 580 580 580 580 580 580 580 580 580 580 580 580 580 580 580 580 580 580 580 580 580 580 654 655 656 656 656 657 657 657 657 657 657 657 658 658 658 660 660 660 660 661 661 661 662 662 661 661 662 662 662 663 663 663 663
695 693 692 691 690 689 687 687 685 683 683 681 679 677 676 673 672 670 667 664 660 580 580 580 580 580 580 580 580 580 580 580 580 580 580 580 580 580 580 580 580 580 580 580 580 580 580 580 580 580 580 580 580 580 580 580 580 580 580 580 580 654 655 655 655 655 656 655 656 657 657 657 657 658 658 658 659 659 659 659 660 660 660 661 661 661 661 662 662 662 663 663 663 664
692 692 690 690 688 686 684 685 684 682 681 679 676 675 674 671 668 666 663 661 658 654 649 580 580 580 580 580 580 580 580 580 580 580 580 580 580 580 580 580 580 580 580 580 580 580 580 580 580 580 580 580 580 580 580 580 580 580 580 580 580 653 655 655 655 654 655 655 655 656 656 656 656 657 657 658 659 659 659 659 660 660 660 660 660 660 661 661 661 661 662 662 662 664
691 690 688 687 687 685 683 682 680 680 679 677 674 672 671 668 666 664 661 657 654 649 645 637 580 580 580 580 580 580 580 580 580 580 580 580 580 580 580 580 580 580 580 580 580 580 580 580 580 580 580 580 580 580 580 580 580 580 580 580 653 653 654 653 653 653 654 655 655 656 656 656 656 657 657 657 658 658 658 659 659 659 659 660 660 660 661 661 661 661 662 662 662 662
689 688 686 686 684 682 681 680 678 676 675 674 672 671 668 666 663 660 657 654 651 645 638 622 623 623 580 580 580 580 580 580 580 580 580 580 580 580 580 580 580 580 580 580 580 580 580 580 580 580 580 580 580 580 580 580 580 580 580 580 652 652 653 653 653 653 654 654 654 655 655 655 655 657 657 657 658 658 658 659 658 658 658 659 659 659 660 660 660 660 661 662 662 662
687 686 684 683 682 681 679 678 676 674 673 671 669 668 665 663 660 658 654 649 645 639 635 622 623 623 623 580 580 580 580 580 580 580 580 580 580 580 580 580 580 580 580 580 580 580 580 580 580 580 580 580 580 580 580 580 580 580 580 580 651 651 652 652 652 652 654 654 654 655 655 655 656 656 656 656 657 657 657 657 658 658 658 659 659 659 660 660 660 660 661 661 660 661
685 684 682 682 680 678 678 676 674 672 670 668 666 666 663 660 656 654 649 646 640 634 621 621 622 623 623 624 624 580 580 580 580 580 580 580 580 580 580 580 580 580 580 580 580 580 580 580 580 580 580 580 580 580 580 580 580 580 580 580 651 651 652 652 652 652 653 653 653 654 654 654 656 656 656 656 657 657 656 657 657 657 657 658 658 658 659 659 659 660 661 660 660 661
682 682 680 680 678 676 675 673 671 670 668 666 663 661 659 657 653 650 646 640 633 620 621 621 622 622 622 623 623 624 580 580 580 580 580 580 580 580 580 580 580 580 580 580 580 580 580 580 580 580 580 580 580 580 580 580 580 580 580 650 650 650 651 651 651 652 653 653 653 654 654 654 655 655 655 655 656 655 655 657 657 657 657 658 658 658 659 659 659 659 659 659 659 660
680 679 678 677 675 673 673 671 669 667 665 663 661 659 655 652 649 645 640 634 620 620 620 620 621 622 622 623 623 623 623 624 580 580 580 580 580 580 580 580 580 580 580 580 580 580 580 580 580 580 580 580 580 580 580 580 580 580 580 650 650 650 651 651 651 652 652 652 652 653 653 653 655 655 655 654 655 655 655 656 656 656 656 657 657 657 658 658 659 658 659 659 659 660
678 676 675 675 674 672 671 668 666 665 663 660 657 655 652 649 644 641 634 631 619 619 620 620 621 621 621 622 622 623 623 624 624 580 580 580 580 580 580 580 580 580 580 580 580 580 580 580 580 580 580 580 580 580 580 580 580 580 580 649 649 649 650 650 650 652 652 652 652 653 653 653 654 654 653 653 654 654 654 656 656 656 656 657 657 657 658 658 657 657 658 658 658 659
676 675 673 672 671 669 668 666 664 661 660 657 655 652 648 644 639 634 629 618 619 619 619 619 620 621 621 622 622 622 622 623 623 624 580 580 580 580 580 580 580 580 580 580 580 580 580 580 580 580 580 580 580 580 580 580 580 580 580 649 649 649 650 650 650 651 651 651 651 652 652 653 653 653 653 653 654 654 654 655 655 655 655 656 656 656 657 657 657 657 658 658 658 659
674 672 670 669 668 667 666 663 661 658 657 654 651 648 644 639 634 629 616 616 618 618 619 619 620 620 620 621 621 622 622 623 623 623 624 580 580 580 580 580 580 580 580 580 580 580 580 580 580 580 580 580 580 580 580 580 580 580 647 648 648 648 649 649 649 651 651 651 651 652 652 651 652 652 652 652 653 653 654 655 655 655 655 656 656 656 656 656 656 656 657 657 526 527
671 670 668 667 665 663 662 661 658 655 653 650 647 644 640 634 627 615 615 616 617 617 618 618 619 619 620 621 621 621 621 622 622 623 624 624 624 580 580 580 580 580 580 580 580 580 580 580 580 580 580 580 580 580 580 580 580 580 646 648 648 648 649 649 649 650 650 650 650 650 650 651 652 652 652 652 653 653 653 654 654 654 654 655 655 654 655 656 656 656 657 526 526 527
669 668 665 664 663 661 659 657 655 652 651 647 643 640 634 626 614 615 615 615 616 616 617 617 619 619 619 620 620 621 621 622 622 622 623 623 623 624 580 580 580 580 580 580 580 580 580 580 580 580 580 580 580 580 580 580 580 580 646 647 647 647 648 648 648 650 650 649 649 650 650 650 651 651 651 651 652 652 653 654 654 654 654 654 654 654 655 655 655 655 525 525 525 526
667 665 663 662 660 657 656 654 651 649 647 643 638 635 628 613 613 614 614 615 616 616 616 616 617 617 619 620 620 620 620 621 621 622 623 623 623 623 624 580 580 580 580 580 580 580 580 580 580 580 580 580 580 580 580 580 580 580 645 646 647 647 648 648 648 648 648 648 648 649 649 650 651 651 651 651 652 652 652 653 653 653 652 653 653 653 654 655 655 524 525 525 525 526
665 663 660 659 657 655 653 651 647 644 643 639 634 628 625 612 613 614 614 614 615 615 615 616 617 617 617 618 618 619 620 621 621 621 622 622 622 623 624 624 580 580 580 580 580 580 580 580 580 580 580 580 580 580 580 580 580 580 645 646 646 646 646 646 646 648 648 648 648 649 649 649 650 650 650 650 651 651 651 653 653 652 652 653 653 653 654 523 523 523 524 524 524 524
662 660 658 657 654 652 650 647 644 641 637 633 627 624 612 612 612 613 613 613 615 615 615 615 616 616 617 618 618 618 618 619 620 620 622 622 622 622 623 623 623 580 580 580 580 580 580 580 580 580 580 580 580 580 580 580 580 644 644 644 645 645 646 646 646 647 647 647 647 648 648 648 650 650 650 650 651 651 651 652 651 651 651 652 652 652 522 522 523 523 524 524 523 524
660 658 655 654 651 649 647 644 640 636 632 627 622 611 611 611 611 613 613 613 614 614 614 615 616 616 616 617 617 617 618 619 619 619 620 620 621 621 623 623 623 624 580 580 580 580 580 580 580 580 580 580 580 580 580 580 580 643 643 644 644 644 645 645 645 645 647 647 647 648 648 648 649 649 649 649 650 650 649 650 651 651 651 652 652 521 522 522 522 522 523 522 522 523
656 654 652 651 648 645 643 639 635 632 627 621 608 609 611 611 611 612 612 612 614 614 614 614 615 615 615 617 617 617 617 618 618 618 620 620 620 620 621 621 621 622 623 580 580 580 580 580 580 580 580 580 580 580 580 580 580 642 642 643 643 644 645 645 645 645 646 646 646 647 647 647 648 649 649 649 650 649 649 650 650 650 650 520 520 520 521 521 521 522 522 522 522 523
652 651 649 648 645 641 639 636 631 625 620 607 608 609 609 609 610 611 612 612 613 613 613 613 615 615 615 616 616 616 616 618 618 618 619 619 619 619 621 621 621 622 622 622 622 580 580 580 580 580 580 580 580 580 580 580 580 642 642 643 643 643 644 644 644 644 645 646 646 647 647 647 648 648 648 647 648 648 648 649 649 650 519 520 520 520 521 521 521 520 521 521 521 522
650 648 645 644 642 638 634 631 625 619 607 607 607 608 608 609 609 611 611 611 612 613 613 613 614 614 614 615 616 616 616 617 617 617 618 619 619 619 620 620 620 621 621 622 622 623 580 580 580 580 580 580 580 580 580 580 580 641 641 642 642 642 644 644 644 644 645 645 645 646 646 646 646 647 647 647 648 648 648 649 649 518 518 519 519 519 520 520 519 519 520 521 521 522
647 644 642 640 637 633 629 626 618 605 606 606 606 607 608 608 608 609 609 611 612 612 612 612 613 614 614 615 615 615 615 616 617 617 618 618 618 618 619 620 620 621 621 621 621 622 622 580 580 580 580 580 580 580 580 580 640 641 641 642 642 642 643 643 643 643 644 644 645 646 646 646 645 646 646 646 647 647 647 517 517 517 518 519 519 519 520 519 519 519 520 520 520 521
644 641 638 636 632 628 624 618 604 604 606 606 606 606 607 607 608 609 609 609 610 611 612 612 613 613 613 614 614 615 615 616 616 616 617 617 618 618 619 619 619 620 620 620 621 622 622 622 580 580 580 580 580 580 580 580 640 640 640 641 641 641 642 643 643 643 644 644 644 645 644 644 644 645 645 645 647 647 516 516 517 517 517 518 518 517 518 518 518 518 519 519 519 521
640 637 634 632 628 622 615 603 604 604 605 605 605 605 607 607 607 608 608 608 609 610 610 611 612 612 613 614 614 614 614 615 615 616 617 617 617 617 618 618 618 620 620 620 620 621 621 621 622 580 580 580 580 580 580 580 639 639 639 641 641 641 642 642 642 642 643 643 642 643 644 644 644 645 645 645 646 515 515 515 516 516 516 517 517 517 517 518 518 518 519 519 519 520
636 634 630 627 622 615 601 602 603 603 604 605 605 605 606 606 606 608 608 608 608 609 609 610 611 612 612 613 613 613 614 615 615 615 616 616 616 617 618 618 618 619 619 619 619 621 621 621 622 622 580 580 580 580 580 580 639 639 639 640 640 640 641 641 641 642 642 642 642 643 643 643 643 644 644 513 514 515 515 515 516 516 516 516 516 516 516 517 517 517 518 518 518 518
633 629 625 621 615 600 600 601 601 602 604 604 604 604 605 606 606 607 607 607 607 609 609 609 610 610 610 611 613 613 613 614 614 614 616 616 616 616 617 617 617 618 619 619 619 620 620 620 621 621 622 580 580 580 580 580 638 638 638 639 640 640 641 640 640 640 641 641 641 642 642 642 643 644 513 513 514 514 514 514 515 514 514 515 515 515 515 517 517 517 518 518 518 517
628 624 620 615 612 599 599 601 601 601 602 603 603 604 605 605 605 606 606 607 607 608 608 608 609 610 610 610 611 611 611 613 614 614 614 615 615 615 616 617 617 618 618 618 618 619 619 620 621 621 621 580 580 580 580 637 638 638 638 639 638 638 639 639 639 639 640 641 641 642 642 642 642 512 512 512 513 513 513 513 514 514 514 515 515 515 515 516 516 516 517 517 516 516
624 619 613 611 598 599 599 600 600 600 601 602 602 603 604 604 605 606 606 606 606 607 608 608 609 609 609 609 610 611 611 612 612 612 612 614 615 615 616 616 616 616 617 617 618 619 619 619 620 620 620 620 580 580 580 637 636 636 636 637 637 637 639 639 639 639 640 640 640 641 641 510 510 511 512 512 513 513 512 512 513 513 513 514 514 514 514 515 515 515 517 516 516 516
617 612 609 598 598 598 598 599 599 600 601 601 601 601 604 604 604 605 605 605 606 607 607 607 608 608 609 609 610 610 610 611 611 612 612 613 613 613 614 614 615 615 616 616 617 618 618 617 617 619 619 619 620 580 580 635 635 635 636 637 637 637 638 638 638 638 639 639 639 641 510 510 510 511 511 511 512 511 511 511 512 512 512 514 514 514 514 515 515 515 515 515 515 515
610 607 596 597 597 597 597 599 599 599 600 600 601 601 602 602 603 604 605 605 605 606 606 606 608 608 608 608 609 609 610 611 611 611 611 612 612 612 614 614 614 614 615 615 615 617 617 617 617 618 618 618 619 619 580 634 635 635 635 636 636 636 637 637 638 638 639 639 508 509 509 509 509 510 510 509 510 511 511 511 512 512 512 513 513 513 513 514 514 513 514 514 514 514
