testData/tiles/oneDegreeCosts/grid43.0-40.0-44.0-41.0.asc
ncols   200
nrows   200
xllcorner   43.0
yllcorner   40.0
cellsize   0.005
NODATA_value   -9999.0
[rows 42 to 83 of 200, columns 94 to 187 of 200]
357 357 357 357 357 357 357 357 357 357 357 357 357 357 357 357 357 357 357 357 357 357 357 357 357 357 357 357 357 357 357 357 357 357 357 357 357 357 402 401 400 399 399 470 468 468 467 467 467 465 464 464 463 462 461 460 459 459 458 458 458 458 458 457 457 457 457 456 456 456 456 455 455 455 455 454 454 454 454 453 453 453 453 453 453 453 453 453 453 453 453 453 453 453
357 357 357 357 357 357 357 357 357 357 357 357 357 357 357 357 357 357 357 357 357 357 357 357 357 357 357 357 357 357 357 357 357 357 357 357 357 357 402 402 401 400 399 470 469 469 468 466 466 465 464 464 462 461 461 460 459 459 459 459 459 458 458 458 458 457 457 457 457 456 456 456 456 455 455 455 455 454 454 454 454 453 453 453 453 453 453 453 453 453 453 453 453 453
357 357 357 357 357 357 357 357 357 357 357 357 357 357 357 357 357 357 357 357 357 357 357 357 357 357 357 357 357 357 357 357 357 357 357 357 357 357 357 403 401 401 472 471 471 469 468 468 467 465 465 464 463 463 461 460 460 459 459 458 458 458 458 457 457 457 457 456 456 456 457 456 456 456 456 455 455 455 455 454 454 454 454 453 453 453 453 453 453 453 453 453 453 453
357 357 357 357 357 357 357 357 357 357 357 357 357 357 357 357 357 357 357 357 357 357 357 357 357 357 357 357 357 357 357 357 357 357 357 357 357 357 357 403 402 402 472 471 471 470 469 468 467 466 466 465 463 463 462 461 460 459 459 459 459 458 458 458 458 457 457 457 457 456 456 456 456 456 455 455 455 455 454 454 454 453 453 453 453 453 453 453 453 453 453 453 453 453
357 357 357 357 357 357 357 357 357 357 357 357 357 357 357 357 357 357 357 357 357 357 357 357 357 357 357 357 357 357 357 357 357 357 357 357 357 357 357 357 401 402 473 472 472 470 469 469 468 467 466 465 464 464 462 461 461 460 460 459 459 459 459 458 458 458 458 457 457 457 457 457 456 456 456 456 455 455 455 455 454 454 454 454 453 453 453 453 453 453 453 453 453 453
357 357 357 357 357 357 357 357 357 357 357 357 357 357 357 357 357 357 357 357 357 357 357 357 357 357 357 357 357 357 357 357 357 357 357 357 357 357 357 357 357 474 473 471 471 470 469 469 467 467 467 466 464 464 463 462 462 460 460 460 460 459 459 459 459 459 458 458 458 458 457 457 457 457 456 456 456 456 455 455 455 455 454 454 454 454 453 453 453 453 453 453 453 453
357 357 357 357 357 357 357 357 357 357 357 357 357 357 357 357 357 357 357 357 357 357 357 357 357 357 357 357 357 357 357 357 357 357 357 357 357 357 357 357 357 388 473 472 472 471 469 469 468 467 466 465 464 464 463 461 461 460 460 460 460 460 460 460 459 459 459 459 458 458 458 458 457 457 457 457 456 456 456 456 455 455 455 455 454 454 454 454 453 453 453 453 453 453
357 357 357 357 357 357 357 357 357 357 357 357 357 357 357 357 357 357 357 357 357 357 357 357 357 357 357 357 357 357 357 357 357 357 357 357 357 357 357 357 357 389 388 473 472 471 471 470 468 468 467 466 466 464 463 463 462 460 460 460 460 460 459 459 459 459 458 458 458 458 457 457 457 457 456 456 456 457 456 456 456 456 455 455 455 455 454 454 454 453 453 453 453 453
357 357 357 357 357 357 357 357 357 357 357 357 357 357 357 357 357 357 357 357 357 357 357 357 357 357 357 357 357 357 357 357 357 357 357 357 357 357 357 357 391 389 388 388 473 472 471 470 469 469 468 466 466 465 464 463 462 461 461 461 460 460 460 460 459 459 459 459 458 458 458 458 457 457 457 457 456 456 456 456 455 455 455 455 454 454 454 454 453 453 453 453 453 453
357 357 357 357 357 357 357 357 357 357 357 357 357 357 357 357 357 357 357 357 357 357 357 357 357 357 357 357 357 357 357 357 357 357 357 357 357 357 357 357 390 389 388 388 387 471 472 471 470 469 468 467 467 465 464 464 463 462 461 461 461 461 460 460 460 460 459 459 459 459 458 458 458 458 457 457 457 457 456 456 456 456 455 455 455 455 454 454 454 454 453 453 453 453
357 357 357 357 357 357 357 357 357 357 357 357 357 357 357 357 357 357 357 357 357 357 357 357 357 357 357 357 357 357 357 357 357 357 357 357 357 357 357 357 391 390 388 388 387 386 472 470 469 469 468 466 466 465 464 465 463 462 462 462 461 461 461 461 460 460 460 460 459 459 459 459 458 458 458 458 457 457 457 457 456 456 456 456 455 455 455 455 454 454 454 454 453 453
357 357 357 357 357 357 357 357 357 357 357 357 357 357 357 357 357 357 357 357 357 357 357 357 357 357 357 357 357 357 357 357 357 357 357 357 357 357 357 392 391 390 389 389 387 386 386 386 470 469 468 467 467 466 464 464 463 462 461 461 461 461 460 460 460 460 460 460 460 460 460 459 459 459 459 458 458 458 458 457 457 457 456 456 456 456 455 455 455 455 454 454 454 453
357 357 357 357 357 357 357 357 357 357 357 357 357 357 357 357 357 357 357 357 357 357 357 357 357 357 357 357 357 357 357 357 357 357 357 357 357 357 357 392 392 391 389 389 388 387 387 386 386 470 469 468 467 466 465 465 463 462 462 462 461 461 461 461 461 460 460 460 460 459 459 459 459 458 458 458 458 457 457 457 457 456 456 456 455 455 455 455 454 454 454 454 453 453
357 357 357 357 357 357 357 357 357 357 357 357 357 357 357 357 357 357 357 357 357 357 357 357 357 357 357 357 357 357 357 357 357 357 357 357 357 357 357 392 391 390 389 390 389 387 387 386 386 386 386 468 468 467 465 465 464 463 462 462 462 462 462 461 461 461 461 460 460 460 460 459 459 459 459 458 458 458 458 457 457 457 457 456 456 456 455 455 455 455 454 454 454 454
357 357 357 357 357 357 357 357 357 357 357 357 357 357 357 357 357 357 357 357 357 357 357 357 357 357 357 357 357 357 357 357 357 357 357 357 357 357 393 392 392 391 390 389 388 387 387 386 386 386 386 386 468 467 466 466 464 463 463 463 463 462 462 462 462 461 461 461 461 460 460 460 460 459 459 459 459 458 458 458 458 457 457 457 457 456 456 456 455 455 455 455 454 454
357 357 357 357 357 357 357 357 357 357 357 357 357 357 357 357 357 357 357 357 357 357 357 357 357 357 357 357 357 357 357 357 357 357 357 357 357 357 394 393 393 391 390 390 389 387 387 386 386 386 386 386 386 386 465 465 464 463 463 462 462 462 462 462 462 462 462 461 461 461 461 460 460 460 460 459 459 459 459 458 458 458 458 457 457 457 456 456 456 456 455 455 455 456
357 357 357 357 357 357 357 357 357 357 357 357 357 357 357 357 357 357 357 357 357 357 357 357 357 357 357 357 357 357 357 357 357 357 357 357 357 357 394 394 393 392 391 390 389 388 388 387 386 386 386 386 386 386 386 386 465 463 463 463 463 462 462 462 462 461 461 461 461 460 460 460 460 459 459 459 459 458 458 458 458 457 457 457 457 457 457 457 456 456 456 456 455 457
357 357 357 357 357 357 357 357 357 357 357 357 357 357 357 357 357 357 357 357 357 357 357 357 357 357 357 357 357 357 357 357 357 357 357 357 357 395 394 394 393 392 392 391 390 389 388 387 386 386 386 386 386 386 386 386 386 386 464 463 463 463 463 462 462 462 462 461 461 461 461 460 460 460 460 459 459 459 459 458 458 458 458 457 457 457 457 456 456 456 456 456 456 457
357 357 357 357 357 357 357 357 357 357 357 357 357 357 357 357 357 357 357 357 357 357 357 357 357 357 357 357 357 357 357 357 357 357 357 357 357 396 395 394 393 392 392 391 389 389 388 387 386 386 386 386 386 386 386 386 386 386 386 386 386 463 463 463 463 463 462 462 462 462 461 461 461 461 460 460 460 459 459 459 459 458 458 458 458 457 457 457 457 456 456 456 456 458
357 357 357 357 357 357 357 357 357 357 357 357 357 357 357 357 357 357 357 357 357 357 357 357 357 357 357 357 357 357 357 357 357 357 357 357 357 396 395 395 394 393 392 391 390 389 388 387 386 386 386 386 386 386 386 386 386 386 386 386 386 386 386 464 463 463 463 463 462 462 462 462 461 461 461 461 460 460 460 459 459 459 459 458 458 458 458 457 457 457 456 457 458 459
357 357 357 357 357 357 357 357 357 357 357 357 357 357 357 357 357 357 357 357 357 357 357 357 357 357 357 357 357 357 357 357 357 357 357 357 357 397 396 396 394 393 392 392 390 389 389 388 387 386 386 386 386 386 386 386 386 386 386 386 386 386 386 386 386 463 462 462 462 462 461 461 461 461 460 460 460 460 459 459 459 459 459 459 459 458 458 458 458 457 457 458 458 460
357 357 357 357 357 357 357 357 357 357 357 357 357 357 357 357 357 357 357 357 357 357 357 357 357 357 357 357 357 357 357 357 357 357 357 357 357 396 395 394 394 394 392 392 391 390 390 388 387 387 386 386 386 386 386 386 386 386 386 386 386 386 386 386 386 386 386 386 462 462 462 462 461 461 461 461 460 460 460 460 459 459 459 458 458 458 458 457 457 457 457 458 459 460
357 357 357 357 357 357 357 357 357 357 357 357 357 357 357 357 357 357 357 357 357 357 357 357 357 357 357 357 357 357 357 357 357 357 357 357 357 397 396 395 394 393 392 392 391 389 389 388 387 386 386 386 386 386 386 386 386 386 386 386 386 386 386 386 386 386 386 386 386 386 386 462 462 462 461 461 461 461 460 460 460 460 459 459 459 458 458 458 458 457 458 459 459 461
357 357 357 357 357 357 357 357 357 357 357 357 357 357 357 357 357 357 357 357 357 357 357 357 357 357 357 357 357 357 357 357 357 357 357 357 357 357 396 395 395 394 393 392 391 390 390 388 387 387 386 386 386 386 386 386 386 386 386 386 386 386 386 386 386 386 386 386 386 386 386 386 386 386 462 462 461 461 461 461 460 460 460 459 459 459 459 458 458 458 459 460 461 462
357 357 357 357 357 357 357 357 357 357 357 357 357 357 357 357 357 357 357 357 357 357 357 357 357 357 357 357 357 357 357 357 357 357 357 357 357 357 357 396 395 394 393 393 392 390 390 389 388 388 386 386 386 386 386 386 386 386 386 386 386 386 386 386 386 386 386 386 386 386 386 386 386 386 386 386 386 461 460 460 460 460 460 460 460 459 459 459 459 458 460 461 462 463
357 357 357 357 357 357 357 357 357 357 357 357 357 357 357 357 357 357 357 357 357 357 357 357 357 357 357 357 357 357 357 357 357 357 357 357 357 357 357 395 395 394 394 393 392 391 391 390 388 388 387 386 386 386 386 386 386 386 386 386 386 386 386 386 386 386 386 386 386 386 386 386 386 386 386 386 386 386 386 386 460 460 460 460 459 459 459 459 459 459 460 461 462 463
357 357 357 357 357 357 357 357 357 357 357 357 357 357 357 357 357 357 357 357 357 357 357 357 357 357 357 357 357 357 357 357 357 357 357 357 357 357 357 357 396 394 393 393 392 391 390 389 388 388 386 386 386 386 386 386 386 386 386 386 386 386 386 386 386 386 386 386 386 386 386 386 386 386 386 386 386 386 386 386 386 386 386 460 460 460 459 459 459 459 461 462 463 464
357 357 357 357 357 357 357 357 357 357 357 357 357 357 357 357 357 357 357 357 357 357 357 357 357 357 357 357 357 357 357 357 357 357 357 357 357 357 357 357 396 395 394 393 392 391 391 390 388 388 387 386 386 386 386 386 386 386 386 386 386 386 386 386 386 386 386 386 386 386 386 386 386 386 386 386 386 386 386 386 386 386 386 386 386 386 386 459 459 461 462 462 464 465
357 357 357 357 357 357 357 357 357 357 357 357 357 357 357 357 357 357 357 357 357 357 357 357 357 357 357 357 357 357 357 357 357 357 357 357 357 357 357 357 357 395 394 394 393 392 391 390 389 389 387 386 386 386 386 386 386 386 386 386 386 386 386 386 386 386 386 386 386 386 386 386 386 386 386 386 386 386 386 386 386 386 386 386 386 386 386 386 386 386 463 464 465 466
357 357 357 357 357 357 357 357 357 357 357 357 357 357 357 357 357 357 357 357 357 357 357 357 357 357 357 357 357 357 357 357 357 357 357 357 357 357 357 357 357 357 394 394 393 392 392 391 389 389 388 387 387 386 386 386 386 386 386 386 386 386 386 386 386 386 386 386 386 386 386 386 386 386 386 386 386 386 386 386 386 386 386 386 386 386 386 386 386 386 386 386 386 386
357 357 357 357 357 357 357 357 357 357 357 357 357 357 357 357 357 357 357 357 357 357 357 357 357 357 357 357 357 357 357 357 357 357 357 357 357 357 357 357 357 357 394 393 393 392 390 390 389 388 388 386 386 386 386 386 386 386 386 386 386 386 386 386 386 386 386 386 386 386 386 386 386 386 386 386 386 386 386 386 386 386 386 386 386 386 386 386 386 386 386 386 386 386
357 357 357 357 357 357 357 357 357 357 357 357 357 357 357 357 357 357 357 357 357 357 357 357 357 357 357 357 357 357 357 357 357 357 357 357 357 357 357 357 357 357 357 394 393 392 391 391 390 388 388 387 386 386 386 386 386 386 386 386 386 386 386 386 386 386 386 386 386 386 386 386 386 386 386 386 386 386 386 386 386 386 386 386 386 386 386 386 386 386 386 386 386 386
357 357 357 357 357 357 357 357 357 357 357 357 357 357 357 357 357 357 357 357 357 357 357 357 357 357 357 357 357 357 357 357 357 357 357 357 357 357 357 357 357 357 357 357 394 393 392 391 390 389 389 387 386 386 386 386 386 386 386 386 386 386 386 386 386 386 386 386 386 386 386 386 386 386 386 386 386 386 386 386 386 386 386 386 386 386 386 386 386 386 386 386 386 386
357 357 357 357 357 357 357 357 357 357 357 357 357 357 357 357 357 357 357 357 357 357 357 357 357 357 357 357 357 357 357 357 357 357 357 357 357 357 357 357 357 357 357 357 394 392 391 391 391 389 389 388 387 386 386 386 386 386 386 386 386 386 386 386 386 386 386 386 386 386 386 386 386 386 386 386 386 386 386 386 386 386 386 386 386 386 386 386 386 386 386 386 386 386
357 357 357 357 357 357 357 357 357 357 357 357 357 357 357 357 357 357 357 357 357 357 357 357 357 357 357 357 357 357 357 357 357 357 357 357 357 357 357 357 357 357 357 357 357 393 392 391 390 389 389 387 386 386 386 386 386 386 386 386 386 386 386 386 386 386 386 386 386 386 386 386 386 386 386 386 386 386 386 386 386 386 386 386 386 386 386 386 386 386 386 386 386 386
357 357 357 357 357 357 357 357 357 357 357 357 357 357 357 357 357 357 357 357 357 357 357 357 357 357 357 357 357 357 357 357 357 357 357 357 357 357 357 357 357 357 357 357 357 393 392 391 391 389 388 388 387 386 386 386 386 386 386 386 386 386 386 386 386 386 386 386 386 386 386 386 386 386 386 386 386 386 386 386 386 386 386 386 386 386 386 386 386 386 386 386 386 386
357 357 357 357 357 357 357 357 357 357 357 357 357 357 357 357 357 357 357 357 357 357 357 357 357 357 357 357 357 357 357 357 357 357 357 357 357 357 357 357 357 357 357 357 357 357 393 391 391 390 389 389 387 386 386 386 386 386 386 386 386 386 386 386 386 386 386 386 386 386 386 386 386 386 386 386 386 386 386 386 386 386 386 386 386 386 386 386 386 386 386 386 386 386
357 357 357 357 357 357 357 357 357 357 357 357 357 357 357 357 357 357 357 357 357 357 357 357 357 357 357 357 357 357 357 357 357 357 357 357 357 357 357 357 357 357 357 357 357 357 357 391 391 390 388 388 387 387 386 386 386 386 386 386 386 386 386 386 386 386 386 386 386 386 386 386 386 386 386 386 386 386 386 386 386 386 386 386 386 386 386 386 386 386 386 386 386 386
357 357 357 357 357 357 357 357 357 357 357 357 357 357 357 357 357 357 357 357 357 357 357 357 357 357 357 357 357 357 357 357 357 357 357 357 357 357 357 357 357 357 357 357 357 357 357 392 391 390 389 389 387 386 386 386 386 386 386 386 386 386 386 386 386 386 386 386 386 386 386 386 386 386 386 386 386 386 386 386 386 386 386 386 386 386 386 386 386 386 386 386 386 386
357 357 357 357 357 357 357 357 357 357 357 357 357 357 357 357 357 357 357 357 357 357 357 357 357 357 357 357 357 357 357 357 357 357 357 357 357 357 357 357 357 357 357 357 357 357 357 357 391 391 389 388 388 387 386 386 386 386 386 386 386 386 386 386 386 386 386 386 386 386 386 386 386 386 386 386 386 386 386 386 386 386 386 386 386 386 386 386 386 386 386 386 386 386
357 357 357 357 357 357 357 357 357 357 357 357 357 357 357 357 357 357 357 357 357 357 357 357 357 357 357 357 357 357 357 357 357 357 357 357 357 357 357 357 357 357 357 357 357 357 357 357 357 391 390 389 388 387 386 386 386 386 386 386 386 386 386 386 386 386 386 386 386 386 386 386 386 386 386 386 386 386 386 386 386 386 386 386 386 386 386 386 386 386 386 386 386 386
357 357 357 357 357 357 357 357 357 357 357 357 357 357 357 357 357 357 357 357 357 357 357 357 357 357 357 357 357 357 357 357 357 357 357 357 357 357 357 357 357 357 357 357 357 357 357 357 357 391 389 388 388 387 386 386 386 386 386 386 386 386 386 386 386 386 386 386 386 386 386 386 386 386 386 386 386 386 386 386 386 386 386 386 386 386 386 386 386 386 386 386 386 387
