testData/tiles/oneDegreeCosts/grid43.0-5.0-44.0-6.0.asc
ncols   200
nrows   200
xllcorner   43.0
yllcorner   5.0
cellsize   0.005
NODATA_value   -9999.0
[rows 0 to 41 of 200, columns 94 to 187 of 200]
502 502 502 502 502 503 503 503 503 503 502 503 502 502 502 502 502 503 503 503 501 501 501 501 502 502 501 501 501 500 500 500 500 500 500 499 499 505 505 505 505 505 504 504 503 502 502 502 501 501 501 499 499 500 499 499 498 498 497 496 497 496 496 495 494 493 494 493 493 492 591 590 590 590 590 589 588 587 586 586 586 586 586 585 585 585 585 585 585 584 584 584 584 584
502 502 502 502 502 502 502 502 502 502 502 502 502 502 502 502 502 502 502 501 501 501 501 501 501 501 501 501 500 500 500 500 499 499 499 499 498 505 505 505 504 504 504 502 502 502 501 501 501 501 500 500 499 499 498 498 498 496 496 496 496 495 495 494 493 493 493 493 492 492 490 589 589 589 589 588 587 586 586 586 586 586 585 585 585 585 585 585 584 584 585 585 585 585
501 501 502 502 502 501 501 501 502 501 501 501 501 501 502 502 502 501 501 501 501 501 501 501 500 500 499 500 500 499 499 499 499 499 498 498 498 504 504 504 504 503 502 502 502 502 502 501 501 500 499 499 499 498 498 497 496 496 495 496 495 496 495 494 493 494 493 493 492 491 490 590 590 590 589 587 587 586 586 586 587 586 585 585 585 585 585 584 584 585 585 585 585 584
500 501 501 500 500 500 501 501 501 501 501 501 502 501 501 500 500 500 501 501 500 500 500 500 500 500 499 499 499 499 499 499 499 498 498 497 504 504 503 503 503 503 502 502 502 501 501 501 499 499 499 498 498 498 498 497 496 496 495 496 495 495 494 493 493 493 493 492 491 490 489 589 589 589 588 587 586 586 586 586 587 586 586 586 586 586 586 585 585 585 585 585 585 584
500 500 500 500 500 500 500 500 500 500 501 501 501 500 500 500 500 500 500 500 500 500 499 499 499 499 499 498 498 498 499 499 497 497 497 497 503 503 504 503 502 502 502 501 501 501 500 499 499 499 499 498 498 498 496 496 495 495 495 495 495 493 493 492 492 492 492 490 490 489 489 588 589 588 586 586 586 586 586 586 586 586 586 586 586 586 585 585 585 586 586 586 585 585
499 499 499 500 500 500 500 500 500 500 500 499 499 499 499 500 500 500 499 499 499 500 499 499 498 498 498 498 499 498 498 497 497 496 496 496 504 503 503 502 501 501 501 501 500 500 500 499 499 498 498 498 497 496 496 495 495 495 495 494 493 493 493 493 492 493 492 490 490 489 489 489 589 587 587 587 587 587 587 587 587 586 586 586 586 585 585 585 586 586 586 585 585 585
498 498 499 499 499 499 499 500 500 499 499 499 499 499 499 499 499 499 499 500 498 498 498 498 498 498 498 498 498 497 496 496 496 497 496 503 503 503 501 501 501 501 501 501 500 499 499 498 498 498 497 497 496 495 495 495 495 495 495 494 493 493 492 492 492 492 490 490 489 489 489 489 587 587 587 587 587 587 587 587 587 587 587 587 587 586 586 586 586 586 586 585 585 585
498 499 498 498 498 498 499 498 498 498 498 499 499 499 498 498 498 499 498 498 498 497 497 497 498 498 498 497 496 496 496 496 496 496 496 502 501 501 501 501 501 501 500 500 499 498 498 498 497 497 498 496 496 495 495 495 494 494 493 493 492 492 491 491 491 490 489 489 489 489 489 489 587 587 587 587 587 587 587 587 587 587 587 587 586 586 586 586 587 587 586 586 586 585
498 498 498 498 497 498 498 497 497 497 498 498 498 498 498 498 499 497 497 497 497 497 498 497 497 497 497 496 496 496 496 496 495 495 495 501 501 501 501 501 500 500 500 498 498 498 498 498 498 497 496 495 495 495 494 494 493 493 492 492 492 491 491 490 491 490 490 489 489 489 489 489 588 588 588 588 588 587 587 587 587 587 587 586 586 586 586 587 587 587 586 586 586 586
497 496 496 497 497 497 497 497 497 498 497 497 497 497 498 497 497 497 497 497 497 497 497 497 496 495 495 496 496 495 495 495 495 494 494 501 501 500 500 500 499 499 498 499 498 498 498 497 497 495 495 495 494 494 493 493 494 493 493 492 492 491 491 490 490 489 489 489 489 489 489 489 588 588 588 588 587 587 588 588 588 588 588 587 587 587 587 587 587 586 586 586 586 392
495 495 496 496 496 496 496 497 497 497 497 497 497 496 496 496 496 496 497 497 496 496 496 495 495 496 495 495 495 495 494 494 495 494 500 500 500 500 499 499 500 498 498 498 497 497 497 496 495 495 494 495 494 494 494 493 492 492 492 491 491 490 490 489 489 489 489 489 489 489 489 489 489 588 588 588 587 587 588 588 588 588 587 587 587 587 587 588 587 587 392 392 392 392
495 496 496 496 496 496 496 496 496 496 495 496 496 496 496 496 496 496 496 496 496 495 495 495 495 495 495 494 494 494 495 493 493 493 500 499 499 500 500 499 498 498 497 497 497 496 496 496 495 495 494 494 494 493 493 491 491 491 491 491 490 490 489 489 489 489 489 489 489 489 489 489 489 589 589 588 588 588 588 588 588 587 587 587 587 587 588 392 392 392 392 392 392 392
495 495 495 495 496 496 496 495 495 495 495 495 495 495 495 496 496 495 495 495 494 495 495 494 494 494 494 494 494 494 493 493 492 492 499 500 499 499 498 497 497 497 496 496 497 496 495 495 494 494 494 493 493 492 491 491 491 492 491 491 490 489 489 489 489 489 489 489 489 489 489 489 489 589 588 588 588 589 589 589 589 588 588 588 392 392 392 392 392 392 392 392 392 392
494 494 494 495 495 494 494 494 495 495 494 494 494 494 495 495 495 495 494 494 494 494 494 494 493 493 494 494 493 492 492 492 492 492 499 499 499 497 497 497 497 497 497 496 496 495 494 494 494 493 493 493 493 492 491 491 491 491 490 490 489 489 489 489 489 489 489 489 489 489 489 489 489 489 588 588 588 589 589 589 588 392 392 392 392 392 392 392 392 392 392 392 392 392
493 493 493 493 493 493 493 494 494 494 494 494 494 494 494 494 493 493 494 494 493 493 493 493 494 493 493 492 492 492 491 492 492 499 498 498 497 497 497 497 497 496 496 496 494 494 493 493 494 493 493 493 491 491 490 490 490 490 489 489 489 489 489 489 489 489 489 489 489 490 490 490 490 489 589 589 588 589 392 392 392 392 392 392 392 392 392 392 392 392 392 392 392 392
492 493 492 492 492 492 493 493 493 493 493 494 494 494 492 492 493 493 493 493 493 493 493 493 493 492 491 491 491 492 491 491 491 498 496 496 497 497 496 496 496 495 495 494 493 494 494 493 493 492 492 491 490 490 489 489 489 489 489 489 489 489 490 490 490 489 489 489 489 490 490 490 489 489 589 392 392 392 392 392 392 392 392 392 392 392 392 392 392 392 392 392 392 392
492 492 492 492 493 493 492 492 492 492 493 493 492 492 492 492 492 492 492 492 492 493 492 491 491 491 491 491 491 491 491 490 490 496 497 496 496 496 495 495 495 494 494 494 493 493 493 492 492 491 490 490 489 490 489 490 490 489 489 489 489 489 490 490 489 489 489 489 489 490 490 392 392 392 392 392 392 392 392 392 392 392 392 392 392 392 392 392 392 392 392 392 392 392
491 491 491 492 492 492 492 492 492 491 491 491 491 492 492 492 492 491 491 492 492 491 491 490 490 491 491 491 490 490 490 489 489 496 496 495 495 495 495 495 494 494 493 493 493 492 492 491 490 491 490 490 489 489 489 490 489 489 489 489 489 490 490 489 489 489 489 489 392 392 392 392 392 392 392 392 392 392 392 392 392 392 392 392 392 392 392 392 392 392 392 392 392 392
490 490 491 491 491 491 490 491 491 491 490 490 491 491 491 491 491 492 491 490 490 490 490 491 490 490 490 490 489 489 489 489 495 495 495 495 494 495 495 493 493 493 492 492 492 491 492 491 490 490 489 489 489 489 489 489 489 489 489 490 490 491 490 490 490 392 392 392 392 392 392 392 392 392 392 392 392 392 392 392 392 392 392 392 392 392 392 392 392 392 392 392 392 392
489 490 490 489 489 489 490 490 490 490 490 491 490 490 490 490 491 490 490 489 489 489 490 490 489 489 489 489 489 488 488 488 495 494 494 495 494 493 493 493 492 492 492 492 492 491 490 490 489 489 489 489 489 489 489 490 490 490 490 490 490 392 392 392 392 392 392 392 392 392 392 392 392 392 392 392 392 392 392 392 392 392 392 392 392 392 392 392 392 392 392 392 392 392
488 488 488 488 488 489 489 489 489 490 490 490 490 489 489 489 489 489 489 489 489 489 489 489 489 488 488 488 488 487 487 487 495 494 494 494 493 492 492 492 492 492 492 491 491 490 489 489 489 489 490 490 490 489 490 490 490 392 392 392 392 392 392 392 392 392 392 392 392 392 392 392 392 392 392 392 392 392 392 392 392 392 392 392 392 392 392 392 392 392 392 392 392 392
488 488 488 488 488 488 488 488 489 489 489 489 489 489 488 488 488 488 488 489 488 488 488 488 489 488 487 487 487 487 486 487 494 494 493 492 492 491 492 492 491 491 491 490 490 490 490 490 490 490 490 489 489 489 392 392 392 392 392 392 392 392 392 392 392 392 392 392 392 392 392 392 392 392 392 392 392 392 392 392 392 392 392 392 392 392 392 392 392 392 392 392 392 392
487 487 488 488 488 487 487 488 488 488 487 487 488 488 488 487 487 488 488 488 488 487 487 487 487 487 486 486 486 487 486 486 493 492 491 492 492 491 491 491 490 490 490 490 490 490 490 490 490 490 392 392 392 392 392 392 392 392 392 392 392 392 392 392 392 392 392 392 392 392 392 392 392 392 392 392 392 392 392 392 392 392 392 392 392 392 392 392 392 392 392 392 392 392
486 487 487 487 487 487 488 486 486 486 486 487 487 487 487 487 487 487 487 487 487 487 486 486 486 486 486 486 486 486 486 491 491 492 491 491 491 491 490 490 490 490 490 490 490 490 392 392 392 392 392 392 392 392 392 392 392 392 392 392 392 392 392 392 392 392 392 392 392 392 392 392 392 392 392 392 392 392 392 392 392 392 392 392 392 392 392 392 392 392 392 392 392 392
486 486 486 486 485 486 486 486 486 486 486 486 486 486 487 487 486 486 486 485 486 486 485 485 485 486 486 485 485 485 484 490 491 491 490 490 490 490 490 490 490 490 392 392 392 392 392 392 392 392 392 392 392 392 392 392 392 392 392 392 392 392 392 392 392 392 392 392 392 392 392 392 392 392 392 392 392 392 392 392 392 392 392 392 392 392 392 392 392 392 392 392 392 392
484 484 484 484 485 485 485 485 486 485 485 485 485 486 486 486 485 484 485 485 485 485 484 484 485 485 485 484 483 483 484 490 490 490 490 490 491 491 392 392 392 392 392 392 392 392 392 392 392 392 392 392 392 392 392 392 392 392 392 392 392 392 392 392 392 392 392 392 392 392 392 392 392 392 392 392 392 392 392 392 392 392 392 392 392 392 392 392 392 392 392 392 392 392
483 483 483 484 484 484 484 485 485 485 484 484 485 485 484 484 484 484 484 484 484 484 485 484 484 484 483 483 483 483 483 490 490 490 392 392 392 392 392 392 392 392 392 392 392 392 392 392 392 392 392 392 392 392 392 392 392 392 392 392 392 392 392 392 392 392 392 392 392 392 392 392 392 392 392 392 392 392 392 392 392 392 392 392 392 392 392 392 392 392 392 392 392 392
482 482 483 483 483 483 484 484 484 484 483 483 483 483 483 483 484 484 483 483 483 484 484 483 482 482 483 483 483 483 392 392 392 392 392 392 392 392 392 392 392 392 392 392 392 392 392 392 392 392 392 392 392 392 392 392 392 392 392 392 392 392 392 392 392 392 392 392 392 392 392 392 392 392 392 392 392 392 392 392 392 392 392 392 392 392 392 392 392 392 392 392 392 392
481 482 482 482 482 483 483 483 482 482 483 482 482 482 483 483 483 483 483 483 483 483 482 482 482 392 392 392 392 392 392 392 392 392 392 392 392 392 392 392 392 392 392 392 392 392 392 392 392 392 392 392 392 392 392 392 392 392 392 392 392 392 392 392 392 392 392 392 392 392 392 392 392 392 392 392 392 392 392 392 392 392 392 392 392 392 392 392 392 392 392 392 392 392
481 481 481 481 482 481 481 481 482 482 482 481 481 482 482 482 482 482 483 483 482 392 392 392 392 392 392 392 392 392 392 392 392 392 392 392 392 392 392 392 392 392 392 392 392 392 392 392 392 392 392 392 392 392 392 392 392 392 392 392 392 392 392 392 392 392 392 392 392 392 392 392 392 392 392 392 392 392 392 392 392 392 392 392 392 392 392 392 392 392 392 392 392 392
480 479 479 480 480 480 480 481 481 481 481 481 482 482 482 482 392 392 392 392 392 392 392 392 392 392 392 392 392 392 392 392 392 392 392 392 392 392 392 392 392 392 392 392 392 392 392 392 392 392 392 392 392 392 392 392 392 392 392 392 392 392 392 392 392 392 392 392 392 392 392 392 392 392 392 392 392 392 392 392 392 392 392 392 392 392 392 392 392 392 392 392 392 392
479 479 480 480 480 480 481 481 481 481 481 392 392 392 392 392 392 392 392 392 392 392 392 392 392 392 392 392 392 392 392 392 392 392 392 392 392 392 392 392 392 392 392 392 392 392 392 392 392 392 392 392 392 392 392 392 392 392 392 392 392 392 392 392 392 392 392 392 392 392 392 392 392 392 392 392 392 392 392 392 392 392 392 392 392 392 392 392 392 392 392 392 392 392
479 480 480 480 480 481 392 392 392 392 392 392 392 392 392 392 392 392 392 392 392 392 392 392 392 392 392 392 392 392 392 392 392 392 392 392 392 392 392 392 392 392 392 392 392 392 392 392 392 392 392 392 392 392 392 392 392 392 392 392 392 392 392 392 392 392 392 392 392 392 392 392 392 392 392 392 392 392 392 392 392 392 392 392 392 392 392 392 392 392 392 392 392 392
480 392 392 392 392 392 392 392 392 392 392 392 392 392 392 392 392 392 392 392 392 392 392 392 392 392 392 392 392 392 392 392 392 392 392 392 392 392 392 392 392 392 392 392 392 392 392 392 392 392 392 392 392 392 392 392 392 392 392 392 392 392 392 392 392 392 392 392 392 392 392 392 392 392 392 392 392 392 392 392 392 392 392 392 392 392 392 392 392 392 392 392 392 392
392 392 392 392 392 392 392 392 392 392 392 392 392 392 392 392 392 392 392 392 392 392 392 392 392 392 392 392 392 392 392 392 392 392 392 392 392 392 392 392 392 392 392 392 392 392 392 392 392 392 392 392 392 392 392 392 392 392 392 392 392 392 392 392 392 392 392 392 392 392 392 392 392 392 392 392 392 392 392 392 392 392 392 392 392 392 392 392 392 392 392 392 392 392
392 392 392 392 392 392 392 392 392 392 392 392 392 392 392 392 392 392 392 392 392 392 392 392 392 392 392 392 392 392 392 392 392 392 392 392 392 392 392 392 392 392 392 392 392 392 392 392 392 392 392 392 392 392 392 392 392 392 392 392 392 392 392 392 392 392 392 392 392 392 392 392 392 392 392 392 392 392 392 392 392 392 392 392 392 392 392 392 392 392 392 392 392 392
392 392 392 392 392 392 392 392 392 392 392 392 392 392 392 392 392 392 392 392 392 392 392 392 392 392 392 392 392 392 392 392 392 392 392 392 392 392 392 392 392 392 392 392 392 392 392 392 392 392 392 392 392 392 392 392 392 392 392 392 392 392 392 392 392 392 392 392 392 392 392 392 392 392 392 392 392 392 392 392 392 392 392 392 392 392 392 392 392 392 392 392 392 392
392 392 392 392 392 392 392 392 392 392 392 392 392 392 392 392 392 392 392 392 392 392 392 392 392 392 392 392 392 392 392 392 392 392 392 392 392 392 392 392 392 392 392 392 392 392 392 392 392 392 392 392 392 392 392 392 392 392 392 392 392 392 392 392 392 392 392 392 392 392 392 392 392 392 392 392 392 392 392 392 392 392 392 392 392 392 392 392 392 392 392 392 392 392
392 392 392 392 392 392 392 392 392 392 392 392 392 392 392 392 392 392 392 392 392 392 392 392 392 392 392 392 392 392 392 392 392 392 392 392 392 392 392 392 392 392 392 392 392 392 392 392 392 392 392 392 392 392 392 392 392 392 392 392 392 392 392 392 392 392 392 392 392 392 392 392 392 392 392 392 392 392 392 392 392 392 392 392 392 392 392 392 392 392 392 392 392 392
392 392 392 392 392 392 392 392 392 392 392 392 392 392 392 392 392 392 392 392 392 392 392 392 392 392 392 392 392 392 392 392 392 392 392 392 392 392 392 392 392 392 392 392 392 392 392 392 392 392 392 392 392 392 392 392 392 392 392 392 392 392 392 392 392 392 392 392 392 392 392 392 392 392 392 392 392 392 392 392 392 392 392 392 392 392 392 392 392 392 392 392 392 392
392 392 392 392 392 392 392 392 392 392 392 392 392 392 392 392 392 392 392 392 392 392 392 392 392 392 392 392 392 392 392 392 392 392 392 392 392 392 392 392 392 392 392 392 392 392 392 392 392 392 392 392 392 392 392 392 392 392 392 392 392 392 392 392 392 392 392 392 392 392 392 392 392 392 392 392 392 392 392 392 392 392 392 392 392 392 392 392 392 392 392 392 392 392
392 392 392 392 392 392 392 392 392 392 392 392 392 392 392 392 392 392 392 392 392 392 392 392 392 392 392 392 392 392 392 392 392 392 392 392 392 392 392 392 392 392 392 392 392 392 392 392 392 392 392 392 392 392 392 392 392 392 392 392 392 392 392 392 392 392 392 392 392 392 392 392 392 392 392 392 392 392 392 392 392 392 392 392 392 392 392 392 392 392 392 392 392 392
