testData/tiles/oneDegreeCosts/grid47.0-34.0-48.0-35.0.asc
ncols   200
nrows   200
xllcorner   47.0
yllcorner   34.0
cellsize   0.005
NODATA_value   -9999.0
[rows 39 to 77 of 200, columns 88 to 175 of 200]
931 931 931 931 931 931 1020 1018 1015 1010 1006 1002 998 997 997 996 996 995 995 941 941 943 945 948 950 952 954 956 957 960 961 963 963 965 966 968 968 969 970 971 916 916 916 916 916 916 916 916 916 917 917 917 918 918 919 918 919 919 918 918 919 919 918 918 918 917 917 917 916 915 915 915 914 913 913 911 911 910 908 908 907 905 904 903 901 1111 1050 1048
934 931 931 931 931 931 931 1020 1017 1013 1010 1005 1002 998 998 997 997 996 996 996 942 943 945 948 950 953 954 956 959 960 961 963 965 966 966 968 969 969 970 972 916 916 916 916 916 916 916 916 916 916 917 917 917 918 918 918 918 918 919 918 918 918 917 917 917 917 916 916 916 915 915 914 913 913 912 911 910 909 908 907 906 904 904 903 901 900 1109 1047
937 934 932 931 931 931 931 1023 1020 1016 1013 1009 1005 1001 999 999 998 997 997 997 943 944 946 948 951 953 954 957 959 960 961 963 965 966 967 968 970 969 971 972 916 916 916 916 916 916 916 916 916 916 916 917 917 917 917 918 917 918 918 918 918 918 918 917 917 917 916 916 916 914 914 914 912 912 911 910 909 909 908 906 906 905 903 902 900 899 898 1047
939 937 934 932 931 931 931 1026 1023 1019 1016 1013 1008 1004 1000 1000 999 998 998 998 998 944 946 949 951 953 954 957 959 961 961 963 965 967 967 969 970 971 971 916 916 916 916 916 916 916 916 916 916 916 916 916 917 916 917 917 917 917 917 918 917 917 917 916 916 916 915 915 915 915 913 913 913 911 911 910 909 908 908 906 905 904 902 901 900 898 897 896
942 939 937 934 932 931 931 1028 1026 1022 1019 1015 1011 1007 1003 1001 1001 999 999 999 999 945 946 949 952 954 955 957 959 962 962 964 966 967 967 969 970 971 971 916 916 916 916 916 916 916 916 916 916 916 916 916 916 916 916 917 917 917 917 917 916 917 917 916 916 916 916 915 914 914 913 913 912 911 910 910 908 908 907 905 904 904 902 901 900 898 897 895
944 942 940 937 934 932 931 931 1028 1025 1021 1018 1015 1010 1007 1003 1002 1000 1000 1000 1000 1000 946 949 952 954 955 957 960 962 962 964 966 967 968 969 971 971 916 916 916 916 916 916 916 916 916 916 916 917 916 916 916 916 916 916 917 916 916 917 916 916 916 916 915 915 915 914 914 914 912 912 912 911 910 909 909 907 906 906 904 903 902 900 899 898 896 895
946 944 942 940 937 934 932 931 1032 1028 1024 1021 1018 1013 1010 1006 1003 1002 1001 1001 1001 1001 946 949 952 955 956 958 960 962 963 964 966 967 969 969 970 972 916 916 916 916 916 916 916 916 916 916 916 917 916 916 916 917 916 916 916 916 916 916 916 915 915 915 915 914 914 914 913 913 913 911 911 911 909 909 908 906 906 905 903 902 901 899 898 897 895 894
948 946 944 942 939 937 934 932 1034 1031 1027 1024 1021 1017 1013 1009 1005 1003 1002 1002 1002 1002 1001 949 952 955 956 958 960 962 963 964 966 967 969 970 970 972 916 916 916 916 916 916 916 916 917 916 916 916 917 917 916 917 916 916 916 916 915 915 915 915 915 915 915 914 914 914 912 912 912 911 910 910 908 908 907 906 905 904 902 902 901 899 898 897 895 893
951 949 947 945 942 939 937 934 1037 1034 1029 1027 1024 1020 1016 1012 1008 1004 1004 1003 1003 1003 1002 949 952 955 956 959 960 962 964 966 967 967 969 971 971 916 916 916 916 916 916 916 916 916 917 917 917 917 917 917 917 917 917 916 916 916 915 915 915 915 914 914 914 913 913 913 912 912 911 910 910 909 909 907 907 906 904 904 903 901 900 899 897 896 895 893
953 951 949 947 945 942 939 937 1039 1037 1032 1029 1026 1023 1020 1015 1011 1006 1005 1004 1004 1004 1003 1003 952 955 957 959 960 963 964 966 967 968 970 971 971 916 916 916 916 916 916 916 916 916 917 917 917 917 918 917 917 918 917 917 916 916 916 915 914 914 914 914 914 913 913 912 912 911 911 910 909 909 908 907 906 905 904 903 902 900 899 898 896 895 894 892
956 953 951 949 947 945 942 939 939 1039 1036 1032 1029 1026 1023 1018 1014 1009 1006 1006 1005 1005 1004 1004 952 955 957 959 962 963 964 966 968 968 970 972 916 916 916 916 916 916 916 917 917 917 918 918 918 917 918 918 917 917 917 917 916 917 916 915 915 914 913 913 913 913 912 912 912 910 910 910 908 908 907 906 905 905 903 902 902 900 899 898 896 895 893 891
958 955 954 952 949 947 944 942 939 1042 1038 1034 1032 1029 1025 1022 1017 1013 1008 1007 1006 1006 1005 1005 1006 955 957 959 962 963 964 966 968 968 970 972 916 916 916 916 916 916 916 917 917 917 917 918 919 918 918 918 918 917 918 917 917 916 916 915 915 914 914 912 912 912 911 911 911 910 909 909 909 907 907 906 905 904 903 902 901 900 898 897 896 894 893 892
961 959 956 954 952 950 947 944 942 1044 1041 1038 1034 1031 1028 1025 1020 1016 1012 1008 1008 1007 1006 1006 1006 955 957 959 962 963 964 966 968 969 970 972 916 916 916 916 916 916 916 917 917 917 917 918 919 918 919 918 919 918 918 918 917 916 917 916 915 914 915 913 913 912 912 910 910 910 909 908 908 907 906 906 904 903 903 901 900 899 897 896 895 893 892 891
963 961 958 956 954 952 950 946 944 1047 1044 1041 1037 1034 1031 1028 1024 1019 1015 1011 1009 1008 1007 1007 1007 1009 957 960 962 963 965 967 969 970 970 916 916 916 916 916 916 916 916 918 918 919 918 919 919 919 919 919 919 918 919 918 918 917 917 916 916 915 915 914 913 912 911 910 910 909 908 908 907 906 906 905 903 903 902 900 899 899 897 896 895 893 891 890
965 963 961 958 956 954 952 950 946 946 1047 1043 1040 1036 1034 1030 1027 1022 1018 1014 1010 1010 1008 1008 1008 1009 957 960 962 963 965 967 969 970 971 916 916 916 916 916 916 916 917 918 918 919 918 919 919 920 919 919 920 919 919 918 919 917 917 917 917 915 914 914 912 912 911 910 909 909 907 907 907 906 905 904 904 902 901 901 899 898 897 895 894 893 891 889
967 965 963 960 958 956 954 952 949 946 1049 1045 1043 1039 1036 1033 1030 1025 1021 1017 1013 1011 1009 1009 1009 1009 1011 960 962 964 966 967 969 970 916 916 916 916 916 916 916 917 918 918 918 919 919 919 919 920 919 919 919 920 919 919 918 917 917 917 916 915 915 915 913 913 912 911 909 908 908 906 906 906 904 904 903 901 901 900 898 897 896 894 893 892 890 889
969 967 966 964 961 959 957 954 952 949 1051 1048 1045 1043 1039 1036 1033 1028 1024 1020 1016 1012 1011 1010 1010 1010 1011 960 962 964 966 967 968 970 916 916 916 916 916 916 917 917 918 918 918 920 920 919 919 920 920 920 919 920 919 919 918 919 917 917 917 916 915 915 914 913 912 911 910 908 908 906 905 905 903 903 902 901 900 899 897 896 896 894 892 891 889 888
971 969 968 966 963 961 959 957 954 951 1054 1050 1048 1045 1041 1038 1035 1031 1028 1023 1019 1015 1012 1011 1011 1011 1011 1013 962 964 966 968 968 916 916 916 916 916 916 916 917 917 918 919 919 919 920 920 920 920 920 920 920 920 920 919 919 919 917 918 917 917 915 915 914 912 912 911 910 909 907 906 905 904 904 902 902 901 899 898 898 896 895 894 892 891 889 887
973 972 970 968 966 963 961 959 957 954 954 1053 1050 1048 1044 1041 1038 1034 1030 1026 1022 1018 1013 1012 1012 1012 1011 1014 962 964 966 968 968 916 916 916 916 916 916 917 917 917 919 919 919 919 920 920 920 921 920 920 920 920 920 920 919 919 919 918 917 916 915 915 915 913 912 911 910 909 908 907 905 904 903 901 901 900 898 898 897 895 894 893 891 890 889 886
989 974 972 970 968 965 963 961 959 957 954 1055 1053 1050 1047 1043 1041 1036 1033 1029 1025 1021 1016 1014 1013 1013 1012 1014 962 964 966 968 969 916 916 916 916 916 916 917 917 918 919 919 919 919 920 920 920 920 921 921 920 921 920 920 919 919 919 917 917 917 916 915 915 914 913 912 910 909 908 908 905 904 903 901 900 899 898 897 896 894 893 892 890 889 888 886
993 976 974 972 970 968 965 963 961 959 957 1057 1055 1052 1050 1046 1043 1039 1036 1032 1028 1024 1019 1015 1014 1013 1013 1014 1016 964 966 969 916 916 916 916 916 916 916 917 917 918 919 919 920 919 921 920 920 920 921 921 920 920 921 920 919 919 919 918 918 917 917 915 914 914 912 912 911 910 908 907 905 904 903 902 899 899 898 896 895 894 893 891 890 888 887 886
996 992 976 974 972 971 968 966 963 961 959 1060 1057 1055 1052 1049 1046 1042 1038 1035 1031 1027 1022 1018 1016 1014 1014 1014 1016 964 966 969 916 916 916 916 916 916 916 917 918 918 918 919 921 920 921 921 922 920 921 921 921 920 921 920 920 919 919 919 918 917 916 915 914 914 912 912 911 910 908 907 907 904 903 902 900 898 897 895 895 894 892 891 890 887 886 885
1001 994 978 976 975 973 971 968 966 963 961 961 1060 1057 1055 1052 1048 1044 1041 1038 1034 1030 1025 1021 1017 1015 1015 1015 1016 1017 966 916 916 916 916 916 916 916 916 917 918 919 918 920 920 920 921 921 922 921 921 921 922 920 921 921 920 919 920 919 917 917 917 916 915 915 914 911 911 910 909 907 906 905 903 901 900 898 897 895 894 893 891 890 889 887 885 884
1006 999 994 978 977 975 973 970 968 966 963 961 1062 1059 1057 1054 1052 1047 1044 1041 1037 1033 1028 1024 1019 1017 1016 1016 1016 1018 966 916 916 916 916 916 916 916 916 917 918 919 919 920 920 921 921 921 922 922 922 921 922 921 921 921 920 920 919 919 918 918 917 917 915 914 914 912 912 910 908 908 906 905 903 902 901 898 897 896 893 892 891 889 888 887 885 883
1010 1004 996 995 979 977 975 972 970 968 966 962 1064 1062 1059 1057 1054 1049 1046 1043 1040 1035 1031 1027 1023 1018 1017 1017 1017 1018 958 916 916 916 916 916 916 916 916 917 918 919 919 920 920 921 921 921 921 922 922 922 922 922 921 921 920 920 919 920 919 918 917 916 915 914 914 912 911 911 909 908 906 905 904 902 900 899 897 895 893 891 890 888 887 886 884 882
1015 1008 1002 997 981 979 977 975 972 970 968 966 966 1064 1062 1059 1056 1052 1049 1046 1042 1038 1034 1030 1026 1020 1018 1018 1017 1018 959 916 916 916 916 916 916 916 917 917 918 920 920 920 920 921 922 922 921 922 922 922 922 922 921 921 921 920 919 920 919 917 917 916 915 914 913 913 911 911 909 907 907 905 903 902 901 899 897 895 893 892 890 887 886 885 883 882
1019 1012 1006 999 997 981 979 977 974 972 970 968 966 1066 1064 1061 1059 1055 1051 1048 1045 1041 1036 1033 1029 1023 1020 1019 1018 1018 959 960 916 916 916 916 916 916 917 917 918 919 920 920 921 922 922 922 922 922 922 922 922 922 921 921 921 921 920 919 919 917 918 917 917 915 914 913 911 910 910 907 907 905 903 902 901 899 897 895 894 892 890 888 886 884 883 881
1023 1017 1011 1005 999 983 981 979 977 974 972 970 967 1070 1066 1064 1061 1057 1054 1051 1048 1043 1040 1035 1032 1026 1022 1020 1019 959 959 960 916 916 916 916 916 916 917 918 918 919 920 920 921 922 922 922 922 923 922 922 922 923 922 922 921 921 920 919 919 919 918 917 916 915 914 914 911 910 910 909 906 906 904 902 901 899 896 896 894 891 890 888 885 883 882 880
1026 1021 1015 1010 1002 999 983 981 979 976 974 972 969 1072 1068 1066 1063 1060 1057 1053 1050 1046 1043 1038 1034 1029 1025 1022 1020 959 959 961 962 916 916 916 916 916 917 918 919 919 920 921 921 921 922 923 922 923 923 922 922 922 922 921 921 921 920 919 920 919 917 917 916 915 914 913 913 910 909 909 906 905 904 902 901 899 897 895 894 891 889 888 885 883 881 879
1030 1025 1020 1014 1008 1001 985 984 982 980 977 974 971 971 1071 1068 1066 1062 1059 1056 1053 1049 1045 1042 1037 1032 1028 1023 960 960 960 961 962 916 916 916 916 916 917 918 919 919 920 921 921 921 922 922 922 922 923 923 922 922 923 921 922 921 921 920 919 919 917 917 916 915 914 913 913 911 909 909 907 905 905 902 900 900 897 895 894 891 889 887 885 883 880 878
1033 1028 1024 1018 1012 1005 1001 986 984 982 979 977 973 971 1074 1071 1068 1064 1062 1058 1055 1051 1048 1044 1040 1035 1031 1027 961 961 961 961 962 916 916 916 916 916 917 918 920 919 920 921 921 921 922 922 922 922 923 923 922 922 923 922 922 921 920 920 919 919 917 916 916 915 914 913 912 911 909 908 907 905 904 903 900 899 898 895 893 892 889 887 885 883 880 878
1036 1032 1027 1022 1017 1009 1003 1002 986 984 981 979 976 973 1076 1073 1070 1067 1064 1061 1058 1054 1050 1047 1043 1038 1034 969 963 962 962 961 963 963 916 916 916 916 917 918 920 919 921 921 922 921 922 922 923 922 923 923 923 922 922 922 921 921 921 920 919 919 919 917 917 916 914 913 912 910 910 908 907 905 904 902 901 899 897 895 893 891 889 887 885 882 881 878
1040 1035 1031 1026 1021 1015 1007 1004 988 986 984 981 978 976 976 1076 1073 1069 1066 1064 1060 1056 1053 1050 1046 1041 1037 972 966 963 963 962 963 963 916 916 916 916 917 918 919 919 921 921 922 921 922 923 923 922 923 923 923 922 922 923 921 921 921 920 919 919 919 917 916 916 914 914 912 911 910 908 907 906 904 902 901 899 897 894 893 892 888 887 885 882 880 878
1043 1039 1034 1030 1024 1019 1012 1006 1004 988 986 983 980 978 976 1078 1075 1071 1069 1066 1063 1058 1055 1052 1049 1043 979 975 969 964 963 963 963 964 965 916 916 917 917 918 919 920 920 921 921 921 922 923 923 923 923 923 923 923 922 923 921 921 921 920 919 919 918 917 916 916 915 913 912 911 909 909 907 905 904 903 900 899 897 896 894 892 890 886 885 883 880 877
1046 1043 1038 1034 1028 1023 1017 1011 1006 990 988 986 982 980 978 1080 1077 1074 1071 1068 1066 1061 1058 1055 1050 1046 981 977 972 968 964 964 964 964 965 916 916 917 917 918 919 920 920 921 921 923 922 923 923 924 923 923 923 923 922 922 922 921 921 920 920 919 918 918 916 915 915 913 912 911 909 908 907 906 903 903 901 898 897 896 893 892 890 887 884 883 880 877
1049 1046 1041 1037 1032 1027 1021 1015 1008 1006 990 988 984 982 980 1082 1080 1076 1073 1071 1068 1063 1060 1057 1053 989 984 979 975 971 965 965 965 964 965 966 916 917 917 918 919 920 920 921 921 923 922 923 923 924 923 923 923 922 922 922 922 921 921 920 920 919 918 917 916 915 915 913 912 911 910 908 907 906 903 903 901 898 897 896 893 891 890 887 884 882 880 877
1053 1049 1044 1040 1035 1030 1025 1019 1013 1008 992 990 986 984 982 982 1082 1078 1076 1073 1070 1067 1063 1060 1056 991 987 982 978 974 967 966 966 965 966 966 916 916 918 918 919 920 921 921 921 923 922 923 923 924 923 923 923 923 922 922 922 921 920 921 920 919 918 917 916 915 914 914 912 911 910 908 906 906 903 902 901 898 897 895 893 891 889 887 884 882 879 877
1056 1052 1048 1043 1039 1034 1029 1024 1017 1010 1008 992 989 986 984 982 1085 1080 1078 1075 1073 1069 1065 1062 997 994 989 985 981 977 971 967 967 966 966 966 916 916 917 917 919 920 921 921 921 923 923 923 923 923 923 923 923 923 923 922 922 922 920 921 920 918 918 917 916 915 914 913 912 911 909 908 907 905 904 902 900 900 897 895 893 891 889 887 883 882 880 876
1059 1055 1052 1046 1043 1037 1032 1028 1021 1015 1010 994 991 988 986 984 1087 1083 1080 1077 1075 1071 1067 1064 999 996 993 987 984 979 974 968 967 967 967 966 968 916 917 917 919 919 921 921 921 922 923 923 923 923 924 923 923 923 922 922 922 922 920 920 920 918 918 917 917 915 914 913 912 911 909 908 907 905 904 902 900 899 897 895 893 890 889 887 883 881 880 876
