testData/tiles/oneDegreeCosts/grid33.0-26.0-34.0-27.0.asc
ncols   200
nrows   200
xllcorner   33.0
yllcorner   26.0
cellsize   0.005
NODATA_value   -9999.0
[rows 82 to 122 of 200, columns 92 to 183 of 200]
898 896 895 894 892 891 890 888 887 885 885 884 885 884 885 884 885 884 884 884 883 884 883 884 883 883 882 882 882 881 881 636 637 636 636 635 634 634 633 633 632 632 631 630 629 628 628 626 626 625 624 623 621 621 619 618 617 618 618 618 619 619 620 620 621 621 621 622 622 623 623 623 563 563 563 563 563 563 563 564 564 564 565 565 566 566 566 567 567 568 568 568
899 898 897 895 894 893 891 890 888 887 886 886 887 886 886 886 885 886 885 886 885 886 885 884 885 884 884 883 884 883 883 638 637 638 637 637 636 636 635 635 634 633 633 631 631 630 630 629 628 627 625 625 624 623 621 621 619 618 618 618 619 619 619 620 620 621 621 622 622 622 623 623 624 563 563 563 563 563 563 563 564 564 565 565 565 566 566 566 567 567 568 568
901 899 898 897 895 894 893 891 890 889 888 888 887 888 887 888 887 888 887 886 887 886 887 886 886 886 886 885 885 885 884 640 639 639 638 639 638 637 637 636 636 635 635 634 633 632 631 631 629 629 628 627 626 624 624 622 622 620 619 618 618 619 619 620 620 620 621 621 622 622 622 623 623 624 563 563 563 563 563 563 563 564 564 565 565 565 566 566 567 567 567 568
902 901 900 898 897 896 895 894 892 891 890 889 889 889 889 888 889 888 889 888 888 888 888 888 888 887 887 887 886 886 886 642 641 641 640 639 639 639 639 638 638 637 636 635 634 634 633 633 632 630 630 629 628 627 626 625 623 622 621 620 618 619 619 619 620 620 621 621 621 622 622 623 623 623 624 624 563 563 563 563 563 564 564 564 565 565 565 566 566 567 567 567
904 902 902 901 899 898 897 895 894 893 891 890 890 890 890 890 890 890 890 890 890 889 889 889 889 889 888 888 888 888 887 642 643 642 642 641 641 640 639 639 638 638 637 637 636 636 635 634 634 632 632 631 629 629 627 627 625 625 623 621 621 619 619 619 619 620 620 621 621 622 622 622 623 623 624 624 624 563 563 563 563 563 564 564 564 565 565 566 566 566 567 567
906 905 904 902 901 900 898 897 895 894 893 891 892 891 892 891 892 891 891 891 891 891 890 891 890 890 890 889 889 889 889 644 644 644 644 643 642 642 641 641 640 640 639 638 638 637 637 636 636 634 633 633 631 631 630 629 628 626 625 624 623 621 619 619 619 620 620 620 621 621 622 622 622 623 623 624 624 624 563 563 563 563 563 564 564 564 565 565 566 566 566 567
908 906 905 904 902 901 900 898 897 895 894 893 893 893 892 893 892 893 892 893 892 893 892 891 892 891 891 891 891 890 891 646 645 645 644 645 644 644 643 642 642 641 641 640 640 639 638 638 637 636 635 635 634 632 632 630 630 628 627 626 625 624 622 621 619 619 620 620 621 621 621 622 622 623 623 623 624 624 624 563 563 563 563 563 564 564 564 565 565 566 566 566
909 908 906 905 904 902 901 900 898 897 895 894 894 894 894 894 894 894 894 893 894 893 893 893 893 893 893 892 892 892 891 647 647 647 646 645 645 645 645 644 644 643 643 642 641 641 640 640 638 637 637 636 636 634 634 632 631 631 629 628 627 625 624 623 622 620 620 620 620 621 621 621 622 622 623 623 623 624 624 625 563 563 563 563 563 564 564 565 565 565 566 566
911 910 909 907 905 904 902 901 900 898 897 895 895 896 895 895 895 895 895 895 895 894 895 894 894 894 893 894 893 893 893 893 648 647 648 647 647 646 646 645 644 645 644 644 643 643 641 640 640 639 639 638 636 636 635 635 633 633 631 630 629 627 627 625 623 622 620 620 620 620 621 621 622 622 622 623 623 623 624 624 625 563 563 563 563 563 564 564 565 565 565 566
913 911 910 909 907 906 905 903 902 901 899 898 897 897 897 896 897 896 897 896 896 896 895 896 895 896 895 895 895 894 894 894 650 649 649 648 648 648 647 647 646 646 645 644 644 643 643 642 642 641 640 640 638 638 637 636 635 634 633 632 630 630 628 627 626 625 623 621 620 620 620 621 621 622 622 622 623 623 624 624 624 625 625 563 563 563 564 564 564 565 565 565
914 913 911 910 909 907 906 905 903 902 901 899 899 898 899 898 899 898 898 898 898 898 897 897 897 896 896 896 896 895 896 895 651 651 650 650 649 649 649 648 648 647 647 646 646 645 644 644 643 643 642 641 640 639 639 637 637 636 634 634 632 632 630 629 628 626 625 623 621 620 620 621 621 621 622 622 622 623 623 624 624 624 625 625 563 563 563 564 564 564 565 565
915 914 913 911 910 909 907 906 905 903 902 901 900 900 899 900 899 900 899 900 899 899 899 899 899 898 899 898 899 897 896 897 652 652 651 652 651 650 650 649 649 648 649 648 647 647 646 646 645 643 643 642 642 641 641 639 638 638 636 636 634 633 632 631 630 628 627 626 624 622 621 621 621 621 621 622 622 623 623 623 624 624 624 625 625 563 563 563 564 564 564 565
917 915 914 913 911 910 909 907 906 905 903 902 902 901 901 901 901 901 901 900 901 900 901 900 900 900 899 900 899 899 899 899 654 654 654 652 652 651 652 651 650 650 649 649 648 648 647 646 646 645 645 644 643 643 641 641 640 639 638 637 636 635 633 633 631 631 629 627 626 624 623 621 621 621 621 621 622 622 623 623 623 624 624 624 625 625 563 563 563 564 564 564
918 917 915 914 913 911 910 909 907 906 905 903 903 902 902 902 902 902 902 902 902 902 901 901 901 901 901 901 900 901 900 899 656 655 655 655 654 654 653 653 652 652 651 650 650 649 649 648 648 647 646 646 645 644 643 642 642 640 640 639 637 637 635 635 633 632 631 629 629 627 625 624 622 621 621 621 622 622 622 623 623 623 624 624 624 625 625 563 563 563 564 564
919 918 917 915 914 913 911 910 909 907 906 905 904 904 903 903 903 903 903 903 902 903 902 903 902 903 902 901 902 901 902 901 657 656 656 656 655 655 655 655 654 653 653 652 652 651 650 650 649 649 647 646 646 645 645 644 643 642 641 641 639 638 637 636 635 634 632 632 630 629 627 625 624 622 621 621 621 622 622 622 623 623 623 624 624 624 625 625 563 563 563 564
920 919 918 917 915 914 913 911 910 909 907 906 905 905 905 904 904 904 904 904 904 904 904 903 904 903 903 903 903 903 902 902 658 658 657 657 657 656 656 655 655 655 654 654 653 653 652 652 651 650 650 648 648 647 646 645 644 644 643 641 641 640 639 638 636 636 634 634 632 630 629 627 626 625 622 621 621 621 622 622 622 623 623 623 624 624 624 625 625 563 563 563
922 920 919 918 917 915 914 913 911 910 908 907 907 906 906 905 905 906 905 905 905 905 905 904 905 904 905 904 904 904 903 904 659 658 659 658 658 657 658 657 656 656 655 655 654 654 654 653 653 652 652 651 650 649 648 647 646 645 645 643 642 642 640 640 638 637 636 635 634 632 631 630 628 626 625 623 622 621 621 622 622 622 623 623 623 624 624 624 625 625 563 563
923 922 920 919 918 916 915 914 912 911 910 908 908 908 907 907 906 906 906 906 906 906 906 906 905 906 905 905 905 905 905 904 660 660 660 659 658 659 658 658 657 658 657 656 656 655 655 654 653 653 652 652 651 650 650 649 649 647 646 645 644 643 642 641 640 639 638 637 635 634 633 631 630 628 627 625 623 622 621 621 622 622 622 623 623 623 624 624 624 625 625 563
924 923 922 920 919 918 916 915 914 912 911 910 909 909 908 908 907 907 908 907 907 907 907 907 907 907 906 906 906 906 906 905 906 661 660 661 660 660 659 659 659 658 658 657 657 657 656 656 655 655 654 653 653 652 652 650 649 649 648 648 646 645 645 642 641 641 639 639 637 635 635 633 631 630 628 627 625 623 622 621 621 622 622 622 623 623 623 624 624 624 625 625
925 924 923 921 920 919 918 916 915 914 912 911 910 910 910 909 909 908 908 908 908 908 908 907 908 907 908 907 907 907 906 907 906 662 662 662 661 660 661 660 660 659 659 659 658 658 657 656 656 655 655 654 653 653 652 652 651 650 650 648 648 647 645 645 644 643 642 639 639 637 636 635 633 631 631 629 628 626 623 622 621 621 622 622 622 623 623 623 624 624 624 625
925 924 924 923 921 920 919 917 916 915 913 912 912 911 911 910 910 910 909 910 909 909 909 909 909 908 909 908 908 908 908 908 907 663 663 662 663 662 662 661 661 661 660 660 659 658 658 658 658 657 656 656 655 655 654 653 652 651 651 650 649 648 647 646 646 644 644 642 641 640 638 636 635 634 633 631 629 628 626 624 622 621 621 622 622 622 623 623 623 624 624 624
927 925 924 923 921 920 920 919 917 916 915 913 913 912 912 912 911 911 910 910 910 910 910 910 909 910 909 910 909 909 909 908 909 664 664 664 663 663 662 663 662 661 661 660 661 660 659 659 658 658 657 656 656 655 655 654 653 653 652 652 650 649 649 648 647 646 644 644 643 641 640 639 637 637 634 633 631 629 628 626 624 622 621 621 622 622 622 623 623 623 624 624
928 926 925 924 923 921 920 919 917 917 916 914 914 914 913 913 912 912 911 911 911 911 911 911 911 911 910 910 910 910 910 909 910 665 665 665 664 664 664 663 663 662 663 662 661 661 660 660 659 659 659 658 658 657 656 656 654 654 653 652 652 651 649 649 648 648 646 645 644 643 641 641 639 637 637 635 634 631 629 628 626 624 623 621 621 622 622 622 623 623 623 624
929 928 926 925 924 922 921 920 919 917 916 915 915 915 914 914 914 913 913 912 912 912 912 912 912 911 912 911 912 911 910 911 910 666 666 665 665 665 665 664 665 664 663 663 662 663 662 661 661 660 660 659 658 658 657 656 656 655 655 654 652 652 651 650 650 648 648 646 645 645 643 642 641 639 639 637 635 634 632 630 628 626 624 623 621 621 622 622 622 623 623 623
930 929 927 926 925 924 922 921 920 918 917 917 916 916 915 915 915 914 914 913 913 912 913 912 913 912 913 912 912 912 912 912 911 667 667 666 667 666 665 666 665 665 664 663 664 663 663 662 661 661 660 660 660 659 659 657 657 656 655 655 654 653 653 651 651 650 649 648 647 645 645 643 642 641 640 639 637 635 634 633 631 629 627 624 623 621 621 622 622 622 623 623
932 931 930 928 927 926 923 922 921 919 918 918 917 917 917 916 916 915 915 915 914 914 914 914 913 914 913 913 913 912 913 912 913 668 668 668 667 667 667 667 666 665 666 665 665 664 663 663 663 663 662 661 661 660 659 659 658 658 657 656 655 654 653 653 652 651 650 649 648 647 646 645 644 642 641 640 639 637 635 635 633 631 630 627 625 623 621 621 622 622 622 622
933 932 931 929 928 927 926 924 923 922 920 920 920 918 918 917 917 917 916 916 915 915 914 915 914 915 914 914 914 914 914 913 913 669 668 669 668 667 668 667 667 667 666 666 665 665 665 664 664 663 663 662 661 661 660 660 659 658 658 657 656 656 655 654 653 652 652 650 649 649 647 646 645 644 642 642 640 639 637 636 635 633 631 630 627 625 624 622 622 622 622 622
934 933 932 930 929 928 927 925 924 923 921 921 921 920 920 919 919 919 917 917 916 916 915 915 915 915 915 915 915 915 914 915 914 670 670 669 669 669 669 668 668 668 667 667 667 666 666 665 665 664 663 664 663 662 662 661 661 660 659 659 657 656 656 655 655 654 652 652 651 649 649 647 646 645 644 642 642 640 639 637 636 635 633 631 630 627 625 623 622 622 622 622
935 934 933 932 930 929 928 926 925 924 922 922 922 921 921 921 920 920 919 919 918 918 917 917 917 916 915 916 915 916 915 915 915 670 671 670 671 670 669 669 669 668 668 668 668 667 666 666 665 666 665 664 664 663 663 662 661 661 660 659 659 658 658 656 655 655 654 652 652 651 649 649 648 646 646 644 642 642 640 638 638 636 634 633 631 629 627 625 623 622 622 622
936 935 934 933 931 930 929 927 926 925 923 923 923 922 922 922 921 921 920 920 920 919 919 918 918 918 918 918 917 916 916 916 916 672 671 671 671 671 670 670 670 669 670 669 668 668 667 668 667 666 666 665 664 664 663 663 662 661 661 660 659 659 658 658 657 655 655 654 653 652 651 650 649 648 646 646 644 643 642 640 638 638 636 634 633 631 629 627 625 622 622 511
937 936 935 934 932 931 930 929 927 926 925 924 924 923 923 923 922 922 922 921 921 920 920 919 919 918 919 918 919 918 919 918 916 673 672 673 672 671 672 671 671 670 670 670 669 668 669 668 668 667 666 666 666 666 665 664 664 663 662 662 661 661 659 658 658 657 656 655 654 653 653 651 650 649 648 646 646 644 643 642 640 638 638 636 634 633 631 628 627 625 511 511
937 936 935 935 933 932 931 930 928 927 926 925 925 925 924 924 923 923 923 922 922 921 921 920 920 919 920 919 919 919 919 919 919 674 674 674 673 672 672 672 671 672 671 670 670 670 670 669 668 668 668 667 667 666 666 665 664 664 663 662 662 661 661 660 659 658 657 656 656 654 653 653 651 650 650 648 647 646 644 643 642 640 638 638 636 634 633 631 517 516 514 511
938 937 936 935 933 932 931 930 929 928 927 926 926 926 925 925 924 924 924 923 923 922 922 921 921 920 920 920 920 920 920 919 920 919 675 675 674 675 674 674 672 672 672 671 671 671 670 670 669 669 669 668 668 667 666 666 665 664 664 663 662 662 661 661 660 659 659 657 656 656 655 653 653 652 650 650 648 647 646 644 643 642 640 638 638 636 634 522 519 517 515 513
939 938 937 936 934 933 932 931 929 928 928 927 927 927 926 926 925 925 925 924 924 923 923 922 922 921 921 920 921 920 921 920 920 920 676 676 675 675 675 674 675 674 673 673 672 672 671 670 671 670 669 669 668 668 667 667 667 666 665 665 664 664 662 661 661 660 659 659 658 656 656 655 653 653 652 650 650 648 647 646 644 643 642 640 638 527 525 523 521 519 517 515
940 939 938 937 935 934 933 932 930 929 929 928 928 928 927 927 927 926 926 925 925 924 924 924 923 923 922 922 922 921 921 921 921 921 677 676 676 676 676 675 675 675 674 674 674 673 672 672 671 671 670 670 669 669 669 668 667 667 666 665 665 664 664 663 662 661 660 659 659 658 656 656 655 654 653 652 650 650 648 647 646 644 643 642 529 527 526 524 522 520 519 517
941 940 939 938 936 935 934 933 931 930 930 929 929 929 928 928 928 927 927 926 926 925 925 925 924 924 923 923 922 923 922 922 922 921 678 677 676 677 676 677 676 675 675 675 675 674 674 674 673 671 671 671 671 670 669 669 668 667 667 666 665 665 664 664 663 662 662 661 659 659 658 657 656 655 654 653 652 650 650 648 647 646 533 532 531 529 527 525 524 522 520 519
942 941 940 939 937 936 935 934 932 931 931 930 930 930 929 929 929 928 928 927 927 926 926 926 925 925 924 924 923 923 923 923 923 922 678 678 678 678 677 677 677 676 676 676 675 675 675 674 674 673 674 672 671 671 670 669 669 668 667 667 666 665 665 664 664 663 662 662 661 659 659 658 657 656 655 654 653 652 650 650 648 536 535 533 532 530 529 527 525 524 522 520
943 942 941 940 938 937 936 935 933 932 932 931 931 931 930 930 930 929 929 928 928 927 927 927 926 926 925 925 924 924 924 924 923 923 679 678 679 678 678 678 677 677 677 677 676 676 676 675 674 674 674 674 673 672 671 670 669 670 669 668 668 667 667 666 665 664 663 662 662 661 660 659 658 657 656 655 654 653 652 539 539 537 536 534 533 532 530 529 527 525 524 522
943 942 941 940 938 938 937 936 934 933 933 932 932 932 931 931 931 930 930 929 929 928 928 928 927 927 926 926 925 925 924 925 924 923 680 679 680 679 678 679 678 677 678 677 677 677 676 676 675 675 675 674 674 673 672 673 671 670 670 669 668 668 667 667 666 665 665 663 662 662 661 660 659 658 657 657 655 654 541 541 539 538 537 536 534 533 531 530 529 527 525 523
944 943 942 941 939 938 937 936 934 934 934 933 933 933 932 932 932 931 931 930 930 929 929 929 928 928 927 927 926 926 925 925 925 925 681 680 680 680 680 679 679 679 679 678 677 678 677 676 677 676 676 675 674 674 674 673 673 672 670 670 669 668 668 667 667 666 665 665 664 662 662 661 660 660 658 657 545 544 543 541 541 539 538 537 536 534 533 531 530 528 527 525
945 944 943 942 940 939 938 936 935 935 935 934 934 934 933 933 932 932 932 931 931 930 930 930 929 929 928 928 927 927 926 926 925 926 681 681 681 680 681 680 679 680 679 679 679 678 678 677 677 677 676 676 675 675 675 674 673 673 672 671 670 669 668 668 667 666 666 665 665 664 663 662 661 660 659 547 546 545 544 543 541 541 539 538 537 535 534 532 531 529 527 526
