testData/tiles/oneDegreeCosts/grid22.0-46.0-23.0-47.0.asc
ncols   200
nrows   200
xllcorner   22.0
yllcorner   46.0
cellsize   0.005
NODATA_value   -9999.0
[rows 126 to 167 of 200, columns 0 to 93 of 200]
355 356 357 358 359 359 360 361 362 362 363 364 364 365 365 365 366 367 368 368 368 369 369 370 371 370 371 372 372 373 374 374 374 375 375 375 376 375 376 377 376 377 377 377 378 377 378 378 378 378 378 379 379 379 379 379 379 380 379 380 379 379 380 379 380 379 380 379 380 379 379 380 379 380 379 379 379 379 379 379 378 379 378 378 378 378 377 378 377 376 376 376 375 376
357 358 359 360 360 361 362 362 363 364 365 365 366 367 367 368 369 368 369 370 371 371 372 372 373 374 375 374 375 376 375 376 377 376 377 378 377 378 379 378 379 379 379 380 379 380 380 380 380 381 380 381 380 381 382 381 382 381 381 382 381 382 381 382 382 382 382 382 382 381 382 381 382 382 381 382 381 382 381 381 381 381 380 381 380 380 380 380 379 380 379 380 380 379
360 361 361 362 363 364 364 365 366 366 367 368 369 369 369 370 370 371 372 373 373 374 375 375 376 376 376 377 377 377 378 378 378 379 379 379 380 380 380 381 381 381 381 381 382 382 382 382 383 382 383 383 383 383 383 383 384 383 384 383 384 384 384 384 384 384 384 384 384 384 384 384 384 383 384 383 384 384 383 384 383 383 383 383 382 383 382 382 383 383 382 383 382 382
361 362 364 365 365 366 367 368 368 369 369 369 370 371 372 373 374 375 374 375 376 376 377 377 378 378 378 379 379 380 380 380 381 381 381 382 382 382 382 383 383 383 383 383 384 384 384 385 384 385 385 385 385 385 385 386 385 386 385 386 386 386 386 386 386 386 386 386 386 386 386 386 386 386 386 386 386 385 386 385 385 386 385 386 385 385 386 386 385 386 385 385 384 385
364 365 365 366 367 368 368 369 370 370 371 372 374 374 375 375 375 376 377 378 377 378 379 379 380 380 380 381 381 381 382 382 383 383 383 384 384 384 384 385 385 385 385 386 385 386 387 386 387 387 387 387 387 387 388 387 388 388 388 388 388 388 389 388 388 388 388 388 388 389 388 388 388 388 388 388 388 388 388 387 388 387 388 388 388 388 388 387 388 387 387 387 387 386
366 367 368 369 369 370 371 371 372 374 375 374 375 376 377 377 378 379 378 379 380 380 381 381 382 382 382 383 383 384 384 384 385 385 385 385 386 386 386 387 387 387 388 387 388 388 388 389 389 389 389 389 389 390 389 390 390 390 390 390 390 391 390 390 390 390 391 390 391 390 390 391 390 391 390 390 390 390 389 390 391 391 391 390 391 390 390 390 390 389 390 390 390 389
368 369 369 370 371 371 373 374 375 375 376 377 378 378 379 379 379 380 381 382 381 382 383 383 383 384 384 385 385 386 386 386 387 387 387 388 388 388 389 388 389 390 389 390 390 390 390 390 390 391 391 391 392 391 392 392 392 392 392 392 392 392 392 392 392 393 392 393 392 392 393 392 393 392 392 392 392 392 393 393 393 393 392 393 392 392 392 392 393 393 393 392 393 392
370 371 372 373 374 375 376 376 377 378 379 379 379 380 380 381 382 383 382 383 384 384 384 385 386 386 386 387 387 387 388 388 388 389 389 389 390 390 390 391 390 391 392 391 392 392 392 392 393 392 393 393 393 394 394 394 395 394 395 395 395 395 395 395 395 394 394 394 394 395 394 395 394 394 395 394 395 395 395 395 395 394 395 395 394 396 395 395 395 395 394 395 394 394
373 374 375 376 377 377 378 378 378 379 380 381 381 382 383 383 383 384 385 385 385 386 387 387 387 388 388 389 389 389 390 390 391 391 391 392 391 392 393 392 394 394 394 395 395 395 395 396 395 396 395 396 396 396 396 397 396 397 397 397 397 397 397 398 397 397 397 397 398 397 398 397 397 399 398 398 398 397 397 397 397 397 397 397 398 397 397 397 397 397 397 397 396 397
375 376 376 377 378 379 379 380 381 382 382 383 383 384 384 385 386 386 386 387 388 388 388 389 389 390 390 390 391 391 392 392 392 394 394 394 395 394 395 396 395 396 396 396 397 397 397 397 398 397 398 398 398 398 399 398 399 398 399 399 399 399 400 399 399 399 399 400 399 399 399 400 401 400 400 400 400 400 400 400 401 401 400 401 399 399 400 399 399 399 399 399 400 399
377 378 379 380 380 381 382 382 382 383 384 384 385 386 387 387 387 388 389 389 389 390 390 391 391 391 392 392 394 394 395 395 395 395 396 396 396 397 397 397 398 397 398 398 398 399 399 399 399 400 399 400 400 400 400 401 400 401 401 401 401 400 401 401 401 401 402 401 401 402 402 403 402 402 402 402 402 402 403 403 403 402 403 402 402 403 402 402 403 402 401 402 401 401
379 379 380 381 382 382 383 384 385 385 386 387 387 387 388 389 389 390 390 391 391 392 392 393 394 395 395 395 396 396 396 397 397 397 398 398 398 398 399 400 399 400 400 400 400 401 400 401 402 401 402 402 402 402 402 402 403 402 402 403 402 403 403 403 403 403 403 404 404 404 404 404 404 404 404 404 405 405 405 405 404 405 404 404 405 405 405 405 405 404 405 404 404 405
381 382 382 383 384 385 385 386 387 387 387 388 389 390 390 390 391 391 392 394 394 394 395 396 395 396 397 397 397 398 398 398 399 399 399 400 400 401 400 401 402 401 402 402 402 402 403 402 403 403 403 403 404 403 404 404 404 404 404 404 405 404 405 405 405 406 405 406 406 406 406 406 406 407 407 407 406 407 407 406 407 406 406 408 407 407 407 407 406 407 406 406 407 406
382 383 384 384 385 386 387 387 388 389 390 390 391 391 392 393 394 395 394 395 396 397 396 397 398 397 398 399 400 399 400 400 400 401 401 402 402 402 403 402 403 404 403 404 404 404 404 405 404 405 405 405 405 406 405 406 406 406 406 406 406 407 406 407 408 407 408 407 408 408 407 409 409 409 409 408 409 409 408 409 408 409 409 409 409 409 409 408 409 408 408 410 409 409
384 385 386 387 387 388 389 390 390 390 391 392 393 394 395 395 395 396 397 397 397 398 399 398 399 400 401 400 401 402 401 402 403 402 403 403 404 404 404 405 404 405 405 405 406 406 406 406 407 406 407 407 407 407 408 407 408 408 408 408 408 409 409 409 409 410 409 410 410 410 411 410 411 411 410 411 410 410 412 411 411 411 411 411 411 411 410 411 410 411 411 411 411 411
387 387 388 388 389 389 390 391 392 393 394 395 396 395 396 397 398 398 398 399 399 400 400 401 401 401 402 402 402 403 404 403 404 405 404 405 405 406 406 406 407 406 407 407 407 408 408 408 408 409 408 409 409 409 409 410 409 410 410 410 411 410 411 411 411 411 411 412 412 413 412 412 412 412 413 412 413 413 413 413 413 413 412 413 413 412 414 413 413 413 413 413 413 413
388 389 389 390 391 392 393 394 395 395 395 396 397 398 398 398 399 399 400 400 401 401 402 402 403 403 403 404 404 404 405 406 405 406 407 406 407 407 407 408 408 409 408 409 409 409 409 410 409 410 411 410 411 411 410 411 411 412 412 413 412 413 412 413 413 413 414 414 414 414 414 414 414 414 415 415 415 415 414 415 415 415 415 414 416 416 415 415 415 415 414 415 415 414
390 391 391 393 393 394 395 395 396 397 398 398 398 399 399 400 401 401 401 402 403 403 403 404 405 405 405 406 406 406 407 407 408 407 408 409 408 409 409 409 410 410 410 410 411 411 411 411 412 411 412 412 412 412 413 413 414 414 414 414 414 414 414 415 415 416 415 416 416 415 416 415 417 417 416 417 417 416 417 416 416 418 417 418 417 417 416 417 417 416 417 416 417 417
391 393 394 394 395 396 397 397 398 398 399 399 400 401 402 401 402 403 404 403 404 405 406 405 406 407 406 407 408 408 408 409 409 409 409 410 411 410 411 411 411 412 412 413 413 414 413 414 414 414 414 415 414 416 416 416 416 417 416 417 417 417 418 418 418 418 419 418 418 419 419 420 419 419 419 418 418 418 418 419 419 419 419 419 419 419 419 418 418 419 419 419 419 419
394 395 396 397 397 397 398 399 399 400 401 402 401 402 403 404 404 404 405 406 406 406 407 407 407 408 409 408 409 410 409 410 411 411 411 412 413 413 413 414 414 414 414 415 415 415 416 415 416 416 416 417 418 417 418 418 418 418 418 419 419 420 419 420 420 419 420 420 421 421 421 421 421 421 421 421 421 422 421 422 422 422 421 420 421 421 420 421 421 421 421 421 421 420
395 396 397 398 398 399 400 401 401 401 402 403 403 404 404 405 405 406 407 407 407 408 408 409 409 409 410 411 410 411 413 412 413 414 414 414 414 415 415 415 416 415 416 416 417 416 417 418 417 418 419 419 419 419 419 419 420 420 421 421 421 421 422 421 421 422 422 423 422 422 423 422 423 423 422 424 423 423 424 423 424 424 423 424 423 424 424 423 423 422 423 422 422 423
397 398 399 400 401 400 401 402 403 403 404 405 405 405 406 407 407 407 408 409 409 409 410 411 410 412 413 413 413 414 414 415 414 415 416 415 416 416 416 417 417 418 417 418 418 418 418 419 419 420 420 420 420 421 420 421 422 422 422 423 422 422 423 422 424 424 424 424 424 424 424 425 424 425 425 425 425 425 425 426 425 425 425 426 426 426 426 425 425 426 425 425 424 424
399 399 400 401 402 402 403 404 405 404 405 406 407 407 407 408 409 409 409 410 411 412 412 413 414 413 414 415 415 415 416 416 416 416 417 418 417 418 418 418 419 419 419 419 420 420 421 421 422 421 422 422 422 422 424 423 424 424 424 424 424 424 425 426 425 426 426 425 426 426 426 427 426 427 427 426 427 427 426 427 427 428 428 427 428 427 427 427 427 427 426 428 428 427
401 401 402 403 403 403 404 405 406 407 407 407 408 409 409 410 410 412 412 413 413 413 414 414 415 415 415 416 417 416 417 418 417 418 418 419 419 419 420 419 420 420 421 421 421 423 422 423 423 423 423 424 424 425 425 425 425 425 425 425 427 426 427 427 426 427 427 427 427 428 428 428 429 428 428 429 428 428 429 429 430 429 429 429 429 429 428 429 428 429 430 429 429 429
402 402 403 404 405 406 406 407 407 408 408 409 410 410 411 412 413 414 413 414 415 415 415 416 416 417 417 417 418 418 418 419 420 419 420 420 420 421 421 422 421 422 422 423 423 424 423 424 424 425 425 426 426 426 426 427 426 427 428 428 428 429 428 428 429 428 429 430 429 430 430 430 430 429 430 430 430 431 431 430 431 430 431 431 430 430 430 431 431 431 431 430 431 431
404 404 405 406 406 407 407 408 409 410 410 411 412 413 413 413 414 415 415 415 416 417 417 417 418 419 418 419 420 419 420 420 421 421 421 422 422 422 423 423 423 423 425 424 425 425 426 425 426 427 427 427 428 427 428 428 428 429 430 429 429 430 429 430 430 431 431 431 431 431 432 431 431 432 432 432 432 432 432 432 432 432 432 432 432 433 433 432 433 432 432 433 432 432
405 405 406 407 408 409 409 410 411 412 412 413 414 414 414 415 416 416 416 417 418 418 418 419 419 420 420 420 421 422 421 422 422 422 423 423 424 423 424 424 425 426 426 427 426 427 427 428 428 429 428 429 429 429 429 431 431 430 431 431 431 431 432 432 432 433 432 433 432 432 433 432 434 434 433 434 434 433 434 434 433 434 434 434 435 434 434 434 434 434 434 434 433 435
407 407 408 409 409 411 411 412 413 414 413 414 415 416 416 416 417 418 418 418 419 420 419 420 421 421 421 422 422 423 423 423 424 423 424 425 425 425 425 427 426 427 427 428 428 428 430 429 430 430 430 430 431 432 431 432 432 432 432 433 432 434 434 433 434 434 434 434 434 434 435 436 435 435 435 435 435 435 435 435 436 436 436 436 436 435 436 436 435 436 435 436 437 436
408 408 409 411 412 413 413 413 414 415 415 416 416 417 417 418 419 419 419 420 420 421 421 421 422 423 422 423 424 424 424 425 425 425 425 426 427 427 428 428 429 428 429 429 430 430 431 430 431 431 432 431 433 433 433 433 434 433 434 434 434 435 435 435 435 436 435 435 437 436 437 437 436 437 437 436 437 436 437 438 437 437 438 437 437 438 437 437 437 438 438 438 438 437
411 411 412 412 413 414 414 415 416 417 416 417 418 419 418 419 420 421 420 421 422 422 422 423 423 424 424 424 425 426 425 426 427 426 427 427 429 428 429 430 430 430 430 433 432 433 433 433 433 434 435 435 435 436 435 436 436 435 437 437 437 437 438 437 437 438 437 439 439 438 439 439 439 439 438 438 439 439 439 439 438 439 439 438 439 439 439 440 439 439 440 439 439 438
412 412 413 414 415 415 415 416 417 418 418 419 419 420 420 421 421 422 422 422 423 424 424 424 425 426 425 426 426 427 427 427 428 428 429 430 431 431 431 432 432 433 434 434 434 434 435 434 436 436 437 436 437 437 436 437 438 438 438 439 438 439 439 438 439 440 440 440 440 440 440 441 440 440 442 441 441 442 441 441 442 440 440 440 441 441 441 441 441 441 441 440 440 441
413 414 414 415 416 416 417 418 419 418 419 420 421 422 421 422 423 423 423 424 425 425 425 426 426 427 427 427 428 428 429 430 430 431 431 432 433 432 433 433 434 434 435 435 435 435 436 436 437 437 438 437 438 438 438 439 440 439 440 440 439 440 440 441 441 442 441 441 442 441 441 442 442 443 443 442 443 443 442 443 443 442 444 443 443 444 443 442 443 442 442 441 442 442
414 415 416 417 418 418 418 419 420 420 421 421 422 422 423 423 424 424 425 425 426 426 426 427 428 427 429 430 430 430 430 431 433 432 433 433 434 434 435 436 435 436 436 437 436 438 438 438 438 439 439 439 439 441 440 441 441 440 441 441 441 442 443 442 442 443 442 443 443 442 444 444 444 444 444 444 444 444 444 444 445 445 445 445 445 445 444 445 445 444 445 445 444 444
416 417 417 418 418 419 420 421 421 421 422 423 424 423 424 425 426 425 426 427 427 427 429 429 430 430 430 431 432 431 433 433 434 434 434 435 434 436 436 437 437 437 438 438 439 439 440 439 440 440 440 440 442 442 441 442 442 442 442 443 443 444 444 443 444 444 444 444 444 445 445 446 445 445 446 445 445 446 446 446 447 446 446 447 446 446 446 446 446 447 447 447 446 447
417 418 419 420 420 420 421 422 422 423 423 424 424 425 425 426 427 427 428 429 430 429 430 431 431 431 432 432 433 434 434 435 434 435 436 436 437 437 438 438 438 438 439 439 440 440 441 440 441 441 442 442 443 443 443 443 444 443 445 445 444 445 445 445 445 445 445 446 447 446 446 447 446 447 447 446 448 448 447 448 448 447 448 448 447 448 447 448 449 448 448 448 448 448
419 419 420 420 421 422 423 422 423 424 425 426 425 426 427 429 428 429 430 430 430 431 431 432 432 432 433 434 434 435 436 436 436 436 438 438 438 439 439 439 439 441 441 441 441 442 442 442 442 444 443 444 444 444 444 445 445 445 446 446 446 446 447 446 446 448 447 448 448 447 448 448 447 448 448 449 449 449 449 449 449 449 449 449 449 450 449 450 450 449 449 450 449 449
420 421 421 422 422 423 424 424 425 425 426 426 428 429 429 430 430 430 431 432 432 432 433 434 433 434 435 436 436 436 437 438 437 439 439 439 439 440 440 440 442 442 443 442 443 443 443 444 445 445 445 445 446 445 445 447 446 447 447 448 447 447 448 447 449 449 449 449 449 449 449 449 449 450 451 450 450 451 450 450 451 450 450 451 451 451 450 451 451 450 451 451 450 451
421 422 422 423 424 425 425 425 426 428 429 428 429 430 431 430 431 432 433 432 433 434 434 434 435 436 437 436 437 438 438 438 439 440 441 440 441 441 443 442 443 443 443 443 444 444 445 445 446 445 446 446 447 446 448 448 448 448 449 448 448 449 449 450 450 450 450 450 451 450 450 452 451 451 452 451 452 452 451 452 451 452 453 452 452 452 452 452 452 452 452 451 452 453
423 423 424 424 425 425 426 428 429 429 429 430 431 431 431 432 433 433 433 434 434 435 436 435 437 438 438 438 438 439 440 440 441 441 441 442 442 444 443 444 444 445 444 445 446 446 446 447 447 447 447 448 448 449 449 450 449 449 450 449 451 451 451 451 451 451 451 452 451 452 453 452 452 453 452 452 453 452 453 454 453 454 454 453 453 454 453 453 454 453 453 454 454 454
423 424 425 426 427 428 428 429 430 430 430 431 432 432 432 433 434 435 434 435 436 436 436 438 438 439 439 439 440 441 441 442 442 443 442 443 444 444 445 445 446 445 446 447 448 447 448 448 448 448 449 450 450 450 450 450 450 451 450 452 452 452 452 452 453 452 452 453 453 454 454 453 454 454 453 454 454 453 455 455 454 455 455 454 455 455 454 455 454 455 456 455 455 455
425 426 427 427 428 429 430 431 430 431 432 433 432 433 434 435 435 435 436 436 437 437 438 439 440 439 440 441 442 442 442 443 443 443 444 445 446 445 446 446 446 446 448 448 448 448 449 449 449 450 451 450 451 451 452 451 453 454 453 454 454 453 453 454 453 453 455 454 455 455 455 455 455 455 455 455 456 456 456 456 456 456 455 456 456 455 456 457 456 457 457 456 456 456
427 428 428 429 430 430 431 431 432 433 433 433 434 435 435 436 436 436 437 438 437 439 440 440 440 441 441 443 442 443 444 444 444 445 446 447 446 447 447 448 448 449 450 450 450 451 451 451 452 453 453 453 453 454 453 453 455 454 455 455 456 455 455 456 455 457 457 456 457 457 457 457 457 457 458 457 457 457 457 457 457 457 457 457 457 458 458 458 458 458 457 457 458 457
