testData/tiles/oneDegreeCosts/grid24.0-34.0-25.0-35.0.asc
ncols   200
nrows   200
xllcorner   24.0
yllcorner   34.0
cellsize   0.005
NODATA_value   -9999.0
[rows 126 to 167 of 200, columns 0 to 93 of 200]
674 674 674 674 674 674 674 674 674 674 674 674 674 674 674 674 674 674 674 674 687 687 687 686 686 686 686 686 686 686 686 686 686 726 725 725 725 725 725 725 725 725 725 724 724 724 724 724 724 724 723 723 723 723 723 723 722 722 722 722 722 721 721 721 721 721 720 720 720 720 720 719 719 719 719 718 718 718 718 717 717 717 717 716 716 716 716 715 715 715 715 714 714 714
674 674 674 674 674 674 674 674 674 674 674 674 674 674 674 674 674 674 674 687 687 687 687 686 686 686 686 686 686 686 686 686 686 726 725 725 725 725 725 725 725 725 724 724 724 724 724 724 724 723 723 723 723 723 723 723 722 722 722 722 722 721 721 721 721 721 720 720 720 720 720 719 719 719 719 718 718 718 718 717 717 717 717 716 716 716 716 715 715 715 715 714 714 714
674 674 674 674 674 674 674 674 674 674 674 674 674 674 674 674 674 674 674 687 687 687 686 686 686 686 686 686 686 686 686 686 686 726 725 725 725 725 725 725 725 725 724 724 724 724 724 724 724 723 723 723 723 723 723 722 722 722 722 722 722 721 721 721 721 721 720 720 720 720 720 719 719 719 719 718 718 718 718 717 717 717 717 716 716 716 716 715 715 715 714 714 714 714
674 674 674 674 674 674 674 674 674 674 674 674 674 674 674 674 674 674 687 687 687 687 686 686 686 686 686 686 686 686 686 686 686 685 725 725 725 725 725 725 725 725 724 724 724 724 724 724 724 723 723 723 723 723 723 722 722 722 722 722 722 721 721 721 721 721 720 720 720 720 720 719 719 719 719 718 718 718 718 717 717 717 717 716 716 716 716 715 715 715 714 714 714 714
674 674 674 674 674 674 674 674 674 674 674 674 674 674 674 674 674 687 687 687 687 687 686 686 686 686 686 686 686 686 686 686 686 685 725 725 725 725 725 725 725 725 724 724 724 724 724 724 724 723 723 723 723 723 723 722 722 722 722 722 722 721 721 721 721 721 720 720 720 720 719 719 719 719 719 718 718 718 718 717 717 717 717 716 716 716 716 715 715 715 714 714 714 714
674 674 674 674 674 674 674 674 674 674 674 674 674 674 674 674 687 687 687 687 687 686 686 686 686 686 686 686 686 686 686 686 686 685 725 725 725 725 725 725 725 725 724 724 724 724 724 724 724 723 723 723 723 723 723 722 722 722 722 722 722 721 721 721 721 721 720 720 720 720 719 719 719 719 719 718 718 718 718 717 717 717 717 716 716 716 716 715 715 715 714 714 714 714
674 674 674 674 674 674 674 674 674 674 674 674 674 674 674 674 687 687 687 687 687 686 686 686 686 686 686 686 686 686 686 686 686 685 725 725 725 725 725 725 725 724 724 724 724 724 724 724 723 723 723 723 723 723 723 722 722 722 722 722 721 721 721 721 721 720 720 720 720 720 719 719 719 719 719 718 718 718 718 717 717 717 717 716 716 716 715 715 715 715 714 714 714 713
674 674 674 674 674 674 674 674 674 674 674 674 674 674 674 687 687 687 687 687 686 686 686 686 686 686 686 686 686 686 686 686 685 685 685 725 725 725 725 725 725 724 724 724 724 724 724 724 723 723 723 723 723 723 723 722 722 722 722 722 721 721 721 721 721 720 720 720 720 720 719 719 719 719 718 718 718 718 718 717 717 717 717 716 716 716 715 715 715 715 714 714 714 713
674 674 674 674 674 674 674 674 674 674 674 674 674 674 687 687 687 687 687 686 686 686 686 686 686 686 686 686 686 686 686 686 685 685 685 725 725 725 725 725 725 724 724 724 724 724 724 724 723 723 723 723 723 723 722 722 722 722 722 722 721 721 721 721 721 720 720 720 720 720 719 719 719 719 718 718 718 718 717 717 717 717 716 716 716 716 715 715 715 715 714 714 714 713
674 674 674 674 674 674 674 674 674 674 674 674 674 687 687 687 687 687 687 686 686 686 686 686 686 686 686 686 686 686 686 685 685 685 685 725 725 725 725 725 724 724 724 724 724 724 724 724 723 723 723 723 723 723 722 722 722 722 722 722 721 721 721 721 721 720 720 720 720 720 719 719 719 719 718 718 718 718 717 717 717 717 716 716 716 716 715 715 715 715 714 714 714 713
674 674 674 674 674 674 674 674 674 674 674 674 674 687 687 687 687 687 686 686 686 686 686 686 686 686 686 686 686 686 686 685 685 685 685 685 725 725 725 725 724 724 724 724 724 724 724 723 723 723 723 723 723 723 722 722 722 722 722 722 721 721 721 721 721 720 720 720 720 720 719 719 719 719 718 718 718 718 717 717 717 717 716 716 716 716 715 715 715 715 714 714 714 713
674 674 674 674 674 674 674 674 674 674 674 674 687 687 687 687 687 686 686 686 686 686 686 686 686 686 686 686 686 686 686 685 685 685 685 685 725 725 725 725 724 724 724 724 724 724 724 723 723 723 723 723 723 723 722 722 722 722 722 721 721 721 721 721 721 720 720 720 720 719 719 719 719 719 718 718 718 718 717 717 717 717 716 716 716 716 715 715 715 714 714 714 714 713
674 674 674 674 674 674 674 674 674 674 674 687 687 687 687 687 687 686 686 686 686 686 686 686 686 686 686 686 686 686 685 685 685 685 685 685 685 725 725 724 724 724 724 724 724 724 724 723 723 723 723 723 723 722 722 722 722 722 722 721 721 721 721 721 720 720 720 720 720 719 719 719 719 719 718 718 718 718 717 717 717 717 716 716 716 716 715 715 715 714 714 714 714 713
674 674 674 674 674 674 674 674 674 674 687 687 687 687 687 687 686 686 686 686 686 686 686 686 686 686 686 686 686 686 685 685 685 685 685 685 685 725 725 724 724 724 724 724 724 724 724 723 723 723 723 723 723 722 722 722 722 722 722 721 721 721 721 721 720 720 720 720 720 719 719 719 719 718 718 718 718 718 717 717 717 717 716 716 716 715 715 715 715 714 714 714 713 713
674 674 674 674 674 674 674 674 674 674 687 687 687 687 687 686 686 686 686 686 686 686 686 686 686 686 686 686 686 685 685 685 685 685 685 685 685 725 725 724 724 724 724 724 724 724 723 723 723 723 723 723 723 722 722 722 722 722 722 721 721 721 721 721 720 720 720 720 720 719 719 719 719 718 718 718 718 717 717 717 717 716 716 716 716 715 715 715 715 714 714 714 714 714
674 674 674 674 674 674 674 674 674 687 687 687 687 687 686 686 686 686 686 686 686 686 686 686 686 686 686 686 686 685 685 685 685 685 685 685 685 685 724 724 724 724 724 724 724 724 723 723 723 723 723 723 722 722 722 722 722 722 721 721 721 721 721 721 720 720 720 720 719 719 719 719 719 718 718 718 718 717 717 717 717 716 716 716 716 715 715 715 715 715 715 715 714 714
674 674 674 674 674 674 674 674 687 687 687 687 687 686 686 686 686 686 686 686 686 686 686 686 686 686 686 686 685 685 685 685 685 685 685 685 685 685 724 724 724 724 724 724 724 724 723 723 723 723 723 723 722 722 722 722 722 722 721 721 721 721 721 720 720 720 720 720 719 719 719 719 719 718 718 718 718 717 717 717 717 716 716 716 716 715 715 716 715 715 715 715 714 714
674 674 674 674 674 674 674 674 687 687 687 686 686 686 686 686 686 686 686 686 686 686 686 686 686 686 686 685 685 685 685 685 685 685 685 685 685 684 684 724 724 724 724 724 724 723 723 723 723 723 723 723 722 722 722 722 722 722 721 721 721 721 721 720 720 720 720 720 719 719 719 719 718 718 718 718 718 717 717 717 717 716 716 716 716 716 716 716 715 715 715 715 714 714
674 674 674 674 674 674 674 687 687 687 686 686 686 686 686 686 686 686 686 686 686 686 686 686 686 686 686 685 685 685 685 685 685 685 685 685 685 684 684 724 724 724 724 724 724 723 723 723 723 723 723 722 722 722 722 722 722 721 721 721 721 721 721 720 720 720 720 720 719 719 719 719 718 718 718 718 718 717 717 717 717 716 716 717 716 716 716 716 715 715 715 715 714 714
674 674 674 674 674 674 674 687 686 686 686 686 686 686 686 686 686 686 686 686 686 686 686 686 686 686 685 685 685 685 685 685 685 685 685 685 684 684 684 724 724 724 724 724 723 723 723 723 723 723 723 722 722 722 722 722 722 721 721 721 721 721 720 720 720 720 720 719 719 719 719 719 718 718 718 718 717 717 717 717 717 717 717 717 716 716 716 716 715 715 715 715 715 715
674 674 674 674 674 674 686 686 686 686 686 686 686 686 686 686 686 686 686 686 686 686 686 686 686 685 685 685 685 685 685 685 685 685 685 685 684 684 684 684 724 724 724 724 723 723 723 723 723 723 723 722 722 722 722 722 722 721 721 721 721 721 720 720 720 720 720 719 719 719 719 719 718 718 718 718 717 717 718 718 717 717 717 717 716 716 716 716 715 715 716 715 715 715
674 673 673 673 673 686 686 686 686 686 686 686 686 686 686 686 686 686 686 686 686 686 686 686 686 685 685 685 685 685 685 685 685 685 685 684 684 684 684 684 724 724 724 723 723 723 723 723 723 723 722 722 722 722 722 722 721 721 721 721 721 721 720 720 720 720 720 719 719 719 719 718 718 718 718 718 718 718 718 718 717 717 717 717 716 716 716 716 716 716 716 715 715 715
673 673 673 673 673 686 686 686 686 686 686 686 686 686 686 686 686 686 686 686 686 686 686 686 685 685 685 685 685 685 685 685 685 685 685 684 684 684 684 684 684 724 724 723 723 723 723 723 723 723 722 722 722 722 722 722 721 721 721 721 721 720 720 720 720 720 719 719 719 719 719 718 718 718 719 718 718 718 718 718 717 717 717 716 716 717 717 716 716 716 716 715 715 715
673 673 673 673 686 686 686 686 686 686 686 686 686 686 686 686 686 686 686 686 686 686 686 685 685 685 685 685 685 685 685 685 685 685 684 684 684 684 684 684 684 724 723 723 723 723 723 723 723 722 722 722 722 722 722 722 721 721 721 721 721 720 720 720 720 720 719 719 719 719 719 718 718 719 719 718 718 718 718 717 717 717 717 717 717 717 717 716 716 716 715 715 715 715
673 673 673 673 686 686 686 686 686 686 686 686 686 686 686 686 686 686 686 686 686 686 685 685 685 685 685 685 685 685 685 685 685 684 684 684 684 684 684 684 684 684 723 723 723 723 723 723 723 722 722 722 722 722 722 721 721 721 721 721 721 720 720 720 720 720 719 719 719 719 719 719 719 719 719 718 718 718 718 717 717 718 718 717 717 717 717 716 716 716 715 715 716 716
673 673 673 686 686 686 686 686 686 686 686 686 686 686 686 686 686 686 686 686 686 685 685 685 685 685 685 685 685 685 685 685 685 684 684 684 684 684 684 684 684 683 723 723 723 723 723 723 723 722 722 722 722 722 722 721 721 721 721 721 720 720 720 720 720 719 719 719 719 720 719 719 719 719 719 718 718 718 718 718 718 718 718 717 717 717 716 716 716 716 716 716 716 715
673 673 673 686 686 686 686 686 686 686 686 686 686 686 686 686 686 686 686 686 685 685 685 685 685 685 685 685 685 685 685 685 684 684 684 684 684 684 684 684 684 683 683 723 723 723 723 723 722 722 722 722 722 722 721 721 721 721 721 721 720 720 720 720 720 719 719 720 720 720 719 719 719 719 718 718 718 719 718 718 718 718 717 717 717 717 716 716 717 717 716 716 716 715
673 673 686 686 686 686 686 686 686 686 686 686 686 686 686 686 686 686 686 685 685 685 685 685 685 685 685 685 685 685 685 684 684 684 684 684 684 684 684 684 683 683 683 723 723 723 723 723 722 722 722 722 722 722 721 721 721 721 721 721 720 720 720 720 720 719 720 720 720 719 719 719 719 719 718 719 719 719 718 718 718 718 717 717 717 718 717 717 717 716 716 716 716 715
675 675 687 687 686 686 686 686 686 686 686 686 686 686 686 686 686 685 685 685 685 685 685 685 685 685 685 685 685 685 685 684 684 684 684 684 684 684 684 684 683 683 683 683 723 723 723 722 722 722 722 722 722 721 721 721 721 721 721 720 720 720 720 720 720 720 720 720 720 719 719 719 719 720 719 719 719 719 718 718 718 718 717 718 718 718 717 717 717 716 716 716 716 715
677 690 689 689 688 688 687 686 686 686 686 686 686 686 686 686 685 685 685 685 685 685 685 685 685 685 685 685 685 685 684 684 684 684 684 684 684 684 684 683 683 683 683 683 683 723 723 722 722 722 722 722 722 721 721 721 721 721 721 720 720 720 720 721 720 720 720 720 720 719 719 719 720 719 719 719 719 718 718 718 718 718 718 718 718 717 717 717 717 716 716 716 716 716
692 691 691 691 690 689 689 688 687 686 686 686 686 686 685 685 685 685 685 685 685 685 685 685 685 685 685 685 685 684 684 684 684 684 684 684 684 684 683 683 683 683 683 683 683 723 722 722 722 722 722 722 721 721 721 721 721 721 720 720 720 721 721 721 720 720 720 720 719 719 720 720 720 719 719 719 719 718 718 719 719 718 718 718 718 717 717 717 717 716 717 717 716 716
694 693 693 693 692 691 690 690 689 688 686 686 685 685 685 685 685 685 685 685 685 685 685 685 685 685 685 685 684 684 684 684 684 684 684 684 684 684 683 683 683 683 683 683 683 682 722 722 722 722 722 722 721 721 721 721 721 721 720 720 721 721 721 720 720 720 720 720 720 720 720 720 720 719 719 719 719 718 719 719 719 718 718 718 718 717 717 717 717 717 717 717 716 716
696 695 695 694 694 693 692 691 690 689 687 686 685 685 685 685 685 685 685 685 685 685 685 685 685 685 685 684 684 684 684 684 684 684 684 684 684 683 683 683 683 683 683 683 683 682 722 722 722 722 722 721 721 721 721 721 721 721 721 721 721 721 721 720 720 720 720 721 720 720 720 720 719 719 719 719 719 719 719 719 718 718 718 718 717 717 718 718 717 717 717 716 716 716
698 697 697 696 696 695 694 693 691 690 689 687 686 685 685 685 685 685 685 685 685 685 685 685 685 685 684 684 684 684 684 684 684 684 684 684 683 683 683 683 683 683 683 683 682 682 682 722 722 722 722 721 721 721 721 721 721 721 721 721 721 721 720 720 720 721 721 720 720 720 720 720 719 719 720 720 719 719 719 719 718 718 718 718 718 718 718 718 717 717 717 716 716 716
700 699 699 697 696 696 695 694 693 691 690 689 687 686 685 685 685 685 685 685 685 685 685 685 685 684 684 684 684 684 684 684 684 684 684 683 683 683 683 683 683 683 683 683 682 682 682 682 722 722 721 721 721 721 721 722 721 721 721 721 721 721 720 720 721 721 721 720 720 720 720 720 720 720 720 720 719 719 719 719 718 718 719 719 718 718 718 717 717 717 717 716 716 717
701 700 700 699 698 697 696 695 694 693 692 690 689 687 686 685 685 685 685 685 685 685 685 685 684 684 684 684 684 684 684 684 684 684 684 683 683 683 683 683 683 683 683 682 682 682 682 682 722 722 721 721 721 721 722 722 721 721 721 721 721 721 721 721 721 721 720 720 720 720 720 720 720 720 720 719 719 719 719 719 719 719 719 718 718 718 718 717 717 717 717 717 717 717
702 702 702 701 700 699 698 697 696 694 693 692 690 689 687 685 685 685 685 685 685 685 684 684 684 684 684 684 684 684 684 684 684 684 683 683 683 683 683 683 683 683 682 682 682 682 682 682 682 721 721 721 721 722 722 721 721 721 721 721 721 721 721 721 721 721 720 720 720 721 721 720 720 720 720 719 719 719 720 719 719 719 719 718 718 718 718 717 718 718 717 717 717 717
704 704 703 703 702 701 700 698 697 696 694 693 691 690 688 687 685 685 685 685 685 684 684 684 684 684 684 684 684 684 684 684 684 683 683 683 683 683 683 683 683 682 682 682 682 682 682 682 682 682 721 722 722 722 722 721 721 721 721 722 721 721 721 721 721 720 720 721 721 721 720 720 720 720 719 719 720 720 720 719 719 719 719 718 718 718 718 718 718 718 717 717 717 716
706 706 705 704 703 702 701 700 699 697 696 694 693 691 689 688 686 685 685 685 684 684 684 684 684 684 684 684 684 684 684 684 683 683 683 683 683 683 683 683 683 682 682 682 682 682 682 682 682 682 722 722 722 722 721 721 721 721 722 722 721 721 721 721 721 720 721 721 721 721 720 720 720 720 719 720 720 720 719 719 719 719 718 718 719 719 718 718 718 717 717 717 717 716
708 708 707 706 705 704 703 701 700 698 697 695 694 692 690 689 687 685 684 684 684 684 684 684 684 684 684 684 684 684 684 683 683 683 683 683 683 683 683 683 682 682 682 682 682 682 682 682 682 682 682 722 722 722 721 721 722 722 722 721 721 721 721 721 721 721 721 721 721 720 720 720 720 721 720 720 720 720 719 719 719 719 718 719 719 719 718 718 718 717 717 717 718 718
710 710 709 708 707 706 704 703 701 700 698 696 695 693 691 689 687 685 684 684 684 684 684 684 684 684 684 684 684 684 683 683 683 683 683 683 683 683 683 682 682 682 682 682 682 682 682 682 682 682 682 682 722 721 721 722 722 722 722 721 721 721 721 722 721 721 721 721 721 720 720 720 721 720 720 720 720 719 719 719 719 719 719 719 719 718 718 718 718 717 717 719 718 718
712 711 711 710 708 707 706 704 702 701 699 697 696 694 691 689 687 686 684 684 684 684 684 684 684 684 684 684 684 683 683 683 683 683 683 683 683 683 682 682 682 682 682 682 682 682 682 682 682 682 682 682 682 721 722 722 722 722 721 721 721 721 722 721 721 721 721 721 720 720 721 721 721 720 720 720 720 719 719 720 720 719 719 719 719 718 718 718 718 718 719 719 718 718
