testData/tiles/oneDegreeCosts/grid37.0-29.0-38.0-30.0.asc
ncols   200
nrows   200
xllcorner   37.0
yllcorner   29.0
cellsize   0.005
NODATA_value   -9999.0
[rows 42 to 83 of 200, columns 0 to 93 of 200]
829 829 828 828 828 828 828 828 828 828 828 828 828 828 828 828 828 827 827 859 858 858 858 858 858 858 858 858 858 858 858 858 857 857 856 856 856 856 856 856 856 856 856 855 855 855 855 855 656 655 655 655 654 654 654 654 654 654 654 654 654 652 652 652 652 652 652 652 652 651 651 651 651 650 650 650 649 649 649 649 649 649 649 648 747 747 747 747 747 746 808 808 807 807
829 829 829 829 829 829 829 829 828 828 828 828 828 828 828 828 827 827 827 859 859 859 859 858 858 858 858 858 858 858 858 858 858 858 857 856 856 856 856 856 856 856 856 856 856 856 855 656 655 655 655 655 655 655 655 654 654 654 654 654 654 653 653 652 652 652 652 652 652 652 651 651 650 650 650 650 650 650 649 649 649 649 649 748 748 747 747 747 747 809 809 808 807 807
829 829 829 829 829 829 829 829 829 829 829 829 829 828 828 828 827 827 827 859 859 859 859 859 859 859 859 858 858 858 858 858 858 857 857 857 857 857 856 856 856 856 856 856 856 856 856 657 655 655 655 655 655 655 655 655 655 654 654 654 654 653 653 653 653 652 652 652 652 652 652 652 650 650 650 650 650 650 650 649 649 649 649 748 748 748 747 809 809 809 809 809 808 807
829 829 829 829 829 829 829 829 829 829 829 829 829 829 829 828 828 827 827 859 859 859 859 859 859 859 859 859 859 859 858 858 858 857 857 857 857 857 857 857 857 856 856 856 856 856 657 656 656 656 655 655 655 655 655 655 655 655 655 654 653 653 653 653 653 653 653 652 652 652 652 652 651 651 650 650 650 650 650 650 650 649 649 748 748 810 810 810 809 809 809 808 808 808
830 830 830 830 830 829 829 829 829 829 829 829 829 829 829 828 828 828 828 860 860 859 859 859 859 859 859 859 859 859 859 859 858 857 857 857 857 857 857 857 857 857 857 857 856 657 657 656 656 656 656 656 656 655 655 655 655 655 655 655 654 653 653 653 653 653 653 653 653 652 652 651 651 651 651 651 650 650 650 650 650 650 649 748 810 810 810 810 810 809 809 808 808 808
830 830 830 830 830 830 830 830 830 830 829 829 829 829 828 828 828 828 828 860 860 860 860 860 860 859 859 859 859 859 859 859 858 858 858 858 857 857 857 857 857 857 857 857 658 658 657 656 656 656 656 656 656 656 656 655 655 655 655 655 654 654 654 653 653 653 653 653 653 653 653 651 651 651 651 651 651 651 650 650 650 650 711 811 810 810 810 810 810 810 810 808 808 808
830 830 830 830 830 830 830 830 830 830 830 830 830 830 829 828 828 828 860 860 860 860 860 860 860 860 860 860 859 859 859 858 858 858 858 858 858 858 858 857 857 857 857 658 658 658 657 657 657 656 656 656 656 656 656 656 656 655 655 654 654 654 654 654 654 653 653 653 653 653 653 652 651 651 651 651 651 651 651 650 650 711 811 811 811 811 810 810 810 810 810 809 808 684
831 831 830 830 830 830 830 830 830 830 830 830 830 829 829 829 829 829 829 860 860 860 860 860 860 860 860 860 860 860 860 858 858 858 858 858 858 858 858 858 858 858 658 658 658 658 657 657 657 657 657 656 656 656 656 656 656 656 656 654 654 654 654 654 654 654 654 653 653 653 652 652 652 652 651 651 651 651 651 713 713 711 811 811 811 811 811 811 810 810 809 809 685 685
831 831 831 831 831 831 831 830 830 830 830 830 830 829 829 829 829 829 829 861 861 861 861 860 860 860 860 860 860 860 860 859 859 859 858 858 858 858 858 858 858 659 659 659 658 658 657 657 657 657 657 657 657 656 656 656 656 656 656 655 655 654 654 654 654 654 654 654 654 653 652 652 652 652 652 652 651 651 713 713 712 712 812 811 811 811 811 811 811 810 809 685 685 685
831 831 831 831 831 831 831 831 831 831 831 831 829 829 829 829 829 829 829 861 861 861 861 861 861 861 860 860 860 860 859 859 859 859 859 859 859 858 858 858 659 659 659 659 659 658 658 657 657 657 657 657 657 657 657 656 656 656 655 655 655 655 655 654 654 654 654 654 654 654 653 652 652 652 652 652 652 714 713 713 712 712 812 812 811 811 811 811 811 687 686 685 685 685
831 831 831 831 831 831 831 831 831 831 831 830 830 830 830 830 830 829 829 861 861 861 861 861 861 861 861 861 861 860 859 859 859 859 859 859 859 859 859 660 659 659 659 659 659 658 658 658 658 657 657 657 657 657 657 657 657 656 655 655 655 655 655 655 655 654 654 654 654 653 653 653 652 652 652 652 714 714 714 713 712 712 812 812 812 812 811 811 687 686 686 686 685 686
832 832 832 832 831 831 831 831 831 831 831 830 830 830 830 830 830 830 830 862 862 861 861 861 861 861 861 861 861 860 860 860 859 859 859 859 859 859 660 660 660 660 660 659 658 658 658 658 658 658 658 657 657 657 657 657 657 656 656 656 655 655 655 655 655 655 655 654 654 653 653 653 653 653 652 714 714 714 714 714 713 812 812 812 812 812 812 687 687 686 686 686 688 690
832 832 832 832 832 832 832 832 832 832 830 830 830 830 830 830 830 830 830 862 862 862 862 862 861 861 861 861 861 860 860 860 860 860 860 859 859 660 660 660 660 660 660 660 659 658 658 658 658 658 658 658 658 658 657 657 657 656 656 656 656 656 655 655 655 655 655 655 655 653 653 653 653 715 715 715 714 714 714 713 713 813 812 812 812 812 688 688 688 686 686 688 690 691
832 832 832 832 832 832 832 832 832 832 831 831 831 831 830 830 830 830 830 862 862 862 862 862 862 862 862 861 860 860 860 860 860 860 860 860 661 661 660 660 660 660 660 659 659 659 659 658 658 658 658 658 658 658 658 658 657 656 656 656 656 656 656 655 655 655 655 655 654 654 654 653 715 715 715 715 715 715 714 713 713 813 813 813 812 688 688 688 688 688 688 690 692 693
833 832 832 832 832 832 832 832 832 831 831 831 831 831 831 831 831 831 830 862 862 862 862 862 862 862 862 862 861 861 860 860 860 860 860 661 661 661 661 661 661 660 660 659 659 659 659 659 659 659 658 658 658 658 658 658 657 657 656 656 656 656 656 656 656 655 655 655 654 654 654 716 715 715 715 715 715 715 715 713 713 813 813 813 689 689 688 688 688 689 691 693 693 695
833 833 833 833 833 833 833 832 831 831 831 831 831 831 831 831 831 831 831 863 863 863 862 862 862 862 862 861 861 861 861 861 861 860 661 661 661 661 661 661 661 661 661 659 659 659 659 659 659 659 659 659 658 658 658 658 657 657 657 657 656 656 656 656 656 656 656 655 654 654 716 716 716 716 715 715 715 715 714 714 714 813 813 689 689 689 689 689 689 691 693 694 696 696
833 833 833 833 833 833 833 833 832 832 832 832 831 831 831 831 831 831 831 863 863 863 863 863 863 862 862 861 861 861 861 861 861 662 662 662 661 661 661 661 661 661 660 660 660 660 659 659 659 659 659 659 659 659 658 657 657 657 657 657 657 657 656 656 656 656 656 655 655 654 716 716 716 716 716 716 715 715 714 714 814 690 689 689 689 689 689 690 692 693 694 696 697 699
833 833 833 833 833 833 833 832 832 832 832 832 832 832 832 832 831 831 831 863 863 863 863 863 863 863 862 862 861 861 861 861 662 662 662 662 662 662 662 661 661 661 660 660 660 660 660 660 659 659 659 659 659 659 659 658 657 657 657 657 657 657 657 657 656 656 656 655 655 717 717 716 716 716 716 716 716 714 714 714 690 690 690 690 689 689 691 692 693 695 696 697 699 700
834 834 834 834 833 833 832 832 832 832 832 832 832 832 832 832 832 832 832 864 863 863 863 863 863 863 862 862 862 862 862 662 662 662 662 662 662 662 662 662 662 660 660 660 660 660 660 660 660 660 659 659 659 659 659 658 658 658 657 657 657 657 657 657 657 656 655 655 717 717 717 717 716 716 716 716 716 715 715 612 690 690 690 690 690 691 692 693 695 696 698 699 700 701
834 834 834 834 834 834 833 833 833 832 832 832 832 832 832 832 832 832 832 864 864 864 864 863 863 862 862 862 862 663 663 663 663 663 662 662 662 662 662 662 662 661 661 661 660 660 660 660 660 660 660 660 659 659 658 658 658 658 658 658 657 657 657 657 657 657 656 717 717 717 717 717 717 717 716 716 716 612 612 612 691 690 690 690 691 693 694 694 696 698 699 701 702 703
834 834 834 834 834 833 833 833 833 833 833 833 833 833 832 832 832 832 832 864 864 864 864 864 863 863 862 862 663 663 663 663 663 663 663 663 663 662 662 662 661 661 661 661 661 661 660 660 660 660 660 660 660 660 658 658 658 658 658 658 658 658 657 657 657 657 656 718 718 717 717 717 717 717 717 717 612 612 612 612 691 691 690 691 693 694 695 697 697 699 700 702 703 705
835 834 834 834 833 833 833 833 833 833 833 833 833 833 833 833 833 833 832 864 864 864 864 864 863 863 863 664 664 664 663 663 663 663 663 663 663 663 663 662 661 661 661 661 661 661 661 661 660 660 660 660 660 659 659 659 658 658 658 658 658 658 658 658 657 657 718 718 718 718 718 717 717 717 717 612 612 612 612 612 691 691 691 693 694 695 696 698 699 701 701 703 704 706
835 835 835 835 834 834 834 833 833 833 833 833 833 833 833 833 833 833 833 865 865 864 864 863 863 863 664 664 664 664 664 664 663 663 663 663 663 663 663 662 662 662 661 661 661 661 661 661 661 661 660 660 660 659 659 659 659 659 658 658 658 658 658 658 658 718 718 718 718 718 718 718 717 612 612 612 612 612 612 691 691 691 692 694 696 695 697 699 700 702 703 704 705 706
835 835 835 834 834 834 834 834 834 834 834 833 833 833 833 833 833 833 833 865 865 865 865 864 863 664 664 664 664 664 664 664 664 664 664 663 663 663 663 662 662 662 662 662 661 661 661 661 661 661 661 661 659 659 659 659 659 659 659 659 658 658 658 658 658 719 719 718 718 718 718 718 612 612 612 612 612 612 612 692 691 691 693 695 697 697 698 700 701 703 704 705 706 707
835 835 834 834 834 834 834 834 834 834 834 834 834 834 834 833 833 833 833 865 865 865 864 665 665 665 665 665 664 664 664 664 664 664 664 664 664 664 662 662 662 662 662 662 662 662 661 661 661 661 661 661 660 660 659 659 659 659 659 659 659 659 658 658 719 719 719 719 719 718 612 612 612 612 612 612 612 612 612 692 692 693 694 696 697 698 700 701 702 703 705 706 708 709
836 835 835 835 834 834 834 834 834 834 834 834 834 834 834 834 834 834 834 865 865 864 665 665 665 665 665 665 665 665 664 664 664 664 664 664 664 664 663 663 662 662 662 662 662 662 662 662 662 661 661 660 660 660 660 660 659 659 659 659 659 659 659 659 719 719 719 719 719 612 612 612 612 612 612 612 612 612 612 692 692 694 696 697 697 699 700 702 703 704 705 707 708 709
836 835 835 835 835 835 835 835 835 834 834 834 834 834 834 834 834 834 834 866 866 666 665 665 665 665 665 665 665 665 665 665 665 664 664 664 664 663 663 663 663 663 662 662 662 662 662 662 662 662 662 660 660 660 660 660 660 660 659 659 659 659 659 659 720 719 719 612 612 612 612 612 612 612 612 612 612 612 612 692 693 695 697 698 699 699 701 703 704 706 707 707 709 709
835 835 835 835 835 835 835 835 835 835 835 835 835 834 834 834 834 834 834 667 666 666 666 666 666 666 665 665 665 665 665 665 665 665 665 665 664 663 663 663 663 663 663 663 663 662 662 662 662 662 662 661 661 660 660 660 660 660 660 660 659 659 659 720 720 612 612 612 612 612 612 612 612 612 612 612 612 612 612 693 694 695 697 698 699 701 702 703 705 706 707 709 709 710
836 835 835 835 835 835 835 835 835 835 835 835 835 835 835 835 835 834 638 667 666 666 666 666 666 666 666 666 666 665 665 665 665 665 665 665 664 664 663 663 663 663 663 663 663 663 663 662 662 662 661 661 661 661 661 660 660 660 660 660 660 660 658 720 612 612 612 612 612 612 612 612 612 612 612 612 612 612 693 693 695 696 698 698 700 701 703 704 705 706 708 709 710 710
836 836 836 836 836 836 835 835 835 835 835 835 835 835 835 835 835 638 638 667 666 666 666 666 666 666 666 666 666 666 666 665 665 665 665 664 664 664 664 664 664 663 663 663 663 663 663 663 663 662 661 661 661 661 661 661 661 660 660 660 660 660 612 612 612 612 612 612 612 612 612 612 612 612 612 612 612 612 693 694 696 697 699 699 700 702 703 705 706 707 708 710 710 711
836 836 836 836 836 836 836 836 836 836 836 835 835 835 835 638 638 638 638 667 667 667 667 667 666 666 666 666 666 666 666 666 666 666 665 664 664 664 664 664 664 664 664 663 663 663 663 663 663 662 662 661 661 661 661 661 661 661 660 660 612 612 612 612 612 612 612 612 612 612 612 612 612 612 612 612 612 612 693 694 696 698 698 700 701 702 704 705 707 708 708 709 710 711
836 836 836 836 836 836 836 836 836 836 836 836 836 836 638 638 638 638 638 667 667 667 667 667 667 667 667 666 666 666 666 666 666 666 665 665 664 664 664 664 664 664 664 664 664 663 663 663 662 662 662 662 662 661 661 661 661 661 612 612 612 612 612 612 612 612 612 612 612 612 612 612 612 612 612 612 612 612 694 695 696 698 699 700 702 703 704 705 707 708 710 709 710 712
837 837 837 837 836 836 836 836 836 836 836 836 638 638 638 638 638 638 638 667 667 667 667 667 667 667 667 667 667 666 666 666 666 666 665 665 665 665 665 664 664 664 664 664 664 664 664 663 662 662 662 662 662 662 662 661 612 612 612 612 612 612 612 612 612 612 612 612 612 612 612 612 612 612 612 612 612 612 694 695 697 697 699 700 702 703 705 705 707 708 710 710 711 712
837 837 837 837 837 837 837 837 836 836 638 638 638 638 638 638 638 638 638 668 668 668 667 667 667 667 667 667 667 667 667 667 666 665 665 665 665 665 665 665 665 664 664 664 664 664 664 663 663 662 662 662 662 662 612 612 612 612 612 612 612 612 612 612 612 612 612 612 612 612 612 612 612 612 612 612 612 612 694 695 697 698 700 700 702 704 705 707 707 708 709 710 711 785
837 837 837 837 837 837 837 837 837 638 638 638 638 638 638 638 638 638 638 638 668 668 668 668 668 667 667 667 667 667 667 667 667 666 666 665 665 665 665 665 665 665 665 664 664 664 664 663 663 663 663 612 612 612 612 612 612 612 612 612 612 612 612 612 612 612 612 612 612 612 612 612 612 612 612 612 612 612 694 695 697 698 700 701 702 703 705 706 708 709 709 782 783 785
838 837 837 837 837 837 837 638 638 638 638 638 638 638 638 638 638 638 638 638 668 668 668 668 668 668 668 667 667 667 667 667 666 666 666 666 666 665 665 665 665 665 665 665 665 664 663 663 663 612 612 612 612 612 612 612 612 612 612 612 612 612 612 612 612 612 612 612 612 612 612 612 612 612 612 612 612 695 695 695 696 698 700 701 703 703 705 706 708 780 782 782 783 785
838 838 838 838 838 639 638 638 638 638 638 638 638 638 638 638 638 638 638 638 668 668 668 668 668 668 668 668 668 668 667 666 666 666 666 666 666 666 666 665 665 665 665 665 665 665 612 612 612 612 612 612 612 612 612 612 612 612 612 612 612 612 612 612 612 612 612 612 612 612 612 612 612 612 612 612 612 695 695 696 697 698 699 701 703 704 706 778 780 780 781 783 783 784
838 838 838 639 639 639 639 639 639 639 638 638 638 638 638 638 638 638 638 638 669 669 669 668 668 668 668 668 668 668 668 667 667 666 666 666 666 666 666 666 666 665 665 612 612 612 612 612 612 612 612 612 612 612 612 612 612 612 612 612 612 612 612 612 612 612 612 612 612 612 612 612 612 612 612 612 612 695 695 695 697 698 699 701 702 776 777 779 779 780 781 783 784 784
838 639 639 639 639 639 639 639 639 639 639 639 638 638 638 638 638 638 638 638 669 669 669 669 669 669 668 668 668 668 667 667 667 667 667 666 666 666 666 612 612 612 612 612 612 612 612 612 612 612 612 612 612 612 612 612 612 612 612 612 612 612 612 612 612 612 612 612 612 612 612 612 612 612 612 612 612 696 695 695 696 698 700 772 774 775 777 779 779 779 781 782 784 785
641 641 640 639 639 639 639 639 639 639 639 639 638 638 638 638 638 638 638 638 669 669 669 669 669 669 669 669 668 667 667 667 667 667 667 612 612 612 612 612 612 612 612 612 612 612 612 612 612 612 612 612 612 612 612 612 612 612 612 612 612 612 612 612 612 612 612 612 612 612 612 612 612 612 612 612 612 696 695 695 696 769 771 773 774 775 777 778 779 780 780 782 783 785
612 612 612 641 641 640 640 640 639 639 639 638 638 638 638 638 638 638 638 638 670 669 669 669 669 669 669 669 669 668 612 612 612 612 612 612 612 612 612 612 612 612 612 612 612 612 612 612 612 612 612 612 612 612 612 612 612 612 612 612 612 612 612 612 612 612 612 612 612 612 612 612 612 612 612 612 612 696 695 767 767 769 771 772 774 775 776 777 778 780 781 782 783 784
612 612 612 612 612 612 612 612 612 612 612 612 612 612 612 612 612 612 612 612 612 612 612 612 612 612 612 612 612 612 612 612 612 612 612 612 612 612 612 612 612 612 612 612 612 612 612 612 612 612 612 612 612 612 612 612 612 612 612 612 612 612 612 612 612 612 612 612 612 612 612 612 612 612 612 612 612 768 767 767 767 769 770 772 773 775 776 776 777 779 780 782 783 784
