testData/tiles/oneDegreeCosts/grid24.0-39.0-25.0-40.0.asc
ncols   200
nrows   200
xllcorner   24.0
yllcorner   39.0
cellsize   0.005
NODATA_value   -9999.0
[rows 126 to 167 of 200, columns 0 to 93 of 200]
720 719 719 718 717 716 715 715 716 715 714 713 712 710 709 708 707 707 707 707 708 708 708 708 708 708 708 708 708 708 708 708 667 667 667 667 668 668 668 668 668 668 668 668 668 668 668 668 668 668 668 668 668 668 668 668 668 668 668 668 668 668 668 668 668 668 668 668 720 720 720 720 719 719 719 632 632 632 632 632 632 632 632 632 632 632 632 631 631 631 631 631 631 631
720 719 718 717 717 716 715 715 714 714 713 712 711 710 709 707 707 707 707 708 708 708 708 708 708 708 708 708 708 708 708 667 667 667 667 667 667 667 668 668 668 668 668 668 668 668 668 668 668 668 668 668 668 668 668 668 668 668 668 668 668 668 668 668 668 668 668 668 719 719 719 719 719 719 632 632 632 632 632 632 632 632 632 632 632 632 632 632 632 631 631 631 631 631
719 718 718 717 716 715 715 714 713 712 711 711 710 709 708 707 707 707 708 708 708 708 708 708 708 708 708 708 708 708 708 667 667 667 667 667 667 667 667 667 667 667 667 667 667 667 667 667 667 667 668 668 668 668 668 668 668 668 668 668 668 668 668 668 668 668 668 719 719 719 719 719 719 632 632 632 632 632 632 632 632 632 632 632 632 632 632 632 632 632 632 631 631 631
719 718 717 716 716 716 715 714 713 712 711 710 709 708 707 707 707 708 708 708 708 708 708 708 708 708 708 708 708 708 667 667 667 667 667 667 667 667 667 667 667 667 667 667 667 667 667 667 667 667 667 667 667 668 668 668 668 668 668 668 668 668 668 668 668 668 668 720 720 720 719 719 719 632 632 632 632 632 632 632 632 632 632 632 632 632 632 632 632 632 632 632 631 631
718 717 716 716 716 715 714 713 712 711 710 709 708 707 707 707 708 708 708 708 708 708 708 708 708 708 708 708 708 709 667 667 667 667 667 667 667 667 667 667 667 667 667 667 667 667 667 667 667 668 668 668 668 668 668 668 668 668 668 668 668 668 668 668 668 668 720 720 720 720 720 720 633 633 632 632 632 632 632 632 632 632 632 632 632 632 632 632 632 631 631 631 631 631
717 717 716 715 715 714 713 712 711 710 709 708 707 707 707 707 707 707 707 708 708 708 708 708 708 708 708 708 709 667 667 667 667 667 667 667 667 667 667 667 667 667 667 667 667 668 668 668 668 668 668 668 668 668 668 668 668 668 668 668 668 668 668 668 668 668 720 720 720 720 720 633 633 633 633 633 633 633 632 632 632 632 632 632 632 632 631 631 631 631 631 631 631 631
717 716 715 715 715 714 713 712 711 710 709 708 707 707 707 707 707 707 707 707 707 707 708 708 708 708 709 709 709 667 667 667 667 667 667 667 667 667 667 667 667 667 667 668 668 668 668 668 668 668 668 668 668 668 668 668 668 668 668 668 668 668 668 668 668 720 720 720 720 720 633 633 633 633 633 633 633 633 633 633 632 632 632 631 631 631 631 631 631 631 631 631 631 631
715 715 716 715 714 713 712 711 710 709 708 707 707 707 707 707 707 707 707 707 707 707 707 707 707 709 709 709 667 667 667 667 667 667 667 667 667 667 667 667 668 668 668 668 668 668 668 668 668 668 668 668 668 668 668 668 668 668 668 668 668 668 668 668 720 720 720 720 720 633 633 633 633 633 633 633 633 633 633 633 632 632 632 631 631 631 631 631 631 631 631 631 631 632
715 715 714 714 713 712 711 710 709 708 707 707 707 707 707 707 707 707 707 707 707 707 707 707 708 708 708 708 666 667 667 667 667 667 667 667 667 667 668 668 668 668 668 668 668 668 668 668 668 668 668 668 668 668 668 668 668 668 668 668 668 668 668 668 720 720 720 720 633 633 633 633 633 633 633 633 632 632 632 632 632 632 632 632 632 631 631 631 631 631 631 631 631 632
714 714 713 713 712 712 711 710 709 708 707 707 707 707 707 707 707 707 707 707 707 707 707 708 708 708 708 666 666 666 666 666 666 666 667 667 667 668 668 668 668 668 668 668 668 668 668 668 668 668 668 668 668 668 668 668 668 668 668 668 668 668 668 720 720 720 720 633 633 633 633 632 632 632 632 632 632 632 632 632 632 632 632 632 632 632 631 631 631 631 631 631 632 633
714 714 713 712 711 710 709 708 708 707 707 707 707 707 707 707 707 707 707 707 707 708 708 708 708 708 708 666 666 666 666 666 666 666 666 667 667 667 667 667 667 668 668 668 668 668 668 668 668 668 668 668 668 668 668 668 668 668 668 668 668 668 668 720 719 719 632 632 632 632 632 632 632 632 632 632 632 632 632 632 632 632 632 632 632 632 632 632 631 631 631 632 632 633
714 713 712 711 710 709 708 707 706 706 707 707 707 707 707 707 707 707 707 707 708 708 708 708 708 708 666 666 666 666 666 666 666 667 667 667 667 667 667 667 667 667 667 667 667 667 667 667 667 667 667 667 667 667 667 667 668 668 668 668 668 668 720 720 720 633 633 632 632 632 632 632 632 632 632 632 632 632 632 632 632 632 632 632 632 632 632 632 632 632 631 632 633 634
713 712 712 711 710 709 708 707 706 706 706 706 706 707 707 707 707 707 707 708 708 708 708 708 708 708 666 666 666 666 666 666 667 667 667 667 667 667 667 667 667 667 667 667 667 667 667 667 667 667 667 668 668 668 668 668 668 668 668 668 668 668 720 720 633 633 633 633 633 633 633 633 632 632 632 632 632 632 632 632 632 632 632 632 632 632 632 632 632 632 633 633 633 633
713 712 711 710 709 708 707 706 706 706 706 706 706 706 706 707 707 707 707 708 708 708 708 708 708 666 666 666 666 666 666 667 667 667 667 667 667 667 667 667 667 667 667 667 667 667 667 667 668 668 668 668 668 668 668 668 668 668 668 668 668 720 720 633 633 633 633 633 633 633 633 633 633 633 633 632 632 632 632 632 632 632 632 632 632 632 632 632 632 633 633 633 633 634
712 711 710 709 708 707 706 706 706 706 706 706 706 706 706 706 706 706 708 708 708 708 708 708 708 666 666 666 666 667 667 667 667 667 667 667 667 667 667 667 667 667 667 667 667 668 668 668 668 668 668 668 668 668 668 668 668 668 668 668 668 720 633 633 633 633 633 633 633 633 633 633 633 633 633 633 633 633 632 632 632 632 632 632 632 632 632 632 632 632 633 634 635 635
711 710 709 709 708 707 706 706 706 706 706 706 706 706 706 706 706 707 707 707 707 707 708 708 666 666 666 666 667 667 667 667 667 667 667 667 667 667 667 667 667 667 667 668 668 668 668 668 668 668 668 668 668 668 668 668 668 668 668 668 720 633 633 633 633 633 633 633 633 633 633 633 633 633 633 633 633 633 633 633 632 632 632 632 632 632 632 632 632 633 633 634 635 636
711 710 709 708 707 706 706 706 706 706 706 706 706 706 706 706 707 707 707 707 707 707 707 707 665 666 666 667 667 667 667 667 667 667 667 667 667 667 667 667 667 668 668 668 668 668 668 668 668 668 668 668 668 668 668 668 668 668 668 668 633 633 633 633 633 633 633 633 633 633 633 633 633 633 633 633 633 633 633 633 632 632 632 632 632 632 632 632 632 633 634 635 636 636
709 708 708 707 706 706 706 706 706 706 706 706 706 706 706 707 707 707 707 707 707 707 707 665 665 665 666 666 666 666 667 667 667 667 667 667 667 667 667 668 668 668 668 668 668 668 668 668 668 668 668 668 668 668 668 668 668 668 668 633 633 633 633 633 633 633 633 633 633 633 633 633 633 633 633 632 632 632 632 632 632 632 632 632 632 632 632 632 633 634 634 635 636 637
708 707 706 705 705 706 706 706 706 706 706 706 706 706 706 707 707 707 707 707 707 707 665 665 665 666 666 666 666 666 666 666 666 666 666 667 667 667 668 668 668 668 668 668 668 668 668 668 668 668 668 668 668 668 668 668 668 633 633 633 633 633 633 633 633 633 633 633 633 633 632 632 632 632 632 632 632 632 632 632 632 632 632 632 632 632 632 632 633 634 635 636 636 637
707 706 706 705 705 705 705 706 706 706 706 706 706 706 707 707 707 707 707 707 707 707 665 665 666 666 666 666 666 666 666 666 666 666 666 666 667 667 667 667 667 667 667 667 668 668 668 668 668 668 668 668 668 668 668 668 633 633 634 634 634 633 633 633 633 632 632 632 632 632 632 632 632 632 632 632 632 632 632 632 632 632 632 632 632 632 633 633 634 635 635 636 637 638
707 706 705 705 705 705 705 705 705 706 706 706 706 707 707 707 707 707 707 707 707 665 665 666 666 666 666 666 666 666 666 666 666 666 666 667 667 667 667 667 667 667 667 667 667 667 667 667 667 667 667 667 667 668 668 633 633 633 633 633 633 633 633 633 633 633 633 633 633 633 632 632 632 632 632 632 632 632 632 632 632 632 632 632 632 633 634 634 634 635 636 637 637 638
706 705 705 705 705 705 705 705 705 705 705 705 707 707 707 707 707 707 707 707 707 665 665 666 666 666 666 666 666 666 666 666 666 666 667 667 667 667 667 667 667 667 667 667 667 667 667 667 667 667 668 668 668 668 633 633 633 633 633 633 633 633 633 633 633 633 633 633 633 633 633 633 633 632 632 632 632 632 632 632 632 632 632 632 632 633 634 635 636 636 636 637 638 638
705 704 705 705 705 705 705 705 705 705 705 705 706 706 706 707 707 707 707 707 665 665 666 666 666 666 666 666 666 666 666 666 666 667 667 667 667 667 667 667 667 667 667 667 667 667 667 668 668 668 668 668 668 633 633 633 633 633 633 633 633 633 633 633 633 633 633 633 633 633 633 633 633 633 633 633 632 632 632 632 632 632 632 632 633 634 634 635 636 637 636 637 637 638
704 704 705 705 705 705 705 705 705 705 705 706 706 706 706 706 706 706 707 665 665 666 666 666 666 666 666 666 666 666 666 666 667 667 667 667 667 667 667 667 667 667 667 667 667 668 668 668 668 668 668 633 633 633 633 633 633 633 633 633 633 633 633 633 633 633 633 633 633 633 633 633 633 633 633 633 633 633 632 632 632 632 632 632 633 634 635 635 636 636 637 637 638 638
704 705 705 705 705 705 705 705 705 705 705 706 706 706 706 706 706 706 706 665 665 665 666 666 666 666 666 666 666 666 666 667 667 667 667 667 667 667 667 667 667 667 667 667 668 668 668 668 668 668 633 633 633 633 633 633 633 633 633 633 633 633 633 633 633 633 633 633 633 633 633 633 633 633 633 633 633 633 633 632 632 632 632 632 633 634 634 635 636 637 638 638 638 639
704 705 705 705 705 705 705 705 705 705 706 706 706 706 706 706 706 706 665 665 665 665 665 665 665 665 666 666 666 666 667 667 667 667 667 667 667 667 667 667 667 667 668 668 668 668 668 668 668 633 633 633 633 633 633 633 633 633 633 633 633 633 633 633 633 633 633 633 633 633 633 633 633 633 633 633 633 633 633 632 632 632 632 632 633 634 635 636 637 637 638 639 640 640
704 705 705 705 705 705 705 705 705 705 706 706 706 706 706 706 706 665 665 665 665 665 665 665 665 665 665 665 665 666 666 667 667 667 667 667 667 667 667 667 667 668 668 668 668 668 668 633 633 633 633 633 633 633 633 633 633 633 633 633 633 633 633 633 633 633 633 633 633 633 633 633 633 633 632 632 632 632 632 632 632 632 632 633 634 635 635 636 637 638 639 639 640 642
704 704 704 704 705 705 705 705 705 706 706 706 706 706 706 706 706 665 665 665 665 665 665 665 665 665 665 665 666 666 666 666 666 666 666 666 666 667 667 667 668 668 668 668 668 668 633 633 633 633 633 633 633 633 633 633 633 633 633 633 633 633 633 633 633 633 633 633 632 632 632 632 632 632 632 632 632 632 632 632 632 633 633 633 634 635 636 637 637 638 639 640 640 642
704 704 704 704 704 704 705 705 705 706 706 706 706 706 706 706 665 665 665 665 665 665 665 665 665 665 665 665 666 666 666 666 666 666 666 666 666 666 666 667 667 667 667 667 667 633 633 633 633 633 633 633 633 633 633 633 633 633 633 633 633 633 633 633 633 633 633 633 632 632 632 632 632 632 632 632 632 632 632 632 632 633 634 635 635 636 636 637 638 639 639 640 642 643
704 704 704 704 704 704 704 704 705 706 706 706 706 706 706 665 665 665 665 665 665 665 665 665 665 665 665 666 666 666 666 666 666 666 666 666 666 666 667 667 667 667 667 633 633 633 633 633 633 633 633 633 633 633 633 633 633 633 633 633 633 633 633 633 633 633 633 633 633 633 633 632 632 632 632 632 632 632 632 632 633 634 634 635 636 636 637 638 638 639 640 641 642 643
704 704 704 704 704 704 704 704 705 705 705 705 706 706 706 665 665 665 665 665 665 665 665 665 665 665 666 666 666 666 666 666 666 666 666 666 666 667 667 667 667 667 633 633 633 633 633 633 633 633 633 633 633 633 633 633 633 633 633 633 633 633 633 633 633 633 633 633 633 633 633 633 633 632 632 632 632 632 632 632 633 634 635 636 637 637 637 638 639 640 640 642 643 643
704 704 704 704 704 704 704 705 705 705 705 705 705 705 665 665 665 665 665 665 665 665 665 665 665 665 666 666 666 666 666 666 666 666 666 666 667 667 667 667 633 633 633 633 633 633 633 633 633 633 633 633 633 633 633 633 633 633 633 633 633 633 633 633 633 633 633 633 633 633 633 633 633 633 633 632 632 632 632 633 634 634 635 636 637 638 639 638 639 640 640 641 642 643
704 704 704 704 704 704 704 705 705 705 705 705 705 665 665 665 665 665 665 665 665 665 665 665 665 666 666 666 666 666 666 666 666 666 666 667 667 667 667 633 633 633 633 633 633 633 633 633 633 633 633 633 633 633 633 633 633 633 633 633 633 633 633 633 633 633 633 633 633 633 633 633 633 633 633 633 632 632 632 633 634 635 636 637 637 638 639 639 639 639 640 642 643 643
704 704 704 704 704 704 704 705 705 705 705 705 705 665 665 665 665 665 665 665 665 665 665 665 665 666 666 666 666 666 666 666 666 666 667 667 667 633 633 633 633 633 633 633 633 633 633 633 633 633 633 633 633 633 633 633 633 633 633 633 633 633 633 633 633 633 633 633 633 633 633 633 633 633 633 633 633 633 633 634 635 635 636 636 637 638 639 639 640 640 642 642 643 644
704 704 704 704 704 704 705 705 705 705 705 705 665 665 665 665 665 665 665 665 665 665 665 665 665 665 665 666 666 666 666 666 666 666 667 667 633 633 633 633 633 633 633 633 633 633 633 633 633 633 633 633 633 633 633 633 633 633 633 633 633 633 633 633 633 633 633 633 633 887 887 887 887 887 887 887 887 887 887 887 888 889 890 891 891 892 893 894 894 894 896 897 897 899
704 704 704 704 704 704 705 705 705 705 705 665 665 665 665 665 665 665 665 665 665 665 665 665 665 665 665 665 665 665 665 665 666 667 633 633 633 633 633 633 633 633 633 633 633 633 633 633 633 633 633 633 633 633 633 633 633 633 887 887 887 887 887 887 887 887 887 887 887 887 887 887 887 887 887 887 887 887 888 889 888 889 890 891 892 893 893 894 895 897 896 897 898 899
704 704 704 704 704 704 705 705 705 705 665 665 665 665 665 665 665 665 665 665 665 665 665 665 665 665 665 665 665 665 665 665 633 633 633 633 633 633 633 633 633 633 633 633 633 633 633 633 633 835 887 887 887 887 887 887 887 888 888 888 888 888 888 888 888 887 887 887 887 887 887 887 887 887 887 887 887 887 888 889 890 890 891 891 892 893 894 895 895 897 898 897 898 900
704 704 704 704 704 705 705 705 705 705 665 665 665 665 665 665 665 665 665 665 665 665 665 665 665 665 665 665 665 665 665 633 633 633 633 633 633 633 633 633 633 833 834 834 834 834 834 834 834 834 886 886 886 886 887 887 887 887 887 887 887 887 887 887 887 887 887 887 887 887 887 887 887 887 887 887 887 888 889 890 890 890 891 892 893 893 894 895 896 897 898 898 899 900
704 704 704 704 704 704 704 704 705 665 665 665 665 665 665 665 665 665 665 665 665 665 665 665 665 665 665 665 665 633 633 633 633 633 633 833 833 833 833 833 833 834 834 834 834 834 834 834 834 886 886 886 886 887 887 887 887 887 887 887 887 887 887 887 887 887 887 887 887 887 887 887 887 887 887 887 887 888 889 890 891 892 891 892 893 894 895 895 897 898 898 899 900 901
704 704 704 704 704 704 704 704 665 665 665 665 665 665 665 665 665 665 665 665 665 665 665 665 665 665 665 665 665 832 832 833 833 833 833 833 833 833 833 833 834 834 834 834 834 834 834 834 834 886 886 887 887 887 887 887 887 887 887 887 887 887 887 887 887 887 887 887 887 887 887 887 887 887 887 887 888 889 890 890 891 892 893 893 893 894 895 896 897 898 899 900 900 901
704 704 704 704 704 704 704 665 665 665 665 665 665 665 665 665 665 665 665 665 665 665 665 665 919 832 832 832 832 832 832 833 833 833 833 833 833 833 833 833 834 834 834 834 834 834 834 834 886 886 887 887 887 887 887 887 887 887 887 887 887 887 887 887 887 887 887 887 887 887 887 887 887 887 887 887 888 889 890 891 892 892 893 893 894 895 895 896 898 899 899 900 900 900
704 704 704 704 704 704 665 665 665 665 665 665 665 665 665 665 665 665 665 918 918 918 919 832 832 832 832 832 832 832 833 833 833 833 833 833 833 833 833 834 834 834 834 834 834 834 834 834 886 887 887 887 887 887 887 887 887 887 887 887 887 887 887 887 887 887 887 887 887 887 887 887 887 887 887 888 889 890 890 891 892 893 894 894 894 895 895 897 897 898 899 900 901 901
