testData/tiles/oneDegreeCosts/grid19.0-36.0-20.0-37.0.asc
ncols   200
nrows   200
xllcorner   19.0
yllcorner   36.0
cellsize   0.005
NODATA_value   -9999.0
[rows 152 to 189 of 200, columns 0 to 83 of 200]
1204 1204 1204 1204 1203 1202 1202 1202 1202 1201 1201 1201 1201 1199 1199 1199 1198 1198 1197 1196 1196 1196 1195 1201 1201 1200 1199 1198 1198 1197 1197 1196 1195 1195 1194 1194 1192 1191 1191 1190 1189 1189 1188 1188 1186 1186 1185 1183 1183 1181 1181 1180 1179 1180 1178 1177 1177 1177 1175 1175 1175 1174 1172 1172 1172 1170 1169 1170 1127 1126 1125 1125 1125 1123 1122 1123 1122 1120 1120 1118 1118 1119 1117 1115
1204 1204 1204 1203 1203 1202 1202 1202 1201 1201 1201 1201 1200 1199 1199 1199 1198 1198 1197 1196 1196 1196 1195 1201 1200 1199 1199 1198 1197 1197 1196 1196 1195 1194 1194 1192 1192 1192 1190 1190 1189 1188 1188 1186 1186 1185 1185 1183 1183 1182 1180 1179 1179 1179 1178 1177 1177 1176 1176 1175 1174 1173 1173 1172 1171 1170 1169 1169 1127 1126 1126 1125 1123 1123 1122 1122 1122 1120 1119 1119 1118 1117 1116 1115
1203 1204 1203 1203 1202 1202 1202 1202 1202 1200 1201 1200 1199 1199 1199 1199 1198 1198 1198 1196 1196 1195 1195 1195 1199 1200 1198 1198 1198 1197 1197 1195 1195 1194 1193 1192 1192 1191 1191 1189 1189 1188 1188 1186 1186 1185 1184 1184 1182 1181 1180 1180 1179 1178 1178 1177 1177 1176 1175 1174 1174 1173 1172 1172 1170 1170 1169 1168 1125 1126 1124 1125 1123 1122 1122 1122 1120 1120 1119 1118 1117 1116 1116 1116
1203 1203 1203 1203 1202 1202 1202 1202 1200 1200 1200 1200 1199 1199 1199 1198 1198 1198 1197 1197 1196 1195 1195 1194 1200 1199 1198 1198 1197 1197 1196 1195 1195 1194 1193 1192 1192 1191 1191 1189 1189 1188 1187 1187 1185 1184 1184 1183 1182 1182 1180 1179 1178 1179 1178 1177 1177 1176 1174 1174 1174 1173 1171 1171 1171 1170 1168 1168 1125 1125 1124 1124 1124 1122 1121 1121 1120 1119 1119 1118 1116 1115 1116 1115
1203 1203 1203 1203 1202 1202 1202 1202 1200 1200 1200 1200 1199 1199 1199 1198 1198 1197 1197 1196 1196 1195 1194 1194 1199 1199 1198 1198 1197 1196 1195 1195 1194 1193 1193 1192 1191 1191 1190 1190 1188 1187 1187 1186 1185 1185 1183 1182 1182 1181 1180 1178 1178 1178 1177 1177 1176 1175 1174 1174 1173 1172 1172 1172 1170 1169 1170 1168 1125 1124 1125 1124 1122 1122 1121 1120 1121 1119 1117 1117 1117 1115 1114 1115
1203 1203 1203 1202 1202 1202 1202 1201 1200 1200 1200 1199 1199 1199 1198 1198 1198 1198 1196 1196 1195 1195 1195 1193 1193 1198 1198 1198 1197 1196 1195 1195 1194 1194 1193 1193 1191 1190 1190 1189 1188 1188 1186 1185 1185 1184 1183 1182 1182 1180 1180 1179 1178 1178 1177 1176 1176 1175 1174 1174 1173 1173 1171 1171 1170 1169 1169 1168 1124 1124 1124 1124 1122 1121 1122 1120 1119 1119 1118 1117 1116 1115 1114 1114
1203 1203 1203 1202 1202 1202 1201 1200 1200 1200 1200 1199 1199 1198 1198 1198 1198 1196 1196 1196 1195 1195 1194 1193 1193 1198 1198 1197 1196 1196 1195 1194 1194 1193 1193 1192 1191 1191 1189 1188 1188 1187 1186 1185 1185 1184 1184 1182 1181 1181 1179 1179 1178 1177 1177 1176 1176 1175 1173 1174 1173 1171 1172 1170 1170 1169 1168 1167 1124 1123 1124 1123 1123 1121 1120 1120 1118 1118 1118 1117 1115 1114 1114 1114
1203 1203 1202 1202 1201 1201 1201 1200 1200 1200 1200 1199 1199 1199 1198 1198 1197 1196 1196 1196 1195 1195 1193 1193 1193 1198 1198 1197 1197 1195 1195 1194 1193 1193 1192 1191 1191 1190 1189 1188 1188 1187 1187 1185 1184 1184 1182 1182 1181 1180 1179 1178 1179 1177 1176 1177 1175 1175 1173 1173 1173 1171 1171 1171 1169 1168 1169 1125 1124 1122 1122 1123 1121 1121 1120 1118 1118 1118 1117 1116 1115 1114 1114 1112
1203 1202 1202 1201 1201 1201 1201 1200 1200 1200 1199 1199 1199 1198 1198 1197 1197 1196 1196 1195 1195 1194 1194 1193 1192 1192 1197 1197 1196 1195 1195 1194 1194 1192 1192 1191 1191 1189 1189 1188 1187 1187 1185 1185 1184 1183 1182 1181 1181 1179 1179 1178 1177 1177 1176 1175 1175 1174 1174 1173 1172 1172 1171 1169 1169 1168 1168 1124 1123 1124 1122 1122 1121 1121 1121 1119 1117 1117 1117 1116 1115 1113 1113 1112
1202 1203 1201 1201 1201 1201 1200 1200 1200 1200 1199 1199 1198 1198 1197 1197 1196 1196 1196 1195 1194 1194 1194 1194 1192 1192 1197 1196 1195 1195 1194 1194 1192 1192 1191 1191 1190 1190 1188 1187 1187 1186 1185 1185 1184 1182 1182 1181 1180 1180 1178 1177 1177 1176 1176 1175 1175 1174 1173 1173 1172 1170 1171 1169 1168 1168 1167 1124 1123 1123 1122 1121 1120 1121 1119 1118 1117 1117 1117 1115 1114 1113 1112 1112
1202 1202 1201 1201 1201 1201 1200 1200 1200 1199 1199 1199 1199 1197 1197 1197 1196 1196 1196 1195 1195 1194 1194 1193 1192 1192 1196 1197 1195 1195 1194 1194 1192 1192 1191 1190 1190 1189 1188 1188 1186 1185 1185 1184 1183 1183 1182 1180 1180 1179 1178 1177 1177 1176 1175 1176 1174 1173 1173 1172 1172 1170 1170 1170 1168 1167 1166 1124 1123 1122 1121 1121 1120 1119 1119 1117 1117 1117 1116 1115 1113 1113 1113 1111
1202 1201 1201 1201 1201 1201 1200 1200 1199 1199 1199 1199 1198 1197 1197 1197 1196 1196 1195 1195 1194 1194 1193 1192 1192 1191 1191 1196 1195 1195 1194 1193 1193 1192 1191 1191 1189 1188 1188 1187 1186 1185 1185 1183 1183 1182 1181 1181 1179 1178 1178 1178 1177 1175 1175 1175 1174 1173 1173 1172 1171 1171 1170 1168 1168 1168 1166 1123 1122 1122 1121 1120 1120 1119 1118 1118 1116 1116 1114 1114 1114 1113 1111 1111
1202 1201 1201 1201 1201 1200 1200 1200 1200 1199 1199 1198 1197 1197 1197 1196 1196 1195 1195 1194 1194 1193 1193 1192 1192 1191 1190 1195 1195 1194 1193 1193 1192 1191 1191 1189 1189 1188 1188 1187 1187 1185 1184 1184 1182 1182 1181 1180 1179 1178 1178 1177 1176 1176 1175 1174 1174 1173 1172 1171 1171 1170 1170 1168 1167 1167 1166 1122 1122 1122 1121 1119 1118 1120 1118 1116 1116 1115 1115 1114 1113 1113 1111 1109
1202 1201 1201 1201 1200 1200 1200 1200 1199 1199 1198 1198 1197 1197 1197 1196 1196 1196 1195 1195 1193 1193 1192 1192 1192 1191 1190 1195 1195 1194 1194 1192 1192 1191 1191 1189 1189 1188 1187 1187 1185 1185 1184 1183 1182 1181 1181 1179 1179 1178 1177 1177 1176 1175 1175 1174 1173 1172 1172 1171 1170 1170 1169 1169 1167 1166 1123 1123 1121 1121 1120 1119 1118 1118 1118 1116 1115 1115 1114 1113 1112 1112 1112 1110
1201 1201 1201 1201 1201 1200 1200 1199 1199 1198 1198 1198 1197 1197 1197 1196 1196 1195 1195 1194 1193 1193 1192 1192 1191 1190 1189 1189 1194 1194 1193 1192 1191 1191 1190 1190 1188 1187 1187 1186 1185 1184 1184 1182 1182 1181 1180 1180 1178 1177 1177 1176 1176 1175 1175 1174 1172 1172 1172 1171 1169 1169 1169 1167 1166 1166 1123 1122 1122 1120 1120 1118 1119 1118 1116 1116 1115 1114 1113 1112 1113 1112 1110 1109
1201 1201 1201 1201 1200 1200 1200 1200 1198 1198 1198 1197 1197 1197 1196 1196 1195 1195 1194 1193 1193 1193 1192 1192 1191 1191 1189 1189 1194 1193 1192 1192 1191 1190 1190 1189 1189 1188 1186 1185 1185 1184 1183 1183 1181 1180 1180 1179 1178 1177 1176 1176 1175 1175 1174 1173 1173 1172 1171 1170 1170 1169 1167 1167 1166 1166 1123 1121 1121 1120 1119 1118 1118 1118 1117 1115 1115 1114 1113 1112 1111 1111 1110 1108
1201 1200 1201 1200 1200 1200 1200 1199 1198 1198 1198 1197 1197 1196 1196 1196 1196 1194 1194 1193 1193 1192 1192 1191 1191 1190 1189 1189 1193 1193 1192 1192 1191 1191 1189 1189 1188 1187 1187 1185 1185 1183 1183 1182 1181 1181 1179 1178 1178 1177 1175 1175 1175 1173 1174 1173 1172 1172 1170 1170 1169 1169 1167 1166 1167 1165 1122 1122 1121 1120 1118 1117 1118 1116 1116 1115 1114 1114 1112 1112 1110 1110 1109 1108
1200 1200 1200 1201 1200 1200 1199 1199 1198 1198 1198 1197 1197 1197 1196 1196 1194 1194 1194 1193 1193 1192 1191 1191 1190 1189 1189 1188 1187 1192 1192 1191 1191 1190 1190 1188 1188 1187 1185 1185 1184 1184 1182 1181 1181 1180 1179 1178 1177 1176 1176 1175 1174 1173 1173 1173 1171 1171 1171 1169 1168 1168 1168 1166 1165 1165 1122 1121 1120 1119 1118 1117 1116 1116 1114 1114 1114 1113 1112 1110 1110 1111 1109 1108
1200 1200 1200 1199 1200 1199 1199 1198 1198 1198 1197 1197 1197 1196 1196 1195 1194 1194 1193 1193 1193 1192 1192 1190 1190 1189 1189 1187 1187 1192 1192 1191 1190 1190 1189 1188 1187 1187 1185 1185 1184 1182 1182 1181 1181 1179 1178 1178 1176 1176 1176 1175 1173 1173 1173 1171 1171 1171 1169 1169 1168 1168 1166 1166 1165 1164 1121 1120 1120 1119 1118 1117 1116 1115 1115 1114 1114 1112 1111 1111 1110 1109 1108 1107
1200 1200 1200 1199 1199 1199 1199 1198 1198 1198 1197 1197 1196 1196 1195 1195 1194 1194 1193 1193 1192 1192 1191 1190 1190 1189 1188 1188 1187 1186 1192 1190 1190 1189 1188 1188 1187 1186 1186 1184 1183 1183 1182 1181 1180 1180 1178 1177 1177 1175 1175 1174 1174 1172 1172 1172 1170 1171 1169 1168 1168 1167 1166 1165 1166 1122 1120 1119 1120 1119 1117 1116 1117 1115 1113 1112 1113 1112 1111 1109 1109 1108 1108 1106
1200 1200 1199 1199 1199 1199 1199 1198 1198 1197 1197 1197 1197 1195 1195 1194 1194 1194 1193 1192 1192 1191 1190 1190 1189 1188 1188 1187 1186 1186 1190 1191 1189 1189 1188 1187 1186 1186 1185 1184 1183 1182 1181 1180 1180 1178 1178 1177 1175 1175 1175 1174 1173 1173 1172 1171 1170 1170 1170 1168 1167 1166 1166 1165 1164 1121 1121 1119 1119 1117 1116 1116 1115 1114 1113 1112 1113 1111 1111 1109 1108 1107 1106 1107
1200 1199 1199 1199 1199 1198 1198 1197 1197 1197 1197 1197 1195 1195 1195 1194 1194 1193 1193 1193 1191 1191 1190 1190 1189 1189 1188 1188 1186 1185 1191 1190 1189 1188 1188 1187 1187 1185 1184 1184 1183 1182 1181 1180 1179 1178 1177 1177 1175 1174 1175 1173 1172 1173 1172 1170 1169 1170 1168 1167 1167 1166 1165 1164 1164 1121 1119 1120 1118 1118 1116 1116 1115 1113 1113 1112 1112 1111 1109 1108 1109 1107 1106 1105
1200 1200 1199 1199 1199 1199 1197 1197 1197 1196 1197 1196 1195 1195 1195 1194 1194 1193 1193 1191 1191 1190 1190 1190 1189 1188 1188 1186 1186 1185 1184 1189 1189 1188 1187 1187 1185 1185 1184 1184 1182 1181 1181 1179 1178 1178 1177 1176 1176 1174 1173 1173 1172 1172 1171 1171 1169 1168 1168 1167 1167 1166 1164 1163 1163 1121 1119 1118 1118 1117 1116 1115 1114 1114 1112 1112 1110 1110 1110 1108 1108 1106 1104 1104
1200 1199 1199 1199 1199 1198 1197 1197 1197 1196 1196 1196 1195 1195 1194 1194 1193 1193 1192 1191 1191 1190 1190 1189 1188 1188 1187 1186 1186 1184 1184 1189 1188 1187 1187 1186 1185 1185 1184 1183 1183 1181 1179 1179 1178 1177 1176 1176 1174 1174 1174 1172 1172 1171 1171 1170 1169 1168 1167 1167 1166 1165 1164 1163 1163 1119 1118 1119 1117 1116 1115 1116 1114 1112 1111 1111 1110 1110 1108 1107 1107 1106 1104 1103
1199 1200 1198 1199 1198 1197 1197 1197 1196 1196 1195 1195 1195 1195 1194 1193 1193 1192 1192 1191 1191 1190 1190 1189 1189 1187 1187 1186 1185 1184 1183 1189 1188 1188 1186 1185 1185 1184 1183 1183 1181 1181 1180 1178 1178 1176 1176 1175 1174 1173 1174 1172 1171 1172 1170 1169 1169 1169 1167 1165 1166 1165 1164 1163 1162 1120 1118 1118 1117 1115 1115 1114 1113 1112 1110 1111 1109 1108 1108 1107 1106 1105 1104 1103
1199 1198 1198 1198 1198 1197 1197 1197 1196 1196 1196 1195 1195 1194 1193 1193 1192 1192 1191 1191 1190 1190 1189 1189 1187 1187 1186 1186 1184 1184 1183 1182 1188 1186 1186 1185 1185 1183 1183 1182 1181 1180 1180 1178 1177 1177 1175 1174 1174 1173 1172 1172 1171 1170 1170 1168 1169 1167 1167 1165 1165 1164 1163 1163 1120 1118 1118 1117 1117 1115 1114 1114 1112 1112 1110 1110 1109 1107 1107 1107 1106 1105 1103 1102
1199 1198 1198 1198 1198 1197 1197 1197 1196 1196 1195 1195 1194 1193 1193 1193 1192 1192 1191 1191 1190 1189 1189 1188 1187 1187 1186 1185 1184 1183 1182 1182 1187 1186 1186 1185 1184 1184 1182 1181 1181 1180 1179 1179 1177 1175 1175 1174 1173 1172 1172 1171 1170 1170 1169 1168 1168 1167 1166 1164 1165 1163 1163 1162 1120 1118 1117 1117 1116 1115 1113 1112 1112 1111 1110 1109 1108 1108 1106 1107 1105 1103 1102 1101
1198 1198 1198 1198 1197 1197 1197 1196 1196 1195 1195 1194 1194 1193 1193 1192 1192 1191 1191 1190 1189 1189 1188 1188 1187 1186 1185 1184 1184 1183 1183 1181 1180 1186 1185 1184 1184 1182 1182 1181 1180 1179 1179 1177 1176 1175 1174 1174 1172 1172 1172 1171 1169 1169 1169 1167 1167 1167 1166 1164 1164 1164 1162 1162 1118 1117 1117 1116 1115 1114 1114 1113 1111 1110 1109 1109 1108 1106 1105 1105 1105 1103 1102 1101
1198 1198 1198 1197 1197 1196 1196 1196 1196 1196 1194 1194 1193 1193 1192 1192 1191 1191 1190 1189 1189 1188 1187 1187 1186 1185 1185 1184 1183 1183 1181 1181 1180 1186 1184 1184 1183 1182 1181 1181 1179 1179 1178 1177 1175 1175 1174 1173 1173 1171 1171 1170 1170 1169 1167 1167 1167 1166 1164 1164 1164 1162 1161 1161 1119 1117 1116 1115 1114 1114 1112 1112 1111 1109 1109 1108 1107 1106 1104 1104 1104 1103 1101 1101
1197 1198 1198 1198 1196 1196 1196 1195 1196 1195 1194 1194 1193 1193 1193 1192 1192 1190 1190 1189 1189 1188 1188 1186 1186 1185 1184 1183 1183 1182 1181 1181 1180 1184 1185 1183 1182 1182 1181 1180 1180 1178 1177 1177 1176 1174 1173 1173 1171 1172 1170 1170 1168 1169 1168 1166 1166 1165 1164 1164 1163 1162 1160 1161 1117 1117 1115 1116 1114 1112 1112 1111 1111 1109 1107 1108 1106 1105 1104 1103 1104 1102 1101 1100
1197 1197 1198 1196 1196 1196 1195 1195 1195 1194 1194 1194 1193 1193 1192 1192 1190 1190 1189 1189 1188 1188 1186 1186 1185 1185 1184 1184 1182 1181 1181 1180 1179 1179 1183 1183 1182 1181 1180 1180 1178 1178 1177 1176 1175 1174 1173 1172 1171 1171 1170 1169 1168 1168 1168 1166 1165 1165 1164 1164 1162 1162 1160 1118 1117 1115 1115 1115 1114 1112 1111 1111 1110 1109 1107 1106 1106 1105 1104 1103 1101 1101 1100 1101
1197 1197 1197 1196 1196 1196 1195 1195 1194 1194 1193 1192 1193 1192 1192 1191 1190 1190 1189 1188 1188 1187 1186 1186 1185 1184 1184 1183 1183 1181 1181 1179 1179 1178 1183 1182 1182 1181 1181 1179 1178 1177 1177 1175 1174 1174 1172 1171 1171 1171 1169 1168 1168 1168 1166 1165 1166 1164 1163 1163 1163 1161 1160 1117 1116 1116 1114 1114 1112 1112 1112 1110 1109 1107 1107 1107 1105 1104 1102 1102 1101 1101 1100 1099
1197 1197 1196 1196 1196 1195 1195 1195 1195 1193 1193 1192 1192 1192 1191 1191 1190 1190 1189 1189 1187 1187 1186 1185 1185 1184 1183 1183 1182 1181 1180 1180 1178 1177 1177 1182 1181 1181 1179 1179 1178 1177 1176 1176 1174 1173 1172 1171 1170 1169 1169 1168 1167 1166 1166 1165 1164 1163 1162 1163 1161 1160 1159 1118 1116 1114 1113 1113 1113 1111 1111 1109 1108 1108 1107 1106 1104 1102 1102 1102 1101 1099 1098 1099
1197 1196 1196 1195 1195 1195 1195 1195 1193 1193 1193 1192 1192 1191 1191 1190 1190 1189 1189 1187 1187 1186 1186 1185 1185 1183 1183 1182 1181 1181 1180 1179 1179 1177 1177 1181 1181 1180 1179 1178 1177 1176 1176 1174 1174 1172 1172 1171 1169 1169 1168 1168 1167 1167 1165 1165 1164 1163 1162 1161 1161 1159 1159 1116 1116 1114 1114 1113 1111 1111 1110 1109 1108 1106 1106 1105 1104 1103 1101 1101 1099 1099 1098 1098
1196 1197 1195 1195 1195 1194 1195 1194 1193 1193 1192 1192 1192 1191 1191 1190 1189 1189 1188 1187 1187 1186 1186 1185 1184 1184 1182 1182 1181 1180 1179 1179 1178 1177 1176 1176 1180 1179 1179 1178 1176 1176 1175 1174 1173 1173 1171 1169 1169 1169 1168 1167 1167 1166 1165 1164 1164 1163 1161 1161 1160 1159 1158 1116 1114 1114 1113 1112 1111 1109 1110 1108 1107 1106 1105 1105 1103 1102 1101 1100 1099 1098 1097 1097
1196 1196 1195 1195 1195 1194 1194 1194 1193 1193 1192 1192 1191 1191 1190 1189 1190 1188 1188 1187 1186 1186 1185 1184 1184 1183 1182 1181 1181 1180 1180 1178 1177 1177 1176 1174 1180 1179 1178 1177 1177 1175 1174 1174 1173 1171 1170 1170 1168 1168 1167 1167 1166 1165 1164 1164 1163 1162 1161 1161 1160 1158 1115 1115 1115 1113 1112 1111 1110 1109 1109 1108 1106 1105 1105 1104 1103 1101 1101 1099 1098 1098 1096 1097
1196 1195 1195 1195 1195 1194 1193 1193 1193 1193 1192 1191 1191 1190 1189 1189 1188 1188 1187 1187 1186 1186 1185 1185 1183 1182 1182 1181 1180 1180 1178 1178 1177 1176 1175 1174 1179 1179 1177 1177 1175 1175 1174 1173 1172 1171 1170 1169 1168 1167 1167 1165 1166 1164 1164 1162 1162 1161 1161 1160 1158 1157 1115 1115 1113 1112 1111 1111 1110 1108 1108 1107 1107 1105 1104 1103 1101 1100 1100 1100 1098 1096 1095 1095
1195 1195 1195 1195 1194 1194 1194 1193 1193 1191 1191 1192 1190 1190 1189 1189 1188 1188 1187 1187 1186 1185 1185 1183 1183 1182 1181 1180 1180 1179 1178 1177 1177 1175 1175 1174 1173 1177 1177 1176 1175 1174 1174 1172 1171 1170 1170 1168 1167 1167 1166 1165 1165 1164 1163 1162 1162 1161 1159 1160 1158 1157 1114 1113 1113 1112 1112 1110 1108 1107 1108 1107 1105 1104 1103 1102 1102 1100 1100 1098 1097 1095 1095 1095
