testData/tiles/oneDegreeCosts/grid8.0-10.0-9.0-11.0.asc
ncols   200
nrows   200
xllcorner   8.0
yllcorner   10.0
cellsize   0.005
NODATA_value   -9999.0
[rows 42 to 83 of 200, columns 94 to 187 of 200]
644 643 644 644 644 644 644 644 644 644 645 645 647 646 648 648 648 649 649 650 650 651 651 652 653 653 653 653 654 655 655 656 657 657 657 658 658 659 659 659 660 660 660 661 661 661 662 662 662 663 663 663 663 663 664 664 664 665 665 665 665 666 666 666 666 666 667 667 667 667 667 667 668 667 667 668 668 668 723 723 723 723 723 723 723 723 723 723 723 723 723 723 723 722
645 644 644 645 644 645 645 644 645 645 645 645 645 646 646 648 648 648 650 650 651 650 651 652 652 653 654 653 654 655 655 656 656 656 657 658 658 658 659 659 659 660 660 662 661 661 663 662 662 663 663 663 664 663 664 665 664 664 666 665 666 666 665 667 667 666 666 666 667 667 667 667 667 667 668 668 668 723 723 723 723 723 723 724 723 723 723 723 723 723 723 723 723 722
644 644 644 645 644 644 645 645 646 646 645 646 645 647 647 647 648 648 649 649 650 650 651 652 652 652 653 654 655 655 655 656 657 656 657 658 658 658 659 659 659 659 660 660 661 661 661 662 662 662 662 663 663 663 663 664 664 664 664 665 665 665 665 666 666 667 667 666 667 668 667 668 668 667 668 668 723 723 724 723 723 724 723 723 723 724 724 723 723 724 723 723 723 723
644 644 645 645 645 645 645 645 645 645 645 646 645 645 647 647 649 649 649 650 650 651 651 652 652 653 653 653 654 655 655 655 656 656 657 657 657 658 658 659 660 659 661 661 661 662 662 662 663 663 662 663 664 663 664 664 664 665 664 664 666 665 665 666 666 666 667 666 666 667 667 667 668 667 667 722 722 722 723 723 723 723 723 723 723 723 723 723 723 723 722 723 723 722
644 644 645 645 645 646 645 646 646 645 646 646 646 646 646 647 647 649 649 649 650 650 651 652 652 653 654 654 655 654 655 656 655 656 657 657 658 658 658 659 659 659 659 661 661 661 662 662 662 663 662 662 663 663 663 663 663 665 665 665 665 665 666 666 666 666 666 667 667 667 667 667 667 668 723 723 722 723 722 722 724 723 723 723 723 723 723 722 723 723 722 723 724 723
644 645 645 645 645 646 645 645 646 645 646 646 646 646 647 648 648 649 649 649 650 650 651 651 652 653 653 653 654 654 654 655 655 656 657 657 657 659 658 659 660 660 660 661 661 661 661 662 662 662 663 663 663 663 664 663 664 664 664 665 665 665 665 666 666 666 666 666 667 667 667 667 667 721 722 722 722 722 722 722 722 722 723 723 722 722 723 722 722 722 722 722 722 722
731 732 731 645 645 645 646 646 646 646 646 646 646 647 647 647 648 648 648 649 649 650 651 651 652 653 653 654 654 654 655 655 656 656 657 657 657 658 658 658 659 659 660 660 660 661 661 661 662 662 662 663 663 663 663 664 664 665 664 664 666 665 665 666 666 666 667 666 666 666 667 667 721 722 722 722 723 723 722 722 723 722 722 722 722 723 723 723 723 723 722 722 722 722
732 732 732 732 733 645 645 646 646 646 646 646 646 647 647 647 648 648 648 650 649 650 651 651 652 652 652 653 654 654 654 655 655 656 656 656 658 657 658 659 659 659 660 660 660 661 661 661 661 662 662 662 663 663 663 663 664 664 664 664 664 665 665 665 665 665 665 666 666 666 666 667 721 721 722 722 722 722 722 722 722 722 722 722 722 722 722 722 722 722 722 722 721 721
732 732 732 732 733 733 733 647 646 646 647 646 647 647 647 647 647 648 648 649 649 649 650 650 652 653 653 653 653 654 655 655 655 656 656 656 657 657 657 658 658 659 659 659 660 660 660 661 661 661 662 662 662 662 663 663 664 664 664 665 664 664 666 665 665 666 665 666 666 666 666 721 721 722 722 722 722 722 721 722 722 722 722 722 722 722 721 722 722 721 721 722 721 722
732 732 732 733 732 732 733 732 733 733 646 646 646 646 647 647 647 647 649 648 649 650 650 651 651 651 652 653 653 653 654 654 655 655 655 656 656 657 658 658 658 659 660 659 660 661 660 661 662 661 661 663 662 662 662 663 663 663 663 664 664 664 664 664 665 665 665 665 665 665 721 721 721 721 721 721 721 722 721 721 721 721 721 721 722 722 721 721 721 721 721 721 721 721
732 732 732 732 732 733 734 733 733 734 733 734 647 646 647 647 647 647 648 648 648 649 649 650 651 652 652 653 653 654 655 654 655 656 655 656 657 656 657 658 658 658 659 659 659 659 660 660 660 661 661 661 662 662 662 662 663 663 663 664 664 665 665 664 665 666 665 665 666 720 720 722 721 721 721 721 721 721 722 722 721 721 722 721 721 721 721 722 722 721 722 722 721 721
732 732 733 732 733 733 733 733 733 734 733 733 734 733 733 648 647 648 648 648 649 650 650 650 651 651 652 652 652 653 654 654 654 654 655 655 655 656 656 658 658 659 658 659 660 659 660 661 660 661 662 661 661 663 662 662 663 663 663 664 663 663 665 664 664 664 664 665 719 720 720 720 720 721 721 721 721 720 720 720 721 721 721 721 721 721 721 721 721 720 721 721 721 721
732 732 732 732 732 733 733 733 734 734 734 734 734 734 734 734 734 648 648 648 649 649 649 650 650 650 651 652 653 654 653 654 655 654 655 656 655 657 657 657 658 658 658 658 659 659 659 660 660 660 661 661 661 661 662 662 662 662 663 663 663 663 663 663 664 664 664 720 720 720 721 720 720 720 721 721 721 720 721 721 720 721 722 721 721 721 721 721 720 720 720 719 719 719
787 788 788 733 733 733 733 733 734 734 734 734 734 734 734 734 734 735 734 648 649 649 649 650 650 651 651 651 652 653 653 653 654 654 654 656 655 655 657 657 657 658 658 658 659 659 660 660 660 661 661 660 662 661 661 663 662 662 663 662 663 663 663 663 664 664 664 719 719 719 720 719 720 720 719 720 721 720 720 721 720 720 720 720 720 720 720 721 720 720 720 719 720 720
787 787 787 787 788 787 787 788 787 789 789 788 789 789 789 789 734 735 734 735 735 649 649 650 650 650 651 651 652 652 652 654 654 654 655 655 656 656 656 657 657 657 658 658 658 658 659 659 659 660 660 660 660 661 661 661 661 662 662 662 662 663 663 663 663 663 719 719 719 719 719 719 719 720 719 719 719 719 719 719 719 720 719 719 719 719 719 719 719 720 720 719 719 719
787 787 788 788 788 788 788 789 788 788 789 788 789 789 789 789 789 788 789 789 789 790 791 791 705 705 651 651 652 652 652 653 653 653 655 655 655 656 656 656 657 657 657 658 658 658 658 658 659 659 660 661 661 660 662 662 661 661 663 662 662 663 663 663 664 718 718 718 719 719 718 719 719 718 719 720 719 719 719 719 719 720 719 720 720 719 719 720 719 719 719 719 719 720
788 787 787 788 787 788 788 788 788 788 788 788 788 790 789 789 790 789 790 790 789 790 790 790 791 792 705 706 706 706 707 707 707 708 708 655 655 655 656 656 657 657 657 658 658 658 659 658 659 660 659 660 661 660 660 661 661 661 661 662 662 661 662 662 717 718 718 718 718 719 718 718 718 718 718 718 719 719 719 719 719 719 719 719 720 719 719 719 719 719 719 718 718 718
788 787 787 787 787 787 789 788 788 789 788 789 789 789 789 789 789 789 789 789 789 789 789 790 790 790 792 793 706 706 707 707 707 709 708 708 710 709 709 711 710 711 657 657 657 658 658 658 658 658 659 659 659 659 660 660 660 661 661 661 661 661 661 718 717 717 718 718 718 718 718 719 719 718 719 719 718 718 720 719 719 719 719 719 719 718 719 719 719 719 718 719 719 718
788 788 788 787 788 788 788 788 788 788 788 788 789 789 789 789 789 790 790 789 790 790 789 790 791 791 791 792 792 793 707 707 707 707 708 708 708 709 709 709 710 710 710 711 712 713 713 713 713 658 659 659 659 659 660 660 660 660 661 661 661 661 717 717 716 717 717 717 718 718 717 717 718 718 718 718 718 718 717 718 719 718 718 718 718 718 718 717 718 718 717 717 718 718
788 788 788 787 787 788 788 788 788 788 789 789 788 789 789 788 789 789 789 789 789 790 789 789 790 790 791 792 792 792 793 792 708 708 708 709 709 708 710 710 709 711 711 710 712 712 711 713 713 712 713 714 713 714 714 660 660 660 660 661 661 661 715 716 716 716 716 716 716 716 717 717 717 717 717 717 717 718 717 717 717 717 717 718 717 718 718 717 717 717 717 717 717 717
788 788 787 787 788 788 788 788 789 788 788 789 788 788 789 788 789 789 789 789 789 789 789 790 789 790 791 791 792 792 792 793 793 794 708 708 708 708 708 709 709 709 710 710 710 711 711 711 711 712 712 712 713 713 713 713 714 715 715 715 661 716 716 716 716 717 716 717 717 716 716 718 717 717 717 717 717 718 717 718 718 717 717 718 717 717 717 718 718 718 717 717 718 717
789 788 788 788 788 788 788 788 788 788 788 788 788 788 788 788 789 790 789 789 790 789 789 790 789 790 790 790 791 792 791 792 793 793 794 794 708 708 708 708 709 709 709 711 711 710 712 712 711 712 713 712 713 714 713 714 714 714 715 715 769 769 771 770 770 771 716 716 716 716 716 716 716 717 717 716 717 717 716 716 717 717 717 717 716 717 716 716 716 716 716 717 716 716
789 788 788 788 788 788 788 788 788 788 789 788 788 789 788 789 789 789 789 789 789 789 789 789 789 789 789 790 790 791 791 792 794 793 793 795 794 794 709 708 708 710 709 709 711 710 710 712 711 711 712 712 712 713 712 713 714 713 713 769 769 769 769 770 770 770 769 770 770 770 771 716 716 716 716 716 716 716 716 716 716 716 716 716 716 716 716 716 716 716 716 716 716 716
789 789 788 788 788 788 788 788 788 788 788 788 788 788 788 788 789 789 789 789 789 789 789 789 790 790 789 790 791 790 791 792 791 793 793 793 794 794 793 795 708 708 709 709 709 710 710 710 710 711 711 711 712 712 712 712 712 713 769 768 769 770 769 769 769 770 770 770 770 770 770 770 771 771 770 716 716 716 716 716 716 716 716 716 716 716 716 716 716 716 717 717 716 716
790 790 790 789 788 788 788 788 788 788 788 788 788 788 788 788 788 789 789 788 789 789 788 789 789 790 789 789 790 790 790 791 791 791 793 793 793 794 793 793 795 794 709 710 709 709 711 710 710 711 711 711 712 712 712 712 712 713 768 768 768 768 769 769 769 769 769 770 769 769 770 769 769 770 770 770 770 769 770 770 716 716 716 716 716 716 716 716 716 716 716 717 716 716
790 790 789 789 789 789 788 788 788 788 788 788 788 788 788 788 788 788 789 788 788 789 788 789 789 789 789 789 789 789 790 790 790 792 791 793 793 792 794 794 794 795 795 795 709 709 709 710 710 710 710 711 711 710 711 712 712 767 767 767 768 768 767 768 769 769 769 769 768 769 769 769 769 769 769 770 770 769 769 769 769 769 768 769 716 716 716 716 716 716 716 716 716 716
790 790 789 789 789 789 789 789 788 788 788 788 788 788 788 788 788 788 788 788 788 788 788 788 789 789 789 790 789 789 790 790 790 791 791 791 793 792 792 794 793 793 795 794 794 796 709 709 709 709 709 709 710 710 710 710 766 766 766 766 767 766 767 767 767 769 769 768 768 769 768 769 769 769 769 769 768 770 770 769 769 770 770 770 770 769 771 771 770 716 716 716 716 716
791 791 790 790 789 789 789 789 788 788 788 788 788 788 788 788 788 788 788 788 789 788 788 789 788 789 789 788 789 789 788 789 790 789 791 791 791 792 792 792 793 793 793 794 794 794 795 795 709 709 710 710 710 710 711 765 766 766 766 766 767 766 767 768 767 767 767 768 768 768 767 768 768 768 769 769 768 768 768 768 770 770 769 770 770 769 769 769 769 769 769 769 769 716
791 791 791 791 790 789 789 788 788 788 788 788 788 788 788 788 788 788 788 788 788 788 788 789 788 788 789 788 788 789 788 788 789 789 789 791 791 791 793 792 792 794 793 793 795 794 794 795 795 795 710 710 710 710 710 765 765 766 765 766 766 766 766 766 766 767 767 766 767 768 767 767 768 767 767 768 768 768 769 768 769 769 768 769 768 769 769 768 768 768 768 768 769 768
791 791 791 790 790 790 789 788 788 789 788 788 788 788 788 788 788 788 788 788 788 788 788 788 788 788 788 788 788 788 788 789 789 789 790 790 791 791 791 792 792 792 793 793 793 794 794 794 794 795 795 794 710 710 763 764 765 764 764 765 765 765 766 765 765 766 766 766 766 766 766 767 766 766 767 767 767 768 768 768 768 768 768 768 768 768 768 768 768 769 768 768 769 768
788 791 790 790 791 791 790 790 790 788 788 788 788 788 788 788 788 788 788 788 788 788 788 788 788 789 788 788 789 788 788 789 788 788 789 789 789 791 790 790 792 791 791 793 793 792 792 794 794 794 795 794 794 763 763 763 763 763 764 764 765 765 766 765 766 766 765 766 767 766 766 767 766 768 768 767 768 768 767 767 769 768 768 768 768 768 768 768 768 769 768 769 769 768
789 793 791 791 791 790 790 790 789 789 789 788 788 788 788 788 788 788 788 788 788 788 788 788 788 788 788 788 788 788 788 788 788 788 788 788 789 789 789 790 790 791 791 791 791 792 792 792 794 794 793 795 850 849 849 764 763 763 764 764 764 764 764 764 765 766 765 765 765 766 766 767 766 767 767 767 767 768 767 767 767 766 767 768 767 768 769 768 768 767 767 767 767 767
789 789 792 792 791 790 790 790 789 789 789 788 788 788 788 788 788 788 788 788 788 788 788 788 788 788 788 788 788 788 788 788 788 788 788 788 788 788 788 790 790 790 790 792 791 791 793 792 792 794 793 793 849 849 849 849 849 763 763 763 763 764 763 764 764 763 764 765 765 765 765 766 766 766 765 766 766 765 766 767 766 766 767 766 767 767 766 767 767 767 767 767 766 766
789 789 789 792 791 791 791 789 789 789 790 789 789 789 788 788 788 788 788 788 788 788 788 788 788 788 788 788 788 788 788 788 788 788 788 788 788 788 789 789 788 790 790 789 791 791 790 792 792 792 793 848 847 847 849 849 848 849 850 763 763 763 763 763 763 763 763 764 765 765 765 764 764 766 765 765 765 765 765 765 765 767 767 766 766 766 766 766 766 765 765 766 766 766
789 789 789 789 791 791 791 791 791 790 789 789 789 788 788 788 788 788 788 788 788 788 788 788 788 788 788 788 788 788 788 788 788 788 788 788 788 788 788 789 788 788 790 789 789 791 790 790 792 792 846 846 847 847 847 847 848 848 848 848 849 763 763 763 763 763 764 763 763 763 764 764 764 764 765 765 765 765 766 766 766 766 765 766 766 765 765 765 765 765 765 765 765 765
789 789 789 789 789 792 791 791 791 790 790 789 789 788 788 788 788 788 788 788 788 788 788 788 788 788 788 788 788 788 788 788 788 788 788 788 788 788 788 788 788 788 788 789 789 789 790 790 790 844 846 846 846 847 847 847 847 849 848 848 849 849 763 763 763 763 764 763 764 764 763 763 765 764 764 764 765 765 765 765 765 766 765 765 765 765 765 765 765 765 766 766 766 766
790 789 789 789 789 788 791 791 790 790 790 790 789 788 788 788 788 788 788 788 788 788 788 788 788 788 788 788 788 788 788 788 788 788 788 788 788 788 788 788 788 788 788 788 789 789 789 790 790 845 845 846 846 846 846 847 847 846 847 848 848 848 849 850 763 763 763 762 763 764 763 763 763 763 765 765 764 764 765 764 764 764 764 765 765 764 764 764 764 765 765 764 764 765
789 789 789 789 788 788 788 791 790 790 790 789 789 789 789 788 788 788 788 788 788 788 788 788 788 788 788 788 788 788 788 788 788 788 788 788 788 788 788 788 788 788 788 788 788 789 789 789 843 845 845 844 846 846 845 845 847 846 846 848 848 848 848 848 848 849 762 762 762 761 762 763 763 763 763 763 763 764 763 763 764 763 763 763 763 764 764 764 764 764 764 764 764 763
789 789 789 788 788 788 788 791 791 790 790 790 790 790 789 789 789 788 788 788 788 788 788 788 788 788 788 788 788 788 788 788 788 788 788 788 788 788 788 788 788 788 788 788 788 788 788 843 843 843 844 844 844 843 845 845 845 845 847 847 846 847 848 847 847 848 847 761 761 761 762 762 762 763 763 762 762 763 762 763 763 762 763 763 763 763 763 763 763 763 763 763 764 763
790 790 789 788 788 788 788 788 792 792 791 790 790 789 789 789 789 788 788 788 788 788 788 788 788 788 788 788 788 788 788 788 788 788 788 788 788 788 788 788 788 788 788 788 788 788 841 841 843 843 842 843 844 843 843 845 845 845 845 846 846 846 845 846 847 846 847 847 846 761 761 761 761 761 761 762 762 762 762 762 762 762 762 763 763 763 763 762 762 763 762 762 762 761
790 789 789 789 789 788 788 788 788 791 791 791 790 789 789 789 788 788 788 788 788 788 788 788 788 788 788 788 788 788 788 788 788 788 788 788 788 788 788 788 788 788 788 788 788 788 841 841 841 842 842 842 842 843 844 843 843 845 845 845 845 846 845 845 846 846 846 847 847 847 848 761 762 762 761 761 761 761 762 762 761 763 763 762 762 762 762 762 762 761 761 761 761 761
789 789 789 790 789 789 789 788 788 788 791 791 790 790 790 788 788 788 788 788 788 788 788 788 788 788 788 788 788 788 788 788 788 788 788 788 788 788 788 788 788 788 788 788 788 839 839 841 841 840 840 842 842 842 844 843 843 843 845 845 845 844 845 846 845 846 847 847 847 847 848 847 761 761 761 761 761 761 761 762 761 762 762 761 762 762 761 761 761 761 761 761 761 761
