testData/tiles/oneDegreeCosts/grid16.0-26.0-17.0-27.0.asc
ncols   200
nrows   200
xllcorner   16.0
yllcorner   26.0
cellsize   0.005
NODATA_value   -9999.0
[rows 84 to 125 of 200, columns 0 to 93 of 200]
329 328 328 328 328 328 328 328 328 328 328 328 328 328 328 328 328 328 328 328 328 328 328 328 328 328 328 328 328 328 328 305 305 305 305 305 305 305 305 305 305 305 305 305 305 305 305 305 305 305 305 305 305 305 305 305 305 305 305 305 305 306 306 268 268 268 268 268 268 268 268 268 268 268 268 268 268 268 268 268 268 268 268 268 268 268 268 268 268 268 268 268 268 268
330 329 329 329 329 328 328 328 328 328 328 328 328 328 328 328 328 328 328 328 328 328 328 328 328 328 328 328 328 328 328 328 328 328 328 328 328 328 328 328 328 328 328 328 305 305 305 305 305 305 305 305 305 305 305 305 305 305 305 305 305 305 306 268 268 268 268 268 268 268 268 268 268 268 268 268 268 268 268 268 268 268 268 268 268 268 268 268 268 268 268 268 268 268
335 335 334 334 334 334 334 334 334 334 334 334 334 333 333 333 333 333 333 332 332 332 332 331 331 331 330 330 330 329 329 328 328 328 328 328 328 328 328 328 328 328 328 328 328 328 328 328 328 328 328 328 328 328 305 305 305 305 305 305 305 305 305 268 268 268 268 268 268 268 268 268 268 268 268 268 268 268 268 268 268 268 268 268 268 268 268 268 268 268 268 268 268 268
339 339 339 339 339 339 339 339 339 339 339 339 339 339 338 338 338 338 338 338 337 337 337 337 336 336 336 336 335 335 335 334 334 334 333 333 332 332 332 331 331 330 330 329 328 328 328 328 328 328 328 328 328 328 328 328 329 329 329 329 330 330 305 268 268 268 268 268 268 268 268 268 268 268 268 268 268 268 268 268 268 268 268 268 268 268 268 268 268 268 268 268 268 268
344 344 344 344 344 344 344 344 343 343 343 343 343 343 343 343 343 342 342 342 342 342 342 341 341 341 341 340 340 340 340 339 339 339 338 338 338 337 337 336 336 336 335 335 334 334 333 333 332 332 331 330 330 329 328 328 329 329 329 329 330 330 268 268 268 268 268 268 268 268 268 268 268 268 268 268 268 268 268 268 268 268 268 268 268 268 268 268 268 268 268 268 268 268
348 348 348 348 348 348 348 347 347 347 347 347 347 347 347 347 347 346 346 346 346 346 346 345 345 345 345 345 344 344 344 344 343 343 343 342 342 342 342 341 341 340 340 340 339 339 338 338 337 337 336 336 335 335 334 334 333 333 333 332 331 331 268 268 268 268 268 268 268 268 268 268 268 268 268 268 268 268 268 268 268 268 268 268 268 268 268 268 268 268 268 268 268 268
351 351 351 351 351 351 351 351 351 351 351 351 351 351 351 350 350 350 350 350 350 350 349 349 349 349 349 348 348 348 348 348 347 347 347 347 346 346 346 345 345 345 344 344 344 343 343 342 342 342 341 341 340 340 339 339 338 337 338 337 337 336 268 268 268 268 268 268 268 268 268 268 268 268 268 268 268 268 268 268 268 268 268 268 268 268 268 268 268 268 268 268 268 268
355 355 355 355 355 355 355 354 354 354 354 354 354 354 354 354 354 354 353 353 353 353 353 353 353 352 352 352 352 352 351 351 351 351 350 350 350 350 349 349 349 348 348 348 347 347 347 346 346 346 345 345 344 344 343 343 343 342 341 342 341 341 268 268 268 268 268 268 268 268 268 268 268 268 268 268 268 268 268 268 268 268 268 268 268 268 268 268 268 268 268 268 268 268
358 358 358 358 358 358 358 358 358 357 357 357 357 357 357 357 357 357 357 357 356 356 356 356 356 356 355 355 355 355 355 355 354 354 354 354 353 353 353 353 352 352 352 351 351 351 350 350 350 349 349 349 348 348 347 347 347 346 346 346 346 345 268 268 268 268 268 268 268 268 268 268 268 268 268 268 268 268 268 268 268 268 268 268 268 268 268 268 268 268 268 268 268 268
361 361 361 361 361 361 361 361 361 360 360 360 360 360 360 360 360 360 360 360 359 359 359 359 359 359 359 358 358 358 358 358 357 357 357 357 357 356 356 356 356 355 355 355 354 354 354 353 353 353 352 352 352 351 351 351 350 350 349 349 349 268 268 268 268 268 268 268 268 268 268 268 268 268 268 268 268 268 268 268 268 268 268 268 268 268 268 268 268 268 268 268 268 268
364 364 364 364 363 363 363 363 363 363 363 363 363 363 363 363 363 363 363 362 362 362 362 362 362 362 361 361 361 361 361 361 360 360 360 360 360 359 359 359 359 358 358 358 358 357 357 357 356 356 356 355 355 355 354 354 354 353 353 352 352 268 268 268 268 268 268 268 268 268 268 268 268 268 268 268 268 268 268 268 268 268 268 268 268 268 268 268 268 268 268 268 268 268
366 366 366 366 366 366 366 366 366 366 366 366 366 366 366 366 365 365 365 365 365 365 365 365 365 364 364 364 364 364 364 363 363 363 363 363 362 362 362 362 362 361 361 361 360 360 360 360 359 359 359 358 358 358 357 357 357 356 356 356 355 268 268 268 268 268 268 268 268 268 268 268 268 268 268 268 268 268 268 268 268 268 268 268 268 268 268 268 268 268 268 268 268 268
369 369 369 369 369 369 369 369 369 369 368 368 368 368 368 368 368 368 368 368 368 368 367 367 367 367 367 367 367 366 366 366 366 366 366 365 365 365 365 364 364 364 364 364 363 363 363 363 362 362 362 361 361 361 360 360 360 359 359 359 358 268 268 268 268 268 268 268 268 268 268 268 268 268 268 268 268 268 268 268 268 268 268 268 268 268 268 268 268 268 268 268 268 268
371 371 371 371 371 371 371 371 371 371 371 371 371 371 371 371 371 370 370 370 370 370 370 370 370 370 369 369 369 369 369 369 368 368 368 368 368 368 367 367 367 367 366 366 366 366 365 365 365 365 364 364 364 364 363 363 363 362 362 362 361 268 268 268 268 268 268 268 268 268 268 268 268 268 268 268 268 268 268 268 268 268 268 268 268 268 268 268 268 268 268 268 268 268
374 374 374 374 374 374 374 373 373 373 373 373 373 373 373 373 373 373 373 373 373 372 372 372 372 372 372 372 372 371 371 371 371 371 371 370 370 370 370 370 369 369 369 369 369 368 368 368 368 367 367 367 366 366 366 366 365 365 365 364 268 268 268 268 268 268 268 268 268 268 268 268 268 268 268 268 268 268 268 268 268 268 268 268 268 268 268 268 268 268 268 268 268 268
376 376 376 376 376 376 376 376 376 376 376 376 376 375 375 375 375 375 375 375 375 375 375 375 374 374 374 374 374 374 374 373 373 373 373 373 373 372 372 372 372 372 371 371 371 371 371 370 370 370 370 369 369 369 368 368 368 368 367 367 268 268 268 268 268 268 268 268 268 268 268 268 268 268 268 268 268 268 268 268 268 268 268 268 268 268 268 268 268 268 268 268 268 268
378 378 378 378 378 378 378 378 378 378 378 378 378 378 378 378 377 377 377 377 377 377 377 377 377 377 376 376 376 376 376 376 376 375 375 375 375 375 375 374 374 374 374 374 373 373 373 373 372 372 372 372 371 371 371 371 370 370 370 369 269 269 268 268 268 268 268 268 268 268 268 268 268 268 268 268 268 268 268 268 268 268 268 268 268 268 268 268 268 268 268 268 268 268
380 380 380 380 380 380 380 380 380 380 380 380 380 380 380 380 380 380 379 379 379 379 379 379 379 379 379 379 378 378 378 378 378 378 378 377 377 377 377 377 376 376 376 376 376 375 375 375 375 375 374 374 374 374 373 373 373 372 372 372 272 271 271 271 270 270 271 270 270 270 270 270 269 269 269 269 269 268 268 268 268 268 268 268 268 268 268 268 268 268 268 268 268 268
382 382 382 382 382 382 382 382 382 382 382 382 382 382 382 382 382 382 382 381 381 381 381 381 381 381 381 381 381 380 380 380 380 380 380 379 379 379 379 379 379 378 378 378 378 378 377 377 377 377 377 376 376 376 376 375 375 375 374 374 274 274 273 273 273 272 272 273 272 272 272 272 272 271 271 272 271 271 270 270 271 270 270 269 270 269 269 268 269 268 268 268 268 268
384 384 384 384 384 384 384 384 384 384 384 384 384 384 384 384 384 384 384 384 383 383 383 383 383 383 383 383 383 382 382 382 382 382 382 382 381 381 381 381 381 381 380 380 380 380 380 379 379 379 379 378 378 378 378 377 377 377 377 276 276 276 276 275 275 275 274 274 275 274 274 274 274 274 274 273 274 273 273 273 273 273 272 272 271 272 271 271 271 271 271 270 269 270
386 386 386 386 386 386 386 386 386 386 386 386 386 386 386 386 386 386 386 386 385 385 385 385 385 385 385 385 385 384 384 384 384 384 384 384 383 383 383 383 383 383 382 382 382 382 382 381 381 381 381 381 380 380 380 380 379 379 379 279 278 278 278 277 277 277 277 276 276 277 276 276 276 276 276 275 275 276 275 275 275 275 275 274 274 273 274 274 273 273 273 273 272 272
388 388 388 388 388 388 388 388 388 388 388 388 388 388 388 388 388 388 388 387 387 387 387 387 387 387 387 387 387 386 386 386 386 386 386 386 385 385 385 385 385 385 384 384 384 384 384 383 383 383 383 383 382 382 382 382 381 381 381 281 280 280 280 280 279 279 279 278 278 278 278 278 278 277 278 278 277 277 278 277 277 276 277 277 276 276 276 276 275 275 275 275 275 274
390 390 390 390 390 390 390 390 390 390 390 390 390 390 390 390 390 389 389 389 389 389 389 389 389 389 389 389 388 388 388 388 388 388 388 388 387 387 387 387 387 387 386 386 386 386 386 385 385 385 385 385 384 384 384 384 383 383 383 283 282 282 282 282 281 281 281 281 280 280 280 280 280 280 279 280 280 279 279 279 279 279 278 279 279 278 278 278 278 277 277 277 277 277
392 392 392 392 392 392 392 392 392 392 392 392 392 392 392 391 391 391 391 391 391 391 391 391 391 391 391 390 390 390 390 390 390 390 390 389 389 389 389 389 389 388 388 388 388 388 388 387 387 387 387 387 386 386 386 386 385 385 385 285 284 284 284 284 283 283 283 283 282 282 282 281 282 282 281 281 282 281 281 281 281 281 281 280 281 280 280 280 280 280 279 279 278 279
394 394 394 394 394 394 394 394 394 394 394 393 393 393 393 393 393 393 393 393 393 393 393 393 393 392 392 392 392 392 392 392 392 392 391 391 391 391 391 391 391 390 390 390 390 390 389 389 389 389 389 388 388 388 388 388 387 387 287 287 286 286 286 286 285 285 285 285 284 284 284 283 283 284 283 283 283 283 283 283 282 283 283 282 282 283 282 282 281 282 281 281 281 280
395 395 395 395 395 395 395 395 395 395 395 395 395 395 395 395 395 395 395 395 395 395 395 394 394 394 394 394 394 394 394 394 393 393 393 393 393 393 393 392 392 392 392 392 392 391 391 391 391 391 391 390 390 390 390 389 389 389 289 289 288 288 288 288 287 287 287 286 286 286 286 285 285 286 285 285 285 284 285 285 284 284 285 284 284 284 284 284 283 283 284 283 283 282
397 397 397 397 397 397 397 397 397 397 397 397 397 397 397 397 397 397 397 396 396 396 396 396 396 396 396 396 396 396 395 395 395 395 395 395 395 395 394 394 394 394 394 394 393 393 393 393 393 393 392 392 392 392 392 391 391 391 291 290 290 290 290 289 289 289 289 288 288 288 288 287 287 287 287 287 287 286 286 287 286 286 286 286 286 286 285 286 285 285 285 285 285 284
399 399 399 399 399 399 399 399 399 399 399 399 399 399 398 398 398 398 398 398 398 398 398 398 398 398 398 397 397 397 397 397 397 397 397 397 396 396 396 396 396 396 396 395 395 395 395 395 394 394 394 394 394 394 393 393 393 393 292 292 292 292 292 291 291 291 290 290 290 290 289 289 289 289 288 289 289 288 288 289 288 288 288 287 288 288 287 287 287 287 287 286 287 287
401 401 401 401 400 400 400 400 400 400 400 400 400 400 400 400 400 400 400 400 400 400 400 400 399 399 399 399 399 399 399 399 399 398 398 398 398 398 398 398 398 397 397 397 397 397 397 396 396 396 396 396 395 395 395 395 395 294 294 294 294 294 293 293 293 293 292 292 292 291 291 291 291 290 290 290 290 290 290 290 290 290 290 289 289 290 289 289 288 289 289 288 288 289
402 402 402 402 402 402 402 402 402 402 402 402 402 402 402 402 402 402 402 401 401 401 401 401 401 401 401 401 401 401 400 400 400 400 400 400 400 400 399 399 399 399 399 399 399 398 398 398 398 398 398 397 397 397 397 397 396 296 296 296 295 295 295 295 295 294 294 294 294 293 293 293 292 292 292 292 291 292 292 291 291 292 291 291 291 290 291 291 290 290 291 290 290 289
404 404 404 404 404 404 404 404 404 404 404 403 403 403 403 403 403 403 403 403 403 403 403 403 403 403 402 402 402 402 402 402 402 402 402 401 401 401 401 401 401 401 401 400 400 400 400 400 400 399 399 399 399 399 398 398 398 298 298 297 297 297 297 296 296 296 296 296 295 295 295 294 294 294 294 293 293 293 293 293 293 293 293 293 293 292 292 293 292 292 291 292 292 291
405 405 405 405 405 405 405 405 405 405 405 405 405 405 405 405 405 405 405 405 405 404 404 404 404 404 404 404 404 404 404 404 403 403 403 403 403 403 403 403 402 402 402 402 402 402 402 401 401 401 401 401 400 400 400 400 400 299 299 299 299 299 298 298 298 298 297 297 297 297 296 296 296 296 295 295 295 295 294 295 295 294 294 295 294 294 294 293 294 294 293 293 294 293
407 407 407 407 407 407 407 407 407 407 407 407 407 406 406 406 406 406 406 406 406 406 406 406 406 406 406 406 405 405 405 405 405 405 405 405 405 404 404 404 404 404 404 404 403 403 403 403 403 403 402 402 402 402 402 401 301 301 301 301 300 300 300 300 300 299 299 299 299 298 298 298 298 297 297 297 297 296 296 296 296 296 296 295 296 296 295 295 295 295 295 295 294 295
408 408 408 408 408 408 408 408 408 408 408 408 408 408 408 408 408 408 408 408 408 408 407 407 407 407 407 407 407 407 407 407 407 406 406 406 406 406 406 406 406 405 405 405 405 405 405 404 404 404 404 404 404 403 403 403 303 303 302 302 302 302 302 301 301 301 301 300 300 300 300 299 299 299 299 298 298 298 298 297 297 298 297 297 297 297 297 297 297 296 297 296 296 296
410 410 410 410 410 410 410 410 410 410 410 410 410 409 409 409 409 409 409 409 409 409 409 409 409 409 409 409 408 408 408 408 408 408 408 408 408 407 407 407 407 407 407 407 406 406 406 406 406 406 406 405 405 405 405 405 304 304 304 304 304 303 303 303 303 303 302 302 302 302 301 301 301 301 300 300 300 300 299 299 299 298 299 299 298 298 299 299 298 298 298 298 298 298
411 411 411 411 411 411 411 411 411 411 411 411 411 411 411 411 411 411 411 411 411 410 410 410 410 410 410 410 410 410 410 410 410 409 409 409 409 409 409 409 409 408 408 408 408 408 408 408 407 407 407 407 407 407 406 406 306 306 306 305 305 305 305 305 304 304 304 304 303 303 303 303 302 302 302 302 301 301 301 301 300 300 300 300 300 300 299 300 300 300 299 299 300 299
413 413 413 413 413 413 413 413 413 413 412 412 412 412 412 412 412 412 412 412 412 412 412 412 412 412 412 411 411 411 411 411 411 411 411 411 411 410 410 410 410 410 410 410 409 409 409 409 409 409 409 408 408 408 408 408 307 307 307 307 307 306 306 306 306 306 305 305 305 305 304 304 304 304 303 303 303 303 302 302 302 302 301 301 302 301 301 301 300 301 301 301 300 301
414 414 414 414 414 414 414 414 414 414 414 414 414 414 414 414 414 414 414 413 413 413 413 413 413 413 413 413 413 413 413 412 412 412 412 412 412 412 412 412 411 411 411 411 411 411 411 410 410 410 410 410 410 409 409 309 309 309 309 308 308 308 308 308 307 307 307 307 306 306 306 306 306 305 305 305 305 304 304 304 303 303 303 303 302 303 303 302 302 302 302 302 302 301
415 415 415 415 415 415 415 415 415 415 415 415 415 415 415 415 415 415 415 415 415 415 415 415 415 414 414 414 414 414 414 414 414 414 414 413 413 413 413 413 413 413 413 412 412 412 412 412 412 412 411 411 411 411 411 311 310 310 310 310 310 309 309 309 309 309 308 308 308 308 307 307 307 307 307 306 306 306 306 305 305 305 304 304 304 304 304 304 304 303 303 304 303 303
417 417 417 417 417 417 417 417 417 417 417 417 417 417 416 416 416 416 416 416 416 416 416 416 416 416 416 416 416 415 415 415 415 415 415 415 415 415 415 414 414 414 414 414 414 414 413 413 413 413 413 413 413 412 412 312 312 312 311 311 311 311 311 310 310 310 310 310 309 309 309 309 308 308 308 308 308 307 307 307 306 306 306 306 305 305 305 305 305 305 305 304 305 305
418 418 418 418 418 418 418 418 418 418 418 418 418 418 418 418 418 418 418 418 418 417 417 417 417 417 417 417 417 417 417 417 417 416 416 416 416 416 416 416 416 416 415 415 415 415 415 415 415 414 414 414 414 414 414 313 313 313 313 313 312 312 312 312 312 311 311 311 311 311 310 310 310 310 309 309 309 309 308 308 308 308 307 307 307 307 306 306 307 306 306 306 305 306
420 420 419 419 419 419 419 419 419 419 419 419 419 419 419 419 419 419 419 419 419 419 419 419 419 419 418 418 418 418 418 418 418 418 418 418 417 417 417 417 417 417 417 417 416 416 416 416 416 416 416 415 415 415 315 315 315 314 314 314 314 314 314 313 313 313 313 312 312 312 312 312 311 311 311 311 310 310 310 310 309 309 309 309 308 308 308 307 307 308 308 307 307 307
