testData/tiles/oneDegreeCosts/grid42.0-42.0-43.0-43.0.asc
ncols   200
nrows   200
xllcorner   42.0
yllcorner   42.0
cellsize   0.005
NODATA_value   -9999.0
[rows 126 to 167 of 200, columns 0 to 93 of 200]
694 694 694 694 694 694 694 694 694 694 694 694 694 694 694 694 694 694 694 694 694 694 694 694 694 694 694 694 695 695 695 696 696 696 696 697 697 697 697 698 698 698 698 698 699 699 699 699 700 700 700 701 701 702 702 702 702 703 703 703 703 942 944 944 944 944 944 900 900 900 861 861 862 863 863 863 863 864 865 865 865 865 865 866 867 867 867 867 868 868 869 869 869 870
694 694 694 694 694 694 694 694 694 694 694 694 694 694 694 694 694 694 694 694 694 694 694 694 694 694 694 695 695 695 695 696 696 696 696 697 697 697 697 698 698 698 698 699 699 699 699 699 700 700 700 700 702 702 702 702 702 703 703 703 942 942 944 944 944 944 944 946 900 861 861 861 863 863 863 863 863 863 865 865 865 865 865 867 867 867 867 867 868 869 869 869 869 870
694 694 694 694 694 694 694 694 694 694 694 694 694 694 694 694 694 694 694 694 694 694 694 694 694 694 694 695 695 695 696 696 696 696 697 697 697 697 698 698 698 698 698 699 699 699 699 700 700 700 700 700 701 702 702 702 703 703 703 942 942 943 944 944 944 944 945 946 946 907 861 861 863 863 863 863 863 864 865 865 865 865 865 867 867 867 867 867 868 869 869 869 869 870
694 694 694 694 694 694 694 694 694 694 694 694 694 694 694 694 694 694 694 694 694 694 694 694 694 694 695 695 695 695 696 696 696 696 697 697 697 697 698 698 698 698 699 699 699 699 699 700 700 700 700 701 701 701 702 702 703 703 942 942 942 943 944 944 944 944 945 946 946 907 907 862 862 863 863 863 864 864 865 865 865 865 866 867 867 867 867 867 869 869 869 869 869 869
694 694 694 694 694 694 694 694 694 694 694 694 694 694 694 694 694 694 694 694 694 694 694 694 694 694 695 695 695 696 696 696 696 697 697 697 697 698 698 698 698 698 699 699 699 699 700 700 700 700 700 701 701 701 702 703 942 942 942 942 943 943 944 944 944 945 945 946 946 907 908 908 862 863 863 863 864 864 865 865 865 865 866 867 867 867 867 868 869 869 869 869 869 869
694 694 694 694 694 694 694 694 694 694 694 694 694 694 694 694 694 694 694 694 694 694 694 694 694 695 695 695 695 696 696 696 696 697 697 697 697 698 698 698 698 699 699 699 699 699 700 700 700 700 701 701 701 701 701 942 942 942 942 942 943 943 944 944 944 945 945 946 907 907 908 908 908 863 863 864 864 864 865 865 865 866 866 867 867 867 867 868 868 869 869 869 869 870
694 694 694 694 694 694 694 694 694 694 694 694 694 694 694 694 694 694 694 694 694 694 694 694 694 695 695 695 696 696 696 696 697 697 697 697 698 698 698 698 698 699 699 699 699 700 700 700 700 700 701 701 701 701 941 941 942 942 942 943 943 943 944 944 945 945 945 945 907 908 908 908 908 909 863 864 864 864 865 865 866 866 866 867 867 867 868 868 868 869 869 869 870 870
694 694 694 694 694 694 694 694 694 694 694 694 694 694 694 694 694 694 694 694 694 694 694 694 695 695 695 695 696 696 696 696 697 697 697 697 698 698 698 698 699 699 699 699 699 700 700 700 700 701 701 701 701 940 941 941 941 942 942 943 943 943 944 944 945 945 945 945 907 908 908 908 908 909 910 864 864 864 865 865 866 866 866 866 867 867 868 868 868 869 869 869 870 872
694 694 694 694 694 694 694 694 694 694 694 694 694 694 694 694 694 694 694 694 694 694 694 694 695 695 695 696 696 696 696 697 697 697 697 698 698 698 698 698 699 699 699 699 700 700 700 700 700 701 701 701 940 941 941 941 941 941 943 943 943 943 943 945 945 945 945 908 908 908 908 908 908 909 910 910 864 864 864 866 866 866 866 866 867 868 868 868 868 869 869 870 870 872
694 694 694 694 694 694 694 694 694 694 694 694 694 694 694 694 694 694 694 694 694 694 694 695 695 695 695 696 696 696 696 697 697 697 697 698 698 698 698 699 699 699 699 699 700 700 700 700 701 701 701 940 940 941 941 941 941 941 942 943 943 943 943 945 945 945 945 908 908 908 908 908 908 910 910 910 910 864 864 866 866 866 866 866 867 868 868 868 868 869 869 870 870 872
694 694 694 694 694 694 694 694 694 694 694 694 694 694 694 694 694 694 694 694 694 694 694 695 695 695 695 696 696 696 697 697 697 697 697 698 698 698 698 699 699 699 699 700 700 700 700 700 701 701 940 940 941 941 941 941 941 942 942 942 943 943 944 945 945 945 945 908 908 908 908 908 908 909 910 910 910 910 911 866 866 866 866 866 868 868 868 868 868 869 870 870 870 872
694 694 694 694 694 694 694 694 694 694 694 694 694 694 694 694 694 694 694 694 694 694 695 695 695 695 696 696 696 696 697 697 697 697 698 698 698 698 699 699 699 699 699 700 700 700 700 701 701 940 940 940 941 941 941 941 941 942 942 942 942 943 944 945 945 945 908 908 908 908 908 908 909 909 910 910 910 910 911 912 866 866 866 866 868 868 868 868 868 868 870 870 870 872
694 694 694 694 694 694 694 694 694 694 694 694 694 694 694 694 694 694 694 694 694 694 695 695 695 695 696 696 696 696 697 697 697 697 698 698 698 698 699 699 699 699 700 700 700 700 700 701 940 940 940 941 941 941 941 941 942 942 942 942 942 943 944 945 945 945 908 908 908 908 908 908 909 909 910 910 910 911 911 912 912 866 866 867 867 868 868 868 868 869 870 870 872 872
694 694 694 694 694 694 694 694 694 694 694 694 694 694 694 694 694 694 694 694 694 695 695 695 695 696 696 696 696 697 697 697 697 698 698 698 698 699 699 699 699 699 700 700 700 700 701 940 940 940 940 941 941 941 941 941 942 942 942 942 942 943 943 945 945 945 908 908 908 908 908 909 909 909 910 910 910 911 911 912 912 912 866 867 867 868 868 868 868 869 870 870 872 872
694 694 694 694 694 694 694 694 694 694 694 694 694 694 694 694 694 694 694 694 694 695 695 695 695 696 696 696 696 697 697 697 697 698 698 698 698 699 699 699 699 700 700 700 700 700 940 940 940 940 941 941 941 941 941 942 942 942 942 942 943 943 943 943 945 946 908 908 908 908 908 909 909 909 910 910 911 911 911 911 912 912 913 867 867 868 868 868 869 869 870 870 872 872
694 694 694 694 694 694 694 694 694 694 694 694 694 694 694 694 694 694 694 694 694 695 695 695 696 696 696 696 697 697 697 697 698 698 698 698 699 699 699 699 699 700 700 700 700 940 940 940 940 940 941 941 941 941 941 942 942 942 942 942 943 943 943 943 944 908 908 908 908 908 909 909 909 909 910 910 911 911 911 911 912 912 913 913 867 868 868 868 869 869 869 870 872 872
694 694 694 694 694 694 694 694 694 694 694 694 694 694 694 694 694 694 694 694 695 695 695 695 696 696 696 696 697 697 697 697 698 698 698 698 699 699 699 699 700 700 700 700 939 940 940 940 940 941 941 941 941 941 942 942 942 942 942 943 943 943 943 943 945 908 908 908 908 908 909 909 909 909 909 911 911 911 911 911 912 913 913 913 913 868 868 869 869 869 869 870 872 873
694 694 694 694 694 694 694 694 694 694 694 694 694 694 694 694 694 694 694 694 695 695 695 695 696 696 696 697 697 697 697 698 698 698 698 698 699 699 699 699 700 700 700 939 940 940 940 940 940 941 941 941 941 941 942 942 942 942 942 943 943 943 943 943 908 908 908 908 908 908 909 909 909 909 909 911 911 911 911 911 912 913 913 913 913 913 868 869 869 869 869 870 872 873
694 694 694 694 694 694 694 694 694 694 694 694 694 694 694 694 694 694 694 695 695 695 695 696 696 696 696 697 697 697 697 698 698 698 698 699 699 699 699 699 700 700 939 939 940 940 940 940 940 941 941 941 941 942 942 942 942 942 943 943 943 943 943 944 908 908 908 908 908 908 909 909 909 909 910 911 911 911 911 911 913 913 913 913 913 913 869 869 869 869 869 870 873 873
694 694 694 694 694 694 694 694 694 694 694 694 694 694 694 694 694 694 694 695 695 695 695 696 696 696 696 697 697 697 697 698 698 698 698 699 699 699 699 700 700 939 939 939 940 940 940 940 941 941 941 941 941 942 942 942 942 942 943 943 943 943 943 944 908 908 908 908 908 908 909 909 909 909 910 911 911 911 911 911 912 913 913 913 913 913 915 869 869 869 869 870 873 873
694 694 694 694 694 694 694 694 694 694 694 694 694 694 694 694 694 694 694 695 695 695 696 696 696 696 697 697 697 697 698 698 698 698 699 699 699 699 699 700 939 939 939 940 940 940 940 940 941 941 941 941 941 942 942 942 942 943 943 943 943 943 943 908 908 908 908 908 908 908 908 909 909 910 910 910 911 911 911 912 912 913 913 913 913 914 915 915 869 869 869 870 873 873
694 694 694 694 694 694 694 694 694 694 694 694 694 694 694 694 694 694 695 695 695 695 696 696 696 696 697 697 697 697 698 698 698 698 699 699 699 699 700 939 939 939 939 940 940 940 940 941 941 941 941 941 942 942 942 942 942 943 943 943 943 943 944 908 908 908 908 908 908 908 908 908 909 910 910 910 911 911 911 912 912 913 913 913 913 914 914 915 915 869 869 870 873 640
694 694 694 694 694 694 694 694 694 694 694 694 694 694 694 694 694 694 695 695 695 695 696 696 696 697 697 697 697 698 698 698 698 698 699 699 699 699 939 939 939 939 940 940 940 940 940 941 941 941 941 941 942 942 942 942 942 943 943 943 943 943 944 908 908 908 908 908 908 908 908 908 908 910 910 910 911 911 912 912 912 913 913 913 914 914 914 915 915 915 870 870 873 640
695 695 694 694 694 694 694 694 694 694 694 694 694 694 694 694 694 694 695 695 695 696 696 696 696 697 697 697 697 698 698 698 698 699 699 699 699 939 939 939 939 939 940 940 940 940 940 941 941 941 941 942 942 942 942 942 943 943 943 943 943 944 908 908 908 908 908 908 908 908 908 908 909 909 910 910 911 911 912 912 912 912 913 913 914 914 914 915 915 915 916 870 640 640
696 695 695 695 694 694 694 694 694 694 694 694 694 694 694 694 694 695 695 695 695 696 696 696 696 697 697 697 697 698 698 698 698 699 699 699 938 939 939 939 939 939 940 940 940 940 941 941 941 941 941 942 942 942 942 942 943 943 943 943 943 944 908 908 908 908 908 908 908 908 908 908 909 909 909 909 910 912 912 912 912 912 913 914 914 914 914 915 915 916 916 918 640 640
696 696 696 695 695 695 694 694 694 694 694 694 694 694 694 694 694 695 695 695 696 696 696 696 697 697 697 697 698 698 698 698 699 699 699 699 938 939 939 939 939 940 940 940 940 940 941 941 941 941 942 942 942 942 942 943 943 943 943 943 944 944 908 908 908 908 908 908 908 908 908 909 909 909 909 909 909 912 912 912 912 912 913 914 914 914 914 914 915 916 916 675 675 640
697 697 697 696 696 695 695 695 694 694 694 694 694 694 694 694 695 695 695 695 696 696 696 696 697 697 697 697 698 698 698 698 699 699 699 938 939 939 939 939 939 940 940 940 940 941 941 941 941 941 942 942 942 942 942 943 943 943 943 943 944 908 908 908 908 908 908 908 908 908 908 908 909 909 909 909 909 911 912 912 912 912 913 914 914 914 914 914 915 916 916 675 675 676
698 698 697 697 697 696 696 695 695 695 694 694 694 694 694 694 695 695 695 695 696 696 696 696 697 697 697 697 698 698 698 698 699 699 938 938 939 939 939 939 940 940 940 940 940 941 941 941 941 941 942 942 942 942 942 943 943 943 943 943 944 908 908 908 908 908 908 908 908 908 908 908 909 909 909 909 910 911 911 912 912 912 913 914 914 914 914 914 916 916 675 675 675 675
699 698 698 698 697 697 697 696 696 695 695 694 694 694 694 694 695 695 695 696 696 696 696 697 697 697 697 698 698 698 698 699 699 938 938 938 939 939 939 939 940 940 940 940 940 941 941 941 941 942 942 942 942 942 943 943 943 943 943 944 908 908 908 908 908 908 908 908 908 908 908 908 909 909 909 909 910 910 911 911 911 912 913 914 914 914 914 914 915 916 675 675 675 675
700 699 699 698 698 698 697 697 696 696 696 695 695 694 694 695 695 695 695 696 696 696 696 697 697 697 697 698 698 698 698 699 938 938 938 939 939 939 939 939 940 940 940 940 941 941 941 941 941 942 942 942 942 942 943 943 943 943 943 944 908 908 908 908 908 908 908 908 908 908 908 908 909 909 909 910 910 910 911 911 911 912 913 914 914 914 914 915 915 675 675 675 675 675
700 700 700 699 699 698 698 698 697 697 696 696 696 695 695 695 695 695 695 696 696 696 696 697 697 697 697 698 698 698 698 699 938 938 938 939 939 939 939 940 940 940 940 940 941 941 941 941 941 942 942 942 942 943 943 943 943 943 943 908 908 908 908 908 908 908 908 908 908 908 908 908 908 909 909 910 910 910 911 911 911 912 912 913 914 914 914 915 915 675 675 675 675 676
701 701 700 700 700 699 699 698 698 698 697 697 696 696 695 696 695 695 696 696 696 696 697 697 697 697 698 698 698 698 699 938 938 938 938 939 939 939 939 940 940 940 940 941 941 941 941 941 942 942 942 942 942 943 943 943 943 943 944 908 908 908 908 908 908 908 908 908 908 908 908 908 908 909 910 910 910 910 910 911 912 912 912 912 913 914 915 915 675 675 675 675 675 676
702 702 701 701 700 700 700 699 699 698 698 697 697 697 697 697 696 696 696 696 696 696 697 697 697 697 698 698 698 698 938 938 938 938 939 939 939 939 939 940 940 940 940 941 941 941 941 941 942 942 942 942 942 943 943 943 943 943 944 908 908 908 908 908 908 908 908 908 908 908 908 908 908 909 910 910 910 910 910 911 912 912 912 912 913 913 915 915 675 675 675 675 676 676
703 702 702 701 701 701 700 700 699 699 699 698 698 697 698 697 697 696 697 697 696 696 697 697 697 697 698 698 698 698 938 938 938 938 939 939 939 939 940 940 940 940 940 941 941 941 941 942 942 942 942 942 943 943 943 943 943 944 908 908 908 908 908 908 908 908 908 908 908 908 908 908 908 908 910 910 910 910 910 911 912 912 912 912 912 913 914 915 675 675 675 675 676 676
703 703 703 702 702 701 701 701 700 700 699 699 698 698 699 698 698 698 698 697 697 697 697 697 697 698 698 698 698 938 938 938 938 939 939 939 939 939 940 940 940 940 941 941 941 941 941 942 942 942 942 942 943 943 943 943 943 944 908 908 908 908 908 908 908 908 908 908 908 908 908 908 908 909 910 910 910 910 910 912 912 912 912 912 912 914 914 675 675 675 675 675 676 676
704 704 703 703 703 702 702 701 701 701 700 700 699 700 699 699 698 699 698 698 698 698 698 697 697 698 698 698 937 938 938 938 938 939 939 939 939 939 940 940 940 940 941 941 941 941 941 942 942 942 942 942 943 943 943 943 943 908 908 908 908 908 908 908 908 908 908 908 908 908 908 908 908 909 910 910 910 910 910 911 912 912 912 912 912 914 675 675 675 675 675 675 676 676
705 705 704 704 703 703 703 702 702 701 701 700 700 700 700 700 699 700 699 699 698 699 698 698 697 698 698 937 937 938 938 938 938 939 939 939 939 940 940 940 940 940 941 941 941 941 942 942 942 942 942 943 943 943 943 943 944 908 908 908 908 908 908 908 908 908 908 908 908 908 908 908 908 909 909 910 910 910 911 911 912 912 912 912 913 913 675 675 675 675 675 675 676 676
706 705 705 705 704 704 703 703 702 702 702 701 701 701 701 700 701 700 700 699 700 699 699 698 699 698 698 937 938 938 938 938 938 939 939 939 939 940 940 940 940 941 941 941 941 941 942 942 942 942 942 943 943 943 943 943 908 908 908 908 908 908 908 908 908 908 908 908 908 908 908 908 909 909 909 910 910 910 911 911 911 912 912 912 913 675 675 675 675 675 675 675 675 676
706 706 706 705 705 704 704 704 703 703 702 702 701 702 701 701 702 701 701 700 701 700 700 699 700 699 938 937 938 938 938 938 939 939 939 939 939 940 940 940 940 941 941 941 941 941 942 942 942 942 942 943 943 943 943 943 908 908 908 908 908 908 908 908 908 908 908 908 908 908 908 908 909 909 909 910 910 910 911 911 911 912 912 912 913 675 675 675 675 675 675 675 675 675
707 707 706 706 706 705 705 704 704 703 703 703 703 703 702 702 702 702 701 701 701 701 700 700 700 700 938 938 938 938 938 938 939 939 939 939 940 940 940 940 940 941 941 941 941 942 942 942 942 942 943 943 943 943 943 908 908 908 908 908 908 908 908 908 908 908 908 908 908 908 908 908 909 909 909 909 910 911 911 911 911 912 912 913 675 675 675 675 675 675 675 675 675 675
708 708 707 707 706 706 706 705 705 704 704 703 704 703 703 702 703 702 702 703 702 702 701 702 701 940 939 939 939 938 938 938 939 939 939 939 940 940 940 940 941 941 941 941 941 942 942 942 942 942 943 943 943 943 943 908 908 908 908 908 908 908 908 908 908 908 908 908 908 908 908 909 909 909 909 909 910 911 911 911 911 911 912 913 675 675 675 675 675 675 675 675 675 675
709 708 708 708 707 707 706 706 705 705 704 704 705 704 704 704 704 703 703 703 703 702 702 702 941 940 940 940 940 939 939 939 939 939 939 939 940 940 940 940 941 941 941 941 941 942 942 942 942 942 943 943 943 943 908 908 908 908 908 908 908 908 908 908 908 908 908 908 908 908 908 909 909 909 909 909 910 911 911 911 911 911 912 675 675 675 675 675 675 675 675 675 675 675
