testData/tiles/oneDegreeCosts/grid9.0-35.0-10.0-36.0.asc
ncols   200
nrows   200
xllcorner   9.0
yllcorner   35.0
cellsize   0.005
NODATA_value   -9999.0
[rows 84 to 125 of 200, columns 94 to 187 of 200]
724 724 724 724 725 725 725 725 725 725 725 725 725 726 726 726 726 726 726 726 726 726 726 726 726 726 727 727 727 727 727 727 727 727 727 727 727 727 727 727 727 727 727 727 727 728 728 728 728 728 728 728 728 829 829 829 829 829 829 829 829 829 829 829 829 829 829 829 829 901 901 901 901 901 901 901 901 901 901 901 901 901 901 901 901 901 900 900 900 900 900 900 900 900
724 724 725 725 725 725 725 725 725 725 725 725 726 726 726 726 726 726 726 726 726 726 726 726 727 727 727 727 727 727 727 727 727 727 727 727 727 727 727 727 727 728 728 728 728 728 728 728 728 728 728 728 728 728 728 728 728 829 829 829 829 829 829 829 829 829 829 829 829 901 901 901 901 901 901 901 901 901 901 901 901 901 901 901 901 901 901 901 901 901 900 900 900 900
724 725 725 725 725 725 725 725 725 725 726 726 726 726 726 726 726 726 726 726 726 726 727 727 727 727 727 727 727 727 727 727 727 727 727 727 727 727 728 728 728 728 728 728 728 728 728 728 728 728 728 728 728 728 728 728 728 728 728 728 728 829 829 829 829 829 829 829 901 901 901 901 901 901 901 901 901 901 901 901 901 901 901 901 901 901 901 901 901 901 901 901 901 900
725 725 725 725 725 725 725 725 725 726 726 726 726 726 726 726 726 726 726 726 727 727 727 727 727 727 727 727 727 727 727 727 727 727 727 728 728 728 728 728 728 728 728 728 728 728 728 728 728 728 728 728 728 728 728 728 728 728 728 728 728 728 728 728 728 829 829 829 901 901 901 901 901 901 901 901 901 901 901 901 901 901 901 901 901 901 901 901 901 901 901 901 901 901
725 725 725 725 725 725 725 726 726 726 726 726 726 726 726 726 726 726 727 727 727 727 727 727 727 727 727 727 727 727 727 727 728 728 728 728 728 728 728 728 728 728 728 728 728 728 728 728 728 728 728 728 728 728 728 728 728 728 728 728 728 728 728 728 728 728 728 800 800 901 901 901 901 901 901 901 901 901 901 901 901 901 901 901 901 901 901 901 901 901 901 901 901 901
725 725 725 725 725 725 726 726 726 726 726 726 726 726 726 726 727 727 727 727 727 727 727 727 727 727 727 727 727 727 728 728 728 728 728 728 728 728 728 728 728 728 728 728 728 728 728 728 728 728 728 728 728 728 729 729 729 729 729 729 729 729 729 729 729 729 801 801 801 801 801 801 801 801 902 902 902 901 901 901 901 901 901 901 901 901 901 901 901 901 901 901 901 901
725 725 725 725 726 726 726 726 726 726 726 726 726 726 727 727 727 727 727 727 727 727 727 727 727 727 727 728 728 728 728 728 728 728 728 728 728 728 728 728 728 728 728 728 728 728 728 728 729 729 729 729 729 729 729 729 729 729 729 729 729 729 729 729 729 729 801 801 801 801 801 801 801 801 801 801 801 801 801 902 902 902 902 901 901 901 901 901 901 901 901 901 901 901
725 725 725 726 726 726 726 726 726 726 726 726 726 727 727 727 727 727 727 727 727 727 727 727 727 728 728 728 728 728 728 728 728 728 728 728 728 728 728 728 728 728 728 728 729 729 729 729 729 729 729 729 729 729 729 729 729 729 729 729 729 729 729 729 729 801 801 801 801 801 801 801 801 801 801 801 801 801 801 801 801 801 801 801 902 902 902 901 901 901 901 901 901 901
725 725 726 726 726 726 726 726 726 726 726 727 727 727 727 727 727 727 727 727 727 727 727 728 728 728 728 728 728 728 728 728 728 728 728 728 728 728 728 728 729 729 729 729 729 729 729 729 729 729 729 729 729 729 729 729 729 729 729 729 729 729 729 729 729 801 801 801 801 801 801 801 801 801 801 801 801 801 801 801 801 801 801 801 801 801 801 801 801 902 902 901 901 901
726 726 726 726 726 726 726 726 726 726 727 727 727 727 727 727 727 727 727 727 727 728 728 728 728 728 728 728 728 728 728 728 728 728 728 728 728 729 729 729 729 729 729 729 729 729 729 729 729 729 729 729 729 729 729 729 729 729 729 729 729 729 729 729 801 801 801 801 801 801 801 801 801 801 801 801 801 801 801 801 801 801 801 801 801 801 801 801 801 801 801 801 801 801
726 726 726 726 726 726 726 726 727 727 727 727 727 727 727 727 727 727 727 728 728 728 728 728 728 728 728 728 728 728 728 728 728 728 728 729 729 729 729 729 729 729 729 729 729 729 729 729 729 729 729 729 729 729 729 729 729 729 729 729 729 729 729 801 801 801 801 801 801 801 801 801 801 801 801 801 801 801 801 801 801 801 801 801 801 801 801 801 801 801 801 801 801 801
726 726 726 726 726 726 726 727 727 727 727 727 727 727 727 727 727 727 728 728 728 728 728 728 728 728 728 728 728 728 728 728 729 729 729 729 729 729 729 729 729 729 729 729 729 729 729 729 729 729 729 729 729 729 729 729 729 729 729 729 729 729 729 801 801 801 801 801 801 801 801 801 801 801 801 801 801 801 801 801 801 801 801 801 801 801 801 801 801 801 801 801 801 801
726 726 726 726 726 726 727 727 727 727 727 727 727 727 727 727 728 728 728 728 728 728 728 728 728 728 728 728 728 728 729 729 729 729 729 729 729 729 729 729 729 729 729 729 729 729 729 729 729 729 729 729 729 729 729 729 730 730 730 730 730 730 802 802 802 802 802 802 802 802 802 802 802 802 802 801 801 801 801 801 801 801 801 801 801 801 801 801 801 801 801 801 801 801
726 726 726 726 727 727 727 727 727 727 727 727 727 727 727 728 728 728 728 728 728 728 728 728 728 728 728 728 729 729 729 729 729 729 729 729 729 729 729 729 729 729 729 729 729 729 729 729 729 729 730 730 730 730 730 730 730 730 730 730 730 730 802 802 802 802 802 802 802 802 802 802 802 802 802 802 802 802 802 802 802 801 801 801 801 801 801 801 801 801 801 801 801 801
726 726 726 727 727 727 727 727 727 727 727 727 727 728 728 728 728 728 728 728 728 728 728 728 728 728 729 729 729 729 729 729 729 729 729 729 729 729 729 729 729 729 729 729 729 730 730 730 730 730 730 730 730 730 730 730 730 730 730 730 730 802 802 802 802 802 802 802 802 802 802 802 802 802 802 802 802 802 802 802 802 802 802 802 802 802 801 801 801 801 801 801 801 801
726 726 727 727 727 727 727 727 727 727 727 727 728 728 728 728 728 728 728 728 728 728 728 728 729 729 729 729 729 729 729 729 729 729 729 729 729 729 729 729 729 729 730 730 730 730 730 730 730 730 730 730 730 730 730 730 730 730 730 730 730 802 802 802 802 802 802 802 802 802 802 802 802 802 802 802 802 802 802 802 802 802 802 802 802 802 802 802 802 801 801 801 801 801
726 727 727 727 727 727 727 727 727 727 728 728 728 728 728 728 728 728 728 728 728 728 729 729 729 729 729 729 729 729 729 729 729 729 729 729 729 729 729 730 730 730 730 730 730 730 730 730 730 730 730 730 730 730 730 730 730 730 730 730 802 802 802 802 802 802 802 802 802 802 802 802 802 802 802 802 802 802 802 802 802 802 802 802 802 802 802 802 802 802 802 802 801 801
728 728 727 727 727 727 727 727 727 728 728 728 728 728 728 728 728 728 728 728 729 729 729 729 729 729 729 729 729 729 729 729 729 729 729 729 730 730 730 730 730 730 730 730 730 730 730 730 730 730 730 730 730 730 730 730 730 730 730 730 802 802 802 802 802 802 802 802 802 802 802 802 802 802 802 802 802 802 802 802 802 802 802 802 802 802 802 802 802 802 802 802 802 802
728 728 728 728 728 728 727 728 728 728 728 728 728 728 728 728 728 728 729 729 729 729 729 729 729 729 729 729 729 729 729 729 729 730 730 730 730 730 730 730 730 730 730 730 730 730 730 730 730 730 730 730 730 730 730 730 730 730 730 802 802 802 802 802 802 802 802 802 802 802 802 802 802 802 802 802 802 802 802 802 802 802 802 802 802 802 802 802 802 802 802 802 802 802
729 729 728 728 728 728 729 729 729 729 728 728 728 728 728 728 728 729 729 729 729 729 729 729 729 729 729 729 729 729 729 730 730 730 730 730 730 730 730 730 730 730 730 730 730 730 730 730 730 730 730 730 730 730 730 730 730 730 730 802 802 802 802 802 802 802 802 802 802 802 802 802 802 802 802 802 802 802 802 802 802 802 802 802 802 802 802 802 802 802 802 802 802 802
729 729 729 729 729 730 730 729 729 729 729 729 729 729 728 729 729 729 729 729 729 729 729 729 729 729 729 729 729 730 730 730 730 730 730 730 730 730 730 730 730 730 730 730 730 730 730 730 730 730 730 730 730 730 731 731 731 731 803 803 803 803 803 803 803 803 803 803 803 803 803 803 803 803 803 803 803 802 802 802 802 802 802 802 802 802 802 802 802 802 802 802 802 802
730 730 730 729 730 730 730 730 730 730 730 729 729 729 730 730 730 729 729 729 729 729 729 729 729 729 729 730 730 730 730 730 730 730 730 730 730 730 730 730 730 730 730 730 730 730 730 730 730 731 731 731 731 731 731 731 731 803 803 803 803 803 803 803 803 803 803 803 803 803 803 803 803 803 803 803 803 803 803 803 803 803 802 802 802 802 802 802 802 802 802 802 802 802
730 730 731 731 731 731 731 730 730 730 730 730 730 731 730 730 730 730 730 730 729 729 729 729 729 730 730 730 730 730 730 730 730 730 730 730 730 730 730 730 730 730 730 730 730 731 731 731 731 731 731 731 731 731 731 731 731 803 803 803 803 803 803 803 803 803 803 803 803 803 803 803 803 803 803 803 803 803 803 803 803 803 803 803 803 803 802 802 802 802 802 802 802 802
731 732 732 731 731 731 731 731 731 731 731 731 731 731 731 731 731 730 730 730 730 730 730 730 730 730 730 730 730 730 730 730 730 730 730 730 730 730 730 730 730 731 731 731 731 731 731 731 731 731 731 731 731 731 731 731 803 803 803 803 803 803 803 803 803 803 803 803 803 803 803 803 803 803 803 803 803 803 803 803 803 803 803 803 803 803 803 803 803 803 802 802 802 802
732 732 732 732 732 732 732 732 731 731 732 732 732 732 731 731 731 731 731 731 730 730 731 731 731 730 730 730 730 730 730 730 730 730 730 730 730 730 730 731 731 731 731 731 731 731 731 731 731 731 731 731 731 731 731 731 803 803 803 803 803 803 803 803 803 803 803 803 803 803 803 803 803 803 803 803 803 803 803 803 803 803 803 803 803 803 803 803 803 803 803 803 802 802
733 733 733 733 732 732 732 732 732 733 733 732 732 732 732 732 732 731 731 731 732 732 732 731 731 731 731 731 730 730 730 730 730 730 730 730 731 731 731 731 731 731 731 731 731 731 731 731 731 731 731 731 731 731 731 803 803 803 803 803 803 803 803 803 803 803 803 803 803 803 803 803 803 803 803 803 803 803 803 803 803 803 803 803 803 803 803 803 803 803 803 803 803 803
733 733 733 733 733 733 733 734 733 733 733 733 733 733 733 732 732 732 732 733 732 732 732 732 732 731 731 731 731 731 730 730 730 730 731 731 731 731 731 731 731 731 731 731 731 731 731 731 731 731 731 731 731 731 731 803 803 803 803 803 803 803 803 803 803 803 803 803 803 803 803 803 803 803 803 803 803 803 803 803 803 803 803 803 803 803 803 803 803 803 803 803 803 803
734 734 734 734 733 733 734 734 734 734 734 733 733 733 733 733 733 734 733 733 733 733 733 732 732 732 732 732 731 731 731 731 731 731 731 731 731 731 731 731 731 731 731 731 731 731 731 731 731 731 731 731 731 731 803 803 803 803 803 803 803 803 803 803 803 803 803 803 803 803 803 803 803 803 803 803 803 803 803 803 803 803 803 803 803 803 803 803 803 803 803 803 803 726
734 734 734 734 734 735 735 735 734 734 734 734 734 734 734 733 734 734 734 734 733 733 733 733 733 733 732 732 732 732 732 732 732 732 731 731 731 731 731 731 731 731 731 731 731 731 731 731 731 731 731 731 731 731 803 803 803 804 804 804 804 804 804 804 804 804 804 804 804 804 804 804 804 804 803 803 803 803 803 803 803 803 803 803 803 803 803 803 803 803 803 803 726 726
735 735 735 735 735 735 735 735 735 735 735 735 734 734 735 735 735 735 734 734 734 734 734 733 733 733 733 733 733 733 733 733 732 732 732 732 732 731 731 731 731 731 731 731 731 731 731 731 731 731 731 732 732 804 804 804 804 804 804 804 804 804 804 804 804 804 804 804 804 804 804 804 804 804 804 804 804 804 804 804 803 803 803 803 803 803 803 803 803 803 726 726 726 726
735 735 735 736 736 736 736 736 735 735 735 735 735 736 736 735 735 735 735 735 735 734 734 734 734 734 734 734 734 734 733 733 733 733 733 732 732 732 732 731 731 731 731 731 731 731 731 732 732 732 732 732 732 804 804 804 804 804 804 804 804 804 804 804 804 804 804 804 804 804 804 804 804 804 804 804 804 804 804 804 804 804 804 804 803 803 803 803 726 726 726 726 726 726
736 736 737 737 736 736 736 736 736 736 736 736 736 736 736 736 736 736 735 735 735 735 735 734 735 735 735 735 734 734 734 734 734 733 733 733 733 732 732 732 732 731 731 732 732 732 732 732 732 732 732 732 732 804 804 804 804 804 804 804 804 804 804 804 804 804 804 804 804 804 804 804 804 804 804 804 804 804 804 804 804 804 804 804 804 804 804 726 726 726 726 726 726 726
736 737 737 737 737 737 737 737 736 736 737 737 737 737 737 736 736 736 736 736 736 735 735 736 736 736 735 735 735 735 734 734 734 734 734 733 733 733 733 732 732 733 732 732 732 732 732 732 732 732 732 732 804 804 804 804 804 804 804 804 804 804 804 804 804 804 804 804 804 804 804 804 804 804 804 804 804 804 804 804 804 804 804 804 804 726 726 726 726 726 726 726 726 726
738 738 738 738 737 737 737 737 737 738 738 738 737 737 737 737 737 737 736 736 736 737 737 736 736 736 736 736 735 735 735 735 735 734 734 734 734 733 734 734 734 733 733 733 732 732 732 732 732 732 732 732 804 804 804 804 804 804 804 804 804 804 804 804 804 804 804 804 804 804 804 804 804 804 804 804 804 804 804 804 804 804 804 726 726 726 726 726 726 726 726 726 726 726
738 738 738 738 738 738 738 738 738 738 738 738 738 738 738 737 737 737 737 737 738 737 737 737 737 737 736 736 736 736 735 735 735 735 735 734 735 735 735 734 734 734 733 733 733 733 732 732 732 732 732 804 804 804 804 804 804 804 804 804 804 804 804 804 804 804 804 804 804 804 804 804 804 804 804 804 804 804 804 804 804 804 726 726 726 726 726 726 726 726 726 726 726 726
739 739 739 739 738 738 738 739 739 739 739 738 738 738 738 738 738 738 738 738 738 738 738 737 737 737 737 737 736 736 736 736 736 735 736 736 736 735 735 735 735 734 734 734 733 733 733 733 732 732 732 804 804 804 804 804 804 804 804 804 804 804 804 804 804 804 804 804 804 804 804 804 804 804 804 804 804 804 804 804 726 726 726 726 726 726 726 726 726 726 726 726 726 726
739 739 739 739 739 739 740 740 739 739 739 739 739 739 739 738 738 739 739 739 739 738 738 738 738 738 737 737 737 737 736 736 737 737 737 736 736 736 736 735 735 735 734 734 734 734 733 733 733 732 804 804 804 804 804 804 804 804 804 804 804 804 804 804 804 804 804 804 804 804 804 804 804 804 804 804 804 804 726 726 726 726 726 726 726 726 726 726 726 726 726 726 726 726
740 740 740 740 739 740 740 740 740 740 740 739 739 739 739 739 740 740 739 739 739 739 739 738 738 738 738 738 737 737 738 738 738 737 737 737 737 736 736 736 736 735 735 735 734 734 734 734 733 733 805 804 804 804 804 804 804 804 804 805 805 805 805 805 805 805 805 805 805 805 805 805 804 804 804 804 726 726 726 726 726 726 726 726 726 726 726 726 726 726 726 726 726 726
740 740 740 740 741 741 741 740 740 740 740 740 740 740 740 740 740 740 740 740 739 739 739 739 739 739 738 738 739 739 738 738 738 738 738 737 737 737 737 736 736 736 735 735 735 735 734 734 734 805 805 805 805 805 805 805 805 805 805 805 805 805 805 805 805 805 805 805 805 805 805 805 805 805 726 726 726 726 726 726 726 726 726 726 726 726 726 726 726 726 726 726 726 726
741 741 741 741 741 741 741 741 741 741 741 740 740 741 741 741 741 740 740 740 740 740 740 739 739 739 740 740 739 739 739 739 738 738 738 738 738 737 737 737 737 736 736 736 735 735 735 735 735 807 807 806 806 806 805 805 805 805 805 805 805 805 805 805 805 805 805 805 805 805 805 805 726 726 726 726 726 726 726 726 726 726 726 726 726 726 726 726 726 726 726 726 726 726
741 741 742 742 742 742 742 741 741 741 741 741 742 742 741 741 741 741 741 741 740 740 740 740 740 740 740 740 740 740 739 739 739 739 739 738 738 738 738 737 737 737 736 736 736 737 736 736 808 807 807 807 807 806 806 806 805 805 805 805 805 805 805 805 805 805 805 805 805 805 805 726 726 726 726 726 726 726 726 726 726 726 726 726 726 726 726 726 726 726 726 726 726 726
742 743 743 742 742 742 742 742 742 742 742 742 742 742 742 742 742 741 741 741 741 741 741 741 741 741 741 741 740 740 740 740 739 739 739 739 739 738 738 738 737 737 738 738 737 737 737 737 808 808 808 807 807 807 806 806 806 805 805 805 805 805 805 805 805 805 805 805 805 726 726 726 726 726 726 726 726 726 726 726 726 726 726 726 726 726 726 726 726 726 726 726 726 726
