testData/tiles/oneDegreeCosts/grid11.0-26.0-12.0-27.0.asc
ncols   200
nrows   200
xllcorner   11.0
yllcorner   26.0
cellsize   0.005
NODATA_value   -9999.0
[rows 42 to 83 of 200, columns 94 to 187 of 200]
336 336 336 336 335 335 335 335 335 335 335 334 334 334 334 334 334 334 333 333 334 334 334 334 333 333 334 334 334 334 333 333 334 334 334 333 333 333 334 334 333 333 333 333 333 352 352 352 351 351 351 352 351 417 417 417 416 417 417 417 416 416 416 416 416 416 415 415 415 415 415 415 414 414 413 414 414 414 414 414 414 415 415 415 415 415 415 416 416 416 416 416 416 417
335 335 335 335 335 335 335 335 334 334 334 334 334 334 334 333 333 333 333 333 334 334 333 333 333 333 334 333 333 333 333 333 334 333 333 333 333 332 333 333 333 333 351 351 351 352 351 351 351 351 350 351 351 351 416 416 416 417 416 416 416 415 415 416 415 415 415 414 414 415 414 414 414 413 413 414 414 414 414 414 414 415 415 415 415 415 415 416 416 416 416 416 416 417
335 335 335 335 335 334 334 334 334 334 334 334 333 333 333 333 333 333 333 332 333 333 333 333 333 332 333 333 333 333 332 332 333 333 333 332 332 332 333 352 351 351 351 351 350 351 351 351 350 350 350 351 350 350 350 416 415 416 416 415 415 415 414 415 415 414 414 414 413 414 414 413 413 413 413 414 414 414 414 414 414 415 415 415 415 415 415 416 416 416 416 416 416 417
335 334 334 334 334 334 334 334 334 333 333 333 333 333 333 333 332 332 332 332 333 333 332 332 332 332 333 332 332 332 332 332 332 332 332 332 351 350 351 351 351 351 350 350 350 351 350 350 350 350 349 350 350 349 349 349 349 415 415 415 414 414 414 414 414 414 413 413 413 413 413 413 413 413 413 414 414 414 414 414 414 415 415 415 415 415 415 416 416 416 416 416 416 417
334 334 334 334 334 333 333 333 333 333 333 333 332 332 332 332 332 332 332 331 332 332 332 332 332 331 332 332 332 332 332 332 332 351 351 350 350 350 351 350 350 350 350 350 349 350 350 350 349 349 349 349 349 349 349 348 348 349 414 414 414 413 413 414 413 413 413 412 412 413 413 413 413 413 413 414 414 414 414 414 414 415 415 415 415 415 415 416 416 416 416 416 416 417
334 333 333 333 333 333 333 333 333 332 332 332 332 332 332 332 331 331 331 331 332 332 331 331 331 331 332 332 332 332 350 350 350 350 350 350 350 349 349 350 350 349 349 349 349 349 349 349 349 348 348 349 349 348 348 348 347 348 348 347 413 413 412 413 413 412 412 412 412 413 413 413 413 413 413 414 414 414 414 414 414 415 415 415 415 415 415 416 416 416 416 416 416 416
333 333 333 333 333 332 332 332 332 332 332 332 331 331 331 331 331 331 331 330 331 331 331 331 331 331 331 350 350 350 349 349 350 350 349 349 349 349 349 349 349 349 349 348 348 349 349 348 348 348 348 348 348 348 347 347 347 347 347 347 347 346 412 412 412 412 412 412 412 413 413 413 413 413 413 414 414 414 414 414 414 415 415 415 415 415 415 416 416 416 416 416 416 416
333 333 332 332 332 332 332 332 332 331 331 331 331 331 331 331 330 330 330 330 331 331 331 331 349 349 350 349 349 349 349 349 349 349 349 349 349 348 348 349 349 348 348 348 348 348 348 348 348 347 347 348 347 347 347 346 346 347 347 346 346 346 345 412 412 412 412 412 412 413 413 413 413 413 413 414 414 414 414 414 414 415 415 415 415 415 415 415 416 416 416 416 416 416
332 332 332 332 332 332 331 331 331 331 331 331 330 330 330 330 330 330 330 330 330 349 349 349 348 348 349 349 349 348 348 348 348 349 348 348 348 348 347 348 348 348 347 347 347 348 347 347 347 347 346 347 347 346 346 346 346 346 346 346 345 345 345 346 346 412 412 412 412 413 413 413 413 413 413 414 414 414 414 414 414 415 415 415 415 415 415 415 416 416 416 416 416 416
332 332 331 331 331 331 331 331 331 330 330 330 330 330 330 329 329 329 329 348 349 348 348 348 348 348 349 348 348 348 348 347 347 348 348 348 347 347 347 348 347 347 347 347 346 347 347 347 346 346 346 346 346 346 345 345 345 346 345 345 345 345 345 346 346 346 412 412 412 413 413 413 413 413 413 414 414 414 414 414 414 414 415 415 415 415 415 415 416 416 416 416 416 416
331 331 331 331 331 330 330 330 330 330 330 330 329 329 329 329 348 348 347 347 348 348 348 348 347 347 348 348 348 347 347 347 347 347 347 347 347 347 346 347 347 347 346 346 346 346 346 346 346 345 345 346 345 345 345 344 344 345 345 345 345 345 345 346 346 346 346 346 412 413 413 413 413 413 413 413 414 414 414 414 414 414 415 415 415 415 415 415 416 416 416 416 416 416
331 331 330 330 330 330 330 330 330 329 329 329 329 329 348 347 347 347 347 347 348 347 347 347 347 347 346 347 347 347 347 346 346 347 347 346 346 346 346 346 346 346 346 345 345 346 346 345 345 345 344 345 345 344 344 344 344 345 345 345 345 345 345 346 346 346 346 346 346 413 413 413 413 413 413 413 414 414 414 414 414 414 415 415 415 415 415 415 416 416 416 416 416 416
330 330 330 330 330 329 329 329 329 329 329 348 347 347 347 347 347 347 346 346 346 347 347 346 346 346 346 347 346 346 346 346 346 346 346 346 346 345 345 346 346 345 345 345 345 345 345 345 344 344 344 344 344 344 344 344 344 345 345 345 345 345 345 346 346 346 346 346 346 346 347 413 413 413 413 413 414 414 414 414 414 414 415 415 415 415 415 415 416 416 416 416 416 416
330 329 329 329 329 329 329 329 329 347 347 347 347 347 347 346 346 346 346 346 345 346 346 346 346 345 345 346 346 346 345 345 345 346 345 345 345 345 344 345 345 345 344 344 344 345 344 344 344 343 343 344 344 344 344 344 344 345 345 345 345 345 345 345 346 346 346 346 346 346 347 347 347 413 413 413 414 414 414 414 414 414 415 415 415 415 415 415 416 416 416 416 416 384
329 329 329 329 329 329 347 347 347 347 347 346 346 346 346 346 346 345 345 345 345 346 345 345 345 345 345 345 345 345 345 345 344 345 345 345 344 344 344 345 344 344 344 343 343 344 344 343 343 343 343 344 344 344 344 344 344 344 345 345 345 345 345 345 346 346 346 346 346 346 347 347 347 347 413 413 414 414 414 414 414 414 415 415 415 415 415 415 416 416 416 416 384 384
329 329 329 329 347 347 347 347 346 346 346 346 346 346 345 345 345 345 345 344 344 345 345 345 344 344 344 345 345 344 344 344 344 344 344 344 344 343 343 344 344 343 343 343 343 343 343 343 343 343 343 344 344 344 344 344 344 344 345 345 345 345 345 345 346 346 346 346 346 346 347 347 347 347 347 347 414 414 414 414 414 414 415 415 415 415 415 415 415 416 384 384 384 245
328 347 347 347 346 346 346 346 346 346 346 345 345 345 345 345 344 344 344 344 344 345 344 344 344 344 343 344 344 344 344 343 343 344 344 343 343 343 343 343 343 343 342 342 342 343 343 343 343 343 343 343 344 344 344 344 344 344 345 345 345 345 345 345 346 346 346 346 346 346 347 347 347 347 347 347 348 348 414 414 414 414 414 415 415 415 415 415 383 384 384 245 245 245
346 346 346 346 346 346 346 345 345 345 345 345 345 344 344 344 344 344 343 343 343 344 344 343 343 343 343 344 343 343 343 343 342 343 343 343 342 342 342 343 342 342 342 342 342 342 343 343 343 343 343 343 344 344 344 344 344 344 345 345 345 345 345 345 346 346 346 346 346 346 347 347 347 347 347 347 347 348 348 414 414 414 414 415 415 415 415 383 383 384 245 245 245 245
346 346 346 345 345 345 345 345 345 345 344 344 344 344 344 343 343 343 343 343 342 343 343 343 343 342 342 343 343 342 342 342 342 343 342 342 342 341 341 341 342 342 342 342 342 342 343 343 343 343 343 343 344 344 344 344 344 344 345 345 345 345 345 345 346 346 346 346 346 346 346 347 347 347 347 347 347 348 348 348 348 414 414 415 415 383 383 383 244 245 245 245 245 245
345 345 345 345 345 345 344 344 344 344 344 344 343 343 343 343 343 342 342 342 342 343 342 342 342 342 342 342 342 342 342 341 341 341 342 341 341 341 341 341 342 342 342 342 342 342 343 343 343 343 343 343 344 344 344 344 344 344 345 345 345 345 345 345 346 346 346 346 346 346 346 347 347 347 347 347 347 348 348 348 348 348 348 383 383 383 383 244 244 244 245 245 245 245
345 345 344 344 344 344 344 344 343 343 343 343 343 343 342 342 342 342 342 341 341 342 342 342 341 341 341 341 341 341 341 341 340 340 341 341 341 341 341 341 342 342 342 342 342 342 343 343 343 343 343 343 344 344 344 344 344 344 345 345 345 345 345 345 345 346 346 346 346 346 346 347 347 347 347 347 347 348 348 348 348 348 316 317 317 244 244 244 244 244 245 245 245 245
344 344 344 344 344 343 343 343 343 343 343 342 342 342 342 342 341 341 341 341 341 341 341 341 341 340 340 340 341 340 340 340 340 340 341 341 341 341 341 341 342 342 342 342 342 342 343 343 343 343 343 343 344 344 344 344 344 344 344 345 345 345 345 345 345 346 346 346 346 346 346 347 347 347 347 347 347 348 348 348 316 316 316 316 194 194 244 244 244 244 245 245 245 245
344 343 343 343 343 343 343 342 342 342 342 342 342 341 341 341 341 341 340 340 340 340 340 340 340 340 340 339 340 340 340 340 340 340 341 341 341 341 341 341 342 342 342 342 342 342 343 343 343 343 343 343 343 344 344 344 344 344 344 345 345 345 345 345 345 346 346 346 346 346 346 347 347 347 347 347 347 347 316 316 316 316 194 194 194 194 194 194 244 244 245 245 245 245
343 343 343 342 342 342 342 342 342 341 341 341 341 341 340 340 340 340 340 339 339 339 340 340 339 339 339 339 340 340 340 340 340 340 341 341 341 341 341 341 342 342 342 342 342 342 342 343 343 343 343 343 343 344 344 344 344 344 344 345 345 345 345 345 345 346 346 346 346 346 346 346 347 347 347 347 315 315 316 316 316 194 194 194 194 194 194 194 194 194 244 245 245 245
342 342 342 342 342 341 341 341 341 341 341 340 340 340 340 340 339 339 339 339 339 338 339 339 339 339 339 339 340 340 340 340 340 340 341 341 341 341 341 341 341 342 342 342 342 342 342 343 343 343 343 343 343 344 344 344 344 344 344 345 345 345 345 345 345 345 346 346 346 346 346 346 347 347 347 315 315 315 316 194 194 194 194 194 194 194 194 194 194 194 194 194 245 245
342 342 341 341 341 341 341 340 340 340 340 340 340 339 339 339 339 338 338 338 338 338 339 339 339 339 339 339 340 340 340 340 340 340 340 341 341 341 341 341 341 342 342 342 342 342 342 343 343 343 343 343 343 344 344 344 344 344 344 344 345 345 345 345 345 345 346 346 346 346 346 346 347 315 315 315 315 194 194 194 194 194 194 194 194 194 194 194 194 194 194 194 194 194
341 341 341 341 340 340 340 340 340 339 339 339 339 339 338 338 338 338 338 338 338 338 339 339 339 339 339 339 339 340 340 340 340 340 340 341 341 341 341 341 341 342 342 342 342 342 342 343 343 343 343 343 343 344 344 344 344 344 344 344 345 345 345 345 345 345 346 346 346 346 346 314 315 315 315 315 194 194 194 194 194 194 194 194 194 194 194 194 194 194 194 194 194 194
340 340 340 340 340 339 339 339 339 339 339 338 338 338 338 338 338 338 338 338 338 338 339 339 339 339 339 339 339 340 340 340 340 340 340 341 341 341 341 341 341 342 342 342 342 342 342 343 343 343 343 343 343 343 344 344 344 344 344 344 345 345 345 345 345 345 346 346 346 314 314 314 314 315 194 194 194 194 194 194 194 194 194 194 194 194 194 194 194 194 194 194 194 194
340 340 339 339 339 339 339 338 338 338 338 338 338 338 338 338 338 338 338 338 338 338 338 339 339 339 339 339 339 340 340 340 340 340 340 341 341 341 341 341 341 342 342 342 342 342 342 342 343 343 343 343 343 343 344 344 344 344 344 344 345 345 345 345 345 345 345 314 314 314 314 314 314 194 194 194 194 194 194 194 194 194 194 194 194 194 194 194 194 194 194 194 194 194
339 339 339 338 338 338 338 338 338 338 338 338 338 338 338 338 338 338 338 338 338 338 338 339 339 339 339 339 339 340 340 340 340 340 340 341 341 341 341 341 341 341 342 342 342 342 342 342 343 343 343 343 343 343 344 344 344 344 344 344 344 345 345 345 345 313 313 314 314 314 314 194 194 194 194 194 194 194 194 194 194 194 194 194 194 194 194 194 194 194 194 194 194 194
338 338 338 338 338 338 338 338 338 338 338 338 338 338 338 338 338 338 338 338 338 338 338 339 339 339 339 339 339 340 340 340 340 340 340 340 341 341 341 341 341 341 342 342 342 342 342 342 343 343 343 343 343 343 343 344 344 344 344 344 344 345 345 313 313 313 313 314 314 194 194 194 194 194 194 194 194 194 194 194 194 194 194 194 194 194 194 194 194 194 194 194 194 194
338 338 338 338 338 338 338 338 338 338 338 338 338 338 338 338 338 338 338 338 338 338 338 339 339 339 339 339 339 339 340 340 340 340 340 340 341 341 341 341 341 341 342 342 342 342 342 342 343 343 343 343 343 343 343 344 344 344 344 344 344 313 313 313 313 313 313 313 194 194 194 194 194 194 194 194 194 194 194 194 194 194 194 194 194 194 194 194 194 194 194 194 194 194
338 338 338 338 338 338 338 338 338 338 338 338 338 338 338 338 338 338 338 338 338 338 338 338 339 339 339 339 339 339 340 340 340 340 340 340 341 341 341 341 341 341 342 342 342 342 342 342 342 343 343 343 343 343 343 344 344 344 344 312 312 312 313 313 313 313 194 194 194 194 194 194 194 194 194 194 194 194 194 194 194 194 194 194 194 194 194 194 194 194 194 194 194 194
338 338 338 338 338 338 338 338 338 338 338 338 338 338 338 338 338 338 338 338 338 338 338 338 339 339 339 339 339 339 340 340 340 340 340 340 341 341 341 341 341 341 341 342 342 342 342 342 342 343 343 343 343 343 343 344 344 312 312 312 312 312 313 313 194 194 194 194 194 194 194 194 194 194 194 194 194 194 194 194 194 194 194 194 194 194 194 194 194 194 194 194 194 194
338 338 338 338 338 338 338 338 338 338 338 338 338 338 338 338 338 338 338 338 338 338 338 338 339 339 339 339 339 339 340 340 340 340 340 340 340 341 341 341 341 341 341 342 342 342 342 342 342 343 343 343 343 343 311 311 312 312 312 312 312 312 194 194 194 194 194 194 194 194 194 194 194 194 194 194 194 194 194 194 194 194 194 194 194 194 194 194 194 194 194 194 194 194
338 338 338 338 338 338 338 338 338 338 338 338 338 338 338 338 338 338 338 338 338 338 338 338 339 339 339 339 339 339 339 340 340 340 340 340 340 341 341 341 341 341 341 342 342 342 342 342 342 342 343 343 311 311 311 311 312 312 312 312 312 194 194 194 194 194 194 194 194 194 194 194 194 194 194 194 194 194 194 194 194 194 194 194 194 194 194 194 194 194 194 194 194 194
338 338 338 338 338 338 338 338 338 338 338 338 338 338 338 338 338 338 338 338 338 338 338 338 338 339 339 339 339 339 339 340 340 340 340 340 340 341 341 341 341 341 341 341 342 342 342 342 342 342 311 311 311 311 311 311 312 312 312 194 194 194 194 194 194 194 194 194 194 194 194 194 194 194 194 194 194 194 194 194 194 194 194 194 194 194 194 194 194 194 194 194 194 194
338 338 338 338 338 338 338 338 338 338 338 338 338 338 338 338 338 338 338 338 338 338 338 338 338 339 339 339 339 339 339 340 340 340 340 340 340 341 341 341 341 341 341 341 342 342 342 342 310 310 311 311 311 311 311 311 311 194 194 194 194 194 194 194 194 194 194 194 194 194 194 194 194 194 194 194 194 194 194 194 194 194 194 194 194 194 194 194 194 194 194 194 194 194
338 338 338 338 338 338 338 338 338 338 338 338 338 338 338 338 338 338 338 338 338 338 338 338 338 339 339 339 339 339 339 340 340 340 340 340 340 340 341 341 341 341 341 341 342 310 310 310 310 310 310 311 311 311 311 194 194 194 194 194 194 194 194 194 194 194 194 194 194 194 194 194 194 194 194 194 194 194 194 194 194 194 194 194 194 194 194 194 194 194 194 194 194 194
338 338 338 338 338 338 338 338 338 338 338 338 338 338 338 338 338 338 338 338 338 338 338 338 338 339 339 339 339 339 339 339 340 340 340 340 340 340 341 341 341 341 341 309 309 310 310 310 310 310 310 311 311 194 194 194 194 194 194 194 194 194 194 194 194 194 194 194 194 194 194 194 194 194 194 194 194 194 194 194 194 194 194 194 194 194 194 194 194 194 194 194 194 194
338 338 338 338 338 338 338 338 338 338 338 338 338 338 338 338 338 338 338 338 338 338 338 338 338 338 339 339 339 339 339 339 340 340 340 340 340 340 341 341 309 309 309 309 309 310 310 310 310 310 311 312 194 194 194 194 194 194 194 194 194 194 194 194 194 194 194 194 194 194 194 194 194 194 194 194 194 194 194 194 194 194 194 194 194 194 194 194 194 194 194 194 194 194
338 338 338 338 338 338 338 338 338 338 338 338 338 338 338 338 338 338 338 338 338 338 338 338 338 338 339 339 339 339 339 339 340 340 340 340 340 340 308 309 309 309 309 309 309 310 310 311 311 311 194 194 194 194 194 194 194 194 194 194 194 194 194 194 194 194 194 194 194 194 194 194 194 194 194 194 194 194 194 194 194 194 194 194 194 194 194 194 194 194 194 194 194 194
