testData/tiles/oneDegreeCosts/grid34.0-45.0-35.0-46.0.asc
ncols   200
nrows   200
xllcorner   34.0
yllcorner   45.0
cellsize   0.005
NODATA_value   -9999.0
[rows 84 to 125 of 200, columns 0 to 93 of 200]
376 376 376 376 376 376 376 376 376 376 376 376 376 376 376 376 376 376 376 376 376 376 376 376 376 376 376 376 376 376 376 376 376 376 376 376 376 376 376 376 376 376 376 376 376 376 376 376 376 376 376 376 376 376 376 376 376 376 376 376 376 376 376 376 376 450 449 449 449 448 448 448 448 447 447 447 446 446 446 445 445 445 444 444 444 443 443 443 442 442 441 441 441 440
376 376 376 376 376 376 376 376 376 376 376 376 376 376 376 376 376 376 376 376 376 376 376 376 376 376 376 376 376 376 376 376 376 376 376 376 376 376 376 376 376 376 376 376 376 376 376 376 376 376 376 376 376 376 376 376 376 376 376 376 451 450 450 450 450 449 449 449 449 448 448 448 447 447 447 446 446 446 445 445 445 444 444 444 443 443 443 442 442 442 441 441 440 440
376 376 376 376 376 376 376 376 376 376 376 376 376 376 376 376 376 376 376 376 376 376 376 376 376 376 376 376 376 376 376 376 376 376 376 376 376 376 376 376 376 376 376 376 376 376 376 376 376 376 376 376 376 376 376 376 451 451 451 451 450 450 450 450 449 449 449 449 448 448 448 447 447 447 447 446 446 446 445 445 445 444 444 444 443 443 442 442 442 441 441 440 440 440
376 376 376 376 376 376 376 376 376 376 376 376 376 376 376 376 376 376 376 376 376 376 376 376 376 376 376 376 376 376 376 376 376 376 376 376 376 376 376 376 376 376 376 376 376 376 376 376 376 376 376 452 452 452 452 451 451 451 451 451 450 450 450 449 449 449 449 448 448 448 448 447 447 447 446 446 446 445 445 445 444 444 444 443 443 443 442 442 441 441 441 440 440 439
376 376 376 376 376 376 376 376 376 376 376 376 376 376 376 376 376 376 376 376 376 376 376 376 376 376 376 376 376 376 376 376 376 376 376 376 376 376 376 376 376 376 376 376 376 376 376 453 453 453 452 452 452 452 452 451 451 451 451 450 450 450 450 449 449 449 448 448 448 448 447 447 447 446 446 446 445 445 445 444 444 444 443 443 443 442 442 441 441 441 440 440 439 439
376 376 376 376 376 376 376 376 376 376 376 376 376 376 376 376 376 376 376 376 376 376 376 376 376 376 376 376 376 376 376 376 376 376 376 376 376 376 376 376 376 376 376 454 454 453 453 453 453 453 452 452 452 452 451 451 451 451 450 450 450 450 449 449 449 448 448 448 448 447 447 447 446 446 446 446 445 445 445 444 444 443 443 443 442 442 442 441 441 440 440 440 439 439
376 376 376 376 376 376 376 376 376 376 376 376 376 376 376 376 376 376 376 376 376 376 376 376 376 376 376 376 376 376 376 376 376 376 376 376 376 376 376 455 454 454 454 454 453 453 453 453 453 452 452 452 452 451 451 451 451 450 450 450 450 449 449 449 449 448 448 448 447 447 447 447 446 446 446 445 445 445 444 444 444 443 443 442 442 442 441 441 440 440 440 439 439 438
376 376 376 376 376 376 376 376 376 376 376 376 376 376 376 376 376 376 376 376 376 376 376 376 376 376 376 376 376 376 376 376 376 376 376 376 455 455 455 454 454 454 454 453 453 453 453 453 452 452 452 452 451 451 451 451 450 450 450 450 449 449 449 449 448 448 448 447 447 447 447 446 446 446 445 445 445 444 444 444 444 548 443 442 442 441 441 441 440 440 439 439 438 438
376 376 376 376 376 376 376 376 376 376 376 376 376 376 376 376 376 376 376 376 376 376 376 376 376 376 376 376 376 376 376 376 456 455 455 455 455 455 454 454 454 454 454 453 453 453 453 452 452 452 452 451 451 451 451 450 450 450 450 449 449 449 449 448 448 448 448 447 447 447 446 446 446 445 445 445 444 444 444 548 548 548 547 547 441 441 441 440 440 439 439 439 438 438
376 376 376 376 376 376 376 376 376 376 376 376 376 376 376 376 376 376 376 376 376 376 376 376 376 376 376 376 376 456 456 456 455 455 455 455 455 454 454 454 454 454 453 453 453 453 452 452 452 452 452 451 451 451 451 450 450 450 449 449 449 449 448 448 448 448 447 447 447 446 446 446 445 445 445 444 444 444 548 548 548 547 547 547 546 441 440 440 440 439 439 438 438 437
376 376 376 376 376 376 376 376 376 376 376 376 376 376 376 376 376 376 376 376 376 376 376 376 376 376 456 456 456 456 456 455 455 455 455 455 454 454 454 454 454 453 453 453 453 452 452 452 452 452 451 451 451 451 450 450 450 450 449 449 449 448 448 448 448 447 447 447 446 446 446 446 445 445 445 444 444 444 548 548 566 586 566 546 546 440 440 440 439 439 438 438 437 437
376 376 376 376 376 376 376 376 376 376 376 376 376 376 376 376 376 376 376 376 376 376 376 457 457 456 456 456 456 456 455 455 455 455 455 454 454 454 454 454 453 453 453 453 452 452 452 452 452 451 451 451 451 450 450 450 450 449 449 449 449 448 448 448 447 447 447 447 446 446 446 445 445 445 444 444 444 548 548 548 586 635 585 546 546 440 440 439 439 438 438 437 437 436
376 376 376 376 376 376 376 376 376 376 376 376 376 376 376 376 376 376 376 376 457 457 457 457 456 456 456 456 456 455 455 455 455 455 454 454 454 454 454 453 453 453 453 453 452 452 452 452 451 451 451 451 450 450 450 450 449 449 449 449 448 448 448 447 447 447 447 446 446 446 445 445 445 444 444 444 443 443 548 547 566 585 565 546 545 440 439 439 438 438 438 437 436 436
376 376 376 376 376 376 376 376 376 376 376 376 376 376 376 376 376 458 457 457 457 457 457 456 456 456 456 456 455 455 455 455 455 454 454 454 454 454 453 453 453 453 453 452 452 452 452 451 451 451 451 450 450 450 450 449 449 449 449 448 448 448 447 447 447 447 446 446 446 445 445 445 444 444 444 443 443 443 547 547 547 546 546 545 545 439 439 439 438 438 437 437 436 436
376 376 376 376 376 376 376 376 376 376 376 376 376 376 458 458 458 457 457 457 457 457 456 456 456 456 456 455 455 455 455 455 454 454 454 454 454 453 453 453 453 453 452 452 452 452 451 451 451 451 450 450 450 450 449 449 449 449 448 448 448 448 447 447 447 446 446 446 445 445 445 444 444 444 443 443 443 442 442 547 546 546 545 545 440 439 439 438 438 437 437 436 436 435
376 376 376 376 376 376 376 376 376 376 376 458 458 458 458 458 457 457 457 457 457 456 456 456 456 456 455 455 455 455 455 454 454 454 454 454 453 453 453 453 453 452 452 452 452 451 451 451 451 450 450 450 450 449 449 449 449 448 448 448 448 447 447 447 446 446 446 445 445 445 445 444 444 443 443 443 442 442 442 441 441 440 440 440 439 439 438 438 437 437 436 436 435 435
376 376 376 376 376 376 376 376 376 458 458 458 458 458 458 457 457 457 457 457 456 456 456 456 456 455 455 455 455 455 454 454 454 454 454 453 453 453 453 453 452 452 452 452 451 451 451 451 450 450 450 450 449 449 449 449 448 448 448 448 447 447 447 446 446 446 446 445 445 445 444 444 444 443 443 442 442 442 441 441 441 440 440 439 439 438 438 437 437 436 436 435 435 434
376 376 376 376 376 376 459 459 458 458 458 458 458 457 457 457 457 457 457 456 456 456 456 456 455 455 455 455 455 454 454 454 454 454 453 453 453 453 453 452 452 452 452 451 451 451 451 450 450 450 450 449 449 449 449 448 448 448 448 447 447 447 446 446 446 446 445 445 445 444 444 444 443 443 443 442 442 441 441 441 440 440 439 439 438 438 438 437 437 436 435 435 434 434
376 376 376 376 459 459 459 458 458 458 458 458 457 457 457 457 457 457 456 456 456 456 456 455 455 455 455 455 454 454 454 454 454 453 453 453 453 453 452 452 452 452 451 451 451 451 451 450 450 450 450 449 449 449 448 448 448 448 447 447 447 446 446 446 446 445 445 445 444 444 444 443 443 443 442 442 441 441 441 440 440 439 439 439 438 438 437 437 436 436 435 434 434 433
376 459 459 459 459 458 458 458 458 458 458 457 457 457 457 457 457 456 456 456 456 456 455 455 455 455 455 454 454 454 454 454 453 453 453 453 453 452 452 452 452 451 451 451 451 451 450 450 450 450 449 449 449 448 448 448 448 447 447 447 447 446 446 446 445 445 445 444 444 444 443 443 443 442 442 442 441 441 440 440 439 439 439 438 438 437 437 436 436 435 434 434 433 433
459 459 459 459 458 458 458 458 458 458 457 457 457 457 457 457 456 456 456 456 456 455 455 455 455 455 454 454 454 454 454 453 453 453 453 453 452 452 452 452 451 451 451 451 451 450 450 450 450 449 449 449 449 448 448 448 447 447 447 447 446 446 446 445 445 445 444 444 444 443 443 443 442 442 442 441 441 440 440 440 439 439 438 438 437 437 436 436 435 435 434 433 433 432
459 459 459 458 458 458 458 458 458 457 457 457 457 457 457 456 456 456 456 456 455 455 455 455 455 454 454 454 454 454 453 453 453 453 453 452 452 452 452 451 451 451 451 451 450 450 450 450 449 449 449 449 448 448 448 447 447 447 447 446 446 446 445 445 445 444 444 444 443 443 443 442 442 442 441 441 440 440 440 439 439 438 438 437 437 436 436 435 435 434 433 433 432 432
459 459 458 458 458 458 458 458 457 457 457 457 457 457 456 456 456 456 456 455 455 455 455 455 454 454 454 454 454 453 453 453 453 453 452 452 452 452 451 451 451 451 451 450 450 450 450 449 449 449 449 448 448 448 447 447 447 447 446 446 446 445 445 445 444 444 444 443 443 443 442 442 442 441 441 440 440 440 439 439 438 438 437 437 436 436 435 435 434 434 433 432 432 432
459 458 458 458 458 458 458 457 457 457 457 457 457 456 456 456 456 456 455 455 455 455 455 454 454 454 454 454 453 453 453 453 453 452 452 452 452 451 451 451 451 451 450 450 450 450 449 449 449 449 448 448 448 447 447 447 447 446 446 446 445 445 445 444 444 444 443 443 443 442 442 442 441 441 441 440 440 439 439 438 438 437 437 436 436 435 435 434 434 433 432 432 432 432
458 458 458 458 458 458 457 457 457 457 457 457 456 456 456 456 456 455 455 455 455 455 454 454 454 454 454 453 453 453 453 453 452 452 452 452 451 451 451 451 451 450 450 450 450 449 449 449 449 448 448 448 447 447 447 447 446 446 446 445 445 445 444 444 444 444 443 443 442 442 442 441 441 441 440 440 439 439 438 438 438 437 437 436 435 435 434 434 433 432 432 432 432 432
458 458 458 458 458 457 457 457 457 457 456 456 456 456 456 456 455 455 455 455 455 454 454 454 454 454 453 453 453 453 453 452 452 452 452 451 451 451 451 451 450 450 450 450 449 449 449 449 448 448 448 447 447 447 447 446 446 446 445 445 445 445 444 444 444 443 443 442 442 442 441 441 441 440 440 439 439 439 438 438 437 437 436 436 435 434 434 433 432 432 432 432 432 432
458 458 458 457 457 457 457 457 457 456 456 456 456 456 456 455 455 455 455 455 454 454 454 454 454 453 453 453 453 453 452 452 452 452 451 451 451 451 451 450 450 450 450 449 449 449 449 448 448 448 447 447 447 447 446 446 446 445 445 445 445 444 444 444 443 443 443 442 442 441 441 441 440 440 439 439 439 438 438 437 437 436 436 435 434 434 433 433 432 432 432 432 432 432
458 458 457 457 457 457 457 457 456 456 456 456 456 456 455 455 455 455 455 454 454 454 454 454 453 453 453 453 453 452 452 452 452 451 451 451 451 451 450 450 450 450 449 449 449 449 448 448 448 447 447 447 447 446 446 446 445 445 445 445 444 444 444 443 443 443 442 442 441 441 441 440 440 439 439 439 438 438 437 437 436 436 435 435 434 433 433 432 432 432 432 432 432 432
458 457 457 457 457 457 457 456 456 456 456 456 455 455 455 455 455 455 454 454 454 454 454 453 453 453 453 453 452 452 452 452 451 451 451 451 451 450 450 450 450 449 449 449 449 448 448 448 447 447 447 447 446 446 446 445 445 445 445 444 444 444 443 443 443 442 442 441 441 441 440 440 439 439 439 438 438 437 437 436 436 435 435 434 433 433 432 432 432 432 432 432 432 432
457 457 457 457 457 457 456 456 456 456 456 455 455 455 455 455 455 454 454 454 454 454 453 453 453 453 453 452 452 452 452 451 451 451 451 451 450 450 450 450 449 449 449 449 448 448 448 447 447 447 447 446 446 446 445 445 445 445 444 444 444 443 443 443 442 442 441 441 441 440 440 440 439 439 438 438 437 437 436 436 435 435 434 433 433 432 432 432 432 432 432 432 432 421
457 457 457 457 457 456 456 456 456 456 455 455 455 455 455 454 454 454 454 454 454 453 453 453 453 452 452 452 452 452 451 451 451 451 450 450 450 450 450 449 449 449 449 448 448 448 447 447 447 447 446 446 446 445 445 445 445 444 444 444 443 443 443 442 442 441 441 441 440 440 440 439 439 438 438 437 437 436 436 435 435 434 433 433 432 432 432 432 432 432 432 432 432 421
457 457 457 456 456 456 456 456 456 455 455 455 455 455 454 454 454 454 454 453 453 453 453 453 452 452 452 452 452 451 451 451 451 450 450 450 450 450 449 449 449 449 448 448 448 447 447 447 447 446 446 446 445 445 445 445 444 444 444 443 443 443 442 442 442 441 441 440 440 440 439 439 438 438 437 437 436 436 435 435 434 434 433 432 432 432 432 432 432 432 432 432 421 421
457 457 456 456 456 456 456 456 455 455 455 455 455 454 454 454 454 454 453 453 453 453 453 452 452 452 452 452 451 451 451 451 450 450 450 450 449 449 449 449 448 448 448 448 447 447 447 447 446 446 446 445 445 445 445 444 444 444 443 443 443 442 442 442 441 441 440 440 440 439 439 438 438 437 437 436 436 435 435 434 434 433 432 432 432 432 432 432 432 432 432 421 421 421
457 456 456 456 456 456 456 455 455 455 455 455 454 454 454 454 454 453 453 453 453 453 452 452 452 452 452 451 451 451 451 450 450 450 450 449 449 449 449 448 448 448 448 447 447 447 447 446 446 446 445 445 445 445 444 444 444 443 443 443 442 442 442 441 441 440 440 440 439 439 438 438 437 437 436 436 435 435 434 434 433 432 432 432 432 432 432 432 432 432 421 421 421 421
456 456 456 456 456 455 455 455 455 455 455 454 454 454 454 454 453 453 453 453 453 452 452 452 452 452 451 451 451 451 450 450 450 450 449 449 449 449 448 448 448 448 447 447 447 447 446 446 446 445 445 445 445 444 444 444 443 443 443 442 442 442 441 441 440 440 440 439 439 438 438 437 437 436 436 435 435 434 434 433 432 432 432 432 432 432 432 432 432 421 421 421 421 421
456 456 456 456 455 455 455 455 455 455 454 454 454 454 454 453 453 453 453 453 452 452 452 452 451 451 451 451 451 450 450 450 450 449 449 449 449 448 448 448 448 447 447 447 447 446 446 446 445 445 445 445 444 444 444 443 443 443 442 442 441 441 441 440 440 440 439 439 438 438 437 437 436 436 435 435 434 434 433 432 432 432 432 432 432 432 432 432 421 421 421 421 421 421
456 456 456 455 455 455 455 455 454 454 454 454 454 454 453 453 453 453 452 452 452 452 452 451 451 451 451 451 450 450 450 450 449 449 449 449 448 448 448 448 447 447 447 447 446 446 446 445 445 445 444 444 444 444 443 443 443 442 442 441 441 441 440 440 440 439 439 438 438 437 437 436 436 435 435 434 434 433 432 432 432 432 432 432 432 432 432 421 421 421 421 421 421 421
456 455 455 455 455 455 455 454 454 454 454 454 453 453 453 453 453 452 452 452 452 452 451 451 451 451 451 450 450 450 450 449 449 449 449 448 448 448 448 447 447 447 447 446 446 446 445 445 445 444 444 444 444 443 443 443 442 442 441 441 441 440 440 440 439 439 438 438 437 437 436 436 435 435 434 434 433 432 432 432 432 432 432 432 432 432 421 421 421 421 421 421 421 421
455 455 455 455 455 455 454 454 454 454 454 453 453 453 453 453 452 452 452 452 452 451 451 451 451 450 450 450 450 450 449 449 449 449 448 448 448 448 447 447 447 446 446 446 446 445 445 445 444 444 444 444 443 443 443 442 442 441 441 441 440 440 440 439 439 438 438 437 437 436 436 435 435 434 434 433 432 432 432 432 432 432 432 432 432 421 421 421 421 421 421 421 421 421
455 455 455 455 454 454 454 454 454 454 453 453 453 453 453 452 452 452 452 452 451 451 451 451 450 450 450 450 450 449 449 449 449 448 448 448 448 447 447 447 446 446 446 446 445 445 445 444 444 444 443 443 443 442 442 442 441 441 441 440 440 440 439 439 438 438 437 437 436 436 435 435 434 434 433 432 432 432 432 432 432 432 432 432 421 421 421 421 421 421 421 421 421 421
455 455 455 454 454 454 454 454 453 453 453 453 453 453 452 452 452 452 451 451 451 451 451 450 450 450 450 449 449 449 449 448 448 448 448 447 447 447 447 446 446 446 446 445 445 445 444 444 444 443 443 443 442 442 442 441 441 441 440 440 439 439 439 438 438 437 437 436 436 435 435 434 434 433 432 432 432 432 432 432 432 432 432 421 421 421 421 421 421 421 421 421 421 421
455 455 454 454 454 454 454 453 453 453 453 453 452 452 452 452 452 451 451 451 451 451 450 450 450 450 449 449 449 449 448 448 448 448 447 447 447 447 446 446 446 446 445 445 445 444 444 444 443 443 443 442 442 442 441 441 441 440 440 439 439 439 438 438 437 437 436 436 435 435 434 434 433 432 432 432 432 432 432 432 432 432 421 421 421 421 421 421 421 421 421 421 421 421
