testData/tiles/oneDegreeCosts/grid9.0-33.0-10.0-34.0.asc
ncols   200
nrows   200
xllcorner   9.0
yllcorner   33.0
cellsize   0.005
NODATA_value   -9999.0
[rows 0 to 41 of 200, columns 0 to 93 of 200]
586 587 588 590 590 591 591 592 594 594 595 595 596 597 598 598 599 599 600 600 602 602 603 603 603 604 604 606 606 606 607 607 608 608 608 609 610 610 611 611 611 612 612 612 612 613 613 613 615 615 615 615 616 616 616 616 617 617 617 617 618 618 618 618 619 619 619 619 619 620 620 620 620 620 621 621 621 621 621 622 622 622 622 661 661 662 611 611 611 611 611 611 611 611
586 587 587 589 590 590 591 592 593 594 594 595 595 596 598 598 599 599 599 600 601 602 602 603 603 604 604 605 606 606 606 607 607 608 608 608 610 610 610 611 611 611 612 612 612 612 613 613 613 614 615 615 615 616 616 616 616 617 617 617 617 618 618 618 618 619 619 619 619 619 620 620 620 620 620 621 621 621 621 621 621 622 661 661 661 660 660 611 611 611 611 611 611 611
585 586 587 589 589 590 591 591 593 593 594 595 595 596 597 598 598 599 599 600 601 601 602 602 603 603 604 604 605 606 606 607 607 607 608 608 608 610 610 610 611 611 611 612 612 612 612 613 613 613 614 615 615 615 616 616 616 616 617 617 617 617 618 618 618 618 618 619 619 619 619 620 620 620 620 620 621 621 621 621 621 621 661 661 660 660 660 660 611 611 611 611 611 611
585 586 586 587 589 589 590 591 591 593 593 594 595 595 596 597 598 598 599 599 600 601 602 602 602 603 603 604 605 605 606 606 607 607 607 608 608 608 610 610 610 611 611 611 612 612 612 612 613 613 613 614 615 615 615 616 616 616 616 617 617 617 617 618 618 618 618 618 619 619 619 619 619 620 620 620 620 620 621 621 621 621 660 659 660 660 660 660 660 611 611 611 611 611
584 585 586 586 588 589 590 590 591 592 593 594 594 595 595 597 597 598 598 599 599 600 601 602 602 602 603 603 604 605 605 606 606 607 607 607 608 608 608 610 610 610 611 611 611 612 612 612 612 613 613 613 614 614 615 615 616 616 616 616 617 617 617 617 618 618 618 618 618 619 619 619 619 619 620 620 620 620 620 621 621 659 659 659 659 660 660 660 660 611 611 611 611 611
584 584 585 586 588 588 589 590 590 591 593 593 594 594 595 596 597 597 598 598 599 599 601 601 602 602 603 603 603 604 605 605 606 606 607 607 607 608 608 608 610 610 610 611 611 611 612 612 612 612 613 613 613 614 614 614 615 616 616 616 616 617 617 617 617 617 618 618 618 618 619 619 619 619 619 620 620 620 620 619 619 659 659 659 659 659 659 660 660 660 611 611 611 611
583 584 585 585 586 588 589 589 590 590 592 593 593 594 594 595 596 597 597 598 598 599 599 601 601 602 602 603 603 603 605 605 606 606 606 607 607 607 608 608 609 610 610 610 611 611 611 612 612 612 612 613 613 613 613 614 614 614 616 616 616 616 616 617 617 617 617 618 618 618 618 618 619 619 619 619 619 619 619 619 619 658 659 659 659 659 659 659 660 660 660 611 611 611
582 583 584 585 586 587 588 589 589 590 591 592 593 593 594 594 596 597 597 598 598 599 599 600 601 601 602 602 603 603 603 605 605 606 606 606 607 607 607 608 608 609 610 610 610 611 611 611 612 612 612 612 613 613 613 613 614 614 614 614 615 615 616 616 617 617 617 617 618 618 618 618 618 618 618 618 618 618 619 619 658 658 658 658 659 659 659 659 659 659 660 660 611 611
581 583 583 584 585 586 587 588 589 589 590 592 592 593 593 594 595 596 597 597 598 598 599 599 600 601 601 602 602 603 603 603 605 605 606 606 606 607 607 607 608 608 609 610 610 610 611 611 611 611 612 612 612 613 613 613 613 614 614 614 614 615 615 615 615 616 616 616 616 616 617 617 617 617 618 618 618 618 618 618 658 658 658 658 658 659 659 659 659 659 659 659 611 611
580 582 583 584 584 585 587 588 588 589 590 590 592 592 593 594 594 595 596 597 597 598 598 599 600 601 601 601 602 602 603 603 603 605 605 606 606 606 607 607 607 608 608 608 610 610 610 611 611 611 611 612 612 612 613 613 613 613 614 614 614 614 615 615 615 615 616 616 616 616 616 617 617 617 617 617 618 618 618 657 657 658 658 658 658 658 658 659 659 659 659 658 658 611
579 580 582 583 584 585 585 587 588 588 589 590 591 592 593 593 594 594 596 596 597 597 598 598 599 600 601 601 601 602 602 603 603 604 605 605 606 606 606 607 607 607 608 608 608 610 610 610 611 611 611 611 612 612 612 613 613 613 613 614 614 614 614 615 615 615 615 615 616 616 616 616 617 617 617 617 617 618 618 657 657 657 657 658 658 658 658 658 658 659 658 658 658 658
578 579 581 582 583 584 585 586 587 588 589 589 590 591 592 593 593 594 594 596 596 597 597 598 598 599 600 601 601 601 602 602 603 603 604 605 605 606 606 606 607 607 607 608 608 608 610 610 610 611 611 611 611 612 612 612 612 613 613 613 614 614 614 614 614 615 615 615 615 616 616 616 616 616 617 617 617 617 617 657 657 657 657 657 658 658 658 658 658 657 657 658 658 658
578 579 581 582 582 583 584 586 587 587 588 589 589 591 592 592 593 593 594 595 596 596 597 597 598 598 600 600 601 601 602 602 602 603 603 604 605 605 606 606 606 607 607 607 608 608 608 610 610 610 611 611 611 611 612 612 612 612 613 613 613 613 614 614 614 614 615 615 615 615 616 616 616 616 616 617 617 617 656 656 657 657 657 657 657 657 658 658 657 657 657 657 658 658
577 578 579 581 582 583 583 584 586 587 587 588 589 589 591 592 592 593 593 594 595 596 596 597 597 598 598 600 600 601 601 602 602 602 603 603 604 605 605 606 606 606 607 607 607 608 608 608 609 610 610 610 611 611 611 612 612 612 612 613 613 613 613 614 614 614 614 615 615 615 615 615 616 616 616 616 616 617 656 656 656 656 657 657 657 657 656 656 657 657 657 657 657 657
576 577 578 580 581 582 583 584 585 586 587 588 588 589 591 591 592 592 593 593 595 595 596 597 597 597 598 598 600 600 601 601 602 602 602 603 603 604 605 605 606 606 606 607 607 607 608 608 608 609 610 610 610 611 611 611 612 612 612 612 613 613 613 613 614 614 614 614 615 615 615 615 615 616 616 616 616 616 656 656 656 656 656 657 657 656 656 656 656 657 657 657 657 657
575 576 577 578 580 581 582 583 584 586 586 587 588 588 589 591 591 592 592 593 593 595 596 596 597 597 598 598 598 600 600 601 601 602 602 602 603 603 604 605 605 606 606 606 607 607 607 608 608 608 608 609 610 610 611 611 611 611 612 612 612 613 613 613 613 614 614 614 614 614 615 615 615 615 616 616 616 655 655 655 656 656 656 655 655 656 656 656 656 656 656 657 657 657
504 575 576 578 580 581 581 582 583 585 586 586 587 588 588 590 591 591 592 592 593 594 595 596 596 597 597 598 598 599 600 600 601 601 602 602 602 603 603 604 605 605 606 606 606 607 607 607 608 608 608 608 609 609 610 611 611 611 611 612 612 612 612 613 613 613 613 614 614 614 614 615 615 615 615 615 616 655 655 655 655 655 655 655 655 655 655 656 656 656 656 656 656 657
504 504 575 577 578 580 581 582 582 583 585 586 587 587 588 589 590 591 591 592 593 593 595 595 596 596 597 597 598 598 599 600 600 601 601 602 602 602 603 603 604 605 605 606 606 606 607 607 607 607 608 608 608 609 609 609 610 611 611 611 612 612 612 612 613 613 613 613 614 614 614 614 614 615 615 615 615 655 654 654 654 654 654 655 655 655 655 655 655 656 656 656 656 656
504 504 504 504 577 579 580 581 582 583 583 585 586 587 587 588 590 590 591 591 592 593 593 595 595 596 596 597 597 598 598 599 600 600 601 601 602 602 602 603 603 604 605 605 605 606 606 606 607 607 607 608 608 608 609 609 609 609 610 610 610 612 612 612 612 613 613 613 613 613 614 614 614 614 614 614 653 653 653 654 654 654 654 654 655 655 655 655 655 655 656 656 656 656
504 504 504 504 504 504 579 580 581 582 583 585 585 586 587 587 588 590 590 591 591 592 593 593 595 595 596 596 597 597 598 598 599 600 600 601 601 602 602 602 603 603 603 605 605 605 606 606 606 607 607 607 608 608 608 609 609 609 609 610 610 610 610 611 611 611 611 612 612 612 612 613 613 613 613 613 653 653 653 653 653 654 654 654 654 654 655 655 655 655 655 655 655 655
504 504 504 504 504 504 504 504 580 581 582 583 585 585 586 587 587 588 590 590 591 592 592 593 593 595 595 596 596 597 597 598 598 599 600 600 601 601 602 602 602 603 603 603 605 605 605 606 606 606 607 607 607 608 608 608 609 609 609 609 610 610 610 610 611 611 611 611 612 612 612 612 613 613 613 613 652 653 653 653 653 653 654 654 654 654 654 654 655 655 655 654 654 654
504 504 504 504 504 504 504 504 504 580 581 582 584 585 585 586 587 588 589 590 590 591 592 592 593 594 595 595 596 596 597 597 598 598 599 600 600 601 601 602 602 602 603 603 603 605 605 605 606 606 606 607 607 607 608 608 608 608 609 609 609 610 610 610 610 611 611 611 611 612 612 612 612 612 613 652 652 652 652 653 653 653 653 653 654 654 654 654 654 654 654 654 654 654
504 504 504 504 504 504 504 504 504 504 504 581 582 584 585 586 586 587 588 589 590 590 591 592 592 593 594 595 595 596 596 597 597 598 598 599 600 600 601 601 601 602 602 603 603 603 604 605 605 606 606 606 607 607 607 608 608 608 608 609 609 609 609 610 610 610 610 611 611 611 611 612 612 612 612 652 652 652 652 652 653 653 653 653 653 653 654 654 653 653 653 654 654 654
504 504 504 504 504 504 504 504 504 504 504 504 504 582 584 585 586 586 587 588 589 590 591 591 592 592 593 594 595 595 596 596 597 597 598 598 599 600 600 601 601 601 602 602 603 603 603 604 604 605 606 606 606 607 607 607 607 608 608 608 609 609 609 609 610 610 610 610 611 611 611 611 612 612 612 651 651 652 652 652 652 652 653 653 653 653 652 653 653 653 653 653 653 654
504 504 504 504 504 504 504 504 504 504 504 504 504 504 504 584 585 586 586 587 588 589 590 591 591 592 592 593 594 595 595 596 596 597 597 598 598 599 600 600 601 601 601 602 602 603 603 603 604 604 604 606 606 606 606 607 607 607 608 608 608 608 609 609 609 610 610 610 610 611 611 611 611 611 651 651 651 651 652 652 652 652 652 652 652 652 652 652 652 653 653 653 653 653
504 504 504 504 504 504 504 504 504 504 504 504 504 504 504 504 504 585 586 586 587 589 589 590 591 591 592 592 593 594 595 595 596 596 597 597 598 598 599 600 600 601 601 601 602 602 602 603 603 603 604 604 604 606 606 606 607 607 607 608 608 608 608 609 609 609 609 610 610 610 610 611 611 611 650 651 651 651 651 651 652 652 651 651 651 652 652 652 652 652 652 653 653 653
504 504 504 504 504 504 504 504 504 504 504 504 504 504 504 504 504 504 504 586 586 587 589 589 590 591 591 592 592 593 594 595 595 596 596 597 597 598 598 599 600 600 601 601 601 602 602 602 603 603 603 604 604 604 605 606 606 607 607 607 607 608 608 608 609 609 609 609 610 610 610 610 611 611 650 650 650 651 651 651 650 650 651 651 651 651 651 652 652 652 652 652 652 653
504 504 504 504 504 504 504 504 504 504 504 504 504 504 504 504 504 504 504 504 504 587 587 589 589 590 591 591 592 592 593 594 595 595 596 596 597 597 597 598 598 600 600 601 601 601 602 602 602 603 603 603 604 604 604 605 605 605 606 607 607 607 608 608 608 608 609 609 609 609 610 610 610 649 650 650 649 649 650 650 650 650 650 651 651 651 651 651 651 652 652 652 652 652
504 504 504 504 504 504 504 504 504 504 504 504 504 504 504 504 504 504 504 504 504 504 587 587 589 589 590 591 591 592 592 593 594 595 595 596 596 597 597 597 598 598 600 600 600 601 601 602 602 602 603 603 603 604 604 604 605 605 605 605 606 606 606 607 607 607 608 609 609 608 608 609 609 648 648 649 649 649 649 649 650 650 650 650 650 651 651 651 651 651 651 652 652 651
504 504 504 504 504 504 504 504 504 504 504 504 504 504 504 504 504 504 504 504 504 504 504 504 587 589 589 590 591 591 592 592 593 594 595 595 596 596 597 597 597 598 598 599 600 600 601 601 601 602 602 603 603 603 604 604 604 604 605 605 605 606 606 606 606 607 607 607 608 608 608 608 608 648 648 648 648 649 649 649 649 649 650 650 650 650 650 651 651 651 651 650 650 651
504 504 504 504 504 504 504 504 504 504 504 504 504 504 504 504 504 504 504 504 504 504 504 504 504 504 589 589 590 591 591 592 592 593 594 595 595 596 596 596 597 597 598 598 599 600 600 601 601 601 602 602 602 603 603 603 604 604 604 605 605 605 606 606 606 606 607 607 607 607 608 608 647 647 648 648 648 648 648 649 649 649 649 649 650 650 650 650 650 651 650 650 650 650
504 504 504 504 504 504 504 504 504 504 504 504 504 504 504 504 504 504 504 504 504 504 504 504 504 504 504 504 589 590 591 591 592 592 593 594 595 595 596 596 596 597 597 598 598 598 599 600 601 601 601 602 602 602 603 603 603 604 604 604 605 605 605 605 606 606 606 607 607 607 607 608 647 647 647 647 648 648 648 648 649 649 649 649 649 650 650 650 649 649 649 650 650 650
504 504 504 504 504 504 504 504 504 504 504 504 504 504 504 504 504 504 504 504 504 504 504 504 504 504 504 504 504 504 590 591 591 592 592 593 594 595 595 596 596 596 597 597 598 598 598 599 599 601 601 601 602 602 602 603 603 603 604 604 604 604 605 605 605 606 606 606 606 607 607 607 646 647 647 647 647 648 648 648 648 648 649 649 649 649 648 649 649 649 649 649 649 650
504 504 504 504 504 504 504 504 504 504 504 504 504 504 504 504 504 504 504 504 504 504 504 504 504 504 504 504 504 504 504 504 504 591 592 592 593 593 595 595 595 596 596 597 597 598 598 598 599 599 599 601 601 602 602 602 603 603 603 603 604 604 604 605 605 605 605 606 606 606 607 607 646 646 646 647 647 647 647 648 648 648 648 648 648 648 648 648 648 649 649 649 649 649
504 504 504 504 504 504 504 504 504 504 504 504 504 504 504 504 504 504 504 504 504 504 504 504 504 504 504 504 504 504 504 504 504 504 504 592 592 593 593 594 595 595 596 596 597 597 597 598 598 599 599 599 600 600 601 602 602 602 603 603 603 604 604 604 605 605 605 605 606 606 606 645 646 646 646 646 647 647 647 647 647 647 647 647 647 647 648 648 648 648 648 649 649 649
504 504 504 504 504 504 504 504 504 504 504 504 504 504 504 504 504 504 504 504 504 504 504 504 504 504 504 504 504 504 504 504 504 504 504 504 504 592 592 593 594 595 595 596 596 597 597 597 598 598 599 599 599 600 600 600 601 601 602 603 603 603 604 604 604 604 605 605 605 605 606 645 645 645 646 646 646 645 646 646 646 646 647 647 647 647 647 648 648 648 648 648 648 649
504 504 504 504 504 504 504 504 504 504 504 504 504 504 504 504 504 504 504 504 504 504 504 504 504 504 504 504 504 504 504 504 504 504 504 504 504 504 504 592 593 593 595 595 596 596 597 597 597 598 598 598 599 599 600 600 600 601 601 601 602 602 602 603 604 604 604 605 605 605 605 645 644 644 644 645 645 645 645 646 646 646 646 646 647 647 647 647 647 648 648 648 648 647
504 504 504 504 504 504 504 504 504 504 504 504 504 504 504 504 504 504 504 504 504 504 504 504 504 504 504 504 504 504 504 504 504 504 504 504 504 504 504 504 504 593 593 594 595 596 596 596 597 597 598 598 598 599 599 599 600 600 600 601 601 601 602 602 602 603 603 603 603 604 643 643 643 644 644 644 644 645 645 645 645 646 646 646 646 646 647 647 647 647 647 647 647 647
504 504 504 504 504 504 504 504 504 504 504 504 504 504 504 504 504 504 504 504 504 504 504 504 504 504 504 504 504 504 504 504 504 504 504 504 504 504 504 504 504 504 504 593 594 595 595 596 596 597 597 598 598 598 599 599 599 600 600 600 601 601 601 602 602 602 602 603 603 603 643 643 643 643 644 644 644 644 645 645 645 645 645 646 646 646 646 646 647 647 646 646 646 647
504 504 504 504 504 504 504 504 504 504 504 504 504 504 504 504 504 504 504 504 504 504 504 504 504 504 504 504 504 504 504 504 504 504 504 504 504 504 504 504 504 504 504 504 504 594 594 595 596 596 597 597 597 598 598 598 599 599 600 600 600 600 601 601 601 602 602 602 603 603 642 642 643 643 643 643 644 644 644 644 645 645 645 645 645 646 646 646 645 645 646 646 646 646
504 504 504 504 504 504 504 504 504 504 504 504 504 504 504 504 504 504 504 504 504 504 504 504 504 504 504 504 504 504 504 504 504 504 504 504 504 504 504 504 504 504 504 504 504 504 504 504 594 595 596 597 597 597 598 598 598 599 599 599 600 600 600 601 601 601 602 602 602 602 642 642 642 642 643 643 643 643 644 644 644 644 645 645 645 644 644 645 645 645 645 645 646 646
504 504 504 504 504 504 504 504 504 504 504 504 504 504 504 504 504 504 504 504 504 504 504 504 504 504 504 504 504 504 504 504 504 504 504 504 504 504 504 504 504 504 504 504 504 504 504 504 504 504 595 595 596 597 597 598 598 598 599 599 599 600 600 600 601 601 601 601 602 641 641 642 642 642 642 643 643 643 643 644 644 644 644 643 644 644 644 644 644 645 645 645 645 645
