testData/tiles/oneDegreeCosts/grid43.0-45.0-44.0-46.0.asc
ncols   200
nrows   200
xllcorner   43.0
yllcorner   45.0
cellsize   0.005
NODATA_value   -9999.0
[rows 0 to 41 of 200, columns 0 to 93 of 200]
439 438 436 434 432 430 428 426 424 422 419 417 415 413 411 408 405 403 399 396 393 391 390 388 387 385 382 382 382 382 382 382 382 382 381 325 325 296 296 296 296 296 295 295 295 295 295 295 295 294 294 294 294 294 294 293 178 178 178 178 178 178 178 178 178 178 178 178 178 178 178 178 178 178 178 178 178 178 178 178 178 178 178 178 178 178 178 178 178 178 178 178 178 178
436 434 431 431 429 427 425 423 421 419 416 413 411 409 407 403 401 398 395 394 393 391 390 388 386 385 382 382 382 382 382 382 382 326 325 325 325 296 296 296 296 296 295 295 295 295 295 295 295 295 294 294 293 293 293 293 178 178 178 178 178 178 178 178 178 178 178 178 178 178 178 178 178 178 178 178 178 178 178 178 178 178 178 178 178 178 178 178 178 178 178 178 178 178
431 431 428 426 424 422 421 419 417 415 412 409 406 404 401 400 399 397 395 394 392 391 389 387 386 384 382 382 382 382 382 326 326 326 325 325 325 296 296 296 296 296 295 295 295 295 295 295 295 294 293 293 293 293 293 178 178 178 178 178 178 178 178 178 178 178 178 178 178 178 178 178 178 178 178 178 178 178 178 178 178 178 178 178 178 178 178 178 178 178 178 178 178 178
427 425 424 422 420 418 416 414 412 409 407 404 403 402 401 399 398 397 396 393 392 390 389 387 385 384 382 382 382 326 326 326 326 326 325 325 325 296 296 296 296 296 295 295 295 295 294 294 294 294 293 293 293 293 293 178 178 178 178 178 178 178 178 178 178 178 178 178 178 178 178 178 178 178 178 178 178 178 178 178 178 178 178 178 178 178 178 178 178 178 178 178 178 178
423 421 419 416 415 413 411 409 408 407 406 404 403 401 400 399 398 396 395 393 391 390 388 387 385 383 327 326 326 326 326 326 326 326 326 325 325 296 296 296 296 296 294 294 294 294 294 294 294 294 293 293 293 293 293 178 178 178 178 178 178 178 178 178 178 178 178 178 178 178 178 178 178 178 178 178 178 178 178 178 178 178 178 178 178 178 178 178 178 178 178 178 178 178
418 417 415 411 410 409 408 407 406 405 404 402 401 401 400 399 397 396 395 392 391 389 388 386 328 327 327 326 326 326 326 326 326 326 326 325 324 295 295 295 295 295 295 294 294 294 294 294 294 294 293 293 293 293 293 178 178 178 178 178 178 178 178 178 178 178 178 178 178 178 178 178 178 178 178 178 178 178 178 178 178 178 178 178 178 178 178 178 178 178 178 178 178 178
414 413 412 412 410 409 408 407 406 405 404 402 401 400 398 397 396 395 393 391 389 332 330 329 327 326 326 325 325 325 325 325 325 325 325 324 324 295 295 295 295 295 295 294 294 294 294 294 294 294 294 293 293 293 293 178 178 178 178 178 178 178 178 178 178 178 178 178 178 178 178 178 178 178 178 178 178 178 178 178 178 178 178 178 178 178 178 178 178 178 178 178 178 178
413 413 412 411 409 408 408 407 406 405 404 402 400 399 398 397 395 394 337 335 333 331 330 328 326 326 326 325 325 325 325 325 325 325 325 324 324 295 295 295 295 295 295 294 294 294 294 294 294 294 294 293 293 293 178 178 178 178 178 178 178 178 178 178 178 178 178 178 178 178 178 178 178 178 178 178 178 178 178 178 178 178 178 178 178 178 178 178 178 178 178 178 178 178
413 412 412 411 409 408 407 406 405 404 403 402 400 399 398 340 339 338 336 335 332 331 329 328 326 326 326 326 325 325 325 325 325 325 325 324 324 295 295 295 295 295 295 294 294 294 294 294 294 294 294 293 293 293 178 178 178 178 178 178 178 178 178 178 178 178 178 178 178 178 178 178 178 178 178 178 178 178 178 178 178 178 178 178 178 178 178 178 178 178 178 178 178 178
413 412 411 410 408 408 407 406 405 404 403 346 343 342 341 340 338 337 336 334 332 330 329 327 326 326 326 326 325 325 325 325 325 325 325 324 324 295 295 295 295 295 295 294 294 294 294 294 294 294 294 293 293 293 178 178 178 178 178 178 178 178 178 178 178 178 178 178 178 178 178 178 178 178 178 178 178 178 178 178 178 178 178 178 178 178 178 178 178 178 178 178 178 178
412 411 411 410 408 407 406 405 348 347 346 345 343 342 341 339 338 337 335 334 331 330 328 327 326 326 326 326 325 325 325 325 325 325 325 325 324 295 295 295 295 295 295 294 294 294 294 294 294 294 294 293 293 293 178 178 178 178 178 178 178 178 178 178 178 178 178 178 178 178 178 178 178 178 178 178 178 178 178 178 178 178 178 178 178 178 178 178 178 178 178 178 178 178
412 411 410 409 353 351 350 349 348 347 346 345 343 341 340 339 338 336 335 333 331 329 328 326 326 326 326 326 325 325 325 325 325 325 325 325 324 295 295 295 295 295 295 295 294 294 294 294 294 294 294 293 293 293 178 178 178 178 178 178 178 178 178 178 178 178 178 178 178 178 178 178 178 178 178 178 178 178 178 178 178 178 178 178 178 178 178 178 178 178 178 178 178 178
355 355 354 353 352 350 349 348 347 346 345 344 343 341 340 338 337 336 334 333 330 329 327 326 326 326 326 326 325 325 325 325 325 325 325 325 324 295 295 295 295 295 295 295 294 294 294 294 294 294 294 293 293 293 178 178 178 178 178 178 178 178 178 178 178 178 178 178 178 178 178 178 178 178 178 178 178 178 178 178 178 178 178 178 178 178 178 178 178 178 178 178 178 178
355 354 353 353 352 350 349 348 347 346 345 344 343 340 339 338 337 335 334 332 331 328 327 326 326 326 326 326 325 325 325 325 325 325 325 325 324 295 295 295 295 295 295 295 294 294 294 294 294 294 294 293 292 178 178 178 178 178 178 178 178 178 178 178 178 178 178 178 178 178 178 178 178 178 178 178 178 178 178 178 178 178 178 178 178 178 178 178 178 178 178 178 178 178
353 354 353 352 351 349 348 347 346 345 344 343 342 340 339 337 336 335 333 332 330 328 326 326 326 326 326 326 325 325 325 325 325 325 325 325 324 295 295 295 295 295 295 295 294 294 294 294 293 293 293 293 292 178 178 178 178 178 178 178 178 178 178 178 178 178 178 178 178 178 178 178 178 178 178 178 178 178 178 178 178 178 178 178 178 178 178 178 178 178 178 178 178 178
353 352 351 351 350 349 348 347 346 345 344 343 342 339 338 337 336 334 333 331 330 327 326 326 326 326 326 326 326 325 325 325 325 325 325 325 324 295 295 295 295 295 295 295 293 293 293 293 293 293 293 293 292 178 178 178 178 178 178 178 178 178 178 178 178 178 178 178 178 178 178 178 178 178 178 178 178 178 178 178 178 178 178 178 178 178 178 178 178 178 178 178 178 178
353 352 351 350 349 348 346 345 344 343 343 342 341 339 338 336 335 334 332 331 329 327 326 326 326 326 326 326 326 325 325 325 325 325 325 325 324 295 295 294 294 294 294 294 293 293 293 293 293 293 293 293 292 178 178 178 178 178 178 178 178 178 178 178 178 178 178 178 178 178 178 178 178 178 178 178 178 178 178 178 178 178 178 178 178 178 178 178 178 178 178 178 178 178
352 351 350 350 349 348 346 345 344 343 342 341 340 337 336 335 334 332 331 329 328 326 326 326 326 326 326 326 325 324 324 324 324 324 324 324 323 294 294 294 294 294 294 294 293 293 293 293 293 293 293 293 292 178 178 178 178 178 178 178 178 178 178 178 178 178 178 178 178 178 178 178 178 178 178 178 178 178 178 178 178 178 178 178 178 178 178 178 178 178 178 178 178 178
352 351 350 349 348 347 345 345 344 342 341 340 339 337 336 334 333 332 330 329 327 325 325 325 325 325 325 325 325 324 324 324 324 324 324 324 324 294 294 294 294 294 294 294 293 293 293 293 293 293 293 293 178 178 178 178 178 178 178 178 178 178 178 178 178 178 178 178 178 178 178 178 178 178 178 178 178 178 178 178 178 178 178 178 178 178 178 178 178 178 178 178 178 178
351 350 350 349 348 347 345 344 343 342 341 340 339 337 335 334 332 331 330 328 327 325 325 325 325 325 325 325 325 324 324 324 324 324 324 324 324 294 294 294 294 294 294 294 293 293 293 293 293 293 293 293 178 178 178 178 178 178 178 178 178 178 178 178 178 178 178 178 178 178 178 178 178 178 178 178 178 178 178 178 178 178 178 178 178 178 178 178 178 178 178 178 178 178
351 350 349 348 347 346 344 344 342 341 340 339 338 337 335 333 332 331 329 328 326 325 325 325 325 325 325 325 325 324 324 324 324 324 324 324 324 294 294 294 294 294 294 294 293 293 293 293 293 293 293 293 178 178 178 178 178 178 178 178 178 178 178 178 178 178 178 178 178 178 178 178 178 178 178 178 178 178 178 178 178 178 178 178 178 178 178 178 178 178 178 178 178 178
351 349 349 348 347 346 344 343 342 341 340 339 338 336 334 333 331 330 329 327 326 325 325 325 325 325 325 325 325 324 324 324 324 324 324 324 324 294 294 294 294 294 294 294 293 293 293 293 293 293 293 293 178 178 178 178 178 178 178 178 178 178 178 178 178 178 178 178 178 178 178 178 178 178 178 178 178 178 178 178 178 178 178 178 178 178 178 178 178 178 178 178 178 178
351 350 348 347 346 345 343 342 341 340 339 338 337 336 333 332 331 329 328 326 326 325 325 325 325 325 325 325 325 324 324 324 324 324 324 324 324 294 294 294 294 294 294 294 293 293 293 293 293 293 293 293 178 178 178 178 178 178 178 178 178 178 178 178 178 178 178 178 178 178 178 178 178 178 178 178 178 178 178 178 178 178 178 178 178 178 178 178 178 178 178 178 178 178
350 349 349 347 346 345 343 342 341 340 339 338 336 335 333 332 330 329 327 326 326 325 325 325 325 325 325 325 325 324 324 324 324 324 324 324 324 294 294 294 294 294 294 294 293 293 293 293 293 293 293 178 178 178 178 178 178 178 178 178 178 178 178 178 178 178 178 178 178 178 178 178 178 178 178 178 178 178 178 178 178 178 178 178 178 178 178 178 178 178 178 178 178 178
350 349 348 347 345 344 342 341 340 339 338 337 336 335 332 331 330 328 327 326 326 325 325 325 325 325 325 325 325 324 324 324 324 324 324 324 324 294 294 294 294 294 294 294 293 293 293 293 293 292 292 178 178 178 178 178 178 178 178 178 178 178 178 178 178 178 178 178 178 178 178 178 178 178 178 178 178 178 178 178 178 178 178 178 178 178 178 178 178 178 178 178 178 178
348 347 346 346 345 344 342 341 340 339 338 337 335 334 332 330 329 328 326 326 326 325 325 325 325 325 325 325 325 324 324 324 324 324 324 324 324 294 294 294 294 294 294 294 292 292 292 292 292 292 292 178 178 178 178 178 178 178 178 178 178 178 178 178 178 178 178 178 178 178 178 178 178 178 178 178 178 178 178 178 178 178 178 178 178 178 178 178 178 178 178 178 178 178
348 347 346 345 344 342 340 339 338 337 336 336 335 334 331 330 329 327 326 326 326 326 325 325 325 325 325 325 325 324 324 324 324 324 324 324 324 294 293 293 293 293 293 293 293 292 292 292 292 292 292 178 178 178 178 178 178 178 178 178 178 178 178 178 178 178 178 178 178 178 178 178 178 178 178 178 178 178 178 178 178 178 178 178 178 178 178 178 178 178 178 178 178 178
347 346 345 345 344 343 340 339 338 337 336 334 333 332 330 328 327 325 325 325 325 324 324 324 324 324 324 324 324 323 323 323 323 323 323 323 323 293 293 293 293 293 293 293 292 292 292 292 292 292 178 178 178 178 178 178 178 178 178 178 178 178 178 178 178 178 178 178 178 178 178 178 178 178 178 178 178 178 178 178 178 178 178 178 178 178 178 178 178 178 178 178 178 178
347 346 345 344 343 342 340 338 337 336 335 334 333 331 329 328 326 325 325 325 325 324 324 324 324 324 324 324 324 323 323 323 323 323 323 323 323 293 293 293 293 293 293 293 292 292 292 292 292 292 178 178 178 178 178 178 178 178 178 178 178 178 178 178 178 178 178 178 178 178 178 178 178 178 178 178 178 178 178 178 178 178 178 178 178 178 178 178 178 178 178 178 178 178
346 345 344 343 343 342 340 339 337 336 334 333 332 331 328 327 326 325 325 325 325 324 324 324 324 324 324 324 324 323 323 323 323 323 323 323 323 293 293 293 293 293 293 293 292 292 292 292 292 292 178 178 178 178 178 178 178 178 178 178 178 178 178 178 178 178 178 178 178 178 178 178 178 178 178 178 178 178 178 178 178 178 178 178 178 178 178 178 178 178 178 178 178 178
345 345 344 343 342 341 339 338 337 335 334 333 331 330 328 326 325 325 325 325 325 324 324 324 324 324 324 324 324 323 323 323 323 323 323 323 323 293 293 293 293 293 293 293 292 292 292 292 292 292 178 178 178 178 178 178 178 178 178 178 178 178 178 178 178 178 178 178 178 178 178 178 178 178 178 178 178 178 178 178 178 178 178 178 178 178 178 178 178 178 178 178 178 178
345 344 343 342 341 341 339 338 336 335 333 332 331 330 327 326 325 325 325 325 325 324 324 324 324 324 324 324 324 323 323 323 323 323 323 323 323 293 293 293 293 293 293 293 292 292 292 292 292 178 178 178 178 178 178 178 178 178 178 178 178 178 178 178 178 178 178 178 178 178 178 178 178 178 178 178 178 178 178 178 178 178 178 178 178 178 178 178 178 178 178 178 178 178
345 344 343 342 341 340 338 337 336 335 334 331 330 329 327 325 325 325 325 325 325 324 324 324 324 324 324 324 324 323 323 323 323 323 323 323 323 293 293 293 293 293 293 293 292 292 292 292 292 178 178 178 178 178 178 178 178 178 178 178 178 178 178 178 178 178 178 178 178 178 178 178 178 178 178 178 178 178 178 178 178 178 178 178 178 178 178 178 178 178 178 178 178 178
345 344 342 341 340 339 337 336 335 334 333 332 330 328 326 325 325 325 325 325 325 324 324 324 324 324 324 324 324 323 323 323 323 323 323 323 323 293 293 293 293 293 293 293 292 292 292 292 292 178 178 178 178 178 178 178 178 178 178 178 178 178 178 178 178 178 178 178 178 178 178 178 178 178 178 178 178 178 178 178 178 178 178 178 178 178 178 178 178 178 178 178 178 178
343 342 342 340 339 339 337 336 335 334 332 331 330 327 325 325 325 325 325 325 325 324 324 324 324 324 324 324 324 323 323 323 323 323 323 323 294 293 293 293 293 293 293 293 291 291 291 291 291 178 178 178 178 178 178 178 178 178 178 178 178 178 178 178 178 178 178 178 178 178 178 178 178 178 178 178 178 178 178 178 178 178 178 178 178 178 178 178 178 178 178 178 178 178
343 342 341 340 338 337 335 334 333 332 331 330 329 326 325 325 325 325 325 325 325 324 324 324 324 324 324 324 324 323 323 323 323 323 323 323 293 292 292 292 292 292 292 292 291 291 291 291 178 178 178 178 178 178 178 178 178 178 178 178 178 178 178 178 178 178 178 178 178 178 178 178 178 178 178 178 178 178 178 178 178 178 178 178 178 178 178 178 178 178 178 178 178 178
342 341 340 339 339 337 335 334 332 331 330 329 328 325 324 324 324 324 324 324 324 323 323 323 323 323 323 323 323 322 322 322 322 322 322 322 292 292 292 292 292 292 292 292 291 291 291 291 178 178 178 178 178 178 178 178 178 178 178 178 178 178 178 178 178 178 178 178 178 178 178 178 178 178 178 178 178 178 178 178 178 178 178 178 178 178 178 178 178 178 178 178 178 178
341 341 340 339 338 336 334 333 332 331 330 328 327 325 325 324 324 324 324 324 324 323 323 323 323 323 323 323 323 322 322 322 322 322 322 322 292 292 292 292 292 292 292 292 291 291 291 291 178 178 178 178 178 178 178 178 178 178 178 178 178 178 178 178 178 178 178 178 178 178 178 178 178 178 178 178 178 178 178 178 178 178 178 178 178 178 178 178 178 178 178 178 178 178
341 340 339 338 337 335 333 332 331 330 329 328 326 325 325 325 324 324 324 324 324 323 323 323 323 323 323 323 322 322 322 322 322 322 322 322 292 292 292 292 292 292 292 292 291 291 291 291 178 178 178 178 178 178 178 178 178 178 178 178 178 178 178 178 178 178 178 178 178 178 178 178 178 178 178 178 178 178 178 178 178 178 178 178 178 178 178 178 178 178 178 178 178 178
340 339 338 338 337 335 334 332 331 329 328 327 326 325 325 325 325 324 324 324 324 323 323 323 323 323 323 323 322 322 322 322 322 322 322 322 292 292 292 292 292 292 292 292 291 291 291 178 178 178 178 178 178 178 178 178 178 178 178 178 178 178 178 178 178 178 178 178 178 178 178 178 178 178 178 178 178 178 178 178 178 178 178 178 178 178 178 178 178 178 178 178 178 178
340 339 338 337 336 334 333 332 330 329 328 326 326 325 325 325 325 325 324 324 323 323 323 323 323 323 323 323 322 322 322 322 322 322 322 322 292 292 292 292 292 292 292 292 291 291 291 178 178 178 178 178 178 178 178 178 178 178 178 178 178 178 178 178 178 178 178 178 178 178 178 178 178 178 178 178 178 178 178 178 178 178 178 178 178 178 178 178 178 178 178 178 178 178
339 338 337 336 335 333 332 331 330 328 327 326 325 325 325 325 325 325 324 324 323 323 323 323 323 323 323 323 322 322 322 322 322 322 322 322 292 292 292 292 292 292 292 292 291 291 291 178 178 178 178 178 178 178 178 178 178 178 178 178 178 178 178 178 178 178 178 178 178 178 178 178 178 178 178 178 178 178 178 178 178 178 178 178 178 178 178 178 178 178 178 178 178 178
