testData/tiles/oneDegreeCosts/grid41.0-33.0-42.0-34.0.asc
ncols   200
nrows   200
xllcorner   41.0
yllcorner   33.0
cellsize   0.005
NODATA_value   -9999.0
[rows 42 to 83 of 200, columns 94 to 187 of 200]
659 659 659 658 658 657 657 657 656 656 656 654 654 863 863 863 772 772 771 770 770 770 769 769 767 767 767 766 766 766 764 764 764 763 764 763 762 762 761 761 761 759 759 758 758 758 756 756 756 755 755 754 753 753 752 751 751 750 750 750 748 748 748 747 746 745 745 745 743 743 743 742 741 740 740 740 738 738 738 736 736 736 735 734 733 733 732 731 731 731 729 729 728 726
659 659 659 658 658 656 656 657 656 656 656 655 654 864 863 863 771 771 771 769 769 770 769 769 769 767 767 766 766 766 765 764 764 763 763 763 761 761 760 760 760 759 759 759 758 758 756 756 756 755 755 754 753 753 753 752 751 750 750 750 748 748 748 747 746 745 745 745 743 743 743 742 741 741 740 740 738 738 738 737 736 736 735 734 733 733 732 730 730 730 728 728 728 726
659 659 659 658 658 657 656 656 655 655 655 655 654 654 863 772 772 771 771 769 769 769 768 768 768 767 767 767 766 766 765 764 764 763 763 763 762 761 760 760 760 759 758 758 757 757 757 755 755 754 754 754 753 753 753 752 751 750 750 750 748 748 748 747 746 746 745 745 744 743 743 742 741 741 740 740 737 737 737 736 735 735 734 733 733 732 732 730 730 730 728 728 728 727
658 658 659 658 658 658 656 656 656 655 655 654 654 653 863 772 772 771 771 771 769 769 768 768 768 767 766 766 765 765 765 764 764 763 763 763 762 761 761 760 760 759 758 758 757 757 757 755 755 755 754 754 752 752 752 751 750 750 749 749 748 747 747 746 746 745 744 744 743 742 742 741 741 740 739 739 738 737 737 736 735 735 734 734 733 732 732 730 730 730 729 728 728 727
659 658 658 657 657 657 656 656 656 655 655 655 654 653 771 771 771 770 771 771 769 769 769 768 768 767 766 766 765 765 765 764 763 762 762 762 761 761 761 760 760 760 758 758 757 757 757 755 755 755 754 754 752 752 752 751 751 750 749 749 749 747 747 746 746 745 744 744 744 742 742 741 741 740 739 739 739 737 737 736 735 735 734 734 733 732 732 731 730 730 728 727 727 726
659 658 658 658 657 657 656 655 655 655 655 655 654 563 772 771 771 770 770 770 768 768 768 768 768 767 766 766 765 765 765 764 763 763 762 762 761 761 760 759 759 759 758 757 757 757 757 756 755 755 754 754 753 752 752 751 751 750 749 749 749 747 747 746 746 745 744 744 744 742 742 742 741 740 739 739 739 737 737 737 736 735 733 733 732 731 731 731 729 729 728 727 727 726
658 658 658 658 657 657 657 655 655 654 654 654 653 563 562 771 771 770 770 770 769 768 768 767 767 767 766 765 765 765 765 764 764 763 762 762 761 761 760 759 759 759 758 757 757 756 756 755 754 754 753 753 753 751 751 750 750 749 748 748 748 746 746 746 745 745 743 743 743 742 741 741 740 739 738 738 738 736 736 736 735 734 734 733 732 731 731 731 729 729 729 727 727 726
658 657 657 657 657 657 657 656 655 655 654 654 562 562 562 770 771 771 770 770 769 768 768 767 767 767 766 765 765 764 764 763 763 763 762 762 762 761 760 759 759 759 758 757 757 756 756 756 754 754 753 753 753 751 751 751 750 749 748 748 748 747 746 746 745 745 743 743 743 742 741 741 740 740 739 738 738 736 736 736 735 734 734 733 733 731 731 731 729 729 729 727 727 726
658 658 657 657 656 656 656 656 655 655 654 563 562 562 562 770 770 770 769 769 769 769 768 767 767 767 766 766 765 764 764 763 763 762 761 761 761 760 760 759 758 759 758 758 757 756 756 756 755 754 753 753 753 751 751 751 750 750 749 748 748 747 746 746 745 745 744 743 743 742 741 741 740 740 739 738 738 737 736 736 735 734 734 733 733 732 730 730 728 728 728 727 726 726
659 658 657 657 656 656 656 655 654 654 653 563 563 562 562 562 770 770 769 769 769 768 767 766 766 767 766 766 765 764 764 764 763 763 761 761 761 760 760 759 758 758 757 757 756 755 755 755 754 753 753 752 753 751 751 751 750 750 749 748 748 747 746 746 745 745 744 743 743 742 741 741 740 740 739 737 737 737 735 735 734 734 733 732 732 731 730 730 729 728 728 727 726 726
658 657 656 657 657 656 656 655 655 654 562 562 562 561 561 562 770 770 769 769 769 768 767 767 766 766 765 765 764 763 763 764 763 763 761 761 761 760 760 759 758 758 758 757 756 755 755 755 754 753 753 752 752 751 750 750 749 749 748 747 747 747 745 745 744 744 744 742 742 742 741 740 739 739 738 737 737 737 735 735 734 734 733 732 732 731 730 730 730 728 728 727 726 726
658 658 656 656 656 655 656 656 655 563 562 562 562 561 561 561 769 769 769 769 769 768 768 767 766 766 766 765 765 763 763 763 762 762 761 760 760 760 760 760 758 758 758 757 757 755 755 755 754 753 753 752 752 752 750 750 749 749 748 747 747 747 746 745 744 744 744 742 742 742 741 740 739 739 739 737 737 737 735 735 735 734 733 732 732 732 730 730 730 727 727 726 725 725
658 658 656 656 656 655 655 655 654 563 562 562 562 561 561 561 560 769 769 768 768 767 767 766 766 766 766 765 765 763 763 763 762 762 762 760 760 760 759 759 757 757 757 756 756 755 754 755 754 754 753 752 752 752 750 750 749 749 749 747 747 747 746 745 745 744 744 742 742 742 741 740 740 739 739 737 737 737 736 735 734 733 732 731 731 731 729 729 729 727 727 727 726 725
657 657 657 656 656 655 655 655 563 563 562 561 561 561 561 561 560 769 769 768 768 767 767 766 765 765 765 764 764 764 763 763 762 762 762 760 760 760 759 759 757 757 757 756 756 755 754 754 754 753 752 751 751 751 750 749 749 748 748 746 746 746 745 744 744 743 743 741 741 741 740 739 739 738 738 736 736 736 735 734 734 733 732 732 731 731 729 729 729 727 727 727 726 725
657 657 657 655 655 655 655 564 563 563 562 561 561 561 560 560 559 768 769 768 768 768 767 767 765 765 765 764 764 764 762 762 761 761 761 759 760 760 759 759 758 757 757 756 756 755 754 754 754 753 752 751 751 751 750 749 749 748 748 746 746 746 745 744 744 743 743 743 741 741 740 739 739 738 738 737 736 736 735 734 734 733 733 732 731 731 729 729 729 728 727 726 725 724
657 657 657 655 655 655 654 563 562 563 563 561 561 561 560 560 559 559 768 767 767 767 766 767 766 765 765 764 764 764 762 762 762 761 761 759 759 759 758 758 758 756 756 756 756 756 754 754 754 753 752 752 751 751 750 749 749 748 748 747 746 746 745 745 744 743 743 743 741 741 740 740 739 738 738 738 736 736 735 734 734 733 733 731 730 730 729 728 728 727 726 726 725 724
657 657 657 656 655 655 563 563 562 562 562 560 560 561 560 560 560 559 768 767 767 767 766 766 765 764 764 764 764 764 762 762 762 761 761 760 759 759 758 758 758 756 756 756 755 755 753 753 753 752 752 751 750 750 749 748 748 747 747 747 745 745 744 744 743 742 742 742 740 740 740 739 738 737 737 737 735 735 735 733 733 732 732 731 730 730 730 728 728 727 726 726 725 724
657 656 656 655 654 564 563 563 563 562 562 561 560 560 559 559 559 559 768 767 767 767 766 766 766 764 764 764 763 763 761 761 761 760 761 761 759 759 758 758 758 756 756 756 755 755 753 753 753 752 752 751 750 750 749 749 748 747 747 747 745 745 745 744 743 742 742 742 740 740 740 739 738 737 737 737 735 735 735 734 733 732 732 731 730 730 730 728 728 727 726 726 725 723
657 656 656 655 655 563 562 562 563 562 562 561 560 560 559 559 559 558 558 767 766 766 766 766 766 764 764 764 763 763 762 761 761 760 760 760 758 758 757 757 757 756 756 756 755 755 754 753 753 752 752 751 750 750 750 749 748 747 747 747 745 745 745 744 743 742 742 742 740 740 740 739 738 737 737 737 735 735 735 734 733 733 732 731 730 729 729 727 727 727 725 725 724 724
656 656 656 656 564 563 562 562 562 561 561 561 560 560 559 559 559 558 558 767 766 766 765 765 765 763 763 764 763 763 763 761 761 760 760 760 759 758 758 757 757 756 755 755 754 754 754 752 752 751 751 750 749 749 749 748 747 747 747 747 745 745 745 744 744 743 742 742 741 740 739 738 738 737 736 736 734 734 734 733 732 732 731 731 729 729 729 727 727 727 726 725 724 724
656 655 655 564 564 563 562 562 562 561 561 561 560 559 558 558 559 558 558 557 766 766 766 765 765 764 763 763 762 762 762 760 760 760 760 760 759 758 758 757 757 756 755 755 754 754 754 752 752 752 751 751 749 749 749 748 747 747 746 746 745 744 744 743 743 742 741 741 740 739 739 738 738 737 736 736 735 734 734 733 732 732 731 731 729 729 729 727 727 727 726 725 725 724
656 655 564 564 563 563 562 561 562 561 561 561 560 559 559 558 558 557 557 557 765 766 766 765 765 764 763 763 762 762 762 761 760 759 759 759 758 757 757 756 756 757 755 755 754 754 754 752 752 752 751 751 749 749 749 748 747 747 746 746 745 744 744 743 743 742 741 741 740 739 739 738 738 737 736 736 736 734 734 733 732 732 731 731 730 729 728 726 726 726 725 724 724 723
655 655 564 564 563 563 562 561 561 560 560 560 560 559 559 558 558 557 557 557 765 765 765 764 764 764 763 763 762 762 762 761 760 760 759 759 758 757 757 756 756 756 754 754 753 753 753 751 751 751 750 750 748 748 749 748 748 747 746 746 746 744 744 743 743 742 741 741 741 739 739 738 738 736 735 735 735 733 733 732 732 731 730 730 729 728 728 727 726 726 725 724 724 723
655 563 563 563 563 563 562 561 561 561 560 560 559 559 558 557 558 558 557 557 556 765 765 764 764 764 762 762 761 761 761 760 760 760 759 759 758 758 757 756 756 756 755 754 754 753 753 752 751 751 750 750 749 748 748 747 747 746 745 745 745 743 743 742 742 741 740 740 740 738 738 737 737 736 735 735 735 733 733 732 732 731 730 730 729 728 728 727 726 726 725 724 724 723
564 564 563 563 562 562 562 560 561 561 560 560 559 559 558 557 557 557 556 556 556 765 765 764 764 764 763 762 761 761 761 760 759 759 758 758 758 757 756 755 756 756 755 754 754 753 753 752 751 751 750 750 750 748 748 747 747 746 745 745 745 743 743 742 742 742 740 740 740 739 738 737 737 736 735 735 735 733 733 733 732 731 730 730 729 728 728 727 725 725 724 723 723 722
563 564 563 563 562 562 562 560 560 560 559 559 559 559 558 557 557 557 556 556 556 764 764 763 763 763 763 762 762 761 761 760 760 759 758 758 758 757 756 755 755 755 754 753 753 752 752 751 750 750 749 749 749 748 748 747 747 746 745 745 745 744 743 743 742 742 740 740 740 739 738 738 737 737 734 734 734 732 732 732 731 730 729 729 729 727 727 727 725 725 724 723 723 722
563 563 562 562 563 562 562 560 560 560 559 559 559 558 557 556 557 557 556 556 556 554 764 763 763 763 762 761 761 760 760 760 760 759 758 758 758 757 756 755 755 755 754 753 753 752 752 752 750 750 749 749 749 747 747 747 746 745 744 744 744 743 742 742 741 741 739 739 739 738 737 737 736 736 734 734 734 733 732 732 731 730 729 729 729 727 727 727 725 725 724 724 723 722
563 563 562 562 562 561 561 560 560 560 559 559 559 558 558 556 556 556 555 555 555 554 764 763 763 763 762 761 761 760 760 760 759 758 757 757 757 756 755 755 755 755 754 754 753 752 752 752 750 750 749 749 749 747 747 747 746 746 744 744 744 743 742 742 741 741 739 739 739 738 737 737 736 736 734 734 734 733 732 732 731 730 730 729 729 727 727 726 724 724 724 723 722 721
562 563 562 562 562 561 561 560 559 559 558 558 559 558 558 557 556 556 555 555 555 554 553 763 762 762 762 762 761 760 760 760 759 758 757 757 757 756 756 755 754 754 753 753 752 751 751 751 750 749 748 748 748 747 747 747 746 746 744 744 744 743 742 742 741 741 740 739 739 738 737 737 736 736 734 733 733 732 731 731 730 730 729 728 728 726 726 726 725 724 724 723 722 721
562 562 561 561 562 561 561 561 559 559 558 558 558 557 557 556 556 556 555 555 555 554 553 763 762 762 761 761 760 759 759 759 759 759 757 757 757 756 756 755 754 754 753 753 752 751 751 751 750 749 749 748 748 747 746 746 745 745 744 743 743 742 741 741 740 740 739 738 738 737 736 736 735 735 734 733 733 732 731 731 730 730 729 728 728 726 726 726 725 724 724 723 722 721
563 562 561 561 561 560 560 560 559 559 558 558 558 557 557 557 555 555 554 554 554 554 553 763 762 762 762 761 760 759 759 759 758 758 757 756 756 755 755 754 753 754 754 753 752 751 751 751 750 749 749 748 748 747 746 746 745 745 744 743 743 742 741 741 740 740 740 738 738 737 737 736 735 735 734 733 733 732 731 731 730 730 729 728 728 726 725 725 724 723 723 722 721 721
562 562 561 561 561 560 560 560 559 558 558 557 558 557 557 557 555 555 555 554 554 553 552 552 761 761 761 761 760 759 759 759 758 758 757 756 756 755 755 754 753 753 753 752 751 750 750 750 749 748 748 747 747 746 746 746 745 745 744 743 743 742 742 741 740 740 740 738 738 737 737 736 735 734 734 732 732 732 730 730 729 729 728 727 727 727 725 725 724 723 723 722 721 721
562 561 561 560 560 560 560 560 559 558 558 557 557 556 556 556 554 555 555 554 554 553 552 552 761 761 761 760 759 758 758 758 757 758 757 756 756 755 755 754 753 753 753 752 752 750 750 750 749 748 748 747 747 747 745 745 744 744 743 742 742 742 741 740 739 739 739 737 737 737 736 735 734 734 734 732 732 732 730 730 729 729 728 727 727 727 725 725 724 723 723 722 721 721
562 562 561 560 560 559 559 559 558 558 558 557 557 556 556 556 554 554 554 553 553 553 553 552 551 761 761 760 760 758 758 758 757 757 756 755 755 755 754 754 752 752 753 752 752 751 750 750 749 749 748 747 747 747 745 745 744 744 744 742 742 742 741 740 739 739 739 737 737 737 736 735 734 734 734 732 732 732 731 730 729 729 728 727 727 726 724 724 723 722 722 721 721 720
561 561 561 560 560 559 559 559 558 557 557 556 556 556 556 556 554 554 554 553 553 553 552 551 550 760 760 760 760 759 758 758 757 757 757 755 755 755 754 754 752 752 752 751 751 750 749 749 748 748 747 746 746 746 744 744 743 743 744 742 742 742 741 740 739 739 739 737 737 736 735 734 733 733 733 731 731 731 730 729 728 728 727 726 726 726 724 724 723 722 722 721 721 720
561 561 560 559 559 560 559 559 558 558 557 556 556 556 555 555 554 553 554 553 553 553 552 551 550 760 760 759 759 758 757 757 756 756 757 755 755 755 754 754 752 752 752 751 751 750 749 749 748 748 747 746 746 746 744 744 743 743 743 741 741 741 740 739 738 738 738 736 736 736 735 734 733 733 733 731 731 731 730 729 729 728 728 726 726 726 724 724 724 722 722 721 721 719
561 561 560 559 559 559 558 558 557 558 557 556 556 556 555 555 554 553 553 552 552 552 551 551 550 550 760 759 759 758 757 757 756 756 756 754 754 754 753 753 751 751 751 750 751 750 749 749 748 748 747 746 746 746 745 744 744 743 743 741 741 741 740 739 739 738 738 736 736 736 735 734 734 733 733 731 731 731 730 729 729 728 728 725 725 725 723 723 723 722 721 720 720 719
560 560 561 559 559 559 558 558 557 557 556 555 555 555 555 555 554 553 553 552 552 552 551 550 549 549 759 758 758 758 757 757 757 756 756 754 754 754 753 753 752 751 751 750 750 749 748 748 748 747 746 745 745 745 744 743 743 742 742 740 740 740 739 738 738 737 737 736 735 735 734 734 733 732 732 730 730 730 729 728 728 727 727 725 725 725 723 723 723 722 721 720 720 719
560 560 560 558 558 558 558 558 557 557 556 555 555 555 554 554 554 552 552 552 552 552 551 551 550 549 549 758 758 758 756 756 756 755 755 753 754 754 753 753 752 751 751 750 750 750 748 748 748 747 746 745 745 745 744 743 743 742 742 740 740 740 739 739 738 737 737 736 735 735 734 734 733 732 732 731 730 730 729 728 728 727 727 725 725 725 723 723 723 722 721 719 719 718
561 560 560 558 558 558 557 557 557 556 557 555 555 555 554 554 554 552 552 551 551 551 550 550 550 549 549 758 758 758 756 756 756 755 755 753 753 753 752 752 752 750 750 749 749 749 748 748 748 747 746 745 745 745 744 743 743 742 742 740 740 740 739 739 738 737 737 736 735 735 734 734 733 732 732 731 730 730 729 728 728 726 726 724 724 724 722 722 722 721 720 719 719 718
560 559 559 558 558 558 557 557 557 556 556 554 554 554 553 554 554 553 552 551 551 551 550 550 549 548 548 548 757 757 756 756 756 755 755 754 753 753 752 752 752 750 750 749 749 749 747 747 747 746 746 744 744 744 743 742 742 741 741 740 739 739 738 738 737 736 736 735 734 734 733 733 732 731 731 730 729 729 728 727 727 726 726 725 724 724 723 722 722 721 720 720 719 718
560 559 559 557 557 557 556 557 557 556 556 554 554 554 553 553 553 552 551 550 551 551 550 550 549 548 548 548 757 757 755 755 755 754 754 753 752 752 752 752 752 750 750 749 749 749 747 747 747 746 746 745 744 744 743 742 742 741 741 741 739 739 738 738 737 736 736 736 734 734 733 733 732 731 731 731 729 729 728 728 727 726 726 725 724 724 723 722 722 720 719 719 718 717
