testData/tiles/oneDegreeCosts/grid38.0-17.0-39.0-18.0.asc
ncols   200
nrows   200
xllcorner   38.0
yllcorner   17.0
cellsize   0.005
NODATA_value   -9999.0
[rows 42 to 83 of 200, columns 94 to 187 of 200]
335 336 336 335 335 335 335 335 335 334 334 334 334 334 333 333 333 333 333 332 332 332 332 332 332 331 331 331 331 330 330 330 330 330 329 329 329 329 329 328 328 328 328 327 327 418 418 418 417 417 417 417 416 416 416 416 415 415 415 415 414 414 414 414 413 413 413 413 412 412 412 412 411 411 411 411 410 410 410 409 409 409 409 408 407 407 406 406 406 405 405 405 405 404
335 335 334 334 334 335 335 335 334 334 334 334 334 333 333 333 333 333 333 332 332 332 332 332 331 331 331 331 331 330 330 330 330 329 329 329 329 329 328 328 328 328 328 327 327 327 327 417 417 417 417 416 416 416 416 415 415 415 415 414 414 414 414 413 413 413 413 412 412 412 412 411 411 411 411 410 410 410 409 409 408 408 407 407 407 406 406 406 406 405 405 405 404 404
335 334 334 334 334 334 334 333 333 333 334 334 333 333 333 333 333 333 332 332 332 332 332 331 331 331 331 331 330 330 330 330 329 329 329 329 329 328 328 328 328 328 327 327 327 327 326 326 326 326 416 416 416 416 416 415 415 415 415 414 414 414 414 413 413 413 412 412 412 412 411 411 411 411 410 409 409 409 408 408 408 407 407 407 407 406 406 406 405 405 405 404 404 404
334 334 334 334 334 334 333 333 333 333 333 332 332 332 332 332 333 332 332 332 332 332 331 331 331 331 331 330 330 330 330 330 329 329 329 329 328 328 328 328 328 327 327 327 327 326 326 326 326 326 325 325 416 416 415 415 415 415 414 414 414 414 413 413 413 413 412 412 412 410 410 410 410 409 409 409 409 408 408 408 407 407 407 407 406 406 406 405 405 405 404 404 404 404
334 334 334 334 334 333 333 333 333 333 332 332 332 332 332 332 331 331 331 331 331 330 330 330 331 331 330 330 330 330 330 329 329 329 329 328 328 328 328 328 327 327 327 327 326 326 326 326 326 325 325 325 325 324 324 415 415 414 414 414 414 412 412 412 412 411 411 411 411 410 410 410 409 409 409 409 408 408 408 408 407 407 407 406 406 406 405 405 405 405 403 403 403 402
334 334 334 334 333 333 333 333 333 332 332 332 332 332 332 331 331 331 331 331 330 330 330 330 330 329 329 329 329 329 328 328 328 328 327 327 327 327 327 327 327 327 327 326 326 326 325 325 324 324 324 324 323 323 323 323 322 413 413 413 412 412 412 412 411 411 411 411 410 410 410 410 409 409 409 408 408 408 408 407 407 407 406 406 406 406 405 404 404 403 403 403 402 402
333 333 334 333 333 333 333 333 332 332 332 332 332 332 331 331 331 331 331 330 330 330 330 330 329 329 329 329 329 328 328 328 328 327 327 327 327 327 326 326 326 326 326 325 325 325 325 324 324 324 324 323 323 323 323 322 322 322 322 321 412 412 412 411 411 411 411 410 410 410 410 409 409 409 408 408 408 408 407 407 407 406 406 405 405 404 404 404 403 403 403 402 402 402
333 333 332 332 332 332 332 332 332 332 332 332 332 331 331 331 331 331 330 330 330 330 330 329 329 329 329 329 328 328 328 328 328 327 327 327 327 326 326 326 326 326 325 325 325 325 324 324 324 324 323 323 323 323 322 322 322 322 321 321 321 321 320 411 411 411 410 410 410 410 409 409 409 409 408 408 408 407 406 406 406 405 405 405 404 404 404 403 403 403 403 402 402 402
333 332 332 332 332 332 331 331 331 331 331 331 330 331 331 331 331 330 330 330 330 330 329 329 329 329 329 328 328 328 328 328 327 327 327 327 326 326 326 326 326 325 325 325 325 324 324 324 324 323 323 323 323 323 322 322 322 322 321 321 321 321 320 320 320 319 410 410 410 409 409 409 408 407 407 407 406 406 406 406 405 405 405 404 404 404 404 403 403 403 402 402 402 401
332 332 332 332 332 331 331 331 331 331 331 330 330 330 330 330 329 329 329 330 330 329 329 329 329 329 328 328 328 328 328 327 327 327 327 326 326 326 326 326 325 325 325 325 324 324 324 324 324 323 323 323 323 322 322 322 322 321 321 321 321 320 320 320 320 319 318 318 317 408 408 408 407 407 407 407 406 406 406 405 405 405 404 404 404 404 403 403 403 402 402 402 400 400
332 332 332 332 331 331 331 331 331 331 330 330 330 330 330 329 329 329 329 329 328 328 328 328 328 327 327 327 327 328 327 327 327 327 326 326 326 326 326 325 325 325 325 324 324 324 324 324 323 323 323 323 322 322 322 322 320 320 320 320 319 319 319 319 318 318 318 318 317 317 317 316 407 407 407 406 406 406 405 405 405 405 404 404 404 403 403 403 401 401 401 400 400 400
331 332 332 331 331 331 331 331 331 330 330 330 330 330 329 329 329 329 329 328 328 328 328 328 327 327 327 327 327 326 326 326 326 325 325 325 325 325 324 324 324 324 323 323 323 323 323 322 322 322 322 321 321 321 321 320 320 320 320 319 319 319 319 318 318 318 318 317 317 317 316 316 316 316 315 406 406 405 405 405 405 404 404 404 402 402 402 401 401 401 401 400 400 400
331 331 330 330 330 331 331 331 330 330 330 330 330 329 329 329 329 329 328 328 328 328 328 327 327 327 327 327 326 326 326 326 326 325 325 325 325 324 324 324 324 324 323 323 323 323 322 322 322 322 321 321 321 321 320 320 320 320 319 319 319 319 318 318 318 318 317 317 317 317 316 316 316 315 315 315 315 314 405 405 403 403 403 402 402 402 402 401 401 401 400 400 400 399
331 330 330 330 330 330 330 329 329 329 329 330 329 329 329 329 329 328 328 328 328 328 327 327 327 327 327 326 326 326 326 326 325 325 325 325 324 324 324 324 324 323 323 323 323 322 322 322 322 321 321 321 321 320 320 320 320 319 319 319 319 318 318 318 318 317 317 317 317 316 316 316 315 315 314 314 313 313 313 312 312 403 403 402 402 402 401 401 401 400 400 400 399 399
330 330 330 330 330 329 329 329 329 329 329 328 328 328 328 328 327 328 328 328 328 327 327 327 327 327 326 326 326 326 326 325 325 325 325 324 324 324 324 324 323 323 323 323 322 322 322 322 321 321 321 321 320 320 320 320 319 319 319 319 318 318 318 318 317 317 317 317 315 315 315 314 314 314 314 313 313 313 312 312 312 312 311 311 402 401 401 401 400 400 400 399 399 398
330 330 330 330 329 329 329 329 329 329 328 328 328 328 328 327 327 327 327 327 326 326 326 326 326 325 325 326 326 326 325 325 325 325 324 324 324 324 324 323 323 323 323 322 322 322 322 321 321 321 321 321 320 320 320 320 319 319 318 317 317 317 317 316 316 316 316 315 315 315 315 314 314 314 313 313 313 313 312 312 312 311 311 311 310 310 310 310 400 399 399 398 398 398
330 330 330 329 329 329 329 329 329 328 328 328 328 328 327 327 327 327 327 326 326 326 326 326 325 325 325 325 325 324 324 324 324 323 323 323 323 323 322 322 322 322 321 321 321 321 320 320 320 320 320 319 319 319 319 318 318 318 318 317 317 317 316 316 316 316 315 315 315 315 314 314 314 313 313 313 313 312 312 312 311 311 311 310 310 309 309 308 308 308 307 398 398 397
329 329 328 328 328 329 329 329 328 328 328 328 328 327 327 327 327 327 326 326 326 326 326 325 325 325 325 325 324 324 324 324 323 323 323 323 323 322 322 322 322 321 321 321 321 321 320 320 320 320 319 319 319 319 318 318 318 318 317 317 317 317 316 316 316 315 315 315 315 314 314 314 314 313 313 313 312 312 312 311 310 310 310 309 309 309 308 308 308 307 307 307 306 306
329 328 328 328 328 328 328 327 327 327 328 328 327 327 327 327 327 326 326 326 326 326 325 325 325 325 325 324 324 324 324 323 323 323 323 323 322 322 322 322 321 321 321 321 321 320 320 320 320 319 319 319 319 318 318 318 318 317 317 317 317 316 316 316 315 315 315 315 314 314 314 314 313 313 313 311 311 311 311 310 310 310 309 309 309 308 308 308 307 307 307 306 306 306
328 328 328 328 328 328 327 327 327 327 327 326 326 326 326 326 325 326 326 326 326 325 325 325 325 325 324 324 324 324 323 323 323 323 323 322 322 322 322 321 321 321 321 321 320 320 320 320 319 319 319 319 318 318 318 318 317 317 317 317 316 316 316 316 315 315 315 314 313 313 313 312 312 312 311 311 311 311 310 310 310 309 309 309 308 308 308 307 307 307 307 306 306 305
328 328 328 328 327 327 327 327 327 327 326 326 326 326 326 325 325 325 325 325 324 324 324 324 324 323 324 324 324 323 323 323 323 323 322 322 322 322 321 321 321 321 321 320 320 320 320 319 319 319 319 318 318 318 318 317 317 317 317 315 315 315 315 314 314 314 313 313 313 313 312 312 312 311 311 311 311 310 310 310 309 309 309 308 308 309 309 308 308 307 306 306 306 305
328 328 328 327 327 327 327 327 327 326 326 326 326 326 325 325 325 325 325 324 324 324 324 324 323 323 323 323 322 322 322 322 322 321 321 321 321 320 320 320 320 320 319 319 319 319 318 318 318 318 317 317 317 317 316 316 316 316 315 315 315 315 314 314 314 313 313 313 313 313 313 313 313 312 312 312 311 311 311 310 310 310 310 309 309 308 307 307 307 306 306 306 305 305
327 327 326 326 326 327 327 327 326 326 326 326 326 325 325 325 325 325 324 324 324 324 324 323 323 323 323 322 322 322 322 322 321 321 321 321 320 320 320 320 320 319 319 319 319 318 318 318 318 317 317 317 317 316 316 316 316 315 315 315 316 315 315 315 315 314 314 314 313 313 313 313 312 312 312 311 311 311 311 310 309 309 308 308 308 307 307 307 306 306 306 305 305 305
327 326 326 326 326 326 325 325 325 325 325 326 325 325 325 325 325 324 324 324 324 324 323 323 323 323 322 322 322 322 322 321 321 321 321 321 320 320 320 320 319 319 319 319 318 318 318 318 317 317 317 317 317 317 317 317 316 316 316 316 315 315 315 315 314 314 314 313 313 313 313 312 312 312 310 310 310 310 309 309 309 308 308 308 307 307 307 306 306 306 305 305 305 304
326 326 326 326 326 325 325 325 325 325 325 324 324 324 324 324 323 323 324 324 324 323 323 323 323 322 322 322 322 322 321 321 321 321 321 320 320 320 320 319 319 319 319 318 318 319 319 318 318 318 318 317 317 317 317 316 316 316 316 315 315 315 315 314 314 314 313 312 312 312 311 311 311 310 310 310 310 309 309 309 308 308 308 307 307 307 306 306 306 306 305 305 304 303
326 326 326 326 325 325 325 325 325 325 324 324 324 324 324 323 323 323 323 323 322 322 322 322 321 321 321 321 321 321 321 321 321 321 320 320 320 320 319 320 320 320 319 319 319 319 318 318 318 318 317 317 317 317 316 316 315 315 314 314 314 314 313 313 313 313 312 312 312 311 311 311 311 310 310 310 309 309 309 308 308 308 307 307 307 307 306 306 305 304 304 304 303 303
325 325 326 325 325 325 325 325 324 324 324 324 324 324 323 323 323 323 323 322 322 322 322 321 321 321 321 321 320 320 320 320 320 320 320 320 320 319 319 319 319 318 318 318 318 317 317 317 317 316 316 316 316 315 315 315 315 314 314 314 314 313 313 313 313 312 312 312 311 311 311 311 310 310 311 310 310 310 309 309 309 309 308 307 307 306 306 306 305 305 305 304 304 304
325 325 324 324 324 324 324 324 324 324 324 324 323 323 323 323 323 322 322 322 322 322 321 321 321 321 321 320 320 321 321 321 320 320 320 320 319 319 319 319 318 318 318 318 317 317 317 317 317 316 316 316 315 315 315 315 314 314 314 314 313 313 313 314 313 313 313 312 312 312 312 311 311 311 310 310 310 310 308 308 308 307 307 307 306 306 306 305 305 305 304 304 304 303
325 324 324 324 324 324 323 323 323 323 323 322 322 323 323 323 322 322 322 322 322 321 321 321 322 322 321 321 321 321 321 320 320 320 320 319 319 319 319 318 318 318 318 317 317 317 317 317 316 316 316 316 315 315 315 315 315 315 315 314 314 314 314 313 313 313 312 312 312 312 311 311 310 309 309 309 309 308 308 308 307 307 307 306 306 306 305 305 305 304 304 304 303 303
324 324 324 324 324 323 323 323 323 323 322 322 322 322 322 321 321 321 321 321 321 321 322 322 322 321 321 321 321 320 320 320 320 320 319 319 319 319 318 318 318 318 317 317 317 317 317 316 317 317 317 316 316 316 315 315 315 315 314 314 314 314 313 312 312 312 311 311 311 310 310 310 309 309 309 309 308 308 308 307 307 307 306 306 306 305 305 305 304 304 304 302 302 302
324 324 324 324 323 323 323 323 323 322 322 322 322 322 322 322 322 322 322 321 321 321 321 321 320 320 320 320 319 319 319 319 319 318 318 318 318 318 318 318 318 318 318 318 318 318 317 316 316 316 315 315 315 315 314 314 314 313 313 313 313 312 312 312 312 311 311 311 310 310 310 310 309 309 309 308 308 308 307 307 307 306 306 306 305 305 304 304 303 303 302 302 302 301
323 323 323 322 323 323 323 323 322 322 322 322 323 322 322 322 322 322 321 321 321 321 321 320 320 320 320 319 319 319 319 319 318 318 318 318 318 318 318 318 318 317 317 317 317 316 316 316 316 315 315 315 315 314 314 314 313 313 313 313 312 312 312 312 311 311 311 310 310 310 310 309 309 309 308 308 308 307 307 307 308 306 306 306 305 305 305 304 304 304 303 303 303 302
323 323 322 322 322 322 322 322 322 322 323 323 322 322 322 322 322 321 321 321 321 321 320 320 320 320 319 319 319 319 319 319 319 319 319 318 318 318 318 318 317 317 317 317 316 316 316 316 315 315 315 315 314 314 314 313 313 313 313 312 312 312 312 311 311 311 311 311 311 311 310 310 310 309 309 308 307 307 307 307 306 306 306 305 305 305 304 304 304 303 303 303 302 302
322 322 322 322 323 323 322 322 322 322 322 321 321 321 321 321 320 321 321 321 321 320 320 320 320 319 320 320 320 320 319 319 319 319 318 318 318 318 317 317 317 317 317 316 316 316 316 315 315 315 315 314 314 314 313 313 313 313 313 313 313 313 312 312 312 311 311 311 310 309 309 309 308 308 308 308 307 307 307 306 306 306 305 305 305 304 304 304 303 303 303 302 302 301
322 323 323 323 323 322 322 322 322 322 321 321 321 321 321 320 320 320 320 320 320 320 320 320 319 319 319 319 320 319 319 319 319 318 318 318 318 317 317 317 317 317 316 316 316 316 315 315 315 315 314 315 315 315 314 314 314 312 312 312 312 311 311 311 310 310 310 310 309 309 309 308 308 308 308 307 307 307 306 306 306 305 305 305 304 304 304 303 302 302 301 301 301 300
322 322 323 322 322 322 322 322 322 321 321 321 321 321 320 320 320 320 320 320 320 320 320 319 319 319 319 319 318 318 318 318 317 317 317 317 316 316 316 316 316 316 316 316 316 315 315 315 315 314 314 314 314 313 313 313 312 312 312 312 311 311 311 311 310 310 310 309 309 309 308 308 308 308 307 307 307 306 306 306 305 305 305 303 303 303 302 302 302 301 301 301 300 300
322 322 321 321 321 321 321 321 321 321 321 321 320 320 321 321 321 320 320 320 320 320 319 319 319 319 319 318 318 318 318 317 317 317 317 316 316 316 316 317 316 316 316 316 315 315 315 315 314 314 314 314 313 313 313 312 312 312 312 311 311 311 311 310 310 310 309 309 309 309 308 308 308 307 307 307 306 305 305 304 304 304 303 303 303 302 302 303 302 302 302 301 301 301
322 321 321 321 321 321 321 321 321 321 321 320 320 320 320 321 320 320 320 320 320 319 319 319 319 319 318 318 318 318 317 317 317 318 317 317 317 317 317 316 316 316 316 315 315 315 315 314 314 314 314 313 313 313 312 312 312 312 311 311 311 311 310 310 310 309 309 309 309 308 308 308 307 307 307 306 306 306 305 305 305 304 304 304 303 303 303 302 302 302 301 301 301 300
321 321 321 321 321 321 321 321 321 321 320 320 320 320 320 319 319 319 319 319 318 318 318 318 318 318 318 318 318 318 318 318 318 317 317 317 317 317 316 316 316 316 315 315 315 315 314 314 314 314 313 313 313 312 312 312 312 311 311 311 311 310 310 310 309 309 309 309 308 308 308 307 307 307 306 306 306 305 305 305 305 304 304 304 303 303 303 302 302 300 300 300 299 299
321 321 321 322 321 321 321 321 321 320 320 320 320 320 319 319 319 319 319 318 318 318 318 318 318 318 318 318 317 317 317 317 316 316 316 316 316 315 315 315 315 314 314 314 314 313 313 313 313 312 312 312 312 312 312 312 311 311 311 311 310 310 310 309 309 309 309 308 308 308 307 307 307 306 306 306 306 305 305 305 304 304 304 303 302 302 301 301 301 300 300 299 299 299
321 321 321 320 320 320 321 321 320 320 320 320 320 319 319 319 319 319 318 318 319 319 318 318 318 318 318 317 317 317 317 316 316 316 316 315 315 315 315 315 314 314 314 314 313 313 313 314 313 313 313 312 312 312 312 311 311 311 311 310 310 310 309 309 309 309 308 308 308 307 307 307 306 306 306 306 305 305 305 303 303 303 302 302 302 301 301 301 300 300 299 299 299 298
321 321 320 320 320 320 320 319 319 319 319 319 319 319 319 319 320 319 319 319 319 318 318 318 318 318 317 317 317 317 316 316 316 316 315 315 315 315 315 314 314 315 315 314 314 314 314 313 313 313 312 312 312 312 311 311 311 311 310 310 310 309 309 309 309 308 308 308 307 307 307 306 305 305 305 304 304 304 303 303 303 302 302 302 301 301 301 300 300 300 299 299 298 298
