testData/tiles/oneDegreeCosts/grid31.0-36.0-32.0-37.0.asc
ncols   200
nrows   200
xllcorner   31.0
yllcorner   36.0
cellsize   0.005
NODATA_value   -9999.0
[rows 42 to 83 of 200, columns 0 to 93 of 200]
637 637 637 637 637 637 637 637 637 637 638 638 576 576 577 577 578 578 579 579 580 580 581 581 582 582 584 584 585 586 587 588 589 589 591 591 593 593 594 595 596 597 598 598 600 600 602 602 603 604 605 605 607 607 609 609 609 479 480 480 482 483 484 485 485 487 487 488 489 490 490 492 492 493 494 495 495 497 497 498 499 500 500 502 501 502 503 504 504 506 506 507 508 508
638 638 638 638 638 638 638 638 638 638 638 638 639 576 577 577 578 578 579 579 580 580 581 581 582 582 583 584 585 585 587 587 589 589 590 591 592 593 594 594 596 596 598 598 599 600 601 602 603 603 605 605 606 607 608 609 610 479 481 481 482 483 484 484 486 486 488 488 488 489 490 490 492 492 493 494 495 495 497 497 498 499 500 500 502 502 503 504 505 505 506 506 507 507
638 638 638 638 638 638 638 638 638 638 638 638 638 576 576 577 577 578 578 579 579 580 580 581 581 582 583 583 585 585 587 587 588 589 590 591 592 592 594 594 595 596 597 598 599 599 601 601 603 603 604 605 606 606 608 608 610 479 480 481 482 482 484 484 485 486 487 488 489 489 491 491 492 493 494 494 495 495 496 497 498 498 500 500 501 502 503 503 504 505 506 506 508 508
638 638 638 638 638 638 638 638 638 638 638 638 638 640 577 578 578 579 579 580 580 581 581 582 582 583 583 584 584 586 586 588 588 589 590 591 592 593 593 595 595 597 597 598 599 600 600 602 602 604 604 605 605 606 606 608 608 479 479 480 481 482 483 484 485 485 487 487 488 489 490 491 492 492 493 494 494 496 496 497 498 499 499 499 500 501 501 503 503 504 505 506 506 508
638 639 639 639 639 639 639 639 639 639 639 639 639 640 577 578 578 579 579 580 580 581 581 582 582 583 583 584 584 585 586 587 588 589 589 591 591 593 593 594 595 596 597 598 598 600 600 601 602 603 604 605 605 607 607 608 609 479 480 481 481 483 483 484 484 485 485 487 487 488 489 490 490 492 492 493 494 495 495 497 497 498 499 500 500 502 502 503 504 504 504 506 506 507
639 639 639 639 639 639 639 639 639 639 639 639 639 639 577 577 578 578 579 580 580 581 581 582 582 583 583 584 584 585 585 587 587 589 589 590 591 592 593 594 594 596 596 598 598 599 600 601 601 603 603 605 605 606 607 608 608 479 479 481 481 482 483 484 484 486 486 487 488 489 489 491 491 491 492 493 493 495 495 496 497 498 498 500 500 501 502 503 503 504 505 506 506 508
639 639 639 639 639 639 639 639 639 639 639 639 639 639 640 577 578 578 579 579 580 581 582 582 583 583 584 584 585 585 586 587 588 588 590 590 591 592 593 594 595 595 597 597 598 598 599 600 601 601 603 603 605 605 606 607 608 478 479 479 480 481 482 483 484 484 486 486 487 488 489 489 491 491 492 493 494 494 496 496 496 497 498 498 500 500 501 501 503 503 504 505 506 506
639 639 639 639 639 640 640 640 640 640 640 640 640 640 641 578 579 579 580 580 581 581 582 582 583 583 584 584 585 585 586 586 588 588 589 590 591 592 593 593 595 595 596 597 598 599 600 600 602 602 603 604 605 606 607 607 609 478 479 480 480 480 482 482 483 484 485 486 487 487 489 489 490 491 492 492 494 494 495 496 497 497 498 499 500 500 502 501 502 503 504 504 505 506
640 640 640 640 640 640 640 640 640 640 640 640 640 640 641 578 579 579 580 580 581 581 582 582 583 583 584 584 585 585 586 586 587 588 589 589 591 591 593 593 594 595 596 596 598 598 600 600 601 602 603 603 605 605 607 607 608 478 479 479 481 481 482 483 484 484 486 486 487 487 488 488 490 490 491 492 493 493 495 495 496 497 498 498 500 500 501 502 503 503 503 505 505 505
640 640 640 640 640 640 640 640 640 640 640 640 640 640 640 641 579 579 579 580 580 581 581 582 582 583 583 584 584 585 585 586 586 587 588 589 589 591 591 593 593 594 595 596 596 598 598 600 600 601 602 603 603 605 605 607 607 477 478 479 479 481 481 482 483 484 484 486 486 487 488 489 489 491 491 492 493 493 493 495 495 496 497 498 498 500 500 501 501 503 503 504 505 506
640 640 640 640 640 640 640 640 640 640 640 640 640 641 641 642 579 580 580 581 581 582 582 583 583 584 584 585 585 586 586 587 587 588 588 590 590 591 592 593 594 595 595 597 597 598 599 600 601 602 602 604 603 604 605 606 606 477 477 479 479 480 481 482 482 484 484 485 486 487 487 489 489 490 491 492 492 494 494 495 496 497 497 497 498 499 499 501 501 502 503 504 504 505
640 640 641 641 641 641 641 641 641 641 641 641 641 641 641 642 642 580 580 581 581 582 582 583 583 584 584 585 585 586 586 587 587 588 588 589 590 591 591 593 593 595 595 596 597 598 598 600 600 602 602 603 604 605 605 607 607 477 478 479 480 481 481 482 482 483 484 485 485 487 487 488 489 490 490 492 492 493 494 494 495 495 497 497 498 499 500 500 502 501 502 502 504 504
641 641 641 641 641 641 641 641 641 641 641 641 641 641 641 641 642 580 580 580 581 581 582 582 583 583 584 584 585 585 586 586 587 587 588 588 589 590 591 591 593 593 595 595 596 597 598 598 600 600 602 602 603 604 605 605 607 476 477 478 479 479 481 481 482 483 484 485 486 486 488 488 488 488 490 490 491 492 493 493 495 495 496 497 498 498 500 500 501 501 503 503 504 505
641 641 641 641 641 641 641 641 641 641 641 641 641 641 641 641 642 580 580 580 581 581 582 582 583 583 584 584 585 585 586 586 587 587 588 588 589 589 591 591 592 593 594 595 596 596 598 598 599 600 601 602 603 603 605 605 606 476 477 477 479 479 480 481 482 482 484 484 485 486 487 487 489 489 490 491 492 492 493 493 494 495 496 496 498 498 499 499 501 501 501 503 503 504
641 641 641 641 641 641 641 641 641 641 641 642 642 642 642 642 643 643 581 581 582 582 583 583 584 584 585 585 586 586 587 587 588 588 589 589 590 590 591 592 593 593 595 595 597 597 598 599 600 600 602 602 604 604 604 605 606 476 477 477 478 479 480 480 482 482 483 484 484 485 486 487 487 489 489 490 491 492 492 494 494 495 495 497 497 497 498 499 499 501 501 502 502 504
641 642 642 642 642 642 642 642 642 642 642 642 642 642 642 642 642 643 581 581 581 582 582 583 583 584 584 585 585 586 586 587 587 588 588 589 589 590 590 591 592 593 593 595 595 597 597 598 599 600 600 602 602 603 604 605 606 476 476 478 478 479 480 481 481 482 482 483 484 485 485 487 487 488 489 490 490 491 492 493 493 495 495 496 497 498 498 500 500 500 500 502 502 503
642 642 642 642 642 642 642 642 642 642 642 642 642 642 642 642 642 643 581 581 581 582 582 583 583 584 584 585 585 586 586 587 587 588 588 589 589 590 590 591 591 593 593 594 595 596 597 598 598 600 600 601 602 603 603 605 605 475 476 477 478 479 479 481 481 482 483 484 484 486 486 487 487 488 488 489 490 491 491 493 493 493 495 495 496 496 498 498 499 500 501 501 502 503
642 642 642 642 642 642 642 642 642 642 642 642 642 642 642 642 642 643 643 581 581 582 582 583 583 584 584 585 585 586 586 587 587 588 588 589 589 590 590 591 591 592 593 594 594 596 596 598 598 599 600 601 601 603 603 604 605 474 475 476 477 477 479 479 480 481 482 482 484 484 485 486 487 487 489 489 490 491 491 491 493 493 494 494 496 496 497 498 499 499 500 501 502 502
642 642 642 642 642 642 642 642 642 642 642 642 642 642 643 643 643 643 644 581 582 582 583 583 584 584 585 585 586 586 587 587 588 588 589 589 590 590 591 591 592 592 593 594 595 595 597 597 599 599 600 600 601 601 603 603 604 474 475 475 477 477 478 479 480 480 482 482 483 484 485 485 487 487 488 489 490 490 492 492 493 493 495 494 495 496 497 497 497 499 499 500 501 502
642 642 642 643 643 643 643 643 643 643 643 643 643 643 643 643 643 643 644 581 582 582 583 583 584 584 585 585 586 586 587 587 588 588 589 589 590 590 591 591 592 592 593 593 595 595 596 597 598 598 600 600 602 602 603 604 605 474 476 476 477 478 478 478 480 480 481 482 483 483 484 485 485 487 487 488 488 490 490 491 492 493 493 495 495 496 496 498 497 498 499 500 500 501
643 643 643 643 643 643 643 643 643 643 643 643 643 643 643 643 643 643 644 644 582 582 583 583 584 584 585 585 586 586 587 587 588 588 589 589 590 590 591 591 592 592 593 593 593 595 595 596 597 598 598 600 600 602 602 603 604 474 474 476 476 477 478 479 479 481 481 482 483 483 483 484 485 486 486 488 488 489 490 491 491 493 493 494 494 496 496 497 498 499 499 500 500 500
643 643 643 643 643 643 643 643 643 643 643 643 643 643 643 643 643 643 643 644 582 582 582 583 583 584 584 585 585 586 586 587 587 588 588 589 589 590 590 591 591 592 592 593 593 594 595 596 596 598 598 599 600 601 601 603 603 473 474 475 475 477 477 478 479 480 480 482 482 483 484 485 485 487 487 487 488 489 489 490 491 491 492 493 494 494 496 496 497 497 499 499 500 501
643 643 643 643 643 643 643 643 643 643 643 643 643 643 643 643 643 643 643 644 582 582 582 583 583 584 585 586 586 587 587 588 588 589 589 590 590 591 591 591 591 592 592 593 593 594 594 596 596 597 598 599 599 601 601 602 603 473 473 475 475 475 477 477 478 479 480 480 482 482 483 484 485 485 487 487 488 488 490 490 491 491 492 492 494 494 495 495 497 497 498 499 500 500
643 643 643 643 643 643 643 643 643 643 644 644 644 644 644 644 644 644 644 645 645 583 583 584 584 585 585 586 586 586 587 587 588 588 589 589 590 590 591 591 592 592 593 593 594 594 595 595 597 597 598 599 600 600 602 602 602 472 473 473 475 475 476 477 478 478 480 480 481 482 483 483 485 485 486 486 488 488 489 490 491 491 493 493 493 493 494 495 495 497 497 498 498 500
643 644 644 644 644 644 644 644 644 644 644 644 644 644 644 644 644 644 644 644 645 583 583 583 584 584 585 585 586 586 587 587 588 588 589 589 590 590 591 591 592 592 593 593 594 594 595 595 596 597 598 598 600 600 601 602 603 472 474 474 475 476 477 477 478 478 479 480 480 481 481 483 483 484 485 486 486 488 488 489 490 491 491 492 493 494 494 496 496 496 496 498 498 499
644 644 644 644 644 644 644 644 644 644 644 644 644 644 644 644 644 644 644 644 645 583 583 583 584 584 585 585 586 586 587 587 588 588 589 589 590 590 591 591 592 592 593 593 594 594 595 595 596 596 596 598 598 600 600 601 602 472 472 474 474 475 476 477 477 478 479 480 480 482 481 482 483 484 484 486 486 487 487 489 489 490 491 492 492 494 494 494 495 496 497 497 498 498
644 644 644 644 644 644 644 644 644 644 644 644 644 644 644 644 644 644 644 644 644 645 583 583 583 584 584 585 585 586 586 587 587 588 588 589 589 590 590 591 591 592 592 593 593 594 594 595 595 596 596 597 598 599 599 601 601 472 472 473 473 475 475 476 477 478 478 480 480 481 482 483 483 485 485 485 485 486 487 487 489 489 490 490 492 492 493 494 495 495 496 497 498 498
644 644 644 644 644 644 644 644 644 644 644 644 644 644 644 644 644 644 644 644 644 645 583 583 583 584 584 585 585 587 587 588 588 589 589 590 589 590 590 591 591 592 592 593 593 594 594 595 595 596 596 597 597 599 599 600 601 472 472 472 473 473 475 475 476 477 478 478 480 480 481 482 483 483 484 485 486 486 488 488 488 488 490 490 491 492 493 493 494 495 495 496 497 498
644 644 644 644 644 644 644 644 644 644 644 644 645 645 645 645 645 645 645 645 645 646 583 584 584 585 585 586 586 587 587 588 588 589 589 590 590 591 591 591 592 592 593 593 594 594 595 595 596 596 597 597 598 598 599 599 600 472 472 472 473 473 474 475 476 476 478 478 479 479 481 481 482 483 484 484 486 486 486 487 488 489 489 491 491 491 491 493 493 494 495 496 496 497
644 644 644 645 645 645 645 645 645 645 645 645 645 645 645 645 645 645 645 645 645 645 646 584 584 584 585 585 586 586 587 587 588 588 589 589 590 590 591 591 592 592 593 593 594 594 595 595 596 596 597 597 598 598 599 600 601 472 472 472 473 474 474 474 475 476 476 477 478 479 479 481 481 482 483 484 484 485 486 487 487 489 489 490 490 492 492 493 494 494 494 494 496 496
645 645 645 645 645 645 645 645 645 645 645 645 645 645 645 645 645 645 645 645 645 645 646 584 584 584 585 585 586 586 587 587 588 588 589 589 590 590 591 591 592 592 593 593 594 594 595 595 596 596 596 597 597 598 598 599 599 472 472 472 472 473 473 475 475 476 477 478 478 479 479 480 481 482 482 483 484 485 485 487 487 487 488 489 490 490 492 492 493 493 495 495 495 495
645 645 645 645 645 645 645 645 645 645 645 645 645 645 645 645 645 645 645 645 645 645 646 584 584 584 585 585 585 586 586 587 587 588 588 589 589 590 590 591 591 592 592 593 593 594 594 595 595 596 596 597 597 598 598 599 599 472 472 472 472 473 473 474 475 476 476 478 478 478 479 480 481 481 482 482 483 484 485 485 486 487 488 488 490 490 491 491 493 493 494 494 496 496
645 645 645 645 645 645 645 645 645 645 645 645 645 645 645 645 645 645 645 645 645 645 645 646 584 584 584 585 585 586 586 587 587 588 588 589 589 590 590 591 591 592 592 593 593 594 594 595 595 596 596 597 597 598 598 599 599 472 472 472 472 472 473 473 474 475 476 476 477 478 479 479 481 481 482 483 484 484 484 485 486 486 488 488 488 489 490 491 491 492 493 494 494 495
645 645 645 645 645 645 645 645 645 645 645 645 645 645 645 645 645 645 645 645 645 645 645 647 584 585 585 586 586 587 587 588 588 589 589 590 590 591 591 592 592 592 592 592 593 593 594 594 595 595 596 596 597 597 598 598 599 472 472 472 472 472 472 472 474 474 475 476 477 477 479 479 479 481 481 482 482 484 484 485 486 486 486 487 488 489 489 490 491 492 492 493 494 495
645 645 645 645 645 645 645 645 645 645 645 646 646 646 646 646 646 646 646 646 646 646 646 646 584 584 585 585 586 586 587 587 588 588 589 589 590 590 591 591 592 592 593 593 594 594 595 595 596 596 597 597 598 598 598 598 599 472 472 472 472 472 472 472 472 474 474 475 476 477 477 478 479 480 480 482 482 483 484 485 485 486 487 488 488 488 489 489 490 491 492 492 493 494
645 645 645 645 646 646 646 646 646 646 646 646 646 646 646 646 646 646 646 646 646 646 646 646 584 584 585 585 586 586 587 587 588 588 589 589 590 590 591 591 592 592 593 593 594 594 595 595 595 596 596 597 597 598 598 599 599 472 472 472 472 472 472 472 472 473 474 475 475 476 477 478 478 480 480 480 482 482 483 483 485 485 486 486 488 488 489 490 490 490 491 492 493 493
646 646 646 646 646 646 646 646 646 646 646 646 646 646 646 646 646 646 646 646 646 646 646 646 647 584 585 585 586 586 586 587 587 588 588 589 589 590 590 591 591 592 592 593 593 594 594 595 595 596 596 597 597 598 598 599 599 472 472 472 472 472 472 472 472 473 473 473 475 475 476 477 478 478 479 480 481 481 483 483 484 484 486 486 487 488 488 489 489 491 491 491 491 493
646 646 646 646 646 646 646 646 646 646 646 646 646 646 646 646 646 646 646 646 646 646 646 646 646 584 584 585 585 586 586 587 587 588 588 589 589 590 590 591 591 592 592 593 593 594 594 595 595 596 596 597 597 597 598 598 599 472 472 472 472 472 472 472 472 472 474 474 475 476 477 477 477 478 479 479 481 481 481 482 483 484 484 486 486 487 487 489 489 490 490 492 492 493
646 646 646 646 646 646 646 646 646 646 646 646 646 646 646 646 646 646 646 646 646 646 646 646 646 584 584 585 585 586 586 587 587 588 588 589 589 590 590 590 591 591 592 592 593 593 594 594 595 595 596 596 597 597 598 598 599 472 472 472 472 472 472 472 472 472 473 474 474 475 475 477 477 478 479 479 479 480 481 482 482 484 484 485 485 487 487 487 488 489 490 490 491 492
646 646 646 646 646 646 646 646 646 646 646 646 646 646 646 646 646 646 646 646 646 646 646 646 646 646 584 584 585 585 586 586 587 587 588 588 589 589 590 590 591 591 592 592 593 593 594 594 595 595 596 596 597 597 598 598 598 472 472 472 472 472 472 472 472 472 472 473 473 475 475 476 477 478 478 479 480 481 481 481 482 482 483 484 485 485 486 487 488 488 489 490 491 491
646 646 646 646 646 646 646 646 646 646 646 646 646 646 646 646 646 646 646 646 646 646 646 647 647 647 585 585 586 586 587 587 588 588 589 589 590 590 591 591 592 592 592 592 592 593 593 594 594 595 595 596 596 597 597 598 598 472 472 472 472 472 472 472 472 472 472 473 473 473 475 475 476 476 478 478 479 480 481 481 482 483 483 483 484 485 486 486 487 488 488 489 490 491
646 646 646 646 646 646 646 646 646 646 646 646 646 647 647 647 647 647 647 647 647 647 647 647 647 647 585 585 585 586 586 587 587 588 588 589 589 590 590 591 591 592 592 593 593 594 594 595 595 596 596 597 596 597 597 598 598 472 472 472 472 472 472 472 472 472 472 472 473 473 474 474 476 476 477 478 479 479 480 481 481 482 482 484 484 484 485 486 486 487 488 489 489 490
