testData/tiles/oneDegreeCosts/grid16.0-46.0-17.0-47.0.asc
ncols   200
nrows   200
xllcorner   16.0
yllcorner   46.0
cellsize   0.005
NODATA_value   -9999.0
[rows 84 to 125 of 200, columns 0 to 93 of 200]
474 474 474 474 474 473 473 473 473 454 454 454 454 454 454 454 454 454 454 454 454 454 454 454 454 454 454 454 468 468 468 468 468 468 468 468 467 467 467 467 467 467 467 467 467 466 466 466 466 466 466 466 466 465 465 465 465 376 376 376 376 375 375 375 375 375 375 375 375 374 374 374 374 374 374 374 373 373 373 373 373 373 263 263 262 262 262 262 262 263 263 262 262 262
474 474 474 474 474 474 474 473 473 473 454 454 454 454 454 454 454 454 454 454 454 454 454 454 454 454 454 454 454 468 468 468 468 468 468 468 468 468 467 467 467 467 467 467 467 467 467 466 466 466 466 466 466 466 466 465 465 376 376 376 376 376 376 375 375 375 375 375 375 375 375 374 374 374 374 374 374 374 373 373 373 373 263 263 263 262 262 262 262 262 263 263 262 262
474 474 474 474 474 474 474 474 474 474 473 454 454 454 454 454 454 454 454 454 454 454 454 454 454 454 454 454 454 454 469 468 468 468 468 468 468 468 468 468 467 467 467 467 467 467 467 467 466 466 466 466 466 466 466 466 466 376 376 376 376 376 376 376 376 375 375 375 375 375 375 375 374 374 374 374 374 374 374 374 373 373 263 263 263 263 263 262 262 262 262 262 263 263
475 474 474 474 474 474 474 474 474 474 474 474 454 454 454 454 454 454 454 454 454 454 454 454 454 454 454 454 454 454 469 469 469 468 468 468 468 468 468 468 468 468 467 467 467 467 467 467 467 467 466 466 466 466 466 466 377 377 376 376 376 376 376 376 376 376 375 375 375 375 375 375 375 375 374 374 374 374 374 374 374 373 263 263 263 263 263 263 262 262 262 262 262 263
475 475 475 475 474 474 474 474 474 474 474 474 474 454 454 454 454 454 454 454 454 454 454 454 454 454 454 454 454 454 454 469 469 469 469 468 468 468 468 468 468 468 468 468 467 467 467 467 467 467 467 467 466 466 466 466 377 377 377 377 376 376 376 376 376 376 376 376 375 375 375 375 375 375 375 374 374 374 374 374 374 264 263 263 263 263 263 263 263 262 262 262 262 262
475 475 475 475 475 475 475 474 474 474 474 474 474 474 454 454 454 454 454 454 454 454 454 454 454 454 454 454 454 454 454 454 469 469 469 469 469 468 468 468 468 468 468 468 468 467 467 467 467 467 467 467 467 467 466 466 377 377 377 377 377 377 376 376 376 376 376 376 376 375 375 375 375 375 375 375 375 374 374 374 374 264 264 264 263 263 263 263 263 263 263 262 262 262
475 475 475 475 475 475 475 475 475 474 474 474 474 474 474 454 454 454 454 454 454 454 454 454 454 454 454 454 454 454 454 454 454 469 469 469 469 469 469 468 468 468 468 468 468 468 468 467 467 467 467 467 467 467 467 467 377 377 377 377 377 377 377 376 376 376 376 376 376 376 376 375 375 375 375 375 375 375 374 374 374 264 264 264 264 263 263 263 263 263 263 263 262 262
475 475 475 475 475 475 475 475 475 475 475 475 474 474 474 454 454 454 454 454 454 454 454 454 454 454 454 454 454 454 454 454 454 454 469 469 469 469 469 469 469 468 468 468 468 468 468 468 468 467 467 467 467 467 467 467 378 377 377 377 377 377 377 377 377 376 376 376 376 376 376 376 375 375 375 375 375 375 375 375 374 264 264 264 264 264 264 263 263 263 263 263 263 263
476 476 476 475 475 475 475 475 475 475 475 475 475 475 474 474 454 454 454 454 454 454 454 454 454 454 454 454 454 454 454 454 454 454 454 469 469 469 469 469 469 469 469 468 468 468 468 468 468 468 468 467 467 467 467 467 378 378 378 377 377 377 377 377 377 377 377 376 376 376 376 376 376 376 375 375 375 375 375 375 375 264 264 264 264 264 264 264 263 263 263 263 263 263
476 476 476 476 476 476 475 475 475 475 475 475 475 475 475 475 475 454 454 454 454 454 454 454 454 454 454 454 454 454 454 454 454 454 454 454 469 469 469 469 469 469 469 469 468 468 468 468 468 468 468 468 468 467 467 467 378 378 378 378 378 377 377 377 377 377 377 377 376 376 376 376 376 376 376 376 375 375 375 375 375 265 265 264 264 264 264 264 264 264 263 263 263 263
476 476 476 476 476 476 476 476 475 475 475 475 475 475 475 475 475 475 455 454 454 454 454 454 454 454 454 454 454 454 454 454 454 454 454 454 454 470 469 469 469 469 469 469 469 469 468 468 468 468 468 468 468 468 467 467 378 378 378 378 378 378 377 377 377 377 377 377 377 377 376 376 376 376 376 376 376 375 375 375 375 265 265 265 264 264 264 264 264 264 264 263 263 263
476 476 476 476 476 476 476 476 476 476 476 475 475 475 475 475 475 475 475 455 455 454 454 454 454 454 454 454 454 454 454 454 454 454 454 454 454 454 470 470 469 469 469 469 469 469 469 469 468 468 468 468 468 468 468 468 378 378 378 378 378 378 378 378 377 377 377 377 377 377 377 376 376 376 376 376 376 376 375 375 375 265 265 265 265 264 264 264 264 264 264 264 263 263
477 477 476 476 476 476 476 476 476 476 476 476 476 475 475 475 475 475 475 455 455 455 455 454 454 454 454 454 454 454 454 454 454 454 454 454 454 454 454 470 470 470 469 469 469 469 469 469 469 469 468 468 468 468 468 379 379 379 378 378 378 378 378 378 378 377 377 377 377 377 377 377 377 376 376 376 376 376 376 376 375 265 265 265 265 265 265 264 264 264 264 264 264 264
477 477 477 477 477 476 476 476 476 476 476 476 476 476 476 476 475 475 475 475 455 455 455 455 455 455 454 454 454 454 454 454 454 454 454 454 454 454 454 454 470 470 470 469 469 469 469 469 469 469 469 469 468 468 468 379 379 379 379 378 378 378 378 378 378 378 378 377 377 377 377 377 377 377 376 376 376 376 376 376 266 265 265 265 265 265 265 265 264 264 264 264 264 264
477 477 477 477 477 477 477 477 476 476 476 476 476 476 476 476 476 476 475 475 475 455 455 455 455 455 455 455 454 454 454 454 454 454 454 454 454 454 454 454 454 470 470 470 470 469 469 469 469 469 469 469 469 468 468 379 379 379 379 379 379 378 378 378 378 378 378 378 378 377 377 377 377 377 377 377 376 376 376 376 266 266 266 265 265 265 265 265 265 265 264 264 264 264
477 477 477 477 477 477 477 477 477 477 476 476 476 476 476 476 476 476 476 476 475 475 455 455 455 455 455 455 455 455 454 454 454 454 454 454 454 454 454 454 454 454 470 470 470 470 470 469 469 469 469 469 469 469 469 379 379 379 379 379 379 379 379 378 378 378 378 378 378 378 377 377 377 377 377 377 377 376 376 376 266 266 266 266 265 265 265 265 265 265 265 264 264 264
478 478 477 477 477 477 477 477 477 477 477 477 476 476 476 476 476 476 476 476 476 476 455 455 455 455 455 455 455 455 455 455 454 454 454 454 454 454 454 454 454 454 454 470 470 470 470 470 470 469 469 469 469 469 469 380 380 379 379 379 379 379 379 379 378 378 378 378 378 378 378 378 377 377 377 377 377 377 377 376 266 266 266 266 266 265 265 265 265 265 265 265 264 264
478 478 478 478 477 477 477 477 477 477 477 477 477 477 477 476 476 476 476 476 476 476 476 456 456 455 455 455 455 455 455 455 455 455 454 454 454 454 454 454 454 454 454 470 470 470 470 470 470 470 469 469 469 469 469 380 380 380 379 379 379 379 379 379 379 379 378 378 378 378 378 378 378 377 377 377 377 377 377 377 266 266 266 266 266 266 266 265 265 265 265 265 265 264
478 478 478 478 478 478 478 477 477 477 477 477 477 477 477 477 477 476 476 476 476 476 476 476 456 456 456 455 455 455 455 455 455 455 455 455 454 454 454 454 454 454 454 454 470 470 470 470 470 470 470 470 469 469 380 380 380 380 380 380 379 379 379 379 379 379 379 378 378 378 378 378 378 378 377 377 377 377 377 377 267 266 266 266 266 266 266 266 265 265 265 265 265 265
478 478 478 478 478 478 478 478 478 477 477 477 477 477 477 477 477 477 477 476 476 476 476 476 476 456 456 456 456 455 455 455 455 455 455 455 455 455 454 454 454 454 454 454 454 471 470 470 470 470 470 470 470 470 380 380 380 380 380 380 380 379 379 379 379 379 379 379 379 378 378 378 378 378 378 378 377 377 377 267 267 267 267 266 266 266 266 266 266 265 265 265 265 265
479 478 478 478 478 478 478 478 478 478 478 478 477 477 477 477 477 477 477 477 477 477 476 476 476 456 456 456 456 456 456 455 455 455 455 455 455 455 455 454 454 454 454 454 454 454 454 471 470 470 470 470 470 470 381 380 380 380 380 380 380 380 380 379 379 379 379 379 379 379 378 378 378 378 378 378 378 377 377 267 267 267 267 267 266 266 266 266 266 266 266 265 265 265
479 479 479 478 478 478 478 478 478 478 478 478 478 478 477 477 477 477 477 477 477 477 477 477 476 476 456 456 456 456 456 456 456 455 455 455 455 455 455 455 455 454 454 454 454 454 454 454 471 470 470 470 470 470 381 381 381 380 380 380 380 380 380 380 380 379 379 379 379 379 379 379 378 378 378 378 378 378 378 267 267 267 267 267 267 266 266 266 266 266 266 266 265 265
479 479 479 479 479 479 478 478 478 478 478 478 478 478 478 478 477 477 477 477 477 477 477 477 477 477 476 456 456 456 456 456 456 456 456 455 455 455 455 455 455 455 455 454 454 454 454 454 454 471 471 470 470 470 381 381 381 381 381 380 380 380 380 380 380 380 379 379 379 379 379 379 379 378 378 378 378 378 378 268 267 267 267 267 267 267 267 266 266 266 266 266 266 265
479 479 479 479 479 479 479 479 478 478 478 478 478 478 478 478 478 478 477 477 477 477 477 477 477 477 477 457 456 456 456 456 456 456 456 456 456 455 455 455 455 455 455 455 455 454 454 454 454 454 471 471 471 381 381 381 381 381 381 381 380 380 380 380 380 380 380 380 379 379 379 379 379 379 379 378 378 378 378 268 268 267 267 267 267 267 267 267 266 266 266 266 266 266
479 479 479 479 479 479 479 479 479 479 479 478 478 478 478 478 478 478 478 478 478 477 477 477 477 477 477 477 457 457 456 456 456 456 456 456 456 456 455 455 455 455 455 455 455 455 455 454 454 454 454 471 471 382 381 381 381 381 381 381 381 381 380 380 380 380 380 380 380 379 379 379 379 379 379 379 378 378 268 268 268 268 268 267 267 267 267 267 267 266 266 266 266 266
480 480 480 479 479 479 479 479 479 479 479 479 479 478 478 478 478 478 478 478 478 478 478 477 477 477 477 477 457 457 457 457 456 456 456 456 456 456 456 456 455 455 455 455 455 455 455 455 454 454 454 454 471 382 382 382 381 381 381 381 381 381 381 380 380 380 380 380 380 380 379 379 379 379 379 379 379 378 268 268 268 268 268 268 267 267 267 267 267 267 267 266 266 266
480 480 480 480 480 479 479 479 479 479 479 479 479 479 479 478 478 478 478 478 478 478 478 478 478 477 477 477 477 457 457 457 457 457 456 456 456 456 456 456 456 456 455 455 455 455 455 455 455 455 454 454 454 382 382 382 382 381 381 381 381 381 381 381 381 380 380 380 380 380 380 380 379 379 379 379 379 379 269 268 268 268 268 268 268 267 267 267 267 267 267 267 266 266
480 480 480 480 480 480 480 480 479 479 479 479 479 479 479 479 479 479 478 478 478 478 478 478 478 478 478 477 477 477 457 457 457 457 457 456 456 456 456 456 456 456 456 456 455 455 455 455 455 455 455 455 454 366 382 382 382 382 382 381 381 381 381 381 381 381 380 380 380 380 380 380 380 379 379 379 379 379 269 269 268 268 268 268 268 268 268 267 267 267 267 267 267 266
480 480 480 480 480 480 480 480 480 480 479 479 479 479 479 479 479 479 479 479 478 478 478 478 478 478 478 478 478 477 457 457 457 457 457 457 457 456 456 456 456 456 456 456 456 455 455 455 455 455 455 455 366 366 366 382 382 382 382 382 382 381 381 381 381 381 381 381 380 380 380 380 380 380 380 379 379 379 269 269 269 268 268 268 268 268 268 268 267 267 267 267 267 267
481 481 480 480 480 480 480 480 480 480 480 480 479 479 479 479 479 479 479 479 479 479 478 478 478 478 478 478 478 478 478 457 457 457 457 457 457 457 457 456 456 456 456 456 456 456 456 455 455 455 455 455 366 366 366 366 382 382 382 382 382 382 381 381 381 381 381 381 381 380 380 380 380 380 380 380 379 269 269 269 269 269 269 268 268 268 268 268 268 267 267 267 267 267
481 481 481 481 480 480 480 480 480 480 480 480 480 480 479 479 479 479 479 479 479 479 479 479 478 478 478 478 478 478 478 478 458 457 457 457 457 457 457 457 457 456 456 456 456 456 456 456 456 455 455 455 366 366 366 366 366 382 382 382 382 382 382 382 381 381 381 381 381 381 381 380 380 380 380 380 380 269 269 269 269 269 269 269 268 268 268 268 268 268 268 267 267 267
481 481 481 481 481 481 481 480 480 480 480 480 480 480 480 480 480 479 479 479 479 479 479 479 479 479 478 478 478 478 478 478 458 458 457 457 457 457 457 457 457 457 457 456 456 456 456 456 456 456 455 455 366 366 366 366 366 366 382 382 382 382 382 382 382 381 381 381 381 381 381 381 380 380 380 380 380 270 270 269 269 269 269 269 269 268 268 268 268 268 268 268 267 267
481 481 481 481 481 481 481 481 481 480 480 480 480 480 480 480 480 480 480 479 479 479 479 479 479 479 479 479 478 478 478 478 478 458 458 458 457 457 457 457 457 457 457 457 456 456 456 456 456 456 456 367 366 366 366 366 366 366 366 382 382 382 382 382 382 382 381 381 381 381 381 381 381 380 380 380 380 270 270 270 269 269 269 269 269 269 269 268 268 268 268 268 268 267
482 481 481 481 481 481 481 481 481 481 481 480 480 480 480 480 480 480 480 480 480 479 479 479 479 479 479 479 479 479 478 478 478 458 458 458 458 458 457 457 457 457 457 457 457 457 456 456 456 456 456 367 367 366 366 366 366 366 366 366 366 382 382 382 382 382 382 382 381 381 381 381 381 381 381 380 270 270 270 270 270 269 269 269 269 269 269 269 268 268 268 268 268 268
482 482 482 481 481 481 481 481 481 481 481 481 481 481 480 480 480 480 480 480 480 480 480 479 479 479 479 479 479 479 479 479 478 478 458 458 458 458 458 458 457 457 457 457 457 457 457 457 456 456 456 367 367 367 367 366 366 366 366 366 366 366 382 382 382 382 382 382 382 381 381 381 381 381 381 381 270 270 270 270 270 270 270 269 269 269 269 269 269 268 268 268 268 268
482 482 482 482 482 482 481 481 481 481 481 481 481 481 481 481 480 480 480 480 480 480 480 480 480 479 479 479 479 479 479 479 479 478 458 458 458 458 458 458 458 457 457 457 457 457 457 457 457 456 456 367 367 367 367 367 367 366 366 366 366 366 366 383 382 382 382 382 382 382 382 381 381 381 381 381 271 270 270 270 270 270 270 270 269 269 269 269 269 269 268 268 268 268
482 482 482 482 482 482 482 482 481 481 481 481 481 481 481 481 481 481 480 480 480 480 480 480 480 480 480 479 479 479 479 479 479 479 479 458 458 458 458 458 458 458 458 457 457 457 457 457 457 457 368 367 367 367 367 367 367 367 366 366 366 366 366 366 383 382 382 382 382 382 382 382 381 381 381 381 271 271 271 270 270 270 270 270 270 269 269 269 269 269 269 268 268 268
482 482 482 482 482 482 482 482 482 482 481 481 481 481 481 481 481 481 481 481 480 480 480 480 480 480 480 480 480 479 479 479 479 479 479 479 459 458 458 458 458 458 458 458 458 457 457 457 457 457 368 368 367 367 367 367 367 367 367 367 366 366 366 366 366 383 383 382 382 382 382 382 382 381 381 271 271 271 271 271 270 270 270 270 270 270 269 269 269 269 269 269 269 268
483 483 483 482 482 482 482 482 482 482 482 482 482 481 481 481 481 481 481 481 481 481 480 480 480 480 480 480 480 480 479 479 479 479 479 479 459 459 459 458 458 458 458 458 458 458 457 457 457 457 368 368 368 368 367 367 367 367 367 367 367 366 366 366 366 366 366 383 382 382 382 382 382 382 382 271 271 271 271 271 271 270 270 270 270 270 270 270 269 269 269 269 269 269
483 483 483 483 483 482 482 482 482 482 482 482 482 482 482 481 481 481 481 481 481 481 481 481 480 480 480 480 480 480 480 480 479 479 479 479 479 459 459 459 458 458 458 458 458 458 458 458 457 368 368 368 368 368 368 367 367 367 367 367 367 367 366 366 366 366 366 366 383 382 382 382 382 382 382 272 271 271 271 271 271 271 270 270 270 270 270 270 270 269 269 269 269 269
483 483 483 483 483 483 483 482 482 482 482 482 482 482 482 482 482 481 481 481 481 481 481 481 481 481 480 480 480 480 480 480 480 480 479 479 479 459 459 459 459 459 458 458 458 458 458 458 458 369 368 368 368 368 368 368 368 367 367 367 367 367 367 367 366 366 366 366 366 383 383 382 382 382 272 272 272 271 271 271 271 271 271 271 270 270 270 270 270 270 269 269 269 269
483 483 483 483 483 483 483 483 483 483 482 482 482 482 482 482 482 482 482 481 481 481 481 481 481 481 481 481 480 480 480 480 480 480 480 480 479 479 459 459 459 459 459 459 458 458 458 458 458 369 369 368 368 368 368 368 368 368 367 367 367 367 367 367 367 366 366 366 366 366 383 383 382 382 272 272 272 272 272 271 271 271 271 271 271 270 270 270 270 270 270 269 269 269
