testData/tiles/oneDegreeCosts/grid21.0-34.0-22.0-35.0.asc
ncols   200
nrows   200
xllcorner   21.0
yllcorner   34.0
cellsize   0.005
NODATA_value   -9999.0
[rows 119 to 135 of 200, columns 37 to 73 of 200]
5.530000000000000000e+02 5.530000000000000000e+02 5.520000000000000000e+02 5.520000000000000000e+02 5.510000000000000000e+02 5.500000000000000000e+02 5.500000000000000000e+02 5.490000000000000000e+02 5.480000000000000000e+02 5.480000000000000000e+02 5.470000000000000000e+02 5.460000000000000000e+02 5.460000000000000000e+02 5.450000000000000000e+02 5.440000000000000000e+02 5.430000000000000000e+02 5.430000000000000000e+02 5.420000000000000000e+02 5.410000000000000000e+02 5.400000000000000000e+02 5.400000000000000000e+02 5.390000000000000000e+02 5.380000000000000000e+02 5.370000000000000000e+02 5.360000000000000000e+02 5.360000000000000000e+02 5.350000000000000000e+02 5.340000000000000000e+02 5.330000000000000000e+02 5.320000000000000000e+02 5.310000000000000000e+02 5.300000000000000000e+02 5.290000000000000000e+02 5.290000000000000000e+02 5.280000000000000000e+02 5.380000000000000000e+02 5.370000000000000000e+02
5.540000000000000000e+02 5.530000000000000000e+02 5.520000000000000000e+02 5.520000000000000000e+02 5.510000000000000000e+02 5.500000000000000000e+02 5.500000000000000000e+02 5.490000000000000000e+02 5.480000000000000000e+02 5.480000000000000000e+02 5.470000000000000000e+02 5.460000000000000000e+02 5.460000000000000000e+02 5.450000000000000000e+02 5.440000000000000000e+02 5.440000000000000000e+02 5.430000000000000000e+02 5.420000000000000000e+02 5.410000000000000000e+02 5.400000000000000000e+02 5.400000000000000000e+02 5.390000000000000000e+02 5.380000000000000000e+02 5.370000000000000000e+02 5.370000000000000000e+02 5.360000000000000000e+02 5.350000000000000000e+02 5.340000000000000000e+02 5.330000000000000000e+02 5.320000000000000000e+02 5.310000000000000000e+02 5.310000000000000000e+02 5.300000000000000000e+02 5.290000000000000000e+02 5.280000000000000000e+02 5.380000000000000000e+02 5.370000000000000000e+02
6.920000000000000000e+02 5.530000000000000000e+02 5.520000000000000000e+02 5.520000000000000000e+02 5.510000000000000000e+02 5.510000000000000000e+02 5.500000000000000000e+02 5.490000000000000000e+02 5.490000000000000000e+02 5.480000000000000000e+02 5.470000000000000000e+02 5.470000000000000000e+02 5.460000000000000000e+02 5.450000000000000000e+02 5.440000000000000000e+02 5.440000000000000000e+02 5.430000000000000000e+02 5.420000000000000000e+02 5.410000000000000000e+02 5.410000000000000000e+02 5.400000000000000000e+02 5.390000000000000000e+02 5.380000000000000000e+02 5.370000000000000000e+02 5.370000000000000000e+02 5.360000000000000000e+02 5.350000000000000000e+02 5.340000000000000000e+02 5.330000000000000000e+02 5.320000000000000000e+02 5.320000000000000000e+02 5.310000000000000000e+02 5.300000000000000000e+02 5.290000000000000000e+02 5.280000000000000000e+02 5.380000000000000000e+02 5.370000000000000000e+02
6.920000000000000000e+02 5.530000000000000000e+02 5.530000000000000000e+02 5.520000000000000000e+02 5.510000000000000000e+02 5.510000000000000000e+02 5.500000000000000000e+02 5.490000000000000000e+02 5.490000000000000000e+02 5.480000000000000000e+02 5.470000000000000000e+02 5.470000000000000000e+02 5.460000000000000000e+02 5.450000000000000000e+02 5.450000000000000000e+02 5.440000000000000000e+02 5.430000000000000000e+02 5.420000000000000000e+02 5.420000000000000000e+02 5.410000000000000000e+02 5.400000000000000000e+02 5.390000000000000000e+02 5.380000000000000000e+02 5.380000000000000000e+02 5.370000000000000000e+02 5.360000000000000000e+02 5.350000000000000000e+02 5.340000000000000000e+02 5.330000000000000000e+02 5.330000000000000000e+02 5.320000000000000000e+02 5.310000000000000000e+02 5.300000000000000000e+02 5.290000000000000000e+02 5.280000000000000000e+02 5.380000000000000000e+02 5.370000000000000000e+02
6.920000000000000000e+02 5.530000000000000000e+02 5.530000000000000000e+02 5.520000000000000000e+02 5.510000000000000000e+02 5.510000000000000000e+02 5.500000000000000000e+02 5.500000000000000000e+02 5.490000000000000000e+02 5.480000000000000000e+02 5.470000000000000000e+02 5.470000000000000000e+02 5.460000000000000000e+02 5.450000000000000000e+02 5.450000000000000000e+02 5.440000000000000000e+02 5.430000000000000000e+02 5.420000000000000000e+02 5.420000000000000000e+02 5.410000000000000000e+02 5.400000000000000000e+02 5.390000000000000000e+02 5.390000000000000000e+02 5.380000000000000000e+02 5.370000000000000000e+02 5.360000000000000000e+02 5.350000000000000000e+02 5.340000000000000000e+02 5.340000000000000000e+02 5.330000000000000000e+02 5.320000000000000000e+02 5.310000000000000000e+02 5.300000000000000000e+02 5.290000000000000000e+02 5.280000000000000000e+02 5.380000000000000000e+02 5.370000000000000000e+02
6.920000000000000000e+02 5.540000000000000000e+02 5.530000000000000000e+02 5.520000000000000000e+02 5.520000000000000000e+02 5.510000000000000000e+02 5.500000000000000000e+02 5.500000000000000000e+02 5.490000000000000000e+02 5.480000000000000000e+02 5.480000000000000000e+02 5.470000000000000000e+02 5.460000000000000000e+02 5.460000000000000000e+02 5.450000000000000000e+02 5.440000000000000000e+02 5.430000000000000000e+02 5.430000000000000000e+02 5.420000000000000000e+02 5.410000000000000000e+02 5.400000000000000000e+02 5.400000000000000000e+02 5.390000000000000000e+02 5.380000000000000000e+02 5.370000000000000000e+02 5.360000000000000000e+02 5.350000000000000000e+02 5.350000000000000000e+02 5.340000000000000000e+02 5.330000000000000000e+02 5.320000000000000000e+02 5.310000000000000000e+02 5.300000000000000000e+02 5.290000000000000000e+02 5.280000000000000000e+02 5.380000000000000000e+02 5.380000000000000000e+02
6.920000000000000000e+02 5.540000000000000000e+02 5.530000000000000000e+02 5.520000000000000000e+02 5.520000000000000000e+02 5.510000000000000000e+02 5.500000000000000000e+02 5.500000000000000000e+02 5.490000000000000000e+02 5.480000000000000000e+02 5.480000000000000000e+02 5.470000000000000000e+02 5.460000000000000000e+02 5.460000000000000000e+02 5.450000000000000000e+02 5.440000000000000000e+02 5.430000000000000000e+02 5.430000000000000000e+02 5.420000000000000000e+02 5.410000000000000000e+02 5.400000000000000000e+02 5.400000000000000000e+02 5.390000000000000000e+02 5.380000000000000000e+02 5.370000000000000000e+02 5.360000000000000000e+02 5.360000000000000000e+02 5.350000000000000000e+02 5.340000000000000000e+02 5.330000000000000000e+02 5.320000000000000000e+02 5.310000000000000000e+02 5.300000000000000000e+02 5.290000000000000000e+02 5.290000000000000000e+02 5.390000000000000000e+02 5.380000000000000000e+02
6.920000000000000000e+02 5.540000000000000000e+02 5.530000000000000000e+02 5.520000000000000000e+02 5.520000000000000000e+02 5.510000000000000000e+02 5.510000000000000000e+02 5.500000000000000000e+02 5.490000000000000000e+02 5.490000000000000000e+02 5.480000000000000000e+02 5.470000000000000000e+02 5.460000000000000000e+02 5.460000000000000000e+02 5.450000000000000000e+02 5.440000000000000000e+02 5.440000000000000000e+02 5.430000000000000000e+02 5.420000000000000000e+02 5.410000000000000000e+02 5.410000000000000000e+02 5.400000000000000000e+02 5.390000000000000000e+02 5.380000000000000000e+02 5.370000000000000000e+02 5.370000000000000000e+02 5.360000000000000000e+02 5.350000000000000000e+02 5.340000000000000000e+02 5.330000000000000000e+02 5.320000000000000000e+02 5.310000000000000000e+02 5.310000000000000000e+02 5.300000000000000000e+02 5.290000000000000000e+02 5.390000000000000000e+02 5.380000000000000000e+02
6.920000000000000000e+02 5.540000000000000000e+02 5.530000000000000000e+02 5.530000000000000000e+02 5.520000000000000000e+02 5.510000000000000000e+02 5.510000000000000000e+02 5.500000000000000000e+02 5.490000000000000000e+02 5.490000000000000000e+02 5.480000000000000000e+02 5.470000000000000000e+02 5.470000000000000000e+02 5.460000000000000000e+02 5.450000000000000000e+02 5.440000000000000000e+02 5.440000000000000000e+02 5.430000000000000000e+02 5.420000000000000000e+02 5.410000000000000000e+02 5.410000000000000000e+02 5.400000000000000000e+02 5.390000000000000000e+02 5.380000000000000000e+02 5.370000000000000000e+02 5.370000000000000000e+02 5.360000000000000000e+02 5.350000000000000000e+02 5.340000000000000000e+02 5.330000000000000000e+02 5.320000000000000000e+02 5.320000000000000000e+02 5.310000000000000000e+02 5.300000000000000000e+02 5.290000000000000000e+02 5.390000000000000000e+02 5.380000000000000000e+02
6.930000000000000000e+02 5.540000000000000000e+02 5.530000000000000000e+02 5.530000000000000000e+02 5.520000000000000000e+02 5.510000000000000000e+02 5.510000000000000000e+02 5.500000000000000000e+02 5.490000000000000000e+02 5.490000000000000000e+02 5.480000000000000000e+02 5.470000000000000000e+02 5.470000000000000000e+02 5.460000000000000000e+02 5.450000000000000000e+02 5.450000000000000000e+02 5.440000000000000000e+02 5.430000000000000000e+02 5.420000000000000000e+02 5.420000000000000000e+02 5.410000000000000000e+02 5.400000000000000000e+02 5.390000000000000000e+02 5.380000000000000000e+02 5.380000000000000000e+02 5.370000000000000000e+02 5.360000000000000000e+02 5.350000000000000000e+02 5.340000000000000000e+02 5.330000000000000000e+02 5.330000000000000000e+02 5.320000000000000000e+02 5.310000000000000000e+02 5.300000000000000000e+02 5.290000000000000000e+02 5.060000000000000000e+02 5.060000000000000000e+02
6.930000000000000000e+02 5.540000000000000000e+02 5.530000000000000000e+02 5.530000000000000000e+02 5.520000000000000000e+02 5.520000000000000000e+02 5.510000000000000000e+02 5.500000000000000000e+02 5.500000000000000000e+02 5.490000000000000000e+02 5.480000000000000000e+02 5.480000000000000000e+02 5.470000000000000000e+02 5.460000000000000000e+02 5.450000000000000000e+02 5.450000000000000000e+02 5.440000000000000000e+02 5.430000000000000000e+02 5.420000000000000000e+02 5.420000000000000000e+02 5.410000000000000000e+02 5.400000000000000000e+02 5.390000000000000000e+02 5.390000000000000000e+02 5.380000000000000000e+02 5.370000000000000000e+02 5.360000000000000000e+02 5.350000000000000000e+02 5.340000000000000000e+02 5.340000000000000000e+02 5.330000000000000000e+02 5.060000000000000000e+02 5.060000000000000000e+02 5.060000000000000000e+02 5.060000000000000000e+02 5.060000000000000000e+02 5.060000000000000000e+02
6.930000000000000000e+02 5.540000000000000000e+02 5.540000000000000000e+02 5.530000000000000000e+02 5.520000000000000000e+02 5.520000000000000000e+02 5.510000000000000000e+02 5.500000000000000000e+02 5.500000000000000000e+02 5.490000000000000000e+02 5.480000000000000000e+02 5.480000000000000000e+02 5.470000000000000000e+02 5.460000000000000000e+02 5.450000000000000000e+02 5.450000000000000000e+02 5.440000000000000000e+02 5.430000000000000000e+02 5.430000000000000000e+02 5.420000000000000000e+02 5.410000000000000000e+02 5.400000000000000000e+02 5.390000000000000000e+02 5.390000000000000000e+02 5.380000000000000000e+02 5.370000000000000000e+02 5.060000000000000000e+02 5.060000000000000000e+02 5.060000000000000000e+02 5.060000000000000000e+02 5.060000000000000000e+02 5.060000000000000000e+02 5.060000000000000000e+02 5.060000000000000000e+02 5.060000000000000000e+02 5.060000000000000000e+02 5.060000000000000000e+02
6.930000000000000000e+02 5.540000000000000000e+02 5.540000000000000000e+02 5.530000000000000000e+02 5.520000000000000000e+02 5.520000000000000000e+02 5.510000000000000000e+02 5.500000000000000000e+02 5.500000000000000000e+02 5.490000000000000000e+02 5.480000000000000000e+02 5.480000000000000000e+02 5.470000000000000000e+02 5.460000000000000000e+02 5.460000000000000000e+02 5.450000000000000000e+02 5.440000000000000000e+02 5.430000000000000000e+02 5.430000000000000000e+02 5.420000000000000000e+02 5.410000000000000000e+02 5.400000000000000000e+02 5.060000000000000000e+02 5.060000000000000000e+02 5.060000000000000000e+02 5.060000000000000000e+02 5.060000000000000000e+02 5.060000000000000000e+02 5.060000000000000000e+02 5.060000000000000000e+02 5.060000000000000000e+02 5.060000000000000000e+02 5.060000000000000000e+02 5.060000000000000000e+02 5.060000000000000000e+02 5.060000000000000000e+02 5.060000000000000000e+02
8.000000000000000000e+02 6.920000000000000000e+02 5.540000000000000000e+02 5.530000000000000000e+02 5.520000000000000000e+02 5.520000000000000000e+02 5.510000000000000000e+02 5.510000000000000000e+02 5.500000000000000000e+02 5.490000000000000000e+02 5.480000000000000000e+02 5.480000000000000000e+02 5.470000000000000000e+02 5.460000000000000000e+02 5.460000000000000000e+02 5.450000000000000000e+02 5.440000000000000000e+02 5.060000000000000000e+02 5.060000000000000000e+02 5.060000000000000000e+02 5.060000000000000000e+02 5.060000000000000000e+02 5.060000000000000000e+02 5.060000000000000000e+02 5.060000000000000000e+02 5.060000000000000000e+02 5.060000000000000000e+02 5.060000000000000000e+02 5.060000000000000000e+02 5.060000000000000000e+02 5.060000000000000000e+02 5.060000000000000000e+02 5.060000000000000000e+02 5.060000000000000000e+02 5.060000000000000000e+02 5.060000000000000000e+02 5.060000000000000000e+02
8.000000000000000000e+02 7.990000000000000000e+02 6.610000000000000000e+02 6.600000000000000000e+02 5.530000000000000000e+02 5.520000000000000000e+02 5.510000000000000000e+02 5.510000000000000000e+02 5.500000000000000000e+02 5.490000000000000000e+02 5.490000000000000000e+02 5.060000000000000000e+02 5.060000000000000000e+02 5.060000000000000000e+02 5.060000000000000000e+02 5.060000000000000000e+02 5.060000000000000000e+02 5.060000000000000000e+02 5.060000000000000000e+02 5.060000000000000000e+02 5.060000000000000000e+02 5.060000000000000000e+02 5.060000000000000000e+02 5.060000000000000000e+02 5.060000000000000000e+02 5.060000000000000000e+02 5.060000000000000000e+02 5.060000000000000000e+02 5.060000000000000000e+02 5.060000000000000000e+02 5.060000000000000000e+02 5.060000000000000000e+02 5.060000000000000000e+02 5.060000000000000000e+02 5.060000000000000000e+02 5.060000000000000000e+02 5.060000000000000000e+02
8.000000000000000000e+02 8.000000000000000000e+02 6.610000000000000000e+02 6.600000000000000000e+02 6.600000000000000000e+02 6.590000000000000000e+02 5.060000000000000000e+02 5.060000000000000000e+02 5.060000000000000000e+02 5.060000000000000000e+02 5.060000000000000000e+02 5.060000000000000000e+02 5.060000000000000000e+02 5.060000000000000000e+02 5.060000000000000000e+02 5.060000000000000000e+02 5.060000000000000000e+02 5.060000000000000000e+02 5.060000000000000000e+02 5.060000000000000000e+02 5.060000000000000000e+02 5.060000000000000000e+02 5.060000000000000000e+02 5.060000000000000000e+02 5.060000000000000000e+02 5.060000000000000000e+02 5.060000000000000000e+02 5.060000000000000000e+02 5.060000000000000000e+02 5.060000000000000000e+02 5.060000000000000000e+02 5.060000000000000000e+02 5.060000000000000000e+02 5.060000000000000000e+02 5.060000000000000000e+02 5.060000000000000000e+02 5.060000000000000000e+02
6.180000000000000000e+02 6.180000000000000000e+02 5.060000000000000000e+02 5.060000000000000000e+02 5.060000000000000000e+02 5.060000000000000000e+02 5.060000000000000000e+02 5.060000000000000000e+02 5.060000000000000000e+02 5.060000000000000000e+02 5.060000000000000000e+02 5.060000000000000000e+02 5.060000000000000000e+02 5.060000000000000000e+02 5.060000000000000000e+02 5.060000000000000000e+02 5.060000000000000000e+02 5.060000000000000000e+02 5.060000000000000000e+02 5.060000000000000000e+02 5.060000000000000000e+02 5.060000000000000000e+02 5.060000000000000000e+02 5.060000000000000000e+02 5.060000000000000000e+02 5.060000000000000000e+02 5.060000000000000000e+02 5.060000000000000000e+02 5.060000000000000000e+02 5.060000000000000000e+02 5.060000000000000000e+02 5.060000000000000000e+02 5.060000000000000000e+02 5.060000000000000000e+02 5.060000000000000000e+02 5.060000000000000000e+02 5.060000000000000000e+02
