testData/tiles/oneDegreeCosts/grid6.0-35.0-7.0-36.0.asc
ncols   200
nrows   200
xllcorner   6.0
yllcorner   35.0
cellsize   0.005
NODATA_value   -9999.0
[rows 126 to 167 of 200, columns 94 to 187 of 200]
627 627 627 627 627 628 627 628 627 627 627 627 626 626 626 625 626 625 625 624 624 624 623 623 622 622 622 621 621 620 619 619 618 617 617 616 616 616 616 617 617 617 618 618 618 619 619 618 619 619 619 619 583 583 583 584 584 584 585 585 585 585 586 585 585 585 586 586 586 586 587 587 587 586 587 587 587 587 588 588 588 588 587 588 588 588 588 588 589 589 588 588 588 589
629 628 629 628 629 628 628 628 628 627 627 627 627 627 626 626 626 625 625 625 625 624 623 623 623 624 622 621 621 620 620 619 618 618 617 616 616 616 616 617 617 617 618 618 618 619 619 619 620 620 620 621 621 584 585 585 584 584 585 585 585 586 586 586 586 587 587 587 586 587 587 587 587 588 588 588 588 589 588 588 588 588 589 589 589 589 589 589 589 589 589 590 590 589
629 629 629 628 630 629 630 629 629 629 629 628 629 628 627 628 627 627 626 627 626 625 625 625 625 624 623 623 622 621 621 621 621 620 618 618 617 617 618 618 618 619 619 619 620 620 620 620 620 620 621 621 621 585 585 585 585 586 586 586 587 587 586 586 587 587 587 587 588 588 588 588 589 588 588 588 589 589 589 589 590 590 589 589 589 590 590 590 590 590 590 590 590 590
630 631 630 630 630 630 630 630 629 630 629 628 629 628 628 628 628 627 627 627 626 626 626 625 625 625 624 623 623 623 622 621 621 620 620 619 618 618 618 618 619 619 619 620 620 620 621 621 621 622 622 622 623 586 586 586 586 586 586 587 587 587 587 588 588 588 588 589 588 588 588 589 589 589 589 590 590 590 589 590 590 590 590 590 591 591 590 590 590 591 591 591 591 590
631 631 631 631 631 631 631 631 631 631 630 631 630 630 630 629 629 629 629 628 627 628 627 627 626 625 625 625 625 624 623 623 622 621 621 620 620 619 619 620 620 620 621 621 621 622 622 621 622 622 622 622 623 586 586 587 587 587 588 588 588 588 588 588 588 588 589 589 589 589 590 590 590 589 590 590 590 590 591 591 591 591 590 591 591 591 591 591 592 591 591 591 591 592
632 632 632 632 632 632 632 631 632 631 630 631 630 630 630 630 629 629 629 628 628 628 628 627 626 628 626 625 625 624 624 623 622 622 621 620 620 619 619 620 620 621 621 621 622 622 622 622 623 623 623 624 624 587 588 587 587 587 588 588 588 589 589 589 589 590 590 590 589 590 590 590 590 591 591 591 591 591 591 591 591 591 592 592 592 592 592 592 592 592 592 592 593 592
633 633 632 633 633 633 633 632 633 632 633 632 632 632 631 631 631 631 630 630 630 629 629 628 629 628 627 627 626 626 625 624 624 623 622 622 621 620 621 621 621 622 622 622 623 623 623 623 623 623 624 624 624 625 588 588 588 589 589 589 590 590 589 589 590 590 590 590 591 591 591 591 592 591 591 591 592 592 592 592 592 593 592 592 592 593 593 593 593 592 593 593 593 593
634 634 634 634 633 634 633 634 633 633 633 632 632 632 632 631 632 631 630 631 630 630 629 629 629 629 628 627 626 626 626 626 625 624 624 623 621 621 621 621 622 622 622 623 623 623 624 624 624 625 625 625 626 626 589 588 589 589 589 590 590 590 590 591 591 591 591 592 591 591 591 592 592 592 592 593 593 592 592 593 593 593 593 593 594 593 593 593 593 594 594 594 594 593
635 634 635 634 635 635 634 635 634 635 634 634 634 634 633 633 633 632 632 632 632 631 630 631 630 629 629 628 629 628 627 627 626 625 625 624 624 623 622 623 623 623 624 624 624 625 624 624 625 625 625 625 626 626 589 590 590 590 590 591 591 591 591 591 591 591 592 592 592 592 593 593 593 592 593 593 593 593 594 594 594 593 593 594 594 594 594 594 595 594 594 594 594 595
636 635 636 635 636 635 636 635 635 635 635 634 634 634 633 634 633 633 633 632 632 631 632 631 630 631 629 630 629 628 628 627 626 626 625 624 624 623 622 623 623 624 624 624 624 625 625 625 626 626 626 627 627 627 591 590 590 590 591 591 591 592 592 592 592 593 593 592 592 593 593 593 593 594 594 594 594 594 594 594 594 594 595 595 595 594 594 595 595 595 595 595 595 595
636 637 636 636 636 637 637 636 636 636 636 636 636 635 636 635 634 634 634 634 633 633 633 632 632 631 631 631 630 630 629 628 628 627 626 626 625 624 624 624 624 625 625 625 626 626 625 626 626 626 627 627 627 628 591 591 591 592 592 592 593 593 592 592 593 593 593 593 594 594 594 594 594 594 594 594 595 595 595 595 595 595 595 595 595 595 596 596 596 595 595 596 596 596
637 638 637 638 637 637 637 637 637 637 636 636 636 635 636 635 635 635 634 634 633 634 633 632 632 633 632 631 630 630 629 628 628 627 627 626 625 625 624 624 625 625 625 626 626 626 627 627 627 628 628 628 628 629 592 591 592 592 592 592 593 593 593 594 594 594 594 594 594 594 594 595 595 595 595 596 596 595 595 595 596 596 596 596 597 596 596 596 596 597 597 597 596 596
638 638 638 638 638 638 638 638 638 638 637 638 637 638 637 636 636 636 636 635 636 635 634 634 634 633 633 632 632 631 630 631 630 629 629 628 628 626 625 626 626 626 627 627 627 628 627 627 627 628 628 628 629 629 629 593 593 593 593 594 594 594 594 594 594 594 595 595 595 595 596 596 595 595 596 596 596 596 596 597 597 596 596 597 597 597 597 597 597 597 597 597 597 597
639 639 639 639 639 639 639 638 639 638 639 638 637 638 637 637 637 637 636 636 636 635 635 634 634 635 633 632 632 632 632 631 630 630 629 628 628 627 626 626 626 626 627 627 627 628 628 628 629 629 629 630 630 630 631 593 593 593 594 594 594 595 595 595 595 596 596 595 595 596 596 596 596 597 597 597 597 596 597 597 597 597 598 598 598 597 597 598 598 598 598 598 598 598
640 640 639 640 639 641 640 640 640 639 640 639 639 639 639 638 638 638 637 638 637 636 636 636 636 635 634 634 634 633 633 632 632 631 630 630 629 628 628 627 627 628 628 628 629 629 628 629 629 629 630 630 630 630 631 594 594 595 595 595 595 595 595 595 596 596 596 596 597 597 597 597 597 597 597 597 597 598 598 598 598 598 598 598 598 598 599 599 598 598 598 599 599 599
641 641 641 641 640 641 640 641 640 640 640 639 640 639 639 639 639 638 638 638 637 637 637 636 636 636 635 635 634 634 633 632 632 631 631 630 629 629 628 627 628 628 628 629 629 629 630 630 630 630 631 631 631 632 632 594 595 595 595 595 596 596 596 596 597 597 597 597 597 597 597 598 598 598 598 598 598 598 598 598 599 599 599 599 598 599 599 599 599 599 600 599 599 599
642 641 642 641 642 642 641 642 641 642 641 641 641 641 640 640 640 639 640 639 638 638 638 638 637 636 637 636 636 635 634 634 633 632 632 631 630 630 629 629 629 629 630 630 630 630 630 630 630 631 631 631 632 632 632 596 596 596 596 597 597 596 596 597 597 597 598 598 598 598 599 599 598 598 598 599 599 599 599 600 599 599 599 599 600 600 600 600 599 600 600 600 600 600
643 642 643 642 643 642 643 642 642 642 642 641 641 641 641 641 640 641 640 639 639 639 639 638 637 639 637 636 636 635 635 634 633 634 633 632 632 631 629 629 629 629 630 630 630 631 631 631 632 632 632 633 633 633 633 633 596 596 597 597 597 597 598 598 598 598 599 598 598 598 599 599 599 599 600 600 599 599 600 600 600 600 600 601 600 600 600 600 601 601 601 600 600 601
643 644 643 643 643 644 644 643 643 643 643 643 643 642 642 642 641 642 641 641 641 640 640 639 639 639 638 638 637 636 636 636 636 635 634 634 633 632 632 631 630 631 631 631 632 632 631 632 632 632 632 633 633 633 634 634 597 598 598 598 598 598 598 598 598 599 599 599 599 600 600 599 599 600 600 600 600 601 601 601 600 600 601 601 601 601 601 601 601 601 601 601 602 602
644 645 644 645 644 644 644 644 644 644 643 643 643 642 643 642 642 642 641 641 641 641 640 639 640 640 639 638 637 638 637 636 636 635 634 634 633 633 632 631 631 631 631 632 632 632 632 633 633 633 634 634 634 635 634 634 597 598 598 598 599 599 599 599 600 600 599 599 600 600 600 600 601 601 601 601 601 601 601 601 601 602 602 602 601 602 602 602 602 602 602 602 602 602
645 645 645 645 645 645 645 645 645 645 644 645 644 645 644 643 644 643 643 643 642 642 641 642 641 640 640 639 640 639 638 638 637 636 636 635 634 634 633 632 632 632 632 633 633 633 633 633 633 634 634 634 635 635 635 635 599 599 599 600 600 599 599 600 600 600 600 601 601 601 601 601 601 601 601 602 602 602 602 602 602 602 602 602 603 603 603 602 602 602 603 603 603 603
646 646 646 646 646 646 646 645 646 645 645 645 644 645 644 644 644 643 643 643 643 642 641 642 641 642 640 640 640 639 638 638 637 637 636 635 635 634 633 633 632 632 633 633 633 634 634 634 635 635 635 635 636 636 635 636 599 599 599 600 600 600 601 601 601 601 601 601 601 601 602 602 602 602 603 603 602 602 602 603 603 603 603 603 603 603 603 603 604 604 603 603 603 603
647 647 646 647 646 647 647 647 647 646 647 646 646 646 645 646 645 645 644 644 644 643 644 643 642 642 641 642 641 640 640 639 638 638 637 637 636 635 635 634 633 634 634 634 635 635 634 634 635 635 635 636 636 636 637 637 600 600 601 601 601 601 601 601 601 602 602 602 602 603 603 602 602 603 603 603 603 603 604 604 603 603 604 604 604 604 604 604 604 604 604 604 604 605
506 506 506 506 647 648 647 648 647 647 647 646 647 646 646 646 645 645 645 645 644 644 644 643 643 643 642 642 641 641 640 639 640 639 638 638 637 636 636 634 633 634 634 634 635 635 635 636 636 636 637 637 637 637 637 637 637 601 601 601 601 602 602 602 603 603 602 602 603 603 603 603 604 604 604 603 603 604 604 604 604 605 605 604 604 604 605 605 605 605 604 605 605 605
506 506 506 506 506 506 506 649 648 649 648 648 648 647 647 647 647 646 647 646 645 646 645 645 644 644 644 643 642 642 641 642 641 640 640 639 638 638 637 636 636 635 635 636 636 636 636 636 636 637 637 637 637 638 638 638 639 602 602 602 603 602 602 602 603 603 603 604 604 604 604 603 604 604 604 604 605 605 605 604 605 605 605 605 605 606 606 605 605 605 606 606 606 605
506 506 506 506 506 506 506 506 506 506 506 648 648 648 648 648 647 647 647 646 646 646 645 645 644 646 644 643 643 642 642 642 641 640 640 639 639 638 637 637 636 635 636 636 636 636 637 637 637 638 638 638 639 639 638 639 639 602 602 603 603 603 603 604 604 604 603 604 604 604 604 605 605 605 605 605 605 605 605 606 606 606 606 605 606 606 606 606 606 607 606 606 606 606
506 506 506 506 506 506 506 506 506 506 506 506 506 506 506 649 648 649 648 647 648 647 647 646 646 646 645 645 644 644 644 643 642 642 641 640 640 639 638 638 637 636 637 637 637 638 637 637 638 638 638 639 639 639 639 640 640 603 604 604 603 603 604 604 604 604 605 605 605 605 606 605 605 605 606 606 606 606 607 606 606 606 606 607 607 607 606 606 607 607 607 607 607 606
506 506 506 506 506 506 506 506 506 506 506 506 506 506 506 506 506 506 506 648 648 647 647 647 647 647 645 645 645 644 644 643 643 642 641 641 640 639 639 638 637 637 637 637 638 638 638 639 639 639 639 640 640 640 640 640 640 603 604 604 604 605 605 605 605 606 605 605 605 606 606 606 606 607 607 606 606 607 607 607 607 607 608 607 607 607 607 608 608 608 607 607 608 608
506 506 506 506 506 506 506 506 506 506 506 506 506 506 506 506 506 506 506 506 506 506 506 506 648 647 647 647 646 646 645 644 644 643 642 642 642 642 640 639 639 638 638 639 639 638 638 639 639 639 640 640 640 641 641 641 641 605 605 605 605 605 605 605 606 606 606 606 607 607 606 606 607 607 607 607 607 608 608 607 607 608 608 608 608 608 608 608 608 608 608 609 609 608
506 506 506 506 506 506 506 506 506 506 506 506 506 506 506 506 506 506 506 506 506 506 506 506 506 506 506 506 647 646 645 645 644 644 644 643 642 642 641 640 639 638 638 639 639 639 640 640 640 641 641 641 641 642 641 641 642 642 605 605 606 606 606 607 607 607 606 607 607 607 607 608 608 608 608 607 608 608 608 608 609 609 608 608 608 609 609 609 609 608 609 609 609 609
506 506 506 506 506 506 506 506 506 506 506 506 506 506 506 506 506 506 506 506 506 506 506 506 506 506 506 506 506 506 506 506 506 646 645 644 644 643 642 642 641 640 640 640 640 640 640 640 640 641 641 641 642 642 642 643 643 643 606 607 606 606 606 607 607 607 608 608 608 608 608 608 608 608 608 609 609 609 608 609 609 609 609 609 610 610 609 609 609 610 610 610 609 609
506 506 506 506 506 506 506 506 506 506 506 506 506 506 506 506 506 506 506 506 506 506 506 506 506 506 506 506 506 506 506 506 506 506 506 506 506 506 642 642 641 640 640 640 640 641 641 641 642 642 642 643 643 643 642 643 643 643 607 607 607 607 608 608 608 607 608 608 608 608 609 609 609 609 609 609 609 609 610 610 610 610 609 610 610 610 610 610 611 610 610 610 610 611
506 506 506 506 506 506 506 506 506 506 506 506 506 506 506 506 506 506 506 506 506 506 506 506 506 506 506 506 506 506 506 506 506 506 506 506 506 506 506 506 506 506 506 506 642 641 641 642 642 642 643 643 643 643 644 644 644 645 608 608 607 608 608 608 608 609 609 609 609 610 609 609 609 610 610 610 610 611 610 610 610 610 611 611 611 610 610 611 611 611 611 611 611 611
506 506 506 506 506 506 506 506 506 506 506 506 506 506 506 506 506 506 506 506 506 506 506 506 506 506 506 506 506 506 506 506 506 506 506 506 506 506 506 506 506 506 506 506 506 506 506 506 506 506 644 644 644 644 644 644 644 645 608 608 609 609 609 609 610 609 609 609 610 610 610 610 611 611 610 610 610 611 611 611 611 612 611 611 611 611 612 612 612 611 611 612 612 612
506 506 506 506 506 506 506 506 506 506 506 506 506 506 506 506 506 506 506 506 506 506 506 506 506 506 506 506 506 506 506 506 506 506 506 506 506 506 506 506 506 506 506 506 506 506 506 506 506 506 506 506 506 506 506 506 506 646 609 609 609 609 609 610 610 610 610 611 611 611 610 611 611 611 611 611 612 612 611 611 612 612 612 612 612 612 612 612 612 612 613 613 612 612
506 506 506 506 506 506 506 506 506 506 506 506 506 506 506 506 506 506 506 506 506 506 506 506 506 506 506 506 506 506 506 506 506 506 506 506 506 506 506 506 506 506 506 506 506 506 506 506 506 506 506 506 506 506 506 506 506 506 506 506 506 506 506 506 611 610 611 611 611 611 611 612 612 612 611 612 612 612 612 613 613 613 612 612 613 613 613 613 612 613 613 613 613 613
506 506 506 506 506 506 506 506 506 506 506 506 506 506 506 506 506 506 506 506 506 506 506 506 506 506 506 506 506 506 506 506 506 506 506 506 506 506 506 506 506 506 506 506 506 506 506 506 506 506 506 506 506 506 506 506 506 506 506 506 506 506 506 506 506 506 506 506 506 506 506 506 506 506 613 613 613 613 613 613 613 613 613 614 614 613 613 613 614 614 614 613 613 613
506 506 506 506 506 506 506 506 506 506 506 506 506 506 506 506 506 506 506 506 506 506 506 506 506 506 506 506 506 506 506 506 506 506 506 506 506 506 506 506 506 506 506 506 506 506 506 506 506 506 506 506 506 506 506 506 506 506 506 506 506 506 506 506 506 506 506 506 506 506 506 506 506 506 506 506 506 506 506 506 506 506 506 506 506 506 614 615 614 614 614 614 614 615
506 506 506 506 506 506 506 506 506 506 506 506 506 506 506 506 506 506 506 506 506 506 506 506 506 506 506 506 506 506 506 506 506 506 506 506 506 506 506 506 506 506 506 506 506 506 506 506 506 506 506 506 506 506 506 506 506 506 506 506 506 506 506 506 506 506 506 506 506 506 506 506 506 506 506 506 506 506 506 506 506 506 506 506 506 506 506 506 506 506 506 506 506 506
506 506 506 506 506 506 506 506 506 506 506 506 506 506 506 506 506 506 506 506 506 506 506 506 506 506 506 506 506 506 506 506 506 506 506 506 506 506 506 506 506 506 506 506 506 506 506 506 506 506 506 506 506 506 506 506 506 506 506 506 506 506 506 506 506 506 506 506 506 506 506 506 506 506 506 506 506 506 506 506 506 506 506 506 506 506 506 506 506 506 506 506 506 506
506 506 506 506 506 506 506 506 506 506 506 506 506 506 506 506 506 506 506 506 506 506 506 506 506 506 506 506 506 506 506 506 506 506 506 506 506 506 506 506 506 506 506 506 506 506 506 506 506 506 506 506 506 506 506 506 506 506 506 506 506 506 506 506 506 506 506 506 506 506 506 506 506 506 506 506 506 506 506 506 506 506 506 506 506 506 506 506 506 506 506 506 506 506
506 506 506 506 506 506 506 506 506 506 506 506 506 506 506 506 506 506 506 506 506 506 506 506 506 506 506 506 506 506 506 506 506 506 506 506 506 506 506 506 506 506 506 506 506 506 506 506 506 506 506 506 506 506 506 506 506 506 506 506 506 506 506 506 506 506 506 506 506 506 506 506 506 506 506 506 506 506 506 506 506 506 506 506 506 506 506 506 506 506 506 506 506 506
