testData/tiles/oneDegreeCosts/grid49.0-13.0-50.0-14.0.asc
ncols   200
nrows   200
xllcorner   49.0
yllcorner   13.0
cellsize   0.005
NODATA_value   -9999.0
[rows 0 to 41 of 200, columns 0 to 93 of 200]
590 590 590 589 589 589 589 588 588 588 588 588 587 587 587 587 586 586 586 586 586 585 585 585 585 584 584 584 584 583 583 583 582 582 582 582 581 581 581 581 580 580 580 579 579 579 578 578 578 578 577 577 577 576 576 576 575 575 575 575 574 574 574 573 573 573 572 572 572 571 571 571 570 570 570 569 569 569 568 568 568 567 567 567 566 566 566 565 565 565 564 564 563 563
589 589 589 589 589 589 588 588 588 588 587 587 587 587 587 586 586 586 586 585 585 585 585 584 584 584 584 583 583 583 583 582 582 582 582 581 581 581 580 580 580 580 579 579 579 578 578 578 578 577 577 577 576 576 576 575 575 575 575 574 574 574 573 573 573 572 572 572 571 571 571 570 570 570 569 569 569 568 568 568 567 567 567 566 566 566 565 565 565 564 564 564 563 563
589 589 589 589 588 588 588 588 587 587 587 587 587 586 586 586 586 585 585 585 585 585 584 584 584 584 583 583 583 583 582 582 582 581 581 581 581 580 580 580 580 579 579 579 578 578 578 578 577 577 577 576 576 576 575 575 575 575 574 574 574 573 573 573 572 572 572 571 571 571 570 570 570 569 569 569 568 568 568 567 567 567 566 566 566 565 565 565 564 564 564 563 563 563
589 588 588 588 588 588 588 587 587 587 587 586 586 586 586 586 585 585 585 585 584 584 584 584 583 583 583 583 582 582 582 582 581 581 581 581 580 580 580 579 579 579 579 578 578 578 577 577 577 577 576 576 576 575 575 575 574 574 574 574 573 573 573 572 572 572 571 571 571 570 570 570 569 569 569 568 568 568 567 567 567 566 566 566 565 565 565 564 564 564 563 563 563 562
588 588 588 588 588 587 587 587 587 586 586 586 586 586 585 585 585 585 584 584 584 584 584 583 583 583 583 582 582 582 582 581 581 581 580 580 580 580 579 579 579 579 578 578 578 577 577 577 577 576 576 576 575 575 575 574 574 574 574 573 573 573 572 572 572 571 571 571 570 570 570 569 569 569 568 568 568 567 567 567 566 566 566 565 565 565 564 564 564 563 563 563 562 562
588 588 587 587 587 587 587 587 586 586 586 586 585 585 585 585 585 584 584 584 584 583 583 583 583 582 582 582 582 581 581 581 581 580 580 580 580 579 579 579 578 578 578 578 577 577 577 577 576 576 576 575 575 575 574 574 574 574 573 573 573 572 572 572 571 571 571 570 570 570 569 569 569 568 568 568 567 567 567 567 566 566 565 565 565 564 564 564 564 564 564 563 563 563
587 587 587 587 587 587 586 586 586 586 585 585 585 585 585 584 584 584 584 583 583 583 583 583 582 582 582 582 581 581 581 581 580 580 580 579 579 579 579 578 578 578 578 577 577 577 576 576 576 576 575 575 575 574 574 574 574 573 573 573 572 572 572 571 571 571 570 570 570 569 569 569 568 568 568 568 567 567 567 566 566 567 566 566 566 565 565 565 564 564 563 563 563 562
587 587 587 586 586 586 586 586 586 585 585 585 585 584 584 584 584 584 583 583 583 583 582 582 582 582 581 581 581 581 580 580 580 580 579 579 579 579 578 578 578 577 577 577 577 576 576 576 576 575 575 575 574 574 574 573 573 573 573 572 572 572 571 571 571 570 570 570 569 569 569 569 568 568 569 568 568 568 567 567 567 566 566 566 565 565 565 564 564 564 563 563 563 562
587 586 586 586 586 586 586 585 585 585 585 584 584 584 584 584 583 583 583 583 582 582 582 582 582 581 581 581 581 580 580 580 580 579 579 579 578 578 578 578 577 577 577 577 576 576 576 575 575 575 575 574 574 574 573 573 573 573 572 572 572 571 571 571 570 570 570 570 570 570 570 569 569 569 568 568 568 567 567 567 566 566 566 565 565 565 564 564 564 563 563 563 562 515
586 586 586 586 585 585 585 585 585 584 584 584 584 584 583 583 583 583 583 582 582 582 582 581 581 581 581 580 580 580 580 579 579 579 579 578 578 578 578 577 577 577 577 576 576 576 575 575 575 575 574 574 574 573 573 573 573 572 572 572 571 571 571 571 571 571 570 570 570 570 569 569 569 568 568 568 567 567 567 566 566 566 565 565 565 564 564 564 563 563 563 562 562 515
586 586 585 585 585 585 585 584 584 584 584 584 583 583 583 583 583 582 582 582 582 581 581 581 581 581 580 580 580 580 579 579 579 579 578 578 578 578 577 577 577 576 576 576 576 575 575 575 574 574 574 574 573 573 573 572 572 572 573 572 572 572 571 571 571 570 570 570 570 569 569 569 568 568 568 567 567 567 566 566 566 565 565 565 564 564 564 563 563 563 562 562 562 515
585 585 585 585 585 584 584 584 584 584 583 583 583 583 583 582 582 582 582 582 581 581 581 581 580 580 580 580 579 579 579 579 578 578 578 578 577 577 577 577 576 576 576 576 575 575 575 574 574 574 574 573 573 574 573 573 573 573 572 572 572 571 571 571 570 570 570 569 569 569 569 568 568 568 567 567 567 566 566 566 565 565 565 564 564 564 563 563 563 562 562 562 561 515
585 585 585 584 584 584 584 584 583 583 583 583 583 582 582 582 582 582 581 581 581 581 580 580 580 580 580 579 579 579 579 578 578 578 578 577 577 577 577 576 576 576 575 575 575 575 574 574 575 575 574 574 574 573 573 573 572 572 572 572 571 571 571 570 570 570 569 569 569 569 568 568 568 567 567 567 566 566 566 565 565 565 564 564 564 563 563 563 562 562 562 561 561 515
585 584 584 584 584 584 583 583 583 583 583 582 582 582 582 582 581 581 581 581 581 580 580 580 580 579 579 579 579 578 578 578 578 577 577 577 577 576 576 576 576 575 575 576 576 575 575 575 574 574 574 574 573 573 573 572 572 572 572 571 571 571 570 570 570 569 569 569 569 568 568 568 567 567 567 566 566 566 565 565 565 564 564 564 563 563 563 562 562 562 561 561 515 515
584 584 584 584 583 583 583 583 583 582 582 582 582 582 581 581 581 581 581 580 580 580 580 579 579 579 579 579 578 578 578 578 577 577 577 577 576 576 576 577 576 576 576 575 575 575 575 574 574 574 574 573 573 573 572 572 572 572 571 571 571 570 570 570 569 569 569 569 568 568 568 567 567 567 566 566 566 565 565 565 564 564 564 563 563 563 562 562 562 561 561 561 515 515
584 584 583 583 583 583 583 582 582 582 582 582 581 581 581 581 581 580 580 580 580 580 579 579 579 579 578 578 578 578 577 577 577 577 577 577 577 577 576 576 576 576 575 575 575 575 574 574 574 573 573 573 573 572 572 572 571 571 571 571 570 570 570 569 569 569 568 568 568 568 567 567 567 566 566 566 565 565 565 564 564 564 563 563 563 562 562 562 562 562 562 561 515 515
583 583 583 583 583 582 582 582 582 582 581 581 581 581 581 580 580 580 580 580 579 579 579 579 578 578 578 578 578 577 577 578 578 577 577 577 577 576 576 576 576 575 575 575 574 574 574 574 573 573 573 573 572 572 572 571 571 571 571 570 570 570 569 569 569 568 568 568 568 567 567 567 566 566 566 565 565 565 564 564 564 564 564 564 564 563 563 563 562 562 562 561 515 515
583 583 583 582 582 582 582 582 581 581 581 581 581 580 580 580 580 580 579 579 579 579 579 578 578 578 578 578 578 578 578 577 577 577 577 576 576 576 576 575 575 575 575 574 574 574 574 573 573 573 572 572 572 572 571 571 571 570 570 570 570 569 569 569 568 568 568 568 567 567 567 566 566 566 565 565 566 565 565 565 564 564 564 564 563 563 563 562 562 562 561 561 515 515
583 582 582 582 582 582 581 581 581 581 581 580 580 580 580 580 579 579 579 579 579 579 579 579 579 578 578 578 578 578 577 577 577 577 576 576 576 576 575 575 575 575 574 574 574 573 573 573 573 572 572 572 572 571 571 571 570 570 570 570 569 569 569 568 568 568 568 567 567 567 567 567 567 566 566 566 565 565 565 564 564 564 564 563 563 563 562 562 562 561 561 561 515 515
582 582 582 582 581 581 581 581 581 580 580 580 580 580 579 579 579 579 579 579 579 579 579 579 578 578 578 578 577 577 577 577 576 576 576 576 575 575 575 575 574 574 574 574 573 573 573 573 572 572 572 571 571 571 571 570 570 570 570 569 569 569 568 568 568 568 568 568 568 567 567 567 566 566 566 565 565 565 564 564 564 564 563 563 563 562 562 562 561 561 561 515 515 515
582 582 581 581 581 581 581 580 580 580 580 580 579 579 579 579 580 579 579 579 579 579 578 578 578 578 577 577 577 577 577 576 576 576 576 575 575 575 575 574 574 574 574 573 573 573 572 572 572 572 571 571 571 571 570 570 570 569 569 569 570 569 569 569 568 568 568 568 567 567 567 566 566 566 565 565 565 564 564 564 564 563 563 563 562 562 562 561 561 561 560 515 515 515
581 581 581 581 581 580 580 580 580 580 579 579 579 580 580 579 579 579 579 579 578 578 578 578 578 577 577 577 577 576 576 576 576 575 575 575 575 574 574 574 574 573 573 573 573 572 572 572 572 571 571 571 571 570 570 571 570 570 570 570 569 569 569 568 568 568 567 567 567 567 566 566 566 565 565 565 564 564 564 564 563 563 563 562 562 562 561 561 561 560 560 515 515 515
581 581 581 580 580 580 580 580 580 580 580 580 580 579 579 579 579 579 578 578 578 578 578 577 577 577 577 576 576 576 576 576 575 575 575 575 574 574 574 574 573 573 573 573 572 572 572 572 571 571 571 571 571 571 571 570 570 570 569 569 569 569 568 568 568 567 567 567 567 566 566 566 565 565 565 564 564 564 564 563 563 563 562 562 562 561 561 561 560 560 560 515 515 515
580 580 580 580 580 580 580 580 580 580 580 579 579 579 579 579 578 578 578 578 578 577 577 577 577 577 576 576 576 576 575 575 575 575 574 574 574 574 573 573 573 573 572 572 572 572 572 572 572 572 571 571 571 571 570 570 570 569 569 569 569 568 568 568 567 567 567 567 566 566 566 565 565 565 564 564 564 564 563 563 563 562 562 562 561 561 561 560 560 560 559 515 515 515
580 580 580 581 580 580 580 580 580 579 579 579 579 579 578 578 578 578 578 577 577 577 577 577 576 576 576 576 575 575 575 575 575 574 574 574 574 573 573 573 573 573 573 573 573 572 572 572 572 571 571 571 570 570 570 570 569 569 569 569 568 568 568 567 567 567 566 566 566 566 565 565 565 564 564 564 563 563 563 563 562 562 562 561 561 561 560 560 560 559 515 515 515 515
581 580 580 580 580 580 580 579 579 579 579 579 578 578 578 578 578 577 577 577 577 577 576 576 576 576 576 575 575 575 575 574 574 574 574 573 573 573 574 573 573 573 573 572 572 572 572 571 571 571 571 570 570 570 570 569 569 569 568 568 568 568 567 567 567 566 566 566 566 565 565 565 564 564 564 563 563 563 563 562 562 562 561 561 561 560 560 560 559 559 515 515 515 515
580 580 580 580 580 579 579 579 579 579 578 578 578 578 578 577 577 577 577 577 576 576 576 576 576 575 575 575 575 574 574 574 574 574 574 574 574 574 573 573 573 573 572 572 572 572 571 571 571 571 570 570 570 569 569 569 569 568 568 568 568 567 567 567 566 566 566 566 565 565 565 564 564 564 563 563 563 563 562 562 562 561 561 561 560 560 560 559 559 559 515 515 515 515
580 580 579 579 579 579 579 579 578 578 578 578 578 577 577 577 577 577 576 576 576 576 576 575 575 575 575 575 574 574 574 575 574 574 574 574 573 573 573 573 572 572 572 572 571 571 571 571 570 570 570 570 569 569 569 569 568 568 568 567 567 567 567 566 566 566 565 565 565 565 564 564 564 563 563 563 562 562 562 562 561 561 561 560 560 561 560 560 515 515 515 515 515 515
579 579 579 579 579 579 578 578 578 578 578 577 577 577 577 577 576 576 576 576 576 575 575 575 575 575 575 575 575 575 574 574 574 574 574 573 573 573 573 572 572 572 572 571 571 571 571 570 570 570 570 569 569 569 568 568 568 568 567 567 567 567 566 566 566 565 565 565 565 564 564 564 563 563 563 562 562 562 562 562 562 562 561 561 515 515 515 515 515 515 515 515 515 515
579 579 579 578 578 578 578 578 578 577 577 577 577 577 576 576 576 576 576 575 575 575 575 575 575 575 575 575 575 574 574 574 574 573 573 573 573 572 572 572 572 571 571 571 571 570 570 570 570 569 569 569 569 568 568 568 568 567 567 567 566 566 566 566 565 565 565 564 564 564 564 563 563 563 563 563 563 563 562 515 515 515 515 515 515 515 515 515 515 515 515 515 515 515
579 578 578 578 578 578 578 577 577 577 577 577 576 576 576 576 576 575 575 575 575 576 575 575 575 575 575 574 574 574 574 573 573 573 573 573 572 572 572 572 571 571 571 571 570 570 570 570 569 569 569 569 568 568 568 567 567 567 567 566 566 566 566 565 565 565 564 564 564 565 564 564 564 563 515 515 515 515 515 515 515 515 515 515 515 515 515 515 515 515 515 515 515 515
578 578 578 578 577 577 577 577 577 577 576 576 576 576 576 576 576 576 576 576 575 575 575 575 575 574 574 574 574 574 573 573 573 573 572 572 572 572 571 571 571 571 570 570 570 570 569 569 569 569 568 568 568 568 567 567 567 567 566 566 566 565 565 565 566 565 566 566 566 515 515 515 515 515 515 515 515 515 515 515 515 515 515 515 515 515 515 515 515 515 515 515 515 515
578 578 577 577 577 577 577 577 576 576 576 576 576 576 576 576 576 576 575 575 575 575 575 574 574 574 574 574 573 573 573 573 572 572 572 572 572 571 571 571 571 570 570 570 570 569 569 569 569 568 568 568 568 567 567 567 567 567 567 567 567 567 567 567 515 515 515 515 515 515 515 515 515 515 515 515 515 515 515 515 515 515 515 515 515 515 515 515 515 515 515 515 515 515
577 577 577 577 577 576 576 576 576 576 576 576 576 576 576 576 575 575 575 575 575 574 574 574 574 574 573 573 573 573 573 572 572 572 572 571 571 571 571 570 570 570 570 569 569 569 569 568 568 568 568 567 567 568 568 568 568 568 515 515 515 515 515 515 515 515 515 515 515 515 515 515 515 515 515 515 515 515 515 515 515 515 515 515 515 515 515 515 515 515 515 515 515 515
577 577 577 576 576 576 576 576 577 576 576 576 576 576 575 575 575 575 575 574 574 574 574 574 573 573 573 573 573 572 572 572 572 571 571 571 571 571 570 570 570 570 569 569 569 569 568 568 568 569 568 569 515 515 515 515 515 515 515 515 515 515 515 515 515 515 515 515 515 515 515 515 515 515 515 515 515 515 515 515 515 515 515 515 515 515 515 515 515 515 515 515 515 515
576 576 576 576 576 577 576 576 576 576 576 576 575 575 575 575 575 574 574 574 574 574 573 573 573 573 573 572 572 572 572 572 571 571 571 571 570 570 570 570 569 569 569 569 568 515 515 515 515 515 515 515 515 515 515 515 515 515 515 515 515 515 515 515 515 515 515 515 515 515 515 515 515 515 515 515 515 515 515 515 515 515 515 515 515 515 515 515 515 515 515 515 515 515
576 576 576 577 576 576 576 576 576 576 575 575 575 575 575 574 574 574 574 574 573 573 573 573 573 572 572 572 572 572 571 571 571 571 570 570 570 515 515 515 515 515 515 515 515 515 515 515 515 515 515 515 515 515 515 515 515 515 515 515 515 515 515 515 515 515 515 515 515 515 515 515 515 515 515 515 515 515 515 515 515 515 515 515 515 515 515 515 515 515 515 515 515 515
577 576 576 576 576 576 576 575 575 575 575 575 575 574 574 574 574 574 573 573 573 573 573 572 572 572 572 515 515 515 515 515 515 515 515 515 515 515 515 515 515 515 515 515 515 515 515 515 515 515 515 515 515 515 515 515 515 515 515 515 515 515 515 515 515 515 515 515 515 515 515 515 515 515 515 515 515 515 515 515 515 515 515 515 515 515 515 515 515 515 515 515 515 515
576 576 576 576 576 575 575 575 575 575 575 574 574 574 574 515 515 515 515 515 515 515 515 515 515 515 515 515 515 515 515 515 515 515 515 515 515 515 515 515 515 515 515 515 515 515 515 515 515 515 515 515 515 515 515 515 515 515 515 515 515 515 515 515 515 515 515 515 515 515 515 515 515 515 515 515 515 515 515 515 515 515 515 515 515 515 515 515 515 515 515 515 515 515
515 515 515 515 515 515 515 515 515 515 515 515 515 515 515 515 515 515 515 515 515 515 515 515 515 515 515 515 515 515 515 515 515 515 515 515 515 515 515 515 515 515 515 515 515 515 515 515 515 515 515 515 515 515 515 515 515 515 515 515 515 515 515 515 515 515 515 515 515 515 515 515 515 515 515 515 515 515 515 515 515 515 515 515 515 515 515 515 515 515 515 515 515 515
515 515 515 515 515 515 515 515 515 515 515 515 515 515 515 515 515 515 515 515 515 515 515 515 515 515 515 515 515 515 515 515 515 515 515 515 515 515 515 515 515 515 515 515 515 515 515 515 515 515 515 515 515 515 515 515 515 515 515 515 515 515 515 515 515 515 515 515 515 515 515 515 515 515 515 515 515 515 515 515 515 515 515 515 515 515 515 515 515 515 515 515 515 515
515 515 515 515 515 515 515 515 515 515 515 515 515 515 515 515 515 515 515 515 515 515 515 515 515 515 515 515 515 515 515 515 515 515 515 515 515 515 515 515 515 515 515 515 515 515 515 515 515 515 515 515 515 515 515 515 515 515 515 515 515 515 515 515 515 515 515 515 515 515 515 515 515 515 515 515 515 515 515 515 515 515 515 515 515 515 515 515 515 515 515 515 515 515
