testData/tiles/oneDegreeCosts/grid44.0-11.0-45.0-12.0.asc
ncols   200
nrows   200
xllcorner   44.0
yllcorner   11.0
cellsize   0.005
NODATA_value   -9999.0
[rows 0 to 41 of 200, columns 94 to 187 of 200]
525 525 525 525 525 525 525 525 525 525 524 524 524 524 524 524 524 524 524 524 524 524 524 524 524 524 524 524 524 524 524 524 524 524 524 524 524 524 524 524 524 524 524 524 524 524 524 524 524 524 524 524 524 524 524 524 524 524 524 524 524 524 524 524 524 524 524 524 524 524 524 524 524 524 524 524 524 524 524 524 699 699 699 699 699 699 699 699 699 699 699 699 699 699
525 525 525 525 525 525 525 525 525 525 525 525 525 525 525 525 525 525 525 525 525 525 524 524 524 524 524 524 524 524 524 524 524 524 524 524 524 524 524 524 524 524 524 524 524 524 524 524 524 524 524 524 524 524 524 524 524 524 524 524 524 524 524 524 524 524 524 524 524 524 524 524 524 524 524 524 524 524 524 524 699 699 699 699 699 699 699 699 699 699 699 699 699 699
525 525 525 525 525 525 525 525 525 525 525 525 525 525 525 525 525 525 525 525 525 525 525 525 525 525 525 525 525 525 525 525 524 524 524 524 524 524 524 524 524 524 524 524 524 524 524 524 524 524 524 524 524 524 524 524 524 524 524 524 524 524 524 524 524 524 524 524 524 524 524 524 524 524 524 524 524 524 524 699 699 699 699 699 699 699 699 699 699 699 699 699 699 699
526 525 525 525 525 525 525 525 525 525 525 525 525 525 525 525 525 525 525 525 525 525 525 525 525 525 525 525 525 525 525 525 525 525 525 525 525 525 525 525 524 524 524 524 524 524 524 524 524 524 524 524 524 524 524 524 524 524 524 524 524 524 524 524 524 524 524 524 524 524 524 524 524 524 524 524 524 524 524 699 699 699 699 699 699 699 699 699 699 699 699 699 699 699
526 526 526 526 526 526 526 526 526 526 526 526 526 526 526 526 525 525 525 525 525 525 525 525 525 525 525 525 525 525 525 525 525 525 525 525 525 525 525 525 525 525 525 525 525 525 525 524 524 524 524 524 524 524 524 524 524 524 524 524 524 524 524 524 524 524 524 524 524 524 524 524 524 524 524 524 524 524 524 699 699 699 699 699 699 699 699 699 699 699 699 699 699 699
526 526 526 526 526 526 526 526 526 526 526 526 526 526 526 526 526 526 526 526 526 526 526 526 526 526 526 525 525 525 525 525 525 525 525 525 525 525 525 525 525 525 525 525 525 525 525 525 525 525 525 525 525 524 524 524 524 524 524 524 524 524 524 524 524 524 524 524 524 524 524 524 524 524 524 524 524 524 699 699 699 699 699 699 699 699 699 699 699 699 699 699 699 699
526 526 526 526 526 526 526 526 526 526 526 526 526 526 526 526 526 526 526 526 526 526 526 526 526 526 526 526 526 526 526 526 526 526 526 525 525 525 525 525 525 525 525 525 525 525 525 525 525 525 525 525 525 525 525 525 525 525 525 524 524 524 524 524 524 524 524 524 524 524 524 524 524 524 524 524 524 524 699 699 699 699 699 699 699 699 699 699 699 699 699 699 699 699
532 531 531 531 531 531 531 531 531 531 531 531 531 531 531 531 531 531 531 531 530 530 530 530 530 530 530 530 530 530 530 530 530 529 529 529 529 529 529 529 529 529 528 527 527 527 527 527 527 527 527 526 526 526 526 526 526 526 525 525 525 525 525 525 524 524 524 524 524 524 524 524 524 524 524 524 524 524 699 699 699 699 699 699 699 699 699 699 699 699 699 699 699 699
538 538 538 538 538 538 538 538 537 537 537 537 537 537 537 537 536 536 536 536 536 536 536 536 536 535 535 535 535 535 535 535 535 535 535 535 534 534 534 534 534 534 534 534 534 534 533 533 533 532 532 532 532 532 531 531 531 531 531 531 531 530 530 530 530 530 530 530 529 528 528 528 528 528 527 527 527 702 702 702 701 701 701 701 701 700 700 700 700 700 699 699 699 699
543 543 543 543 543 543 543 543 542 542 542 542 542 542 542 542 542 542 542 542 542 542 542 542 542 541 541 540 540 540 540 540 540 540 540 540 540 539 539 539 539 539 539 539 539 539 539 538 538 538 538 538 538 538 538 536 536 536 536 536 536 536 535 535 535 535 535 535 535 534 534 534 534 534 533 532 532 707 707 707 707 706 706 706 706 706 705 705 705 705 705 705 704 704
548 547 547 547 547 547 547 547 547 547 547 547 547 547 547 547 547 547 547 547 547 547 546 546 546 546 546 546 546 546 546 546 546 546 546 544 544 544 544 544 544 544 544 544 544 543 543 543 543 543 543 543 543 543 542 542 542 542 542 542 542 541 540 540 540 540 540 540 539 539 539 539 539 539 539 538 538 713 712 712 712 711 711 711 711 711 710 710 710 710 710 710 709 709
552 552 552 552 552 552 552 552 552 552 552 552 552 552 551 551 551 551 551 551 551 551 551 551 551 551 551 551 551 551 550 550 550 550 550 550 550 550 550 550 550 549 548 548 548 548 548 548 548 548 548 547 547 547 547 547 547 547 547 546 546 546 546 546 546 546 544 544 544 544 544 544 544 543 543 543 718 718 718 717 717 717 717 716 716 715 715 715 715 715 715 714 714 714
557 557 557 557 557 557 557 557 557 557 557 556 556 556 556 556 556 556 556 556 555 555 555 555 555 555 555 555 555 555 555 555 555 555 554 554 554 554 554 554 554 554 554 554 554 553 553 553 553 552 552 552 552 552 551 551 551 551 551 551 551 551 550 550 550 550 550 550 550 549 549 548 548 548 548 548 722 722 722 722 722 722 721 721 721 721 721 720 719 719 719 719 719 718
561 561 561 561 561 561 561 561 561 561 561 561 561 561 561 561 561 561 561 561 561 561 561 559 559 559 559 559 559 559 559 559 559 559 559 559 558 558 558 558 558 558 558 558 558 558 558 557 557 557 557 557 557 557 557 556 555 555 555 555 555 555 555 555 554 554 554 554 554 554 554 553 553 553 553 552 727 727 726 726 726 726 726 726 725 725 725 725 725 725 724 723 723 723
565 565 565 565 565 565 565 565 565 565 565 565 565 565 565 565 565 565 565 565 565 565 564 564 564 564 564 564 564 564 564 564 563 563 563 563 562 562 562 562 562 562 562 562 562 562 562 561 561 561 561 561 561 561 561 561 560 560 560 560 559 559 559 559 558 558 558 558 558 558 558 557 557 557 557 732 732 732 731 731 730 730 730 730 729 729 729 729 729 729 728 728 728 728
569 569 569 569 569 569 569 569 569 569 569 569 569 569 569 569 569 569 568 568 568 568 568 568 568 568 568 568 568 568 568 568 568 567 567 567 567 567 567 566 566 566 566 566 566 565 565 565 565 565 565 565 565 565 564 564 564 564 564 564 564 564 564 563 563 563 562 562 562 562 562 561 561 561 561 736 736 735 735 735 735 735 735 735 733 733 733 733 733 733 732 732 732 732
573 573 573 573 573 573 573 573 573 572 572 572 572 572 572 572 572 572 572 572 572 572 572 572 572 572 572 572 571 571 571 571 571 571 571 571 571 571 571 571 571 570 570 570 570 570 569 569 569 569 569 568 568 568 568 568 568 568 568 568 567 567 567 567 567 567 567 567 566 566 565 565 565 565 565 739 739 739 739 739 739 739 738 738 738 738 738 738 736 736 736 736 736 736
577 577 577 577 577 577 577 577 577 577 577 577 577 576 576 576 576 576 576 575 575 575 575 575 575 575 575 575 575 575 575 575 575 575 574 574 574 574 574 574 574 574 574 574 574 574 573 573 573 573 573 573 572 572 572 572 571 571 571 571 571 571 571 571 570 570 570 570 570 570 570 570 569 569 744 743 743 743 743 742 742 742 742 742 742 742 741 741 741 741 741 741 739 739
581 580 580 580 580 580 580 580 580 580 580 580 580 580 580 580 580 580 580 580 580 580 580 580 578 578 578 578 578 578 578 578 578 578 578 578 578 578 577 577 577 577 577 577 577 577 577 577 577 576 576 576 576 576 576 576 576 576 575 574 574 574 574 574 574 574 574 573 573 573 573 573 573 573 748 747 747 747 747 746 746 746 745 745 745 745 745 745 744 744 744 744 744 744
584 584 584 584 584 584 583 583 583 583 583 583 583 583 583 583 583 583 583 583 583 583 583 583 583 583 583 582 582 582 582 582 582 581 581 581 581 581 581 581 580 580 580 580 580 580 580 580 580 580 580 579 579 579 579 579 579 579 579 579 579 578 578 577 577 577 577 577 577 576 576 576 576 576 751 751 751 750 750 750 750 750 750 749 748 748 748 748 748 748 747 747 747 747
587 587 587 587 587 587 586 586 586 586 586 586 586 586 586 586 586 586 586 586 586 586 586 586 586 586 586 585 585 585 585 585 585 585 585 585 585 585 585 585 584 583 583 583 583 583 583 583 583 583 583 583 582 582 582 582 582 582 582 582 582 581 581 581 581 581 581 581 580 580 579 579 579 754 754 754 754 753 753 753 753 753 753 753 752 752 752 752 751 751 751 750 750 750
590 589 589 589 589 589 589 589 589 589 589 589 589 589 589 589 589 589 589 589 589 589 589 589 589 588 588 588 588 588 588 588 588 588 588 588 588 588 588 587 587 587 587 587 587 587 587 586 586 586 586 585 585 585 585 585 585 585 585 585 584 584 584 584 584 584 584 584 584 583 583 583 583 757 757 757 757 756 756 756 756 756 756 756 755 755 755 755 755 755 754 754 753 753
593 593 593 593 593 593 593 593 593 592 592 592 592 592 592 592 592 592 592 592 592 591 591 591 591 591 591 591 591 591 591 591 591 591 591 591 590 590 590 590 590 590 590 590 590 590 590 590 589 589 589 589 589 588 588 588 588 588 588 587 587 587 587 587 587 587 587 586 586 586 586 586 586 761 761 760 760 759 759 759 759 759 759 758 758 758 758 758 758 757 757 757 757 757
596 596 596 596 596 596 596 596 596 596 596 596 595 595 595 595 595 595 595 595 595 594 594 594 594 594 594 594 594 594 594 593 593 593 593 593 593 593 593 593 593 593 593 593 592 592 592 592 592 592 592 592 592 592 592 591 591 591 591 590 590 590 590 590 590 589 589 589 589 589 589 589 764 763 763 763 763 763 763 763 762 762 761 761 761 761 761 760 760 760 760 760 760 760
598 598 598 598 598 598 598 598 598 598 598 598 598 598 598 598 598 598 598 598 598 598 598 597 597 597 597 597 597 597 596 596 596 596 596 596 596 596 596 595 595 595 595 595 595 595 595 595 595 595 594 594 594 594 594 594 594 594 594 594 593 593 593 593 592 592 592 592 592 591 591 591 766 766 766 766 766 765 765 765 765 765 765 765 765 764 763 763 763 763 763 762 762 762
601 601 601 601 601 601 601 601 601 601 600 600 600 600 600 600 600 600 600 600 600 600 600 600 600 600 600 600 600 600 599 599 599 599 599 599 599 599 598 598 598 598 598 598 597 597 597 597 597 597 597 597 597 597 597 596 596 596 596 596 596 596 596 596 595 595 595 595 595 594 594 594 769 768 768 768 768 768 768 768 768 767 767 767 767 767 767 767 766 766 765 765 765 765
603 603 603 603 603 603 603 603 603 603 603 603 603 603 603 603 602 602 602 602 602 602 602 602 602 602 602 602 602 602 602 602 602 602 601 601 601 601 601 601 601 601 601 601 601 600 600 599 599 599 599 599 599 599 599 599 599 599 598 598 598 598 598 598 598 598 598 597 597 597 597 772 772 771 771 770 770 770 770 770 770 770 770 769 769 769 769 769 769 769 768 768 768 767
605 605 605 605 605 605 605 605 605 605 605 605 605 605 605 605 605 605 605 605 604 604 604 604 604 604 604 604 604 604 604 604 604 604 604 604 604 603 603 603 603 603 603 603 603 603 603 603 603 602 602 601 601 601 601 601 601 601 601 601 600 600 600 600 600 600 600 600 600 599 599 774 774 774 774 774 774 773 772 772 772 772 772 772 772 771 771 771 771 771 771 771 770 770
608 608 608 608 608 608 608 608 608 608 608 608 608 607 607 607 607 607 607 607 607 606 606 606 606 606 606 606 606 606 606 606 606 606 606 606 606 606 605 605 605 605 605 605 605 605 605 605 605 605 604 604 604 604 604 604 604 603 603 603 603 602 602 602 602 602 602 602 602 602 601 776 776 776 776 776 776 776 775 775 775 775 774 774 774 774 773 773 773 773 773 773 773 772
610 610 610 610 610 610 610 610 610 610 610 610 610 610 610 610 610 610 610 610 610 609 609 609 608 608 608 608 608 608 608 608 608 608 608 608 608 607 607 607 607 607 607 607 607 607 607 607 607 607 606 606 606 606 606 606 606 606 606 606 605 605 604 604 604 604 604 604 604 604 778 778 778 778 778 778 778 778 777 777 777 777 777 777 777 777 775 775 775 775 775 775 775 774
515 612 612 612 612 612 612 612 612 612 612 612 612 612 612 612 612 611 611 611 611 611 611 611 611 611 611 611 611 611 611 611 610 610 610 609 609 609 609 609 609 609 609 609 609 609 609 609 608 608 608 608 608 608 608 608 608 608 608 607 607 607 607 607 607 607 607 606 606 605 780 780 780 780 780 780 780 779 779 779 779 779 779 779 779 778 778 778 778 778 777 777 776 776
515 515 515 515 515 515 515 515 614 614 614 613 613 613 613 613 613 613 613 613 613 613 613 613 613 613 613 613 613 613 613 613 612 612 612 612 612 612 612 612 611 611 611 611 611 611 610 610 610 610 610 610 610 610 610 610 610 609 609 609 609 609 609 609 609 609 609 608 608 608 783 782 782 782 782 781 781 781 781 781 781 781 781 780 780 780 780 780 780 780 780 779 779 778
515 515 515 515 515 515 515 515 515 515 515 515 515 515 515 515 515 615 615 615 615 615 615 615 615 615 614 614 614 614 614 614 614 614 614 614 614 614 614 614 614 613 613 613 613 613 612 612 612 612 612 612 612 612 611 611 611 611 611 611 611 611 611 611 610 610 610 610 610 785 785 785 785 784 784 784 783 783 783 783 783 782 782 782 782 782 782 782 782 781 781 781 781 781
515 515 515 515 515 515 515 515 515 515 515 515 515 515 515 515 515 515 515 515 515 515 515 515 515 515 515 515 515 616 616 616 616 616 616 615 615 615 615 615 615 615 615 615 615 615 615 615 615 614 614 614 613 613 613 613 613 613 613 613 612 612 612 612 612 612 612 612 612 786 786 786 786 786 786 786 786 786 785 785 784 784 784 784 784 784 660 660 660 660 660 660 660 659
515 515 515 515 515 515 515 515 515 515 515 515 515 515 515 515 515 515 515 515 515 515 515 515 515 515 515 515 515 515 515 515 515 515 515 515 515 515 515 515 515 515 515 515 515 515 515 515 515 515 515 515 515 515 515 515 515 515 515 515 515 515 515 515 515 515 515 515 515 665 665 665 665 665 664 664 664 664 664 664 664 664 663 663 662 662 662 662 662 661 661 661 661 661
515 515 515 515 515 515 515 515 515 515 515 515 515 515 515 515 515 515 515 515 515 515 515 515 515 515 515 515 515 515 515 515 515 515 515 515 515 515 515 515 515 515 515 515 515 515 515 515 515 515 515 515 515 515 515 515 515 515 515 515 515 515 515 515 515 515 515 515 515 666 666 666 666 666 666 666 666 665 665 665 665 665 665 665 665 664 664 664 663 663 663 663 662 662
515 515 515 515 515 515 515 515 515 515 515 515 515 515 515 515 515 515 515 515 515 515 515 515 515 515 515 515 515 515 515 515 515 515 515 515 515 515 515 515 515 515 515 515 515 515 515 515 515 515 515 515 515 515 515 515 515 515 515 515 515 515 515 515 515 515 515 515 668 668 668 667 667 667 667 667 667 667 667 667 666 666 666 666 666 666 666 665 665 665 665 665 664 664
515 515 515 515 515 515 515 515 515 515 515 515 515 515 515 515 515 515 515 515 515 515 515 515 515 515 515 515 515 515 515 515 515 515 515 515 515 515 515 515 515 515 515 515 515 515 515 515 515 515 515 515 515 515 515 515 515 515 515 515 515 515 515 515 515 515 515 515 670 670 670 670 669 668 668 668 668 668 668 668 668 668 667 667 667 667 667 667 667 666 666 666 666 666
515 515 515 515 515 515 515 515 515 515 515 515 515 515 515 515 515 515 515 515 515 515 515 515 515 515 515 515 515 515 515 515 515 515 515 515 515 515 515 515 515 515 515 515 515 515 515 515 515 515 515 515 515 515 515 515 515 515 515 515 515 515 515 515 515 515 515 515 671 671 671 671 671 671 670 670 669 669 669 669 669 669 669 668 668 668 668 668 668 668 667 667 667 667
515 515 515 515 515 515 515 515 515 515 515 515 515 515 515 515 515 515 515 515 515 515 515 515 515 515 515 515 515 515 515 515 515 515 515 515 515 515 515 515 515 515 515 515 515 515 515 515 515 515 515 515 515 515 515 515 515 515 515 515 515 515 515 515 515 515 515 672 672 672 672 672 672 672 672 671 671 671 671 671 671 670 670 669 669 669 669 669 669 669 669 668 668 668
515 515 515 515 515 515 515 515 515 515 515 515 515 515 515 515 515 515 515 515 515 515 515 515 515 515 515 515 515 515 515 515 515 515 515 515 515 515 515 515 515 515 515 515 515 515 515 515 515 515 515 515 515 515 515 515 515 515 515 515 515 515 515 515 515 515 515 673 673 673 673 673 673 673 672 672 672 672 672 672 672 672 672 671 671 670 670 670 670 670 669 669 669 669
515 515 515 515 515 515 515 515 515 515 515 515 515 515 515 515 515 515 515 515 515 515 515 515 515 515 515 515 515 515 515 515 515 515 515 515 515 515 515 515 515 515 515 515 515 515 515 515 515 515 515 515 515 515 515 515 515 515 515 515 515 515 515 515 515 515 515 674 674 674 674 674 674 673 673 673 673 673 673 673 673 673 672 672 672 672 672 672 671 670 670 670 670 670
