testData/tiles/oneDegreeCosts/grid21.0-38.0-22.0-39.0.asc
ncols   200
nrows   200
xllcorner   21.0
yllcorner   38.0
cellsize   0.005
NODATA_value   -9999.0
[rows 126 to 167 of 200, columns 94 to 187 of 200]
614 624 624 624 624 624 624 623 623 623 622 622 622 621 621 621 620 621 621 620 620 620 619 619 619 618 618 618 617 617 617 616 616 616 615 615 615 615 614 614 614 613 613 613 612 612 612 611 611 611 879 879 879 878 878 941 940 940 1057 1056 1056 1056 1055 1055 1055 1054 1054 1054 1053 1053 1053 1052 1052 1052 1051 1051 1050 1049 1049 1049 1048 1048 1048 1047 1047 1047 1046 1046 1046 1044 1044 1044 1043 1043
625 624 624 624 623 623 623 623 623 623 622 622 622 621 621 621 620 620 620 619 619 619 618 619 619 618 618 618 617 617 617 617 616 616 616 615 615 615 614 614 614 613 613 613 612 612 612 611 611 611 610 879 879 878 878 941 940 940 1057 1056 1056 1056 1055 1055 1055 1054 1054 1054 1053 1053 1052 1051 1051 1051 1050 1050 1050 1049 1049 1049 1048 1048 1048 1047 1047 1047 1045 1045 1045 1044 1044 1044 1043 1043
625 624 624 624 623 623 623 622 622 622 621 622 622 621 621 621 620 620 620 619 619 619 618 618 618 618 617 617 617 616 617 617 616 616 616 615 615 615 614 614 614 613 613 613 612 612 612 611 611 611 610 879 879 878 941 941 940 940 940 1056 1056 1056 1055 1054 1054 1053 1053 1053 1052 1052 1052 1051 1051 1051 1050 1050 1050 1049 1049 1049 1048 1048 1047 1046 1046 1046 1045 1045 1045 1044 1044 1044 1043 1043
624 623 623 624 623 623 623 622 622 622 621 621 621 620 620 620 620 620 620 620 619 619 619 618 618 618 617 617 617 616 616 616 615 615 615 614 614 614 613 613 613 612 612 612 611 611 611 610 610 610 609 878 878 878 940 940 939 939 939 938 1055 1055 1054 1054 1054 1053 1053 1053 1052 1052 1052 1051 1051 1051 1050 1050 1050 1048 1048 1048 1047 1047 1047 1046 1046 1046 1045 1045 1045 1044 1043 1043 1042 1042
624 623 623 623 622 622 623 622 622 622 621 621 621 621 620 620 620 619 619 619 618 619 619 618 618 618 617 617 617 616 616 616 615 615 615 614 614 614 613 613 613 612 612 612 611 611 611 610 610 610 609 609 878 878 940 940 939 939 939 938 938 1055 1054 1054 1054 1053 1053 1053 1052 1052 1052 1051 1050 1050 1049 1049 1049 1048 1048 1048 1047 1047 1047 1046 1046 1046 1045 1044 1044 1043 1043 1043 1043 1042
624 623 623 623 622 622 622 622 621 621 622 621 621 621 620 620 620 619 619 619 618 618 618 617 617 617 616 616 617 616 616 616 615 615 615 614 614 614 613 613 613 612 612 612 611 611 611 610 610 610 609 609 878 940 940 940 939 939 939 938 938 938 1054 1054 1054 1052 1052 1052 1051 1051 1051 1050 1050 1050 1049 1049 1049 1048 1048 1048 1047 1047 1047 1045 1045 1045 1044 1044 1044 1044 1043 1043 1043 1042
623 623 623 623 623 622 622 622 621 621 621 620 620 620 619 620 620 619 619 619 618 618 618 617 617 617 616 616 616 615 615 615 614 614 614 613 613 613 612 612 613 612 612 612 611 611 611 610 610 610 609 609 609 939 939 939 938 938 938 937 937 937 936 1053 1053 1052 1052 1052 1051 1051 1051 1050 1050 1050 1049 1049 1049 1048 1047 1047 1046 1046 1046 1045 1045 1045 1045 1044 1044 1044 1043 1042 1042 1041
623 623 622 622 622 622 622 622 621 621 621 620 620 620 619 619 619 618 618 618 618 618 618 617 617 617 616 616 616 615 615 615 614 614 614 613 613 613 612 612 612 611 611 611 610 610 610 609 609 609 608 608 608 939 939 939 938 938 938 937 937 937 936 936 1053 1052 1052 1052 1051 1051 1051 1050 1050 1049 1048 1048 1048 1047 1047 1047 1046 1046 1046 1046 1045 1045 1045 1044 1043 1043 1042 1042 1042 1041
623 623 622 622 622 621 621 621 620 621 621 620 620 620 619 619 619 618 618 618 617 617 617 616 616 616 616 616 616 615 615 615 614 614 614 613 613 613 612 612 612 611 611 611 610 610 610 609 609 609 608 608 671 939 939 939 938 938 938 937 937 937 936 936 936 1052 1052 1051 1050 1050 1050 1049 1049 1049 1048 1048 1048 1047 1047 1047 1047 1046 1046 1046 1044 1044 1044 1043 1043 1043 1042 1042 1042 1041
623 623 622 622 622 621 621 621 620 620 620 619 619 620 619 619 619 618 618 618 617 617 617 616 616 616 615 615 615 614 614 614 613 613 613 612 613 613 612 612 612 611 611 611 610 610 610 609 609 609 608 608 671 670 939 939 938 937 937 936 936 936 935 935 935 934 1051 1051 1050 1050 1050 1049 1049 1049 1048 1048 1048 1048 1047 1047 1046 1045 1045 1045 1044 1044 1044 1043 1043 1043 1042 1042 1042 1040
622 622 621 621 622 621 621 621 620 620 620 619 619 619 618 618 618 617 618 618 617 617 617 616 616 616 615 615 615 614 614 614 613 613 613 612 612 612 611 611 611 610 610 610 609 609 609 608 608 608 607 607 670 669 938 938 937 937 937 936 936 936 935 935 935 934 934 1051 1050 1050 1050 1049 1049 1049 1049 1047 1047 1047 1046 1046 1046 1045 1045 1045 1044 1044 1044 1043 1043 1042 1041 1041 1041 1040
622 622 621 621 621 620 620 620 620 620 620 619 619 619 618 618 618 617 617 617 616 616 616 615 616 616 615 615 615 614 614 614 613 613 613 612 612 612 611 611 611 610 610 610 609 609 609 608 608 608 607 670 670 669 669 938 937 937 937 936 936 936 935 935 935 934 934 1051 1050 1049 1049 1049 1048 1048 1048 1047 1047 1047 1046 1046 1046 1045 1045 1045 1044 1043 1043 1042 1042 1042 1041 1041 1041 1040
622 622 621 621 621 620 620 620 619 619 619 618 619 619 618 618 618 617 617 617 616 616 616 615 615 615 614 614 614 613 613 613 612 613 613 612 612 612 611 611 611 610 610 610 609 609 609 608 608 608 607 670 670 669 669 938 937 937 937 936 935 935 934 934 934 933 933 933 1049 1049 1049 1049 1048 1048 1048 1047 1047 1047 1046 1046 1046 1044 1044 1044 1043 1043 1043 1042 1042 1042 1041 1041 1041 1040
621 621 620 621 621 620 620 620 619 619 619 618 618 618 617 617 617 617 617 617 616 616 616 615 615 615 614 614 614 613 613 613 612 612 612 611 611 611 610 610 610 609 609 609 608 608 608 607 607 607 607 669 669 668 668 668 936 936 936 935 935 935 934 934 934 933 933 933 932 1049 1049 1049 1048 1048 1048 1047 1046 1046 1045 1045 1045 1044 1044 1044 1043 1043 1043 1042 1042 1042 1040 1040 1040 1039
621 621 620 620 620 619 620 620 619 619 619 618 618 618 617 617 617 616 616 616 615 615 615 615 615 615 614 614 614 613 613 613 612 612 612 611 611 611 610 610 610 609 609 609 608 608 608 607 607 607 669 669 669 668 668 668 936 936 936 935 935 935 934 934 934 933 933 933 932 932 1048 1048 1047 1047 1047 1046 1046 1046 1045 1045 1045 1044 1044 1044 1043 1043 1043 1041 1041 1041 1040 1040 1040 1039
621 621 620 620 620 619 619 619 618 618 618 618 618 618 617 617 617 616 616 616 615 615 615 614 614 614 613 613 613 612 612 613 612 612 612 611 611 611 610 610 610 609 609 609 608 608 608 607 607 607 669 669 669 668 668 668 936 936 936 935 935 935 933 933 933 932 932 932 931 931 931 1048 1047 1047 1047 1046 1046 1046 1045 1045 1045 1044 1043 1043 1042 1042 1042 1041 1041 1041 1040 1040 1040 1039
620 621 620 620 620 619 619 619 618 618 618 617 617 617 616 617 617 616 616 616 615 615 615 614 614 614 613 613 613 612 612 612 611 611 611 610 610 610 609 609 609 608 608 608 607 607 607 606 606 669 668 668 668 667 667 667 666 935 935 934 934 934 933 933 933 932 932 932 931 931 931 931 1047 1047 1047 1046 1046 1046 1044 1044 1044 1043 1043 1043 1042 1042 1042 1041 1041 1041 1040 1040 1039 1038
620 620 619 619 619 619 619 619 618 618 618 617 617 617 616 616 616 615 615 615 614 615 615 614 614 614 613 613 613 612 612 612 611 611 611 610 610 610 609 609 609 608 608 608 607 607 607 606 606 669 668 668 668 667 667 667 666 935 935 934 934 934 933 933 933 932 932 932 931 931 931 931 929 1046 1046 1045 1045 1045 1044 1044 1044 1043 1043 1043 1042 1042 1042 1041 1040 1040 1039 1039 1039 1038
620 620 619 619 619 618 618 618 617 618 618 617 617 617 616 616 616 615 615 615 614 614 614 613 613 613 612 612 612 612 612 612 611 611 611 610 610 610 609 609 609 608 608 608 607 607 607 606 606 669 668 668 668 667 667 667 666 666 935 934 934 934 933 933 932 931 931 931 930 930 930 929 929 929 1046 1045 1045 1045 1044 1044 1044 1043 1043 1043 1041 1041 1041 1040 1040 1040 1039 1039 1039 1038
620 620 619 619 619 618 618 618 617 617 617 616 616 616 616 616 616 615 615 615 614 614 614 613 613 613 612 612 612 611 611 611 610 610 610 609 609 609 608 608 608 607 607 607 606 606 606 606 668 668 667 667 667 666 666 666 665 665 934 933 933 933 932 932 932 931 931 931 930 930 930 929 929 929 928 1045 1045 1045 1044 1043 1043 1042 1042 1042 1041 1041 1041 1040 1040 1040 1039 1039 1039 1037
619 619 618 618 619 618 618 618 617 617 617 616 616 616 615 615 615 614 614 615 614 614 614 613 613 613 612 612 612 611 611 611 610 610 610 609 609 609 608 608 608 607 607 607 606 606 606 606 668 668 667 667 667 666 666 666 665 665 665 933 933 933 932 932 932 931 931 931 930 930 930 929 929 929 927 927 927 1043 1043 1043 1043 1042 1042 1042 1041 1041 1041 1040 1040 1039 1038 1038 1038 1037
619 619 618 618 618 617 617 617 617 617 617 616 616 616 615 615 615 614 614 614 613 613 613 612 612 612 611 612 612 611 611 611 610 610 610 609 609 609 608 608 608 607 607 607 606 606 606 606 668 668 667 667 667 666 666 666 665 665 665 933 933 933 932 932 932 931 930 930 929 929 929 928 928 928 927 927 927 926 1043 1043 1042 1042 1042 1042 1041 1040 1040 1039 1039 1039 1038 1038 1038 1037
614 619 618 618 618 617 617 617 616 616 616 615 615 616 615 615 615 614 614 614 613 613 613 612 612 612 611 611 611 610 610 610 609 609 609 608 608 608 608 608 608 607 607 607 606 606 606 668 668 668 667 667 667 666 666 665 664 664 664 663 932 932 931 931 931 930 930 930 929 929 929 928 928 928 927 927 927 926 926 1043 1041 1041 1041 1040 1040 1040 1040 1039 1039 1039 1038 1038 1038 1037
613 612 612 613 612 612 612 612 616 616 616 615 615 615 614 614 614 613 614 614 613 613 613 612 612 612 611 611 611 610 610 610 609 609 609 608 608 608 607 607 607 606 606 606 605 605 605 667 667 667 666 666 666 665 665 665 664 664 664 663 932 932 931 931 931 930 930 930 929 929 929 928 928 928 927 926 926 925 925 925 1041 1041 1041 1040 1040 1040 1039 1039 1039 1039 1037 1037 1037 1036
613 612 612 612 611 611 611 611 611 611 610 610 610 610 609 609 614 613 613 613 612 612 612 611 611 612 611 611 611 610 610 610 609 609 609 608 608 608 607 607 607 606 606 606 605 605 605 667 667 667 666 666 666 665 665 665 664 664 664 663 932 932 931 931 931 930 930 930 928 928 928 927 927 927 926 926 926 925 925 925 924 1041 1041 1040 1040 1040 1038 1038 1038 1037 1037 1037 1037 1036
613 612 612 612 611 611 611 610 610 610 609 610 610 609 609 609 608 608 608 608 607 607 607 606 606 611 610 610 610 609 609 609 608 608 608 608 608 608 607 607 607 606 606 606 605 605 668 667 667 667 666 666 666 665 665 665 664 664 663 662 662 931 930 930 930 929 929 929 928 928 928 927 927 927 926 926 926 925 925 925 924 924 1040 1039 1039 1039 1038 1038 1038 1037 1037 1037 1036 1036
612 612 612 612 611 611 611 610 610 610 609 609 609 608 608 608 608 608 608 607 607 607 606 606 606 606 605 605 605 604 604 604 603 603 603 602 602 602 606 606 606 605 605 605 604 604 667 666 666 666 665 665 665 664 664 664 663 663 663 662 662 931 930 930 930 929 929 929 928 928 928 927 927 927 926 926 926 924 924 924 923 923 923 1039 1039 1039 1038 1038 1038 1037 1037 1037 1035 1035
612 611 611 611 610 611 611 610 610 610 609 609 609 608 608 608 607 607 607 606 606 606 605 606 606 605 605 605 604 604 604 604 603 603 603 602 602 602 601 601 601 600 600 600 599 599 662 661 661 661 660 660 660 659 659 659 658 658 658 657 657 657 925 925 925 924 924 924 923 923 922 921 921 921 920 920 920 919 919 919 918 918 918 917 1034 1034 1033 1033 1032 1031 1031 1031 1030 1030
612 611 611 611 610 610 610 609 609 609 609 609 609 608 608 608 607 607 607 606 606 606 605 605 605 604 604 604 603 603 603 602 603 603 602 602 602 602 601 601 601 600 600 600 599 599 662 661 661 661 660 660 660 659 659 659 658 658 658 657 657 656 924 924 924 923 923 923 922 922 922 921 921 921 920 920 920 919 919 919 918 918 918 916 916 1033 1032 1032 1032 1031 1031 1031 1030 1030
612 611 611 611 610 610 610 609 609 609 608 608 608 607 607 608 607 607 607 606 606 606 605 605 605 604 604 604 603 603 603 602 602 602 601 601 601 600 600 600 599 599 599 599 598 661 661 660 660 660 659 659 659 658 658 658 657 657 657 656 656 656 655 924 924 923 923 923 922 922 922 921 921 921 920 920 920 919 918 918 917 917 917 916 916 916 915 1032 1032 1031 1031 1031 1030 1029
611 610 610 610 610 610 610 609 609 609 608 608 608 607 607 607 606 606 606 605 605 606 605 605 605 604 604 604 603 603 603 602 602 602 601 601 601 600 600 600 599 599 599 598 598 661 660 660 660 660 659 659 659 658 658 658 657 657 657 656 656 656 655 924 924 923 923 923 922 922 922 921 920 920 919 919 919 918 918 918 917 917 917 916 916 916 915 915 1032 1030 1030 1030 1029 1029
611 610 610 610 609 609 609 608 609 609 608 608 608 607 607 607 606 606 606 605 605 605 604 604 604 603 603 603 602 603 603 602 602 602 601 601 601 600 600 600 599 599 599 598 598 661 660 660 660 659 659 659 658 658 658 658 657 657 657 656 656 656 655 655 923 922 922 922 921 921 921 920 920 920 919 919 919 918 918 918 917 917 917 916 916 915 914 914 914 1030 1030 1030 1029 1029
610 610 610 609 609 609 609 608 608 608 607 607 607 607 607 607 606 606 606 605 605 605 604 604 604 603 603 603 602 602 602 601 601 601 600 600 600 599 599 599 598 598 598 598 660 660 659 659 659 658 658 658 657 657 657 656 656 656 655 655 655 655 654 654 923 922 922 922 921 921 921 920 920 920 919 919 919 918 918 918 916 916 916 915 915 915 914 914 914 913 1030 1030 1029 1029
610 610 610 609 609 609 608 608 608 607 607 607 607 606 606 606 605 605 605 605 605 605 604 604 604 603 603 603 602 602 602 601 601 601 600 600 600 599 599 599 598 598 598 598 660 660 659 659 659 658 658 658 657 657 657 656 656 656 655 655 655 654 654 654 653 922 922 922 921 921 921 920 920 920 918 918 918 917 917 917 916 916 916 915 915 915 914 914 914 913 913 1030 1029 1029
610 610 610 609 609 609 608 608 608 607 607 607 606 606 606 605 605 605 604 604 604 604 603 603 603 602 602 603 602 602 602 601 601 601 600 600 600 599 599 599 598 598 598 598 660 660 659 659 659 658 658 658 657 657 657 656 656 656 655 655 655 654 654 654 653 922 921 920 920 920 919 919 919 919 918 918 918 917 917 917 916 916 916 915 915 915 914 914 914 913 913 913 912 1029
610 610 610 609 609 609 608 608 608 607 607 607 606 606 606 605 605 605 604 604 604 603 603 603 602 602 602 602 601 601 601 600 600 600 599 599 599 598 598 598 597 597 598 660 660 660 659 659 659 658 658 657 656 656 656 655 655 655 654 654 654 653 653 653 652 652 921 920 920 920 919 919 919 918 918 918 917 917 917 917 916 916 916 915 915 915 914 914 914 913 913 913 912 912
610 610 610 609 609 609 608 608 608 607 607 607 606 606 606 605 605 605 604 604 604 603 603 603 602 602 602 601 601 601 600 600 600 600 599 599 599 598 598 598 597 597 597 659 659 659 658 658 658 657 657 657 656 656 656 655 655 655 654 654 654 653 653 653 652 652 921 920 920 920 919 919 919 918 918 918 917 917 917 916 916 916 915 915 915 914 914 914 914 913 913 913 912 912
610 610 610 609 609 609 608 608 608 607 607 607 606 606 606 605 605 605 604 604 604 603 603 603 602 602 602 601 601 601 600 600 600 599 599 599 598 598 598 598 597 597 597 659 659 659 658 658 658 657 657 657 656 656 656 655 655 655 654 654 654 653 653 653 652 652 652 920 920 920 919 919 919 918 918 918 917 917 917 916 916 916 915 915 915 914 914 914 913 913 913 912 912 912
610 610 609 609 609 609 608 608 608 607 607 607 606 606 606 605 605 605 604 604 604 603 603 603 602 602 602 601 601 601 600 600 600 599 599 599 598 598 598 597 597 597 659 659 659 658 658 658 658 657 657 657 656 656 656 655 655 655 654 654 654 653 653 653 652 652 652 920 920 920 919 919 919 918 918 918 917 917 917 916 916 916 915 915 915 914 914 914 913 913 913 912 912 912
610 610 609 609 609 608 608 608 607 607 607 606 606 606 606 605 605 605 604 604 604 603 603 603 602 602 602 601 601 601 600 600 600 599 599 599 598 598 598 597 597 597 659 659 659 658 658 658 657 657 657 656 656 656 656 655 655 655 654 654 654 653 653 653 652 652 652 651 920 920 919 919 919 918 918 918 917 917 917 916 916 916 915 915 915 914 914 914 913 913 913 912 912 912
610 610 609 609 609 608 608 608 607 607 607 606 606 606 605 605 605 604 604 604 604 603 603 603 602 602 602 601 601 601 600 600 600 599 599 599 598 598 598 597 597 597 659 659 659 658 658 658 657 657 657 656 656 656 655 655 655 654 654 654 654 653 653 653 652 652 652 651 920 920 919 919 919 918 918 918 917 917 917 916 916 916 915 915 915 914 914 914 913 913 913 912 912 912
610 610 609 609 609 608 608 608 607 607 607 606 606 606 605 605 605 604 604 604 603 603 603 602 602 602 602 601 601 601 600 600 600 599 599 599 598 598 598 597 597 597 659 659 659 658 658 658 657 657 657 656 656 656 655 655 655 654 654 654 653 653 653 652 652 652 652 651 651 920 919 919 919 918 918 918 917 917 917 916 916 916 915 915 915 914 914 914 913 913 913 912 912 912
