testData/tiles/oneDegreeCosts/grid36.0-12.0-37.0-13.0.asc
ncols   200
nrows   200
xllcorner   36.0
yllcorner   12.0
cellsize   0.005
NODATA_value   -9999.0
[rows 126 to 167 of 200, columns 0 to 93 of 200]
239 239 239 239 239 239 239 239 239 239 239 239 239 239 239 239 239 239 238 238 238 238 238 238 238 238 238 238 238 238 238 238 238 238 238 238 238 237 237 237 237 237 237 237 237 237 237 237 237 237 237 237 237 237 237 237 237 237 380 380 380 380 380 380 380 380 380 380 380 380 380 380 380 380 380 380 380 380 380 380 380 380 380 380 380 380 380 380 380 380 380 380 380 380
239 239 239 239 239 239 239 239 239 239 239 239 239 239 239 239 239 239 239 239 239 239 239 239 239 239 239 239 239 239 239 239 238 238 238 238 237 237 237 237 237 237 237 237 237 237 237 237 237 237 237 237 237 237 237 237 237 237 237 380 380 380 380 380 380 380 380 380 380 380 380 380 380 380 380 380 380 380 380 380 380 380 380 380 380 380 380 380 380 380 380 380 380 380
240 240 240 240 240 240 240 240 240 240 240 240 240 240 240 240 240 240 239 239 239 239 239 239 239 239 239 239 239 239 239 239 239 239 238 238 238 238 238 238 238 237 237 237 237 237 237 237 237 237 237 237 237 237 237 237 237 237 237 380 380 380 380 380 380 380 380 380 380 380 380 380 380 380 380 380 380 380 380 380 380 380 380 380 380 380 380 380 380 380 380 380 380 380
240 240 240 240 240 240 240 240 240 240 240 240 240 240 240 240 240 240 240 240 240 240 240 240 240 240 240 240 240 240 240 240 239 238 238 238 238 238 238 238 238 238 238 238 238 238 238 238 237 237 237 237 237 237 237 237 237 237 237 237 380 380 380 380 380 380 380 380 380 380 380 380 380 380 380 380 380 380 380 380 380 380 380 380 380 380 380 380 380 380 380 380 380 380
241 241 241 241 241 241 241 241 241 241 241 241 241 241 241 241 241 241 240 240 240 240 240 240 240 240 240 240 240 240 240 239 239 239 239 239 239 239 239 239 239 238 238 238 238 238 238 238 238 238 238 238 238 238 237 237 237 237 237 237 381 381 381 381 381 380 380 380 380 380 380 380 380 380 380 380 380 380 380 380 380 380 380 380 380 380 380 380 380 380 380 380 380 380
241 241 241 241 241 241 241 241 241 241 241 241 241 241 241 241 241 241 241 241 241 241 241 241 241 241 241 241 241 241 240 240 239 239 239 239 239 239 239 239 239 239 239 239 239 239 239 239 238 238 238 238 238 238 238 238 238 238 238 238 381 381 381 381 381 381 381 381 381 381 380 380 380 380 380 380 380 380 380 380 380 380 380 380 380 380 380 380 380 380 380 380 380 380
242 242 242 242 242 242 242 242 242 242 242 242 242 242 242 242 242 242 241 241 241 241 241 241 241 241 241 241 240 240 240 240 240 240 240 240 240 240 240 240 240 239 239 239 239 239 239 239 239 239 239 239 239 239 238 238 238 238 238 238 238 382 382 382 382 381 381 381 381 381 381 381 381 381 380 380 380 380 380 380 380 380 380 380 380 380 380 380 380 380 380 380 380 380
242 242 242 242 242 242 242 242 242 242 242 242 242 242 242 242 242 242 242 242 242 242 242 242 242 242 242 241 241 241 241 241 240 240 240 240 240 240 240 240 240 240 240 240 240 240 240 240 239 239 239 239 239 239 239 239 239 239 239 239 238 382 382 382 382 382 382 382 382 381 381 381 381 381 381 381 381 381 380 380 380 380 380 380 380 380 380 380 380 380 380 380 380 380
243 243 243 243 243 243 243 243 243 243 243 243 243 243 243 243 243 243 243 242 242 242 242 242 242 241 241 241 241 241 241 241 241 241 241 241 241 241 241 241 241 240 240 240 240 240 240 240 240 240 240 240 240 240 239 239 239 239 239 239 239 239 383 383 383 382 382 382 382 382 382 382 382 382 382 382 382 382 382 382 382 382 381 380 380 380 380 380 380 380 380 380 380 380
243 243 243 243 243 243 243 243 243 243 243 243 243 243 243 243 243 243 243 243 243 243 243 243 242 242 242 242 242 242 242 242 241 241 241 241 241 241 241 241 241 241 241 241 241 241 241 241 240 240 240 240 240 240 240 240 240 240 240 239 239 239 383 383 383 383 383 384 384 383 383 383 383 383 383 383 383 384 383 383 382 382 382 382 382 381 381 381 381 381 380 380 380 380
244 244 244 244 244 244 244 244 244 244 244 244 244 244 244 244 244 244 244 243 243 243 242 242 242 242 242 242 242 242 242 242 242 242 242 242 242 242 242 242 242 241 241 241 241 241 241 241 241 241 241 241 241 241 240 240 240 240 240 240 240 240 240 385 384 384 384 384 385 385 385 385 385 385 384 384 384 384 384 384 384 384 383 383 383 383 383 383 383 381 381 381 381 381
244 244 244 244 244 244 244 244 244 244 244 244 244 244 244 244 244 244 244 244 244 243 243 243 243 243 243 243 243 243 243 243 242 242 242 242 242 242 242 242 242 242 242 242 242 242 242 242 241 241 241 241 241 241 241 241 241 241 241 240 241 241 241 385 386 386 386 386 386 386 386 386 386 386 386 386 386 386 385 385 385 385 385 385 385 384 384 384 383 383 383 383 382 381
245 245 245 245 245 245 245 245 245 245 245 245 245 245 245 245 245 245 245 243 243 243 243 243 243 243 243 243 243 243 243 243 243 243 243 243 243 243 243 243 242 242 242 242 242 242 242 242 242 242 242 242 242 242 241 241 241 242 242 242 243 243 243 387 387 387 387 387 387 387 388 388 388 387 387 387 387 387 387 387 387 386 386 386 386 386 386 385 385 384 384 384 384 383
245 245 245 245 245 245 245 245 245 245 245 245 245 245 245 245 245 245 244 244 244 244 244 244 244 244 244 244 244 244 244 244 243 243 243 243 243 243 243 243 243 243 243 243 243 243 243 243 242 242 242 242 242 242 242 243 243 243 244 243 243 244 244 244 388 389 389 389 389 388 388 389 389 389 389 389 389 388 388 388 388 388 388 388 388 387 386 386 386 386 386 386 384 384
246 246 246 246 246 246 246 246 246 246 246 246 246 246 246 246 245 245 245 244 244 244 244 244 244 244 244 244 244 244 244 244 244 244 244 244 244 244 244 244 243 243 243 243 243 243 243 243 243 243 243 243 243 244 243 244 244 244 245 245 245 245 246 246 389 389 390 390 390 390 390 390 391 390 390 390 390 390 390 390 390 389 389 389 389 388 388 388 387 387 387 386 386 386
246 246 246 246 246 246 246 246 246 246 246 246 246 246 245 245 245 245 245 245 245 245 245 245 245 245 245 245 245 245 245 245 244 244 244 244 244 244 244 244 244 244 244 244 244 244 244 243 243 243 243 244 244 245 245 245 246 246 246 246 246 246 247 247 247 391 392 392 392 391 391 391 391 392 392 392 392 391 391 391 391 391 391 391 390 389 389 389 389 389 389 388 387 387
247 247 247 247 247 247 247 247 247 247 247 247 247 246 246 246 246 246 246 245 245 245 245 245 245 245 245 245 245 245 245 245 245 245 245 245 245 245 245 245 244 244 244 244 244 244 244 244 244 245 245 246 246 245 246 246 247 247 247 248 248 248 248 249 248 392 392 393 393 393 393 393 393 392 393 393 393 393 393 393 393 392 392 391 391 391 391 391 390 390 389 389 389 389
247 247 247 247 247 247 247 247 247 247 247 246 246 246 246 246 246 246 246 246 246 246 246 246 246 246 246 246 246 246 246 246 245 245 245 245 245 245 245 245 245 245 245 245 245 245 245 245 245 245 246 246 247 247 248 248 248 249 249 248 249 249 249 250 250 250 394 394 394 394 394 394 394 394 394 394 394 394 394 394 393 393 393 393 393 392 392 392 392 391 391 391 390 390
248 248 248 248 248 248 248 248 248 247 247 247 247 247 247 247 247 247 247 246 246 246 246 246 246 246 246 246 246 246 246 246 246 246 246 246 246 246 246 246 245 245 245 245 245 245 246 246 247 247 248 248 249 248 248 249 249 249 250 250 250 251 251 251 251 251 395 395 395 396 396 396 396 395 395 395 395 395 395 395 395 394 394 394 394 394 394 394 392 392 392 392 392 391
248 248 248 248 248 248 248 248 247 247 247 247 247 247 247 247 247 247 247 247 247 247 247 247 247 247 247 247 247 247 247 247 246 246 246 246 246 246 246 246 246 246 246 246 246 247 247 247 247 248 248 249 249 250 250 251 251 251 252 251 251 252 252 252 252 253 253 397 396 397 397 397 397 397 397 397 397 396 396 396 396 396 396 396 395 395 395 395 394 394 394 393 392 392
249 249 249 249 249 249 248 248 248 248 248 248 248 248 248 248 248 248 248 247 247 247 247 247 247 247 247 247 247 247 247 247 247 247 247 247 247 247 247 247 246 246 246 247 247 248 248 249 249 250 250 251 251 250 251 251 252 252 252 253 253 253 254 254 253 254 254 398 398 398 399 399 399 398 398 398 398 398 398 398 397 397 397 397 397 397 397 396 395 395 395 395 394 394
249 249 249 249 248 248 248 248 248 248 248 248 248 248 248 248 248 248 248 248 248 248 248 248 248 248 248 248 248 248 248 248 247 247 247 247 247 247 247 247 247 247 248 248 249 249 250 249 250 250 251 251 252 252 253 253 253 254 254 254 254 254 255 255 255 255 256 256 399 399 399 400 400 400 400 400 399 399 399 399 399 399 399 399 398 398 397 397 397 397 397 395 395 395
250 250 249 249 249 249 249 249 249 249 249 249 249 249 249 249 249 249 249 248 248 248 248 248 248 248 248 248 248 248 248 248 248 248 248 248 248 248 248 248 247 248 248 249 250 250 251 251 252 252 253 253 254 253 253 254 254 255 255 255 256 256 256 256 256 256 256 257 401 401 401 401 401 401 401 401 401 401 401 401 400 400 400 400 400 399 399 398 398 398 397 397 397 397
250 249 249 249 249 249 249 249 249 249 249 249 249 249 249 249 249 249 249 249 249 249 249 249 249 249 249 249 249 249 249 249 248 248 248 248 248 248 248 248 249 250 250 251 251 252 252 252 252 253 253 254 254 255 255 256 256 256 256 256 257 257 257 257 258 258 258 259 259 402 402 402 402 403 403 403 402 402 402 402 402 402 402 402 400 400 400 400 400 400 399 398 398 397
250 250 250 250 250 250 250 250 250 250 250 250 250 250 250 250 250 250 250 250 249 249 249 249 249 249 249 249 249 249 249 249 249 249 249 249 249 249 249 250 250 250 251 251 252 252 253 254 254 255 255 256 256 256 256 256 257 257 258 258 258 259 259 258 259 259 259 259 260 404 404 404 403 403 403 404 404 404 404 404 403 403 402 402 402 402 402 401 401 400 400 400 400 399
250 250 250 250 250 250 250 250 250 250 250 250 250 250 250 250 250 250 250 250 250 250 250 250 250 250 250 250 250 250 250 250 249 249 249 249 249 249 250 251 251 252 252 253 254 254 255 254 255 255 256 256 257 257 258 258 259 259 258 259 259 259 260 260 260 261 261 261 260 261 405 405 405 405 405 405 404 405 405 405 404 404 404 404 403 403 403 403 402 402 401 401 400 400
251 251 251 251 251 251 251 251 251 251 251 251 251 251 251 251 251 251 251 251 250 250 250 250 250 250 250 250 250 250 250 250 250 250 250 250 250 251 252 252 252 252 253 254 254 255 255 256 256 257 258 258 259 258 258 259 259 260 260 261 261 261 262 261 261 262 262 262 262 262 407 407 406 406 406 406 406 406 406 406 405 405 405 405 405 405 405 403 403 403 403 403 402 402
251 251 251 251 251 251 251 251 251 251 251 251 251 251 251 251 251 251 251 251 251 251 251 251 251 251 251 251 251 251 251 251 250 250 250 250 251 252 252 253 254 254 255 255 256 256 257 257 257 258 258 259 259 260 260 261 261 262 261 261 262 262 262 263 263 263 264 264 263 263 408 408 408 408 408 408 407 407 407 407 407 407 407 406 406 406 406 405 405 405 404 403 403 403
252 252 252 252 252 252 252 252 252 252 252 252 252 252 252 252 252 252 252 252 251 251 251 251 251 251 251 251 251 251 251 251 251 251 251 252 253 253 254 254 254 255 255 256 257 257 258 258 259 259 260 260 261 260 261 261 262 262 263 263 264 264 264 264 264 264 264 265 265 265 265 410 409 409 409 409 409 409 409 409 408 408 408 408 408 408 407 406 406 406 405 405 405 404
252 252 252 252 252 252 252 252 252 252 252 252 252 252 252 252 252 252 252 252 252 252 252 252 252 252 252 252 252 252 252 252 251 251 252 252 253 254 254 255 256 256 257 258 258 259 259 259 260 260 261 261 262 262 263 263 264 264 263 264 264 265 265 265 266 266 266 266 266 266 266 410 411 411 411 411 410 410 410 410 410 410 410 409 409 408 408 408 408 408 406 406 406 405
253 253 253 253 253 253 253 253 253 253 253 253 253 253 253 253 253 253 253 253 252 252 252 252 252 252 252 252 252 252 252 252 252 253 253 254 255 255 256 257 256 257 258 258 259 259 260 261 261 262 262 263 263 263 263 264 264 265 265 266 266 266 267 266 267 267 267 267 268 268 268 268 411 412 412 412 412 412 412 411 411 411 411 411 410 410 409 409 409 408 408 408 408 406
253 253 253 253 253 253 253 253 253 253 253 253 253 253 253 253 253 253 253 253 253 253 253 253 253 253 253 253 253 253 253 253 252 253 254 255 255 256 257 257 258 259 259 260 260 261 262 261 262 262 263 264 264 265 265 266 266 267 266 266 267 267 268 268 268 269 269 268 269 269 269 269 413 413 414 413 413 413 413 413 413 413 413 411 411 411 411 411 411 410 409 409 408 408
254 254 254 254 254 254 254 254 254 254 254 254 254 254 254 254 254 254 254 254 253 253 253 253 253 253 253 253 253 253 253 253 254 255 255 256 257 257 258 259 258 259 260 260 261 262 262 263 263 264 265 265 266 265 266 266 267 267 268 268 269 269 269 269 269 269 270 270 270 271 271 270 270 414 414 415 415 415 415 414 414 414 413 413 413 413 412 412 411 411 411 410 410 409
254 254 254 254 254 254 254 254 254 254 254 254 254 254 254 254 254 254 254 254 254 254 254 254 254 254 254 254 254 254 254 255 254 255 256 257 257 258 259 259 260 261 261 262 263 263 264 264 264 265 265 266 266 267 268 268 269 269 268 269 269 270 270 271 271 271 272 271 271 271 272 272 272 416 416 415 415 416 416 416 415 415 415 414 414 414 414 413 413 412 412 411 411 411
255 255 255 255 255 255 255 255 255 255 255 255 255 255 255 255 255 255 255 255 254 254 254 254 254 254 254 254 254 254 255 255 256 257 257 258 259 260 260 261 261 261 262 263 263 264 265 265 266 266 267 268 267 268 268 269 269 270 270 271 271 272 271 271 272 272 272 273 273 273 274 273 273 273 417 417 417 417 417 416 416 416 416 416 416 416 415 414 414 414 413 413 412 411
255 255 255 255 255 255 255 255 255 255 255 255 255 255 255 255 255 255 255 255 255 255 255 255 255 255 255 255 255 255 256 257 256 257 258 259 259 260 261 261 262 263 264 264 265 265 266 266 266 267 268 268 269 269 270 270 271 271 271 271 272 272 273 273 274 274 274 274 274 274 274 275 275 275 419 418 418 418 418 418 418 418 417 417 417 417 416 416 416 415 414 414 414 413
256 256 256 256 256 256 256 256 256 256 256 256 256 256 256 256 256 256 256 256 255 255 255 255 255 255 255 255 255 256 256 257 258 259 259 260 261 262 262 263 263 263 264 265 265 266 267 267 268 269 269 270 269 270 271 271 272 272 273 273 274 274 274 274 274 275 275 275 276 276 276 275 276 276 276 420 420 420 420 419 419 419 419 419 419 418 417 417 417 416 416 416 414 414
256 256 256 256 256 256 256 256 256 256 256 256 256 256 256 256 256 256 256 256 256 256 256 256 256 256 256 256 256 257 258 259 258 259 260 261 261 262 263 264 264 265 266 266 267 268 267 268 269 269 270 270 271 272 272 273 273 273 273 274 274 275 275 276 276 277 277 276 276 277 277 277 277 278 278 278 421 421 421 421 421 421 420 420 419 419 419 419 418 417 417 417 416 416
257 257 257 257 257 257 257 257 257 257 257 257 257 257 257 257 257 257 257 257 256 256 256 256 256 256 256 256 257 258 258 259 260 261 261 262 263 264 264 265 265 265 266 267 268 268 269 270 270 271 271 272 272 272 273 273 274 275 275 276 276 277 276 276 277 277 278 278 278 279 279 278 278 278 279 279 423 423 422 422 422 422 422 421 421 420 420 420 419 419 419 418 417 416
257 257 257 257 257 257 257 257 257 257 257 257 257 257 257 257 257 257 257 257 257 257 257 257 257 257 257 257 258 259 260 261 260 261 262 263 263 264 265 266 266 267 268 268 269 270 269 270 271 271 272 273 273 274 275 275 276 275 276 276 277 277 278 278 279 279 278 279 279 279 280 280 280 280 280 280 280 424 424 424 424 424 422 422 422 422 422 421 421 420 419 419 419 418
258 258 258 258 258 258 258 258 258 258 258 258 258 258 258 258 258 258 258 258 257 257 257 257 257 257 257 258 259 259 260 261 262 262 263 264 265 266 266 267 267 267 268 269 270 270 271 272 272 273 274 274 274 275 275 276 276 277 278 278 279 279 279 279 279 280 280 281 281 281 282 281 281 281 281 281 282 426 425 425 425 424 424 424 424 423 423 422 422 422 421 421 419 419
258 258 258 258 258 258 258 258 258 258 258 258 258 258 258 258 258 258 258 258 258 258 258 258 258 258 258 259 260 261 262 262 262 263 264 264 265 266 267 267 268 269 270 270 271 272 272 272 273 274 274 275 276 276 277 277 278 278 278 279 279 280 280 281 281 282 281 281 282 282 282 283 283 283 282 282 282 282 427 426 426 426 425 425 425 425 424 424 423 422 422 422 421 421
