testData/tiles/oneDegreeCosts/grid9.0-47.0-10.0-48.0.asc
ncols   200
nrows   200
xllcorner   9.0
yllcorner   47.0
cellsize   0.005
NODATA_value   -9999.0
[rows 0 to 41 of 200, columns 94 to 187 of 200]
126 126 126 126 126 126 126 126 126 126 126 126 126 126 126 126 126 126 126 126 126 126 126 126 127 129 131 132 134 136 138 139 141 143 144 146 147 149 150 152 153 154 156 157 159 160 161 163 164 165 166 168 169 170 171 172 174 175 176 177 178 179 180 181 182 183 184 186 187 188 189 190 191 191 192 193 194 195 196 197 198 199 200 201 202 202 203 204 205 206 207 207 208 209
126 126 126 126 126 126 126 126 126 126 126 126 126 126 126 126 126 126 126 126 126 126 126 126 127 128 130 132 134 136 137 139 141 142 144 145 147 148 150 151 153 154 156 157 158 160 161 162 164 165 166 167 169 170 171 172 173 174 176 177 178 179 180 181 182 183 184 185 186 187 188 189 190 191 192 193 194 195 196 197 198 199 200 200 201 202 203 204 205 206 206 207 208 209
126 126 126 126 126 126 126 126 126 126 126 126 126 126 126 126 126 126 126 126 126 126 126 126 126 128 130 132 133 135 137 139 140 142 143 145 146 148 149 151 152 154 155 157 158 159 161 162 163 164 166 167 168 169 171 172 173 174 175 176 178 179 180 181 182 183 184 185 186 187 188 189 190 191 192 193 194 195 196 197 198 198 199 200 201 202 203 204 204 205 206 207 208 209
126 126 126 126 126 126 126 126 126 126 126 126 126 126 126 126 126 126 126 126 126 126 126 126 126 128 130 131 133 135 137 138 140 141 143 145 146 148 149 151 152 153 155 156 158 159 160 162 163 164 165 167 168 169 170 172 173 174 175 176 177 178 179 181 182 183 184 185 186 187 188 189 190 191 192 193 194 195 195 196 197 198 199 200 201 202 203 203 204 205 206 207 207 208
126 126 126 126 126 126 126 126 126 126 126 126 126 126 126 126 126 126 126 126 126 126 126 126 126 127 129 131 133 134 136 138 139 141 143 144 146 147 149 150 152 153 155 156 157 159 160 161 163 164 165 166 168 169 170 171 172 174 175 176 177 178 179 180 181 182 183 184 185 186 187 188 189 190 191 192 193 194 195 196 197 198 199 200 201 201 202 203 204 205 206 206 207 208
126 126 126 126 126 126 126 126 126 126 126 126 126 126 126 126 126 126 126 126 126 126 126 126 126 127 129 130 132 134 136 137 139 141 142 144 145 147 148 150 151 153 154 156 157 158 160 161 162 164 165 166 167 169 170 171 172 173 174 176 177 178 179 180 181 182 183 184 185 186 187 188 189 190 191 192 193 194 195 196 197 198 199 199 200 201 202 203 204 205 205 206 207 208
126 126 126 126 126 126 126 126 126 126 126 126 126 126 126 126 126 126 126 126 126 126 126 126 126 126 128 130 132 134 135 137 139 140 142 143 145 147 148 150 151 152 154 155 157 158 159 161 162 163 164 166 167 168 169 171 172 173 174 175 176 177 179 180 181 182 183 184 185 186 187 188 189 190 191 192 193 194 195 196 196 197 198 199 200 201 202 203 203 204 205 206 207 208
126 126 126 126 126 126 126 126 126 126 126 126 126 126 126 126 126 126 126 126 126 126 126 126 126 126 128 130 131 133 135 137 138 140 142 143 145 146 148 149 151 152 154 155 156 158 159 160 162 163 164 165 167 168 169 170 171 173 174 175 176 177 178 179 180 182 183 184 185 186 187 188 189 190 191 192 193 193 194 195 196 197 198 199 200 201 202 202 203 204 205 206 207 207
126 126 126 126 126 126 126 126 126 126 126 126 126 126 126 126 126 126 126 126 126 126 126 126 126 126 127 129 131 133 135 136 138 140 141 143 144 146 147 149 150 152 153 155 156 157 159 160 161 163 164 165 166 168 169 170 171 172 173 175 176 177 178 179 180 181 182 183 184 185 186 187 188 189 190 191 192 193 194 195 196 197 198 199 200 200 201 202 203 204 205 205 206 207
126 126 126 126 126 126 126 126 126 126 126 126 126 126 126 126 126 126 126 126 126 126 126 126 126 126 127 129 131 132 134 136 137 139 141 142 144 145 147 148 150 151 153 154 156 157 158 160 161 162 163 165 166 167 168 170 171 172 173 174 175 177 178 179 180 181 182 183 184 185 186 187 188 189 190 191 192 193 194 195 196 197 197 198 199 200 201 202 203 204 204 205 206 207
126 126 126 126 126 126 126 126 126 126 126 126 126 126 126 126 126 126 126 126 126 126 126 126 126 126 126 128 130 132 134 135 137 139 140 142 144 145 147 148 150 151 152 154 155 157 158 159 161 162 163 164 166 167 168 169 171 172 173 174 175 176 177 178 180 181 182 183 184 185 186 187 188 189 190 191 192 193 194 194 195 196 197 198 199 200 201 202 202 203 204 205 206 207
126 126 126 126 126 126 126 126 126 126 126 126 126 126 126 126 126 126 126 126 126 126 126 126 126 126 126 128 130 131 133 135 137 138 140 142 143 145 146 148 149 151 152 153 155 156 158 159 160 162 163 164 165 167 168 169 170 171 173 174 175 176 177 178 179 180 181 182 183 184 185 186 187 188 189 190 191 192 193 194 195 196 197 198 199 200 200 201 202 203 204 205 205 206
126 126 126 126 126 126 126 126 126 126 126 126 126 126 126 126 126 126 126 126 126 126 126 126 126 126 126 127 129 131 133 135 136 138 140 141 143 144 146 147 149 150 152 153 154 156 157 159 160 161 162 164 165 166 167 169 170 171 172 173 174 176 177 178 179 180 181 182 183 184 185 186 187 188 189 190 191 192 193 194 195 196 197 198 198 199 200 201 202 203 204 204 205 206
126 126 126 126 126 126 126 126 126 126 126 126 126 126 126 126 126 126 126 126 126 126 126 126 126 126 126 127 129 131 132 134 136 137 139 141 142 144 145 147 148 150 151 153 154 155 157 158 160 161 162 163 165 166 167 168 170 171 172 173 174 175 176 177 179 180 181 182 183 184 185 186 187 188 189 190 191 192 193 194 195 195 196 197 198 199 200 201 202 202 203 204 205 206
126 126 126 126 126 126 126 126 126 126 126 126 126 126 126 126 126 126 126 126 126 126 126 126 126 126 126 126 128 130 132 134 135 137 139 140 142 143 145 146 148 149 151 152 154 155 156 158 159 160 162 163 164 166 167 168 169 170 172 173 174 175 176 177 178 179 180 181 183 184 185 186 187 188 189 190 190 191 192 193 194 195 196 197 198 199 200 200 201 202 203 204 205 205
126 126 126 126 126 126 126 126 126 126 126 126 126 126 126 126 126 126 126 126 126 126 126 126 126 126 126 126 128 130 131 133 135 137 138 140 141 143 145 146 148 149 150 152 153 155 156 157 159 160 161 163 164 165 166 168 169 170 171 172 173 175 176 177 178 179 180 181 182 183 184 185 186 187 188 189 190 191 192 193 194 195 196 197 198 198 199 200 201 202 203 204 204 205
126 126 126 126 126 126 126 126 126 126 126 126 126 126 126 126 126 126 126 126 126 126 126 126 126 126 126 126 127 129 131 133 134 136 138 139 141 143 144 146 147 149 150 152 153 154 156 157 158 160 161 162 164 165 166 167 168 170 171 172 173 174 175 177 178 179 180 181 182 183 184 185 186 187 188 189 190 191 192 193 194 195 195 196 197 198 199 200 201 202 202 203 204 205
126 126 126 126 126 126 126 126 126 126 126 126 126 126 126 126 126 126 126 126 126 126 126 126 126 126 126 126 127 129 130 132 134 136 137 139 141 142 144 145 147 148 150 151 153 154 155 157 158 159 161 162 163 164 166 167 168 169 170 172 173 174 175 176 177 178 179 180 182 183 184 185 186 187 188 189 190 191 191 192 193 194 195 196 197 198 199 200 200 201 202 203 204 205
126 126 126 126 126 126 126 126 126 126 126 126 126 126 126 126 126 126 126 126 126 126 126 126 126 126 126 126 126 128 130 132 133 135 137 139 140 142 143 145 146 148 149 151 152 154 155 156 158 159 160 162 163 164 165 167 168 169 170 171 172 174 175 176 177 178 179 180 181 182 183 184 185 186 187 188 189 190 191 192 193 194 195 196 197 198 198 199 200 201 202 203 203 204
126 126 126 126 126 126 126 126 126 126 126 126 126 126 126 126 126 126 126 126 126 126 126 126 126 126 126 126 126 128 129 131 133 135 136 138 140 141 143 144 146 147 149 150 152 153 155 156 157 159 160 161 162 164 165 166 167 169 170 171 172 173 174 175 177 178 179 180 181 182 183 184 185 186 187 188 189 190 191 192 193 194 195 195 196 197 198 199 200 201 202 202 203 204
126 126 126 126 126 126 126 126 126 126 126 126 126 126 126 126 126 126 126 126 126 126 126 126 126 126 126 126 126 127 129 131 133 134 136 138 139 141 142 144 145 147 148 150 151 153 154 155 157 158 159 161 162 163 165 166 167 168 169 171 172 173 174 175 176 177 178 179 181 182 183 184 185 186 187 188 189 190 190 191 192 193 194 195 196 197 198 199 200 200 201 202 203 204
126 126 126 126 126 126 126 126 126 126 126 126 126 126 126 126 126 126 126 126 126 126 126 126 126 126 126 126 126 127 128 130 132 134 135 137 139 140 142 143 145 147 148 149 151 152 154 155 156 158 159 160 162 163 164 165 167 168 169 170 171 172 174 175 176 177 178 179 180 181 182 183 184 185 186 187 188 189 190 191 192 193 194 195 196 197 197 198 199 200 201 202 203 203
126 126 126 126 126 126 126 126 126 126 126 126 126 126 126 126 126 126 126 126 126 126 126 126 126 126 126 126 126 126 128 130 132 133 135 137 138 140 141 143 145 146 148 149 150 152 153 155 156 157 159 160 161 163 164 165 166 167 169 170 171 172 173 174 175 177 178 179 180 181 182 183 184 185 186 187 188 189 190 191 192 193 194 194 195 196 197 198 199 200 201 201 202 203
126 126 126 126 126 126 126 126 126 126 126 126 126 126 126 126 126 126 126 126 126 126 126 126 126 126 126 126 126 126 127 129 131 133 134 136 138 139 141 143 144 146 147 149 150 151 153 154 156 157 158 160 161 162 163 165 166 167 168 169 171 172 173 174 175 176 177 178 179 181 182 183 184 185 186 187 188 189 190 190 191 192 193 194 195 196 197 198 199 199 200 201 202 203
126 126 126 126 126 126 126 126 126 126 126 126 126 126 126 126 126 126 126 126 126 126 126 126 126 126 126 126 126 126 127 129 130 132 134 136 137 139 141 142 144 145 147 148 150 151 152 154 155 156 158 159 160 162 163 164 165 167 168 169 170 171 173 174 175 176 177 178 179 180 181 182 183 184 185 186 187 188 189 190 191 192 193 194 195 196 196 197 198 199 200 201 202 202
126 126 126 126 126 126 126 126 126 126 126 126 126 126 126 126 126 126 126 126 126 126 126 126 126 126 126 126 126 126 126 128 130 132 133 135 137 138 140 142 143 145 146 148 149 151 152 153 155 156 157 159 160 161 163 164 165 166 167 169 170 171 172 173 174 175 177 178 179 180 181 182 183 184 185 186 187 188 189 190 191 192 193 193 194 195 196 197 198 199 200 200 201 202
126 126 126 126 126 126 126 126 126 126 126 126 126 126 126 126 126 126 126 126 126 126 126 126 126 126 126 126 126 126 126 128 129 131 133 135 136 138 140 141 143 144 146 147 149 150 152 153 154 156 157 158 160 161 162 163 165 166 167 168 169 171 172 173 174 175 176 177 178 179 180 182 183 184 185 186 187 188 188 189 190 191 192 193 194 195 196 197 198 198 199 200 201 202
126 126 126 126 126 126 126 126 126 126 126 126 126 126 126 126 126 126 126 126 126 126 126 126 126 126 126 126 126 126 126 127 129 131 132 134 136 137 139 141 142 144 145 147 148 150 151 152 154 155 157 158 159 160 162 163 164 165 167 168 169 170 171 172 174 175 176 177 178 179 180 181 182 183 184 185 186 187 188 189 190 191 192 193 194 195 195 196 197 198 199 200 201 201
126 126 126 126 126 126 126 126 126 126 126 126 126 126 126 126 126 126 126 126 126 126 126 126 126 126 126 126 126 126 126 127 128 130 132 134 135 137 139 140 142 143 145 146 148 149 151 152 153 155 156 157 159 160 161 163 164 165 166 167 169 170 171 172 173 174 175 177 178 179 180 181 182 183 184 185 186 187 188 189 190 191 192 192 193 194 195 196 197 198 199 199 200 201
126 126 126 126 126 126 126 126 126 126 126 126 126 126 126 126 126 126 126 126 126 126 126 126 126 126 126 126 126 126 126 126 128 130 131 133 135 136 138 140 141 143 144 146 147 149 150 152 153 154 156 157 158 160 161 162 163 165 166 167 168 169 171 172 173 174 175 176 177 178 179 180 181 182 183 184 185 186 187 188 189 190 191 192 193 194 195 196 197 197 198 199 200 201
126 126 126 126 126 126 126 126 126 126 126 126 126 126 126 126 126 126 126 126 126 126 126 126 126 126 126 126 126 126 126 126 127 129 131 133 134 136 138 139 141 142 144 145 147 148 150 151 152 154 155 157 158 159 160 162 163 164 165 167 168 169 170 171 172 174 175 176 177 178 179 180 181 182 183 184 185 186 187 188 189 190 191 192 193 194 194 195 196 197 198 199 200 200
126 126 126 126 126 126 126 126 126 126 126 126 126 126 126 126 126 126 126 126 126 126 126 126 126 126 126 126 126 126 126 126 127 128 130 132 134 135 137 139 140 142 143 145 146 148 149 151 152 153 155 156 157 159 160 161 163 164 165 166 167 169 170 171 172 173 174 175 176 178 179 180 181 182 183 184 185 186 187 188 189 190 190 191 192 193 194 195 196 197 198 198 199 200
126 126 126 126 126 126 126 126 126 126 126 126 126 126 126 126 126 126 126 126 126 126 126 126 126 126 126 126 126 126 126 126 126 128 130 131 133 135 136 138 140 141 143 144 146 147 149 150 152 153 154 156 157 158 160 161 162 163 165 166 167 168 169 170 172 173 174 175 176 177 178 179 180 181 182 183 184 185 186 187 188 189 190 191 192 193 194 195 196 196 197 198 199 200
126 126 126 126 126 126 126 126 126 126 126 126 126 126 126 126 126 126 126 126 126 126 126 126 126 126 126 126 126 126 126 126 126 127 129 131 133 134 136 138 139 141 142 144 145 147 148 150 151 152 154 155 156 158 159 160 162 163 164 165 167 168 169 170 171 172 173 175 176 177 178 179 180 181 182 183 184 185 186 187 188 189 190 191 192 192 193 194 195 196 197 198 199 199
126 126 126 126 126 126 126 126 126 126 126 126 126 126 126 126 126 126 126 126 126 126 126 126 126 126 126 126 126 126 126 126 126 127 128 130 132 134 135 137 139 140 142 143 145 146 148 149 151 152 153 155 156 157 159 160 161 162 164 165 166 167 168 170 171 172 173 174 175 176 177 178 179 180 182 183 184 185 186 186 187 188 189 190 191 192 193 194 195 196 197 197 198 199
126 126 126 126 126 126 126 126 126 126 126 126 126 126 126 126 127 126 126 126 126 126 126 126 126 126 126 126 126 126 126 126 126 126 128 130 131 133 135 136 138 140 141 143 144 146 147 149 150 151 153 154 156 157 158 159 161 162 163 164 166 167 168 169 170 171 173 174 175 176 177 178 179 180 181 182 183 184 185 186 187 188 189 190 191 192 193 194 194 195 196 197 198 199
126 126 126 126 126 126 126 126 126 126 126 126 126 126 126 126 126 126 126 126 126 126 126 126 126 126 126 126 126 126 126 126 126 126 127 129 131 133 134 136 137 139 141 142 144 145 147 148 150 151 152 154 155 156 158 159 160 162 163 164 165 166 168 169 170 171 172 173 174 175 177 178 179 180 181 182 183 184 185 186 187 188 189 189 190 191 192 193 194 195 196 197 198 198
126 126 126 126 126 126 126 126 126 126 126 126 126 126 126 126 126 128 126 126 126 126 126 126 126 126 126 126 126 126 126 126 126 126 127 128 130 132 134 135 137 139 140 142 143 145 146 148 149 150 152 153 155 156 157 159 160 161 162 164 165 166 167 168 169 171 172 173 174 175 176 177 178 179 180 181 182 183 184 185 186 187 188 189 190 191 192 193 194 195 195 196 197 198
126 126 126 126 126 126 126 126 126 126 126 126 126 126 126 126 126 127 126 126 126 126 126 126 126 126 126 126 126 126 126 126 126 126 126 128 130 131 133 135 136 138 140 141 143 144 146 147 149 150 151 153 154 155 157 158 159 161 162 163 164 165 167 168 169 170 171 172 174 175 176 177 178 179 180 181 182 183 184 185 186 187 188 189 190 191 191 192 193 194 195 196 197 198
126 126 126 126 126 126 126 126 126 126 126 126 126 126 126 126 126 126 129 126 126 126 126 126 126 126 126 126 126 126 126 126 126 126 126 127 129 131 132 134 136 137 139 141 142 144 145 147 148 149 151 152 154 155 156 158 159 160 161 163 164 165 166 167 169 170 171 172 173 174 175 176 177 178 179 180 182 183 184 184 185 186 187 188 189 190 191 192 193 194 195 196 196 197
126 126 126 126 126 126 126 126 126 126 126 126 126 126 126 126 126 126 128 126 126 126 126 126 126 126 126 126 126 126 126 126 126 126 126 127 128 130 132 134 135 137 138 140 142 143 145 146 147 149 150 152 153 154 156 157 158 160 161 162 163 165 166 167 168 169 170 172 173 174 175 176 177 178 179 180 181 182 183 184 185 186 187 188 189 190 191 192 192 193 194 195 196 197
126 126 126 126 126 126 126 126 126 126 126 126 126 126 126 126 126 126 127 129 126 126 126 126 126 126 126 126 126 126 126 126 126 126 126 126 128 130 131 133 135 136 138 139 141 143 144 145 147 148 150 151 153 154 155 157 158 159 160 162 163 164 165 166 168 169 170 171 172 173 174 175 177 178 179 180 181 182 183 184 185 186 187 188 188 189 190 191 192 193 194 195 196 196
