testData/tiles/oneDegreeCosts/grid15.0-0.0-16.0-1.0.asc
ncols   200
nrows   200
xllcorner   15.0
yllcorner   0.0
cellsize   0.005
NODATA_value   -9999.0
[rows 126 to 167 of 200, columns 0 to 93 of 200]
290 290 291 292 293 293 293 293 293 294 294 295 295 296 297 296 297 297 298 299 298 299 299 299 300 300 300 300 300 301 300 300 300 301 301 301 301 300 302 302 301 302 301 301 302 301 301 301 301 303 303 304 304 305 307 307 308 308 309 310 310 311 311 312 313 314 315 315 316 317 318 318 318 319 320 321 322 299 299 299 299 299 299 299 299 299 299 299 299 299 299 299 299 299
290 290 290 291 291 292 293 293 293 293 294 295 295 296 296 296 297 297 298 297 298 299 299 299 299 299 300 300 300 300 300 300 300 301 300 301 301 300 302 301 301 301 301 302 301 301 301 301 301 302 303 304 304 305 306 307 308 308 309 310 310 311 311 312 313 314 315 315 316 317 318 318 318 319 320 321 322 299 299 299 299 299 299 299 299 299 299 299 299 299 299 299 299 299
290 290 290 291 291 292 293 293 294 293 294 295 295 296 295 296 297 297 298 297 298 299 298 299 299 299 300 300 300 300 300 301 300 301 300 300 301 300 301 301 301 301 301 302 301 301 301 301 302 302 303 304 304 305 306 307 308 308 309 310 310 311 311 312 313 314 315 315 316 317 318 318 318 319 320 321 322 299 299 299 299 299 299 299 299 299 299 299 299 299 299 299 299 299
290 290 290 291 291 292 293 293 294 294 294 295 295 296 295 296 297 297 297 297 298 299 298 299 299 299 300 299 300 300 300 301 300 300 300 300 301 300 301 301 301 301 300 302 301 301 301 301 302 302 303 304 304 306 306 307 308 308 309 310 311 311 311 312 313 314 314 315 316 317 318 318 318 319 320 321 321 299 299 299 299 299 299 299 299 299 299 299 299 299 299 299 299 299
290 290 290 291 291 292 292 293 294 294 295 295 295 295 295 296 296 297 297 297 298 298 298 299 299 299 299 299 300 299 300 299 300 300 300 300 300 300 301 301 301 300 300 301 301 301 300 301 303 302 303 303 304 306 306 307 307 308 310 310 311 311 311 312 313 314 314 315 316 317 318 318 318 319 320 321 299 299 299 299 299 299 299 299 299 299 299 299 299 299 299 299 299 299
290 290 290 291 291 292 292 293 294 294 295 295 295 295 295 296 296 296 297 297 298 297 298 299 298 299 299 299 300 299 300 299 300 301 300 300 299 300 301 300 301 300 300 301 300 301 300 301 303 302 303 303 304 306 306 307 307 308 310 310 311 311 311 312 313 314 314 315 316 317 318 318 319 319 320 321 299 299 299 299 299 299 299 299 299 299 299 299 299 299 299 299 299 299
290 290 290 291 291 292 292 293 294 294 295 294 295 295 295 296 296 296 297 297 298 297 298 299 298 299 298 299 300 299 300 299 300 301 300 300 299 300 301 300 301 300 300 301 300 300 300 301 303 303 303 303 304 306 306 307 307 308 310 310 311 311 311 312 313 314 314 315 315 317 318 318 319 319 320 321 299 299 299 299 299 299 299 299 299 299 299 299 299 299 299 299 299 299
290 290 290 291 291 292 292 293 294 294 294 294 295 295 295 296 296 296 296 297 297 297 298 297 298 299 298 299 298 299 300 299 299 300 300 300 299 299 300 300 300 300 300 300 300 300 300 301 302 303 303 303 304 305 306 307 307 308 309 310 311 311 312 312 313 314 314 315 316 317 318 318 319 319 320 321 299 299 299 299 299 299 299 299 299 299 299 299 299 299 299 299 299 299
290 290 290 290 291 292 292 293 292 293 294 294 295 295 296 296 296 296 296 297 297 297 298 297 298 299 298 299 298 299 299 299 299 300 300 301 299 299 300 300 300 299 300 300 300 300 300 301 302 303 304 303 304 305 306 307 307 308 309 310 311 311 312 312 313 314 314 315 316 317 318 318 319 320 320 321 299 299 299 299 299 299 299 299 299 299 299 299 299 299 299 299 299 299
290 290 290 290 290 291 291 292 292 293 294 294 295 295 296 296 296 296 296 296 297 297 298 297 298 298 298 299 298 299 299 299 299 300 300 300 299 299 299 300 300 299 299 300 300 300 300 301 302 303 303 303 304 305 306 306 307 308 309 310 310 311 312 313 313 313 314 315 316 317 317 318 319 320 320 320 299 299 299 299 299 299 299 299 299 299 299 299 299 299 299 299 299 299
290 290 290 290 290 291 291 292 292 293 294 294 295 295 295 295 296 296 296 296 296 297 297 297 298 297 298 298 298 299 298 299 299 299 300 299 300 299 299 300 299 299 299 299 300 299 300 301 302 303 303 304 304 305 306 306 307 308 309 310 310 311 312 313 313 313 314 315 316 317 317 318 319 320 321 320 299 299 299 299 299 299 299 299 299 299 299 299 299 299 299 299 299 299
290 290 290 290 290 290 291 292 292 293 293 294 295 294 295 295 296 297 296 296 296 297 297 297 297 297 298 298 298 298 298 298 299 299 300 299 299 300 299 299 299 299 299 299 299 299 300 301 302 303 303 304 304 305 306 306 307 308 309 310 310 311 312 313 313 313 314 314 316 317 317 318 318 320 321 320 299 299 299 299 299 299 299 299 299 299 299 299 299 299 299 299 299 299
290 290 290 290 290 290 291 292 292 293 293 294 294 294 295 295 296 296 296 296 296 296 297 297 297 297 298 298 298 298 298 298 299 299 300 299 299 299 299 299 298 299 298 299 299 299 300 300 302 303 303 304 304 305 306 306 307 307 309 310 310 311 311 313 314 313 314 314 316 317 317 318 318 320 321 320 299 299 299 299 299 299 299 299 299 299 299 299 299 299 299 299 299 299
290 290 290 290 290 290 291 291 292 293 292 293 293 294 295 295 296 295 296 297 296 296 296 297 297 297 297 297 297 298 298 298 298 299 299 299 299 298 300 299 298 299 298 299 299 299 300 300 302 303 303 304 304 305 306 306 307 307 309 310 310 311 311 313 314 313 314 314 316 317 317 318 318 320 320 299 299 299 299 299 299 299 299 299 299 299 299 299 299 299 299 299 299 299
290 290 290 290 290 290 291 291 291 292 292 293 293 294 295 295 295 295 296 297 296 296 296 296 297 297 297 297 297 298 297 298 298 299 299 299 299 298 300 299 298 298 298 299 299 299 300 300 302 302 303 304 304 306 306 306 307 307 309 309 310 311 311 313 313 314 314 314 316 316 317 318 318 320 320 299 299 299 299 299 299 299 299 299 299 299 299 299 299 299 299 299 299 299
290 290 290 290 290 290 290 290 291 292 292 293 293 294 295 294 295 295 296 296 296 296 296 296 296 296 297 297 297 297 297 298 298 299 298 298 299 298 299 299 298 298 297 298 298 299 300 300 302 302 303 304 304 306 306 306 307 307 309 309 310 311 311 313 313 314 314 314 316 316 317 318 318 320 320 299 299 299 299 299 299 299 299 299 299 299 299 299 299 299 299 299 299 299
290 290 290 290 290 290 290 290 291 291 292 293 293 294 293 294 295 295 295 295 296 297 296 296 296 296 297 296 297 296 297 297 298 298 298 298 298 298 299 298 298 298 297 298 298 299 300 300 302 302 303 304 304 306 306 306 306 307 309 309 310 310 311 313 313 314 314 314 316 316 317 317 318 320 320 299 299 299 299 299 299 299 299 299 299 299 299 299 299 299 299 299 299 299
290 290 290 290 290 290 290 290 291 291 292 293 292 293 293 294 295 295 295 295 296 296 296 296 296 296 297 296 297 296 297 297 298 298 298 298 297 298 299 298 298 297 297 298 298 299 299 300 302 302 303 303 304 306 306 306 306 307 309 309 310 310 311 313 313 314 314 314 316 316 317 317 318 320 320 299 299 299 299 299 299 299 299 299 299 299 299 299 299 299 299 299 299 299
290 290 290 290 290 290 290 290 291 291 292 291 292 293 293 294 294 294 295 295 296 295 296 296 296 296 295 296 296 296 297 296 297 298 297 298 297 297 299 298 298 297 297 298 298 299 299 300 302 302 303 303 304 306 306 306 306 307 309 309 310 310 311 312 313 314 314 314 315 316 317 317 318 319 320 299 299 299 299 299 299 299 299 299 299 299 299 299 299 299 299 299 299 299
290 290 290 290 290 290 290 290 291 290 291 291 292 293 293 294 293 294 295 295 295 295 296 296 296 296 295 296 296 296 296 296 297 298 297 297 297 297 298 298 298 297 297 297 298 299 299 300 301 302 303 303 304 305 306 307 306 307 308 309 310 310 311 312 313 314 314 314 315 316 317 317 318 319 320 299 299 299 299 299 299 299 299 299 299 299 299 299 299 299 299 299 299 299
290 290 290 290 290 290 290 290 290 290 291 291 292 293 293 293 293 294 294 294 295 295 295 295 296 295 295 296 295 296 296 296 297 296 297 297 297 297 297 297 298 297 297 297 298 299 299 300 301 302 303 303 304 305 306 307 306 307 308 309 310 310 311 312 313 313 314 315 315 316 316 317 318 319 299 299 299 299 299 299 299 299 299 299 299 299 299 299 299 299 299 299 299 299
290 290 290 290 290 290 290 290 290 290 291 291 292 292 292 293 293 294 293 294 295 295 295 295 296 295 295 295 295 295 296 295 297 296 297 297 296 297 297 297 297 297 297 297 298 298 299 300 301 302 302 303 304 305 306 306 306 307 308 309 309 310 311 312 313 313 314 315 315 316 316 317 318 319 299 299 299 299 299 299 299 299 299 299 299 299 299 299 299 299 299 299 299 299
290 290 290 290 290 290 290 290 290 290 291 291 291 291 292 293 293 293 293 294 295 294 295 295 295 295 295 295 295 295 295 295 297 296 296 296 296 296 297 297 296 296 297 297 298 298 299 300 301 302 302 303 304 305 306 306 307 307 308 309 309 310 310 312 313 313 314 314 315 316 316 317 317 319 299 299 299 299 299 299 299 299 299 299 299 299 299 299 299 299 299 299 299 299
290 290 290 290 290 290 290 290 290 290 290 290 291 291 292 292 292 293 293 294 293 294 295 294 295 295 295 295 294 295 294 295 295 296 296 295 296 296 296 297 296 296 297 298 298 298 299 299 301 302 302 303 303 305 306 306 307 307 308 309 309 310 310 312 313 313 314 314 316 316 316 317 317 319 299 299 299 299 299 299 299 299 299 299 299 299 299 299 299 299 299 299 299 299
290 290 290 290 290 290 290 290 290 290 290 290 291 291 292 291 292 293 293 293 293 294 295 294 295 294 295 294 294 295 294 295 294 295 296 295 296 295 296 296 296 296 296 298 298 298 299 299 301 302 302 303 303 305 306 306 307 307 308 309 309 310 310 312 312 313 314 314 316 316 316 317 317 319 299 299 299 299 299 299 299 299 299 299 299 299 299 299 299 299 299 299 299 299
290 290 290 290 290 290 290 290 290 290 290 290 290 291 291 291 292 292 293 293 293 294 293 294 295 294 295 294 294 294 294 294 294 295 296 295 295 295 296 296 295 296 296 298 298 298 299 299 301 301 302 303 303 305 305 306 307 307 308 308 309 310 310 312 312 313 314 314 316 316 316 317 317 299 299 299 299 299 299 299 299 299 299 299 299 299 299 299 299 299 299 299 299 299
290 290 290 290 290 290 290 290 290 290 290 290 290 290 291 291 292 292 292 293 293 293 293 294 294 294 294 294 294 293 294 294 294 295 294 295 295 294 296 295 295 296 296 298 298 298 299 299 301 301 302 303 303 305 305 306 307 307 308 308 309 309 310 312 312 313 313 314 316 316 316 316 317 299 299 299 299 299 299 299 299 299 299 299 299 299 299 299 299 299 299 299 299 299
290 290 290 290 290 290 290 290 290 290 290 290 290 290 290 291 292 291 292 292 292 293 293 293 293 294 294 294 294 293 293 294 293 295 294 294 295 294 295 295 295 296 296 298 298 298 298 299 301 301 302 302 303 305 305 306 306 307 309 308 309 309 310 312 312 313 313 314 316 316 316 316 317 299 299 299 299 299 299 299 299 299 299 299 299 299 299 299 299 299 299 299 299 299
290 290 290 290 290 290 290 290 290 290 290 290 290 290 290 290 291 291 292 291 292 293 293 293 293 293 294 294 294 293 293 293 293 294 294 294 293 294 295 294 295 295 296 298 298 299 298 299 301 301 302 302 303 305 305 306 306 307 308 308 309 309 310 311 312 313 313 314 315 316 316 316 317 299 299 299 299 299 299 299 299 299 299 299 299 299 299 299 299 299 299 299 299 299
290 290 290 290 290 290 290 290 290 290 290 290 290 290 290 290 290 291 291 291 292 292 292 293 293 293 293 293 294 293 293 292 293 294 293 294 293 293 295 294 295 295 296 297 298 299 298 299 300 301 302 302 303 304 305 306 306 307 308 308 309 309 310 311 312 313 313 314 315 316 316 316 317 299 299 299 299 299 299 299 299 299 299 299 299 299 299 299 299 299 299 299 299 299
290 290 290 290 290 290 290 290 290 290 290 290 290 290 290 290 290 290 291 291 292 291 292 293 292 293 292 293 292 293 292 292 292 293 293 294 293 293 293 294 295 295 296 297 298 299 298 299 300 301 302 302 303 304 305 305 306 307 308 308 308 309 310 311 312 312 313 314 314 316 316 316 299 299 299 299 299 299 299 299 299 299 299 299 299 299 299 299 299 299 299 299 299 299
290 290 290 290 290 290 290 290 290 290 290 290 290 290 290 290 290 290 290 291 291 291 292 291 292 293 292 293 292 293 292 292 292 292 293 293 293 293 293 294 294 295 296 297 298 298 299 299 300 301 301 302 303 304 305 305 306 307 308 309 308 309 309 310 312 312 313 313 314 316 316 316 299 299 299 299 299 299 299 299 299 299 299 299 299 299 299 299 299 299 299 299 299 299
290 290 290 290 290 290 290 290 290 290 290 290 290 290 290 290 290 290 290 290 291 291 291 291 292 291 292 292 292 292 292 291 292 292 293 292 292 293 293 294 294 295 296 297 298 298 299 299 300 301 301 302 302 304 305 305 306 306 308 309 308 309 309 310 312 312 313 313 314 316 316 316 299 299 299 299 299 299 299 299 299 299 299 299 299 299 299 299 299 299 299 299 299 299
290 290 290 290 290 290 290 290 290 290 290 290 290 290 290 290 290 290 290 290 290 290 291 291 291 291 292 292 292 292 292 291 291 292 292 292 292 291 293 294 294 295 295 297 298 298 299 299 300 301 301 302 302 304 305 305 306 306 307 308 308 309 309 310 311 312 313 313 314 315 316 317 299 299 299 299 299 299 299 299 299 299 299 299 299 299 299 299 299 299 299 299 299 299
290 290 290 290 290 290 290 290 290 290 290 290 290 290 290 290 290 290 290 290 290 290 290 290 291 291 291 291 291 292 291 292 290 292 292 291 292 291 293 294 294 295 295 297 298 298 299 299 300 300 301 302 302 303 304 305 306 306 307 308 309 309 309 310 311 312 312 313 314 315 316 316 299 299 299 299 299 299 299 299 299 299 299 299 299 299 299 299 299 299 299 299 299 299
290 290 290 290 290 290 290 290 290 290 290 290 290 290 290 290 290 290 290 290 290 290 290 290 291 290 291 290 291 291 291 291 290 291 291 291 291 291 293 293 294 295 295 297 297 298 299 299 299 300 301 302 302 303 304 305 305 306 307 308 309 309 309 310 311 312 312 313 314 315 316 299 299 299 299 299 299 299 299 299 299 299 299 299 299 299 299 299 299 299 299 299 299 299
290 290 290 290 290 290 290 290 290 290 290 290 290 290 290 290 290 290 290 290 290 290 290 290 290 290 291 290 291 290 291 291 290 291 290 291 291 291 293 293 294 294 295 296 297 298 298 299 299 300 301 301 302 303 304 305 305 306 307 308 309 309 309 309 311 312 312 313 313 315 316 299 299 299 299 299 299 299 299 299 299 299 299 299 299 299 299 299 299 299 299 299 299 299
290 290 290 290 290 290 290 290 290 290 290 290 290 290 290 290 290 290 290 290 290 290 290 290 290 290 290 290 290 290 290 290 290 290 290 290 290 291 292 293 294 294 295 296 297 298 298 299 300 300 301 301 302 302 304 305 305 306 306 308 309 309 309 309 311 312 312 313 313 315 315 299 299 299 299 299 299 299 299 299 299 299 299 299 299 299 299 299 299 299 299 299 299 299
290 290 290 290 290 290 290 290 290 290 290 290 290 290 290 290 290 290 290 290 290 290 290 290 290 290 290 290 290 290 290 290 290 290 290 290 290 291 291 293 294 294 295 295 297 298 298 299 299 300 301 301 302 302 304 305 305 306 306 308 308 309 309 309 311 311 312 313 313 315 315 299 299 299 299 299 299 299 299 299 299 299 299 299 299 299 299 299 299 299 299 299 299 299
290 290 290 290 290 290 290 290 290 290 290 290 290 290 290 290 290 290 290 290 290 290 290 290 290 290 290 290 290 290 290 290 290 290 290 290 290 291 291 293 294 294 295 295 297 297 298 299 299 300 300 301 302 302 304 304 305 306 306 308 308 309 309 309 311 311 312 312 313 314 299 299 299 299 299 299 299 299 299 299 299 299 299 299 299 299 299 299 299 299 299 299 299 299
290 290 290 290 290 290 290 290 290 290 290 290 290 290 290 290 290 290 290 290 290 290 290 290 290 290 290 290 290 290 290 290 290 290 290 290 290 291 291 293 293 294 295 295 297 297 298 299 299 300 300 301 301 302 304 304 305 305 306 308 308 309 309 309 310 311 312 312 313 313 299 299 299 299 299 299 299 299 299 299 299 299 299 299 299 299 299 299 299 299 299 299 299 299
290 290 290 290 290 290 290 290 290 290 290 290 290 290 290 290 290 290 290 290 290 290 290 290 290 290 290 290 290 290 290 290 290 290 290 290 290 291 291 293 293 294 294 295 297 297 298 298 299 301 300 301 301 302 304 304 305 305 306 306 308 309 309 309 309 311 312 312 313 313 299 299 299 299 299 299 299 299 299 299 299 299 299 299 299 299 299 299 299 299 299 299 299 299
