testData/tiles/oneDegreeCosts/grid49.0-15.0-50.0-16.0.asc
ncols   200
nrows   200
xllcorner   49.0
yllcorner   15.0
cellsize   0.005
NODATA_value   -9999.0
[rows 0 to 41 of 200, columns 0 to 93 of 200]
618 618 618 616 616 616 615 615 615 614 614 613 613 612 611 612 612 612 612 612 612 613 611 611 611 611 611 610 610 609 609 607 607 607 606 606 605 605 604 602 602 601 600 600 598 597 595 595 593 593 593 592 591 590 590 590 589 589 587 587 586 586 586 585 584 583 583 582 582 581 580 580 579 579 578 577 577 576 576 575 574 574 573 573 572 571 570 570 570 569 568 567 567 566
618 618 617 617 617 616 616 616 614 614 614 613 613 613 612 613 612 612 612 612 612 612 612 612 612 612 610 610 610 610 610 609 609 609 606 606 605 605 604 603 603 601 600 599 598 598 596 596 593 593 593 592 592 591 590 589 589 589 588 588 586 586 585 585 585 584 583 582 582 582 581 581 579 579 578 578 578 576 576 575 575 574 573 573 572 572 571 570 570 569 569 568 567 566
619 619 617 617 617 616 616 616 615 615 614 614 613 612 612 613 612 613 613 613 613 612 612 612 612 612 611 611 611 610 610 609 609 608 608 607 606 605 604 604 603 602 601 600 599 597 596 596 594 594 592 592 592 591 591 590 590 588 588 588 587 587 586 585 585 584 584 583 582 581 581 581 580 580 578 578 578 577 577 575 575 574 574 574 572 572 571 571 570 569 569 568 568 567
619 618 618 618 617 617 616 615 615 615 614 614 613 613 613 613 613 613 613 613 613 613 613 613 613 611 611 612 611 611 610 610 610 608 608 607 606 606 605 605 602 602 602 600 600 598 598 596 594 594 593 593 592 591 591 590 590 589 589 588 587 587 586 586 585 584 584 583 583 582 582 581 580 580 579 579 577 577 577 576 576 574 574 573 573 573 571 571 570 570 570 568 568 567
618 618 618 617 617 617 616 616 616 615 615 614 613 613 614 613 614 613 614 614 613 613 613 613 613 612 613 613 611 611 610 610 610 609 609 608 607 606 605 605 604 603 602 600 600 598 598 596 596 594 593 593 592 592 592 591 590 589 589 588 588 588 586 586 585 585 585 583 583 582 582 581 581 580 579 579 578 578 577 576 576 575 575 573 573 573 572 572 570 570 569 569 569 567
619 619 618 618 618 616 616 616 615 615 615 614 614 614 614 613 614 613 614 614 614 614 614 614 613 612 613 612 612 612 611 611 609 609 609 608 608 606 606 605 604 603 602 601 601 599 598 596 596 594 594 594 592 592 591 591 591 590 589 588 588 588 587 587 585 585 584 584 584 583 582 581 581 581 580 579 578 578 577 577 576 575 575 574 574 572 572 572 571 571 569 569 569 568
619 618 618 618 617 617 617 616 616 616 614 614 614 614 614 614 614 615 615 614 614 614 614 614 613 614 614 612 612 611 611 611 610 610 609 608 608 607 606 605 605 604 602 602 600 600 599 597 596 594 594 594 593 593 592 591 590 590 590 589 589 587 587 587 586 586 584 584 584 583 583 582 581 580 580 580 579 578 577 577 577 576 575 574 574 573 573 572 571 571 570 570 568 568
619 619 619 618 617 617 616 616 616 616 615 615 615 614 614 614 614 615 615 615 615 615 615 614 614 614 613 613 613 612 612 610 610 610 609 609 608 608 607 605 605 604 603 603 601 600 598 598 597 595 595 593 593 593 592 592 591 590 590 589 589 588 588 586 586 586 585 585 584 583 583 582 582 581 580 580 579 579 578 577 576 576 576 575 574 573 573 572 572 571 570 570 569 569
619 619 618 618 618 617 617 617 616 615 615 615 614 614 615 615 615 616 615 615 615 615 615 614 615 615 613 613 612 612 613 612 612 610 609 609 608 608 608 606 606 604 603 603 601 601 599 598 597 595 595 594 594 593 592 592 591 591 590 590 589 588 588 587 587 586 585 585 584 584 583 582 582 581 581 580 579 579 578 578 577 576 575 575 575 574 573 572 572 572 571 570 569 569
620 619 619 618 617 617 617 617 616 616 616 615 615 615 615 615 615 615 615 616 615 615 614 614 615 614 614 614 614 613 612 612 612 611 611 610 609 608 607 606 606 605 604 603 601 601 599 599 597 597 595 594 594 593 593 593 591 591 590 590 589 589 588 587 587 586 586 586 584 584 583 583 583 581 581 580 580 579 578 578 577 577 576 575 575 574 574 573 572 571 571 571 570 569
619 619 619 618 618 618 618 616 616 616 615 615 615 615 615 616 616 615 616 616 616 616 615 616 616 614 614 614 614 614 613 613 613 611 611 610 609 609 608 608 605 605 605 603 603 601 600 599 597 597 595 595 595 593 593 592 592 592 591 590 589 589 589 588 587 586 586 585 585 585 583 583 582 582 582 580 580 579 579 579 577 577 576 576 575 574 574 573 573 572 571 571 570 570
620 619 618 618 618 618 617 617 617 616 616 615 615 615 615 615 616 616 616 616 616 615 615 616 615 615 615 615 614 613 613 613 612 612 612 611 609 608 608 608 606 606 605 603 603 601 601 599 598 597 595 595 594 594 594 592 592 591 591 591 590 589 588 588 588 587 587 585 585 585 584 584 582 582 581 581 581 579 579 578 578 578 576 576 575 575 575 573 573 572 572 571 570 570
619 619 619 619 618 618 617 617 616 616 616 615 615 616 616 615 616 616 616 616 616 616 617 616 615 615 615 615 615 614 614 613 612 612 611 611 611 609 609 607 607 606 605 604 603 601 601 599 599 598 596 596 594 594 594 593 593 592 591 591 590 590 589 588 587 587 587 586 586 584 584 584 583 583 581 581 581 580 580 578 578 577 577 577 575 575 574 574 574 572 572 571 571 571
619 619 619 618 618 618 618 617 617 617 615 615 615 616 616 616 617 616 617 616 616 616 617 616 616 616 616 615 614 614 614 613 613 613 612 611 610 610 609 608 608 606 605 604 603 602 602 600 599 597 596 596 595 595 593 593 593 592 592 591 590 590 589 589 588 588 587 586 586 585 585 583 583 583 582 582 580 580 580 579 579 577 577 577 576 576 574 574 573 573 573 571 571 570
620 619 619 619 619 618 617 617 617 616 616 616 616 616 616 616 616 617 617 617 617 617 617 616 616 616 616 616 615 615 614 613 613 612 612 612 611 611 608 608 608 606 606 606 603 603 601 600 600 598 597 595 595 595 594 594 593 592 592 591 591 590 589 589 588 588 587 587 586 585 585 584 584 583 582 582 581 581 579 579 579 578 578 576 576 576 575 575 573 573 573 572 572 570
619 619 619 619 618 618 618 618 617 616 616 616 616 616 617 617 617 618 617 617 617 617 617 617 617 617 616 615 615 615 614 614 613 613 612 611 611 611 610 609 608 607 606 605 604 604 602 601 599 598 598 596 596 594 594 594 593 593 592 591 591 590 590 589 589 588 587 587 586 586 585 584 584 583 583 582 581 581 580 580 579 578 578 577 577 575 575 575 574 574 572 572 572 571
620 620 620 618 618 618 618 617 617 617 616 616 617 616 616 617 617 617 617 618 617 618 617 617 617 617 616 616 616 615 615 615 614 613 613 612 612 610 610 609 608 608 607 605 604 603 602 602 600 599 597 596 596 595 595 594 593 593 592 592 592 590 590 589 589 589 588 587 586 586 585 585 584 583 583 582 582 581 580 580 579 579 578 577 577 576 576 575 574 574 573 573 571 571
620 619 619 619 619 618 618 618 617 616 616 616 617 617 617 618 617 617 617 617 617 618 617 617 618 616 616 616 616 616 616 615 615 614 613 612 612 611 611 609 608 608 606 606 605 604 602 601 600 600 598 597 595 595 595 594 594 594 592 592 591 591 591 590 589 588 588 588 587 586 585 585 585 584 583 582 582 582 581 580 579 579 578 578 577 576 576 575 575 574 573 573 572 572
620 620 619 619 618 618 618 618 617 617 617 617 617 617 617 617 618 618 619 618 619 618 617 618 618 617 617 618 616 616 616 615 615 614 614 614 611 611 611 610 609 609 607 606 605 604 604 602 601 599 598 597 596 596 596 594 594 593 593 593 591 591 590 590 590 589 588 587 587 587 586 585 584 584 584 583 582 581 581 581 580 579 578 578 578 577 576 575 575 574 574 573 572 572
620 620 619 619 619 619 619 617 617 617 617 617 617 618 617 618 618 618 618 618 619 618 618 619 617 617 617 617 617 617 616 616 615 614 614 613 612 612 611 610 609 608 608 607 606 604 603 602 601 600 599 597 596 596 595 595 595 593 593 592 592 592 591 590 589 589 589 588 587 586 586 586 585 584 583 583 583 582 581 580 580 580 579 578 577 577 577 576 575 574 574 574 573 572
620 619 619 619 619 618 618 618 618 617 617 617 617 617 618 618 619 618 619 618 618 618 619 618 618 618 618 617 617 616 616 616 615 615 615 613 613 612 611 611 610 608 608 606 606 605 604 603 601 600 599 597 597 597 595 595 594 594 594 592 592 591 591 591 590 589 588 588 588 587 586 585 585 585 584 583 582 582 582 581 580 579 579 579 578 577 576 576 576 575 574 573 573 573
620 620 620 619 619 618 618 618 617 617 617 618 617 618 619 618 618 618 619 618 619 619 619 618 618 618 618 618 617 617 616 615 615 615 614 614 614 611 611 611 610 609 608 607 606 604 604 603 602 601 599 598 597 596 596 596 594 594 593 593 593 592 591 590 590 590 589 588 588 587 587 586 585 585 584 584 583 582 582 581 581 580 579 579 578 578 577 576 576 575 575 574 573 572
620 619 619 619 619 619 618 618 618 618 617 617 617 618 618 618 619 620 619 619 619 619 619 619 618 619 618 617 617 617 616 616 616 615 614 614 613 613 612 611 610 609 608 608 607 606 605 602 602 601 599 599 598 596 596 595 595 595 593 593 592 592 592 591 590 590 589 589 588 587 587 586 586 585 584 584 583 583 582 581 581 580 580 579 578 578 577 577 576 575 575 574 574 572
620 620 620 620 618 618 618 618 618 617 617 618 619 618 618 619 619 619 619 620 619 619 619 618 618 619 619 618 618 617 616 616 616 615 615 615 613 613 611 611 611 609 609 608 606 606 605 604 603 600 600 599 597 597 597 595 595 594 594 594 593 592 592 591 591 590 589 589 588 588 587 586 586 585 585 584 583 583 582 582 581 580 580 579 579 578 577 577 576 576 575 574 574 573
620 620 619 619 619 619 619 618 617 617 617 618 618 618 619 619 619 619 619 619 619 620 619 619 620 619 618 618 618 617 617 617 615 615 615 614 614 614 613 611 611 610 609 608 607 607 604 604 603 601 601 600 597 597 596 596 596 594 594 593 593 593 592 591 591 590 590 589 588 588 587 587 586 585 585 584 584 583 582 582 581 581 580 579 579 578 578 577 576 576 575 575 574 573
620 620 620 619 619 619 618 618 618 618 617 618 618 618 618 619 619 620 619 620 620 619 619 619 620 619 619 619 618 618 618 617 617 617 615 614 614 613 613 612 611 611 609 608 607 606 605 605 602 601 601 599 598 598 596 596 595 595 595 594 593 593 592 592 591 590 590 589 589 588 587 587 586 586 585 584 584 583 583 583 581 581 580 580 580 578 578 577 577 577 575 575 574 574
620 620 620 620 619 619 619 618 618 617 617 618 619 619 619 620 619 619 619 620 620 620 620 620 619 619 619 619 619 619 618 617 617 616 616 615 614 614 613 611 611 611 609 609 608 606 605 605 603 603 601 599 598 597 597 597 595 595 594 594 594 593 592 592 591 591 590 589 589 588 588 587 586 586 585 585 585 583 583 582 582 582 580 580 579 579 579 577 577 576 576 576 574 574
621 619 619 619 619 619 619 618 618 618 618 618 618 619 619 619 620 620 621 620 620 620 620 620 620 620 619 619 619 618 618 618 617 617 616 614 614 614 613 613 612 610 610 609 608 607 607 604 603 603 601 600 598 597 597 596 596 596 595 594 594 593 593 592 591 591 590 590 589 588 588 587 587 587 585 585 584 584 584 582 582 581 581 581 579 579 578 578 578 576 576 575 575 574
620 620 620 620 620 619 618 618 618 618 618 618 619 620 619 619 620 620 620 620 621 621 620 620 620 619 619 620 619 619 618 618 617 617 617 616 615 614 613 613 612 611 611 609 608 607 606 605 604 603 601 600 599 598 598 596 596 595 595 595 594 593 593 592 592 591 590 590 589 589 589 587 587 586 586 586 584 584 583 583 583 581 581 580 580 580 578 578 577 577 577 575 575 574
620 620 620 619 619 619 619 619 618 618 618 618 619 619 620 620 621 620 621 620 620 620 620 621 620 620 620 619 619 619 619 618 618 617 616 616 616 614 614 614 611 611 611 609 609 608 606 605 604 603 602 600 599 598 597 597 597 596 595 594 594 594 593 592 592 591 591 590 589 589 588 588 588 586 586 585 585 585 583 583 582 582 582 580 580 579 579 579 577 577 577 576 575 574
620 620 620 620 620 619 618 618 618 618 619 619 619 620 620 620 620 620 621 620 621 621 621 620 620 620 620 620 620 619 618 618 618 617 617 617 615 614 614 613 613 612 611 609 609 607 607 606 605 603 602 601 600 598 597 597 596 596 596 595 594 594 593 593 592 591 591 590 590 590 588 588 587 587 587 585 585 584 584 584 582 582 581 581 581 579 579 579 578 578 576 576 576 575
620 620 620 620 619 619 619 619 619 618 618 619 619 620 620 620 621 620 620 620 621 621 621 621 621 620 620 620 620 619 619 619 617 617 617 616 616 616 614 613 613 611 611 610 609 607 607 605 605 604 602 601 600 598 598 598 597 596 595 595 595 594 593 593 592 592 591 590 590 589 589 589 587 587 586 586 586 584 584 583 583 583 581 581 581 580 580 578 578 578 577 576 575 575
621 620 620 619 619 619 619 618 618 618 619 620 619 619 620 620 621 621 621 622 621 621 621 621 621 621 621 621 619 619 619 618 618 618 617 616 616 615 614 614 613 612 611 610 609 609 607 606 605 603 602 602 600 598 598 597 597 597 596 595 594 594 594 593 592 592 591 591 590 589 589 588 588 588 586 586 585 585 585 583 583 583 582 582 580 580 580 579 579 577 577 577 576 575
620 620 620 620 620 619 619 619 618 618 618 619 620 620 621 621 621 621 621 621 621 622 622 621 621 621 621 620 620 620 619 618 618 617 617 617 616 616 614 614 613 613 612 611 609 609 607 607 605 604 603 601 600 599 598 598 597 596 596 596 595 594 594 593 593 592 591 591 590 590 590 588 588 587 587 587 585 585 584 584 584 582 582 582 581 581 579 579 579 578 577 576 576 576
621 621 620 619 619 619 619 619 619 618 619 619 620 620 620 621 621 622 621 622 621 622 621 621 622 621 621 620 620 619 619 619 618 618 617 617 616 616 616 614 614 613 611 611 610 609 608 607 605 604 604 602 600 599 598 598 597 597 596 595 595 595 594 593 593 592 592 591 591 590 589 589 589 587 587 586 586 586 584 584 584 583 583 581 581 581 580 580 578 578 578 577 576 575
620 620 620 620 620 620 618 618 618 618 619 620 620 620 621 621 621 621 621 622 621 622 622 621 621 621 621 621 620 620 620 619 619 618 618 617 617 616 615 614 614 613 612 611 609 609 608 607 606 604 603 602 601 599 599 598 597 597 596 596 595 594 594 594 593 592 592 591 591 590 590 589 588 588 588 586 586 585 585 585 583 583 583 582 582 580 580 580 579 578 577 577 577 576
621 620 620 620 619 619 619 619 619 619 619 619 620 621 621 621 621 622 622 621 621 622 622 621 622 622 621 620 620 621 620 620 620 619 617 617 617 616 616 615 613 613 612 611 610 610 607 607 606 605 604 603 600 599 599 598 598 597 596 596 596 595 594 593 593 593 592 592 591 590 590 590 588 588 587 587 587 585 585 585 584 584 582 582 582 581 581 579 579 579 578 577 577 576
621 620 620 620 620 619 619 619 619 619 619 620 621 621 621 621 622 622 622 622 622 623 622 622 622 621 621 621 622 620 620 620 620 619 619 618 616 616 616 615 614 614 611 611 611 609 609 608 605 605 604 602 601 601 598 598 598 597 597 596 595 595 595 594 593 593 592 592 591 591 590 589 589 589 587 587 586 586 586 584 584 584 583 583 581 581 581 580 579 579 578 578 577 576
620 620 620 620 620 619 619 619 619 619 619 619 620 621 621 622 622 622 622 622 622 622 622 623 622 621 621 622 621 621 621 620 619 619 619 618 617 617 616 615 614 613 613 612 611 609 609 608 606 606 605 602 601 600 599 599 597 597 597 596 596 595 594 594 594 593 593 592 591 591 590 590 589 588 588 588 586 586 585 585 585 583 583 583 582 582 580 580 580 579 578 578 577 577
621 621 621 620 619 619 619 619 619 619 620 620 621 621 621 621 622 622 623 622 623 622 622 622 622 622 622 622 621 621 620 620 620 620 619 618 617 616 616 616 614 613 613 612 611 610 610 607 606 606 604 603 603 600 599 599 598 598 597 596 596 595 595 594 593 593 593 592 592 591 590 590 590 588 588 587 587 587 585 585 585 584 584 582 582 582 581 580 580 579 579 578 577 577
620 620 620 620 620 620 620 619 619 619 620 620 620 621 622 622 622 622 622 622 623 622 622 623 622 622 622 622 622 621 621 620 620 619 619 619 618 617 616 615 614 614 614 612 611 610 609 608 608 606 604 603 602 601 600 598 598 598 597 597 596 595 595 595 594 594 592 592 592 591 591 590 589 589 589 587 587 586 586 586 584 584 584 583 583 581 581 581 580 579 579 578 578 576
621 621 621 620 619 619 619 619 619 620 620 621 620 621 622 622 622 622 623 623 622 622 623 623 622 622 623 622 621 621 621 621 620 620 619 618 618 617 616 616 615 614 613 612 612 610 609 608 607 606 605 604 602 601 599 599 599 597 597 597 596 596 596 594 594 594 593 593 592 591 591 590 589 589 588 588 588 586 586 585 585 585 583 583 583 582 581 580 580 580 579 578 578 577
