testData/tiles/oneDegreeCosts/grid40.0-25.0-41.0-26.0.asc
ncols   200
nrows   200
xllcorner   40.0
yllcorner   25.0
cellsize   0.005
NODATA_value   -9999.0
[rows 42 to 83 of 200, columns 94 to 187 of 200]
179 181 182 184 185 186 187 189 190 191 192 193 194 195 196 197 173 174 175 176 177 178 179 179 180 181 182 182 183 184 185 185 186 186 187 188 188 189 189 190 190 192 192 193 193 194 194 194 195 195 196 196 196 197 197 197 198 198 198 198 199 199 199 199 199 200 200 200 200 200 200 200 201 201 201 201 201 201 201 201 201 201 201 201 201 201 201 201 201 200 200 200 200 200
181 182 184 185 186 188 189 190 191 192 193 194 196 197 198 199 175 175 176 177 178 179 180 181 181 182 183 184 184 185 186 186 187 187 188 189 189 190 190 191 191 192 192 193 194 195 195 195 196 196 197 197 197 198 198 198 199 199 199 199 200 200 200 200 200 201 201 201 201 201 201 201 201 202 202 202 202 202 202 202 202 202 202 202 202 202 202 202 201 201 201 201 201 201
182 184 185 186 188 189 190 191 192 194 195 196 197 198 199 200 176 177 177 178 179 180 181 182 182 183 184 185 185 186 187 187 188 188 189 190 190 191 191 192 192 193 193 194 194 195 195 195 197 197 198 198 198 199 199 199 199 200 200 200 200 201 201 201 201 201 202 202 202 202 202 202 202 202 203 203 203 203 203 203 203 203 203 203 203 203 203 202 202 202 202 202 202 202
184 185 186 188 189 190 191 192 194 195 196 197 198 199 200 177 177 178 179 179 180 181 182 183 183 184 185 186 186 187 188 188 189 189 190 191 191 192 192 193 193 194 194 195 195 196 196 196 197 197 197 198 199 199 200 200 200 201 201 201 201 202 202 202 202 202 203 203 203 203 203 203 203 203 203 203 204 204 204 204 204 204 204 204 204 203 203 203 203 203 203 203 203 203
185 186 188 189 190 191 193 194 195 196 197 198 199 200 201 177 178 179 180 181 181 182 183 184 184 185 186 187 187 188 189 189 190 190 191 192 192 193 193 194 194 195 195 196 196 196 197 197 198 198 198 199 199 199 200 200 200 201 202 202 202 202 203 203 203 203 203 204 204 204 204 204 204 204 204 204 204 204 204 205 205 205 204 204 204 204 204 204 204 204 204 204 204 204
186 188 189 190 191 193 194 195 196 197 198 199 200 201 202 178 179 180 181 182 182 183 184 185 185 186 187 188 188 189 190 190 191 191 192 193 193 194 194 195 195 196 196 197 197 197 198 198 199 199 199 200 200 200 201 201 201 201 202 202 202 202 203 203 203 204 204 204 205 205 205 205 205 205 205 205 205 205 205 205 205 205 205 205 205 205 205 205 205 205 205 205 205 204
188 189 190 191 193 194 195 196 197 198 199 200 201 202 203 179 180 181 182 183 183 184 185 186 187 187 188 189 189 190 191 191 192 192 193 193 194 195 195 196 196 197 197 197 198 198 199 199 199 200 200 200 201 201 201 202 202 202 203 203 203 203 203 204 204 204 204 204 204 205 205 205 205 205 205 205 205 205 205 205 205 205 205 205 205 205 205 205 205 205 205 205 204 204
189 190 191 193 194 195 196 197 198 199 200 201 202 203 204 180 181 182 183 184 184 185 186 187 188 188 189 190 190 191 192 192 193 193 194 194 195 195 196 196 197 197 198 198 199 199 200 200 200 201 201 201 202 202 202 203 203 203 203 204 204 204 204 204 205 205 205 205 205 205 206 206 206 206 206 206 206 206 206 206 206 206 206 206 206 206 206 206 206 206 206 205 205 205
190 191 193 194 195 196 197 198 200 201 202 203 204 204 205 181 182 183 184 185 185 186 187 188 188 189 190 191 191 192 192 193 194 194 195 195 196 196 197 197 198 198 199 199 200 200 200 201 201 202 202 202 203 203 203 203 204 204 204 204 205 205 205 205 206 206 206 206 206 206 206 206 207 207 207 207 207 207 207 207 207 207 207 207 207 207 207 207 207 206 206 206 206 206
191 193 194 195 196 197 198 200 201 202 203 204 205 206 182 182 183 184 185 186 186 187 188 189 189 190 191 192 192 193 193 194 195 195 196 196 197 197 198 198 199 199 200 200 201 201 201 202 202 202 203 203 203 204 204 204 205 205 205 205 206 206 206 206 206 207 207 207 207 207 207 207 207 207 208 208 208 208 208 208 208 208 208 208 208 208 208 207 207 207 207 207 207 207
193 194 195 196 197 198 200 201 202 203 204 205 206 207 182 183 184 185 186 187 187 188 189 190 190 191 192 192 193 194 194 195 196 196 197 197 198 198 199 199 200 200 201 201 201 202 202 203 203 203 204 204 204 205 205 205 205 206 206 206 206 207 207 207 207 207 208 208 208 208 208 208 208 208 208 208 208 209 209 209 209 209 209 209 208 208 208 208 208 208 208 208 208 208
194 195 196 197 199 200 201 202 203 204 205 206 207 208 183 184 185 186 187 188 188 189 190 191 191 192 193 193 194 195 195 196 196 197 198 198 199 199 200 200 201 201 201 202 202 203 203 203 204 204 204 205 205 205 206 206 206 207 207 207 207 207 208 208 208 208 208 208 209 209 209 209 209 209 209 209 209 209 209 209 209 209 209 209 209 209 209 209 209 209 209 209 209 208
195 196 197 198 200 201 202 203 204 205 206 207 208 209 185 185 186 187 188 189 189 190 191 192 192 193 194 194 195 196 196 197 197 198 198 199 199 200 200 201 201 202 202 203 203 204 204 204 205 205 205 206 206 206 207 207 207 207 208 208 208 208 208 209 209 209 209 209 209 210 210 210 210 210 210 210 210 210 210 210 210 210 210 210 210 210 210 210 210 210 210 210 209 209
196 197 198 200 201 202 203 204 205 206 207 208 209 210 185 186 187 188 189 190 190 191 192 193 193 194 195 195 196 196 197 198 198 199 199 200 200 201 201 202 202 203 203 204 204 204 205 205 205 206 206 206 207 207 207 208 208 208 208 209 209 209 209 209 210 210 210 210 210 210 210 211 211 211 211 211 211 211 211 211 211 211 211 211 211 211 211 211 211 211 210 210 210 210
197 198 200 201 202 203 204 205 206 207 208 209 210 186 186 187 188 189 190 191 191 192 193 193 194 195 195 196 197 197 198 198 199 200 200 201 201 202 202 203 203 204 204 204 205 205 206 206 206 207 207 207 208 208 208 208 209 209 209 209 210 210 210 210 210 211 211 211 211 211 211 211 211 212 212 212 212 212 212 212 212 212 212 212 212 212 212 212 211 211 211 211 211 211
198 199 201 202 203 204 205 206 207 208 209 210 211 187 187 188 189 190 191 191 192 193 194 194 195 196 196 197 198 198 199 199 200 200 201 202 202 203 203 203 204 204 205 205 206 206 206 207 207 207 208 208 208 209 209 209 210 210 210 210 210 211 211 211 211 211 212 212 212 212 212 212 212 212 212 212 212 212 213 213 213 213 213 212 212 212 212 212 212 212 212 212 212 212
199 201 202 203 204 205 206 207 208 209 210 211 212 188 188 189 190 191 192 192 193 194 195 195 196 197 197 198 198 199 200 200 201 201 202 202 203 203 204 204 205 205 206 206 206 207 207 208 208 208 209 209 209 209 210 210 210 211 211 211 211 211 212 212 212 212 212 212 213 213 213 213 213 213 213 213 213 213 213 213 213 213 213 213 213 213 213 213 213 213 213 213 213 212
200 202 203 204 205 206 207 208 209 210 211 212 213 188 189 190 191 192 193 193 194 195 195 196 197 197 198 199 199 200 200 201 202 202 203 203 204 204 205 205 206 206 206 207 207 208 208 208 209 209 209 210 210 210 211 211 211 211 212 212 212 212 212 213 213 213 213 213 213 213 214 214 214 214 214 214 214 214 214 214 214 214 214 214 214 214 214 214 214 214 214 213 213 213
202 203 204 205 206 207 208 209 210 211 212 213 189 189 190 191 192 193 193 194 195 196 196 197 198 198 199 200 200 201 201 202 202 203 204 204 205 205 205 206 206 207 207 208 208 208 209 209 209 210 210 210 211 211 211 212 212 212 212 213 213 213 213 213 214 214 214 214 214 214 214 214 214 215 215 215 215 215 215 215 215 215 215 215 215 215 215 215 214 214 214 214 214 214
203 204 205 206 207 208 209 210 211 212 213 214 189 190 191 192 193 194 194 195 196 196 197 198 199 199 200 200 201 202 202 203 203 204 204 205 205 206 206 207 207 208 208 208 209 209 210 210 210 211 211 211 212 212 212 212 213 213 213 213 214 214 214 214 214 214 215 215 215 215 215 215 215 215 215 215 215 216 216 216 216 216 216 216 215 215 215 215 215 215 215 215 215 215
204 205 206 207 208 209 210 211 212 213 214 215 190 191 192 193 194 194 195 196 197 197 198 199 199 200 201 201 202 202 203 204 204 205 205 206 206 207 207 208 208 208 209 209 210 210 210 211 211 211 212 212 212 213 213 213 213 214 214 214 214 214 215 215 215 215 215 215 216 216 216 216 216 216 216 216 216 216 216 216 216 216 216 216 216 216 216 216 216 216 216 216 216 215
205 206 207 208 209 210 211 212 213 214 215 215 191 192 193 194 195 195 196 197 198 198 199 200 200 201 201 202 203 203 204 204 205 205 206 206 207 207 208 208 209 209 210 210 210 211 211 211 212 212 212 213 213 213 214 214 214 214 215 215 215 215 215 216 216 216 216 216 216 216 217 217 217 217 217 217 217 217 217 217 217 217 217 217 217 217 217 217 217 217 217 216 216 216
206 207 208 209 210 211 212 213 214 215 215 192 192 193 194 195 195 196 197 198 198 199 200 200 201 202 202 203 203 204 205 205 206 206 207 207 208 208 209 209 210 210 210 211 211 211 212 212 213 213 213 213 214 214 214 215 215 215 215 216 216 216 216 216 216 217 217 217 217 217 217 217 217 218 218 218 218 218 218 218 218 218 218 218 218 218 218 218 217 217 217 217 217 217
207 208 209 210 211 212 213 214 215 216 216 192 193 194 195 195 196 197 198 198 199 200 201 201 202 202 203 204 204 205 205 206 206 207 208 208 208 209 209 210 210 211 211 211 212 212 213 213 213 214 214 214 215 215 215 215 216 216 216 216 216 217 217 217 217 217 218 218 218 218 218 218 218 218 218 218 218 218 218 218 218 218 218 218 218 218 218 218 218 218 218 218 218 218
208 209 210 211 212 213 214 215 216 216 217 193 194 195 196 196 197 198 199 199 200 201 201 202 203 203 204 204 205 206 206 207 207 208 208 209 209 210 210 211 211 211 212 212 213 213 213 214 214 214 215 215 215 216 216 216 216 217 217 217 217 217 218 218 218 218 218 218 218 219 219 219 219 219 219 219 219 219 219 219 219 219 219 219 219 219 219 219 219 219 219 219 218 218
222 223 211 212 213 214 215 215 216 217 218 194 195 196 196 197 198 199 199 200 201 202 202 203 203 204 205 205 206 206 207 208 208 209 209 210 210 210 211 211 212 212 213 213 213 214 214 214 215 215 215 216 216 216 217 217 217 217 217 218 218 218 218 218 219 219 219 219 219 219 219 220 220 220 220 220 220 220 220 220 220 220 220 220 220 220 220 220 220 220 219 219 219 219
223 224 225 226 214 215 215 216 217 218 195 195 196 196 197 198 199 200 200 201 202 202 203 204 204 205 205 206 207 207 208 208 209 209 210 210 211 211 212 212 213 213 213 214 214 214 215 215 215 216 216 216 217 217 217 217 218 218 218 218 219 219 219 219 219 219 220 220 220 220 220 220 220 220 220 220 221 221 221 221 221 221 221 221 221 220 220 220 220 220 220 220 220 220
223 224 225 226 227 228 216 217 218 219 195 196 197 197 198 199 200 200 201 202 202 203 204 204 205 206 206 207 207 208 208 209 210 210 211 211 211 212 212 213 213 214 214 214 215 215 216 216 216 217 217 217 217 218 218 218 218 219 219 219 219 220 220 220 220 220 220 220 221 221 221 221 221 221 221 221 221 221 221 221 221 221 221 221 221 221 221 221 221 221 221 221 221 220
224 225 226 227 228 229 230 231 219 220 196 197 197 198 199 200 200 201 202 203 203 204 205 205 206 206 207 208 208 209 209 210 210 211 211 212 212 213 213 214 214 214 215 215 216 216 216 217 217 217 218 218 218 218 219 219 219 219 220 220 220 220 220 221 221 221 221 221 221 221 221 222 222 222 222 222 222 222 222 222 222 222 222 222 222 222 222 222 222 222 221 221 221 221
225 226 227 228 229 230 231 232 233 209 197 197 198 199 200 200 201 202 203 203 204 205 205 206 207 207 208 208 209 209 210 211 211 212 212 212 213 213 214 214 215 215 215 216 216 217 217 217 218 218 218 219 219 219 219 220 220 220 220 221 221 221 221 221 221 222 222 222 222 222 222 222 222 222 222 223 223 223 223 223 223 223 223 223 223 223 222 222 222 222 222 222 222 222
226 227 228 229 230 231 232 233 234 210 210 211 199 200 201 201 202 203 203 204 205 205 206 207 207 208 209 209 210 210 211 211 212 212 213 213 214 214 215 215 215 216 216 217 217 217 218 218 218 219 219 219 219 220 220 220 221 221 221 221 221 222 222 222 222 222 222 223 223 223 223 223 223 223 223 223 223 223 223 223 223 223 223 223 223 223 223 223 223 223 223 223 223 223
227 228 229 230 231 232 233 234 234 210 211 212 213 214 201 202 203 203 204 205 206 206 207 207 208 209 209 210 210 211 211 212 212 213 213 214 214 215 215 216 216 217 217 217 218 218 218 219 219 219 220 220 220 220 221 221 221 221 222 222 222 222 222 223 223 223 223 223 223 223 224 224 224 224 224 224 224 224 224 224 224 224 224 224 224 224 224 224 224 224 224 223 223 223
228 229 230 231 232 233 234 234 211 211 212 213 214 214 215 216 204 204 205 206 206 207 208 208 209 209 210 211 211 212 212 213 213 214 214 215 215 216 216 216 217 217 218 218 218 219 219 219 220 220 220 221 221 221 221 222 222 222 222 223 223 223 223 223 223 224 224 224 224 224 224 224 224 224 224 225 225 225 225 225 225 225 225 225 225 225 224 224 224 224 224 282 282 282
229 230 231 232 233 234 234 235 211 212 213 214 214 215 216 217 217 218 206 206 207 208 208 209 210 210 211 211 212 212 213 213 214 214 215 215 216 216 217 217 217 218 218 219 219 219 220 220 220 221 221 221 222 222 222 222 223 223 223 223 223 224 224 224 224 224 224 224 225 225 225 225 225 225 225 225 225 225 225 225 225 225 225 225 225 225 225 225 283 283 283 283 283 282
230 231 232 232 233 234 235 236 212 213 214 214 215 216 217 217 218 219 219 220 208 208 209 210 210 211 211 212 213 213 214 214 215 215 216 216 216 217 217 218 218 219 219 219 220 220 220 221 221 221 222 222 222 222 223 223 223 223 224 224 224 224 224 225 225 225 225 225 225 225 225 226 226 226 226 226 226 226 226 226 226 226 226 226 226 284 284 284 284 284 283 283 283 283
230 231 232 233 234 235 236 213 213 214 214 215 216 217 217 218 219 220 220 221 222 209 210 210 211 212 212 213 213 214 214 215 215 216 216 217 217 218 218 218 219 219 220 220 220 221 221 221 222 222 222 223 223 223 223 224 224 224 224 225 225 225 225 225 225 226 226 226 226 226 226 226 226 226 226 226 227 227 227 227 227 227 285 285 285 284 284 284 284 284 284 284 284 284
231 232 233 234 235 236 237 213 213 214 215 216 217 217 218 219 220 220 221 222 222 223 224 211 212 212 213 213 214 214 215 216 216 216 217 217 218 218 219 219 220 220 220 221 221 221 222 222 222 223 223 223 224 224 224 224 225 225 225 225 225 226 226 226 226 226 226 226 227 227 227 227 227 227 227 227 227 227 227 285 285 285 285 285 285 285 285 285 285 285 285 285 285 284
232 233 234 235 236 237 238 213 214 215 216 217 217 218 219 220 220 221 222 222 223 224 224 225 225 213 214 214 215 215 216 216 217 217 218 218 219 219 219 220 220 221 221 221 222 222 222 223 223 223 224 224 224 224 225 225 225 225 226 226 226 226 226 227 227 227 227 227 227 227 227 227 228 228 228 228 228 286 286 286 286 286 286 286 286 286 286 286 286 285 285 285 285 285
233 234 235 236 237 237 214 214 215 216 217 217 218 219 220 220 221 222 222 223 224 224 225 226 226 227 227 215 215 216 216 217 217 218 218 219 219 220 220 220 221 221 222 222 222 223 223 223 224 224 224 225 225 225 225 226 226 226 226 226 227 227 227 227 227 227 228 228 228 228 228 228 228 228 286 286 286 286 286 286 286 286 286 286 286 286 286 286 286 286 286 286 286 286
234 235 236 236 237 238 214 215 216 217 217 218 219 220 220 221 222 222 223 224 224 225 226 226 227 227 228 228 229 217 217 218 218 218 219 219 220 220 221 221 221 222 222 223 223 223 224 224 224 225 225 225 225 226 226 226 226 227 227 227 227 227 228 228 228 228 228 228 228 229 229 287 287 287 287 287 287 287 287 287 287 287 287 287 287 287 287 287 287 287 287 287 286 286
235 235 236 237 238 412 215 216 217 217 218 219 220 220 221 222 222 223 224 224 225 226 226 227 227 228 229 229 230 230 231 218 219 219 220 220 221 221 221 222 222 223 223 223 224 224 224 225 225 225 226 226 226 226 227 227 227 227 227 228 228 228 228 228 229 229 229 229 229 287 287 287 287 287 288 288 288 288 288 288 288 288 288 288 288 288 288 287 287 287 287 287 287 287
408 409 410 411 412 389 389 389 390 391 392 393 393 394 395 395 396 397 397 398 399 399 400 401 401 402 402 403 403 404 231 232 219 220 220 221 221 222 222 222 223 223 224 224 224 225 225 225 226 226 226 226 227 227 227 227 228 228 228 228 228 229 229 229 229 229 287 288 288 288 288 288 288 288 288 288 288 288 288 288 288 288 288 288 288 288 288 288 288 288 288 288 288 288
