testData/tiles/oneDegreeCosts/grid29.0-19.0-30.0-20.0.asc
ncols   200
nrows   200
xllcorner   29.0
yllcorner   19.0
cellsize   0.005
NODATA_value   -9999.0
[rows 48 to 95 of 200, columns 96 to 191 of 200]
61 61 61 60 60 60 59 59 59 58 58 58 57 57 57 56 56 56 55 55 54 54 54 53 53 53 52 52 52 51 51 51 50 50 50 49 49 48 48 48 47 47 47 46 46 46 45 45 45 44 44 43 43 43 42 42 42 41 41 41 41 41 41 41 41 41 41 42 42 42 43 43 43 44 39 39 40 40 40 41 41 41 41 42 42 42 43 43 43 43 43 44 44 44 44 45
61 61 61 60 60 60 59 59 59 58 58 57 57 57 56 56 56 55 55 55 54 54 54 53 53 53 52 52 51 51 51 50 50 50 49 49 49 48 48 48 47 47 46 46 46 45 45 45 44 44 44 43 43 43 42 42 41 41 41 41 41 41 41 41 42 42 42 43 43 43 44 44 44 40 40 40 41 41 41 42 42 42 42 43 43 43 43 44 44 44 44 45 45 45 45 46
61 61 60 60 60 59 59 59 58 58 58 57 57 57 56 56 56 55 55 54 54 54 53 53 53 52 52 52 51 51 51 50 50 50 49 49 48 48 48 47 47 47 46 46 46 45 45 45 44 44 43 43 43 42 42 42 41 41 41 41 41 41 42 42 43 43 43 44 44 44 45 45 45 41 41 41 42 42 42 42 43 43 43 44 44 44 44 45 45 45 45 46 46 46 46 46
61 61 60 60 60 59 59 58 58 58 57 57 57 56 56 56 55 55 55 54 54 54 53 53 53 52 52 51 51 51 50 50 50 49 49 49 48 48 48 47 47 46 46 46 45 45 45 44 44 44 43 43 43 42 42 41 41 41 41 42 42 42 43 43 43 44 44 45 45 45 59 46 42 42 42 42 42 43 43 43 44 44 44 44 45 45 45 46 46 46 46 47 47 47 47 47
61 60 60 60 59 59 59 58 58 58 57 57 57 56 56 55 55 55 54 54 54 53 53 53 53 65 65 64 64 64 63 63 63 62 62 61 61 61 60 60 60 59 59 59 58 58 58 57 57 56 56 56 55 55 55 54 54 55 55 55 56 56 57 57 57 58 58 58 59 59 59 60 55 55 56 56 56 57 57 57 58 58 58 58 59 59 59 59 60 60 60 60 61 61 61 61
61 60 60 59 59 59 59 71 71 70 70 70 69 69 69 68 68 68 67 67 67 66 66 66 65 65 64 64 64 63 63 63 62 62 62 61 61 61 60 60 59 59 59 58 58 58 57 57 57 56 56 56 55 55 55 55 55 56 56 56 57 57 57 58 58 59 59 59 60 60 60 56 56 56 57 57 57 58 58 58 58 59 59 59 60 60 60 60 61 61 61 61 62 62 62 62
73 73 73 72 72 72 71 71 71 70 70 70 69 69 68 68 68 67 67 67 66 66 66 65 65 65 64 64 64 63 63 63 62 62 61 61 61 60 60 60 59 59 59 58 58 58 57 57 56 56 56 55 55 56 55 56 56 56 57 57 58 58 58 59 59 59 60 60 61 61 61 57 57 57 58 58 58 59 59 59 59 60 60 60 61 61 61 61 62 62 62 62 63 63 63 63
73 73 72 72 72 71 71 71 70 70 70 69 69 69 68 68 68 67 67 67 66 66 65 65 65 64 64 64 63 63 63 62 62 62 61 61 61 60 60 59 59 59 58 58 58 57 57 57 56 56 56 56 56 57 56 57 57 57 58 58 59 59 59 60 60 60 61 61 61 62 57 57 58 58 58 59 59 59 60 60 60 61 61 61 61 62 62 62 63 63 63 63 63 64 64 64
73 73 72 72 72 71 71 71 70 70 69 69 69 68 68 68 67 67 67 66 66 66 65 65 65 64 64 64 63 63 62 62 62 61 61 61 60 60 60 59 59 59 58 58 58 57 57 56 56 57 56 57 57 57 57 57 58 58 59 59 59 60 60 61 61 61 62 62 62 63 58 58 59 59 59 60 60 60 61 61 61 62 62 62 62 63 63 63 63 64 64 64 64 65 65 65
73 72 72 72 71 71 71 70 70 70 69 69 69 68 68 68 67 67 67 66 66 65 65 65 64 64 64 63 63 63 62 62 62 61 61 61 60 60 59 59 59 58 58 58 57 57 57 57 57 58 57 58 58 57 58 58 59 59 59 60 60 61 61 61 62 62 63 63 63 59 59 59 60 60 60 61 61 61 62 62 62 62 63 63 63 64 64 64 64 65 65 65 65 66 66 66
73 72 72 72 71 71 70 70 70 69 69 69 68 68 68 67 67 67 66 66 66 65 65 65 64 64 64 63 63 62 62 62 61 61 61 60 60 60 59 59 59 58 58 58 57 58 57 58 58 58 58 58 58 59 60 60 61 61 61 62 62 63 63 63 64 64 64 65 65 61 61 61 62 62 62 63 63 63 63 64 64 64 65 65 65 66 66 66 65 66 66 66 66 67 67 67
72 72 72 71 71 71 70 70 70 69 69 69 68 68 68 67 67 66 66 66 65 65 65 65 65 65 64 64 64 63 63 63 62 62 62 61 61 60 60 60 59 59 59 59 59 60 59 60 60 59 60 60 60 60 61 62 62 63 63 64 64 64 65 65 66 66 66 67 62 62 63 63 63 64 64 64 65 65 65 66 66 66 67 67 67 67 67 67 67 68 68 68 68 68 69 69
72 72 71 71 71 71 71 71 70 70 70 69 69 69 68 68 68 67 67 67 66 66 66 65 66 65 65 65 64 64 64 63 63 63 62 62 62 61 61 61 60 61 61 61 61 60 61 61 61 61 62 61 62 62 62 63 63 64 64 65 65 65 66 66 66 67 68 69 64 64 65 65 65 66 66 65 66 66 66 67 67 67 68 68 68 68 69 69 69 69 70 70 70 70 71 71
73 73 72 72 72 71 72 72 71 71 71 70 70 69 69 69 68 68 68 67 67 67 66 66 66 65 66 66 65 65 65 64 64 64 63 63 62 62 62 61 62 62 62 62 63 62 63 63 63 63 64 63 63 64 64 65 65 66 66 66 67 67 68 68 68 69 69 65 65 65 66 66 66 67 67 67 68 68 68 69 69 69 69 70 70 70 71 71 71 71 72 72 72 72 73 73
74 73 73 73 72 72 72 72 72 72 71 71 71 70 70 70 69 69 69 68 68 68 67 67 66 66 66 65 65 65 65 65 65 64 64 64 63 63 64 63 64 64 64 64 64 64 65 64 65 65 64 65 65 66 66 67 67 67 68 68 69 69 69 70 70 71 71 66 67 67 67 68 68 68 69 69 69 70 70 70 71 71 71 72 72 72 72 73 73 73 74 74 74 74 75 75
75 74 74 74 73 73 73 72 72 71 71 71 71 71 71 70 70 70 69 69 69 68 68 68 67 67 67 66 66 66 65 65 64 64 64 64 64 64 64 65 66 65 66 66 66 66 66 66 66 67 66 67 67 68 68 68 69 69 70 70 71 71 71 72 72 73 68 68 69 69 69 70 70 70 71 71 71 72 72 72 73 73 73 74 74 74 74 75 75 75 75 76 76 76 76 77
75 75 75 74 74 74 73 73 73 72 72 72 71 71 71 70 71 71 70 70 69 69 69 68 68 68 67 67 67 66 66 66 65 65 65 65 65 66 65 66 66 66 66 66 66 67 66 67 67 67 67 68 69 69 70 70 71 71 72 72 72 73 73 74 74 74 70 70 71 71 71 72 72 72 73 73 73 74 74 74 75 75 75 75 76 76 76 77 77 76 76 77 77 77 77 78
75 76 75 75 75 74 74 74 73 73 73 72 72 72 71 71 71 70 70 70 69 69 69 69 69 69 68 68 68 67 67 66 66 67 66 67 67 67 67 68 67 68 68 68 68 69 68 69 68 69 69 69 70 70 71 71 72 72 72 73 73 74 74 75 75 71 71 71 71 72 72 73 73 73 74 74 74 75 75 75 75 76 76 76 77 77 77 78 78 78 78 79 79 79 79 80
76 76 75 75 75 74 75 75 74 74 74 73 73 73 72 72 71 71 71 70 70 70 69 69 69 68 68 68 67 67 67 67 67 68 68 69 69 69 69 69 69 70 69 70 70 70 70 70 70 70 71 71 72 72 73 73 74 74 74 75 75 76 76 76 77 72 73 73 73 74 74 74 75 75 75 76 76 76 77 77 77 78 78 78 79 79 79 79 80 80 80 81 81 81 81 81
77 76 76 76 75 75 75 74 74 74 73 73 73 73 73 73 72 72 72 71 71 71 70 70 70 69 69 68 68 68 68 68 69 68 69 69 69 69 70 69 70 70 70 70 71 70 71 70 71 71 72 72 74 74 75 75 75 76 76 77 77 77 78 78 74 74 74 75 75 76 76 76 77 77 77 78 78 78 79 79 79 80 80 80 81 81 81 81 82 81 81 81 82 82 82 82
78 77 77 77 76 76 76 75 75 74 74 74 73 73 73 72 72 72 71 71 71 70 70 70 70 70 70 69 70 70 70 70 71 70 71 70 71 71 71 71 72 71 72 72 72 72 73 72 73 73 74 74 74 75 75 76 76 77 77 78 78 78 79 79 75 75 75 76 76 76 77 77 78 78 78 79 79 79 80 80 80 81 81 81 81 82 82 82 83 83 83 83 84 84 84 84
77 77 77 76 76 76 76 76 76 75 75 75 74 74 74 73 73 73 72 72 72 71 71 70 70 70 70 70 70 70 70 71 71 71 72 71 72 72 73 73 74 73 74 74 74 74 74 74 74 75 75 76 76 77 77 78 78 79 79 79 80 80 81 76 76 77 77 78 78 78 79 79 79 80 80 80 81 81 82 82 82 82 83 83 83 84 84 84 85 85 85 85 86 86 86 86
78 78 77 77 77 76 76 76 75 75 75 74 74 74 73 73 73 73 73 73 72 72 72 71 71 71 71 72 72 72 72 72 72 73 72 73 73 73 73 74 74 74 74 74 74 75 74 75 75 76 76 77 77 78 78 79 79 79 80 80 81 81 81 77 77 78 78 78 79 79 80 80 80 81 81 81 82 82 82 83 83 83 84 84 84 85 85 85 85 86 86 86 87 87 87 87
78 78 78 78 78 77 77 77 76 76 76 75 75 75 74 74 73 73 73 72 72 72 71 71 72 71 72 72 72 72 73 73 74 75 74 75 75 75 75 76 75 76 75 76 76 76 76 77 77 78 78 79 79 79 80 80 81 81 82 82 83 83 79 79 79 80 80 80 81 81 81 82 82 83 83 83 84 84 84 85 85 85 86 86 86 87 87 87 87 88 88 88 88 89 89 89
79 78 78 78 77 77 77 76 76 76 75 75 75 75 75 75 74 74 74 73 73 73 72 73 73 73 74 73 74 74 74 74 75 75 75 75 75 76 76 76 76 77 76 77 77 77 77 78 78 78 79 79 80 80 81 81 82 82 83 83 83 84 79 80 80 80 82 82 83 83 83 84 84 84 85 84 85 85 85 86 86 86 87 87 87 87 88 88 88 89 89 89 89 90 90 90
80 79 79 79 78 78 78 77 77 76 76 76 75 75 75 74 74 74 73 73 73 73 73 74 73 74 74 74 76 76 76 76 77 76 77 77 77 77 77 77 78 77 78 78 78 78 79 79 80 80 81 81 82 82 83 83 84 84 84 85 85 81 81 82 82 82 83 83 84 84 84 85 85 85 86 86 86 87 87 87 88 88 88 89 89 89 90 90 90 90 91 91 91 92 92 92
79 79 79 78 78 78 77 77 77 76 77 77 76 76 76 75 75 75 74 74 75 74 75 74 75 76 75 76 76 76 76 77 77 77 78 77 78 78 78 78 79 78 79 79 79 79 80 80 81 81 82 82 83 83 83 84 84 85 86 87 87 83 83 83 84 84 85 85 85 86 86 87 87 87 88 88 88 89 89 89 90 90 90 90 90 90 91 91 91 91 92 92 92 92 93 93
80 80 79 79 79 78 78 78 77 77 77 76 76 76 75 75 75 74 74 75 75 75 76 75 76 76 76 78 78 78 78 79 78 79 78 79 79 79 79 80 80 80 81 80 81 81 82 82 83 83 83 84 84 85 85 86 86 87 87 88 83 83 84 84 85 85 85 86 86 87 87 87 88 88 89 89 89 90 90 90 91 91 91 92 92 92 92 93 93 93 94 94 94 94 95 95
80 80 79 79 79 78 78 78 77 77 78 77 77 77 76 76 75 75 76 76 76 77 76 77 78 77 78 78 78 78 79 79 79 80 79 80 80 80 80 81 80 81 81 81 81 82 82 83 83 84 84 85 85 86 86 87 87 88 88 88 85 85 86 86 87 87 87 88 88 89 89 89 90 90 90 91 91 91 92 92 93 92 92 92 93 93 93 94 94 94 95 95 95 95 96 96
81 80 80 80 79 79 79 78 78 78 77 77 77 76 76 76 76 76 77 76 77 78 77 78 78 78 79 80 80 80 80 80 81 80 81 82 81 82 82 82 82 83 82 83 83 84 84 85 85 86 86 87 87 88 88 88 89 89 90 86 86 86 87 87 87 88 88 89 89 89 90 90 91 91 91 92 92 92 93 93 93 94 94 94 95 95 95 96 96 96 96 97 97 97 98 98
80 80 80 79 79 79 78 78 78 77 77 78 77 77 77 77 77 78 78 78 79 78 79 80 79 80 80 80 80 81 81 81 82 81 82 82 82 82 83 82 83 83 83 84 84 85 85 86 86 87 87 87 88 88 89 89 90 90 91 86 87 87 87 88 88 89 89 90 90 90 91 91 91 92 92 93 93 93 94 94 94 95 95 95 96 96 96 97 97 97 97 98 98 98 98 99
81 81 81 80 80 80 79 79 79 78 78 78 77 77 78 78 78 79 78 79 80 79 80 80 80 80 80 81 81 81 81 83 82 83 84 83 84 84 84 84 85 84 85 85 86 86 87 87 88 88 89 89 90 90 91 91 92 92 88 88 88 89 89 90 90 91 91 91 92 92 93 93 93 94 94 94 95 95 96 96 96 97 97 97 98 98 98 98 99 99 99 100 100 100 100 101
81 81 80 80 80 79 79 79 78 78 78 77 77 79 79 79 80 79 80 81 80 81 82 81 82 82 82 82 83 83 83 84 83 84 84 84 84 84 85 85 85 85 86 86 87 87 88 88 89 89 90 90 91 91 92 92 93 93 88 89 89 90 90 91 91 91 92 92 93 93 93 94 94 95 95 95 96 96 96 97 97 97 98 98 98 99 99 99 100 100 100 101 101 101 101 102
82 82 81 81 81 80 80 80 79 79 78 79 79 79 79 80 80 80 81 81 81 82 82 82 82 82 83 83 83 83 84 84 84 85 84 85 85 86 86 87 86 87 87 88 88 89 90 90 91 91 91 92 92 93 93 94 94 90 90 91 91 92 92 92 93 93 94 94 95 95 95 96 96 97 97 97 98 98 98 99 99 99 100 100 100 101 101 101 102 102 102 102 103 103 103 104
82 81 81 81 80 80 80 79 79 79 79 79 80 80 80 81 80 82 83 82 83 83 83 84 84 84 84 85 85 85 85 85 86 85 86 86 86 87 87 87 87 88 88 89 89 90 90 91 91 92 92 93 93 94 94 95 95 91 91 92 92 92 93 93 94 94 95 95 95 96 96 97 97 97 98 98 99 99 99 100 100 100 101 101 101 102 102 102 102 103 103 103 104 104 104 104
81 81 81 81 81 81 80 80 80 80 80 81 81 81 82 81 82 83 83 83 84 83 84 84 84 85 85 85 85 86 85 86 87 86 87 87 87 87 88 87 88 89 89 90 90 91 91 92 93 94 94 95 95 96 96 97 93 93 93 93 94 94 95 95 96 96 96 97 97 98 98 99 99 99 100 100 100 101 101 101 102 102 103 103 103 103 104 104 104 105 105 105 106 105 105 105
82 82 82 81 81 81 80 80 81 80 81 82 81 82 83 82 83 83 83 84 84 84 85 84 86 86 86 87 87 87 87 88 87 88 89 88 89 89 89 89 90 90 91 91 92 92 93 93 94 94 95 95 96 96 97 93 93 93 94 94 95 95 96 96 96 97 97 98 98 99 99 99 100 100 101 101 101 102 102 102 103 103 103 104 104 104 105 105 105 106 106 106 106 107 107 107
82 82 81 81 81 80 80 81 81 82 83 82 83 84 83 84 85 84 85 85 85 86 86 86 86 87 87 87 88 87 88 89 88 89 89 89 89 89 90 90 91 91 92 92 93 93 94 94 95 95 96 96 97 97 98 93 94 94 95 95 96 96 96 97 97 98 98 99 99 99 100 100 101 101 101 102 102 103 103 103 104 104 104 105 105 105 106 106 106 107 107 107 107 108 108 108
83 82 82 82 81 81 82 82 82 83 83 83 84 84 84 85 85 85 86 85 86 86 86 87 87 87 87 88 88 88 89 89 89 90 90 91 91 91 91 92 92 93 93 94 95 95 96 96 97 97 98 98 99 99 95 95 96 96 97 97 97 98 98 99 99 100 100 101 101 101 102 102 103 103 103 104 104 104 105 105 106 106 106 107 107 107 108 108 108 108 109 109 109 110 110 110
83 82 82 82 81 82 83 82 83 84 83 84 85 84 85 85 86 87 87 87 88 88 88 88 89 89 89 89 89 90 90 90 91 90 91 91 91 92 92 93 93 94 94 95 95 96 96 97 97 98 98 99 99 100 95 96 96 97 97 98 98 99 99 100 100 101 101 101 102 102 103 103 103 104 104 105 105 105 106 106 106 107 107 107 108 108 108 109 109 109 110 110 110 111 111 111
82 82 82 82 83 84 83 84 85 84 85 86 85 86 87 86 87 87 87 88 88 88 89 89 89 89 90 90 90 91 90 91 91 91 92 92 92 92 93 93 94 95 95 96 96 97 97 98 98 99 99 100 100 97 97 98 98 99 99 100 100 101 101 101 102 102 103 103 104 104 104 105 105 106 106 106 107 107 108 108 108 109 109 109 110 110 110 110 110 110 111 111 111 111 112 112
83 83 82 83 84 84 84 85 85 85 86 86 86 87 87 87 88 87 88 88 88 89 89 89 89 90 90 91 92 92 92 93 92 93 93 93 94 94 95 95 96 96 97 97 98 99 99 100 100 101 101 102 102 98 98 99 99 100 100 101 101 101 102 102 103 103 104 104 105 105 105 106 106 107 107 107 108 108 108 109 109 110 110 110 111 111 111 112 112 112 113 113 113 113 114 114
83 83 83 84 84 84 85 85 85 86 86 86 88 88 88 89 89 89 90 90 90 90 91 91 91 92 91 92 93 92 93 93 93 94 93 94 94 95 95 96 97 97 98 98 99 99 100 100 101 101 102 102 98 98 99 99 100 100 101 101 102 102 103 103 104 104 105 105 105 106 106 107 107 107 108 108 109 109 109 110 110 110 111 111 112 112 112 113 113 113 113 114 114 114 115 115
84 84 85 85 85 86 86 86 87 87 87 88 88 88 89 89 89 90 90 90 91 91 91 91 92 92 92 93 93 93 94 93 94 94 94 95 95 96 96 97 97 98 98 99 100 100 102 102 103 103 104 100 100 100 101 101 102 102 103 103 104 104 105 105 106 106 106 107 107 108 108 109 109 109 110 110 111 111 111 112 112 112 113 113 113 114 114 114 115 115 115 116 116 116 117 116
84 85 85 86 86 86 87 87 87 88 88 88 89 89 89 89 90 90 90 91 91 91 91 92 93 93 94 94 94 95 94 95 96 95 96 96 97 97 98 99 99 100 100 101 101 102 102 103 104 104 105 100 101 101 102 102 103 103 104 104 105 105 105 106 106 107 107 108 108 109 109 109 110 110 111 111 111 112 112 113 113 113 114 114 114 115 115 115 116 116 116 117 117 117 117 118
85 85 86 86 86 87 87 87 88 89 89 90 90 90 91 91 91 92 92 92 93 93 93 94 93 94 95 94 95 96 95 96 96 96 97 97 98 98 99 99 100 101 101 102 102 103 103 104 104 105 101 101 101 102 102 103 103 104 104 105 105 106 106 107 107 108 108 109 109 109 110 110 111 111 111 112 112 113 113 113 114 114 115 115 115 116 116 116 117 117 117 117 118 118 118 119
86 87 87 87 88 88 88 89 89 90 90 90 91 91 91 91 92 92 92 93 93 93 94 94 94 95 95 95 96 96 96 96 96 97 97 98 98 99 100 100 101 101 102 102 104 105 105 106 106 107 102 103 103 104 104 105 105 106 106 107 107 108 108 109 109 110 110 110 111 111 112 112 113 113 113 114 114 115 115 115 116 116 116 117 117 117 118 118 118 119 119 119 120 120 120 121
87 88 87 88 89 88 89 90 90 90 91 91 91 92 92 92 93 92 93 94 93 94 95 95 96 97 96 97 96 97 98 97 98 98 99 100 100 101 101 102 103 103 104 104 105 105 106 106 107 103 103 104 104 105 105 106 106 107 107 108 108 109 109 109 110 110 111 111 112 112 113 113 113 114 114 115 115 115 116 116 117 117 117 118 118 118 119 119 119 120 120 120 121 121 121 121
