testData/tiles/oneDegreeCosts/grid38.0-16.0-39.0-17.0.asc
ncols   200
nrows   200
xllcorner   38.0
yllcorner   16.0
cellsize   0.005
NODATA_value   -9999.0
[rows 0 to 41 of 200, columns 0 to 93 of 200]
282 283 283 284 284 283 284 284 285 286 286 286 286 286 287 287 287 287 288 289 289 289 290 289 289 290 291 291 291 291 291 292 292 292 292 293 294 293 293 294 294 294 294 294 296 296 295 296 296 296 297 296 296 297 298 298 298 298 299 298 298 299 299 299 300 300 300 300 300 300 300 300 301 300 300 302 301 302 302 301 302 302 301 302 302 302 303 303 303 303 303 302 303 302
283 283 282 283 283 283 284 284 286 285 285 286 286 286 286 286 287 288 288 289 288 288 289 289 289 290 290 290 291 291 291 291 291 292 293 292 293 293 293 294 293 294 294 295 295 295 295 296 295 295 296 296 297 297 297 298 297 297 298 298 297 298 299 299 299 299 300 299 299 300 300 300 300 301 300 301 301 301 301 301 301 301 301 301 302 302 302 302 303 302 302 302 302 302
282 282 282 283 283 283 283 284 285 285 285 286 285 285 286 287 287 287 287 288 288 288 289 289 289 290 290 290 290 290 291 291 292 292 292 292 293 292 292 293 293 295 294 294 295 295 294 295 295 295 295 296 297 297 296 297 297 297 297 297 297 299 298 299 299 298 299 299 299 299 299 300 300 300 300 300 300 301 300 300 301 301 301 302 301 301 302 301 302 302 301 302 301 301
282 282 282 282 282 282 284 284 285 284 284 285 285 285 287 286 286 287 287 288 287 287 289 289 289 289 289 289 290 290 290 291 291 292 292 291 292 292 292 293 293 294 294 294 294 294 294 295 295 295 296 296 296 296 296 297 296 296 297 298 297 298 298 298 298 298 299 298 298 300 299 299 300 299 300 300 299 300 300 300 301 301 300 301 301 301 301 301 301 301 301 301 302 301
281 281 281 282 282 283 283 283 284 284 284 285 285 285 286 286 286 287 286 287 287 288 289 288 288 289 289 289 289 289 291 291 291 291 291 291 292 292 292 293 293 294 293 293 294 294 293 294 295 295 295 295 296 296 295 296 296 296 297 297 297 297 297 298 298 297 298 298 298 299 299 298 299 299 298 299 299 299 299 300 300 300 300 300 300 300 300 300 300 300 301 301 301 300
281 281 281 281 282 282 283 283 284 283 283 284 285 285 286 285 285 286 286 287 287 287 288 288 288 288 288 288 289 290 290 290 290 291 291 290 291 292 292 292 292 293 293 293 293 293 293 295 294 294 295 295 294 295 295 295 296 296 297 296 296 297 297 296 297 297 298 298 298 298 298 298 298 298 298 299 299 300 299 299 300 299 299 300 299 299 300 299 301 300 300 301 300 300
280 280 281 282 282 282 282 282 283 283 283 285 284 284 285 285 285 286 286 287 287 287 288 287 287 288 288 289 289 289 289 290 290 290 290 290 292 291 291 292 292 291 292 292 293 294 293 294 294 294 294 294 294 294 294 296 296 295 296 296 296 296 296 296 296 297 298 297 297 298 297 297 298 298 298 299 299 299 299 298 299 299 298 299 299 298 300 299 299 300 299 299 299 299
280 281 281 282 281 281 282 282 282 283 283 284 284 284 285 284 284 285 286 286 286 286 287 287 287 287 288 288 289 289 288 289 289 290 290 290 291 291 291 291 291 291 292 292 293 293 293 293 293 293 294 293 293 295 295 295 295 295 295 295 295 296 296 296 297 296 297 297 296 297 297 297 297 298 298 298 298 297 298 298 298 298 298 298 299 298 299 299 298 299 298 298 298 298
281 280 280 281 281 281 282 282 282 283 283 284 283 283 284 284 285 286 285 285 286 286 287 286 286 288 288 288 288 288 288 289 289 290 290 290 291 290 290 291 291 291 292 292 293 292 292 293 293 292 293 293 294 294 294 294 294 294 295 295 295 296 296 295 296 296 295 296 296 297 296 296 298 297 297 297 297 297 297 297 297 297 298 298 298 298 297 298 298 297 298 297 297 296
280 280 280 281 280 280 281 282 282 282 282 283 283 283 284 284 284 285 285 285 285 285 286 286 287 287 287 287 288 288 287 288 289 290 289 289 290 290 290 290 290 291 292 291 291 292 292 292 292 292 293 293 293 294 293 293 294 294 294 294 295 295 295 295 295 295 295 296 295 295 297 296 297 297 296 297 296 296 297 296 296 298 297 297 297 297 297 297 297 296 296 296 297 296
280 279 279 280 280 280 282 281 281 282 282 283 282 282 284 284 284 284 284 284 285 285 285 286 286 287 287 286 287 287 287 289 288 288 289 289 289 289 289 290 290 290 291 291 290 291 291 292 292 292 293 293 292 293 293 293 293 293 294 294 294 295 294 294 295 294 294 295 296 295 296 296 295 296 295 295 296 295 295 297 296 296 296 296 296 296 296 295 296 296 296 296 296 296
279 279 279 280 280 280 281 281 281 281 281 281 282 283 284 283 283 284 284 284 284 285 285 286 286 286 286 286 287 287 287 288 288 288 288 288 289 289 289 290 290 290 290 290 290 291 291 291 292 292 292 292 292 292 292 292 293 293 293 294 293 293 294 293 294 294 294 295 295 294 295 295 294 295 295 295 295 296 295 296 295 295 296 295 295 295 295 295 295 296 295 295 294 294
279 279 279 279 280 280 281 280 280 281 281 281 282 282 283 283 283 283 283 283 285 285 284 285 285 285 286 286 287 287 287 287 287 287 288 288 288 289 289 290 289 289 290 290 289 290 291 290 291 291 291 291 291 292 292 292 293 293 292 293 293 292 293 293 293 294 294 293 294 294 294 294 294 294 294 295 295 295 294 295 295 294 294 294 294 294 295 295 294 294 294 294 293 293
279 279 279 280 279 279 280 280 280 280 280 281 282 282 281 282 282 283 283 283 284 284 284 285 284 284 285 286 287 286 286 287 287 286 287 287 288 288 288 288 289 288 289 289 289 290 290 290 291 290 290 291 291 291 292 292 292 292 292 292 292 292 292 293 293 293 293 293 293 293 293 293 293 293 294 294 293 294 294 293 294 293 293 294 293 294 293 294 293 293 292 292 292 292
279 279 279 279 279 279 279 279 279 280 281 281 281 281 281 282 282 282 283 283 284 284 283 284 284 284 285 285 285 286 286 286 286 286 288 287 287 288 288 287 288 288 288 289 289 290 290 289 290 290 289 290 291 291 291 291 291 291 291 291 291 291 293 292 292 293 292 292 293 292 292 293 293 293 293 293 293 293 293 292 292 293 292 293 293 293 292 292 292 292 291 291 290 290
279 279 279 279 279 279 279 279 279 280 280 280 281 281 280 281 281 282 283 282 283 283 283 284 284 284 285 285 284 285 285 285 285 286 287 287 287 287 287 287 288 288 288 289 288 288 289 289 289 289 289 290 290 290 291 290 290 291 290 290 292 291 291 292 291 291 292 291 291 292 292 292 292 292 292 292 292 292 292 292 291 293 292 292 291 292 292 291 291 290 291 290 290 290
310 311 279 279 279 279 279 279 279 280 280 279 280 280 280 282 281 281 282 282 282 282 282 283 284 284 284 284 284 285 284 284 286 286 285 286 286 287 286 286 287 288 287 288 288 288 288 288 288 288 289 289 290 289 290 290 289 290 290 290 291 291 290 291 291 290 291 291 290 292 291 291 292 291 291 292 291 291 290 292 291 291 291 291 291 290 291 290 290 289 290 289 289 289
310 311 311 310 279 279 279 279 279 279 279 279 280 280 280 281 281 281 281 281 281 282 283 282 283 283 284 283 283 284 284 285 285 285 285 286 285 285 286 287 287 287 287 287 287 287 288 288 288 289 288 288 289 289 288 289 289 289 290 290 289 290 290 289 290 290 289 291 290 290 291 290 290 291 290 290 290 291 290 290 291 290 290 290 290 289 289 288 290 289 289 288 287 287
309 310 310 310 311 311 279 279 279 279 279 279 279 280 280 281 280 280 281 281 281 282 282 282 283 282 282 283 283 283 284 284 285 284 284 285 285 285 286 286 286 286 286 286 287 286 287 288 287 288 288 287 288 288 288 288 289 289 289 289 289 289 289 289 289 289 289 290 290 289 290 289 289 290 289 289 289 290 290 289 290 289 289 288 289 288 288 288 288 287 287 287 286 286
309 309 309 309 311 311 311 312 279 279 279 279 279 279 279 280 280 280 280 280 281 282 281 281 282 282 282 282 283 283 284 283 284 284 284 284 284 285 286 285 285 286 285 285 286 286 286 287 287 286 287 287 286 287 287 288 288 288 288 288 288 288 288 288 289 289 289 288 289 288 288 289 288 288 289 289 289 288 289 288 288 288 288 287 287 287 288 287 287 286 285 285 285 284
308 308 309 310 311 310 310 311 311 311 311 279 279 279 279 279 279 279 279 280 280 281 281 281 281 281 281 283 282 282 283 283 282 283 283 283 284 284 285 285 284 285 285 285 286 286 286 286 286 286 286 286 286 287 287 287 287 287 287 287 287 287 287 288 288 288 288 287 288 288 287 288 288 288 288 288 288 287 288 287 287 286 286 287 287 286 286 286 285 285 284 284 284 284
308 308 309 309 309 310 310 310 310 310 312 312 311 279 279 279 279 279 279 280 280 279 280 280 281 281 281 282 282 282 282 282 282 283 283 283 284 283 283 284 284 283 284 285 285 285 285 286 285 285 286 286 286 287 286 286 287 286 286 287 286 287 288 287 287 286 287 287 286 287 286 287 287 287 287 286 287 286 286 286 286 286 286 285 286 285 284 284 283 283 283 283 284 284
307 308 309 309 308 309 309 309 310 310 311 311 311 312 311 279 279 279 279 279 279 279 280 279 279 281 281 280 281 281 282 281 281 283 283 282 283 283 283 283 283 283 284 284 284 284 284 284 285 284 285 286 285 285 286 285 285 286 285 285 286 286 286 286 286 286 286 286 285 287 286 286 286 286 286 285 285 285 285 284 285 285 285 284 283 284 283 283 282 282 283 283 283 284
308 307 308 308 308 309 308 308 310 310 310 310 310 310 311 311 312 279 279 279 278 278 279 279 279 280 280 280 280 280 280 281 281 281 282 282 282 282 282 283 283 283 284 283 283 284 283 283 284 284 284 285 284 284 285 284 284 285 285 285 286 285 285 284 285 285 284 285 285 285 286 285 285 284 285 284 284 283 285 284 284 283 283 283 282 282 281 282 282 283 283 283 283 283
307 307 308 307 307 308 308 309 309 309 309 310 310 309 310 311 311 311 311 278 278 278 278 279 279 280 279 279 280 280 280 281 281 281 281 281 281 281 281 282 283 282 282 283 282 282 283 283 283 284 283 283 284 283 283 284 283 284 285 284 284 284 284 284 284 284 284 284 284 284 284 284 284 283 283 283 284 283 283 283 282 282 281 282 281 281 281 282 282 282 283 283 283 283
306 306 306 307 307 307 308 308 309 309 308 309 309 309 311 310 310 311 311 310 278 278 278 278 278 278 279 278 279 279 280 280 280 280 281 280 280 281 281 281 282 282 281 282 282 282 282 283 282 283 283 282 283 283 282 284 283 283 284 283 283 283 283 283 282 284 283 283 284 283 283 282 283 282 282 282 283 282 281 281 281 281 280 280 280 282 282 282 282 282 282 282 282 282
306 306 305 306 306 307 308 307 307 308 308 309 309 309 310 310 309 310 310 310 311 311 278 278 278 277 278 278 278 279 279 279 279 279 279 280 280 280 281 280 281 281 280 281 281 282 282 282 282 281 282 281 281 282 282 282 283 282 282 282 282 282 282 283 282 282 282 282 282 282 282 281 281 282 282 281 280 281 280 280 279 280 280 281 281 281 281 282 282 282 282 282 282 282
305 305 305 306 306 306 307 307 307 307 307 308 309 308 308 309 309 310 310 310 311 311 310 311 277 277 277 278 278 279 278 278 279 278 278 279 280 279 280 280 279 280 280 280 281 281 280 281 281 280 281 281 280 282 282 281 282 281 281 281 281 281 281 282 281 281 282 281 281 280 281 281 281 280 280 280 279 279 279 279 279 279 280 281 281 281 281 281 281 281 282 282 282 283
304 304 304 306 306 306 306 306 306 307 307 307 308 308 308 308 308 308 310 309 309 310 310 309 310 310 277 277 277 278 278 277 278 278 278 279 279 278 279 279 279 279 279 280 280 280 280 280 280 280 279 281 280 280 281 280 280 280 280 280 281 281 280 280 280 280 279 280 279 279 279 280 279 279 278 279 278 278 278 279 280 280 280 280 280 281 281 281 281 281 281 282 282 282
303 304 305 304 305 305 305 305 305 307 307 307 307 307 307 308 308 308 309 309 308 309 309 309 309 310 310 311 277 277 277 277 276 278 278 277 278 278 277 278 278 278 279 279 278 279 279 278 279 279 279 280 280 279 280 279 279 279 279 280 279 280 279 279 279 279 278 278 279 279 278 278 278 278 277 277 278 278 279 279 279 280 280 280 280 280 280 281 281 282 282 282 282 282
303 304 304 304 304 304 304 305 306 305 306 306 306 306 306 306 308 308 308 308 308 309 308 308 310 309 309 310 310 309 276 276 276 277 277 277 277 277 277 277 278 278 278 278 278 278 278 278 277 279 278 278 279 278 278 278 278 278 279 279 278 278 278 278 277 278 277 278 277 278 277 277 276 277 277 277 277 279 279 279 279 279 279 280 280 280 280 281 281 281 281 282 276 276
303 303 303 303 304 304 304 305 305 305 305 305 305 306 306 306 307 307 307 307 307 307 308 308 308 309 308 308 309 309 308 276 276 276 276 276 276 276 276 276 277 277 276 277 277 276 277 277 277 278 278 277 278 277 277 276 278 278 277 278 277 277 276 277 276 276 277 277 276 276 276 276 276 276 277 278 278 278 278 279 279 279 279 279 279 281 281 281 281 281 276 276 276 276
302 302 303 302 302 303 304 303 304 304 305 305 304 305 306 306 306 306 306 307 306 306 308 308 307 308 308 307 308 308 309 309 309 276 276 276 276 276 276 276 276 276 276 276 276 276 277 277 276 276 277 276 276 276 276 276 277 277 276 276 276 276 276 276 276 276 276 276 276 276 276 276 276 276 277 277 278 278 278 278 278 279 279 279 280 280 280 280 276 276 276 276 276 276
301 301 302 302 301 303 303 303 304 303 303 304 304 304 305 305 305 305 305 305 306 306 306 307 306 306 307 307 307 308 308 307 308 308 307 276 276 276 276 276 276 276 276 276 276 276 276 276 276 276 276 276 276 276 276 276 276 276 276 276 276 276 276 276 276 276 276 276 276 276 276 276 277 277 277 277 277 278 278 278 278 278 279 280 280 280 276 276 276 276 276 276 276 276
301 300 301 301 301 303 302 302 303 303 302 303 304 304 304 304 304 305 304 304 306 306 305 306 306 305 306 306 307 307 307 307 307 307 307 307 308 276 276 276 276 276 276 276 276 276 276 276 276 276 276 276 276 276 276 276 276 276 276 276 276 276 276 276 276 276 276 276 276 276 276 276 276 276 277 277 277 277 277 278 279 279 279 279 276 276 276 276 276 276 276 276 276 276
300 300 300 300 301 301 302 301 301 302 302 303 303 303 304 303 303 304 304 304 305 305 304 305 305 305 306 306 306 306 306 306 306 306 307 306 307 307 276 276 276 276 276 276 276 276 276 276 276 276 276 276 276 276 276 276 276 276 276 276 276 276 276 276 276 276 276 276 276 276 276 276 276 276 276 277 277 277 277 278 279 279 276 276 276 276 276 276 276 276 276 276 276 276
299 299 299 301 300 300 301 301 300 301 302 302 302 302 302 303 302 302 304 304 303 304 304 303 304 305 304 305 305 305 305 305 305 306 306 306 306 306 305 306 276 276 276 276 276 276 276 276 276 276 276 276 276 276 276 276 276 276 276 276 276 276 276 276 276 276 276 276 276 276 276 276 276 276 276 276 276 278 278 278 276 276 276 276 276 276 276 276 276 276 276 276 276 276
299 299 299 300 300 299 300 300 300 301 301 301 302 301 301 302 302 302 303 303 302 303 303 303 304 304 304 304 304 304 304 304 305 304 305 305 304 305 304 304 306 305 276 276 276 276 276 276 276 276 276 276 276 276 276 276 276 276 276 276 276 276 276 276 276 276 276 276 276 276 276 276 276 276 276 276 277 277 276 276 276 276 276 276 276 276 276 276 276 276 276 276 276 276
298 299 298 298 299 299 298 299 300 300 300 300 300 301 300 300 302 301 301 302 302 301 302 303 302 303 303 302 303 303 302 304 304 303 304 304 303 304 303 304 305 304 304 276 276 276 276 276 276 276 276 276 276 276 276 276 276 276 276 276 276 276 276 276 276 276 276 276 276 276 276 276 276 276 276 277 276 276 276 276 276 276 276 276 276 276 276 276 276 276 276 276 276 276
298 298 298 297 298 298 298 299 299 299 300 299 299 300 300 300 301 301 300 301 301 301 302 302 302 302 302 302 302 302 302 303 303 302 302 303 302 302 303 303 303 303 303 302 303 276 276 276 276 276 276 276 276 276 276 276 276 276 276 276 276 276 276 276 276 276 276 276 276 276 276 276 276 276 276 276 276 276 276 276 276 276 276 276 276 276 276 276 276 276 276 276 276 276
297 297 297 297 296 297 298 298 298 298 298 299 298 298 300 299 299 300 300 299 300 301 300 301 301 300 301 301 300 302 302 301 302 301 301 302 301 302 302 302 302 301 302 301 301 302 276 276 276 276 276 276 276 276 276 276 276 276 276 276 276 276 276 276 276 276 276 276 276 276 276 276 276 276 276 276 276 276 276 276 276 276 276 276 276 276 276 276 276 276 276 276 276 276
297 296 296 296 296 297 297 297 298 297 297 298 298 298 299 299 298 299 299 298 300 300 299 300 300 299 300 300 300 301 301 300 300 300 300 300 301 301 300 301 300 300 301 300 301 300 301 300 276 276 276 276 276 276 276 276 276 276 276 276 276 276 276 276 276 276 276 276 276 276 276 276 276 276 276 276 276 276 276 276 276 276 276 276 276 276 276 276 276 276 276 276 276 276
