testData/tiles/oneDegreeCosts/grid18.0-24.0-19.0-25.0.asc
ncols   200
nrows   200
xllcorner   18.0
yllcorner   24.0
cellsize   0.005
NODATA_value   -9999.0
[rows 42 to 83 of 200, columns 0 to 93 of 200]
568 567 566 565 564 562 561 560 559 557 556 555 553 552 551 549 548 546 545 543 542 540 538 537 535 533 531 530 528 526 524 522 520 518 515 513 511 508 505 503 500 497 493 490 486 481 476 475 475 450 450 450 450 450 450 450 450 450 450 450 450 529 529 529 529 529 529 529 529 529 529 529 529 529 529 529 529 529 529 529 529 529 529 529 529 529 529 529 529 529 530 530 530 531
569 567 566 565 564 563 561 560 559 558 556 555 554 552 551 549 548 546 545 543 542 540 539 537 535 533 532 530 528 526 524 522 520 518 516 513 511 509 506 503 500 497 494 490 486 482 477 475 475 450 450 450 450 450 450 450 450 450 450 450 450 529 529 529 529 529 529 529 529 529 529 529 529 529 529 529 529 529 529 529 529 529 529 529 529 529 529 529 529 529 530 530 530 531
569 568 566 565 564 563 562 560 559 558 556 555 554 552 551 550 548 547 545 544 542 540 539 537 535 534 532 530 528 526 524 522 520 518 516 514 511 509 506 504 501 498 494 491 487 482 477 475 475 450 450 450 450 450 450 450 450 450 450 450 450 529 529 529 529 529 529 529 529 529 529 529 529 529 529 529 529 529 529 529 529 529 529 529 529 529 529 529 529 529 530 530 531 531
569 568 567 565 564 563 562 560 559 558 557 555 554 553 551 550 548 547 545 544 542 541 539 537 536 534 532 530 529 527 525 523 521 519 516 514 512 509 507 504 501 498 495 491 487 483 478 475 475 450 450 450 450 450 450 450 450 450 450 450 450 529 529 529 529 529 529 529 529 529 529 529 529 529 529 529 529 529 529 529 529 529 529 529 529 529 529 529 529 530 530 530 531 531
569 568 567 566 564 563 562 561 559 558 557 555 554 553 551 550 548 547 546 544 542 541 539 538 536 534 532 531 529 527 525 523 521 519 517 514 512 510 507 504 501 498 495 492 488 484 479 475 475 450 450 450 450 450 450 450 450 450 450 450 450 529 529 529 529 529 529 529 529 529 529 529 529 529 529 529 529 529 529 529 529 529 529 529 529 529 529 529 529 530 530 530 531 531
569 568 567 566 565 563 562 561 560 558 557 556 554 553 552 550 549 547 546 544 543 541 540 538 536 534 533 531 529 527 525 523 521 519 517 515 512 510 507 505 502 499 496 492 488 484 480 475 475 450 450 450 450 450 450 450 450 450 450 450 450 529 529 529 529 529 529 529 529 529 529 529 529 529 529 529 529 529 529 529 529 529 529 529 529 529 529 529 530 530 530 531 531 531
569 568 567 566 565 564 562 561 560 558 557 556 554 553 552 550 549 547 546 544 543 541 540 538 536 535 533 531 529 527 526 524 522 519 517 515 513 510 508 505 502 499 496 493 489 485 480 475 475 475 450 450 450 450 450 450 450 450 450 450 450 529 529 529 529 529 529 529 529 529 529 529 529 529 529 529 529 529 529 529 529 529 529 529 529 529 529 529 530 530 530 531 531 532
570 568 567 566 565 564 562 561 560 559 557 556 555 553 552 551 549 548 546 545 543 542 540 538 537 535 533 531 530 528 526 524 522 520 518 515 513 511 508 505 503 500 496 493 489 485 481 475 475 475 450 450 450 450 450 450 450 450 450 450 450 529 529 529 529 529 529 529 529 529 529 529 529 529 529 529 529 529 529 529 529 529 529 529 529 529 529 529 530 530 531 531 531 532
570 569 567 566 565 564 563 561 560 559 558 556 555 553 552 551 549 548 546 545 543 542 540 539 537 535 533 532 530 528 526 524 522 520 518 516 513 511 508 506 503 500 497 494 490 486 481 476 475 475 450 450 450 450 450 450 450 450 450 450 450 529 529 529 529 529 529 529 529 529 529 529 529 529 529 529 529 529 529 529 529 529 529 529 529 529 529 530 530 530 531 531 531 532
570 569 568 566 565 564 563 562 560 559 558 556 555 554 552 551 549 548 547 545 544 542 540 539 537 535 534 532 530 528 526 524 522 520 518 516 514 511 509 506 503 500 497 494 490 486 482 477 475 475 450 450 450 450 450 450 450 450 450 450 450 529 529 529 529 529 529 529 529 529 529 529 529 529 529 529 529 529 529 529 529 529 529 529 529 529 529 530 530 530 531 531 532 532
570 569 568 567 565 564 563 562 560 559 558 557 555 554 552 551 550 548 547 545 544 542 541 539 537 536 534 532 530 528 527 525 523 520 518 516 514 511 509 506 504 501 498 494 491 487 483 477 475 475 450 450 450 450 450 450 450 450 450 450 450 529 529 529 529 529 529 529 529 529 529 529 529 529 529 529 529 529 529 529 529 529 529 529 529 529 529 530 530 531 531 531 532 532
570 569 568 567 566 564 563 562 561 559 558 557 555 554 553 551 550 548 547 545 544 542 541 539 537 536 534 532 531 529 527 525 523 521 519 516 514 512 509 507 504 501 498 495 491 487 483 478 475 475 450 450 450 450 450 450 450 450 450 450 450 529 529 529 529 529 529 529 529 529 529 529 529 529 529 529 529 529 529 529 529 529 529 529 529 529 530 530 530 531 531 531 532 532
570 569 568 567 566 564 563 562 561 559 558 557 556 554 553 551 550 549 547 546 544 543 541 539 538 536 534 533 531 529 527 525 523 521 519 517 514 512 510 507 504 501 498 495 492 488 484 479 475 475 450 450 450 450 450 450 450 450 450 450 450 529 529 529 529 529 529 529 529 529 529 529 529 529 529 529 529 529 529 529 529 529 529 529 529 529 530 530 530 531 531 532 532 532
571 569 568 567 566 565 563 562 561 560 558 557 556 554 553 552 550 549 547 546 544 543 541 540 538 536 534 533 531 529 527 525 523 521 519 517 515 512 510 507 505 502 499 496 492 488 484 479 475 475 450 450 450 450 450 450 450 450 450 450 450 529 529 529 529 529 529 529 529 529 529 529 529 529 529 529 529 529 529 529 529 529 529 529 529 529 530 530 531 531 531 532 532 533
571 570 568 567 566 565 564 562 561 560 558 557 556 554 553 552 550 549 547 546 544 543 541 540 538 536 535 533 531 529 527 525 523 521 519 517 515 513 510 508 505 502 499 496 492 489 485 480 475 475 450 450 450 450 450 450 450 450 450 450 450 529 529 529 529 529 529 529 529 529 529 529 529 529 529 529 529 529 529 529 529 529 529 529 529 530 530 530 531 531 532 532 532 533
571 570 568 567 566 565 564 562 561 560 559 557 556 555 553 552 550 549 548 546 545 543 541 540 538 537 535 533 531 530 528 526 524 522 520 517 515 513 510 508 505 502 499 496 493 489 485 480 475 475 475 450 450 450 450 450 450 450 450 450 450 450 529 529 529 529 529 529 529 529 529 529 529 529 529 529 529 529 529 529 529 529 529 529 529 530 530 530 531 531 532 532 532 533
571 570 569 567 566 565 564 563 561 560 559 557 556 555 553 552 551 549 548 546 545 543 542 540 538 537 535 533 532 530 528 526 524 522 520 518 515 513 511 508 505 503 500 497 493 489 485 481 475 475 475 450 450 450 450 450 450 450 450 450 450 450 529 529 529 529 529 529 529 529 529 529 529 529 529 529 529 529 529 529 529 529 529 529 529 530 530 531 531 531 532 532 533 533
571 570 569 568 566 565 564 563 561 560 559 558 556 555 554 552 551 549 548 546 545 543 542 540 539 537 535 533 532 530 528 526 524 522 520 518 516 513 511 508 506 503 500 497 494 490 486 481 476 475 475 450 450 450 450 450 450 450 450 450 450 450 529 529 529 529 529 529 529 529 529 529 529 529 529 529 529 529 529 529 529 529 529 529 530 530 530 531 531 532 532 532 533 533
571 570 569 568 567 565 564 563 562 560 559 558 556 555 554 552 551 550 548 547 545 544 542 540 539 537 535 534 532 530 528 526 524 522 520 518 516 514 511 509 506 503 500 497 494 490 486 482 477 475 475 450 450 450 450 450 450 450 450 450 450 450 529 529 529 529 529 529 529 529 529 529 529 529 529 529 529 529 529 529 529 529 529 529 530 530 530 531 531 532 532 532 533 533
571 570 569 568 567 565 564 563 562 560 559 558 557 555 554 552 551 550 548 547 545 544 542 541 539 537 536 534 532 530 528 526 525 523 520 518 516 514 511 509 506 503 501 497 494 491 487 482 477 475 475 450 450 450 450 450 450 450 450 450 450 450 529 529 529 529 529 529 529 529 529 529 529 529 529 529 529 529 529 529 529 529 529 529 530 530 531 531 531 532 532 533 533 533
571 570 569 568 567 566 564 563 562 561 559 558 557 555 554 553 551 550 548 547 545 544 542 541 539 537 536 534 532 530 529 527 525 523 521 518 516 514 512 509 506 504 501 498 494 491 487 483 478 475 475 450 450 450 450 450 450 450 450 450 450 450 529 529 529 529 529 529 529 529 529 529 529 529 529 529 529 529 529 529 529 529 529 530 530 530 531 531 532 532 532 533 533 533
572 570 569 568 567 566 564 563 562 561 559 558 557 555 554 553 551 550 548 547 546 544 542 541 539 538 536 534 532 531 529 527 525 523 521 519 516 514 512 509 507 504 501 498 495 491 487 483 478 475 475 450 450 450 450 450 450 450 450 450 450 450 529 529 529 529 529 529 529 529 529 529 529 529 529 529 529 529 529 529 529 529 529 530 530 530 531 531 532 532 532 533 533 534
572 570 569 568 567 566 565 563 562 561 560 558 557 556 554 553 551 550 549 547 546 544 543 541 539 538 536 534 533 531 529 527 525 523 521 519 517 514 512 510 507 504 501 498 495 492 488 483 479 475 475 450 450 450 450 450 450 450 450 450 450 450 529 529 529 529 529 529 529 529 529 529 529 529 529 529 529 529 529 529 529 529 529 530 530 531 531 531 532 532 533 533 533 534
572 571 569 568 567 566 565 563 562 561 560 558 557 556 554 553 552 550 549 547 546 544 543 541 540 538 536 534 533 531 529 527 525 523 521 519 517 515 512 510 507 504 502 499 495 492 488 484 479 475 475 450 450 450 450 450 450 450 450 450 450 450 529 529 529 529 529 529 529 529 529 529 529 529 529 529 529 529 529 529 529 529 530 530 530 531 531 531 532 532 533 533 533 534
572 571 570 568 567 566 565 564 562 561 560 558 557 556 554 553 552 550 549 547 546 544 543 541 540 538 536 535 533 531 529 527 525 523 521 519 517 515 512 510 507 505 502 499 496 492 488 484 479 475 475 450 450 450 450 450 450 450 450 450 450 450 529 529 529 529 529 529 529 529 529 529 529 529 529 529 529 529 529 529 529 529 530 530 530 531 531 532 532 532 533 533 534 534
572 571 570 568 567 566 565 564 562 561 560 559 557 556 555 553 552 550 549 548 546 545 543 541 540 538 536 535 533 531 529 527 526 524 522 519 517 515 513 510 508 505 502 499 496 492 489 485 480 475 475 450 450 450 450 450 450 450 450 450 450 450 450 529 529 529 529 529 529 529 529 529 529 529 529 529 529 529 529 529 529 529 530 530 531 531 531 532 532 532 533 533 534 534
572 571 570 569 567 566 565 564 563 561 560 559 557 556 555 553 552 551 549 548 546 545 543 542 540 538 537 535 533 531 530 528 526 524 522 520 517 515 513 510 508 505 502 499 496 493 489 485 480 475 475 475 450 450 450 450 450 450 450 450 450 450 450 529 529 529 529 529 529 529 529 529 529 529 529 529 529 529 529 529 529 529 530 530 531 531 531 532 532 533 533 533 534 534
572 571 570 569 567 566 565 564 563 561 560 559 557 556 555 553 552 551 549 548 546 545 543 542 540 538 537 535 533 531 530 528 526 524 522 520 518 515 513 510 508 505 502 500 496 493 489 485 481 475 475 475 450 450 450 450 450 450 450 450 450 450 450 529 529 529 529 529 529 529 529 529 529 529 529 529 529 529 529 529 529 530 530 530 531 531 532 532 532 533 533 534 534 534
572 571 570 569 568 566 565 564 563 561 560 559 558 556 555 554 552 551 549 548 546 545 543 542 540 539 537 535 533 532 530 528 526 524 522 520 518 515 513 511 508 505 503 500 497 493 490 485 481 475 475 475 450 450 450 450 450 450 450 450 450 450 450 529 529 529 529 529 529 529 529 529 529 529 529 529 529 529 529 529 529 530 530 530 531 531 532 532 532 533 533 534 534 534
572 571 570 569 568 566 565 564 563 562 560 559 558 556 555 554 552 551 549 548 546 545 543 542 540 539 537 535 534 532 530 528 526 524 522 520 518 516 513 511 508 506 503 500 497 493 490 486 481 476 475 475 450 450 450 450 450 450 450 450 450 450 450 529 529 529 529 529 529 529 529 529 529 529 529 529 529 529 529 529 529 530 530 531 531 531 532 532 533 533 533 534 534 535
572 571 570 569 568 567 565 564 563 562 560 559 558 556 555 554 552 551 550 548 547 545 544 542 540 539 537 535 534 532 530 528 526 524 522 520 518 516 513 511 508 506 503 500 497 494 490 486 481 476 475 475 450 450 450 450 450 450 450 450 450 450 450 529 529 529 529 529 529 529 529 529 529 529 529 529 529 529 529 529 530 530 530 531 531 531 532 532 533 533 533 534 534 535
572 571 570 569 568 567 565 564 563 562 560 559 558 557 555 554 552 551 550 548 547 545 544 542 540 539 537 535 534 532 530 528 526 524 522 520 518 516 514 511 509 506 503 500 497 494 490 486 482 477 475 475 450 450 450 450 450 450 450 450 450 450 450 529 529 529 529 529 529 529 529 529 529 529 529 529 529 529 529 529 530 530 530 531 531 532 532 532 533 533 534 534 534 535
572 571 570 569 568 567 566 564 563 562 561 559 558 557 555 554 553 551 550 548 547 545 544 542 541 539 537 536 534 532 530 528 526 525 522 520 518 516 514 511 509 506 503 500 497 494 490 487 482 477 475 475 450 450 450 450 450 450 450 450 450 450 450 450 529 529 529 529 529 529 529 529 529 529 529 529 529 529 529 529 530 530 531 531 531 532 532 532 533 533 534 534 534 535
573 571 570 569 568 567 566 564 563 562 561 559 558 557 555 554 553 551 550 548 547 545 544 542 541 539 537 536 534 532 530 529 527 525 523 521 518 516 514 511 509 506 504 501 498 494 491 487 482 477 475 475 450 450 450 450 450 450 450 450 450 450 450 450 529 529 529 529 529 529 529 529 529 529 529 529 529 529 529 529 530 530 531 531 531 532 532 533 533 533 534 534 535 535
573 572 570 569 568 567 566 564 563 562 561 559 558 557 555 554 553 551 550 548 547 545 544 542 541 539 537 536 534 532 530 529 527 525 523 521 518 516 514 512 509 506 504 501 498 494 491 487 483 477 475 475 450 450 450 450 450 450 450 450 450 450 450 450 529 529 529 529 529 529 529 529 529 529 529 529 529 529 529 530 530 530 531 531 532 532 532 533 533 533 534 534 535 535
573 572 570 569 568 567 566 564 563 562 561 559 558 557 556 554 553 551 550 548 547 546 544 542 541 539 538 536 534 532 531 529 527 525 523 521 519 516 514 512 509 507 504 501 498 495 491 487 483 478 475 475 450 450 450 450 450 450 450 450 450 450 450 450 529 529 529 529 529 529 529 529 529 529 529 529 529 529 529 530 530 530 531 531 532 532 532 533 533 534 534 534 535 535
573 572 570 569 568 567 566 565 563 562 561 560 558 557 556 554 553 551 550 549 547 546 544 542 541 539 538 536 534 532 531 529 527 525 523 521 519 516 514 512 509 507 504 501 498 495 491 487 483 478 475 475 450 450 450 450 450 450 450 450 450 450 450 450 529 529 529 529 529 529 529 529 529 529 529 529 529 529 529 530 530 531 531 531 532 532 532 533 533 534 534 534 535 535
573 572 571 569 568 567 566 565 563 562 561 560 558 557 556 554 553 552 550 549 547 546 544 543 541 539 538 536 534 533 531 529 527 525 523 521 519 517 514 512 509 507 504 501 498 495 491 488 483 478 475 475 450 450 450 450 450 450 450 450 450 450 450 450 529 529 529 529 529 529 529 529 529 529 529 529 529 529 529 530 530 531 531 531 532 532 533 533 533 534 534 535 535 535
573 572 571 569 568 567 566 565 563 562 561 560 558 557 556 554 553 552 550 549 547 546 544 543 541 539 538 536 534 533 531 529 527 525 523 521 519 517 514 512 510 507 504 501 498 495 492 488 483 478 475 475 450 450 450 450 450 450 450 450 450 450 450 450 529 529 529 529 529 529 529 529 529 529 529 529 529 529 530 530 530 531 531 531 532 532 533 533 533 534 534 535 535 535
573 572 571 569 568 567 566 565 563 562 561 560 558 557 556 554 553 552 550 549 547 546 544 543 541 540 538 536 534 533 531 529 527 525 523 521 519 517 514 512 510 507 504 501 498 495 492 488 484 479 475 475 450 450 450 450 450 450 450 450 450 450 450 450 450 529 529 529 529 529 529 529 529 529 529 529 529 529 530 530 530 531 531 532 532 532 533 533 534 534 534 535 535 536
573 572 571 570 568 567 566 565 564 562 561 560 558 557 556 554 553 552 550 549 547 546 544 543 541 540 538 536 535 533 531 529 527 525 523 521 519 517 515 512 510 507 504 502 499 495 492 488 484 479 475 475 450 450 450 450 450 450 450 450 450 450 450 450 450 529 529 529 529 529 529 529 529 529 529 529 529 529 530 530 530 531 531 532 532 532 533 533 534 534 534 535 535 536
573 572 571 570 568 567 566 565 564 562 561 560 559 557 556 555 553 552 550 549 547 546 544 543 541 540 538 536 535 533 531 529 527 525 523 521 519 517 515 512 510 507 505 502 499 495 492 488 484 479 475 475 450 450 450 450 450 450 450 450 450 450 450 450 450 529 529 529 529 529 529 529 529 529 529 529 529 529 530 530 531 531 531 532 532 533 533 533 534 534 535 535 535 536
