testData/tiles/oneDegreeCosts/grid6.0-28.0-7.0-29.0.asc
ncols   200
nrows   200
xllcorner   6.0
yllcorner   28.0
cellsize   0.005
NODATA_value   -9999.0
[rows 42 to 83 of 200, columns 94 to 187 of 200]
194 194 194 194 194 194 194 194 194 194 194 194 194 194 194 194 194 194 194 194 194 194 194 194 194 194 194 194 194 194 194 194 194 342 342 341 341 341 341 340 340 340 340 339 339 339 339 339 338 338 338 338 337 337 337 337 336 336 336 336 335 335 335 335 334 334 334 334 334 334 334 334 334 334 334 334 334 334 334 334 334 334 334 334 334 334 334 334 334 334 334 334 334 334
194 194 194 194 194 194 194 194 194 194 194 194 194 194 194 194 194 194 194 194 194 194 194 194 194 194 194 194 194 194 194 194 194 342 342 341 341 341 341 340 340 340 340 339 339 339 339 338 338 338 338 337 337 337 337 337 336 336 336 336 335 335 335 335 334 334 334 334 334 334 334 334 334 334 334 334 334 334 334 334 334 334 334 334 334 334 334 334 334 334 334 334 334 334
194 194 194 194 194 194 194 194 194 194 194 194 194 194 194 194 194 194 194 194 194 194 194 194 194 194 194 194 194 194 194 194 194 194 341 341 341 341 340 340 340 340 340 339 339 339 339 338 338 338 338 337 337 337 337 336 336 336 336 335 335 335 335 335 334 334 334 334 334 334 334 334 334 334 334 334 334 334 334 334 334 334 334 334 334 334 334 334 334 334 334 334 334 334
194 194 194 194 194 194 194 194 194 194 194 194 194 194 194 194 194 194 194 194 194 194 194 194 194 194 194 194 194 194 194 194 194 194 341 341 341 341 340 340 340 340 339 339 339 339 338 338 338 338 338 337 337 337 337 336 336 336 336 335 335 335 335 334 334 334 334 334 334 334 334 334 334 334 334 334 334 334 334 334 334 334 334 334 334 334 334 334 334 334 334 334 334 334
194 194 194 194 194 194 194 194 194 194 194 194 194 194 194 194 194 194 194 194 194 194 194 194 194 194 194 194 194 194 194 194 194 194 341 341 341 340 340 340 340 340 339 339 339 339 338 338 338 338 337 337 337 337 336 336 336 336 336 335 335 335 335 334 334 334 334 334 334 334 334 334 334 334 334 334 334 334 334 334 334 334 334 334 334 334 334 334 334 334 334 334 334 334
194 194 194 194 194 194 194 194 194 194 194 194 194 194 194 194 194 194 194 194 194 194 194 194 194 194 194 194 194 194 194 194 194 194 194 341 341 340 340 340 340 339 339 339 339 339 338 338 338 338 337 337 337 337 336 336 336 336 335 335 335 335 335 334 334 334 334 334 334 334 334 334 334 334 334 334 334 334 334 334 334 334 334 334 334 334 334 334 334 334 334 334 334 334
194 194 194 194 194 194 194 194 194 194 194 194 194 194 194 194 194 194 194 194 194 194 194 194 194 194 194 194 194 194 194 194 194 194 194 341 341 340 340 340 340 339 339 339 339 338 338 338 338 337 337 337 337 337 336 336 336 336 335 335 335 335 334 334 334 334 334 334 334 334 334 334 334 334 334 334 334 334 334 334 334 334 334 334 334 334 334 334 334 334 334 334 334 334
194 194 194 194 194 194 194 194 194 194 194 194 194 194 194 194 194 194 194 194 194 194 194 194 194 194 194 194 194 194 194 194 194 194 194 194 340 340 340 340 339 339 339 339 339 338 338 338 338 337 337 337 337 336 336 336 336 336 335 335 335 335 334 334 334 334 334 334 334 334 334 334 334 334 334 334 334 334 334 334 334 334 334 334 334 334 334 334 334 334 334 334 334 334
194 194 194 194 194 194 194 194 194 194 194 194 194 194 194 194 194 194 194 194 194 194 194 194 194 194 194 194 194 194 194 194 194 194 194 194 340 340 340 340 339 339 339 339 338 338 338 338 338 337 337 337 337 336 336 336 336 335 335 335 335 334 334 334 334 334 334 334 334 334 334 334 334 334 334 334 334 334 334 334 334 334 334 334 334 334 334 334 334 334 334 334 334 334
194 194 194 194 194 194 194 194 194 194 194 194 194 194 194 194 194 194 194 194 194 194 194 194 194 194 194 194 194 194 194 194 194 194 194 194 340 340 340 339 339 339 339 339 338 338 338 338 337 337 337 337 336 336 336 336 336 335 335 335 335 334 334 334 334 334 334 334 334 334 334 334 334 334 334 334 334 334 334 334 334 334 334 334 334 334 334 334 334 334 334 334 334 334
194 194 194 194 194 194 194 194 194 194 194 194 194 194 194 194 194 194 194 194 194 194 194 194 194 194 194 194 194 194 194 194 194 194 194 194 194 340 340 339 339 339 339 338 338 338 338 338 337 337 337 337 336 336 336 336 335 335 335 335 334 334 334 334 334 334 334 334 334 334 334 334 334 334 334 334 334 334 334 334 334 334 334 334 334 334 334 334 334 334 334 334 334 334
194 194 194 194 194 194 194 194 194 194 194 194 194 194 194 194 194 194 194 194 194 194 194 194 194 194 194 194 194 194 194 194 194 194 194 194 194 340 339 339 339 339 339 338 338 338 338 337 337 337 337 336 336 336 336 336 335 335 335 335 334 334 334 334 334 334 334 334 334 334 334 334 334 334 334 334 334 334 334 334 334 334 334 334 334 334 334 334 334 334 334 334 334 334
194 194 194 194 194 194 194 194 194 194 194 194 194 194 194 194 194 194 194 194 194 194 194 194 194 194 194 194 194 194 194 194 194 194 194 194 194 194 339 339 339 339 338 338 338 338 338 337 337 337 337 336 336 336 336 335 335 335 335 335 334 334 334 334 334 334 334 334 334 334 334 334 334 334 334 334 334 334 334 334 334 334 334 334 334 334 334 334 334 334 334 334 334 334
194 194 194 194 194 194 194 194 194 194 194 194 194 194 194 194 194 194 194 194 194 194 194 194 194 194 194 194 194 194 194 194 194 194 194 194 194 194 339 339 339 339 338 338 338 338 337 337 337 337 337 336 336 336 336 335 335 335 335 334 334 334 334 334 334 334 334 334 334 334 334 334 334 334 334 334 334 334 334 334 334 334 334 334 334 334 334 334 334 334 334 334 334 334
194 194 194 194 194 194 194 194 194 194 194 194 194 194 194 194 194 194 194 194 194 194 194 194 194 194 194 194 194 194 194 194 194 194 194 194 194 194 194 339 339 338 338 338 338 338 337 337 337 337 336 336 336 336 335 335 335 335 335 334 334 334 334 334 334 334 334 334 334 334 334 334 334 334 334 334 334 334 334 334 334 334 334 334 334 334 334 334 334 334 334 334 334 334
194 194 194 194 194 194 194 194 194 194 194 194 194 194 194 194 194 194 194 194 194 194 194 194 194 194 194 194 194 194 194 194 194 194 194 194 194 194 194 339 339 338 338 338 338 337 337 337 337 337 336 336 336 336 335 335 335 335 334 334 334 334 334 334 334 334 334 334 334 334 334 334 334 334 334 334 334 334 334 334 334 334 334 334 334 334 334 334 334 334 334 334 334 334
217 217 194 194 194 194 194 194 194 194 194 194 194 194 194 194 194 194 194 194 194 194 194 194 194 194 194 194 194 194 194 194 194 194 194 194 194 194 194 194 338 338 338 338 338 337 337 337 337 336 336 336 336 335 335 335 335 335 334 334 334 334 334 334 334 334 334 334 334 334 334 334 334 334 334 334 334 334 334 334 334 334 334 334 334 334 334 334 334 334 334 334 334 334
217 217 216 216 216 216 194 194 194 194 194 194 194 194 194 194 194 194 194 194 194 194 194 194 194 194 194 194 194 194 194 194 194 194 194 194 194 194 194 194 338 338 338 338 337 337 337 337 337 336 336 336 336 335 335 335 335 334 334 334 334 334 334 334 334 334 334 334 334 334 334 334 334 334 334 334 334 334 334 334 334 334 334 334 334 334 334 334 334 334 334 334 334 334
217 216 216 216 216 216 215 215 215 194 194 194 194 194 194 194 194 194 194 194 194 194 194 194 194 194 194 194 194 194 194 194 194 194 194 194 194 194 194 194 194 338 338 338 337 337 337 337 336 336 336 336 335 335 335 335 335 334 334 334 334 334 334 334 334 334 334 334 334 334 334 334 334 334 334 334 334 334 334 334 334 334 334 334 334 334 334 334 334 334 334 334 334 334
216 216 216 216 216 215 215 215 215 215 214 214 194 194 194 194 194 194 194 194 194 194 194 194 194 194 194 194 194 194 194 194 194 194 194 194 194 194 194 194 194 338 338 337 337 337 337 336 336 336 336 336 335 335 335 335 334 334 334 334 334 334 334 334 334 334 334 334 334 334 334 334 334 334 334 334 334 334 334 334 334 334 334 334 334 334 334 334 334 334 334 334 334 334
216 216 216 216 215 215 215 215 215 214 214 214 214 214 213 213 194 194 194 194 194 194 194 194 194 194 194 194 194 194 194 194 194 194 194 194 194 194 194 194 194 194 337 337 337 337 337 336 336 336 336 335 335 335 335 335 334 334 334 334 334 334 334 334 334 334 334 334 334 334 334 334 334 334 334 334 334 334 334 334 334 334 334 334 334 334 334 334 334 334 334 334 334 334
216 216 216 216 215 215 215 215 215 214 214 214 214 214 213 213 213 213 194 194 194 194 194 194 194 194 194 194 194 194 194 194 194 194 194 194 194 194 194 194 194 194 337 337 337 337 336 336 336 336 336 335 335 335 335 334 334 334 334 334 334 334 334 334 334 334 334 334 334 334 334 334 334 334 334 334 334 334 334 334 334 334 334 334 334 334 334 334 334 334 334 334 334 334
216 216 216 215 215 215 215 215 214 214 214 214 214 213 213 213 213 213 212 212 212 194 194 194 194 194 194 194 194 194 194 194 194 194 194 194 194 194 194 194 194 194 194 337 337 337 336 336 336 336 335 335 335 335 335 334 334 334 334 334 334 334 334 334 334 334 334 334 334 334 334 334 334 334 334 334 334 334 334 334 334 334 334 334 334 334 334 334 334 334 334 334 334 334
216 216 215 215 215 215 215 214 214 214 214 214 213 213 213 213 213 212 212 212 212 212 211 211 194 194 194 194 194 194 194 194 194 194 194 194 194 194 194 194 194 194 194 337 337 336 336 336 336 336 335 335 335 335 334 334 334 334 334 334 334 334 334 334 334 334 334 334 334 334 334 334 334 334 334 334 334 334 334 334 334 334 334 334 334 334 334 334 334 334 334 334 334 334
216 215 215 215 215 215 214 214 214 214 214 213 213 213 213 213 212 212 212 212 212 211 211 211 211 211 210 194 194 194 194 194 194 194 194 194 194 194 194 194 194 194 194 194 337 336 336 336 336 335 335 335 335 335 334 334 334 334 334 334 334 334 334 334 334 334 334 334 334 334 334 334 334 334 334 334 334 334 334 334 334 334 334 334 334 334 334 334 334 334 334 334 334 334
215 215 215 215 215 214 214 214 214 214 213 213 213 213 213 213 212 212 212 212 211 211 211 211 211 210 210 210 210 194 194 194 194 194 194 194 194 194 194 194 194 194 194 194 336 336 336 336 336 335 335 335 335 334 334 334 334 334 334 334 334 334 334 334 334 334 334 334 334 334 334 334 334 334 334 334 334 334 334 334 334 334 334 334 334 334 334 334 334 334 334 334 334 334
215 215 215 215 214 214 214 214 214 214 213 213 213 213 213 212 212 212 212 212 211 211 211 211 211 210 210 210 210 209 209 209 194 194 194 194 194 194 194 194 194 194 194 194 194 336 336 336 335 335 335 335 335 334 334 334 334 334 334 334 334 334 334 334 334 334 334 334 334 334 334 334 334 334 334 334 334 334 334 334 334 334 334 334 334 334 334 334 334 334 334 334 334 334
215 215 215 214 214 214 214 214 214 213 213 213 213 213 212 212 212 212 212 211 211 211 211 211 210 210 210 210 210 209 209 209 209 208 194 194 194 194 194 194 194 194 194 194 194 336 336 335 335 335 335 335 334 334 334 334 334 334 334 334 334 334 334 334 334 334 334 334 334 334 334 334 334 334 334 334 334 334 334 334 334 334 334 334 334 334 334 334 334 334 334 334 334 334
215 215 214 214 214 214 214 214 213 213 213 213 213 212 212 212 212 212 211 211 211 211 211 210 210 210 210 210 209 209 209 209 209 208 208 208 194 194 194 194 194 194 194 194 194 194 336 335 335 335 335 334 334 334 334 334 334 334 334 334 334 334 334 334 334 334 334 334 334 334 334 334 334 334 334 334 334 334 334 334 334 334 334 334 334 334 334 334 334 334 334 334 334 334
215 215 214 214 214 214 214 213 213 213 213 213 212 212 212 212 212 211 211 211 211 211 210 210 210 210 210 209 209 209 209 209 208 208 208 208 208 207 207 194 194 194 194 194 194 194 335 335 335 335 335 334 334 334 334 334 334 334 334 334 334 334 334 334 334 334 334 334 334 334 334 334 334 334 334 334 334 334 334 334 334 334 334 334 334 334 334 334 334 334 334 334 334 334
215 214 214 214 214 214 213 213 213 213 213 212 212 212 212 212 211 211 211 211 211 211 210 210 210 210 209 209 209 209 209 208 208 208 208 208 207 207 207 207 207 194 194 194 194 194 194 335 335 335 334 334 334 334 334 334 334 334 334 334 334 334 334 334 334 334 334 334 334 334 334 334 334 334 334 334 334 334 334 334 334 334 334 334 334 334 334 334 334 334 334 334 334 334
214 214 214 214 214 213 213 213 213 213 212 212 212 212 212 212 211 211 211 211 211 210 210 210 210 210 209 209 209 209 209 208 208 208 208 207 207 207 207 207 206 206 206 194 194 194 194 335 335 335 334 334 334 334 334 334 334 334 334 334 334 334 334 334 334 334 334 334 334 334 334 334 334 334 334 334 334 334 334 334 334 334 334 334 334 334 334 334 334 334 334 334 334 334
214 214 214 214 213 213 213 213 213 212 212 212 212 212 212 211 211 211 211 211 210 210 210 210 210 209 209 209 209 209 208 208 208 208 208 207 207 207 207 207 206 206 206 206 205 194 194 194 335 334 334 334 334 334 334 334 334 334 334 334 334 334 334 334 334 334 334 334 334 334 334 334 334 334 334 334 334 334 334 334 334 334 334 334 334 334 334 334 334 334 334 334 334 334
214 214 214 213 213 213 213 213 213 212 212 212 212 212 211 211 211 211 211 210 210 210 210 210 209 209 209 209 209 208 208 208 208 208 207 207 207 207 207 206 206 206 206 206 205 205 205 194 334 334 334 334 334 334 334 334 334 334 334 334 334 334 334 334 334 334 334 334 334 334 334 334 334 334 334 334 334 334 334 334 334 334 334 334 334 334 334 334 334 334 334 334 334 334
214 214 213 213 213 213 213 213 212 212 212 212 212 211 211 211 211 211 210 210 210 210 210 209 209 209 209 209 208 208 208 208 208 207 207 207 207 207 206 206 206 206 206 205 205 205 205 205 204 334 334 334 334 334 334 334 334 334 334 334 334 334 334 334 334 334 334 334 334 334 334 334 334 334 334 334 334 334 334 334 334 334 334 334 334 334 334 334 334 334 334 334 334 334
214 213 213 213 213 213 213 212 212 212 212 212 211 211 211 211 211 210 210 210 210 210 210 209 209 209 209 209 208 208 208 208 208 207 207 207 207 206 206 206 206 206 205 205 205 205 205 204 204 204 372 334 334 334 334 334 334 334 334 334 334 334 334 334 334 334 334 334 334 334 334 334 334 334 334 334 334 334 334 334 334 334 334 334 334 334 334 334 334 334 334 334 334 334
213 213 213 213 213 213 212 212 212 212 212 211 211 211 211 211 210 210 210 210 210 210 209 209 209 209 209 208 208 208 208 208 207 207 207 207 207 206 206 206 206 206 205 205 205 205 204 204 204 204 372 371 371 334 334 334 334 334 334 334 334 334 334 334 334 334 334 334 334 334 334 334 334 334 334 334 334 334 334 334 334 334 334 334 334 334 334 334 334 334 334 334 334 334
213 213 213 213 213 212 212 212 212 212 211 211 211 211 211 211 210 210 210 210 210 209 209 209 209 209 208 208 208 208 208 207 207 207 207 207 206 206 206 206 206 205 205 205 205 205 204 204 204 204 203 371 371 371 371 334 334 334 334 334 334 334 334 334 334 334 334 334 334 334 334 334 334 334 334 334 334 334 334 334 334 334 334 334 334 334 334 334 334 334 334 334 334 334
213 213 213 212 212 212 212 212 212 211 211 211 211 211 211 210 210 210 210 210 209 209 209 209 209 208 208 208 208 208 207 207 207 207 207 206 206 206 206 206 205 205 205 205 205 204 204 204 204 204 203 371 371 371 370 370 370 334 334 334 334 334 334 334 334 334 334 334 334 334 334 334 334 334 334 334 334 334 334 334 334 334 334 334 334 334 334 334 334 334 334 334 334 334
213 213 212 212 212 212 212 212 211 211 211 211 211 211 210 210 210 210 210 209 209 209 209 209 208 208 208 208 208 207 207 207 207 207 206 206 206 206 206 205 205 205 205 205 204 204 204 204 204 203 203 203 371 371 370 370 370 370 369 334 334 334 334 334 334 334 334 334 334 334 334 334 334 334 334 334 334 334 334 334 334 334 334 334 334 334 334 334 334 334 334 334 334 334
213 212 212 212 212 212 212 211 211 211 211 211 211 210 210 210 210 210 209 209 209 209 209 208 208 208 208 208 208 207 207 207 207 207 206 206 206 206 206 205 205 205 205 204 204 204 204 204 203 203 203 203 203 370 370 370 370 370 369 369 334 334 334 334 334 334 334 334 334 334 334 334 334 334 334 334 334 334 334 334 334 334 334 334 334 334 334 334 334 334 334 334 334 334
212 212 212 212 212 212 211 211 211 211 211 211 210 210 210 210 210 209 209 209 209 209 208 208 208 208 208 208 207 207 207 207 207 206 206 206 206 206 205 205 205 205 205 204 204 204 204 204 203 203 203 203 202 370 370 370 370 369 369 369 369 369 334 334 334 334 334 334 334 334 334 334 334 334 334 334 334 334 334 334 334 334 334 334 334 334 334 334 334 334 334 334 334 334
