testData/tiles/oneDegreeCosts/grid36.0-5.0-37.0-6.0.asc
ncols   200
nrows   200
xllcorner   36.0
yllcorner   5.0
cellsize   0.005
NODATA_value   -9999.0
[rows 42 to 83 of 200, columns 0 to 93 of 200]
153 153 154 153 154 154 154 155 154 155 154 155 155 155 155 155 155 155 156 156 157 157 157 158 158 159 159 160 160 160 161 161 161 161 161 162 162 162 162 162 162 163 163 163 163 163 163 163 163 163 163 163 163 163 163 222 222 222 222 222 222 222 222 222 222 222 221 221 221 221 221 221 220 220 220 220 220 219 219 219 218 218 219 219 218 218 218 217 217 216 216 216 215 215
153 153 154 153 154 155 154 155 154 155 154 155 155 155 155 155 155 156 156 156 157 157 157 158 158 158 159 160 160 160 161 161 161 161 162 162 162 162 162 162 163 163 163 163 163 163 163 163 163 163 163 163 163 222 222 222 222 222 222 222 222 222 222 222 222 222 222 221 221 221 221 221 221 220 220 220 220 219 219 219 219 218 218 218 217 218 218 217 217 217 216 216 215 215
154 153 154 155 154 155 154 155 154 155 155 155 155 155 155 155 155 156 156 156 157 157 157 158 158 158 159 159 159 161 161 161 161 161 162 162 162 162 162 162 163 163 163 163 163 163 163 163 163 163 163 222 222 222 222 222 222 222 222 222 222 222 222 222 222 222 222 221 221 221 221 221 221 220 220 220 220 220 219 219 219 218 218 218 217 217 217 216 216 217 216 216 215 215
154 153 154 155 154 155 154 155 155 155 156 155 156 155 156 155 155 156 156 157 157 157 158 158 158 159 159 159 159 160 160 161 161 162 162 162 162 162 162 163 163 163 163 163 163 163 163 163 163 223 223 223 223 223 223 223 223 223 222 222 222 222 222 222 222 222 222 222 221 221 221 221 221 221 220 220 220 220 219 219 219 219 218 218 218 217 217 217 216 216 215 215 216 215
154 154 154 155 154 155 155 155 156 155 156 155 156 155 156 155 156 156 156 157 157 157 158 158 158 159 159 159 160 160 160 160 160 162 162 162 162 162 163 163 163 163 163 163 163 163 163 223 223 223 223 223 223 223 223 223 223 223 223 223 222 222 222 222 222 222 222 222 222 221 221 221 221 221 220 220 220 220 220 219 219 219 218 218 218 217 217 217 216 216 216 215 215 214
154 155 154 155 155 155 155 155 156 155 156 155 156 155 156 156 156 156 156 157 157 158 158 158 159 159 159 159 160 160 160 160 161 161 161 162 162 163 163 163 163 163 163 163 163 164 223 223 223 223 223 223 223 223 223 223 223 223 223 223 223 223 222 222 222 222 222 222 222 222 221 221 221 221 221 220 220 220 220 219 219 219 219 218 218 218 217 217 216 216 216 215 215 214
154 155 154 155 155 155 156 155 156 156 156 156 156 156 156 156 156 156 157 157 157 158 158 158 159 159 159 160 160 160 160 161 161 161 161 161 162 162 163 163 163 163 163 163 223 223 223 223 223 223 223 223 223 223 223 223 223 223 223 223 223 223 223 222 222 222 222 222 222 222 222 221 221 221 221 221 220 220 220 220 219 219 219 218 218 218 217 217 217 216 216 215 215 214
154 155 155 155 155 155 156 156 156 156 156 156 156 157 156 156 156 156 157 157 157 158 158 158 159 159 159 160 160 160 160 161 161 161 161 161 162 162 162 162 163 163 163 223 223 223 223 223 223 223 223 223 223 223 223 223 223 223 223 223 223 223 223 223 222 222 222 222 222 222 222 221 221 221 221 221 220 220 220 220 219 219 219 218 218 218 217 217 217 216 216 215 215 215
154 155 155 155 156 156 156 156 156 156 156 157 156 157 156 157 156 156 157 157 158 158 158 159 159 159 159 160 160 160 161 161 161 161 161 162 162 162 162 162 162 162 223 223 223 223 223 223 223 223 223 223 223 223 223 223 223 223 223 223 223 223 223 223 223 222 222 222 222 222 222 222 221 221 221 221 221 220 220 220 219 219 219 219 218 218 218 217 217 216 216 216 215 215
154 155 155 156 156 156 156 156 156 156 156 157 156 157 156 157 156 157 157 157 158 158 158 159 159 159 160 160 160 160 161 161 161 161 161 162 162 162 162 162 162 222 222 222 222 223 223 223 223 223 223 223 223 223 223 223 223 223 223 223 223 223 223 223 223 223 222 222 222 222 222 222 221 221 221 221 221 220 220 220 220 219 219 219 218 218 218 217 217 217 216 216 215 215
154 154 154 156 156 156 156 156 157 157 157 157 157 157 156 157 156 157 157 157 158 158 158 159 159 159 160 160 160 160 161 161 161 161 162 162 162 162 162 162 222 222 222 222 222 222 222 223 223 223 223 223 223 223 223 223 223 223 223 223 223 223 223 223 223 223 223 222 222 222 222 222 222 221 221 221 221 220 220 220 220 219 219 219 218 218 218 217 217 217 216 216 215 215
154 155 155 155 155 156 157 156 157 157 157 157 157 157 157 157 156 157 157 158 158 158 159 159 159 160 160 160 160 161 161 161 161 161 162 162 162 162 162 222 222 222 222 222 222 222 222 222 222 222 223 223 223 223 223 223 223 223 223 223 223 223 223 223 223 223 223 223 222 222 222 222 222 221 221 221 221 221 220 220 220 220 219 219 219 218 218 218 217 217 216 216 216 215
154 155 155 155 156 156 156 156 157 157 157 157 157 157 157 157 157 157 157 158 158 158 159 159 159 160 160 160 160 161 161 161 161 162 162 162 162 162 221 222 222 222 222 222 222 222 222 222 222 223 223 223 224 224 224 224 224 224 223 223 223 223 223 223 223 223 223 223 222 222 222 222 222 222 221 221 221 221 220 220 220 220 219 219 219 218 218 218 217 217 216 216 216 215
154 155 155 155 156 156 156 156 156 157 157 157 157 157 157 157 158 157 157 158 158 158 159 159 159 160 160 160 161 161 161 161 161 162 162 162 162 221 222 222 222 222 222 222 222 222 222 223 223 223 223 223 223 223 223 224 224 224 224 224 223 223 223 223 223 223 223 223 223 222 222 222 222 222 221 221 221 221 221 220 220 220 219 219 219 218 218 218 217 217 217 216 216 215
154 155 156 155 156 156 156 156 156 157 157 157 157 157 158 157 158 157 157 158 158 159 159 159 160 160 160 160 161 161 161 161 162 162 162 162 221 222 222 222 222 222 222 222 222 222 223 223 223 223 223 223 223 223 223 223 223 223 224 224 224 223 223 223 223 223 223 223 223 223 222 222 222 222 222 221 221 221 221 220 220 220 220 219 219 219 218 218 217 217 217 216 216 215
155 155 156 155 156 156 156 157 156 157 157 157 157 158 158 157 158 157 158 158 158 159 159 159 160 160 160 160 161 161 161 161 162 162 162 221 221 222 222 222 222 222 222 222 222 223 223 223 223 223 223 223 223 223 223 223 223 223 223 223 224 224 223 223 223 223 223 223 223 223 222 222 222 222 222 221 221 221 221 220 220 220 220 219 219 219 218 218 218 217 217 216 216 216
155 155 156 155 156 157 156 157 156 157 157 157 157 157 157 157 158 157 158 158 158 159 159 159 160 160 160 161 161 161 161 162 162 162 221 221 222 222 222 222 222 222 222 222 223 223 223 223 223 223 223 223 223 223 223 223 223 223 223 223 223 223 223 223 223 223 223 223 223 223 223 222 222 222 222 222 221 221 221 221 220 220 220 219 219 219 218 218 218 217 217 216 216 216
156 155 156 155 156 157 156 157 156 157 157 157 157 157 157 157 157 157 158 158 158 159 159 159 160 160 160 161 161 161 161 162 162 162 221 221 222 222 222 222 222 222 222 223 223 223 223 223 223 223 223 223 223 223 223 223 223 223 223 223 223 223 223 223 222 222 223 223 223 223 223 222 222 222 222 222 221 221 221 221 220 220 220 219 219 219 218 218 218 217 217 217 216 216
156 155 156 156 156 157 156 157 156 157 157 157 157 157 157 157 157 157 157 157 159 159 159 160 160 160 160 161 161 161 161 162 162 221 221 222 222 222 222 222 222 222 223 223 223 223 223 223 223 223 223 223 223 223 223 223 223 223 223 223 223 223 223 223 223 222 222 222 222 223 223 223 222 222 222 222 221 221 221 221 220 220 220 220 219 219 219 218 218 217 217 217 216 216
156 155 156 157 156 157 156 157 157 157 158 157 157 157 157 157 157 157 157 157 158 158 159 160 160 160 161 161 161 161 162 162 221 221 221 222 222 222 222 222 222 222 223 223 223 223 223 223 223 223 223 223 223 223 223 223 223 223 223 223 223 223 223 223 223 222 222 222 222 222 222 222 222 222 222 222 222 221 221 221 221 220 220 220 219 219 219 218 218 218 217 217 216 216
156 156 156 157 156 157 157 157 157 157 158 157 158 157 157 157 157 158 157 157 158 158 158 159 160 160 161 161 161 161 162 162 221 221 222 222 222 222 222 222 222 223 223 223 223 223 223 223 223 223 223 223 223 223 223 223 223 223 223 223 223 223 223 223 223 223 222 222 222 222 222 222 222 221 221 222 222 221 221 221 221 220 220 220 219 219 219 218 218 218 217 217 216 216
156 156 156 157 156 157 157 157 158 157 158 157 158 157 158 157 157 158 157 157 158 158 159 159 159 159 161 161 161 161 162 221 221 221 222 222 222 222 222 222 223 223 223 223 223 223 223 223 223 223 223 223 223 223 223 223 223 223 223 223 223 223 223 223 223 223 223 222 222 222 222 222 222 221 221 221 221 221 221 221 221 220 220 220 220 219 219 218 218 218 217 217 217 216
156 156 156 157 157 157 157 157 158 157 158 157 158 157 158 158 157 158 157 158 158 158 159 159 159 160 160 160 160 162 162 221 221 221 222 222 222 222 222 222 223 223 223 223 223 223 223 223 223 223 223 223 223 223 223 223 223 223 223 223 223 223 223 223 223 223 223 222 222 222 222 222 222 221 221 221 221 221 220 220 220 220 220 220 220 219 219 219 218 218 217 217 217 216
156 157 156 157 157 157 157 157 158 157 158 157 158 157 158 158 158 158 157 158 158 158 159 159 159 160 160 160 160 161 220 221 221 222 222 222 222 222 222 223 223 223 223 223 223 223 223 223 223 223 223 223 223 224 223 223 223 223 223 223 223 223 223 223 223 223 223 223 222 222 222 222 222 222 221 221 221 221 220 220 220 220 219 219 219 219 219 219 218 218 218 217 217 216
156 157 157 157 157 157 158 157 158 157 158 157 158 157 158 158 158 158 157 158 158 158 159 159 159 160 160 160 160 161 220 220 220 222 222 222 222 222 222 223 223 223 223 223 223 223 223 223 223 223 224 224 224 224 224 224 224 223 223 223 223 223 223 223 223 223 223 223 222 223 223 224 224 224 223 223 223 223 221 221 220 220 219 219 219 218 218 218 217 218 218 217 217 216
156 157 157 157 157 157 158 157 158 158 158 157 158 158 158 158 158 158 157 158 158 158 159 159 159 160 160 160 161 220 220 220 220 221 221 221 222 222 223 223 223 223 223 223 223 223 223 223 224 224 224 224 224 224 224 224 224 224 224 223 223 223 223 223 223 223 224 225 225 225 225 226 226 226 225 225 225 225 224 223 222 222 220 219 219 218 218 218 217 217 217 216 217 216
156 157 157 157 157 157 158 158 158 158 158 158 158 158 158 158 158 158 157 158 158 159 159 159 160 160 160 160 161 220 220 220 221 221 221 221 221 221 223 223 223 223 223 223 223 223 223 224 224 224 224 224 224 224 224 224 224 224 224 224 223 223 223 223 224 225 226 227 228 227 228 228 228 228 229 227 227 227 227 225 225 224 223 221 220 219 218 218 217 217 217 216 216 215
155 156 157 157 157 158 158 158 158 158 158 158 158 159 158 158 158 158 158 158 158 159 159 159 160 160 160 160 220 220 220 220 221 221 221 221 221 222 222 222 222 223 223 223 223 223 224 224 224 224 224 224 224 224 224 224 224 224 224 224 224 223 224 225 226 227 228 229 230 230 230 230 230 231 231 230 229 229 229 227 227 226 225 223 222 221 219 218 218 217 217 216 216 216
156 156 156 156 157 158 158 158 158 158 158 159 158 159 158 158 158 158 158 158 158 159 159 159 160 160 160 160 220 220 220 220 221 221 221 221 221 222 222 222 222 222 222 223 223 224 224 224 224 224 224 224 224 224 224 224 224 224 224 224 224 226 226 227 228 229 230 231 232 232 232 232 233 233 233 232 232 231 231 229 229 228 227 225 224 223 221 220 218 217 217 216 216 216
156 156 156 157 157 157 158 158 158 158 158 159 158 159 158 159 158 158 158 158 158 159 159 159 160 160 160 220 220 220 220 220 221 221 221 221 221 222 222 222 222 222 222 222 222 223 224 224 224 224 224 224 224 224 224 224 224 224 224 225 226 227 228 229 230 231 232 233 234 235 234 235 235 235 235 234 234 234 233 233 231 230 229 227 226 225 223 221 220 218 217 217 216 216
156 156 156 157 157 157 157 157 158 158 158 159 158 159 158 159 158 158 158 158 158 159 159 159 160 160 160 220 220 220 220 221 221 221 221 221 222 222 222 222 222 222 222 222 223 223 223 223 223 224 224 224 224 224 224 224 224 224 225 226 228 229 231 231 232 233 234 235 236 237 237 237 237 237 237 237 236 236 235 235 233 232 231 229 228 227 225 223 222 219 218 217 216 216
156 156 156 157 157 157 157 157 157 157 158 159 158 159 158 159 158 158 159 158 159 159 159 160 160 160 160 220 220 220 220 221 221 221 221 221 222 222 222 222 222 222 222 222 223 223 223 223 223 223 223 224 224 224 224 224 224 225 226 228 229 231 232 233 234 235 236 237 238 239 239 239 239 239 240 239 238 238 237 237 235 234 233 232 230 229 227 225 223 221 219 218 216 216
156 156 156 157 157 157 157 157 157 158 158 158 158 159 158 159 158 158 159 158 159 159 159 160 160 160 219 220 220 220 220 221 221 221 221 221 222 222 222 222 222 222 222 223 223 223 223 223 223 223 223 223 223 223 224 224 224 226 228 229 231 232 234 235 236 237 238 239 240 241 241 241 241 242 242 242 240 240 239 239 237 236 235 234 232 230 229 226 225 222 221 219 216 216
156 157 156 157 157 157 157 157 158 158 158 158 158 158 158 159 158 159 159 158 159 159 159 160 160 160 219 220 220 220 220 221 221 221 221 221 222 222 222 222 222 222 222 223 223 223 223 223 223 223 223 223 223 223 223 223 225 227 229 231 232 234 236 237 237 239 240 241 242 243 244 243 244 244 244 244 243 242 242 241 239 238 237 236 233 232 231 228 226 225 222 220 218 216
156 157 156 157 157 157 158 157 158 158 158 158 158 158 158 158 158 159 159 158 159 159 159 160 160 160 220 220 220 220 221 221 221 221 221 222 222 222 222 222 222 222 223 223 223 223 223 223 223 223 223 223 223 223 223 224 226 228 230 231 234 236 237 239 240 241 242 243 244 245 246 246 246 246 246 246 246 244 244 243 242 240 239 238 235 234 232 230 228 226 224 222 219 217
156 157 157 157 157 157 158 157 158 158 158 158 158 158 158 158 158 158 158 158 159 159 159 160 160 160 220 220 220 220 221 221 221 221 221 222 222 222 222 222 222 222 223 223 223 223 223 223 223 223 223 223 223 223 223 225 227 229 231 233 234 236 238 240 242 242 244 245 246 247 248 248 248 248 248 248 248 246 246 245 244 242 241 239 237 235 234 231 229 228 225 223 220 218
156 157 157 157 158 157 158 157 158 158 158 158 158 158 158 158 158 158 158 158 158 158 159 160 160 160 220 220 220 220 221 221 221 221 221 222 222 222 222 222 222 223 223 223 223 223 223 223 223 223 223 223 223 223 224 226 228 230 232 234 236 237 239 241 242 244 245 247 248 249 250 251 250 250 251 250 250 249 248 247 246 244 242 241 238 237 235 232 231 229 226 224 221 219
156 157 157 157 158 157 158 158 158 158 158 158 158 158 159 158 158 158 158 158 158 158 158 159 160 219 220 220 220 220 221 221 221 221 221 222 222 222 222 222 222 223 223 223 223 223 223 223 223 223 223 223 223 223 225 227 229 231 233 235 237 239 241 242 244 245 246 247 249 250 252 253 252 253 253 253 252 251 250 249 248 245 244 242 240 238 237 234 232 230 227 225 223 220
156 157 157 157 158 157 158 158 158 158 158 158 158 158 159 158 158 158 158 158 158 158 158 159 159 218 219 220 220 220 221 221 221 221 222 222 222 222 222 222 222 223 223 223 223 223 223 223 223 223 223 223 223 224 226 228 230 232 234 236 238 240 242 244 245 247 248 249 251 252 253 254 254 255 255 255 254 253 252 251 250 247 246 244 241 240 238 235 233 231 228 226 224 221
156 157 157 157 158 157 158 158 158 158 158 158 158 158 159 158 158 158 158 158 158 158 159 159 159 218 219 219 219 220 221 221 221 221 222 222 222 222 222 222 222 223 223 223 223 223 223 223 223 223 223 223 223 225 227 229 231 233 235 237 239 241 243 245 247 248 249 251 252 254 255 256 256 256 256 256 256 255 254 253 251 249 247 245 244 241 239 237 234 232 229 227 225 222
156 157 157 157 158 157 158 158 158 158 158 158 158 158 159 158 158 158 158 158 158 158 159 159 159 218 219 219 219 220 220 220 221 221 222 222 222 222 222 222 223 223 223 223 223 223 223 223 223 223 223 223 223 225 228 230 232 234 236 238 240 242 244 246 248 250 252 252 254 255 257 258 259 258 258 258 258 257 255 253 253 250 249 247 245 242 240 238 235 233 230 228 226 223
156 157 158 157 158 157 158 158 158 158 158 158 158 158 159 158 158 158 158 158 158 158 159 159 159 218 219 219 219 220 220 220 220 220 222 222 222 222 222 222 223 223 223 223 223 223 223 223 223 223 223 223 224 226 228 230 232 235 237 239 241 243 245 247 249 251 253 254 255 257 258 260 261 260 261 260 260 259 256 255 253 251 249 247 246 243 241 239 236 234 231 229 226 223
