testData/tiles/oneDegreeCosts/grid5.0-11.0-6.0-12.0.asc
ncols   200
nrows   200
xllcorner   5.0
yllcorner   11.0
cellsize   0.005
NODATA_value   -9999.0
[rows 84 to 125 of 200, columns 94 to 187 of 200]
417 418 417 417 417 417 416 416 416 415 415 415 415 414 415 414 413 413 413 413 412 411 412 411 411 411 410 410 409 409 409 408 408 408 407 407 406 405 406 405 404 403 404 403 402 402 402 401 400 400 399 399 398 398 397 396 396 396 395 394 393 393 393 392 391 390 389 389 388 388 387 386 386 385 384 383 382 381 381 380 379 378 378 377 376 376 374 373 372 371 370 369 369 393
418 418 418 418 417 418 417 417 416 417 416 415 416 415 415 414 415 414 413 414 413 413 412 412 412 411 411 411 410 410 409 409 409 408 407 408 407 406 406 406 405 405 404 403 404 403 402 401 402 401 400 399 399 399 398 397 397 396 396 395 394 394 393 393 392 391 390 390 389 389 388 387 386 385 384 384 383 383 382 381 380 380 379 378 377 376 375 374 374 373 372 370 369 368
420 419 419 419 418 418 417 418 417 417 417 417 416 415 416 415 415 415 415 414 413 414 413 413 412 412 412 411 410 411 410 410 409 409 409 408 407 408 407 406 405 406 405 404 404 403 403 403 402 401 401 401 400 399 398 399 398 397 396 395 396 395 394 393 392 391 392 391 390 389 388 387 387 386 386 385 384 383 383 382 381 380 379 378 378 377 376 375 374 373 372 372 371 370
420 419 420 419 419 419 419 418 418 418 417 417 417 417 416 417 416 415 415 415 415 414 413 414 413 413 413 412 412 411 411 411 410 409 410 409 408 408 407 407 407 406 405 406 405 404 403 403 403 402 401 401 400 400 399 399 398 397 397 397 396 395 394 394 393 393 392 391 391 390 389 388 388 387 387 386 385 384 383 382 381 381 380 379 378 377 376 376 375 374 373 372 371 370
421 420 420 420 420 419 420 419 419 418 419 418 417 418 417 417 416 417 416 415 416 415 415 414 414 414 413 412 413 412 412 411 411 411 410 409 410 409 408 408 407 407 406 406 405 405 405 404 403 402 403 402 401 400 400 400 399 398 398 397 397 396 395 394 394 394 393 392 391 390 390 390 389 388 387 386 385 385 384 383 382 381 380 379 379 378 377 376 375 374 373 373 372 371
421 422 421 420 421 420 420 419 420 419 419 419 419 418 417 418 417 417 417 416 416 415 416 415 414 414 414 414 413 412 413 412 411 411 411 410 410 409 409 409 408 407 407 407 406 406 405 405 404 404 403 402 402 402 401 400 399 400 399 398 397 396 397 396 395 394 393 392 392 392 391 390 389 388 388 387 386 385 384 384 384 383 382 381 380 379 378 378 377 376 374 373 372 371
422 422 422 422 421 421 421 420 420 420 420 419 419 419 419 418 418 418 417 417 417 416 416 415 416 415 414 414 414 414 413 412 413 412 411 411 411 410 410 409 409 409 408 407 406 407 406 405 405 404 404 403 403 402 402 401 400 400 399 398 398 398 397 396 395 395 394 394 393 392 391 391 390 389 388 387 387 387 386 385 384 383 382 382 381 380 379 378 377 376 376 375 374 373
422 423 422 422 422 422 421 422 421 421 420 420 420 419 420 419 419 418 418 418 417 417 417 416 416 415 416 415 414 414 414 413 413 412 412 412 411 410 411 410 409 409 409 408 408 407 406 406 406 405 404 403 404 403 402 401 401 401 400 399 399 398 398 397 396 395 395 394 394 393 392 391 390 389 390 389 388 387 386 385 385 384 383 382 381 380 379 379 378 377 376 375 374 373
424 423 423 423 422 422 422 422 421 422 421 421 421 420 420 419 420 419 419 418 418 418 417 417 417 416 416 415 415 415 414 414 414 413 413 412 412 412 411 410 411 410 409 408 408 408 407 407 406 406 405 405 404 403 403 403 402 401 400 400 400 399 398 397 396 397 396 395 394 393 392 392 392 391 390 389 388 388 387 386 385 384 383 383 382 381 380 379 378 377 377 376 375 374
425 424 424 423 424 423 422 423 422 422 421 422 421 421 421 420 420 419 420 419 419 418 418 418 417 417 417 416 416 416 415 415 414 413 414 413 412 412 412 411 411 410 410 410 409 408 407 408 407 406 406 405 405 404 404 403 402 402 401 401 400 399 399 398 398 397 396 395 395 394 394 393 392 391 391 390 389 388 387 386 386 385 384 383 383 382 381 380 379 378 377 376 375 374
425 424 425 424 424 424 424 423 423 423 422 422 422 422 421 421 421 420 420 419 420 419 418 419 418 418 417 417 417 416 416 415 415 415 414 413 414 413 412 412 412 411 410 410 409 409 409 408 407 407 407 406 405 404 405 404 403 402 402 401 401 400 399 399 398 398 397 396 395 395 394 394 393 392 391 390 389 389 388 388 387 386 385 384 384 383 382 381 380 379 378 378 376 375
426 425 425 424 425 424 424 424 424 423 423 423 422 422 422 422 421 421 421 420 420 419 420 419 418 419 418 418 417 416 417 416 415 415 415 414 414 413 413 413 412 411 412 411 410 410 409 409 408 408 407 406 406 406 405 404 403 404 403 402 401 400 401 400 399 398 397 396 397 396 395 394 393 392 392 391 391 390 389 388 388 387 386 385 384 383 382 382 381 380 379 378 377 376
426 426 426 426 425 425 425 424 424 424 424 423 424 423 422 422 422 422 421 421 421 420 420 419 420 419 418 418 418 417 417 416 417 416 415 415 415 414 414 413 413 413 412 411 410 411 410 409 409 408 408 407 407 406 405 405 405 404 403 402 402 402 401 400 399 399 398 398 397 396 395 395 394 393 393 392 391 391 390 389 388 387 386 385 385 384 383 382 381 380 379 379 378 377
427 427 426 426 426 426 425 426 425 424 424 424 424 423 424 423 422 422 422 422 421 421 421 420 420 419 419 419 418 418 418 417 417 416 416 416 415 414 415 414 413 413 412 412 412 411 410 410 410 409 408 407 408 407 406 405 405 405 404 403 403 402 401 401 400 399 399 398 398 397 396 395 394 394 393 393 392 391 390 389 388 388 387 386 385 384 383 382 382 381 380 379 378 377
427 427 427 427 426 427 426 426 425 426 425 424 424 424 424 423 424 423 422 422 422 422 421 420 421 420 420 419 419 419 418 417 418 417 417 416 416 416 415 414 414 414 413 412 412 412 411 411 410 409 409 409 408 407 406 407 406 405 404 404 404 403 402 401 400 400 400 399 398 397 396 396 396 395 394 393 392 391 391 390 389 388 387 386 385 385 384 383 382 381 380 379 379 378
428 428 427 427 427 427 426 427 426 426 425 426 425 424 425 424 424 423 424 423 422 422 422 422 421 420 421 420 420 419 419 419 418 417 418 417 416 416 415 415 415 414 413 414 413 412 411 411 411 410 410 409 408 408 408 407 406 405 405 405 404 403 402 402 402 401 400 399 398 398 398 397 396 395 394 394 393 392 391 390 390 389 389 388 387 386 385 384 383 383 382 381 379 378
429 428 429 428 428 427 427 427 426 427 426 426 425 426 425 424 424 424 424 423 424 423 422 422 422 422 421 420 421 420 419 419 419 418 418 417 417 417 416 415 415 415 414 414 413 412 413 412 411 410 410 410 409 408 408 407 407 406 406 405 404 404 403 403 402 401 400 400 399 399 398 397 396 396 395 394 393 393 392 392 391 390 389 388 387 386 386 385 384 383 382 381 380 380
429 429 429 428 429 428 428 427 428 427 426 427 426 426 425 426 425 424 424 424 424 423 423 423 422 422 422 421 421 420 420 420 419 419 418 418 418 417 416 417 416 415 415 414 414 413 413 412 411 412 411 410 409 409 409 408 407 407 406 406 405 404 404 403 403 402 401 400 400 399 399 398 397 396 395 395 395 394 393 392 391 390 389 389 388 387 386 385 384 383 383 382 381 380
430 429 429 429 429 428 429 428 428 427 428 427 426 427 426 426 425 426 425 424 424 424 424 423 422 423 422 422 421 421 421 420 419 420 419 418 418 418 417 417 416 415 416 415 414 414 413 413 412 412 411 410 411 410 409 408 407 408 407 406 405 405 405 404 403 402 401 401 401 400 399 398 397 396 397 396 395 394 393 392 392 391 390 389 388 387 386 386 385 384 383 382 381 380
430 431 430 429 429 429 429 428 429 428 428 427 428 427 426 427 426 426 425 426 425 424 424 424 424 423 422 423 422 421 421 421 421 420 419 419 419 418 418 417 417 417 416 415 414 415 414 413 413 413 412 411 411 410 409 409 409 408 407 406 407 406 405 404 403 403 403 402 401 400 399 399 399 398 397 396 395 394 394 393 392 391 390 389 389 388 387 386 385 384 383 382 382 381
431 431 430 431 430 430 429 429 429 428 429 428 428 427 428 427 426 426 426 426 425 424 425 424 424 424 423 423 422 422 422 421 421 420 420 420 419 418 419 418 417 417 416 416 416 415 414 413 414 413 412 412 411 411 410 410 409 408 408 407 407 406 405 405 404 404 403 402 401 401 400 400 399 398 397 397 396 395 394 393 392 391 391 391 390 389 388 387 386 386 385 383 382 381
431 431 431 431 430 431 430 430 429 429 429 428 429 428 428 427 428 427 426 426 426 426 425 424 425 424 424 423 423 423 422 421 422 421 421 420 420 420 419 418 418 418 417 416 416 415 415 415 414 413 412 413 412 411 410 410 410 409 408 408 407 407 406 405 405 404 403 403 402 401 401 400 399 399 398 397 396 395 394 394 394 393 392 391 390 389 389 388 387 386 385 384 383 382
431 432 431 431 431 431 430 431 430 430 429 429 429 428 428 428 428 427 428 427 426 426 426 426 425 424 425 424 423 423 422 423 422 421 421 421 420 420 419 419 419 418 417 417 417 416 415 415 414 414 414 413 412 411 412 411 410 409 409 409 408 407 406 406 405 405 404 403 402 402 402 401 400 399 398 397 396 396 396 395 394 393 392 392 391 390 389 388 387 386 385 385 384 383
432 432 431 432 431 431 431 431 430 430 430 430 429 429 429 428 428 428 428 427 426 427 426 426 425 425 425 424 424 424 423 423 422 422 422 421 420 420 420 419 419 418 418 418 417 416 416 416 415 414 414 413 413 412 412 411 410 410 410 409 408 407 407 407 406 405 404 403 404 403 402 401 400 399 399 398 398 397 396 395 394 394 393 392 391 390 389 388 388 387 386 385 384 383
433 433 433 432 432 432 431 431 431 431 430 430 430 430 429 428 429 428 428 428 428 427 426 427 426 426 425 425 425 424 423 423 423 423 422 421 422 421 420 420 420 419 419 418 417 417 417 416 415 415 415 414 413 413 412 412 411 411 410 409 408 408 408 407 406 405 405 405 404 403 402 401 401 400 400 399 398 397 396 396 395 394 393 392 391 390 390 389 388 387 386 385 384 384
434 433 433 433 433 432 432 432 431 431 430 431 430 430 430 430 429 428 429 428 428 427 428 427 426 426 426 425 425 424 425 424 423 423 423 422 422 421 420 421 420 419 419 419 418 418 417 416 416 416 415 414 414 414 413 412 411 411 410 410 409 409 408 407 407 406 406 405 404 403 403 402 401 401 400 399 399 398 397 396 395 394 393 393 392 391 390 389 388 387 387 386 385 384
434 433 434 433 433 432 433 432 432 432 432 431 430 431 430 430 429 430 429 428 428 428 428 427 426 427 426 426 425 425 425 424 423 424 423 422 422 422 421 421 420 419 420 419 418 418 417 417 417 416 415 414 415 414 413 412 412 412 411 410 410 409 409 408 407 406 406 405 405 404 403 402 402 401 401 400 399 398 397 396 395 395 394 393 393 392 391 390 390 389 388 386 385 384
434 434 434 433 434 433 433 432 433 432 432 431 432 431 430 431 430 430 429 430 429 428 428 428 428 427 426 427 426 425 425 425 425 424 423 423 423 422 422 421 421 421 420 419 419 419 418 417 417 416 416 415 415 414 413 414 413 412 411 410 411 410 409 408 407 407 407 406 405 404 403 403 403 402 401 400 399 398 397 397 396 396 395 394 393 392 392 391 390 389 388 387 386 386
435 435 434 434 434 433 433 433 433 432 433 432 432 431 431 431 430 430 430 430 429 428 429 428 428 427 427 427 426 426 426 425 425 424 424 424 423 422 422 422 421 421 420 420 420 419 418 418 418 417 416 416 415 415 414 414 413 412 411 412 411 410 409 408 409 408 407 406 405 404 405 404 403 402 401 400 399 399 398 398 397 396 395 395 394 393 392 391 390 389 388 388 387 386
435 435 435 435 434 434 434 433 433 433 433 432 432 432 432 431 430 431 430 430 429 430 429 428 428 428 428 427 426 427 426 425 425 425 424 424 423 424 423 422 422 421 421 420 420 419 418 419 418 417 416 416 416 415 415 414 413 413 412 412 411 410 409 409 409 408 407 406 406 406 405 404 403 402 401 401 400 400 399 398 397 397 396 395 394 393 392 391 391 390 389 388 387 386
435 436 435 435 434 435 434 434 434 433 433 432 433 432 432 432 432 431 430 431 430 430 429 429 429 428 428 428 427 427 426 426 426 425 425 424 424 424 423 422 422 422 421 421 420 420 419 419 418 417 418 417 416 415 415 415 414 413 413 412 411 411 410 410 409 408 407 407 407 406 405 404 403 403 402 401 401 400 399 399 398 397 396 395 394 393 393 392 391 390 389 388 387 386
436 436 435 436 435 435 434 435 434 434 433 433 433 432 433 432 432 431 432 431 430 430 430 430 429 428 429 428 428 427 427 427 426 425 425 425 424 424 423 423 423 422 421 421 421 420 420 419 418 418 418 417 416 415 416 415 414 413 413 413 412 411 411 410 409 409 408 407 407 406 405 405 404 403 402 402 401 401 400 399 398 397 396 395 395 394 393 392 391 390 389 388 388 387
436 436 436 436 435 435 435 435 434 435 434 434 433 433 433 432 432 432 432 431 430 431 430 430 429 429 429 428 428 428 427 427 426 426 426 425 424 424 424 424 423 422 422 422 421 420 420 420 419 419 418 417 417 417 416 415 414 414 414 413 412 411 411 411 410 409 408 408 407 407 406 405 404 403 403 403 402 401 400 399 398 397 397 396 395 394 393 392 391 391 390 389 388 387
437 437 437 436 435 436 435 435 435 435 434 434 434 434 433 432 433 432 432 431 432 431 430 430 430 430 429 428 429 428 427 427 427 427 426 425 425 425 424 424 423 423 423 422 421 420 421 420 419 419 418 418 417 417 416 415 415 415 414 413 412 412 412 411 410 409 409 409 408 407 406 405 404 404 404 403 402 401 400 399 399 398 397 396 395 395 394 394 393 392 391 389 388 387
438 437 437 436 437 436 435 436 435 435 434 435 434 434 433 434 433 432 432 432 432 431 430 431 430 430 429 429 429 428 428 428 427 427 426 426 426 425 424 424 424 423 423 422 421 422 421 420 419 419 419 418 418 417 416 416 416 415 414 413 413 413 412 411 410 409 410 409 408 407 406 405 406 405 404 403 402 401 401 400 399 398 398 397 396 396 395 394 393 392 391 390 389 389
438 437 437 437 437 436 437 436 435 435 435 435 434 434 434 434 433 432 433 432 432 431 432 431 430 430 430 430 429 428 429 428 427 427 427 426 426 425 424 425 424 423 423 423 422 422 421 420 421 420 419 418 418 418 417 416 416 415 414 414 414 413 412 411 411 411 410 409 408 407 407 407 406 405 404 403 402 402 401 400 400 399 398 397 397 396 395 394 393 392 391 391 390 389
438 437 438 437 437 437 437 436 436 436 435 435 434 435 434 434 433 434 433 432 433 432 432 431 430 431 430 430 429 429 429 428 427 428 427 427 426 426 426 425 424 424 424 423 422 422 421 421 421 420 419 419 419 418 417 417 416 416 415 414 414 413 412 412 411 411 410 409 408 408 408 407 406 405 404 404 403 402 401 401 400 399 399 398 397 396 395 394 393 393 392 391 390 389
438 438 438 437 437 437 437 436 437 436 436 435 435 435 434 434 434 434 433 433 433 432 432 432 432 431 430 430 430 429 429 428 429 428 427 427 427 426 426 425 424 425 424 423 423 422 422 421 421 420 419 420 419 418 417 417 417 416 415 415 414 414 413 412 412 411 410 410 409 408 408 407 406 406 405 404 403 402 402 401 401 400 399 398 397 396 395 395 394 393 392 391 390 389
439 438 438 437 438 437 437 437 437 436 436 436 436 435 434 435 434 434 433 434 433 432 433 432 432 431 430 431 430 430 429 429 429 428 427 428 427 426 426 425 425 425 424 423 423 423 422 422 421 420 420 420 419 418 417 418 417 416 415 415 415 414 413 413 412 411 411 410 409 409 408 407 407 406 405 404 404 403 402 402 401 400 399 398 397 396 396 395 394 393 392 391 390 390
439 439 438 438 438 437 438 437 437 436 437 436 436 435 436 435 434 434 434 434 433 432 433 432 432 431 431 431 430 430 430 429 429 428 428 428 427 427 426 426 426 425 424 424 424 423 422 422 422 421 421 420 419 418 419 418 417 416 416 416 415 414 413 413 412 412 411 410 410 409 408 408 407 406 405 404 404 404 403 402 401 400 399 398 398 397 396 395 394 393 392 392 391 390
439 439 439 439 438 438 438 437 437 437 437 436 436 436 436 435 434 435 434 434 433 434 433 432 432 432 432 431 430 431 430 429 429 429 429 428 427 427 427 426 426 425 425 425 424 423 422 423 422 421 421 420 420 419 419 418 417 416 417 416 415 414 414 414 413 412 411 410 410 410 409 408 407 406 405 405 405 404 403 402 401 400 400 399 398 397 396 395 394 393 393 392 391 390
439 440 439 439 438 439 438 438 438 437 437 436 437 436 436 435 436 435 434 434 434 434 433 432 433 432 432 431 431 431 430 430 430 429 429 428 427 428 427 426 426 426 425 425 424 423 424 423 422 421 421 421 420 420 419 418 417 417 417 416 415 414 415 414 413 412 411 411 411 410 409 408 407 406 407 406 405 404 403 402 401 401 400 399 398 397 396 395 395 394 393 392 391 390
