testData/tiles/oneDegreeCosts/grid24.0-23.0-25.0-24.0.asc
ncols   200
nrows   200
xllcorner   24.0
yllcorner   23.0
cellsize   0.005
NODATA_value   -9999.0
[rows 42 to 83 of 200, columns 94 to 187 of 200]
432 432 432 432 432 432 432 432 432 432 432 432 432 609 609 621 622 622 622 622 623 623 623 623 624 624 624 624 624 625 625 625 625 626 626 626 626 626 627 627 627 627 627 627 628 628 628 628 628 628 628 629 629 629 629 629 629 629 629 629 629 630 630 630 630 630 630 630 630 630 630 630 630 630 630 630 630 630 629 629 629 629 629 629 629 629 629 629 628 628 628 628 628 628
432 432 432 432 432 432 432 432 432 432 432 551 552 564 564 564 565 565 565 565 565 566 566 566 566 567 567 567 567 567 568 568 568 568 569 569 569 569 569 569 570 570 570 570 570 570 571 571 571 571 571 571 571 572 572 572 572 572 572 572 572 572 572 572 572 572 572 572 572 572 572 572 572 572 572 572 572 572 572 572 572 572 572 572 572 572 571 571 571 571 571 571 571 570
432 432 432 432 432 432 432 432 550 551 551 563 563 564 564 564 564 565 565 565 565 566 566 566 566 566 567 567 567 567 567 568 568 568 568 568 569 569 569 569 569 570 570 570 570 570 570 571 571 571 571 571 571 571 571 571 572 572 572 572 572 572 572 572 572 572 572 572 572 572 572 572 572 572 572 572 572 572 572 572 572 572 572 571 571 571 571 571 571 571 571 571 570 570
432 432 432 432 432 432 550 550 550 562 563 563 563 563 564 564 564 564 565 565 565 565 566 566 566 566 566 567 567 567 567 567 568 568 568 568 568 569 569 569 569 569 569 570 570 570 570 570 570 571 571 571 571 571 571 571 571 571 571 572 572 572 572 572 572 572 572 572 572 572 572 572 572 572 572 572 572 572 572 572 571 571 571 571 571 571 571 571 571 571 570 570 570 570
432 432 432 432 549 549 550 562 562 562 563 563 563 563 564 564 564 564 564 565 565 565 565 566 566 566 566 566 567 567 567 567 567 568 568 568 568 568 569 569 569 569 569 569 570 570 570 570 570 570 570 570 571 571 571 571 571 571 571 571 571 571 571 571 571 572 572 572 572 572 572 572 572 572 571 571 571 571 571 571 571 571 571 571 571 571 571 570 570 570 570 570 570 570
432 432 548 549 549 561 561 562 562 562 562 563 563 563 563 564 564 564 564 564 565 565 565 565 566 566 566 566 566 567 567 567 567 567 568 568 568 568 568 568 569 569 569 569 569 569 570 570 570 570 570 570 570 570 571 571 571 571 571 571 571 571 571 571 571 571 571 571 571 571 571 571 571 571 571 571 571 571 571 571 571 571 571 571 571 570 570 570 570 570 570 570 570 569
548 548 548 560 561 561 561 561 562 562 562 562 563 563 563 563 564 564 564 564 564 565 565 565 565 566 566 566 566 566 567 567 567 567 567 568 568 568 568 568 568 569 569 569 569 569 569 569 570 570 570 570 570 570 570 570 570 570 571 571 571 571 571 571 571 571 571 571 571 571 571 571 571 571 571 571 571 571 571 571 571 570 570 570 570 570 570 570 570 570 570 569 569 569
548 548 560 560 561 561 561 561 562 562 562 562 562 563 563 563 563 564 564 564 564 565 565 565 565 565 566 566 566 566 566 567 567 567 567 567 567 568 568 568 568 568 568 569 569 569 569 569 569 569 570 570 570 570 570 570 570 570 570 570 570 570 571 571 571 571 571 571 571 571 571 571 571 571 571 571 571 570 570 570 570 570 570 570 570 570 570 570 570 569 569 569 569 569
559 560 560 560 560 561 561 561 561 562 562 562 562 563 563 563 563 563 564 564 564 564 565 565 565 565 565 566 566 566 566 566 567 567 567 567 567 567 568 568 568 568 568 568 568 569 569 569 569 569 569 569 569 570 570 570 570 570 570 570 570 570 570 570 570 570 570 570 570 570 570 570 570 570 570 570 570 570 570 570 570 570 570 570 570 570 569 569 569 569 569 569 569 569
559 559 560 560 560 560 561 561 561 561 562 562 562 562 563 563 563 563 563 564 564 564 564 565 565 565 565 565 566 566 566 566 566 566 567 567 567 567 567 567 568 568 568 568 568 568 568 569 569 569 569 569 569 569 569 569 570 570 570 570 570 570 570 570 570 570 570 570 570 570 570 570 570 570 570 570 570 570 570 570 570 570 570 569 569 569 569 569 569 569 569 569 568 568
559 559 560 560 560 560 561 561 561 561 561 562 562 562 562 563 563 563 563 563 564 564 564 564 564 565 565 565 565 565 566 566 566 566 566 567 567 567 567 567 567 568 568 568 568 568 568 568 568 569 569 569 569 569 569 569 569 569 569 569 570 570 570 570 570 570 570 570 570 570 570 570 570 570 570 570 570 570 570 569 569 569 569 569 569 569 569 569 569 569 568 568 568 568
559 559 559 560 560 560 560 561 561 561 561 561 562 562 562 562 563 563 563 563 563 564 564 564 564 564 565 565 565 565 565 566 566 566 566 566 566 567 567 567 567 567 567 568 568 568 568 568 568 568 568 569 569 569 569 569 569 569 569 569 569 569 569 569 569 569 569 569 569 569 569 569 569 569 569 569 569 569 569 569 569 569 569 569 569 569 569 569 568 568 568 568 568 568
559 559 559 559 560 560 560 560 561 561 561 561 562 562 562 562 562 563 563 563 563 563 564 564 564 564 564 565 565 565 565 565 566 566 566 566 566 566 567 567 567 567 567 567 567 568 568 568 568 568 568 568 568 568 569 569 569 569 569 569 569 569 569 569 569 569 569 569 569 569 569 569 569 569 569 569 569 569 569 569 569 569 569 569 569 568 568 568 568 568 568 568 568 568
559 559 559 559 559 560 560 560 560 561 561 561 561 562 562 562 562 562 563 563 563 563 563 564 564 564 564 564 565 565 565 565 565 565 566 566 566 566 566 566 567 567 567 567 567 567 567 568 568 568 568 568 568 568 568 568 568 568 569 569 569 569 569 569 569 569 569 569 569 569 569 569 569 569 569 569 569 569 569 569 569 568 568 568 568 568 568 568 568 568 568 568 567 567
558 559 559 559 559 560 560 560 560 560 561 561 561 561 562 562 562 562 562 563 563 563 563 563 564 564 564 564 564 565 565 565 565 565 565 566 566 566 566 566 566 566 567 567 567 567 567 567 567 567 568 568 568 568 568 568 568 568 568 568 568 568 568 568 568 569 569 569 569 569 569 569 569 569 568 568 568 568 568 568 568 568 568 568 568 568 568 568 568 567 567 567 567 567
558 558 559 559 559 559 560 560 560 560 560 561 561 561 561 562 562 562 562 562 563 563 563 563 563 564 564 564 564 564 564 565 565 565 565 565 565 566 566 566 566 566 566 566 567 567 567 567 567 567 567 567 567 568 568 568 568 568 568 568 568 568 568 568 568 568 568 568 568 568 568 568 568 568 568 568 568 568 568 568 568 568 568 568 568 568 567 567 567 567 567 567 567 567
558 558 558 559 559 559 559 560 560 560 560 560 561 561 561 561 562 562 562 562 562 563 563 563 563 563 564 564 564 564 564 564 565 565 565 565 565 565 566 566 566 566 566 566 566 566 567 567 567 567 567 567 567 567 567 567 568 568 568 568 568 568 568 568 568 568 568 568 568 568 568 568 568 568 568 568 568 568 568 568 568 568 568 567 567 567 567 567 567 567 567 567 567 566
558 558 558 558 559 559 559 559 560 560 560 560 560 561 561 561 561 562 562 562 562 562 563 563 563 563 563 563 564 564 564 564 564 564 565 565 565 565 565 565 566 566 566 566 566 566 566 566 567 567 567 567 567 567 567 567 567 567 567 567 567 567 568 568 568 568 568 568 568 568 568 568 568 568 568 568 568 567 567 567 567 567 567 567 567 567 567 567 567 567 567 566 566 566
558 558 558 558 559 559 559 559 559 560 560 560 560 560 561 561 561 561 562 562 562 562 562 562 563 563 563 563 563 564 564 564 564 564 564 565 565 565 565 565 565 565 566 566 566 566 566 566 566 566 566 567 567 567 567 567 567 567 567 567 567 567 567 567 567 567 567 567 567 567 567 567 567 567 567 567 567 567 567 567 567 567 567 567 567 567 567 567 566 566 566 566 566 566
557 558 558 558 558 559 559 559 559 559 560 560 560 560 560 561 561 561 561 561 562 562 562 562 562 563 563 563 563 563 563 564 564 564 564 564 564 565 565 565 565 565 565 565 566 566 566 566 566 566 566 566 566 566 566 567 567 567 567 567 567 567 567 567 567 567 567 567 567 567 567 567 567 567 567 567 567 567 567 567 567 567 567 567 566 566 566 566 566 566 566 566 566 566
557 557 558 558 558 558 559 559 559 559 559 560 560 560 560 560 561 561 561 561 561 562 562 562 562 562 563 563 563 563 563 563 564 564 564 564 564 564 564 565 565 565 565 565 565 565 565 566 566 566 566 566 566 566 566 566 566 566 566 567 567 567 567 567 567 567 567 567 567 567 567 567 567 567 567 567 567 567 567 567 566 566 566 566 566 566 566 566 566 566 566 566 565 565
557 557 557 558 558 558 558 559 559 559 559 559 560 560 560 560 560 561 561 561 561 561 562 562 562 562 562 562 563 563 563 563 563 563 564 564 564 564 564 564 564 565 565 565 565 565 565 565 565 565 566 566 566 566 566 566 566 566 566 566 566 566 566 566 566 566 566 566 566 566 566 566 566 566 566 566 566 566 566 566 566 566 566 566 566 566 566 566 566 565 565 565 565 565
557 557 557 557 558 558 558 558 559 559 559 559 559 560 560 560 560 560 561 561 561 561 561 562 562 562 562 562 562 563 563 563 563 563 563 564 564 564 564 564 564 564 564 565 565 565 565 565 565 565 565 565 565 566 566 566 566 566 566 566 566 566 566 566 566 566 566 566 566 566 566 566 566 566 566 566 566 566 566 566 566 566 566 566 566 566 565 565 565 565 565 565 565 565
557 557 557 557 557 558 558 558 558 559 559 559 559 559 560 560 560 560 560 561 561 561 561 561 561 562 562 562 562 562 562 563 563 563 563 563 563 564 564 564 564 564 564 564 564 565 565 565 565 565 565 565 565 565 565 565 565 566 566 566 566 566 566 566 566 566 566 566 566 566 566 566 566 566 566 566 566 566 566 566 566 566 565 565 565 565 565 565 565 565 565 565 565 565
556 557 557 557 557 557 558 558 558 558 559 559 559 559 559 560 560 560 560 560 561 561 561 561 561 561 562 562 562 562 562 562 563 563 563 563 563 563 563 564 564 564 564 564 564 564 564 564 565 565 565 565 565 565 565 565 565 565 565 565 565 565 565 565 565 566 566 566 566 566 566 566 566 566 565 565 565 565 565 565 565 565 565 565 565 565 565 565 565 565 565 564 564 564
556 556 557 557 557 557 557 558 558 558 558 559 559 559 559 559 560 560 560 560 560 560 561 561 561 561 561 561 562 562 562 562 562 562 563 563 563 563 563 563 563 563 564 564 564 564 564 564 564 564 564 565 565 565 565 565 565 565 565 565 565 565 565 565 565 565 565 565 565 565 565 565 565 565 565 565 565 565 565 565 565 565 565 565 565 565 565 565 564 564 564 564 564 564
556 556 556 557 557 557 557 557 558 558 558 558 559 559 559 559 559 559 560 560 560 560 560 561 561 561 561 561 561 562 562 562 562 562 562 562 563 563 563 563 563 563 563 563 564 564 564 564 564 564 564 564 564 564 564 565 565 565 565 565 565 565 565 565 565 565 565 565 565 565 565 565 565 565 565 565 565 565 565 565 565 565 565 565 564 564 564 564 564 564 564 564 564 564
556 556 556 556 557 557 557 557 557 558 558 558 558 558 559 559 559 559 559 560 560 560 560 560 560 561 561 561 561 561 561 562 562 562 562 562 562 562 563 563 563 563 563 563 563 563 563 564 564 564 564 564 564 564 564 564 564 564 564 564 564 565 565 565 565 565 565 565 565 565 565 565 565 565 565 565 565 565 564 564 564 564 564 564 564 564 564 564 564 564 564 564 563 563
556 556 556 556 556 557 557 557 557 557 558 558 558 558 558 559 559 559 559 559 560 560 560 560 560 560 561 561 561 561 561 561 561 562 562 562 562 562 562 562 563 563 563 563 563 563 563 563 563 563 564 564 564 564 564 564 564 564 564 564 564 564 564 564 564 564 564 564 564 564 564 564 564 564 564 564 564 564 564 564 564 564 564 564 564 564 564 564 564 563 563 563 563 563
555 556 556 556 556 556 557 557 557 557 557 558 558 558 558 558 559 559 559 559 559 559 560 560 560 560 560 560 561 561 561 561 561 561 562 562 562 562 562 562 562 562 563 563 563 563 563 563 563 563 563 563 563 563 564 564 564 564 564 564 564 564 564 564 564 564 564 564 564 564 564 564 564 564 564 564 564 564 564 564 564 564 564 564 564 563 563 563 563 563 563 563 563 563
555 555 556 556 556 556 556 557 557 557 557 557 558 558 558 558 558 559 559 559 559 559 559 560 560 560 560 560 560 561 561 561 561 561 561 561 562 562 562 562 562 562 562 562 562 563 563 563 563 563 563 563 563 563 563 563 563 563 563 564 564 564 564 564 564 564 564 564 564 564 564 564 564 564 564 564 564 564 564 564 563 563 563 563 563 563 563 563 563 563 563 563 563 563
555 555 555 556 556 556 556 556 557 557 557 557 557 558 558 558 558 558 558 559 559 559 559 559 559 560 560 560 560 560 560 561 561 561 561 561 561 561 561 562 562 562 562 562 562 562 562 562 563 563 563 563 563 563 563 563 563 563 563 563 563 563 563 563 563 563 563 563 563 563 563 563 563 563 563 563 563 563 563 563 563 563 563 563 563 563 563 563 563 563 563 562 562 562
555 555 555 555 556 556 556 556 556 557 557 557 557 557 557 558 558 558 558 558 559 559 559 559 559 559 560 560 560 560 560 560 560 561 561 561 561 561 561 561 561 562 562 562 562 562 562 562 562 562 562 562 563 563 563 563 563 563 563 563 563 563 563 563 563 563 563 563 563 563 563 563 563 563 563 563 563 563 563 563 563 563 563 563 563 563 563 562 562 562 562 562 562 562
555 555 555 555 555 556 556 556 556 556 557 557 557 557 557 557 558 558 558 558 558 558 559 559 559 559 559 559 560 560 560 560 560 560 560 561 561 561 561 561 561 561 561 561 562 562 562 562 562 562 562 562 562 562 562 562 563 563 563 563 563 563 563 563 563 563 563 563 563 563 563 563 563 563 563 563 563 563 563 563 563 563 563 562 562 562 562 562 562 562 562 562 562 562
554 555 555 555 555 555 556 556 556 556 556 556 557 557 557 557 557 558 558 558 558 558 558 559 559 559 559 559 559 559 560 560 560 560 560 560 560 561 561 561 561 561 561 561 561 561 561 562 562 562 562 562 562 562 562 562 562 562 562 562 562 562 562 562 562 563 563 563 563 563 563 563 563 563 562 562 562 562 562 562 562 562 562 562 562 562 562 562 562 562 562 562 561 561
554 554 554 555 555 555 555 555 556 556 556 556 556 557 557 557 557 557 557 558 558 558 558 558 558 559 559 559 559 559 559 559 560 560 560 560 560 560 560 560 561 561 561 561 561 561 561 561 561 561 562 562 562 562 562 562 562 562 562 562 562 562 562 562 562 562 562 562 562 562 562 562 562 562 562 562 562 562 562 562 562 562 562 562 562 562 562 562 562 561 561 561 561 561
554 554 554 554 555 555 555 555 555 556 556 556 556 556 557 557 557 557 557 557 558 558 558 558 558 558 559 559 559 559 559 559 559 559 560 560 560 560 560 560 560 560 561 561 561 561 561 561 561 561 561 561 561 561 562 562 562 562 562 562 562 562 562 562 562 562 562 562 562 562 562 562 562 562 562 562 562 562 562 562 562 562 562 562 562 561 561 561 561 561 561 561 561 561
554 554 554 554 554 555 555 555 555 555 556 556 556 556 556 556 557 557 557 557 557 557 558 558 558 558 558 558 559 559 559 559 559 559 559 559 560 560 560 560 560 560 560 560 560 561 561 561 561 561 561 561 561 561 561 561 561 561 561 561 561 562 562 562 562 562 562 562 562 562 562 562 562 562 562 562 562 562 561 561 561 561 561 561 561 561 561 561 561 561 561 561 561 561
554 554 554 554 554 554 555 555 555 555 555 556 556 556 556 556 556 557 557 557 557 557 557 558 558 558 558 558 558 558 559 559 559 559 559 559 559 559 560 560 560 560 560 560 560 560 560 560 561 561 561 561 561 561 561 561 561 561 561 561 561 561 561 561 561 561 561 561 561 561 561 561 561 561 561 561 561 561 561 561 561 561 561 561 561 561 561 561 561 561 561 560 560 560
554 554 554 554 554 554 554 555 555 555 555 555 555 556 556 556 556 556 556 557 557 557 557 557 557 558 558 558 558 558 558 558 559 559 559 559 559 559 559 559 559 560 560 560 560 560 560 560 560 560 560 560 560 561 561 561 561 561 561 561 561 561 561 561 561 561 561 561 561 561 561 561 561 561 561 561 561 561 561 561 561 561 561 561 561 561 560 560 560 560 560 560 560 560
554 554 554 554 554 554 554 554 554 555 555 555 555 555 556 556 556 556 556 556 557 557 557 557 557 557 557 558 558 558 558 558 558 558 559 559 559 559 559 559 559 559 559 559 560 560 560 560 560 560 560 560 560 560 560 560 560 560 561 561 561 561 561 561 561 561 561 561 561 561 561 561 561 561 561 561 561 561 561 561 561 560 560 560 560 560 560 560 560 560 560 560 560 560
554 554 554 554 554 554 554 554 554 554 555 555 555 555 555 555 556 556 556 556 556 556 557 557 557 557 557 557 557 558 558 558 558 558 558 558 558 559 559 559 559 559 559 559 559 559 559 560 560 560 560 560 560 560 560 560 560 560 560 560 560 560 560 560 560 560 560 560 560 560 560 560 560 560 560 560 560 560 560 560 560 560 560 560 560 560 560 560 560 560 560 560 559 559
