testData/tiles/oneDegreeCosts/grid4.0-48.0-5.0-49.0.asc
ncols   200
nrows   200
xllcorner   4.0
yllcorner   48.0
cellsize   0.005
NODATA_value   -9999.0
[rows 0 to 41 of 200, columns 0 to 93 of 200]
718 717 716 716 714 713 714 712 711 711 709 708 707 706 705 703 702 702 702 701 699 875 874 872 871 869 868 867 866 865 863 863 861 860 858 857 855 854 852 851 849 848 846 844 842 842 840 838 836 835 835 834 834 833 833 832 831 831 830 830 829 828 829 828 827 827 826 826 825 824 765 764 764 763 763 762 761 761 761 760 759 760 759 758 757 758 757 756 755 754 754 753 752 752
719 719 718 717 716 715 714 714 713 712 711 709 708 708 706 705 705 703 702 702 701 877 875 874 872 871 869 869 868 866 865 863 863 861 860 858 857 855 854 852 851 849 848 845 844 842 841 840 838 837 836 836 835 835 834 834 833 832 832 831 831 830 829 829 829 828 828 827 826 826 766 765 765 765 764 764 763 762 762 761 761 760 760 760 759 758 757 758 757 756 755 754 754 753
722 721 719 719 718 716 716 714 714 714 712 711 711 709 708 706 706 705 703 702 701 877 877 875 874 872 872 871 869 868 866 865 863 862 861 860 858 857 855 854 852 851 849 848 845 844 842 841 838 839 838 837 837 836 836 835 835 834 833 833 832 832 831 830 830 830 829 829 828 827 768 767 766 766 765 765 765 764 763 762 762 762 761 760 760 760 759 758 758 758 757 756 755 754
722 721 720 720 719 718 717 716 715 715 714 713 712 711 709 708 708 706 705 703 703 878 877 876 874 873 872 871 870 868 868 866 865 863 862 861 860 858 857 855 854 852 851 849 847 845 844 842 840 839 840 839 839 838 837 837 836 836 835 834 834 833 833 832 831 831 830 830 830 829 769 769 768 767 767 766 766 766 765 764 763 763 762 762 761 761 760 760 759 758 759 758 757 756
724 723 721 721 720 718 718 717 715 715 714 714 714 712 711 710 709 708 706 705 705 879 878 877 876 874 874 873 871 870 868 867 865 864 862 861 859 859 857 856 854 853 851 850 847 847 845 844 841 841 840 840 840 840 839 838 838 837 837 836 835 835 834 834 833 832 832 831 830 831 771 770 770 769 768 768 767 767 766 766 765 764 763 763 763 762 761 761 760 760 759 758 759 758
725 724 723 722 721 720 719 718 717 716 715 714 714 713 711 710 710 708 707 706 705 880 878 878 877 876 876 874 873 871 870 868 867 865 864 862 861 860 859 858 856 855 853 852 850 847 846 844 843 841 841 840 840 840 840 839 838 838 837 837 836 835 835 834 833 833 832 832 831 830 771 771 770 770 769 768 767 767 766 766 766 765 764 763 763 762 762 761 760 760 759 758 758 758
725 724 723 723 722 720 720 719 717 717 715 715 715 714 713 712 711 710 708 707 707 881 880 878 877 877 876 875 873 872 870 869 867 866 864 863 862 860 859 857 857 855 854 852 851 848 847 846 844 843 842 842 841 841 840 841 840 839 839 838 838 837 836 836 835 834 834 833 833 832 772 772 771 771 770 770 769 768 768 767 767 766 766 765 764 763 763 762 762 761 760 760 759 758
725 724 723 724 723 722 721 720 719 718 717 716 715 714 712 712 712 710 709 708 707 882 880 879 877 877 876 875 874 872 872 870 869 867 866 865 863 862 860 859 857 857 855 854 852 850 848 847 845 843 843 842 842 841 841 840 840 840 839 839 838 838 837 836 836 835 834 834 833 832 773 772 771 771 770 770 770 769 768 768 767 766 766 766 765 764 763 762 762 762 761 760 759 759
829 726 724 724 724 722 722 721 719 719 717 716 716 714 713 712 712 711 709 708 708 882 882 880 879 879 877 876 874 874 872 871 869 868 867 865 864 862 861 859 858 856 855 854 853 850 849 847 846 844 843 843 842 842 841 841 840 839 839 839 839 838 837 837 836 836 835 834 834 833 773 773 772 771 771 770 770 770 769 768 767 767 766 765 765 765 764 763 762 762 761 761 760 759
829 828 725 724 723 722 722 721 720 719 718 717 716 715 714 712 712 711 711 710 709 884 882 881 880 878 878 876 875 873 872 871 870 869 867 866 864 863 861 860 858 857 855 854 852 851 849 848 846 845 844 843 843 842 842 841 841 840 839 839 839 839 838 837 837 836 836 835 834 834 774 773 773 772 771 771 770 769 768 768 768 767 767 766 765 765 765 764 763 762 761 761 760 760
830 829 827 725 724 722 722 722 720 720 718 717 717 715 714 713 713 712 710 710 710 884 883 881 880 879 878 877 875 874 872 871 871 869 868 866 865 863 862 860 859 857 856 854 852 850 849 848 846 845 845 844 843 843 842 842 841 841 840 839 839 838 838 838 837 837 836 835 835 834 776 774 773 772 772 771 770 770 769 768 768 767 767 766 766 765 764 764 764 763 762 761 760 760
830 829 828 827 724 723 722 721 721 720 719 718 717 716 715 713 713 711 711 710 710 885 883 882 881 879 879 877 876 874 873 871 870 869 868 867 865 864 862 861 859 858 856 855 852 851 849 848 846 846 845 844 844 843 843 842 842 841 841 840 839 839 838 838 837 837 837 836 835 835 775 774 774 773 772 772 771 770 770 769 768 767 767 766 766 765 765 764 763 763 763 762 761 760
831 830 828 828 827 723 723 722 720 720 719 718 718 716 715 714 713 712 710 710 884 884 884 882 881 880 879 878 876 875 873 872 871 869 868 866 866 864 863 861 860 858 857 855 853 851 850 848 846 846 846 845 844 844 843 843 842 842 841 840 840 839 839 838 837 837 837 837 836 835 776 775 774 774 773 772 772 771 770 769 769 768 767 767 766 765 765 765 764 763 763 762 762 761
829 829 828 828 827 826 723 722 721 720 719 719 717 717 715 714 714 712 711 710 884 884 882 881 881 879 878 877 876 874 874 872 871 870 868 867 865 865 863 862 860 859 857 855 853 852 850 849 846 846 845 845 845 844 844 843 843 842 842 841 840 840 839 839 838 837 837 836 836 836 776 776 775 774 774 773 772 771 771 770 769 769 768 767 766 766 765 764 763 763 763 762 762 761
861 829 828 828 826 825 825 721 720 720 718 718 717 717 716 715 713 713 711 710 885 884 883 881 880 880 878 878 876 875 873 872 871 869 868 866 865 863 862 861 860 858 857 854 853 851 851 848 847 846 846 845 845 844 844 844 843 843 842 842 841 840 840 839 839 838 837 837 836 835 776 775 775 775 774 773 773 772 771 771 770 769 768 768 767 766 765 765 764 763 762 762 762 761
861 829 828 827 827 826 824 824 721 719 719 718 716 716 715 714 713 712 711 710 884 883 882 882 880 879 878 877 877 875 874 872 871 870 868 867 865 864 862 861 859 859 856 855 853 852 850 848 846 846 845 845 844 843 843 843 843 842 842 841 840 840 839 839 838 837 837 836 836 835 775 775 774 774 774 773 772 772 771 770 769 769 768 767 767 766 765 764 764 763 762 761 760 760
861 860 827 826 826 825 824 823 822 719 718 718 717 716 715 714 713 713 711 710 885 883 883 881 880 879 877 876 874 875 873 872 870 869 868 866 865 863 862 860 859 856 855 854 853 852 851 848 847 846 846 845 845 844 843 843 842 842 841 842 841 840 840 839 839 838 837 837 836 835 776 775 774 774 773 772 772 772 771 771 770 769 769 768 767 766 766 765 764 763 763 762 761 760
860 860 859 826 826 825 824 824 823 821 719 717 716 715 714 713 712 710 711 710 884 883 881 881 879 878 877 875 874 873 873 872 871 870 868 867 865 864 862 861 858 857 855 854 852 852 849 848 846 846 845 845 844 843 843 842 842 841 841 840 840 840 839 839 838 837 837 836 836 835 775 775 774 773 773 772 771 771 770 770 770 769 768 767 767 766 765 764 764 763 762 761 761 760
861 859 859 826 825 824 823 823 822 821 819 717 716 714 714 712 711 710 710 710 884 882 882 881 880 878 877 876 874 873 871 870 870 869 868 866 865 863 861 859 858 856 855 853 852 849 848 847 846 845 845 844 844 843 842 842 841 841 840 840 839 838 838 838 838 837 836 836 835 835 775 774 774 773 772 772 771 770 770 769 768 767 768 767 766 765 765 764 763 762 762 761 760 759
860 859 858 857 824 823 822 821 820 820 819 818 715 714 712 712 711 710 710 710 883 883 881 880 879 878 877 875 874 872 871 869 868 866 866 865 863 862 860 859 857 856 854 853 851 849 847 846 844 845 844 844 843 842 842 841 841 840 840 839 839 838 837 837 836 837 836 835 835 834 774 774 773 772 772 771 770 770 769 768 768 767 766 765 766 765 764 764 763 762 761 760 760 759
860 858 858 857 823 823 822 820 820 819 817 818 816 713 712 711 710 710 710 710 882 881 880 879 878 877 876 875 873 872 870 869 867 866 864 863 863 861 860 858 857 855 854 852 850 848 847 845 844 843 843 843 843 842 841 841 840 840 839 839 838 837 837 836 836 835 834 834 834 834 774 773 773 772 771 771 770 769 769 768 767 766 766 765 764 764 763 763 762 762 761 760 759 758
858 858 856 856 855 822 821 820 819 818 817 815 816 815 711 710 710 710 710 710 881 880 879 878 876 876 875 874 873 871 870 868 867 865 864 862 861 860 859 858 856 855 853 851 849 848 846 844 843 843 842 842 841 841 841 840 840 839 839 838 838 837 836 836 835 835 834 833 833 773 773 773 772 771 771 770 769 769 768 767 767 766 765 765 764 763 762 762 761 760 760 760 759 758
856 855 854 855 854 853 820 819 818 817 816 815 814 813 813 710 710 710 710 710 879 879 878 876 875 873 872 873 872 871 869 868 866 865 863 862 860 859 858 856 856 853 852 850 849 847 845 843 843 842 842 841 840 840 839 840 839 839 838 838 837 836 836 835 835 834 833 833 832 773 772 771 771 771 770 770 769 768 768 767 766 766 765 764 763 763 762 761 760 760 759 758 757 758
855 855 853 853 853 851 819 818 816 816 816 814 813 812 811 810 710 710 710 710 879 877 877 876 874 873 871 870 869 869 868 866 865 863 862 860 859 857 856 855 853 852 851 850 848 846 844 843 842 842 841 840 840 839 839 838 838 837 838 837 836 836 835 835 834 834 833 832 832 772 771 771 770 769 769 769 768 768 767 766 766 765 764 764 763 762 761 761 760 759 758 758 757 756
854 854 853 851 851 850 849 817 816 814 814 813 811 810 809 808 807 710 710 710 877 876 875 875 874 872 871 869 868 867 865 865 864 863 861 860 858 856 854 853 852 850 849 847 845 844 843 841 841 840 839 839 838 838 837 837 836 836 835 835 835 834 834 833 833 832 831 831 830 771 770 769 769 768 767 767 766 765 766 765 764 764 763 762 761 761 760 759 758 758 757 756 755 755
853 852 851 850 849 848 847 814 814 813 811 811 811 809 809 808 806 805 710 710 877 875 874 872 872 871 869 868 866 865 864 862 861 860 859 857 856 854 853 851 850 848 848 846 844 843 841 841 840 839 839 838 838 837 837 836 836 835 835 834 833 833 832 833 832 831 831 830 830 770 769 769 768 767 767 766 765 765 764 763 763 763 762 762 761 760 759 759 758 757 756 756 755 754
851 850 849 848 847 846 845 845 812 811 811 810 809 808 806 806 805 803 802 710 874 873 872 871 869 869 868 866 865 863 862 861 860 859 857 857 855 854 852 851 849 848 845 844 842 841 838 838 837 838 837 837 836 836 835 835 834 834 833 832 832 831 831 830 830 830 829 829 828 769 768 767 767 766 765 765 764 763 763 762 761 761 760 759 759 759 758 757 756 756 755 754 753 753
850 848 848 847 845 846 845 843 811 810 808 808 807 806 805 803 803 802 800 799 873 871 870 868 868 867 865 865 864 863 861 860 859 857 856 854 853 852 851 849 847 845 844 842 841 838 837 836 836 835 835 835 835 834 834 833 833 832 832 831 830 830 829 829 828 827 827 826 768 767 766 766 765 764 764 763 762 762 761 760 760 759 758 758 757 756 755 756 755 754 753 753 752 751
847 846 845 845 844 842 843 842 840 808 807 805 804 805 803 802 800 800 799 799 972 869 868 867 865 864 864 862 861 860 860 858 857 856 854 853 851 849 847 847 845 844 842 841 838 837 835 835 834 834 833 833 832 832 832 832 831 831 830 829 829 828 828 827 826 826 825 825 765 764 764 764 764 763 762 762 761 760 760 759 758 758 757 756 755 755 754 753 753 752 751 751 750 750
844 844 843 842 842 841 839 839 838 836 804 804 802 802 801 800 799 799 799 799 970 969 866 865 864 862 861 860 859 858 856 855 853 852 851 849 849 847 846 844 843 842 841 838 837 835 834 833 833 832 832 831 831 830 830 829 830 829 828 828 827 827 826 826 825 824 824 823 764 763 762 762 761 761 761 760 759 759 758 757 757 756 755 755 754 753 752 752 751 750 750 749 748 747
843 842 841 840 839 838 838 837 836 835 801 801 800 799 799 799 799 799 799 799 969 967 966 863 861 861 859 858 857 855 855 853 852 850 849 847 846 845 843 842 840 838 836 836 834 832 831 831 830 830 829 829 828 828 828 828 827 826 826 826 826 825 825 824 823 823 822 822 762 761 761 760 759 759 758 758 758 757 757 756 755 755 754 753 752 752 751 749 748 748 747 746 745 745
841 839 838 837 836 836 834 834 834 832 831 799 799 799 799 799 799 799 799 799 966 965 963 860 859 857 856 855 854 853 851 850 849 848 846 846 844 843 841 839 838 836 835 833 831 829 830 829 829 828 828 827 827 826 826 825 824 824 823 823 822 823 822 821 821 820 820 760 759 759 758 758 757 756 756 755 754 754 753 752 753 752 751 751 750 749 748 748 747 746 745 745 744 743
839 837 836 835 833 833 832 830 829 831 829 799 799 799 799 799 799 799 799 799 962 961 961 959 856 855 853 852 850 849 849 847 846 844 844 842 841 839 838 836 835 834 831 830 828 827 826 826 826 826 825 825 824 823 823 822 822 821 821 820 820 819 818 818 818 818 817 758 757 756 756 755 754 754 753 752 752 751 750 750 749 748 748 748 747 747 746 745 744 744 743 742 741 741
836 835 833 833 831 829 829 828 826 825 826 825 799 799 799 799 799 799 799 799 959 958 956 956 955 852 851 849 848 846 845 844 843 842 840 839 838 837 835 834 832 830 828 827 826 824 824 823 823 822 821 822 821 821 820 820 819 819 818 818 817 816 816 815 815 814 814 755 754 754 753 752 752 751 751 750 749 749 748 747 747 746 745 745 744 743 743 743 742 741 740 740 739 738
833 833 832 830 830 828 826 826 825 823 822 822 799 799 799 799 799 799 799 799 956 955 954 952 951 950 848 847 845 844 842 841 839 838 837 835 834 832 830 829 828 827 826 823 822 821 821 820 820 819 819 818 818 818 818 817 817 816 816 815 814 814 813 813 812 812 811 751 751 750 751 750 749 749 748 747 747 746 745 745 744 743 743 742 741 741 740 739 738 738 738 737 736 736
834 832 832 831 829 829 828 825 825 824 822 821 821 799 799 799 799 799 799 799 956 955 954 953 951 950 948 845 845 843 842 840 839 837 836 835 833 832 830 829 827 827 824 823 821 821 820 820 819 819 818 818 817 817 816 816 816 816 815 814 814 813 813 812 812 811 751 751 750 750 749 748 748 748 747 747 746 746 745 744 743 743 742 741 741 740 739 739 738 737 736 736 735 735
835 834 831 831 830 828 828 827 824 824 823 821 820 799 799 799 799 799 799 799 956 955 953 953 952 950 949 947 844 843 842 841 839 838 836 835 833 832 831 829 827 825 824 822 822 821 821 820 820 819 819 818 818 817 817 816 816 815 815 815 814 814 813 813 812 811 752 751 751 750 749 749 748 748 747 747 747 746 745 745 744 743 743 742 741 740 740 739 738 738 737 736 735 735
835 834 833 831 830 829 827 826 826 824 823 822 820 819 799 799 799 799 799 799 957 955 954 952 951 950 949 948 946 843 841 840 840 838 837 835 834 831 830 829 827 826 823 822 821 821 821 821 820 820 819 819 818 818 817 817 816 815 815 814 814 814 814 813 812 812 752 752 751 750 750 749 749 748 747 747 746 745 745 745 744 744 743 742 742 741 740 740 739 738 737 737 736 735
836 835 833 832 832 829 828 827 825 824 824 822 821 819 799 799 799 799 799 799 955 955 954 953 951 950 949 947 946 944 841 839 838 837 835 835 833 832 830 829 826 825 823 822 822 821 821 820 820 820 820 819 818 818 817 817 816 816 815 815 814 814 813 812 812 753 753 752 751 751 750 750 749 748 748 747 746 746 745 744 744 743 743 743 742 741 741 740 739 738 738 737 736 736
835 835 835 832 831 831 828 827 826 824 823 822 821 820 819 799 799 799 799 799 955 954 953 952 952 950 949 948 946 945 943 840 838 837 836 834 833 832 830 828 827 825 824 822 822 821 821 820 820 819 819 819 819 818 818 817 817 816 816 815 815 814 813 813 812 753 752 752 752 751 751 750 749 749 748 748 747 746 746 745 744 744 743 742 742 741 741 740 740 739 738 737 737 736
837 835 834 834 832 830 830 828 826 825 824 822 821 819 819 799 799 799 799 799 956 954 953 951 950 949 948 947 946 945 944 942 839 836 835 833 832 831 829 828 827 825 823 823 822 822 821 821 820 820 819 819 818 818 818 818 817 817 816 816 815 814 814 813 813 753 753 752 751 751 750 750 750 749 749 748 747 747 746 745 745 744 743 743 742 741 741 740 739 739 739 738 737 736
836 836 834 832 832 831 829 829 827 825 824 823 821 820 818 817 799 799 799 799 955 955 953 952 950 949 948 946 945 944 943 942 838 837 835 834 832 831 829 827 826 824 824 823 823 822 822 821 821 820 820 819 819 818 818 817 817 817 816 816 815 815 814 814 754 754 753 752 752 751 751 750 749 749 749 748 748 747 746 746 745 744 744 743 742 742 741 740 740 739 738 737 737 736
