testData/tiles/oneDegreeCosts/grid26.0-17.0-27.0-18.0.asc
ncols   200
nrows   200
xllcorner   26.0
yllcorner   17.0
cellsize   0.005
NODATA_value   -9999.0
[rows 0 to 41 of 200, columns 94 to 187 of 200]
505 504 504 504 503 503 429 428 428 428 427 427 427 427 427 426 426 426 426 426 426 425 425 425 424 425 424 424 424 423 423 423 422 423 423 422 422 421 421 421 421 421 421 420 420 419 419 419 419 419 419 418 418 418 417 417 417 417 417 416 416 416 415 415 414 365 366 365 365 364 364 364 363 363 363 363 374 373 373 373 372 372 372 372 372 372 372 374 374 374 374 374 375 374
504 504 504 504 504 504 503 503 428 427 427 428 427 427 427 426 426 426 426 426 425 425 425 425 425 425 424 424 424 423 423 423 423 423 422 422 422 421 422 421 421 421 420 420 420 419 420 420 419 419 418 418 418 417 417 418 417 417 416 416 416 415 415 415 415 415 365 365 365 364 364 364 363 363 363 363 374 373 373 373 372 372 372 372 372 372 373 373 373 374 373 374 374 374
504 504 504 504 504 503 503 503 502 503 428 427 427 427 426 426 427 426 426 426 425 425 425 425 425 424 424 424 424 424 424 423 423 422 422 422 422 422 422 421 421 421 420 420 420 420 420 419 419 419 418 418 418 418 418 417 417 417 416 416 415 415 416 415 415 415 365 365 364 364 364 364 364 364 363 363 363 373 373 372 372 372 372 372 371 372 373 372 373 372 373 374 374 374
504 504 504 504 504 503 503 503 503 503 502 427 427 427 427 427 426 426 426 425 425 426 425 425 424 424 424 424 424 424 423 423 423 422 422 423 422 422 421 421 421 420 420 421 420 420 420 419 419 418 418 419 418 418 418 417 417 416 416 416 416 416 416 415 415 414 365 365 364 364 365 364 364 363 363 363 363 363 373 372 373 372 372 372 371 371 371 372 372 372 373 373 374 374
505 504 504 504 503 503 504 503 503 503 502 502 502 427 427 426 426 426 426 426 426 425 425 425 424 424 425 424 424 423 423 423 422 422 423 422 422 422 421 421 421 421 421 420 420 420 419 419 419 419 419 418 418 418 417 417 417 416 417 416 416 416 415 415 415 414 365 365 365 365 364 364 364 363 363 363 363 363 373 373 373 372 372 371 371 371 371 371 372 373 373 373 373 374
504 504 504 503 503 504 503 503 503 502 502 503 502 502 502 426 426 426 426 426 425 425 425 424 424 425 424 424 424 423 423 423 423 423 422 422 422 421 421 421 421 421 421 420 420 419 419 419 419 419 419 418 418 417 417 417 417 417 417 416 416 416 415 415 414 414 366 365 365 365 364 364 363 363 363 363 363 363 362 373 372 372 372 371 371 371 371 372 372 372 373 373 373 373
504 504 503 503 504 503 503 503 502 502 503 502 502 502 501 501 427 426 426 426 425 425 425 425 425 424 424 424 423 423 424 423 423 423 422 422 422 421 422 421 421 421 420 420 420 419 420 419 419 419 418 418 418 417 417 418 417 417 416 416 416 415 415 415 415 415 365 365 365 364 364 364 363 363 363 363 363 362 362 373 372 372 371 371 371 371 371 372 371 372 372 372 373 372
504 504 504 504 504 503 503 503 503 503 502 502 502 501 501 502 501 501 426 425 425 425 425 425 425 424 424 424 423 424 423 423 423 422 422 422 422 422 422 421 421 420 420 420 420 420 420 419 419 419 418 418 418 418 418 417 417 417 416 416 415 415 416 415 415 415 414 365 365 364 364 364 364 364 363 363 363 362 362 362 372 372 372 372 371 371 371 370 371 372 371 372 372 372
504 504 504 504 503 503 503 503 503 503 502 502 502 502 502 501 501 501 500 425 426 425 425 425 424 424 424 424 424 424 423 423 422 422 422 422 422 422 421 421 421 420 420 421 420 420 419 419 419 418 418 419 418 418 418 417 417 416 416 416 416 416 416 415 415 414 414 365 364 364 365 364 364 363 363 363 362 362 362 362 362 372 372 372 371 371 371 370 370 370 371 371 372 373
504 504 504 503 503 503 503 503 503 502 502 502 502 502 502 501 501 501 500 501 501 425 425 424 424 424 424 424 424 423 423 423 422 423 423 422 422 421 421 421 421 421 421 420 420 420 419 419 419 419 419 418 418 418 417 417 417 416 417 416 416 416 415 415 415 414 414 365 365 365 364 364 364 363 363 362 362 362 362 362 362 372 372 371 371 371 370 370 370 371 371 371 372 372
504 504 503 503 504 503 503 503 502 502 502 502 502 502 501 501 501 501 501 501 500 500 500 424 425 425 424 424 423 423 423 423 423 423 422 422 422 421 421 422 421 421 420 420 420 419 419 420 419 419 419 418 418 417 417 417 417 417 417 416 416 416 415 415 414 414 415 365 365 365 364 364 363 363 363 362 363 363 362 362 361 361 372 371 371 371 370 371 370 370 371 371 371 371
504 504 503 504 504 503 503 503 502 503 502 502 502 501 501 501 501 501 501 500 500 500 500 500 425 424 424 424 423 423 424 423 423 422 422 422 421 421 422 421 421 421 420 420 420 419 420 419 419 419 418 418 418 417 418 417 417 417 416 416 416 415 415 415 415 415 414 365 365 364 364 364 363 363 363 363 363 362 362 362 361 361 371 371 371 371 371 371 370 370 369 370 371 370
504 504 504 504 503 503 503 503 503 503 502 502 502 501 502 502 501 501 500 500 500 500 500 500 499 424 424 424 424 424 423 423 423 422 422 422 422 422 421 421 421 420 420 420 420 420 420 419 419 418 418 418 418 418 418 417 417 417 416 416 415 415 416 415 415 415 414 365 364 364 364 364 364 364 363 363 363 362 362 361 361 361 361 372 372 371 371 370 370 370 369 370 370 370
504 504 504 503 503 503 503 503 503 502 502 502 502 502 502 501 501 501 500 500 501 500 500 500 499 499 498 424 424 423 423 423 422 422 422 422 422 422 421 421 420 420 421 420 420 420 419 419 419 418 418 419 418 418 417 417 417 416 416 416 416 416 416 415 415 414 414 365 364 364 365 364 364 363 363 363 362 362 362 361 361 361 361 361 371 371 371 370 370 369 369 369 370 371
504 504 503 503 503 503 503 503 502 502 502 502 502 502 501 501 501 501 501 501 500 500 500 499 499 499 499 499 424 423 423 422 422 423 422 422 422 421 421 421 420 421 421 420 420 419 419 419 419 419 419 418 418 418 417 417 416 416 417 416 416 416 415 415 415 414 414 365 365 365 364 364 364 363 363 362 362 362 362 362 362 361 361 361 371 371 370 370 370 369 370 369 370 370
504 503 503 503 503 503 503 502 502 502 502 502 502 501 501 501 501 501 501 500 500 500 499 499 500 499 499 499 498 498 423 423 423 423 422 422 421 421 421 421 421 421 420 420 420 419 419 419 419 419 418 418 418 417 417 417 417 417 417 416 416 415 415 415 414 414 415 414 365 365 364 364 363 363 363 362 363 363 362 362 361 361 361 361 361 371 370 370 370 370 370 369 369 370
504 503 503 504 503 503 503 502 502 503 502 502 502 501 501 501 501 501 500 500 500 499 499 500 499 499 499 498 498 498 498 423 423 422 422 422 421 421 422 421 421 420 420 420 419 419 420 419 419 419 418 418 418 417 417 417 417 417 416 416 416 415 415 415 415 415 414 414 365 364 364 364 363 363 363 363 363 362 362 362 361 361 361 361 361 370 371 371 370 370 369 369 369 369
504 504 504 503 503 503 502 502 503 502 502 502 501 501 502 501 501 501 500 500 500 500 500 500 499 499 498 498 499 498 498 498 422 422 422 422 422 422 421 421 421 420 420 420 420 420 419 419 419 418 418 418 418 418 418 417 417 416 416 416 415 415 416 415 415 415 414 414 364 364 364 364 364 364 363 363 363 362 362 361 361 361 361 361 361 360 371 370 370 370 369 369 369 369
504 504 503 503 503 503 503 503 502 502 502 501 501 502 501 501 501 500 500 500 500 500 500 499 499 499 498 499 499 498 498 498 497 497 422 422 422 421 421 421 420 420 420 420 420 420 419 419 418 418 418 418 418 418 417 417 417 416 416 416 416 416 415 415 415 414 414 414 364 364 365 364 364 363 363 363 362 362 362 361 361 361 361 361 360 360 360 370 370 369 369 369 369 369
504 503 503 503 503 503 503 502 502 502 501 501 502 501 501 501 500 500 501 500 500 500 499 499 499 499 499 499 498 498 498 497 497 498 497 422 422 421 421 420 420 421 420 420 420 419 419 419 418 419 419 418 418 417 417 417 416 416 416 416 416 416 415 415 414 414 414 413 365 365 364 364 364 363 363 362 362 362 362 362 362 361 361 360 360 360 360 370 370 369 369 370 369 369
503 503 503 503 503 503 503 502 502 502 502 502 502 501 501 500 500 501 500 500 500 499 499 499 499 499 499 498 498 498 497 497 498 497 497 497 421 421 421 421 421 421 420 420 419 419 419 419 419 419 418 418 418 417 417 417 416 417 416 416 416 415 415 415 414 414 414 414 365 364 364 364 363 363 363 362 362 363 362 362 361 361 361 360 360 360 360 360 369 370 370 369 369 369
503 503 504 503 503 503 502 502 502 502 502 502 501 501 501 500 501 501 500 500 500 499 499 500 499 499 499 498 498 498 498 498 497 497 497 496 496 496 421 421 421 420 420 420 419 419 420 419 419 418 418 418 417 417 417 417 417 417 416 416 416 415 415 414 414 415 414 414 365 364 364 364 363 363 363 363 363 362 362 362 361 361 360 360 360 360 360 360 359 370 369 369 369 368
503 504 503 503 503 502 502 502 502 502 502 501 501 501 501 501 501 500 500 500 500 500 500 499 499 499 498 498 498 498 498 498 497 497 496 496 497 496 496 421 420 420 420 419 419 420 419 419 419 418 418 418 417 418 417 417 417 416 416 416 415 415 415 415 415 414 414 414 364 364 364 363 363 364 363 363 362 362 362 361 361 361 360 360 361 360 360 359 359 370 369 369 369 368
504 503 503 503 502 502 503 502 502 502 501 501 501 501 501 501 500 500 500 500 500 500 499 499 499 498 498 499 498 498 498 497 497 497 496 497 497 496 496 496 420 420 420 420 420 419 419 419 418 418 418 418 418 418 417 417 416 416 416 415 415 416 415 415 415 414 414 414 413 364 364 364 364 363 363 363 362 362 362 361 361 361 361 361 360 360 360 359 359 359 369 369 368 368
503 503 503 502 502 503 502 502 502 501 501 501 501 501 501 500 500 500 500 500 500 499 499 499 498 498 499 498 498 498 497 497 497 497 497 497 496 496 496 495 495 496 420 420 420 419 419 418 418 418 418 418 418 417 417 417 416 416 416 416 416 415 415 415 414 414 414 413 413 365 364 364 363 363 363 362 362 362 361 361 362 361 361 360 360 360 359 359 359 359 359 368 369 369
503 503 502 502 503 502 502 502 502 501 502 502 501 501 501 500 500 501 500 500 500 499 499 499 499 499 498 498 498 497 497 497 497 497 497 496 496 496 495 495 496 495 495 420 419 419 419 418 419 419 418 418 417 417 417 416 416 416 416 416 416 415 415 415 414 414 414 414 414 364 364 364 363 363 363 362 362 362 362 362 361 361 361 360 360 360 359 359 359 359 359 369 369 369
503 503 503 503 503 502 502 502 502 502 502 501 501 501 500 500 501 500 500 500 499 499 499 499 499 499 498 498 498 497 498 498 497 497 497 496 496 496 496 496 495 495 495 494 419 419 419 419 419 418 418 418 417 417 417 416 417 416 416 416 415 415 415 414 414 414 414 414 414 364 364 363 363 363 362 362 363 362 362 362 361 361 360 360 360 359 359 359 359 359 358 358 369 368
503 503 503 503 502 502 502 502 502 502 501 501 501 501 501 501 500 500 500 499 499 499 499 499 499 498 498 498 498 498 498 497 497 497 496 496 496 496 496 496 495 495 494 494 494 419 419 419 418 418 418 417 417 417 417 417 417 416 416 416 415 415 414 414 415 414 414 414 413 364 364 363 363 363 363 363 362 362 362 361 361 361 360 360 359 359 360 359 359 359 358 358 358 368
503 503 503 502 502 502 502 502 502 501 501 501 501 501 501 500 500 500 499 499 500 499 499 499 498 498 498 498 498 498 497 497 497 496 496 497 496 496 496 495 495 495 494 494 495 494 419 419 418 418 417 417 418 417 417 417 416 416 416 415 415 415 415 415 414 414 414 413 413 364 363 363 364 363 363 363 362 362 361 361 361 360 360 360 360 360 360 359 359 358 358 358 358 368
503 503 502 502 502 502 502 502 501 501 501 501 501 501 500 500 500 499 499 500 499 499 499 498 498 498 498 498 498 497 497 497 496 496 497 496 496 496 495 495 495 495 495 495 494 494 494 493 418 418 417 418 418 417 417 416 416 416 415 415 416 415 415 415 414 414 414 413 413 364 364 364 363 363 363 362 362 362 361 361 361 361 361 360 360 360 359 359 359 358 358 358 358 358
503 502 502 502 502 502 502 501 501 501 501 501 501 501 500 500 500 500 500 500 499 499 499 498 498 499 498 498 498 497 497 497 497 497 497 496 496 495 495 495 495 495 495 494 494 494 493 493 493 418 418 418 417 417 417 416 416 416 416 416 415 415 415 414 414 414 413 413 413 364 364 364 363 363 362 362 362 361 361 362 361 361 361 360 360 359 359 359 358 358 358 358 358 358
502 502 502 502 502 502 502 501 501 502 501 501 501 500 500 500 500 500 500 499 499 499 499 499 499 498 498 498 497 497 497 497 497 497 496 496 496 495 495 496 495 495 495 494 494 493 493 493 493 493 418 417 417 417 416 416 416 416 416 416 415 415 415 414 414 413 413 414 413 364 364 363 363 363 362 362 362 362 362 361 361 361 360 360 360 359 359 359 358 359 358 358 358 357
502 503 502 502 502 502 501 501 502 501 501 501 500 500 500 500 500 500 499 499 499 499 499 499 498 498 498 497 497 497 497 497 497 496 496 496 495 495 496 495 495 495 494 494 494 493 494 494 493 493 492 417 417 416 416 417 416 416 416 415 415 415 414 414 414 414 414 414 413 364 363 363 363 362 362 362 362 362 362 361 361 360 360 360 359 359 359 359 359 359 358 358 357 357
503 503 502 502 502 501 501 502 501 501 501 500 500 500 500 500 500 499 499 499 499 499 499 498 498 498 497 497 498 497 497 497 496 496 496 496 496 496 495 495 495 494 494 494 494 494 494 493 493 493 492 492 417 416 417 417 416 416 415 415 415 414 414 415 414 414 414 413 413 413 363 363 362 362 363 362 362 362 361 361 361 360 360 360 359 360 359 359 359 358 358 358 357 357
503 502 502 502 501 501 502 501 501 501 500 500 501 500 500 500 499 499 499 499 499 499 498 498 498 497 497 498 498 497 497 496 496 496 496 496 496 495 495 495 494 494 494 494 494 494 493 493 493 492 492 492 492 417 417 416 416 416 415 415 415 415 415 414 414 414 413 413 413 412 363 363 363 363 363 362 362 361 361 361 360 360 360 360 360 360 359 359 358 358 358 357 357 357
502 502 502 502 502 502 501 501 501 500 500 501 500 500 500 500 499 499 500 499 499 499 498 498 498 498 498 498 497 497 497 496 496 497 496 496 496 495 495 495 494 495 495 494 494 493 493 493 492 492 493 492 492 492 416 416 416 415 415 415 415 415 415 414 414 414 413 413 412 412 364 363 363 363 362 362 362 361 361 361 360 361 360 360 360 359 359 359 358 358 358 357 357 357
502 502 502 502 502 501 501 501 500 500 501 501 500 500 500 499 499 500 499 499 499 498 498 498 498 498 498 497 497 497 496 496 497 496 496 496 495 495 495 495 495 495 494 494 494 493 493 493 492 493 493 492 492 491 491 416 415 415 416 415 415 415 414 414 414 413 413 413 413 413 364 363 363 362 362 362 361 361 361 361 361 361 360 360 359 359 359 358 358 358 358 358 358 357
502 502 502 502 501 501 501 501 500 501 501 500 500 500 500 500 500 499 499 499 498 498 498 498 498 498 497 497 497 497 497 497 496 496 496 495 495 495 495 495 495 494 494 494 493 493 493 493 493 493 492 492 492 491 491 491 416 416 416 415 415 414 414 414 413 413 414 413 413 413 363 363 363 362 362 362 361 362 361 361 361 360 360 360 359 359 359 358 358 358 358 358 357 357
502 502 502 501 501 501 501 501 501 501 500 500 500 500 500 500 499 499 499 498 498 499 498 498 498 497 497 497 497 497 497 496 496 496 495 495 495 495 495 495 494 494 494 493 493 493 493 493 493 492 492 492 491 491 491 491 491 416 415 415 415 414 414 414 413 414 413 413 413 412 363 363 362 362 362 362 362 362 361 361 360 360 360 359 359 359 359 359 359 358 358 358 357 357
502 502 501 501 501 501 501 501 501 500 500 500 500 500 500 499 499 499 498 498 499 498 498 498 497 497 497 497 497 497 497 496 496 496 495 495 496 495 495 495 494 494 494 493 494 493 493 493 492 492 492 491 491 492 491 491 491 490 415 415 414 414 414 414 414 414 413 413 413 412 363 362 362 362 362 362 362 361 361 361 360 360 360 359 359 359 359 359 358 358 358 357 357 357
502 502 501 501 501 501 501 501 500 500 500 500 500 500 499 499 499 498 498 499 499 498 498 498 497 497 498 497 497 497 496 496 496 496 496 496 495 495 495 494 494 494 494 494 494 493 493 493 492 492 492 491 492 491 491 491 490 490 490 489 414 415 414 414 414 413 413 413 412 412 363 362 363 363 362 362 361 361 361 360 360 360 360 360 360 359 359 359 358 358 357 357 357 356
502 501 501 501 501 501 501 500 500 500 500 500 500 499 499 499 499 498 499 499 498 498 498 497 497 498 497 497 497 496 496 496 496 496 496 495 495 495 494 494 494 494 494 494 493 493 493 492 492 492 492 492 492 491 491 491 490 490 490 489 490 414 414 414 413 413 413 412 412 412 363 363 363 362 362 362 361 361 361 360 360 360 360 360 359 359 359 358 358 358 357 357 356 356
