testData/tiles/oneDegreeCosts/grid42.0-45.0-43.0-46.0.asc
ncols   200
nrows   200
xllcorner   42.0
yllcorner   45.0
cellsize   0.005
NODATA_value   -9999.0
[rows 84 to 125 of 200, columns 94 to 187 of 200]
282 282 282 282 282 282 282 282 282 282 282 282 282 282 282 282 282 282 282 282 282 282 282 282 282 282 312 312 312 312 312 313 313 313 313 313 312 312 312 312 313 313 313 313 313 313 312 312 312 312 313 313 313 313 313 312 311 311 311 311 311 311 312 312 312 312 311 311 311 311 311 311 311 310 310 310 310 310 310 310 310 310 310 310 309 309 308 308 308 308 308 308 308 307
282 282 282 282 282 282 282 282 282 282 282 282 282 282 282 282 282 282 282 282 282 282 282 282 282 282 312 312 312 312 312 312 312 313 313 313 313 312 312 312 312 312 313 313 313 313 313 312 312 312 312 312 312 312 312 312 312 311 311 311 311 311 311 311 312 312 311 311 311 311 311 310 310 310 310 310 309 309 309 310 310 310 310 310 309 308 308 308 308 308 308 308 308 308
282 282 282 282 282 282 282 282 282 282 282 282 282 282 282 282 282 282 282 282 282 282 282 282 282 282 313 312 312 312 312 312 312 312 312 313 313 313 312 312 312 312 312 312 313 313 313 313 311 311 311 311 311 311 312 312 312 312 311 311 311 311 311 311 311 311 311 311 311 311 310 310 310 310 310 310 310 309 309 309 309 309 309 309 309 309 308 308 308 308 308 308 308 308
282 282 282 282 282 282 282 282 282 282 282 282 282 282 282 282 282 282 282 282 282 282 282 282 282 282 282 311 312 312 312 312 312 312 312 312 313 313 313 312 312 312 311 311 311 311 312 312 312 311 311 311 311 311 311 311 311 312 312 311 311 311 311 311 311 311 311 311 309 309 310 310 310 310 310 310 310 309 309 309 309 309 308 308 308 308 308 308 308 308 308 308 308 308
282 282 282 282 282 282 282 282 282 282 282 282 282 282 282 282 282 282 282 282 282 282 282 282 282 282 282 311 311 312 311 311 311 311 311 311 311 311 312 312 311 311 311 311 311 311 311 311 312 312 311 311 311 311 311 311 311 311 311 311 311 311 311 311 311 311 310 310 310 309 309 309 310 310 310 310 310 310 309 309 309 308 308 308 308 308 308 307 307 307 308 308 308 307
282 282 282 282 282 282 282 282 282 282 282 282 282 282 282 282 282 282 282 282 282 282 282 282 282 282 282 282 311 311 311 311 311 311 311 311 311 311 311 311 312 311 311 311 311 311 311 311 311 311 312 311 311 311 311 311 311 311 311 311 311 311 311 311 310 310 310 310 310 310 309 309 309 309 309 310 310 310 310 308 308 308 308 308 308 308 308 308 307 307 307 307 306 306
282 282 282 282 282 282 282 282 282 282 282 282 282 282 282 282 282 282 282 282 282 282 282 282 282 282 282 282 311 311 311 311 311 311 311 311 311 311 311 311 311 311 311 311 311 311 311 311 311 311 311 311 311 311 311 311 311 311 311 311 311 309 309 309 310 310 310 310 310 310 309 309 309 309 309 309 309 309 308 309 308 308 308 308 308 308 308 308 308 307 306 306 306 306
282 282 282 282 282 282 282 282 282 282 282 282 282 282 282 282 282 282 282 282 282 282 282 282 282 282 282 282 282 311 311 311 311 310 310 311 311 311 311 311 311 311 311 311 311 311 311 311 311 311 311 311 310 310 311 311 311 311 311 310 310 310 309 309 309 309 309 310 310 310 310 309 309 309 309 309 308 308 308 308 307 307 308 308 308 308 308 308 308 306 306 306 306 306
282 282 282 282 282 282 282 282 282 282 282 282 282 282 282 282 282 282 282 282 282 282 282 282 282 282 282 282 282 282 311 311 311 311 310 310 310 311 311 311 311 311 311 311 310 310 311 311 311 311 311 311 311 310 310 310 309 310 310 310 310 310 310 309 309 309 309 309 309 309 310 310 309 309 309 308 308 308 308 308 308 307 307 307 307 307 308 308 307 307 306 306 306 306
282 282 282 282 282 282 282 282 282 282 282 282 282 282 282 282 282 282 282 282 282 282 282 282 282 282 282 282 282 282 311 311 311 311 311 310 310 310 310 311 311 311 311 311 310 310 310 310 311 311 311 311 310 310 309 309 309 309 309 310 310 310 310 310 309 309 309 309 309 309 309 309 309 308 308 308 308 308 308 308 308 308 307 307 307 307 307 306 306 306 307 306 306 306
282 282 282 282 282 282 282 282 282 282 282 282 282 282 282 282 282 282 282 282 282 282 282 282 282 282 282 282 282 282 282 327 311 311 311 310 310 310 310 310 311 311 311 311 311 310 310 309 309 309 310 310 310 310 310 309 309 309 309 309 309 309 310 310 309 309 309 309 309 309 309 308 308 307 307 307 308 308 308 308 308 308 307 307 307 306 306 306 306 306 306 305 305 305
282 282 282 282 282 282 282 282 282 282 282 282 282 282 282 282 282 282 282 282 282 282 282 282 282 282 282 282 282 282 282 326 326 326 326 326 325 310 310 310 310 310 310 310 310 310 309 309 309 309 309 309 309 310 310 310 309 309 309 309 309 309 309 309 310 309 309 309 309 308 308 308 308 308 307 307 307 307 307 308 308 308 308 307 306 306 306 306 306 306 306 306 305 305
282 282 282 282 282 282 282 282 282 282 282 282 282 282 282 282 282 282 282 282 282 282 282 282 282 282 282 282 282 282 282 282 331 330 329 327 326 325 325 325 325 325 310 310 310 310 310 309 309 309 309 309 309 309 309 310 310 309 309 309 309 309 309 309 309 309 308 308 308 308 308 308 308 308 308 307 307 307 307 307 307 307 307 307 306 306 306 306 306 306 306 306 306 305
282 282 282 282 282 282 282 282 282 282 282 282 282 282 282 282 282 282 282 282 282 282 282 282 282 282 282 282 282 282 282 282 336 335 334 333 332 331 329 328 326 325 325 325 325 325 325 310 309 309 309 309 309 309 309 309 309 309 309 309 309 309 309 309 308 308 308 307 307 307 308 308 308 308 308 308 307 307 307 307 307 306 306 306 306 305 305 306 306 306 306 306 306 305
282 282 282 282 282 282 282 282 282 282 282 282 282 282 282 282 282 282 282 282 282 282 282 282 282 282 282 282 282 282 282 282 282 339 338 337 337 336 335 333 332 331 330 329 328 326 325 325 325 325 325 325 309 309 309 309 309 309 308 308 309 309 308 308 308 308 308 307 307 307 307 307 307 308 308 308 307 307 307 306 306 306 306 306 306 305 305 305 305 305 305 306 306 305
282 282 282 282 282 282 282 282 282 282 282 282 282 282 282 282 282 282 282 282 282 282 282 282 282 282 282 282 282 282 282 282 282 343 342 341 340 340 339 338 336 336 335 334 333 332 331 330 329 327 325 325 325 325 325 325 325 309 309 308 308 308 308 308 308 308 308 308 307 307 307 307 307 307 307 307 307 307 306 306 306 306 306 306 306 306 305 305 305 305 305 304 304 304
282 282 282 282 282 282 282 282 282 282 282 282 282 282 282 282 282 282 282 282 282 282 282 282 282 282 282 282 282 282 282 282 282 282 345 345 344 343 343 342 341 339 339 338 337 336 335 334 334 333 331 329 328 327 327 325 324 324 324 324 323 308 308 308 308 308 308 308 308 307 307 307 307 307 307 307 306 306 305 305 306 306 306 306 306 306 306 305 305 305 304 304 304 304
282 282 282 282 282 282 282 282 282 282 282 282 282 282 282 282 282 282 282 282 282 282 282 282 282 282 282 282 282 282 282 282 282 282 282 348 347 346 346 345 345 344 342 341 341 340 339 338 338 337 336 333 332 331 330 329 329 328 326 325 324 323 323 323 323 308 308 308 308 308 307 307 307 307 306 306 306 306 305 305 305 305 305 305 306 306 306 305 305 304 304 304 304 304
282 282 282 282 282 282 282 282 282 282 282 282 282 282 282 282 282 282 282 282 282 282 282 282 282 282 282 282 282 282 282 282 282 282 282 350 350 349 349 348 348 347 346 345 344 343 342 341 340 339 339 338 336 335 334 333 332 331 330 330 329 327 326 324 323 323 323 323 323 323 307 307 306 306 306 306 306 306 306 305 305 305 305 305 305 305 305 304 304 304 304 304 304 304
282 282 282 282 282 282 282 282 282 282 282 282 282 282 282 282 282 282 282 282 282 282 282 282 282 282 282 282 282 282 282 282 282 282 282 282 351 351 350 350 349 349 348 347 346 345 345 344 343 343 342 341 341 339 338 337 336 336 335 334 333 333 331 330 328 327 326 325 323 323 322 321 321 321 306 306 306 306 306 306 305 305 305 305 305 305 304 304 304 303 303 303 303 304
282 282 282 282 282 282 282 282 282 282 282 282 282 282 282 282 282 282 282 282 282 282 282 282 282 282 282 282 282 282 282 282 282 282 282 282 282 353 353 352 352 351 351 350 349 348 347 347 346 346 345 344 344 343 341 341 340 339 338 337 337 336 335 333 333 332 331 330 328 326 325 324 321 321 321 321 321 306 306 306 306 305 305 305 304 304 304 304 304 303 303 303 303 303
282 282 282 282 282 282 282 282 282 282 282 282 282 282 282 282 282 282 282 282 282 282 282 282 282 282 282 282 282 282 282 282 282 282 282 282 282 356 355 355 354 354 353 353 352 351 350 349 349 348 348 347 346 346 344 344 343 342 341 341 340 339 338 337 336 334 333 333 332 331 330 329 327 325 324 322 321 321 321 321 321 305 305 304 304 304 304 304 304 304 303 303 303 303
282 282 282 282 282 282 282 282 282 282 282 282 282 282 282 282 282 282 282 282 282 282 282 282 282 282 282 282 282 282 282 282 282 282 282 282 282 282 357 357 356 356 355 355 354 354 352 352 351 351 350 350 349 348 348 346 346 345 344 344 343 342 341 340 338 337 336 336 335 334 334 333 332 330 329 328 326 325 324 322 321 320 319 319 319 304 304 304 304 304 303 303 303 303
282 282 282 282 282 282 282 282 282 282 282 282 282 282 282 282 282 282 282 282 282 282 282 282 282 282 282 282 282 282 282 282 282 282 282 282 282 282 282 359 359 358 358 357 357 356 356 354 354 353 353 352 352 351 350 350 348 348 347 345 345 344 343 343 342 340 339 339 338 337 336 335 335 335 333 332 331 330 328 326 325 324 321 320 319 319 319 319 319 303 303 303 303 303
282 282 282 282 282 282 282 282 282 282 282 282 282 282 282 282 282 282 282 282 282 282 282 282 282 282 282 282 282 282 282 282 282 282 282 282 282 282 282 361 361 360 360 359 359 358 358 357 356 355 355 354 354 353 353 351 351 349 348 348 347 347 346 345 345 344 342 342 341 340 339 339 338 337 335 334 333 332 331 330 329 328 327 325 323 322 321 319 319 319 319 319 301 301
282 282 282 282 282 282 282 282 282 282 282 282 282 282 282 282 282 282 282 282 282 282 282 282 282 282 282 282 282 282 282 282 282 282 282 282 282 282 282 282 363 362 362 361 361 360 360 359 358 357 356 355 355 354 354 353 353 351 351 350 350 349 348 348 347 347 345 344 344 343 342 341 341 340 339 336 336 335 334 333 333 332 331 330 328 327 325 324 323 321 320 318 317 317
282 282 282 282 282 282 282 282 282 282 282 282 282 282 282 282 282 282 282 282 282 282 282 282 282 282 282 282 282 282 282 282 282 282 282 282 282 282 282 282 282 364 364 362 362 361 361 360 360 358 358 357 357 356 356 355 355 354 353 352 352 351 351 350 350 349 348 347 346 345 345 344 343 342 341 340 338 338 337 336 335 334 333 333 331 331 330 328 327 325 324 322 321 318
282 282 282 282 282 282 282 282 282 282 282 282 282 282 282 282 282 282 282 282 282 282 282 282 282 282 282 282 282 282 282 282 282 282 282 282 282 282 282 282 282 365 364 364 363 363 363 362 362 361 360 359 359 358 358 357 357 356 356 354 354 353 353 352 352 351 351 350 348 348 347 346 345 344 344 343 341 340 340 339 338 337 337 336 335 333 332 331 329 329 328 327 326 323
282 282 282 282 282 282 282 282 282 282 282 282 282 282 282 282 282 282 282 282 282 282 282 282 282 282 282 282 282 282 282 282 282 282 282 282 282 282 282 282 282 282 366 366 365 365 364 364 364 363 363 361 361 360 360 359 359 358 358 357 356 355 355 354 354 353 353 352 350 349 348 348 347 347 346 345 345 343 342 342 341 340 339 338 338 337 334 333 332 331 330 329 328 327
282 282 282 282 282 282 282 282 282 282 282 282 282 282 282 282 282 282 282 282 282 282 282 282 282 282 282 282 282 282 282 282 282 282 282 282 282 282 282 282 282 282 282 367 367 366 366 366 365 365 364 363 362 362 362 361 361 360 360 359 358 357 357 356 356 354 354 353 353 351 351 350 349 349 348 348 347 346 345 344 343 343 342 341 339 339 337 336 335 334 333 333 332 331
282 282 282 282 282 282 282 282 282 282 282 282 282 282 282 282 282 282 282 282 282 282 282 282 282 282 282 282 282 282 282 282 282 282 282 282 282 282 282 282 282 282 282 282 368 368 368 367 367 366 366 366 364 364 363 363 362 362 362 361 361 359 358 357 357 356 356 355 355 354 352 352 351 351 350 350 349 348 347 346 346 345 343 342 342 341 340 339 338 337 336 335 335 334
282 282 282 282 282 282 282 282 282 282 282 282 282 282 282 282 282 282 282 282 282 282 282 282 282 282 282 282 282 282 282 282 282 282 282 282 282 282 282 282 282 282 282 282 282 370 369 369 368 368 368 367 367 365 365 365 364 364 363 362 361 361 359 359 358 358 357 357 356 356 354 354 353 353 352 352 351 350 350 348 347 346 345 345 344 343 343 341 340 340 339 338 337 336
282 282 282 282 282 282 282 282 282 282 282 282 282 282 282 282 282 282 282 282 282 282 282 282 282 282 282 282 282 282 282 282 282 282 282 282 282 282 282 282 282 282 282 282 282 371 371 370 370 370 369 369 368 367 367 365 365 364 364 363 363 362 361 361 360 360 359 359 358 358 357 356 355 355 354 354 353 352 351 350 349 348 347 347 346 346 345 344 343 342 341 340 340 339
282 282 282 282 282 282 282 282 282 282 282 282 282 282 282 282 282 282 282 282 282 282 282 282 282 282 282 282 282 282 282 282 282 282 282 282 282 282 282 282 282 282 282 282 282 282 372 372 371 370 370 369 369 368 367 367 366 366 365 365 365 364 364 362 362 361 361 360 360 359 359 358 357 356 356 355 354 353 353 352 351 350 349 349 348 348 347 346 346 344 343 343 341 340
282 282 282 282 282 282 282 282 282 282 282 282 282 282 282 282 282 282 282 282 282 282 282 282 282 282 282 282 282 282 282 282 282 282 282 282 282 282 282 282 282 282 282 282 282 282 282 372 372 371 371 371 370 370 369 368 368 367 367 366 366 366 365 365 363 363 362 362 361 361 361 360 359 358 357 356 356 355 354 354 353 352 351 351 350 350 349 348 348 346 345 344 343 342
282 282 282 282 282 282 282 282 282 282 282 282 282 282 282 282 282 282 282 282 282 282 282 282 282 282 282 282 282 282 282 282 282 282 282 282 282 282 282 282 282 282 282 282 282 282 282 282 373 373 372 372 372 371 371 370 369 369 368 368 368 367 367 366 365 364 364 363 363 363 362 361 360 359 358 358 357 357 356 356 355 354 353 352 352 351 351 350 350 348 346 346 345 344
282 282 282 282 282 282 282 282 282 282 282 282 282 282 282 282 282 282 282 282 282 282 282 282 282 282 282 282 282 282 282 282 282 282 282 282 282 282 282 282 282 282 282 282 282 282 282 282 282 374 374 373 373 373 372 372 370 370 370 369 369 369 368 368 367 366 365 365 365 363 363 362 362 360 360 359 359 358 358 357 357 356 355 354 354 353 353 351 350 350 348 348 347 346
282 282 282 282 282 282 282 282 282 282 282 282 282 282 282 282 282 282 282 282 282 282 282 282 282 282 282 282 282 282 282 282 282 282 282 282 282 282 282 282 282 282 282 282 282 282 282 282 282 282 375 375 374 374 374 373 373 371 371 371 370 370 369 369 369 367 366 365 365 365 364 364 363 363 361 361 360 360 359 359 358 358 356 356 355 354 353 353 352 352 351 349 349 348
282 282 282 282 282 282 282 282 282 282 282 282 282 282 282 282 282 282 282 282 282 282 282 282 282 282 282 282 282 282 282 282 282 282 282 282 282 282 282 282 282 282 282 282 282 282 282 282 282 282 282 376 376 375 375 374 374 373 372 372 372 371 370 369 369 369 367 367 366 366 365 365 365 364 364 362 362 361 361 360 360 359 359 357 356 355 355 354 354 353 353 351 350 350
282 282 282 282 282 282 282 282 282 282 282 282 282 282 282 282 282 282 282 282 282 282 282 282 282 282 282 282 282 282 282 282 282 282 282 282 282 282 282 282 282 282 282 282 282 282 282 282 282 282 282 282 377 376 376 376 375 375 373 372 372 371 371 371 370 370 370 368 368 367 367 366 366 366 365 364 363 363 362 362 361 360 359 359 357 357 356 356 355 355 354 354 352 352
282 282 282 282 282 282 282 282 282 282 282 282 282 282 282 282 282 282 282 282 282 282 282 282 282 282 282 282 282 282 282 282 282 282 282 282 282 282 282 282 282 282 282 282 282 282 282 282 282 282 282 282 282 378 376 376 376 375 375 373 373 373 372 372 372 371 371 369 369 369 368 368 367 367 366 366 365 364 364 362 362 361 361 360 359 358 358 357 357 356 356 355 354 353
282 282 282 282 282 282 282 282 282 282 282 282 282 282 282 282 282 282 282 282 282 282 282 282 282 282 282 282 282 282 282 282 282 282 282 282 282 282 282 282 282 282 282 282 282 282 282 282 282 282 282 282 282 282 377 377 377 376 376 375 374 374 374 373 373 372 372 372 370 370 369 369 369 368 368 367 366 364 364 364 363 363 362 362 361 360 359 359 358 401 400 400 399 398
