testData/tiles/oneDegreeCosts/grid25.0-3.0-26.0-4.0.asc
ncols   200
nrows   200
xllcorner   25.0
yllcorner   3.0
cellsize   0.005
NODATA_value   -9999.0
[rows 0 to 41 of 200, columns 94 to 187 of 200]
791 790 781 781 780 780 780 780 796 699 698 698 698 698 697 696 696 696 696 695 694 694 694 694 693 692 692 691 690 690 690 690 690 691 691 771 772 772 772 771 772 772 773 773 772 772 773 772 772 773 772 772 772 772 772 771 772 771 770 770 771 772 769 770 770 769 769 769 768 768 767 767 765 766 766 764 764 763 763 762 761 761 759 759 758 757 756 755 755 754 753 754 673 661
790 790 790 781 780 780 780 779 796 699 698 698 698 697 697 696 696 696 695 695 695 694 694 693 693 693 692 691 691 690 690 690 690 691 691 691 772 773 772 771 772 772 773 773 772 772 773 772 772 772 772 772 772 772 771 771 772 772 771 770 771 770 769 769 769 770 769 768 768 768 767 767 765 765 765 765 763 763 763 761 761 760 758 758 757 756 756 756 756 756 755 663 663 663
790 790 790 790 781 780 779 779 796 699 698 698 697 697 697 697 696 696 695 695 695 694 693 693 693 693 691 691 691 691 690 690 690 691 691 691 772 772 773 771 771 772 773 773 772 772 772 773 772 772 772 772 772 772 771 771 771 772 771 770 771 770 769 769 769 769 769 767 768 767 767 766 766 764 765 764 763 762 762 761 760 759 758 758 758 756 757 757 746 746 745 664 664 664
790 790 790 790 780 779 779 779 796 699 699 697 697 697 697 697 696 695 695 695 695 693 693 693 693 693 691 691 691 691 690 690 690 690 691 691 691 772 773 773 771 772 773 773 772 772 772 773 773 772 772 772 772 772 771 772 771 772 770 770 771 770 770 769 769 769 768 767 767 767 766 766 765 764 764 764 762 761 760 760 759 759 758 759 759 757 747 747 746 747 665 664 665 665
790 790 790 789 789 780 779 779 699 699 698 697 697 697 697 696 696 695 695 695 694 694 693 693 693 692 692 691 691 690 690 690 690 690 691 691 690 691 773 773 771 772 772 773 772 771 772 773 772 772 772 772 772 771 771 772 771 771 770 770 769 770 770 768 769 768 768 766 767 766 766 765 765 763 763 763 760 760 760 761 760 760 760 759 749 748 748 748 748 667 666 665 666 666
790 789 789 789 789 780 779 779 698 698 698 699 698 698 697 697 696 695 695 694 694 694 693 693 692 692 692 691 690 690 690 691 689 690 691 690 690 691 773 772 771 772 772 773 772 771 772 773 772 771 771 772 772 770 771 771 770 771 770 770 769 770 769 768 767 768 768 766 766 766 765 765 764 762 762 762 761 761 761 762 761 750 750 750 750 750 749 749 749 668 667 667 667 667
789 789 789 789 789 789 779 778 698 698 698 699 698 697 697 697 696 695 694 694 694 694 693 692 692 692 692 690 690 690 690 690 689 690 691 690 690 691 691 772 772 771 772 773 771 771 772 772 772 771 771 772 771 770 771 770 770 770 769 770 769 769 769 768 767 767 767 765 765 765 764 764 763 763 762 763 762 762 762 752 751 750 751 750 751 751 749 750 669 669 668 668 668 668
790 789 789 789 789 788 779 778 698 698 698 698 696 696 696 696 696 695 694 694 694 694 693 692 692 692 691 691 690 690 689 689 689 690 690 690 691 690 690 691 772 771 772 772 771 771 771 771 772 770 771 771 771 770 769 770 771 769 769 768 768 769 768 768 766 766 766 764 764 764 764 764 763 764 763 764 752 752 752 752 752 751 752 751 751 752 750 670 670 669 669 669 668 669
790 789 789 788 788 788 788 698 698 698 697 697 697 696 696 696 695 695 694 694 694 693 693 692 692 691 691 691 690 688 688 689 689 689 690 690 691 689 690 691 690 771 771 771 771 771 770 771 772 770 770 770 771 769 769 770 769 769 768 768 768 767 767 766 765 765 765 764 764 765 765 765 764 765 753 753 753 752 753 753 753 752 753 752 752 753 671 671 671 670 670 670 669 670
790 789 788 788 788 788 788 692 698 697 697 697 697 696 696 695 695 695 694 694 693 693 693 692 691 691 691 690 689 688 688 689 689 689 690 689 689 689 690 690 689 689 770 771 771 770 770 771 770 770 770 769 770 768 768 769 768 768 766 767 767 766 766 765 765 765 766 765 765 765 766 754 754 754 754 754 754 754 754 754 755 753 753 754 753 673 672 671 672 672 670 671 670 671
788 788 787 788 788 788 788 692 697 697 697 697 697 695 695 695 695 695 695 693 693 693 693 692 690 690 690 689 689 688 688 688 689 688 689 688 689 689 688 689 689 690 689 770 770 770 769 769 770 769 768 769 769 768 767 767 767 767 766 766 766 766 766 766 767 766 767 756 756 756 756 755 755 755 756 755 755 755 754 755 755 754 754 755 673 673 673 672 673 673 671 672 672 671
788 788 787 787 787 786 786 692 705 697 697 697 696 696 695 695 695 694 693 692 692 692 691 691 690 690 689 689 689 688 686 687 688 688 688 688 688 689 688 689 688 688 688 689 768 769 769 768 769 769 767 768 767 767 767 767 767 767 766 767 767 767 767 767 756 756 756 756 756 756 756 757 755 756 756 756 755 756 755 756 756 755 755 674 674 674 674 673 673 674 672 673 673 672
787 787 787 786 786 786 786 692 706 696 695 695 695 695 694 694 693 693 693 692 692 691 691 691 690 688 688 688 688 686 686 687 688 687 687 687 688 687 687 688 687 687 687 687 686 768 767 767 768 767 767 767 767 767 767 767 768 768 767 767 757 757 757 757 757 757 757 757 756 757 757 758 756 757 757 757 756 757 756 757 757 755 675 675 675 674 674 674 674 675 673 673 674 673
786 786 786 785 785 785 692 692 704 703 694 695 695 695 693 693 692 692 692 691 690 690 690 690 689 688 688 688 686 685 685 686 686 687 686 686 686 687 686 685 686 686 686 686 686 686 767 767 767 767 768 767 768 767 767 768 758 758 758 758 758 758 757 757 758 757 758 757 758 758 758 759 757 758 758 757 757 757 757 757 758 676 676 676 676 675 675 676 675 675 674 674 675 674
785 785 785 785 784 784 692 692 704 703 694 694 693 693 693 692 692 692 691 691 690 689 689 688 688 687 687 686 686 685 684 684 685 686 685 685 685 685 685 685 685 685 686 686 686 686 687 767 767 768 768 768 758 758 758 758 758 759 758 758 758 759 758 758 759 758 759 758 759 758 759 758 758 758 759 758 758 758 759 758 678 677 676 677 677 676 676 676 676 676 676 675 675 675
784 784 784 783 782 782 692 692 703 703 701 692 692 692 692 691 690 690 690 690 688 687 687 687 687 686 685 685 684 684 684 684 684 685 685 685 685 685 686 685 685 686 687 687 686 687 688 683 757 757 758 758 758 758 759 758 759 759 759 759 759 760 758 759 759 760 759 759 760 759 760 759 759 759 760 760 758 759 759 678 678 678 677 678 678 676 677 677 677 677 676 676 676 676
783 783 783 783 782 782 692 692 701 701 700 691 691 691 690 689 689 689 689 689 688 687 687 687 686 686 685 685 685 684 684 684 685 685 685 685 685 686 687 685 686 683 683 683 683 683 683 683 683 758 759 758 759 759 759 759 759 759 760 759 760 760 759 760 760 761 760 760 760 760 760 760 760 760 760 761 759 760 679 679 678 679 678 678 679 677 678 678 677 677 677 677 677 677
784 784 784 784 784 692 692 692 702 702 701 701 692 691 691 691 690 690 689 689 689 688 688 687 687 687 686 685 685 685 685 684 685 683 683 683 683 683 683 683 683 683 683 683 683 683 683 683 683 683 683 760 760 759 760 760 760 760 760 760 761 761 761 760 761 761 760 760 761 760 761 761 761 761 761 761 680 680 680 679 679 679 679 679 680 678 678 679 678 678 678 677 678 678
774 774 774 773 773 692 692 692 692 692 691 690 683 683 683 683 683 683 683 683 683 683 683 683 683 683 683 683 683 683 683 683 683 683 683 683 683 683 683 683 683 683 683 683 683 683 683 683 683 683 683 683 683 760 761 761 761 761 761 761 761 762 761 761 762 762 761 761 762 762 762 761 762 761 681 680 680 680 681 680 680 680 679 680 680 680 679 680 679 678 679 678 678 678
774 774 774 774 774 692 692 692 692 692 692 691 691 683 683 683 683 683 683 683 683 683 683 683 683 683 683 683 683 683 683 683 683 683 683 683 683 683 683 683 683 683 683 683 683 683 683 683 683 683 683 683 683 683 683 762 762 761 762 761 762 762 762 762 762 763 762 762 762 763 761 762 681 681 681 681 680 681 681 682 680 681 681 681 680 680 680 680 681 679 679 680 679 679
775 775 775 775 775 692 692 692 693 693 693 692 691 683 683 683 683 683 683 683 683 683 683 683 683 683 683 683 683 683 683 683 683 683 683 683 683 683 683 683 683 683 683 683 683 683 683 683 683 683 683 683 683 683 683 683 683 762 762 763 763 762 763 762 763 763 763 763 763 764 682 682 682 682 682 682 682 682 682 682 681 681 682 681 681 681 681 681 680 680 680 681 680 679
776 776 775 775 692 692 692 692 694 694 693 693 692 692 683 683 683 683 683 683 683 683 683 683 683 683 683 683 683 683 683 683 683 683 683 683 683 683 683 683 683 683 683 683 683 683 683 683 683 683 683 683 683 683 683 683 683 683 683 683 683 683 683 683 683 683 683 683 683 683 682 682 683 683 682 682 683 682 683 682 682 682 683 681 681 682 681 682 681 681 681 681 681 680
776 776 776 776 692 692 692 692 694 694 694 694 693 693 683 683 683 683 683 683 683 683 683 683 683 683 683 683 683 683 683 683 683 683 683 683 683 683 683 683 683 683 683 683 683 683 683 683 683 683 683 683 683 683 683 683 683 683 683 683 683 683 683 684 683 683 683 683 683 684 683 683 684 684 683 683 684 683 683 683 682 683 683 682 682 683 682 682 682 681 682 682 681 681
778 777 777 777 692 692 692 692 695 695 695 695 693 693 693 684 684 683 683 683 683 683 683 683 683 683 683 683 683 683 683 683 683 683 683 683 683 683 683 683 683 683 683 683 683 683 683 683 683 683 683 683 683 683 683 684 683 683 683 684 683 683 684 684 684 683 684 684 684 684 684 684 684 685 683 684 684 684 683 684 683 684 684 682 683 683 683 682 683 682 682 683 681 681
779 777 777 692 692 692 692 692 696 695 695 695 694 694 694 684 684 684 683 683 683 683 683 683 683 683 683 683 683 683 683 683 683 683 683 683 683 683 683 683 683 683 683 683 683 683 683 683 683 683 683 683 683 683 684 684 684 684 684 685 683 684 684 685 684 684 685 684 685 684 685 684 685 684 684 684 685 684 684 684 684 684 684 684 684 684 684 683 683 683 683 682 682 682
779 778 778 692 692 692 692 692 696 696 696 696 696 694 694 694 685 685 684 683 683 683 683 683 683 683 683 683 683 683 683 683 683 683 683 683 683 683 683 683 683 683 683 683 683 683 683 683 683 683 683 683 684 684 684 684 685 684 685 685 685 685 685 686 684 685 685 686 685 685 685 685 686 685 685 685 686 685 685 685 685 685 684 685 684 685 684 684 684 684 684 683 684 683
780 779 779 692 692 692 692 692 697 697 696 696 696 695 695 695 685 685 684 684 684 684 683 683 683 683 683 683 683 683 683 683 683 683 683 683 683 683 683 683 683 683 683 683 683 684 683 683 684 685 683 684 685 684 685 685 685 685 685 685 686 685 686 686 685 685 686 687 685 686 686 686 686 686 685 686 686 686 685 686 686 686 685 685 685 685 685 684 685 685 684 684 684 684
780 780 779 692 692 692 692 692 697 697 697 697 697 696 695 695 695 686 686 685 684 684 684 684 683 683 683 683 683 683 683 683 683 683 683 683 683 683 683 683 683 683 683 683 684 684 683 684 685 685 684 685 685 686 685 685 686 685 686 686 686 686 686 686 686 686 687 687 686 686 687 686 686 686 687 686 687 686 686 686 687 686 686 686 686 686 685 685 685 686 684 684 685 684
781 781 692 692 692 692 692 692 698 698 698 697 697 696 696 696 696 686 686 685 685 685 684 684 683 683 683 683 683 683 683 683 683 683 683 683 683 683 683 683 683 684 683 684 685 684 684 685 685 685 685 685 686 687 685 686 686 687 686 686 687 686 687 687 687 687 687 687 686 687 687 688 686 687 687 687 687 687 686 687 687 686 686 687 686 686 686 685 686 685 685 685 686 685
781 781 692 692 692 692 692 692 692 698 698 698 698 698 697 696 696 696 687 686 685 685 685 685 684 683 683 683 683 683 683 683 683 683 683 683 683 683 683 684 683 684 684 685 685 685 685 685 686 686 685 686 686 686 686 686 687 688 686 687 687 687 687 687 688 687 688 687 687 687 688 688 687 688 688 688 687 688 687 688 687 686 687 687 687 686 687 686 687 686 685 686 686 685
782 782 692 692 692 692 692 692 692 699 699 699 698 698 697 697 697 697 687 686 686 686 686 685 684 684 684 684 683 683 683 683 683 683 683 683 683 684 684 684 684 685 684 685 685 685 685 686 686 686 686 686 687 687 686 687 688 687 687 687 688 689 687 688 688 688 688 688 689 688 689 688 688 688 689 688 688 688 688 688 688 687 688 688 687 687 687 687 687 687 686 686 687 685
783 692 692 692 692 692 692 692 692 699 699 699 699 699 698 698 697 697 697 687 687 686 686 686 685 685 684 684 684 683 683 683 683 684 683 683 684 684 684 684 685 685 685 686 685 686 687 686 686 687 687 687 688 687 687 688 688 688 687 688 689 688 688 688 689 688 688 689 689 689 689 689 688 689 689 688 688 689 688 688 688 689 688 688 688 688 688 688 687 687 688 687 686 686
783 692 692 692 692 692 692 692 692 700 700 700 700 699 698 698 698 698 698 688 687 687 687 687 686 685 685 685 684 683 683 683 683 684 683 684 684 685 685 684 685 686 687 686 686 687 687 687 687 687 688 688 688 688 688 688 688 688 688 689 689 689 688 689 689 688 689 689 690 689 689 689 689 689 689 688 689 689 690 688 689 689 689 688 689 688 689 688 687 688 688 688 687 687
784 692 692 692 692 692 692 692 692 701 700 700 700 700 700 699 698 698 698 689 688 687 687 687 687 686 685 685 685 685 683 683 684 685 683 684 685 686 685 685 686 686 687 686 686 687 688 687 687 688 688 688 688 688 689 689 688 689 689 689 689 689 689 689 690 690 689 690 690 689 689 690 689 690 689 690 689 690 689 689 689 690 689 689 689 689 689 689 688 688 689 688 688 688
692 692 692 692 692 692 692 692 692 701 701 701 701 700 700 699 699 699 699 698 688 688 688 688 687 686 686 686 685 685 684 684 684 684 684 685 685 686 686 686 686 687 687 686 687 688 688 687 688 688 689 688 688 689 690 689 689 689 690 690 689 690 689 690 690 690 690 690 691 689 690 690 690 690 690 691 690 690 690 690 690 690 689 689 690 689 689 689 689 689 688 688 688 689
692 692 692 692 692 692 692 692 692 703 701 701 701 701 701 700 699 699 699 699 689 689 688 688 688 687 686 686 686 686 685 684 685 685 685 685 686 686 686 686 687 688 687 687 688 688 688 688 688 689 690 688 689 690 690 689 689 690 691 690 690 690 690 691 690 691 690 691 690 690 691 691 691 690 691 691 691 690 691 690 691 690 690 690 690 689 689 690 689 690 689 688 689 689
692 692 692 692 692 692 692 692 692 703 702 702 702 701 701 700 700 700 700 699 699 689 689 689 688 687 687 687 687 686 685 685 685 685 686 686 686 686 687 687 687 687 688 687 688 689 688 688 689 689 689 689 689 690 690 689 690 691 691 690 690 691 692 691 691 691 691 691 691 691 691 692 691 691 691 692 691 691 691 691 691 691 690 691 691 689 690 690 690 690 690 689 689 689
692 692 692 692 692 692 692 692 692 704 702 702 702 702 702 702 700 700 700 700 700 690 689 689 689 689 687 687 687 687 686 685 685 686 687 686 686 687 687 687 688 688 688 689 689 689 689 690 689 689 690 690 690 691 690 690 690 691 691 690 691 691 692 691 691 692 691 691 692 692 692 692 692 691 692 692 691 691 692 691 691 691 691 691 691 690 690 691 690 690 690 690 690 689
692 692 692 692 692 692 692 692 692 692 703 703 703 702 702 702 701 701 701 700 700 699 690 690 689 689 688 688 688 687 687 686 686 686 687 687 686 687 688 688 688 688 689 689 689 689 689 690 690 690 690 691 690 690 691 690 691 692 691 691 691 692 692 691 692 692 691 691 692 693 692 692 692 692 692 692 691 692 692 691 691 692 692 691 691 692 691 691 691 690 691 690 690 690
692 692 692 692 692 692 692 692 692 692 704 703 703 703 703 703 701 701 701 701 701 700 690 690 690 690 688 688 688 688 688 686 686 687 688 687 687 688 688 689 688 689 689 690 689 689 690 691 690 690 691 691 691 691 691 692 691 691 692 691 692 692 692 692 692 693 691 692 693 693 692 692 693 692 692 692 692 692 692 692 692 692 693 691 692 692 692 691 691 691 691 691 690 691
692 692 692 692 692 692 692 692 692 692 705 704 704 703 703 703 702 702 702 701 701 700 691 691 690 690 689 689 689 688 688 687 687 687 688 687 687 688 689 689 688 689 690 689 689 690 691 691 690 691 691 692 691 691 692 692 691 692 692 692 692 692 693 692 693 693 693 693 693 693 692 693 693 692 692 693 693 693 692 693 692 693 692 692 692 693 692 692 692 691 691 691 691 691
692 692 692 692 692 692 692 692 692 692 705 704 704 704 704 704 702 702 702 702 702 700 700 691 691 691 689 689 689 689 689 687 687 688 688 688 688 689 689 689 689 690 690 690 690 690 691 691 690 691 692 691 691 692 692 693 692 692 693 693 692 693 693 693 693 693 693 693 694 693 693 693 694 692 693 693 694 693 693 693 693 693 693 692 693 692 692 692 693 692 691 692 691 692
