testData/tiles/oneDegreeCosts/grid47.0-18.0-48.0-19.0.asc
ncols   200
nrows   200
xllcorner   47.0
yllcorner   18.0
cellsize   0.005
NODATA_value   -9999.0
[rows 126 to 167 of 200, columns 94 to 187 of 200]
668 669 669 669 669 668 668 668 669 669 668 668 668 668 668 667 667 668 668 668 667 667 667 667 584 583 583 583 584 584 583 583 583 583 582 582 582 582 581 581 581 581 581 581 581 581 580 580 580 580 669 669 669 669 668 668 668 667 667 667 667 666 666 666 665 665 665 665 664 664 664 663 663 663 662 662 662 740 740 740 739 739 739 738 738 738 737 737 737 736 736 736 736 736
670 669 669 669 669 669 669 669 669 669 669 669 668 668 669 669 669 668 668 668 668 668 667 667 668 585 584 584 584 584 584 583 583 583 583 582 582 583 583 582 582 582 582 581 581 581 581 580 580 670 670 669 669 669 669 668 668 669 668 668 668 668 667 667 667 666 666 666 665 665 665 665 664 664 664 663 742 742 741 741 741 740 740 740 739 739 739 738 738 738 737 737 737 737
670 670 669 670 670 670 670 670 669 669 669 670 670 669 669 669 669 669 668 668 669 669 669 668 668 585 585 585 584 584 584 584 584 584 584 584 583 583 583 583 582 582 582 582 581 581 581 581 580 671 671 671 670 670 670 670 669 669 669 668 668 668 668 667 667 667 666 666 666 665 665 665 665 664 664 743 742 742 742 741 741 741 740 740 740 739 739 739 738 738 737 737 737 737
671 671 671 670 670 670 670 670 671 670 670 670 670 670 669 669 669 670 670 669 669 669 669 669 668 668 585 585 586 585 585 585 585 584 584 584 584 583 583 583 583 582 582 583 583 582 582 582 672 671 671 671 671 670 670 670 670 669 669 669 668 668 668 667 667 667 667 666 666 666 665 665 665 664 743 743 742 742 742 741 741 741 740 740 740 739 739 739 738 738 738 737 737 737
671 671 671 671 670 670 671 671 671 671 670 670 670 670 671 670 670 670 670 670 669 669 669 669 670 669 586 586 586 585 585 585 585 585 584 584 584 584 584 584 584 584 583 583 583 583 582 672 672 672 671 671 671 671 670 670 670 669 669 669 669 669 669 669 668 668 668 668 667 667 667 666 666 745 744 744 744 743 743 743 742 742 742 741 741 741 740 740 740 739 738 738 737 737
671 671 671 672 672 672 671 671 671 671 671 671 671 671 671 671 670 670 670 670 670 670 670 670 670 670 669 586 586 586 585 585 585 586 586 585 585 585 585 584 584 584 584 583 583 583 583 672 672 672 672 672 672 672 671 671 671 671 670 670 670 669 669 669 669 668 668 668 667 667 667 666 745 745 745 744 744 744 743 743 743 742 742 742 741 741 741 740 740 739 739 739 738 738
672 672 672 672 672 672 671 671 671 672 672 672 671 671 671 671 671 670 671 671 671 671 670 670 670 670 670 669 586 587 587 586 586 586 586 585 585 585 585 585 584 584 584 584 583 584 674 673 673 673 673 672 672 672 672 671 671 671 671 670 670 670 669 669 669 668 668 668 668 667 667 746 745 745 745 744 744 744 743 743 743 742 742 742 741 741 741 740 740 740 739 739 739 738
673 672 672 672 672 672 673 672 672 672 672 672 672 671 671 672 672 672 671 671 671 671 671 670 670 670 671 670 587 587 587 587 586 586 586 586 585 585 585 585 585 585 585 585 584 674 674 674 673 673 673 673 672 672 672 671 671 671 671 670 670 670 670 669 669 669 668 668 669 668 747 747 746 746 746 746 745 745 745 744 744 744 743 742 742 741 741 741 740 740 739 739 739 738
673 673 672 672 673 673 673 673 672 672 672 672 673 672 672 672 672 672 671 671 671 671 672 671 671 671 671 671 670 587 587 587 586 586 586 587 586 586 586 586 586 585 585 585 585 674 674 674 674 673 673 673 672 672 672 673 672 672 672 671 671 671 671 670 670 670 669 669 669 669 747 747 747 746 746 746 745 745 745 744 744 744 743 743 743 742 742 742 741 741 741 740 740 739
673 674 674 673 673 673 673 673 672 673 673 673 673 673 672 672 672 672 672 672 672 672 672 672 671 671 671 671 670 587 587 588 588 587 587 587 587 586 586 586 586 585 585 585 675 674 674 674 675 674 674 674 674 673 673 673 672 672 672 672 671 671 671 670 670 670 670 669 669 748 747 747 747 746 746 746 745 745 745 744 744 744 743 743 743 742 742 742 741 741 741 740 740 740
674 674 674 673 673 673 673 674 674 673 673 673 673 673 672 672 673 673 673 672 672 672 672 672 671 671 671 672 671 671 588 588 588 587 587 587 587 586 586 586 586 585 586 676 676 675 675 675 675 674 674 674 674 673 673 673 673 672 672 672 671 671 671 671 670 670 670 669 748 748 747 747 747 746 746 746 746 745 745 745 744 744 744 743 743 743 742 742 741 741 741 740 740 740
674 674 674 673 674 674 674 674 674 673 673 673 673 674 673 673 673 673 673 672 672 672 672 672 672 672 672 672 672 671 588 588 588 587 587 587 587 586 587 587 587 587 586 676 676 676 675 675 675 674 674 674 674 673 673 673 673 672 672 672 671 671 672 672 671 671 671 749 749 749 748 748 748 748 747 747 747 746 746 746 745 745 745 744 744 744 743 743 743 741 741 740 740 740
674 674 675 675 674 674 674 674 674 673 673 674 674 674 673 673 673 673 673 672 672 673 673 673 672 672 672 672 672 671 671 588 588 588 588 588 588 588 587 587 587 587 676 676 676 676 675 675 675 675 674 674 674 674 674 674 674 673 673 673 672 672 672 672 671 671 750 749 749 749 749 748 748 748 747 747 747 746 746 746 745 745 745 744 744 744 743 743 743 742 742 742 741 741
675 675 675 675 674 674 674 674 675 674 674 674 674 674 674 673 673 673 674 674 673 673 673 673 672 672 672 672 672 671 672 589 589 588 588 588 588 588 587 587 587 677 676 676 676 676 676 676 676 676 675 675 675 674 674 674 674 673 673 673 672 672 672 672 671 671 750 749 749 749 749 748 748 748 747 747 747 746 746 746 745 745 745 744 744 744 743 743 743 742 742 742 741 741
675 675 675 675 674 674 675 675 675 674 674 674 674 674 674 674 674 674 674 673 673 673 673 673 672 672 673 673 673 672 672 672 589 588 588 588 588 588 587 587 587 678 677 677 677 677 676 676 676 676 675 675 675 674 674 674 674 673 673 673 672 672 672 672 671 750 750 749 749 749 749 748 748 748 747 747 747 746 746 746 745 745 745 744 744 744 743 743 743 742 742 742 741 741
675 675 675 675 675 675 675 675 675 674 674 674 675 675 674 674 674 674 674 673 673 673 673 674 673 673 673 673 673 672 672 672 589 588 588 588 588 588 588 588 678 678 677 677 677 677 676 676 676 675 675 675 675 674 674 674 674 673 673 673 672 673 673 673 751 751 751 750 750 750 749 749 749 749 748 748 748 747 747 747 746 746 746 745 745 745 744 744 744 743 742 741 741 741
675 676 676 675 675 675 675 675 675 674 675 675 675 675 674 674 674 674 674 673 674 674 674 674 673 673 673 673 672 672 672 672 672 589 589 589 589 588 588 678 678 677 677 677 677 676 676 676 676 675 675 675 676 675 675 675 675 674 674 674 673 673 673 752 751 751 751 750 750 750 749 749 749 748 748 748 748 747 747 747 746 746 746 745 745 745 744 744 743 743 743 742 742 742
676 676 676 675 675 675 675 676 675 675 675 675 675 675 674 674 674 675 675 674 674 674 674 674 673 673 673 673 672 673 673 673 673 589 589 589 589 588 588 678 678 677 677 677 677 676 677 677 677 676 676 676 676 675 675 675 674 674 674 674 673 673 673 751 751 751 751 750 750 750 749 749 749 748 748 748 747 747 747 746 746 746 745 745 745 744 744 744 743 743 743 742 742 742
676 676 675 675 675 676 676 676 675 675 675 675 675 674 674 675 675 675 674 674 674 674 674 673 673 673 674 674 673 673 673 673 672 672 589 589 588 588 678 678 678 678 678 678 678 677 677 677 677 676 676 676 675 675 675 675 674 674 674 673 673 673 752 751 751 751 750 750 750 750 749 749 749 748 748 748 747 747 747 746 746 746 745 745 745 744 744 744 743 743 743 742 742 741
676 675 675 676 676 676 676 675 675 675 675 675 676 675 675 675 675 675 674 674 674 674 674 674 674 674 674 673 673 673 673 673 672 672 589 589 588 679 679 679 678 678 678 678 677 677 677 677 676 676 676 676 675 675 675 674 674 674 674 673 673 752 753 752 752 752 751 751 751 750 750 750 749 749 749 749 748 748 748 747 747 747 746 746 746 745 745 745 744 743 742 742 742 741
676 676 676 676 676 676 675 675 675 675 676 676 675 675 675 675 675 674 674 674 675 675 674 674 674 674 674 673 673 673 673 672 672 673 673 589 589 679 679 679 678 678 678 678 677 677 677 676 676 676 676 675 675 676 676 675 675 675 675 674 753 753 752 752 752 751 751 751 751 750 750 750 749 749 749 748 748 748 747 747 747 746 746 746 745 745 745 744 744 744 743 743 743 742
676 676 676 676 676 676 675 676 676 676 676 675 675 675 675 675 675 675 675 675 675 674 674 674 674 674 673 673 673 673 673 673 673 673 673 672 679 679 679 678 678 678 678 677 677 677 677 677 677 677 677 676 676 676 675 675 675 675 674 674 753 752 752 752 752 751 751 751 750 750 750 749 749 749 749 748 748 748 747 747 747 746 746 746 745 745 745 744 744 743 743 743 742 742
676 676 676 676 676 676 676 676 676 676 675 675 675 675 675 675 675 675 675 675 674 674 674 674 674 674 674 674 674 673 673 673 673 673 672 672 679 679 678 678 678 678 678 678 678 678 677 677 677 677 676 676 676 676 675 675 675 674 674 753 753 752 752 752 751 751 751 751 750 750 750 749 749 749 748 748 748 747 747 747 746 746 746 745 745 745 744 744 744 743 743 743 742 742
676 676 676 676 676 676 676 676 676 675 675 675 676 676 675 675 675 675 675 674 674 674 674 675 674 674 674 674 674 673 673 673 673 672 672 762 762 679 679 679 679 678 678 678 678 677 677 677 677 676 676 676 676 675 675 675 675 674 753 753 752 752 752 751 751 751 751 751 751 751 750 750 750 749 749 749 748 748 748 747 747 747 746 745 745 744 744 744 743 743 743 742 742 742
676 677 676 676 676 676 676 676 675 675 676 676 676 675 675 675 675 675 674 674 674 675 675 674 674 674 674 674 673 673 673 673 672 672 763 763 762 679 679 679 678 678 678 678 677 677 677 677 676 676 676 676 675 675 675 675 675 675 754 753 753 753 753 752 752 752 751 751 751 750 750 750 750 749 749 749 748 748 748 747 747 747 746 746 746 745 745 745 744 744 743 743 743 743
677 676 676 676 676 676 676 676 676 676 676 676 675 675 675 675 675 675 675 675 675 675 674 674 674 674 673 673 673 673 673 673 673 673 763 762 762 762 679 678 678 678 678 677 677 677 677 676 676 676 677 676 676 676 676 675 675 754 753 753 753 753 752 752 752 751 751 751 750 750 750 750 749 749 749 748 748 748 747 747 747 746 746 746 745 745 745 744 744 744 743 743 743 743
676 676 676 676 676 676 676 676 676 676 675 675 675 675 675 675 675 675 675 675 674 674 674 674 674 673 673 673 674 674 673 673 673 763 762 762 762 762 678 678 678 678 677 677 677 678 677 677 677 677 676 676 676 676 675 675 754 753 753 753 753 752 752 752 751 751 751 751 750 750 750 749 749 749 748 748 748 747 747 747 746 746 746 745 745 745 744 744 744 743 743 743 743 743
676 676 676 676 676 676 676 676 676 675 675 675 675 676 675 675 675 675 675 674 674 674 674 674 674 674 674 674 673 673 673 673 673 762 762 762 762 761 678 678 679 678 678 678 678 677 677 677 677 676 676 676 676 675 675 675 753 753 753 753 752 752 752 751 751 751 751 750 750 750 749 749 749 748 748 748 747 747 747 746 746 746 745 745 745 744 744 744 743 743 743 743 743 743
676 676 676 676 676 676 676 675 675 675 675 676 675 675 675 675 675 674 674 674 674 674 674 674 674 674 674 673 673 673 673 673 762 762 762 762 762 762 762 679 678 678 678 678 677 677 677 677 676 676 676 675 675 675 675 753 753 753 753 752 752 752 752 752 752 751 751 751 751 750 750 750 749 749 749 748 748 748 747 747 747 746 746 746 745 745 745 744 743 743 743 743 743 743
676 676 676 676 676 675 675 675 675 676 676 675 675 675 675 675 674 674 674 674 675 674 674 674 674 673 673 673 673 673 673 762 762 763 762 762 762 762 761 678 678 678 677 677 677 677 676 676 676 676 675 675 675 675 753 754 754 753 753 753 753 752 752 752 751 751 751 751 750 750 750 749 749 749 748 748 748 747 747 747 746 746 746 745 745 745 744 744 744 744 744 744 744 744
676 676 676 675 675 675 675 676 676 675 675 675 675 675 674 674 674 675 675 674 674 674 674 674 673 673 673 673 673 673 673 763 763 762 762 762 762 761 761 761 678 677 677 677 677 676 676 676 676 676 676 676 675 675 754 754 753 753 753 753 752 752 752 751 751 751 750 750 750 750 749 749 749 748 748 748 747 747 747 746 746 746 745 745 745 744 744 744 744 744 744 744 744 744
676 675 675 675 675 676 676 675 675 675 675 675 674 674 674 675 675 674 674 674 674 674 673 673 673 673 673 673 673 673 763 762 762 762 762 761 761 761 761 760 677 677 677 677 677 677 677 676 676 676 676 675 675 754 754 753 753 753 752 752 752 752 751 751 751 750 750 750 749 749 749 748 748 748 748 747 747 747 746 746 746 745 745 744 744 744 744 744 744 744 744 744 744 744
675 675 675 676 676 675 675 675 675 675 674 674 674 675 675 674 674 674 674 674 673 673 673 673 674 673 673 673 673 673 762 762 762 762 761 761 761 761 760 760 761 678 677 677 677 677 676 676 676 675 675 675 675 753 753 753 753 752 752 752 751 751 751 751 750 750 750 749 749 749 748 748 748 747 747 747 746 746 746 745 745 745 744 744 744 744 744 744 744 744 744 744 744 744
675 676 675 675 675 675 675 675 674 674 674 675 675 674 674 674 674 674 673 673 673 673 674 673 673 673 673 672 672 762 762 762 761 761 761 761 761 761 761 761 760 677 677 677 676 676 676 676 675 675 675 675 753 753 753 752 752 752 752 751 751 751 751 751 751 750 750 750 750 749 749 749 748 748 748 747 747 747 746 746 746 745 745 745 745 745 745 744 744 744 744 744 744 744
675 675 675 675 675 674 674 674 674 675 675 674 674 674 674 674 673 673 673 673 674 673 673 673 673 672 672 672 672 762 761 761 761 762 761 761 761 761 760 760 760 760 676 676 676 676 675 675 675 675 675 675 753 752 752 752 753 752 752 752 751 751 751 751 750 750 750 749 749 749 748 748 748 747 747 747 746 746 746 745 745 745 745 745 745 745 745 745 745 745 745 745 745 745
675 675 675 674 674 674 674 675 674 674 674 674 674 673 673 673 673 674 673 673 673 673 673 672 672 672 672 672 761 761 762 762 761 761 761 761 760 760 760 760 759 759 676 676 675 675 675 675 675 675 675 754 753 753 753 752 752 752 752 751 751 751 750 750 750 749 749 749 749 748 748 748 747 747 747 746 746 746 745 745 745 745 745 745 745 745 745 745 745 745 745 745 745 745
674 674 674 674 674 675 674 674 674 674 674 673 673 673 673 674 673 673 673 673 673 672 672 672 672 672 672 761 762 762 761 761 761 761 760 760 760 760 759 759 759 759 758 675 675 675 675 675 675 675 753 753 753 752 752 752 752 751 751 751 750 750 750 750 749 749 749 748 748 748 747 747 747 746 746 746 745 745 745 745 745 745 745 745 745 745 745 745 745 745 745 745 745 745
674 674 674 674 674 674 674 674 673 673 673 673 673 673 673 673 673 673 672 672 672 672 672 672 672 672 672 762 761 761 761 761 760 760 760 760 759 759 759 759 759 759 759 676 675 675 675 675 675 675 753 752 752 752 752 751 751 751 751 750 750 750 749 749 749 748 748 748 747 747 747 747 746 746 746 745 745 745 745 745 745 745 745 745 745 745 745 745 745 745 745 745 745 745
674 674 674 674 674 673 673 673 673 673 673 673 673 673 673 673 672 672 672 672 672 672 672 672 672 671 761 761 761 761 760 760 760 760 759 759 759 759 759 759 759 759 758 758 675 675 675 675 675 752 752 752 752 751 751 751 751 750 750 750 749 749 749 748 748 748 748 747 747 747 746 746 746 745 745 745 745 745 745 745 745 745 745 745 745 745 745 745 745 745 745 745 745 745
674 674 673 673 673 673 673 673 673 673 673 673 673 672 672 672 672 672 672 672 672 672 672 671 671 671 761 760 760 760 760 759 759 759 759 760 759 759 759 759 758 758 758 758 675 675 675 675 675 752 752 751 751 751 751 750 750 750 749 749 750 749 749 749 749 748 748 748 747 747 747 746 746 746 746 746 746 746 746 746 746 746 746 746 746 746 746 746 746 746 746 745 745 745
673 673 673 673 673 672 672 673 673 673 672 672 672 672 672 671 671 671 672 672 671 671 671 671 670 760 760 760 760 759 759 759 760 759 759 759 759 758 758 758 758 757 757 757 757 675 675 675 752 751 751 751 751 751 751 751 750 750 750 749 749 749 749 748 748 748 747 747 747 746 746 746 746 746 746 746 746 746 746 746 746 746 746 746 746 746 746 746 746 746 746 746 746 746
673 672 672 672 672 672 673 672 672 672 672 672 671 671 671 671 672 671 671 671 671 671 670 670 670 760 759 759 759 760 759 759 759 759 759 758 758 758 758 757 757 757 757 756 756 675 675 675 751 752 751 751 751 751 750 750 750 749 749 749 748 748 748 748 747 747 747 746 746 746 746 746 746 746 746 746 746 746 746 746 746 746 746 746 746 746 746 746 746 746 746 746 746 746
