testData/tiles/oneDegreeCosts/grid4.0-18.0-5.0-19.0.asc
ncols   200
nrows   200
xllcorner   4.0
yllcorner   18.0
cellsize   0.005
NODATA_value   -9999.0
[rows 152 to 189 of 200, columns 84 to 167 of 200]
1175 1174 1173 1172 1172 1171 1170 1169 1168 1168 1166 1165 1164 1163 1163 1161 1161 1161 1162 1163 1163 1164 1164 1164 1165 1165 1166 1166 1166 1167 1167 1168 1168 1168 1169 1109 1110 1110 1110 1111 1111 1112 1112 1112 1113 1113 1114 1114 1114 1115 1115 1116 1116 1116 1117 1117 1118 1118 1118 1119 1119 1120 1120 1120 1121 1121 1122 1122 1335 1336 1336 1337 1337 1337 1338 1338 1338 1339 1339 1339 1339 1339 1340 1340
1172 1171 1171 1170 1170 1169 1169 1168 1166 1166 1165 1164 1163 1161 1161 1160 1161 1161 1162 1162 1162 1163 1163 1164 1164 1165 1166 1166 1167 1167 1167 1168 1168 1109 1109 1109 1110 1110 1111 1111 1111 1112 1112 1113 1113 1114 1114 1114 1115 1115 1116 1116 1116 1117 1117 1118 1118 1118 1119 1119 1119 1120 1120 1121 1121 1121 1122 1122 1123 1336 1336 1337 1336 1337 1337 1337 1338 1338 1338 1339 1339 1340 1340 1340
1171 1170 1169 1168 1168 1166 1166 1165 1164 1164 1163 1162 1161 1160 1160 1160 1161 1161 1162 1162 1163 1163 1163 1164 1164 1165 1165 1165 1166 1166 1167 1167 1108 1108 1108 1109 1110 1110 1111 1111 1112 1112 1113 1113 1113 1114 1114 1115 1115 1115 1116 1116 1117 1117 1117 1118 1118 1119 1119 1119 1120 1119 1120 1120 1120 1121 1121 1121 1122 1122 1336 1336 1336 1337 1337 1338 1338 1338 1339 1339 1340 1340 1340 1341
1169 1168 1167 1167 1166 1164 1164 1162 1162 1161 1160 1159 1159 1159 1159 1161 1161 1161 1162 1162 1163 1163 1164 1164 1164 1165 1165 1166 1166 1166 1167 1107 1108 1108 1108 1109 1109 1110 1110 1111 1111 1111 1112 1112 1113 1113 1113 1114 1114 1115 1115 1115 1116 1116 1117 1117 1117 1118 1118 1119 1119 1119 1120 1120 1121 1121 1121 1122 1122 1122 1123 1336 1337 1337 1337 1338 1338 1339 1339 1339 1340 1340 1340 1340
1166 1165 1165 1164 1163 1163 1161 1161 1159 1158 1158 1158 1159 1159 1159 1160 1160 1161 1161 1162 1162 1163 1164 1164 1165 1165 1165 1166 1166 1107 1107 1107 1108 1108 1109 1109 1110 1110 1110 1111 1111 1112 1112 1112 1113 1113 1114 1114 1114 1115 1115 1116 1116 1116 1117 1117 1118 1118 1118 1119 1119 1120 1120 1120 1121 1121 1122 1122 1122 1123 1123 1124 1337 1337 1338 1338 1338 1338 1338 1339 1339 1339 1340 1340
1163 1162 1162 1160 1159 1158 1157 1157 1157 1158 1158 1158 1159 1159 1160 1160 1160 1161 1161 1162 1162 1163 1163 1163 1164 1164 1165 1105 1105 1106 1107 1108 1108 1108 1109 1109 1110 1110 1111 1111 1111 1112 1112 1113 1113 1113 1114 1114 1115 1115 1115 1116 1116 1117 1117 1117 1118 1118 1119 1119 1119 1120 1120 1121 1121 1121 1122 1121 1122 1122 1122 1123 1123 1337 1337 1337 1338 1338 1338 1339 1339 1340 1340 1340
1160 1158 1158 1157 1156 1155 1155 1156 1156 1157 1157 1158 1159 1159 1160 1160 1161 1161 1161 1162 1162 1163 1163 1164 1104 1104 1105 1105 1106 1106 1106 1107 1107 1108 1108 1109 1109 1109 1110 1110 1111 1111 1111 1112 1112 1113 1113 1113 1114 1114 1115 1115 1115 1116 1116 1117 1117 1117 1118 1118 1119 1119 1119 1120 1120 1121 1121 1121 1122 1122 1123 1123 1123 1124 1124 1338 1338 1338 1339 1339 1340 1340 1340 1341
1156 1155 1154 1154 1155 1155 1156 1156 1156 1157 1157 1158 1158 1159 1159 1159 1160 1160 1162 1162 1163 1163 1103 1104 1104 1105 1105 1105 1106 1106 1107 1107 1107 1108 1108 1109 1109 1110 1110 1110 1111 1111 1112 1112 1112 1113 1113 1114 1114 1114 1115 1115 1116 1116 1116 1117 1117 1118 1118 1118 1119 1119 1120 1120 1120 1121 1121 1122 1122 1122 1123 1123 1124 1124 1124 1125 1338 1339 1339 1339 1339 1339 1340 1340
1152 1153 1153 1154 1155 1155 1156 1156 1157 1157 1158 1158 1158 1159 1159 1160 1160 1160 1161 1101 1102 1102 1103 1103 1103 1105 1105 1106 1106 1106 1107 1107 1108 1108 1109 1109 1109 1110 1110 1111 1111 1111 1112 1112 1113 1113 1113 1114 1114 1115 1115 1115 1116 1116 1117 1117 1117 1118 1118 1119 1119 1119 1120 1120 1121 1121 1121 1122 1122 1123 1123 1123 1123 1123 1124 1124 1124 1338 1338 1339 1339 1339 1340 1340
1152 1153 1153 1154 1154 1155 1155 1155 1156 1157 1158 1158 1159 1159 1159 1100 1100 1101 1101 1101 1102 1102 1103 1103 1104 1104 1104 1105 1105 1106 1106 1106 1107 1107 1108 1108 1109 1110 1110 1111 1111 1112 1112 1112 1113 1113 1114 1114 1114 1115 1115 1116 1116 1116 1117 1117 1118 1118 1118 1119 1119 1119 1119 1119 1120 1120 1121 1121 1121 1122 1122 1123 1123 1123 1124 1124 1125 1125 1338 1339 1339 1340 1340 1340
1153 1153 1154 1154 1154 1155 1155 1156 1156 1156 1157 1157 1098 1098 1100 1100 1100 1101 1101 1102 1102 1102 1103 1103 1104 1104 1105 1105 1105 1106 1106 1107 1107 1107 1108 1108 1109 1109 1110 1110 1110 1111 1111 1112 1112 1112 1113 1113 1114 1114 1114 1115 1115 1116 1116 1116 1117 1117 1118 1118 1119 1119 1119 1120 1120 1121 1121 1121 1122 1122 1123 1123 1123 1124 1124 1124 1125 1125 1126 1339 1339 1340 1340 1340
1152 1152 1154 1154 1155 1155 1155 1156 1096 1097 1097 1097 1098 1098 1099 1099 1100 1100 1100 1101 1101 1103 1103 1104 1104 1104 1105 1105 1106 1106 1106 1107 1107 1108 1108 1109 1109 1109 1110 1110 1111 1111 1111 1112 1112 1113 1113 1113 1114 1114 1115 1115 1115 1116 1116 1117 1117 1118 1118 1118 1119 1119 1120 1120 1120 1121 1121 1122 1122 1122 1123 1123 1124 1124 1124 1125 1124 1125 1125 1125 1126 1339 1339 1340
1152 1152 1153 1153 1094 1094 1096 1096 1096 1097 1097 1098 1098 1099 1099 1099 1100 1100 1101 1101 1101 1102 1102 1103 1103 1104 1104 1104 1105 1105 1107 1107 1107 1108 1108 1109 1109 1110 1110 1110 1111 1111 1112 1112 1112 1113 1113 1114 1114 1114 1115 1115 1116 1116 1117 1117 1117 1118 1118 1119 1119 1119 1120 1120 1121 1121 1121 1121 1121 1122 1122 1122 1123 1123 1124 1124 1124 1125 1125 1126 1126 1126 1340 1340
1092 1093 1093 1093 1094 1094 1095 1095 1096 1096 1096 1098 1098 1099 1099 1100 1100 1100 1101 1101 1102 1102 1102 1103 1103 1104 1104 1105 1105 1105 1106 1106 1107 1107 1107 1108 1108 1109 1109 1110 1110 1110 1111 1111 1112 1112 1112 1113 1113 1114 1114 1114 1115 1115 1116 1116 1117 1117 1117 1118 1118 1119 1119 1119 1120 1120 1121 1121 1121 1122 1122 1123 1123 1123 1124 1124 1125 1125 1125 1126 1126 1127 1127 1340
1092 1093 1093 1094 1094 1094 1095 1095 1096 1096 1097 1097 1097 1098 1098 1099 1099 1100 1101 1101 1102 1102 1103 1103 1103 1104 1104 1105 1105 1106 1106 1106 1107 1107 1108 1108 1109 1109 1109 1110 1110 1111 1111 1111 1112 1112 1113 1113 1113 1114 1114 1115 1115 1116 1116 1116 1117 1117 1118 1118 1118 1119 1119 1120 1120 1120 1121 1121 1122 1122 1122 1123 1123 1124 1124 1124 1125 1125 1126 1125 1125 1126 1126 1127
1092 1092 1092 1093 1094 1095 1095 1095 1096 1096 1097 1097 1098 1098 1098 1099 1099 1100 1100 1101 1101 1101 1102 1102 1103 1104 1105 1105 1105 1106 1106 1107 1107 1107 1108 1108 1109 1109 1110 1110 1110 1111 1111 1112 1112 1112 1113 1113 1114 1114 1114 1115 1115 1116 1116 1117 1117 1117 1118 1118 1119 1119 1119 1120 1120 1121 1121 1121 1122 1122 1123 1123 1123 1123 1123 1124 1124 1124 1125 1125 1126 1126 1126 1127
1092 1092 1093 1093 1093 1094 1094 1095 1095 1097 1097 1097 1098 1098 1099 1099 1099 1100 1100 1101 1101 1102 1102 1102 1103 1103 1104 1104 1105 1105 1105 1106 1106 1107 1107 1107 1108 1108 1110 1110 1111 1111 1111 1112 1112 1113 1113 1113 1114 1114 1115 1115 1116 1116 1116 1117 1117 1118 1118 1118 1118 1118 1119 1119 1119 1120 1120 1121 1121 1121 1122 1122 1123 1123 1123 1124 1124 1125 1125 1125 1126 1126 1127 1127
1092 1092 1093 1093 1094 1094 1094 1095 1095 1096 1096 1097 1097 1097 1099 1099 1100 1100 1101 1101 1101 1102 1102 1103 1103 1103 1104 1104 1105 1105 1106 1106 1106 1107 1107 1108 1108 1108 1109 1109 1110 1110 1111 1111 1111 1112 1112 1113 1113 1113 1114 1114 1115 1115 1116 1116 1116 1117 1117 1118 1118 1118 1119 1119 1120 1120 1120 1121 1121 1122 1122 1122 1123 1123 1124 1124 1124 1125 1125 1126 1126 1126 1127 1127
1091 1092 1094 1094 1095 1095 1096 1096 1096 1097 1097 1098 1098 1099 1099 1099 1100 1100 1101 1101 1102 1103 1103 1104 1104 1105 1105 1105 1106 1106 1107 1107 1108 1108 1108 1109 1109 1110 1110 1110 1110 1110 1111 1111 1112 1112 1112 1113 1113 1114 1114 1115 1115 1115 1116 1116 1117 1117 1117 1118 1118 1119 1119 1119 1120 1120 1121 1121 1121 1122 1122 1123 1123 1123 1124 1124 1124 1124 1125 1125 1125 1126 1126 1127
1092 1093 1093 1093 1094 1094 1096 1096 1097 1097 1097 1098 1098 1099 1099 1100 1100 1100 1101 1101 1102 1102 1103 1103 1103 1104 1104 1105 1105 1106 1106 1107 1108 1108 1109 1109 1109 1110 1110 1111 1111 1112 1112 1112 1113 1113 1114 1114 1114 1115 1115 1116 1116 1117 1117 1116 1117 1117 1118 1118 1118 1119 1119 1120 1120 1120 1120 1120 1121 1121 1121 1122 1122 1123 1123 1124 1124 1124 1125 1125 1126 1126 1126 1127
1092 1093 1093 1094 1094 1095 1096 1096 1097 1097 1098 1099 1099 1100 1100 1101 1101 1102 1102 1102 1103 1103 1104 1104 1105 1105 1105 1106 1106 1107 1107 1108 1108 1108 1109 1109 1109 1109 1109 1110 1110 1111 1111 1112 1112 1112 1113 1113 1114 1114 1114 1115 1115 1116 1116 1117 1117 1117 1118 1118 1119 1119 1119 1120 1120 1120 1120 1120 1121 1121 1122 1122 1123 1123 1123 1124 1124 1125 1125 1125 1126 1126 1127 1127
1093 1094 1094 1095 1095 1096 1096 1096 1097 1097 1098 1098 1099 1099 1099 1100 1100 1101 1102 1103 1103 1103 1104 1104 1105 1105 1106 1106 1106 1107 1107 1108 1108 1109 1109 1109 1110 1110 1111 1111 1111 1112 1112 1113 1113 1114 1114 1114 1115 1115 1116 1116 1117 1116 1116 1117 1117 1118 1118 1118 1119 1119 1120 1120 1120 1121 1121 1122 1122 1123 1123 1123 1124 1124 1124 1124 1124 1125 1125 1125 1125 1125 1126 1126
1093 1093 1094 1095 1095 1096 1096 1097 1097 1099 1099 1099 1100 1100 1101 1101 1102 1102 1102 1103 1103 1104 1104 1104 1105 1105 1107 1107 1108 1108 1108 1109 1108 1109 1109 1110 1110 1110 1111 1111 1112 1112 1113 1113 1113 1114 1114 1115 1115 1115 1116 1116 1117 1117 1118 1118 1118 1119 1119 1120 1120 1120 1121 1121 1121 1121 1121 1122 1122 1123 1123 1123 1123 1123 1124 1124 1125 1125 1125 1126 1126 1126 1126 1126
1094 1094 1095 1095 1096 1096 1096 1097 1098 1099 1099 1100 1100 1100 1101 1101 1102 1102 1103 1103 1103 1104 1104 1105 1105 1106 1106 1106 1107 1107 1108 1108 1108 1109 1109 1110 1110 1111 1111 1112 1113 1113 1114 1114 1115 1115 1115 1116 1116 1117 1117 1116 1117 1117 1118 1118 1119 1119 1119 1119 1119 1120 1120 1120 1121 1121 1122 1122 1123 1123 1123 1124 1124 1124 1124 1124 1125 1125 1126 1126 1126 1127 1127 1128
1094 1094 1095 1095 1096 1096 1097 1097 1097 1098 1098 1099 1099 1100 1101 1101 1102 1102 1103 1103 1104 1104 1104 1105 1105 1106 1106 1107 1107 1107 1108 1108 1109 1109 1110 1110 1110 1111 1111 1112 1112 1112 1113 1113 1114 1114 1115 1115 1115 1116 1116 1117 1117 1117 1118 1118 1119 1119 1120 1120 1120 1121 1120 1121 1121 1121 1122 1122 1123 1123 1124 1124 1124 1125 1125 1126 1126 1126 1127 1127 1127 1127 1127 1127
1095 1096 1096 1096 1097 1097 1098 1098 1099 1099 1099 1100 1100 1101 1101 1102 1102 1102 1103 1103 1104 1105 1106 1106 1106 1107 1107 1108 1108 1109 1109 1109 1110 1110 1111 1111 1112 1112 1112 1113 1113 1114 1114 1114 1115 1115 1116 1116 1117 1116 1116 1117 1117 1118 1118 1119 1119 1119 1120 1120 1121 1121 1121 1122 1122 1123 1123 1123 1124 1124 1125 1124 1125 1125 1125 1126 1126 1126 1126 1126 1127 1127 1128 1128
1095 1096 1096 1097 1097 1097 1098 1098 1099 1099 1100 1100 1100 1101 1101 1102 1102 1103 1103 1103 1104 1104 1105 1105 1106 1106 1106 1107 1107 1108 1108 1110 1110 1110 1111 1111 1112 1112 1113 1113 1113 1114 1114 1115 1115 1116 1116 1116 1117 1117 1118 1118 1118 1119 1119 1120 1120 1121 1121 1121 1121 1121 1122 1122 1122 1123 1123 1123 1123 1124 1124 1124 1125 1125 1126 1126 1126 1127 1127 1127 1127 1127 1128 1128
1096 1097 1097 1098 1098 1099 1099 1099 1100 1100 1101 1101 1102 1102 1102 1103 1103 1104 1104 1105 1105 1105 1106 1106 1107 1107 1108 1108 1108 1109 1109 1110 1110 1111 1111 1111 1112 1112 1113 1113 1114 1114 1114 1115 1115 1115 1115 1116 1116 1116 1117 1117 1118 1118 1118 1119 1119 1120 1120 1121 1121 1121 1122 1122 1123 1123 1123 1124 1124 1124 1124 1125 1125 1125 1126 1126 1127 1127 1127 1128 1128 1129 1129 1129
1097 1097 1097 1098 1098 1099 1099 1100 1100 1100 1101 1101 1102 1102 1103 1103 1103 1104 1104 1105 1105 1106 1106 1106 1107 1107 1108 1108 1109 1109 1109 1110 1110 1111 1111 1112 1112 1112 1113 1113 1114 1114 1115 1115 1115 1116 1116 1117 1117 1118 1118 1118 1119 1119 1120 1120 1120 1121 1120 1121 1121 1122 1122 1122 1123 1123 1124 1124 1125 1125 1125 1126 1126 1127 1127 1127 1128 1127 1128 1128 1128 1129 1129 1130
1097 1098 1099 1099 1099 1100 1100 1101 1101 1102 1102 1102 1103 1103 1104 1104 1105 1105 1105 1106 1106 1107 1107 1108 1108 1109 1109 1109 1110 1110 1111 1111 1112 1112 1112 1113 1113 1114 1114 1114 1114 1114 1115 1115 1116 1116 1116 1117 1117 1118 1118 1119 1119 1119 1120 1120 1121 1121 1122 1122 1122 1123 1123 1124 1124 1124 1125 1124 1125 1125 1126 1126 1126 1127 1127 1128 1128 1128 1129 1129 1130 1130 1130 1131
1098 1098 1099 1099 1100 1100 1100 1101 1101 1102 1102 1103 1103 1103 1104 1104 1105 1105 1106 1106 1107 1107 1107 1108 1108 1109 1109 1110 1110 1110 1111 1111 1112 1112 1113 1113 1113 1114 1114 1115 1115 1116 1116 1116 1117 1117 1118 1118 1118 1119 1119 1120 1120 1121 1121 1120 1121 1121 1122 1122 1123 1123 1123 1124 1124 1125 1125 1125 1126 1126 1127 1127 1128 1128 1128 1128 1128 1129 1129 1129 1130 1130 1131 1131
1098 1098 1099 1099 1100 1100 1101 1101 1102 1103 1103 1104 1104 1105 1105 1106 1106 1106 1107 1107 1108 1108 1109 1109 1109 1110 1110 1111 1111 1112 1112 1112 1113 1112 1113 1113 1114 1114 1114 1115 1115 1116 1116 1117 1117 1117 1118 1118 1119 1119 1119 1120 1120 1121 1121 1122 1122 1122 1123 1123 1124 1124 1125 1125 1125 1125 1125 1126 1126 1126 1127 1127 1128 1128 1129 1129 1129 1130 1130 1131 1131 1131 1131 1131
1099 1100 1100 1100 1101 1101 1102 1102 1103 1103 1103 1104 1104 1105 1105 1106 1106 1107 1107 1107 1108 1108 1109 1109 1110 1110 1110 1111 1111 1112 1112 1113 1113 1113 1114 1114 1115 1115 1116 1116 1116 1117 1117 1118 1118 1119 1119 1119 1120 1120 1121 1120 1121 1121 1121 1122 1122 1123 1123 1123 1124 1124 1125 1125 1126 1126 1126 1127 1127 1128 1128 1129 1129 1128 1129 1129 1130 1130 1130 1131 1131 1132 1132 1132
1099 1100 1100 1101 1101 1101 1102 1102 1103 1103 1104 1104 1105 1105 1105 1106 1106 1107 1107 1108 1108 1108 1109 1109 1110 1110 1111 1111 1111 1112 1112 1113 1113 1114 1114 1114 1115 1115 1116 1116 1117 1117 1117 1118 1118 1119 1119 1120 1120 1120 1121 1121 1122 1122 1123 1123 1123 1124 1124 1125 1125 1126 1125 1125 1126 1126 1127 1127 1127 1128 1128 1129 1129 1130 1130 1130 1131 1131 1132 1132 1131 1132 1132 1133
1100 1101 1101 1102 1102 1103 1103 1103 1104 1104 1105 1105 1106 1106 1107 1107 1107 1108 1108 1109 1109 1110 1110 1110 1111 1111 1112 1112 1113 1113 1113 1114 1114 1115 1115 1116 1116 1116 1117 1117 1118 1118 1119 1119 1119 1120 1119 1120 1120 1121 1121 1121 1122 1122 1123 1123 1124 1124 1124 1125 1125 1126 1126 1127 1127 1127 1128 1128 1129 1129 1129 1129 1129 1130 1130 1131 1131 1131 1132 1132 1133 1133 1133 1134
1101 1101 1101 1102 1102 1103 1103 1104 1104 1104 1105 1105 1106 1106 1107 1107 1108 1108 1108 1109 1109 1110 1110 1111 1111 1111 1112 1112 1113 1113 1114 1114 1114 1115 1115 1116 1116 1117 1117 1117 1118 1118 1119 1119 1120 1120 1120 1121 1121 1122 1122 1123 1123 1123 1124 1124 1125 1125 1126 1125 1125 1126 1126 1127 1127 1128 1128 1128 1129 1129 1130 1130 1130 1131 1131 1132 1132 1133 1132 1132 1133 1133 1134 1134
1101 1102 1103 1103 1103 1104 1104 1105 1105 1106 1106 1106 1107 1107 1108 1108 1109 1109 1110 1110 1110 1111 1111 1112 1112 1113 1113 1113 1114 1114 1115 1115 1116 1116 1116 1117 1117 1118 1118 1119 1118 1118 1119 1119 1120 1120 1121 1121 1121 1122 1122 1123 1123 1124 1124 1124 1125 1125 1126 1126 1127 1127 1127 1128 1128 1129 1129 1130 1129 1129 1130 1130 1131 1131 1132 1132 1132 1133 1133 1134 1134 1134 1135 1135
1102 1102 1103 1103 1104 1104 1104 1105 1105 1106 1106 1107 1107 1108 1108 1108 1109 1109 1110 1110 1111 1111 1111 1112 1112 1113 1113 1114 1114 1114 1115 1115 1116 1116 1117 1117 1117 1118 1118 1119 1119 1120 1120 1121 1121 1121 1122 1122 1123 1123 1124 1124 1124 1125 1124 1125 1125 1125 1126 1126 1127 1127 1128 1128 1128 1129 1129 1130 1130 1131 1131 1131 1132 1132 1133 1132 1133 1133 1133 1134 1134 1135 1135 1135
