testData/tiles/oneDegreeCosts/grid22.0-24.0-23.0-25.0.asc
ncols   200
nrows   200
xllcorner   22.0
yllcorner   24.0
cellsize   0.005
NODATA_value   -9999.0
[rows 42 to 83 of 200, columns 94 to 187 of 200]
268 268 268 268 268 268 268 268 268 268 268 268 268 268 268 268 268 298 299 299 299 300 300 300 301 301 301 301 301 301 301 302 302 302 303 303 303 303 303 303 303 304 304 304 305 305 304 304 305 305 305 306 306 306 306 306 306 306 307 307 307 307 307 307 307 308 308 308 308 308 308 308 309 309 308 309 309 309 309 310 310 309 310 310 310 310 311 310 310 311 311 311 311 311
268 268 268 268 268 268 268 268 268 268 268 268 268 268 268 268 298 298 299 299 299 299 300 300 299 300 300 300 301 301 301 302 302 302 301 302 302 302 303 303 303 304 304 303 303 304 304 304 305 305 305 304 305 305 305 306 306 306 307 306 306 306 307 307 307 308 307 307 307 308 308 308 308 308 308 308 309 309 309 309 309 309 309 310 310 309 309 310 310 310 311 310 310 310
268 268 268 268 268 268 268 268 268 268 268 268 268 268 297 297 298 298 298 299 299 298 299 299 299 299 300 300 300 301 301 300 301 301 301 302 302 302 302 303 302 302 303 303 303 303 304 304 303 304 304 304 305 305 305 305 305 305 305 306 306 306 306 306 306 306 307 307 307 307 307 307 307 308 308 308 308 308 308 308 309 309 309 308 309 309 309 310 310 309 309 310 310 310
268 268 268 268 268 268 268 268 268 268 268 268 268 297 297 297 298 297 297 297 298 298 298 299 299 299 300 300 299 300 300 300 300 301 301 301 302 301 301 302 302 302 302 303 303 303 303 303 303 303 304 304 304 305 304 304 305 305 305 305 306 305 305 306 306 306 306 307 306 306 307 307 307 307 308 307 307 308 308 308 308 308 308 308 308 309 309 308 309 309 309 309 310 309
268 268 268 268 268 268 268 268 268 268 268 268 295 295 296 296 296 297 297 297 298 298 298 299 298 298 298 299 299 299 300 300 300 301 300 300 300 301 301 301 302 302 302 301 302 302 302 303 303 303 304 303 303 303 304 304 304 305 305 304 304 305 305 305 306 306 305 305 306 306 306 307 307 306 306 307 307 307 308 307 307 307 308 308 308 308 308 308 308 309 309 308 308 309
268 268 268 268 268 268 268 268 268 268 294 295 295 295 296 296 296 296 297 297 296 297 297 297 298 298 298 299 299 299 299 299 299 299 300 300 300 301 301 301 300 301 301 301 302 302 302 302 302 302 302 303 303 303 304 304 303 303 304 304 304 305 305 304 304 305 305 305 306 306 305 305 306 306 306 307 307 306 306 307 307 307 307 307 307 307 308 308 308 307 308 308 308 308
268 268 268 268 268 268 268 268 268 294 294 294 295 295 295 296 295 295 296 296 296 297 297 297 297 298 298 297 298 298 298 299 299 299 299 300 300 299 300 300 300 300 301 301 301 302 301 301 302 302 302 302 303 303 302 303 303 303 303 304 304 303 304 304 304 304 305 305 304 305 305 305 305 306 306 305 306 306 306 306 307 306 306 306 307 307 307 307 307 307 307 308 308 307
268 268 268 268 268 268 268 268 293 294 294 294 294 294 294 295 295 295 295 296 296 296 297 297 296 297 297 297 297 298 298 298 299 299 298 299 299 299 299 300 300 300 301 300 300 300 301 301 301 302 302 301 302 302 302 302 303 303 303 303 303 303 303 304 304 304 304 304 304 304 305 305 305 304 305 305 305 306 306 305 305 306 306 306 307 307 306 306 307 307 307 307 307 307
268 268 268 268 268 268 293 292 292 292 293 293 293 294 294 294 295 295 295 296 295 295 295 296 296 296 297 297 297 298 297 297 297 298 298 298 299 299 299 299 299 299 299 300 300 300 301 301 300 300 301 301 301 302 302 302 301 302 302 302 303 303 303 303 303 303 303 304 304 304 304 304 304 304 305 305 305 304 305 305 305 305 306 306 305 306 306 306 306 307 306 306 306 307
268 268 268 268 268 291 291 292 292 292 293 293 293 294 294 294 293 294 294 294 295 295 295 296 296 296 296 296 296 296 297 297 297 298 298 298 298 298 298 298 299 299 299 299 300 300 299 300 300 300 301 301 301 301 301 301 301 302 302 302 302 302 302 302 303 303 303 303 303 303 303 303 304 304 304 304 304 304 304 305 305 305 305 305 305 305 306 306 305 305 306 306 306 307
268 268 268 268 291 291 291 291 292 292 292 292 292 292 293 293 293 294 294 294 294 295 295 294 295 295 295 296 296 296 296 297 297 296 297 297 297 297 298 298 298 299 299 298 299 299 299 299 300 300 300 300 300 300 300 301 301 301 302 301 301 301 302 302 302 303 302 302 302 303 303 303 304 303 303 303 304 304 304 303 304 304 304 305 305 305 304 305 305 305 305 306 305 305
268 268 290 290 290 291 290 290 291 291 291 292 292 292 292 293 293 293 294 293 293 294 294 294 294 295 295 295 296 296 295 296 296 296 296 297 297 297 298 298 297 297 298 298 298 299 299 299 298 299 299 299 300 300 300 301 300 300 300 301 301 301 302 302 301 301 302 302 302 302 303 302 302 303 303 303 303 303 303 303 304 304 304 304 304 304 304 304 305 305 304 304 305 305
268 288 289 289 289 290 290 290 290 291 291 291 292 292 292 292 292 292 292 293 293 293 294 294 294 295 295 294 294 295 295 295 296 296 296 296 296 296 296 297 297 297 298 298 298 297 298 298 298 299 299 299 299 300 299 299 300 300 300 300 301 300 300 301 301 301 301 302 301 301 302 302 302 302 303 302 302 302 303 303 303 304 303 303 303 304 304 304 303 304 304 304 305 305
288 288 288 289 289 289 290 290 290 291 291 290 290 291 291 291 292 292 292 293 293 293 293 293 293 293 294 294 294 295 295 295 295 295 295 295 296 296 296 296 297 297 296 297 297 297 297 298 298 298 299 298 298 299 299 299 299 300 300 299 299 300 300 300 301 301 300 300 301 301 301 302 302 301 301 302 302 302 303 303 302 302 303 303 303 303 303 303 303 303 304 304 303 304
288 288 288 289 289 289 288 289 289 289 290 290 290 291 291 291 291 292 292 291 292 292 292 293 293 293 293 294 294 294 294 294 294 294 295 295 295 296 296 295 296 296 296 296 297 297 297 298 297 297 297 298 298 298 299 299 298 298 299 299 299 300 300 300 299 300 300 300 301 301 301 300 301 301 301 301 302 302 301 302 302 302 302 303 302 302 302 303 303 303 303 303 303 303
286 287 287 287 288 288 288 289 289 289 289 290 290 290 291 290 290 291 291 291 291 292 292 292 293 293 292 293 293 293 293 294 294 294 295 295 294 294 295 295 295 296 296 296 296 296 296 296 297 297 297 298 298 298 297 298 298 298 298 299 299 298 299 299 299 299 300 300 300 300 300 300 300 301 301 300 300 301 301 301 302 302 301 301 302 302 302 302 302 302 302 303 303 303
286 287 287 287 287 288 288 288 289 289 288 289 289 289 289 290 290 290 291 291 291 292 291 291 291 292 292 292 293 293 293 293 294 293 293 294 294 294 295 295 295 295 295 295 295 296 296 296 296 297 297 296 297 297 297 297 298 298 298 298 298 298 298 299 299 299 299 299 299 299 300 300 300 299 300 300 300 301 301 301 300 301 301 301 301 302 301 301 301 302 302 302 302 302
286 286 287 287 287 287 287 287 287 288 288 288 289 289 289 290 290 290 289 290 290 290 291 291 291 292 292 292 292 292 292 292 293 293 293 293 294 294 294 294 294 294 294 295 295 295 296 296 295 295 296 296 296 297 297 297 296 297 297 297 298 298 298 298 298 298 298 299 299 299 299 299 299 299 299 300 300 300 300 300 300 300 301 301 300 300 301 301 301 302 302 301 301 302
285 285 285 286 286 286 287 287 287 288 288 288 288 289 288 288 289 289 289 290 290 290 290 291 291 291 291 291 291 291 292 292 292 293 293 293 293 293 293 293 294 294 294 295 295 294 294 295 295 295 296 296 296 296 296 296 296 297 297 297 297 297 297 297 297 298 298 298 299 298 298 298 299 299 299 300 299 299 299 300 300 300 299 300 300 300 300 301 301 300 301 301 301 301
285 285 285 286 286 286 286 287 287 286 287 287 287 288 288 288 288 289 289 289 290 290 289 290 290 290 290 291 291 291 292 292 292 291 292 292 292 293 293 293 293 294 293 293 294 294 294 294 295 295 295 295 295 295 295 296 296 296 297 296 296 296 297 297 297 298 297 297 297 298 298 298 298 298 298 298 299 299 299 299 299 299 299 299 300 300 300 300 300 300 300 301 301 300
284 285 285 285 285 285 285 286 286 286 286 287 287 287 288 288 288 289 288 288 288 289 289 289 290 290 290 290 291 290 290 291 291 291 292 292 292 292 293 292 292 293 293 293 293 294 294 294 294 294 294 294 295 295 295 296 295 295 295 296 296 296 296 297 296 296 297 297 297 297 298 297 297 298 298 298 298 299 298 298 298 299 299 299 299 299 299 299 300 300 300 299 300 300
283 284 284 284 284 285 285 285 286 286 286 287 287 286 286 287 287 287 288 288 288 289 289 289 289 289 289 289 290 290 290 290 291 291 291 292 291 291 291 292 292 292 293 293 293 292 293 293 293 294 294 294 294 294 294 294 295 295 295 295 296 295 295 296 296 296 296 297 297 296 296 297 297 297 298 298 297 297 298 298 298 298 298 298 298 298 299 299 299 299 299 299 299 300
283 283 284 284 284 285 285 285 284 285 285 285 286 286 286 287 287 287 287 288 288 287 288 288 288 288 289 289 289 290 290 290 290 290 290 290 291 291 291 292 292 292 291 292 292 292 293 293 293 293 294 293 293 294 294 294 294 295 295 294 294 295 295 295 296 296 295 295 296 296 296 296 297 296 296 297 297 297 297 298 297 297 297 298 298 298 299 298 298 298 299 299 299 298
283 283 283 283 283 283 284 284 284 285 285 285 285 286 286 286 287 286 286 287 287 287 287 288 288 288 289 289 289 288 289 289 289 290 290 290 290 291 291 290 291 291 291 291 292 292 292 293 292 292 292 293 293 293 294 294 293 293 294 294 294 295 295 295 294 295 295 295 295 296 296 295 296 296 296 296 297 297 296 296 297 297 297 297 298 297 297 298 298 298 298 298 298 298
282 282 282 283 283 283 283 284 284 284 285 285 285 285 285 285 285 286 286 286 287 287 287 287 288 287 287 288 288 288 289 289 289 289 290 289 289 290 290 290 290 291 291 291 292 291 291 291 292 292 292 293 293 292 292 293 293 293 293 294 294 293 294 294 294 294 295 295 295 294 295 295 295 296 296 296 295 296 296 296 296 297 297 296 296 297 297 297 298 297 297 297 298 298
281 282 282 282 283 283 283 284 283 283 283 284 284 284 285 285 285 286 286 286 286 286 286 286 287 287 287 287 288 288 288 289 288 288 288 289 289 289 290 290 290 290 290 290 290 291 291 291 291 292 292 291 292 292 292 292 293 293 293 293 293 293 293 294 294 294 293 294 294 294 295 295 295 295 295 295 295 295 296 296 295 295 296 296 296 297 297 296 296 297 297 297 297 297
281 282 281 281 281 282 282 282 283 283 283 284 284 284 284 285 285 284 285 285 285 285 286 286 286 287 287 287 287 287 287 287 288 288 288 289 289 289 289 289 289 289 290 290 290 290 291 291 290 291 291 291 291 292 292 292 291 292 292 292 293 293 293 293 293 293 293 293 294 294 294 294 294 294 294 295 295 295 294 295 295 295 295 296 296 295 296 296 296 296 297 296 296 296
280 280 281 281 281 282 282 282 282 283 283 283 283 283 283 284 284 284 284 285 285 285 286 286 285 285 286 286 286 287 287 287 287 288 288 287 288 288 288 288 289 289 289 290 290 289 289 290 290 290 291 291 291 290 291 291 291 292 292 292 292 292 292 292 292 293 293 293 294 293 293 293 294 294 294 294 294 294 294 294 295 295 295 294 295 295 295 296 296 295 295 296 296 296
280 280 280 281 281 281 282 281 281 282 282 282 282 283 283 283 284 284 284 284 284 284 284 285 285 285 286 286 286 286 287 287 286 287 287 287 287 288 288 288 289 289 288 288 289 289 289 289 290 290 289 290 290 290 290 291 291 291 292 291 291 291 292 292 292 292 292 292 292 293 293 293 293 294 293 293 293 294 294 294 294 294 294 294 295 295 295 294 295 295 295 295 296 296
280 279 279 280 280 280 280 281 281 281 282 282 282 283 283 283 282 283 283 283 284 284 284 284 285 285 285 286 285 285 285 286 286 286 287 287 287 287 287 287 287 288 288 288 288 289 289 289 289 289 289 289 290 290 290 290 290 290 290 291 291 291 291 292 291 291 291 292 292 292 293 292 292 292 293 293 293 293 293 293 293 293 294 294 294 294 294 294 294 295 295 295 294 295
278 279 279 279 280 280 280 281 281 281 281 281 281 281 282 282 282 282 283 283 283 284 284 284 284 284 284 284 285 285 285 286 286 286 286 286 286 286 287 287 287 287 288 288 287 287 288 288 288 289 289 289 289 289 289 289 290 290 290 290 291 290 290 290 291 291 291 292 292 291 291 292 292 292 292 293 292 292 292 293 293 293 293 293 293 293 294 294 294 294 294 294 294 294
278 279 279 279 279 280 279 279 280 280 280 281 281 281 281 282 282 282 283 283 282 282 283 283 283 284 284 284 284 285 285 284 285 285 285 285 286 286 286 287 287 286 286 287 287 287 288 288 288 288 288 288 288 288 289 289 289 290 290 289 289 290 290 290 290 291 290 290 291 291 291 291 292 292 291 291 292 292 292 292 293 292 292 293 293 293 293 293 293 293 293 294 294 294
277 277 278 278 278 279 279 279 279 280 280 280 281 281 281 280 281 281 281 282 282 282 283 283 283 283 284 284 283 284 284 284 284 285 285 285 286 286 285 285 286 286 286 286 287 287 287 287 287 287 287 288 288 288 289 289 288 288 289 289 289 289 290 290 289 290 290 290 290 291 291 290 290 291 291 291 291 292 292 291 291 292 292 292 293 292 292 292 293 293 293 293 293 293
277 277 277 278 278 278 279 279 279 280 279 279 279 280 280 280 281 281 281 281 282 282 282 283 282 282 282 283 283 283 284 284 284 284 285 284 284 285 285 285 285 286 286 286 286 286 286 286 287 287 287 287 288 287 287 288 288 288 288 289 289 288 288 289 289 289 290 290 290 289 290 290 290 290 291 291 290 290 291 291 291 291 292 291 291 292 292 292 292 293 292 292 292 293
277 277 277 278 278 277 277 278 278 278 279 279 279 279 280 280 280 281 281 280 281 281 281 281 282 282 282 283 283 283 283 283 283 283 284 284 284 284 285 285 285 284 285 285 285 286 286 286 286 287 286 286 287 287 287 287 288 288 288 287 288 288 288 289 289 289 289 289 289 289 289 290 290 290 289 290 290 290 290 291 291 290 291 291 291 291 292 292 291 291 292 292 292 292
275 276 276 276 277 277 277 278 278 278 278 279 279 279 280 279 279 279 280 280 280 281 281 281 281 282 282 281 282 282 282 282 283 283 283 284 284 284 283 284 284 284 285 285 285 285 286 285 285 285 286 286 286 287 287 287 286 287 287 287 287 288 288 288 288 288 288 288 289 289 289 289 289 289 289 289 290 290 290 289 290 290 290 291 291 291 290 291 291 291 291 292 291 291
275 276 276 276 276 277 277 277 278 278 277 277 278 278 278 279 279 279 280 280 280 280 281 280 280 281 281 281 281 282 282 282 282 283 282 282 283 283 283 283 284 284 284 285 284 284 284 285 285 285 286 286 286 285 286 286 286 286 287 287 287 286 287 287 287 288 288 288 288 288 288 288 288 289 289 289 288 289 289 289 289 290 290 289 290 290 290 290 291 291 290 290 291 291
275 275 276 276 275 276 276 276 276 277 277 277 278 278 278 278 279 279 279 279 279 279 279 280 280 280 281 281 281 281 282 281 281 282 282 282 282 283 283 283 284 283 283 283 284 284 284 284 285 285 284 285 285 285 285 286 286 286 286 286 286 286 287 287 287 287 288 287 287 287 288 288 288 288 288 288 288 288 289 289 289 288 289 289 289 290 290 290 289 290 290 290 290 291
274 274 274 275 275 275 276 276 276 276 277 277 277 278 277 277 278 278 278 278 279 279 279 280 280 280 280 280 280 280 280 281 281 281 282 282 282 281 282 282 282 283 283 283 283 284 284 283 283 284 284 284 285 285 285 285 285 285 285 285 286 286 286 287 286 286 286 287 287 287 287 288 287 287 287 288 288 288 288 288 288 288 288 289 289 289 289 289 289 289 290 290 289 289
274 274 274 275 275 275 275 276 276 275 276 276 276 276 277 277 277 278 278 278 278 279 278 278 279 279 279 279 280 280 280 281 281 281 280 281 281 281 282 282 282 282 283 283 282 282 283 283 283 284 284 284 284 284 284 284 284 285 285 285 286 285 285 285 286 286 286 286 287 286 286 286 287 287 287 287 287 287 287 287 288 288 288 287 288 288 288 289 289 289 288 289 289 289
273 274 274 273 274 274 274 274 275 275 275 276 276 276 276 277 277 277 277 277 277 278 278 278 278 279 279 279 279 280 279 279 280 280 280 280 281 281 281 282 282 281 281 282 282 282 282 283 283 283 283 283 283 283 284 284 284 284 285 284 284 285 285 285 285 286 286 285 285 286 286 286 286 287 286 286 286 287 287 287 287 287 287 287 287 288 288 288 288 288 288 288 288 289
272 273 273 273 273 274 274 274 275 275 275 275 276 275 275 276 276 276 276 277 277 277 278 278 278 278 278 278 278 279 279 279 279 280 280 280 280 280 280 280 281 281 281 281 282 282 282 282 282 282 282 283 283 283 283 284 283 283 283 284 284 284 285 285 284 284 285 285 285 285 286 286 285 285 286 286 286 286 287 286 286 286 287 287 287 287 287 287 287 287 288 288 287 287
