testData/tiles/oneDegreeCosts/grid8.0-33.0-9.0-34.0.asc
ncols   200
nrows   200
xllcorner   8.0
yllcorner   33.0
cellsize   0.005
NODATA_value   -9999.0
[rows 42 to 83 of 200, columns 0 to 93 of 200]
528 528 528 527 527 526 526 525 525 525 524 511 510 510 509 509 509 508 508 507 507 506 506 505 505 504 504 503 503 502 502 501 501 500 500 499 499 498 498 497 496 496 495 495 494 494 493 492 492 491 491 490 489 489 488 488 487 486 486 485 484 484 483 482 482 481 480 480 479 478 478 477 476 475 475 474 474 474 474 561 560 560 559 558 557 556 556 555 554 554 554 553 554 554
528 528 527 527 527 526 526 525 525 524 524 511 510 510 509 509 508 508 507 507 506 506 506 505 505 504 504 503 503 502 502 501 501 500 499 499 498 498 497 497 496 496 495 495 494 493 493 492 492 491 490 490 489 489 488 487 487 486 485 485 484 484 483 482 482 481 480 479 479 478 477 477 476 475 475 474 474 474 474 561 560 559 559 558 557 556 555 555 554 554 554 553 553 554
528 528 527 527 526 526 526 525 525 524 524 510 510 509 509 509 508 508 507 507 506 506 505 505 504 504 503 503 502 502 501 501 500 500 499 499 498 498 497 497 496 495 495 494 494 493 493 492 491 491 490 490 489 488 488 487 487 486 485 485 484 483 483 482 481 481 480 479 479 478 477 476 476 475 474 474 474 474 474 561 560 559 558 557 557 556 555 554 553 554 553 553 553 553
528 527 527 527 526 526 525 525 524 524 524 510 510 509 509 508 508 507 507 507 506 506 505 505 504 504 503 503 502 502 501 501 500 500 499 498 498 497 497 496 496 495 495 494 494 493 492 492 491 491 490 489 489 488 488 487 486 486 485 484 484 483 482 482 481 480 480 479 478 478 477 476 476 475 474 474 474 474 561 560 560 559 558 557 556 556 555 554 553 553 553 553 553 553
528 527 527 526 526 526 525 525 524 524 523 510 510 509 509 508 508 507 507 506 506 505 505 504 504 503 503 502 502 501 501 500 500 499 499 498 498 497 497 496 496 495 494 494 493 493 492 492 491 490 490 489 489 488 487 487 486 485 485 484 483 483 482 482 481 480 479 479 478 477 477 476 475 475 474 474 474 474 561 560 559 559 558 557 556 555 555 554 553 553 553 553 553 553
527 527 527 526 526 525 525 524 524 524 523 510 509 509 508 508 507 507 507 506 506 505 505 504 504 503 503 502 502 501 501 500 500 499 499 498 498 497 496 496 495 495 494 494 493 492 492 491 491 490 490 489 488 488 487 486 486 485 485 484 483 483 482 481 481 480 479 479 478 477 476 476 475 474 474 474 474 474 561 560 559 558 557 557 556 555 554 553 553 553 553 553 553 553
527 527 526 526 526 525 525 524 524 523 523 510 509 509 508 508 507 507 506 506 505 505 504 504 503 503 502 502 501 501 500 500 499 499 498 498 497 497 496 496 495 495 494 493 493 492 492 491 490 490 489 489 488 487 487 486 486 485 484 484 483 482 482 481 480 480 479 478 478 477 476 475 475 474 474 474 474 474 560 560 559 558 557 556 556 555 554 553 553 553 553 553 553 553
527 527 526 526 525 525 524 524 524 523 523 509 509 508 508 508 507 507 506 506 505 505 504 504 503 503 502 502 501 501 500 500 499 499 498 498 497 497 496 495 495 494 494 493 493 492 491 491 490 490 489 488 488 487 487 486 485 485 484 483 483 482 481 481 480 479 479 478 477 477 476 475 475 474 474 474 474 561 560 559 559 558 557 556 555 555 554 553 553 553 553 553 553 553
527 526 526 526 525 525 524 524 523 523 523 509 509 508 508 507 507 506 506 505 505 504 504 504 503 503 502 502 501 501 500 499 499 498 498 497 497 496 496 495 495 494 494 493 492 492 491 491 490 489 489 488 488 487 486 486 485 484 484 483 483 482 481 481 480 479 478 478 477 476 476 475 474 474 474 474 474 561 560 559 558 558 557 556 555 554 554 553 553 553 553 553 553 578
527 526 526 525 525 524 524 524 523 523 522 509 508 508 508 507 507 506 506 505 505 504 504 503 503 502 502 501 501 500 500 499 499 498 498 497 497 496 496 495 494 494 493 493 492 492 491 490 490 489 489 488 487 487 486 486 485 484 484 483 482 482 481 480 480 479 478 478 477 476 475 475 474 474 474 474 474 560 560 559 558 557 556 556 555 554 553 553 553 553 553 553 553 577
526 526 525 525 525 524 524 523 523 523 522 509 508 508 507 507 506 506 505 505 505 504 504 503 503 502 502 501 501 500 500 499 499 498 497 497 496 496 495 495 494 494 493 492 492 491 491 490 490 489 488 488 487 487 486 485 485 484 483 483 482 481 481 480 479 479 478 477 477 476 475 474 474 474 474 474 474 560 559 559 558 557 556 555 555 554 553 553 553 553 553 553 577 577
526 526 525 525 524 524 524 523 523 522 522 508 508 508 507 507 506 506 505 505 504 504 503 503 502 502 501 501 500 500 499 499 498 498 497 497 496 496 495 495 494 493 493 492 492 491 491 490 489 489 488 488 487 486 486 485 484 484 483 482 482 481 480 480 479 478 478 477 476 476 475 474 474 474 474 474 561 560 559 558 557 557 556 555 554 554 553 553 553 553 553 577 577 577
526 525 525 525 524 524 523 523 523 522 522 508 508 507 507 506 506 505 505 505 504 504 503 503 502 502 501 501 500 500 499 499 498 498 497 496 496 495 495 494 494 493 493 492 491 491 490 490 489 488 488 487 487 486 485 485 484 483 483 482 482 481 480 480 479 478 477 477 476 475 475 474 474 474 474 474 560 560 559 558 557 556 556 555 554 553 553 553 553 553 577 577 577 577
526 525 525 524 524 524 523 523 522 522 521 508 508 507 507 506 506 505 505 504 504 503 503 502 502 501 501 500 500 499 499 498 498 497 497 496 496 495 495 494 493 493 492 492 491 491 490 489 489 488 488 487 486 486 485 485 484 483 483 482 481 481 480 479 479 478 477 477 476 475 474 474 474 474 474 474 560 559 558 558 557 556 555 555 554 553 553 553 553 578 577 577 577 577
525 525 525 524 524 523 523 523 522 522 521 508 507 507 506 506 506 505 505 504 504 503 503 502 502 501 501 500 500 499 499 498 498 497 497 496 495 495 494 494 493 493 492 492 491 490 490 489 489 488 487 487 486 486 485 484 484 483 482 482 481 480 480 479 478 478 477 476 476 475 474 474 474 474 474 474 560 559 558 557 557 556 555 554 554 553 553 553 578 577 577 577 577 577
525 525 524 524 524 523 523 522 522 521 521 508 507 507 506 506 505 505 504 504 503 503 502 502 501 501 500 500 499 499 498 498 497 497 496 496 495 495 494 494 493 492 492 491 491 490 490 489 488 488 487 487 486 485 485 484 483 483 482 481 481 480 479 479 478 477 477 476 475 475 474 474 474 474 474 474 559 559 558 557 556 556 555 554 553 553 553 553 578 577 577 577 577 577
525 525 524 524 523 523 523 522 522 521 521 507 507 506 506 506 505 505 504 504 503 503 502 502 501 501 500 500 499 499 498 498 497 497 496 496 495 494 494 493 493 492 492 491 490 490 489 489 488 487 487 486 486 485 484 484 483 482 482 481 481 480 479 479 478 477 476 476 475 474 474 474 474 474 474 560 559 558 558 557 556 555 555 554 553 553 553 578 578 577 577 577 577 577
525 524 524 524 523 523 522 522 521 521 521 507 507 506 506 505 505 504 504 503 503 502 502 501 501 500 500 499 499 498 498 497 497 496 496 495 495 494 494 493 493 492 491 491 490 490 489 488 488 487 487 486 485 485 484 484 483 482 482 481 480 480 479 478 478 477 476 475 475 474 474 474 474 474 474 560 559 558 557 557 556 555 554 553 553 553 579 578 577 577 577 577 577 577
525 524 524 523 523 522 522 522 521 521 520 507 506 506 506 505 505 504 504 503 503 502 502 501 501 500 500 499 499 498 498 497 497 496 496 495 494 494 493 493 492 492 491 491 490 489 489 488 488 487 486 486 485 485 484 483 483 482 481 481 480 479 479 478 477 477 476 475 475 474 474 474 474 474 474 559 559 558 557 556 556 555 554 553 553 580 579 578 577 577 577 577 577 577
524 524 523 523 523 522 522 521 521 521 520 507 506 506 505 505 504 504 503 503 502 502 501 501 501 500 500 499 498 498 497 497 496 496 495 495 494 494 493 493 492 491 491 490 490 489 489 488 487 487 486 486 485 484 484 483 482 482 481 480 480 479 478 478 477 476 476 475 474 474 474 474 474 474 474 559 558 558 557 556 555 554 554 553 553 579 578 578 577 577 577 577 577 577
524 524 523 523 522 522 522 521 521 520 520 506 506 505 505 505 504 504 503 503 502 502 501 501 500 500 499 499 498 498 497 497 496 496 495 495 494 493 493 492 492 491 491 490 489 489 488 488 487 486 486 485 485 484 483 483 482 481 481 480 479 479 478 477 477 476 475 475 474 474 474 474 474 474 474 559 558 557 557 556 555 554 553 553 580 579 578 577 577 577 577 577 577 577
524 523 523 523 522 522 521 521 520 520 520 506 506 505 505 504 504 503 503 502 502 501 501 501 500 500 499 499 498 497 497 496 496 495 495 494 494 493 493 492 492 491 490 490 489 489 488 487 487 486 486 485 484 484 483 482 482 481 481 480 479 479 478 477 476 476 475 474 474 474 474 474 474 474 474 559 558 557 556 555 555 554 553 580 580 579 578 577 577 577 577 577 577 577
524 523 523 522 522 522 521 521 520 520 519 506 505 505 505 504 504 503 503 502 502 501 501 500 500 499 499 498 498 497 497 496 496 495 495 494 493 493 492 492 491 491 490 490 489 488 488 487 487 486 485 485 484 483 483 482 482 481 480 480 479 478 478 477 476 476 475 474 474 474 474 474 474 474 559 558 558 557 556 555 554 554 553 580 579 578 578 577 577 577 577 577 577 578
523 523 523 522 522 521 521 520 520 520 519 506 505 505 504 504 503 503 502 502 501 501 501 500 500 499 499 498 497 497 496 496 495 495 494 494 493 493 492 492 491 490 490 489 489 488 488 487 486 486 485 484 484 483 483 482 481 481 480 479 479 478 477 477 476 475 475 474 474 474 474 474 474 474 559 558 557 556 556 555 554 554 581 580 579 578 577 577 577 577 577 577 578 578
523 523 522 522 521 521 521 520 520 519 519 505 505 505 504 504 503 503 502 502 501 501 500 500 499 499 498 498 497 497 496 496 495 495 494 494 493 492 492 491 491 490 490 489 488 488 487 487 486 485 485 484 484 483 482 482 481 480 480 479 478 478 477 476 476 475 474 474 474 474 474 474 474 474 558 558 557 556 555 555 554 581 580 579 579 578 577 577 577 577 578 578 579 579
523 523 522 522 521 521 520 520 520 519 519 505 505 504 504 503 503 502 502 501 501 501 500 500 499 499 498 498 497 496 496 495 495 494 494 493 493 492 492 491 490 490 489 489 488 488 487 486 486 485 485 484 483 483 482 481 481 480 479 479 478 477 477 476 475 475 474 474 474 474 474 474 474 474 558 557 557 556 555 554 554 581 580 579 578 577 577 577 577 577 578 578 579 580
523 522 522 521 521 521 520 520 519 519 518 505 504 504 504 503 503 502 502 501 501 500 500 499 499 498 498 497 497 496 496 495 495 494 494 493 492 492 491 491 490 490 489 488 488 487 487 486 486 485 484 484 483 482 482 481 480 480 479 479 478 477 476 476 475 474 474 474 474 474 474 474 474 474 558 557 556 556 555 554 581 580 580 579 578 577 577 577 578 579 579 580 580 580
522 522 522 521 521 520 520 519 519 519 518 505 504 504 503 503 502 502 501 501 500 500 500 499 499 498 498 497 496 496 495 495 494 494 493 493 492 492 491 491 490 489 489 488 488 487 486 486 485 485 484 483 483 482 481 481 480 480 479 478 478 477 476 476 475 474 474 474 474 474 474 474 474 474 558 557 556 555 555 582 581 580 579 579 578 577 577 578 578 579 580 581 581 581
522 522 521 521 521 520 520 519 519 518 518 504 504 504 503 503 502 502 501 501 500 500 499 499 498 498 497 497 496 496 495 495 494 494 493 492 492 491 491 490 490 489 489 488 487 487 486 486 485 484 484 483 482 482 481 481 480 479 479 478 477 477 476 475 475 474 474 474 474 474 474 474 474 474 557 557 556 555 555 581 581 580 579 578 577 577 578 579 579 580 580 581 582 582
522 522 521 521 520 520 519 519 519 518 518 504 504 503 503 502 502 501 501 500 500 499 499 499 498 498 497 496 496 495 495 494 494 493 493 492 492 491 491 490 489 489 488 488 487 487 486 485 485 484 483 483 482 482 481 480 480 479 478 478 477 476 476 475 474 474 474 474 474 474 474 474 474 474 557 556 555 555 582 581 580 580 579 578 577 578 578 580 581 581 581 582 582 582
522 521 521 520 520 520 519 519 518 518 517 504 503 503 503 502 502 501 501 500 500 499 499 498 498 497 497 496 496 495 495 494 494 493 493 492 491 491 490 490 489 489 488 487 487 486 486 485 484 484 483 483 482 481 481 480 479 479 478 477 477 476 475 475 474 474 474 474 474 474 474 474 474 474 557 556 555 582 582 581 580 579 578 578 578 579 580 580 581 582 582 583 583 583
521 521 521 520 520 519 519 518 518 518 517 504 503 503 502 502 501 501 500 500 499 499 498 498 497 497 496 496 495 495 494 494 493 493 492 492 491 491 490 489 489 488 488 487 487 486 485 485 484 484 483 482 482 481 480 480 479 478 478 477 476 476 475 474 474 474 474 474 474 474 474 474 474 474 556 556 555 582 581 580 580 579 578 578 578 580 581 581 582 582 582 583 584 584
521 521 520 520 520 519 519 518 518 517 517 503 503 503 502 502 501 501 500 500 499 499 498 498 497 497 496 496 495 495 494 494 493 493 492 491 491 490 490 489 489 488 487 487 486 486 485 484 484 483 483 482 481 481 480 479 479 478 477 477 476 475 475 474 474 474 474 474 474 474 474 474 474 474 556 556 583 582 581 580 579 579 578 579 580 580 581 582 583 583 583 584 584 584
521 521 520 520 519 519 518 518 518 517 517 503 503 502 502 501 501 500 500 499 499 498 498 497 497 496 496 495 495 494 494 493 493 492 492 491 491 490 489 489 488 488 487 487 486 485 485 484 484 483 482 482 481 480 480 479 478 478 477 477 476 475 474 474 474 474 474 474 474 474 474 474 474 474 556 583 582 581 581 580 579 578 578 580 581 581 582 582 583 584 584 585 585 585
521 520 520 519 519 519 518 518 517 517 516 503 502 502 502 501 501 500 500 499 499 498 498 497 497 496 496 495 495 494 494 493 493 492 491 491 490 490 489 489 488 487 487 486 486 485 485 484 483 483 482 481 481 480 480 479 478 478 477 476 476 475 474 474 474 474 474 474 474 474 474 474 474 474 555 583 582 581 580 580 579 578 579 580 581 583 583 583 584 584 584 585 586 586
520 520 520 519 519 518 518 517 517 517 516 503 502 502 501 501 500 500 499 499 498 498 497 497 496 496 495 495 494 494 493 493 492 492 491 491 490 489 489 488 488 487 487 486 485 485 484 484 483 482 482 481 481 480 479 479 478 477 477 476 475 475 474 474 474 474 474 474 474 474 474 474 474 474 583 582 582 581 580 579 579 580 581 581 582 583 583 584 585 585 585 585 585 586
520 520 519 519 518 518 518 517 517 516 516 502 502 501 501 501 500 500 499 499 498 498 497 497 496 496 495 495 494 494 493 493 492 491 491 490 490 489 489 488 487 487 486 486 485 485 484 483 483 482 481 481 480 480 479 478 478 477 476 476 475 474 474 474 474 474 474 474 474 474 474 474 474 474 583 582 581 580 580 579 579 580 581 583 583 584 584 584 585 586 586 586 586 586
520 519 519 519 518 518 517 517 516 516 516 502 502 501 501 500 500 499 499 498 498 497 497 496 496 495 495 494 494 493 493 492 492 491 491 490 489 489 488 488 487 487 486 485 485 484 484 483 482 482 481 481 480 479 479 478 477 477 476 475 475 474 474 474 474 474 474 474 474 474 474 474 474 583 583 582 581 580 579 579 580 581 582 583 583 585 585 585 586 586 586 586 587 587
520 519 519 518 518 518 517 517 516 516 515 502 501 501 500 500 500 499 499 498 498 497 497 496 496 495 495 494 494 493 492 492 491 491 490 490 489 489 488 487 487 486 486 485 485 484 483 483 482 482 481 480 480 479 478 478 477 476 476 475 474 474 474 474 474 474 474 474 474 474 474 474 474 493 582 581 581 580 579 580 581 582 583 584 584 585 585 586 587 587 587 587 587 587
519 519 519 518 518 517 517 516 516 516 515 502 501 501 500 500 499 499 498 498 497 497 496 496 495 495 494 494 493 493 492 492 491 491 490 489 489 488 488 487 487 486 485 485 484 484 483 482 482 481 481 480 479 479 478 477 477 476 475 475 474 474 474 474 474 474 474 474 474 474 474 474 493 493 582 581 580 580 580 581 582 583 583 585 585 586 586 586 586 588 588 588 588 588
519 519 518 518 517 517 517 516 516 515 515 501 501 500 500 499 499 499 498 498 497 497 496 496 495 495 494 494 493 492 492 491 491 490 490 489 489 488 487 487 486 486 485 485 484 483 483 482 482 481 480 480 479 478 478 477 476 476 475 474 474 474 474 474 474 474 474 474 474 474 474 494 493 492 582 581 580 580 580 582 583 584 584 585 585 587 587 587 587 587 587 588 588 588
519 518 518 518 517 517 516 516 515 515 515 501 501 500 500 499 499 498 498 497 497 496 496 495 495 494 494 493 493 492 492 491 491 490 489 489 488 488 487 487 486 485 485 484 484 483 482 482 481 481 480 479 479 478 477 477 476 475 475 474 474 474 474 474 474 474 474 474 474 474 474 494 493 492 581 580 580 580 581 582 583 585 585 586 586 586 587 588 588 588 588 588 588 588
