testData/tiles/oneDegreeCosts/grid29.0-38.0-30.0-39.0.asc
ncols   200
nrows   200
xllcorner   29.0
yllcorner   38.0
cellsize   0.005
NODATA_value   -9999.0
[rows 126 to 167 of 200, columns 0 to 93 of 200]
715 715 715 715 715 715 715 715 715 715 715 716 716 716 716 716 716 716 716 716 716 716 716 716 716 716 716 716 716 716 716 716 716 716 716 716 716 716 716 716 716 716 716 716 716 716 716 716 716 716 716 716 715 715 715 715 715 715 582 582 582 582 582 582 582 582 582 582 582 582 582 582 582 582 692 692 692 692 692 692 692 692 691 691 691 691 691 691 690 690 690 690 690 690
715 715 715 715 715 715 715 715 715 715 715 715 715 716 716 716 716 716 716 716 716 716 716 716 716 716 716 716 716 716 716 716 716 716 716 716 716 716 716 716 716 716 716 716 716 716 716 716 716 716 715 715 715 715 715 715 715 715 582 582 582 582 582 582 582 582 582 582 582 582 582 582 582 582 692 692 692 692 692 692 692 691 691 691 691 691 691 691 690 690 690 690 690 689
715 715 715 715 715 715 715 715 715 715 715 715 715 715 715 716 716 716 716 716 716 716 716 716 716 716 716 716 716 716 716 716 716 716 716 716 716 716 716 716 716 716 716 716 716 716 716 716 715 715 715 715 715 715 715 715 715 715 582 582 582 582 582 582 582 582 582 582 582 582 582 582 582 692 692 692 692 692 692 692 691 691 691 691 691 691 691 690 690 690 690 690 690 689
713 714 714 714 714 714 714 715 715 715 715 715 715 715 715 715 715 715 716 716 716 716 716 716 716 716 716 716 716 716 716 716 716 716 716 716 716 716 716 716 716 716 716 716 716 715 715 715 715 715 715 715 715 715 715 715 715 715 715 582 582 582 582 582 582 582 582 582 582 582 582 582 582 692 692 692 692 692 692 692 691 691 691 691 691 691 690 690 690 690 690 690 689 689
713 713 713 714 714 714 714 714 714 714 714 714 714 714 714 715 715 715 715 715 715 716 716 716 716 716 716 716 716 716 716 716 716 716 716 716 716 716 716 716 716 716 715 715 715 715 715 715 715 715 715 715 715 715 715 715 715 715 715 582 582 582 582 582 582 582 582 582 582 582 582 582 692 692 692 692 692 692 692 691 691 691 691 691 691 691 690 690 690 690 690 690 689 689
713 713 713 713 714 714 714 714 714 714 714 714 714 714 714 714 714 714 714 714 714 714 714 714 715 716 716 716 716 716 716 716 716 716 716 716 716 716 715 715 715 715 715 715 715 715 715 715 715 715 715 715 715 715 715 715 715 715 715 582 582 582 582 582 582 582 582 582 582 582 582 582 692 692 692 692 692 692 691 691 691 691 691 691 691 690 690 689 689 689 689 688 688 688
713 713 713 713 713 714 714 714 714 714 714 714 714 714 714 714 714 714 714 714 714 714 714 714 714 714 714 714 714 714 714 714 714 714 714 714 714 714 714 714 715 715 715 715 715 715 715 715 715 715 715 715 715 715 715 715 715 715 714 582 582 582 582 582 582 582 582 582 582 582 582 691 691 691 691 691 691 690 690 690 690 690 690 690 689 689 689 689 689 689 688 688 688 688
713 713 713 713 713 713 713 714 714 714 714 714 714 714 714 714 714 714 714 714 714 714 714 714 714 714 714 714 714 714 714 714 714 714 714 714 714 714 714 714 714 714 714 714 714 714 714 714 714 714 714 714 714 714 714 714 713 713 713 582 582 582 582 582 582 582 582 582 582 582 582 691 691 691 691 691 690 690 690 690 690 690 690 689 689 689 689 689 689 689 688 688 688 688
713 713 713 713 713 713 713 765 714 714 714 714 714 714 714 714 714 714 714 714 714 714 714 714 714 714 714 714 714 714 714 714 714 714 714 714 714 714 714 714 714 714 714 714 714 714 714 714 714 714 714 714 714 714 713 713 713 713 713 713 582 582 582 582 582 582 582 582 582 582 582 691 691 691 691 690 690 690 690 690 690 690 690 689 689 689 689 689 689 688 688 688 688 688
765 765 765 765 765 765 765 765 765 765 766 766 766 766 766 766 766 766 766 766 766 766 766 766 766 766 766 766 766 766 766 766 766 766 766 766 766 714 714 714 714 714 714 714 714 714 714 714 714 714 714 714 714 713 713 713 713 713 713 713 582 582 582 582 582 582 582 582 582 582 691 691 691 691 691 690 690 690 690 690 690 690 689 689 689 689 689 689 688 688 688 688 688 688
764 764 764 764 764 764 764 765 765 765 765 765 766 766 766 766 766 766 766 766 766 766 766 766 766 766 766 766 766 766 766 766 766 766 766 766 766 766 766 766 766 766 766 766 766 766 766 766 766 714 714 713 713 713 713 713 713 713 713 713 582 582 582 582 582 582 582 582 582 582 691 691 691 691 690 690 690 690 690 690 690 689 689 689 689 689 689 688 688 688 688 688 688 687
764 764 764 764 764 764 764 764 764 764 764 764 764 764 764 766 766 766 766 766 766 766 766 766 766 766 766 766 766 766 766 766 766 766 766 766 766 766 766 766 766 766 766 766 766 766 766 766 765 765 765 765 765 765 765 765 765 765 713 713 582 582 582 582 582 582 582 582 582 691 691 691 691 690 690 690 690 690 690 690 689 689 689 689 689 689 689 688 688 688 688 688 687 687
763 764 764 764 764 764 764 764 764 764 764 764 764 764 764 764 764 765 765 765 765 765 765 765 765 766 766 766 766 766 766 766 766 766 766 766 766 766 766 766 766 766 766 766 766 766 765 765 765 765 765 765 765 765 765 765 765 765 765 765 621 621 620 620 620 620 582 582 582 691 691 691 690 690 690 690 690 690 690 689 689 689 689 689 689 689 687 687 687 687 687 687 686 686
763 763 763 764 764 764 764 764 764 764 764 764 764 764 764 764 764 764 764 764 764 765 765 765 765 765 765 765 765 765 765 765 765 765 765 765 765 765 765 765 765 766 765 765 765 765 765 765 765 765 765 765 765 765 765 765 765 765 765 765 764 620 620 620 620 620 620 620 743 743 741 741 741 689 689 689 689 689 688 688 688 688 688 688 688 687 687 687 687 687 687 686 686 686
763 763 763 763 764 764 764 764 764 764 764 764 764 764 764 764 764 764 764 764 764 764 764 764 764 764 765 765 765 765 765 765 765 765 765 765 765 764 764 764 764 764 764 764 764 764 764 764 764 764 764 764 764 764 764 764 764 764 764 763 763 620 620 620 620 620 620 620 742 741 741 741 741 741 741 741 741 740 740 688 688 688 688 688 687 687 687 687 687 687 686 686 686 686
763 763 763 763 763 763 764 764 764 764 764 764 764 764 764 764 764 764 764 764 764 764 764 764 764 764 764 764 764 764 764 764 764 764 764 764 764 764 764 764 764 764 764 764 764 764 764 764 764 764 764 764 764 764 764 764 764 763 763 763 763 620 620 620 620 620 620 620 741 741 741 741 741 741 741 741 741 740 740 740 740 740 740 740 739 687 687 687 687 687 686 686 686 686
763 763 763 763 763 763 763 763 764 764 764 764 764 764 764 764 764 764 764 764 764 764 764 764 764 764 764 764 764 764 764 764 764 764 764 764 764 764 764 764 764 764 764 764 764 764 764 764 764 764 764 764 764 764 764 763 763 763 763 763 763 620 620 620 620 620 620 741 741 741 741 741 741 741 741 741 740 740 740 740 740 740 740 739 739 739 739 739 739 738 686 686 686 686
762 762 762 762 762 762 762 763 763 763 764 764 764 764 764 764 764 764 764 764 764 764 764 764 764 764 764 764 764 764 764 764 764 764 764 764 764 764 764 764 764 764 764 764 764 764 764 764 764 764 764 764 764 763 763 763 763 763 763 763 763 620 620 620 620 620 620 741 741 741 741 741 741 741 740 740 740 740 740 740 740 740 739 739 739 739 739 739 738 738 738 738 738 738
762 762 762 762 762 762 762 762 762 762 762 762 763 763 763 764 764 764 764 764 764 764 764 764 764 764 764 764 764 764 764 764 764 764 764 764 764 764 764 764 764 764 764 764 764 764 764 764 764 764 764 763 763 763 763 763 763 763 763 763 763 763 620 620 620 620 741 741 741 741 741 741 741 740 740 740 740 740 740 740 740 739 739 739 739 739 739 738 738 738 738 738 738 737
762 762 762 762 762 762 762 762 762 762 762 762 762 762 762 763 763 763 763 763 763 763 763 763 763 763 764 764 764 764 764 764 764 764 764 764 764 764 764 764 764 764 764 764 764 764 764 764 763 763 763 763 763 763 763 763 763 763 763 763 763 763 620 620 620 620 741 741 741 741 741 741 740 740 740 740 740 740 740 740 739 739 739 739 739 738 737 737 737 737 737 737 736 736
761 761 762 762 762 762 762 762 762 762 762 762 762 762 762 762 762 762 763 763 763 763 763 763 763 763 763 763 763 763 763 763 763 763 763 763 763 763 763 763 763 763 763 764 764 763 763 763 763 763 763 763 763 763 763 763 763 763 763 763 763 762 620 620 620 620 741 741 740 740 740 739 739 739 739 739 739 739 739 738 738 738 738 738 738 737 737 737 737 737 737 736 736 736
761 761 761 761 762 762 762 762 762 762 762 762 762 762 762 762 762 762 762 762 762 762 763 763 763 763 763 763 763 763 763 763 763 763 763 763 763 763 763 763 763 762 762 762 762 762 762 762 762 762 762 762 762 762 762 762 762 762 762 761 761 761 620 620 620 740 740 740 740 740 739 739 739 739 739 739 739 739 738 738 738 738 738 738 738 737 737 737 737 737 736 736 736 736
761 761 761 761 761 762 762 762 762 762 762 762 762 762 762 762 762 762 762 762 762 762 762 762 762 762 762 762 762 762 762 762 762 762 762 762 762 762 762 762 762 762 762 762 762 762 762 762 762 762 762 762 762 762 762 762 762 762 761 761 761 761 620 620 620 740 740 740 740 739 739 739 739 739 739 739 739 738 738 738 738 738 738 738 737 737 737 737 737 737 736 736 736 736
761 761 761 761 761 761 761 762 762 762 762 762 762 762 762 762 762 762 762 762 762 762 762 762 762 762 762 762 762 762 762 762 762 762 762 762 762 762 762 762 762 762 762 762 762 762 762 762 762 762 762 762 762 762 762 762 761 761 761 761 761 761 620 620 740 740 740 739 739 739 739 739 739 739 739 739 738 738 738 738 738 738 738 737 737 737 737 737 737 736 736 736 736 736
760 760 760 760 760 760 760 761 761 762 762 762 762 762 762 762 762 762 762 762 762 762 762 762 762 762 762 762 762 762 762 762 762 762 762 762 762 762 762 762 762 762 762 762 762 762 762 762 762 762 762 762 762 762 761 761 761 761 761 761 761 761 761 620 740 740 739 739 739 739 739 739 739 739 739 738 738 738 738 738 738 738 737 737 737 737 737 737 736 736 736 736 736 735
760 760 760 760 760 760 760 760 760 760 760 760 761 761 761 762 762 762 762 762 762 762 762 762 762 762 762 762 762 762 762 762 762 762 762 762 762 762 762 762 762 762 762 762 762 762 762 762 762 762 762 761 761 761 761 761 761 761 761 761 761 761 761 620 739 739 739 739 739 739 739 739 739 738 738 738 738 738 738 738 738 737 737 737 737 737 737 736 736 736 736 736 736 735
761 761 761 761 761 761 761 761 761 761 761 761 761 761 761 762 762 762 762 762 762 762 762 762 762 762 762 762 762 762 762 762 762 762 762 762 762 762 762 762 762 762 762 762 762 762 762 762 761 761 761 761 761 761 761 761 761 761 761 761 761 761 761 739 739 739 739 739 739 739 739 739 738 738 738 738 738 738 738 738 737 737 737 737 737 736 735 735 735 735 735 735 734 734
761 761 762 762 762 762 762 762 762 762 762 762 762 762 762 762 762 762 763 763 763 763 763 763 763 763 763 763 762 762 762 762 762 762 762 762 762 762 762 761 761 761 761 761 761 761 761 761 761 761 761 761 761 761 761 761 761 761 761 761 761 760 760 739 739 738 738 738 738 738 738 737 737 737 737 737 737 737 737 736 736 736 736 736 736 735 735 735 735 735 735 734 734 734
763 763 763 763 764 764 764 764 764 764 764 764 764 764 764 763 763 763 763 763 763 763 763 764 764 764 764 764 764 764 764 764 764 763 763 763 763 763 763 763 762 762 762 761 761 761 761 761 761 761 760 760 760 760 760 760 760 760 760 759 759 759 759 738 738 738 738 738 738 737 737 737 737 737 737 737 737 736 736 736 736 736 736 736 735 735 735 735 735 735 734 734 734 734
764 764 764 764 764 764 765 765 765 765 765 765 765 765 765 765 765 765 765 765 765 765 765 765 764 764 764 764 764 764 764 764 764 764 764 764 764 763 763 763 763 763 763 763 763 763 762 762 762 762 762 762 762 761 761 761 761 760 759 759 759 759 882 738 738 738 738 738 737 737 737 737 737 737 737 737 736 736 736 736 736 736 736 735 735 735 735 735 735 734 734 734 734 734
765 765 765 765 765 765 765 765 766 766 766 766 766 766 766 766 766 766 766 766 766 766 766 766 766 766 766 766 766 765 765 765 765 765 765 765 765 765 765 765 764 764 764 764 764 764 764 764 763 763 763 763 763 763 763 761 761 761 761 761 761 760 883 883 739 739 737 737 737 737 737 737 737 737 737 736 736 736 736 736 736 736 735 735 735 735 735 735 734 734 734 734 734 733
765 765 765 765 766 766 766 767 767 767 767 767 767 767 767 767 767 767 767 767 767 767 767 767 767 767 767 767 767 767 767 767 767 766 766 766 766 766 766 766 766 766 766 765 765 765 765 765 765 765 765 764 763 763 763 763 763 762 762 762 762 762 885 884 740 739 739 739 738 738 738 738 737 737 736 736 736 736 736 736 736 735 735 735 735 735 735 734 734 734 734 734 734 733
767 767 767 767 767 767 767 767 767 767 767 767 767 767 768 768 769 769 769 769 768 768 768 768 768 768 768 768 768 768 768 768 768 768 768 768 767 767 767 767 767 767 767 767 767 766 766 766 766 765 765 765 765 764 764 764 764 764 764 763 763 886 886 885 741 740 740 740 740 740 739 739 738 738 737 737 737 737 736 736 735 735 735 735 735 735 734 734 734 734 734 734 733 733
767 767 768 768 768 768 768 768 768 768 768 768 768 768 768 768 768 769 769 769 769 769 769 769 769 768 768 769 769 769 769 769 769 769 769 769 769 769 768 768 768 768 768 768 768 768 767 766 766 766 766 766 766 766 766 765 765 765 765 765 765 886 886 886 742 742 741 741 741 741 741 739 739 739 739 739 738 738 738 737 736 736 736 736 734 733 733 733 733 733 733 732 732 732
768 768 768 768 769 769 769 769 769 769 769 769 769 769 769 769 769 769 769 769 769 769 770 770 770 770 770 770 769 769 769 769 769 769 769 769 769 769 769 769 769 767 767 767 767 767 767 767 767 767 767 767 767 767 767 767 766 766 766 765 765 888 886 886 742 742 742 742 741 740 740 740 740 739 739 739 739 737 737 737 737 736 736 736 735 734 734 734 734 733 732 732 732 732
769 832 769 769 769 769 770 770 770 770 770 770 770 770 770 770 770 770 770 770 770 770 770 770 770 770 770 770 770 770 770 769 769 769 769 769 769 769 769 769 769 769 768 768 768 768 768 768 768 768 768 767 767 767 767 767 767 766 765 765 888 888 888 888 743 743 743 743 742 741 741 741 741 741 740 740 739 739 738 738 738 738 738 736 736 736 735 735 735 734 733 733 733 732
833 833 833 833 833 833 833 833 834 834 834 834 834 834 834 834 834 834 834 834 834 834 834 834 834 834 834 834 834 834 834 771 771 770 770 770 770 770 770 770 770 770 770 770 769 769 769 769 769 769 769 769 768 768 768 767 767 767 767 766 889 889 889 889 889 744 743 743 743 743 742 742 742 742 742 740 740 740 740 740 739 739 738 738 737 737 737 737 735 735 735 734 734 733
834 835 835 835 835 835 835 835 835 835 835 836 836 836 835 835 835 835 835 835 835 835 835 835 835 835 835 835 835 835 835 835 835 835 835 834 834 834 834 834 834 834 834 771 771 770 770 770 770 770 770 770 769 769 768 768 768 768 768 768 890 890 890 890 890 745 744 744 744 744 744 744 743 742 742 742 741 741 741 741 741 739 739 739 739 738 738 737 737 736 736 736 734 734
835 835 835 835 835 835 835 836 836 836 836 836 836 836 837 837 837 837 836 836 836 836 836 836 836 836 836 836 836 836 836 836 836 836 836 836 835 835 835 835 835 835 835 835 835 835 835 834 834 833 833 833 833 770 770 769 769 769 769 892 892 891 891 890 890 746 746 745 745 745 745 745 744 743 743 743 743 742 742 741 741 741 740 740 740 740 738 738 738 738 737 736 736 735
835 835 836 836 836 836 836 836 836 836 836 836 836 836 836 836 837 837 838 838 837 837 837 837 837 837 837 837 837 837 837 837 837 837 837 837 837 836 836 836 836 836 836 836 836 835 835 834 834 834 834 834 834 834 834 833 833 833 833 956 956 892 891 891 891 747 747 747 746 746 745 745 745 744 744 744 744 744 742 742 742 742 742 741 740 740 740 739 739 739 738 737 737 737
836 836 836 836 837 837 837 837 837 837 837 837 837 837 837 837 837 837 837 837 837 837 837 837 837 837 837 837 838 838 838 838 838 838 838 838 838 838 837 837 836 836 836 836 836 836 836 836 835 835 835 835 835 835 835 835 834 834 834 956 956 956 956 955 955 811 811 811 748 746 746 746 746 746 745 745 745 744 744 743 743 743 743 741 740 740 740 740 739 738 738 738 737 737
837 837 837 837 837 837 837 838 838 838 838 838 838 838 838 838 838 838 838 838 838 838 837 837 837 837 837 837 837 837 837 837 837 837 837 837 837 837 837 836 836 836 836 836 836 836 836 836 836 835 835 835 835 835 835 835 834 834 956 956 956 956 956 956 955 811 811 810 810 810 809 809 809 809 746 744 744 744 744 744 743 743 742 742 741 741 741 741 739 739 739 739 738 737
