testData/tiles/oneDegreeCosts/grid2.0-23.0-3.0-24.0.asc
ncols   200
nrows   200
xllcorner   2.0
yllcorner   23.0
cellsize   0.005
NODATA_value   -9999.0
[rows 126 to 167 of 200, columns 94 to 187 of 200]
746 746 746 746 746 747 747 747 747 747 747 747 747 748 748 748 748 748 737 737 737 737 738 738 738 738 738 738 738 738 738 738 739 739 739 739 739 739 739 739 739 739 739 740 740 740 590 590 590 590 590 590 590 590 590 591 591 591 591 591 591 591 591 591 581 581 581 581 581 582 582 582 582 582 582 582 582 582 582 582 582 582 582 582 582 582 582 582 582 583 583 583 583 583
746 746 746 746 746 746 747 747 747 747 747 747 747 747 748 748 748 748 748 748 737 737 737 738 738 738 738 738 738 738 738 738 738 739 739 739 739 739 739 739 739 739 739 740 740 740 590 590 590 590 590 590 590 590 590 590 591 591 591 591 591 591 591 581 581 581 581 581 581 581 581 582 582 582 582 582 582 582 582 582 582 582 582 582 582 582 582 582 582 582 583 583 583 583
746 746 746 746 746 746 747 747 747 747 747 747 747 747 747 748 748 748 748 748 748 737 737 737 738 738 738 738 738 738 738 738 738 739 739 739 739 739 739 739 739 739 739 739 740 740 590 590 590 590 590 590 590 590 590 590 590 591 591 591 591 591 591 581 581 581 581 581 581 581 581 581 582 582 582 582 582 582 582 582 582 582 582 582 582 582 582 582 582 582 582 582 583 583
746 746 746 746 746 746 746 747 747 747 747 747 747 747 747 748 748 748 748 748 748 748 737 737 738 738 738 738 738 738 738 738 738 738 739 739 739 739 739 739 739 739 739 739 739 740 590 590 590 590 590 590 590 590 590 590 590 590 591 591 591 591 591 581 581 581 581 581 581 581 581 581 581 582 582 582 582 582 582 582 582 582 582 582 582 582 582 582 582 582 582 582 582 582
746 746 746 746 746 746 746 746 747 747 747 747 747 747 747 747 748 748 748 748 748 748 748 737 737 738 738 738 738 738 738 738 738 738 738 739 739 739 739 739 739 739 739 739 739 739 740 590 590 590 590 590 590 590 590 590 590 590 590 591 591 591 581 581 581 581 581 581 581 581 581 581 581 581 582 582 582 582 582 582 582 582 582 582 582 582 582 582 582 582 582 582 582 582
746 746 746 746 746 746 746 746 747 747 747 747 747 747 747 747 747 748 748 748 748 748 748 748 737 737 738 738 738 738 738 738 738 738 738 738 739 739 739 739 739 739 739 739 739 739 739 590 590 590 590 590 590 590 590 590 590 590 590 590 591 591 581 581 581 581 581 581 581 581 581 581 581 581 581 582 582 582 582 582 582 582 582 582 582 582 582 582 582 582 582 582 582 582
746 747 747 746 746 746 746 746 746 747 747 747 747 747 747 747 747 748 748 748 748 748 748 748 748 737 738 738 738 738 738 738 738 738 738 738 739 739 739 739 739 739 739 739 739 739 739 589 590 590 590 590 590 590 590 590 590 590 590 590 590 581 581 581 581 581 581 581 581 581 581 581 581 581 581 581 581 582 582 582 582 582 582 582 582 582 582 582 582 582 582 582 582 582
746 746 747 747 747 747 746 746 746 746 747 747 747 747 747 747 747 747 748 748 748 748 748 748 748 748 738 738 738 738 738 738 738 738 738 738 738 739 739 739 739 739 739 739 739 739 739 589 589 590 590 590 590 590 590 590 590 590 590 590 590 581 581 581 581 581 581 581 581 581 581 581 581 581 581 581 581 581 582 582 582 582 582 582 582 582 582 582 582 582 582 582 582 582
747 746 747 747 747 747 747 747 747 746 747 747 747 747 747 747 747 747 747 748 748 748 748 748 748 748 748 748 738 738 738 738 738 738 738 738 738 738 739 739 739 739 739 739 739 739 739 589 589 589 590 590 590 590 590 590 590 590 590 590 581 581 581 581 581 581 581 581 581 581 581 581 581 581 581 581 581 581 581 581 582 582 582 582 582 582 582 582 582 582 582 582 582 582
747 747 747 748 747 747 747 747 747 747 747 747 747 747 747 747 747 747 747 748 748 748 748 748 748 748 748 748 748 738 738 738 738 738 738 738 738 738 738 739 739 739 739 739 739 739 739 589 589 589 590 590 590 590 590 590 590 590 590 590 581 581 581 581 581 581 581 581 581 581 581 581 581 581 581 581 581 581 581 581 581 582 582 582 582 582 582 582 582 582 582 582 582 582
747 747 747 747 748 748 747 747 747 747 747 747 748 747 747 747 747 747 747 747 748 748 748 748 748 748 748 748 748 749 738 738 738 738 738 738 738 738 738 738 739 739 739 739 739 739 739 739 589 589 589 590 590 590 590 590 590 590 590 581 581 581 581 581 581 581 581 581 581 581 581 581 581 581 581 581 581 581 581 581 581 581 581 582 582 582 582 582 582 582 582 582 582 582
748 747 747 747 748 748 748 748 748 747 747 747 748 748 748 748 747 747 747 747 747 748 748 748 748 748 748 748 748 748 749 738 738 738 738 738 738 738 738 738 738 739 739 739 739 739 739 739 589 589 589 589 590 590 590 590 590 590 590 581 581 581 581 581 581 581 581 581 581 581 581 581 581 581 581 581 581 581 581 581 581 581 581 581 582 582 582 582 582 582 582 582 582 582
748 748 748 748 748 748 748 748 748 748 748 747 747 748 748 748 748 748 747 747 747 747 748 748 748 748 748 748 748 748 748 749 738 738 738 738 738 738 738 738 738 738 739 739 739 739 739 739 589 589 589 589 589 590 590 590 590 590 581 581 581 581 581 581 581 581 581 581 581 581 581 581 581 581 581 581 581 581 581 581 581 581 581 581 581 581 582 582 582 582 582 582 582 582
748 748 748 748 748 748 749 748 748 748 748 748 748 748 748 748 748 748 748 748 747 747 748 748 748 748 748 748 748 748 748 748 749 738 738 738 738 738 738 738 738 738 739 739 739 739 739 739 589 589 589 589 589 589 589 590 590 590 581 581 581 581 581 581 581 581 581 581 581 581 581 581 581 581 581 581 581 581 581 581 581 581 581 581 581 581 581 581 582 582 582 582 582 582
749 749 748 748 748 748 749 749 749 748 748 748 748 748 749 749 748 748 748 748 748 748 748 748 748 748 748 748 748 748 748 748 748 749 738 738 738 738 738 738 738 738 738 739 739 739 739 739 589 589 589 589 589 589 589 589 590 581 581 581 581 581 581 581 581 581 581 581 581 581 581 581 581 581 581 581 581 581 581 581 581 581 581 581 581 581 581 581 581 581 582 582 582 582
749 749 749 749 748 748 748 749 749 749 749 748 748 748 748 749 749 749 748 748 748 748 748 748 748 748 748 748 748 748 748 748 748 748 749 738 738 738 738 738 738 738 738 738 739 739 739 739 589 589 589 589 589 589 589 589 589 581 581 581 581 581 581 581 581 581 581 581 581 581 581 581 581 581 581 581 581 581 581 581 581 581 581 581 581 581 581 581 581 581 581 582 582 582
749 749 749 749 749 749 749 749 749 749 749 749 749 748 748 748 749 749 749 749 748 748 748 748 748 748 748 748 748 748 748 748 748 748 749 749 738 738 738 738 738 738 738 738 738 739 739 739 589 589 589 589 589 589 589 589 581 581 581 581 581 581 581 581 581 581 581 581 581 581 581 581 581 581 581 581 581 581 581 581 581 581 581 581 581 581 581 581 581 581 581 581 581 581
749 750 749 749 749 749 749 749 750 749 749 749 749 749 749 749 749 749 749 749 749 748 748 748 748 749 749 748 748 748 748 748 748 748 748 749 749 738 738 738 738 738 738 738 738 738 739 739 739 589 589 589 589 589 589 589 581 581 581 581 581 581 581 581 581 581 581 581 581 581 581 581 581 581 581 581 581 581 581 581 581 581 581 581 581 581 581 581 581 581 581 581 581 581
749 750 750 750 749 749 749 749 749 750 750 749 749 749 749 749 749 749 749 749 749 749 749 748 748 748 749 749 748 748 748 748 748 748 748 748 749 749 738 738 738 738 738 738 738 738 738 739 739 589 589 589 589 589 589 581 581 581 581 581 581 581 581 581 581 581 581 581 581 581 581 581 581 581 581 581 581 581 581 581 581 581 581 581 581 581 581 581 581 581 581 581 581 581
749 749 750 750 750 750 750 749 749 749 750 750 750 749 749 749 749 749 750 749 749 749 749 749 749 748 748 749 749 749 748 748 748 748 748 748 748 749 749 738 738 738 738 738 738 738 738 738 739 589 589 589 589 589 589 581 581 581 581 581 581 581 581 581 581 581 581 581 581 581 581 581 581 581 581 581 581 581 581 581 581 581 581 581 581 581 581 581 581 581 581 581 581 581
750 750 750 750 750 750 750 750 750 749 750 750 750 750 750 749 749 749 749 750 750 749 749 749 749 749 748 748 749 749 749 748 748 748 748 748 748 748 749 749 738 738 738 738 738 738 738 738 738 589 589 589 589 589 581 581 581 581 581 581 581 581 581 581 581 581 581 581 581 581 581 581 581 581 581 581 581 581 581 581 581 581 581 581 581 581 581 581 581 581 581 581 581 581
750 750 750 751 751 750 750 750 750 750 750 750 750 750 750 750 750 749 749 749 750 750 750 749 749 749 749 749 749 749 749 749 749 748 748 748 748 748 748 749 749 738 738 738 738 738 738 738 738 588 589 589 589 589 581 581 581 581 581 581 581 581 581 581 581 581 581 581 581 581 581 581 581 581 581 581 581 581 581 581 581 581 581 581 581 581 581 581 581 581 581 581 581 581
750 750 750 750 751 751 751 750 750 750 750 750 751 750 750 750 750 750 750 749 750 750 750 750 749 749 749 749 749 749 749 749 749 749 748 748 748 748 748 748 749 749 738 738 738 738 738 738 738 588 588 588 589 581 581 581 581 581 581 581 581 581 581 581 581 581 581 581 581 581 581 581 581 581 581 581 581 581 581 581 581 581 581 581 581 581 581 581 581 581 581 581 581 581
751 751 750 750 750 751 751 751 751 750 750 750 750 751 751 750 750 750 750 750 750 750 750 750 750 750 749 749 749 749 749 749 749 749 749 749 748 748 748 748 748 749 738 738 738 738 738 738 738 588 588 588 588 581 581 581 581 581 581 581 581 581 581 581 581 581 581 581 581 581 581 581 581 581 581 581 581 581 581 581 581 581 581 581 581 581 581 581 581 581 581 581 581 581
751 751 751 751 751 751 751 751 751 751 751 750 750 751 751 751 751 750 750 750 750 750 751 750 750 750 750 750 749 749 749 750 749 749 749 749 749 748 748 748 748 748 749 738 738 738 738 738 738 588 588 588 581 581 581 581 581 581 581 581 581 581 581 581 581 581 581 581 581 581 581 581 581 581 581 581 581 581 581 581 581 581 581 581 581 581 581 581 581 581 581 581 581 581
752 751 751 751 751 751 752 751 751 751 751 751 751 751 751 751 751 751 751 750 750 750 750 751 750 750 750 750 750 749 749 749 750 750 749 749 749 749 748 748 748 748 748 749 738 738 738 738 738 588 588 588 581 581 581 581 581 581 581 581 581 581 581 581 581 581 581 581 581 581 581 581 581 581 581 581 581 581 581 581 581 581 581 581 581 581 581 581 581 581 581 581 581 581
753 753 752 751 751 751 751 752 752 751 751 751 751 751 751 751 751 751 751 751 751 750 750 750 751 751 750 750 750 750 750 749 749 750 750 749 749 749 749 749 748 748 748 748 749 738 738 738 738 588 588 581 581 581 581 581 581 581 581 581 581 581 581 581 581 581 581 581 581 581 581 581 581 581 581 581 581 581 581 581 581 581 581 581 581 581 581 581 581 581 581 581 581 581
753 753 753 752 752 751 751 751 752 752 752 751 751 751 751 751 752 751 751 751 751 751 750 750 750 751 751 750 750 750 750 750 749 749 750 750 749 749 749 749 749 748 748 748 748 749 738 738 738 588 588 581 581 581 581 581 581 581 581 581 581 581 581 581 581 581 581 581 581 601 601 601 602 602 602 602 602 602 602 602 602 602 602 602 602 602 602 602 602 602 602 602 603 603
753 753 753 753 752 752 752 751 751 752 752 752 752 751 751 751 751 752 752 751 751 751 751 751 772 772 773 773 773 772 772 772 772 771 771 772 772 772 771 771 771 771 770 770 770 770 771 760 760 610 600 600 600 600 600 600 600 600 600 601 601 601 601 601 601 601 601 601 601 601 601 601 601 601 602 602 602 602 602 602 602 602 602 602 602 602 602 602 602 602 602 602 602 602
775 775 776 775 775 774 774 774 774 774 774 774 774 774 774 773 773 773 774 774 773 773 773 773 773 772 773 773 773 773 772 772 772 772 772 772 772 772 772 771 771 771 771 770 770 770 770 771 760 610 600 600 600 600 600 600 600 600 600 600 601 601 601 601 601 601 601 601 601 601 601 601 601 601 601 601 602 602 602 602 602 602 602 602 602 602 602 602 602 602 602 602 602 602
775 775 776 776 776 775 774 774 774 774 775 774 774 774 774 774 774 773 774 774 774 774 773 773 773 773 773 773 773 773 773 772 772 772 772 772 772 772 772 772 771 771 771 771 770 770 770 770 771 600 600 600 600 600 600 600 600 600 600 600 600 601 601 601 601 601 601 601 601 601 601 601 601 601 601 601 601 602 602 602 602 602 602 602 602 602 602 602 602 602 602 602 602 602
775 775 775 776 776 776 776 774 774 774 774 775 775 774 774 774 774 774 774 774 774 774 774 773 773 773 773 773 773 773 773 773 773 772 772 772 772 772 772 772 772 771 771 771 771 770 770 770 760 600 600 600 600 600 600 600 600 600 600 600 600 600 600 601 601 601 601 601 601 601 601 601 601 601 601 601 601 601 601 602 602 602 602 602 602 602 602 602 602 602 602 602 602 602
776 776 776 776 776 776 776 776 775 774 774 774 775 775 775 774 774 774 774 774 774 774 774 774 774 773 773 773 773 774 773 773 773 773 772 772 772 772 772 772 772 772 771 771 771 771 770 770 760 610 600 600 600 600 600 600 600 600 600 600 600 600 600 600 601 601 601 601 601 601 601 601 601 601 601 601 601 601 601 601 601 602 602 602 602 602 602 602 602 602 602 602 602 602
777 776 776 776 776 776 776 776 776 775 775 774 774 775 775 775 774 774 774 774 774 775 774 774 774 774 773 773 773 773 774 773 773 773 773 772 772 772 772 772 772 772 772 771 771 771 771 760 760 610 610 600 600 600 600 600 600 600 600 600 600 600 600 600 600 600 601 601 601 601 601 601 601 601 601 601 601 601 601 601 601 601 601 602 602 602 602 602 602 602 602 602 602 602
778 777 776 776 776 776 777 776 776 776 775 775 775 775 775 775 775 775 774 774 774 774 775 774 774 774 774 774 773 773 773 774 773 773 773 773 772 772 772 772 772 772 772 772 772 771 771 761 760 610 610 610 600 600 600 600 600 600 600 600 600 600 600 600 600 600 600 601 601 601 601 601 601 601 601 601 601 601 601 601 601 601 601 601 601 602 602 602 602 602 602 602 602 602
778 778 778 776 776 776 777 777 777 776 776 775 775 775 776 775 775 775 775 775 774 774 774 775 774 774 774 774 774 773 773 773 774 773 773 773 773 773 772 772 772 772 772 772 772 772 761 761 761 610 610 610 610 600 600 600 600 600 600 600 600 600 600 600 600 600 600 600 600 601 601 601 601 601 601 601 601 601 601 601 601 601 601 601 601 601 601 602 602 602 602 602 602 602
778 778 778 778 777 776 776 777 777 777 777 776 775 775 775 776 775 775 775 775 775 774 774 774 775 775 774 774 774 774 773 773 773 774 774 773 773 773 773 772 772 772 772 772 772 762 762 761 761 611 610 610 610 610 600 600 600 600 600 600 600 600 600 600 600 600 600 600 600 600 601 601 601 601 601 601 601 601 601 601 601 601 601 601 601 601 601 601 601 602 602 602 602 602
779 778 778 778 778 777 777 777 777 777 777 777 777 775 775 775 776 776 775 775 775 775 775 774 774 775 775 774 774 774 774 774 773 773 774 774 773 773 773 773 772 772 772 772 771 762 762 762 761 611 611 610 610 610 600 600 600 600 600 600 600 600 600 600 600 600 600 600 600 600 600 600 601 601 601 601 601 601 601 601 601 601 601 601 601 601 601 601 601 601 601 602 602 602
778 779 779 778 778 778 777 777 777 777 777 777 777 777 775 775 775 776 776 775 775 775 775 775 774 774 775 775 774 774 774 774 774 773 773 774 774 773 773 773 773 772 772 772 762 762 762 762 762 611 611 611 610 610 610 600 600 600 600 600 600 600 600 600 600 600 600 600 600 600 600 600 600 601 601 601 601 601 601 601 601 601 601 601 601 601 601 601 601 601 601 601 601 601
778 778 779 779 779 778 778 777 777 777 778 777 777 777 777 776 775 775 776 776 776 775 775 775 775 774 774 775 775 775 774 774 774 774 773 773 774 774 773 773 773 773 772 772 762 762 762 762 762 612 611 611 611 610 610 610 600 600 600 600 600 600 600 600 600 600 600 600 600 600 600 600 600 600 600 601 601 601 601 601 601 601 601 601 601 601 601 601 601 601 601 601 601 601
779 778 778 779 779 779 779 778 777 777 777 778 777 777 777 776 776 775 775 776 776 776 775 775 775 775 775 775 775 775 775 774 774 774 774 773 773 774 774 773 773 773 773 762 762 762 762 761 761 612 611 611 611 611 610 610 610 600 600 600 600 600 600 600 600 600 600 600 600 600 600 600 600 600 600 600 600 601 601 601 601 601 601 601 601 601 601 601 601 601 601 601 601 601
779 779 779 779 779 779 779 779 779 777 777 778 778 778 777 777 776 776 776 776 776 776 776 775 775 775 775 775 775 775 775 775 774 774 774 774 773 773 773 774 773 773 763 763 762 762 762 762 761 611 612 611 611 611 611 610 610 600 600 600 600 600 600 600 600 600 600 600 600 600 600 600 600 600 600 600 600 600 600 601 601 601 601 601 601 601 601 601 601 601 601 601 601 601
