testData/tiles/oneDegreeCosts/grid46.0-24.0-47.0-25.0.asc
ncols   200
nrows   200
xllcorner   46.0
yllcorner   24.0
cellsize   0.005
NODATA_value   -9999.0
[rows 0 to 41 of 200, columns 94 to 187 of 200]
498 499 500 502 501 502 503 504 504 506 506 507 508 531 532 533 533 535 535 536 537 538 538 540 540 541 542 543 543 545 545 546 547 548 548 550 550 550 551 551 552 552 554 554 555 556 556 557 558 559 559 560 561 561 562 563 563 563 563 565 565 565 567 567 568 568 569 570 570 570 572 572 571 572 573 573 574 575 575 576 576 577 577 578 577 577 579 579 579 579 581 581 581 581
498 498 499 500 501 502 502 503 503 504 505 506 508 530 531 532 533 533 535 535 536 537 538 538 540 540 541 542 542 543 544 545 545 547 547 548 549 550 549 551 551 551 553 553 554 554 556 556 556 558 558 559 560 560 561 561 563 562 562 564 564 564 565 566 567 567 567 569 569 569 570 571 570 571 572 572 573 573 574 575 575 575 576 577 577 576 577 578 578 578 579 580 580 581
498 498 499 499 499 501 502 502 504 503 505 505 506 529 530 530 532 532 533 534 535 535 537 537 538 539 540 540 542 542 543 544 544 545 546 547 547 549 549 549 550 551 551 552 553 553 554 555 555 556 557 558 558 560 560 560 561 562 562 562 563 564 564 564 566 566 566 567 568 568 569 569 570 570 570 571 572 572 572 574 574 574 575 575 576 576 576 576 577 578 578 578 579 580
498 498 498 499 499 499 501 501 503 503 504 504 505 527 529 529 530 531 532 532 534 534 536 536 537 538 539 539 541 541 542 543 544 544 545 546 546 547 548 549 548 550 550 551 552 552 553 554 555 555 555 557 557 558 559 559 560 560 562 561 561 563 563 563 564 565 565 566 566 568 568 568 569 570 569 569 571 571 571 572 573 573 574 574 574 575 575 575 575 577 577 577 577 579
497 498 498 498 499 499 499 500 501 502 503 503 505 505 527 529 529 531 531 532 533 534 534 536 536 536 538 538 539 540 541 541 543 543 544 545 546 546 546 548 548 548 549 550 550 551 552 552 554 554 555 555 556 557 557 558 559 559 560 560 560 561 562 562 563 563 565 565 565 566 567 567 568 568 568 569 569 569 570 571 571 571 573 573 573 574 575 574 574 575 576 576 576 577
497 497 498 498 498 499 499 500 500 501 502 503 503 505 527 528 528 529 530 531 531 533 533 534 535 536 536 538 538 538 540 540 541 542 543 543 545 545 546 547 547 548 547 549 549 550 551 551 552 553 554 554 554 556 556 557 558 558 559 559 559 560 560 562 562 562 563 564 564 565 565 566 567 567 567 568 568 568 569 570 570 570 571 572 572 573 573 573 573 574 574 575 575 576
497 497 497 498 498 499 499 499 500 500 500 502 502 503 526 527 527 528 528 530 530 531 532 533 533 535 535 536 537 538 538 540 540 540 542 542 543 544 545 545 547 547 547 547 548 549 549 551 551 551 553 553 554 554 555 556 556 557 558 558 559 559 559 560 561 561 562 562 563 564 564 564 566 566 566 566 567 567 568 568 569 570 570 570 571 572 572 572 572 573 573 573 575 575
496 497 497 497 498 498 499 499 499 500 500 500 501 502 526 526 527 528 528 528 529 530 530 532 532 533 534 535 535 537 537 538 539 540 540 541 542 542 544 544 545 546 547 547 547 548 548 549 550 550 551 552 553 553 553 555 555 556 557 557 558 557 558 559 559 560 561 561 561 563 563 563 564 565 565 566 565 566 567 567 567 569 569 569 569 571 571 571 571 572 572 572 573 574
496 496 497 497 498 498 498 499 499 499 500 500 501 501 524 525 526 526 528 527 528 529 530 530 532 532 532 534 534 535 536 537 537 539 539 540 541 541 542 543 544 544 546 546 546 547 547 548 548 550 550 550 552 552 552 554 554 555 555 556 557 557 557 558 558 559 560 560 561 561 562 563 563 563 565 565 564 564 566 566 566 567 568 568 569 569 570 570 571 570 571 571 572 572
496 496 496 497 497 498 498 498 499 499 500 500 500 501 523 523 525 525 526 527 527 527 529 529 530 531 532 533 534 534 535 536 536 537 538 539 539 541 541 541 543 543 544 545 546 545 546 547 547 548 549 549 550 551 552 552 553 554 554 554 556 556 557 556 557 558 558 559 560 560 560 562 562 562 563 564 564 564 564 565 565 566 566 567 568 568 568 569 570 569 569 570 571 571
495 496 496 497 497 497 498 498 498 499 499 500 500 500 501 523 523 524 525 525 527 527 528 528 529 530 531 531 533 533 534 535 536 536 537 538 538 539 540 541 541 542 543 543 545 545 545 546 546 547 547 549 549 549 551 551 551 553 553 554 554 555 556 555 555 557 557 557 559 559 559 560 561 561 562 562 563 563 563 563 564 565 565 565 567 567 567 567 569 568 568 568 570 570
495 495 496 496 497 497 497 498 498 499 499 499 500 500 500 523 523 523 524 525 526 527 526 527 528 528 530 530 531 532 533 533 535 535 536 537 537 538 539 540 540 541 542 542 543 544 545 544 545 546 546 548 548 548 549 550 551 551 552 553 553 553 555 555 554 555 556 556 557 558 558 559 559 560 561 561 561 563 562 562 563 564 564 564 565 566 566 566 567 568 567 568 568 569
495 495 496 496 496 497 497 497 498 498 499 499 499 500 500 522 523 523 524 524 524 526 526 526 527 528 528 530 530 530 532 532 533 534 535 535 537 537 537 539 539 540 540 542 542 542 544 543 544 545 545 546 547 547 548 548 550 550 550 552 552 552 553 554 554 554 554 556 556 556 558 558 558 558 560 560 560 561 561 561 562 562 563 563 564 564 565 566 566 566 566 567 567 567
494 495 495 496 496 496 497 497 498 498 498 499 499 499 500 522 522 523 523 524 524 524 525 526 525 527 527 528 529 530 530 531 532 532 534 534 535 536 537 537 538 539 539 541 541 541 542 543 543 543 544 545 545 547 547 547 548 549 549 550 551 552 552 552 554 553 553 554 555 555 556 557 557 558 558 559 559 560 560 560 561 561 561 563 563 563 563 565 565 565 565 566 566 566
494 495 495 495 496 496 496 497 497 498 498 498 499 499 499 522 522 523 523 523 524 524 524 525 525 525 526 527 527 529 529 530 531 531 532 533 534 534 536 536 536 538 538 539 540 541 541 541 542 542 543 544 544 545 546 546 547 547 549 549 549 551 551 551 552 552 552 553 553 554 555 555 556 557 557 557 559 559 559 558 560 560 560 561 562 562 562 563 564 564 564 564 564 565
494 494 495 495 495 496 496 497 497 497 498 498 498 499 499 499 522 522 523 523 523 524 524 524 525 525 525 526 526 527 528 529 529 531 531 531 533 533 534 535 536 536 537 538 538 540 540 540 541 541 542 542 543 544 544 546 546 546 547 548 548 549 550 550 551 551 551 552 552 552 554 554 554 555 556 556 557 558 558 558 558 559 559 560 560 561 561 562 562 562 563 563 563 563
493 494 494 495 495 495 496 496 497 497 497 498 498 498 499 499 522 522 522 523 523 523 524 524 524 525 525 524 525 526 526 528 528 529 530 531 531 532 533 533 535 535 536 537 537 538 539 540 540 539 541 541 541 543 543 544 545 545 546 546 547 548 548 549 550 550 549 551 551 551 552 553 553 554 554 555 556 556 556 558 557 557 557 559 559 559 560 561 561 561 562 563 562 562
493 494 494 494 495 495 495 496 496 497 497 497 498 498 498 499 521 522 522 522 523 523 523 524 524 524 525 524 524 525 526 526 527 528 528 530 530 531 532 532 533 534 535 535 536 537 537 539 539 539 539 540 541 541 542 543 543 544 545 545 546 547 547 548 548 549 549 549 550 551 551 551 553 553 553 553 555 555 555 556 556 556 556 557 558 558 559 559 560 560 561 561 561 561
493 493 494 494 494 495 495 496 496 496 497 497 497 498 498 499 521 521 522 522 522 523 523 523 524 524 524 525 524 524 525 525 526 527 527 528 529 530 530 532 532 532 534 534 535 536 536 537 538 539 538 538 540 540 540 542 542 543 543 544 545 545 546 547 547 547 549 548 548 550 550 550 551 552 552 553 553 554 554 555 554 555 556 556 556 557 558 558 558 559 560 560 559 560
492 493 493 494 494 494 495 495 496 496 496 497 497 497 498 498 499 521 521 522 522 522 523 523 523 524 524 524 525 524 524 525 525 525 526 527 527 529 529 530 531 531 532 533 534 534 535 536 536 538 538 537 538 539 540 540 541 542 542 542 544 544 544 546 546 546 547 547 547 548 549 549 550 550 551 552 552 552 553 554 554 553 555 555 555 555 557 557 557 557 559 559 558 558
476 493 493 493 494 494 494 495 495 496 496 496 497 497 498 498 498 521 521 521 522 522 522 523 523 523 524 524 524 524 524 524 525 525 525 526 526 527 528 529 529 531 531 531 533 533 534 535 535 536 537 536 537 537 539 539 539 541 541 541 542 543 543 544 545 545 546 545 546 547 547 547 549 549 549 551 551 551 552 553 553 552 553 554 554 554 555 556 556 556 557 558 558 557
476 476 493 493 493 494 494 495 495 495 496 496 496 497 497 498 498 520 521 521 521 522 522 522 523 523 523 524 524 525 524 524 525 525 525 526 526 526 526 528 528 529 530 530 531 532 533 533 534 535 535 536 536 536 537 538 538 539 540 540 541 541 543 543 543 545 545 545 545 546 546 546 547 548 548 549 550 550 551 551 552 551 552 552 553 554 554 554 555 556 556 556 556 556
475 476 476 477 493 493 494 494 495 495 495 496 496 496 497 497 498 498 520 521 521 521 522 522 522 523 523 523 524 524 524 524 524 525 525 525 526 526 526 526 527 528 528 530 530 530 532 532 533 534 534 535 535 535 536 536 538 538 538 540 540 540 541 542 542 543 544 544 544 544 545 546 546 546 547 548 548 548 550 550 550 549 551 551 551 552 553 553 553 554 555 555 555 555
514 515 515 515 516 493 493 494 494 495 495 495 496 496 497 497 497 498 520 520 521 521 521 522 522 522 523 523 524 524 524 524 524 524 525 525 525 526 526 526 526 527 527 528 529 529 530 531 532 532 533 534 533 534 535 535 536 537 537 538 539 539 540 540 541 542 542 543 543 543 543 545 545 545 546 547 547 547 548 549 549 549 549 550 550 551 551 552 552 553 553 554 554 554
514 514 515 515 515 516 516 533 533 533 495 495 495 496 496 497 497 497 520 520 520 521 521 521 522 522 522 523 523 524 524 523 524 524 524 525 525 525 526 526 526 526 527 527 527 529 529 529 531 531 531 533 532 533 533 534 535 535 536 537 537 538 539 539 539 541 541 541 541 542 542 543 544 544 545 545 546 546 547 547 548 549 548 548 549 550 550 550 551 552 552 552 553 553
513 514 514 515 515 515 516 516 517 533 533 534 534 534 535 535 497 497 497 520 520 520 521 521 521 522 522 522 523 523 524 523 523 524 524 524 525 525 525 526 526 526 526 527 527 527 528 528 529 530 531 531 531 532 532 532 534 534 534 536 536 537 537 538 539 539 540 540 540 540 541 542 542 543 544 544 544 546 546 546 546 548 547 547 547 549 549 549 549 551 551 551 551 552
513 513 514 514 515 515 515 516 516 517 517 533 534 534 534 535 535 536 536 558 559 520 520 521 521 521 522 522 523 523 523 524 523 523 524 524 524 525 525 525 526 526 526 526 527 527 527 528 528 528 530 530 530 531 531 531 532 533 534 534 535 536 536 536 538 538 538 540 540 539 540 541 541 541 542 543 543 544 545 545 545 546 546 546 547 547 548 548 549 549 549 550 550 551
513 513 513 514 514 515 515 515 516 516 517 517 533 534 534 535 535 535 536 558 558 559 559 559 560 560 522 522 522 523 523 523 523 523 523 524 524 524 525 525 525 525 526 526 526 527 527 527 528 528 528 529 529 529 530 531 531 531 533 533 533 535 535 535 536 537 537 538 539 538 539 539 540 540 541 541 542 543 543 543 544 545 544 544 546 546 546 546 548 548 548 548 550 550
512 513 513 514 514 514 515 515 515 516 516 517 517 517 534 534 535 535 535 536 558 558 559 559 559 560 560 560 561 561 523 523 523 523 523 523 524 524 524 525 525 525 525 526 526 526 527 527 527 528 528 528 529 528 528 529 530 530 531 532 532 533 534 534 535 535 536 537 537 536 538 538 538 540 540 540 540 542 542 542 543 544 543 543 544 545 545 545 546 547 547 547 548 549
512 512 513 513 514 514 514 515 515 516 516 516 517 517 517 518 534 535 535 535 558 558 558 559 559 559 560 560 560 561 561 562 561 561 562 523 523 524 524 524 525 525 525 525 526 526 526 527 527 527 528 528 528 528 528 528 528 529 530 530 531 532 532 532 534 534 534 536 536 535 536 537 537 538 539 539 539 540 541 541 542 542 542 542 543 543 544 544 545 545 546 546 547 547
512 512 512 513 513 514 514 514 515 515 516 516 516 517 517 517 518 518 535 535 557 558 558 558 559 559 559 560 560 560 561 561 562 561 561 562 562 562 563 524 524 524 525 525 525 526 526 526 527 527 527 528 528 527 528 528 528 528 529 529 530 531 531 532 532 533 534 534 535 534 535 535 536 537 537 537 539 539 539 539 541 541 540 541 542 542 542 543 544 544 544 544 546 546
511 512 512 512 513 513 514 514 514 515 515 516 516 516 517 517 517 518 518 519 535 557 558 558 558 559 559 559 560 560 560 561 561 560 561 561 562 562 562 562 563 563 563 525 525 525 526 526 526 527 527 527 528 527 527 527 528 528 528 529 529 529 530 531 531 531 533 533 533 534 534 534 534 536 536 536 537 538 538 538 539 540 539 540 540 541 541 542 542 543 543 543 544 545
511 511 512 512 512 513 513 514 514 514 515 515 516 516 516 517 517 517 518 518 519 541 557 558 558 558 559 559 559 560 560 560 561 560 560 561 561 561 562 562 562 563 563 563 564 564 564 526 526 526 527 527 527 527 527 527 527 528 528 528 529 529 529 529 530 530 531 532 532 532 532 533 533 534 535 535 536 536 537 537 538 538 539 539 539 539 540 541 541 541 542 543 543 543
510 511 511 512 512 512 513 513 514 514 514 515 515 516 516 516 517 517 517 518 518 519 541 541 558 558 558 559 559 559 560 560 560 560 560 560 561 561 561 562 562 562 563 563 563 564 564 564 565 565 527 527 527 527 527 527 527 527 528 528 528 529 529 529 529 530 530 530 531 531 531 531 533 533 533 533 535 535 535 537 537 537 537 538 538 538 538 540 540 540 540 542 542 542
510 510 511 511 512 512 512 513 513 514 514 514 515 515 516 516 516 517 517 517 518 518 541 541 541 542 558 558 559 559 559 560 560 559 560 560 560 561 561 561 562 562 562 563 563 563 564 564 564 565 565 565 566 566 527 527 527 527 527 528 528 528 529 529 529 529 530 530 530 530 530 530 531 532 532 532 533 534 534 535 535 536 536 536 536 537 537 538 538 539 539 540 540 541
510 510 510 511 511 512 512 513 513 513 514 514 514 515 515 516 516 516 517 517 517 518 518 541 541 541 542 542 558 559 559 559 560 559 559 560 560 560 561 561 561 562 562 562 563 563 563 564 564 564 565 565 565 566 565 565 565 527 527 527 528 528 528 528 529 529 529 530 530 529 529 530 530 530 531 532 532 532 533 534 534 534 535 535 535 535 536 537 537 537 538 539 539 539
509 510 510 511 511 511 512 512 513 513 513 514 514 514 515 515 516 516 516 517 517 517 518 540 541 541 541 542 542 542 559 559 559 559 559 559 560 560 560 561 561 561 562 562 562 563 563 563 564 564 564 565 565 564 564 565 565 565 566 566 566 528 528 528 528 529 529 529 530 529 529 529 530 530 530 530 531 531 531 533 533 533 534 534 534 534 535 536 536 536 536 538 538 538
509 509 510 510 511 511 511 512 512 513 513 513 514 514 514 515 515 516 516 516 517 517 517 540 540 541 541 541 542 542 542 543 559 558 559 559 559 560 560 560 561 561 561 562 562 562 563 563 563 564 564 564 565 564 564 564 565 565 565 566 566 566 566 567 528 528 529 529 529 529 529 529 529 530 530 530 530 531 531 531 531 532 532 532 532 533 534 534 534 535 536 536 536 537
508 509 509 510 510 511 511 511 512 512 513 513 513 514 514 514 515 515 516 516 516 517 517 517 540 540 541 541 541 542 542 542 543 542 558 559 559 559 560 560 560 561 561 561 562 562 562 563 563 563 564 564 564 563 564 564 564 565 565 565 566 566 566 566 567 567 567 529 529 529 529 529 529 529 530 530 530 530 531 531 531 531 531 531 531 531 533 533 533 533 535 535 535 535
508 509 509 509 510 510 511 511 511 512 512 513 513 513 514 514 514 515 515 516 516 516 517 517 539 540 540 541 541 541 542 542 541 542 542 542 559 559 559 560 560 560 561 561 561 562 562 562 563 563 563 563 564 563 563 564 564 564 565 565 565 565 566 566 566 567 567 567 568 567 529 529 529 529 529 529 530 530 530 530 531 531 530 531 531 531 531 532 532 532 533 534 534 534
508 508 509 509 509 510 510 511 511 511 512 512 513 513 513 514 514 514 515 515 516 516 516 517 517 539 540 540 540 541 541 542 541 541 542 542 542 543 543 559 560 560 560 561 561 561 562 562 562 562 563 563 563 563 563 563 564 564 564 565 565 565 565 566 566 566 567 567 567 566 567 567 567 529 529 529 529 530 530 530 530 531 530 530 530 531 531 531 531 532 532 532 532 533
507 508 508 509 509 509 510 510 511 511 511 512 512 513 513 513 514 514 514 515 515 516 516 516 517 539 539 540 540 540 541 541 541 541 541 542 542 542 543 543 543 560 560 560 561 561 561 561 562 562 562 563 563 562 563 563 563 564 564 564 564 565 565 565 566 566 566 567 567 566 566 567 567 567 567 568 529 529 530 530 530 530 530 530 530 530 531 531 531 531 532 532 532 532
