testData/tiles/oneDegreeCosts/grid14.0-44.0-15.0-45.0.asc
ncols   200
nrows   200
xllcorner   14.0
yllcorner   44.0
cellsize   0.005
NODATA_value   -9999.0
[rows 126 to 167 of 200, columns 94 to 187 of 200]
126 126 127 127 128 128 128 129 129 129 130 130 131 131 131 132 132 121 121 121 121 121 121 121 121 121 121 121 121 121 121 121 128 128 128 129 129 129 130 130 130 131 131 131 132 132 132 132 133 133 134 134 134 134 134 135 136 136 136 136 136 137 139 139 139 139 140 140 140 142 142 143 143 143 143 144 145 146 146 146 146 147 148 148 148 149 149 150 150 151 151 151 151 151
126 126 127 127 127 128 128 129 129 129 130 130 131 131 131 131 132 133 133 133 133 133 135 121 121 121 121 121 121 121 121 121 127 128 129 129 129 129 129 130 130 131 131 131 131 132 132 133 133 133 133 134 134 134 135 135 135 136 136 136 136 138 138 139 139 139 140 140 140 141 143 143 143 143 143 143 146 146 146 146 146 147 147 148 148 149 149 150 150 150 151 151 151 153
125 127 127 127 127 127 129 129 129 129 129 131 131 131 131 131 132 133 133 133 133 133 134 135 135 135 135 121 121 121 121 127 127 127 129 129 129 129 129 129 131 131 131 131 131 131 133 133 133 133 133 133 134 135 135 135 135 135 136 136 137 138 138 138 138 139 140 140 141 141 142 143 143 143 143 144 145 145 146 146 146 147 147 147 148 149 149 150 150 150 150 150 152 153
126 127 127 127 127 128 128 129 129 129 130 130 131 131 131 131 132 132 133 133 133 134 134 134 135 135 135 136 136 137 137 127 127 128 128 129 129 129 129 130 130 131 131 131 131 131 132 133 133 133 133 133 133 135 135 135 135 135 135 136 137 138 138 138 138 139 140 141 141 141 142 142 143 143 143 145 145 145 145 146 146 147 147 148 148 148 149 150 150 150 150 150 151 153
126 126 127 127 127 128 128 128 129 129 130 130 130 131 131 132 132 132 132 133 133 134 134 134 134 135 136 136 136 136 137 151 152 152 152 129 129 129 129 130 130 130 131 131 131 132 132 132 133 133 133 133 134 134 135 135 135 135 135 136 136 138 138 138 138 139 140 141 141 141 142 142 142 142 144 145 145 145 145 145 145 147 148 148 148 148 148 149 150 150 150 151 151 152
126 126 126 127 128 128 128 128 128 130 130 130 130 130 132 132 132 132 132 132 134 134 134 134 134 134 136 136 136 136 136 151 152 152 152 152 152 153 154 130 130 130 130 131 132 132 132 132 132 133 133 134 134 134 134 134 135 135 136 136 136 137 138 138 138 139 140 140 141 141 142 142 142 142 143 145 145 145 145 145 145 146 148 148 148 148 148 149 149 150 151 151 151 152
126 126 126 126 128 128 128 128 128 129 130 130 130 130 131 132 132 132 132 133 133 134 134 134 134 135 135 136 136 136 136 151 152 152 152 152 152 153 154 154 154 154 130 130 132 132 132 132 132 132 132 134 134 134 134 134 134 135 136 136 136 137 137 138 138 140 140 140 140 140 142 142 142 143 143 144 144 145 145 145 146 147 147 148 148 148 149 149 149 150 150 151 151 152
126 126 126 127 127 128 128 128 129 129 129 130 130 131 131 131 132 132 132 133 133 133 134 134 134 135 135 135 136 136 136 151 151 152 152 152 152 153 153 154 154 154 154 155 155 132 132 132 132 132 133 133 134 134 134 134 134 135 136 136 136 137 137 137 138 140 140 140 140 140 141 142 143 143 143 144 144 144 145 145 147 147 147 147 147 148 149 149 149 150 150 150 151 152
125 126 126 127 127 127 128 128 129 129 129 129 130 131 131 131 131 132 133 133 133 133 133 134 135 135 135 135 135 136 137 151 151 151 151 152 153 153 153 153 153 154 154 155 155 155 155 156 132 132 133 133 133 134 134 134 134 135 135 136 136 137 137 137 138 139 140 140 140 140 141 141 143 143 143 144 144 144 144 145 147 147 147 147 147 147 149 149 150 150 150 150 150 151
125 126 127 127 127 127 127 129 129 129 129 129 130 131 131 131 131 131 133 133 133 133 133 133 135 135 135 135 135 135 137 151 151 151 151 151 153 153 153 153 153 153 155 155 155 155 155 155 156 157 157 133 133 133 134 134 135 135 135 135 137 137 137 138 138 139 139 140 140 140 141 142 142 142 143 144 144 144 144 145 146 147 147 147 147 147 148 148 150 150 150 150 151 151
125 125 127 127 127 127 127 128 129 129 129 129 130 130 131 131 131 132 132 133 133 133 133 134 134 135 135 135 135 136 136 151 151 151 151 152 152 153 153 153 153 153 154 155 155 155 155 155 156 157 157 157 157 157 134 134 135 135 135 135 136 136 137 138 138 139 139 139 140 141 141 142 142 142 142 144 144 144 144 145 146 146 147 147 147 147 148 149 149 150 150 150 151 151
125 126 126 127 127 127 128 128 128 129 129 129 130 130 130 131 131 132 132 132 133 133 133 134 134 134 135 135 135 136 136 150 151 151 151 152 152 152 153 153 153 154 154 154 155 155 155 155 156 156 157 157 157 157 157 158 158 135 135 135 136 136 137 138 138 139 139 139 139 140 142 142 142 142 143 143 143 144 145 145 146 146 146 146 147 147 149 149 149 149 149 150 151 151
125 126 126 126 127 127 128 128 128 128 129 130 130 130 130 130 131 132 132 132 132 133 134 134 134 134 134 135 136 136 150 150 150 151 152 152 152 152 152 153 153 154 154 154 154 155 155 155 156 156 156 157 157 157 157 158 158 158 159 135 136 136 137 137 138 139 139 139 139 140 141 142 142 142 143 143 143 143 145 145 146 146 146 146 146 147 149 149 149 149 149 149 150 151
126 126 126 126 126 127 128 128 128 128 128 130 130 130 130 130 131 132 132 132 132 132 134 134 134 134 134 134 136 136 150 150 150 150 152 152 152 152 152 152 154 154 154 154 154 154 155 156 156 156 156 156 156 157 158 158 158 158 158 159 160 137 137 137 138 138 139 139 139 141 141 141 142 142 143 143 143 144 144 145 146 146 146 146 146 147 148 149 149 149 149 149 150 150
125 126 126 126 126 127 128 128 128 128 129 129 130 130 130 130 131 131 132 132 132 132 133 134 134 134 134 135 135 136 150 150 150 150 151 152 152 152 152 152 153 154 154 154 154 154 154 155 156 156 156 156 156 156 158 158 158 158 158 158 160 161 161 161 138 138 138 139 139 141 141 141 141 141 143 143 143 144 144 144 145 146 146 146 146 147 148 148 149 149 149 149 150 150
125 125 126 126 126 127 127 128 128 128 129 129 129 130 130 131 131 131 131 132 132 133 133 133 134 134 134 135 135 135 150 150 150 151 151 151 152 152 152 152 153 153 154 154 154 154 155 155 155 156 156 156 156 157 157 158 158 158 158 158 159 160 161 161 162 162 138 138 140 141 141 141 141 141 142 143 144 144 144 144 145 145 146 146 146 148 148 148 148 148 149 149 150 151
125 125 125 126 126 127 127 127 128 128 129 129 129 129 130 131 131 131 131 131 132 133 133 133 133 134 134 135 135 135 149 150 150 151 151 151 151 152 152 153 153 153 153 153 154 154 155 155 155 155 156 156 156 157 157 157 158 158 158 158 160 160 160 161 162 162 162 162 140 140 141 141 141 141 142 142 143 144 144 145 145 145 145 145 147 148 148 148 148 148 148 149 150 151
125 125 125 126 127 127 127 127 127 129 129 129 129 129 129 131 131 131 131 131 131 133 133 133 133 133 134 135 135 135 149 149 149 151 151 151 151 151 151 153 153 153 153 153 153 154 155 155 155 155 155 156 156 157 157 157 157 157 158 158 160 160 160 160 162 162 162 162 163 164 141 141 141 141 142 142 143 143 144 145 145 145 145 145 146 147 148 148 148 148 148 148 149 151
125 125 125 125 127 127 127 127 127 128 129 129 129 129 129 130 131 131 131 131 132 132 133 133 133 133 134 134 135 135 149 149 150 150 151 151 151 151 151 152 153 153 153 153 153 154 155 155 155 155 155 155 157 157 157 157 157 157 157 158 160 160 160 160 161 161 162 163 163 164 164 164 141 141 142 143 143 143 143 144 145 145 145 145 146 147 147 148 148 148 148 148 150 150
125 125 125 125 126 127 127 127 127 128 128 129 129 129 130 130 130 131 131 131 132 132 132 133 133 133 134 134 134 135 149 149 150 150 150 151 151 151 152 152 152 153 153 153 153 154 154 155 155 155 155 155 156 156 157 157 157 157 157 158 160 160 160 160 161 161 161 163 163 164 164 164 164 164 142 143 143 143 143 144 144 145 145 146 146 147 147 147 147 148 148 149 150 150
124 125 125 126 126 126 127 127 127 128 128 128 129 129 130 130 130 130 131 131 132 132 132 132 133 133 134 134 134 134 149 149 150 150 150 150 151 151 152 152 152 152 153 153 153 154 154 154 155 155 155 155 156 156 156 157 157 157 157 159 159 159 160 160 161 161 161 162 163 164 164 164 164 164 165 167 143 143 143 144 144 144 144 146 146 147 147 147 147 147 148 149 150 150
124 124 125 126 126 126 126 127 127 128 128 128 128 129 130 130 130 130 130 131 132 132 132 132 132 134 134 134 134 134 148 149 150 150 150 150 150 151 152 152 152 152 152 153 153 154 154 154 154 154 155 155 156 156 156 156 157 157 157 159 159 159 159 160 161 161 161 162 163 163 164 164 164 164 166 166 166 167 143 144 144 144 144 145 146 147 147 147 147 147 147 149 150 150
124 124 124 126 126 126 126 126 128 128 128 128 128 128 130 130 130 130 130 131 132 132 132 132 132 133 134 134 134 134 148 149 150 150 150 150 150 150 152 152 152 152 152 152 153 154 154 154 154 154 154 156 156 156 156 156 156 156 157 159 159 159 159 159 161 161 162 162 163 163 163 164 164 165 166 166 166 166 167 168 144 144 144 145 145 146 147 147 147 147 147 149 149 149
124 124 124 125 126 126 126 126 127 128 128 128 128 128 129 130 130 130 130 131 131 132 132 132 132 133 133 134 134 134 148 149 149 150 150 150 150 150 151 152 152 152 152 152 153 153 154 154 154 154 154 155 156 156 156 156 156 156 156 159 159 159 159 159 160 160 162 162 163 163 163 163 163 165 166 166 166 166 166 167 168 168 145 145 145 146 146 147 147 147 147 149 149 149
124 124 124 125 125 126 126 126 127 127 127 128 128 129 129 129 130 130 130 131 131 131 132 132 132 133 133 133 134 134 148 149 149 149 150 150 150 150 151 151 151 152 152 152 153 153 153 154 154 154 154 155 155 155 156 156 156 156 157 158 159 159 159 159 160 160 161 162 163 163 163 163 163 164 166 166 166 166 166 167 167 167 169 169 145 146 146 146 146 147 147 149 149 149
124 124 124 125 125 125 126 126 127 127 127 127 128 129 129 129 129 130 130 131 131 131 131 132 132 133 133 133 133 148 148 149 149 149 149 149 150 151 151 151 151 151 152 152 153 153 153 153 154 154 154 155 155 155 155 156 156 156 157 158 158 158 159 160 160 160 161 161 162 163 163 163 163 164 165 165 166 166 166 167 167 167 168 169 169 146 146 146 146 146 146 149 149 149
123 124 124 125 125 125 125 126 127 127 127 127 127 129 129 129 129 129 129 131 131 131 131 131 131 133 133 133 133 147 147 149 149 149 149 149 149 151 151 151 151 151 151 152 153 153 153 153 153 153 154 155 155 155 155 155 156 156 157 158 158 158 158 160 160 160 161 161 162 162 163 163 163 164 165 165 165 166 166 167 167 167 168 168 168 170 170 146 146 146 146 148 149 149
123 123 124 125 125 125 125 125 127 127 127 127 127 128 129 129 129 129 129 130 131 131 131 131 131 132 133 133 133 147 147 148 149 149 149 149 149 150 151 151 151 151 151 151 153 153 153 153 153 153 153 155 155 155 155 155 155 155 157 158 158 158 158 159 160 160 161 161 162 162 162 163 163 164 165 165 165 165 165 167 167 167 168 168 169 169 170 170 170 146 146 148 148 148
123 123 123 125 125 125 125 125 126 127 127 127 127 128 128 129 129 129 129 130 130 131 131 131 131 132 132 133 133 147 147 148 148 149 149 149 149 150 150 151 151 151 151 151 152 152 153 153 153 153 153 154 155 155 155 155 155 155 156 158 158 158 158 159 159 159 161 161 162 162 162 162 162 164 165 165 165 165 166 166 167 167 168 168 169 169 169 169 170 170 146 148 148 148
123 123 123 124 125 125 125 125 126 126 127 127 127 128 128 128 129 129 129 130 130 130 131 131 131 132 132 132 133 147 147 148 148 148 149 149 149 150 150 150 151 151 151 151 152 152 152 153 153 153 153 154 154 154 155 155 155 155 156 157 158 158 158 159 159 159 160 161 162 162 162 162 162 163 165 165 165 165 166 166 166 166 168 168 169 169 169 169 169 169 170 172 148 148
123 123 123 124 124 125 125 125 126 126 126 127 127 128 128 128 128 129 129 130 130 130 130 131 131 132 132 132 132 147 147 148 148 148 148 149 149 150 150 150 150 150 151 151 152 152 152 152 153 153 153 154 154 154 154 155 155 155 156 157 157 157 158 159 159 159 160 160 161 162 162 162 162 163 164 164 165 165 166 166 166 166 167 167 169 169 169 169 169 169 169 172 172 148
123 123 123 124 124 124 125 125 126 126 126 126 127 128 128 128 128 128 129 130 130 130 130 130 131 132 132 132 132 146 147 148 148 148 148 148 148 150 150 150 150 150 150 151 152 152 152 152 152 152 153 154 154 154 154 154 155 155 156 157 157 157 157 159 159 159 160 160 161 161 162 162 162 163 164 164 164 164 166 166 166 166 167 167 168 169 169 169 169 169 169 171 171 172
122 123 123 124 124 124 124 125 126 126 126 126 126 128 128 128 128 128 128 130 130 130 130 130 130 132 132 132 132 146 146 148 148 148 148 148 148 149 150 150 150 150 150 150 152 152 152 152 152 152 152 154 154 154 154 154 154 154 156 157 157 157 157 158 158 159 160 160 161 161 161 161 162 163 164 164 164 164 165 166 166 166 167 167 168 168 168 169 169 169 170 171 171 171
122 122 123 124 124 124 124 124 126 126 126 126 126 127 128 128 128 128 128 129 130 130 130 130 130 131 132 132 132 146 146 147 147 148 148 148 148 149 149 150 150 150 150 150 151 151 152 152 152 152 152 153 154 154 154 154 154 154 155 157 157 157 157 158 158 158 160 160 161 161 161 161 161 163 164 164 164 164 165 165 165 166 167 167 168 168 168 168 168 169 170 171 171 171
122 122 122 123 124 124 124 124 125 126 126 126 126 127 127 128 128 128 128 129 129 130 130 130 130 131 131 131 132 146 146 147 147 147 148 148 148 148 149 149 150 150 150 150 151 151 151 152 152 152 152 153 153 153 154 154 154 154 155 156 157 157 157 158 158 158 159 160 161 161 161 161 161 162 163 164 164 164 165 165 165 165 167 167 168 168 168 168 168 168 170 171 171 171
122 122 122 123 123 124 124 124 125 125 126 126 126 126 127 127 128 128 128 129 129 129 129 130 130 131 131 131 131 146 146 147 147 147 147 148 148 148 149 149 149 149 150 150 151 151 151 151 152 152 152 153 153 153 153 154 154 154 154 156 156 156 157 158 158 158 159 159 160 161 161 161 161 162 163 163 164 164 165 165 165 165 166 166 168 168 168 168 168 168 169 170 171 171
122 122 122 123 123 123 124 124 125 125 125 125 126 126 127 127 127 127 128 129 129 129 129 129 130 131 131 131 131 145 146 147 147 147 147 147 148 148 149 149 149 149 149 150 151 151 151 151 151 152 152 153 153 153 153 153 154 154 155 156 156 156 156 158 158 158 159 159 160 160 161 161 161 162 163 163 163 163 165 165 165 165 165 166 167 167 168 168 168 168 169 170 170 170
121 122 122 123 123 123 123 124 124 125 125 125 125 126 127 127 127 127 127 128 129 129 129 129 129 131 131 131 131 145 145 146 147 147 147 147 147 147 149 149 149 149 149 149 150 151 151 151 151 151 151 152 153 153 153 153 153 153 155 156 156 156 156 157 157 158 158 160 160 160 160 160 161 162 163 163 163 163 164 164 165 165 165 166 167 167 167 168 168 168 169 170 170 170
121 121 122 123 123 123 123 123 124 125 125 125 125 125 127 127 127 127 127 127 129 129 129 129 129 129 131 131 131 145 145 145 147 147 147 147 147 147 148 149 149 149 149 149 149 151 151 151 151 151 151 151 153 153 153 153 153 153 154 156 156 156 156 157 157 157 158 160 160 160 160 160 161 161 162 163 163 163 164 164 164 165 165 166 167 167 167 167 167 168 169 169 170 170
121 121 121 122 123 123 123 123 123 125 125 125 125 125 126 127 127 127 127 127 128 129 129 129 129 129 130 131 131 145 145 145 146 146 147 147 147 147 148 148 149 149 149 149 149 150 150 151 151 151 151 151 152 152 153 153 153 153 154 155 155 156 156 157 157 157 157 159 160 160 160 160 161 161 161 163 163 163 164 164 164 164 164 166 167 167 167 167 167 167 168 169 170 170
121 121 121 121 123 123 123 123 123 124 125 125 125 125 125 126 127 127 127 127 128 128 129 129 129 129 130 130 131 145 145 145 146 146 146 147 147 147 147 148 148 149 149 149 149 150 150 150 151 151 151 151 152 152 152 153 153 153 154 154 155 155 156 157 157 157 157 159 159 160 160 160 161 161 161 162 162 163 164 164 164 164 164 164 166 167 167 167 167 167 168 168 169 170
121 121 121 121 122 123 123 123 123 124 124 125 125 125 125 126 126 127 127 127 127 128 128 129 129 129 130 130 130 144 145 145 145 146 146 146 147 147 147 148 148 148 148 149 149 149 150 150 150 151 151 151 151 152 152 152 153 153 154 154 155 155 155 157 157 157 157 158 159 159 159 160 161 161 161 161 162 162 164 164 164 164 164 164 166 166 167 167 167 167 168 168 168 169
