testData/tiles/oneDegreeCosts/grid0.0-8.0-1.0-9.0.asc
ncols   200
nrows   200
xllcorner   0.0
yllcorner   8.0
cellsize   0.005
NODATA_value   -9999.0
[rows 84 to 125 of 200, columns 0 to 93 of 200]
298 298 298 298 298 298 298 298 298 298 298 298 298 298 299 300 300 302 302 302 303 304 305 305 306 307 308 308 309 310 311 311 312 312 314 314 315 315 316 317 317 318 318 320 320 321 321 322 323 324 324 325 325 326 327 328 328 328 329 329 331 331 332 332 333 333 335 335 336 336 336 337 338 339 339 340 340 341 341 343 343 343 344 344 345 345 346 347 348 348 348 349 349 350
298 298 298 298 298 298 298 298 298 298 298 298 298 298 298 299 300 300 301 302 303 303 304 305 306 306 307 308 308 309 309 311 311 312 312 313 314 315 315 316 317 318 318 319 319 321 321 321 322 322 323 324 325 325 326 326 328 328 329 329 330 330 331 332 332 333 333 334 335 336 336 337 337 337 338 339 340 340 341 341 342 342 344 344 344 345 345 346 346 347 348 349 349 349
298 298 298 298 298 298 298 298 298 298 298 298 298 298 298 298 298 300 300 301 301 303 303 304 304 306 306 307 307 309 309 310 310 312 312 312 313 313 315 315 316 316 318 318 319 319 320 321 322 322 323 323 323 325 325 326 326 327 328 329 329 330 330 331 332 332 333 333 334 334 335 336 337 337 338 338 338 340 340 341 341 342 342 343 343 345 345 345 346 346 347 347 348 349
298 298 298 298 298 298 298 298 298 298 298 298 298 298 298 298 298 299 300 301 301 302 303 303 304 304 306 306 307 307 308 309 310 310 311 312 313 313 314 314 316 316 316 317 318 319 319 320 320 321 322 323 323 324 324 326 326 326 327 327 328 329 330 330 331 331 332 333 334 334 334 335 335 337 337 338 338 339 339 340 341 341 342 342 343 343 344 344 346 346 346 347 347 348
298 298 298 298 298 298 298 298 298 298 298 298 298 298 298 298 298 298 299 299 301 301 302 302 304 304 305 305 307 307 308 308 308 310 310 311 311 313 313 314 314 315 316 317 317 318 318 320 320 320 321 321 323 323 324 324 325 326 327 327 328 328 328 330 330 331 331 332 332 334 334 335 335 335 336 336 338 338 339 339 340 340 341 342 342 343 343 344 344 345 345 347 347 347
298 298 298 298 298 298 298 298 298 298 298 298 298 298 298 298 298 298 298 299 299 300 301 302 302 303 304 305 305 306 307 308 308 309 310 311 311 312 312 313 314 314 315 315 317 317 318 318 319 320 321 321 322 322 323 324 324 325 325 326 327 328 328 329 329 329 331 331 332 332 333 333 335 335 336 336 336 337 337 339 339 340 340 341 341 342 343 343 344 344 345 345 346 346
298 298 298 298 298 298 298 298 298 298 298 298 298 298 298 298 298 298 298 298 299 300 300 301 302 303 303 303 305 305 306 306 308 308 309 309 311 311 312 312 313 314 315 315 315 316 317 318 318 319 319 321 321 322 322 323 324 324 325 325 326 326 328 328 329 329 330 330 332 332 332 333 333 334 334 336 336 337 337 337 338 338 340 340 341 341 342 342 342 343 344 345 345 346
298 298 298 298 298 298 298 298 298 298 298 298 298 298 298 298 298 298 298 298 298 298 300 300 301 301 303 303 304 304 306 306 307 307 308 309 309 310 310 312 312 313 313 315 315 316 316 317 318 318 319 319 320 321 322 322 323 323 324 325 326 326 326 327 327 329 329 330 330 331 331 333 333 333 334 334 335 335 337 337 338 338 338 339 339 341 341 342 342 343 343 343 344 345
298 298 298 298 298 298 298 298 298 298 298 298 298 298 298 298 298 298 298 298 298 298 298 299 300 301 301 302 303 304 304 305 306 307 307 308 309 310 310 310 311 312 313 313 314 315 316 316 317 317 319 319 320 320 320 321 322 323 323 324 324 326 326 327 327 327 328 329 330 330 331 331 332 332 334 334 334 335 335 336 336 338 338 339 339 339 340 340 342 342 343 343 344 344
298 298 298 298 298 298 298 298 298 298 298 298 298 298 298 298 298 298 298 298 298 298 298 299 299 300 301 302 302 302 304 304 305 305 307 307 308 308 310 310 311 311 312 313 314 314 314 315 316 317 317 318 318 320 320 321 321 321 323 323 324 324 325 325 327 327 328 328 329 329 330 331 331 332 332 333 333 335 335 335 336 336 337 337 339 339 340 340 340 341 341 342 343 344
298 298 298 298 298 298 298 298 298 298 298 298 298 298 298 298 298 298 298 298 298 298 298 298 299 299 300 300 302 302 303 303 305 305 306 306 307 308 308 309 310 311 311 312 312 314 314 315 315 315 317 317 318 318 319 320 321 321 322 322 323 324 324 325 325 326 326 328 328 329 329 330 330 331 332 332 333 333 334 334 336 336 336 337 337 338 338 340 340 341 341 341 342 342
298 298 298 298 298 298 298 298 298 298 298 298 298 298 298 298 298 298 298 298 298 298 298 298 298 298 299 300 300 301 302 303 303 304 305 306 306 307 308 309 309 309 310 311 312 312 313 314 315 315 316 316 318 318 318 319 319 320 321 322 322 323 323 325 325 325 326 326 327 328 329 329 330 330 331 331 332 333 333 334 334 335 335 337 337 337 338 338 339 339 341 341 341 342
298 298 298 298 298 298 298 298 298 298 298 298 298 298 298 298 298 298 298 298 298 298 298 298 298 298 298 299 300 301 301 301 303 303 304 304 306 306 307 307 309 309 310 310 311 312 312 313 313 314 315 316 316 317 317 319 319 319 320 320 322 322 323 323 324 324 326 326 326 327 327 328 329 330 330 331 331 332 332 333 334 334 335 335 336 336 337 338 338 339 339 340 340 341
298 298 298 298 298 298 298 298 298 298 298 298 298 298 298 298 298 298 298 298 298 298 298 298 298 298 298 298 299 299 301 301 302 302 304 304 304 305 306 307 307 308 308 310 310 311 311 313 313 314 314 314 316 316 317 317 318 318 320 320 321 321 321 323 323 324 324 325 325 327 327 327 328 328 329 330 331 331 332 332 332 333 334 335 335 336 336 337 337 337 339 339 340 340
298 298 298 298 298 298 298 298 298 298 298 298 298 298 298 298 298 298 298 298 298 298 298 298 298 298 298 298 298 299 299 300 301 302 302 303 304 305 305 306 307 307 308 308 309 310 311 311 312 312 314 314 315 315 315 317 317 318 318 319 320 321 321 322 322 322 324 324 325 325 326 326 328 328 328 329 329 330 331 332 332 333 333 333 334 334 336 336 337 337 338 338 338 340
298 298 298 298 298 298 298 298 298 298 298 298 298 298 298 298 298 298 298 298 298 298 298 298 298 298 298 298 298 298 299 300 300 300 302 302 303 303 305 305 306 306 307 308 309 309 309 311 311 312 312 313 314 315 315 316 316 316 318 318 319 319 320 321 322 322 323 323 323 325 325 326 326 327 327 329 329 329 330 330 331 331 333 333 334 334 334 335 335 337 337 338 338 338
298 298 298 298 298 298 298 298 298 298 298 298 298 298 298 298 298 298 298 298 298 298 298 298 298 298 298 298 298 298 298 298 300 300 301 301 303 303 303 304 304 306 306 307 307 309 309 310 310 311 312 312 313 313 314 315 316 316 317 317 319 319 319 320 320 321 322 323 323 324 324 324 326 326 327 327 328 328 330 330 330 331 331 332 332 334 334 334 335 335 336 336 337 338
298 298 298 298 298 298 298 298 298 298 298 298 298 298 298 298 298 298 298 298 298 298 298 298 298 298 298 298 298 298 298 298 298 299 299 301 301 302 302 304 304 305 305 306 307 307 308 308 310 310 311 311 312 313 313 314 314 315 316 317 317 318 318 320 320 320 321 321 322 323 324 324 325 325 325 327 327 328 328 329 329 329 331 331 332 332 333 333 334 335 335 336 336 337
298 298 298 298 298 298 298 298 298 298 298 298 298 298 298 298 298 298 298 298 298 298 298 298 298 298 298 298 298 298 298 298 298 298 299 299 300 301 302 302 303 304 305 305 306 306 307 308 308 309 310 311 311 312 312 314 314 314 315 315 316 317 318 318 319 319 321 321 321 322 322 323 324 325 325 326 326 326 328 328 329 329 330 330 330 332 332 333 333 334 334 334 335 336
298 298 298 298 298 298 298 298 298 298 298 298 298 298 298 298 298 298 298 298 298 298 298 298 298 298 298 298 298 298 298 298 298 298 298 299 300 300 300 302 302 303 303 304 305 306 306 307 308 309 309 309 310 311 312 312 313 313 315 315 315 316 316 318 318 319 319 320 320 321 322 322 323 323 324 325 326 326 326 327 327 328 329 330 330 331 331 331 332 333 334 334 335 335
298 298 298 298 298 298 298 298 298 298 298 298 298 298 298 298 298 298 298 298 298 298 298 298 298 298 298 298 298 298 298 298 298 298 298 298 298 299 300 301 301 302 303 303 304 304 306 306 307 307 308 309 310 310 310 311 312 313 313 314 314 316 316 316 317 317 319 319 320 320 321 321 322 323 323 324 324 325 325 327 327 327 328 328 329 329 331 331 331 332 332 333 333 335
298 298 298 298 298 298 298 298 298 298 298 298 298 298 298 298 298 298 298 298 298 298 298 298 298 298 298 298 298 298 298 298 298 298 298 298 298 298 299 299 301 301 302 302 304 304 304 305 305 307 307 308 308 309 310 311 311 311 312 313 314 314 315 315 317 317 317 318 318 319 320 321 321 322 322 322 324 324 325 325 326 326 327 328 328 329 329 330 330 332 332 332 333 333
298 298 298 298 298 298 298 298 298 298 298 298 298 298 298 298 298 298 298 298 298 298 298 298 298 298 298 298 298 298 298 298 298 298 298 298 298 298 298 299 299 300 300 302 302 303 303 305 305 305 306 306 308 308 309 309 310 311 312 312 312 313 314 315 315 316 316 318 318 318 319 319 320 321 322 322 323 323 323 325 325 326 326 327 327 327 329 329 330 330 331 331 331 332
298 298 298 298 298 298 298 298 298 298 298 298 298 298 298 298 298 298 298 298 298 298 298 298 298 298 298 298 298 298 298 298 298 298 298 298 298 298 298 298 298 300 300 300 301 302 303 303 304 304 306 306 307 307 307 309 309 310 310 311 312 313 313 313 314 315 316 316 317 317 319 319 319 320 320 321 322 323 323 323 324 324 325 326 327 327 327 328 328 329 330 331 331 331
298 298 298 298 298 298 298 298 298 298 298 298 298 298 298 298 298 298 298 298 298 298 298 298 298 298 298 298 298 298 298 298 298 298 298 298 298 298 298 298 298 298 299 299 301 301 301 302 303 304 304 305 305 307 307 308 308 309 310 310 311 311 312 313 314 314 314 315 316 317 317 318 318 318 320 320 321 321 322 322 324 324 324 325 325 326 326 328 328 328 329 329 330 330
298 298 298 298 298 298 298 298 298 298 298 298 298 298 298 298 298 298 298 298 298 298 298 298 298 298 298 298 298 298 298 298 298 298 298 298 298 298 298 298 298 298 298 299 299 300 301 302 302 302 303 304 305 305 306 306 308 308 309 309 309 311 311 312 312 313 314 314 315 315 316 317 318 318 319 319 319 321 321 322 322 323 323 323 325 325 326 326 327 327 327 329 329 330
298 298 298 298 298 298 298 298 298 298 298 298 298 298 298 298 298 298 298 298 298 298 298 298 298 298 298 298 298 298 298 298 298 298 298 298 298 298 298 298 298 298 298 298 298 299 300 300 301 302 303 303 303 304 305 306 306 307 307 309 309 309 310 310 312 312 313 313 314 315 315 316 316 317 317 319 319 320 320 320 321 322 323 323 324 324 324 325 326 327 327 328 328 328
298 298 298 298 298 298 298 298 298 298 298 298 298 298 298 298 298 298 298 298 298 298 298 298 298 298 298 298 298 298 298 298 298 298 298 298 298 298 298 298 298 298 298 298 298 298 298 299 300 301 301 302 303 304 304 304 305 306 307 307 308 308 310 310 310 311 311 313 313 314 314 315 315 316 317 317 318 318 319 320 320 321 321 322 322 324 324 324 325 325 326 326 328 328
298 298 298 298 298 298 298 298 298 298 298 298 298 298 298 298 298 298 298 298 298 298 298 298 298 298 298 298 298 298 298 298 298 298 298 298 298 298 298 298 298 298 298 298 298 298 298 299 299 299 300 301 302 302 303 304 305 305 305 306 307 308 308 309 309 311 311 311 312 312 314 314 315 315 315 316 317 318 318 319 319 320 321 321 322 322 323 323 323 325 325 326 326 327
298 298 298 298 298 298 298 298 298 298 298 298 298 298 298 298 298 298 298 298 298 298 298 298 298 298 298 298 298 298 298 298 298 298 298 298 298 298 298 298 298 298 298 298 298 298 298 298 298 299 300 300 300 301 302 303 303 304 305 306 306 306 307 308 309 309 310 310 312 312 312 313 313 314 315 316 316 316 317 317 319 319 320 320 320 321 321 323 323 324 324 324 325 325
298 298 298 298 298 298 298 298 298 298 298 298 298 298 298 298 298 298 298 298 298 298 298 298 298 298 298 298 298 298 298 298 298 298 298 298 298 298 298 298 298 298 298 298 298 298 298 298 298 298 298 299 300 301 301 301 302 303 304 304 305 305 307 307 307 308 308 310 310 311 311 311 313 313 314 314 315 315 316 317 317 318 318 319 320 320 321 321 322 322 323 324 324 325
298 298 298 298 298 298 298 298 298 298 298 298 298 298 298 298 298 298 298 298 298 298 298 298 298 298 298 298 298 298 298 298 298 298 298 298 298 298 298 298 298 298 298 298 298 298 298 298 298 298 298 298 299 299 300 301 302 302 302 303 304 305 305 306 306 307 308 308 309 309 311 311 312 312 312 313 314 315 315 316 316 316 318 318 319 319 320 320 321 322 322 323 323 323
298 298 298 298 298 298 298 298 298 298 298 298 298 298 298 298 298 298 298 298 298 298 298 298 298 298 298 298 298 298 298 298 298 298 298 298 298 298 298 298 298 298 298 298 298 298 298 298 298 298 298 298 298 298 299 300 300 301 301 302 303 303 304 305 306 306 307 307 308 309 309 310 310 311 312 312 313 313 314 314 316 316 316 317 317 318 319 320 320 320 321 321 322 324
298 298 298 298 298 298 298 298 298 298 298 298 298 298 298 298 298 298 298 298 298 298 298 298 298 298 298 298 298 298 298 298 298 298 298 298 298 298 298 298 298 298 298 298 298 298 298 298 298 298 298 298 298 298 298 298 299 300 301 301 302 302 303 304 304 305 305 307 307 308 308 308 310 310 311 311 312 312 313 314 314 315 315 316 317 317 318 318 320 320 321 322 322 323
298 298 298 298 298 298 298 298 298 298 298 298 298 298 298 298 298 298 298 298 298 298 298 298 298 298 298 298 298 298 298 298 298 298 298 298 298 298 298 298 298 298 298 298 298 298 298 298 298 298 298 298 298 298 298 298 298 299 299 300 300 302 302 303 303 304 305 305 306 306 307 308 308 309 309 310 311 312 312 312 313 313 315 315 317 317 317 318 319 320 320 321 321 321
298 298 298 298 298 298 298 298 298 298 298 298 298 298 298 298 298 298 298 298 298 298 298 298 298 298 298 298 298 298 298 298 298 298 298 298 298 298 298 298 298 298 298 298 298 298 298 298 298 298 298 298 298 298 298 298 298 298 298 299 300 300 301 301 303 303 303 304 304 306 306 307 307 307 309 309 310 310 311 312 313 314 314 315 315 316 317 317 318 318 319 319 321 322
298 298 298 298 298 298 298 298 298 298 298 298 298 298 298 298 298 298 298 298 298 298 298 298 298 298 298 298 298 298 298 298 298 298 298 298 298 298 298 298 298 298 298 298 298 298 298 298 298 298 298 298 298 298 298 298 298 298 298 298 299 299 299 301 301 302 302 303 304 304 305 305 306 307 308 309 309 310 311 312 312 313 313 313 315 315 316 317 317 318 318 320 320 321
298 298 298 298 298 298 298 298 298 298 298 298 298 298 298 298 298 298 298 298 298 298 298 298 298 298 298 298 298 298 298 298 298 298 298 298 298 298 298 298 298 298 298 298 298 298 298 298 298 298 298 298 298 298 298 298 298 298 298 298 298 298 299 299 300 300 301 302 303 303 303 305 306 307 307 308 308 309 310 310 311 311 312 314 314 315 315 316 316 318 318 318 319 319
298 298 298 298 298 298 298 298 298 298 298 298 298 298 298 298 298 298 298 298 298 298 298 298 298 298 298 298 298 298 298 298 298 298 298 298 298 298 298 298 298 298 298 298 298 298 298 298 298 298 298 298 298 298 298 298 298 298 298 298 298 298 298 298 299 300 300 302 302 303 304 305 305 305 306 306 308 308 310 310 310 312 312 313 313 313 314 315 316 316 317 318 318 319
298 298 298 298 298 298 298 298 298 298 298 298 298 298 298 298 298 298 298 298 298 298 298 298 298 298 298 298 298 298 298 298 298 298 298 298 298 298 298 298 298 298 298 298 298 298 298 298 298 298 298 298 298 298 298 298 298 298 298 298 298 298 298 298 298 300 300 300 301 302 303 303 304 304 306 307 307 308 308 309 310 310 311 311 312 312 315 315 315 316 316 317 318 318
298 298 298 298 298 298 298 298 298 298 298 298 298 298 298 298 298 298 298 298 298 298 298 298 298 298 298 298 298 298 298 298 298 298 298 298 298 298 298 298 298 298 298 298 298 298 298 298 298 298 298 298 298 298 298 298 298 298 298 298 298 298 298 298 298 298 299 299 301 301 302 303 303 305 305 305 306 306 307 308 309 309 310 311 312 313 313 314 314 314 316 316 317 317
298 298 298 298 298 298 298 298 298 298 298 298 298 298 298 298 298 298 298 298 298 298 298 298 298 298 298 298 298 298 298 298 298 298 298 298 298 298 298 298 298 298 298 298 298 298 298 298 298 298 298 298 298 298 298 298 298 298 298 298 298 298 298 298 298 298 298 299 300 301 301 301 303 303 304 304 305 306 307 308 308 309 309 310 311 311 312 312 313 314 315 316 316 317
