testData/tiles/oneDegreeCosts/grid21.0-44.0-22.0-45.0.asc
ncols   200
nrows   200
xllcorner   21.0
yllcorner   44.0
cellsize   0.005
NODATA_value   -9999.0
[rows 0 to 41 of 200, columns 0 to 93 of 200]
542 542 541 542 542 541 540 540 540 540 540 538 537 537 537 537 536 536 536 536 536 536 535 535 533 534 534 533 532 531 531 532 531 531 530 529 528 529 528 528 528 526 526 525 526 525 524 523 523 522 522 522 522 522 522 522 522 521 522 522 522 521 521 521 521 521 522 522 521 520 520 520 520 520 521 521 521 520 520 519 519 519 519 520 520 519 519 519 519 519 519 519 519 519
542 542 542 542 542 542 541 541 542 540 540 539 538 538 539 538 538 536 536 537 536 536 536 534 534 534 534 534 533 533 532 533 532 531 531 529 529 529 529 528 528 528 527 527 526 526 524 524 523 523 522 523 523 523 522 522 522 521 522 522 522 522 522 521 521 521 522 522 521 521 521 521 520 520 521 521 521 521 521 519 519 519 519 520 520 520 520 519 519 519 519 519 519 520
544 543 542 543 542 542 542 541 542 542 540 539 539 538 539 539 538 538 537 538 538 537 537 535 534 535 534 534 534 533 533 533 533 533 531 531 529 530 529 529 528 528 528 527 528 527 526 524 524 523 523 523 523 523 523 523 523 521 522 522 522 522 522 522 522 522 522 522 521 521 521 521 521 521 521 521 521 521 521 520 520 520 519 520 520 520 520 520 520 519 519 519 519 520
544 544 543 544 544 543 543 543 542 543 541 540 540 540 539 539 539 538 538 538 538 538 536 536 536 536 536 534 534 534 533 534 533 533 532 531 531 531 531 530 529 528 528 528 528 527 526 526 525 525 523 524 523 523 523 523 523 522 522 523 522 522 522 522 522 522 523 523 521 521 521 521 521 521 521 522 521 521 521 520 520 520 520 521 520 520 520 520 520 520 520 519 519 520
544 544 544 544 544 544 543 543 543 542 542 542 541 541 542 541 539 539 538 539 538 538 537 536 536 537 536 536 535 535 535 534 534 533 532 531 531 531 531 531 530 530 529 528 529 527 527 526 526 525 525 525 525 523 523 523 522 522 522 523 523 523 522 522 522 522 523 522 522 522 522 521 521 521 521 522 522 522 520 520 520 520 520 520 521 521 520 520 520 520 520 520 519 520
546 544 544 544 545 544 544 544 543 543 542 542 542 541 542 542 541 541 540 540 540 537 537 537 536 537 537 536 536 535 535 536 535 534 533 532 531 531 532 531 531 530 530 529 530 528 527 527 526 526 525 526 525 525 524 524 522 522 522 523 523 523 523 523 523 522 522 522 522 522 522 522 522 521 521 522 522 522 521 521 520 520 520 520 521 521 521 521 520 520 520 520 520 521
547 547 546 545 546 546 545 544 544 543 543 542 542 542 542 542 542 541 541 541 540 539 539 538 538 538 537 537 536 536 535 536 536 534 534 533 533 532 533 532 531 531 530 530 529 529 528 528 527 526 526 526 526 525 525 524 523 523 523 523 523 523 523 523 523 523 523 522 522 522 522 522 522 522 522 522 522 522 521 521 521 521 520 520 521 521 521 521 521 520 520 520 520 521
548 547 547 547 546 546 545 544 544 545 544 544 544 543 544 542 542 542 541 541 541 540 539 539 538 539 538 538 538 537 536 536 535 535 534 534 533 533 533 533 533 532 531 530 530 529 529 528 528 527 527 527 526 526 525 524 523 523 523 524 524 523 523 523 523 523 523 523 523 523 522 522 522 522 522 523 523 522 521 521 521 521 521 521 521 521 521 521 521 521 521 520 520 521
548 548 547 547 548 546 546 545 544 545 545 544 544 544 544 544 543 543 543 541 541 541 540 540 538 538 539 538 538 538 537 537 536 536 535 534 534 533 534 533 533 533 532 532 530 530 529 529 528 528 527 527 527 527 526 524 523 523 523 524 524 524 524 524 523 523 523 523 523 523 523 523 522 522 522 523 523 522 522 521 521 521 521 521 522 522 521 521 521 521 521 521 521 521
549 549 549 548 548 548 547 546 546 546 545 545 544 544 545 544 544 543 543 542 542 542 542 541 541 539 539 539 538 538 538 537 537 536 536 535 535 535 534 534 533 533 532 531 531 531 531 530 529 528 528 527 528 527 527 525 525 524 523 524 524 524 524 524 524 524 523 523 523 523 523 523 523 523 522 523 523 522 522 522 522 521 521 521 522 522 522 522 521 521 521 521 521 521
550 549 549 548 548 548 548 547 547 548 547 547 546 545 545 545 544 544 542 542 543 542 542 542 541 541 541 541 540 538 538 537 537 537 536 536 535 535 536 535 535 533 533 531 531 532 531 531 530 530 529 528 528 528 526 526 525 525 524 525 524 524 524 524 524 524 523 524 524 523 523 523 523 523 523 524 523 522 522 522 522 522 522 521 522 522 522 522 522 522 521 521 521 521
550 549 548 548 549 548 548 548 547 548 548 547 547 547 546 546 546 544 544 542 543 543 542 542 542 541 542 541 541 540 538 538 538 537 537 536 536 535 536 536 535 535 533 533 531 532 532 531 531 530 530 529 530 529 527 526 526 525 525 525 525 525 525 524 524 523 523 524 524 524 524 523 523 523 523 523 524 523 522 522 522 522 522 522 523 522 522 522 522 522 522 522 521 521
550 550 550 549 550 550 548 548 548 548 548 548 547 547 547 547 546 545 544 544 544 544 544 543 542 542 542 542 541 541 540 538 539 538 538 538 537 536 536 536 536 535 534 533 533 533 533 531 531 531 530 530 530 530 528 528 527 526 525 526 525 525 525 525 525 523 523 524 524 524 524 524 524 523 523 523 523 523 523 523 522 522 522 522 522 523 523 522 522 522 522 522 522 522
551 550 550 550 550 550 550 549 549 550 549 549 549 547 547 547 546 546 546 544 545 544 544 544 543 543 544 543 542 540 540 540 540 539 538 538 538 537 538 537 536 535 534 534 533 534 533 533 532 532 530 530 531 529 529 528 528 527 527 526 526 525 525 525 525 524 524 525 524 524 524 524 524 524 524 523 523 523 523 523 523 523 522 522 522 523 523 523 523 522 522 522 522 522
552 552 550 550 551 550 550 550 549 550 550 549 549 549 547 548 548 547 546 546 546 545 544 544 544 543 544 544 542 542 541 541 541 540 539 538 538 538 538 538 537 536 535 534 534 534 534 533 533 532 532 531 532 529 529 529 528 528 527 527 527 526 525 525 524 524 524 524 525 525 524 524 524 524 524 524 524 523 523 523 523 523 523 523 522 523 523 523 523 523 523 522 522 522
553 553 553 552 552 551 550 550 550 550 550 550 549 548 548 548 548 548 547 547 548 547 547 544 544 544 544 544 543 542 542 541 542 542 541 541 538 538 538 538 537 536 536 535 535 536 534 534 533 533 532 532 531 531 530 530 528 528 527 527 527 527 526 526 524 524 524 524 525 525 525 525 524 524 524 524 524 524 524 523 523 523 523 523 523 524 523 523 523 523 523 523 523 522
554 553 553 553 552 553 553 551 551 551 551 550 549 548 548 549 548 548 548 547 547 548 547 547 545 545 546 543 543 543 542 542 542 542 542 541 541 540 539 538 537 537 536 536 535 536 535 535 535 533 533 532 531 531 531 530 530 529 528 527 528 527 527 526 525 525 524 524 525 525 525 525 525 525 524 524 524 524 524 524 524 523 523 523 523 524 524 524 523 523 523 523 523 523
554 554 553 553 553 553 553 553 552 552 552 550 550 550 549 550 550 548 548 548 547 548 547 547 547 546 545 545 544 544 543 542 542 542 542 542 541 541 540 539 538 538 537 536 536 536 536 535 535 535 534 533 531 532 531 531 530 530 529 529 529 528 527 526 525 525 525 525 526 525 525 525 525 525 525 524 524 524 524 524 524 524 524 523 523 524 524 524 524 524 523 523 523 523
555 555 555 553 553 554 553 553 553 552 552 552 550 550 550 550 550 550 549 549 549 549 548 547 547 546 545 546 545 544 544 543 543 544 543 542 541 541 541 540 540 538 538 538 537 536 536 536 535 535 534 533 533 533 533 531 531 530 530 529 530 529 529 526 526 525 525 525 526 526 526 525 525 525 524 524 525 525 524 524 524 524 524 524 524 524 524 524 524 524 524 524 523 523
555 555 555 555 554 555 555 554 554 553 552 552 552 551 550 551 550 550 550 549 549 550 549 549 547 547 546 546 546 546 544 544 543 544 544 543 543 542 541 541 540 540 538 538 537 537 538 537 536 535 534 533 533 533 533 533 532 531 530 530 530 530 528 528 527 526 525 525 526 526 526 526 526 525 524 524 524 525 525 525 524 524 524 524 524 524 525 524 524 524 524 524 524 523
556 555 555 555 555 555 555 554 553 553 554 553 553 553 552 553 551 550 550 550 549 550 550 549 548 547 547 548 547 547 546 544 544 544 544 544 543 542 541 542 542 540 540 538 538 537 538 538 537 537 535 534 533 534 533 533 532 532 531 531 530 530 528 528 527 527 526 526 526 526 526 526 526 526 525 524 524 525 525 525 525 525 524 524 524 524 525 525 525 524 524 524 524 524
557 556 556 555 555 556 554 554 554 553 554 554 553 553 553 553 553 553 551 551 551 550 550 548 548 548 547 548 548 547 547 546 546 546 544 544 544 542 542 542 542 541 541 541 539 538 538 538 537 536 536 535 535 535 534 533 533 532 532 531 531 530 529 528 528 527 527 526 526 527 526 526 526 525 525 525 525 525 525 525 525 525 525 525 524 524 525 525 525 525 524 524 524 524
557 557 557 557 555 556 556 555 555 554 554 554 554 553 553 553 553 553 553 552 551 552 550 550 549 548 548 548 548 548 547 547 546 547 547 545 544 542 542 542 542 542 541 541 541 540 540 538 538 536 536 536 535 536 535 535 533 533 532 532 531 531 530 530 528 528 527 527 526 527 527 527 526 525 525 525 525 526 526 525 525 525 525 525 525 525 525 525 525 525 525 525 524 524
559 558 557 556 556 556 556 556 555 555 556 555 555 555 554 553 554 553 553 553 552 552 550 550 550 549 549 550 549 548 548 547 547 547 547 546 544 544 543 543 543 542 542 541 541 541 541 540 538 538 536 536 535 536 536 535 535 534 534 532 531 531 531 530 530 529 529 527 527 527 527 527 526 526 525 525 525 526 526 526 526 525 525 525 525 525 526 526 525 525 525 525 525 525
558 558 557 557 557 557 556 556 556 555 555 556 555 555 555 554 555 555 554 554 552 552 552 551 550 550 549 550 550 549 549 549 548 548 546 546 546 545 544 543 544 544 543 542 541 541 540 540 540 538 538 537 537 536 536 535 535 534 534 534 532 532 531 531 530 530 529 529 528 527 527 527 526 526 526 526 525 526 526 526 526 526 526 525 525 525 526 526 526 525 525 525 525 525
558 559 559 558 558 558 558 557 556 556 555 556 556 555 555 555 555 555 554 553 553 552 553 553 551 551 550 550 550 550 549 549 548 548 548 547 546 546 545 544 544 544 543 543 543 542 541 540 540 539 538 538 537 537 537 536 535 535 534 533 532 533 532 531 530 530 529 529 528 529 528 526 526 526 526 526 526 526 526 526 526 526 526 526 526 525 525 526 526 526 526 525 525 525
559 559 559 559 558 558 559 558 558 558 558 557 557 556 555 555 556 554 554 554 553 553 553 553 553 552 552 551 550 550 550 549 549 548 548 548 547 547 546 545 545 544 544 543 543 543 541 542 541 540 539 538 538 537 538 537 537 536 535 533 533 533 533 532 532 531 530 529 529 529 529 527 527 526 526 526 526 526 527 527 526 526 526 526 526 526 525 526 526 526 526 526 526 525
559 560 559 559 559 558 559 559 558 558 558 559 558 557 557 556 556 556 554 554 553 553 554 553 553 553 552 552 553 551 551 551 548 548 548 548 548 547 547 546 547 547 544 544 543 542 542 542 542 541 541 540 538 537 538 538 537 537 535 535 533 533 533 533 532 532 531 531 529 529 528 528 527 527 527 526 526 526 527 527 527 527 526 526 526 526 526 527 526 526 526 526 526 489
561 562 561 560 560 560 559 559 559 558 558 559 558 558 558 556 556 556 555 555 555 554 555 554 553 553 553 552 553 553 552 550 549 549 550 548 548 548 547 547 547 547 547 545 545 542 542 542 542 542 541 541 540 540 538 538 537 537 536 535 535 534 534 533 533 532 532 531 531 530 529 528 527 527 527 527 527 526 527 527 527 527 527 526 526 526 526 527 527 527 526 526 526 489
562 562 562 561 560 560 561 560 560 560 559 560 559 557 557 557 556 556 556 555 555 555 555 555 555 554 554 553 553 553 552 551 550 549 550 550 549 549 547 547 547 547 547 546 544 544 543 544 542 542 541 541 541 540 541 539 539 536 536 535 535 534 535 534 534 532 532 531 531 530 530 529 528 527 527 527 527 527 528 527 527 527 527 527 527 526 526 527 527 527 527 527 489 489
562 563 562 562 561 560 561 561 560 560 560 560 559 559 558 558 558 557 557 556 555 555 556 555 555 555 554 554 555 553 553 551 551 551 550 550 550 549 549 548 548 548 547 546 545 545 544 544 544 543 543 541 541 540 540 541 538 538 537 536 535 535 535 535 534 534 533 532 531 530 530 530 529 529 527 527 527 527 527 528 528 527 527 527 527 527 527 527 527 527 527 489 489 489
564 564 563 563 563 561 561 561 561 560 559 559 559 559 559 558 558 559 558 558 558 556 556 556 555 555 555 554 554 554 553 553 552 552 552 550 550 549 549 549 548 549 549 547 546 545 545 544 544 544 543 543 542 541 540 541 539 538 538 537 537 535 536 535 535 534 534 533 532 530 531 530 530 529 529 528 527 527 527 528 528 528 527 527 527 527 527 527 528 527 527 489 489 489
564 564 565 563 563 563 562 562 561 561 560 559 560 559 559 559 558 559 559 558 558 558 557 557 557 556 555 554 554 554 553 553 553 552 552 553 552 550 549 549 549 549 548 547 547 547 546 545 544 544 543 543 543 542 542 541 540 539 538 537 537 537 537 536 535 535 534 534 532 532 532 531 530 530 529 528 528 528 527 528 528 528 528 528 527 527 527 527 528 528 489 489 489 489
565 564 565 565 564 564 562 562 561 561 561 560 561 561 560 560 559 559 559 559 558 558 558 558 557 557 555 555 555 555 554 553 553 553 552 553 553 552 551 550 549 549 548 548 547 547 547 546 547 546 544 543 543 543 542 542 541 541 539 538 537 537 537 537 536 536 534 533 532 532 532 532 531 530 529 529 528 528 528 528 528 528 528 528 528 528 527 527 528 528 489 489 489 489
566 566 566 565 564 563 563 564 562 561 561 561 561 561 561 560 560 561 560 560 560 558 558 559 558 557 556 555 555 555 555 555 554 553 553 553 553 552 552 552 549 550 549 548 548 547 547 546 547 547 546 545 543 543 542 542 542 541 541 540 538 537 537 537 537 536 536 534 533 532 532 532 532 531 531 529 529 528 528 529 529 528 528 528 528 528 528 528 528 489 489 489 489 489
566 566 566 565 565 565 564 565 565 563 561 561 562 561 561 561 560 560 561 560 560 560 559 559 559 557 557 556 555 556 555 555 555 554 554 555 553 553 552 551 551 550 550 549 549 549 547 547 547 547 546 546 545 543 543 542 542 541 541 541 540 539 537 538 537 537 535 535 534 534 532 533 532 532 531 531 530 529 528 528 529 529 529 528 528 528 528 528 489 489 489 489 489 489
566 566 566 566 565 565 565 565 565 565 563 563 564 562 562 561 561 560 561 561 560 560 559 559 559 558 558 558 557 556 556 555 555 555 554 555 554 554 553 551 551 551 550 550 549 549 548 548 548 547 547 546 545 544 543 543 543 542 541 541 540 540 539 539 539 536 536 535 535 534 534 534 533 532 531 531 530 530 528 528 529 529 529 529 529 528 528 528 489 489 489 489 489 489
568 567 566 566 566 565 565 566 565 565 564 563 564 564 563 562 562 561 562 562 560 559 559 559 559 559 558 558 558 558 558 557 555 555 555 555 555 553 553 553 552 552 551 551 550 549 549 548 548 549 548 547 545 545 543 543 544 543 543 541 541 540 540 540 539 537 537 535 535 534 534 534 534 533 532 531 531 530 530 529 529 529 529 529 529 529 528 489 489 489 489 489 489 489
568 568 567 567 567 567 566 567 566 565 565 564 564 564 564 563 563 562 562 561 561 560 560 560 559 559 559 558 558 559 558 558 557 556 556 554 554 554 553 553 553 552 553 552 552 550 549 549 548 549 548 547 547 546 545 543 544 543 543 543 542 541 540 540 539 538 537 537 536 535 534 534 534 534 533 532 531 531 530 530 530 530 529 529 529 529 489 489 489 489 489 489 489 489
568 568 568 568 567 567 567 567 567 567 566 566 565 565 564 564 563 563 562 561 561 561 560 560 561 560 560 560 558 558 559 558 558 557 556 555 555 555 554 553 553 552 553 553 552 552 550 550 549 549 548 547 547 547 546 546 545 544 543 543 542 542 541 540 540 539 538 537 537 536 536 534 535 534 534 533 533 531 530 530 530 530 530 530 529 529 489 489 489 489 489 489 489 489
569 568 568 569 567 567 567 567 567 567 567 566 566 566 565 565 564 563 564 563 561 561 561 560 561 561 560 560 560 559 560 559 558 558 556 555 556 555 555 555 554 553 553 553 553 552 552 550 550 550 548 548 547 547 546 546 547 546 544 543 543 542 542 540 541 540 539 537 537 536 536 535 535 534 534 533 533 532 532 530 530 530 530 530 530 489 489 489 489 489 489 489 489 489
571 571 569 570 570 568 568 567 567 567 567 567 673 567 565 564 564 564 564 564 564 563 562 561 561 561 561 560 560 560 560 560 559 558 557 556 557 556 555 555 554 554 554 554 553 552 552 552 550 549 549 549 548 547 547 546 546 546 546 545 543 543 541 541 541 541 540 540 537 537 536 536 536 536 534 534 533 533 532 532 531 531 530 530 489 489 489 489 489 489 489 489 489 489
