testData/tiles/oneDegreeCosts/grid34.0-26.0-35.0-27.0.asc
ncols   200
nrows   200
xllcorner   34.0
yllcorner   26.0
cellsize   0.005
NODATA_value   -9999.0
[rows 0 to 41 of 200, columns 0 to 93 of 200]
569 570 570 571 571 572 572 572 573 573 574 575 576 576 577 577 577 578 578 579 579 579 580 580 581 581 581 582 582 583 583 583 584 584 362 362 362 362 362 363 363 363 363 364 364 364 364 364 364 365 365 365 365 365 365 365 365 365 364 364 364 364 364 364 363 363 363 363 361 361 361 361 360 249 249 248 248 248 247 247 246 246 246 244 244 243 243 243 262 262 261 261 261 260
569 569 569 570 570 571 571 572 572 573 574 574 575 575 576 576 577 577 577 578 578 579 579 580 580 580 581 581 581 582 582 583 583 583 584 361 361 362 362 362 362 363 363 363 363 363 364 364 364 364 364 364 364 364 364 364 364 364 364 364 364 363 363 363 363 363 362 362 362 361 360 360 249 248 248 248 247 247 246 246 246 245 245 245 243 243 243 262 261 261 261 260 260 259
568 568 569 569 570 570 570 571 571 573 573 574 574 575 575 575 576 576 577 577 578 578 578 579 579 580 580 580 581 581 582 582 582 583 583 360 361 361 361 362 362 362 362 363 363 363 363 363 363 363 364 364 364 364 364 364 364 363 363 363 363 363 363 363 362 362 362 362 361 361 360 359 248 248 247 247 247 246 246 245 245 245 244 244 242 242 262 261 261 260 260 259 259 259
567 567 568 568 569 569 570 570 571 572 572 573 573 574 574 575 575 576 576 576 577 577 578 578 578 579 579 580 580 580 581 581 582 582 582 360 360 360 361 361 361 361 362 362 362 362 363 363 363 363 363 363 363 363 363 363 363 363 363 363 363 362 362 362 362 361 361 361 361 360 359 248 247 247 247 246 246 245 245 245 244 244 243 243 242 242 261 260 260 260 259 259 258 258
566 567 567 567 568 568 569 569 570 571 572 572 573 573 573 574 574 575 575 576 576 576 577 577 578 578 579 579 579 580 580 581 581 581 582 359 359 360 360 360 361 361 361 361 362 362 362 362 362 362 363 363 363 363 363 363 363 362 362 362 362 362 362 361 361 361 361 360 360 360 358 247 247 246 246 246 245 245 244 244 244 243 243 242 242 260 260 260 259 259 258 258 257 257
566 566 566 567 567 568 568 568 569 569 571 571 572 572 573 573 574 574 574 575 575 576 576 577 577 577 578 578 579 579 579 580 580 581 581 358 359 359 359 360 360 360 361 361 361 361 361 362 362 362 362 362 362 362 362 362 362 362 362 362 361 361 361 361 361 360 360 360 359 358 247 246 246 246 245 245 244 244 244 243 243 242 242 242 260 260 259 259 258 258 258 257 257 256
566 566 566 566 566 567 567 568 568 569 569 570 571 571 572 572 573 573 574 574 575 575 575 576 576 577 577 578 578 578 579 579 580 580 580 358 358 358 359 359 359 360 360 360 360 361 361 361 361 361 362 362 362 362 362 362 362 361 361 361 361 361 360 360 360 360 359 359 358 357 246 246 245 245 245 244 244 243 243 243 242 242 241 241 259 259 259 258 258 257 257 256 256 255
566 566 566 566 566 566 566 567 567 568 568 569 570 571 571 571 572 572 573 573 574 574 575 575 575 576 576 577 577 578 578 578 579 579 580 580 357 358 358 358 359 359 359 360 360 360 360 361 361 361 361 361 361 361 361 361 361 361 361 361 360 360 360 360 359 359 359 357 357 357 245 245 245 244 244 243 243 243 242 242 241 241 241 259 259 258 258 257 257 256 256 255 255 254
566 566 566 566 566 566 566 566 566 567 567 568 568 569 570 571 571 572 572 572 573 573 574 574 575 575 576 576 576 577 577 578 578 579 579 579 357 357 357 358 358 358 359 359 359 360 360 360 360 360 360 361 361 361 361 361 360 360 360 360 360 360 359 359 359 357 357 357 356 245 245 244 244 244 243 243 242 242 241 241 241 240 259 258 258 257 257 256 256 256 255 255 253 253
566 566 566 566 566 566 566 566 566 566 566 567 567 568 568 569 570 571 571 572 572 573 573 573 574 574 575 575 576 576 577 577 577 578 578 579 356 356 357 357 357 358 358 358 359 359 359 359 360 360 360 360 360 360 360 360 360 360 360 359 359 359 359 357 357 357 356 356 356 244 244 244 243 243 242 242 242 241 241 240 240 240 258 257 257 257 256 256 255 255 253 253 252 252
566 566 566 566 566 566 566 566 566 566 566 566 567 567 567 568 568 569 569 570 571 572 572 573 573 574 574 574 575 575 576 576 577 577 577 578 355 356 356 356 357 357 358 358 358 358 359 359 359 359 359 360 360 360 360 360 359 359 359 358 358 357 357 357 357 356 356 355 244 244 243 243 242 242 242 241 241 240 240 240 240 258 257 257 256 256 255 255 254 253 252 252 251 251
566 566 566 566 566 566 566 566 566 566 566 566 566 566 567 567 568 568 569 569 569 570 570 571 571 573 573 574 574 575 575 575 576 576 577 577 355 355 355 356 356 357 357 357 358 358 358 358 359 359 359 359 359 359 358 358 358 358 358 357 357 357 357 356 356 356 355 355 243 243 243 242 242 241 241 240 240 240 240 240 257 257 256 256 255 255 254 253 253 252 252 251 251 250
566 566 566 566 566 566 566 566 566 566 566 566 566 566 566 566 567 567 568 568 569 569 570 570 570 571 571 572 572 573 573 574 574 575 576 576 354 354 355 355 355 356 356 357 357 356 357 357 357 357 357 357 358 358 358 357 357 357 357 357 357 356 356 356 355 355 354 243 243 242 242 241 240 240 240 240 240 240 240 240 256 256 255 255 254 253 253 252 252 251 251 250 250 249
566 566 566 566 566 566 566 566 566 566 566 566 566 566 566 566 566 566 567 567 568 568 569 569 570 570 571 571 571 572 572 573 573 574 574 575 575 352 353 353 354 354 355 355 355 356 356 356 356 357 357 357 357 357 357 357 357 357 356 356 356 356 355 355 355 354 354 242 241 240 240 240 240 240 240 240 240 240 240 256 256 255 254 253 253 252 252 251 251 250 250 249 248 247
566 566 566 566 566 566 566 566 566 566 566 566 566 566 566 566 566 566 566 566 567 567 568 568 569 569 570 570 571 571 572 572 572 573 573 574 574 352 352 353 353 353 354 354 355 355 355 356 356 356 356 356 357 357 357 356 356 356 356 356 355 355 355 353 353 352 241 241 240 240 240 240 240 240 240 240 240 240 255 254 254 253 253 252 252 251 251 250 250 248 248 247 247 246
566 566 566 566 566 566 566 566 566 566 566 566 566 566 566 566 566 566 566 566 566 566 566 567 568 568 569 569 570 570 571 571 572 572 573 573 573 351 351 352 352 353 353 354 354 354 355 355 355 356 356 356 356 356 356 356 355 355 354 354 354 353 353 353 352 352 240 240 240 240 240 240 240 240 240 240 240 240 254 253 253 252 252 251 251 250 249 248 248 248 247 247 246 246
566 566 566 566 566 566 566 566 566 566 566 566 566 566 566 566 566 566 566 566 566 566 566 566 566 566 567 567 568 568 569 569 570 570 571 571 572 349 350 350 350 351 351 352 352 353 353 353 354 354 354 354 355 355 355 354 354 354 354 353 353 353 352 352 351 240 240 240 240 240 240 240 240 240 240 240 240 253 253 252 252 251 251 249 249 249 248 248 247 247 246 246 244 244
571 573 573 574 574 566 566 566 566 566 566 566 566 566 566 566 566 566 566 566 566 566 566 566 566 566 566 567 567 567 568 568 569 569 570 570 571 348 349 349 350 350 351 351 351 352 352 353 353 353 354 354 354 354 354 354 354 353 353 353 352 352 351 351 350 240 240 240 240 240 240 240 240 240 240 240 240 252 251 251 250 250 249 249 248 248 247 247 246 245 244 244 243 243
570 571 571 572 572 573 574 575 575 576 576 577 577 566 566 566 566 566 566 566 566 566 566 566 566 566 566 566 566 567 567 568 568 568 569 569 570 347 348 348 349 349 350 350 351 351 352 352 352 353 353 353 353 354 353 352 352 352 351 351 351 350 350 349 240 240 240 240 240 240 240 240 240 240 240 240 251 251 250 250 249 249 248 248 247 246 245 245 244 244 243 243 242 242
569 570 570 571 571 572 572 573 573 574 574 575 576 577 577 578 578 579 579 566 566 566 566 566 566 566 566 566 566 566 566 566 566 567 567 568 568 346 346 346 347 347 348 348 349 349 350 350 351 351 351 352 352 352 352 352 351 351 351 350 350 349 349 348 240 240 240 240 240 240 240 240 240 240 240 251 250 250 249 249 247 247 246 246 245 245 244 244 243 243 241 241 240 240
567 568 568 569 570 571 571 572 572 573 573 574 574 575 575 576 576 577 577 578 578 580 580 581 581 582 566 566 566 566 566 566 566 566 566 567 567 568 345 346 346 347 347 347 348 348 349 349 350 350 351 351 351 352 351 351 351 350 349 348 348 347 347 240 240 240 240 240 240 240 240 240 240 240 240 249 248 248 247 247 246 246 245 245 244 243 242 242 241 241 240 240 240 240
566 567 567 568 568 569 569 570 570 571 571 573 573 574 574 575 575 576 576 577 577 578 578 579 579 580 580 581 581 582 582 583 566 566 566 566 566 566 345 345 345 345 345 346 346 347 347 348 348 348 349 349 350 350 350 349 349 348 348 348 347 347 346 240 240 240 240 240 240 240 240 240 240 240 248 248 247 247 246 246 244 244 243 243 242 242 241 241 240 240 240 240 240 240
565 565 565 566 566 568 568 569 569 570 570 571 571 572 572 573 573 574 574 575 575 576 577 578 578 579 579 580 580 581 581 582 582 583 583 584 584 585 345 345 345 345 345 345 345 346 346 347 347 348 348 349 349 350 349 349 348 347 346 346 345 345 240 240 240 240 240 240 240 240 240 240 240 240 246 246 245 245 244 244 243 243 242 242 240 240 240 240 240 240 240 240 240 240
562 564 564 565 565 566 566 567 567 568 568 569 569 570 571 572 572 573 573 574 574 575 575 576 576 577 577 578 578 579 579 580 580 581 581 582 582 583 360 361 361 362 362 345 345 345 345 345 345 345 346 346 347 347 347 346 346 345 345 345 344 344 240 240 240 240 240 240 240 240 240 240 240 246 245 245 244 244 242 242 241 241 240 240 240 240 240 240 240 240 240 240 240 240
561 562 562 563 563 564 564 565 565 567 567 568 568 569 569 570 570 571 571 572 572 573 573 574 574 575 575 576 577 578 578 579 579 580 580 581 581 582 359 360 360 361 361 361 362 362 363 363 364 345 345 345 345 345 344 344 344 343 343 342 342 240 240 240 240 240 240 240 240 240 240 240 244 244 243 243 242 242 241 241 240 240 240 240 240 240 240 240 240 240 240 240 240 240
559 560 560 561 561 563 563 564 564 565 565 566 566 567 567 568 568 569 569 570 571 572 572 573 573 574 574 575 575 576 576 577 577 578 578 579 579 580 357 357 358 358 359 359 360 360 361 361 362 362 362 363 363 363 343 343 342 342 342 340 340 240 240 240 240 240 240 240 240 240 240 240 243 243 241 241 240 240 240 240 240 240 240 240 240 240 240 240 240 240 240 240 240 240
558 558 559 560 560 561 561 562 562 563 563 564 564 565 565 567 567 568 568 569 569 570 570 571 571 572 572 573 573 574 574 575 575 575 576 576 577 577 355 355 356 356 357 357 358 358 359 359 359 360 360 360 360 361 360 360 360 360 359 339 240 240 240 240 240 240 240 240 240 240 240 241 241 240 240 240 240 240 240 240 240 240 240 240 240 240 240 240 240 240 240 240 240 240
659 557 557 558 558 559 559 560 560 561 561 562 563 564 564 565 565 566 566 567 567 568 568 569 569 570 570 571 571 571 572 572 573 573 574 574 575 575 353 353 354 354 355 355 355 356 356 357 357 357 358 358 358 358 358 358 358 357 357 357 245 245 244 244 240 240 240 240 240 240 240 240 240 240 240 240 240 240 240 240 240 240 240 240 240 240 240 240 240 240 240 240 240 240
658 555 555 556 556 557 557 558 558 559 560 561 561 562 562 563 563 564 564 565 565 566 566 566 567 567 568 568 569 570 571 571 572 572 573 573 574 574 575 352 352 353 353 354 354 355 355 355 356 356 355 355 356 356 356 355 355 355 355 243 243 243 242 242 241 241 240 240 240 240 240 240 240 240 240 240 240 240 240 240 240 240 240 240 240 240 240 240 240 240 240 240 240 240
656 553 553 554 554 555 555 556 556 558 558 559 559 560 560 561 561 562 562 562 563 563 564 564 565 565 567 567 568 568 569 569 570 570 571 571 571 572 572 350 350 351 351 352 352 352 353 353 353 354 354 354 354 353 353 353 353 353 241 241 241 240 240 240 240 240 240 240 240 240 255 255 255 254 240 240 240 240 240 240 240 240 240 240 240 240 240 240 240 240 240 240 240 240
654 551 551 552 552 553 553 554 554 555 556 557 557 557 558 558 559 559 560 560 561 561 562 562 563 563 565 565 566 566 567 567 567 568 568 569 569 570 570 348 348 348 349 349 350 350 350 351 351 351 351 351 352 351 351 350 350 350 240 240 240 240 240 240 240 240 240 240 240 254 253 253 252 252 251 251 251 250 240 240 240 240 240 240 240 240 240 240 240 240 240 240 240 240
651 653 549 550 550 551 551 552 552 552 553 554 555 555 556 556 557 557 558 558 559 559 560 560 561 561 562 562 563 564 564 565 565 566 566 567 567 567 568 345 346 346 347 347 347 348 348 348 348 349 349 348 348 348 348 348 348 240 240 240 240 240 240 240 240 240 240 240 240 251 251 251 250 250 249 249 248 248 246 246 246 245 240 240 240 240 240 240 240 240 240 240 240 240
649 650 546 547 548 548 549 549 550 550 551 551 552 553 554 554 555 555 556 556 557 557 558 558 558 559 559 560 560 561 561 562 562 563 564 564 565 565 566 343 343 344 344 345 345 344 345 345 345 345 345 345 346 346 346 345 345 240 240 240 240 240 240 240 240 240 240 240 250 249 249 248 248 248 247 247 245 245 244 244 243 243 242 242 241 240 240 240 240 240 240 240 240 240
647 647 544 544 545 546 547 547 548 548 549 549 550 550 551 551 552 553 554 554 554 555 555 556 556 557 557 558 558 559 559 559 560 560 561 561 562 562 562 340 340 341 341 341 342 342 342 342 343 343 343 343 343 343 343 343 240 240 240 240 240 240 240 240 240 240 240 248 247 247 247 246 246 245 244 243 243 243 242 242 241 241 240 240 240 240 240 240 240 240 240 240 240 240
644 645 542 542 543 543 544 544 545 546 547 547 548 548 548 549 549 550 550 551 551 552 553 554 554 555 555 555 556 556 557 557 558 558 558 559 559 560 560 337 338 338 339 339 339 339 340 340 340 340 340 341 341 341 341 341 240 240 240 240 240 240 240 240 240 240 240 245 245 245 243 243 242 242 242 241 241 240 240 240 240 240 240 240 240 240 240 240 240 240 240 240 240 240
643 643 644 540 541 541 542 542 543 543 543 544 544 545 545 547 547 548 548 549 549 550 550 550 551 551 552 552 553 553 554 554 554 555 555 556 557 557 558 335 335 336 336 335 336 336 336 336 337 337 337 337 337 337 337 240 240 240 240 240 240 240 240 240 240 240 242 242 242 241 241 241 240 240 240 240 240 240 240 240 240 240 240 240 240 240 240 240 240 240 240 240 240 240
643 643 644 540 541 541 541 542 542 543 543 544 544 545 545 546 546 547 547 547 548 548 549 549 550 550 551 551 551 552 552 553 553 554 554 554 555 555 555 333 333 333 334 334 334 335 335 335 335 335 335 336 336 336 240 240 240 240 240 240 240 240 240 240 240 240 242 242 241 241 241 240 240 240 240 240 240 240 240 240 240 240 240 240 240 240 240 240 240 240 240 240 240 240
642 643 643 540 540 541 541 542 542 543 543 544 544 545 545 545 546 546 547 547 548 548 549 549 549 550 550 551 551 552 552 552 553 553 554 554 554 555 555 555 333 333 333 334 334 334 334 335 335 335 335 335 335 335 240 240 240 240 240 240 240 240 240 240 240 242 242 241 241 241 240 240 240 240 240 240 240 240 240 240 240 240 240 240 240 240 240 240 240 240 240 240 240 240
642 643 643 540 540 541 541 542 542 543 543 543 544 544 545 545 546 546 547 547 548 548 548 549 549 550 550 551 551 551 552 552 553 553 553 554 554 554 555 555 332 333 333 333 333 334 334 334 334 334 335 335 335 240 240 240 240 240 240 240 240 240 240 240 240 242 241 241 241 240 240 240 240 240 240 240 240 240 240 240 240 240 240 240 240 240 240 240 240 240 240 240 240 240
642 643 643 644 540 541 541 541 542 542 543 543 544 544 545 545 546 546 546 547 547 548 548 549 549 549 550 550 551 551 551 552 552 553 553 553 554 554 554 555 332 332 333 333 333 333 333 334 334 334 334 334 240 240 240 240 240 240 240 240 240 240 240 240 242 241 241 241 240 240 240 240 240 240 240 240 240 240 240 240 240 240 240 240 240 240 240 240 240 240 240 240 240 240
642 643 643 643 540 540 541 541 542 542 543 543 544 544 544 545 545 546 546 547 547 547 548 548 549 549 550 550 550 551 551 552 552 552 553 553 553 554 554 554 332 332 332 332 333 333 333 333 333 333 334 334 240 240 240 240 240 240 240 240 240 240 240 240 241 241 241 240 240 240 240 240 240 240 240 240 240 240 240 240 240 240 240 240 240 240 240 240 240 240 240 240 240 240
642 642 643 643 540 540 541 541 542 542 542 543 543 544 544 545 545 546 546 546 547 547 548 548 548 549 549 550 550 550 551 551 552 552 552 553 553 553 554 554 331 331 332 332 332 332 333 333 333 333 333 240 240 240 240 240 240 240 240 240 240 240 240 241 241 240 240 240 240 240 240 240 240 240 240 240 240 240 240 240 240 240 240 240 240 240 240 240 240 240 240 240 240 240
