testData/tiles/oneDegreeCosts/grid21.0-41.0-22.0-42.0.asc
ncols   200
nrows   200
xllcorner   21.0
yllcorner   41.0
cellsize   0.005
NODATA_value   -9999.0
[rows 42 to 83 of 200, columns 0 to 93 of 200]
736 739 741 743 745 746 748 750 751 752 754 756 757 760 761 762 764 765 767 768 770 771 773 774 776 776 778 779 781 782 782 784 785 786 787 789 789 760 761 762 763 763 765 767 768 769 770 771 772 773 773 774 775 776 777 778 779 779 780 781 925 925 927 927 927 929 929 930 931 932 932 932 934 934 935 935 937 937 937 938 939 940 940 940 941 941 943 943 943 944 944 945 945 945
724 728 731 734 736 738 740 742 744 746 747 750 751 754 755 757 759 761 762 764 765 767 768 769 771 772 774 775 776 777 779 780 782 782 784 754 754 756 757 758 759 762 762 764 764 765 766 767 768 769 770 771 772 773 773 775 775 777 777 778 779 923 923 924 925 925 927 927 928 929 929 930 930 932 932 932 933 934 935 935 936 937 937 938 938 939 939 940 941 941 942 942 942 943
709 709 709 719 724 727 730 733 736 738 741 743 745 747 749 751 752 755 756 758 759 762 763 765 766 768 769 771 772 774 774 775 746 747 749 749 751 752 754 755 757 758 758 760 760 762 763 764 765 766 767 767 769 769 771 771 772 773 774 775 775 777 920 921 922 923 923 924 925 925 927 927 928 928 929 930 930 931 932 932 933 933 934 935 935 936 936 937 937 938 939 939 940 940
709 709 709 709 709 709 709 716 722 726 730 733 736 739 742 743 746 748 750 752 754 755 758 759 760 762 763 765 766 768 738 740 741 743 744 746 746 748 750 751 752 753 755 755 757 758 759 760 760 762 763 764 765 766 767 768 769 769 770 771 772 773 917 918 918 919 920 921 921 923 923 923 925 925 926 926 928 928 928 929 930 931 931 931 932 932 934 934 934 935 935 936 936 937
709 709 709 709 709 709 709 709 709 710 710 713 722 727 730 734 737 739 742 744 746 748 751 752 755 756 758 759 730 732 734 735 736 738 739 741 742 744 745 747 748 749 750 751 752 753 755 755 757 758 759 760 761 762 762 764 764 766 766 768 768 769 770 914 915 915 917 917 917 919 919 920 921 922 922 923 924 924 925 926 927 927 927 928 929 930 930 930 931 931 933 933 933 934
709 709 709 709 709 709 709 709 709 710 710 711 711 712 712 713 718 726 730 734 736 740 742 745 746 717 720 721 723 725 727 728 730 733 735 736 738 739 740 741 742 744 745 747 747 749 750 752 752 753 755 755 757 757 759 759 761 762 762 764 764 765 766 767 911 912 913 913 914 915 916 916 918 918 918 920 920 921 921 922 923 923 924 925 926 926 926 927 928 929 929 929 930 930
709 709 709 709 709 709 709 709 710 710 711 711 712 712 713 713 714 714 714 715 715 721 727 701 704 708 710 713 715 717 719 723 724 725 728 729 731 732 734 735 737 738 740 741 742 744 744 746 747 749 749 751 752 753 754 755 756 757 758 759 760 761 762 763 906 908 908 910 910 911 912 912 913 914 915 915 917 917 917 919 919 920 920 920 922 922 923 923 924 925 925 926 926 927
709 709 709 709 709 709 709 709 710 710 711 711 712 712 713 713 714 714 715 715 685 685 686 686 687 687 687 697 701 706 709 712 714 717 719 721 723 725 727 728 730 731 733 734 736 737 739 740 742 743 744 745 746 748 748 750 751 752 753 755 755 756 757 758 759 903 904 905 905 907 907 908 909 910 910 911 912 912 914 914 915 916 916 917 917 918 919 919 920 920 921 922 922 923
709 709 709 709 709 709 709 710 710 711 711 712 712 713 713 714 714 684 684 684 685 685 686 686 687 687 688 689 690 690 691 691 694 701 705 709 712 715 717 719 721 724 725 727 729 731 732 733 735 736 738 739 741 741 743 744 745 746 747 749 749 751 752 753 754 754 899 899 901 901 903 903 904 905 905 907 907 908 909 909 910 911 912 912 913 914 914 915 915 917 917 917 918 918
709 709 709 709 709 709 709 710 710 711 711 712 712 713 683 683 683 684 684 685 685 686 686 687 687 689 689 689 690 690 691 691 692 692 693 693 694 694 695 702 706 711 713 716 718 721 722 725 726 728 730 732 733 734 736 737 739 739 741 742 744 745 745 747 748 749 750 894 895 896 897 897 899 899 901 901 903 903 903 905 905 906 907 907 908 908 910 910 911 911 912 913 913 914
709 709 709 709 709 709 710 710 711 711 712 681 682 682 683 683 683 684 684 685 685 686 686 688 688 689 689 690 690 691 691 692 692 693 693 693 694 694 695 695 696 696 697 697 698 698 706 710 713 716 718 721 722 725 726 728 730 732 733 734 736 737 739 739 741 742 744 887 888 890 890 892 892 894 894 895 896 897 898 898 900 900 901 902 902 904 904 904 905 906 907 907 908 908
709 709 709 709 709 709 710 680 680 680 681 681 682 682 683 683 684 684 685 685 686 687 688 688 689 689 689 690 690 691 691 692 692 693 693 694 694 695 695 696 696 696 697 697 698 698 699 699 700 700 701 701 702 702 708 713 715 719 721 723 725 727 728 729 732 733 735 735 880 881 883 884 884 886 887 888 889 890 891 891 893 893 895 895 896 897 897 898 899 900 901 901 903 903
709 709 709 678 678 679 679 680 680 681 681 682 682 683 683 683 684 684 685 685 687 687 688 688 689 689 690 690 691 691 692 692 693 693 694 694 694 695 695 696 696 697 697 698 698 699 699 700 700 700 701 701 702 702 703 703 704 704 705 705 705 706 706 709 714 718 720 723 724 869 871 872 874 875 877 878 879 881 881 883 884 885 886 886 888 888 891 891 892 893 893 894 895 896
678 678 678 678 678 679 679 680 680 681 681 682 682 683 683 684 684 685 686 687 687 688 688 689 689 690 690 690 691 691 692 692 693 693 694 694 695 695 696 696 697 697 697 698 698 699 699 700 700 701 701 702 702 703 703 703 704 704 705 705 706 706 707 707 708 708 708 709 709 710 853 854 854 854 855 855 860 863 866 868 870 871 872 875 876 878 879 879 881 882 883 883 885 885
678 678 678 678 679 679 680 680 681 681 682 682 683 683 683 684 685 686 686 687 687 688 688 689 689 690 690 691 691 692 692 693 693 694 694 694 695 695 696 696 697 697 698 698 699 699 700 700 701 701 701 702 702 703 703 704 704 705 705 706 706 706 707 707 708 708 709 709 710 710 853 854 854 855 855 856 856 857 857 857 859 859 860 860 861 861 861 862 862 863 863 863 864 864
678 678 678 678 679 679 680 680 681 681 682 682 683 683 685 685 686 686 687 687 688 688 689 689 690 690 690 691 691 692 692 693 693 694 694 695 695 696 696 697 697 698 698 698 699 699 700 700 701 701 702 702 703 703 704 704 704 705 705 706 706 707 707 708 708 709 709 709 710 710 711 854 855 855 856 856 856 858 858 859 859 860 860 860 861 861 862 862 863 863 863 864 864 865
678 678 678 679 679 680 680 681 681 682 682 682 683 684 685 685 686 686 687 687 688 688 689 689 690 690 691 691 692 692 693 693 694 694 695 695 695 696 696 697 697 698 698 699 699 700 700 701 701 702 702 702 703 703 704 704 705 705 706 706 707 707 707 708 708 709 709 710 710 711 711 712 855 855 857 857 858 858 859 859 859 860 860 861 861 862 862 862 863 863 864 798 799 799
678 678 678 679 679 680 680 681 681 682 682 684 684 685 685 686 686 687 687 688 688 689 689 690 690 690 691 691 692 692 693 693 694 694 695 695 696 696 697 697 698 698 699 699 699 700 700 701 701 702 702 703 703 704 704 705 705 706 706 706 707 707 708 708 709 709 710 710 710 711 711 713 713 857 857 858 858 858 859 859 860 860 861 861 862 862 862 797 797 798 798 798 799 799
678 678 679 679 680 680 681 681 681 683 683 684 684 685 685 686 686 687 687 688 688 689 689 690 690 691 691 692 692 693 693 694 694 695 695 695 696 696 697 697 698 698 699 699 700 700 701 701 702 702 703 703 703 704 704 705 705 706 706 707 707 708 708 709 709 709 710 710 711 712 713 713 714 857 857 858 858 859 859 860 860 861 795 795 796 796 797 797 798 798 798 799 799 800
678 678 679 679 680 680 681 681 683 683 684 684 685 685 686 686 687 687 688 688 689 689 690 690 690 691 691 692 692 693 693 694 694 695 695 696 696 697 697 698 698 699 699 700 700 700 701 701 702 702 703 703 704 704 705 705 706 706 707 707 707 708 708 709 709 710 711 712 712 713 713 713 714 714 858 858 859 859 794 794 794 795 795 796 796 797 797 797 798 798 799 799 800 800
678 678 679 679 680 680 682 682 683 683 684 684 685 685 686 686 687 687 688 688 689 689 690 690 691 691 692 692 693 693 694 694 695 695 696 696 696 697 697 698 698 699 699 700 700 701 701 702 702 703 703 704 704 704 705 705 706 706 707 707 708 708 709 709 711 711 711 712 712 713 713 714 714 649 649 792 793 793 794 794 795 795 796 796 796 797 797 798 798 799 799 799 800 800
678 679 679 680 680 682 682 683 683 684 684 685 685 686 686 687 687 688 688 689 689 689 690 690 691 691 692 692 693 693 694 694 695 695 696 696 697 697 698 698 699 699 700 700 701 701 701 702 702 703 703 704 704 705 705 706 706 707 707 708 708 709 710 710 711 711 712 712 713 647 648 648 648 649 649 650 793 794 794 795 795 795 796 796 797 797 798 798 799 799 799 800 800 801
678 679 679 681 681 682 682 683 683 684 684 685 685 686 686 687 687 688 688 689 689 690 690 691 691 692 692 693 693 694 694 695 695 696 696 696 697 697 698 698 699 699 700 700 701 701 702 702 703 703 704 704 705 705 705 706 706 707 707 709 709 710 710 711 645 646 646 646 647 647 648 648 649 649 650 650 794 794 794 795 795 796 796 797 797 798 798 798 799 799 800 800 801 801
679 679 681 681 682 682 683 683 684 684 685 685 686 686 687 687 687 688 688 689 689 690 690 691 691 692 692 693 693 694 694 695 695 696 696 697 697 698 698 699 699 700 700 701 701 701 702 702 703 703 704 704 705 705 706 706 708 708 643 643 644 644 644 645 645 646 646 647 647 648 648 649 649 649 650 650 651 794 795 795 796 796 797 797 797 798 798 799 799 800 800 800 801 801
680 680 681 681 682 682 683 683 684 684 685 685 686 686 687 687 688 688 689 689 690 690 691 691 692 692 693 693 694 694 695 695 695 696 696 697 697 698 698 699 699 700 700 701 701 702 702 703 703 704 704 705 640 640 641 641 642 642 643 643 644 644 645 645 646 646 647 647 647 648 648 649 649 650 650 651 651 652 795 795 796 796 797 797 798 798 799 799 799 800 800 801 801 802
680 680 681 681 682 682 683 683 684 684 685 685 686 686 687 687 688 688 689 689 690 690 691 691 692 692 693 693 694 694 695 695 696 696 697 697 698 698 699 699 700 700 701 701 701 702 637 637 637 638 638 639 640 641 641 642 642 643 643 644 644 645 645 645 646 646 647 647 648 648 649 649 650 650 650 651 651 652 652 796 796 797 797 798 798 798 799 799 800 800 801 801 802 802
513 681 681 682 682 683 683 684 684 685 685 686 686 687 687 688 688 689 689 690 690 691 691 692 692 693 693 694 694 694 695 695 696 696 697 697 698 698 699 634 634 634 635 635 636 636 637 637 638 638 640 640 641 641 641 642 642 643 643 644 644 645 645 646 646 647 647 648 648 648 649 649 650 650 651 651 652 652 653 653 796 797 797 798 798 799 799 800 800 801 801 801 802 802
513 514 514 515 682 683 683 684 684 685 685 686 686 687 687 688 688 689 689 690 690 691 691 692 692 693 693 694 694 695 695 630 630 631 631 632 632 633 633 634 634 635 635 635 636 636 637 637 639 639 640 640 641 641 642 642 643 643 644 644 645 645 646 646 646 647 647 648 648 649 649 650 650 651 651 652 652 652 653 653 797 797 798 798 799 799 799 800 800 801 801 802 802 803
514 514 515 515 516 516 517 517 685 685 686 686 687 687 688 688 689 689 690 690 691 625 625 626 626 627 627 628 628 629 629 630 630 631 631 632 632 633 633 634 634 635 635 636 636 637 638 639 639 640 640 641 641 642 642 642 643 643 644 644 645 645 646 646 647 647 648 648 649 649 649 650 650 651 651 652 652 653 653 654 654 798 798 798 799 799 800 800 801 801 802 802 802 803
514 514 515 515 516 516 517 517 518 452 453 453 621 621 622 622 623 623 624 624 625 625 626 626 627 627 628 628 629 629 630 630 631 631 632 632 633 633 634 634 635 635 635 636 637 638 638 639 639 640 640 641 641 642 642 643 643 644 644 645 645 646 646 646 647 647 648 648 649 649 650 650 651 651 652 652 653 653 653 654 654 655 798 799 799 800 800 801 801 801 802 802 803 803
448 448 449 449 450 450 451 451 452 452 453 453 454 454 455 622 623 623 624 624 625 625 626 626 627 627 628 628 629 629 630 630 631 631 632 632 633 633 634 634 635 635 637 637 638 638 639 639 640 640 641 641 642 642 642 643 643 644 644 645 645 646 646 647 647 648 648 649 649 650 650 650 651 651 652 652 653 653 654 654 655 655 656 799 799 800 800 801 801 802 802 803 803 803
448 449 449 450 450 451 451 452 452 453 453 454 454 455 455 456 456 457 457 625 625 626 626 627 627 628 628 629 629 630 630 631 631 632 632 633 633 633 634 634 636 636 637 637 638 638 639 639 640 640 641 641 642 642 643 643 644 644 645 645 646 646 647 647 647 648 648 649 649 650 650 651 651 652 652 653 653 654 654 654 655 655 656 656 800 800 801 801 802 802 802 803 803 804
448 449 449 450 450 451 451 452 452 453 453 454 454 455 455 456 456 457 457 458 458 459 459 627 627 628 628 629 629 630 630 631 631 632 632 633 633 634 635 636 636 637 637 638 638 639 639 640 640 641 641 642 642 642 643 643 644 644 645 645 646 646 647 647 648 648 649 649 650 650 651 651 651 652 652 653 653 654 654 655 655 656 656 657 657 800 801 801 802 802 803 803 804 804
449 449 450 450 451 451 452 452 453 453 454 454 455 455 456 456 457 457 458 458 459 459 460 460 461 461 462 629 629 630 630 631 631 632 632 633 634 635 635 636 636 637 637 638 638 639 639 640 640 641 641 642 642 643 643 644 644 645 645 646 646 647 647 647 648 648 649 649 650 650 651 651 652 652 653 653 654 654 655 655 655 656 656 657 657 658 801 802 802 803 803 803 804 804
449 449 450 450 451 451 452 452 453 453 454 454 455 455 456 456 457 457 458 458 459 459 460 460 461 461 462 462 463 463 464 631 632 632 634 634 635 635 636 636 637 637 638 638 639 639 640 640 641 641 641 642 642 643 643 644 644 645 645 646 646 647 647 648 648 649 649 650 650 651 651 652 652 652 653 653 654 654 655 655 656 656 657 657 658 658 801 802 802 803 803 804 804 805
449 449 450 450 451 451 452 452 453 453 454 454 455 455 456 456 457 457 458 458 459 459 460 460 461 461 462 462 463 463 464 464 466 466 467 634 635 635 636 636 637 637 638 638 639 639 640 640 641 641 642 642 643 643 644 644 645 645 646 646 647 647 648 648 648 649 649 650 650 651 651 652 652 653 653 654 654 655 655 656 656 656 657 657 658 658 659 802 803 803 804 804 805 805
449 450 450 451 451 452 452 453 453 454 454 455 455 456 456 457 457 458 458 459 459 460 460 461 461 462 462 463 463 464 464 466 466 467 467 468 468 469 469 470 637 638 638 639 639 639 640 640 641 641 642 642 643 643 644 644 645 645 646 646 647 647 648 648 649 649 650 650 651 651 652 652 653 653 653 654 654 655 655 656 656 657 657 658 658 659 659 660 803 803 804 804 805 805
449 450 450 451 451 452 452 453 453 454 454 455 455 456 456 457 457 458 458 459 459 460 460 461 461 462 462 463 463 465 465 466 466 467 467 468 468 469 469 470 470 471 471 472 639 640 640 641 641 642 642 643 643 644 644 645 645 646 646 647 647 647 648 648 649 649 650 650 651 651 652 652 653 653 654 654 655 655 656 656 657 657 657 658 658 659 659 660 660 804 804 805 805 806
449 450 450 451 451 452 452 453 453 454 454 455 455 456 456 457 457 458 458 459 459 460 460 461 461 462 462 464 464 465 465 466 466 467 467 468 468 469 469 470 470 471 471 472 472 473 473 474 474 642 642 643 643 644 644 645 645 646 646 647 647 648 648 649 649 650 650 651 651 652 652 653 653 653 654 654 655 655 656 656 657 657 658 658 659 659 660 660 661 661 804 806 806 807
450 450 451 451 452 452 453 453 454 454 455 455 456 456 457 457 458 458 459 459 460 460 461 461 462 463 464 464 465 465 466 466 467 467 468 468 469 469 470 470 471 471 472 472 473 473 474 474 475 475 476 476 477 477 645 645 646 646 647 647 647 648 648 649 649 650 650 651 651 652 652 653 653 654 654 655 655 656 656 657 657 658 658 658 659 659 660 660 662 662 663 806 807 807
450 450 451 451 452 452 453 453 454 454 455 455 456 456 457 457 458 458 459 459 460 460 461 461 463 463 464 464 465 465 466 466 467 467 468 468 469 469 470 470 471 471 472 472 473 473 474 474 475 475 476 476 477 477 478 478 479 479 480 647 648 648 649 649 650 650 651 651 652 652 653 653 653 654 654 655 655 656 656 657 657 658 658 659 659 661 661 662 662 663 663 663 807 807
450 450 451 451 452 452 453 453 454 454 455 455 456 456 457 458 458 459 459 460 460 461 462 463 463 464 464 465 465 466 466 467 467 468 468 469 469 470 470 471 471 472 472 473 473 474 474 475 475 476 476 477 477 477 478 478 479 479 480 480 481 481 482 482 650 650 651 651 652 652 653 653 654 654 655 655 656 656 657 657 658 658 659 660 660 661 661 662 662 663 663 664 664 808
