testData/tiles/oneDegreeCosts/grid8.0-3.0-9.0-4.0.asc
ncols   200
nrows   200
xllcorner   8.0
yllcorner   3.0
cellsize   0.005
NODATA_value   -9999.0
[rows 84 to 125 of 200, columns 94 to 187 of 200]
415 416 422 427 430 434 437 440 442 444 446 447 450 451 453 454 455 457 458 460 461 461 462 464 464 465 467 467 468 468 469 470 470 471 472 472 473 473 473 474 475 475 475 475 475 475 476 477 477 477 477 477 477 477 477 478 478 478 478 478 478 478 478 478 478 478 477 477 477 477 477 477 477 477 476 476 476 476 476 475 475 475 475 475 474 474 474 474 473 473 473 473 472 472
422 427 431 435 437 440 442 445 447 449 451 452 454 455 458 458 459 461 462 464 465 465 466 467 468 469 470 471 471 471 473 473 474 474 474 475 476 476 476 476 478 478 478 478 478 478 478 480 480 480 480 480 480 480 480 480 480 480 481 481 481 481 480 480 480 480 480 480 480 480 480 479 479 479 479 479 479 478 478 478 478 478 477 477 477 477 476 476 476 476 475 475 475 475
430 434 437 441 443 446 447 450 451 454 455 457 458 459 461 462 463 465 466 466 468 469 469 471 471 472 473 474 474 474 476 476 476 477 477 478 479 479 479 479 479 481 481 481 481 481 481 481 481 482 482 482 482 482 482 482 482 482 482 482 482 482 482 482 483 483 483 482 482 482 482 482 482 481 481 481 481 481 481 480 480 480 480 479 479 478 478 477 477 477 477 476 476 476
436 440 442 445 447 450 451 454 455 457 459 461 462 463 465 465 466 468 469 469 471 472 472 474 474 475 475 476 477 477 477 479 479 479 480 480 481 481 481 482 482 482 483 483 483 483 483 484 484 484 484 485 485 485 485 485 485 485 484 484 484 484 484 484 484 484 484 484 483 483 483 483 483 483 482 482 482 482 482 481 481 481 481 480 480 480 480 479 479 479 479 478 478 478
441 444 446 449 451 453 455 457 458 461 462 464 465 466 467 468 469 471 471 472 474 474 475 476 477 477 477 479 479 480 480 481 481 482 482 482 482 484 484 484 484 484 484 484 485 486 486 486 486 486 486 486 486 486 486 487 487 487 486 486 486 486 486 486 486 486 486 486 485 485 485 485 485 485 484 484 484 484 484 483 483 483 483 482 482 482 482 481 481 481 479 479 479 479
444 447 450 452 455 456 458 460 461 463 464 466 467 468 470 471 471 473 474 474 476 476 477 478 479 479 479 481 481 482 482 482 483 484 484 484 484 484 486 486 486 486 486 486 486 487 487 487 488 488 488 488 488 488 487 487 487 487 487 487 488 488 488 488 488 488 487 487 487 487 487 487 486 486 486 486 486 485 485 484 484 484 483 483 483 483 482 482 482 481 481 481 481 480
448 450 453 454 457 458 461 462 463 465 466 468 469 470 472 472 473 475 475 476 478 478 479 480 480 481 481 483 483 483 484 484 485 485 486 486 486 486 486 487 488 488 488 488 488 488 488 488 489 489 489 489 489 489 489 489 489 489 489 489 489 489 488 488 488 488 488 488 488 487 487 487 487 487 487 486 486 486 486 485 485 485 485 484 484 484 484 483 483 483 483 482 481 481
450 452 455 456 459 460 462 464 465 467 468 470 471 472 473 474 475 476 477 478 479 480 480 481 482 482 483 483 484 485 485 485 486 487 487 487 487 488 488 488 489 489 489 489 489 489 489 489 489 489 489 490 490 490 490 490 490 490 490 490 490 490 490 490 490 489 489 489 489 489 489 488 488 488 488 488 487 487 487 487 487 486 486 486 485 484 484 484 483 483 483 483 482 482
451 453 456 458 460 461 464 465 467 468 469 471 472 473 474 475 476 478 478 479 480 481 481 482 483 483 484 484 486 486 486 486 487 487 488 488 489 489 489 489 489 489 490 490 490 491 491 491 491 491 491 491 491 491 491 490 490 491 491 491 491 491 491 491 491 490 490 490 490 490 490 490 489 489 488 488 488 487 487 487 487 486 486 486 486 485 485 485 485 484 484 484 483 483
452 454 457 458 461 462 464 466 468 469 470 472 473 474 475 476 477 478 479 480 481 482 482 483 484 484 485 485 485 487 487 487 488 488 488 489 489 490 490 490 490 490 490 490 491 491 491 491 491 491 491 491 491 491 491 491 491 491 491 491 491 491 491 491 491 490 490 490 490 490 490 489 489 489 489 489 488 488 488 488 488 487 487 487 487 486 486 485 484 484 484 484 483 483
452 454 457 458 461 462 465 466 468 469 470 472 473 474 476 476 477 479 479 480 482 482 483 483 483 485 485 486 486 486 488 488 488 488 489 489 490 490 490 490 491 491 491 491 491 491 491 492 492 492 492 492 492 492 492 492 492 492 492 492 492 492 491 491 491 491 491 491 491 490 490 490 490 490 490 489 489 489 489 487 487 487 487 486 486 486 486 485 485 485 485 484 484 484
451 454 456 459 461 462 465 466 468 469 470 472 473 474 476 477 477 479 480 480 481 482 483 483 484 485 485 486 486 487 487 488 488 489 489 489 489 489 491 491 491 491 491 491 491 491 491 491 492 492 492 492 492 493 492 492 492 492 492 492 492 492 492 492 492 492 491 491 490 490 490 490 489 489 489 489 489 488 488 488 488 488 487 487 487 487 486 486 485 484 484 484 484 483
450 453 455 458 460 461 464 465 467 469 470 472 473 474 475 476 477 479 479 480 481 482 483 483 484 484 485 486 486 487 487 487 488 489 489 489 489 490 490 490 491 491 491 491 491 492 492 492 492 492 492 492 492 492 492 492 492 492 491 491 491 491 491 491 491 491 491 491 490 490 490 490 490 490 489 489 489 489 489 488 488 487 487 486 486 486 486 485 485 485 484 484 484 484
447 451 453 456 458 461 462 464 466 467 469 471 472 473 475 475 476 478 479 479 480 482 482 483 483 484 485 485 486 486 486 487 487 488 489 489 489 489 489 490 490 490 490 491 491 491 491 492 492 492 492 492 492 492 492 492 492 492 491 491 491 491 491 491 491 491 491 491 490 490 490 490 490 489 488 488 488 488 488 487 487 487 487 486 486 486 486 485 485 484 484 483 483 483
443 447 450 454 456 459 460 462 464 466 467 469 470 471 473 474 475 477 478 478 479 480 481 482 482 483 483 485 485 485 486 486 486 487 488 488 489 489 489 489 489 490 490 490 490 490 490 490 490 490 491 491 491 491 491 491 491 491 491 491 491 491 490 490 490 490 490 489 489 489 489 489 489 488 488 488 488 488 488 487 487 487 487 485 485 485 485 484 484 484 484 483 483 483
437 442 446 450 452 455 457 459 462 463 465 467 468 469 472 472 473 474 476 477 478 478 480 480 481 482 482 483 484 484 485 485 486 486 486 486 488 488 488 488 489 489 489 489 489 489 489 490 490 490 490 490 490 490 490 490 490 490 490 490 490 490 489 489 489 489 489 489 489 489 489 488 488 488 488 488 487 486 486 486 486 486 485 485 485 485 484 484 484 483 482 482 482 482
432 434 439 444 447 451 454 456 459 460 462 464 466 467 469 470 471 472 474 475 476 476 477 479 479 480 481 481 482 483 483 484 484 485 485 485 486 486 486 486 488 488 488 488 488 488 488 489 489 489 489 489 489 489 489 489 489 489 489 489 489 489 489 489 489 489 488 488 487 487 487 487 487 487 486 486 486 486 486 485 485 485 485 484 483 483 483 483 482 482 482 482 481 481
418 418 432 436 440 445 448 451 454 456 458 461 462 464 466 467 468 470 472 472 473 474 475 476 477 478 479 479 480 480 481 482 483 483 483 484 484 484 485 485 485 485 486 486 486 486 487 487 488 488 488 488 488 488 488 488 488 487 487 487 487 487 487 487 487 487 487 486 486 486 486 486 486 486 486 485 485 484 484 484 484 483 483 483 483 483 482 482 482 481 480 480 480 480
419 418 418 418 432 435 440 444 448 451 453 456 458 460 462 464 465 466 467 469 470 471 472 473 475 475 476 477 477 478 479 479 479 481 481 482 482 482 483 483 483 484 484 484 484 485 485 485 485 485 485 485 485 486 486 486 486 486 486 486 486 486 486 486 486 486 485 485 485 485 484 484 484 484 484 483 483 483 483 483 483 482 482 481 481 481 480 480 480 480 479 479 479 478
420 419 419 418 418 418 432 433 439 443 446 450 452 454 456 459 460 462 463 465 467 468 469 470 471 471 473 474 475 475 476 476 477 477 478 478 480 480 481 481 481 482 482 482 482 483 483 483 483 483 483 484 484 484 484 484 484 484 484 484 484 484 484 483 483 483 483 483 483 483 483 483 483 482 482 482 482 481 481 481 480 480 480 480 480 479 479 479 478 478 477 477 477 477
421 420 420 419 418 418 417 417 417 431 435 441 444 447 450 453 455 457 458 460 462 463 464 466 467 468 468 470 471 472 473 473 474 474 475 476 476 476 477 477 478 478 478 480 480 480 481 481 481 481 481 480 481 481 481 481 481 481 481 481 481 481 481 481 481 481 481 481 481 481 481 480 480 480 480 480 480 479 479 479 479 479 479 477 477 477 477 477 477 476 476 476 476 474
422 421 421 420 419 419 418 417 417 416 416 431 430 436 440 443 447 449 452 453 455 458 459 461 462 463 464 465 466 468 469 469 470 471 472 472 473 473 474 474 475 475 475 476 476 477 477 477 477 478 478 478 478 478 479 479 479 479 479 479 479 479 479 479 479 478 478 478 478 478 478 478 478 478 478 478 478 477 477 476 476 476 476 476 476 475 475 474 474 474 474 473 473 473
423 422 422 421 420 420 419 418 418 417 416 415 415 415 429 429 435 439 442 445 448 450 453 454 456 457 459 460 461 462 463 464 466 467 467 468 469 469 470 471 471 472 472 472 473 473 474 474 474 475 475 475 475 476 476 476 476 475 475 476 476 476 476 476 476 476 476 476 476 476 476 476 475 475 475 475 475 475 474 474 474 474 473 473 473 473 472 472 472 472 472 471 470 470
424 423 423 422 421 421 420 419 419 418 417 416 416 415 414 413 413 428 427 432 436 440 442 446 448 450 452 453 455 456 457 458 459 460 461 462 463 464 465 465 466 467 468 469 468 469 469 469 470 470 470 471 471 471 472 472 472 472 472 473 473 473 473 473 473 473 472 472 472 472 472 472 472 472 472 472 472 471 471 471 471 471 471 471 471 470 470 469 469 469 469 468 468 468
425 424 424 423 422 422 421 420 420 419 418 417 417 416 415 414 413 413 412 411 411 425 428 432 436 440 442 445 447 448 450 451 453 454 455 456 457 458 459 460 461 462 462 463 464 464 465 465 466 466 466 467 467 468 468 468 468 469 469 468 468 469 469 469 469 469 469 469 469 469 469 470 469 469 469 469 469 468 468 468 468 468 467 467 467 467 467 467 467 466 465 465 465 465
426 425 425 424 423 423 434 421 421 420 419 418 417 417 416 415 414 413 413 412 411 410 409 408 408 422 427 431 435 438 440 443 444 446 448 449 450 452 453 454 455 456 457 457 458 459 460 460 461 461 462 462 462 462 463 463 463 464 464 464 464 465 465 465 465 466 465 465 465 465 465 465 465 465 465 465 465 464 464 464 464 464 464 464 464 463 463 463 463 463 463 462 462 462
439 438 438 437 436 436 435 434 433 433 432 431 430 430 429 428 415 414 413 412 412 411 410 409 408 407 406 406 420 419 424 428 431 434 437 439 440 442 444 445 446 448 449 450 451 452 452 453 454 455 455 456 457 457 458 458 459 459 459 460 459 459 460 460 460 460 461 461 461 461 461 460 461 461 461 461 461 461 461 461 461 460 460 460 460 460 460 460 460 459 458 458 458 458
440 439 439 438 437 437 436 435 434 434 433 432 431 430 430 429 428 427 426 413 412 411 411 410 409 408 407 406 405 404 403 402 402 416 420 424 428 430 433 435 437 438 440 441 443 444 445 446 447 448 449 450 450 451 451 451 452 452 453 453 454 454 455 455 455 456 455 455 455 456 456 456 456 456 457 457 456 456 456 456 456 456 456 456 455 455 455 455 455 455 455 455 454 454
441 440 440 439 438 438 437 436 435 435 434 433 432 431 430 430 429 428 427 426 425 424 411 410 410 409 408 407 406 405 404 403 402 401 400 399 398 413 414 419 423 426 428 430 432 434 435 436 437 439 440 441 442 443 444 445 445 446 447 447 448 447 448 448 449 449 450 450 450 451 451 450 450 451 451 451 451 451 452 451 451 451 451 451 451 451 451 450 450 450 450 450 450 450
442 441 441 440 439 439 438 437 436 435 435 434 433 432 431 430 430 429 428 427 426 425 424 423 422 409 408 407 406 405 404 403 402 401 400 399 398 397 396 395 394 394 408 411 415 419 422 424 426 428 430 431 433 434 435 435 436 437 438 439 440 440 441 442 442 443 442 443 443 444 444 445 445 445 446 445 445 445 446 446 446 446 446 445 445 446 446 446 446 446 445 445 445 445
443 442 442 441 440 439 439 438 437 436 436 435 434 433 432 431 430 429 429 428 427 426 425 424 423 422 421 408 407 406 405 404 403 402 401 400 399 398 397 396 395 394 393 392 391 390 389 404 406 410 414 416 419 421 423 424 426 427 429 430 430 431 432 433 433 434 435 436 436 437 436 437 437 438 438 439 439 439 439 439 439 440 440 440 440 440 439 440 440 440 440 440 440 439
444 443 443 442 441 440 440 439 438 437 436 436 435 434 433 432 431 430 429 428 427 427 426 425 424 423 422 421 420 407 406 405 404 403 402 401 400 399 398 397 396 394 393 392 391 390 389 388 387 386 385 384 399 400 405 407 410 412 415 417 418 420 421 423 424 424 425 426 427 428 428 429 430 429 430 430 431 431 432 432 433 432 432 433 433 433 434 434 433 433 433 434 434 434
445 444 444 443 442 441 441 440 439 438 437 436 436 435 434 433 432 431 430 429 428 427 426 425 424 423 422 421 420 419 406 405 404 403 402 401 400 399 398 397 396 395 394 393 392 391 390 389 388 386 385 384 383 382 381 380 379 378 393 396 399 403 405 408 410 411 413 414 415 416 417 418 419 420 421 422 422 422 423 423 424 425 425 426 425 425 426 426 426 427 427 426 426 427
446 445 445 444 443 442 441 441 440 439 438 437 436 435 435 434 433 432 431 430 429 428 427 426 425 424 423 422 421 420 419 418 405 404 403 402 401 400 399 398 397 396 395 393 392 391 390 389 388 387 386 385 384 383 382 380 379 378 377 376 375 374 373 372 386 390 393 397 399 401 403 405 406 407 409 410 411 412 413 413 414 414 415 416 416 417 417 417 418 418 418 419 419 419
447 446 445 445 444 443 442 441 441 440 439 438 437 436 435 434 433 433 432 431 430 429 428 427 426 425 424 423 422 421 420 419 418 405 404 402 401 400 399 398 397 396 395 394 393 392 391 390 389 387 386 385 384 383 382 381 380 379 378 376 375 374 373 372 371 370 369 367 366 366 380 382 386 389 392 393 395 397 399 400 402 403 403 404 405 406 407 408 408 408 409 409 410 410
448 447 446 446 445 444 443 442 441 441 440 439 438 437 436 435 434 433 432 431 430 429 428 427 426 425 424 423 422 421 420 419 418 417 416 403 402 401 400 399 398 397 396 394 393 392 391 390 389 388 387 386 385 384 382 381 380 379 378 377 376 375 373 372 371 370 369 368 367 366 364 363 362 361 360 359 374 372 376 380 383 385 387 389 390 391 393 394 395 396 397 397 398 399
449 448 447 446 446 445 444 443 442 441 441 440 439 438 437 436 435 434 433 432 431 430 429 428 427 426 425 424 423 422 421 420 419 418 417 416 403 401 400 399 398 397 396 395 394 393 392 391 390 388 387 386 385 384 383 382 381 380 378 377 376 375 374 373 372 371 369 368 367 366 365 364 363 361 360 359 358 357 356 355 353 352 351 366 365 369 372 374 377 379 381 383 384 384
450 449 448 447 447 446 445 444 443 442 441 440 439 439 438 437 436 435 434 433 432 431 430 429 428 427 426 425 424 423 421 420 419 418 417 416 415 402 401 400 399 398 397 395 394 393 392 391 390 389 388 387 386 384 383 382 381 380 379 378 377 375 374 373 372 371 370 369 367 366 365 364 363 362 361 359 358 357 356 355 354 353 351 350 349 348 347 346 344 343 342 357 359 363
451 450 449 448 447 447 446 445 444 443 442 441 440 439 438 437 436 435 434 433 432 431 430 429 428 427 426 425 424 423 422 421 420 419 418 417 416 415 413 400 399 398 397 396 395 394 393 392 390 389 388 387 386 385 384 383 381 380 379 378 377 376 375 374 372 371 370 369 368 367 366 364 363 362 361 360 359 358 356 355 354 353 352 351 349 348 347 346 345 344 342 341 340 339
452 451 450 449 448 447 446 446 445 444 443 442 441 440 439 438 437 436 435 434 433 432 431 430 429 428 427 426 425 424 423 422 420 419 418 417 416 415 414 413 400 399 398 396 395 394 393 392 391 390 389 388 386 385 384 383 382 381 380 378 377 376 375 374 373 372 370 369 368 367 366 365 364 362 361 360 359 358 357 356 354 353 352 351 350 349 347 346 345 344 343 342 340 339
452 452 451 450 449 448 447 446 445 445 444 443 442 441 440 439 438 437 436 435 434 433 432 431 429 428 427 426 425 424 423 422 421 420 419 418 417 416 414 413 412 399 398 397 396 395 394 392 391 390 389 388 387 386 385 383 382 381 380 379 378 377 375 374 373 372 371 370 369 367 366 365 364 363 362 360 359 358 357 356 355 354 352 351 350 349 348 347 345 344 343 342 341 340
453 452 452 451 450 449 448 447 446 445 444 443 442 441 440 439 438 437 436 435 434 433 432 431 430 429 428 427 426 425 424 423 421 420 419 418 417 416 415 414 413 412 398 397 396 395 394 393 392 391 389 388 387 386 385 384 383 381 380 379 378 377 376 375 373 372 371 370 369 368 367 365 364 363 362 361 360 358 357 356 355 354 353 351 350 349 348 347 346 344 343 342 341 340
