testData/tiles/oneDegreeCosts/grid39.0-31.0-40.0-32.0.asc
ncols   200
nrows   200
xllcorner   39.0
yllcorner   31.0
cellsize   0.005
NODATA_value   -9999.0
[rows 126 to 167 of 200, columns 0 to 93 of 200]
689 688 688 687 686 686 685 685 685 684 684 683 682 681 680 679 679 678 677 676 676 675 674 673 672 671 670 669 668 667 666 664 664 663 662 661 659 658 657 656 654 653 652 651 649 647 646 644 643 642 640 638 637 635 634 632 630 629 627 625 623 622 619 618 615 614 612 610 608 606 604 602 599 597 594 592 591 588 587 586 586 585 585 585 584 584 583 583 582 582 581 581 581 580
688 688 688 687 686 686 685 685 684 683 683 682 681 681 680 679 678 678 677 676 675 674 673 672 671 671 670 669 667 666 665 664 663 663 661 660 659 658 656 655 654 653 651 649 648 647 645 644 643 641 639 638 636 635 633 631 630 628 626 625 623 621 619 617 615 614 611 610 608 605 603 601 599 597 594 592 589 587 586 586 586 585 585 584 584 583 583 583 582 582 581 581 580 580
647 646 686 686 685 685 684 683 683 682 682 681 680 679 679 678 677 677 676 675 674 674 673 672 671 669 669 668 667 666 665 663 662 661 660 660 658 657 656 655 653 651 650 649 647 646 645 643 642 641 639 637 636 635 632 631 630 627 626 625 622 621 618 617 615 613 611 609 607 605 602 601 599 596 594 591 589 586 586 586 585 585 584 584 584 583 583 582 582 581 581 580 580 580
645 645 645 645 685 685 684 683 683 682 681 681 680 679 679 678 677 677 676 674 673 673 672 671 670 669 669 668 666 665 664 663 662 660 659 658 657 656 654 653 652 651 649 648 647 646 644 643 642 639 638 637 635 633 632 630 629 627 625 623 622 620 618 617 614 612 611 608 607 604 602 600 598 596 593 591 589 586 586 585 585 584 584 584 583 583 582 582 581 581 581 580 580 579
645 645 644 644 643 642 683 682 682 681 680 680 679 678 678 677 676 675 675 674 673 672 672 671 669 668 667 667 666 665 664 662 661 660 659 658 656 655 654 653 651 650 649 648 646 645 644 643 640 639 638 636 635 633 631 630 628 626 625 623 621 619 618 615 614 611 610 608 605 604 602 599 597 595 593 591 588 586 585 585 585 584 584 583 583 582 582 582 581 581 580 580 579 579
644 644 643 644 643 642 642 682 681 681 680 680 679 678 677 677 676 675 674 673 672 671 671 670 669 668 667 665 665 664 663 662 661 659 658 657 656 655 653 652 651 650 648 647 646 645 643 641 640 638 637 636 634 632 631 630 627 626 625 622 621 619 617 615 613 611 610 607 605 604 601 599 596 594 593 590 588 585 585 585 584 584 583 583 582 582 582 581 581 580 580 579 579 579
644 644 643 642 642 641 641 640 639 680 679 678 678 677 676 676 675 674 673 673 672 671 670 669 668 667 666 665 664 664 662 661 660 659 658 657 655 654 653 652 650 649 648 647 645 644 642 641 639 638 637 635 633 632 630 628 627 625 623 622 620 618 617 614 613 611 608 607 605 602 601 598 596 594 591 589 586 585 585 584 584 583 583 583 582 582 581 581 580 580 580 579 579 578
643 642 642 641 642 641 641 640 639 639 638 678 678 677 676 676 675 673 672 672 671 670 669 668 668 667 666 664 663 662 662 661 660 658 657 656 655 654 652 651 650 649 647 646 645 643 641 640 639 638 636 634 633 631 630 628 626 625 623 621 619 618 615 614 612 610 608 607 604 602 600 598 596 593 591 588 586 585 584 584 583 583 583 582 582 581 581 580 580 580 579 579 578 578
643 642 642 641 641 640 639 639 638 638 637 636 636 676 675 674 674 673 672 671 671 670 668 667 667 666 665 664 663 662 660 660 659 658 657 656 654 653 652 651 649 648 647 646 643 642 641 640 638 637 636 633 632 631 629 627 626 624 622 621 619 617 615 614 611 610 607 605 604 601 599 598 595 593 590 588 586 584 584 583 583 583 582 582 581 581 581 580 580 579 579 578 578 578
642 641 641 640 639 639 638 639 638 637 637 636 635 635 633 673 673 672 671 670 670 669 668 667 666 666 664 663 662 661 660 659 658 657 656 655 654 653 651 650 649 648 646 644 643 642 640 639 638 637 634 633 632 630 628 627 625 623 622 620 618 617 614 613 611 609 607 605 603 601 599 596 595 592 590 588 585 584 583 583 583 582 582 581 581 581 580 580 579 579 578 578 578 577
642 641 641 640 639 639 638 638 637 636 636 635 634 634 633 632 631 672 671 670 669 668 667 666 665 664 664 663 662 661 659 658 657 656 655 654 653 652 651 650 648 646 645 644 642 641 640 639 637 635 634 633 631 629 628 626 625 623 621 619 618 615 614 612 610 608 607 604 602 601 598 596 593 592 590 587 585 583 583 583 582 582 581 581 581 580 580 579 579 579 578 578 577 577
641 640 639 639 638 638 637 636 636 635 634 634 633 632 632 631 630 630 629 669 668 668 667 666 665 664 663 662 661 660 659 658 657 655 654 653 652 651 649 648 647 646 644 643 642 641 639 638 636 635 633 632 631 628 627 626 624 622 621 619 617 615 614 611 610 608 606 604 601 600 598 595 593 591 588 587 584 583 583 582 582 582 581 581 580 580 579 579 579 578 578 577 577 577
639 640 639 639 638 638 637 636 636 635 634 634 633 632 632 631 630 629 629 628 626 666 666 665 664 663 662 662 661 659 658 657 656 655 654 652 651 650 649 648 646 645 644 643 641 640 639 637 635 634 633 632 629 628 627 625 623 622 619 618 617 614 613 611 609 607 605 603 601 599 597 595 593 590 588 585 583 583 582 582 582 581 581 580 580 580 579 579 578 578 577 577 577 576
639 639 638 638 637 636 636 635 635 634 633 633 632 631 631 630 629 628 628 627 626 625 625 665 664 662 661 660 660 659 658 657 655 654 653 652 651 650 648 647 646 645 643 642 641 640 638 636 635 634 632 631 629 628 626 624 623 621 619 618 615 614 612 610 608 607 604 603 601 598 596 595 592 590 587 585 583 582 582 582 581 581 580 580 580 579 579 578 578 577 577 577 577 620
638 638 638 637 637 636 636 635 634 634 633 632 632 631 630 630 629 628 627 626 625 624 623 623 622 662 661 660 659 658 657 656 655 654 653 651 650 649 648 647 645 644 643 642 640 638 637 636 634 633 632 630 628 627 626 623 622 620 619 617 615 614 611 610 608 606 604 602 600 598 596 593 592 589 587 585 582 582 582 581 581 580 580 580 579 579 578 578 578 577 621 620 620 619
638 638 637 636 636 635 635 634 633 633 632 631 631 630 629 629 628 627 626 626 625 624 623 622 621 620 619 659 658 657 657 656 654 653 652 651 650 648 647 646 645 644 642 641 639 638 636 635 634 633 630 629 628 627 624 623 622 619 618 617 614 613 611 610 607 605 603 601 600 597 595 593 590 589 587 584 582 582 581 581 580 580 580 579 579 579 622 622 621 621 620 620 620 619
420 419 636 635 636 635 634 634 633 633 632 631 631 630 629 628 628 626 625 624 624 623 622 621 621 620 619 618 616 656 655 654 654 653 652 650 649 648 647 646 644 643 642 640 638 637 636 635 633 632 630 629 627 626 624 623 621 619 618 615 614 612 610 608 607 604 603 601 598 597 595 592 590 588 585 583 581 581 581 580 580 580 623 623 622 622 622 621 621 620 620 620 619 619
420 419 419 418 418 634 633 633 632 631 631 630 629 629 628 627 627 626 625 624 624 623 622 620 619 619 618 617 616 615 614 653 652 651 651 650 649 647 646 645 643 642 640 639 638 637 635 634 633 631 629 628 627 625 623 622 620 618 617 615 614 611 610 608 606 604 602 600 598 596 594 592 590 587 585 582 581 581 581 624 624 623 623 622 622 622 621 621 620 620 620 619 619 618
419 418 418 417 416 416 416 416 632 631 631 630 629 629 628 626 625 625 624 623 622 622 621 620 619 618 618 617 615 614 613 612 611 651 649 648 647 646 645 644 642 641 640 639 637 636 635 634 631 630 629 628 625 624 623 622 619 618 616 614 613 611 609 607 605 604 601 600 598 595 593 591 589 587 584 582 625 624 624 624 623 623 622 622 622 621 621 620 620 620 619 619 618 618
419 418 417 417 416 416 415 414 414 413 412 629 628 627 627 626 625 625 624 623 622 622 620 619 618 617 616 616 615 614 613 611 610 609 608 648 647 645 644 643 642 641 639 638 637 636 634 632 631 630 628 627 625 624 622 620 619 618 615 614 612 610 608 607 604 603 601 598 597 595 592 591 633 630 628 626 624 624 624 623 623 622 622 622 621 621 620 620 620 619 619 618 618 618
417 417 416 416 415 415 414 413 413 412 411 411 410 409 626 625 624 623 623 622 621 620 620 619 618 617 616 614 614 613 612 611 610 609 607 606 605 645 644 643 641 640 639 638 636 635 633 632 631 629 628 626 624 623 622 620 618 616 615 613 611 610 608 606 604 602 600 598 597 638 636 634 631 629 628 625 624 623 623 623 622 622 622 621 621 620 620 620 619 619 618 618 618 617
417 417 416 416 415 414 414 413 412 412 411 411 410 409 408 408 407 406 623 622 621 619 618 618 617 616 615 614 613 613 612 610 609 608 607 606 605 603 602 642 641 640 638 637 636 634 632 631 630 629 627 625 624 623 620 619 618 616 614 612 611 608 607 605 603 602 644 642 639 638 636 633 631 628 626 624 623 623 623 622 622 622 621 621 620 620 620 619 619 618 618 618 617 617
416 416 415 414 414 413 413 412 411 411 410 409 409 408 407 407 406 405 404 404 403 402 618 617 617 616 614 613 612 611 610 610 609 608 606 605 604 603 602 600 599 639 638 636 634 633 632 631 630 627 626 625 624 621 620 619 616 615 614 612 610 608 607 648 647 645 642 641 639 636 635 633 630 628 626 623 623 623 622 622 622 621 621 620 620 620 619 619 618 618 618 617 617 617
415 415 415 414 414 413 412 412 411 411 410 409 409 408 407 406 406 405 404 403 402 401 400 400 400 400 614 613 612 611 609 608 607 607 606 605 604 602 601 600 599 597 595 594 634 633 631 630 629 627 626 624 623 621 619 618 616 615 612 612 654 652 650 648 646 644 642 641 638 636 634 632 630 628 625 623 623 622 622 621 621 621 620 620 620 619 619 618 618 618 617 617 617 616
415 414 414 413 413 412 411 411 410 409 409 408 407 407 406 405 405 404 403 402 402 401 400 400 400 400 400 400 400 400 609 608 607 605 604 603 602 601 600 598 597 596 595 594 592 591 631 630 628 626 625 624 622 620 619 617 616 658 656 655 652 651 649 647 645 644 641 639 638 636 633 631 629 627 625 622 622 622 621 621 621 620 620 620 619 619 618 618 618 617 617 617 616 616
414 413 413 413 412 412 411 411 410 409 409 408 407 407 406 405 404 404 402 401 400 400 400 400 400 400 400 400 400 400 400 400 400 400 400 603 601 600 599 598 597 596 594 593 592 591 589 587 627 626 625 622 621 620 663 660 659 658 655 654 652 651 648 647 645 642 641 639 636 635 633 630 628 626 623 622 622 621 621 621 620 620 620 619 619 618 618 618 617 617 617 616 616 615
414 413 412 412 411 411 410 409 409 408 407 407 406 405 405 404 403 403 402 401 400 400 400 400 400 400 400 400 400 400 400 400 400 400 400 400 400 400 400 400 596 595 594 593 591 590 588 587 586 586 624 666 665 663 661 660 659 656 655 653 651 650 648 646 644 642 641 638 636 634 632 630 628 625 623 622 621 621 621 620 620 620 619 619 618 618 618 617 617 617 616 616 615 615
412 412 411 411 410 411 410 409 409 408 407 407 406 405 405 404 402 401 401 400 400 400 400 400 400 400 400 400 400 400 400 400 400 400 400 400 400 400 400 400 400 400 400 400 400 589 587 586 585 628 626 624 623 663 661 659 657 656 654 652 651 649 647 645 644 641 639 638 636 633 631 630 627 625 623 621 621 621 620 620 619 619 619 618 618 618 617 617 617 616 616 615 615 615
412 412 411 411 410 409 409 408 407 407 406 405 405 404 403 403 402 401 400 400 400 400 400 400 400 400 400 400 400 400 400 400 400 400 400 400 400 400 400 400 400 400 400 400 400 400 414 413 412 409 625 624 623 620 619 659 657 655 653 652 650 648 647 645 642 641 639 636 635 633 630 628 627 624 622 621 620 620 620 619 619 619 618 618 618 617 617 616 616 616 615 615 615 614
411 411 410 409 409 408 408 407 406 406 405 404 404 403 402 402 401 400 400 400 400 400 400 400 400 400 400 400 400 400 400 400 400 400 400 400 400 400 400 400 400 400 400 417 416 415 413 412 410 409 408 406 404 403 402 399 615 614 653 651 649 648 645 644 642 641 638 636 635 632 630 628 625 623 621 620 620 620 619 619 619 618 618 618 617 617 616 616 616 615 615 615 614 614
411 410 410 409 409 408 407 407 406 406 405 404 403 403 402 401 401 400 400 400 400 400 400 400 400 400 400 400 400 400 400 400 400 400 400 400 400 400 400 400 400 419 418 417 415 414 413 411 410 408 407 406 404 402 401 399 398 395 394 393 431 430 428 644 641 639 638 635 633 632 630 627 625 623 620 620 620 619 619 619 618 618 617 617 617 616 616 616 615 615 615 614 614 613
410 409 409 408 407 407 406 406 405 404 404 403 402 402 401 400 400 400 400 400 400 400 400 400 400 400 400 400 400 400 400 400 400 400 400 400 400 400 422 421 420 418 417 416 415 414 411 410 409 408 407 404 403 402 400 398 397 395 394 391 390 388 427 425 424 422 419 418 416 413 628 627 624 622 620 619 619 619 618 618 618 617 617 617 616 616 616 615 615 615 614 614 613 613
410 409 409 408 407 407 406 405 405 404 404 403 402 401 401 400 400 400 400 400 400 400 400 400 400 400 400 400 400 400 400 400 400 400 400 400 424 423 421 420 419 418 417 416 414 412 411 410 408 407 405 404 403 401 399 398 396 394 393 391 390 387 386 384 382 421 419 418 415 413 411 408 406 405 402 402 402 618 618 618 617 617 617 616 616 616 615 615 614 614 614 613 613 613
409 408 407 407 406 406 405 404 404 403 402 402 401 400 400 400 400 400 400 400 400 400 400 400 400 400 400 400 400 400 400 400 400 427 426 424 423 422 421 420 419 417 416 414 413 412 410 409 408 406 405 403 402 400 399 397 395 394 392 390 388 387 384 383 381 380 377 375 415 412 410 408 406 403 402 402 401 401 401 400 400 400 399 399 398 615 615 614 614 614 613 613 613 612
407 407 407 407 406 405 405 404 404 403 402 402 401 400 400 400 400 400 400 400 400 400 400 400 400 400 400 400 400 400 400 428 427 426 425 424 423 422 420 419 418 416 415 413 412 411 410 409 406 405 404 403 401 399 398 396 395 393 391 390 388 386 384 383 380 378 377 375 372 371 410 407 405 403 401 401 401 400 400 400 399 399 399 398 398 398 397 397 397 396 396 396 395 612
407 407 406 405 405 404 404 403 402 402 401 400 400 400 400 400 400 400 400 400 400 400 400 400 400 400 400 400 430 429 428 427 426 425 423 423 422 421 419 418 417 415 414 413 412 411 409 407 406 405 404 401 400 399 398 395 394 392 391 389 387 386 384 381 380 378 376 374 372 370 367 366 364 402 401 401 400 400 400 399 399 399 398 398 398 397 397 397 396 396 395 395 395 394
406 405 405 404 405 404 403 403 402 402 401 400 400 400 400 400 400 400 400 400 400 400 400 400 400 400 432 431 430 429 427 426 425 424 423 422 421 419 418 417 416 415 414 412 411 410 408 407 405 404 403 401 400 398 396 395 394 391 390 388 387 384 383 381 380 377 375 374 371 369 367 364 362 360 360 359 400 400 399 399 399 398 398 398 397 397 397 396 396 395 395 395 394 394
406 405 405 404 404 403 402 402 401 400 400 400 400 400 400 400 400 400 400 400 400 400 400 400 432 431 430 430 429 428 427 426 425 424 422 421 420 419 418 417 415 414 413 412 411 409 407 406 405 404 402 400 399 397 396 394 392 391 390 387 386 384 383 380 378 377 374 372 371 369 366 364 362 359 359 359 358 358 399 398 398 398 397 397 397 396 396 396 395 395 395 394 394 394
405 404 404 403 402 402 401 400 401 400 400 400 400 400 400 400 400 400 400 400 400 434 434 433 432 431 430 429 429 427 426 425 424 423 422 421 420 418 417 416 415 414 413 410 409 408 407 406 404 402 401 400 399 396 395 394 392 390 388 387 385 383 381 380 378 375 374 372 369 367 366 364 361 359 359 358 358 358 357 357 357 397 397 397 396 396 396 395 395 395 394 394 394 393
405 404 403 403 402 402 401 400 400 400 400 400 400 400 400 400 400 400 400 436 435 434 433 432 431 430 429 428 427 426 426 425 424 422 421 420 419 418 417 416 414 412 411 410 409 408 406 405 403 402 400 399 397 396 395 392 391 389 388 386 384 383 381 378 377 375 373 371 369 367 364 363 361 358 358 358 358 357 357 357 356 356 356 355 396 396 395 395 395 394 394 393 393 393
403 403 402 402 401 400 400 400 400 400 400 400 400 400 400 400 400 436 435 435 434 433 432 431 431 430 429 428 426 425 424 423 422 422 421 420 418 417 415 414 413 412 411 409 408 407 406 404 402 401 400 398 397 395 393 392 391 388 387 385 384 381 380 378 377 374 372 371 368 366 364 362 359 358 358 357 357 357 356 356 356 355 355 355 354 354 354 394 394 394 393 393 393 392
403 403 402 401 401 400 400 400 400 400 400 400 400 400 400 437 437 436 435 434 434 433 431 430 429 429 428 427 426 425 424 423 421 420 419 418 417 416 415 414 412 411 410 409 408 406 404 403 402 401 398 397 396 395 393 391 389 388 387 384 383 381 380 377 375 374 372 369 367 366 363 361 359 358 357 357 357 356 356 356 355 355 355 354 354 354 353 353 353 352 393 393 392 392
