testData/tiles/oneDegreeCosts/grid33.0-45.0-34.0-46.0.asc
ncols   200
nrows   200
xllcorner   33.0
yllcorner   45.0
cellsize   0.005
NODATA_value   -9999.0
[rows 126 to 167 of 200, columns 94 to 187 of 200]
376 376 376 376 376 376 376 376 376 376 376 376 376 376 376 376 376 376 376 376 376 376 376 376 376 376 376 376 376 376 376 376 376 376 376 376 376 376 376 376 376 376 376 376 376 376 376 376 376 376 376 376 376 376 376 376 376 376 376 376 376 532 532 532 532 532 532 531 531 531 531 531 531 531 531 530 530 530 459 459 459 459 458 458 458 458 458 458 457 457 457 457 457 457
376 376 376 376 376 376 376 376 376 376 376 376 376 376 376 376 376 376 376 376 376 376 376 376 376 376 376 376 376 376 376 376 376 376 376 376 376 376 376 376 376 376 376 376 376 376 376 376 376 376 376 376 376 376 376 376 376 376 376 532 532 532 532 532 532 532 531 531 531 531 531 531 531 530 530 530 530 530 459 459 458 458 458 458 458 458 458 457 457 457 457 457 457 456
376 376 376 376 376 376 376 376 376 376 376 376 376 376 376 376 376 376 376 376 376 376 376 376 376 376 376 376 376 376 376 376 376 376 376 376 376 376 376 376 376 376 376 376 376 376 376 376 376 376 376 376 376 376 376 376 376 376 532 532 532 532 532 532 531 531 531 531 531 531 531 531 530 530 530 530 530 459 459 458 458 458 458 458 458 458 457 457 457 457 457 457 456 456
376 376 376 376 376 376 376 376 376 376 376 376 376 376 376 376 376 376 376 376 376 376 376 376 376 376 376 376 376 376 376 376 376 376 376 376 376 376 376 376 376 376 376 376 376 376 376 376 376 376 376 376 376 376 376 376 532 532 532 532 532 532 531 531 531 531 531 531 531 531 530 530 530 530 530 530 530 458 458 458 458 458 458 458 457 457 457 457 457 457 457 456 456 456
376 376 376 376 376 376 376 376 376 376 376 376 376 376 376 376 376 376 376 376 376 376 376 376 376 376 376 376 376 376 376 376 376 376 376 376 376 376 376 376 376 376 376 376 376 376 376 376 376 376 376 376 376 376 376 532 532 532 532 532 532 531 531 531 531 531 531 531 530 530 530 530 530 530 530 530 529 458 458 458 458 458 458 457 457 457 457 457 457 456 456 456 456 456
376 376 376 376 376 376 376 376 376 376 376 376 376 376 376 376 376 376 376 376 376 376 376 376 376 376 376 376 376 376 376 376 376 376 376 376 376 376 376 376 376 376 376 376 376 376 376 376 376 376 376 376 376 532 532 532 532 532 532 531 531 531 531 531 531 531 531 530 530 530 530 530 530 530 529 529 529 458 458 458 458 457 457 457 457 457 457 457 456 456 456 456 456 456
376 376 376 376 376 376 376 376 376 376 376 376 376 376 376 376 376 376 376 376 376 376 376 376 376 376 376 376 376 376 376 376 376 376 376 376 376 376 376 376 376 376 376 376 376 376 376 376 376 376 376 376 532 532 532 532 532 531 531 531 531 531 531 531 531 530 530 530 530 530 530 530 529 529 529 529 458 458 458 457 457 457 457 457 457 457 456 456 456 456 456 456 455 455
376 376 376 376 376 376 376 376 376 376 376 376 376 376 376 376 376 376 376 376 376 376 376 376 376 376 376 376 376 376 376 376 376 376 376 376 376 376 376 376 376 376 376 376 376 376 376 376 376 376 532 532 532 532 532 531 531 531 531 531 531 531 531 530 530 530 530 530 530 530 530 529 529 529 529 529 458 458 457 457 457 457 457 457 456 456 456 456 456 456 456 455 455 455
376 376 376 376 376 376 376 376 376 376 376 376 376 376 376 376 376 376 376 376 376 376 376 376 376 376 376 376 376 376 376 376 376 376 376 376 376 376 376 376 376 376 376 376 376 376 376 376 532 532 532 532 532 532 531 531 531 531 531 531 531 531 530 530 530 530 530 530 530 529 529 529 529 529 529 529 457 457 457 457 457 457 457 456 456 456 456 456 456 455 455 455 455 455
376 376 376 376 376 376 376 376 376 376 376 376 376 376 376 376 376 376 376 376 376 376 376 376 376 376 376 376 376 376 376 376 376 376 376 376 376 376 376 376 376 376 376 376 376 376 376 532 532 532 532 532 531 531 531 531 531 531 531 531 530 530 530 530 530 530 530 529 529 529 529 529 529 529 529 528 457 457 457 457 457 456 456 456 456 456 456 456 455 455 455 455 455 455
376 376 376 376 376 376 376 376 376 376 376 376 376 376 376 376 376 376 376 376 376 376 376 376 376 376 376 376 376 376 376 376 376 376 376 376 376 376 376 376 376 376 376 376 376 532 532 532 532 532 531 531 531 531 531 531 531 531 530 530 530 530 530 530 530 530 529 529 529 529 529 529 529 528 528 457 457 457 457 457 456 456 456 456 456 456 455 455 455 455 455 455 454 454
376 376 376 376 376 376 376 376 376 376 376 376 376 376 376 376 376 376 376 376 376 376 376 376 376 376 376 376 376 376 376 376 376 376 376 376 376 376 376 376 376 376 376 376 532 532 532 532 531 531 531 531 531 531 531 531 530 530 530 530 530 530 530 530 529 529 529 529 529 529 529 528 528 528 528 457 457 457 456 456 456 456 456 456 456 455 455 455 455 455 455 454 454 454
376 376 376 376 376 376 376 376 376 376 376 376 376 376 376 376 376 376 376 376 376 376 376 376 376 376 376 376 376 376 376 376 376 376 376 376 376 376 376 376 376 376 376 532 532 532 531 531 531 531 531 531 531 531 530 530 530 530 530 530 530 530 529 529 529 529 529 529 529 529 528 528 528 528 528 457 456 456 456 456 456 456 456 455 455 455 455 455 455 454 454 454 454 454
462 462 376 376 376 376 376 376 376 376 376 376 376 376 376 376 376 376 376 376 376 376 376 376 376 376 376 376 376 376 376 376 376 376 376 376 376 376 376 376 376 532 532 532 531 531 531 531 531 531 531 531 531 530 530 530 530 530 530 530 529 529 529 529 529 529 529 529 528 528 528 528 528 528 528 456 456 456 456 456 456 455 455 455 455 455 455 455 454 454 454 454 454 453
461 461 461 376 376 376 376 376 376 376 376 376 376 376 376 376 376 376 376 376 376 376 376 376 376 376 376 376 376 376 376 376 376 376 376 376 376 376 376 376 532 532 531 531 531 531 531 531 531 531 531 530 530 530 530 530 530 530 530 529 529 529 529 529 529 529 528 528 528 528 528 528 528 527 456 456 456 456 456 456 455 455 455 455 455 455 454 454 454 454 454 454 453 453
461 461 461 461 461 376 376 376 376 376 376 376 376 376 376 376 376 376 376 376 376 376 376 376 376 376 376 376 376 376 376 376 376 376 376 376 376 376 532 532 531 531 531 531 531 531 531 531 531 530 530 530 530 530 530 530 530 529 529 529 529 529 529 529 528 528 528 528 528 528 528 527 527 527 456 456 456 456 455 455 455 455 455 455 454 454 454 454 454 454 453 453 453 453
461 461 461 461 461 461 461 376 376 376 376 376 376 376 376 376 376 376 376 376 376 376 376 376 376 376 376 376 376 376 376 376 376 376 376 376 376 532 531 531 531 531 531 531 531 531 531 530 530 530 530 530 530 530 530 529 529 529 529 529 529 529 529 528 528 528 528 528 528 528 527 527 527 527 456 456 455 455 455 455 455 455 455 454 454 454 454 454 454 453 453 453 453 453
461 461 461 461 461 460 460 460 376 376 376 376 376 376 376 376 376 376 376 376 376 376 376 376 376 376 376 376 376 376 376 376 376 376 376 376 531 531 531 531 531 531 531 531 531 530 530 530 530 530 530 530 530 529 529 529 529 529 529 529 529 528 528 528 528 528 528 528 527 527 527 527 527 527 456 455 455 455 455 455 455 454 454 454 454 454 454 453 453 453 453 453 453 452
461 461 460 460 460 460 460 460 460 460 376 376 376 376 376 376 376 376 376 376 376 376 376 376 376 376 376 376 376 376 376 376 376 376 531 531 531 531 531 531 531 531 531 530 530 530 530 530 530 530 530 529 529 529 529 529 529 529 529 528 528 528 528 528 528 528 527 527 527 527 527 527 527 455 455 455 455 455 455 454 454 454 454 454 454 453 453 453 453 453 453 452 452 452
460 460 460 460 460 460 460 460 460 460 460 376 376 376 376 376 376 376 376 376 376 376 376 376 376 376 376 376 376 376 376 376 376 531 531 531 531 531 531 531 531 530 530 530 530 530 530 530 530 529 529 529 529 529 529 529 529 528 528 528 528 528 528 528 527 527 527 527 527 527 527 526 526 455 455 455 455 455 454 454 454 454 454 454 453 453 453 453 453 452 452 452 452 452
460 460 460 460 460 460 460 460 460 459 459 459 376 376 376 376 376 376 376 376 376 376 376 376 376 376 376 376 376 376 376 376 531 531 531 531 531 531 531 530 530 530 530 530 530 530 530 529 529 529 529 529 529 529 529 528 528 528 528 528 528 528 527 527 527 527 527 527 527 526 526 526 526 455 455 455 454 454 454 454 454 454 453 453 453 453 453 453 452 452 452 452 452 451
460 460 460 460 460 460 459 459 459 459 459 459 459 459 376 376 376 376 376 376 376 376 376 376 376 376 376 376 376 376 531 531 531 531 531 531 530 530 530 530 530 530 530 530 530 529 529 529 529 529 529 529 529 528 528 528 528 528 528 528 528 527 527 527 527 527 527 527 526 526 526 526 455 455 454 454 454 454 454 454 453 453 453 453 453 453 452 452 452 452 452 452 451 451
460 460 460 459 459 459 459 459 459 459 459 459 459 459 459 376 376 376 376 376 376 376 376 376 376 376 376 376 376 531 531 531 531 531 530 530 530 530 530 530 530 530 530 529 529 529 529 529 529 529 529 528 528 528 528 528 528 528 528 527 527 527 527 527 527 527 526 526 526 526 526 526 454 454 454 454 454 454 454 453 453 453 453 453 452 452 452 452 452 452 451 451 451 451
460 459 459 459 459 459 459 459 459 459 459 459 458 458 458 458 458 376 376 376 376 376 376 376 376 376 376 376 531 531 531 531 530 530 530 530 530 530 530 530 530 529 529 529 529 529 529 529 529 528 528 528 528 528 528 528 528 527 527 527 527 527 527 527 526 526 526 526 526 526 526 525 454 454 454 454 454 453 453 453 453 453 453 452 452 452 452 452 451 451 451 451 451 451
459 459 459 459 459 459 459 459 459 459 458 458 458 458 458 458 458 458 376 376 376 376 376 376 376 376 531 531 531 531 530 530 530 530 530 530 530 530 530 529 529 529 529 529 529 529 529 528 528 528 528 528 528 528 528 527 527 527 527 527 527 527 526 526 526 526 526 526 526 525 525 525 454 454 454 453 453 453 453 453 453 452 452 452 452 452 452 451 451 451 451 451 450 450
459 459 459 459 459 459 459 458 458 458 458 458 458 458 458 458 458 458 457 457 376 376 376 376 376 531 531 530 530 530 530 530 530 530 530 530 530 529 529 529 529 529 529 529 529 528 528 528 528 528 528 528 528 527 527 527 527 527 527 527 526 526 526 526 526 526 526 525 525 525 525 454 454 453 453 453 453 453 453 452 452 452 452 452 452 451 451 451 451 451 450 450 450 450
459 459 459 459 458 458 458 458 458 458 458 458 458 458 458 457 457 457 457 457 457 376 376 376 531 530 530 530 530 530 530 530 530 530 529 529 529 529 529 529 529 529 529 528 528 528 528 528 528 528 528 527 527 527 527 527 527 527 526 526 526 526 526 526 526 525 525 525 525 525 525 453 453 453 453 453 453 452 452 452 452 452 452 451 451 451 451 451 451 450 450 450 450 450
459 458 458 458 458 458 458 458 458 458 458 458 458 457 457 457 457 457 457 457 457 457 376 530 530 530 530 530 530 530 530 530 529 529 529 529 529 529 529 529 529 528 528 528 528 528 528 528 528 527 527 527 527 527 527 527 526 526 526 526 526 526 526 525 525 525 525 525 525 525 524 453 453 453 453 453 452 452 452 452 452 451 451 451 451 451 451 450 450 450 450 450 449 449
387 458 458 458 458 458 458 458 458 458 457 457 457 457 457 457 457 457 457 457 457 646 646 646 530 530 530 530 530 530 529 529 529 529 529 529 529 529 528 528 528 528 528 528 528 528 527 527 527 527 527 527 527 527 526 526 526 526 526 526 526 525 525 525 525 525 525 525 524 524 453 453 453 453 452 452 452 452 452 452 451 451 451 451 451 450 450 450 450 450 449 449 449 449
387 458 458 458 458 458 458 457 457 457 457 457 457 457 457 457 457 457 456 456 646 646 646 646 646 530 530 529 529 529 529 529 529 529 529 529 528 528 528 528 528 528 528 528 527 527 527 527 527 527 527 527 526 526 526 526 526 526 526 525 525 525 525 525 525 525 524 524 524 524 453 453 452 452 452 452 452 452 451 451 451 451 451 450 450 450 450 450 450 449 449 449 449 449
387 458 458 458 458 457 457 457 457 457 457 457 457 457 457 456 456 456 456 646 646 646 646 646 646 645 529 529 529 529 529 529 529 529 528 528 528 528 528 528 528 528 527 527 527 527 527 527 527 527 526 526 526 526 526 526 526 525 525 525 525 525 525 525 524 524 524 524 524 524 452 452 452 452 452 452 451 451 451 451 451 451 450 450 450 450 450 449 449 449 449 449 448 448
387 387 457 457 457 457 457 457 457 457 457 457 457 456 456 456 456 456 646 646 646 646 645 645 645 645 645 645 529 529 529 529 528 528 528 528 528 528 528 528 527 527 527 527 527 527 527 527 526 526 526 526 526 526 526 525 525 525 525 525 525 525 524 524 524 524 524 524 523 452 452 452 452 452 451 451 451 451 451 451 450 450 450 450 450 449 449 449 449 449 448 448 448 448
386 386 457 457 457 457 457 457 457 457 456 456 456 456 456 456 456 646 646 646 645 645 645 645 645 645 645 645 645 528 528 528 528 528 528 528 528 528 527 527 527 527 527 527 527 527 526 526 526 526 526 526 526 525 525 525 525 525 525 525 524 524 524 524 524 524 523 523 523 452 452 452 451 451 451 451 451 451 450 450 450 450 450 449 449 449 449 449 448 448 448 448 448 447
386 386 457 457 457 457 457 456 456 456 456 456 456 456 456 646 646 645 645 645 645 645 645 645 645 645 645 644 644 644 528 528 528 528 528 527 527 527 527 527 527 527 527 526 526 526 526 526 526 526 526 525 525 525 525 525 525 525 524 524 524 524 524 524 523 523 523 523 523 452 451 451 451 451 451 451 450 450 450 450 450 450 449 449 449 449 449 448 448 448 448 447 447 447
386 386 457 457 456 456 456 456 456 456 456 456 456 456 646 645 645 645 645 645 645 645 645 645 644 644 644 644 644 644 644 644 528 527 527 527 527 527 527 527 527 526 526 526 526 526 526 526 526 525 525 525 525 525 525 525 524 524 524 524 524 524 523 523 523 523 523 523 522 451 451 451 451 451 450 450 450 450 450 450 449 449 449 449 449 448 448 448 448 448 447 447 447 447
386 385 385 456 456 456 456 456 456 456 456 456 456 645 645 645 645 645 645 645 645 645 644 644 644 644 644 644 644 644 644 643 643 527 527 527 527 527 527 526 526 526 526 526 526 526 525 525 525 525 525 525 525 525 524 524 524 524 524 524 523 523 523 523 523 523 522 522 451 451 451 451 450 450 450 450 450 450 449 449 449 449 449 448 448 448 448 448 447 447 447 447 447 446
385 385 385 456 456 456 456 456 456 455 455 455 645 645 645 645 645 645 645 644 644 644 644 644 644 644 644 644 643 643 643 643 643 643 527 527 526 526 526 526 526 526 526 526 525 525 525 525 525 525 525 524 524 524 524 524 524 524 523 523 523 523 523 523 522 522 522 522 451 451 450 450 450 450 450 450 449 449 449 449 449 448 448 448 448 448 447 447 447 447 447 446 446 446
385 385 385 456 456 456 455 455 455 455 455 645 645 645 645 645 644 644 644 644 644 644 644 644 644 644 643 643 643 643 643 643 643 643 642 642 526 526 526 526 526 526 525 525 525 525 525 525 525 524 524 524 524 524 524 524 523 523 523 523 523 523 522 522 522 522 522 522 450 450 450 450 450 450 449 449 449 449 449 448 448 448 448 448 447 447 447 447 447 446 446 446 446 445
385 385 385 385 455 455 455 455 455 455 645 645 645 645 644 644 644 644 644 644 644 644 644 643 643 643 643 643 643 643 643 643 642 642 642 642 642 526 526 526 525 525 525 525 525 525 525 524 524 524 524 524 524 524 523 523 523 523 523 523 522 522 522 522 522 522 521 450 450 450 450 450 449 449 449 449 449 448 448 448 448 448 447 447 447 447 447 446 446 446 446 446 445 445
385 384 384 384 455 455 455 455 455 645 645 644 644 644 644 644 644 644 644 644 643 643 643 643 643 643 643 643 643 642 642 642 642 642 642 642 642 641 525 525 525 525 525 525 525 524 524 524 524 524 524 524 523 523 523 523 523 523 522 522 522 522 522 522 521 521 521 450 450 450 449 449 449 449 449 448 448 448 448 448 447 447 447 447 447 446 446 446 446 446 445 445 445 445
384 384 384 384 455 455 455 645 644 644 644 644 644 644 644 644 644 644 643 643 643 643 643 643 643 643 643 642 642 642 642 642 642 642 642 641 641 641 641 525 525 525 524 524 524 524 524 524 524 523 523 523 523 523 523 523 522 522 522 522 522 522 521 521 521 521 521 450 449 449 449 449 449 448 448 448 448 448 448 447 447 447 447 446 446 446 446 446 445 445 445 445 444 444
384 384 384 384 384 454 644 644 644 644 644 644 644 644 644 643 643 643 643 643 643 643 643 643 642 642 642 642 642 642 642 642 641 641 641 641 641 641 641 641 640 524 524 524 524 524 524 523 523 523 523 523 523 523 522 522 522 522 522 522 521 521 521 521 521 521 449 449 449 449 449 448 448 448 448 448 448 447 447 447 447 446 446 446 446 446 445 445 445 445 444 444 444 444
