testData/tiles/oneDegreeCosts/grid32.0-30.0-33.0-31.0.asc
ncols   200
nrows   200
xllcorner   32.0
yllcorner   30.0
cellsize   0.005
NODATA_value   -9999.0
[rows 84 to 125 of 200, columns 94 to 187 of 200]
160 160 160 160 160 160 161 161 161 161 161 161 161 161 161 162 162 162 162 162 162 241 241 241 241 241 241 241 372 372 372 372 373 372 372 372 372 372 372 372 372 372 372 372 372 372 372 372 372 372 373 373 373 373 373 373 373 373 373 373 373 373 373 373 373 373 373 373 373 373 374 374 374 374 374 374 374 374 374 374 374 374 374 374 374 374 374 374 335 335 335 335 335 336
160 160 160 160 160 160 160 160 160 160 160 160 160 160 161 161 161 161 161 161 161 240 240 240 240 240 240 240 371 371 371 372 372 372 372 372 372 372 372 372 372 372 372 372 372 372 372 372 372 373 373 373 373 373 373 373 373 373 373 373 373 373 373 373 373 373 373 373 373 374 374 374 374 374 374 374 374 374 374 374 374 374 374 374 374 374 374 335 335 335 335 336 336 336
160 160 160 160 160 160 160 160 160 160 160 160 160 161 161 161 161 161 161 161 161 240 240 240 240 240 240 371 371 371 372 372 372 372 372 372 372 372 372 372 372 372 372 372 372 372 372 372 373 373 373 373 373 373 373 373 373 373 373 373 373 373 373 373 373 373 373 374 374 374 374 374 374 374 374 374 374 374 374 374 374 374 374 374 374 374 335 335 335 336 336 336 336 336
160 160 160 160 160 160 160 160 160 160 160 160 161 161 161 161 161 161 161 161 161 240 240 240 240 240 240 371 371 372 372 372 372 372 372 372 372 372 372 372 372 372 372 372 372 372 373 373 373 373 373 373 373 373 373 373 373 373 373 373 373 373 373 373 373 373 374 374 374 374 374 374 374 374 374 374 374 374 374 374 374 374 374 374 374 374 335 336 336 336 336 336 336 336
160 160 160 160 160 160 160 160 160 160 160 161 161 161 161 161 161 161 161 161 161 240 240 240 240 240 240 372 372 372 372 372 372 372 372 372 372 372 372 372 372 372 372 372 372 373 373 373 373 373 373 373 373 373 373 373 373 373 373 373 373 373 373 373 374 374 374 374 374 374 374 374 374 374 374 374 374 374 374 374 374 374 374 374 374 336 336 336 336 336 336 336 336 336
160 160 160 160 160 160 160 160 160 160 161 161 161 161 161 161 161 161 161 161 161 240 240 240 240 240 241 372 372 372 372 372 372 372 372 372 372 372 372 372 372 372 372 372 373 373 373 373 373 373 373 373 373 373 373 373 373 373 373 373 373 373 373 374 374 374 374 374 374 374 374 374 374 374 374 374 374 374 374 374 374 374 374 374 336 336 336 336 336 336 336 336 336 336
160 160 160 160 160 160 160 160 160 161 161 161 161 161 161 161 161 161 161 161 161 240 240 240 240 241 241 372 372 372 372 372 372 372 372 372 372 372 372 372 372 372 372 373 373 373 373 373 373 373 373 373 373 373 373 373 373 373 373 373 373 374 374 374 374 374 374 374 374 374 374 374 374 374 374 374 374 374 374 374 374 374 375 336 336 336 336 336 336 336 336 336 336 336
160 160 160 160 160 160 160 160 161 161 161 161 161 161 161 161 161 161 161 161 161 240 240 240 241 241 372 372 372 372 372 372 372 372 372 372 372 372 372 372 372 372 373 373 373 373 373 373 373 373 373 373 373 373 373 373 373 373 373 373 374 374 374 374 374 374 374 374 374 374 374 374 374 374 374 374 374 374 374 374 374 375 336 336 336 336 336 336 336 336 336 336 336 336
160 160 160 160 160 160 160 161 161 161 161 161 161 161 161 161 161 161 161 161 161 240 240 241 241 241 372 372 372 372 372 372 372 372 372 372 372 372 372 372 373 373 373 373 373 373 373 373 373 373 373 373 373 373 373 373 373 373 373 374 374 374 374 374 374 374 374 374 374 374 374 374 374 374 374 374 374 374 374 375 375 336 336 336 336 336 336 336 336 336 336 336 336 336
160 160 160 160 160 160 161 161 161 161 161 161 161 161 161 161 161 161 161 161 161 240 241 241 241 241 372 372 372 372 372 372 372 372 372 372 372 372 372 373 373 373 373 373 373 373 373 373 373 373 373 373 373 373 373 373 373 374 374 374 374 374 374 374 374 374 374 374 374 374 374 374 374 374 374 374 374 375 375 375 336 336 336 336 336 336 336 336 336 336 336 336 336 336
160 160 160 160 160 161 161 161 161 161 161 161 161 161 161 161 161 161 161 161 161 241 241 241 241 241 372 372 372 372 372 372 372 372 372 372 372 372 373 373 373 373 373 373 373 373 373 373 373 373 373 373 373 373 373 373 374 374 374 374 374 374 374 374 374 374 374 374 374 374 374 374 374 374 374 374 375 375 375 336 336 336 336 336 336 336 336 336 336 336 336 336 336 336
160 160 160 160 161 161 161 161 161 161 161 161 161 161 161 161 161 161 161 161 162 162 241 241 241 241 372 372 372 372 372 372 372 372 372 372 372 373 373 373 373 373 373 373 373 373 373 373 373 373 373 373 373 373 373 374 374 374 374 374 374 374 374 374 374 374 374 374 374 374 374 374 374 374 375 375 375 375 336 336 336 336 336 336 336 336 336 336 336 336 336 336 336 336
160 160 160 161 161 161 161 161 161 161 161 161 161 161 161 161 161 161 161 162 162 162 241 241 241 241 372 372 372 372 372 372 372 372 372 372 373 373 373 373 373 373 373 373 373 373 373 373 373 373 373 373 373 373 374 374 374 374 374 374 374 374 374 374 374 374 374 374 374 374 374 374 374 375 375 375 375 336 336 336 336 336 336 336 336 336 336 336 336 336 336 336 336 336
160 160 161 161 161 161 161 161 161 161 161 161 161 161 161 161 161 161 162 162 162 162 241 241 241 241 372 372 372 372 372 372 372 372 372 373 373 373 373 373 373 373 373 373 373 373 373 373 373 373 373 373 374 374 374 374 374 374 374 374 374 374 374 374 374 374 374 374 374 374 374 374 375 375 375 375 336 336 336 336 336 336 336 336 336 336 336 336 336 336 336 336 336 337
160 160 161 161 161 161 161 161 161 161 161 161 161 161 161 161 161 162 162 162 162 162 241 241 241 372 372 372 372 372 372 372 372 372 373 373 373 373 373 373 373 373 373 373 373 373 373 373 373 373 373 374 374 374 374 374 374 374 374 374 374 374 374 374 374 374 374 374 374 374 375 375 375 375 375 336 336 336 336 336 336 336 336 336 336 336 336 336 336 336 336 337 337 337
160 161 161 161 161 161 161 161 161 161 161 161 161 161 161 161 162 162 162 162 162 162 241 241 241 372 372 372 372 372 372 372 372 373 373 373 373 373 373 373 373 373 373 373 373 373 373 373 373 373 374 374 374 374 374 374 374 374 374 374 374 374 374 374 374 374 374 374 374 375 375 375 375 375 336 336 336 336 336 336 336 336 336 336 336 336 336 336 336 336 337 337 337 337
161 161 161 161 161 161 161 161 161 161 161 161 161 161 161 162 162 162 162 162 162 162 241 241 241 372 372 372 372 372 372 372 373 373 373 373 373 373 373 373 373 373 373 373 373 373 373 373 373 374 374 374 374 374 374 374 374 374 374 374 374 374 374 374 374 374 374 375 375 375 375 375 375 336 336 336 336 336 336 336 336 336 336 336 336 336 336 336 337 337 337 337 337 337
161 161 161 161 161 161 161 161 161 161 161 161 161 161 162 162 162 162 162 162 162 162 241 241 241 372 372 372 372 372 372 373 373 373 373 373 373 373 373 373 373 373 373 373 373 373 373 373 374 374 374 374 374 374 374 374 374 374 374 374 374 374 374 374 374 374 375 375 375 375 375 375 336 336 336 336 336 336 336 336 336 336 336 336 336 336 337 337 337 337 337 337 337 337
161 161 161 161 161 161 161 161 161 161 161 161 161 162 162 162 162 162 162 162 162 162 162 241 241 372 372 372 372 372 373 373 373 373 373 373 373 373 373 373 373 373 373 373 373 373 374 374 374 374 374 374 374 374 374 374 374 374 374 374 374 374 374 374 374 375 375 375 375 375 375 336 336 336 336 336 336 336 336 336 336 336 336 336 336 337 337 337 337 337 337 337 337 337
161 161 161 161 161 161 161 161 161 161 161 161 161 162 162 162 162 162 162 162 162 162 162 241 241 372 372 372 372 373 373 373 373 373 373 373 373 373 373 373 373 373 373 373 373 374 374 374 374 374 374 374 374 374 374 374 374 374 374 374 374 374 374 375 375 375 375 375 375 375 336 336 336 336 336 336 336 336 336 336 336 336 336 337 337 337 337 337 337 337 337 337 337 337
161 161 161 161 161 161 161 161 161 161 161 161 162 162 162 162 162 162 162 162 162 162 162 241 241 372 372 372 373 373 373 373 373 373 373 373 373 373 373 373 373 373 373 373 374 374 374 374 374 374 374 374 374 374 374 374 374 374 374 374 374 374 375 375 375 375 375 375 336 336 336 336 336 336 336 336 336 336 336 336 336 336 337 337 337 337 337 337 337 337 337 337 337 337
161 161 161 161 161 161 161 161 161 161 161 162 162 162 162 162 162 162 162 162 162 162 162 241 372 372 372 373 373 373 373 373 373 373 373 373 373 373 373 373 373 373 373 374 374 374 374 374 374 374 374 374 374 374 374 374 374 374 374 374 374 375 375 375 375 375 375 336 336 336 336 336 336 336 336 336 336 336 336 336 337 337 337 337 337 337 337 337 337 337 337 337 337 337
161 161 161 161 161 161 161 161 161 161 162 162 162 162 162 162 162 162 162 162 162 162 162 241 372 372 373 373 373 373 373 373 373 373 373 373 373 373 373 373 373 373 374 374 374 374 374 374 374 374 374 374 374 374 374 374 374 374 374 374 375 375 375 375 375 375 336 336 336 336 336 336 336 336 336 336 336 336 336 337 337 337 337 337 337 337 337 337 337 337 337 337 337 337
161 161 161 161 161 161 161 161 161 162 162 162 162 162 162 162 162 162 162 162 162 162 162 241 372 373 373 373 373 373 373 373 373 373 373 373 373 373 373 373 373 374 374 374 374 374 374 374 374 374 374 374 374 374 374 374 374 374 375 375 375 375 375 375 375 336 336 336 336 336 336 336 336 336 336 336 336 337 337 337 337 337 337 337 337 337 337 337 337 337 337 337 337 337
161 161 161 161 161 161 161 161 162 162 162 162 162 162 162 162 162 162 162 162 162 162 162 241 373 373 373 373 373 373 373 373 373 373 373 373 373 373 373 373 374 374 374 374 374 374 374 374 374 374 374 374 374 374 374 374 374 375 375 375 375 375 375 336 336 336 336 336 336 336 336 336 336 336 336 336 337 337 337 337 337 337 337 337 337 337 337 337 337 337 337 337 337 337
161 161 161 161 161 161 161 162 162 162 162 162 162 162 162 162 162 162 162 162 162 162 162 163 373 373 373 373 373 373 373 373 373 373 373 373 373 373 373 374 374 374 374 374 374 374 374 374 374 374 374 374 374 374 374 374 375 375 375 375 375 375 336 336 336 336 336 336 336 336 336 336 336 336 336 337 337 337 337 337 337 337 337 337 337 337 337 337 337 337 337 337 337 337
161 161 161 161 161 161 162 162 162 162 162 162 162 162 162 162 162 162 162 162 162 162 163 163 373 373 373 373 373 373 373 373 373 373 373 373 373 373 374 374 374 374 374 374 374 374 374 374 374 374 374 374 374 374 374 375 375 375 375 375 336 336 336 336 336 336 336 336 336 336 336 336 336 337 337 337 337 337 337 337 337 337 337 337 337 337 337 337 337 337 337 337 337 337
161 161 161 161 161 161 162 162 162 162 162 162 162 162 162 162 162 162 162 162 162 163 163 163 373 373 373 373 373 373 373 373 373 373 373 373 373 374 374 374 374 374 374 374 374 374 374 374 374 374 374 374 374 374 375 375 375 375 375 336 336 336 336 336 336 336 336 336 336 336 336 336 337 337 337 337 337 337 337 337 337 337 337 337 337 337 337 337 337 337 337 337 338 338
161 161 161 161 161 162 162 162 162 162 162 162 162 162 162 162 162 162 162 162 163 163 163 163 373 373 373 373 373 373 373 373 373 373 373 373 374 374 374 374 374 374 374 374 374 374 374 374 374 374 374 374 374 375 375 375 375 336 336 336 336 336 336 336 336 336 336 336 336 336 336 337 337 337 337 337 337 337 337 337 337 337 337 337 337 337 337 337 337 337 337 338 338 351
161 161 161 161 162 162 162 162 162 162 162 162 162 162 162 162 162 162 162 163 163 163 163 294 373 373 373 373 373 373 373 373 373 373 373 374 374 374 374 374 374 374 374 374 374 374 374 374 374 374 374 375 375 375 375 375 336 336 336 336 336 336 336 336 336 336 336 336 336 337 337 337 337 337 337 337 337 337 337 337 337 337 337 337 337 337 337 337 337 338 338 338 338 352
161 161 161 162 162 162 162 162 162 162 162 162 162 162 162 162 162 162 163 163 163 163 163 294 373 373 373 373 373 373 373 373 373 373 374 374 374 374 374 374 374 374 374 374 374 374 374 374 374 374 375 375 375 375 336 336 336 336 336 336 336 336 336 336 336 336 336 336 337 337 337 337 337 337 337 337 337 337 337 337 337 337 337 337 337 337 337 337 338 338 338 338 338 355
161 161 162 162 162 162 162 162 162 162 162 162 162 162 162 162 162 163 163 163 163 163 163 294 294 373 373 373 373 373 373 373 373 374 374 374 374 374 374 374 374 374 374 374 374 374 374 374 374 375 375 375 336 336 336 336 336 336 336 336 336 336 336 336 336 336 336 337 337 337 337 337 337 337 337 337 337 337 337 337 337 337 337 337 337 337 338 338 338 338 338 338 351 358
161 161 162 162 162 162 162 162 162 162 162 162 162 162 162 162 162 163 163 163 163 163 163 294 294 373 373 373 373 373 373 373 374 374 374 374 374 374 374 374 374 374 374 374 374 374 374 374 375 375 375 336 336 336 336 336 336 336 336 336 336 336 336 336 336 336 337 337 337 337 337 337 337 337 337 337 337 337 337 337 337 337 337 337 337 338 338 338 338 338 338 338 351 360
161 162 162 162 162 162 162 162 162 162 162 162 162 162 162 162 163 163 163 163 163 163 163 294 294 373 373 373 373 373 373 374 374 374 374 374 374 374 374 374 374 374 374 374 374 374 374 375 375 336 336 336 336 336 336 336 336 336 336 336 336 336 336 336 337 337 337 337 337 337 337 337 337 337 337 337 337 337 337 337 337 337 337 338 338 338 338 338 338 338 338 338 353 362
162 162 162 162 162 162 162 162 162 162 162 162 162 162 162 163 163 163 163 163 163 163 163 294 294 373 373 373 373 373 374 374 374 374 374 374 374 374 374 374 374 374 374 374 374 374 375 336 336 336 336 336 336 336 336 336 336 336 336 336 336 336 336 337 337 337 337 337 337 337 337 337 337 337 337 337 337 337 337 337 337 337 338 338 338 338 338 338 338 338 338 338 356 364
162 162 162 162 162 162 162 162 162 162 162 162 162 162 163 163 163 163 163 163 163 163 163 294 294 373 373 373 373 374 374 374 374 374 374 374 374 374 374 374 374 374 374 374 374 336 336 336 336 336 336 336 336 336 336 336 336 336 336 336 336 336 337 337 337 337 337 337 337 337 337 337 337 337 337 337 337 337 337 337 338 338 338 338 338 338 338 338 338 338 338 351 358 366
162 162 162 162 162 162 162 162 162 162 162 162 162 163 163 163 163 163 163 163 163 163 163 294 294 294 373 373 374 374 374 374 374 374 374 374 374 374 374 374 374 374 374 336 336 336 336 336 336 336 336 336 336 336 336 336 336 336 336 336 336 337 337 337 337 337 337 337 337 337 337 337 337 337 337 337 337 337 337 338 338 338 338 338 338 338 338 338 338 338 338 351 361 368
162 162 162 162 162 162 162 162 162 162 162 162 163 163 163 163 163 163 163 163 163 163 163 294 294 294 373 374 374 374 374 374 374 374 374 374 374 374 374 374 374 335 335 336 336 336 336 336 336 336 336 336 336 336 336 336 336 336 336 336 337 337 337 337 337 337 337 337 337 337 337 337 337 337 337 337 337 337 338 338 338 338 338 338 338 338 338 338 338 338 338 354 363 369
162 162 162 162 162 162 162 162 162 162 162 162 163 163 163 163 163 163 163 163 163 163 163 294 294 294 373 374 374 374 374 374 374 374 374 374 374 374 335 335 335 335 336 336 336 336 336 336 336 336 336 336 336 336 336 336 336 336 336 337 337 337 337 337 337 337 337 337 337 337 337 337 337 337 337 337 338 338 338 338 338 338 338 338 338 338 338 338 338 338 338 357 364 371
162 162 162 162 162 162 162 162 162 162 162 163 163 163 163 163 163 163 163 163 163 163 163 294 294 294 374 374 374 374 374 374 374 374 374 374 335 335 335 335 335 336 336 336 336 336 336 336 336 336 336 336 336 336 336 336 336 336 337 337 337 337 337 337 337 337 337 337 337 337 337 337 337 337 337 338 338 338 338 338 338 338 338 338 338 338 338 338 338 338 351 359 366 372
162 162 162 162 162 162 162 162 162 162 163 163 163 163 163 163 163 163 163 163 163 163 294 294 294 295 374 374 374 374 374 374 374 374 335 335 335 335 335 335 336 336 336 336 336 336 336 336 336 336 336 336 336 336 336 336 336 337 337 337 337 337 337 337 337 337 337 337 337 337 337 337 337 337 338 338 338 338 338 338 338 338 338 338 338 338 338 338 338 338 351 361 368 374
162 162 162 162 162 162 162 162 162 163 163 163 163 163 163 163 163 163 163 163 163 163 294 294 295 295 295 374 374 374 374 335 335 335 335 335 335 335 335 336 336 336 336 336 336 336 336 336 336 336 336 336 336 336 336 336 337 337 337 337 337 337 337 337 337 337 337 337 337 337 337 337 337 338 338 338 338 338 338 338 338 338 338 338 338 338 338 338 338 338 354 363 370 375
