testData/tiles/oneDegreeCosts/grid2.0-8.0-3.0-9.0.asc
ncols   200
nrows   200
xllcorner   2.0
yllcorner   8.0
cellsize   0.005
NODATA_value   -9999.0
[rows 42 to 83 of 200, columns 0 to 93 of 200]
459 459 457 457 456 456 456 455 455 453 453 452 452 451 451 449 448 448 447 447 445 445 444 443 443 441 441 440 439 439 437 436 435 435 433 432 432 431 429 428 427 426 427 425 424 424 422 421 421 420 417 416 416 415 412 412 410 407 405 404 401 397 389 390 389 389 390 390 389 389 390 389 389 389 389 389 389 388 389 389 388 388 388 388 388 388 387 388 388 387 387 387 387 387
458 458 457 457 456 455 454 454 453 453 452 451 450 450 449 449 448 447 446 446 445 444 443 442 442 441 440 439 438 437 437 436 434 434 433 432 430 429 429 428 426 425 425 424 423 421 421 420 418 418 417 416 413 413 412 410 408 406 404 401 399 395 389 388 389 389 388 389 389 388 388 389 389 388 388 389 388 388 388 388 388 388 387 387 388 387 387 387 387 387 387 386 386 387
458 456 456 456 455 455 454 454 452 452 451 451 450 450 448 448 447 446 446 445 444 443 443 442 441 440 439 438 438 437 435 435 434 433 431 431 430 429 427 427 426 425 423 423 422 421 420 419 418 417 415 414 413 412 410 408 407 406 403 400 397 391 388 388 387 388 388 388 388 388 388 387 388 388 387 387 388 387 387 387 386 387 387 386 386 387 386 386 386 385 386 386 385 385
457 456 456 455 454 453 453 452 452 451 451 449 449 448 448 447 447 445 445 444 443 443 441 441 440 439 439 437 436 436 435 434 433 432 431 430 429 428 427 426 424 423 423 422 421 420 419 419 416 415 414 414 411 410 409 408 405 403 402 398 394 387 388 387 387 387 387 387 387 387 387 387 387 387 387 387 386 386 387 386 386 386 386 386 386 385 386 386 385 385 385 385 385 385
456 455 455 454 454 453 453 451 451 450 450 449 449 448 447 446 445 445 444 443 442 442 441 440 439 438 437 437 436 434 434 433 432 432 430 429 428 427 426 425 424 423 421 420 419 419 417 416 416 415 413 411 411 409 407 406 404 402 399 397 392 386 386 387 387 386 386 387 386 386 387 386 386 386 385 386 386 386 385 386 386 385 385 386 385 385 385 384 385 385 384 384 384 384
455 455 454 454 452 452 451 451 450 450 448 448 447 447 446 446 444 444 443 443 442 441 440 439 438 438 437 436 435 434 433 433 431 430 430 429 427 426 425 424 423 422 421 420 418 418 417 416 413 413 412 411 408 408 406 404 402 400 398 393 389 386 386 385 386 386 385 385 386 386 385 385 386 385 385 385 385 385 385 384 385 385 384 384 384 384 384 384 383 384 384 383 383 383
454 454 453 453 452 452 451 450 449 449 448 448 447 446 445 445 444 443 443 441 441 440 439 439 437 437 436 435 435 433 432 431 431 430 428 427 427 426 424 423 422 421 419 418 417 416 415 414 413 412 410 409 408 407 404 403 401 399 395 391 385 385 385 385 385 385 385 385 384 385 385 384 384 385 385 384 384 385 384 384 384 384 384 384 383 383 384 383 383 383 382 383 383 382
454 453 453 451 451 450 450 449 449 448 447 446 446 445 445 444 443 442 442 441 440 439 438 438 437 436 436 434 433 433 432 430 429 429 428 427 425 424 424 423 421 420 419 418 416 415 414 414 411 410 409 408 406 404 404 402 399 396 394 388 384 384 385 384 384 384 384 384 384 384 384 384 384 383 384 384 383 383 384 383 383 383 383 383 383 383 382 383 383 382 382 382 382 382
453 452 452 451 451 450 449 448 448 447 447 446 446 444 444 443 442 442 441 440 439 438 438 437 436 435 434 434 433 431 430 430 429 428 426 426 425 424 422 421 420 419 417 416 415 414 412 411 411 410 407 406 405 404 401 400 398 395 390 384 384 383 383 384 384 383 383 384 383 383 383 384 383 383 383 383 383 383 382 383 383 382 382 382 382 382 382 381 381 382 381 381 381 380
452 452 450 450 449 449 448 448 447 446 445 445 444 444 443 442 441 441 440 439 439 437 437 436 435 435 433 432 432 431 430 428 428 427 426 425 423 423 422 421 419 418 417 416 414 413 412 411 408 408 407 405 404 402 400 398 395 392 388 383 383 383 383 382 383 383 383 382 383 383 382 382 383 382 382 382 382 382 382 382 381 382 382 381 381 381 381 381 381 380 380 381 380 380
451 451 450 450 449 449 447 447 446 446 445 445 443 442 442 441 441 440 439 438 437 437 436 436 434 433 433 432 431 429 429 428 427 425 425 424 423 422 420 419 418 417 416 414 413 412 410 409 408 406 405 403 402 401 398 396 393 391 382 382 382 382 382 382 382 382 382 382 381 382 382 382 381 382 382 381 381 381 381 381 381 380 381 381 380 380 380 380 380 380 379 379 380 379
451 450 449 448 448 447 447 446 446 444 444 443 443 442 442 440 439 439 438 438 437 435 435 434 434 433 431 431 430 429 428 427 426 425 424 423 422 421 420 419 417 416 415 414 412 411 410 408 406 405 403 403 400 398 397 395 391 386 382 382 381 381 382 381 381 381 382 381 381 381 381 381 381 380 381 381 381 380 380 381 380 380 380 379 380 380 379 379 379 379 379 379 378 378
449 449 449 448 448 446 446 445 445 444 443 443 441 441 440 440 439 439 437 436 436 435 434 433 432 431 431 430 428 428 427 426 425 424 423 422 421 420 418 417 416 415 413 412 411 410 408 407 405 404 401 400 399 397 394 392 389 381 380 381 381 380 380 381 381 380 380 381 380 380 380 381 380 380 380 379 380 380 379 379 380 380 379 379 379 379 379 379 378 378 379 378 378 378
449 448 447 447 446 446 445 445 443 443 442 442 441 441 440 438 438 437 437 436 434 434 433 432 432 431 429 429 428 427 427 425 424 423 422 421 420 419 418 417 415 414 413 412 410 409 407 406 404 402 401 399 397 395 393 390 385 380 380 380 380 380 380 379 380 380 380 379 380 380 379 379 379 380 379 379 379 379 379 379 378 378 379 378 378 378 377 378 378 377 377 377 377 377
448 447 447 446 445 444 444 443 443 442 442 440 440 439 439 438 437 436 435 435 434 433 433 431 430 430 429 428 427 426 425 424 424 422 421 420 419 418 416 415 414 413 411 410 409 408 406 404 403 401 399 397 395 394 390 387 379 380 379 379 379 379 379 379 379 379 379 379 379 378 379 379 378 378 379 378 378 378 379 378 378 378 377 378 378 377 377 377 377 377 377 376 376 376
447 446 446 445 445 444 444 442 442 441 440 440 439 439 437 437 436 435 435 434 433 432 431 431 430 428 428 427 426 425 424 423 422 421 420 419 418 417 416 415 413 412 411 410 407 406 405 404 401 399 398 396 393 390 388 384 378 378 379 379 378 378 379 378 378 378 378 378 378 378 377 378 378 378 377 378 378 377 377 377 377 377 377 376 376 377 377 376 376 376 376 376 376 375
446 446 445 444 443 443 442 442 441 441 440 439 438 437 437 436 436 434 433 433 432 432 430 429 429 428 427 426 425 424 423 422 422 420 419 418 417 415 414 413 412 411 409 408 407 405 403 402 400 399 396 394 392 389 384 378 378 378 377 378 378 378 377 377 378 377 377 377 378 377 377 377 377 377 377 376 376 377 377 376 376 377 376 376 376 375 376 376 375 375 375 374 375 375
445 444 444 443 443 442 442 440 440 439 439 438 438 436 435 435 434 434 433 431 431 430 429 429 428 426 426 425 424 423 422 421 420 419 418 416 416 415 414 412 411 410 408 407 405 404 402 401 398 397 395 393 389 386 381 377 376 377 377 377 376 377 377 376 376 377 377 376 376 377 376 376 376 377 376 376 376 375 376 376 375 375 375 376 375 375 375 374 375 375 374 374 374 373
445 444 444 442 442 441 441 440 439 439 437 437 436 436 435 434 433 432 432 431 430 430 428 427 427 426 425 424 423 422 421 420 419 418 417 416 415 413 412 411 410 409 407 405 404 403 400 399 397 395 392 390 387 383 376 376 376 376 376 376 376 376 376 376 376 375 376 376 376 375 376 376 375 375 375 376 375 375 375 375 375 375 374 374 375 374 374 374 373 373 374 373 373 373
443 443 442 442 441 441 439 439 438 438 437 436 436 434 434 433 432 432 431 430 429 428 428 427 426 424 424 423 422 421 420 419 418 417 416 414 413 412 411 409 408 407 406 405 402 401 400 398 395 393 391 389 384 379 376 376 375 375 375 376 375 375 375 375 375 375 375 375 375 375 375 375 375 375 374 374 375 374 374 374 374 374 374 374 373 373 374 373 373 373 372 372 373 372
443 442 441 440 440 439 439 438 438 436 436 435 434 434 433 433 431 430 430 429 428 428 426 425 425 424 423 422 421 420 419 418 416 416 415 414 413 411 410 409 408 405 404 403 402 400 398 396 394 392 389 386 381 376 375 375 375 375 374 374 375 375 374 374 375 374 374 374 375 374 374 374 373 374 374 374 373 373 374 373 373 373 373 373 373 372 372 372 373 372 372 372 371 372
441 441 440 440 439 438 437 437 436 436 435 435 433 432 432 431 431 430 429 428 427 426 426 425 423 422 422 421 420 419 418 417 416 415 413 412 411 410 409 407 406 405 403 402 400 398 397 395 392 390 387 383 375 375 375 375 374 374 374 374 373 374 374 373 373 374 374 373 373 373 374 373 373 373 373 373 373 372 372 373 373 372 372 372 372 372 372 371 371 371 371 371 371 370
498 497 439 439 438 437 437 436 436 434 434 433 433 432 431 430 429 429 428 427 427 425 424 423 423 422 421 419 419 418 417 416 414 413 412 411 410 408 407 406 405 403 402 400 399 397 394 393 390 388 384 379 375 375 374 374 374 374 373 373 373 373 373 373 373 372 373 373 373 372 372 373 372 372 372 372 372 372 372 371 371 372 371 371 371 371 371 371 371 370 370 371 370 370
497 496 496 495 495 436 436 435 434 434 433 433 431 431 430 429 429 428 426 426 425 424 424 423 421 420 420 419 418 416 415 415 414 413 411 410 409 408 407 404 403 402 401 398 397 395 393 391 388 385 381 375 374 374 374 374 373 373 373 373 372 372 372 372 372 372 372 371 372 372 372 371 372 372 371 371 371 372 371 371 371 370 371 371 370 370 370 369 370 370 370 369 369 370
495 495 494 494 493 493 492 492 490 432 432 431 431 430 429 428 427 427 426 425 425 423 422 421 421 420 418 417 416 416 415 414 412 411 410 409 407 406 405 404 402 400 399 397 396 394 391 389 386 382 374 374 374 374 373 373 373 373 372 372 372 372 371 371 371 371 371 371 371 371 371 371 370 370 371 371 370 370 370 370 370 370 370 369 370 370 369 369 369 369 369 369 368 368
495 494 494 493 492 491 491 490 490 489 488 487 429 429 428 427 427 426 424 424 423 422 422 420 419 418 417 417 416 414 413 412 411 410 408 407 406 405 404 402 400 399 398 395 393 391 389 387 383 378 374 374 373 373 373 373 372 372 372 372 371 371 371 370 370 370 371 370 370 370 371 370 370 370 369 370 370 370 369 369 370 369 369 369 368 368 369 369 368 368 368 368 368 368
493 493 492 492 491 491 490 489 488 487 487 486 486 485 483 483 425 425 424 423 421 421 420 419 418 418 416 415 414 413 412 411 410 409 408 406 404 403 402 401 399 397 395 394 392 389 387 384 380 374 373 373 373 373 372 372 372 372 371 371 371 371 370 370 370 369 369 370 370 369 369 369 370 369 369 369 368 369 369 368 368 368 369 368 368 368 367 368 368 367 367 367 366 367
493 492 492 490 490 489 489 488 488 487 485 485 484 484 483 482 482 480 479 422 421 420 419 418 417 416 415 414 414 412 411 410 409 408 406 405 404 402 400 399 397 396 394 392 390 387 385 380 373 373 373 373 372 372 372 372 371 371 371 371 370 370 370 370 369 369 369 368 368 369 369 368 368 369 368 368 368 368 368 368 368 367 367 367 367 367 367 367 366 367 367 366 366 366
492 491 490 490 489 489 487 487 486 486 485 484 484 483 481 481 480 479 479 478 476 476 418 417 416 415 414 413 412 411 410 408 407 406 405 404 402 400 399 398 396 394 392 390 388 384 381 376 373 373 372 372 372 372 371 371 371 371 370 370 370 370 369 369 369 368 368 368 368 367 368 368 368 367 367 368 367 367 367 367 367 367 367 366 366 367 366 366 366 365 365 366 366 365
491 491 489 488 488 487 487 486 486 485 483 483 482 482 481 480 480 478 477 476 476 475 474 472 472 471 413 412 410 409 408 407 406 404 403 402 401 399 397 396 394 392 391 388 385 382 377 372 372 372 372 372 371 371 371 371 370 370 370 370 369 369 369 369 368 368 368 367 367 367 367 367 367 367 366 366 367 367 366 366 366 365 366 366 366 365 365 366 365 365 365 364 364 365
490 489 488 488 487 487 485 485 484 483 483 482 482 480 479 479 478 477 477 475 474 473 472 472 471 469 468 467 466 408 407 405 404 403 402 401 399 397 396 394 393 390 388 386 383 378 372 372 372 371 371 371 371 371 370 370 370 370 369 369 369 369 368 368 368 367 367 367 367 366 366 366 366 366 366 366 365 365 366 366 365 365 365 365 365 365 364 364 364 365 364 364 364 363
489 488 487 486 486 485 485 484 484 482 481 481 480 479 479 478 476 476 475 474 473 473 471 470 469 468 467 467 465 464 463 462 403 401 400 399 398 396 394 392 390 388 386 383 379 372 372 371 371 371 371 370 370 370 370 370 369 369 369 369 368 368 368 367 367 367 367 366 366 366 366 365 365 365 366 365 365 365 364 364 365 364 364 364 364 364 364 364 363 363 363 363 363 363
488 487 486 486 485 484 483 483 482 481 481 480 478 478 477 476 476 475 474 472 472 471 470 469 468 467 466 465 464 463 461 460 459 457 456 397 396 394 392 391 388 386 383 380 375 371 371 371 371 370 370 370 370 370 369 369 369 369 368 368 368 368 367 367 367 366 366 366 366 365 365 365 365 364 364 364 364 364 364 364 363 364 364 363 363 363 362 363 363 363 362 362 362 362
486 485 485 484 484 483 483 482 480 480 479 478 478 477 476 475 474 473 473 472 471 470 468 468 467 466 465 463 462 461 460 459 458 455 454 453 451 450 390 388 386 384 380 374 371 371 371 370 370 370 370 369 369 369 369 369 368 368 368 368 367 367 367 366 366 366 366 365 365 365 365 364 364 364 364 363 363 363 363 363 363 363 362 363 363 362 362 362 361 362 362 361 361 361
485 485 484 484 482 482 481 480 480 479 479 478 476 476 475 474 473 473 471 470 469 468 468 467 465 464 463 462 461 460 458 457 456 454 453 451 449 447 446 443 440 380 376 371 371 370 370 370 370 369 369 369 369 368 368 368 368 368 367 367 367 367 366 366 366 365 365 365 365 364 364 364 364 363 363 363 362 362 362 363 362 362 362 361 361 362 362 361 361 361 360 361 361 360
484 483 483 482 482 481 480 480 478 478 477 476 476 475 474 472 472 471 470 469 469 467 466 465 464 463 462 460 459 458 457 456 453 452 451 449 448 445 443 440 438 433 427 427 370 370 370 369 369 369 369 368 368 368 368 367 367 367 367 367 366 366 366 365 365 365 365 364 364 364 364 363 363 363 363 362 362 362 361 361 361 362 361 361 361 360 360 361 360 360 360 360 359 360
483 483 482 481 480 479 479 478 478 477 476 475 474 473 472 472 471 470 468 468 467 466 465 464 462 461 460 459 458 457 455 454 452 451 449 447 445 443 441 438 433 427 427 427 427 426 426 369 369 368 368 368 368 367 367 367 367 366 366 366 366 365 365 365 365 364 364 364 364 363 363 363 363 362 362 362 361 361 361 361 360 360 360 360 360 360 360 359 359 360 359 359 359 358
482 481 481 480 479 479 478 477 476 475 475 474 473 472 471 470 469 468 468 467 466 464 463 462 461 460 459 457 456 455 454 452 450 449 447 445 443 440 437 434 427 427 426 426 426 426 426 425 425 368 368 367 367 367 367 366 366 366 366 365 365 365 365 364 364 364 364 363 363 363 363 362 362 362 362 361 361 361 360 360 360 360 359 359 359 359 359 359 359 358 358 359 358 358
481 481 479 478 478 477 477 476 475 475 473 472 471 471 470 469 468 467 466 465 464 463 462 460 459 458 457 456 455 453 451 450 449 447 445 442 440 438 434 427 426 426 426 426 425 425 425 425 425 424 424 424 367 366 366 366 366 365 365 365 365 364 364 364 364 363 363 363 363 362 362 362 362 361 361 361 361 360 360 360 359 359 359 359 358 358 358 358 358 358 357 357 357 358
480 479 478 478 477 477 475 474 474 473 472 471 471 470 468 467 467 466 465 464 462 461 460 459 458 457 455 454 453 452 450 449 446 444 443 440 438 434 426 426 426 426 425 425 425 425 424 424 424 424 424 423 423 423 423 365 365 365 365 364 364 364 364 363 363 363 363 362 362 362 362 361 361 361 361 360 360 360 359 359 359 359 358 358 358 357 357 357 357 357 357 357 356 356
479 477 477 476 475 475 474 474 473 472 470 470 469 468 467 467 466 464 463 462 461 460 459 457 456 455 454 453 452 449 448 446 445 443 440 437 434 429 426 425 425 425 425 425 424 424 424 424 424 423 423 423 423 422 422 422 422 364 364 364 364 363 363 363 363 362 362 362 362 361 361 361 361 360 360 360 360 359 359 359 358 358 358 358 357 357 357 356 356 356 355 356 356 356
477 477 476 475 475 473 472 472 471 470 470 469 468 466 466 465 464 463 462 461 459 458 457 456 455 454 452 451 449 448 446 444 442 440 437 434 429 425 425 425 425 425 424 424 424 424 423 423 423 423 423 422 422 422 422 421 421 421 421 420 363 363 363 362 362 362 362 361 361 361 361 360 360 360 360 359 359 359 358 358 358 358 357 357 357 356 356 356 356 355 355 355 354 354
