testData/tiles/oneDegreeCosts/grid10.0-1.0-11.0-2.0.asc
ncols   200
nrows   200
xllcorner   10.0
yllcorner   1.0
cellsize   0.005
NODATA_value   -9999.0
[rows 84 to 125 of 200, columns 94 to 187 of 200]
123 124 124 125 125 126 126 127 127 128 128 129 129 129 130 130 131 131 131 132 132 133 133 133 134 134 134 135 135 135 135 136 136 136 136 137 137 137 137 138 138 138 138 138 138 138 139 139 139 139 139 139 139 139 139 139 139 139 139 139 139 139 139 139 139 139 139 138 138 138 138 138 138 138 137 137 137 137 136 136 136 136 135 135 135 135 134 134 134 133 133 133 132 132
122 123 123 124 124 125 125 126 126 127 127 128 128 128 129 129 130 130 130 131 131 132 132 132 133 133 133 134 134 134 134 135 135 135 135 136 136 136 136 137 137 137 137 137 137 137 138 138 138 138 138 138 138 138 138 138 138 138 138 138 138 138 138 138 138 138 138 137 137 137 137 137 137 137 136 136 136 136 135 135 135 135 134 134 134 134 133 133 133 132 132 132 131 131
121 122 122 123 123 124 124 125 125 126 126 127 127 127 128 128 129 129 130 130 130 131 131 131 132 132 132 133 133 133 133 134 134 134 134 135 135 135 135 135 136 136 136 136 136 136 136 137 137 137 137 137 137 137 137 137 137 137 137 137 137 137 137 137 137 137 136 136 136 136 136 136 136 135 135 135 135 135 134 134 134 134 133 133 133 133 132 132 132 131 131 131 130 130
120 121 121 122 122 123 123 124 124 125 125 126 126 127 127 127 128 128 129 129 129 130 130 130 131 131 131 132 132 132 132 133 133 133 133 134 134 134 134 134 135 135 135 135 135 135 135 136 136 136 136 136 136 136 136 136 136 136 136 136 136 136 136 136 136 136 135 135 135 135 135 135 135 134 134 134 134 134 133 133 133 133 132 132 132 132 131 131 131 130 130 130 129 129
120 120 121 121 122 122 122 123 123 124 124 125 125 126 126 126 127 127 128 128 128 129 129 129 130 130 130 131 131 131 131 132 132 132 132 133 133 133 133 133 134 134 134 134 134 134 134 135 135 135 135 135 135 135 135 135 135 135 135 135 135 135 135 135 135 135 134 134 134 134 134 134 134 133 133 133 133 133 132 132 132 132 131 131 131 131 130 130 130 129 129 129 128 128
119 119 120 120 121 121 122 122 122 123 123 124 124 125 125 125 126 126 127 127 127 128 128 128 129 129 129 130 130 130 130 131 131 131 131 132 132 132 132 132 133 133 133 133 133 133 133 133 134 134 134 134 134 134 134 134 134 134 134 134 134 134 134 134 134 133 133 133 133 133 133 133 133 132 132 132 132 132 131 131 131 131 130 130 130 130 129 129 129 128 128 128 127 127
118 118 119 119 120 120 121 121 122 122 122 123 123 124 124 124 125 125 126 126 126 127 127 127 128 128 128 129 129 129 129 130 130 130 130 131 131 131 131 131 132 132 132 132 132 132 132 132 133 133 133 133 133 133 133 133 133 133 133 133 133 133 133 133 133 132 132 132 132 132 132 132 132 131 131 131 131 131 130 130 130 130 129 129 129 129 128 128 128 127 127 127 126 126
117 117 118 118 119 119 120 120 121 121 121 122 122 123 123 123 124 124 125 125 125 126 126 126 127 127 127 128 128 128 128 129 129 129 129 130 130 130 130 130 130 131 131 131 131 131 131 131 131 132 132 132 132 132 132 132 132 132 132 132 132 132 132 132 131 131 131 131 131 131 131 131 130 130 130 130 130 130 129 129 129 129 128 128 128 128 127 127 127 126 126 126 125 125
116 116 117 117 118 118 119 119 120 120 120 121 121 122 122 123 123 123 124 124 124 125 125 125 126 126 126 127 127 127 127 128 128 128 128 129 129 129 129 129 129 130 130 130 130 130 130 130 130 130 131 131 131 131 131 131 131 131 131 131 131 131 131 130 130 130 130 130 130 130 130 130 129 129 129 129 129 129 128 128 128 128 127 127 127 127 126 126 126 125 125 125 124 124
115 115 116 116 117 117 118 118 119 119 120 120 120 121 121 122 122 122 123 123 123 124 124 124 125 125 125 126 126 126 126 127 127 127 127 128 128 128 128 128 128 129 129 129 129 129 129 129 129 129 130 130 130 130 130 130 130 130 130 130 130 130 130 129 129 129 129 129 129 129 129 129 128 128 128 128 128 128 127 127 127 127 126 126 126 126 125 125 125 124 124 124 123 123
114 114 115 115 116 116 117 117 118 118 119 119 119 120 120 121 121 121 122 122 122 123 123 123 124 124 124 125 125 125 125 126 126 126 126 126 127 127 127 127 127 128 128 128 128 128 128 128 128 128 128 129 129 129 129 129 129 129 129 129 129 129 128 128 128 128 128 128 128 128 128 128 127 127 127 127 127 126 126 126 126 126 125 125 125 125 124 124 124 123 123 123 122 122
113 114 114 115 115 115 116 116 117 117 118 118 118 119 119 120 120 120 121 121 121 122 122 122 123 123 123 124 124 124 124 125 125 125 125 125 126 126 126 126 126 127 127 127 127 127 127 127 127 127 127 127 128 128 128 128 128 128 128 128 128 127 127 127 127 127 127 127 127 127 127 127 126 126 126 126 126 125 125 125 125 125 124 124 124 124 123 123 123 122 122 122 121 121
112 113 113 114 114 114 115 115 116 116 117 117 117 118 118 119 119 119 120 120 120 121 121 121 122 122 122 123 123 123 123 124 124 124 124 124 125 125 125 125 125 125 126 126 126 126 126 126 126 126 126 126 126 127 127 127 127 127 127 127 126 126 126 126 126 126 126 126 126 126 126 125 125 125 125 125 125 124 124 124 124 124 123 123 123 123 122 122 122 121 121 121 120 120
111 112 112 113 113 114 114 114 115 115 116 116 116 117 117 118 118 118 119 119 119 120 120 120 121 121 121 122 122 122 122 123 123 123 123 123 124 124 124 124 124 124 125 125 125 125 125 125 125 125 125 125 125 125 125 126 126 126 125 125 125 125 125 125 125 125 125 125 125 125 125 124 124 124 124 124 124 123 123 123 123 123 122 122 122 122 121 121 121 120 120 120 119 119
110 111 111 112 112 113 113 113 114 114 115 115 116 116 116 117 117 117 118 118 118 119 119 119 120 120 120 121 121 121 121 122 122 122 122 122 123 123 123 123 123 123 124 124 124 124 124 124 124 124 124 124 124 124 124 124 124 124 124 124 124 124 124 124 124 124 124 124 124 124 124 123 123 123 123 123 123 122 122 122 122 122 121 121 121 121 120 120 120 119 119 119 118 118
109 110 110 111 111 112 112 113 113 113 114 114 115 115 115 116 116 116 117 117 117 118 118 118 119 119 119 119 120 120 120 120 121 121 121 121 122 122 122 122 122 122 122 123 123 123 123 123 123 123 123 123 123 123 123 123 123 123 123 123 123 123 123 123 123 123 123 123 123 123 122 122 122 122 122 122 122 121 121 121 121 120 120 120 120 119 119 119 119 118 118 118 117 117
108 109 109 110 110 111 111 112 112 112 113 113 114 114 114 115 115 115 116 116 116 117 117 117 118 118 118 118 119 119 119 119 120 120 120 120 121 121 121 121 121 121 121 122 122 122 122 122 122 122 122 122 122 122 122 122 122 122 122 122 122 122 122 122 122 122 122 122 122 122 121 121 121 121 121 121 121 120 120 120 120 119 119 119 119 118 118 118 118 117 117 117 116 116
108 108 108 109 109 110 110 111 111 111 112 112 113 113 113 114 114 114 115 115 115 116 116 116 117 117 117 117 118 118 118 118 119 119 119 119 119 120 120 120 120 120 120 121 121 121 121 121 121 121 121 121 121 121 121 121 121 121 121 121 121 121 121 121 121 121 121 121 121 121 120 120 120 120 120 120 119 119 119 119 119 118 118 118 118 117 117 117 117 116 116 116 115 115
107 107 107 108 108 109 109 110 110 110 111 111 112 112 112 113 113 113 114 114 114 115 115 115 116 116 116 116 117 117 117 117 118 118 118 118 118 119 119 119 119 119 119 120 120 120 120 120 120 120 120 120 120 120 120 120 120 120 120 120 120 120 120 120 120 120 120 120 120 120 119 119 119 119 119 119 118 118 118 118 118 117 117 117 117 116 116 116 116 115 115 115 114 114
106 106 107 107 107 108 108 109 109 110 110 110 111 111 111 112 112 112 113 113 113 114 114 114 115 115 115 115 116 116 116 116 117 117 117 117 117 118 118 118 118 118 118 118 119 119 119 119 119 119 119 119 119 119 119 119 119 119 119 119 119 119 119 119 119 119 119 119 119 118 118 118 118 118 118 118 117 117 117 117 117 116 116 116 116 115 115 115 115 114 114 114 113 113
106 106 106 106 106 107 107 108 108 109 109 109 110 110 110 111 111 111 112 112 112 113 113 113 114 114 114 114 115 115 115 115 116 116 116 116 116 117 117 117 117 117 117 117 118 118 118 118 118 118 118 118 118 118 118 118 118 118 118 118 118 118 118 118 118 118 118 118 118 117 117 117 117 117 117 117 116 116 116 116 116 115 115 115 115 114 114 114 114 113 113 113 112 112
106 106 106 106 106 106 106 107 107 108 108 108 109 109 109 110 110 110 111 111 111 112 112 112 113 113 113 113 114 114 114 114 115 115 115 115 115 116 116 116 116 116 116 116 116 117 117 117 117 117 117 117 117 117 117 117 117 117 117 117 117 117 117 117 117 117 117 117 116 116 116 116 116 116 116 116 115 115 115 115 115 114 114 114 114 113 113 113 113 112 112 112 111 111
106 106 106 106 106 106 106 106 106 107 107 107 108 108 108 109 109 109 110 110 110 111 111 111 112 112 112 112 113 113 113 113 114 114 114 114 114 114 115 115 115 115 115 115 115 116 116 116 116 116 116 116 116 116 116 116 116 116 116 116 116 116 116 116 116 116 116 116 115 115 115 115 115 115 115 114 114 114 114 114 114 113 113 113 113 112 112 112 112 111 111 111 110 110
103 103 106 106 106 106 106 106 106 106 106 106 107 107 107 108 108 108 109 109 109 110 110 110 111 111 111 111 112 112 112 112 113 113 113 113 113 113 114 114 114 114 114 114 114 115 115 115 115 115 115 115 115 115 115 115 115 115 115 115 115 115 115 115 115 115 115 115 114 114 114 114 114 114 114 113 113 113 113 113 113 112 112 112 112 111 111 111 111 110 110 110 109 109
103 103 103 103 106 106 106 106 106 106 106 106 106 106 106 107 107 107 108 108 108 109 109 109 110 110 110 110 111 111 111 111 112 112 112 112 112 112 113 113 113 113 113 113 113 113 114 114 114 114 114 114 114 114 114 114 114 114 114 114 114 114 114 114 114 114 114 113 113 113 113 113 113 113 113 112 112 112 112 112 112 111 111 111 111 110 110 110 110 109 109 109 108 108
103 103 103 103 103 103 106 106 106 106 106 106 106 106 106 106 106 106 107 107 107 108 108 108 109 109 109 109 110 110 110 110 110 111 111 111 111 111 112 112 112 112 112 112 112 112 113 113 113 113 113 113 113 113 113 113 113 113 113 113 113 113 113 113 113 113 113 112 112 112 112 112 112 112 112 111 111 111 111 111 110 110 110 110 110 109 109 109 109 108 108 108 107 107
103 103 103 103 103 103 103 103 103 106 106 106 106 106 106 106 106 106 106 106 106 107 107 107 108 108 108 108 109 109 109 109 109 110 110 110 110 110 111 111 111 111 111 111 111 111 111 112 112 112 112 112 112 112 112 112 112 112 112 112 112 112 112 112 112 112 111 111 111 111 111 111 111 111 111 110 110 110 110 110 109 109 109 109 109 108 108 108 108 107 107 107 106 106
103 103 103 103 103 103 103 103 103 103 103 103 106 106 106 106 106 106 106 106 106 106 106 106 107 107 107 107 108 108 108 108 108 109 109 109 109 109 109 110 110 110 110 110 110 110 110 111 111 111 111 111 111 111 111 111 111 111 111 111 111 111 111 111 111 111 110 110 110 110 110 110 110 110 109 109 109 109 109 109 108 108 108 108 108 107 107 107 107 106 106 106 106 106
103 103 103 103 103 103 103 103 103 103 103 103 103 103 106 106 106 106 106 106 106 106 106 106 106 106 106 106 107 107 107 107 107 108 108 108 108 108 108 109 109 109 109 109 109 109 109 109 110 110 110 110 110 110 110 110 110 110 110 110 110 110 110 110 110 109 109 109 109 109 109 109 109 109 108 108 108 108 108 108 107 107 107 107 107 106 106 106 106 106 106 106 106 106
103 103 103 103 103 103 103 103 103 103 103 103 103 103 103 103 103 106 106 106 106 106 106 106 106 106 106 106 106 106 106 106 106 107 107 107 107 107 107 108 108 108 108 108 108 108 108 108 109 109 109 109 109 109 109 109 109 109 109 109 109 109 109 109 109 108 108 108 108 108 108 108 108 108 107 107 107 107 107 107 106 106 106 106 106 106 106 106 106 106 106 106 106 106
103 103 103 103 103 103 103 103 103 103 103 103 103 103 103 103 103 103 103 103 103 106 106 106 106 106 106 106 106 106 106 106 106 106 106 106 106 106 106 107 107 107 107 107 107 107 107 107 107 108 108 108 108 108 108 108 108 108 108 108 108 108 108 108 107 107 107 107 107 107 107 107 107 107 106 106 106 106 106 106 106 106 106 106 106 106 106 106 106 106 106 106 103 103
103 103 103 103 103 103 103 103 103 103 103 103 103 103 103 103 103 103 103 103 103 103 103 103 106 106 106 106 106 106 106 106 106 106 106 106 106 106 106 106 106 106 106 106 106 106 106 106 106 106 107 107 107 107 107 107 107 107 107 107 107 107 107 106 106 106 106 106 106 106 106 106 106 106 106 106 106 106 106 106 106 106 106 106 106 106 106 106 106 103 103 103 103 103
103 103 103 103 103 103 103 103 103 103 103 103 103 103 103 103 103 103 103 103 103 103 103 103 103 103 103 103 103 106 106 106 106 106 106 106 106 106 106 106 106 106 106 106 106 106 106 106 106 106 106 106 106 106 106 106 106 106 106 106 106 106 106 106 106 106 106 106 106 106 106 106 106 106 106 106 106 106 106 106 106 106 106 106 103 103 103 103 103 103 103 103 103 103
103 103 103 103 103 103 103 103 103 103 103 103 103 103 103 103 103 103 103 103 103 103 103 103 103 103 103 103 103 103 103 103 103 103 106 106 106 106 106 106 106 106 106 106 106 106 106 106 106 106 106 106 106 106 106 106 106 106 106 106 106 106 106 106 106 106 106 106 106 106 106 106 106 106 106 106 106 106 106 103 103 103 103 103 103 103 103 103 103 103 103 103 103 103
103 103 103 103 103 103 103 103 103 103 103 103 103 103 103 103 103 103 103 103 103 103 103 103 103 103 103 103 103 103 103 103 103 103 103 103 103 103 103 103 106 106 106 106 106 106 106 106 106 106 106 106 106 106 106 106 106 106 106 106 106 106 106 106 106 106 106 106 106 106 106 106 106 103 103 103 103 103 103 103 103 103 103 103 103 103 103 103 103 103 103 103 103 103
103 103 103 103 103 103 103 103 103 103 103 103 103 103 103 103 103 103 103 103 103 103 103 103 103 103 103 103 103 103 103 103 103 103 103 103 103 103 103 103 103 103 103 103 103 103 103 103 103 103 103 103 103 103 103 103 103 103 103 103 103 103 103 103 103 103 103 103 103 103 103 103 103 103 103 103 103 103 103 103 103 103 103 103 103 103 103 103 103 103 103 103 103 103
209 103 103 103 103 103 103 103 103 103 103 103 103 103 103 103 103 103 103 103 103 103 103 103 103 103 103 103 103 103 103 103 103 103 103 103 103 103 103 103 103 103 103 103 103 103 103 103 103 103 103 103 103 103 103 103 103 103 103 103 103 103 103 103 103 103 103 103 103 103 103 103 103 103 103 103 103 103 103 103 103 103 103 103 103 103 103 103 103 103 103 103 103 103
209 209 103 103 103 103 103 103 103 103 103 103 103 103 103 103 103 103 103 103 103 103 103 103 103 103 103 103 103 103 103 103 103 103 103 103 103 103 103 103 103 103 103 103 103 103 103 103 103 103 103 103 103 103 103 103 103 103 103 103 103 103 103 103 103 103 103 103 103 103 103 103 103 103 103 103 103 103 103 103 103 103 103 103 103 103 103 103 103 103 103 103 103 103
209 209 209 209 103 103 103 103 103 103 103 103 103 103 103 103 103 103 103 103 103 103 103 103 103 103 103 103 103 103 103 103 103 103 103 103 103 103 103 103 103 103 103 103 103 103 103 103 103 103 103 103 103 103 103 103 103 103 103 103 103 103 103 103 103 103 103 103 103 103 103 103 103 103 103 103 103 103 103 103 103 103 103 103 103 103 103 103 103 103 103 103 103 103
209 209 209 209 209 103 103 103 103 103 103 103 103 103 103 103 103 103 103 103 103 103 103 103 103 103 103 103 103 103 103 103 103 103 103 103 103 103 103 103 103 103 103 103 103 103 103 103 103 103 103 103 103 103 103 103 103 103 103 103 103 103 103 103 103 103 103 103 103 103 103 103 103 103 103 103 103 103 103 103 103 103 103 103 103 103 103 103 103 103 103 103 103 103
209 209 209 209 209 209 103 103 103 103 103 103 103 103 103 103 103 103 103 103 103 103 103 103 103 103 103 103 103 103 103 103 103 103 103 103 103 103 103 103 103 103 103 103 103 103 103 103 103 103 103 103 103 103 103 103 103 103 103 103 103 103 103 103 103 103 103 103 103 103 103 103 103 103 103 103 103 103 103 103 103 103 103 103 103 103 103 103 103 103 103 103 103 103
209 209 209 209 209 209 209 103 103 103 103 103 103 103 103 103 103 103 103 103 103 103 103 103 103 103 103 103 103 103 103 103 103 103 103 103 103 103 103 103 103 103 103 103 103 103 103 103 103 103 103 103 103 103 103 103 103 103 103 103 103 103 103 103 103 103 103 103 103 103 103 103 103 103 103 103 103 103 103 103 103 103 103 103 103 103 103 103 103 103 103 103 103 103
