testData/tiles/oneDegreeCosts/grid3.0-43.0-4.0-44.0.asc
ncols   200
nrows   200
xllcorner   3.0
yllcorner   43.0
cellsize   0.005
NODATA_value   -9999.0
[rows 126 to 167 of 200, columns 94 to 187 of 200]
680 680 680 680 680 680 680 680 680 680 680 680 680 680 680 680 680 680 680 681 681 681 682 682 682 682 682 682 682 682 682 683 683 683 683 683 683 683 683 683 684 684 684 684 685 685 685 685 685 686 686 686 686 687 687 687 687 687 688 688 688 688 689 689 689 689 689 689 689 689 689 690 690 690 690 690 691 691 691 691 691 692 692 692 692 692 692 692 692 692 693 693 693 693
680 680 680 680 680 680 680 680 680 680 680 680 680 680 680 680 680 680 681 681 681 681 682 682 682 681 682 682 682 682 683 683 683 682 682 683 683 683 683 684 684 684 684 684 685 685 685 685 686 686 686 686 686 687 687 687 687 688 688 688 689 689 690 689 689 689 690 690 690 690 690 691 691 691 691 692 692 692 692 692 693 693 693 692 692 693 693 693 693 694 694 694 694 694
680 680 680 680 680 680 680 680 680 680 680 680 680 680 680 680 680 681 681 681 681 682 681 681 681 681 682 682 682 682 683 682 682 682 683 683 683 683 683 684 684 684 684 685 685 685 685 686 687 687 687 687 688 688 688 688 689 689 689 689 689 689 689 689 689 690 690 690 690 690 691 691 691 691 691 692 692 692 692 693 693 693 692 692 693 693 693 693 693 694 694 694 694 695
680 680 680 680 680 680 680 680 680 680 680 680 680 680 680 680 681 681 681 680 680 681 681 681 681 682 682 682 682 682 682 682 682 682 683 683 683 683 684 684 685 685 686 686 686 686 686 687 687 687 687 688 688 688 688 688 689 689 689 689 689 689 689 689 689 690 690 690 690 691 691 691 691 691 692 692 692 692 693 693 693 692 692 693 693 693 693 693 694 694 694 694 694 695
680 680 681 681 681 681 681 681 681 680 680 680 680 680 680 680 680 680 680 680 681 681 681 681 682 682 681 681 681 682 682 682 682 684 684 684 684 685 685 685 685 685 686 686 686 686 687 687 687 687 687 688 688 688 688 689 689 689 688 689 689 689 689 689 690 690 690 690 691 691 691 691 691 692 692 692 692 692 693 693 692 692 693 693 693 693 693 694 694 694 694 694 695 695
592 681 681 681 681 681 681 681 681 681 681 681 680 679 679 680 680 680 680 681 681 681 681 681 681 681 681 682 683 683 683 683 684 684 684 684 684 685 685 685 685 686 686 686 686 687 687 687 687 687 688 688 688 688 689 689 689 688 688 689 689 689 689 690 690 690 690 690 691 691 691 691 692 692 692 692 692 693 693 692 692 692 693 693 693 693 694 694 694 694 694 695 695 695
592 592 592 592 592 592 592 592 681 680 680 680 680 680 679 680 680 680 680 681 681 681 681 682 682 682 682 683 683 683 683 683 684 684 684 684 685 685 685 685 686 686 686 686 686 687 687 687 687 688 688 688 688 688 689 688 688 688 689 689 689 689 689 690 690 690 690 691 691 691 691 691 692 692 692 692 693 693 692 692 692 693 693 693 693 694 694 694 694 694 695 695 695 695
592 592 592 592 591 591 591 591 591 591 591 591 591 591 592 592 592 681 681 681 681 681 681 682 682 682 682 683 683 683 683 684 684 684 684 685 685 685 685 685 686 686 686 686 687 687 687 687 687 688 688 688 688 689 688 688 688 689 689 689 689 689 690 690 690 690 691 691 691 691 691 692 692 692 692 693 692 692 692 692 693 693 693 693 693 694 694 694 694 695 695 695 695 695
591 591 591 591 591 591 591 591 591 591 591 591 591 593 593 592 592 592 593 593 593 593 593 593 593 593 594 594 683 683 683 684 684 684 684 685 685 685 685 686 686 686 686 686 687 687 687 687 688 688 688 688 688 688 688 688 688 689 690 690 690 691 691 691 691 691 692 692 692 692 693 693 693 693 693 693 693 693 693 694 694 694 694 606 606 606 606 606 606 607 607 607 607 607
591 591 591 591 591 591 591 591 591 592 592 592 591 592 592 592 592 593 593 593 593 593 593 593 593 593 594 594 594 594 595 595 595 595 596 596 596 596 596 597 597 597 597 598 598 598 598 600 600 600 599 599 600 600 600 600 601 601 601 601 602 602 602 602 602 603 603 603 603 604 604 604 604 604 604 604 604 604 604 605 605 605 605 606 606 606 606 606 607 607 607 607 607 607
591 591 591 591 591 592 592 592 591 591 591 591 592 592 592 592 592 593 593 593 593 594 593 593 593 594 594 594 594 595 595 595 595 595 596 596 596 596 597 598 598 598 599 599 599 599 599 600 600 599 599 600 600 600 600 601 601 601 601 601 602 602 602 602 603 603 603 603 603 604 604 604 604 604 604 604 604 604 605 605 605 605 606 606 606 606 606 607 607 607 607 607 607 607
591 591 592 591 591 591 591 591 591 591 591 591 592 592 592 592 593 593 593 593 594 594 594 594 594 594 594 594 594 595 595 595 595 597 597 597 597 598 598 598 598 598 599 599 599 599 600 599 599 599 600 600 600 600 600 601 601 601 601 602 602 602 602 602 603 603 603 603 604 604 604 604 604 604 604 604 604 605 605 605 605 605 606 606 606 606 607 607 607 607 607 607 607 607
591 591 591 591 591 591 591 591 591 591 591 592 592 592 592 593 593 593 593 593 594 594 594 594 595 594 594 594 596 596 596 596 597 597 597 597 597 598 598 598 598 599 599 599 599 599 599 599 599 599 600 600 600 600 601 601 601 601 602 602 602 602 602 603 603 603 603 604 604 604 604 604 604 604 604 604 605 605 605 605 605 606 606 606 606 606 607 607 607 607 607 607 607 607
591 591 591 591 591 591 591 591 591 591 591 592 592 592 592 593 593 593 593 594 594 594 594 596 596 596 595 595 596 596 596 596 597 597 597 597 598 598 598 598 599 599 599 598 598 599 599 599 599 600 600 600 600 601 601 601 601 601 602 602 602 602 603 603 603 603 603 604 604 604 604 604 604 604 604 604 605 605 605 605 606 606 606 606 606 607 607 607 607 607 607 607 607 607
591 591 591 591 591 591 591 591 591 591 592 592 592 592 593 593 593 593 594 595 595 595 595 596 596 596 596 597 596 596 596 597 597 597 597 597 598 598 598 598 599 598 598 598 599 599 599 599 600 600 600 600 600 601 601 601 601 602 602 602 602 602 603 603 603 603 604 604 604 604 604 604 604 604 604 605 605 605 605 606 606 606 606 606 607 607 607 607 607 607 607 607 607 608
460 591 591 591 591 591 591 591 591 591 592 592 592 592 594 594 594 594 595 595 595 595 596 596 596 596 597 597 597 596 596 597 597 597 597 598 598 598 598 598 598 598 598 598 599 599 599 599 600 600 600 600 601 601 601 601 601 602 602 602 602 603 603 603 603 604 604 604 604 604 605 605 605 605 606 606 606 606 606 607 607 607 607 608 608 608 607 607 608 607 607 607 608 608
460 460 591 591 591 591 591 591 591 592 593 593 593 594 594 594 594 595 595 595 595 595 596 596 596 596 597 597 597 597 597 597 597 597 598 598 598 597 597 598 598 598 598 599 599 599 599 600 600 600 600 600 602 602 602 602 603 603 603 603 604 604 604 604 603 604 604 604 604 605 605 605 605 605 606 606 606 606 607 607 607 607 607 608 607 607 607 608 608 608 608 608 609 609
460 460 591 591 591 591 591 592 592 593 593 593 593 594 594 594 594 595 595 595 595 596 596 596 596 597 597 597 597 597 598 597 597 597 598 597 597 597 598 598 598 598 599 599 600 600 600 601 601 601 601 602 602 602 602 603 603 603 603 603 604 604 604 604 604 604 604 604 605 605 605 605 605 606 606 606 606 607 607 607 607 607 608 607 607 607 608 608 608 608 608 609 609 609
460 460 460 592 592 592 592 592 593 593 593 593 594 594 594 594 595 595 595 595 595 596 596 596 596 597 597 597 597 598 598 598 598 597 597 597 597 599 599 599 599 599 600 600 600 600 601 601 601 601 602 602 602 602 602 603 603 603 603 604 604 603 603 604 604 604 604 604 605 605 605 605 606 606 606 606 606 607 607 607 607 608 607 607 607 607 608 608 608 608 609 609 609 609
461 461 461 592 592 592 592 592 593 593 593 593 594 594 594 594 595 595 595 595 596 596 596 596 597 597 597 597 598 598 598 598 598 599 598 598 598 599 599 599 599 600 600 600 600 601 601 601 601 601 602 602 602 602 603 603 603 603 604 604 603 603 603 604 604 604 604 605 605 605 605 605 606 606 606 606 607 607 607 607 608 607 607 607 607 608 608 608 608 608 609 609 609 609
461 461 461 461 592 592 592 593 593 593 593 594 594 594 594 595 595 595 595 596 596 596 596 596 597 597 597 598 598 598 598 598 599 599 599 598 599 599 599 599 599 600 600 600 600 601 601 601 601 602 602 602 602 603 603 603 603 603 603 603 603 603 604 604 604 604 605 605 605 605 605 606 606 606 606 607 607 607 607 607 607 607 607 607 608 608 608 608 608 609 609 609 609 610
461 461 461 461 461 592 592 593 593 593 593 594 594 594 594 595 595 595 595 596 596 596 597 598 598 597 597 598 598 598 598 598 599 599 599 599 599 599 599 599 600 600 600 600 601 601 601 601 601 602 602 602 602 603 603 603 603 603 603 603 603 604 604 604 604 604 605 605 605 605 606 606 606 606 606 607 607 607 607 607 607 607 607 607 608 608 608 608 609 609 609 609 609 610
461 461 461 461 461 592 593 593 593 593 594 594 594 594 595 595 595 595 597 597 597 597 597 597 597 597 597 598 598 598 598 599 599 599 599 600 600 599 599 600 600 600 600 600 601 601 601 601 602 602 602 602 603 603 603 603 603 603 603 603 603 604 604 604 604 605 605 605 605 605 606 606 606 606 607 607 607 607 607 607 607 607 607 608 608 608 608 609 609 609 609 609 610 610
461 461 461 461 461 461 593 593 593 593 594 594 594 594 596 596 596 596 597 596 596 596 597 597 597 597 598 598 598 598 599 599 599 599 599 600 600 599 599 600 600 600 600 601 601 601 601 602 602 602 602 602 603 603 603 603 603 603 603 603 604 604 604 604 604 605 605 605 605 606 606 606 606 607 607 607 607 607 607 607 607 607 608 608 608 608 608 609 609 609 609 610 610 610
461 461 461 461 461 462 462 593 593 594 594 595 595 596 596 596 595 596 596 596 596 596 597 597 597 597 598 598 598 598 599 599 599 599 600 600 600 600 600 600 600 600 600 601 601 601 601 602 602 602 602 603 603 603 603 603 604 604 604 604 605 605 605 605 606 606 606 606 607 607 607 607 607 608 607 607 607 608 608 608 608 608 609 609 609 609 610 610 610 610 611 611 610 610
461 461 461 461 461 462 462 462 594 595 595 595 595 595 595 595 595 596 596 596 596 597 597 597 597 598 598 598 598 599 599 599 599 599 600 600 600 600 601 600 600 600 601 601 601 601 602 603 603 603 603 603 603 603 603 604 604 604 604 605 605 605 605 606 606 606 606 606 607 607 607 607 608 607 607 607 608 608 608 608 608 609 609 609 609 610 610 610 610 610 611 610 610 610
461 461 461 461 462 463 463 463 595 594 594 594 595 595 595 595 596 596 596 596 596 597 597 597 597 598 598 598 598 599 599 599 599 600 600 600 600 601 601 601 600 602 602 602 602 602 603 603 602 602 603 603 603 603 604 604 604 604 605 605 605 605 605 606 606 606 606 607 607 607 607 608 607 607 607 607 608 608 608 608 609 609 609 609 609 610 610 610 610 611 610 610 610 610
461 461 462 462 462 462 462 462 463 594 594 594 595 595 595 595 596 596 596 596 597 597 597 597 598 598 598 598 599 599 599 599 600 600 600 601 601 602 602 602 602 602 602 602 602 603 602 602 602 603 603 603 603 603 604 604 604 604 605 605 605 605 606 606 606 606 607 607 607 607 607 607 607 607 607 608 608 608 608 608 609 609 609 609 610 610 610 610 611 610 610 610 610 611
461 461 461 462 462 462 462 463 463 463 594 595 595 595 595 596 596 596 596 597 597 597 597 597 598 598 598 598 599 599 600 600 601 601 601 601 602 602 602 602 603 602 602 602 602 602 602 602 602 603 603 603 603 604 604 604 604 605 605 605 605 605 606 606 606 606 607 607 607 606 607 607 607 607 607 608 608 608 608 609 609 609 609 610 610 610 610 610 610 610 610 610 611 611
461 461 461 462 462 462 462 463 463 463 594 595 595 595 595 596 596 596 596 597 597 597 597 598 598 598 599 600 600 600 600 601 601 601 601 601 602 602 602 602 603 603 602 602 602 602 602 602 603 603 603 603 604 604 604 604 604 605 605 605 605 606 606 606 606 607 607 606 606 606 607 607 607 607 608 608 608 608 609 609 609 609 609 610 610 610 610 610 610 610 610 611 611 611
461 461 462 462 462 462 463 463 463 463 464 595 595 595 596 596 596 596 596 597 597 597 598 599 599 599 599 600 600 600 600 601 601 601 601 602 602 602 602 603 602 602 602 602 602 602 602 602 603 603 603 603 604 604 604 604 605 605 605 605 606 606 606 606 606 607 606 606 606 607 607 607 607 608 608 608 608 608 609 609 609 609 610 610 610 610 610 610 610 610 610 611 611 611
461 461 462 462 462 462 463 463 463 463 464 464 595 595 596 596 596 596 598 598 598 598 599 599 599 599 600 600 600 600 601 601 601 601 601 602 602 602 602 602 602 602 602 603 602 602 602 603 603 603 603 604 604 604 604 604 605 605 605 605 606 606 606 606 606 606 606 606 607 607 607 607 607 608 608 608 608 609 609 609 609 610 610 610 610 610 610 610 610 610 611 611 611 611
461 462 462 462 462 463 463 463 463 464 464 464 464 596 596 597 597 597 598 598 598 598 599 599 599 599 600 600 600 600 601 601 601 601 602 602 601 601 602 602 602 602 603 603 602 602 602 603 603 603 603 604 604 604 604 605 605 605 605 606 606 606 606 606 606 606 606 606 607 607 607 607 608 608 608 608 609 609 609 609 609 610 610 610 610 610 610 610 610 611 611 611 611 611
461 462 462 462 462 463 463 463 463 464 464 464 465 597 597 597 597 598 598 598 598 599 599 599 599 600 600 600 600 601 601 601 601 601 601 601 601 601 602 602 602 602 603 603 603 602 603 603 603 603 604 604 604 604 605 605 605 605 605 606 606 606 606 607 607 607 607 608 608 608 608 609 609 609 609 609 610 610 610 610 611 610 610 610 611 611 611 611 611 612 612 612 612 613
462 462 462 462 463 463 463 463 464 465 465 465 466 466 597 597 597 598 598 598 598 599 599 599 599 600 600 600 600 601 601 600 600 601 601 601 601 602 602 602 602 603 603 603 603 603 603 603 603 603 604 605 605 605 606 606 606 606 607 607 606 606 607 607 607 607 607 608 608 608 608 609 609 609 609 610 610 610 610 611 610 610 610 610 611 611 611 611 612 612 612 612 612 613
462 462 462 462 463 463 464 464 465 465 465 465 466 466 466 597 598 598 598 598 599 599 599 599 600 600 600 600 600 600 600 600 601 601 601 601 601 602 602 602 602 603 603 603 603 605 604 604 604 605 605 605 605 606 606 606 606 607 606 606 606 606 607 607 607 607 608 608 608 608 609 609 609 609 609 610 610 610 610 610 610 610 610 611 611 611 611 611 612 612 612 612 613 613
462 462 462 464 464 464 464 464 465 465 465 465 466 466 466 466 598 598 598 598 599 599 599 599 600 600 599 599 600 600 600 600 601 601 601 601 602 602 602 603 604 604 604 604 605 605 605 604 604 605 605 605 605 606 606 606 606 606 606 606 606 607 607 607 607 608 608 608 608 608 609 609 609 609 610 610 610 609 610 610 610 610 610 611 611 611 611 612 612 612 612 613 613 613
463 463 463 464 464 464 464 465 465 465 465 466 466 466 466 467 598 598 598 599 599 599 599 599 599 599 599 600 600 600 600 600 601 601 602 602 603 603 603 603 604 604 604 604 605 605 605 604 605 605 605 605 606 606 605 605 606 606 606 606 606 607 607 607 607 608 608 608 608 609 609 609 609 610 610 610 609 609 610 610 610 610 611 611 611 611 612 612 612 612 612 613 613 612
464 464 464 464 464 464 464 465 465 465 465 466 466 466 466 467 467 598 598 598 598 598 598 599 599 599 599 600 600 600 601 602 602 602 602 603 603 603 603 604 604 604 604 605 605 605 605 605 605 605 605 605 606 605 605 605 606 606 606 606 607 607 607 607 608 608 608 608 608 609 609 609 609 610 609 609 609 610 610 610 610 611 611 611 611 611 612 612 612 612 613 612 612 612
464 464 465 465 464 464 465 465 465 465 466 466 466 466 467 467 466 466 598 598 598 598 599 599 599 599 601 601 601 601 601 602 602 602 602 603 603 603 603 604 604 604 604 605 605 605 605 606 605 605 605 605 605 605 605 606 606 606 606 606 607 607 607 607 608 608 608 608 609 609 609 609 610 609 609 609 610 610 610 610 610 611 611 611 611 612 612 612 612 613 612 612 612 612
464 464 465 465 465 465 465 465 465 465 466 466 465 465 466 466 466 466 467 598 598 598 599 600 600 600 601 601 601 601 602 602 602 602 603 603 603 603 604 604 604 604 605 605 605 605 606 606 605 605 605 605 605 605 605 606 606 606 606 607 607 607 607 608 608 608 608 609 609 609 609 609 609 609 609 609 610 610 610 610 611 611 611 611 612 612 612 612 612 612 612 612 612 613
464 465 465 465 465 466 466 465 465 465 465 465 465 466 466 466 466 467 467 599 599 600 600 600 600 600 601 601 601 601 602 602 602 602 603 603 603 603 604 604 604 604 605 605 605 605 606 605 605 605 605 605 605 605 606 606 606 606 607 607 607 607 607 608 608 608 608 609 609 609 609 609 609 609 609 610 610 610 610 610 611 611 611 611 612 612 612 612 612 612 612 612 613 613
