testData/tiles/oneDegreeCosts/grid26.0-42.0-27.0-43.0.asc
ncols   200
nrows   200
xllcorner   26.0
yllcorner   42.0
cellsize   0.005
NODATA_value   -9999.0
[rows 126 to 167 of 200, columns 0 to 93 of 200]
567 566 566 566 565 566 565 565 564 564 564 563 563 562 562 561 561 562 561 561 560 560 559 559 559 558 558 557 557 556 556 556 556 556 555 555 554 554 554 553 553 552 552 551 551 551 550 550 549 549 548 549 549 548 548 542 542 541 541 541 540 540 539 539 538 538 537 537 537 536 536 535 535 534 534 534 533 533 532 532 531 531 531 530 530 529 529 528 528 527 527 527 526 526
567 567 566 566 565 566 565 565 565 564 564 563 563 562 562 562 561 562 561 561 560 560 560 559 559 558 558 557 557 557 556 557 556 556 555 555 555 554 554 553 553 552 552 552 551 551 550 550 549 549 548 549 549 548 548 547 542 541 541 541 540 540 539 539 538 538 538 537 537 536 536 535 535 535 534 534 533 533 532 532 531 531 531 530 530 529 529 528 528 528 527 527 526 526
567 567 566 566 565 566 566 565 565 564 564 563 563 563 562 562 561 562 561 561 561 560 560 559 559 558 558 558 557 557 556 557 556 556 556 555 555 554 554 553 553 552 552 552 551 551 550 550 549 549 550 549 549 548 548 547 547 542 541 541 540 540 539 539 538 538 538 537 537 536 536 535 535 535 534 534 533 533 532 532 532 531 531 530 530 529 529 528 528 528 527 527 526 526
567 567 566 566 566 566 566 565 565 564 564 564 563 563 562 562 562 562 562 561 561 560 560 559 559 558 558 558 557 557 556 557 556 556 556 555 555 554 554 553 553 553 552 552 551 551 550 550 550 549 550 549 549 548 548 547 547 547 541 541 540 540 539 539 539 538 538 537 537 536 536 536 535 535 534 534 533 533 532 532 532 531 531 530 530 529 529 529 528 528 527 527 526 526
567 567 566 566 567 566 566 565 565 564 564 564 563 563 562 562 562 562 562 561 561 560 560 559 559 559 558 558 557 557 556 557 557 556 556 555 555 554 554 554 553 553 552 552 551 551 550 550 550 549 550 549 549 548 548 548 547 547 546 541 540 540 540 539 539 538 538 537 537 536 536 536 535 535 534 534 533 533 533 532 532 531 531 530 530 529 529 529 528 528 527 527 526 526
567 567 567 566 567 566 566 565 565 565 564 564 563 563 562 562 563 562 562 561 561 560 560 560 559 559 558 558 557 557 558 557 557 556 556 555 555 554 554 554 553 553 552 552 551 551 551 550 550 550 550 549 549 549 548 548 547 547 546 546 540 540 540 539 539 538 538 537 537 537 536 536 535 535 534 534 533 533 533 532 532 531 531 530 530 530 529 529 528 528 527 527 526 526
568 567 567 566 567 566 566 566 565 565 564 564 563 563 563 562 563 562 562 561 561 560 560 560 559 559 558 558 557 557 558 557 557 556 556 555 555 555 554 554 553 553 552 552 552 551 551 550 550 550 550 549 549 549 548 548 547 547 546 546 541 540 540 539 539 538 538 537 537 537 536 536 535 535 534 534 534 533 533 532 532 531 531 530 530 530 529 529 528 528 527 527 527 526
568 567 567 566 567 566 566 566 565 565 564 564 563 563 563 562 563 562 562 561 561 561 560 560 559 559 558 558 558 557 558 557 557 556 556 555 555 555 554 554 553 553 552 552 552 551 551 550 550 550 550 550 549 549 548 548 547 547 546 546 546 540 540 539 539 538 538 538 537 537 536 536 535 535 534 534 534 533 533 532 532 531 531 531 530 530 529 529 528 528 527 527 527 526
568 567 567 566 567 567 566 566 565 565 564 564 564 563 563 562 563 562 562 562 561 561 560 560 559 559 558 558 558 557 558 557 557 556 556 556 555 555 554 554 553 553 553 552 552 551 551 550 550 550 550 550 549 549 548 548 547 547 547 546 546 545 540 539 539 538 538 538 537 537 536 536 535 535 535 534 534 533 533 532 532 531 531 531 530 530 529 529 528 528 528 527 527 526
568 567 567 567 567 567 566 566 565 565 565 564 564 563 563 563 563 562 562 562 561 561 560 560 559 559 559 558 558 557 558 557 557 557 556 556 555 555 554 554 553 553 553 552 552 551 551 550 551 551 550 550 549 549 548 548 547 547 547 546 546 545 545 539 539 539 538 538 537 537 536 536 535 535 535 534 534 533 533 532 532 532 531 531 530 530 529 529 528 528 528 527 527 526
568 567 567 568 567 567 566 566 565 565 565 564 564 563 563 563 563 563 562 562 561 561 560 560 560 559 559 558 558 557 558 557 557 557 556 556 555 555 554 554 554 553 553 552 552 551 551 550 551 551 550 550 549 549 548 548 548 547 547 546 546 545 545 544 539 539 538 538 537 537 536 536 536 535 535 534 534 533 533 532 532 532 531 531 530 530 529 529 529 528 528 527 527 526
568 568 567 568 567 567 566 566 566 565 565 564 564 563 563 564 563 563 562 562 561 561 560 560 560 559 559 558 558 558 558 558 557 557 556 556 555 555 554 554 554 553 553 552 552 551 551 551 551 551 550 550 549 549 548 548 548 547 547 546 546 545 545 545 544 539 538 538 537 537 536 536 536 535 535 534 534 533 533 533 532 532 531 531 530 530 529 529 529 528 528 527 527 526
568 568 567 568 567 567 566 566 566 565 565 564 564 563 563 564 563 563 562 562 561 561 561 560 560 559 559 558 558 558 558 558 557 557 556 556 555 555 555 554 554 553 553 552 552 551 551 551 551 551 550 550 549 549 549 548 548 547 547 546 546 545 545 545 544 544 538 538 537 537 537 536 536 535 535 534 534 533 533 533 532 532 531 531 530 530 529 529 529 528 528 527 527 526
568 568 567 568 567 567 567 566 566 565 565 564 564 564 563 564 563 563 562 562 561 561 561 560 560 559 559 558 558 559 558 558 557 557 556 556 555 555 555 554 554 553 553 552 552 552 551 551 551 551 550 550 549 549 549 548 548 547 547 546 546 546 545 545 544 544 543 538 537 537 537 536 536 535 535 534 534 533 533 533 532 532 531 531 530 530 530 529 529 528 528 527 527 526
568 568 567 568 568 567 567 566 566 565 565 564 564 564 563 564 563 563 562 562 562 561 561 560 560 559 559 558 558 559 558 558 557 557 556 556 556 555 555 554 554 553 553 552 552 552 551 551 551 551 550 550 550 549 549 548 548 547 547 546 546 546 545 545 544 544 543 538 537 537 537 536 536 535 535 534 534 534 533 533 532 532 531 531 530 530 530 529 529 528 528 527 527 526
568 568 567 568 568 567 567 566 566 565 565 565 564 564 563 564 563 563 562 562 562 561 561 560 560 559 559 559 558 559 558 558 557 557 556 556 556 555 555 554 554 553 553 553 552 552 551 551 551 551 550 550 550 549 549 548 548 547 547 546 546 546 545 545 544 544 543 543 538 537 537 536 536 535 535 534 534 534 533 533 532 532 531 531 530 530 530 529 529 528 528 527 527 527
568 568 568 568 568 567 567 566 566 565 565 565 564 564 563 564 563 563 563 562 562 561 561 560 560 559 559 559 558 559 558 558 557 557 557 556 556 555 555 554 554 553 553 553 552 552 551 551 551 551 550 550 550 549 549 548 548 547 547 547 546 546 545 545 544 544 543 543 543 537 537 536 536 535 535 534 534 534 533 533 532 532 531 531 531 530 530 529 529 528 528 527 527 527
568 568 568 568 568 567 567 566 566 566 565 565 564 564 563 564 563 563 563 562 562 561 561 560 560 560 559 559 558 559 558 558 557 557 557 556 556 555 555 554 554 553 553 553 552 552 551 551 551 551 551 550 550 549 549 548 548 547 547 547 546 546 545 545 544 544 543 543 543 542 537 536 536 535 535 535 534 534 533 533 532 532 531 531 531 530 530 529 529 528 528 527 528 527
569 568 568 568 568 567 567 566 566 566 565 565 564 564 563 564 564 563 563 562 562 561 561 560 560 560 559 559 558 559 558 558 557 557 557 556 556 555 555 554 554 554 553 553 552 552 551 551 551 551 551 550 550 549 549 548 548 547 547 547 546 546 545 545 544 544 544 543 543 542 542 536 536 535 535 535 534 534 533 533 532 532 531 531 531 530 530 529 529 528 528 527 527 527
569 568 568 568 568 567 567 567 566 566 565 565 564 564 563 564 564 563 563 562 562 561 561 560 560 560 559 559 558 559 558 558 558 557 557 556 556 555 555 554 554 554 553 553 552 552 551 551 551 551 551 550 550 549 549 548 548 548 547 547 546 546 545 545 544 544 544 543 543 542 542 536 536 535 535 535 534 534 533 533 532 532 531 531 531 530 530 529 529 528 528 528 527 527
569 568 568 568 568 567 567 567 566 566 565 565 564 564 563 564 564 563 563 562 562 561 561 561 560 560 559 559 558 559 558 558 558 557 557 556 556 555 555 554 554 554 553 553 552 552 551 551 552 551 551 550 550 549 549 548 548 548 547 547 546 546 545 545 544 544 544 543 543 542 542 541 536 535 535 535 534 534 533 533 532 532 532 531 531 530 530 529 529 528 528 528 527 527
569 568 568 568 568 567 567 567 566 566 565 565 564 564 564 564 564 563 563 562 562 561 561 561 560 560 559 559 558 559 558 558 558 557 557 556 556 555 555 555 554 554 553 553 552 552 551 551 552 551 551 550 550 549 549 548 548 548 547 547 546 546 545 545 544 544 544 543 543 542 542 541 541 536 535 535 534 534 533 533 532 532 532 531 531 530 530 529 529 528 528 528 527 527
569 568 568 568 568 568 567 567 566 566 565 565 564 564 564 564 564 563 563 562 562 561 561 561 560 560 559 559 558 559 558 558 558 557 557 556 556 555 555 555 554 554 553 553 552 552 551 551 552 551 551 550 550 549 549 548 548 548 547 547 546 546 545 545 545 544 544 543 543 542 542 541 541 541 535 535 534 534 533 533 532 532 532 531 531 530 530 529 529 528 528 528 527 527
569 568 568 568 568 568 567 567 566 566 565 565 564 564 564 564 564 563 563 562 562 561 561 561 560 560 559 559 558 559 559 558 558 557 557 556 556 555 555 555 554 554 553 553 552 552 551 551 552 551 551 550 550 549 549 549 548 548 547 547 546 546 545 545 545 544 544 543 543 542 542 541 541 541 540 535 534 534 533 533 532 532 532 531 531 530 530 529 529 528 528 528 527 527
569 568 568 568 568 568 567 567 566 566 565 565 564 564 564 564 564 563 563 562 562 562 561 561 560 560 559 559 558 558 559 558 558 557 557 556 556 555 555 555 554 554 553 553 552 552 551 551 552 551 551 550 550 549 549 549 548 548 547 547 546 546 545 545 545 544 544 543 543 542 542 541 541 541 540 535 534 534 533 533 532 532 532 531 531 530 530 529 529 529 528 528 527 527
569 568 568 568 568 568 567 567 566 566 565 565 565 564 564 564 564 563 563 562 562 562 561 561 560 560 559 559 558 558 559 558 558 557 557 556 556 555 555 555 554 554 553 553 552 552 552 551 552 551 551 550 550 549 549 549 548 548 547 547 546 546 545 545 545 544 544 543 543 542 542 541 541 541 540 540 534 534 533 533 533 532 532 531 531 530 530 529 529 529 528 528 527 527
569 568 568 568 568 568 567 567 566 566 565 565 565 564 564 563 564 563 563 562 562 562 561 561 560 560 559 559 558 558 559 558 558 557 557 556 556 556 555 555 554 554 553 553 552 552 552 551 551 551 551 550 550 549 549 549 548 548 547 547 546 546 545 545 545 544 544 543 543 542 542 541 541 541 540 540 539 534 533 533 533 532 532 531 531 530 530 529 529 529 528 528 527 527
569 568 568 568 568 568 567 567 566 566 565 565 565 564 564 563 564 563 563 562 562 562 561 561 560 560 559 559 558 558 559 558 558 557 557 556 556 556 555 555 554 554 553 553 552 552 552 551 551 551 551 550 550 549 549 549 548 548 547 547 546 546 545 545 545 544 544 543 543 542 542 542 541 541 540 540 539 534 533 533 533 532 532 531 531 530 530 529 529 529 528 528 527 527
569 568 568 568 568 568 567 567 566 566 565 565 565 564 564 563 564 563 563 562 562 562 561 561 560 560 559 559 559 558 559 558 558 557 557 556 556 556 555 555 554 554 553 553 552 552 552 551 551 551 551 550 550 549 549 549 548 548 547 547 546 546 545 545 545 544 544 543 543 542 542 542 541 541 540 540 539 539 533 533 533 532 532 531 531 530 530 529 529 529 528 528 527 527
569 568 568 568 568 568 567 567 566 566 565 565 565 564 564 563 564 563 563 562 562 562 561 561 560 560 559 559 559 558 559 558 558 557 557 556 556 556 555 555 554 554 553 553 552 552 552 551 551 551 551 550 550 549 549 549 548 548 547 547 546 546 545 545 545 544 544 543 543 542 542 542 541 541 540 540 539 539 538 533 533 532 532 531 531 530 530 529 529 529 528 528 527 527
569 568 568 568 568 568 567 567 566 566 565 565 565 564 564 563 564 563 563 562 562 562 561 561 560 560 559 559 559 558 558 558 558 557 557 556 556 556 555 555 554 554 553 553 552 552 552 551 551 550 551 550 550 549 549 549 548 548 547 547 546 546 545 545 545 544 544 543 543 542 542 542 541 541 540 540 539 539 538 538 533 532 532 531 531 530 530 529 529 529 528 528 527 527
569 568 568 568 568 568 567 567 566 566 565 565 565 564 564 563 564 563 563 562 562 562 561 561 560 560 559 559 559 558 558 558 558 557 557 556 556 556 555 555 554 554 553 553 552 552 552 551 551 550 551 550 550 549 549 549 548 548 547 547 546 546 546 545 545 544 544 543 543 542 542 542 541 541 540 540 539 539 538 538 533 532 532 531 531 530 530 529 529 529 528 528 527 527
569 568 568 568 567 568 567 567 566 566 565 565 565 564 564 563 563 563 563 562 562 562 561 561 560 560 559 559 559 558 558 558 558 557 557 556 556 556 555 555 554 554 553 553 552 552 552 551 551 550 551 550 550 549 549 549 548 548 547 547 546 546 545 545 545 544 544 543 543 542 542 542 541 541 540 540 539 539 538 538 538 532 532 531 531 530 530 529 529 529 528 528 527 527
569 568 568 568 567 568 567 567 566 566 565 565 565 564 564 563 563 563 563 562 562 562 561 561 560 560 559 559 559 558 558 558 558 557 557 556 556 556 555 555 554 554 553 553 552 552 552 551 551 550 550 550 550 549 549 549 548 548 547 547 546 546 545 545 545 544 544 543 543 542 542 542 541 541 540 540 539 539 538 538 538 537 532 531 531 530 530 529 529 529 528 528 527 527
569 568 568 568 567 568 567 567 566 566 565 565 565 564 564 563 563 563 563 562 562 562 561 561 560 560 559 559 559 558 558 557 558 557 557 556 556 556 555 555 554 554 553 553 552 552 552 551 551 550 550 550 550 549 549 549 548 548 547 547 546 546 545 545 545 544 544 543 543 542 542 542 541 541 540 540 539 539 538 538 538 537 532 531 531 530 530 529 529 529 528 528 527 527
569 568 568 568 567 568 567 567 566 566 565 565 565 564 564 563 563 563 563 562 562 562 561 561 560 560 559 559 558 558 558 557 558 557 557 556 556 556 555 555 554 554 553 553 552 552 552 551 551 550 550 549 550 549 549 549 548 548 547 547 546 546 545 545 545 544 544 543 543 542 542 542 541 541 540 540 539 539 538 538 538 537 537 531 531 530 530 529 529 529 528 528 527 527
569 568 568 568 567 568 567 567 566 566 565 565 565 564 564 563 563 562 563 562 562 562 561 561 560 560 559 559 558 558 558 557 558 557 557 556 556 556 555 555 554 554 553 553 552 552 552 551 551 550 550 549 550 549 549 549 548 548 547 547 546 546 545 545 545 544 544 543 543 542 542 541 541 541 540 540 539 539 538 538 538 537 537 536 531 530 530 529 529 529 528 528 527 527
569 568 568 567 567 567 567 567 566 566 565 565 565 564 564 563 563 562 563 562 562 562 561 561 560 560 559 559 558 558 558 557 557 557 557 556 556 555 555 555 554 554 553 553 552 552 552 551 551 550 550 549 549 549 549 549 548 548 547 547 546 546 545 545 545 544 544 543 543 542 542 541 541 541 540 540 539 539 538 538 538 537 537 536 531 530 530 529 529 529 528 528 527 527
569 568 568 567 567 567 567 567 566 566 565 565 564 564 564 563 563 562 563 562 562 562 561 561 560 560 559 559 558 558 558 557 557 557 557 556 556 555 555 555 554 554 553 553 552 552 551 551 551 550 550 549 549 549 549 549 548 548 547 547 546 546 545 545 545 544 544 543 543 542 542 541 541 541 540 540 539 539 538 538 537 537 537 536 536 530 530 529 529 529 528 528 527 527
569 568 568 567 567 567 567 567 566 566 565 565 564 564 564 563 563 562 563 562 562 561 561 561 560 560 559 559 558 558 558 557 557 557 557 556 556 555 555 555 554 554 553 553 552 552 551 551 551 550 550 549 549 548 549 549 548 548 547 547 546 546 545 545 545 544 544 543 543 542 542 541 541 541 540 540 539 539 538 538 537 537 537 536 536 530 530 529 529 528 528 528 527 527
569 568 568 567 567 567 567 567 566 566 565 565 564 564 564 563 563 562 562 562 562 561 561 561 560 560 559 559 558 558 557 557 557 556 557 556 556 555 555 555 554 554 553 553 552 552 551 551 551 550 550 549 549 548 549 548 548 548 547 547 546 546 545 545 545 544 544 543 543 542 542 541 541 541 540 540 539 539 538 538 537 537 537 536 536 535 530 529 529 528 528 528 527 527
569 568 568 567 567 566 566 567 566 566 565 565 564 564 564 563 563 562 562 562 562 561 561 561 560 560 559 559 558 558 557 557 557 556 557 556 556 555 555 555 554 554 553 553 552 552 551 551 551 550 550 549 549 548 548 548 548 548 547 547 546 546 545 545 544 544 544 543 543 542 542 541 541 541 540 540 539 539 538 538 537 537 537 536 536 535 535 529 529 528 528 528 527 527
