testData/tiles/oneDegreeCosts/grid18.0-43.0-19.0-44.0.asc
ncols   200
nrows   200
xllcorner   18.0
yllcorner   43.0
cellsize   0.005
NODATA_value   -9999.0
[rows 84 to 125 of 200, columns 0 to 93 of 200]
518 517 517 517 516 516 515 515 514 514 513 512 512 512 512 512 512 510 510 510 510 510 510 510 510 510 510 510 510 510 510 510 510 510 510 510 510 510 510 510 510 510 510 510 510 510 510 510 510 510 511 511 549 549 550 550 550 550 550 448 448 448 448 448 449 448 449 449 449 449 450 448 448 448 448 449 448 449 448 448 448 447 447 447 447 447 446 447 446 447 445 445 445 445
517 517 516 516 515 515 514 513 513 513 513 513 510 510 510 510 510 510 510 510 510 510 510 510 510 510 510 510 510 510 510 510 510 510 510 510 510 510 510 510 510 510 510 510 510 510 511 510 511 511 512 511 512 550 551 550 551 551 448 448 449 449 449 449 450 449 450 449 450 450 449 449 449 449 449 449 449 449 449 449 449 449 448 448 447 448 447 448 447 447 447 446 446 445
516 515 515 514 514 514 514 514 510 510 510 510 510 510 510 510 510 510 510 510 510 510 510 510 510 510 510 510 510 510 510 510 510 510 510 510 510 510 510 510 510 510 510 510 510 511 511 511 511 512 512 512 513 551 551 551 552 552 449 449 450 449 450 450 450 450 450 450 450 451 450 450 449 450 450 449 450 449 450 449 450 449 448 448 448 448 448 448 448 447 448 446 446 446
514 514 515 515 510 510 510 510 510 510 510 510 510 510 510 510 510 510 510 510 510 510 510 510 510 510 510 510 510 510 510 510 510 510 510 510 510 510 510 510 510 510 510 511 511 511 511 512 512 512 512 513 513 551 551 552 552 450 449 450 450 450 450 450 450 451 450 451 451 451 451 451 450 450 450 450 450 450 451 450 450 450 449 449 449 449 449 448 449 448 448 447 447 447
510 510 510 510 510 510 510 510 510 510 510 510 510 510 510 510 510 510 510 510 510 510 510 510 510 510 510 510 510 510 510 510 510 510 510 510 510 510 510 510 510 510 511 511 511 511 512 513 513 513 513 514 514 552 552 553 450 450 450 451 450 451 451 451 451 452 451 452 451 452 451 451 451 451 451 451 451 451 451 451 450 450 450 450 450 449 450 449 450 449 448 448 447 447
510 510 510 510 510 510 510 510 510 510 510 510 510 510 510 510 510 510 510 510 510 510 510 510 510 510 510 510 510 510 510 510 510 510 510 510 510 510 510 510 510 511 512 511 512 512 513 513 513 513 514 515 514 515 553 553 450 451 451 451 451 452 451 452 452 452 452 452 452 452 452 451 452 451 452 452 451 452 451 452 450 451 450 450 450 450 450 450 450 450 448 449 448 448
510 510 510 510 510 510 510 510 510 510 510 510 510 510 510 510 510 510 510 510 510 510 510 510 510 510 510 510 510 510 510 510 510 510 510 510 510 510 510 511 511 512 512 512 513 513 514 513 514 514 515 514 514 514 553 451 451 451 451 451 452 452 452 452 453 452 453 452 452 452 452 452 453 452 452 452 452 452 452 452 451 451 451 451 451 451 450 451 450 450 449 449 449 448
511 511 511 511 511 511 511 511 511 511 511 511 511 511 511 511 511 511 511 511 511 511 511 511 511 511 510 510 510 510 510 510 510 510 510 510 510 510 511 511 512 512 512 513 513 514 514 514 515 514 514 514 515 515 451 451 452 452 452 452 453 452 453 453 453 453 453 452 453 453 452 453 453 453 453 453 453 453 452 452 452 451 452 451 451 451 451 451 450 450 450 449 450 449
511 511 512 512 512 512 512 512 512 512 512 512 512 512 512 512 512 512 512 512 512 512 512 511 511 511 511 511 511 511 511 511 511 510 510 510 510 511 512 512 512 512 513 514 514 514 514 514 514 514 514 515 516 415 415 452 453 452 453 453 453 453 454 453 453 453 453 453 453 453 453 454 453 454 453 454 453 453 453 452 453 452 453 452 452 452 451 451 451 450 451 450 450 450
512 512 512 512 512 513 513 513 513 513 513 513 513 513 513 513 513 513 513 513 512 512 512 512 512 512 512 512 512 512 512 512 511 511 511 511 511 512 512 512 512 512 513 513 513 514 514 515 515 515 515 516 516 415 415 453 453 453 453 454 453 453 453 453 453 454 453 454 453 454 454 454 454 454 453 453 453 453 453 453 453 453 453 453 452 452 451 451 451 451 451 451 450 450
512 513 513 513 513 513 513 513 513 513 513 513 513 513 513 513 513 513 513 513 513 513 513 513 513 513 513 513 513 513 511 511 511 511 511 511 511 511 511 512 512 513 514 513 514 514 515 515 515 516 516 517 415 415 415 453 453 453 453 453 453 454 453 454 454 454 454 455 454 455 454 454 454 454 454 453 454 454 454 454 453 454 453 453 452 452 452 452 452 452 451 451 450 450
513 513 513 513 513 513 513 513 513 513 513 513 513 513 513 513 513 513 513 513 513 513 513 513 513 513 513 513 512 512 512 512 512 512 512 512 511 511 512 513 513 514 514 514 515 515 516 515 516 516 516 415 415 415 415 415 453 454 453 454 454 454 454 455 454 454 455 454 454 454 454 454 454 454 455 454 454 454 454 453 453 454 453 453 453 453 453 453 452 451 451 451 451 450
514 514 514 514 514 514 514 514 514 514 514 514 514 514 514 514 514 514 514 514 514 514 514 514 514 514 513 513 513 513 513 513 513 513 513 512 512 512 513 513 514 514 514 514 514 515 515 515 516 516 415 415 415 415 415 415 454 454 454 454 455 454 454 454 454 454 455 454 455 454 455 455 455 455 454 454 454 454 454 454 454 454 454 453 454 453 453 452 452 452 452 451 452 451
514 514 515 515 515 515 515 515 515 515 515 515 515 515 515 515 515 515 515 515 515 515 515 514 514 514 514 514 514 514 514 514 514 512 512 512 512 512 513 513 513 513 514 515 515 515 515 516 516 516 415 415 416 415 416 416 455 454 454 454 454 454 455 454 455 455 455 455 456 455 455 455 455 455 454 455 454 455 454 454 455 454 455 453 454 453 453 453 453 453 452 452 452 451
514 514 514 514 514 514 515 515 515 515 515 515 515 515 515 515 515 515 515 514 514 514 514 514 514 514 514 514 514 514 514 513 513 513 513 513 513 513 513 513 514 514 515 515 515 516 516 517 516 415 415 415 415 415 415 416 416 454 455 454 455 455 455 455 455 455 455 455 455 455 455 455 455 455 455 456 455 455 455 454 454 454 454 454 454 454 453 454 453 452 452 452 452 452
515 515 515 515 515 515 515 515 515 515 515 515 515 515 515 515 515 515 515 515 515 515 515 515 515 515 515 515 515 514 514 514 514 514 514 514 514 513 513 514 514 514 515 515 515 515 516 515 415 415 415 416 415 416 416 416 416 455 455 455 455 455 455 455 455 455 455 456 455 456 455 456 456 455 456 455 455 455 455 455 455 455 454 455 454 455 453 453 453 453 453 452 452 452
515 515 515 515 515 515 515 515 516 516 516 516 516 516 516 516 516 516 516 516 516 516 516 515 515 515 515 514 514 514 514 514 514 514 514 514 513 513 513 514 514 515 515 515 516 516 516 415 415 415 416 415 416 417 416 416 416 455 455 455 455 455 455 456 455 456 456 456 456 456 455 455 455 455 456 455 456 455 455 455 455 455 454 454 454 454 454 453 454 453 453 453 452 452
516 516 516 516 516 516 516 516 516 516 516 516 516 516 516 516 516 516 516 516 516 516 516 516 516 515 515 515 515 515 515 515 515 515 514 514 514 514 514 514 514 515 515 516 516 515 515 415 415 415 415 415 416 416 416 416 417 454 455 455 455 455 456 455 455 455 455 455 456 456 456 456 456 456 456 456 455 455 455 455 455 455 455 454 455 454 455 453 453 453 453 453 452 452
515 515 516 517 517 517 517 517 517 517 517 517 517 517 517 517 517 517 517 517 517 517 516 516 516 516 516 516 516 515 515 515 514 514 514 514 514 514 514 514 514 514 515 516 516 516 414 415 415 415 415 416 417 416 417 417 417 417 455 455 455 455 456 455 456 456 456 456 456 456 457 456 456 456 456 456 455 456 455 456 455 455 455 454 454 454 454 454 453 454 453 453 453 452
516 516 516 516 516 516 516 516 516 517 517 517 517 517 517 517 516 516 516 516 516 516 516 516 516 516 516 516 516 516 516 515 515 515 515 515 515 515 514 514 514 515 516 515 516 414 414 415 415 415 415 416 416 416 416 417 417 417 456 455 456 456 456 456 456 456 456 456 456 456 456 456 456 456 456 456 456 456 455 455 455 455 455 455 454 455 454 455 453 454 453 453 453 452
516 516 517 517 517 517 517 517 517 517 517 517 517 517 517 517 517 517 517 517 517 517 517 517 517 517 517 517 517 515 515 515 515 515 515 515 514 514 514 514 514 515 515 515 414 414 415 414 415 416 416 416 416 417 417 417 417 417 454 455 455 455 455 456 456 456 456 456 456 457 456 456 456 456 456 456 456 456 456 455 456 455 455 454 454 454 454 454 454 454 454 453 454 452
517 517 517 517 517 517 517 517 517 517 517 517 517 517 517 517 517 517 517 517 517 517 517 517 517 517 516 516 516 516 516 516 516 516 516 515 515 515 515 515 515 515 515 516 414 414 414 414 415 415 415 415 416 416 416 417 417 417 417 456 456 456 456 457 456 456 456 456 456 456 456 456 456 456 456 456 456 456 456 455 455 455 455 455 455 455 455 454 454 454 454 453 453 453
516 516 517 517 517 517 517 517 517 517 518 518 518 518 518 518 518 518 518 518 518 517 517 516 516 516 516 516 516 516 516 516 516 515 515 515 515 515 515 515 514 514 515 414 414 414 414 415 415 415 416 416 417 416 416 416 417 417 417 455 455 455 456 455 456 456 456 456 457 456 456 456 456 456 456 456 456 456 456 456 455 456 455 455 454 454 454 454 454 454 453 454 453 453
517 517 517 517 517 517 518 518 518 518 518 518 518 518 518 518 518 518 518 517 517 517 517 517 517 517 517 517 517 517 517 516 516 516 516 516 516 516 515 515 515 514 413 413 413 414 414 415 415 415 415 416 415 416 417 417 417 417 418 417 456 456 455 455 456 456 456 456 456 456 457 456 456 456 456 456 456 456 456 456 455 455 455 455 455 455 455 454 454 454 453 453 453 452
517 517 517 517 517 517 517 517 517 517 517 517 517 517 517 517 517 517 517 517 517 517 517 517 517 517 517 517 517 516 516 516 516 516 516 516 516 515 515 515 515 413 414 413 414 414 415 414 415 416 416 415 415 416 416 416 416 417 417 417 455 456 455 456 456 456 456 456 456 456 456 456 456 456 456 456 456 456 456 455 455 455 455 455 455 454 454 454 454 454 454 453 453 452
518 518 518 518 518 518 518 518 518 518 518 518 518 518 518 518 518 518 518 518 518 518 518 518 518 518 518 517 517 517 517 517 516 516 516 515 515 515 515 515 413 413 413 413 413 414 414 414 415 415 415 415 416 417 416 417 417 418 417 417 455 455 455 456 455 456 456 456 456 456 456 457 456 456 456 456 456 455 456 455 456 455 456 455 454 454 454 454 454 453 454 453 453 453
517 518 518 518 518 518 518 518 518 518 518 518 518 518 518 518 518 518 518 518 518 518 518 518 517 517 517 517 517 517 517 517 517 517 516 516 516 516 516 516 413 413 413 414 413 413 413 414 415 415 415 415 416 415 416 416 417 416 417 418 417 456 456 455 455 456 456 456 456 456 456 456 456 456 456 456 456 455 455 455 455 455 455 455 454 455 454 454 453 453 453 453 452 453
517 517 517 517 518 518 518 518 518 518 518 518 518 518 518 518 518 518 518 518 518 517 517 517 517 517 517 517 517 517 517 517 516 516 516 516 516 516 516 413 413 413 413 413 413 414 414 415 414 415 415 415 415 415 416 416 416 416 417 417 417 455 455 455 456 455 456 456 456 456 456 456 456 455 456 455 455 456 455 456 455 455 455 455 454 454 454 454 454 454 453 452 452 452
518 518 518 518 518 518 518 518 518 518 518 518 518 518 518 518 518 518 518 518 518 518 518 518 518 518 518 518 518 518 517 516 516 516 516 516 516 515 413 413 413 413 413 413 413 413 414 414 414 415 415 415 415 416 416 416 417 416 417 417 417 455 455 455 456 455 456 455 456 456 456 456 455 455 455 455 455 455 455 455 455 454 455 454 454 454 454 453 453 453 453 453 453 452
518 518 518 518 518 518 518 518 518 518 518 518 518 518 518 518 518 518 518 518 518 518 518 518 518 518 518 518 517 517 517 517 517 517 517 517 516 414 414 414 414 413 413 413 413 413 413 413 414 414 415 415 415 416 415 416 416 417 416 417 417 417 454 455 455 455 455 455 455 455 455 456 455 456 455 456 455 455 455 454 455 454 455 454 455 454 454 453 453 453 452 452 452 452
518 518 518 518 518 518 518 518 518 518 518 518 518 518 518 518 518 518 518 518 518 518 518 518 518 517 517 517 517 517 517 517 517 517 516 516 414 414 414 414 413 413 413 413 413 413 413 414 414 414 414 414 415 415 415 416 416 416 416 417 416 417 455 455 455 456 455 455 455 455 455 455 455 455 455 455 455 455 455 454 454 454 454 454 453 454 453 454 453 453 452 452 452 451
517 517 517 517 518 518 518 518 518 518 518 518 518 518 518 518 518 518 518 518 518 517 517 517 517 517 517 517 517 517 517 517 516 516 516 414 414 414 414 413 413 413 413 413 412 413 413 414 413 414 414 415 415 415 415 415 415 415 416 415 416 416 454 454 455 454 455 455 455 455 455 455 455 454 455 454 455 455 455 455 454 455 454 454 453 454 453 453 453 452 453 452 451 451
517 517 518 518 518 518 518 518 518 518 518 518 519 518 518 518 518 518 518 518 518 518 518 518 518 518 518 518 518 517 516 516 516 516 414 414 414 413 413 413 413 413 413 412 412 412 413 413 413 414 414 414 414 415 415 415 416 415 415 415 416 416 416 454 455 454 455 454 455 455 455 455 454 454 455 454 454 454 454 454 454 454 454 454 453 453 453 452 453 452 452 452 451 452
518 518 518 518 518 518 518 518 518 518 518 518 518 518 518 518 518 518 518 518 518 518 518 518 518 518 518 518 517 517 517 517 517 517 415 415 414 413 413 413 413 412 412 412 412 412 412 412 413 413 413 414 414 415 414 415 415 416 415 416 415 415 415 454 453 454 454 454 454 454 454 455 454 455 454 454 454 454 454 454 454 453 454 453 454 453 453 452 452 452 451 452 451 451
518 518 518 518 518 518 518 518 518 518 518 518 518 518 518 518 518 518 518 518 518 518 518 518 518 517 517 517 517 517 517 517 517 415 414 414 414 414 414 414 413 413 412 412 412 412 412 412 413 412 413 413 414 413 414 415 415 415 415 416 415 416 416 453 453 454 453 454 454 454 454 454 454 454 454 455 454 453 453 453 453 453 453 453 453 453 452 453 452 452 451 450 451 450
517 517 517 517 518 518 518 518 518 518 518 518 518 518 518 518 518 518 518 518 518 517 517 517 517 517 517 517 517 517 517 517 414 414 414 414 414 414 414 413 413 413 413 413 412 412 412 412 412 412 412 413 413 413 414 414 414 414 415 414 415 415 415 416 454 453 453 454 453 453 453 453 454 453 454 453 454 453 453 453 453 453 452 453 452 453 452 452 452 451 451 450 451 450
517 517 517 517 517 517 517 517 517 517 517 517 517 517 517 517 517 517 517 517 517 517 517 517 517 517 517 517 517 517 516 414 414 414 414 414 414 413 413 413 413 413 413 412 412 412 412 411 412 412 412 412 412 413 413 413 414 414 414 414 415 414 415 415 453 453 454 453 453 453 453 453 453 453 454 453 454 453 453 453 452 452 452 452 452 452 452 451 452 451 450 450 449 450
517 517 517 517 517 517 517 517 517 517 517 517 517 517 517 517 517 517 517 517 517 517 517 517 517 517 517 516 516 516 414 414 414 414 414 413 413 413 413 413 413 412 412 412 412 412 411 411 412 412 412 412 412 413 412 413 413 413 413 414 414 414 415 415 415 453 453 453 453 452 453 452 452 453 452 453 452 453 452 453 452 452 451 451 451 451 451 451 451 451 450 450 449 449
516 517 517 517 517 517 517 517 517 517 517 517 517 517 517 517 517 517 517 517 517 517 517 517 516 516 516 516 516 414 414 414 414 414 413 413 413 413 413 413 412 412 412 412 412 411 411 411 412 411 412 412 413 412 412 413 413 413 413 414 413 414 414 414 414 453 452 453 452 452 452 452 452 452 452 453 452 453 452 452 452 452 451 451 451 451 451 451 450 450 450 450 449 448
516 516 516 516 516 517 517 517 517 517 517 517 517 517 517 517 517 517 517 517 516 516 516 516 516 516 516 516 414 414 414 414 413 413 413 413 413 413 412 412 412 412 412 412 411 411 411 411 410 411 411 412 412 412 412 412 412 412 413 412 413 413 413 414 414 452 452 453 452 453 451 452 452 451 452 451 452 451 452 451 452 451 451 450 450 450 450 450 450 450 450 449 449 448
516 516 516 516 516 516 516 516 516 516 516 516 516 516 516 516 516 516 516 516 516 516 516 516 516 516 516 414 414 413 413 413 413 413 413 413 413 412 412 412 412 412 411 411 411 411 411 410 410 411 411 411 411 412 411 411 412 412 412 412 413 412 413 413 413 413 452 451 452 451 451 451 451 451 451 451 451 451 452 451 451 451 451 450 450 450 450 449 449 449 449 449 449 448
516 516 516 516 516 516 516 516 516 516 516 516 516 516 516 517 516 516 516 516 516 516 516 516 516 516 414 413 413 413 413 413 413 413 413 412 412 412 412 412 412 411 411 411 411 411 410 410 410 410 410 410 411 412 411 411 411 411 411 412 411 412 413 412 413 413 451 451 452 451 452 450 451 451 450 451 450 451 450 451 450 451 450 450 449 449 449 449 449 449 449 448 448 447
