testData/tiles/oneDegreeCosts/grid27.0-23.0-28.0-24.0.asc
ncols   200
nrows   200
xllcorner   27.0
yllcorner   23.0
cellsize   0.005
NODATA_value   -9999.0
[rows 126 to 167 of 200, columns 0 to 93 of 200]
420 420 420 420 420 420 420 420 420 420 420 420 420 420 420 420 420 420 420 420 420 420 420 420 420 420 420 420 420 420 420 420 420 420 420 420 420 420 420 420 420 420 420 420 420 419 419 419 419 419 419 419 419 419 419 418 363 363 363 363 363 363 363 363 363 363 363 363 363 363 363 363 363 363 363 363 363 363 363 363 363 363 363 363 363 363 363 363 363 363 363 363 363 363
420 420 420 420 420 420 420 420 420 420 420 420 420 420 420 420 420 420 420 420 420 420 420 420 420 420 420 420 420 420 420 420 420 420 420 420 420 420 420 420 420 420 420 420 420 420 419 419 419 419 419 419 419 419 419 419 418 418 363 363 363 363 363 363 363 363 363 363 363 363 363 363 363 363 363 363 363 363 363 363 363 363 363 363 363 363 363 363 363 363 363 363 363 363
420 420 420 420 420 420 420 420 420 420 420 420 421 421 421 421 421 421 421 421 421 420 420 420 420 420 420 420 420 420 420 420 420 420 420 420 420 420 420 420 420 420 420 420 420 420 419 419 419 419 419 419 419 419 419 419 418 418 418 363 363 363 363 363 363 363 363 363 363 363 363 363 363 363 363 363 363 363 363 363 363 363 363 363 363 363 363 363 363 363 363 363 363 363
420 420 420 420 420 420 420 420 420 421 421 421 421 421 421 421 421 421 421 421 421 421 421 421 420 420 420 420 420 420 420 420 420 420 420 420 420 420 420 420 420 420 420 420 420 420 420 419 419 419 419 419 419 419 419 419 419 418 418 418 363 363 363 363 363 363 363 363 363 363 363 363 363 363 363 363 363 363 363 363 363 363 363 363 363 363 363 363 363 363 363 363 363 363
420 420 420 420 420 420 420 421 421 421 421 421 421 421 421 421 421 421 421 421 421 421 421 421 421 421 420 420 420 420 420 420 420 420 420 420 420 420 420 420 420 420 420 420 420 420 420 419 419 419 419 419 419 419 419 419 419 418 418 418 418 363 363 363 363 363 363 363 363 363 363 363 363 363 363 363 363 363 363 363 363 363 363 363 363 363 363 363 363 363 363 363 363 363
420 420 420 420 420 421 421 421 421 421 421 421 421 421 421 421 421 421 421 421 421 421 421 421 421 421 421 421 420 420 420 420 420 420 420 420 420 420 420 420 420 420 420 420 420 420 420 420 419 419 419 419 419 419 419 419 419 419 418 418 418 418 363 363 363 363 363 363 363 363 363 363 363 363 363 363 363 363 363 363 363 363 363 363 363 363 363 363 363 363 363 363 363 363
420 420 420 420 421 421 421 421 421 421 421 421 421 421 421 421 421 421 421 421 421 421 421 421 421 421 421 421 421 420 420 420 420 420 420 420 420 420 420 420 420 420 420 420 420 420 420 420 420 419 419 419 419 419 419 419 419 419 418 418 418 418 418 363 363 363 363 363 363 363 363 363 363 363 363 363 363 363 363 363 363 363 363 363 363 363 363 363 363 363 363 363 363 363
420 420 421 421 421 421 421 421 421 421 421 421 421 421 421 421 421 421 421 421 421 421 421 421 421 421 421 421 421 421 421 420 420 420 420 420 420 420 420 420 420 420 420 420 420 420 420 420 420 419 419 419 419 419 419 419 419 419 419 418 418 418 418 418 363 363 363 363 363 363 363 363 363 363 363 363 363 363 363 363 363 363 363 363 363 363 363 363 363 363 363 363 363 363
420 421 421 421 421 421 421 421 421 421 421 421 421 421 421 421 421 421 421 421 421 421 421 421 421 421 421 421 421 421 421 421 420 420 420 420 420 420 420 420 420 420 420 420 420 420 420 420 420 420 419 419 419 419 419 419 419 419 419 418 418 418 418 418 418 363 363 363 363 363 363 363 363 363 363 363 363 363 363 363 363 363 363 363 363 363 363 363 363 363 363 363 363 363
421 421 421 421 421 421 421 421 421 421 421 421 421 421 421 421 421 421 421 421 421 421 421 421 421 421 421 421 421 421 421 421 421 420 420 420 420 420 420 420 420 420 420 420 420 420 420 420 420 420 419 419 419 419 419 419 419 419 419 419 418 418 418 418 418 418 363 363 363 363 363 363 363 363 363 363 363 363 363 363 363 363 363 363 363 363 363 363 363 363 363 363 363 363
421 421 421 421 421 421 421 421 421 421 421 421 421 421 421 421 421 421 421 421 421 421 421 421 421 421 421 421 421 421 421 421 421 421 420 420 420 420 420 420 420 420 420 420 420 420 420 420 420 420 420 419 419 419 419 419 419 419 419 419 418 418 418 418 418 418 417 363 363 363 363 363 363 363 363 363 363 363 363 363 363 363 363 363 363 363 363 363 363 363 363 363 363 363
421 421 421 421 421 421 421 421 421 421 421 421 421 421 421 421 421 421 421 421 421 421 421 421 421 421 421 421 421 421 421 421 421 421 421 420 420 420 420 420 420 420 420 420 420 420 420 420 420 420 420 419 419 419 419 419 419 419 419 419 418 418 418 418 418 418 417 417 363 363 363 363 363 363 363 363 363 363 363 363 363 363 363 363 363 363 363 363 363 363 363 363 363 363
421 421 421 421 421 421 421 421 421 421 421 421 421 421 421 421 421 421 421 421 421 421 421 421 421 421 421 421 421 421 421 421 421 421 421 421 420 420 420 420 420 420 420 420 420 420 420 420 420 420 420 420 419 419 419 419 419 419 419 419 419 418 418 418 418 418 418 417 417 363 363 363 363 363 363 363 363 363 363 363 363 363 363 363 363 363 363 363 363 363 363 363 363 363
421 421 421 421 421 421 421 421 421 421 421 421 421 421 421 421 421 421 421 421 421 421 421 421 421 421 421 421 421 421 421 421 421 421 421 421 421 420 420 420 420 420 420 420 420 420 420 420 420 420 420 420 419 419 419 419 419 419 419 419 419 418 418 418 418 418 418 417 417 417 363 363 363 363 363 363 363 363 363 363 363 363 363 363 363 363 363 363 363 363 363 363 363 363
421 421 421 421 421 421 421 421 421 421 421 421 421 421 421 421 421 421 421 421 421 421 421 421 421 421 421 421 421 421 421 421 421 421 421 421 421 421 420 420 420 420 420 420 420 420 420 420 420 420 420 420 420 419 419 419 419 419 419 419 419 419 418 418 418 418 418 417 417 417 417 363 363 363 363 363 363 363 363 363 363 363 363 363 363 363 363 363 363 363 363 363 363 363
421 421 421 421 421 421 421 421 421 421 421 421 421 421 421 421 421 421 421 421 421 421 421 421 421 421 421 421 421 421 421 421 421 421 421 421 421 421 421 420 420 420 420 420 420 420 420 420 420 420 420 420 420 419 419 419 419 419 419 419 419 419 418 418 418 418 418 418 417 417 417 416 363 363 363 363 363 363 363 363 363 363 363 363 363 363 363 363 363 363 363 363 363 363
421 421 421 421 421 421 421 421 421 421 421 421 421 421 421 421 421 421 421 421 421 421 421 421 421 421 421 421 421 421 421 421 421 421 421 421 421 421 421 420 420 420 420 420 420 420 420 420 420 420 420 420 420 420 419 419 419 419 419 419 419 419 418 418 418 418 418 418 417 417 417 417 416 363 363 363 363 363 363 363 363 363 363 363 363 363 363 363 363 363 363 363 363 363
421 421 421 421 421 421 421 421 421 421 421 421 421 421 421 421 421 421 421 421 421 421 421 421 421 421 421 421 421 421 421 421 421 421 421 421 421 421 421 421 420 420 420 420 420 420 420 420 420 420 420 420 420 420 419 419 419 419 419 419 419 419 419 418 418 418 418 418 417 417 417 417 416 421 363 363 363 363 363 363 363 363 363 363 363 363 363 363 363 363 363 363 363 363
421 421 421 421 421 421 421 421 421 421 421 421 421 421 421 421 421 421 421 421 421 421 421 421 421 421 421 421 421 421 421 421 421 421 421 421 421 421 421 421 421 420 420 420 420 420 420 420 420 420 420 420 420 420 420 419 419 419 419 419 419 419 419 418 418 418 418 418 418 417 417 417 421 424 428 363 363 363 363 363 363 363 363 363 363 363 363 363 363 363 363 363 363 363
421 421 421 421 421 421 421 421 421 421 421 421 421 421 421 421 421 421 421 421 421 421 421 421 421 421 421 421 421 421 421 421 421 421 421 421 421 421 421 421 421 420 420 420 420 420 420 420 420 420 420 420 420 420 420 419 419 419 419 419 419 419 419 418 418 418 418 418 418 417 417 417 425 427 430 432 363 363 363 363 363 363 363 363 363 363 363 363 363 363 363 363 363 363
421 421 421 421 421 421 421 421 421 421 421 421 421 421 421 421 421 421 421 421 421 421 421 421 421 421 421 421 421 421 421 421 421 421 421 421 421 421 421 421 421 421 420 420 420 420 420 420 420 420 420 420 420 420 420 419 419 419 419 419 419 419 419 419 418 418 418 418 418 417 417 424 428 430 432 434 435 363 363 363 363 363 363 363 363 363 363 363 363 363 363 363 363 363
421 421 421 421 421 421 421 421 421 421 421 421 421 421 421 421 421 421 421 421 421 421 421 421 421 421 421 421 421 421 421 421 421 421 421 421 421 421 421 421 421 421 421 420 420 420 420 420 420 420 420 420 420 420 420 420 419 419 419 419 419 419 419 419 418 418 418 418 418 418 423 428 431 432 434 436 437 438 363 363 363 363 363 363 363 363 363 363 363 363 363 363 363 363
421 421 421 421 421 421 421 421 421 421 421 421 421 421 421 421 421 421 421 421 421 421 421 421 421 421 421 421 421 421 421 421 421 421 421 421 421 421 421 421 421 421 421 420 420 420 420 420 420 420 420 420 420 420 420 420 419 419 419 419 419 419 419 419 418 418 418 418 418 423 427 430 433 434 436 438 438 440 441 363 363 363 363 363 363 363 363 363 363 363 363 363 363 363
421 421 421 421 421 421 421 421 421 421 421 421 421 421 421 421 421 421 421 421 421 421 421 421 421 421 421 421 421 421 421 421 421 421 421 421 421 421 421 421 421 421 421 421 420 420 420 420 420 420 420 420 420 420 420 420 420 419 419 419 419 419 419 419 419 418 418 418 423 427 430 432 435 437 437 439 440 441 442 444 363 363 363 363 363 363 363 363 363 363 363 363 363 363
421 421 421 421 421 421 421 421 421 421 421 421 421 421 421 421 421 421 421 421 421 421 421 421 421 421 421 421 421 421 421 421 421 421 421 421 421 421 421 421 421 421 421 421 420 420 420 420 420 420 420 420 420 420 420 420 420 419 419 419 419 419 419 419 419 418 418 423 427 430 432 434 436 438 439 440 442 442 444 445 446 363 363 363 363 363 363 363 363 363 363 363 363 363
421 421 421 421 421 421 421 421 421 421 421 421 421 421 421 421 421 421 421 421 421 421 421 421 421 421 421 421 421 421 421 421 421 421 421 421 421 421 421 421 421 421 421 421 421 420 420 420 420 420 420 420 420 420 420 420 420 419 419 419 419 419 419 419 419 418 418 426 430 433 435 436 438 440 440 442 443 443 445 446 447 448 363 363 363 363 363 363 363 363 363 363 363 363
421 421 421 421 421 421 421 421 421 421 421 421 421 421 421 421 421 421 421 421 421 421 421 421 421 421 421 421 421 421 421 421 421 421 421 421 421 421 421 421 421 421 421 421 421 421 420 420 420 420 420 420 420 420 420 420 420 420 419 419 419 419 419 419 419 419 425 429 432 434 437 437 439 441 441 443 444 444 446 447 448 449 450 363 363 363 363 363 363 363 363 363 363 363
421 421 421 421 421 421 421 421 421 421 421 421 421 421 421 421 421 421 421 421 421 421 421 421 421 421 421 421 421 421 421 421 421 421 421 421 421 421 421 421 421 421 421 421 421 421 420 420 420 420 420 420 420 420 420 420 420 420 419 419 419 419 419 419 419 425 428 432 434 436 438 439 441 442 444 444 445 445 447 448 449 450 451 363 363 363 363 363 363 363 363 363 363 363
421 421 421 421 421 421 421 421 421 421 421 421 421 421 421 421 421 421 421 421 421 421 421 421 421 421 421 421 421 421 421 421 421 421 421 421 421 421 421 421 421 421 421 421 421 421 421 420 420 420 420 420 420 420 420 420 420 420 420 419 419 419 419 419 424 429 431 434 436 438 440 441 442 443 445 445 446 447 448 449 450 451 452 453 363 363 363 363 363 363 363 363 363 363
421 421 421 421 421 421 421 421 421 421 421 421 421 421 421 421 421 421 421 421 421 421 421 421 421 421 421 421 421 421 421 421 421 421 421 421 421 421 421 421 421 421 421 421 421 421 421 420 420 420 420 420 420 420 420 420 420 420 420 419 419 419 419 424 428 431 434 435 437 439 441 443 443 444 446 446 447 448 448 450 451 452 453 454 454 363 363 363 363 363 363 363 363 363
421 421 421 421 421 421 421 421 421 421 421 421 421 421 421 421 421 421 421 421 421 421 421 421 421 421 421 421 421 421 421 421 421 421 421 421 421 421 421 421 421 421 421 421 421 421 421 420 420 420 420 420 420 420 420 420 420 420 420 419 419 419 419 427 431 434 436 437 439 441 442 444 444 445 447 447 448 449 454 455 456 457 458 459 460 461 363 363 363 363 363 363 363 363
421 421 421 421 421 421 421 421 421 421 421 421 421 421 421 421 421 421 421 421 421 421 421 421 421 421 421 421 421 421 421 421 421 421 421 421 421 421 421 421 421 421 421 421 421 421 421 421 420 420 420 420 420 420 420 420 420 420 420 420 419 419 426 430 433 435 438 439 445 447 448 450 450 451 453 454 454 455 455 456 457 458 459 460 461 462 463 363 363 363 363 363 363 363
421 421 421 421 421 421 421 421 421 421 421 421 421 421 421 421 421 421 421 421 421 421 421 421 421 421 421 421 421 421 421 421 421 421 421 421 421 421 421 421 421 421 421 421 421 421 421 421 420 420 420 420 420 420 420 420 420 420 420 420 424 430 434 437 440 442 444 445 447 448 450 451 452 452 454 455 455 456 457 457 458 459 460 461 462 463 463 464 363 363 363 363 363 363
421 421 421 421 421 421 421 421 421 421 421 421 422 422 422 422 422 422 422 422 422 421 421 421 421 421 421 421 421 421 421 421 421 421 421 421 421 421 421 421 421 421 421 421 421 421 421 421 421 420 420 420 420 425 425 425 425 425 425 425 429 433 437 439 442 444 446 447 448 449 451 452 453 453 455 456 456 457 458 458 459 460 461 461 462 463 464 465 466 363 363 363 363 363
421 421 421 421 421 421 421 421 421 421 422 422 422 422 422 422 422 422 422 422 422 422 422 421 421 421 421 421 421 421 421 421 421 421 421 421 421 421 421 421 421 421 421 421 421 421 426 426 426 425 425 425 425 425 425 425 425 425 425 430 433 436 439 441 443 445 447 448 449 450 452 453 454 454 455 457 457 458 459 459 460 460 461 462 463 464 465 466 466 467 363 363 363 363
421 421 421 421 421 421 421 421 422 422 422 422 422 422 422 422 422 422 422 422 422 422 422 422 422 421 421 421 421 421 421 421 421 421 421 421 421 421 421 421 426 426 426 426 426 426 426 426 426 426 425 425 425 425 425 425 425 425 425 432 436 438 441 443 445 446 448 450 450 451 453 454 455 455 456 457 458 458 459 459 460 461 462 463 464 465 465 466 467 468 468 363 363 363
421 421 421 421 421 421 422 422 422 422 422 422 422 422 422 422 422 422 422 422 422 422 422 422 422 422 422 421 421 421 421 421 421 421 426 426 426 426 426 426 426 426 426 426 426 426 426 426 426 426 425 425 425 425 425 425 425 425 431 435 438 440 442 444 446 448 449 451 451 452 454 455 456 457 457 458 459 459 460 460 461 462 463 464 464 465 466 467 468 468 469 470 363 363
421 421 421 421 421 422 422 422 422 422 422 422 422 422 422 422 422 422 422 422 422 422 422 422 422 422 422 422 421 426 426 426 426 426 426 426 426 426 426 426 426 426 426 426 426 426 426 426 426 426 425 425 425 425 425 425 425 430 434 438 440 442 444 446 447 449 450 452 453 453 454 456 457 458 458 459 460 460 461 462 462 462 463 464 465 466 467 467 468 469 470 470 363 363
421 421 421 421 422 422 422 422 422 422 422 422 422 422 422 422 422 422 422 422 422 422 422 422 427 427 427 427 427 426 426 426 426 426 426 426 426 426 426 426 426 426 426 426 426 426 426 426 426 426 426 425 425 425 425 425 425 433 437 440 442 444 445 447 448 450 451 453 454 454 455 456 458 459 459 460 461 461 462 462 462 463 464 465 466 466 467 468 469 469 470 471 472 363
421 421 421 422 422 422 422 422 422 422 422 422 422 422 422 422 422 422 422 427 427 427 427 427 427 427 427 427 427 427 426 426 426 426 426 426 426 426 426 426 426 426 426 426 426 426 426 426 426 426 426 425 425 425 425 425 432 436 439 441 444 446 446 448 450 451 452 454 455 455 456 457 458 459 459 460 461 462 462 463 463 464 465 465 466 467 468 469 469 470 472 472 473 474
421 421 422 422 422 422 422 422 422 422 422 422 422 422 422 427 427 427 427 427 427 427 427 427 427 427 427 427 427 427 427 426 426 426 426 426 426 426 426 426 426 426 426 426 426 426 426 426 426 426 426 426 425 425 425 430 435 438 441 443 445 447 448 449 451 452 453 455 456 456 457 458 459 460 460 461 462 463 463 464 464 464 465 466 467 469 469 470 471 473 473 474 475 476
421 422 422 422 422 422 422 422 422 422 427 427 427 427 427 427 427 427 427 427 427 427 427 427 427 427 427 427 427 427 427 427 426 426 426 426 426 426 426 426 426 426 426 426 426 426 426 426 426 426 426 426 425 425 430 434 437 440 442 444 446 448 450 450 452 453 454 455 457 458 458 459 460 461 462 462 463 464 464 464 464 465 467 468 468 470 471 472 473 474 475 475 477 478
