testData/tiles/oneDegreeCosts/grid10.0-28.0-11.0-29.0.asc
ncols   200
nrows   200
xllcorner   10.0
yllcorner   28.0
cellsize   0.005
NODATA_value   -9999.0
[rows 126 to 167 of 200, columns 0 to 93 of 200]
877 878 879 880 881 882 882 883 884 885 885 886 888 888 889 889 891 891 892 892 894 895 895 896 897 654 654 655 657 657 658 658 659 660 661 661 662 664 664 665 665 666 667 668 668 669 669 671 672 672 673 673 675 675 676 676 677 679 679 680 680 681 681 683 683 684 684 685 686 687 688 688 689 689 690 691 692 692 693 693 694 696 696 697 697 698 698 699 700 701 701 702 702 703
877 878 879 879 881 882 882 883 884 885 885 886 887 888 889 889 891 891 892 892 894 895 895 896 653 654 654 655 656 657 658 658 659 660 661 661 662 663 664 664 665 666 667 668 668 669 669 671 671 672 673 673 675 675 676 676 677 677 679 679 680 681 681 683 683 684 684 685 685 687 687 688 689 689 690 691 692 692 693 693 694 694 696 696 697 697 698 698 700 700 701 702 702 703
877 878 879 879 880 881 882 883 884 885 885 886 887 888 888 889 891 891 892 892 894 894 895 652 653 654 654 655 655 657 657 658 658 660 661 661 662 662 664 664 665 665 667 668 668 669 669 671 671 672 672 673 673 675 676 676 677 677 679 679 680 680 681 681 683 684 684 685 685 687 687 688 688 689 689 690 691 692 693 693 694 694 696 696 697 697 698 698 699 700 701 701 702 702
877 878 879 879 880 881 882 882 883 885 885 886 887 888 888 889 890 891 892 892 894 894 895 651 652 653 654 655 655 657 657 658 658 660 660 661 662 662 664 664 665 665 666 667 668 669 669 670 671 672 672 673 673 675 675 676 677 677 679 679 680 680 681 681 683 683 684 684 685 686 687 688 688 689 689 690 691 692 692 693 693 694 695 696 696 697 697 698 698 700 701 701 702 702
876 878 879 879 880 881 882 882 883 884 885 886 886 888 888 889 889 891 891 892 893 894 651 651 652 653 654 654 655 657 657 658 658 659 660 661 661 662 664 664 665 665 666 667 668 668 669 669 671 672 672 673 673 675 675 676 676 677 677 679 680 680 681 681 683 683 684 684 685 685 687 687 688 688 689 690 691 692 692 693 693 694 694 696 696 697 697 698 698 700 700 701 701 702
876 877 878 879 880 881 882 882 883 884 885 885 886 888 888 889 889 891 891 892 892 650 651 651 652 653 654 654 655 656 657 658 658 659 660 661 661 662 662 664 664 665 666 667 668 668 669 669 671 671 672 672 673 675 675 676 676 677 677 679 679 680 680 681 682 683 684 684 685 685 687 687 688 688 689 689 690 691 692 692 693 693 694 695 696 696 697 697 698 698 700 700 701 701
876 877 878 879 879 880 882 882 883 884 885 885 886 887 888 889 889 891 891 892 648 650 650 651 652 653 654 654 655 655 657 657 658 658 660 661 661 662 662 664 664 665 665 666 668 668 669 669 670 671 672 672 673 673 675 675 676 677 677 679 679 680 680 681 681 683 683 684 684 685 685 687 688 688 689 689 690 691 692 692 693 693 694 695 696 696 697 697 698 698 700 700 701 701
876 877 878 879 879 880 881 882 883 883 885 885 886 887 888 888 889 891 891 892 648 650 650 651 651 652 654 654 655 655 657 657 658 658 660 660 661 662 662 664 664 665 665 666 667 668 668 669 670 671 672 672 673 673 675 675 676 676 677 678 679 679 680 681 681 683 683 684 684 685 685 687 687 688 688 689 689 691 691 692 692 693 693 694 695 696 696 697 697 698 698 700 700 701
876 877 878 879 879 880 881 882 882 883 885 885 886 886 888 888 889 889 891 648 648 649 650 651 651 652 653 654 654 655 657 657 658 658 659 660 661 661 662 663 664 665 665 666 667 668 668 669 669 671 671 672 672 673 675 675 676 676 677 677 679 679 680 680 681 682 683 683 684 684 685 687 687 688 688 689 689 690 691 692 692 693 693 694 695 696 696 697 697 698 698 700 700 701
876 876 877 879 879 880 881 882 882 883 884 885 886 886 888 888 889 889 647 647 648 648 650 651 651 652 653 654 654 655 656 657 657 658 659 660 661 661 662 662 664 664 665 665 667 668 668 669 669 671 671 672 672 673 673 675 675 676 676 677 679 679 680 680 681 681 683 683 684 684 685 685 687 687 688 688 689 689 691 691 692 692 693 693 695 695 696 696 697 697 698 699 700 700
876 876 877 878 879 880 880 882 882 883 884 885 885 886 887 888 889 645 647 647 648 648 650 650 651 652 653 654 654 655 655 657 657 658 658 660 661 661 662 662 664 664 665 665 666 667 668 668 669 670 671 672 672 673 673 675 675 676 676 677 678 679 679 680 680 681 682 683 684 684 685 685 687 687 688 688 689 689 691 691 692 692 693 693 694 695 696 696 697 697 698 698 700 700
876 876 877 878 879 879 880 882 882 883 883 885 885 886 887 888 888 645 647 647 648 648 650 650 651 651 652 653 654 655 655 657 657 658 658 659 660 661 661 662 663 664 665 665 666 667 668 668 669 669 671 671 672 672 673 674 675 676 676 677 677 679 679 680 680 681 682 683 683 684 684 685 686 687 687 688 688 689 689 691 691 692 692 693 693 695 695 696 696 697 697 698 699 700
876 876 877 878 879 879 880 881 882 882 883 885 885 886 886 888 644 645 645 647 647 648 649 650 651 651 652 653 654 654 655 656 657 658 658 659 660 661 661 662 662 664 664 665 665 667 668 668 669 669 671 671 672 672 673 673 675 675 676 676 677 678 679 679 680 681 681 683 683 684 684 685 685 687 687 688 688 689 689 691 691 692 692 693 693 694 695 696 696 696 697 697 698 699
875 876 876 877 879 879 880 881 882 882 883 884 885 886 886 644 644 645 645 647 647 648 648 650 650 651 652 653 654 654 655 655 657 657 658 658 660 661 661 662 662 664 664 665 665 666 667 668 668 669 669 671 671 672 673 673 675 675 676 676 677 678 679 679 680 680 681 682 683 683 684 684 685 686 687 687 688 688 689 690 691 691 692 692 693 693 695 695 696 696 697 697 698 699
875 876 876 877 878 879 880 880 882 882 883 884 885 885 642 643 644 645 645 647 647 648 648 650 650 651 651 652 653 654 655 655 657 657 658 658 660 660 661 661 662 663 664 665 665 666 667 668 668 669 669 671 671 672 672 673 674 675 675 676 676 677 678 679 680 680 681 681 683 683 684 684 685 686 687 687 688 688 689 689 691 691 692 692 692 693 694 695 695 696 696 697 697 699
874 876 876 877 878 879 879 880 881 882 883 883 885 885 642 643 644 644 645 646 647 648 648 649 650 651 651 652 653 654 654 655 656 657 658 658 659 660 661 661 662 663 664 664 665 665 667 667 668 668 669 671 671 672 672 673 673 675 675 676 676 677 678 679 679 680 680 681 682 683 683 684 684 685 686 687 687 688 688 689 690 691 691 692 692 693 693 695 695 695 696 696 697 697
874 875 876 877 878 879 879 880 881 882 882 883 884 641 642 642 644 644 645 645 647 647 648 648 650 651 651 652 653 654 654 655 656 657 657 658 658 660 660 661 662 662 664 664 665 665 666 667 668 668 669 669 671 671 672 672 673 674 675 675 676 676 678 679 679 680 680 681 682 683 683 684 684 685 686 687 687 687 688 688 689 690 691 691 692 692 693 694 695 695 696 696 697 697
874 875 876 876 877 879 879 880 881 882 882 883 640 641 641 642 643 644 645 645 647 647 648 648 650 650 651 651 653 653 654 655 655 657 657 658 658 660 660 661 661 662 663 664 664 665 665 667 668 668 669 669 671 671 672 672 673 674 675 675 676 676 677 678 679 679 680 680 681 682 683 683 684 684 685 686 687 687 688 688 689 690 691 691 692 692 692 693 694 695 695 696 696 697
874 875 876 876 877 878 879 879 880 882 882 639 640 641 641 642 643 644 644 645 646 647 648 648 650 650 651 651 652 653 654 654 655 656 657 657 658 659 660 661 661 662 663 664 664 665 665 667 667 668 668 669 670 671 671 672 672 673 674 675 675 676 676 678 678 679 679 680 680 682 682 683 683 684 684 686 686 687 687 688 688 690 690 691 691 692 692 693 694 694 695 695 696 696
873 874 876 876 877 878 879 879 880 881 639 639 639 641 641 642 642 644 644 645 645 647 647 648 648 650 650 651 652 653 654 654 655 656 657 657 658 658 660 660 661 661 662 663 664 665 665 666 667 668 668 669 669 671 671 672 672 673 674 675 675 676 676 677 678 679 679 680 680 682 682 683 683 684 684 686 686 687 687 688 688 688 690 690 691 691 692 692 694 694 695 695 695 696
873 874 875 876 876 877 879 879 880 639 639 639 639 640 641 641 642 643 644 645 645 647 647 648 648 650 650 651 651 653 653 654 654 655 657 657 658 658 660 660 661 661 662 663 664 664 665 665 667 667 668 668 669 670 671 671 672 672 674 674 675 675 676 676 678 678 679 679 680 680 682 682 683 683 684 684 686 686 687 687 688 688 690 690 691 691 691 692 692 694 694 695 695 696
873 874 875 876 876 877 878 879 879 639 639 639 639 640 641 641 642 643 644 644 645 646 647 648 648 650 650 651 651 652 653 654 654 655 656 657 657 658 658 660 660 661 662 663 664 664 665 665 667 667 668 668 669 670 671 671 672 672 673 674 675 675 676 676 678 678 679 679 680 680 682 682 683 683 684 684 685 686 686 687 687 688 688 690 690 691 691 692 692 693 694 694 695 695
873 874 875 876 876 877 878 879 639 639 639 639 639 639 641 641 642 643 644 644 645 646 647 647 648 648 650 650 651 651 653 654 654 655 656 657 657 658 658 660 660 661 661 662 663 664 664 665 665 667 667 668 668 669 670 671 671 672 672 674 674 675 675 676 676 678 678 679 679 680 681 682 682 683 683 684 684 686 686 687 687 687 688 689 690 690 691 691 692 692 693 694 694 695
873 873 874 875 876 876 878 639 639 639 639 639 639 639 640 641 641 642 643 644 645 645 647 647 648 648 650 650 651 651 653 653 654 654 655 656 657 657 658 659 660 661 661 662 663 664 664 665 665 667 667 668 668 669 670 671 671 672 672 674 674 675 675 676 676 678 678 679 679 680 680 681 682 682 683 683 684 685 686 686 687 687 688 689 689 690 690 691 691 692 693 694 694 694
873 873 874 875 876 876 639 639 639 639 639 639 639 639 640 641 641 642 643 644 644 645 646 647 647 648 649 650 651 651 652 653 654 654 655 656 657 657 658 658 660 660 661 661 663 663 664 664 665 666 667 667 668 668 670 670 671 671 672 672 674 674 675 675 676 677 678 678 679 679 680 681 682 682 683 683 684 685 685 686 686 687 687 688 689 690 690 690 691 691 692 693 694 694
872 873 874 875 876 639 639 639 639 639 639 639 639 639 640 640 641 642 643 644 644 645 646 647 647 648 648 650 650 651 651 653 653 654 654 656 656 657 658 658 660 660 661 661 662 663 664 664 665 665 667 667 668 668 669 670 671 671 672 672 674 674 675 675 676 676 677 678 678 679 679 680 681 682 682 683 683 684 685 686 686 686 687 687 689 689 690 690 691 691 691 693 693 694
872 873 873 874 639 639 639 639 639 639 639 639 639 639 639 640 641 641 642 643 644 644 645 646 647 648 648 650 650 651 651 653 653 654 654 655 656 657 657 658 659 660 660 661 661 663 663 664 664 665 666 667 667 668 668 670 670 671 671 672 672 674 674 675 675 676 677 678 678 679 679 680 681 681 682 682 683 683 685 685 686 686 687 687 687 689 689 690 690 691 691 691 693 693
872 873 873 639 639 639 639 639 639 639 639 639 639 639 639 640 641 641 642 643 644 644 645 646 647 647 648 649 650 650 651 651 653 653 654 654 656 657 657 658 658 660 660 661 661 663 663 664 664 665 666 667 667 668 668 669 670 671 671 672 672 673 674 674 675 675 676 677 678 678 679 679 681 681 682 682 683 683 683 685 685 686 686 687 687 688 689 689 690 690 691 691 692 693
871 872 639 639 639 639 639 639 639 639 639 639 639 639 639 640 640 641 641 643 643 644 645 646 647 647 648 648 650 650 651 651 653 653 654 654 656 656 657 657 658 659 660 660 661 661 663 663 664 664 665 666 667 667 668 668 670 670 671 671 672 673 674 674 675 675 676 677 678 678 678 679 679 681 681 682 682 683 683 685 685 685 686 686 687 687 689 689 689 690 690 691 691 692
871 639 639 639 639 639 639 639 639 639 639 639 639 639 639 639 640 641 641 642 643 644 644 645 646 647 647 648 649 650 650 651 652 653 653 654 655 656 657 657 658 659 660 660 661 661 663 663 664 664 665 666 667 667 667 668 669 670 670 671 671 672 673 674 674 675 675 677 677 678 678 679 679 680 681 681 682 682 683 683 685 685 685 686 686 687 688 689 689 689 690 690 691 692
870 639 639 639 639 639 639 639 639 639 639 639 639 639 639 639 640 640 641 642 643 644 644 645 646 647 647 648 649 650 650 651 651 653 653 654 654 656 656 657 657 658 659 660 660 661 662 663 663 664 664 666 666 667 667 668 668 670 670 671 671 672 673 674 674 674 675 675 677 677 678 678 679 679 681 681 681 682 682 683 684 685 685 685 686 686 687 688 689 689 689 690 690 692
639 639 639 639 639 639 639 639 639 639 639 639 639 639 639 639 640 640 641 641 643 643 644 644 646 646 647 647 649 649 650 650 651 652 653 653 654 656 656 657 657 658 659 660 660 661 661 662 663 663 664 664 666 666 667 667 668 669 670 670 671 671 672 673 674 674 675 675 677 677 677 678 678 679 680 681 681 682 682 682 684 684 685 685 686 686 686 688 688 689 689 689 690 690
639 639 639 639 639 639 639 639 639 639 639 639 639 639 639 639 639 640 641 641 642 643 644 644 645 646 647 647 648 649 650 650 651 652 653 653 654 654 656 656 657 657 659 659 660 660 661 662 663 663 664 664 666 666 667 667 668 669 670 670 670 671 671 673 673 674 674 675 675 677 677 678 678 678 679 680 681 681 682 682 682 684 684 685 685 686 686 687 688 688 689 689 689 690
639 639 639 639 639 639 639 639 639 639 639 639 639 639 639 639 639 640 640 641 641 643 643 644 644 646 646 647 647 649 649 650 650 651 652 653 653 654 655 656 656 657 657 659 659 660 660 661 662 663 663 664 664 666 666 667 667 668 669 670 670 671 671 673 673 673 674 674 675 676 677 677 678 678 679 680 680 681 681 682 682 684 684 684 685 685 686 686 687 688 688 689 689 689
639 639 639 639 639 639 639 639 639 639 639 639 639 639 639 639 639 640 640 641 641 643 643 644 644 646 646 647 647 648 649 650 650 651 652 653 653 654 655 656 656 657 657 659 659 660 660 661 662 663 663 664 664 666 666 666 667 667 669 669 670 670 671 671 673 673 674 674 674 676 676 677 677 678 678 680 680 680 681 681 682 682 684 684 684 685 685 686 687 687 688 688 688 689
639 639 639 639 639 639 639 639 639 639 639 639 639 639 639 639 639 639 640 640 641 641 643 643 644 644 646 646 647 647 649 649 650 650 652 652 653 653 654 655 656 656 657 658 659 659 660 660 662 662 663 663 664 665 666 666 667 667 668 669 670 670 670 671 672 673 673 674 674 675 676 676 677 677 678 678 680 680 680 681 681 682 683 684 684 684 685 685 686 687 687 688 688 688
639 639 639 639 639 639 639 639 639 639 639 639 639 639 639 639 639 639 640 640 641 641 643 643 644 644 646 646 647 647 649 649 650 650 651 652 653 653 654 655 656 656 657 657 659 659 660 660 661 662 662 663 663 664 665 666 666 667 667 669 669 670 670 671 671 672 673 673 674 674 676 676 677 677 677 678 679 680 680 681 681 681 682 683 684 684 684 685 685 686 687 687 688 688
639 639 639 639 639 639 639 639 639 639 639 639 639 639 639 639 639 639 639 640 640 641 642 643 643 644 645 646 646 647 647 649 649 650 650 652 652 653 653 654 655 656 656 657 658 659 659 660 660 662 662 663 663 664 665 666 666 666 667 667 669 669 670 670 671 672 673 673 673 674 674 676 676 677 677 677 678 679 680 680 681 681 681 683 683 684 684 684 685 685 686 687 687 688
639 639 639 639 639 639 639 639 639 639 639 639 639 639 639 639 639 639 639 640 640 641 641 643 643 644 644 646 646 647 647 649 649 650 650 652 652 653 653 654 655 656 656 657 657 658 659 659 660 660 662 662 663 663 664 665 666 666 667 667 669 669 669 670 670 672 672 673 673 674 674 675 676 676 677 677 678 679 679 680 680 681 681 681 683 683 684 684 684 685 686 686 687 687
639 639 639 639 639 639 639 639 639 639 639 639 639 639 639 639 639 639 639 639 640 640 641 642 643 643 644 645 646 646 647 648 649 649 650 650 652 652 653 653 655 655 656 656 657 658 659 659 660 660 662 662 662 663 663 665 665 666 666 667 668 669 669 670 670 670 672 672 673 673 674 674 675 676 676 677 677 678 679 679 680 680 681 681 682 683 683 683 684 684 685 686 686 687
639 639 639 639 639 639 639 639 639 639 639 639 639 639 639 639 639 639 639 639 640 640 641 642 643 643 644 645 646 646 647 647 649 649 650 650 652 652 653 653 653 655 655 656 656 658 658 659 659 660 661 662 662 663 663 665 665 665 666 666 667 668 669 669 670 670 671 672 672 673 673 674 675 675 676 676 677 677 679 679 679 680 680 681 681 682 683 683 683 684 684 686 686 686
639 639 639 639 639 639 639 639 639 639 639 639 639 639 639 639 639 639 639 639 639 640 640 641 642 643 643 644 645 646 646 647 648 649 649 650 651 652 652 653 653 655 655 656 656 657 658 659 659 659 660 661 662 662 663 663 665 665 666 666 666 668 668 669 669 670 670 672 672 672 673 673 674 675 676 676 676 677 677 679 679 679 680 680 680 682 682 683 683 683 684 684 685 686
