testData/tiles/oneDegreeCosts/grid7.0-6.0-8.0-7.0.asc
ncols   200
nrows   200
xllcorner   7.0
yllcorner   6.0
cellsize   0.005
NODATA_value   -9999.0
[rows 0 to 41 of 200, columns 94 to 187 of 200]
453 452 452 452 453 452 452 452 453 453 453 452 452 453 453 453 453 452 451 452 452 452 451 451 451 452 452 451 451 451 451 452 451 451 451 449 449 448 448 449 449 449 448 448 448 448 448 447 447 447 449 449 449 450 450 450 450 451 452 452 452 452 453 454 453 454 454 455 455 455 454 454 454 455 456 455 456 456 457 456 457 457 458 457 457 458 457 458 458 457 457 458 458 458
454 453 453 454 453 453 453 454 454 454 453 453 454 454 454 453 453 453 453 453 453 452 452 452 453 453 452 452 452 452 452 452 452 452 452 451 449 449 450 450 450 449 449 449 449 449 448 448 448 449 449 449 450 450 450 450 451 452 452 452 453 453 454 454 454 455 456 456 456 457 455 455 455 456 456 456 456 457 457 457 457 458 458 458 458 458 458 459 459 459 459 459 458 458
455 454 454 454 454 454 454 455 454 454 454 454 455 455 454 454 454 455 454 454 453 453 453 454 454 453 453 453 453 453 453 453 453 453 453 451 451 450 451 451 450 450 450 450 450 449 449 450 450 449 449 450 450 450 451 451 452 452 452 453 453 454 454 455 456 456 456 456 457 456 456 455 456 456 456 457 457 457 457 458 458 458 458 458 458 458 459 459 459 459 460 459 460 460
455 454 455 455 455 455 456 455 455 455 455 456 456 455 455 455 456 456 455 454 454 454 455 455 454 454 454 454 454 454 454 454 454 454 453 452 452 453 452 451 451 451 451 451 450 450 450 451 450 450 450 450 450 451 451 452 453 452 453 453 454 455 455 456 456 456 456 457 458 456 457 457 457 456 457 457 457 457 458 458 458 458 459 459 459 459 460 459 460 460 460 460 460 461
455 456 456 456 456 456 456 456 456 456 456 457 456 456 456 456 457 456 455 455 455 455 456 455 455 455 455 455 455 455 455 455 455 454 454 453 454 454 453 452 452 452 452 451 451 451 452 451 451 451 451 450 451 451 452 453 453 453 453 454 455 455 456 456 456 457 457 458 457 457 457 458 457 457 457 457 457 458 458 458 458 459 459 459 459 460 460 460 460 461 460 461 461 461
456 457 457 457 457 457 457 457 457 457 458 457 457 457 457 458 457 457 456 456 456 457 456 456 456 456 456 455 456 456 456 456 455 455 455 454 455 454 454 454 453 453 452 452 452 453 452 452 452 452 452 451 451 452 453 453 453 454 454 455 455 456 457 456 457 457 458 458 458 457 458 458 458 459 458 458 458 459 458 459 459 460 459 460 460 460 460 461 461 461 461 461 461 461
458 458 458 457 457 458 458 458 458 457 458 458 458 458 458 458 458 457 457 457 457 457 457 457 457 457 456 456 457 457 457 456 456 456 456 456 455 455 455 455 454 453 453 453 453 453 453 453 453 453 452 452 452 453 453 453 454 454 455 455 456 457 457 457 457 458 458 458 459 458 458 458 459 459 459 458 459 459 459 459 460 460 460 460 461 460 461 461 461 461 462 461 462 462
459 459 458 458 459 459 459 459 458 459 459 459 459 459 458 459 459 458 458 457 457 458 458 458 458 457 457 458 458 458 457 457 457 457 457 456 456 456 456 455 455 455 454 454 454 454 454 454 454 453 453 453 453 453 453 454 454 454 456 456 457 457 457 457 458 458 458 459 459 458 458 459 460 459 460 459 460 459 460 460 460 460 461 461 461 461 462 461 462 462 462 462 462 463
460 459 459 459 460 460 460 459 459 460 460 460 460 459 460 460 460 459 458 458 459 459 459 459 458 458 458 459 459 458 458 458 458 458 457 457 457 457 456 456 456 456 456 455 455 455 455 455 454 454 454 454 453 453 454 454 454 455 456 457 457 457 458 458 458 458 459 459 459 459 459 460 460 460 460 461 460 460 460 460 460 461 461 461 461 462 462 462 462 463 462 463 463 463
460 460 460 460 461 461 460 460 460 461 461 460 460 460 461 461 461 459 459 459 460 460 459 459 459 459 459 460 459 459 459 459 459 458 457 458 458 457 457 457 457 457 456 456 457 456 456 455 455 455 455 454 454 454 454 454 455 455 457 457 457 458 458 458 458 459 460 459 460 459 460 460 460 460 461 461 461 461 460 461 461 462 461 462 462 462 462 463 463 463 463 463 463 463
461 461 461 461 461 461 461 461 461 462 461 461 461 461 462 462 461 460 460 460 461 460 460 460 460 460 459 460 460 460 460 459 459 459 458 459 458 458 458 458 458 457 457 457 458 457 456 456 456 456 455 455 455 455 454 455 455 456 457 457 458 458 458 459 459 460 460 460 460 460 460 460 461 461 461 461 462 462 461 461 462 462 462 462 463 462 463 463 463 463 464 463 464 464
462 462 462 461 462 462 462 462 462 462 462 462 462 462 463 462 462 461 461 461 461 461 461 461 461 460 460 461 461 461 460 460 460 460 459 459 459 459 459 459 458 458 458 458 458 458 458 457 457 456 456 456 456 455 455 455 456 456 457 458 458 458 459 459 460 460 460 461 461 460 460 461 461 461 461 462 463 462 463 462 462 462 463 463 463 463 464 463 463 464 464 464 464 465
464 463 462 462 463 463 463 463 462 463 463 463 463 462 463 463 463 462 462 461 462 462 462 462 461 461 461 462 462 461 461 461 461 461 459 460 460 460 460 459 459 459 459 458 458 459 459 459 457 457 457 457 456 456 456 456 456 456 457 459 458 459 459 460 460 460 461 461 460 460 461 462 461 462 462 463 463 463 463 463 462 463 463 463 463 464 464 464 464 465 464 465 465 465
464 464 464 463 464 464 463 463 463 464 464 464 463 463 464 464 464 463 462 462 463 463 463 462 462 462 462 463 462 462 462 462 462 461 460 461 461 461 460 460 460 460 459 459 459 460 460 459 459 458 458 457 457 457 457 456 456 457 458 458 459 459 460 460 460 461 461 461 461 461 462 462 462 462 463 463 463 463 463 463 464 464 463 464 464 464 464 464 465 465 465 465 465 465
465 465 465 465 465 464 464 464 464 465 465 464 464 464 465 465 463 463 463 463 463 464 463 463 463 463 463 463 463 463 463 463 462 462 461 461 462 461 461 461 461 460 460 460 460 460 460 460 460 460 458 458 458 458 457 457 457 458 458 458 458 460 460 460 461 461 461 462 461 462 462 462 462 463 463 463 464 463 464 464 465 464 464 464 464 464 465 465 465 465 466 465 466 466
466 466 466 466 466 466 465 465 465 465 465 465 465 465 465 465 464 464 464 464 463 464 464 464 464 464 463 463 464 464 464 463 463 463 462 461 462 462 462 462 461 461 461 461 461 460 460 461 461 460 460 459 459 458 458 458 458 458 458 459 459 459 459 461 462 461 462 462 462 462 462 463 463 463 463 464 464 464 464 465 465 465 464 465 464 465 465 465 465 466 466 466 466 466
467 467 466 466 467 467 467 466 465 466 466 466 466 466 465 466 465 465 465 464 464 465 465 465 464 464 464 464 465 464 464 464 464 463 462 462 462 463 463 462 462 462 462 462 461 461 461 461 461 461 461 461 459 459 459 459 458 458 459 459 459 459 460 461 461 462 462 463 462 462 463 463 463 463 464 464 464 465 465 465 465 466 466 465 465 466 465 466 466 466 466 467 466 466
468 467 467 467 468 468 468 467 466 466 467 467 467 466 466 467 466 466 465 465 465 465 466 465 465 465 465 465 465 465 465 465 465 463 463 463 463 463 463 463 463 463 462 462 462 462 462 461 461 462 462 461 461 460 460 459 459 459 459 459 459 460 461 461 461 462 462 462 462 463 463 463 464 464 465 464 465 465 465 465 466 466 466 466 466 466 466 466 467 466 466 466 466 466
468 468 468 468 468 468 468 468 468 468 468 467 467 467 467 467 467 466 466 466 466 466 466 466 466 466 466 465 465 465 466 466 465 464 464 464 464 463 463 464 464 463 463 463 463 463 462 462 462 462 462 462 462 462 460 460 460 460 459 460 460 461 461 461 462 462 462 462 462 463 463 463 463 464 464 465 465 465 465 466 467 466 467 466 466 466 466 466 466 466 466 466 466 467
392 469 469 469 468 469 469 469 469 469 469 468 468 468 468 467 467 467 467 467 467 466 466 467 467 467 466 466 466 466 467 466 466 465 465 465 464 464 464 464 464 464 464 464 464 463 463 463 463 462 462 462 463 462 462 461 461 460 460 460 461 461 461 462 462 462 462 463 463 463 463 463 464 464 464 465 465 465 465 466 466 466 466 466 466 467 466 466 466 467 466 467 467 467
392 470 470 469 469 470 470 470 470 469 469 470 469 469 468 468 467 468 468 468 467 467 467 467 468 467 467 467 467 467 467 467 467 466 465 465 465 465 465 464 464 465 465 465 464 464 464 464 463 463 463 463 463 463 463 463 461 461 461 461 461 461 462 462 462 463 463 464 463 463 463 464 464 464 465 465 465 465 466 466 466 466 466 466 467 467 466 466 467 467 467 467 467 467
392 392 470 470 470 470 471 470 470 470 470 471 471 470 469 468 468 468 468 468 468 468 468 467 468 468 468 468 467 467 467 467 468 466 466 466 466 466 465 465 465 465 466 465 465 465 465 464 464 464 464 463 463 463 463 463 463 462 462 461 461 462 462 462 463 463 464 463 463 464 464 464 464 465 465 465 465 466 466 466 467 467 467 467 468 467 468 467 467 467 468 467 468 468
392 392 471 471 471 471 471 471 471 471 471 471 471 471 471 469 469 468 469 469 469 469 468 468 468 469 469 468 468 468 468 468 467 467 467 467 467 466 466 466 466 465 465 466 466 466 465 465 465 465 464 464 464 464 463 463 463 463 462 462 462 462 462 463 463 464 463 463 464 464 464 464 465 465 465 466 466 466 466 467 467 467 467 468 468 468 468 468 467 468 468 468 468 469
392 392 392 472 471 471 471 472 472 472 471 471 471 472 472 471 469 469 469 470 470 469 469 469 469 469 469 469 469 469 469 468 467 467 467 468 467 467 467 467 466 466 466 466 466 466 466 466 466 465 465 465 465 464 464 464 464 463 463 462 462 462 463 463 464 463 464 464 464 464 464 465 466 465 466 466 466 466 467 467 467 467 468 468 468 469 468 469 469 469 468 468 469 468
392 392 392 472 472 472 472 472 473 472 472 472 472 472 472 471 471 471 470 470 470 470 470 470 470 469 469 470 470 470 469 469 468 468 468 468 468 468 468 467 467 467 467 467 466 466 466 467 466 466 466 466 465 465 465 465 464 464 464 463 462 462 462 463 463 463 465 464 464 465 465 466 465 466 466 466 467 467 468 467 468 468 468 468 469 469 469 469 470 469 469 468 468 468
392 392 392 392 473 473 473 472 472 473 473 473 473 472 472 472 472 472 471 470 470 471 471 471 470 470 470 470 470 470 470 470 469 468 468 468 468 468 468 468 468 468 467 467 467 467 467 466 466 467 467 466 466 466 466 465 465 465 465 464 463 463 463 463 463 464 464 464 464 464 465 465 465 467 466 467 467 468 467 468 468 468 468 469 469 469 469 469 469 469 468 468 468 469
392 392 392 392 474 474 473 473 473 474 474 474 473 473 473 472 473 472 472 472 471 471 471 471 471 471 471 470 470 470 471 471 469 469 469 469 469 468 468 469 469 468 468 468 468 468 467 467 467 467 466 466 467 467 466 466 466 466 465 465 465 464 463 463 464 464 464 464 464 465 465 465 466 466 466 466 467 467 467 467 467 468 468 469 469 469 469 469 469 470 469 469 469 469
393 393 393 393 393 474 474 474 474 474 474 474 474 474 473 473 473 473 473 473 473 471 471 471 472 472 471 471 471 471 471 470 470 470 470 470 469 469 469 469 469 469 469 469 469 468 468 468 468 467 467 467 467 466 466 467 467 466 466 466 466 465 464 464 464 464 465 464 465 465 465 466 466 466 466 467 467 467 468 467 468 468 469 469 469 469 469 469 470 470 470 470 469 469
394 394 394 393 393 474 475 475 475 474 474 475 475 475 473 473 473 473 474 474 473 473 472 472 472 472 472 472 472 472 471 471 470 471 470 470 470 470 470 469 469 469 469 469 469 469 469 469 468 468 468 468 467 467 467 467 466 466 466 467 466 466 466 465 464 465 465 465 465 465 466 466 466 466 467 467 467 468 468 468 468 469 469 469 469 469 469 470 470 470 470 470 470 470
394 395 394 394 394 394 475 475 475 475 475 475 476 475 474 474 474 474 474 474 474 474 474 472 472 472 473 473 472 472 472 471 471 470 470 471 471 471 470 470 470 470 469 469 469 469 470 469 469 469 469 468 468 468 468 467 467 467 467 466 466 466 466 466 465 465 465 465 465 466 465 466 467 467 467 467 468 468 468 468 469 469 469 470 469 470 470 470 470 471 470 471 471 472
394 394 395 395 395 395 475 475 476 476 476 476 475 475 475 475 475 474 474 474 475 475 474 474 474 473 473 473 473 473 473 472 471 471 471 471 471 471 471 471 471 470 470 470 470 469 469 469 469 470 469 469 469 469 468 468 468 468 467 467 467 467 466 466 466 465 465 465 465 465 465 467 467 467 467 468 467 468 469 469 469 469 470 469 470 470 470 470 470 470 470 470 471 470
395 395 395 396 396 395 395 476 476 477 476 476 476 476 475 476 475 475 475 475 475 475 475 475 475 475 473 473 473 473 474 472 472 472 472 471 471 471 471 472 471 471 471 471 470 470 470 470 470 469 469 469 470 469 469 469 469 468 468 468 468 467 467 467 466 466 465 465 465 465 466 466 466 466 467 467 467 468 468 468 468 469 469 469 469 469 470 470 471 470 471 471 471 471
396 396 396 396 396 396 396 477 477 477 477 477 477 476 475 475 476 476 476 476 475 475 475 476 476 475 475 474 474 473 473 472 473 473 472 472 472 472 472 471 471 471 472 471 471 471 471 470 470 470 470 470 469 469 469 469 469 469 469 469 468 468 468 467 467 467 466 465 465 466 466 466 466 467 467 467 468 468 468 468 469 469 469 470 469 470 470 471 471 471 471 471 471 472
397 397 396 396 396 397 397 397 477 477 477 478 478 476 476 476 476 476 476 476 476 476 476 476 476 476 476 476 474 474 474 473 473 473 473 473 473 472 472 472 472 472 471 471 472 472 471 471 471 471 470 470 470 470 469 469 469 469 468 468 468 469 468 468 468 468 466 466 466 466 466 467 467 467 467 468 468 468 469 469 469 469 470 470 470 470 471 471 471 471 471 471 472 471
397 397 397 397 397 397 397 397 478 478 478 477 477 477 477 477 477 476 476 477 477 477 476 476 476 476 476 476 476 475 475 474 473 473 473 473 473 473 473 473 473 472 472 472 472 471 471 472 472 471 471 471 471 470 470 470 470 469 469 469 469 468 468 468 468 466 466 466 466 466 467 467 467 467 468 469 468 469 469 469 469 470 469 470 470 471 471 471 472 471 471 471 471 471
397 397 398 398 397 397 397 397 398 479 478 478 478 477 478 477 477 477 477 477 477 477 477 477 477 477 476 476 476 477 474 474 474 474 474 473 473 473 474 474 473 473 473 473 472 472 472 472 471 471 471 472 471 471 471 471 470 470 470 470 469 469 469 469 468 467 467 467 466 466 466 466 466 467 468 468 468 468 468 468 469 469 469 470 470 470 470 471 471 471 471 471 471 472
398 398 398 398 398 398 398 398 398 479 479 479 479 478 477 477 478 478 478 477 477 477 477 478 477 477 477 477 477 476 475 475 475 475 474 474 474 474 473 473 473 474 474 473 473 473 473 472 472 472 472 471 471 471 471 471 471 471 471 470 470 470 470 469 469 468 467 467 467 467 466 466 467 468 468 468 468 468 469 469 469 469 470 470 470 470 471 471 471 471 471 471 472 472
399 398 398 398 398 399 399 398 398 398 479 480 479 478 478 478 478 479 478 478 478 478 478 477 477 478 478 478 477 477 476 476 475 475 475 475 475 474 474 474 474 473 473 473 474 474 473 473 473 473 472 472 472 472 471 471 471 471 470 470 470 471 470 470 470 468 468 468 468 467 467 467 468 468 468 468 468 469 469 469 469 470 470 470 470 471 471 471 472 471 472 472 472 472
399 399 399 399 399 399 399 399 399 399 480 479 479 479 479 479 478 478 478 479 479 479 478 478 478 478 478 478 478 478 477 476 476 475 475 475 475 475 475 475 474 474 474 474 474 473 473 473 474 473 473 473 473 472 472 472 472 471 471 471 471 470 470 470 469 468 468 468 467 467 467 469 468 468 468 468 469 469 469 469 470 470 470 471 471 471 471 471 471 471 471 471 471 472
399 399 400 400 399 399 399 399 400 400 400 480 479 479 480 479 479 479 479 479 479 479 479 479 479 478 478 478 478 478 477 477 477 477 476 475 475 475 475 475 475 475 475 474 474 474 474 474 473 473 473 473 473 473 473 473 472 472 472 471 471 471 471 470 469 469 469 468 468 468 467 467 468 468 468 468 468 468 468 469 470 470 470 470 470 470 471 471 471 471 471 471 472 472
400 400 400 400 400 400 400 400 400 400 400 481 480 480 479 479 480 480 480 479 479 479 479 480 479 479 479 479 479 477 477 477 478 477 477 476 476 476 475 475 475 475 475 475 475 475 474 474 474 474 473 473 473 473 472 472 472 472 472 472 472 472 471 471 470 470 469 469 469 468 468 468 469 468 468 468 468 468 469 470 470 470 470 470 470 471 471 471 472 471 472 472 472 472
401 400 400 400 400 401 401 400 400 400 400 400 480 480 480 480 480 480 480 480 480 480 479 479 479 479 480 479 479 478 478 478 477 477 477 478 476 476 476 476 476 475 475 475 475 475 475 475 475 474 474 474 474 473 473 473 473 472 472 472 472 471 471 471 470 470 470 470 469 469 469 469 468 469 468 468 469 469 470 469 470 470 470 470 471 471 471 472 471 472 472 472 472 472
