testData/tiles/oneDegreeCosts/grid25.0-46.0-26.0-47.0.asc
ncols   200
nrows   200
xllcorner   25.0
yllcorner   46.0
cellsize   0.005
NODATA_value   -9999.0
[rows 84 to 125 of 200, columns 94 to 187 of 200]
270 270 269 270 269 269 268 267 268 267 267 267 267 266 265 265 264 265 264 263 263 262 263 262 262 261 261 261 260 260 258 259 258 258 256 256 257 256 256 254 255 254 254 253 252 253 252 251 250 250 249 249 249 248 247 247 247 255 255 254 254 254 253 252 251 252 250 250 250 248 249 249 249 248 249 249 250 249 249 249 249 251 249 250 250 250 250 250 250 250 250 249 251 251
270 270 269 269 270 269 268 267 267 267 267 267 266 266 265 265 264 264 265 264 263 262 262 262 262 261 260 261 260 260 258 258 258 258 258 256 256 256 256 254 254 254 254 253 252 252 252 251 250 250 250 249 249 248 247 246 247 256 255 255 254 254 253 253 251 251 250 250 250 248 248 248 248 248 249 249 248 249 249 250 249 249 249 250 250 249 250 249 251 249 250 249 250 251
270 270 270 269 269 269 269 267 267 267 267 267 266 266 265 265 265 264 264 264 263 262 262 262 262 262 260 260 260 260 259 258 258 258 258 256 256 255 256 255 254 254 253 254 252 252 251 251 251 250 250 248 248 248 248 246 246 246 255 255 254 253 252 253 251 251 251 249 250 249 248 248 248 248 249 248 248 249 249 249 248 249 249 249 250 249 250 249 249 249 250 249 249 249
270 269 270 269 269 269 269 269 267 267 266 267 266 266 266 265 265 264 264 263 264 262 262 262 261 262 260 260 259 259 260 258 258 257 258 257 256 255 255 256 254 254 253 253 252 252 251 251 250 250 250 248 248 247 248 247 246 246 254 255 254 253 252 252 252 251 251 249 249 249 248 248 248 248 247 248 248 249 248 248 248 249 250 248 249 249 250 248 249 249 249 249 249 249
270 269 269 269 269 269 268 269 267 267 266 266 266 266 266 264 264 264 264 263 263 263 262 262 261 261 261 260 259 259 259 258 258 257 257 257 256 256 255 255 254 254 253 253 252 252 252 251 250 249 250 249 248 247 247 247 246 246 255 254 254 254 252 252 252 251 251 250 249 248 248 248 248 247 247 248 248 248 248 248 249 249 249 248 249 248 248 248 249 249 248 249 249 250
271 269 269 269 269 269 268 268 268 267 266 266 266 266 266 265 264 264 264 264 263 263 262 262 261 261 260 260 260 259 259 258 258 257 257 257 256 256 255 255 254 254 253 253 253 251 252 251 251 249 249 249 248 248 247 247 246 246 245 254 254 254 253 252 252 250 250 250 249 248 248 247 247 247 247 248 247 248 248 248 248 247 248 248 249 248 248 248 249 249 248 249 248 248
271 271 269 269 268 269 268 268 268 268 267 266 266 265 266 265 264 264 263 264 263 263 262 262 261 261 261 260 260 259 259 258 257 257 257 257 256 255 255 255 254 253 253 253 253 251 251 250 251 249 249 249 248 248 247 247 245 245 245 254 254 253 252 252 252 250 250 249 249 249 248 247 246 248 247 247 247 247 248 247 248 247 248 247 248 248 248 249 247 248 248 249 247 248
270 271 270 269 268 268 268 268 268 267 266 266 266 265 265 265 265 264 263 263 263 263 262 261 261 261 261 260 259 259 259 258 258 257 257 257 256 255 254 255 254 254 253 252 253 251 251 250 250 249 249 249 248 247 247 247 245 245 245 254 254 253 253 251 252 251 250 249 249 249 248 247 246 247 246 247 247 247 247 246 248 247 247 247 247 247 248 248 247 248 247 248 247 248
270 270 270 269 268 268 268 268 268 267 267 265 266 265 265 265 265 264 263 263 262 263 262 261 261 260 261 260 259 258 259 259 258 257 256 257 256 256 254 254 255 254 253 252 252 252 251 250 250 250 249 249 248 247 246 247 246 245 245 244 254 253 253 251 251 251 250 250 249 248 247 247 246 246 246 246 248 246 247 246 247 247 247 247 247 247 247 248 247 248 247 247 247 248
270 270 269 269 269 268 268 267 268 267 267 265 265 266 265 265 264 265 263 263 262 262 263 262 261 260 260 260 260 258 258 258 258 258 256 256 256 256 254 254 254 254 253 252 252 251 251 250 250 250 248 249 248 247 246 246 246 245 245 244 253 252 253 251 251 250 249 250 249 248 247 247 246 246 246 246 246 246 247 246 246 246 246 247 246 247 247 247 247 247 247 247 247 246
270 270 269 269 269 268 268 267 267 267 267 267 265 265 265 265 264 264 263 263 263 262 262 262 261 260 260 260 260 259 258 258 257 258 256 256 255 255 255 254 254 253 253 252 252 251 251 250 250 250 248 248 247 248 246 246 246 244 245 244 253 252 252 251 251 251 249 249 249 248 247 247 245 246 247 245 246 245 246 246 246 246 246 246 246 247 247 246 246 246 247 246 246 246
270 270 270 269 269 268 268 267 267 267 267 267 266 265 264 265 264 264 264 262 263 262 262 261 262 260 260 260 259 260 258 258 257 257 256 256 256 255 255 254 254 253 253 251 252 252 251 250 249 250 249 248 247 247 246 246 246 244 244 244 244 252 252 251 251 251 250 249 248 249 247 247 245 245 245 245 246 245 245 245 246 246 246 246 246 246 246 246 246 246 246 246 247 246
270 269 270 269 269 268 267 267 267 267 266 267 266 265 264 264 264 264 264 262 262 262 262 261 261 260 260 260 259 259 258 258 257 257 256 256 256 255 255 254 254 253 253 251 251 252 251 250 249 249 249 248 247 247 246 246 246 245 244 243 244 252 252 252 250 250 250 249 248 248 246 247 247 245 245 244 245 245 245 245 245 245 246 246 246 245 245 246 246 246 246 246 246 245
270 269 269 269 269 268 268 267 267 267 266 266 266 266 264 264 264 264 264 263 262 261 262 261 261 260 259 260 259 259 258 258 257 257 257 256 256 255 255 254 253 253 253 253 251 251 251 251 249 249 248 248 247 247 247 245 246 245 244 243 243 251 252 252 250 250 249 249 248 248 246 246 247 245 245 244 244 244 245 244 244 245 245 246 245 245 245 245 244 246 246 246 245 245
270 269 269 268 269 268 268 267 266 267 266 266 265 265 264 264 264 263 264 263 262 261 261 261 261 261 259 259 259 259 258 257 257 257 257 256 255 254 255 254 253 253 253 253 251 251 250 251 249 249 248 248 247 247 247 245 245 244 244 243 243 243 251 252 251 250 249 249 248 248 246 246 246 244 245 244 244 244 243 244 245 245 244 244 244 245 245 245 244 245 246 245 245 245
269 269 269 268 268 269 268 268 266 266 266 266 265 265 265 264 264 263 263 263 263 261 261 261 261 261 259 259 258 259 258 257 257 256 257 256 255 254 254 254 253 253 252 252 251 251 250 250 249 249 248 248 247 246 247 245 245 244 244 243 243 243 251 251 251 250 249 249 247 247 248 246 246 244 244 244 244 243 243 244 244 244 244 244 244 244 244 245 244 245 244 244 245 245
269 268 269 269 268 268 268 268 266 266 265 266 265 265 265 264 264 263 263 262 263 261 261 261 260 261 260 259 258 258 258 258 257 256 256 256 255 254 254 253 254 253 252 252 251 251 250 250 249 248 249 248 247 246 246 246 245 244 244 243 243 243 251 251 250 249 249 249 247 247 247 246 246 245 244 243 243 243 244 244 243 243 244 245 243 244 243 244 244 244 244 244 243 244
270 268 268 269 268 268 267 268 267 266 265 265 266 265 265 264 263 263 263 262 262 262 261 261 260 260 260 259 258 258 258 258 257 256 256 255 256 254 254 253 253 253 252 252 251 250 250 250 249 248 248 248 248 246 246 245 245 244 244 243 242 242 241 251 250 249 248 249 248 247 247 245 246 245 244 243 243 243 244 243 243 243 243 244 243 244 243 243 243 244 244 243 243 243
270 270 268 268 268 268 267 267 266 267 265 265 265 265 265 264 263 262 263 262 262 262 261 261 260 260 259 259 258 258 258 257 258 256 256 255 255 254 254 254 253 252 252 252 251 250 249 250 249 248 248 247 247 246 246 245 244 243 244 244 242 242 241 251 250 250 248 248 249 247 247 245 245 244 244 243 243 243 242 243 243 244 242 243 242 244 242 243 243 243 243 243 244 243
270 270 268 268 267 268 267 267 266 266 266 265 265 264 265 264 264 262 262 263 262 262 261 260 260 260 259 259 258 258 258 257 257 255 256 255 255 253 253 254 253 253 251 251 251 251 249 249 249 249 248 247 247 245 246 245 245 243 243 244 242 242 241 250 250 250 248 248 248 246 247 246 245 244 243 243 243 242 242 242 241 243 242 243 242 242 242 243 244 242 243 242 244 242
269 270 269 268 267 267 267 267 266 266 266 265 265 264 264 264 264 262 262 262 262 262 261 260 259 260 259 259 258 257 258 257 257 255 255 255 255 254 253 253 253 253 251 251 250 251 249 249 249 248 248 247 247 245 245 245 245 244 243 243 242 242 241 241 249 249 248 248 248 246 246 246 245 244 244 242 242 242 242 242 241 242 242 242 242 242 243 241 243 242 243 241 242 241
269 269 268 269 267 267 266 267 267 266 266 265 265 264 264 263 263 263 262 262 261 262 261 261 259 259 259 259 259 257 257 257 257 256 255 254 255 255 253 253 252 253 251 251 250 250 249 249 249 248 247 247 247 246 245 244 244 244 243 243 241 241 241 241 249 249 249 248 248 246 246 245 244 244 244 242 242 241 241 242 241 242 241 241 242 242 242 241 242 241 242 241 242 241
269 269 268 268 267 267 266 266 267 266 266 265 264 264 264 263 263 263 262 262 261 261 260 261 259 259 258 259 259 257 257 256 257 256 255 254 254 255 254 253 252 252 252 251 250 250 250 249 249 248 247 246 246 246 245 244 244 243 243 243 242 241 240 241 239 249 249 247 247 247 246 245 244 243 244 242 242 242 240 241 241 241 241 241 241 241 242 241 242 241 241 241 242 241
269 269 268 268 267 267 266 266 266 266 266 265 264 263 264 263 263 263 262 262 261 261 260 260 259 259 258 258 258 258 257 256 256 255 255 254 254 254 253 253 252 252 251 250 250 250 250 248 248 248 248 246 246 245 245 244 244 244 242 243 242 241 240 240 239 249 249 247 247 246 246 245 245 243 243 242 242 242 240 241 240 241 241 241 240 240 241 241 241 241 241 241 240 241
268 269 268 268 267 267 266 266 266 265 265 265 265 263 263 263 263 263 262 261 261 261 260 260 259 259 259 258 258 257 257 256 256 255 255 254 254 254 253 252 252 252 251 250 249 250 250 248 248 247 248 246 246 245 245 244 244 244 242 242 241 241 240 240 239 248 249 247 247 246 245 245 245 243 243 243 241 242 240 240 240 240 239 240 240 240 240 240 241 241 240 240 240 240
268 268 268 268 267 267 266 266 266 265 265 264 265 263 263 262 263 263 262 262 260 261 260 260 259 259 259 258 258 257 256 256 256 255 255 253 254 254 253 253 251 252 251 251 249 249 250 249 248 247 247 246 246 245 245 244 243 244 242 242 241 240 240 240 239 238 248 248 247 246 245 244 244 243 243 243 241 241 240 240 240 239 239 239 240 240 240 240 240 239 240 240 240 239
268 268 267 268 267 267 267 265 266 265 265 264 264 264 263 262 262 262 262 262 260 260 260 260 259 259 258 258 258 257 257 255 256 255 255 253 253 254 253 253 251 251 251 251 249 249 249 248 248 247 247 246 245 245 245 244 243 243 243 242 241 241 239 240 239 238 248 247 246 246 246 244 244 243 243 243 241 241 240 239 239 239 239 239 238 239 240 240 239 239 239 239 239 239
268 268 267 267 267 267 267 265 265 265 265 264 264 263 263 262 262 262 261 262 260 260 259 259 259 259 258 257 257 257 257 255 255 254 255 255 253 253 252 253 251 251 250 250 249 249 249 248 247 247 247 246 245 244 245 244 243 243 242 242 241 241 239 239 238 238 238 247 246 245 246 244 244 243 242 242 241 241 240 239 238 239 239 239 238 239 239 239 239 239 239 238 239 239
267 268 267 267 266 266 267 266 265 264 265 264 264 263 263 262 262 262 261 261 261 260 259 259 258 259 258 257 257 256 257 255 255 254 254 255 253 253 252 252 252 251 250 250 249 249 249 248 248 246 247 246 245 244 244 245 243 243 242 241 240 241 239 239 238 238 238 247 246 245 245 243 244 243 242 242 241 241 240 239 238 237 237 239 238 238 238 238 238 238 239 238 239 237
267 267 267 267 266 266 266 266 265 264 264 264 264 263 263 262 262 262 261 261 260 260 259 259 258 258 259 257 257 256 256 256 255 254 254 254 254 253 252 252 251 251 250 250 249 248 249 248 248 246 246 246 245 244 244 244 242 243 242 241 240 240 240 239 238 238 237 246 246 245 245 243 243 243 242 242 241 240 239 239 238 238 237 238 236 238 238 238 238 237 239 238 238 237
268 267 266 267 266 266 266 265 266 264 264 263 263 263 263 262 261 262 261 261 260 260 259 259 258 258 258 257 257 256 256 255 255 254 254 253 253 253 252 252 251 250 250 250 249 248 248 247 248 246 246 245 245 244 244 244 242 242 242 242 240 240 239 238 238 238 237 236 246 245 245 244 243 242 242 242 241 240 239 238 238 238 237 237 236 237 239 237 238 237 238 236 238 237
268 267 266 266 266 266 266 265 265 264 264 263 263 262 263 262 261 261 260 261 260 260 258 258 258 258 258 257 257 256 256 255 255 254 254 253 253 252 251 252 251 250 249 249 249 249 248 247 247 246 246 245 245 243 244 244 243 242 241 241 240 240 239 238 237 238 237 236 246 244 245 244 243 242 242 241 241 240 239 239 237 237 236 237 236 236 237 236 238 236 237 236 237 236
268 268 266 266 265 266 265 265 265 264 264 263 263 262 262 262 262 261 260 260 260 260 259 258 257 258 258 257 256 255 256 255 255 253 253 253 253 253 251 251 251 251 249 249 248 249 248 247 247 246 246 245 245 243 243 242 243 242 241 241 239 240 239 238 237 237 237 236 236 244 244 243 243 242 242 241 240 239 239 239 237 237 236 237 236 236 237 236 236 236 237 236 236 236
268 268 267 266 265 265 265 265 265 264 263 263 263 262 262 261 262 261 260 260 259 260 259 258 257 257 257 257 256 255 255 255 255 253 253 252 253 253 251 251 250 251 249 249 248 248 248 247 247 246 245 244 245 244 243 242 242 242 241 241 239 239 239 238 237 237 237 235 236 244 244 243 242 242 242 241 240 240 238 239 237 237 236 235 235 236 237 235 236 235 236 236 236 236
268 268 267 266 265 265 264 264 265 264 264 262 263 262 262 261 261 261 260 260 259 259 259 258 257 257 256 257 257 255 255 254 255 254 253 252 252 253 251 251 250 250 249 249 248 248 247 246 247 246 245 244 244 244 243 242 242 241 241 241 240 239 238 238 237 237 237 235 235 245 244 243 242 241 241 240 240 240 238 238 236 237 236 235 235 234 236 235 236 235 235 235 236 235
268 268 267 267 265 265 264 264 264 264 264 262 262 261 262 261 261 260 260 260 259 259 258 259 257 257 256 256 257 255 255 254 254 254 253 252 252 252 251 251 250 250 249 248 248 248 247 246 246 246 246 244 244 243 243 242 242 242 240 240 240 239 238 238 236 237 237 235 235 234 243 243 243 241 241 240 240 240 238 238 236 236 236 235 234 234 235 235 235 235 235 235 234 234
268 268 267 267 265 265 264 264 263 263 264 263 262 261 261 261 261 260 259 259 259 259 258 258 256 257 256 256 256 255 255 254 254 253 252 252 252 251 251 250 250 250 249 248 247 248 247 246 246 245 246 244 244 243 242 241 242 242 240 240 239 239 238 238 236 236 235 235 235 234 243 242 243 241 241 240 239 239 238 238 237 236 235 234 234 234 235 234 234 234 234 234 234 234
268 268 267 267 266 265 264 264 263 263 263 263 262 261 261 260 261 260 260 259 258 259 258 258 256 256 256 256 255 255 254 254 254 253 253 251 252 251 251 250 249 250 249 248 247 247 247 246 246 245 245 243 244 243 243 241 241 241 240 240 239 238 237 238 236 236 235 235 235 234 234 242 242 240 241 240 239 239 237 237 237 236 235 234 233 234 233 234 234 233 233 234 234 233
268 268 267 267 266 265 264 264 263 263 262 262 263 261 261 260 260 260 260 258 258 258 258 258 257 256 255 256 255 255 254 253 254 253 253 251 251 251 251 250 249 249 248 249 247 247 246 246 245 245 245 243 243 243 243 241 241 240 240 240 239 239 237 237 237 236 235 235 234 233 234 242 242 240 240 240 239 239 238 237 236 236 235 235 233 233 232 234 233 233 233 233 233 233
268 267 267 267 266 266 264 264 263 263 262 262 262 261 261 260 260 259 260 258 258 258 257 258 257 256 255 255 255 255 254 253 253 253 253 251 251 250 250 250 249 249 248 248 247 247 246 246 244 245 245 244 243 242 243 241 241 240 240 239 239 239 237 237 236 236 235 235 234 233 233 232 242 241 240 239 238 238 238 237 236 235 234 235 233 233 232 232 232 233 233 232 233 232
268 267 267 267 266 266 264 264 263 263 262 262 261 261 260 260 260 259 259 258 258 257 257 257 256 257 255 255 254 254 254 253 253 252 252 251 251 250 250 249 249 249 248 248 246 247 246 246 244 244 245 244 243 242 242 241 241 240 240 238 238 239 237 237 236 235 234 235 233 233 233 231 241 241 240 239 238 237 238 237 236 235 234 234 233 233 231 232 233 231 233 232 233 231
268 267 267 266 266 266 265 264 263 263 262 262 261 261 260 259 260 259 259 258 257 257 257 257 256 256 255 255 254 254 253 253 253 252 252 251 251 250 250 249 249 249 248 248 246 246 245 246 244 244 243 243 243 242 242 241 240 240 240 238 238 238 236 237 236 235 234 234 233 233 233 231 231 240 240 239 239 237 237 236 236 236 234 234 232 232 231 232 231 231 232 230 232 231
