testData/tiles/oneDegreeCosts/grid8.0-41.0-9.0-42.0.asc
ncols   200
nrows   200
xllcorner   8.0
yllcorner   41.0
cellsize   0.005
NODATA_value   -9999.0
[rows 126 to 167 of 200, columns 0 to 93 of 200]
595 595 596 596 596 596 596 596 596 596 596 597 597 597 597 597 597 597 597 597 597 597 597 597 597 597 597 597 597 597 597 597 597 597 597 597 597 597 596 596 596 596 596 596 596 596 596 595 595 595 595 595 595 594 594 594 594 594 593 593 593 593 592 592 592 592 592 591 591 591 590 590 590 590 589 589 589 589 786 786 786 785 785 785 784 784 784 783 783 783 782 782 782 781
595 595 595 595 595 595 596 596 596 596 596 596 596 596 596 596 596 596 596 597 597 597 597 597 597 597 597 597 597 597 596 596 596 596 596 596 596 596 596 596 596 596 596 595 595 595 595 595 595 595 594 594 594 594 594 594 593 593 593 593 592 592 592 592 592 591 591 591 591 590 590 590 590 589 589 589 588 588 786 786 785 785 785 784 784 784 783 783 783 782 782 782 781 781
594 594 595 595 595 595 595 595 595 595 595 596 596 596 596 596 596 596 596 596 596 596 596 596 596 596 596 596 596 596 596 596 596 596 596 596 596 596 595 595 595 595 595 595 595 595 595 594 594 594 594 594 594 593 593 593 593 593 592 592 592 592 592 591 591 591 591 590 590 590 590 589 589 589 589 588 588 588 785 785 785 785 784 784 784 783 783 783 782 782 782 781 781 781
594 594 594 594 594 594 595 595 595 595 595 595 595 595 595 595 595 595 596 596 596 596 596 596 596 596 596 596 596 596 596 595 595 595 595 595 595 595 595 595 595 595 595 594 594 594 594 594 594 594 593 593 593 593 593 593 592 592 592 592 592 591 591 591 591 590 590 590 590 589 589 589 589 588 588 588 588 785 785 785 784 784 784 784 783 783 783 782 782 782 781 781 781 780
593 593 594 594 594 594 594 594 594 594 594 595 595 595 595 595 595 595 595 595 595 595 595 595 595 595 595 595 595 595 595 595 595 595 595 595 595 595 594 594 594 594 594 594 594 594 594 593 593 593 593 593 593 592 592 592 592 592 592 591 591 591 591 590 590 590 590 590 589 589 589 589 588 588 588 587 587 785 785 784 784 784 783 783 783 783 782 782 782 781 781 781 780 780
593 593 593 593 593 593 594 594 594 594 594 594 594 594 594 594 594 594 595 595 595 595 595 595 595 595 595 595 595 595 595 594 594 594 594 594 594 594 594 594 594 594 594 593 593 593 593 593 593 593 593 592 592 592 592 592 591 591 591 591 591 590 590 590 590 590 589 589 589 589 588 588 588 588 587 587 587 785 784 784 784 783 783 783 782 782 782 782 781 781 781 780 780 780
592 592 593 593 593 593 593 593 593 593 594 594 594 594 594 594 594 594 594 594 594 594 594 594 594 594 594 594 594 594 594 594 594 594 594 594 594 594 594 593 593 593 593 593 593 593 593 592 592 592 592 592 592 592 591 591 591 591 591 590 590 590 590 590 589 589 589 589 588 588 588 588 587 587 587 587 586 784 784 784 783 783 783 782 782 782 781 781 781 781 780 780 780 779
592 592 592 592 592 593 593 593 593 593 593 593 593 593 593 593 593 593 594 594 594 594 594 594 594 594 594 594 594 594 594 593 593 593 593 593 593 593 593 593 593 593 593 593 592 592 592 592 592 592 592 591 591 591 591 591 591 590 590 590 590 590 589 589 589 589 588 588 588 588 588 587 587 587 586 586 586 784 783 783 783 783 782 782 782 781 781 781 780 780 780 779 779 779
591 592 592 592 592 592 592 592 592 592 593 593 593 593 593 593 593 593 593 593 593 593 593 593 593 593 593 593 593 593 593 593 593 593 593 593 593 593 593 592 592 592 592 592 592 592 592 592 591 591 591 591 591 591 590 590 590 590 590 590 589 589 589 589 588 588 588 588 588 587 587 587 587 586 586 586 586 783 783 783 782 782 782 782 781 781 781 780 780 780 779 779 779 778
591 591 591 591 591 592 592 592 592 592 592 592 592 592 592 592 592 592 593 593 593 593 593 593 593 593 593 593 593 593 593 592 592 592 592 592 592 592 592 592 592 592 592 592 591 591 591 591 591 591 591 590 590 590 590 590 590 589 589 589 589 589 588 588 588 588 588 587 587 587 587 586 586 586 586 585 585 783 783 782 782 782 781 781 781 781 780 780 780 779 779 779 778 778
590 591 591 591 591 591 591 591 591 591 592 592 592 592 592 592 592 592 592 592 592 592 592 592 592 592 592 592 592 592 592 592 592 592 592 592 592 592 592 591 591 591 591 591 591 591 591 591 590 590 590 590 590 590 590 589 589 589 589 589 588 588 588 588 588 587 587 587 587 586 586 586 586 585 585 585 585 782 782 782 782 781 781 781 780 780 780 780 779 779 779 778 778 778
590 590 590 590 590 591 591 591 591 591 591 591 591 591 591 591 591 591 592 592 592 592 592 592 592 592 592 592 592 592 592 591 591 591 591 591 591 591 591 591 591 591 591 591 590 590 590 590 590 590 590 590 589 589 589 589 589 589 588 588 588 588 588 587 587 587 587 586 586 586 586 586 585 585 585 585 584 782 782 781 781 781 781 780 780 780 779 779 779 779 778 778 778 777
589 590 590 590 590 590 590 590 590 590 591 591 591 591 591 591 591 591 591 591 591 591 591 591 591 591 591 591 591 591 591 591 591 591 591 591 591 591 591 590 590 590 590 590 590 590 590 590 589 589 589 589 589 589 589 588 588 588 588 588 587 587 587 587 587 586 586 586 586 586 585 585 585 585 584 584 584 782 781 781 781 780 780 780 780 779 779 779 778 778 778 778 777 777
589 589 589 589 589 590 590 590 590 590 590 590 590 590 590 590 590 590 591 591 591 591 591 591 591 591 591 591 591 591 591 590 590 590 590 590 590 590 590 590 590 590 590 590 589 589 589 589 589 589 589 589 588 588 588 588 588 588 587 587 587 587 587 586 586 586 586 586 585 585 585 585 584 584 584 584 583 781 781 781 780 780 780 780 779 779 779 778 778 778 777 777 777 777
589 589 589 589 589 589 589 589 589 590 590 590 590 590 590 590 590 590 590 590 590 590 590 590 590 590 590 590 590 590 590 590 590 590 590 590 590 590 590 590 589 589 589 589 589 589 589 589 589 588 588 588 588 588 588 587 587 587 587 587 587 586 586 586 586 586 585 585 585 585 584 584 584 584 583 583 583 781 780 780 780 780 779 779 779 779 778 778 778 777 777 777 776 776
588 588 588 588 589 589 589 589 589 589 589 589 589 589 589 589 589 590 590 590 590 590 590 590 590 590 590 590 590 590 590 590 589 589 589 589 589 589 589 589 589 589 589 589 589 588 588 588 588 588 588 588 587 587 587 587 587 587 586 586 586 586 586 586 585 585 585 585 584 584 584 584 584 583 583 583 583 780 780 780 780 779 779 779 778 778 778 778 777 777 777 776 776 776
588 588 588 588 588 588 588 588 588 589 589 589 589 589 589 589 589 589 589 589 589 589 589 589 589 589 589 589 589 589 589 589 589 589 589 589 589 589 589 589 588 588 588 588 588 588 588 588 588 587 587 587 587 587 587 587 586 586 586 586 586 585 585 585 585 585 584 584 584 584 584 583 583 583 583 582 582 780 780 779 779 779 779 778 778 778 777 777 777 777 776 776 776 775
587 587 587 587 588 588 588 588 588 588 588 588 588 588 588 588 588 589 589 589 589 589 589 589 589 589 589 589 589 589 589 589 588 588 588 588 588 588 588 588 588 588 588 588 588 587 587 587 587 587 587 587 587 586 586 586 586 586 586 585 585 585 585 585 584 584 584 584 584 583 583 583 583 582 582 582 582 779 779 779 779 778 778 778 778 777 777 777 776 776 776 776 775 775
587 587 587 587 587 587 587 587 587 588 588 588 588 588 588 588 588 588 588 588 588 588 588 588 588 588 588 588 588 588 588 588 588 588 588 588 588 588 588 588 587 587 587 587 587 587 587 587 587 586 586 586 586 586 586 586 585 585 585 585 585 585 584 584 584 584 584 583 583 583 583 582 582 582 582 582 581 779 779 779 778 778 778 777 777 777 777 776 776 776 775 775 775 775
586 586 586 586 587 587 587 587 587 587 587 587 587 587 587 587 587 588 588 588 588 588 588 588 588 588 588 588 588 588 588 588 587 587 587 587 587 587 587 587 587 587 587 587 587 586 586 586 586 586 586 586 586 585 585 585 585 585 585 584 584 584 584 584 584 583 583 583 583 582 582 582 582 582 581 581 581 779 778 778 778 778 777 777 777 776 776 776 776 775 775 775 774 774
586 586 586 586 586 586 586 586 586 587 587 587 587 587 587 587 587 587 587 587 587 587 587 587 587 587 587 587 587 587 587 587 587 587 587 587 587 587 587 587 586 586 586 586 586 586 586 586 586 586 585 585 585 585 585 585 584 584 584 584 584 584 583 583 583 583 583 582 582 582 582 582 581 581 581 581 580 778 778 778 777 777 777 777 776 776 776 776 775 775 775 774 774 774
585 585 585 585 586 586 586 586 586 586 586 586 586 586 586 586 586 587 587 587 587 587 587 587 587 587 587 587 587 587 587 587 586 586 586 586 586 586 586 586 586 586 586 586 586 585 585 585 585 585 585 585 585 584 584 584 584 584 584 584 583 583 583 583 583 582 582 582 582 582 581 581 581 581 580 580 580 778 777 777 777 777 776 776 776 776 775 775 775 775 774 774 774 773
585 585 585 585 585 585 585 585 585 586 586 586 586 586 586 586 586 586 586 586 586 586 586 586 586 586 586 586 586 586 586 586 586 586 586 586 586 586 586 586 585 585 585 585 585 585 585 585 585 585 584 584 584 584 584 584 584 583 583 583 583 583 583 582 582 582 582 582 581 581 581 581 580 580 580 580 580 777 777 777 777 776 776 776 776 775 775 775 774 774 774 774 773 773
584 584 584 585 585 585 585 585 585 585 585 585 585 585 585 585 585 586 586 586 586 586 586 586 586 586 586 586 586 586 586 586 585 585 585 585 585 585 585 585 585 585 585 585 585 585 584 584 584 584 584 584 584 584 583 583 583 583 583 583 582 582 582 582 582 581 581 581 581 581 580 580 580 580 580 579 579 777 777 776 776 776 776 775 775 775 775 774 774 774 773 773 773 773
584 584 584 584 584 584 584 584 585 585 585 585 585 585 585 585 585 585 585 585 585 585 585 585 585 585 585 585 585 585 585 585 585 585 585 585 585 585 585 585 585 584 584 584 584 584 584 584 584 584 583 583 583 583 583 583 583 582 582 582 582 582 582 581 581 581 581 581 580 580 580 580 580 579 579 579 579 776 776 776 776 775 775 775 775 774 774 774 774 773 773 773 772 772
583 583 583 584 584 584 584 584 584 584 584 584 584 584 584 584 584 585 585 585 585 585 585 585 585 585 585 585 585 585 585 585 584 584 584 584 584 584 584 584 584 584 584 584 584 584 583 583 583 583 583 583 583 583 582 582 582 582 582 582 581 581 581 581 581 581 580 580 580 580 580 579 579 579 579 578 578 776 776 775 775 775 775 774 774 774 774 773 773 773 773 772 772 772
583 583 583 583 583 583 583 583 584 584 584 584 584 584 584 584 584 584 584 584 584 584 584 584 584 584 584 584 584 584 584 584 584 584 584 584 584 584 584 584 584 583 583 583 583 583 583 583 583 583 582 582 582 582 582 582 582 581 581 581 581 581 581 580 580 580 580 580 580 579 579 579 579 578 578 578 578 776 775 775 775 775 774 774 774 774 773 773 773 772 772 772 772 771
582 582 582 583 583 583 583 583 583 583 583 583 583 583 583 583 584 584 584 584 584 584 584 584 584 584 584 584 584 584 584 584 584 583 583 583 583 583 583 583 583 583 583 583 583 583 582 582 582 582 582 582 582 582 581 581 581 581 581 581 581 580 580 580 580 580 579 579 579 579 579 578 578 578 578 578 577 775 775 775 774 774 774 774 773 773 773 773 772 772 772 772 771 771
582 582 582 582 582 582 582 582 583 583 583 583 583 583 583 583 583 583 583 583 583 583 583 583 583 583 583 583 583 583 583 583 583 583 583 583 583 583 583 583 583 582 582 582 582 582 582 582 582 582 582 581 581 581 581 581 581 581 580 580 580 580 580 580 579 579 579 579 579 578 578 578 578 578 577 577 577 775 774 774 774 774 773 773 773 773 772 772 772 772 771 771 771 771
581 581 581 582 582 582 582 582 582 582 582 582 582 582 582 582 583 583 583 583 583 583 583 583 583 583 583 583 583 583 583 583 583 582 582 582 582 582 582 582 582 582 582 582 582 582 581 581 581 581 581 581 581 581 581 580 580 580 580 580 580 579 579 579 579 579 579 578 578 578 578 578 577 577 577 577 577 774 774 774 774 773 773 773 773 772 772 772 771 771 771 771 770 770
581 581 581 581 581 581 581 581 582 582 582 582 582 582 582 582 582 582 582 582 582 582 582 582 582 582 582 582 582 582 582 582 582 582 582 582 582 582 582 582 582 581 581 581 581 581 581 581 581 581 581 580 580 580 580 580 580 580 579 579 579 579 579 579 578 578 578 578 578 577 577 577 577 577 576 576 774 774 774 773 773 773 773 772 772 772 772 771 771 771 771 770 770 770
580 580 581 581 581 581 581 581 581 581 581 581 581 581 581 581 582 582 582 582 582 582 582 582 582 582 582 582 582 582 582 582 582 581 581 581 581 581 581 581 581 581 581 581 581 581 581 580 580 580 580 580 580 580 580 579 579 579 579 579 579 578 578 578 578 578 578 577 577 577 577 577 576 576 576 576 576 773 773 773 773 772 772 772 772 771 771 771 771 770 770 770 770 769
580 580 580 580 580 580 580 580 581 581 581 581 581 581 581 581 581 581 581 581 581 581 581 581 581 581 581 581 581 581 581 581 581 581 581 581 581 581 581 581 581 580 580 580 580 580 580 580 580 580 580 579 579 579 579 579 579 579 578 578 578 578 578 578 578 577 577 577 577 577 576 576 576 576 576 575 575 773 773 772 772 772 772 771 771 771 771 770 770 770 770 769 769 769
579 579 580 580 580 580 580 580 580 580 580 580 580 580 580 580 581 581 581 581 581 581 581 581 581 581 581 581 581 581 581 581 581 580 580 580 580 580 580 580 580 580 580 580 580 580 580 579 579 579 579 579 579 579 579 578 578 578 578 578 578 578 577 577 577 577 577 576 576 576 576 576 576 575 575 575 575 772 772 772 772 772 771 771 771 771 770 770 770 770 769 769 769 768
579 579 579 579 579 579 579 580 580 580 580 580 580 580 580 580 580 580 580 580 580 580 580 580 580 580 580 580 580 580 580 580 580 580 580 580 580 580 580 580 580 580 579 579 579 579 579 579 579 579 579 579 578 578 578 578 578 578 578 577 577 577 577 577 577 576 576 576 576 576 575 575 575 575 575 574 574 772 772 772 771 771 771 771 770 770 770 770 769 769 769 769 768 768
578 578 579 579 579 579 579 579 579 579 579 579 579 579 579 579 580 580 580 580 580 580 580 580 580 580 580 580 580 580 580 580 580 579 579 579 579 579 579 579 579 579 579 579 579 579 579 578 578 578 578 578 578 578 578 578 577 577 577 577 577 577 576 576 576 576 576 576 575 575 575 575 575 574 574 574 574 772 771 771 771 771 770 770 770 770 769 769 769 769 768 768 768 768
578 578 578 578 578 578 578 579 579 579 579 579 579 579 579 579 579 579 579 579 579 579 579 579 579 579 579 579 579 579 579 579 579 579 579 579 579 579 579 579 579 579 578 578 578 578 578 578 578 578 578 578 577 577 577 577 577 577 577 576 576 576 576 576 576 575 575 575 575 575 575 574 574 574 574 574 573 771 771 771 770 770 770 770 769 769 769 769 769 768 768 768 767 767
577 577 578 578 578 578 578 578 578 578 578 578 578 578 578 578 579 579 579 579 579 579 579 579 579 579 579 579 579 579 579 579 579 578 578 578 578 578 578 578 578 578 578 578 578 578 578 577 577 577 577 577 577 577 577 577 576 576 576 576 576 576 575 575 575 575 575 575 574 574 574 574 574 573 573 573 573 771 770 770 770 770 770 769 769 769 769 768 768 768 768 767 767 767
577 577 577 577 577 577 577 578 578 578 578 578 578 578 578 578 578 578 578 578 578 578 578 578 578 578 578 578 578 578 578 578 578 578 578 578 578 578 578 578 578 578 577 577 577 577 577 577 577 577 577 577 576 576 576 576 576 576 576 575 575 575 575 575 575 575 574 574 574 574 574 573 573 573 573 573 572 770 770 770 770 769 769 769 769 768 768 768 768 767 767 767 767 766
576 577 577 577 577 577 577 577 577 577 577 577 577 577 577 578 578 578 578 578 578 578 578 578 578 578 578 578 578 578 578 578 578 578 577 577 577 577 577 577 577 577 577 577 577 577 577 577 576 576 576 576 576 576 576 576 575 575 575 575 575 575 575 574 574 574 574 574 574 573 573 573 573 573 572 572 572 770 770 769 769 769 769 768 768 768 768 767 767 767 767 766 766 766
576 576 576 576 576 576 576 577 577 577 577 577 577 577 577 577 577 577 577 577 577 577 577 577 577 577 577 577 577 577 577 577 577 577 577 577 577 577 577 577 577 577 576 576 576 576 576 576 576 576 576 576 575 575 575 575 575 575 575 575 574 574 574 574 574 574 573 573 573 573 573 573 572 572 572 572 572 769 769 769 769 768 768 768 768 767 767 767 767 767 766 766 766 638
575 576 576 576 576 576 576 576 576 576 576 576 576 576 576 577 577 577 577 577 577 577 577 577 577 577 577 577 577 577 577 577 577 577 576 576 576 576 576 576 576 576 576 576 576 576 576 576 575 575 575 575 575 575 575 575 574 574 574 574 574 574 574 573 573 573 573 573 573 572 572 572 572 572 571 571 571 769 769 768 768 768 768 768 767 767 767 767 766 766 766 766 765 637
