testData/tiles/oneDegreeCosts/grid49.0-45.0-50.0-46.0.asc
ncols   200
nrows   200
xllcorner   49.0
yllcorner   45.0
cellsize   0.005
NODATA_value   -9999.0
[rows 84 to 125 of 200, columns 94 to 187 of 200]
343 343 344 344 344 343 343 343 343 343 342 342 342 275 275 275 275 275 275 275 275 275 275 275 275 275 275 275 275 275 275 275 275 275 275 275 275 275 275 275 275 275 275 275 275 275 275 275 275 275 275 275 279 283 286 288 289 291 293 294 295 296 297 298 299 300 300 301 301 302 302 303 303 303 302 302 302 302 303 302 301 302 301 300 301 300 299 299 299 297 296 296 294 293
343 343 343 343 343 343 343 343 343 343 343 343 343 343 275 275 275 275 275 275 275 275 275 275 275 275 275 275 275 275 275 275 275 275 275 275 275 275 275 275 275 275 275 275 275 275 275 275 275 275 275 276 279 283 284 287 289 290 292 294 295 296 297 298 298 299 299 301 302 302 302 302 302 302 302 302 302 302 302 302 302 301 301 301 300 300 299 298 297 297 296 295 294 293
343 343 343 343 343 343 343 343 343 343 343 343 343 343 275 275 275 275 275 275 275 275 275 275 275 275 275 275 275 275 275 275 275 275 275 275 275 275 275 275 275 275 275 275 275 275 275 275 275 275 275 276 280 282 285 287 289 291 292 294 295 296 298 298 299 300 301 301 302 302 302 302 302 302 302 302 303 302 302 302 302 302 301 301 301 300 299 299 298 297 296 296 295 294
342 343 343 343 343 343 343 343 343 343 343 343 343 343 275 275 275 275 275 275 275 275 275 275 275 275 275 275 275 275 275 275 275 275 275 275 275 275 275 275 275 275 275 275 275 275 275 275 275 275 275 276 280 284 286 288 289 292 293 294 296 296 298 299 299 301 301 302 302 302 302 302 302 303 303 303 303 302 303 302 303 302 301 302 301 299 300 299 298 298 297 296 295 294
342 342 342 342 343 343 343 343 343 343 343 343 343 343 275 275 275 275 275 275 275 275 275 275 275 275 275 275 275 275 275 275 275 275 275 275 275 275 275 275 275 275 275 275 275 275 275 275 275 275 275 276 279 283 286 287 290 291 293 294 296 298 298 299 300 301 302 301 302 302 303 303 303 303 304 303 303 303 303 303 303 302 303 301 301 299 299 298 298 297 296 295 295 294
343 343 342 342 342 342 342 342 343 343 343 343 343 343 343 275 275 275 275 275 275 275 275 275 275 275 275 275 275 275 275 275 275 275 275 275 275 275 275 275 275 275 275 275 275 275 275 275 275 275 275 277 281 283 286 288 290 292 293 295 296 297 298 299 300 300 300 300 301 302 302 303 303 303 303 303 303 303 303 303 302 302 301 301 300 300 300 299 298 297 297 296 295 294
343 343 343 343 343 343 343 343 343 343 343 343 343 343 343 275 275 275 275 275 275 275 275 275 275 275 275 275 275 275 275 275 275 275 275 275 275 275 275 275 275 275 275 275 275 275 275 275 275 275 275 277 281 284 286 289 290 292 294 295 296 297 298 300 300 300 300 301 301 302 302 303 303 303 303 304 303 304 303 303 303 302 302 301 300 301 300 299 299 298 297 296 296 295
342 342 342 343 343 343 343 343 343 343 343 343 343 342 342 275 275 275 275 275 275 275 275 275 275 275 275 275 275 275 275 275 275 275 275 275 275 275 275 275 275 275 275 275 275 275 275 275 275 275 275 277 280 284 286 289 291 292 294 296 297 298 298 299 300 300 301 301 302 302 303 303 304 303 304 304 304 304 303 303 302 303 302 301 302 301 300 300 299 298 298 297 296 295
342 342 342 342 342 342 342 343 343 343 343 342 342 342 342 275 275 275 275 275 275 275 275 275 275 275 275 275 275 275 275 275 275 275 275 275 275 275 275 275 275 275 275 275 275 275 275 275 275 275 275 278 282 284 287 289 290 292 293 295 296 296 298 298 299 299 300 301 301 302 302 303 303 304 304 304 303 303 302 302 302 302 301 301 301 301 300 299 299 299 298 297 296 295
343 343 343 343 343 343 342 342 342 342 342 342 342 342 342 342 275 275 275 275 275 275 275 275 275 275 275 275 275 275 275 275 275 275 275 275 275 275 275 275 275 275 275 275 275 275 275 275 275 275 275 278 282 285 287 289 291 293 295 295 296 297 298 299 299 300 301 302 302 302 302 303 303 304 304 304 303 303 303 303 302 302 302 301 302 301 300 300 300 299 298 298 296 295
342 341 341 342 342 342 342 342 342 342 342 342 342 342 342 342 275 275 275 275 275 275 275 275 275 275 275 275 275 275 275 275 275 275 275 275 275 275 275 275 275 275 275 275 275 275 275 275 275 275 275 279 282 285 288 290 292 292 294 295 296 298 298 299 300 301 302 302 303 303 303 303 304 304 304 304 304 303 304 303 303 303 302 303 302 301 301 301 300 300 299 297 296 296
341 341 341 341 341 341 342 342 342 342 342 342 342 342 342 341 275 275 275 275 275 275 275 275 275 275 275 275 275 275 275 275 275 275 275 275 275 275 275 275 275 275 275 275 275 275 275 275 275 275 275 279 282 285 287 289 290 292 293 295 296 297 298 298 300 301 301 302 302 304 304 304 304 304 304 304 303 303 303 303 303 302 302 302 301 301 300 300 300 298 297 297 296 295
342 342 342 342 342 341 341 341 341 341 342 342 342 342 342 342 275 275 275 275 275 275 275 275 275 275 275 275 275 275 275 275 275 275 275 275 275 275 275 275 275 275 275 275 275 275 275 275 275 275 275 279 283 285 287 289 290 292 294 295 296 298 298 300 300 301 301 302 303 303 304 304 303 303 304 303 303 303 303 303 303 303 302 302 302 301 301 301 299 298 298 297 296 295
341 341 342 342 342 342 342 342 342 342 342 342 342 342 342 342 342 275 275 275 275 275 275 275 275 275 275 275 275 275 275 275 275 275 275 275 275 275 275 275 275 275 275 275 275 275 275 275 275 275 276 279 282 285 288 289 291 292 294 296 296 298 298 300 301 301 302 302 303 303 303 303 303 303 304 303 304 303 304 303 304 303 303 303 302 302 302 300 300 299 298 297 297 296
341 341 341 341 341 342 342 342 342 342 342 342 342 342 341 341 341 275 275 275 275 275 275 275 275 275 275 275 275 275 275 275 275 275 275 275 275 275 275 275 275 275 275 275 275 275 275 275 275 275 275 279 282 284 287 288 291 293 293 295 297 298 299 300 301 302 302 303 302 303 303 304 303 304 304 304 304 305 304 305 304 303 304 303 302 301 300 300 299 298 298 297 296 295
342 342 341 341 341 341 341 341 341 342 342 342 342 342 342 342 342 275 275 275 275 275 275 275 275 275 275 275 275 275 275 275 275 275 275 275 275 275 275 275 275 275 275 275 275 275 275 275 275 275 275 279 283 286 287 290 291 293 295 295 297 298 299 300 300 301 301 301 302 302 303 303 304 304 304 304 304 304 304 304 303 303 303 303 301 301 301 300 299 299 298 297 296 296
341 341 342 342 342 342 342 342 342 341 341 341 341 342 342 342 341 275 275 275 275 275 275 275 275 275 275 275 275 275 275 275 275 275 275 275 275 275 275 275 275 275 275 275 275 275 275 275 275 275 276 279 283 286 287 290 292 293 295 296 297 298 299 300 301 301 301 301 302 302 303 303 304 304 304 304 304 304 304 304 304 304 303 302 301 302 301 300 300 299 298 299 298 297
341 341 341 341 341 342 342 342 342 342 342 342 341 340 340 340 340 275 275 275 275 275 275 275 275 275 275 275 275 275 275 275 275 275 275 275 275 275 275 275 275 275 275 275 275 275 275 275 275 275 275 280 282 285 288 289 291 293 295 297 298 299 300 299 300 302 302 303 303 303 303 304 304 305 304 305 304 305 304 305 304 303 303 302 303 302 301 300 299 299 299 298 297 297
341 341 341 341 341 341 341 341 340 341 341 341 341 341 341 341 340 340 275 275 275 275 275 275 275 275 275 275 275 275 275 275 275 275 275 275 275 275 275 275 275 275 275 275 275 275 275 275 275 275 276 280 283 285 288 290 291 293 295 296 297 298 298 299 300 301 301 302 303 303 303 303 304 304 304 304 304 304 305 303 303 303 302 302 302 301 301 300 299 300 299 298 298 297
341 341 341 341 341 341 340 340 340 340 340 340 341 341 341 341 341 341 275 275 275 275 275 275 275 275 275 275 275 275 275 275 275 275 275 275 275 275 275 275 275 275 275 275 275 275 275 275 275 275 277 280 283 286 288 290 292 293 295 296 296 298 298 299 301 301 302 302 303 303 304 304 304 305 304 305 305 304 304 303 303 303 303 303 302 302 301 301 301 300 299 299 298 297
340 340 340 340 340 341 341 341 341 341 341 340 340 340 340 340 341 341 275 275 275 275 275 275 275 275 275 275 275 275 275 275 275 275 275 275 275 275 275 275 275 275 275 275 275 275 275 275 275 275 276 280 283 286 288 290 293 294 294 296 298 298 299 300 301 302 302 303 303 304 304 304 304 305 305 305 304 304 304 304 304 304 303 303 303 302 302 302 301 300 299 298 297 297
340 340 340 340 340 340 340 340 341 341 341 341 341 341 340 340 340 340 275 275 275 275 275 275 275 275 275 275 275 275 275 275 275 275 275 275 275 275 275 275 275 275 275 275 275 275 275 275 275 275 277 281 284 286 288 290 291 293 294 295 297 298 298 300 300 301 301 302 303 303 304 304 304 304 304 304 304 304 304 304 304 303 303 303 302 302 301 301 301 300 299 299 298 297
340 340 340 340 340 340 340 340 340 340 340 340 341 341 341 341 341 340 275 275 275 275 275 275 275 275 275 275 275 275 275 275 275 275 275 275 275 275 275 275 275 275 275 275 275 275 275 275 275 275 278 281 284 286 288 290 292 293 295 296 297 298 299 300 301 301 302 302 303 303 304 305 304 304 304 304 304 304 304 304 304 303 304 303 303 302 302 302 301 300 300 299 298 298
340 340 340 340 340 341 341 341 340 340 340 340 340 340 340 340 341 341 275 275 275 275 275 275 275 275 275 275 275 275 275 275 275 275 275 275 275 275 275 275 275 275 275 275 275 275 275 275 275 275 277 280 282 285 288 290 292 294 295 296 298 298 300 300 301 302 302 303 303 304 304 304 304 304 304 304 304 305 304 304 304 304 304 303 303 302 303 302 301 301 299 298 298 297
340 340 340 340 340 340 340 340 341 341 341 341 340 340 340 340 340 340 340 275 275 275 275 275 275 275 275 275 275 275 275 275 275 275 275 275 275 275 275 275 275 275 275 275 275 275 275 275 275 275 277 280 284 285 288 290 291 293 295 296 297 298 299 300 300 301 301 302 303 302 303 303 304 304 304 304 304 304 304 304 304 303 303 303 303 303 302 301 301 300 299 299 298 297
339 339 340 340 340 340 340 340 340 340 340 340 341 341 341 340 340 340 339 275 275 275 275 275 275 275 275 275 275 275 275 275 275 275 275 275 275 275 275 275 275 275 275 275 275 275 275 275 275 275 278 281 284 287 288 290 292 293 295 297 297 299 299 300 301 302 303 302 302 302 303 303 304 304 304 305 304 305 304 304 304 303 304 303 303 303 302 302 301 300 300 299 298 298
340 340 340 340 340 340 340 340 340 340 340 340 340 340 339 339 340 340 339 275 275 275 275 275 275 275 275 275 275 275 275 275 275 275 275 275 275 275 275 275 275 275 275 275 275 275 275 275 275 275 277 281 283 286 289 291 293 294 295 297 297 299 300 300 302 302 302 303 303 303 303 304 304 305 304 305 304 305 304 305 304 305 304 304 303 303 303 302 301 301 300 298 298 297
340 340 340 340 340 340 340 340 340 340 339 339 339 339 339 339 339 339 339 275 275 275 275 275 275 275 275 275 275 275 275 275 275 275 275 275 275 275 275 275 275 275 275 275 275 275 275 275 275 275 277 281 284 286 289 291 292 294 294 296 297 298 299 300 300 301 301 302 302 303 303 303 304 304 304 304 304 304 304 304 304 304 303 303 303 303 302 301 301 301 301 300 299 298
339 339 340 340 339 339 339 339 339 339 339 339 339 339 339 339 339 339 339 275 275 275 275 275 275 275 275 275 275 275 275 275 275 275 275 275 275 275 275 275 275 275 275 275 275 275 275 275 275 275 278 281 285 286 289 291 292 294 296 296 298 299 299 300 300 301 302 302 303 303 304 303 304 305 304 305 305 305 305 304 304 304 304 303 304 303 302 302 301 302 301 300 300 299
338 338 338 338 338 339 339 339 339 339 339 339 339 339 339 339 339 339 339 275 275 275 275 275 275 275 275 275 275 275 275 275 275 275 275 275 275 275 275 275 275 275 275 275 275 275 275 275 275 275 278 281 284 286 288 291 293 294 296 297 297 298 299 300 301 301 302 303 303 304 304 304 304 305 304 305 305 305 305 305 304 305 304 304 304 303 303 302 303 302 300 300 299 298
339 339 339 339 339 339 339 339 339 339 339 339 339 339 339 339 339 339 339 338 275 275 275 275 275 275 275 275 275 275 275 275 275 275 275 275 275 275 275 275 275 275 275 275 275 275 275 275 275 275 278 282 284 287 289 290 292 294 294 295 297 297 299 300 300 301 301 302 302 303 304 304 304 304 305 305 305 305 305 305 305 304 304 304 303 303 302 302 302 301 301 300 299 299
338 338 339 339 339 339 339 339 339 339 339 339 339 339 339 339 339 339 339 339 275 275 275 275 275 275 275 275 275 275 275 275 275 275 275 275 275 275 275 275 275 275 275 275 275 275 275 275 275 275 279 282 285 287 289 291 291 293 295 296 297 298 299 300 300 301 302 302 303 303 304 304 304 304 305 305 305 305 305 305 305 304 304 304 304 303 302 303 302 302 301 300 300 299
338 338 338 338 338 338 339 339 339 339 339 339 339 339 339 339 339 339 339 339 275 275 275 275 275 275 275 275 275 275 275 275 275 275 275 275 275 275 275 275 275 275 275 275 275 275 275 275 275 275 279 281 284 286 287 290 293 293 295 297 297 299 299 300 301 301 302 302 303 304 304 305 304 305 305 305 305 305 305 305 305 305 304 305 304 303 303 303 303 301 300 300 299 298
338 338 338 338 338 338 338 338 338 338 339 339 339 339 339 339 339 338 338 338 275 275 275 275 275 275 275 275 275 275 275 275 275 275 275 275 275 275 275 275 275 275 275 275 275 275 275 275 275 275 279 282 284 286 289 290 292 294 294 296 297 298 299 299 300 301 301 302 302 303 303 304 305 305 305 305 305 305 305 305 305 304 304 304 303 303 303 303 302 301 301 300 299 299
338 338 338 339 339 339 339 339 338 338 338 338 338 338 339 339 339 339 339 338 275 275 275 275 275 275 275 275 275 275 275 275 275 275 275 275 275 275 275 275 275 275 275 275 275 275 275 275 275 275 278 282 285 286 289 291 292 294 295 296 297 298 299 300 300 302 302 303 303 303 304 304 305 305 305 305 305 305 305 305 305 304 305 304 304 303 303 303 302 302 301 300 300 299
338 338 338 338 338 338 338 339 339 339 339 339 338 338 338 337 337 337 338 338 275 275 275 275 275 275 275 275 275 275 275 275 275 275 275 275 275 275 275 275 275 275 275 275 275 275 275 275 275 275 278 281 284 287 288 290 292 293 295 296 298 299 299 300 302 302 303 303 304 304 304 305 305 305 305 306 305 306 305 306 305 305 305 305 304 304 304 302 302 301 300 300 299 298
337 338 338 338 338 338 338 338 338 338 338 338 338 338 338 337 337 337 337 337 275 275 275 275 275 275 275 275 275 275 275 275 275 275 275 275 275 275 275 275 275 275 275 275 275 275 275 275 275 275 279 281 284 287 288 290 292 293 295 296 297 298 299 300 301 301 302 303 303 304 304 304 304 305 305 305 305 305 305 305 305 304 304 304 304 304 303 303 302 301 301 300 299 299
338 337 337 337 338 337 337 337 337 337 337 337 337 337 337 338 338 337 337 337 337 275 275 275 275 275 275 275 275 275 275 275 275 275 275 275 275 275 275 275 275 275 275 275 275 275 275 275 275 275 279 282 284 287 289 290 292 294 295 296 298 298 299 301 301 302 302 303 304 304 304 304 305 305 305 305 305 305 305 305 305 305 305 304 304 304 303 303 302 302 301 300 300 299
337 337 337 337 337 337 337 337 337 337 337 337 337 337 337 337 337 337 337 338 337 275 275 275 275 275 275 275 275 275 275 275 275 275 275 275 275 275 275 275 275 275 275 275 275 275 275 275 275 275 278 282 285 286 288 290 291 293 295 295 297 299 300 301 301 302 303 303 304 304 305 305 305 306 305 306 305 306 305 306 305 306 305 305 304 303 303 302 302 301 301 301 300 299
336 336 337 337 337 337 337 337 337 337 337 337 337 337 337 337 337 337 337 337 337 275 275 275 275 275 275 275 275 275 275 275 275 275 275 275 275 275 275 275 275 275 275 275 275 275 275 275 275 276 280 282 285 287 289 291 293 293 295 297 297 298 300 300 301 301 302 303 303 304 304 304 304 305 305 305 305 305 305 305 305 305 304 304 304 304 303 303 302 302 302 301 300 300
336 336 336 336 336 337 337 337 337 337 337 337 337 337 337 337 337 337 337 337 337 275 275 275 275 275 275 275 275 275 275 275 275 275 275 275 275 275 275 275 275 275 275 275 275 275 275 275 275 275 280 283 285 287 290 291 293 294 295 297 298 299 300 300 301 302 302 303 303 304 305 304 305 305 306 305 306 305 306 305 305 305 305 304 305 304 303 303 302 303 302 301 301 300
337 337 336 336 336 336 336 336 336 337 337 337 337 337 337 337 337 337 337 337 337 275 275 275 275 275 275 275 275 275 275 275 275 275 275 275 275 275 275 275 275 275 275 275 275 275 275 275 275 275 279 282 284 287 289 291 292 294 295 296 297 298 299 300 300 301 302 302 304 304 305 305 305 306 306 306 306 305 305 305 305 305 304 304 304 303 303 303 303 302 301 301 300 299
