testData/tiles/oneDegreeCosts/grid33.0-40.0-34.0-41.0.asc
ncols   200
nrows   200
xllcorner   33.0
yllcorner   40.0
cellsize   0.005
NODATA_value   -9999.0
[rows 120 to 179 of 200, columns 0 to 95 of 200]
219 218 217 217 217 217 217 217 217 217 217 217 217 217 217 217 217 217 217 217 217 217 217 217 217 217 217 217 217 217 217 217 217 217 217 217 217 216 216 216 216 216 216 216 216 216 216 216 216 89 89 89 89 89 89 89 89 89 89 89 89 89 89 89 89 88 88 88 88 88 88 88 88 88 88 88 88 88 88 88 88 88 87 87 87 87 87 87 87 87 87 87 87 87 86 3
220 219 218 217 217 217 217 217 217 217 217 217 217 217 217 217 217 217 217 217 217 217 217 217 217 217 217 217 217 217 217 217 217 217 217 217 217 216 216 216 216 216 216 216 216 216 216 216 216 89 89 89 89 89 89 89 89 89 89 89 89 89 89 89 89 88 88 88 88 88 88 88 88 88 88 88 88 88 88 88 88 88 87 87 87 87 87 87 87 87 87 87 87 86 86 3
221 220 219 218 217 217 217 217 217 217 217 217 217 217 217 217 217 217 217 217 217 217 217 217 217 217 217 217 217 217 217 217 217 217 217 217 216 216 216 216 216 216 216 216 216 216 216 216 216 216 89 89 89 89 89 89 89 89 89 89 89 89 89 89 88 88 88 88 88 88 88 88 88 88 88 88 88 88 88 88 88 87 87 87 87 87 87 87 87 87 87 87 87 86 86 3
223 221 220 219 218 217 217 217 217 217 217 217 217 217 217 217 217 217 217 217 217 217 217 217 217 217 217 217 217 217 217 217 217 217 217 216 216 216 216 216 216 216 216 216 216 216 216 216 216 216 216 89 89 89 89 89 89 89 89 89 89 89 89 89 88 88 88 88 88 88 88 88 88 88 88 88 88 88 88 88 88 87 87 87 87 87 87 87 87 87 87 87 87 86 86 3
224 222 221 220 219 218 217 217 217 217 217 217 217 217 217 217 217 217 217 217 217 217 217 217 217 217 217 217 217 217 217 217 217 217 216 216 216 216 216 216 216 216 216 216 216 216 216 216 216 216 216 216 89 89 89 89 89 89 89 89 89 89 89 88 88 88 88 88 88 88 88 88 88 88 88 88 88 88 88 88 87 87 87 87 87 87 87 87 87 87 87 87 86 86 86 3
225 224 222 221 220 219 217 217 217 217 217 217 217 217 217 217 217 217 217 217 217 217 217 217 217 217 217 217 217 217 217 217 217 217 216 216 216 216 216 216 216 216 216 216 216 216 216 216 216 216 216 216 216 89 89 89 89 89 89 89 89 89 89 88 88 88 88 88 88 88 88 88 88 88 88 88 88 88 88 88 87 87 87 87 87 87 87 87 87 87 87 87 86 86 3 3
226 225 223 222 221 220 219 217 217 217 217 217 217 217 217 217 217 217 217 217 217 217 217 217 217 217 217 217 217 217 217 217 217 216 216 216 216 216 216 216 216 216 216 216 216 216 216 216 216 216 216 216 216 89 89 89 89 89 89 89 89 89 88 88 88 88 88 88 88 88 88 88 88 88 88 88 88 88 88 88 87 87 87 87 87 87 87 87 87 87 87 87 86 86 3 3
227 226 225 223 222 221 220 218 217 217 217 217 217 217 217 217 217 217 217 217 217 217 217 217 217 217 217 217 217 217 217 217 216 216 216 216 216 216 216 216 216 216 216 216 216 216 216 216 216 216 216 216 216 216 89 89 89 89 89 89 89 89 88 88 88 88 88 88 88 88 88 88 88 88 88 88 88 88 88 87 87 87 87 87 87 87 87 87 87 87 87 86 86 86 3 3
228 227 226 224 223 222 221 219 218 217 217 217 217 217 217 217 217 217 217 217 217 217 217 217 217 217 217 217 217 217 217 216 216 216 216 216 216 216 216 216 216 216 216 216 216 216 216 216 216 216 216 216 216 216 216 89 89 89 89 89 89 88 88 88 88 88 88 88 88 88 88 88 88 88 88 88 88 88 88 87 87 87 87 87 87 87 87 87 87 87 87 86 86 86 3 3
229 228 227 225 224 223 222 221 219 218 217 217 217 217 217 217 217 217 217 217 217 217 217 217 217 217 217 217 217 217 216 216 216 216 216 216 216 216 216 216 216 216 216 216 216 216 216 216 216 216 216 216 216 216 216 89 89 89 89 89 89 88 88 88 88 88 88 88 88 88 88 88 88 88 88 88 88 88 88 87 87 87 87 87 87 87 87 87 87 87 87 86 86 86 3 3
230 229 228 226 225 224 223 222 220 219 218 217 217 217 217 217 217 217 217 217 217 217 217 217 217 217 217 217 217 216 216 216 216 216 216 216 216 216 216 216 216 216 216 216 216 216 216 216 216 216 216 216 216 216 216 216 89 89 89 89 88 88 88 88 88 88 88 88 88 88 88 88 88 88 88 88 88 88 87 87 87 87 87 87 87 87 87 87 87 87 86 86 86 86 3 3
231 230 229 227 226 225 224 223 221 220 219 218 217 217 217 217 217 217 217 217 217 217 217 217 217 217 217 217 216 216 216 216 216 216 216 216 216 216 216 216 216 216 216 216 216 216 216 216 216 216 216 216 216 216 216 216 216 89 89 89 88 88 88 88 88 88 88 88 88 88 88 88 88 88 88 88 88 88 87 87 87 87 87 87 87 87 87 87 87 87 86 86 86 3 3 3
232 231 230 228 227 226 225 224 222 221 220 219 217 217 217 217 217 217 217 217 217 217 217 217 217 217 217 216 216 216 216 216 216 216 216 216 216 216 216 216 216 216 216 216 216 216 216 216 216 216 216 216 216 216 216 216 216 216 89 88 88 88 88 88 88 88 88 88 88 88 88 88 88 88 88 88 88 87 87 87 87 87 87 87 87 87 87 87 87 87 86 86 86 3 3 3
233 232 231 229 228 227 226 225 223 222 221 220 218 217 217 217 217 217 217 217 217 217 217 217 217 217 216 216 216 216 216 216 216 216 216 216 216 216 216 216 216 216 216 216 216 216 216 216 216 216 216 216 216 216 216 216 216 216 89 88 88 88 88 88 88 88 88 88 88 88 88 88 88 88 88 88 88 87 87 87 87 87 87 87 87 87 87 87 87 86 86 86 86 3 3 3
234 233 232 230 229 228 227 226 224 223 222 221 219 218 217 217 217 217 217 217 217 217 217 217 217 216 216 216 216 216 216 216 216 216 216 216 216 216 216 216 216 216 216 216 216 216 216 216 216 216 216 216 216 216 216 216 216 216 215 88 88 88 88 88 88 88 88 88 88 88 88 88 88 88 88 88 88 87 87 87 87 87 87 87 87 87 87 87 87 86 86 86 86 3 3 3
235 234 232 231 230 229 228 227 225 224 223 222 220 219 218 217 217 217 217 217 217 217 217 217 216 216 216 216 216 216 216 216 216 216 216 216 216 216 216 216 216 216 216 216 216 216 216 216 216 216 216 216 216 216 216 216 216 216 215 215 88 88 88 88 88 88 88 88 88 88 88 88 88 88 88 88 87 87 87 87 87 87 87 87 87 87 87 87 87 86 86 86 3 3 3 3
236 234 233 232 231 230 229 228 226 225 224 223 221 220 219 218 217 217 217 217 217 217 217 216 216 216 216 216 216 216 216 216 216 216 216 216 216 216 216 216 216 216 216 216 216 216 216 216 216 216 216 216 216 216 216 216 216 215 215 215 88 88 88 88 88 88 88 88 88 88 88 88 88 88 88 88 87 87 87 87 87 87 87 87 87 87 87 87 86 86 86 86 3 3 3 3
236 235 234 233 232 231 230 229 227 226 225 224 222 221 220 219 217 217 217 217 217 217 216 216 216 216 216 216 216 216 216 216 216 216 216 216 216 216 216 216 216 216 216 216 216 216 216 216 216 216 216 216 216 216 216 216 216 215 215 215 215 88 88 88 88 88 88 88 88 88 88 88 88 88 88 87 87 87 87 87 87 87 87 87 87 87 87 87 86 86 86 86 3 3 3 3
237 236 235 234 233 232 231 229 228 227 226 225 223 222 221 220 218 217 217 217 217 216 216 216 216 216 216 216 216 216 216 216 216 216 216 216 216 216 216 216 216 216 216 216 216 216 216 216 216 216 216 216 216 216 216 216 215 215 215 215 215 215 88 88 88 88 88 88 88 88 88 88 88 88 88 87 87 87 87 87 87 87 87 87 87 87 87 87 86 86 86 86 3 3 3 3
238 237 236 235 234 233 232 230 229 228 227 226 224 223 222 221 219 218 217 216 216 216 216 216 216 216 216 216 216 216 216 216 216 216 216 216 216 216 216 216 216 216 216 216 216 216 216 216 216 216 216 216 216 216 216 216 215 215 215 215 215 215 88 88 88 88 88 88 88 88 88 88 88 88 87 87 87 87 87 87 87 87 87 87 87 87 87 86 86 86 86 86 3 3 3 3
239 238 237 236 235 234 232 231 230 229 228 227 225 224 223 222 220 219 217 216 216 216 216 216 216 216 216 216 216 216 216 216 216 216 216 216 216 216 216 216 216 216 216 216 216 216 216 216 216 216 216 216 216 216 216 215 215 215 215 215 215 215 215 88 88 88 88 88 88 88 88 88 88 88 87 87 87 87 87 87 87 87 87 87 87 87 87 86 86 86 86 3 3 3 3 3
240 239 238 237 236 234 233 232 231 230 229 227 226 225 224 222 221 219 218 216 216 216 216 216 216 216 216 216 216 216 216 216 216 216 216 216 216 216 216 216 216 216 216 216 216 216 216 216 216 216 216 216 216 216 215 215 215 215 215 215 215 215 215 215 88 88 88 88 88 88 88 88 88 88 87 87 87 87 87 87 87 87 87 87 87 87 86 86 86 86 86 3 3 3 3 2
241 240 239 237 236 235 234 233 232 231 229 228 227 226 225 222 221 220 219 217 216 216 216 216 216 216 216 216 216 216 216 216 216 216 216 216 216 216 216 216 216 216 216 216 216 216 216 216 216 216 216 216 216 216 215 215 215 215 215 215 215 215 215 215 88 88 88 88 88 88 88 88 88 87 87 87 87 87 87 87 87 87 87 87 87 87 86 86 86 86 86 3 3 3 3 2
241 240 239 238 237 236 235 234 233 232 230 229 228 227 225 223 222 221 219 218 217 216 216 216 216 216 216 216 216 216 216 216 216 216 216 216 216 216 216 216 216 216 216 216 216 216 216 216 216 216 216 216 216 215 215 215 215 215 215 215 215 215 215 215 215 88 88 88 88 88 88 88 88 87 87 87 87 87 87 87 87 87 87 87 87 87 86 86 86 86 86 3 3 3 3 2
242 241 240 239 238 237 236 235 234 232 231 230 228 227 225 224 223 222 220 219 218 216 216 216 216 216 216 216 216 216 216 216 216 216 216 216 216 216 216 216 216 216 216 216 216 216 216 216 216 216 216 216 216 215 215 215 215 215 215 215 215 215 215 215 215 88 88 88 88 88 88 88 87 87 87 87 87 87 87 87 87 87 87 87 87 86 86 86 86 86 3 3 3 3 2 2
243 242 241 240 239 238 237 235 234 233 231 230 229 227 226 225 224 223 221 220 219 217 216 216 216 216 216 216 216 216 216 216 216 216 216 216 216 216 216 216 216 216 216 216 216 216 216 216 216 216 216 216 215 215 215 215 215 215 215 215 215 215 215 215 215 215 88 88 88 88 88 88 87 87 87 87 87 87 87 87 87 87 112 87 87 86 86 86 86 86 3 3 3 3 2 2
244 243 242 241 240 238 237 236 234 233 232 231 229 228 227 226 225 223 222 221 220 218 217 216 216 216 216 216 216 216 216 216 216 216 216 216 216 216 216 216 216 216 216 216 216 216 216 216 216 216 216 215 215 215 215 215 215 215 215 215 215 215 215 215 215 215 215 88 88 88 88 87 87 112 112 112 112 112 112 112 112 112 112 112 112 111 111 111 111 111 28 28 3 3 2 2
245 243 242 241 240 238 237 236 235 234 233 231 230 229 228 227 225 224 223 222 220 219 218 216 216 216 216 216 216 216 216 216 216 216 216 216 216 216 216 216 216 216 216 216 216 216 216 216 216 216 216 215 215 215 215 215 215 215 215 215 215 215 215 215 215 215 215 88 88 113 113 112 112 112 112 113 114 115 115 116 116 117 117 117 115 115 114 114 113 29 28 28 28 27 27 27
245 244 242 241 240 239 238 237 236 235 233 232 231 230 229 228 226 225 224 223 221 220 219 217 216 216 216 216 216 216 216 216 216 216 216 216 216 216 216 216 216 216 216 216 216 216 216 216 216 216 215 215 215 215 215 215 215 215 215 215 215 215 215 215 215 215 240 240 113 113 113 114 116 118 119 120 121 122 122 123 123 123 124 123 122 122 121 121 120 36 35 34 32 29 27 27
245 244 243 242 241 240 239 238 236 235 234 233 232 231 230 228 227 226 225 223 222 221 219 218 217 216 216 216 216 216 216 216 216 216 216 216 216 216 216 216 216 216 216 216 216 216 216 216 216 216 215 215 215 215 215 215 215 215 215 215 215 215 215 240 240 240 240 241 117 119 120 122 123 124 125 126 127 128 128 129 129 129 129 128 128 128 127 127 126 42 41 40 39 37 35 33
246 245 244 243 242 240 239 238 237 236 235 234 233 231 230 229 228 227 225 224 223 222 220 219 218 216 216 216 216 216 216 216 216 216 216 216 216 216 216 216 216 216 216 216 216 216 216 216 216 215 215 215 215 215 215 215 215 215 215 215 215 240 240 240 241 244 247 249 251 126 126 128 129 130 131 132 132 133 133 134 134 134 134 133 133 133 132 132 131 48 47 46 44 43 41 40
246 245 244 243 242 241 240 239 238 237 236 235 233 232 231 230 229 227 226 225 224 222 221 220 218 217 216 216 216 216 216 216 216 216 216 216 216 216 216 216 216 216 216 216 216 216 216 216 215 215 215 215 215 215 215 215 215 215 215 240 240 240 242 246 248 251 253 255 257 130 131 133 134 135 136 136 137 138 138 138 139 139 139 138 138 137 137 137 53 52 52 51 49 48 46 45
247 246 245 244 243 242 241 240 239 238 236 235 234 233 232 231 229 228 227 226 225 223 222 221 219 218 217 216 216 216 216 216 216 216 216 216 216 216 216 216 216 216 216 216 216 216 216 216 215 215 215 215 215 215 215 215 215 240 240 240 243 246 249 252 254 256 258 260 262 262 136 137 138 139 140 141 141 142 142 142 143 143 142 142 142 141 141 141 57 57 56 54 53 52 51 50
248 247 246 245 244 243 241 240 239 238 237 236 235 234 233 231 230 229 228 227 225 224 223 221 220 219 217 216 216 216 216 216 216 216 216 216 216 216 216 216 216 216 216 216 216 216 216 215 215 215 215 215 215 215 215 240 240 240 243 247 250 253 255 258 260 261 263 265 265 266 140 142 142 143 144 145 145 146 146 146 146 147 146 146 145 145 145 145 61 61 60 58 57 57 55 54
248 247 246 245 244 243 242 241 240 239 238 237 236 234 233 232 231 230 229 227 226 225 224 222 221 220 218 217 216 216 216 216 216 216 216 216 216 216 216 216 216 216 216 216 216 216 215 215 215 215 215 215 215 215 240 240 242 246 250 253 256 258 260 262 264 266 267 269 269 270 271 145 146 147 148 148 149 149 150 150 150 149 149 149 149 149 149 65 65 64 64 62 61 60 59 58
249 248 247 246 245 244 243 242 241 240 239 237 236 235 234 233 232 230 229 228 227 226 224 223 222 220 219 218 216 216 216 216 216 216 216 216 216 216 216 216 216 216 216 216 216 216 215 215 215 215 215 215 240 240 240 245 249 253 256 258 261 263 265 267 269 270 271 272 273 274 275 149 150 151 151 152 152 153 153 153 153 153 153 153 152 152 152 69 68 68 66 66 65 64 63 62
250 249 248 247 246 245 244 242 241 240 239 238 237 236 235 234 232 231 230 229 228 226 225 224 222 221 220 218 217 216 216 216 216 216 216 216 216 216 216 216 216 216 216 216 216 215 215 215 215 215 215 240 240 243 248 252 255 258 261 263 265 267 269 271 272 274 275 275 277 278 279 279 153 154 155 155 156 156 156 156 157 156 156 156 156 155 155 72 72 71 70 69 68 67 67 66
250 249 248 247 246 245 244 243 242 241 240 239 238 237 235 234 233 232 231 229 228 227 226 224 223 222 221 219 218 217 216 216 216 216 216 216 216 216 216 216 216 216 216 216 215 215 215 215 215 240 240 241 246 250 254 257 260 263 265 267 269 271 273 275 276 277 278 279 280 281 282 283 156 157 158 158 159 159 159 159 159 159 159 159 159 158 75 75 75 74 73 72 71 71 70 69
251 250 249 248 247 246 245 244 243 242 241 239 238 237 236 235 234 233 231 230 229 228 226 225 224 223 221 220 219 217 216 216 216 216 216 216 216 216 216 216 216 216 216 216 215 215 215 215 240 240 243 248 252 256 259 262 265 267 269 271 273 275 277 278 279 281 281 282 283 284 285 286 286 160 161 161 162 162 162 162 162 162 162 162 162 161 78 78 78 76 76 75 74 74 73 71
251 250 249 248 247 246 245 244 243 242 241 240 239 238 237 236 234 233 232 231 230 228 227 226 225 223 222 221 219 218 217 216 216 216 216 216 216 216 216 216 216 216 216 215 215 215 215 240 240 245 250 254 257 261 264 266 269 271 273 275 277 278 280 281 283 283 284 285 286 287 288 289 289 163 163 164 164 165 165 164 164 164 164 164 164 164 81 81 80 79 78 78 77 77 76 74
252 251 250 249 248 247 246 245 244 243 242 241 240 238 237 236 235 234 233 232 230 229 228 227 225 224 223 221 220 219 217 216 216 216 216 216 216 216 216 216 216 216 215 215 215 215 240 241 246 251 255 259 262 265 268 270 273 275 277 278 280 282 283 285 286 286 287 288 289 290 291 291 292 293 166 167 167 167 168 167 167 167 167 167 167 84 84 83 82 82 81 81 80 79 79 77
253 252 251 250 249 248 247 246 245 243 242 241 240 239 238 237 236 235 233 232 231 230 229 227 226 225 223 222 221 219 218 217 216 216 216 216 216 216 216 216 216 215 215 215 240 240 242 248 253 257 260 263 266 269 272 274 276 278 280 282 283 285 286 288 288 289 290 291 292 293 293 294 295 295 169 169 170 170 169 169 170 170 170 170 170 86 86 86 85 84 84 83 83 82 80 80
253 252 251 250 249 248 247 246 245 244 243 242 241 240 239 237 236 235 234 233 232 230 229 228 227 225 224 223 222 220 219 217 216 216 216 216 216 216 216 216 216 215 215 240 240 243 249 254 258 261 265 268 270 273 275 277 279 281 283 285 286 288 289 290 291 292 293 294 295 295 296 297 297 298 298 172 172 173 172 172 172 172 172 172 172 89 89 89 87 87 86 86 85 85 83 82
254 253 252 251 250 249 248 247 246 245 244 243 241 240 239 238 237 236 235 233 232 231 230 229 227 226 225 224 222 221 220 218 217 216 216 216 216 216 216 216 215 215 240 240 244 250 255 259 262 266 269 271 274 276 279 281 283 284 286 288 289 291 292 292 293 294 295 296 297 298 299 299 300 300 301 174 175 175 174 174 175 175 175 175 92 91 91 90 90 89 89 88 88 87 86 85
254 253 252 251 250 249 248 247 246 245 244 243 242 241 240 239 238 236 235 234 233 232 231 229 228 227 225 224 223 222 220 219 217 216 216 216 216 216 216 215 215 240 240 245 251 255 260 263 267 270 272 275 277 280 282 284 286 287 289 291 292 293 295 295 296 297 298 299 300 300 301 302 302 303 303 304 177 176 177 177 177 177 177 177 94 94 94 92 92 92 91 91 90 89 88 87
255 254 253 252 251 250 249 248 247 246 245 244 243 242 240 239 238 237 236 235 234 232 231 230 229 227 226 225 224 222 221 220 218 217 216 216 216 216 215 215 240 240 246 251 256 260 264 267 270 273 276 278 281 283 285 287 289 290 292 293 295 296 296 297 298 299 300 301 302 303 303 304 305 305 306 306 179 179 179 179 179 179 179 96 96 96 95 95 94 94 94 93 93 91 90 90
255 254 253 252 251 250 249 248 247 246 245 244 243 242 241 240 239 238 236 235 234 233 232 231 229 228 227 225 224 223 222 220 219 217 216 216 216 215 215 240 240 246 252 257 261 265 268 271 274 277 279 282 284 286 288 290 291 293 294 296 297 297 299 300 301 302 303 303 304 305 306 306 307 307 308 308 180 181 181 181 181 181 181 98 98 98 97 97 96 96 96 95 94 93 93 92
256 255 254 253 252 251 250 249 248 247 246 245 244 243 242 240 239 238 237 236 235 234 232 231 230 229 227 226 225 224 222 221 219 218 217 216 215 215 240 240 246 252 257 261 265 269 272 275 277 280 282 285 287 289 291 292 294 295 297 298 300 300 301 302 303 304 305 306 307 307 308 308 309 309 310 310 310 183 183 183 183 184 184 101 100 100 99 99 99 98 98 97 96 95 95 94
256 255 254 253 252 251 250 249 248 247 246 245 244 243 242 241 240 239 238 236 235 234 233 232 230 229 228 227 225 224 223 221 220 219 217 216 215 240 240 246 252 257 261 265 269 272 275 278 281 283 285 288 290 291 293 295 296 298 299 301 301 302 303 304 305 306 307 308 309 309 310 311 311 312 312 311 312 185 185 185 186 186 103 103 103 101 101 101 101 100 100 100 98 98 97 96
257 256 255 254 253 252 251 250 249 248 247 246 245 244 243 242 240 239 238 237 236 235 233 232 231 230 229 227 226 225 223 222 221 219 218 216 240 240 246 252 257 262 266 269 273 276 279 281 284 286 288 290 292 294 296 297 299 300 302 303 303 304 306 307 308 308 309 310 311 312 312 313 313 314 314 313 314 314 187 187 188 188 105 105 105 103 103 103 103 102 102 101 100 100 99 99
257 256 255 254 253 252 251 250 249 248 247 246 245 244 243 242 241 240 239 238 236 235 234 233 232 230 229 228 227 225 224 223 221 220 218 241 240 245 252 257 262 266 270 273 276 279 282 284 287 289 291 293 295 297 298 300 301 303 304 304 306 307 308 309 310 311 311 312 313 314 314 315 315 316 315 315 316 316 189 189 190 107 107 107 106 105 105 105 105 104 104 103 102 102 101 101
258 257 256 255 254 253 252 251 250 249 248 247 246 245 244 243 241 240 239 238 237 236 235 233 232 231 230 228 227 226 225 223 222 220 218 242 245 251 257 262 266 270 273 276 279 282 285 287 289 291 294 295 297 299 301 302 304 305 306 307 308 309 310 311 312 313 313 314 315 316 316 317 317 318 317 317 318 318 191 191 191 109 109 109 107 107 107 107 107 106 106 105 104 104 103 103
258 257 256 255 254 253 252 251 250 249 248 247 246 245 244 243 242 241 240 239 237 236 235 234 233 232 230 229 228 226 225 224 222 220 244 246 252 256 261 266 270 273 276 279 282 285 287 290 292 294 296 298 300 301 303 304 306 307 307 309 310 311 312 313 314 315 315 316 317 318 318 319 319 319 319 319 320 320 320 193 193 110 110 110 109 109 109 109 109 108 107 107 106 106 105 104
259 258 257 256 255 254 253 252 251 250 249 248 247 246 245 244 242 241 240 239 238 237 236 234 233 232 231 230 228 227 226 223 222 246 247 253 258 261 265 269 273 276 280 282 285 288 290 292 295 297 298 300 302 304 305 307 308 308 310 311 312 313 314 315 316 317 317 318 319 319 320 321 321 320 321 321 321 322 322 195 112 112 112 111 111 111 111 111 110 110 109 108 108 108 107 105
259 258 257 256 255 254 253 252 251 250 249 248 247 246 245 244 243 242 241 240 238 237 236 235 234 233 231 230 229 228 225 224 248 247 254 259 262 266 269 273 276 280 283 285 288 290 293 295 297 299 301 303 304 306 307 309 310 310 312 313 314 315 316 317 318 319 319 320 321 321 322 322 322 322 323 323 323 324 324 324 114 114 114 113 113 113 113 113 112 111 111 110 110 109 108 107
260 259 258 257 256 255 254 253 252 251 250 249 248 247 246 245 243 242 241 240 239 238 237 235 234 233 232 231 229 227 226 250 248 255 260 264 268 270 273 276 280 283 285 288 291 293 295 297 299 301 303 305 306 308 309 311 311 312 314 315 316 317 318 319 320 320 321 322 323 323 324 324 324 324 324 325 325 325 325 243 116 116 115 115 115 115 114 114 114 113 112 112 112 111 110 109
260 259 258 257 256 255 254 253 252 251 250 249 248 247 246 245 244 243 242 241 239 238 237 236 235 234 232 231 229 228 251 250 256 260 265 269 271 274 277 279 282 285 288 291 293 295 298 300 302 303 305 307 309 310 312 313 313 314 316 317 318 319 320 321 321 322 323 324 324 325 325 325 325 326 326 327 327 327 327 244 117 118 117 117 116 116 116 116 116 115 114 114 113 113 111 111
260 259 259 258 257 256 255 254 253 252 251 250 249 248 247 245 244 243 242 241 240 239 238 236 235 234 233 231 229 228 252 256 261 266 270 273 276 278 280 282 285 288 291 293 296 298 300 302 304 306 307 309 311 312 314 314 315 316 318 319 320 321 322 322 323 324 325 325 326 327 327 327 327 328 328 328 328 329 246 246 246 118 118 118 118 118 118 118 116 116 116 116 115 114 113 113
261 260 259 258 257 256 255 254 253 252 251 250 249 248 247 246 245 244 243 242 240 239 238 237 236 235 232 231 230 254 255 262 267 270 274 277 279 282 284 285 288 291 293 296 298 300 302 304 306 308 309 311 313 314 314 316 317 318 319 320 321 322 323 324 325 326 327 327 328 328 329 328 329 329 330 330 330 330 248 248 248 120 120 120 120 120 120 119 118 118 118 117 117 115 115 114
261 260 259 258 257 257 256 255 254 253 252 251 249 248 247 246 245 244 243 242 241 240 239 237 235 234 233 232 255 255 262 268 271 275 279 281 283 286 287 289 291 293 296 298 300 302 304 306 308 310 311 313 315 316 316 318 319 320 321 322 323 324 325 326 327 328 328 329 329 330 330 330 330 331 331 332 332 332 249 249 249 122 122 122 121 121 121 120 120 120 119 119 118 117 117 116
