testData/tiles/oneDegreeCosts/grid44.0-18.0-45.0-19.0.asc
ncols   200
nrows   200
xllcorner   44.0
yllcorner   18.0
cellsize   0.005
NODATA_value   -9999.0
[rows 84 to 125 of 200, columns 94 to 187 of 200]
477 478 478 479 479 479 480 480 481 481 482 482 482 483 483 484 484 484 485 485 486 486 486 488 488 489 490 490 492 492 493 494 494 495 496 497 498 498 499 501 501 502 504 505 505 506 508 509 509 509 512 512 512 514 515 515 516 517 537 537 539 539 540 541 542 542 543 544 545 545 547 547 548 548 549 550 550 551 551 553 553 553 554 554 556 556 556 557 558 560 561 561 561 561
477 478 478 478 479 479 480 480 480 481 481 482 482 482 483 483 484 484 484 485 485 486 486 487 488 488 490 490 491 492 493 493 494 495 496 497 497 499 500 500 501 503 503 504 506 506 507 508 510 510 511 512 513 514 514 515 516 517 537 537 539 540 540 540 542 543 543 543 546 546 546 546 548 549 549 549 550 552 552 552 552 554 554 555 555 555 557 558 559 559 560 561 562 562
477 477 478 478 479 479 479 480 480 481 481 481 482 482 483 483 483 484 484 485 485 485 486 487 488 488 489 490 491 491 493 493 494 495 495 498 498 498 500 501 501 503 503 504 506 506 507 509 509 509 512 512 512 514 515 515 516 517 537 538 539 539 541 541 542 542 544 544 545 545 547 547 547 548 549 550 550 550 552 553 553 553 553 555 556 556 556 557 557 560 560 561 561 561
477 477 477 478 478 479 479 480 480 480 481 481 482 482 482 483 483 484 484 484 485 485 485 486 487 488 489 489 491 491 491 493 493 495 496 496 498 499 500 501 501 503 504 504 506 507 507 508 510 510 511 512 513 514 515 515 516 518 537 537 539 540 540 540 542 543 543 544 545 546 546 547 547 549 549 550 550 551 552 552 553 553 554 555 555 556 557 558 558 559 559 561 562 562
476 477 477 478 478 478 479 479 480 480 480 481 481 482 482 482 483 483 484 484 484 485 485 486 487 487 489 489 490 491 491 493 494 495 496 497 498 499 500 501 502 503 503 505 506 506 507 509 509 510 512 512 513 513 515 516 516 517 538 538 538 539 541 541 541 543 544 544 544 546 546 547 547 549 549 550 550 551 552 553 553 553 554 554 556 556 556 556 558 560 560 561 561 561
476 477 477 477 478 478 479 479 479 480 480 481 481 481 482 482 483 483 483 484 484 484 485 485 487 487 488 489 489 490 492 493 494 495 496 497 498 499 500 501 501 504 504 504 506 507 507 509 509 510 511 512 513 514 515 515 517 518 537 538 539 540 540 541 542 543 543 544 545 546 546 547 547 548 549 550 550 551 551 553 553 553 554 554 555 556 557 557 558 558 559 562 562 562
476 476 477 477 478 478 478 479 479 480 480 480 481 481 482 482 482 483 483 483 484 484 485 485 486 487 488 488 489 491 492 493 494 495 496 496 499 499 499 502 502 502 504 505 505 507 507 508 510 510 510 513 513 513 516 516 516 517 538 538 538 540 541 541 542 543 544 544 545 546 546 547 548 548 549 550 550 551 551 553 553 553 554 554 556 556 556 557 558 559 560 561 561 561
476 476 476 477 477 478 478 478 479 479 480 480 480 481 481 482 482 482 483 483 484 484 484 485 486 486 487 489 490 491 491 494 494 494 497 497 498 499 500 501 502 503 504 505 505 507 508 508 509 511 511 512 513 514 515 516 517 517 518 538 539 539 541 541 542 542 544 544 544 545 547 547 547 548 550 550 550 551 551 553 553 553 554 554 555 556 557 557 558 558 559 562 562 562
475 476 476 477 477 477 478 478 479 479 479 480 480 481 481 481 482 482 482 483 483 484 484 484 486 486 487 489 489 492 492 493 494 495 496 497 498 499 500 501 502 503 504 505 506 507 507 509 510 510 511 513 513 514 514 516 517 517 518 538 539 539 540 541 542 542 543 545 545 545 546 547 548 548 548 550 551 551 551 552 553 554 554 554 555 556 556 557 558 559 559 560 561 561
475 476 476 476 477 477 478 478 478 479 479 480 480 480 481 481 481 482 482 483 483 483 484 484 485 487 487 489 490 491 492 493 494 495 497 497 498 499 500 502 502 502 505 505 505 508 508 508 510 511 511 513 513 514 515 516 516 517 519 538 538 540 541 541 541 543 544 544 544 546 547 547 547 549 549 550 550 551 552 552 553 553 554 555 555 556 557 557 558 558 559 561 562 562
475 475 476 476 476 477 477 478 478 478 479 479 480 480 480 481 481 482 482 482 483 483 483 485 485 486 488 489 490 492 492 493 494 495 497 497 498 500 500 500 503 503 504 505 506 507 508 509 510 511 511 512 514 514 514 516 517 517 517 539 539 539 540 542 542 542 543 545 545 545 545 548 548 548 548 551 551 551 551 551 554 554 554 554 555 555 557 557 558 559 559 559 561 562
475 475 475 476 476 477 477 477 478 478 479 479 479 480 480 480 481 481 482 482 482 484 484 484 485 487 488 489 490 491 492 493 495 495 496 498 498 499 501 501 502 503 504 505 506 506 508 509 509 511 512 512 513 514 515 516 516 518 518 538 538 540 540 541 542 543 543 544 545 546 546 547 547 549 549 550 550 552 552 552 553 553 554 555 555 555 556 557 557 559 559 560 562 562
474 475 475 476 476 476 477 477 478 478 478 479 479 479 480 480 481 481 481 482 483 483 484 485 486 487 488 490 490 490 493 493 494 496 496 497 498 500 500 501 503 503 504 505 506 507 508 508 510 511 511 513 514 514 514 517 517 517 518 539 539 539 540 542 542 542 543 545 545 545 546 548 548 548 548 550 551 551 551 551 553 554 554 554 555 555 557 557 557 559 559 559 561 562
474 474 475 475 476 476 476 477 477 478 478 478 479 479 480 480 480 481 482 482 483 483 484 485 485 488 488 488 491 491 492 493 495 495 496 498 498 500 500 501 503 503 504 506 506 506 509 509 509 511 512 512 513 515 515 515 517 518 518 538 539 540 540 541 542 543 543 544 545 546 546 547 548 549 549 549 550 551 552 552 552 553 555 555 555 555 555 557 557 559 559 560 561 562
474 474 475 475 475 476 476 477 477 477 478 478 478 479 479 480 480 481 482 482 483 484 484 486 486 487 488 489 490 491 493 493 495 495 496 498 498 499 501 501 502 504 504 505 507 507 508 509 510 511 511 512 514 514 515 516 517 517 518 539 539 540 540 542 542 543 543 545 545 546 546 547 548 548 549 549 551 551 551 552 553 554 554 554 555 556 556 557 557 559 559 559 561 562
474 474 474 475 475 475 476 476 477 477 477 478 478 479 479 480 481 481 481 483 483 483 485 485 486 487 488 489 490 491 493 493 494 496 496 498 499 499 500 502 502 503 504 506 506 507 509 509 509 511 512 512 513 514 515 516 517 518 518 538 539 540 540 541 542 543 543 544 545 546 546 547 548 549 549 549 550 551 552 552 552 552 555 555 555 555 555 557 558 559 559 560 560 561
473 474 474 474 475 475 476 476 476 477 477 477 478 478 480 480 480 482 482 482 484 484 485 485 486 487 488 489 491 491 493 494 494 495 497 498 498 500 501 501 502 504 504 505 507 507 508 509 510 510 512 512 513 515 515 515 517 518 518 519 539 540 540 541 542 543 543 544 545 546 546 547 548 549 549 549 550 551 552 552 553 553 554 554 556 556 556 556 557 559 559 559 560 561
473 473 474 474 475 475 475 476 476 476 477 477 478 479 479 480 481 481 482 483 483 484 485 486 486 486 489 489 490 492 492 493 495 496 496 497 499 499 501 502 502 504 504 505 507 507 508 509 510 510 512 513 513 514 515 516 516 517 519 519 539 540 541 541 542 543 544 544 545 545 546 547 548 548 549 550 550 551 552 552 552 553 555 555 555 555 555 557 558 559 559 560 560 561
473 473 473 474 474 475 475 475 476 476 477 478 478 479 480 480 481 481 482 483 483 485 485 485 487 487 488 490 491 491 492 494 494 496 497 497 499 499 501 502 502 504 505 505 506 507 508 509 510 511 512 512 514 515 515 515 517 518 518 518 540 540 540 540 543 543 543 543 546 546 546 546 547 549 549 549 550 550 552 552 553 553 553 554 555 556 556 556 557 558 559 560 560 561
472 473 473 474 474 474 475 475 475 476 477 478 478 479 480 480 481 482 482 483 484 484 485 486 486 487 489 489 490 492 492 494 494 496 497 497 499 500 500 501 503 504 504 505 507 507 507 510 510 510 513 513 513 513 516 516 516 517 519 519 538 540 541 541 541 542 544 544 544 545 547 547 547 548 549 550 550 550 552 552 553 553 554 555 555 555 555 557 557 558 559 559 560 561
472 473 473 473 474 474 474 475 475 477 477 477 479 479 479 481 481 481 483 483 484 485 485 486 486 487 488 489 490 492 492 494 495 495 496 498 499 499 501 502 502 503 505 505 506 508 508 509 510 511 511 512 514 514 515 516 517 518 518 519 539 540 540 541 542 543 543 544 545 546 546 546 548 549 549 549 550 551 552 552 553 553 553 555 555 556 556 556 556 558 560 560 560 561
472 472 473 473 473 474 474 475 476 476 478 478 478 480 480 480 481 482 483 483 484 485 485 486 487 487 488 490 490 491 493 494 494 496 497 497 500 500 500 502 503 503 504 506 506 507 508 509 510 511 511 513 513 514 516 516 516 517 519 519 538 540 541 541 541 543 544 544 544 546 547 547 547 547 550 550 550 550 552 552 553 553 553 554 555 555 556 557 557 557 559 559 560 560
472 472 472 473 473 473 475 475 476 477 477 478 479 479 480 481 481 482 483 484 484 484 486 486 486 488 488 489 491 492 492 493 495 495 497 498 498 500 501 502 502 503 505 505 506 508 508 509 510 511 511 513 513 514 516 516 517 517 519 519 539 539 541 541 542 543 543 544 545 545 546 547 548 548 549 549 550 551 551 552 553 553 554 554 555 556 556 556 556 557 560 560 560 560
471 472 472 472 473 474 475 475 476 477 477 478 479 479 480 481 481 483 483 483 485 485 485 487 487 487 488 490 490 492 493 493 495 496 497 498 498 500 500 502 503 503 505 505 506 508 508 509 510 511 511 513 514 514 514 516 517 517 519 519 520 539 541 541 542 542 544 544 544 545 547 547 547 547 550 550 550 550 551 553 553 553 553 554 555 555 556 557 557 557 559 559 560 560
471 471 472 473 473 474 475 476 476 477 478 478 478 480 480 480 482 482 483 484 484 485 486 486 487 488 488 490 490 491 493 493 495 496 497 498 499 500 500 501 503 503 505 506 506 507 509 509 510 511 512 512 513 514 515 516 516 517 519 519 520 539 541 541 542 542 544 544 545 545 546 547 548 548 548 549 551 551 551 551 552 553 554 554 554 556 556 556 556 558 558 560 560 560
471 471 472 473 473 475 475 475 477 477 477 479 479 479 481 481 482 483 483 484 484 485 486 486 487 488 488 490 491 491 493 494 495 495 497 498 498 500 501 501 502 504 504 505 507 507 508 508 510 511 511 513 514 514 514 517 517 517 517 520 520 539 541 542 542 542 544 544 545 545 547 547 547 548 549 550 550 550 551 552 553 553 553 554 554 556 556 557 557 557 557 559 560 560
470 472 472 473 474 474 475 476 476 477 478 478 479 480 480 481 482 483 483 484 485 485 486 487 487 487 489 489 490 492 493 493 496 496 496 497 499 500 500 502 503 503 505 506 506 506 509 509 509 511 512 512 513 515 515 516 516 518 518 519 519 540 540 541 542 543 543 544 545 545 546 547 548 548 548 550 551 551 551 551 552 554 554 554 554 555 556 556 556 557 558 559 560 560
471 471 472 473 474 474 475 476 476 477 478 478 479 480 480 482 482 482 484 484 484 486 486 486 488 488 488 489 491 491 493 494 494 495 497 498 498 499 501 501 503 504 504 505 507 507 508 509 510 511 511 512 514 514 514 516 517 517 517 520 520 539 539 542 542 542 542 545 545 545 546 547 548 548 548 549 550 550 551 552 552 553 553 554 555 555 556 557 557 557 557 558 560 561
471 472 473 473 474 475 475 476 477 477 478 479 479 480 481 481 482 483 483 484 485 485 486 487 487 488 489 489 491 492 493 493 494 496 496 498 499 499 501 502 502 504 504 506 506 507 509 509 510 511 512 512 513 515 515 515 517 518 518 519 520 540 540 541 541 543 543 544 544 546 546 547 547 548 548 549 550 551 551 551 551 554 554 554 554 555 556 556 557 557 558 559 559 560
471 472 472 474 474 474 476 476 476 478 478 478 480 480 480 482 482 483 484 484 485 485 486 487 487 488 489 489 491 491 492 494 494 496 496 498 499 499 501 502 502 504 504 505 506 507 509 509 510 510 512 512 513 514 515 516 517 517 518 519 520 539 540 542 542 542 542 545 545 545 545 546 548 548 548 549 550 551 551 552 552 553 553 554 555 555 555 557 557 557 557 558 560 561
471 472 473 473 474 475 475 476 477 477 478 479 479 480 481 482 482 483 484 484 485 486 486 487 488 488 488 490 491 491 492 494 494 496 497 497 499 500 501 501 502 504 504 505 507 507 507 509 510 510 512 513 513 514 515 516 517 518 518 518 520 540 540 540 542 543 543 543 544 546 546 546 547 548 549 549 549 551 551 551 552 553 554 554 554 555 555 557 557 557 558 558 559 560
471 472 473 473 474 475 475 476 477 477 478 479 479 480 481 481 483 483 483 485 485 485 487 487 487 489 489 489 490 492 492 493 495 496 496 498 499 499 502 502 502 503 505 505 506 508 508 509 509 511 512 512 513 515 515 515 516 518 518 519 520 521 540 541 542 542 543 544 545 545 545 547 548 548 548 549 549 551 551 552 552 552 553 555 555 555 555 555 557 557 557 557 560 560
472 472 473 474 474 475 476 476 477 478 478 479 480 480 481 482 482 484 484 484 485 486 486 487 488 488 488 490 490 491 493 494 494 496 497 497 499 500 500 501 503 504 504 505 507 507 507 510 510 510 512 513 513 513 515 516 516 517 518 519 519 521 540 541 542 543 543 543 545 546 546 546 546 549 549 549 549 551 551 552 552 553 554 554 554 555 555 556 557 557 558 558 559 559
471 473 473 473 475 475 475 477 477 477 479 479 479 481 481 482 483 483 484 485 485 486 487 487 487 488 489 489 490 492 492 494 495 495 497 498 499 499 500 502 502 503 505 505 506 508 508 509 510 511 511 512 514 514 515 515 517 518 518 518 519 521 540 541 541 543 543 544 544 545 546 547 547 548 548 549 550 550 551 552 552 552 552 555 555 555 555 555 557 557 557 558 560 560
472 472 473 474 474 475 476 476 477 478 478 479 480 480 481 482 482 483 484 484 485 486 486 487 488 488 489 490 490 492 492 493 495 495 497 498 498 500 500 502 503 503 505 505 506 507 508 509 510 510 511 513 513 513 516 516 516 517 519 519 519 520 540 541 541 543 543 544 544 546 546 546 546 549 549 549 549 550 551 552 552 553 553 554 554 554 556 556 556 557 558 558 559 559
472 472 473 474 474 475 476 477 477 478 479 479 480 480 481 482 482 483 484 484 485 486 486 487 488 488 489 490 490 492 493 493 495 496 497 497 498 500 500 502 503 503 505 505 506 507 508 508 510 511 511 512 513 514 515 515 517 517 518 518 520 521 540 540 541 543 543 544 544 545 546 547 547 547 548 550 550 550 551 552 552 552 553 553 555 555 555 555 556 557 558 558 559 560
472 473 473 474 475 475 476 477 477 478 479 479 480 481 481 482 483 483 484 485 485 486 487 487 487 489 489 489 491 491 492 494 495 495 497 498 498 500 501 501 502 503 505 505 506 508 508 508 510 511 511 513 513 514 514 516 516 517 519 519 519 519 541 541 541 541 543 544 544 544 546 546 547 548 549 549 549 550 551 552 552 552 553 553 554 554 556 556 556 556 558 558 558 559
472 472 474 474 474 476 476 476 478 478 478 480 480 480 482 482 482 484 484 484 486 486 486 488 488 488 490 490 490 491 493 493 494 496 496 497 499 500 500 502 503 503 503 506 506 507 508 509 510 510 511 512 513 514 514 516 516 517 518 519 520 520 540 540 542 542 543 543 544 545 546 546 547 547 548 549 550 550 550 551 552 553 553 553 555 555 555 555 556 556 558 558 559 560
472 473 473 474 475 475 476 477 477 478 479 479 480 481 481 482 483 483 484 485 485 486 487 487 488 489 489 490 491 491 493 494 495 495 496 498 498 500 501 501 502 504 504 505 505 507 508 508 510 511 511 512 514 514 514 516 516 517 517 519 519 520 522 541 541 541 544 544 544 544 546 546 547 547 548 549 549 549 551 551 552 552 553 553 553 555 556 556 556 556 557 558 558 559
472 473 473 474 475 475 476 477 478 478 479 480 480 481 482 482 483 484 484 485 485 486 487 487 488 489 489 490 491 491 493 493 494 496 496 498 499 499 500 501 503 503 504 506 506 506 509 509 509 510 512 512 513 514 515 516 516 517 517 519 519 520 520 541 542 542 543 543 545 545 545 546 547 547 548 549 550 550 550 550 552 553 553 553 554 555 555 555 556 557 557 558 559 560
472 473 474 474 475 476 476 477 478 478 479 480 480 481 482 482 483 484 484 485 486 486 487 488 488 489 490 490 490 491 492 493 494 496 496 498 499 499 501 501 502 503 504 505 506 507 508 508 510 511 511 511 514 514 514 515 517 517 517 519 519 520 521 541 541 541 543 544 544 544 545 547 547 547 548 549 549 550 551 551 552 552 553 553 554 554 556 556 556 556 557 557 558 559
473 473 473 475 475 475 477 477 477 479 479 479 481 481 481 483 483 483 485 485 485 487 487 487 489 489 489 490 491 491 492 494 494 495 497 497 498 499 501 501 502 503 504 505 506 507 508 509 509 511 512 512 512 513 515 515 516 517 518 519 519 520 520 541 542 542 542 543 545 545 545 546 547 547 548 548 550 550 550 550 552 553 553 553 554 554 555 555 557 557 557 557 558 559
