testData/tiles/oneDegreeCosts/grid19.0-19.0-20.0-20.0.asc
ncols   200
nrows   200
xllcorner   19.0
yllcorner   19.0
cellsize   0.005
NODATA_value   -9999.0
[rows 42 to 83 of 200, columns 94 to 187 of 200]
353 355 356 358 359 360 361 363 364 365 367 368 369 371 373 374 374 377 378 379 380 382 383 384 385 387 388 390 390 391 394 394 395 397 398 399 401 401 402 405 405 406 408 408 410 410 412 413 413 415 416 417 418 419 420 420 423 424 424 425 425 427 427 429 429 431 432 432 433 434 435 435 437 437 439 439 440 440 440 442 442 443 443 444 445 446 447 447 448 449 449 450 451 451
354 356 358 359 361 361 363 363 365 367 368 369 371 373 373 375 377 377 379 381 382 383 384 385 387 388 390 390 392 394 394 395 398 398 399 401 401 403 405 405 406 408 409 410 411 412 413 414 416 416 417 419 419 421 421 423 424 424 425 426 428 428 429 431 431 432 432 433 435 436 436 437 438 439 439 440 440 441 443 444 444 444 445 446 447 447 448 449 449 451 451 451 452 452
356 357 358 361 362 361 364 365 367 367 370 371 371 373 375 377 377 379 381 381 383 384 385 387 388 389 391 392 393 394 396 398 398 399 401 402 403 404 405 406 408 409 410 411 412 414 414 416 416 417 419 420 421 421 423 424 424 426 427 428 429 429 431 431 433 433 435 435 436 436 437 438 439 440 441 441 443 443 444 444 445 446 447 447 448 450 450 452 452 453 453 453 454 454
357 358 360 361 362 364 365 366 367 370 370 371 374 375 376 377 379 380 381 383 384 385 387 388 390 391 392 393 394 396 397 398 399 401 402 403 404 405 407 408 409 410 411 413 414 415 416 416 418 420 420 421 421 423 425 425 427 427 428 429 430 432 432 433 433 435 435 436 437 439 440 440 441 441 443 443 444 444 445 447 447 448 448 449 450 452 452 452 453 453 454 454 455 456
359 359 361 362 365 364 366 368 369 370 371 374 374 376 377 378 380 381 383 384 385 387 387 390 391 391 393 395 395 397 398 400 401 402 403 404 406 407 408 409 409 412 413 413 415 416 417 418 420 420 421 423 424 425 425 427 427 428 430 431 432 432 433 434 435 437 437 438 439 440 440 441 442 443 444 445 445 446 447 448 448 449 450 452 452 452 453 454 455 456 456 457 457 458
359 361 362 364 365 367 367 368 370 371 373 374 376 377 378 380 381 383 384 385 386 388 390 391 391 394 395 395 397 399 399 401 402 402 405 406 406 408 409 410 412 413 413 415 417 417 418 420 420 422 423 424 425 425 427 428 429 430 431 432 432 433 436 436 437 437 439 439 440 441 442 443 444 444 445 445 447 447 448 448 451 452 453 453 454 454 455 456 456 457 457 458 458 458
360 362 364 365 365 368 368 370 371 373 374 375 377 378 380 380 383 384 384 386 388 390 390 391 394 394 395 397 398 399 401 402 403 405 406 406 408 410 410 412 413 414 416 417 417 419 419 421 422 423 424 425 426 428 428 429 431 431 432 433 435 436 436 437 437 439 440 441 442 443 444 444 445 445 447 448 449 449 451 452 453 453 454 454 454 456 456 457 458 459 459 459 461 461
362 363 364 366 368 369 369 371 373 373 374 377 378 379 381 382 383 384 387 388 388 390 392 393 394 395 398 398 399 401 402 403 405 405 406 409 409 410 412 413 414 416 416 417 420 420 421 422 423 424 426 427 428 428 429 431 432 433 433 435 436 436 438 439 440 440 441 442 443 444 445 446 446 448 448 449 449 451 452 453 453 455 455 457 457 458 458 458 459 459 461 461 461 462
362 364 366 367 368 370 371 371 373 375 377 377 379 381 381 383 384 387 387 388 391 392 393 394 396 397 398 399 400 402 403 405 405 407 409 409 410 413 413 414 416 416 418 420 420 421 422 424 425 425 427 428 428 430 432 432 433 433 435 437 437 438 439 440 441 441 443 444 445 445 446 447 448 448 449 451 453 454 454 455 455 455 457 457 458 458 459 459 461 461 462 463 463 464
364 365 367 368 371 371 371 373 375 376 377 380 380 381 383 385 386 387 388 391 391 393 394 395 397 398 399 401 402 403 404 406 407 408 409 410 412 413 414 415 417 418 419 420 421 423 424 425 425 427 428 429 430 432 432 433 434 436 437 437 438 439 440 442 442 444 444 445 445 447 448 449 450 451 453 453 454 454 455 455 457 457 459 459 460 460 461 462 462 463 463 464 466 466
365 366 367 369 371 372 372 374 376 377 378 380 381 383 384 385 387 389 390 391 392 394 395 397 398 399 401 402 402 405 406 406 408 409 411 412 413 414 416 417 418 419 420 422 423 424 425 425 428 429 429 430 431 432 434 435 436 437 437 439 440 441 442 442 444 444 445 447 448 449 449 450 451 453 453 454 455 456 457 458 458 459 459 460 461 462 462 463 463 463 466 466 468 468
365 367 369 371 371 374 374 375 376 378 380 381 383 384 385 386 388 390 391 391 394 395 397 397 399 401 401 402 405 406 406 408 410 410 412 413 414 416 417 417 419 421 421 423 424 424 426 428 428 429 431 432 433 434 435 436 437 438 440 440 441 442 443 444 445 446 447 448 449 449 451 452 454 454 455 456 456 458 458 459 459 460 461 463 463 463 464 464 467 467 468 468 468 469
367 369 370 371 373 375 374 377 378 379 380 383 384 384 386 388 390 390 392 394 395 395 398 399 400 401 403 405 405 406 409 409 410 412 413 414 416 417 417 420 421 421 423 424 425 426 428 428 429 432 432 433 434 435 436 437 438 440 440 441 442 444 445 445 446 448 448 449 450 452 453 454 455 455 456 457 458 459 460 460 462 462 463 463 464 464 467 467 467 468 468 469 469 471
368 369 371 372 374 375 378 377 379 380 382 383 384 387 388 388 390 392 394 394 395 398 398 400 401 403 404 405 406 408 409 410 412 413 414 416 416 418 420 420 421 423 424 425 426 428 428 430 432 432 433 433 436 437 437 438 440 440 442 443 444 445 445 446 448 449 450 451 452 454 454 455 455 458 458 459 459 460 460 462 462 463 463 464 465 468 468 469 469 470 470 471 472 472
368 370 372 374 375 377 378 378 381 381 383 384 387 387 388 391 391 393 394 396 397 398 399 402 402 404 405 406 408 409 410 412 413 414 415 417 418 420 420 421 424 424 425 426 427 429 430 431 432 433 434 436 437 437 438 441 441 442 442 444 445 445 447 449 449 450 451 453 454 455 456 456 458 458 459 459 460 462 463 464 464 465 465 468 468 469 469 469 470 471 472 472 473 473
371 372 373 374 376 378 378 380 381 383 383 385 387 388 390 391 392 394 395 397 398 399 401 402 403 405 406 408 409 410 412 413 413 415 417 418 419 420 422 423 424 425 425 428 429 430 431 432 434 434 436 437 437 440 440 441 442 443 444 446 446 447 449 449 451 451 454 455 455 456 456 458 458 459 461 461 463 463 464 464 465 467 468 468 469 470 471 472 473 473 474 474 474 475
371 372 374 376 377 378 381 381 381 384 385 387 387 390 391 392 394 395 397 398 399 401 402 402 405 406 408 408 410 412 413 413 416 417 417 419 421 421 423 424 425 426 428 429 429 432 433 433 434 436 436 438 440 440 441 442 444 445 446 446 448 449 450 452 452 454 455 455 456 457 459 460 460 461 462 463 463 464 464 466 468 469 469 470 470 471 472 473 473 474 474 475 476 477
372 374 375 377 378 379 381 381 384 384 386 387 389 390 391 394 395 395 397 399 401 401 403 405 406 406 409 410 411 412 414 416 416 417 420 421 421 422 424 425 426 428 428 430 432 433 433 434 437 437 438 440 440 441 443 444 445 446 446 448 449 451 452 453 454 455 456 457 458 459 460 460 461 462 463 464 465 465 468 469 469 470 470 471 472 473 473 475 475 476 476 477 478 478
374 375 375 377 379 381 382 383 384 385 388 388 390 391 394 394 395 398 399 400 401 403 405 405 406 409 409 410 412 414 414 416 417 419 420 421 422 424 425 426 428 429 430 432 432 433 435 436 437 438 439 441 442 442 444 445 445 447 449 449 451 452 453 455 456 456 457 458 459 460 460 462 463 464 464 465 467 468 469 469 471 471 473 473 474 474 475 475 476 477 478 478 479 479
374 375 378 379 380 381 384 384 384 387 388 390 391 392 394 395 397 398 399 401 402 404 405 407 408 409 410 413 413 414 416 418 418 420 421 422 424 425 426 427 429 430 431 432 434 434 436 437 438 440 441 442 442 444 446 446 447 449 450 451 453 454 455 455 456 457 458 460 461 461 463 463 464 465 465 469 469 470 470 471 471 473 473 474 474 475 475 477 478 479 479 480 480 482
375 377 378 379 381 382 384 384 387 388 388 391 392 394 394 397 398 399 401 402 403 405 406 408 409 410 412 413 414 416 417 418 420 420 422 424 425 425 428 429 429 431 433 434 434 436 437 438 440 441 441 442 445 445 446 447 448 450 452 452 454 455 455 456 459 459 460 461 461 463 463 465 466 467 469 469 470 470 471 473 473 475 475 476 476 478 478 479 479 480 480 482 483 483
376 378 378 381 382 384 385 386 387 388 391 391 393 395 396 397 398 401 402 402 405 406 407 408 410 412 413 413 416 417 418 419 421 422 424 424 426 428 428 429 431 433 433 434 436 437 438 440 441 441 443 445 445 446 447 449 451 452 452 454 455 456 457 459 459 460 460 461 464 464 465 466 467 469 469 470 471 472 474 474 475 475 476 476 478 478 479 479 480 482 484 484 485 485
377 378 381 382 382 385 386 387 387 390 391 392 395 395 397 398 400 401 402 405 406 406 408 410 411 412 413 416 417 417 420 421 422 423 425 426 427 428 429 431 432 433 434 436 437 438 440 440 442 443 444 445 446 447 450 451 451 452 454 455 456 457 458 459 460 461 462 464 464 465 467 468 470 470 471 472 472 474 474 475 475 476 478 479 479 480 481 481 483 484 484 485 485 486
378 379 381 382 385 385 387 387 389 391 391 394 395 397 398 399 401 402 403 405 406 409 409 410 412 414 414 416 417 419 420 421 422 425 425 426 428 430 430 432 433 435 436 437 438 438 441 442 442 444 445 447 447 450 451 451 453 455 455 456 457 458 460 461 461 463 464 464 465 467 469 470 470 471 472 473 474 475 476 476 477 479 479 480 480 481 482 484 484 485 485 487 487 488
379 381 381 384 385 386 389 388 390 391 394 394 395 398 399 401 401 403 405 406 408 409 410 412 413 414 416 418 418 420 421 423 424 425 426 429 429 430 432 433 434 436 437 437 439 441 442 442 444 446 446 447 450 450 452 453 454 455 456 458 459 460 461 461 463 463 465 467 467 469 470 470 471 473 474 475 475 476 476 478 479 479 480 481 483 484 485 485 486 486 487 487 489 489
379 381 383 385 385 388 389 390 390 392 394 395 398 398 399 402 403 404 405 407 409 409 411 413 414 416 417 418 420 421 422 424 425 425 428 429 430 431 433 434 436 436 438 439 441 441 442 445 445 446 448 450 451 452 453 454 455 457 457 459 460 460 461 464 464 465 467 467 469 470 471 472 472 474 475 475 476 476 479 480 480 481 481 483 484 485 486 486 487 487 488 489 490 491
381 382 384 385 388 388 389 391 392 394 394 396 398 399 401 402 403 406 407 408 409 411 413 413 414 417 418 419 421 422 424 424 426 428 429 429 432 433 434 434 437 438 439 440 441 443 443 445 446 449 450 451 452 452 455 456 456 457 459 460 461 462 464 464 466 467 468 470 470 471 472 472 474 475 476 477 477 479 480 480 481 482 483 485 486 487 487 488 488 490 490 491 491 492
382 383 384 386 388 389 392 391 393 394 396 397 398 401 402 403 405 406 408 409 410 412 413 415 416 417 418 421 422 422 424 426 427 428 429 431 433 433 434 437 437 438 440 442 442 443 445 447 448 450 451 451 453 455 456 456 457 459 460 461 462 463 464 466 467 468 470 470 471 472 474 475 476 476 477 477 479 480 480 483 483 485 486 486 487 487 488 489 490 490 491 491 492 492
382 384 386 388 388 390 392 392 394 395 397 398 400 401 402 405 406 406 409 410 411 413 414 416 417 419 420 421 422 425 425 426 428 430 430 432 433 435 436 437 438 441 441 442 443 445 447 448 450 450 452 453 455 455 456 458 459 460 461 462 463 465 467 467 468 470 470 472 473 474 475 476 476 477 478 480 481 481 483 483 485 486 486 487 487 488 490 491 492 492 493 493 494 495
383 385 386 388 390 391 392 394 395 396 397 399 401 402 403 405 406 409 410 410 412 414 415 416 418 420 421 421 424 425 426 429 429 430 432 434 434 436 437 439 439 441 442 443 445 447 448 448 451 452 453 454 455 457 457 459 460 461 462 464 466 466 467 468 470 471 472 472 474 475 475 477 478 479 480 481 482 483 483 485 487 487 488 488 489 491 491 492 492 493 493 495 495 496
385 386 387 389 391 392 393 394 395 398 399 399 401 403 405 406 407 409 410 413 413 414 416 418 419 420 422 423 425 425 427 429 430 430 433 434 435 436 438 439 441 441 443 445 447 447 449 451 452 452 453 456 456 457 459 460 461 462 464 465 466 467 469 470 471 472 472 474 476 476 477 478 479 480 481 482 484 485 486 487 487 488 488 490 491 491 492 493 494 494 496 496 498 498
385 386 389 389 391 393 395 395 396 398 399 401 402 403 405 407 409 409 411 413 414 416 417 418 420 422 422 424 425 427 428 429 431 433 434 434 437 438 439 440 442 443 444 446 447 449 451 451 452 454 455 456 457 458 460 461 462 463 465 467 468 468 470 471 471 473 475 475 476 477 477 479 481 482 483 484 485 486 487 487 488 489 491 492 492 493 493 494 495 496 498 498 499 499
385 388 389 391 392 393 395 396 398 398 401 402 403 405 406 408 409 411 413 413 415 417 418 419 421 422 424 426 426 428 429 431 432 433 434 437 437 438 439 442 442 443 446 448 448 450 451 453 453 455 456 457 458 460 461 462 463 466 467 467 468 470 472 472 473 475 475 476 477 478 480 481 482 483 484 485 486 488 488 489 489 491 492 492 493 493 494 496 497 499 499 500 500 501
387 388 389 392 393 395 396 396 398 400 402 402 405 406 407 408 410 411 413 415 416 417 419 421 422 422 425 426 427 428 430 431 433 434 435 437 438 440 441 442 444 447 447 448 449 452 452 453 455 456 457 458 460 461 461 464 466 466 467 468 471 471 472 473 474 475 477 477 478 480 481 482 483 484 486 487 487 488 489 489 491 492 493 494 494 495 497 498 499 499 500 500 501 502
388 389 391 392 393 396 397 397 399 401 402 404 405 406 408 410 411 412 414 415 417 418 420 421 422 425 425 426 429 430 431 432 434 435 437 437 439 441 442 443 446 447 448 448 451 452 453 454 456 457 458 459 460 462 464 465 466 467 469 470 471 472 472 475 476 477 477 478 480 481 483 484 484 486 487 487 488 490 491 492 493 493 494 494 496 497 498 499 499 501 502 503 504 504
388 390 392 392 395 396 397 399 399 401 403 405 406 407 409 410 412 414 414 416 418 419 421 422 423 425 426 428 429 430 433 434 434 436 438 439 439 441 444 445 447 447 449 451 452 452 454 456 457 457 459 461 463 463 465 467 468 468 470 471 471 473 474 476 476 477 478 480 482 483 483 484 486 487 488 489 490 491 492 492 493 494 494 497 499 499 500 500 501 502 503 504 504 505
389 391 392 394 396 396 399 399 401 403 403 405 407 409 410 410 413 414 416 418 418 420 422 423 424 425 427 429 430 431 433 434 435 437 438 439 442 444 444 446 448 449 450 451 453 454 455 456 457 459 460 462 463 466 466 467 468 470 471 472 473 474 475 476 478 478 481 482 483 483 485 487 487 488 489 489 491 492 493 494 495 495 498 499 499 500 500 501 503 503 504 505 506 506
390 391 393 395 396 398 399 399 402 403 405 406 407 409 411 413 413 414 417 418 419 421 422 424 426 427 428 429 431 433 433 435 437 438 439 441 443 444 446 447 448 449 451 453 453 455 456 458 458 460 462 464 464 466 467 468 469 471 472 473 473 475 477 477 478 481 482 483 484 485 486 487 488 489 490 492 493 493 494 495 495 498 498 499 501 501 502 504 504 505 505 506 507 507
390 393 393 395 397 399 400 401 402 403 406 407 408 410 411 413 414 416 417 418 421 422 422 425 426 427 429 430 431 433 435 436 437 438 440 443 443 445 447 448 449 451 452 453 454 456 457 458 460 461 463 464 466 467 468 469 471 472 472 474 476 476 477 478 480 482 483 484 485 486 487 489 489 490 492 492 493 494 494 497 499 499 500 501 501 502 504 504 505 505 506 507 508 510
392 393 395 396 397 399 401 402 403 405 406 407 410 411 412 414 415 417 418 419 421 422 425 426 426 429 430 431 432 434 435 437 439 440 442 443 445 447 447 448 450 452 452 453 456 457 458 458 462 463 464 465 467 468 469 470 471 473 474 475 476 477 480 480 482 483 484 484 487 488 488 489 490 491 492 494 495 495 497 499 499 500 501 501 502 505 505 506 506 507 508 508 510 510
392 393 396 397 399 400 401 402 404 406 406 409 410 411 414 414 416 417 419 421 421 423 425 426 428 429 430 433 434 435 436 438 440 441 443 444 445 447 449 449 451 452 454 456 456 457 460 462 462 463 465 467 467 468 469 472 473 473 474 476 478 479 480 482 482 483 485 486 487 488 489 490 492 493 494 494 495 497 498 499 501 501 502 503 504 505 506 506 507 508 509 510 510 512
392 395 396 397 400 401 402 403 405 406 408 409 410 413 414 415 417 418 419 421 423 424 425 427 429 430 431 433 434 435 438 439 440 443 444 445 446 448 449 451 452 453 454 456 457 459 461 462 463 465 466 467 468 470 471 472 473 474 476 477 479 480 481 483 484 485 485 487 488 490 490 491 493 493 494 496 498 499 500 501 501 502 503 504 505 506 507 508 509 510 511 511 513 514
