testData/tiles/oneDegreeCosts/grid26.0-9.0-27.0-10.0.asc
ncols   200
nrows   200
xllcorner   26.0
yllcorner   9.0
cellsize   0.005
NODATA_value   -9999.0
[rows 42 to 83 of 200, columns 94 to 187 of 200]
344 343 343 343 343 342 342 342 342 342 342 341 341 341 341 341 340 340 340 340 339 339 339 339 338 338 338 337 336 336 335 335 334 334 333 333 332 332 332 332 332 332 332 332 332 332 321 276 275 275 275 275 275 275 275 275 275 275 275 275 275 275 275 275 275 274 274 274 274 274 274 274 274 274 274 274 274 274 273 273 272 272 272 272 272 272 272 272 272 272 272 272 272 272
343 343 343 343 342 342 342 342 342 342 341 341 341 341 341 341 340 340 340 340 339 339 339 338 338 338 336 336 336 335 335 334 334 333 333 332 332 331 331 331 331 332 332 332 332 332 321 320 275 275 275 275 275 275 275 275 275 275 275 275 275 275 275 275 274 274 274 274 274 274 274 274 274 274 273 273 273 273 273 273 272 272 272 272 272 272 272 272 272 272 272 272 272 271
343 343 342 342 342 342 342 342 342 341 341 341 341 341 341 340 340 340 340 339 339 339 338 338 338 337 336 336 335 335 335 334 334 333 333 332 331 331 331 331 331 331 331 331 331 320 319 320 275 275 275 275 275 275 275 275 275 275 275 275 275 275 275 274 274 274 274 274 273 273 273 273 273 273 273 273 273 273 273 272 272 272 272 272 272 272 272 272 272 272 272 272 271 271
342 342 342 342 342 342 342 342 341 341 341 341 341 341 340 340 340 340 339 339 339 339 338 337 337 336 336 336 335 335 334 334 333 333 332 332 331 331 331 331 331 331 331 331 331 319 319 319 319 274 274 274 274 274 274 274 274 274 274 274 274 274 273 273 273 273 273 273 273 273 273 273 273 273 273 273 273 273 272 272 272 272 272 272 272 272 272 272 272 272 272 271 271 271
342 342 342 342 342 342 342 341 341 341 341 341 341 340 340 340 340 339 339 339 339 338 337 337 336 336 336 335 335 334 334 334 333 333 332 331 331 331 331 331 331 331 331 330 319 319 319 319 319 274 274 274 274 274 274 274 274 274 274 274 274 273 273 273 273 273 273 273 273 273 273 273 273 273 273 273 273 272 272 272 272 272 272 272 272 272 272 272 272 272 271 271 271 271
342 342 342 342 342 342 341 341 341 341 341 341 340 340 340 340 339 339 339 339 337 337 337 336 336 336 335 335 335 334 334 333 333 332 332 331 331 331 331 331 331 331 330 330 319 319 319 319 319 274 274 274 274 274 274 274 274 274 274 274 273 273 273 273 273 273 273 273 273 273 273 273 273 273 273 273 272 272 272 272 272 272 272 272 272 272 272 272 272 271 271 271 271 271
341 342 342 342 341 341 341 341 341 341 341 340 340 340 340 339 339 339 338 337 337 337 337 336 336 336 335 335 334 334 333 333 332 332 331 331 331 331 331 331 331 330 330 319 319 319 319 319 319 319 274 274 274 274 274 274 274 274 274 273 273 273 273 273 273 273 273 273 273 273 273 273 273 273 273 272 272 272 272 272 272 272 272 272 272 272 272 272 271 271 271 271 271 271
341 341 342 341 341 341 341 341 341 340 340 340 340 340 340 339 339 338 338 337 337 337 336 336 336 335 335 335 334 334 333 333 332 332 331 331 331 331 331 330 330 330 330 319 319 319 319 319 319 319 274 274 274 274 274 274 274 274 273 273 273 273 273 273 273 273 273 273 273 273 273 273 273 273 272 272 272 272 272 272 272 272 272 272 272 272 272 272 271 271 271 271 271 271
341 340 340 340 341 341 341 341 340 340 340 340 340 340 339 338 338 338 337 337 337 336 336 336 335 335 335 334 334 333 333 332 332 331 331 331 331 331 330 330 330 330 319 319 319 319 319 319 319 319 274 274 274 274 274 274 274 273 273 273 273 273 273 273 273 273 273 273 273 273 273 273 272 272 272 272 272 272 272 272 272 272 272 272 272 272 272 271 271 271 271 271 271 271
340 340 340 340 340 340 341 340 340 340 340 340 340 338 338 338 338 337 337 337 336 336 336 336 335 335 334 334 334 333 333 332 332 331 331 331 330 330 330 330 330 330 319 319 319 319 319 319 319 319 319 274 274 274 274 273 273 273 273 273 273 273 273 273 273 273 273 273 273 273 273 272 272 272 272 272 272 272 272 272 272 272 272 272 272 272 271 271 271 271 271 271 271 271
340 340 340 340 340 340 339 340 340 340 340 338 338 338 338 338 337 337 337 337 336 336 336 335 335 335 334 334 333 333 332 332 331 331 331 330 330 330 330 330 330 330 319 319 319 319 319 319 319 319 319 274 274 274 273 273 273 273 273 273 273 273 273 273 273 273 273 273 273 273 272 272 272 272 272 272 272 272 272 272 272 272 272 272 272 271 271 271 271 271 271 271 271 271
340 340 340 340 339 339 339 339 339 339 338 338 338 338 338 337 337 337 337 336 336 336 335 335 335 334 334 333 333 332 332 331 331 331 330 330 330 330 330 330 330 319 319 319 319 319 319 319 319 319 319 274 274 273 273 273 273 273 273 273 273 273 273 273 273 273 273 273 273 272 272 272 272 272 272 272 272 272 272 272 272 272 272 272 271 271 271 271 271 271 271 271 271 271
340 340 340 339 339 339 339 338 338 337 337 338 338 338 337 337 337 337 336 336 336 335 335 335 334 334 334 333 333 332 332 331 330 330 330 330 330 330 330 330 319 319 319 319 319 319 319 319 319 319 319 319 273 273 273 273 273 273 273 273 273 273 273 273 273 273 273 273 272 272 272 272 272 272 272 272 272 272 272 272 272 272 272 271 271 271 271 271 271 271 271 271 271 271
340 339 339 339 339 338 338 338 337 337 337 337 337 337 337 337 337 336 336 336 335 335 335 334 334 334 333 333 332 332 330 330 330 330 330 330 330 330 330 330 319 319 319 319 319 319 319 319 319 319 318 318 273 273 273 273 273 273 273 273 273 273 273 273 273 273 273 272 272 272 272 272 272 272 272 272 272 272 272 272 272 272 271 271 271 271 271 271 271 271 271 271 271 271
339 339 339 338 338 338 338 337 337 337 337 337 336 336 336 337 336 336 336 336 335 335 335 334 334 333 333 332 332 330 330 330 330 330 330 330 330 330 330 319 319 319 319 319 319 319 319 319 319 318 318 318 273 273 273 273 273 273 273 273 273 273 273 273 273 273 272 272 272 272 272 272 272 272 272 272 272 272 272 272 272 271 271 271 271 271 271 271 271 271 271 271 271 271
339 338 338 338 338 337 337 337 337 337 337 336 336 336 336 335 335 335 336 335 335 335 334 334 333 333 333 331 331 330 330 330 330 330 330 330 330 330 330 319 319 319 319 319 319 319 319 319 318 318 318 318 318 273 273 273 273 273 273 273 273 273 273 273 273 272 272 272 272 272 272 272 272 272 272 272 272 272 272 272 271 271 271 271 271 271 271 271 271 271 271 271 271 270
338 338 338 338 337 337 337 337 337 337 336 336 336 336 335 335 335 335 334 334 335 334 334 334 333 333 331 331 330 330 330 330 330 330 330 330 330 330 319 319 319 319 319 319 319 319 318 318 318 318 318 318 318 273 273 273 273 273 273 273 273 273 273 272 272 272 272 272 272 272 272 272 272 272 272 272 272 272 271 271 271 271 271 271 271 271 271 271 271 271 271 271 270 270
338 338 337 337 337 337 337 337 337 336 336 336 336 335 335 335 335 334 334 334 333 333 333 333 332 331 331 330 330 330 330 330 330 330 330 330 330 330 319 319 319 319 319 319 319 318 318 318 318 318 318 318 318 273 273 273 273 273 273 273 273 273 272 272 272 272 272 272 272 272 272 272 272 272 272 272 272 271 271 271 271 271 271 271 271 271 271 271 271 271 271 270 269 269
337 337 337 337 337 337 337 336 336 336 336 336 335 335 335 335 334 334 334 333 333 333 331 331 331 330 331 330 330 330 330 330 330 330 330 330 330 319 319 319 319 319 319 318 318 318 318 318 318 318 318 318 318 318 273 273 273 273 273 273 273 272 272 272 272 272 272 272 272 272 272 272 272 272 272 272 271 271 271 271 271 271 271 271 271 271 271 271 271 270 269 269 269 269
337 337 337 337 337 337 336 336 336 336 336 335 335 335 335 334 334 334 333 333 332 331 331 331 330 330 329 329 329 330 330 330 330 330 330 330 330 319 319 319 319 319 318 318 318 318 318 318 318 318 318 318 318 318 273 273 273 273 273 273 272 272 272 272 272 272 272 272 272 272 272 272 272 272 272 271 271 271 271 271 271 271 271 271 271 271 270 270 270 269 269 269 269 269
337 337 337 337 336 336 336 336 336 336 335 335 335 335 334 334 334 334 332 332 332 331 331 330 330 329 329 329 329 329 329 329 329 330 330 330 319 319 319 319 318 318 318 318 318 318 318 318 318 318 318 318 318 318 273 273 273 273 272 272 272 272 272 272 272 272 272 272 272 272 272 272 272 272 271 271 271 271 271 271 271 271 270 270 270 270 270 270 269 269 269 269 269 269
337 337 337 336 336 336 336 336 336 335 335 335 335 334 334 334 333 332 332 332 331 331 330 330 330 329 329 329 329 329 329 329 329 329 329 329 318 319 319 318 318 318 318 318 318 318 318 318 318 318 318 318 318 318 273 273 273 272 272 272 272 272 272 272 272 272 272 272 272 272 272 272 272 271 271 271 271 271 270 270 270 270 270 270 270 270 270 269 269 269 269 269 269 269
337 336 336 336 336 336 336 335 335 335 335 335 334 334 334 333 332 332 332 331 331 330 330 330 329 329 329 329 329 329 329 329 329 329 329 318 318 317 317 317 317 317 317 318 318 318 318 318 318 318 318 318 318 318 318 273 272 272 272 272 272 272 272 272 272 272 272 272 272 272 272 272 270 270 270 270 270 270 270 270 270 270 270 270 270 270 269 269 269 269 269 269 269 269
336 336 336 336 336 336 335 335 335 335 335 334 333 333 333 332 332 332 331 331 331 330 330 329 329 329 329 329 329 329 329 329 329 329 318 318 317 317 317 317 317 317 317 317 317 317 317 317 317 317 317 317 317 318 318 272 272 272 272 272 272 272 271 271 271 271 271 271 271 271 271 270 270 270 270 270 270 270 270 270 270 270 270 270 270 269 269 269 269 269 269 269 269 269
336 336 336 336 335 335 335 335 335 335 333 333 333 333 332 332 332 331 331 331 330 330 329 329 329 329 329 329 329 329 329 329 329 329 317 317 317 317 317 317 317 317 317 317 317 317 317 317 317 317 317 317 317 316 316 271 271 271 271 271 271 271 271 271 271 271 271 271 271 270 270 270 270 270 270 270 270 270 270 270 270 270 270 270 269 269 269 269 269 269 269 269 269 269
336 336 336 335 335 335 335 335 333 333 333 333 333 332 332 332 331 331 331 330 330 329 329 329 329 329 329 329 329 329 329 329 329 317 317 317 317 317 317 317 317 317 317 317 317 317 317 317 317 317 317 317 316 316 316 271 271 271 271 271 271 271 271 271 271 271 271 271 270 270 270 270 270 270 270 270 270 270 270 270 270 270 269 269 269 269 269 269 269 269 269 269 269 269
336 335 335 335 335 335 334 333 333 333 333 332 332 332 332 331 331 331 330 330 330 329 329 329 329 329 329 329 329 329 329 328 317 317 317 317 317 317 317 317 317 317 317 317 317 317 317 317 317 317 316 316 316 316 316 316 271 271 271 271 271 271 271 271 271 271 271 270 270 270 270 270 270 270 270 270 270 270 270 270 270 269 269 269 269 269 269 269 269 269 269 269 269 269
335 335 335 335 334 334 333 333 333 333 332 332 332 332 331 331 331 330 330 330 329 329 329 329 329 329 329 329 329 328 328 328 317 317 317 317 317 317 317 317 317 317 317 317 317 317 317 317 317 316 316 316 316 316 316 316 271 271 271 271 271 271 271 271 271 271 270 270 270 270 270 270 270 270 270 270 270 270 270 270 269 269 269 269 269 269 269 269 269 269 269 269 269 268
335 334 334 334 333 333 333 333 333 332 332 332 332 331 331 331 330 330 330 329 329 329 329 329 329 329 329 328 328 328 328 317 317 317 317 317 317 317 317 317 317 317 317 317 317 317 317 317 316 316 316 316 316 316 316 316 271 271 271 271 271 271 271 271 270 270 270 270 270 270 270 270 270 270 270 270 270 270 270 269 269 269 269 269 269 269 269 269 269 269 269 269 268 268
334 334 333 333 333 333 333 333 332 332 332 332 331 331 331 330 330 330 329 329 329 329 329 329 329 329 328 328 328 328 328 317 317 317 317 317 317 317 317 317 317 317 317 317 317 317 316 316 316 316 316 316 316 316 316 316 271 271 271 271 271 271 271 270 270 270 270 270 270 270 270 270 270 270 270 270 270 270 269 269 269 269 269 269 269 269 269 269 269 269 269 268 268 268
332 332 333 333 333 333 332 332 332 332 332 331 331 331 330 330 330 329 329 329 329 329 329 329 328 328 328 328 328 328 317 317 317 317 317 317 317 317 317 317 317 317 317 317 316 316 316 316 316 316 316 316 316 316 316 316 316 271 271 271 271 271 270 270 270 270 270 270 270 270 270 270 270 270 270 270 270 269 269 269 269 269 269 269 269 269 269 269 269 269 268 268 268 268
332 332 332 332 333 332 332 332 332 331 331 331 331 330 330 330 329 329 329 329 329 329 328 328 328 328 328 328 328 317 317 317 317 317 317 317 317 317 317 317 317 317 317 316 316 316 316 316 316 316 316 316 316 316 316 316 316 271 271 271 270 270 270 270 270 270 270 270 270 270 270 270 270 270 270 270 269 269 269 269 269 269 269 269 269 269 269 269 269 268 268 268 268 268
332 332 332 331 331 331 332 332 331 331 331 331 330 330 330 329 329 329 329 329 328 328 328 328 328 328 328 328 317 317 317 317 317 317 317 317 317 317 317 317 317 316 316 316 316 316 316 316 316 316 316 316 316 316 316 316 316 271 271 270 270 270 270 270 270 270 270 270 270 270 270 270 270 270 269 269 269 269 269 269 269 269 269 269 269 269 269 269 268 268 268 268 268 268
332 331 331 331 331 331 331 330 331 331 331 330 330 330 329 329 329 329 328 328 328 328 328 328 328 328 328 328 317 317 317 317 317 317 317 317 317 317 317 317 316 316 316 316 316 316 316 316 316 316 316 316 316 316 316 316 316 271 270 270 270 270 270 270 270 270 270 270 270 270 270 270 270 269 269 269 269 269 269 269 269 269 269 269 269 269 269 268 268 268 268 268 268 268
331 331 331 331 331 330 330 330 330 329 330 330 330 329 329 329 328 328 328 328 328 328 328 328 328 328 328 317 317 317 317 317 317 317 317 317 317 317 316 316 316 316 316 316 316 316 316 316 316 316 316 316 316 316 316 316 315 270 270 270 270 270 270 270 270 270 270 270 270 270 270 270 269 269 269 269 269 269 269 269 269 269 269 269 269 269 268 268 268 268 268 268 268 268
331 331 331 330 330 330 330 330 329 329 329 328 328 329 328 328 328 328 328 328 328 328 328 328 328 328 317 317 317 317 317 317 317 317 317 317 316 316 316 316 316 316 316 316 316 316 316 316 316 316 316 316 316 316 316 315 315 315 270 270 270 270 270 270 270 270 270 270 270 270 270 269 269 269 269 269 269 269 269 269 269 269 269 269 268 268 268 268 268 268 268 268 268 268
331 330 330 330 330 330 329 329 329 329 328 327 327 327 327 328 328 328 328 328 328 328 328 328 328 317 317 317 317 317 317 317 317 317 317 316 316 316 316 316 316 316 316 316 316 316 316 316 316 316 316 316 316 315 315 315 315 315 270 270 270 270 270 270 270 270 270 270 270 269 269 269 269 269 269 269 269 269 269 269 269 269 269 268 268 268 268 268 268 268 268 268 268 268
330 330 330 330 330 329 329 329 329 327 327 327 327 327 327 327 327 327 328 328 328 328 328 328 328 317 317 317 317 317 317 317 317 316 316 316 316 316 316 316 316 316 316 316 316 316 316 316 316 316 316 316 315 315 315 315 315 315 270 270 270 270 270 270 270 270 270 270 269 269 269 269 269 269 269 269 269 269 269 269 269 269 268 268 268 268 268 268 268 268 268 268 268 268
330 330 330 329 329 329 329 327 327 327 327 327 327 327 327 327 327 327 327 327 327 328 328 328 317 317 317 317 317 317 317 316 316 316 316 316 316 316 316 316 316 316 316 316 316 316 316 316 316 316 315 315 315 315 315 315 315 315 270 270 270 270 270 270 270 270 270 269 269 269 269 269 269 269 269 269 269 269 269 269 269 268 268 268 268 268 268 268 268 268 268 268 268 268
330 329 329 329 328 328 327 327 327 327 327 327 327 327 327 327 327 327 327 327 327 327 327 316 316 317 317 317 317 316 316 316 316 316 316 316 316 316 316 316 316 316 316 316 316 316 316 316 316 315 315 315 315 315 315 315 315 315 270 270 270 270 270 270 270 269 269 269 269 269 269 269 269 269 269 269 269 269 269 269 268 268 268 268 268 268 268 268 268 268 267 267 267 267
329 328 328 328 327 327 327 327 327 327 327 327 327 327 327 327 327 327 327 327 327 327 316 316 316 316 316 315 316 316 316 316 316 316 316 316 316 316 316 316 316 316 316 316 316 316 316 315 315 315 315 315 315 315 315 315 315 315 270 270 270 270 270 270 269 269 269 269 269 269 269 269 269 269 269 269 269 269 268 268 268 268 268 268 268 268 268 267 267 267 267 267 267 267
328 328 328 327 327 327 327 327 327 327 327 327 327 327 327 327 327 327 327 327 327 316 316 316 316 315 315 315 315 315 315 315 315 316 316 316 316 316 316 316 316 316 316 316 316 316 315 315 315 315 315 315 315 315 315 315 315 315 270 270 270 270 269 269 269 269 269 269 269 269 269 269 269 269 269 269 269 268 268 268 268 268 267 267 267 267 267 267 267 267 267 267 267 267
