testData/tiles/oneDegreeCosts/grid7.0-37.0-8.0-38.0.asc
ncols   200
nrows   200
xllcorner   7.0
yllcorner   37.0
cellsize   0.005
NODATA_value   -9999.0
[rows 42 to 83 of 200, columns 94 to 187 of 200]
270 269 269 269 269 268 268 268 268 267 267 267 266 266 266 266 265 265 265 264 264 264 263 263 263 262 262 262 261 261 261 260 260 259 259 259 258 258 258 258 258 258 258 258 258 258 258 258 258 258 258 258 258 258 258 258 258 258 258 258 258 258 258 258 258 258 258 258 258 258 258 258 258 258 258 258 258 258 258 258 258 258 258 258 258 258 258 332 332 332 332 332 332 332
271 270 270 270 269 269 269 269 268 268 268 268 267 267 267 266 266 266 265 265 265 264 264 264 263 263 263 262 262 262 261 261 261 260 260 260 259 259 258 258 258 258 258 258 258 258 258 258 258 258 258 258 258 258 258 258 258 258 258 258 258 258 258 258 258 258 258 258 258 258 258 258 258 258 258 258 258 258 258 258 258 258 258 258 258 258 332 332 332 332 332 332 332 332
271 271 271 271 270 270 270 269 269 269 269 268 268 268 267 267 267 267 266 266 266 265 265 265 264 264 264 263 263 263 262 262 261 261 261 260 260 260 259 259 258 258 258 258 258 258 258 258 258 258 258 258 258 258 258 258 258 258 258 258 258 258 258 258 258 258 258 258 258 258 258 258 258 258 258 258 258 258 258 258 258 258 258 258 258 332 332 332 332 332 332 332 332 332
272 272 272 271 271 271 271 270 270 270 269 269 269 269 268 268 268 267 267 267 266 266 266 265 265 265 264 264 264 263 263 263 262 262 262 261 261 260 260 260 259 259 259 258 258 258 258 258 258 258 258 258 258 258 258 258 258 258 258 258 258 258 258 258 258 258 258 258 258 258 258 258 258 258 258 258 258 258 258 258 258 258 258 258 332 332 332 332 332 332 332 332 332 332
273 273 272 272 272 272 271 271 271 270 270 270 270 269 269 269 268 268 268 268 267 267 267 266 266 266 265 265 265 264 264 264 263 263 262 262 262 261 261 261 260 260 259 259 259 258 258 258 258 258 258 258 258 258 258 258 258 258 258 258 258 258 258 258 258 258 258 258 258 258 258 258 258 258 258 258 258 258 258 258 258 258 258 258 332 332 332 332 332 332 332 332 332 332
274 273 273 273 273 272 272 272 272 271 271 271 270 270 270 270 269 269 269 268 268 268 267 267 267 266 266 266 265 265 265 264 264 264 263 263 262 262 262 261 261 261 260 260 259 259 259 258 258 258 258 258 258 258 258 258 258 258 258 258 258 258 258 258 258 258 258 258 258 258 258 258 258 258 258 258 258 258 258 258 258 258 258 332 332 332 332 332 332 332 332 332 332 332
274 274 274 274 273 273 273 273 272 272 272 271 271 271 271 270 270 270 269 269 269 268 268 268 268 267 267 267 266 266 265 265 265 264 264 264 263 263 263 262 262 261 261 261 260 260 259 259 259 258 258 258 258 258 258 258 258 258 258 258 258 258 258 258 258 258 258 258 258 258 258 258 258 258 258 258 258 258 258 258 258 258 332 332 332 332 332 332 332 332 332 332 332 332
275 275 275 274 274 274 274 273 273 273 273 272 272 272 271 271 271 271 270 270 270 269 269 269 268 268 268 267 267 267 266 266 266 265 265 264 264 264 263 263 263 262 262 261 261 261 260 260 259 259 259 258 258 258 258 258 258 258 258 258 258 258 258 258 258 258 258 258 258 258 258 258 258 258 258 258 258 258 258 258 258 333 333 332 332 332 332 332 332 332 332 332 332 332
276 276 275 275 275 275 274 274 274 274 273 273 273 272 272 272 272 271 271 271 270 270 270 269 269 269 268 268 268 267 267 267 266 266 266 265 265 265 264 264 263 263 263 262 262 261 261 261 260 260 259 259 259 258 258 258 258 258 258 258 258 258 258 258 258 258 258 258 258 258 258 258 258 258 258 258 258 258 258 258 335 334 334 333 332 332 332 332 332 332 332 332 332 332
277 276 276 276 276 275 275 275 275 274 274 274 274 273 273 273 272 272 272 271 271 271 271 270 270 270 269 269 269 268 268 267 267 267 266 266 266 265 265 265 264 264 263 263 263 262 262 261 261 261 260 260 259 259 258 258 258 258 258 258 258 258 258 258 258 258 258 258 258 258 258 258 258 258 258 258 258 258 258 258 336 335 334 334 333 333 332 332 332 332 332 332 332 332
277 277 277 277 276 276 276 276 275 275 275 275 274 274 274 273 273 273 273 272 272 272 271 271 271 270 270 270 269 269 269 268 268 268 267 267 266 266 266 265 265 265 264 264 263 263 263 262 262 261 261 261 260 260 259 259 258 258 258 258 258 258 258 258 258 258 258 258 258 258 258 258 258 258 258 258 258 258 258 337 336 336 335 335 334 334 333 332 332 332 332 332 332 332
278 278 278 277 277 277 277 276 276 276 276 275 275 275 274 274 274 274 273 273 273 272 272 272 271 271 271 270 270 270 269 269 269 268 268 268 267 267 267 266 266 265 265 265 264 264 263 263 263 262 262 261 261 261 260 260 259 259 258 258 258 258 258 258 258 258 258 258 258 258 258 258 258 258 258 258 258 258 338 338 337 337 336 336 335 335 334 333 333 332 332 332 332 332
279 279 278 278 278 278 277 277 277 277 276 276 276 275 275 275 275 274 274 274 273 273 273 272 272 272 271 271 271 270 270 270 269 269 269 268 268 268 267 267 267 266 266 265 265 265 264 264 263 263 263 262 262 261 261 260 260 260 259 259 258 258 258 258 258 258 258 258 258 258 258 258 258 258 258 258 258 340 339 339 338 338 337 337 336 335 335 334 334 333 332 332 332 332
280 279 279 279 279 278 278 278 278 277 277 277 276 276 276 276 275 275 275 274 274 274 274 273 273 273 272 272 272 271 271 271 270 270 270 269 269 268 268 268 267 267 267 266 266 265 265 265 264 264 263 263 263 262 262 261 261 260 260 259 259 259 258 258 258 258 258 258 258 258 258 258 258 258 258 258 258 341 340 340 339 338 338 337 337 336 336 335 335 334 333 333 332 332
280 280 280 280 279 279 279 279 278 278 278 277 277 277 277 276 276 276 275 275 275 275 274 274 274 273 273 273 272 272 272 271 271 271 270 270 270 269 269 268 268 268 267 267 267 266 266 265 265 265 264 264 263 263 262 262 262 261 261 260 260 259 259 258 258 258 258 258 258 258 258 258 258 258 258 258 342 341 341 340 340 339 339 338 338 337 337 336 335 335 334 334 333 332
281 281 281 280 280 280 280 279 279 279 278 278 278 278 277 277 277 277 276 276 276 275 275 275 274 274 274 273 273 273 272 272 272 271 271 271 270 270 270 269 269 268 268 268 267 267 267 266 266 265 265 265 264 264 263 263 262 262 262 261 261 260 260 259 259 258 258 258 258 258 258 258 258 258 258 343 343 342 342 341 341 340 340 339 339 338 337 337 336 336 335 334 334 333
282 282 281 281 281 281 280 280 280 279 279 279 279 278 278 278 278 277 277 277 276 276 276 275 275 275 274 274 274 273 273 273 272 272 272 271 271 271 270 270 270 269 269 268 268 268 267 267 266 266 266 265 265 264 264 264 263 263 262 262 261 261 260 260 260 259 259 258 258 258 258 258 258 258 345 344 344 343 343 342 342 341 340 340 339 339 338 338 337 336 336 335 335 334
282 282 282 282 281 281 281 281 280 280 280 280 279 279 279 279 278 278 278 277 277 277 276 276 276 276 275 275 275 274 274 274 273 273 272 272 272 271 271 271 270 270 270 269 269 268 268 268 267 267 266 266 266 265 265 264 264 263 263 263 262 262 261 261 260 260 259 259 258 258 258 258 258 258 345 345 344 344 343 343 342 342 341 341 340 340 339 338 338 337 337 336 336 335
283 283 283 282 282 282 282 281 281 281 281 280 280 280 280 279 279 279 278 278 278 277 277 277 277 276 276 276 275 275 275 274 274 274 273 273 273 272 272 271 271 271 270 270 270 269 269 268 268 268 267 267 266 266 266 265 265 264 264 263 263 262 262 262 261 261 260 260 259 259 258 258 258 347 346 346 345 345 344 344 343 343 342 342 341 340 340 339 339 338 338 337 336 336
284 284 283 283 283 283 282 282 282 282 281 281 281 280 280 280 280 279 279 279 278 278 278 278 277 277 277 276 276 276 275 275 275 274 274 274 273 273 273 272 272 271 271 271 270 270 270 269 269 268 268 268 267 267 266 266 265 265 265 264 264 263 263 262 262 261 261 260 260 260 259 259 348 348 347 347 346 346 345 344 344 343 343 342 342 341 341 340 340 339 338 338 337 337
285 284 284 284 284 283 283 283 283 282 282 282 281 281 281 281 280 280 280 279 279 279 279 278 278 278 277 277 277 276 276 276 275 275 275 274 274 274 273 273 273 272 272 271 271 271 270 270 269 269 269 268 268 267 267 267 266 266 265 265 264 264 264 263 263 262 262 261 261 260 260 349 349 348 348 347 347 346 346 345 345 344 344 343 343 342 341 341 340 340 339 339 338 337
285 285 285 284 284 284 284 283 283 283 283 282 282 282 282 281 281 281 280 280 280 280 279 279 279 278 278 278 277 277 277 276 276 276 275 275 275 274 274 274 273 273 272 272 272 271 271 271 270 270 269 269 269 268 268 267 267 266 266 266 265 265 264 264 263 263 262 262 262 261 261 350 350 349 349 348 348 347 347 346 346 345 344 344 343 343 342 342 341 341 340 339 339 338
286 286 285 285 285 285 284 284 284 284 283 283 283 283 282 282 282 281 281 281 281 280 280 280 279 279 279 278 278 278 277 277 277 276 276 276 275 275 275 274 274 274 273 273 272 272 272 271 271 271 270 270 269 269 268 268 268 267 267 266 266 265 265 265 264 264 263 263 262 262 351 351 350 350 349 349 348 348 347 347 346 346 345 345 344 344 343 343 342 341 341 340 340 339
287 286 286 286 286 285 285 285 285 284 284 284 284 283 283 283 282 282 282 282 281 281 281 280 280 280 279 279 279 278 278 278 277 277 277 276 276 276 275 275 275 274 274 274 273 273 272 272 272 271 271 270 270 270 269 269 268 268 268 267 267 266 266 265 265 264 264 263 263 353 352 352 351 351 350 350 349 349 348 348 347 347 346 345 345 344 344 343 343 342 342 341 340 340
287 287 287 286 286 286 286 285 285 285 285 284 284 284 284 283 283 283 282 282 282 282 281 281 281 280 280 280 279 279 279 278 278 278 277 277 277 276 276 276 275 275 275 274 274 273 273 273 272 272 272 271 271 270 270 270 269 269 268 268 267 267 266 266 266 265 265 264 264 353 353 352 352 351 351 350 350 349 349 348 348 347 347 346 346 345 345 344 344 343 342 342 341 341
288 288 287 287 287 287 286 286 286 286 285 285 285 285 284 284 284 283 283 283 283 282 282 282 281 281 281 280 280 280 279 279 279 278 278 278 277 277 277 276 276 276 275 275 275 274 274 273 273 273 272 272 271 271 271 270 270 269 269 269 268 268 267 267 266 266 265 265 354 354 354 353 353 352 352 351 351 350 350 349 349 348 348 347 346 346 345 345 344 344 343 343 342 341
288 288 288 288 288 287 287 287 287 286 286 286 285 285 285 285 284 284 284 284 283 283 283 282 282 282 281 281 281 280 280 280 279 279 279 278 278 278 277 277 277 276 276 276 275 275 274 274 274 273 273 273 272 272 271 271 271 270 270 269 269 268 268 267 267 267 266 356 355 355 354 354 353 353 352 352 351 351 350 350 349 349 348 348 347 347 346 346 345 344 344 343 343 342
289 289 289 288 288 288 288 287 287 287 287 286 286 286 286 285 285 285 284 284 284 284 283 283 283 282 282 282 281 281 281 280 280 280 279 279 279 278 278 278 277 277 277 276 276 276 275 275 274 274 274 273 273 272 272 272 271 271 270 270 270 269 269 268 268 267 357 356 356 355 355 355 354 354 353 353 352 352 351 351 350 350 349 349 348 347 347 346 346 345 345 344 344 343
290 290 289 289 289 289 288 288 288 288 287 287 287 287 286 286 286 285 285 285 285 284 284 284 283 283 283 282 282 282 281 281 281 280 280 280 279 279 279 278 278 278 277 277 277 276 276 275 275 275 274 274 274 273 273 272 272 271 271 271 270 270 269 269 268 268 358 357 357 356 356 355 355 354 354 353 353 352 352 351 351 350 350 349 349 348 348 347 347 346 345 345 344 344
290 290 290 290 289 289 289 289 288 288 288 288 287 287 287 287 286 286 286 285 285 285 285 284 284 284 283 283 283 282 282 282 281 281 281 280 280 280 279 279 279 278 278 278 277 277 277 276 276 275 275 275 274 274 273 273 273 272 272 271 271 270 270 270 269 359 358 358 357 357 356 356 355 355 355 354 354 353 353 352 352 351 350 350 349 349 348 348 347 347 346 346 345 344
291 291 291 290 290 290 290 289 289 289 289 288 288 288 288 287 287 287 286 286 286 286 285 285 285 284 284 284 283 283 283 282 282 282 281 281 281 280 280 280 279 279 279 278 278 278 277 277 276 276 276 275 275 274 274 274 273 273 272 272 272 271 271 270 360 359 359 359 358 358 357 357 356 356 355 355 354 354 353 353 352 352 351 351 350 350 349 349 348 347 347 346 346 345
292 291 291 291 291 290 290 290 290 289 289 289 289 288 288 288 288 287 287 287 286 286 286 286 285 285 285 284 284 284 283 283 283 282 282 282 281 281 281 280 280 280 279 279 279 278 278 277 277 277 276 276 276 275 275 274 274 274 273 273 272 272 271 271 361 360 360 359 359 358 358 357 357 356 356 355 355 354 354 353 353 352 352 351 351 350 350 349 349 348 348 347 347 346
292 292 292 292 291 291 291 291 290 290 290 290 289 289 289 289 288 288 288 287 287 287 287 286 286 286 285 285 285 284 284 284 283 283 283 282 282 282 281 281 281 280 280 280 279 279 279 278 278 277 277 277 276 276 275 275 275 274 274 273 273 273 272 362 361 361 360 360 359 359 359 358 358 357 357 356 356 355 355 354 354 353 353 352 352 351 351 350 349 349 348 348 347 347
293 293 292 292 292 292 291 291 291 291 290 290 290 290 289 289 289 289 288 288 288 287 287 287 287 286 286 286 285 285 285 284 284 284 283 283 283 282 282 282 281 281 281 280 280 280 279 279 278 278 278 277 277 276 276 276 275 275 274 274 274 273 363 362 362 361 361 361 360 360 359 359 358 358 357 357 356 356 355 355 354 354 353 353 352 352 351 351 350 350 349 349 348 347
293 293 293 293 293 292 292 292 292 291 291 291 291 290 290 290 289 289 289 289 288 288 288 287 287 287 287 286 286 286 285 285 285 284 284 284 283 283 283 282 282 282 281 281 281 280 280 279 279 279 278 278 278 277 277 276 276 276 275 275 274 274 363 363 363 362 362 361 361 360 360 359 359 358 358 358 357 357 356 356 355 355 354 354 353 352 352 351 351 350 350 349 349 348
294 294 294 293 293 293 293 292 292 292 292 291 291 291 291 290 290 290 290 289 289 289 288 288 288 288 287 287 287 286 286 286 285 285 285 284 284 284 283 283 283 282 282 282 281 281 280 280 280 279 279 279 278 278 277 277 277 276 276 275 275 365 364 364 363 363 362 362 361 361 361 360 360 359 359 358 358 357 357 356 356 355 355 354 354 353 353 352 352 351 351 350 349 349
295 294 294 294 294 294 293 293 293 293 292 292 292 292 291 291 291 290 290 290 290 289 289 289 288 288 288 288 287 287 287 286 286 286 285 285 285 284 284 284 283 283 283 282 282 281 281 281 280 280 280 279 279 278 278 278 277 277 276 276 276 365 365 364 364 363 363 363 362 362 361 361 360 360 359 359 358 358 357 357 356 356 355 355 354 354 353 353 352 352 351 351 350 350
295 295 295 295 294 294 294 294 293 293 293 293 292 292 292 292 291 291 291 290 290 290 290 289 289 289 288 288 288 287 287 287 287 286 286 286 285 285 285 284 284 284 283 283 282 282 282 281 281 281 280 280 279 279 279 278 278 277 277 277 366 366 365 365 365 364 364 363 363 362 362 361 361 360 360 360 359 359 358 358 357 357 356 356 355 355 354 354 353 352 352 351 351 350
296 296 295 295 295 295 294 294 294 294 293 293 293 293 292 292 292 292 291 291 291 290 290 290 290 289 289 289 288 288 288 287 287 287 287 286 286 286 285 285 284 284 284 283 283 283 282 282 282 281 281 280 280 280 279 279 279 278 278 367 367 366 366 366 365 365 364 364 363 363 363 362 362 361 361 360 360 359 359 358 358 357 357 356 356 355 355 354 354 353 353 352 352 351
296 296 296 296 296 295 295 295 295 294 294 294 294 293 293 293 292 292 292 292 291 291 291 291 290 290 290 289 289 289 288 288 288 287 287 287 286 286 286 285 285 285 284 284 284 283 283 283 282 282 281 281 281 280 280 280 279 279 278 368 367 367 367 366 366 365 365 364 364 364 363 363 362 362 361 361 360 360 359 359 358 358 357 357 356 356 355 355 354 354 353 353 352 352
297 297 297 296 296 296 296 295 295 295 295 294 294 294 294 293 293 293 293 292 292 292 291 291 291 291 290 290 290 289 289 289 288 288 288 287 287 287 286 286 286 285 285 285 284 284 284 283 283 282 282 282 281 281 281 280 280 279 369 369 368 368 367 367 366 366 366 365 365 364 364 363 363 362 362 361 361 361 360 360 359 359 358 358 357 357 356 356 355 354 354 353 353 352
298 297 297 297 297 296 296 296 296 295 295 295 295 294 294 294 294 293 293 293 293 292 292 292 291 291 291 291 290 290 290 289 289 289 288 288 288 287 287 287 286 286 286 285 285 285 284 284 283 283 283 282 282 282 281 281 280 280 370 369 369 368 368 367 367 367 366 366 365 365 364 364 364 363 363 362 362 361 361 360 360 359 359 358 358 357 357 356 356 355 355 354 354 353
