testData/tiles/oneDegreeCosts/grid43.0-13.0-44.0-14.0.asc
ncols   200
nrows   200
xllcorner   43.0
yllcorner   13.0
cellsize   0.005
NODATA_value   -9999.0
[rows 0 to 41 of 200, columns 0 to 93 of 200]
716 716 716 717 716 716 717 717 717 717 718 718 718 719 719 719 720 721 722 723 723 724 724 725 725 726 726 726 726 728 728 728 728 730 730 731 730 731 732 732 732 733 733 734 734 609 608 608 610 609 610 610 610 610 611 564 564 563 564 565 565 565 563 564 563 564 565 564 564 564 564 564 565 564 565 564 564 649 649 649 649 649 648 647 648 647 648 647 646 646 646 645 645 645
716 717 717 717 717 717 717 718 718 718 718 719 719 719 719 720 720 721 723 723 724 724 725 725 726 726 727 727 727 727 729 728 729 729 730 730 731 731 732 732 733 733 734 734 734 735 609 610 610 610 610 610 610 610 611 611 564 564 564 565 565 565 565 565 564 564 564 565 565 564 565 564 564 565 565 564 565 649 649 649 649 649 649 649 648 648 648 648 647 647 646 645 646 645
717 717 717 717 717 718 718 718 719 719 719 719 720 719 719 720 721 721 722 724 724 724 724 726 726 727 727 728 728 729 729 729 729 730 730 730 731 732 732 732 732 734 734 734 734 735 735 735 611 610 611 611 610 611 611 611 612 564 565 565 565 565 565 566 566 565 565 565 566 565 565 565 565 565 565 565 565 565 651 649 649 649 649 650 649 648 648 648 648 648 647 647 646 645
718 717 717 718 718 718 719 719 719 720 720 720 720 720 720 720 721 722 722 723 724 724 725 725 727 727 727 727 729 729 729 729 731 731 731 730 731 732 733 732 733 733 734 734 734 735 735 736 736 611 611 611 612 611 612 611 612 612 565 566 565 565 565 566 566 566 566 566 565 565 566 565 565 565 565 565 566 565 565 651 649 649 649 650 649 650 649 648 649 648 647 647 647 646
718 719 719 719 720 720 720 720 720 720 721 720 720 720 721 721 721 722 723 723 723 725 725 726 726 727 727 728 728 730 729 730 730 731 731 732 731 732 732 733 733 734 734 735 735 735 735 735 737 736 612 612 612 613 612 612 612 612 612 566 566 566 565 566 566 567 567 566 567 565 565 566 566 565 566 565 565 565 566 566 652 651 649 650 649 650 650 649 649 648 648 648 647 647
719 719 720 720 720 721 721 721 722 722 721 722 721 721 721 722 722 722 722 723 723 724 726 726 726 726 728 728 729 729 730 730 731 731 731 732 733 733 733 733 734 734 734 734 735 735 735 736 736 737 737 737 612 612 612 613 614 612 612 613 566 567 566 566 566 566 567 567 567 566 567 566 567 566 566 566 566 565 566 566 652 652 651 650 649 650 650 649 650 649 649 649 648 648
720 720 720 721 721 721 722 722 722 722 722 722 723 723 723 723 723 722 722 722 724 725 725 727 726 727 727 729 729 729 729 730 731 732 731 732 733 734 733 734 734 734 734 735 735 735 736 736 736 736 737 737 737 613 612 613 614 613 614 613 613 566 566 567 566 567 567 567 568 567 567 567 567 566 567 566 566 566 566 566 566 652 651 652 651 650 650 649 650 649 650 649 648 649
720 721 721 721 722 722 722 722 722 722 723 723 723 724 724 724 723 724 724 724 724 725 726 726 726 727 728 728 728 729 730 730 731 731 732 732 733 733 734 734 735 734 736 735 735 735 735 737 736 737 737 737 738 738 613 613 614 614 614 614 613 614 566 567 567 567 567 567 567 568 568 567 568 567 566 566 567 566 567 566 566 566 652 652 652 652 650 650 650 649 650 650 649 649
721 721 722 722 722 722 722 722 723 723 723 724 724 724 724 724 724 724 725 725 725 725 726 726 726 727 728 729 728 729 730 731 731 731 732 733 733 733 734 735 735 735 735 736 736 736 736 736 737 737 738 737 737 739 738 739 614 614 614 614 615 615 566 567 567 568 567 567 568 568 568 568 568 567 568 567 567 567 567 566 567 566 566 652 652 652 652 651 650 650 650 649 649 650
722 722 722 722 722 722 723 723 723 724 724 724 725 725 724 724 725 725 725 726 726 725 725 727 728 728 728 728 729 729 730 731 731 731 732 733 733 733 734 734 735 735 736 736 736 737 737 737 737 738 738 738 738 738 738 739 739 614 614 614 615 615 615 568 567 567 567 568 568 568 568 568 569 568 568 568 568 567 567 567 567 567 566 652 652 652 652 652 652 650 650 650 649 650
722 722 722 722 723 723 723 724 724 724 725 725 725 725 725 725 725 726 726 726 726 726 726 726 728 729 728 729 730 730 730 730 731 732 732 733 733 734 734 735 735 736 736 736 736 736 738 737 738 738 738 738 738 738 738 739 739 739 615 614 615 615 615 616 568 568 567 568 568 568 568 568 568 568 569 568 569 568 567 567 568 567 566 567 652 652 652 653 652 652 651 650 649 650
722 722 723 723 723 724 724 724 725 725 725 725 725 725 726 726 726 726 727 726 726 727 727 727 727 728 729 729 730 731 732 730 731 732 733 733 733 733 735 735 735 735 736 736 736 737 737 738 738 739 738 738 739 738 739 739 739 740 739 740 615 615 615 615 616 569 568 568 568 569 568 568 569 568 568 569 569 568 569 568 567 567 567 567 567 653 652 653 652 652 652 651 650 650
723 723 723 724 724 724 725 725 725 725 725 725 726 726 726 727 727 727 727 727 727 727 727 728 727 727 729 729 730 731 731 732 732 733 733 733 733 734 734 735 735 735 735 735 737 737 737 737 739 738 739 739 739 739 739 739 739 739 739 740 741 615 615 615 616 617 569 569 568 568 568 569 569 569 568 568 568 569 569 569 568 567 567 567 567 567 653 653 652 652 652 652 651 651
724 725 725 725 726 726 725 725 725 725 726 726 726 727 727 727 727 727 727 727 728 728 728 728 728 728 728 729 730 730 731 731 733 733 733 733 734 734 734 734 735 736 735 736 736 737 737 738 738 738 739 739 739 739 740 739 740 740 739 740 740 741 616 615 616 616 616 570 569 570 568 568 569 569 568 569 568 568 569 569 568 569 567 567 567 568 567 653 653 652 652 652 651 651
725 725 726 726 726 726 726 726 727 727 726 727 727 727 728 727 727 727 728 728 728 729 728 728 728 729 729 729 729 730 731 731 732 733 733 734 734 735 734 734 735 735 736 736 737 737 738 738 738 738 739 739 739 740 740 740 741 740 740 740 740 740 741 616 616 616 616 616 570 570 569 569 569 569 569 569 569 569 569 569 569 569 569 568 567 567 567 653 653 653 653 652 652 652
725 725 725 726 726 726 727 727 727 728 728 728 729 728 728 728 728 728 728 729 729 729 729 729 729 729 730 729 729 730 731 732 732 732 733 734 734 734 735 736 735 735 735 737 737 737 737 738 738 739 739 739 740 740 740 740 741 740 740 741 740 741 741 741 617 616 616 616 570 570 570 570 569 569 569 570 569 569 569 569 569 569 569 569 569 567 567 567 653 653 654 653 652 652
725 725 726 726 727 727 727 728 728 728 729 728 728 729 729 729 729 729 729 729 729 729 729 729 730 730 730 730 730 730 731 731 732 732 733 734 734 734 735 735 736 736 736 736 737 737 738 738 738 739 739 739 739 739 740 741 740 740 741 741 741 741 741 741 740 617 617 616 617 570 570 570 570 571 569 569 569 570 569 570 569 569 569 569 569 569 568 567 567 653 653 653 653 653
726 726 726 727 727 728 728 728 729 728 728 729 729 729 730 730 730 730 730 730 729 730 730 730 730 730 730 730 730 731 731 731 732 733 733 733 733 735 735 735 735 737 737 737 737 738 738 738 738 738 739 739 740 739 740 741 740 741 741 741 741 741 741 741 741 741 741 617 617 617 570 570 571 570 570 569 569 569 570 569 569 569 569 569 569 569 569 568 568 568 653 653 653 653
727 727 727 727 728 728 728 728 728 729 729 729 730 730 730 730 730 730 730 731 731 731 732 730 730 730 731 731 731 731 731 731 732 732 733 733 734 734 735 735 736 736 737 737 738 738 738 738 739 738 738 739 739 740 740 740 740 741 741 741 742 741 742 741 741 742 741 741 617 617 617 570 570 570 571 570 570 569 569 569 570 569 570 569 569 569 569 569 568 568 568 653 653 653
728 728 727 727 727 728 728 728 729 729 729 730 730 730 730 730 730 731 731 731 732 732 731 731 732 732 731 732 731 731 731 732 732 732 732 734 734 734 734 736 736 736 736 737 738 738 738 739 738 738 739 739 739 740 741 740 740 741 741 742 741 741 742 741 742 742 741 742 741 618 617 617 571 570 570 571 571 569 570 569 569 569 570 569 570 569 569 569 568 568 568 654 653 653
728 728 728 728 728 728 729 729 729 730 730 730 730 730 730 731 731 731 732 732 732 732 732 732 732 733 732 732 732 732 732 732 732 732 733 733 734 734 735 735 735 736 737 737 737 738 739 739 738 738 739 739 739 740 740 740 741 741 741 741 742 742 742 742 742 742 742 742 742 742 617 618 617 570 570 570 571 571 571 570 570 569 570 569 569 570 569 569 568 569 568 568 654 653
729 729 729 729 729 729 729 730 730 730 730 730 730 731 731 731 732 732 732 732 732 732 733 733 733 733 733 733 733 733 732 732 732 732 733 733 733 734 735 735 735 736 737 737 737 737 739 738 739 739 739 739 740 740 740 740 740 741 741 741 741 742 742 742 743 742 742 742 742 742 742 618 618 571 570 571 571 571 571 571 570 570 569 569 569 570 569 570 569 569 569 568 568 653
730 730 730 730 730 730 729 729 730 730 730 731 731 731 732 732 732 732 732 732 733 733 733 733 733 733 733 734 734 733 733 734 733 733 733 733 734 734 734 735 736 736 736 737 737 738 738 738 739 740 739 740 740 740 740 740 740 741 742 741 741 741 741 743 742 742 743 742 743 742 742 742 617 617 571 571 571 571 571 571 571 570 570 570 569 570 569 570 569 569 569 568 568 568
731 730 730 730 730 730 730 730 730 731 731 731 732 732 732 732 732 732 733 733 733 733 733 733 733 734 734 734 734 734 734 734 735 734 733 733 734 734 734 734 736 735 736 736 737 737 738 738 739 739 740 740 740 740 740 740 740 741 741 742 742 741 742 742 743 743 743 743 743 742 743 742 743 617 617 571 571 571 571 571 571 571 570 570 570 569 569 569 569 569 570 569 569 568
732 732 732 732 732 731 731 731 731 731 732 731 731 732 732 732 733 733 733 734 733 733 733 734 734 734 734 734 734 734 735 734 734 734 735 735 734 734 734 735 735 735 736 737 737 737 738 739 739 739 740 740 740 740 740 740 741 741 741 741 741 742 742 742 742 742 743 743 743 743 743 743 743 742 618 617 571 571 571 571 571 571 571 570 570 569 570 569 569 569 569 569 569 569
733 733 733 733 733 733 733 733 731 731 731 731 732 732 733 733 733 733 733 733 733 734 734 734 734 734 734 735 735 735 735 735 735 735 735 735 735 735 734 734 735 735 736 736 737 737 738 738 739 739 739 739 740 741 740 741 741 741 741 741 741 741 742 742 742 742 742 743 743 743 743 742 742 743 742 618 571 571 571 571 571 571 571 570 570 569 570 570 570 569 569 569 569 569
734 734 734 733 733 733 733 733 733 733 733 733 732 733 733 733 733 733 733 734 734 734 735 734 734 735 735 735 735 735 735 735 736 736 735 735 736 736 735 734 735 736 736 736 737 738 738 738 738 740 739 739 740 740 741 741 741 741 741 741 741 742 742 743 742 742 743 743 743 743 743 744 742 742 742 743 617 571 571 571 571 571 571 571 570 569 569 570 569 570 569 569 569 569
734 734 734 734 734 734 734 734 734 734 734 734 733 733 734 733 733 734 734 734 734 734 734 735 735 735 736 735 735 735 736 736 736 736 736 736 736 736 736 736 736 736 736 736 737 737 738 738 739 738 739 740 740 740 740 741 741 742 741 741 742 742 742 742 742 743 742 743 743 743 743 743 743 742 742 743 743 618 571 571 571 571 571 571 571 571 569 570 569 570 569 569 569 569
735 735 735 735 735 735 735 735 735 734 734 734 734 734 734 735 735 734 734 734 734 735 735 735 736 735 735 735 736 736 736 736 736 736 736 737 736 736 736 737 736 736 736 737 737 737 737 738 738 738 739 739 740 740 740 740 742 741 741 742 742 742 742 742 742 742 742 743 743 743 743 743 744 743 743 742 742 742 618 571 571 571 571 571 571 571 570 569 569 569 569 569 570 569
736 736 736 736 736 735 735 735 735 735 735 735 735 735 735 735 735 735 735 736 735 735 736 735 735 735 736 736 736 736 736 736 736 737 736 736 737 737 737 737 737 737 737 737 737 737 737 737 737 739 739 739 739 740 740 741 741 741 742 742 742 742 742 742 742 742 742 742 743 743 743 743 743 743 744 742 743 742 743 571 571 571 571 571 571 571 571 570 570 569 569 569 569 569
736 736 736 736 736 736 736 736 736 736 736 736 736 735 735 735 735 735 736 736 736 736 735 735 736 736 736 736 736 736 737 737 737 737 737 737 737 737 737 737 737 737 737 737 737 737 737 737 738 738 739 739 739 739 740 741 741 741 741 742 742 742 742 742 742 742 743 742 742 742 743 743 743 743 743 743 743 743 743 742 571 571 571 571 571 571 571 570 570 570 569 569 569 569
737 737 737 737 737 737 737 737 737 736 736 736 736 736 736 736 736 736 736 736 736 736 737 737 736 736 736 736 737 737 737 737 737 737 737 738 737 737 737 738 737 737 737 738 737 737 737 738 738 738 738 739 739 739 740 740 741 741 741 741 742 742 742 742 742 742 742 742 743 742 743 742 743 743 743 743 743 743 743 743 742 571 571 571 570 571 570 570 570 569 569 570 569 569
738 738 738 738 738 737 737 737 737 737 737 737 737 737 737 737 736 736 736 736 737 737 737 737 737 737 737 737 737 737 737 737 737 738 737 737 737 738 738 738 738 738 738 738 738 738 738 738 738 738 738 738 738 740 740 740 740 740 741 742 741 741 742 742 742 742 742 742 742 743 742 742 743 743 743 743 743 743 743 743 743 743 571 571 570 571 571 571 570 571 569 569 569 569
738 738 738 738 738 738 738 738 738 738 738 738 738 737 737 737 737 737 737 737 737 737 737 737 738 738 738 737 737 737 737 738 738 738 738 738 738 738 738 738 738 738 738 738 738 738 738 738 738 738 738 738 739 739 740 740 740 740 741 741 741 742 742 742 743 742 742 742 742 743 742 743 743 743 743 743 744 743 743 742 742 742 696 570 570 570 570 570 571 570 569 569 569 569
739 739 739 739 739 739 739 739 739 738 738 738 738 738 738 738 738 738 737 737 737 737 737 738 738 738 738 738 738 738 738 738 738 738 738 738 738 738 738 739 738 738 738 739 738 738 738 739 738 738 738 739 739 739 739 739 740 741 740 740 741 741 742 742 742 742 742 742 742 742 742 742 743 743 743 743 743 743 743 743 742 742 742 695 571 570 570 570 570 570 570 569 569 569
740 740 740 740 739 739 739 739 739 739 739 739 739 739 739 738 738 738 738 738 738 738 738 738 738 738 738 739 739 738 739 738 738 739 738 738 738 739 739 738 738 739 739 738 738 739 739 738 738 739 739 739 739 739 739 739 739 739 740 741 741 741 742 741 742 742 742 742 742 742 742 742 742 742 743 743 743 743 743 744 742 742 742 742 694 571 570 570 570 570 570 571 569 569
740 740 740 740 740 740 740 740 740 740 740 740 739 739 739 739 739 739 739 739 739 738 738 738 738 739 739 739 739 739 739 740 739 738 738 739 739 739 739 739 739 739 739 739 739 739 739 739 739 739 739 739 739 739 739 739 739 739 740 740 741 741 741 741 742 742 742 742 742 742 742 742 742 742 743 743 743 743 743 743 743 742 742 742 742 695 570 571 570 570 570 569 569 569
741 741 741 741 741 741 741 741 740 740 740 740 740 740 740 740 740 740 739 739 739 739 739 739 739 739 739 739 739 739 740 739 739 739 739 739 739 739 739 739 739 739 739 739 739 739 739 739 739 739 739 739 739 739 739 739 739 740 740 740 740 740 741 741 741 741 743 742 742 742 742 743 742 742 742 742 742 743 743 743 743 742 742 742 742 695 695 570 570 570 570 569 570 568
743 741 741 741 741 741 741 741 741 741 741 741 741 741 741 740 740 740 740 740 740 740 739 739 739 739 739 739 740 739 739 740 740 740 740 739 739 739 740 739 739 740 740 739 739 740 740 739 739 740 739 739 739 740 739 739 739 739 740 740 740 740 741 741 741 742 741 742 742 742 742 741 742 742 742 742 742 742 743 743 743 743 742 742 742 742 694 570 570 570 570 570 569 569
743 743 743 743 742 742 742 742 742 742 742 741 741 741 741 741 741 741 741 741 740 740 740 740 740 740 739 739 739 740 740 740 740 740 740 740 740 739 739 740 740 740 740 740 740 740 740 740 740 739 739 740 740 739 739 739 739 739 739 739 740 740 740 740 742 741 741 741 741 743 741 741 742 742 742 742 742 742 742 742 743 743 742 742 741 741 742 695 570 570 569 569 570 570
744 744 744 744 744 743 742 742 742 742 742 742 742 742 742 742 742 741 741 741 741 741 741 741 740 740 740 740 740 740 740 740 740 740 741 740 740 740 740 740 740 740 740 740 740 740 740 740 740 740 740 740 740 740 740 739 739 739 739 739 739 740 740 741 740 740 742 741 742 741 741 742 742 742 741 741 743 742 742 742 742 742 743 742 741 741 741 695 695 569 569 569 569 569
744 744 744 744 744 744 744 744 744 743 743 743 743 742 742 742 742 742 742 742 742 741 741 741 741 741 741 741 740 740 740 740 741 740 740 741 741 741 740 740 740 740 740 740 740 740 740 740 740 741 740 740 740 740 740 740 740 739 739 739 739 739 741 740 740 741 741 742 741 741 742 742 742 741 741 742 741 741 742 742 742 742 742 742 742 741 742 741 694 694 570 569 569 569
