testData/tiles/oneDegreeCosts/grid25.0-2.0-26.0-3.0.asc
ncols   200
nrows   200
xllcorner   25.0
yllcorner   2.0
cellsize   0.005
NODATA_value   -9999.0
[rows 160 to 199 of 200, columns 0 to 89 of 200]
657 657 657 657 657 657 657 657 880 879 879 878 878 878 878 878 878 877 877 877 877 877 877 876 876 875 875 875 875 874 874 874 874 874 873 873 873 873 873 872 871 871 871 871 863 862 863 863 863 863 862 863 863 863 863 863 864 864 864 863 863 864 864 863 864 864 865 863 863 864 864 864 864 864 864 864 864 864 864 864 864 864 864 864 865 865 864 864 864 864
657 657 657 657 657 657 657 657 879 879 879 879 878 878 878 878 878 878 876 876 876 876 876 876 875 875 875 875 875 874 874 874 874 874 874 872 872 872 872 872 871 871 871 862 863 862 862 862 862 863 862 862 863 863 863 863 862 863 863 863 863 863 864 863 863 863 863 863 863 864 864 863 863 863 864 864 864 864 864 864 864 864 865 864 864 865 864 865 865 864
657 657 657 657 657 657 657 657 878 878 878 878 877 877 877 877 877 877 876 876 876 876 876 876 875 875 875 875 875 875 874 873 873 873 873 872 872 872 872 872 871 871 862 862 862 861 861 862 862 863 862 862 863 862 863 862 862 863 863 863 863 863 863 863 862 863 863 864 863 862 863 863 863 863 863 864 864 864 864 864 864 865 864 864 864 865 866 865 865 865
657 657 657 657 657 657 657 657 878 878 878 878 877 877 877 877 877 877 877 876 876 876 876 876 875 874 874 874 874 874 873 873 873 873 873 872 872 872 872 872 871 861 861 861 861 862 861 862 862 862 862 861 862 862 862 862 862 863 863 862 862 862 863 863 862 863 863 862 862 862 863 863 863 863 863 864 864 864 865 865 864 864 864 866 865 865 865 865 865 866
657 657 657 657 657 657 657 878 878 878 878 878 878 877 877 877 877 877 876 875 875 875 875 875 875 874 874 874 874 874 873 873 873 873 873 873 871 871 871 862 862 861 861 861 861 862 861 860 861 861 862 861 861 862 862 863 861 861 862 862 862 862 862 863 862 862 862 862 863 862 862 863 863 863 863 864 864 864 864 865 864 865 865 865 865 865 866 865 865 866
657 657 657 657 657 657 657 878 877 877 877 877 877 876 876 876 876 876 876 875 875 875 875 875 875 874 874 874 874 874 874 872 872 872 872 872 871 871 862 862 862 861 861 861 860 860 860 860 861 861 861 861 861 861 861 861 861 861 862 862 861 862 861 862 862 862 862 862 863 862 862 863 864 863 864 864 865 864 864 865 865 865 865 865 865 866 866 866 865 865
657 657 657 657 657 657 657 877 877 877 877 877 877 877 876 876 876 876 876 876 875 875 875 875 875 874 873 873 873 873 873 872 872 872 872 872 872 862 862 862 861 861 860 860 860 860 861 860 860 861 860 861 860 860 861 861 861 861 861 861 861 861 861 861 862 862 863 862 862 863 863 863 864 863 864 864 864 865 865 865 865 865 866 866 865 865 865 866 866 866
657 657 657 657 657 657 657 878 877 877 877 877 877 877 876 876 876 876 875 875 874 874 874 874 874 874 873 873 873 873 873 872 872 872 872 872 862 861 861 861 861 861 860 860 860 860 861 859 859 860 860 860 860 860 861 861 860 860 860 861 861 861 861 862 862 862 862 863 863 863 864 863 864 864 864 865 865 865 865 865 866 865 865 866 866 865 866 866 867 912
657 657 657 657 657 657 657 877 876 876 876 876 876 876 875 875 875 875 875 875 874 874 874 874 874 874 873 873 873 873 873 872 871 871 871 862 862 861 861 861 861 861 860 859 859 859 859 859 859 860 860 860 860 859 859 860 860 860 860 860 862 861 861 861 862 863 862 864 864 863 863 864 864 865 864 865 865 865 865 865 866 865 865 866 866 866 867 866 912 912
657 657 657 657 657 657 877 877 876 876 876 876 876 876 876 875 875 875 875 875 875 874 874 874 874 873 873 872 872 872 872 872 871 871 862 862 862 861 861 861 860 860 860 859 859 859 859 860 859 859 859 859 859 859 859 860 860 860 861 860 861 862 861 862 862 864 862 862 863 864 863 864 865 865 864 864 865 866 865 865 865 867 866 866 867 866 866 913 913 912
657 657 657 657 657 657 877 877 877 876 876 876 876 876 876 875 875 875 874 874 874 873 873 873 873 873 873 872 872 872 872 872 862 862 862 861 861 861 860 860 860 860 860 859 859 859 859 859 859 859 859 859 859 859 859 860 860 860 860 861 861 862 862 863 862 862 863 863 863 864 864 864 864 864 865 865 865 865 865 866 866 866 867 866 866 867 912 913 913 912
657 657 657 657 657 657 877 876 876 875 875 875 875 875 875 874 874 874 874 874 874 873 873 873 873 873 873 872 872 872 871 862 862 861 861 861 861 861 860 860 860 860 860 859 859 859 859 859 859 859 859 859 859 859 859 859 860 861 860 861 862 862 862 862 863 863 863 864 863 864 864 864 865 865 866 865 865 866 865 866 867 866 866 866 867 914 913 913 913 913
657 657 657 657 657 657 876 876 876 875 875 875 875 875 875 875 874 874 874 874 874 874 873 873 873 872 872 871 871 871 862 862 862 861 861 861 861 861 860 859 859 859 859 859 859 859 859 859 859 859 859 859 859 859 860 860 861 861 860 861 861 862 862 862 864 864 863 863 864 864 865 864 866 865 865 865 866 866 867 866 866 867 866 867 913 913 913 913 913 913
657 657 657 657 657 657 876 876 876 876 875 875 875 875 875 875 874 873 873 873 873 873 872 872 872 872 872 872 871 862 862 862 862 861 861 860 860 860 860 859 859 859 859 859 859 859 859 859 859 859 859 859 860 859 860 860 860 861 860 861 862 862 864 862 862 863 864 863 864 865 865 864 864 866 866 865 866 866 867 866 866 867 868 867 913 913 913 914 913 913
657 657 657 657 657 657 875 875 875 875 874 874 874 874 874 874 873 873 873 873 873 873 872 872 872 872 872 863 862 862 861 861 861 860 860 860 860 860 860 859 859 859 859 859 859 859 859 859 859 859 859 859 859 860 860 860 861 861 861 861 863 862 862 863 863 864 864 864 864 864 865 865 865 865 867 865 866 866 867 867 867 867 867 913 913 914 913 913 914 914
657 657 657 657 657 875 875 875 875 875 874 874 874 874 874 874 873 873 873 873 873 873 872 872 871 871 862 862 861 861 861 861 861 861 860 860 860 860 860 859 859 859 859 859 859 859 859 859 859 859 859 859 859 860 860 861 861 862 862 861 861 863 863 863 864 864 864 864 864 865 865 866 865 865 866 866 866 867 867 867 867 867 914 913 913 914 914 913 914 914
657 657 657 657 657 875 875 875 875 875 874 874 874 874 874 874 873 872 872 872 872 872 872 871 871 862 862 862 861 861 861 861 861 861 859 859 859 859 859 859 859 859 859 859 859 859 859 859 859 859 859 859 860 861 860 860 861 861 862 862 862 863 864 863 863 864 864 864 864 866 865 865 865 866 866 867 866 866 867 867 867 914 913 913 913 913 915 914 914 914
657 657 657 657 657 874 874 874 874 874 873 873 873 873 873 873 873 872 872 872 872 872 872 862 862 862 862 862 861 860 860 860 860 860 859 859 859 859 859 859 859 859 859 859 859 859 859 859 859 859 859 860 860 860 860 860 861 862 862 863 862 862 863 863 863 864 865 865 864 864 866 866 865 866 866 867 866 866 868 868 912 913 914 913 914 914 914 914 914 914
657 657 657 657 657 874 874 874 874 874 874 873 873 873 873 873 873 872 872 872 872 872 863 861 861 861 861 861 861 860 860 860 860 860 859 859 859 859 859 859 859 859 859 859 859 859 859 859 859 859 859 859 860 860 861 861 861 862 862 862 863 863 864 863 864 864 864 865 865 865 865 867 865 866 866 867 867 867 867 914 913 913 914 915 914 914 914 914 915 914
657 657 657 657 657 874 874 874 874 874 874 873 873 873 872 872 872 871 871 871 871 862 862 861 861 861 861 861 861 860 860 860 860 859 859 859 859 859 859 859 859 859 859 860 860 859 859 859 859 860 859 859 861 861 861 861 861 861 863 862 863 864 863 864 864 864 865 865 866 865 865 866 866 866 867 867 867 867 913 913 914 914 914 914 914 915 915 914 914 914
657 657 657 657 657 873 873 873 873 873 873 872 872 872 872 872 872 871 871 862 862 862 862 861 861 861 861 861 860 859 859 859 859 859 859 859 859 859 859 860 859 859 859 859 860 859 859 860 860 860 860 859 859 861 861 861 862 862 863 862 862 863 863 864 864 864 866 865 865 865 866 866 866 866 866 867 867 868 914 913 913 914 914 915 914 914 915 914 914 915
657 657 657 657 874 873 873 873 873 873 873 872 872 872 872 872 872 871 862 862 862 861 861 860 860 860 860 860 860 859 859 859 859 859 860 859 859 859 859 859 859 859 860 860 860 860 860 860 860 860 860 860 860 861 862 861 861 862 862 862 863 863 864 864 864 864 864 866 865 865 866 866 866 866 867 868 867 912 914 914 913 914 914 914 914 914 914 915 914 914
657 657 657 657 874 873 873 873 873 873 873 872 871 871 871 871 871 862 861 861 861 861 861 861 860 860 860 860 860 859 859 859 859 859 859 859 859 859 860 860 859 860 860 861 860 860 860 860 860 861 860 860 861 861 861 861 861 862 863 864 863 863 864 864 864 865 865 865 866 865 866 866 866 867 867 867 913 913 913 914 914 914 914 914 914 915 914 914 914 915
657 657 657 657 873 872 872 872 872 872 872 871 871 871 871 862 862 862 861 861 861 861 861 861 860 860 859 859 859 859 859 859 859 859 860 859 860 860 860 861 859 859 860 860 861 860 860 861 861 861 860 860 860 861 861 861 862 863 863 863 863 863 864 865 864 864 865 865 865 866 866 867 867 867 867 913 913 914 914 914 914 914 914 915 914 915 915 915 915 915
657 657 657 657 873 872 872 872 872 872 872 872 871 871 862 862 862 862 861 860 860 860 860 860 859 859 859 859 859 859 859 859 860 860 860 859 859 860 860 860 860 860 860 861 861 861 861 861 861 861 860 861 861 861 862 862 862 862 863 863 863 864 864 865 864 864 865 866 865 866 866 866 867 867 913 914 913 913 914 914 914 914 914 915 914 914 915 916 915 915
657 657 657 657 873 872 872 872 871 871 871 871 861 861 861 861 861 861 860 860 860 860 860 860 859 859 859 859 860 860 859 859 859 860 860 859 860 860 861 861 860 861 861 861 861 861 861 861 861 862 861 861 861 861 861 861 862 862 863 864 863 864 864 864 865 865 865 866 866 866 866 867 868 867 912 914 914 913 914 915 914 914 914 915 915 914 914 915 915 915
657 657 657 657 872 871 871 871 871 871 871 862 861 861 861 861 861 861 860 860 860 860 860 860 859 859 859 859 859 860 859 860 860 860 861 860 861 861 861 861 860 860 861 861 862 862 861 862 862 862 862 861 861 862 862 861 863 863 863 864 863 863 865 865 865 865 865 865 866 866 867 867 867 913 913 913 915 914 914 914 915 914 915 915 915 915 915 915 915 915
657 657 657 872 872 871 871 871 871 862 862 862 861 861 861 861 860 860 859 859 859 859 859 859 859 859 859 859 860 860 860 860 861 861 860 860 860 861 861 861 862 861 861 862 862 862 861 861 862 862 862 862 862 862 862 861 861 863 863 863 864 864 864 865 865 865 866 866 867 866 866 867 913 913 914 914 914 914 914 914 915 914 914 915 915 915 916 915 915 915
657 657 657 871 871 870 870 870 861 861 861 861 860 860 860 860 860 860 859 859 859 859 859 859 859 859 860 860 861 860 860 860 860 861 861 860 861 861 862 862 862 861 861 861 862 862 862 862 862 863 863 862 862 862 862 862 862 862 864 863 863 864 864 865 865 865 866 866 866 866 866 913 914 913 913 914 914 914 915 914 914 914 914 915 915 915 915 916 915 915
657 657 657 871 871 870 861 861 861 861 861 861 860 860 860 860 860 860 859 859 859 859 859 859 859 859 859 860 860 861 860 860 861 861 862 861 861 861 861 862 862 861 862 862 863 863 862 863 862 862 863 862 862 863 863 862 862 862 863 864 863 864 865 865 865 865 865 866 867 866 913 913 913 913 913 914 915 914 914 914 915 915 914 914 915 915 915 916 915 915
657 657 657 871 871 861 861 861 861 861 861 861 860 859 859 859 859 859 859 859 859 859 859 860 859 860 860 860 861 861 861 861 861 861 861 861 861 861 862 862 863 862 862 863 863 863 862 862 863 863 863 863 863 863 863 862 862 863 863 864 864 864 864 865 865 865 866 867 866 866 913 913 913 914 913 913 914 914 914 915 915 915 915 915 915 916 915 915 915 915
657 657 657 861 861 860 860 860 860 860 860 860 859 859 859 859 859 859 859 859 859 859 860 860 860 860 860 860 860 861 861 861 861 861 862 861 862 862 863 863 862 862 862 862 863 863 863 863 863 864 863 863 863 863 863 863 863 863 863 863 863 864 864 865 865 866 866 866 867 912 912 914 913 913 914 914 914 914 914 914 915 915 915 916 915 915 916 916 915 915
657 657 657 861 861 860 860 860 860 860 860 860 859 859 859 859 859 859 859 859 859 859 859 860 860 860 860 861 861 861 861 861 862 862 863 861 861 862 862 863 863 862 863 863 863 864 863 863 863 863 864 863 863 864 864 863 863 863 863 864 864 864 865 865 865 865 866 866 913 913 912 912 914 913 913 915 914 914 914 915 915 915 915 915 915 915 915 915 915 915
657 657 861 861 861 860 860 859 859 859 859 859 858 858 858 858 858 859 859 859 859 860 860 860 860 860 861 861 862 862 861 861 861 862 862 862 862 862 863 863 864 863 863 863 863 864 863 863 864 864 864 864 863 863 864 863 863 864 864 864 864 864 864 865 865 865 866 912 912 912 913 913 913 913 913 913 915 914 914 914 915 915 915 915 915 915 915 915 915 916
657 657 860 860 860 859 859 859 859 859 859 859 858 858 858 858 859 859 859 859 860 860 861 861 860 860 860 861 861 862 861 862 862 862 863 862 863 863 863 863 863 863 863 863 864 864 864 864 864 864 864 864 864 864 864 864 864 864 864 864 864 864 865 865 865 865 865 912 913 912 913 913 913 913 914 914 915 914 914 914 915 915 915 915 915 915 916 916 915 915
657 657 860 860 860 859 859 859 859 859 859 859 858 858 859 858 859 859 859 859 859 860 860 861 860 861 861 861 862 862 862 862 863 862 862 862 862 863 863 863 863 863 864 864 864 864 864 864 864 864 864 864 864 865 864 864 864 864 864 865 864 864 864 865 865 866 912 912 913 912 912 914 914 913 914 914 914 914 914 915 915 915 915 916 915 915 915 916 915 915
657 657 859 859 859 858 858 858 858 858 858 858 858 858 858 859 859 860 859 860 860 860 861 861 861 861 862 861 862 862 862 862 862 863 863 862 863 863 864 864 863 863 863 864 864 864 864 864 865 865 864 864 864 864 865 864 864 865 864 864 864 864 864 866 865 911 912 912 912 913 913 913 914 913 913 914 915 914 914 914 914 915 915 915 915 915 915 915 916 915
657 657 859 859 859 858 858 858 858 858 858 858 858 858 859 859 860 860 860 860 860 860 860 861 861 861 861 862 862 862 862 862 863 863 864 863 863 863 863 864 863 864 864 864 865 864 864 864 864 865 864 864 865 865 865 864 864 864 865 865 864 865 865 865 911 911 911 913 912 912 913 913 913 914 914 914 914 914 914 915 914 914 915 915 915 916 916 915 915 916
657 657 859 859 859 858 858 858 858 858 858 858 858 858 858 859 859 860 860 860 860 861 861 862 861 861 862 862 863 862 862 862 862 863 863 863 863 864 864 864 864 864 865 864 864 864 864 865 865 865 865 865 865 865 865 864 865 865 865 866 864 865 865 865 910 912 912 912 912 912 912 914 913 913 913 914 914 914 915 914 914 914 915 916 915 915 916 916 915 915
657 657 858 858 858 857 857 857 857 858 858 858 858 858 859 859 860 860 860 860 861 861 862 861 861 861 861 862 862 862 862 863 863 864 864 863 864 864 864 864 864 864 864 865 865 864 865 865 865 865 865 865 865 865 866 865 865 865 865 865 865 865 866 912 910 910 912 912 912 913 913 913 913 913 913 914 914 914 914 915 914 915 915 915 915 915 915 915 915 915
