testData/tiles/oneDegreeCosts/grid29.0-32.0-30.0-33.0.asc
ncols   200
nrows   200
xllcorner   29.0
yllcorner   32.0
cellsize   0.005
NODATA_value   -9999.0
[rows 0 to 41 of 200, columns 94 to 187 of 200]
696 694 693 692 691 689 688 686 684 684 682 680 679 677 675 674 672 671 668 667 665 663 661 658 658 656 653 651 648 646 643 641 640 637 634 631 628 626 626 625 625 625 625 624 624 623 623 565 565 564 564 564 564 563 563 562 562 561 560 560 559 559 559 559 558 557 557 556 556 555 554 554 553 552 552 552 551 552 552 552 576 576 576 576 576 576 577 576 576 576 577 577 577 577
696 694 693 692 690 689 688 686 685 684 682 680 679 677 676 674 672 671 668 667 664 663 662 659 658 655 653 650 648 646 644 642 639 637 633 631 627 626 626 626 626 625 625 624 624 623 623 565 566 565 565 564 563 563 562 562 561 561 560 561 560 559 559 558 558 557 557 556 555 555 554 554 554 553 553 552 551 552 552 552 576 576 576 576 576 576 577 577 577 577 577 577 577 577
696 694 693 692 690 690 688 686 685 683 682 680 679 678 676 674 672 670 668 667 665 664 661 659 658 655 653 650 649 646 644 642 639 637 633 631 628 627 626 626 625 625 624 624 624 624 623 566 565 565 564 564 563 563 562 563 562 561 561 560 560 559 559 558 557 557 557 557 556 555 555 554 554 553 552 552 552 552 552 552 575 577 577 576 577 577 577 577 577 577 577 577 577 577
695 694 693 692 691 690 687 686 685 683 682 680 679 677 675 674 672 670 669 667 665 664 661 659 657 656 653 651 649 646 644 641 639 636 634 631 628 627 626 626 625 625 625 625 624 624 623 566 565 565 564 564 564 563 563 562 562 561 561 560 560 559 559 559 558 558 557 556 556 555 555 554 553 553 552 552 553 552 552 553 576 576 577 576 576 577 577 577 577 577 577 577 577 577
695 695 693 692 691 689 687 686 685 684 682 680 679 676 675 675 672 671 669 667 665 663 661 659 658 656 653 651 648 646 643 642 640 637 634 631 628 626 626 626 626 625 625 624 624 623 623 565 565 565 565 564 564 563 563 562 562 561 560 560 560 560 559 559 558 557 557 556 556 555 554 554 554 553 553 552 552 552 552 552 576 576 576 576 576 576 577 577 577 577 578 578 577 577
696 695 693 692 690 689 688 686 685 684 681 680 679 677 676 674 672 671 668 667 664 664 662 659 657 655 653 651 648 647 644 642 639 637 633 631 628 627 627 626 626 625 625 624 624 623 624 566 566 565 565 564 563 563 562 562 562 562 561 561 560 559 559 558 558 557 556 556 556 556 555 554 554 553 552 552 552 552 552 552 552 576 577 576 577 577 577 578 577 577 577 578 577 577
696 694 693 692 691 690 688 686 685 683 681 681 679 677 676 674 672 670 668 668 665 663 661 659 657 655 654 651 649 646 644 642 639 636 633 632 628 627 626 626 625 625 624 624 624 624 623 566 565 565 564 564 563 564 563 563 562 561 561 560 560 559 559 558 558 558 557 557 556 555 555 554 553 553 552 552 552 552 553 553 553 577 577 577 577 577 577 577 577 577 577 577 577 577
695 694 693 692 691 690 687 686 685 683 682 681 679 677 675 674 672 671 669 667 665 663 661 659 657 656 654 651 649 646 644 641 640 636 634 630 628 627 626 626 625 626 625 625 624 624 623 566 565 565 565 565 564 563 563 562 562 561 561 560 560 560 559 559 558 558 557 556 556 555 554 554 553 553 553 552 553 553 553 553 553 576 577 577 577 577 577 577 577 577 578 578 577 577
695 695 693 692 691 688 687 686 685 684 682 680 679 677 675 674 672 671 669 666 665 662 662 660 657 656 653 651 648 646 645 642 640 636 634 630 628 627 627 626 626 625 625 624 624 623 623 566 566 565 565 564 564 563 563 562 562 561 561 561 560 560 559 558 558 557 557 556 555 555 555 555 554 553 553 552 552 553 553 553 553 576 576 577 577 577 577 578 577 577 577 578 577 577
696 695 693 692 691 688 688 686 685 683 681 680 679 677 676 674 672 670 668 666 666 663 662 659 657 654 653 651 649 647 644 642 638 636 633 630 629 627 627 626 626 625 625 624 624 624 624 566 566 565 565 564 563 563 563 563 562 562 561 561 560 559 559 558 558 557 557 557 556 556 555 554 554 553 552 552 552 552 553 553 553 577 577 577 577 577 577 577 578 577 577 577 577 577
696 694 693 692 691 689 688 686 685 683 681 681 678 677 676 673 672 669 669 667 665 663 661 659 657 654 654 651 649 646 644 642 638 636 634 631 628 627 626 626 625 625 625 625 624 624 623 566 565 565 564 564 564 564 563 563 562 561 561 560 560 559 560 559 558 558 557 557 556 555 555 554 553 553 552 552 553 553 553 553 553 576 577 577 577 577 577 577 577 577 577 578 578 578
695 694 694 692 690 689 687 686 685 683 682 681 678 677 675 673 673 670 669 666 665 663 660 660 657 655 653 651 649 646 644 641 639 636 634 630 627 627 626 626 626 626 625 625 624 624 623 566 565 566 565 564 564 563 563 562 562 561 561 561 560 560 559 559 558 557 557 556 556 555 555 555 554 553 553 552 552 553 553 553 553 553 576 577 577 577 578 578 578 577 578 578 578 577
696 695 694 692 690 688 687 687 685 683 682 680 678 677 676 674 672 670 669 666 665 663 661 660 657 655 652 650 648 647 644 641 639 636 633 630 627 627 627 626 626 625 625 624 624 624 624 566 566 565 565 564 564 563 563 562 562 562 561 561 560 560 559 558 558 557 557 557 556 556 555 554 554 553 553 552 552 553 553 553 553 554 577 577 578 577 577 577 578 577 577 577 578 577
696 695 693 691 690 689 688 687 684 683 681 680 679 677 675 674 672 670 668 667 666 663 661 659 657 654 652 651 648 646 643 641 638 636 632 631 627 627 627 626 626 625 625 625 625 624 624 566 566 565 564 564 564 564 563 563 562 562 561 560 560 559 559 558 559 558 557 557 556 555 555 554 554 553 552 552 553 553 554 553 553 553 577 577 577 577 577 577 577 577 577 577 577 578
689 687 686 685 683 682 681 679 684 683 682 681 678 677 675 673 672 670 669 667 664 663 660 658 657 655 653 650 648 645 643 641 639 637 633 631 627 627 626 626 626 626 625 625 624 624 623 566 565 565 565 565 564 564 563 562 562 561 561 560 561 560 559 559 558 558 557 556 556 555 555 554 554 554 553 552 553 553 553 553 553 553 576 577 577 577 577 578 578 577 578 578 578 577
688 687 686 684 683 682 680 679 678 676 675 673 671 670 667 667 665 663 668 666 664 663 661 659 657 655 652 650 648 645 644 641 639 635 633 630 627 627 627 627 626 626 625 625 624 624 623 566 566 565 565 564 564 563 563 562 562 562 561 561 560 560 559 559 558 557 557 556 556 556 555 555 554 553 553 552 552 553 553 553 553 553 577 577 578 577 577 578 578 577 577 578 578 577
689 688 685 684 683 681 681 679 677 676 675 672 671 670 668 667 664 663 661 659 658 656 654 651 650 648 645 643 641 646 643 641 639 635 633 629 628 627 627 626 626 625 625 624 624 624 624 566 566 565 565 564 564 563 563 563 562 562 561 561 560 559 559 558 558 558 557 557 556 556 555 554 554 553 552 552 552 552 554 554 553 554 554 577 577 577 577 577 577 577 577 577 577 577
689 687 685 684 683 682 681 678 677 676 674 673 672 670 668 666 664 663 661 660 657 656 654 651 649 647 646 643 641 639 636 634 630 628 626 623 620 620 619 619 619 619 625 625 624 624 623 566 565 565 564 565 564 564 563 563 562 561 561 560 560 559 560 559 558 558 557 556 556 555 555 554 553 553 553 552 553 553 553 554 553 553 554 577 577 577 577 577 577 577 578 578 578 577
689 686 685 685 683 682 681 678 677 675 674 673 671 669 668 666 665 663 661 660 657 655 653 651 650 648 646 643 641 638 636 634 631 629 626 623 620 620 619 619 619 619 618 618 617 617 616 559 559 559 558 557 557 556 556 555 555 561 562 561 560 560 559 559 558 557 557 556 556 555 555 555 554 553 553 552 552 553 553 553 553 553 553 576 578 577 577 578 578 577 577 578 578 577
687 687 686 684 683 682 679 678 678 676 674 672 671 669 667 667 665 663 661 659 657 654 654 652 649 647 645 643 640 639 637 633 631 628 625 622 620 620 620 619 619 618 618 617 617 617 617 559 559 558 558 557 557 556 556 556 555 555 554 554 553 553 552 551 551 551 551 550 549 549 548 547 547 546 545 545 545 552 553 554 553 554 554 577 577 577 577 577 578 577 577 577 577 577
688 687 685 684 683 681 680 679 677 676 674 672 671 669 668 666 664 662 660 658 658 655 654 651 649 647 644 644 641 639 635 633 630 628 624 623 621 620 620 619 619 618 618 618 618 617 617 559 559 558 557 557 557 557 556 556 555 555 554 553 553 552 552 552 551 551 550 550 549 548 548 547 546 546 545 545 546 546 546 547 546 546 547 570 570 570 570 570 570 570 571 571 571 570
688 686 685 684 683 681 680 678 677 675 673 673 672 669 668 665 664 662 661 659 657 655 653 651 649 647 645 642 640 637 635 633 630 629 625 623 620 620 619 619 619 619 618 618 617 617 559 559 558 558 558 558 557 556 556 555 555 554 554 553 553 553 552 552 551 550 550 549 549 548 548 548 547 546 546 545 545 546 546 546 546 546 546 547 570 570 570 571 571 571 570 571 571 570
688 686 685 685 683 681 679 678 677 675 674 673 670 669 667 665 665 662 661 658 657 655 652 652 649 647 645 642 640 637 636 633 631 627 625 621 620 620 620 619 619 619 618 617 617 616 559 559 559 558 558 557 557 556 556 555 555 555 554 554 553 553 552 551 551 550 550 549 549 549 548 547 547 546 545 545 545 545 546 546 546 547 547 547 570 570 570 570 570 571 570 570 570 570
687 687 686 684 682 681 679 679 677 675 674 672 670 669 667 666 664 662 661 658 656 655 653 651 649 647 644 642 640 638 635 633 631 627 625 621 621 620 620 619 619 618 618 617 617 617 560 559 559 558 558 557 556 556 556 556 555 555 554 553 553 552 552 551 551 551 550 550 549 548 548 547 546 546 545 545 546 546 546 547 546 546 547 547 570 570 570 570 570 570 570 570 571 570
688 687 685 684 682 680 680 679 676 675 673 672 671 669 667 665 663 662 659 659 656 655 653 650 649 646 645 642 640 638 635 633 629 627 625 622 620 620 619 619 618 618 618 618 617 617 559 559 558 558 558 558 557 557 556 555 555 554 554 553 553 553 552 552 551 551 550 549 549 548 547 547 547 546 546 545 545 546 546 546 546 546 546 546 570 570 570 571 571 571 570 570 571 570
689 686 685 683 682 681 680 678 676 675 674 672 670 669 667 665 663 662 660 659 656 655 652 650 648 647 645 642 640 637 635 631 630 627 624 622 620 620 619 619 619 619 618 618 617 617 559 559 559 558 558 557 557 556 556 555 555 554 554 554 553 553 552 551 551 550 550 549 549 549 548 547 547 546 545 545 545 545 546 546 546 546 547 547 570 570 570 570 570 571 570 570 570 570
688 687 686 684 682 681 679 677 676 675 674 671 670 669 666 666 664 662 660 658 656 653 653 651 648 646 644 642 639 637 635 632 630 627 624 621 620 620 620 619 619 618 618 617 617 616 560 559 559 558 558 557 556 556 556 556 555 555 554 553 553 552 552 551 551 551 550 550 549 548 548 547 546 546 545 545 545 545 546 547 546 546 546 547 547 569 570 570 570 570 570 570 570 570
688 687 685 684 683 681 679 678 676 675 673 671 670 668 667 666 663 662 659 657 657 654 653 650 648 645 643 642 639 637 634 632 629 626 623 621 620 620 619 619 618 618 618 618 617 617 559 559 558 558 557 557 557 557 556 555 555 554 554 553 553 552 552 552 551 551 550 549 549 548 547 547 546 546 546 545 545 546 546 546 546 546 546 546 547 569 569 569 571 571 570 570 571 570
688 686 685 684 682 682 680 678 677 675 672 671 670 668 667 664 663 661 660 658 656 654 651 650 648 646 644 641 639 636 634 631 629 627 624 621 620 620 619 619 618 619 618 618 617 617 559 559 558 558 558 557 557 556 556 555 555 554 554 554 553 553 552 551 551 550 550 549 548 548 548 547 547 546 545 545 545 545 546 546 546 546 546 547 547 570 570 570 570 571 570 570 570 570
689 687 686 684 683 682 679 678 677 675 674 672 670 668 666 664 664 661 660 657 656 654 651 651 648 646 643 641 639 636 634 632 629 626 623 620 620 619 619 619 619 618 618 617 617 616 559 559 559 558 558 557 556 556 555 555 555 555 554 553 553 552 552 551 550 550 550 550 549 548 548 547 546 546 545 545 545 545 545 547 546 546 546 547 547 569 569 570 570 570 570 570 570 570
688 687 687 685 684 680 679 678 677 675 674 672 670 667 666 665 663 661 659 657 655 653 652 649 648 646 643 641 638 637 634 631 628 626 622 620 620 620 619 619 618 618 617 617 617 617 559 559 558 558 557 557 556 556 556 555 555 554 554 553 553 552 551 551 551 550 550 549 549 548 547 547 546 545 545 545 545 546 546 546 545 546 546 546 547 546 569 569 570 570 570 570 570 570
689 688 686 685 683 681 681 679 677 675 673 672 670 669 667 664 662 661 658 657 655 654 651 649 647 645 643 641 639 636 633 631 628 626 623 621 620 620 619 619 618 618 618 618 617 617 559 559 558 557 557 557 557 556 556 555 555 554 553 553 553 553 552 551 551 550 550 549 548 548 547 547 547 546 545 545 545 545 546 546 545 545 546 546 546 546 570 570 570 570 570 570 570 569
690 688 686 685 682 682 680 679 677 675 673 672 670 669 666 665 663 660 659 657 655 653 651 649 646 645 642 641 638 635 633 630 629 625 623 620 620 619 619 619 619 618 618 617 617 616 559 559 559 558 558 557 556 556 555 555 554 554 554 553 553 552 552 551 550 550 549 549 549 548 548 547 546 546 545 544 545 545 545 545 545 546 546 547 547 546 569 570 570 570 569 569 570 569
689 688 687 685 683 682 680 679 676 676 675 672 670 669 666 665 663 662 660 657 655 652 651 649 647 645 642 640 637 635 633 631 627 625 621 620 619 619 619 619 619 618 617 617 616 616 559 559 558 558 557 557 556 556 555 555 555 554 554 553 552 552 551 551 550 550 550 549 549 548 547 547 546 545 545 544 544 545 546 546 545 546 546 546 546 546 546 569 569 569 569 570 570 569
689 688 686 685 684 682 681 677 677 676 673 672 671 668 667 664 663 661 659 657 655 654 651 649 647 644 642 639 638 635 633 631 627 625 621 621 620 620 619 619 618 618 617 618 617 560 559 559 558 557 557 557 557 556 556 555 555 554 553 553 552 552 552 551 551 550 549 549 548 548 547 546 546 546 545 544 545 545 545 546 545 545 546 546 546 546 547 570 570 569 569 570 570 569
691 687 686 685 683 682 681 679 678 675 673 672 671 669 667 665 663 660 659 657 656 654 651 649 646 644 642 640 638 635 633 629 627 625 622 620 620 619 619 618 618 618 618 617 617 559 559 558 558 557 558 557 556 556 555 555 554 554 553 553 553 552 552 551 550 550 549 548 548 548 547 547 546 545 545 544 544 545 545 545 545 545 546 546 547 546 546 569 570 569 569 569 569 569
689 688 687 685 684 683 680 679 677 676 674 672 670 669 667 665 663 662 661 657 655 653 651 648 647 645 642 640 637 635 631 630 627 624 621 620 619 619 619 619 618 618 617 617 616 559 559 559 558 558 557 557 556 556 555 555 555 554 554 553 552 552 551 551 550 550 550 549 548 548 547 546 546 545 544 544 544 544 546 546 545 545 546 546 546 546 546 569 569 569 569 569 569 569
689 688 686 686 685 682 680 679 677 676 674 673 671 668 666 665 663 662 659 658 655 652 652 649 647 644 642 638 636 634 632 629 626 624 620 620 619 620 619 619 618 618 617 617 616 560 559 558 558 557 557 556 556 556 556 555 554 554 553 553 552 551 551 551 551 550 549 549 548 547 547 546 545 545 545 544 545 545 545 546 545 545 545 546 546 546 546 546 570 569 569 569 570 569
689 688 687 686 683 682 681 680 677 675 674 672 670 669 667 666 663 661 659 657 656 654 652 649 646 644 641 640 638 634 632 629 626 623 620 620 620 619 619 618 618 618 618 617 617 559 559 558 558 557 557 557 556 556 555 555 554 553 553 553 553 552 551 551 550 550 549 548 548 547 547 547 546 545 545 544 544 545 545 545 545 545 545 546 546 546 546 546 569 569 569 569 569 569
690 689 688 685 683 682 681 680 677 676 674 671 671 670 667 666 663 662 659 657 656 653 651 649 647 645 642 640 637 635 632 628 626 623 620 620 619 619 618 618 618 618 617 617 616 559 558 558 558 558 557 557 556 555 555 554 554 554 553 553 552 552 551 550 550 549 549 549 548 548 547 546 546 545 544 544 544 544 544 545 545 545 546 546 546 545 546 546 569 569 569 569 569 569
690 689 687 685 685 682 681 679 677 676 675 673 672 668 667 664 663 662 660 658 655 653 650 649 648 645 642 639 637 634 632 629 627 623 620 620 619 619 619 619 618 618 617 617 616 559 559 558 558 557 557 556 556 555 555 555 554 554 553 553 552 551 551 550 550 550 549 549 548 547 547 546 545 545 544 544 544 545 545 544 545 545 545 545 546 545 545 545 546 569 569 569 569 569
690 688 686 686 684 683 682 678 677 676 674 673 671 669 667 665 664 661 660 657 655 654 651 649 646 644 642 639 636 634 632 629 626 623 621 620 620 619 619 618 618 617 617 617 617 559 559 558 557 557 556 556 556 556 555 555 554 553 553 552 552 552 551 551 550 549 549 548 547 547 546 546 546 545 544 544 544 544 545 544 544 544 545 545 545 545 546 546 546 568 569 569 569 568
