testData/tiles/oneDegreeCosts/grid39.0-27.0-40.0-28.0.asc
ncols   200
nrows   200
xllcorner   39.0
yllcorner   27.0
cellsize   0.005
NODATA_value   -9999.0
[rows 85 to 101 of 200, columns 74 to 110 of 200]
3.090000000000000000e+02 3.120000000000000000e+02 3.160000000000000000e+02 3.190000000000000000e+02 3.220000000000000000e+02 3.250000000000000000e+02 3.280000000000000000e+02 3.310000000000000000e+02 3.340000000000000000e+02 3.370000000000000000e+02 3.400000000000000000e+02 3.420000000000000000e+02 3.440000000000000000e+02 3.450000000000000000e+02 3.440000000000000000e+02 3.420000000000000000e+02 3.400000000000000000e+02 3.370000000000000000e+02 3.340000000000000000e+02 3.310000000000000000e+02 3.280000000000000000e+02 3.250000000000000000e+02 3.220000000000000000e+02 3.190000000000000000e+02 3.160000000000000000e+02 3.120000000000000000e+02 3.090000000000000000e+02 3.080000000000000000e+02 3.080000000000000000e+02 3.080000000000000000e+02 3.080000000000000000e+02 3.080000000000000000e+02 3.080000000000000000e+02 3.080000000000000000e+02 3.080000000000000000e+02 3.080000000000000000e+02 3.080000000000000000e+02
3.080000000000000000e+02 3.110000000000000000e+02 3.140000000000000000e+02 3.170000000000000000e+02 3.200000000000000000e+02 3.230000000000000000e+02 3.260000000000000000e+02 3.290000000000000000e+02 3.320000000000000000e+02 3.340000000000000000e+02 3.370000000000000000e+02 3.390000000000000000e+02 3.400000000000000000e+02 3.410000000000000000e+02 3.410000000000000000e+02 3.400000000000000000e+02 3.380000000000000000e+02 3.350000000000000000e+02 3.330000000000000000e+02 3.300000000000000000e+02 3.270000000000000000e+02 3.240000000000000000e+02 3.210000000000000000e+02 3.180000000000000000e+02 3.150000000000000000e+02 3.120000000000000000e+02 3.090000000000000000e+02 3.080000000000000000e+02 3.080000000000000000e+02 3.080000000000000000e+02 3.080000000000000000e+02 3.080000000000000000e+02 3.080000000000000000e+02 3.080000000000000000e+02 3.080000000000000000e+02 3.080000000000000000e+02 3.080000000000000000e+02
3.060000000000000000e+02 3.090000000000000000e+02 3.130000000000000000e+02 3.160000000000000000e+02 3.190000000000000000e+02 3.220000000000000000e+02 3.250000000000000000e+02 3.270000000000000000e+02 3.300000000000000000e+02 3.320000000000000000e+02 3.340000000000000000e+02 3.360000000000000000e+02 3.370000000000000000e+02 3.380000000000000000e+02 3.370000000000000000e+02 3.360000000000000000e+02 3.340000000000000000e+02 3.320000000000000000e+02 3.300000000000000000e+02 3.270000000000000000e+02 3.250000000000000000e+02 3.220000000000000000e+02 3.190000000000000000e+02 3.160000000000000000e+02 3.130000000000000000e+02 3.100000000000000000e+02 3.070000000000000000e+02 3.070000000000000000e+02 3.070000000000000000e+02 3.070000000000000000e+02 3.070000000000000000e+02 3.070000000000000000e+02 3.070000000000000000e+02 3.070000000000000000e+02 3.070000000000000000e+02 3.070000000000000000e+02 3.070000000000000000e+02
3.060000000000000000e+02 3.080000000000000000e+02 3.110000000000000000e+02 3.140000000000000000e+02 3.160000000000000000e+02 3.190000000000000000e+02 3.220000000000000000e+02 3.240000000000000000e+02 3.270000000000000000e+02 3.290000000000000000e+02 3.310000000000000000e+02 3.320000000000000000e+02 3.330000000000000000e+02 3.330000000000000000e+02 3.330000000000000000e+02 3.320000000000000000e+02 3.310000000000000000e+02 3.290000000000000000e+02 3.270000000000000000e+02 3.240000000000000000e+02 3.220000000000000000e+02 3.190000000000000000e+02 3.160000000000000000e+02 3.140000000000000000e+02 3.110000000000000000e+02 3.080000000000000000e+02 3.060000000000000000e+02 3.060000000000000000e+02 3.060000000000000000e+02 3.060000000000000000e+02 3.060000000000000000e+02 3.060000000000000000e+02 3.060000000000000000e+02 3.060000000000000000e+02 3.060000000000000000e+02 3.060000000000000000e+02 3.060000000000000000e+02
3.050000000000000000e+02 3.050000000000000000e+02 3.080000000000000000e+02 3.110000000000000000e+02 3.140000000000000000e+02 3.160000000000000000e+02 3.190000000000000000e+02 3.210000000000000000e+02 3.230000000000000000e+02 3.250000000000000000e+02 3.270000000000000000e+02 3.280000000000000000e+02 3.290000000000000000e+02 3.290000000000000000e+02 3.290000000000000000e+02 3.280000000000000000e+02 3.270000000000000000e+02 3.250000000000000000e+02 3.230000000000000000e+02 3.210000000000000000e+02 3.190000000000000000e+02 3.160000000000000000e+02 3.140000000000000000e+02 3.110000000000000000e+02 3.080000000000000000e+02 3.050000000000000000e+02 3.050000000000000000e+02 3.050000000000000000e+02 3.050000000000000000e+02 3.050000000000000000e+02 3.050000000000000000e+02 3.050000000000000000e+02 3.050000000000000000e+02 3.050000000000000000e+02 3.050000000000000000e+02 3.050000000000000000e+02 3.050000000000000000e+02
3.050000000000000000e+02 3.050000000000000000e+02 3.070000000000000000e+02 3.090000000000000000e+02 3.120000000000000000e+02 3.140000000000000000e+02 3.170000000000000000e+02 3.190000000000000000e+02 3.210000000000000000e+02 3.230000000000000000e+02 3.240000000000000000e+02 3.250000000000000000e+02 3.260000000000000000e+02 3.260000000000000000e+02 3.260000000000000000e+02 3.250000000000000000e+02 3.240000000000000000e+02 3.230000000000000000e+02 3.210000000000000000e+02 3.190000000000000000e+02 3.170000000000000000e+02 3.140000000000000000e+02 3.120000000000000000e+02 3.090000000000000000e+02 3.070000000000000000e+02 3.050000000000000000e+02 3.050000000000000000e+02 3.050000000000000000e+02 3.050000000000000000e+02 3.050000000000000000e+02 3.050000000000000000e+02 3.050000000000000000e+02 3.050000000000000000e+02 3.050000000000000000e+02 3.050000000000000000e+02 3.050000000000000000e+02 2.720000000000000000e+02
3.050000000000000000e+02 3.050000000000000000e+02 3.050000000000000000e+02 3.070000000000000000e+02 3.100000000000000000e+02 3.120000000000000000e+02 3.140000000000000000e+02 3.160000000000000000e+02 3.180000000000000000e+02 3.200000000000000000e+02 3.210000000000000000e+02 3.220000000000000000e+02 3.230000000000000000e+02 3.230000000000000000e+02 3.230000000000000000e+02 3.220000000000000000e+02 3.210000000000000000e+02 3.200000000000000000e+02 3.180000000000000000e+02 3.160000000000000000e+02 3.140000000000000000e+02 3.120000000000000000e+02 3.100000000000000000e+02 3.070000000000000000e+02 3.050000000000000000e+02 3.050000000000000000e+02 3.050000000000000000e+02 3.050000000000000000e+02 3.050000000000000000e+02 3.050000000000000000e+02 3.050000000000000000e+02 3.050000000000000000e+02 3.050000000000000000e+02 3.050000000000000000e+02 3.050000000000000000e+02 3.050000000000000000e+02 2.720000000000000000e+02
3.050000000000000000e+02 3.050000000000000000e+02 3.050000000000000000e+02 3.050000000000000000e+02 3.080000000000000000e+02 3.100000000000000000e+02 3.120000000000000000e+02 3.140000000000000000e+02 3.150000000000000000e+02 3.170000000000000000e+02 3.180000000000000000e+02 3.190000000000000000e+02 3.190000000000000000e+02 3.200000000000000000e+02 3.190000000000000000e+02 3.190000000000000000e+02 3.180000000000000000e+02 3.170000000000000000e+02 3.150000000000000000e+02 3.140000000000000000e+02 3.120000000000000000e+02 3.100000000000000000e+02 3.080000000000000000e+02 3.050000000000000000e+02 3.050000000000000000e+02 3.050000000000000000e+02 3.050000000000000000e+02 3.050000000000000000e+02 3.050000000000000000e+02 3.050000000000000000e+02 3.050000000000000000e+02 3.050000000000000000e+02 3.050000000000000000e+02 3.050000000000000000e+02 3.050000000000000000e+02 3.050000000000000000e+02 2.720000000000000000e+02
3.050000000000000000e+02 3.050000000000000000e+02 3.050000000000000000e+02 3.050000000000000000e+02 3.050000000000000000e+02 3.070000000000000000e+02 3.090000000000000000e+02 3.110000000000000000e+02 3.130000000000000000e+02 3.140000000000000000e+02 3.150000000000000000e+02 3.160000000000000000e+02 3.160000000000000000e+02 3.160000000000000000e+02 3.160000000000000000e+02 3.160000000000000000e+02 3.150000000000000000e+02 3.140000000000000000e+02 3.130000000000000000e+02 3.110000000000000000e+02 3.090000000000000000e+02 3.070000000000000000e+02 3.050000000000000000e+02 3.050000000000000000e+02 3.050000000000000000e+02 3.050000000000000000e+02 3.050000000000000000e+02 3.050000000000000000e+02 3.050000000000000000e+02 3.050000000000000000e+02 3.050000000000000000e+02 3.050000000000000000e+02 3.050000000000000000e+02 3.050000000000000000e+02 3.050000000000000000e+02 2.720000000000000000e+02 2.720000000000000000e+02
3.050000000000000000e+02 3.050000000000000000e+02 3.050000000000000000e+02 3.050000000000000000e+02 3.050000000000000000e+02 3.050000000000000000e+02 3.070000000000000000e+02 3.080000000000000000e+02 3.100000000000000000e+02 3.110000000000000000e+02 3.120000000000000000e+02 3.130000000000000000e+02 3.130000000000000000e+02 3.130000000000000000e+02 3.130000000000000000e+02 3.130000000000000000e+02 3.120000000000000000e+02 3.110000000000000000e+02 3.100000000000000000e+02 3.080000000000000000e+02 3.070000000000000000e+02 3.050000000000000000e+02 3.050000000000000000e+02 3.050000000000000000e+02 3.050000000000000000e+02 3.050000000000000000e+02 3.050000000000000000e+02 3.050000000000000000e+02 3.050000000000000000e+02 3.050000000000000000e+02 3.050000000000000000e+02 3.050000000000000000e+02 3.050000000000000000e+02 3.050000000000000000e+02 3.050000000000000000e+02 2.720000000000000000e+02 2.720000000000000000e+02
3.050000000000000000e+02 3.050000000000000000e+02 3.050000000000000000e+02 3.050000000000000000e+02 3.050000000000000000e+02 3.050000000000000000e+02 3.050000000000000000e+02 3.050000000000000000e+02 3.070000000000000000e+02 3.080000000000000000e+02 3.090000000000000000e+02 3.090000000000000000e+02 3.100000000000000000e+02 3.100000000000000000e+02 3.100000000000000000e+02 3.090000000000000000e+02 3.090000000000000000e+02 3.080000000000000000e+02 3.070000000000000000e+02 3.050000000000000000e+02 3.050000000000000000e+02 3.050000000000000000e+02 3.050000000000000000e+02 3.050000000000000000e+02 3.050000000000000000e+02 3.050000000000000000e+02 3.050000000000000000e+02 3.050000000000000000e+02 3.050000000000000000e+02 3.050000000000000000e+02 3.050000000000000000e+02 3.050000000000000000e+02 3.050000000000000000e+02 3.050000000000000000e+02 2.720000000000000000e+02 2.720000000000000000e+02 2.720000000000000000e+02
3.050000000000000000e+02 3.050000000000000000e+02 3.050000000000000000e+02 3.050000000000000000e+02 3.050000000000000000e+02 3.050000000000000000e+02 3.050000000000000000e+02 3.050000000000000000e+02 3.050000000000000000e+02 3.050000000000000000e+02 3.060000000000000000e+02 3.060000000000000000e+02 3.070000000000000000e+02 3.070000000000000000e+02 3.070000000000000000e+02 3.060000000000000000e+02 3.060000000000000000e+02 3.050000000000000000e+02 3.050000000000000000e+02 3.050000000000000000e+02 3.050000000000000000e+02 3.050000000000000000e+02 3.050000000000000000e+02 3.050000000000000000e+02 3.050000000000000000e+02 3.050000000000000000e+02 3.050000000000000000e+02 3.050000000000000000e+02 3.050000000000000000e+02 3.050000000000000000e+02 3.050000000000000000e+02 3.050000000000000000e+02 3.050000000000000000e+02 3.050000000000000000e+02 2.720000000000000000e+02 2.720000000000000000e+02 2.720000000000000000e+02
3.050000000000000000e+02 3.050000000000000000e+02 3.050000000000000000e+02 3.050000000000000000e+02 3.050000000000000000e+02 3.050000000000000000e+02 3.050000000000000000e+02 3.050000000000000000e+02 3.050000000000000000e+02 3.050000000000000000e+02 3.050000000000000000e+02 3.050000000000000000e+02 3.050000000000000000e+02 3.050000000000000000e+02 3.050000000000000000e+02 3.050000000000000000e+02 3.050000000000000000e+02 3.050000000000000000e+02 3.050000000000000000e+02 3.050000000000000000e+02 3.050000000000000000e+02 3.050000000000000000e+02 3.050000000000000000e+02 3.050000000000000000e+02 3.050000000000000000e+02 3.050000000000000000e+02 3.050000000000000000e+02 3.050000000000000000e+02 3.050000000000000000e+02 3.050000000000000000e+02 3.050000000000000000e+02 3.050000000000000000e+02 3.050000000000000000e+02 2.720000000000000000e+02 2.720000000000000000e+02 2.720000000000000000e+02 2.720000000000000000e+02
3.050000000000000000e+02 3.050000000000000000e+02 3.050000000000000000e+02 3.050000000000000000e+02 3.050000000000000000e+02 3.050000000000000000e+02 3.050000000000000000e+02 3.050000000000000000e+02 3.050000000000000000e+02 3.050000000000000000e+02 3.050000000000000000e+02 3.050000000000000000e+02 3.050000000000000000e+02 3.050000000000000000e+02 3.050000000000000000e+02 3.050000000000000000e+02 3.050000000000000000e+02 3.050000000000000000e+02 3.050000000000000000e+02 3.050000000000000000e+02 3.050000000000000000e+02 3.050000000000000000e+02 3.050000000000000000e+02 3.050000000000000000e+02 3.050000000000000000e+02 3.050000000000000000e+02 3.050000000000000000e+02 3.050000000000000000e+02 3.050000000000000000e+02 3.050000000000000000e+02 3.050000000000000000e+02 3.050000000000000000e+02 2.720000000000000000e+02 2.720000000000000000e+02 2.720000000000000000e+02 2.720000000000000000e+02 2.720000000000000000e+02
3.050000000000000000e+02 3.050000000000000000e+02 3.050000000000000000e+02 3.050000000000000000e+02 3.050000000000000000e+02 3.050000000000000000e+02 3.050000000000000000e+02 3.050000000000000000e+02 3.050000000000000000e+02 3.050000000000000000e+02 3.050000000000000000e+02 3.050000000000000000e+02 3.050000000000000000e+02 3.050000000000000000e+02 3.050000000000000000e+02 3.050000000000000000e+02 3.050000000000000000e+02 3.050000000000000000e+02 3.050000000000000000e+02 3.050000000000000000e+02 3.050000000000000000e+02 3.050000000000000000e+02 3.050000000000000000e+02 3.050000000000000000e+02 3.050000000000000000e+02 3.050000000000000000e+02 3.050000000000000000e+02 3.050000000000000000e+02 3.050000000000000000e+02 3.050000000000000000e+02 3.050000000000000000e+02 2.720000000000000000e+02 2.720000000000000000e+02 2.720000000000000000e+02 2.720000000000000000e+02 2.720000000000000000e+02 2.720000000000000000e+02
3.050000000000000000e+02 3.050000000000000000e+02 3.050000000000000000e+02 3.050000000000000000e+02 3.050000000000000000e+02 3.050000000000000000e+02 3.050000000000000000e+02 3.050000000000000000e+02 3.050000000000000000e+02 3.050000000000000000e+02 3.050000000000000000e+02 3.050000000000000000e+02 3.050000000000000000e+02 3.050000000000000000e+02 3.050000000000000000e+02 3.050000000000000000e+02 3.050000000000000000e+02 3.050000000000000000e+02 3.050000000000000000e+02 3.050000000000000000e+02 3.050000000000000000e+02 3.050000000000000000e+02 3.050000000000000000e+02 3.050000000000000000e+02 3.050000000000000000e+02 3.050000000000000000e+02 3.050000000000000000e+02 3.050000000000000000e+02 3.050000000000000000e+02 3.050000000000000000e+02 2.720000000000000000e+02 2.720000000000000000e+02 2.720000000000000000e+02 2.720000000000000000e+02 2.720000000000000000e+02 2.720000000000000000e+02 2.720000000000000000e+02
3.050000000000000000e+02 3.050000000000000000e+02 3.050000000000000000e+02 3.050000000000000000e+02 3.050000000000000000e+02 3.050000000000000000e+02 3.050000000000000000e+02 3.050000000000000000e+02 3.050000000000000000e+02 3.050000000000000000e+02 3.050000000000000000e+02 3.050000000000000000e+02 3.050000000000000000e+02 3.050000000000000000e+02 3.050000000000000000e+02 3.050000000000000000e+02 3.050000000000000000e+02 3.050000000000000000e+02 3.050000000000000000e+02 3.050000000000000000e+02 3.050000000000000000e+02 3.050000000000000000e+02 3.050000000000000000e+02 3.050000000000000000e+02 3.050000000000000000e+02 3.050000000000000000e+02 3.050000000000000000e+02 3.050000000000000000e+02 3.050000000000000000e+02 2.720000000000000000e+02 2.720000000000000000e+02 2.720000000000000000e+02 2.720000000000000000e+02 2.720000000000000000e+02 2.720000000000000000e+02 2.720000000000000000e+02 2.720000000000000000e+02
