testData/tiles/oneDegreeCosts/grid4.0-20.0-5.0-21.0.asc
ncols   200
nrows   200
xllcorner   4.0
yllcorner   20.0
cellsize   0.005
NODATA_value   -9999.0
[rows 126 to 167 of 200, columns 94 to 187 of 200]
358 358 358 358 358 358 358 358 358 358 358 358 358 358 358 358 358 358 358 358 358 358 358 358 358 358 358 358 358 358 358 358 358 358 358 358 358 358 358 358 358 358 358 358 358 358 358 527 527 527 527 527 527 527 527 527 527 527 527 527 527 527 527 527 527 527 527 527 527 527 527 527 527 527 527 527 527 527 638 638 638 638 638 638 638 638 638 638 638 638 638 638 638 638
358 358 358 358 358 358 358 358 358 358 358 358 358 358 358 358 358 358 358 358 358 358 358 358 358 358 358 358 358 358 358 358 358 358 358 358 358 358 358 358 358 358 358 358 358 358 527 527 527 527 527 527 527 527 527 527 527 527 527 527 527 527 527 527 527 527 527 527 527 527 527 527 527 527 527 527 527 527 638 638 638 638 638 638 638 638 638 638 638 638 638 638 638 638
358 358 358 358 358 358 358 358 358 358 358 358 358 358 358 358 358 358 358 358 358 358 358 358 358 358 358 358 358 358 358 358 358 358 358 358 358 358 358 358 358 358 358 358 358 527 527 527 527 527 527 527 527 527 527 527 527 527 527 527 527 527 527 527 527 527 527 527 527 527 527 527 527 527 527 527 527 527 638 638 638 638 638 638 638 638 638 638 638 638 638 638 638 638
358 358 358 358 358 358 358 358 358 358 358 358 358 358 358 358 358 358 358 358 358 358 358 358 358 358 358 358 358 358 358 358 358 358 358 358 358 358 358 358 358 358 358 358 527 527 527 527 527 527 527 527 527 527 527 527 527 527 527 527 527 527 527 527 527 527 527 527 527 527 527 527 527 527 527 527 527 527 638 638 638 638 638 638 638 638 638 638 638 638 638 638 638 638
358 358 358 358 358 358 358 358 358 358 358 358 358 358 358 358 358 358 358 358 358 358 358 358 358 358 358 358 358 358 358 358 358 358 358 358 358 358 358 358 358 358 358 527 527 527 527 527 527 527 527 527 527 527 527 527 527 527 527 527 527 527 527 527 527 527 527 527 527 527 527 527 527 527 527 527 527 527 638 638 638 638 638 638 638 638 638 638 638 638 638 638 638 638
358 358 358 358 358 358 358 358 358 358 358 358 358 358 358 358 358 358 358 358 358 358 358 358 358 358 358 358 358 358 358 358 358 358 358 358 358 358 358 358 358 358 527 527 527 527 527 527 527 527 527 527 527 527 527 527 527 527 527 527 527 527 527 527 527 527 527 527 527 527 527 527 527 527 527 527 527 527 638 638 638 638 638 638 638 638 638 638 638 638 638 638 638 638
358 358 358 358 358 358 358 358 358 358 358 358 358 358 358 358 358 358 358 358 358 358 358 358 358 358 358 358 358 358 358 358 358 358 358 358 358 358 358 358 358 358 527 527 527 527 527 527 527 527 527 527 527 527 527 527 527 527 527 527 527 527 527 527 527 527 527 527 527 527 527 527 527 527 527 527 527 527 638 638 638 638 638 638 638 638 638 638 638 638 638 638 638 638
358 358 358 358 358 358 358 358 358 358 358 358 358 358 358 358 358 358 358 358 358 358 358 358 358 358 358 358 358 358 358 358 358 358 358 358 358 358 358 358 358 527 527 527 527 527 527 527 527 527 527 527 527 527 527 527 527 527 527 527 527 527 527 527 527 527 527 527 527 527 527 527 527 527 527 527 527 638 638 638 638 638 638 638 638 638 638 638 638 638 638 638 638 638
358 358 358 358 358 358 358 358 358 358 358 358 358 358 358 358 358 358 358 358 358 358 358 358 358 358 358 358 358 358 358 358 358 358 358 358 358 358 358 358 527 527 527 527 527 527 527 527 527 527 527 527 527 527 527 527 527 527 527 527 527 527 527 527 527 527 527 527 527 527 527 527 527 527 527 527 527 527 638 638 638 638 638 638 638 638 638 638 638 638 638 638 638 638
358 358 358 358 358 358 358 358 358 358 358 358 358 358 358 358 358 358 358 358 358 358 358 358 358 358 358 358 358 358 358 358 358 358 358 358 358 358 358 527 527 527 527 527 527 527 527 527 527 527 527 527 527 527 527 527 527 527 527 527 527 527 527 527 527 527 527 527 527 527 527 527 527 527 527 527 527 527 638 638 638 638 638 638 638 638 638 638 638 638 638 638 638 638
358 358 358 358 358 358 358 358 358 358 358 358 358 358 358 358 358 358 358 358 358 358 358 358 358 358 358 358 358 358 358 358 358 358 358 358 358 358 528 528 528 528 528 528 528 528 528 528 528 528 528 528 528 528 528 528 527 527 527 527 527 527 527 527 527 527 527 527 527 527 527 527 527 527 527 527 527 527 638 638 638 638 638 638 638 638 638 638 638 638 638 638 638 638
553 358 358 358 358 358 358 358 358 358 358 358 358 358 358 358 358 358 358 358 358 358 358 358 358 358 358 358 358 358 358 358 358 358 358 358 358 528 528 528 528 528 528 528 528 528 528 528 528 528 528 528 528 528 528 528 528 528 528 528 528 528 528 528 528 528 527 527 527 527 527 527 527 527 527 527 527 527 638 638 638 638 638 638 638 638 638 638 638 638 638 638 638 638
553 553 553 358 358 358 358 358 358 358 358 358 358 358 358 358 358 358 358 358 358 358 358 358 358 358 358 358 358 358 358 358 358 358 358 358 528 528 528 528 528 528 528 528 528 528 528 528 528 528 528 528 528 528 528 528 528 528 528 528 528 528 528 528 528 528 528 528 528 528 528 528 528 527 527 527 527 527 638 638 638 638 638 638 638 638 638 638 638 638 638 638 638 638
554 554 554 554 358 358 358 358 358 358 358 358 358 358 358 358 358 358 358 358 358 358 358 358 358 358 358 358 358 358 358 358 358 358 358 529 529 529 529 529 529 529 529 529 529 529 529 529 528 528 528 528 528 528 528 528 528 528 528 528 528 528 528 528 528 528 528 528 528 528 528 528 528 528 528 528 528 528 639 638 638 638 638 638 638 638 638 638 638 638 638 638 638 638
554 554 554 554 554 554 358 358 358 358 358 358 358 358 358 358 358 358 358 358 358 358 358 358 358 358 358 358 358 358 358 358 358 358 529 529 529 529 529 529 529 529 529 529 529 529 529 529 529 529 529 529 529 529 529 529 529 529 529 529 529 528 528 528 528 528 528 528 528 528 528 528 528 528 528 528 528 528 639 639 639 639 639 639 638 638 638 638 638 638 638 638 638 638
554 554 554 554 554 554 554 554 358 358 358 358 358 358 358 358 358 358 358 358 358 358 358 358 358 358 358 358 358 358 358 358 358 529 529 529 529 529 529 529 529 529 529 529 529 529 529 529 529 529 529 529 529 529 529 529 529 529 529 529 529 529 529 529 529 529 529 529 529 528 528 528 528 528 528 528 528 528 639 639 639 639 639 639 639 639 639 639 638 638 638 638 638 638
554 555 555 555 555 555 555 555 555 358 358 358 358 358 358 358 358 358 358 358 358 358 358 358 358 358 358 358 358 358 358 358 358 529 529 529 529 529 529 529 529 529 529 529 529 529 529 529 529 529 529 529 529 529 529 529 529 529 529 529 529 529 529 529 529 529 529 529 529 529 529 529 529 529 529 529 528 528 639 639 639 639 639 639 639 639 639 639 639 639 639 639 638 638
555 555 555 555 555 555 555 555 555 555 555 358 358 358 358 358 358 358 358 358 358 358 358 358 358 358 358 358 358 358 358 358 530 530 530 530 530 530 530 530 530 530 530 530 530 530 530 530 530 530 530 530 530 530 530 530 529 529 529 529 529 529 529 529 529 529 529 529 529 529 529 529 529 529 529 529 529 529 640 640 640 639 639 639 639 639 639 639 639 639 639 639 639 639
555 555 555 555 555 555 555 555 555 555 555 556 556 358 358 358 358 358 358 358 358 358 358 358 358 358 358 358 358 358 358 530 530 530 530 530 530 530 530 530 530 530 530 530 530 530 530 530 530 530 530 530 530 530 530 530 530 530 530 530 530 530 530 530 530 530 529 529 529 529 529 529 529 529 529 529 529 529 640 640 640 640 640 640 640 640 639 639 639 639 639 639 639 639
555 555 555 555 556 556 556 556 556 556 556 556 556 556 358 358 358 358 358 358 358 358 358 358 358 358 358 358 358 358 530 530 530 530 530 530 530 530 530 530 530 530 530 530 530 530 530 530 530 530 530 530 530 530 530 530 530 530 530 530 530 530 530 530 530 530 530 530 530 530 530 530 530 529 529 529 529 529 640 640 640 640 640 640 640 640 640 640 640 640 639 639 639 639
556 556 556 556 556 556 556 556 556 556 556 556 556 556 556 556 358 358 358 358 358 358 358 358 358 358 358 358 358 531 531 531 531 531 531 531 531 531 531 531 531 531 531 531 531 531 531 531 531 530 530 530 530 530 530 530 530 530 530 530 530 530 530 530 530 530 530 530 530 530 530 530 530 530 530 530 530 530 640 640 640 640 640 640 640 640 640 640 640 640 640 640 640 640
556 556 556 556 556 556 556 556 556 556 556 556 556 556 556 557 557 358 358 358 358 358 358 358 358 358 358 358 531 531 531 531 531 531 531 531 531 531 531 531 531 531 531 531 531 531 531 531 531 531 531 531 531 531 531 531 531 531 531 531 531 531 530 530 530 530 530 530 530 530 530 530 530 530 530 530 530 530 641 641 641 641 641 640 640 640 640 640 640 640 640 640 640 640
556 556 556 556 556 556 556 556 557 557 557 557 557 557 557 557 557 557 557 358 358 358 358 358 358 358 358 358 531 531 531 531 531 531 531 531 531 531 531 531 531 531 531 531 531 531 531 531 531 531 531 531 531 531 531 531 531 531 531 531 531 531 531 531 531 531 531 531 531 530 530 530 530 530 530 530 530 530 641 641 641 641 641 641 641 641 641 641 640 640 640 640 640 640
556 557 557 557 557 557 557 557 557 557 557 557 557 557 557 557 557 557 557 557 358 358 358 358 358 358 358 531 531 531 531 531 531 531 531 531 531 531 531 531 531 531 531 531 531 531 531 531 531 531 531 531 531 531 531 531 531 531 531 531 531 531 531 531 531 531 531 531 531 531 531 531 531 531 531 531 530 530 641 641 641 641 641 641 641 641 641 641 641 641 641 641 640 640
557 557 557 557 557 557 557 557 557 557 557 557 557 557 557 557 557 557 557 557 558 558 358 358 358 358 532 532 532 532 532 532 532 532 532 532 532 532 532 532 532 532 532 532 532 532 532 532 532 532 532 532 532 532 532 532 532 531 531 531 531 531 531 531 531 531 531 531 531 531 531 531 531 531 531 531 531 531 642 642 642 641 641 641 641 641 641 641 641 641 641 641 641 641
557 557 557 557 557 557 557 557 557 557 557 558 558 558 558 558 558 558 558 558 558 558 558 358 358 532 532 532 532 532 532 532 532 532 532 532 532 532 532 532 532 532 532 532 532 532 532 532 532 532 532 532 532 532 532 532 532 532 532 532 532 532 532 532 532 532 531 531 531 531 531 531 531 531 531 531 531 531 642 642 642 642 642 642 642 641 641 641 641 641 641 641 641 641
557 557 557 557 558 558 558 558 558 558 558 558 558 558 558 558 558 558 558 558 558 558 558 558 771 532 532 532 532 532 532 532 532 532 532 532 532 532 532 532 532 532 532 532 532 532 532 532 532 532 532 532 532 532 532 532 532 532 532 532 532 532 532 532 532 532 532 532 532 532 532 532 532 531 531 531 531 531 642 642 642 642 642 642 642 642 642 642 642 642 641 641 641 641
558 558 558 558 558 558 558 558 558 558 558 558 558 558 558 558 558 558 558 558 558 558 558 558 771 771 532 533 533 533 533 533 533 533 533 533 533 533 533 533 533 533 533 533 533 533 533 533 533 533 532 532 532 532 532 532 532 532 532 532 532 532 532 532 532 532 532 532 532 532 532 532 532 532 532 532 532 532 642 642 642 642 642 642 642 642 642 642 642 642 642 642 642 641
558 558 558 558 558 558 558 558 558 558 558 558 558 558 558 559 559 559 559 559 559 559 559 772 772 772 772 772 533 533 533 533 533 533 533 533 533 533 533 533 533 533 533 533 533 533 533 533 533 533 533 533 533 533 533 533 533 533 533 533 533 533 532 532 532 532 532 532 532 532 532 532 532 532 532 532 532 532 643 643 643 643 643 642 642 642 642 642 642 642 642 642 642 642
558 558 558 558 558 558 558 558 559 559 559 559 559 559 559 559 559 559 559 559 559 559 772 772 772 772 772 772 772 533 533 533 533 533 533 533 533 533 533 533 533 533 533 533 533 533 533 533 533 533 533 533 533 533 533 533 533 533 533 533 533 533 533 533 533 533 533 533 533 532 532 532 532 532 532 532 532 532 643 643 643 643 643 643 643 643 643 642 642 642 642 642 642 642
558 558 559 559 559 559 559 559 559 559 559 559 559 559 559 559 559 559 559 559 559 772 772 772 772 772 772 772 772 772 772 533 533 533 533 533 533 533 533 533 533 533 533 533 533 533 533 533 533 533 533 533 533 533 533 533 533 533 533 533 533 533 533 533 533 533 533 533 533 533 533 533 533 533 533 532 532 532 643 643 643 643 643 643 643 643 643 643 643 643 643 642 642 642
559 559 559 559 559 559 559 559 559 559 559 559 559 559 559 559 559 559 559 559 773 773 773 773 773 773 773 773 773 773 773 773 534 534 534 534 534 534 534 534 534 534 534 534 534 534 534 534 534 534 534 534 534 534 534 534 534 533 533 533 533 533 533 533 533 533 533 533 533 533 533 533 533 533 533 533 533 533 644 644 643 643 643 643 643 643 643 643 643 643 643 643 643 643
559 559 559 559 559 559 559 559 559 559 559 560 560 560 560 560 560 560 560 560 773 773 773 773 773 773 773 773 773 773 773 773 773 773 534 534 534 534 534 534 534 534 534 534 534 534 534 534 534 534 534 534 534 534 534 534 534 534 534 534 534 534 534 534 534 534 533 533 533 533 533 533 533 533 533 533 533 533 644 644 644 644 644 644 644 643 643 643 643 643 643 643 643 643
559 559 559 559 559 560 560 560 560 560 560 560 560 560 560 560 560 560 560 773 773 773 773 773 773 773 773 773 773 773 773 773 773 773 773 534 534 534 534 534 534 534 534 534 534 534 534 534 534 534 534 534 534 534 534 534 534 534 534 534 534 534 534 534 534 534 534 534 534 534 534 534 533 533 533 533 533 533 533 644 644 644 644 644 644 644 644 644 644 643 643 643 643 643
560 560 560 560 560 560 560 560 560 560 560 560 560 560 560 560 560 560 773 773 773 773 773 773 773 773 774 774 774 774 774 774 774 774 774 774 535 535 535 535 535 535 535 535 535 535 535 535 535 535 535 534 534 534 534 534 534 534 534 534 534 534 534 534 534 534 534 534 534 534 534 534 534 534 534 534 534 534 533 644 644 644 644 644 644 644 644 644 644 644 644 644 644 643
560 560 560 560 560 560 560 560 560 560 560 560 560 560 560 561 561 561 774 774 774 774 774 774 774 774 774 774 774 774 774 774 774 774 774 774 774 774 535 535 535 535 535 535 535 535 535 535 535 535 535 535 535 535 535 535 535 535 535 535 535 535 534 534 534 534 534 534 534 534 534 534 534 534 534 534 534 534 534 645 645 645 644 644 644 644 644 644 644 644 644 644 644 644
560 560 560 560 560 560 560 560 561 561 561 561 561 561 561 561 561 774 774 774 774 774 774 774 774 774 774 774 774 774 774 774 774 774 774 774 774 774 774 535 535 535 535 535 535 535 535 535 535 535 535 535 535 535 535 535 535 535 535 535 535 535 535 535 535 535 535 535 535 534 534 534 534 534 534 534 534 534 534 645 645 645 645 645 645 645 645 644 644 644 644 644 644 644
560 560 561 561 561 561 561 561 561 561 561 561 561 561 561 561 774 774 774 774 774 774 774 774 774 774 774 774 774 774 774 774 774 774 774 774 774 774 774 774 535 535 535 535 535 535 535 535 535 535 535 535 535 535 535 535 535 535 535 535 535 535 535 535 535 535 535 535 535 535 535 535 535 535 535 534 534 534 534 645 645 645 645 645 645 645 645 645 645 645 645 644 644 644
561 561 561 561 561 561 561 561 561 561 561 561 561 561 561 774 774 774 774 775 775 775 775 775 775 775 775 775 775 775 775 775 775 775 775 775 775 775 775 775 775 775 536 536 536 536 536 536 536 536 536 536 536 536 536 536 536 536 535 535 535 535 535 535 535 535 535 535 535 535 535 535 535 535 535 535 535 535 535 646 645 645 645 645 645 645 645 645 645 645 645 645 645 645
561 561 561 561 561 561 561 561 561 561 561 562 562 562 562 775 775 775 775 775 775 775 775 775 775 775 775 775 775 775 775 775 775 775 775 775 775 775 775 775 775 775 775 536 536 536 536 536 536 536 536 536 536 536 536 536 536 536 536 536 536 536 536 536 536 536 535 535 535 535 535 535 535 535 535 535 535 535 535 646 646 646 646 646 645 645 645 645 645 645 645 645 645 645
561 561 561 561 561 562 562 562 562 562 562 562 562 562 775 775 775 775 775 775 775 775 775 775 775 775 775 775 775 775 775 775 775 775 775 775 775 775 775 775 775 775 775 775 536 536 536 536 536 536 536 536 536 536 536 536 536 536 536 536 536 536 536 536 536 536 536 536 536 536 536 536 535 535 535 535 535 535 535 646 646 646 646 646 646 646 646 646 645 645 645 645 645 645
562 562 562 562 562 562 562 562 562 562 562 562 562 775 775 775 775 775 775 775 775 775 775 775 775 776 776 776 776 776 776 776 776 776 776 776 776 776 776 776 776 776 776 776 776 776 537 537 537 537 537 537 536 536 536 536 536 536 536 536 536 536 536 536 536 536 536 536 536 536 536 536 536 536 536 536 536 535 535 646 646 646 646 646 646 646 646 646 646 646 646 646 645 645
