testData/tiles/oneDegreeCosts/grid24.0-18.0-25.0-19.0.asc
ncols   200
nrows   200
xllcorner   24.0
yllcorner   18.0
cellsize   0.005
NODATA_value   -9999.0
[rows 0 to 41 of 200, columns 0 to 93 of 200]
694 695 696 696 697 699 700 700 702 703 704 704 707 706 706 708 708 710 710 710 712 712 713 713 715 715 716 869 868 871 871 870 872 872 873 874 873 874 875 876 876 876 877 877 879 879 879 881 881 883 884 885 885 886 888 888 889 890 890 891 893 894 894 894 896 896 897 899 899 900 900 902 902 902 904 976 977 977 977 979 979 981 981 981 983 983 984 983 984 985 986 987 987 988
694 695 697 698 697 700 701 702 702 704 704 704 706 707 708 708 709 710 711 712 712 713 715 715 716 715 717 869 868 870 871 871 872 872 873 874 874 875 875 876 877 877 877 877 878 879 881 881 881 883 884 885 886 886 887 887 890 890 890 892 892 893 894 896 896 896 898 898 900 900 901 902 902 903 904 976 977 977 979 979 979 980 980 983 983 983 984 985 986 986 986 987 988 989
695 695 698 699 700 700 702 702 702 704 705 705 706 707 708 709 709 709 712 713 713 714 715 715 716 717 718 869 870 870 870 872 872 873 873 873 875 875 875 876 876 877 878 879 878 879 881 881 883 883 883 886 886 887 887 888 889 890 892 892 892 893 894 896 896 897 898 898 899 901 901 902 902 904 904 975 976 978 979 979 980 981 981 982 983 984 985 985 986 986 988 988 988 990
697 696 698 698 700 700 701 703 703 704 705 706 707 707 707 710 711 711 711 714 713 714 715 715 717 717 717 870 870 870 871 872 873 874 873 874 875 875 877 876 877 879 879 880 880 880 881 883 884 884 884 886 887 888 889 890 890 891 893 893 894 895 895 896 897 899 899 899 901 901 902 903 904 904 904 976 977 977 979 979 981 981 981 982 982 984 985 985 986 987 988 988 988 989
696 697 698 699 701 701 702 703 703 705 705 706 708 708 710 710 712 712 711 713 714 715 715 716 717 717 718 869 871 871 871 872 872 875 874 875 876 876 878 877 879 879 879 881 880 881 881 882 884 884 886 886 886 889 889 890 891 891 892 893 895 895 895 896 897 898 899 901 901 901 902 903 905 905 905 978 978 979 979 980 981 981 982 982 983 984 984 985 987 987 988 988 989 990
697 698 699 699 701 701 702 703 703 706 706 708 708 710 710 710 711 712 713 713 713 715 715 717 717 717 719 869 872 873 873 874 873 874 876 876 876 876 877 878 879 879 879 880 881 881 882 882 883 885 886 886 888 888 888 890 891 892 892 893 894 895 896 897 897 898 899 901 901 901 903 903 904 904 906 978 978 979 980 980 981 982 983 984 985 984 984 986 986 987 988 988 990 990
697 698 698 700 701 701 704 704 706 706 707 708 708 709 710 710 711 712 713 713 715 715 716 717 717 719 720 870 872 872 873 874 874 875 875 876 877 877 877 878 879 879 880 880 880 882 882 883 884 884 886 887 888 888 888 890 891 892 893 893 894 894 897 897 898 898 899 900 901 903 903 903 904 905 906 906 978 979 980 981 981 981 983 984 985 985 986 987 987 987 987 988 990 990
697 699 698 702 702 703 703 705 706 706 706 708 708 709 710 712 711 712 713 714 716 716 716 718 719 719 719 871 872 872 873 873 876 875 875 876 877 878 878 878 878 880 881 880 881 881 882 884 884 885 885 886 888 888 890 890 890 892 893 894 894 895 896 897 898 899 899 900 900 902 903 903 904 905 906 906 978 980 980 981 981 983 983 983 984 986 987 987 987 988 989 990 990 990
696 700 700 701 702 704 703 704 706 707 707 708 709 709 710 711 713 713 714 714 716 717 717 717 719 719 720 872 872 873 874 873 875 875 875 877 877 879 878 879 880 880 881 880 882 881 882 885 885 886 887 887 888 890 891 891 891 893 893 895 896 897 897 897 899 900 901 900 901 902 902 903 905 905 906 906 979 979 979 981 982 983 983 983 985 985 986 987 988 989 989 990 990 991
699 699 701 701 702 704 705 704 705 707 707 708 709 711 711 713 713 714 715 714 716 717 717 718 718 719 720 872 872 874 874 874 875 875 877 877 877 879 879 880 881 880 881 882 883 883 884 884 884 887 887 888 888 889 891 891 893 893 893 894 896 897 897 898 899 899 901 902 903 903 903 905 905 907 907 908 979 979 980 981 981 983 983 984 985 985 986 986 988 989 989 990 990 992
699 700 700 701 702 703 705 705 706 706 709 709 710 711 711 713 713 714 715 716 716 716 719 718 719 720 720 872 872 873 875 875 876 877 877 878 879 879 879 880 881 881 882 882 882 884 884 884 884 886 887 888 889 889 890 891 893 893 894 895 895 896 898 899 899 899 901 901 903 903 904 905 905 906 907 908 980 980 982 982 983 983 983 985 985 986 986 987 988 988 989 990 991 992
699 700 701 702 702 704 704 707 707 707 709 709 711 711 712 713 713 714 714 717 716 716 718 718 720 720 720 874 874 874 875 876 876 877 877 878 880 879 880 880 880 882 882 882 882 883 884 884 886 886 886 889 889 890 890 891 892 893 895 895 895 896 897 899 899 901 901 901 902 903 905 905 905 907 907 908 908 980 982 982 983 983 984 985 986 987 988 987 988 988 989 990 991 992
700 700 701 702 703 705 705 707 707 709 709 709 711 711 712 712 714 714 714 716 716 718 719 718 721 721 722 873 874 875 875 876 876 877 877 878 879 879 881 881 880 882 882 883 883 883 884 885 886 886 886 888 888 890 891 892 892 893 895 895 896 897 897 898 898 901 901 901 902 903 904 905 905 907 907 908 908 981 982 982 983 984 985 985 985 986 988 989 989 989 991 990 991 991
700 700 703 703 704 705 706 707 707 709 709 709 710 712 713 712 714 715 716 717 717 719 719 720 720 721 723 873 874 875 875 877 876 877 879 878 879 879 881 881 881 882 882 884 884 884 884 884 885 886 888 888 888 890 891 892 892 893 894 894 897 897 898 898 899 900 901 902 903 903 904 904 906 907 907 908 909 981 981 981 984 984 985 985 986 987 987 988 989 991 991 991 992 992
701 700 702 703 705 705 707 707 707 708 710 711 710 711 713 714 715 715 716 717 718 718 719 721 720 721 723 873 875 875 875 877 876 877 878 879 879 880 880 880 882 882 882 884 884 885 886 885 886 887 889 889 890 891 891 892 894 895 895 895 897 898 899 900 900 901 901 903 904 904 904 905 906 906 907 909 909 981 981 982 983 983 985 985 987 987 987 988 988 990 990 991 992 993
701 703 702 703 705 705 706 707 708 708 709 711 712 712 713 714 715 716 716 717 718 718 719 721 720 721 722 873 875 875 876 876 877 878 878 879 881 881 881 882 882 883 884 884 884 885 886 886 886 887 888 889 891 891 891 892 893 895 895 896 897 897 898 900 901 901 901 903 903 905 905 906 907 907 908 909 909 982 981 983 983 984 984 985 987 987 988 988 989 990 990 991 991 993
700 703 702 703 704 706 706 707 709 710 710 711 712 713 714 714 715 716 717 717 718 719 719 720 722 722 722 874 875 875 877 877 877 879 879 880 880 882 881 882 883 883 885 884 884 885 885 887 887 887 888 889 890 891 892 893 893 894 895 897 897 897 899 899 900 901 902 903 903 904 905 907 907 907 909 909 910 910 983 984 984 985 985 985 986 986 988 989 989 990 990 991 992 993
701 702 703 704 704 705 707 708 709 710 710 712 712 713 714 715 715 716 717 717 718 720 719 720 721 723 723 875 875 876 878 877 879 879 879 881 880 881 881 882 883 883 884 884 886 886 885 886 886 888 888 889 890 890 893 893 893 894 895 896 897 898 899 899 900 901 903 903 903 905 905 906 906 908 909 909 910 910 983 983 984 985 986 987 987 987 989 989 989 990 990 992 992 993
701 702 703 704 706 706 707 708 709 710 711 712 712 713 714 715 715 715 718 717 718 720 720 722 722 722 724 876 875 876 877 877 879 879 879 881 880 881 882 882 883 883 884 884 885 886 885 887 886 887 889 889 890 890 892 892 894 895 895 896 896 898 899 899 900 901 902 902 904 905 905 906 906 908 908 909 910 911 983 983 983 985 986 987 987 987 989 989 990 990 991 993 992 993
700 703 704 704 706 707 708 708 710 710 710 711 712 713 713 716 715 716 718 719 720 720 721 722 722 723 723 875 876 876 877 877 879 879 880 880 880 882 882 882 883 884 884 885 885 885 886 887 887 887 888 889 890 891 892 892 893 895 895 896 897 898 898 900 901 901 902 902 904 904 905 906 907 908 908 908 910 911 983 983 984 985 985 986 986 989 989 989 990 990 992 992 992 994
702 703 704 705 705 707 708 708 709 710 711 711 712 714 714 716 717 718 718 718 720 720 721 721 721 724 723 875 876 877 877 877 878 879 880 880 880 881 882 882 883 884 884 886 886 886 888 887 888 889 889 890 890 893 893 893 895 895 896 897 898 899 899 900 901 902 903 903 905 905 906 906 907 908 908 909 910 910 911 983 985 985 985 986 986 988 988 990 990 991 992 992 993 993
702 703 703 706 705 707 708 709 709 709 712 712 714 714 714 716 716 717 718 719 719 719 722 721 722 723 723 875 876 876 878 878 878 879 879 881 883 882 882 885 884 885 885 885 887 886 888 887 888 889 889 890 891 892 892 893 895 895 896 896 898 899 899 901 901 902 902 904 905 905 906 907 907 908 909 911 911 912 911 982 984 985 986 986 987 988 988 989 989 991 849 849 850 850
703 703 704 705 705 707 707 710 709 711 712 712 714 714 715 716 716 717 717 720 720 719 721 722 722 723 723 876 876 877 878 880 879 880 881 881 883 882 882 884 884 885 885 886 886 886 888 887 888 888 888 890 891 892 892 894 895 895 896 897 898 898 899 901 901 902 902 903 904 905 906 907 908 908 908 911 911 912 912 984 985 985 986 988 987 988 988 847 847 848 848 849 850 851
703 703 705 705 705 707 708 710 709 712 712 712 714 714 716 715 717 718 717 719 720 721 721 721 723 724 725 876 877 878 878 879 879 880 881 881 882 883 883 884 884 884 886 886 886 886 887 887 889 889 889 889 891 892 892 894 894 894 896 897 898 898 900 900 901 902 903 904 904 904 907 907 908 908 909 910 910 911 912 985 985 985 986 844 845 846 846 847 847 848 848 848 850 850
703 703 704 706 708 707 709 710 709 711 712 713 713 714 716 715 717 718 717 719 719 722 722 722 723 724 725 876 877 878 878 879 880 880 881 881 882 882 883 884 884 885 885 885 887 887 887 887 888 889 889 890 890 891 892 894 894 895 896 896 898 898 900 900 900 901 903 904 904 905 906 906 908 908 910 910 910 911 912 770 842 842 843 844 845 845 846 847 848 849 849 850 850 850
703 703 705 705 708 707 708 710 710 711 711 713 713 714 715 715 717 717 719 720 720 721 722 723 723 723 725 876 877 878 878 879 880 880 880 882 882 882 883 883 885 885 885 885 886 888 887 888 888 888 889 890 891 891 892 893 894 895 896 896 897 898 900 900 901 902 902 903 904 906 906 906 907 908 910 767 767 768 769 770 841 842 844 844 845 845 846 847 847 848 849 851 851 852
703 705 705 705 707 707 708 709 711 711 711 713 713 714 716 716 718 718 719 719 720 722 721 723 724 723 725 876 877 878 878 878 880 880 881 882 882 882 883 883 884 884 885 886 887 888 887 890 889 889 890 890 892 892 893 894 894 897 897 898 898 899 900 901 902 903 903 904 904 906 906 764 764 765 766 766 767 769 769 770 841 842 843 843 845 845 847 847 848 848 848 850 850 852
703 704 705 706 707 707 709 709 710 711 712 714 713 715 716 717 717 718 720 719 720 722 721 723 723 723 725 876 877 878 879 879 879 879 881 882 882 883 885 884 886 885 886 888 887 888 887 889 889 889 891 890 891 892 894 894 894 896 896 898 898 899 900 900 901 903 761 761 761 763 763 764 765 766 767 767 768 768 769 770 841 843 843 844 844 844 847 847 848 848 848 850 850 851
703 705 705 705 707 708 708 709 710 711 712 714 715 715 716 717 717 718 720 719 720 721 721 723 723 724 725 876 877 877 879 880 880 881 881 883 882 884 884 884 886 886 886 887 887 888 888 889 889 889 891 890 891 892 893 894 894 896 896 897 897 757 757 757 759 759 760 761 762 763 763 764 765 766 767 767 768 769 770 770 770 844 844 844 844 846 846 846 847 848 850 850 850 851
702 705 705 705 706 708 709 710 712 712 712 713 715 715 715 716 717 718 719 720 721 721 722 723 723 725 725 876 878 878 879 879 881 881 881 882 883 884 884 884 885 886 886 887 887 887 889 889 889 889 890 890 891 892 893 750 751 753 753 754 755 756 756 757 759 759 760 760 762 763 763 764 765 766 766 766 769 769 770 770 771 843 843 845 845 847 847 846 847 847 849 849 850 851
702 704 705 706 707 708 710 710 711 712 712 713 714 715 716 717 717 718 719 719 720 721 723 723 723 726 725 877 878 878 879 880 880 882 881 882 883 883 884 885 885 885 885 887 888 887 888 888 889 747 747 747 747 749 750 750 752 752 752 754 755 756 756 757 758 759 760 760 762 762 762 764 765 766 766 767 768 768 770 770 772 843 843 844 844 846 847 848 848 848 850 849 850 850
703 705 705 706 707 708 709 710 711 712 712 713 714 715 716 717 717 717 720 721 721 721 724 723 723 725 725 878 878 878 880 880 880 881 882 882 883 883 883 886 885 743 743 743 745 744 746 746 746 747 747 748 748 748 749 750 752 752 753 753 755 756 756 758 758 758 759 761 762 762 763 764 764 766 766 767 768 768 769 769 772 772 844 844 844 846 846 847 848 849 850 850 851 851
703 705 706 707 706 708 709 709 711 712 713 712 714 715 715 717 718 719 719 721 721 721 723 723 723 725 724 877 878 878 879 736 737 738 739 739 740 740 740 742 742 743 744 743 744 744 747 746 746 748 747 749 749 750 750 750 752 753 754 755 755 756 757 759 759 760 760 760 761 762 763 764 764 765 765 768 768 769 769 769 771 771 843 844 845 846 846 847 847 849 849 850 851 851
625 625 625 625 625 625 625 625 625 625 625 625 625 625 625 625 625 625 625 625 625 625 625 625 625 625 625 734 734 736 736 736 736 738 739 739 740 740 741 743 742 743 744 744 745 745 746 746 747 748 747 748 748 750 750 750 752 752 754 755 756 756 756 758 759 760 760 761 762 762 763 765 766 766 766 767 767 768 769 769 771 771 843 843 845 846 846 847 847 849 849 849 850 850
625 625 625 625 625 625 625 625 625 625 625 625 625 625 625 625 625 625 625 625 625 625 625 625 625 625 625 734 734 735 736 737 738 738 739 739 741 741 741 743 743 743 744 744 745 746 746 746 747 748 747 748 748 749 749 752 752 752 753 754 756 756 756 758 758 759 760 762 762 762 763 764 765 766 766 768 768 769 769 771 772 771 843 843 845 845 845 846 847 849 849 850 850 851
625 625 625 625 625 625 625 625 625 625 625 625 625 625 625 625 625 625 625 625 625 625 625 625 625 625 625 734 735 736 736 737 738 738 739 739 741 741 741 742 742 743 744 744 744 745 746 746 747 747 747 748 749 749 749 751 752 752 753 754 755 755 757 758 758 759 759 761 762 762 763 764 765 765 766 768 768 769 769 771 771 771 773 844 846 846 846 846 847 848 849 850 850 851
625 625 625 625 625 625 625 625 625 625 625 625 625 625 625 625 625 625 625 625 625 625 625 625 625 625 625 625 734 736 736 737 738 738 739 740 740 740 742 742 742 742 743 745 744 746 745 745 747 747 748 748 748 749 749 751 751 752 753 754 755 755 756 757 758 759 760 761 761 762 764 764 765 765 766 767 767 769 769 771 771 772 772 844 845 846 847 847 848 849 849 849 849 852
625 625 625 625 625 625 625 625 625 625 625 625 625 625 625 625 625 625 625 625 625 625 625 625 625 625 625 625 734 736 736 737 738 738 738 740 740 740 742 742 742 742 743 744 744 746 745 745 747 747 748 748 749 749 749 751 751 752 752 753 755 755 757 757 758 758 760 761 761 762 763 763 764 765 766 767 768 768 768 770 771 772 772 844 845 845 846 846 849 849 849 850 850 851
625 625 625 625 625 625 625 625 625 625 625 625 625 625 625 625 625 625 625 625 625 625 625 625 625 625 625 625 735 736 736 736 738 739 738 739 739 740 742 742 742 744 743 744 744 745 745 745 747 747 747 748 749 749 749 750 750 752 752 754 754 754 757 757 758 758 759 760 761 762 763 764 764 764 766 767 768 768 768 770 770 771 772 774 845 845 846 846 848 848 849 850 850 852
625 625 625 625 625 625 625 625 625 625 625 625 625 625 625 625 625 625 625 625 625 625 625 625 625 625 625 625 734 736 736 736 737 738 738 740 740 740 742 742 742 743 743 745 744 746 746 746 748 747 748 748 749 750 749 751 751 752 753 755 755 755 757 757 759 759 761 761 761 762 763 764 764 764 766 766 767 768 769 770 770 771 771 773 844 845 846 846 848 848 849 849 849 852
625 625 625 625 625 625 625 625 625 625 625 625 625 625 625 625 625 625 625 625 625 625 625 625 625 625 625 625 735 735 735 736 737 738 738 741 741 740 742 742 743 744 744 744 744 746 746 746 747 747 748 749 749 749 749 751 751 752 752 754 755 755 757 757 758 758 761 761 761 762 763 764 764 766 767 767 768 768 768 769 770 771 771 773 844 845 845 845 848 848 849 849 849 851
625 625 625 625 625 625 625 625 625 625 625 625 625 625 625 625 625 625 625 625 625 625 625 625 625 625 625 625 735 735 737 737 737 739 738 740 740 740 742 742 742 743 744 744 744 745 746 746 747 748 747 749 749 749 749 750 750 752 752 754 754 755 756 757 758 758 760 760 760 762 763 764 764 765 766 767 768 768 769 770 770 771 771 773 773 845 845 845 847 847 848 849 850 851
