testData/tiles/oneDegreeCosts/grid1.0-7.0-2.0-8.0.asc
ncols   200
nrows   200
xllcorner   1.0
yllcorner   7.0
cellsize   0.005
NODATA_value   -9999.0
[rows 42 to 83 of 200, columns 94 to 187 of 200]
327 327 327 327 328 328 328 328 328 328 327 327 327 327 327 327 328 328 328 328 328 328 328 328 328 328 328 328 328 328 328 328 328 328 328 328 328 328 328 328 328 328 328 328 328 328 328 328 328 328 327 327 327 327 327 327 327 327 327 327 327 327 327 374 374 374 373 373 373 373 373 373 373 373 373 373 373 373 373 373 372 372 372 372 372 372 372 372 372 372 372 372 372 371
327 327 327 327 327 327 327 327 327 327 327 328 328 327 327 327 327 327 327 327 327 327 327 327 328 328 328 328 328 328 328 328 328 328 327 327 327 327 327 327 327 327 327 327 327 327 328 328 328 328 328 328 327 327 327 327 327 327 327 327 327 374 374 374 374 374 374 374 373 373 373 373 373 373 373 373 373 373 373 373 373 373 372 372 372 371 371 371 371 371 371 371 371 371
326 326 326 326 326 326 327 327 327 327 327 327 327 327 327 327 327 327 327 327 327 327 327 327 327 327 327 327 327 327 327 327 327 327 327 328 327 327 327 327 327 327 327 327 327 327 327 327 327 327 327 327 327 327 327 327 327 327 327 327 373 373 373 373 373 373 373 373 373 372 372 372 372 372 372 372 372 372 372 372 372 372 372 371 371 371 371 371 371 371 371 371 371 371
325 326 326 326 326 326 326 326 326 326 326 326 327 327 327 327 327 327 326 326 326 326 326 326 326 326 327 327 327 327 327 327 327 327 327 327 327 327 326 326 326 326 326 326 326 326 326 326 326 326 326 327 327 327 327 327 327 327 373 373 373 373 373 373 373 373 373 373 373 373 373 372 372 372 372 372 372 372 372 372 371 371 371 371 371 370 370 370 370 370 370 370 370 370
325 325 325 325 325 325 325 326 326 326 326 326 326 326 326 326 326 326 326 326 326 326 326 326 326 326 326 326 326 326 326 326 326 326 326 326 326 326 327 327 327 326 326 326 326 326 326 326 326 326 326 326 326 326 326 326 373 373 372 372 372 372 372 372 372 372 372 372 372 372 372 372 372 371 371 371 371 371 371 371 371 371 371 371 371 371 370 370 370 370 370 370 370 369
324 324 325 325 325 325 325 325 325 325 325 325 325 325 326 326 326 326 326 326 326 326 326 325 325 325 325 325 325 326 326 326 326 326 326 326 326 326 326 326 326 326 326 325 325 325 325 325 325 325 325 325 325 325 325 372 372 372 372 372 372 372 372 372 372 372 372 372 372 372 372 371 371 371 370 370 370 370 370 370 370 370 370 370 370 370 370 370 369 369 369 369 369 369
325 324 324 324 324 324 324 324 325 325 325 325 325 325 325 325 325 325 325 325 325 326 326 326 326 325 325 325 325 325 325 325 325 325 325 325 325 325 325 325 325 326 326 326 326 325 325 325 325 325 325 325 325 372 372 372 372 372 372 372 372 371 371 371 371 371 371 371 371 371 371 371 371 371 371 371 370 370 370 370 370 370 370 370 370 370 370 370 370 369 368 368 368 368
324 324 324 325 324 324 324 324 324 324 324 324 324 324 324 325 325 325 325 325 325 325 325 325 325 325 325 325 324 324 324 325 325 325 325 325 325 325 325 325 325 325 325 325 325 325 325 325 325 325 325 325 371 371 371 371 371 371 371 371 371 371 371 370 370 370 370 370 370 370 370 370 370 370 370 370 370 370 369 369 369 369 369 369 369 369 369 369 369 369 369 368 368 368
324 324 324 324 324 324 324 324 324 324 324 324 324 324 324 324 324 324 324 324 324 324 324 325 325 325 325 325 325 325 324 324 324 324 324 324 324 324 324 324 324 324 324 324 324 325 325 325 325 325 371 371 371 371 371 371 371 371 371 371 371 371 371 371 371 370 370 370 370 370 370 370 370 370 370 370 370 370 370 369 369 369 369 369 369 369 368 368 368 368 368 368 367 367
323 323 323 323 323 324 324 324 324 324 323 323 323 323 323 323 323 324 324 324 324 324 324 324 324 324 324 324 324 324 324 324 324 324 324 324 324 324 324 324 324 324 324 324 324 324 324 324 324 371 370 370 370 370 370 370 370 370 370 370 370 370 370 370 370 370 369 369 369 369 369 369 369 369 369 369 369 369 369 369 369 368 368 368 368 368 368 368 368 368 368 368 368 368
323 323 323 323 323 323 323 323 323 323 323 324 323 323 323 323 323 323 323 323 323 323 323 323 323 324 324 324 324 324 324 324 324 324 323 323 323 323 323 323 323 323 323 323 323 323 323 370 370 371 371 371 370 370 370 370 370 370 370 370 370 370 370 370 370 370 370 370 369 369 369 369 369 369 369 369 369 369 369 369 369 369 367 367 367 367 367 367 367 367 367 367 367 367
322 322 322 322 322 322 323 323 323 323 323 323 323 323 323 322 322 322 322 323 323 323 323 323 323 323 323 323 323 323 323 323 323 323 323 323 323 323 323 323 323 323 323 323 323 323 370 370 370 370 370 370 370 370 369 369 369 369 369 369 369 369 369 369 369 369 369 369 369 369 368 368 368 368 368 368 368 368 368 368 368 368 368 368 367 367 367 367 367 367 367 367 367 367
512 513 322 322 322 322 322 322 322 322 322 322 322 323 323 323 323 322 322 322 322 322 322 322 322 322 322 322 323 323 323 323 323 323 323 323 323 323 322 322 322 322 322 322 369 369 369 369 369 369 369 369 369 369 369 369 369 369 369 369 369 369 369 369 369 369 369 369 369 369 369 368 368 368 368 367 367 367 367 367 367 367 367 367 367 366 366 366 366 366 366 366 366 366
512 512 512 512 512 512 512 322 322 322 322 322 322 322 322 322 322 322 322 322 322 322 322 322 322 322 322 322 322 322 322 322 322 322 322 322 322 322 322 323 322 322 322 369 369 369 369 369 369 369 369 369 369 369 369 369 369 368 368 368 368 368 368 368 368 368 368 368 368 368 368 368 368 367 367 367 367 367 367 367 367 367 367 367 367 367 366 366 366 366 366 366 365 365
511 511 512 512 512 512 512 512 512 512 512 322 322 322 322 322 322 322 322 322 322 322 322 322 322 322 322 322 322 322 322 322 322 322 322 322 322 322 322 322 322 322 368 368 368 368 368 368 368 368 368 368 368 368 368 368 368 368 368 367 367 367 367 367 367 367 367 367 367 367 367 367 367 367 366 366 366 366 366 366 366 366 366 366 366 366 366 366 365 365 365 365 365 365
511 511 511 511 511 511 511 511 511 512 512 512 512 512 512 322 322 322 322 322 322 322 322 322 322 322 322 322 322 322 322 322 322 322 322 322 322 322 322 322 368 368 368 369 368 368 368 368 368 368 368 368 368 368 368 368 368 368 368 368 368 367 367 367 367 367 367 367 367 367 367 367 367 367 367 367 366 366 366 366 366 366 366 366 366 366 366 366 365 365 365 365 365 365
511 511 511 511 511 511 511 511 511 511 511 511 511 511 511 511 512 512 322 322 322 322 322 322 322 322 322 322 322 322 322 322 322 322 322 322 322 322 322 368 368 368 368 368 368 368 367 367 367 367 367 367 367 367 367 367 367 367 367 367 367 367 366 366 366 366 366 366 366 366 366 366 366 366 366 366 366 365 365 365 365 365 365 365 365 365 365 365 365 365 365 365 365 365
511 511 511 511 511 510 510 510 510 510 511 511 511 511 511 511 511 511 511 511 511 511 322 322 322 322 322 322 322 322 322 322 322 322 322 322 322 367 367 367 367 367 367 367 367 367 367 367 367 367 367 367 367 367 367 367 367 367 367 367 367 367 367 367 366 366 366 366 366 366 366 366 366 366 366 366 366 366 366 365 365 365 365 365 365 365 365 365 365 365 365 365 365 365
510 510 510 510 510 511 511 510 510 510 510 510 510 510 510 510 510 510 511 511 511 511 511 511 511 511 322 322 322 322 322 322 322 322 322 322 367 367 367 367 367 367 367 367 367 367 367 367 367 366 366 366 366 366 366 366 366 366 366 366 366 366 366 366 366 365 365 365 365 365 365 365 365 365 365 365 365 365 365 365 365 365 365 365 365 365 365 365 365 365 365 365 365 365
510 510 510 510 510 510 510 510 510 510 510 510 510 510 510 510 510 510 510 510 510 510 510 510 510 510 510 511 511 322 322 322 322 322 322 366 366 366 366 366 366 366 366 366 366 366 366 366 366 366 366 365 365 366 366 366 366 366 366 366 366 366 366 366 366 366 366 365 365 365 365 365 365 365 365 365 365 365 365 365 365 365 365 365 365 365 365 365 365 365 365 365 365 365
509 509 509 509 509 509 510 510 510 510 510 510 509 509 509 509 509 509 509 510 510 510 510 510 510 510 510 510 510 510 510 510 322 322 365 365 365 365 366 366 366 366 366 366 366 366 366 366 366 366 366 366 365 365 365 365 365 365 365 365 365 365 365 365 365 365 365 365 365 365 365 365 365 365 365 365 365 365 365 365 365 365 365 365 365 365 365 365 365 365 365 365 365 365
508 509 509 509 509 509 509 509 509 509 509 509 509 510 510 509 509 509 509 509 509 509 509 509 509 509 509 509 509 510 510 510 557 557 557 557 365 365 365 365 365 365 365 365 365 365 365 365 365 365 365 365 365 365 365 365 365 365 365 365 365 365 365 365 365 365 365 365 365 365 365 365 365 365 365 365 365 365 365 365 365 365 365 365 365 365 365 365 365 365 365 365 365 365
508 508 508 508 508 508 508 508 509 509 509 509 509 509 509 509 509 508 508 508 508 509 509 509 509 509 509 509 509 509 509 556 556 556 556 556 556 556 555 365 365 365 365 365 365 365 365 365 365 365 365 365 365 365 365 365 365 365 365 365 365 365 365 365 365 365 365 365 365 365 365 365 365 365 365 365 365 365 365 365 365 365 365 365 365 365 365 365 365 365 365 365 365 365
507 507 507 508 508 508 508 508 508 508 508 508 508 508 508 509 509 509 509 508 508 508 508 508 508 508 508 508 508 508 555 556 556 556 556 556 556 556 556 556 555 555 365 365 365 365 365 365 365 365 365 365 365 365 365 365 365 365 365 365 365 365 365 365 365 365 365 365 365 365 365 365 365 365 365 365 365 365 365 365 365 365 365 365 365 365 365 365 365 365 365 365 365 365
507 507 507 507 507 507 507 507 507 508 508 508 508 508 508 508 508 508 508 508 508 508 508 508 508 508 508 508 508 555 555 555 555 555 555 555 555 555 555 555 555 554 554 554 554 365 365 365 365 365 365 365 365 365 365 365 365 365 365 365 365 365 365 365 365 365 365 365 365 365 365 365 365 365 365 365 365 365 365 365 365 365 365 365 365 365 365 365 365 365 365 365 365 365
506 506 506 506 507 507 507 507 507 507 507 507 507 507 507 507 507 508 508 508 508 508 508 507 507 507 507 554 554 554 554 554 554 554 555 555 555 555 555 555 555 555 555 554 554 554 554 554 365 365 365 365 365 365 365 365 365 365 365 365 365 365 365 365 365 365 365 365 365 365 365 365 365 365 365 365 365 365 365 365 365 365 365 365 365 365 365 365 365 365 365 365 365 365
506 506 506 506 506 506 506 506 506 506 506 507 507 507 507 507 507 507 507 507 507 507 507 507 507 507 554 554 554 554 554 554 554 554 554 554 554 554 554 554 554 554 554 554 554 553 553 553 553 553 365 365 365 365 365 365 365 365 365 365 365 365 365 365 365 365 365 365 365 365 365 365 365 365 365 365 365 365 365 365 365 365 365 365 365 365 365 365 365 365 365 365 365 365
506 506 506 506 506 506 506 506 506 506 506 506 506 506 506 506 506 506 507 507 507 507 507 507 507 554 554 553 553 553 553 553 553 553 553 553 553 554 554 554 554 554 554 554 554 554 553 553 553 553 553 553 553 365 365 365 365 365 365 365 365 365 365 365 365 365 365 365 365 365 365 365 365 365 365 365 365 365 365 365 365 365 365 365 365 365 365 365 365 365 365 365 365 365
506 506 506 506 506 505 505 505 505 505 505 505 506 506 506 506 506 506 506 506 506 506 506 506 553 553 553 553 553 553 553 553 553 553 553 553 553 553 553 553 553 553 553 553 553 553 553 553 552 552 552 552 552 552 552 552 365 365 365 365 365 365 365 365 365 365 365 365 365 365 365 365 365 365 365 365 365 365 365 365 365 365 365 365 365 365 365 365 365 365 365 365 365 365
505 505 505 505 505 505 505 505 505 505 505 505 505 505 505 505 505 505 505 505 506 506 506 553 553 553 553 553 553 553 552 552 552 552 552 552 552 552 552 552 553 553 553 553 553 553 553 553 553 552 552 552 552 552 552 552 552 552 365 365 365 365 365 365 365 365 365 365 365 365 365 365 365 365 365 365 365 365 365 365 365 365 365 365 365 365 365 365 365 365 365 365 365 365
504 504 505 505 505 505 505 505 505 504 504 504 504 504 505 505 505 505 505 505 505 552 552 552 552 552 552 552 552 552 553 553 552 552 552 552 552 552 552 552 552 552 552 552 552 552 552 552 552 552 552 551 551 551 551 551 551 551 551 551 551 365 365 365 365 365 365 365 365 365 365 365 365 365 365 365 365 365 365 365 365 365 365 365 365 365 365 365 365 365 365 365 365 365
504 504 504 504 504 504 504 504 505 505 505 504 504 504 504 504 504 504 504 504 551 551 552 552 552 552 552 552 552 552 552 552 552 552 551 551 551 551 551 551 551 551 551 551 552 552 552 552 552 552 552 552 551 551 551 551 551 551 551 551 551 551 551 551 365 365 365 365 365 365 365 365 365 365 365 365 365 365 365 365 365 365 365 365 365 365 365 365 365 365 365 365 365 365
504 504 504 504 504 504 504 504 504 504 504 504 504 504 504 504 504 504 504 551 551 551 551 551 551 551 551 551 551 551 551 551 551 552 552 551 551 551 551 551 551 551 551 551 551 551 551 551 551 551 551 551 551 551 550 550 550 550 550 550 550 550 550 550 550 550 365 365 365 365 365 365 365 365 365 365 365 365 365 365 365 365 365 365 365 365 365 365 365 365 365 365 365 365
504 504 504 504 504 504 504 504 504 504 504 504 504 504 504 504 504 504 550 550 550 550 550 550 551 551 551 551 551 551 551 551 551 551 551 551 551 550 550 550 550 550 550 550 550 550 550 550 550 551 551 551 551 551 551 550 550 550 550 550 550 550 550 550 550 550 550 550 365 365 365 365 365 365 365 365 365 365 365 365 365 365 365 365 365 365 365 365 365 365 365 365 365 365
504 504 504 504 504 504 504 504 504 504 504 504 504 504 504 504 504 550 550 550 550 550 550 550 550 550 550 550 550 550 550 550 550 550 550 550 551 551 550 550 550 550 550 550 550 550 550 550 550 550 550 550 550 550 550 550 549 549 549 549 549 549 549 549 549 549 549 549 549 549 549 365 365 365 365 365 365 365 365 365 365 365 365 365 365 365 365 365 365 365 365 365 365 365
504 504 504 504 504 504 504 504 504 504 504 504 504 504 504 504 550 550 550 549 549 549 549 549 549 549 549 550 550 550 550 550 550 550 550 550 550 550 550 550 549 549 549 549 549 549 549 549 549 549 549 549 549 549 549 549 550 550 549 549 549 549 549 549 549 549 549 549 549 549 549 549 549 365 365 365 365 365 365 365 365 365 365 365 365 365 365 365 365 365 365 365 365 365
504 504 504 504 504 504 504 504 504 504 504 504 504 504 504 549 549 549 549 550 550 549 549 549 549 549 549 549 549 549 549 549 549 549 549 549 549 549 549 550 550 549 549 549 549 549 549 549 549 549 549 549 549 549 549 549 549 549 549 548 548 548 548 548 548 548 548 548 548 548 548 548 548 548 547 547 365 365 365 365 365 365 365 365 365 365 365 365 365 365 365 365 365 365
504 504 504 504 504 504 504 504 504 504 504 504 504 504 549 549 549 549 549 549 549 549 548 548 548 548 548 548 548 549 549 549 549 549 549 549 549 549 549 549 549 549 549 548 548 548 548 548 548 548 548 548 548 548 548 548 548 548 548 548 547 547 547 547 547 547 547 547 547 547 547 547 547 547 547 547 546 546 365 365 365 365 365 365 365 365 365 365 365 365 365 365 365 365
504 504 504 504 504 504 504 504 504 504 504 504 504 549 549 549 549 549 549 549 549 549 549 549 548 548 548 548 548 548 548 548 548 548 548 548 548 548 548 548 548 548 548 549 548 548 548 548 548 548 548 548 548 548 548 548 548 548 548 548 548 547 547 547 547 547 547 547 547 547 547 547 547 547 547 547 547 546 546 546 365 365 365 365 365 365 365 365 365 365 365 365 365 365
504 504 504 504 504 504 504 504 504 504 504 549 549 549 549 549 549 549 549 549 549 549 549 549 549 549 548 548 548 548 548 548 548 548 548 548 548 548 548 548 548 548 548 548 548 548 547 547 547 547 547 547 547 547 547 547 547 547 547 547 547 547 547 546 546 546 546 546 546 546 546 546 546 546 546 546 546 546 545 545 545 545 365 365 365 365 365 365 365 365 365 365 365 365
504 504 504 504 504 504 504 504 504 504 549 549 549 549 549 549 549 549 549 549 549 549 549 549 549 549 549 548 548 548 548 548 548 548 548 548 548 548 548 548 548 548 548 548 548 548 548 547 547 547 547 547 547 547 547 547 547 547 547 547 547 547 547 547 546 546 546 546 546 546 546 546 546 546 546 546 546 546 546 545 545 545 545 545 365 365 365 365 365 365 365 365 365 365
504 504 504 504 504 504 504 504 504 549 549 549 549 549 549 549 549 549 549 549 549 549 549 549 549 549 549 549 549 548 548 548 548 548 548 548 548 548 548 548 548 548 548 548 548 548 548 548 547 547 547 547 547 547 547 547 547 547 547 547 547 547 547 547 547 546 546 546 546 546 546 546 546 546 546 546 546 546 546 546 545 545 545 545 545 545 545 365 365 365 365 365 365 365
