testData/tiles/oneDegreeCosts/grid2.0-48.0-3.0-49.0.asc
ncols   200
nrows   200
xllcorner   2.0
yllcorner   48.0
cellsize   0.005
NODATA_value   -9999.0
[rows 42 to 83 of 200, columns 94 to 187 of 200]
706 707 709 710 711 713 714 715 716 717 718 719 721 722 723 724 725 725 726 727 729 730 731 732 733 734 736 736 737 737 738 738 740 741 862 864 865 865 865 867 868 868 869 870 870 871 871 872 873 927 928 930 929 930 930 931 932 933 933 933 934 934 935 934 935 935 938 941 942 944 1015 1017 1018 1020 1021 1023 1024 1025 1026 1027 1029 1029 1031 1023 1023 1023 1023 1023 1023 1023 1023 1024 1024 1025
707 708 710 710 711 712 714 715 717 718 719 721 722 722 723 724 726 727 729 729 730 732 733 734 733 734 735 737 737 738 740 741 741 743 743 865 865 866 867 867 869 870 869 870 872 872 873 873 874 875 929 930 931 931 932 931 932 932 934 935 934 935 935 936 936 936 938 941 942 944 946 1018 1019 1022 1023 1024 1025 1027 1028 1029 1030 1032 1033 1023 1023 1023 1023 1023 1023 1023 1023 1023 1024 1025
708 709 710 712 714 715 716 718 719 719 720 721 723 724 726 727 727 728 729 730 731 732 732 734 735 737 737 738 740 741 740 741 742 743 743 866 867 867 869 869 869 870 872 872 873 874 873 874 874 875 876 931 931 932 932 933 933 935 934 935 936 937 938 937 938 938 940 941 943 944 946 1018 1019 1020 1023 1024 1027 1027 1029 1030 1032 1032 1033 1023 1023 1023 1023 1023 1023 1023 1023 1024 1024 1024
709 711 711 712 714 715 716 717 719 720 722 723 724 725 726 727 728 729 731 731 732 734 735 736 737 737 738 739 739 740 742 743 743 745 746 866 867 869 869 870 871 871 872 872 873 874 875 875 876 877 877 878 932 934 934 934 935 935 936 936 937 937 937 939 939 940 940 942 943 946 946 948 1020 1022 1023 1024 1026 1028 1030 1031 1032 1034 1035 1023 1023 1023 1023 1023 1023 1024 1023 1025 1026 1027
711 712 713 714 715 717 718 720 720 722 723 724 725 726 728 729 729 731 732 732 734 734 735 736 737 738 739 740 742 742 743 743 745 745 746 868 868 869 871 871 871 872 873 874 875 875 877 877 877 878 878 879 880 933 934 935 936 937 936 937 937 938 938 939 939 940 942 944 945 946 949 950 1022 1022 1025 1026 1028 1028 1029 1031 1032 1033 1034 1023 1023 1023 1023 1023 1024 1024 1025 1026 1026 1027
712 712 714 716 717 718 720 721 722 722 723 725 725 727 728 729 731 732 732 733 734 736 737 737 739 740 740 741 742 743 744 744 745 747 747 869 869 871 871 872 874 874 875 874 875 876 876 877 879 879 879 879 880 881 936 937 936 937 939 939 940 939 940 940 941 941 941 942 945 946 948 950 952 1023 1025 1025 1027 1029 1031 1031 1033 1033 1035 1023 1023 1023 1023 1023 1023 1024 1024 1026 1027 1027
713 714 715 717 718 719 720 721 722 724 725 726 728 729 730 730 731 733 734 736 736 736 737 739 740 740 741 742 744 744 745 746 746 747 748 871 871 872 873 873 873 874 875 876 877 877 878 878 879 880 881 882 882 882 883 937 938 938 938 938 940 941 941 941 941 942 942 944 944 947 948 950 952 1025 1026 1028 1029 1030 1031 1033 1034 1035 1036 1023 1023 1023 1023 1023 1024 1025 1026 1027 1027 1028
714 715 716 717 719 721 722 723 724 726 727 727 727 729 730 732 733 733 734 736 737 738 738 739 741 742 742 743 744 745 746 747 748 749 749 750 872 872 873 874 874 876 877 877 878 879 879 880 880 881 881 881 882 883 884 885 938 939 939 940 941 941 941 943 944 944 944 944 947 948 949 951 953 954 1026 1027 1029 1030 1033 1033 1034 1036 1037 1023 1023 1023 1023 1024 1024 1025 1026 1027 1028 1029
714 716 718 719 720 722 722 723 724 725 727 728 730 731 731 733 734 735 736 736 738 739 740 741 741 742 744 745 745 746 747 748 749 749 750 751 873 874 874 876 877 876 877 878 878 879 881 880 881 881 882 883 884 884 884 886 941 941 942 941 942 942 943 943 943 943 944 945 946 949 950 952 954 955 1026 1027 1029 1029 1031 1032 1034 1034 1036 1023 1023 1023 1023 1024 1024 1026 1027 1029 1029 1029
716 717 719 720 721 722 723 725 727 728 728 730 731 732 733 733 734 735 737 738 739 739 741 742 743 743 744 746 746 746 748 749 750 750 752 753 874 874 875 875 876 878 878 879 879 880 881 882 882 884 884 884 885 885 886 886 886 940 942 943 943 943 943 944 944 945 944 945 946 949 952 953 954 956 1028 1029 1030 1032 1033 1034 1035 1037 1038 1023 1023 1023 1023 1024 1026 1026 1027 1028 1028 1031
717 718 719 721 722 723 724 725 727 728 729 730 731 732 734 735 736 737 738 739 740 741 742 742 743 744 746 746 747 749 750 750 751 752 752 752 875 875 876 877 878 878 879 880 881 882 882 883 882 883 884 885 886 886 886 887 887 888 942 943 943 945 946 946 946 946 947 947 947 949 951 953 955 955 957 1029 1032 1032 1034 1035 1036 1037 1038 1023 1023 1023 1024 1026 1026 1026 1028 1028 1029 1030
718 720 721 722 723 725 726 727 727 729 730 732 733 734 736 736 737 737 738 740 740 742 743 744 745 746 747 748 748 748 749 751 751 752 754 754 876 877 877 878 879 879 880 881 881 882 883 883 884 884 885 886 886 887 888 889 889 889 890 944 945 945 945 945 946 947 947 948 948 950 952 953 954 957 958 1028 1030 1031 1033 1033 1036 1037 1039 1023 1024 1025 1025 1026 1027 1029 1028 1030 1031 1030
719 720 721 722 723 724 726 728 729 730 731 732 733 734 735 736 738 739 740 741 742 744 744 745 746 746 746 748 749 751 751 752 753 754 754 755 755 877 878 878 880 881 880 881 883 883 884 885 885 886 886 887 888 888 888 888 889 890 891 891 945 946 946 947 946 947 947 949 949 951 952 955 956 957 958 961 1032 1033 1034 1036 1037 1038 1039 1023 1023 1023 1025 1027 1028 1028 1029 1031 1031 1032
720 721 722 724 726 727 728 728 730 731 732 733 735 736 737 738 739 741 742 741 742 743 744 746 746 748 749 750 750 752 752 752 753 754 754 756 757 879 879 880 881 881 883 883 884 884 884 885 886 886 888 887 888 889 889 890 890 891 891 892 893 948 948 948 949 949 949 949 950 951 953 953 956 958 960 960 1032 1033 1035 1035 1036 1038 1023 1023 1023 1025 1025 1027 1027 1028 1029 1029 1031 1031
721 723 724 725 726 728 729 730 731 732 733 734 735 736 738 739 739 740 741 743 744 745 746 747 748 749 749 750 751 751 752 754 754 756 757 757 757 880 881 881 882 883 883 883 884 885 886 886 887 886 888 889 889 891 890 891 892 892 893 892 893 893 894 949 949 949 950 951 951 951 952 955 956 956 959 960 962 1032 1035 1036 1039 1039 1023 1024 1025 1026 1026 1028 1028 1030 1030 1031 1032 1032
722 723 725 726 727 727 729 731 732 733 734 736 736 737 738 739 741 743 743 744 744 746 746 747 748 749 750 751 752 754 754 754 755 757 757 758 759 880 881 882 882 883 883 884 886 886 886 888 888 889 889 890 890 890 891 891 893 892 893 894 894 895 894 895 949 950 950 952 952 953 954 955 957 959 960 961 962 1035 1036 1037 1038 1040 1023 1023 1024 1026 1027 1028 1030 1030 1030 1032 1032 1033
723 724 725 728 729 730 731 732 733 734 735 736 737 739 740 740 741 743 744 745 745 746 747 749 750 751 752 752 753 754 755 755 756 757 758 759 759 881 882 883 884 884 886 885 886 887 887 888 889 889 890 890 891 892 891 892 892 894 894 895 895 896 897 897 897 951 952 952 953 953 954 955 958 959 961 962 964 964 1035 1037 1038 1023 1023 1024 1024 1026 1027 1027 1028 1029 1031 1031 1032 1033
725 726 726 727 728 730 731 732 733 735 737 737 738 739 741 742 743 743 744 746 748 748 748 749 750 751 752 753 754 754 755 757 757 758 759 760 760 883 884 884 884 885 885 886 887 888 888 888 889 890 891 892 891 893 893 894 895 894 895 895 896 896 896 897 898 898 952 952 953 953 954 955 957 958 960 960 963 965 1038 1038 1040 1023 1024 1025 1026 1027 1027 1029 1030 1031 1031 1032 1034 1033
725 726 728 729 730 731 733 734 735 736 737 739 740 740 741 741 744 745 745 746 747 749 750 750 751 752 753 754 755 756 756 757 758 760 760 761 761 761 883 885 885 886 887 887 888 888 889 891 891 891 891 892 893 893 894 894 895 895 896 897 896 897 897 898 898 899 899 955 955 955 955 957 958 960 961 963 964 965 966 1038 1038 1023 1023 1024 1026 1027 1029 1030 1030 1031 1032 1032 1033 1035
725 726 727 729 731 732 733 734 736 736 737 738 739 742 743 743 744 745 747 748 748 749 750 751 752 753 754 755 755 757 758 758 759 759 760 761 762 763 885 886 886 886 888 888 889 890 890 890 891 891 893 893 893 893 894 895 896 896 896 898 898 899 898 899 900 900 900 900 955 955 956 956 959 960 962 963 964 966 967 968 1021 1023 1023 1025 1026 1028 1028 1028 1030 1030 1031 1032 1033 1033
727 729 730 731 731 733 734 735 736 738 740 741 741 742 744 745 746 745 746 747 750 751 751 752 753 755 755 756 757 757 757 759 760 761 762 763 763 764 886 886 887 888 888 889 889 890 891 891 892 893 893 894 894 896 896 896 897 897 898 898 898 898 899 900 900 900 901 901 902 955 956 956 958 959 961 962 964 964 969 970 1023 1024 1026 1026 1026 1028 1029 1030 1031 1031 1033 1033 1034 1035
728 729 730 731 732 733 735 736 737 738 739 741 742 743 743 744 747 748 749 749 750 751 753 753 753 754 755 756 758 759 759 760 761 762 762 763 764 764 886 887 888 888 888 890 891 891 892 892 893 894 894 895 895 895 896 896 898 897 898 898 899 900 899 900 900 902 902 902 903 904 958 958 959 961 963 964 965 967 967 968 952 1023 1024 1025 1027 1029 1030 1030 1031 1032 1033 1034 1034 1035
729 729 730 732 734 735 736 737 738 740 740 741 742 745 746 746 747 748 749 750 750 751 752 753 755 756 757 758 758 760 760 760 761 762 763 763 765 766 887 888 889 889 890 891 891 892 892 893 893 894 894 895 896 896 897 897 898 899 899 900 900 901 901 902 901 902 902 903 903 903 903 958 959 961 962 964 965 967 968 952 952 1024 1025 1027 1027 1027 1029 1029 1031 1032 1032 1033 1034 1035
730 731 733 734 735 735 737 738 739 740 742 743 743 744 745 747 748 748 749 750 753 754 754 755 756 756 757 758 759 759 760 761 762 764 764 765 765 766 768 889 890 889 890 891 891 892 894 893 894 895 896 897 897 897 898 899 899 900 900 900 901 901 901 901 903 903 904 903 904 904 905 905 959 960 963 963 965 966 967 952 953 955 1025 1027 1028 1029 1030 1032 1032 1032 1034 1035 1035 1036
730 731 732 734 735 736 738 739 740 741 742 743 745 746 746 747 749 751 752 752 752 753 755 755 756 757 758 758 761 762 761 762 763 763 765 766 767 767 767 888 889 891 891 893 894 893 894 894 895 897 896 897 897 898 899 899 899 899 901 901 901 901 902 902 902 903 904 905 905 906 906 907 907 908 963 964 966 967 951 952 953 954 1026 1027 1028 1029 1029 1030 1032 1034 1033 1034 1036 1036
731 733 733 735 736 738 739 740 741 742 743 744 744 746 748 748 749 750 751 753 753 754 755 756 757 759 759 760 760 761 763 763 764 765 765 765 766 767 769 891 891 892 892 892 894 895 895 896 895 896 897 897 899 898 899 899 900 902 901 902 902 903 903 904 904 905 905 905 905 906 906 906 906 907 909 965 966 968 950 952 953 954 955 1026 1028 1028 1030 1031 1032 1032 1033 1035 1035 1035
732 733 734 736 737 737 738 740 741 743 744 746 746 747 748 749 751 751 752 753 755 755 756 757 758 758 759 761 762 762 763 763 763 766 767 767 768 769 769 890 892 892 893 894 894 894 894 896 897 897 898 898 899 900 900 900 901 902 902 903 902 903 904 904 905 905 906 906 907 906 907 907 908 907 909 910 965 950 950 952 952 955 957 1029 1029 1030 1032 1031 1033 1034 1035 1035 1036 1037
733 734 735 736 737 739 741 742 742 744 745 746 747 749 748 749 750 752 754 754 755 756 757 757 759 760 760 760 761 764 764 765 766 766 767 767 768 769 770 891 892 893 893 894 896 896 897 897 897 898 899 900 900 900 900 901 902 902 902 902 904 904 904 904 905 905 906 906 907 907 908 907 909 909 910 911 904 950 951 953 955 956 956 957 1028 1029 1030 1032 1032 1032 1034 1035 1036 1036
733 734 735 737 738 739 741 742 743 744 744 746 747 749 750 750 752 753 754 755 755 757 757 758 758 760 762 763 763 764 765 765 766 767 767 768 769 769 771 772 893 894 895 895 896 896 897 898 898 899 899 899 900 900 902 902 902 902 904 904 904 905 905 906 907 907 907 908 908 908 908 909 909 909 909 912 904 904 952 953 954 955 957 957 1029 1030 1031 1031 1032 1034 1034 1034 1036 1036
735 736 737 738 740 740 741 742 744 745 747 748 748 750 751 752 752 752 754 755 756 757 758 760 761 761 762 763 764 764 765 766 766 767 769 770 770 771 771 772 894 895 895 895 896 897 897 898 898 899 900 901 902 901 902 903 903 904 904 905 905 906 905 906 906 907 907 907 907 909 909 909 909 910 909 904 904 904 904 904 954 956 956 957 959 1028 1031 1032 1034 1035 1035 1036 1037 1038
735 736 738 739 740 740 743 743 744 745 747 748 749 749 750 752 753 755 755 756 758 759 759 759 760 762 762 763 764 766 766 768 769 768 769 770 770 772 773 773 894 895 895 896 897 899 899 899 900 900 901 901 901 903 903 904 903 904 904 905 905 905 907 907 908 907 908 908 909 909 910 910 910 910 911 904 904 904 904 904 904 956 957 958 959 1031 1032 1032 1033 1034 1035 1036 1036 1037
736 737 737 739 741 742 743 744 746 746 747 748 750 751 753 753 754 756 756 756 757 758 760 760 761 763 764 764 766 766 767 767 768 769 770 771 771 771 772 773 896 897 897 897 898 898 899 899 900 901 901 902 902 902 903 903 904 905 905 905 907 907 907 907 908 908 909 908 910 910 911 910 911 911 904 904 904 904 904 904 904 904 956 958 960 960 1031 1033 1033 1034 1035 1035 1037 1037
737 738 740 741 742 742 744 745 746 746 749 749 750 751 752 754 754 755 756 757 759 760 761 762 763 763 764 765 765 766 767 768 769 769 770 771 772 773 774 775 775 896 897 897 899 900 899 900 900 901 902 902 904 904 905 905 905 905 906 907 907 908 908 909 909 909 909 910 910 910 910 911 910 904 904 904 904 904 904 904 904 904 904 957 959 960 960 1032 1033 1034 1034 1035 1036 1036
737 738 739 740 742 743 744 745 747 748 749 750 752 752 753 754 755 757 758 758 759 760 761 762 763 764 764 766 767 767 768 769 769 771 772 772 773 773 773 774 776 897 898 898 898 899 900 902 903 902 903 903 904 904 904 905 906 907 906 907 907 908 908 908 908 909 910 910 910 911 910 911 904 904 904 904 904 904 904 904 904 904 904 905 907 961 962 1033 1034 1035 1036 1036 1037 1039
738 738 740 741 743 744 746 747 748 748 750 751 751 752 753 755 756 757 758 759 760 761 762 762 763 764 766 766 767 768 769 770 771 771 771 772 773 774 775 775 775 898 898 900 900 901 901 901 902 902 903 904 904 905 905 906 906 906 907 907 908 908 910 910 911 910 911 911 912 911 912 912 904 904 904 904 904 904 904 904 904 904 904 904 905 906 961 962 1034 1034 1035 1036 1036 1037
738 740 741 742 743 744 745 746 748 749 750 751 753 754 755 756 756 758 759 760 760 760 763 764 764 765 766 768 768 769 769 769 770 772 772 773 775 774 775 777 777 899 899 900 900 900 901 903 903 903 903 904 904 905 906 907 908 908 908 908 909 909 910 910 910 911 912 911 912 912 912 904 904 904 904 904 904 904 904 904 904 904 904 905 905 907 908 963 1033 1034 1036 1036 1037 1038
739 740 742 743 744 745 746 747 749 750 752 753 753 754 755 756 757 757 758 761 762 762 763 764 766 766 766 767 767 768 770 771 772 773 773 773 775 776 776 777 777 898 899 900 901 902 901 902 903 904 906 905 906 906 907 907 907 907 908 909 909 910 910 911 911 911 911 912 912 912 904 904 904 904 904 904 904 904 904 904 904 904 904 904 906 907 907 909 910 1034 1035 1036 1037 1038
740 741 742 743 745 747 748 749 750 751 752 753 755 756 756 758 759 761 761 762 763 764 764 765 766 766 766 769 770 770 771 771 772 773 774 775 775 776 776 777 778 778 901 902 901 902 903 904 905 904 905 905 906 906 906 908 908 909 908 909 909 910 910 910 910 913 913 913 913 904 904 904 904 904 904 904 904 904 904 904 904 904 904 905 906 907 909 908 909 981 1035 1036 1037 1037
742 743 746 746 747 748 750 751 751 752 753 754 756 757 758 759 759 760 761 762 763 764 765 766 767 769 770 769 770 771 772 773 774 774 774 774 775 776 778 778 779 779 900 902 902 903 904 904 904 904 906 907 906 907 907 908 908 909 909 911 912 911 912 912 913 913 913 913 904 904 904 904 904 904 904 904 904 904 904 904 904 904 904 904 905 906 907 908 910 910 980 1037 1037 1038
744 745 746 747 749 748 749 750 752 754 755 755 757 758 759 760 760 762 763 764 765 766 768 768 768 769 769 771 771 772 773 773 773 776 776 777 778 778 778 780 780 781 901 902 902 902 903 905 905 905 906 907 907 908 908 909 910 910 910 910 911 911 912 912 912 913 913 913 904 904 904 904 904 904 904 904 904 904 904 904 904 904 904 905 906 908 909 908 910 911 912 983 983 1038
744 745 747 748 749 750 753 753 754 755 757 758 759 758 759 761 763 763 763 764 766 766 767 768 769 770 771 772 772 773 775 776 776 777 778 777 778 779 779 780 780 781 902 903 905 906 906 906 905 906 906 908 908 908 909 909 909 909 910 910 912 912 912 913 913 913 913 904 904 904 904 904 904 904 904 904 904 904 904 904 904 904 904 904 905 906 907 909 909 911 911 982 984 984
745 746 747 749 751 752 753 754 754 755 756 757 758 761 761 762 763 764 765 766 767 768 769 770 770 772 772 773 774 774 775 776 776 777 778 778 779 780 780 781 783 783 783 905 905 905 905 907 908 907 908 908 909 908 908 910 910 911 910 911 912 913 913 913 913 915 904 904 904 904 904 904 904 904 904 904 904 904 904 904 904 904 904 905 906 907 908 908 909 911 911 913 983 983
