testData/tiles/oneDegreeCosts/grid20.0-0.0-21.0-1.0.asc
ncols   200
nrows   200
xllcorner   20.0
yllcorner   0.0
cellsize   0.005
NODATA_value   -9999.0
[rows 84 to 125 of 200, columns 0 to 93 of 200]
433 432 431 431 430 429 429 428 427 427 426 425 424 424 423 422 421 421 419 418 418 417 416 415 415 414 413 412 411 411 410 409 408 408 407 405 404 404 403 402 401 400 400 399 398 397 396 396 395 394 393 392 392 391 390 389 388 386 386 385 384 383 382 382 381 380 379 378 377 377 376 375 374 373 373 373 373 373 373 373 373 373 373 373 373 373 373 373 373 373 373 373 373 373
432 431 431 430 429 429 428 427 427 426 425 425 423 422 421 421 420 419 418 418 417 416 416 415 414 413 413 412 411 410 409 409 408 406 405 405 404 403 402 401 401 400 399 398 398 397 396 395 394 394 393 392 391 390 389 389 387 386 385 384 384 383 382 381 380 379 379 378 377 376 375 375 374 373 373 373 373 373 373 373 373 373 373 373 373 373 373 373 373 373 373 373 373 373
430 430 429 428 428 427 426 426 425 424 424 423 422 422 421 420 419 419 418 417 417 416 415 414 414 413 412 411 411 410 409 407 406 406 405 404 403 403 402 401 400 399 399 398 397 396 396 395 394 393 392 392 391 390 389 387 386 386 385 384 383 382 382 381 380 379 378 377 377 376 375 374 373 373 373 373 373 373 373 373 373 373 373 373 373 373 373 373 373 373 373 373 373 373
430 429 428 428 427 427 426 425 424 424 423 422 422 421 420 420 419 418 417 417 416 415 415 414 413 412 412 411 409 408 408 407 406 405 404 404 403 402 401 401 400 399 398 397 397 396 395 394 394 393 392 391 390 389 388 387 386 385 384 384 383 382 381 380 380 379 378 377 376 375 375 374 373 373 373 373 373 373 373 373 373 373 373 373 373 373 373 373 373 373 373 373 373 373
429 429 428 427 427 426 425 425 424 423 423 422 421 420 420 419 418 418 417 416 415 415 414 413 413 411 410 409 409 408 407 406 406 405 404 403 402 402 401 400 399 399 398 397 396 395 395 394 393 392 391 391 389 388 387 386 386 385 384 383 382 382 381 380 379 378 378 377 376 375 374 373 373 373 373 373 373 373 373 373 373 373 373 373 373 373 373 373 373 373 373 373 373 373
429 428 427 427 426 425 425 424 423 423 422 421 421 420 419 418 418 417 416 416 415 413 412 412 411 410 410 409 408 407 407 406 405 404 404 403 402 401 400 400 399 398 397 397 396 395 394 393 393 392 390 389 388 388 387 386 385 384 384 383 382 381 380 380 379 378 377 376 376 375 374 373 373 373 373 373 373 373 373 373 373 373 373 373 373 373 373 373 373 373 373 373 373 373
428 427 427 426 425 425 424 423 423 422 421 421 420 419 419 418 417 416 415 414 413 413 412 411 410 410 409 408 408 407 406 405 405 404 403 402 402 401 400 399 398 398 397 396 395 395 394 393 392 390 390 389 388 387 386 386 385 384 383 382 382 381 380 379 378 378 377 376 375 374 374 373 373 373 373 373 373 373 373 373 373 373 373 373 373 373 373 373 373 373 373 373 373 373
427 427 426 425 425 424 423 423 422 421 420 419 418 418 417 416 416 415 414 414 413 412 411 411 410 409 408 408 407 406 406 405 404 403 403 402 401 400 400 399 398 397 396 396 395 394 393 392 391 390 389 388 388 387 386 385 384 384 383 382 381 380 380 379 378 377 376 376 375 374 373 373 373 373 373 373 373 373 373 373 373 373 373 373 373 373 373 373 373 373 373 373 373 373
426 425 424 424 423 422 422 421 420 420 419 418 418 417 416 416 415 414 414 413 412 412 411 410 409 409 408 407 406 406 405 404 404 403 402 401 401 400 399 398 398 397 396 395 394 393 392 391 390 390 389 388 387 386 386 385 384 383 382 382 381 380 379 378 378 377 376 375 374 374 373 373 373 373 373 373 373 373 373 373 373 373 373 373 373 373 373 373 373 373 373 373 373 373
425 424 424 423 422 422 421 420 420 419 419 418 417 417 416 415 414 414 413 412 412 411 410 410 409 408 407 407 406 405 405 404 403 402 402 401 400 399 399 398 397 396 396 394 393 392 391 391 390 389 388 388 387 386 385 384 384 383 382 381 380 380 379 378 377 376 376 375 374 373 373 373 373 373 373 373 373 373 373 373 373 373 373 373 373 373 373 373 373 373 373 373 373 373
424 424 423 422 422 421 421 420 419 419 418 417 417 416 415 415 414 413 413 412 411 410 410 409 408 408 407 406 405 405 404 403 403 402 401 400 400 399 398 397 397 395 394 393 392 392 391 390 389 389 388 387 386 386 385 384 383 382 382 381 380 379 378 378 377 376 375 374 374 373 373 373 373 373 373 373 373 373 373 373 373 373 373 373 373 373 373 373 373 373 373 373 373 373
424 423 422 422 421 420 420 419 419 418 417 417 416 415 415 414 413 413 412 411 411 410 409 408 408 407 406 406 405 404 403 403 402 401 401 400 399 398 398 396 395 394 394 393 392 391 390 390 389 388 387 387 386 385 384 384 383 382 381 380 380 379 378 377 376 376 375 374 373 373 373 373 373 373 373 373 373 373 373 373 373 373 373 373 373 373 373 373 373 373 373 373 373 373
423 422 422 421 420 420 419 419 418 417 417 416 415 415 414 413 413 412 411 411 410 409 409 408 407 406 406 405 404 404 403 402 401 401 400 399 399 397 396 395 395 394 393 392 392 391 390 389 388 388 387 386 385 385 384 383 382 382 381 380 379 378 378 377 376 375 374 374 373 373 373 373 373 373 373 373 373 373 373 373 373 373 373 373 373 373 373 373 373 373 373 373 373 373
422 422 421 420 420 419 419 418 417 417 416 415 415 414 413 413 412 411 411 410 409 409 408 407 407 406 405 405 404 403 402 402 401 400 398 398 397 396 396 395 394 393 393 392 391 390 390 389 388 387 386 386 385 384 383 383 382 381 380 379 379 378 377 376 376 375 374 373 373 373 373 373 373 373 373 373 373 373 373 373 373 373 373 373 373 373 373 373 373 373 373 373 373 373
422 421 420 420 419 419 418 417 417 416 415 415 414 413 413 412 412 411 410 409 409 408 407 407 406 405 405 404 403 403 402 400 399 399 398 397 396 396 395 394 394 393 392 391 391 390 389 388 388 387 386 385 384 384 383 382 381 381 380 379 378 377 377 376 375 374 374 373 373 373 373 373 373 373 373 373 373 373 373 373 373 373 373 373 373 373 373 373 373 373 373 373 373 373
421 420 420 419 418 418 417 417 416 415 415 414 413 413 412 412 411 410 410 409 408 408 407 406 405 405 404 403 402 401 400 400 399 398 397 397 396 395 395 394 393 392 392 391 390 389 389 388 387 386 386 385 384 383 382 382 381 380 379 379 378 377 376 375 375 374 373 373 373 373 373 373 373 373 373 373 373 373 373 373 373 373 373 373 373 373 373 373 373 373 373 373 373 373
420 420 419 418 418 417 417 416 415 415 414 413 413 412 412 411 410 410 409 408 408 407 406 406 405 403 403 402 401 400 400 399 398 398 397 396 395 395 394 393 393 392 391 390 390 389 388 387 387 386 385 384 384 383 382 381 380 380 379 378 377 377 376 375 374 373 373 373 373 373 373 373 373 373 373 373 373 373 373 373 373 373 373 373 373 373 373 373 373 373 373 373 373 373
419 419 418 418 417 417 416 415 415 414 413 413 412 412 411 410 410 409 408 408 407 405 405 404 403 403 402 401 401 400 399 398 398 397 396 396 395 394 393 393 392 391 391 390 389 388 388 387 386 385 385 384 383 382 382 381 380 379 378 378 377 376 375 375 374 373 373 373 373 373 373 373 373 373 373 373 373 373 373 373 373 373 373 373 373 373 373 373 373 373 373 373 373 373
419 418 418 417 416 416 415 415 414 413 413 412 412 411 410 409 408 407 407 406 405 405 404 403 403 402 401 401 400 399 399 398 397 396 396 395 394 394 393 392 391 391 390 389 389 388 387 386 386 385 384 383 383 382 381 380 380 379 378 377 376 376 375 374 373 373 373 373 373 373 373 373 373 373 373 373 373 373 373 373 373 373 373 373 373 373 373 373 373 373 373 373 373 373
417 416 416 415 415 414 414 413 412 412 411 411 410 409 409 408 407 407 406 405 405 404 403 403 402 401 401 400 399 399 398 397 397 396 395 395 394 393 392 392 391 390 389 389 388 387 387 386 385 384 384 383 382 381 381 380 379 378 378 377 376 375 374 374 373 373 373 373 373 373 373 373 373 373 373 373 373 373 373 373 373 373 373 373 373 373 373 373 373 373 373 373 373 373
416 416 415 415 414 413 413 412 412 411 411 410 409 409 408 407 407 406 405 405 404 404 403 402 402 401 400 400 399 398 397 397 396 395 395 394 393 393 392 391 390 390 389 388 387 387 386 385 385 384 383 382 382 381 380 379 379 378 377 376 375 375 374 373 373 373 373 373 373 373 373 373 373 373 373 373 373 373 373 373 373 373 373 373 373 373 373 373 373 373 373 373 373 373
416 415 415 414 413 413 412 412 411 410 410 409 409 408 407 407 406 405 405 404 404 403 402 402 401 400 400 399 398 398 397 396 395 395 394 393 393 392 391 391 390 389 388 388 387 386 385 385 384 383 383 382 381 380 380 379 378 377 377 376 375 374 373 373 373 373 373 373 373 373 373 373 373 373 373 373 373 373 373 373 373 373 373 373 373 373 373 373 373 373 373 373 373 373
415 414 414 413 413 412 412 411 410 410 409 409 408 407 407 406 405 405 404 404 403 402 402 401 400 400 399 398 398 397 396 396 395 394 394 393 392 391 391 390 389 389 388 387 386 386 385 384 384 383 382 381 381 380 379 378 378 377 376 375 375 374 373 373 373 373 373 373 373 373 373 373 373 373 373 373 373 373 373 373 373 373 373 373 373 373 373 373 373 373 373 373 373 373
414 414 413 413 412 411 411 410 410 409 408 408 407 407 406 405 405 404 404 403 402 402 401 400 400 399 398 398 397 396 396 395 394 394 393 392 392 391 390 389 389 388 387 387 386 385 384 384 383 382 382 381 380 379 379 378 377 376 376 375 374 373 373 373 373 373 373 373 373 373 373 373 373 373 373 373 373 373 373 373 373 373 373 373 373 373 373 373 373 373 373 373 373 373
413 413 412 412 411 411 410 410 409 408 408 407 407 406 405 405 404 404 403 402 402 401 400 400 399 398 398 397 396 396 395 394 394 393 392 392 391 390 390 389 388 387 387 386 385 385 384 383 382 382 381 380 380 379 378 377 377 376 375 374 374 373 373 373 373 373 373 373 373 373 373 373 373 373 373 373 373 373 373 373 373 373 373 373 373 373 373 373 373 373 373 373 373 373
413 412 412 411 411 410 409 409 408 408 407 407 406 405 405 404 404 403 402 402 401 400 400 399 398 398 397 396 396 395 395 394 393 392 392 391 390 390 389 388 388 387 386 386 385 384 383 383 382 381 380 380 379 378 378 377 376 375 375 374 373 373 373 373 373 373 373 373 373 373 373 373 373 373 373 373 373 373 373 373 373 373 373 373 373 373 373 373 373 373 373 373 373 373
412 411 411 410 410 409 409 408 408 407 406 406 405 405 404 403 403 402 402 401 400 400 399 398 398 397 397 396 395 395 394 393 393 392 391 391 390 389 388 388 387 386 386 385 384 384 383 382 381 381 380 379 378 378 377 376 376 375 374 373 373 373 373 373 373 373 373 373 373 373 373 373 373 373 373 373 373 373 373 373 373 373 373 373 373 373 373 373 373 373 373 373 373 373
411 411 410 410 409 409 408 407 407 406 406 405 405 404 403 403 402 402 401 400 400 399 398 398 397 397 396 395 395 394 393 393 392 391 391 390 389 389 388 387 386 386 385 384 384 383 382 382 381 380 379 379 378 377 376 376 375 374 374 373 373 373 373 373 373 373 373 373 373 373 373 373 373 373 373 373 373 373 373 373 373 373 373 373 373 373 373 373 373 373 373 373 373 373
411 410 409 409 408 408 407 407 406 406 405 404 404 403 403 402 402 401 400 400 399 398 398 397 397 396 395 395 394 393 393 392 391 391 390 389 389 388 387 387 386 385 385 384 383 382 382 381 380 380 379 378 377 377 376 375 374 374 373 373 373 373 373 373 373 373 373 373 373 373 373 373 373 373 373 373 373 373 373 373 373 373 373 373 373 373 373 373 373 373 373 373 373 373
410 409 409 408 408 407 407 406 405 405 404 404 403 403 402 401 401 400 400 399 398 398 397 397 396 395 395 394 393 393 392 391 391 390 389 389 388 387 387 386 385 385 384 383 383 382 381 380 380 379 378 378 377 376 375 375 374 373 373 373 373 373 373 373 373 373 373 373 373 373 373 373 373 373 373 373 373 373 373 373 373 373 373 373 373 373 373 373 373 373 373 373 373 373
409 409 408 407 407 406 406 405 405 404 404 403 403 402 401 401 400 400 399 398 398 397 397 396 395 395 394 393 393 392 391 391 390 389 389 388 387 387 386 385 385 384 383 383 382 381 381 380 379 378 378 377 376 376 375 374 373 373 373 373 373 373 373 373 373 373 373 373 373 373 373 373 373 373 373 373 373 373 373 373 373 373 373 373 373 373 373 373 373 373 373 373 373 373
408 408 407 407 406 406 405 405 404 404 403 402 402 401 401 400 400 399 398 398 397 396 396 395 395 394 393 393 392 391 391 390 390 389 388 388 387 386 386 385 384 383 383 382 381 381 380 379 379 378 377 376 376 375 374 374 373 373 373 373 373 373 373 373 373 373 373 373 373 373 373 373 373 373 373 373 373 373 373 373 373 373 373 373 373 373 373 373 373 373 373 373 373 373
408 407 407 406 405 405 404 404 403 403 402 402 401 401 400 399 399 398 398 397 396 396 395 395 394 393 393 392 391 391 390 390 389 388 388 387 386 386 385 384 384 383 382 382 381 380 379 379 378 377 377 376 375 375 374 373 373 373 373 373 373 373 373 373 373 373 373 373 373 373 373 373 373 373 373 373 373 373 373 373 373 373 373 373 373 373 373 373 373 373 373 373 373 373
407 406 406 405 405 404 404 403 403 402 402 401 400 400 399 399 398 398 397 396 396 395 395 394 393 393 392 391 391 390 390 389 388 388 387 386 386 385 384 384 383 382 382 381 380 380 379 378 377 377 376 375 375 374 373 373 373 373 373 373 373 373 373 373 373 373 373 373 373 373 373 373 373 373 373 373 373 373 373 373 373 373 373 373 373 373 373 373 373 373 373 373 373 373
406 406 405 405 404 404 403 402 402 401 401 400 400 399 399 398 397 397 396 396 395 395 394 393 393 392 391 391 390 390 389 388 388 387 386 386 385 384 384 383 382 382 381 380 380 379 378 378 377 376 376 375 374 373 373 373 373 373 373 373 373 373 373 373 373 373 373 373 373 373 373 373 373 373 373 373 373 373 373 373 373 373 373 373 373 373 373 373 373 373 373 373 373 373
405 405 404 404 403 403 402 402 401 401 400 400 399 398 398 397 397 396 396 395 394 394 393 393 392 391 391 390 390 389 388 388 387 386 386 385 384 384 383 382 382 381 380 380 379 378 378 377 376 376 375 374 374 373 373 373 373 373 373 373 373 373 373 373 373 373 373 373 373 373 373 373 373 373 373 373 373 373 373 373 373 373 373 373 373 373 373 373 373 373 373 373 373 373
405 404 404 403 403 402 402 401 400 400 399 399 398 398 397 397 396 395 395 394 394 393 393 392 391 391 390 390 389 388 388 387 386 386 385 384 384 383 382 382 381 381 380 379 378 378 377 376 376 375 374 374 373 373 373 373 373 373 373 373 373 373 373 373 373 373 373 373 373 373 373 373 373 373 373 373 373 373 373 373 373 373 373 373 373 373 373 373 373 373 373 373 373 373
404 403 403 402 402 401 401 400 400 399 399 398 398 397 396 396 395 395 394 394 393 392 392 391 391 390 389 389 388 388 387 386 386 385 384 384 383 383 382 381 381 380 379 379 378 377 377 376 375 374 374 373 373 373 373 373 373 373 373 373 373 373 373 373 373 373 373 373 373 373 373 373 373 373 373 373 373 373 373 373 373 373 373 373 373 373 373 373 373 373 373 373 373 373
403 403 402 402 401 401 400 400 399 398 398 397 397 396 396 395 395 394 394 393 392 392 391 391 390 389 389 388 388 387 386 386 385 384 384 383 383 382 381 381 380 379 379 378 377 377 376 375 375 374 373 373 373 373 373 373 373 373 373 373 373 373 373 373 373 373 373 373 373 373 373 373 373 373 373 373 373 373 373 373 373 373 373 373 373 373 373 373 373 373 373 373 373 373
402 402 401 401 400 400 399 399 398 398 397 397 396 396 395 395 394 393 393 392 392 391 391 390 389 389 388 388 387 386 386 385 384 384 383 383 382 381 381 380 379 379 378 377 377 376 375 375 374 373 373 373 373 373 373 373 373 373 373 373 373 373 373 373 373 373 373 373 373 373 373 373 373 373 373 373 373 373 373 373 373 373 373 373 373 373 373 373 373 373 373 373 373 373
401 401 401 400 400 399 399 398 398 397 396 396 395 395 394 394 393 393 392 392 391 390 390 389 389 388 387 387 386 386 385 384 384 383 383 382 381 381 380 379 379 378 377 377 376 375 375 374 373 373 373 373 373 373 373 373 373 373 373 373 373 373 373 373 373 373 373 373 373 373 373 373 373 373 373 373 373 373 373 373 373 373 373 373 373 373 373 373 373 373 373 373 373 373
401 400 400 399 399 398 398 397 397 396 396 395 395 394 394 393 393 392 391 391 390 390 389 389 388 387 387 386 386 385 384 384 383 383 382 381 381 380 379 379 378 377 377 376 375 375 374 373 373 373 373 373 373 373 373 373 373 373 373 373 373 373 373 373 373 373 373 373 373 373 373 373 373 373 373 373 373 373 373 373 373 373 373 373 373 373 373 373 373 373 373 373 373 373
