testData/tiles/oneDegreeCosts/grid5.0-46.0-6.0-47.0.asc
ncols   200
nrows   200
xllcorner   5.0
yllcorner   46.0
cellsize   0.005
NODATA_value   -9999.0
[rows 0 to 41 of 200, columns 0 to 93 of 200]
629 629 629 628 628 627 627 627 626 626 625 625 624 624 624 623 623 622 622 621 621 620 620 619 619 619 618 618 617 617 616 482 481 481 480 480 479 479 478 477 477 476 476 475 475 474 474 473 472 472 359 359 358 358 357 356 356 355 354 354 353 353 352 351 351 350 349 348 348 348 348 348 348 348 348 348 348 348 348 348 348 348 348 348 348 348 348 348 348 348 348 348 348 348
629 629 629 628 628 627 627 627 626 626 625 625 625 624 624 623 623 622 622 621 621 621 620 620 619 619 618 618 617 617 616 482 481 481 480 480 479 479 478 478 477 477 476 475 475 474 474 473 473 472 359 359 358 358 357 356 356 355 355 354 353 353 352 351 351 350 349 349 348 348 348 348 348 348 348 348 348 348 348 348 348 348 348 348 348 348 348 348 348 348 348 348 348 348
630 629 629 628 628 628 627 627 626 626 625 625 625 624 624 623 623 622 622 622 621 621 620 620 619 619 618 618 617 617 482 482 481 481 480 480 479 479 478 478 477 477 476 476 475 474 474 473 473 472 360 359 358 358 357 357 356 355 355 354 353 353 352 352 351 350 350 349 348 348 348 348 348 348 348 348 348 348 348 348 348 348 348 348 348 348 348 348 348 348 348 348 348 348
630 629 629 629 628 628 627 627 626 626 626 625 625 624 624 623 623 623 622 622 621 621 620 620 619 619 618 618 617 617 482 482 481 481 480 480 479 479 478 478 477 477 476 476 475 475 474 473 473 360 360 359 359 358 357 357 356 356 355 354 354 353 352 352 351 350 350 349 348 348 348 348 348 348 348 348 348 348 348 348 348 348 348 348 348 348 348 348 348 348 348 348 348 348
630 629 629 629 628 628 627 627 627 626 626 625 625 624 624 624 623 623 622 622 621 621 620 620 619 619 619 618 618 617 483 482 482 481 481 480 480 479 479 478 477 477 476 476 475 475 474 474 473 360 360 359 359 358 358 357 356 356 355 354 354 353 353 352 351 351 350 349 348 348 348 348 348 348 348 348 348 348 348 348 348 348 348 348 348 348 348 348 348 348 348 348 348 348
630 630 629 629 628 628 628 627 627 626 626 625 625 625 624 624 623 623 622 622 621 621 621 620 620 619 619 618 618 483 483 482 482 481 481 480 480 479 479 478 478 477 477 476 475 475 474 474 473 361 360 359 359 358 358 357 356 356 355 355 354 353 353 352 351 351 350 349 349 348 348 348 348 348 348 348 348 348 348 348 348 348 348 348 348 348 348 348 348 348 348 348 348 348
630 630 629 629 628 628 628 627 627 626 626 626 625 625 624 624 623 623 622 622 622 621 621 620 620 619 619 618 618 483 483 482 482 481 481 480 480 479 479 478 478 477 477 476 476 475 474 474 361 361 360 360 359 358 358 357 357 356 355 355 354 353 353 352 351 351 350 349 349 348 348 348 348 348 348 348 348 348 348 348 348 348 348 348 348 348 348 348 348 348 348 348 348 348
630 630 629 629 629 628 628 627 627 627 626 626 625 625 624 624 624 623 623 622 622 621 621 620 620 619 619 618 618 483 483 483 482 482 481 480 480 479 479 478 478 477 477 476 476 475 475 474 361 361 360 360 359 359 358 357 357 356 356 355 354 354 353 352 352 351 350 350 349 348 348 348 348 348 348 348 348 348 348 348 348 348 348 348 348 348 348 348 348 348 348 348 348 348
630 630 629 629 629 628 628 627 627 627 626 626 625 625 624 624 624 623 623 622 622 621 621 620 620 620 619 619 484 484 483 483 482 482 481 481 480 480 479 479 478 477 477 476 476 475 475 474 362 361 360 360 359 359 358 358 357 356 356 355 354 354 353 352 352 351 350 350 349 348 348 348 348 348 348 348 348 348 348 348 348 348 348 348 348 348 348 348 348 348 348 348 348 348
630 630 630 629 629 628 628 628 627 627 626 626 625 625 625 624 624 623 623 622 622 621 621 621 620 620 619 619 484 484 483 483 482 482 481 481 480 480 479 479 478 478 477 477 476 475 475 362 362 361 361 360 359 359 358 358 357 356 356 355 355 354 353 353 352 351 351 350 349 349 348 348 348 348 348 348 348 348 348 348 348 348 348 348 348 348 348 348 348 348 348 348 348 348
630 630 630 629 629 629 628 628 627 627 626 626 626 625 625 624 624 623 623 623 622 622 621 621 620 620 619 485 484 484 483 483 482 482 481 481 480 480 479 479 478 478 477 477 476 476 475 362 362 361 361 360 360 359 358 358 357 357 356 355 355 354 353 353 352 351 351 350 349 349 348 348 348 348 348 348 348 348 348 348 348 348 348 348 348 348 348 348 348 348 348 348 348 348
631 630 630 629 629 629 628 628 627 627 627 626 626 625 625 624 624 624 623 623 622 622 621 621 620 620 619 485 484 484 483 483 482 482 481 481 480 480 479 479 478 478 477 477 476 476 475 363 362 361 361 360 360 359 359 358 357 357 356 355 355 354 354 353 352 352 351 350 350 349 348 348 348 348 348 348 348 348 348 348 348 348 348 348 348 348 348 348 348 348 348 348 348 348
631 630 630 630 629 629 628 628 627 627 627 626 626 625 625 625 624 624 623 623 622 622 621 621 620 620 620 485 485 484 484 483 483 482 482 481 481 480 480 479 479 478 477 477 476 476 363 363 362 362 361 360 360 359 359 358 357 357 356 356 355 354 354 353 352 352 351 350 350 349 348 348 348 348 348 348 348 348 348 348 348 348 348 348 348 348 348 348 348 348 348 348 348 348
631 630 630 630 629 629 628 628 628 627 627 626 626 625 625 625 624 624 623 623 622 622 621 621 621 620 486 485 485 484 484 483 483 482 482 481 481 480 480 479 479 478 478 477 476 476 363 363 362 362 361 361 360 359 359 358 358 357 356 356 355 354 354 353 353 352 351 351 350 349 348 348 348 348 348 348 348 348 348 348 348 348 348 348 348 348 348 348 348 348 348 348 348 348
631 631 630 630 629 629 629 628 628 627 627 626 626 626 625 625 624 624 623 623 623 622 622 621 621 620 486 485 485 484 484 483 483 482 482 481 481 480 480 479 479 478 478 477 477 476 364 363 362 362 361 361 360 360 359 358 358 357 356 356 355 355 354 353 353 352 351 351 350 349 349 348 348 348 348 348 348 348 348 348 348 348 348 348 348 348 348 348 348 348 348 348 348 348
631 631 630 630 629 629 629 628 628 627 627 627 626 626 625 625 624 624 624 623 623 622 622 621 621 486 486 485 485 484 484 483 483 482 482 481 481 480 480 479 479 478 478 477 477 364 364 363 363 362 361 361 360 360 359 358 358 357 357 356 355 355 354 353 353 352 351 351 350 349 349 348 348 348 348 348 348 348 348 348 348 348 348 348 348 348 348 348 348 348 348 348 348 348
631 631 630 630 630 629 629 628 628 627 627 627 626 626 625 625 625 624 624 623 623 622 622 621 621 486 486 485 485 485 484 484 483 483 482 482 481 481 480 480 479 478 478 477 477 364 364 363 363 362 362 361 360 360 359 359 358 357 357 356 356 355 354 354 353 352 352 351 350 350 349 348 348 348 348 348 348 348 348 348 348 348 348 348 348 348 348 348 348 348 348 348 348 348
631 631 630 630 630 629 629 628 628 628 627 627 626 626 625 625 625 624 624 623 623 622 622 621 621 487 486 486 485 485 484 484 483 483 482 482 481 481 480 480 479 479 478 478 477 364 364 363 363 362 362 361 360 360 359 359 358 357 357 356 356 355 354 354 353 352 352 351 350 350 349 348 348 348 348 348 348 348 348 348 348 348 348 348 348 348 348 348 348 348 348 348 348 348
631 631 631 630 630 629 629 629 628 628 627 627 626 626 626 625 625 624 624 623 623 622 622 622 487 487 486 486 485 485 484 484 483 483 482 482 481 481 480 480 479 479 478 478 365 365 364 363 363 362 362 361 361 360 359 359 358 358 357 356 356 355 354 354 353 353 352 351 351 350 349 348 348 348 348 348 348 348 348 348 348 348 348 348 348 348 348 348 348 348 348 348 348 348
631 631 631 630 630 629 629 629 628 628 627 627 627 626 626 625 625 624 624 623 623 623 622 622 487 487 486 486 485 485 484 484 483 483 482 482 481 481 480 480 479 479 478 478 365 365 364 364 363 362 362 361 361 360 360 359 358 358 357 357 356 355 355 354 353 353 352 351 351 350 349 349 348 348 348 348 348 348 348 348 348 348 348 348 348 348 348 348 348 348 348 348 348 348
632 631 631 630 630 630 629 629 628 628 627 627 627 626 626 625 625 624 624 624 623 623 622 488 487 487 486 486 485 485 484 484 484 483 483 482 482 481 480 480 479 479 478 366 365 365 364 364 363 363 362 361 361 360 360 359 358 358 357 357 356 355 355 354 353 353 352 351 351 350 349 349 348 348 348 348 348 348 348 348 348 348 348 348 348 348 348 348 348 348 348 348 348 348
632 631 631 630 630 630 629 629 628 628 628 627 627 626 626 625 625 625 624 624 623 623 622 488 487 487 487 486 486 485 485 484 484 483 483 482 482 481 481 480 480 479 479 366 365 365 364 364 363 363 362 362 361 360 360 359 359 358 357 357 356 356 355 354 354 353 352 352 351 350 350 349 348 348 348 348 348 348 348 348 348 348 348 348 348 348 348 348 348 348 348 348 348 348
632 631 631 631 630 630 629 629 628 628 628 627 627 626 626 626 625 625 624 624 623 623 488 488 488 487 487 486 486 485 485 484 484 483 483 482 482 481 481 480 480 479 479 366 366 365 364 364 363 363 362 362 361 360 360 359 359 358 358 357 356 356 355 354 354 353 352 352 351 350 350 349 348 348 348 348 348 348 348 348 348 348 348 348 348 348 348 348 348 348 348 348 348 348
632 631 631 631 630 630 629 629 629 628 628 627 627 627 626 626 625 625 624 624 623 623 489 488 488 487 487 486 486 485 485 484 484 483 483 482 482 481 481 480 480 479 367 366 366 365 365 364 363 363 362 362 361 361 360 359 359 358 358 357 356 356 355 354 354 353 353 352 351 351 350 349 348 348 348 348 348 348 348 348 348 348 348 348 348 348 348 348 348 348 348 348 348 348
632 631 631 631 630 630 629 629 629 628 628 627 627 627 626 626 625 625 624 624 624 623 489 488 488 487 487 486 486 485 485 484 484 483 483 482 482 481 481 480 480 479 367 366 366 365 365 364 364 363 362 362 361 361 360 360 359 358 358 357 357 356 355 355 354 353 353 352 351 351 350 349 349 348 348 348 348 348 348 348 348 348 348 348 348 348 348 348 348 348 348 348 348 348
456 632 631 631 630 630 630 629 629 628 628 628 627 627 626 626 625 625 625 624 624 489 489 488 488 487 487 486 486 485 485 485 484 484 483 483 482 482 481 481 480 367 367 366 366 365 365 364 364 363 363 362 361 361 360 360 359 358 358 357 357 356 355 355 354 353 353 352 351 351 350 349 349 348 348 348 348 348 348 348 348 348 348 348 348 348 348 348 348 348 348 348 348 348
456 456 455 631 630 630 630 629 629 628 628 628 627 627 626 626 625 625 625 624 624 489 489 488 488 487 487 487 486 486 485 485 484 484 483 483 482 482 481 481 480 368 367 367 366 365 365 364 364 363 363 362 362 361 360 360 359 359 358 357 357 356 355 355 354 354 353 352 352 351 350 350 349 348 348 348 348 348 348 348 348 348 348 348 348 348 348 348 348 348 348 348 348 348
456 456 455 455 631 630 630 629 629 629 628 628 627 627 626 626 626 625 625 624 490 489 489 488 488 488 487 487 486 486 485 485 484 484 483 483 482 482 481 481 368 368 367 367 366 366 365 364 364 363 363 362 362 361 360 360 359 359 358 357 357 356 356 355 354 354 353 352 352 351 350 350 349 348 348 348 348 348 348 348 348 348 348 348 348 348 348 348 348 348 348 348 348 348
456 456 455 455 455 630 630 629 629 629 628 628 627 627 627 626 626 625 625 624 490 489 489 489 488 488 487 487 486 486 485 485 484 484 483 483 482 482 481 481 368 368 367 367 366 366 365 365 364 363 363 362 362 361 361 360 359 359 358 358 357 356 356 355 354 354 353 352 352 351 350 350 349 348 348 348 348 348 348 348 348 348 348 348 348 348 348 348 348 348 348 348 348 348
456 456 456 455 455 454 630 630 629 629 628 628 627 627 627 626 626 625 625 490 490 490 489 489 488 488 487 487 486 486 485 485 484 484 483 483 482 482 481 481 368 368 367 367 366 366 365 365 364 364 363 362 362 361 361 360 359 359 358 358 357 356 356 355 355 354 353 353 352 351 351 350 349 348 348 348 348 348 348 348 348 348 348 348 348 348 348 348 348 348 348 348 348 348
456 456 456 455 455 454 454 454 629 629 628 628 628 627 627 626 626 625 625 491 490 490 489 489 488 488 487 487 486 486 485 485 485 484 484 483 483 482 482 369 368 368 367 367 366 366 365 365 364 364 363 363 362 361 361 360 360 359 358 358 357 357 356 355 355 354 353 353 352 351 351 350 349 349 348 348 348 348 348 348 348 348 348 348 348 348 348 348 348 348 348 348 348 348
456 456 456 455 455 455 454 454 453 629 628 628 628 627 627 626 626 625 491 491 490 490 489 489 488 488 487 487 487 486 486 485 485 484 484 483 483 482 482 369 369 368 368 367 366 366 365 365 364 364 363 363 362 361 361 360 360 359 359 358 357 357 356 355 355 354 353 353 352 351 351 350 349 349 348 348 348 348 348 348 348 348 348 348 348 348 348 348 348 348 348 348 348 348
457 456 456 455 455 455 454 454 453 453 629 628 628 627 627 626 626 626 491 491 490 490 489 489 488 488 488 487 487 486 486 485 485 484 484 483 483 482 370 369 369 368 368 367 367 366 365 365 364 364 363 363 362 362 361 360 360 359 359 358 357 357 356 356 355 354 354 353 352 352 351 350 350 349 348 348 348 348 348 348 348 348 348 348 348 348 348 348 348 348 348 348 348 348
457 456 456 455 455 455 454 454 453 453 453 452 628 627 627 627 626 492 491 491 490 490 489 489 489 488 488 487 487 486 486 485 485 484 484 483 483 482 370 369 369 368 368 367 367 366 366 365 364 364 363 363 362 362 361 360 360 359 359 358 357 357 356 356 355 354 354 353 352 352 351 350 350 349 348 348 348 348 348 348 348 348 348 348 348 348 348 348 348 348 348 348 348 348
457 456 456 456 455 455 454 454 454 453 453 452 452 627 627 627 626 492 491 491 490 490 490 489 489 488 488 487 487 486 486 485 485 484 484 483 483 370 370 369 369 368 368 367 367 366 366 365 365 364 363 363 362 362 361 361 360 359 359 358 358 357 356 356 355 354 354 353 352 352 351 350 350 349 348 348 348 348 348 348 348 348 348 348 348 348 348 348 348 348 348 348 348 348
457 456 456 456 455 455 454 454 454 453 453 452 452 452 627 627 492 492 491 491 491 490 490 489 489 488 488 487 487 486 486 485 485 484 484 483 483 370 370 369 369 368 368 367 367 366 366 365 365 364 364 363 362 362 361 361 360 360 359 358 358 357 356 356 355 355 354 353 353 352 351 351 350 349 348 348 348 348 348 348 348 348 348 348 348 348 348 348 348 348 348 348 348 348
457 456 456 456 455 455 454 454 454 453 453 452 452 452 451 451 492 492 491 491 491 490 490 489 489 488 488 487 487 486 486 486 485 485 484 484 371 371 370 370 369 369 368 367 367 366 366 365 365 364 364 363 363 362 361 361 360 360 359 358 358 357 357 356 355 355 354 353 353 352 351 351 350 349 349 348 348 348 348 348 348 348 348 348 348 348 348 348 348 348 348 348 348 348
457 457 456 456 455 455 455 454 454 453 453 453 452 452 451 318 318 492 492 491 491 490 490 489 489 488 488 487 487 487 486 486 485 485 484 484 371 371 370 370 369 369 368 368 367 366 366 365 365 364 364 363 363 362 361 361 360 360 359 358 358 357 357 356 355 355 354 353 353 352 351 351 350 349 349 348 348 348 348 348 348 348 348 348 348 348 348 348 348 348 348 348 348 348
457 457 456 456 455 455 455 454 454 453 453 453 452 452 451 318 318 318 492 491 491 490 490 489 489 488 488 488 487 487 486 486 485 485 484 372 371 371 370 370 369 369 368 368 367 367 366 365 365 364 364 363 363 362 362 361 360 360 359 359 358 357 357 356 355 355 354 354 353 352 352 351 350 349 349 348 348 348 348 348 348 348 348 348 348 348 348 348 348 348 348 348 348 348
457 457 456 456 456 455 455 454 454 453 453 453 452 452 318 318 318 318 318 318 491 490 490 489 489 489 488 488 487 487 486 486 485 485 484 372 371 371 370 370 369 369 368 368 367 367 366 366 365 364 364 363 363 362 362 361 360 360 359 359 358 357 357 356 356 355 354 354 353 352 352 351 350 350 349 348 348 348 348 348 348 348 348 348 348 348 348 348 348 348 348 348 348 348
457 457 456 456 456 455 455 454 454 454 453 453 452 452 318 318 318 318 318 318 318 490 490 490 489 489 488 488 487 487 486 486 485 485 372 372 371 371 370 370 369 369 368 368 367 367 366 366 365 365 364 363 363 362 362 361 361 360 359 359 358 358 357 356 356 355 354 354 353 352 352 351 350 350 349 348 348 348 348 348 348 348 348 348 348 348 348 348 348 348 348 348 348 348
457 457 456 456 456 455 455 454 454 454 453 453 452 318 318 318 318 318 318 318 318 318 490 490 489 489 488 488 487 487 486 486 485 485 372 372 371 371 370 370 369 369 368 368 367 367 366 366 365 365 364 364 363 362 362 361 361 360 359 359 358 358 357 356 356 355 354 354 353 352 352 351 350 350 349 348 348 348 348 348 348 348 348 348 348 348 348 348 348 348 348 348 348 348
