testData/tiles/oneDegreeCosts/grid32.0-27.0-33.0-28.0.asc
ncols   200
nrows   200
xllcorner   32.0
yllcorner   27.0
cellsize   0.005
NODATA_value   -9999.0
[rows 76 to 113 of 200, columns 85 to 169 of 200]
1020 1020 1020 1020 1020 1020 1020 1020 1020 1020 1020 1020 1020 1020 1020 1020 1020 1264 1264 1264 1264 1264 1264 1264 1264 1264 1264 1264 1264 1264 1264 1264 1264 1264 1264 1264 1264 1264 1264 1264 1264 1264 1264 1264 1264 1264 1264 1264 1264 1265 1265 1265 1321 1321 1321 1321 1321 1047 1047 1047 1047 1047 1047 1047 1047 1047 1047 1047 1047 1047 1047 1047 1047 1047 1047 1047 1047 1047 1047 1047 1047 928 929 930 931
1020 1020 1020 1020 1020 1020 1020 1020 1020 1020 1020 1020 1020 1020 1020 1020 1264 1264 1264 1264 1264 1264 1264 1264 1264 1264 1264 1264 1264 1264 1264 1264 1264 1264 1264 1264 1264 1264 1264 1264 1264 1264 1264 1264 1264 1264 1264 1265 1265 1265 1265 1321 1321 1321 1321 1321 1321 1047 1047 1047 1047 1047 1047 1047 1047 1047 1047 1047 1047 1047 1047 1047 1047 1047 1047 1047 1047 1047 1047 1048 1049 930 931 932 933
1020 1020 1020 1020 1020 1020 1020 1020 1020 1020 1020 1020 1020 1020 1020 1264 1264 1264 1264 1264 1264 1264 1264 1264 1264 1264 1264 1264 1264 1264 1264 1264 1264 1264 1264 1264 1264 1264 1264 1264 1264 1264 1264 1264 1264 1264 1265 1265 1265 1265 1321 1321 1321 1321 1321 1321 1321 1047 1047 1047 1047 1047 1047 1047 1047 1047 1047 1047 1047 1047 1047 1047 1047 1047 1048 1048 1048 1048 1048 1049 1050 1051 932 933 933
1020 1020 1020 1020 1020 1020 1020 1020 1020 1020 1020 1020 1020 1264 1264 1264 1264 1264 1264 1264 1264 1264 1264 1264 1264 1264 1264 1264 1264 1264 1264 1264 1264 1264 1264 1264 1264 1264 1264 1264 1264 1264 1264 1264 1265 1265 1265 1265 1265 1321 1321 1321 1321 1321 1321 1321 1321 1047 1047 1047 1047 1047 1047 1047 1047 1047 1047 1047 1047 1047 1048 1048 1048 1048 1048 1048 1048 1048 1049 1050 1051 1052 933 933 1009
1020 1020 1020 1020 1020 1020 1020 1020 1020 1020 1020 1020 1264 1264 1264 1264 1264 1264 1264 1264 1264 1264 1264 1264 1264 1264 1264 1264 1264 1264 1264 1264 1264 1264 1264 1264 1264 1264 1264 1264 1264 1264 1264 1265 1265 1265 1265 1265 1321 1321 1321 1321 1321 1321 1321 1321 1321 1047 1047 1047 1047 1047 1047 1047 1047 1047 1047 1048 1048 1048 1048 1048 1048 1048 1048 1048 1048 1049 1050 1051 1052 1053 1053 934 1010
1020 1020 1020 1020 1020 1020 1020 1020 1020 1020 1020 1264 1264 1264 1264 1264 1264 1264 1264 1264 1264 1264 1264 1264 1264 1264 1264 1264 1264 1264 1264 1264 1264 1264 1264 1264 1264 1264 1264 1264 1264 1265 1265 1265 1265 1265 1265 1321 1321 1321 1321 1321 1321 1321 1321 1321 1321 1047 1047 1047 1047 1047 1047 1047 1048 1048 1048 1048 1048 1048 1048 1048 1048 1048 1048 1048 1049 1050 1051 1052 1053 1053 1054 1010 1011
1020 1020 1020 1020 1020 1020 1020 1020 1020 1020 1264 1264 1264 1264 1264 1264 1264 1264 1264 1264 1264 1264 1264 1264 1264 1264 1264 1264 1264 1264 1264 1264 1264 1264 1264 1264 1264 1264 1264 1264 1265 1265 1265 1265 1265 1265 1265 1321 1321 1321 1321 1321 1321 1321 1321 1321 1321 1047 1047 1047 1047 1048 1048 1048 1048 1048 1048 1048 1048 1048 1048 1048 1048 1048 1048 1049 1050 1051 1052 1052 1053 1054 1055 1131 1012
1020 1020 1020 1020 1020 1020 1020 1020 1020 1264 1264 1264 1264 1264 1264 1264 1264 1264 1264 1264 1264 1264 1264 1264 1264 1264 1264 1264 1264 1264 1264 1264 1264 1264 1264 1264 1264 1264 1264 1265 1265 1265 1265 1265 1265 1265 1321 1321 1321 1321 1321 1321 1321 1321 1321 1321 1321 1047 1047 1048 1048 1048 1048 1048 1048 1048 1048 1048 1048 1048 1048 1048 1048 1048 1049 1050 1051 1051 1052 1053 1054 1055 1131 1132 1012
1020 1020 1020 1020 1020 1020 1020 1020 1264 1264 1264 1264 1264 1264 1264 1264 1264 1264 1264 1264 1264 1264 1264 1264 1264 1264 1264 1264 1264 1264 1264 1264 1264 1264 1264 1264 1264 1264 1265 1265 1265 1265 1265 1265 1265 1321 1321 1321 1321 1321 1321 1321 1321 1321 1321 1321 1321 1048 1048 1048 1048 1048 1048 1048 1048 1048 1048 1048 1048 1048 1048 1048 1048 1049 1050 1050 1051 1052 1053 1054 1055 1056 1131 1132 1013
1020 1020 1020 1020 1020 1020 1020 1264 1264 1264 1264 1264 1264 1264 1264 1264 1264 1264 1264 1264 1264 1264 1264 1264 1264 1264 1264 1264 1264 1264 1264 1264 1264 1264 1264 1264 1265 1265 1265 1265 1265 1265 1265 1265 1321 1321 1321 1321 1321 1321 1321 1321 1321 1321 1321 1321 1322 1048 1048 1048 1048 1048 1048 1048 1048 1048 1048 1048 1048 1048 1048 1048 1048 1049 1050 1051 1052 1053 1054 1055 1056 1056 1132 1133 1134
1020 1020 1020 1020 1020 1020 1264 1264 1264 1264 1264 1264 1264 1264 1264 1264 1264 1264 1264 1264 1264 1264 1264 1264 1264 1264 1264 1264 1264 1264 1264 1264 1264 1264 1264 1265 1265 1265 1265 1265 1265 1265 1265 1321 1321 1321 1321 1321 1321 1321 1321 1321 1321 1321 1322 1322 1048 1048 1048 1048 1048 1048 1048 1048 1048 1048 1048 1048 1048 1048 1048 1048 1049 1050 1051 1052 1053 1054 1055 1055 1056 1132 1133 1134 1134
1020 1020 1020 1020 1020 1264 1264 1264 1264 1264 1264 1264 1264 1264 1264 1264 1264 1264 1264 1264 1264 1264 1264 1264 1264 1264 1264 1264 1264 1264 1264 1264 1264 1264 1265 1265 1265 1265 1265 1265 1265 1265 1265 1321 1321 1321 1321 1321 1321 1321 1321 1321 1322 1322 1322 1322 1048 1048 1048 1048 1048 1048 1048 1048 1048 1048 1048 1048 1048 1048 1048 1049 1050 1051 1052 1053 1053 1054 1055 1056 1057 1133 1133 1134 1135
1020 1020 1020 1020 1264 1264 1264 1264 1264 1264 1264 1264 1264 1264 1264 1264 1264 1264 1264 1264 1264 1264 1264 1264 1264 1264 1264 1264 1264 1264 1264 1264 1264 1265 1265 1265 1265 1265 1265 1265 1265 1265 1321 1321 1321 1321 1321 1321 1321 1321 1321 1322 1322 1322 1322 1322 1048 1048 1048 1048 1048 1048 1048 1048 1048 1048 1048 1048 1048 1048 1049 1050 1051 1052 1052 1053 1054 1055 1056 1057 1132 1133 1134 1135 1136
1020 1020 1020 1264 1264 1264 1264 1264 1264 1264 1264 1264 1264 1264 1264 1264 1264 1264 1264 1264 1264 1264 1264 1264 1264 1264 1264 1264 1264 1264 1264 1264 1265 1265 1265 1265 1265 1265 1265 1265 1265 1321 1321 1321 1321 1321 1321 1321 1321 1321 1322 1322 1322 1322 1322 1322 1048 1048 1048 1048 1048 1048 1048 1048 1048 1048 1048 1048 1048 1048 1049 1050 1051 1052 1053 1054 1055 1056 1056 1057 1133 1134 1135 1135 1136
1020 1020 1264 1264 1264 1264 1264 1264 1264 1264 1264 1264 1264 1264 1264 1264 1264 1264 1264 1264 1264 1264 1264 1264 1264 1264 1264 1264 1264 1264 1264 1265 1265 1265 1265 1265 1265 1265 1265 1265 1265 1321 1321 1321 1321 1321 1321 1321 1322 1322 1322 1322 1322 1322 1322 1322 1048 1048 1048 1048 1048 1048 1048 1048 1048 1048 1048 1048 1048 1049 1050 1051 1052 1053 1054 1055 1055 1056 1057 1133 1134 1134 1135 1136 1137
1008 1252 1264 1264 1264 1264 1264 1264 1264 1264 1264 1264 1264 1264 1264 1264 1264 1264 1264 1264 1264 1264 1264 1264 1264 1264 1264 1264 1264 1264 1264 1265 1265 1265 1265 1265 1265 1265 1265 1265 1321 1321 1321 1321 1321 1321 1321 1322 1322 1322 1322 1322 1322 1322 1322 1322 1048 1048 1048 1048 1048 1048 1048 1048 1048 1048 1048 1048 1049 1050 1051 1052 1053 1053 1054 1055 1056 1057 1058 1134 1135 1136 1137 1138 1138
1252 1252 1252 1252 1264 1264 1264 1264 1264 1264 1264 1264 1264 1264 1264 1264 1264 1264 1264 1264 1264 1264 1264 1264 1264 1264 1264 1264 1264 1264 1265 1265 1265 1265 1265 1265 1265 1265 1265 1265 1321 1321 1321 1321 1321 1321 1322 1322 1322 1322 1322 1322 1322 1322 1322 1322 1048 1048 1048 1048 1048 1048 1048 1048 1048 1048 1048 1048 1049 1050 1051 1052 1053 1054 1055 1057 1058 1058 1134 1135 1136 1137 1137 1138 1139
1252 1252 1252 1252 1252 1252 1252 1264 1264 1264 1264 1264 1264 1264 1264 1264 1264 1264 1264 1264 1264 1264 1264 1264 1264 1264 1264 1264 1264 1265 1265 1265 1265 1265 1265 1265 1265 1265 1265 1321 1321 1321 1321 1321 1321 1322 1322 1322 1322 1322 1322 1322 1322 1322 1322 1322 1048 1048 1048 1048 1048 1048 1048 1048 1048 1048 1048 1049 1050 1051 1052 1053 1055 1056 1056 1057 1058 1059 1135 1135 1136 1137 1138 1139 1139
1252 1252 1252 1252 1252 1252 1252 1252 1252 1264 1264 1264 1264 1264 1264 1264 1264 1264 1264 1264 1264 1264 1264 1264 1264 1264 1264 1264 1265 1265 1265 1265 1265 1265 1265 1265 1265 1265 1321 1321 1321 1321 1321 1321 1322 1322 1322 1322 1322 1322 1322 1322 1322 1322 1322 1322 1048 1048 1048 1048 1048 1048 1048 1048 1048 1048 1049 1050 1051 1052 1053 1054 1055 1056 1057 1058 1059 1134 1135 1136 1137 1138 1138 1139 1140
1252 1252 1252 1252 1252 1252 1252 1252 1252 1252 1252 1252 1264 1264 1264 1264 1264 1264 1264 1264 1264 1264 1264 1264 1264 1264 1264 1264 1265 1265 1265 1265 1265 1265 1265 1265 1265 1265 1321 1321 1321 1321 1321 1322 1322 1322 1322 1322 1322 1322 1322 1322 1322 1322 1322 1322 1048 1048 1048 1048 1048 1048 1048 1048 1048 1048 1049 1051 1052 1053 1054 1055 1056 1057 1057 1058 1059 1135 1136 1136 1137 1138 1139 1139 1140
1252 1252 1252 1252 1252 1252 1252 1252 1252 1252 1252 1252 1252 1252 1264 1264 1264 1264 1264 1264 1264 1264 1264 1264 1264 1264 1264 1265 1265 1265 1265 1265 1265 1265 1265 1265 1265 1321 1321 1321 1321 1321 1322 1322 1322 1322 1322 1322 1322 1322 1322 1322 1322 1322 1322 1322 1048 1048 1048 1048 1048 1048 1048 1048 1048 1049 1051 1052 1053 1054 1054 1055 1056 1057 1058 1059 1060 1135 1136 1137 1138 1138 1139 1140 1141
1252 1252 1252 1252 1252 1252 1252 1252 1252 1252 1252 1252 1252 1252 1252 1252 1264 1264 1264 1264 1264 1264 1264 1264 1264 1264 1265 1265 1265 1265 1265 1265 1265 1265 1265 1265 1265 1321 1321 1321 1321 1322 1322 1322 1322 1322 1322 1322 1322 1322 1322 1322 1322 1322 1322 1048 1048 1048 1048 1048 1048 1048 1048 1048 1049 1050 1051 1052 1053 1054 1055 1056 1057 1058 1058 1059 1135 1136 1137 1137 1138 1139 1140 1140 1141
1252 1252 1252 1252 1252 1252 1252 1252 1252 1252 1252 1252 1252 1252 1252 1252 1252 1252 1252 1264 1264 1264 1264 1264 1264 1264 1265 1265 1265 1265 1265 1265 1265 1265 1265 1265 1321 1321 1321 1321 1322 1322 1322 1322 1322 1322 1322 1322 1322 1322 1322 1322 1322 1322 1322 1048 1048 1048 1048 1048 1048 1048 1049 1049 1050 1051 1052 1053 1054 1055 1055 1056 1057 1058 1059 1060 1135 1136 1137 1138 1138 1139 1140 1141 1141
1252 1252 1252 1252 1252 1252 1252 1252 1252 1252 1252 1252 1252 1252 1252 1252 1252 1252 1252 1252 1252 1264 1264 1264 1264 1265 1265 1265 1265 1265 1265 1265 1265 1265 1265 1265 1321 1321 1321 1321 1322 1322 1322 1322 1322 1322 1322 1322 1322 1322 1322 1322 1322 1322 1322 1048 1048 1048 1048 1048 1048 1049 1049 1049 1050 1051 1052 1053 1054 1055 1056 1057 1058 1058 1059 1135 1136 1137 1137 1138 1139 1140 1140 1141 1142
1252 1252 1252 1252 1252 1252 1252 1252 1252 1252 1252 1252 1252 1252 1252 1252 1252 1252 1252 1252 1252 1252 1252 1252 1265 1265 1265 1265 1265 1265 1265 1265 1265 1265 1265 1265 1321 1321 1321 1322 1322 1322 1322 1322 1322 1322 1322 1322 1322 1322 1322 1322 1322 1322 1322 1048 1048 1048 1048 1048 1049 1049 1049 1050 1051 1052 1053 1054 1055 1055 1056 1057 1058 1059 1060 1135 1136 1137 1138 1138 1139 1140 1141 1141 1142
1252 1252 1252 1252 1252 1252 1252 1252 1252 1252 1252 1252 1252 1252 1252 1252 1252 1252 1252 1252 1252 1252 1252 1252 1253 1253 1253 1265 1265 1265 1265 1265 1265 1265 1265 1321 1321 1321 1322 1322 1322 1322 1322 1322 1322 1322 1322 1322 1322 1322 1322 1322 1322 1322 1322 1048 1048 1048 1048 1049 1049 1049 1049 1050 1051 1052 1053 1054 1055 1056 1057 1058 1058 1059 1135 1136 1137 1137 1138 1139 1140 1140 1141 1142 1142
1252 1252 1252 1252 1252 1252 1252 1252 1252 1252 1252 1252 1252 1252 1252 1252 1252 1252 1252 1252 1252 1252 1252 1253 1253 1253 1253 1253 1253 1265 1265 1265 1265 1265 1265 1321 1321 1321 1322 1322 1322 1322 1322 1322 1322 1322 1322 1322 1322 1322 1322 1322 1322 1322 1322 1048 1048 1048 1049 1049 1049 1049 1050 1051 1052 1053 1054 1054 1055 1056 1057 1058 1059 1060 1135 1136 1137 1138 1138 1139 1140 1141 1141 1142 1143
1252 1252 1252 1252 1252 1252 1252 1252 1252 1252 1252 1252 1252 1252 1252 1252 1252 1252 1252 1252 1252 1252 1252 1253 1253 1253 1253 1253 1253 1253 1253 1253 1265 1265 1321 1321 1321 1322 1322 1322 1322 1322 1322 1322 1322 1322 1322 1322 1322 1322 1322 1322 1322 1322 1322 1048 1048 1049 1049 1049 1049 1049 1050 1051 1052 1053 1054 1055 1056 1057 1057 1058 1059 1060 1136 1136 1137 1138 1139 1139 1140 1141 1142 1142 1143
1252 1252 1252 1252 1252 1252 1252 1252 1252 1252 1252 1252 1252 1252 1252 1252 1252 1252 1252 1252 1252 1252 1252 1253 1253 1253 1253 1253 1253 1253 1253 1253 1253 1253 1309 1321 1322 1322 1322 1322 1322 1322 1322 1322 1322 1322 1322 1322 1322 1322 1322 1322 1322 1322 1322 1048 1049 1049 1049 1049 1049 1049 1050 1051 1052 1053 1054 1055 1056 1057 1058 1059 1059 1135 1136 1137 1138 1138 1139 1140 1140 1141 1142 1143 1143
1252 1252 1252 1252 1252 1252 1252 1252 1252 1252 1252 1252 1252 1252 1252 1252 1252 1252 1252 1252 1252 1252 1253 1253 1253 1253 1253 1253 1253 1253 1253 1253 1253 1253 1309 1309 1310 1310 1322 1322 1322 1322 1322 1322 1322 1322 1322 1322 1322 1322 1322 1322 1322 1322 1049 1049 1049 1049 1049 1049 1049 1050 1051 1052 1053 1054 1055 1055 1056 1057 1058 1059 1060 1135 1136 1137 1138 1139 1139 1140 1141 1141 1142 1143 1144
1252 1252 1252 1252 1252 1252 1252 1252 1252 1252 1252 1252 1252 1252 1252 1252 1252 1252 1252 1252 1252 1252 1253 1253 1253 1253 1253 1253 1253 1253 1253 1253 1253 1253 1309 1310 1310 1310 1310 1310 1310 1322 1322 1322 1322 1322 1322 1322 1322 1322 1322 1322 1322 1322 1049 1049 1049 1049 1049 1049 1049 1050 1051 1052 1053 1054 1055 1056 1057 1057 1058 1059 1135 1136 1137 1137 1138 1139 1140 1140 1141 1142 1142 1143 1144
1252 1252 1252 1252 1252 1252 1252 1252 1252 1252 1252 1252 1252 1252 1252 1252 1252 1252 1252 1252 1252 1253 1253 1253 1253 1253 1253 1253 1253 1253 1253 1253 1253 1309 1309 1310 1310 1310 1310 1310 1310 1310 1310 1310 1322 1322 1322 1322 1322 1322 1322 1322 1322 1323 1049 1049 1049 1049 1049 1049 1049 1050 1051 1052 1053 1054 1055 1056 1057 1058 1059 1059 1135 1136 1137 1138 1138 1139 1140 1141 1141 1142 1143 1143 1144
1252 1252 1252 1252 1252 1252 1252 1252 1252 1252 1252 1252 1252 1252 1252 1252 1252 1252 1252 1252 1252 1253 1253 1253 1253 1253 1253 1253 1253 1253 1253 1253 1253 1309 1310 1310 1310 1310 1310 1310 1310 1310 1310 1310 1310 1310 1310 1322 1322 1322 1322 1322 1322 1323 1049 1049 1049 1049 1049 1049 1050 1051 1052 1053 1054 1054 1055 1056 1057 1058 1059 1060 1135 1136 1137 1138 1139 1139 1140 1141 1141 1142 1143 1144 1144
1252 1252 1252 1252 1252 1252 1252 1252 1252 1252 1252 1252 1252 1252 1252 1252 1252 1252 1252 1252 1252 1253 1253 1253 1253 1253 1253 1253 1253 1253 1253 1253 1253 1309 1310 1310 1310 1310 1310 1310 1310 1310 1310 1310 1310 1310 1310 1310 1310 1310 1322 1322 1323 1323 1049 1049 1049 1049 1049 1049 1050 1051 1052 1053 1054 1055 1056 1056 1057 1058 1059 1135 1136 1136 1137 1138 1139 1139 1140 1141 1142 1142 1143 1144 1144
1252 1252 1252 1252 1252 1252 1252 1252 1252 1252 1252 1252 1252 1252 1252 1252 1252 1252 1252 1252 1253 1253 1253 1253 1253 1253 1253 1253 1253 1253 1253 1253 1253 1309 1310 1310 1310 1310 1310 1310 1310 1310 1310 1310 1310 1310 1310 1310 1310 1310 1310 1310 1311 1323 1049 1049 1049 1049 1049 1049 1050 1051 1052 1053 1054 1055 1056 1057 1058 1058 1059 1135 1136 1137 1137 1138 1139 1140 1140 1141 1142 1143 1143 1144 1145
1252 1252 1252 1252 1252 1252 1252 1252 1252 1252 1252 1252 1252 1252 1252 1252 1252 1252 1252 1252 1253 1253 1253 1253 1253 1253 1253 1253 1253 1253 1253 1253 1309 1310 1310 1310 1310 1310 1310 1310 1310 1310 1310 1310 1310 1310 1310 1310 1310 1310 1310 1311 1311 1049 1049 1049 1049 1049 1049 1049 1050 1051 1052 1053 1054 1055 1056 1057 1058 1059 1059 1135 1136 1137 1138 1138 1139 1140 1141 1141 1142 1143 1143 1144 1145
1252 1252 1252 1252 1252 1252 1252 1252 1252 1252 1252 1252 1252 1252 1252 1252 1252 1252 1252 1252 1253 1253 1253 1253 1253 1253 1253 1253 1253 1253 1253 1253 1309 1310 1310 1310 1310 1310 1310 1310 1310 1310 1310 1310 1310 1310 1310 1310 1310 1310 1310 1311 1311 1049 1049 1049 1049 1049 1049 1049 1051 1052 1053 1053 1054 1055 1056 1057 1058 1059 1135 1135 1136 1137 1138 1138 1139 1140 1141 1141 1142 1143 1144 1144 1145
1252 1252 1252 1252 1252 1252 1252 1252 1252 1252 1252 1252 1252 1252 1252 1252 1252 1252 1252 1252 1253 1253 1253 1253 1253 1253 1253 1253 1253 1253 1253 1253 1309 1310 1310 1310 1310 1310 1310 1310 1310 1310 1310 1310 1310 1310 1310 1310 1310 1310 1311 1311 1311 1049 1049 1049 1049 1049 1049 1049 1049 1049 1049 1054 1055 1055 1056 1057 1058 1059 1135 1135 1136 1137 1138 1139 1139 1140 1141 1142 1142 1143 1144 1144 1145
