testData/tiles/oneDegreeCosts/grid46.0-23.0-47.0-24.0.asc
ncols   200
nrows   200
xllcorner   46.0
yllcorner   23.0
cellsize   0.005
NODATA_value   -9999.0
[rows 126 to 167 of 200, columns 0 to 93 of 200]
353 353 353 353 353 353 353 316 316 316 316 316 316 316 316 316 316 316 316 317 317 317 317 317 317 318 318 318 318 318 318 318 319 319 319 319 319 319 319 319 320 320 320 320 320 320 320 320 320 320 320 320 321 321 321 321 321 305 305 305 305 305 305 305 305 305 305 305 305 305 304 304 304 304 304 304 304 304 304 304 304 304 304 304 304 304 304 304 304 304 319 319 319 319
353 353 353 353 353 353 353 316 316 316 316 316 316 316 316 316 316 316 316 316 316 316 316 316 316 316 316 316 316 317 317 317 317 317 317 317 318 318 318 318 318 318 318 318 318 318 319 319 319 319 319 319 319 319 319 319 303 303 303 303 304 304 304 304 304 304 304 304 303 303 303 303 303 303 303 303 303 303 303 303 303 303 303 303 303 303 303 303 302 302 318 318 318 317
353 353 353 353 353 353 353 316 316 316 316 316 316 316 316 316 316 316 316 316 316 316 316 316 316 316 316 316 316 316 316 316 316 316 316 316 316 316 316 316 316 317 317 317 317 317 317 317 317 317 317 317 318 318 302 302 302 302 302 302 302 302 302 302 302 302 301 301 301 301 301 301 301 301 301 301 301 301 301 301 301 301 301 301 301 301 301 300 300 300 316 316 316 316
190 353 353 353 353 353 353 316 316 316 316 316 316 316 316 316 316 316 316 316 316 316 316 316 316 316 316 316 316 316 316 316 316 316 316 316 316 316 316 316 316 316 316 316 316 316 316 316 316 316 316 316 300 300 300 300 300 300 300 300 300 300 300 301 300 300 300 300 300 300 300 300 300 300 300 300 300 300 300 300 300 300 300 300 300 299 299 299 299 315 314 314 314 314
190 190 190 353 353 353 353 316 316 316 316 316 316 316 316 316 316 316 316 316 316 316 316 316 316 316 316 316 316 316 316 316 316 316 316 316 316 316 316 316 316 316 316 316 316 316 316 316 316 316 300 300 300 300 300 300 300 300 300 300 300 299 299 299 299 299 299 299 299 299 299 299 299 299 299 299 299 299 299 299 299 299 299 299 298 298 298 298 298 314 314 314 314 314
190 190 190 190 190 353 353 316 316 316 316 316 316 316 316 316 316 316 316 316 316 316 316 316 316 316 316 316 316 316 316 316 316 316 316 316 316 316 316 316 316 316 316 316 316 316 316 316 316 300 300 300 300 300 300 300 300 300 300 299 299 299 299 299 299 299 299 299 299 299 299 299 299 299 299 299 299 299 299 299 299 299 298 298 298 298 298 298 298 314 314 314 314 314
190 190 190 190 190 190 190 316 316 316 316 316 316 316 316 316 316 316 316 316 316 316 316 316 316 316 316 316 316 316 316 316 316 316 316 316 316 316 316 316 316 316 316 316 316 316 316 300 300 300 300 300 300 300 300 300 299 299 299 299 299 299 299 299 299 299 299 299 299 299 299 299 299 299 299 299 299 299 299 299 298 298 298 298 298 298 298 298 298 314 314 314 314 314
190 190 190 190 190 190 190 153 153 316 316 316 316 316 316 316 316 316 316 316 316 316 316 316 316 316 316 316 316 316 316 316 316 316 316 316 316 316 316 316 316 316 316 316 316 300 300 300 300 300 300 300 299 299 299 299 299 299 299 299 299 299 299 299 299 299 299 299 299 299 299 299 299 299 299 299 299 299 298 298 298 298 298 298 298 298 298 298 298 314 314 314 314 314
157 158 158 190 190 190 190 153 153 153 153 316 316 316 316 316 316 316 316 316 316 316 316 316 316 316 316 316 316 316 316 316 316 316 316 316 316 316 316 316 316 316 316 300 300 300 300 300 299 299 299 299 299 299 299 299 299 299 299 299 299 299 299 299 299 299 299 299 299 299 299 299 299 299 299 299 298 298 298 298 298 298 298 298 298 298 298 298 314 314 314 314 314 314
157 157 157 157 157 157 158 121 121 121 121 153 153 316 316 316 316 316 316 316 316 316 316 316 316 316 316 316 316 316 316 316 316 316 316 316 316 316 316 316 316 316 300 299 299 299 299 299 299 299 299 299 299 299 299 299 299 299 299 299 299 299 299 299 299 299 299 299 299 299 299 299 299 299 298 298 298 298 298 298 298 298 298 298 298 298 298 298 314 314 314 314 313 313
157 157 157 157 157 157 157 120 120 120 120 120 120 121 121 284 284 284 284 316 316 316 316 316 316 316 316 316 316 316 316 316 316 316 316 316 315 315 315 315 299 299 299 299 299 299 299 299 299 299 299 299 299 299 299 299 299 299 299 299 299 299 299 299 299 299 299 299 299 299 299 299 298 298 298 298 298 298 298 298 298 298 298 298 298 298 298 298 314 314 314 313 313 313
157 157 157 157 157 157 157 120 120 120 120 120 120 120 120 120 120 283 283 283 283 283 283 283 283 283 283 283 283 283 315 315 315 315 315 315 315 315 299 299 299 299 299 299 299 299 299 299 299 299 299 299 299 299 299 299 299 299 299 299 299 299 299 299 299 299 299 299 299 299 298 298 298 298 298 298 298 298 298 298 298 298 298 298 298 298 298 298 314 313 313 313 313 313
157 157 157 157 157 157 157 120 120 120 120 120 120 120 120 120 120 120 120 283 283 283 283 283 283 283 283 283 283 283 283 283 283 283 283 283 267 267 267 267 267 267 267 299 299 299 299 299 299 299 299 299 299 299 299 299 299 299 299 299 299 299 299 299 299 299 299 298 298 298 298 298 298 298 298 298 298 298 298 298 298 298 298 298 298 298 298 297 313 313 313 313 313 313
157 157 157 157 157 157 157 120 120 120 120 120 120 120 120 120 120 120 120 120 120 120 283 283 283 283 283 283 283 283 283 283 283 283 267 267 267 267 267 267 267 267 267 267 267 267 267 267 267 267 267 267 267 267 267 267 267 267 267 267 267 267 267 267 267 266 266 266 266 266 266 266 266 266 266 266 266 266 266 266 266 266 266 266 266 266 265 265 281 281 281 281 281 281
157 157 157 157 157 157 157 120 120 120 120 120 120 120 120 120 120 120 120 120 120 120 120 120 283 283 283 283 283 283 283 283 267 267 267 267 267 267 267 267 267 267 267 267 267 267 267 267 267 267 267 267 267 267 267 267 267 267 267 267 267 267 266 266 266 266 266 266 266 266 266 266 266 266 266 266 266 266 266 266 266 266 266 266 265 265 265 281 281 281 281 281 281 281
157 157 157 157 157 157 157 120 120 120 120 120 120 120 120 120 120 120 120 120 120 120 120 120 120 120 283 283 283 283 267 267 267 267 267 267 267 267 267 267 267 267 267 267 267 267 267 267 267 267 267 267 267 267 267 267 267 267 267 266 266 266 266 266 266 266 266 266 266 266 266 266 266 266 266 266 266 266 266 266 266 266 265 265 265 265 265 281 281 281 281 281 281 281
157 157 157 157 157 157 157 120 120 120 120 120 120 120 120 120 120 120 120 120 120 120 120 120 120 120 120 120 104 267 267 267 267 267 267 267 267 267 267 267 267 267 267 267 267 267 267 267 267 267 267 267 267 267 267 266 266 266 266 266 266 266 266 266 266 266 266 266 266 266 266 266 266 266 266 266 266 266 266 266 265 265 265 265 265 265 265 281 281 281 281 281 281 281
157 157 157 157 157 157 157 120 120 120 120 120 120 120 120 120 120 120 120 120 120 120 120 120 120 120 104 104 104 104 104 267 267 267 267 267 267 267 267 267 267 267 267 267 267 267 267 267 267 267 267 266 266 266 266 266 266 266 266 266 266 266 266 266 266 266 266 266 266 266 266 266 266 266 266 266 266 266 265 265 265 265 265 265 265 265 265 281 281 281 281 281 281 281
156 156 156 157 157 157 157 120 120 120 120 120 120 120 120 120 120 120 120 120 120 120 120 120 104 104 104 104 104 104 104 104 104 104 267 267 267 267 267 267 267 267 267 267 267 267 266 266 266 266 266 266 266 266 266 266 266 266 266 266 266 266 266 266 266 266 266 266 266 266 266 266 266 266 266 265 265 265 265 265 265 265 265 265 265 265 265 281 281 281 281 281 281 280
156 156 156 156 156 156 156 119 119 119 120 120 120 120 120 120 120 120 120 120 120 120 104 104 104 104 104 104 104 104 104 104 104 104 104 104 267 267 267 266 266 266 266 266 266 266 266 266 266 266 266 266 266 266 266 266 266 266 266 266 266 266 266 266 266 266 266 266 266 266 266 266 266 265 265 265 265 265 265 265 265 265 265 265 265 265 265 281 281 281 281 280 280 280
156 156 156 156 156 156 156 119 119 119 119 119 119 119 119 119 119 119 119 119 103 103 103 103 103 103 103 103 103 103 103 103 103 103 103 103 103 103 103 266 266 266 266 266 266 266 266 266 266 266 266 266 266 266 266 266 266 266 266 266 266 266 266 266 266 266 266 266 266 266 265 265 265 265 265 265 265 265 265 265 265 265 265 265 265 265 281 281 281 280 280 280 280 280
156 156 156 156 156 156 156 119 119 119 119 119 119 119 119 119 119 119 103 103 103 103 103 103 103 103 103 103 103 103 103 103 103 103 103 103 103 103 103 103 103 266 266 266 266 266 266 266 266 266 266 266 266 266 266 266 266 266 266 266 266 266 266 266 266 266 266 265 265 265 265 265 265 265 265 265 265 265 265 265 265 265 265 265 265 265 281 280 280 280 280 280 280 280
156 156 156 156 156 156 156 119 119 119 119 119 119 119 119 119 103 103 103 103 103 103 103 103 103 103 103 103 103 103 103 103 103 103 103 103 103 103 103 103 103 103 103 103 266 266 266 266 266 266 266 266 266 266 266 266 266 266 266 266 266 266 266 266 265 265 265 265 265 265 265 265 265 265 265 265 265 265 265 265 265 265 265 265 265 264 280 280 280 280 280 280 280 280
156 156 156 156 156 156 156 119 119 119 119 119 119 119 103 103 103 103 103 103 103 103 103 103 103 103 103 103 103 103 103 103 103 103 103 103 103 103 103 103 103 103 103 103 103 103 103 266 266 266 266 266 266 266 266 266 266 266 266 266 266 265 265 265 265 265 265 265 265 265 265 265 265 265 265 265 265 265 265 265 265 265 265 264 264 264 280 280 280 280 280 280 280 280
156 156 156 156 156 156 156 119 119 119 119 119 103 103 103 103 103 103 103 103 103 103 103 103 103 103 103 103 103 103 103 103 103 103 103 103 103 103 103 103 103 103 103 103 103 103 103 103 103 103 266 266 266 266 266 266 266 265 265 265 265 265 265 265 265 265 265 265 265 265 265 265 265 265 265 265 265 265 265 265 265 264 264 264 264 264 280 280 280 280 280 280 280 280
156 156 156 156 156 156 156 119 119 103 103 103 103 103 103 103 103 103 103 103 103 103 103 103 103 103 103 103 103 103 103 103 103 103 103 103 103 103 103 103 103 103 103 103 103 103 103 103 103 103 103 103 103 265 265 265 265 265 265 265 265 265 265 265 265 265 265 265 265 265 265 265 265 265 265 265 265 265 264 264 264 264 264 264 264 264 280 280 280 280 280 280 280 280
155 155 156 156 156 156 156 103 103 103 103 103 103 103 103 103 103 103 103 103 103 103 103 103 103 103 103 103 103 103 103 103 103 103 103 103 103 103 103 103 103 103 103 103 103 103 103 102 102 102 102 102 102 102 102 265 265 265 265 265 265 265 265 265 265 265 265 265 265 265 265 265 265 265 265 265 264 264 264 264 264 264 264 264 264 264 280 280 280 280 280 280 280 279
155 155 155 155 155 139 139 102 102 103 103 103 103 103 103 103 103 103 103 103 103 103 103 103 103 103 103 103 103 103 103 103 103 103 103 103 103 103 103 103 102 102 102 102 102 102 102 102 102 102 102 102 102 102 102 102 102 102 265 265 265 265 265 265 265 265 265 265 265 265 265 265 265 264 264 264 264 264 264 264 264 264 264 264 264 264 280 280 280 280 280 279 279 279
155 155 139 139 139 139 139 102 102 102 102 102 102 102 102 102 102 102 102 102 102 102 102 102 102 102 102 102 102 102 102 102 102 102 102 102 102 102 102 102 102 102 102 102 102 102 102 102 102 102 102 102 102 102 102 102 102 102 102 102 102 102 265 265 265 265 265 265 265 265 264 264 264 264 264 264 264 264 264 264 264 264 264 264 264 280 280 280 280 279 279 279 279 279
139 139 139 139 139 139 139 102 102 102 102 102 102 102 102 102 102 102 102 102 102 102 102 102 102 102 102 102 102 102 102 102 102 102 102 102 102 102 102 102 102 102 102 102 102 102 102 102 102 102 102 102 102 102 102 102 102 102 102 102 102 102 102 102 102 265 265 264 264 264 264 264 264 264 264 264 264 264 264 264 264 264 264 264 264 280 280 279 279 279 279 279 279 279
139 139 139 139 139 139 139 102 102 102 102 102 102 102 102 102 102 102 102 102 102 102 102 102 102 102 102 102 102 102 102 102 102 102 102 102 102 102 102 102 102 102 102 102 102 102 102 102 102 102 102 102 102 102 102 102 102 102 102 102 102 102 102 101 101 101 101 101 264 264 264 264 264 264 264 264 264 264 264 264 264 264 264 264 263 279 279 279 279 279 279 279 279 279
139 139 139 139 139 139 139 102 102 102 102 102 102 102 102 102 102 102 102 102 102 102 102 102 102 102 102 102 102 102 102 102 102 102 102 102 102 102 102 102 102 102 102 102 102 102 102 102 102 102 102 102 102 102 102 102 102 102 102 101 101 101 101 101 101 101 101 101 101 101 101 264 264 264 264 264 264 264 264 264 264 264 263 263 263 279 279 279 279 279 279 279 279 279
139 139 139 139 139 139 139 102 102 102 102 102 102 102 102 102 102 102 102 102 102 102 102 102 102 102 102 102 102 102 102 102 102 102 102 102 102 102 102 102 102 102 102 102 102 102 102 102 102 102 102 102 102 102 102 101 101 101 101 101 101 101 101 101 101 101 101 101 101 101 101 101 101 101 101 264 264 264 264 263 263 263 263 263 263 279 279 279 279 279 279 279 279 279
139 139 139 139 139 139 139 102 102 102 102 102 102 102 102 102 102 102 102 102 102 102 102 102 102 102 102 102 102 102 102 102 102 102 102 102 102 102 102 102 102 102 102 102 102 102 102 102 102 102 101 101 101 101 101 101 101 101 101 101 101 101 101 101 101 101 101 101 101 101 101 101 101 101 101 101 101 100 263 263 263 263 263 263 263 279 279 279 279 279 279 279 279 279
138 138 138 138 138 138 139 102 102 102 102 102 102 102 102 102 102 102 102 102 102 102 102 102 102 102 102 102 102 102 102 102 102 102 102 102 102 102 102 102 102 102 102 101 101 101 101 101 101 101 101 101 101 101 101 101 101 101 101 101 101 101 101 101 101 101 101 101 101 101 101 101 101 101 100 100 100 100 100 100 100 100 263 263 263 279 279 279 279 279 279 278 278 278
138 138 138 138 138 138 138 101 101 101 101 101 101 101 101 101 101 101 102 102 102 102 102 102 102 102 102 102 102 102 102 101 101 101 101 101 101 101 101 101 101 101 101 101 101 101 101 101 101 101 101 101 101 101 101 101 101 101 101 101 101 101 101 101 101 101 101 101 101 101 101 100 100 100 100 100 100 100 100 100 100 100 100 100 100 116 279 279 279 278 278 278 278 278
138 138 138 138 138 138 138 101 101 101 101 101 101 101 101 101 101 101 101 101 101 101 101 101 101 101 101 101 101 101 101 101 101 101 101 101 101 101 101 101 101 101 101 101 101 101 101 101 101 101 101 101 101 101 101 101 101 101 101 101 101 101 101 101 101 101 101 100 100 100 100 100 100 100 100 100 100 100 100 100 100 100 100 100 100 116 116 115 115 115 278 278 278 278
138 138 138 138 138 138 138 101 101 101 101 101 101 101 101 101 101 101 101 101 101 101 101 101 101 101 101 101 101 101 101 101 101 101 101 101 101 101 101 101 101 101 101 101 101 101 101 101 101 101 101 101 101 101 101 101 101 101 101 101 101 101 101 100 100 100 100 100 100 100 100 100 100 100 100 100 100 100 100 100 100 100 100 100 100 115 115 115 115 115 115 115 115 115
138 138 138 138 138 138 138 101 101 101 101 101 101 101 101 101 101 101 101 101 101 101 101 101 101 101 101 101 101 101 101 101 101 101 101 101 101 101 101 101 101 101 101 101 101 101 101 101 101 101 101 101 101 101 101 101 101 101 101 100 100 100 100 100 100 100 100 100 100 100 100 100 100 100 100 100 100 100 100 100 100 100 99 99 115 115 115 115 115 115 115 115 115 115
138 138 138 138 138 138 138 101 101 101 101 101 101 101 101 101 101 101 101 101 101 101 101 101 101 101 101 101 101 101 101 101 101 101 101 101 101 101 101 101 101 101 101 101 101 101 101 101 101 101 101 101 101 101 100 100 100 100 100 100 100 100 100 100 100 100 100 100 100 100 100 100 100 100 100 100 100 100 100 99 99 99 99 99 115 115 115 115 115 115 115 115 115 115
137 138 138 138 138 138 138 101 101 101 101 101 101 101 101 101 101 101 101 101 101 101 101 101 101 101 101 101 101 101 101 101 101 101 101 101 101 101 101 101 101 101 101 101 101 101 101 101 100 100 100 100 100 100 100 100 100 100 100 100 100 100 100 100 100 100 100 100 100 100 100 100 100 100 100 100 99 99 99 99 99 99 99 99 115 115 115 115 115 115 115 115 115 114
137 137 137 137 137 137 137 100 100 101 101 101 101 101 101 101 101 101 101 101 101 101 101 101 101 101 101 101 101 101 101 101 101 101 101 101 101 101 101 101 100 100 100 100 100 100 100 100 100 100 100 100 100 100 100 100 100 100 100 100 100 100 100 100 100 100 100 100 100 100 100 100 99 99 99 99 99 99 99 99 99 99 99 99 115 115 115 115 115 115 114 114 114 114
