testData/tiles/oneDegreeCosts/grid37.0-45.0-38.0-46.0.asc
ncols   200
nrows   200
xllcorner   37.0
yllcorner   45.0
cellsize   0.005
NODATA_value   -9999.0
[rows 84 to 125 of 200, columns 94 to 187 of 200]
430 430 430 430 430 430 430 430 430 430 430 430 430 430 430 430 430 430 430 430 430 430 430 430 430 437 437 439 440 440 442 443 444 444 445 448 449 451 453 454 455 457 459 460 462 462 464 466 466 468 470 470 471 471 473 430 430 445 445 447 447 448 449 449 450 451 451 452 452 452 454 453 454 454 455 455 455 456 456 456 456 456 456 457 456 456 457 457 457 457 457 457 456 456
430 430 430 430 430 430 430 430 430 430 430 430 430 430 430 430 430 430 430 430 430 430 430 430 430 437 438 439 440 441 442 443 444 445 445 447 450 451 453 455 456 458 459 460 462 464 464 466 468 468 470 471 471 473 473 475 474 445 446 447 447 448 449 449 450 450 451 452 452 453 453 454 454 454 454 455 455 456 456 456 456 456 456 456 457 456 456 457 456 457 457 456 457 456
430 430 430 430 430 430 430 430 430 430 430 430 430 430 430 430 430 430 430 430 430 430 430 430 439 439 439 439 441 441 442 443 444 445 447 448 450 453 454 456 457 458 460 462 462 464 466 466 468 470 470 471 472 473 475 475 476 521 523 447 448 448 449 449 451 450 452 452 453 453 453 453 454 454 455 455 455 455 456 456 457 456 456 457 456 456 457 456 456 457 456 456 456 456
430 430 430 430 430 430 430 430 430 430 430 430 430 430 430 430 430 430 430 430 430 430 430 441 441 441 441 441 441 442 442 443 445 446 448 450 451 452 455 456 458 460 460 462 464 465 466 468 468 469 470 471 473 473 475 475 476 477 522 524 524 449 449 451 451 452 452 452 453 453 454 453 455 454 455 455 456 456 456 456 456 456 457 456 456 457 457 456 456 457 456 456 456 456
430 430 430 430 430 430 430 430 430 430 430 430 430 430 430 430 430 430 430 430 430 430 430 444 443 443 444 444 443 444 444 443 444 447 448 450 452 453 455 458 458 460 462 463 464 466 467 468 468 469 471 472 473 474 474 476 476 478 522 524 524 525 525 451 451 452 452 453 453 454 454 455 454 454 455 455 456 456 456 457 456 456 457 456 456 457 457 457 456 456 457 456 456 457
430 430 430 430 430 430 430 430 430 430 430 430 430 430 430 430 430 430 430 430 430 430 445 445 446 445 445 446 446 445 446 446 446 447 450 451 453 454 455 457 459 461 462 464 465 466 467 468 469 470 471 473 474 474 475 476 477 477 523 524 525 525 527 526 452 452 453 453 453 454 454 455 454 456 455 455 456 456 457 456 456 457 456 456 456 456 457 456 456 457 456 456 456 456
430 430 430 430 430 430 430 430 430 430 430 430 430 430 430 430 430 430 430 430 430 430 448 447 448 449 449 449 449 448 448 448 449 449 451 452 453 455 457 458 459 461 462 463 465 466 467 468 470 471 472 473 474 475 476 477 478 478 479 525 525 526 526 527 528 527 453 453 454 454 454 454 454 455 455 456 456 456 456 456 456 457 456 456 457 456 456 456 456 456 456 456 456 456
431 431 431 431 431 430 431 430 430 430 430 430 430 430 430 430 430 430 430 430 430 449 449 450 449 451 451 451 451 451 451 451 452 453 453 455 456 455 457 459 460 461 463 464 465 466 468 469 470 472 472 474 474 475 476 477 477 478 479 524 525 526 526 527 527 528 528 529 454 454 455 454 454 455 455 456 456 456 456 456 456 456 457 456 456 457 456 456 457 456 456 456 456 455
432 433 433 432 433 433 432 432 433 432 432 431 432 432 431 431 430 431 431 431 431 452 451 452 452 452 453 453 454 453 454 455 456 455 456 456 458 459 459 459 461 462 464 465 466 467 468 470 471 472 473 473 475 475 477 477 478 479 480 525 526 526 527 528 528 529 528 529 529 530 455 455 455 455 455 455 456 456 456 456 456 456 456 456 457 456 456 457 456 455 456 455 455 456
435 435 435 435 435 435 435 435 434 435 434 434 434 434 434 433 433 432 433 433 453 453 454 454 454 454 455 454 455 456 456 457 459 459 459 460 460 461 462 462 463 463 464 466 466 468 469 470 472 472 473 474 475 476 477 478 478 480 479 481 526 526 527 527 528 528 529 529 530 530 530 455 455 455 456 455 455 456 456 456 456 456 456 456 456 456 456 456 456 455 455 455 455 455
438 437 437 438 437 437 437 437 437 436 437 437 436 436 435 436 436 435 435 434 456 455 456 456 457 456 456 457 456 458 460 460 461 462 462 462 463 463 464 465 465 466 465 466 468 468 470 470 472 473 473 475 475 477 477 478 478 479 479 481 526 527 527 528 528 529 529 529 530 530 531 530 531 455 455 456 455 455 456 456 457 456 456 457 456 456 456 456 455 455 455 455 455 455
439 439 439 439 439 439 439 439 439 439 439 438 439 438 438 438 438 438 437 457 456 457 458 458 458 459 458 459 459 459 461 462 463 464 466 466 465 466 466 468 467 468 469 468 469 470 470 472 472 473 473 475 477 477 478 478 480 479 481 481 482 527 528 528 528 529 529 530 530 531 530 531 531 530 532 455 455 456 456 456 456 456 456 456 455 456 455 455 456 455 454 456 455 454
442 441 441 442 441 441 442 441 441 441 441 441 441 441 441 440 440 439 440 460 459 459 459 461 460 460 461 460 462 463 463 465 466 465 467 468 468 469 469 469 471 470 471 472 471 472 470 471 473 473 475 475 477 477 478 478 479 479 481 481 482 526 528 528 529 529 530 530 530 530 530 531 531 531 532 531 456 456 456 456 456 456 456 456 455 455 456 455 455 454 454 455 454 454
443 443 443 443 443 444 443 443 444 443 443 443 443 443 442 443 443 442 462 461 462 461 461 461 462 462 463 463 463 465 466 467 468 469 469 470 471 471 472 471 472 473 472 474 473 473 474 472 473 474 475 476 476 477 478 480 479 481 481 482 482 528 528 528 529 529 530 530 531 530 530 531 531 532 531 531 532 531 456 456 455 456 456 455 455 455 455 455 455 454 455 454 454 454
445 445 445 446 445 445 446 445 445 445 445 445 445 445 445 445 444 445 464 464 463 464 463 463 463 464 463 466 467 468 469 470 470 471 472 472 474 473 474 475 474 475 475 475 476 476 476 476 475 476 475 476 476 478 478 479 479 481 481 482 482 483 527 529 529 530 530 530 530 530 531 531 531 531 531 531 531 531 531 531 455 455 455 456 455 455 456 455 454 454 455 454 454 453
447 447 447 447 447 448 447 447 448 447 447 448 447 447 447 447 447 466 466 467 466 466 465 466 465 466 466 467 468 470 471 472 473 474 474 474 475 477 476 477 478 477 478 478 478 479 478 479 478 478 477 477 477 478 478 479 480 480 481 482 482 483 528 529 529 530 530 531 530 530 531 531 532 531 531 532 531 531 532 531 531 455 455 455 455 455 455 454 454 454 454 454 454 453
449 449 449 449 449 449 449 450 449 449 450 449 449 450 449 449 448 469 469 468 468 468 468 467 467 467 469 470 471 472 474 473 475 476 477 478 477 479 480 479 480 480 480 481 481 481 481 481 481 480 480 479 480 480 479 480 481 480 482 482 483 483 483 528 529 529 530 530 530 530 530 531 531 531 531 531 531 531 531 532 531 531 531 455 455 455 455 454 454 454 454 454 453 452
451 451 450 451 451 452 451 451 452 451 451 452 451 451 451 451 471 471 471 471 470 470 471 470 470 469 470 472 473 474 475 477 477 477 479 480 481 480 482 482 482 483 483 483 483 483 484 484 484 482 482 482 482 481 481 480 480 481 481 482 483 483 484 528 530 529 529 530 530 531 530 530 531 531 531 531 531 531 531 531 531 531 531 530 455 455 454 454 453 454 453 453 452 452
452 452 453 453 453 453 453 454 453 453 454 453 453 454 453 453 473 473 473 472 473 473 472 472 472 473 473 474 475 477 477 478 479 480 481 481 482 483 483 485 485 485 485 486 486 486 486 486 485 484 485 484 484 484 484 482 482 481 481 482 482 483 483 529 529 530 530 530 530 530 531 531 531 531 531 531 531 531 531 531 531 531 530 530 531 530 454 454 453 453 453 453 452 452
454 455 454 455 455 455 455 455 455 455 455 455 456 455 455 476 475 475 475 475 475 474 475 474 474 475 475 477 477 478 479 480 482 482 483 485 484 485 485 485 487 487 488 488 488 488 489 488 487 487 487 487 486 486 486 485 484 483 483 483 483 484 484 484 529 529 530 530 530 530 530 531 531 530 531 531 530 530 531 530 531 531 530 530 530 530 530 453 453 454 453 452 451 451
456 456 456 457 456 457 457 456 457 457 457 457 457 457 457 477 477 477 477 477 477 477 477 476 478 478 479 479 479 480 482 482 483 485 484 486 487 487 488 488 488 488 490 490 490 489 489 489 489 490 489 489 488 489 487 488 486 485 485 484 484 484 484 484 530 529 529 530 530 530 530 530 530 530 531 530 530 531 530 530 531 530 530 530 530 529 529 528 529 453 452 452 452 451
458 457 458 458 459 458 458 459 459 458 459 459 459 459 479 479 479 479 479 479 479 479 479 479 479 480 481 482 482 483 483 485 485 487 488 487 488 490 490 490 491 491 491 491 491 492 491 492 492 492 491 491 491 491 490 490 488 488 486 487 485 485 484 484 484 530 530 530 530 530 530 531 530 530 531 530 531 530 530 530 530 529 530 530 529 529 529 528 529 528 528 452 451 451
459 460 460 459 460 460 461 460 460 461 461 460 461 461 481 481 481 481 481 481 481 481 481 480 482 484 483 484 484 486 486 487 487 487 490 490 490 492 492 492 492 494 493 494 494 494 494 494 495 494 494 493 494 492 493 492 490 490 489 489 488 488 485 485 484 529 530 530 530 530 530 530 530 531 530 530 531 530 530 530 530 529 529 529 529 529 528 528 528 528 527 527 451 451
461 461 461 462 462 462 462 462 463 462 462 463 463 463 483 483 483 483 483 482 483 483 482 484 485 485 486 487 488 487 488 489 490 490 490 492 493 493 494 495 495 495 495 495 496 496 497 496 497 495 496 495 495 494 495 492 493 491 492 490 491 489 488 487 485 531 530 530 530 530 530 530 530 530 530 530 530 529 530 530 529 529 529 529 529 528 528 529 528 527 527 526 527 527
463 463 463 463 463 464 463 464 464 464 465 464 465 485 484 485 485 485 485 485 485 484 485 486 486 488 488 489 490 491 492 491 491 493 493 494 494 495 495 497 497 497 498 497 498 498 498 498 497 498 497 498 496 497 495 495 495 494 494 492 492 491 490 489 488 488 530 530 530 530 530 529 530 530 529 530 530 529 529 529 529 529 529 529 528 528 528 528 527 527 527 526 526 526
464 464 465 464 465 465 466 466 465 466 466 466 466 486 487 487 486 487 487 487 487 487 488 488 490 490 491 493 492 493 493 495 494 495 495 495 497 497 498 498 499 499 500 501 500 501 500 501 499 500 499 499 498 499 497 498 496 497 495 496 494 492 492 490 491 489 531 532 530 530 529 529 530 529 529 530 529 529 529 529 529 528 528 528 528 527 528 527 527 527 526 525 526 525
465 466 466 467 467 466 467 467 468 468 467 468 488 488 488 488 489 489 488 489 489 488 489 491 491 492 494 494 495 495 496 496 497 496 498 498 499 499 499 500 501 502 501 502 501 502 502 502 502 502 502 501 501 500 499 499 498 498 497 497 496 495 493 492 492 490 491 533 531 532 529 529 529 529 529 529 529 529 529 528 528 528 529 528 527 527 527 527 526 526 525 525 526 525
467 468 467 468 468 469 469 468 469 469 470 470 489 490 490 490 490 490 491 491 490 492 493 493 494 495 495 496 497 498 499 498 500 500 500 500 501 501 501 502 501 503 504 504 505 504 504 503 504 503 503 502 504 502 503 501 502 500 497 498 496 497 495 495 494 492 491 535 534 533 530 531 529 529 529 529 529 528 528 528 528 528 528 527 527 527 527 526 526 525 525 526 525 524
469 469 469 469 469 470 470 471 471 470 471 471 492 491 491 492 492 491 492 492 492 493 494 495 497 497 498 499 499 500 500 502 501 502 502 503 503 504 503 504 505 504 505 505 505 505 506 505 506 505 505 504 504 503 503 502 502 501 501 499 499 498 497 497 495 494 493 493 536 534 534 532 530 529 529 528 528 528 528 528 527 528 527 526 527 527 526 525 525 525 525 525 524 523
470 470 471 471 472 471 471 472 472 473 472 492 493 493 494 493 493 494 494 493 494 495 496 497 498 499 500 501 502 502 503 504 504 505 505 506 505 506 507 506 506 505 507 507 507 508 507 508 507 508 507 508 506 507 505 505 504 502 503 501 501 500 499 498 497 496 494 493 538 536 535 533 533 531 529 528 528 528 528 527 527 527 527 526 526 526 525 525 525 524 525 524 523 523
472 471 472 472 473 473 474 473 473 474 474 495 494 494 495 495 496 495 495 496 497 497 499 500 501 502 502 503 504 505 505 505 507 507 507 508 509 508 508 508 509 509 508 509 508 510 509 510 508 509 508 508 507 507 506 507 506 505 504 503 503 501 501 499 498 497 496 495 495 538 537 535 534 533 530 530 528 527 527 526 527 527 526 525 525 525 525 525 524 524 524 523 523 523
473 474 473 473 474 474 475 475 475 475 495 496 496 497 496 496 497 497 497 497 498 500 501 501 503 504 504 505 506 507 508 508 508 509 511 510 510 510 511 512 511 511 510 511 510 511 511 511 510 511 510 510 510 509 507 508 506 507 505 504 503 503 502 500 500 499 498 497 495 539 538 536 535 535 533 531 530 529 526 526 527 526 525 525 525 525 525 524 523 524 523 523 522 522
474 475 475 476 475 475 476 476 477 477 497 497 497 498 498 498 498 498 499 499 500 502 502 504 504 505 507 508 508 509 510 510 510 512 512 512 512 514 513 513 513 514 514 513 513 512 514 512 513 512 512 511 511 510 510 509 509 508 506 507 505 504 503 503 502 500 499 499 497 497 539 538 537 536 534 532 531 531 528 526 526 525 525 525 525 524 524 523 523 524 523 522 522 521
475 476 476 477 477 477 477 477 478 478 499 498 499 499 499 500 500 500 500 501 503 504 504 506 507 507 508 509 510 512 511 512 514 513 514 515 515 515 516 516 516 516 516 515 516 515 514 513 514 512 514 512 513 511 512 510 509 509 508 507 505 506 504 503 502 501 500 499 498 497 541 540 539 537 535 533 534 532 529 529 527 525 525 524 524 524 523 522 523 523 522 521 521 520
476 477 477 478 478 479 479 479 479 500 500 500 501 500 501 501 501 502 501 503 504 505 507 507 508 510 511 511 512 513 514 515 515 516 516 517 518 517 519 518 518 518 519 519 518 518 516 517 516 515 515 514 513 513 513 512 512 510 509 509 508 507 505 504 504 503 502 500 499 499 499 541 539 538 537 536 535 532 530 530 529 526 525 524 523 523 522 522 523 522 521 521 520 519
479 478 478 479 479 480 480 481 480 501 501 501 502 502 502 502 503 503 503 506 506 507 508 509 511 511 512 514 514 515 516 517 517 518 519 519 519 520 520 521 520 521 521 521 520 520 519 519 517 517 515 517 515 514 514 513 512 512 511 509 509 508 508 507 505 504 503 503 501 499 499 541 540 540 538 538 536 533 532 532 530 528 526 525 523 522 522 522 522 521 520 520 519 519
480 480 480 480 480 481 481 482 482 502 502 503 503 503 504 503 504 504 506 507 508 509 510 511 512 513 514 515 516 517 518 518 518 520 521 520 522 523 522 523 523 523 522 522 522 522 522 521 521 520 518 517 516 516 514 515 514 513 512 511 511 509 508 507 506 504 504 503 502 501 499 542 543 541 539 538 536 534 534 533 530 529 527 526 524 523 521 521 521 520 520 519 519 518
481 481 482 481 482 482 482 483 503 504 503 504 504 505 505 505 506 505 507 508 509 511 512 513 514 515 516 517 518 519 519 520 522 521 522 524 524 524 524 525 526 525 526 525 525 524 524 523 523 521 521 519 519 517 517 516 514 513 513 512 512 511 509 508 508 507 506 504 503 502 501 501 544 541 539 539 537 537 536 534 532 530 529 527 526 524 521 521 520 519 519 519 518 518
482 482 483 483 483 483 484 484 504 505 505 505 505 506 506 507 507 507 509 510 512 512 513 515 515 516 518 518 520 521 521 522 523 524 525 525 525 526 527 527 527 528 528 527 527 527 526 525 524 523 523 521 521 519 518 516 516 516 514 513 512 511 510 509 508 507 506 504 503 503 501 501 544 542 542 540 539 538 536 534 533 531 530 529 527 525 523 522 520 519 519 518 517 518
483 483 484 484 485 484 485 485 506 506 506 507 506 507 507 508 508 509 511 511 513 514 515 516 517 519 519 520 521 522 523 524 524 525 526 527 528 528 529 529 530 530 530 530 530 530 528 528 526 526 525 523 522 520 520 519 518 516 515 514 512 513 512 511 509 508 507 505 506 504 502 502 502 543 543 542 539 538 537 535 534 532 531 530 528 526 524 523 521 519 518 517 517 517
484 484 485 485 486 485 486 486 507 507 508 508 508 508 508 509 509 511 512 513 514 515 517 518 519 520 521 522 523 523 525 526 526 527 528 528 530 530 530 531 532 532 532 533 532 531 530 530 528 528 526 525 524 523 522 520 519 517 517 515 515 513 512 511 510 509 507 507 506 504 503 502 502 544 544 542 541 540 538 537 535 533 533 531 529 528 526 524 522 521 519 517 517 516
485 485 486 486 487 487 487 507 508 508 509 509 510 509 509 510 510 512 513 515 515 516 518 519 521 522 522 524 524 524 526 527 527 529 530 529 531 532 532 534 533 534 535 535 534 533 532 532 530 529 528 527 526 525 523 522 521 519 518 517 516 514 513 512 511 510 508 508 507 505 505 503 502 502 545 543 542 541 539 537 535 535 534 532 530 528 527 525 523 522 520 517 517 515
