testData/tiles/oneDegreeCosts/grid37.0-18.0-38.0-19.0.asc
ncols   200
nrows   200
xllcorner   37.0
yllcorner   18.0
cellsize   0.005
NODATA_value   -9999.0
[rows 126 to 167 of 200, columns 94 to 187 of 200]
860 860 860 860 861 861 861 861 862 862 862 863 863 863 863 864 864 864 864 865 865 865 865 866 866 865 865 866 866 866 866 867 867 867 867 867 868 868 868 868 869 869 869 869 869 870 870 870 870 871 871 871 871 871 872 872 873 873 873 874 874 874 874 874 876 876 876 875 581 581 582 582 582 583 583 584 584 584 675 675 675 677 677 676 676 676 676 677 677 677 677 678 678 678
860 860 860 860 861 861 861 861 862 862 862 863 863 863 863 864 864 864 864 865 865 865 865 865 865 865 865 866 866 866 866 867 867 867 867 867 868 868 868 868 869 869 869 869 869 870 870 869 869 870 870 870 871 871 872 872 872 872 872 874 874 874 874 874 874 875 874 875 581 581 582 582 582 582 582 582 584 584 584 675 675 676 675 675 675 676 676 677 677 677 677 677 677 677
860 860 860 860 861 861 861 861 862 862 862 863 863 863 863 864 864 864 864 865 865 864 864 865 865 865 865 866 866 866 866 867 867 867 867 867 868 868 868 868 869 869 869 869 869 870 869 869 869 870 870 870 870 870 871 872 872 872 872 873 873 873 873 874 874 874 874 580 580 580 581 582 582 582 582 582 583 583 583 584 675 675 675 675 675 675 675 675 676 677 677 677 677 677
860 860 860 860 861 861 861 861 862 862 862 863 863 863 863 864 864 864 864 864 864 864 864 865 865 865 865 866 866 866 866 867 867 867 867 867 868 868 868 868 869 869 869 869 869 869 869 869 869 869 870 870 870 870 871 871 871 871 872 873 873 873 873 873 872 873 580 580 580 580 581 581 581 581 582 582 583 583 583 583 582 673 674 675 675 675 675 675 676 676 676 676 677 677
859 860 860 860 861 861 861 861 862 862 862 863 863 863 863 864 864 863 863 864 864 864 864 865 865 865 865 866 866 866 866 866 867 867 867 867 868 868 868 868 869 869 869 868 868 869 869 869 869 869 870 870 870 870 871 871 871 871 871 871 872 873 873 872 872 579 579 579 579 580 581 581 581 581 581 581 582 582 583 582 582 582 674 674 674 674 674 675 676 676 676 676 676 675
859 860 860 860 861 861 861 861 862 862 862 862 863 863 863 863 863 863 863 864 864 864 864 865 865 865 865 866 866 866 866 866 867 867 867 867 868 868 868 868 869 869 868 868 868 869 869 869 869 869 870 870 870 870 870 871 871 871 871 871 872 872 871 871 871 579 579 579 579 579 580 580 580 581 581 581 582 582 581 581 581 581 583 674 674 674 674 674 675 675 675 676 675 675
859 860 860 860 861 861 861 861 862 862 862 862 863 862 862 863 863 863 863 864 864 864 864 865 865 865 865 866 866 866 866 866 867 867 867 867 868 868 868 868 868 868 868 868 868 869 869 869 869 869 870 870 870 870 870 871 871 871 871 871 871 871 871 871 577 578 578 578 578 579 580 580 580 580 580 580 581 581 581 581 581 581 582 582 673 673 674 674 675 675 675 674 674 674
859 860 860 860 861 861 861 861 862 862 861 861 862 862 862 863 863 863 863 864 864 864 864 865 865 865 865 865 866 866 866 866 867 867 867 867 868 868 868 867 867 868 868 868 868 869 869 869 869 869 870 870 870 870 870 871 871 871 871 870 871 871 871 577 577 578 578 578 578 578 579 579 580 580 580 580 580 580 580 580 580 581 582 582 582 673 673 673 674 674 674 674 674 674
859 860 860 860 861 861 861 861 861 861 861 861 862 862 862 862 863 863 863 864 864 864 864 865 865 865 865 865 866 866 866 866 867 867 867 867 868 867 867 867 867 868 868 868 868 869 869 869 869 869 870 870 870 870 870 871 871 871 870 870 871 871 577 577 577 578 578 578 578 578 578 579 579 579 579 578 580 580 580 580 580 580 581 581 581 582 673 673 674 674 673 673 673 673
859 860 860 860 861 860 860 860 861 861 861 861 862 862 862 862 863 863 863 863 864 864 864 864 865 865 865 865 866 866 866 866 867 867 867 867 867 867 867 867 867 868 868 868 868 869 869 869 869 869 870 870 870 870 870 871 871 870 870 870 871 871 577 577 577 578 578 578 578 578 578 579 579 579 578 578 579 579 579 579 580 580 581 581 581 581 581 672 673 673 673 673 673 673
859 860 859 859 859 860 860 860 861 861 861 861 862 862 862 862 863 863 863 863 864 864 864 864 865 865 865 865 866 866 866 866 867 867 866 866 867 867 867 867 867 868 868 868 868 869 869 869 869 869 870 870 870 870 870 871 870 870 870 870 871 577 577 577 577 578 578 578 578 578 578 579 579 578 578 578 579 579 579 579 579 579 580 580 580 581 581 581 672 672 672 672 672 672
858 859 859 859 859 860 860 860 861 861 861 861 862 862 862 862 863 863 863 863 864 864 864 864 865 865 865 865 866 866 866 866 866 866 866 866 867 867 867 867 867 868 868 868 868 868 869 869 869 869 870 870 870 870 869 870 870 870 870 870 577 577 577 577 577 578 578 578 578 578 578 579 578 578 578 578 578 579 579 579 579 579 580 580 580 580 580 579 579 672 672 672 672 672
858 859 859 859 859 860 860 860 861 861 861 861 862 862 862 862 863 863 863 863 864 864 864 864 865 865 865 865 866 866 866 865 866 866 866 866 866 867 867 867 867 868 868 868 868 868 869 869 869 869 870 870 870 869 869 870 870 870 870 576 577 577 577 577 577 577 578 578 578 578 578 578 578 578 578 578 578 579 579 579 579 579 579 580 580 580 579 579 579 580 671 671 671 671
858 859 859 859 859 860 860 860 860 861 861 861 862 862 862 862 863 863 863 863 864 864 864 864 865 865 865 865 866 865 865 865 866 866 866 866 866 867 867 867 867 868 868 868 868 868 869 869 869 869 869 869 869 869 869 870 870 870 576 576 577 577 577 577 577 577 578 578 578 577 577 578 578 578 578 578 578 579 579 579 579 579 579 580 580 579 579 579 579 580 580 671 671 671
858 859 859 859 859 860 860 860 860 861 861 861 862 862 862 862 863 863 863 863 864 864 864 864 865 865 865 864 865 865 865 865 866 866 866 866 866 867 867 867 867 868 868 868 868 868 869 869 869 869 868 869 869 869 869 869 870 870 576 576 576 577 577 577 577 577 578 578 577 577 577 578 578 578 578 578 578 579 579 579 579 579 579 580 579 579 579 579 579 580 580 580 671 671
858 858 859 859 859 860 860 860 860 861 861 861 862 862 862 862 863 863 863 863 864 864 864 864 865 864 864 864 865 865 865 865 865 866 866 866 866 867 867 867 867 868 868 868 868 868 869 869 869 868 868 869 869 869 869 869 870 576 576 576 576 577 577 577 577 577 578 577 577 577 577 578 578 578 578 578 578 579 579 579 579 579 579 579 579 579 579 579 579 580 580 580 671 671
858 858 859 859 859 860 860 860 860 861 861 861 861 862 862 862 863 863 863 863 864 864 864 863 864 864 864 864 864 865 865 865 865 866 866 866 866 867 867 867 867 867 868 868 868 868 869 868 868 868 868 869 869 869 869 869 576 576 576 576 576 577 577 577 577 577 577 577 577 577 577 577 578 578 578 578 578 579 579 579 579 579 578 579 579 579 579 579 579 580 580 580 580 671
858 858 859 859 859 860 860 860 860 861 861 861 861 862 862 862 862 863 863 863 863 863 863 863 863 864 864 864 864 865 865 865 865 866 866 866 866 867 867 867 867 867 868 868 868 868 868 868 868 868 868 869 869 869 869 575 576 576 576 576 576 577 577 577 577 576 577 577 577 577 577 577 578 578 578 578 578 578 579 579 578 578 578 579 579 579 579 579 579 579 580 580 580 580
858 858 859 859 859 860 860 860 860 861 861 861 861 862 862 862 862 863 862 862 862 863 863 863 863 864 864 864 864 865 865 865 865 866 866 866 866 867 867 867 867 867 868 868 867 867 867 868 868 868 868 869 869 869 575 575 576 576 576 576 576 577 577 576 576 576 576 577 577 577 577 577 578 578 578 578 578 578 579 578 578 578 578 578 579 579 579 579 579 579 580 580 580 579
858 858 859 859 859 859 860 860 860 861 861 861 861 862 862 862 861 862 862 862 862 863 863 863 863 864 864 864 864 865 865 865 865 866 866 866 866 866 867 867 867 867 867 867 867 867 867 868 868 868 868 869 869 575 575 575 576 576 576 576 576 577 576 576 576 576 576 577 577 577 577 577 578 578 578 578 578 578 578 578 578 578 578 578 579 579 579 579 579 579 580 580 579 579
858 858 859 859 859 859 860 860 860 861 861 861 861 862 861 861 861 862 862 862 862 863 863 863 863 864 864 864 864 865 865 865 865 866 866 866 866 866 867 867 867 866 867 867 867 867 867 868 868 868 868 868 575 575 575 575 575 576 576 576 576 575 576 576 576 576 576 577 577 577 577 577 578 578 578 578 578 577 578 578 578 578 578 578 579 579 579 579 579 579 580 579 579 579
858 858 859 859 859 859 860 860 860 860 861 860 860 861 861 861 861 862 862 862 862 863 863 863 863 864 864 864 864 865 865 865 865 865 866 866 866 866 867 866 866 866 867 867 867 867 867 868 868 868 868 574 575 575 575 575 575 576 576 575 575 575 576 576 576 576 576 577 577 577 577 577 577 578 578 578 577 577 578 578 578 578 578 578 579 579 579 579 579 579 579 579 579 579
858 858 859 859 859 859 860 860 859 859 860 860 860 860 861 861 861 862 862 862 862 863 863 863 863 864 864 864 864 865 865 865 865 865 866 866 866 865 866 866 866 866 866 867 867 867 867 868 868 868 574 574 575 575 575 575 575 576 575 575 575 575 576 576 576 576 576 577 577 577 577 577 577 578 578 577 577 577 577 578 578 578 578 578 578 579 579 579 579 579 579 579 643 643
858 858 858 859 859 858 859 859 859 859 860 860 860 860 861 861 861 861 862 862 862 863 863 863 863 863 864 864 864 864 865 865 865 865 866 866 865 865 866 866 866 866 866 867 867 867 867 868 868 868 574 574 575 575 575 575 574 575 575 575 575 575 576 576 576 576 576 576 577 577 577 577 577 577 577 577 577 577 577 578 578 578 578 578 578 579 579 579 579 579 642 643 643 643
858 858 857 858 858 858 859 859 859 859 860 860 860 860 861 861 861 861 862 862 862 862 863 863 863 863 864 864 864 864 865 865 865 865 865 865 865 865 865 866 866 866 866 867 867 867 867 867 868 574 574 574 575 575 575 574 574 575 575 575 575 575 575 576 576 576 576 576 577 577 577 577 576 577 577 577 577 577 577 578 578 578 578 578 578 579 579 642 642 642 642 643 643 643
857 857 857 858 858 858 858 859 859 859 860 860 860 860 861 861 861 861 862 862 862 862 863 863 863 863 864 864 864 864 865 865 864 864 865 865 865 865 865 866 866 866 866 867 867 867 867 867 574 574 574 574 574 575 574 574 574 574 575 575 575 575 575 576 576 576 576 576 577 577 577 576 576 576 577 577 577 577 577 578 578 578 578 578 578 643 642 642 642 642 642 642 643 643
857 857 857 858 858 858 858 859 859 859 860 860 860 860 861 861 861 861 862 862 862 862 863 863 863 863 864 864 864 864 864 864 864 864 864 865 865 865 865 866 866 866 866 867 867 867 867 573 574 574 574 574 573 574 574 574 574 574 575 575 575 575 575 576 576 576 576 576 577 577 576 576 576 576 577 577 577 577 577 577 578 578 578 642 642 641 642 642 642 642 642 642 643 643
857 857 857 858 858 858 858 859 859 859 859 860 860 860 861 861 861 861 862 862 862 862 863 863 863 863 864 864 863 863 864 864 864 864 864 865 865 865 865 866 866 866 866 866 867 867 573 573 574 574 573 573 573 574 574 574 574 574 575 575 575 575 575 576 576 576 576 576 575 576 576 576 576 576 577 577 577 577 577 577 578 642 642 642 641 641 642 642 642 642 642 642 643 643
857 857 857 857 858 858 858 859 859 859 859 860 860 860 860 861 861 861 862 862 862 862 863 863 863 862 862 863 863 863 863 864 864 864 864 865 865 865 865 866 866 866 866 866 867 573 573 573 573 573 573 573 573 574 574 574 574 574 575 575 575 575 575 575 576 576 576 575 575 576 576 576 576 576 577 577 577 577 577 641 642 642 641 641 641 641 642 642 642 642 642 642 643 643
857 857 857 857 858 858 858 859 859 859 859 860 860 860 860 861 861 861 861 862 862 862 862 862 862 862 862 863 863 863 863 864 864 864 864 865 865 865 865 865 866 866 866 866 573 573 573 572 572 573 573 573 573 573 574 574 574 574 574 575 575 575 575 575 576 576 575 575 575 576 576 576 576 576 576 577 577 641 641 641 642 641 641 641 641 641 642 642 642 642 642 642 642 643
857 857 857 857 858 858 858 858 859 859 859 860 860 860 860 861 861 861 861 862 862 861 861 862 862 862 862 863 863 863 863 864 864 864 864 865 865 865 865 865 866 866 866 572 573 572 572 572 572 573 573 573 573 573 574 574 574 574 574 575 575 575 575 575 575 575 575 575 575 576 576 576 576 576 576 641 641 641 641 641 640 641 641 641 641 641 641 642 642 642 642 642 642 643
856 857 857 857 858 858 858 858 859 859 859 860 860 860 860 861 861 861 860 861 861 861 861 862 862 862 862 863 863 863 863 864 864 864 864 864 865 865 865 865 866 866 572 572 571 572 572 572 572 573 573 573 573 573 574 574 574 574 574 575 575 575 575 574 575 575 575 575 575 575 576 576 576 640 640 641 641 641 641 640 640 641 641 641 641 641 641 642 642 642 642 642 642 642
856 857 857 857 858 858 858 858 859 859 859 859 860 860 860 861 860 860 860 861 861 861 861 862 862 862 862 863 863 863 863 863 864 864 864 864 865 865 865 865 572 572 571 571 571 572 572 572 572 572 573 573 573 573 574 574 574 574 574 575 575 574 574 574 574 575 575 575 575 575 576 640 640 640 640 640 641 641 640 640 640 641 641 641 641 641 641 642 642 642 642 642 641 641
856 857 857 857 857 858 858 858 859 859 859 859 860 859 859 859 860 860 860 860 861 861 861 861 862 862 862 862 863 863 863 863 864 864 864 864 865 865 865 571 570 571 571 571 571 572 572 572 572 572 573 573 573 573 573 574 574 574 574 574 574 574 574 574 574 575 575 575 575 639 640 640 640 640 640 640 640 640 640 640 640 640 641 641 641 641 641 641 642 642 641 641 641 641
856 857 857 857 857 858 858 858 859 859 858 858 859 859 859 859 860 860 860 860 861 861 861 861 862 862 862 862 863 863 863 863 864 864 864 864 865 865 570 570 570 571 571 571 571 572 572 572 572 572 573 573 573 573 573 574 574 574 573 573 574 574 574 574 574 575 575 639 639 639 639 640 640 640 640 639 640 640 640 640 640 640 641 641 641 641 641 641 642 641 641 641 641 641
856 856 857 857 857 858 858 857 857 858 858 858 859 859 859 859 860 860 860 860 861 861 861 861 862 862 862 862 863 863 863 863 864 864 864 864 863 570 570 570 570 571 571 571 571 571 572 572 572 572 573 573 573 573 573 574 574 573 573 573 574 574 574 574 574 574 639 639 639 639 639 640 640 640 639 639 639 640 640 640 640 640 641 641 641 641 641 641 641 641 641 641 641 641
856 856 857 856 856 857 857 857 857 858 858 858 858 859 859 859 860 860 860 860 861 861 861 861 862 862 862 862 863 863 863 863 863 864 863 863 569 570 570 570 570 571 571 571 571 571 572 572 572 572 572 573 573 573 573 572 573 573 573 573 573 574 574 574 638 638 639 639 639 639 639 640 639 639 639 639 639 640 640 640 640 640 640 641 641 641 641 640 640 641 641 641 641 641
855 855 856 856 856 856 857 857 857 858 858 858 858 859 859 859 859 860 860 860 860 861 861 861 861 862 862 862 862 863 863 863 862 863 863 569 569 570 570 570 570 570 571 571 571 571 572 572 572 572 572 573 573 573 572 572 573 573 573 573 573 574 638 638 638 638 639 639 639 639 639 638 639 639 639 639 639 640 640 640 640 640 640 641 641 641 640 640 640 641 641 641 641 641
855 855 856 856 856 856 857 857 857 858 858 858 858 859 859 859 859 860 860 860 860 861 861 861 861 862 862 862 862 863 862 862 862 863 569 569 569 569 570 570 570 570 571 571 571 571 571 572 572 572 572 573 572 572 572 572 573 573 573 573 573 638 638 638 638 638 638 639 639 639 638 638 639 639 639 639 639 639 640 640 640 640 640 641 640 640 640 640 640 640 641 641 641 641
855 855 856 856 856 856 857 857 857 857 858 858 858 859 859 859 859 860 860 860 860 861 861 861 861 862 862 861 861 862 862 862 862 568 569 569 569 569 570 570 570 570 571 571 571 571 571 572 572 572 571 571 572 572 572 572 572 573 573 637 637 637 638 638 638 638 638 639 638 638 638 638 639 639 639 639 639 639 640 640 640 640 640 639 640 640 640 640 640 640 641 641 641 641
855 855 855 856 856 856 857 857 857 857 858 858 858 858 859 859 859 859 860 860 860 861 861 861 861 861 861 861 861 861 862 568 568 568 569 569 569 569 570 570 570 570 570 571 571 571 571 572 571 571 571 571 572 572 572 572 572 637 637 637 637 637 638 638 638 638 638 638 638 638 638 638 638 639 639 639 639 639 640 640 640 640 639 639 640 640 640 640 640 640 641 641 641 641
855 855 855 856 856 856 856 857 857 857 858 858 858 858 859 859 859 859 860 860 860 860 861 860 860 860 861 861 861 861 568 568 568 568 569 569 569 569 570 570 570 570 570 571 571 571 571 570 571 571 571 571 572 572 572 572 636 637 637 637 637 637 638 638 638 637 637 637 638 638 638 638 638 639 639 639 639 639 639 640 640 639 639 639 639 640 640 640 640 640 640 641 641 641
