testData/tiles/oneDegreeCosts/grid22.0-39.0-23.0-40.0.asc
ncols   200
nrows   200
xllcorner   22.0
yllcorner   39.0
cellsize   0.005
NODATA_value   -9999.0
[rows 0 to 41 of 200, columns 0 to 93 of 200]
768 768 768 768 768 768 768 768 768 768 768 768 768 768 768 768 768 768 768 768 768 768 792 792 792 792 792 792 792 792 792 792 792 792 792 792 792 792 792 792 792 792 792 792 792 784 784 784 784 784 784 784 784 783 783 783 783 783 783 783 783 783 783 783 783 783 783 783 783 783 783 783 783 783 783 783 783 783 783 783 783 783 783 783 783 783 783 783 782 782 782 782 782 725
768 768 768 768 768 768 768 768 768 768 768 768 768 768 768 768 768 768 768 768 768 768 792 792 792 792 792 792 792 792 792 792 792 792 792 792 792 792 792 792 792 792 792 792 792 792 792 784 784 784 784 784 783 783 783 783 783 783 783 783 783 783 783 783 783 783 783 783 783 783 783 783 783 783 783 783 783 783 783 783 783 783 783 783 783 783 783 782 782 782 782 782 782 782
768 768 768 768 768 768 768 768 768 768 768 768 768 768 768 768 768 768 768 768 768 768 792 792 792 792 792 792 792 792 792 792 792 792 792 792 792 792 792 792 792 792 792 792 792 792 792 792 784 784 784 783 783 783 783 783 783 783 783 783 783 783 783 783 783 783 783 783 783 783 783 783 783 783 783 783 783 783 783 783 783 783 783 783 783 783 783 782 782 782 782 782 782 782
768 768 768 768 768 768 768 768 768 768 768 768 768 768 768 768 768 768 768 768 768 768 792 792 792 792 792 792 792 792 792 792 792 792 792 792 792 792 792 792 792 792 792 792 792 792 792 792 792 792 783 783 783 783 783 783 783 783 783 783 783 783 783 783 783 783 783 783 783 783 783 783 783 783 783 783 783 783 783 783 783 783 783 783 783 783 782 782 782 782 782 782 782 782
768 768 768 768 768 768 768 768 768 768 768 768 768 768 768 768 768 768 768 768 768 792 792 792 792 792 792 792 792 792 792 792 792 792 792 792 792 792 792 792 792 792 792 792 792 792 792 792 792 791 791 791 783 783 783 783 783 783 783 783 783 783 783 783 783 783 783 783 783 783 783 783 783 783 783 783 783 783 783 783 783 783 783 783 783 782 782 782 782 782 782 782 782 782
768 768 768 768 768 768 768 768 768 768 768 768 768 768 768 768 768 768 768 768 768 792 792 792 792 792 792 792 792 792 792 792 792 792 792 792 792 792 792 792 792 792 792 792 792 792 792 792 791 791 791 791 791 783 783 783 783 783 783 783 783 783 783 783 783 783 783 783 783 783 783 783 783 783 783 783 783 783 783 783 783 783 783 783 782 782 782 782 782 782 782 782 782 782
937 768 768 768 768 768 768 768 768 768 768 768 768 768 768 768 768 768 768 768 768 792 792 792 792 792 792 792 792 792 792 792 792 792 792 792 792 792 792 792 792 792 792 792 792 792 792 791 791 791 791 791 791 791 791 783 783 783 783 783 783 783 783 783 783 783 783 783 783 783 783 783 783 783 783 783 783 783 783 783 783 783 783 783 782 782 782 782 782 782 782 782 782 782
937 937 768 768 768 768 768 768 768 768 768 768 768 768 768 768 768 768 768 768 768 792 792 792 792 792 792 792 792 792 792 792 792 792 792 792 792 792 792 792 792 792 792 792 792 792 791 791 791 791 791 791 791 791 791 791 783 783 783 783 783 783 783 783 783 783 783 783 783 783 783 783 783 783 783 783 783 783 783 783 783 783 783 782 782 782 782 782 782 782 782 782 782 782
937 937 937 768 768 768 768 768 768 768 768 768 768 768 768 768 768 768 768 768 768 792 792 792 792 792 792 792 792 792 792 792 792 792 792 792 792 792 792 792 792 792 792 792 791 791 791 791 791 791 791 791 791 791 791 791 791 791 783 783 783 783 783 783 783 783 783 783 783 783 783 783 783 783 783 783 783 783 783 783 783 783 782 782 782 782 782 782 782 782 782 782 782 782
937 937 937 937 768 768 768 768 768 768 768 768 768 768 768 768 768 768 768 768 768 792 792 792 792 792 792 792 792 792 792 792 792 792 792 792 792 792 792 792 792 792 792 791 791 791 791 791 791 791 791 791 791 791 791 791 791 791 791 783 783 783 783 783 783 783 783 783 783 783 783 783 783 783 783 783 783 783 783 783 783 782 782 782 782 782 782 782 782 782 782 782 782 782
937 937 937 937 937 768 768 768 768 768 768 768 768 768 768 768 768 768 768 768 768 792 792 792 792 792 792 792 792 792 792 792 792 792 792 792 792 792 792 792 792 792 791 791 791 791 791 791 791 791 791 791 791 791 791 791 791 791 791 791 791 783 783 783 783 783 783 783 783 783 783 783 783 783 783 783 783 783 783 783 782 782 782 782 782 782 782 782 782 782 782 782 782 782
937 937 937 937 937 937 768 768 768 768 768 768 768 768 768 768 768 768 768 768 768 792 792 792 792 792 792 792 792 792 792 792 792 792 792 792 792 792 792 792 792 791 791 791 791 791 791 791 791 791 791 791 791 791 791 791 791 791 791 791 791 791 783 783 783 783 783 783 783 783 783 783 783 783 783 783 783 783 783 782 782 782 782 782 782 782 782 782 782 782 782 782 782 782
1024 1024 1024 1023 937 937 937 768 768 768 768 768 768 768 768 768 768 768 768 768 768 792 792 792 792 792 792 792 792 792 792 792 792 792 792 792 792 792 792 791 791 791 791 791 791 791 791 791 791 791 791 791 791 791 791 791 791 791 791 791 791 791 791 783 783 783 783 783 783 783 783 783 783 783 783 783 783 783 782 782 782 782 782 782 782 782 782 782 782 782 782 782 782 782
1024 1024 1024 1024 1024 1023 1023 937 768 768 768 768 768 768 768 768 768 768 768 768 768 792 792 792 792 792 792 792 792 792 792 792 792 792 792 792 792 792 791 791 791 791 791 791 791 791 791 791 791 791 791 791 791 791 791 791 791 791 791 791 791 791 791 791 791 783 783 783 783 783 783 783 783 783 783 783 783 782 782 782 782 782 782 782 782 782 782 782 782 782 782 782 782 782
1024 1024 1024 1024 1024 1024 1024 1024 1023 853 768 768 768 768 768 768 768 768 768 768 768 792 792 792 792 792 792 792 792 792 792 792 792 792 792 792 791 791 791 791 791 791 791 791 791 791 791 791 791 791 791 791 791 791 791 791 791 791 791 791 791 791 791 791 791 791 783 783 783 783 783 783 783 783 783 783 783 782 782 782 782 782 782 782 782 782 782 782 782 782 782 782 782 782
1025 1024 1024 1024 1024 1024 1024 1024 1024 1024 853 853 768 768 768 768 768 768 768 768 768 792 792 792 792 792 792 792 792 792 792 792 792 792 792 791 791 791 791 791 791 791 791 791 791 791 791 791 791 791 791 791 791 791 791 791 791 791 791 791 791 791 791 791 791 791 791 783 783 783 783 783 783 783 783 783 782 782 782 782 782 782 782 782 782 782 782 782 782 782 782 782 782 782
1025 1025 1025 1025 1024 1024 1024 1024 1024 1024 854 854 854 853 853 768 768 768 768 768 768 792 792 792 792 792 792 792 792 792 792 792 792 792 791 791 791 791 791 791 791 791 791 791 791 791 791 791 791 791 791 791 791 791 791 791 791 791 791 791 791 791 791 791 791 791 791 791 791 783 783 783 783 783 783 782 782 782 782 782 782 782 782 782 782 782 782 782 782 782 782 782 782 782
1025 1025 1025 1025 1025 1025 1025 1024 1024 1024 1024 854 854 854 854 853 853 768 768 768 768 792 792 792 792 792 792 792 792 792 792 792 791 791 791 791 791 791 791 791 791 791 791 791 791 791 791 791 791 791 791 791 791 791 791 791 791 791 791 791 791 791 791 791 791 791 791 791 791 791 783 783 783 783 782 782 782 782 782 782 782 782 782 782 782 782 782 782 782 782 782 782 782 782
1026 1025 1025 1025 1025 1025 1025 1025 1025 1024 1024 1024 854 854 854 854 854 853 853 768 768 792 792 792 792 792 792 792 792 792 791 791 791 791 791 791 791 791 791 791 791 791 791 791 791 791 791 791 791 791 791 791 791 791 791 791 791 791 791 791 791 791 791 791 791 791 791 791 791 791 791 783 783 782 782 782 782 782 782 782 782 782 782 782 782 782 782 782 782 782 782 782 782 782
1033 1031 1029 1026 1025 1025 1025 1025 1025 1025 1025 1024 1024 854 854 854 854 854 854 853 853 792 792 792 792 792 792 792 792 791 791 791 791 791 791 791 791 791 791 791 791 791 791 791 791 791 791 791 791 791 791 791 791 791 791 791 791 791 791 791 791 791 791 791 791 791 791 791 791 791 791 791 790 782 782 782 782 782 782 782 782 782 782 782 782 782 782 782 782 782 782 782 782 782
1038 1036 1034 1032 1030 1028 1025 1025 1025 1025 1025 1025 1025 1025 854 854 854 854 854 854 854 878 878 792 792 792 792 791 791 791 791 791 791 791 791 791 791 791 791 791 791 791 791 791 791 791 791 791 791 791 791 791 791 791 791 791 791 791 791 791 791 791 791 791 791 791 791 791 791 791 791 790 790 790 782 782 782 782 782 782 782 782 782 782 782 782 782 782 782 782 782 782 782 782
1042 1041 1039 1037 1035 1033 1031 1029 1026 1025 1025 1025 1025 1025 1025 855 854 854 854 854 854 879 879 878 878 791 791 791 791 791 791 791 791 791 791 791 791 791 791 791 791 791 791 791 791 791 791 791 791 791 791 791 791 791 791 791 791 791 791 791 791 791 791 791 791 791 791 791 791 791 790 790 790 790 790 782 782 782 782 782 782 782 782 782 782 782 782 782 782 782 782 782 782 782
1047 1046 1043 1041 1040 1038 1036 1034 1032 1029 1026 1025 1025 1025 1025 1025 855 855 854 854 854 879 879 878 878 877 791 791 791 791 791 791 791 791 791 791 791 791 791 791 791 791 791 791 791 791 791 791 791 791 791 791 791 791 791 791 791 791 791 791 791 791 791 791 791 791 791 791 790 790 790 790 790 790 790 790 782 782 782 782 782 782 782 782 782 782 782 782 782 782 782 782 782 782
1051 1050 1048 1047 1044 1042 1040 1038 1036 1034 1032 1029 1026 1025 1025 1025 855 855 855 855 854 878 878 878 878 878 878 877 791 791 791 791 791 791 791 791 791 791 791 791 791 791 791 791 791 791 791 791 791 791 791 791 791 791 791 791 791 791 791 791 791 791 791 791 791 791 791 790 790 790 790 790 790 790 790 790 790 782 782 782 782 782 782 782 782 782 782 782 782 782 782 782 782 782
1055 1053 1052 1050 1049 1047 1045 1042 1040 1038 1036 1034 1031 1029 1027 1025 1025 855 855 854 854 879 878 878 878 878 878 878 878 791 791 791 791 791 791 791 791 791 791 791 791 791 791 791 791 791 791 791 791 791 791 791 791 791 791 791 791 791 791 791 791 791 791 791 791 791 790 790 790 790 790 790 790 790 790 790 790 790 782 782 782 782 782 782 782 782 782 782 782 782 782 782 782 782
1059 1057 1055 1054 1052 1050 1049 1047 1045 1042 1040 1038 1036 1033 1031 1028 1026 1024 854 854 854 879 879 879 878 878 878 878 878 878 877 791 791 791 791 791 791 791 791 791 791 791 791 791 791 791 791 791 791 791 791 791 791 791 791 791 791 791 791 791 791 791 791 791 791 790 790 790 790 790 790 790 790 790 790 790 790 790 790 790 782 782 782 782 782 782 782 782 782 782 782 782 782 782
1062 1061 1059 1057 1055 1054 1052 1050 1048 1047 1045 1042 1039 1037 1035 1031 1029 1026 1025 854 854 879 879 879 879 879 878 878 878 878 878 878 791 791 791 791 791 791 791 791 791 791 791 791 791 791 791 791 791 791 791 791 791 791 791 791 791 791 791 791 791 791 791 791 790 790 790 790 790 790 790 790 790 790 790 790 790 790 790 790 790 782 782 782 782 782 782 782 782 782 782 782 782 782
1065 1064 1062 1061 1059 1058 1055 1053 1052 1050 1048 1046 1044 1040 1037 1035 1033 1030 1027 1025 855 879 879 879 879 879 879 878 878 878 878 878 878 792 791 791 791 791 791 791 791 791 791 791 791 791 791 791 791 791 791 791 791 791 791 791 791 791 791 791 791 791 791 790 790 790 790 790 790 790 790 790 790 790 790 790 790 790 790 790 790 790 782 782 782 782 782 782 782 782 782 782 782 782
1068 1067 1065 1064 1062 1061 1059 1057 1055 1053 1050 1048 1046 1044 1042 1040 1036 1034 1031 1028 856 880 880 879 879 879 879 879 879 878 878 878 878 878 792 791 791 791 791 791 791 791 791 791 791 791 791 791 791 791 791 791 791 791 791 791 791 791 791 791 791 791 790 790 790 790 790 790 790 790 790 790 790 790 790 790 790 790 790 790 790 790 790 782 782 782 782 782 782 782 782 782 782 782
1071 1070 1068 1066 1065 1063 1062 1060 1057 1056 1053 1051 1049 1047 1045 1043 1040 1038 1035 1032 1029 881 880 880 879 879 879 879 879 879 879 878 878 878 878 792 792 791 791 791 791 791 791 791 791 791 791 791 791 791 791 791 791 791 791 791 791 791 791 791 790 790 790 790 790 790 790 790 790 790 790 790 790 790 790 790 790 790 790 790 790 790 790 790 782 782 782 782 782 782 782 782 782 782
1074 1072 1071 1070 1067 1065 1063 1062 1060 1058 1056 1055 1052 1050 1048 1046 1043 1041 1039 1035 1032 1055 882 880 880 880 879 879 879 879 879 879 879 878 878 878 792 792 792 791 791 791 791 791 791 791 791 791 791 791 791 791 791 791 791 791 791 791 791 790 790 790 790 790 790 790 790 790 790 790 790 790 790 790 790 790 790 790 790 790 790 790 790 790 790 782 782 782 782 782 782 782 782 782
1076 1075 1072 1071 1069 1068 1066 1064 1062 1061 1059 1057 1055 1053 1050 1048 1046 1044 1041 1039 1036 1058 1055 882 880 880 880 880 879 879 879 879 879 879 878 878 878 792 792 792 791 791 791 791 791 791 791 791 791 791 791 791 791 791 791 791 791 791 790 790 790 790 790 790 790 790 790 790 790 790 790 790 790 790 790 790 790 790 790 790 790 790 790 790 790 790 782 782 782 782 782 782 782 782
1078 1076 1074 1073 1072 1070 1069 1067 1065 1063 1061 1059 1057 1056 1054 1052 1048 1046 1044 1042 1039 1062 1059 1055 882 880 880 880 880 880 879 879 879 879 879 879 878 878 792 792 792 792 791 791 791 791 791 791 791 791 791 791 791 791 791 791 790 790 790 790 790 790 790 790 790 790 790 790 790 790 790 790 790 790 790 790 790 790 790 790 790 790 790 790 790 790 790 782 782 782 782 782 782 782
1080 1078 1077 1075 1073 1072 1071 1069 1067 1066 1064 1061 1060 1058 1056 1054 1052 1050 1046 1044 1067 1064 1061 1059 886 882 880 880 880 880 880 879 879 879 879 879 879 878 878 792 792 792 792 791 791 791 791 791 791 791 791 791 791 791 791 790 790 790 790 790 790 790 790 790 790 790 790 790 790 790 790 790 790 790 790 790 790 790 790 790 790 790 790 790 790 790 790 790 782 782 782 782 782 782
1081 1080 1079 1078 1076 1075 1072 1071 1069 1068 1066 1064 1063 1060 1058 1056 1054 1052 1050 1047 1047 1066 1064 1061 1058 885 882 880 880 880 880 880 880 879 879 879 879 879 879 792 792 792 792 792 791 791 791 791 791 791 791 791 791 791 790 790 790 790 790 790 790 790 790 790 790 790 790 790 790 790 790 790 790 790 790 790 790 790 790 790 790 790 790 790 790 790 790 790 790 782 782 782 782 782
1083 1082 1080 1079 1078 1076 1075 1073 1071 1069 1068 1066 1064 1062 1061 1058 1056 1054 1051 1049 1047 1069 1066 1063 1061 1058 885 882 880 880 880 880 880 880 879 879 879 879 879 879 792 792 792 792 792 792 791 791 791 791 791 791 790 790 790 790 790 790 790 790 790 790 790 790 790 790 790 790 790 790 790 790 790 790 790 790 790 790 790 790 790 790 790 790 790 790 790 790 790 790 782 782 782 781
1085 1084 1082 1081 1079 1078 1076 1075 1073 1072 1069 1068 1066 1064 1062 1060 1058 1055 1053 1051 1049 1071 1069 1066 1063 1060 1057 884 881 881 880 880 880 880 880 880 879 879 879 879 793 793 792 792 792 792 792 791 791 791 791 790 790 790 790 790 790 790 790 790 790 790 790 790 790 790 790 790 790 790 790 790 790 790 790 790 790 790 790 790 790 790 790 790 790 790 790 790 790 790 790 782 781 781
1087 1085 1084 1083 1081 1079 1078 1076 1075 1073 1072 1070 1067 1066 1064 1062 1060 1058 1056 1053 1050 1073 1071 1068 1065 1062 1059 886 883 881 881 881 880 880 880 880 880 880 879 879 879 793 793 792 792 792 792 792 792 790 790 790 790 790 790 790 790 790 790 790 790 790 790 790 790 790 790 790 790 790 790 790 790 790 790 790 790 790 790 790 790 790 790 790 790 790 790 790 790 790 790 789 781 781
1088 1087 1085 1084 1083 1081 1080 1078 1076 1075 1073 1071 1070 1068 1065 1063 1061 1059 1057 1055 1053 1075 1072 1070 1067 1064 1062 1058 885 881 881 881 881 880 880 880 880 880 880 879 879 793 793 793 793 792 792 792 791 791 790 790 790 790 790 790 790 790 790 790 790 790 790 790 790 790 790 790 790 790 790 790 790 790 790 790 790 790 790 790 790 790 790 790 790 790 790 790 790 790 789 789 789 781
1090 1088 1086 1085 1084 1082 1081 1080 1078 1076 1074 1072 1071 1069 1067 1065 1063 1061 1058 1056 1054 1077 1075 1071 1069 1066 1063 1060 1057 883 881 881 881 881 881 880 880 880 880 880 879 879 793 793 793 793 791 791 791 791 791 790 790 790 790 790 790 790 790 790 790 790 790 790 790 790 790 790 790 790 790 790 790 790 790 790 790 790 790 790 790 790 790 790 790 790 790 790 790 789 789 789 789 789
1091 1089 1088 1086 1085 1083 1082 1081 1079 1078 1076 1073 1072 1070 1068 1066 1065 1063 1060 1057 1055 1078 1076 1073 1070 1067 1064 1062 1059 885 881 881 881 881 881 881 880 880 880 880 880 880 793 793 793 792 792 791 791 791 791 791 790 790 790 790 790 790 790 790 790 790 790 790 790 790 790 790 790 790 790 790 790 790 790 790 790 790 790 790 790 790 790 790 790 790 790 790 789 789 789 789 789 789
1091 1090 1089 1088 1086 1084 1083 1081 1080 1078 1077 1075 1074 1071 1069 1067 1065 1064 1062 1059 1056 1079 1077 1074 1072 1069 1066 1063 1060 1057 883 882 881 881 881 881 881 881 880 880 880 880 880 792 792 792 792 792 792 791 791 791 791 791 790 790 790 790 790 790 790 790 790 790 790 790 790 790 790 790 790 790 790 790 790 790 790 790 790 790 790 790 790 790 790 790 790 789 789 789 789 789 789 789
