testData/tiles/oneDegreeCosts/grid21.0-24.0-22.0-25.0.asc
ncols   200
nrows   200
xllcorner   21.0
yllcorner   24.0
cellsize   0.005
NODATA_value   -9999.0
[rows 84 to 125 of 200, columns 0 to 93 of 200]
442 442 442 442 442 442 442 442 443 443 443 443 443 443 443 443 443 443 442 442 442 442 442 442 442 442 442 441 441 442 442 442 442 442 442 442 442 442 443 442 442 442 442 443 363 363 363 363 363 363 363 363 362 363 363 363 363 362 363 363 362 362 362 363 362 362 362 362 362 362 362 361 361 362 362 361 361 361 360 361 361 361 360 360 361 360 360 360 359 359 360 359 359 359
442 442 442 442 442 442 442 442 442 443 443 443 443 443 442 442 442 442 442 442 442 442 442 442 441 441 441 441 441 441 442 441 441 441 441 442 442 441 441 442 442 442 441 441 363 363 363 362 362 363 363 362 362 362 363 362 362 362 362 362 362 362 362 361 362 362 362 361 361 361 361 361 361 361 360 361 361 360 360 360 361 360 360 360 359 359 360 359 359 359 358 358 359 359
442 442 442 442 442 442 441 441 441 441 442 442 442 442 442 442 442 442 442 442 441 441 441 441 441 441 441 441 440 440 440 441 441 441 441 440 441 441 441 441 440 441 441 362 362 361 362 362 362 362 361 362 362 362 361 361 362 362 361 361 361 362 361 361 361 361 361 361 361 360 360 361 361 360 360 360 359 360 360 360 359 359 360 359 359 359 358 358 359 359 358 358 358 357
441 441 441 441 441 441 441 441 441 441 441 442 442 442 442 442 441 441 441 441 441 441 441 441 441 441 440 440 440 440 440 440 439 440 440 440 440 441 440 440 440 440 441 361 361 361 361 362 361 361 361 361 362 361 361 361 361 361 361 361 361 360 361 361 361 360 360 361 360 360 360 360 359 360 360 359 359 359 360 359 359 359 358 358 359 359 358 358 358 357 358 358 357 357
441 441 441 441 441 441 441 441 441 441 441 440 441 441 441 441 441 441 441 441 441 441 441 440 440 440 440 440 440 440 439 439 439 439 440 440 439 439 439 440 440 440 439 360 361 361 361 360 360 361 361 360 360 360 361 360 360 360 360 361 360 360 360 359 360 360 360 359 359 360 360 359 359 359 359 359 359 359 358 358 359 358 358 358 358 357 358 358 357 357 357 357 357 357
440 440 440 440 440 440 440 440 440 440 440 440 440 441 441 441 441 441 441 440 440 440 440 440 440 440 440 439 439 439 439 439 439 439 438 439 439 439 439 439 439 439 439 360 360 360 360 360 360 360 360 360 360 360 359 360 360 360 359 359 360 360 359 359 359 360 359 359 359 359 358 359 359 358 358 358 359 358 358 358 357 357 358 358 357 357 357 357 357 357 356 356 356 357
440 440 440 440 440 440 440 440 440 440 440 440 440 440 440 440 440 440 440 440 440 440 440 440 439 439 439 439 439 439 439 439 438 438 438 438 438 439 438 438 438 438 439 359 359 359 359 360 359 359 359 360 360 359 359 359 359 359 359 359 359 358 359 359 359 358 358 359 359 358 358 358 358 358 358 358 357 357 358 357 357 357 357 357 357 357 356 356 356 357 356 356 356 355
440 440 440 440 440 440 439 439 439 439 439 439 439 439 439 440 440 440 440 440 440 439 439 439 439 439 439 439 439 438 438 438 438 438 438 438 437 437 438 438 438 437 437 359 359 359 358 358 359 359 359 358 358 359 359 359 358 358 359 359 358 358 358 359 358 358 358 358 357 358 358 357 357 357 358 357 357 357 356 356 357 357 356 356 356 356 356 356 356 355 355 356 355 355
439 439 439 439 439 439 439 439 439 439 439 439 439 439 439 439 439 439 439 439 439 439 439 439 439 439 438 438 438 438 438 438 438 437 437 437 437 437 437 436 437 437 358 358 359 358 358 358 358 359 358 358 358 358 357 358 358 358 357 357 358 358 357 357 357 358 357 357 357 357 357 357 357 357 356 356 357 356 356 356 356 356 356 356 355 355 355 356 355 355 355 354 354 355
439 439 439 439 439 439 439 439 439 439 439 438 438 438 438 438 438 438 439 439 439 439 439 438 438 438 438 438 438 438 438 437 437 437 437 437 437 436 436 436 436 437 358 357 357 357 358 358 357 357 357 358 358 357 357 357 358 357 357 357 357 357 357 357 357 356 356 357 357 356 356 356 357 356 356 356 355 356 356 356 355 355 355 355 355 355 355 354 354 355 354 354 354 354
438 438 438 438 438 438 438 438 438 438 438 438 438 438 438 438 438 438 438 438 438 438 438 438 438 438 438 438 437 437 437 437 437 437 437 436 436 436 436 436 436 435 357 357 357 357 356 357 357 357 357 356 357 357 357 357 356 356 357 357 356 356 356 357 356 356 356 356 356 356 356 356 355 355 356 355 355 355 355 355 355 355 355 354 354 355 354 354 354 353 353 354 354 353
438 438 438 438 438 438 438 438 438 438 438 438 438 438 437 437 437 437 437 437 438 438 438 438 438 437 437 437 437 437 437 437 437 436 436 436 436 436 436 435 435 435 356 356 356 356 356 356 356 356 356 356 356 356 356 356 356 356 355 356 356 356 356 355 356 356 356 355 355 355 356 355 355 355 354 355 355 355 354 354 354 355 354 354 354 353 353 354 353 353 353 353 352 353
438 438 438 438 438 438 437 437 437 437 437 437 437 437 437 437 437 437 437 437 437 437 437 437 437 437 437 437 437 437 436 436 436 436 436 436 436 435 435 435 435 356 356 355 355 356 356 356 355 355 356 356 356 355 355 355 356 355 355 355 355 355 355 355 355 354 355 355 355 354 354 355 355 354 354 354 354 354 354 354 354 353 353 354 353 353 353 352 352 353 353 352 352 352
437 437 437 437 437 437 437 437 437 437 437 437 437 437 437 437 437 436 436 436 436 436 436 437 437 437 437 436 436 436 436 436 436 436 435 435 435 435 435 435 435 355 355 355 355 355 354 355 355 355 355 354 355 355 355 355 354 355 355 355 354 354 355 355 354 354 354 354 354 354 354 354 353 354 354 354 353 353 353 353 353 353 353 352 352 353 353 352 352 352 352 352 352 351
437 437 437 437 437 437 437 437 437 437 437 436 436 436 436 436 436 436 436 436 436 436 436 436 436 436 436 436 436 436 436 436 435 435 435 435 435 435 434 434 434 355 355 355 354 354 354 354 355 354 354 354 354 355 354 354 354 354 354 354 354 354 354 353 354 354 354 353 353 354 354 353 353 353 353 353 353 353 352 352 352 353 352 352 352 352 352 352 352 351 351 351 351 351
436 436 436 436 436 436 436 436 436 436 436 436 436 436 436 436 436 436 436 436 435 435 435 435 435 435 436 436 436 435 435 435 435 435 435 435 434 434 434 434 434 355 354 354 354 354 354 354 353 353 354 354 353 353 353 354 354 353 353 353 354 353 353 353 353 353 353 353 353 353 352 353 353 353 352 352 352 352 352 352 352 351 352 352 352 351 351 351 351 351 351 351 350 350
436 436 436 436 436 436 436 436 436 436 436 436 436 436 436 435 435 435 435 435 435 435 435 435 435 435 434 435 435 435 435 435 435 435 434 434 434 434 434 434 433 354 354 354 354 354 353 353 353 353 353 353 353 353 353 353 352 353 353 353 352 352 353 353 352 352 352 353 352 352 352 352 351 352 352 352 351 351 352 352 351 351 351 351 351 351 351 350 350 350 351 350 350 350
436 436 436 436 436 436 435 435 435 435 435 435 435 435 435 435 435 435 435 435 435 435 434 434 434 434 434 434 435 435 435 434 434 434 434 434 434 434 433 433 354 354 354 354 353 353 353 353 353 352 352 352 352 353 352 352 352 352 353 352 352 352 352 351 352 352 352 351 351 352 352 351 351 351 351 351 351 351 351 350 351 351 350 350 350 350 350 350 350 350 349 349 350 349
435 435 435 435 435 435 435 435 435 435 435 435 435 435 435 435 435 435 434 434 434 434 434 434 434 434 434 434 433 433 434 434 434 434 434 433 433 433 433 433 354 354 353 353 353 353 353 352 352 352 352 352 351 351 351 352 352 351 351 351 352 352 351 351 351 352 351 351 351 351 350 351 351 351 350 350 351 351 350 350 350 349 350 350 350 349 349 349 350 349 349 349 348 348
435 435 435 435 435 435 435 435 435 435 435 434 434 434 434 434 434 434 434 434 434 434 434 434 433 433 433 433 433 433 433 434 434 433 433 433 433 433 433 432 353 353 353 353 353 352 352 352 352 352 352 351 351 351 351 350 351 351 351 351 350 351 351 351 350 350 350 351 351 350 350 350 351 350 350 350 350 349 350 350 349 349 349 349 349 349 349 349 348 348 349 348 348 348
434 434 434 434 434 434 434 434 434 434 434 434 434 434 434 434 434 434 434 434 433 433 433 433 433 433 433 433 433 433 432 432 432 433 433 433 433 432 432 432 353 353 353 352 352 352 352 352 352 351 351 351 351 351 350 350 350 350 351 350 350 350 350 350 350 350 350 349 349 350 350 349 349 349 350 349 349 349 349 348 349 349 349 348 348 348 349 348 348 348 347 347 348 348
434 434 434 434 434 434 434 434 434 434 434 434 434 434 434 433 433 433 433 433 433 433 433 433 433 433 433 432 432 432 432 432 432 432 431 432 432 432 432 353 353 352 352 352 352 352 352 351 351 351 351 351 350 350 350 350 350 349 349 350 350 350 349 349 349 350 349 349 349 349 349 349 349 349 348 348 349 349 348 348 348 348 348 348 348 348 347 347 348 347 347 347 347 346
434 434 434 434 434 434 433 433 433 433 433 433 433 433 433 433 433 433 433 433 433 433 433 432 432 432 432 432 432 432 432 432 431 431 431 431 432 432 432 352 352 352 352 352 352 351 351 351 351 351 350 350 350 350 350 349 349 349 349 349 348 349 349 349 349 348 349 349 349 348 348 348 349 348 348 348 348 347 348 348 348 347 347 347 347 347 347 347 346 346 347 347 346 346
433 433 433 433 433 433 433 433 433 433 433 433 433 433 433 433 433 433 432 432 432 432 432 432 432 432 432 432 432 431 431 431 431 431 431 431 430 430 431 352 352 352 352 351 351 351 351 351 350 350 350 350 350 350 349 349 349 349 348 348 348 348 348 348 348 348 348 347 348 348 348 348 347 347 348 348 347 347 347 347 347 347 347 346 346 347 347 346 346 346 346 345 346 346
433 433 433 433 433 433 433 433 433 433 433 433 432 432 432 432 432 432 432 432 432 432 432 432 432 431 431 431 431 431 431 431 431 430 430 430 430 430 430 351 351 351 351 351 351 351 350 350 350 350 350 350 349 349 349 349 349 348 348 348 348 348 347 347 348 348 347 347 347 347 347 347 347 347 346 346 347 347 346 346 346 347 346 346 346 346 345 346 346 346 345 345 345 344
432 432 432 432 432 432 432 432 432 432 432 432 432 432 432 432 432 432 432 432 432 431 431 431 431 431 431 431 431 431 430 430 430 430 430 430 430 430 350 350 350 351 351 351 350 350 350 350 350 350 349 349 349 349 349 348 348 348 348 348 347 347 347 347 347 346 347 347 347 346 346 346 347 346 346 346 346 346 346 346 346 345 345 346 346 345 345 345 345 345 345 345 344 344
432 432 432 432 432 432 432 432 432 432 432 432 432 432 432 431 431 431 431 431 431 431 431 431 431 431 431 430 430 430 430 430 430 430 430 429 429 429 350 350 350 350 349 350 350 350 350 350 349 349 349 349 349 348 348 348 348 348 347 347 347 347 347 346 346 346 346 345 346 346 346 346 345 346 346 346 345 345 345 346 345 345 345 345 344 345 345 344 344 344 344 344 344 344
432 432 432 432 432 432 431 431 431 431 431 431 431 431 431 431 431 431 431 431 431 431 431 430 430 430 430 430 430 430 430 430 429 429 429 429 429 429 350 350 349 349 349 349 349 350 349 349 349 349 349 348 348 348 348 348 348 347 347 347 347 346 346 346 346 346 345 345 345 346 345 345 345 345 345 345 345 345 345 344 344 345 345 344 344 344 343 344 344 344 343 343 343 344
431 431 431 431 431 431 431 431 431 431 431 431 431 431 431 431 431 431 430 430 430 430 430 430 430 430 430 430 430 429 429 429 429 429 429 429 429 349 349 349 349 349 349 349 348 348 348 349 349 349 348 348 348 348 348 347 347 347 347 347 346 346 346 346 346 345 345 345 345 344 344 345 345 344 344 344 344 344 344 344 344 343 343 344 344 343 343 343 343 343 343 343 343 342
431 431 431 431 431 431 431 431 431 431 431 431 430 430 430 430 430 430 430 430 430 430 430 430 430 430 429 429 429 429 429 429 429 429 428 428 428 349 349 349 349 348 348 348 348 348 348 347 347 348 348 348 348 347 347 347 347 347 346 346 346 346 346 345 345 345 345 345 344 344 344 344 343 344 344 344 343 343 343 344 343 343 343 343 342 343 343 343 342 342 342 343 342 342
430 430 430 430 430 430 430 430 430 430 430 430 430 430 430 430 430 430 430 430 430 429 429 429 429 429 429 429 429 429 429 428 428 428 428 428 428 349 349 348 348 348 348 348 348 347 347 347 347 347 347 347 347 347 347 347 346 346 346 346 346 345 345 345 345 345 344 344 344 344 343 343 343 343 343 343 343 343 343 342 342 343 343 342 342 342 342 342 342 342 341 341 341 342
430 430 430 430 430 430 430 430 430 430 430 430 430 430 430 430 429 429 429 429 429 429 429 429 429 429 429 429 428 428 428 428 428 428 428 428 427 348 348 348 348 348 348 347 347 347 347 347 347 346 346 346 346 347 347 346 346 346 346 346 345 345 345 345 344 344 344 344 344 343 343 343 343 342 342 342 342 343 342 342 342 342 341 342 342 341 341 341 341 341 341 341 341 340
430 430 430 430 430 429 429 429 429 429 429 429 429 429 429 429 429 429 429 429 429 429 429 429 428 428 428 428 428 428 428 428 428 427 427 427 348 348 348 348 348 347 347 347 347 347 347 346 346 346 346 346 346 345 345 346 346 346 345 345 345 345 345 344 344 344 344 344 343 343 343 343 342 342 342 342 341 341 341 342 341 341 341 341 340 341 341 341 340 340 340 341 340 340
429 429 429 429 429 429 429 429 429 429 429 429 429 429 429 429 429 429 429 428 428 428 428 428 428 428 428 428 428 428 427 427 427 427 427 427 348 348 347 347 347 347 347 347 347 346 346 346 346 346 346 345 345 345 345 345 344 345 345 345 345 344 344 344 344 344 343 343 343 343 342 342 342 342 342 341 341 341 341 340 341 341 341 340 340 340 340 340 340 340 340 339 339 340
429 429 429 429 429 429 429 429 429 429 429 429 428 428 428 428 428 428 428 428 428 428 428 428 428 428 427 427 427 427 427 427 427 427 427 426 347 347 347 347 347 347 346 346 346 346 346 346 346 345 345 345 345 345 344 344 344 344 344 343 344 344 344 344 343 343 343 343 343 342 342 342 342 341 341 341 341 341 340 340 340 340 340 340 340 340 339 339 339 340 339 339 339 339
428 428 428 428 428 428 428 428 428 428 428 428 428 428 428 428 428 428 428 428 428 428 427 427 427 427 427 427 427 427 427 427 426 426 426 347 347 347 347 347 346 346 346 346 346 346 345 345 345 345 345 345 344 344 344 344 344 344 343 343 343 343 344 343 343 343 343 342 342 342 342 342 341 341 341 341 340 340 340 340 339 339 339 339 340 339 339 339 339 339 339 339 339 339
428 428 428 428 428 428 428 428 428 428 428 428 428 428 428 428 427 427 427 427 427 427 427 427 427 427 427 427 426 426 426 426 426 426 426 347 347 346 346 346 346 346 346 346 345 345 345 345 345 345 344 344 344 344 344 344 343 343 343 343 343 342 342 342 343 343 342 342 342 342 341 341 341 341 341 340 340 340 340 339 339 339 339 339 339 339 339 339 339 339 339 339 339 339
428 428 428 428 428 427 427 427 427 427 427 427 427 427 427 427 427 427 427 427 427 427 427 427 426 426 426 426 426 426 426 426 426 426 425 346 346 346 346 346 346 345 345 345 345 345 345 345 344 344 344 344 344 344 343 343 343 343 343 342 342 342 342 342 341 341 341 342 342 341 341 341 341 340 340 340 340 340 339 339 339 339 339 339 339 339 339 339 339 339 339 339 339 339
427 427 427 427 427 427 427 427 427 427 427 427 427 427 427 427 427 427 427 426 426 426 426 426 426 426 426 426 426 426 425 425 425 425 346 346 346 346 346 345 345 345 345 345 345 345 344 344 344 344 344 344 343 343 343 343 343 342 342 342 342 342 341 341 341 341 341 340 340 341 341 341 340 340 340 340 339 339 339 339 339 339 339 339 339 339 339 339 339 339 339 339 339 339
427 427 427 427 427 427 427 427 427 427 427 427 426 426 426 426 426 426 426 426 426 426 426 426 426 426 426 425 425 425 425 425 425 425 346 346 345 345 345 345 345 345 345 344 344 344 344 344 344 344 343 343 343 343 343 342 342 342 342 342 342 341 341 341 341 341 340 340 340 340 339 339 340 340 340 339 339 339 339 339 339 339 339 339 339 339 339 339 339 339 339 339 340 340
426 426 426 426 426 426 426 426 426 426 426 426 426 426 426 426 426 426 426 426 426 426 425 425 425 425 425 425 425 425 425 425 425 424 345 345 345 345 345 345 345 344 344 344 344 344 344 343 343 343 343 343 343 342 342 342 342 342 342 341 341 341 341 341 340 340 340 340 340 339 339 339 339 339 339 339 339 339 339 339 339 339 339 339 339 339 339 339 339 340 339 340 340 340
426 426 426 426 426 426 426 426 426 426 426 426 426 426 426 426 425 425 425 425 425 425 425 425 425 425 425 425 425 424 424 424 424 345 345 345 345 345 344 344 344 344 344 344 344 343 343 343 343 343 343 342 342 342 342 342 342 341 341 341 341 341 340 340 340 340 340 339 339 339 339 339 339 339 339 339 339 339 339 339 339 339 339 339 340 339 340 340 340 340 340 340 341 340
