testData/tiles/oneDegreeCosts/grid8.0-13.0-9.0-14.0.asc
ncols   200
nrows   200
xllcorner   8.0
yllcorner   13.0
cellsize   0.005
NODATA_value   -9999.0
[rows 126 to 167 of 200, columns 94 to 187 of 200]
551 551 585 584 585 584 584 585 585 584 585 585 584 585 584 584 584 584 583 584 583 584 584 584 583 584 583 582 582 582 582 582 582 627 627 627 627 626 626 626 625 625 625 625 625 624 625 443 443 442 442 442 441 442 443 443 444 444 445 445 445 445 446 446 446 447 447 447 448 448 448 449 449 448 449 449 449 449 450 449 449 449 448 714 713 713 715 714 714 714 714 715 715 714
551 551 585 585 585 585 585 585 585 585 585 585 584 584 585 584 584 584 584 584 585 584 584 584 583 583 583 583 582 583 582 582 627 628 627 627 627 626 626 626 627 626 626 626 625 625 625 625 581 580 580 580 580 580 580 582 582 583 583 583 585 585 585 585 585 585 586 586 586 587 586 586 587 587 587 587 588 587 587 587 587 587 586 851 852 851 852 851 851 852 852 853 852 853
551 585 586 585 585 586 586 585 586 585 585 585 585 584 585 584 584 584 585 584 585 584 584 584 584 583 583 721 721 720 721 720 766 766 766 765 766 766 765 765 765 765 764 764 764 763 763 762 763 581 580 580 581 582 582 582 584 584 584 585 585 585 586 586 586 587 587 586 587 587 587 587 587 587 587 588 588 587 588 588 587 587 588 853 853 851 853 853 853 853 852 854 853 854
552 585 585 586 586 586 586 586 586 586 585 723 723 723 722 723 722 723 723 723 722 723 722 722 722 722 721 721 721 721 721 721 766 766 767 767 766 766 766 765 765 765 765 764 764 764 763 763 762 762 581 580 581 582 582 583 583 583 585 585 586 586 586 587 587 587 588 588 587 587 588 588 587 588 588 588 588 588 588 588 589 588 588 853 854 854 853 853 854 854 853 854 853 854
689 724 723 724 724 724 725 724 724 724 724 723 723 723 723 723 724 723 723 723 723 723 723 722 722 722 722 721 722 721 721 721 768 767 767 767 766 766 766 766 765 765 765 764 764 764 764 763 763 762 762 581 581 581 582 583 584 584 584 585 586 586 587 587 587 588 588 588 589 588 588 588 588 588 589 589 588 588 589 588 588 588 588 854 854 854 854 853 854 854 854 854 854 854
690 724 724 724 725 724 724 725 724 724 724 724 723 724 723 724 724 724 723 724 723 723 723 723 722 722 722 722 722 722 722 768 767 767 767 767 767 766 766 766 766 765 764 764 764 764 764 764 763 762 762 761 583 583 583 584 585 585 586 585 586 587 587 588 588 588 588 588 589 590 589 589 589 588 588 588 588 589 589 588 589 589 588 854 854 854 855 854 855 854 854 854 854 855
690 724 725 725 725 725 724 724 724 724 724 724 724 724 725 724 724 724 724 724 724 723 723 723 723 722 722 722 723 722 723 768 767 767 767 767 767 767 766 766 765 765 765 764 764 764 764 763 763 763 762 763 763 583 584 584 585 585 586 587 587 587 587 588 588 589 589 588 589 589 590 590 590 590 590 589 589 589 589 589 588 588 588 854 854 854 855 854 855 854 855 855 854 855
690 725 726 725 725 725 725 724 725 724 724 724 724 725 725 725 724 724 724 724 724 724 723 723 723 723 722 723 723 722 722 768 768 767 768 767 767 767 767 766 765 765 765 765 764 764 764 763 763 763 763 763 763 583 583 585 585 585 586 586 587 588 588 588 588 588 590 590 589 590 590 590 590 590 591 590 590 590 589 589 589 589 589 589 855 855 855 855 856 856 855 855 855 856
692 725 725 726 725 725 725 725 725 725 724 724 725 725 725 725 724 724 724 724 724 724 724 723 723 724 723 723 723 723 768 768 768 768 768 768 767 767 766 766 766 765 765 765 765 764 764 764 763 763 763 763 765 765 585 585 586 586 586 587 587 587 589 589 588 589 589 589 591 590 590 591 590 590 591 591 590 590 589 590 590 589 590 590 855 856 856 856 856 856 857 856 855 856
692 726 725 726 725 725 725 725 725 725 725 725 725 725 725 725 725 724 724 724 724 724 724 723 724 724 724 723 723 723 769 768 768 768 768 768 768 767 766 766 766 766 765 765 766 765 765 764 765 764 765 765 765 767 767 586 587 587 589 588 587 588 588 588 590 590 589 590 590 590 590 591 591 591 591 591 591 591 591 590 590 590 590 590 855 856 856 856 857 856 857 856 857 856
692 726 726 726 726 725 725 726 725 725 726 726 725 726 725 725 725 725 724 724 724 724 724 725 724 724 724 724 723 723 769 769 768 768 768 768 767 767 767 766 766 767 767 766 766 766 765 765 764 764 765 765 766 766 767 768 587 588 588 588 590 590 589 589 589 590 591 590 591 591 591 591 591 591 591 592 592 591 592 592 590 590 590 590 856 856 857 856 857 856 858 857 858 856
692 726 726 726 726 726 725 725 725 726 726 726 726 725 726 725 725 725 725 724 724 725 725 725 725 724 724 724 724 723 769 769 769 768 768 768 767 767 767 768 767 767 766 766 766 765 765 765 765 764 764 766 766 767 767 767 769 588 589 589 589 590 591 590 591 590 590 591 591 591 592 591 591 592 592 592 592 591 591 591 591 591 590 590 857 857 857 857 858 858 857 857 858 858
692 726 727 726 726 726 726 725 725 726 726 726 726 725 725 726 725 725 725 725 725 725 725 725 724 725 724 724 724 770 769 769 769 768 768 768 769 768 768 768 768 767 766 766 766 766 765 765 765 765 766 766 767 768 768 769 769 589 589 589 590 590 590 591 591 591 592 591 591 591 591 591 591 592 592 592 592 592 592 592 592 591 592 590 856 856 857 858 858 858 858 858 858 858
693 726 726 726 726 726 726 726 726 727 726 726 726 726 725 725 725 725 725 726 725 725 725 725 724 724 724 724 724 770 769 769 769 769 769 769 769 769 768 768 767 767 767 766 766 766 766 765 765 765 766 767 767 767 768 769 770 770 589 590 590 590 591 591 592 592 592 593 593 592 592 592 592 592 592 592 592 592 593 592 593 592 592 592 857 858 857 858 858 858 858 858 859 859
726 727 726 726 726 726 726 727 727 726 727 726 726 726 726 725 725 725 726 726 726 725 725 725 725 724 724 724 724 769 770 769 770 769 770 769 769 768 768 768 767 767 767 767 766 766 765 765 765 765 766 767 767 768 768 769 770 770 771 590 591 591 591 592 592 592 593 593 593 593 593 592 593 593 592 593 592 592 592 592 592 592 592 592 857 857 857 858 858 858 859 858 859 859
726 727 727 726 727 726 727 727 727 726 726 727 726 726 726 726 725 726 726 726 726 726 725 725 725 725 724 724 724 770 770 770 770 770 769 770 769 768 768 768 768 767 767 766 767 766 765 765 765 766 767 767 768 769 770 770 770 770 771 772 591 591 592 592 592 593 593 593 593 593 593 593 593 593 593 593 593 593 593 593 592 593 592 592 859 858 858 858 859 858 859 858 859 859
727 727 727 727 727 727 727 727 727 727 726 726 726 726 726 726 726 726 727 726 726 725 726 725 725 725 725 724 770 771 771 770 770 770 769 769 769 769 768 768 768 768 767 766 766 766 766 765 766 766 767 768 768 769 769 770 771 771 772 771 591 592 592 592 592 592 593 593 593 594 594 594 594 594 593 593 593 593 593 593 592 593 593 593 859 859 859 859 859 859 859 860 859 859
727 727 727 727 727 727 728 727 727 727 727 726 727 726 726 726 727 726 726 726 726 725 725 725 725 725 725 724 771 771 771 770 770 770 770 769 769 769 769 768 768 767 767 767 766 766 766 766 766 766 767 768 769 769 769 770 770 772 772 772 772 592 592 593 593 593 593 593 594 594 594 595 594 594 595 593 593 593 593 593 593 593 593 593 858 859 859 859 859 860 859 859 859 860
728 727 727 727 727 727 727 727 727 727 727 727 727 727 726 727 727 727 726 726 726 726 725 725 725 725 725 726 771 771 771 771 770 770 770 770 769 769 768 768 768 767 767 767 767 767 767 766 767 768 768 769 769 770 771 771 772 772 772 773 773 774 592 592 593 593 593 594 594 594 594 594 594 594 594 594 594 594 594 593 594 593 593 594 860 860 859 861 859 860 859 860 860 860
727 727 727 727 728 728 727 728 727 727 727 727 727 727 727 727 727 727 727 726 726 726 726 725 725 725 726 726 772 771 771 770 771 770 770 769 769 769 768 768 768 768 768 768 767 768 767 767 768 768 770 770 770 771 771 773 773 772 773 773 774 774 774 593 593 593 594 594 594 595 595 594 595 595 594 595 595 594 594 593 593 593 593 593 859 860 859 860 859 860 860 860 860 860
727 727 727 727 727 728 728 727 728 727 727 727 727 727 727 727 727 727 727 727 726 726 726 726 725 726 726 772 771 772 771 770 770 770 770 769 769 769 769 768 769 768 769 768 767 767 767 768 768 769 769 770 771 771 772 772 772 774 774 774 774 774 775 593 593 594 594 594 594 594 595 594 594 595 595 595 595 595 594 594 594 594 593 593 860 860 860 861 861 860 860 860 861 860
728 727 728 728 728 728 728 727 727 728 727 727 727 728 727 727 727 727 727 727 726 726 726 726 726 726 726 772 771 771 771 771 770 770 770 770 769 769 769 770 769 768 768 768 768 767 767 767 769 769 769 770 770 772 772 772 773 773 774 775 774 775 775 775 595 594 594 595 595 595 595 595 595 595 595 595 595 595 594 595 594 594 595 594 861 860 861 861 861 861 861 860 861 860
728 727 727 729 728 728 728 728 727 727 727 727 727 728 728 727 727 727 727 727 727 726 726 726 727 726 726 771 772 771 771 771 771 770 770 770 771 770 769 769 769 769 768 768 768 768 767 767 768 769 771 771 772 772 772 773 773 774 774 774 775 775 775 776 776 596 595 595 595 595 595 596 596 595 596 595 595 596 595 595 594 594 594 594 861 860 860 860 861 862 861 861 861 861
727 728 728 728 728 728 728 728 728 727 727 727 728 728 728 727 727 727 727 727 727 727 726 727 727 727 726 772 771 772 771 771 771 771 770 770 770 770 770 769 769 769 769 768 768 768 768 769 769 770 770 772 772 772 773 773 774 774 774 775 775 775 776 776 777 596 596 596 595 595 595 595 595 595 595 596 596 596 596 596 595 594 594 594 861 861 861 862 861 862 862 862 861 861
728 728 729 728 728 728 728 728 728 728 727 727 728 728 728 728 727 727 727 727 727 727 727 727 727 727 772 772 771 771 771 771 771 771 771 771 770 770 770 770 769 769 768 768 768 768 768 768 770 770 770 771 771 773 773 774 774 774 774 774 775 776 776 777 776 776 596 596 596 596 596 595 596 596 595 596 596 596 596 595 595 595 594 594 860 862 861 862 861 862 861 861 861 861
728 728 729 729 728 728 728 728 728 728 727 728 729 728 728 727 728 727 727 727 727 727 727 727 727 727 772 772 772 771 771 771 771 771 771 771 771 770 770 769 769 769 768 768 768 768 768 769 769 769 771 771 772 772 772 774 774 775 775 775 775 775 777 777 776 777 777 596 596 596 595 595 596 596 596 596 596 596 596 596 596 596 594 595 861 861 861 862 862 862 862 863 862 861
728 729 729 729 728 728 729 728 728 728 728 728 728 728 728 727 727 728 727 727 727 728 727 727 727 727 772 772 772 772 771 771 772 772 771 770 770 770 770 769 769 769 769 768 768 768 768 770 770 771 771 772 773 773 773 773 774 774 775 776 776 776 776 776 777 777 777 597 597 596 597 596 596 596 596 596 596 596 596 597 596 596 595 595 862 861 863 862 862 862 863 863 862 861
727 729 729 729 729 728 728 728 728 728 728 729 728 728 728 728 727 727 727 727 727 727 727 727 727 727 772 772 771 771 771 772 771 771 771 771 770 770 770 770 769 769 768 768 768 768 770 770 772 772 773 773 773 774 775 776 775 774 775 775 777 777 776 777 777 777 777 777 597 597 597 598 597 596 597 596 596 596 596 596 596 596 596 595 862 861 862 862 862 862 862 862 863 861
729 729 729 729 728 729 728 728 728 728 728 728 728 728 728 728 728 727 727 727 728 727 727 727 727 772 772 772 772 771 772 772 772 771 771 771 771 770 770 769 769 769 768 768 768 770 770 771 771 771 773 773 774 774 775 775 776 777 776 776 776 776 777 777 777 778 778 778 597 597 597 597 597 596 597 597 597 597 596 596 597 596 596 595 862 861 862 863 862 863 863 864 863 862
729 729 729 729 728 728 728 728 728 729 729 728 728 728 728 728 728 727 727 728 728 728 727 727 727 773 772 772 772 773 772 772 772 772 771 770 770 770 770 769 769 769 770 769 769 769 770 771 771 772 772 773 774 774 775 775 776 776 777 777 777 777 777 777 777 777 778 778 778 598 598 597 598 598 597 597 597 597 597 596 596 596 597 597 862 863 863 863 862 864 863 864 863 864
729 729 729 729 729 728 728 728 728 728 729 729 728 728 728 728 728 728 727 728 728 728 727 727 727 773 772 772 772 773 772 772 772 772 771 771 770 770 770 770 770 770 769 769 769 769 771 771 773 773 774 774 774 774 775 776 776 776 777 777 777 778 778 778 778 777 778 778 778 778 598 598 598 598 597 597 597 597 597 596 597 597 597 597 597 862 862 863 862 864 863 865 864 865
729 729 729 729 729 729 728 729 728 729 729 729 728 728 728 728 728 728 729 728 728 727 728 727 727 772 773 772 773 772 772 772 772 771 771 771 771 770 770 770 770 770 769 769 769 771 771 772 772 772 774 774 775 776 777 777 777 778 778 779 779 778 779 779 779 780 780 781 781 780 600 600 599 600 600 598 600 599 599 600 599 599 598 599 599 864 866 865 865 866 867 867 867 867
729 730 729 729 729 729 728 728 728 729 729 729 729 728 728 728 728 728 728 728 728 727 727 727 727 773 772 772 773 773 772 772 772 771 771 771 772 771 772 771 771 771 771 771 772 772 773 774 774 775 775 776 777 778 779 779 780 779 779 781 781 782 781 781 782 781 782 782 783 783 783 602 602 602 602 601 601 601 601 601 600 601 600 600 601 866 867 866 867 867 867 868 869 869
729 729 729 729 729 729 729 728 729 729 729 729 729 729 728 728 728 728 728 728 728 729 728 728 773 774 773 775 774 775 774 774 773 774 773 774 773 774 774 774 773 773 772 773 774 774 775 775 777 777 778 778 778 779 781 782 782 782 782 782 783 783 784 784 784 784 784 784 785 785 784 604 605 604 605 605 603 604 603 603 604 603 603 602 604 868 869 869 869 869 869 870 870 870
730 729 729 729 729 729 729 729 729 730 730 730 729 729 729 730 729 730 730 730 730 730 731 730 776 775 776 776 777 776 777 776 776 775 775 775 775 776 775 776 775 775 774 774 775 778 778 779 779 779 781 781 782 781 781 783 783 785 785 785 785 785 786 786 785 787 786 786 786 787 788 787 606 606 606 606 605 605 605 606 606 605 606 605 606 871 872 872 871 872 872 873 872 874
730 730 730 730 731 731 730 730 731 731 731 732 732 731 731 732 732 732 732 732 732 731 732 732 778 777 778 778 778 778 778 777 778 777 777 776 778 778 778 777 777 777 777 777 777 778 779 781 781 782 782 783 783 784 785 784 785 786 786 787 787 788 788 788 789 788 789 788 787 789 789 788 609 609 608 609 608 607 608 607 607 607 607 607 607 874 873 873 874 874 873 874 874 875
732 732 732 732 731 733 733 732 733 733 734 733 734 733 733 732 734 735 734 734 734 734 733 734 780 780 780 780 779 780 780 780 779 780 779 779 779 779 780 779 779 778 778 779 780 780 781 782 784 785 785 786 786 787 787 788 787 787 788 789 790 789 789 791 791 790 791 790 791 790 790 791 790 609 610 610 611 610 610 609 610 610 609 609 610 876 875 876 876 876 875 877 876 877
734 734 734 734 734 734 735 735 735 734 735 736 735 735 735 735 735 737 736 736 735 736 735 735 781 781 782 782 781 781 781 782 781 781 780 782 781 781 780 781 781 781 780 781 781 783 784 784 785 785 787 788 789 789 789 790 790 789 790 790 791 791 792 792 792 793 793 794 793 792 793 793 792 612 612 611 612 610 610 611 610 610 610 611 611 877 878 877 878 878 878 878 878 879
736 736 736 736 736 735 736 738 737 737 736 737 737 737 736 737 738 737 737 738 738 737 737 783 783 783 784 784 784 783 783 783 783 783 783 783 784 783 783 782 782 782 782 783 783 786 786 788 788 789 789 788 789 791 792 792 793 793 792 792 792 794 794 793 794 794 793 795 794 795 794 795 796 795 614 614 614 614 613 613 612 613 612 612 613 879 880 878 880 879 879 879 880 880
737 737 738 738 738 738 737 738 739 739 739 738 739 738 739 738 740 739 739 738 740 739 739 784 785 786 785 785 786 786 785 785 784 784 785 784 785 784 785 784 784 783 783 785 787 788 789 789 789 791 791 792 792 792 792 792 795 795 796 794 794 795 795 796 796 796 797 796 796 796 795 796 796 796 797 616 615 616 615 615 615 615 615 614 616 881 882 881 882 881 881 882 882 882
739 739 739 739 739 740 740 740 740 741 741 740 740 740 740 740 741 742 741 741 740 741 741 787 786 788 787 787 786 786 787 787 786 786 787 787 786 786 786 786 786 786 786 786 788 789 790 790 792 792 793 794 794 795 795 795 795 796 797 796 796 797 798 798 797 798 798 798 799 798 799 798 798 798 798 617 617 617 616 616 616 615 616 616 617 882 884 882 883 883 883 883 883 884
741 741 741 741 741 741 741 742 742 741 742 743 742 742 742 742 742 742 743 743 742 742 742 788 788 789 789 789 789 788 788 788 788 788 789 788 788 788 787 787 786 787 788 790 790 791 791 793 793 793 794 794 795 796 798 798 797 798 798 799 798 797 799 799 800 799 799 801 800 799 800 799 800 801 800 801 619 619 619 618 618 617 618 617 618 885 885 884 885 885 884 885 885 886
