testData/tiles/oneDegreeCosts/grid2.0-30.0-3.0-31.0.asc
ncols   200
nrows   200
xllcorner   2.0
yllcorner   30.0
cellsize   0.005
NODATA_value   -9999.0
[rows 84 to 125 of 200, columns 94 to 187 of 200]
451 450 449 448 447 446 446 444 443 442 441 440 439 438 438 436 435 434 433 432 431 430 428 427 427 425 424 423 422 421 419 419 417 416 414 413 413 411 411 410 410 409 409 408 408 408 407 407 406 406 405 405 404 404 403 403 402 402 401 401 400 400 399 399 398 398 397 397 396 396 395 395 394 394 393 393 392 392 391 391 390 390 389 389 389 423 422 421 421 420 420 419 325 324
451 450 450 448 448 446 445 445 443 443 442 440 440 439 437 437 435 434 434 432 431 430 429 428 427 426 424 423 423 421 420 418 418 416 415 414 413 412 411 411 410 410 409 409 409 408 408 407 407 406 406 405 405 404 404 403 403 402 402 401 401 400 400 399 399 398 398 397 397 396 396 395 395 394 394 393 393 392 392 391 391 390 390 389 389 388 422 422 421 421 420 420 325 325
452 451 450 449 448 447 446 445 444 444 442 441 441 439 438 437 436 435 434 433 431 431 430 428 428 426 425 424 423 422 420 419 418 417 416 414 413 412 412 411 411 410 410 410 409 409 408 408 407 407 406 406 405 405 404 404 403 403 402 402 401 401 400 400 399 399 398 398 397 397 396 396 395 395 394 394 393 393 392 392 391 391 390 390 389 388 388 422 422 421 421 420 326 325
452 451 451 449 449 448 446 446 445 443 443 442 441 440 438 438 437 435 435 433 432 432 430 429 427 427 426 424 424 422 421 419 419 418 416 415 413 413 412 412 411 411 411 410 410 409 409 408 408 407 407 406 406 405 405 404 404 403 403 402 402 401 401 400 400 399 399 398 398 397 397 396 396 395 395 394 394 393 393 392 392 391 391 390 389 389 388 388 422 422 421 421 326 326
453 452 451 450 449 448 447 447 445 444 444 442 441 440 439 439 437 436 435 434 433 431 431 429 428 428 426 425 423 423 421 420 419 418 417 415 414 413 413 413 412 412 411 411 410 410 409 409 408 408 407 407 406 406 405 405 404 404 403 403 402 402 401 401 400 400 399 399 398 398 397 397 396 396 395 395 394 394 393 393 392 392 391 391 390 389 389 388 388 422 422 421 327 326
454 452 452 451 449 449 448 447 446 445 444 443 441 441 440 438 438 436 435 435 433 432 431 430 429 428 427 425 424 424 422 421 419 419 417 416 414 414 414 413 413 412 412 411 411 410 410 409 409 408 408 407 407 406 406 405 405 404 404 403 403 402 402 401 401 400 400 399 399 398 398 397 397 396 396 395 395 394 394 393 393 392 392 391 390 390 389 389 388 388 422 422 327 327
454 453 452 451 450 450 448 447 447 445 445 443 442 442 440 439 438 437 436 435 434 432 432 431 429 428 427 426 425 423 423 421 420 418 418 416 415 415 414 414 413 413 412 412 411 411 410 410 409 409 408 408 407 407 407 406 406 405 405 404 404 403 403 402 401 401 400 400 399 399 398 398 397 397 396 396 395 395 394 394 393 393 392 391 391 390 390 389 389 388 388 422 328 327
455 454 452 452 451 450 449 448 447 446 444 444 443 442 441 439 439 438 436 436 434 433 432 431 430 428 428 427 425 424 423 422 420 419 418 417 416 415 415 414 414 413 413 412 412 411 411 410 410 409 409 408 408 408 407 407 406 406 405 405 404 404 403 403 402 401 401 400 400 399 399 398 398 397 397 396 396 395 395 394 394 393 392 392 391 391 390 390 389 389 388 294 293 327
455 454 453 453 451 450 450 448 448 446 445 445 443 442 441 440 439 438 437 435 435 434 432 432 430 429 428 427 426 424 423 422 421 419 418 418 416 416 415 415 414 414 413 413 412 412 411 411 410 410 410 409 409 408 408 407 407 406 406 405 405 404 404 403 403 402 401 401 400 400 399 399 398 398 397 397 396 396 395 395 394 394 393 392 392 391 391 390 390 389 389 294 293 293
455 455 454 453 452 451 450 449 447 447 446 445 444 442 442 441 439 439 437 436 436 434 433 432 431 430 428 428 426 425 423 423 421 420 419 417 417 416 416 415 415 414 414 413 413 412 412 412 411 411 410 410 409 409 408 408 407 407 406 406 405 405 404 404 403 402 402 401 401 400 400 399 399 398 398 397 397 396 396 395 395 394 393 393 392 392 391 391 390 390 389 294 294 293
456 456 454 453 452 451 451 449 448 448 446 445 444 443 443 441 440 439 438 437 436 435 433 432 432 430 429 428 427 425 424 423 422 421 419 418 417 417 416 416 415 415 414 414 413 413 413 412 412 411 411 410 410 409 409 408 408 407 407 406 406 405 405 404 404 403 402 402 401 401 400 400 399 399 398 398 397 397 396 396 395 394 394 393 393 392 392 391 391 390 389 295 294 294
457 456 455 453 453 452 451 450 449 448 447 445 445 444 442 442 440 439 439 437 436 435 434 433 432 431 429 428 427 426 425 423 423 421 420 418 418 417 417 416 416 415 415 415 414 414 413 413 412 412 411 411 410 410 409 409 408 408 407 407 406 406 405 405 404 403 403 402 402 401 401 400 400 399 399 398 398 397 397 396 395 395 394 394 393 393 392 392 391 391 390 295 295 294
457 456 455 454 454 452 451 451 449 449 447 446 446 444 443 442 441 440 439 438 436 436 435 433 432 431 430 428 428 427 425 424 422 422 420 419 418 418 417 417 416 416 416 415 415 414 414 413 413 412 412 411 411 410 410 409 409 408 408 407 407 406 406 405 405 404 403 403 402 402 401 401 400 400 399 399 398 398 397 396 396 395 395 394 394 393 393 392 392 391 390 296 295 295
458 456 456 455 454 453 452 451 450 448 448 447 446 445 443 443 442 440 440 438 437 436 435 434 432 432 430 429 428 427 426 424 423 422 421 419 419 418 418 417 417 417 416 416 415 415 414 414 413 413 412 412 411 411 410 410 409 409 408 408 407 407 406 406 405 404 404 403 403 402 402 401 401 400 400 399 399 398 398 397 396 396 395 395 394 394 393 393 392 391 391 296 296 295
458 457 457 455 454 454 452 452 450 449 449 447 446 445 444 443 442 441 439 439 438 436 436 434 433 432 431 430 428 428 426 425 423 422 421 420 419 419 419 418 418 417 417 416 416 415 415 414 414 413 413 412 412 411 411 410 410 409 409 408 408 407 407 406 406 405 404 404 403 403 402 402 401 401 400 400 399 399 398 397 397 396 396 395 395 394 394 393 392 392 297 297 296 296
459 458 457 456 455 454 453 451 451 450 449 448 446 446 445 443 443 441 440 440 438 437 436 435 433 432 432 430 429 427 427 425 424 422 422 420 420 420 419 419 418 418 417 417 416 416 415 415 414 414 413 413 412 412 411 411 410 410 409 409 408 408 407 407 406 405 405 404 404 403 403 402 402 401 401 400 400 399 398 398 397 397 396 396 395 395 394 393 393 392 298 297 297 296
460 458 457 457 455 455 453 452 452 450 449 448 447 447 445 444 443 442 441 440 439 437 436 435 434 433 432 431 429 428 427 426 424 423 421 421 421 420 420 419 419 418 418 417 417 416 416 415 415 414 414 413 413 412 412 411 411 410 410 409 409 408 408 407 407 406 405 405 404 404 403 403 402 402 401 401 400 399 399 398 398 397 397 396 396 395 394 394 393 393 298 298 297 296
459 459 458 457 456 454 454 453 452 451 449 449 448 446 446 444 443 443 441 440 439 438 436 436 435 433 432 431 430 428 427 426 425 424 422 422 421 421 420 420 419 419 418 418 417 417 416 416 415 415 414 414 413 413 412 412 411 411 410 410 409 409 408 408 407 406 406 405 405 404 404 403 403 402 402 401 400 400 399 399 398 398 397 397 396 395 395 394 394 393 299 298 297 297
460 460 458 458 456 455 455 453 453 451 450 450 448 447 446 445 444 443 442 440 440 438 437 436 435 434 432 432 430 429 427 426 426 424 423 422 422 421 421 420 420 419 419 418 418 417 417 416 416 415 415 414 414 413 413 412 412 411 411 410 410 409 409 408 407 407 406 406 405 405 404 404 403 403 402 402 401 400 400 399 399 398 398 397 396 396 395 395 394 394 299 299 298 297
461 460 459 457 457 456 455 454 452 452 451 449 449 447 447 446 444 444 442 441 439 439 438 436 436 434 433 431 431 429 428 427 426 425 423 423 422 422 421 421 420 420 419 419 418 418 417 417 416 416 415 415 414 414 413 413 412 412 411 411 410 410 409 408 408 407 407 406 406 405 405 404 404 403 403 402 401 401 400 400 399 399 398 398 397 396 396 395 395 394 300 299 298 298
461 461 459 458 458 456 456 454 453 453 451 450 449 448 447 446 445 443 443 442 440 440 438 437 435 435 433 432 431 430 429 427 426 425 424 423 423 422 422 421 421 420 420 419 419 418 418 417 417 416 416 415 415 414 414 413 413 412 412 411 411 410 410 409 408 408 407 407 406 406 405 405 404 404 403 402 402 401 401 400 400 399 399 398 397 397 396 396 395 395 300 299 299 298
462 460 460 459 458 457 455 455 454 453 452 450 450 449 447 447 445 444 444 442 441 439 439 437 436 435 434 433 431 431 429 428 426 425 424 424 423 423 422 422 421 421 420 420 419 419 418 418 417 417 416 416 415 415 414 414 413 413 412 412 411 411 410 409 409 408 408 407 407 406 406 405 405 404 403 403 402 402 401 401 400 400 399 398 398 397 397 396 396 301 300 300 299 299
462 461 461 459 459 457 456 456 454 453 452 451 450 449 448 446 446 445 443 443 441 440 439 438 436 435 435 433 432 430 430 428 427 425 425 424 424 423 423 422 422 421 421 420 420 419 419 418 418 417 417 416 416 415 415 414 414 413 413 412 412 411 410 410 409 409 408 408 407 407 406 406 405 404 404 403 403 402 402 401 401 400 399 399 398 398 397 397 396 301 301 300 300 299
463 462 461 460 458 458 457 456 455 453 453 452 450 450 448 447 447 445 444 443 442 440 440 438 437 436 435 434 432 431 430 429 427 426 425 425 424 424 423 423 422 422 421 421 420 420 419 419 418 418 417 417 416 416 415 415 414 414 413 413 412 412 411 410 410 409 409 408 408 407 407 406 405 405 404 404 403 403 402 402 401 400 400 399 399 398 398 397 396 302 301 301 300 300
464 462 461 460 459 459 457 456 455 454 454 452 451 450 449 448 447 446 444 443 442 441 439 439 438 436 435 434 433 431 430 429 428 426 426 425 425 424 424 423 423 422 422 421 421 420 420 419 419 418 418 417 417 416 416 415 415 414 414 413 413 412 411 411 410 410 409 409 408 408 407 407 406 405 405 404 404 403 403 402 401 401 400 400 399 399 398 397 397 302 302 301 301 300
464 463 461 461 460 459 458 457 456 455 453 453 451 450 450 448 447 446 445 443 443 441 440 440 438 437 435 435 433 432 430 429 428 427 426 426 425 425 424 424 423 423 422 422 421 421 420 420 419 419 418 418 417 417 416 416 415 415 414 414 413 412 412 411 411 410 410 409 409 408 408 407 406 406 405 405 404 404 403 402 402 401 401 400 400 399 398 398 397 303 302 302 301 300
464 463 462 462 460 459 459 457 457 455 454 453 452 451 450 449 447 447 445 444 443 442 441 439 439 437 436 434 434 432 431 429 429 427 427 426 426 425 425 424 424 423 423 422 422 421 421 420 420 419 419 418 418 417 417 416 416 415 415 414 413 413 412 412 411 411 410 410 409 409 408 407 407 406 406 405 405 404 403 403 402 402 401 401 400 399 399 398 398 303 303 302 301 301
464 464 463 462 461 460 459 458 456 456 454 453 453 451 450 449 448 446 446 445 443 443 441 440 438 438 436 435 433 433 431 430 428 428 427 427 426 426 425 425 424 424 423 423 422 422 421 421 420 420 419 419 418 418 417 417 416 416 415 415 414 413 413 412 412 411 411 410 410 409 408 408 407 407 406 406 405 404 404 403 403 402 402 401 400 400 399 399 304 304 303 302 302 301
465 465 463 462 462 460 460 458 457 456 455 454 453 452 450 450 448 447 447 445 444 443 442 440 439 438 437 435 434 433 432 430 429 428 428 427 427 426 426 425 425 424 424 423 423 422 422 421 421 420 420 419 419 418 418 417 417 416 416 415 414 414 413 413 412 412 411 411 410 409 409 408 408 407 407 406 405 405 404 404 403 403 402 401 401 400 400 399 305 304 303 303 302 302
466 464 464 463 462 461 459 459 457 456 456 454 454 452 451 450 449 448 446 446 444 443 442 441 439 438 437 436 434 433 432 431 429 429 429 428 428 427 427 426 425 425 424 424 423 423 422 422 421 421 420 420 419 419 418 418 417 417 416 415 415 414 414 413 413 412 412 411 410 410 409 409 408 408 407 407 406 405 405 404 404 403 402 402 401 401 400 400 305 304 304 303 303 302
466 465 465 463 463 461 460 459 458 457 456 455 453 453 451 450 450 448 447 446 445 443 443 441 440 438 438 436 435 433 432 432 430 430 429 429 428 428 427 427 426 425 425 424 424 423 423 422 422 421 421 420 420 419 419 418 418 417 416 416 415 415 414 414 413 413 412 411 411 410 410 409 409 408 408 407 406 406 405 405 404 403 403 402 402 401 401 400 305 305 304 304 303 302
467 466 465 464 462 462 460 459 459 457 457 455 454 453 452 451 450 449 447 446 445 444 442 442 440 439 437 437 436 434 433 432 431 430 430 429 429 428 428 427 427 426 425 425 424 424 423 423 422 422 421 421 420 420 419 419 418 417 417 416 416 415 415 414 414 413 413 412 411 411 410 410 409 409 408 407 407 406 406 405 404 404 403 403 402 402 401 400 306 305 305 304 303 303
468 466 465 464 463 462 461 460 459 458 456 456 454 453 453 451 450 449 448 446 446 444 443 441 441 439 438 437 436 435 433 432 431 431 430 430 429 429 428 428 427 427 426 425 425 424 424 423 423 422 422 421 421 420 420 419 419 418 417 417 416 416 415 415 414 414 413 412 412 411 411 410 410 409 408 408 407 407 406 406 405 404 404 403 403 402 401 401 306 306 305 304 304 303
468 467 465 465 463 462 462 460 460 458 457 456 455 454 453 452 450 450 448 447 445 445 443 442 442 440 439 437 437 435 434 432 432 431 431 430 430 429 429 428 428 427 426 426 425 425 424 424 423 423 422 422 421 421 420 420 419 418 418 417 417 416 416 415 415 414 413 413 412 412 411 411 410 409 409 408 408 407 407 406 405 405 404 404 403 402 402 307 307 306 305 305 304 304
468 467 466 465 464 463 462 461 459 459 457 456 456 454 453 452 451 449 449 447 446 445 444 443 441 441 439 438 436 436 434 433 432 432 431 431 430 430 429 429 428 428 427 426 426 425 425 424 424 423 423 422 422 421 421 420 419 419 418 418 417 417 416 416 415 414 414 413 413 412 412 411 410 410 409 409 408 408 407 406 406 405 405 404 403 403 402 308 307 306 306 305 305 304
468 468 466 465 465 463 463 461 460 460 458 457 456 455 453 453 451 450 449 448 446 445 445 443 442 441 440 438 437 435 435 433 433 432 432 431 431 430 430 429 429 428 427 427 426 426 425 425 424 424 423 423 422 422 421 420 420 419 419 418 418 417 417 416 415 415 414 414 413 413 412 411 411 410 410 409 409 408 407 407 406 406 405 404 404 403 403 308 307 307 306 306 305 304
469 469 467 466 465 464 462 462 461 459 459 457 457 455 454 453 452 450 449 449 447 446 445 444 442 441 440 439 437 436 434 434 433 433 432 432 431 431 430 430 429 429 428 427 427 426 426 425 425 424 424 423 423 422 421 421 420 420 419 419 418 418 417 416 416 415 415 414 414 413 412 412 411 411 410 410 409 408 408 407 407 406 405 405 404 404 403 308 308 307 307 306 305 305
470 468 468 466 466 464 463 463 461 460 459 458 456 456 454 453 452 451 450 449 448 446 445 444 443 441 440 439 438 436 435 434 434 433 433 432 432 431 431 430 430 429 428 428 427 427 426 426 425 425 424 424 423 423 422 421 421 420 420 419 419 418 417 417 416 416 415 415 414 413 413 412 412 411 411 410 409 409 408 408 407 406 406 405 405 404 403 309 308 308 307 306 306 305
470 469 468 467 465 465 464 462 462 460 460 458 457 456 455 453 453 452 450 449 448 447 445 445 443 442 440 439 438 437 435 435 434 434 433 433 432 432 431 431 430 429 429 428 428 427 427 426 426 425 425 424 424 423 422 422 421 421 420 420 419 418 418 417 417 416 416 415 414 414 413 413 412 412 411 410 410 409 409 408 407 407 406 406 405 404 310 309 309 308 307 307 306 306
471 469 468 467 466 466 464 463 462 461 459 459 457 456 456 454 453 452 451 449 449 447 446 444 444 442 441 439 439 437 436 435 435 434 434 433 433 432 432 431 431 430 429 429 428 428 427 427 426 426 425 425 424 423 423 422 422 421 421 420 420 419 418 418 417 417 416 415 415 414 414 413 413 412 411 411 410 410 409 408 408 407 407 406 405 405 310 310 309 308 308 307 307 306
471 470 468 468 467 465 465 463 463 461 460 459 458 457 456 455 453 452 451 450 448 448 446 445 443 443 441 440 438 438 436 436 435 435 434 434 433 433 432 432 431 430 430 429 429 428 428 427 427 426 426 425 424 424 423 423 422 422 421 421 420 419 419 418 418 417 416 416 415 415 414 414 413 412 412 411 411 410 409 409 408 408 407 406 406 405 311 310 309 309 308 308 307 306
471 470 469 469 467 466 465 464 462 462 460 459 459 457 456 455 454 452 452 450 449 447 447 445 444 442 442 440 439 437 437 436 436 435 435 434 434 433 433 432 431 431 430 430 429 429 428 428 427 427 426 425 425 424 424 423 423 422 422 421 420 420 419 419 418 418 417 416 416 415 415 414 413 413 412 412 411 410 410 409 409 408 407 407 406 406 311 310 310 309 309 308 307 307
