testData/tiles/oneDegreeCosts/grid28.0-0.0-29.0-1.0.asc
ncols   200
nrows   200
xllcorner   28.0
yllcorner   0.0
cellsize   0.005
NODATA_value   -9999.0
[rows 42 to 83 of 200, columns 94 to 187 of 200]
262 260 258 257 255 255 255 255 255 304 301 298 294 289 284 276 267 267 267 267 267 267 266 266 266 266 266 266 265 265 265 265 265 265 265 265 265 265 265 264 264 264 264 264 263 263 263 263 263 263 263 263 263 263 263 263 263 263 263 263 263 263 263 263 263 263 263 263 263 264 265 265 265 265 266 265 265 266 265 266 266 266 266 266 266 266 266 267 267 267 267 267 267 267
259 257 256 255 255 255 255 255 255 300 297 293 288 283 275 264 264 267 267 267 267 267 266 266 266 266 266 266 265 265 265 265 265 266 265 265 265 265 265 264 264 264 264 264 263 263 263 263 263 263 263 263 263 263 263 263 263 263 263 263 263 263 263 263 263 263 263 263 263 263 265 265 265 265 266 265 265 266 266 266 266 266 266 266 267 266 266 267 267 267 268 267 267 268
256 255 255 255 255 255 255 255 255 295 291 287 281 272 264 264 264 267 267 267 267 267 267 266 266 266 266 266 266 265 265 265 265 266 265 265 265 265 265 264 264 264 264 264 263 263 263 263 263 263 263 263 263 263 263 263 263 263 263 263 263 263 263 263 263 263 263 264 264 263 265 265 265 265 266 266 265 266 266 266 266 266 266 266 267 266 266 267 267 267 268 267 267 268
255 255 255 255 255 255 255 255 255 290 285 279 267 264 264 264 264 263 267 267 267 267 267 266 266 266 266 266 266 265 265 265 265 266 266 265 265 265 265 265 264 264 264 264 264 263 263 263 263 263 263 263 263 263 263 263 263 263 263 263 263 263 263 263 263 263 263 264 264 263 265 265 266 265 266 266 265 266 266 266 266 266 266 266 267 266 266 267 267 267 268 267 267 268
255 255 255 255 255 255 255 255 255 284 277 264 264 264 264 264 264 263 263 267 267 267 267 267 266 266 266 266 266 266 265 265 265 266 266 265 265 265 265 265 264 264 264 264 264 263 263 263 263 263 263 263 263 263 263 263 263 263 263 263 263 263 263 263 263 264 263 264 264 264 265 265 266 265 266 266 266 266 266 266 266 267 267 266 267 267 266 267 267 267 268 268 267 268
255 255 255 255 255 255 255 255 255 274 264 264 264 264 264 264 264 264 263 267 267 267 267 267 266 266 266 266 266 266 265 265 265 265 266 266 265 265 265 265 265 264 264 264 264 263 263 263 263 263 263 263 263 263 263 263 263 263 263 263 263 263 263 263 263 264 263 264 264 265 265 265 266 265 266 266 267 266 266 267 266 267 267 266 267 267 266 267 267 267 268 268 267 268
255 255 255 255 255 255 255 255 255 264 264 264 264 264 264 264 264 264 263 263 267 267 267 267 267 266 266 266 266 266 266 265 265 265 266 266 265 265 265 265 265 264 264 264 264 264 263 263 263 263 263 263 263 263 263 263 263 263 263 263 263 263 263 263 263 264 263 264 264 265 265 265 266 265 266 266 267 266 266 267 266 267 267 266 267 267 266 267 267 267 268 268 268 268
255 255 255 255 255 255 255 255 255 264 264 264 264 264 264 264 264 264 264 263 263 267 267 267 267 266 266 266 266 266 266 265 265 265 266 266 265 265 265 265 265 264 264 264 264 264 263 263 263 263 263 263 263 263 263 263 263 263 263 263 263 263 263 263 263 264 264 264 264 265 265 266 266 266 266 266 267 266 266 267 266 267 267 266 267 267 266 267 267 268 268 268 268 268
255 255 255 255 255 255 255 255 264 264 264 264 264 264 264 264 264 264 264 263 263 267 267 267 267 267 266 266 266 266 266 265 265 265 266 266 266 265 265 265 265 265 264 264 264 264 264 263 263 263 263 263 263 263 263 263 263 263 263 263 263 263 263 263 263 264 264 264 264 265 265 266 266 266 266 266 267 266 266 267 267 267 267 267 267 267 268 267 267 269 268 268 269 268
255 255 255 255 255 255 255 255 264 264 264 264 264 264 264 264 264 264 264 264 263 263 267 267 267 267 266 266 266 266 266 266 265 265 266 266 266 265 265 265 265 265 264 264 264 264 264 263 263 263 263 263 263 263 263 263 263 263 263 263 263 263 263 264 263 264 264 264 264 265 265 266 266 266 266 266 267 267 267 267 267 267 267 267 267 267 268 267 267 268 268 268 269 268
255 255 255 255 255 255 255 255 264 264 264 264 264 264 264 264 264 264 264 264 263 263 263 267 267 267 266 266 266 266 266 266 265 265 266 266 266 266 265 265 265 265 265 264 264 264 264 263 263 263 263 263 263 263 263 263 263 263 263 263 263 263 263 264 263 264 264 265 264 265 265 266 266 267 267 266 267 267 267 267 267 267 267 267 267 267 268 267 267 268 268 268 269 268
255 255 255 255 255 255 255 255 264 264 264 264 264 264 264 264 264 264 264 264 264 263 263 263 267 267 267 266 266 266 266 266 266 265 265 266 266 266 265 265 265 265 265 264 264 264 264 264 263 263 263 263 263 263 263 263 263 263 263 263 263 263 263 264 263 264 264 265 264 265 265 265 266 267 267 266 267 267 267 267 267 267 267 268 267 267 268 267 267 268 268 268 269 268
255 255 255 255 255 255 255 255 264 264 264 264 264 264 264 264 264 264 264 264 264 263 263 263 267 267 267 266 266 266 266 266 266 265 265 266 266 266 265 265 265 265 265 264 264 264 264 264 263 263 263 263 263 263 263 263 263 263 263 263 263 263 264 264 263 264 264 265 264 265 265 266 266 267 267 266 267 267 267 267 267 268 267 268 268 267 268 268 267 268 269 268 269 268
255 255 255 255 255 255 255 255 264 264 264 264 264 264 264 264 264 264 264 264 264 264 263 263 263 267 267 267 266 266 266 266 266 265 265 266 266 266 266 265 265 265 265 265 264 264 264 264 263 263 263 263 263 263 263 263 263 263 263 263 264 263 264 264 265 264 264 265 264 265 265 266 266 267 267 266 267 267 268 267 267 268 267 268 268 267 268 268 267 268 268 268 269 269
255 255 255 255 255 255 255 255 264 264 264 264 264 264 264 264 264 264 264 264 264 264 263 263 263 263 267 267 266 266 266 266 266 266 265 266 266 266 266 265 265 265 265 265 264 264 264 264 264 263 263 263 263 263 263 263 263 263 263 263 264 263 264 264 265 264 265 265 265 265 265 266 266 267 267 267 267 267 268 267 267 268 267 268 268 267 268 268 267 268 268 268 269 269
255 255 255 255 255 255 255 255 264 264 264 264 264 264 264 264 264 264 264 264 264 264 263 263 263 263 263 267 266 266 266 266 266 266 265 266 266 266 266 265 265 265 265 265 264 264 264 264 264 263 263 263 263 263 263 263 263 263 263 263 264 263 264 264 265 264 265 265 265 265 265 266 266 267 267 268 267 267 268 267 268 268 267 268 268 267 268 268 267 268 268 268 269 269
255 255 255 255 255 255 255 255 265 264 264 264 264 264 264 264 264 264 264 264 264 264 264 263 263 263 263 263 267 266 266 266 266 266 265 265 266 266 266 266 265 265 265 265 265 264 264 264 264 263 263 263 263 263 263 263 263 263 263 263 264 264 264 264 265 264 265 265 266 265 265 266 266 267 267 268 267 267 268 267 268 268 267 268 268 268 268 268 268 268 268 269 269 269
255 255 255 255 255 255 255 255 265 264 264 264 264 264 264 264 264 264 264 264 264 264 264 263 263 263 263 263 263 266 266 266 266 266 266 265 266 266 266 266 265 265 265 265 265 264 264 264 264 263 263 263 263 263 263 263 263 263 263 263 264 264 264 264 265 265 265 265 266 265 265 266 266 267 267 268 267 267 268 268 268 268 268 268 268 268 268 268 269 268 268 269 269 269
255 255 255 255 255 255 255 255 265 265 264 264 264 264 264 264 264 264 264 264 264 264 264 264 263 263 263 263 263 263 266 266 266 266 266 265 266 266 266 266 265 265 265 265 265 264 264 264 264 264 263 263 263 263 263 263 263 263 263 263 264 264 264 264 265 265 265 265 266 266 265 266 266 267 267 268 267 267 268 268 268 268 268 268 268 268 268 268 269 268 268 269 269 269
255 255 255 255 255 255 255 255 265 265 264 264 264 264 264 264 264 264 264 264 264 264 264 264 263 263 263 263 263 263 262 266 266 266 266 265 266 266 266 266 266 265 265 265 265 264 264 264 264 264 263 263 263 263 263 263 263 263 263 263 264 264 264 264 265 265 265 265 266 266 266 266 266 266 267 268 268 267 268 268 268 268 268 268 268 269 268 268 269 268 268 269 269 269
255 255 255 255 255 255 255 255 265 265 265 264 264 264 264 264 264 264 264 264 264 264 264 264 263 263 263 263 263 263 262 262 266 266 266 266 266 266 266 266 266 265 265 265 265 265 264 264 264 264 263 263 263 263 263 263 263 263 264 263 264 264 265 264 265 265 265 265 266 266 266 266 266 267 267 268 268 268 268 268 268 268 268 268 268 269 268 268 269 268 268 269 269 269
255 255 255 255 255 255 255 255 265 265 265 264 264 264 264 264 264 264 264 264 264 264 264 264 264 263 263 263 263 263 263 262 262 266 266 266 266 266 266 266 266 265 265 265 265 265 264 264 264 264 264 263 263 263 263 263 263 263 264 263 264 264 265 264 265 265 266 265 266 266 266 266 266 267 267 268 268 268 268 268 268 268 268 268 268 269 269 268 269 269 268 269 269 269
255 255 255 255 255 255 255 255 265 265 265 264 264 264 264 264 264 264 265 264 264 264 264 264 264 263 263 263 263 263 263 262 262 262 266 266 266 266 266 266 266 265 265 265 265 265 264 264 264 264 264 263 263 263 263 263 263 263 264 263 264 264 265 264 265 265 266 265 266 266 266 266 266 267 267 268 268 268 268 268 269 268 269 269 268 269 269 268 269 269 268 269 269 269
255 255 255 255 255 255 255 255 265 265 265 265 264 264 264 264 264 264 264 264 264 264 264 264 264 263 263 263 263 263 263 262 262 262 262 266 266 266 266 266 266 266 265 265 265 265 265 264 264 264 264 263 263 263 263 263 263 263 264 263 264 264 265 264 265 265 266 265 266 266 267 266 267 267 267 268 268 268 268 268 269 268 269 269 268 269 269 268 269 269 268 269 269 269
255 255 255 255 255 255 255 255 265 265 265 265 264 264 264 264 264 264 264 264 264 264 264 264 264 264 263 263 263 263 263 263 262 262 262 262 266 266 266 266 266 266 265 265 265 265 265 264 264 264 264 263 263 263 263 263 263 263 264 264 264 264 265 265 265 265 266 265 266 266 267 266 267 267 267 268 268 269 268 268 269 268 269 269 268 269 269 268 269 269 268 269 269 269
255 255 255 255 255 255 255 255 265 265 265 265 265 264 264 264 264 264 264 265 264 264 264 264 264 264 263 263 263 263 263 263 262 262 262 262 262 262 266 266 266 266 265 265 265 265 265 264 264 264 264 263 263 263 263 263 263 263 264 264 264 264 265 265 265 265 266 265 266 266 267 266 267 267 267 268 268 269 268 268 269 268 269 269 268 269 269 268 269 269 268 269 269 269
255 255 255 255 255 255 255 255 265 265 265 265 265 264 264 264 264 264 264 265 264 264 264 264 264 264 263 263 263 263 263 263 262 262 262 262 262 262 262 266 266 266 266 265 265 265 265 264 264 264 264 264 263 263 263 263 263 263 264 264 264 264 265 265 265 265 266 266 266 266 267 266 267 267 267 267 268 269 268 268 269 268 269 269 268 269 269 268 269 269 268 269 269 269
255 255 255 255 255 255 255 265 265 265 265 265 265 264 264 264 264 264 264 264 264 264 264 264 264 264 264 263 263 263 263 263 262 262 262 262 262 262 262 262 266 266 266 265 265 265 265 264 264 264 264 264 263 263 263 263 263 263 264 264 264 265 265 266 265 265 266 266 266 266 267 266 267 267 267 267 268 269 268 269 269 268 269 269 269 269 269 269 269 269 269 269 269 269
255 255 255 255 255 255 255 265 265 265 265 265 265 265 264 264 264 264 264 264 265 264 264 264 264 264 264 263 263 263 263 263 263 262 262 262 262 262 262 262 262 266 266 265 265 265 265 265 264 264 264 264 263 263 263 263 263 263 264 265 264 265 265 266 265 266 266 266 266 266 267 267 267 267 268 267 268 269 268 269 269 269 269 269 269 269 269 269 269 269 270 269 269 269
255 255 255 255 255 255 255 265 265 265 265 265 265 265 264 264 264 264 264 264 265 264 264 264 264 264 264 263 263 263 263 263 263 262 262 262 262 262 262 262 262 262 262 265 265 265 265 265 264 264 264 264 263 263 263 263 263 263 264 265 265 265 265 266 266 266 266 266 266 266 267 267 267 267 268 267 268 269 269 269 269 269 269 269 269 269 269 270 269 269 270 269 269 270
255 255 255 255 255 255 255 265 265 265 265 265 265 265 264 264 264 264 264 264 265 264 264 264 264 264 264 263 263 263 263 263 263 262 262 262 262 262 262 262 262 262 262 262 265 265 265 265 264 264 264 264 264 263 263 263 263 263 264 265 265 265 265 266 266 266 266 266 266 266 267 267 267 267 268 267 267 269 269 269 269 269 269 269 269 269 269 270 269 269 270 269 269 270
255 255 255 255 255 255 255 265 265 265 265 265 265 265 265 264 264 264 264 264 264 265 264 264 264 264 264 264 263 263 263 263 263 262 262 262 262 262 262 262 262 262 262 262 261 265 265 265 264 264 264 264 264 263 263 263 263 263 264 265 265 265 265 266 266 266 266 267 267 266 267 267 267 267 268 268 267 269 269 269 269 269 269 269 269 269 269 270 269 269 270 269 269 270
255 255 255 255 255 255 255 265 265 265 265 265 265 265 265 264 264 264 264 264 264 265 264 264 264 264 264 264 263 263 263 263 263 263 262 262 262 262 262 262 262 262 262 262 261 261 261 265 265 264 264 264 264 263 263 263 263 263 264 265 265 265 265 266 266 266 266 267 267 266 267 267 267 267 268 268 267 269 269 269 269 269 269 269 270 269 269 270 269 269 270 269 269 270
255 255 255 255 255 255 255 266 265 265 265 265 265 265 265 264 264 264 264 264 264 265 264 264 264 264 264 264 263 263 263 263 263 263 262 262 262 262 262 262 262 262 262 262 261 261 261 261 265 264 264 264 264 263 263 263 263 263 263 265 265 265 265 266 266 266 266 267 267 266 267 267 267 267 268 268 267 268 269 269 269 269 269 269 270 269 269 270 270 269 270 269 269 270
255 255 255 255 255 255 255 266 265 265 265 265 265 265 265 265 264 264 264 264 264 265 264 264 264 264 264 264 263 263 263 263 263 263 262 262 262 262 262 262 262 262 262 262 261 261 261 261 261 260 264 264 264 263 263 263 263 264 263 265 265 266 265 266 266 266 266 267 267 267 267 267 268 267 268 268 267 268 269 269 269 269 270 269 270 270 269 270 270 269 270 270 269 270
255 255 255 255 255 255 255 266 265 265 265 265 265 265 265 265 264 264 264 264 264 264 265 264 264 264 264 264 264 263 263 263 263 263 262 262 262 262 262 262 262 262 262 262 261 261 261 261 261 260 260 264 264 264 263 263 263 264 263 265 265 266 265 266 266 267 266 267 267 267 267 267 268 267 268 268 268 268 269 269 269 269 270 269 270 270 269 270 270 269 270 270 269 270
255 255 255 255 255 255 255 266 266 265 265 265 265 265 265 265 264 264 264 264 264 264 265 264 264 264 264 264 264 263 263 263 263 263 263 262 262 262 262 262 261 262 262 262 262 261 261 261 261 260 260 260 260 264 263 263 263 264 263 264 265 266 265 266 266 267 266 267 267 267 267 267 268 267 268 268 268 268 268 270 269 269 270 269 270 270 269 270 270 269 270 270 269 270
255 255 255 255 255 255 255 266 266 265 265 265 265 265 265 265 264 264 264 264 264 264 265 264 264 264 264 264 264 263 263 263 263 263 263 262 262 262 262 262 261 262 262 262 262 261 261 261 261 260 260 260 260 260 263 263 263 264 263 264 265 266 265 266 266 267 266 267 267 267 267 267 268 267 268 268 268 268 268 270 269 270 270 269 270 270 269 270 270 269 270 270 269 270
255 255 255 255 255 255 255 266 266 265 265 265 265 265 265 265 265 264 264 264 264 264 265 264 264 264 264 264 264 263 263 263 263 263 263 262 262 262 262 262 261 262 262 262 262 261 261 261 261 261 260 260 260 260 260 260 263 264 263 264 265 266 265 266 266 267 266 267 267 268 267 267 268 267 268 268 269 268 268 270 269 270 270 269 270 270 269 270 270 269 270 270 269 270
255 255 255 255 255 255 255 266 266 265 265 265 265 265 265 265 265 264 264 264 264 264 264 264 264 264 264 264 264 264 263 263 263 263 263 262 262 262 262 262 261 261 262 262 262 261 261 261 261 261 260 260 260 260 260 260 260 264 263 264 264 266 265 266 266 267 266 267 267 268 267 267 268 267 268 268 269 268 268 269 269 270 270 269 270 270 269 270 270 269 270 270 269 270
255 255 255 255 255 255 255 266 266 266 265 265 265 265 265 265 265 264 264 264 264 264 264 265 264 264 264 264 264 264 263 263 263 263 263 262 262 262 262 262 261 261 262 262 262 261 261 261 261 261 260 260 260 260 260 260 260 260 260 264 264 266 265 266 266 267 266 267 267 268 267 268 268 267 268 268 269 268 268 269 269 270 270 269 270 270 269 270 270 269 270 270 269 270
255 255 255 255 255 255 255 266 266 266 265 265 265 265 265 265 265 264 264 264 264 264 264 265 264 264 264 264 264 264 263 263 263 263 263 262 262 262 262 262 262 261 262 262 262 261 261 261 261 261 260 260 260 260 260 260 260 260 260 260 260 266 266 266 266 267 266 267 267 268 267 268 268 268 268 268 269 268 268 269 269 270 270 269 270 270 269 270 270 269 270 270 269 270
