testData/tiles/oneDegreeCosts/grid22.0-22.0-23.0-23.0.asc
ncols   200
nrows   200
xllcorner   22.0
yllcorner   22.0
cellsize   0.005
NODATA_value   -9999.0
[rows 0 to 41 of 200, columns 0 to 93 of 200]
389 389 389 389 389 389 389 389 389 389 389 389 389 389 389 389 389 389 393 398 402 406 409 413 415 418 421 423 425 427 428 430 431 433 434 436 437 438 439 440 441 442 443 444 445 445 446 446 447 447 448 448 448 448 448 449 449 449 447 447 447 447 447 446 446 445 445 444 444 443 442 441 440 439 438 437 436 435 432 431 429 428 426 424 422 420 418 415 412 410 406 403 399 395
389 389 389 389 389 389 389 389 389 389 389 389 389 389 389 389 389 389 392 397 401 405 409 412 415 417 420 422 424 426 428 429 431 432 434 435 436 438 439 440 441 442 443 443 444 445 445 446 446 447 447 447 448 448 448 448 448 448 448 447 447 446 446 446 445 445 444 444 443 442 442 441 440 439 438 437 435 434 433 430 429 427 425 423 421 419 417 414 412 409 406 402 398 394
389 389 389 389 389 389 389 389 389 389 389 389 389 389 389 389 389 389 391 396 401 404 408 411 414 417 419 422 424 426 428 430 431 432 433 435 436 437 438 439 440 441 442 443 444 444 445 445 446 446 447 447 447 447 448 448 448 448 448 447 446 446 446 445 445 444 444 443 443 442 441 440 439 438 437 436 435 434 432 431 428 427 425 423 421 419 416 414 411 408 405 401 398 393
389 389 389 389 389 389 389 389 389 389 389 389 389 389 389 389 389 389 390 395 400 404 407 410 413 416 419 421 423 425 427 429 431 432 433 434 435 437 438 439 440 441 442 442 443 444 444 445 445 446 446 447 447 447 447 447 447 447 447 447 447 446 445 445 444 444 443 443 442 441 441 440 439 438 437 436 434 433 432 430 429 426 424 422 420 418 416 413 410 407 404 401 397 392
389 389 389 389 389 389 389 389 389 389 389 389 389 389 389 389 389 389 389 394 398 403 406 410 413 415 418 420 422 425 427 428 430 432 433 435 435 436 437 438 439 440 441 442 443 443 444 444 445 445 446 446 446 446 447 447 447 447 447 446 446 446 445 444 444 443 443 442 442 441 440 439 438 437 436 435 434 433 431 430 428 425 424 422 419 417 415 412 410 407 403 400 395 391
389 389 389 389 389 389 389 389 389 389 389 389 389 389 389 389 389 389 389 393 397 402 405 409 412 415 417 420 422 424 426 428 429 431 433 434 435 436 437 438 439 440 441 441 442 443 443 444 444 445 445 446 446 446 446 446 446 446 446 446 446 446 445 444 443 443 442 442 441 440 440 439 438 437 436 435 433 432 431 429 427 426 423 421 419 417 414 412 409 406 402 399 394 390
389 389 389 389 389 389 389 389 389 389 389 389 389 389 389 389 389 389 389 391 396 401 404 408 411 414 416 419 421 423 425 427 429 430 432 433 435 436 436 437 438 439 440 441 442 442 443 443 444 444 445 445 445 445 446 446 446 446 446 445 445 445 445 444 443 442 442 441 441 440 439 438 437 436 435 434 433 431 430 428 427 425 423 420 418 416 413 411 408 405 401 398 393 388
389 389 389 389 389 389 389 389 389 389 389 389 389 389 389 389 389 389 389 390 395 399 403 407 410 413 416 418 420 422 424 426 428 430 431 433 434 435 437 438 438 439 439 440 441 442 442 443 443 444 444 444 445 445 445 445 445 445 445 445 445 444 444 444 443 442 441 441 440 439 438 438 437 436 435 433 432 431 429 428 426 424 422 420 417 415 413 410 407 404 400 396 392 387
389 389 389 389 389 389 389 389 389 389 389 389 389 389 389 389 389 389 389 389 394 398 402 406 409 412 415 417 420 422 424 426 427 429 431 432 433 435 436 437 438 438 439 440 440 441 442 442 443 443 444 444 444 444 445 445 445 445 445 444 444 444 444 443 443 442 441 440 439 439 438 437 436 435 434 433 431 430 429 427 425 424 422 420 418 414 412 409 406 403 399 395 391 385
389 389 389 389 389 389 389 389 389 389 389 389 389 389 389 389 389 389 389 389 392 397 401 405 408 411 414 416 419 421 423 425 427 428 430 431 433 434 435 436 437 438 438 439 440 441 441 442 442 443 443 443 444 444 444 444 444 444 444 444 444 443 443 443 442 442 441 440 439 438 437 436 435 434 433 432 431 429 428 426 425 423 421 419 417 413 411 408 405 402 398 394 389 384
389 389 389 389 389 389 389 389 389 389 389 389 389 389 389 389 389 389 389 389 391 396 400 404 407 410 413 415 418 420 422 424 426 428 429 431 432 433 435 436 437 438 439 439 439 440 441 441 442 442 442 443 443 443 443 443 443 443 443 443 443 443 442 442 442 441 441 439 438 437 437 436 435 434 433 431 430 429 427 426 424 422 420 418 416 413 410 407 404 401 397 393 388 382
389 389 389 389 389 389 389 389 389 389 389 389 389 389 389 389 389 389 389 389 389 394 399 403 406 409 412 415 417 419 421 423 425 427 428 430 431 433 434 435 436 437 438 439 440 440 440 440 441 441 442 442 442 443 443 443 443 443 443 443 442 442 442 441 441 440 440 439 438 437 436 435 434 433 432 431 429 428 426 425 423 421 419 417 415 413 410 406 403 400 396 391 386 382
389 389 389 389 389 389 389 389 389 389 389 389 389 389 389 389 389 389 389 389 389 393 397 401 405 408 411 414 416 418 421 423 424 426 428 429 431 432 433 434 435 436 437 438 439 440 440 440 440 441 441 441 442 442 442 442 442 442 442 442 442 441 441 441 440 440 439 439 438 436 435 434 433 432 431 430 429 427 426 424 422 421 419 416 414 412 409 406 402 398 394 390 384 382
389 389 389 389 389 389 389 389 389 389 389 389 389 389 389 389 389 389 389 389 389 391 396 400 404 407 410 413 415 417 420 422 424 425 427 428 430 431 432 434 435 436 437 437 438 439 440 439 440 440 441 441 441 441 441 442 442 442 441 441 441 441 441 440 440 439 439 438 437 436 435 434 433 432 430 429 428 426 425 423 422 420 418 415 413 411 408 405 401 397 393 388 383 382
389 389 389 389 389 389 389 389 389 389 389 389 389 389 389 389 389 389 389 389 389 390 394 399 402 406 409 412 414 417 419 421 423 424 426 428 429 430 432 433 434 435 436 437 438 438 439 439 439 439 440 440 440 441 441 441 441 441 441 441 440 440 440 439 439 438 438 437 437 436 435 433 432 431 430 428 427 426 424 422 421 419 417 415 412 410 407 404 400 396 391 387 382 382
389 389 389 389 389 389 389 389 389 389 389 389 389 389 389 389 389 389 389 389 389 389 393 397 401 405 408 411 413 416 418 420 422 424 425 427 428 430 431 432 433 434 435 436 437 438 438 439 439 439 439 439 440 440 440 440 440 440 440 440 440 439 439 439 438 438 437 437 436 435 434 433 431 430 429 428 426 425 423 422 420 418 416 414 411 409 406 403 399 395 390 385 382 382
389 389 389 389 389 389 389 389 389 389 389 389 389 389 389 389 389 389 389 389 389 389 391 396 400 403 406 409 412 414 417 419 421 423 424 426 427 429 430 431 432 433 434 435 436 437 437 438 439 439 439 439 439 439 439 439 439 439 439 439 439 439 438 438 438 437 436 436 435 434 433 432 431 429 428 427 425 424 422 421 419 417 415 412 410 407 404 401 398 394 389 383 382 382
389 389 389 389 389 389 389 389 389 389 389 389 389 389 389 389 389 389 389 389 404 389 389 394 398 402 405 408 411 413 416 418 420 422 423 425 427 428 429 430 432 433 434 434 435 436 437 437 438 438 439 438 438 438 439 439 439 439 439 438 438 438 438 437 437 436 436 435 434 433 433 432 431 429 427 426 425 423 421 420 418 416 414 411 409 406 403 400 396 392 387 382 382 354
389 389 389 389 389 389 389 389 389 389 389 389 389 389 389 389 389 389 389 389 405 404 389 392 397 401 404 407 410 412 415 417 419 421 422 424 426 427 428 430 431 432 433 434 434 435 436 436 437 437 438 438 438 438 438 438 438 438 438 438 437 437 437 436 436 435 435 434 433 433 432 431 430 429 426 425 424 422 420 419 417 415 413 410 408 405 402 399 395 390 385 383 382 354
506 389 389 389 389 389 389 389 389 389 389 389 389 389 389 389 389 389 389 389 405 405 405 392 395 399 403 406 409 411 414 416 418 420 422 423 425 426 427 429 430 431 432 433 434 434 435 436 436 437 437 437 438 438 437 437 437 437 437 437 437 436 436 436 435 435 434 433 433 432 431 430 429 428 426 424 423 421 420 418 416 414 412 409 407 404 401 397 393 389 383 383 383 354
506 506 506 506 389 389 389 389 389 389 389 389 389 389 389 389 389 389 389 389 389 405 405 409 412 399 401 404 407 410 412 415 417 419 420 422 424 425 427 428 429 430 431 432 433 434 434 435 435 436 436 437 437 437 437 436 436 436 436 436 436 436 435 435 434 434 433 433 432 431 430 429 428 427 426 424 422 420 418 417 415 413 410 408 405 402 399 395 391 387 383 383 355 354
506 506 506 506 506 506 506 506 389 389 389 389 389 389 389 389 389 389 389 389 389 405 405 406 412 416 401 403 406 409 411 413 416 418 419 421 423 424 426 427 428 429 430 431 432 433 433 434 435 435 435 436 436 436 436 437 436 436 435 435 435 435 434 434 434 433 432 432 431 430 429 428 427 426 425 423 422 419 417 416 414 411 409 407 404 401 398 394 390 384 383 383 355 355
506 506 506 506 506 506 506 506 506 506 506 506 389 389 389 389 389 389 389 389 389 405 405 405 409 414 418 420 406 407 410 412 414 416 418 420 422 423 425 426 427 428 429 430 431 432 432 433 434 434 435 435 435 435 436 436 436 435 435 434 434 434 434 433 433 432 431 431 430 429 428 427 426 425 424 422 421 419 416 414 412 410 408 405 402 399 396 392 387 383 383 383 355 355
506 506 506 506 506 506 506 506 506 506 506 506 506 506 506 389 389 389 389 389 389 389 405 405 407 412 416 420 423 407 409 411 413 415 417 419 421 422 424 425 426 427 428 429 430 431 432 432 433 433 434 434 434 435 435 435 435 434 434 434 433 433 433 432 432 431 431 430 429 428 427 426 425 424 423 421 420 418 415 413 411 409 407 404 401 398 394 390 385 383 383 355 355 355
506 506 506 506 506 506 506 506 506 506 506 506 506 506 506 506 506 506 389 389 389 389 405 405 405 410 414 418 421 424 409 410 412 414 416 418 419 421 422 424 425 426 427 428 429 430 431 431 432 432 433 433 433 434 434 434 434 434 433 433 432 432 432 431 431 430 430 429 428 427 426 425 424 423 421 420 418 417 415 412 410 408 405 402 399 396 392 388 383 383 383 355 355 355
506 506 506 506 506 506 506 506 506 506 506 506 506 506 506 506 506 506 506 506 506 389 389 405 405 408 412 416 420 423 426 428 412 413 415 417 418 420 421 423 424 425 426 427 428 429 430 430 431 431 432 432 432 433 433 433 433 433 433 432 431 431 431 430 430 429 429 428 427 426 425 424 423 422 420 419 417 416 414 412 409 406 404 401 398 394 390 386 383 383 355 355 355 355
506 506 506 506 506 506 506 506 506 506 506 506 506 506 506 506 506 506 506 506 506 506 506 534 405 405 410 414 418 421 424 427 429 413 413 415 417 419 420 422 423 424 425 426 427 428 429 429 430 430 431 431 431 432 432 432 432 432 432 432 430 430 430 429 429 428 428 427 426 425 424 423 422 421 419 418 416 414 412 410 408 405 402 399 396 392 388 383 383 383 355 355 355 355
506 506 506 506 506 506 506 506 506 506 506 506 506 506 506 506 506 506 506 506 506 506 506 534 534 534 537 414 416 420 423 425 428 430 413 414 416 417 419 420 422 423 424 425 426 427 427 428 429 429 430 430 430 431 431 431 431 431 431 431 430 429 429 428 428 427 426 426 425 424 423 422 421 419 418 416 415 413 411 409 407 403 401 398 394 390 386 383 383 383 355 355 355 355
506 506 506 506 506 506 506 506 506 506 506 506 506 506 506 506 506 506 506 506 506 506 506 506 534 534 534 539 543 420 421 424 426 429 431 432 416 416 418 419 421 422 423 424 425 426 426 427 428 428 429 429 429 430 430 430 430 430 430 430 429 429 428 427 427 426 425 425 424 423 422 421 420 418 417 415 414 412 410 408 405 403 399 396 392 388 383 383 383 355 355 355 355 355
506 506 506 506 506 506 506 506 506 506 506 506 506 506 506 506 506 506 506 506 506 506 506 506 534 534 534 537 541 545 548 551 426 427 429 431 433 416 416 418 419 421 422 423 424 425 425 426 427 427 428 428 428 429 429 429 429 429 429 429 428 428 428 426 426 425 424 424 423 422 421 420 418 417 415 414 412 410 408 406 404 401 398 394 390 386 383 383 383 355 355 355 355 355
506 506 506 506 506 506 506 506 506 506 506 506 506 506 506 506 506 506 506 506 506 506 506 506 506 534 534 534 539 543 546 549 552 554 429 430 432 434 416 417 418 419 420 421 422 423 424 425 425 426 426 427 427 427 428 428 428 428 428 427 427 427 426 426 424 424 423 422 421 420 419 418 417 416 414 413 411 409 407 404 402 399 396 392 388 383 383 383 355 355 355 355 355 355
506 506 506 506 506 506 506 506 506 506 506 506 506 506 506 506 506 506 506 506 506 506 506 506 506 534 534 534 536 541 544 547 550 553 555 557 559 434 434 434 418 418 419 420 421 422 423 424 424 425 425 426 426 426 426 427 427 427 426 426 426 426 425 425 424 423 422 421 420 419 418 417 416 414 413 411 409 407 405 403 400 397 394 391 385 383 383 383 355 355 355 355 355 355
506 506 506 506 506 506 506 506 506 506 506 506 506 506 506 506 506 506 506 506 506 506 506 506 506 506 534 534 534 538 542 545 548 551 553 556 558 560 561 434 434 418 418 419 420 421 422 422 423 424 424 425 425 425 425 425 425 425 425 425 425 425 424 424 423 421 421 420 419 418 417 416 414 413 411 410 408 406 403 401 398 395 392 388 384 383 383 355 355 355 355 355 355 355
506 506 506 506 506 506 506 506 506 506 506 506 506 506 506 506 506 506 506 506 506 506 506 506 506 506 534 534 534 535 540 543 546 549 552 554 556 558 560 561 563 434 418 418 419 420 420 421 422 422 423 423 424 424 424 424 424 424 424 424 424 423 423 422 422 421 419 419 418 417 415 414 413 411 410 408 406 404 402 399 396 393 390 385 384 384 383 355 355 355 355 355 355 355
507 506 506 506 506 506 506 506 506 506 506 506 506 506 506 506 506 506 506 506 506 506 506 506 506 506 506 534 534 534 537 541 544 547 550 552 554 556 558 560 561 563 563 418 418 418 419 420 420 421 422 422 422 423 423 423 423 423 423 423 422 422 422 421 420 420 419 417 416 415 414 413 411 410 408 406 404 402 400 397 394 391 387 384 384 384 355 355 355 355 355 355 355 355
511 509 508 506 506 506 506 506 506 506 506 506 506 506 506 506 506 506 506 506 506 506 506 506 506 506 506 506 534 534 534 538 542 545 548 550 553 555 557 558 560 561 563 563 564 418 418 418 419 420 420 421 421 421 421 422 422 422 421 421 421 421 420 420 419 418 418 417 415 414 413 411 410 408 407 405 403 400 398 395 392 388 384 384 384 356 356 355 355 355 355 355 355 355
514 512 511 509 508 506 506 506 506 506 506 506 506 506 506 506 506 506 506 506 506 506 506 506 506 506 506 506 534 534 534 536 539 543 546 548 551 553 555 557 558 560 561 562 562 563 545 418 418 418 419 419 420 420 420 420 420 420 420 420 420 419 419 418 418 417 416 415 414 412 411 410 408 407 405 403 401 398 396 393 389 386 384 384 384 356 356 356 355 355 355 355 355 355
516 515 514 512 511 510 508 507 506 506 506 506 506 506 506 506 506 506 506 506 506 506 506 506 506 506 506 506 506 534 534 534 537 540 543 546 549 551 553 555 556 558 559 561 562 563 563 545 417 417 417 418 418 419 419 419 419 419 419 419 418 418 417 417 416 416 415 414 413 411 409 408 406 405 403 401 399 396 393 390 387 384 384 384 356 356 356 356 355 355 355 355 355 355
519 518 516 515 514 512 511 510 508 507 506 506 506 506 506 506 506 506 506 506 506 506 506 506 506 506 506 506 506 534 534 534 534 538 541 544 547 549 551 553 555 556 558 559 560 561 562 562 544 544 417 417 417 417 417 417 417 417 417 417 417 416 416 415 415 414 413 412 411 410 408 406 405 403 401 399 397 394 391 388 384 384 384 384 356 356 356 356 356 355 355 355 355 355
521 520 519 518 516 515 514 512 511 509 508 506 506 506 506 506 506 506 506 506 506 506 506 506 506 506 506 506 506 506 534 534 534 535 538 541 544 547 549 551 553 554 556 557 558 559 560 560 561 562 543 544 416 416 416 416 416 416 416 416 415 415 414 414 413 412 411 410 409 408 407 404 403 401 399 397 394 391 388 385 384 384 384 356 356 356 356 356 356 355 355 355 355 355
524 522 521 520 519 517 516 515 513 512 510 509 508 506 506 506 506 506 506 506 506 506 506 506 506 506 506 506 506 506 506 534 534 534 535 539 542 544 547 549 551 552 554 555 557 558 559 560 559 560 561 543 543 414 414 414 414 414 414 414 414 413 413 412 411 411 410 409 408 406 405 403 401 399 397 394 392 389 385 384 384 384 356 356 356 356 356 356 356 356 355 355 355 355
526 525 523 522 521 519 518 517 515 514 513 511 510 508 507 506 506 506 506 506 506 506 506 506 506 506 506 506 506 506 506 506 534 534 534 536 539 542 544 547 549 550 552 553 555 556 557 558 559 558 559 560 541 541 413 413 413 413 412 412 412 412 411 410 410 409 408 407 406 404 403 401 399 397 394 392 389 386 384 384 384 356 356 356 356 356 356 356 356 356 356 355 355 355
