testData/tiles/oneDegreeCosts/grid4.0-16.0-5.0-17.0.asc
ncols   200
nrows   200
xllcorner   4.0
yllcorner   16.0
cellsize   0.005
NODATA_value   -9999.0
[rows 123 to 163 of 200, columns 0 to 91 of 200]
851 851 851 851 852 852 852 853 853 853 853 853 854 854 854 854 854 855 856 856 856 857 857 856 857 857 857 857 857 858 858 857 859 859 859 859 859 859 860 859 859 860 860 860 860 860 860 861 861 861 863 863 863 864 864 864 865 865 865 866 866 809 809 809 809 810 810 810 811 811 811 812 812 806 807 807 807 808 808 808 809 873 873 873 873 873 874 874 874 875 875 875
851 850 851 851 851 851 852 852 853 852 853 853 853 853 854 854 855 855 854 856 856 856 856 856 856 857 856 857 857 857 857 857 857 858 859 858 859 859 859 859 859 859 860 860 860 860 860 860 861 861 861 862 862 863 864 864 864 865 865 865 866 809 809 809 809 809 810 810 810 811 811 811 806 806 806 807 807 807 808 808 808 872 872 872 873 873 873 873 873 874 875 875
850 850 850 851 850 850 851 851 853 852 852 854 854 853 854 854 854 854 854 854 855 855 855 856 856 857 856 856 857 857 856 857 857 857 857 857 858 859 858 858 860 860 860 860 860 860 861 861 861 862 862 862 863 863 863 864 864 866 866 866 867 809 809 809 809 809 809 810 810 810 811 811 805 806 806 806 807 807 807 808 871 871 872 872 872 873 873 873 874 874 874 874
849 850 850 850 850 850 851 851 851 852 853 853 853 853 853 854 854 853 854 854 854 854 854 856 856 856 856 856 856 856 856 857 858 858 857 858 858 858 858 859 859 860 859 859 860 860 860 861 861 862 862 862 863 863 863 864 864 864 865 865 865 809 809 809 810 810 810 810 811 811 810 805 805 805 806 806 806 807 807 807 871 871 871 872 872 872 873 873 873 874 874 874
849 849 850 850 850 851 851 852 851 851 852 852 852 853 853 853 853 853 853 854 854 854 854 854 855 856 856 857 857 856 857 857 857 857 857 857 858 857 857 858 858 858 859 859 860 860 860 861 861 861 862 862 862 863 863 863 864 864 864 865 865 807 808 808 808 810 810 810 810 811 811 805 806 806 806 807 806 806 807 807 870 871 871 871 872 872 872 873 873 873 874 874
848 848 851 850 850 851 851 850 851 851 851 851 851 852 853 853 852 853 853 854 854 854 855 855 854 855 855 856 856 856 856 857 857 856 857 857 857 857 857 857 858 857 858 858 859 860 860 860 861 861 861 862 862 862 863 863 863 864 864 864 865 807 807 808 808 808 809 809 809 811 805 805 805 806 806 806 807 807 807 808 870 870 871 871 871 872 872 872 873 873 873 874
849 849 848 850 850 850 850 850 850 851 851 850 851 851 852 852 852 854 854 853 854 854 854 855 854 854 855 855 854 855 856 856 856 856 856 857 856 857 857 857 858 857 857 858 858 858 859 860 860 861 861 861 862 862 862 863 863 863 864 864 864 807 807 807 808 808 808 809 809 809 804 804 804 804 806 806 806 807 807 807 871 871 871 872 871 871 872 872 872 873 873 873
848 848 848 848 849 850 849 850 850 850 850 850 851 852 852 852 852 853 854 853 853 854 854 853 854 854 854 854 854 854 855 855 855 856 856 857 856 856 857 857 857 857 857 857 858 858 858 859 859 859 860 861 861 862 862 862 863 863 863 864 864 807 807 807 807 808 808 808 809 803 803 804 804 804 804 805 805 805 806 869 869 871 871 871 872 872 872 873 872 872 873 873
848 847 848 848 848 848 848 849 850 850 851 851 851 852 851 851 852 852 851 853 853 853 854 853 853 854 854 853 854 854 854 854 854 855 856 855 856 856 857 858 857 857 858 858 858 859 859 859 860 860 860 861 861 861 863 863 863 864 864 864 865 807 807 807 807 807 808 808 808 803 803 803 803 804 804 804 805 805 805 869 869 869 870 870 870 871 871 871 872 872 872 872
847 847 847 848 848 848 848 849 850 850 850 851 851 850 851 851 851 852 851 851 852 852 852 853 853 853 853 853 854 854 854 855 855 855 856 855 855 857 857 856 857 857 857 858 858 858 859 859 859 860 860 860 861 861 861 862 862 862 864 864 864 807 807 807 808 808 808 809 809 803 803 803 803 803 804 804 804 805 805 868 869 869 869 870 870 870 871 871 871 872 872 872
846 847 847 847 847 848 849 849 848 849 849 850 851 850 850 851 851 851 851 851 851 851 851 851 853 854 854 854 854 855 854 854 855 855 854 855 855 855 856 855 856 857 857 857 858 858 858 859 859 859 860 860 860 861 861 861 862 862 862 863 863 805 807 807 807 808 808 808 803 803 803 804 804 804 804 805 804 804 805 868 868 869 869 869 870 870 870 871 871 871 872 872
845 846 848 848 848 848 848 849 848 848 849 849 849 850 850 850 851 851 851 851 851 851 852 852 853 852 853 854 854 854 854 854 854 855 854 854 855 855 854 855 855 855 856 857 857 858 858 858 859 859 859 860 860 860 861 861 861 862 862 862 863 805 805 806 806 806 808 808 802 803 803 803 804 804 804 804 805 805 805 869 868 868 869 869 869 870 870 870 871 871 871 871
846 846 847 847 847 848 848 847 848 848 848 849 848 848 849 850 849 851 851 851 851 851 852 852 852 852 852 852 854 853 853 854 854 853 854 854 854 855 854 854 855 855 855 856 856 856 858 858 858 859 859 859 860 860 860 861 861 861 862 862 862 805 805 805 806 806 806 801 801 801 802 803 803 804 804 804 804 805 868 868 869 869 869 870 869 869 870 870 870 871 871 871
846 846 845 846 847 847 848 847 847 848 848 848 848 848 849 849 849 850 851 851 851 851 851 852 851 851 852 852 851 852 852 853 854 853 853 854 854 853 854 854 854 855 855 855 856 856 856 857 857 858 859 859 859 860 860 860 861 861 861 862 862 805 805 805 805 806 806 800 801 801 801 802 802 802 802 803 803 804 868 868 868 869 869 869 870 870 870 870 870 870 870 871
845 846 845 845 846 846 846 847 847 847 848 848 848 849 849 848 849 849 850 850 850 851 851 851 851 851 851 852 851 851 852 852 852 852 853 853 853 853 853 854 854 854 856 856 856 857 857 857 858 858 858 859 860 860 861 861 861 862 862 862 862 805 805 805 805 805 800 800 800 801 801 801 802 802 802 802 803 803 866 867 867 867 868 868 868 870 870 870 871 871 870 870
845 844 845 845 845 846 846 846 848 848 847 848 848 849 848 848 849 849 849 849 849 850 851 850 850 851 851 851 851 851 851 852 852 852 853 853 853 854 854 854 855 855 855 856 856 856 857 857 857 858 858 858 859 859 859 860 861 861 862 862 862 805 805 805 806 806 800 801 800 800 801 801 801 802 802 802 802 803 866 866 867 867 867 868 868 868 869 869 869 869 870 870
845 844 844 845 845 845 846 846 846 846 847 848 848 848 848 848 848 849 848 848 849 849 849 850 850 850 851 851 851 852 852 851 852 852 852 852 852 852 853 854 854 855 855 855 856 856 856 857 857 857 858 858 858 859 859 859 860 860 860 861 862 804 805 805 805 800 800 800 801 801 801 802 802 802 802 802 802 802 866 866 866 867 867 867 868 868 868 869 869 869 869 870
842 844 844 845 845 845 845 846 846 846 846 846 848 847 847 848 848 848 848 848 848 849 849 849 850 850 850 851 851 851 852 851 851 852 852 851 852 852 852 853 853 853 855 855 855 856 856 856 857 857 857 858 858 858 859 859 859 860 860 860 861 803 803 804 804 799 800 800 800 801 801 801 802 802 802 802 803 803 865 866 866 866 867 867 867 868 868 868 869 869 869 869
842 843 845 845 844 845 845 846 845 845 846 846 846 846 847 847 848 848 848 848 849 848 849 849 849 850 849 849 851 851 850 851 851 851 851 851 851 852 852 852 853 853 853 854 854 855 856 856 856 857 857 857 858 858 858 859 859 859 860 860 860 803 803 803 798 798 798 799 799 799 801 801 801 802 802 802 802 866 866 866 867 866 866 867 867 867 868 868 868 868 869 869
843 843 843 843 844 845 845 845 845 845 845 846 845 845 846 846 846 848 848 848 849 848 848 849 849 848 849 849 849 849 849 850 851 851 850 851 851 851 852 852 852 853 853 853 854 854 854 855 855 856 857 857 857 858 858 858 859 859 859 860 860 802 803 803 797 798 798 798 799 799 799 800 800 800 801 801 802 865 866 866 866 867 867 867 868 867 867 868 868 868 868 869
842 843 842 843 843 843 845 844 844 845 845 845 845 846 846 847 846 846 847 848 847 848 848 848 849 848 848 849 849 848 849 849 850 849 850 851 851 851 852 852 852 853 853 853 854 854 854 854 855 855 855 856 857 857 858 858 858 859 859 859 860 802 802 797 797 797 798 798 798 799 799 799 800 800 800 800 801 864 864 865 865 865 866 866 866 868 868 868 867 868 868 868
842 843 842 842 843 843 843 843 844 844 845 845 845 846 846 845 846 846 846 847 846 847 848 848 847 848 848 849 848 848 849 849 849 849 849 849 851 851 851 852 853 853 854 854 854 855 855 855 856 856 856 856 857 857 857 858 859 859 860 860 860 802 802 797 797 797 797 798 798 798 799 799 799 800 800 800 800 864 864 864 865 865 865 866 866 866 867 867 867 867 867 867
842 841 842 842 842 843 843 843 844 844 843 845 845 845 846 845 845 846 846 845 846 846 846 846 847 848 848 848 848 848 848 849 849 849 850 850 850 851 851 852 853 853 853 854 854 854 855 855 855 856 856 856 856 857 857 857 858 858 858 859 859 802 797 797 797 798 798 798 798 798 798 799 799 799 799 800 800 863 864 864 864 865 865 865 866 866 866 866 867 867 867 868
841 841 841 842 842 842 843 843 843 844 843 843 844 845 844 845 845 845 845 845 846 846 846 846 846 846 848 847 848 849 849 848 849 849 849 850 850 850 851 851 851 852 852 853 854 854 854 855 855 855 856 856 856 856 857 857 857 858 858 858 859 801 795 796 796 797 798 798 798 799 799 799 800 799 799 799 800 863 863 864 864 864 865 865 865 866 866 866 866 867 867 867
839 840 840 841 842 842 842 843 843 842 843 843 843 843 843 844 845 845 845 845 845 846 846 846 847 847 847 847 847 848 849 848 848 849 849 849 850 850 850 851 851 851 852 852 852 853 854 854 855 855 855 856 856 856 856 857 857 857 858 858 858 795 795 795 796 796 796 797 797 797 798 799 799 800 800 800 863 863 863 863 864 864 864 865 865 865 866 866 866 866 867 867
839 839 841 841 840 842 842 842 842 842 842 843 843 843 843 843 844 844 844 845 846 846 846 846 846 847 846 846 847 847 846 847 848 848 849 849 849 850 850 850 851 851 851 852 852 852 853 853 853 854 855 855 856 856 856 856 857 857 857 858 858 794 795 795 795 796 796 796 797 797 797 798 798 798 798 799 862 862 864 864 864 864 864 864 865 865 865 865 866 866 866 867
840 840 840 840 840 840 841 842 841 842 842 843 842 842 843 843 843 844 844 844 846 845 845 846 846 845 846 846 846 847 846 846 847 847 848 849 849 849 850 850 850 851 851 851 852 852 852 853 853 853 854 854 854 856 856 856 856 857 857 857 852 794 794 795 795 795 796 796 796 797 797 797 798 798 798 798 862 862 862 863 863 863 864 864 864 864 864 865 865 866 866 652
839 840 840 839 840 840 840 840 840 842 842 841 842 842 842 844 843 843 844 844 843 844 845 845 846 845 845 846 846 845 846 846 846 847 847 847 848 849 849 850 850 850 851 851 851 852 852 852 853 853 853 854 854 854 855 855 855 855 857 851 851 794 794 794 795 795 795 796 796 796 797 797 797 798 798 798 861 862 862 862 863 863 863 864 864 864 864 864 864 864 651 651
839 839 839 839 839 840 839 840 840 840 841 841 842 843 843 842 843 843 843 844 843 843 844 844 843 845 845 845 846 845 845 846 846 846 847 847 847 848 848 848 849 850 850 851 851 851 852 852 852 853 853 853 854 854 854 855 855 855 855 850 850 793 794 794 794 795 795 795 796 796 796 797 797 797 797 798 861 861 862 862 862 863 863 863 864 864 864 864 865 651 651 651
838 837 839 839 839 840 839 839 840 840 840 841 841 841 843 842 842 843 843 842 843 843 843 844 843 843 844 845 844 845 845 845 846 846 846 847 847 847 849 849 849 850 850 850 852 852 852 853 853 853 854 854 854 855 855 855 855 856 850 850 851 793 793 793 793 793 794 794 795 796 796 796 797 797 797 797 861 861 861 862 862 862 863 863 863 863 864 864 650 651 651 651
838 837 837 838 839 838 839 839 840 841 840 840 841 841 840 841 842 842 843 842 842 843 843 842 843 843 843 843 843 843 845 845 846 847 847 847 848 848 848 849 849 849 850 850 850 851 851 851 853 853 853 854 854 854 855 855 855 855 850 850 850 793 793 793 794 794 794 795 795 795 795 795 795 795 797 797 860 861 861 861 862 862 862 863 863 863 863 864 650 650 651 651
837 837 837 837 837 837 839 840 840 839 840 840 840 840 840 840 841 841 840 842 842 842 842 842 842 843 843 843 844 844 844 845 845 846 847 847 847 848 848 848 849 849 849 850 850 850 851 851 851 852 852 852 854 854 854 855 855 849 849 850 850 792 793 793 793 794 794 794 795 795 795 796 796 795 795 796 859 859 860 860 860 861 862 862 862 863 863 649 650 650 650 651
837 837 837 837 837 838 838 838 838 839 839 840 840 839 840 840 840 840 840 840 841 842 841 842 843 843 843 843 843 844 844 844 845 845 845 846 847 847 848 848 848 849 849 849 850 850 850 851 851 851 852 852 852 853 853 853 855 849 849 849 850 792 792 793 793 793 794 794 794 795 795 795 796 796 796 859 860 859 859 860 860 860 861 861 861 861 648 648 648 649 649 649
837 837 838 837 837 837 838 838 837 838 838 839 839 839 839 840 840 839 840 840 840 841 841 841 843 843 842 843 843 843 844 844 844 845 845 845 846 846 846 847 848 848 849 849 849 850 850 850 851 851 851 852 852 852 853 853 847 847 848 848 848 792 792 792 793 793 793 794 794 794 795 795 795 795 796 859 859 860 860 860 860 860 860 860 861 647 647 648 648 648 649 649
837 837 837 837 837 837 837 837 837 837 838 837 837 839 839 839 839 839 840 841 840 840 841 841 841 841 841 842 843 843 843 844 844 844 845 845 845 846 846 846 847 847 847 849 849 849 850 850 850 851 851 851 852 852 852 853 847 847 847 848 848 790 791 791 791 792 793 793 794 794 794 795 795 795 795 859 859 859 860 860 860 861 861 860 647 647 647 647 648 648 648 649
837 837 836 836 837 837 836 836 837 837 837 837 837 837 838 838 839 840 840 840 840 840 840 841 840 840 841 841 841 842 843 843 844 844 844 845 845 845 846 846 846 847 847 847 848 848 848 850 850 850 851 851 851 852 852 846 847 847 847 847 848 790 790 791 791 791 792 792 792 793 793 793 794 795 795 858 859 859 859 860 860 860 861 647 647 647 647 647 647 648 648 648
837 836 836 836 836 836 836 836 836 837 836 836 837 838 838 838 838 838 840 839 839 840 840 840 840 840 840 841 841 841 842 842 842 844 844 844 845 845 845 846 846 846 847 847 847 848 848 848 849 849 849 851 851 851 852 846 846 846 847 847 847 790 790 790 791 791 791 792 792 792 793 793 793 793 794 857 857 858 858 858 860 860 860 646 647 647 647 648 647 647 648 648
836 836 836 836 836 835 835 835 835 835 836 837 837 838 837 838 838 838 839 838 838 840 840 839 840 840 840 841 841 841 841 842 842 842 843 843 844 845 845 845 846 846 846 847 848 848 849 849 849 850 850 850 851 851 845 847 847 846 846 847 847 790 790 790 790 791 791 791 792 792 792 792 793 793 793 857 857 857 858 858 858 859 645 645 645 646 646 646 647 647 647 647
836 836 836 836 835 835 835 835 835 835 836 837 837 837 837 837 838 838 837 838 838 838 838 838 839 840 840 840 841 841 841 841 842 842 842 843 844 844 845 846 846 847 847 847 848 848 848 849 849 849 850 850 850 845 845 845 846 846 846 846 848 790 790 791 791 790 791 791 791 792 792 792 792 793 793 856 857 857 857 858 858 644 644 645 645 645 646 646 646 647 647 647
835 835 836 836 835 835 835 836 835 835 835 836 836 836 837 837 837 837 837 837 838 838 837 838 838 838 839 840 840 841 841 841 843 843 843 843 844 844 844 845 845 845 846 847 847 848 848 848 849 849 849 850 850 844 845 845 845 845 846 846 846 789 789 789 790 790 791 792 792 791 792 792 792 792 793 856 856 857 857 857 644 644 644 644 645 645 645 646 646 646 646 647
835 835 835 835 835 835 836 835 835 835 835 835 835 835 835 836 837 836 837 837 837 837 837 837 838 838 838 839 840 840 842 842 842 843 843 843 843 844 844 844 845 845 845 846 846 846 847 848 848 849 849 849 844 844 844 845 845 845 845 846 846 788 789 789 789 790 790 790 791 791 791 791 793 792 792 856 856 856 857 643 643 643 644 644 644 645 645 645 646 646 646 646
