testData/tiles/oneDegreeCosts/grid2.0-2.0-3.0-3.0.asc
ncols   200
nrows   200
xllcorner   2.0
yllcorner   2.0
cellsize   0.005
NODATA_value   -9999.0
[rows 42 to 83 of 200, columns 0 to 93 of 200]
482 482 482 482 482 482 482 483 483 483 483 483 483 483 484 484 484 485 485 485 485 485 485 485 486 486 485 485 486 486 486 486 485 486 486 486 486 485 485 485 485 485 485 486 485 485 485 484 484 484 483 483 483 483 483 482 482 481 481 481 481 480 481 480 480 479 478 478 477 477 476 475 475 475 474 474 473 472 471 471 470 469 468 468 467 467 411 411 411 411 411 411 411 411
482 482 482 482 482 482 483 483 483 483 483 483 483 483 483 485 485 485 485 485 485 485 485 485 486 486 486 486 486 486 486 486 485 485 486 486 486 485 485 486 486 485 485 486 485 485 485 484 484 484 483 483 483 483 483 482 483 482 482 481 481 480 480 480 480 479 479 478 477 477 476 475 475 475 474 474 473 472 471 471 470 469 468 467 467 467 467 467 411 411 411 411 412 412
482 482 482 482 483 483 483 483 483 483 483 483 483 483 484 485 485 485 485 485 485 485 485 485 487 487 486 486 486 486 486 486 485 485 486 486 486 486 486 486 486 485 485 485 485 485 485 484 484 484 483 483 483 484 484 483 483 482 482 481 481 480 480 480 480 479 479 478 477 477 476 475 475 474 474 474 473 472 471 471 470 470 469 468 468 468 468 468 468 468 412 412 412 412
482 482 482 483 483 483 483 483 483 483 483 483 484 484 484 485 485 485 485 485 485 485 485 486 486 487 486 486 486 486 486 486 485 485 486 487 487 486 486 486 486 485 485 485 485 485 485 484 484 484 484 484 483 483 484 483 483 482 482 481 481 480 480 479 480 479 479 478 477 477 476 475 475 474 475 475 474 473 472 472 471 470 469 468 468 468 468 468 468 468 468 468 468 412
482 482 483 483 483 483 483 483 483 483 483 484 484 484 484 484 485 485 485 485 485 486 486 486 486 487 486 486 486 486 486 486 486 486 486 487 487 486 486 486 486 485 485 485 485 485 485 484 485 485 484 484 483 483 484 483 483 482 482 481 481 480 480 479 480 479 479 478 477 477 477 476 476 475 474 475 474 473 472 472 471 470 469 468 468 468 468 468 468 468 468 468 468 468
482 483 483 483 483 483 483 483 483 483 484 484 484 484 484 484 485 485 485 485 486 486 486 486 486 487 487 486 486 486 486 487 487 486 486 487 487 486 486 486 486 485 485 485 485 485 486 485 485 485 484 484 483 483 483 483 483 482 482 481 481 480 480 479 479 479 480 479 478 478 477 476 476 475 474 475 474 473 472 472 471 470 469 468 468 468 468 468 468 468 468 468 468 468
483 483 483 483 483 483 483 483 484 484 484 484 484 484 484 484 485 485 486 486 486 486 486 486 486 486 487 486 486 486 487 487 487 486 486 486 487 486 486 486 486 485 485 486 485 486 486 485 485 485 484 484 484 483 483 483 483 482 482 481 481 480 481 480 480 479 480 479 478 478 477 476 476 475 474 474 474 473 472 472 471 470 469 468 468 468 468 468 468 468 468 468 468 468
483 483 483 483 483 483 483 484 484 484 484 484 484 484 484 484 484 486 486 486 486 486 486 486 486 486 487 486 487 487 487 487 487 486 486 486 487 486 486 486 486 485 486 486 485 485 486 485 485 485 484 484 484 483 483 483 483 482 482 482 482 481 481 480 480 479 480 479 478 478 477 476 476 475 474 474 473 473 472 472 471 470 469 468 468 468 468 468 468 468 468 468 468 468
483 483 483 483 483 483 484 484 484 484 484 484 484 484 484 484 485 486 486 486 486 486 486 486 486 486 486 487 487 487 487 487 487 486 486 486 487 486 486 486 487 486 486 486 485 485 486 485 485 485 484 484 484 483 483 483 483 483 483 482 482 481 481 480 480 479 479 479 478 478 477 476 476 475 474 474 473 473 472 472 471 470 469 468 468 468 468 468 468 468 468 468 468 468
483 483 483 483 483 484 484 484 484 484 484 484 484 484 485 485 485 486 486 486 486 486 486 486 486 487 487 487 487 487 487 487 487 486 486 486 486 486 487 487 487 486 486 486 485 485 485 485 485 485 484 484 484 483 484 483 483 483 483 482 482 481 481 480 480 479 479 479 478 478 477 476 476 475 474 474 473 472 472 472 471 470 469 468 468 468 468 468 468 468 469 469 469 469
483 483 483 483 484 484 484 484 484 484 484 484 484 485 485 485 485 485 486 486 486 486 486 486 487 487 487 487 487 487 487 487 487 486 486 486 487 487 487 487 487 486 486 486 485 485 485 485 485 485 484 484 485 484 484 483 483 483 483 482 482 481 481 480 480 479 479 478 478 478 477 476 476 475 474 474 473 472 472 473 472 471 470 469 469 468 468 468 468 468 469 469 469 469
483 483 483 484 484 484 484 484 484 484 484 484 485 485 485 485 485 485 486 486 486 486 487 487 487 487 487 487 487 487 487 487 487 486 486 487 487 487 487 487 487 486 486 486 485 485 485 485 485 485 485 485 485 484 484 483 483 482 483 482 482 481 481 480 480 479 479 478 478 478 477 476 476 475 475 475 474 473 472 472 472 471 470 469 469 468 468 468 468 468 468 469 469 469
483 483 484 484 484 484 484 484 484 484 484 485 485 485 485 485 485 485 486 486 486 487 487 487 487 487 487 487 487 487 487 487 487 487 487 487 487 487 487 487 487 486 486 486 485 485 485 485 486 486 485 485 485 484 484 483 483 482 482 482 482 481 481 480 480 479 479 478 478 478 478 477 477 476 475 475 474 473 472 472 472 471 470 469 469 468 468 468 468 468 468 468 469 469
483 484 484 484 484 484 484 484 484 484 485 485 485 485 485 485 485 485 485 486 487 487 487 487 487 487 487 487 487 487 487 487 488 487 487 487 487 487 487 487 487 486 486 486 485 485 486 485 485 486 485 485 485 484 484 483 483 482 482 482 482 481 481 480 480 479 479 479 478 478 478 477 477 476 475 475 474 473 472 472 471 471 470 469 469 468 468 468 468 468 468 468 468 469
484 484 484 484 484 484 484 484 484 485 485 485 485 485 485 485 485 485 485 487 487 487 487 487 487 487 487 487 487 487 488 488 488 487 487 487 487 487 487 487 487 486 486 486 485 486 486 485 485 486 485 485 485 484 484 483 483 482 482 482 482 481 481 480 481 480 480 479 478 478 477 477 477 476 475 475 474 473 472 472 471 470 470 469 469 468 468 468 468 468 468 468 468 468
484 484 484 484 484 484 484 484 485 485 485 485 485 485 485 485 485 485 486 486 487 487 487 487 487 487 487 487 487 487 488 488 488 487 487 487 487 487 487 487 487 486 486 487 486 486 486 485 485 485 485 485 485 484 484 483 483 482 482 482 482 481 482 481 481 480 480 479 478 478 477 477 477 476 475 475 474 473 472 472 471 470 469 469 469 468 468 468 468 468 468 468 468 468
484 484 484 484 484 484 484 485 485 485 485 485 486 485 485 485 485 486 486 486 487 487 487 487 487 487 487 487 487 487 488 488 488 487 487 487 487 487 487 487 487 486 487 487 486 486 486 485 485 485 485 485 485 484 484 483 483 482 482 482 482 482 482 481 481 480 480 479 478 478 477 476 477 476 475 475 474 473 472 472 471 470 469 468 469 468 468 468 468 468 468 468 468 468
484 484 484 484 484 484 485 485 485 485 485 485 485 485 485 485 486 486 486 486 486 487 487 487 487 487 487 487 487 487 487 488 488 487 487 487 487 487 487 487 487 487 487 487 486 486 486 485 485 485 485 485 485 484 484 483 483 482 483 482 482 481 482 481 481 480 480 479 478 478 477 476 476 476 475 475 474 473 472 472 471 470 469 468 468 468 468 468 468 468 468 468 468 468
484 484 484 484 484 485 485 485 485 485 485 485 485 485 485 486 486 486 486 486 486 487 487 487 487 487 488 487 487 487 487 488 488 487 487 487 487 487 487 487 487 487 487 487 486 486 486 485 485 485 485 485 485 484 484 483 484 483 483 482 482 481 482 481 481 480 480 479 478 478 477 476 476 475 475 475 474 473 472 472 471 470 469 468 468 468 468 468 468 468 468 468 469 469
484 484 484 484 484 485 485 485 485 485 485 485 485 485 486 486 486 486 486 486 486 487 487 487 487 488 488 487 487 487 487 487 488 487 487 487 487 487 487 487 487 486 487 487 486 486 486 485 485 485 485 485 485 484 485 484 484 483 483 482 482 481 481 481 481 480 480 479 478 478 477 476 476 475 475 475 474 473 472 472 471 470 469 468 469 468 469 469 469 469 469 469 469 469
484 484 484 484 485 485 485 485 485 485 485 485 485 486 486 486 486 486 486 486 486 486 487 487 488 488 488 487 487 487 487 487 488 487 487 487 487 487 487 487 487 486 487 487 486 486 486 485 485 485 485 485 485 485 485 484 484 483 483 482 482 481 481 480 481 480 480 479 478 478 477 476 476 475 475 475 474 473 472 472 472 471 470 469 469 468 468 469 469 469 469 469 469 469
549 549 549 550 550 485 485 485 485 485 485 485 485 486 486 486 486 486 486 486 486 486 487 488 488 488 488 487 487 487 487 487 487 487 487 487 488 487 487 487 487 486 486 487 486 486 486 485 485 485 485 485 485 485 485 484 484 483 483 482 482 481 481 480 481 480 480 479 478 478 477 476 476 475 475 475 475 474 473 473 472 471 470 469 469 468 468 468 469 469 469 469 469 469
549 549 549 550 550 550 550 550 550 550 550 485 486 486 486 486 486 486 486 486 486 486 487 488 488 488 488 487 487 487 487 487 487 487 487 488 488 487 487 487 487 486 486 487 486 486 486 485 485 485 485 485 485 484 485 484 484 483 483 482 482 481 481 480 480 480 480 479 478 478 477 476 476 475 475 475 474 474 473 473 472 471 470 469 469 468 468 468 468 468 469 469 469 469
549 549 550 550 550 550 550 550 550 550 550 551 551 551 551 551 486 486 486 486 486 487 487 488 488 488 488 487 487 487 487 487 487 487 488 488 488 487 487 487 487 486 486 486 486 486 486 485 485 486 485 485 485 484 484 484 484 483 483 482 482 481 481 480 480 479 480 479 478 478 477 477 477 476 475 475 474 473 473 473 472 471 470 469 469 468 468 468 468 468 468 469 469 469
549 550 550 550 550 550 550 550 550 550 551 551 551 551 551 551 551 551 551 551 551 487 487 487 488 488 488 487 487 487 487 487 487 487 488 488 488 487 487 487 487 486 486 486 486 486 486 485 486 486 485 485 485 484 484 484 484 483 483 482 482 481 481 480 480 479 479 479 478 479 478 477 477 476 475 475 474 473 472 473 472 471 470 469 469 468 468 468 468 468 468 468 469 469
549 550 550 550 550 550 550 550 550 550 551 551 551 551 551 551 551 551 551 551 552 552 552 552 553 553 488 487 487 487 487 487 488 487 487 488 488 487 487 487 487 486 486 486 486 486 487 486 486 486 485 485 485 484 484 483 484 483 483 482 482 481 481 480 480 479 479 479 479 479 478 477 477 476 475 475 474 473 472 472 472 471 470 469 469 468 468 468 468 468 468 468 468 469
550 550 550 550 550 550 550 550 550 551 551 551 551 551 551 551 551 551 551 552 552 552 552 552 552 553 553 552 552 552 487 488 488 487 487 488 488 487 487 487 487 486 486 486 486 486 487 486 486 486 485 485 485 484 484 483 483 483 483 482 482 481 481 480 480 479 480 479 479 479 478 477 477 476 475 475 474 473 472 472 471 471 470 469 468 468 468 468 468 468 468 468 468 468
550 550 550 550 550 550 550 550 550 551 551 551 551 551 551 551 551 551 551 552 552 552 552 552 552 553 553 552 552 552 553 553 553 552 487 487 488 487 487 487 487 486 486 486 486 486 486 486 486 486 485 485 484 484 484 483 483 482 483 482 482 481 481 480 480 480 480 479 478 479 478 477 477 476 475 475 474 473 472 472 471 470 470 469 468 468 468 468 468 468 468 468 468 468
550 550 550 550 550 550 550 550 551 551 551 551 551 551 551 551 551 551 552 552 552 552 552 552 552 552 552 552 552 552 553 553 553 552 552 552 552 552 552 487 487 486 486 486 486 486 486 486 486 486 485 485 484 484 484 483 483 482 483 482 482 481 481 481 481 480 480 479 478 478 478 477 477 476 475 475 474 473 472 472 471 470 469 469 468 468 468 468 468 468 468 468 468 468
550 550 550 550 550 550 550 550 551 551 551 551 551 551 551 551 551 551 552 552 552 552 552 552 552 552 552 552 552 553 553 553 552 552 552 552 552 552 552 552 552 551 486 487 486 486 486 486 486 486 485 485 484 484 484 483 483 482 482 482 482 481 482 481 481 480 480 479 478 478 477 477 477 476 475 475 474 473 472 472 471 470 469 468 468 468 468 468 468 468 468 468 468 468
550 550 550 550 550 550 550 551 551 551 551 551 551 551 551 551 551 552 552 552 552 552 552 552 552 552 552 552 552 553 553 553 552 552 552 552 552 551 552 552 552 551 552 552 551 551 486 486 486 486 485 485 484 484 484 483 483 482 482 482 482 482 482 481 481 480 480 479 478 478 477 476 477 476 475 475 474 473 472 472 471 470 469 468 467 468 468 468 468 468 468 468 468 468
550 550 550 550 550 550 550 551 551 551 551 551 551 551 551 551 551 552 552 552 552 552 552 552 552 552 552 552 553 553 553 553 552 552 552 552 552 551 552 552 552 551 552 552 551 551 551 550 550 551 485 485 484 484 484 483 483 482 482 482 482 482 482 481 481 480 480 479 478 478 477 476 476 476 475 475 474 473 472 472 471 470 469 468 467 467 468 468 468 468 468 468 468 468
550 550 550 550 550 550 550 551 551 551 551 551 551 551 551 551 551 552 552 552 552 552 552 552 552 552 552 552 553 553 553 553 552 552 552 552 552 551 551 552 552 552 552 552 551 551 551 550 550 550 550 550 549 484 484 483 483 482 482 482 482 481 482 481 481 480 479 479 478 478 477 476 476 475 475 475 474 473 472 472 471 470 469 468 467 467 467 468 468 468 468 468 468 468
550 550 550 550 550 550 551 551 551 551 551 551 551 551 551 551 552 552 552 552 552 552 552 552 552 552 552 552 552 553 553 553 552 552 552 552 552 551 551 551 552 552 552 552 551 551 551 550 550 550 549 550 549 549 549 548 548 482 482 482 482 481 482 481 481 480 479 479 478 478 477 476 476 475 474 475 474 473 472 472 471 470 469 468 467 467 467 467 467 468 468 468 468 468
550 550 550 550 550 550 551 551 551 551 551 551 551 551 551 551 552 552 552 552 552 552 552 552 552 552 552 552 552 552 553 553 552 552 552 552 552 551 551 551 553 552 552 552 551 551 551 550 550 550 549 549 549 549 549 548 548 547 548 547 482 481 481 481 481 480 479 479 478 478 477 476 476 475 474 474 474 473 472 472 471 470 469 468 467 467 467 467 467 467 468 468 468 468
550 550 550 550 550 550 551 551 551 551 551 551 551 551 551 551 552 552 552 552 552 552 552 552 552 552 552 552 552 552 553 553 552 552 552 552 552 551 551 551 552 552 552 552 551 551 551 550 550 550 549 549 549 549 549 548 548 547 548 547 547 546 546 481 481 480 479 479 478 478 477 476 476 475 474 474 473 473 472 472 471 470 469 468 467 467 467 467 467 467 467 468 468 468
550 550 550 550 550 550 551 551 551 551 551 551 551 551 551 552 552 552 552 552 552 552 552 552 552 552 552 552 552 552 552 553 552 552 552 552 552 551 551 551 552 551 552 552 551 551 551 550 550 550 549 549 548 549 549 548 548 548 548 547 547 546 546 545 545 545 479 479 478 478 477 476 476 475 474 474 473 472 472 472 471 470 469 468 467 467 467 467 467 467 467 467 467 468
550 550 550 550 550 550 551 551 551 551 551 551 551 551 551 552 552 552 552 552 552 552 552 552 552 552 552 552 552 552 552 552 552 552 552 552 552 551 551 552 551 551 551 552 551 551 551 550 550 550 549 549 548 548 549 548 548 548 548 547 547 546 546 545 545 544 544 544 543 478 477 476 476 475 474 474 473 472 471 472 471 470 469 468 467 467 467 467 467 467 467 467 467 467
550 550 550 550 550 550 551 551 551 551 551 551 551 551 551 552 552 552 552 552 552 552 552 552 552 552 552 552 552 552 552 552 552 552 552 552 552 551 551 552 551 551 551 552 551 551 551 550 550 550 549 549 548 548 548 548 549 548 548 547 547 546 546 545 545 544 543 544 543 543 542 541 476 475 474 474 473 472 471 470 471 470 469 468 467 467 467 467 467 467 467 467 467 467
550 550 550 550 550 551 551 551 551 551 551 551 551 551 551 552 552 552 552 552 552 552 552 552 552 551 552 552 552 552 552 552 551 552 552 552 551 551 551 552 551 551 551 551 551 551 551 550 550 550 549 549 548 548 547 547 549 548 548 547 547 546 546 545 545 544 543 543 543 543 542 541 541 540 539 474 473 472 471 470 470 469 469 468 467 467 467 467 467 467 467 467 467 467
550 550 550 550 550 551 551 551 551 551 551 551 551 551 551 552 552 552 552 552 552 552 552 552 552 551 552 552 552 552 552 552 551 551 552 552 551 551 551 552 551 551 551 551 550 551 551 550 550 550 549 549 548 548 547 547 548 548 548 547 547 546 546 545 545 544 543 543 542 543 542 541 541 540 539 538 538 537 471 470 470 469 468 468 467 467 467 467 467 467 467 467 467 467
550 550 550 550 550 551 551 551 551 551 551 551 551 551 551 552 552 552 552 552 552 552 552 552 552 551 552 552 552 552 552 552 551 551 552 552 551 551 551 552 551 551 551 551 550 550 551 550 550 549 549 549 548 548 547 547 548 548 548 547 547 546 546 545 544 544 543 543 542 542 542 541 541 540 539 538 538 537 536 535 535 469 468 467 467 467 467 467 467 467 467 467 467 467
