testData/tiles/oneDegreeCosts/grid20.0-9.0-21.0-10.0.asc
ncols   200
nrows   200
xllcorner   20.0
yllcorner   9.0
cellsize   0.005
NODATA_value   -9999.0
[rows 135 to 179 of 200, columns 96 to 191 of 200]
120 120 120 121 121 122 122 123 123 123 124 124 125 125 126 126 126 127 127 127 128 128 129 129 129 130 130 130 131 131 131 132 132 133 133 133 134 134 134 134 135 135 135 136 136 136 137 137 137 138 138 138 138 139 139 139 140 140 140 140 141 141 141 141 142 142 142 142 143 143 143 143 144 144 144 144 145 145 145 145 146 146 146 146 146 147 147 147 147 147 148 148 148 148 148 149
120 120 121 121 122 122 123 123 123 124 124 125 125 126 126 126 127 127 127 128 128 129 129 129 130 130 130 131 131 132 132 132 133 133 133 134 134 134 135 135 135 136 136 136 136 137 137 137 138 138 138 139 139 139 139 140 140 140 140 141 141 141 142 142 142 142 143 143 143 143 144 144 144 144 145 145 145 145 145 146 146 146 146 147 147 147 147 147 148 148 148 148 148 149 149 149
120 121 121 122 122 123 123 123 124 124 125 125 126 126 126 127 127 128 128 128 129 129 129 130 130 130 131 131 132 132 132 133 133 133 134 134 134 135 135 135 136 136 136 137 137 137 137 138 138 138 139 139 139 139 140 140 140 141 141 141 141 142 142 142 142 143 143 143 143 144 144 144 144 145 145 145 145 146 146 146 146 146 147 147 147 147 147 148 148 148 148 148 149 149 149 149
121 121 122 122 123 123 123 124 124 125 125 126 126 126 127 127 128 128 128 129 129 129 130 130 131 131 131 132 132 132 133 133 133 134 134 134 135 135 135 136 136 136 137 137 137 137 138 138 138 139 139 139 140 140 140 140 141 141 141 141 142 142 142 143 143 143 143 144 144 144 144 144 145 145 145 145 146 146 146 146 147 147 147 147 147 148 148 148 148 148 149 149 149 149 149 150
121 122 122 123 123 123 124 124 125 125 126 126 126 127 127 128 128 128 129 129 129 130 130 131 131 131 132 132 132 133 133 133 134 134 134 135 135 135 136 136 136 137 137 137 138 138 138 138 139 139 139 140 140 140 140 141 141 141 142 142 142 142 143 143 143 143 144 144 144 144 145 145 145 145 146 146 146 146 146 147 147 147 147 148 148 148 148 148 149 149 149 149 149 150 150 150
122 122 123 123 123 124 124 125 125 126 126 126 127 127 128 128 128 129 129 129 130 130 131 131 131 132 132 132 133 133 133 134 134 134 135 135 135 136 136 136 137 137 137 138 138 138 139 139 139 139 140 140 140 141 141 141 141 142 142 142 142 143 143 143 143 144 144 144 144 145 145 145 145 146 146 146 146 147 147 147 147 147 148 148 148 148 148 149 149 149 149 149 150 150 150 150
122 123 123 123 124 124 125 125 125 126 126 127 127 128 128 128 129 129 129 130 130 131 131 131 132 132 132 133 133 133 134 134 134 135 135 135 136 136 136 137 137 137 138 138 138 139 139 139 139 140 140 140 141 141 141 141 142 142 142 143 143 143 143 144 144 144 144 145 145 145 145 146 146 146 146 146 147 147 147 147 148 148 148 148 148 149 149 149 149 149 150 150 150 150 150 151
122 123 123 124 124 125 125 125 126 126 127 127 127 128 128 129 129 129 130 130 131 131 131 132 132 132 133 133 133 134 134 134 135 135 135 136 136 136 137 137 137 138 138 138 139 139 139 140 140 140 140 141 141 141 142 142 142 142 143 143 143 143 144 144 144 144 145 145 145 145 146 146 146 146 147 147 147 147 147 148 148 148 148 149 149 149 149 149 150 150 150 150 150 151 151 151
123 123 124 124 125 125 125 126 126 127 127 127 128 128 129 129 129 130 130 131 131 131 132 132 132 133 133 133 134 134 134 135 135 135 136 136 136 137 137 137 138 138 138 139 139 139 140 140 140 140 141 141 141 142 142 142 142 143 143 143 143 144 144 144 144 145 145 145 145 146 146 146 146 147 147 147 147 148 148 148 148 148 149 149 149 149 149 150 150 150 150 150 151 151 151 151
123 124 124 125 125 125 126 126 127 127 127 241 128 129 129 129 130 130 131 131 131 132 132 132 133 133 133 134 134 135 135 135 136 136 136 137 137 137 137 138 138 138 139 139 139 140 140 140 141 141 141 141 142 142 142 142 143 143 143 144 144 144 144 145 145 145 145 146 146 146 146 147 147 147 147 147 148 148 148 148 149 149 149 149 149 150 150 150 150 150 151 151 151 151 151 152
237 237 238 238 238 239 239 240 240 240 241 241 242 242 242 243 243 244 244 244 245 245 245 246 246 246 247 134 135 135 135 136 136 136 137 137 137 138 138 138 138 139 139 139 140 140 140 141 141 141 141 142 142 142 143 143 143 143 144 144 144 144 145 145 145 145 146 146 146 146 147 147 147 147 148 148 148 148 148 149 149 149 149 150 150 150 150 150 151 151 151 151 151 151 152 152
237 237 238 238 239 239 240 240 240 241 241 242 242 242 243 243 244 244 244 245 245 245 246 246 246 247 247 248 248 248 249 249 249 250 137 137 138 138 138 138 139 139 139 140 140 140 141 141 141 141 142 142 142 143 143 143 143 144 144 144 144 145 145 145 145 146 146 146 146 147 147 147 147 148 148 148 148 149 149 149 149 149 150 150 150 150 150 151 151 151 151 151 152 152 152 152
237 238 238 239 239 240 240 240 241 241 242 242 242 243 243 244 244 244 245 245 245 246 246 246 247 247 248 248 248 249 249 249 250 250 250 251 251 251 252 139 139 139 140 140 140 141 141 141 142 142 142 142 143 143 143 143 144 144 144 145 145 145 145 146 146 146 146 147 147 147 147 148 148 148 148 148 149 149 149 149 150 150 150 150 150 151 151 151 151 151 152 152 152 152 152 152
238 238 239 239 240 240 240 241 241 242 242 242 243 243 244 244 244 245 245 245 246 246 246 247 247 248 248 248 249 249 249 250 250 250 251 251 251 252 252 252 252 253 253 140 141 141 141 142 142 142 142 143 143 143 144 144 144 144 145 145 145 145 146 146 146 146 147 147 147 147 148 148 148 148 149 149 149 149 149 150 150 150 150 150 151 151 151 151 151 152 152 152 152 152 153 153
238 239 239 239 240 240 241 241 242 242 242 243 243 243 244 244 245 245 245 246 246 246 247 247 248 248 248 249 249 249 250 250 250 251 251 251 252 252 252 253 253 253 253 254 254 254 255 142 142 142 143 143 143 144 144 144 144 145 145 145 145 146 146 146 146 147 147 147 147 148 148 148 148 149 149 149 149 150 150 150 150 150 151 151 151 151 151 152 152 152 152 152 153 153 153 153
239 239 239 240 240 241 241 241 242 242 243 243 243 244 244 245 245 245 246 246 246 247 247 248 248 248 249 249 249 250 250 250 251 251 251 252 252 252 253 253 253 253 254 254 254 255 255 255 256 256 143 143 144 144 144 144 145 145 145 146 146 146 146 147 147 147 147 148 148 148 148 148 149 149 149 149 150 150 150 150 150 151 151 151 151 151 152 152 152 152 152 153 153 153 153 153
239 239 240 240 241 241 241 242 242 243 243 243 244 244 245 245 245 246 246 246 247 247 248 248 248 249 249 249 250 250 250 251 251 251 252 252 252 253 253 253 253 254 254 254 255 255 255 256 256 256 256 257 257 144 145 145 145 145 146 146 146 146 147 147 147 147 148 148 148 148 149 149 149 149 149 150 150 150 150 151 151 151 151 151 152 152 152 152 152 153 153 153 153 153 154 154
239 240 240 241 241 241 242 242 243 243 243 244 244 245 245 245 246 246 246 247 247 248 248 248 249 249 249 250 250 250 251 251 251 252 252 252 253 253 253 254 254 254 254 255 255 255 256 256 256 256 257 257 257 258 258 258 145 146 146 146 146 147 147 147 147 148 148 148 148 149 149 149 149 150 150 150 150 150 151 151 151 151 151 152 152 152 152 153 153 153 153 153 153 154 154 154
240 240 241 241 241 242 242 243 243 243 244 244 245 245 245 246 246 246 247 247 248 248 248 249 249 249 250 250 250 251 251 251 252 252 252 253 253 253 254 254 254 254 255 255 255 256 256 256 256 257 257 257 258 258 258 258 259 259 259 146 147 147 147 147 148 148 148 148 149 149 149 149 150 150 150 150 151 151 151 151 151 152 152 152 152 152 153 153 153 153 153 154 154 154 154 154
240 240 241 241 242 242 243 243 243 244 244 244 245 245 246 246 246 247 247 247 248 248 249 249 249 250 250 250 251 251 251 252 252 252 253 253 253 254 254 254 254 255 255 255 256 256 256 257 257 257 257 258 258 258 258 259 259 259 260 260 260 147 148 148 148 148 149 149 149 149 149 150 150 150 150 151 151 151 151 151 152 152 152 152 153 153 153 153 153 153 154 154 154 154 154 155
240 241 241 242 242 242 243 243 244 244 244 245 245 246 246 246 247 247 247 248 248 249 249 249 250 250 250 251 251 251 252 252 252 253 253 253 254 254 254 254 255 255 255 256 256 256 257 257 257 257 258 258 258 259 259 259 259 260 260 260 260 261 261 148 148 149 149 149 149 150 150 150 150 150 151 151 151 151 152 152 152 152 152 153 153 153 153 153 154 154 154 154 154 155 155 155
241 241 242 242 242 243 243 244 244 244 245 245 246 246 246 247 247 247 248 248 249 249 249 250 250 250 251 251 251 252 252 252 253 253 253 254 254 254 254 255 255 255 256 256 256 257 257 257 257 258 258 258 259 259 259 259 260 260 260 260 261 261 261 261 262 262 149 149 150 150 150 150 151 151 151 151 151 152 152 152 152 152 153 153 153 153 153 154 154 154 154 154 155 155 155 155
241 241 242 242 243 243 244 244 244 245 245 246 246 246 247 247 247 248 248 248 249 249 250 250 250 251 251 251 252 252 252 253 253 253 254 254 254 254 255 255 255 256 256 256 257 257 257 257 258 258 258 259 259 259 259 260 260 260 260 261 261 261 261 262 262 262 262 263 150 150 150 151 151 151 151 151 152 152 152 152 153 153 153 153 153 154 154 154 154 154 155 155 155 155 155 155
241 242 242 243 243 243 244 244 245 245 245 246 246 247 247 247 248 248 248 249 249 250 250 250 251 251 251 252 252 252 253 253 253 254 254 254 254 255 255 255 256 256 256 257 257 257 257 258 258 258 259 259 259 259 260 260 260 260 261 261 261 261 262 262 262 262 263 263 263 263 151 151 151 151 152 152 152 152 152 153 153 153 153 153 154 154 154 154 154 155 155 155 155 155 156 156
242 242 243 243 243 244 244 245 245 245 246 246 247 247 247 248 248 248 249 249 249 250 250 251 251 251 252 252 252 253 253 253 254 254 254 254 255 255 255 256 256 256 257 257 257 257 258 258 258 259 259 259 259 260 260 260 261 261 261 261 262 262 262 262 263 263 263 263 263 264 264 264 151 152 152 152 152 153 153 153 153 153 154 154 154 154 154 155 155 155 155 155 156 156 156 156
242 243 243 243 244 244 245 245 245 246 246 246 247 247 248 248 248 249 249 249 250 250 251 251 251 252 252 252 253 253 253 254 254 254 254 255 255 255 256 256 256 257 257 257 258 258 258 258 259 259 259 259 260 260 260 261 261 261 261 262 262 262 262 263 263 263 263 264 264 264 264 264 265 152 152 152 153 153 153 153 153 154 154 154 154 154 155 155 155 155 155 156 156 156 156 156
242 243 243 244 244 244 245 245 246 246 246 247 247 248 248 248 249 249 249 250 250 250 251 251 252 252 252 253 253 253 254 254 254 254 255 255 255 256 256 256 257 257 257 258 258 258 258 259 259 259 260 260 260 260 261 261 261 261 262 262 262 262 263 263 263 263 264 264 264 264 265 265 265 265 265 153 153 153 153 154 154 154 154 154 155 155 155 155 155 156 156 156 156 156 156 157
243 243 244 244 244 245 245 246 246 246 247 247 248 248 248 249 249 249 250 250 250 251 251 251 252 252 253 253 253 253 254 254 254 255 255 255 256 256 256 257 257 257 258 258 258 258 259 259 259 260 260 260 260 261 261 261 261 262 262 262 262 263 263 263 263 264 264 264 264 265 265 265 265 265 266 266 266 153 154 154 154 154 154 155 155 155 155 155 156 156 156 156 156 157 157 157
243 244 244 244 245 245 246 246 246 247 247 247 248 248 249 249 249 250 250 250 251 251 251 252 252 252 253 253 253 254 254 254 255 255 255 256 256 256 257 257 257 258 258 258 258 259 259 259 260 260 260 260 261 261 261 261 262 262 262 262 263 263 263 263 264 264 264 264 265 265 265 265 266 266 266 266 266 267 267 154 154 154 155 155 155 155 155 156 156 156 156 156 157 157 157 157
243 244 244 245 245 245 246 246 247 247 247 248 248 249 249 249 250 250 250 251 251 251 252 252 252 253 253 253 254 254 254 255 255 255 256 256 256 257 257 257 258 258 258 258 259 259 259 260 260 260 260 261 261 261 261 262 262 262 262 263 263 263 263 264 264 264 264 265 265 265 265 266 266 266 266 266 267 267 267 267 155 155 155 155 155 156 156 156 156 156 157 157 157 157 157 157
244 244 245 245 245 246 246 247 247 247 248 248 248 249 249 250 250 250 251 251 251 252 252 252 253 253 253 254 254 254 255 255 255 256 256 256 257 257 257 258 258 258 258 259 259 259 260 260 260 260 261 261 261 261 262 262 262 263 263 263 263 264 264 264 264 264 265 265 265 265 266 266 266 266 267 267 267 267 267 268 268 268 155 155 156 156 156 156 156 157 157 157 157 157 158 158
244 244 245 245 246 246 246 247 247 248 248 248 249 249 250 250 250 251 251 251 252 252 252 253 253 253 254 254 254 255 255 255 256 256 256 257 257 257 258 258 258 258 259 259 259 260 260 260 260 261 261 261 261 262 262 262 263 263 263 263 264 264 264 264 265 265 265 265 265 266 266 266 266 267 267 267 267 267 268 268 268 268 269 156 156 156 156 156 157 157 157 157 157 158 158 158
244 245 245 246 246 246 247 247 248 248 248 249 249 249 250 250 251 251 251 252 252 252 253 253 253 254 254 254 255 255 255 256 256 256 257 257 257 258 258 258 258 259 259 259 260 260 260 260 261 261 261 262 262 262 262 263 263 263 263 264 264 264 264 265 265 265 265 266 266 266 266 266 267 267 267 267 268 268 268 268 268 269 269 269 269 156 157 157 157 157 157 158 158 158 158 158
245 245 246 246 246 247 247 247 248 248 249 249 249 250 250 250 251 251 252 252 252 253 253 253 254 254 254 255 255 255 256 256 256 257 257 257 257 258 258 258 259 259 259 260 260 260 260 261 261 261 262 262 262 262 263 263 263 263 264 264 264 264 265 265 265 265 266 266 266 266 266 267 267 267 267 268 268 268 268 268 269 269 269 269 269 270 157 157 157 157 158 158 158 158 158 158
245 245 246 246 247 247 247 248 248 249 249 249 250 250 250 251 251 252 252 252 253 253 253 254 254 254 255 255 255 256 256 256 257 257 257 257 258 258 258 259 259 259 260 260 260 260 261 261 261 262 262 262 262 263 263 263 263 264 264 264 264 265 265 265 265 266 266 266 266 267 267 267 267 267 268 268 268 268 268 269 269 269 269 270 270 270 270 157 157 158 158 158 158 158 159 159
245 246 246 247 247 247 248 248 248 249 249 250 250 250 251 251 251 252 252 253 253 253 254 254 254 255 255 255 256 256 256 257 257 257 257 258 258 258 259 259 259 260 260 260 260 261 261 261 262 262 262 262 263 263 263 263 264 264 264 264 265 265 265 265 266 266 266 266 267 267 267 267 267 268 268 268 268 269 269 269 269 269 270 270 270 270 270 271 271 158 158 158 158 159 159 159
246 246 246 247 247 248 248 248 249 249 250 250 250 251 251 251 252 252 252 253 253 253 254 254 255 255 255 255 256 256 256 257 257 257 258 258 258 259 259 259 260 260 260 260 261 261 261 262 262 262 262 263 263 263 263 264 264 264 264 265 265 265 265 266 266 266 266 267 267 267 267 267 268 268 268 268 269 269 269 269 269 270 270 270 270 270 271 271 271 271 158 159 159 159 159 159
246 246 247 247 248 248 248 249 249 249 250 250 251 251 251 252 252 252 253 253 253 254 254 254 255 255 255 256 256 256 257 257 257 258 258 258 259 259 259 260 260 260 260 261 261 261 262 262 262 262 263 263 263 263 264 264 264 264 265 265 265 265 266 266 266 266 267 267 267 267 268 268 268 268 268 269 269 269 269 269 270 270 270 270 270 271 271 271 271 271 272 159 159 159 159 160
246 247 247 247 248 248 249 249 249 250 250 251 251 251 252 252 252 253 253 253 254 254 254 255 255 255 256 256 256 257 257 257 258 258 258 259 259 259 259 260 260 260 261 261 261 262 262 262 262 263 263 263 263 264 264 264 264 265 265 265 265 266 266 266 266 267 267 267 267 268 268 268 268 268 269 269 269 269 270 270 270 270 270 271 271 271 271 271 271 272 272 272 272 159 160 160
247 247 247 248 248 249 249 249 250 250 250 251 251 252 252 252 253 253 253 254 254 254 255 255 255 256 256 256 257 257 257 258 258 258 259 259 259 259 260 260 260 261 261 261 261 262 262 262 263 263 263 263 264 264 264 264 265 265 265 265 266 266 266 266 267 267 267 267 268 268 268 268 268 269 269 269 269 270 270 270 270 270 271 271 271 271 271 272 272 272 272 272 272 273 160 160
247 247 248 248 248 249 249 250 250 250 251 251 251 252 252 253 253 253 254 254 254 255 255 255 256 256 256 257 257 257 258 258 258 259 259 259 259 260 260 260 261 261 261 261 262 262 262 263 263 263 263 264 264 264 264 265 265 265 265 266 266 266 266 267 267 267 267 268 268 268 268 269 269 269 269 269 270 270 270 270 270 271 271 271 271 271 272 272 272 272 272 273 273 273 273 160
247 248 248 248 249 249 249 250 250 251 251 251 252 252 252 253 253 254 254 254 255 255 255 256 256 256 257 257 257 258 258 258 258 259 259 259 260 260 260 261 261 261 261 262 262 262 263 263 263 263 264 264 264 264 265 265 265 265 266 266 266 266 267 267 267 267 268 268 268 268 269 269 269 269 269 270 270 270 270 270 271 271 271 271 271 272 272 272 272 272 273 273 273 273 273 273
247 248 248 249 249 249 250 250 251 251 251 252 252 252 253 253 253 254 254 254 255 255 256 256 256 257 257 257 257 258 258 258 259 259 259 260 260 260 261 261 261 261 262 262 262 263 263 263 263 264 264 264 264 265 265 265 265 266 266 266 266 267 267 267 267 268 268 268 268 269 269 269 269 269 270 270 270 270 271 271 271 271 271 272 272 272 272 272 272 273 273 273 273 273 274 274
248 248 248 249 249 250 250 250 251 251 252 252 252 253 253 253 254 254 254 255 255 255 256 256 256 257 257 257 258 258 258 259 259 259 260 260 260 261 261 261 261 262 262 262 263 263 263 263 264 264 264 264 265 265 265 265 266 266 266 266 267 267 267 267 268 268 268 268 269 269 269 269 269 270 270 270 270 271 271 271 271 271 272 272 272 272 272 273 273 273 273 273 273 274 274 274
248 248 249 249 250 250 250 251 251 251 252 252 253 253 253 254 254 254 255 255 255 256 256 256 257 257 257 258 258 258 259 259 259 260 260 260 260 261 261 261 262 262 262 263 263 263 263 264 264 264 264 265 265 265 265 266 266 266 266 267 267 267 267 268 268 268 268 269 269 269 269 270 270 270 270 270 271 271 271 271 271 272 272 272 272 272 273 273 273 273 273 274 274 274 274 274
