testData/tiles/oneDegreeCosts/grid17.0-15.0-18.0-16.0.asc
ncols   200
nrows   200
xllcorner   17.0
yllcorner   15.0
cellsize   0.005
NODATA_value   -9999.0
[rows 84 to 125 of 200, columns 94 to 187 of 200]
301 301 301 301 301 301 301 301 301 301 301 301 301 301 301 301 301 301 301 301 301 301 301 301 301 301 301 300 300 300 300 300 300 300 300 300 300 300 343 343 343 343 342 342 342 342 341 341 341 341 341 340 340 340 340 339 339 339 338 338 338 338 337 337 337 336 336 336 335 335 335 334 229 228 228 228 227 227 227 226 226 225 225 225 224 224 223 223 222 222 221 221 221 220
300 300 300 300 300 300 300 300 300 300 300 300 300 300 300 300 300 300 300 300 300 300 300 300 300 300 300 300 300 299 299 299 299 299 343 343 343 342 342 342 342 342 341 341 341 341 341 340 340 340 340 339 339 339 339 338 338 338 338 337 337 337 336 336 336 335 335 335 334 334 334 333 333 228 227 227 227 226 226 225 225 225 224 224 223 223 222 222 222 221 221 220 220 219
299 299 299 299 299 299 299 299 299 299 299 299 299 299 299 299 299 299 299 299 299 299 299 299 299 299 299 299 299 299 299 342 342 342 342 342 342 341 341 341 341 341 341 340 340 340 340 340 339 339 339 339 338 338 338 338 337 337 337 337 336 336 336 335 335 335 334 334 334 333 333 333 332 227 227 226 226 225 225 225 224 224 223 223 223 222 222 221 221 220 220 220 219 219
298 298 298 298 298 298 298 298 298 298 299 299 299 299 299 299 299 298 298 298 298 298 298 298 298 298 298 342 342 342 342 341 341 341 341 341 341 341 340 340 340 340 340 340 339 339 339 339 339 338 338 338 338 337 337 337 337 336 336 336 335 335 335 334 334 334 334 333 333 333 332 332 331 226 226 225 225 225 224 224 223 223 223 222 222 221 221 221 220 220 219 219 218 218
297 297 297 297 297 297 298 298 298 298 298 298 298 298 298 298 298 298 298 298 298 298 298 298 341 341 341 341 341 341 341 341 340 340 340 340 340 340 340 339 339 339 339 339 339 338 338 338 338 337 337 337 337 336 336 336 336 335 335 335 335 334 334 334 333 333 333 332 332 332 331 331 331 330 225 225 224 224 223 223 223 222 222 221 221 221 220 220 219 219 218 218 218 217
296 296 296 296 297 297 297 297 297 297 297 297 297 297 297 297 297 297 297 297 297 341 341 340 340 340 340 340 340 340 340 340 340 340 339 339 339 339 339 339 338 338 338 338 338 337 337 337 337 337 336 336 336 336 335 335 335 335 334 334 334 333 333 333 333 332 332 332 331 331 331 330 330 330 224 224 223 223 223 222 222 221 221 221 220 220 219 219 219 218 218 217 217 216
295 295 296 296 296 296 296 296 296 296 296 296 296 296 296 296 296 296 340 340 340 340 340 340 340 339 339 339 339 339 339 339 339 339 339 338 338 338 338 338 338 337 337 337 337 337 336 336 336 336 336 335 335 335 335 334 334 334 334 333 333 333 332 332 332 331 331 331 330 330 330 329 329 329 223 223 223 222 222 221 221 221 220 220 220 219 219 218 218 217 217 217 216 216
295 295 295 295 295 295 295 295 295 295 295 295 295 295 295 339 339 339 339 339 339 339 339 339 339 339 339 338 338 338 338 338 338 338 338 338 337 337 337 337 337 337 336 336 336 336 336 335 335 335 335 334 334 334 334 333 333 333 333 332 332 332 332 331 331 331 330 330 330 329 329 329 328 328 223 222 222 221 221 221 220 220 220 219 219 218 218 218 217 217 216 216 216 216
294 294 294 294 294 294 294 294 294 294 294 294 338 338 338 338 338 338 338 338 338 338 338 338 338 338 338 338 337 337 337 337 337 337 337 337 337 336 336 336 336 336 336 335 335 335 335 335 334 334 334 334 333 333 333 333 332 332 332 332 331 331 331 330 330 330 329 329 329 329 328 328 327 327 327 221 221 221 220 220 220 219 219 218 218 218 217 217 216 216 216 216 216 216
293 293 293 293 293 293 293 293 293 293 337 337 337 337 337 337 337 337 337 337 337 337 337 337 337 337 337 337 337 337 336 336 336 336 336 336 336 336 335 335 335 335 335 334 334 334 334 334 333 333 333 333 333 332 332 332 332 331 331 331 330 330 330 330 329 329 329 328 328 328 327 327 327 326 326 221 220 220 220 219 219 218 218 218 217 217 216 216 216 216 216 216 216 216
292 292 292 292 292 292 292 336 336 336 336 336 336 336 336 336 336 336 336 336 336 336 336 336 336 336 336 336 336 336 336 335 335 335 335 335 335 335 335 334 334 334 334 334 333 333 333 333 333 332 332 332 332 331 331 331 331 330 330 330 330 329 329 329 328 328 328 328 327 327 327 326 326 326 325 220 219 219 219 218 218 218 217 217 216 216 216 216 216 216 216 216 216 216
291 291 291 291 291 335 335 335 336 336 336 336 336 336 336 336 336 336 336 335 335 335 335 335 335 335 335 335 335 335 335 335 334 334 334 334 334 334 334 333 333 333 333 333 333 332 332 332 332 332 331 331 331 331 330 330 330 330 329 329 329 329 328 328 328 327 327 327 326 326 326 325 325 325 324 324 219 218 218 218 217 217 216 216 216 216 216 216 216 216 216 216 216 216
290 290 334 334 334 335 335 335 335 335 335 335 335 335 335 335 335 335 335 335 335 335 334 334 334 334 334 334 334 334 334 334 334 333 333 333 333 333 333 333 332 332 332 332 332 332 331 331 331 331 331 330 330 330 330 329 329 329 329 328 328 328 327 327 327 327 326 326 326 325 325 325 324 324 324 323 218 218 217 217 216 216 216 216 216 216 216 216 216 216 216 216 216 216
333 333 333 334 334 334 334 334 334 334 334 334 334 334 334 334 334 334 334 334 334 334 334 334 333 333 333 333 333 333 333 333 333 333 332 332 332 332 332 332 332 331 331 331 331 331 331 330 330 330 330 329 329 329 329 329 328 328 328 327 327 327 327 326 326 326 325 325 325 324 324 324 324 323 323 322 217 217 216 216 216 216 216 216 216 216 216 216 216 216 216 216 216 216
332 333 333 333 333 333 333 333 333 333 333 333 333 333 333 333 333 333 333 333 333 333 333 333 333 333 332 332 332 332 332 332 332 332 332 332 331 331 331 331 331 331 330 330 330 330 330 329 329 329 329 329 328 328 328 328 327 327 327 327 326 326 326 326 325 325 325 324 324 324 323 323 323 322 322 322 321 216 216 216 216 216 216 216 216 216 216 216 216 216 216 216 216 216
332 332 332 332 332 332 332 332 332 332 332 332 332 332 332 332 332 332 332 332 332 332 332 332 332 332 332 332 331 331 331 331 331 331 331 331 331 330 330 330 330 330 330 329 329 329 329 329 328 328 328 328 328 327 327 327 327 326 326 326 326 325 325 325 324 324 324 324 323 323 323 322 322 322 321 321 321 216 216 216 216 216 216 216 216 216 216 216 216 216 216 216 216 216
331 331 331 331 331 331 331 331 331 331 331 331 331 331 331 331 331 331 331 331 331 331 331 331 331 331 331 331 331 330 330 330 330 330 330 330 330 330 329 329 329 329 329 329 328 328 328 328 328 327 327 327 327 326 326 326 326 326 325 325 325 324 324 324 324 323 323 323 322 322 322 321 321 321 321 321 321 216 216 216 216 216 216 216 216 216 216 216 216 216 216 216 216 216
330 330 330 330 330 330 330 330 330 330 330 330 330 330 330 330 330 330 330 330 330 330 330 330 330 330 330 330 330 330 330 329 329 329 329 329 329 329 329 328 328 328 328 328 328 327 327 327 327 327 326 326 326 326 325 325 325 325 324 324 324 324 323 323 323 322 322 322 322 321 321 321 321 321 321 321 321 216 216 216 216 216 216 216 216 216 216 216 216 216 216 216 216 216
329 329 329 329 329 329 329 329 329 329 329 330 330 330 330 330 329 329 329 329 329 329 329 329 329 329 329 329 329 329 329 329 328 328 328 328 328 328 328 328 327 327 327 327 327 326 326 326 326 326 325 325 325 325 325 324 324 324 324 323 323 323 323 322 322 322 321 321 321 321 321 321 321 321 321 321 321 321 216 216 216 216 216 216 216 216 216 216 216 216 216 216 216 216
328 328 328 328 328 328 329 329 329 329 329 329 329 329 329 329 329 329 329 329 329 328 328 328 328 328 328 328 328 328 328 328 328 327 327 327 327 327 327 327 326 326 326 326 326 326 325 325 325 325 325 324 324 324 324 324 323 323 323 323 322 322 322 321 321 321 321 321 321 321 321 321 321 321 321 321 321 321 216 216 216 216 216 216 216 216 216 216 216 216 216 216 216 216
327 327 327 327 328 328 328 328 328 328 328 328 328 328 328 328 328 328 328 328 328 328 328 327 327 327 327 327 327 327 327 327 327 327 326 326 326 326 326 326 326 325 325 325 325 325 325 324 324 324 324 324 323 323 323 323 322 322 322 322 321 321 321 321 321 321 321 321 321 321 321 321 321 321 321 321 321 321 216 216 216 216 216 216 216 216 216 216 216 216 216 216 216 216
326 326 327 327 327 327 327 327 327 327 327 327 327 327 327 327 327 327 327 327 327 327 327 327 327 326 326 326 326 326 326 326 326 326 326 325 325 325 325 325 325 325 324 324 324 324 324 324 323 323 323 323 323 322 322 322 322 321 321 321 321 321 321 321 321 321 321 321 321 321 321 321 321 321 321 321 321 321 216 216 216 216 216 216 216 216 216 216 216 216 216 216 216 216
326 326 326 326 326 326 326 326 326 326 326 326 326 326 326 326 326 326 326 326 326 326 326 326 326 326 326 325 325 325 325 325 325 325 325 325 325 324 324 324 324 324 324 323 323 323 323 323 323 322 322 322 322 321 321 321 321 321 321 321 321 321 321 321 321 321 321 321 321 321 321 321 321 321 321 321 321 321 321 216 216 216 216 216 216 216 216 216 216 216 216 216 216 216
325 325 325 325 325 325 325 325 325 325 325 325 325 325 325 325 325 325 325 325 325 325 325 325 325 325 325 325 325 324 324 324 324 324 324 324 324 324 323 323 323 323 323 323 322 322 322 322 322 321 321 321 321 321 321 321 321 321 321 321 321 321 321 321 321 321 321 321 321 321 321 321 321 321 321 321 321 321 321 216 216 216 216 216 216 216 216 216 216 216 216 216 216 216
324 324 324 324 324 324 324 324 324 324 324 324 324 324 324 324 324 324 324 324 324 324 324 324 324 324 324 324 324 324 323 323 323 323 323 323 323 323 323 322 322 322 322 322 322 321 321 321 321 321 321 321 321 321 321 321 321 321 321 321 321 321 321 321 321 321 321 321 321 321 321 321 321 321 321 321 321 321 321 216 216 216 216 216 216 216 216 216 216 216 216 216 216 216
323 323 323 323 323 323 323 323 323 323 323 323 323 323 323 323 323 323 323 323 323 323 323 323 323 323 323 323 323 323 323 323 322 322 322 322 322 322 322 322 321 321 321 321 321 321 321 321 321 321 321 321 321 321 321 321 321 321 321 321 321 321 321 321 321 321 321 321 321 321 321 321 321 321 321 321 321 321 321 216 216 216 216 216 216 216 216 216 216 216 216 216 216 216
322 322 322 322 322 322 322 322 322 323 323 323 323 323 323 323 323 323 322 322 322 322 322 322 322 322 322 322 322 322 322 322 322 321 321 321 321 321 321 321 321 321 321 321 321 321 321 321 321 321 321 321 321 321 321 321 321 321 321 321 321 321 321 321 321 321 321 321 321 321 321 321 321 321 321 321 321 321 321 321 216 216 216 216 216 216 216 216 216 216 216 216 216 216
321 321 321 321 321 322 322 322 322 322 322 322 322 322 322 322 322 322 322 322 322 322 321 321 321 321 321 321 321 321 321 321 321 321 321 321 321 321 321 321 321 321 321 321 321 321 321 321 321 321 321 321 321 321 321 321 321 321 321 321 321 321 321 321 321 321 321 321 321 321 321 321 321 321 321 321 321 321 321 321 216 216 216 216 216 216 216 216 216 216 216 216 216 216
321 321 321 321 321 321 321 321 321 321 321 321 321 321 321 321 321 321 321 321 321 321 321 321 321 321 321 321 321 321 321 321 321 321 321 321 321 321 321 321 321 321 321 321 321 321 321 321 321 321 321 321 321 321 321 321 321 321 321 321 321 321 321 321 321 321 321 321 321 321 321 321 321 321 321 321 321 321 321 321 216 216 216 216 216 216 216 216 216 216 216 216 216 216
321 321 321 321 321 321 321 321 321 321 321 321 321 321 321 321 321 321 321 321 321 321 321 321 321 321 321 321 321 321 321 321 321 321 321 321 321 321 321 321 321 321 321 321 321 321 321 321 321 321 321 321 321 321 321 321 321 321 321 321 321 321 321 321 321 321 321 321 321 321 321 321 321 321 321 321 321 321 321 321 216 216 216 216 216 216 216 216 216 216 216 216 216 216
321 321 321 321 321 321 321 321 321 321 321 321 321 321 321 321 321 321 321 321 321 321 321 321 321 321 321 321 321 321 321 321 321 321 321 321 321 321 321 321 321 321 321 321 321 321 321 321 321 321 321 321 321 321 321 321 321 321 321 321 321 321 321 321 321 321 321 321 321 321 321 321 321 321 321 321 321 321 321 321 321 216 216 216 216 216 216 216 216 216 216 216 216 216
321 321 321 321 321 321 321 321 321 321 321 321 321 321 321 321 321 321 321 321 321 321 321 321 321 321 321 321 321 321 321 321 321 321 321 321 321 321 321 321 321 321 321 321 321 321 321 321 321 321 321 321 321 321 321 321 321 321 321 321 321 321 321 321 321 321 321 321 321 321 321 321 321 321 321 321 321 321 321 321 321 216 216 216 216 216 216 216 216 216 216 216 216 216
321 321 321 321 321 321 321 321 321 321 321 321 321 321 321 321 321 321 321 321 321 321 321 321 321 321 321 321 321 321 321 321 321 321 321 321 321 321 321 321 321 321 321 321 321 321 321 321 321 321 321 321 321 321 321 321 321 321 321 321 321 321 321 321 321 321 321 321 321 321 321 321 321 321 321 321 321 321 448 321 321 216 216 216 216 216 216 216 216 216 216 216 216 216
321 321 321 321 321 321 321 321 321 321 321 321 321 321 321 321 321 321 321 321 321 321 321 321 321 321 321 321 321 321 321 321 321 321 321 321 321 321 321 321 321 321 321 321 321 321 321 321 321 321 321 321 321 321 321 321 321 321 321 321 321 321 321 321 321 321 321 321 321 321 321 321 321 321 321 321 448 448 448 448 448 216 216 216 216 216 216 216 216 216 216 216 216 216
321 321 321 321 321 321 321 321 321 321 321 321 321 321 321 321 321 321 321 321 321 321 321 321 321 321 321 321 321 321 321 321 321 321 321 321 321 321 321 321 321 321 321 321 321 321 321 321 321 321 321 321 321 321 321 321 321 321 321 321 321 321 321 321 321 321 321 321 321 321 321 321 321 321 321 448 448 448 448 448 448 448 216 216 216 216 216 216 216 216 216 216 216 216
321 321 321 321 321 321 321 321 321 321 321 321 321 321 321 321 321 321 321 321 321 321 321 321 321 321 321 321 321 321 321 321 321 321 321 321 321 321 321 321 321 321 321 321 321 321 321 321 321 321 321 321 321 321 321 321 321 321 321 321 321 321 321 321 321 321 321 321 321 321 321 321 321 321 321 448 448 448 458 448 448 448 216 216 216 216 216 216 216 216 216 216 216 216
321 321 321 321 321 321 321 321 321 321 321 321 321 321 321 321 321 321 321 321 321 321 321 321 321 321 321 321 321 321 321 321 321 321 321 321 321 321 321 321 321 321 321 321 321 321 321 321 321 321 321 321 321 321 321 321 321 321 321 321 321 321 321 321 321 321 321 321 321 321 321 321 321 321 448 448 448 458 504 458 448 448 216 216 216 216 216 216 216 216 216 216 216 216
321 321 321 321 321 321 321 321 321 321 321 321 321 321 321 321 321 321 321 321 321 321 321 321 321 321 321 321 321 321 321 321 321 321 321 321 321 321 321 321 321 321 321 321 321 321 321 321 321 321 321 321 321 321 321 321 321 321 321 321 321 321 321 321 321 321 321 321 321 321 321 321 321 321 321 448 448 448 458 448 448 448 216 216 216 216 216 216 216 216 216 216 216 216
321 321 321 321 321 321 321 321 321 321 321 321 321 321 321 321 321 321 321 321 321 321 321 321 321 321 321 321 321 321 321 321 321 321 321 321 321 321 321 321 321 321 321 321 321 321 321 321 321 321 321 321 321 321 321 321 321 321 321 321 321 321 321 321 321 321 321 321 321 321 321 321 321 321 321 448 448 448 448 448 448 448 321 216 216 216 216 216 216 216 216 216 216 216
321 321 321 321 321 321 321 321 321 321 321 321 321 321 321 321 321 321 321 321 321 321 321 321 321 321 321 321 321 321 321 321 321 321 321 321 321 321 321 321 321 321 321 321 321 321 321 321 321 321 321 321 321 321 321 321 321 321 321 321 321 321 321 321 321 321 321 321 321 321 321 321 321 321 321 321 448 448 448 448 448 321 321 216 216 216 216 216 216 216 216 216 216 216
321 321 321 321 321 321 321 321 321 321 321 321 321 321 321 321 321 321 321 321 321 321 321 321 321 321 321 321 321 321 321 321 321 321 321 321 321 321 321 321 321 321 321 321 321 321 321 321 321 321 321 321 321 321 321 321 321 321 321 321 321 321 321 321 321 321 321 321 321 321 321 321 321 321 321 321 321 321 321 321 321 321 321 216 216 216 216 216 216 216 216 216 216 216
321 321 321 321 321 321 321 321 321 321 321 321 321 321 321 321 321 321 321 321 321 321 321 321 321 321 321 321 321 321 321 321 321 321 321 321 321 321 321 321 321 321 321 321 321 321 321 321 321 321 321 321 321 321 321 321 321 321 321 321 321 321 321 321 321 321 321 321 321 321 321 321 321 321 321 321 321 321 321 321 321 321 321 216 216 216 216 216 216 216 216 216 216 216
