testData/tiles/oneDegreeCosts/grid37.0-18.0-38.0-19.0.asc
ncols   200
nrows   200
xllcorner   37.0
yllcorner   18.0
cellsize   0.005
NODATA_value   -9999.0
[rows 68 to 84 of 200, columns 111 to 147 of 200]
6.580000000000000000e+02 6.580000000000000000e+02 6.590000000000000000e+02 6.590000000000000000e+02 6.590000000000000000e+02 6.590000000000000000e+02 6.610000000000000000e+02 6.610000000000000000e+02 6.610000000000000000e+02 6.610000000000000000e+02 6.620000000000000000e+02 6.620000000000000000e+02 6.620000000000000000e+02 6.630000000000000000e+02 6.640000000000000000e+02 6.640000000000000000e+02 6.640000000000000000e+02 7.550000000000000000e+02 7.550000000000000000e+02 7.560000000000000000e+02 7.560000000000000000e+02 7.560000000000000000e+02 7.560000000000000000e+02 7.570000000000000000e+02 7.570000000000000000e+02 7.570000000000000000e+02 7.570000000000000000e+02 7.570000000000000000e+02 7.590000000000000000e+02 7.590000000000000000e+02 7.590000000000000000e+02 7.590000000000000000e+02 7.600000000000000000e+02 7.600000000000000000e+02 7.600000000000000000e+02 7.600000000000000000e+02 7.610000000000000000e+02
6.580000000000000000e+02 6.580000000000000000e+02 6.590000000000000000e+02 6.590000000000000000e+02 6.590000000000000000e+02 6.600000000000000000e+02 6.610000000000000000e+02 6.610000000000000000e+02 6.610000000000000000e+02 6.610000000000000000e+02 6.620000000000000000e+02 6.620000000000000000e+02 6.630000000000000000e+02 6.630000000000000000e+02 6.640000000000000000e+02 6.640000000000000000e+02 6.640000000000000000e+02 6.640000000000000000e+02 7.560000000000000000e+02 7.560000000000000000e+02 7.560000000000000000e+02 7.560000000000000000e+02 7.560000000000000000e+02 7.570000000000000000e+02 7.570000000000000000e+02 7.570000000000000000e+02 7.570000000000000000e+02 7.590000000000000000e+02 7.590000000000000000e+02 7.590000000000000000e+02 7.590000000000000000e+02 7.590000000000000000e+02 7.600000000000000000e+02 7.600000000000000000e+02 7.600000000000000000e+02 7.610000000000000000e+02 7.610000000000000000e+02
6.580000000000000000e+02 6.580000000000000000e+02 6.590000000000000000e+02 6.590000000000000000e+02 6.600000000000000000e+02 6.600000000000000000e+02 6.610000000000000000e+02 6.610000000000000000e+02 6.610000000000000000e+02 6.610000000000000000e+02 6.620000000000000000e+02 6.630000000000000000e+02 6.630000000000000000e+02 6.630000000000000000e+02 6.640000000000000000e+02 6.640000000000000000e+02 6.640000000000000000e+02 6.640000000000000000e+02 6.660000000000000000e+02 7.560000000000000000e+02 7.560000000000000000e+02 7.560000000000000000e+02 7.570000000000000000e+02 7.570000000000000000e+02 7.570000000000000000e+02 7.570000000000000000e+02 7.580000000000000000e+02 7.590000000000000000e+02 7.590000000000000000e+02 7.590000000000000000e+02 7.590000000000000000e+02 7.590000000000000000e+02 7.600000000000000000e+02 7.610000000000000000e+02 7.610000000000000000e+02 7.610000000000000000e+02 7.620000000000000000e+02
6.580000000000000000e+02 6.590000000000000000e+02 6.590000000000000000e+02 6.590000000000000000e+02 6.600000000000000000e+02 6.610000000000000000e+02 6.610000000000000000e+02 6.610000000000000000e+02 6.610000000000000000e+02 6.620000000000000000e+02 6.630000000000000000e+02 6.630000000000000000e+02 6.630000000000000000e+02 6.630000000000000000e+02 6.640000000000000000e+02 6.640000000000000000e+02 6.640000000000000000e+02 6.650000000000000000e+02 6.650000000000000000e+02 7.560000000000000000e+02 7.560000000000000000e+02 7.560000000000000000e+02 7.570000000000000000e+02 7.570000000000000000e+02 7.570000000000000000e+02 7.580000000000000000e+02 7.580000000000000000e+02 7.590000000000000000e+02 7.590000000000000000e+02 7.590000000000000000e+02 7.590000000000000000e+02 7.600000000000000000e+02 7.610000000000000000e+02 7.610000000000000000e+02 7.610000000000000000e+02 7.610000000000000000e+02 7.620000000000000000e+02
6.580000000000000000e+02 6.590000000000000000e+02 6.590000000000000000e+02 6.600000000000000000e+02 6.600000000000000000e+02 6.610000000000000000e+02 6.610000000000000000e+02 6.610000000000000000e+02 6.610000000000000000e+02 6.630000000000000000e+02 6.630000000000000000e+02 6.630000000000000000e+02 6.630000000000000000e+02 6.640000000000000000e+02 6.640000000000000000e+02 6.640000000000000000e+02 6.650000000000000000e+02 6.650000000000000000e+02 6.650000000000000000e+02 6.650000000000000000e+02 7.560000000000000000e+02 7.560000000000000000e+02 7.570000000000000000e+02 7.570000000000000000e+02 7.580000000000000000e+02 7.580000000000000000e+02 7.590000000000000000e+02 7.590000000000000000e+02 7.590000000000000000e+02 7.590000000000000000e+02 7.590000000000000000e+02 7.610000000000000000e+02 7.610000000000000000e+02 7.610000000000000000e+02 7.610000000000000000e+02 7.610000000000000000e+02 7.620000000000000000e+02
6.580000000000000000e+02 6.590000000000000000e+02 6.600000000000000000e+02 6.600000000000000000e+02 6.600000000000000000e+02 6.610000000000000000e+02 6.610000000000000000e+02 6.610000000000000000e+02 6.610000000000000000e+02 6.630000000000000000e+02 6.630000000000000000e+02 6.630000000000000000e+02 6.630000000000000000e+02 6.640000000000000000e+02 6.640000000000000000e+02 6.640000000000000000e+02 6.650000000000000000e+02 6.650000000000000000e+02 6.650000000000000000e+02 6.650000000000000000e+02 7.560000000000000000e+02 7.570000000000000000e+02 7.570000000000000000e+02 7.580000000000000000e+02 7.580000000000000000e+02 7.580000000000000000e+02 7.590000000000000000e+02 7.590000000000000000e+02 7.590000000000000000e+02 7.590000000000000000e+02 7.590000000000000000e+02 7.610000000000000000e+02 7.610000000000000000e+02 7.610000000000000000e+02 7.610000000000000000e+02 7.620000000000000000e+02 7.620000000000000000e+02
6.580000000000000000e+02 6.600000000000000000e+02 6.600000000000000000e+02 6.600000000000000000e+02 6.610000000000000000e+02 6.610000000000000000e+02 6.610000000000000000e+02 6.610000000000000000e+02 6.630000000000000000e+02 6.630000000000000000e+02 6.630000000000000000e+02 6.630000000000000000e+02 6.630000000000000000e+02 6.640000000000000000e+02 6.640000000000000000e+02 6.650000000000000000e+02 6.640000000000000000e+02 6.650000000000000000e+02 6.650000000000000000e+02 6.650000000000000000e+02 6.650000000000000000e+02 7.570000000000000000e+02 7.580000000000000000e+02 7.580000000000000000e+02 7.580000000000000000e+02 7.580000000000000000e+02 7.590000000000000000e+02 7.590000000000000000e+02 7.590000000000000000e+02 7.590000000000000000e+02 7.610000000000000000e+02 7.610000000000000000e+02 7.610000000000000000e+02 7.610000000000000000e+02 7.610000000000000000e+02 7.620000000000000000e+02 7.620000000000000000e+02
6.590000000000000000e+02 6.600000000000000000e+02 6.600000000000000000e+02 6.600000000000000000e+02 6.610000000000000000e+02 6.610000000000000000e+02 6.610000000000000000e+02 6.620000000000000000e+02 6.630000000000000000e+02 6.630000000000000000e+02 6.630000000000000000e+02 6.630000000000000000e+02 6.640000000000000000e+02 6.640000000000000000e+02 6.650000000000000000e+02 6.640000000000000000e+02 6.640000000000000000e+02 6.650000000000000000e+02 6.650000000000000000e+02 6.650000000000000000e+02 6.650000000000000000e+02 6.670000000000000000e+02 7.580000000000000000e+02 7.580000000000000000e+02 7.580000000000000000e+02 7.590000000000000000e+02 7.590000000000000000e+02 7.590000000000000000e+02 7.590000000000000000e+02 7.600000000000000000e+02 7.610000000000000000e+02 7.610000000000000000e+02 7.610000000000000000e+02 7.610000000000000000e+02 7.610000000000000000e+02 7.620000000000000000e+02 7.620000000000000000e+02
6.600000000000000000e+02 6.600000000000000000e+02 6.600000000000000000e+02 6.600000000000000000e+02 6.610000000000000000e+02 6.610000000000000000e+02 6.610000000000000000e+02 6.620000000000000000e+02 6.630000000000000000e+02 6.630000000000000000e+02 6.630000000000000000e+02 6.630000000000000000e+02 6.640000000000000000e+02 6.640000000000000000e+02 6.640000000000000000e+02 6.640000000000000000e+02 6.650000000000000000e+02 6.650000000000000000e+02 6.650000000000000000e+02 6.650000000000000000e+02 6.650000000000000000e+02 6.670000000000000000e+02 7.580000000000000000e+02 7.580000000000000000e+02 7.580000000000000000e+02 7.590000000000000000e+02 7.590000000000000000e+02 7.590000000000000000e+02 7.600000000000000000e+02 7.600000000000000000e+02 7.610000000000000000e+02 7.610000000000000000e+02 7.610000000000000000e+02 7.610000000000000000e+02 9.710000000000000000e+02 9.710000000000000000e+02 9.720000000000000000e+02
6.600000000000000000e+02 6.600000000000000000e+02 6.600000000000000000e+02 6.600000000000000000e+02 6.610000000000000000e+02 6.610000000000000000e+02 6.620000000000000000e+02 6.620000000000000000e+02 6.630000000000000000e+02 6.630000000000000000e+02 6.630000000000000000e+02 6.630000000000000000e+02 6.640000000000000000e+02 6.650000000000000000e+02 6.640000000000000000e+02 6.640000000000000000e+02 6.650000000000000000e+02 6.650000000000000000e+02 6.650000000000000000e+02 6.650000000000000000e+02 6.670000000000000000e+02 6.670000000000000000e+02 6.670000000000000000e+02 7.580000000000000000e+02 7.580000000000000000e+02 7.590000000000000000e+02 7.590000000000000000e+02 7.590000000000000000e+02 7.600000000000000000e+02 7.610000000000000000e+02 7.610000000000000000e+02 9.700000000000000000e+02 9.700000000000000000e+02 9.700000000000000000e+02 9.710000000000000000e+02 9.710000000000000000e+02 9.710000000000000000e+02
6.600000000000000000e+02 6.600000000000000000e+02 6.600000000000000000e+02 6.610000000000000000e+02 6.610000000000000000e+02 6.610000000000000000e+02 6.620000000000000000e+02 6.630000000000000000e+02 6.630000000000000000e+02 6.630000000000000000e+02 6.630000000000000000e+02 6.640000000000000000e+02 6.640000000000000000e+02 6.640000000000000000e+02 6.640000000000000000e+02 6.640000000000000000e+02 6.650000000000000000e+02 6.650000000000000000e+02 6.650000000000000000e+02 6.650000000000000000e+02 6.670000000000000000e+02 6.670000000000000000e+02 6.670000000000000000e+02 6.670000000000000000e+02 7.590000000000000000e+02 7.590000000000000000e+02 7.590000000000000000e+02 7.600000000000000000e+02 9.690000000000000000e+02 9.700000000000000000e+02 9.700000000000000000e+02 9.700000000000000000e+02 9.700000000000000000e+02 9.700000000000000000e+02 9.710000000000000000e+02 9.720000000000000000e+02 9.710000000000000000e+02
6.600000000000000000e+02 6.600000000000000000e+02 6.600000000000000000e+02 6.610000000000000000e+02 6.610000000000000000e+02 6.620000000000000000e+02 6.620000000000000000e+02 6.630000000000000000e+02 6.630000000000000000e+02 6.630000000000000000e+02 6.630000000000000000e+02 6.640000000000000000e+02 6.640000000000000000e+02 6.640000000000000000e+02 6.640000000000000000e+02 6.650000000000000000e+02 6.650000000000000000e+02 6.650000000000000000e+02 6.650000000000000000e+02 6.660000000000000000e+02 6.670000000000000000e+02 6.670000000000000000e+02 6.670000000000000000e+02 6.670000000000000000e+02 7.590000000000000000e+02 9.680000000000000000e+02 9.680000000000000000e+02 9.690000000000000000e+02 9.690000000000000000e+02 9.700000000000000000e+02 9.700000000000000000e+02 9.700000000000000000e+02 9.700000000000000000e+02 9.710000000000000000e+02 9.710000000000000000e+02 9.710000000000000000e+02 9.710000000000000000e+02
6.600000000000000000e+02 6.600000000000000000e+02 6.600000000000000000e+02 6.610000000000000000e+02 6.610000000000000000e+02 6.620000000000000000e+02 6.620000000000000000e+02 6.630000000000000000e+02 6.630000000000000000e+02 6.630000000000000000e+02 6.630000000000000000e+02 6.630000000000000000e+02 6.640000000000000000e+02 6.640000000000000000e+02 6.640000000000000000e+02 6.650000000000000000e+02 6.650000000000000000e+02 6.650000000000000000e+02 6.650000000000000000e+02 6.670000000000000000e+02 6.670000000000000000e+02 6.670000000000000000e+02 6.670000000000000000e+02 8.760000000000000000e+02 8.770000000000000000e+02 9.680000000000000000e+02 9.690000000000000000e+02 9.690000000000000000e+02 9.700000000000000000e+02 9.700000000000000000e+02 9.700000000000000000e+02 9.700000000000000000e+02 9.700000000000000000e+02 9.710000000000000000e+02 9.720000000000000000e+02 9.710000000000000000e+02 9.710000000000000000e+02
6.600000000000000000e+02 6.600000000000000000e+02 6.600000000000000000e+02 6.610000000000000000e+02 6.610000000000000000e+02 6.620000000000000000e+02 6.620000000000000000e+02 6.630000000000000000e+02 6.630000000000000000e+02 6.630000000000000000e+02 6.630000000000000000e+02 6.640000000000000000e+02 6.640000000000000000e+02 6.640000000000000000e+02 6.640000000000000000e+02 6.650000000000000000e+02 6.650000000000000000e+02 6.650000000000000000e+02 6.650000000000000000e+02 6.670000000000000000e+02 8.760000000000000000e+02 8.760000000000000000e+02 8.760000000000000000e+02 8.760000000000000000e+02 8.770000000000000000e+02 8.770000000000000000e+02 9.690000000000000000e+02 9.690000000000000000e+02 9.700000000000000000e+02 9.700000000000000000e+02 9.700000000000000000e+02 9.700000000000000000e+02 9.700000000000000000e+02 9.710000000000000000e+02 9.710000000000000000e+02 9.710000000000000000e+02 9.710000000000000000e+02
6.600000000000000000e+02 6.600000000000000000e+02 6.610000000000000000e+02 6.610000000000000000e+02 6.620000000000000000e+02 6.620000000000000000e+02 6.630000000000000000e+02 6.630000000000000000e+02 6.630000000000000000e+02 6.620000000000000000e+02 6.630000000000000000e+02 6.640000000000000000e+02 6.640000000000000000e+02 6.640000000000000000e+02 6.640000000000000000e+02 6.650000000000000000e+02 6.650000000000000000e+02 6.650000000000000000e+02 8.750000000000000000e+02 8.760000000000000000e+02 8.760000000000000000e+02 8.760000000000000000e+02 8.760000000000000000e+02 8.770000000000000000e+02 8.770000000000000000e+02 8.770000000000000000e+02 8.780000000000000000e+02 9.690000000000000000e+02 9.700000000000000000e+02 9.700000000000000000e+02 9.700000000000000000e+02 9.700000000000000000e+02 9.700000000000000000e+02 9.700000000000000000e+02 9.710000000000000000e+02 9.710000000000000000e+02 9.710000000000000000e+02
6.600000000000000000e+02 6.600000000000000000e+02 6.610000000000000000e+02 6.610000000000000000e+02 6.620000000000000000e+02 6.620000000000000000e+02 6.630000000000000000e+02 6.630000000000000000e+02 6.620000000000000000e+02 6.620000000000000000e+02 6.630000000000000000e+02 6.640000000000000000e+02 6.640000000000000000e+02 6.640000000000000000e+02 6.650000000000000000e+02 8.740000000000000000e+02 8.740000000000000000e+02 8.740000000000000000e+02 8.750000000000000000e+02 8.760000000000000000e+02 8.760000000000000000e+02 8.760000000000000000e+02 8.760000000000000000e+02 8.770000000000000000e+02 8.770000000000000000e+02 8.770000000000000000e+02 8.780000000000000000e+02 9.690000000000000000e+02 9.700000000000000000e+02 9.700000000000000000e+02 9.700000000000000000e+02 9.700000000000000000e+02 9.710000000000000000e+02 9.710000000000000000e+02 9.710000000000000000e+02 9.710000000000000000e+02 9.710000000000000000e+02
6.600000000000000000e+02 6.600000000000000000e+02 6.610000000000000000e+02 6.610000000000000000e+02 6.620000000000000000e+02 6.620000000000000000e+02 6.630000000000000000e+02 6.620000000000000000e+02 6.620000000000000000e+02 6.620000000000000000e+02 6.630000000000000000e+02 6.640000000000000000e+02 6.640000000000000000e+02 8.730000000000000000e+02 8.740000000000000000e+02 8.740000000000000000e+02 8.740000000000000000e+02 8.740000000000000000e+02 8.760000000000000000e+02 8.760000000000000000e+02 8.760000000000000000e+02 8.760000000000000000e+02 8.760000000000000000e+02 8.770000000000000000e+02 8.770000000000000000e+02 8.770000000000000000e+02 8.780000000000000000e+02 8.790000000000000000e+02 9.700000000000000000e+02 9.700000000000000000e+02 9.700000000000000000e+02 9.700000000000000000e+02 9.700000000000000000e+02 9.710000000000000000e+02 9.710000000000000000e+02 9.710000000000000000e+02 9.710000000000000000e+02
