testData/tiles/oneDegreeCosts/grid13.0-28.0-14.0-29.0.asc
ncols   200
nrows   200
xllcorner   13.0
yllcorner   28.0
cellsize   0.005
NODATA_value   -9999.0
[rows 126 to 167 of 200, columns 0 to 93 of 200]
279 279 280 280 281 280 281 281 281 282 331 332 332 332 333 333 333 334 334 334 335 334 334 335 335 335 335 335 335 336 335 335 335 336 336 335 335 336 336 335 335 336 335 335 335 336 335 335 335 334 335 334 334 333 334 334 333 333 333 332 333 333 333 332 332 333 332 332 332 331 331 333 332 332 332 331 331 331 331 331 331 330 331 331 330 331 331 329 329 329 328 328 328 328
278 278 279 279 280 280 281 281 281 282 282 332 331 331 332 332 332 333 333 332 333 333 333 334 333 333 334 334 334 334 334 334 334 334 334 334 334 334 334 334 334 334 334 334 334 334 334 334 334 333 334 334 333 333 334 333 333 333 333 332 333 333 332 332 332 332 332 332 331 331 331 331 332 332 331 331 331 330 331 331 330 330 329 329 329 330 329 329 329 328 328 328 327 328
278 278 279 279 280 280 281 281 280 281 281 331 331 331 332 332 331 332 332 332 333 333 332 333 333 333 334 333 333 334 334 334 333 334 334 334 333 334 334 334 333 334 334 334 333 334 334 334 333 333 334 333 333 333 334 333 333 333 332 332 333 332 332 332 331 332 332 332 331 331 331 331 331 332 331 331 331 329 330 330 329 329 329 328 328 330 329 329 329 328 328 328 327 328
278 278 279 278 279 279 280 280 280 281 281 282 331 331 331 331 331 332 332 332 332 332 332 333 333 333 333 333 333 334 334 333 333 334 334 333 333 334 334 333 333 334 334 333 333 334 334 333 333 333 333 333 333 333 333 333 333 332 332 332 332 332 332 332 331 332 332 331 331 331 330 331 330 329 329 330 329 329 330 329 329 329 328 328 328 328 328 329 328 328 328 327 327 328
277 277 278 278 279 279 280 280 280 281 281 281 330 330 331 331 331 332 331 331 332 332 332 333 332 332 333 333 333 333 333 333 333 334 333 333 333 334 333 333 333 334 333 333 333 334 333 333 333 332 333 333 333 332 333 333 332 332 332 332 332 332 332 331 331 331 330 330 330 329 329 330 329 329 329 329 328 329 330 329 329 329 328 328 328 328 328 328 327 328 328 327 327 326
276 276 277 277 278 278 279 278 278 280 280 281 281 330 331 331 330 331 331 331 332 332 331 332 332 332 333 332 332 333 333 333 332 333 333 333 333 333 333 333 333 333 333 333 333 333 333 333 332 332 333 333 332 332 333 332 331 331 331 330 331 331 330 330 330 330 330 330 330 329 329 330 329 329 329 328 328 328 329 329 329 328 328 328 327 328 328 327 327 326 325 326 326 326
275 275 276 276 277 277 278 278 278 279 279 280 280 328 329 329 329 330 330 330 330 330 330 332 332 332 332 332 332 333 333 332 332 333 333 332 332 333 333 332 332 333 332 331 331 332 332 331 331 331 332 331 331 331 331 331 331 331 330 330 331 330 330 330 330 330 330 330 329 329 329 329 329 329 328 328 328 327 328 328 328 328 328 327 326 327 326 326 326 325 325 325 325 326
275 275 276 276 277 277 278 278 278 278 278 279 279 279 329 329 329 330 329 329 330 330 330 331 330 330 331 331 331 331 331 331 331 332 331 331 331 332 331 331 331 332 331 331 331 332 331 331 331 331 331 331 331 331 331 331 331 330 330 330 330 330 330 330 329 330 330 329 329 329 328 329 329 328 328 328 328 327 328 327 326 326 327 326 326 327 326 326 326 325 325 325 324 325
275 275 276 276 277 276 277 277 277 278 278 279 279 279 280 328 328 329 329 329 330 330 329 330 330 330 331 330 330 331 331 331 330 331 331 331 331 331 331 331 331 331 331 331 331 331 331 331 331 330 331 331 331 330 331 331 330 330 330 330 330 330 330 329 329 330 329 329 329 329 328 329 329 328 327 327 326 326 327 326 326 326 325 326 326 326 326 326 325 325 325 324 324 325
274 274 275 275 276 276 277 277 277 278 278 279 278 278 279 328 328 329 329 329 329 329 329 330 330 330 330 330 330 331 331 330 330 331 331 330 330 331 331 331 330 331 331 331 330 331 331 331 330 330 331 331 330 330 331 330 330 330 330 329 330 330 329 329 329 329 329 328 328 327 327 328 327 327 327 326 326 326 326 326 326 325 325 325 325 326 326 326 325 325 325 324 324 325
273 273 274 274 275 275 277 277 276 277 277 278 278 278 279 279 328 328 328 328 329 329 329 330 329 329 330 330 330 330 330 330 330 331 330 330 330 331 331 330 330 331 331 330 330 331 331 330 330 330 331 330 330 330 330 330 330 330 329 328 329 328 328 328 328 328 328 328 327 327 327 327 327 327 326 326 326 326 326 326 326 325 325 325 324 325 325 325 325 324 323 323 323 323
273 273 273 273 274 274 275 275 275 276 276 277 277 277 277 277 326 327 327 328 329 328 328 329 329 329 330 329 329 330 330 330 329 330 330 330 330 330 330 330 330 330 330 330 330 331 329 329 329 328 329 329 329 328 329 329 329 328 328 328 328 328 328 328 327 328 328 327 327 327 326 327 327 327 326 326 326 325 326 326 325 325 325 324 324 324 323 323 323 323 323 323 322 323
272 272 273 273 274 274 275 275 275 276 276 276 276 276 277 277 277 327 327 326 327 327 327 328 328 327 328 328 328 329 329 328 328 329 329 329 328 329 329 329 328 329 329 329 328 329 329 329 328 328 329 329 328 328 329 329 328 328 328 327 328 328 328 327 327 328 327 327 327 327 326 327 327 326 326 326 325 325 326 325 324 324 324 323 323 324 323 323 323 322 322 323 322 323
272 272 273 273 274 274 274 274 274 275 275 276 276 276 277 277 276 326 326 326 327 327 327 327 327 327 328 328 328 328 328 328 328 329 328 328 328 329 329 328 328 329 329 328 328 329 329 328 328 328 329 328 328 328 328 328 328 328 327 327 328 328 327 327 327 327 327 327 327 326 326 327 326 326 325 324 324 324 325 324 324 324 323 323 323 323 323 323 322 322 322 321 321 323
271 271 272 272 273 273 274 274 274 275 275 276 276 275 276 276 276 277 326 326 327 326 326 327 327 327 328 327 327 327 328 328 328 328 328 328 328 328 328 328 328 329 328 328 328 329 328 328 328 328 328 328 328 328 327 328 328 328 327 327 328 327 327 327 327 327 327 326 325 325 325 325 325 325 325 324 324 324 324 324 324 323 323 323 322 323 323 322 322 322 322 321 321 322
270 270 271 271 272 272 274 274 274 274 274 275 275 275 276 276 276 277 325 325 326 326 326 327 327 326 327 327 327 327 328 327 327 328 328 328 327 328 328 328 327 328 328 328 328 328 328 328 328 327 328 328 328 327 327 328 327 327 327 326 326 326 326 326 325 326 326 325 325 325 325 325 325 325 324 324 324 323 324 324 323 323 323 323 322 323 323 322 322 321 320 320 320 320
270 270 271 270 271 271 272 272 272 273 273 274 274 274 275 275 274 275 276 325 326 326 326 326 326 326 327 327 327 326 327 327 327 328 327 327 327 328 328 327 327 328 328 327 327 328 328 327 326 326 327 327 326 326 326 326 326 326 326 325 326 326 326 325 325 326 325 325 325 325 324 325 325 324 324 324 323 323 324 324 323 323 323 322 322 322 321 321 321 320 320 320 319 320
269 269 270 270 271 271 272 272 272 273 273 274 273 273 274 274 274 275 275 275 324 324 324 325 325 325 326 325 325 325 326 326 325 326 326 326 326 326 326 326 326 327 326 326 326 327 326 326 326 326 326 326 326 326 325 326 326 326 325 325 326 326 325 325 325 325 325 325 325 324 324 325 324 324 324 324 323 323 324 322 322 322 321 321 321 321 321 321 321 320 320 320 319 320
269 269 270 270 271 271 272 271 271 272 272 273 273 273 274 274 274 275 274 274 324 324 324 325 325 324 325 325 325 325 326 325 325 326 326 326 325 326 326 326 326 326 326 326 326 326 326 326 326 325 326 326 326 325 325 326 326 325 325 325 326 325 325 325 324 325 325 325 324 324 324 324 324 323 323 322 322 322 322 322 322 321 321 321 321 321 321 321 320 320 320 319 319 320
268 268 269 269 270 270 271 271 271 272 272 273 273 273 273 273 273 274 274 274 275 324 323 324 324 324 325 325 325 324 325 325 325 326 325 325 325 326 326 325 325 326 326 326 325 326 326 326 325 325 326 326 325 325 325 326 325 325 325 325 325 325 325 324 324 325 324 323 323 323 323 323 323 323 322 322 322 321 322 322 322 321 321 321 320 321 321 320 320 320 319 319 319 318
267 267 268 268 269 269 270 271 271 272 271 272 272 272 273 273 273 274 274 274 274 323 323 324 324 324 325 324 324 324 325 325 324 325 325 325 325 326 325 325 325 326 325 325 325 326 326 325 325 325 326 325 325 325 325 325 325 325 324 323 324 324 323 323 323 324 323 323 323 323 322 323 323 322 322 322 321 321 322 322 321 321 321 320 320 321 320 320 319 319 318 318 318 318
267 267 268 268 269 268 269 269 269 270 270 271 271 271 272 272 272 272 272 272 273 273 323 324 323 323 324 324 324 324 324 324 324 325 325 325 324 325 325 325 325 325 325 324 324 324 324 324 324 324 324 324 324 324 323 324 324 324 323 323 324 323 323 323 323 323 323 323 323 322 322 323 322 322 322 322 321 321 322 321 321 321 320 319 319 320 319 319 319 318 318 318 317 318
266 266 267 267 268 268 269 269 269 270 270 271 271 270 271 271 271 272 272 272 273 273 321 322 322 322 323 323 322 322 323 323 323 324 323 323 323 324 324 323 323 324 324 324 323 324 324 324 323 323 324 324 323 323 323 324 323 323 323 323 323 323 323 323 322 322 323 323 322 322 322 321 322 322 322 321 321 321 320 320 320 320 319 319 319 319 319 319 318 318 318 317 317 317
266 266 267 267 268 268 269 269 269 269 269 270 270 270 271 271 271 272 272 271 272 272 272 322 322 322 322 322 322 322 323 323 322 323 323 323 323 324 323 323 323 324 323 323 323 323 324 323 323 323 324 323 323 323 323 323 323 323 323 322 323 323 323 322 322 322 323 322 322 322 321 321 321 321 320 320 320 319 320 320 320 319 319 319 318 319 319 318 318 318 318 317 317 317
265 265 266 266 267 267 268 268 268 269 269 269 270 270 271 271 270 271 271 271 272 272 272 273 321 321 322 322 322 322 322 322 322 323 323 323 322 323 323 323 323 323 323 323 323 323 323 323 323 323 323 323 323 323 322 323 323 323 322 322 323 323 322 322 321 321 321 321 321 320 320 320 321 320 320 320 319 319 320 320 319 319 319 318 318 318 319 318 318 318 317 316 316 315
264 264 265 265 266 266 266 267 267 268 268 269 269 269 270 270 270 271 271 271 272 271 271 272 321 321 322 322 321 321 322 322 322 322 322 322 322 323 323 322 322 323 323 323 322 322 323 323 323 322 323 323 323 322 321 322 322 321 321 321 322 321 321 321 321 320 321 321 320 320 320 320 320 320 320 320 319 319 320 319 319 319 318 318 318 318 317 317 317 316 316 316 315 315
264 264 265 265 266 266 265 266 266 267 267 267 268 268 269 269 269 270 269 269 270 270 270 271 271 320 319 320 320 320 321 321 320 320 321 321 321 322 321 321 321 322 322 321 321 321 322 321 321 321 322 322 321 321 321 322 321 321 321 321 321 321 321 321 320 320 321 320 320 320 320 319 320 320 320 319 319 319 319 319 319 318 317 317 317 316 317 317 316 316 316 315 315 315
263 263 264 264 265 265 265 266 266 267 267 267 268 268 268 268 268 269 269 269 270 270 270 270 270 270 319 320 320 320 320 320 320 320 321 321 320 321 321 321 321 321 321 321 321 321 321 321 321 321 321 321 321 321 320 321 321 321 321 320 321 321 321 320 320 320 320 320 320 320 319 319 320 320 319 318 318 317 318 318 318 317 317 317 316 316 317 316 316 316 316 315 315 315
263 263 264 264 265 265 265 266 266 267 266 266 267 267 268 268 268 269 269 269 269 269 269 270 270 270 319 320 319 319 320 320 320 320 320 320 320 320 321 320 320 320 321 321 320 320 321 321 321 320 321 321 321 320 320 321 321 320 320 320 321 320 320 320 320 319 320 320 319 318 318 318 319 318 318 318 317 317 317 318 317 317 317 316 316 316 317 316 316 316 315 315 315 313
262 262 263 262 263 264 264 265 265 266 266 266 267 267 268 268 268 268 268 268 269 269 269 270 270 269 269 319 319 319 320 320 319 319 320 320 320 319 320 320 320 320 321 320 320 320 321 320 320 320 321 321 320 320 320 321 320 320 320 320 319 319 319 319 318 318 319 319 318 318 318 318 318 318 318 317 317 317 317 317 317 317 316 316 316 316 316 316 316 314 314 314 313 313
261 261 262 262 263 263 263 264 264 265 265 265 266 265 265 266 266 267 267 268 269 269 268 269 269 269 269 319 319 319 319 319 319 319 320 320 319 319 320 320 320 319 320 320 320 320 319 319 319 319 318 319 319 319 319 319 319 319 319 318 318 319 319 318 318 318 319 318 318 318 318 317 318 318 317 317 317 317 316 317 317 316 316 315 315 314 315 315 314 314 314 314 313 313
261 261 262 262 263 263 263 264 263 264 264 264 265 265 265 266 266 267 267 266 267 267 267 267 268 268 268 268 317 317 318 318 318 318 318 318 318 318 319 318 318 318 319 319 318 318 319 319 319 318 318 319 319 318 318 319 319 319 318 318 318 319 318 318 318 318 318 318 318 318 317 317 318 317 317 317 317 316 315 316 316 315 315 315 314 314 315 314 314 314 314 313 313 313
260 260 261 261 261 262 262 263 263 264 264 264 265 265 265 266 265 266 266 266 267 267 267 267 268 267 267 268 268 317 318 317 317 317 318 318 318 317 318 318 318 318 319 318 318 318 319 319 318 318 318 319 318 318 318 318 318 318 318 318 318 318 318 318 318 317 318 318 318 317 317 316 316 316 316 316 315 315 315 316 315 315 315 314 314 314 315 314 314 314 313 313 313 312
259 259 261 261 261 262 262 263 263 264 264 263 264 264 264 265 265 265 266 266 266 267 266 266 267 267 267 268 268 316 317 317 317 317 318 317 317 317 318 318 318 317 318 318 318 318 318 318 318 318 318 318 318 318 318 317 318 318 318 317 317 318 318 316 316 316 317 316 316 316 316 315 316 316 316 315 315 315 315 315 315 315 314 314 314 314 314 314 314 313 312 312 311 311
259 259 260 260 260 260 260 261 261 262 262 262 263 264 264 265 265 265 265 265 265 266 266 266 267 267 267 267 267 267 317 317 317 316 317 317 317 317 318 317 317 317 318 318 317 317 318 318 318 317 317 318 317 317 316 316 317 317 316 316 316 317 316 316 316 316 316 316 316 316 315 315 315 316 315 315 315 315 314 315 315 314 314 314 314 312 312 313 312 312 312 312 311 311
258 258 259 259 259 260 260 261 261 261 262 262 263 263 262 263 263 263 264 264 264 265 265 265 265 265 265 266 266 266 266 315 315 315 316 316 316 315 316 316 316 316 317 316 316 316 317 317 316 316 316 317 316 316 316 316 317 316 316 316 316 316 316 316 316 315 315 316 316 315 315 315 315 315 315 315 315 314 314 314 313 313 313 313 312 312 312 312 312 312 312 311 311 311
258 258 258 259 259 260 260 261 261 260 261 261 262 262 262 263 263 263 264 264 264 264 264 264 265 265 265 266 266 265 265 315 315 315 316 315 315 315 316 316 316 315 316 316 316 316 316 316 316 316 316 316 316 316 316 315 316 316 316 316 315 316 316 316 315 315 315 316 315 315 315 315 314 314 314 314 313 313 313 313 313 313 313 312 312 312 311 312 312 312 311 311 311 310
257 257 257 258 258 259 259 260 260 260 261 261 262 262 262 263 263 262 263 263 263 264 264 264 265 265 264 265 265 265 265 266 315 314 315 315 315 315 316 315 315 315 316 316 315 315 315 316 316 315 315 316 316 316 315 315 316 316 315 315 315 316 316 315 315 314 314 314 314 314 314 313 313 314 314 313 313 313 312 312 313 313 312 312 312 311 311 312 312 311 311 310 309 309
256 256 256 257 257 258 258 259 259 259 261 261 262 261 261 262 262 262 263 263 263 264 264 263 264 264 264 265 265 265 264 265 265 314 315 315 315 314 315 315 315 315 315 315 315 315 315 316 315 315 315 316 315 315 315 314 315 314 314 314 314 314 314 314 314 314 313 314 314 314 313 313 313 313 313 313 313 312 312 312 313 312 312 312 312 311 310 311 310 310 310 310 309 309
255 256 256 257 257 258 257 258 258 258 259 259 260 260 260 261 261 261 262 262 261 262 262 262 263 263 263 264 263 263 263 264 264 313 313 313 313 313 314 314 314 313 314 314 314 314 313 314 314 314 314 314 314 314 314 314 314 314 314 314 313 314 314 314 313 313 313 314 313 313 313 313 312 313 313 313 312 312 312 312 311 311 311 311 310 310 310 310 310 310 310 309 309 309
254 255 255 256 256 257 257 258 258 258 259 259 260 260 260 261 260 260 261 261 261 262 262 262 263 262 262 263 263 263 263 264 263 263 312 313 313 313 314 313 313 313 313 314 313 313 313 314 314 313 313 314 314 314 313 313 314 314 314 313 313 313 314 313 313 313 313 313 313 313 313 312 312 313 312 311 311 311 311 310 311 311 311 310 310 310 309 310 310 310 309 309 309 308
254 255 255 256 256 257 257 258 258 258 259 258 258 259 259 260 260 260 261 261 261 262 261 261 262 262 262 262 263 263 262 263 263 263 263 313 313 312 312 313 313 313 312 313 313 313 313 314 313 313 313 313 314 313 313 313 314 313 313 313 313 313 313 313 313 313 311 312 312 312 311 311 311 312 311 311 311 311 310 310 311 311 310 310 310 309 309 309 310 309 309 308 307 307
