testData/tiles/oneDegreeCosts/grid38.0-10.0-39.0-11.0.asc
ncols   200
nrows   200
xllcorner   38.0
yllcorner   10.0
cellsize   0.005
NODATA_value   -9999.0
[rows 126 to 167 of 200, columns 94 to 187 of 200]
394 394 394 394 394 394 394 394 394 394 394 394 394 394 415 415 416 416 415 416 416 416 416 416 416 416 416 416 417 416 416 417 416 416 416 417 416 416 417 417 416 417 417 416 416 417 417 416 416 417 416 416 417 417 416 416 417 416 416 416 417 416 416 416 416 416 416 416 416 416 416 416 415 416 416 416 417 419 420 421 422 423 424 425 426 427 428 429 431 593 594 596 597 809
394 394 394 394 394 394 394 394 394 394 394 394 394 415 416 415 415 416 415 415 416 416 415 416 416 416 416 416 416 415 416 416 416 416 416 416 416 416 416 416 416 416 416 416 416 416 416 416 416 416 416 416 416 416 416 416 416 416 416 416 416 415 416 416 416 415 416 416 415 415 416 416 415 415 416 417 418 419 420 422 423 424 424 425 427 429 429 430 431 594 595 596 597 809
394 394 394 394 394 394 394 394 394 394 394 394 394 415 415 414 415 415 415 415 415 415 415 415 415 416 415 415 416 415 415 416 416 415 415 416 416 415 416 416 415 415 416 416 415 416 416 415 415 416 416 415 416 416 415 415 416 416 415 415 416 415 415 415 416 415 415 415 416 415 415 415 415 415 417 418 418 420 422 422 423 424 426 426 428 429 430 431 594 595 595 597 598 810
394 394 394 394 394 394 394 394 394 394 394 394 414 414 415 414 414 415 415 414 415 415 415 414 415 415 415 415 415 415 415 415 415 415 415 415 416 415 415 415 416 415 415 416 415 415 415 416 415 415 415 415 415 415 416 415 415 415 415 415 415 415 415 415 415 415 415 415 415 414 415 415 415 415 417 419 419 420 422 423 424 425 426 427 429 430 430 431 594 596 596 597 598 810
394 394 394 394 394 394 394 394 394 394 394 394 413 414 414 414 414 414 414 414 414 414 415 414 414 415 415 414 415 415 414 414 415 415 414 415 415 415 415 415 415 414 415 415 415 415 415 415 414 415 415 414 414 415 415 414 415 415 415 414 415 415 414 414 415 415 414 414 415 414 414 414 415 416 418 419 419 421 423 424 424 425 428 428 429 430 432 594 595 597 597 599 600 813
394 394 394 394 394 394 394 394 394 394 394 394 413 413 413 414 413 413 414 414 413 414 414 414 414 414 414 414 414 414 414 414 414 415 414 414 414 415 414 414 415 414 414 414 415 414 414 415 414 414 414 415 414 414 414 414 414 414 415 414 414 414 414 414 414 414 414 414 414 413 413 415 416 416 418 420 420 421 423 425 425 426 428 428 430 431 432 594 596 598 598 599 600 813
394 394 394 394 394 394 394 394 394 394 394 413 413 413 413 413 413 413 413 414 413 413 414 414 413 414 414 413 413 414 414 413 414 414 414 414 414 414 413 414 414 414 414 414 414 413 414 414 414 414 414 414 413 414 414 414 413 414 414 413 414 414 414 413 414 414 413 413 413 414 413 415 416 417 419 420 421 422 424 425 425 426 429 430 430 431 595 596 597 598 599 753 754 967
394 394 394 394 394 394 394 394 394 394 394 412 413 412 412 413 413 412 413 413 413 413 413 413 413 413 413 414 413 413 414 413 413 413 414 413 413 414 413 413 414 414 413 413 414 413 413 414 414 413 413 414 413 413 413 414 413 413 413 413 413 413 413 413 413 413 413 413 413 413 413 416 417 417 419 421 422 422 424 426 426 428 429 430 431 585 749 749 750 752 753 753 754 967
394 394 394 394 394 394 394 394 394 394 394 412 412 412 412 412 412 412 412 412 413 412 412 413 412 412 413 413 412 413 413 413 413 413 413 413 413 413 413 413 413 413 413 413 413 413 413 413 413 413 413 413 413 413 413 413 412 413 413 413 412 413 413 412 412 413 413 412 412 414 414 415 417 419 420 421 422 423 425 426 580 581 583 584 584 748 750 751 751 752 753 754 756 969
394 394 394 394 394 394 394 394 394 394 411 411 411 412 411 412 412 412 412 412 412 412 412 412 413 412 412 412 412 412 412 413 412 412 413 412 412 413 413 412 412 413 412 412 413 413 412 412 413 412 412 413 413 412 412 413 412 412 412 413 412 412 412 412 412 412 412 412 412 414 414 416 418 419 419 575 576 576 578 579 581 582 583 584 585 749 750 751 751 753 755 755 756 969
394 394 394 394 394 394 394 394 394 394 411 411 411 411 411 411 411 412 411 411 412 411 411 412 412 411 412 412 412 412 412 412 411 412 412 412 412 412 412 412 412 412 412 412 412 412 412 412 412 412 412 412 412 412 412 412 412 412 412 412 411 412 412 412 412 412 412 412 412 414 416 569 571 573 573 575 576 577 579 580 581 582 584 585 747 749 750 752 752 753 755 756 757 970
394 394 394 394 394 394 394 394 394 394 411 410 410 411 411 410 411 411 410 411 411 411 411 411 411 411 411 411 412 411 411 412 411 411 412 412 411 411 412 411 411 412 412 411 411 412 411 411 412 412 411 411 412 411 411 412 412 411 411 412 411 411 411 412 412 412 564 564 566 567 569 570 571 573 573 575 577 578 579 580 582 583 584 585 748 750 751 752 752 755 756 757 969 970
394 394 394 394 394 394 394 394 394 394 410 410 410 410 410 410 410 410 410 410 410 411 410 410 411 410 410 411 411 410 411 411 411 411 411 411 411 411 411 411 411 411 411 411 411 411 411 411 411 411 411 411 411 411 411 411 411 411 411 411 411 411 564 564 563 564 564 565 566 568 570 570 571 573 574 575 577 578 580 581 582 583 585 748 749 750 751 753 753 755 756 757 758 971
394 394 394 394 394 394 394 394 394 409 409 410 409 409 410 409 410 410 410 410 410 410 410 410 410 411 410 410 411 410 410 410 411 410 410 411 410 410 411 411 410 410 411 410 410 411 411 410 410 411 410 410 411 411 410 410 411 411 411 563 564 563 563 563 563 563 564 565 566 568 569 570 572 574 575 575 578 579 579 581 583 584 585 748 749 751 752 753 754 755 757 758 758 972
394 394 394 394 394 394 394 394 394 408 409 409 409 409 409 409 409 409 410 409 409 410 410 409 410 410 409 410 410 410 410 410 410 409 410 410 410 410 410 410 410 410 410 410 410 410 410 410 410 410 410 410 410 410 410 563 563 563 563 563 563 562 563 563 563 563 564 566 566 568 570 571 572 573 576 576 578 579 580 582 583 584 747 749 750 751 752 754 756 756 757 758 759 973
394 394 394 394 394 394 394 394 394 408 408 409 408 408 409 409 408 409 409 409 409 409 409 409 409 409 409 409 409 410 409 409 410 409 409 410 410 409 409 410 409 409 410 410 409 409 410 409 409 410 410 410 562 563 562 562 563 563 562 562 563 562 562 562 563 563 564 566 567 568 570 571 573 574 576 576 578 580 581 582 583 585 748 749 750 752 753 754 756 756 758 759 760 973
394 394 394 394 394 394 394 394 394 407 408 408 408 408 408 408 408 408 408 409 408 408 409 408 408 409 409 408 409 409 408 409 409 409 409 409 409 409 409 409 409 409 409 409 409 409 409 409 409 562 562 562 562 562 562 562 562 562 562 562 562 562 562 562 562 562 565 566 567 568 571 572 572 574 575 577 578 580 581 582 584 747 748 750 751 753 753 754 757 757 758 759 761 974
394 394 394 394 394 394 394 394 407 407 407 407 408 407 407 408 407 407 408 408 407 408 408 408 408 408 408 408 408 408 408 408 408 409 408 408 409 408 408 409 409 408 408 409 409 409 409 562 561 561 562 561 561 562 562 561 561 562 561 561 561 562 561 561 561 563 564 566 567 569 570 572 572 575 576 577 578 580 582 582 584 748 748 750 751 752 754 755 756 757 758 760 762 974
394 394 394 394 394 394 394 394 407 407 406 407 407 406 407 407 408 407 407 408 407 407 408 408 407 408 408 407 408 408 408 407 408 408 407 408 408 408 408 408 408 408 408 408 560 561 561 561 561 561 561 561 561 561 561 561 561 561 561 561 561 561 560 561 562 563 564 567 568 569 570 572 573 574 576 578 579 580 582 583 584 748 749 750 752 753 754 755 757 758 759 760 762 975
394 394 394 394 394 394 394 394 406 406 406 406 406 406 406 407 407 406 407 407 407 407 407 407 407 407 407 407 407 407 408 407 407 408 407 407 407 408 407 407 408 408 560 561 561 560 560 561 560 560 561 561 560 560 561 560 560 560 561 560 560 561 560 560 562 563 565 566 568 569 571 572 573 575 577 578 578 580 582 583 746 748 750 750 752 753 755 756 757 759 759 761 763 975
394 394 394 394 394 394 394 394 405 406 405 405 406 406 406 406 406 406 406 406 407 406 406 407 406 406 407 407 406 407 407 406 407 407 407 407 407 407 407 407 560 559 560 560 560 560 560 560 560 560 560 560 560 560 560 559 560 560 560 559 560 560 559 560 562 564 564 566 568 569 570 572 574 575 576 578 579 581 582 583 747 748 750 750 753 754 754 756 757 760 760 761 763 975
394 394 394 394 394 394 394 394 405 405 405 405 405 406 405 405 406 405 405 406 406 405 406 406 405 406 406 406 406 406 406 406 406 406 407 406 406 407 407 559 559 560 559 559 560 559 559 560 560 559 559 560 559 559 559 559 559 559 560 559 559 559 559 560 562 563 565 566 568 568 571 572 574 574 577 578 579 580 583 746 747 748 750 751 752 754 755 757 758 759 760 761 764 976
394 394 394 394 394 394 394 404 404 404 405 404 405 405 404 405 405 405 405 405 405 405 405 405 405 405 405 406 405 405 406 405 405 406 406 405 406 559 558 559 559 559 558 559 559 558 559 559 559 558 559 559 558 559 559 559 558 559 559 558 559 559 559 560 562 564 564 566 569 569 571 572 575 575 577 578 580 581 582 746 746 749 750 751 752 755 756 756 758 759 761 762 763 977
394 394 394 394 394 394 394 403 403 404 404 404 404 404 404 404 404 405 404 404 405 404 404 405 405 404 405 405 404 405 405 405 405 405 405 405 558 558 559 558 558 559 558 558 558 558 558 558 559 558 558 558 558 558 558 559 558 558 558 558 558 558 559 560 562 563 564 567 568 570 570 573 574 575 576 579 580 581 744 747 747 749 750 752 753 754 756 756 759 760 761 762 763 978
394 394 394 394 394 394 394 403 403 403 404 403 403 404 404 403 404 404 403 404 404 404 404 404 404 404 404 404 404 404 404 405 404 404 405 557 557 558 558 557 558 558 557 558 558 558 557 558 558 557 558 558 558 557 558 558 557 557 558 557 557 558 559 560 561 564 565 566 568 570 571 572 574 575 577 578 580 581 745 746 747 748 751 752 753 754 757 757 758 760 760 763 764 978
394 394 394 394 394 394 394 403 403 403 403 403 403 403 403 403 403 403 403 403 403 404 403 403 404 403 403 404 404 403 404 404 403 404 557 557 557 557 557 557 557 557 557 557 557 557 557 557 557 557 557 557 557 557 557 557 557 557 557 557 557 557 559 559 562 563 565 567 568 570 570 573 574 575 576 578 580 581 744 746 747 749 750 752 753 755 756 757 758 761 762 763 764 978
394 394 394 394 394 394 394 425 403 403 403 403 403 403 403 403 403 403 403 403 403 403 403 403 403 403 403 403 404 403 403 404 403 403 556 557 556 556 557 556 556 557 557 556 557 557 556 556 557 556 556 557 557 556 556 557 556 556 557 557 556 557 559 560 561 563 565 566 568 569 571 572 574 575 577 578 580 742 745 746 747 749 751 753 753 754 756 757 759 760 762 762 765 978
394 394 394 394 394 394 394 424 403 403 403 403 403 403 403 403 403 403 403 403 403 403 403 403 403 403 403 403 403 403 403 403 403 403 556 556 555 556 556 555 556 556 556 556 556 556 556 556 556 556 556 556 556 556 556 556 556 556 556 556 555 557 559 559 562 563 565 565 568 570 570 572 574 576 576 578 580 743 745 746 748 749 751 752 753 755 757 757 759 760 763 763 764 978
394 394 394 394 394 394 423 424 423 403 403 403 403 403 403 403 403 403 403 403 403 403 403 403 403 403 403 403 403 403 403 403 403 555 555 555 555 555 555 555 555 555 556 555 555 556 555 555 555 556 555 555 556 555 555 555 556 555 555 556 555 556 558 561 561 563 564 566 567 569 570 572 574 575 576 578 580 742 744 747 748 749 750 753 753 755 756 757 759 761 762 763 765 979
394 394 394 394 394 394 423 423 423 423 403 403 403 403 403 403 403 403 403 403 403 403 403 403 403 403 403 403 403 403 403 403 403 403 555 555 554 554 555 555 554 555 555 554 555 555 555 555 555 555 554 555 555 555 555 555 555 554 555 555 555 556 558 560 561 563 565 565 567 569 571 572 573 576 576 578 741 743 745 746 748 748 751 752 753 754 757 758 759 760 762 763 765 978
394 394 394 394 394 394 422 422 423 422 403 403 403 403 403 403 403 403 403 403 403 403 403 403 403 403 403 403 403 403 403 403 403 403 554 554 553 554 554 554 554 554 554 554 554 554 555 554 554 554 554 554 554 555 554 554 554 554 554 554 555 556 558 559 561 563 564 565 567 569 570 571 574 575 576 577 742 742 744 746 748 749 750 752 753 755 756 758 758 761 762 763 764 978
394 394 394 394 394 394 421 422 422 421 422 403 403 403 403 403 403 403 403 403 403 403 403 403 403 403 403 403 403 403 403 403 403 403 553 554 553 553 553 554 553 553 554 553 553 554 554 553 554 554 553 553 554 554 553 554 554 553 553 554 554 555 557 560 560 562 564 565 567 568 571 571 573 575 576 578 741 743 743 746 748 748 750 752 753 754 756 758 759 760 762 763 765 979
394 394 394 394 394 394 421 421 421 421 421 403 403 403 403 403 403 403 403 403 403 403 403 403 403 403 403 403 403 403 403 403 403 403 403 553 553 552 553 553 552 553 553 553 553 553 553 553 553 553 552 553 553 553 553 553 553 552 553 553 554 556 557 559 560 562 564 564 566 569 570 571 572 575 575 739 741 743 744 745 747 749 750 752 753 754 756 758 758 760 763 763 765 978
394 394 394 394 394 394 420 420 421 420 420 421 403 403 403 403 403 403 403 403 403 403 403 403 403 403 403 403 403 403 403 403 403 403 403 403 552 552 552 552 552 552 552 553 552 552 553 552 552 552 552 552 552 553 552 552 553 552 552 552 554 555 557 558 560 561 563 565 566 568 569 570 573 574 575 738 741 743 743 745 747 748 749 751 754 754 756 757 759 760 762 763 764 979
394 394 394 394 394 394 419 420 420 420 420 420 403 403 403 403 403 403 403 403 403 403 403 403 403 403 403 403 403 403 403 403 403 403 403 403 403 551 551 552 551 551 552 552 551 552 552 551 552 552 552 551 552 552 551 552 552 551 551 552 554 554 556 558 559 561 563 565 566 567 570 570 572 574 576 739 740 742 743 745 747 747 750 751 753 754 755 758 758 760 761 764 765 978
394 394 394 394 394 394 418 419 419 420 419 419 420 403 403 403 403 403 403 403 403 403 403 403 403 403 403 403 403 403 403 403 403 403 403 403 403 403 403 551 551 551 551 551 551 551 551 551 551 551 551 551 551 551 551 551 551 551 551 551 553 555 556 558 558 561 563 564 565 567 569 570 571 574 737 738 740 742 743 744 746 748 749 751 752 754 756 757 758 759 762 763 764 978
394 394 394 394 394 394 418 418 418 419 418 419 419 403 403 403 403 403 403 403 403 403 403 403 403 403 403 403 403 403 403 403 403 403 403 403 403 403 403 403 551 550 550 551 550 550 551 550 550 550 551 550 550 551 550 550 550 551 550 550 553 554 555 557 559 560 562 563 565 567 568 570 571 573 737 738 740 741 742 745 746 748 748 750 753 753 755 756 758 760 761 763 763 978
394 394 394 394 394 394 417 417 418 418 417 418 418 418 403 403 403 403 403 403 403 403 403 403 403 403 403 403 403 403 403 403 403 403 403 403 403 403 403 403 403 403 550 550 549 550 550 549 549 550 550 549 550 550 549 550 550 550 549 551 552 553 554 557 559 559 562 564 564 566 568 569 571 572 737 737 739 741 742 744 745 747 749 750 752 753 754 757 757 759 761 763 764 977
394 394 394 394 394 394 417 417 417 417 417 417 418 417 403 403 403 403 403 403 403 403 403 403 403 403 403 403 403 403 403 403 403 403 403 403 403 403 403 403 403 403 403 403 549 549 549 549 549 549 549 549 549 549 549 549 549 549 549 550 551 553 555 556 558 559 561 563 563 566 568 568 570 734 736 737 738 741 741 743 745 747 748 750 751 753 754 756 758 759 761 762 763 977
394 394 394 394 394 394 416 416 416 417 416 416 417 417 417 403 403 403 403 403 403 403 403 403 403 403 403 403 403 403 403 403 403 403 403 403 403 403 403 403 403 403 403 403 403 403 403 549 548 548 549 548 548 549 549 548 548 549 548 549 551 552 554 555 558 559 560 562 563 565 567 569 570 734 735 737 738 740 741 743 745 746 747 749 751 752 754 755 758 758 760 762 763 977
394 394 394 394 394 394 416 415 415 416 415 416 416 416 416 403 403 403 403 403 403 403 403 403 403 403 403 403 403 403 403 403 403 403 403 403 403 403 403 403 403 403 403 403 403 403 403 403 403 548 548 547 548 548 548 547 548 548 547 549 551 551 553 555 557 558 560 562 563 564 567 568 569 733 735 736 737 739 741 742 744 746 747 749 750 751 753 755 757 758 759 762 762 976
394 394 394 394 394 394 415 414 415 415 414 415 415 416 415 415 403 403 403 403 403 403 403 403 403 403 403 403 403 403 403 403 403 403 403 403 403 403 403 403 403 403 403 403 403 403 403 403 403 403 403 403 547 547 547 547 547 547 547 548 550 550 553 555 556 558 559 561 562 564 566 567 730 733 734 735 737 739 740 741 743 746 746 748 750 751 753 754 756 758 759 761 761 975
