testData/tiles/oneDegreeCosts/grid1.0-46.0-2.0-47.0.asc
ncols   200
nrows   200
xllcorner   1.0
yllcorner   46.0
cellsize   0.005
NODATA_value   -9999.0
[rows 42 to 83 of 200, columns 94 to 187 of 200]
504 504 504 504 504 504 504 504 504 504 504 504 504 504 504 504 504 504 504 504 504 504 505 506 507 509 509 511 512 513 515 516 516 519 519 519 522 522 540 542 545 549 555 557 559 564 567 570 572 576 578 581 584 585 588 590 594 637 640 642 644 647 648 651 652 655 657 658 661 662 665 666 668 670 672 675 677 680 683 686 689 691 694 697 699 701 704 707 709 711 714 716 718 720
504 504 504 504 504 504 504 504 504 504 504 504 504 504 504 504 504 504 504 504 504 504 504 506 506 508 509 509 512 512 513 515 516 516 519 519 520 522 539 540 544 549 552 556 560 563 566 569 572 574 578 580 583 585 588 589 592 637 638 642 643 646 648 649 652 653 656 658 660 663 664 665 667 670 671 672 677 679 682 685 689 691 693 697 699 701 703 705 709 711 712 715 718 720
504 504 504 504 504 504 504 504 504 504 504 504 504 504 504 504 504 504 504 504 504 504 504 504 506 506 509 509 510 512 513 513 515 516 516 518 519 537 538 540 543 547 552 555 559 562 565 568 571 574 576 579 581 585 586 590 634 635 638 640 643 644 647 649 650 653 655 658 659 661 664 665 667 667 671 673 675 680 682 684 686 690 693 695 698 701 702 705 707 711 712 714 717 719
504 504 504 504 504 504 504 504 504 504 504 504 504 504 504 504 504 504 504 504 504 504 504 504 504 506 506 508 509 510 511 513 513 515 516 517 518 536 537 538 544 547 551 554 558 561 563 567 570 573 575 579 581 582 586 588 632 635 638 639 640 644 645 648 651 653 654 655 659 660 662 664 666 668 669 673 675 677 681 684 687 689 691 695 697 700 703 703 707 709 713 713 716 719
504 504 504 504 504 504 504 504 504 504 504 504 504 504 504 504 504 504 504 504 504 504 504 504 504 505 506 507 508 510 510 511 513 513 515 516 517 535 536 537 542 546 550 554 557 561 564 566 569 572 575 576 581 582 585 588 631 634 636 639 640 642 646 647 649 651 654 655 656 659 661 663 665 666 669 671 674 677 679 682 685 689 691 694 696 698 702 704 705 708 711 714 715 717
504 504 504 504 504 504 504 504 504 504 504 504 504 504 504 504 504 504 504 504 504 504 504 504 504 504 505 506 507 508 510 510 512 512 513 515 515 535 535 537 542 546 549 553 557 559 563 566 568 570 574 576 578 582 584 628 630 633 635 637 640 642 644 646 648 650 652 654 656 657 660 661 664 666 669 672 674 677 679 683 685 687 690 693 696 699 700 703 706 708 710 711 716 717
504 504 504 504 504 504 504 504 504 504 504 504 504 504 504 504 504 504 504 504 504 504 504 504 504 504 504 505 505 507 508 509 510 512 512 515 515 532 535 536 541 545 549 552 556 559 561 565 568 570 573 576 578 579 583 627 630 632 634 636 638 641 643 645 647 648 651 653 655 656 659 661 662 665 668 671 673 676 679 681 684 687 690 691 694 697 701 702 704 707 710 712 713 716
504 504 504 504 504 504 504 504 504 504 504 504 504 504 504 504 504 504 504 504 504 504 504 504 504 504 504 504 505 506 507 508 509 511 512 512 514 532 533 536 540 544 548 552 554 558 561 564 567 569 572 575 577 580 582 626 628 631 633 635 638 640 642 643 646 648 650 651 654 656 657 659 662 664 667 671 674 676 676 681 683 686 688 692 695 696 698 702 703 706 708 711 713 715
504 504 504 504 504 504 504 504 504 504 504 504 504 504 504 504 504 504 504 504 504 504 504 504 504 504 504 504 504 505 506 506 509 509 511 512 512 531 532 535 539 544 547 550 553 556 560 562 566 569 570 574 576 579 622 625 628 629 631 635 637 638 642 643 644 646 649 651 652 654 657 658 660 664 666 669 672 676 678 679 683 685 688 690 692 696 698 700 704 705 708 710 712 714
504 504 504 504 504 504 504 504 504 504 504 504 504 504 504 504 504 504 504 504 504 504 504 504 504 504 504 504 504 504 505 506 507 509 509 511 512 530 531 533 539 543 546 549 554 556 559 562 564 567 570 573 574 578 622 624 627 629 631 633 636 638 639 642 644 645 647 649 652 653 655 658 659 662 665 668 671 674 677 679 681 685 687 689 692 694 698 699 702 705 706 709 712 713
504 504 504 504 504 504 504 504 504 504 504 504 504 504 504 504 504 504 504 504 504 504 504 504 504 504 504 504 504 504 505 506 506 507 508 509 511 528 530 534 538 542 545 549 552 556 558 561 564 566 569 572 575 576 621 624 625 628 631 633 634 636 639 640 643 645 647 649 651 653 655 656 659 662 665 668 670 674 677 679 680 683 687 689 692 692 697 700 701 702 707 708 711 712
504 504 504 504 504 504 504 504 504 504 504 504 504 504 504 504 504 504 504 504 504 504 504 504 504 504 504 504 504 504 504 505 506 506 508 508 509 528 528 533 537 541 544 548 551 553 558 560 563 566 568 570 573 618 620 623 624 626 630 631 634 635 637 639 642 645 646 648 650 652 654 656 660 661 663 667 670 672 675 679 682 682 684 688 691 693 694 698 702 703 704 708 710 712
504 504 504 504 504 504 504 504 504 504 504 504 504 504 504 504 504 504 504 504 504 504 504 504 504 504 504 504 504 504 504 504 505 506 506 508 525 526 528 531 535 540 544 546 551 553 555 559 562 564 567 570 572 616 619 621 624 626 628 631 632 634 636 640 641 642 646 647 649 651 653 656 658 663 664 666 668 672 674 677 680 683 685 686 690 692 695 696 700 703 704 706 710 710
504 504 504 504 504 504 504 504 504 504 504 504 504 504 504 504 504 504 504 504 504 504 504 504 504 504 504 504 504 504 504 504 504 506 506 506 525 525 526 532 536 539 543 546 548 552 555 558 561 563 566 569 571 615 618 620 622 626 627 629 632 633 636 637 641 642 643 646 648 650 651 655 658 660 664 666 668 671 674 676 679 680 684 686 688 692 693 696 698 702 704 705 708 712
504 504 504 504 504 504 504 504 504 504 504 504 504 504 504 504 504 504 504 504 504 504 504 504 504 504 504 504 504 504 504 504 504 504 506 506 523 525 525 530 534 539 541 545 549 551 554 556 560 563 564 568 612 615 616 620 622 623 627 628 630 633 635 637 638 641 643 644 647 649 651 653 656 660 662 665 667 670 673 676 678 681 682 686 688 690 692 695 697 700 703 706 707 709
504 504 504 504 504 504 504 504 504 504 504 504 504 504 504 504 504 504 504 504 504 504 504 504 504 504 504 504 504 504 504 504 504 504 504 506 523 524 526 529 533 537 541 544 548 550 553 556 558 562 564 567 610 614 616 617 622 623 624 627 630 632 634 635 638 639 642 644 645 648 650 654 656 659 662 665 668 669 671 675 678 680 682 683 688 690 692 693 697 699 702 703 708 709
504 504 504 504 504 504 504 504 504 504 504 504 504 504 504 504 504 504 504 504 504 504 504 504 504 504 504 504 504 504 504 504 504 504 504 504 523 523 525 529 534 536 540 543 546 550 552 556 558 560 562 566 610 612 615 618 619 622 624 625 629 630 633 635 636 638 640 643 644 646 650 652 655 658 661 664 666 670 672 673 676 679 682 684 685 689 692 693 695 698 701 703 705 707
504 504 504 504 504 504 504 504 504 504 504 504 504 504 504 504 504 504 504 504 504 504 504 504 504 504 504 504 504 504 504 504 504 504 504 504 522 523 524 529 533 536 539 542 545 548 552 554 556 560 562 606 609 612 613 616 619 620 623 625 628 630 631 633 636 638 639 641 644 645 647 652 654 657 659 663 666 667 670 674 676 678 681 682 686 687 691 692 694 697 700 700 704 707
504 504 504 504 504 504 504 504 504 504 504 504 504 504 504 504 504 504 504 504 504 504 504 504 504 504 504 504 504 504 504 504 504 504 504 504 521 522 525 528 532 536 539 542 545 547 550 554 556 559 561 605 608 610 613 615 618 619 621 625 626 628 631 632 634 636 639 640 641 646 648 651 654 657 660 662 665 668 669 672 675 677 680 682 684 687 689 693 694 695 699 701 703 706
504 504 504 504 504 504 504 504 504 504 504 504 504 504 504 504 504 504 504 504 504 504 504 504 504 504 504 504 504 504 504 504 504 504 504 504 521 521 524 528 532 535 538 541 544 547 549 552 555 557 561 604 608 609 612 614 616 619 621 622 626 627 629 631 633 635 636 640 641 643 647 650 653 655 658 662 664 667 669 671 674 677 679 682 683 686 689 690 693 696 697 700 702 705
504 504 504 504 504 504 504 504 504 504 504 504 504 504 504 504 504 504 504 504 504 504 504 504 504 504 504 504 504 504 504 504 504 504 504 504 520 521 523 527 531 535 538 541 544 547 549 551 555 556 600 604 606 608 611 613 615 616 621 622 623 626 628 630 632 634 636 637 640 643 646 650 652 655 657 660 663 666 669 671 673 675 679 681 683 684 688 691 691 693 698 699 700 702
504 504 504 504 504 504 504 504 504 504 504 504 504 504 504 504 504 504 504 504 504 504 504 504 504 504 504 504 504 504 504 504 504 504 504 504 519 520 523 527 531 534 538 541 544 546 549 551 553 557 600 602 606 607 610 611 614 617 618 621 623 624 627 629 631 634 635 638 640 644 645 648 652 654 657 660 663 665 667 669 673 675 676 680 682 685 686 689 692 693 695 699 699 702
504 504 504 504 504 504 504 504 504 504 504 504 504 504 504 504 504 504 504 504 504 504 504 504 504 504 504 504 504 504 504 504 504 504 504 504 519 519 523 527 531 533 537 540 543 546 548 550 553 555 600 602 603 606 609 611 612 616 618 619 622 623 625 629 630 633 635 636 639 642 646 647 649 654 656 658 661 665 668 669 670 674 677 678 682 683 687 688 691 693 694 697 699 701
504 504 504 504 504 504 504 504 504 504 504 504 504 504 504 504 504 504 504 504 504 504 504 504 504 504 504 504 504 504 504 504 504 504 504 504 518 519 522 526 530 533 536 539 542 545 548 549 552 597 598 602 603 606 607 609 612 614 617 618 620 623 625 628 630 631 633 635 638 642 644 649 650 651 655 658 660 663 666 669 670 672 676 678 680 683 685 686 690 692 694 696 697 701
504 504 504 504 504 504 504 504 504 504 504 504 504 504 504 504 504 504 504 504 504 504 504 504 504 504 504 504 504 504 504 504 504 504 504 504 517 518 522 525 529 533 536 539 541 544 547 550 551 597 598 600 603 605 607 608 611 613 615 618 619 621 625 626 628 631 632 635 637 641 644 646 650 652 654 657 659 662 665 668 670 671 674 678 680 680 684 687 688 690 693 695 541 541
509 510 504 504 504 504 504 504 504 504 504 504 504 504 504 504 504 504 504 504 504 504 504 504 504 504 504 504 504 504 504 504 504 504 504 515 517 517 521 526 528 532 535 538 541 544 546 549 551 595 598 600 601 605 606 608 610 612 614 615 619 621 622 626 627 629 631 634 637 639 642 646 648 652 653 656 659 662 663 666 670 672 673 675 680 681 682 685 532 532 535 537 539 542
509 509 510 510 511 511 512 504 504 504 504 504 504 504 504 504 504 504 504 504 504 504 504 504 504 504 504 504 504 504 504 504 504 504 504 515 515 517 521 525 528 532 534 537 540 543 546 548 550 595 597 600 601 603 605 607 610 611 613 615 617 621 622 623 626 628 630 633 636 640 642 645 647 650 653 655 657 661 664 665 668 670 673 675 677 524 526 527 530 532 533 537 538 540
509 509 509 510 510 511 511 512 512 513 513 504 504 504 504 504 504 504 504 504 504 504 504 504 504 504 504 504 504 504 504 504 504 504 504 515 515 516 521 524 528 531 534 537 540 542 544 548 592 594 597 598 602 603 604 607 609 611 612 614 617 618 621 623 624 627 629 633 635 638 641 644 647 650 652 655 657 659 662 665 668 512 514 517 520 522 524 526 528 532 533 535 538 539
508 509 509 510 510 510 511 511 512 512 513 513 514 515 515 504 504 504 504 504 504 504 504 504 504 504 504 504 504 504 504 504 504 504 504 513 515 515 520 524 527 530 534 537 539 542 544 546 592 593 596 598 600 602 604 607 608 610 612 614 616 618 619 622 623 625 629 631 634 637 640 643 645 649 652 653 655 658 504 507 510 511 514 516 519 521 523 525 528 530 531 534 537 537
508 508 509 509 510 510 511 511 511 512 512 513 513 514 515 516 516 517 518 504 504 504 504 504 504 504 504 504 504 504 504 504 504 504 504 513 513 516 519 523 527 530 533 536 539 541 544 546 590 593 595 597 600 601 603 606 608 609 611 614 615 617 619 620 623 624 626 631 634 637 639 642 645 647 493 497 498 500 504 505 509 512 513 515 518 521 522 524 526 530 531 532 535 538
508 508 508 509 509 510 510 511 511 512 512 512 513 513 514 515 516 517 517 518 519 520 521 504 504 504 504 504 504 504 504 504 504 504 504 513 513 515 519 522 526 530 533 535 538 541 543 546 590 591 595 596 599 601 602 605 607 609 610 613 615 616 618 620 621 625 627 629 632 636 481 484 487 491 492 495 497 499 502 506 507 509 512 514 517 519 522 524 526 527 530 533 534 537
507 508 508 509 509 509 510 510 511 511 512 512 513 513 513 514 515 516 517 518 518 519 520 521 522 523 525 504 504 504 504 504 504 504 504 511 513 514 519 523 525 529 532 535 537 540 543 586 590 591 593 596 598 600 603 604 606 608 611 612 614 616 617 619 621 623 627 472 474 477 480 483 486 489 492 495 495 499 501 503 508 509 510 513 516 518 521 521 525 528 528 532 534 535
507 507 508 508 509 509 510 510 510 511 511 512 512 513 513 514 514 515 516 517 518 518 520 520 521 522 523 525 525 526 527 504 504 504 504 511 511 514 518 522 525 528 531 534 537 539 542 586 588 592 593 595 598 599 602 604 605 607 610 612 613 615 617 461 463 466 468 471 474 476 479 482 484 488 491 494 496 497 501 503 505 509 510 512 515 517 519 522 523 526 528 530 532 535
507 507 508 508 508 509 509 510 510 511 511 511 512 512 513 513 514 514 515 516 517 518 518 520 520 521 523 523 525 525 527 527 527 529 504 510 511 512 518 521 524 528 530 533 536 539 541 585 588 590 593 595 596 599 601 603 605 606 609 461 461 461 461 461 463 466 469 471 474 477 479 482 485 486 489 492 495 497 499 502 505 507 510 511 514 517 519 520 523 525 528 529 531 533
506 507 507 508 508 509 509 509 510 510 511 511 512 512 512 513 513 514 514 516 516 517 518 518 520 520 522 523 523 525 525 527 527 527 529 546 547 513 516 521 524 527 530 533 535 538 583 585 588 590 591 595 596 597 601 461 461 461 461 461 461 461 461 461 463 465 468 471 473 476 479 481 484 487 489 491 493 495 499 501 503 506 509 510 513 515 517 519 522 524 526 529 531 533
506 506 507 507 508 508 509 509 510 510 510 511 511 512 512 513 513 513 514 514 516 516 518 518 518 520 520 522 523 523 525 525 527 527 528 546 546 549 553 557 561 527 529 532 535 537 582 585 586 590 591 461 461 461 461 461 461 461 461 461 461 461 461 461 462 465 467 469 473 475 478 481 483 486 489 491 493 495 497 500 503 505 508 509 511 515 517 517 520 524 525 527 528 531
506 506 507 507 507 508 508 509 509 510 510 510 511 511 512 512 513 513 513 514 514 516 516 518 518 518 520 520 523 523 524 525 525 527 527 545 546 548 552 556 560 562 565 568 534 537 581 461 461 461 461 461 461 461 461 461 461 461 461 461 461 461 461 461 461 464 468 470 472 476 478 479 483 485 488 490 493 496 496 499 502 504 506 509 511 512 516 518 519 522 524 525 529 530
505 506 506 507 507 508 508 508 509 509 510 510 511 511 511 512 512 513 513 514 514 514 516 516 518 518 519 520 520 523 523 524 525 525 527 544 545 548 551 555 559 562 455 455 455 455 461 461 461 461 461 461 461 461 461 461 461 461 461 461 461 461 461 461 462 465 467 471 472 474 478 480 482 486 487 489 492 495 497 498 501 504 505 506 510 513 514 516 518 521 524 525 527 529
505 506 506 506 507 507 508 508 509 509 509 510 510 511 511 512 512 512 513 513 514 514 514 516 516 518 518 519 520 520 523 523 524 525 525 544 544 547 455 455 455 455 455 455 455 457 460 463 464 467 461 461 461 461 461 461 461 461 461 461 461 461 461 461 461 464 467 469 473 474 476 480 482 484 487 489 491 494 496 498 500 502 506 506 508 512 513 516 518 520 522 523 526 529
505 505 506 506 506 507 507 508 508 509 509 510 510 510 511 511 512 512 512 513 513 514 514 515 516 516 518 518 519 520 521 523 523 455 455 455 455 455 455 455 455 455 455 455 455 456 459 461 464 466 469 471 472 461 461 461 461 461 461 461 461 461 461 461 461 463 467 470 471 475 476 478 482 484 486 489 491 493 495 498 499 502 504 507 508 510 512 515 516 518 522 523 524 527
504 505 505 506 506 507 507 507 508 508 509 509 510 510 510 511 511 512 512 513 513 513 514 514 515 516 516 518 518 455 455 455 455 455 455 455 455 455 455 455 455 455 455 455 455 456 458 461 463 466 468 469 472 474 476 478 461 461 461 461 461 461 461 461 461 464 466 469 472 474 476 479 480 483 486 488 491 493 495 497 499 501 504 506 507 510 512 513 516 518 519 521 524 526
504 505 505 505 506 506 507 507 508 508 508 509 509 510 510 511 511 511 512 512 513 513 513 514 455 455 455 455 455 455 455 455 455 455 455 455 455 455 455 455 455 455 455 455 455 456 457 461 463 464 468 469 470 474 475 477 480 481 461 461 461 461 461 461 461 463 466 468 471 474 476 478 481 483 484 488 490 493 495 496 499 501 503 506 507 509 512 514 514 518 519 520 523 525
