testData/tiles/oneDegreeCosts/grid0.0-40.0-1.0-41.0.asc
ncols   200
nrows   200
xllcorner   0.0
yllcorner   40.0
cellsize   0.005
NODATA_value   -9999.0
[rows 42 to 83 of 200, columns 94 to 187 of 200]
183 183 183 183 183 183 183 183 183 183 183 183 183 183 183 183 183 183 183 183 183 183 183 183 183 183 183 183 183 183 216 216 217 217 217 217 217 216 216 218 218 218 218 218 219 219 219 220 220 221 221 221 221 221 221 222 223 223 223 223 223 223 224 224 224 224 224 225 225 225 226 226 226 226 226 226 226 226 226 227 228 228 228 228 228 228 228 228 228 228 229 229 229 229
183 183 183 183 183 183 183 183 183 183 183 183 183 183 183 183 183 183 183 183 183 183 183 183 183 183 183 183 183 183 183 217 217 217 217 217 217 218 218 219 219 219 218 218 219 220 220 220 220 221 221 221 221 221 222 223 223 223 223 223 223 223 224 224 224 225 225 225 225 225 226 226 226 226 226 226 226 226 227 227 228 228 228 228 228 228 228 228 228 228 229 229 230 230
183 183 183 183 183 183 183 183 183 183 183 183 183 183 183 183 183 183 183 183 183 183 183 183 183 183 183 183 183 183 183 183 217 217 217 217 218 218 218 219 219 219 219 219 221 221 221 220 220 221 221 221 221 222 222 223 223 223 223 223 223 223 224 224 225 225 225 225 225 225 225 226 226 226 226 226 227 227 227 227 228 228 228 228 228 228 228 228 228 228 230 230 230 230
183 183 183 183 183 183 183 183 183 183 183 183 183 183 183 183 183 183 183 183 183 183 183 183 183 183 183 183 183 183 183 183 183 218 219 218 218 218 218 218 219 219 220 220 221 221 221 221 221 222 222 222 222 222 222 223 223 223 223 223 223 223 224 225 225 225 225 225 225 225 225 226 226 226 227 227 227 227 227 227 228 228 228 228 228 228 228 228 229 229 230 230 230 230
183 183 183 183 183 183 183 183 183 183 183 183 183 183 183 183 183 183 183 183 183 183 183 183 183 183 183 183 183 183 183 183 183 183 219 219 219 219 219 219 219 220 220 220 221 221 221 221 221 222 223 223 223 223 223 223 223 223 223 223 224 224 224 225 225 225 225 225 225 225 225 226 226 227 227 227 227 227 227 227 228 228 228 228 228 228 228 229 229 229 230 230 230 230
183 183 183 183 183 183 183 183 183 183 183 183 183 183 183 183 183 183 183 183 183 183 183 183 183 183 183 183 183 183 183 183 183 183 219 219 219 219 219 220 221 221 221 221 222 221 221 221 222 223 223 223 223 223 223 223 224 224 224 225 224 224 224 225 225 225 225 225 225 225 225 227 227 227 227 227 227 227 227 227 228 228 228 228 228 229 229 229 229 229 230 230 230 230
183 183 183 183 183 183 183 183 183 183 183 183 183 183 183 183 183 183 183 183 183 183 183 183 183 183 183 183 183 183 183 183 183 183 183 219 219 219 220 220 221 221 221 221 222 222 222 223 223 224 223 223 223 223 223 223 224 225 225 225 225 225 225 225 225 225 225 225 225 226 226 227 227 227 227 227 227 227 227 227 228 228 228 229 229 229 229 229 229 229 230 230 230 230
183 183 183 183 183 183 183 183 183 183 183 183 183 183 183 183 183 183 183 183 183 183 183 183 183 183 183 183 183 183 183 183 183 183 183 183 221 221 221 220 221 221 221 221 222 223 223 223 223 223 224 224 224 224 223 223 225 225 225 225 225 225 225 226 226 226 226 225 226 226 226 227 227 227 227 227 227 227 227 227 228 228 229 229 229 229 229 229 229 229 230 230 230 230
183 183 183 183 183 183 183 183 183 183 183 183 183 183 183 183 183 183 183 183 183 183 183 183 183 183 183 183 183 183 183 183 183 183 183 184 184 221 221 221 222 222 222 222 223 223 223 223 223 223 224 224 224 224 225 225 226 226 225 225 225 225 225 226 226 226 227 227 227 227 227 227 227 227 227 227 227 227 227 227 229 229 229 229 229 229 229 229 229 229 229 230 230 230
183 183 183 183 183 183 183 183 183 183 183 183 183 183 183 183 183 183 183 183 183 183 183 183 183 183 183 183 183 183 184 184 183 184 184 184 184 184 221 221 222 222 223 223 224 224 224 224 223 223 224 224 225 225 225 225 226 226 226 226 226 226 225 226 227 227 227 227 227 227 227 228 228 228 227 227 227 227 228 228 229 229 229 229 229 229 229 229 229 229 229 230 230 230
183 183 183 183 183 183 183 183 183 183 183 183 183 183 183 183 183 183 183 183 183 183 183 183 183 183 183 183 183 183 184 184 185 185 185 185 185 184 221 221 222 223 223 223 223 224 224 224 224 224 225 226 226 225 225 225 226 226 226 226 226 226 226 228 228 228 227 227 227 227 227 228 228 228 228 228 228 228 228 228 229 229 229 229 229 229 229 229 229 229 229 230 231 231
183 183 183 183 183 183 183 183 183 183 183 183 183 183 183 183 183 183 183 183 183 183 183 183 183 183 183 183 183 183 185 185 185 185 185 185 185 185 185 223 224 224 223 223 223 224 224 224 224 225 226 226 226 226 226 226 227 226 226 226 226 227 227 228 228 228 228 228 228 227 227 228 228 228 228 229 229 229 229 229 229 229 229 229 229 229 229 229 229 229 229 231 231 231
183 183 183 183 183 183 183 183 183 183 183 183 183 183 183 183 183 183 183 183 183 183 183 183 183 183 183 183 183 183 185 185 185 185 185 185 185 185 186 186 224 224 224 224 224 225 225 224 225 225 226 226 226 226 226 226 227 227 227 227 228 227 227 228 228 228 228 228 228 228 228 228 229 229 229 229 229 229 229 229 229 230 230 230 229 229 229 229 229 230 230 231 231 231
183 183 183 183 183 183 183 183 183 183 183 183 183 183 183 183 183 183 183 183 183 183 183 183 183 183 183 183 183 183 183 186 186 186 186 186 186 186 186 186 187 224 224 224 224 225 225 226 226 226 227 226 226 226 226 226 227 227 228 228 228 228 228 228 228 228 228 228 228 228 228 228 230 230 230 230 229 229 229 229 229 230 230 230 230 230 229 230 230 230 230 231 231 231
183 183 183 183 183 183 183 183 183 183 183 183 183 183 183 183 183 183 183 183 183 183 183 183 183 183 183 183 183 183 183 186 186 186 186 187 187 187 187 187 187 187 224 224 224 226 226 226 226 226 227 227 227 227 227 227 227 228 228 228 228 228 228 228 229 229 229 229 228 228 229 229 230 230 230 230 230 230 230 229 229 230 230 230 230 230 231 231 231 230 230 231 231 231
183 183 183 183 183 183 183 183 183 183 183 183 183 183 183 183 183 183 183 183 183 183 183 183 183 183 183 183 183 183 183 186 186 186 187 187 187 187 187 187 187 188 188 225 226 227 226 226 226 226 227 227 227 227 227 228 228 229 229 228 228 228 228 228 229 229 229 229 229 230 230 229 230 230 230 230 230 230 230 230 230 231 230 230 231 231 231 231 231 231 231 232 231 231
183 183 183 183 183 183 183 183 183 183 183 183 183 183 183 183 183 183 183 183 183 183 183 183 183 183 183 183 183 183 183 187 188 188 187 187 187 187 187 187 187 188 189 226 226 227 227 227 227 227 227 227 227 227 228 228 228 229 229 229 229 229 229 228 229 229 229 230 230 230 230 230 231 231 231 230 230 230 230 230 230 231 231 232 232 231 231 231 231 231 231 231 232 232
183 183 183 183 183 183 183 183 183 183 183 183 183 183 183 183 183 183 183 183 183 183 183 183 183 183 183 183 183 183 183 188 188 188 188 188 188 188 188 187 187 189 189 189 226 227 227 227 227 227 227 228 229 229 228 228 228 229 229 229 229 229 229 229 230 230 231 230 230 230 230 230 231 231 231 231 231 231 230 230 230 232 232 232 232 232 232 232 231 231 231 231 232 232
183 183 183 183 183 183 183 183 183 183 183 183 183 183 183 183 183 183 183 183 183 184 184 184 184 184 184 183 183 184 184 188 188 188 188 188 188 188 188 189 189 190 190 190 190 227 227 227 227 227 227 229 229 229 229 229 229 230 229 229 229 229 229 229 231 231 231 231 231 231 230 230 231 231 231 231 231 231 231 232 232 232 232 232 232 232 232 232 232 232 232 231 232 232
183 183 183 183 183 183 183 183 183 183 183 183 183 183 183 183 183 183 183 183 184 184 184 184 184 184 184 184 185 185 185 189 189 188 188 188 188 188 189 189 189 190 190 190 190 190 228 228 228 227 228 229 229 229 229 229 229 230 230 230 230 230 229 230 231 231 231 231 231 231 231 231 232 232 231 231 231 231 232 232 232 232 233 233 232 232 232 232 232 232 232 232 233 233
183 183 183 183 183 183 183 183 183 183 183 184 184 184 184 184 184 184 184 184 184 184 184 184 184 184 184 185 185 185 185 189 189 189 189 189 189 190 189 189 189 190 190 190 190 190 191 228 229 229 229 230 230 229 229 229 229 230 230 230 230 231 231 231 232 231 231 231 231 231 231 231 231 232 232 232 233 232 232 232 232 232 233 233 233 233 233 232 232 232 232 232 233 234
183 183 183 183 183 183 183 183 183 183 184 184 184 184 184 184 184 185 185 185 185 185 185 185 185 184 185 185 185 185 185 189 189 189 189 190 190 190 190 190 190 191 191 190 190 190 191 192 229 229 229 230 230 230 230 230 230 230 230 230 231 231 231 231 231 232 232 232 232 231 231 231 231 232 232 233 233 233 233 233 232 232 233 233 233 233 233 233 233 233 232 232 234 234
183 183 183 184 184 184 184 184 183 184 184 184 184 184 184 184 185 185 185 185 185 185 185 185 186 186 186 186 186 186 186 186 189 189 190 190 190 190 190 190 190 190 191 191 191 192 193 192 192 229 229 230 230 230 230 230 230 230 232 232 232 231 231 231 231 232 232 232 232 232 232 232 231 233 233 233 233 233 233 233 233 233 234 233 233 233 233 233 233 233 234 234 234 234
183 184 184 184 184 184 184 185 185 185 185 185 185 185 185 186 185 185 185 185 185 185 185 186 186 186 186 186 186 186 186 186 190 191 191 191 190 190 190 190 190 190 191 191 192 192 193 193 193 193 230 230 230 230 230 230 230 231 232 232 232 232 232 232 231 232 232 232 232 232 232 232 233 234 234 233 233 233 233 233 233 233 234 234 234 234 233 233 233 234 234 234 235 235
184 184 184 184 184 184 185 185 185 185 185 185 185 186 186 186 186 186 186 186 186 186 187 186 186 186 186 186 186 186 186 186 191 191 191 191 191 191 191 191 191 190 191 192 192 192 193 193 193 193 193 230 231 231 231 230 231 231 232 232 232 232 232 232 232 233 233 233 232 232 233 233 233 234 234 234 234 234 234 233 233 233 234 234 234 234 234 235 235 234 234 234 234 235
185 185 185 185 185 186 185 185 185 185 185 185 186 186 186 186 186 186 186 186 187 187 187 187 187 187 187 187 187 186 187 187 191 191 191 191 191 191 191 191 191 192 193 193 193 193 193 193 193 193 193 193 231 231 232 232 232 232 233 232 232 232 232 232 232 233 233 233 233 234 234 233 233 234 234 234 234 234 234 234 234 234 234 234 234 234 235 235 235 235 235 234 234 235
185 185 185 185 186 186 186 186 186 186 186 187 187 187 186 186 186 186 186 187 187 187 187 187 187 187 187 187 187 188 188 188 192 192 192 191 191 191 191 191 192 192 193 193 193 193 193 194 194 194 193 193 231 232 232 232 232 232 233 233 233 233 233 232 232 233 233 233 234 234 234 234 234 235 234 234 234 234 234 234 234 234 234 235 235 235 235 235 235 235 235 235 235 236
185 185 185 186 186 186 186 186 186 186 187 187 187 187 187 187 187 187 188 188 188 187 187 187 187 187 187 187 188 188 188 188 192 192 192 192 192 192 192 193 192 192 193 193 193 193 193 194 194 194 194 194 196 233 232 232 232 232 233 233 233 233 233 233 233 234 234 234 234 234 234 234 234 234 235 235 235 234 234 234 234 234 234 236 236 236 236 235 235 235 235 235 235 236
186 186 187 186 186 186 186 186 186 187 187 187 187 187 187 187 187 188 188 188 188 188 188 188 188 188 189 189 188 188 188 188 192 192 192 192 192 192 193 193 193 193 194 194 193 193 193 194 194 194 195 195 196 196 233 233 233 233 233 233 233 233 233 233 233 234 235 235 235 235 234 234 234 234 235 235 235 235 235 235 234 235 235 236 236 236 236 236 236 236 235 235 235 236
187 187 187 187 187 187 187 188 188 188 188 188 187 187 187 187 188 188 188 188 188 188 188 188 188 189 189 189 189 189 189 189 189 192 192 192 193 193 193 193 193 193 193 194 194 194 194 195 195 195 195 195 196 196 196 233 233 233 233 234 234 234 233 234 234 234 235 235 235 235 235 235 235 234 235 235 235 235 235 235 236 236 236 236 236 236 236 236 236 236 236 236 236 236
187 187 187 187 187 187 188 188 188 188 188 188 188 188 189 189 189 189 189 189 188 188 188 188 189 189 189 189 189 189 189 189 189 193 193 194 194 194 193 193 193 193 193 194 194 194 194 195 196 196 196 196 197 196 196 196 233 233 233 234 234 234 235 235 235 234 235 235 235 235 235 235 235 235 236 236 235 235 236 236 236 236 236 237 237 237 236 236 236 236 236 236 236 236
187 187 187 187 187 188 188 188 188 188 188 188 188 189 189 189 189 189 189 189 189 189 189 190 190 190 189 189 189 189 189 189 189 193 194 194 194 194 194 194 194 194 194 194 194 194 195 196 196 196 196 196 196 197 197 197 197 233 233 234 234 235 235 235 235 235 236 236 235 235 235 235 235 235 236 236 236 237 237 236 236 236 236 237 237 237 237 237 237 236 236 236 236 236
188 188 188 188 189 189 189 189 189 189 188 188 189 189 189 189 189 189 189 189 189 189 190 190 190 190 190 190 190 190 190 190 189 194 194 194 194 194 194 194 194 194 194 195 195 196 196 196 196 196 196 196 196 197 197 197 197 197 234 236 235 235 235 235 235 235 236 236 236 236 236 236 235 235 236 236 237 237 237 237 237 237 236 236 237 237 237 237 237 237 237 236 236 236
188 188 188 189 189 189 189 189 189 189 189 190 190 190 190 190 190 190 189 189 189 190 190 190 190 190 190 190 190 190 190 191 191 195 195 195 195 194 194 194 194 194 194 195 196 196 196 196 197 197 197 196 196 197 197 197 197 197 198 236 236 236 236 236 235 235 236 236 236 236 236 236 236 236 237 237 237 237 237 237 237 237 237 237 238 237 237 237 237 237 237 237 237 238
188 188 189 189 189 189 189 189 189 189 190 190 190 190 190 190 190 190 190 191 191 191 191 191 190 190 190 190 190 190 191 191 191 195 195 195 195 195 195 195 195 194 194 196 196 196 196 196 197 197 197 197 197 198 198 197 197 198 198 199 236 236 236 236 236 236 236 236 236 236 236 236 236 237 237 238 238 238 237 237 237 237 237 237 238 238 238 238 237 237 237 238 238 238
189 190 190 190 190 190 190 190 189 190 190 190 190 190 190 190 190 190 191 191 191 191 191 191 191 191 191 191 191 192 191 191 191 195 195 195 195 195 195 195 195 196 196 197 197 197 196 196 197 197 197 197 197 198 198 198 199 199 199 199 199 236 236 236 236 236 236 237 237 237 236 236 237 237 237 238 238 238 238 238 238 237 237 237 238 238 238 238 238 238 238 238 238 238
190 190 190 190 190 190 190 190 191 191 191 191 191 191 191 191 190 191 191 191 191 191 191 191 191 191 191 191 192 192 192 192 192 192 196 195 195 195 195 195 196 196 196 196 197 197 197 197 198 198 197 197 197 198 199 199 199 199 199 199 200 200 237 236 236 236 236 237 237 237 238 238 238 238 237 238 238 238 238 238 238 238 238 238 238 238 238 238 239 239 239 239 239 238
190 190 190 190 190 190 190 191 191 191 191 191 191 191 191 191 192 192 192 192 192 192 192 191 191 191 191 192 192 192 192 192 192 192 196 196 196 196 196 197 196 196 196 196 197 197 197 197 198 198 198 198 198 199 199 199 199 199 199 199 200 200 200 237 237 237 236 237 237 238 238 238 238 238 238 239 239 238 238 238 238 238 238 238 238 239 238 239 239 239 239 239 239 239
191 191 191 191 191 190 191 191 191 191 191 191 191 191 191 192 192 192 192 192 192 192 192 192 192 192 193 193 192 192 192 192 192 192 196 196 196 196 197 197 197 197 197 197 198 197 197 197 198 198 198 198 199 199 200 200 200 200 199 199 200 200 200 200 200 237 237 238 239 238 238 238 238 238 238 239 239 239 239 239 238 238 238 238 238 239 240 240 240 239 239 239 239 239
191 191 191 191 192 192 192 192 192 192 192 192 192 192 192 192 192 192 192 192 192 192 192 192 192 193 193 193 193 193 193 193 193 193 196 196 196 197 197 197 197 197 197 197 198 198 198 198 198 198 198 199 199 199 200 200 200 200 200 200 201 200 200 200 200 200 238 239 239 239 239 239 238 238 238 238 239 239 239 239 239 239 238 238 239 240 240 240 240 240 240 240 239 106
191 191 191 192 192 192 192 192 192 192 192 192 192 193 193 193 193 193 193 193 193 192 192 193 193 193 193 193 193 193 193 193 193 193 197 197 198 198 198 197 197 197 197 197 198 198 198 198 198 200 200 200 200 199 200 200 200 200 200 200 201 201 201 201 201 201 201 238 239 239 239 239 239 239 239 238 239 239 239 239 239 239 239 240 240 240 240 240 240 106 106 106 106 106
192 192 193 192 192 192 192 192 192 192 192 192 193 193 193 193 193 193 193 193 193 193 194 194 194 194 194 193 193 193 193 193 193 193 194 198 198 198 198 198 198 198 198 197 197 198 198 198 199 200 200 200 200 200 201 201 200 200 200 200 200 201 201 201 202 202 202 202 239 239 239 239 239 239 239 239 240 240 239 239 239 239 240 240 240 106 106 106 106 106 106 106 106 106
