testData/tiles/oneDegreeCosts/grid3.0-32.0-4.0-33.0.asc
ncols   200
nrows   200
xllcorner   3.0
yllcorner   32.0
cellsize   0.005
NODATA_value   -9999.0
[rows 126 to 167 of 200, columns 0 to 93 of 200]
537 538 539 539 540 540 541 542 542 543 543 544 544 545 545 546 546 546 547 547 548 548 549 549 549 550 550 551 551 551 552 552 552 553 553 308 308 308 308 309 309 309 309 310 310 310 310 311 311 311 311 311 312 312 312 312 312 312 313 313 313 313 313 313 313 313 313 313 314 314 314 314 314 314 314 314 314 314 314 314 314 314 314 314 314 314 314 314 314 313 313 313 313 326
538 538 539 540 540 541 541 542 542 543 544 544 545 545 545 546 546 547 547 548 548 549 549 549 550 550 551 551 551 552 552 552 553 553 553 308 308 308 309 309 309 309 310 310 310 310 311 311 311 311 312 312 312 312 312 312 313 313 313 313 313 313 313 314 314 314 314 314 314 314 314 314 314 314 314 314 314 314 314 314 314 314 314 314 314 314 314 314 314 314 314 314 314 314
538 539 540 540 541 541 542 542 543 543 544 544 545 545 546 546 547 547 548 548 549 549 549 550 550 551 551 551 552 552 552 553 553 553 308 308 308 309 309 309 310 310 310 310 311 311 311 311 312 312 312 312 312 312 313 313 313 313 313 313 314 314 314 314 314 314 314 314 314 314 314 315 315 315 315 315 315 315 315 315 315 315 315 315 315 315 314 314 314 314 314 314 314 314
539 539 540 540 541 542 542 543 543 544 544 545 545 546 546 547 547 548 548 549 549 549 550 550 551 551 551 552 552 553 553 553 554 308 308 309 309 309 309 310 310 310 310 311 311 311 311 312 312 312 312 312 313 313 313 313 313 314 314 314 314 314 314 314 314 314 315 315 315 315 315 315 315 315 315 315 315 315 315 315 315 315 315 315 315 315 315 315 315 315 315 314 314 314
539 540 540 541 541 542 543 543 544 544 545 545 546 546 547 547 548 548 549 549 549 550 550 551 551 551 552 552 553 553 553 554 554 308 309 309 309 309 310 310 310 311 311 311 311 312 312 312 312 312 313 313 313 313 313 314 314 314 314 314 314 314 315 315 315 315 315 315 315 315 315 315 315 315 315 315 315 315 315 315 315 315 315 315 315 315 315 315 315 315 315 315 315 315
540 540 541 541 542 542 543 544 544 545 545 546 546 547 547 548 548 548 549 549 550 550 551 551 551 552 552 553 553 553 554 554 309 309 309 309 310 310 310 310 311 311 311 311 312 312 312 312 313 313 313 313 313 314 314 314 314 314 314 315 315 315 315 315 315 315 315 315 315 315 316 316 316 316 316 316 316 316 316 316 316 316 316 316 316 316 316 315 315 315 315 315 315 315
540 541 541 542 542 543 543 544 544 545 545 546 546 547 547 548 548 549 549 550 550 551 551 551 552 552 553 553 553 554 554 554 309 309 309 310 310 310 311 311 311 311 312 312 312 312 313 313 313 313 313 314 314 314 314 314 314 315 315 315 315 315 315 315 315 316 316 316 316 316 316 316 316 316 316 316 316 316 316 316 316 316 316 316 316 316 316 316 316 316 316 316 315 315
540 541 541 542 543 543 544 544 545 545 546 546 547 547 548 548 549 549 550 550 551 551 551 552 552 553 553 553 554 554 554 309 309 309 310 310 310 311 311 311 311 312 312 312 312 313 313 313 313 314 314 314 314 314 314 315 315 315 315 315 315 315 316 316 316 316 316 316 316 316 316 316 316 316 316 316 316 316 316 316 316 316 316 316 316 316 316 316 316 316 316 316 316 316
541 541 542 542 543 544 544 545 545 546 546 547 547 548 548 549 549 550 550 550 551 551 552 552 552 553 553 554 554 554 309 309 309 310 310 310 311 311 311 311 312 312 312 313 313 313 313 313 314 314 314 314 314 315 315 315 315 315 315 316 316 316 316 316 316 316 316 316 316 317 317 317 317 317 317 317 317 317 317 317 317 317 317 317 317 317 317 317 316 316 316 316 316 316
541 542 542 543 543 544 544 545 546 546 547 547 548 548 549 549 549 550 550 551 551 552 552 552 553 553 554 554 554 555 309 309 310 310 310 311 311 311 312 312 312 312 313 313 313 313 314 314 314 314 314 315 315 315 315 315 315 316 316 316 316 316 316 316 316 317 317 317 317 317 317 317 317 317 317 317 317 317 317 317 317 317 317 317 317 317 317 317 317 317 317 317 316 316
541 542 543 543 544 544 545 545 546 546 547 547 548 548 549 549 550 550 551 551 552 552 552 553 553 554 554 554 555 309 309 310 310 310 311 311 311 312 312 312 312 313 313 313 313 314 314 314 314 315 315 315 315 315 315 316 316 316 316 316 316 316 317 317 317 317 317 317 317 317 317 317 317 317 317 317 317 317 317 317 317 317 317 317 317 317 317 317 317 317 317 317 317 317
542 542 543 544 544 545 545 546 546 547 547 548 548 549 549 550 550 551 551 551 552 552 553 553 554 554 554 555 309 309 310 310 310 311 311 311 312 312 312 313 313 313 313 314 314 314 314 314 315 315 315 315 315 316 316 316 316 316 316 317 317 317 317 317 317 317 317 317 317 318 318 318 318 318 318 318 318 318 318 318 318 318 318 318 318 318 318 318 317 317 317 317 317 317
542 543 543 544 544 545 546 546 547 547 548 548 549 549 550 550 551 551 551 552 552 553 553 553 554 554 555 555 309 310 310 310 311 311 311 312 312 312 313 313 313 313 314 314 314 314 315 315 315 315 315 316 316 316 316 316 316 317 317 317 317 317 317 317 317 318 318 318 318 318 318 318 318 318 318 318 318 318 318 318 318 318 318 318 318 318 318 318 318 318 318 318 317 317
542 543 544 544 545 545 546 546 547 547 548 548 549 549 550 550 551 551 552 552 553 553 553 554 554 555 555 310 310 310 310 311 311 311 312 312 312 313 313 313 313 314 314 314 314 315 315 315 315 316 316 316 316 316 316 317 317 317 317 317 317 317 318 318 318 318 318 318 318 318 318 318 318 318 318 318 318 318 318 318 318 318 318 318 318 318 318 318 318 318 318 318 318 318
543 543 544 545 545 546 546 547 547 548 548 549 549 550 550 551 551 552 552 552 553 553 554 554 555 555 310 310 310 310 311 311 311 312 312 312 313 313 313 313 314 314 314 315 315 315 315 315 316 316 316 316 316 317 317 317 317 317 317 317 318 318 318 318 318 318 318 318 318 318 319 319 319 319 319 319 319 319 319 319 319 319 319 319 319 319 319 318 318 318 318 318 318 318
543 544 544 545 545 546 547 547 548 548 549 549 550 550 551 551 551 552 552 553 553 554 554 554 555 555 310 310 310 311 311 311 312 312 312 313 313 313 314 314 314 314 315 315 315 315 316 316 316 316 316 317 317 317 317 317 317 318 318 318 318 318 318 318 318 318 319 319 319 319 319 319 319 319 319 319 319 319 319 319 319 319 319 319 319 319 319 319 319 319 319 319 319 319
544 544 545 545 546 546 547 547 548 548 549 549 550 550 551 551 552 552 553 553 554 554 554 555 555 310 310 310 311 311 311 312 312 312 313 313 313 314 314 314 314 315 315 315 315 316 316 316 316 316 317 317 317 317 317 318 318 318 318 318 318 318 318 319 319 319 319 319 319 319 319 319 319 319 319 319 319 319 319 319 319 319 319 319 319 319 319 319 320 320 320 320 320 320
544 544 545 546 546 547 547 548 548 549 549 550 550 551 551 552 552 553 553 553 554 554 555 555 310 310 310 311 311 311 312 312 312 313 313 313 314 314 314 314 315 315 315 315 316 316 316 316 317 317 317 317 317 317 318 318 318 318 318 318 319 319 319 319 319 319 319 319 319 319 319 319 320 320 320 320 320 320 320 320 320 320 320 320 320 319 320 320 320 320 320 321 321 321
544 545 545 546 546 547 548 548 549 549 550 550 551 551 552 552 552 553 553 554 554 555 555 555 310 310 311 311 311 312 312 312 313 313 313 314 314 314 314 315 315 315 315 316 316 316 316 317 317 317 317 317 318 318 318 318 318 318 319 319 319 319 319 319 319 319 319 320 320 320 320 320 320 320 320 320 320 320 320 320 320 320 320 321 321 321 321 321 322 322 321 321 321 322
544 545 546 546 547 547 548 548 549 549 550 550 551 551 552 552 553 553 554 554 554 555 555 310 310 310 311 311 312 312 312 313 313 313 314 314 314 314 315 315 315 316 316 316 316 316 317 317 317 317 318 318 318 318 318 318 319 319 319 319 319 319 319 319 320 320 320 320 320 320 320 320 320 320 320 320 320 320 320 320 320 321 321 321 321 322 322 322 322 322 323 323 323 322
545 545 546 546 547 548 548 549 549 550 550 551 551 552 552 553 553 553 554 554 555 555 310 310 310 311 311 311 312 312 313 313 313 314 314 314 314 315 315 315 316 316 316 316 317 317 317 317 317 318 318 318 318 318 319 319 319 319 319 319 319 320 320 320 320 320 320 320 320 320 320 320 320 320 320 320 320 320 321 321 321 321 321 322 322 322 322 323 323 323 323 323 324 324
545 546 546 547 547 548 548 549 549 550 550 551 551 552 552 553 553 554 554 555 555 555 310 310 311 311 311 312 312 312 313 313 313 314 314 314 315 315 315 316 316 316 316 317 317 317 317 317 318 318 318 318 318 319 319 319 319 319 319 320 320 320 320 320 320 320 320 320 320 320 321 321 321 321 321 321 322 322 322 322 323 323 323 323 323 324 324 323 323 324 324 324 324 324
545 546 547 547 548 548 549 549 550 550 551 551 552 552 553 553 554 554 554 555 555 310 310 311 311 311 312 312 312 313 313 313 314 314 314 315 315 315 316 316 316 316 317 317 317 317 318 318 318 318 318 319 319 319 319 319 319 320 320 320 320 320 320 320 320 320 321 321 321 321 321 321 321 321 322 322 322 322 323 323 323 323 324 324 324 324 324 325 325 325 325 325 325 325
546 546 547 547 548 548 549 550 550 551 551 552 552 553 553 553 554 554 555 555 310 310 310 311 311 312 312 312 313 313 313 314 314 314 315 315 315 316 316 316 316 317 317 317 317 318 318 318 318 318 319 319 319 319 319 319 320 320 320 320 320 320 320 321 321 321 321 321 321 321 321 321 322 322 322 322 323 323 323 323 324 324 324 324 325 325 325 325 325 326 326 326 326 326
546 547 547 548 548 549 549 550 550 551 551 552 552 553 553 554 554 555 555 555 310 310 311 311 311 312 312 313 313 313 314 314 314 315 315 315 316 316 316 316 317 317 317 317 318 318 318 318 318 319 319 319 319 319 320 320 320 320 320 320 320 321 321 321 321 321 321 321 321 321 322 322 322 322 323 324 324 324 325 325 325 325 325 325 325 325 326 326 326 326 326 327 327 327
546 547 547 548 548 549 550 550 551 551 552 552 553 553 554 554 554 555 555 310 310 311 311 311 312 312 312 313 313 314 314 314 315 315 315 315 316 316 316 317 317 317 317 318 318 318 318 319 319 319 319 319 320 320 320 320 320 320 320 321 321 321 321 321 321 321 321 321 322 323 323 324 324 324 324 325 325 325 325 326 326 326 326 326 327 327 327 327 327 327 327 327 327 328
547 547 548 548 549 549 550 550 551 551 552 552 553 553 554 554 555 555 310 310 310 311 311 312 312 312 313 313 313 314 314 314 315 315 315 316 316 316 317 317 317 317 318 318 318 318 319 319 319 319 319 320 320 320 320 320 320 321 321 321 321 321 321 321 321 321 323 323 323 324 324 324 324 325 325 325 325 326 326 326 326 327 327 327 327 327 328 328 328 328 329 328 328 328
547 547 548 548 549 550 550 551 551 552 552 553 553 554 554 555 555 310 310 310 311 311 311 312 312 313 313 313 314 314 314 315 315 315 316 316 316 317 317 317 317 318 318 318 318 319 319 319 319 319 320 320 320 320 320 321 321 321 321 321 321 321 321 322 323 323 323 324 324 324 324 325 325 325 325 326 326 326 326 327 327 327 327 328 328 328 328 328 329 329 329 329 330 330
547 548 548 549 549 550 550 551 551 552 552 553 553 554 554 555 555 310 310 311 311 311 312 312 313 313 313 314 314 314 315 315 315 316 316 316 317 317 317 317 318 318 318 318 319 319 319 319 319 320 320 320 320 320 321 321 321 321 321 321 321 322 323 323 323 323 324 324 324 325 325 325 325 326 326 327 327 328 328 328 328 329 328 328 328 329 329 329 329 329 330 330 330 330
547 548 548 549 550 550 551 551 552 552 553 553 554 554 555 555 310 310 310 311 311 312 312 312 313 313 314 314 314 315 315 315 316 316 316 316 317 317 317 318 318 318 318 319 319 319 319 320 320 320 320 320 320 321 321 321 321 321 321 322 323 323 323 323 324 324 324 325 325 326 326 327 327 327 327 328 328 328 328 329 329 329 329 330 330 330 330 331 330 330 330 330 331 331
548 548 549 549 550 550 551 551 552 552 553 553 554 554 555 310 310 310 311 311 311 312 312 313 313 313 314 314 314 315 315 315 316 316 316 317 317 317 318 318 318 318 319 319 319 319 320 320 320 320 320 321 321 321 321 321 321 322 322 323 323 323 324 324 324 325 326 326 326 327 327 327 327 328 328 328 329 329 329 329 330 330 330 330 330 331 331 331 331 332 332 331 331 331
548 548 549 550 550 551 551 552 552 553 553 554 554 555 555 310 310 310 311 311 312 312 312 313 313 314 314 314 315 315 315 316 316 316 317 317 317 318 318 318 318 319 319 319 319 320 320 320 320 320 321 321 321 321 321 321 322 323 323 323 324 324 324 324 326 326 326 327 327 327 327 328 328 328 329 329 329 329 330 330 330 330 331 331 331 331 331 332 332 332 332 333 333 332
548 549 549 550 550 551 551 552 552 553 553 554 554 555 310 310 310 311 311 311 312 312 313 313 313 314 314 315 315 315 316 316 316 317 317 317 317 318 318 318 319 319 319 319 320 320 320 320 320 321 321 321 321 321 322 323 323 323 324 324 324 324 326 326 326 327 327 327 327 328 328 328 329 329 329 329 330 330 330 330 331 331 331 331 332 332 332 332 332 333 333 333 333 334
548 549 549 550 551 551 552 552 553 553 554 554 555 310 310 310 310 311 311 312 312 313 313 313 314 314 314 315 315 315 316 316 316 317 317 317 318 318 318 319 319 319 319 320 320 320 320 320 321 321 321 321 321 322 323 323 323 324 324 324 326 326 326 327 327 327 327 328 328 328 329 329 330 330 331 331 331 331 332 332 332 332 333 333 333 332 333 333 333 333 333 334 334 334
549 549 550 550 551 551 552 552 553 553 554 554 310 310 310 310 311 311 312 312 312 313 313 314 314 314 315 315 315 316 316 316 317 317 317 318 318 318 318 319 319 319 319 320 320 320 320 321 321 321 321 321 323 323 323 324 324 324 326 326 326 326 327 327 327 328 328 328 329 330 330 330 331 331 331 331 332 332 332 332 333 333 333 333 334 334 334 334 335 334 334 334 334 335
549 549 550 550 551 552 552 553 553 554 554 555 310 310 310 310 311 311 312 312 313 313 313 314 314 314 315 315 316 316 316 317 317 317 318 318 318 318 319 319 319 319 320 320 320 320 321 321 321 321 321 323 323 323 324 324 324 326 326 326 327 327 327 328 328 329 329 330 330 330 331 331 331 331 332 332 332 332 333 333 333 333 334 334 334 334 335 335 335 335 336 336 335 335
549 550 550 551 551 552 552 553 553 554 554 310 310 310 310 311 311 312 312 312 313 313 314 314 314 315 315 315 316 316 316 317 317 317 318 318 318 319 319 319 319 320 320 320 320 321 321 321 321 322 323 323 324 324 324 326 326 326 327 327 327 327 328 329 329 330 330 330 331 331 331 331 332 332 332 332 333 333 333 334 334 334 334 335 335 335 335 335 336 336 336 336 337 337
549 550 550 551 551 552 552 553 554 554 310 310 310 310 310 311 311 312 312 313 313 313 314 314 315 315 315 316 316 316 317 317 317 318 318 318 319 319 319 319 320 320 320 320 321 321 321 321 322 323 323 324 324 324 326 326 326 327 327 327 328 329 329 330 330 330 330 331 331 331 332 332 332 332 333 333 333 334 334 334 334 335 335 335 335 336 336 336 336 336 337 337 337 337
549 550 551 551 552 552 553 553 554 310 310 310 310 310 311 311 311 312 312 313 313 314 314 314 315 315 315 316 316 317 317 317 318 318 318 318 319 319 319 320 320 320 320 321 321 321 322 322 323 324 324 324 325 326 326 327 327 327 328 328 329 330 330 330 330 331 331 331 332 332 332 333 334 334 334 335 335 335 335 336 336 336 336 337 337 337 336 337 337 337 337 337 338 338
550 550 551 551 552 552 553 553 310 310 310 310 310 310 311 311 312 312 313 313 313 314 314 315 315 315 316 316 316 317 317 317 318 318 318 319 319 319 319 320 320 320 320 321 321 322 322 323 324 324 324 325 326 326 327 327 327 328 329 329 330 330 330 331 331 331 332 332 333 333 334 334 334 335 335 335 335 336 336 336 336 337 337 337 337 338 338 338 338 338 338 338 338 338
550 550 551 551 552 553 553 554 310 310 310 310 310 311 311 311 312 312 313 313 314 314 314 315 315 315 316 316 317 317 317 318 318 318 319 319 319 319 320 320 320 320 321 322 322 322 324 324 324 325 325 326 327 327 327 328 328 329 330 330 330 331 331 331 331 332 333 333 334 334 334 335 335 335 335 336 336 336 336 337 337 337 337 338 338 338 338 339 339 339 339 339 339 339
550 551 551 552 552 553 553 310 310 310 310 310 310 311 311 312 312 312 313 313 314 314 315 315 315 316 316 316 317 317 317 318 318 318 319 319 319 320 320 320 320 321 322 322 322 324 324 324 325 325 326 327 327 327 328 328 329 330 330 330 331 331 331 332 333 333 334 334 334 334 335 335 335 336 336 336 336 337 337 337 337 338 338 338 338 339 339 339 339 340 340 340 340 340
