testData/tiles/oneDegreeCosts/grid2.0-14.0-3.0-15.0.asc
ncols   200
nrows   200
xllcorner   2.0
yllcorner   14.0
cellsize   0.005
NODATA_value   -9999.0
[rows 0 to 41 of 200, columns 94 to 187 of 200]
858 857 857 857 857 857 857 857 857 857 856 855 855 855 854 853 852 852 851 849 849 848 847 846 844 843 842 841 839 838 837 835 833 833 832 830 829 826 824 822 820 817 815 813 811 807 805 802 800 796 793 790 786 782 778 773 769 765 764 764 764 764 763 763 763 763 674 674 674 674 673 673 673 673 672 672 672 672 671 671 671 671 670 670 670 670 669 669 669 669 668 668 668 668
858 858 858 858 858 857 857 857 856 855 855 855 855 855 853 853 852 852 850 850 849 848 847 845 845 844 843 840 839 838 837 836 833 832 832 831 828 826 825 823 820 818 816 814 810 808 805 803 800 795 792 789 786 781 778 774 770 764 764 764 764 763 763 763 763 762 674 674 674 673 673 673 673 672 672 672 672 671 671 671 671 670 670 670 670 669 669 669 669 668 668 668 668 667
858 858 858 858 857 857 857 857 857 855 855 855 855 853 853 852 852 851 850 850 849 848 847 846 845 844 842 841 840 838 837 835 834 832 831 830 828 827 825 822 820 818 815 813 810 807 805 802 798 796 793 789 785 782 778 774 769 765 764 764 763 763 763 763 762 762 762 674 674 673 673 673 673 672 672 672 672 671 671 671 671 670 670 670 670 669 669 669 669 668 668 668 668 667
858 858 858 857 857 857 857 857 856 856 855 855 854 853 853 853 852 850 850 849 848 847 846 845 844 843 841 840 839 838 836 834 833 831 829 828 828 826 824 821 820 818 815 812 810 808 805 802 799 796 793 789 786 782 779 775 770 765 764 764 763 763 763 763 762 762 762 674 673 673 673 673 672 672 672 672 671 671 671 671 670 670 670 670 669 669 669 669 668 668 668 668 667 667
858 858 858 858 858 858 857 856 856 856 856 854 854 854 853 853 851 851 850 849 848 847 846 845 844 842 841 840 839 837 836 835 833 832 829 828 826 824 824 822 820 818 815 813 810 808 805 802 799 796 793 789 786 783 779 774 770 766 764 763 763 763 763 762 762 762 762 673 673 673 673 672 672 672 672 671 671 671 671 671 670 670 670 670 669 669 669 669 668 668 668 668 667 667
858 858 858 858 858 858 857 857 856 856 856 855 854 854 854 852 852 851 850 850 848 847 847 846 844 843 842 841 839 837 836 835 833 831 830 828 826 824 822 822 820 817 815 813 811 808 805 802 800 797 793 790 787 783 778 775 771 766 763 763 763 763 762 762 762 762 762 673 673 673 673 672 672 672 672 671 671 671 671 670 670 670 670 669 669 669 669 668 668 668 668 667 667 667
858 858 858 858 858 857 857 857 857 857 855 855 855 854 853 852 852 851 851 849 848 848 847 845 844 843 842 841 839 838 836 835 833 831 830 828 826 824 822 821 821 818 815 813 811 808 805 803 800 796 793 790 787 783 779 775 771 767 763 763 763 763 762 762 762 762 761 673 673 673 672 672 672 672 671 671 671 671 670 670 670 670 669 669 669 669 668 668 668 668 667 667 667 667
858 858 858 858 857 857 857 857 857 856 856 855 855 854 853 853 852 852 850 849 849 848 846 845 844 843 842 840 839 838 837 834 833 832 830 829 826 824 823 821 818 818 816 814 810 808 806 803 799 797 794 791 787 783 779 776 772 766 763 763 763 762 762 762 762 761 761 673 673 672 672 672 672 672 671 671 671 671 670 670 670 670 669 669 669 669 668 668 668 668 667 667 667 667
858 858 859 858 858 858 858 857 856 856 856 856 855 854 853 853 852 851 850 850 849 848 846 846 845 844 842 841 839 838 836 835 833 832 831 828 826 825 823 820 818 816 816 813 811 808 806 803 800 797 794 791 787 783 780 776 771 767 763 763 762 762 762 762 762 761 761 673 673 672 672 672 672 671 671 671 671 670 670 670 670 669 669 669 669 668 668 668 668 667 667 667 667 666
859 859 858 858 858 858 858 857 857 856 856 856 855 854 854 853 852 851 851 850 849 847 847 846 845 843 842 841 840 839 836 835 834 832 830 828 827 825 822 820 819 817 815 813 811 809 806 803 800 797 794 790 787 784 780 777 772 767 763 763 762 762 762 762 761 761 761 673 672 672 672 672 671 671 671 671 670 670 670 670 669 669 669 669 669 668 668 668 668 667 667 667 667 666
859 858 858 858 858 858 857 857 857 857 856 855 855 854 854 853 852 851 851 850 848 848 847 846 844 843 842 841 840 838 837 835 834 832 830 829 827 825 823 821 819 817 814 812 809 809 806 803 801 798 795 791 788 784 781 776 772 768 763 762 762 762 762 761 761 761 761 672 672 672 672 672 671 671 671 671 670 670 670 670 669 669 669 669 668 668 668 668 667 667 667 667 666 666
858 858 858 858 858 857 857 857 857 857 856 855 855 855 853 853 852 852 851 849 849 848 847 846 844 844 843 841 839 838 837 836 833 832 830 829 827 825 823 821 819 816 814 812 810 808 806 804 801 798 794 791 788 785 780 776 773 768 763 762 762 762 762 761 761 761 761 672 672 672 672 671 671 671 671 670 670 670 670 669 669 669 669 668 668 668 668 667 667 667 667 666 666 666
858 859 859 859 858 858 858 858 857 856 856 856 855 855 854 853 853 852 850 850 849 848 847 846 845 844 843 841 840 838 837 836 834 832 831 829 827 825 823 821 819 817 815 812 810 807 804 804 801 798 795 792 788 784 781 777 773 769 763 762 762 762 761 761 761 761 760 760 672 672 671 671 671 671 670 670 670 670 669 669 669 669 669 668 668 668 668 667 667 667 667 666 666 666
859 859 859 858 858 858 858 858 857 856 856 856 856 854 854 853 853 851 851 850 849 849 847 846 845 844 842 841 840 839 838 835 834 833 831 829 827 825 824 822 819 817 815 813 810 807 805 802 801 798 795 792 789 785 781 777 773 768 764 762 762 761 761 761 761 760 760 760 672 671 671 671 671 671 670 670 670 670 669 669 669 669 668 668 668 668 667 667 667 667 666 666 666 666
859 859 858 858 858 858 858 857 857 857 856 856 855 854 854 854 852 852 851 850 850 848 847 846 845 843 842 841 840 839 837 836 834 833 830 829 827 826 824 821 819 817 815 812 810 808 805 803 799 798 795 792 788 785 781 778 773 769 764 762 761 761 761 761 761 760 760 760 672 671 671 671 671 670 670 670 670 669 669 669 669 668 668 668 668 667 667 667 667 666 666 666 666 666
859 858 858 859 859 859 857 857 857 857 857 855 855 855 854 853 852 852 851 851 849 848 847 846 846 844 843 842 840 838 837 836 834 833 831 829 828 826 823 821 819 818 815 812 810 808 805 802 799 797 794 792 789 785 782 777 773 769 765 762 761 761 761 761 760 760 760 760 671 671 671 671 670 670 670 670 669 669 669 669 669 668 668 668 668 667 667 667 667 666 666 666 666 665
859 859 859 859 859 858 858 858 857 857 856 856 855 855 855 853 853 852 851 850 849 848 848 847 845 844 843 842 840 839 837 836 835 832 831 829 828 825 823 822 820 818 815 813 811 808 805 802 800 797 793 790 789 786 782 778 774 770 765 761 761 761 761 760 760 760 760 759 671 671 671 671 670 670 670 670 669 669 669 669 668 668 668 668 667 667 667 667 666 666 666 666 665 665
859 859 859 859 858 858 858 858 858 856 856 856 856 855 854 853 853 852 851 850 849 849 848 846 845 844 843 841 840 839 838 836 834 833 831 830 827 825 824 822 820 817 815 813 811 808 805 803 800 797 794 791 787 786 782 778 774 770 765 761 761 761 760 760 760 760 760 759 671 671 671 670 670 670 670 669 669 669 669 668 668 668 668 667 667 667 667 667 666 666 666 666 665 665
859 859 859 858 858 858 858 858 857 857 857 856 856 855 854 854 853 852 851 850 850 849 847 846 845 844 843 841 840 839 838 836 834 833 832 830 827 826 824 822 819 817 815 813 810 808 806 803 800 797 794 791 788 784 782 779 775 770 765 761 761 761 760 760 760 760 759 759 671 671 670 670 670 670 669 669 669 669 669 668 668 668 668 667 667 667 667 666 666 666 666 665 665 665
859 859 859 859 859 859 858 857 857 857 857 856 855 855 854 854 852 852 851 851 850 848 847 847 846 845 843 842 841 839 837 836 835 833 832 829 828 826 824 822 820 818 816 814 811 808 806 803 800 797 794 791 787 784 781 777 775 770 766 761 761 760 760 760 760 759 759 759 671 670 670 670 670 670 669 669 669 669 668 668 668 668 667 667 667 667 666 666 666 666 665 665 665 665
859 859 859 859 859 859 858 858 857 857 857 856 855 855 855 854 853 852 852 851 849 848 848 847 846 844 843 842 841 839 837 836 835 834 831 830 828 826 824 822 820 818 816 813 811 809 806 803 800 797 795 792 788 784 781 777 773 771 766 762 760 760 760 760 759 759 759 759 671 670 670 670 670 669 669 669 669 668 668 668 668 667 667 667 667 667 666 666 666 666 665 665 665 665
859 859 859 859 859 858 858 858 858 858 856 856 856 855 855 853 853 852 852 850 849 849 848 847 845 844 843 842 841 839 838 837 835 833 831 830 828 827 824 822 820 818 815 813 811 809 806 803 800 798 795 791 788 785 781 777 773 769 767 761 760 760 760 760 759 759 759 759 670 670 670 670 669 669 669 669 668 668 668 668 668 667 667 667 667 666 666 666 666 665 665 665 665 664
859 859 859 859 858 858 858 858 858 857 857 856 856 856 854 854 853 853 851 850 850 849 848 846 845 845 844 842 840 839 838 837 834 833 832 830 829 826 824 822 821 818 816 814 811 809 806 803 801 798 794 791 788 785 781 777 773 770 765 760 760 760 760 759 759 759 759 758 670 670 670 670 669 669 669 669 668 668 668 668 667 667 667 667 666 666 666 666 665 665 665 665 664 664
859 859 859 859 859 859 858 858 857 857 857 856 856 855 854 854 853 852 851 851 850 849 847 847 846 845 844 842 841 840 838 836 835 833 832 830 828 826 825 823 820 818 816 814 812 809 806 804 801 798 795 792 789 786 781 778 774 770 765 760 758 760 759 759 759 759 759 758 758 670 670 669 669 669 669 668 668 668 668 667 667 667 667 666 666 666 666 666 665 665 665 665 664 664
859 860 859 859 859 859 859 858 857 857 857 857 855 855 855 854 853 852 852 851 850 848 848 847 846 845 843 842 841 840 838 836 835 834 832 830 828 827 825 823 820 818 816 814 811 809 807 804 801 798 795 792 789 785 782 778 774 769 765 761 758 758 759 759 759 759 758 758 758 670 669 669 669 669 668 668 668 668 668 667 667 667 667 666 666 666 666 665 665 665 665 664 664 664
860 859 859 859 859 859 858 858 858 858 857 856 856 855 855 854 853 852 852 851 849 849 848 847 846 844 843 842 841 840 838 837 835 834 831 830 828 827 825 822 821 819 817 814 811 809 807 804 801 798 795 793 788 785 782 778 774 770 766 761 758 757 757 757 759 758 758 758 758 669 669 669 669 669 668 668 668 668 667 667 667 667 666 666 666 666 665 665 665 665 664 664 664 664
859 859 859 859 859 858 858 858 858 858 857 856 856 856 855 854 853 853 852 850 850 849 848 847 845 845 844 843 841 839 838 837 836 833 832 830 829 827 824 823 821 819 816 814 812 809 807 804 801 799 796 792 789 786 782 779 774 770 766 762 757 757 757 757 756 758 758 758 758 669 669 669 669 668 668 668 668 667 667 667 667 666 666 666 666 666 665 665 665 665 664 664 664 664
859 859 859 860 859 859 858 858 858 857 857 856 856 856 854 854 853 853 851 851 850 849 848 847 846 845 844 843 841 840 838 837 835 833 832 831 829 826 825 823 821 818 816 814 812 810 806 804 802 799 795 792 789 786 783 778 775 771 767 761 757 757 757 757 756 756 758 758 757 669 669 669 668 668 668 668 667 667 667 667 667 666 666 666 666 665 665 665 665 664 664 664 664 663
859 860 860 859 859 859 859 859 857 857 857 857 856 855 855 854 854 852 852 851 850 849 848 847 846 845 844 842 841 840 839 836 835 834 832 831 828 827 825 823 821 819 817 814 812 809 807 804 802 799 795 793 790 786 782 779 775 771 766 762 757 757 757 756 756 756 756 755 757 669 669 668 668 668 668 668 667 667 667 667 666 666 666 666 665 665 665 665 664 664 664 664 664 663
860 860 859 859 859 859 859 858 858 857 857 857 856 855 855 854 853 852 852 851 850 849 848 847 846 845 843 842 841 840 839 837 835 834 833 830 829 827 825 824 821 819 817 815 812 809 807 805 802 799 796 793 790 786 782 779 775 772 766 762 757 757 756 756 756 756 755 755 755 669 669 668 668 668 668 667 667 667 667 666 666 666 666 665 665 665 665 665 664 664 664 664 663 663
860 859 859 859 859 859 858 858 858 858 857 856 856 855 855 854 853 853 852 851 850 849 848 847 846 845 844 843 841 840 838 837 836 834 832 830 829 827 826 823 821 819 817 814 812 810 807 805 801 799 796 793 789 786 783 779 776 771 767 763 758 756 756 756 756 756 755 755 755 667 668 668 668 668 667 667 667 667 666 666 666 666 666 665 665 665 665 664 664 664 664 663 663 663
859 859 859 859 859 858 858 858 858 858 857 856 856 856 854 854 853 853 852 851 850 849 848 848 846 845 844 843 842 840 838 837 836 834 832 831 829 827 825 823 821 819 817 814 812 810 808 804 802 799 796 794 790 787 783 780 775 771 767 763 757 756 756 756 756 755 755 755 755 666 666 666 668 667 667 667 667 667 666 666 666 666 665 665 665 665 664 664 664 664 663 663 663 663
859 860 860 860 859 859 859 859 858 857 857 857 856 855 855 854 854 853 851 851 850 849 849 847 846 845 844 843 841 840 839 837 835 834 832 831 829 827 825 823 822 820 817 815 813 810 807 805 802 800 797 793 790 787 784 779 776 772 768 763 758 756 756 756 755 755 755 755 754 666 666 666 666 667 667 667 667 666 666 666 666 665 665 665 665 664 664 664 664 664 663 663 663 663
860 860 860 859 859 859 859 859 858 857 857 857 856 855 855 854 854 852 852 851 850 850 848 847 846 845 844 842 841 840 839 838 835 834 833 831 829 827 825 824 822 819 817 815 813 810 807 805 802 800 796 793 790 787 783 780 776 772 768 763 758 756 756 755 755 755 755 755 754 666 666 666 665 665 667 667 666 666 666 666 666 665 665 665 665 664 664 664 664 663 663 663 663 662
860 859 859 859 859 859 858 858 858 858 857 856 856 855 855 855 853 853 852 851 851 849 848 847 846 846 844 843 841 840 839 837 836 834 833 830 829 827 826 824 821 819 817 815 812 810 808 805 803 799 796 794 791 788 783 780 776 773 768 763 759 756 755 755 755 755 755 754 754 754 666 665 665 665 665 664 666 666 666 666 665 665 665 665 664 664 664 664 663 663 663 663 663 662
859 859 859 859 859 858 858 858 858 858 857 856 856 856 855 854 853 853 852 852 850 849 848 848 847 845 844 843 842 841 838 837 836 835 832 831 829 828 826 823 821 820 818 816 812 810 808 806 802 799 797 794 791 787 784 780 777 772 768 764 759 756 755 755 755 755 754 754 754 754 665 665 665 665 665 664 664 666 666 665 665 665 665 664 664 664 664 664 663 663 663 663 662 662
859 859 860 860 859 859 859 858 858 857 857 857 856 856 854 854 854 853 852 851 850 849 849 848 846 845 844 843 842 840 839 837 836 834 832 831 829 828 825 823 822 820 818 815 813 811 808 805 802 800 797 794 790 787 784 781 776 772 768 764 760 755 755 755 755 754 754 754 754 754 665 665 665 665 664 664 664 664 663 665 665 665 665 664 664 664 664 663 663 663 663 662 662 662
860 860 860 859 859 859 859 859 858 857 857 857 856 855 855 854 854 853 852 851 850 850 849 847 846 845 844 843 841 840 839 838 836 834 833 831 830 827 825 824 822 820 817 815 813 811 808 805 803 800 797 794 791 788 784 780 776 773 769 765 759 755 755 755 754 754 754 754 754 753 665 665 665 664 664 664 664 663 663 663 665 665 664 664 664 664 663 663 663 663 662 662 662 662
860 860 859 859 859 859 859 858 858 858 857 857 856 855 855 854 854 852 852 851 851 850 848 847 846 845 845 843 841 840 839 838 836 834 833 831 829 827 826 824 822 819 817 815 813 811 808 805 803 800 797 794 791 788 785 780 777 773 769 764 760 755 755 755 754 754 754 754 753 753 665 665 664 664 664 664 664 663 663 663 663 662 664 664 664 663 663 663 663 663 662 662 662 662
860 859 859 859 859 859 858 858 858 858 858 856 856 856 855 855 853 853 852 851 851 849 848 847 847 846 844 843 842 841 839 837 836 835 833 831 829 828 826 824 821 820 818 816 814 810 808 806 803 800 797 794 791 788 784 781 777 773 769 764 760 755 755 754 754 754 754 753 753 753 665 665 664 664 664 664 663 663 663 663 662 662 662 664 664 663 663 663 663 662 662 662 662 661
859 859 859 859 860 858 858 858 858 858 857 856 856 856 855 854 853 853 852 852 850 849 849 848 847 845 844 843 842 841 839 837 836 835 832 831 829 828 826 823 822 820 818 816 813 811 808 806 803 800 797 795 792 788 784 781 778 773 769 765 760 756 754 754 754 754 753 753 753 753 665 664 664 664 664 663 663 663 663 663 662 662 662 662 661 663 663 663 662 662 662 662 661 661
859 860 860 860 859 859 859 859 858 857 857 857 856 856 855 854 854 853 853 851 850 850 849 848 846 845 844 843 842 840 839 838 836 834 833 831 830 828 825 824 822 820 818 815 813 811 809 805 803 800 798 795 791 788 785 781 778 773 769 765 761 755 754 754 754 754 753 753 753 753 664 664 664 664 663 663 663 663 663 662 662 662 662 661 661 661 663 662 662 662 662 662 661 661
