testData/tiles/oneDegreeCosts/grid11.0-6.0-12.0-7.0.asc
ncols   200
nrows   200
xllcorner   11.0
yllcorner   6.0
cellsize   0.005
NODATA_value   -9999.0
[rows 126 to 167 of 200, columns 94 to 187 of 200]
898 897 896 895 893 893 890 889 887 886 884 883 881 879 877 875 873 871 868 865 864 860 857 853 849 845 843 839 834 828 828 828 828 828 828 828 828 828 828 828 828 828 828 828 828 828 828 828 828 828 828 828 828 828 828 828 828 828 828 828 828 828 828 828 828 828 828 828 828 828 828 828 828 828 828 828 828 828 828 828 828 828 828 828 828 828 828 865 865 865 865 865 865 865
898 896 896 894 893 891 890 889 888 886 885 883 881 879 877 875 873 871 868 865 863 859 856 854 850 847 843 838 833 828 828 828 828 828 828 828 828 828 828 828 828 828 828 828 828 828 828 828 828 828 828 828 828 828 828 828 828 828 828 828 828 828 828 828 828 828 828 828 828 828 828 828 828 828 828 828 828 828 828 828 828 828 828 830 830 831 829 909 909 909 909 909 908 909
897 897 895 894 893 892 891 889 887 886 885 883 881 879 877 875 872 870 867 865 863 860 857 853 851 847 842 838 833 828 828 828 828 828 828 828 828 828 828 828 828 828 828 828 828 828 828 828 828 828 828 828 828 828 828 828 828 828 828 828 828 828 828 828 828 828 828 828 828 828 828 828 828 828 828 828 828 828 828 829 829 830 830 830 830 830 831 831 910 908 909 908 909 909
896 896 895 894 892 892 890 889 887 886 883 882 880 878 877 874 872 870 868 866 863 859 856 854 850 846 842 838 833 829 828 828 828 828 828 828 828 828 828 828 828 828 828 828 828 828 828 828 828 828 828 828 828 828 828 828 828 828 828 828 828 828 828 828 828 828 828 831 828 828 828 828 828 828 828 828 829 829 828 829 829 829 830 829 829 830 830 830 909 908 908 908 908 999
898 896 895 893 894 892 889 888 886 886 884 882 880 878 877 875 872 870 868 865 863 859 856 853 850 846 842 838 835 829 828 828 828 828 828 828 828 828 828 828 828 828 828 828 828 828 828 828 828 828 828 828 828 828 828 828 828 828 828 828 828 830 831 830 829 830 830 831 828 828 828 828 828 828 828 828 828 828 828 828 829 828 829 829 829 830 830 830 908 908 907 908 908 1000
897 895 894 893 892 890 889 888 887 885 883 882 881 879 877 874 872 870 867 865 862 858 856 854 850 846 842 838 834 829 828 828 828 828 828 828 828 828 828 828 828 828 828 828 828 828 828 828 828 828 828 828 828 828 828 828 828 828 828 829 830 830 830 829 829 829 830 831 828 828 828 828 828 828 828 828 828 828 828 828 828 828 828 830 829 830 829 829 907 908 907 908 998 999
896 895 894 893 892 891 889 888 886 886 884 882 880 877 876 874 871 870 867 864 862 859 857 853 850 846 842 839 834 829 828 828 828 828 828 828 828 828 828 828 828 828 828 828 828 828 828 828 828 828 828 828 828 828 828 828 828 828 828 829 830 830 830 830 828 828 829 830 828 828 828 828 828 828 828 828 828 828 828 828 828 828 829 829 828 828 829 829 908 907 907 907 999 999
896 895 895 893 892 890 889 889 888 885 883 883 881 879 876 874 873 870 867 864 862 859 856 852 849 846 843 838 834 829 828 828 828 828 828 828 828 828 828 828 828 828 828 828 828 828 828 828 828 828 828 828 828 828 828 828 828 828 828 828 829 828 829 828 828 829 829 830 828 828 828 828 828 828 828 828 828 828 828 828 828 828 828 828 829 828 828 828 906 906 907 998 998 998
896 895 894 893 891 890 890 888 886 885 883 882 880 878 877 875 873 870 868 863 862 859 856 852 849 845 842 838 834 829 828 828 828 828 828 828 828 828 828 828 828 828 828 828 828 828 828 828 828 828 828 828 828 828 828 828 828 828 828 828 828 828 829 829 828 828 829 828 828 828 828 828 828 828 828 828 828 828 828 828 828 828 828 828 828 828 828 828 906 906 907 998 997 998
894 894 894 892 891 890 890 888 887 885 884 883 881 878 876 874 871 870 867 864 862 858 855 852 849 847 843 838 833 828 828 828 828 828 828 828 828 828 828 828 828 828 828 828 828 828 828 828 828 828 828 828 828 828 828 828 828 828 828 828 828 828 828 829 828 828 828 829 828 828 828 828 828 828 828 828 828 828 828 828 828 828 828 828 828 828 828 828 905 907 907 997 997 997
895 894 894 892 892 891 889 888 886 886 883 881 879 877 877 874 872 869 867 865 863 860 857 852 849 845 841 837 834 829 828 828 828 828 828 865 828 828 828 828 828 828 828 828 828 828 828 828 828 828 828 828 828 828 828 828 828 828 828 828 828 828 828 828 828 828 828 828 828 828 828 828 828 828 828 828 828 828 828 828 828 828 828 828 828 828 828 828 907 907 998 997 998 999
895 895 894 893 892 890 889 887 885 884 882 881 879 877 876 874 871 870 867 865 861 858 855 852 849 846 842 838 833 829 828 863 856 857 857 865 828 828 828 828 828 828 828 828 828 828 828 828 828 828 828 828 828 828 828 828 828 828 828 828 828 828 828 828 828 828 828 828 828 828 828 828 828 828 828 828 828 828 828 828 828 828 828 828 829 829 829 829 908 908 1000 1000 999 999
895 894 893 891 891 890 888 886 886 885 883 881 879 878 876 874 871 868 866 864 861 859 856 853 850 845 841 838 880 874 869 863 857 857 857 864 828 828 828 828 828 828 828 828 828 828 828 828 828 828 828 828 828 828 828 828 828 828 828 828 828 828 828 828 828 828 828 828 828 828 828 828 828 828 828 828 828 828 828 829 829 829 829 830 830 830 831 831 910 1001 1001 1000 1001 947
895 894 893 892 891 889 889 887 886 884 882 880 879 877 875 872 870 869 867 864 861 858 856 853 850 891 886 882 878 874 869 863 857 857 857 864 863 828 828 828 828 828 828 828 828 828 828 828 828 828 828 828 828 828 828 828 828 828 828 828 828 828 828 828 828 828 828 828 828 828 828 828 828 828 828 828 828 829 831 830 830 830 831 831 832 834 832 833 911 1003 1003 1003 947 947
895 894 892 892 891 889 887 886 884 883 882 880 878 876 875 873 870 869 866 864 861 858 901 897 894 890 886 882 878 874 869 864 857 857 857 862 862 828 828 828 828 828 828 828 828 828 828 828 828 828 828 828 828 828 828 828 828 828 828 828 828 828 828 828 829 829 829 831 828 828 828 828 828 829 828 829 830 831 832 832 831 832 832 833 834 835 833 834 926 1004 1004 947 947 947
893 893 893 891 889 888 887 886 885 883 881 881 879 877 875 872 870 867 866 908 905 903 900 897 893 891 887 884 879 873 868 862 857 857 857 862 862 828 828 828 828 828 828 828 828 828 828 828 828 828 828 828 828 828 828 828 828 828 828 828 829 830 830 830 830 831 831 833 828 828 828 828 828 830 831 831 832 833 832 833 832 833 834 836 835 835 835 835 928 947 947 947 947 947
894 892 892 890 890 888 888 886 884 883 880 879 877 875 874 873 915 913 910 907 905 904 901 897 893 889 887 883 878 874 869 863 858 857 857 861 860 828 828 828 828 828 828 828 828 828 828 828 828 828 828 828 828 828 828 828 828 828 830 829 830 831 831 831 831 833 833 834 828 829 829 830 830 833 832 832 832 834 834 835 834 835 836 836 837 837 837 837 870 947 948 948 949 948
893 894 892 891 888 888 887 885 883 882 881 879 878 875 918 917 915 912 911 908 905 902 899 896 892 891 887 883 879 874 868 864 857 857 857 860 860 828 828 828 828 828 828 828 828 828 828 828 828 828 828 828 828 828 828 828 829 831 831 831 831 832 833 834 834 835 835 835 828 829 830 831 832 833 833 834 834 835 835 836 836 836 837 838 839 838 828 869 870 949 950 950 949 950
893 892 890 889 888 888 886 884 883 883 881 924 922 920 919 916 914 911 909 907 904 903 899 896 893 890 887 882 877 873 869 864 858 857 857 859 860 828 828 828 828 828 828 828 828 828 828 828 828 828 828 828 828 828 829 831 832 831 831 832 834 833 834 834 834 835 837 837 830 831 832 832 834 834 834 835 835 835 837 837 839 838 838 838 839 828 828 872 871 949 950 951 951 952
893 892 891 889 889 887 887 885 883 926 924 922 921 919 918 916 913 911 909 908 905 902 899 895 892 890 886 882 878 873 870 863 857 857 857 857 859 828 828 828 828 828 828 828 828 828 828 828 828 828 828 828 828 828 829 832 833 834 833 834 835 835 835 836 837 837 838 838 830 831 833 834 835 836 835 836 837 837 837 838 840 839 839 828 828 828 828 872 872 952 952 952 951 951
893 892 889 888 888 887 930 928 927 927 925 923 921 920 917 916 914 911 909 906 903 900 898 896 893 889 886 882 877 874 869 864 857 857 857 860 861 828 828 828 828 828 828 828 828 828 828 828 828 828 828 828 828 830 830 832 834 835 835 834 835 836 837 837 838 838 838 838 833 833 835 837 836 836 837 836 838 838 838 840 840 828 828 828 828 828 874 873 875 953 953 953 954 953
891 891 889 889 932 931 930 928 928 926 924 922 920 919 917 914 912 910 909 906 904 901 898 896 892 888 885 881 878 874 870 866 859 857 857 861 861 828 828 828 828 828 828 828 828 828 828 828 828 828 828 829 830 832 833 833 835 836 836 836 837 838 839 838 838 840 840 839 833 835 835 836 837 838 839 838 838 839 840 841 828 828 828 828 828 828 875 875 875 953 954 954 955 953
892 935 934 933 933 931 929 928 926 925 923 921 920 918 916 915 912 911 909 906 903 899 898 895 892 888 885 882 880 876 871 868 863 857 857 863 863 864 828 828 828 828 828 828 828 828 828 828 828 828 829 829 830 832 834 835 836 837 837 837 837 838 839 840 839 840 841 841 834 836 837 838 838 838 839 839 839 841 828 828 828 828 828 828 828 874 877 876 876 877 955 955 955 954
935 934 934 933 931 929 929 928 926 925 923 922 921 919 916 913 912 909 908 905 903 900 898 895 892 890 888 885 881 878 873 869 864 858 857 864 864 865 828 828 828 828 828 828 828 828 828 828 828 829 830 831 832 834 836 837 837 838 838 838 841 840 841 840 841 840 841 843 836 837 837 838 839 840 840 840 842 828 828 828 828 828 828 828 828 877 877 877 877 877 956 956 956 956
935 934 933 933 931 930 929 927 926 924 922 921 919 917 915 914 912 910 907 905 902 901 900 897 894 891 889 887 883 879 876 871 868 862 857 865 865 866 828 828 828 828 828 828 828 828 828 828 829 829 831 832 833 834 835 837 838 839 839 840 840 841 841 841 841 842 843 844 837 838 839 838 839 841 840 828 828 828 828 828 828 828 828 828 828 879 878 879 877 878 956 957 956 956
934 934 933 931 930 928 928 927 925 923 922 920 919 917 915 914 912 908 908 906 903 902 900 898 896 893 891 889 885 881 877 872 869 863 858 865 866 867 828 828 828 828 828 828 828 828 829 830 831 830 831 834 835 837 837 838 840 840 840 842 842 842 843 843 841 842 843 845 838 838 839 840 840 828 828 828 828 828 828 828 828 828 828 828 878 878 879 879 879 878 958 957 958 957
934 933 932 931 930 929 928 926 924 924 923 920 918 916 914 914 912 911 909 907 907 904 903 901 898 895 893 890 886 882 878 875 871 865 861 866 867 868 828 828 828 828 828 828 828 828 828 830 831 833 832 834 836 836 838 838 839 840 842 843 842 842 843 843 843 844 846 846 839 840 840 828 828 828 828 828 828 828 828 828 828 828 828 828 879 880 881 880 879 879 958 958 958 958
934 934 932 930 929 928 927 925 924 923 921 919 918 917 917 916 914 913 910 910 908 906 903 901 899 897 894 892 888 885 879 876 872 866 861 867 868 869 828 828 828 828 828 828 828 829 830 832 833 833 835 835 836 838 839 840 841 842 842 844 843 843 844 844 843 844 846 846 840 840 828 828 828 828 828 828 828 828 828 828 828 828 828 828 879 879 880 880 880 880 958 958 960 959
933 932 931 930 930 928 926 925 923 923 922 921 919 917 917 917 916 914 912 911 909 908 905 904 902 898 895 892 889 885 882 878 873 869 862 870 869 870 828 828 828 828 828 828 828 828 830 831 833 835 835 837 837 838 839 840 842 843 843 844 844 843 844 844 846 846 847 848 828 828 828 828 828 828 828 828 828 828 828 828 828 828 828 879 880 881 881 882 880 881 959 961 960 961
933 932 931 930 929 926 926 924 924 923 923 922 922 922 920 918 917 916 914 914 911 908 906 904 902 899 897 893 891 888 884 879 874 869 863 871 870 870 828 828 828 828 828 828 829 831 832 833 835 836 836 837 838 839 840 841 844 845 843 845 846 844 844 846 846 845 828 828 828 828 828 828 828 828 828 828 828 828 828 828 828 828 828 881 880 881 881 882 881 882 960 960 960 961
932 930 930 930 928 928 927 925 926 926 925 924 924 922 920 920 918 917 915 914 912 909 908 907 904 902 897 895 892 888 885 880 876 870 873 872 872 871 828 828 828 828 828 828 829 831 832 833 835 836 837 839 839 840 840 842 843 844 845 845 846 846 845 846 828 828 828 828 828 828 828 828 828 828 828 828 828 828 828 828 828 828 881 881 881 882 882 882 881 882 883 962 961 962
931 931 930 930 929 929 928 929 928 926 925 924 925 924 922 921 920 918 917 916 913 911 910 907 905 902 899 896 894 891 887 883 877 872 872 872 872 872 872 828 828 828 828 828 830 832 833 836 837 838 838 838 839 841 843 843 845 846 845 845 846 845 828 828 828 828 828 828 828 828 828 828 828 828 828 828 828 828 828 828 828 828 882 882 881 881 882 883 885 884 884 961 962 962
931 931 931 931 931 930 931 930 929 928 928 928 927 925 923 921 922 920 918 917 914 912 910 909 907 904 900 897 895 891 887 882 878 872 872 873 874 872 873 828 828 828 828 829 830 832 834 835 836 838 839 838 840 841 842 844 844 845 846 847 847 828 828 828 828 828 828 828 828 828 828 828 828 828 828 828 828 828 828 828 828 828 882 882 883 883 884 883 884 884 884 962 962 962
932 933 933 932 932 931 932 931 930 929 928 928 928 926 925 924 922 921 920 918 915 915 912 910 907 904 901 899 895 893 889 885 879 875 872 873 873 873 873 828 828 828 828 829 830 832 835 837 838 839 840 840 840 842 844 845 846 846 845 828 828 828 828 828 828 828 828 828 828 828 828 828 828 828 828 828 828 828 828 828 828 882 884 883 883 883 883 884 885 884 884 962 963 963
934 935 933 934 933 934 933 932 931 931 931 930 928 927 925 924 924 922 920 918 917 915 913 910 909 906 903 899 897 893 889 884 881 876 872 874 875 874 874 828 828 828 829 831 832 835 836 836 837 839 840 840 843 843 843 844 846 828 828 828 828 828 828 828 828 828 828 828 828 828 828 828 828 828 828 828 828 828 828 828 828 882 883 883 883 884 884 884 884 885 885 964 963 964
936 937 935 935 935 935 934 934 932 931 931 930 930 929 927 926 925 923 921 920 918 916 913 911 908 906 904 901 898 895 891 886 882 877 872 874 874 875 875 828 828 828 829 830 831 835 836 837 838 839 839 841 842 843 843 828 828 828 828 828 828 828 828 828 828 828 828 828 828 828 828 828 828 828 828 828 828 828 828 828 828 884 884 883 883 884 885 886 886 885 885 963 963 964
937 937 936 936 937 936 936 934 933 935 934 932 931 929 928 927 925 924 923 920 919 917 915 912 911 908 905 901 899 894 891 888 883 878 873 874 875 876 876 828 828 828 830 831 834 835 836 838 839 839 841 843 843 828 828 828 828 828 828 828 828 828 828 828 828 828 828 828 828 828 828 828 828 828 828 828 828 828 828 828 882 883 883 883 885 886 885 885 886 885 886 963 964 964
939 938 938 938 938 937 936 935 935 934 933 932 931 930 930 928 927 925 923 921 920 918 915 913 910 909 905 903 899 896 893 889 884 880 874 875 875 876 878 828 828 828 830 832 833 835 837 838 839 840 842 828 828 828 828 828 828 828 828 828 828 828 828 828 828 828 828 828 828 828 828 828 828 828 828 828 828 828 828 828 883 884 885 884 885 885 886 886 886 885 885 885 964 964
939 939 938 940 939 938 937 937 936 936 935 933 932 932 929 928 928 926 924 923 921 918 917 914 912 909 907 903 900 896 894 890 886 880 874 875 875 877 878 828 828 829 832 834 834 836 837 838 840 828 828 828 828 828 828 828 828 828 828 828 828 828 828 828 828 828 828 828 828 828 828 828 828 828 828 828 828 828 828 828 883 884 885 885 886 885 886 886 886 885 885 886 965 966
940 941 941 940 939 938 939 937 937 936 935 934 933 933 932 930 928 927 925 923 921 920 917 915 913 911 907 905 901 898 895 891 886 881 876 876 877 877 878 828 828 828 832 833 835 837 837 828 828 828 828 828 828 828 828 828 828 828 828 828 828 828 828 828 828 828 828 828 828 828 828 828 828 828 828 828 828 828 828 883 885 885 886 885 885 885 886 886 886 887 886 887 965 965
942 941 941 940 941 940 939 939 939 937 936 935 934 933 931 930 929 928 927 924 923 920 918 915 913 911 909 905 902 899 895 892 887 882 876 878 877 877 878 828 828 831 833 833 828 828 828 828 828 828 828 828 828 828 828 828 828 828 828 828 828 828 828 828 828 828 828 828 828 828 828 828 828 828 828 828 828 828 828 883 884 885 886 887 885 886 886 886 887 886 886 888 966 966
942 941 942 942 941 940 939 940 939 938 936 935 935 934 933 931 929 929 926 925 922 921 920 918 915 912 909 906 903 899 896 892 888 883 878 880 877 879 879 881 828 830 828 828 828 828 828 828 828 828 828 828 828 828 828 828 828 828 828 828 828 828 828 828 828 828 828 828 828 828 828 828 828 828 828 828 828 828 828 884 885 886 886 886 885 886 886 887 887 888 887 887 965 966
