testData/tiles/oneDegreeCosts/grid42.0-2.0-43.0-3.0.asc
ncols   200
nrows   200
xllcorner   42.0
yllcorner   2.0
cellsize   0.005
NODATA_value   -9999.0
[rows 126 to 167 of 200, columns 94 to 187 of 200]
514 514 515 516 517 517 500 501 502 502 503 505 506 506 507 508 508 508 509 509 511 511 512 512 512 515 515 516 516 517 518 518 518 519 519 519 521 521 522 522 524 524 525 526 525 526 526 526 527 528 529 529 529 530 530 530 531 532 533 533 533 534 534 534 534 534 536 536 536 537 537 537 538 538 538 540 540 540 543 544 544 544 545 545 545 545 541 541 541 541 542 542 542 542
513 514 514 515 516 499 499 500 501 502 502 503 504 506 506 506 506 508 508 509 509 510 511 512 512 513 514 515 516 516 517 516 518 518 519 519 519 520 521 522 523 524 524 524 524 525 526 526 526 527 527 528 529 529 529 529 529 531 531 532 533 533 534 533 533 534 534 534 535 535 536 537 537 537 538 538 539 542 542 542 542 543 543 544 544 545 540 540 540 541 541 541 541 542
512 513 514 515 497 498 499 500 500 501 502 502 504 504 506 505 506 506 507 508 509 509 510 510 512 512 513 514 514 516 516 516 516 517 518 518 519 519 520 520 522 523 523 523 523 524 524 526 526 526 527 527 527 528 527 529 529 530 531 531 531 532 532 533 533 533 534 534 534 535 535 535 535 536 537 537 541 541 541 542 542 542 542 543 543 538 538 539 539 539 540 541 541 541
512 512 513 514 497 497 498 499 500 500 501 501 504 504 504 504 505 506 506 507 507 509 509 510 510 511 513 514 514 514 514 515 516 516 517 517 517 519 519 520 520 522 522 522 523 523 524 524 524 525 526 527 527 527 527 527 527 528 530 531 531 531 532 531 531 532 532 533 534 534 534 535 535 535 536 536 538 539 540 541 541 542 542 542 542 538 538 538 538 539 539 539 539 539
510 512 512 495 495 497 497 498 498 500 500 501 501 504 503 504 504 504 506 506 507 507 508 509 510 510 512 512 514 514 513 514 514 516 516 517 517 517 518 519 520 520 522 521 521 523 523 524 524 524 525 525 525 526 526 527 527 527 529 529 529 531 530 530 531 531 531 532 532 532 533 534 534 535 535 537 538 538 539 539 540 540 540 541 541 537 537 537 538 538 538 538 539 539
509 510 494 494 495 495 497 497 498 498 499 500 501 502 502 503 504 504 505 505 506 507 507 508 509 510 510 512 512 512 513 513 514 514 515 516 517 517 517 518 518 520 520 520 521 521 522 522 523 524 524 525 525 524 525 525 526 527 527 529 529 529 529 529 530 531 531 531 532 532 532 533 533 533 533 536 537 537 539 539 539 539 540 540 540 535 536 536 536 536 537 537 537 538
509 492 492 493 494 495 495 496 497 498 498 499 500 500 501 502 502 504 504 505 505 506 507 507 508 508 510 511 512 511 511 512 513 514 514 515 515 515 517 517 518 518 518 519 520 521 521 522 522 522 523 524 524 524 524 525 525 525 526 527 528 529 528 528 529 529 529 530 531 531 532 532 532 533 535 535 535 536 536 537 538 539 539 539 535 535 535 535 536 536 536 536 536 537
489 490 492 493 493 494 495 496 496 496 498 498 499 498 501 501 502 502 503 504 505 505 506 507 507 508 508 509 510 511 511 511 512 512 514 514 515 515 515 516 517 518 517 518 519 519 521 521 521 522 522 523 522 522 524 524 524 525 525 525 527 526 528 528 528 529 529 529 529 530 530 530 531 532 534 535 535 535 535 537 537 537 538 538 533 533 534 535 535 535 535 536 536 536
489 489 491 492 493 493 494 495 496 496 497 497 497 498 498 500 501 502 502 503 503 505 505 506 506 507 508 508 509 509 510 511 511 512 512 513 514 515 515 515 516 515 517 517 518 519 519 520 520 521 522 522 521 522 522 523 523 524 525 525 525 526 526 526 527 527 528 529 529 529 530 530 530 532 533 533 533 535 535 535 536 537 537 537 532 533 533 533 533 534 534 534 534 534
488 489 489 491 491 493 493 494 494 496 496 497 496 498 498 499 500 500 502 502 503 503 505 505 506 506 506 507 507 509 509 510 510 511 512 512 513 513 513 515 515 515 515 515 517 518 519 519 519 520 520 521 521 521 522 522 522 523 523 523 525 525 525 526 526 526 527 527 527 528 529 529 532 532 532 532 533 533 533 534 534 535 535 532 532 532 532 533 533 533 533 533 534 534
488 488 488 490 491 491 492 493 494 494 495 496 496 496 497 499 499 500 500 501 502 503 503 504 504 506 506 505 506 507 509 509 510 510 510 512 512 513 513 513 514 514 515 515 515 517 517 518 519 519 520 519 519 520 520 522 522 522 523 523 522 523 524 524 526 526 526 527 527 527 527 528 530 530 531 532 532 532 533 533 533 535 535 530 530 531 531 531 531 531 532 533 533 533
487 488 488 489 490 491 491 492 493 494 494 494 494 496 496 497 498 499 500 500 501 501 503 503 504 504 504 505 505 506 507 508 509 509 510 510 511 511 513 513 512 513 513 514 515 516 517 517 517 518 518 519 519 519 520 520 520 521 521 522 522 522 523 524 524 524 525 525 526 527 527 529 530 530 530 530 531 531 531 531 533 533 534 529 530 530 530 530 531 531 531 531 531 532
487 487 488 488 489 490 491 491 492 492 494 493 494 494 496 496 498 498 499 500 500 501 501 502 503 504 504 503 504 505 507 507 508 508 509 510 510 511 511 511 512 512 513 513 513 514 515 517 517 517 518 517 517 518 519 519 520 520 521 521 520 521 522 523 524 524 524 524 525 525 525 528 529 529 530 530 530 530 531 531 531 531 527 528 528 528 529 530 530 530 530 531 531 531
487 487 487 487 489 489 490 490 491 492 491 492 493 494 494 495 496 498 498 499 499 500 501 501 502 502 503 503 503 504 504 507 507 508 508 508 509 510 511 510 510 511 511 513 513 513 515 515 515 517 516 517 517 517 518 518 518 520 520 519 520 520 520 522 522 522 524 524 524 525 527 527 527 528 528 528 529 530 530 530 531 531 526 527 528 528 528 528 528 529 529 529 529 529
486 486 487 487 487 488 489 490 490 491 491 491 492 492 494 494 495 496 498 498 499 499 499 501 501 502 501 502 503 503 504 505 506 507 507 508 508 509 509 509 510 510 511 511 511 513 513 515 515 515 515 515 516 517 517 517 518 518 518 518 518 519 520 520 521 522 522 522 523 523 526 527 527 527 527 528 528 528 528 529 529 529 524 526 527 527 527 528 528 528 528 528 529 529
486 486 486 487 487 488 488 489 490 489 490 491 491 492 492 493 494 495 496 497 498 498 499 499 500 500 501 501 501 502 503 504 505 506 506 506 508 508 508 508 508 509 510 511 511 511 512 513 514 514 514 514 515 515 516 516 517 518 517 517 518 518 518 519 520 521 522 522 522 524 525 525 525 526 526 527 527 528 528 528 528 524 524 524 524 526 526 526 526 526 527 528 528 528
485 486 486 486 486 487 488 488 487 489 489 490 490 491 492 492 493 493 496 496 497 497 498 499 499 499 499 501 501 501 502 502 504 505 505 506 506 507 507 507 508 508 509 509 510 511 511 512 513 512 513 514 514 515 515 515 516 516 515 517 517 517 518 518 518 520 520 520 521 524 524 524 525 525 525 526 526 526 526 527 527 523 523 524 524 525 525 525 526 526 526 526 526 527
485 485 485 486 486 486 487 488 487 487 488 489 490 490 491 492 492 493 493 495 496 497 497 497 498 498 499 499 500 500 501 502 502 504 504 505 506 505 506 506 506 508 508 509 509 509 510 511 511 512 512 512 513 513 514 515 515 515 515 515 516 516 516 517 518 518 519 520 522 522 523 523 523 524 525 525 525 525 526 526 526 521 522 522 522 522 524 524 525 525 525 526 526 527
484 485 485 485 485 486 486 486 486 487 487 488 488 490 490 491 491 492 493 494 495 495 497 497 496 497 497 499 499 499 500 500 502 503 504 504 504 505 505 505 506 506 507 507 508 509 509 510 509 510 512 512 512 513 513 513 514 513 514 515 515 515 516 516 516 517 518 519 521 522 522 522 523 523 523 523 524 524 524 525 521 521 521 521 522 522 522 523 523 524 524 524 524 525
484 484 484 485 485 485 485 486 486 486 486 487 488 488 489 490 490 491 491 493 494 495 495 495 496 496 497 497 498 499 499 500 500 501 503 503 503 503 504 504 505 506 506 507 507 507 509 508 508 510 510 510 511 511 512 513 513 512 513 513 513 514 515 515 516 516 516 520 520 520 520 521 522 522 523 523 523 523 524 524 519 519 520 520 520 521 521 523 523 523 523 523 525 525
483 484 484 484 485 485 484 484 486 486 486 486 487 488 488 489 489 490 491 491 493 494 494 494 494 495 496 497 497 498 498 499 500 500 502 502 501 503 503 504 504 504 505 506 506 507 507 506 507 508 510 510 510 511 511 511 511 512 512 513 513 513 514 514 514 514 516 518 519 520 520 520 520 521 521 521 522 523 523 518 519 519 519 519 519 520 520 520 521 521 522 522 523 523
483 483 484 484 484 483 484 484 485 485 486 486 486 486 488 488 489 489 489 491 491 493 492 493 494 494 495 495 497 497 497 498 498 499 500 500 501 501 502 503 503 504 504 505 505 505 506 506 506 507 507 508 509 510 510 511 510 510 511 511 511 513 513 513 514 514 516 516 518 518 519 520 520 520 520 521 521 521 521 517 517 517 517 519 519 519 519 519 520 521 521 522 522 523
483 483 483 483 484 483 483 483 484 485 485 485 486 486 486 487 488 489 489 489 490 491 492 492 493 493 494 495 495 496 496 497 498 498 499 499 500 501 501 502 502 502 504 504 504 505 504 504 505 506 506 508 508 509 509 508 510 510 510 510 511 511 511 512 512 513 516 516 516 517 518 518 518 519 519 520 520 521 516 516 516 517 517 517 517 517 518 518 518 519 520 522 522 522
482 482 483 483 482 482 483 483 483 484 485 485 485 485 486 486 487 487 488 489 489 489 490 492 492 492 493 493 495 495 496 496 496 498 497 497 499 499 500 501 501 502 502 502 503 503 504 504 504 505 505 505 508 508 508 508 508 508 509 509 510 511 511 511 511 514 514 514 515 516 517 517 518 518 518 519 519 519 514 515 515 516 516 516 517 517 517 517 518 518 520 520 520 520
482 482 482 481 482 482 482 482 483 484 484 484 485 485 485 485 486 487 487 487 487 488 490 490 491 492 492 493 493 494 495 495 496 496 496 496 498 499 499 499 500 500 502 502 502 502 502 502 504 504 504 505 506 506 506 507 507 508 508 508 509 509 509 510 511 513 514 514 514 514 516 516 516 516 518 518 518 513 514 514 514 514 515 515 515 515 516 516 516 518 518 519 520 520
481 481 482 481 481 481 482 482 482 482 484 484 484 484 485 485 485 485 487 486 486 487 487 490 490 491 491 491 493 493 494 494 494 495 495 495 496 497 498 499 499 500 500 500 500 501 502 502 502 503 503 504 505 506 505 506 506 506 507 508 508 508 509 509 511 512 512 512 514 514 514 515 516 516 516 516 517 512 512 512 514 514 514 514 514 515 515 515 515 517 517 518 518 518
481 481 480 480 481 481 481 481 482 482 483 483 484 484 484 484 485 485 485 485 485 486 487 488 489 490 490 491 491 492 493 493 493 493 494 494 495 496 497 497 498 499 500 500 499 500 500 500 502 502 502 503 503 502 504 505 505 506 506 506 507 507 507 509 511 511 511 512 512 512 513 514 514 515 516 516 516 511 512 512 512 512 512 513 513 513 513 514 516 516 516 516 517 518
480 479 480 480 480 480 481 481 481 481 482 483 483 483 484 484 484 484 484 484 485 485 485 487 488 489 489 489 491 491 492 492 491 493 493 493 494 494 497 497 497 498 498 497 499 499 499 500 500 501 501 502 502 502 503 504 504 504 504 506 506 506 507 507 509 510 510 510 511 512 512 512 513 514 514 514 509 510 510 511 511 512 512 512 512 513 513 513 514 514 514 515 515 516
471 479 479 479 480 480 480 480 481 481 481 482 483 483 483 483 484 483 483 483 484 484 485 485 487 488 488 489 489 490 491 490 491 491 492 493 493 494 494 495 496 497 498 497 497 498 498 499 500 500 500 501 500 500 502 503 503 504 504 504 505 505 505 508 509 509 509 510 510 510 510 511 511 513 513 514 509 509 509 510 510 510 510 510 511 511 512 513 514 514 514 514 514 514
470 470 479 479 479 479 480 480 480 480 481 481 482 482 483 483 483 482 483 483 483 483 483 485 485 487 487 487 489 489 490 489 489 491 491 491 492 492 494 495 495 496 495 495 497 497 497 498 498 498 499 499 499 500 500 501 502 502 503 504 504 504 505 507 507 507 508 509 509 510 510 510 510 512 512 507 507 508 509 509 509 509 510 510 510 510 511 512 512 512 512 512 513 513
469 470 470 478 479 479 479 479 480 480 480 480 482 482 482 482 482 482 482 482 483 483 483 483 484 486 486 487 487 488 488 488 489 489 490 491 491 492 492 492 494 494 495 495 495 496 496 497 498 498 498 498 498 498 500 500 501 501 502 502 502 503 506 506 507 507 507 507 508 508 508 508 510 510 506 506 507 507 507 507 508 508 508 508 509 510 511 511 511 512 512 512 512 512
468 469 470 470 478 478 479 479 479 479 480 480 480 481 482 481 481 481 482 482 482 482 482 483 483 484 485 485 487 486 487 487 487 489 489 489 490 490 492 492 493 493 493 493 495 495 495 496 496 496 496 497 497 498 498 498 499 500 501 502 502 502 504 505 505 505 506 507 507 507 508 508 508 508 504 505 505 505 507 507 507 507 508 508 508 508 509 510 510 510 510 510 510 511
467 468 469 469 470 478 478 478 479 479 479 479 480 481 480 480 481 481 481 481 481 482 482 482 482 483 484 485 484 485 486 486 487 487 488 489 489 490 490 490 490 492 492 493 493 494 494 495 496 495 495 496 496 496 497 498 498 499 500 500 500 503 504 504 504 505 505 505 506 506 506 506 508 503 503 503 505 505 505 505 505 506 506 506 506 509 509 509 509 509 509 510 510 510
467 467 468 469 469 469 478 478 478 478 479 479 479 479 480 480 480 480 481 481 481 481 481 482 482 482 482 483 484 484 485 485 485 487 487 487 488 488 490 489 489 490 491 491 493 493 493 494 494 493 494 495 495 496 496 496 497 497 499 499 500 502 502 503 503 503 503 505 505 505 506 506 506 501 502 502 503 503 504 505 505 505 505 506 506 507 507 507 508 508 508 508 508 509
466 467 467 468 468 469 469 477 478 478 478 478 479 478 478 479 480 480 480 480 480 481 481 481 481 482 482 481 482 483 484 484 485 485 486 487 487 488 488 487 488 489 490 491 491 491 492 493 492 493 493 493 494 494 495 496 496 496 498 498 498 500 502 502 502 503 503 503 503 504 504 504 500 501 501 501 501 503 503 503 503 504 504 504 504 506 507 507 507 507 507 507 508 509
466 466 466 468 468 468 468 469 477 477 478 478 477 477 478 479 479 479 479 480 480 480 480 481 481 481 480 480 482 482 483 483 483 485 485 485 486 486 486 487 487 488 488 489 491 491 491 491 491 491 492 493 493 494 494 494 494 495 496 497 500 500 500 500 501 501 501 503 503 503 503 504 499 499 499 500 500 500 502 502 503 503 503 503 505 505 505 505 505 505 506 506 507 507
465 466 466 466 467 468 468 468 468 477 477 476 476 477 477 477 478 479 479 479 479 480 480 480 480 480 480 480 480 481 482 482 483 483 484 484 485 485 485 485 486 487 487 489 489 489 490 490 490 491 491 491 492 492 493 494 494 494 494 495 498 498 500 500 500 500 501 501 501 502 502 497 498 499 499 499 499 499 501 501 501 501 502 502 503 504 504 505 505 505 505 505 506 507
465 465 465 466 467 467 467 468 468 468 475 476 476 476 476 477 478 478 478 479 479 479 479 480 480 479 479 479 480 481 481 481 481 483 483 483 484 483 483 485 485 486 486 486 489 489 488 489 489 489 489 491 491 491 492 492 492 493 494 496 498 498 498 498 499 499 499 500 501 501 496 496 497 497 497 497 498 498 499 500 501 501 501 502 502 503 503 503 503 503 503 505 505 505
464 464 465 465 465 467 467 467 467 467 467 475 475 476 476 476 476 478 478 478 478 479 479 479 478 478 479 479 479 479 480 481 481 481 482 482 482 483 483 483 484 484 485 486 486 486 487 487 488 489 489 489 490 490 490 491 492 492 492 495 495 496 497 498 498 498 499 499 499 499 495 495 496 496 497 497 497 497 498 498 499 499 499 501 501 502 502 502 503 503 503 504 504 504
464 464 464 464 465 466 466 467 467 466 466 467 475 475 475 476 476 477 477 478 478 478 478 477 478 478 478 478 479 479 480 480 480 481 481 480 481 481 481 483 483 483 484 484 484 486 486 486 487 487 487 489 489 489 490 490 490 491 491 494 494 495 496 496 496 497 497 498 499 494 494 494 495 495 495 495 495 496 497 497 497 499 500 500 500 500 501 501 501 501 502 502 503 503
463 463 464 464 464 464 466 466 465 466 466 466 466 467 475 475 475 476 477 477 477 477 477 477 477 477 478 478 478 478 478 480 480 480 479 479 480 481 481 481 482 482 483 484 483 483 485 485 486 487 487 487 487 488 488 489 490 490 492 493 493 493 494 496 496 496 496 497 497 492 492 493 493 494 494 495 495 495 495 496 496 497 498 498 499 499 500 500 500 500 502 502 502 502
462 463 463 463 464 464 465 464 465 465 465 465 466 466 466 474 475 475 476 476 477 476 476 476 477 477 477 477 477 478 478 478 479 478 479 479 479 479 479 481 481 481 482 481 481 483 484 484 485 485 485 486 487 487 488 488 488 488 491 492 492 493 493 494 494 495 495 495 491 492 492 492 492 493 493 493 493 494 494 495 495 495 498 498 498 498 498 499 499 499 500 500 500 501
