testData/tiles/oneDegreeCosts/grid43.0-18.0-44.0-19.0.asc
ncols   200
nrows   200
xllcorner   43.0
yllcorner   18.0
cellsize   0.005
NODATA_value   -9999.0
[rows 0 to 41 of 200, columns 94 to 187 of 200]
276 276 276 276 276 276 276 276 276 276 276 276 276 276 276 279 284 287 290 292 294 294 295 294 293 291 289 285 282 276 276 276 276 276 464 464 464 465 346 347 315 315 315 316 316 317 317 318 318 319 319 320 320 321 321 322 322 322 323 323 324 324 276 276 276 276 276 276 276 276 276 276 276 276 276 276 276 276 276 277 277 278 278 279 279 280 280 281 364 365 365 366 366 367
276 276 276 276 276 276 276 276 276 276 276 276 276 276 276 280 284 287 291 292 294 295 295 294 294 291 289 286 282 277 276 276 276 276 464 464 464 465 346 347 315 315 315 316 316 317 317 318 318 319 319 320 320 321 321 322 322 323 323 323 324 324 276 276 276 276 276 276 276 276 276 276 276 276 276 276 276 276 277 277 277 278 278 279 279 280 280 364 364 365 365 366 366 367
276 276 276 276 276 276 276 276 276 276 276 276 276 276 277 280 285 288 291 293 295 295 296 295 294 292 290 286 283 277 276 276 276 463 464 464 465 465 346 347 315 315 315 316 316 317 317 318 318 319 319 320 320 321 321 322 322 323 323 324 324 324 325 276 276 276 276 276 276 276 276 276 276 276 276 276 276 276 277 277 278 278 278 279 279 280 363 364 364 365 365 366 366 367
276 276 276 276 276 276 276 276 276 276 276 276 276 276 277 281 285 288 291 293 295 295 296 295 294 292 290 286 283 278 276 276 276 469 470 464 465 465 347 347 315 315 315 316 316 317 317 318 318 319 319 320 320 321 321 322 322 323 323 324 324 325 325 276 276 276 276 276 276 276 276 276 276 276 276 276 276 276 277 277 278 278 279 279 279 363 363 364 364 365 365 366 366 367
276 276 276 276 276 276 276 276 276 276 276 276 276 276 276 282 285 289 292 293 295 295 296 295 295 292 290 287 283 278 276 276 276 469 470 470 471 465 347 315 315 315 315 316 316 317 317 318 318 319 319 320 320 321 321 322 322 323 323 324 324 325 325 276 276 276 276 276 276 276 276 276 276 276 276 276 276 276 277 277 278 278 279 279 363 363 363 364 364 365 365 366 366 367
276 276 276 276 276 276 276 276 276 276 276 276 276 276 276 282 286 290 292 293 295 296 296 295 295 293 291 287 283 278 276 276 276 469 470 470 471 471 353 315 315 315 315 316 316 317 317 318 318 319 319 320 320 321 321 322 322 323 323 324 324 325 325 326 276 276 276 276 276 276 276 276 276 276 276 276 276 276 277 277 278 278 362 362 363 363 364 364 364 365 365 366 366 367
276 276 276 276 276 276 276 276 276 276 276 276 276 276 277 282 286 290 292 295 296 296 297 296 295 293 291 287 284 279 276 276 276 469 470 470 471 471 353 320 321 315 316 316 316 317 317 318 318 319 319 320 320 321 321 322 322 323 323 324 324 325 325 326 276 276 276 276 276 276 276 276 276 276 276 276 276 276 277 277 278 361 362 362 363 363 364 364 364 365 365 366 366 367
276 276 276 276 276 276 276 276 276 276 276 276 276 276 277 283 286 290 292 295 296 296 297 296 295 293 291 288 284 279 276 276 479 469 470 470 471 471 353 320 321 321 322 316 316 317 317 318 318 319 319 320 320 321 321 322 322 323 323 324 324 325 325 326 326 276 276 276 276 276 276 276 276 276 276 276 276 276 277 277 361 361 362 362 363 363 364 364 365 365 365 366 366 367
276 276 276 276 276 276 276 276 276 276 276 276 276 276 277 283 287 290 293 295 296 298 297 296 296 293 292 288 284 279 276 276 479 469 470 470 471 471 353 320 321 321 322 322 317 317 317 318 318 319 319 320 320 321 321 322 322 323 323 324 324 325 325 326 326 276 276 276 276 276 276 276 276 276 276 276 276 276 277 360 361 361 362 362 363 363 364 364 365 365 366 366 366 367
276 276 276 276 276 276 276 276 276 276 276 276 276 276 278 283 287 291 293 296 297 298 298 297 296 294 292 288 285 279 276 276 480 470 470 470 471 471 320 320 321 321 322 322 323 323 318 318 318 319 319 320 320 321 321 322 322 323 323 324 324 325 325 326 326 327 276 276 276 276 276 276 276 276 276 276 276 276 360 360 361 361 362 362 363 363 364 364 365 365 366 366 366 367
276 276 276 276 276 276 276 276 276 276 276 276 276 276 278 283 287 291 293 296 297 298 298 298 296 294 292 288 285 280 276 276 480 470 470 470 471 471 320 320 321 321 322 322 323 323 324 324 318 319 319 320 320 321 321 322 322 323 323 324 324 325 325 326 326 327 276 276 276 276 276 276 276 276 276 276 276 359 360 360 361 361 362 362 363 363 364 364 365 365 366 366 367 367
276 276 276 276 276 276 276 276 276 276 276 276 276 276 278 284 287 291 294 296 297 298 298 298 297 294 292 289 285 280 276 276 480 470 470 470 471 471 320 320 321 321 322 322 323 323 324 324 324 325 319 320 320 321 321 322 322 323 323 324 324 325 325 326 326 327 276 276 276 276 276 276 276 276 276 276 359 359 360 360 361 361 362 362 363 363 364 364 365 365 366 366 367 367
276 276 276 276 276 276 276 276 276 276 276 276 276 276 279 284 288 292 294 296 297 299 298 298 297 296 293 289 286 280 276 276 481 471 470 470 471 471 320 320 321 321 322 322 323 323 324 324 325 325 325 320 320 321 321 322 322 323 323 324 324 325 325 326 326 327 327 276 276 276 276 276 276 276 276 358 359 359 360 360 361 361 362 362 363 363 364 364 365 365 366 366 367 367
276 276 276 276 276 276 276 276 276 276 276 276 276 276 279 284 288 292 294 297 298 299 299 299 297 296 293 289 286 281 276 488 481 471 470 470 471 471 320 320 321 321 322 322 323 323 324 324 325 325 325 326 326 321 321 322 322 323 323 324 324 325 325 326 326 327 327 276 276 276 276 276 276 276 358 358 359 359 360 360 361 361 362 362 363 363 364 364 365 365 366 366 367 367
276 276 276 276 276 276 276 276 276 276 276 276 276 276 279 285 288 292 294 297 298 299 299 299 297 296 293 290 286 281 276 489 481 472 470 470 471 471 320 320 321 321 322 322 323 323 324 324 325 325 326 326 326 327 327 322 322 323 323 324 324 325 325 326 326 327 327 328 276 276 276 276 276 358 358 358 359 359 360 360 361 361 362 362 363 363 364 364 365 365 366 366 367 367
276 276 276 276 276 276 276 276 276 276 276 276 276 276 280 285 289 292 295 297 298 300 299 299 298 296 294 291 287 281 276 489 482 472 470 470 471 438 320 320 321 321 322 322 323 323 324 324 325 325 326 326 326 327 327 328 322 323 323 324 324 325 325 326 326 327 327 328 276 276 276 276 357 358 358 358 359 359 360 360 361 361 362 362 363 363 364 364 365 365 366 366 367 367
276 276 276 276 276 276 276 276 276 276 276 276 276 276 280 285 289 293 295 298 298 300 299 300 298 297 294 291 287 282 277 489 482 472 470 470 471 438 320 320 321 321 322 322 323 323 324 324 325 325 326 326 326 327 327 328 328 329 323 324 324 325 325 326 326 327 327 328 276 276 276 357 357 358 358 358 359 359 360 360 361 361 362 362 363 363 364 364 365 365 366 366 367 367
276 276 276 276 276 276 276 276 276 276 276 276 276 276 280 286 289 293 295 298 299 300 300 300 298 297 294 292 287 282 277 490 482 473 470 470 471 438 320 320 321 321 322 322 323 323 324 324 325 325 326 326 326 327 327 328 328 329 329 330 324 325 325 326 326 327 327 328 328 276 356 357 357 358 358 358 359 359 360 360 361 361 362 362 363 363 364 364 365 365 366 366 367 367
276 276 276 276 276 276 276 276 276 276 276 276 276 276 280 286 289 293 296 298 299 300 300 300 299 297 294 292 287 282 497 490 483 473 470 470 471 438 320 320 321 321 322 322 323 323 324 324 325 325 326 326 326 327 327 328 328 329 329 330 330 325 325 326 326 327 327 328 328 356 356 357 357 358 358 359 359 359 360 360 361 361 362 362 363 363 364 364 365 365 366 366 367 367
276 276 276 276 276 276 276 276 276 276 276 276 276 276 281 286 290 294 296 298 299 301 300 300 299 298 295 292 288 283 498 490 483 473 470 470 471 438 320 320 321 321 322 322 323 323 324 324 325 325 326 326 326 327 327 328 328 329 329 330 330 331 331 326 326 327 327 411 411 412 356 357 357 358 358 359 359 359 360 360 361 361 362 362 363 363 364 364 365 365 366 366 367 367
276 276 276 276 276 276 276 276 276 276 276 276 276 276 281 286 290 294 296 299 300 301 301 301 299 298 295 292 288 283 498 491 484 474 470 470 438 438 320 320 321 321 322 322 323 323 324 324 325 325 326 326 327 327 327 328 328 329 329 330 330 331 331 332 326 327 410 411 411 412 356 357 357 358 358 359 359 359 360 360 361 361 362 362 363 363 364 364 365 365 366 366 367 367
276 276 276 276 276 276 276 276 276 276 276 276 276 276 281 287 290 294 296 299 300 301 301 301 299 298 295 293 288 283 498 491 484 474 470 470 438 438 320 320 321 321 322 322 323 323 324 324 325 325 326 326 327 327 327 328 328 329 329 330 330 331 331 332 332 416 410 411 411 412 356 357 357 358 358 359 359 359 360 360 361 361 362 362 363 363 364 364 365 365 366 366 367 367
276 276 276 276 276 276 276 276 276 276 276 276 276 277 282 287 291 294 297 299 300 301 301 301 300 298 296 293 289 284 498 491 484 475 470 470 438 438 320 320 321 321 322 322 323 323 324 324 325 325 326 326 327 327 327 328 328 329 329 330 330 331 331 332 415 416 416 417 411 412 412 357 357 358 358 359 359 359 360 360 361 361 362 362 363 363 364 364 365 365 366 366 367 367
276 276 276 276 276 276 276 276 276 276 276 276 276 277 282 287 291 295 297 299 300 302 301 301 300 299 296 293 289 284 499 492 485 475 470 470 438 438 320 320 321 321 322 322 323 323 324 324 325 325 326 326 326 327 327 328 328 329 329 330 330 331 331 415 415 416 416 417 417 412 412 357 357 358 358 359 359 359 360 360 361 361 362 362 363 363 364 364 365 365 366 366 367 367
276 276 276 276 276 276 276 276 276 276 276 276 276 277 282 288 291 295 297 300 301 302 302 302 300 299 296 294 289 504 499 492 485 475 470 470 438 438 439 320 321 321 322 322 323 323 324 324 325 325 326 326 326 327 327 328 328 329 329 330 330 331 414 415 415 416 416 417 417 418 418 357 357 358 358 359 359 359 360 360 361 361 362 362 363 363 364 364 365 365 366 366 367 367
276 276 276 276 276 276 276 276 276 276 276 276 276 277 282 288 291 295 297 300 301 302 302 302 300 299 296 294 289 504 499 492 485 476 470 438 438 438 439 320 321 321 322 322 323 323 324 324 325 325 326 326 326 327 327 328 328 329 329 330 330 414 414 415 415 416 416 417 417 418 418 419 357 358 358 358 359 359 360 360 361 361 362 362 363 363 364 364 365 365 366 366 367 367
276 276 276 276 276 276 276 276 276 276 276 276 276 278 283 288 292 295 298 300 301 302 302 302 301 299 297 294 290 505 500 493 486 476 470 438 438 438 439 320 321 321 322 322 323 323 324 324 325 325 326 326 326 327 327 328 328 329 329 330 413 414 414 415 415 416 416 417 417 418 418 419 363 364 358 358 359 359 360 360 361 361 362 362 363 363 364 364 365 365 366 366 367 367
276 276 276 276 276 276 276 276 276 276 276 276 276 278 283 288 292 296 298 300 301 303 302 302 301 300 297 294 290 505 500 493 486 476 470 438 438 438 439 320 321 321 322 322 323 323 324 324 325 325 326 326 326 327 327 328 328 329 329 413 413 414 414 415 415 416 416 417 417 418 418 419 419 364 364 358 359 359 360 360 361 361 362 362 363 363 364 364 365 365 366 366 367 367
276 276 276 276 276 276 276 276 276 276 276 276 276 278 283 289 292 296 298 301 302 303 303 303 301 300 297 294 290 505 500 493 486 477 470 438 438 438 439 320 321 321 322 322 323 323 324 324 325 325 326 326 326 327 327 328 328 329 412 413 413 414 414 415 415 416 416 417 417 418 418 419 419 364 364 364 365 359 360 360 361 361 362 362 363 363 364 364 365 365 366 366 367 367
276 276 276 276 276 276 276 276 276 276 276 276 276 279 284 289 292 296 298 301 302 303 303 303 301 300 297 294 291 506 501 494 487 477 438 438 438 438 439 320 321 321 322 322 323 323 324 324 325 325 325 326 326 327 327 328 328 329 412 413 413 414 414 415 415 416 416 417 417 418 418 419 419 364 364 364 365 365 360 360 361 361 362 362 363 363 364 364 365 365 366 366 367 367
276 276 276 276 276 276 276 276 276 276 276 276 276 279 284 289 293 296 299 301 302 303 303 303 302 300 298 294 291 506 501 494 487 477 438 438 438 438 439 320 321 321 322 322 323 323 324 324 325 325 325 326 326 327 327 328 328 412 412 413 413 414 414 415 415 416 416 417 417 418 418 419 419 419 364 364 365 365 366 366 361 361 362 362 363 363 364 364 365 365 366 366 367 367
276 276 276 276 276 276 276 276 276 276 276 276 276 279 284 289 293 297 299 301 302 304 303 303 302 300 298 294 511 506 501 494 487 478 438 438 438 438 439 320 321 321 322 322 323 323 324 324 324 325 325 326 326 327 327 328 411 412 412 413 413 414 414 415 415 416 416 417 417 418 418 418 419 419 364 364 365 365 366 366 367 361 362 362 363 363 364 364 365 365 366 366 367 367
276 276 276 276 276 276 276 276 276 276 276 284 276 279 284 290 293 297 299 302 303 304 304 304 302 300 298 295 511 506 501 495 487 478 438 438 438 438 439 320 321 321 322 322 323 323 324 324 324 325 325 326 326 327 327 411 411 412 412 413 413 414 414 415 415 416 416 417 417 418 418 418 419 419 364 364 365 365 366 366 367 367 368 362 363 363 364 364 365 365 366 366 367 367
276 276 276 276 276 276 276 276 276 276 277 284 291 297 285 290 293 297 299 302 303 304 304 303 302 300 298 295 512 507 502 495 488 478 438 438 438 438 439 320 321 321 322 322 323 323 324 324 324 325 325 326 326 327 410 411 411 412 412 413 413 414 414 415 415 416 416 417 417 417 418 418 419 419 420 364 365 365 366 366 367 367 368 368 363 363 364 364 365 365 366 366 366 367
276 276 276 276 276 276 276 276 276 276 277 285 292 297 302 290 294 297 300 302 303 304 304 303 303 300 299 295 512 507 502 495 488 446 438 438 438 438 439 320 321 321 322 322 323 323 323 324 324 325 325 326 326 410 410 411 411 412 412 413 413 414 414 415 415 416 416 417 417 417 418 418 419 419 420 364 365 365 366 366 367 367 368 368 369 363 364 364 365 365 366 366 366 367
276 276 276 276 276 276 276 276 276 276 277 285 292 298 303 307 311 298 300 302 303 304 304 303 303 301 299 295 512 507 502 495 488 446 438 438 438 438 439 320 321 321 322 322 322 323 323 324 324 325 325 326 409 410 410 411 411 412 412 413 413 414 414 415 415 416 416 416 417 417 418 418 419 419 420 364 365 365 366 366 367 367 368 368 369 369 370 364 365 365 365 366 366 367
276 276 276 276 276 276 276 276 276 276 278 286 293 298 303 309 311 315 317 303 304 304 305 304 303 301 299 296 512 507 503 496 489 446 438 438 438 438 439 320 321 321 322 322 322 323 323 324 324 325 325 409 409 410 410 411 411 412 412 413 413 414 414 415 415 416 416 416 417 417 418 418 419 419 420 420 365 365 366 366 367 367 368 368 369 369 370 370 365 365 365 366 366 367
276 276 276 276 276 276 276 276 276 276 278 286 293 299 304 309 312 316 317 319 321 304 305 304 303 301 299 296 513 508 503 496 489 447 438 438 438 438 439 320 321 321 321 322 322 323 323 324 324 325 408 409 409 410 410 411 411 412 412 413 413 414 414 415 415 415 416 416 417 417 418 418 419 419 420 420 365 365 366 366 367 367 368 368 369 369 370 370 370 371 365 366 366 367
276 276 276 276 276 276 276 276 276 276 278 286 293 299 304 309 313 316 319 320 321 321 305 304 304 301 300 516 513 508 503 496 489 447 438 438 438 438 439 320 321 321 321 322 322 323 323 324 324 408 408 409 409 410 410 411 411 412 412 413 413 414 414 414 415 415 416 416 417 417 418 418 419 419 420 420 365 365 366 366 367 367 368 368 369 369 369 370 370 371 371 366 366 367
276 276 276 276 276 276 276 276 276 276 280 287 293 299 304 309 313 316 319 320 322 323 322 321 304 302 300 516 513 508 503 497 457 447 438 438 438 438 439 320 320 321 321 322 322 323 323 324 407 408 408 409 409 410 410 411 411 412 412 413 413 414 414 414 415 415 416 416 417 417 418 418 419 419 420 420 421 365 366 366 367 367 368 368 368 369 369 370 370 371 371 372 366 367
276 276 276 276 276 276 276 276 276 276 280 288 294 299 304 309 313 316 319 321 322 323 323 323 321 319 300 517 513 508 504 497 457 448 438 438 438 438 438 320 320 321 321 322 322 323 323 407 407 408 408 409 409 410 410 411 411 412 412 413 413 413 414 414 415 415 416 416 417 417 418 418 419 419 420 420 421 365 366 366 367 367 367 368 368 369 369 370 370 371 371 372 372 373
276 276 276 276 276 276 276 276 276 276 280 288 295 301 305 309 313 316 319 321 323 323 324 323 322 320 317 517 514 509 504 497 457 448 438 438 438 438 438 320 320 321 321 322 322 323 406 407 407 408 408 409 409 410 410 411 411 412 412 412 413 413 414 414 415 415 416 416 417 417 418 418 419 419 420 420 421 365 366 366 366 367 367 368 368 369 369 370 370 371 371 372 372 373
