testData/tiles/oneDegreeCosts/grid9.0-46.0-10.0-47.0.asc
ncols   200
nrows   200
xllcorner   9.0
yllcorner   46.0
cellsize   0.005
NODATA_value   -9999.0
[rows 42 to 83 of 200, columns 94 to 187 of 200]
175 175 175 175 175 175 175 175 175 175 175 175 175 175 175 327 327 327 327 327 327 327 327 327 327 327 327 327 327 327 327 327 327 327 327 327 327 327 327 327 327 327 327 327 327 327 327 327 327 327 327 327 327 327 327 327 327 327 327 327 289 289 289 289 289 289 289 289 289 289 289 289 289 289 289 289 289 289 289 287 287 287 287 287 287 287 287 287 287 287 287 287 272 272
327 327 327 327 327 327 327 327 327 327 327 327 327 327 327 327 327 327 327 327 327 327 327 327 327 327 327 327 327 327 327 327 327 327 327 327 327 327 327 327 327 327 327 327 327 327 327 327 327 327 327 327 327 327 327 327 327 327 327 327 289 289 289 289 289 289 289 289 289 289 289 289 289 289 289 289 289 289 289 287 287 287 287 287 287 287 287 287 287 287 287 272 272 272
327 327 327 327 327 327 327 327 327 327 327 327 327 327 327 327 327 327 327 327 327 327 327 327 327 327 327 327 327 327 327 327 327 327 327 327 327 327 327 327 327 327 327 327 327 327 327 327 327 327 327 327 327 327 327 327 327 327 327 327 289 289 289 289 289 289 289 289 289 289 289 289 289 289 289 289 289 289 289 287 287 287 287 287 287 287 287 287 287 287 272 272 272 272
327 327 327 327 327 327 327 327 327 327 327 327 327 327 327 327 327 327 327 327 327 327 327 327 327 327 327 327 327 327 327 327 327 327 327 327 327 327 327 327 327 327 327 327 327 327 327 327 327 327 327 327 327 327 327 327 327 327 327 327 289 289 289 289 289 289 289 289 289 289 289 289 289 289 289 289 289 289 289 289 287 287 287 287 287 288 288 289 289 290 275 276 276 277
327 327 327 327 327 327 327 327 327 327 327 327 327 327 327 327 327 327 327 327 327 327 327 327 327 327 327 327 327 327 327 327 327 327 327 327 327 327 327 327 327 327 327 327 327 327 327 327 327 327 327 327 327 327 327 327 327 327 327 327 289 289 289 289 289 289 289 289 289 289 289 290 290 291 291 292 292 293 293 294 292 293 293 294 294 295 295 296 296 282 282 282 283 283
327 327 327 327 327 327 327 327 327 327 327 327 327 327 327 327 327 327 327 327 327 327 327 327 327 327 327 327 327 327 327 327 327 327 327 327 327 327 327 327 327 327 327 327 327 327 327 327 327 327 327 327 327 327 327 327 327 327 327 289 289 289 289 290 290 291 291 292 292 293 293 294 294 295 295 296 296 297 297 298 298 297 297 298 298 299 299 299 285 285 286 286 287 287
327 327 327 327 327 327 327 327 327 327 327 327 327 327 327 327 327 327 327 327 327 327 327 327 327 327 327 327 327 327 327 327 327 327 327 327 327 327 327 327 327 327 327 327 327 327 327 327 327 327 327 327 327 327 327 327 327 327 327 289 289 290 291 291 292 292 293 293 294 294 295 295 296 296 297 297 298 298 299 299 300 298 298 299 299 300 300 301 286 287 287 288 288 288
327 327 327 327 327 327 327 327 327 327 327 327 327 327 327 327 327 327 327 327 327 327 327 327 327 327 327 327 327 327 327 327 327 327 327 327 327 327 327 327 327 327 327 327 327 327 327 327 327 327 327 327 327 327 327 327 327 327 327 289 289 289 289 290 290 291 291 292 292 293 293 294 294 295 295 296 296 297 297 298 298 297 297 298 298 299 299 284 285 285 286 286 287 287
327 327 327 327 327 327 327 327 327 327 327 327 327 327 327 327 327 327 327 327 327 327 327 327 327 327 327 327 327 327 327 327 327 327 327 327 327 327 327 327 327 327 327 327 327 327 327 327 327 327 327 327 327 327 327 327 327 327 327 289 289 289 289 289 289 289 289 289 289 289 289 290 290 291 291 292 292 293 293 294 294 295 293 294 294 295 280 281 281 281 282 282 283 283
328 327 327 327 327 327 327 327 327 327 327 327 327 327 327 327 327 327 327 327 327 327 327 327 327 327 327 327 327 327 327 327 327 327 327 327 327 327 327 327 327 327 327 327 327 327 327 327 327 327 327 327 327 327 327 327 327 327 327 289 289 289 289 289 289 289 289 289 289 289 289 289 289 289 289 289 289 289 289 289 289 289 287 287 287 273 273 274 274 275 275 276 276 277
328 327 327 327 327 327 327 327 327 327 327 327 327 327 327 327 327 327 327 327 327 327 327 327 327 327 327 327 327 327 327 327 327 327 327 327 327 327 327 327 327 327 327 327 327 327 327 327 327 327 327 327 327 327 327 327 327 327 327 289 289 289 289 289 289 289 289 289 289 289 289 289 289 289 289 289 289 289 289 289 289 289 287 287 287 272 272 272 272 272 272 272 272 272
328 328 327 327 327 327 327 327 327 327 327 327 327 327 327 327 327 327 327 327 327 327 327 327 327 327 327 327 327 327 327 327 327 327 327 327 327 327 327 327 327 327 327 327 327 327 327 327 327 327 327 327 327 327 327 327 327 327 327 289 289 289 289 289 289 289 289 289 289 289 289 289 289 289 289 289 289 289 289 289 289 289 289 287 272 272 272 272 272 272 272 272 272 272
176 176 175 175 175 175 175 175 175 175 175 175 175 175 175 327 327 327 327 327 327 327 327 327 327 327 327 327 327 327 327 327 327 327 327 327 327 327 327 327 327 327 327 327 327 327 327 327 327 327 327 327 327 327 327 327 327 327 327 289 289 289 289 289 289 289 289 289 289 289 289 289 289 289 289 289 289 289 289 289 289 289 289 272 272 272 272 272 272 272 272 272 272 272
176 176 176 175 175 175 175 175 175 175 175 175 175 175 175 175 175 175 175 175 175 175 175 175 175 175 175 175 175 175 175 175 175 175 175 175 175 175 175 175 175 175 175 175 175 175 327 327 327 327 327 327 327 327 327 327 327 327 327 289 289 289 289 289 289 289 289 289 289 289 289 289 289 289 289 289 289 289 289 289 289 289 274 272 272 272 272 272 272 272 272 272 272 272
176 176 176 175 175 175 175 175 175 175 175 175 175 175 175 175 175 175 175 175 175 175 175 175 175 175 175 175 175 175 175 175 175 175 175 175 175 175 175 175 175 175 175 175 175 175 175 175 175 175 175 175 175 175 175 175 175 175 175 137 137 137 137 137 137 137 137 137 137 137 137 137 137 137 137 137 137 137 137 137 137 137 122 122 120 120 120 272 272 272 272 272 272 272
176 176 176 176 175 175 175 175 175 175 175 175 175 175 175 175 175 175 175 175 175 175 175 175 175 175 175 175 175 175 175 175 175 175 175 175 175 175 175 175 175 175 175 175 175 175 175 175 175 175 175 175 175 175 175 175 175 175 175 137 137 137 137 137 137 137 137 137 137 137 137 137 137 137 137 137 137 137 137 137 137 122 122 122 120 120 120 120 120 120 120 120 120 120
176 176 176 176 175 175 175 175 175 175 175 175 175 175 175 175 175 175 175 175 175 175 175 175 175 175 175 175 175 175 175 175 175 175 175 175 175 175 175 175 175 175 175 175 175 175 175 175 175 175 175 175 175 175 175 175 175 175 175 137 137 137 137 137 137 137 137 137 137 137 137 137 137 137 137 137 137 137 137 137 122 122 122 122 120 120 120 120 120 120 120 120 120 120
176 176 176 176 176 175 175 175 175 175 175 175 175 175 175 175 175 175 175 175 175 175 175 175 175 175 175 175 175 175 175 175 175 175 175 175 175 175 175 175 175 175 175 175 175 175 175 175 175 175 175 175 175 175 175 175 175 175 137 137 137 137 137 137 137 137 137 137 137 137 137 137 137 137 137 137 137 137 137 122 122 122 122 122 122 120 120 120 120 120 120 120 120 120
176 176 176 176 176 175 175 175 175 175 175 175 175 175 175 175 175 175 175 175 175 175 175 175 175 175 175 175 175 175 175 175 175 175 175 175 175 175 175 175 175 175 175 175 175 175 175 175 175 175 175 175 175 175 175 175 175 175 137 137 137 137 137 137 137 137 137 137 137 137 137 137 137 137 137 137 137 137 137 122 122 122 122 122 122 120 120 120 120 120 120 120 120 120
176 176 176 176 176 176 175 175 175 175 175 175 175 175 175 175 175 175 175 175 175 175 175 175 175 175 175 175 175 175 175 175 175 175 175 175 175 175 175 175 175 175 175 175 175 175 175 175 175 175 175 175 175 175 175 175 175 175 137 137 137 137 137 137 137 137 137 137 137 137 137 137 137 137 137 137 137 137 122 122 122 122 122 122 122 120 120 120 120 120 120 120 120 120
176 176 176 176 176 176 175 175 175 175 175 175 175 175 175 175 175 175 175 175 175 175 175 175 175 175 175 175 175 175 175 175 175 175 175 175 175 175 175 175 175 175 175 175 175 175 175 175 175 175 175 175 175 175 175 175 175 175 137 137 137 137 137 137 137 137 137 137 137 137 137 137 137 137 137 137 137 122 122 122 122 122 122 122 122 120 120 120 120 120 120 120 120 120
176 176 176 176 176 176 176 175 175 175 175 175 175 175 175 175 175 175 175 175 175 175 175 175 175 175 175 175 175 175 175 175 175 175 175 175 175 175 175 175 175 175 175 175 175 175 175 175 175 175 175 175 175 175 175 175 175 175 137 137 137 137 137 137 137 137 137 137 137 137 137 137 137 137 137 137 122 122 122 122 122 122 122 122 122 122 120 120 120 120 120 120 120 120
176 176 176 176 176 176 176 175 175 175 175 175 175 175 175 175 175 175 175 175 175 175 175 175 175 175 175 175 175 175 175 175 175 175 175 175 175 175 175 175 175 175 175 175 175 175 175 175 175 175 175 175 175 175 175 175 175 175 137 137 137 137 137 137 137 137 137 137 137 137 137 137 137 137 137 137 122 122 122 122 122 122 122 122 122 122 120 120 120 120 120 120 120 120
176 176 176 176 176 176 176 175 175 175 175 175 175 175 175 175 175 175 175 175 175 175 175 175 175 175 175 175 175 175 175 175 175 175 175 175 175 175 175 175 175 175 175 175 175 175 175 175 175 175 175 175 175 175 175 175 175 175 137 137 137 137 137 137 137 137 137 137 137 137 137 137 137 137 137 122 122 122 122 122 122 122 122 122 122 122 120 120 120 120 120 120 120 120
176 176 176 176 176 176 176 176 175 175 175 175 175 175 175 175 175 175 175 175 175 175 175 175 175 175 175 175 175 175 175 175 175 175 175 175 175 175 175 175 175 175 175 175 175 175 175 175 175 175 175 175 175 175 175 175 175 175 137 137 137 137 137 137 137 137 137 137 137 137 137 137 137 137 122 122 122 122 122 122 122 122 122 122 122 122 122 120 120 120 120 120 120 120
176 176 176 176 176 176 176 176 175 175 175 175 175 175 175 175 175 175 175 175 175 175 175 175 175 175 175 175 175 175 175 175 175 175 175 175 175 175 175 175 175 175 175 175 175 175 175 175 175 175 175 175 175 175 175 175 175 175 137 137 137 137 137 137 137 137 137 137 137 137 137 137 137 122 122 122 122 122 122 122 122 122 122 122 122 122 122 120 120 120 120 120 120 120
176 176 176 176 176 176 176 176 176 175 175 175 175 175 175 175 175 175 175 175 175 175 175 175 175 175 175 175 175 175 175 175 175 175 175 175 175 175 175 175 175 175 175 175 175 175 175 175 175 175 175 175 175 175 175 175 175 137 137 137 137 137 137 137 137 137 137 137 137 137 137 137 122 122 122 122 122 122 122 122 122 122 122 122 122 122 122 120 120 120 120 120 120 120
176 176 176 176 176 176 176 176 176 175 175 175 175 175 175 175 175 175 175 175 175 175 175 175 175 175 175 175 175 175 175 175 175 175 175 175 175 175 175 175 175 175 175 175 175 175 175 175 175 175 175 175 175 175 175 175 175 137 137 137 137 137 137 137 137 137 137 137 137 137 137 137 122 122 122 122 122 122 122 122 122 122 122 122 122 122 122 120 120 120 120 120 120 120
176 176 176 176 176 176 176 176 176 175 175 175 175 175 175 175 175 175 175 175 175 175 175 175 175 175 175 175 175 175 175 175 175 175 175 175 175 175 175 175 175 175 175 175 175 175 175 175 175 175 175 175 175 175 175 175 175 137 137 137 137 137 137 137 137 137 137 137 137 137 137 122 122 122 122 122 122 122 122 122 122 122 122 122 122 122 122 122 120 120 120 120 120 120
176 176 176 176 176 176 176 176 176 176 175 175 175 175 175 175 175 175 175 175 175 175 175 175 175 175 175 175 175 175 175 175 175 175 175 175 175 175 175 175 175 175 175 175 175 175 175 175 175 175 175 175 175 175 175 175 175 137 137 137 137 137 137 137 137 137 137 137 137 137 122 122 122 122 122 122 122 122 122 122 122 122 122 122 122 122 122 122 120 120 120 120 120 120
176 176 176 176 176 176 176 176 176 176 175 175 175 175 175 175 175 175 175 175 175 175 175 175 175 175 175 175 175 175 175 175 175 175 175 175 175 175 175 175 175 175 175 175 175 175 175 175 175 175 175 175 175 175 175 175 175 137 137 137 137 137 137 137 137 137 137 137 137 122 122 122 122 122 122 122 122 122 122 122 122 122 122 122 122 122 122 122 120 120 120 120 120 120
176 176 176 176 176 176 176 176 176 176 176 175 175 175 175 175 175 175 175 175 175 175 175 175 175 175 175 175 175 175 175 175 175 175 175 175 175 175 175 175 175 175 175 175 175 175 175 175 175 175 175 175 175 175 175 175 175 137 137 137 137 137 137 137 137 137 137 137 122 122 122 122 122 122 122 122 122 122 122 122 122 122 122 122 122 122 122 122 120 120 120 120 120 120
176 176 176 176 176 176 176 176 176 176 176 175 175 175 175 175 175 175 175 175 175 175 175 175 175 175 175 175 175 175 175 175 175 175 175 175 175 175 175 175 175 175 175 175 175 175 175 175 175 175 175 175 175 175 175 175 175 137 137 137 137 137 137 137 137 137 137 122 122 122 122 122 122 122 122 122 122 122 122 122 122 122 122 122 122 122 122 122 122 120 120 120 120 120
176 176 176 176 176 176 176 176 176 176 176 175 175 175 175 175 175 175 175 175 175 175 175 175 175 175 175 175 175 175 175 175 175 175 175 175 175 175 175 175 175 175 175 175 175 175 175 175 175 175 175 175 175 175 175 175 137 137 137 137 137 137 137 137 137 137 137 122 122 122 122 122 122 122 122 122 122 122 122 122 122 122 122 122 122 122 122 122 122 120 120 120 120 120
176 176 176 176 176 176 176 176 176 176 176 176 175 175 175 175 175 175 175 175 175 175 175 175 175 175 175 175 175 175 175 175 175 175 175 175 175 175 175 175 175 175 175 175 175 175 175 175 175 175 175 175 175 175 175 175 137 137 137 137 137 137 137 137 137 137 122 122 122 122 122 122 122 122 122 122 122 122 122 122 122 122 122 122 122 122 122 122 122 120 120 120 120 120
176 176 176 176 176 176 176 176 176 176 176 176 175 175 175 175 175 175 175 175 175 175 175 175 175 175 175 175 175 175 175 175 175 175 175 175 175 175 175 175 175 175 175 175 175 175 175 175 175 175 175 175 175 175 175 175 137 137 137 137 137 137 137 137 137 122 122 122 122 122 122 122 122 122 122 122 122 122 122 122 122 122 122 122 122 122 122 122 122 120 120 120 120 120
176 176 176 176 176 176 176 176 176 176 176 176 175 175 175 175 175 175 175 175 175 175 175 175 175 175 175 175 175 175 175 175 175 175 175 175 175 175 175 175 175 175 175 175 175 175 175 175 175 175 175 175 175 175 175 175 137 137 137 137 137 137 137 137 122 122 122 122 122 122 122 122 122 122 122 122 122 122 122 122 122 122 122 122 122 122 122 122 122 122 120 120 120 120
176 176 176 176 176 176 176 176 176 176 176 176 176 175 175 175 175 175 175 175 175 175 175 175 175 175 175 175 175 175 175 175 175 175 175 175 175 175 175 175 175 175 175 175 175 175 175 175 175 175 175 175 175 175 175 175 137 137 137 137 137 137 137 122 122 122 122 122 122 122 122 122 122 122 122 122 122 122 122 122 122 122 122 122 122 122 122 122 122 122 120 120 120 120
176 176 176 176 176 176 176 176 176 176 176 176 176 175 175 175 175 175 175 175 175 175 175 175 175 175 175 175 175 175 175 175 175 175 175 175 175 175 175 175 175 175 175 175 175 175 175 175 175 175 175 175 175 175 175 175 137 137 137 137 137 137 122 122 122 122 122 122 122 122 122 122 122 122 122 122 122 122 122 122 122 122 122 122 122 122 122 122 122 122 120 120 120 120
176 176 176 176 176 176 176 176 176 176 176 176 176 175 175 175 175 175 175 175 175 175 175 175 175 175 175 175 175 175 175 175 175 175 175 175 175 175 175 175 175 175 175 175 175 175 175 175 175 175 175 175 175 175 175 175 137 137 137 137 137 122 122 122 122 122 122 122 122 122 122 122 122 122 122 122 122 122 122 122 122 122 122 122 122 122 122 122 122 122 120 120 120 120
176 176 176 176 176 176 176 176 176 176 176 176 176 175 175 175 175 175 175 175 175 175 175 175 175 175 175 175 175 175 175 175 175 175 175 175 175 175 175 175 175 175 175 175 175 175 175 175 175 175 175 175 175 175 175 137 137 137 137 137 137 122 122 122 122 122 122 122 122 122 122 122 122 122 122 122 122 122 122 122 122 122 122 122 122 122 122 122 122 122 120 120 120 120
176 176 176 176 176 176 176 176 176 176 176 176 176 176 175 175 175 175 175 175 175 175 175 175 175 175 175 175 175 175 175 175 175 175 175 175 175 175 175 175 175 175 175 175 175 175 175 175 175 175 175 175 175 175 175 137 137 137 137 137 122 122 122 122 122 122 122 122 122 122 122 122 122 122 122 122 122 122 122 122 122 122 122 122 122 122 122 122 122 122 122 120 120 120
