testData/tiles/oneDegreeCosts/grid7.0-48.0-8.0-49.0.asc
ncols   200
nrows   200
xllcorner   7.0
yllcorner   48.0
cellsize   0.005
NODATA_value   -9999.0
[rows 126 to 167 of 200, columns 94 to 187 of 200]
456 456 457 457 457 457 457 458 459 459 459 459 459 459 459 459 459 459 461 461 461 460 460 460 460 460 460 461 461 461 461 461 460 460 460 460 460 460 460 460 460 459 459 459 458 458 458 458 458 458 457 457 456 456 700 700 699 700 699 699 698 698 697 696 696 695 694 694 694 693 693 692 691 690 690 689 688 687 686 686 685 684 683 683 682 681 679 678 677 676 676 675 674 673
457 457 457 458 458 458 458 458 459 460 460 460 460 460 460 460 460 461 461 461 461 461 461 461 461 461 462 462 462 462 461 461 461 461 461 461 461 461 461 461 460 460 460 459 459 459 459 459 459 458 458 457 457 457 457 701 701 701 700 700 699 698 698 697 697 696 695 696 695 694 693 693 692 691 690 690 689 688 688 687 686 685 684 683 682 681 680 679 678 678 677 676 675 673
458 458 458 458 458 459 459 460 460 460 460 461 461 461 461 461 462 462 462 462 462 462 462 462 462 462 463 463 462 462 462 462 462 462 461 462 462 462 462 461 461 461 460 460 460 461 460 460 459 459 459 458 458 457 457 702 702 701 701 700 700 699 699 698 697 697 697 696 696 695 694 694 693 692 691 690 690 690 689 688 687 686 685 684 683 682 681 680 680 679 678 677 676 674
458 459 459 459 459 459 461 461 461 461 461 461 461 461 462 462 463 463 463 463 463 463 463 463 463 463 463 463 463 463 463 463 463 462 462 463 463 463 462 462 462 462 461 461 461 461 461 461 460 460 459 459 458 458 458 458 703 702 702 701 700 700 699 699 698 698 698 697 696 696 695 694 694 693 692 691 691 691 690 689 688 687 686 685 684 683 682 682 681 680 679 678 676 675
459 459 460 460 460 460 461 461 462 462 462 462 462 462 462 463 463 463 463 463 463 463 463 463 464 464 464 464 464 464 464 463 463 463 464 464 464 463 463 463 463 462 462 462 462 462 462 461 461 460 460 460 459 459 459 459 703 703 702 702 701 701 700 699 700 699 699 698 697 697 696 695 694 694 693 693 692 691 690 690 689 688 687 686 685 684 684 683 682 681 680 678 677 676
460 460 460 460 461 462 462 462 462 462 463 463 463 463 464 464 464 464 464 464 464 464 464 464 465 465 465 465 465 464 464 464 464 465 465 464 464 464 464 463 463 463 463 463 463 463 462 462 462 461 461 460 460 461 460 460 460 704 703 703 702 701 701 701 701 700 699 699 698 697 697 696 695 694 695 694 693 692 691 690 689 689 688 687 686 686 685 684 683 682 680 679 678 677
460 461 461 461 461 463 463 463 463 463 463 463 463 464 465 465 465 465 465 465 465 465 465 466 466 466 465 465 465 465 465 465 465 466 465 465 465 465 464 464 464 464 464 464 464 463 463 463 462 462 462 461 462 461 461 460 460 460 704 703 703 702 703 702 701 701 700 699 699 698 697 697 696 696 695 695 694 693 692 691 690 689 688 688 688 687 686 685 683 682 681 680 679 678
461 461 462 462 463 463 463 464 464 464 464 464 464 465 465 465 465 465 465 465 465 465 466 466 466 466 466 466 466 466 466 466 466 466 466 466 466 465 465 465 465 464 465 465 464 464 464 463 463 463 462 463 462 462 461 461 461 460 705 704 703 703 703 703 702 701 701 700 699 699 698 697 698 697 696 695 695 694 693 692 691 690 689 689 688 687 686 685 684 683 682 681 680 679
462 462 462 464 464 464 464 464 464 465 465 465 465 466 466 466 466 466 466 466 466 466 467 467 467 467 467 467 467 467 466 467 467 467 467 467 466 466 466 466 465 466 466 465 465 465 464 464 464 463 463 464 463 463 462 462 461 461 461 705 704 705 704 703 703 702 702 701 700 700 699 699 698 698 697 696 695 694 694 693 692 691 691 690 689 688 687 686 685 684 683 682 681 681
463 463 463 464 464 465 465 465 465 465 465 465 467 467 467 467 467 467 467 467 467 468 468 468 468 468 468 467 467 467 467 468 468 468 467 467 467 467 467 466 467 467 466 466 466 466 465 465 464 464 465 464 464 463 463 462 462 461 461 461 706 705 705 704 704 703 702 702 701 700 701 700 699 698 698 697 696 695 694 694 693 693 692 691 690 689 688 687 686 685 684 683 683 681
463 463 465 465 465 465 465 466 466 466 466 467 467 467 467 467 467 467 468 468 468 468 468 468 468 468 468 468 468 468 469 469 468 468 468 468 468 467 467 468 468 467 467 467 467 466 466 465 465 466 465 465 465 464 464 463 463 462 462 462 707 706 705 705 704 704 703 702 702 702 701 701 700 699 698 698 697 696 695 694 694 694 693 692 691 690 689 688 687 686 685 685 683 682
464 464 465 466 466 466 466 466 466 467 467 468 468 468 468 468 468 468 468 468 469 469 469 469 469 469 469 469 469 470 469 469 469 469 469 469 468 468 468 469 468 468 468 468 467 467 467 466 467 466 466 466 465 465 464 464 463 463 463 463 463 707 706 706 705 704 704 703 703 703 702 701 701 700 699 698 698 697 696 696 695 694 693 692 692 691 690 689 688 686 686 685 684 683
465 466 466 466 466 467 467 467 467 467 468 468 469 469 469 469 469 469 469 470 470 470 470 470 470 470 470 469 469 470 470 470 470 470 469 469 469 469 470 469 469 469 468 468 468 468 467 467 467 467 467 466 466 465 465 465 464 464 464 464 463 463 707 706 706 705 704 704 704 703 703 702 701 701 700 699 698 697 698 697 696 695 694 693 692 691 690 689 688 688 687 686 685 684
465 466 467 467 467 467 467 468 468 468 469 469 469 469 469 469 469 469 469 471 470 470 470 470 470 470 470 470 471 471 471 471 470 470 470 470 470 470 470 470 470 469 469 469 469 468 468 469 468 468 467 467 467 466 466 465 465 465 465 464 464 463 463 707 706 706 705 706 705 704 703 703 702 701 701 700 699 699 698 698 697 696 695 694 693 692 691 690 690 689 688 687 686 685
467 467 467 468 468 468 468 468 468 470 470 470 470 470 470 470 470 470 471 471 471 471 471 471 471 471 471 472 472 472 471 471 471 471 471 471 470 471 471 471 470 470 470 470 469 469 470 469 469 468 468 468 467 467 466 466 466 466 465 465 464 464 463 708 707 706 707 706 706 705 704 704 703 702 701 701 701 700 699 698 697 697 696 695 694 693 692 692 691 690 689 688 687 685
468 468 468 468 468 469 469 469 469 470 470 470 470 471 471 471 471 471 472 472 472 472 472 472 472 472 471 472 472 472 472 472 472 472 471 471 472 472 472 471 471 471 470 470 470 470 470 470 469 469 469 468 468 467 467 468 467 467 466 466 465 465 464 464 708 708 708 707 706 706 705 704 703 703 702 702 701 701 700 699 698 697 696 695 695 694 694 693 692 691 690 688 687 686
468 468 469 469 469 469 469 470 471 471 471 471 471 471 471 471 471 472 472 472 472 472 472 472 472 472 473 473 473 473 473 473 472 472 472 472 473 472 472 472 472 471 471 471 471 471 471 471 470 470 469 469 469 468 468 468 468 467 467 466 466 465 465 464 464 709 708 708 707 706 706 705 704 703 703 703 702 701 701 700 699 698 697 696 695 695 694 693 692 691 690 689 688 687
469 469 469 469 470 470 470 470 471 471 472 472 472 472 472 472 472 473 473 473 473 473 473 473 473 473 474 474 474 473 473 473 473 473 473 473 473 473 473 473 472 472 472 471 472 472 472 471 471 470 470 470 469 469 469 469 468 468 467 467 466 466 465 465 465 465 709 708 708 707 706 706 705 704 704 704 703 702 701 700 700 699 698 697 697 696 695 694 693 692 691 690 689 688
469 470 470 470 470 470 471 472 472 472 472 472 472 472 473 473 474 474 474 474 474 474 474 474 474 474 474 474 474 474 474 474 474 473 474 474 474 474 473 473 473 473 472 472 473 472 472 472 471 471 471 470 470 470 470 470 469 469 468 468 467 467 466 466 466 465 465 709 708 708 707 706 706 706 705 704 704 703 702 701 700 699 699 699 698 697 696 695 694 693 692 691 690 689
470 470 471 471 471 471 472 472 473 473 473 473 473 473 473 474 474 474 474 474 474 474 474 474 475 475 475 475 475 475 475 474 474 474 475 475 475 474 474 474 474 473 473 474 473 473 473 472 472 472 471 471 472 471 471 470 470 469 469 468 468 467 468 467 466 466 465 465 709 708 708 707 707 707 706 705 704 703 703 702 701 700 700 699 698 698 697 696 695 694 693 692 690 690
471 471 471 471 472 472 473 473 473 473 473 474 474 474 474 475 475 475 475 475 475 475 475 475 476 476 476 476 475 475 475 475 475 476 476 475 475 475 475 474 474 474 475 474 474 474 473 473 473 472 472 472 472 472 471 471 470 470 469 469 468 469 468 468 467 467 466 465 465 709 708 709 708 707 706 706 705 704 703 703 702 701 701 700 699 698 697 696 695 694 693 692 692 691
471 472 472 472 472 473 474 474 474 474 474 474 474 474 475 475 476 476 476 476 476 476 476 476 476 476 476 476 476 476 476 476 477 476 476 476 476 476 475 475 475 475 475 475 475 474 474 474 473 473 473 473 473 472 472 471 471 471 470 470 469 469 469 468 468 467 467 466 465 465 709 709 709 708 707 706 706 705 704 703 702 703 702 701 700 699 698 697 696 695 694 694 693 692
472 472 472 473 473 474 474 474 474 475 475 475 475 475 476 476 476 476 476 476 476 476 476 477 477 477 477 477 477 477 476 476 477 477 477 477 476 476 476 476 475 476 476 476 475 475 475 474 474 474 474 474 473 473 473 472 472 471 471 470 471 470 470 469 468 468 467 467 466 465 466 710 709 709 708 707 706 706 705 704 704 703 702 702 701 700 699 698 697 696 696 695 694 693
473 473 473 473 474 475 475 475 475 475 475 475 475 477 477 477 477 477 477 477 477 477 478 478 478 478 477 477 477 477 477 478 478 478 477 477 477 477 477 476 477 477 477 476 476 476 475 475 475 474 475 474 474 474 473 473 472 472 471 472 471 471 470 470 469 468 468 467 467 467 466 466 710 709 708 708 707 706 705 706 705 704 703 702 701 700 699 698 698 697 696 695 694 693
473 473 474 474 475 475 475 475 476 476 476 476 476 477 477 477 477 477 477 477 477 477 478 478 478 478 478 478 478 478 478 478 478 478 478 478 478 477 477 477 478 477 477 477 477 476 476 476 475 476 475 475 475 474 474 473 473 472 472 472 472 471 471 470 470 469 469 468 468 468 467 466 466 710 709 708 708 707 707 706 705 705 704 703 702 701 700 699 698 698 697 696 695 694
474 474 474 474 476 476 476 476 476 476 476 477 478 478 478 478 478 478 478 478 478 479 479 479 479 479 479 479 478 478 479 479 479 479 479 478 478 478 478 479 478 478 478 477 477 477 477 476 476 476 476 476 475 475 474 474 474 473 474 473 473 472 471 471 470 470 469 469 469 468 468 467 466 466 466 709 708 708 708 707 706 705 704 704 703 702 701 700 700 699 698 697 696 695
474 475 475 476 476 476 477 477 477 477 477 477 478 478 478 478 478 479 479 479 479 480 479 479 479 479 479 479 479 479 480 480 480 479 479 479 479 479 478 479 479 479 478 478 478 477 477 477 477 477 477 476 476 475 475 475 474 475 474 474 473 473 472 472 471 470 470 470 470 469 468 468 467 466 466 466 709 709 708 708 707 706 705 704 703 702 702 702 701 700 699 698 697 695
475 475 475 477 477 477 477 477 477 478 478 479 479 479 479 479 479 479 479 479 480 480 480 480 480 480 480 480 480 481 480 480 480 480 480 480 479 479 480 480 479 479 479 479 478 478 478 478 478 478 477 477 476 476 476 475 475 475 475 474 474 473 473 472 472 471 471 471 470 470 469 468 468 467 466 466 466 710 709 708 707 707 706 705 704 703 703 702 701 700 699 698 697 696
476 476 477 477 477 478 478 478 478 478 478 479 479 479 480 480 480 480 480 480 481 481 481 481 481 480 480 480 480 481 481 481 481 481 480 480 480 480 481 480 480 480 480 479 479 479 478 479 479 478 478 477 477 477 476 476 476 476 475 475 474 474 473 473 472 473 472 471 471 470 470 469 468 467 467 467 466 465 465 709 708 707 706 706 705 705 704 703 702 701 700 699 698 697
476 476 478 478 478 478 478 478 479 479 480 480 480 480 480 480 480 480 480 481 481 481 481 481 481 481 481 481 482 482 482 481 481 481 481 481 481 481 481 481 481 480 480 480 480 479 480 480 479 479 478 478 478 477 477 477 477 476 476 475 475 474 474 473 473 473 473 472 471 471 470 469 469 468 468 468 467 466 465 465 709 708 707 706 706 705 705 704 703 702 701 700 699 698
477 478 478 478 479 479 479 479 479 479 480 480 481 481 481 481 481 481 481 482 482 482 482 482 482 482 482 481 482 482 482 482 482 482 482 481 482 482 482 481 481 481 481 480 480 480 480 480 480 479 479 479 478 478 477 478 478 477 477 476 476 475 475 474 474 474 473 473 472 471 471 470 469 469 469 468 468 467 466 465 465 465 708 707 707 706 705 704 703 702 701 700 699 698
477 478 479 479 479 479 479 480 480 481 481 481 481 481 481 481 481 481 482 482 482 482 482 482 482 482 482 483 483 483 483 483 482 482 482 482 483 482 482 482 482 482 481 481 481 481 481 481 480 480 480 479 479 478 479 479 478 478 477 477 476 476 475 476 475 474 474 473 473 472 471 471 470 470 470 469 468 467 467 466 465 465 465 708 708 707 706 705 704 703 702 701 700 700
479 479 479 479 480 480 480 480 480 481 481 482 482 482 482 482 482 482 483 483 483 483 483 483 483 483 483 484 483 483 483 483 483 483 483 483 483 483 483 483 482 482 482 482 482 482 482 481 481 481 480 480 479 479 480 479 479 478 478 477 477 476 476 476 476 475 474 474 473 473 472 471 472 471 470 469 469 468 467 466 466 465 465 464 464 707 706 706 705 704 703 702 702 701
479 480 480 480 480 480 481 481 481 482 482 482 482 482 482 482 482 484 484 484 484 484 483 483 483 483 484 484 484 484 484 484 484 483 483 484 484 484 483 483 483 483 482 482 483 482 482 482 481 481 481 480 480 481 480 480 479 479 478 478 477 477 477 477 476 476 475 474 474 473 473 472 472 472 471 470 469 469 468 467 466 466 466 465 464 463 463 706 705 704 703 703 702 701
480 480 480 481 481 481 481 481 482 482 483 483 483 483 483 483 483 484 484 484 484 484 484 484 484 484 485 485 485 484 484 484 484 484 485 485 484 484 484 484 483 483 483 484 483 483 483 482 482 482 481 481 482 481 481 480 480 479 479 478 478 477 478 477 477 476 476 475 474 474 473 473 473 472 471 471 470 469 468 468 467 467 466 465 465 464 463 462 462 705 704 704 703 702
480 481 481 481 481 481 482 482 483 483 483 483 483 483 483 484 485 485 485 485 485 485 485 485 484 485 485 485 485 485 485 485 485 484 485 485 485 485 484 484 484 484 483 484 484 484 483 483 483 482 482 482 482 482 481 481 480 480 479 479 478 479 478 478 477 477 476 476 475 474 475 474 473 473 472 471 471 470 469 468 468 468 467 466 465 464 463 462 462 461 461 705 704 703
481 481 481 482 482 482 482 483 483 484 484 484 484 484 484 484 485 485 485 485 485 485 485 485 485 486 486 486 486 486 485 485 485 486 486 486 485 485 485 485 485 484 485 485 484 484 484 484 483 483 482 483 483 482 482 481 481 481 480 480 480 480 479 478 478 477 477 476 476 475 475 475 474 473 473 472 471 470 470 470 469 468 467 467 466 465 464 463 462 462 461 460 459 459
482 482 482 482 482 483 483 484 484 484 484 484 484 484 485 486 486 486 486 486 486 486 486 486 487 486 486 486 486 486 486 486 486 488 487 487 487 487 487 486 486 486 487 486 486 486 485 485 485 484 484 485 484 484 483 483 483 482 482 481 482 481 481 480 480 479 478 478 477 478 477 476 476 475 474 473 473 472 470 470 470 469 468 467 466 465 465 464 464 463 462 461 460 459
482 482 483 483 483 483 484 484 485 485 485 485 485 485 485 486 486 486 486 486 486 486 486 486 488 488 488 488 488 488 488 487 488 488 488 488 488 487 487 487 487 487 487 487 487 486 486 486 485 485 486 485 485 484 484 484 483 483 482 483 482 482 481 481 480 480 479 478 479 478 477 477 476 475 475 474 473 473 473 472 471 470 470 469 468 467 466 465 464 463 462 461 460 459
483 483 483 483 483 484 485 485 485 485 485 485 485 486 486 487 488 488 488 488 488 488 488 489 489 489 488 488 488 488 488 488 489 489 488 488 488 488 488 487 487 488 488 487 487 487 486 486 486 485 486 486 485 485 485 484 484 483 483 483 483 482 482 481 481 480 479 479 479 479 478 477 477 476 475 475 474 474 473 473 472 471 470 469 469 468 467 467 466 465 464 463 462 461
483 483 484 484 484 484 485 485 486 486 487 487 487 487 488 488 488 488 488 488 488 488 488 489 489 489 489 489 489 489 489 489 489 489 489 489 489 488 488 488 489 488 488 488 488 487 488 488 487 488 488 487 487 486 486 486 485 485 485 485 484 484 483 483 482 481 480 480 480 479 479 478 477 477 476 475 475 475 474 473 472 472 471 470 469 468 468 468 467 466 465 464 463 462
484 484 484 484 484 487 487 487 487 487 487 487 488 488 489 489 489 489 489 489 489 489 490 490 490 490 490 489 489 489 489 491 491 491 490 490 490 490 490 489 490 490 490 489 489 489 489 488 488 489 488 488 487 487 487 486 486 485 486 485 485 484 484 483 483 482 482 482 481 481 480 480 479 478 477 477 477 476 476 475 473 472 471 471 470 470 469 468 467 466 465 464 463 462
