testData/tiles/oneDegreeCosts/grid21.0-46.0-22.0-47.0.asc
ncols   200
nrows   200
xllcorner   21.0
yllcorner   46.0
cellsize   0.005
NODATA_value   -9999.0
[rows 84 to 125 of 200, columns 0 to 93 of 200]
96 96 97 97 97 97 97 97 98 99 99 100 100 101 101 102 102 104 104 105 105 105 106 106 107 107 107 108 108 108 109 109 109 110 110 110 111 111 111 111 112 112 112 113 112 112 112 113 113 113 113 114 114 114 114 115 115 115 115 115 115 115 115 115 116 116 116 116 116 116 116 116 116 116 117 117 117 116 116 116 117 117 117 116 116 116 117 117 117 116 116 116 117 117
100 101 101 101 101 101 101 102 102 103 104 104 105 105 106 106 107 108 108 109 109 110 110 110 111 111 112 112 112 113 113 113 114 114 114 115 115 115 115 116 116 116 117 117 116 116 117 117 117 117 118 118 118 118 119 119 119 119 120 120 119 119 119 120 120 120 120 120 121 121 120 120 120 121 121 121 121 121 120 121 121 121 121 121 122 121 121 121 121 121 121 121 121 121
104 104 105 105 105 105 106 106 107 107 108 109 109 110 110 110 111 111 112 112 113 113 114 115 115 116 116 116 117 117 117 118 118 118 118 119 119 119 120 119 119 120 120 120 120 121 121 121 121 122 122 122 122 123 123 123 123 123 124 123 123 123 124 124 124 124 124 125 125 125 124 124 125 125 125 125 125 125 125 125 125 125 125 126 126 125 125 125 125 125 126 125 125 125
108 108 108 108 108 109 109 111 111 112 112 113 113 114 114 115 115 116 116 117 117 117 118 118 118 119 119 119 120 120 120 121 121 121 122 122 122 123 123 123 123 124 124 124 125 125 125 125 126 126 126 126 127 127 126 126 126 127 127 127 127 128 128 128 128 128 129 128 128 128 128 129 129 129 129 129 128 129 129 129 129 129 130 129 129 129 129 129 130 130 129 129 129 129
112 112 112 112 112 113 114 114 115 115 116 116 117 117 118 118 119 120 120 121 121 122 122 122 123 123 123 124 124 124 125 125 125 126 126 126 127 127 127 127 128 128 128 129 128 128 128 129 129 129 129 130 130 130 130 130 131 131 131 131 132 132 131 131 131 132 132 132 132 132 133 133 132 132 132 132 133 133 133 133 133 133 133 133 133 133 133 134 133 133 133 133 133 133
115 115 115 115 116 116 117 118 118 120 120 121 121 122 122 122 123 123 124 124 125 125 125 126 126 126 127 127 127 128 128 128 129 129 129 130 130 130 130 131 131 131 131 132 132 132 133 133 133 133 133 134 133 133 133 134 134 134 134 135 135 135 135 135 136 136 135 135 135 136 136 136 136 136 136 137 136 136 136 136 137 137 137 137 136 136 137 137 137 137 137 136 136 137
118 118 118 119 119 121 121 122 123 123 124 124 124 125 125 126 126 127 127 127 128 128 129 129 129 130 130 130 131 131 131 132 132 132 132 133 133 133 134 134 134 134 135 135 135 135 136 136 136 136 137 137 137 137 138 138 137 137 138 138 138 138 138 139 139 139 139 139 140 139 139 139 139 139 140 140 140 140 140 140 140 140 140 140 140 141 141 140 140 140 140 140 141 140
121 121 121 123 124 124 125 125 126 126 127 127 128 128 129 129 130 130 130 131 131 131 132 132 133 133 133 134 134 134 135 135 135 135 136 136 136 137 137 137 137 138 138 138 138 139 139 139 139 140 140 140 140 141 141 141 141 141 141 141 141 141 142 142 142 142 142 143 143 143 143 142 142 143 143 143 143 143 144 144 143 143 143 143 144 144 144 144 143 143 144 144 144 144
124 124 126 127 127 128 128 129 129 130 130 131 131 132 132 132 133 133 134 134 134 135 135 135 136 136 136 137 137 137 138 138 138 139 139 139 140 140 140 140 141 141 141 141 142 142 142 142 143 143 143 143 144 144 144 144 144 145 145 144 144 145 145 145 145 145 146 146 146 146 146 145 146 146 146 146 146 147 147 147 147 146 146 147 147 147 147 147 147 147 147 147 147 147
127 128 128 129 131 131 132 132 133 133 134 134 134 135 135 136 136 137 137 137 138 138 138 139 139 139 140 140 140 141 141 141 142 142 142 142 143 143 143 144 144 144 144 145 145 145 145 146 146 146 146 147 147 147 147 147 148 147 147 147 148 148 148 148 148 149 149 149 149 149 149 149 149 149 149 149 150 150 150 150 150 149 150 150 150 150 150 150 151 150 150 150 150 150
148 148 149 149 150 150 151 152 136 136 137 137 138 138 139 139 139 140 140 141 141 141 142 142 142 143 143 143 144 144 144 145 145 145 145 146 146 146 147 147 147 147 148 148 148 148 149 149 149 149 150 150 150 150 149 150 150 150 150 150 151 151 151 151 151 152 152 152 152 151 152 152 152 152 152 153 153 153 153 153 152 153 153 153 153 153 153 154 153 153 153 153 153 153
151 152 152 153 153 154 154 155 155 156 156 157 157 159 159 159 160 160 143 144 144 145 145 145 146 146 146 147 147 147 147 148 148 148 149 149 149 149 150 150 150 151 151 151 151 152 152 152 151 151 152 152 152 152 153 153 153 153 153 154 154 154 154 154 155 155 154 154 154 155 155 155 155 155 156 156 156 156 155 155 156 156 156 156 156 156 157 156 156 156 156 156 156 157
154 155 156 156 157 157 158 158 159 159 160 160 160 161 161 162 162 162 163 163 163 164 164 164 165 148 148 149 149 149 150 150 150 151 151 151 151 152 152 152 152 153 153 153 153 154 154 154 154 155 155 155 155 156 156 156 156 156 157 157 157 156 156 157 157 157 157 157 158 158 158 158 158 159 158 158 158 158 158 159 159 159 159 159 158 159 159 159 159 159 159 159 159 159
157 157 158 158 159 160 160 161 162 162 163 163 164 164 165 165 165 166 166 166 167 167 167 168 168 168 169 169 169 170 170 170 154 154 154 154 155 155 155 155 156 156 156 156 157 157 157 157 158 158 158 158 159 159 158 158 158 159 159 159 159 159 160 160 160 160 160 161 161 161 160 160 161 161 161 161 161 161 162 162 162 161 161 161 162 162 162 162 162 162 161 162 162 162
160 161 161 162 162 163 163 164 164 165 165 166 166 166 167 167 168 168 168 169 169 169 170 171 171 172 172 172 173 173 173 173 174 174 174 175 175 158 157 158 158 158 158 159 159 159 159 160 160 160 160 161 161 161 161 161 162 162 162 162 162 163 163 162 162 162 163 163 163 163 163 164 164 164 164 164 163 164 164 164 164 164 164 165 165 165 164 164 164 164 165 165 165 165
163 163 164 164 165 165 166 166 168 168 168 169 169 170 170 170 171 171 172 172 172 173 173 173 174 174 174 174 175 175 175 176 176 176 177 177 177 177 178 178 178 178 162 162 162 162 163 163 163 163 163 164 164 163 163 164 164 164 164 164 165 165 165 165 165 166 166 166 166 166 166 166 166 166 166 166 167 167 167 167 167 166 167 167 167 167 167 167 167 168 167 167 167 167
166 167 167 168 168 169 169 169 170 170 171 171 172 172 172 173 173 173 174 174 174 175 175 175 176 176 176 177 177 177 178 178 178 178 179 179 179 180 180 180 180 181 181 181 181 182 182 165 165 165 166 166 166 166 167 167 167 167 167 168 168 167 167 167 168 168 168 168 168 168 169 169 169 169 169 169 169 169 169 169 169 170 170 170 170 169 169 169 170 170 170 170 170 170
168 169 169 170 170 171 171 172 172 173 173 173 174 174 175 175 176 177 177 177 178 178 178 179 179 179 180 180 180 181 181 181 181 182 182 182 182 183 183 183 184 184 184 184 184 184 184 184 184 185 185 168 168 169 169 169 169 169 170 170 170 170 170 171 171 171 170 170 170 171 171 171 171 171 172 172 172 172 172 171 172 172 172 172 172 172 172 173 173 172 172 172 172 173
171 171 172 172 173 173 174 174 176 176 176 177 177 178 178 178 179 179 179 180 180 180 181 181 181 182 182 182 182 183 183 183 184 184 184 184 185 185 185 185 186 186 186 186 187 187 187 187 188 188 188 188 188 188 188 171 171 172 172 172 172 172 173 173 173 173 173 173 174 174 173 173 173 174 174 174 174 174 174 175 175 175 174 174 174 174 175 175 175 175 175 175 175 175
173 174 174 176 176 177 177 177 178 178 179 179 179 180 180 181 181 181 182 182 182 183 183 183 184 184 184 184 185 185 185 186 186 186 186 187 187 187 187 188 188 188 188 189 189 189 189 190 190 190 190 190 191 191 191 191 192 192 191 174 174 175 175 175 175 175 175 176 176 176 176 176 177 176 176 176 176 176 177 177 177 177 177 177 177 177 177 177 177 177 177 178 178 178
176 177 177 178 178 179 179 180 180 180 181 181 182 182 182 183 183 183 184 184 184 185 185 185 186 186 186 187 187 187 187 188 188 188 189 189 189 189 190 190 190 190 191 191 191 191 192 192 192 192 192 193 193 193 193 193 194 194 194 194 194 194 194 177 177 177 178 178 178 178 178 179 179 179 179 179 178 179 179 179 179 179 179 179 180 180 180 179 179 179 180 180 180 180
179 179 180 180 181 181 182 182 182 183 183 184 184 184 185 185 185 186 186 186 187 187 187 188 188 188 189 189 189 189 190 190 190 191 191 191 191 192 192 192 192 193 193 193 193 193 194 194 194 194 195 195 195 195 195 196 196 196 196 196 197 197 197 196 196 197 180 180 180 180 180 181 181 181 181 181 182 181 181 181 181 181 181 182 182 182 182 182 181 182 182 182 182 182
181 182 182 183 183 183 184 184 185 185 185 186 186 187 187 187 188 188 188 189 189 189 190 190 190 190 191 191 191 192 193 192 192 193 193 193 193 194 194 194 194 195 195 195 195 196 196 196 196 197 197 197 197 197 198 198 198 198 198 199 199 199 199 199 200 199 199 199 199 199 183 183 183 183 183 184 184 184 184 183 183 183 184 184 184 184 184 184 185 184 184 184 184 184
183 184 184 185 185 186 186 187 187 187 188 188 188 189 189 190 190 190 191 191 191 191 192 192 192 193 194 194 195 195 195 195 196 196 196 195 196 196 196 196 197 197 197 197 198 198 198 198 199 199 199 199 199 200 200 200 200 200 201 201 201 201 201 202 202 201 201 201 201 202 202 202 202 185 186 186 186 186 186 185 185 186 186 186 186 186 186 187 187 187 186 186 186 186
186 186 187 187 188 188 188 189 189 190 190 190 191 191 191 192 192 192 193 193 193 194 194 194 195 195 195 195 196 196 196 197 197 197 197 198 198 198 198 199 199 199 199 200 200 200 200 200 201 201 201 201 202 202 202 202 202 203 203 203 203 203 204 204 204 203 203 203 204 204 204 204 204 204 205 205 188 188 188 187 188 188 188 188 188 188 189 189 189 189 188 188 188 189
188 189 189 189 190 190 191 191 191 192 192 193 193 193 194 194 194 195 195 195 196 196 196 197 197 197 197 198 198 198 199 199 199 199 200 200 200 200 201 201 201 201 202 202 202 202 202 203 203 203 203 204 204 204 204 204 205 205 205 205 205 206 206 206 205 205 205 206 206 206 206 206 206 207 207 207 207 207 207 190 190 190 190 190 190 191 191 191 191 191 190 190 191 191
190 191 191 192 192 193 193 193 194 194 194 195 195 196 196 196 197 197 197 198 198 198 198 199 199 199 200 200 200 200 201 201 201 202 202 202 202 203 203 203 203 203 204 204 204 204 205 205 205 205 205 206 206 206 206 207 207 207 207 207 207 208 207 207 207 207 208 208 208 208 208 208 209 209 209 209 209 209 209 209 209 209 192 192 193 193 193 193 193 192 192 193 193 193
192 193 194 194 194 195 195 196 196 196 197 197 197 198 198 198 199 199 199 200 200 200 201 201 201 202 202 202 202 203 203 203 203 204 204 204 204 205 205 205 205 206 206 206 206 207 207 207 207 207 208 208 208 208 208 209 209 209 209 209 209 209 209 209 209 210 210 210 210 210 210 211 211 211 211 211 210 211 211 211 211 211 211 212 195 195 195 195 194 194 195 195 195 195
194 194 195 195 196 197 197 198 198 199 199 199 200 200 200 201 201 201 202 202 202 203 203 203 203 204 204 204 205 205 205 205 206 206 206 206 207 207 207 207 208 208 208 208 209 209 209 209 209 210 210 210 210 210 211 211 210 210 210 211 211 211 211 211 212 212 212 212 212 212 213 213 213 213 212 212 213 213 213 213 213 213 214 214 214 214 213 196 196 197 197 197 197 197
196 197 197 198 198 198 199 199 199 200 200 202 202 202 203 203 203 204 204 204 204 205 205 205 206 206 206 206 207 207 207 208 208 208 208 209 209 209 209 210 210 210 210 210 211 211 211 211 212 212 211 211 211 212 212 212 212 212 213 213 213 213 213 214 214 214 214 214 214 215 215 214 214 214 214 215 215 215 215 215 215 216 216 216 215 215 215 215 216 216 199 199 199 199
199 199 199 200 200 201 201 201 202 202 202 203 203 203 204 204 204 205 205 205 206 206 207 208 208 208 208 209 209 209 209 210 210 210 211 211 211 211 211 211 211 211 211 212 212 212 212 213 213 213 213 213 214 214 214 214 214 215 215 215 215 215 215 216 216 216 216 215 216 216 216 216 216 216 217 217 217 217 217 217 218 218 217 217 217 217 217 218 218 218 218 218 201 200
201 201 202 202 202 203 203 204 204 204 205 205 205 206 206 206 207 207 207 208 208 208 208 209 209 209 210 210 210 210 211 211 211 211 212 212 212 212 213 213 213 213 214 214 214 214 214 215 215 215 215 216 216 216 216 216 217 217 217 217 217 217 217 217 217 217 217 218 218 218 218 218 218 219 219 219 219 219 218 219 219 219 219 219 219 219 220 220 220 220 219 219 219 220
202 203 203 203 204 204 205 206 206 207 207 207 208 208 208 209 209 209 210 210 210 210 211 211 211 212 212 212 212 213 213 213 213 214 214 214 214 215 215 215 215 216 216 216 216 216 217 217 217 217 217 218 218 218 218 217 218 218 218 218 218 219 219 219 219 219 220 220 220 220 220 220 221 221 220 220 220 220 220 221 221 221 221 221 221 222 222 221 221 221 221 221 222 222
204 205 205 206 206 206 207 207 207 208 208 208 209 209 209 210 210 210 212 212 212 213 213 213 213 214 214 214 215 215 215 215 216 216 216 216 217 217 217 217 217 218 218 217 217 218 218 218 218 218 219 219 219 219 219 220 220 220 220 220 221 221 221 221 221 221 222 222 222 221 221 222 222 222 222 222 222 222 223 223 223 223 223 222 223 223 223 223 223 223 223 224 224 224
207 207 207 208 208 209 209 209 210 210 210 211 211 211 212 212 212 213 213 213 214 214 214 214 215 215 215 215 216 216 216 216 217 217 217 217 218 218 218 218 219 219 219 219 220 220 220 220 220 221 221 221 221 221 222 222 222 222 222 223 223 223 222 222 222 223 223 223 223 223 223 224 224 224 224 224 224 225 225 224 224 224 224 225 225 225 225 225 225 225 226 225 225 225
208 208 209 209 209 210 210 211 211 212 213 213 213 214 214 214 215 215 215 215 216 216 216 217 217 217 217 218 218 218 218 219 219 219 219 220 220 220 220 221 221 221 221 221 222 222 222 222 223 223 223 223 222 223 223 223 223 223 224 224 224 224 224 224 225 225 225 225 225 225 226 226 226 225 225 225 226 226 226 226 226 226 227 227 227 227 226 226 226 227 227 227 227 227
210 211 211 211 212 212 212 213 213 213 214 214 214 215 215 215 216 216 216 217 217 217 217 218 218 218 219 219 219 219 220 220 220 220 221 221 221 221 222 222 222 222 222 223 223 223 223 224 224 224 224 224 225 225 225 225 225 225 226 226 226 226 226 227 227 227 226 226 226 227 227 227 227 227 227 228 228 228 228 228 228 228 228 228 228 228 228 228 229 229 229 229 229 228
211 212 212 213 213 213 215 215 215 216 216 216 217 217 217 218 218 218 219 219 219 219 220 220 220 220 221 221 221 222 222 222 222 223 223 223 223 223 224 224 224 224 225 225 225 225 225 226 226 226 226 226 227 227 227 226 226 227 227 227 227 227 228 228 228 228 228 228 229 229 229 229 229 229 230 229 229 229 229 229 230 230 230 230 230 230 230 231 230 230 230 230 230 230
214 214 214 215 215 216 216 216 217 217 217 218 218 218 219 219 219 219 220 220 220 221 221 221 221 222 222 222 222 223 223 223 223 224 224 224 224 225 225 225 225 226 226 226 226 226 227 227 227 227 227 228 228 228 228 228 229 229 229 229 229 230 230 230 230 230 230 230 230 230 230 230 230 231 231 231 231 231 231 231 232 232 231 231 231 231 232 232 232 232 232 232 232 232
215 215 216 216 216 218 218 218 219 219 219 220 220 220 221 221 221 222 222 222 222 223 223 223 224 224 224 224 225 225 225 225 226 226 226 226 227 227 227 227 227 228 228 228 228 229 229 229 229 229 230 230 230 230 230 231 230 230 230 230 230 231 231 231 231 231 232 232 232 232 232 232 233 233 233 232 232 232 232 233 233 233 233 233 233 234 234 234 234 233 233 233 233 234
217 218 218 218 219 219 219 220 220 220 221 221 221 222 222 222 223 223 223 223 224 224 224 225 225 225 225 226 226 226 226 227 227 227 227 228 228 228 228 228 229 229 229 229 230 230 230 230 230 231 231 231 231 231 232 232 232 232 232 232 233 233 233 233 233 234 233 233 233 233 233 234 234 234 234 234 234 234 235 235 235 235 234 234 234 235 235 235 235 235 235 235 236 236
218 219 219 219 220 220 221 221 222 223 223 223 224 224 224 224 225 225 225 226 226 226 226 227 227 227 227 228 228 228 228 229 229 229 229 230 230 230 230 231 231 231 231 231 232 232 232 232 232 233 233 233 233 232 233 233 233 233 233 234 234 234 234 234 234 235 235 235 235 235 235 236 236 236 235 235 235 236 236 236 236 236 236 236 237 237 237 237 236 236 236 237 237 237
