testData/tiles/oneDegreeCosts/grid15.0-29.0-16.0-30.0.asc
ncols   200
nrows   200
xllcorner   15.0
yllcorner   29.0
cellsize   0.005
NODATA_value   -9999.0
[rows 42 to 83 of 200, columns 94 to 187 of 200]
457 457 457 457 457 457 457 457 457 457 457 457 457 457 457 457 457 457 457 457 457 457 457 457 552 552 552 552 552 551 551 551 551 551 550 550 550 550 550 549 549 549 549 549 548 548 548 547 547 547 547 546 546 546 546 545 545 545 544 544 544 543 543 543 542 542 542 541 541 540 540 540 539 539 539 539 539 539 539 539 539 539 539 539 539 539 539 539 539 539 539 539 539 539
457 457 457 457 457 457 457 457 457 457 457 457 457 457 457 457 457 457 457 457 457 457 457 553 553 553 553 553 553 552 552 552 552 552 552 551 551 551 551 550 550 550 550 550 549 549 549 549 548 548 548 547 547 547 547 546 546 546 545 545 545 544 544 544 543 543 543 542 542 541 541 541 540 540 539 539 539 539 539 539 539 539 539 539 539 539 539 539 539 539 539 539 539 539
457 457 457 457 457 457 457 457 457 457 457 457 457 457 457 457 457 457 457 457 457 457 457 554 554 554 554 554 554 554 553 553 553 553 553 552 552 552 552 552 551 551 551 551 550 550 550 550 549 549 549 548 548 548 548 547 547 547 546 546 546 545 545 545 544 544 544 543 543 542 542 542 541 541 540 540 540 539 539 539 539 539 539 539 539 539 539 539 539 539 539 539 539 539
457 457 457 457 457 457 457 457 457 457 457 457 457 457 457 457 457 457 457 457 457 457 556 556 555 555 555 555 555 555 554 554 554 554 554 553 553 553 553 553 552 552 552 552 551 551 551 551 550 550 550 549 549 549 549 548 548 548 547 547 547 546 546 546 545 545 545 544 544 543 543 543 542 542 541 541 541 540 540 539 539 539 539 539 539 539 539 539 539 539 539 539 539 539
457 457 457 457 457 457 457 457 457 457 457 457 457 457 457 457 457 457 457 457 457 557 557 557 556 556 556 556 556 556 555 555 555 555 555 554 554 554 554 554 553 553 553 553 552 552 552 552 551 551 551 551 550 550 550 549 549 549 548 548 548 547 547 547 546 546 546 545 545 544 544 544 543 543 542 542 542 541 541 540 540 540 539 539 539 539 539 539 539 539 539 539 539 539
457 457 457 457 457 457 457 457 457 457 457 457 457 457 457 457 457 457 457 457 558 558 558 558 557 557 557 557 557 557 557 556 556 556 556 556 555 555 555 555 554 554 554 554 553 553 553 553 552 552 552 552 551 551 551 550 550 550 549 549 549 548 548 548 547 547 547 546 546 545 545 545 544 544 543 543 543 542 542 541 541 541 540 540 539 539 539 539 539 539 539 539 539 539
457 457 457 457 457 457 457 457 457 457 457 457 457 457 457 457 457 457 457 457 559 559 559 559 559 558 558 558 558 558 558 557 557 557 557 557 556 556 556 556 555 555 555 555 555 554 554 554 553 553 553 553 552 552 552 551 551 551 550 550 550 549 549 549 548 548 548 547 547 546 546 546 545 545 544 544 544 543 543 542 542 541 541 541 540 540 539 539 539 539 539 539 539 539
457 457 457 457 457 457 457 457 457 457 457 457 457 457 457 457 457 457 457 560 560 560 560 560 560 559 559 559 559 559 559 558 558 558 558 558 557 557 557 557 557 556 556 556 556 555 555 555 554 554 554 554 553 553 553 552 552 552 551 551 551 550 550 550 549 549 549 548 548 547 547 547 546 546 545 545 545 544 544 543 543 542 542 542 541 541 540 540 539 539 539 539 539 539
457 457 457 457 457 457 457 457 457 457 457 457 457 457 457 457 457 457 561 561 561 561 561 561 561 561 560 560 560 560 560 560 559 559 559 559 558 558 558 558 558 557 557 557 557 556 556 556 556 555 555 555 554 554 554 553 553 553 552 552 552 551 551 551 550 550 550 549 549 548 548 548 547 547 546 546 546 545 545 544 544 543 543 543 542 542 541 541 540 540 539 539 539 539
457 457 457 457 457 457 457 457 457 457 457 457 457 457 457 457 457 457 563 562 562 562 562 562 562 562 561 561 561 561 561 561 560 560 560 560 560 559 559 559 559 558 558 558 558 557 557 557 557 556 556 556 555 555 555 554 554 554 553 553 553 552 552 552 551 551 551 550 550 549 549 549 548 548 547 547 547 546 546 545 545 544 544 544 543 543 542 542 541 541 540 540 539 539
457 457 457 457 457 457 457 457 457 457 457 457 457 457 457 457 457 564 564 563 563 563 563 563 563 563 562 562 562 562 562 562 561 561 561 561 561 560 560 560 560 559 559 559 559 558 558 558 558 557 557 557 556 556 556 555 555 555 554 554 554 553 553 553 552 552 552 551 551 550 550 550 549 549 548 548 548 547 547 546 546 545 545 544 544 544 543 543 542 542 541 541 540 540
457 457 457 457 457 457 457 457 457 457 457 457 457 457 457 457 565 565 565 565 564 564 564 564 564 564 564 563 563 563 563 563 562 562 562 562 562 561 561 561 561 560 560 560 560 559 559 559 559 558 558 558 557 557 557 556 556 556 555 555 555 554 554 554 553 553 553 552 552 551 551 551 550 550 549 549 549 548 548 547 547 546 546 545 545 545 544 544 543 543 542 542 541 541
457 457 457 457 457 457 457 457 457 457 457 457 457 457 457 457 566 566 566 566 565 565 565 565 565 565 565 564 564 564 564 564 564 563 563 563 563 562 562 562 562 562 561 561 561 560 560 560 560 559 559 559 558 558 558 557 557 557 556 556 556 555 555 555 554 554 554 553 553 552 552 552 551 551 550 550 550 549 549 548 548 547 547 546 546 545 545 545 544 544 543 543 542 542
457 457 457 457 457 457 457 457 457 457 457 457 457 457 457 567 567 567 567 567 567 566 566 566 566 566 566 566 565 565 565 565 565 564 564 564 564 564 563 563 563 563 562 562 562 562 561 561 561 560 560 560 559 559 559 559 558 558 558 557 557 556 556 556 555 555 555 554 554 553 553 553 552 552 551 551 551 550 550 549 549 548 548 547 547 546 546 546 545 545 544 544 543 543
457 457 457 457 457 457 457 457 457 457 457 457 457 457 457 568 568 568 568 568 568 567 567 567 567 567 567 567 566 566 566 566 566 565 565 565 565 565 564 564 564 564 563 563 563 563 562 562 562 561 561 561 560 560 560 560 559 559 559 558 558 557 557 557 556 556 556 555 555 554 554 554 553 553 552 552 552 551 551 550 550 549 549 548 548 547 547 546 546 545 545 544 544 543
457 457 457 457 457 457 457 457 457 457 457 457 457 457 569 569 569 569 569 569 569 569 568 568 568 568 568 568 567 567 567 567 567 566 566 566 566 566 565 565 565 565 564 564 564 564 563 563 563 562 562 562 562 561 561 561 560 560 560 559 559 558 558 558 557 557 557 556 556 555 555 555 554 554 553 553 552 552 552 551 551 550 550 549 549 548 548 547 547 546 546 545 545 544
457 457 457 457 457 457 457 457 457 457 457 457 457 570 570 570 570 570 570 570 570 570 569 569 569 569 569 569 569 568 568 568 568 568 567 567 567 567 566 566 566 566 565 565 565 565 564 564 564 563 563 563 563 562 562 562 561 561 561 560 560 559 559 559 558 558 558 557 557 556 556 556 555 555 554 554 553 553 553 552 552 551 551 550 550 549 549 548 548 547 547 546 546 545
457 457 457 457 457 457 457 457 457 457 457 457 457 572 571 571 571 571 571 571 571 571 571 570 570 570 570 570 570 569 569 569 569 569 568 568 568 568 567 567 567 567 566 566 566 566 565 565 565 564 564 564 564 563 563 563 562 562 562 561 561 560 560 560 559 559 559 558 558 557 557 557 556 556 555 555 554 554 554 553 553 552 552 551 551 550 550 549 549 548 548 547 547 546
457 457 457 457 457 457 457 457 457 457 457 457 573 573 573 572 572 572 572 572 572 572 572 571 571 571 571 571 571 570 570 570 570 570 569 569 569 569 569 568 568 568 568 567 567 567 566 566 566 566 565 565 565 564 564 564 563 563 563 562 562 562 561 561 560 560 560 559 559 558 558 558 557 557 556 556 555 555 555 554 554 553 553 552 552 551 551 550 550 549 549 548 548 547
457 457 457 457 457 457 457 457 457 457 457 457 574 574 574 574 573 573 573 573 573 573 573 573 572 572 572 572 572 571 571 571 571 571 570 570 570 570 570 569 569 569 569 568 568 568 567 567 567 567 566 566 566 565 565 565 564 564 564 563 563 563 562 562 561 561 561 560 560 559 559 559 558 558 557 557 556 556 556 555 555 554 554 553 553 552 552 551 551 550 550 549 549 548
458 458 458 458 458 458 458 458 458 458 458 575 575 575 575 575 574 574 574 574 574 574 574 574 573 573 573 573 573 573 572 572 572 572 572 571 571 571 571 570 570 570 570 569 569 569 568 568 568 568 567 567 567 566 566 566 565 565 565 564 564 564 563 563 562 562 562 561 561 560 560 560 559 559 558 558 557 557 556 556 556 555 555 554 554 553 553 552 552 551 551 550 550 549
459 459 459 459 459 459 459 459 459 459 459 576 576 576 576 576 576 575 575 575 575 575 575 575 574 574 574 574 574 574 573 573 573 573 573 572 572 572 572 571 571 571 571 570 570 570 570 569 569 569 568 568 568 567 567 567 566 566 566 565 565 565 564 564 563 563 563 562 562 561 561 561 560 560 559 559 558 558 557 557 557 556 556 555 555 554 554 553 553 552 552 551 551 550
461 461 461 460 460 460 460 460 460 460 577 577 577 577 577 577 577 576 576 576 576 576 576 576 576 575 575 575 575 575 574 574 574 574 574 573 573 573 573 572 572 572 572 571 571 571 571 570 570 570 569 569 569 568 568 568 567 567 567 566 566 566 565 565 564 564 564 563 563 562 562 562 561 561 560 560 559 559 558 558 557 557 557 556 556 555 555 554 554 553 553 552 552 551
462 462 462 462 462 461 461 461 461 578 578 578 578 578 578 578 578 578 577 577 577 577 577 577 577 576 576 576 576 576 576 575 575 575 575 574 574 574 574 573 573 573 573 572 572 572 572 571 571 571 570 570 570 569 569 569 568 568 568 567 567 567 566 566 565 565 565 564 564 563 563 563 562 562 561 561 560 560 559 559 558 558 557 557 557 556 556 555 555 554 553 553 552 552
463 463 463 463 463 463 463 462 462 579 579 579 579 579 579 579 579 579 579 578 578 578 578 578 578 577 577 577 577 577 577 576 576 576 576 575 575 575 575 575 574 574 574 573 573 573 573 572 572 572 571 571 571 570 570 570 569 569 569 568 568 568 567 567 566 566 566 565 565 564 564 563 563 563 562 562 561 561 560 560 559 559 558 558 557 557 556 556 555 555 554 554 553 553
464 464 464 464 464 464 464 464 580 580 580 580 580 580 580 580 580 580 580 579 579 579 579 579 579 579 578 578 578 578 578 577 577 577 577 577 576 576 576 576 575 575 575 574 574 574 574 573 573 573 572 572 572 571 571 571 570 570 570 569 569 569 568 568 567 567 567 566 566 565 565 564 564 564 563 563 562 562 561 561 560 560 559 559 558 558 557 557 556 556 555 555 554 554
465 465 465 465 465 465 465 465 582 581 581 581 581 581 581 581 581 581 581 581 580 580 580 580 580 580 579 579 579 579 579 578 578 578 578 578 577 577 577 577 576 576 576 576 575 575 575 574 574 574 573 573 573 572 572 572 571 571 571 570 570 570 569 569 568 568 568 567 567 566 566 565 565 565 564 564 563 563 562 562 561 561 560 560 559 559 558 558 557 557 556 556 555 555
466 466 466 466 466 466 466 583 583 583 582 582 582 582 582 582 582 582 582 582 581 581 581 581 581 581 580 580 580 580 580 580 579 579 579 579 578 578 578 578 577 577 577 577 576 576 576 575 575 575 574 574 574 573 573 573 572 572 572 571 571 571 570 570 569 569 569 568 568 567 567 566 566 566 565 565 564 564 563 563 562 562 561 561 560 560 559 559 558 558 557 557 556 556
467 467 467 467 467 467 467 584 584 584 584 583 583 583 583 583 583 583 583 583 582 582 582 582 582 582 582 581 581 581 581 581 580 580 580 580 579 579 579 579 578 578 578 578 577 577 577 576 576 576 575 575 575 574 574 574 573 573 573 572 572 572 571 571 570 570 570 569 569 568 568 567 567 567 566 566 565 565 564 564 563 563 562 562 561 561 560 560 559 559 558 558 557 557
468 468 468 468 468 468 585 585 585 585 585 585 584 584 584 584 584 584 584 584 584 583 583 583 583 583 583 582 582 582 582 582 581 581 581 581 580 580 580 580 579 579 579 579 578 578 578 577 577 577 576 576 576 575 575 575 574 574 574 573 573 573 572 572 571 571 571 570 570 569 569 568 568 567 567 567 566 566 565 565 564 564 563 563 562 562 561 561 560 560 559 559 558 557
469 469 469 469 469 469 586 586 586 586 586 586 586 585 585 585 585 585 585 585 585 584 584 584 584 584 584 583 583 583 583 583 582 582 582 582 582 581 581 581 581 580 580 580 579 579 579 578 578 578 578 577 577 576 576 576 575 575 575 574 574 574 573 573 572 572 572 571 571 570 570 569 569 568 568 568 567 567 566 566 565 565 564 564 563 563 562 562 561 561 560 559 559 558
470 470 470 470 470 587 587 587 587 587 587 587 587 587 586 586 586 586 586 586 586 586 585 585 585 585 585 585 584 584 584 584 584 583 583 583 583 582 582 582 582 581 581 581 580 580 580 579 579 579 579 578 578 578 577 577 576 576 576 575 575 575 574 574 573 573 572 572 572 571 571 570 570 569 569 569 568 568 567 567 566 566 565 565 564 564 563 563 562 561 561 560 560 559
471 471 471 471 471 588 588 588 588 588 588 588 588 588 587 587 587 587 587 587 587 587 586 586 586 586 586 586 585 585 585 585 585 584 584 584 584 583 583 583 583 582 582 582 581 581 581 581 580 580 580 579 579 579 578 578 577 577 577 576 576 576 575 575 574 574 573 573 573 572 572 571 571 570 570 569 569 569 568 568 567 567 566 566 565 565 564 563 563 562 562 561 561 560
472 472 472 472 472 589 589 589 589 589 589 589 589 589 589 588 588 588 588 588 588 588 588 587 587 587 587 587 586 586 586 586 586 585 585 585 585 584 584 584 584 583 583 583 582 582 582 582 581 581 581 580 580 580 579 579 578 578 578 577 577 577 576 576 575 575 574 574 574 573 573 572 572 571 571 570 570 569 569 569 568 568 567 566 566 565 565 564 564 563 563 562 562 561
473 473 473 473 590 590 590 590 590 590 590 590 590 590 590 590 589 589 589 589 589 589 589 588 588 588 588 588 587 587 587 587 587 586 586 586 586 585 585 585 585 584 584 584 583 583 583 583 582 582 582 581 581 581 580 580 579 579 579 578 578 578 577 577 576 576 575 575 575 574 574 573 573 572 572 571 571 570 570 569 569 568 568 567 567 566 566 565 565 564 564 563 563 562
474 474 474 474 591 591 591 591 591 591 591 591 591 591 591 591 590 590 590 590 590 590 590 589 589 589 589 589 589 588 588 588 588 587 587 587 587 586 586 586 586 585 585 585 585 584 584 584 583 583 583 582 582 582 581 581 580 580 580 579 579 579 578 578 577 577 576 576 576 575 575 574 574 573 573 572 572 571 571 570 570 569 569 568 568 567 567 566 566 565 565 564 564 563
476 476 476 592 592 592 592 592 592 592 592 592 592 592 592 592 592 591 591 591 591 591 591 591 590 590 590 590 590 589 589 589 589 589 588 588 588 588 587 587 587 586 586 586 586 585 585 585 584 584 584 583 583 583 582 582 581 581 581 580 580 580 579 579 578 578 577 577 577 576 576 575 575 574 574 573 573 572 572 571 571 570 570 569 569 568 568 567 567 566 566 565 564 564
477 477 477 594 594 593 593 593 593 593 593 593 593 593 593 593 593 592 592 592 592 592 592 592 591 591 591 591 591 590 590 590 590 590 589 589 589 589 588 588 588 587 587 587 587 586 586 586 585 585 585 584 584 584 583 583 582 582 582 581 581 581 580 580 579 579 578 578 578 577 577 576 576 575 575 574 574 573 573 572 572 571 571 570 570 569 569 568 568 567 566 566 565 565
478 478 595 595 595 595 595 594 594 594 594 594 594 594 594 594 594 594 593 593 593 593 593 593 592 592 592 592 592 592 591 591 591 591 590 590 590 590 589 589 589 589 588 588 588 587 587 587 586 586 586 585 585 585 584 584 583 583 583 582 582 581 581 581 580 580 579 579 578 578 578 577 577 576 576 575 575 574 574 573 573 572 572 571 571 570 570 569 569 568 567 567 566 566
479 479 596 596 596 596 596 596 595 595 595 595 595 595 595 595 595 595 594 594 594 594 594 594 594 593 593 593 593 593 592 592 592 592 591 591 591 591 590 590 590 590 589 589 589 588 588 588 587 587 587 586 586 586 585 585 584 584 584 583 583 582 582 582 581 581 580 580 579 579 579 578 578 577 577 576 576 575 575 574 574 573 573 572 572 571 571 570 569 569 568 568 567 567
480 480 597 597 597 597 597 597 597 596 596 596 596 596 596 596 596 596 596 595 595 595 595 595 595 594 594 594 594 594 593 593 593 593 592 592 592 592 591 591 591 591 590 590 590 589 589 589 588 588 588 587 587 587 586 586 585 585 585 584 584 583 583 583 582 582 581 581 580 580 580 579 579 578 578 577 577 576 576 575 575 574 574 573 573 572 571 571 570 570 569 569 568 568
481 598 598 598 598 598 598 598 598 598 597 597 597 597 597 597 597 597 597 596 596 596 596 596 596 595 595 595 595 595 594 594 594 594 594 593 593 593 592 592 592 592 591 591 591 590 590 590 589 589 589 588 588 588 587 587 586 586 586 585 585 584 584 584 583 583 582 582 581 581 580 580 580 579 579 578 578 577 577 576 576 575 575 574 573 573 572 572 571 571 570 570 569 568
