testData/tiles/oneDegreeCosts/grid12.0-29.0-13.0-30.0.asc
ncols   200
nrows   200
xllcorner   12.0
yllcorner   29.0
cellsize   0.005
NODATA_value   -9999.0
[rows 42 to 83 of 200, columns 0 to 93 of 200]
535 535 535 535 534 535 535 535 535 534 534 535 535 535 534 534 535 535 535 534 534 534 535 535 534 534 534 534 534 534 534 534 533 533 534 534 533 533 533 533 533 533 533 533 532 532 532 533 532 532 532 531 531 531 532 531 531 531 530 530 530 530 530 530 530 529 529 529 529 530 530 529 529 529 529 529 528 528 529 529 529 529 528 528 388 389 389 389 281 281 281 281 281 281
535 535 535 535 535 535 535 535 535 535 535 535 535 535 535 535 535 535 535 535 534 535 535 535 534 534 534 535 534 534 534 534 534 534 534 534 534 533 533 534 534 533 533 533 532 532 533 533 532 532 532 532 531 532 532 531 531 531 531 530 530 531 530 530 530 529 530 530 529 530 530 529 530 530 529 529 529 530 530 530 529 529 528 529 529 281 281 281 281 281 281 281 281 281
535 535 535 535 536 536 535 535 535 536 536 535 535 535 535 536 535 535 535 535 535 535 535 535 535 534 535 535 535 534 534 534 535 534 534 534 534 533 533 534 534 533 533 533 533 533 533 533 533 532 532 532 532 532 532 532 531 531 531 530 531 531 530 530 531 530 530 530 531 530 531 531 530 530 529 530 531 530 530 530 529 530 353 352 352 352 281 281 281 281 281 281 281 281
536 535 535 535 536 536 535 535 535 536 536 535 535 535 536 536 535 535 535 535 536 535 535 535 535 534 535 535 535 535 534 534 535 535 534 534 534 534 534 534 534 534 533 533 533 533 533 533 533 532 532 532 533 532 532 532 531 531 531 532 531 531 531 531 531 531 530 531 532 531 531 531 530 531 531 531 531 531 530 354 354 353 353 352 353 354 353 281 281 281 281 281 281 281
536 536 535 536 536 536 536 535 536 536 536 536 535 535 536 536 536 535 535 536 536 535 535 535 535 536 535 535 535 535 534 535 535 535 534 534 534 535 534 534 534 534 533 533 534 534 533 533 533 533 532 533 533 532 532 532 532 531 532 532 531 532 532 531 531 531 532 532 532 531 531 531 531 531 532 531 355 355 354 354 354 353 353 355 354 354 353 281 281 281 281 281 281 281
536 536 535 536 536 536 536 536 536 536 536 536 536 536 536 536 536 535 535 536 536 536 535 535 536 536 535 535 535 535 536 535 535 535 535 534 534 535 535 534 534 534 534 534 534 534 534 533 533 533 533 533 533 533 532 532 532 531 532 533 533 532 532 532 532 533 533 532 532 532 532 532 356 356 356 356 355 355 355 354 354 354 355 355 354 354 354 354 281 281 281 281 281 281
360 536 537 536 536 536 536 537 536 536 536 536 537 536 536 536 536 536 536 536 536 536 536 535 536 536 536 535 535 535 536 535 535 535 535 534 535 535 535 534 534 534 534 534 534 534 534 533 533 533 534 533 533 533 532 532 532 533 533 533 533 532 532 533 532 533 533 532 356 356 356 356 356 356 356 356 355 355 355 355 355 356 355 355 355 355 355 354 354 281 281 281 281 281
360 360 360 360 360 536 536 537 537 536 536 536 537 537 536 536 536 537 537 536 536 536 536 536 536 536 536 536 535 536 536 536 535 535 535 536 535 535 535 535 534 534 535 535 534 534 534 534 533 534 534 533 533 533 533 532 534 534 533 533 533 533 533 533 357 357 357 357 356 356 356 356 357 357 356 356 356 356 356 356 355 356 355 356 356 355 355 355 354 281 281 281 281 281
360 360 360 360 360 360 360 360 360 360 360 537 537 537 536 536 536 537 537 536 536 536 536 537 536 536 536 536 535 536 536 536 535 535 535 536 535 535 535 535 534 535 535 535 534 534 534 534 534 534 534 534 533 533 534 534 534 534 358 358 358 358 358 358 358 357 357 357 356 356 357 357 357 357 356 357 357 356 356 356 356 357 357 356 356 355 356 356 355 356 281 281 281 281
360 360 360 360 360 360 360 360 360 360 360 360 360 360 360 360 360 360 537 537 536 536 537 537 536 536 536 536 537 536 536 536 536 535 536 536 536 535 535 535 535 535 535 535 535 534 534 534 535 534 534 358 358 358 358 358 358 358 358 358 358 358 358 358 358 358 357 357 358 357 358 358 357 358 358 357 357 357 356 358 357 357 357 356 357 357 356 356 356 356 357 281 281 281
360 360 360 360 360 361 360 360 360 360 361 360 360 360 360 360 360 360 360 360 360 360 360 360 360 360 360 360 360 359 359 359 359 359 359 359 359 359 359 359 359 359 358 358 358 358 358 358 358 358 358 358 358 358 358 358 358 358 358 358 358 358 359 358 358 358 358 358 358 357 358 359 358 358 358 357 357 358 358 358 358 357 358 358 357 357 356 357 358 357 357 356 281 281
361 360 360 360 361 361 360 360 360 360 361 360 360 360 360 361 360 360 360 360 360 360 360 360 360 360 360 360 360 360 359 359 359 360 359 359 359 359 359 359 359 359 358 358 358 358 358 358 358 358 358 358 358 358 359 359 359 358 358 359 358 359 359 358 359 359 359 358 358 360 359 359 359 358 358 359 358 359 359 358 359 358 358 358 357 357 358 358 358 357 357 357 281 281
361 360 360 360 361 361 361 360 360 361 361 361 360 360 360 361 361 360 360 360 361 360 360 360 360 360 360 360 360 360 359 359 360 360 360 359 359 359 359 359 359 359 359 358 358 358 358 358 359 359 358 358 358 360 359 359 359 358 359 359 360 359 359 360 359 359 359 358 360 360 359 359 359 359 359 359 358 359 360 359 359 359 358 358 358 358 359 358 358 358 358 358 357 281
361 361 360 361 361 361 361 360 360 361 361 361 360 360 361 361 361 360 360 360 361 361 360 360 360 360 360 360 360 360 360 359 360 360 360 359 359 359 360 359 359 359 359 358 358 359 360 359 359 359 359 359 360 360 359 359 360 360 359 359 360 360 360 360 359 359 360 359 360 360 360 360 360 360 359 359 360 360 360 359 359 359 359 359 359 359 359 358 359 359 358 358 358 357
361 361 361 361 361 361 361 361 361 361 361 361 361 360 361 361 361 361 360 361 361 361 361 360 360 361 361 360 360 360 360 360 360 360 360 360 359 359 360 360 359 359 359 359 359 360 360 359 359 359 360 360 360 360 361 360 360 360 359 361 361 360 360 360 361 360 360 361 360 361 361 360 360 360 359 361 361 360 360 360 360 360 360 359 360 359 360 360 359 359 358 358 359 358
361 361 362 361 361 361 361 361 362 361 361 361 361 362 361 361 361 361 360 361 361 361 361 360 360 361 361 361 360 360 360 361 360 360 360 360 359 360 360 360 359 359 359 359 360 360 360 360 360 360 360 360 360 361 361 360 360 360 362 361 361 361 360 361 361 360 361 361 361 361 361 360 360 361 361 361 361 360 361 361 360 360 360 360 361 361 360 360 359 359 360 359 359 359
361 361 362 362 361 361 361 362 362 361 361 361 362 362 361 361 361 361 362 361 361 361 361 361 361 361 361 361 360 360 361 361 360 360 360 360 361 360 360 360 360 359 360 361 361 360 360 361 360 360 361 362 361 361 361 361 361 361 362 361 361 362 361 361 361 362 362 362 362 361 361 362 361 361 362 361 362 362 361 361 361 360 361 361 361 361 360 360 361 360 360 359 360 360
361 362 362 362 362 361 361 362 362 362 361 361 362 362 362 361 361 361 362 362 361 361 361 362 361 361 361 361 361 360 361 361 361 360 360 360 361 360 360 360 360 360 360 361 361 361 361 361 361 360 362 362 361 361 362 362 361 362 362 362 362 362 362 361 362 363 362 362 362 362 362 362 361 362 362 362 362 362 361 361 362 361 362 362 361 361 362 361 361 360 360 361 361 361
361 362 362 362 362 361 362 362 362 362 361 362 362 362 362 361 361 362 362 362 361 361 361 362 362 361 361 361 361 361 361 361 361 360 360 361 361 361 360 361 361 361 361 361 362 361 361 361 362 362 362 362 362 362 362 362 362 362 363 363 362 362 362 362 363 363 362 362 363 363 362 362 363 363 363 363 362 362 363 362 362 362 362 362 362 362 362 361 361 362 361 362 361 361
362 362 362 362 362 362 362 362 362 362 362 362 362 362 362 362 361 362 362 362 362 361 362 362 362 361 361 361 362 362 361 361 361 361 360 361 361 361 361 361 361 362 362 362 362 362 361 362 363 363 362 363 363 362 362 362 364 363 363 363 362 363 363 364 363 363 364 363 363 363 362 363 364 363 363 363 363 363 363 362 363 363 363 363 363 362 362 362 362 362 362 362 361 362
363 362 362 362 362 363 362 362 362 362 363 362 362 362 362 362 362 362 362 362 362 361 362 362 362 362 361 361 362 362 361 361 361 361 361 361 361 362 362 361 361 363 363 362 362 363 362 362 363 363 363 363 363 363 362 364 364 363 363 364 364 363 363 364 364 364 364 363 363 364 364 364 364 364 363 364 364 363 363 362 364 364 363 363 363 363 363 363 362 363 362 363 363 362
363 363 362 362 362 363 363 362 362 362 363 363 362 362 362 362 363 362 362 362 362 363 362 362 362 362 361 362 362 362 362 361 361 361 362 362 362 362 362 361 363 363 363 362 363 363 363 363 364 364 364 363 363 364 364 364 364 364 364 364 364 363 364 365 365 364 364 364 364 364 365 364 364 365 364 364 364 363 364 365 364 364 364 363 364 363 363 363 363 364 364 363 363 362
363 363 362 362 363 363 363 363 362 362 363 363 363 362 362 363 363 363 362 362 362 363 362 362 362 362 362 362 362 362 362 361 361 362 363 362 362 362 363 363 363 363 363 364 363 363 363 364 364 364 364 363 364 364 365 364 365 365 364 364 364 365 365 365 365 364 365 365 364 364 365 365 365 365 364 364 365 364 365 365 364 364 365 364 364 364 363 364 365 364 364 363 363 364
363 363 363 362 363 363 363 363 362 363 363 363 363 362 362 363 363 363 362 362 363 363 363 362 362 362 363 362 362 362 362 362 361 363 363 363 362 363 363 364 363 364 364 364 363 363 365 365 364 364 365 365 364 365 365 365 365 365 365 365 365 366 365 365 366 365 365 365 365 366 366 366 365 365 366 365 365 365 365 365 366 365 365 364 364 365 364 365 365 364 364 364 364 364
363 363 363 363 363 363 363 363 363 363 363 363 363 363 363 363 363 363 363 362 363 363 363 362 362 362 363 363 362 362 362 363 363 363 363 364 363 363 363 364 365 364 364 364 364 364 365 365 364 365 365 365 364 366 366 366 365 365 366 365 366 366 366 366 366 366 365 365 367 366 366 366 365 366 366 365 365 366 366 366 366 365 365 366 365 365 366 365 365 365 365 365 364 364
363 363 363 364 363 363 363 363 364 363 363 363 363 363 363 363 363 363 363 363 363 363 363 363 362 363 363 363 362 362 363 363 364 363 364 364 364 363 365 365 365 364 364 365 365 365 365 366 366 365 365 365 366 366 366 366 366 366 366 366 366 367 367 366 366 366 366 366 367 366 366 367 367 366 366 366 367 367 367 366 366 366 366 366 365 366 366 366 366 366 365 365 364 365
363 363 364 364 364 363 363 363 364 364 363 363 363 364 364 363 363 363 363 364 363 363 363 363 362 363 363 363 363 363 363 364 364 364 364 364 364 364 365 365 365 365 365 365 366 365 366 366 366 365 366 366 367 366 366 367 367 366 366 367 367 367 367 366 367 367 367 367 367 368 367 367 367 366 367 367 367 367 367 366 367 367 366 366 366 367 367 366 366 366 365 366 366 384
363 363 364 364 364 363 363 364 364 364 363 363 363 364 364 363 363 363 364 364 363 363 363 363 364 363 363 364 364 363 363 364 365 365 364 364 365 366 365 365 366 366 365 365 367 367 366 366 366 367 366 367 367 367 367 367 367 366 367 368 367 367 367 368 367 367 367 367 368 368 367 367 367 367 367 368 367 367 368 367 367 367 366 367 368 367 367 367 366 367 366 366 366 384
363 363 364 364 364 364 363 364 364 364 364 363 364 364 364 364 363 363 364 364 364 363 363 363 364 363 364 364 364 364 365 365 365 365 365 365 365 366 365 366 366 366 365 367 367 367 366 367 367 367 367 367 368 368 367 367 367 367 368 368 368 368 368 368 367 367 369 369 368 368 368 368 368 368 368 368 369 368 368 368 367 368 368 368 368 367 367 368 367 367 367 366 385 386
364 364 364 364 364 364 364 364 364 364 364 363 364 364 364 364 363 363 364 364 364 363 363 364 364 365 364 364 364 365 365 365 365 366 366 365 366 367 367 366 366 366 367 367 367 367 368 367 367 367 369 368 368 368 367 368 368 369 368 368 369 368 368 368 369 369 369 369 368 369 369 368 368 368 369 369 369 368 368 368 368 368 368 368 368 369 368 368 368 367 367 367 387 387
364 364 364 364 364 364 365 364 364 364 364 365 364 364 364 364 364 364 364 364 364 364 363 364 365 365 364 364 365 366 366 365 366 366 366 365 367 367 367 366 367 367 368 367 367 368 368 367 367 369 369 368 368 368 369 368 368 369 369 369 369 369 368 369 369 369 369 369 369 369 369 369 368 370 370 369 369 369 369 369 369 368 369 369 369 369 368 368 368 368 368 368 387 387
365 365 364 364 364 364 365 364 364 364 364 365 364 364 364 364 364 364 364 364 364 364 363 365 365 365 365 365 365 366 366 366 366 366 366 368 367 367 367 368 367 367 368 369 368 368 368 368 368 369 369 368 369 369 369 368 369 370 370 369 369 370 369 369 370 369 370 370 370 369 369 370 369 370 370 369 370 370 369 369 369 369 370 370 369 369 369 369 369 368 368 388 388 388
365 365 364 364 364 365 365 365 364 364 364 365 365 364 364 364 365 365 364 364 364 365 366 365 365 366 366 365 366 367 367 367 366 366 367 368 367 367 368 368 367 368 369 369 368 368 369 369 369 369 369 370 369 369 369 370 370 370 370 369 370 370 370 369 370 371 370 370 370 370 370 370 370 370 371 370 370 370 369 370 370 370 370 370 369 370 370 369 369 369 370 389 388 388
365 365 365 364 364 365 365 365 364 364 365 365 365 365 364 364 365 365 364 364 365 365 366 365 366 366 366 366 367 367 367 367 367 367 368 368 369 368 368 368 368 369 369 369 369 369 369 369 370 370 370 370 369 369 370 371 370 370 371 371 370 370 370 371 371 371 370 370 371 371 370 371 371 371 371 371 370 370 371 370 371 371 370 371 371 370 370 369 370 370 370 389 389 388
365 365 365 365 365 365 365 365 365 364 365 365 365 365 364 365 365 365 365 365 365 366 366 367 366 366 366 368 367 367 367 368 368 367 368 369 369 368 368 369 370 369 369 369 370 369 369 370 371 370 370 370 371 370 370 371 370 371 371 371 370 371 371 371 371 371 372 371 371 371 370 372 372 371 371 371 371 371 371 370 371 372 371 371 371 370 370 371 370 371 389 389 390 389
365 365 365 365 365 365 365 365 365 365 365 365 365 365 365 365 365 365 366 365 365 366 367 367 366 366 367 368 368 367 368 368 368 368 369 369 369 368 369 369 370 370 370 370 370 370 369 371 371 370 370 371 371 370 371 372 372 371 371 371 371 371 372 372 371 372 372 371 371 372 372 372 372 371 372 372 372 371 371 373 372 372 371 371 371 371 371 371 370 371 391 390 390 389
365 365 365 365 366 365 365 365 365 366 365 365 365 365 365 365 365 366 366 366 366 367 367 367 367 367 368 368 368 368 368 368 368 370 369 369 369 370 369 370 370 371 370 370 370 371 371 371 371 371 371 371 371 371 372 372 372 371 371 372 372 371 372 373 372 372 372 371 372 372 373 372 372 373 372 372 372 371 372 373 372 372 372 372 372 372 371 371 372 391 391 390 390 390
365 365 365 366 366 365 365 365 365 366 365 365 365 365 366 366 366 366 366 366 367 367 367 368 368 367 368 369 369 369 368 369 370 370 369 369 370 370 369 370 371 371 370 370 371 371 371 371 372 372 371 371 371 373 372 372 372 373 372 372 372 372 373 373 373 372 373 373 372 373 373 373 373 373 372 372 373 372 373 373 372 373 373 372 372 372 372 373 373 391 391 390 391 391
365 365 365 366 366 366 365 365 366 366 366 365 365 365 366 367 366 366 367 367 368 367 368 368 368 368 369 369 369 369 369 369 370 370 371 370 370 370 371 371 371 371 371 371 371 371 372 372 372 372 372 372 372 373 372 372 373 373 372 372 373 374 373 373 373 373 373 373 372 373 374 373 373 373 374 373 373 374 373 374 374 373 373 373 372 373 372 373 373 391 392 392 391 391
366 365 366 366 366 366 365 365 366 366 366 366 365 367 367 367 367 367 367 368 368 368 368 368 368 370 369 369 369 370 370 369 370 371 371 370 370 371 372 371 371 372 372 371 371 372 373 372 372 372 373 372 373 373 374 373 373 373 372 373 374 374 373 374 374 373 373 373 375 374 374 374 373 374 374 373 373 374 374 374 374 373 373 374 373 373 374 373 393 392 392 392 391 391
366 365 366 366 366 366 366 366 366 366 366 366 366 367 367 367 368 367 367 368 369 369 368 368 369 370 370 369 370 370 370 370 371 371 371 370 371 371 372 372 372 372 372 372 372 373 373 373 373 373 373 373 373 374 374 373 373 374 374 373 374 374 374 374 374 374 374 374 375 374 374 375 374 374 374 373 375 375 374 374 374 374 374 374 373 373 375 374 393 393 392 392 393 392
366 366 366 366 366 366 366 366 366 366 366 367 367 367 367 368 368 368 368 369 369 369 368 369 370 370 370 370 370 370 370 372 371 371 371 372 371 372 372 373 372 372 372 373 373 373 373 374 373 373 373 375 374 374 374 374 374 374 374 374 375 375 375 374 374 375 374 375 375 374 375 375 375 374 375 375 375 375 375 375 375 375 374 374 374 375 375 374 393 393 393 393 393 392
