testData/tiles/oneDegreeCosts/grid16.0-20.0-17.0-21.0.asc
ncols   200
nrows   200
xllcorner   16.0
yllcorner   20.0
cellsize   0.005
NODATA_value   -9999.0
[rows 42 to 83 of 200, columns 95 to 189 of 200]
222 223 223 224 224 224 225 225 225 226 227 227 227 227 227 228 229 229 229 229 229 230 230 231 231 231 232 232 232 232 232 233 234 234 234 234 234 234 234 235 236 236 236 236 236 236 237 237 237 238 238 238 238 239 239 239 239 239 239 240 240 241 241 241 241 241 241 241 241 241 241 243 243 243 243 243 243 243 243 243 243 244 244 244 244 245 245 245 245 245 245 245 245 245 246
222 223 224 224 224 224 225 225 225 226 226 227 227 227 227 228 229 229 229 229 229 230 230 231 231 231 231 232 232 232 232 233 233 234 234 234 234 234 234 236 236 236 236 236 236 236 237 237 238 238 238 238 238 238 239 239 239 239 239 240 240 240 241 241 241 241 241 241 241 241 242 243 243 243 243 243 243 243 243 243 243 243 244 244 245 245 245 245 245 245 245 245 245 245 245
222 222 224 224 224 224 224 225 226 226 226 227 227 227 227 228 229 229 229 229 229 229 231 231 231 231 231 232 232 232 233 233 233 233 234 234 234 234 235 235 236 236 236 236 236 236 236 237 238 238 238 238 238 238 238 239 239 239 240 240 240 240 240 241 241 241 241 241 241 242 242 242 243 243 243 243 243 243 243 243 243 243 243 245 245 245 245 245 245 245 245 245 245 245 245
222 223 224 224 224 224 224 226 226 226 226 226 227 227 228 228 228 229 229 229 229 229 231 231 231 231 231 231 232 233 233 233 233 233 234 234 234 234 235 235 235 236 236 236 236 236 236 237 238 238 238 238 238 238 238 239 239 240 240 240 240 240 240 240 241 241 241 241 242 242 242 242 242 243 243 243 243 243 243 243 243 243 244 244 245 245 245 245 245 245 245 245 245 245 245
222 223 223 224 224 224 224 225 226 226 226 226 227 227 228 228 228 229 229 229 229 230 230 231 231 231 231 231 231 233 233 233 233 233 233 234 234 235 235 235 235 236 236 236 236 236 237 237 238 238 238 238 238 238 238 238 240 240 240 240 240 240 240 240 240 241 241 242 242 242 242 242 242 242 243 243 243 243 243 243 243 244 244 244 244 244 245 245 245 245 245 245 245 245 245
223 223 223 224 224 224 225 225 226 226 226 226 226 228 228 228 228 228 229 229 230 230 230 231 231 231 231 231 232 233 233 233 233 233 233 234 235 235 235 235 235 235 236 236 236 236 237 237 237 238 238 238 238 238 238 239 239 240 240 240 240 240 240 240 240 241 241 242 242 242 242 242 242 242 242 243 243 243 243 243 244 244 244 244 244 244 244 245 245 245 245 245 245 245 245
223 223 223 223 224 224 225 225 225 226 226 226 226 228 228 228 228 228 228 229 230 230 230 230 231 231 231 231 232 232 233 233 233 233 233 233 235 235 235 235 235 235 235 236 236 237 237 237 237 237 238 238 238 238 238 239 239 239 240 240 240 240 240 240 240 240 242 242 242 242 242 242 242 242 242 242 243 243 243 244 244 244 244 244 244 244 244 244 245 245 245 245 245 245 246
223 223 223 223 224 225 225 225 225 226 226 226 227 227 228 228 228 228 228 230 230 230 230 230 230 231 231 232 232 232 233 233 233 233 233 234 234 235 235 235 235 235 235 236 237 237 237 237 237 237 238 238 238 238 239 239 239 239 240 240 240 240 240 240 240 241 241 242 242 242 242 242 242 242 242 242 242 243 244 244 244 244 244 244 244 244 244 244 244 245 245 245 245 246 246
223 223 223 223 223 225 225 225 225 225 226 226 227 227 228 228 228 228 228 229 230 230 230 230 230 231 232 232 232 232 232 233 233 233 233 234 234 235 235 235 235 235 235 235 237 237 237 237 237 237 237 238 238 239 239 239 239 239 239 240 240 240 240 240 241 241 241 241 242 242 242 242 242 242 242 242 242 243 244 244 244 244 244 244 244 244 244 244 244 244 245 245 246 246 246
222 223 223 223 223 225 225 225 225 225 226 227 227 227 227 228 228 228 229 229 230 230 230 230 230 230 232 232 232 232 232 232 233 233 234 234 234 234 235 235 235 235 235 236 236 237 237 237 237 237 237 237 238 239 239 239 239 239 239 239 240 240 240 241 241 241 241 241 241 242 242 242 242 242 242 242 243 243 243 244 244 244 244 244 244 244 244 244 244 244 244 245 246 246 246
222 223 223 223 224 224 225 225 225 225 225 227 227 227 227 227 228 228 229 229 229 230 230 230 230 231 232 232 232 232 232 232 233 234 234 234 234 234 234 235 235 235 236 236 236 237 237 237 237 237 237 237 238 239 239 239 239 239 239 239 239 240 240 241 241 241 241 241 241 241 242 242 242 242 242 243 243 243 243 243 244 244 244 244 244 244 244 244 244 244 245 245 245 246 246
222 222 223 223 224 224 225 225 225 225 226 227 227 227 227 227 228 229 229 229 229 230 230 230 230 231 231 232 232 232 232 232 232 234 234 234 234 234 234 235 235 235 236 236 236 236 237 237 237 237 237 238 238 238 239 239 239 239 239 239 239 239 241 241 241 241 241 241 241 241 241 242 242 242 243 243 243 243 243 243 243 244 244 244 244 244 244 244 244 245 245 245 245 245 246
222 222 223 224 224 224 224 225 225 225 226 226 227 227 227 227 227 229 229 229 229 229 230 230 231 231 231 231 232 232 232 232 233 233 234 234 234 234 234 234 235 236 236 236 236 236 236 237 237 237 237 238 238 238 239 239 239 239 239 239 239 240 240 241 241 241 241 241 241 241 241 241 242 243 243 243 243 243 243 243 243 243 243 244 244 244 244 244 245 245 245 245 245 245 245
207 207 207 209 209 209 209 210 210 226 226 226 227 227 227 227 228 229 229 229 229 229 229 230 231 231 231 231 232 232 232 232 233 233 234 234 234 234 234 234 235 236 236 236 236 236 236 236 237 237 238 238 238 238 238 239 239 239 239 239 240 240 240 241 241 241 241 241 241 241 241 241 242 243 243 243 243 243 243 243 243 243 243 243 244 244 244 245 245 245 245 245 245 245 245
207 207 208 209 209 209 209 209 210 211 211 211 211 212 212 212 213 213 214 214 214 229 229 231 231 231 231 231 231 232 232 233 233 233 233 234 234 234 234 234 235 236 236 236 236 236 236 236 237 238 238 238 238 238 238 238 239 239 239 239 240 240 240 240 241 241 241 241 241 241 241 241 242 242 243 243 243 243 243 243 243 243 243 243 243 244 245 245 245 245 245 245 245 245 245
207 207 208 208 209 209 209 209 211 211 211 211 211 212 212 213 213 213 214 214 214 214 214 215 216 216 216 216 216 217 217 218 218 218 218 218 219 234 234 235 235 235 236 236 236 236 236 236 236 238 238 238 238 238 238 238 238 239 239 240 240 240 240 240 240 241 241 241 241 241 241 242 242 242 242 243 243 243 243 243 243 243 243 243 243 244 245 245 245 245 245 245 245 245 245
207 208 208 208 209 209 209 209 210 211 211 211 211 211 212 213 213 213 213 214 214 214 215 215 216 216 216 216 216 216 218 218 218 218 218 218 219 219 219 220 220 220 220 221 221 221 221 221 222 222 223 223 223 223 223 223 223 223 225 225 225 225 225 225 225 225 226 226 226 226 227 227 227 227 227 227 228 228 228 228 228 228 228 228 229 229 229 230 230 230 230 230 230 230 230
207 208 208 208 208 209 209 209 210 210 211 211 211 211 212 213 213 213 213 213 214 214 215 215 215 216 216 216 216 216 217 218 218 218 218 218 218 219 220 220 220 220 220 220 221 221 221 221 222 222 222 223 223 223 223 223 223 223 225 225 225 225 225 225 225 225 225 226 226 227 227 227 227 227 227 227 227 228 228 228 228 228 228 229 229 229 229 229 229 230 230 230 230 230 230
206 208 208 208 208 209 209 210 210 210 211 211 211 211 212 213 213 213 213 213 214 215 215 215 215 215 216 216 216 217 217 218 218 218 218 218 218 218 220 220 220 220 220 220 221 221 221 222 222 222 222 223 223 223 223 223 223 224 224 225 225 225 225 225 225 225 225 225 226 227 227 227 227 227 227 227 227 227 228 228 228 228 229 229 229 229 229 229 229 229 230 230 230 230 230
207 207 208 208 208 208 209 210 210 210 210 211 211 211 212 212 213 213 213 213 213 215 215 215 215 215 216 216 216 217 217 217 218 218 218 218 218 219 220 220 220 220 220 220 220 221 222 222 222 222 222 222 223 223 223 223 223 224 224 224 225 225 225 225 225 225 225 225 226 227 227 227 227 227 227 227 227 227 227 228 228 229 229 229 229 229 229 229 229 229 229 230 230 230 230
207 207 208 208 208 208 209 210 210 210 210 211 211 212 212 212 213 213 213 213 213 215 215 215 215 215 215 216 217 217 217 217 217 218 218 218 218 219 219 220 220 220 220 220 220 220 222 222 222 222 222 222 222 223 223 223 224 224 224 224 224 225 225 225 225 225 225 226 226 226 227 227 227 227 227 227 227 227 227 227 228 229 229 229 229 229 229 229 229 229 229 229 229 188 188
207 207 207 208 208 208 209 210 210 210 210 210 211 212 212 212 212 213 213 213 214 214 215 215 215 215 215 215 217 217 217 217 217 218 218 218 219 219 219 219 220 220 220 220 220 221 221 222 222 222 222 222 222 222 223 224 224 224 224 224 224 224 225 225 225 225 225 226 226 226 226 227 227 227 227 227 227 227 227 227 228 228 229 229 229 229 229 229 229 187 187 187 187 187 188
207 207 207 208 208 208 209 209 210 210 210 210 212 212 212 212 212 213 213 213 214 214 214 215 215 215 215 216 217 217 217 217 217 217 218 218 219 219 219 219 220 220 220 220 220 221 221 222 222 222 222 222 222 222 222 224 224 224 224 224 224 224 224 225 225 225 226 226 226 226 226 226 227 227 227 227 227 227 227 228 228 228 228 229 187 187 187 187 187 187 187 187 187 187 187
207 207 207 207 208 209 209 209 210 210 210 210 211 212 212 212 212 212 213 214 214 214 214 215 215 215 215 216 216 217 217 217 217 217 217 219 219 219 219 219 219 220 220 220 221 221 221 221 222 222 222 222 222 222 223 223 224 224 224 224 224 224 224 224 225 226 226 226 226 226 226 226 226 227 227 227 227 227 228 228 186 186 186 186 187 187 187 187 187 187 187 187 187 187 188
207 207 207 207 208 209 209 209 209 210 210 210 211 211 212 212 212 212 212 214 214 214 214 214 215 215 215 216 216 216 217 217 217 217 217 218 219 219 219 219 219 219 220 220 221 221 221 221 221 222 222 222 222 222 223 223 224 224 224 224 224 224 224 224 224 226 226 226 226 226 226 226 226 226 227 185 185 185 186 186 186 186 186 186 186 187 187 187 187 187 187 187 187 188 188
207 207 207 207 207 209 209 209 209 210 210 211 211 211 212 212 212 212 213 214 214 214 214 214 214 215 216 216 216 216 217 217 217 217 218 218 219 219 219 219 219 219 219 221 221 221 221 221 221 221 222 222 222 223 223 223 223 224 224 224 224 224 224 224 225 225 226 226 226 226 184 184 184 184 184 185 185 186 186 186 186 186 186 186 186 186 186 187 187 187 187 187 188 188 188
206 207 207 207 208 209 209 209 209 209 210 211 211 211 211 212 212 212 213 213 214 214 214 214 214 215 216 216 216 216 216 217 217 217 218 218 218 219 219 219 219 219 219 220 221 221 221 221 221 221 221 222 222 223 223 223 223 223 224 224 224 224 224 224 183 183 183 184 184 184 184 184 184 184 184 184 185 186 186 186 186 186 186 186 186 186 186 186 187 187 187 188 188 188 188
206 206 207 207 208 208 209 209 209 209 209 211 211 211 211 212 212 212 213 213 213 214 214 214 214 215 216 216 216 216 216 216 217 217 218 218 218 218 219 219 219 219 220 220 221 221 221 221 221 221 221 222 223 223 223 223 223 223 181 182 182 182 182 183 183 183 183 183 184 184 184 184 184 184 184 184 185 185 186 186 186 186 186 186 186 186 186 186 186 187 187 188 188 188 188
206 206 207 207 208 208 208 209 209 209 210 211 211 211 211 211 212 213 213 213 213 214 214 214 214 215 215 216 216 216 216 216 217 218 218 218 218 218 218 219 219 219 220 220 220 221 221 221 221 221 221 221 181 181 181 181 181 181 181 181 182 182 182 183 183 183 183 183 183 184 184 184 184 184 184 185 185 185 185 186 186 186 186 186 186 186 186 186 186 186 187 188 188 188 188
206 206 206 208 208 208 208 209 209 209 210 210 211 211 211 211 211 213 213 213 213 213 214 214 214 215 215 216 216 216 216 216 216 218 218 218 218 218 218 219 219 219 220 220 220 178 179 179 179 179 179 180 180 181 181 181 181 181 181 181 181 182 183 183 183 183 183 183 183 183 184 184 184 184 185 185 185 185 185 185 186 186 186 186 186 186 186 186 186 187 187 187 188 188 188
206 206 206 208 208 208 208 208 209 209 210 210 211 211 211 211 211 213 213 213 213 213 213 214 215 215 215 215 216 216 216 216 217 217 218 218 218 176 176 176 177 178 178 178 178 178 178 179 179 179 179 180 180 180 181 181 181 181 181 181 181 182 183 183 183 183 183 183 183 183 183 184 184 184 185 185 185 185 185 185 185 186 186 186 186 186 186 186 187 187 187 187 187 187 188
206 206 206 207 208 208 208 208 209 210 210 210 210 211 211 211 212 212 213 213 213 213 213 214 215 215 215 173 173 174 174 174 175 175 175 176 176 176 176 176 176 178 178 178 178 178 178 178 179 179 180 180 180 180 180 181 181 181 181 181 181 182 182 183 183 183 183 183 183 183 183 183 184 185 185 185 185 185 185 185 185 185 185 186 186 186 186 186 187 187 187 187 187 187 187
206 206 207 207 208 208 208 208 208 210 210 210 210 210 211 169 170 170 170 171 171 171 171 172 173 173 173 173 173 174 174 174 175 175 175 176 176 176 176 176 177 177 178 178 178 178 178 178 179 179 180 180 180 180 180 180 181 181 181 181 182 182 182 182 183 183 183 183 183 183 183 183 183 185 185 185 185 185 185 185 185 185 185 185 186 186 186 187 187 187 187 187 187 187 187
163 164 165 165 165 166 166 166 166 167 168 168 168 168 169 169 170 170 170 171 171 171 171 172 172 173 173 173 173 173 174 175 175 175 175 175 176 176 176 176 177 177 178 178 178 178 178 178 178 180 180 180 180 180 180 180 180 181 181 181 182 182 182 182 182 183 183 183 183 183 183 183 184 184 185 185 185 185 185 185 185 185 185 185 185 186 187 187 187 187 187 187 187 187 187
163 164 165 165 165 165 166 166 167 167 168 168 168 168 168 170 170 170 170 170 171 171 171 172 172 173 173 173 173 173 173 175 175 175 175 175 175 176 176 177 177 177 177 178 178 178 178 178 178 179 180 180 180 180 180 180 180 180 181 182 182 182 182 182 182 182 183 183 183 183 183 184 184 184 184 184 185 185 185 185 185 185 185 185 185 185 186 187 187 187 187 187 187 187 187
163 164 165 165 165 165 166 166 167 167 167 168 168 168 168 169 170 170 170 170 170 171 172 172 172 172 173 173 173 173 174 174 175 175 175 175 175 175 176 177 177 177 177 177 178 178 178 178 178 179 179 180 180 180 180 180 180 180 180 182 182 182 182 182 182 182 182 183 183 183 183 184 184 184 184 184 184 185 185 185 185 185 185 185 185 186 186 186 187 187 187 187 187 187 187
163 164 165 165 165 165 165 166 167 167 167 168 168 168 168 169 170 170 170 170 170 171 172 172 172 172 172 173 173 173 174 174 175 175 175 175 175 175 176 177 177 177 177 177 177 178 178 178 179 179 179 179 180 180 180 180 180 180 180 181 182 182 182 182 182 182 182 182 183 183 184 184 184 184 184 184 184 184 185 185 185 185 185 185 186 186 186 186 186 186 187 187 187 187 187
163 164 164 165 165 165 165 167 167 167 167 167 168 168 169 169 169 170 170 170 170 170 172 172 172 172 172 173 173 173 174 174 174 175 175 175 175 175 176 177 177 177 177 177 177 177 178 178 179 179 179 179 179 180 180 180 180 180 181 181 181 182 182 182 182 182 182 182 182 183 184 184 184 184 184 184 184 184 184 185 185 185 185 185 186 186 186 186 186 186 186 187 187 187 187
163 164 164 164 165 165 165 166 167 167 167 167 167 168 169 169 169 169 170 170 170 170 171 172 172 172 172 172 173 174 174 174 174 174 175 175 175 175 176 176 177 177 177 177 177 177 177 179 179 179 179 179 179 179 180 180 180 180 181 181 181 181 182 182 182 182 182 182 182 183 183 184 184 184 184 184 184 184 184 184 184 185 185 186 186 186 186 186 186 186 186 186 186 187 187
164 164 164 164 165 165 165 166 166 167 167 167 167 168 169 169 169 169 170 170 170 171 171 172 172 172 172 172 172 174 174 174 174 174 174 175 175 175 176 176 176 177 177 177 177 177 177 178 179 179 179 179 179 179 179 180 180 181 181 181 181 181 181 182 182 182 182 182 182 183 183 183 184 184 184 184 184 184 184 184 184 184 185 186 186 186 186 186 186 186 186 186 186 186 187
163 164 164 164 164 165 165 166 166 167 167 167 167 167 169 169 169 169 169 170 170 171 171 171 172 172 172 172 172 173 174 174 174 174 174 175 175 176 176 176 176 176 177 177 177 177 177 178 179 179 179 179 179 179 179 179 180 181 181 181 181 181 181 181 182 182 182 182 182 183 183 183 183 184 184 184 184 184 184 184 184 184 185 186 186 186 186 186 186 186 186 186 186 186 186
163 164 164 164 164 164 166 166 166 166 167 167 167 168 168 169 169 169 169 169 170 171 171 171 171 172 172 172 172 173 174 174 174 174 174 174 175 176 176 176 176 176 176 177 177 177 178 178 178 179 179 179 179 179 179 179 179 181 181 181 181 181 181 181 181 182 182 182 183 183 183 183 183 183 184 184 184 184 184 184 184 184 185 185 185 186 186 186 186 186 186 186 186 186 186
