testData/tiles/oneDegreeCosts/grid35.0-27.0-36.0-28.0.asc
ncols   200
nrows   200
xllcorner   35.0
yllcorner   27.0
cellsize   0.005
NODATA_value   -9999.0
[rows 84 to 125 of 200, columns 0 to 93 of 200]
251 251 251 252 252 251 252 252 253 252 253 253 253 253 254 253 253 253 254 253 253 254 253 254 254 253 253 254 253 253 253 254 254 254 253 253 253 253 253 252 253 253 252 252 252 252 252 252 252 252 271 271 270 271 270 270 270 269 270 269 268 268 268 267 267 266 266 267 266 266 265 265 264 264 263 263 263 263 261 260 260 260 260 258 258 258 258 257 255 255 255 255 253 252
250 250 252 251 251 251 251 252 252 252 252 252 253 252 252 253 253 252 252 254 253 253 253 253 253 253 252 252 254 253 253 253 253 253 253 252 253 253 252 252 252 252 252 252 252 252 252 271 270 270 271 270 270 269 270 269 269 269 268 269 268 268 267 267 266 266 265 265 266 265 265 264 264 263 263 262 262 262 261 260 259 259 259 259 257 257 257 256 256 254 254 254 253 252
249 249 250 251 250 250 251 252 251 251 251 252 252 252 252 252 252 253 252 252 253 252 252 252 252 252 253 252 253 253 252 252 252 252 252 252 251 252 252 252 252 252 252 252 270 270 271 270 270 269 269 270 269 269 268 269 268 268 268 268 268 267 267 266 267 265 265 264 264 265 264 264 263 264 262 262 261 261 261 260 259 258 259 258 258 256 256 256 255 254 253 253 253 252
249 250 249 250 250 250 250 250 251 250 251 251 252 251 251 251 252 252 252 251 251 252 251 251 252 252 252 252 251 252 252 251 251 251 251 251 251 251 252 252 252 271 272 271 271 270 270 271 270 270 269 270 270 269 268 268 268 267 267 267 267 267 266 266 265 266 265 264 264 264 264 263 263 262 263 261 261 260 259 260 259 258 257 258 257 257 255 255 255 254 253 252 252 252
248 249 249 248 249 250 250 249 250 250 250 250 250 251 251 251 251 251 251 251 250 251 252 251 251 251 252 251 251 251 251 251 251 251 252 251 251 251 270 271 271 270 270 271 270 270 269 269 270 269 269 268 269 269 268 268 267 268 266 266 266 266 266 265 265 264 265 264 264 263 263 262 262 261 261 261 260 259 259 258 259 257 257 256 257 256 255 254 253 254 252 252 252 252
248 248 248 248 248 249 249 249 249 250 250 250 249 250 251 250 250 250 250 250 250 250 251 251 251 250 251 251 250 250 251 251 251 251 251 271 270 270 270 269 270 270 269 269 270 269 269 268 269 269 268 268 267 268 268 267 267 267 267 266 266 265 265 265 264 264 263 264 263 263 262 262 261 261 260 260 260 259 258 258 258 258 256 256 255 256 255 254 253 252 253 252 252 252
247 248 247 247 248 248 248 248 249 248 249 249 249 249 250 250 249 249 250 250 250 250 250 250 250 250 249 250 250 250 250 250 270 270 270 269 270 269 269 269 269 269 269 268 268 269 268 268 267 268 268 267 267 266 267 267 266 266 266 266 265 265 264 264 264 263 263 263 263 262 262 261 261 260 260 259 259 258 258 257 257 257 257 255 255 254 255 253 252 252 252 252 252 252
246 246 247 246 247 247 248 247 248 248 247 248 248 249 248 249 249 248 248 250 249 249 249 249 249 249 249 249 250 270 269 269 270 269 269 269 268 269 268 268 268 268 268 268 267 267 267 267 267 266 267 267 266 266 265 266 265 265 265 265 265 264 264 263 263 263 262 262 262 262 261 261 260 260 259 259 258 258 257 257 256 256 256 255 254 254 253 252 252 252 252 252 252 252
245 245 245 246 246 246 246 247 247 247 247 247 247 248 248 247 248 248 248 248 249 248 248 248 249 249 269 269 268 269 269 268 268 269 268 268 268 267 268 267 267 267 268 268 268 267 268 267 267 266 266 266 265 265 265 265 265 264 264 264 264 264 263 263 262 262 261 261 261 261 261 260 260 258 259 258 258 257 257 256 256 255 255 254 253 253 252 252 252 252 252 252 404 404
245 245 244 245 246 245 245 245 247 246 246 246 247 247 247 247 247 247 248 247 247 248 248 248 267 269 268 268 268 268 268 268 267 267 268 267 267 267 268 268 267 267 267 267 267 267 266 267 266 266 266 265 266 264 264 264 264 264 263 263 262 263 263 262 262 262 261 260 260 259 260 259 259 258 257 258 257 257 256 256 255 254 254 252 253 252 252 252 252 406 406 404 403 403
244 244 244 243 245 245 244 244 246 246 245 245 246 246 246 246 246 246 247 247 247 267 267 266 266 267 268 267 267 267 267 267 267 266 266 266 267 267 266 267 267 266 266 266 266 266 265 265 266 265 265 265 264 265 264 263 263 263 263 262 262 261 262 262 261 261 260 260 259 259 258 259 258 257 256 256 256 256 255 254 254 254 253 252 252 252 407 406 405 405 405 403 403 402
242 243 243 243 243 244 244 243 244 245 245 244 245 245 245 245 245 246 246 266 266 265 266 266 266 266 266 266 266 266 265 266 266 265 265 267 266 266 266 265 266 266 265 265 266 265 265 264 264 265 264 264 263 264 264 263 262 261 262 262 261 261 260 261 260 260 260 259 259 258 258 257 258 257 256 255 255 255 255 253 253 253 253 407 407 406 407 405 404 404 403 403 402 402
241 242 242 242 243 242 243 243 243 243 244 244 244 244 245 245 245 265 265 265 265 265 264 265 266 265 265 266 265 265 265 264 265 265 265 265 266 265 265 265 264 265 265 264 264 264 264 264 263 263 264 263 263 262 263 263 262 261 260 261 260 260 260 260 260 259 259 257 258 257 257 257 256 257 255 255 255 255 254 253 408 408 408 407 406 405 405 404 404 403 402 401 402 400
240 241 241 241 242 242 242 242 243 242 242 243 243 243 263 264 263 263 264 265 264 264 264 263 265 265 264 264 265 264 264 264 263 264 265 264 264 265 264 264 264 263 264 263 263 263 263 263 263 262 262 262 262 262 261 262 261 260 260 259 260 259 259 258 259 259 258 257 256 257 256 256 255 255 255 255 255 409 408 408 407 407 406 406 405 405 404 403 403 403 401 400 400 399
240 240 240 240 240 241 240 241 241 242 242 242 262 263 262 262 263 262 263 263 263 263 263 263 263 264 264 263 263 264 263 263 263 263 264 264 263 263 264 263 263 262 263 263 262 262 262 262 262 262 261 262 261 261 261 260 261 259 259 258 258 259 258 258 257 258 257 256 256 255 256 255 255 255 255 409 409 408 407 407 407 406 405 404 405 404 403 402 401 401 400 400 398 398
240 240 240 240 240 240 240 240 240 241 261 260 261 262 261 261 261 262 262 262 262 262 262 262 261 263 263 263 262 262 263 262 262 262 263 263 263 262 262 262 262 262 261 262 262 261 261 261 261 261 260 260 261 260 260 259 259 259 258 258 257 258 257 257 257 256 256 255 255 255 255 255 410 408 408 409 408 408 406 406 406 406 404 403 403 402 402 401 401 399 400 399 398 397
240 240 240 240 240 240 240 240 258 259 260 260 259 260 261 260 260 261 261 261 261 261 261 261 261 261 262 262 261 261 261 261 261 261 260 262 262 261 261 261 261 261 261 260 261 261 260 260 259 260 260 259 259 259 259 259 257 257 257 257 257 256 257 256 256 255 254 255 255 255 409 409 408 408 407 407 407 406 405 405 404 404 403 403 402 401 401 401 399 399 398 397 397 396
240 240 240 240 240 257 257 258 258 258 258 259 258 258 259 260 259 259 260 259 260 260 260 260 260 260 260 261 261 260 260 261 260 260 260 259 260 261 260 260 261 260 260 259 259 260 259 259 259 259 259 258 258 258 257 257 256 256 256 256 256 255 255 256 255 254 254 254 409 409 408 407 406 407 407 406 405 405 405 404 403 402 403 402 401 400 399 399 398 398 397 397 397 397
240 240 240 256 256 256 256 256 257 257 257 257 258 257 258 258 259 258 258 259 258 259 259 259 259 259 258 259 260 260 259 259 260 259 259 259 258 259 258 259 259 259 259 259 258 258 259 258 258 257 258 258 256 256 256 256 256 255 255 255 255 255 254 254 254 254 408 408 408 408 407 406 406 405 406 404 404 403 404 402 402 401 401 400 400 399 399 398 399 398 398 397 397 397
240 256 257 256 256 256 256 256 256 256 256 256 256 257 256 257 257 257 257 257 258 257 258 258 258 258 258 257 257 259 258 258 258 258 258 258 257 257 258 257 257 257 257 257 257 256 256 256 256 256 255 256 256 255 255 254 255 255 254 254 254 254 254 254 408 408 408 407 407 405 406 405 405 404 404 404 403 403 401 402 401 401 400 400 400 400 399 398 398 398 398 397 397 396
256 256 256 256 256 256 256 256 256 256 256 256 256 256 255 255 256 256 255 256 257 256 256 256 256 257 257 257 256 257 257 257 257 257 257 257 257 256 257 257 256 256 255 256 256 255 255 256 255 255 254 254 255 254 254 254 253 254 253 253 253 408 408 407 407 406 407 405 405 405 404 405 403 403 402 403 402 402 401 401 401 401 400 400 399 400 399 399 398 398 398 397 397 396
256 256 256 256 256 256 256 256 256 256 256 256 256 256 256 255 255 256 255 255 255 256 255 255 255 255 256 256 255 255 256 255 255 255 255 256 256 255 255 256 255 255 255 254 255 255 254 254 254 254 254 253 253 254 253 253 253 253 253 407 407 406 407 406 406 405 404 405 404 404 403 403 403 403 402 402 402 402 402 401 401 401 401 400 399 399 399 399 398 398 397 398 397 397
257 256 256 256 257 256 256 256 256 256 256 256 256 256 256 256 255 255 256 255 255 255 255 255 255 255 255 255 255 254 254 255 254 254 254 254 254 254 254 254 255 254 254 253 253 254 253 253 253 253 253 253 253 253 253 253 253 406 407 406 406 405 405 406 405 405 404 404 404 404 403 403 404 403 403 402 402 402 402 401 401 400 401 400 400 399 399 399 399 398 397 397 397 397
256 256 256 256 256 256 256 256 256 256 256 256 256 255 256 256 255 255 256 255 255 255 255 255 255 255 254 255 255 254 254 254 254 254 254 254 254 254 253 253 253 253 253 253 253 253 253 253 253 253 253 253 253 253 253 253 407 406 406 406 406 406 405 405 405 405 404 404 404 404 404 403 403 403 403 402 402 402 402 401 401 400 400 400 400 399 399 398 399 398 398 397 397 397
256 256 256 256 256 256 256 256 256 256 256 256 256 255 255 256 256 255 255 256 255 255 255 255 255 255 254 254 255 255 254 254 254 254 254 254 253 254 254 253 253 253 253 253 253 253 253 253 253 253 253 253 253 253 407 406 407 406 406 406 406 406 405 405 405 405 405 404 404 403 404 403 403 403 403 403 402 402 401 402 401 401 400 400 400 400 399 398 398 398 398 397 397 396
256 256 256 256 256 256 256 256 256 256 255 256 256 255 255 255 256 255 255 255 255 255 255 255 255 255 255 254 254 255 254 254 254 254 254 254 253 253 254 253 253 253 253 253 253 253 253 253 253 253 253 253 408 407 407 406 407 407 406 406 405 406 405 405 405 404 405 404 404 403 403 404 403 403 402 403 402 402 401 401 401 401 400 400 399 400 399 399 398 398 398 397 397 396
256 256 256 256 256 256 256 255 256 256 255 255 256 256 255 255 256 255 255 255 255 255 255 255 254 255 255 254 254 254 254 254 254 254 254 254 253 253 253 253 253 253 253 253 253 253 253 253 253 253 407 407 407 407 407 406 406 407 406 406 405 405 406 405 405 404 404 404 404 404 403 404 403 403 402 402 402 402 401 401 400 401 400 400 399 399 399 399 398 398 397 398 397 396
256 256 256 256 256 256 256 255 256 256 256 255 255 256 255 255 255 256 255 255 255 255 255 255 254 254 255 255 254 254 254 254 254 254 253 254 254 253 253 253 253 253 253 253 253 253 253 253 407 408 408 407 407 407 407 407 406 406 406 406 406 405 405 405 405 404 404 404 404 404 403 403 403 403 402 402 402 402 401 401 400 400 400 400 399 399 399 399 398 398 397 397 397 397
256 256 256 256 255 256 256 255 255 256 256 255 255 255 256 255 255 255 255 255 255 255 255 255 255 254 254 255 254 254 254 254 254 254 253 253 254 253 253 253 253 253 253 253 253 253 253 408 407 407 408 407 407 407 407 407 406 406 406 406 406 405 405 405 405 405 404 404 403 404 403 403 403 403 403 402 402 401 402 401 401 400 400 400 400 399 399 398 398 398 397 366 365 366
240 240 240 240 255 256 256 256 255 255 256 255 255 255 256 255 255 255 255 255 255 255 254 255 255 254 254 254 254 254 254 253 254 254 253 253 253 253 253 253 253 253 253 253 253 408 408 408 407 407 407 407 407 407 406 407 406 406 406 405 406 405 405 405 404 405 404 404 403 403 403 403 403 402 403 402 402 401 401 401 401 400 400 399 400 399 399 367 367 367 367 366 365 365
240 240 240 240 240 240 240 240 255 255 255 256 255 255 255 255 255 255 255 254 255 255 254 254 255 254 254 254 254 254 254 253 253 254 254 253 253 253 253 253 253 253 253 408 408 408 407 408 408 407 407 407 407 407 406 406 406 406 406 405 405 405 405 405 404 404 404 404 403 403 404 403 403 402 402 402 402 401 401 400 401 400 400 368 368 368 368 367 367 366 367 366 366 365
240 240 240 240 240 240 240 240 240 240 240 240 240 255 255 254 255 255 255 254 255 255 254 254 254 254 254 254 254 254 254 254 253 253 254 253 253 253 253 253 253 253 408 408 408 408 407 407 408 407 407 407 407 407 406 406 406 406 406 405 405 405 405 405 404 404 403 404 403 403 403 403 403 402 402 401 402 401 370 369 369 369 369 368 368 367 368 367 367 366 366 366 366 365
240 240 240 240 240 240 240 240 240 240 240 240 240 240 240 240 240 240 240 254 254 255 254 254 254 254 254 254 254 253 254 254 253 253 253 253 253 253 253 253 409 408 408 408 408 408 407 407 407 407 407 407 406 407 406 406 406 405 406 405 405 405 404 405 404 404 403 403 404 403 403 402 372 371 371 370 370 370 370 369 369 368 369 368 368 367 367 367 367 366 366 365 366 365
240 240 240 240 240 240 240 240 240 240 240 240 240 240 240 240 240 240 240 240 240 240 240 240 240 240 240 254 254 253 253 254 253 253 253 252 253 253 253 408 409 408 408 408 407 408 407 407 407 406 407 407 406 406 406 406 406 405 405 405 405 405 404 404 373 373 372 372 372 372 372 371 371 371 371 370 370 369 370 369 369 368 368 368 368 367 367 366 367 366 366 365 365 365
240 240 240 240 240 240 240 240 240 240 240 240 240 240 240 240 240 240 240 240 240 240 240 240 240 240 240 240 240 240 240 240 240 240 240 240 240 378 377 377 377 377 377 377 376 376 376 376 376 375 375 376 375 375 374 375 375 374 374 373 374 374 373 373 372 373 372 372 372 371 372 371 371 370 371 370 370 369 369 370 369 369 368 368 368 367 367 366 366 366 366 365 365 364
240 240 240 240 240 240 240 240 240 240 240 240 240 240 240 240 240 240 240 240 240 240 240 240 240 240 240 240 240 240 240 240 240 240 240 240 377 378 377 377 377 376 377 377 376 376 376 376 376 375 375 376 375 375 374 374 375 374 374 373 373 374 373 373 372 372 373 372 372 371 372 371 371 370 370 370 370 369 369 369 369 369 368 368 367 368 367 366 366 365 366 365 365 364
240 240 240 240 240 240 240 240 240 240 240 240 240 240 240 240 240 240 240 240 240 240 240 240 240 240 240 240 240 240 240 240 240 240 378 377 377 377 377 377 377 376 376 377 376 376 376 375 376 375 375 375 375 375 374 374 374 374 374 373 373 373 373 373 372 372 372 372 372 371 371 371 371 370 370 369 370 370 369 369 368 369 368 368 367 367 367 366 366 365 365 365 365 364
240 240 240 240 240 240 240 240 240 240 240 240 240 240 240 240 240 240 240 240 240 240 240 240 240 240 240 240 240 240 240 240 240 377 377 377 377 377 376 377 377 376 376 376 376 376 376 375 375 375 375 375 374 375 374 374 374 373 374 373 373 373 372 373 372 372 372 371 372 371 371 370 371 370 370 369 369 369 369 369 368 368 368 368 367 367 366 366 366 365 365 364 365 364
240 240 240 240 240 240 240 240 240 240 240 240 240 240 240 240 240 240 240 240 240 240 240 240 240 240 240 240 240 240 240 378 377 377 377 377 377 377 376 376 377 376 376 376 375 376 375 375 375 375 375 375 374 374 374 374 374 373 373 373 373 373 372 372 372 372 371 371 371 371 371 370 370 370 370 369 369 368 369 369 368 368 367 368 367 366 366 365 366 365 365 364 364 364
240 240 240 240 240 240 240 240 240 240 240 240 240 240 240 240 240 240 240 240 240 240 240 240 240 240 240 240 240 240 377 377 377 377 377 376 377 377 376 376 376 376 376 376 375 375 375 375 375 374 375 375 374 374 373 374 374 373 373 372 373 373 372 372 371 372 371 371 371 370 371 370 370 369 370 369 369 368 368 368 368 367 367 366 367 366 366 365 365 365 365 364 364 363
240 240 240 240 240 240 240 240 240 240 240 240 240 240 240 240 240 240 240 240 240 240 240 240 240 240 240 240 240 377 377 377 376 377 377 376 376 377 376 376 376 375 376 376 375 375 374 375 375 374 374 375 374 374 373 373 374 373 373 372 372 373 372 372 371 371 371 371 371 370 370 370 370 369 369 369 369 368 368 367 368 367 367 366 366 366 366 365 365 364 365 364 364 363
240 240 240 240 240 240 240 240 240 240 240 240 240 240 240 240 240 240 240 240 240 240 240 240 240 240 240 377 377 377 377 377 376 377 377 376 376 376 376 376 376 375 375 375 375 375 374 375 375 374 374 373 374 374 373 373 373 373 373 372 372 371 372 372 371 371 370 371 370 370 370 369 370 369 369 368 369 368 368 367 367 367 367 366 366 365 366 365 365 364 364 364 364 363
