testData/tiles/oneDegreeCosts/grid48.0-22.0-49.0-23.0.asc
ncols   200
nrows   200
xllcorner   48.0
yllcorner   22.0
cellsize   0.005
NODATA_value   -9999.0
[rows 0 to 41 of 200, columns 0 to 93 of 200]
385 384 384 384 384 383 383 383 383 382 382 382 382 381 381 381 381 380 380 290 290 289 289 289 289 288 288 288 288 287 287 287 287 286 285 285 285 284 284 284 284 284 284 284 339 338 338 338 338 340 344 348 351 353 356 358 360 361 363 365 366 367 368 255 255 255 256 256 254 254 254 254 253 252 251 251 249 248 246 245 242 242 242 242 242 242 242 242 242 242 242 242 242 242
384 384 384 384 383 383 383 383 382 382 382 382 382 381 381 381 381 380 380 290 290 289 289 289 289 288 288 288 288 287 287 287 287 286 286 285 285 284 284 284 284 284 284 284 339 338 338 338 338 338 343 347 350 352 355 357 360 361 362 364 365 366 367 368 368 255 255 255 254 253 253 253 252 251 251 250 248 247 246 244 242 242 242 242 242 242 242 242 242 242 242 242 242 242
384 384 384 384 383 383 383 383 382 382 382 382 381 381 381 381 380 380 380 290 290 289 289 289 289 288 288 288 288 287 287 287 287 286 286 286 285 284 284 284 284 284 284 284 339 338 338 338 338 337 342 346 348 351 354 356 358 360 362 363 364 365 366 367 367 368 368 254 254 254 253 252 251 251 250 249 247 246 245 243 242 242 242 242 242 242 242 242 242 242 242 242 242 242
384 384 384 383 383 383 383 382 382 382 382 382 381 381 381 381 380 380 290 290 289 289 289 289 288 288 288 288 287 287 287 287 286 286 286 286 285 284 284 284 284 284 284 284 338 338 338 338 337 337 341 344 347 350 353 356 357 359 361 362 363 364 365 366 366 367 367 368 367 253 252 252 250 250 249 248 246 245 244 242 242 242 242 242 242 242 242 242 242 242 242 242 242 242
384 384 383 383 383 383 383 382 382 382 382 381 381 381 381 381 380 380 290 290 289 289 289 289 288 288 288 288 287 287 287 287 286 286 286 286 285 285 284 284 284 284 284 284 284 338 338 338 337 337 339 343 346 349 352 355 356 358 360 362 362 363 365 366 365 366 367 367 366 366 366 251 250 249 248 248 246 244 243 242 242 242 242 242 242 242 242 242 242 242 242 242 242 242
384 383 383 383 383 383 382 382 382 382 382 381 381 381 381 380 380 380 290 289 289 289 289 289 288 288 288 288 287 287 287 287 286 286 286 286 285 285 285 284 284 284 284 284 284 338 338 338 337 337 338 342 345 348 351 354 355 357 359 361 361 363 364 365 365 365 366 366 365 365 365 364 363 248 248 246 245 244 242 242 242 242 242 242 242 242 242 242 242 242 242 242 242 242
384 383 383 383 383 383 382 382 382 382 381 381 381 381 381 380 380 380 290 289 289 289 289 288 288 288 288 287 287 287 287 286 286 286 286 285 285 285 285 284 284 284 284 284 284 338 338 338 337 337 337 341 344 347 350 353 354 356 358 359 360 362 363 363 364 364 365 364 365 365 365 363 362 361 361 245 244 243 242 242 242 242 242 242 242 242 242 242 242 242 242 242 242 242
383 383 383 383 383 382 382 382 382 382 381 381 381 381 380 380 380 380 289 289 289 289 289 288 288 288 288 287 287 287 287 286 286 286 286 285 285 285 285 284 284 284 284 284 284 338 338 337 337 337 337 339 343 346 349 351 353 355 357 358 360 361 362 362 363 364 364 364 364 364 364 363 362 361 360 358 357 242 242 242 242 242 242 242 242 242 242 242 242 242 242 242 242 242
383 383 383 383 382 382 382 382 382 381 381 381 381 380 380 380 380 380 289 289 289 289 288 288 288 288 287 287 287 287 287 286 286 286 286 285 285 285 285 284 284 284 284 284 284 338 338 337 337 337 337 338 342 345 348 350 352 354 356 357 359 360 361 361 362 363 363 363 363 363 363 362 361 361 359 357 356 355 242 242 242 242 242 242 242 242 242 242 242 242 242 242 242 242
383 383 383 382 382 382 382 382 381 381 381 381 381 380 380 380 380 289 289 289 289 289 288 288 288 288 287 287 287 287 286 286 286 286 285 285 285 285 285 284 284 284 284 284 284 284 338 337 337 337 337 337 340 344 347 349 351 354 356 356 358 359 360 361 361 362 363 362 362 362 362 361 361 360 358 357 355 354 353 350 242 242 242 242 242 242 242 242 242 242 242 242 242 242
384 383 382 382 382 382 382 381 381 381 381 381 380 380 380 380 380 289 289 289 289 288 288 288 288 288 287 287 287 287 286 286 286 286 285 285 285 285 284 284 284 284 284 284 284 284 337 337 337 337 336 336 339 343 345 348 350 353 354 355 357 358 359 360 361 361 361 361 361 361 360 360 360 359 358 356 355 353 351 349 348 346 242 242 242 242 242 242 242 242 242 242 242 242
385 384 383 383 382 382 382 381 381 381 381 380 380 380 380 380 379 289 289 289 289 288 288 288 288 287 287 287 287 286 286 286 286 286 285 285 285 285 284 284 284 284 284 284 284 284 337 337 337 337 336 336 338 342 344 347 349 352 353 355 356 358 358 359 360 360 360 360 361 361 360 359 359 358 357 355 354 353 350 349 347 345 341 242 242 242 242 242 242 242 242 242 242 242
386 385 385 384 384 383 382 381 381 381 381 380 380 380 380 379 379 289 289 289 288 288 288 288 288 287 287 287 287 286 286 286 286 285 285 285 285 284 284 284 284 284 284 284 284 284 337 337 337 337 336 336 337 341 343 346 348 351 352 354 355 357 357 358 359 360 359 359 360 360 359 358 358 358 356 355 353 352 349 348 346 344 340 338 335 242 242 242 242 242 242 242 242 242
387 386 386 385 385 383 383 382 382 381 380 380 380 380 380 379 379 289 289 288 288 288 288 288 287 287 287 287 286 286 286 286 286 285 285 285 285 284 284 284 284 284 284 284 284 284 284 337 337 336 336 336 336 338 342 345 347 350 351 353 354 356 356 357 358 359 358 359 359 359 358 358 357 357 355 354 353 351 348 347 345 343 339 337 334 330 242 242 242 242 242 242 242 242
388 388 387 387 385 385 384 384 383 382 381 381 380 380 379 379 289 289 289 288 288 288 288 287 287 287 287 287 286 286 286 286 285 285 285 285 284 284 284 284 284 284 284 284 284 284 284 337 337 336 336 336 336 337 341 344 346 348 350 352 353 354 355 356 357 357 357 358 358 357 357 357 356 355 354 353 352 349 347 346 344 341 338 336 333 328 326 326 242 242 242 242 242 242
390 389 388 387 387 386 386 385 384 383 383 382 381 380 379 379 289 289 288 288 288 288 288 287 287 287 287 286 286 286 286 286 285 285 285 285 284 284 284 284 284 284 284 284 284 284 284 337 337 336 336 336 336 336 339 342 345 347 349 351 352 353 354 355 356 356 357 357 357 356 356 356 356 354 353 352 351 349 346 345 343 340 337 334 331 327 326 326 326 242 242 242 242 242
391 389 389 388 388 387 387 385 385 384 384 383 382 381 381 380 289 288 288 288 288 288 287 287 287 287 287 286 286 286 286 285 285 285 285 284 284 284 284 284 284 284 284 284 284 284 284 338 336 336 336 336 335 335 338 341 344 346 348 350 351 352 353 354 355 355 356 356 356 355 355 355 355 353 352 351 350 348 345 344 342 339 336 333 330 326 326 326 326 325 325 242 242 242
391 391 390 390 389 389 387 387 386 386 385 384 383 382 382 381 291 289 289 288 288 287 287 287 287 287 286 286 286 286 286 285 285 285 285 284 284 284 284 284 284 284 284 284 284 284 284 338 336 336 336 336 335 335 337 340 342 345 347 349 349 351 352 353 353 354 355 355 354 354 354 354 353 352 351 350 349 347 345 343 341 338 335 332 329 326 326 326 326 325 325 325 242 242
392 392 391 391 390 389 388 388 387 387 386 385 384 384 383 383 291 290 290 289 289 287 287 287 287 286 286 286 286 286 285 285 285 285 284 284 284 284 284 284 284 284 284 284 284 284 284 284 337 336 336 336 335 335 336 339 341 343 346 348 348 350 351 352 352 353 354 354 353 354 353 353 352 351 350 349 347 346 344 342 339 336 334 331 327 326 326 326 325 325 325 269 268 242
393 393 392 391 390 390 389 389 388 387 386 386 385 385 384 293 292 292 291 290 289 288 288 287 287 286 286 286 286 285 285 285 285 285 284 284 284 284 284 284 284 284 284 284 284 284 284 284 337 337 336 335 335 335 335 337 340 342 345 346 347 349 350 352 352 352 353 353 353 353 353 352 351 350 350 349 346 345 343 342 338 335 333 330 326 326 326 326 325 325 325 269 268 268
394 394 392 392 392 391 391 390 389 388 388 387 386 386 384 294 293 293 292 291 290 289 289 288 287 286 286 286 286 285 285 285 285 284 284 284 284 284 284 284 284 284 284 284 284 284 284 284 337 337 337 335 335 335 335 336 339 341 344 345 346 348 349 350 351 351 352 351 352 352 352 350 350 349 349 348 345 344 342 341 337 334 332 329 326 326 326 326 325 325 325 269 268 268
394 394 393 393 393 392 392 390 390 389 389 388 388 386 386 295 294 294 292 292 291 291 290 288 288 287 287 286 285 285 285 285 285 284 284 284 284 284 284 284 284 284 284 284 284 284 284 284 284 337 336 335 335 335 334 334 337 340 342 344 345 347 348 349 350 350 351 350 351 351 351 349 349 348 348 346 344 343 341 339 336 333 330 326 326 326 326 325 325 325 269 268 268 268
395 395 394 394 394 393 392 391 391 390 390 389 388 387 387 296 295 294 293 293 292 292 290 289 289 288 288 286 285 285 285 285 284 284 284 284 284 284 284 284 284 284 284 284 284 284 284 284 284 337 336 336 335 335 334 334 336 339 340 342 344 346 346 348 349 349 350 349 350 350 350 348 348 347 347 345 343 342 340 337 335 332 329 326 326 326 326 325 325 325 269 268 268 268
397 396 395 395 394 393 393 392 392 391 391 389 389 388 388 297 296 295 294 294 293 293 291 291 290 289 289 287 286 286 285 284 284 284 284 284 284 284 284 284 284 284 284 284 284 284 284 284 284 336 336 336 336 335 334 334 335 338 339 341 343 345 345 347 348 348 348 348 349 349 348 347 347 346 345 344 342 341 339 336 334 332 328 326 326 326 326 325 325 325 269 268 268 268
398 398 397 395 394 394 394 393 393 392 391 390 390 389 299 297 297 296 295 295 294 293 292 292 291 290 289 288 287 287 286 285 284 284 284 284 284 284 284 284 284 284 284 284 284 284 284 284 284 336 336 336 336 334 334 334 334 335 338 340 342 344 344 346 347 347 347 347 348 348 347 346 346 345 344 343 341 340 337 335 333 330 326 326 326 326 325 325 325 325 268 268 268 268
399 398 397 397 395 395 394 394 393 392 392 391 391 390 299 298 297 297 296 296 294 294 293 293 292 290 290 289 288 288 286 286 285 284 284 284 284 284 284 284 284 284 284 284 284 284 284 284 284 284 336 336 336 335 334 334 334 334 337 339 341 342 343 344 346 345 346 346 347 347 346 345 345 344 343 341 340 339 336 334 332 329 327 326 326 326 325 325 325 269 268 268 268 268
399 399 398 398 397 397 395 394 393 393 392 392 391 390 299 299 298 298 297 296 295 295 294 293 292 291 291 290 289 288 287 287 286 285 284 284 284 284 284 284 284 284 284 284 284 284 284 284 284 284 336 336 335 335 334 334 333 333 336 338 340 341 342 343 344 344 345 345 346 345 345 344 344 342 341 340 339 337 335 333 331 328 327 326 326 326 325 325 325 269 268 268 268 268
400 399 399 399 398 397 396 395 394 394 393 393 391 391 300 300 299 299 297 297 296 296 295 293 293 292 292 291 289 289 288 287 287 285 285 284 284 284 284 284 284 284 284 284 284 284 284 284 284 284 336 335 335 335 335 334 333 333 334 337 338 339 341 342 342 343 344 344 345 344 344 343 343 341 340 339 338 335 334 332 329 327 327 327 326 325 325 325 325 268 268 268 268 268
401 400 400 399 398 397 397 397 395 395 394 393 392 392 301 301 300 299 298 297 297 296 295 294 294 293 292 291 290 290 289 288 287 286 285 285 284 284 284 284 284 284 284 284 284 284 284 284 284 284 336 335 335 335 335 334 333 333 333 335 336 338 340 341 341 342 343 343 343 343 343 342 341 340 339 338 337 334 332 330 328 327 327 327 326 325 325 325 325 268 268 268 268 267
401 401 400 399 399 398 398 397 397 395 394 393 393 302 302 301 300 299 299 298 298 296 296 295 294 294 293 292 291 290 290 289 288 287 286 286 285 284 284 284 284 284 284 284 284 284 284 284 284 284 284 335 335 335 335 334 333 333 333 333 335 337 339 339 340 341 342 342 342 342 342 341 340 339 338 337 335 333 331 329 327 327 327 327 327 325 325 325 269 268 268 268 268 267
401 401 400 400 399 399 398 398 397 396 396 394 394 303 302 301 301 300 300 299 297 297 296 296 295 295 293 293 292 291 291 289 288 288 287 286 285 284 284 284 284 284 284 284 284 284 284 284 284 284 284 335 335 335 334 334 334 333 333 332 334 336 338 338 339 340 341 340 340 341 340 340 339 338 337 336 334 332 330 328 327 327 327 327 326 325 325 325 268 268 268 268 267 267
402 401 401 401 400 400 398 398 397 397 396 396 394 303 302 302 301 301 300 299 298 298 297 297 296 294 294 293 293 292 290 290 289 289 288 286 286 285 284 284 284 284 284 284 284 284 284 284 284 284 284 335 335 335 334 334 334 333 332 332 333 335 335 337 338 339 339 339 339 339 339 338 337 337 336 334 332 331 329 328 327 327 327 327 326 325 325 325 268 268 268 268 267 267
402 402 402 401 401 399 399 398 398 397 397 397 395 304 303 303 302 302 300 299 299 298 298 297 296 295 295 294 293 292 291 291 290 289 288 287 286 286 285 284 284 284 284 284 284 284 284 284 284 284 284 284 335 334 334 334 334 334 332 332 332 333 334 335 337 338 337 338 338 338 338 337 336 336 335 332 331 329 328 327 327 327 327 326 326 326 325 269 268 268 268 268 267 267
403 403 402 401 400 400 399 399 399 398 397 396 306 305 304 303 303 301 301 300 300 299 299 297 296 296 295 295 293 293 292 291 291 289 288 288 287 286 285 284 284 284 284 284 284 284 284 284 284 284 284 284 334 334 334 334 334 333 332 332 332 331 333 334 335 336 336 337 337 337 336 336 335 334 332 331 330 328 328 327 327 327 327 326 326 326 325 268 268 268 268 267 267 267
403 402 402 401 401 401 400 400 399 398 397 397 306 306 305 304 302 302 301 301 300 300 298 298 297 297 296 294 294 293 293 292 291 290 289 288 288 287 285 285 284 284 284 284 284 284 284 284 284 284 284 284 334 334 334 334 333 333 333 332 332 331 331 333 334 334 335 335 336 336 335 334 334 333 331 330 328 328 327 327 327 327 326 326 326 326 326 268 268 268 268 267 267 456
403 403 402 402 402 401 401 399 399 398 398 397 307 306 305 304 303 302 302 301 300 299 299 298 298 297 296 295 294 294 293 293 291 290 290 289 288 287 286 285 285 284 284 284 284 284 284 284 284 284 284 284 284 334 334 334 333 333 333 333 331 331 331 332 333 333 334 334 335 334 334 333 333 331 330 329 328 328 327 327 327 327 326 326 326 326 269 268 268 457 456 456 456 456
404 403 403 403 402 401 400 400 399 399 398 398 307 306 305 305 305 303 302 301 300 300 299 299 298 297 296 296 295 294 294 292 292 291 290 290 288 287 287 286 285 284 284 284 284 284 284 284 284 284 284 284 284 334 334 333 333 333 333 333 331 331 331 331 331 332 332 333 333 332 332 332 331 330 329 328 328 327 327 327 327 327 326 326 326 515 458 457 457 457 456 456 456 456
404 404 403 402 402 401 401 400 400 399 399 307 307 307 306 306 305 305 302 302 301 300 300 299 298 297 297 296 296 295 293 293 292 292 291 289 289 288 287 287 285 284 284 284 284 284 284 284 284 284 284 284 284 334 333 333 333 333 333 332 332 331 331 331 330 330 331 332 331 331 331 331 329 328 328 328 328 327 327 327 327 327 515 515 515 514 458 458 457 457 456 456 456 456
405 403 403 403 402 402 401 401 400 400 398 308 307 307 307 306 306 304 304 302 302 301 300 299 298 298 297 297 296 295 294 293 293 292 290 290 289 289 288 286 286 285 284 284 284 284 284 284 284 284 284 284 284 284 333 333 333 333 332 332 332 331 331 330 330 330 330 329 330 330 330 329 328 328 328 328 327 327 327 516 516 515 515 515 515 458 458 458 457 456 456 456 456 455
404 404 403 403 403 402 402 401 400 399 399 308 308 307 307 306 305 305 304 304 302 301 300 299 299 298 298 297 296 295 294 294 293 292 291 290 290 289 287 287 286 285 285 284 284 284 284 284 284 284 284 284 284 284 333 333 333 333 332 332 332 332 330 330 330 330 330 329 329 329 329 328 328 328 328 328 516 516 516 516 515 515 515 515 514 458 458 458 458 456 456 456 456 455
405 404 404 403 403 403 401 401 400 400 309 309 308 308 306 306 305 305 304 304 302 301 300 300 299 299 298 297 296 295 295 294 293 292 291 291 290 289 288 287 287 286 285 284 284 284 284 284 284 284 284 284 284 284 333 333 333 332 332 332 332 332 330 330 330 330 329 329 329 329 329 328 328 517 517 516 516 516 516 516 515 515 515 515 514 458 458 458 457 456 456 456 455 455
405 405 404 404 402 402 402 401 401 400 310 309 308 307 307 306 306 305 305 303 303 302 301 300 300 298 298 297 296 296 295 294 293 293 292 291 291 289 288 288 287 286 285 284 284 284 284 284 284 284 284 284 284 284 284 333 332 332 332 332 332 331 331 330 330 330 329 329 329 329 517 517 517 517 517 516 516 516 516 515 515 515 515 514 458 458 458 458 457 456 456 456 455 455
