testData/tiles/oneDegreeCosts/grid1.0-14.0-2.0-15.0.asc
ncols   200
nrows   200
xllcorner   1.0
yllcorner   14.0
cellsize   0.005
NODATA_value   -9999.0
[rows 42 to 83 of 200, columns 0 to 93 of 200]
470 470 471 471 471 471 471 446 447 447 447 447 447 447 447 448 448 448 448 448 448 448 449 449 449 449 449 449 449 449 450 450 450 450 450 450 450 450 451 451 451 451 451 451 451 451 451 564 564 622 622 622 622 622 622 622 622 623 623 623 623 623 623 623 623 623 623 623 623 624 624 624 624 624 624 624 624 456 456 456 456 456 456 457 457 457 457 457 457 457 457 457 457 457
470 470 470 471 471 471 446 446 446 446 447 447 447 447 447 447 447 448 448 448 448 448 448 448 449 449 449 449 449 449 449 449 450 450 450 450 450 450 450 450 451 451 451 451 451 451 451 451 563 563 622 622 622 622 622 622 622 622 622 622 623 623 623 623 623 623 623 623 623 623 623 623 624 624 624 624 624 456 456 456 456 456 456 456 456 456 456 456 457 457 457 457 457 457
470 470 470 470 470 446 446 446 446 446 446 446 447 447 447 447 447 447 447 448 448 448 448 448 448 448 449 449 449 449 449 449 449 449 450 450 450 450 450 450 450 450 450 451 451 451 451 451 563 563 621 621 622 622 622 622 622 622 622 622 622 622 622 623 623 623 623 623 623 623 623 623 623 623 623 623 624 456 456 456 456 456 456 456 456 456 456 456 456 456 456 456 456 456
470 470 470 470 470 445 446 446 446 446 446 446 446 447 447 447 447 447 447 447 447 448 448 448 448 448 448 448 449 449 449 449 449 449 449 449 450 450 450 450 450 450 450 450 450 451 451 451 451 563 563 621 621 621 621 622 622 622 622 622 622 622 622 622 622 622 622 623 623 623 623 623 623 623 623 623 623 623 455 455 455 456 456 456 456 456 456 456 456 456 456 456 456 456
469 470 470 470 445 445 445 445 446 446 446 446 446 446 446 447 447 447 447 447 447 447 447 448 448 448 448 448 448 448 449 449 449 449 449 449 449 449 449 450 450 450 450 450 450 450 450 450 451 563 563 621 621 621 621 621 621 621 622 622 622 622 622 622 622 622 622 622 622 622 623 623 623 623 623 623 623 623 455 455 455 455 455 455 455 455 456 456 456 456 456 456 456 456
469 469 469 445 445 445 445 445 445 445 446 446 446 446 446 446 446 447 447 447 447 447 447 447 447 448 448 448 448 448 448 448 448 449 449 449 449 449 449 449 449 450 450 450 450 450 450 450 450 450 562 563 621 621 621 621 621 621 621 621 621 622 622 622 622 622 622 622 622 622 622 622 622 622 623 623 623 623 455 455 455 455 455 455 455 455 455 455 455 455 455 456 456 456
469 469 444 444 444 445 445 445 445 445 445 445 446 446 446 446 446 446 446 447 447 447 447 447 447 447 447 448 448 448 448 448 448 448 448 449 449 449 449 449 449 449 449 449 450 450 450 450 450 450 450 562 620 621 621 621 621 621 621 621 621 621 621 621 621 622 622 622 622 622 622 622 622 622 622 622 622 622 455 455 455 455 455 455 455 455 455 455 455 455 455 455 455 455
469 469 444 444 444 444 445 445 445 445 445 445 445 446 446 446 446 446 446 446 446 447 447 447 447 447 447 447 447 448 448 448 448 448 448 448 448 449 449 449 449 449 449 449 449 449 450 450 450 450 450 562 620 620 620 620 621 621 621 621 621 621 621 621 621 621 621 621 622 622 622 622 622 622 622 622 622 622 454 454 454 454 454 455 455 455 455 455 455 455 455 455 455 455
468 444 444 444 444 444 444 444 445 445 445 445 445 445 445 446 446 446 446 446 446 446 446 447 447 447 447 447 447 447 447 448 448 448 448 448 448 448 448 449 449 449 449 449 449 449 449 449 449 450 450 450 562 620 620 620 620 620 620 621 621 621 621 621 621 621 621 621 621 621 621 621 622 622 622 622 622 622 454 454 454 454 454 454 454 454 454 454 454 455 455 455 455 455
443 443 443 444 444 444 444 444 444 444 445 445 445 445 445 445 445 446 446 446 446 446 446 446 446 447 447 447 447 447 447 447 447 448 448 448 448 448 448 448 448 448 449 449 449 449 449 449 449 449 449 449 562 620 620 620 620 620 620 620 620 620 620 621 621 621 621 621 621 621 621 621 621 621 621 621 622 622 454 454 454 454 454 454 454 454 454 454 454 454 454 454 454 454
443 443 443 443 443 444 444 444 444 444 444 444 445 445 445 445 445 445 445 446 446 446 446 446 446 446 446 447 447 447 447 447 447 447 447 448 448 448 448 448 448 448 448 448 449 449 449 449 449 449 449 449 449 561 619 620 620 620 620 620 620 620 620 620 620 620 621 621 621 621 621 621 621 621 621 621 621 621 453 453 453 454 454 454 454 454 454 454 454 454 454 454 454 454
443 443 443 443 443 443 443 444 444 444 444 444 444 444 445 445 445 445 445 445 445 446 446 446 446 446 446 446 446 447 447 447 447 447 447 447 447 447 448 448 448 448 448 448 448 448 448 449 449 449 449 449 449 561 619 619 619 619 620 620 620 620 620 620 620 620 620 620 620 620 621 621 621 621 621 621 621 621 453 453 453 453 453 453 453 453 454 454 454 454 454 454 454 454
442 443 443 443 443 443 443 443 444 444 444 444 444 444 444 444 445 445 445 445 445 445 445 446 446 446 446 446 446 446 446 447 447 447 447 447 447 447 447 447 448 448 448 448 448 448 448 448 448 448 449 449 449 449 561 619 619 619 619 619 619 620 620 620 620 620 620 620 620 620 620 620 620 620 621 621 621 621 453 453 453 453 453 453 453 453 453 453 453 453 453 453 454 454
442 442 442 443 443 443 443 443 443 443 444 444 444 444 444 444 444 444 445 445 445 445 445 445 445 446 446 446 446 446 446 446 446 446 447 447 447 447 447 447 447 447 447 448 448 448 448 448 448 448 448 448 448 449 449 561 619 619 619 619 619 619 619 619 620 620 620 620 620 620 620 620 620 620 620 620 620 620 453 453 453 453 453 453 453 453 453 453 453 453 453 453 453 453
442 442 442 442 442 443 443 443 443 443 443 443 444 444 444 444 444 444 444 445 445 445 445 445 445 445 445 446 446 446 446 446 446 446 446 446 447 447 447 447 447 447 447 447 447 448 448 448 448 448 448 448 448 448 448 560 619 619 619 619 619 619 619 619 619 619 619 619 620 620 620 620 620 620 620 620 620 620 452 452 452 452 452 453 453 453 453 453 453 453 453 453 453 453
442 442 442 442 442 442 442 443 443 443 443 443 443 443 444 444 444 444 444 444 444 444 445 445 445 445 445 445 445 445 446 446 446 446 446 446 446 446 447 447 447 447 447 447 447 447 447 447 448 448 448 448 448 448 448 448 560 618 618 619 619 619 619 619 619 619 619 619 619 619 619 619 620 620 620 620 620 620 452 452 452 452 452 452 452 452 452 452 452 453 453 453 453 453
441 442 442 442 442 442 442 442 443 443 443 443 443 443 443 443 444 444 444 444 444 444 444 444 445 445 445 445 445 445 445 445 446 446 446 446 446 446 446 446 446 447 447 447 447 447 447 447 447 447 447 448 448 448 448 448 560 618 618 618 618 618 619 619 619 619 619 619 619 619 619 619 619 619 619 619 620 620 452 452 452 452 452 452 452 452 452 452 452 452 452 452 452 452
441 441 441 442 442 442 442 442 442 442 443 443 443 443 443 443 443 443 444 444 444 444 444 444 444 444 445 445 445 445 445 445 445 445 446 446 446 446 446 446 446 446 446 446 447 447 447 447 447 447 447 447 447 447 448 448 448 560 618 618 618 618 618 618 618 618 619 619 619 619 619 619 619 619 619 619 619 619 451 451 451 452 452 452 452 452 452 452 452 452 452 452 452 452
441 441 441 441 441 442 442 442 442 442 442 442 443 443 443 443 443 443 443 443 444 444 444 444 444 444 444 444 445 445 445 445 445 445 445 445 445 446 446 446 446 446 446 446 446 446 447 447 447 447 447 447 447 447 447 447 447 448 618 618 618 618 618 618 618 618 618 618 618 618 619 619 619 619 619 619 619 619 451 451 451 451 451 451 451 451 452 452 452 452 452 452 452 452
441 441 441 441 441 441 441 442 442 442 442 442 442 442 443 443 443 443 443 443 443 443 444 444 444 444 444 444 444 444 445 445 445 445 445 445 445 445 445 446 446 446 446 446 446 446 446 446 446 447 447 447 447 447 447 447 447 447 559 617 618 618 618 618 618 618 618 618 618 618 618 618 618 618 619 619 619 619 451 451 451 451 451 451 451 451 451 451 451 451 451 451 452 452
440 440 441 441 441 441 441 441 441 442 442 442 442 442 442 442 443 443 443 443 443 443 443 443 444 444 444 444 444 444 444 444 444 445 445 445 445 445 445 445 445 445 446 446 446 446 446 446 446 446 446 446 447 447 447 447 447 447 447 617 617 617 617 617 618 618 618 618 618 618 618 618 618 618 618 618 618 618 451 451 451 451 451 451 451 451 451 451 451 451 451 451 451 451
440 440 440 441 441 441 441 441 441 441 441 442 442 442 442 442 442 442 443 443 443 443 443 443 443 443 444 444 444 444 444 444 444 444 444 445 445 445 445 445 445 445 445 445 446 446 446 446 446 446 446 446 446 446 446 447 447 447 447 447 617 617 617 617 617 617 617 618 618 618 618 618 618 618 618 618 618 618 450 450 450 450 450 451 451 451 451 451 451 451 451 451 451 451
440 440 440 440 440 441 441 441 441 441 441 441 442 442 442 442 442 442 442 442 443 443 443 443 443 443 443 443 443 444 444 444 444 444 444 444 444 445 445 445 445 445 445 445 445 445 445 446 446 446 446 446 446 446 446 446 446 446 447 447 617 617 617 617 617 617 617 617 617 617 617 618 618 618 618 618 618 618 450 450 450 450 450 450 450 450 450 450 450 451 451 451 451 451
440 440 440 440 440 440 440 441 441 441 441 441 441 441 442 442 442 442 442 442 442 442 443 443 443 443 443 443 443 443 443 444 444 444 444 444 444 444 444 444 445 445 445 445 445 445 445 445 445 445 446 446 446 446 446 446 446 446 446 446 446 616 617 617 617 617 617 617 617 617 617 617 617 617 617 617 618 618 450 450 450 450 450 450 450 450 450 450 450 450 450 450 450 450
439 439 440 440 440 440 440 440 440 441 441 441 441 441 441 441 442 442 442 442 442 442 442 442 442 443 443 443 443 443 443 443 443 444 444 444 444 444 444 444 444 444 444 445 445 445 445 445 445 445 445 445 445 446 446 446 446 446 446 446 446 616 616 616 616 617 617 617 617 617 617 617 617 617 617 617 617 617 449 449 449 450 450 450 450 450 450 450 450 450 450 450 450 450
439 439 439 440 440 440 440 440 440 440 440 441 441 441 441 441 441 441 441 442 442 442 442 442 442 442 442 443 443 443 443 443 443 443 443 443 444 444 444 444 444 444 444 444 444 445 445 445 445 445 445 445 445 445 445 445 446 446 446 446 446 446 616 616 616 616 616 616 616 617 617 617 617 617 617 617 617 617 449 449 449 449 449 449 449 449 450 450 450 450 450 450 450 450
439 439 439 439 439 440 440 440 440 440 440 440 440 441 441 441 441 441 441 441 441 442 442 442 442 442 442 442 442 443 443 443 443 443 443 443 443 443 444 444 444 444 444 444 444 444 444 444 445 445 445 445 445 445 445 445 445 445 445 445 446 446 504 616 616 616 616 616 616 616 616 616 616 616 617 617 617 617 449 449 449 449 449 449 449 449 449 449 449 449 449 449 449 450
439 439 439 439 439 439 439 440 440 440 440 440 440 440 440 441 441 441 441 441 441 441 441 442 442 442 442 442 442 442 442 443 443 443 443 443 443 443 443 443 443 444 444 444 444 444 444 444 444 444 444 445 445 445 445 445 445 445 445 445 445 445 445 616 616 616 616 616 616 616 616 616 616 616 616 616 616 616 449 449 449 449 449 449 449 449 449 449 449 449 449 449 449 449
438 438 439 439 439 439 439 439 439 440 440 440 440 440 440 440 440 441 441 441 441 441 441 441 441 442 442 442 442 442 442 442 442 442 443 443 443 443 443 443 443 443 443 443 444 444 444 444 444 444 444 444 444 444 445 445 445 445 445 445 445 445 445 503 615 615 615 616 616 616 616 616 616 616 616 616 616 616 448 448 448 448 448 449 449 449 449 449 449 449 449 449 449 449
438 438 438 438 439 439 439 439 439 439 439 440 440 440 440 440 440 440 440 441 441 441 441 441 441 441 441 442 442 442 442 442 442 442 442 442 443 443 443 443 443 443 443 443 443 443 444 444 444 444 444 444 444 444 444 444 444 444 445 445 445 445 445 445 503 615 615 615 615 615 615 616 616 616 616 616 616 616 448 448 448 448 448 448 448 448 448 448 448 449 449 449 449 449
438 438 438 438 438 438 439 439 439 439 439 439 439 440 440 440 440 440 440 440 440 441 441 441 441 441 441 441 441 441 442 442 442 442 442 442 442 442 442 443 443 443 443 443 443 443 443 443 443 444 444 444 444 444 444 444 444 444 444 444 444 445 445 445 445 615 615 615 615 615 615 615 615 615 615 615 616 616 448 448 448 448 448 448 448 448 448 448 448 448 448 448 448 448
438 438 438 438 438 438 438 439 439 439 439 439 439 439 439 440 440 440 440 440 440 440 440 441 441 441 441 441 441 441 441 441 442 442 442 442 442 442 442 442 442 442 443 443 443 443 443 443 443 443 443 443 443 444 444 444 444 444 444 444 444 444 444 444 444 503 615 615 615 615 615 615 615 615 615 615 615 615 447 447 447 448 448 448 448 448 448 448 448 448 448 448 448 448
437 437 438 438 438 438 438 438 438 439 439 439 439 439 439 439 439 440 440 440 440 440 440 440 440 440 441 441 441 441 441 441 441 441 441 442 442 442 442 442 442 442 442 442 442 443 443 443 443 443 443 443 443 443 443 443 444 444 444 444 444 444 444 444 444 444 502 614 614 615 615 615 615 615 615 615 615 615 447 447 447 447 447 447 447 447 448 448 448 448 448 448 448 448
437 437 437 437 438 438 438 438 438 438 438 439 439 439 439 439 439 439 439 440 440 440 440 440 440 440 440 440 441 441 441 441 441 441 441 441 441 442 442 442 442 442 442 442 442 442 442 442 443 443 443 443 443 443 443 443 443 443 443 444 444 444 444 444 444 444 502 614 614 614 614 614 614 615 615 615 615 615 447 447 447 447 447 447 447 447 447 447 447 447 447 447 447 448
437 437 437 437 437 437 438 438 438 438 438 438 438 438 439 439 439 439 439 439 439 439 440 440 440 440 440 440 440 440 441 441 441 441 441 441 441 441 441 441 442 442 442 442 442 442 442 442 442 442 442 443 443 443 443 443 443 443 443 443 443 443 443 444 444 444 444 502 614 614 614 614 614 614 614 614 614 446 447 447 447 447 447 447 447 447 447 447 447 447 447 447 447 447
437 437 437 437 437 437 437 437 438 438 438 438 438 438 438 438 439 439 439 439 439 439 439 439 440 440 440 440 440 440 440 440 440 441 441 441 441 441 441 441 441 441 441 442 442 442 442 442 442 442 442 442 442 442 443 443 443 443 443 443 443 443 443 443 443 443 443 502 502 614 614 614 614 614 614 614 614 446 446 446 446 446 446 446 447 447 447 447 447 447 447 447 447 447
436 436 437 437 437 437 437 437 437 437 438 438 438 438 438 438 438 438 439 439 439 439 439 439 439 439 440 440 440 440 440 440 440 440 440 440 441 441 441 441 441 441 441 441 441 441 442 442 442 442 442 442 442 442 442 442 442 443 443 443 443 443 443 443 443 443 443 443 501 613 613 614 614 614 614 614 614 446 446 446 446 446 446 446 446 446 446 446 446 446 447 447 447 447
436 436 436 436 437 437 437 437 437 437 437 437 438 438 438 438 438 438 438 438 439 439 439 439 439 439 439 439 439 440 440 440 440 440 440 440 440 440 441 441 441 441 441 441 441 441 441 441 441 442 442 442 442 442 442 442 442 442 442 442 442 443 443 443 443 443 443 443 443 501 613 613 613 613 613 613 614 446 446 446 446 446 446 446 446 446 446 446 446 446 446 446 446 446
436 436 436 436 436 436 437 437 437 437 437 437 437 437 438 438 438 438 438 438 438 438 439 439 439 439 439 439 439 439 439 440 440 440 440 440 440 440 440 440 440 441 441 441 441 441 441 441 441 441 441 441 442 442 442 442 442 442 442 442 442 442 442 442 442 443 443 443 443 501 501 613 613 613 613 613 613 445 445 445 445 446 446 446 446 446 446 446 446 446 446 446 446 446
435 436 436 436 436 436 436 436 437 437 437 437 437 437 437 437 438 438 438 438 438 438 438 438 438 439 439 439 439 439 439 439 439 439 440 440 440 440 440 440 440 440 440 440 441 441 441 441 441 441 441 441 441 441 441 442 442 442 442 442 442 442 442 442 442 442 442 442 442 443 501 613 613 613 613 613 613 445 445 445 445 445 445 445 445 445 445 446 446 446 446 446 446 446
435 435 436 436 436 436 436 436 436 436 437 437 437 437 437 437 437 437 438 438 438 438 438 438 438 438 438 439 439 439 439 439 439 439 439 439 440 440 440 440 440 440 440 440 440 440 440 441 441 441 441 441 441 441 441 441 441 441 441 442 442 442 442 442 442 442 442 442 442 442 500 500 612 613 613 613 445 445 445 445 445 445 445 445 445 445 445 445 445 445 445 445 445 445
435 435 435 435 436 436 436 436 436 436 436 436 437 437 437 437 437 437 437 437 437 438 438 438 438 438 438 438 438 439 439 439 439 439 439 439 439 439 439 440 440 440 440 440 440 440 440 440 440 440 441 441 441 441 441 441 441 441 441 441 441 441 441 442 442 442 442 442 442 442 442 500 500 612 612 612 444 444 445 445 445 445 445 445 445 445 445 445 445 445 445 445 445 445
