testData/tiles/oneDegreeCosts/grid18.0-49.0-19.0-50.0.asc
ncols   200
nrows   200
xllcorner   18.0
yllcorner   49.0
cellsize   0.005
NODATA_value   -9999.0
[rows 84 to 125 of 200, columns 0 to 93 of 200]
752 754 754 755 756 757 757 758 758 760 760 761 761 761 762 763 763 765 765 765 765 765 766 766 766 766 766 766 766 766 767 767 768 767 767 766 766 766 768 767 766 767 767 766 767 767 766 767 766 765 765 766 765 765 764 764 764 762 762 763 762 761 759 758 757 755 753 753 752 749 749 748 747 745 744 742 740 739 737 735 735 733 732 730 729 728 726 726 725 723 721 720 718 717
752 753 753 754 755 756 756 756 757 759 759 760 761 761 762 762 762 763 763 763 763 765 765 765 765 766 766 766 766 766 766 766 766 766 766 765 765 765 766 766 765 766 767 766 767 766 765 766 766 766 765 765 764 765 763 763 763 763 762 761 760 760 757 755 755 754 752 752 751 749 747 747 745 744 742 740 740 738 736 735 733 731 731 729 727 726 725 723 722 721 720 719 717 716
750 750 752 753 754 755 756 757 757 757 758 759 759 759 761 762 762 762 762 763 763 764 764 764 764 764 764 764 764 766 765 765 765 765 766 766 764 764 765 766 765 765 765 764 765 765 764 765 764 764 763 763 762 763 763 761 761 761 761 759 758 758 757 755 755 753 752 750 749 748 747 745 744 743 741 739 737 736 735 734 733 730 729 728 727 726 725 723 722 721 719 717 716 713
750 750 751 752 752 754 754 755 755 757 758 758 758 759 760 760 760 761 761 761 761 763 764 764 764 763 763 764 764 764 764 764 764 764 764 764 763 763 764 764 763 764 763 763 765 765 764 763 763 763 763 764 762 762 762 761 760 759 759 760 757 755 755 754 752 751 750 749 746 746 746 744 742 741 741 738 737 736 734 732 732 730 728 727 725 723 722 721 720 719 718 716 715 714
749 749 750 749 751 752 753 754 755 756 756 757 757 757 758 758 759 761 761 761 761 762 762 762 762 763 763 762 762 762 763 763 764 763 763 764 763 763 763 763 762 763 764 763 762 763 762 763 762 762 761 762 761 759 759 760 760 758 757 757 756 754 754 753 751 750 750 749 747 745 745 743 742 739 737 737 735 733 732 730 729 727 727 725 724 723 721 720 718 716 715 714 713 712
747 747 748 749 751 752 751 753 753 754 754 756 756 757 757 758 758 759 759 760 761 761 760 760 761 761 761 762 762 762 762 762 762 762 762 762 762 761 761 763 761 761 762 761 761 762 761 761 761 760 759 759 760 759 758 757 758 757 755 755 754 754 752 751 750 749 747 746 745 744 742 740 740 738 737 736 735 733 731 730 727 726 725 723 722 721 720 719 718 716 715 714 711 710
744 745 748 748 749 749 751 752 751 752 753 755 755 755 757 757 756 757 758 758 759 759 760 760 760 760 760 762 762 761 760 760 761 761 761 760 760 760 760 761 760 760 760 760 760 761 759 759 758 761 759 758 758 758 758 756 754 755 755 753 753 751 750 748 748 747 745 743 744 743 741 739 738 738 735 734 733 731 729 728 727 725 723 722 720 719 718 716 715 714 712 712 711 709
742 745 746 746 748 748 749 749 751 751 752 752 754 754 755 755 755 756 756 756 757 759 759 759 758 759 760 760 760 760 761 759 759 759 759 760 760 758 758 759 759 760 760 759 759 758 759 759 758 758 758 756 756 755 757 756 754 754 753 752 750 750 749 749 747 745 744 743 741 741 739 737 736 734 733 732 731 729 727 726 725 724 722 721 720 718 717 716 714 713 712 709 708 707
742 744 743 745 746 746 747 748 749 749 751 751 752 752 753 754 755 755 755 754 757 757 757 757 758 759 758 758 758 759 759 759 757 757 758 758 758 757 757 758 759 758 758 757 757 757 758 757 756 755 756 756 755 754 753 754 753 751 751 751 750 749 748 747 745 743 743 741 740 737 736 737 735 733 732 731 728 727 727 724 723 722 720 719 718 716 714 713 712 711 710 709 707 706
740 741 743 744 744 744 746 746 747 747 750 750 751 750 752 752 753 753 754 754 755 755 755 756 757 757 757 757 757 757 757 757 758 756 756 756 756 756 757 756 757 756 756 757 756 755 755 755 755 754 754 754 754 752 751 751 751 750 750 749 748 746 745 744 743 742 741 740 738 736 735 734 732 731 730 729 727 725 724 722 720 719 719 717 715 714 712 711 710 708 707 706 704 703
738 739 740 742 742 744 744 744 745 746 747 748 749 750 751 750 751 752 752 753 753 754 754 754 755 755 756 756 755 755 756 756 756 755 754 755 755 755 754 754 754 754 755 754 755 753 753 753 754 753 752 751 751 752 750 749 749 748 747 746 745 744 744 742 741 740 738 736 735 735 733 731 730 729 727 726 726 724 723 721 720 718 717 715 713 712 711 709 709 708 706 705 704 702
737 737 738 739 740 742 743 743 744 744 745 745 747 747 749 749 750 750 750 751 752 752 752 752 753 754 754 754 754 755 754 754 754 754 754 754 753 753 752 753 753 752 752 751 752 752 751 750 750 750 750 749 748 748 748 746 746 745 745 743 743 742 741 739 738 737 736 734 733 733 731 730 729 728 726 724 723 722 719 718 717 715 714 713 712 710 709 708 706 705 704 701 700 699
734 735 736 737 738 739 739 741 743 743 743 744 745 745 747 747 748 749 748 750 750 750 750 752 752 751 751 752 752 752 753 752 753 753 752 752 752 752 751 751 751 750 751 750 750 749 750 748 749 748 748 748 746 745 745 745 743 744 743 742 740 740 738 737 736 735 735 734 732 730 729 728 726 724 724 721 720 718 717 715 714 713 711 710 710 708 707 705 703 702 701 699 698 697
732 733 734 735 736 737 738 739 740 741 742 742 743 744 745 745 746 747 747 747 747 748 749 750 750 750 750 750 750 750 751 751 750 750 749 750 750 750 749 749 750 749 750 748 748 747 749 748 747 746 745 746 745 744 744 743 742 740 740 739 738 737 737 736 735 733 732 730 728 727 726 725 725 722 721 720 718 716 715 714 713 712 711 708 707 706 704 703 702 700 699 698 696 695
730 732 732 733 733 735 735 736 738 739 740 740 742 741 742 742 744 745 745 746 746 746 747 747 748 748 748 747 747 749 749 749 749 748 749 748 748 748 747 747 747 746 746 746 746 745 745 744 744 743 743 743 742 741 740 740 739 738 737 737 736 735 733 732 732 731 728 728 727 726 724 722 722 720 719 718 715 713 712 711 709 708 707 705 704 703 702 700 698 698 696 695 694 692
728 728 729 730 732 733 733 735 735 736 737 738 739 739 740 741 742 742 742 744 744 744 744 745 746 746 746 747 746 746 746 746 747 747 746 745 745 746 745 745 744 743 744 744 745 743 743 742 742 743 741 740 740 739 737 737 738 737 736 734 734 733 731 729 728 727 727 725 724 723 720 719 718 717 715 713 712 712 711 710 709 706 705 704 702 701 700 698 697 696 694 692 691 689
724 725 726 728 729 730 732 732 732 733 734 735 737 737 739 739 739 739 740 741 741 741 744 743 743 743 744 744 744 744 743 744 744 744 744 744 744 744 743 743 744 742 742 741 741 741 740 740 739 739 739 737 737 737 736 734 733 733 732 730 730 729 729 728 726 725 724 722 721 718 719 717 716 715 713 711 710 709 707 706 705 703 702 700 699 697 696 695 693 692 691 689 688 686
721 722 724 725 726 728 729 729 730 731 731 732 734 735 736 736 737 737 737 738 738 740 741 741 740 741 741 741 741 742 742 741 741 741 742 742 742 741 740 741 741 740 739 738 739 738 738 737 736 735 736 735 734 734 733 732 730 730 730 729 727 726 725 724 723 722 722 720 718 717 715 714 712 710 709 707 707 706 705 703 702 701 699 698 696 694 693 692 690 689 688 686 685 683
719 720 721 721 723 725 726 726 728 729 729 729 730 732 733 734 735 735 735 736 736 736 738 739 739 739 738 738 739 739 739 739 739 739 739 738 739 740 738 738 738 737 738 736 735 735 734 734 734 733 733 732 730 729 730 729 729 727 726 725 725 723 723 721 720 718 717 716 716 713 712 710 709 707 707 706 704 703 702 701 699 698 697 694 693 692 690 689 688 686 685 684 681 680
721 721 722 723 724 725 725 727 728 728 729 731 730 731 732 733 734 734 735 736 736 736 737 737 737 737 738 738 738 738 738 738 738 737 737 737 737 737 736 736 736 735 734 734 732 732 732 731 731 730 729 729 729 727 726 725 725 724 722 722 721 720 719 718 717 716 714 713 713 712 709 708 707 705 704 703 703 701 700 699 697 696 695 693 692 691 690 688 687 686 684 683 682 680
721 722 724 725 726 725 727 728 729 730 731 732 732 734 733 734 734 736 736 737 737 738 738 738 738 739 740 740 739 740 740 739 739 739 739 739 738 738 737 738 736 736 735 735 735 734 733 732 732 732 730 729 730 729 727 726 726 726 724 723 722 721 720 718 718 717 717 714 713 712 710 709 708 707 705 704 703 701 700 700 699 697 696 695 693 692 691 689 688 687 685 684 682 680
722 724 725 726 726 728 729 729 730 731 732 732 734 735 735 735 736 737 737 738 739 740 740 739 740 741 741 741 742 741 741 741 741 741 741 740 739 740 739 739 738 737 737 737 736 735 734 734 733 733 731 730 729 729 729 728 727 726 725 723 723 723 722 720 718 717 716 714 713 712 711 710 709 708 707 705 704 703 701 700 699 697 696 695 694 692 691 690 688 687 686 684 683 682
723 725 725 726 728 729 730 730 731 732 733 734 735 736 736 738 738 738 738 740 740 741 741 742 741 742 742 743 743 743 742 743 742 742 742 743 741 741 740 740 740 740 738 738 737 737 737 735 734 733 733 732 731 730 729 729 727 726 726 725 723 722 721 720 718 718 717 717 715 714 713 712 710 709 708 706 705 704 703 701 700 699 697 696 695 693 692 691 689 688 687 685 684 683
724 725 726 728 729 730 730 732 733 734 734 735 736 736 738 739 739 740 740 741 741 743 743 743 743 744 744 744 744 744 745 744 743 743 744 744 743 742 741 742 741 741 739 738 739 738 737 736 735 735 734 734 732 731 730 730 729 727 727 726 725 723 722 722 721 719 718 717 716 714 713 712 710 709 708 708 706 705 704 702 701 700 699 697 696 695 693 692 691 689 688 687 685 684
726 727 728 729 729 730 732 733 734 735 736 736 737 738 739 740 741 742 742 742 743 744 744 744 746 746 745 745 746 746 746 746 745 745 745 745 744 745 743 743 742 742 742 740 740 739 738 738 737 736 735 734 733 733 732 731 730 728 727 726 726 725 723 722 722 721 719 718 717 715 715 714 713 711 710 709 708 706 705 704 702 701 700 698 697 696 694 693 691 690 688 687 686 684
727 728 729 729 730 732 733 734 735 736 737 738 739 739 740 742 742 743 743 745 744 745 745 746 747 747 747 747 747 747 747 748 748 746 746 746 746 746 745 744 744 744 743 742 740 741 740 739 738 737 736 736 735 734 732 731 731 731 729 728 727 726 724 723 722 721 720 719 718 717 715 714 713 712 710 709 708 706 705 704 703 702 701 700 698 697 696 694 693 692 689 688 687 685
728 729 730 731 733 733 733 735 736 737 738 740 740 741 742 742 743 744 745 746 746 747 747 747 748 748 749 749 748 748 749 749 749 748 748 748 747 747 746 747 745 744 744 743 743 742 741 740 739 739 737 737 736 735 733 733 732 731 730 728 727 726 726 724 723 723 722 720 719 718 717 715 714 714 712 710 709 708 706 705 704 702 701 700 698 697 696 695 693 692 691 689 688 687
729 730 731 732 733 734 736 736 737 738 739 740 741 743 744 743 744 746 746 747 747 749 749 748 749 750 750 750 750 750 750 750 750 750 750 749 748 749 748 748 747 745 746 745 744 743 741 742 741 740 739 737 736 736 736 734 733 732 731 731 729 728 727 726 724 723 722 721 720 719 718 716 715 714 713 711 710 709 707 706 705 704 702 701 700 698 696 695 693 692 691 689 688 687
729 730 732 733 734 735 737 738 737 739 740 741 743 744 744 745 746 746 747 748 749 750 750 750 751 751 751 752 752 752 751 751 752 751 751 751 750 750 749 748 749 748 746 746 745 745 744 742 741 741 740 739 738 737 736 735 733 733 732 731 729 728 727 726 725 724 723 722 720 719 718 717 715 714 713 712 710 710 709 707 706 705 703 702 701 700 698 697 696 694 693 692 689 688
730 732 733 734 734 736 737 738 740 740 741 742 744 744 745 747 748 748 748 750 750 751 752 752 753 752 753 753 753 753 754 753 753 752 753 753 752 751 750 750 750 749 747 746 747 746 745 743 742 742 741 740 738 738 737 737 736 734 733 732 731 730 729 728 727 725 724 723 722 720 719 719 718 716 715 714 711 710 709 708 706 705 704 702 701 700 698 697 696 694 693 692 690 689
731 732 733 734 736 737 738 740 741 742 743 743 744 745 747 748 748 749 751 750 751 753 753 753 754 755 754 754 754 755 755 755 754 754 754 754 753 753 752 751 750 750 750 748 747 746 746 746 744 743 742 741 741 739 738 737 736 734 733 733 732 731 729 728 727 726 724 724 723 721 720 719 718 716 715 714 713 711 710 709 707 706 704 702 701 700 699 697 696 695 693 692 691 689
733 734 735 736 737 737 739 740 741 742 744 745 745 747 748 748 749 751 752 752 753 753 754 754 756 756 756 755 757 756 756 756 757 755 755 754 755 754 754 752 751 751 751 750 748 748 747 746 745 743 743 742 742 741 739 738 738 737 735 734 733 732 730 729 728 727 725 724 723 722 720 719 718 717 716 715 714 712 711 710 709 707 706 705 703 702 701 698 697 696 694 693 692 690
733 734 736 737 737 738 740 741 742 744 745 746 748 747 748 749 751 752 752 754 755 754 755 756 757 757 757 759 758 758 757 758 758 757 756 756 756 755 754 755 753 752 751 750 751 749 748 747 746 746 744 743 742 741 740 739 738 737 736 734 733 733 732 730 729 728 727 725 724 724 723 721 719 718 716 715 714 713 711 710 709 707 706 705 704 702 701 700 698 697 695 693 692 691
733 735 736 737 738 740 740 741 743 744 745 747 748 749 750 751 752 752 754 755 756 756 757 757 758 758 759 760 760 759 759 759 759 758 759 757 757 756 756 755 754 753 753 752 751 750 748 748 747 746 744 743 743 742 741 739 738 737 737 735 734 733 732 731 729 728 728 726 725 724 723 721 720 719 718 716 715 713 712 711 710 709 707 706 705 703 702 701 699 698 697 695 694 691
595 597 598 599 601 602 603 604 605 606 607 609 610 611 613 613 613 615 616 617 617 619 620 620 620 621 622 622 623 623 622 622 622 621 621 620 619 619 618 617 616 615 615 614 613 613 611 610 609 608 608 606 605 604 603 602 601 600 599 598 596 595 593 593 591 590 589 588 586 585 584 583 582 581 580 578 577 576 575 573 571 570 568 567 566 565 563 562 561 559 558 557 555 554
596 597 598 600 601 602 604 605 605 606 608 609 610 612 613 614 615 616 617 617 619 620 621 621 622 622 623 624 624 624 624 623 623 622 622 622 621 619 619 619 618 617 615 614 614 613 612 610 609 609 608 607 605 604 604 603 601 600 599 598 598 596 595 594 593 591 590 588 588 586 585 584 582 581 580 579 577 576 575 573 572 571 570 567 566 565 563 562 561 559 558 557 555 554
596 597 599 600 601 603 605 606 607 609 609 610 612 613 614 615 616 617 617 619 620 621 622 623 624 623 625 625 625 625 626 625 624 623 624 623 622 620 620 619 618 618 618 616 615 614 613 613 611 610 609 608 607 605 604 603 602 600 600 599 598 596 595 594 593 592 591 590 589 587 585 584 583 581 580 580 579 577 576 575 573 572 571 569 568 566 565 563 562 561 559 558 557 555
598 598 600 601 602 604 605 606 608 609 610 611 612 613 614 616 617 618 620 620 621 622 623 624 625 626 626 626 626 627 627 626 625 625 624 624 623 623 621 620 619 619 618 616 615 615 614 613 611 610 610 609 608 606 605 604 604 603 600 599 598 597 596 595 594 593 591 590 589 588 586 586 585 582 581 580 579 577 576 575 573 572 571 570 568 567 565 563 562 561 559 558 557 555
598 600 601 601 603 604 605 607 608 609 610 612 612 613 615 616 617 619 620 621 621 623 624 625 627 627 628 627 628 628 628 627 628 626 625 624 624 623 622 620 620 619 618 617 616 615 614 613 612 611 610 609 608 607 606 605 604 603 601 600 600 598 596 595 594 593 591 591 590 589 587 586 585 584 582 580 579 578 576 575 575 573 572 571 569 568 567 565 563 562 561 558 557 556
599 600 601 603 603 604 605 607 608 610 612 613 614 615 616 617 619 620 621 622 624 624 625 627 627 628 629 630 629 629 629 629 628 628 627 626 625 624 624 623 621 620 619 619 618 616 615 615 613 612 610 609 609 608 606 605 604 604 603 601 600 599 598 595 595 594 593 591 590 589 588 586 585 585 584 582 580 579 577 576 575 573 572 571 570 568 567 566 564 562 561 559 558 557
599 600 601 603 604 604 607 608 609 611 612 613 615 616 616 617 619 620 621 623 624 625 626 627 628 629 631 631 631 630 631 630 629 629 628 626 625 625 624 623 621 621 620 619 618 617 616 615 614 613 612 610 609 608 607 605 605 604 603 601 600 599 599 598 595 594 593 592 590 590 589 587 586 585 584 582 581 579 578 576 575 574 572 571 570 568 567 566 564 563 561 559 558 557
599 600 602 603 604 607 608 608 610 611 612 613 615 616 617 618 619 620 622 624 625 626 628 628 629 631 631 632 632 633 631 631 631 630 629 628 627 626 624 623 623 621 620 619 619 618 616 615 614 614 613 611 609 608 608 607 605 604 603 603 601 600 599 598 596 594 594 593 591 590 589 588 586 585 584 583 581 581 579 577 576 575 573 572 571 570 568 567 566 564 562 561 559 558
