testData/tiles/oneDegreeCosts/grid4.0-36.0-5.0-37.0.asc
ncols   200
nrows   200
xllcorner   4.0
yllcorner   36.0
cellsize   0.005
NODATA_value   -9999.0
[rows 42 to 83 of 200, columns 94 to 187 of 200]
402 402 402 401 401 401 401 401 401 401 401 401 401 401 400 400 400 400 400 400 400 400 399 399 399 399 399 399 399 398 325 325 325 325 325 325 324 324 324 324 324 324 324 508 508 508 508 507 507 507 507 507 506 506 506 506 506 505 505 505 505 504 504 504 504 503 503 503 503 502 502 502 502 501 501 501 501 500 500 500 499 499 499 499 498 498 498 497 497 497 496 496 496 495
402 402 402 402 402 401 401 401 401 401 401 401 401 401 401 400 400 400 400 400 400 400 400 399 399 399 399 399 399 399 326 325 325 325 325 325 325 324 324 324 324 324 324 508 508 508 508 508 507 507 507 507 507 506 506 506 506 506 505 505 505 505 504 504 504 504 503 503 503 503 502 502 502 502 501 501 501 501 500 500 500 499 499 499 498 498 498 498 497 497 497 496 496 496
402 402 402 402 402 402 402 401 401 401 401 401 401 401 401 401 401 400 400 400 400 400 400 400 400 399 399 399 399 399 326 326 325 325 325 325 325 325 324 324 324 324 324 324 508 508 508 508 508 507 507 507 507 507 506 506 506 506 505 505 505 505 505 504 504 504 504 503 503 503 503 502 502 502 502 501 501 501 500 500 500 500 499 499 499 498 498 498 497 497 497 496 496 496
402 402 402 402 402 402 402 402 402 401 401 401 401 401 401 401 401 401 400 400 400 400 400 400 400 400 399 399 399 399 326 326 326 325 325 325 325 325 325 324 324 324 324 324 324 508 508 508 508 508 507 507 507 507 507 506 506 506 506 505 505 505 505 504 504 504 504 504 503 503 503 502 502 502 502 501 501 501 501 500 500 500 499 499 499 499 498 498 498 497 497 497 496 496
402 402 402 402 402 402 402 402 402 402 402 401 401 401 401 401 401 401 401 401 400 400 400 400 400 400 400 399 399 399 326 326 326 326 325 325 325 325 325 325 324 324 324 324 324 508 508 508 508 508 508 507 507 507 507 506 506 506 506 506 505 505 505 505 504 504 504 504 503 503 503 503 502 502 502 502 501 501 501 501 500 500 500 499 499 499 498 498 498 498 497 497 497 496
403 403 402 402 402 402 402 402 402 402 402 402 401 401 401 401 401 401 401 401 401 400 400 400 400 400 400 400 399 399 326 326 326 326 326 325 325 325 325 325 325 324 324 324 324 324 508 508 508 508 508 507 507 507 507 507 506 506 506 506 506 505 505 505 505 504 504 504 504 503 503 503 503 502 502 502 502 501 501 501 500 500 500 500 499 499 499 498 498 498 497 497 497 496
403 403 403 403 402 402 402 402 402 402 402 402 402 402 401 401 401 401 401 401 401 401 400 400 400 400 400 400 400 400 326 326 326 326 326 326 325 325 325 325 325 325 324 324 324 324 324 508 508 508 508 508 507 507 507 507 507 506 506 506 506 505 505 505 505 505 504 504 504 504 503 503 503 503 502 502 502 501 501 501 501 500 500 500 499 499 499 499 498 498 498 497 497 497
403 403 403 403 403 403 402 402 402 402 402 402 402 402 402 401 401 401 401 401 401 401 401 401 400 400 400 400 400 327 327 326 326 326 326 326 326 325 325 325 325 325 325 324 324 324 324 509 508 508 508 508 508 507 507 507 507 507 506 506 506 506 505 505 505 505 504 504 504 504 503 503 503 503 502 502 502 502 501 501 501 500 500 500 500 499 499 499 498 498 498 497 497 497
403 403 403 403 403 403 403 402 402 402 402 402 402 402 402 402 402 401 401 401 401 401 401 401 401 400 400 400 400 327 327 327 326 326 326 326 326 326 325 325 325 325 325 325 324 324 324 324 509 508 508 508 508 508 507 507 507 507 507 506 506 506 506 505 505 505 505 504 504 504 504 503 503 503 503 502 502 502 502 501 501 501 500 500 500 499 499 499 499 498 498 498 497 497
403 403 403 403 403 403 403 403 403 402 402 402 402 402 402 402 402 402 401 401 401 401 401 401 401 401 400 400 400 327 327 327 327 326 326 326 326 326 326 325 325 325 325 325 325 324 324 324 324 509 508 508 508 508 508 507 507 507 507 506 506 506 506 506 505 505 505 505 504 504 504 504 503 503 503 503 502 502 502 501 501 501 501 500 500 500 499 499 499 498 498 535 534 534
351 351 351 351 403 403 403 403 403 403 403 402 402 402 402 402 402 402 402 402 401 401 401 401 401 401 401 400 400 327 327 327 327 327 326 326 326 326 326 326 325 325 325 325 325 325 324 324 324 509 509 508 508 508 508 508 507 507 507 507 506 506 506 506 505 505 505 505 505 504 504 504 503 503 503 503 502 502 502 502 501 501 501 500 500 500 500 499 499 536 535 535 535 534
352 351 351 351 351 351 351 351 351 403 403 403 402 402 402 402 402 402 402 402 402 401 401 401 401 401 401 401 400 327 327 327 327 327 327 326 326 326 326 326 326 325 325 325 325 325 324 324 324 324 509 509 508 508 508 508 507 507 507 507 507 506 506 506 506 505 505 505 505 504 504 504 504 503 503 503 503 502 502 502 501 501 501 501 500 500 537 536 536 536 535 535 535 535
352 352 352 351 351 351 351 351 351 351 351 351 351 351 402 402 402 402 402 402 402 402 401 401 401 401 401 401 401 328 327 327 327 327 327 327 326 326 326 326 326 326 325 325 325 325 325 324 324 324 324 509 508 508 508 508 508 507 507 507 507 507 506 506 506 506 505 505 505 505 504 504 504 504 503 503 503 502 502 502 502 501 501 501 537 537 537 537 536 536 536 535 535 535
352 352 352 352 352 351 351 351 351 351 351 351 351 351 351 350 350 350 350 350 402 402 402 402 401 401 401 401 328 328 328 327 327 327 327 327 327 326 326 326 326 326 326 325 325 325 325 325 324 324 324 509 509 508 508 508 508 508 507 507 507 507 506 506 506 506 506 505 505 505 505 504 504 504 503 503 503 503 502 502 502 502 538 538 538 537 537 537 536 536 536 536 535 535
352 352 352 352 352 352 352 351 351 351 351 351 351 351 351 351 351 350 350 350 350 350 350 350 350 350 401 401 328 328 328 328 327 327 327 327 327 327 326 326 326 326 326 326 325 325 325 325 325 324 324 324 509 509 508 508 508 508 508 507 507 507 507 506 506 506 506 505 505 505 505 504 504 504 504 503 503 503 503 502 539 539 538 538 538 538 537 537 537 536 536 536 535 535
352 352 352 352 352 352 352 352 352 351 351 351 351 351 351 351 351 351 350 350 350 350 350 350 350 350 349 349 278 278 278 278 278 327 327 327 327 327 327 326 326 326 326 326 326 325 325 325 325 325 324 324 324 509 509 508 508 508 508 507 507 507 507 507 506 506 506 506 505 505 505 505 504 504 504 504 503 540 540 539 539 539 539 538 538 538 537 537 537 536 536 536 536 535
352 352 352 352 352 352 352 352 352 352 351 351 351 351 351 351 351 351 351 350 350 350 350 350 350 350 350 349 278 278 278 278 278 278 278 278 278 278 278 278 278 326 326 326 326 326 325 325 325 325 325 324 324 324 509 509 508 508 508 508 507 507 507 507 506 506 506 506 506 505 505 505 505 504 504 541 540 540 540 540 539 539 539 538 538 538 538 537 537 537 536 536 536 535
353 352 352 352 352 352 352 352 352 352 352 352 351 351 351 351 351 351 351 351 351 350 350 350 350 350 350 350 278 278 278 278 278 278 278 278 278 278 278 278 278 278 278 278 278 278 278 278 278 278 325 325 324 324 509 509 508 508 508 508 508 507 507 507 507 506 506 506 506 505 505 505 505 541 541 541 541 540 540 540 540 539 539 539 538 538 538 537 537 537 537 536 536 536
353 353 353 352 352 352 352 352 352 352 352 352 352 351 351 351 351 351 351 351 351 351 350 350 350 350 350 278 278 278 278 278 278 278 278 278 278 278 278 278 278 278 278 278 278 278 278 278 278 278 278 278 278 278 278 457 457 457 457 457 457 457 507 507 507 507 506 506 506 506 505 542 542 542 541 541 541 541 540 540 540 539 539 539 539 538 538 538 537 537 537 536 536 536
353 353 353 353 352 352 352 352 352 352 352 352 352 352 352 351 351 351 351 351 351 351 351 350 350 350 350 278 278 278 278 278 278 278 278 278 278 278 278 278 278 278 278 278 278 278 278 278 278 278 278 278 278 278 278 278 457 457 457 457 457 457 457 457 457 457 457 457 457 491 491 490 490 490 489 489 489 489 488 488 488 488 487 487 487 486 486 486 485 485 485 485 484 484
353 353 353 353 353 353 352 352 352 352 352 352 352 352 352 352 351 351 351 351 351 351 351 351 350 350 350 278 278 278 278 278 278 278 278 278 278 278 278 278 278 278 278 278 278 278 278 278 278 278 278 278 278 278 278 278 278 457 457 457 457 457 457 457 457 457 457 457 491 491 491 490 490 490 490 489 489 489 489 488 488 488 487 487 487 487 486 486 486 485 485 485 484 484
353 353 353 353 353 353 353 353 352 352 352 352 352 352 352 352 352 351 351 351 351 351 351 351 351 350 350 278 278 278 278 278 278 278 278 278 278 278 278 278 278 278 278 278 278 278 278 278 278 278 278 278 278 278 278 278 278 457 457 457 457 457 457 457 457 457 492 492 491 491 491 491 490 490 490 490 489 489 489 488 488 488 488 487 487 487 486 486 486 486 485 485 485 484
353 353 353 353 353 353 353 353 353 352 352 352 352 352 352 352 352 352 352 351 351 351 351 351 351 351 278 278 278 278 278 278 278 278 278 278 278 278 278 278 278 278 278 278 278 278 278 278 278 278 278 278 278 278 278 278 278 278 457 457 457 457 457 457 492 492 492 492 491 491 491 491 490 490 490 490 489 489 489 489 488 488 488 487 487 487 487 486 486 486 485 485 485 484
353 353 353 353 353 353 353 353 353 353 353 352 352 352 352 352 352 352 352 352 351 351 351 351 351 351 278 278 278 278 278 278 278 278 278 278 278 278 278 278 278 278 278 278 278 278 278 278 278 278 278 278 278 278 278 278 278 278 278 457 457 457 493 493 493 492 492 492 492 491 491 491 491 490 490 490 490 489 489 489 488 488 488 488 487 487 487 486 486 486 486 485 485 485
354 353 353 353 353 353 353 353 353 353 353 353 352 352 352 352 352 352 352 352 352 351 351 351 351 351 278 278 278 278 278 278 278 278 278 278 278 278 278 278 278 278 278 278 278 278 278 278 278 278 278 278 278 278 278 278 278 278 278 278 494 493 493 493 493 493 492 492 492 492 491 491 491 491 490 490 490 489 489 489 489 488 488 488 488 487 487 487 486 486 486 485 485 485
354 354 354 353 353 353 353 353 353 353 353 353 353 353 352 352 352 352 352 352 352 352 351 351 351 351 278 278 278 278 278 278 278 278 278 278 278 278 278 278 278 278 278 278 278 278 278 278 278 278 278 278 278 278 278 278 278 278 278 309 494 494 493 493 493 493 492 492 492 492 491 491 491 491 490 490 490 490 489 489 489 489 488 488 488 487 487 487 486 486 486 486 485 485
354 354 354 354 354 353 353 353 353 353 353 353 353 353 353 352 352 352 352 352 352 352 352 351 351 351 278 278 278 278 278 278 278 278 278 278 278 278 278 278 278 278 278 278 278 278 278 278 278 278 278 278 278 278 278 278 278 310 309 309 309 494 494 493 493 493 493 492 492 492 492 491 491 491 491 490 490 490 490 489 489 489 488 488 488 488 487 487 487 486 486 486 485 485
354 354 354 354 354 354 353 353 353 353 353 353 353 353 353 353 352 352 352 352 352 352 352 352 351 278 278 278 278 278 278 278 278 278 278 278 278 278 278 278 278 278 278 278 278 278 278 278 278 278 278 278 278 278 278 310 310 310 310 309 309 309 494 493 493 493 493 493 492 492 492 492 491 491 491 490 490 490 490 489 489 489 489 488 488 488 487 487 487 486 401 401 401 400
354 354 354 354 354 354 354 354 353 353 353 353 353 353 353 353 353 352 352 352 352 352 352 352 352 278 278 278 278 278 278 278 278 278 278 278 278 278 278 278 278 278 278 278 278 278 278 278 278 278 278 278 278 278 311 310 310 310 310 310 309 309 309 494 493 493 493 493 492 492 492 492 491 491 491 491 490 490 490 490 489 489 489 488 488 488 488 402 402 402 401 401 401 400
354 354 354 354 354 354 354 354 354 353 353 353 353 353 353 353 353 353 353 352 352 352 352 352 352 279 279 278 278 278 278 278 278 278 278 278 278 278 278 278 278 278 278 278 278 278 278 278 278 278 278 278 311 311 311 311 310 310 310 310 309 309 309 309 494 493 493 493 493 492 492 492 492 491 491 491 491 490 490 490 489 489 489 404 403 403 403 402 402 402 401 401 401 401
354 354 354 354 354 354 354 354 354 354 354 353 353 353 353 353 353 353 353 353 352 352 352 352 352 279 279 279 278 278 278 278 278 278 278 278 278 278 278 278 278 278 278 278 278 278 278 278 278 278 312 311 311 311 311 311 310 310 310 310 310 309 309 309 494 493 493 493 493 492 492 492 492 491 491 491 491 490 490 405 405 404 404 404 403 403 403 403 402 402 402 401 401 401
355 354 354 354 354 354 354 354 354 354 354 354 353 353 353 353 353 353 353 353 353 352 352 352 279 279 279 279 279 278 278 278 278 278 278 278 278 278 278 278 278 278 278 278 278 278 278 278 278 312 312 312 311 311 311 311 311 310 310 310 310 310 309 309 309 494 493 493 493 493 492 492 492 492 491 406 406 406 405 405 405 404 404 404 404 403 403 403 402 402 402 401 401 402
355 355 355 354 354 354 354 354 354 354 354 354 354 353 353 353 353 353 353 353 353 353 352 352 279 279 279 279 279 279 278 278 278 278 278 278 278 278 278 278 278 278 278 278 278 278 278 313 312 312 312 312 312 311 311 311 311 311 310 310 310 310 309 309 309 309 493 493 493 493 408 407 407 407 406 406 406 406 405 405 405 405 404 404 404 403 403 403 403 402 403 403 402 403
355 355 355 355 354 354 354 354 354 354 354 354 354 354 354 353 353 353 353 353 353 353 353 352 279 279 279 279 279 279 278 278 278 278 278 278 278 278 278 278 278 278 278 278 278 278 313 313 312 312 312 312 312 311 311 311 311 311 310 310 310 310 310 309 309 309 249 408 408 408 408 407 407 407 407 406 406 406 406 405 405 405 404 404 404 404 403 403 404 403 403 404 403 403
355 355 355 355 355 355 354 354 354 354 354 354 354 354 354 354 353 353 353 353 353 353 353 353 279 279 279 279 279 279 279 278 278 278 278 278 278 278 278 278 278 278 278 278 313 313 313 313 313 312 312 312 312 312 311 311 311 311 311 310 310 249 249 249 249 249 249 249 408 408 408 408 407 407 407 407 406 406 406 405 405 405 405 404 404 404 404 404 404 405 404 404 405 404
355 355 355 355 355 355 355 354 354 354 354 354 354 354 354 354 354 353 353 353 353 353 353 280 280 279 279 279 279 279 279 279 278 278 278 278 278 278 278 278 278 278 278 314 313 313 313 313 313 313 312 312 312 312 312 311 249 249 249 249 249 249 249 249 249 249 249 249 249 408 408 408 407 407 407 407 406 406 406 406 405 405 405 404 405 405 406 405 405 406 405 405 406 405
355 355 355 355 355 355 355 355 355 354 354 354 354 354 354 354 354 354 353 353 353 353 353 280 280 280 279 279 279 279 279 279 279 278 278 278 278 278 278 278 278 314 314 314 314 313 313 313 313 313 313 249 249 249 249 249 249 249 249 249 249 249 249 249 249 249 249 249 249 249 408 408 408 407 407 407 407 406 406 406 405 405 406 406 406 406 406 406 406 406 407 406 406 407
355 355 355 355 355 355 355 355 355 355 354 354 354 354 354 354 354 354 354 353 353 353 353 280 280 280 280 279 279 279 279 279 279 279 278 278 278 278 278 278 314 314 314 314 314 249 249 249 249 249 249 249 249 249 249 249 249 249 249 249 249 249 249 249 249 249 249 249 249 249 249 408 408 407 407 407 407 406 406 406 407 406 407 407 406 407 407 407 407 407 407 407 407 407
355 355 355 355 355 355 355 355 355 355 355 354 354 354 354 354 354 354 354 354 353 353 353 280 280 280 280 280 279 279 279 279 279 279 279 278 278 278 249 249 249 249 249 249 249 249 249 249 249 249 249 249 249 249 249 249 249 249 249 249 249 249 249 249 249 249 249 249 249 249 249 249 408 408 407 407 407 407 407 407 408 407 407 408 408 407 408 408 407 408 408 408 408 408
356 356 355 355 355 355 355 355 355 355 355 355 355 354 354 354 354 354 354 354 354 354 280 280 280 280 280 280 280 279 279 249 249 249 249 249 249 249 249 249 249 249 249 249 249 249 249 249 249 249 249 249 249 249 249 249 249 249 249 249 249 249 249 249 249 249 249 249 249 249 249 249 408 408 407 407 408 408 408 408 408 409 408 408 409 408 409 409 409 408 409 409 408 409
356 356 356 355 355 355 355 355 355 355 355 355 355 355 354 354 354 354 354 354 354 354 281 249 249 249 249 249 249 249 249 249 249 249 249 249 249 249 249 249 249 249 249 249 249 249 249 249 249 249 249 249 249 249 249 249 249 249 249 249 249 249 249 249 249 249 249 249 249 249 249 249 249 408 409 408 409 409 409 409 409 410 409 409 410 410 409 410 410 409 409 410 409 409
356 356 356 356 356 355 355 355 355 355 355 355 355 355 270 269 269 269 269 269 269 269 249 249 249 249 249 249 249 249 249 249 249 249 249 249 249 249 249 249 249 249 249 249 249 249 249 249 249 249 249 249 249 249 249 249 249 249 249 249 249 249 249 249 249 249 249 249 249 249 249 249 249 249 410 410 409 410 410 410 410 410 411 410 410 411 410 410 411 411 410 410 411 410
