testData/tiles/oneDegreeCosts/grid16.0-37.0-17.0-38.0.asc
ncols   200
nrows   200
xllcorner   16.0
yllcorner   37.0
cellsize   0.005
NODATA_value   -9999.0
[rows 0 to 41 of 200, columns 0 to 93 of 200]
452 452 452 457 466 471 476 480 484 487 490 492 494 497 626 628 630 631 634 636 638 640 642 642 644 645 647 648 649 650 652 653 654 655 656 657 659 660 661 661 662 663 665 666 666 667 668 669 669 670 671 672 673 673 674 675 676 675 675 676 677 678 678 679 680 680 680 681 682 683 683 683 684 685 685 685 686 687 686 686 687 687 688 688 688 689 689 689 690 914 913 913 913 914
452 452 452 452 464 471 476 479 483 486 489 492 622 623 625 628 630 632 634 636 638 639 641 643 643 645 646 648 649 651 651 653 654 655 657 657 658 659 661 662 662 663 664 665 666 666 667 669 670 671 671 672 673 673 673 674 674 675 676 676 677 678 679 679 679 680 681 682 682 682 683 684 684 684 685 686 686 686 686 687 687 687 688 688 688 689 689 690 690 913 913 913 913 914
452 452 452 452 462 469 475 479 483 485 488 618 621 623 626 627 629 631 633 635 637 639 641 642 644 645 646 647 649 650 652 652 654 655 656 657 658 659 660 661 663 663 664 665 666 667 667 668 669 670 671 671 672 673 674 674 674 675 676 677 677 677 678 679 680 680 681 681 682 682 683 683 684 684 685 685 686 686 686 686 687 687 687 688 689 689 689 690 913 913 913 913 914 914
452 452 452 452 458 467 473 478 482 612 614 617 620 623 625 627 628 631 633 635 637 639 640 642 643 645 646 647 649 650 651 653 654 654 656 657 658 660 660 661 662 663 664 665 666 667 668 669 669 670 671 672 673 673 674 674 675 675 675 676 677 678 678 679 680 680 680 681 682 683 683 683 684 685 685 685 686 686 686 686 687 687 687 688 689 689 689 690 913 914 913 913 914 914
452 452 452 452 458 466 472 604 608 611 614 617 619 622 624 627 629 631 632 634 636 639 640 641 643 644 646 648 649 650 651 652 654 655 655 657 658 659 660 661 662 663 664 665 665 666 667 668 670 670 671 672 673 673 673 673 674 675 675 676 677 678 679 679 679 680 681 681 682 682 683 683 684 684 685 686 686 685 686 687 687 687 688 689 689 689 690 690 913 913 913 913 913 914
452 452 452 452 452 464 598 603 606 610 614 617 619 622 624 626 628 630 632 633 635 637 640 642 643 644 646 647 649 650 650 652 653 655 656 657 658 659 660 661 662 663 664 665 666 667 667 668 669 670 671 671 672 672 673 673 674 675 676 677 677 677 678 679 679 680 681 681 681 682 683 684 684 684 685 686 685 685 686 687 687 687 688 688 689 689 689 690 914 913 913 914 913 914
452 452 452 452 578 588 596 602 606 609 613 616 619 621 624 625 627 630 632 634 636 637 639 641 643 644 646 647 648 650 651 652 653 654 656 657 658 658 660 661 662 663 663 664 666 667 668 668 669 670 671 672 672 672 673 674 675 675 675 676 677 677 678 679 680 680 680 681 682 683 683 683 684 685 685 685 685 686 686 686 687 688 688 688 689 689 689 690 913 913 913 913 914 914
452 452 452 579 579 585 594 600 605 609 613 615 618 620 623 625 628 629 631 633 635 637 638 641 642 644 645 647 648 649 651 652 653 654 655 656 658 659 660 660 662 663 664 665 665 666 667 668 668 669 670 671 671 671 672 673 674 675 675 676 677 678 678 679 679 680 681 681 682 682 683 683 684 685 685 685 685 686 686 686 687 687 688 688 688 689 690 912 913 913 913 913 914 914
452 579 579 579 579 579 592 599 604 608 611 615 617 620 622 625 627 629 630 632 634 636 638 640 642 643 645 647 648 649 650 652 653 654 656 656 657 658 660 661 661 662 663 665 666 666 667 668 669 670 670 670 671 672 673 673 674 675 676 676 677 677 678 679 679 680 681 682 682 682 683 684 684 684 685 686 685 685 686 687 687 687 688 688 688 689 689 913 913 913 913 914 914 914
580 580 579 579 579 579 590 598 602 607 610 614 617 620 621 624 626 629 631 633 634 636 638 639 641 643 644 646 648 649 651 651 652 654 655 656 657 658 659 661 662 662 663 664 665 666 667 668 669 670 670 670 671 672 673 674 674 675 675 676 676 677 678 679 680 680 680 681 682 682 683 683 684 684 685 685 685 686 686 686 687 688 688 688 689 690 689 913 913 913 913 913 914 914
580 580 580 579 579 579 586 596 602 606 609 613 616 619 622 624 626 628 630 632 634 635 637 639 641 642 645 646 647 649 650 652 652 653 655 656 657 659 659 660 661 663 664 664 665 666 667 668 668 668 669 670 670 671 672 673 674 674 675 676 677 678 678 679 679 680 680 681 682 683 683 683 684 685 685 685 685 686 686 686 687 687 688 688 689 689 690 913 913 913 913 913 914 914
580 580 580 580 580 579 579 593 600 605 609 612 615 618 621 623 626 627 629 632 634 636 637 638 640 642 643 646 647 648 650 651 652 654 654 656 657 658 659 660 661 662 663 664 665 666 667 668 668 668 669 670 671 672 672 673 674 675 675 676 677 677 678 678 679 680 681 681 681 682 683 684 684 684 685 685 685 685 686 687 687 687 688 689 689 689 690 913 913 913 913 914 914 914
580 580 580 580 580 580 579 591 598 603 608 612 615 617 620 623 625 627 630 631 633 635 637 639 639 641 643 644 646 649 649 651 652 653 655 655 656 658 659 660 660 662 663 664 665 665 665 666 668 669 669 670 671 672 673 673 674 674 675 676 676 677 678 679 679 680 680 681 681 682 683 683 684 684 684 685 685 685 686 686 687 687 688 688 689 689 912 913 913 913 913 914 914 914
580 581 580 580 580 580 580 588 596 602 607 610 614 617 619 622 624 627 629 631 632 634 636 638 640 642 642 644 645 647 650 650 652 653 654 656 657 657 659 660 661 662 662 664 665 665 666 666 667 668 669 670 670 671 672 673 673 674 675 676 677 677 678 679 679 679 680 681 682 683 683 683 684 685 684 684 685 686 686 686 687 688 688 688 689 689 912 912 912 913 913 913 914 915
580 581 581 580 580 580 580 580 595 601 605 609 613 616 619 622 623 626 628 630 633 635 636 637 639 641 643 643 645 647 648 650 652 652 654 655 657 658 658 659 661 662 663 663 663 664 666 667 667 668 669 670 671 671 672 673 674 675 675 676 677 677 677 678 679 680 681 681 681 682 683 683 684 684 684 684 685 685 686 686 687 687 688 688 688 689 913 912 912 913 913 913 914 914
580 580 581 581 581 580 580 580 592 599 605 608 612 615 618 621 624 625 627 630 632 634 636 637 639 640 642 644 645 646 648 649 650 652 652 655 656 657 659 659 659 660 662 663 663 664 665 666 667 667 668 669 671 672 672 672 673 674 675 675 676 677 678 678 679 680 680 681 681 682 683 683 683 683 684 685 685 685 686 687 687 687 688 688 688 689 912 912 912 912 913 914 914 914
580 580 581 581 581 581 581 580 589 597 603 608 612 614 617 620 623 625 628 629 631 633 635 637 638 640 642 643 645 646 647 649 650 651 653 653 655 656 657 658 660 660 661 662 663 665 665 666 667 668 669 669 670 671 672 672 673 674 675 676 676 677 678 678 678 679 680 681 682 682 682 683 684 683 683 684 685 685 685 686 687 687 687 688 689 689 912 912 912 912 913 913 914 914
581 581 581 581 581 581 581 581 587 595 601 606 610 614 616 619 622 624 627 629 630 633 635 636 638 640 641 643 644 646 647 648 649 651 652 654 655 655 657 658 659 660 661 662 663 664 665 665 667 668 669 670 670 671 672 673 674 674 675 676 676 676 677 678 679 680 680 681 681 682 682 683 683 683 683 684 685 685 685 686 687 687 688 688 688 689 912 912 912 913 913 913 914 914
581 581 581 581 581 581 581 581 581 593 600 605 609 613 616 619 621 624 626 628 631 633 634 636 638 640 641 642 644 645 647 648 650 650 652 653 655 656 656 658 659 660 661 661 663 664 665 666 666 667 668 669 670 670 671 672 673 674 674 675 676 677 677 678 679 679 680 680 681 682 683 683 683 683 684 684 684 685 686 687 687 687 688 688 688 912 912 912 912 913 913 914 914 914
581 581 581 582 582 581 581 581 581 590 598 603 608 612 615 618 621 623 625 628 630 632 634 635 637 639 641 642 644 645 646 648 649 651 651 653 654 655 657 657 658 660 661 662 662 663 664 666 667 667 668 669 670 671 671 672 673 674 675 675 676 677 678 678 678 679 680 681 681 682 682 683 683 683 683 684 685 685 686 686 687 687 687 688 689 912 912 912 913 913 913 914 914 914
581 581 581 581 582 582 581 581 581 588 596 602 607 610 614 617 620 623 625 627 629 631 633 635 636 638 640 642 644 645 646 647 649 650 652 652 654 655 656 658 659 659 660 662 663 664 664 665 666 667 668 668 670 671 672 672 673 673 674 675 675 676 677 678 679 679 680 680 681 681 682 682 683 683 683 684 685 685 685 686 687 687 687 688 689 912 912 912 912 913 913 913 914 914
582 581 581 581 582 582 582 582 581 581 593 600 606 610 613 616 619 622 625 627 628 631 633 635 637 639 639 641 643 645 646 647 648 650 651 653 654 654 656 657 658 660 660 661 662 663 665 665 666 667 668 669 669 670 671 672 673 673 674 675 676 676 677 678 679 679 679 680 681 682 682 682 682 683 684 684 684 685 686 686 686 687 688 688 688 911 912 912 912 913 913 913 914 914
582 582 582 581 582 582 582 582 582 581 590 598 604 609 612 615 618 621 624 626 629 630 632 634 636 638 640 641 642 644 646 647 649 649 651 652 654 655 655 657 658 659 660 661 662 663 664 665 665 666 668 669 670 670 671 672 673 674 674 675 676 676 676 677 678 679 680 680 681 681 682 682 682 683 683 684 684 685 686 686 686 687 687 688 688 911 911 912 912 912 913 914 914 914
582 582 582 582 582 582 582 582 582 582 589 596 602 607 611 615 618 620 623 625 628 630 632 633 635 637 639 641 642 643 645 647 648 650 650 652 653 654 656 656 657 659 660 661 661 663 664 665 666 666 667 668 669 670 670 671 672 673 674 674 675 676 677 678 678 679 680 680 680 681 681 682 682 682 683 684 685 685 685 686 687 687 687 688 689 910 911 912 912 912 913 913 914 914
582 582 582 582 582 583 582 582 582 582 582 594 600 606 610 614 617 620 622 624 627 629 631 634 635 637 638 640 642 644 644 646 648 649 651 651 652 654 655 657 657 658 659 661 662 663 663 664 666 667 668 668 669 670 671 671 672 673 674 675 675 676 677 678 678 678 679 680 681 681 681 681 682 683 683 684 684 685 685 686 686 687 687 687 910 911 911 911 912 913 913 913 914 914
583 582 582 582 582 582 583 582 582 582 582 590 599 605 608 612 616 619 622 624 626 628 631 633 635 636 638 640 641 643 645 645 647 649 650 652 652 653 655 656 657 659 659 660 661 663 664 664 665 666 667 668 668 669 670 671 673 673 673 674 675 675 676 677 678 679 679 680 681 680 680 681 682 683 683 683 684 685 685 685 686 687 687 687 910 911 911 911 912 912 913 913 913 914
583 583 582 582 582 582 583 583 583 582 582 582 597 603 608 611 615 618 621 623 626 628 630 632 634 636 638 639 641 642 644 646 646 648 649 651 652 654 654 656 657 658 659 660 661 662 663 664 665 666 667 668 669 669 670 671 672 673 673 674 675 676 676 677 678 679 679 679 680 680 681 681 681 682 683 684 684 684 685 686 686 686 687 688 910 910 911 912 912 912 913 913 913 914
583 583 583 583 582 582 583 583 583 583 582 582 594 601 606 611 613 617 620 623 625 628 629 631 633 635 637 639 640 642 644 645 647 648 649 650 652 653 655 655 656 658 659 660 660 662 663 664 665 665 666 667 669 670 670 671 672 673 674 674 675 676 676 676 677 678 679 680 680 680 680 681 681 682 683 683 684 684 685 686 686 686 687 687 910 910 911 911 912 912 912 913 914 913
583 583 583 583 583 582 582 583 583 583 583 583 589 599 604 609 613 616 619 622 624 627 629 631 633 635 637 639 640 641 643 645 646 648 649 650 651 653 654 655 656 657 658 660 661 661 662 664 665 666 666 667 668 669 670 670 671 672 673 674 674 675 676 677 678 678 679 680 679 679 680 681 682 682 682 683 684 685 685 685 686 687 687 687 910 911 911 911 912 912 912 913 913 914
583 583 583 583 583 583 583 583 583 583 583 583 583 596 603 608 612 615 619 620 623 626 628 631 633 634 636 638 640 641 643 644 646 647 649 650 651 652 654 655 656 657 658 659 660 662 662 663 664 665 666 667 668 669 670 671 671 672 673 674 675 675 676 677 677 678 678 679 679 680 680 681 681 682 682 683 684 684 685 685 686 686 687 687 910 910 911 911 911 912 913 913 913 913
448 448 448 448 448 448 448 448 448 448 448 448 448 448 448 448 448 448 448 448 622 625 627 630 632 634 635 637 639 641 643 644 645 647 648 650 651 652 653 654 656 657 657 659 660 661 662 664 664 665 666 667 668 668 669 670 671 671 672 673 674 675 675 676 677 678 679 678 679 679 680 680 681 682 683 683 683 684 685 685 685 686 687 909 909 910 911 911 911 912 912 913 913 912
448 448 448 448 448 448 448 448 448 448 448 448 448 448 448 448 448 448 448 448 450 453 454 457 459 461 463 464 466 468 470 472 473 474 475 477 479 480 480 482 483 485 486 487 487 489 490 491 492 492 494 495 496 497 497 498 499 500 500 501 502 503 504 504 505 506 506 506 506 507 508 509 509 509 510 511 512 512 512 513 514 514 514 737 738 738 738 739 740 740 740 741 741 741
448 448 448 448 448 448 448 448 448 448 448 448 448 448 448 448 448 448 448 448 449 452 454 456 458 460 463 465 467 467 469 471 473 474 475 476 478 479 481 482 483 484 485 487 488 488 489 491 492 493 493 494 495 496 497 497 498 499 501 501 501 502 503 504 504 505 505 506 507 507 508 508 509 509 510 511 511 512 512 513 513 514 514 737 737 738 738 739 739 740 740 740 741 741
448 448 448 448 448 448 448 448 448 448 448 448 448 448 448 448 448 448 448 448 448 451 454 456 457 460 462 464 466 468 468 470 472 474 475 476 477 479 480 482 483 483 485 486 487 489 489 490 491 492 494 494 495 496 497 498 498 499 500 501 502 502 503 504 505 505 505 506 506 507 507 508 509 510 510 510 511 512 513 512 513 514 514 736 737 738 739 739 739 740 740 740 740 740
448 448 448 448 448 448 448 448 448 448 448 448 448 448 448 448 448 448 448 448 448 450 453 455 457 459 461 463 465 467 469 470 471 473 475 476 478 478 480 481 483 484 484 486 487 488 489 490 491 492 493 494 494 495 496 498 499 499 500 501 502 503 503 503 504 504 504 505 506 507 508 508 508 509 510 510 511 511 512 512 513 514 513 737 737 737 738 739 739 739 740 741 740 740
448 448 448 448 448 448 448 448 448 448 448 448 448 448 448 448 448 448 448 448 448 449 451 454 457 459 461 462 464 466 468 470 471 472 474 476 477 479 479 481 482 483 485 485 486 488 489 490 490 491 493 494 495 495 496 497 498 499 499 500 501 502 503 503 504 504 505 505 506 506 507 508 508 509 510 510 510 511 512 513 512 512 513 737 737 737 738 738 739 739 740 740 740 740
448 448 448 448 448 448 448 448 448 448 448 448 448 448 448 448 448 448 448 448 448 449 450 453 456 458 460 462 463 465 467 469 471 472 473 475 476 478 479 480 481 483 484 485 486 487 488 490 491 491 492 493 494 495 496 497 498 499 500 500 501 502 503 504 503 503 504 505 505 506 507 508 509 509 509 510 511 511 511 512 513 512 513 736 737 738 737 738 739 740 740 740 740 740
448 448 448 448 448 448 448 448 448 448 448 448 448 448 448 448 448 448 448 448 448 448 450 452 455 457 459 462 464 465 467 468 470 472 474 474 476 477 479 480 481 482 484 485 486 486 488 489 490 491 492 493 494 495 496 496 497 498 499 500 500 501 502 503 503 503 504 505 506 506 506 507 508 509 509 510 510 511 511 512 513 512 512 736 737 737 737 738 738 739 740 739 739 740
448 448 448 448 448 448 448 448 448 448 448 448 448 448 448 448 448 448 448 448 448 448 449 452 454 456 458 461 463 465 466 468 469 471 473 475 475 477 478 480 481 482 483 484 486 487 487 488 490 491 492 492 493 494 496 497 497 498 499 500 501 501 502 502 503 504 504 504 505 506 506 507 508 509 509 509 510 511 512 511 511 512 736 736 736 737 738 738 738 739 739 739 739 740
448 448 448 448 448 448 448 448 448 448 448 448 448 448 448 448 448 448 448 448 448 448 448 451 454 456 458 460 462 464 466 467 469 470 472 474 475 476 478 479 481 482 482 484 485 486 488 488 489 490 492 493 493 494 495 496 497 497 498 499 500 501 501 501 502 503 504 504 505 506 507 507 507 508 509 510 510 510 511 512 511 512 735 736 736 737 737 738 738 738 739 739 739 739
448 448 448 448 448 448 448 448 448 448 448 448 448 448 448 448 448 448 448 448 448 448 448 450 453 455 458 459 461 463 465 467 468 470 471 473 475 476 477 478 480 481 483 483 484 486 487 488 489 490 491 492 493 493 495 496 497 498 498 499 500 501 501 501 502 503 504 505 505 505 506 507 507 508 509 509 510 510 511 512 511 511 735 736 736 736 737 738 738 738 739 738 739 739
448 448 448 448 448 448 448 448 448 448 448 448 448 448 448 448 448 448 448 448 448 448 448 449 451 454 457 459 460 462 464 466 468 470 471 472 474 476 477 478 479 481 482 484 484 485 487 488 489 490 490 492 493 494 495 495 496 497 498 498 499 500 500 501 501 502 503 504 505 505 506 507 508 508 508 509 510 511 510 510 511 512 735 735 736 737 737 737 738 739 738 738 739 739
