testData/tiles/oneDegreeCosts/grid21.0-12.0-22.0-13.0.asc
ncols   200
nrows   200
xllcorner   21.0
yllcorner   12.0
cellsize   0.005
NODATA_value   -9999.0
[rows 126 to 167 of 200, columns 0 to 93 of 200]
199 199 199 198 197 198 197 197 197 196 196 196 195 195 194 195 194 193 193 192 193 192 191 191 190 190 191 189 189 188 188 188 188 187 186 186 186 185 185 184 184 184 183 183 181 182 182 181 181 179 179 178 179 179 178 177 176 176 176 175 174 174 174 173 173 172 172 172 172 172 172 172 172 172 172 172 171 171 171 171 171 171 170 170 171 171 171 170 170 170 170 170 169 169
198 198 198 198 197 196 196 196 196 196 195 194 194 194 194 194 192 192 192 192 192 191 190 190 190 190 189 188 187 188 188 187 187 185 185 186 185 185 183 183 183 182 183 182 181 181 180 180 179 179 179 178 178 177 177 175 175 176 175 175 173 173 173 172 172 172 172 172 172 172 172 171 171 171 171 171 170 170 171 171 171 171 170 170 170 170 170 169 169 169 169 169 168 168
197 198 197 197 196 195 196 195 195 195 195 194 193 193 193 192 192 191 191 191 190 191 189 189 189 188 189 189 187 187 186 186 187 185 185 184 184 183 183 183 182 182 181 181 180 179 180 179 179 178 177 177 176 177 177 175 175 174 174 173 172 172 172 172 172 172 171 171 171 171 171 170 170 171 171 171 170 170 170 170 170 170 169 169 169 169 169 169 169 169 169 169 169 168
197 196 196 195 196 195 194 194 195 194 194 192 192 193 192 192 191 190 191 190 190 190 188 188 188 188 188 187 186 185 186 186 185 184 183 183 184 183 183 181 181 181 180 181 179 179 178 178 178 177 177 176 176 176 175 174 173 173 174 173 172 171 171 171 171 171 170 170 171 171 171 170 170 170 170 170 170 169 169 169 170 170 169 169 169 169 169 168 168 168 168 168 168 167
195 196 195 195 195 194 194 194 193 193 192 192 192 191 191 190 191 190 189 189 189 188 189 187 187 187 186 187 185 185 185 184 184 184 183 183 182 182 181 180 181 180 180 179 178 178 177 178 177 177 176 175 175 174 174 173 173 173 172 172 171 170 170 170 171 171 170 170 170 170 170 169 169 169 169 170 170 169 169 169 169 169 168 168 168 168 168 167 167 167 168 168 168 167
195 194 194 194 194 194 193 192 192 192 192 192 190 190 190 190 190 188 188 189 188 188 187 186 186 186 186 185 184 184 183 184 183 183 182 181 181 181 181 180 179 179 178 178 179 177 177 176 176 176 174 175 174 174 174 172 172 171 171 170 171 170 170 170 170 170 169 169 169 169 170 169 169 169 169 169 169 168 168 168 168 168 167 168 168 168 168 168 167 167 167 167 167 166
194 193 194 193 193 193 192 192 191 191 191 190 190 189 189 189 188 189 188 187 187 186 187 186 185 185 184 184 185 183 183 182 182 182 181 181 180 180 180 178 178 178 178 178 177 176 175 175 176 175 174 173 173 173 172 171 171 171 171 170 170 169 169 169 169 170 169 169 169 169 169 169 168 168 168 168 168 168 168 168 168 168 167 167 167 167 167 167 166 166 166 166 166 165
194 193 192 192 193 192 192 190 190 191 190 190 188 188 189 188 188 188 186 186 186 186 186 184 184 184 184 184 183 182 181 182 182 181 180 180 179 179 179 179 178 177 177 176 176 175 175 175 174 174 172 172 173 172 172 171 170 170 169 169 169 169 169 169 169 169 168 168 168 168 168 168 168 168 168 168 168 167 167 167 167 167 166 166 166 166 167 167 166 166 166 166 166 165
193 192 192 192 191 191 190 190 190 189 189 189 189 188 187 187 187 187 186 185 185 185 184 185 183 183 183 182 182 182 181 181 180 180 179 179 179 178 178 178 176 176 176 176 176 174 174 173 173 174 172 172 171 171 170 170 169 169 169 169 169 168 168 168 168 168 167 168 168 168 168 168 167 167 167 167 167 166 166 167 167 167 166 166 166 166 166 166 165 165 165 165 165 164
192 192 191 190 190 190 190 189 188 188 189 188 188 186 186 187 186 186 184 184 185 184 184 184 182 182 182 182 182 180 180 179 180 180 178 178 177 177 177 177 176 175 175 175 174 173 173 173 173 172 171 170 170 170 170 170 168 168 168 168 168 167 167 168 168 168 167 167 167 167 167 167 166 166 167 167 167 166 166 166 166 166 165 165 165 165 165 165 164 165 165 165 165 164
191 190 189 190 189 189 189 188 188 187 187 187 186 186 186 185 185 184 184 184 183 183 183 182 182 181 181 181 180 179 179 179 179 178 178 176 177 177 176 176 174 174 174 174 174 172 172 172 171 171 171 170 170 169 169 168 167 167 167 168 168 167 167 167 167 167 167 166 166 167 167 167 166 166 166 166 166 165 165 165 165 165 166 165 165 165 165 165 164 164 164 164 164 163
189 190 189 188 188 188 188 188 186 186 186 186 186 185 184 184 184 184 184 182 182 183 182 182 180 180 180 180 180 178 178 178 177 178 177 176 176 175 175 174 174 174 173 173 172 171 171 171 171 170 170 169 168 168 167 168 167 167 167 167 167 166 166 166 167 167 167 166 166 166 166 166 165 165 165 165 166 165 165 165 165 165 165 164 164 164 164 164 163 163 163 163 163 163
189 189 188 188 188 187 187 186 186 186 185 185 185 184 184 183 183 183 182 182 182 181 181 180 180 180 179 179 178 177 178 177 177 176 176 175 174 175 175 174 173 172 172 172 172 171 170 170 170 169 169 167 168 167 167 167 166 166 166 166 167 166 166 166 166 166 166 165 165 165 165 166 165 165 165 165 165 164 164 164 164 164 164 163 163 164 164 164 163 163 163 163 163 162
188 188 188 187 186 186 186 186 185 184 184 185 184 183 182 182 183 182 182 181 180 180 180 180 179 178 178 177 178 177 176 176 176 175 176 174 174 174 173 173 171 172 172 171 171 169 169 169 169 169 168 167 167 166 166 166 166 166 166 166 166 165 165 165 165 165 166 165 165 165 165 165 164 164 164 164 164 163 164 164 164 164 164 163 163 163 163 163 162 162 162 162 162 161
187 187 187 185 186 185 185 185 183 184 184 183 183 181 182 182 181 181 181 180 180 179 179 179 177 178 177 177 177 175 175 176 175 175 174 173 173 172 173 172 171 171 170 170 169 169 169 168 168 167 167 166 165 166 166 166 165 165 165 165 165 164 165 165 165 165 165 164 164 164 164 164 163 164 164 164 164 163 163 163 163 163 163 162 162 162 162 162 162 162 162 162 162 161
186 186 186 185 184 184 184 184 183 183 182 182 182 181 181 180 180 181 180 179 178 178 178 178 177 176 176 176 175 175 175 174 174 173 173 173 172 172 171 171 170 169 170 169 169 168 167 167 166 167 167 165 165 165 165 165 164 164 165 165 165 164 164 164 164 164 164 163 164 164 164 164 163 163 163 163 163 162 162 162 162 163 163 162 162 162 162 162 161 161 161 161 161 160
186 185 185 183 184 184 183 183 182 182 182 181 181 180 179 180 180 179 179 177 178 178 177 177 176 175 176 175 175 174 173 173 173 173 173 171 171 170 170 171 169 169 168 168 168 166 167 166 166 166 165 164 164 164 165 165 164 164 164 164 164 163 163 163 164 164 164 163 163 163 163 163 162 162 162 163 163 162 162 162 162 162 162 161 161 161 161 161 160 160 160 160 161 160
184 184 184 183 183 182 182 183 181 181 180 180 181 179 179 179 178 178 178 177 177 176 176 177 175 175 174 174 174 173 173 172 172 172 171 170 170 170 170 169 168 168 167 168 167 166 166 165 165 164 164 164 164 164 164 164 163 163 163 164 164 163 163 163 163 163 163 162 162 162 163 163 162 162 162 162 162 161 161 161 161 161 161 160 161 161 161 161 160 160 160 160 160 159
184 183 183 182 181 182 182 181 180 179 180 180 179 178 178 178 178 177 177 176 175 176 176 175 174 173 173 174 173 172 171 171 171 171 171 170 169 169 168 168 168 167 167 166 166 165 164 165 164 164 164 163 163 163 163 163 163 163 163 163 163 162 162 162 162 163 163 162 162 162 162 162 161 161 161 161 161 161 161 161 161 161 161 160 160 160 160 160 159 159 159 159 159 158
182 182 181 181 181 181 180 180 179 179 179 178 178 178 177 177 176 176 177 175 175 175 174 174 173 173 173 172 172 170 171 171 170 170 170 168 168 168 168 168 166 166 165 165 166 164 164 163 163 163 163 162 163 163 163 163 162 162 162 162 162 162 162 162 162 162 162 161 161 161 161 161 161 161 161 161 161 160 160 160 160 160 160 159 159 159 159 160 159 159 159 159 159 158
181 182 180 180 179 179 180 179 178 178 177 178 178 176 176 175 176 176 174 174 174 173 174 173 172 172 171 171 171 170 170 169 169 169 169 168 167 167 167 166 165 165 165 165 164 163 162 162 162 163 163 162 162 162 162 162 161 162 162 162 162 161 161 161 161 161 161 161 161 161 161 161 160 160 160 160 160 159 159 159 160 160 160 159 159 159 159 159 158 158 158 158 158 157
181 180 179 179 179 179 178 177 178 177 177 177 176 175 175 175 175 174 173 174 173 173 172 172 171 171 171 170 170 169 168 169 169 168 167 166 166 166 166 166 164 164 164 163 163 162 162 162 162 162 161 161 161 162 162 162 161 161 161 161 161 160 160 161 161 161 160 160 160 160 160 160 159 159 160 160 160 159 159 159 159 159 158 158 158 158 158 158 157 157 157 158 158 157
179 180 178 178 178 177 178 177 176 176 175 176 176 174 174 174 173 174 173 172 172 171 172 172 170 170 169 169 170 168 168 168 167 167 165 166 166 165 165 164 163 163 163 163 163 161 161 161 161 161 161 161 161 161 161 161 160 160 160 161 161 160 160 160 160 160 159 159 159 160 160 160 159 159 159 159 159 158 158 158 158 158 157 158 158 158 158 158 157 157 157 157 157 156
179 177 177 177 177 177 177 175 175 175 175 175 173 173 174 173 173 172 171 171 171 171 171 169 169 168 169 169 168 167 167 166 167 166 165 165 164 164 163 164 163 162 162 162 161 160 161 161 161 161 160 160 160 160 160 161 160 160 160 160 160 159 159 159 160 160 159 159 159 159 159 159 158 158 158 158 159 158 158 158 158 158 157 157 157 157 157 157 156 156 156 156 156 155
177 176 177 176 176 176 175 175 174 174 174 173 173 173 172 172 171 172 171 170 170 170 169 169 168 168 168 167 167 167 166 166 165 165 164 163 164 164 163 162 161 161 161 161 161 160 160 160 160 160 159 160 160 160 160 159 159 159 159 159 160 159 159 159 159 159 158 158 158 158 158 159 158 158 158 158 158 157 157 157 157 157 156 156 156 156 157 157 156 156 156 156 156 155
176 176 175 175 176 175 174 173 173 173 173 173 172 171 171 171 171 170 169 169 169 169 169 167 167 167 166 167 166 165 165 164 164 165 163 163 163 162 162 160 161 161 160 160 160 159 159 159 160 160 159 159 159 159 159 158 159 159 159 159 159 158 158 158 158 158 158 158 158 158 158 157 157 157 157 157 157 156 156 157 157 157 156 156 156 156 156 156 155 155 155 155 155 154
175 174 175 174 174 174 172 173 173 172 172 171 170 171 170 170 170 168 169 169 168 168 167 166 167 166 166 166 164 164 164 164 164 163 162 162 161 162 161 160 160 159 159 159 159 159 159 159 159 159 158 158 159 159 159 158 158 158 158 158 158 157 158 158 158 158 157 157 157 157 157 156 156 157 157 157 157 156 156 156 156 156 155 155 155 155 155 154 154 155 155 155 155 154
174 174 173 173 173 172 172 172 171 171 172 170 170 169 169 169 169 168 168 167 167 167 166 166 165 165 165 165 164 163 163 163 162 161 162 161 161 160 160 159 158 159 159 159 158 158 158 158 158 159 158 158 158 158 158 157 157 157 158 158 157 157 157 157 157 157 156 156 157 157 157 156 156 156 156 156 156 155 155 155 155 155 155 155 155 155 155 154 154 154 154 154 154 153
173 172 172 173 172 171 171 170 171 170 170 169 168 169 169 168 167 167 166 167 166 166 165 164 164 165 164 164 162 162 162 162 162 161 160 160 159 159 160 158 158 158 158 158 157 158 158 158 158 157 157 157 157 157 158 157 157 157 157 157 156 156 156 156 157 157 156 156 156 156 156 155 155 155 155 155 155 155 155 155 155 155 154 154 154 154 154 153 153 153 153 153 153 152
171 172 172 171 170 170 170 170 169 169 168 168 168 168 167 167 167 166 166 165 165 165 164 164 164 163 163 161 162 162 161 161 161 159 159 159 159 159 157 157 157 157 158 158 157 157 157 157 157 156 157 157 157 157 157 156 156 156 156 157 156 156 156 156 156 156 155 155 155 155 156 155 155 155 155 155 154 154 154 154 154 154 153 153 153 154 154 153 153 153 153 153 152 152
171 171 170 170 170 169 169 168 168 169 167 167 167 166 167 167 165 165 164 164 165 163 163 163 162 162 162 161 161 160 160 160 160 159 158 158 158 157 156 157 157 157 157 157 156 156 156 157 157 156 156 156 156 156 156 156 156 156 156 156 155 155 155 155 155 155 155 155 155 155 155 154 154 154 154 154 153 153 154 154 154 154 153 153 153 153 153 152 152 152 152 152 151 151
170 170 170 168 168 168 168 168 168 166 166 166 166 166 165 164 164 164 164 164 163 162 162 162 162 161 161 160 159 160 160 159 158 157 157 157 157 157 156 156 156 156 156 156 156 156 156 156 156 155 155 155 156 156 155 155 155 155 155 155 154 155 155 155 155 154 154 154 154 154 154 153 154 154 154 154 153 153 153 153 153 152 152 152 152 152 152 151 152 152 152 152 151 151
169 169 167 167 168 167 167 167 166 166 166 165 165 164 164 164 163 163 163 162 163 162 161 161 160 160 159 159 159 159 158 158 156 157 157 156 156 156 155 155 156 156 156 155 155 155 155 155 156 155 155 155 155 155 154 154 154 155 155 155 154 154 154 154 154 153 153 154 154 154 153 153 153 153 153 153 152 152 152 152 152 152 152 152 152 152 152 151 151 151 151 151 150 150
168 166 167 167 166 166 166 166 165 165 164 164 164 164 163 162 162 162 162 162 161 160 160 159 160 160 158 158 158 157 158 157 156 156 155 155 155 155 155 155 155 155 155 154 154 155 155 155 154 154 154 154 154 155 154 154 154 154 154 153 153 153 153 154 154 153 153 153 153 153 152 152 152 152 152 153 152 152 152 152 152 151 151 151 151 151 150 150 150 150 150 150 150 150
166 166 166 165 165 166 165 164 163 163 164 163 163 163 161 162 162 161 161 160 159 160 159 159 159 157 157 158 157 157 156 155 155 154 155 155 155 154 154 154 154 155 154 154 154 154 154 154 153 154 154 154 154 154 153 153 153 153 154 153 153 153 153 153 153 152 152 152 152 153 152 152 152 152 152 151 151 151 151 151 151 150 150 150 151 151 150 150 150 150 150 150 149 149
165 165 165 165 164 164 163 163 163 163 162 162 162 161 161 161 160 160 159 159 159 158 158 158 157 157 157 156 156 155 155 155 154 154 154 154 154 153 154 154 154 154 153 153 153 153 154 154 153 153 153 153 153 152 153 153 153 153 153 152 152 152 152 152 152 152 152 152 152 152 151 151 151 151 151 150 150 151 151 151 151 150 150 150 150 150 149 149 149 149 149 148 148 148
164 164 164 163 163 164 162 162 162 161 162 162 160 160 160 159 160 159 159 158 157 157 158 157 157 155 155 155 155 155 154 153 153 153 153 154 153 153 153 153 153 153 153 153 153 153 153 152 152 152 152 153 153 152 152 152 152 152 152 151 152 152 152 152 151 151 151 151 151 151 150 151 151 151 151 150 150 150 150 150 149 149 149 149 149 149 148 149 149 149 149 148 148 148
163 163 162 163 163 161 161 161 161 161 161 160 159 158 159 159 158 158 157 157 157 157 156 156 154 154 155 154 154 154 152 152 153 153 153 153 152 152 152 153 153 152 152 152 152 152 152 152 152 152 152 152 152 151 151 151 152 152 151 151 151 151 151 151 150 150 151 151 151 150 150 150 150 150 150 149 149 149 149 149 149 149 149 149 149 149 148 148 148 148 148 147 147 147
162 162 162 162 160 160 161 160 160 160 159 159 158 158 158 157 157 157 156 156 156 155 155 155 154 154 153 153 153 153 152 152 152 152 152 151 152 152 152 152 152 151 151 151 152 152 152 151 151 151 151 151 151 151 151 151 151 151 150 150 150 150 151 151 150 150 150 150 150 149 149 149 149 149 150 149 149 149 149 149 148 148 148 148 148 147 147 147 147 147 147 147 147 147
161 161 161 160 160 160 159 159 158 159 158 157 157 157 157 157 157 155 155 155 155 155 154 153 153 152 153 153 152 151 151 151 151 152 152 151 151 151 151 151 152 151 151 151 151 151 150 150 151 151 151 151 150 150 150 150 150 150 150 150 150 150 150 149 149 149 149 149 150 149 149 149 149 149 148 148 148 148 148 148 147 147 147 148 148 147 147 147 147 147 147 146 146 146
160 160 159 159 158 158 159 158 158 157 156 156 157 156 156 156 154 154 154 154 154 153 152 152 152 152 152 151 151 150 151 151 151 151 150 150 150 151 151 151 150 150 150 150 150 151 150 150 150 150 150 150 149 149 150 150 150 149 149 149 149 149 149 148 149 149 149 149 148 148 148 148 148 148 147 147 148 148 148 148 147 147 147 147 147 146 146 146 146 146 145 145 145 145
158 158 158 157 158 158 157 157 156 156 156 156 155 155 155 154 154 153 153 153 152 153 152 151 151 151 150 151 150 150 150 150 150 150 150 150 150 150 150 150 149 149 150 150 150 150 149 149 149 149 150 149 149 149 149 149 149 148 148 149 149 149 149 148 148 148 148 148 147 147 147 148 148 148 147 147 147 147 147 146 146 146 146 146 146 145 146 146 146 146 145 145 145 145
