testData/tiles/oneDegreeCosts/grid15.0-27.0-16.0-28.0.asc
ncols   200
nrows   200
xllcorner   15.0
yllcorner   27.0
cellsize   0.005
NODATA_value   -9999.0
[rows 84 to 125 of 200, columns 0 to 93 of 200]
302 300 299 298 296 295 293 293 293 293 293 293 293 293 293 293 293 293 293 293 293 293 293 293 354 355 356 356 357 357 358 358 359 359 360 360 361 361 362 362 363 363 315 315 315 316 316 268 268 268 268 268 268 268 268 268 268 268 268 268 268 268 268 268 268 268 268 268 268 268 268 268 268 268 268 268 268 268 268 268 268 268 268 268 268 268 268 268 268 268 268 268 268 268
302 301 300 298 297 295 294 293 293 293 293 293 293 293 293 293 293 293 293 293 293 293 293 354 354 355 356 356 357 357 358 358 359 359 360 360 361 361 362 362 314 314 315 315 315 316 316 317 268 268 268 268 268 268 268 268 268 268 268 268 268 268 268 268 268 268 268 268 268 268 268 268 268 268 268 268 268 268 268 268 268 268 268 268 268 268 268 268 268 268 268 268 268 268
303 302 300 299 298 296 295 293 293 293 293 293 293 293 293 293 293 293 293 293 293 293 293 354 355 355 356 356 357 357 358 358 359 359 360 360 361 361 313 313 314 314 315 315 315 316 316 317 268 268 268 268 268 268 268 268 268 268 268 268 268 268 268 268 268 268 268 268 268 268 268 268 268 268 268 268 268 268 268 268 268 268 268 268 268 268 268 268 268 268 268 268 268 268
304 302 301 300 298 297 295 294 293 293 293 293 293 293 293 293 293 293 293 293 293 293 293 354 355 355 356 356 357 357 358 358 359 359 360 311 312 312 313 313 314 314 315 315 315 316 316 317 268 268 268 268 268 268 268 268 268 268 268 268 268 268 268 268 268 268 268 268 268 268 268 268 268 268 268 268 268 268 268 268 268 268 268 268 268 268 268 268 268 268 268 268 268 268
304 303 302 300 299 298 296 295 293 293 293 293 293 293 293 293 293 293 293 293 293 293 293 354 355 355 356 356 357 357 358 358 359 311 311 311 312 312 313 313 314 314 315 315 316 316 316 317 317 268 268 268 268 268 268 268 268 268 268 268 268 268 268 268 268 268 268 268 268 268 268 268 268 268 268 268 268 268 268 268 268 268 268 268 268 268 268 268 268 268 268 268 268 268
305 304 302 301 300 298 297 295 294 293 293 293 293 293 293 293 293 293 293 293 293 293 293 354 355 355 356 356 357 357 309 310 310 311 311 312 312 312 313 313 314 314 315 315 316 316 316 317 317 268 268 268 268 268 268 268 268 268 268 268 268 268 268 268 268 268 268 268 268 268 268 268 268 268 268 268 268 268 268 268 268 268 268 268 268 268 268 268 268 268 268 268 268 268
306 304 303 302 300 299 297 296 295 293 293 293 293 293 293 293 293 293 293 293 293 293 293 354 355 355 356 307 308 309 309 310 310 311 311 312 312 313 313 313 314 314 315 315 316 316 316 317 317 268 268 268 268 268 268 268 268 268 268 268 268 268 268 268 268 268 268 268 268 268 268 268 268 268 268 268 268 268 268 268 268 268 268 268 268 268 268 268 268 268 268 268 268 268
306 305 304 302 301 300 298 297 295 294 293 293 293 293 293 293 293 293 293 293 293 293 293 354 355 306 307 307 308 309 309 310 310 311 311 312 312 313 313 314 314 314 315 315 316 316 316 317 317 318 268 268 268 268 268 268 268 268 268 268 268 268 268 268 268 268 268 268 268 268 268 268 268 268 268 268 268 268 268 268 268 268 268 268 268 268 268 268 268 268 268 268 268 268
307 306 304 303 302 300 299 297 296 294 294 293 293 293 293 293 293 293 293 293 293 293 305 305 306 306 307 308 308 309 309 310 310 311 311 312 312 313 313 314 314 314 315 315 316 316 317 317 317 318 268 268 268 268 268 268 268 268 268 268 268 268 268 268 268 268 268 268 268 268 268 268 268 268 268 268 268 268 268 268 268 268 268 268 268 268 268 268 268 268 268 268 268 268
307 306 305 304 302 301 299 298 297 295 295 294 293 293 293 293 293 293 293 293 293 293 305 305 306 306 307 308 308 309 309 310 310 311 311 312 312 313 313 314 314 314 315 315 316 316 317 317 317 318 268 268 268 268 268 268 268 268 268 268 268 268 268 268 268 268 268 268 268 268 268 268 268 268 268 268 268 268 268 268 268 268 268 268 268 268 268 268 268 268 268 268 268 268
308 307 306 304 303 302 300 299 297 296 295 295 293 293 293 293 293 293 293 293 293 293 305 305 306 307 307 308 308 309 309 310 310 311 311 312 312 313 313 314 314 315 315 315 316 316 317 317 317 318 318 268 268 268 268 268 268 268 268 268 268 268 268 268 268 268 268 268 268 268 268 268 268 268 268 268 268 268 268 268 268 268 268 268 268 268 268 268 268 268 268 268 268 268
309 307 306 305 304 302 301 299 298 296 296 295 294 293 293 293 293 293 293 293 293 293 305 305 306 307 307 308 308 309 309 310 310 311 311 312 312 313 313 314 314 315 315 315 316 316 317 317 317 318 318 268 268 268 268 268 268 268 268 268 268 268 268 268 268 268 268 268 268 268 268 268 268 268 268 268 268 268 268 268 268 268 268 268 268 268 268 268 268 268 268 268 268 268
309 308 307 305 304 303 301 300 299 297 293 293 293 293 293 293 293 293 293 293 293 293 305 305 306 307 307 308 308 309 309 310 310 311 311 312 312 313 313 314 314 315 315 315 316 316 317 317 317 318 318 268 268 268 268 268 268 268 268 268 268 268 268 268 268 268 268 268 268 268 268 268 268 268 268 268 268 268 268 268 268 268 268 268 268 268 268 268 268 268 268 268 268 268
310 309 307 306 305 303 293 293 293 293 293 293 293 293 293 293 293 293 293 293 293 293 305 305 306 307 307 308 308 309 309 310 310 311 311 312 312 313 313 314 314 315 315 316 316 316 317 317 318 318 318 319 268 268 268 268 268 268 268 268 268 268 268 268 268 268 268 268 268 268 268 268 268 268 268 268 268 268 268 268 268 268 268 268 268 268 268 268 268 268 268 268 268 268
310 309 308 293 293 293 293 293 293 293 293 293 293 293 293 293 293 293 293 293 293 293 305 306 306 307 307 308 308 309 309 310 310 311 311 312 312 313 313 314 314 315 315 316 316 316 317 317 318 318 318 319 268 268 268 268 268 268 268 268 268 268 268 268 268 268 268 268 268 268 268 268 268 268 268 268 268 268 268 268 268 268 268 268 268 268 268 268 268 268 268 268 268 268
293 293 293 293 293 293 293 293 293 293 293 293 293 293 293 293 293 293 293 293 293 293 305 306 306 307 307 308 308 309 309 310 310 311 311 312 312 313 313 314 314 315 315 316 316 316 317 317 318 318 318 319 268 268 268 268 268 268 268 268 268 268 268 268 268 268 268 268 268 268 268 268 268 268 268 268 268 268 268 268 268 268 268 268 268 268 268 268 268 268 268 268 268 268
293 293 293 293 293 293 293 293 293 293 293 293 293 293 293 293 293 293 293 293 293 304 305 306 306 307 307 308 308 309 310 310 311 311 312 312 312 313 313 314 314 315 315 316 316 316 317 317 318 318 318 319 319 268 268 268 268 268 268 268 268 268 268 268 268 268 268 268 268 268 268 268 268 268 268 268 268 268 268 268 268 268 268 268 268 268 268 268 268 268 268 268 268 268
293 293 293 293 293 293 293 293 293 293 293 293 293 293 293 293 293 293 293 293 293 304 305 306 306 307 307 308 308 309 310 310 311 311 312 312 313 313 313 314 314 315 315 316 316 316 317 317 318 318 318 319 319 268 268 268 268 268 268 268 268 268 268 268 268 268 268 268 268 268 268 268 268 268 268 268 268 268 268 268 268 268 268 268 268 268 268 268 268 268 268 268 268 268
293 293 293 293 293 293 293 293 293 293 293 293 293 293 293 293 293 293 293 293 293 305 305 306 306 307 307 308 309 309 310 310 311 311 312 312 313 313 314 314 314 315 315 316 316 317 317 317 318 318 318 319 319 268 268 268 268 268 268 268 268 268 268 268 268 268 268 268 268 268 268 268 268 268 268 268 268 268 268 268 268 268 268 268 268 268 268 268 268 268 268 268 268 268
293 293 293 293 293 293 293 293 293 293 293 293 293 293 293 293 293 293 293 293 293 305 305 306 306 307 307 308 309 309 310 310 311 311 312 312 313 313 314 314 314 315 315 316 316 317 317 317 318 318 319 319 319 320 268 268 268 268 268 268 268 268 268 268 268 268 268 268 268 268 268 268 268 268 268 268 268 268 268 268 268 268 268 268 268 268 268 268 268 268 268 268 268 268
293 293 293 293 293 293 293 293 293 293 293 293 293 293 293 293 293 293 293 293 293 305 305 306 306 307 307 308 309 309 310 310 311 311 312 312 313 313 314 314 314 315 315 316 316 317 317 317 318 318 319 319 319 320 268 268 268 268 268 268 268 268 268 268 268 268 268 268 268 268 268 268 268 268 268 268 268 268 268 268 268 268 268 268 268 268 268 268 268 268 268 268 268 268
293 293 293 293 293 293 293 293 293 293 293 293 293 293 293 293 293 293 293 293 293 306 305 306 306 307 308 308 309 309 310 310 311 311 312 312 313 313 314 314 315 315 315 316 316 317 317 317 318 318 319 319 319 320 268 268 268 268 268 268 268 268 268 268 268 268 268 268 268 268 268 268 268 268 268 268 268 268 268 268 268 268 268 268 268 268 268 268 268 268 268 268 268 268
293 293 293 293 293 293 293 293 293 293 293 293 293 293 293 293 293 293 293 293 293 306 305 306 306 307 308 308 309 309 310 310 311 311 312 312 313 313 314 314 315 315 315 316 316 317 317 317 318 318 319 319 319 320 268 268 268 268 268 268 268 268 268 268 268 268 268 268 268 268 268 268 268 268 268 268 268 268 268 268 268 268 268 268 268 268 268 268 268 268 268 268 268 268
293 293 293 293 293 293 293 293 293 293 293 293 293 293 293 293 293 293 293 293 293 307 305 306 306 307 308 308 309 309 310 310 311 311 312 312 313 313 314 314 315 315 315 316 316 317 317 317 318 318 319 319 319 320 320 268 268 268 268 268 268 268 268 268 268 268 268 268 268 268 268 268 268 268 268 268 268 268 268 268 268 268 268 268 268 268 268 268 268 268 268 268 268 268
293 293 293 293 293 293 293 293 293 293 293 293 293 293 293 293 293 293 293 293 293 308 306 306 306 307 308 308 309 309 310 310 311 311 312 312 313 313 314 314 315 315 315 316 316 317 317 318 318 318 319 319 319 320 320 268 268 268 268 268 268 268 268 268 268 268 268 268 268 268 268 268 268 268 268 268 268 268 268 268 268 268 268 268 268 268 268 268 268 268 268 268 268 268
293 293 293 293 293 293 293 293 293 293 293 293 293 293 293 293 293 293 293 293 309 308 307 306 307 307 308 308 309 309 310 310 311 311 312 312 313 313 314 314 315 315 315 316 316 317 317 318 318 318 319 319 319 320 320 268 268 268 268 268 268 268 268 268 268 268 268 268 268 268 268 268 268 268 268 268 268 268 268 268 268 268 268 268 268 268 268 268 268 268 268 268 268 268
293 293 293 293 293 293 293 293 293 293 293 293 293 293 293 293 293 293 293 293 310 309 307 306 307 307 308 308 309 309 310 310 311 311 312 312 313 313 314 314 315 315 316 316 316 317 317 318 318 318 319 319 319 320 320 320 268 268 268 268 268 268 268 268 268 268 268 268 268 268 268 268 268 268 268 268 268 268 268 268 268 268 268 268 268 268 268 268 268 268 268 268 268 268
293 293 293 293 293 293 293 293 293 293 293 293 293 293 293 293 293 293 293 293 310 310 308 307 307 307 308 308 309 309 310 310 311 311 312 312 313 313 314 314 315 315 316 316 316 317 317 318 318 318 319 319 319 320 320 321 268 268 268 268 268 268 268 268 268 268 268 268 268 268 268 268 268 268 268 268 268 268 268 268 268 268 268 268 268 268 268 268 268 268 268 268 268 268
293 293 293 293 293 293 293 293 293 293 293 293 293 293 293 293 293 293 293 293 311 310 309 308 307 307 308 308 309 309 310 310 311 311 312 312 313 313 314 314 315 315 316 316 316 317 317 318 318 318 319 319 319 320 320 321 268 268 268 268 268 268 268 268 268 268 268 268 268 268 268 268 268 268 268 268 268 268 268 268 268 268 268 268 268 268 268 268 268 268 268 268 268 268
293 293 293 293 293 293 293 293 293 293 293 293 293 293 293 293 293 293 293 293 312 311 309 309 308 307 308 308 309 309 310 310 311 311 312 312 313 313 314 314 315 315 316 316 316 317 317 318 318 318 319 319 320 320 320 321 268 268 268 268 268 268 268 268 268 268 268 268 268 268 268 268 268 268 268 268 268 268 268 268 268 268 268 268 268 268 268 268 268 268 268 268 268 268
293 293 293 293 293 293 293 293 293 293 293 293 293 293 293 293 293 293 293 293 312 312 310 309 308 307 308 308 309 309 310 310 311 311 312 312 313 313 314 314 315 315 316 316 316 317 317 318 318 318 319 319 320 320 320 321 321 268 268 268 268 268 268 268 268 268 268 268 268 268 268 268 268 268 268 268 268 268 268 268 268 268 268 268 268 268 268 268 268 268 268 268 268 268
293 293 293 293 293 293 293 293 293 293 293 293 293 293 293 293 293 293 293 293 313 312 311 310 309 307 308 308 309 309 310 310 311 311 312 312 313 313 314 314 315 315 316 316 316 317 317 318 318 318 319 319 320 320 320 321 321 268 268 268 268 268 268 268 268 268 268 268 268 268 268 268 268 268 268 268 268 268 268 268 268 268 268 268 268 268 268 268 268 268 268 268 268 268
293 293 293 293 293 293 293 293 293 293 293 293 293 293 293 293 293 293 293 293 314 313 312 311 310 308 308 308 309 309 310 310 311 311 312 312 313 313 314 314 315 315 316 316 316 317 317 318 318 318 319 319 320 320 320 321 321 268 268 268 268 268 268 268 268 268 268 268 268 268 268 268 268 268 268 268 268 268 268 268 268 268 268 268 268 268 268 268 268 268 268 268 268 268
293 293 293 293 293 293 293 293 293 293 293 293 293 293 293 293 293 293 293 293 314 314 313 311 310 309 308 308 309 309 310 311 311 312 312 312 313 313 314 314 315 315 316 316 317 317 317 318 318 318 319 319 320 320 320 321 321 321 268 268 268 268 268 268 268 268 268 268 268 268 268 268 268 268 268 268 268 268 268 268 268 268 268 268 268 268 268 268 268 268 268 268 268 268
293 293 293 293 293 293 293 293 293 293 293 293 293 293 293 293 293 293 293 293 315 314 314 312 311 309 308 308 309 309 310 311 311 312 312 313 313 313 314 314 315 315 316 316 317 317 317 318 318 319 319 319 320 320 320 321 321 321 268 268 268 268 268 268 268 268 268 268 268 268 268 268 268 268 268 268 268 268 268 268 268 268 268 268 268 268 268 268 268 268 268 268 268 268
293 293 293 293 293 293 293 293 293 293 293 293 293 293 293 293 293 293 293 293 316 315 314 312 312 310 309 308 309 310 310 311 311 312 312 313 313 313 314 314 315 315 316 316 317 317 317 318 318 319 319 319 320 320 320 321 321 321 268 268 268 268 268 268 268 268 268 268 268 268 268 268 268 268 268 268 268 268 268 268 268 268 268 268 268 268 268 268 268 268 268 268 268 268
293 293 293 293 293 293 293 293 293 293 293 293 293 293 293 293 293 293 293 293 316 316 315 313 312 310 310 308 309 310 310 311 311 312 312 313 313 313 314 314 315 315 316 316 317 317 317 318 318 319 319 319 320 320 320 321 321 321 268 268 268 268 268 268 268 268 268 268 268 268 268 268 268 268 268 268 268 268 268 268 268 268 268 268 268 268 268 268 268 268 268 268 268 268
293 293 293 293 293 293 293 293 293 293 293 293 293 293 293 293 293 293 293 318 317 316 315 314 313 311 310 308 309 310 310 311 311 312 312 313 313 314 314 314 315 315 316 316 317 317 317 318 318 319 319 319 320 320 320 321 321 321 322 268 268 268 268 268 268 268 268 268 268 268 268 268 268 268 268 268 268 268 268 268 268 268 268 268 268 268 268 268 268 268 268 268 268 268
293 293 293 293 293 293 293 293 293 293 293 293 293 293 293 293 293 293 293 319 317 317 316 314 314 312 311 309 309 310 310 311 311 312 312 313 313 314 314 314 315 315 316 316 317 317 317 318 318 319 319 319 320 320 320 321 321 321 322 268 268 268 268 268 268 268 268 268 268 268 268 268 268 268 268 268 268 268 268 268 268 268 268 268 268 268 268 268 268 268 268 268 268 268
293 293 293 293 293 293 293 293 293 293 293 293 293 293 293 293 293 293 293 320 318 317 317 315 314 312 312 310 309 310 310 311 311 312 312 313 313 314 314 314 315 315 316 316 317 317 317 318 318 319 319 319 320 320 320 321 321 321 322 268 268 268 268 268 268 268 268 268 268 268 268 268 268 268 268 268 268 268 268 268 268 268 268 268 268 268 268 268 268 268 268 268 268 268
293 293 293 293 293 293 293 293 293 293 293 293 293 293 293 293 293 293 293 320 319 318 317 316 315 313 312 310 309 310 310 311 311 312 312 313 313 314 314 314 315 315 316 316 317 317 317 318 318 319 319 319 320 320 320 321 321 321 322 268 268 268 268 268 268 268 268 268 268 268 268 268 268 268 268 268 268 268 268 268 268 268 268 268 268 268 268 268 268 268 268 268 268 268
293 293 293 293 293 293 293 293 293 293 293 293 293 293 293 293 293 293 293 321 319 319 318 316 315 314 313 312 310 310 310 311 311 312 312 313 313 314 314 314 315 315 316 316 317 317 317 318 318 319 319 319 320 320 320 321 321 321 322 322 268 268 268 268 268 268 268 268 268 268 268 268 268 268 268 268 268 268 268 268 268 268 268 268 268 268 268 268 268 268 268 268 268 268
