testData/tiles/oneDegreeCosts/grid45.0-24.0-46.0-25.0.asc
ncols   200
nrows   200
xllcorner   45.0
yllcorner   24.0
cellsize   0.005
NODATA_value   -9999.0
[rows 42 to 83 of 200, columns 0 to 93 of 200]
476 476 476 476 477 477 478 477 477 477 478 478 477 478 478 478 478 478 478 478 478 479 478 478 478 479 478 478 478 479 478 478 479 479 478 478 478 479 478 478 478 478 478 478 478 477 478 477 476 476 477 476 476 476 475 476 476 474 474 474 474 511 511 509 509 510 508 508 507 507 510 511 512 513 513 515 555 556 558 557 558 440 440 440 441 440 441 443 443 443 442 442 442 443
478 478 477 478 477 477 479 479 478 478 479 479 479 479 479 479 479 479 479 479 479 480 479 479 479 480 479 479 479 480 479 479 479 480 478 478 478 480 479 479 479 480 479 479 479 478 479 478 477 477 477 478 477 477 477 477 477 476 474 474 475 511 511 510 510 511 509 509 509 508 511 513 514 553 554 555 557 558 559 559 559 440 441 442 442 442 442 444 444 444 443 443 444 444
479 479 478 479 479 479 480 481 479 479 480 480 480 480 480 480 480 481 480 480 480 481 480 480 480 481 480 480 480 481 481 480 480 481 480 479 479 480 479 479 479 480 479 479 479 478 479 479 478 477 477 478 477 477 477 477 477 477 475 475 513 512 512 512 511 512 511 510 510 509 511 553 554 555 556 556 559 559 560 561 560 441 442 443 443 444 444 445 445 445 445 444 445 446
480 480 479 480 480 480 481 481 480 481 482 481 481 481 481 481 481 482 481 481 481 482 481 481 481 482 482 481 481 482 482 481 481 482 482 480 480 481 480 480 480 480 480 480 480 480 480 480 479 478 478 479 478 478 478 478 478 478 476 476 514 513 513 513 512 513 513 511 550 551 552 554 555 557 557 557 560 561 561 562 443 443 444 445 446 446 444 445 446 446 447 446 446 447
481 481 480 481 481 481 482 482 481 481 483 483 483 482 482 482 482 483 482 482 482 483 482 482 482 483 483 482 482 483 483 482 482 483 483 482 481 482 482 481 481 481 481 481 481 481 481 481 481 479 479 480 480 479 479 479 479 479 479 477 515 515 514 514 514 553 553 551 551 552 553 556 557 558 558 559 561 562 562 564 444 444 446 446 447 446 446 446 447 448 448 448 447 448
482 482 481 482 482 482 483 483 482 482 483 483 484 483 484 483 483 484 483 483 483 484 483 483 483 484 484 483 483 484 484 483 483 484 484 483 483 483 483 482 482 482 482 482 482 482 482 482 482 480 480 481 481 480 480 480 480 480 480 478 515 516 515 554 554 553 554 553 552 553 554 557 558 559 560 561 562 563 564 446 446 445 447 446 447 448 448 448 448 449 449 450 448 449
483 483 482 483 483 483 484 484 483 483 484 484 484 483 485 485 485 485 484 484 484 485 484 484 484 485 485 484 484 485 485 484 484 485 485 484 484 484 484 483 483 483 484 483 483 483 483 483 483 483 481 482 482 481 481 481 481 481 481 480 555 556 555 555 555 554 555 555 553 555 556 558 560 560 562 562 563 565 566 446 447 445 447 448 448 449 449 449 450 450 451 451 450 450
484 484 483 484 484 484 485 484 484 484 485 485 485 484 485 485 486 487 485 485 485 486 485 485 485 486 486 485 485 486 486 485 485 486 486 485 485 485 485 484 484 484 485 484 484 484 484 484 484 484 482 483 483 482 482 482 482 482 521 520 556 557 556 556 556 555 556 556 554 556 558 559 561 562 563 563 564 566 567 446 447 446 448 449 449 450 450 450 452 452 452 452 452 451
485 484 484 485 485 485 485 485 485 485 486 486 485 485 486 486 486 486 487 486 486 487 486 486 486 487 487 486 486 487 487 486 486 487 487 486 486 486 487 485 485 485 486 485 485 485 484 485 485 485 484 484 484 483 483 522 522 522 522 521 557 558 557 557 557 556 557 557 556 557 559 561 562 564 564 565 566 566 447 447 449 450 450 451 450 451 452 451 453 453 453 453 454 452
486 485 485 486 486 486 486 486 486 486 487 487 486 486 487 487 487 486 487 487 487 488 487 487 487 488 487 487 487 488 488 487 487 487 488 487 487 487 488 486 486 486 487 486 486 486 485 486 486 486 485 485 485 523 523 523 523 523 523 522 559 559 559 558 558 558 558 558 557 558 560 562 563 565 564 566 566 567 448 449 450 451 451 452 452 453 453 453 454 454 455 454 455 455
486 486 486 487 487 487 486 487 487 487 488 488 487 487 488 488 488 487 488 488 488 488 487 488 488 488 488 488 488 488 488 488 488 488 489 488 488 488 489 488 487 487 487 487 487 487 486 487 487 487 486 526 525 524 524 524 524 524 524 560 560 560 560 559 559 559 559 559 559 560 561 562 564 565 566 567 567 450 450 450 451 452 451 453 453 454 455 454 455 455 456 456 456 619
487 487 487 488 488 488 487 488 488 488 488 488 488 488 489 489 488 488 489 489 489 488 489 488 488 488 489 489 489 489 489 489 489 489 489 489 489 489 489 489 489 488 488 488 488 488 487 488 488 526 526 526 526 525 525 525 525 525 525 561 561 562 561 560 560 560 560 560 560 561 562 562 565 566 567 568 568 450 451 451 452 453 453 454 455 455 456 456 455 456 457 458 457 620
488 488 488 488 489 488 488 489 489 489 488 489 489 489 490 490 489 489 490 490 490 489 490 490 489 488 489 489 489 489 490 490 490 490 490 490 490 490 490 490 490 489 488 489 489 489 527 528 528 527 527 527 528 526 526 526 525 526 526 562 562 563 561 561 561 560 560 560 560 562 563 563 566 568 568 569 571 451 452 453 453 454 454 455 456 456 457 457 458 458 458 459 621 622
488 488 489 489 489 489 489 490 490 490 489 490 490 490 491 490 490 490 491 491 490 490 491 491 491 489 490 490 490 489 490 490 490 490 490 491 491 491 491 491 491 491 489 490 529 528 528 529 529 528 528 528 528 527 527 527 526 527 527 563 562 562 561 561 561 560 560 561 561 563 564 565 567 569 569 571 452 452 453 454 454 455 455 456 457 457 458 458 459 459 459 460 623 622
489 489 489 489 490 490 490 491 491 490 490 491 491 491 491 491 491 491 492 492 491 491 492 492 491 491 491 491 491 490 491 491 491 490 491 491 491 491 491 491 491 491 528 529 530 529 529 530 530 529 529 528 528 528 527 527 526 527 527 563 563 563 563 562 562 561 561 562 563 565 566 566 568 570 570 572 453 452 454 455 456 457 457 459 459 458 459 459 460 461 460 624 623 623
489 490 489 489 490 491 491 491 491 491 491 492 492 492 491 492 492 492 493 492 492 492 493 493 492 492 493 492 491 491 492 492 492 491 492 492 492 491 491 492 531 530 530 530 530 529 529 529 529 529 529 529 529 529 528 527 527 528 528 564 564 564 564 563 563 562 562 563 564 566 568 567 570 571 572 454 454 454 456 456 457 458 458 459 460 460 460 460 461 462 623 625 625 626
490 490 490 490 491 491 491 491 492 492 492 493 493 492 492 493 493 493 493 493 493 493 493 493 493 493 494 494 492 492 493 493 492 492 492 493 492 492 531 532 531 531 531 531 530 530 530 530 530 530 530 529 530 530 530 528 528 529 528 565 565 565 565 565 564 563 563 564 565 567 569 568 570 572 573 454 454 456 457 457 458 459 459 460 461 461 462 461 461 463 626 626 627 628
490 491 491 491 492 492 491 491 492 493 493 494 493 493 493 494 494 493 493 494 494 494 493 494 494 494 494 494 494 493 493 493 493 493 493 494 532 532 532 533 532 532 532 532 531 531 531 530 531 531 531 530 530 531 531 529 529 530 529 566 566 565 566 566 564 564 564 564 566 568 570 571 571 573 455 455 456 457 458 458 459 460 460 461 461 462 463 463 463 628 628 628 629 630
491 492 492 492 493 492 492 492 493 493 493 493 494 494 494 495 494 494 494 495 495 494 494 495 495 495 494 495 495 494 494 494 494 494 533 533 533 533 533 533 533 533 533 532 533 532 532 531 532 532 532 531 531 532 531 530 530 530 530 567 567 566 566 567 565 565 565 565 568 569 570 572 572 574 455 456 457 458 459 459 460 461 461 463 463 463 465 465 465 629 630 631 631 632
492 493 493 493 493 493 493 493 494 494 493 493 494 495 495 495 495 495 495 496 495 495 495 496 496 495 495 496 496 496 494 495 534 534 533 534 534 534 533 533 534 534 533 533 534 533 532 532 533 533 532 532 532 533 532 532 531 530 568 568 567 567 567 568 567 566 566 566 569 571 571 573 574 575 456 458 458 459 460 460 462 462 462 464 465 465 467 467 631 631 632 633 632 634
644 494 493 493 493 494 494 494 494 494 494 494 495 495 495 495 496 496 496 496 496 496 496 497 496 496 496 497 497 496 535 535 535 534 534 535 535 535 534 534 535 535 534 534 535 535 533 533 533 533 533 533 533 533 533 533 531 531 569 569 568 568 568 568 568 567 566 567 570 571 573 574 575 458 458 458 459 460 461 463 463 464 465 467 466 467 467 469 633 633 634 634 635 636
645 644 494 494 494 495 495 494 494 495 495 495 496 495 495 495 496 496 496 496 497 497 497 497 497 497 497 498 536 536 536 537 536 535 535 535 536 535 535 535 536 535 535 535 536 535 534 534 534 534 534 534 533 533 534 534 533 532 570 569 569 569 569 569 569 568 567 569 571 572 574 575 576 458 459 460 461 461 463 464 465 466 467 467 469 470 469 634 635 635 636 636 637 637
645 645 495 495 495 496 495 495 495 496 496 496 496 496 496 496 497 496 496 496 497 498 497 497 498 498 537 536 537 537 537 537 536 536 536 536 536 536 536 536 536 536 536 536 536 536 536 535 534 535 535 535 534 534 535 534 534 533 570 570 570 570 569 569 570 569 568 570 571 573 575 577 459 459 460 461 462 463 465 466 466 468 469 469 471 473 634 635 636 637 638 638 639 639
646 646 647 496 495 496 496 496 496 497 496 496 496 497 497 497 497 497 497 497 498 497 497 497 538 538 537 537 538 538 538 537 538 537 537 536 537 537 537 536 537 537 537 536 536 537 537 535 535 536 536 535 535 535 536 535 535 534 570 571 571 570 570 570 571 570 569 571 572 575 577 577 459 460 461 462 465 465 466 468 468 469 471 471 472 473 637 637 638 639 640 638 641 641
647 647 647 647 496 496 497 497 497 497 497 497 497 498 497 497 498 498 498 498 498 498 537 537 538 537 537 537 539 538 538 538 539 539 537 537 538 538 537 537 537 538 537 537 537 538 537 536 536 536 536 536 536 536 536 536 536 535 571 572 572 571 571 571 571 571 570 570 573 576 577 461 461 463 462 465 466 467 468 469 470 471 472 473 474 637 639 640 639 641 641 642 642 643
649 648 649 649 649 497 498 497 497 498 498 498 498 498 498 498 498 499 498 498 538 538 538 537 538 538 538 538 538 538 538 538 539 539 538 538 538 538 538 538 538 538 538 538 538 538 538 538 537 536 537 537 537 536 536 537 537 536 572 573 572 572 571 571 571 572 573 572 575 577 579 461 463 463 465 467 467 469 470 470 473 473 473 475 475 639 641 641 642 642 643 644 643 644
649 649 649 650 650 498 499 499 498 498 499 498 498 499 499 499 499 499 538 538 538 539 538 538 538 539 539 538 538 539 539 539 539 539 539 538 538 538 538 538 538 539 539 539 538 538 539 539 537 537 538 538 537 537 536 537 536 536 573 572 572 572 572 572 572 573 574 575 578 578 463 463 464 465 467 468 469 471 472 473 475 475 476 477 640 641 643 643 644 643 644 646 645 646
649 649 650 650 650 650 500 500 500 500 500 499 499 500 500 499 499 539 539 539 539 539 539 539 539 540 539 539 539 540 539 539 539 540 540 539 538 539 539 538 538 539 539 538 538 538 539 538 538 537 538 537 537 537 537 537 537 537 573 572 573 574 573 574 574 574 576 577 578 580 463 465 466 468 469 470 471 473 474 475 476 477 478 478 642 643 643 644 646 646 646 646 647 647
650 649 649 650 651 651 651 501 500 500 501 501 501 500 500 539 539 540 540 539 539 540 540 540 539 540 540 540 540 540 540 540 540 541 540 540 539 540 539 539 539 539 539 539 539 539 539 539 539 538 538 538 538 538 537 538 538 575 575 574 575 575 575 575 575 576 578 580 580 465 465 466 468 470 470 471 474 474 475 477 477 478 480 643 644 646 645 646 646 648 648 647 648 649
650 650 650 651 651 651 651 501 501 501 502 502 501 540 540 540 540 540 540 540 540 541 541 540 540 541 541 541 540 541 541 541 540 541 541 541 541 540 540 540 540 539 540 540 540 539 540 540 540 539 538 539 539 538 538 538 540 576 576 577 575 577 577 577 577 577 579 581 582 465 466 468 470 471 472 473 475 476 477 478 479 480 480 645 646 646 648 648 648 648 649 649 650 649
651 651 651 651 651 651 651 652 502 502 502 541 541 541 542 542 540 540 541 541 541 541 541 541 541 541 541 541 541 541 542 541 541 541 542 541 541 540 541 541 540 540 541 541 540 540 540 541 540 540 539 540 539 539 540 540 540 578 578 578 577 578 579 578 578 579 581 584 465 465 468 470 471 472 474 475 476 478 478 479 481 481 645 646 647 648 649 648 649 650 650 651 651 651
652 651 651 651 652 652 652 653 652 502 541 542 542 542 542 542 542 541 542 541 541 541 542 542 541 541 542 542 542 541 542 542 542 542 542 542 542 542 541 541 541 541 541 541 541 541 541 541 541 541 541 540 541 541 541 541 542 580 579 579 579 580 580 580 580 580 583 585 467 467 469 472 473 474 477 477 477 479 480 481 482 483 647 648 648 649 649 650 650 651 652 652 652 653
651 652 652 652 653 653 652 652 692 541 541 542 542 542 542 543 543 542 542 542 542 542 543 542 542 542 543 543 542 542 543 543 543 542 543 543 543 542 543 542 542 541 541 542 542 542 541 542 542 541 542 541 543 542 542 543 543 581 581 581 582 581 581 582 581 581 584 468 468 470 471 472 475 476 477 479 479 480 481 484 484 648 648 648 649 650 651 652 651 652 654 654 654 654
652 653 653 652 653 653 692 692 693 693 541 542 542 542 542 544 543 543 543 544 543 542 542 543 543 543 543 543 543 543 544 543 543 543 543 544 543 543 543 543 542 542 542 543 542 542 542 542 543 543 544 543 543 544 544 545 544 582 583 582 582 582 583 582 583 583 584 468 470 471 472 474 476 478 479 480 480 482 484 484 485 649 649 650 651 651 652 654 653 654 654 655 656 656
653 653 653 653 653 693 693 692 693 693 693 542 543 542 542 543 543 543 544 544 544 543 543 544 543 543 543 544 544 543 543 544 544 544 543 544 544 544 543 544 543 543 543 543 543 543 544 543 545 545 545 545 544 546 546 545 546 584 583 584 584 584 584 584 585 585 471 471 472 473 474 476 477 479 481 481 483 483 484 485 649 650 651 651 652 653 654 654 655 657 656 657 657 658
653 653 654 693 693 693 693 693 694 694 694 542 543 543 543 543 544 543 543 544 544 544 543 544 544 544 544 545 544 544 544 545 544 544 544 545 545 544 544 545 544 543 543 543 545 544 545 545 546 546 546 547 546 546 547 547 548 584 585 586 586 585 585 586 585 587 471 471 473 475 476 476 479 480 480 483 484 483 485 487 650 651 653 652 654 655 655 656 657 657 658 659 659 659
654 693 693 693 693 694 694 694 694 694 694 694 544 544 544 543 544 544 544 544 544 544 544 544 544 544 544 545 545 545 545 545 545 545 545 545 545 545 545 545 545 544 545 545 546 546 546 547 546 548 548 548 548 548 549 549 548 586 587 586 587 587 586 587 587 471 471 472 475 476 476 477 479 481 482 484 485 485 486 487 652 653 653 653 656 656 657 657 658 658 659 659 661 661
693 693 694 694 694 695 694 694 694 695 695 695 544 544 544 544 545 545 544 544 545 545 545 544 544 544 544 544 545 545 545 545 546 545 545 545 546 546 545 545 547 546 546 546 547 548 548 548 548 549 550 549 550 549 549 550 550 587 588 588 588 589 587 588 588 471 471 473 476 477 478 480 480 481 485 485 486 487 487 652 653 654 655 656 656 658 659 658 659 660 660 661 662 662
694 694 695 695 694 694 695 695 695 696 695 695 695 545 545 545 545 545 545 545 546 546 545 545 545 545 545 544 545 545 545 545 545 545 545 545 545 545 547 547 549 548 547 548 548 549 549 549 550 550 551 551 551 550 551 551 589 587 587 589 589 589 589 588 471 471 473 473 476 479 480 480 482 484 485 487 488 488 488 654 655 655 656 657 657 659 659 661 661 661 661 663 663 664
695 694 694 695 695 695 696 696 695 695 696 696 696 697 545 545 545 546 546 545 545 546 546 546 547 545 545 545 546 546 545 545 546 546 545 545 546 547 548 547 547 549 548 548 548 549 550 550 550 550 551 552 551 551 552 551 588 589 589 589 590 590 590 589 471 472 474 476 477 481 481 482 483 485 487 488 489 491 654 654 657 658 658 658 659 659 661 662 662 663 663 664 664 666
695 695 695 696 696 695 696 696 696 696 697 696 696 697 546 546 546 546 546 546 546 547 547 546 546 547 546 546 546 546 546 546 546 546 547 547 547 548 548 549 549 551 550 549 550 550 551 551 551 552 552 552 553 553 552 553 590 591 590 591 591 591 591 472 472 473 475 478 479 480 484 484 485 486 488 489 491 492 655 656 658 658 660 661 659 660 663 663 664 664 664 665 666 666
695 695 695 696 696 696 696 697 696 696 697 697 697 697 698 546 546 547 547 547 546 547 547 547 547 548 547 546 546 547 547 546 546 548 548 548 548 550 550 551 550 550 552 551 551 551 552 553 552 552 554 554 554 554 554 555 591 591 592 592 592 592 593 473 472 475 477 478 481 482 484 485 487 488 488 491 493 656 656 658 658 660 661 662 663 662 663 664 666 665 665 666 666 667
