testData/tiles/oneDegreeCosts/grid27.0-20.0-28.0-21.0.asc
ncols   200
nrows   200
xllcorner   27.0
yllcorner   20.0
cellsize   0.005
NODATA_value   -9999.0
[rows 126 to 167 of 200, columns 94 to 187 of 200]
626 626 627 626 626 626 626 626 625 625 626 626 626 626 626 625 625 625 625 625 625 624 624 624 624 624 624 624 624 624 624 624 624 624 624 624 624 624 624 624 624 624 624 624 624 624 624 623 623 623 623 623 623 623 623 623 622 622 622 622 622 622 419 419 419 419 419 419 419 419 419 419 419 419 419 419 419 419 419 419 419 419 419 419 419 419 419 419 419 423 427 431 434 436
630 631 630 629 630 630 630 630 630 630 629 629 629 629 629 630 630 629 629 629 629 629 629 628 628 628 628 628 627 627 627 628 628 627 627 627 627 626 626 626 626 625 624 624 624 623 623 623 623 623 623 623 623 622 622 622 622 622 622 622 622 419 419 419 419 419 419 419 419 419 419 419 419 419 419 419 419 419 419 419 419 419 419 419 419 419 419 419 419 419 422 426 430 433
635 635 634 634 633 633 633 633 634 634 634 633 633 633 633 633 633 633 632 632 632 632 632 632 631 632 632 632 632 632 632 632 631 631 630 630 630 630 629 629 629 629 628 628 628 628 628 627 627 626 625 625 625 625 624 624 624 623 622 622 622 419 419 419 419 419 419 419 419 419 419 419 419 419 419 419 419 419 419 419 419 419 419 419 419 419 419 419 419 419 419 419 425 429
638 637 638 637 637 637 637 637 637 637 637 636 637 637 637 637 637 637 636 636 636 636 636 636 635 635 635 636 636 635 635 635 635 635 634 634 634 634 634 633 633 633 633 632 632 631 631 630 630 630 630 629 629 629 629 627 627 627 626 626 423 423 422 421 421 420 420 420 419 419 419 419 419 419 419 419 419 419 419 419 419 419 419 419 419 419 419 419 419 419 419 419 419 423
641 640 640 640 640 641 641 641 641 640 640 640 640 640 640 640 639 639 640 640 640 640 640 639 639 640 640 640 639 639 639 639 639 638 638 638 638 638 637 636 636 636 636 635 635 635 635 634 634 634 634 633 632 632 632 631 631 631 630 630 426 426 425 425 425 424 424 423 422 422 422 422 420 420 419 419 419 419 419 419 419 419 419 419 419 419 419 419 419 419 419 419 419 419
644 644 644 644 644 644 643 643 643 644 644 644 644 644 643 643 643 643 643 643 643 642 642 642 643 643 643 642 642 642 642 642 641 641 641 641 641 640 640 640 640 640 639 639 639 639 638 638 637 637 636 636 636 636 635 635 635 634 633 430 430 430 429 429 428 427 427 427 426 426 425 425 424 424 424 422 421 421 420 420 420 419 419 419 419 419 419 419 419 419 419 419 419 419
647 647 646 647 647 647 647 647 647 647 646 646 646 646 647 647 647 647 646 646 646 646 647 647 646 646 646 646 646 646 645 645 645 645 645 644 644 644 644 644 643 643 643 642 642 641 641 641 641 640 640 640 640 639 638 638 638 637 434 434 434 433 432 432 431 431 431 431 429 429 429 428 428 428 426 426 426 424 424 423 422 422 422 421 420 420 419 419 419 419 419 419 419 419
650 650 650 650 650 649 649 650 650 650 650 650 650 649 649 649 649 649 649 649 648 649 649 649 650 650 650 649 649 649 649 649 648 647 647 647 647 647 646 646 646 646 645 645 645 645 645 644 644 644 643 642 642 642 642 641 641 641 438 436 436 436 436 435 435 435 433 433 433 433 432 432 431 430 430 430 429 428 427 426 426 426 424 424 424 423 423 422 421 421 421 420 419 419
652 653 653 653 653 653 653 653 652 652 652 653 653 653 653 652 652 652 652 653 653 653 652 652 652 652 652 652 652 651 651 651 651 651 650 650 650 650 650 649 649 649 649 649 648 648 647 647 647 646 646 646 646 645 645 645 644 440 440 440 440 439 439 439 438 437 437 437 436 436 435 435 434 434 434 433 432 432 431 431 430 428 428 428 427 427 426 425 425 425 423 423 423 419
655 655 655 655 656 656 656 656 656 655 655 655 655 655 655 655 655 654 656 656 656 656 656 656 655 655 655 655 655 655 654 654 654 654 654 653 653 653 653 652 652 651 651 651 651 650 650 650 650 650 649 649 649 648 647 647 647 444 443 443 443 442 441 441 441 441 440 440 439 439 438 438 438 437 436 436 435 435 435 434 433 432 432 431 430 430 429 429 429 427 427 427 426 419
658 658 658 658 658 658 658 658 658 658 658 658 658 658 658 658 658 658 658 658 658 658 658 658 657 657 657 657 657 657 656 656 656 656 656 656 655 655 655 655 655 654 654 654 654 654 653 653 652 652 652 651 651 651 651 650 447 447 446 445 445 445 445 444 444 443 443 442 442 442 442 441 440 440 439 439 439 437 437 437 437 436 434 434 433 433 433 431 431 431 430 430 419 419
660 660 661 661 661 661 661 661 661 660 660 660 660 660 661 661 662 661 661 661 661 661 661 661 660 660 660 660 660 660 659 659 659 659 659 659 658 658 658 658 658 657 657 656 656 656 655 655 655 655 655 654 654 654 654 652 449 449 449 449 448 448 448 447 446 446 446 445 445 444 444 443 443 443 443 441 441 441 440 440 440 438 438 437 437 436 435 435 434 434 433 419 419 419
663 663 663 663 663 663 664 663 663 663 663 663 663 663 664 664 663 663 663 663 663 663 663 663 663 663 663 663 663 663 662 662 662 662 661 660 660 660 660 660 660 659 659 659 659 659 658 658 658 658 658 656 656 656 656 452 452 452 452 452 450 450 450 450 449 449 449 448 447 447 447 446 446 445 445 444 444 444 443 442 442 442 441 441 440 438 438 438 437 436 436 419 419 419
666 666 666 666 666 665 665 665 665 665 665 666 666 667 666 666 666 666 666 666 666 665 665 665 665 665 665 665 664 664 664 664 664 664 663 663 663 663 663 663 662 662 662 662 662 661 660 660 660 660 659 659 659 659 456 455 455 454 454 453 453 453 453 452 452 451 451 450 450 450 450 448 448 448 448 447 447 446 445 445 445 445 443 443 443 442 441 440 439 439 419 419 419 419
668 667 667 667 668 668 668 668 668 668 668 667 668 668 668 668 668 669 669 668 668 668 668 668 668 668 667 667 667 667 667 667 667 666 666 666 666 666 665 665 664 664 664 664 663 663 663 663 663 662 662 662 662 661 457 457 457 457 456 456 456 456 454 454 454 454 454 453 453 452 451 451 451 451 450 449 449 449 448 448 447 446 446 446 446 445 444 443 442 419 419 419 419 419
670 670 670 670 670 670 670 669 670 670 670 671 671 671 671 671 670 670 670 670 670 670 670 670 669 669 669 669 669 669 668 668 668 668 668 668 667 667 667 667 667 667 666 666 666 666 666 665 665 664 664 664 663 460 460 460 460 459 459 458 458 457 457 457 457 456 455 455 455 454 454 454 454 452 452 452 452 451 451 450 450 449 449 449 447 447 447 446 445 419 419 419 419 419
672 673 672 672 672 672 672 672 672 672 673 673 672 673 673 673 673 673 673 673 672 672 672 672 672 672 672 671 671 671 671 671 671 671 670 670 670 670 670 670 669 669 669 669 668 667 667 667 667 667 666 666 666 463 463 462 461 461 461 461 460 460 460 460 458 458 458 458 457 457 457 456 455 455 455 455 454 453 453 452 452 452 451 450 450 450 449 448 419 419 419 419 419 419
674 674 674 674 674 675 674 674 674 675 675 675 675 675 675 674 674 674 674 674 674 674 675 674 674 674 674 674 674 674 673 673 673 673 673 672 672 671 671 671 671 671 670 670 670 670 670 670 669 669 669 669 465 464 464 464 464 463 463 463 463 462 461 461 461 461 460 460 459 459 458 458 458 458 457 456 456 456 455 455 454 454 453 453 453 451 451 419 419 419 419 419 419 419
676 676 676 676 676 676 676 676 677 677 677 677 677 677 677 677 677 677 676 676 676 676 676 676 676 676 675 675 675 675 675 675 675 674 674 674 674 674 674 673 673 673 673 673 673 672 672 671 671 671 670 670 467 467 467 466 466 466 465 464 464 464 464 464 463 463 462 462 461 461 461 461 459 459 459 459 458 458 457 457 456 456 456 455 454 454 454 421 421 420 419 419 419 419
678 678 677 678 678 678 678 678 679 679 679 679 678 678 678 678 679 679 679 679 679 678 678 678 678 678 678 678 677 677 677 677 677 677 677 676 676 676 676 676 676 674 674 674 674 674 673 673 673 673 673 470 469 469 468 468 468 467 467 467 467 466 466 465 465 465 464 464 464 464 462 462 462 462 461 461 460 460 459 459 459 459 457 457 457 456 424 423 423 422 422 421 419 419
680 680 680 680 679 679 679 681 681 681 681 681 681 681 680 680 680 680 680 680 680 680 679 679 679 679 679 679 679 679 678 678 678 678 678 678 677 677 677 677 677 677 676 676 676 676 676 676 675 675 471 471 471 470 470 470 470 470 469 469 468 468 468 467 467 467 467 466 465 465 465 464 464 464 463 462 462 462 462 461 460 460 460 459 459 426 425 425 425 425 423 423 422 421
681 682 682 682 682 682 682 682 682 682 682 682 682 683 683 683 682 682 682 682 682 682 682 682 681 681 681 681 681 681 681 680 680 680 680 680 680 679 679 679 679 679 679 678 677 677 677 677 677 676 473 473 473 473 472 472 471 471 471 470 470 470 470 470 469 468 468 468 467 467 467 467 465 465 465 465 464 464 463 463 462 462 462 461 460 428 428 428 427 426 426 425 425 423
683 683 683 683 683 685 685 684 684 684 684 684 684 684 684 684 683 683 683 683 683 683 684 684 683 683 683 683 683 683 683 683 682 682 682 681 681 681 680 680 680 680 680 680 679 679 679 679 679 476 475 475 474 474 474 473 473 473 473 473 472 472 471 471 470 470 470 470 470 468 468 468 468 467 467 467 466 465 465 465 465 463 463 463 431 430 430 429 428 428 428 428 426 426
685 685 685 685 686 686 686 685 685 686 686 686 686 686 686 686 685 685 685 685 685 685 685 685 685 684 684 684 684 684 684 684 683 683 683 683 683 683 682 682 682 682 682 682 681 681 681 681 680 477 476 476 476 476 476 475 475 475 475 474 473 473 473 473 473 472 472 471 471 470 470 470 470 469 468 468 468 468 467 466 466 466 465 433 433 431 431 431 431 430 429 429 429 428
686 686 687 687 688 688 687 687 687 687 687 687 687 687 687 687 687 687 687 687 687 687 687 687 686 686 686 686 686 686 686 686 685 685 685 685 685 685 684 684 684 683 684 684 683 683 683 683 480 480 479 479 479 479 479 477 477 476 476 476 475 475 475 475 474 473 473 473 473 473 472 471 471 471 470 470 470 469 468 468 468 468 435 434 434 434 433 433 432 431 431 431 431 429
688 688 688 689 689 688 689 689 689 689 689 689 689 689 689 688 688 688 688 688 688 688 688 688 687 687 687 687 687 687 687 686 686 686 686 686 686 686 686 686 686 686 686 686 685 685 685 482 482 482 481 480 480 480 480 479 479 479 479 479 478 476 476 476 476 475 475 475 475 473 473 473 473 473 472 471 471 471 470 470 470 469 436 436 436 436 435 434 434 433 433 433 432 431
690 690 691 690 690 690 690 690 690 690 690 690 691 691 690 690 690 690 690 690 690 690 689 689 689 689 689 689 689 689 688 688 688 688 688 688 689 688 688 688 688 688 688 687 687 686 686 483 483 482 482 482 482 482 482 481 481 480 480 480 479 479 479 478 478 477 476 476 476 475 475 475 475 473 473 473 473 473 472 471 471 439 438 438 438 437 436 436 436 435 434 434 434 433
690 691 691 691 692 692 692 692 692 692 692 691 691 691 691 691 691 691 691 691 691 691 691 691 691 691 691 691 691 690 690 690 690 691 691 691 689 689 689 689 689 689 688 688 688 688 485 485 484 484 484 484 484 483 482 482 482 482 482 481 481 481 481 480 479 479 478 478 477 477 476 476 476 475 475 475 475 473 473 473 441 440 440 439 439 438 438 438 437 436 436 436 436 434
692 693 693 693 693 693 693 693 693 693 693 693 693 693 693 693 693 693 692 692 692 692 692 692 692 692 692 691 691 691 691 692 692 692 691 691 691 691 691 691 691 690 690 690 690 487 487 486 485 485 485 485 484 484 484 484 484 484 483 482 482 482 482 481 481 481 481 481 478 478 478 478 477 477 477 476 475 475 475 443 443 441 441 441 441 440 439 439 438 438 438 438 436 436
694 695 695 695 695 694 694 694 694 694 694 694 694 694 694 694 694 694 694 694 694 694 694 694 693 693 693 693 693 693 694 694 693 693 693 693 693 693 693 692 692 692 691 691 691 487 487 487 487 487 487 486 486 486 486 486 484 484 484 484 484 483 483 483 483 482 481 481 481 480 480 479 478 478 478 477 477 477 477 444 443 443 443 443 441 441 441 441 440 440 439 438 438 438
695 695 695 695 695 695 696 696 696 696 696 696 695 695 695 695 695 695 695 695 695 694 694 694 694 694 694 694 695 694 694 694 694 694 694 694 693 693 693 693 693 693 693 692 489 489 489 489 489 488 488 487 487 487 487 486 486 486 486 486 485 485 484 484 484 483 483 483 483 483 481 480 480 480 479 479 478 478 445 445 445 445 444 443 443 443 443 442 441 441 440 440 440 439
697 697 697 697 697 697 697 696 696 696 696 697 697 697 697 697 697 696 696 696 696 696 696 696 696 696 696 696 696 696 696 696 696 695 695 695 695 695 695 695 694 694 694 694 491 491 490 489 489 489 489 489 488 488 488 488 488 488 486 486 486 486 486 485 485 485 485 484 483 483 483 483 482 481 480 480 480 447 447 447 446 445 445 445 445 444 443 443 443 442 442 441 441 440
698 697 697 698 698 698 698 698 698 698 698 698 697 697 697 697 697 697 697 697 698 698 697 697 697 698 698 698 698 698 697 697 697 697 697 697 697 695 695 695 695 695 695 492 491 491 491 491 491 491 490 490 490 490 489 488 488 488 488 488 488 487 487 487 486 486 485 485 485 485 485 483 483 483 482 481 449 449 448 447 447 447 447 447 445 445 445 445 444 444 443 443 442 442
699 699 699 699 699 699 699 698 699 699 699 699 699 699 699 699 699 698 698 698 698 698 698 698 699 699 698 698 698 698 698 698 698 698 697 697 697 697 697 697 696 696 493 493 493 493 493 492 492 491 491 491 491 490 490 490 490 490 489 489 488 488 488 487 487 487 487 487 486 485 485 485 485 484 484 483 450 449 449 449 449 449 447 447 447 447 446 446 445 445 444 444 444 443
699 700 700 700 700 700 700 700 700 700 700 699 699 699 699 700 700 700 700 700 700 699 699 700 700 700 700 700 700 699 699 699 699 699 699 699 699 698 698 698 698 698 494 493 493 493 493 493 493 493 492 492 492 492 492 491 490 490 490 490 490 489 489 489 489 489 487 487 487 487 487 486 486 485 485 452 451 451 451 451 449 449 449 449 448 448 447 447 446 446 446 445 444 444
701 701 701 701 700 701 701 701 701 701 701 701 701 701 701 700 700 700 700 700 700 701 701 701 700 700 700 700 700 700 700 700 699 699 699 699 699 699 699 698 698 495 495 495 495 495 494 494 494 494 494 494 492 492 492 492 492 492 491 491 491 491 490 489 489 489 489 489 488 488 488 487 487 486 454 454 454 452 451 451 451 450 450 450 449 449 448 448 448 447 446 446 446 446
702 702 702 702 702 702 702 702 701 701 701 702 702 702 702 702 702 702 701 701 702 702 702 702 702 702 702 701 701 701 701 701 701 701 701 700 700 700 700 700 497 497 496 496 496 496 495 495 494 494 494 494 494 494 493 493 493 493 493 491 491 491 491 491 491 490 490 490 489 489 488 488 488 456 455 454 454 454 454 452 452 451 451 450 450 450 450 448 448 448 448 447 447 446
702 702 703 703 703 703 703 703 703 703 703 702 702 702 702 702 702 702 702 704 704 703 703 703 703 703 703 703 703 702 702 702 702 702 702 702 702 701 700 700 497 497 497 497 496 496 496 496 496 496 495 495 495 495 495 494 493 493 493 493 493 492 492 492 492 491 490 490 490 490 490 489 488 456 456 456 455 455 455 454 452 452 452 452 452 450 450 450 450 449 449 448 573 572
704 704 703 703 703 703 703 704 704 704 704 704 704 704 703 703 703 703 704 704 704 704 704 703 703 703 703 703 703 703 703 702 702 702 702 702 702 702 702 498 498 498 498 498 498 497 497 497 497 497 496 495 495 495 495 495 495 494 494 494 494 493 493 492 492 492 492 492 491 491 490 490 458 457 457 457 457 455 455 455 455 454 453 452 452 452 451 451 451 450 574 574 574 574
705 705 705 705 704 704 704 704 704 704 704 704 704 704 705 705 704 705 705 705 705 705 705 705 705 704 704 704 704 704 704 704 704 703 703 703 703 703 500 500 499 499 499 498 498 498 498 497 497 497 497 497 497 496 496 496 496 495 494 494 494 494 494 494 493 493 493 492 492 491 491 459 459 459 457 457 457 457 456 456 456 455 454 453 453 453 453 451 576 576 576 575 574 574
705 705 705 705 706 706 705 705 705 705 705 705 705 705 705 705 706 705 705 705 705 705 705 705 705 705 704 704 704 704 704 704 704 704 703 703 703 703 500 500 500 499 499 499 499 499 499 499 498 498 498 498 498 497 496 496 496 496 496 495 495 495 495 494 494 493 493 493 493 493 460 460 459 459 459 458 458 458 458 456 456 456 456 455 454 453 578 578 577 577 577 576 575 575
706 706 706 706 706 706 706 705 705 705 706 706 706 706 706 707 707 707 706 706 706 706 706 706 706 706 706 705 705 705 705 705 705 705 705 704 704 501 501 501 501 501 500 500 500 500 500 499 499 498 498 498 498 498 498 497 497 497 497 497 495 495 495 495 495 495 494 494 494 461 461 460 460 460 460 459 458 458 458 458 457 457 457 456 454 579 579 579 579 577 577 577 577 576
