testData/tiles/oneDegreeCosts/grid19.0-0.0-20.0-1.0.asc
ncols   200
nrows   200
xllcorner   19.0
yllcorner   0.0
cellsize   0.005
NODATA_value   -9999.0
[rows 126 to 167 of 200, columns 0 to 93 of 200]
289 289 289 289 289 289 289 289 289 289 289 289 410 409 409 408 408 407 406 406 405 405 404 403 403 402 402 401 400 400 399 398 397 396 396 395 395 394 393 393 392 392 392 391 392 392 392 393 393 394 395 395 396 397 397 398 398 399 400 400 401 402 402 403 403 404 404 405 406 406 407 407 408 392 393 393 394 395 395 396 396 397 397 398 398 399 399 399 400 400 401 401 402 402
289 289 289 289 289 289 289 289 289 289 289 289 289 409 409 408 408 407 406 406 405 405 404 403 403 402 402 401 400 400 399 398 397 396 396 395 395 394 393 393 392 392 391 391 391 391 392 392 393 393 394 395 395 396 397 397 398 398 399 400 400 401 401 402 403 403 404 404 405 405 406 407 407 392 392 393 393 394 394 395 395 396 396 397 397 398 398 399 399 400 400 400 401 401
289 289 289 289 289 289 289 289 289 289 289 289 289 409 409 408 408 407 406 406 405 405 404 403 403 402 402 401 400 400 398 398 397 396 396 395 395 394 393 393 392 392 391 390 391 390 391 392 392 393 393 394 395 395 396 397 397 398 398 399 400 400 401 401 402 402 403 404 404 405 405 406 406 391 391 392 393 393 394 394 395 395 396 396 397 397 397 398 398 399 399 400 400 401
289 289 289 289 289 289 289 289 289 289 289 289 289 289 409 408 408 407 406 406 405 405 404 403 403 402 402 401 400 399 398 398 397 396 396 395 395 394 393 393 392 392 391 390 390 390 390 391 392 392 393 393 394 395 395 396 397 397 398 398 399 399 400 401 401 402 402 403 403 404 405 405 406 390 391 391 392 392 393 393 394 394 395 395 396 396 397 397 398 398 398 399 399 400
289 289 289 289 289 289 289 289 289 289 289 289 289 289 289 408 407 407 406 406 405 404 404 403 403 402 401 401 399 399 398 397 397 396 396 395 394 394 393 393 392 391 391 390 390 389 390 390 391 392 392 393 393 394 395 395 396 396 397 398 398 399 399 400 401 401 402 402 403 403 404 404 405 389 390 391 391 392 392 393 393 394 394 395 395 395 396 396 397 397 398 398 399 399
289 289 289 289 289 289 289 289 289 289 289 289 289 289 289 408 407 407 406 406 405 404 404 403 403 402 401 401 399 399 398 397 397 396 396 395 394 394 393 393 392 391 391 390 390 389 389 390 390 391 392 392 393 393 394 395 395 396 396 397 398 398 399 399 400 400 401 402 402 403 403 404 404 389 389 390 390 391 391 392 392 393 393 394 394 395 395 396 396 396 397 397 398 398
289 289 289 289 289 289 289 289 289 289 289 289 289 289 289 289 407 407 406 406 405 404 404 403 403 402 401 400 399 399 398 397 397 396 396 395 394 394 393 393 392 391 391 390 390 389 389 389 390 390 391 391 392 393 393 394 394 395 396 396 397 397 398 399 399 400 400 401 401 402 402 403 403 388 389 389 390 390 391 391 392 392 392 393 393 394 394 395 395 396 396 397 397 397
289 289 289 289 289 289 289 289 289 289 289 289 289 289 289 289 289 407 406 406 405 404 404 403 403 402 400 400 399 399 398 397 397 396 396 395 394 394 393 393 392 391 391 390 390 389 389 389 389 390 390 391 391 392 393 393 394 394 395 396 396 397 397 398 398 399 400 400 401 401 402 402 403 387 388 388 389 389 390 390 391 391 392 392 393 393 394 394 394 395 395 396 396 397
289 289 289 289 289 289 289 289 289 289 289 289 289 289 289 289 289 407 406 405 405 404 404 403 402 402 400 400 399 398 398 397 397 396 395 395 394 394 393 392 392 391 391 390 389 389 389 389 389 389 390 390 391 391 392 393 393 394 394 395 395 396 397 397 398 398 399 399 400 400 401 401 402 387 387 388 388 389 389 390 390 390 391 391 392 392 393 393 394 394 395 395 395 396
289 289 289 289 289 289 289 289 289 289 289 289 289 289 289 289 289 289 406 405 405 404 404 403 402 401 400 400 399 398 398 397 397 396 395 395 394 394 393 392 392 391 391 390 389 389 389 389 389 389 389 389 390 391 391 392 392 393 394 394 395 395 396 396 397 398 398 399 399 400 400 401 401 386 386 387 387 388 388 389 389 390 390 391 391 392 392 392 393 393 394 394 395 395
289 289 289 289 289 289 289 289 289 289 289 289 289 289 289 289 289 289 289 405 405 404 404 403 401 401 400 400 399 398 398 397 397 396 395 395 394 394 393 392 392 391 391 390 389 389 389 389 389 389 389 389 389 390 391 391 392 392 393 393 394 395 395 396 396 397 397 398 398 399 400 400 401 385 386 386 387 387 388 388 388 389 389 390 390 391 391 392 392 393 393 393 394 394
289 289 289 289 289 289 289 289 289 289 289 289 289 289 289 289 289 289 289 405 405 404 404 402 401 401 400 400 399 398 398 397 397 396 395 395 394 394 393 392 392 391 391 390 389 389 389 389 389 389 389 389 389 389 390 390 391 392 392 393 393 394 394 395 396 396 397 397 398 398 399 399 400 384 385 385 386 386 387 387 388 388 389 389 390 390 390 391 391 392 392 393 393 393
289 289 289 289 289 289 289 289 289 289 289 289 289 289 289 289 289 289 289 289 405 404 403 402 401 401 400 399 399 398 398 397 396 396 395 395 394 393 393 392 392 391 390 390 389 389 389 389 389 389 389 389 389 389 389 390 390 391 392 392 393 393 394 394 395 395 396 396 397 398 398 399 383 384 384 385 385 386 386 386 387 387 388 388 389 389 390 390 390 391 391 392 392 393
289 289 289 289 289 289 289 289 289 289 289 289 289 289 289 289 289 289 289 289 289 404 402 402 401 401 400 399 399 398 398 397 396 396 395 395 394 393 393 392 392 391 390 390 389 389 389 389 389 389 389 389 389 389 389 389 390 390 391 391 392 392 393 394 394 395 395 396 396 397 397 398 382 383 383 384 384 385 385 386 386 387 387 388 388 388 389 389 390 390 391 391 391 392
289 289 289 289 289 289 289 289 289 289 289 289 289 289 289 289 289 289 289 289 289 403 402 402 401 401 400 399 399 398 398 397 396 396 395 395 394 393 393 392 392 391 390 390 389 389 389 389 389 389 389 389 389 389 389 389 389 390 390 391 391 392 392 393 393 394 394 395 396 396 397 397 382 382 383 383 384 384 384 385 385 386 386 387 387 388 388 388 389 389 390 390 391 391
289 289 289 289 289 289 289 289 289 289 289 289 289 289 289 289 289 289 289 289 289 289 402 402 401 400 400 399 399 398 397 397 396 396 395 394 394 393 393 392 391 391 390 390 389 389 389 389 389 389 389 389 389 389 389 389 389 389 389 390 391 391 392 392 393 393 394 394 395 395 396 396 381 381 382 382 383 383 384 384 385 385 386 386 386 387 387 388 388 389 389 389 390 390
289 289 289 289 289 289 289 289 289 289 289 289 289 289 289 289 289 289 289 289 289 289 289 402 401 400 400 399 399 398 397 397 396 396 395 394 394 393 393 392 391 391 390 390 389 389 389 389 389 389 389 389 389 389 389 389 389 389 389 389 390 390 391 391 392 392 393 394 394 395 395 396 380 381 381 382 382 382 383 383 384 384 385 385 386 386 386 387 387 388 388 388 389 389
289 289 289 289 289 289 289 289 289 289 289 289 289 289 289 289 289 289 289 289 289 289 289 402 401 400 400 399 399 398 397 397 396 396 395 394 394 393 393 392 391 391 390 390 389 389 389 389 389 389 389 389 389 389 389 389 389 389 389 389 389 390 390 391 391 392 392 393 393 394 394 395 379 380 380 381 381 382 382 383 383 384 384 384 385 385 386 386 386 387 387 388 388 388
289 289 289 289 289 289 289 289 289 289 289 289 289 289 289 289 289 289 289 289 289 289 289 289 401 400 400 399 398 398 397 397 396 395 395 394 394 393 392 392 391 391 390 389 389 389 389 389 389 389 389 389 389 389 389 389 389 389 389 389 389 389 389 390 390 391 392 392 393 393 394 394 379 379 380 380 380 381 381 382 382 383 383 384 384 384 385 385 386 386 386 387 387 388
289 289 289 289 289 289 289 289 289 289 289 289 289 289 289 289 289 289 289 289 289 289 289 289 289 400 400 399 398 398 397 397 396 395 395 394 394 393 392 392 391 391 390 389 389 389 389 389 389 389 389 389 389 389 389 389 389 389 389 389 389 389 389 389 390 390 391 391 392 392 393 393 378 378 379 379 380 380 381 381 382 382 382 383 383 384 384 384 385 385 386 386 386 387
289 289 289 289 289 289 289 289 289 289 289 289 289 289 289 289 289 289 289 289 289 289 289 289 289 400 400 399 398 398 397 397 396 395 395 394 394 393 392 392 391 391 390 389 389 389 389 389 389 389 389 389 389 389 389 389 389 389 389 389 389 389 389 389 389 390 390 391 391 392 392 393 377 378 378 378 379 379 380 380 381 381 382 382 382 383 383 384 384 384 385 385 386 386
289 289 289 289 289 289 289 289 289 289 289 289 289 289 289 289 289 289 289 289 289 289 289 289 289 289 399 399 398 398 397 396 396 395 395 394 393 393 392 392 391 390 390 389 389 389 389 389 389 389 389 389 389 389 389 389 389 389 389 389 389 389 389 389 389 389 389 390 390 391 391 392 376 377 377 378 378 379 379 379 380 380 381 381 382 382 382 383 383 384 384 384 385 385
289 289 289 289 289 289 289 289 289 289 289 289 289 289 289 289 289 289 289 289 289 289 289 289 289 289 289 399 398 398 397 396 396 395 395 394 393 393 392 392 391 390 390 389 389 389 389 389 389 389 389 389 389 389 389 389 389 389 389 389 389 389 389 389 389 389 389 389 390 390 391 375 375 376 376 377 377 378 378 379 379 380 380 380 381 381 382 382 382 383 383 384 384 384
289 289 289 289 289 289 289 289 289 289 289 289 289 289 289 289 289 289 289 289 289 289 289 289 289 289 289 289 398 398 397 396 396 395 395 394 393 393 392 392 391 390 390 389 389 389 389 389 389 389 389 389 389 389 389 389 389 389 389 389 389 389 389 389 389 389 389 389 389 389 390 374 375 375 376 376 377 377 377 378 378 379 379 380 380 380 381 381 382 382 382 383 383 384
289 289 289 289 289 289 289 289 289 289 289 289 289 289 289 289 289 289 289 289 289 289 289 289 289 289 289 289 398 397 397 396 396 395 394 394 393 393 392 391 391 390 390 389 389 389 389 389 389 389 389 389 389 389 389 389 389 389 389 389 389 389 389 389 389 389 389 389 389 389 389 373 374 374 375 375 376 376 377 377 378 378 378 379 379 380 380 380 381 381 382 382 382 383
289 289 289 289 289 289 289 289 289 289 289 289 289 289 289 289 289 289 289 289 289 289 289 289 289 289 289 289 289 397 397 396 396 395 394 394 393 393 392 391 391 390 390 389 389 389 389 389 389 389 389 389 389 389 389 389 389 389 389 389 389 389 389 389 389 389 389 389 389 389 389 373 373 374 374 375 375 375 376 376 377 377 378 378 378 379 379 380 380 380 381 381 382 382
289 289 289 289 289 289 289 289 289 289 289 289 289 289 289 289 289 289 289 289 289 289 289 289 289 289 289 289 289 289 397 396 395 395 394 394 393 393 392 391 391 390 390 389 389 389 389 389 389 389 389 389 389 389 389 389 389 389 389 389 389 389 389 389 389 389 389 389 389 389 389 373 373 373 373 374 374 375 375 376 376 376 377 377 378 378 378 379 379 380 380 380 381 381
289 289 289 289 289 289 289 289 289 289 289 289 289 289 289 289 289 289 289 289 289 289 289 289 289 289 289 289 289 289 289 396 395 395 394 394 393 392 392 391 391 390 389 389 389 389 389 389 389 389 389 389 389 389 389 389 389 389 389 389 389 389 389 389 389 389 389 389 389 389 389 373 373 373 373 373 373 374 374 375 375 376 376 376 377 377 378 378 378 379 379 379 380 380
289 289 289 289 289 289 289 289 289 289 289 289 289 289 289 289 289 289 289 289 289 289 289 289 289 289 289 289 289 289 289 396 395 395 394 394 393 392 392 391 391 390 389 389 389 389 389 389 389 389 389 389 389 389 389 389 389 389 389 389 389 389 389 389 389 389 389 389 389 389 389 373 373 373 373 373 373 373 374 374 374 375 375 376 376 376 377 377 378 378 378 379 379 379
289 289 289 289 289 289 289 289 289 289 289 289 289 289 289 289 289 289 289 289 289 289 289 289 289 289 289 289 289 289 289 289 395 395 394 393 393 392 392 391 390 390 389 389 389 389 389 389 389 389 389 389 389 389 389 389 389 389 389 389 389 389 389 389 389 389 389 389 389 389 389 373 373 373 373 373 373 373 373 373 374 374 374 375 375 376 376 376 377 377 377 378 378 379
289 289 289 289 289 289 289 289 289 289 289 289 289 289 289 289 289 289 289 289 289 289 289 289 289 289 289 289 289 289 289 289 289 395 394 393 393 392 392 391 390 390 389 389 389 389 389 389 389 389 389 389 389 389 389 389 389 389 389 389 389 389 389 389 389 389 389 389 389 389 373 373 373 373 373 373 373 373 373 373 373 373 374 374 374 375 375 376 376 376 377 377 377 378
289 289 289 289 289 289 289 289 289 289 289 289 289 289 289 289 289 289 289 289 289 289 289 289 289 289 289 289 289 289 289 289 289 394 394 393 393 392 392 391 390 390 389 389 389 389 389 389 389 389 389 389 389 389 389 389 389 389 389 389 389 389 389 389 389 389 389 389 389 389 373 373 373 373 373 373 373 373 373 373 373 373 373 373 374 374 374 375 375 375 376 376 377 377
289 289 289 289 289 289 289 289 289 289 289 289 289 289 289 289 289 289 289 289 289 289 289 289 289 289 289 289 289 289 289 289 289 289 394 393 393 392 391 391 390 390 389 389 389 389 389 389 389 389 389 389 389 389 389 389 389 389 389 389 389 389 389 389 389 389 389 389 389 389 373 373 373 373 373 373 373 373 373 373 373 373 373 373 373 373 374 374 374 375 375 375 376 376
289 289 289 289 289 289 289 289 289 289 289 289 289 289 289 289 289 289 289 289 289 289 289 289 289 289 289 289 289 289 289 289 289 289 289 393 393 392 391 391 390 390 389 389 389 389 389 389 389 389 389 389 389 389 389 389 389 389 389 389 389 389 389 389 389 389 389 389 389 389 373 373 373 373 373 373 373 373 373 373 373 373 373 373 373 373 373 373 373 374 374 375 375 375
289 289 289 289 289 289 289 289 289 289 289 289 289 289 289 289 289 289 289 289 289 289 289 289 289 289 289 289 289 289 289 289 289 289 289 289 392 392 391 391 390 389 389 389 389 389 389 389 389 389 389 389 389 389 389 389 389 389 389 389 389 389 389 389 389 389 389 389 389 389 373 373 373 373 373 373 373 373 373 373 373 373 373 373 373 373 373 373 373 373 373 374 374 374
289 289 289 289 289 289 289 289 289 289 289 289 289 289 289 289 289 289 289 289 289 289 289 289 289 289 289 289 289 289 289 289 289 289 289 289 289 392 391 391 390 389 389 389 389 389 389 389 389 389 389 389 389 389 389 389 389 389 389 389 389 389 389 389 389 389 389 389 389 389 373 373 373 373 373 373 373 373 373 373 373 373 373 373 373 373 373 373 373 373 373 373 373 374
289 289 289 289 289 289 289 289 289 289 289 289 289 289 289 289 289 289 289 289 289 289 289 289 289 289 289 289 289 289 289 289 289 289 289 289 289 392 391 390 390 389 389 389 389 389 389 389 389 389 389 389 389 389 389 389 389 389 389 389 389 389 389 389 389 389 389 389 389 389 373 373 373 373 373 373 373 373 373 373 373 373 373 373 373 373 373 373 373 373 373 373 373 373
289 289 289 289 289 289 289 289 289 289 289 289 289 289 289 289 289 289 289 289 289 289 289 289 289 289 289 289 289 289 289 289 289 289 289 289 289 289 391 390 390 389 389 389 389 389 389 389 389 389 389 389 389 389 389 389 389 389 389 389 389 389 389 389 389 389 389 389 389 389 373 373 373 373 373 373 373 373 373 373 373 373 373 373 373 373 373 373 373 373 373 373 373 373
289 289 289 289 289 289 289 289 289 289 289 289 289 289 289 289 289 289 289 289 289 289 289 289 289 289 289 289 289 289 289 289 289 289 289 289 289 289 289 390 390 389 389 389 389 389 389 389 389 389 389 389 389 389 389 389 389 389 389 389 389 389 389 389 389 389 389 389 389 373 373 373 373 373 373 373 373 373 373 373 373 373 373 373 373 373 373 373 373 373 373 373 373 373
289 289 289 289 289 289 289 289 289 289 289 289 289 289 289 289 289 289 289 289 289 289 289 289 289 289 289 289 289 289 289 289 289 289 289 289 289 289 289 289 390 389 389 389 389 389 389 389 389 389 389 389 389 389 389 389 389 389 389 389 389 389 389 389 389 389 389 389 389 373 373 373 373 373 373 373 373 373 373 373 373 373 373 373 373 373 373 373 373 373 373 373 373 373
289 289 289 289 289 289 289 289 289 289 289 289 289 289 289 289 289 289 289 289 289 289 289 289 289 289 289 289 289 289 289 289 289 289 289 289 289 289 289 289 390 389 389 389 389 389 389 389 389 389 389 389 389 389 389 389 389 389 389 389 389 389 389 389 389 389 389 389 389 373 373 373 373 373 373 373 373 373 373 373 373 373 373 373 373 373 373 373 373 373 373 373 373 373
289 289 289 289 289 289 289 289 289 289 289 289 289 289 289 289 289 289 289 289 289 289 289 289 289 289 289 289 289 289 289 289 289 289 289 289 289 289 289 289 289 389 389 389 389 389 389 389 389 389 389 389 389 389 389 389 389 389 389 389 389 389 389 389 389 389 389 389 389 373 373 373 373 373 373 373 373 373 373 373 373 373 373 373 373 373 373 373 373 373 373 373 373 373
