testData/tiles/oneDegreeCosts/grid35.0-23.0-36.0-24.0.asc
ncols   200
nrows   200
xllcorner   35.0
yllcorner   23.0
cellsize   0.005
NODATA_value   -9999.0
[rows 42 to 83 of 200, columns 94 to 187 of 200]
405 406 406 407 408 408 410 411 410 410 411 411 412 412 412 485 485 485 486 486 486 486 486 486 485 485 485 484 484 484 483 483 484 481 481 480 480 480 479 479 478 476 476 475 474 473 472 471 470 468 467 467 465 464 463 460 459 458 457 455 453 452 450 449 448 446 445 443 442 439 438 436 434 433 431 429 426 424 422 420 417 415 413 409 407 404 401 398 395 392 388 385 381 378
405 406 406 407 408 409 410 410 411 412 411 412 412 412 412 485 485 485 486 486 486 486 486 486 485 485 485 484 484 484 484 484 483 483 482 480 480 480 479 479 478 476 476 474 474 473 472 471 471 468 467 467 465 464 462 462 460 458 457 456 453 452 451 449 448 446 445 443 442 440 438 436 434 433 431 429 427 424 422 420 417 415 413 409 407 404 401 398 395 392 388 385 381 378
405 405 406 407 408 409 410 410 411 412 412 412 413 413 414 414 485 486 486 486 486 486 486 486 486 486 485 484 484 484 484 484 483 483 482 481 480 480 479 479 478 477 476 474 474 474 472 472 471 468 468 466 465 464 463 462 460 458 457 456 454 452 451 449 448 446 445 444 442 441 438 436 435 433 431 429 427 424 422 420 418 415 413 410 407 404 401 399 396 392 388 385 381 378
405 405 406 408 408 409 410 410 411 411 412 412 412 413 414 414 486 486 486 486 486 486 486 486 486 486 485 484 485 484 484 484 483 483 483 481 481 479 479 479 478 477 477 475 474 474 472 472 470 469 468 466 465 464 463 462 461 458 457 455 454 453 451 450 448 447 445 444 442 441 438 436 435 433 431 429 427 424 422 420 418 415 413 411 407 404 402 399 396 393 388 385 382 378
405 405 407 407 408 409 409 410 411 411 412 413 412 413 414 414 486 487 486 486 486 486 486 486 486 486 485 485 485 484 484 483 483 483 482 482 481 479 479 479 478 477 477 475 474 473 472 472 470 470 468 466 465 465 463 462 460 458 457 455 454 453 452 450 448 447 445 444 442 441 439 437 435 433 431 429 427 424 422 420 418 416 413 411 407 404 402 399 396 393 390 385 382 378
404 405 407 407 408 409 409 410 411 411 412 413 412 413 413 414 414 486 486 487 486 486 486 486 486 486 485 486 485 484 484 483 483 483 482 482 481 480 479 478 478 478 476 476 474 473 472 472 470 470 469 466 465 464 463 462 460 459 457 455 454 453 452 450 448 447 445 444 442 441 439 437 435 433 431 429 428 426 422 420 418 416 413 411 407 405 402 399 396 393 390 385 382 378
404 406 408 408 409 409 409 410 410 411 412 412 413 413 413 414 414 486 486 487 486 486 486 486 486 485 485 486 485 484 484 483 483 483 482 482 481 480 479 478 478 478 476 476 474 473 472 471 470 470 468 466 466 464 463 462 460 459 456 455 454 453 452 450 449 447 445 444 443 441 439 437 435 433 431 430 428 426 423 420 418 416 413 411 408 405 402 399 396 393 390 386 382 379
405 407 407 408 409 409 410 411 411 412 412 412 413 413 413 414 414 486 487 486 487 487 486 486 486 485 486 486 485 485 483 483 483 482 482 482 481 480 480 478 478 478 476 476 475 473 473 471 470 470 468 466 466 464 463 461 460 459 456 455 454 453 452 451 449 447 446 444 443 441 440 438 435 433 432 430 428 426 423 420 418 416 414 411 409 405 402 399 534 393 390 386 382 379
405 407 407 408 409 409 410 410 411 412 412 413 413 413 413 414 414 414 487 486 487 487 486 486 485 485 486 485 485 485 484 483 483 482 482 482 481 481 480 478 478 477 476 476 475 473 473 471 471 470 468 468 465 464 463 461 460 459 457 455 592 591 590 589 587 585 584 582 581 579 578 576 573 572 570 568 566 564 561 559 556 554 552 549 547 543 540 537 534 531 528 525 520 517
406 406 407 408 408 409 410 410 411 412 412 413 414 414 413 414 414 414 486 486 487 486 487 487 485 486 486 485 485 485 484 483 483 482 482 481 481 481 479 479 478 477 477 476 475 473 473 471 471 607 606 606 603 602 601 599 598 597 595 593 592 591 590 589 588 586 584 582 581 579 578 576 573 572 570 568 566 564 562 559 556 554 552 549 547 543 540 538 535 532 528 525 521 517
406 406 407 408 408 410 411 411 412 412 412 413 413 414 414 414 414 414 414 486 487 486 487 487 485 486 486 485 485 484 484 484 483 482 482 481 481 481 480 479 616 615 615 613 613 612 610 609 609 607 606 606 604 602 601 599 599 597 596 594 592 591 590 589 588 586 584 582 581 579 578 576 574 572 570 568 566 564 562 559 557 554 552 549 547 543 540 538 535 532 528 525 521 517
405 406 407 407 409 410 410 411 412 412 412 413 413 414 414 414 415 414 414 486 486 486 487 486 486 486 485 485 485 484 485 485 621 621 621 619 619 618 618 617 615 615 615 613 613 612 610 609 609 607 606 605 604 602 600 600 599 597 596 594 593 591 590 589 588 586 584 583 581 580 578 576 575 572 570 568 566 564 562 559 557 554 552 550 547 544 541 538 535 532 529 525 521 517
405 406 407 407 409 410 410 411 412 412 412 412 413 414 414 414 415 414 414 487 486 486 487 486 486 487 623 623 623 623 623 622 622 621 620 620 619 618 618 618 615 615 615 613 613 612 610 609 608 607 607 605 604 602 600 600 599 597 596 595 593 591 590 589 588 586 584 583 581 580 578 576 575 572 570 568 566 564 562 559 557 554 552 550 547 544 541 538 535 532 529 525 521 517
406 407 407 409 410 410 411 412 412 412 413 412 413 414 414 414 415 415 415 415 624 624 625 624 625 624 623 623 623 623 623 622 622 621 620 620 619 618 618 618 616 615 614 613 613 612 611 610 608 607 607 605 604 602 601 600 598 597 596 595 593 592 590 589 588 587 584 583 581 580 578 576 575 572 570 568 566 564 562 559 557 555 552 550 547 545 541 538 535 532 529 526 521 518
406 407 407 409 410 410 411 412 412 413 413 412 413 413 552 552 552 553 553 552 624 625 624 624 625 624 624 623 623 623 623 622 622 622 620 620 619 618 618 617 616 615 614 614 613 612 611 610 608 607 606 605 604 602 601 600 598 597 596 595 593 592 590 589 588 587 585 583 581 580 578 577 575 572 570 568 566 564 562 560 557 555 552 550 547 545 541 538 535 532 529 526 522 518
406 406 408 409 409 410 411 411 412 551 551 552 551 551 552 552 552 553 553 553 553 625 624 624 625 624 624 623 623 623 622 622 622 621 620 620 619 618 618 617 617 615 614 614 612 612 611 609 608 607 606 605 604 603 601 600 598 597 596 595 593 592 591 589 588 587 585 583 581 580 578 577 575 572 570 568 567 565 562 560 557 555 552 550 547 545 541 538 535 532 529 526 522 518
406 406 408 409 547 548 549 549 550 551 551 552 551 551 552 552 552 553 552 553 553 624 624 624 624 624 624 623 623 623 622 622 622 621 620 620 619 618 617 617 617 614 614 614 612 612 611 609 608 608 606 605 603 603 601 599 598 597 596 595 593 592 591 589 588 587 585 583 581 580 578 577 575 572 570 569 567 565 563 560 557 555 552 550 547 545 541 538 535 532 529 526 522 518
543 544 546 546 547 548 548 549 550 550 551 552 551 552 552 552 552 553 552 553 553 624 624 624 624 624 624 624 623 622 622 622 621 621 621 619 619 619 617 617 617 614 614 614 612 612 610 610 608 607 606 605 603 603 601 599 598 597 596 595 594 592 591 589 588 587 585 583 582 580 578 577 575 573 571 569 567 565 563 560 557 555 553 550 548 545 541 538 535 532 529 526 522 518
543 544 546 546 547 548 548 549 550 550 551 552 552 552 552 552 552 552 552 553 552 552 624 624 624 624 623 624 623 622 622 622 621 621 621 619 619 619 617 617 616 615 614 613 612 612 610 610 608 607 606 605 604 603 601 599 598 597 596 595 594 592 591 589 588 587 586 583 582 580 578 577 575 573 571 569 567 565 563 561 557 555 553 550 548 545 541 538 535 532 529 526 523 518
543 546 546 547 548 548 548 549 549 550 551 551 552 552 552 552 552 552 552 553 552 553 624 624 624 624 623 624 623 622 622 621 621 621 620 619 619 618 617 617 616 615 614 613 612 612 610 610 608 607 606 604 604 603 600 599 598 597 596 595 594 592 591 590 588 587 586 583 582 580 579 577 575 573 571 569 567 565 563 561 557 555 553 550 548 545 542 538 536 533 529 526 523 518
544 545 546 547 548 548 549 550 549 550 550 551 552 551 552 552 552 552 553 552 552 553 552 624 624 623 623 624 623 622 622 621 621 621 620 619 619 618 617 617 616 616 613 613 612 611 611 610 607 607 606 604 604 603 601 599 598 597 596 595 594 592 591 590 588 587 586 583 582 580 579 577 575 574 571 569 567 565 563 561 557 555 553 550 548 545 542 539 536 533 529 526 523 518
544 545 546 547 547 548 549 549 550 550 550 551 552 551 552 553 552 552 553 552 553 553 552 624 624 623 624 624 623 622 622 621 621 620 620 619 618 618 618 616 616 616 613 613 613 611 611 610 607 607 606 604 604 602 601 599 598 597 596 595 594 592 591 590 588 587 586 583 582 580 579 577 575 574 571 569 567 565 563 561 557 555 553 550 548 545 542 539 536 533 530 526 523 518
543 545 546 546 547 548 548 549 550 550 550 551 551 551 552 552 552 552 552 552 553 552 552 624 623 623 624 623 623 622 621 621 621 620 620 619 618 618 618 616 616 616 613 613 612 611 611 609 607 607 605 604 604 602 601 599 598 597 596 595 594 592 591 590 588 587 586 583 582 580 579 577 575 574 571 569 567 565 563 561 558 555 553 550 548 545 543 539 536 533 530 526 523 518
543 545 546 546 547 548 548 549 550 550 550 551 551 552 552 552 552 552 552 552 553 552 552 552 623 623 624 623 623 622 621 621 621 620 620 618 618 618 617 616 616 615 613 613 612 611 611 609 608 607 605 605 604 602 601 599 598 597 596 595 594 592 591 590 588 587 586 584 582 580 579 577 575 574 571 569 567 565 563 561 558 555 553 550 548 545 543 539 536 533 530 526 523 518
544 545 545 546 547 547 548 549 549 550 550 550 551 552 551 552 552 551 552 552 552 552 552 551 623 623 623 623 623 621 621 621 620 620 620 619 618 618 617 616 616 615 613 613 612 611 611 609 608 606 605 605 603 602 601 599 598 597 596 595 594 592 591 590 589 587 586 584 582 580 579 577 575 574 571 569 567 565 563 561 558 555 553 551 548 545 543 539 536 533 530 526 523 518
544 545 545 547 547 547 548 549 549 550 550 550 551 552 551 552 552 551 552 552 552 552 553 551 551 623 623 623 623 621 621 621 620 620 620 619 618 617 617 616 615 615 614 612 612 611 610 609 608 606 605 605 603 602 601 599 598 597 596 595 594 592 591 590 589 587 586 584 582 580 579 577 575 574 571 569 567 565 563 561 558 555 553 551 548 545 543 539 536 533 530 526 523 518
544 544 545 546 546 547 549 549 549 550 549 550 551 551 551 552 551 551 552 551 552 552 552 551 551 622 623 623 622 621 621 620 620 620 619 619 618 617 617 616 615 615 614 612 612 611 610 609 608 606 605 604 603 602 601 599 598 598 597 595 594 592 591 590 589 587 586 584 582 580 579 577 576 574 571 569 567 565 563 561 558 555 553 551 548 545 543 539 536 533 530 527 523 519
543 544 545 545 546 548 549 549 549 550 549 550 551 551 551 552 551 551 552 551 552 552 552 551 551 551 623 623 622 621 621 620 620 620 619 618 617 617 617 616 615 615 613 612 612 610 610 609 607 606 605 604 603 602 601 599 598 598 597 596 594 592 591 590 589 587 586 584 582 580 579 577 576 574 571 569 567 565 563 561 558 555 553 551 548 545 543 539 536 533 530 527 523 519
543 544 545 545 546 548 548 549 550 548 549 550 550 551 551 551 551 551 551 551 552 551 551 551 550 551 623 622 622 621 620 620 620 619 619 618 617 617 617 616 615 615 613 612 612 610 610 609 607 606 605 604 603 602 601 599 599 598 597 596 594 592 591 590 589 587 586 584 582 581 579 577 576 574 571 569 567 565 563 561 558 555 553 551 548 545 543 539 536 533 530 527 523 519
543 544 544 545 546 547 548 549 549 548 549 550 550 551 551 551 551 551 551 551 552 551 551 551 550 551 551 622 622 621 620 620 620 619 619 618 617 617 616 616 615 614 613 612 611 610 610 608 607 606 604 604 603 602 601 599 599 598 597 596 594 592 591 590 589 587 586 584 582 581 579 577 576 574 571 569 567 565 563 561 558 556 553 551 548 546 543 539 536 533 530 527 523 519
543 544 544 545 546 547 548 549 548 548 549 549 550 551 550 550 551 550 551 551 551 551 551 550 550 551 550 622 622 620 620 620 619 619 619 617 617 617 616 616 615 614 613 612 611 610 610 608 607 606 604 604 603 602 601 599 599 598 597 596 594 592 591 590 589 587 586 584 582 581 579 577 576 574 571 569 567 565 563 561 558 556 553 551 548 546 543 539 536 533 530 527 523 519
542 543 544 545 545 547 547 547 548 548 548 549 550 550 550 550 550 550 551 551 551 551 551 550 550 551 550 550 621 620 620 620 619 619 619 617 617 616 616 616 614 613 613 611 611 610 609 608 607 605 604 604 603 602 600 599 599 598 597 596 594 592 591 590 589 587 586 584 582 581 579 577 576 574 571 569 567 565 563 561 558 556 553 551 548 546 543 539 536 533 530 527 523 519
541 542 543 543 544 546 547 547 548 548 548 549 550 550 549 550 550 550 551 550 551 550 550 550 550 550 550 550 620 620 620 619 619 619 618 617 617 616 616 616 614 613 613 611 611 610 609 608 607 605 604 604 603 602 600 599 599 598 597 596 594 592 591 590 589 587 586 584 582 581 579 577 576 574 571 569 567 565 563 561 558 556 553 551 548 546 542 539 536 533 530 527 523 519
541 542 543 543 545 546 546 547 548 547 548 549 549 550 549 549 550 550 550 550 551 549 550 550 549 550 550 549 548 620 619 619 619 618 618 617 616 616 616 615 614 613 612 611 611 609 609 608 606 605 604 604 603 602 600 599 599 598 597 596 595 592 591 590 589 587 586 584 582 581 579 577 576 574 571 569 567 565 563 561 558 556 553 551 548 546 542 539 536 533 530 527 523 519
541 542 542 543 545 545 546 547 547 547 548 549 549 549 549 549 550 550 550 550 550 549 550 550 549 550 550 548 548 620 619 619 620 618 617 617 616 616 616 615 614 613 612 611 611 609 609 607 606 605 604 604 603 602 600 599 599 598 597 596 594 592 591 590 589 587 586 584 582 581 579 577 576 573 571 569 567 565 563 561 558 556 553 551 548 546 542 539 536 533 530 527 523 519
541 541 542 543 545 545 546 547 547 547 548 548 548 549 548 549 550 549 550 550 549 549 550 549 549 550 549 548 548 547 619 619 618 618 617 616 616 616 615 615 614 612 612 611 610 609 609 606 606 605 604 604 603 602 600 599 599 598 597 596 594 592 591 590 589 587 586 584 582 581 579 577 576 573 571 569 567 565 563 561 558 556 553 551 548 546 542 539 536 533 530 527 523 519
541 541 542 543 543 545 546 546 547 547 546 547 548 548 548 549 550 549 550 549 549 549 550 549 549 550 549 548 548 547 619 619 618 618 617 616 616 616 615 615 613 612 612 611 610 609 609 606 606 605 604 604 603 602 600 599 599 598 597 596 593 592 591 590 589 587 586 584 582 581 579 577 576 573 571 569 567 565 563 561 558 556 553 551 548 546 542 539 536 533 530 527 523 519
540 541 542 542 543 545 545 546 546 546 546 547 548 548 548 549 549 549 550 548 549 549 549 549 549 549 548 548 547 547 547 618 618 617 616 616 616 615 615 615 612 612 612 610 610 609 608 606 606 605 604 604 603 601 600 599 599 598 597 596 593 592 591 590 589 587 585 584 582 581 579 577 576 573 571 569 567 565 563 560 558 556 553 551 548 546 542 539 536 533 530 527 522 519
539 540 540 541 542 544 544 545 546 545 546 547 547 548 548 548 549 549 548 548 549 549 549 549 549 549 548 548 547 547 547 618 618 617 616 616 616 615 615 615 612 612 612 610 610 609 607 606 606 605 604 604 603 601 600 599 599 598 597 596 593 592 591 590 589 587 585 584 582 581 579 577 576 573 571 569 567 565 563 560 558 556 553 551 548 546 542 539 536 533 530 527 522 519
539 540 540 541 542 543 544 545 545 545 546 546 547 548 548 548 549 548 548 548 549 548 549 549 548 548 548 547 547 547 546 546 617 616 616 616 615 615 615 613 612 612 611 610 610 608 607 606 606 605 604 604 603 601 600 599 599 598 597 595 593 592 591 590 589 587 585 584 582 581 579 577 576 573 571 569 567 565 563 560 558 556 553 551 548 546 542 539 536 533 530 527 522 519
539 539 540 541 541 543 544 545 545 545 546 546 547 548 547 548 548 547 548 548 548 548 549 548 547 548 547 547 547 547 546 546 617 616 616 616 615 615 615 613 612 612 611 610 610 608 607 606 606 605 604 604 603 601 600 599 599 598 597 595 593 592 591 590 589 587 585 584 582 581 579 577 575 573 571 569 567 565 563 560 558 555 553 551 548 544 542 539 536 533 530 527 522 519
538 539 540 541 541 543 544 544 544 545 545 546 547 547 546 547 547 547 548 548 548 548 549 548 547 548 547 547 547 546 546 545 544 616 616 615 615 615 613 613 612 611 611 610 609 607 607 606 606 605 604 604 602 601 600 599 598 598 597 595 593 592 591 590 589 587 585 583 582 580 579 577 575 573 571 569 567 565 563 560 558 555 553 551 548 544 542 539 536 533 530 527 522 519
