testData/tiles/oneDegreeCosts/grid42.0-10.0-43.0-11.0.asc
ncols   200
nrows   200
xllcorner   42.0
yllcorner   10.0
cellsize   0.005
NODATA_value   -9999.0
[rows 84 to 125 of 200, columns 94 to 187 of 200]
576 576 576 576 576 576 575 576 576 576 576 575 575 575 575 574 575 575 575 575 574 574 574 574 574 574 574 574 574 573 573 573 573 572 572 573 573 572 572 572 572 571 571 571 571 571 571 571 570 570 570 570 569 568 568 567 567 568 567 567 567 566 566 566 565 565 565 564 564 565 564 564 515 515 515 515 515 515 515 515 515 515 515 515 515 515 515 515 515 515 515 515 515 515
579 579 579 578 578 578 578 579 579 578 578 578 578 578 577 578 578 578 577 577 577 577 577 576 577 577 577 576 576 576 576 576 575 575 576 576 575 575 575 575 574 574 574 573 573 574 574 573 572 572 572 571 571 571 570 570 571 570 570 570 569 569 569 569 568 568 568 567 568 567 567 566 515 515 515 515 515 515 515 515 515 515 515 515 515 515 515 515 515 515 515 515 515 515
581 580 580 580 580 580 581 580 580 580 580 581 580 580 580 581 581 580 580 580 580 579 579 579 580 580 579 579 579 579 578 578 578 578 578 578 577 577 576 576 576 576 575 575 576 576 575 575 575 574 574 574 574 573 573 574 573 573 573 573 572 572 572 571 571 571 570 569 570 569 569 569 515 515 515 515 515 515 515 515 515 515 515 515 515 515 515 515 515 515 515 515 515 515
583 583 583 583 582 582 583 583 583 583 582 582 582 582 583 582 582 582 582 581 581 581 581 582 581 581 581 581 581 580 580 580 580 580 580 580 580 579 579 579 579 578 578 578 579 578 578 578 577 577 577 577 576 576 576 576 576 576 576 574 574 574 573 573 573 572 572 573 572 572 572 597 515 515 515 515 515 515 515 515 515 515 515 515 515 515 515 515 515 515 515 515 515 515
586 586 585 585 585 586 586 585 585 585 585 585 585 584 585 585 585 585 584 584 584 584 583 584 584 584 584 583 583 583 583 582 583 583 583 582 582 582 582 581 581 581 581 581 581 581 581 579 579 579 579 578 578 578 578 578 578 578 577 577 577 576 576 576 575 575 575 575 575 575 574 600 515 515 515 515 515 515 515 515 515 515 515 515 515 515 515 515 515 515 515 515 515 515
587 587 587 587 587 587 587 587 587 587 586 586 586 587 587 587 586 586 586 586 585 585 586 586 586 585 585 585 585 585 584 584 585 585 584 584 584 584 583 583 583 583 583 583 583 583 582 582 582 582 581 581 581 580 581 581 581 580 580 580 579 578 578 577 577 577 577 577 577 577 602 602 515 515 515 515 515 515 515 515 515 515 515 515 515 515 515 515 515 515 515 515 515 515
589 589 589 588 589 590 590 590 589 589 589 589 589 589 589 589 589 589 588 588 588 588 589 588 588 588 588 588 587 587 587 588 587 587 587 587 586 586 586 586 586 585 585 585 584 584 584 584 583 583 583 583 582 583 583 583 582 582 582 581 581 581 580 580 580 581 580 580 580 605 604 604 515 515 515 515 515 515 515 515 515 515 515 515 515 515 515 515 515 515 515 515 515 515
591 591 591 591 592 592 591 591 591 591 591 590 591 591 591 591 590 590 590 590 590 590 590 590 590 590 589 589 589 589 588 589 589 589 589 588 588 588 588 587 587 588 588 587 587 587 587 586 586 586 586 585 585 586 585 584 584 584 583 583 583 582 582 582 582 582 582 582 607 607 607 606 515 515 515 515 515 515 515 515 515 515 515 515 515 515 515 515 515 515 515 515 515 515
593 593 593 592 593 593 593 593 593 592 592 592 593 593 592 592 592 592 592 591 591 592 592 592 591 591 591 591 591 590 591 591 591 590 590 590 590 589 589 589 589 590 589 589 589 589 588 588 588 587 587 587 588 587 587 587 587 586 586 586 585 585 584 584 584 584 584 609 609 609 608 608 515 515 515 515 515 515 515 515 515 515 515 515 515 515 515 515 515 515 515 515 515 515
595 594 594 595 595 595 594 594 594 594 594 595 594 594 594 594 594 593 593 593 594 594 593 593 593 593 593 592 592 592 593 592 592 592 592 592 591 591 591 591 591 591 591 591 590 590 590 590 589 589 589 589 589 589 589 588 588 588 588 587 587 587 586 586 587 587 612 611 611 610 610 610 515 515 515 515 515 515 515 515 515 515 515 515 515 515 515 515 515 515 515 515 515 515
596 596 596 597 596 596 596 596 596 595 596 597 597 597 597 596 596 596 596 596 596 596 596 596 596 595 595 595 595 595 595 595 595 595 594 594 594 593 592 592 593 593 592 592 592 592 591 591 591 591 590 591 591 591 590 590 590 590 589 589 589 588 588 589 589 614 614 614 613 613 612 611 515 515 515 515 515 515 515 515 515 515 515 515 515 515 515 515 515 515 515 515 515 515
598 597 598 598 598 598 599 598 598 598 599 599 598 598 598 598 598 598 597 598 598 598 598 597 597 597 597 596 596 597 597 597 596 596 596 596 595 595 595 596 596 594 594 594 594 593 593 593 593 592 592 593 593 592 592 592 591 591 591 591 590 590 590 590 590 616 616 615 615 615 614 613 515 515 515 515 515 515 515 515 515 515 515 515 515 515 515 515 515 515 515 515 515 515
599 599 600 600 599 599 600 600 600 600 600 600 600 600 600 599 599 599 599 600 599 599 599 599 599 598 598 598 599 599 598 598 598 598 598 597 597 597 597 597 597 596 596 595 595 595 595 594 594 594 595 594 594 594 594 593 593 593 593 592 592 592 592 592 618 618 617 617 617 616 616 615 515 515 515 515 515 515 515 515 515 515 515 515 515 515 515 515 515 515 515 515 515 515
601 602 601 601 601 601 601 600 600 602 602 602 602 601 601 601 601 601 601 601 601 601 601 600 600 600 600 600 600 600 600 600 600 599 599 599 599 598 598 598 598 597 597 597 597 597 596 596 596 596 596 596 596 596 595 595 595 594 594 594 594 593 594 620 619 619 619 619 618 618 617 616 515 515 515 515 515 515 515 515 515 515 515 515 515 515 515 515 515 515 515 515 515 515
602 603 603 603 603 602 602 602 602 603 602 602 602 602 602 602 601 601 602 602 602 601 601 601 601 601 600 601 601 601 601 600 600 600 600 599 599 599 600 600 599 599 599 599 598 598 598 598 597 598 598 598 597 597 597 597 596 596 596 596 595 596 622 621 621 621 621 620 619 619 618 619 515 515 515 515 515 515 515 515 515 515 515 515 515 515 515 515 515 515 515 515 515 515
605 605 604 604 604 604 604 604 603 604 604 604 604 603 603 603 603 604 604 603 603 603 603 603 602 602 602 603 603 602 602 602 602 601 601 601 601 602 601 601 601 601 600 600 600 600 599 599 599 600 599 599 599 599 598 598 598 598 597 597 597 598 623 623 622 621 621 621 621 620 621 623 515 515 515 515 515 515 515 515 515 515 515 515 515 515 515 515 515 515 515 515 515 515
606 606 606 606 606 605 605 605 606 606 606 605 605 605 605 605 604 605 605 605 605 604 604 604 604 604 603 604 604 604 604 603 603 603 603 603 602 603 603 603 602 602 602 602 602 601 601 601 602 601 601 601 601 600 600 600 600 599 598 598 598 624 624 624 623 623 623 622 622 623 624 625 515 515 515 515 515 515 515 515 515 515 515 515 515 515 515 515 515 515 515 515 515 515
608 608 607 607 607 607 607 607 607 607 607 607 607 606 606 606 606 607 607 606 606 606 606 606 605 605 606 606 606 605 605 605 605 605 604 604 605 605 604 604 604 604 604 603 603 603 603 603 602 602 602 601 601 601 601 600 600 600 600 599 626 626 626 625 625 625 624 624 625 626 627 628 515 515 515 515 515 515 515 515 515 515 515 515 515 515 515 515 515 515 515 515 515 515
608 608 608 608 608 607 607 608 608 608 608 607 607 607 607 607 607 607 607 607 607 607 606 606 606 606 607 606 606 606 606 606 605 605 605 605 605 605 605 605 605 604 604 604 604 603 603 604 604 603 603 603 603 602 602 602 602 601 601 628 628 627 627 627 627 626 626 627 626 627 629 630 515 515 515 515 515 515 515 515 515 515 515 515 515 515 515 515 515 515 515 515 515 515
610 610 609 609 609 609 609 610 609 609 609 609 609 609 608 608 609 609 609 608 608 608 608 608 607 608 608 608 608 607 607 607 607 607 606 607 607 607 607 606 606 606 606 605 605 605 605 605 605 605 605 605 604 604 604 604 603 603 603 628 628 628 628 627 627 627 627 628 629 631 631 633 515 515 515 515 515 515 515 515 515 515 515 515 515 515 515 515 515 515 515 515 515 515
610 610 610 610 610 609 610 610 611 611 611 610 610 610 610 611 610 610 610 610 610 610 609 609 609 610 610 609 609 609 609 609 608 608 608 609 609 608 608 607 607 606 606 606 606 606 606 606 606 606 605 605 605 605 604 604 604 604 630 630 630 630 629 629 629 628 629 631 632 633 634 636 515 515 515 515 515 515 515 515 515 515 515 515 515 515 515 515 515 515 515 515 515 515
612 612 611 611 611 611 612 612 611 611 611 611 611 611 610 611 611 611 611 610 610 610 610 610 610 610 610 610 610 609 609 609 609 609 609 609 609 609 609 608 608 608 608 608 607 607 608 608 607 607 607 607 606 606 606 606 605 632 632 632 630 630 630 630 629 630 632 632 633 635 637 637 515 515 515 515 515 515 515 515 515 515 515 515 515 515 515 515 515 515 515 515 515 515
612 612 612 612 612 612 612 612 612 612 612 612 612 612 613 613 612 612 612 612 612 612 611 611 612 612 612 611 611 611 611 611 610 610 611 611 610 609 609 609 609 608 608 608 608 609 608 608 608 608 607 607 607 607 606 606 606 633 632 632 632 632 631 631 632 633 634 635 636 638 639 639 515 515 515 515 515 515 515 515 515 515 515 515 515 515 515 515 515 515 515 515 515 515
614 613 613 613 613 614 614 614 613 613 613 613 613 612 613 613 613 613 613 612 612 612 612 613 612 612 612 612 612 612 611 611 611 611 611 611 611 611 611 610 610 610 610 610 609 610 610 610 609 609 609 609 608 608 608 608 634 633 633 633 632 632 632 632 633 635 636 637 638 640 641 642 515 515 515 515 515 515 515 515 515 515 515 515 515 515 515 515 515 515 515 515 515 515
614 614 614 614 613 614 614 614 614 614 613 613 613 614 614 614 613 613 613 613 613 613 612 613 613 613 613 612 612 612 612 612 611 612 612 612 612 611 611 611 611 611 610 610 611 611 610 610 610 610 609 609 609 609 609 634 635 635 635 634 634 634 634 635 636 638 637 638 639 642 642 643 515 515 515 515 515 515 515 515 515 515 515 515 515 515 515 515 515 515 515 515 515 515
615 614 614 614 615 615 616 615 615 615 615 615 615 615 615 615 615 615 615 614 614 614 615 615 614 614 614 614 614 614 613 613 613 614 614 613 613 613 613 612 612 611 611 611 611 611 611 611 610 610 610 610 610 609 609 636 636 635 635 635 635 634 635 637 638 639 640 641 643 644 645 646 515 515 515 515 515 515 515 515 515 515 515 515 515 515 515 515 515 515 515 515 515 515
616 616 616 616 616 616 616 616 616 616 615 615 615 616 616 616 615 615 615 615 615 615 615 615 615 615 615 614 614 614 614 614 614 614 614 614 614 613 613 613 613 613 612 613 613 613 612 612 612 612 612 611 611 610 636 636 636 636 636 635 635 636 637 638 639 641 642 642 644 645 647 647 515 515 515 515 515 515 515 515 515 515 515 515 515 515 515 515 515 515 515 515 515 515
617 616 616 617 617 617 617 616 616 616 616 616 617 616 616 616 616 616 616 615 615 615 616 616 615 615 615 615 615 614 614 614 615 615 615 614 614 614 614 613 613 613 613 614 613 613 613 613 613 612 612 612 612 637 637 638 638 637 637 637 636 637 639 640 641 642 643 645 646 646 647 648 515 515 515 515 515 515 515 515 515 515 515 515 515 515 515 515 515 515 515 515 515 515
617 617 617 618 617 617 617 617 617 617 616 616 617 617 617 617 616 616 616 616 616 616 616 616 616 616 616 615 615 615 615 616 615 615 615 615 615 614 614 614 614 614 614 614 614 614 613 613 613 613 613 612 612 638 639 638 638 638 638 637 638 640 642 642 643 644 645 646 647 648 649 649 515 515 515 515 515 515 515 515 515 515 515 515 515 515 515 515 515 515 515 515 515 515
617 617 617 618 618 618 617 617 617 617 617 618 618 617 617 617 617 617 616 616 616 617 617 617 616 616 616 616 616 615 615 616 616 616 615 615 615 615 615 614 614 614 615 615 614 614 614 614 614 613 613 613 639 638 639 639 639 638 638 639 641 641 643 644 645 646 648 649 649 649 650 651 515 515 515 515 515 515 515 515 515 515 515 515 515 515 515 515 515 515 515 515 515 515
618 618 619 618 618 618 618 618 618 617 617 618 618 618 618 617 617 617 617 617 618 617 617 617 617 617 617 616 616 616 617 617 616 616 616 616 616 615 615 615 615 616 615 615 615 615 614 614 614 614 614 639 639 640 640 639 639 639 639 640 642 643 645 646 646 648 650 650 651 651 652 652 515 515 515 515 515 515 515 515 515 515 515 515 515 515 515 515 515 515 515 515 515 515
618 618 619 619 619 619 618 618 618 618 619 619 618 618 618 618 618 618 617 617 618 618 618 619 617 617 617 617 617 616 617 617 617 617 616 616 616 616 616 615 615 616 616 616 615 615 615 615 615 614 614 640 640 640 640 640 640 639 641 642 644 645 646 647 648 650 651 652 653 654 653 515 515 515 515 515 515 515 515 515 515 515 515 515 515 515 515 515 515 515 515 515 515 515
619 620 619 619 619 619 619 619 619 618 619 619 619 619 619 618 618 618 618 619 619 618 618 618 618 618 617 617 617 618 618 618 617 617 617 617 617 616 616 616 617 617 616 616 616 616 615 615 615 615 641 640 641 641 641 640 640 641 643 644 645 646 648 649 649 651 652 653 653 653 654 515 515 515 515 515 515 515 515 515 515 515 515 515 515 515 515 515 515 515 515 515 515 515
619 620 620 620 620 619 619 619 619 619 620 619 619 619 619 619 619 618 618 619 619 619 619 618 618 618 618 618 618 618 618 618 618 618 617 617 617 617 617 616 617 617 617 617 616 616 616 616 616 615 641 641 642 641 641 641 641 642 644 645 647 648 649 650 652 653 653 654 654 655 655 515 515 515 515 515 515 515 515 515 515 515 515 515 515 515 515 515 515 515 515 515 515 515
621 620 620 620 620 620 620 620 619 620 620 620 620 620 619 619 619 619 619 620 619 619 619 619 619 619 618 618 618 619 619 618 618 618 618 618 617 617 617 618 618 617 617 617 617 617 616 616 616 642 642 642 642 642 642 641 643 644 646 647 648 649 650 652 653 653 654 655 655 656 657 515 515 515 515 515 515 515 515 515 515 515 515 515 515 515 515 515 515 515 515 515 515 515
621 621 621 621 620 620 620 620 620 621 621 620 620 620 620 620 620 619 620 620 620 620 620 619 619 619 619 619 619 619 619 619 619 619 618 618 618 618 618 618 618 618 618 618 617 617 617 617 642 642 642 643 643 642 642 643 645 645 647 648 649 650 650 652 654 655 655 656 657 658 658 515 515 515 515 515 515 515 515 515 515 515 515 515 515 515 515 515 515 515 515 515 515 515
621 621 621 621 621 621 621 620 621 621 621 621 621 620 620 620 620 620 621 620 620 620 620 620 620 619 619 619 620 620 620 619 619 619 619 619 618 618 618 619 619 618 618 618 618 618 617 617 643 643 644 643 643 642 642 643 645 646 648 648 650 651 652 654 654 655 657 657 657 658 659 515 515 515 515 515 515 515 515 515 515 515 515 515 515 515 515 515 515 515 515 515 515 515
621 621 621 621 621 621 621 621 622 622 621 621 621 621 621 621 620 621 621 621 621 621 620 620 620 620 620 621 620 620 620 620 620 619 619 619 619 619 619 619 619 618 618 617 617 617 617 643 643 643 643 643 643 642 643 645 647 647 649 650 652 653 654 655 656 657 657 658 659 660 660 515 515 515 515 515 515 515 515 515 515 515 515 515 515 515 515 515 515 515 515 515 515 515
621 621 621 621 621 621 621 621 621 621 621 621 621 620 620 620 620 621 621 620 620 620 620 620 620 620 620 620 620 620 619 619 619 619 619 619 619 619 619 619 619 618 618 618 618 617 617 643 643 644 643 643 643 644 646 646 648 649 651 651 652 654 656 657 657 658 658 659 659 660 661 515 515 515 515 515 515 515 515 515 515 515 515 515 515 515 515 515 515 515 515 515 515 515
622 622 621 621 621 621 621 622 622 621 621 621 621 621 621 620 621 621 621 621 621 620 620 620 620 620 621 620 620 620 620 620 619 619 619 619 619 620 619 619 619 619 619 618 618 618 644 644 643 644 644 644 643 645 647 648 649 649 651 652 653 653 656 657 658 659 659 660 661 661 661 515 515 515 515 515 515 515 515 515 515 515 515 515 515 515 515 515 515 515 515 515 515 515
621 621 621 621 621 621 621 621 621 621 621 622 621 621 621 621 622 622 621 621 621 621 621 621 620 620 621 621 621 620 620 620 620 620 620 619 619 619 619 619 618 618 618 618 618 618 643 643 643 644 644 644 644 646 648 648 650 651 653 653 654 656 657 657 658 659 660 661 661 662 663 515 515 515 515 515 515 515 515 515 515 515 515 515 515 515 515 515 515 515 515 515 515 515
622 621 621 621 621 621 622 622 621 621 621 621 621 621 621 621 621 621 621 621 620 620 620 620 620 620 620 620 620 620 620 620 619 619 619 619 620 619 619 619 619 619 618 618 618 644 644 643 644 644 644 644 645 647 649 650 652 652 653 655 655 656 657 658 659 659 660 661 662 663 663 515 515 515 515 515 515 515 515 515 515 515 515 515 515 515 515 515 515 515 515 515 515 515
