testData/tiles/oneDegreeCosts/grid20.0-31.0-21.0-32.0.asc
ncols   200
nrows   200
xllcorner   20.0
yllcorner   31.0
cellsize   0.005
NODATA_value   -9999.0
[rows 0 to 41 of 200, columns 94 to 187 of 200]
512 512 512 513 512 512 513 513 513 513 514 513 514 514 514 514 515 515 515 515 515 515 516 515 515 516 516 516 516 516 515 515 515 515 516 515 515 515 515 516 515 515 516 515 515 516 515 515 515 514 514 514 514 514 514 514 514 514 514 514 514 514 513 513 512 512 512 512 512 512 511 512 511 511 511 511 600 599 598 598 598 598 597 597 598 597 597 596 596 597 595 595 595 594
512 512 512 512 512 513 513 513 513 514 514 514 514 514 514 515 515 515 515 515 515 516 516 516 516 516 516 516 516 516 516 515 516 516 516 516 516 515 516 516 516 516 516 516 516 516 516 516 515 515 515 514 515 514 514 515 514 514 515 514 514 514 514 514 512 513 512 512 512 512 512 512 511 512 511 511 600 599 599 598 598 598 598 598 597 597 598 597 597 597 595 596 595 595
512 512 512 512 513 513 513 514 514 514 514 515 514 515 515 515 515 516 515 516 516 516 516 516 516 516 517 516 516 516 516 516 516 516 516 516 516 516 516 516 516 517 516 516 516 516 516 515 515 515 515 515 515 515 515 515 515 515 514 514 515 514 514 513 513 513 512 513 513 512 512 512 512 512 511 512 600 599 599 599 599 598 598 598 598 598 598 597 598 596 596 596 595 596
512 512 513 513 514 513 514 514 514 514 515 515 515 515 515 515 516 516 516 516 517 516 517 517 516 517 516 516 516 517 516 516 516 516 517 516 516 517 516 516 517 517 517 517 516 517 515 515 516 515 515 516 515 515 515 515 515 515 515 515 515 515 514 513 513 513 513 513 513 513 513 512 512 512 512 601 600 600 599 599 599 599 599 598 598 598 598 598 597 596 596 596 596 596
512 513 513 514 514 514 514 514 515 515 515 515 516 515 516 516 516 516 516 517 517 517 517 517 516 517 516 516 517 517 517 517 516 517 517 517 517 517 517 517 517 517 517 516 516 516 515 516 516 515 516 515 515 516 515 515 516 515 515 515 515 514 514 514 514 513 513 513 513 513 513 513 513 512 513 600 600 600 599 600 599 599 599 599 599 599 598 597 597 597 597 596 596 596
513 513 513 514 514 515 514 515 515 515 515 516 516 516 516 517 516 517 517 517 517 517 517 517 517 517 517 517 517 517 517 517 517 517 517 517 518 517 517 517 517 517 517 516 516 516 516 516 516 516 516 516 516 516 516 516 516 516 516 515 514 514 514 514 514 514 514 513 514 513 513 513 513 513 513 600 601 600 600 600 599 600 599 599 599 599 599 598 597 597 597 597 597 596
514 513 514 514 515 515 515 515 515 515 516 516 516 516 517 517 517 517 517 517 518 517 517 517 517 517 517 517 517 517 517 517 518 517 517 518 518 518 518 517 518 518 517 517 516 516 517 516 516 517 516 516 517 516 516 516 516 516 515 515 515 514 515 515 514 514 514 514 514 513 514 514 513 513 601 601 601 600 601 600 600 600 599 600 600 599 598 598 598 598 597 597 597 597
514 514 514 515 515 515 516 515 516 516 516 516 517 517 517 517 517 517 517 518 517 517 517 517 517 517 517 517 518 517 517 518 518 518 518 518 518 518 518 518 518 517 517 517 517 517 517 517 517 517 517 517 516 516 517 516 516 517 515 515 515 515 515 515 515 515 514 514 514 514 514 513 513 513 601 601 601 601 601 600 600 600 600 600 599 599 599 598 598 598 598 598 597 597
514 515 514 515 515 516 516 516 516 516 516 517 517 517 517 518 517 518 517 517 517 517 517 517 518 517 517 518 518 518 518 518 518 518 518 518 518 518 518 518 517 517 517 517 517 517 517 517 517 517 517 517 517 517 517 517 517 515 515 516 515 515 515 515 515 515 515 515 514 514 514 513 513 513 602 602 601 601 601 601 601 600 600 600 599 599 598 598 599 598 598 597 597 599
515 515 515 515 516 516 516 516 516 516 517 517 517 517 518 517 518 517 517 517 518 517 517 518 518 518 518 518 518 518 518 518 518 518 518 519 518 518 518 517 517 518 517 517 518 517 517 518 517 517 518 517 517 517 517 517 516 516 516 516 516 516 515 515 515 515 515 515 515 515 513 513 513 602 602 602 602 602 601 601 601 601 601 599 599 600 599 599 598 598 599 598 598 598
515 515 516 516 516 516 517 516 517 517 518 517 518 518 517 517 517 517 517 518 518 518 518 518 518 518 519 518 518 519 518 519 519 518 519 519 519 518 518 518 518 518 518 518 518 518 518 518 518 518 518 518 518 517 517 517 516 516 516 516 516 516 516 516 515 515 515 515 515 514 514 514 513 602 602 602 602 602 602 602 601 601 600 600 600 599 599 600 599 599 598 598 598 600
515 516 516 516 516 517 517 517 517 517 517 518 518 517 517 518 517 517 518 518 518 518 519 518 518 519 519 519 519 519 519 519 519 519 519 519 518 518 518 518 519 518 518 519 518 518 518 518 518 518 518 518 518 518 517 517 517 517 516 516 516 516 516 516 516 516 515 516 516 514 514 514 514 603 602 602 603 602 602 602 602 602 600 600 600 600 600 599 599 599 599 599 598 600
516 516 516 516 517 517 517 517 517 517 518 517 517 517 518 518 518 518 518 518 518 519 519 519 519 519 519 519 519 519 519 519 519 520 519 519 519 518 518 519 518 518 519 518 518 519 518 518 519 518 518 518 518 517 517 517 517 517 517 517 516 516 516 516 516 516 516 516 515 515 515 514 514 603 603 603 602 602 603 602 602 601 601 601 600 600 600 600 600 599 599 599 599 601
516 516 517 516 517 517 518 517 518 517 518 517 517 518 518 518 518 518 518 519 519 519 519 519 519 519 519 519 519 520 519 519 520 519 519 519 519 519 519 519 519 519 519 519 519 519 519 519 519 519 519 517 517 517 517 517 517 517 517 517 517 517 516 517 517 516 516 515 515 515 515 515 604 603 603 603 603 603 602 602 602 601 601 600 600 601 600 600 600 599 600 599 599 602
516 517 517 517 517 518 517 517 517 517 517 518 518 518 518 518 518 518 519 519 519 519 519 519 519 520 519 519 520 520 520 520 519 519 519 519 519 519 519 519 519 519 519 519 519 519 519 519 519 519 518 518 518 517 518 518 517 517 517 517 517 517 517 517 517 517 516 515 515 515 515 515 603 604 604 603 603 603 603 602 601 601 602 601 601 600 600 601 600 600 600 599 600 602
517 517 517 517 518 517 517 517 517 517 518 518 518 518 519 518 519 519 519 519 519 520 519 519 520 520 520 520 520 520 519 519 519 519 519 519 519 519 519 519 519 519 519 519 519 519 519 519 519 518 518 518 518 518 518 518 518 518 517 518 517 517 517 517 517 516 516 516 516 515 515 515 604 604 603 603 604 603 602 602 602 602 601 601 601 601 601 600 600 600 599 599 601 603
517 517 518 517 517 517 518 517 517 518 518 518 518 519 519 519 519 519 519 519 520 520 520 520 520 520 520 520 520 519 519 519 519 519 519 520 520 519 520 520 519 520 520 519 520 519 519 520 518 518 518 518 518 518 518 518 518 518 518 518 517 518 518 517 516 516 516 516 516 516 516 515 604 604 604 604 603 603 603 602 602 602 601 602 601 601 601 600 601 600 599 600 601 604
517 517 517 517 517 518 518 518 518 518 518 518 519 519 519 519 519 519 520 520 520 520 520 520 520 520 520 520 520 519 519 520 520 519 520 520 520 520 520 520 520 520 520 520 520 519 520 519 518 519 518 518 519 518 518 518 518 518 518 518 518 518 517 517 517 516 516 516 516 516 516 516 605 604 604 604 603 603 602 602 603 602 602 602 601 602 601 601 601 600 600 601 602 604
517 517 517 517 517 517 518 518 518 518 519 519 519 519 519 519 519 520 520 520 520 520 520 520 521 520 520 520 520 520 520 520 520 520 520 520 520 520 520 520 520 520 520 520 520 519 519 519 519 519 519 519 519 518 519 518 518 519 518 518 518 517 517 517 517 517 517 516 516 516 516 605 605 605 605 603 603 603 603 603 602 602 602 602 602 602 601 601 600 600 600 601 603 606
516 517 517 517 517 518 518 518 518 519 519 519 519 520 519 519 520 520 520 520 521 520 520 521 520 520 520 520 520 520 520 520 520 521 520 520 521 520 520 521 520 520 521 520 520 520 519 519 519 519 519 519 519 519 519 518 519 519 518 519 517 517 517 517 517 517 517 517 517 516 516 606 605 605 603 603 604 603 603 603 603 603 602 602 602 602 602 601 600 600 600 602 604 605
517 518 517 518 518 519 518 518 519 519 519 519 520 520 520 520 520 520 520 521 520 521 520 520 520 520 520 520 520 521 520 520 521 520 520 521 520 520 521 520 520 521 520 520 520 519 519 520 519 519 520 519 519 519 519 519 519 519 519 518 517 518 518 517 517 517 517 517 517 517 517 605 605 605 604 604 603 603 604 603 603 603 602 603 602 602 601 601 601 601 600 602 604 606
517 517 518 518 518 518 519 519 519 519 519 520 520 520 520 520 520 520 521 520 520 520 520 520 520 520 520 520 521 521 521 521 521 521 521 521 521 521 521 521 521 520 520 520 520 520 520 519 519 520 519 519 520 519 519 519 519 519 518 518 518 518 518 518 518 517 517 517 517 517 517 606 605 604 604 604 604 604 603 603 603 603 603 603 602 602 602 601 601 601 601 604 605 607
517 518 518 518 518 519 519 519 519 520 520 520 520 520 520 520 521 521 520 520 520 520 520 520 520 520 521 521 521 521 521 521 521 521 521 521 521 521 521 521 520 520 520 520 520 520 520 520 520 520 520 520 519 519 520 519 519 519 518 518 518 518 518 518 518 518 518 517 517 517 517 605 604 604 605 604 604 604 604 604 604 603 603 603 602 602 601 601 602 601 602 603 605 607
518 518 518 518 519 519 519 519 520 520 520 520 520 520 520 521 520 520 520 520 520 520 521 520 520 521 521 521 521 521 521 521 521 521 521 521 521 521 520 520 520 520 521 520 520 521 520 520 520 520 520 520 520 520 519 519 519 518 518 519 518 518 518 518 518 518 518 518 518 517 517 605 605 605 604 604 605 604 604 604 604 604 604 602 602 602 602 602 601 601 602 604 607 608
518 518 518 519 519 519 519 520 520 520 520 521 520 520 521 520 520 520 521 520 520 521 521 521 521 521 521 521 521 521 521 521 521 521 522 521 521 521 521 520 521 521 520 520 521 520 520 521 520 520 521 520 520 520 519 519 519 519 519 519 518 519 518 518 518 518 518 518 517 517 606 605 605 605 605 605 604 604 604 604 604 604 603 603 603 602 602 601 601 602 603 605 607 608
518 519 519 519 519 519 520 520 520 520 520 520 520 520 520 520 520 521 521 521 521 521 521 521 521 521 521 522 521 521 522 521 521 522 521 521 521 521 521 521 521 521 521 521 521 521 521 520 520 521 520 520 521 519 519 519 519 519 519 519 519 519 518 519 519 518 518 518 517 517 605 605 606 605 605 605 605 605 605 604 604 603 603 603 602 602 603 602 602 602 603 605 607 608
519 519 519 519 520 519 520 520 520 520 520 520 520 520 520 520 520 520 521 521 521 521 521 521 521 521 522 521 521 522 522 522 522 521 521 521 521 521 521 521 521 521 521 521 521 521 521 521 521 521 521 521 519 519 520 519 519 519 519 519 519 519 519 519 519 519 519 517 517 517 606 606 605 605 606 605 605 605 605 605 604 603 603 603 603 603 602 602 602 602 604 606 606 609
519 519 519 520 520 520 520 521 520 520 520 520 520 520 521 520 520 521 521 521 521 521 521 521 522 522 522 522 522 522 522 522 521 521 521 521 521 521 521 521 521 521 521 521 521 521 521 521 521 521 520 520 520 520 519 519 520 519 519 519 519 519 519 519 519 519 517 517 518 517 606 606 606 606 605 605 605 605 605 604 603 603 604 603 603 602 602 603 602 602 604 605 608 610
519 519 519 519 520 519 519 519 520 520 520 520 520 521 521 521 521 521 521 521 522 521 521 522 522 522 522 522 522 522 521 521 521 521 522 521 521 522 521 521 522 521 521 521 521 521 521 521 521 520 520 520 520 520 520 520 519 519 520 519 519 519 519 519 518 518 518 518 517 517 607 606 606 606 606 606 605 605 604 604 604 604 603 603 604 603 603 603 602 602 604 606 608 609
519 519 519 519 519 519 519 520 520 520 520 520 521 521 521 521 521 521 521 522 521 521 522 522 522 522 522 522 522 521 521 521 521 522 521 521 522 521 521 522 521 521 522 521 521 522 521 521 520 520 520 520 520 520 520 520 520 520 519 519 520 519 519 518 518 518 518 518 518 518 606 606 607 606 606 606 605 605 605 604 604 604 604 604 603 603 603 603 603 603 604 606 607 610
519 519 519 519 519 519 520 520 520 520 521 520 520 521 521 521 521 521 522 522 522 522 522 522 522 522 522 522 522 521 521 522 522 522 522 522 522 522 522 522 522 522 521 521 522 521 521 521 521 520 520 521 520 520 521 520 520 520 520 520 520 519 519 519 518 518 518 518 518 518 607 607 606 606 606 606 605 605 604 604 605 604 604 603 603 604 603 603 603 603 605 607 608 610
519 519 519 519 519 520 520 520 520 521 520 520 521 521 521 521 522 522 522 522 522 522 522 522 523 522 522 522 521 521 522 522 522 522 522 522 522 522 522 522 522 522 522 522 522 521 521 521 521 521 521 521 521 521 520 520 521 520 520 520 520 519 519 519 519 519 518 518 519 518 607 606 606 607 606 605 605 605 605 605 604 604 604 604 604 604 603 603 603 603 605 606 608 611
519 519 519 520 520 520 520 520 521 521 521 521 521 521 521 522 522 522 522 522 522 522 522 522 522 522 522 522 522 522 522 522 522 522 522 522 522 522 522 522 522 522 522 521 521 521 521 521 521 521 521 521 521 521 521 521 520 520 521 520 519 519 519 519 519 519 519 519 518 518 607 607 607 607 606 606 605 605 605 605 605 605 604 604 604 604 603 603 603 603 604 608 610 611
519 519 520 520 520 520 520 520 520 521 521 521 521 521 522 522 522 522 522 522 522 522 522 522 522 522 522 522 522 522 522 522 522 522 522 522 522 522 522 522 522 522 522 521 521 521 521 521 521 521 521 521 521 521 521 521 521 521 520 520 520 519 519 519 519 519 519 518 518 519 607 607 606 606 606 606 605 605 605 605 605 604 604 605 604 603 603 603 603 604 606 608 609 611
519 519 519 520 520 521 520 520 521 521 521 521 521 522 522 522 522 522 522 522 522 522 522 522 522 522 522 522 522 522 522 523 522 522 523 522 522 523 522 522 522 522 521 521 522 521 521 522 521 521 521 521 521 521 521 521 521 520 520 520 519 519 519 519 519 519 519 519 519 519 607 607 606 606 606 606 606 606 605 605 605 605 605 604 603 603 603 603 603 603 606 608 610 612
519 519 520 520 520 520 520 521 521 521 521 522 521 521 522 522 522 522 522 522 522 522 522 522 522 522 522 522 522 522 523 522 522 523 522 522 523 522 522 522 522 522 522 522 521 521 522 521 521 522 521 521 521 521 521 521 520 520 520 519 519 520 519 519 519 519 519 519 519 519 607 606 606 606 606 606 606 605 605 606 605 605 605 604 604 603 603 603 603 605 607 608 610 612
519 520 520 520 520 521 521 521 521 521 522 522 522 522 522 521 521 522 522 522 522 522 522 522 522 522 522 522 523 522 522 523 523 523 523 523 522 522 522 522 522 522 522 522 522 522 521 521 522 521 521 522 521 521 520 520 520 520 520 520 520 520 519 520 520 519 519 519 519 519 606 606 607 606 606 606 606 606 606 605 605 605 604 604 604 603 603 604 603 605 606 608 610 588
520 520 520 520 521 521 521 521 521 521 521 522 521 521 521 521 522 522 522 522 522 522 522 522 523 522 522 523 522 522 523 523 523 523 523 522 522 522 522 522 522 522 522 522 522 522 522 522 521 521 522 521 521 521 521 520 520 521 520 520 520 520 520 520 520 520 520 519 519 519 607 607 607 606 607 606 606 606 606 606 606 604 604 604 604 604 604 603 603 605 607 586 586 588
519 520 520 521 521 521 521 521 521 521 521 521 521 521 521 522 522 522 522 522 522 522 522 522 522 522 523 522 522 523 523 522 523 522 522 522 522 522 522 522 522 522 522 522 522 522 522 522 522 522 521 521 521 521 521 521 521 520 520 521 520 520 520 520 520 520 519 519 519 519 607 607 607 607 607 606 606 607 606 606 604 604 605 604 604 604 603 603 604 605 584 585 586 588
520 520 520 520 521 521 521 521 521 521 521 521 521 521 522 522 522 522 522 522 522 522 522 522 523 523 523 523 523 523 523 522 522 522 522 522 522 522 522 522 522 522 522 522 522 522 522 522 522 522 521 521 521 521 521 521 520 520 521 520 520 520 520 520 520 519 519 519 519 607 608 607 607 607 607 607 607 606 605 605 605 605 605 604 604 604 604 604 582 582 583 585 587 589
520 520 520 521 520 520 520 521 521 521 521 521 522 521 521 522 522 522 522 522 523 522 522 523 523 523 523 523 522 523 522 522 522 522 522 522 522 522 523 522 522 523 522 522 522 522 522 522 522 521 521 521 521 521 521 521 521 521 520 520 521 520 520 520 519 519 519 519 519 519 607 607 607 607 607 607 606 606 606 605 605 605 605 605 605 604 604 582 582 582 583 585 587 588
520 520 520 520 520 520 521 521 521 521 521 522 521 521 522 522 522 522 522 523 522 522 523 523 523 523 523 523 522 522 523 522 522 523 522 522 522 523 522 522 523 522 522 523 522 522 522 522 521 521 522 521 521 521 521 521 521 521 521 521 520 520 520 519 519 519 519 519 519 519 607 608 607 607 607 606 606 606 605 605 605 605 605 605 604 582 582 582 582 582 583 585 587 589
