testData/tiles/oneDegreeCosts/grid12.0-42.0-13.0-43.0.asc
ncols   200
nrows   200
xllcorner   12.0
yllcorner   42.0
cellsize   0.005
NODATA_value   -9999.0
[rows 84 to 125 of 200, columns 94 to 187 of 200]
222 225 228 230 232 235 237 239 240 243 244 246 247 249 250 251 253 253 255 256 257 258 259 260 261 261 262 263 263 264 264 264 265 266 266 266 266 266 266 266 267 266 266 266 265 265 265 264 264 264 263 263 262 261 260 259 259 257 256 255 254 253 251 250 248 247 246 244 242 240 238 237 234 231 228 225 223 219 214 209 203 204 180 180 180 180 180 181 181 181 180 180 181 181
222 225 227 230 232 235 236 238 241 242 244 245 247 249 250 251 252 254 255 256 256 258 259 259 260 261 262 262 263 263 263 264 265 265 265 265 265 265 265 266 266 266 265 265 265 264 264 264 264 263 263 262 261 261 260 259 258 257 256 255 253 252 251 249 248 246 245 245 243 241 238 236 235 231 228 225 221 218 214 209 202 202 179 179 179 179 179 179 180 180 180 179 179 180
222 225 227 229 232 234 236 238 240 242 243 244 247 248 249 250 252 253 254 255 256 257 258 259 259 260 261 262 262 262 263 264 264 264 264 265 265 265 265 265 265 265 265 264 264 264 264 264 263 263 262 261 261 260 259 258 257 256 255 254 253 252 251 250 248 247 245 243 242 240 238 236 233 231 228 225 222 218 214 209 202 201 177 177 178 178 178 178 178 179 179 179 179 178
222 224 226 229 232 233 235 238 240 241 242 245 246 247 248 251 252 252 253 254 256 257 257 258 259 260 261 261 261 262 263 263 263 264 264 264 264 265 265 265 264 264 264 264 264 264 264 263 263 262 261 261 260 259 258 257 257 257 255 254 253 252 250 249 248 246 244 242 241 239 237 235 233 230 228 225 221 218 213 208 203 201 176 176 176 177 177 177 177 177 177 178 178 178
221 223 226 229 231 233 236 237 239 240 243 244 245 247 249 250 251 252 253 255 255 256 257 257 259 259 260 260 261 262 262 263 263 263 263 263 264 264 264 264 264 264 264 264 264 263 263 262 262 261 261 260 259 259 258 258 257 256 255 254 252 251 250 248 247 245 244 242 240 238 237 234 232 229 227 224 221 217 213 208 203 200 200 176 175 175 176 176 176 176 176 176 177 177
220 223 226 228 230 232 235 237 238 241 242 244 245 246 248 249 250 251 253 254 255 255 256 258 258 259 259 260 261 261 262 262 262 262 262 263 263 263 263 263 263 263 264 263 263 263 262 262 261 261 260 259 259 259 258 257 256 255 254 253 252 251 249 248 246 245 243 241 239 237 235 234 231 229 226 223 220 217 213 208 202 198 199 175 175 175 174 174 175 175 175 175 175 176
220 223 226 228 230 233 234 236 238 240 242 243 244 246 247 249 250 251 252 253 254 255 256 257 258 258 259 260 260 261 261 261 261 262 263 263 263 263 263 263 263 263 263 263 262 262 262 261 261 260 260 260 259 258 257 256 256 255 253 252 251 250 249 247 246 244 242 241 239 237 235 232 230 228 226 223 219 216 213 208 202 197 197 174 174 174 174 174 173 174 174 174 174 174
220 223 225 227 230 232 234 235 238 240 241 242 244 246 247 248 249 251 252 253 253 255 256 256 257 257 258 259 260 260 260 260 261 262 262 262 262 262 262 262 263 262 262 262 262 261 261 260 260 260 260 259 258 258 257 256 255 254 253 252 250 249 248 247 245 243 242 240 238 236 234 232 229 227 225 222 219 215 211 208 202 196 196 172 172 173 173 173 173 173 173 173 173 173
220 222 224 228 230 231 233 236 237 239 240 243 244 245 246 247 249 250 251 252 254 254 255 256 256 257 258 259 259 259 260 260 261 261 261 261 261 261 262 262 262 262 262 261 261 261 260 261 260 260 259 258 258 257 256 255 254 253 252 251 250 249 247 246 244 244 242 240 239 237 234 232 230 227 224 222 218 215 211 206 202 196 195 171 171 171 172 172 172 172 172 172 172 172
219 222 224 227 229 231 233 235 237 238 240 242 243 244 245 248 249 249 250 251 253 254 254 255 255 257 257 258 258 259 259 260 260 260 261 261 261 262 262 261 261 261 261 261 260 260 260 260 259 259 258 258 257 256 255 254 254 253 251 250 250 249 248 246 245 243 242 240 238 236 234 232 229 227 224 221 219 215 212 206 201 195 194 170 170 170 170 171 171 171 171 171 171 171
219 221 224 226 228 230 233 235 236 238 240 241 243 244 246 247 248 249 250 251 252 253 254 254 256 256 257 257 258 258 259 259 260 260 260 260 261 261 261 261 261 260 260 260 261 260 260 259 259 258 258 257 256 255 255 254 253 253 252 251 250 248 247 246 244 243 241 239 237 235 233 231 229 226 224 221 218 214 211 207 202 196 192 169 169 169 169 169 169 170 170 170 170 170
218 222 224 226 228 231 232 234 235 238 239 241 242 244 245 246 247 248 250 251 252 252 253 254 255 256 256 256 257 258 258 259 259 259 259 260 260 260 260 260 260 260 260 260 260 259 259 259 258 257 257 256 256 255 255 254 253 252 251 250 249 248 246 245 243 242 240 239 237 235 233 231 228 226 223 220 217 214 210 207 202 196 192 192 169 168 168 168 168 168 169 169 169 169
218 221 223 225 228 230 232 233 236 237 239 240 241 243 244 245 246 248 249 250 251 252 253 254 254 255 255 256 257 257 258 258 258 258 259 259 259 259 259 259 259 259 260 259 259 259 258 258 257 257 256 256 256 255 254 253 252 251 250 249 248 247 246 244 243 241 240 238 236 234 232 230 228 225 223 220 217 213 210 205 202 196 191 191 167 167 168 167 167 167 167 167 168 168
218 220 223 225 228 229 231 233 235 237 238 239 242 243 244 245 247 248 249 249 250 252 252 253 254 254 255 256 256 257 257 257 257 259 259 259 259 259 259 259 259 259 259 259 258 258 258 257 257 256 256 256 255 254 254 253 252 251 250 249 248 246 245 244 242 241 239 237 236 234 232 229 227 225 222 219 216 213 209 205 200 196 190 190 166 166 166 167 167 166 166 166 166 167
218 220 222 225 227 229 230 233 235 236 237 240 241 242 243 244 246 247 248 249 250 251 252 252 253 253 255 255 256 256 256 257 258 258 258 258 258 258 258 259 259 259 258 258 258 257 257 256 256 256 256 255 254 254 253 252 251 250 249 248 247 246 244 243 242 240 238 237 235 233 231 229 227 224 222 219 216 212 209 205 200 195 188 189 165 165 165 165 165 166 165 165 165 165
217 219 222 224 226 228 231 232 234 235 238 239 240 241 242 244 245 246 247 248 250 250 251 252 252 254 254 255 255 255 256 257 257 257 257 257 257 257 258 258 258 258 258 257 257 257 256 257 256 256 255 254 254 253 252 251 250 249 248 247 246 245 244 242 242 240 239 237 235 233 231 229 227 225 222 218 215 212 208 204 200 195 188 187 164 164 164 164 164 164 165 165 164 164
216 219 222 224 226 228 230 232 233 235 237 238 239 241 243 244 245 246 246 248 249 250 250 251 253 253 253 254 254 255 256 256 256 256 257 257 257 258 258 257 257 257 257 257 257 257 256 256 256 255 254 254 253 252 251 251 250 249 248 247 246 245 244 243 241 240 238 236 235 233 231 229 226 224 221 219 216 212 209 204 200 194 188 186 162 162 163 163 163 163 163 164 164 164
216 219 221 223 225 228 229 231 233 235 236 238 239 241 242 243 244 245 247 248 248 249 250 251 252 252 253 253 254 255 255 255 256 256 256 257 257 257 257 257 257 256 256 256 257 256 256 255 255 254 254 253 252 252 251 250 249 249 248 247 246 245 243 242 241 239 237 236 234 232 230 228 226 223 221 218 215 212 209 205 200 195 188 185 161 161 161 162 162 162 162 162 162 163
216 218 221 223 225 227 229 230 233 234 236 237 239 240 241 242 243 245 246 247 248 248 250 251 251 252 252 252 254 254 254 255 255 255 256 256 256 256 256 256 256 256 256 256 256 255 255 255 254 254 253 252 252 251 251 250 249 248 247 246 245 244 243 241 240 238 237 235 233 232 230 227 225 223 220 218 215 212 208 204 200 195 189 185 185 160 160 160 161 161 161 161 161 161
216 218 220 223 225 227 228 231 232 234 235 236 238 240 241 242 244 245 245 246 247 249 249 250 250 251 251 253 253 253 254 254 254 255 255 255 255 255 255 255 255 256 256 255 255 255 254 254 253 253 252 252 252 251 250 250 249 248 247 246 244 243 242 241 239 238 236 235 233 231 229 227 225 222 220 217 214 211 208 204 200 195 189 184 184 160 160 159 159 159 160 160 160 160
215 217 219 222 224 226 228 230 232 233 234 237 238 239 240 242 243 244 245 245 247 248 249 249 250 250 252 252 252 253 253 253 254 255 255 255 255 255 255 255 255 255 255 255 254 254 254 253 253 252 253 252 251 250 250 249 248 247 246 245 244 243 241 240 239 237 236 234 232 230 228 226 224 222 219 217 214 211 207 203 199 194 189 183 183 159 159 159 159 158 158 159 159 159
214 217 220 222 223 225 228 229 231 232 235 236 237 238 239 241 242 243 244 245 246 247 248 248 249 250 251 251 252 252 252 253 254 254 254 254 254 254 255 255 255 254 254 254 254 253 253 253 253 252 252 251 250 250 249 248 247 246 245 244 243 242 241 239 238 236 235 233 231 230 228 226 223 221 219 216 213 210 207 203 199 194 189 182 182 158 158 158 158 158 158 157 157 158
214 217 219 221 223 226 227 229 230 233 234 235 236 238 240 241 242 242 243 245 246 246 247 248 249 250 250 251 251 251 252 253 253 253 253 253 253 254 254 254 254 254 253 253 253 253 253 253 252 252 251 250 250 249 248 247 247 246 245 244 242 241 240 239 238 237 235 234 232 230 228 226 224 222 219 215 213 210 206 203 199 194 189 182 181 157 157 157 157 157 157 157 157 156
214 216 218 220 223 225 227 228 230 232 233 235 236 238 239 240 241 242 244 244 245 246 246 248 248 249 249 250 250 251 252 252 252 252 252 252 254 253 253 253 253 253 253 252 252 253 252 252 251 251 250 250 249 248 248 247 246 245 244 244 243 242 240 239 238 236 235 233 231 229 227 225 223 221 219 216 213 210 207 203 198 194 188 182 180 156 156 156 156 156 156 156 156 156
214 216 218 220 223 224 226 227 230 231 233 234 236 237 238 239 240 242 243 244 244 245 247 247 248 248 249 249 250 251 251 251 251 252 252 253 253 253 253 253 252 252 252 253 252 252 252 251 251 250 250 249 248 248 247 246 246 245 244 243 242 241 240 238 237 235 234 232 231 229 227 225 223 220 218 215 213 210 206 203 199 194 189 182 179 155 155 155 155 155 155 155 155 155
213 215 217 220 222 224 225 228 229 231 232 234 235 236 237 238 240 241 242 243 244 245 246 246 247 248 248 249 250 250 250 251 251 251 252 252 252 252 252 252 252 252 252 252 252 251 251 251 250 249 249 248 248 247 247 246 245 244 243 242 241 240 239 238 236 235 233 232 230 228 226 224 222 220 217 215 212 209 206 202 198 194 189 183 179 178 154 154 154 154 154 154 154 154
212 215 218 219 221 223 226 227 229 230 231 233 235 236 237 239 240 241 241 242 244 245 245 246 246 247 248 249 249 249 250 250 250 251 251 251 251 251 251 251 252 252 252 251 251 251 250 250 249 249 248 249 248 247 246 246 245 244 243 242 241 239 238 237 236 234 233 231 229 227 226 224 221 219 217 214 211 209 205 202 198 194 189 183 178 178 154 154 153 153 153 153 153 153
212 215 217 219 221 222 225 226 228 229 232 233 234 235 236 238 239 240 241 241 243 244 244 245 246 247 247 248 248 249 249 250 250 250 250 251 251 251 251 251 251 251 251 251 250 250 249 249 249 249 248 248 247 246 246 245 244 243 242 241 240 239 238 236 235 233 232 230 229 227 225 223 221 219 216 214 211 208 205 201 198 193 188 183 177 177 153 153 153 153 152 152 152 152
211 214 216 218 220 223 224 226 227 230 231 232 233 234 236 237 238 239 240 242 242 243 244 244 246 246 247 247 248 248 249 249 249 250 250 250 250 250 251 251 250 250 250 250 250 249 249 249 249 248 248 247 246 246 245 244 243 242 241 240 239 238 237 236 234 233 231 230 228 226 224 222 220 218 216 213 210 207 204 201 197 193 188 182 176 176 152 152 152 152 152 151 151 151
212 214 216 218 220 222 224 225 227 229 230 231 232 235 236 237 238 238 240 241 242 242 243 245 245 246 246 246 247 248 248 249 249 249 249 249 249 250 250 250 250 250 249 249 249 249 249 249 248 248 247 246 246 245 244 243 243 242 241 240 238 237 236 236 234 233 232 230 228 227 225 223 221 218 216 214 210 207 204 200 197 193 188 182 175 175 151 151 151 151 151 151 151 150
343 345 216 218 220 221 223 224 227 228 229 231 233 234 235 236 237 239 239 240 241 242 243 244 244 245 245 246 247 247 248 248 248 248 248 249 249 249 249 249 249 249 249 249 249 249 248 248 247 247 246 246 245 244 243 243 242 241 240 240 239 238 236 235 234 232 231 229 228 226 224 222 220 218 215 213 210 207 204 201 196 192 187 182 175 174 150 150 150 150 150 150 150 150
342 344 346 349 220 221 222 225 226 227 229 231 232 233 234 235 237 238 239 240 240 242 243 243 244 244 245 246 246 247 247 247 247 247 249 249 249 249 249 248 248 248 248 249 248 248 248 247 247 246 246 245 244 244 243 242 242 241 240 239 238 237 236 234 233 232 230 229 227 225 223 221 219 217 215 212 210 207 204 200 197 193 188 182 175 173 149 149 149 149 149 149 149 149
342 344 347 349 350 352 222 224 225 227 229 230 231 232 233 235 236 237 238 239 239 241 242 242 243 243 245 245 246 246 246 246 247 248 248 248 248 248 248 248 248 248 248 248 248 247 247 246 246 245 245 244 244 244 243 242 241 240 239 238 237 236 235 234 232 231 229 228 226 225 223 221 219 217 214 212 209 206 203 200 196 192 188 183 176 173 148 148 148 148 148 148 148 148
341 344 346 348 350 352 354 355 225 226 228 230 231 232 234 235 236 236 237 238 240 240 241 242 242 244 244 244 245 245 245 246 247 247 247 247 247 247 247 247 248 248 247 247 247 246 246 246 245 245 244 244 244 243 242 241 241 240 239 238 237 236 234 233 232 230 229 227 226 224 222 220 218 216 214 211 209 206 203 199 196 192 187 182 176 172 172 148 147 147 147 147 147 147
341 343 345 347 349 352 353 355 356 226 228 229 230 231 233 234 235 236 237 238 239 240 240 241 242 243 243 244 244 244 245 246 246 246 246 246 246 246 246 247 247 247 247 246 246 246 245 245 245 245 244 244 243 242 242 241 240 239 238 237 236 235 234 232 231 230 228 227 225 223 221 219 217 215 213 211 208 205 202 199 195 191 187 182 176 171 171 147 147 147 146 146 146 146
341 343 345 347 349 351 352 354 356 358 359 229 229 231 232 233 234 235 237 238 238 239 240 241 242 242 243 243 243 244 245 245 245 245 246 246 246 247 247 246 246 246 246 246 245 245 245 245 245 244 244 243 242 242 241 240 239 238 237 236 235 234 233 232 230 229 227 226 224 223 221 219 217 215 212 210 207 205 202 198 195 191 187 182 176 170 170 146 146 146 146 146 145 145
340 342 344 347 349 350 352 354 356 357 358 359 361 231 232 233 233 235 236 237 238 238 240 240 241 241 242 242 243 244 244 244 245 245 245 245 246 246 246 246 246 245 245 245 245 245 245 244 244 243 243 242 242 241 240 239 238 238 237 236 234 233 232 232 231 229 228 226 225 223 221 219 217 215 213 210 207 204 201 198 194 191 186 181 176 169 169 145 145 145 145 145 145 145
339 341 344 346 348 349 351 353 355 356 357 360 361 362 232 232 234 235 235 236 237 237 239 240 240 241 241 241 243 243 243 244 244 244 244 245 245 245 245 245 245 245 244 244 245 244 244 244 243 243 242 241 241 240 239 239 238 237 237 236 235 234 232 231 230 228 227 225 224 222 220 218 216 214 212 210 207 204 202 198 195 190 186 181 175 168 168 144 144 144 144 144 144 144
339 341 344 345 347 349 351 353 354 355 358 359 360 361 362 364 234 234 235 235 236 238 238 239 239 240 240 242 242 242 243 243 243 243 244 244 244 244 244 244 244 244 245 244 244 244 243 243 242 242 241 241 240 239 239 239 238 237 236 235 234 233 232 230 229 228 226 225 223 221 220 218 216 214 211 209 207 204 201 198 194 191 186 182 175 168 167 143 143 143 143 143 143 143
338 341 343 345 347 349 351 352 353 355 357 358 359 360 362 363 364 234 234 235 236 237 238 238 239 239 241 241 241 242 242 242 243 243 243 244 244 244 243 243 243 244 244 244 243 243 243 242 242 241 241 240 240 240 239 238 237 236 235 234 233 232 231 230 228 227 226 224 223 221 219 217 215 213 211 208 206 203 200 197 194 190 186 181 176 169 166 142 142 142 142 142 142 142
338 340 342 344 347 348 350 351 353 355 356 357 359 360 362 363 363 364 365 235 236 236 237 237 238 239 240 240 241 241 241 242 242 243 243 243 243 243 243 244 243 243 243 243 243 242 242 241 241 241 241 240 240 239 238 237 236 236 235 234 233 231 230 229 228 226 225 223 222 220 218 216 214 212 210 208 205 203 200 197 193 190 186 181 176 169 166 142 142 141 141 141 141 141
338 340 342 343 346 348 349 351 353 354 356 357 358 360 361 362 363 364 365 366 236 236 236 237 238 239 239 239 240 240 241 242 242 242 242 242 242 242 243 243 243 243 242 242 242 241 241 241 241 241 240 239 239 238 237 237 236 235 234 233 232 231 230 228 227 226 224 223 221 219 218 216 214 212 210 207 205 202 199 196 193 189 185 181 175 169 165 141 141 141 141 140 140 140
