testData/tiles/oneDegreeCosts/grid3.0-49.0-4.0-50.0.asc
ncols   200
nrows   200
xllcorner   3.0
yllcorner   49.0
cellsize   0.005
NODATA_value   -9999.0
[rows 42 to 83 of 200, columns 0 to 93 of 200]
295 296 296 296 296 296 296 297 297 297 297 297 297 297 297 297 297 297 296 296 296 296 296 296 295 295 295 295 294 294 294 293 293 292 292 291 291 290 290 290 290 290 290 290 290 290 290 290 290 290 290 290 290 290 290 290 290 290 290 290 290 290 290 290 290 290 290 290 290 290 290 290 290 290 290 290 290 290 290 290 290 290 290 290 290 290 290 290 290 290 290 290 290 290
295 296 296 296 296 296 297 297 297 297 297 297 297 297 297 297 297 297 297 296 296 296 296 296 295 295 295 295 294 294 294 293 293 292 292 292 291 291 290 290 290 290 290 290 290 290 290 290 290 290 290 290 290 290 290 290 290 290 290 290 290 290 290 290 290 290 290 290 290 290 290 290 290 290 290 290 290 290 290 290 290 290 290 290 290 290 290 290 290 290 290 290 290 290
296 296 296 296 296 297 297 297 297 297 297 297 297 297 297 297 297 297 297 297 296 296 296 296 296 295 295 295 294 294 294 293 293 293 292 292 291 291 290 290 290 290 290 290 290 290 290 290 290 290 290 290 290 290 290 290 290 290 290 290 290 290 290 290 290 290 290 290 290 290 290 290 290 290 290 290 290 290 290 290 290 290 290 290 290 290 290 290 290 290 290 290 290 290
296 296 296 296 296 297 297 297 297 297 297 297 297 297 297 297 297 297 297 297 296 296 296 296 296 295 295 295 295 294 294 293 293 293 292 292 291 291 290 290 290 290 290 290 290 290 290 290 290 290 290 290 290 290 290 290 290 290 290 290 290 290 290 290 290 290 290 290 290 290 290 290 290 290 290 290 290 290 290 290 290 290 397 397 397 398 398 398 398 398 399 399 399 399
296 296 296 296 297 297 297 297 297 297 297 297 297 297 297 297 297 297 297 297 297 296 296 296 296 296 295 295 295 294 294 294 293 293 292 292 291 291 290 290 290 290 290 290 290 290 290 290 290 290 290 290 290 290 290 290 290 290 290 290 290 290 290 290 290 290 290 290 290 290 290 290 407 406 404 403 401 399 398 397 397 397 397 398 398 398 398 398 399 399 399 399 399 399
296 296 296 297 297 297 297 297 297 297 297 297 297 297 297 297 297 297 297 297 297 297 296 296 296 296 295 295 295 294 294 294 293 293 292 292 292 291 290 290 290 290 290 290 290 290 290 290 290 290 290 290 290 290 290 290 290 290 290 290 290 290 290 290 417 416 414 414 413 411 410 408 408 406 404 403 401 400 398 397 397 397 398 398 398 398 398 399 399 399 399 399 400 400
355 355 355 356 356 356 356 356 356 356 356 356 356 356 356 356 356 356 356 356 356 356 355 355 355 355 355 295 295 295 294 294 293 293 293 292 292 291 291 290 290 290 290 290 290 290 290 290 290 290 290 290 290 290 290 290 290 290 423 422 421 420 419 418 417 416 415 414 413 411 410 409 408 406 405 404 402 400 399 397 398 398 398 398 398 399 399 399 399 399 399 400 400 400
355 355 356 356 356 356 356 356 356 356 357 357 357 357 357 356 356 356 356 356 356 356 356 355 355 355 355 354 354 354 353 353 353 352 352 351 351 350 350 349 291 290 290 290 290 290 290 290 290 290 290 290 428 427 426 425 425 424 423 422 422 421 420 418 417 417 416 414 413 412 411 409 408 406 406 404 402 401 399 398 398 398 398 398 399 399 399 399 399 400 400 400 400 400
355 355 356 356 356 356 356 356 357 357 357 357 357 357 357 357 357 356 356 356 356 356 356 355 355 355 355 354 354 354 353 353 353 352 352 351 351 350 350 350 350 349 348 349 348 347 348 490 489 429 429 429 428 427 426 426 425 424 423 423 422 421 420 418 418 417 416 414 414 413 411 410 408 408 406 404 402 401 400 398 398 398 398 399 399 399 399 399 400 400 400 400 400 401
355 356 356 356 356 356 356 357 357 357 357 357 357 357 357 357 357 357 356 356 356 356 356 356 355 355 355 355 354 354 354 353 353 352 352 351 351 350 351 350 350 350 493 492 491 492 491 490 489 490 489 488 487 486 486 485 484 424 424 423 422 421 421 420 418 417 416 415 414 413 411 410 409 408 406 404 404 402 400 398 398 399 399 399 399 399 399 400 400 400 400 400 401 401
355 356 356 356 356 356 357 357 357 357 357 357 357 357 357 357 357 357 357 356 356 356 356 356 355 355 355 355 354 354 354 353 353 352 352 352 352 495 494 493 494 493 493 492 492 492 491 490 490 490 489 488 488 487 486 485 484 484 483 482 481 481 480 479 419 417 417 416 414 413 412 411 409 408 406 405 404 402 400 398 399 399 399 399 399 400 400 400 400 400 400 401 401 401
356 356 356 356 356 357 357 357 357 357 357 357 357 357 357 357 357 357 357 357 356 356 356 356 356 355 355 355 354 354 354 353 353 496 495 496 495 495 494 495 494 493 493 493 493 492 491 491 491 490 489 489 488 487 486 487 486 485 484 482 482 481 480 479 479 477 476 475 473 473 472 411 410 408 407 406 404 402 400 399 399 399 399 399 400 400 400 400 400 401 401 401 401 401
356 356 356 356 356 357 357 357 357 357 357 357 357 357 357 357 357 357 357 357 356 356 356 356 356 355 355 355 355 497 497 496 496 496 496 496 495 495 495 495 494 494 494 493 493 492 492 491 491 490 490 489 488 488 488 487 486 485 484 484 482 481 480 480 479 478 476 475 475 473 472 470 469 468 466 465 463 402 401 400 399 399 399 400 400 400 400 400 401 401 401 401 401 402
356 356 356 356 357 357 357 357 357 357 357 357 357 357 357 357 357 357 357 357 357 356 356 356 356 499 498 498 498 497 497 497 496 497 496 496 495 496 495 495 494 495 494 493 493 493 492 492 491 491 490 489 489 489 488 487 486 486 485 484 483 481 481 480 479 478 476 476 475 473 472 471 470 468 467 465 464 462 461 459 458 459 400 400 400 400 400 401 401 401 401 401 402 402
356 356 356 356 357 357 357 357 357 357 357 357 357 357 357 357 357 357 357 357 357 356 499 499 499 499 498 498 498 497 497 497 497 497 496 496 496 496 495 495 495 495 494 493 494 493 492 492 492 491 490 489 490 489 488 487 487 486 485 484 483 483 481 480 479 479 477 476 475 473 473 471 470 468 467 466 464 463 461 459 459 459 459 459 459 460 460 401 401 401 401 402 402 402
356 356 356 357 357 357 357 357 357 357 357 357 357 357 357 357 357 357 500 500 500 500 499 499 499 499 498 498 498 498 497 498 497 497 497 497 497 496 496 496 495 495 494 495 494 493 493 493 492 491 490 491 490 489 488 488 487 486 485 484 484 483 482 480 480 479 478 476 475 474 473 472 470 468 468 466 464 463 461 460 459 459 459 459 460 460 460 460 460 461 461 461 402 402
356 356 356 357 357 357 357 357 357 357 357 357 357 357 357 500 500 500 500 500 500 500 499 499 499 499 499 498 498 498 498 498 497 497 498 497 497 497 497 496 496 496 495 495 494 493 494 493 492 491 492 491 490 489 489 488 487 486 486 485 484 483 482 481 480 479 478 476 476 475 473 472 470 470 468 466 465 463 462 460 459 459 459 460 460 460 460 460 461 461 461 461 461 461
356 356 357 357 357 357 357 357 357 357 358 358 501 501 501 500 500 500 500 500 500 500 500 499 499 499 499 498 498 499 498 498 498 498 498 497 498 497 497 496 497 496 495 495 495 494 494 493 492 492 492 491 490 490 489 488 487 487 486 485 484 483 483 482 480 479 478 477 476 475 473 473 471 470 468 466 465 464 462 460 459 459 460 460 460 460 460 461 461 461 461 461 461 462
389 357 358 358 358 358 358 358 359 501 501 501 501 501 501 501 501 500 500 500 500 500 500 499 499 499 499 498 499 499 498 498 499 498 498 498 498 497 497 497 497 496 496 496 495 495 494 493 493 493 492 491 491 490 489 488 488 487 486 485 484 484 483 482 480 480 479 478 476 475 474 473 471 470 468 468 466 464 462 460 460 460 460 460 460 460 461 461 461 461 461 462 462 462
391 392 392 392 392 360 503 503 504 504 504 504 503 503 503 503 503 502 502 502 502 502 501 501 500 500 500 501 499 499 499 499 499 498 499 498 498 497 498 497 497 496 497 496 495 495 495 494 493 493 492 492 491 490 489 489 488 487 486 485 485 484 483 482 482 480 479 478 476 476 474 473 471 470 469 468 466 464 462 461 460 460 460 460 460 461 461 461 461 461 462 462 462 462
393 394 394 537 537 537 537 538 506 506 506 506 506 505 505 505 505 505 504 504 504 504 504 503 502 502 503 503 502 501 502 501 501 501 501 500 499 500 499 498 497 497 497 496 495 496 495 494 493 493 493 492 491 490 490 489 488 487 486 486 485 484 483 483 482 480 479 478 477 476 475 473 472 471 469 468 466 464 463 462 460 460 460 461 461 461 461 461 461 462 462 462 462 462
538 539 539 539 539 539 540 540 540 540 540 508 508 508 507 507 507 507 507 506 506 506 506 505 504 505 505 505 504 505 504 503 504 503 503 503 502 502 501 501 501 499 499 498 498 497 496 495 495 494 493 492 491 491 490 490 489 488 488 486 485 484 484 483 482 480 479 479 478 476 475 473 473 471 470 468 466 465 464 462 460 460 461 461 461 461 461 461 462 462 462 462 462 463
541 541 541 541 541 542 542 542 542 542 542 542 542 541 509 509 509 509 509 509 508 508 508 507 508 507 507 507 507 507 506 506 506 506 505 506 504 504 503 504 503 501 501 501 501 499 498 497 498 496 495 494 494 492 492 491 490 489 488 487 485 485 484 483 482 481 480 479 478 476 475 474 473 471 470 468 467 466 464 462 460 461 461 461 461 461 462 462 462 462 462 462 463 463
543 543 543 543 543 544 544 544 544 544 544 544 543 543 543 543 511 511 511 511 510 510 509 510 510 509 509 510 510 509 509 508 508 508 508 508 506 506 506 506 505 504 504 503 503 501 500 501 500 498 497 497 496 495 494 494 493 491 490 489 488 486 485 483 482 482 480 479 478 476 476 474 473 471 470 469 467 466 464 462 461 461 461 461 461 462 462 462 462 462 462 463 463 463
545 545 545 545 546 546 546 546 546 545 545 545 545 545 545 545 545 545 545 513 513 511 512 512 512 511 512 512 512 511 511 511 510 511 510 509 508 509 508 508 507 507 506 505 505 503 503 503 502 500 500 499 499 497 497 496 495 493 492 492 490 489 487 485 485 484 481 480 479 477 476 474 473 471 471 469 467 466 464 463 461 461 461 461 462 462 462 462 462 462 463 463 463 463
547 547 546 546 547 547 547 547 547 547 547 547 547 547 547 547 547 547 547 546 546 546 514 514 514 515 514 514 514 513 513 513 513 513 511 511 511 511 510 510 509 509 508 507 507 506 505 505 504 503 502 501 501 500 499 498 497 495 495 494 492 491 489 488 487 486 484 482 482 479 478 477 474 474 471 469 468 466 465 463 461 461 461 462 462 462 462 462 462 463 463 463 463 463
548 548 548 548 549 549 549 549 549 549 549 549 549 549 549 549 548 548 548 548 549 548 548 548 549 517 515 515 516 515 515 516 515 514 513 514 514 513 512 512 511 511 510 510 509 508 507 507 506 505 504 504 504 502 501 500 498 498 497 496 494 493 493 490 489 488 486 485 484 482 480 479 477 476 474 471 470 468 466 463 461 461 462 462 462 462 462 462 463 463 463 463 463 464
550 550 550 551 551 551 551 551 551 551 551 550 550 550 550 550 550 550 550 551 551 551 550 550 550 550 549 518 518 517 518 517 516 516 517 516 516 514 515 514 513 513 512 512 511 510 510 509 508 507 506 507 505 504 503 502 501 500 499 497 496 496 495 492 491 491 489 487 486 484 483 482 479 478 476 473 473 470 468 466 463 464 463 463 462 462 463 463 463 463 463 463 464 464
552 551 551 552 552 552 552 552 552 552 552 552 552 552 552 552 552 552 553 552 552 552 552 552 552 552 552 552 551 551 519 519 518 519 519 517 517 516 517 516 516 514 514 514 513 512 512 511 510 509 510 508 507 506 505 504 503 502 501 499 499 498 496 495 494 493 491 489 488 487 485 484 481 480 477 477 475 472 470 468 467 466 465 465 464 465 464 464 464 463 463 464 464 464
553 553 553 554 554 554 554 554 554 554 554 554 554 554 553 553 553 554 554 554 554 555 554 554 554 554 554 553 553 554 553 553 520 520 520 519 519 519 519 517 517 517 516 516 515 514 514 513 512 511 511 510 509 508 507 506 505 504 502 502 501 499 498 498 496 494 493 492 490 489 487 485 483 482 480 479 477 474 472 471 469 468 467 467 467 467 467 466 466 465 466 465 465 464
555 555 556 556 555 555 555 555 555 555 556 556 556 556 556 555 555 556 556 556 557 556 556 555 556 556 556 555 556 556 554 554 555 554 522 521 522 520 520 519 520 519 518 517 517 516 516 515 513 513 513 512 510 510 509 508 506 505 505 504 502 501 500 500 497 496 495 494 492 491 488 487 485 484 482 481 478 476 475 473 471 470 469 470 469 469 468 468 468 468 468 467 467 466
556 556 557 557 557 557 557 557 557 558 558 558 558 558 557 557 557 557 557 558 558 558 558 558 558 558 557 557 557 557 556 557 557 556 555 555 555 522 522 522 521 520 520 520 519 519 517 516 516 516 514 513 513 512 511 509 508 508 507 505 504 503 503 501 500 498 497 496 494 492 491 489 489 486 484 483 480 479 477 475 473 471 472 472 471 471 470 470 470 470 470 469 469 468
558 558 558 558 558 558 558 558 559 559 559 559 559 559 559 560 560 559 559 560 559 559 560 559 559 559 560 559 559 559 558 558 558 557 558 557 557 555 556 523 523 522 523 521 520 520 519 519 517 517 516 516 515 513 512 511 511 509 508 507 506 505 504 503 502 499 499 498 495 494 493 492 490 488 487 484 483 481 479 477 474 474 474 473 473 473 472 473 472 472 471 471 471 471
559 560 560 560 560 560 560 560 561 561 561 561 561 560 561 561 561 560 561 561 561 562 562 562 561 561 561 560 560 561 561 560 560 559 559 558 558 558 558 557 556 524 524 523 522 522 521 520 519 519 519 517 516 515 514 513 512 511 510 508 508 507 506 504 503 502 501 499 498 496 495 493 492 490 488 487 485 483 481 478 477 476 475 475 475 474 475 474 474 474 473 474 473 473
694 695 695 695 695 695 695 696 696 696 696 696 696 697 697 697 697 698 696 696 562 563 563 563 563 563 563 563 563 562 562 561 562 561 561 560 560 560 559 558 558 558 558 556 523 524 523 522 521 521 520 519 518 516 516 516 515 513 512 511 510 508 507 506 506 504 502 501 500 498 497 495 493 491 491 488 486 485 482 481 479 477 477 477 476 477 477 476 476 475 476 476 475 475
696 697 697 697 697 697 697 697 697 697 697 697 697 698 698 698 699 699 698 698 699 699 699 698 698 698 698 699 698 698 698 698 697 696 562 562 562 562 561 560 560 559 559 558 558 557 524 523 523 523 521 520 519 519 519 517 516 515 515 513 511 510 509 508 507 506 504 502 502 500 499 496 495 494 492 490 488 486 485 483 480 479 479 478 479 479 478 478 477 478 478 477 477 476
697 698 698 698 698 698 699 699 699 699 699 699 700 700 699 700 700 700 700 700 700 700 700 701 700 700 699 700 699 699 699 699 699 698 697 698 697 697 696 697 696 694 694 694 559 559 558 556 525 524 523 522 521 520 520 519 518 517 516 515 514 511 511 510 509 507 505 505 504 501 500 498 497 495 494 492 489 489 487 484 482 481 480 481 481 480 480 479 480 480 479 479 478 478
699 699 699 699 699 699 700 700 700 700 700 701 701 701 701 702 702 702 702 701 701 701 702 702 702 701 702 702 701 700 701 700 700 700 700 700 699 698 698 698 697 696 697 695 695 694 693 693 693 691 658 658 657 523 521 520 520 519 518 516 515 514 513 511 510 509 508 506 505 503 501 500 499 497 495 493 493 490 488 486 483 482 483 482 482 482 481 481 482 481 481 480 480 481
701 701 701 700 700 700 701 701 701 701 702 702 702 702 703 703 703 704 704 703 703 704 703 703 703 703 703 703 702 703 703 701 701 702 701 701 700 701 700 699 698 698 698 697 697 695 695 694 694 693 692 691 658 658 657 657 655 654 653 652 517 516 514 513 511 511 509 508 506 504 504 503 500 499 497 495 494 492 490 487 485 485 484 484 484 483 483 483 483 483 482 482 483 482
702 702 702 702 702 703 703 703 703 704 703 703 703 704 704 704 704 705 705 705 705 705 705 705 705 704 704 704 704 704 704 703 704 704 702 702 702 702 701 701 700 700 699 698 698 698 697 696 695 694 694 693 692 691 659 658 657 655 654 654 653 652 649 648 648 647 645 509 508 507 505 504 502 500 498 497 496 493 491 489 487 486 486 485 485 485 485 485 485 484 484 484 484 484
703 703 703 703 703 704 704 704 704 705 705 705 706 706 705 705 706 706 706 706 706 706 706 707 707 706 706 706 706 705 705 705 705 705 704 703 703 703 702 702 702 702 700 699 700 699 698 698 696 696 695 694 694 693 692 691 658 657 657 655 654 653 651 650 649 648 647 644 644 643 641 639 637 636 500 498 497 495 492 491 489 487 487 487 486 487 487 486 486 486 485 486 486 485
704 704 704 704 704 705 705 705 706 706 706 706 707 707 707 708 708 707 707 708 707 707 707 708 708 707 707 708 708 706 706 707 706 706 705 706 705 704 703 704 703 703 702 701 701 700 699 699 699 698 696 695 695 695 694 692 691 690 658 657 655 654 654 652 650 649 648 646 645 644 642 641 638 638 636 634 632 630 629 626 491 489 488 488 489 488 488 488 487 487 488 487 487 487
