testData/tiles/oneDegreeCosts/grid21.0-17.0-22.0-18.0.asc
ncols   200
nrows   200
xllcorner   21.0
yllcorner   17.0
cellsize   0.005
NODATA_value   -9999.0
[rows 42 to 83 of 200, columns 94 to 187 of 200]
303 303 303 303 303 349 349 447 446 501 501 501 500 500 499 500 500 500 500 499 499 500 500 500 498 498 498 498 499 498 498 498 498 498 497 497 497 497 496 496 496 496 496 496 496 496 495 494 494 494 494 494 494 494 494 493 493 493 493 492 492 493 492 493 493 494 493 493 494 493 494 494 494 495 495 496 495 496 496 495 496 496 496 496 496 545 545 545 546 546 545 546 546 545
304 303 304 304 304 304 350 447 448 502 502 501 501 500 501 501 501 501 500 500 501 501 501 500 499 499 500 500 500 499 499 499 499 499 498 498 498 498 497 497 497 498 497 497 497 497 495 495 495 495 496 495 495 495 494 494 494 494 493 494 494 494 493 494 494 494 494 494 495 494 496 496 496 496 496 496 496 497 497 496 497 497 496 497 498 547 547 546 547 547 546 547 547 546
304 305 305 305 305 305 448 449 449 449 502 502 501 502 502 502 502 501 501 502 502 502 501 500 500 501 501 501 500 500 500 500 501 500 499 499 499 498 498 498 499 499 498 498 498 497 496 496 497 497 496 496 496 496 495 495 495 496 495 495 495 495 494 495 495 494 495 495 497 496 497 497 496 497 497 497 497 497 498 497 498 498 498 499 499 547 548 548 548 548 547 548 548 547
306 306 306 306 306 403 450 450 450 450 503 503 503 503 503 503 502 502 503 503 503 502 501 501 502 502 502 501 501 501 501 502 501 500 500 500 499 499 500 500 500 499 499 499 498 497 497 498 498 497 497 497 497 497 496 496 497 496 496 496 496 495 495 495 496 495 497 497 497 497 498 498 497 498 498 498 498 498 498 499 500 500 499 500 500 548 549 549 548 549 548 549 549 548
307 307 307 306 306 405 405 451 451 450 504 504 504 504 504 503 504 504 504 504 503 502 502 503 503 503 502 502 502 502 503 502 501 501 501 501 500 501 501 501 500 500 500 500 499 499 499 499 499 498 498 498 498 497 498 498 498 497 497 497 497 496 496 496 497 497 498 498 498 498 498 499 498 499 499 499 499 500 500 500 500 500 500 501 550 549 550 550 549 550 549 549 550 550
308 308 307 307 406 406 406 452 451 451 505 505 505 505 504 505 505 505 505 504 503 503 504 504 504 503 503 503 504 504 503 502 502 502 502 501 502 502 502 501 501 501 501 500 500 500 500 500 499 499 499 499 499 499 499 499 498 498 498 498 497 497 497 498 498 498 499 499 499 499 499 499 499 500 501 500 501 501 501 501 501 501 501 502 550 550 551 550 550 551 551 551 552 551
308 308 308 309 407 407 406 451 452 452 506 506 505 505 506 506 506 506 505 504 505 505 505 504 504 504 504 505 505 504 504 503 503 503 503 503 503 503 502 502 502 502 502 501 501 501 501 500 500 500 500 501 500 500 500 500 499 499 499 499 498 499 499 499 499 499 500 499 499 500 500 500 501 502 501 501 502 502 502 502 502 502 502 502 551 551 552 552 552 553 552 552 553 552
309 309 310 408 408 407 406 407 453 453 507 506 506 507 507 507 507 506 505 506 506 506 505 505 505 505 506 505 505 505 504 504 503 504 504 504 504 503 503 503 503 503 502 502 502 502 502 501 501 502 502 501 501 501 501 500 500 500 500 500 500 500 500 499 500 500 500 500 500 501 501 502 502 502 502 502 503 502 502 503 503 503 503 503 553 553 553 553 553 554 553 553 554 553
310 311 409 408 408 407 408 408 454 453 453 507 508 508 508 507 507 506 507 507 507 506 506 506 506 507 506 506 506 505 505 504 505 505 505 505 504 504 504 505 505 503 503 503 503 503 502 502 503 503 502 502 502 502 501 501 501 502 501 501 501 501 500 500 500 501 500 501 502 503 502 503 503 502 503 503 504 503 503 504 503 504 505 505 554 554 554 554 554 554 554 554 554 554
312 311 409 409 408 409 409 408 408 454 454 509 509 508 508 508 508 508 508 507 507 507 507 507 508 507 507 507 506 506 505 506 506 506 506 505 505 505 506 506 504 504 504 504 504 503 504 504 504 503 503 503 503 502 502 502 503 503 502 502 502 502 501 501 501 501 502 503 503 503 503 503 504 503 504 504 504 504 504 506 505 505 506 505 555 555 554 555 555 555 555 555 555 555
312 410 410 409 410 409 409 409 409 455 456 510 509 509 509 509 509 509 508 508 508 508 509 508 508 508 508 508 507 507 507 507 507 507 506 506 506 507 507 505 505 505 505 505 504 505 505 505 504 504 504 504 503 503 504 504 504 503 503 503 503 502 502 502 503 503 503 504 504 504 504 504 504 504 505 505 504 506 506 506 506 506 507 506 555 556 555 556 556 555 556 556 555 556
313 411 411 411 410 410 410 410 410 457 456 510 510 510 510 510 509 509 509 509 509 510 509 509 509 509 509 508 508 508 508 508 508 507 507 508 508 508 506 506 506 506 505 506 506 506 506 505 505 505 505 504 505 505 505 505 504 504 504 504 503 503 503 504 503 504 504 505 504 504 505 505 505 505 506 506 506 507 507 507 507 507 507 507 556 557 556 557 557 556 558 558 557 558
412 411 411 411 411 411 411 411 411 411 457 511 511 511 510 510 510 510 510 510 510 510 510 510 510 510 509 509 509 509 509 508 508 508 509 509 508 508 507 507 507 506 507 507 507 507 506 506 506 506 505 506 506 506 506 505 505 505 505 504 504 505 505 504 504 505 505 505 505 505 506 505 506 507 507 507 507 508 507 507 508 508 508 508 557 557 557 557 558 558 558 559 558 559
412 411 412 412 412 412 411 412 412 412 458 512 511 511 511 511 511 511 510 511 511 511 511 511 510 510 510 510 510 510 509 509 509 510 510 509 509 508 508 508 507 508 508 508 508 507 507 507 507 507 507 507 507 507 506 506 506 506 505 506 506 506 505 505 505 505 505 505 506 506 506 507 508 508 507 508 508 509 508 508 509 508 508 509 558 559 559 559 559 559 559 559 559 559
412 413 413 413 412 412 413 413 413 413 413 458 512 512 512 512 511 511 512 512 512 512 511 511 510 511 511 511 510 510 510 510 511 510 510 510 509 509 508 509 509 509 509 508 508 508 508 508 508 508 508 508 508 507 507 507 507 507 507 507 507 506 506 506 506 505 506 506 507 507 508 508 508 508 508 509 509 509 509 509 509 509 510 511 559 560 560 559 560 560 560 560 560 560
414 413 413 413 413 414 414 414 413 413 413 459 513 513 513 512 512 513 513 513 513 512 512 511 512 512 511 511 511 511 511 512 511 511 511 510 510 509 510 510 510 510 509 509 509 509 509 509 509 509 509 508 508 508 508 508 508 508 508 508 507 507 507 507 506 506 507 508 508 508 508 509 508 509 509 510 509 509 510 510 511 511 511 511 560 560 561 560 561 561 560 561 561 560
414 414 414 414 415 415 414 414 414 414 414 414 513 513 513 513 514 514 514 513 513 513 514 513 512 512 512 512 512 513 512 512 512 512 512 510 510 511 511 511 510 510 510 510 510 510 510 510 510 510 509 509 509 509 510 509 509 509 509 508 508 508 508 507 507 508 509 508 509 509 509 509 509 510 510 510 510 510 512 511 511 512 512 512 561 561 561 561 561 562 561 561 562 561
415 415 415 416 415 415 415 415 415 416 414 414 514 514 514 515 515 514 514 514 514 515 514 513 513 513 513 513 513 513 513 513 513 513 511 511 512 512 512 511 511 511 511 511 511 511 511 511 511 510 510 510 510 510 510 510 510 510 509 509 509 509 508 509 509 509 509 509 509 510 509 510 510 511 510 511 512 512 512 512 512 513 512 513 562 561 562 562 562 562 562 562 563 563
416 415 416 416 416 416 416 416 416 415 415 415 469 515 515 515 515 515 515 515 515 514 514 514 514 514 513 514 514 514 514 514 513 513 513 513 513 512 512 512 512 512 512 512 512 512 512 511 511 511 511 512 511 511 511 511 511 510 510 510 510 510 510 510 510 509 509 510 510 510 510 511 511 511 512 512 513 512 513 513 513 513 513 513 563 562 563 563 562 564 564 564 564 564
416 416 417 417 417 416 416 417 416 416 416 416 469 516 516 516 516 516 515 516 515 515 515 515 514 514 515 515 515 515 514 514 513 514 514 514 513 513 513 513 513 513 513 513 513 513 512 512 512 512 513 512 512 512 512 511 511 511 511 511 511 511 511 511 510 510 510 511 510 511 511 513 512 512 513 513 513 513 513 514 513 514 514 514 563 563 564 564 564 565 565 564 565 565
417 418 418 417 417 417 418 417 417 417 416 416 417 471 517 517 516 516 517 516 516 516 515 515 515 516 516 516 515 515 515 514 515 515 514 514 514 514 514 513 514 514 514 514 513 513 513 513 513 513 513 513 513 513 512 512 512 512 512 512 512 512 512 511 511 511 511 511 511 512 513 513 513 513 514 513 514 514 514 514 514 514 515 514 565 565 564 565 565 565 565 565 566 565
418 418 418 418 418 419 418 417 417 417 417 418 420 472 472 517 517 518 517 517 516 516 516 516 517 517 516 516 516 516 515 516 515 515 515 515 515 514 514 515 515 515 514 514 514 514 514 514 514 514 514 514 513 513 513 513 513 513 513 513 513 512 512 512 512 512 511 512 513 513 513 513 514 514 514 514 514 515 514 515 515 516 516 516 566 565 565 566 566 565 566 566 566 566
434 434 435 435 435 434 434 434 435 435 436 435 435 489 489 535 536 534 533 533 533 533 533 533 532 532 531 531 531 530 529 528 528 527 527 525 524 524 523 521 519 515 515 515 515 515 515 515 515 515 515 514 514 514 514 514 514 514 514 514 513 513 513 513 512 512 513 513 514 513 514 514 515 514 514 515 515 515 515 517 517 516 517 517 565 566 566 567 566 566 567 567 566 567
443 443 442 442 442 442 443 443 443 443 443 443 443 497 497 497 543 542 542 541 541 541 541 541 541 540 540 540 539 539 538 538 538 536 536 535 536 536 535 534 533 532 532 531 529 530 529 528 527 524 523 521 519 515 515 515 515 515 514 514 514 514 514 513 514 514 514 513 514 514 515 515 515 515 515 516 515 517 517 517 517 517 518 517 566 567 567 567 567 567 568 567 567 568
448 448 449 449 449 449 448 448 449 449 449 449 449 502 503 503 548 548 548 547 547 548 548 547 547 546 546 546 546 545 545 544 544 543 543 544 544 542 542 541 541 541 539 540 539 539 538 537 536 535 535 534 533 532 531 530 529 527 526 524 522 518 514 515 515 515 514 514 515 515 515 515 515 516 515 517 517 518 517 517 518 518 518 518 567 568 567 567 568 568 568 569 569 568
454 454 454 453 453 454 454 455 455 455 454 454 454 455 509 508 508 553 553 553 553 553 553 552 552 552 552 552 551 550 550 550 550 549 550 549 549 548 548 548 546 546 547 546 546 545 544 544 543 543 541 542 541 540 540 538 537 537 536 535 533 533 532 531 529 527 526 524 523 518 515 516 516 517 517 518 518 518 518 518 519 518 518 519 568 568 568 568 570 569 569 570 569 569
458 458 458 458 458 459 459 459 459 459 459 459 459 460 512 512 512 512 558 559 557 557 557 557 557 557 557 556 556 555 555 555 554 555 554 554 554 554 552 552 552 553 552 551 551 550 550 550 549 548 548 548 547 547 545 545 544 544 542 541 542 541 540 539 538 537 536 534 533 533 532 532 530 529 527 525 518 518 519 519 519 519 519 520 568 568 570 570 570 570 570 570 570 570
463 463 463 463 462 462 463 463 463 463 463 462 463 462 516 516 516 516 562 562 562 562 562 562 561 561 561 560 560 560 559 559 560 559 559 559 558 558 557 557 558 557 556 556 556 555 555 554 554 554 554 553 552 551 551 551 550 549 549 549 548 546 546 545 545 544 542 541 541 542 540 540 539 539 537 536 536 534 534 531 529 527 522 520 570 570 570 570 570 571 570 571 571 571
467 466 466 466 466 468 468 468 467 467 467 468 467 467 521 520 520 521 521 567 566 566 565 565 565 565 565 565 564 564 563 564 564 564 563 563 562 562 563 562 562 561 561 561 560 559 559 560 559 559 558 557 557 557 556 555 554 555 554 554 552 552 551 551 549 549 548 548 548 547 547 547 546 544 544 544 544 542 542 540 539 539 538 536 584 581 580 576 571 571 571 571 572 571
470 470 470 471 472 471 471 471 471 471 472 471 470 470 524 524 525 525 525 525 570 570 569 570 569 568 568 568 568 568 569 567 567 567 567 567 567 566 566 566 566 566 564 564 564 564 564 564 563 562 562 562 561 560 560 560 560 560 558 558 557 557 555 555 554 554 554 553 552 553 552 551 551 550 550 550 549 548 547 548 547 547 546 545 592 591 591 589 587 586 584 582 578 572
474 474 473 474 475 475 475 475 475 475 474 474 474 474 474 529 528 528 528 528 574 573 574 572 572 572 572 572 572 572 572 571 571 571 571 570 571 570 570 570 569 569 568 568 569 569 568 567 567 567 566 565 565 564 565 565 563 563 563 562 562 561 560 560 560 559 558 558 557 557 556 556 556 555 555 554 555 555 553 553 553 553 551 550 599 598 596 596 595 595 593 591 591 589
477 477 478 478 478 478 477 477 478 477 477 477 477 476 477 531 531 531 531 531 531 577 576 576 576 576 575 575 576 575 575 575 574 574 574 575 575 574 573 573 573 573 572 572 572 572 571 571 571 570 569 569 570 570 568 568 568 567 567 566 565 565 564 565 564 563 563 562 561 560 561 560 561 559 560 560 560 559 558 559 558 556 557 556 605 603 602 602 602 600 600 599 598 597
481 481 482 481 481 481 481 482 481 481 480 480 480 481 481 535 535 534 534 534 535 535 580 579 579 579 578 579 579 579 578 578 578 578 578 578 577 577 577 577 577 575 576 576 576 575 575 574 574 574 573 574 573 572 572 572 572 570 570 570 569 570 568 568 568 567 566 565 565 565 565 564 564 565 564 564 563 564 563 562 562 561 561 561 608 608 608 608 606 606 606 605 604 604
483 484 484 484 484 484 485 483 483 483 484 484 485 485 484 537 537 537 537 538 537 536 536 582 582 582 583 582 582 582 582 581 581 581 581 581 581 581 580 579 579 580 580 580 578 578 578 578 577 577 577 577 576 576 576 575 574 574 574 573 573 573 572 572 572 570 570 569 569 568 568 568 568 569 567 568 567 568 566 566 566 566 565 564 613 613 612 612 612 611 611 610 609 609
487 488 488 487 487 487 487 487 487 487 487 486 487 487 487 541 541 541 541 540 540 540 540 586 584 585 585 585 585 585 584 584 585 585 584 584 583 583 583 583 584 583 582 582 582 582 581 580 580 581 581 580 580 579 579 578 578 578 577 577 577 576 576 575 574 574 574 572 572 572 572 573 571 572 571 572 570 570 570 570 569 569 568 569 617 618 617 616 617 615 614 615 614 613
490 490 490 490 490 490 490 489 489 489 489 490 490 490 489 489 543 544 543 543 543 542 542 542 589 589 589 589 587 587 587 588 588 588 587 587 587 586 586 587 586 586 586 585 585 584 584 585 584 584 583 583 582 582 582 582 580 581 581 581 580 579 579 578 578 577 576 576 577 576 575 575 575 576 574 575 574 574 574 573 573 573 573 622 621 622 621 620 620 619 619 618 617 617
493 493 493 493 492 492 492 492 492 492 493 492 492 492 492 492 547 546 545 545 545 545 545 546 546 591 591 591 591 591 591 590 590 590 590 590 590 589 589 589 589 589 589 588 588 587 588 588 587 587 586 586 586 585 584 584 585 585 583 583 583 582 582 581 581 580 580 581 579 579 578 579 579 578 578 577 578 577 577 577 577 577 576 577 625 625 624 624 624 624 622 622 622 621
495 495 495 495 495 495 495 495 494 495 495 495 495 495 495 495 548 548 548 548 548 548 548 548 548 548 594 594 593 594 594 594 593 593 592 592 592 593 593 593 591 591 591 591 591 592 590 590 590 590 590 588 588 588 589 588 587 587 587 586 586 585 585 584 584 585 583 583 583 582 582 582 581 581 581 580 581 580 582 581 580 580 580 581 628 628 628 628 626 626 626 626 625 624
498 498 498 498 497 497 497 497 498 498 498 497 497 497 498 497 551 551 550 550 550 551 551 551 551 550 550 596 597 597 597 596 595 595 595 596 596 595 595 595 594 594 594 593 594 594 593 593 593 592 592 591 591 592 591 591 590 590 590 589 588 588 588 587 587 587 587 586 586 585 584 584 585 583 584 583 584 585 583 584 583 584 583 582 632 631 631 630 630 630 629 628 629 628
500 499 500 500 500 500 500 501 500 500 500 500 500 500 500 499 553 553 553 553 554 554 553 553 553 553 553 554 599 599 599 599 598 598 599 598 598 598 598 598 597 596 596 597 597 597 596 595 595 595 595 595 594 594 594 594 593 592 592 592 591 591 591 591 590 590 590 589 588 588 588 586 587 587 587 588 587 587 587 587 586 586 586 586 635 634 633 634 633 633 632 633 633 632
502 503 503 503 502 502 502 503 503 503 503 503 502 502 502 502 502 556 556 556 556 556 556 556 556 555 556 556 602 602 602 602 600 601 601 601 601 601 600 600 599 599 600 600 599 599 599 598 598 597 597 598 597 597 597 596 596 595 595 595 594 594 594 594 594 592 592 592 591 590 590 589 590 591 590 590 590 590 590 590 589 589 589 588 638 637 637 636 636 636 637 635 636 636
524 505 505 505 505 505 506 506 505 505 505 505 505 505 505 504 504 558 559 559 559 559 558 558 558 559 559 559 559 604 603 603 604 604 604 603 603 603 603 603 602 602 602 602 602 602 601 600 600 601 601 601 599 599 599 599 599 597 597 597 598 597 596 596 596 595 595 594 593 593 593 594 593 593 593 593 593 593 592 593 592 591 592 591 641 639 639 641 640 639 639 639 638 640
