testData/tiles/oneDegreeCosts/grid41.0-42.0-42.0-43.0.asc
ncols   200
nrows   200
xllcorner   41.0
yllcorner   42.0
cellsize   0.005
NODATA_value   -9999.0
[rows 126 to 167 of 200, columns 94 to 187 of 200]
453 453 452 452 452 452 452 452 452 452 452 452 452 452 452 452 452 452 452 452 452 452 452 452 452 452 478 478 478 478 478 478 478 478 478 478 478 478 478 478 478 478 478 478 478 478 478 478 478 478 478 478 478 656 656 656 656 656 656 656 656 656 656 656 656 656 656 694 694 694 694 694 694 694 694 694 694 694 694 694 694 694 694 694 694 694 694 694 694 694 694 694 694 694
452 452 452 452 452 452 452 452 452 452 452 452 452 452 452 452 452 452 452 452 452 452 452 452 452 452 478 478 478 478 478 478 478 478 478 478 478 478 478 478 478 478 478 478 478 478 478 478 478 478 478 478 478 478 656 656 656 656 656 656 656 656 656 656 656 656 694 694 694 694 694 694 694 694 694 694 694 694 694 694 694 694 694 694 694 694 694 694 694 694 694 694 694 694
452 452 452 452 452 452 452 452 452 452 452 452 452 452 452 452 452 452 452 452 452 452 452 452 452 452 478 478 478 478 478 478 478 478 478 478 478 478 478 478 478 478 478 478 478 478 478 478 478 478 478 478 478 478 656 656 656 656 656 656 656 656 656 656 656 656 694 694 694 694 694 694 694 694 694 694 694 694 694 694 694 694 694 694 694 694 694 694 694 694 694 694 694 694
452 452 452 452 452 452 452 452 452 452 452 452 452 452 452 452 452 452 452 452 452 452 452 452 452 452 478 478 478 478 478 478 478 478 478 478 478 478 478 478 478 478 478 478 478 478 478 478 478 478 478 478 478 478 478 656 656 656 656 656 656 656 656 656 656 694 694 694 694 694 694 694 694 694 694 694 694 694 694 694 694 694 694 694 694 694 694 694 694 694 694 694 694 694
452 452 452 452 452 452 452 452 452 452 452 452 452 452 452 452 452 452 452 452 452 452 452 452 452 452 478 478 478 478 478 478 478 478 478 478 478 478 478 478 478 478 478 478 478 478 478 478 478 478 478 478 478 478 478 656 656 656 656 656 656 656 656 656 656 694 694 694 694 694 694 694 694 694 694 694 694 694 694 694 694 694 694 694 694 694 694 694 694 694 694 694 694 694
452 452 452 452 452 452 452 452 452 452 452 452 452 452 452 452 452 452 452 452 452 452 452 452 452 452 478 478 478 478 478 478 478 478 478 478 478 478 478 478 478 478 478 478 478 478 478 478 478 478 478 478 478 478 478 478 656 656 656 656 656 656 656 656 694 694 694 694 694 694 694 694 694 694 694 694 694 694 694 694 694 694 694 694 694 694 694 694 694 694 694 694 694 694
452 452 452 452 452 452 452 452 452 452 452 452 452 452 452 452 452 452 452 452 452 452 452 452 452 452 478 478 478 478 478 478 478 478 478 478 478 478 478 478 478 478 478 478 478 478 478 478 478 478 478 478 478 478 478 478 656 656 656 656 656 656 656 656 694 694 694 694 694 694 694 694 694 694 694 694 694 694 694 694 694 694 694 694 694 694 694 694 694 694 694 694 694 694
452 452 452 452 452 452 452 452 452 452 452 452 452 452 452 452 452 452 452 452 452 452 452 452 452 452 478 478 478 478 478 478 478 478 478 478 478 478 478 478 478 478 478 478 478 478 478 478 478 478 478 478 478 478 478 478 478 656 656 656 656 656 656 656 694 694 694 694 694 694 694 694 694 694 694 694 694 694 694 694 694 694 694 694 694 694 694 694 694 694 694 694 694 694
452 452 452 452 452 452 452 452 452 452 452 452 452 452 452 452 452 452 452 452 452 452 452 452 452 452 478 478 478 478 478 478 478 478 478 478 478 478 478 478 478 478 478 478 478 478 478 478 478 478 478 478 478 478 478 478 478 656 656 656 656 656 656 694 694 694 694 694 694 694 694 694 694 694 694 694 694 694 694 694 694 694 694 694 694 694 694 694 694 694 694 694 694 694
452 452 452 452 452 452 452 452 452 452 452 452 452 452 452 452 452 452 452 452 452 452 452 452 452 452 452 478 478 478 478 478 478 478 478 478 478 479 479 479 479 479 479 479 479 479 479 479 479 479 479 479 478 478 478 478 478 478 656 656 656 656 656 694 694 694 694 694 694 694 694 694 694 694 694 694 694 694 694 694 694 694 694 694 694 694 694 694 694 694 694 694 694 694
452 452 452 452 452 452 452 452 452 452 452 452 452 452 452 452 452 452 452 452 452 452 452 452 452 452 453 479 479 479 479 479 479 479 479 479 479 479 479 479 479 479 479 479 480 479 479 479 479 479 479 479 479 479 479 479 479 479 479 657 657 657 657 694 694 694 694 694 694 694 694 694 694 694 694 694 694 694 694 694 694 694 694 694 694 694 694 694 694 694 694 694 694 694
452 452 452 452 452 452 452 452 452 452 452 452 452 452 452 452 452 452 452 453 453 453 453 453 453 453 453 480 480 480 480 480 480 480 480 480 480 480 480 480 480 480 480 480 480 480 480 480 480 480 480 480 480 480 480 480 480 480 480 658 658 658 695 695 695 695 695 695 695 695 694 694 694 694 694 694 694 694 694 694 694 694 694 694 694 694 694 694 694 694 694 694 694 694
452 452 452 452 452 452 452 452 452 452 452 452 452 452 453 453 453 453 453 453 454 454 454 454 454 454 454 480 480 481 481 481 481 481 481 481 481 481 481 481 481 481 481 481 481 481 481 481 481 481 481 481 481 481 481 481 481 481 481 481 658 658 696 696 696 696 696 696 696 695 695 695 695 695 695 694 694 694 694 694 694 694 694 694 694 694 694 694 694 694 694 694 694 694
452 452 452 452 452 452 452 452 452 452 453 453 453 453 453 454 454 454 454 454 454 455 455 455 455 455 455 481 481 481 481 482 482 482 482 482 482 482 482 482 482 482 482 482 482 482 482 482 482 482 482 482 482 482 482 482 482 482 481 481 659 697 697 697 697 697 697 697 696 696 696 696 696 696 695 695 695 695 695 694 694 694 694 694 694 694 694 694 694 694 694 694 694 694
452 452 452 452 452 452 453 453 453 453 454 454 454 454 454 454 455 455 455 455 455 455 455 456 456 456 456 482 482 482 482 482 482 483 483 483 483 483 483 483 483 483 483 483 483 483 483 483 483 483 483 483 483 483 483 483 482 482 482 482 482 698 698 698 698 698 697 697 697 697 697 697 697 696 696 696 696 696 696 695 695 695 695 694 694 694 694 694 694 694 694 694 694 694
452 452 453 453 453 453 454 454 454 454 454 455 455 455 455 455 455 456 456 456 456 456 456 456 457 457 457 483 483 483 483 483 483 483 483 484 484 484 484 484 484 484 484 484 484 484 484 484 484 484 484 484 484 484 483 483 483 483 483 483 483 699 699 699 699 698 698 698 698 698 698 698 697 697 697 697 697 697 696 696 696 696 696 695 695 695 695 694 694 694 694 694 694 694
453 453 453 454 454 454 454 455 455 455 455 455 456 456 456 456 456 456 457 457 457 457 457 457 457 458 458 484 484 484 484 484 484 484 484 484 484 484 485 485 485 485 485 485 485 485 485 485 485 485 485 484 484 484 484 484 484 484 484 484 522 522 700 700 699 699 699 699 699 699 699 698 698 698 698 698 698 697 697 697 697 697 696 696 696 696 695 695 695 695 694 694 694 694
454 454 454 454 455 455 455 455 456 456 456 456 456 457 457 457 457 457 457 458 458 458 458 458 458 458 459 485 485 485 485 485 485 485 485 485 485 485 485 485 485 485 485 485 486 485 485 485 485 485 485 485 485 485 485 485 485 485 485 485 523 523 523 700 700 700 700 700 700 700 699 699 699 699 699 699 698 698 698 698 698 697 697 697 697 696 696 696 696 695 695 695 695 694
455 455 455 455 456 456 456 456 456 457 457 457 457 457 458 458 458 458 458 458 459 459 459 459 459 459 459 485 486 486 486 486 486 486 486 486 486 486 486 486 486 486 486 486 486 486 486 486 486 486 486 486 486 486 486 486 486 486 486 486 524 523 523 701 701 701 701 701 701 700 700 700 700 700 700 699 699 699 699 699 698 698 698 698 698 697 697 697 697 696 696 696 695 695
455 456 456 456 456 457 457 457 457 457 458 458 458 458 458 459 459 459 459 459 459 460 460 460 460 460 460 460 486 487 487 487 487 487 487 487 487 487 487 487 487 487 487 487 487 487 487 487 487 487 487 487 487 487 487 487 487 487 487 525 524 524 524 524 702 702 702 702 701 701 701 701 701 701 700 700 700 700 700 699 699 699 699 699 698 698 698 698 697 697 697 697 696 696
456 456 457 457 457 457 458 458 458 458 459 459 459 459 459 459 460 460 460 460 460 460 461 461 461 461 461 461 487 487 487 488 488 488 488 488 488 488 488 488 488 488 488 488 488 488 488 488 488 488 488 488 488 488 488 488 488 488 487 525 525 525 525 525 703 703 703 702 702 702 702 702 702 701 701 701 701 701 701 700 700 700 700 699 699 699 699 698 698 698 698 697 697 697
457 457 457 458 458 458 458 459 459 459 459 460 460 460 460 460 460 461 461 461 461 461 461 462 462 462 462 462 488 488 488 488 488 489 489 489 489 489 489 489 489 489 489 489 489 489 489 489 489 489 489 489 489 489 489 489 488 488 488 526 526 526 526 526 526 704 703 703 703 703 703 703 702 702 702 702 702 702 701 701 701 701 700 700 700 700 699 699 699 699 698 698 698 698
458 458 458 459 459 459 459 460 460 460 460 460 461 461 461 461 461 461 462 462 462 462 462 462 463 463 463 463 489 489 489 489 489 489 489 490 490 490 490 490 490 490 490 490 490 490 490 490 490 490 490 490 490 490 489 489 489 489 527 527 527 527 527 527 527 527 704 704 704 704 704 703 703 703 703 703 703 702 702 702 702 702 701 701 701 701 700 700 700 700 699 699 699 698
459 459 459 459 460 460 460 460 461 461 461 461 461 462 462 462 462 462 463 463 463 463 463 463 463 463 464 464 490 490 490 490 490 490 490 490 490 490 491 491 491 491 491 491 491 491 491 491 491 491 491 490 490 490 490 490 490 490 528 528 528 528 528 527 527 527 705 705 705 705 705 704 704 704 704 704 703 703 703 703 703 702 702 702 702 701 701 701 701 700 700 700 699 699
459 460 460 460 460 461 461 461 461 462 462 462 462 462 463 463 463 463 463 464 464 464 464 464 464 464 464 465 491 491 491 491 491 491 491 491 491 491 491 491 491 491 491 491 492 491 491 491 491 491 491 491 491 491 491 491 491 491 529 529 529 529 528 528 528 528 528 706 706 706 705 705 705 705 705 704 704 704 704 704 703 703 703 703 702 702 702 702 701 701 701 701 700 700
460 461 461 461 461 462 462 462 462 462 463 463 463 463 463 464 464 464 464 464 465 465 465 465 465 465 465 465 492 492 492 492 492 492 492 492 492 492 492 492 492 492 492 492 492 492 492 492 492 492 492 492 492 492 492 492 492 530 530 530 530 529 529 529 529 529 529 529 707 706 706 706 706 706 705 705 705 705 705 704 704 704 704 704 703 703 703 703 702 702 702 701 701 701
461 461 462 462 462 462 463 463 463 463 463 464 464 464 464 464 465 465 465 465 465 465 466 466 466 466 466 466 492 492 493 493 493 493 493 493 493 493 493 493 493 493 493 493 493 493 493 493 493 493 493 493 493 493 493 493 493 531 531 530 530 530 530 530 530 530 530 529 707 707 707 707 707 706 706 706 706 706 705 705 705 705 705 704 704 704 704 703 703 703 702 702 702 702
462 462 462 463 463 463 463 464 464 464 464 465 465 465 465 465 466 466 466 466 466 466 466 467 467 467 467 467 467 493 493 494 494 494 494 494 494 494 494 494 494 494 494 494 494 494 494 494 494 494 494 494 494 494 494 494 494 532 531 531 531 531 531 531 531 531 530 530 530 708 708 708 708 707 707 707 707 707 706 706 706 706 705 705 705 705 704 704 704 704 703 703 703 702
463 463 463 463 464 464 464 464 465 465 465 465 466 466 466 466 466 467 467 467 467 467 467 467 468 468 468 468 468 494 494 494 494 495 495 495 495 495 495 495 495 495 495 495 495 495 495 495 495 495 495 495 495 495 495 495 494 532 532 532 532 532 532 532 532 531 531 531 531 531 709 709 708 708 708 708 708 707 707 707 707 706 706 706 706 705 705 705 705 704 704 704 704 703
463 464 464 464 465 465 465 465 466 466 466 466 466 467 467 467 467 467 468 468 468 468 468 468 468 469 469 469 469 495 495 495 495 495 495 496 496 496 496 496 496 496 496 496 496 496 496 496 496 496 496 496 496 496 495 495 533 533 533 533 533 533 533 533 532 532 532 532 532 532 710 709 709 709 709 709 708 708 708 708 708 707 707 707 707 706 706 706 705 705 705 705 704 704
464 465 465 465 465 466 466 466 466 467 467 467 467 467 468 468 468 468 468 469 469 469 469 469 469 469 470 470 470 496 496 496 496 496 496 496 496 496 497 497 497 497 497 497 497 497 497 497 497 497 497 496 496 496 496 496 534 534 534 534 534 534 534 533 533 533 533 533 533 533 533 710 710 710 710 709 709 709 709 709 708 708 708 708 707 707 707 707 706 706 706 705 705 705
465 465 466 466 466 466 467 467 467 467 468 468 468 468 468 469 469 469 469 469 470 470 470 470 470 470 470 471 471 497 497 497 497 497 497 497 497 497 497 497 497 497 497 497 498 497 497 497 497 497 497 497 497 497 497 497 535 535 535 535 535 535 534 534 534 534 534 534 534 533 533 533 711 711 710 710 710 710 710 709 709 709 709 708 708 708 708 707 707 707 707 706 706 706
466 466 466 467 467 467 468 468 468 468 468 469 469 469 469 470 470 470 470 470 470 471 471 471 471 471 471 471 471 498 498 498 498 498 498 498 498 498 498 498 498 498 498 498 498 498 498 498 498 498 498 498 498 498 498 536 536 536 536 536 535 535 535 535 535 535 535 535 534 534 534 534 712 712 711 711 711 711 710 710 710 710 710 709 709 709 708 708 708 708 707 707 707 706
467 467 467 468 468 468 468 469 469 469 469 470 470 470 470 470 471 471 471 471 471 471 472 472 472 472 472 472 472 472 499 499 499 499 499 499 499 499 499 499 499 499 499 499 499 499 499 499 499 499 499 499 499 499 499 537 537 537 537 536 536 536 536 536 536 536 536 535 535 535 535 535 535 712 712 712 712 712 711 711 711 711 710 710 710 710 709 709 709 708 708 708 708 707
468 468 468 468 469 469 469 469 470 470 470 470 471 471 471 471 471 472 472 472 472 472 472 473 473 473 473 473 473 473 499 499 500 500 500 500 500 500 500 500 500 500 500 500 500 500 500 500 500 500 500 500 500 500 500 538 538 537 537 537 537 537 537 537 537 537 536 536 536 536 536 536 535 535 713 713 713 712 712 712 712 711 711 711 711 710 710 710 710 709 709 709 708 708
468 469 469 469 469 470 470 470 470 471 471 471 471 472 472 472 472 472 473 473 473 473 473 473 474 474 474 474 474 474 500 500 500 501 501 501 501 501 501 501 501 501 501 501 501 501 501 501 501 501 501 501 501 501 501 539 538 538 538 538 538 538 538 538 538 537 537 537 537 537 537 536 536 536 536 714 713 713 713 713 712 712 712 712 711 711 711 711 710 710 710 709 709 709
469 469 470 470 470 471 471 471 471 472 472 472 472 472 473 473 473 473 473 474 474 474 474 474 474 475 475 475 475 475 501 501 501 501 501 501 502 502 502 502 502 502 502 502 502 502 502 502 502 502 502 502 502 501 539 539 539 539 539 539 539 539 539 539 538 538 538 538 538 538 537 537 537 537 537 714 714 714 714 714 713 713 713 713 712 712 712 711 711 711 711 710 710 710
470 470 471 471 471 471 472 472 472 472 473 473 473 473 473 474 474 474 474 474 475 475 475 475 475 475 475 476 476 476 502 502 502 502 502 502 502 502 503 503 503 503 503 503 503 503 503 503 503 503 503 502 502 502 540 540 540 540 540 540 540 540 539 539 539 539 539 539 539 538 538 538 538 538 537 537 715 715 715 714 714 714 714 713 713 713 713 712 712 712 711 711 711 710
471 471 471 472 472 472 472 473 473 473 473 474 474 474 474 475 475 475 475 475 475 476 476 476 476 476 476 476 477 477 503 503 503 503 503 503 503 503 503 503 503 503 503 503 504 503 503 503 503 503 503 503 503 503 541 541 541 541 541 541 541 540 540 540 540 540 540 540 539 539 539 539 539 539 538 538 538 716 715 715 715 715 714 714 714 714 713 713 713 712 712 712 712 711
472 472 472 472 473 473 473 474 474 474 474 474 475 475 475 475 476 476 476 476 476 476 477 477 477 477 477 477 477 478 478 504 504 504 504 504 504 504 504 504 504 504 504 504 504 504 504 504 504 504 504 504 504 504 542 542 542 542 542 542 541 541 541 541 541 541 541 540 540 540 540 540 540 539 539 539 539 716 716 716 716 716 715 715 715 714 714 714 714 713 713 713 712 712
472 473 473 473 474 474 474 474 475 514 475 475 476 476 476 476 476 477 477 477 477 477 477 478 478 478 478 478 478 478 478 505 505 505 505 505 505 505 505 505 505 505 505 505 505 505 505 505 505 505 505 505 505 543 543 543 543 543 542 542 542 542 542 542 542 542 541 541 541 541 541 541 540 540 540 540 540 540 717 717 717 716 716 716 716 715 715 715 714 714 714 713 713 713
512 512 513 513 513 514 514 514 514 515 515 515 515 516 516 516 516 516 517 517 517 517 517 517 518 518 518 518 518 518 518 544 545 545 545 545 545 545 545 545 545 545 545 545 545 545 545 545 545 545 545 545 545 583 583 583 583 582 582 582 582 582 582 582 543 542 542 542 542 542 542 541 541 541 541 541 540 540 540 718 717 717 717 717 716 716 716 715 715 715 715 714 714 714
