testData/tiles/oneDegreeCosts/grid45.0-46.0-46.0-47.0.asc
ncols   200
nrows   200
xllcorner   45.0
yllcorner   46.0
cellsize   0.005
NODATA_value   -9999.0
[rows 126 to 167 of 200, columns 94 to 187 of 200]
577 577 577 578 578 578 578 580 580 580 580 581 580 580 580 581 581 581 581 582 582 582 581 582 582 582 582 582 583 583 583 582 582 583 583 584 584 584 585 584 584 584 584 585 585 585 585 584 584 585 585 585 585 585 585 585 585 585 585 585 585 585 585 585 585 585 585 585 584 584 585 585 585 585 586 585 585 585 585 586 604 603 603 603 643 643 643 642 642 642 643 644 647 648
577 577 577 578 578 578 578 579 580 579 579 580 580 580 580 581 581 581 581 582 581 581 581 581 582 582 582 582 583 582 582 582 582 583 583 583 584 584 584 584 584 584 584 584 585 584 584 584 584 585 585 585 585 584 584 584 585 585 585 585 584 584 584 585 585 585 585 584 584 584 585 585 585 585 584 584 585 585 585 586 603 603 603 603 643 643 642 642 642 642 643 644 646 648
577 577 577 577 578 578 577 578 578 579 579 580 580 580 580 581 581 580 580 581 581 581 581 581 582 582 582 581 582 582 582 582 582 583 583 583 582 583 584 584 584 584 584 584 584 584 584 584 584 584 585 584 584 584 584 584 585 585 585 584 584 584 584 585 585 585 584 584 584 584 584 585 584 584 584 584 584 584 585 584 585 603 603 603 643 642 642 642 642 642 642 643 645 648
577 577 577 577 577 577 577 577 578 578 579 580 580 580 580 579 580 580 580 580 581 581 581 581 582 581 581 581 581 582 582 582 582 582 582 582 582 582 582 584 584 584 583 583 584 584 584 584 584 584 584 584 584 584 584 584 585 584 584 584 584 584 584 585 584 584 584 584 584 584 584 584 584 584 584 584 584 584 583 583 584 603 603 603 642 642 642 642 642 642 641 642 645 648
577 577 577 577 577 577 577 577 578 578 578 579 579 579 579 579 580 580 580 580 581 581 581 580 581 581 581 581 581 582 582 582 581 581 582 582 582 582 582 583 583 583 583 583 583 584 584 584 583 583 584 584 584 584 584 584 583 584 584 584 584 584 584 583 584 584 584 584 584 584 583 583 584 584 584 584 583 583 583 583 583 584 602 602 642 642 642 642 642 641 641 641 644 647
718 577 577 577 577 577 577 577 578 578 577 577 579 579 579 579 580 580 580 580 580 580 580 580 580 581 581 581 581 582 581 581 581 581 582 582 582 582 581 582 582 582 583 583 583 584 583 583 583 583 583 584 584 584 583 583 583 584 584 584 584 583 583 583 584 584 584 584 583 583 583 583 584 584 584 583 583 583 583 583 583 582 601 601 641 641 642 642 641 641 641 641 644 646
718 719 719 577 577 577 577 577 577 577 577 577 578 578 579 579 580 580 579 579 579 580 580 580 580 581 581 581 580 580 581 581 581 581 581 582 581 581 581 581 582 582 582 583 583 583 583 583 583 583 583 584 583 583 583 583 583 583 584 584 583 583 583 583 583 584 584 583 583 583 583 583 583 584 583 583 583 583 583 583 582 582 583 601 641 641 640 640 641 641 641 641 643 645
718 719 719 719 718 719 577 577 577 577 577 577 577 578 578 578 578 579 579 579 579 580 580 580 580 580 580 580 580 580 581 581 581 581 581 581 581 581 581 581 582 582 582 581 581 582 583 583 583 583 583 582 583 583 583 583 583 583 583 583 583 583 583 583 583 583 583 583 583 583 583 583 582 583 583 583 583 583 583 582 582 582 582 601 641 640 640 640 640 640 640 639 642 644
718 718 718 718 718 719 719 719 577 577 577 577 577 577 577 577 577 579 579 579 579 580 580 579 579 579 580 580 580 580 581 581 581 580 580 581 581 581 581 581 581 581 581 581 581 581 582 583 583 582 582 582 583 583 583 583 583 582 582 583 583 583 583 583 582 582 583 583 583 583 583 582 582 582 583 583 583 582 582 582 582 582 582 582 600 640 640 640 640 640 639 639 641 643
717 717 718 718 718 719 719 719 719 720 577 577 577 577 577 577 577 578 579 579 579 578 579 579 579 579 580 580 580 580 579 580 580 580 580 580 581 581 581 580 580 581 581 581 581 581 581 581 581 582 582 582 582 583 583 582 582 582 582 583 583 583 582 582 582 582 583 583 583 582 582 582 582 582 582 583 582 582 582 582 582 582 582 581 599 640 640 640 640 639 639 639 640 643
717 717 718 718 718 718 719 718 718 718 719 719 577 577 577 577 577 577 577 577 578 578 579 579 579 579 580 580 579 579 579 580 580 580 580 580 581 580 580 580 580 581 581 581 581 581 580 581 581 581 581 582 582 582 582 582 582 582 582 582 583 582 582 582 582 582 582 583 582 582 582 582 582 582 582 582 582 582 582 582 582 581 581 581 581 639 640 640 639 639 639 639 640 643
717 717 718 718 717 717 718 718 718 718 719 719 719 719 577 577 577 577 577 577 577 577 579 579 579 579 578 579 579 579 579 579 580 580 580 579 579 580 580 580 580 580 581 581 580 580 580 581 581 581 581 581 580 580 582 582 582 582 582 581 582 582 582 582 582 582 581 581 582 582 582 582 582 581 581 581 582 582 582 582 581 581 581 581 581 621 639 639 639 639 639 639 640 641
717 716 716 717 717 717 718 718 718 718 719 719 719 718 719 577 577 577 577 577 577 577 577 578 578 578 578 579 579 579 579 579 580 579 579 579 579 580 580 580 580 580 580 580 580 580 580 580 581 581 580 580 580 580 581 581 582 582 581 581 581 582 582 582 582 581 581 581 582 582 582 582 581 581 581 581 581 582 582 581 581 581 581 581 581 620 638 639 639 639 639 638 638 641
715 716 716 717 717 717 717 718 718 718 718 718 718 718 718 719 719 577 577 577 577 577 577 577 577 577 578 578 579 579 579 578 579 579 579 579 579 580 580 580 579 579 579 580 580 580 580 580 580 580 580 580 580 580 580 581 580 580 580 581 581 582 582 581 581 581 581 581 581 582 582 581 581 581 581 581 581 580 581 581 581 581 581 581 580 620 620 638 639 639 638 638 638 641
715 715 715 717 717 717 717 718 717 717 717 718 718 718 718 719 719 719 719 577 577 577 577 577 577 577 577 577 579 578 578 578 578 579 579 579 579 579 579 579 579 579 579 580 580 580 580 579 579 580 580 580 580 580 579 580 580 580 580 580 580 580 581 581 581 581 581 581 581 580 581 581 581 581 581 581 580 580 580 581 581 581 581 580 580 620 620 620 638 637 638 638 638 640
715 715 715 715 717 716 716 717 717 717 717 718 718 718 718 719 718 718 718 718 577 577 577 577 577 577 577 576 577 577 578 578 578 579 579 579 578 578 579 579 579 579 579 579 580 579 579 579 579 579 580 580 580 579 579 579 580 580 580 580 579 579 579 580 580 581 581 581 580 580 580 581 581 581 581 580 580 580 580 580 581 580 580 580 580 620 620 620 637 637 637 638 638 640
715 714 714 714 715 715 716 716 717 717 717 717 718 718 717 717 718 718 718 718 719 719 577 577 577 576 576 576 576 577 577 577 578 578 578 578 578 578 578 579 579 579 579 578 579 579 579 579 579 579 580 579 579 579 579 579 579 580 580 579 579 579 579 579 580 580 579 579 580 580 580 581 581 580 580 580 580 580 580 580 579 580 580 580 580 580 619 619 619 637 637 637 638 639
713 714 714 714 715 715 715 715 717 717 717 716 717 717 717 717 718 718 718 718 719 719 718 718 576 576 576 576 576 577 577 577 576 576 578 578 578 578 578 579 579 578 578 578 578 579 579 579 579 578 578 579 579 579 579 579 579 579 579 579 579 579 579 579 580 579 579 579 579 579 579 580 580 580 580 580 580 580 579 579 579 579 580 580 580 579 619 619 619 619 637 637 636 638
713 714 714 714 714 715 715 715 714 715 716 716 716 717 717 717 717 718 718 718 717 718 718 718 718 576 576 576 576 576 576 576 576 576 576 577 577 578 578 577 578 578 578 578 578 579 579 578 578 578 578 579 579 579 579 578 578 578 579 579 579 579 579 578 578 579 579 579 579 579 578 578 578 579 579 580 580 579 579 579 579 579 579 580 579 579 619 619 619 619 618 636 636 637
713 713 714 714 714 714 714 714 714 715 715 715 716 717 717 717 717 717 717 717 717 718 718 718 718 718 719 576 576 576 576 576 576 576 576 577 577 576 576 577 577 578 578 578 578 578 578 578 578 578 578 578 579 579 578 578 578 578 578 579 579 578 578 578 578 578 579 579 579 578 578 578 578 578 579 579 578 578 578 579 579 579 578 578 579 579 619 619 619 618 618 636 636 637
713 713 713 713 713 713 714 714 714 715 715 715 715 716 716 716 716 717 717 717 717 717 718 718 718 717 718 718 576 576 576 576 576 576 576 575 576 576 576 576 576 577 578 578 577 577 577 578 578 578 578 578 577 578 578 578 578 578 578 579 578 578 578 578 578 578 578 578 578 578 578 578 578 578 577 578 578 578 578 578 578 577 577 578 578 579 619 619 618 618 618 618 636 636
712 712 713 713 713 713 714 714 714 714 715 715 714 714 715 715 715 716 717 717 717 717 718 717 717 717 717 718 718 718 576 576 576 575 575 575 576 576 576 576 576 576 576 576 576 577 577 578 578 578 577 577 577 578 578 578 578 578 577 577 578 578 578 578 578 578 577 578 578 578 578 578 578 577 577 577 578 578 578 578 577 577 577 577 577 577 617 617 618 618 618 618 618 635
712 712 712 713 713 713 713 714 714 713 714 714 714 714 715 715 715 715 716 717 716 716 716 717 717 717 717 718 718 718 717 575 575 575 575 575 575 576 576 576 575 575 576 576 576 576 576 576 577 577 577 577 577 577 578 578 577 577 577 577 577 578 578 578 577 577 577 577 578 578 578 577 577 577 577 577 577 578 577 577 577 577 577 577 577 576 616 617 617 617 617 617 616 617
712 712 712 713 713 712 712 713 713 713 713 714 714 714 714 715 715 715 714 715 715 715 716 717 717 717 717 717 717 717 717 717 575 575 575 575 575 575 575 575 575 575 575 576 576 576 575 575 575 576 576 577 577 577 577 577 577 577 577 577 577 577 577 577 577 577 577 577 577 578 577 577 577 577 577 577 577 576 577 577 577 577 577 577 576 576 616 616 616 617 616 616 616 616
711 712 711 711 712 712 712 713 713 713 713 714 714 714 714 714 714 714 714 715 715 715 715 715 717 717 716 716 717 717 717 717 717 718 575 575 574 574 575 575 575 575 575 575 576 575 575 575 575 576 576 576 576 575 575 576 577 577 577 577 577 576 576 577 577 577 577 577 576 576 577 577 577 577 577 576 576 576 576 577 577 577 576 576 576 576 576 616 616 615 616 616 616 616
709 710 710 710 712 712 712 712 713 713 713 713 713 713 713 713 714 714 714 714 715 715 715 714 715 715 715 716 716 717 717 717 717 716 717 574 574 574 574 575 575 575 575 574 575 575 575 575 575 575 576 575 575 575 575 575 575 576 576 576 576 576 576 577 577 577 577 576 576 576 576 577 577 577 576 576 576 576 576 576 577 576 576 576 576 576 576 616 615 615 615 615 616 616
709 710 710 710 710 711 712 712 713 712 712 712 713 713 713 713 714 714 714 714 714 714 714 714 714 715 715 715 715 715 717 716 716 716 717 717 574 574 574 574 575 574 574 574 574 575 575 575 575 574 574 575 575 575 575 575 575 575 575 575 575 575 575 576 577 576 576 576 576 576 576 576 576 576 576 576 576 576 576 575 575 575 576 576 576 576 575 615 615 615 615 615 615 615
709 709 710 710 710 711 710 710 710 712 712 712 712 713 713 713 713 714 713 713 713 714 714 714 714 714 715 715 715 714 715 715 715 716 716 717 717 717 573 573 574 574 574 574 574 574 575 574 574 574 574 574 575 575 575 575 574 574 575 575 575 575 575 574 574 575 575 576 576 576 576 575 575 576 576 576 576 576 575 575 575 575 575 576 576 575 575 615 615 615 615 614 614 614
709 709 709 709 709 709 710 710 710 711 711 712 712 713 713 712 712 713 713 713 713 713 714 714 714 714 714 714 714 714 714 715 715 715 715 715 716 716 716 573 573 574 574 574 574 573 573 574 574 574 574 574 574 575 574 574 574 574 574 575 575 575 574 574 574 574 575 575 575 574 574 575 575 575 575 576 575 575 575 575 575 575 575 574 575 575 575 615 615 615 614 614 614 614
708 708 709 709 709 709 710 710 710 710 711 711 710 710 712 712 712 712 713 713 713 713 714 714 713 713 713 714 714 714 714 714 715 715 714 714 715 715 715 715 573 573 574 573 573 573 573 574 574 574 574 574 573 574 574 574 574 574 574 574 574 574 574 574 574 574 574 575 574 574 574 574 574 574 574 573 575 575 575 575 575 575 574 574 574 574 575 615 615 614 614 614 614 614
708 708 708 709 709 709 709 710 710 709 709 710 710 710 710 711 711 712 712 713 713 712 712 713 713 713 713 714 714 714 714 714 714 714 714 714 714 715 715 715 715 573 573 573 573 573 573 573 574 574 573 573 573 573 574 574 574 574 573 573 573 574 574 574 574 574 573 573 574 574 574 574 574 573 573 573 573 574 574 574 574 573 574 574 574 574 574 614 614 614 614 614 614 614
708 708 708 708 709 709 708 709 709 709 709 710 710 710 710 711 711 711 711 711 712 712 712 712 713 713 713 713 714 713 713 713 713 714 714 714 714 714 715 714 714 714 714 572 572 572 572 573 572 573 573 573 573 573 573 574 573 573 573 573 573 573 574 574 573 573 573 573 573 573 574 574 573 573 573 573 573 573 574 573 573 573 573 573 573 573 572 572 613 614 614 614 614 613
707 707 708 707 708 708 708 708 709 709 709 709 710 710 710 710 710 710 710 710 711 711 711 712 713 713 713 712 712 713 713 713 713 713 714 714 714 713 713 714 714 714 714 714 572 572 571 571 571 571 572 573 573 573 573 572 573 573 573 573 573 573 573 573 573 573 573 573 573 573 572 573 573 573 573 573 573 573 572 572 573 573 573 573 573 572 572 572 612 612 612 612 612 612
705 706 706 706 706 708 708 708 709 709 709 709 710 709 709 709 710 710 710 710 710 711 711 711 710 711 712 712 712 713 713 713 713 713 714 713 713 713 713 714 714 714 714 714 713 571 571 571 571 571 571 572 572 571 571 572 572 573 573 573 573 572 572 572 573 573 573 573 573 572 572 572 573 573 573 573 572 572 572 572 572 573 573 572 572 572 572 572 612 612 611 611 611 612
705 705 706 706 706 707 707 707 708 709 708 708 708 709 709 709 709 710 710 710 710 711 710 710 710 710 711 711 711 711 713 713 712 712 712 713 713 713 713 713 714 714 713 713 713 713 571 571 571 571 571 570 571 571 571 571 571 571 572 571 572 572 572 572 572 573 573 572 572 572 572 572 572 573 572 572 572 572 572 572 572 572 571 572 572 572 572 572 612 611 611 611 611 611
705 705 706 706 706 706 706 706 706 706 707 708 708 708 709 709 709 709 710 709 709 709 710 710 710 710 711 711 711 711 710 711 711 711 712 712 713 713 713 713 712 713 713 713 713 713 713 571 571 570 570 570 570 571 571 571 571 570 570 571 571 571 571 571 571 571 572 572 572 572 572 572 572 571 571 572 572 572 572 572 571 571 571 571 572 572 572 571 611 611 611 611 611 611
705 705 705 705 705 705 706 706 706 706 707 707 707 707 709 709 708 708 709 709 709 709 709 710 710 710 710 711 710 710 710 710 711 711 711 711 711 713 712 712 712 712 713 713 713 713 713 712 570 570 570 570 570 570 571 570 570 570 570 570 571 571 571 571 570 570 570 570 571 571 572 571 571 571 571 571 572 572 572 571 571 571 571 571 571 571 571 571 611 611 611 611 611 610
704 704 704 705 705 705 705 706 706 706 706 707 707 706 706 707 707 708 708 709 709 709 709 710 710 709 709 709 710 710 710 710 711 711 711 710 710 711 711 711 711 712 712 713 713 712 712 712 713 570 570 570 570 570 569 570 570 570 570 570 570 571 570 570 570 570 570 570 570 571 570 570 570 570 570 570 571 571 571 571 571 571 571 571 570 570 570 570 571 611 611 610 610 610
703 704 704 704 705 705 705 705 706 706 705 706 706 706 706 707 707 707 707 707 708 709 708 708 709 709 709 709 710 710 710 710 710 710 710 710 710 710 711 711 711 711 711 710 711 711 712 712 712 713 570 570 569 569 569 569 570 570 570 570 569 569 570 570 570 570 570 570 569 569 570 570 570 570 570 569 569 569 569 570 570 570 571 570 570 570 570 570 570 610 610 610 610 610
702 703 703 703 704 705 705 704 705 705 705 705 706 706 706 706 707 707 707 707 707 707 707 707 708 709 709 709 709 710 710 709 709 709 710 710 710 710 710 711 711 710 710 710 710 711 711 711 711 711 712 712 569 569 569 569 569 570 569 569 569 569 569 569 570 570 569 569 569 569 569 570 570 570 569 569 569 569 569 569 570 569 569 569 569 569 569 569 568 609 609 609 610 610
702 702 703 702 702 703 703 704 704 705 705 705 705 706 706 706 706 706 706 706 706 707 707 707 707 708 708 708 708 708 709 709 709 709 709 710 710 710 709 709 710 710 710 710 710 710 711 711 710 710 710 711 711 568 568 569 568 568 569 569 569 569 569 569 569 569 569 569 569 569 569 569 568 569 569 569 569 569 569 569 568 568 569 569 569 569 569 568 568 608 608 608 608 608
701 701 702 702 702 702 703 703 703 703 704 705 705 705 705 705 705 705 706 706 706 706 707 707 707 707 707 707 707 707 707 708 709 709 709 709 709 709 709 709 709 710 710 710 710 710 710 710 710 710 710 710 711 711 567 567 567 567 567 568 569 569 569 568 568 568 569 569 569 569 569 568 568 568 569 569 569 569 568 568 568 568 568 568 569 568 568 568 568 608 608 608 607 607
