testData/tiles/oneDegreeCosts/grid31.0-34.0-32.0-35.0.asc
ncols   200
nrows   200
xllcorner   31.0
yllcorner   34.0
cellsize   0.005
NODATA_value   -9999.0
[rows 84 to 125 of 200, columns 0 to 93 of 200]
461 462 462 463 463 464 464 465 465 466 466 466 467 467 468 468 468 469 469 470 470 471 471 471 472 472 472 473 473 474 474 474 475 475 475 476 476 470 470 470 471 471 471 472 472 472 473 473 473 474 474 474 475 475 475 476 476 476 477 477 477 477 478 478 256 256 256 256 256 256 256 256 256 256 256 256 256 256 256 256 256 256 256 256 256 256 256 257 257 257 257 257 258 258
461 462 462 462 463 463 464 464 465 465 466 466 466 467 467 468 468 469 469 469 470 470 471 471 471 472 472 472 473 473 474 474 474 475 475 475 476 476 477 477 477 471 471 471 472 472 472 473 473 473 474 474 474 475 475 475 476 476 476 477 477 477 477 478 256 256 256 256 256 256 256 256 256 256 256 256 256 256 256 256 256 256 256 256 256 256 256 256 256 257 257 257 257 258
461 461 462 462 463 463 463 464 464 465 465 466 466 466 467 467 468 468 469 469 469 470 470 471 471 471 472 472 473 473 473 474 474 474 475 475 476 476 476 477 477 477 478 478 478 479 472 472 473 473 473 474 474 474 475 475 475 476 476 476 476 477 477 477 478 256 256 256 256 256 256 256 256 256 256 256 256 256 256 256 256 256 256 256 256 256 256 256 256 256 257 257 257 257
460 461 461 462 462 463 463 464 464 464 465 465 466 466 467 467 467 468 468 469 469 469 470 470 471 471 471 472 472 473 473 473 474 474 474 475 475 476 476 476 477 477 477 478 478 478 479 479 479 480 473 473 474 474 474 475 475 475 476 476 476 476 477 477 477 478 256 256 256 256 256 256 256 256 256 256 256 256 256 256 256 256 256 256 256 256 256 256 256 256 256 256 257 257
460 460 461 461 462 462 463 463 464 464 464 465 465 466 466 467 467 467 468 468 469 469 469 470 470 471 471 471 472 472 473 473 473 474 474 474 475 475 476 476 476 477 477 477 478 478 478 479 479 479 480 480 480 481 474 474 475 475 475 475 476 476 476 477 477 477 256 256 256 256 256 256 256 256 256 256 256 256 256 256 256 256 256 256 256 256 256 256 256 256 256 256 256 257
460 460 461 461 461 462 462 463 463 464 464 465 465 465 466 466 467 467 467 468 468 469 469 469 470 470 471 471 471 472 472 473 473 473 474 474 474 475 475 476 476 476 477 477 477 478 478 478 479 479 479 480 480 480 481 481 481 482 475 475 475 476 476 476 477 477 477 256 256 256 256 256 256 256 256 256 256 256 256 256 256 256 256 256 256 256 256 256 256 256 256 256 256 256
459 460 460 461 461 461 462 462 463 463 464 464 465 465 465 466 466 467 467 467 468 468 469 469 470 470 470 471 471 471 472 472 473 473 473 474 474 474 475 475 475 476 476 477 477 477 478 478 478 479 479 479 480 480 480 481 481 481 481 482 482 482 476 476 476 477 477 477 256 256 256 256 256 256 256 256 256 256 256 256 256 256 256 256 256 256 256 256 256 256 256 256 256 256
459 459 460 460 461 461 462 462 462 463 463 464 464 465 465 465 466 466 467 467 468 468 468 469 469 470 470 470 471 471 471 472 472 473 473 473 474 474 474 475 475 475 476 476 477 477 477 478 478 478 479 479 479 480 480 480 480 481 481 481 482 482 482 483 483 483 477 477 256 256 256 256 256 256 256 256 256 256 256 256 256 256 256 256 256 256 256 256 256 256 256 256 256 256
458 459 459 460 460 461 461 462 462 462 463 463 464 464 465 465 465 466 466 467 467 468 468 468 469 469 470 470 470 471 471 471 472 472 473 473 473 474 474 474 475 475 475 476 476 476 477 477 478 478 478 478 479 479 479 480 480 480 481 481 481 482 482 482 483 483 483 483 484 256 256 256 256 256 256 256 256 256 256 256 256 256 256 256 256 256 256 256 256 256 256 256 256 256
458 458 459 459 460 460 461 461 462 462 463 463 463 464 464 465 465 466 466 466 467 467 468 468 468 469 469 470 470 470 471 471 471 472 472 473 473 473 474 474 474 475 475 475 476 476 476 477 477 477 478 478 478 479 479 479 480 480 480 481 481 481 482 482 482 482 483 483 483 484 256 256 256 257 256 256 256 256 256 256 256 256 256 256 256 256 256 256 256 256 256 256 256 256
458 458 459 459 459 460 460 461 461 462 462 463 463 463 464 464 465 465 466 466 466 467 467 468 468 468 469 469 470 470 470 471 471 471 472 472 473 473 473 474 474 474 475 475 475 476 476 476 477 477 477 478 478 478 479 479 479 480 480 480 481 481 481 482 482 482 482 483 483 483 256 256 256 256 257 257 257 257 256 256 256 256 256 256 256 256 256 256 256 256 256 256 256 256
457 458 458 459 459 459 460 460 461 461 462 462 463 463 463 464 464 465 465 466 466 466 467 467 468 468 468 469 469 470 470 470 471 471 471 472 472 473 473 473 474 474 474 475 475 475 476 476 476 477 477 477 478 478 478 479 479 479 480 480 480 481 481 481 481 482 482 482 483 483 483 256 256 256 256 257 257 257 257 258 258 256 256 256 256 256 256 256 256 256 256 256 256 256
457 457 458 458 459 459 460 460 460 461 461 462 462 463 463 463 464 464 465 465 466 466 466 467 467 468 468 468 469 469 469 470 470 471 471 471 472 472 472 473 473 474 474 474 475 475 475 476 476 476 477 477 477 478 478 478 479 479 479 480 480 480 480 481 481 481 482 482 482 483 483 483 255 256 256 256 256 257 257 257 258 258 258 258 259 256 256 256 256 256 256 256 256 256
456 457 457 458 458 459 459 460 460 460 461 461 462 462 463 463 463 464 464 465 465 466 466 466 467 467 468 468 468 469 469 469 470 470 471 471 471 472 472 472 473 473 474 474 474 475 475 475 476 476 476 477 477 477 478 478 478 479 479 479 479 480 480 480 481 481 481 482 482 482 482 483 255 255 256 256 256 256 257 257 257 257 258 258 258 258 259 259 256 256 256 256 256 256
456 456 457 457 458 458 459 459 460 460 460 461 461 462 462 463 463 463 464 464 465 465 466 466 466 467 467 468 468 468 469 469 469 470 470 471 471 471 472 472 472 473 473 473 474 474 474 475 475 476 476 476 477 477 477 477 478 478 478 479 479 479 480 480 480 481 481 481 481 482 482 482 483 255 255 255 256 256 256 257 257 257 257 258 258 258 258 259 259 259 259 260 256 256
455 456 456 457 457 458 458 459 459 460 460 460 461 461 462 462 463 463 463 464 464 465 465 466 466 466 467 467 467 468 468 469 469 469 470 470 471 471 471 472 472 472 473 473 473 474 474 474 475 475 475 476 476 476 477 477 477 478 478 478 479 479 479 480 480 480 480 481 481 481 482 482 482 482 255 255 255 256 256 256 256 257 257 257 257 258 258 258 258 259 259 259 259 260
455 455 456 456 457 457 458 458 459 459 460 460 460 461 461 462 462 463 463 463 464 464 465 465 465 466 466 467 467 467 468 468 469 469 469 470 470 470 471 471 472 472 472 473 473 473 474 474 474 475 475 475 476 476 476 477 477 477 478 478 478 479 479 479 479 480 480 480 481 481 481 482 482 482 255 255 255 255 255 256 256 256 257 257 257 257 258 258 258 258 259 259 259 259
455 455 455 456 456 457 457 458 458 459 459 460 460 460 461 461 462 462 463 463 463 464 464 465 465 465 466 466 467 467 467 468 468 469 469 469 470 470 470 471 471 472 472 472 473 473 473 474 474 474 475 475 475 476 476 476 477 477 477 478 478 478 478 479 479 479 480 480 480 481 481 481 481 482 482 255 255 255 255 255 256 256 256 256 257 257 257 257 258 258 258 258 259 259
454 455 455 456 456 456 457 457 458 458 459 459 460 460 460 461 461 462 462 463 463 463 464 464 465 465 465 466 466 467 467 467 468 468 469 469 469 470 470 470 471 471 471 472 472 473 473 473 474 474 474 475 475 475 476 476 476 476 477 477 477 478 478 478 479 479 479 480 480 480 480 481 481 481 482 482 254 254 255 255 255 255 256 256 256 257 257 257 257 258 258 258 258 258
454 454 455 455 456 456 456 457 457 458 458 459 459 460 460 460 461 461 462 462 463 463 463 464 464 465 465 465 466 466 467 467 467 468 468 468 469 469 470 470 470 471 471 471 472 472 472 473 473 473 474 474 474 475 475 475 476 476 476 477 477 477 478 478 478 479 479 479 479 480 480 480 481 481 481 481 254 254 254 255 255 255 255 256 256 256 256 257 257 257 257 258 258 258
453 454 454 455 455 456 456 456 457 457 458 458 459 459 460 460 460 461 461 462 462 463 463 463 464 464 465 465 465 466 466 467 467 467 468 468 468 469 469 470 470 470 471 471 471 472 472 472 473 473 473 474 474 474 475 475 475 476 476 476 477 477 477 478 478 478 478 479 479 479 480 480 480 480 481 481 481 254 254 254 254 255 255 255 255 256 256 256 256 257 257 257 257 258
453 453 454 454 455 455 456 456 456 457 457 458 458 459 459 460 460 460 461 461 462 462 462 463 463 464 464 464 465 465 466 466 466 467 467 468 468 468 469 469 469 470 470 471 471 471 472 472 472 473 473 473 474 474 474 475 475 475 476 476 476 476 477 477 477 478 478 478 479 479 479 479 480 480 480 481 481 481 253 254 254 254 254 255 255 255 256 256 256 256 257 257 257 257
452 453 453 454 454 455 455 456 456 456 457 457 458 458 459 459 459 460 460 461 461 462 462 462 463 463 464 464 464 465 465 466 466 466 467 467 468 468 468 469 469 469 470 470 470 471 471 471 472 472 472 473 473 473 474 474 474 475 475 475 476 476 476 477 477 477 478 478 478 478 479 479 479 480 480 480 480 481 253 253 254 254 254 254 255 255 255 255 256 256 256 256 257 257
452 452 453 453 454 454 455 455 455 456 456 457 457 458 458 459 459 459 460 460 461 461 462 462 462 463 463 464 464 464 465 465 466 466 466 467 467 467 468 468 469 469 469 470 470 470 471 471 471 472 472 472 473 473 473 474 474 474 475 475 475 476 476 476 477 477 477 477 478 478 478 479 479 479 479 480 480 480 481 253 253 253 254 254 254 254 255 255 255 255 256 256 256 256
451 452 452 453 453 454 454 455 455 455 456 456 457 457 458 458 459 459 459 460 460 461 461 461 462 462 463 463 464 464 464 465 465 465 466 466 467 467 467 468 468 468 469 469 470 470 470 471 471 471 472 472 472 473 473 473 474 474 474 475 475 475 475 476 476 476 477 477 477 478 478 478 478 479 479 479 480 480 480 253 253 253 253 253 254 254 254 255 255 255 255 256 256 256
451 451 452 452 453 453 454 454 455 455 455 456 456 457 457 458 458 459 459 459 460 460 461 461 461 462 462 463 463 463 464 464 465 465 465 466 466 467 467 467 468 468 468 469 469 469 470 470 470 471 471 471 472 472 472 473 473 473 474 474 474 475 475 475 476 476 476 477 477 477 477 478 478 478 479 479 479 479 480 480 253 253 253 253 253 254 254 254 254 255 255 255 255 256
450 451 451 452 452 453 453 454 454 454 455 455 456 456 457 457 458 458 458 459 459 460 460 461 461 461 462 462 463 463 463 464 464 465 465 465 466 466 466 467 467 468 468 468 469 469 469 470 470 470 471 471 471 472 472 472 473 473 473 474 474 474 475 475 475 476 476 476 476 477 477 477 478 478 478 478 479 479 479 480 480 252 252 253 253 253 253 254 254 254 254 255 255 255
450 450 451 451 452 452 453 453 454 454 454 455 455 456 456 457 457 458 458 458 459 459 460 460 460 461 461 462 462 462 463 463 464 464 464 465 465 466 466 466 467 467 467 468 468 468 469 469 470 470 470 471 471 471 472 472 472 473 473 473 474 474 474 474 475 475 475 476 476 476 477 477 477 477 478 478 478 479 479 479 479 252 252 252 252 253 253 253 253 254 254 254 254 255
449 450 450 451 451 452 452 453 453 453 454 454 455 455 456 456 457 457 457 458 458 459 459 460 460 460 461 461 462 462 462 463 463 464 464 464 465 465 465 466 466 467 467 467 468 468 468 469 469 469 470 470 470 471 471 471 472 472 472 473 473 473 474 474 474 475 475 475 476 476 476 476 477 477 477 478 478 478 478 479 479 479 251 252 252 252 253 253 253 253 254 254 254 254
449 449 450 450 451 451 452 452 453 453 453 454 454 455 455 456 456 457 457 457 458 458 459 459 459 460 460 461 461 462 462 462 463 463 463 464 464 465 465 465 466 466 466 467 467 468 468 468 469 469 469 470 470 470 471 471 471 472 472 472 473 473 473 474 474 474 474 475 475 475 476 476 476 477 477 477 477 478 478 478 478 479 251 251 252 252 252 252 253 253 253 253 254 254
448 449 449 450 450 451 451 452 452 452 453 453 454 454 455 455 456 456 456 457 457 458 458 459 459 459 460 460 461 461 461 462 462 463 463 463 464 464 465 465 465 466 466 466 467 467 467 468 468 468 469 469 469 470 470 470 471 471 471 472 472 472 473 473 473 474 474 474 475 475 475 475 476 476 476 477 477 477 477 478 478 478 479 251 251 251 252 252 252 252 253 253 253 253
448 448 449 449 450 450 451 451 451 452 452 453 453 454 454 455 455 456 456 456 457 457 458 458 458 459 459 460 460 461 461 461 462 462 462 463 463 464 464 464 465 465 466 466 466 467 467 467 468 468 468 469 469 469 470 470 470 471 471 471 472 472 472 473 473 473 474 474 474 474 475 475 475 476 476 476 476 477 477 477 478 478 478 478 251 251 251 251 252 252 252 252 253 253
447 448 448 449 449 450 450 450 451 451 452 452 453 453 454 454 455 455 455 456 456 457 457 458 458 458 459 459 460 460 460 461 461 462 462 462 463 463 464 464 464 465 465 465 466 466 466 467 467 468 468 468 469 469 469 470 470 470 471 471 471 471 472 472 472 473 473 473 474 474 474 475 475 475 475 476 476 476 477 477 477 477 478 478 250 250 251 251 251 251 252 252 252 252
447 447 448 448 449 449 449 450 450 451 451 452 452 453 453 454 454 454 455 455 456 456 457 457 457 458 458 459 459 460 460 460 461 461 461 462 462 463 463 463 464 464 465 465 465 466 466 466 467 467 467 468 468 468 469 469 469 470 470 470 471 471 471 472 472 472 473 473 473 473 474 474 474 475 475 475 475 476 476 476 477 477 477 477 478 250 250 250 251 251 251 251 252 252
446 447 447 448 448 448 449 449 450 450 451 451 452 452 453 453 454 454 454 455 455 456 456 457 457 457 458 458 459 459 459 460 460 461 461 461 462 462 463 463 463 464 464 464 465 465 465 466 466 467 467 467 468 468 468 469 469 469 470 470 470 471 471 471 471 472 472 472 473 473 473 474 474 474 474 475 475 475 476 476 476 476 477 477 477 250 250 250 250 250 251 251 251 251
445 446 446 447 447 448 448 449 449 450 450 451 451 452 452 453 453 453 454 454 455 455 456 456 456 457 457 458 458 458 459 459 460 460 460 461 461 462 462 462 463 463 463 464 464 465 465 465 466 466 466 467 467 467 468 468 468 469 469 469 470 470 470 471 471 471 472 472 472 472 473 473 473 474 474 474 475 475 475 475 476 476 476 476 477 477 249 249 250 250 250 251 251 251
445 445 446 446 447 447 448 448 449 449 450 450 451 451 452 452 452 453 453 454 454 455 455 455 456 456 457 457 458 458 458 459 459 460 460 460 461 461 461 462 462 463 463 463 464 464 464 465 465 465 466 466 467 467 467 468 468 468 469 469 469 470 470 470 470 471 471 471 472 472 472 473 473 473 473 474 474 474 475 475 475 475 476 476 476 476 249 249 249 250 250 250 250 251
444 445 445 446 446 447 447 448 448 449 449 450 450 451 451 451 452 452 453 453 454 454 455 455 455 456 456 457 457 457 458 458 459 459 459 460 460 461 461 461 462 462 462 463 463 464 464 464 465 465 465 466 466 466 467 467 467 468 468 468 469 469 469 470 470 470 471 471 471 471 472 472 472 473 473 473 474 474 474 474 475 475 475 475 476 476 476 249 249 249 249 250 250 250
444 444 445 445 446 446 447 447 448 448 449 449 450 450 450 451 451 452 452 453 453 454 454 454 455 455 456 456 456 457 457 458 458 458 459 459 460 460 460 461 461 462 462 462 463 463 463 464 464 464 465 465 466 466 466 467 467 467 468 468 468 468 469 469 469 470 470 470 471 471 471 472 472 472 472 473 473 473 474 474 474 474 475 475 475 476 476 476 248 249 249 249 249 250
443 444 444 445 445 446 446 447 447 448 448 449 449 449 450 450 451 451 452 452 453 453 453 454 454 455 455 456 456 456 457 457 458 458 458 459 459 460 460 460 461 461 461 462 462 463 463 463 464 464 464 465 465 465 466 466 466 467 467 467 468 468 468 469 469 469 470 470 470 470 471 471 471 472 472 472 473 473 473 473 474 474 474 474 475 475 475 476 248 248 248 249 249 249
443 443 444 444 445 445 446 446 447 447 447 448 448 449 449 450 450 451 451 452 452 452 453 453 454 454 455 455 455 456 456 457 457 457 458 458 459 459 459 460 460 460 461 461 462 462 462 463 463 463 464 464 464 465 465 465 466 466 466 467 467 467 468 468 468 469 469 469 470 470 470 471 471 471 471 472 472 472 473 473 473 473 474 474 474 474 475 475 475 248 248 248 248 249
442 443 443 444 444 445 445 445 446 446 447 447 448 448 449 449 450 450 451 451 451 452 452 453 453 454 454 454 455 455 456 456 456 457 457 458 458 458 459 459 460 460 460 461 461 461 462 462 463 463 463 464 464 464 465 465 465 466 466 466 467 467 467 468 468 468 469 469 469 469 470 470 470 471 471 471 471 472 472 472 473 473 473 473 474 474 474 475 475 247 247 248 248 248
