testData/tiles/oneDegreeCosts/grid38.0-47.0-39.0-48.0.asc
ncols   200
nrows   200
xllcorner   38.0
yllcorner   47.0
cellsize   0.005
NODATA_value   -9999.0
[rows 170 to 186 of 200, columns 111 to 147 of 200]
3.390000000000000000e+02 3.390000000000000000e+02 3.390000000000000000e+02 3.400000000000000000e+02 3.400000000000000000e+02 3.400000000000000000e+02 3.410000000000000000e+02 3.410000000000000000e+02 3.420000000000000000e+02 3.420000000000000000e+02 3.430000000000000000e+02 3.430000000000000000e+02 3.430000000000000000e+02 4.470000000000000000e+02 6.440000000000000000e+02 6.450000000000000000e+02 6.450000000000000000e+02 6.450000000000000000e+02 6.460000000000000000e+02 6.460000000000000000e+02 6.460000000000000000e+02 6.470000000000000000e+02 6.470000000000000000e+02 6.480000000000000000e+02 6.480000000000000000e+02 6.480000000000000000e+02 6.490000000000000000e+02 6.490000000000000000e+02 6.490000000000000000e+02 6.500000000000000000e+02 6.500000000000000000e+02 6.500000000000000000e+02 6.510000000000000000e+02 6.510000000000000000e+02 6.510000000000000000e+02 6.520000000000000000e+02 6.520000000000000000e+02
3.390000000000000000e+02 3.390000000000000000e+02 3.400000000000000000e+02 3.400000000000000000e+02 3.410000000000000000e+02 3.410000000000000000e+02 3.420000000000000000e+02 3.420000000000000000e+02 3.420000000000000000e+02 3.430000000000000000e+02 3.430000000000000000e+02 3.440000000000000000e+02 3.440000000000000000e+02 6.450000000000000000e+02 6.450000000000000000e+02 6.450000000000000000e+02 6.460000000000000000e+02 6.460000000000000000e+02 6.460000000000000000e+02 6.470000000000000000e+02 6.470000000000000000e+02 6.480000000000000000e+02 6.480000000000000000e+02 6.480000000000000000e+02 6.490000000000000000e+02 6.490000000000000000e+02 6.490000000000000000e+02 6.500000000000000000e+02 6.500000000000000000e+02 6.510000000000000000e+02 6.510000000000000000e+02 6.510000000000000000e+02 6.520000000000000000e+02 6.520000000000000000e+02 6.520000000000000000e+02 6.530000000000000000e+02 6.530000000000000000e+02
3.400000000000000000e+02 3.400000000000000000e+02 3.410000000000000000e+02 3.410000000000000000e+02 3.420000000000000000e+02 3.420000000000000000e+02 3.420000000000000000e+02 3.430000000000000000e+02 3.430000000000000000e+02 3.440000000000000000e+02 3.440000000000000000e+02 3.440000000000000000e+02 3.450000000000000000e+02 6.450000000000000000e+02 6.460000000000000000e+02 6.460000000000000000e+02 6.460000000000000000e+02 6.470000000000000000e+02 6.470000000000000000e+02 6.480000000000000000e+02 6.480000000000000000e+02 6.480000000000000000e+02 6.490000000000000000e+02 6.490000000000000000e+02 6.500000000000000000e+02 6.500000000000000000e+02 6.500000000000000000e+02 6.510000000000000000e+02 6.510000000000000000e+02 6.510000000000000000e+02 6.520000000000000000e+02 6.520000000000000000e+02 6.520000000000000000e+02 6.530000000000000000e+02 6.530000000000000000e+02 6.530000000000000000e+02 6.540000000000000000e+02
3.410000000000000000e+02 3.410000000000000000e+02 3.410000000000000000e+02 3.420000000000000000e+02 3.420000000000000000e+02 3.430000000000000000e+02 3.430000000000000000e+02 3.440000000000000000e+02 3.440000000000000000e+02 3.440000000000000000e+02 3.450000000000000000e+02 3.450000000000000000e+02 3.460000000000000000e+02 6.460000000000000000e+02 6.460000000000000000e+02 6.470000000000000000e+02 6.470000000000000000e+02 6.480000000000000000e+02 6.480000000000000000e+02 6.480000000000000000e+02 6.490000000000000000e+02 6.490000000000000000e+02 6.500000000000000000e+02 6.500000000000000000e+02 6.500000000000000000e+02 6.510000000000000000e+02 6.510000000000000000e+02 6.510000000000000000e+02 6.520000000000000000e+02 6.520000000000000000e+02 6.520000000000000000e+02 6.530000000000000000e+02 6.530000000000000000e+02 6.540000000000000000e+02 6.540000000000000000e+02 6.540000000000000000e+02 6.550000000000000000e+02
3.410000000000000000e+02 3.420000000000000000e+02 3.420000000000000000e+02 3.430000000000000000e+02 3.430000000000000000e+02 3.440000000000000000e+02 3.440000000000000000e+02 3.440000000000000000e+02 3.450000000000000000e+02 3.450000000000000000e+02 3.460000000000000000e+02 3.460000000000000000e+02 3.460000000000000000e+02 6.470000000000000000e+02 6.470000000000000000e+02 6.480000000000000000e+02 6.480000000000000000e+02 6.480000000000000000e+02 6.490000000000000000e+02 6.490000000000000000e+02 6.500000000000000000e+02 6.500000000000000000e+02 6.500000000000000000e+02 6.510000000000000000e+02 6.510000000000000000e+02 6.510000000000000000e+02 6.520000000000000000e+02 6.520000000000000000e+02 6.530000000000000000e+02 6.530000000000000000e+02 6.530000000000000000e+02 6.540000000000000000e+02 6.540000000000000000e+02 6.540000000000000000e+02 6.550000000000000000e+02 6.550000000000000000e+02 6.550000000000000000e+02
3.420000000000000000e+02 3.430000000000000000e+02 3.430000000000000000e+02 3.430000000000000000e+02 3.440000000000000000e+02 3.440000000000000000e+02 3.450000000000000000e+02 3.450000000000000000e+02 3.460000000000000000e+02 3.460000000000000000e+02 3.460000000000000000e+02 3.470000000000000000e+02 3.470000000000000000e+02 6.480000000000000000e+02 6.480000000000000000e+02 6.480000000000000000e+02 6.490000000000000000e+02 6.490000000000000000e+02 6.500000000000000000e+02 6.500000000000000000e+02 6.500000000000000000e+02 6.510000000000000000e+02 6.510000000000000000e+02 6.520000000000000000e+02 6.520000000000000000e+02 6.520000000000000000e+02 6.530000000000000000e+02 6.530000000000000000e+02 6.530000000000000000e+02 6.540000000000000000e+02 6.540000000000000000e+02 6.540000000000000000e+02 6.550000000000000000e+02 6.550000000000000000e+02 6.550000000000000000e+02 6.560000000000000000e+02 6.560000000000000000e+02
3.430000000000000000e+02 3.430000000000000000e+02 3.440000000000000000e+02 3.440000000000000000e+02 3.450000000000000000e+02 3.450000000000000000e+02 3.450000000000000000e+02 3.460000000000000000e+02 3.460000000000000000e+02 3.470000000000000000e+02 3.470000000000000000e+02 3.480000000000000000e+02 3.480000000000000000e+02 6.480000000000000000e+02 6.490000000000000000e+02 6.490000000000000000e+02 6.500000000000000000e+02 6.500000000000000000e+02 6.500000000000000000e+02 6.510000000000000000e+02 6.510000000000000000e+02 6.520000000000000000e+02 6.520000000000000000e+02 6.520000000000000000e+02 6.530000000000000000e+02 6.530000000000000000e+02 6.530000000000000000e+02 6.540000000000000000e+02 6.540000000000000000e+02 6.550000000000000000e+02 6.550000000000000000e+02 6.550000000000000000e+02 6.560000000000000000e+02 6.560000000000000000e+02 6.560000000000000000e+02 6.570000000000000000e+02 6.570000000000000000e+02
3.440000000000000000e+02 3.440000000000000000e+02 3.440000000000000000e+02 3.450000000000000000e+02 3.450000000000000000e+02 3.460000000000000000e+02 3.460000000000000000e+02 3.470000000000000000e+02 3.470000000000000000e+02 3.480000000000000000e+02 3.480000000000000000e+02 3.480000000000000000e+02 3.490000000000000000e+02 6.490000000000000000e+02 6.500000000000000000e+02 6.500000000000000000e+02 6.500000000000000000e+02 6.510000000000000000e+02 6.510000000000000000e+02 6.520000000000000000e+02 6.520000000000000000e+02 6.520000000000000000e+02 6.530000000000000000e+02 6.530000000000000000e+02 6.530000000000000000e+02 6.540000000000000000e+02 6.540000000000000000e+02 6.550000000000000000e+02 6.550000000000000000e+02 6.550000000000000000e+02 6.560000000000000000e+02 6.560000000000000000e+02 6.560000000000000000e+02 6.570000000000000000e+02 6.570000000000000000e+02 6.570000000000000000e+02 6.580000000000000000e+02
3.440000000000000000e+02 3.450000000000000000e+02 3.450000000000000000e+02 3.460000000000000000e+02 3.460000000000000000e+02 3.470000000000000000e+02 3.470000000000000000e+02 3.470000000000000000e+02 3.480000000000000000e+02 3.480000000000000000e+02 3.490000000000000000e+02 3.490000000000000000e+02 3.500000000000000000e+02 6.500000000000000000e+02 6.500000000000000000e+02 6.510000000000000000e+02 6.510000000000000000e+02 6.520000000000000000e+02 6.520000000000000000e+02 6.520000000000000000e+02 6.530000000000000000e+02 6.530000000000000000e+02 6.540000000000000000e+02 6.540000000000000000e+02 6.540000000000000000e+02 6.550000000000000000e+02 6.550000000000000000e+02 6.550000000000000000e+02 6.560000000000000000e+02 6.560000000000000000e+02 6.570000000000000000e+02 6.570000000000000000e+02 6.570000000000000000e+02 6.580000000000000000e+02 6.580000000000000000e+02 6.580000000000000000e+02 6.590000000000000000e+02
3.450000000000000000e+02 3.460000000000000000e+02 3.460000000000000000e+02 3.460000000000000000e+02 3.470000000000000000e+02 3.470000000000000000e+02 3.480000000000000000e+02 3.480000000000000000e+02 3.490000000000000000e+02 3.490000000000000000e+02 3.490000000000000000e+02 3.500000000000000000e+02 3.500000000000000000e+02 6.510000000000000000e+02 6.510000000000000000e+02 6.520000000000000000e+02 6.520000000000000000e+02 6.520000000000000000e+02 6.530000000000000000e+02 6.530000000000000000e+02 6.540000000000000000e+02 6.540000000000000000e+02 6.540000000000000000e+02 6.550000000000000000e+02 6.550000000000000000e+02 6.550000000000000000e+02 6.560000000000000000e+02 6.560000000000000000e+02 6.570000000000000000e+02 6.570000000000000000e+02 6.570000000000000000e+02 6.580000000000000000e+02 6.580000000000000000e+02 6.580000000000000000e+02 6.590000000000000000e+02 6.590000000000000000e+02 6.590000000000000000e+02
3.460000000000000000e+02 3.460000000000000000e+02 3.470000000000000000e+02 3.470000000000000000e+02 3.480000000000000000e+02 3.480000000000000000e+02 3.490000000000000000e+02 3.490000000000000000e+02 3.490000000000000000e+02 3.500000000000000000e+02 3.500000000000000000e+02 3.510000000000000000e+02 3.510000000000000000e+02 6.510000000000000000e+02 6.520000000000000000e+02 6.520000000000000000e+02 6.530000000000000000e+02 6.530000000000000000e+02 6.540000000000000000e+02 6.540000000000000000e+02 6.540000000000000000e+02 6.550000000000000000e+02 6.550000000000000000e+02 6.550000000000000000e+02 6.560000000000000000e+02 6.560000000000000000e+02 6.570000000000000000e+02 6.570000000000000000e+02 6.570000000000000000e+02 6.580000000000000000e+02 6.580000000000000000e+02 6.580000000000000000e+02 6.590000000000000000e+02 6.590000000000000000e+02 6.600000000000000000e+02 6.600000000000000000e+02 6.600000000000000000e+02
3.470000000000000000e+02 3.470000000000000000e+02 3.480000000000000000e+02 3.480000000000000000e+02 3.480000000000000000e+02 3.490000000000000000e+02 3.490000000000000000e+02 3.500000000000000000e+02 3.500000000000000000e+02 3.510000000000000000e+02 3.510000000000000000e+02 3.510000000000000000e+02 3.520000000000000000e+02 6.520000000000000000e+02 6.530000000000000000e+02 6.530000000000000000e+02 6.530000000000000000e+02 6.540000000000000000e+02 6.540000000000000000e+02 6.550000000000000000e+02 6.550000000000000000e+02 6.550000000000000000e+02 6.560000000000000000e+02 6.560000000000000000e+02 6.570000000000000000e+02 6.570000000000000000e+02 6.570000000000000000e+02 6.580000000000000000e+02 6.580000000000000000e+02 6.590000000000000000e+02 6.590000000000000000e+02 6.590000000000000000e+02 6.600000000000000000e+02 6.600000000000000000e+02 6.600000000000000000e+02 6.610000000000000000e+02 6.610000000000000000e+02
3.470000000000000000e+02 3.480000000000000000e+02 3.480000000000000000e+02 3.490000000000000000e+02 3.490000000000000000e+02 3.500000000000000000e+02 3.500000000000000000e+02 3.500000000000000000e+02 3.510000000000000000e+02 3.510000000000000000e+02 3.520000000000000000e+02 3.520000000000000000e+02 3.530000000000000000e+02 6.530000000000000000e+02 6.530000000000000000e+02 6.540000000000000000e+02 6.540000000000000000e+02 6.550000000000000000e+02 6.550000000000000000e+02 6.550000000000000000e+02 6.560000000000000000e+02 6.560000000000000000e+02 6.570000000000000000e+02 6.570000000000000000e+02 6.570000000000000000e+02 6.580000000000000000e+02 6.580000000000000000e+02 6.590000000000000000e+02 6.590000000000000000e+02 6.590000000000000000e+02 6.600000000000000000e+02 6.600000000000000000e+02 6.600000000000000000e+02 6.610000000000000000e+02 6.610000000000000000e+02 6.610000000000000000e+02 6.620000000000000000e+02
3.480000000000000000e+02 3.490000000000000000e+02 3.490000000000000000e+02 3.490000000000000000e+02 3.500000000000000000e+02 3.500000000000000000e+02 3.510000000000000000e+02 3.510000000000000000e+02 3.520000000000000000e+02 3.520000000000000000e+02 3.530000000000000000e+02 3.530000000000000000e+02 3.530000000000000000e+02 6.540000000000000000e+02 6.540000000000000000e+02 6.550000000000000000e+02 6.550000000000000000e+02 6.550000000000000000e+02 6.560000000000000000e+02 6.560000000000000000e+02 6.570000000000000000e+02 6.570000000000000000e+02 6.570000000000000000e+02 6.580000000000000000e+02 6.580000000000000000e+02 6.590000000000000000e+02 6.590000000000000000e+02 6.590000000000000000e+02 6.600000000000000000e+02 6.600000000000000000e+02 6.600000000000000000e+02 6.610000000000000000e+02 6.610000000000000000e+02 6.620000000000000000e+02 6.620000000000000000e+02 6.620000000000000000e+02 6.630000000000000000e+02
3.490000000000000000e+02 3.490000000000000000e+02 3.500000000000000000e+02 3.500000000000000000e+02 3.510000000000000000e+02 3.510000000000000000e+02 3.520000000000000000e+02 3.520000000000000000e+02 3.520000000000000000e+02 3.530000000000000000e+02 3.530000000000000000e+02 3.540000000000000000e+02 3.540000000000000000e+02 6.550000000000000000e+02 6.550000000000000000e+02 6.550000000000000000e+02 6.560000000000000000e+02 6.560000000000000000e+02 6.570000000000000000e+02 6.570000000000000000e+02 6.570000000000000000e+02 6.580000000000000000e+02 6.580000000000000000e+02 6.590000000000000000e+02 6.590000000000000000e+02 6.590000000000000000e+02 6.600000000000000000e+02 6.600000000000000000e+02 6.610000000000000000e+02 6.610000000000000000e+02 6.610000000000000000e+02 6.620000000000000000e+02 6.620000000000000000e+02 6.620000000000000000e+02 6.630000000000000000e+02 6.630000000000000000e+02 6.630000000000000000e+02
3.500000000000000000e+02 3.500000000000000000e+02 3.510000000000000000e+02 3.510000000000000000e+02 3.510000000000000000e+02 3.520000000000000000e+02 3.520000000000000000e+02 3.530000000000000000e+02 3.530000000000000000e+02 3.540000000000000000e+02 3.540000000000000000e+02 3.540000000000000000e+02 5.520000000000000000e+02 6.550000000000000000e+02 6.560000000000000000e+02 6.560000000000000000e+02 6.570000000000000000e+02 6.570000000000000000e+02 6.570000000000000000e+02 6.580000000000000000e+02 6.580000000000000000e+02 6.590000000000000000e+02 6.590000000000000000e+02 6.590000000000000000e+02 6.600000000000000000e+02 6.600000000000000000e+02 6.610000000000000000e+02 6.610000000000000000e+02 6.610000000000000000e+02 6.620000000000000000e+02 6.620000000000000000e+02 6.620000000000000000e+02 6.630000000000000000e+02 6.630000000000000000e+02 6.640000000000000000e+02 6.640000000000000000e+02 6.640000000000000000e+02
3.500000000000000000e+02 3.510000000000000000e+02 3.510000000000000000e+02 3.520000000000000000e+02 3.520000000000000000e+02 3.530000000000000000e+02 3.530000000000000000e+02 3.540000000000000000e+02 3.540000000000000000e+02 3.540000000000000000e+02 3.550000000000000000e+02 3.550000000000000000e+02 3.560000000000000000e+02 6.560000000000000000e+02 6.570000000000000000e+02 6.570000000000000000e+02 6.570000000000000000e+02 6.580000000000000000e+02 6.580000000000000000e+02 6.590000000000000000e+02 6.590000000000000000e+02 6.590000000000000000e+02 6.600000000000000000e+02 6.600000000000000000e+02 6.610000000000000000e+02 6.610000000000000000e+02 6.610000000000000000e+02 6.620000000000000000e+02 6.620000000000000000e+02 6.630000000000000000e+02 6.630000000000000000e+02 6.630000000000000000e+02 6.640000000000000000e+02 6.640000000000000000e+02 6.640000000000000000e+02 6.650000000000000000e+02 6.650000000000000000e+02
