testData/tiles/oneDegreeCosts/grid46.0-11.0-47.0-12.0.asc
ncols   200
nrows   200
xllcorner   46.0
yllcorner   11.0
cellsize   0.005
NODATA_value   -9999.0
[rows 42 to 83 of 200, columns 0 to 93 of 200]
654 654 654 654 654 653 654 654 653 653 654 654 652 653 653 653 652 652 652 652 652 652 651 652 651 650 651 651 650 651 651 651 651 651 651 651 651 652 652 653 654 654 655 656 656 657 658 658 659 660 660 661 662 662 663 515 515 515 515 515 515 515 515 515 515 515 515 515 515 515 515 515 515 515 515 515 515 515 515 515 515 515 515 515 515 515 515 515 515 515 515 515 515 515
655 655 655 654 654 654 655 654 654 654 654 654 653 654 653 654 653 653 653 652 653 652 652 652 651 651 652 652 651 652 652 652 652 652 652 652 652 652 652 653 653 654 655 655 656 657 657 658 659 659 660 661 661 662 663 515 515 515 515 515 515 515 515 515 515 515 515 515 515 515 515 515 515 515 515 515 515 515 515 515 515 515 515 515 515 515 515 515 515 515 515 515 515 515
655 655 655 654 655 655 655 654 655 655 654 654 654 655 654 654 654 653 654 653 653 653 652 652 652 652 653 652 652 653 652 652 653 652 652 653 652 652 653 653 653 654 654 655 656 656 657 658 658 659 660 660 661 662 662 515 515 515 515 515 515 515 515 515 515 515 515 515 515 515 515 515 515 515 515 515 515 515 515 515 515 515 515 515 515 515 515 515 515 515 515 515 515 515
655 655 656 655 655 655 655 655 655 655 654 655 655 654 654 654 654 654 653 653 653 654 653 652 653 653 653 653 653 653 653 653 653 653 653 653 653 653 653 653 653 653 654 655 655 656 657 657 658 659 659 660 661 661 662 515 515 515 515 515 515 515 515 515 515 515 515 515 515 515 515 515 515 515 515 515 515 515 515 515 515 515 515 515 515 515 515 515 515 515 515 515 515 515
655 656 655 656 655 655 655 655 655 655 655 655 655 654 654 654 654 654 654 653 654 653 653 653 653 653 653 653 653 653 654 653 653 654 653 653 654 653 653 654 653 653 654 654 655 656 656 657 658 658 659 660 660 661 662 662 515 515 515 515 515 515 515 515 515 515 515 515 515 515 515 515 515 515 515 515 515 515 515 515 515 515 515 515 515 515 515 515 515 515 515 515 515 515
656 655 655 655 656 655 655 655 655 655 655 655 654 655 654 654 654 654 654 654 653 653 653 654 653 653 654 653 653 654 653 653 654 653 653 654 653 653 654 653 653 654 653 654 655 655 656 657 657 658 659 659 660 661 661 662 515 515 515 515 515 515 515 515 515 515 515 515 515 515 515 515 515 515 515 515 515 515 515 515 515 515 515 515 515 515 515 515 515 515 515 515 515 515
655 655 655 656 655 655 655 655 655 655 655 654 654 655 654 654 654 654 654 653 653 653 654 653 653 654 653 653 654 654 654 654 654 654 654 654 654 654 654 654 654 653 653 654 654 655 656 656 657 658 658 659 660 660 661 661 515 515 515 515 515 515 515 515 515 515 515 515 515 515 515 515 515 515 515 515 515 515 515 515 515 515 515 515 515 515 515 515 515 515 515 515 515 515
655 655 655 655 655 655 654 655 655 655 654 654 655 654 654 654 654 654 653 653 653 653 653 653 654 653 653 654 654 654 654 654 654 654 654 654 654 654 654 654 653 653 654 653 654 655 655 656 657 657 658 659 659 660 660 661 662 515 515 515 515 515 515 515 515 515 515 515 515 515 515 515 515 515 515 515 515 515 515 515 515 515 515 515 515 515 515 515 515 515 515 515 515 515
655 655 655 654 654 654 654 655 654 654 654 655 654 653 654 653 654 653 652 653 653 653 653 653 654 653 654 654 653 654 654 653 654 654 653 654 654 653 654 653 653 654 653 653 654 654 655 656 656 657 658 658 659 659 660 661 661 515 515 515 515 515 515 515 515 515 515 515 515 515 515 515 515 515 515 515 515 515 515 515 515 515 515 515 515 515 515 515 515 515 515 515 515 515
655 654 654 654 654 654 654 654 653 654 654 654 653 653 653 653 653 652 652 653 653 653 653 653 653 653 654 653 653 654 653 653 654 653 653 654 653 653 653 653 653 653 653 653 653 654 655 655 656 657 657 658 658 659 660 660 661 515 515 515 515 515 515 515 515 515 515 515 515 515 515 515 515 515 515 515 515 515 515 515 515 515 515 515 515 515 515 515 515 515 515 515 515 515
654 653 654 654 653 654 653 653 653 654 653 653 653 652 653 652 653 652 652 653 652 653 653 652 653 653 653 653 653 653 653 653 653 653 653 653 653 652 653 653 652 653 653 652 653 654 654 655 655 656 657 657 658 659 659 660 660 515 515 515 515 515 515 515 515 515 515 515 515 515 515 515 515 515 515 515 515 515 515 515 515 515 515 515 515 515 515 515 515 515 515 515 515 515
652 653 653 653 652 653 652 653 653 651 652 652 653 652 652 652 651 652 652 652 652 652 652 652 653 652 652 653 652 652 653 652 653 653 652 653 652 652 653 652 652 652 652 652 653 653 654 654 655 656 656 657 658 658 659 659 660 661 515 515 515 515 515 515 515 515 515 515 515 515 515 515 515 515 515 515 515 515 515 515 515 515 515 515 515 515 515 515 515 515 515 515 515 515
652 653 652 652 652 651 652 652 652 651 652 652 651 651 651 651 651 652 651 651 652 651 652 652 651 652 652 651 652 652 652 652 652 652 652 651 652 652 651 652 652 651 651 652 652 653 653 654 655 655 656 657 657 658 658 659 659 660 515 515 515 515 515 515 515 515 515 515 515 515 515 515 515 515 515 515 515 515 515 515 515 515 515 515 515 515 515 515 515 515 515 515 515 515
652 650 651 651 651 651 651 651 650 651 651 651 650 651 650 650 651 650 651 651 650 651 651 651 651 651 651 651 651 651 651 651 651 651 650 651 651 650 651 651 650 651 651 651 652 652 653 654 654 655 655 656 657 657 658 658 659 660 515 515 515 515 515 515 515 515 515 515 515 515 515 515 515 515 515 515 515 515 515 515 515 515 515 515 515 515 515 515 515 515 515 515 515 515
649 650 650 651 650 650 650 649 650 650 649 649 650 649 649 650 649 650 650 649 650 650 650 650 650 650 650 650 650 650 651 650 650 650 650 650 650 650 650 650 650 650 650 651 651 652 653 653 654 654 655 656 656 657 657 658 659 659 515 515 515 515 515 515 515 515 515 515 515 515 515 515 515 515 515 515 515 515 515 515 515 515 515 515 515 515 515 515 515 515 515 515 515 515
649 649 650 648 648 649 648 649 649 648 648 649 648 648 649 648 649 649 648 649 649 649 649 649 649 649 649 649 649 650 649 649 649 649 649 649 649 649 649 649 649 649 650 650 651 652 652 653 653 654 655 655 656 656 657 658 658 659 659 515 515 515 515 515 515 515 515 515 515 515 515 515 515 515 515 515 515 515 515 515 515 515 515 515 515 515 515 515 515 515 515 515 515 515
648 648 647 647 648 647 648 647 647 647 647 647 647 648 647 647 648 647 648 648 647 648 648 648 648 648 648 648 648 648 648 647 648 648 647 648 648 647 648 648 648 649 649 650 651 651 652 652 653 654 654 655 655 656 657 657 658 658 659 515 515 515 515 515 515 515 515 515 515 515 515 515 515 515 515 515 515 515 515 515 515 515 515 515 515 515 515 515 515 515 515 515 515 515
646 646 646 646 646 646 646 645 646 646 645 646 646 646 646 647 646 646 647 646 647 647 646 647 647 646 647 647 646 647 646 647 647 646 647 647 646 646 647 647 648 648 649 650 650 651 651 652 653 653 654 654 655 655 656 657 657 658 658 515 515 515 515 515 515 515 515 515 515 515 515 515 515 515 515 515 515 515 515 515 515 515 515 515 515 515 515 515 515 515 515 515 515 515
644 645 645 644 644 644 644 644 645 644 645 645 644 645 645 645 645 645 645 645 646 645 645 646 645 645 646 645 645 645 645 645 645 645 645 645 645 645 646 647 647 648 649 649 650 650 651 652 652 653 653 654 654 655 656 656 657 657 658 515 515 515 515 515 515 515 515 515 515 515 515 515 515 515 515 515 515 515 515 515 515 515 515 515 515 515 515 515 515 515 515 515 515 515
643 644 642 642 643 642 643 643 643 643 643 643 643 644 643 643 644 643 644 644 643 644 644 643 644 644 644 644 643 644 644 643 644 644 643 644 644 645 646 646 647 648 648 649 649 650 650 651 652 652 653 653 654 655 655 656 656 657 657 658 515 515 515 515 515 515 515 515 515 515 515 515 515 515 515 515 515 515 515 515 515 515 515 515 515 515 515 515 515 515 515 515 515 515
641 640 641 641 641 641 642 641 641 642 641 642 642 641 642 642 642 642 642 642 642 642 642 642 643 642 642 642 642 642 642 642 642 642 643 643 644 645 645 646 646 647 648 648 649 649 650 651 651 652 652 653 653 654 655 655 656 656 657 657 515 515 515 515 515 515 515 515 515 515 515 515 515 515 515 515 515 515 515 515 515 515 515 515 515 515 515 515 515 515 515 515 515 515
639 639 639 639 639 640 639 640 640 639 640 640 640 640 640 640 640 641 640 640 641 640 640 641 640 640 640 640 641 640 640 641 641 642 642 643 644 644 645 645 646 647 647 648 648 649 650 650 651 651 652 652 653 654 654 655 655 656 656 657 515 515 515 515 515 515 515 515 515 515 515 515 515 515 515 515 515 515 515 515 515 515 515 515 515 515 515 515 515 515 515 515 515 515
637 638 637 637 638 637 638 638 638 638 638 638 638 639 638 638 639 638 638 639 638 639 639 638 639 638 638 639 638 639 640 640 641 641 642 643 643 644 644 645 646 646 647 647 648 649 649 650 650 651 651 652 653 653 654 654 655 655 656 656 515 515 515 515 515 515 515 515 515 515 515 515 515 515 515 515 515 515 515 515 515 515 515 515 515 515 515 515 515 515 515 515 515 515
636 635 635 636 635 636 636 636 636 636 636 636 637 636 636 637 636 636 637 636 637 637 636 637 636 636 637 637 638 639 639 640 640 641 642 642 643 643 644 645 645 646 646 647 648 648 649 649 650 650 651 651 652 653 653 654 654 655 655 656 656 515 515 515 515 515 515 515 515 515 515 515 515 515 515 515 515 515 515 515 515 515 515 515 515 515 515 515 515 515 515 515 515 515
634 633 634 633 634 634 633 634 634 634 634 634 634 634 635 634 634 635 634 634 635 634 634 634 635 636 636 637 638 638 639 639 640 641 641 642 642 643 644 644 645 645 646 646 647 648 648 649 649 650 650 651 652 652 653 653 654 654 655 655 656 515 515 515 515 515 515 515 515 515 515 515 515 515 515 515 515 515 515 515 515 515 515 515 515 515 515 515 515 515 515 515 515 515
631 631 632 631 632 631 632 632 631 632 632 631 632 632 632 632 632 632 632 631 632 633 633 634 635 635 636 636 637 638 638 639 640 640 641 641 642 643 643 644 644 645 645 646 647 647 648 648 649 649 650 651 651 652 652 653 653 654 654 655 655 515 515 515 515 515 515 515 515 515 515 515 515 515 515 515 515 515 515 515 515 515 515 515 515 515 515 515 515 515 515 515 515 515
629 630 629 629 629 629 630 629 629 630 629 629 630 629 630 630 629 630 630 631 632 632 633 634 634 635 635 636 637 637 638 639 639 640 640 641 642 642 643 643 644 644 645 646 646 647 647 648 648 649 649 650 651 651 652 652 653 653 654 654 655 515 515 515 515 515 515 515 515 515 515 515 515 515 515 515 515 515 515 515 515 515 515 515 515 515 515 515 515 515 515 515 515 515
627 626 627 626 627 627 626 627 627 627 627 627 627 627 628 628 629 629 630 631 631 632 633 633 634 634 635 636 636 637 637 638 639 639 640 640 641 642 642 643 643 644 645 645 646 646 647 647 648 648 649 649 650 651 651 652 652 653 653 654 654 655 515 515 515 515 515 515 515 515 515 515 515 515 515 515 515 515 515 515 515 515 515 515 515 515 515 515 515 515 515 515 515 515
624 624 624 624 624 624 624 624 624 624 625 625 626 627 627 628 628 629 630 630 631 632 632 633 633 634 635 635 636 636 637 638 638 639 639 640 641 641 642 642 643 643 644 645 645 646 646 647 647 648 648 649 650 650 651 651 652 652 653 653 654 654 515 515 515 515 515 515 515 515 515 515 515 515 515 515 515 515 515 515 515 515 515 515 515 515 515 515 515 515 515 515 515 515
621 621 621 621 621 621 622 622 623 624 624 625 626 626 627 627 628 629 629 630 631 631 632 632 633 634 634 635 635 636 637 637 638 638 639 640 640 641 641 642 642 643 644 644 645 645 646 646 647 647 648 648 649 650 650 651 651 652 652 653 653 653 515 515 515 515 515 515 515 515 515 515 515 515 515 515 515 515 515 515 515 515 515 515 515 515 515 515 515 515 515 515 515 515
618 618 619 619 620 621 621 622 623 623 624 625 625 626 626 627 628 628 629 630 630 631 631 632 633 633 634 634 635 636 636 637 637 638 639 639 640 640 641 641 642 643 643 644 644 645 645 646 646 647 647 648 648 649 649 650 651 651 651 652 652 653 515 515 515 515 515 515 515 515 515 515 515 515 515 515 515 515 515 515 515 515 515 515 515 515 515 515 515 515 515 515 515 515
617 618 618 619 620 620 621 622 622 623 624 624 625 625 626 627 627 628 629 629 630 630 631 632 632 633 633 634 635 635 636 636 637 638 638 639 639 640 640 641 642 642 643 643 644 644 645 645 646 646 647 647 648 648 649 649 650 650 651 651 652 652 653 515 515 515 515 515 515 515 515 515 515 515 515 515 515 515 515 515 515 515 515 515 515 515 515 515 515 515 515 515 515 515
617 617 618 619 619 620 621 621 622 623 623 624 624 625 626 626 627 627 628 629 629 630 631 631 632 632 633 634 634 635 635 636 636 637 638 638 639 639 640 640 641 642 642 643 643 644 644 645 645 646 646 647 647 648 648 649 649 650 650 651 651 652 652 515 515 515 515 515 515 515 515 515 515 515 515 515 515 515 515 515 515 515 515 515 515 515 515 515 515 515 515 515 515 515
616 617 618 618 619 620 620 621 622 622 623 623 624 625 625 626 626 627 628 628 629 630 630 631 631 632 633 633 634 634 635 635 636 637 637 638 638 639 639 640 641 641 642 642 643 643 644 644 645 645 646 646 647 647 648 648 649 649 650 650 651 651 652 515 515 515 515 515 515 515 515 515 515 515 515 515 515 515 515 515 515 515 515 515 515 515 515 515 515 515 515 515 515 515
616 617 617 618 619 619 620 620 621 622 622 623 624 624 625 625 626 627 627 628 628 629 630 630 631 631 632 633 633 634 634 635 636 636 637 637 638 638 639 639 640 641 641 642 642 643 643 644 644 645 645 646 646 647 647 648 648 649 649 650 650 651 651 515 515 515 515 515 515 515 515 515 515 515 515 515 515 515 515 515 515 515 515 515 515 515 515 515 515 515 515 515 515 515
616 616 617 618 618 619 619 620 621 621 622 623 623 624 624 625 626 626 627 627 628 629 629 630 630 631 632 632 633 633 634 635 635 636 636 637 637 638 638 639 640 640 641 641 642 642 643 643 644 644 645 645 646 646 647 647 648 648 649 649 650 650 650 651 515 515 515 515 515 515 515 515 515 515 515 515 515 515 515 515 515 515 515 515 515 515 515 515 515 515 515 515 515 515
615 616 617 617 618 618 619 620 620 621 622 622 623 623 624 625 625 626 626 627 628 628 629 629 630 631 631 632 632 633 633 634 635 635 636 636 637 637 638 639 639 640 640 641 641 642 642 643 643 644 644 645 645 646 646 647 647 648 648 649 649 649 650 650 515 515 515 515 515 515 515 515 515 515 515 515 515 515 515 515 515 515 515 515 515 515 515 515 515 515 515 515 515 515
615 616 616 617 617 618 619 619 620 621 621 622 622 623 624 624 625 625 626 627 627 628 628 629 630 630 631 631 632 632 633 634 634 635 635 636 636 637 637 638 639 639 640 640 641 641 642 642 643 643 644 644 645 645 646 646 647 647 648 648 648 649 649 650 515 515 515 515 515 515 515 515 515 515 515 515 515 515 515 515 515 515 515 515 515 515 515 515 515 515 515 515 515 515
615 615 616 616 617 618 618 619 620 620 621 621 622 623 623 624 624 625 626 626 627 627 628 629 629 630 630 631 631 632 633 633 634 634 635 635 636 636 637 637 638 639 639 640 640 641 641 642 642 643 643 644 644 645 645 646 646 646 647 647 648 648 649 649 515 515 515 515 515 515 515 515 515 515 515 515 515 515 515 515 515 515 515 515 515 515 515 515 515 515 515 515 515 515
614 615 615 616 617 617 618 619 619 620 620 621 622 622 623 623 624 625 625 626 626 627 627 628 629 629 630 630 631 632 632 633 633 634 634 635 635 636 636 637 638 638 639 639 640 640 641 641 642 642 643 643 644 644 645 645 645 646 646 647 647 648 648 649 649 515 515 515 515 515 515 515 515 515 515 515 515 515 515 515 515 515 515 515 515 515 515 515 515 515 515 515 515 515
614 614 615 616 616 617 617 618 619 619 620 621 621 622 622 623 624 624 625 625 626 626 627 628 628 629 629 630 630 631 632 632 633 633 634 634 635 635 636 636 637 638 638 639 639 640 640 641 641 642 642 643 643 643 644 644 645 645 646 646 647 647 648 648 648 515 515 515 515 515 515 515 515 515 515 515 515 515 515 515 515 515 515 515 515 515 515 515 515 515 515 515 515 515
613 614 615 615 616 616 617 618 618 619 619 620 621 621 622 622 623 624 624 625 625 626 627 627 628 628 629 629 630 631 631 632 632 633 633 634 634 635 635 636 636 637 638 638 639 639 640 640 641 641 642 642 642 643 643 644 644 645 645 646 646 646 647 647 648 515 515 515 515 515 515 515 515 515 515 515 515 515 515 515 515 515 515 515 515 515 515 515 515 515 515 515 515 515
