testData/tiles/oneDegreeCosts/grid7.0-31.0-8.0-32.0.asc
ncols   200
nrows   200
xllcorner   7.0
yllcorner   31.0
cellsize   0.005
NODATA_value   -9999.0
[rows 84 to 125 of 200, columns 94 to 187 of 200]
314 315 315 315 317 317 317 318 318 319 320 320 320 321 321 322 322 323 323 323 325 325 325 326 326 326 327 328 328 328 329 329 330 330 331 331 331 331 333 333 333 333 334 334 334 335 336 336 336 336 337 337 338 338 339 339 339 339 339 340 341 341 341 342 342 342 342 332 334 334 334 334 334 335 335 335 335 336 337 337 337 337 337 338 338 338 339 339 339 340 340 340 340 340
314 315 315 315 317 317 317 318 318 319 320 320 320 321 322 322 323 323 323 323 325 325 325 326 326 326 328 328 328 328 329 329 330 330 331 331 331 331 333 333 333 333 334 334 334 335 336 336 336 336 337 337 338 338 339 339 339 339 340 341 341 341 341 342 342 342 342 342 334 334 334 334 334 335 335 335 336 336 337 337 337 337 337 338 338 338 339 339 340 340 340 340 340 340
314 315 315 316 317 317 318 318 318 320 320 320 320 321 322 322 323 323 323 324 325 325 325 326 326 327 328 328 328 328 329 330 330 331 331 331 331 332 333 333 333 334 334 334 334 336 336 336 336 337 337 337 338 338 339 339 339 339 340 341 341 341 341 342 342 342 342 344 344 334 334 334 335 335 335 335 336 337 337 337 337 337 338 338 338 338 339 339 340 340 340 340 340 341
315 315 315 316 317 317 318 318 318 320 320 320 321 321 322 322 323 323 323 325 325 325 326 326 326 327 328 328 328 329 329 330 330 331 331 331 331 332 333 333 333 334 334 334 335 336 336 336 336 337 337 338 338 339 339 339 339 339 340 341 341 341 342 342 342 342 342 344 344 344 334 334 335 335 335 335 336 337 337 337 337 337 338 338 338 339 339 340 340 340 340 340 340 341
315 315 315 317 317 317 318 318 319 320 320 320 321 321 322 323 323 323 323 325 325 325 326 326 326 328 328 328 328 329 329 330 330 331 331 331 331 333 333 333 334 334 334 334 335 336 336 336 336 337 337 338 338 339 339 339 339 340 340 341 341 341 342 342 342 342 342 344 344 344 344 335 335 335 335 336 337 337 337 337 337 337 338 338 338 339 339 340 340 340 340 340 341 341
315 315 316 317 317 318 318 318 319 320 320 320 321 321 322 323 323 323 324 325 325 325 326 326 326 328 328 328 328 329 329 330 331 331 331 331 332 333 333 333 334 334 334 334 336 336 336 336 337 337 337 338 338 339 339 339 339 340 341 341 341 342 342 342 342 342 344 344 344 344 344 345 335 335 335 336 337 337 337 337 337 338 338 338 339 339 340 340 340 340 340 340 341 341
315 315 316 317 317 318 318 318 320 320 320 321 321 322 322 323 323 323 324 325 325 326 326 326 326 328 328 328 329 329 329 330 331 331 331 331 332 333 333 333 334 334 334 335 336 336 336 336 337 337 338 338 339 339 339 339 339 340 341 341 341 342 342 342 342 342 344 344 344 344 344 345 345 335 335 336 337 337 337 337 337 338 338 338 339 339 340 340 340 340 340 340 341 341
315 315 316 317 317 318 318 318 320 320 320 321 321 322 323 323 323 323 324 325 325 326 326 326 328 328 328 328 329 329 330 330 331 331 331 331 332 333 333 334 334 334 334 336 336 336 336 336 337 337 338 338 339 339 339 339 340 340 341 341 341 342 342 342 342 343 344 344 344 344 345 345 345 345 336 337 337 337 337 337 338 338 338 338 339 339 340 340 340 340 340 341 341 341
315 315 316 317 317 318 318 318 320 320 320 321 321 322 323 323 323 324 325 325 325 326 326 326 328 328 328 328 329 329 330 331 331 331 331 332 333 333 333 334 334 334 334 336 336 336 336 337 337 337 338 339 339 339 339 339 340 341 341 341 342 342 342 342 342 344 344 344 344 344 345 345 345 345 346 337 337 337 337 337 338 338 338 339 339 340 340 340 340 340 340 341 341 341
315 316 317 317 318 318 318 320 320 320 321 321 321 322 323 323 323 324 325 325 326 326 326 326 328 328 328 329 329 329 330 331 331 331 331 332 333 333 333 334 334 334 334 336 336 336 336 337 337 337 338 339 339 339 339 339 340 341 341 341 342 342 342 342 342 344 344 344 344 345 345 345 345 345 347 347 337 337 337 337 338 338 338 339 339 340 340 340 340 340 341 341 341 342
315 316 317 317 318 318 318 320 320 320 321 321 321 323 323 323 323 324 325 325 326 326 326 326 328 328 328 329 329 329 330 331 331 331 331 332 333 333 334 334 334 334 336 336 336 336 336 337 337 338 338 339 339 339 339 340 340 341 341 341 342 342 342 342 343 344 344 344 344 345 345 345 345 346 347 347 347 337 337 338 338 338 338 339 340 340 340 340 340 340 341 341 341 342
315 316 317 317 318 318 318 320 320 320 321 321 322 323 323 323 324 324 325 325 326 326 326 328 328 328 328 329 329 330 331 331 331 331 332 332 333 333 334 334 334 334 336 336 336 336 337 337 337 338 339 339 339 339 339 340 340 341 341 342 342 342 342 342 343 344 344 344 344 345 345 345 345 346 347 347 347 347 337 338 338 338 339 339 340 340 340 340 340 340 341 341 341 342
316 316 317 318 318 318 319 320 320 320 321 321 322 323 323 323 324 324 325 326 326 326 326 328 328 328 329 329 329 330 331 331 331 331 332 333 333 333 334 334 334 334 336 336 336 336 337 337 337 338 339 339 339 339 340 340 341 341 341 342 342 342 342 342 344 344 344 344 345 345 345 345 345 347 347 347 347 347 348 338 338 338 339 339 340 340 340 340 340 341 341 341 342 342
316 316 317 318 318 318 319 320 320 321 321 321 323 323 323 323 324 325 325 326 326 326 326 328 328 328 329 329 329 330 331 331 331 331 332 333 333 334 334 334 334 335 336 336 336 336 337 337 337 338 339 339 339 339 340 340 341 341 341 342 342 342 342 343 344 344 344 344 345 345 345 345 345 347 347 347 347 347 348 348 338 338 339 340 340 340 340 340 340 341 341 341 342 342
316 316 317 318 318 318 319 320 320 321 321 321 323 323 323 324 324 325 325 326 326 326 327 328 328 328 329 329 329 330 331 331 331 332 332 333 333 334 334 334 334 335 336 336 336 337 337 337 337 339 339 339 339 339 340 340 341 341 342 342 342 342 342 343 344 344 344 344 345 345 345 345 346 347 347 347 347 347 348 348 348 338 339 340 340 340 340 340 341 341 341 341 342 342
316 317 317 318 318 318 320 320 320 321 321 321 323 323 323 324 324 325 325 326 326 326 327 328 328 328 329 329 329 331 331 331 331 332 332 333 333 334 334 334 334 336 336 336 336 337 337 337 338 339 339 339 339 340 340 340 341 341 342 342 342 342 342 343 344 344 344 345 345 345 345 345 347 347 347 347 347 348 348 348 348 349 340 340 340 340 340 340 341 341 341 342 342 342
316 317 318 318 318 319 320 320 321 321 321 322 323 323 323 324 324 325 326 326 326 326 327 328 328 329 329 329 330 331 331 331 331 332 332 333 333 334 334 334 335 336 336 336 336 337 337 337 338 339 339 339 339 340 340 341 341 341 342 342 342 342 343 344 344 344 344 345 345 345 345 345 347 347 347 347 347 348 348 348 348 349 350 340 340 340 340 340 341 341 341 342 342 343
316 317 318 318 318 319 320 320 321 321 321 323 323 323 323 324 324 325 326 326 326 327 328 328 328 329 329 329 330 331 331 331 332 332 333 333 334 334 334 334 335 336 336 336 337 337 337 337 339 339 339 339 339 340 340 341 341 342 342 342 342 342 343 344 344 344 344 345 345 345 345 346 347 347 347 347 347 348 348 348 348 349 350 350 340 340 340 341 341 341 341 342 342 343
316 317 318 318 318 319 320 320 321 321 321 323 323 323 324 324 324 325 326 326 326 327 328 328 328 329 329 329 331 331 331 331 332 332 333 333 334 334 334 334 335 336 336 336 337 337 337 337 339 339 339 339 340 340 340 341 341 342 342 342 342 343 343 344 344 344 345 345 345 345 345 347 347 347 347 347 348 348 348 348 348 350 350 350 350 340 340 341 341 341 341 342 343 343
316 318 318 318 319 319 320 320 321 321 321 323 323 323 324 324 325 326 326 326 326 327 328 328 329 329 329 329 331 331 331 331 332 332 333 333 334 334 334 334 335 336 336 336 337 337 337 337 339 339 339 339 340 340 340 341 341 342 342 342 342 343 343 344 344 344 345 345 345 345 345 347 347 347 347 347 348 348 348 348 349 350 350 350 350 350 341 341 341 341 342 342 343 343
316 318 318 318 319 319 320 321 321 321 322 323 323 323 324 324 325 326 326 326 326 327 328 328 329 329 329 329 331 331 331 332 332 332 333 334 334 334 334 335 336 336 336 337 337 337 337 339 339 339 339 339 340 340 340 341 342 342 342 342 342 343 344 344 344 344 345 345 345 345 346 347 347 347 347 348 348 348 348 348 349 350 350 350 350 350 351 341 341 341 342 342 343 343
316 318 318 318 319 319 320 321 321 321 322 323 323 324 324 324 325 326 326 326 327 327 328 328 329 329 329 330 331 331 331 332 332 332 333 334 334 334 334 335 336 336 336 337 337 337 337 339 339 339 339 340 340 340 341 341 342 342 342 342 343 343 344 344 344 345 345 345 345 345 346 347 347 347 347 348 348 348 348 348 350 350 350 350 350 350 351 351 341 341 342 343 343 343
317 318 318 318 319 320 320 321 321 321 322 323 323 324 324 324 325 326 326 326 327 327 328 329 329 329 329 331 331 331 331 332 332 332 333 334 334 334 334 335 336 336 336 337 337 337 337 339 339 339 339 340 340 340 341 341 342 342 342 342 343 343 344 344 344 345 345 345 345 345 347 347 347 347 347 348 348 348 348 348 350 350 350 350 350 351 351 351 351 341 342 343 343 343
318 318 318 319 319 320 321 321 321 321 323 323 323 324 324 324 326 326 326 326 327 328 328 329 329 329 329 331 331 331 331 332 332 332 334 334 334 334 335 335 336 336 337 337 337 337 337 339 339 339 339 340 340 340 341 342 342 342 342 342 343 343 344 344 344 345 345 345 345 346 347 347 347 347 348 348 348 348 348 349 350 350 350 350 350 351 351 351 351 352 342 343 343 343
318 318 318 319 319 320 321 321 321 322 323 323 323 324 324 324 326 326 326 327 327 328 328 329 329 329 329 331 331 331 332 332 332 333 334 334 334 334 335 335 336 336 337 337 337 337 338 339 339 339 339 340 340 340 341 342 342 342 342 343 343 343 344 344 345 345 345 345 345 346 347 347 347 347 348 348 348 348 348 350 350 350 350 350 350 351 351 351 351 352 353 343 343 343
318 318 318 319 319 320 321 321 321 322 323 323 324 324 324 324 326 326 326 327 327 328 328 329 329 329 330 331 331 331 332 332 332 333 334 334 334 334 335 335 336 336 337 337 337 337 338 339 339 339 340 340 340 340 341 342 342 342 342 343 343 343 344 344 345 345 345 345 345 346 347 347 347 347 348 348 348 348 348 350 350 350 350 350 351 351 351 351 351 352 353 353 343 343
318 318 318 319 319 320 321 321 321 322 323 323 324 324 324 326 326 326 326 327 327 328 329 329 329 329 330 331 331 331 332 332 332 333 334 334 334 335 335 335 336 337 337 337 337 337 339 339 339 339 340 340 340 340 342 342 342 342 342 343 343 344 344 344 345 345 345 345 346 346 347 347 347 348 348 348 348 348 348 350 350 350 350 350 351 351 351 351 351 353 353 353 353 343
318 318 319 319 319 321 321 321 321 322 323 323 324 324 324 326 326 326 326 327 327 328 329 329 329 329 330 331 331 332 332 332 332 334 334 334 334 335 335 336 336 337 337 337 337 338 339 339 339 339 340 340 340 341 342 342 342 342 342 343 343 344 344 345 345 345 345 345 346 346 347 347 347 348 348 348 348 348 349 350 350 350 350 350 351 351 351 351 352 353 353 353 353 353
318 318 319 319 319 321 321 321 322 322 323 323 324 324 324 326 326 326 327 327 327 328 329 329 329 330 330 331 331 332 332 332 332 334 334 334 334 335 335 336 336 337 337 337 337 338 339 339 339 340 340 340 340 341 342 342 342 342 343 343 343 344 344 345 345 345 345 345 346 347 347 347 347 348 348 348 348 348 350 350 350 350 350 351 351 351 351 351 352 353 353 353 353 353
318 318 319 319 319 321 321 321 322 322 323 324 324 324 324 326 326 326 327 327 327 328 329 329 329 330 330 331 331 332 332 332 332 334 334 334 334 335 335 336 336 337 337 337 337 338 339 339 339 340 340 340 340 342 342 342 342 342 343 343 343 344 344 345 345 345 345 346 346 347 347 347 348 348 348 348 348 348 350 350 350 350 350 351 351 351 351 351 353 353 353 353 353 353
318 318 319 319 320 321 321 321 322 322 323 324 324 324 325 326 326 326 327 327 327 329 329 329 329 330 331 331 331 332 332 332 333 334 334 334 335 335 335 336 337 337 337 337 338 338 339 339 339 340 340 340 340 342 342 342 342 342 343 343 343 344 345 345 345 345 345 346 346 347 347 347 348 348 348 348 348 349 350 350 350 350 350 351 351 351 351 351 353 353 353 353 353 353
318 319 319 319 321 321 321 321 322 322 323 324 324 324 325 326 326 326 327 327 328 329 329 329 329 330 331 331 332 332 332 332 334 334 334 334 335 335 335 336 337 337 337 337 338 338 339 339 340 340 340 340 340 342 342 342 342 343 343 343 343 344 345 345 345 345 345 346 346 347 347 347 348 348 348 348 348 349 350 350 350 350 351 351 351 351 351 351 353 353 353 353 353 354
318 319 319 319 321 321 321 322 322 323 323 324 324 324 325 326 326 327 327 327 328 329 329 329 330 330 331 331 332 332 332 332 334 334 334 334 335 335 335 336 337 337 337 337 338 338 339 339 340 340 340 340 340 342 342 342 342 343 343 343 343 344 345 345 345 345 346 346 346 347 347 348 348 348 348 348 348 349 350 350 350 350 351 351 351 351 351 352 353 353 353 353 353 354
318 319 319 319 321 321 321 322 322 323 324 324 324 324 325 326 326 327 327 327 328 329 329 329 330 330 331 331 332 332 332 332 334 334 334 335 335 335 335 337 337 337 337 337 338 339 339 339 340 340 340 340 341 342 342 342 342 343 343 343 344 345 345 345 345 345 346 346 346 347 347 348 348 348 348 348 349 349 350 350 350 350 351 351 351 351 351 353 353 353 353 353 353 354
318 319 319 319 321 321 321 322 322 323 324 324 324 325 325 326 326 327 327 327 329 329 329 329 330 330 331 331 332 332 332 333 334 334 334 335 335 335 335 337 337 337 337 338 338 339 339 339 340 340 340 340 341 342 342 342 343 343 343 343 344 345 345 345 345 345 346 346 346 347 347 348 348 348 348 348 349 350 350 350 350 351 351 351 351 351 351 353 353 353 353 353 354 354
319 319 319 320 321 321 321 322 322 323 324 324 324 325 325 326 326 327 327 327 329 329 329 329 330 330 331 332 332 332 332 333 334 334 334 335 335 335 336 337 337 337 337 338 338 339 339 340 340 340 340 340 342 342 342 342 343 343 343 343 344 345 345 345 345 345 346 346 347 347 347 348 348 348 348 348 349 350 350 350 350 351 351 351 351 351 352 353 353 353 353 353 354 354
319 319 319 320 321 321 322 322 322 323 324 324 324 325 326 326 327 327 327 327 329 329 329 330 330 330 331 332 332 332 332 333 334 334 334 335 335 335 336 337 337 337 337 338 338 339 339 340 340 340 340 341 342 342 342 342 343 343 343 343 345 345 345 345 345 346 346 346 347 347 348 348 348 348 348 349 349 350 350 350 350 351 351 351 351 351 352 353 353 353 353 353 354 354
319 319 319 320 321 321 322 322 322 324 324 324 324 325 326 326 327 327 327 328 329 329 329 330 330 330 331 332 332 332 332 333 334 334 335 335 335 335 337 337 337 337 337 338 338 339 339 340 340 340 340 341 342 342 342 342 343 343 343 343 345 345 345 345 345 346 346 346 347 347 348 348 348 348 348 349 349 350 350 350 351 351 351 351 351 351 352 353 353 353 353 354 354 354
319 319 319 320 321 321 322 322 322 324 324 324 325 325 326 326 327 327 327 328 329 329 329 330 330 330 332 332 332 332 333 333 334 334 335 335 335 335 337 337 337 337 338 338 338 339 340 340 340 340 340 341 342 342 342 343 343 343 343 343 345 345 345 345 345 346 346 346 347 347 348 348 348 348 348 349 349 350 350 350 351 351 351 351 351 352 352 353 353 353 353 354 354 354
319 319 320 320 321 321 322 322 322 324 324 324 325 325 326 326 327 327 327 328 329 329 329 330 330 330 332 332 332 332 333 333 334 334 335 335 335 335 337 337 337 337 338 338 338 339 340 340 340 340 340 341 342 342 342 343 343 343 343 343 345 345 345 345 346 346 346 346 347 348 348 348 348 348 349 349 349 350 350 350 351 351 351 351 351 352 352 353 353 353 353 354 354 354
319 319 320 320 321 322 322 322 322 324 324 324 325 325 326 327 327 327 327 328 329 329 330 330 330 330 332 332 332 332 333 333 334 334 335 335 335 335 337 337 337 337 338 338 338 339 340 340 340 340 341 341 342 342 342 343 343 343 343 344 345 345 345 345 346 346 346 346 347 348 348 348 348 348 349 349 349 350 350 351 351 351 351 351 351 352 352 353 353 353 354 354 354 354
319 319 320 320 321 322 322 322 323 324 324 324 325 325 326 327 327 327 327 328 329 329 330 330 330 330 332 332 332 332 333 333 334 335 335 335 335 336 337 337 337 338 338 338 338 339 340 340 340 340 341 341 342 342 343 343 343 343 343 344 345 345 345 345 346 346 346 346 347 348 348 348 348 348 349 349 349 350 350 351 351 351 351 351 352 352 353 353 353 353 354 354 354 354
