testData/tiles/oneDegreeCosts/grid46.0-49.0-47.0-50.0.asc
ncols   200
nrows   200
xllcorner   46.0
yllcorner   49.0
cellsize   0.005
NODATA_value   -9999.0
[rows 0 to 16 of 200, columns 0 to 36 of 200]
1.020000000000000000e+02 1.020000000000000000e+02 1.020000000000000000e+02 1.020000000000000000e+02 1.020000000000000000e+02 1.010000000000000000e+02 1.010000000000000000e+02 1.000000000000000000e+02 1.000000000000000000e+02 9.900000000000000000e+01 9.800000000000000000e+01 9.800000000000000000e+01 9.700000000000000000e+01 9.600000000000000000e+01 9.500000000000000000e+01 9.500000000000000000e+01 9.400000000000000000e+01 9.300000000000000000e+01 9.200000000000000000e+01 9.100000000000000000e+01 9.100000000000000000e+01 9.000000000000000000e+01 8.900000000000000000e+01 8.800000000000000000e+01 8.700000000000000000e+01 8.600000000000000000e+01 8.600000000000000000e+01 8.500000000000000000e+01 8.400000000000000000e+01 8.300000000000000000e+01 8.200000000000000000e+01 8.100000000000000000e+01 8.000000000000000000e+01 8.000000000000000000e+01 8.000000000000000000e+01 8.000000000000000000e+01 8.000000000000000000e+01
1.030000000000000000e+02 1.030000000000000000e+02 1.030000000000000000e+02 1.030000000000000000e+02 1.030000000000000000e+02 1.020000000000000000e+02 1.020000000000000000e+02 1.010000000000000000e+02 1.000000000000000000e+02 1.000000000000000000e+02 9.900000000000000000e+01 9.800000000000000000e+01 9.700000000000000000e+01 9.700000000000000000e+01 9.600000000000000000e+01 9.500000000000000000e+01 9.400000000000000000e+01 9.300000000000000000e+01 9.300000000000000000e+01 9.200000000000000000e+01 9.100000000000000000e+01 9.000000000000000000e+01 8.900000000000000000e+01 8.800000000000000000e+01 8.700000000000000000e+01 8.700000000000000000e+01 8.600000000000000000e+01 8.500000000000000000e+01 8.400000000000000000e+01 8.300000000000000000e+01 8.200000000000000000e+01 8.100000000000000000e+01 8.100000000000000000e+01 8.000000000000000000e+01 8.000000000000000000e+01 8.000000000000000000e+01 8.000000000000000000e+01
1.040000000000000000e+02 1.040000000000000000e+02 1.040000000000000000e+02 1.040000000000000000e+02 1.030000000000000000e+02 1.030000000000000000e+02 1.020000000000000000e+02 1.020000000000000000e+02 1.010000000000000000e+02 1.000000000000000000e+02 9.900000000000000000e+01 9.900000000000000000e+01 9.800000000000000000e+01 9.700000000000000000e+01 9.600000000000000000e+01 9.500000000000000000e+01 9.500000000000000000e+01 9.400000000000000000e+01 9.300000000000000000e+01 9.200000000000000000e+01 9.100000000000000000e+01 9.000000000000000000e+01 8.900000000000000000e+01 8.900000000000000000e+01 8.800000000000000000e+01 8.700000000000000000e+01 8.600000000000000000e+01 8.500000000000000000e+01 8.400000000000000000e+01 8.300000000000000000e+01 8.300000000000000000e+01 8.200000000000000000e+01 8.100000000000000000e+01 8.000000000000000000e+01 8.000000000000000000e+01 8.000000000000000000e+01 8.000000000000000000e+01
1.050000000000000000e+02 1.050000000000000000e+02 1.050000000000000000e+02 1.050000000000000000e+02 1.040000000000000000e+02 1.040000000000000000e+02 1.030000000000000000e+02 1.020000000000000000e+02 1.010000000000000000e+02 1.010000000000000000e+02 1.000000000000000000e+02 9.900000000000000000e+01 9.800000000000000000e+01 9.700000000000000000e+01 9.600000000000000000e+01 9.600000000000000000e+01 9.500000000000000000e+01 9.400000000000000000e+01 9.300000000000000000e+01 9.200000000000000000e+01 9.100000000000000000e+01 9.000000000000000000e+01 9.000000000000000000e+01 8.900000000000000000e+01 8.800000000000000000e+01 8.700000000000000000e+01 8.600000000000000000e+01 8.500000000000000000e+01 8.400000000000000000e+01 8.400000000000000000e+01 8.300000000000000000e+01 8.200000000000000000e+01 8.100000000000000000e+01 8.000000000000000000e+01 8.000000000000000000e+01 8.000000000000000000e+01 8.000000000000000000e+01
1.060000000000000000e+02 1.060000000000000000e+02 1.060000000000000000e+02 1.050000000000000000e+02 1.050000000000000000e+02 1.040000000000000000e+02 1.030000000000000000e+02 1.030000000000000000e+02 1.020000000000000000e+02 1.010000000000000000e+02 1.000000000000000000e+02 9.900000000000000000e+01 9.800000000000000000e+01 9.800000000000000000e+01 9.700000000000000000e+01 9.600000000000000000e+01 9.500000000000000000e+01 9.400000000000000000e+01 9.300000000000000000e+01 9.200000000000000000e+01 9.200000000000000000e+01 9.100000000000000000e+01 9.000000000000000000e+01 8.900000000000000000e+01 8.800000000000000000e+01 8.700000000000000000e+01 8.600000000000000000e+01 8.500000000000000000e+01 8.400000000000000000e+01 8.400000000000000000e+01 8.300000000000000000e+01 8.200000000000000000e+01 8.100000000000000000e+01 8.000000000000000000e+01 8.000000000000000000e+01 8.000000000000000000e+01 8.000000000000000000e+01
1.070000000000000000e+02 1.070000000000000000e+02 1.070000000000000000e+02 1.060000000000000000e+02 1.050000000000000000e+02 1.050000000000000000e+02 1.040000000000000000e+02 1.030000000000000000e+02 1.020000000000000000e+02 1.010000000000000000e+02 1.000000000000000000e+02 9.900000000000000000e+01 9.900000000000000000e+01 9.800000000000000000e+01 9.700000000000000000e+01 9.600000000000000000e+01 9.500000000000000000e+01 9.400000000000000000e+01 9.300000000000000000e+01 9.200000000000000000e+01 9.200000000000000000e+01 9.100000000000000000e+01 9.000000000000000000e+01 8.900000000000000000e+01 8.800000000000000000e+01 8.700000000000000000e+01 8.600000000000000000e+01 8.500000000000000000e+01 8.500000000000000000e+01 8.400000000000000000e+01 8.300000000000000000e+01 8.200000000000000000e+01 8.100000000000000000e+01 8.000000000000000000e+01 8.000000000000000000e+01 8.000000000000000000e+01 8.000000000000000000e+01
1.070000000000000000e+02 1.080000000000000000e+02 1.070000000000000000e+02 1.070000000000000000e+02 1.060000000000000000e+02 1.050000000000000000e+02 1.040000000000000000e+02 1.030000000000000000e+02 1.020000000000000000e+02 1.010000000000000000e+02 1.000000000000000000e+02 1.000000000000000000e+02 9.900000000000000000e+01 9.800000000000000000e+01 9.700000000000000000e+01 9.600000000000000000e+01 9.500000000000000000e+01 9.400000000000000000e+01 9.300000000000000000e+01 9.300000000000000000e+01 9.200000000000000000e+01 9.100000000000000000e+01 9.000000000000000000e+01 8.900000000000000000e+01 8.800000000000000000e+01 8.700000000000000000e+01 8.600000000000000000e+01 8.600000000000000000e+01 8.500000000000000000e+01 8.400000000000000000e+01 8.300000000000000000e+01 8.200000000000000000e+01 8.100000000000000000e+01 8.000000000000000000e+01 8.000000000000000000e+01 8.000000000000000000e+01 8.000000000000000000e+01
1.080000000000000000e+02 1.090000000000000000e+02 1.080000000000000000e+02 1.070000000000000000e+02 1.060000000000000000e+02 1.050000000000000000e+02 1.040000000000000000e+02 1.030000000000000000e+02 1.020000000000000000e+02 1.010000000000000000e+02 1.010000000000000000e+02 1.000000000000000000e+02 9.900000000000000000e+01 9.800000000000000000e+01 9.700000000000000000e+01 9.600000000000000000e+01 9.500000000000000000e+01 9.400000000000000000e+01 9.300000000000000000e+01 9.300000000000000000e+01 9.200000000000000000e+01 9.100000000000000000e+01 9.000000000000000000e+01 8.900000000000000000e+01 8.800000000000000000e+01 8.700000000000000000e+01 8.600000000000000000e+01 8.600000000000000000e+01 8.500000000000000000e+01 8.400000000000000000e+01 8.300000000000000000e+01 8.200000000000000000e+01 8.100000000000000000e+01 8.000000000000000000e+01 8.000000000000000000e+01 8.000000000000000000e+01 8.000000000000000000e+01
1.070000000000000000e+02 1.080000000000000000e+02 1.070000000000000000e+02 1.070000000000000000e+02 1.060000000000000000e+02 1.050000000000000000e+02 1.040000000000000000e+02 1.030000000000000000e+02 1.020000000000000000e+02 1.010000000000000000e+02 1.000000000000000000e+02 1.000000000000000000e+02 9.900000000000000000e+01 9.800000000000000000e+01 9.700000000000000000e+01 9.600000000000000000e+01 9.500000000000000000e+01 9.400000000000000000e+01 9.300000000000000000e+01 9.300000000000000000e+01 9.200000000000000000e+01 9.100000000000000000e+01 9.000000000000000000e+01 8.900000000000000000e+01 8.800000000000000000e+01 8.700000000000000000e+01 8.600000000000000000e+01 8.600000000000000000e+01 8.500000000000000000e+01 8.400000000000000000e+01 8.300000000000000000e+01 8.200000000000000000e+01 8.100000000000000000e+01 8.000000000000000000e+01 8.000000000000000000e+01 8.000000000000000000e+01 8.000000000000000000e+01
1.070000000000000000e+02 1.070000000000000000e+02 1.070000000000000000e+02 1.060000000000000000e+02 1.050000000000000000e+02 1.050000000000000000e+02 1.040000000000000000e+02 1.030000000000000000e+02 1.020000000000000000e+02 1.010000000000000000e+02 1.000000000000000000e+02 9.900000000000000000e+01 9.900000000000000000e+01 9.800000000000000000e+01 9.700000000000000000e+01 9.600000000000000000e+01 9.500000000000000000e+01 9.400000000000000000e+01 9.300000000000000000e+01 9.200000000000000000e+01 9.200000000000000000e+01 9.100000000000000000e+01 9.000000000000000000e+01 8.900000000000000000e+01 8.800000000000000000e+01 8.700000000000000000e+01 8.600000000000000000e+01 8.500000000000000000e+01 8.500000000000000000e+01 8.400000000000000000e+01 8.300000000000000000e+01 8.200000000000000000e+01 8.100000000000000000e+01 8.000000000000000000e+01 8.000000000000000000e+01 8.000000000000000000e+01 8.000000000000000000e+01
1.060000000000000000e+02 1.060000000000000000e+02 1.060000000000000000e+02 1.050000000000000000e+02 1.050000000000000000e+02 1.040000000000000000e+02 1.030000000000000000e+02 1.030000000000000000e+02 1.020000000000000000e+02 1.010000000000000000e+02 1.000000000000000000e+02 9.900000000000000000e+01 9.800000000000000000e+01 9.800000000000000000e+01 9.700000000000000000e+01 9.600000000000000000e+01 9.500000000000000000e+01 9.400000000000000000e+01 9.300000000000000000e+01 9.200000000000000000e+01 9.200000000000000000e+01 9.100000000000000000e+01 9.000000000000000000e+01 8.900000000000000000e+01 8.800000000000000000e+01 8.700000000000000000e+01 8.600000000000000000e+01 8.500000000000000000e+01 8.400000000000000000e+01 8.400000000000000000e+01 8.300000000000000000e+01 8.200000000000000000e+01 8.100000000000000000e+01 8.000000000000000000e+01 8.000000000000000000e+01 8.000000000000000000e+01 8.000000000000000000e+01
1.050000000000000000e+02 1.050000000000000000e+02 1.050000000000000000e+02 1.050000000000000000e+02 1.040000000000000000e+02 1.040000000000000000e+02 1.030000000000000000e+02 1.020000000000000000e+02 1.010000000000000000e+02 1.010000000000000000e+02 1.000000000000000000e+02 9.900000000000000000e+01 9.800000000000000000e+01 9.700000000000000000e+01 9.600000000000000000e+01 9.600000000000000000e+01 9.500000000000000000e+01 9.400000000000000000e+01 9.300000000000000000e+01 9.200000000000000000e+01 9.100000000000000000e+01 9.000000000000000000e+01 9.000000000000000000e+01 8.900000000000000000e+01 8.800000000000000000e+01 8.700000000000000000e+01 8.600000000000000000e+01 8.500000000000000000e+01 8.400000000000000000e+01 8.400000000000000000e+01 8.300000000000000000e+01 8.200000000000000000e+01 8.100000000000000000e+01 8.000000000000000000e+01 8.000000000000000000e+01 8.000000000000000000e+01 8.000000000000000000e+01
1.040000000000000000e+02 1.040000000000000000e+02 1.040000000000000000e+02 1.040000000000000000e+02 1.030000000000000000e+02 1.030000000000000000e+02 1.020000000000000000e+02 1.020000000000000000e+02 1.010000000000000000e+02 1.000000000000000000e+02 9.900000000000000000e+01 9.900000000000000000e+01 9.800000000000000000e+01 9.700000000000000000e+01 9.600000000000000000e+01 9.500000000000000000e+01 9.500000000000000000e+01 9.400000000000000000e+01 9.300000000000000000e+01 9.200000000000000000e+01 9.100000000000000000e+01 9.000000000000000000e+01 8.900000000000000000e+01 8.900000000000000000e+01 8.800000000000000000e+01 8.700000000000000000e+01 8.600000000000000000e+01 8.500000000000000000e+01 8.400000000000000000e+01 8.300000000000000000e+01 8.300000000000000000e+01 8.200000000000000000e+01 8.100000000000000000e+01 8.000000000000000000e+01 8.000000000000000000e+01 8.000000000000000000e+01 8.000000000000000000e+01
1.030000000000000000e+02 1.030000000000000000e+02 1.030000000000000000e+02 1.030000000000000000e+02 1.030000000000000000e+02 1.020000000000000000e+02 1.020000000000000000e+02 1.010000000000000000e+02 1.000000000000000000e+02 1.000000000000000000e+02 9.900000000000000000e+01 9.800000000000000000e+01 9.700000000000000000e+01 9.700000000000000000e+01 9.600000000000000000e+01 9.500000000000000000e+01 9.400000000000000000e+01 9.300000000000000000e+01 9.300000000000000000e+01 9.200000000000000000e+01 9.100000000000000000e+01 9.000000000000000000e+01 8.900000000000000000e+01 8.800000000000000000e+01 8.700000000000000000e+01 8.700000000000000000e+01 8.600000000000000000e+01 8.500000000000000000e+01 8.400000000000000000e+01 8.300000000000000000e+01 8.200000000000000000e+01 8.100000000000000000e+01 8.100000000000000000e+01 8.000000000000000000e+01 8.000000000000000000e+01 8.000000000000000000e+01 8.000000000000000000e+01
1.020000000000000000e+02 1.020000000000000000e+02 1.020000000000000000e+02 1.020000000000000000e+02 1.020000000000000000e+02 1.010000000000000000e+02 1.010000000000000000e+02 1.000000000000000000e+02 1.000000000000000000e+02 9.900000000000000000e+01 9.800000000000000000e+01 9.800000000000000000e+01 9.700000000000000000e+01 9.600000000000000000e+01 9.500000000000000000e+01 9.500000000000000000e+01 9.400000000000000000e+01 9.300000000000000000e+01 9.200000000000000000e+01 9.100000000000000000e+01 9.100000000000000000e+01 9.000000000000000000e+01 8.900000000000000000e+01 8.800000000000000000e+01 8.700000000000000000e+01 8.600000000000000000e+01 8.600000000000000000e+01 8.500000000000000000e+01 8.400000000000000000e+01 8.300000000000000000e+01 8.200000000000000000e+01 8.100000000000000000e+01 8.000000000000000000e+01 8.000000000000000000e+01 8.000000000000000000e+01 8.000000000000000000e+01 8.000000000000000000e+01
1.010000000000000000e+02 1.010000000000000000e+02 1.010000000000000000e+02 1.010000000000000000e+02 1.010000000000000000e+02 1.010000000000000000e+02 1.000000000000000000e+02 1.000000000000000000e+02 9.900000000000000000e+01 9.900000000000000000e+01 9.800000000000000000e+01 9.700000000000000000e+01 9.600000000000000000e+01 9.600000000000000000e+01 9.500000000000000000e+01 9.400000000000000000e+01 9.300000000000000000e+01 9.300000000000000000e+01 9.200000000000000000e+01 9.100000000000000000e+01 9.000000000000000000e+01 8.900000000000000000e+01 8.900000000000000000e+01 8.800000000000000000e+01 8.700000000000000000e+01 8.600000000000000000e+01 8.500000000000000000e+01 8.400000000000000000e+01 8.400000000000000000e+01 8.300000000000000000e+01 8.200000000000000000e+01 8.100000000000000000e+01 8.000000000000000000e+01 8.000000000000000000e+01 8.000000000000000000e+01 8.000000000000000000e+01 8.000000000000000000e+01
1.000000000000000000e+02 1.010000000000000000e+02 1.000000000000000000e+02 1.000000000000000000e+02 1.000000000000000000e+02 1.000000000000000000e+02 9.900000000000000000e+01 9.900000000000000000e+01 9.800000000000000000e+01 9.800000000000000000e+01 9.700000000000000000e+01 9.700000000000000000e+01 9.600000000000000000e+01 9.500000000000000000e+01 9.500000000000000000e+01 9.400000000000000000e+01 9.300000000000000000e+01 9.200000000000000000e+01 9.200000000000000000e+01 9.100000000000000000e+01 9.000000000000000000e+01 8.900000000000000000e+01 8.800000000000000000e+01 8.700000000000000000e+01 8.700000000000000000e+01 8.600000000000000000e+01 8.500000000000000000e+01 8.400000000000000000e+01 8.300000000000000000e+01 8.300000000000000000e+01 8.200000000000000000e+01 8.100000000000000000e+01 8.000000000000000000e+01 8.000000000000000000e+01 8.000000000000000000e+01 8.000000000000000000e+01 8.000000000000000000e+01
