testData/tiles/oneDegreeCosts/grid31.0-24.0-32.0-25.0.asc
ncols   200
nrows   200
xllcorner   31.0
yllcorner   24.0
cellsize   0.005
NODATA_value   -9999.0
[rows 84 to 125 of 200, columns 94 to 187 of 200]
758 759 760 760 761 762 762 763 764 764 765 765 765 766 767 767 768 769 769 770 771 771 772 772 772 773 773 774 775 775 776 777 777 778 777 778 779 779 780 781 781 782 782 783 783 783 784 784 785 786 786 787 787 787 788 788 789 789 790 790 791 790 791 792 792 793 793 794 794 794 794 795 795 796 796 797 797 797 797 798 798 799 799 799 799 799 800 800 801 801 801 801 801 801
760 759 760 761 761 762 763 763 764 765 765 766 767 767 768 768 768 769 770 770 771 772 772 773 774 774 774 774 775 776 776 777 778 778 779 779 780 780 780 781 782 782 783 783 784 785 785 785 785 786 787 787 788 788 789 790 789 790 790 791 791 792 792 793 793 793 794 794 795 795 796 796 796 796 797 797 798 798 799 798 799 799 800 800 800 801 800 801 801 802 802 802 803 802
760 761 761 762 763 763 763 764 764 765 766 766 767 768 768 769 770 770 771 771 771 772 773 773 774 774 775 776 776 777 777 777 778 779 779 780 780 781 782 782 782 783 783 784 784 785 786 786 787 787 787 788 788 789 789 790 791 791 792 791 792 792 793 794 794 795 795 795 795 796 796 797 797 798 797 798 798 799 799 800 800 801 800 801 801 801 802 802 803 802 803 803 803 804
760 761 762 762 763 764 764 765 766 766 766 767 767 768 769 769 770 771 771 772 773 773 773 774 774 775 775 776 777 777 778 779 779 779 780 780 781 781 782 783 783 784 785 784 785 785 786 787 787 788 788 789 790 789 790 790 791 792 792 793 793 793 793 794 795 795 796 796 797 796 797 797 798 798 799 799 800 799 800 800 801 801 802 802 802 802 802 803 803 804 804 804 804 804
761 761 762 763 763 764 765 765 766 767 767 768 769 769 769 770 770 771 772 772 773 774 774 775 775 776 776 776 777 778 778 779 780 780 781 782 782 782 782 783 784 784 785 786 786 787 786 787 788 788 789 789 790 791 791 791 791 792 793 793 794 794 795 795 795 796 796 797 797 798 798 799 798 799 799 800 800 801 801 801 801 802 802 803 803 804 803 803 804 804 805 805 806 805
762 763 763 764 764 764 765 766 766 767 768 768 769 770 770 771 772 772 772 773 773 774 775 775 776 776 777 778 778 778 779 779 780 781 781 782 783 783 784 784 784 785 785 786 787 787 788 788 789 789 789 790 790 791 792 792 793 793 793 794 794 795 795 796 796 797 797 797 798 798 799 799 800 800 800 800 801 801 802 802 803 803 803 803 804 804 805 805 806 805 805 806 806 807
762 763 763 764 765 765 766 767 767 767 768 769 769 770 771 771 772 773 773 774 774 774 775 775 776 777 777 778 779 779 780 781 781 781 782 782 783 784 784 785 785 786 787 786 787 788 788 789 789 790 791 791 791 791 792 793 793 794 794 795 796 795 796 796 797 797 798 799 799 799 799 800 800 801 801 802 802 802 802 803 803 804 804 805 804 805 805 806 806 807 807 806 807 807
762 763 764 764 765 766 766 767 768 768 769 770 770 770 771 771 772 773 773 774 775 775 776 777 777 777 778 778 779 780 780 781 782 782 783 784 783 784 785 785 786 786 787 788 788 789 789 789 790 790 791 792 792 793 793 793 794 794 795 795 796 797 797 797 797 798 798 799 800 800 801 800 801 801 802 802 803 803 804 803 804 804 805 805 806 806 806 806 807 807 808 808 808 808
764 764 765 765 765 766 767 767 768 769 769 770 771 771 772 773 772 773 774 774 775 776 776 777 778 778 779 780 779 780 781 781 782 783 783 784 785 785 786 785 786 787 787 788 789 789 790 791 791 791 791 792 793 793 794 794 795 796 795 796 796 797 798 798 799 799 799 800 800 801 801 802 802 803 802 803 803 804 804 805 805 805 805 806 806 807 807 808 807 808 808 809 809 809
764 765 765 766 767 767 768 768 768 769 770 770 771 772 772 773 774 774 775 776 775 776 777 777 778 779 779 780 781 781 782 783 782 783 784 784 785 786 786 787 787 788 788 788 789 790 790 791 792 792 793 792 793 794 794 795 795 796 797 797 797 797 798 799 799 800 800 801 801 801 802 802 803 803 804 804 804 804 805 805 806 806 807 807 807 807 808 808 809 809 810 809 810 810
541 542 542 543 767 767 768 769 770 770 771 771 771 772 773 773 774 775 775 776 777 777 778 779 778 779 780 780 781 782 782 783 784 784 785 785 785 786 787 787 788 788 789 790 790 790 791 791 792 793 793 794 794 795 795 795 796 796 797 798 798 799 799 799 800 800 801 801 802 803 803 803 803 804 804 805 805 806 805 806 806 807 808 808 808 809 808 809 809 810 810 811 811 811
542 542 543 543 544 545 545 546 770 770 771 772 773 773 774 774 774 775 776 776 777 778 778 779 780 780 781 781 781 782 783 783 784 785 785 786 787 787 787 787 788 789 789 790 791 791 792 793 792 793 794 794 795 795 796 797 797 797 797 798 799 799 800 800 801 801 801 802 802 803 804 804 805 804 805 805 806 806 807 807 808 808 808 809 809 810 810 810 810 810 811 811 812 812
543 543 544 545 545 545 546 546 547 548 548 772 773 773 774 775 775 776 776 777 777 778 779 779 780 781 781 782 783 783 783 784 784 785 786 786 787 787 788 789 789 789 790 790 791 792 792 793 794 794 794 794 795 796 796 797 798 798 799 798 799 800 800 801 801 802 803 803 803 803 804 805 805 806 806 807 806 807 807 808 809 809 810 809 810 810 811 811 811 812 811 812 812 813
543 543 544 545 546 546 547 548 548 548 549 549 550 551 551 552 776 776 777 778 778 779 779 779 780 781 781 782 783 783 784 785 785 785 786 786 787 788 788 789 790 790 791 792 791 792 793 793 794 795 795 796 796 796 797 797 798 799 799 800 800 801 801 801 802 802 803 804 804 805 804 805 806 806 807 807 808 808 808 808 809 810 810 811 811 811 811 812 812 813 813 813 813 813
543 544 544 545 546 546 547 548 548 549 550 551 551 551 552 552 553 554 554 555 779 779 780 781 781 781 782 782 783 784 784 785 786 786 787 788 787 788 789 789 790 791 791 792 793 793 793 794 794 795 796 796 797 797 798 799 798 799 800 800 801 801 802 803 802 803 804 804 805 805 806 806 806 807 807 808 808 809 809 810 809 810 811 811 812 812 813 812 813 813 814 814 814 815
544 545 546 545 546 547 547 548 549 549 550 551 551 552 553 554 554 554 555 555 556 557 557 558 782 782 783 784 784 784 785 785 786 787 787 788 789 789 790 790 790 791 792 792 793 794 794 795 796 795 796 797 797 798 798 799 800 800 800 801 801 802 802 803 804 804 805 805 805 806 806 807 807 808 809 808 809 809 810 810 811 812 811 812 812 813 813 814 814 814 814 815 815 815
544 545 546 546 547 548 549 548 549 550 550 551 552 552 553 554 554 555 556 557 556 557 558 558 559 560 560 561 562 785 786 787 786 787 788 788 789 790 790 791 792 792 792 793 793 794 795 795 796 797 797 798 798 798 799 799 800 801 801 802 803 802 803 803 804 805 805 806 807 806 807 807 808 808 809 810 810 810 810 811 811 812 813 813 813 813 814 814 815 815 816 815 816 816
545 545 546 547 547 548 549 549 550 551 552 551 552 553 553 554 555 555 556 557 557 558 559 558 559 560 561 561 562 563 563 564 565 565 789 789 789 790 791 791 792 793 793 794 795 794 795 796 796 797 798 798 799 799 799 800 800 801 802 802 803 804 804 804 804 805 806 806 807 808 808 808 808 809 809 810 811 811 812 811 812 812 813 814 814 815 814 815 815 816 816 817 817 817
545 546 546 547 548 548 549 550 550 551 552 552 553 554 554 554 555 556 556 557 558 558 559 560 560 561 562 561 562 563 563 564 565 566 566 567 568 568 568 792 792 793 794 794 795 796 796 797 797 797 798 799 799 800 800 801 802 801 802 803 803 804 805 805 806 805 806 807 807 808 809 809 810 810 810 811 811 812 812 813 813 813 813 814 815 815 816 816 816 816 817 817 818 818
546 547 547 548 548 548 549 550 551 551 552 553 553 554 555 555 556 557 557 557 558 559 559 560 561 561 562 563 563 564 564 564 565 566 566 567 568 568 569 570 570 570 571 572 572 796 797 797 798 798 798 799 799 800 801 801 802 803 803 803 804 804 805 806 806 807 807 808 808 808 809 810 810 811 811 812 812 812 813 813 814 814 815 815 815 816 816 817 817 818 817 818 818 819
546 547 548 548 549 550 550 551 551 551 552 553 554 554 555 556 556 557 558 558 559 559 559 560 561 562 562 563 564 564 565 566 566 566 567 567 568 569 569 570 571 571 572 572 572 573 574 574 575 576 576 800 801 800 801 802 802 803 804 804 805 806 805 806 807 807 808 808 809 810 809 810 811 811 812 812 813 814 813 814 814 815 815 816 817 816 817 817 818 818 819 819 819 819
546 547 548 548 549 550 551 551 552 553 553 554 554 554 555 556 557 557 558 559 559 560 561 561 561 562 562 563 564 565 565 566 567 567 568 569 568 569 570 570 571 572 572 573 574 574 574 575 575 576 577 577 578 579 579 579 580 580 804 805 805 806 807 807 807 808 808 809 809 810 811 811 811 812 812 813 813 814 815 815 815 815 816 816 817 818 818 818 818 819 819 820 820 821
548 547 548 549 549 550 551 551 552 553 554 554 555 556 556 556 557 557 558 559 560 560 561 562 562 563 564 563 564 565 565 566 567 568 568 569 570 570 570 571 571 572 573 573 574 575 575 576 576 576 577 578 578 579 580 580 581 582 582 582 583 583 584 585 585 586 809 809 810 810 811 812 812 813 813 813 814 814 815 816 816 817 816 817 817 818 819 819 820 819 820 820 821 821
548 548 549 550 551 550 551 552 552 553 554 554 555 556 557 557 558 559 558 559 560 560 561 562 563 563 564 565 565 566 566 566 567 568 568 569 570 570 571 572 573 572 573 574 574 575 576 576 577 578 578 578 579 579 580 581 581 582 583 583 583 584 584 585 586 586 587 587 588 588 588 589 590 590 591 815 815 815 815 816 817 817 818 818 818 818 819 820 820 821 821 821 821 822
548 549 549 550 551 551 552 553 554 553 554 555 555 556 557 557 558 559 560 560 561 562 561 562 563 563 564 565 565 566 567 568 568 568 569 569 570 571 571 572 573 573 574 575 574 575 576 577 577 578 579 579 580 580 580 581 582 582 583 584 584 585 585 585 586 587 587 588 588 589 590 589 590 591 591 592 593 593 594 594 594 595 595 596 596 597 597 820 821 821 822 822 823 822
548 549 549 550 551 552 552 553 554 554 555 556 555 556 557 558 558 559 560 560 561 562 563 563 564 564 564 565 566 566 567 568 568 569 570 571 570 571 572 572 573 574 574 575 576 576 576 577 577 578 579 580 580 581 582 582 582 583 583 584 585 585 586 587 587 587 587 588 589 589 590 591 591 591 592 592 593 594 594 595 595 595 596 596 597 597 598 598 598 599 599 600 600 601
549 549 550 550 551 552 552 553 554 555 555 556 557 557 558 558 558 559 560 561 561 562 563 563 564 565 565 566 566 567 567 568 569 569 570 571 571 572 573 573 573 574 575 575 576 577 577 578 579 578 579 580 580 581 582 582 583 584 583 584 585 585 586 587 587 588 589 588 589 590 590 591 592 592 593 593 593 594 594 595 596 596 597 597 597 598 598 599 600 600 600 600 601 601
549 550 551 551 552 552 553 553 554 555 555 556 557 558 558 559 560 560 561 561 561 562 563 564 564 565 566 566 567 568 568 568 569 570 570 571 572 572 573 574 574 574 575 576 576 577 578 578 579 580 580 580 581 581 582 583 583 584 585 585 585 586 586 587 588 588 589 590 590 590 591 591 592 593 593 594 595 594 595 595 596 597 597 598 599 598 599 599 600 601 601 602 601 602
549 550 551 552 552 553 554 554 555 555 556 556 557 558 558 559 560 561 561 562 563 563 563 564 564 565 566 567 567 568 569 569 570 570 570 571 572 573 573 574 575 575 576 577 576 577 578 578 579 580 581 581 582 583 582 583 584 584 585 586 586 587 588 587 588 589 589 590 591 591 592 592 592 593 594 594 595 596 596 596 596 597 598 598 599 600 600 600 600 601 602 602 603 603
550 550 551 552 552 553 554 555 555 556 557 557 557 558 559 559 560 561 561 562 563 564 564 565 566 565 566 567 567 568 569 570 570 571 572 572 572 573 573 574 575 576 576 577 578 578 579 579 579 580 581 581 582 583 584 584 584 585 585 586 587 587 588 589 589 589 590 590 591 592 592 593 594 593 594 595 595 596 597 597 598 597 598 599 599 600 601 601 601 601 602 603 603 604
551 550 551 552 553 553 554 555 555 556 557 558 558 559 560 559 560 561 562 562 563 564 564 565 566 566 567 568 568 568 569 570 570 571 572 573 573 574 575 574 575 576 576 577 578 579 579 580 581 580 581 582 582 583 584 584 585 586 586 586 587 588 588 589 590 590 591 591 591 592 593 593 594 595 595 595 596 596 597 598 598 599 599 599 600 600 601 602 602 603 602 603 604 608
551 552 552 553 554 553 554 555 556 556 557 558 558 559 560 561 561 562 562 562 563 564 565 565 566 567 567 568 569 569 569 570 571 571 572 573 573 574 575 576 576 576 577 577 578 579 579 580 581 582 582 582 583 583 584 585 585 586 587 587 588 588 588 589 590 591 591 592 593 592 593 594 594 595 596 596 597 597 597 598 599 599 600 600 601 601 601 602 603 603 604 604 604 623
551 552 552 553 554 555 555 556 556 556 557 558 559 559 560 561 561 562 563 564 564 564 565 565 566 567 568 568 569 570 570 571 572 571 572 573 574 574 575 576 576 577 578 578 578 579 580 580 581 582 582 583 584 584 584 585 586 586 587 588 588 589 590 589 590 591 591 592 593 593 594 594 595 595 596 597 597 598 599 598 599 599 600 601 601 602 603 602 603 604 604 605 619 631
551 552 553 553 554 555 555 556 557 558 558 558 559 559 560 561 562 562 563 564 564 565 566 567 566 567 568 568 569 570 570 571 572 573 573 574 574 574 575 576 577 577 578 579 579 580 580 580 581 582 583 583 584 585 585 586 586 586 587 588 589 589 590 591 591 591 592 592 593 594 594 595 596 595 596 597 597 598 599 599 600 600 600 601 602 602 603 604 604 604 605 615 628 636
551 552 553 553 554 555 556 556 557 558 558 559 560 561 561 561 562 562 563 564 565 565 566 567 567 568 569 568 569 570 571 571 572 573 573 574 575 576 575 576 577 577 578 579 580 580 581 582 582 582 583 583 584 585 586 586 587 588 587 588 589 589 590 591 592 592 593 593 593 594 595 595 596 597 597 597 598 598 599 600 600 601 602 601 602 603 603 604 605 605 605 626 634 642
552 553 554 554 554 555 556 556 557 558 558 559 560 561 561 562 563 563 563 564 565 565 566 567 567 568 569 570 570 571 571 571 572 573 574 574 575 576 576 577 578 578 578 579 580 580 581 582 583 583 584 584 584 585 586 586 587 588 589 589 589 590 590 591 592 592 593 594 595 594 595 596 596 597 598 598 599 599 599 600 601 601 602 603 603 603 604 604 605 606 622 633 640 646
552 553 554 555 555 556 557 556 557 558 559 559 560 561 561 562 563 564 564 565 566 565 566 567 568 568 569 570 570 571 572 573 573 573 574 574 575 576 577 577 578 579 579 579 580 581 581 582 583 583 584 585 586 585 586 587 587 588 589 589 590 591 591 591 592 593 593 594 595 595 596 596 596 597 598 599 599 600 601 600 601 602 602 603 604 604 605 605 605 618 630 638 645 651
553 553 554 555 555 556 557 558 558 559 559 559 560 561 562 562 563 564 564 565 566 567 567 567 568 568 569 570 571 571 572 573 573 574 575 575 575 576 577 577 578 579 580 580 581 582 581 582 583 584 584 585 586 586 587 587 587 588 589 590 590 591 592 592 592 593 594 594 595 596 596 597 598 597 598 599 599 600 601 602 602 602 603 603 604 605 605 606 610 626 636 643 649 654
553 553 554 555 555 556 557 558 558 559 560 560 561 561 562 562 563 564 565 565 566 567 567 568 569 570 569 570 571 571 572 573 574 574 575 576 576 577 577 578 578 579 580 580 581 582 583 583 583 584 584 585 586 587 587 588 589 589 589 590 590 591 592 593 593 594 594 594 595 596 597 597 598 599 599 599 600 600 601 602 602 603 604 603 604 605 606 606 624 634 640 647 653 657
554 554 554 555 556 556 557 558 558 559 560 561 561 562 563 563 563 564 565 565 566 567 567 568 569 570 570 571 572 572 572 573 574 574 575 576 577 577 578 579 578 579 580 581 581 582 583 583 584 585 585 585 586 587 587 588 589 590 590 591 591 591 592 593 593 594 595 596 595 596 597 597 598 599 599 600 601 601 601 602 603 603 604 605 604 605 606 618 630 639 645 651 656 660
554 554 555 556 557 556 557 558 559 559 560 561 561 562 563 564 564 565 566 565 566 567 568 568 569 570 570 571 572 573 573 573 574 574 575 576 577 577 578 579 579 580 580 581 581 582 583 584 584 585 586 586 586 587 588 588 589 590 590 591 592 592 592 593 594 594 595 596 596 597 597 598 598 599 600 600 601 602 601 602 603 604 604 605 606 606 606 627 636 643 650 654 660 664
554 555 555 556 557 557 558 559 560 559 560 561 561 562 563 564 564 565 566 567 567 568 568 568 569 570 571 571 572 573 573 574 575 576 575 576 577 577 578 579 580 580 581 582 582 582 583 584 584 585 586 586 587 588 589 588 589 590 590 591 592 593 593 594 594 594 595 596 597 597 598 599 598 599 600 601 601 602 603 603 603 604 604 605 606 607 623 634 641 647 653 658 662 667
