testData/tiles/oneDegreeCosts/grid49.0-21.0-50.0-22.0.asc
ncols   200
nrows   200
xllcorner   49.0
yllcorner   21.0
cellsize   0.005
NODATA_value   -9999.0
[rows 126 to 167 of 200, columns 0 to 93 of 200]
518 518 518 518 519 519 519 520 520 519 520 520 520 519 520 520 520 520 520 520 520 520 520 520 520 520 521 520 520 521 520 520 520 520 520 520 519 519 520 519 519 519 519 519 518 518 518 517 518 517 517 516 516 516 515 515 514 514 514 514 513 513 513 512 512 511 511 512 512 512 511 511 511 511 511 511 512 512 512 512 512 512 511 511 511 511 511 511 511 511 511 510 510 510
518 518 518 519 519 519 519 519 519 519 519 519 520 519 519 519 520 520 520 521 521 520 520 521 520 520 520 520 520 520 519 520 520 519 519 519 519 519 519 518 519 519 518 518 517 518 518 517 517 516 517 516 516 516 515 515 515 515 514 513 512 512 512 512 512 511 511 511 511 511 511 511 512 512 511 511 511 511 511 511 511 511 511 511 512 511 511 511 511 511 511 511 511 510
519 518 518 518 519 518 518 519 519 519 519 519 520 519 520 520 520 520 520 520 520 520 520 520 519 520 520 519 519 520 519 519 519 519 519 519 519 519 519 518 518 518 518 518 517 517 517 517 517 516 516 516 515 516 515 515 514 514 513 513 513 513 513 512 512 511 511 511 511 511 511 511 511 511 511 511 511 512 511 511 511 511 511 511 511 511 511 511 510 510 510 510 510 510
518 517 518 518 518 518 518 519 519 519 519 519 520 519 519 519 520 519 519 520 520 520 520 520 519 519 519 519 519 520 519 520 520 519 519 519 519 519 519 518 519 519 518 518 517 518 518 517 516 516 516 516 515 515 514 514 514 514 513 513 512 512 512 511 512 511 511 511 511 511 511 511 511 511 511 511 511 511 511 511 511 510 510 510 510 510 511 511 511 511 510 510 510 510
518 517 517 518 519 518 518 519 519 518 519 519 519 518 519 519 519 519 519 519 520 520 520 520 519 520 520 519 519 520 519 519 519 519 519 519 518 518 519 518 518 518 517 518 517 517 517 516 517 516 516 516 515 515 515 515 514 513 512 512 512 512 512 511 511 510 510 510 511 511 511 511 511 510 510 510 510 510 510 511 511 511 511 511 510 510 510 510 510 510 510 510 510 509
517 517 518 518 518 518 518 518 519 518 518 518 519 518 519 520 520 519 519 520 520 519 519 520 519 519 519 519 519 519 518 519 519 518 518 518 518 518 518 517 518 518 517 517 516 516 517 516 516 515 515 515 515 515 514 514 513 514 513 513 512 512 512 511 511 510 510 510 510 510 510 510 510 511 511 511 510 510 510 510 510 510 510 510 510 510 510 510 510 510 510 510 510 510
517 517 517 518 518 517 517 518 518 518 519 519 519 518 519 519 519 519 519 519 519 519 519 519 518 519 519 519 519 519 518 518 518 518 518 518 518 518 518 517 517 517 517 517 516 516 516 516 516 515 515 514 514 514 514 514 513 513 512 512 511 512 512 511 511 510 510 510 510 510 510 510 510 510 510 510 510 510 510 510 510 510 510 510 510 510 510 510 510 509 509 509 509 509
516 517 517 517 517 517 517 518 519 518 518 518 519 518 518 519 519 518 518 519 519 519 519 519 518 518 518 519 519 519 518 519 519 518 518 518 518 518 518 517 517 518 517 517 516 516 517 516 516 515 514 514 514 514 513 513 512 512 512 512 511 511 510 510 510 510 510 510 510 510 509 509 509 509 509 510 510 510 510 510 510 510 509 509 509 509 509 509 509 509 509 509 509 509
516 516 516 517 518 517 518 518 518 517 518 518 518 518 518 518 518 518 518 518 518 519 519 519 518 519 519 518 518 519 518 518 518 517 518 518 517 517 518 517 517 516 516 517 516 516 516 515 515 515 515 514 514 514 513 514 513 512 511 511 510 510 510 510 510 509 509 509 509 509 510 510 510 509 509 509 509 509 509 509 509 509 510 510 509 509 509 509 509 509 509 509 509 508
516 517 517 517 517 517 517 517 518 517 517 517 518 518 518 518 519 518 518 519 518 518 518 519 518 518 518 518 518 518 517 518 518 517 517 517 517 517 517 516 516 516 516 516 515 515 516 515 515 514 514 513 514 514 513 513 512 512 512 512 511 510 509 509 508 508 509 509 509 509 509 509 509 509 509 509 509 509 509 509 509 509 509 509 509 509 508 508 508 508 508 508 508 508
516 516 516 517 517 516 517 517 517 517 517 517 518 518 518 518 518 518 518 518 517 518 518 518 517 518 518 517 517 518 517 517 517 516 517 517 516 516 516 516 516 515 515 515 515 515 515 514 514 514 514 513 513 513 512 513 512 512 511 511 510 510 510 510 509 508 508 508 508 508 508 509 509 509 509 509 509 509 508 508 508 508 508 508 509 509 509 509 508 508 508 508 508 508
516 516 516 516 517 516 516 516 517 517 517 517 518 517 517 518 518 517 517 518 517 517 517 518 517 517 517 517 517 517 517 517 517 516 516 516 516 516 516 515 515 515 515 515 514 514 514 514 514 513 513 512 513 513 512 512 511 511 510 511 510 510 509 509 508 508 508 509 508 508 508 508 508 508 508 508 508 509 509 509 508 508 508 508 508 508 508 508 508 507 507 507 507 507
516 516 516 516 516 516 516 517 517 516 517 517 517 517 517 517 517 517 517 517 516 517 517 517 517 517 517 517 517 518 517 517 517 516 517 517 516 516 516 516 516 515 515 515 515 515 514 514 514 513 513 512 512 512 511 511 511 511 510 510 509 509 508 509 508 508 508 508 508 508 508 508 508 508 508 508 508 508 508 508 508 508 507 507 507 507 508 508 508 508 508 507 507 507
516 516 516 516 516 516 516 516 517 516 516 517 517 516 516 517 517 516 516 517 516 516 516 518 517 517 517 517 517 517 516 516 517 516 516 516 516 516 516 515 515 515 515 515 514 514 513 514 514 513 513 512 512 513 511 511 510 510 509 510 509 509 508 508 507 507 507 507 508 508 508 508 507 507 507 507 507 507 508 508 508 508 508 507 507 507 507 507 507 507 507 507 506 506
516 516 516 516 516 516 516 516 516 516 516 516 516 516 516 516 516 516 516 517 516 517 517 516 516 517 517 516 516 517 516 516 516 515 516 516 515 515 514 515 515 514 514 514 514 514 513 513 513 512 513 512 512 511 511 511 511 511 509 509 508 508 507 507 507 507 507 507 507 507 507 507 507 508 507 507 507 507 507 507 507 507 507 507 506 506 506 506 507 507 507 507 507 506
516 516 516 516 516 516 516 516 516 516 516 516 516 516 516 516 516 516 516 517 516 516 516 516 516 516 516 516 516 516 515 515 516 515 515 515 514 515 514 514 514 513 514 514 513 513 512 513 513 512 512 511 511 511 511 511 510 510 509 509 508 508 507 507 506 506 506 506 507 507 507 507 507 507 507 506 506 506 506 506 507 507 507 507 507 507 506 506 506 506 506 506 506 506
516 516 516 516 516 516 516 516 516 516 516 516 516 516 516 516 516 516 516 516 515 516 516 515 515 516 516 515 515 515 515 515 515 514 515 515 514 514 513 514 514 513 513 513 513 513 512 512 512 511 512 511 511 510 510 510 509 510 509 509 508 508 506 506 506 506 506 506 506 506 506 506 506 506 507 507 506 506 506 506 506 506 506 506 506 506 506 505 505 505 505 505 506 506
642 643 643 643 643 643 643 643 643 643 643 644 643 644 516 516 516 516 516 516 515 515 515 515 515 515 514 515 515 515 514 514 515 514 514 513 513 514 513 513 513 512 513 513 512 512 511 512 511 511 511 510 510 509 510 509 509 509 508 508 507 508 507 507 505 505 505 505 505 506 506 506 506 506 506 506 506 506 505 505 505 505 506 506 506 506 506 505 505 505 505 505 505 505
642 642 643 643 642 642 643 643 642 643 643 643 643 644 644 644 643 644 644 644 643 644 515 515 515 515 514 514 514 513 514 514 513 513 514 513 513 513 512 513 513 512 512 511 511 512 511 511 510 510 510 510 510 509 509 508 508 509 508 508 507 507 506 506 505 505 505 505 505 505 505 505 505 505 505 506 506 506 505 505 505 505 505 505 505 505 505 505 504 504 504 504 504 504
642 642 642 642 642 642 642 643 642 642 642 644 643 643 643 644 643 643 643 643 643 643 643 643 643 643 642 642 514 513 513 513 513 513 513 512 512 513 512 512 512 511 512 511 511 511 510 510 510 510 510 509 509 508 509 508 508 508 507 507 506 507 506 506 505 505 504 504 504 504 505 505 505 505 505 505 505 505 505 504 504 504 504 504 505 505 505 505 505 504 504 504 504 504
641 641 642 641 641 641 642 642 641 642 643 643 642 643 643 643 642 643 643 642 642 643 643 642 642 643 642 642 642 641 642 642 641 641 512 512 512 512 511 511 512 511 511 510 510 511 510 510 509 509 509 509 509 508 508 507 507 506 507 507 506 506 505 505 504 504 505 504 504 504 504 504 504 504 504 504 504 505 505 505 504 504 504 504 504 504 504 504 504 503 503 503 503 503
641 641 641 640 641 641 641 642 641 642 642 643 642 642 642 643 642 642 642 642 642 642 642 642 642 642 641 641 642 641 641 641 641 641 641 640 640 641 511 511 511 511 511 510 510 510 509 509 509 509 508 508 508 507 507 507 507 506 506 505 505 505 505 505 504 504 504 504 503 503 503 504 504 504 504 504 504 504 504 504 503 503 503 503 503 503 504 504 504 503 503 503 503 503
640 640 641 640 640 641 641 640 640 642 642 642 641 642 642 641 641 642 642 641 641 642 641 641 641 642 641 641 641 640 641 641 640 640 640 640 640 640 639 639 639 639 510 509 509 509 509 509 508 508 507 507 508 507 507 506 506 505 505 505 505 504 504 504 503 503 503 504 503 503 503 503 503 503 503 503 503 503 504 504 503 503 503 503 503 503 503 503 503 503 502 502 502 502
640 640 640 639 640 640 640 640 640 641 641 641 641 641 641 641 641 641 641 641 641 641 640 641 641 641 640 640 641 640 640 640 640 640 640 639 639 639 640 639 638 638 638 638 638 637 508 508 508 508 507 507 507 506 506 506 506 505 505 504 504 503 503 503 503 503 503 503 502 502 502 502 502 503 503 503 503 503 503 503 502 502 502 502 502 502 502 502 502 503 502 502 502 502
639 639 640 639 639 640 640 639 639 641 641 640 640 641 641 640 640 641 641 640 640 641 640 640 640 639 640 640 640 639 640 640 639 639 639 639 639 638 638 638 638 638 638 637 637 636 637 637 636 636 506 506 506 506 506 505 505 504 504 504 504 503 503 502 502 502 502 502 502 502 502 502 502 502 502 502 502 502 502 502 502 502 502 502 502 502 502 502 502 502 501 501 501 501
639 639 638 638 639 639 639 639 639 640 640 640 640 640 640 640 640 640 639 640 640 640 639 640 640 639 639 639 639 639 639 638 638 639 638 638 638 637 638 638 637 637 637 637 637 636 636 636 635 636 635 635 634 505 505 505 505 504 504 503 503 502 502 501 502 502 502 502 501 501 501 501 501 501 502 502 502 502 502 502 501 501 501 501 501 501 501 501 501 500 500 500 501 501
638 638 638 638 638 639 639 638 638 639 640 639 639 640 640 639 639 640 639 639 639 640 639 639 639 638 639 639 638 638 639 638 638 638 637 638 638 637 637 637 637 637 636 636 636 635 636 635 635 635 634 634 633 634 633 633 504 503 503 502 503 502 502 501 501 501 501 500 500 501 501 501 501 501 501 501 501 501 501 501 500 500 501 501 501 501 501 501 501 500 500 500 500 500
638 638 637 638 638 638 637 638 638 638 637 639 639 639 638 639 639 639 638 639 639 639 638 639 639 638 638 638 638 638 638 637 637 638 637 637 637 636 637 637 636 636 635 636 636 635 635 634 634 634 634 634 633 633 632 632 633 632 632 502 502 501 501 500 500 501 500 500 500 500 500 500 500 500 500 501 501 501 501 500 500 500 500 500 500 500 500 500 500 499 499 499 499 499
637 637 637 637 637 638 637 637 637 638 637 637 638 639 638 638 638 639 638 638 638 638 638 638 638 637 638 638 637 637 638 637 637 637 636 637 637 636 636 635 635 636 635 635 635 634 634 634 634 634 633 633 632 633 632 632 631 631 631 630 630 630 501 500 500 499 499 499 499 499 500 500 500 500 500 500 500 500 499 499 499 499 499 499 500 500 500 500 499 499 499 499 499 499
637 636 636 637 637 637 636 637 637 637 636 637 637 638 637 638 638 638 637 638 638 637 637 637 637 637 637 637 637 637 637 636 636 637 636 636 635 635 636 635 635 635 634 634 634 634 634 633 633 632 633 633 632 632 631 631 630 631 630 630 630 629 629 628 627 499 499 499 499 499 499 499 499 499 499 499 500 500 499 499 499 499 499 499 499 499 499 498 498 498 498 498 498 498
636 636 636 636 636 636 636 636 636 637 636 636 636 637 636 637 637 637 637 637 637 637 637 637 636 636 637 636 636 636 635 636 636 635 635 635 635 635 635 634 634 635 634 634 633 633 633 633 633 632 632 632 631 631 631 631 630 630 629 629 628 629 628 627 627 627 627 627 498 498 498 499 499 499 499 499 498 498 498 498 498 498 498 498 498 498 499 498 498 498 498 498 498 498
636 635 636 636 636 635 635 636 636 635 635 636 636 635 635 636 636 636 636 637 637 636 636 636 636 636 636 635 636 636 635 635 635 635 635 635 634 634 634 634 634 633 633 633 633 633 633 632 632 631 631 631 631 631 630 630 629 629 629 629 627 627 626 626 626 626 627 627 627 627 498 498 498 498 498 497 497 497 498 498 498 498 498 498 498 498 497 497 497 497 497 497 497 497
635 635 635 636 636 635 635 635 635 635 635 635 635 635 635 635 635 635 635 636 635 636 636 636 635 635 636 635 635 635 634 635 635 634 634 634 634 634 634 633 633 633 633 633 632 632 631 631 632 631 631 630 630 630 630 630 629 629 627 627 626 626 626 626 626 626 626 626 626 626 626 626 498 498 497 497 497 497 497 497 497 497 497 497 496 496 496 496 496 497 497 497 497 496
635 635 635 635 635 635 635 635 635 634 634 635 635 634 634 635 635 634 634 635 634 634 634 634 635 635 635 634 635 635 634 634 634 634 634 634 633 633 632 633 633 632 632 632 631 632 631 631 631 630 630 630 630 629 628 628 627 627 627 627 626 626 625 625 625 625 625 626 626 626 626 626 625 625 625 496 496 496 496 496 497 497 497 496 496 496 496 496 496 496 496 496 495 495
635 635 635 635 634 634 634 635 635 634 634 634 634 634 634 634 633 634 634 634 633 633 634 633 633 633 633 633 634 634 633 634 634 633 633 632 633 633 632 632 632 631 632 631 631 631 630 630 630 629 629 628 628 627 627 627 627 627 626 626 625 625 624 625 625 625 625 625 625 625 624 624 624 625 625 625 625 496 496 496 496 496 495 495 495 495 495 495 495 495 495 494 494 495
635 635 635 635 634 634 634 634 633 634 634 634 633 633 633 634 633 633 633 634 633 633 633 632 633 633 632 632 632 632 632 632 631 631 632 631 631 631 630 631 631 630 630 629 629 630 629 629 628 628 628 627 628 627 627 626 626 625 625 626 625 625 624 624 624 624 624 624 624 624 624 624 624 624 624 624 624 624 624 495 494 494 495 495 495 495 495 495 495 494 494 494 494 494
635 635 635 635 634 634 634 634 633 633 633 633 633 633 633 633 632 633 633 632 632 632 633 632 632 632 632 632 632 631 631 632 631 631 631 630 630 631 630 630 629 629 630 629 629 629 628 628 628 628 627 627 627 626 626 625 626 625 625 624 624 623 623 623 624 623 623 623 623 623 623 623 623 623 623 624 624 624 623 623 623 494 494 494 494 494 494 494 493 493 493 493 493 493
634 635 635 634 634 634 634 633 633 633 633 633 632 632 632 631 632 632 632 631 632 632 631 631 632 632 631 631 631 631 631 631 630 630 631 630 630 629 629 630 629 629 629 628 628 628 628 628 627 627 626 626 627 626 626 625 625 624 624 623 624 622 622 622 622 622 622 622 622 623 623 623 623 623 623 623 622 622 622 622 622 622 622 494 494 494 493 493 493 493 493 493 493 493
634 634 634 633 634 634 634 633 633 633 633 632 632 632 632 631 631 631 631 630 631 631 631 631 631 630 630 631 631 630 630 630 630 630 629 629 629 629 629 629 628 628 628 628 628 627 627 627 626 627 626 626 625 625 625 624 625 623 623 622 622 621 621 621 621 622 622 622 622 622 622 622 622 621 621 621 622 622 622 622 622 622 622 622 621 492 492 492 492 492 492 492 492 491
634 634 633 633 633 633 633 633 633 633 633 632 632 632 632 631 631 631 630 630 630 630 629 629 630 629 629 630 629 630 630 629 629 629 629 629 629 628 628 628 628 628 627 627 627 626 627 626 626 626 624 624 623 624 623 623 623 622 622 621 621 621 621 621 621 621 621 621 621 621 620 621 621 621 621 621 621 621 621 621 621 621 620 620 620 620 621 492 492 492 492 491 491 491
634 634 633 633 633 633 632 632 632 632 632 632 632 632 631 631 631 631 630 630 630 629 629 629 629 628 628 629 628 628 628 627 628 628 627 627 627 627 627 626 626 626 625 626 626 625 625 624 624 625 624 624 623 623 622 622 621 622 622 621 621 620 620 620 620 620 621 620 620 620 620 620 620 620 620 620 620 620 621 620 620 620 620 620 620 620 620 620 620 490 490 490 490 490
633 633 633 633 633 633 632 632 632 632 631 631 631 631 631 631 631 631 630 630 630 629 629 629 628 628 628 628 627 628 628 627 627 627 626 627 626 626 626 625 626 626 625 625 624 624 625 624 624 623 623 623 622 623 622 622 621 621 620 620 619 620 620 619 619 619 619 619 619 619 619 619 620 620 620 620 619 619 619 619 619 619 619 619 619 619 618 618 618 619 619 490 490 490
