testData/tiles/oneDegreeCosts/grid4.0-17.0-5.0-18.0.asc
ncols   200
nrows   200
xllcorner   4.0
yllcorner   17.0
cellsize   0.005
NODATA_value   -9999.0
[rows 74 to 110 of 200, columns 85 to 169 of 200]
1104 1105 1105 1106 1100 1101 1101 1102 1102 1103 1103 1103 1104 1104 1105 1105 1106 1106 1107 1107 1108 1108 1108 1109 1109 1110 1110 1111 1111 1112 1112 1113 1113 1113 1114 1114 1115 1115 1116 1116 1117 1117 1118 1118 1119 1119 1119 1120 1120 1121 1121 1122 1122 1123 1123 1124 1123 1123 1124 1124 1125 1125 1126 1126 1127 1127 1128 1128 1128 1129 1129 1130 1130 1131 1131 1132 1132 1133 1133 1133 1133 1133 1134 1134 1135
1104 1105 1105 1106 1106 1101 1101 1102 1102 1102 1103 1103 1104 1104 1105 1105 1106 1106 1107 1107 1108 1108 1108 1109 1109 1110 1110 1111 1111 1112 1112 1113 1113 1113 1114 1114 1115 1115 1116 1116 1117 1117 1118 1118 1118 1119 1119 1120 1120 1121 1121 1122 1122 1123 1123 1124 1124 1124 1125 1125 1126 1126 1126 1126 1127 1127 1128 1128 1128 1129 1129 1130 1130 1131 1131 1132 1132 1133 1133 1134 1134 1134 1135 1134 1135
1104 1105 1105 1106 1106 1101 1101 1102 1102 1102 1103 1103 1104 1104 1105 1106 1107 1107 1108 1108 1108 1109 1109 1110 1109 1110 1110 1111 1111 1112 1112 1113 1113 1113 1114 1114 1115 1115 1116 1116 1117 1117 1118 1118 1118 1119 1119 1120 1120 1121 1121 1122 1122 1123 1123 1124 1124 1124 1125 1125 1126 1126 1127 1127 1128 1128 1129 1128 1128 1129 1129 1130 1130 1131 1131 1132 1132 1133 1133 1133 1134 1134 1135 1135 1136
1105 1106 1106 1107 1107 1102 1102 1103 1103 1103 1104 1104 1105 1105 1106 1106 1107 1107 1108 1108 1108 1109 1109 1110 1110 1111 1111 1112 1112 1113 1113 1114 1114 1114 1115 1115 1116 1116 1117 1117 1118 1118 1118 1118 1118 1119 1119 1120 1120 1121 1121 1122 1122 1123 1123 1123 1124 1124 1125 1125 1126 1126 1127 1127 1128 1128 1129 1129 1129 1130 1130 1131 1130 1131 1131 1132 1132 1133 1133 1133 1134 1134 1135 1135 1136
1106 1107 1107 1107 1107 1108 1102 1103 1103 1103 1104 1104 1105 1105 1106 1106 1107 1107 1108 1108 1108 1109 1109 1110 1110 1111 1111 1112 1112 1113 1113 1113 1114 1114 1115 1115 1116 1116 1117 1117 1118 1118 1119 1119 1119 1120 1120 1121 1121 1122 1122 1122 1122 1123 1123 1123 1124 1124 1125 1125 1126 1126 1127 1127 1128 1128 1128 1129 1129 1130 1130 1131 1131 1132 1132 1133 1132 1132 1133 1133 1134 1134 1135 1135 1136
1106 1107 1107 1108 1108 1109 1103 1103 1103 1103 1104 1104 1105 1105 1106 1106 1107 1107 1108 1108 1108 1109 1109 1110 1110 1111 1111 1112 1112 1113 1113 1113 1114 1114 1115 1115 1116 1116 1117 1117 1118 1118 1118 1119 1119 1120 1120 1121 1121 1122 1122 1123 1123 1124 1124 1124 1125 1125 1125 1125 1126 1126 1127 1127 1128 1128 1128 1129 1129 1130 1130 1131 1131 1132 1132 1133 1133 1133 1134 1134 1134 1134 1135 1135 1136
1106 1107 1107 1108 1108 1109 1103 1103 1104 1104 1104 1104 1105 1105 1106 1106 1107 1107 1107 1108 1108 1109 1109 1110 1110 1111 1111 1112 1112 1113 1113 1113 1114 1114 1115 1115 1116 1116 1117 1117 1118 1118 1118 1119 1119 1120 1120 1121 1121 1122 1122 1123 1123 1123 1124 1124 1125 1125 1126 1126 1127 1127 1128 1127 1127 1128 1128 1129 1129 1130 1130 1131 1131 1132 1132 1133 1133 1133 1134 1134 1135 1135 1136 1136 1136
1106 1107 1107 1108 1108 1109 1103 1103 1105 1105 1106 1106 1107 1107 1107 1107 1108 1108 1108 1109 1109 1110 1110 1111 1111 1112 1112 1113 1113 1113 1114 1113 1114 1114 1115 1115 1116 1116 1117 1117 1117 1118 1118 1119 1119 1120 1120 1121 1121 1122 1122 1123 1123 1123 1124 1124 1125 1125 1126 1126 1127 1127 1128 1128 1128 1129 1129 1130 1130 1130 1130 1131 1131 1132 1132 1132 1133 1133 1134 1134 1135 1135 1136 1136 1137
1107 1108 1108 1109 1109 1109 1110 1104 1105 1105 1106 1106 1107 1107 1108 1108 1109 1108 1108 1109 1109 1110 1110 1111 1111 1112 1112 1113 1113 1113 1114 1114 1115 1115 1116 1116 1117 1117 1118 1118 1118 1119 1119 1120 1119 1120 1120 1121 1121 1122 1122 1122 1123 1123 1124 1124 1125 1125 1126 1126 1127 1127 1128 1128 1128 1129 1129 1130 1130 1131 1131 1132 1132 1132 1132 1132 1133 1133 1134 1134 1135 1135 1136 1136 1137
1107 1108 1108 1109 1109 1109 1110 1104 1105 1105 1106 1106 1107 1107 1108 1108 1108 1109 1109 1110 1109 1110 1110 1111 1111 1112 1112 1112 1113 1113 1114 1114 1115 1115 1116 1116 1117 1117 1118 1118 1118 1119 1119 1120 1120 1121 1121 1122 1122 1123 1123 1123 1123 1123 1124 1124 1125 1125 1126 1126 1127 1127 1127 1128 1128 1129 1129 1130 1130 1131 1131 1132 1132 1132 1133 1133 1134 1133 1134 1134 1135 1135 1136 1136 1136
1107 1108 1108 1108 1109 1109 1110 1104 1105 1105 1106 1106 1107 1107 1108 1108 1108 1109 1109 1110 1110 1111 1110 1111 1111 1112 1112 1112 1113 1113 1114 1114 1115 1115 1116 1116 1117 1117 1117 1118 1118 1119 1119 1120 1120 1121 1121 1122 1122 1122 1123 1123 1124 1124 1125 1125 1126 1126 1126 1126 1127 1127 1127 1128 1128 1129 1129 1130 1130 1131 1131 1132 1132 1132 1133 1133 1134 1134 1135 1135 1136 1135 1136 1136 1136
1107 1108 1108 1108 1109 1109 1110 1104 1105 1105 1106 1106 1107 1107 1107 1108 1108 1109 1109 1110 1110 1111 1111 1112 1112 1112 1112 1112 1113 1113 1114 1114 1115 1115 1116 1116 1117 1117 1117 1118 1118 1119 1119 1120 1120 1121 1121 1122 1122 1122 1123 1123 1124 1124 1125 1125 1126 1126 1127 1127 1127 1128 1128 1129 1128 1129 1129 1130 1130 1131 1131 1131 1132 1132 1133 1133 1134 1134 1135 1135 1136 1136 1136 1137 1137
1107 1108 1108 1108 1109 1109 1110 1110 1106 1106 1107 1107 1108 1108 1108 1109 1109 1110 1110 1111 1111 1112 1112 1113 1113 1113 1114 1114 1114 1114 1115 1114 1115 1115 1116 1116 1116 1117 1117 1118 1118 1119 1119 1120 1120 1121 1121 1121 1122 1122 1123 1123 1124 1124 1125 1125 1126 1126 1126 1127 1127 1128 1128 1129 1129 1130 1130 1131 1131 1131 1131 1131 1132 1132 1133 1133 1134 1134 1135 1135 1136 1136 1136 1137 1137
1108 1108 1109 1109 1110 1110 1111 1111 1106 1106 1107 1107 1107 1108 1108 1109 1109 1110 1110 1111 1111 1112 1112 1113 1113 1113 1114 1114 1115 1115 1115 1115 1116 1116 1117 1117 1117 1118 1118 1119 1119 1120 1120 1121 1120 1121 1121 1121 1122 1122 1123 1123 1124 1124 1125 1125 1126 1126 1126 1127 1127 1128 1128 1129 1129 1130 1130 1131 1131 1131 1132 1132 1133 1132 1133 1133 1134 1134 1135 1135 1135 1136 1136 1137 1137
1108 1108 1109 1109 1110 1110 1111 1111 1106 1106 1107 1107 1107 1108 1108 1109 1109 1110 1110 1111 1111 1112 1112 1112 1113 1113 1114 1114 1115 1115 1116 1116 1116 1116 1116 1117 1117 1118 1118 1119 1119 1120 1120 1121 1121 1121 1122 1122 1123 1123 1124 1124 1124 1124 1125 1125 1125 1126 1126 1127 1127 1128 1128 1129 1129 1130 1130 1130 1131 1131 1132 1132 1133 1133 1134 1134 1135 1134 1134 1135 1135 1136 1136 1137 1137
1108 1108 1109 1109 1110 1110 1111 1111 1106 1106 1106 1107 1107 1108 1108 1109 1109 1110 1110 1111 1111 1111 1112 1112 1113 1113 1114 1114 1115 1115 1116 1116 1117 1117 1116 1117 1117 1118 1118 1119 1119 1120 1120 1121 1121 1121 1122 1122 1123 1123 1124 1124 1125 1125 1126 1126 1126 1127 1126 1127 1127 1128 1128 1129 1129 1130 1130 1130 1131 1131 1132 1132 1133 1133 1134 1134 1135 1135 1135 1136 1136 1136 1136 1137 1137
1108 1108 1109 1109 1110 1110 1111 1111 1112 1106 1106 1107 1107 1108 1108 1109 1109 1110 1110 1111 1111 1111 1112 1112 1113 1113 1114 1114 1115 1115 1116 1116 1116 1117 1117 1118 1117 1118 1118 1119 1119 1120 1120 1120 1121 1121 1122 1122 1123 1123 1124 1124 1125 1125 1125 1126 1126 1127 1127 1128 1128 1129 1129 1129 1129 1129 1130 1130 1131 1131 1132 1132 1133 1133 1134 1134 1134 1135 1135 1136 1136 1137 1137 1138 1137
1108 1108 1109 1109 1110 1110 1111 1111 1111 1106 1106 1107 1108 1109 1109 1110 1110 1111 1111 1111 1112 1112 1113 1113 1114 1114 1115 1114 1115 1115 1115 1116 1116 1117 1117 1118 1118 1119 1118 1119 1119 1119 1120 1120 1121 1121 1122 1122 1123 1123 1124 1124 1124 1125 1125 1126 1126 1127 1127 1128 1128 1129 1129 1129 1130 1130 1131 1131 1131 1131 1132 1132 1133 1133 1133 1134 1134 1135 1135 1136 1136 1137 1137 1138 1138
1109 1109 1110 1110 1111 1111 1112 1112 1112 1107 1107 1108 1108 1109 1109 1110 1110 1111 1111 1111 1112 1112 1113 1113 1114 1114 1115 1115 1116 1116 1116 1117 1117 1118 1118 1119 1119 1120 1120 1121 1120 1120 1120 1120 1121 1121 1122 1122 1123 1123 1124 1124 1124 1125 1125 1126 1126 1127 1127 1128 1128 1129 1129 1129 1130 1130 1131 1131 1132 1132 1133 1133 1133 1133 1133 1134 1134 1135 1135 1136 1136 1137 1137 1137 1138
1109 1109 1110 1110 1111 1111 1111 1112 1112 1107 1107 1108 1108 1109 1109 1110 1110 1110 1111 1111 1112 1112 1113 1113 1114 1114 1115 1115 1115 1116 1116 1117 1117 1118 1118 1119 1119 1120 1120 1120 1121 1121 1121 1121 1122 1122 1123 1123 1124 1124 1124 1124 1124 1125 1125 1126 1126 1127 1127 1128 1128 1128 1129 1129 1130 1130 1131 1131 1132 1132 1133 1133 1133 1134 1134 1135 1134 1135 1135 1136 1136 1136 1137 1137 1138
1109 1109 1110 1110 1111 1111 1111 1112 1112 1113 1107 1108 1108 1109 1109 1110 1110 1110 1111 1111 1112 1112 1113 1113 1114 1114 1115 1115 1115 1116 1116 1117 1117 1118 1118 1119 1119 1119 1120 1120 1121 1121 1122 1122 1122 1122 1123 1123 1123 1124 1124 1125 1125 1126 1126 1127 1126 1127 1127 1127 1128 1128 1129 1129 1130 1130 1131 1131 1132 1132 1132 1133 1133 1134 1134 1135 1135 1136 1136 1137 1136 1136 1137 1137 1138
1109 1109 1110 1110 1110 1111 1111 1112 1112 1113 1107 1108 1108 1109 1109 1109 1110 1110 1111 1111 1112 1112 1113 1113 1114 1114 1114 1115 1115 1116 1116 1117 1117 1118 1118 1119 1119 1119 1120 1120 1121 1121 1122 1122 1123 1123 1123 1123 1123 1124 1124 1125 1125 1126 1126 1127 1127 1127 1128 1128 1129 1129 1129 1129 1130 1130 1131 1131 1131 1132 1132 1133 1133 1134 1134 1135 1135 1136 1136 1136 1137 1137 1138 1137 1138
1109 1109 1109 1110 1110 1111 1111 1112 1112 1113 1107 1108 1108 1108 1109 1109 1110 1110 1111 1111 1112 1112 1113 1113 1113 1114 1114 1115 1115 1116 1116 1117 1117 1118 1118 1118 1119 1119 1120 1120 1121 1121 1122 1122 1123 1123 1123 1124 1123 1124 1124 1125 1125 1126 1126 1127 1127 1127 1128 1128 1129 1129 1130 1130 1131 1131 1131 1131 1131 1132 1132 1133 1133 1134 1134 1135 1135 1135 1136 1136 1137 1137 1138 1138 1139
1109 1109 1110 1111 1111 1112 1112 1113 1113 1114 1108 1109 1109 1109 1110 1110 1111 1111 1112 1112 1113 1113 1114 1114 1114 1115 1115 1116 1116 1117 1117 1118 1118 1118 1119 1119 1120 1119 1120 1120 1121 1121 1122 1122 1122 1123 1123 1124 1124 1124 1124 1125 1125 1126 1126 1126 1127 1127 1128 1128 1129 1129 1130 1130 1131 1131 1131 1132 1132 1133 1133 1133 1133 1134 1134 1134 1135 1135 1136 1136 1137 1137 1138 1138 1139
1109 1110 1110 1111 1111 1112 1112 1113 1113 1114 1108 1108 1109 1109 1110 1110 1111 1111 1112 1112 1113 1113 1113 1114 1114 1115 1115 1116 1116 1117 1117 1118 1118 1118 1119 1119 1120 1120 1121 1121 1122 1122 1122 1123 1123 1124 1123 1124 1124 1125 1125 1125 1125 1125 1126 1126 1127 1127 1128 1128 1129 1129 1130 1130 1130 1131 1131 1132 1132 1133 1133 1134 1134 1134 1134 1134 1135 1135 1136 1136 1137 1137 1138 1138 1138
1109 1110 1110 1111 1111 1112 1112 1113 1113 1113 1114 1108 1109 1109 1110 1110 1111 1111 1112 1112 1112 1113 1113 1114 1114 1115 1115 1116 1116 1117 1117 1117 1118 1118 1119 1119 1120 1120 1121 1121 1122 1122 1122 1123 1123 1124 1124 1125 1125 1126 1126 1126 1127 1125 1126 1126 1127 1127 1128 1128 1129 1129 1129 1130 1130 1131 1131 1132 1132 1133 1133 1134 1134 1134 1135 1135 1136 1136 1136 1136 1137 1137 1137 1138 1138
1109 1110 1110 1111 1111 1112 1112 1113 1113 1113 1114 1108 1109 1109 1110 1110 1111 1111 1111 1112 1112 1113 1113 1114 1114 1115 1115 1116 1116 1116 1117 1117 1118 1118 1119 1119 1120 1120 1121 1121 1121 1122 1122 1123 1123 1124 1124 1125 1125 1126 1126 1126 1127 1127 1127 1127 1128 1128 1129 1128 1128 1129 1129 1130 1130 1131 1131 1132 1132 1133 1133 1133 1134 1134 1135 1135 1136 1136 1137 1137 1137 1137 1137 1138 1138
1109 1110 1110 1111 1111 1112 1112 1112 1113 1113 1114 1108 1109 1109 1110 1110 1111 1111 1111 1112 1112 1113 1113 1114 1114 1115 1115 1115 1116 1116 1117 1117 1118 1118 1119 1119 1120 1120 1120 1121 1121 1122 1122 1123 1123 1124 1124 1125 1125 1125 1126 1126 1127 1127 1128 1128 1128 1128 1128 1129 1129 1130 1130 1130 1130 1131 1131 1132 1132 1132 1133 1133 1134 1134 1135 1135 1136 1136 1136 1137 1137 1138 1138 1139 1139
1109 1110 1110 1111 1111 1111 1112 1112 1113 1113 1114 1108 1109 1109 1110 1110 1110 1111 1111 1112 1112 1113 1113 1114 1114 1115 1115 1115 1116 1116 1117 1117 1118 1118 1119 1119 1119 1120 1120 1121 1121 1122 1122 1123 1123 1124 1124 1124 1125 1125 1126 1126 1127 1127 1128 1128 1128 1128 1128 1129 1129 1130 1130 1131 1131 1132 1132 1132 1132 1132 1133 1133 1134 1134 1135 1135 1135 1136 1136 1137 1137 1138 1138 1139 1139
1110 1111 1111 1111 1112 1112 1113 1113 1114 1114 1115 1109 1110 1110 1110 1111 1111 1112 1112 1113 1113 1114 1114 1115 1115 1115 1116 1116 1117 1117 1118 1118 1119 1119 1120 1120 1120 1121 1121 1121 1121 1122 1122 1123 1123 1123 1124 1124 1125 1125 1126 1126 1127 1127 1128 1128 1128 1129 1129 1129 1129 1130 1130 1131 1131 1131 1132 1132 1133 1133 1134 1134 1134 1134 1134 1135 1135 1136 1136 1137 1137 1138 1138 1139 1139
1110 1111 1111 1111 1112 1112 1113 1113 1114 1114 1115 1115 1110 1110 1110 1111 1111 1112 1112 1113 1113 1114 1114 1114 1115 1115 1116 1116 1117 1117 1118 1118 1119 1119 1119 1120 1120 1121 1121 1122 1122 1123 1123 1123 1124 1124 1125 1125 1125 1125 1126 1126 1127 1127 1127 1128 1128 1129 1129 1130 1129 1130 1130 1130 1131 1131 1132 1132 1133 1133 1134 1134 1134 1135 1135 1135 1135 1136 1136 1137 1137 1138 1138 1138 1139
1110 1110 1111 1111 1112 1112 1113 1113 1114 1114 1115 1115 1110 1110 1110 1111 1111 1112 1112 1113 1113 1113 1114 1114 1115 1115 1116 1116 1117 1117 1118 1118 1118 1119 1119 1120 1120 1121 1121 1122 1122 1122 1123 1123 1124 1124 1125 1125 1126 1126 1127 1127 1127 1128 1127 1128 1128 1129 1129 1130 1130 1130 1130 1130 1131 1131 1132 1132 1133 1133 1133 1134 1134 1135 1135 1136 1136 1137 1137 1137 1137 1137 1138 1138 1139
1110 1110 1111 1111 1112 1112 1113 1113 1114 1114 1114 1115 1110 1110 1110 1111 1111 1112 1112 1112 1113 1113 1114 1114 1115 1115 1116 1116 1117 1117 1117 1118 1118 1119 1119 1120 1120 1121 1121 1122 1122 1122 1123 1123 1124 1124 1125 1125 1126 1126 1126 1127 1127 1128 1128 1129 1129 1130 1130 1130 1130 1130 1131 1130 1131 1131 1132 1132 1133 1133 1133 1134 1134 1135 1135 1136 1136 1137 1137 1137 1138 1138 1138 1138 1139
1110 1110 1111 1111 1112 1112 1113 1113 1113 1114 1114 1115 1110 1110 1110 1111 1111 1112 1112 1112 1113 1113 1114 1114 1115 1115 1116 1116 1116 1117 1117 1118 1118 1119 1119 1120 1120 1121 1121 1121 1122 1122 1123 1123 1124 1124 1125 1125 1125 1126 1126 1127 1127 1128 1128 1129 1129 1129 1130 1130 1131 1131 1132 1132 1131 1131 1132 1132 1132 1133 1133 1134 1134 1135 1135 1136 1136 1136 1137 1137 1138 1138 1139 1139 1140
1110 1110 1111 1111 1112 1112 1112 1113 1113 1114 1114 1115 1110 1110 1110 1111 1111 1111 1112 1112 1113 1113 1114 1114 1115 1115 1115 1116 1116 1117 1117 1118 1118 1119 1119 1120 1120 1120 1121 1121 1122 1122 1123 1123 1124 1124 1124 1125 1125 1126 1126 1127 1127 1128 1128 1128 1129 1129 1130 1130 1131 1131 1132 1132 1133 1132 1132 1133 1132 1133 1133 1134 1134 1135 1135 1135 1136 1136 1137 1137 1138 1138 1139 1139 1139
1111 1111 1112 1112 1112 1113 1113 1114 1114 1115 1115 1116 1116 1111 1111 1111 1112 1112 1113 1113 1114 1114 1115 1115 1115 1116 1116 1117 1117 1118 1118 1119 1119 1120 1120 1120 1121 1121 1122 1121 1122 1122 1123 1123 1123 1124 1124 1125 1125 1126 1126 1127 1127 1127 1128 1128 1129 1129 1130 1130 1131 1131 1132 1132 1132 1133 1133 1133 1133 1134 1134 1135 1134 1134 1135 1135 1136 1136 1137 1137 1138 1138 1138 1139 1139
1111 1111 1112 1112 1112 1113 1113 1114 1114 1115 1115 1116 1116 1111 1111 1111 1112 1112 1113 1113 1114 1114 1115 1115 1115 1116 1116 1117 1117 1118 1118 1119 1119 1119 1120 1120 1121 1121 1122 1122 1123 1123 1123 1124 1124 1125 1125 1125 1125 1126 1126 1127 1127 1127 1128 1128 1129 1129 1130 1130 1131 1131 1131 1132 1132 1133 1133 1134 1133 1134 1134 1134 1135 1135 1136 1135 1136 1136 1137 1137 1137 1138 1138 1139 1139
