testData/tiles/oneDegreeCosts/grid2.0-28.0-3.0-29.0.asc
ncols   200
nrows   200
xllcorner   2.0
yllcorner   28.0
cellsize   0.005
NODATA_value   -9999.0
[rows 0 to 41 of 200, columns 0 to 93 of 200]
375 375 376 377 378 380 381 381 382 383 383 384 385 385 386 386 387 293 293 294 294 295 350 350 350 351 351 351 351 351 351 351 351 351 350 350 350 350 350 350 350 350 349 349 349 349 347 347 346 346 346 345 345 344 343 342 341 341 340 339 338 337 336 335 334 333 332 331 329 328 327 325 324 322 321 320 317 316 314 312 309 307 305 303 302 302 302 302 301 301 301 300 300 300
373 375 376 376 377 378 379 380 380 381 382 382 383 383 384 384 291 291 292 292 292 293 293 348 349 349 349 349 349 349 349 350 350 350 350 350 349 349 348 348 348 348 348 347 347 347 346 346 345 344 344 343 343 342 342 341 340 339 338 338 337 336 334 333 333 332 331 329 328 326 325 324 322 320 319 318 316 314 312 310 308 305 303 302 302 301 301 301 301 300 300 300 300 249
372 373 374 375 375 376 377 378 379 379 380 380 381 382 382 289 290 291 291 291 292 292 292 347 347 347 347 347 348 348 348 348 348 348 348 348 348 348 348 347 347 347 346 346 345 345 345 344 344 344 343 342 341 341 340 339 339 338 337 336 335 334 333 333 331 330 329 328 327 325 323 322 321 319 317 316 314 312 310 308 306 304 301 301 301 301 300 300 300 300 299 299 299 249
370 371 372 373 374 374 375 376 378 378 379 380 380 287 287 288 288 289 289 290 290 290 291 346 346 346 346 347 347 347 347 346 346 346 346 346 346 346 346 346 345 345 345 345 345 343 343 343 342 342 341 341 340 339 338 338 337 336 336 335 333 332 332 331 330 328 327 326 325 324 322 320 319 317 316 314 312 310 309 307 304 302 301 301 300 300 300 300 299 299 299 298 248 248
368 369 370 372 373 374 374 375 376 377 377 378 284 285 286 286 287 287 287 288 288 288 289 289 344 344 345 345 345 345 345 345 345 345 345 345 344 344 344 344 344 343 343 343 343 342 342 341 340 340 340 339 339 338 337 336 335 335 334 333 332 331 330 329 328 327 326 324 323 322 320 319 317 315 314 312 311 308 306 304 302 300 300 300 300 299 299 299 299 298 298 298 248 247
367 368 369 370 371 372 372 373 374 375 375 282 283 283 284 284 285 285 286 286 286 287 287 287 342 343 343 343 343 343 343 343 344 344 344 343 343 343 343 343 342 342 341 341 341 341 340 340 340 339 338 337 337 336 336 335 334 333 332 331 330 330 329 327 326 325 324 323 322 320 318 317 316 314 312 310 309 307 304 302 300 300 299 299 299 299 298 298 298 298 297 247 247 247
365 366 367 368 369 370 371 371 372 373 279 280 282 282 283 283 284 284 285 285 285 286 286 286 287 342 342 341 341 341 342 342 342 342 342 342 342 341 341 341 341 341 341 339 339 339 338 338 338 337 337 336 335 334 334 333 332 332 331 329 329 328 327 326 325 323 322 321 320 319 316 315 314 312 311 308 306 305 303 300 299 299 299 299 298 298 298 298 297 297 297 246 246 246
363 364 365 366 367 369 370 370 277 278 279 279 280 280 281 281 282 282 283 283 284 284 284 285 285 340 340 340 341 341 341 341 341 341 340 340 340 340 340 339 339 339 339 339 338 338 337 336 336 335 335 334 334 333 332 331 331 330 329 328 328 326 325 324 323 322 320 319 318 316 315 314 311 310 308 307 304 302 300 299 299 298 298 298 298 297 297 297 297 296 246 246 246 245
361 363 364 365 366 367 368 274 275 276 277 277 278 278 279 280 280 281 281 281 282 282 282 283 283 338 338 339 339 339 339 339 339 339 339 339 339 339 338 338 337 337 337 337 336 336 336 335 334 334 333 333 332 331 331 330 329 328 327 326 326 325 324 322 321 320 319 318 316 314 313 312 310 308 306 305 303 301 298 298 298 298 297 297 297 297 296 296 296 296 245 245 245 245
360 361 362 363 364 365 272 272 273 274 275 275 276 277 277 278 278 279 279 279 280 280 280 281 281 281 336 337 337 337 337 337 337 337 337 337 337 337 337 337 336 335 335 335 334 334 334 333 333 333 332 331 330 330 329 328 328 327 325 324 324 323 322 321 319 318 317 316 314 313 311 309 308 306 305 302 300 298 298 297 297 297 297 296 296 296 296 295 295 245 245 244 244 244
358 359 360 361 362 269 270 270 271 273 274 274 275 276 276 277 277 278 278 279 279 279 280 280 280 280 336 336 336 336 335 335 335 335 335 335 335 335 335 335 335 334 334 334 333 332 332 332 331 331 330 330 329 328 327 326 326 325 324 323 322 321 320 319 318 317 315 313 312 311 310 307 306 304 303 301 298 297 297 297 297 296 296 296 296 295 295 295 245 244 244 244 244 243
355 357 358 266 267 268 268 269 270 271 272 272 273 274 274 275 275 276 276 277 277 277 278 278 278 278 334 334 334 334 334 334 334 334 334 334 333 333 333 333 333 332 332 332 332 331 331 330 329 329 328 328 327 327 326 324 324 323 322 321 320 320 318 317 316 315 313 312 310 309 307 306 304 302 300 298 297 297 296 296 296 296 295 295 295 295 294 294 244 244 243 243 243 243
354 355 263 264 265 266 266 267 268 269 270 270 271 272 272 273 273 274 274 275 275 275 276 276 276 276 277 332 332 332 332 332 332 332 332 332 332 332 332 332 331 330 330 330 330 329 329 329 328 328 326 326 325 325 324 323 323 321 320 319 318 318 317 316 314 312 311 310 309 307 305 304 302 300 298 296 296 296 296 295 295 295 295 294 294 294 294 243 243 243 243 242 242 242
352 259 260 261 262 263 264 265 266 267 268 268 269 271 271 272 272 273 273 274 274 274 275 275 275 276 275 330 330 330 330 330 330 330 330 330 330 330 330 330 330 330 329 328 328 327 327 327 326 326 325 325 323 323 322 321 321 320 319 317 316 315 314 313 312 310 309 308 307 305 304 301 300 298 296 296 295 295 295 295 294 294 294 294 294 293 293 243 243 242 242 242 241 241
256 257 258 259 260 261 263 264 265 266 266 267 268 268 269 270 270 271 271 272 272 272 273 273 273 274 274 274 329 329 329 329 329 328 328 328 328 328 328 328 328 328 327 327 327 326 325 325 324 324 323 323 322 321 320 319 318 318 317 316 315 313 312 311 310 309 308 306 304 303 301 300 297 295 295 295 295 294 294 294 294 294 293 293 293 293 242 242 242 242 241 241 241 241
254 255 257 258 259 260 261 262 263 264 264 265 266 266 267 268 268 269 269 270 270 270 271 271 271 271 272 272 327 327 327 327 327 327 327 327 327 326 326 326 326 325 325 325 325 324 324 324 323 322 321 321 320 319 319 318 316 316 315 314 313 312 311 309 308 307 306 304 303 300 299 297 296 295 294 294 294 294 294 293 293 293 293 292 292 242 242 241 241 241 241 240 240 240
252 253 255 256 257 258 259 260 261 261 262 263 264 264 265 265 266 267 267 267 268 268 269 269 269 269 270 270 325 325 325 325 325 325 325 325 325 325 325 325 325 323 323 323 323 322 322 321 321 321 320 318 318 317 317 316 315 314 313 312 311 310 309 308 307 304 303 302 300 299 296 295 294 294 294 293 293 293 293 293 292 292 292 292 291 241 241 241 241 240 240 240 239 239
250 251 252 253 254 256 256 257 258 259 261 262 262 263 264 264 265 265 266 266 267 267 267 268 268 268 269 269 269 323 323 323 323 323 323 323 323 323 323 323 323 322 322 322 320 320 320 319 319 318 318 317 317 315 314 314 313 312 311 310 308 308 306 305 304 303 302 299 298 296 295 294 293 293 293 293 293 292 292 292 292 291 291 291 241 241 240 240 240 240 239 239 239 239
247 249 250 251 253 254 255 256 257 258 259 259 260 261 262 262 263 263 264 264 265 265 265 266 266 266 266 267 267 322 322 322 322 322 322 321 321 321 321 321 320 320 320 320 319 319 319 317 317 316 316 315 315 314 313 312 311 310 309 308 307 306 304 303 302 301 299 298 295 294 293 293 293 292 292 292 292 292 291 291 291 291 291 240 240 240 240 239 239 239 239 238 238 238
246 247 248 250 251 252 253 254 255 256 256 257 258 259 259 260 261 261 262 262 262 263 263 264 264 264 264 265 265 265 320 320 320 320 320 320 320 320 320 319 318 318 318 318 317 317 316 316 316 315 314 313 312 312 311 310 309 309 307 306 305 304 303 302 299 298 297 295 294 293 292 292 292 292 292 291 291 291 291 291 290 290 240 240 239 239 239 239 238 238 238 238 237 237
243 245 246 247 248 249 250 251 252 253 254 255 256 256 257 258 258 260 260 261 261 262 261 261 262 262 262 262 263 263 318 318 318 318 318 318 318 318 318 317 317 317 317 315 315 315 314 314 313 313 312 312 310 309 309 308 307 306 305 304 302 301 300 299 298 297 294 293 292 292 292 291 291 291 291 291 291 290 290 290 290 289 239 239 239 239 238 238 238 238 237 237 237 237
241 242 243 245 246 247 248 250 251 252 253 254 254 255 256 256 257 258 258 259 259 259 260 260 260 261 261 261 261 262 262 317 316 316 316 316 316 316 315 315 315 315 314 314 314 313 312 312 311 311 310 309 309 308 307 306 305 304 303 302 301 300 298 297 295 294 293 292 291 291 291 291 291 290 290 290 290 290 289 289 289 239 239 238 238 238 238 237 237 237 237 236 236 236
239 239 242 243 244 245 247 248 249 250 250 251 252 253 253 254 255 255 256 256 257 257 258 258 258 259 259 259 259 259 259 315 315 315 315 315 314 313 313 313 313 313 312 312 312 311 311 310 310 308 308 307 306 306 305 304 303 302 301 300 299 297 296 294 293 291 291 291 291 290 290 290 290 290 290 289 289 289 289 288 238 238 238 238 237 237 237 237 236 236 236 236 235 235
239 239 239 240 242 243 244 245 246 247 248 249 250 250 251 252 252 253 254 254 254 255 255 256 256 256 257 257 257 257 257 257 312 312 312 312 312 312 312 312 312 310 310 310 309 309 308 308 308 307 306 305 304 303 303 302 301 300 299 297 296 295 294 292 291 290 290 290 290 290 290 289 289 289 289 289 288 288 288 238 238 237 237 237 237 236 236 236 236 236 235 235 235 234
238 238 238 238 239 240 241 243 244 245 245 247 248 249 250 250 251 252 252 253 253 254 254 254 255 255 255 255 255 255 255 255 310 310 310 310 310 310 310 309 309 309 309 308 307 307 306 306 305 305 304 303 303 302 300 299 298 298 297 296 294 292 291 290 290 290 290 289 289 289 289 289 289 288 288 288 288 288 237 237 237 237 236 236 236 236 236 235 235 235 235 234 234 234
237 237 237 237 237 239 240 241 242 243 244 245 246 246 247 248 249 249 250 250 251 251 252 252 252 253 253 253 253 253 254 254 309 309 308 308 308 307 307 307 307 307 306 306 306 305 305 303 303 302 302 301 300 299 299 298 296 295 294 293 292 291 290 289 289 289 289 289 289 288 288 288 288 288 287 287 287 237 237 236 236 236 236 236 235 235 235 235 234 234 234 234 233 233
237 237 237 237 237 237 237 238 239 240 241 242 243 244 245 245 246 247 247 248 248 249 249 250 250 250 250 251 251 251 251 251 251 306 306 306 306 306 306 305 304 304 304 304 303 303 302 302 301 301 299 298 298 297 296 295 294 293 291 290 289 289 289 289 289 288 288 288 288 288 287 287 287 287 287 287 286 236 236 236 236 235 235 235 235 234 234 234 234 233 233 233 233 232
236 236 236 236 236 236 236 236 237 238 239 240 240 241 242 243 244 244 245 245 246 246 247 247 247 248 248 248 248 249 249 249 249 304 304 304 304 304 303 303 303 303 301 301 301 300 300 299 299 298 298 297 295 294 293 293 292 291 290 289 288 288 288 288 288 288 287 287 287 287 287 287 286 286 286 286 236 235 235 235 235 235 234 234 234 234 233 233 233 233 233 232 232 232
235 235 235 235 235 235 235 235 236 236 237 238 239 240 240 241 242 243 243 244 244 245 245 246 246 246 247 247 247 247 247 246 246 246 301 301 301 301 301 301 301 300 300 300 299 299 297 297 296 296 295 294 293 293 292 290 289 288 288 288 288 288 287 287 287 287 287 287 286 286 286 286 286 286 285 235 235 235 235 234 234 234 234 233 233 233 233 233 232 232 232 232 231 231
234 234 234 235 235 235 235 235 235 235 235 235 236 237 238 239 239 240 241 241 242 242 243 243 243 244 244 244 244 245 245 245 245 245 300 300 299 299 298 298 298 298 297 297 297 296 296 295 295 293 292 292 291 290 289 288 288 287 287 287 287 287 287 287 286 286 286 286 286 286 285 285 285 285 235 234 234 234 234 234 233 233 233 233 233 232 232 232 232 231 231 231 231 230
234 234 234 234 234 234 234 234 234 234 234 234 234 234 235 236 237 237 238 238 239 240 240 240 241 241 241 242 242 242 242 242 242 242 242 297 297 297 297 297 296 295 295 294 294 294 293 292 292 291 291 289 288 287 287 287 287 287 287 286 286 286 286 286 286 286 285 285 285 285 285 285 284 234 234 234 234 233 233 233 233 233 232 232 232 232 231 231 231 231 230 230 230 230
233 233 233 233 233 233 233 233 233 233 233 233 233 234 234 234 235 235 236 237 237 238 238 239 239 239 239 239 239 239 240 240 240 240 240 295 295 294 294 294 294 293 293 293 291 291 290 290 289 288 288 287 287 287 286 286 286 286 286 286 286 285 285 285 285 285 285 285 284 284 284 284 234 233 233 233 233 233 232 232 232 232 232 231 231 231 231 231 230 230 230 230 229 229
232 232 232 232 232 232 233 233 233 233 233 233 233 233 233 233 233 233 233 234 235 235 236 236 236 237 237 237 238 238 238 238 238 237 237 237 292 292 292 291 291 291 290 290 290 289 289 287 286 286 286 286 286 286 286 286 285 285 285 285 285 285 285 284 284 284 284 284 284 283 233 233 233 233 233 232 232 232 232 232 231 231 231 231 231 230 230 230 230 229 229 229 229 228
231 232 232 232 232 232 232 232 232 232 232 232 232 232 232 232 232 232 232 232 232 232 233 233 234 234 234 235 235 235 235 235 235 235 235 235 290 290 289 289 288 288 288 287 287 286 286 286 286 286 285 285 285 285 285 285 285 285 284 284 284 284 284 284 284 283 283 283 283 233 233 232 232 232 232 232 231 231 231 231 231 230 230 230 230 230 229 229 229 229 228 228 228 228
231 231 231 231 231 231 231 231 231 231 231 231 231 231 231 231 231 231 231 231 231 231 231 231 231 231 231 232 232 232 232 232 232 232 232 232 232 287 287 287 286 286 285 285 285 285 285 285 285 285 285 285 284 284 284 284 284 284 284 284 283 283 283 283 283 283 283 282 232 232 232 232 232 231 231 231 231 231 230 230 230 230 230 229 229 229 229 228 228 228 228 228 227 227
230 230 230 230 230 230 230 230 230 231 231 231 231 231 231 231 231 231 231 231 231 231 231 231 231 231 231 231 231 231 230 230 230 230 230 230 230 285 285 285 285 285 285 285 285 284 284 284 284 284 284 284 284 284 284 283 283 283 283 283 283 283 282 282 282 282 282 232 232 231 231 231 231 231 230 230 230 230 230 229 229 229 229 229 228 228 228 228 228 227 227 227 227 226
179 179 229 230 230 230 230 230 230 230 230 230 230 230 230 230 230 230 230 230 230 230 230 230 230 230 230 230 230 230 230 230 230 230 230 230 229 229 284 284 284 284 284 284 284 284 284 284 283 283 283 283 283 283 283 283 283 282 282 282 282 282 282 282 281 231 231 231 231 231 230 230 230 230 230 230 229 229 229 229 229 228 228 228 228 228 227 227 227 227 226 226 226 226
179 179 179 229 229 229 229 229 229 229 229 229 229 229 229 229 229 229 229 229 229 229 229 229 229 229 229 229 229 229 229 229 229 229 229 229 229 229 284 284 283 283 283 283 283 283 283 283 283 283 283 282 282 282 282 282 282 282 282 281 281 281 281 281 231 231 230 230 230 230 230 230 229 229 229 229 229 229 228 228 228 228 227 227 227 227 227 226 226 226 226 225 225 225
178 178 178 178 178 228 228 228 228 228 228 228 228 228 228 228 228 229 229 229 229 229 228 228 228 228 228 228 228 228 228 228 228 228 228 228 228 228 228 283 283 283 283 283 282 282 282 282 282 282 282 282 282 282 281 281 281 281 281 281 281 280 230 230 230 230 230 230 229 229 229 229 229 229 228 228 228 228 228 227 227 227 227 227 226 226 226 226 225 225 225 225 225 224
177 177 177 177 177 177 227 228 228 228 228 228 228 228 228 228 228 228 228 228 228 228 228 228 228 228 228 228 228 228 228 228 227 227 227 227 227 227 227 282 282 282 282 282 282 282 282 281 281 281 281 281 281 281 281 281 280 280 280 280 280 230 230 229 229 229 229 229 229 229 228 228 228 228 228 227 227 227 227 227 227 226 226 226 226 225 225 225 225 225 224 224 224 224
176 177 177 177 177 177 177 177 227 227 227 227 227 227 227 227 227 227 227 227 227 227 227 227 227 227 227 227 227 227 227 227 227 227 227 227 227 227 226 226 281 281 281 281 281 281 281 281 281 281 280 280 280 280 280 280 280 280 279 229 229 229 229 229 229 228 228 228 228 228 228 228 227 227 227 227 227 226 226 226 226 226 225 225 225 225 225 224 224 224 224 223 223 223
176 176 176 176 176 176 176 176 176 176 226 226 226 226 226 226 226 226 226 226 226 226 226 226 226 226 226 226 226 226 226 226 226 226 226 226 226 226 226 226 281 281 280 280 280 280 280 280 280 280 280 280 279 279 279 279 279 229 229 229 229 228 228 228 228 228 228 227 227 227 227 227 227 226 226 226 226 226 226 225 225 225 225 225 224 224 224 224 223 223 223 223 223 222
