testData/tiles/oneDegreeCosts/grid30.0-24.0-31.0-25.0.asc
ncols   200
nrows   200
xllcorner   30.0
yllcorner   24.0
cellsize   0.005
NODATA_value   -9999.0
[rows 126 to 167 of 200, columns 94 to 187 of 200]
460 460 460 460 461 461 461 461 461 461 461 461 461 461 461 461 461 462 462 462 462 462 462 462 462 462 462 462 462 462 462 462 462 463 463 463 463 463 463 463 463 463 463 463 559 559 559 559 558 558 558 558 559 559 559 559 559 559 559 559 559 559 559 559 559 559 559 559 559 559 559 559 559 559 559 559 559 559 559 559 560 560 560 560 560 560 560 560 560 560 560 560 560 560
460 460 461 461 461 461 461 461 461 461 461 461 461 461 462 462 462 462 462 462 462 462 462 462 462 462 462 462 462 463 463 463 463 463 463 463 463 463 463 463 463 463 463 463 559 559 559 560 560 559 559 559 559 559 559 559 559 559 559 559 559 559 559 559 559 559 559 559 559 559 559 559 559 560 560 560 560 560 560 560 560 560 560 560 560 560 560 560 560 560 560 560 560 560
461 461 461 461 461 461 461 461 461 461 461 461 462 462 462 462 462 462 462 462 462 462 462 462 462 462 463 463 463 463 463 463 463 463 463 463 463 463 463 463 463 463 463 464 560 560 560 560 560 560 559 559 559 559 559 559 559 559 559 559 559 559 559 559 559 559 560 560 560 560 560 560 560 560 560 560 560 560 560 560 560 560 560 560 560 560 560 560 560 560 560 560 560 560
461 461 461 461 461 461 461 461 461 462 462 462 462 462 462 462 462 462 462 462 462 462 462 463 463 463 463 463 463 463 463 463 463 463 463 463 463 463 463 464 464 464 464 464 560 560 560 560 560 560 560 559 559 559 559 559 559 559 559 559 559 560 560 560 560 560 560 560 560 560 560 560 560 560 560 560 560 560 560 560 560 560 560 560 560 560 560 560 560 560 560 560 560 560
461 461 461 461 461 461 462 462 462 462 462 462 462 462 462 462 462 462 462 462 463 463 463 463 463 463 463 463 463 463 463 463 463 463 463 463 464 464 464 464 464 464 464 464 560 560 560 560 560 560 560 559 559 559 559 559 560 560 560 560 560 560 560 560 560 560 560 560 560 560 560 560 560 560 560 560 560 560 560 560 560 560 560 560 560 560 560 560 560 561 561 561 561 561
461 461 461 461 462 462 462 462 462 462 462 462 462 462 462 462 462 463 463 463 463 463 463 463 463 463 463 463 463 463 463 463 464 464 464 464 464 464 464 464 464 464 464 464 560 560 560 560 560 560 560 561 560 560 560 560 560 560 560 560 560 560 560 560 560 560 560 560 560 560 560 560 560 560 560 560 560 560 560 561 561 561 561 561 561 561 561 561 561 561 561 561 561 561
461 462 462 462 462 462 462 462 462 462 462 462 462 462 463 463 463 463 463 463 463 463 463 463 463 463 463 463 463 464 464 464 464 464 464 464 464 464 464 464 464 464 464 464 560 560 560 561 561 561 561 561 561 560 560 560 560 560 560 560 560 560 560 560 560 560 560 560 560 560 560 560 561 561 561 561 561 561 561 561 561 561 561 561 561 561 561 561 561 561 561 561 561 561
462 462 462 462 462 462 462 462 462 462 462 463 463 463 463 463 463 463 463 463 463 463 463 463 463 463 464 464 464 464 464 464 464 464 464 464 464 464 464 464 464 464 464 465 561 561 561 561 561 561 561 561 561 560 560 560 560 560 560 560 560 560 560 560 560 560 561 561 561 561 561 561 561 561 561 561 561 561 561 561 561 561 561 561 561 561 561 561 561 561 561 561 561 561
462 462 462 462 462 462 462 462 462 463 463 463 463 463 463 463 463 463 463 463 463 463 463 464 464 464 464 464 464 464 464 464 464 464 464 464 464 464 464 465 465 465 465 465 561 561 561 561 561 561 561 561 561 561 560 560 560 560 560 560 560 561 561 561 561 561 561 561 561 561 561 561 561 561 561 561 561 561 561 561 561 561 561 561 561 561 561 561 561 561 561 561 561 561
462 462 462 462 462 462 463 463 463 463 463 463 463 463 463 463 463 463 463 463 464 464 464 464 464 464 464 464 464 464 464 464 464 464 464 464 465 465 465 465 465 465 465 465 561 561 561 561 561 561 561 561 561 561 560 560 561 561 561 561 561 561 561 561 561 561 561 561 561 561 561 561 561 561 561 561 561 561 561 561 561 561 561 561 561 561 561 561 561 561 562 562 562 562
462 462 462 462 463 463 463 463 463 463 463 463 463 463 463 463 463 464 464 464 464 464 464 464 464 464 464 464 464 464 464 464 465 465 465 465 465 465 465 465 465 465 465 561 561 561 561 561 561 561 561 561 562 562 562 561 561 561 561 561 561 561 561 561 561 561 561 561 561 561 561 561 561 561 561 561 561 561 561 561 561 562 562 562 562 562 562 562 562 562 562 562 562 562
462 463 463 463 463 463 463 463 463 463 463 463 463 463 464 464 464 464 464 464 464 464 464 464 464 464 464 464 464 465 465 465 465 465 465 465 465 465 465 465 465 465 465 465 561 561 561 562 562 562 562 562 562 562 562 562 561 561 561 561 561 561 561 561 561 561 561 561 561 561 561 561 561 562 562 562 562 562 562 562 562 562 562 562 562 562 562 562 562 562 562 562 562 562
463 463 463 463 463 463 463 463 463 463 463 463 464 464 464 464 464 464 464 464 464 464 464 464 464 464 465 465 465 465 465 465 465 465 465 465 465 465 465 465 465 465 465 465 562 562 562 562 562 562 562 562 562 562 562 562 561 561 561 561 561 561 561 561 561 561 561 562 562 562 562 562 562 562 562 562 562 562 562 562 562 562 562 562 562 562 562 562 562 562 562 562 562 562
463 463 463 463 463 463 463 463 463 464 464 464 464 464 464 464 464 464 464 464 464 464 464 465 465 465 465 465 465 465 465 465 465 465 465 465 465 465 465 465 466 466 466 466 562 562 562 562 562 562 562 562 562 562 562 562 562 561 561 561 561 561 562 562 562 562 562 562 562 562 562 562 562 562 562 562 562 562 562 562 562 562 562 562 562 562 562 562 562 562 562 562 562 562
463 463 463 463 463 463 463 464 464 464 464 464 464 464 464 464 464 464 464 464 465 465 465 465 465 465 465 465 465 465 465 465 465 465 465 465 465 466 466 466 466 466 466 466 562 562 562 562 562 562 562 562 562 562 562 562 562 561 562 562 562 562 562 562 562 562 562 562 562 562 562 562 562 562 562 562 562 562 562 562 562 562 562 562 562 562 562 562 562 562 562 562 562 562
463 463 463 463 464 464 464 464 464 464 464 464 464 464 464 464 464 464 465 465 465 465 465 465 465 465 465 465 465 465 465 465 465 466 466 466 466 466 466 466 466 466 466 466 562 562 562 562 562 562 562 562 562 563 563 563 563 563 562 562 562 562 562 562 562 562 562 562 562 562 562 562 562 562 562 562 562 562 562 562 562 562 562 562 563 563 563 563 563 563 563 563 563 563
463 463 464 464 464 464 464 464 464 464 464 464 464 464 464 465 465 465 465 465 465 465 465 465 465 465 465 465 465 465 466 466 466 466 466 466 466 466 466 466 466 466 466 466 562 562 562 562 562 563 563 563 563 563 563 563 563 563 562 562 562 562 562 562 562 562 562 562 562 562 562 562 562 562 562 562 562 563 563 563 563 563 563 563 563 563 563 563 563 563 563 563 563 563
464 464 464 464 464 464 464 464 464 464 464 464 464 465 465 465 465 465 465 465 465 465 465 465 465 465 465 466 466 466 466 466 466 466 466 466 466 466 466 466 466 466 466 466 562 563 563 563 563 563 563 563 563 563 563 563 563 563 563 562 562 562 562 562 562 562 562 562 562 562 562 563 563 563 563 563 563 563 563 563 563 563 563 563 563 563 563 563 563 563 563 563 563 563
464 464 464 464 464 464 464 464 464 464 465 465 465 465 465 465 465 465 465 465 465 465 465 465 465 466 466 466 466 466 466 466 466 466 466 466 466 466 466 466 466 466 467 467 563 563 563 563 563 563 563 563 563 563 563 563 563 563 563 562 562 562 562 562 562 563 563 563 563 563 563 563 563 563 563 563 563 563 563 563 563 563 563 563 563 563 563 563 563 563 563 563 563 563
464 464 464 464 464 464 464 464 465 465 465 465 465 465 465 465 465 465 465 465 465 465 466 466 466 466 466 466 466 466 466 466 466 466 466 466 466 466 466 467 467 467 467 467 563 563 563 563 563 563 563 563 563 563 563 563 563 563 563 563 563 563 563 563 563 563 563 563 563 563 563 563 563 563 563 563 563 563 563 563 563 563 563 563 563 563 563 563 563 563 563 563 563 563
464 464 464 464 464 464 465 465 465 465 465 465 465 465 465 465 465 465 465 466 466 466 466 466 466 466 466 466 466 466 466 466 466 466 466 466 467 467 467 467 467 467 467 467 563 563 563 563 563 563 563 563 563 563 563 563 564 564 564 564 563 563 563 563 563 563 563 563 563 563 563 563 563 563 563 563 563 563 563 563 563 563 563 563 563 563 563 563 563 563 563 564 564 564
464 464 464 465 465 465 465 465 465 465 465 465 465 465 465 465 465 466 466 466 466 466 466 466 466 466 466 466 466 466 466 466 466 467 467 467 467 467 467 467 467 467 467 467 563 563 563 563 563 563 563 563 564 564 564 564 564 564 564 564 564 563 563 563 563 563 563 563 563 563 563 563 563 563 563 563 563 563 563 563 563 563 564 564 564 564 564 564 564 564 564 564 564 564
464 465 465 465 465 465 465 465 465 465 465 465 465 465 466 466 466 466 466 466 466 466 466 466 466 466 466 466 466 466 467 467 467 467 467 467 467 467 467 467 467 467 467 467 563 563 563 563 564 564 564 564 564 564 564 564 564 564 564 564 564 563 563 563 563 563 563 563 563 563 563 563 563 563 563 563 564 564 564 564 564 564 564 564 564 564 564 564 564 564 564 564 564 564
465 465 465 465 465 465 465 465 465 465 465 465 466 466 466 466 466 466 466 466 466 466 466 466 466 466 466 467 467 467 467 467 467 467 467 467 467 467 467 467 467 467 467 467 563 564 564 564 564 564 564 564 564 564 564 564 564 564 564 564 564 563 563 563 563 563 563 563 563 563 564 564 564 564 564 564 564 564 564 564 564 564 564 564 564 564 564 564 564 564 564 564 564 564
465 465 465 465 465 465 465 465 465 465 466 466 466 466 466 466 466 466 466 466 466 466 466 466 467 467 467 467 467 467 467 467 467 467 467 467 467 467 467 467 467 467 468 468 564 564 564 564 564 564 564 564 564 564 564 564 564 564 564 564 564 564 563 563 563 564 564 564 564 564 564 564 564 564 564 564 564 564 564 564 564 564 564 564 564 564 564 564 564 564 564 564 564 564
465 465 465 465 465 465 465 465 466 466 466 466 466 466 466 466 466 466 466 466 466 466 467 467 467 467 467 467 467 467 467 467 467 467 467 467 467 467 467 468 468 468 468 468 564 564 564 564 564 564 564 564 564 564 564 564 564 564 564 564 564 565 564 564 564 564 564 564 564 564 564 564 564 564 564 564 564 564 564 564 564 564 564 564 564 564 564 564 564 564 564 564 564 564
465 465 465 465 465 465 466 466 466 466 466 466 466 466 466 466 466 466 466 467 467 467 467 467 467 467 467 467 467 467 467 467 467 467 467 467 468 468 468 468 468 468 468 468 564 564 564 564 564 564 564 564 564 564 564 564 564 565 565 565 565 565 565 564 564 564 564 564 564 564 564 564 564 564 564 564 564 564 564 564 564 564 564 564 564 564 564 564 564 564 564 564 635 635
465 465 465 465 466 466 466 466 466 466 466 466 466 466 466 466 466 467 467 467 467 467 467 467 467 467 467 467 467 467 467 467 467 468 468 468 468 468 468 468 468 468 468 468 564 564 564 564 564 564 564 564 564 565 565 565 565 565 565 565 565 565 565 564 564 564 564 564 564 564 564 564 564 564 564 564 564 564 564 564 564 564 564 564 635 635 635 635 635 635 635 635 635 635
465 465 466 466 466 466 466 466 466 466 466 466 466 466 466 467 467 467 467 467 467 467 467 467 467 467 467 467 467 467 468 468 468 468 468 468 468 468 468 468 468 468 468 468 564 564 564 564 564 565 565 565 565 565 565 565 565 565 565 565 565 565 565 564 564 564 564 564 564 564 564 564 564 564 564 564 634 635 635 635 635 635 635 635 635 635 635 635 635 635 635 635 635 635
466 466 466 466 466 466 466 466 466 466 466 466 466 467 467 467 467 467 467 467 467 467 467 467 467 467 467 467 468 468 468 468 468 468 468 468 468 468 468 468 468 468 468 468 564 564 565 565 565 565 565 565 565 565 565 565 565 565 565 565 565 565 565 565 564 564 564 564 564 634 634 634 635 635 635 635 635 635 635 635 635 635 635 635 635 635 635 635 635 635 635 635 635 635
466 466 466 466 466 466 466 466 466 466 466 467 467 467 467 467 467 467 467 467 467 467 467 467 467 468 468 468 468 468 468 468 468 468 468 468 468 468 468 468 468 468 468 469 565 565 565 565 565 565 565 565 565 565 565 565 565 565 565 565 565 565 635 635 634 634 634 635 635 635 635 635 635 635 635 635 635 635 635 635 635 635 635 635 635 635 635 635 635 635 635 635 635 635
466 466 466 466 466 466 466 466 467 467 467 467 467 467 467 467 467 467 467 467 467 467 467 468 468 468 468 468 468 468 468 468 468 468 468 468 468 468 468 468 469 469 469 469 565 565 565 565 565 565 565 565 565 565 565 635 635 635 635 635 635 635 635 636 635 635 635 635 635 635 635 635 635 635 635 635 635 635 635 635 635 635 635 635 635 635 635 635 635 635 635 635 635 635
466 466 466 466 466 466 467 467 467 467 467 467 467 467 467 467 467 467 467 467 468 468 468 468 468 468 468 468 468 468 468 468 468 468 468 468 468 469 469 469 469 469 469 469 565 565 565 565 565 635 635 635 635 635 635 635 635 635 635 636 636 636 636 636 636 635 635 635 635 635 635 635 635 635 635 635 635 635 635 635 635 635 635 635 635 635 635 635 635 635 635 635 635 635
466 466 466 466 466 467 467 467 467 467 467 467 467 467 467 467 467 467 468 468 468 468 468 468 468 468 468 468 468 468 468 468 468 468 469 469 469 469 469 469 469 469 469 539 635 635 635 635 635 635 635 635 635 635 635 636 636 636 636 636 636 636 636 636 636 635 635 635 635 635 635 635 635 635 635 635 635 635 635 635 635 635 635 635 635 635 635 635 635 636 636 636 636 636
466 466 466 467 467 467 467 467 467 467 467 467 467 467 467 467 468 468 468 468 468 468 468 468 468 468 468 468 468 468 468 468 469 469 469 469 469 539 539 539 539 539 539 539 539 635 635 635 635 635 635 635 636 636 636 636 636 636 636 636 636 636 636 636 636 635 635 635 635 635 635 635 635 635 635 635 635 635 635 635 635 635 636 636 636 636 636 636 636 636 636 636 636 636
466 467 467 467 467 467 467 467 467 467 467 467 467 467 468 468 468 468 468 468 468 468 468 468 468 468 468 468 468 469 469 539 539 539 539 539 539 539 539 539 539 539 539 539 539 635 635 635 636 636 636 636 636 636 636 636 636 636 636 636 636 636 636 636 636 635 635 635 635 635 635 635 635 635 635 635 636 636 636 636 636 636 636 636 636 636 636 636 636 636 636 636 636 636
467 467 467 467 467 467 467 467 467 467 467 467 468 468 468 468 468 468 468 468 468 468 468 468 468 468 538 539 539 539 539 539 539 539 539 539 539 539 539 539 539 539 539 539 539 636 636 636 636 636 636 636 636 636 636 636 636 636 636 636 636 636 636 636 636 636 635 635 635 635 635 636 636 636 636 636 636 636 636 636 636 636 636 636 636 636 636 636 636 636 636 636 636 636
467 467 467 467 467 467 467 467 467 467 468 468 468 468 468 468 468 468 468 468 468 538 538 538 538 539 539 539 539 539 539 539 539 539 539 539 539 539 539 539 539 539 539 540 540 636 636 636 636 636 636 636 636 636 636 636 636 636 636 636 636 636 636 636 636 636 635 636 636 636 636 636 636 636 636 636 636 636 636 636 636 636 636 636 636 636 636 636 636 636 636 636 636 636
467 467 467 467 467 467 467 467 468 468 468 468 468 468 468 468 538 538 538 538 538 538 538 539 539 539 539 539 539 539 539 539 539 539 539 539 539 539 539 539 540 540 540 540 540 636 636 636 636 636 636 636 636 636 636 636 636 636 636 636 636 636 636 637 637 637 636 636 636 636 636 636 636 636 636 636 636 636 636 636 636 636 636 636 636 636 636 636 636 636 636 636 636 636
467 467 467 467 467 467 468 468 468 468 468 538 538 538 538 538 538 538 538 538 538 539 539 539 539 539 539 539 539 539 539 539 539 539 539 539 539 540 540 540 540 540 540 540 540 636 636 636 636 636 636 636 636 636 636 636 636 636 636 637 637 637 637 637 637 637 636 636 636 636 636 636 636 636 636 636 636 636 636 636 636 636 636 636 636 636 636 636 636 636 637 637 638 638
467 467 467 467 467 468 468 538 538 538 538 538 538 538 538 538 538 538 538 539 539 539 539 539 539 539 539 539 539 539 539 539 539 539 539 540 540 540 540 540 540 540 540 540 540 636 636 636 636 636 636 636 636 636 636 636 637 637 637 637 637 637 637 637 637 637 637 636 636 636 636 636 636 636 636 636 636 636 636 636 636 636 636 636 637 637 638 638 638 639 639 639 641 641
467 467 537 538 538 538 538 538 538 538 538 538 538 538 538 538 538 539 539 539 539 539 539 539 539 539 539 539 539 539 539 539 539 540 540 540 540 540 540 540 540 540 540 540 540 636 636 636 636 636 636 636 636 637 637 637 637 637 637 637 637 637 637 637 637 637 637 636 636 636 636 636 636 636 636 636 636 636 636 637 637 638 638 639 640 640 641 641 641 642 642 643 643 643
