testData/tiles/oneDegreeCosts/grid45.0-34.0-46.0-35.0.asc
ncols   200
nrows   200
xllcorner   45.0
yllcorner   34.0
cellsize   0.005
NODATA_value   -9999.0
[rows 38 to 75 of 200, columns 84 to 167 of 200]
1310 1312 1314 1316 1317 1319 1321 1323 1325 1326 1329 1330 1331 1334 1335 1336 1338 1339 1340 1342 1343 1343 1345 1347 1348 1350 1351 1352 1353 1354 1355 1357 1357 1358 1360 1360 1501 1502 1503 1504 1505 1508 1508 1509 1510 1511 1511 1513 1513 1514 1515 1515 1516 1516 1517 1518 1518 1518 1520 1520 1520 1521 1521 1522 1522 1523 1523 1523 1523 1525 1525 1525 1525 1526 1526 1526 1526 1527 1527 1527 1527 1527 1528 1528
1310 1311 1313 1316 1317 1319 1322 1324 1325 1326 1328 1330 1331 1333 1334 1335 1337 1338 1341 1342 1343 1345 1346 1346 1348 1349 1350 1352 1353 1353 1355 1356 1356 1359 1360 1360 1502 1504 1504 1505 1506 1507 1508 1509 1510 1510 1510 1512 1512 1513 1514 1515 1515 1515 1517 1517 1517 1519 1519 1519 1519 1521 1521 1521 1521 1522 1522 1523 1523 1524 1524 1524 1524 1525 1525 1525 1525 1526 1526 1526 1526 1527 1527 1527
1309 1311 1313 1316 1318 1319 1321 1323 1324 1325 1328 1329 1331 1333 1334 1336 1337 1338 1340 1341 1342 1344 1345 1346 1347 1348 1350 1352 1353 1353 1355 1356 1357 1359 1360 1501 1502 1503 1504 1505 1506 1506 1507 1508 1509 1509 1511 1512 1513 1513 1514 1515 1515 1517 1517 1517 1518 1519 1519 1519 1520 1521 1521 1521 1522 1523 1523 1523 1524 1524 1524 1524 1525 1525 1525 1525 1526 1526 1526 1526 1526 1527 1527 1527
1310 1312 1313 1315 1317 1318 1320 1322 1323 1326 1328 1329 1331 1332 1333 1335 1336 1337 1339 1340 1341 1344 1345 1347 1348 1348 1350 1351 1352 1354 1355 1356 1357 1359 1359 1500 1501 1502 1504 1505 1506 1506 1508 1508 1509 1509 1511 1511 1512 1513 1514 1514 1514 1516 1516 1516 1518 1518 1518 1519 1520 1520 1520 1520 1522 1522 1522 1522 1523 1523 1523 1524 1525 1525 1525 1525 1526 1526 1526 1526 1527 1527 1526 1526
1309 1311 1313 1314 1316 1319 1321 1322 1323 1325 1327 1328 1330 1331 1333 1334 1336 1338 1339 1340 1342 1343 1344 1346 1347 1348 1350 1351 1352 1354 1355 1356 1358 1359 1499 1501 1502 1502 1503 1504 1505 1506 1507 1508 1508 1510 1510 1511 1511 1512 1513 1513 1515 1515 1515 1516 1517 1517 1518 1518 1520 1520 1520 1522 1522 1522 1522 1523 1523 1524 1524 1525 1525 1525 1525 1525 1525 1525 1525 1525 1526 1526 1526 1526
1308 1311 1312 1315 1316 1318 1320 1321 1322 1325 1326 1328 1330 1331 1333 1334 1335 1337 1338 1339 1341 1342 1343 1346 1347 1349 1351 1351 1352 1354 1355 1355 1357 1358 1498 1500 1501 1501 1503 1504 1504 1505 1506 1507 1507 1510 1510 1511 1512 1513 1513 1513 1515 1515 1515 1517 1517 1517 1518 1519 1519 1519 1520 1521 1521 1521 1521 1523 1523 1523 1523 1524 1524 1524 1524 1525 1525 1525 1525 1526 1526 1526 1526 1526
1309 1310 1311 1314 1315 1316 1319 1320 1323 1325 1326 1328 1329 1330 1332 1333 1334 1336 1337 1339 1342 1343 1345 1346 1347 1349 1350 1350 1352 1353 1354 1355 1356 1497 1498 1499 1501 1502 1503 1504 1504 1506 1506 1507 1507 1509 1509 1510 1511 1512 1512 1514 1514 1514 1515 1516 1516 1517 1517 1518 1518 1519 1519 1520 1520 1520 1522 1522 1522 1522 1523 1523 1523 1523 1523 1524 1525 1525 1525 1526 1526 1526 1526 1527
1307 1309 1310 1313 1315 1317 1319 1320 1322 1323 1325 1327 1328 1330 1331 1333 1335 1336 1338 1340 1341 1342 1344 1345 1346 1348 1349 1349 1351 1352 1354 1356 1356 1497 1499 1499 1500 1502 1502 1503 1503 1505 1505 1506 1508 1508 1508 1509 1510 1511 1511 1513 1513 1513 1514 1515 1516 1517 1518 1518 1518 1519 1520 1520 1520 1520 1522 1523 1523 1523 1524 1524 1524 1524 1525 1525 1525 1525 1526 1525 1525 1525 1525 1526
1306 1309 1311 1313 1314 1316 1318 1319 1321 1322 1325 1327 1328 1330 1331 1333 1335 1336 1337 1339 1340 1341 1343 1344 1346 1348 1349 1349 1351 1352 1353 1355 1495 1496 1498 1498 1499 1501 1501 1502 1503 1504 1505 1506 1508 1508 1509 1510 1510 1511 1511 1513 1513 1513 1515 1515 1515 1516 1517 1517 1518 1519 1520 1520 1520 1521 1522 1522 1522 1522 1523 1523 1523 1523 1524 1524 1524 1524 1525 1525 1525 1525 1526 1526
1306 1308 1310 1311 1313 1315 1316 1320 1321 1322 1324 1326 1327 1330 1331 1332 1334 1335 1337 1339 1340 1342 1343 1344 1346 1347 1348 1349 1350 1351 1353 1354 1494 1495 1497 1498 1499 1501 1501 1502 1503 1504 1505 1506 1507 1507 1508 1509 1509 1510 1511 1512 1512 1512 1514 1515 1515 1517 1517 1517 1518 1519 1519 1519 1519 1521 1521 1521 1521 1522 1522 1522 1522 1523 1524 1524 1524 1525 1525 1524 1524 1524 1525 1525
1305 1306 1309 1310 1314 1315 1316 1319 1320 1321 1323 1325 1328 1329 1330 1333 1334 1335 1337 1338 1339 1341 1342 1343 1345 1346 1347 1348 1349 1351 1353 1354 1494 1496 1497 1497 1499 1500 1500 1501 1502 1503 1504 1505 1506 1506 1508 1508 1508 1509 1510 1512 1512 1513 1515 1515 1515 1517 1517 1517 1518 1519 1519 1519 1519 1521 1521 1521 1521 1522 1522 1522 1522 1524 1524 1524 1524 1525 1525 1525 1524 1524 1524 1524
1305 1307 1308 1310 1312 1314 1315 1317 1319 1322 1323 1325 1327 1329 1330 1332 1333 1334 1336 1337 1338 1340 1341 1343 1345 1346 1346 1348 1349 1350 1352 1492 1493 1495 1496 1496 1498 1499 1499 1501 1501 1502 1504 1505 1506 1506 1508 1508 1509 1511 1511 1512 1512 1513 1514 1514 1514 1516 1516 1516 1518 1518 1518 1518 1519 1520 1520 1520 1521 1521 1521 1521 1522 1523 1523 1523 1524 1524 1524 1524 1523 1524 1524 1524
1303 1306 1307 1309 1311 1312 1315 1317 1319 1322 1323 1324 1326 1327 1329 1331 1332 1334 1335 1337 1339 1340 1341 1343 1344 1344 1346 1347 1348 1350 1351 1491 1493 1494 1494 1496 1498 1498 1499 1501 1501 1502 1503 1504 1505 1506 1507 1508 1508 1510 1510 1511 1511 1512 1513 1513 1514 1515 1515 1515 1517 1517 1517 1517 1518 1519 1519 1519 1520 1520 1520 1520 1521 1521 1522 1522 1523 1523 1523 1522 1523 1523 1523 1523
1302 1304 1306 1309 1311 1312 1315 1317 1318 1320 1322 1324 1325 1326 1329 1330 1332 1334 1335 1336 1338 1339 1340 1341 1342 1343 1345 1346 1347 1350 1490 1491 1493 1494 1494 1496 1497 1497 1499 1500 1500 1501 1503 1504 1504 1506 1506 1507 1507 1509 1509 1510 1511 1512 1513 1513 1514 1515 1515 1515 1516 1517 1517 1518 1518 1519 1519 1520 1520 1520 1520 1521 1521 1521 1521 1521 1522 1522 1522 1522 1523 1523 1522 1522
1302 1304 1305 1308 1310 1312 1314 1315 1318 1319 1321 1324 1325 1326 1328 1329 1330 1332 1333 1334 1336 1337 1338 1341 1342 1343 1345 1346 1347 1348 1489 1490 1492 1492 1493 1495 1496 1496 1498 1499 1500 1502 1503 1504 1504 1506 1506 1507 1508 1509 1509 1509 1511 1511 1512 1513 1513 1514 1514 1515 1515 1516 1516 1517 1517 1517 1518 1519 1519 1519 1519 1520 1520 1520 1520 1521 1521 1521 1521 1522 1522 1522 1522 1522
1301 1302 1304 1307 1309 1311 1313 1315 1317 1319 1320 1322 1323 1325 1327 1328 1330 1331 1332 1335 1336 1337 1339 1340 1341 1343 1344 1345 1346 1487 1488 1490 1491 1491 1492 1495 1495 1497 1499 1499 1500 1501 1502 1503 1504 1505 1505 1506 1507 1507 1508 1509 1510 1510 1510 1512 1512 1512 1513 1514 1514 1515 1515 1516 1516 1516 1516 1518 1518 1518 1518 1519 1519 1519 1519 1520 1520 1520 1520 1521 1521 1521 1521 1522
1299 1301 1304 1307 1308 1311 1312 1314 1316 1317 1320 1321 1322 1324 1325 1327 1330 1331 1332 1334 1335 1336 1338 1339 1340 1342 1342 1343 1345 1487 1488 1490 1490 1491 1493 1494 1495 1497 1497 1498 1499 1500 1501 1501 1503 1503 1504 1504 1506 1506 1507 1508 1509 1509 1510 1512 1512 1512 1514 1514 1514 1514 1516 1516 1516 1516 1517 1517 1518 1518 1519 1519 1519 1519 1520 1520 1520 1520 1521 1521 1521 1520 1520 1521
1299 1301 1304 1305 1307 1309 1311 1313 1314 1316 1318 1320 1322 1324 1325 1326 1328 1329 1330 1332 1333 1334 1336 1337 1339 1341 1342 1343 1485 1486 1486 1488 1489 1491 1492 1493 1494 1496 1496 1497 1498 1499 1500 1501 1503 1503 1504 1505 1506 1506 1507 1508 1508 1509 1510 1510 1511 1511 1512 1513 1513 1513 1514 1515 1515 1515 1516 1516 1516 1517 1518 1518 1518 1518 1519 1519 1519 1519 1520 1520 1520 1520 1521 1521
1298 1300 1302 1304 1306 1308 1309 1313 1314 1315 1318 1319 1320 1322 1324 1326 1327 1328 1330 1332 1333 1335 1336 1337 1339 1340 1341 1343 1483 1484 1486 1488 1489 1489 1491 1492 1494 1495 1496 1497 1498 1499 1499 1501 1501 1502 1502 1504 1504 1505 1506 1507 1507 1507 1509 1509 1510 1510 1511 1511 1512 1513 1513 1513 1514 1515 1515 1515 1515 1516 1516 1517 1517 1518 1518 1518 1518 1518 1519 1519 1519 1519 1519 1519
1297 1299 1301 1302 1306 1307 1309 1311 1312 1314 1316 1317 1320 1321 1322 1325 1326 1327 1330 1331 1332 1334 1335 1336 1338 1338 1339 1341 1482 1483 1487 1488 1488 1490 1491 1492 1493 1494 1495 1495 1497 1497 1498 1500 1500 1501 1502 1503 1503 1504 1505 1505 1506 1506 1508 1508 1508 1511 1511 1511 1511 1513 1513 1513 1513 1514 1515 1515 1515 1516 1516 1516 1516 1517 1517 1517 1517 1518 1517 1517 1517 1517 1518 1518
1295 1298 1300 1302 1304 1306 1308 1309 1311 1313 1314 1317 1319 1320 1321 1324 1325 1326 1328 1329 1330 1332 1333 1334 1337 1338 1339 1481 1483 1484 1485 1486 1487 1489 1489 1490 1492 1493 1493 1495 1495 1496 1497 1498 1499 1500 1502 1502 1503 1503 1505 1505 1505 1507 1507 1508 1508 1509 1510 1510 1510 1511 1512 1512 1512 1513 1513 1514 1515 1515 1515 1515 1515 1516 1516 1516 1516 1517 1517 1517 1517 1518 1518 1518
1294 1297 1298 1300 1302 1304 1306 1308 1310 1313 1314 1315 1317 1319 1321 1322 1323 1325 1326 1328 1331 1332 1333 1335 1336 1337 1338 1480 1481 1483 1484 1485 1485 1487 1488 1489 1490 1492 1493 1494 1495 1496 1497 1498 1498 1499 1500 1501 1501 1503 1503 1504 1504 1506 1506 1506 1507 1508 1508 1508 1510 1510 1510 1510 1512 1512 1512 1512 1513 1513 1514 1514 1515 1515 1515 1515 1516 1516 1516 1516 1516 1517 1517 1516
1292 1295 1296 1299 1302 1303 1306 1307 1308 1311 1312 1314 1316 1317 1319 1320 1323 1325 1326 1327 1329 1330 1331 1333 1334 1335 1478 1479 1480 1482 1482 1484 1486 1487 1488 1489 1490 1491 1491 1493 1494 1494 1496 1496 1497 1498 1499 1499 1500 1501 1502 1502 1503 1504 1504 1505 1506 1507 1507 1507 1508 1509 1509 1509 1510 1511 1512 1512 1513 1513 1512 1512 1513 1513 1513 1513 1514 1514 1514 1514 1515 1515 1515 1515
1291 1294 1296 1298 1300 1301 1304 1305 1308 1309 1310 1313 1315 1316 1319 1320 1321 1323 1324 1325 1327 1328 1330 1332 1333 1334 1477 1478 1479 1481 1482 1483 1484 1485 1486 1488 1488 1489 1491 1492 1492 1493 1494 1495 1495 1497 1498 1499 1500 1501 1501 1502 1503 1504 1504 1504 1506 1506 1506 1507 1508 1508 1508 1510 1510 1510 1510 1511 1512 1512 1512 1513 1513 1513 1513 1513 1514 1514 1514 1514 1515 1515 1515 1515
1290 1292 1294 1296 1298 1300 1302 1303 1306 1308 1310 1312 1313 1315 1317 1318 1320 1321 1323 1325 1326 1328 1330 1331 1333 1335 1476 1477 1479 1479 1480 1481 1483 1484 1484 1486 1487 1488 1489 1491 1492 1493 1494 1494 1495 1497 1497 1498 1499 1500 1500 1500 1502 1502 1503 1504 1504 1505 1505 1506 1507 1507 1507 1508 1508 1509 1509 1510 1510 1510 1510 1511 1512 1512 1512 1513 1513 1513 1513 1514 1514 1513 1513 1513
1288 1290 1293 1294 1296 1300 1301 1303 1305 1306 1308 1310 1312 1314 1315 1316 1319 1321 1322 1324 1325 1326 1328 1330 1331 1473 1474 1475 1477 1478 1479 1481 1481 1483 1485 1486 1486 1487 1489 1489 1490 1492 1492 1493 1494 1495 1496 1496 1498 1498 1498 1500 1500 1501 1501 1502 1503 1503 1503 1505 1505 1505 1506 1507 1507 1507 1507 1508 1509 1509 1509 1510 1510 1510 1510 1511 1511 1511 1511 1512 1512 1512 1512 1513
1286 1288 1292 1293 1295 1298 1299 1302 1303 1305 1307 1308 1310 1313 1314 1315 1318 1319 1320 1322 1323 1324 1326 1328 1329 1471 1472 1473 1476 1477 1478 1480 1481 1481 1483 1484 1485 1486 1487 1488 1488 1490 1491 1491 1493 1493 1494 1494 1496 1496 1497 1498 1500 1500 1501 1502 1502 1503 1504 1504 1504 1505 1506 1506 1506 1507 1508 1508 1508 1508 1509 1509 1510 1510 1511 1511 1511 1511 1511 1512 1512 1511 1511 1511
1285 1287 1290 1291 1293 1296 1297 1300 1301 1303 1306 1307 1309 1311 1312 1314 1316 1317 1319 1320 1322 1324 1326 1328 1470 1471 1472 1474 1475 1475 1476 1478 1479 1480 1482 1482 1483 1485 1485 1486 1488 1488 1490 1491 1492 1493 1493 1495 1495 1496 1496 1498 1498 1499 1500 1500 1501 1501 1502 1503 1503 1503 1504 1505 1505 1505 1506 1506 1507 1507 1508 1508 1508 1508 1509 1509 1509 1509 1510 1510 1510 1510 1510 1511
1283 1285 1287 1289 1292 1293 1295 1299 1300 1302 1304 1305 1308 1309 1310 1313 1314 1315 1317 1320 1321 1323 1325 1326 1468 1469 1470 1472 1473 1474 1476 1476 1477 1479 1480 1482 1482 1484 1485 1485 1487 1488 1488 1490 1491 1491 1492 1493 1494 1494 1496 1496 1497 1497 1498 1499 1499 1499 1501 1501 1501 1502 1503 1503 1503 1504 1505 1505 1505 1505 1506 1506 1506 1506 1507 1508 1508 1508 1508 1508 1508 1508 1509 1509
1280 1283 1285 1287 1291 1292 1294 1296 1298 1300 1302 1303 1306 1307 1308 1312 1313 1314 1316 1318 1319 1321 1323 1324 1466 1467 1468 1470 1471 1472 1475 1476 1476 1478 1479 1480 1482 1482 1483 1484 1485 1486 1487 1488 1489 1489 1490 1491 1492 1492 1494 1494 1495 1495 1497 1497 1497 1499 1499 1499 1501 1502 1502 1502 1503 1504 1504 1504 1504 1505 1506 1506 1506 1507 1507 1506 1506 1507 1507 1507 1507 1507 1508 1507
1278 1282 1284 1286 1288 1290 1293 1294 1296 1298 1300 1301 1305 1306 1307 1310 1311 1312 1314 1316 1317 1320 1321 1462 1464 1466 1467 1469 1470 1471 1473 1474 1475 1476 1477 1478 1480 1481 1481 1483 1484 1484 1485 1486 1487 1488 1490 1491 1491 1492 1493 1494 1494 1496 1496 1496 1497 1498 1498 1499 1499 1500 1500 1501 1501 1502 1502 1502 1503 1504 1504 1504 1504 1505 1505 1505 1505 1506 1506 1506 1506 1507 1507 1432
1277 1280 1281 1284 1286 1288 1290 1292 1294 1297 1299 1300 1302 1304 1306 1308 1309 1311 1312 1314 1316 1319 1320 1462 1463 1464 1466 1467 1468 1470 1471 1472 1473 1475 1475 1476 1478 1479 1479 1482 1483 1483 1484 1486 1486 1487 1488 1489 1489 1491 1491 1492 1492 1494 1494 1495 1495 1496 1497 1497 1497 1498 1499 1499 1500 1500 1501 1501 1502 1502 1502 1502 1502 1503 1503 1503 1503 1504 1504 1504 1504 1505 1505 1430
1274 1277 1279 1282 1283 1286 1289 1291 1292 1295 1296 1299 1300 1302 1304 1305 1307 1310 1311 1312 1315 1317 1458 1460 1461 1462 1464 1465 1466 1468 1469 1470 1472 1474 1474 1475 1477 1478 1478 1480 1481 1482 1483 1484 1484 1485 1487 1487 1488 1489 1490 1490 1491 1492 1492 1493 1494 1494 1495 1495 1496 1497 1497 1497 1498 1499 1499 1499 1500 1500 1500 1500 1502 1502 1502 1502 1503 1503 1503 1503 1503 1503 1428 1428
1272 1274 1277 1280 1282 1284 1286 1288 1291 1292 1294 1296 1298 1299 1303 1304 1305 1308 1309 1310 1312 1314 1456 1458 1459 1460 1462 1463 1465 1467 1468 1469 1471 1472 1472 1474 1475 1476 1477 1478 1479 1480 1481 1482 1483 1484 1485 1485 1486 1487 1488 1488 1490 1491 1492 1492 1493 1494 1494 1494 1496 1496 1496 1496 1498 1498 1498 1498 1499 1499 1500 1500 1501 1501 1501 1501 1502 1502 1502 1502 1503 1428 1427 1426
1271 1273 1275 1277 1279 1282 1284 1286 1288 1290 1292 1295 1297 1298 1300 1302 1303 1305 1307 1309 1310 1311 1455 1456 1458 1460 1461 1462 1463 1465 1466 1467 1469 1470 1470 1472 1473 1474 1476 1476 1477 1478 1479 1480 1482 1483 1484 1484 1485 1486 1487 1487 1489 1489 1490 1490 1491 1492 1492 1492 1494 1494 1494 1495 1496 1496 1496 1497 1497 1498 1498 1499 1499 1499 1499 1499 1500 1500 1500 1500 1501 1426 1426 1426
1268 1270 1273 1275 1277 1279 1281 1284 1287 1288 1290 1293 1294 1297 1298 1299 1302 1303 1304 1307 1309 1450 1453 1454 1456 1458 1459 1460 1462 1463 1464 1466 1467 1467 1468 1470 1471 1473 1474 1475 1476 1478 1478 1479 1480 1481 1482 1482 1484 1484 1485 1485 1487 1487 1488 1489 1489 1490 1490 1491 1492 1492 1492 1494 1494 1494 1494 1495 1496 1496 1496 1497 1497 1497 1497 1498 1498 1498 1498 1498 1424 1424 1424 1424
1265 1267 1270 1272 1275 1278 1280 1281 1284 1286 1288 1290 1291 1294 1295 1297 1300 1302 1303 1305 1307 1448 1450 1452 1453 1455 1456 1458 1460 1461 1462 1463 1465 1466 1468 1469 1470 1471 1472 1473 1474 1475 1476 1477 1478 1479 1480 1480 1482 1482 1483 1483 1485 1485 1486 1487 1487 1488 1488 1489 1490 1490 1490 1492 1492 1492 1492 1493 1494 1494 1494 1495 1495 1495 1495 1496 1496 1496 1496 1422 1422 1422 1422 1422
1262 1264 1268 1270 1272 1275 1277 1279 1281 1283 1286 1287 1289 1292 1294 1295 1298 1299 1301 1303 1444 1445 1448 1450 1451 1453 1454 1456 1458 1459 1460 1462 1463 1464 1466 1467 1468 1469 1470 1471 1472 1473 1474 1475 1476 1477 1478 1478 1480 1480 1481 1483 1484 1484 1485 1486 1486 1487 1487 1488 1489 1489 1490 1491 1491 1491 1492 1492 1493 1493 1494 1494 1494 1494 1494 1495 1495 1495 1495 1421 1421 1421 1421 1422
