testData/tiles/oneDegreeCosts/grid13.0-48.0-14.0-49.0.asc
ncols   200
nrows   200
xllcorner   13.0
yllcorner   48.0
cellsize   0.005
NODATA_value   -9999.0
[rows 84 to 125 of 200, columns 94 to 187 of 200]
662 662 662 662 662 662 662 662 661 661 661 660 660 660 660 660 660 660 660 846 846 845 845 845 845 845 845 845 844 843 843 843 696 695 695 695 695 694 694 694 694 694 694 694 693 692 692 692 692 692 692 691 691 691 691 690 690 689 689 689 689 689 689 687 687 687 687 687 687 686 685 685 685 685 684 684 684 683 683 682 683 682 682 682 680 680 680 680 679 679 679 679 679 678
663 663 662 662 662 662 662 662 662 662 662 662 662 661 661 661 661 661 847 847 846 846 846 845 845 845 845 845 845 845 845 844 844 844 843 843 843 695 695 694 694 694 694 694 694 694 693 693 692 692 692 692 692 691 691 691 691 690 690 689 689 689 689 689 689 687 687 687 687 687 686 686 685 685 685 685 684 684 684 683 682 682 682 683 682 680 680 680 680 680 679 678 678 678
663 663 663 663 663 662 662 662 662 662 662 662 662 662 662 662 847 847 847 847 847 847 847 847 847 846 845 845 845 845 845 845 845 844 844 844 844 844 844 843 842 694 694 694 694 694 694 694 693 693 693 692 692 692 691 691 691 691 691 690 690 689 689 689 689 689 688 687 687 687 687 687 686 686 685 685 685 684 684 684 684 683 682 682 682 682 682 680 680 680 680 679 679 678
663 663 663 663 663 663 663 663 662 662 662 662 662 662 662 848 848 848 847 847 847 847 847 847 847 847 847 846 846 846 846 845 845 845 845 844 844 844 844 844 844 844 844 842 841 694 694 694 694 694 693 693 693 692 692 692 691 691 691 691 691 691 689 689 689 689 689 689 688 687 687 687 687 686 686 686 685 685 684 684 684 684 683 682 682 682 682 682 680 681 680 680 679 679
664 664 664 664 664 664 664 664 664 664 663 663 663 849 849 849 849 849 848 848 847 847 847 847 847 847 847 847 847 846 846 846 846 846 846 845 845 844 844 844 844 844 844 844 843 843 843 842 841 694 694 693 693 693 693 693 692 692 691 691 691 691 691 691 689 689 689 689 689 688 688 687 687 687 686 686 686 686 685 685 684 684 684 684 682 682 682 682 682 681 680 680 680 679
665 664 664 664 664 664 664 664 664 664 664 850 850 849 849 849 849 849 849 849 849 849 848 848 847 847 847 847 847 847 847 846 846 846 846 846 846 846 846 844 844 844 844 844 844 844 843 843 843 843 842 842 694 693 693 693 693 693 692 691 691 691 691 691 691 690 689 689 689 689 689 688 688 687 687 687 686 686 686 685 685 684 684 684 684 684 682 682 682 682 681 680 680 680
665 665 665 665 664 664 664 664 664 664 850 850 850 850 850 849 849 849 849 849 849 849 849 849 848 848 848 848 848 848 847 847 847 846 846 846 846 846 846 846 846 845 844 844 844 844 844 844 843 843 843 843 842 842 841 694 693 693 693 693 692 691 691 691 691 691 690 690 689 689 689 689 688 688 688 687 687 686 686 686 686 685 684 684 684 684 684 682 682 682 682 681 681 680
666 666 666 666 666 666 666 665 851 851 851 851 851 851 851 850 850 849 849 849 849 849 849 849 849 849 848 848 848 848 848 848 848 848 847 846 846 846 846 846 846 846 845 845 845 844 844 844 844 843 843 843 843 843 843 842 841 841 694 693 693 693 692 691 691 691 691 691 690 690 689 689 689 688 688 688 687 687 686 686 686 686 686 684 684 684 684 684 683 682 682 682 682 681
666 666 666 666 666 666 666 852 852 851 851 851 851 851 851 851 851 851 851 850 850 850 850 849 849 849 849 849 848 848 848 848 848 848 848 848 848 847 846 846 846 846 846 846 845 845 845 845 844 844 844 843 843 843 843 843 843 842 841 841 694 694 693 693 692 691 691 691 691 690 690 690 689 689 689 688 688 688 687 687 686 686 686 686 685 684 684 684 684 683 682 682 682 682
666 666 666 666 666 666 852 852 852 852 852 852 851 851 851 851 851 851 851 851 851 851 850 850 850 850 850 850 849 849 848 848 848 848 848 848 848 848 847 847 847 846 846 846 846 846 845 845 845 845 845 844 844 843 843 843 843 843 843 841 841 841 841 694 694 693 692 691 691 691 691 690 690 689 689 689 688 688 688 688 687 686 686 686 686 686 684 684 684 684 684 682 682 682
669 669 668 667 853 853 853 853 853 853 853 853 852 852 851 851 851 851 851 851 851 851 851 851 850 850 850 850 850 850 850 850 849 848 848 848 848 848 848 848 847 847 847 847 846 846 846 845 845 845 845 845 845 844 843 843 843 843 843 843 843 841 841 841 841 841 693 693 692 691 691 691 690 690 690 689 689 688 688 688 688 687 686 686 686 686 686 684 684 684 684 684 683 682
669 669 669 855 855 854 854 854 853 853 853 853 853 853 853 853 852 852 852 852 852 851 851 851 851 851 850 850 850 850 850 850 850 850 849 849 848 848 848 848 848 848 847 847 847 847 847 846 846 845 845 845 845 845 845 845 843 843 843 843 843 843 842 841 841 841 841 841 693 693 692 691 691 690 690 690 690 689 689 688 688 688 688 687 686 686 686 686 685 684 684 684 684 683
669 855 855 855 855 855 855 855 854 854 854 854 854 853 853 853 853 853 852 852 852 852 852 852 852 852 852 851 850 850 850 850 850 850 850 850 849 849 849 849 848 848 848 848 847 847 847 847 847 847 846 845 845 845 845 845 845 844 843 843 843 843 843 842 842 841 841 841 841 840 693 693 692 692 691 690 690 690 689 689 688 688 688 688 687 686 686 686 686 686 684 684 684 684
856 856 856 856 856 856 856 856 855 855 854 854 854 854 854 854 854 854 853 853 853 852 852 852 852 852 852 852 852 852 851 850 850 850 850 850 850 850 849 849 849 849 849 848 848 847 847 847 847 847 847 847 845 845 845 845 845 845 845 844 843 843 843 843 843 842 842 841 841 841 841 840 693 693 692 692 690 690 690 690 689 688 688 688 688 688 686 686 686 686 686 684 684 684
857 856 856 856 856 856 856 856 856 856 856 856 856 855 855 855 855 855 855 854 854 854 853 852 852 852 852 852 852 852 852 852 851 851 851 850 850 850 850 850 849 849 849 849 849 849 848 847 847 847 847 847 847 847 846 845 845 845 845 845 844 844 843 843 843 843 842 842 842 841 841 841 840 840 693 693 692 691 690 690 690 690 688 688 688 688 688 686 686 686 686 686 685 684
857 857 857 857 856 856 856 856 856 856 856 856 856 856 856 855 855 855 855 855 855 855 855 855 855 853 852 852 852 852 852 852 852 851 851 851 851 851 851 850 850 849 849 849 849 849 849 849 848 847 847 847 847 847 847 846 846 845 845 845 845 845 844 844 843 843 843 843 842 842 842 841 841 840 840 840 693 692 692 691 691 690 690 689 688 688 688 688 687 686 686 686 686 685
857 857 857 857 857 857 856 856 856 856 856 856 856 856 856 856 856 855 855 855 855 855 855 855 855 855 855 854 854 853 852 852 852 852 852 851 851 851 851 851 851 851 850 849 849 849 849 849 849 849 848 847 847 847 847 847 847 846 846 845 845 845 845 844 844 844 843 843 843 842 842 842 842 841 841 840 840 840 693 692 691 691 691 690 689 688 688 688 688 688 686 686 686 686
858 858 858 858 858 858 858 858 858 857 857 857 857 857 857 857 857 856 856 855 855 855 855 855 855 855 855 855 855 854 854 854 854 853 852 852 852 851 851 851 851 851 851 851 851 849 849 849 849 849 849 849 848 847 847 847 847 847 846 846 846 845 845 845 845 844 844 844 843 843 842 842 842 842 841 841 840 840 840 840 692 691 691 691 691 690 688 688 688 688 688 686 686 686
858 858 858 858 858 858 858 858 858 858 858 857 857 857 857 857 857 857 857 857 857 856 856 855 855 855 855 855 855 855 854 854 854 854 854 853 853 852 852 851 851 851 851 851 851 851 850 849 849 849 849 849 849 848 848 847 847 847 847 847 846 846 846 845 845 845 844 844 844 844 843 843 842 842 842 842 841 840 840 840 840 840 691 691 691 691 690 688 688 688 688 688 687 686
859 859 858 858 858 858 858 858 858 858 858 858 858 857 857 857 857 857 857 857 857 857 857 856 856 856 856 856 855 855 855 855 854 854 854 854 854 854 853 853 851 851 851 851 851 851 851 851 850 850 849 849 849 849 849 848 848 848 847 847 847 846 846 846 846 845 845 844 844 844 844 843 843 842 842 842 842 841 840 840 840 840 840 839 691 691 691 691 689 688 688 688 688 687
860 860 860 860 859 859 859 859 859 859 859 859 859 859 859 858 857 857 857 857 857 857 857 857 857 856 856 856 856 856 856 856 855 855 854 854 854 854 854 854 854 853 852 851 851 851 851 851 851 850 850 850 849 849 849 849 848 848 848 848 847 847 847 846 846 846 846 845 845 844 844 844 844 843 842 842 842 842 842 841 840 840 840 840 839 838 691 691 691 691 688 688 688 688
860 860 860 860 860 860 860 859 859 859 859 859 859 859 859 859 859 859 858 858 858 858 857 857 857 857 857 856 856 856 856 856 856 856 856 856 854 854 854 854 854 854 854 853 852 852 851 851 851 851 851 850 850 850 849 849 849 849 848 848 848 848 847 847 846 846 846 846 845 845 844 844 844 844 843 843 842 842 842 842 841 840 840 840 840 840 838 691 691 691 691 688 688 688
860 860 860 860 860 860 860 860 860 859 859 859 859 859 859 859 859 859 859 859 858 858 858 858 858 858 858 857 857 856 856 856 856 856 856 856 856 856 855 854 854 854 854 854 854 852 852 852 851 851 851 851 851 850 850 850 849 849 849 848 848 848 848 847 847 846 846 846 846 846 845 844 844 844 844 844 843 842 842 842 842 842 840 840 840 840 840 838 838 691 691 691 688 688
861 861 861 861 861 861 861 861 861 861 861 861 859 859 859 859 859 859 859 859 859 859 858 858 858 858 858 858 858 858 858 856 856 856 856 856 856 856 856 855 855 855 854 854 854 854 854 852 852 852 852 851 851 851 850 850 850 850 849 849 849 848 848 848 848 847 847 846 846 846 846 846 845 844 844 844 844 843 842 842 842 842 842 840 840 840 840 840 838 838 838 691 691 690
862 862 861 861 861 861 861 861 861 861 861 861 861 861 860 860 860 860 860 860 859 859 859 859 858 858 858 858 858 858 858 858 858 857 857 856 856 856 856 856 856 855 855 855 855 854 854 854 853 852 852 852 852 851 851 851 850 850 850 850 849 849 848 848 848 848 848 847 846 846 846 846 846 845 844 844 844 844 844 842 842 842 842 842 841 840 840 840 840 839 838 838 691 644
862 862 862 862 862 861 861 861 861 861 861 861 861 861 861 861 860 860 860 860 860 860 860 860 860 859 858 858 858 858 858 858 858 858 858 857 857 857 856 856 856 856 856 855 855 855 855 854 854 854 852 852 852 852 852 851 851 850 850 850 850 850 849 848 848 848 848 848 848 846 846 846 846 846 846 844 844 844 844 844 843 842 842 842 842 842 840 840 840 840 840 838 791 791
863 863 863 863 863 863 863 862 861 861 861 861 861 861 861 861 861 861 860 860 860 860 860 860 860 860 860 860 859 859 858 858 858 858 858 858 857 857 857 857 857 856 856 856 855 855 855 855 855 855 854 853 852 852 852 852 852 851 850 850 850 850 850 850 849 848 848 848 848 848 847 846 846 846 846 846 844 844 844 844 844 844 842 842 842 842 842 840 840 840 840 840 791 791
863 863 863 863 863 863 863 863 863 862 862 862 862 862 862 862 862 862 861 861 860 860 860 860 860 860 860 860 860 860 859 859 859 858 858 858 858 858 857 857 857 857 857 856 856 856 855 855 855 855 855 855 854 852 852 852 852 852 852 851 850 850 850 850 850 850 848 848 848 848 848 848 846 846 846 846 846 846 844 844 844 844 844 842 842 842 842 842 840 840 840 793 793 791
863 863 863 863 863 863 863 863 863 863 863 863 862 862 862 862 862 862 862 862 862 862 861 861 860 860 860 860 860 860 860 859 859 859 859 859 859 858 858 858 857 857 857 857 857 857 856 855 855 855 855 855 855 855 853 852 852 852 852 852 852 850 850 850 850 850 850 848 848 848 848 848 848 846 846 846 846 846 846 844 844 844 844 844 842 842 842 842 842 841 840 793 793 793
864 864 863 863 863 863 863 863 863 863 863 863 863 863 862 862 862 862 862 862 862 862 862 862 861 861 861 861 860 860 860 860 860 859 859 859 859 859 859 859 858 857 857 857 857 857 857 857 856 855 855 855 855 855 855 854 852 852 852 852 852 852 852 850 850 850 850 850 850 848 848 848 848 848 848 846 846 846 846 846 844 844 844 844 844 843 842 842 842 842 794 793 793 793
865 865 865 865 864 864 864 864 864 864 864 864 864 864 864 864 862 862 862 862 862 862 862 862 862 862 861 861 861 861 861 861 860 860 860 859 859 859 859 859 859 859 858 857 857 857 857 857 857 857 856 855 855 855 855 855 854 853 852 852 852 852 852 852 850 850 850 850 850 850 848 848 848 848 848 848 846 846 846 846 846 845 844 844 844 844 843 842 842 795 795 794 793 793
865 865 865 865 865 865 865 864 864 864 864 864 864 864 864 864 864 864 863 863 863 863 862 862 862 862 862 862 861 861 861 861 861 861 861 860 860 859 859 859 859 859 859 859 859 857 857 857 857 857 857 857 856 855 855 855 854 854 854 853 852 852 852 852 852 851 850 850 850 850 850 849 848 848 848 848 848 847 846 846 846 846 845 844 844 844 844 844 842 795 795 795 795 793
945 865 865 865 865 865 865 865 865 864 864 864 864 864 864 864 864 864 864 864 863 863 863 863 863 863 863 862 862 862 861 861 861 861 861 861 861 861 859 859 859 859 859 859 859 859 858 857 857 857 857 857 857 856 856 855 855 854 854 854 853 852 852 852 852 852 852 851 850 850 850 850 850 848 848 848 848 848 847 846 846 846 846 846 844 844 844 844 797 795 795 795 795 795
946 946 866 866 866 866 866 866 866 866 866 865 865 865 864 864 864 864 864 864 864 864 863 863 863 863 863 863 863 863 863 861 861 861 861 861 861 861 861 861 860 859 859 859 859 859 859 859 858 857 857 857 857 857 857 856 855 855 854 854 854 854 853 852 852 852 852 852 851 850 850 850 850 850 849 848 848 848 848 847 846 846 846 846 846 844 844 797 797 797 795 795 795 795
947 946 946 866 866 866 866 866 866 866 866 866 866 866 865 865 865 865 865 865 865 864 864 864 863 863 863 863 863 863 863 863 863 862 861 861 861 861 861 861 861 861 860 859 859 859 859 859 859 858 858 857 857 857 857 857 856 856 854 854 854 854 854 853 853 852 852 852 852 851 851 850 850 850 850 849 848 848 848 848 848 846 846 846 846 846 845 797 797 797 797 795 795 795
947 947 947 947 866 866 866 866 866 866 866 866 866 866 866 866 865 865 865 865 865 865 865 865 865 864 863 863 863 863 863 863 863 863 863 862 862 861 861 861 861 861 861 860 860 860 859 859 859 859 859 858 858 857 857 857 857 857 855 855 854 854 854 854 853 853 852 852 852 852 851 851 850 850 850 850 849 848 848 848 848 848 847 846 846 846 799 798 797 797 797 797 796 795
948 948 948 948 948 868 867 867 867 867 867 866 866 866 866 866 866 866 865 865 865 865 865 865 865 865 865 865 864 863 863 863 863 863 863 863 863 862 862 862 861 861 861 861 861 860 860 860 859 859 859 859 858 858 858 857 857 857 856 855 855 855 854 854 854 854 853 853 852 852 852 852 851 850 850 850 850 849 849 848 848 848 848 847 846 799 799 799 798 797 797 797 797 796
954 954 948 948 948 948 868 868 868 867 867 867 867 867 867 867 867 867 867 866 865 865 865 865 865 865 865 865 865 864 864 864 864 863 863 863 863 863 862 862 862 862 861 861 861 861 860 860 860 860 859 859 859 859 858 858 858 857 857 856 855 855 855 854 854 854 854 853 853 852 852 852 852 851 851 850 850 850 850 849 848 848 848 848 847 799 799 799 799 798 797 797 797 797
954 954 954 954 954 954 948 868 868 868 868 867 867 867 867 867 867 867 867 867 867 867 866 866 865 865 865 865 865 865 865 864 864 864 864 864 863 863 863 863 862 862 862 862 862 861 861 861 860 860 860 860 859 859 859 858 858 858 857 856 856 856 855 855 855 854 854 854 853 853 853 852 852 852 851 851 850 850 850 850 849 848 848 848 801 800 799 799 799 799 798 797 797 797
956 955 955 955 955 955 955 955 874 868 868 868 868 867 867 867 867 867 867 867 867 867 867 867 866 866 866 866 865 865 865 865 865 864 864 864 864 864 863 863 863 862 862 862 862 862 862 861 861 860 860 860 860 860 859 859 858 858 857 857 856 856 856 855 855 855 854 854 854 853 853 853 852 852 852 851 851 850 850 850 850 849 848 801 801 801 800 799 799 799 799 798 797 797
956 956 956 955 955 955 955 955 875 875 875 875 869 869 869 868 868 867 867 867 867 867 867 867 867 866 866 866 866 866 866 865 865 865 865 864 864 864 864 864 864 863 863 862 862 862 862 862 862 861 861 860 860 860 860 860 859 859 857 857 857 857 856 856 855 855 855 855 854 854 854 853 853 852 852 852 852 851 851 850 850 850 849 802 801 801 801 800 799 799 799 799 799 797
956 956 956 956 956 955 955 955 955 875 875 875 875 875 875 869 869 868 868 868 868 868 868 867 867 867 867 866 866 866 866 866 866 866 865 865 864 864 864 864 864 864 864 863 862 862 862 862 862 862 862 861 860 860 860 860 860 859 858 857 857 857 857 857 856 856 855 855 855 854 854 854 853 853 853 852 852 852 851 851 850 850 803 802 802 801 801 801 801 800 799 799 799 799
