testData/tiles/oneDegreeCosts/grid49.0-29.0-50.0-30.0.asc
ncols   200
nrows   200
xllcorner   49.0
yllcorner   29.0
cellsize   0.005
NODATA_value   -9999.0
[rows 84 to 125 of 200, columns 0 to 93 of 200]
460 460 460 460 460 460 461 461 461 461 461 461 462 462 498 498 498 498 498 499 499 499 499 499 499 499 499 499 500 500 500 500 500 500 500 500 500 501 501 501 501 501 501 395 395 395 395 395 395 395 395 395 395 395 395 395 395 395 395 395 395 395 395 395 395 395 395 395 395 395 395 395 395 395 395 395 395 395 395 395 395 395 395 395 395 395 395 395 395 395 395 395 395 395
460 460 460 461 461 461 461 461 461 462 462 462 462 462 498 498 499 499 499 499 499 499 499 499 500 500 500 500 500 500 500 500 501 501 501 501 501 501 501 501 501 501 501 502 395 395 395 395 395 395 395 395 395 395 395 395 395 395 395 395 395 395 395 395 395 395 395 395 395 395 395 395 395 395 395 395 395 395 395 395 395 395 395 395 395 395 395 395 395 395 395 395 395 395
461 461 461 461 461 461 462 462 462 462 462 462 462 463 499 499 499 499 499 499 500 500 500 500 500 500 500 500 501 501 501 501 501 501 501 501 501 501 502 502 502 502 502 502 502 543 395 395 395 395 395 395 395 395 395 395 395 395 395 395 395 395 395 395 395 395 395 395 395 395 395 395 395 395 395 395 395 395 395 395 395 395 395 395 395 395 395 395 395 395 395 395 395 395
461 461 461 462 462 462 462 462 462 463 463 463 463 463 499 499 500 500 500 500 500 500 500 500 501 501 501 501 501 501 501 501 501 502 502 502 502 502 502 502 502 502 502 503 503 544 544 395 395 395 395 395 395 395 395 395 395 395 395 395 395 395 395 395 395 395 395 395 395 395 395 395 395 395 395 395 395 395 395 395 395 395 395 395 395 395 395 395 395 395 395 395 395 395
462 462 462 462 462 462 463 463 463 463 463 463 463 464 500 500 500 500 500 500 501 501 501 501 501 501 501 501 502 502 502 502 502 502 502 502 502 502 503 503 503 503 503 503 503 544 544 544 544 395 395 395 395 395 395 395 395 395 395 395 395 395 395 395 395 395 395 395 395 395 395 395 395 395 395 395 395 395 395 395 395 395 395 395 395 395 395 395 395 395 395 395 395 395
462 462 462 463 463 463 463 463 463 463 464 464 464 464 500 500 500 501 501 501 501 501 501 501 502 502 502 502 502 502 502 502 502 503 503 503 503 503 503 503 503 503 503 503 545 545 545 545 545 545 395 395 395 395 395 395 395 395 395 395 395 395 395 395 395 395 395 395 395 395 395 395 395 395 395 395 395 395 395 395 395 395 395 395 395 395 395 395 395 395 395 395 395 395
462 463 463 463 463 463 463 464 464 464 464 464 464 465 501 501 501 501 501 501 502 502 502 502 502 502 502 502 503 503 503 503 503 503 503 503 503 503 504 504 504 504 504 504 545 545 545 545 545 545 546 546 395 395 395 395 395 395 395 395 395 395 395 395 395 395 395 395 395 395 395 395 395 395 395 395 395 395 395 395 395 395 395 395 395 395 395 395 395 395 395 395 395 395
463 463 463 463 464 464 464 464 464 464 465 465 465 465 501 501 501 502 502 502 502 502 502 502 503 503 503 503 503 503 503 503 503 504 504 504 504 504 504 504 504 504 504 545 546 546 546 546 546 546 546 546 546 395 395 395 395 395 395 395 395 395 395 395 395 395 395 395 395 395 395 395 395 395 395 395 395 395 395 395 395 395 395 395 395 395 395 395 395 395 395 395 395 395
463 464 464 464 464 464 464 465 465 465 465 465 465 465 502 502 502 502 502 502 502 503 503 503 503 503 503 503 503 504 504 504 504 504 504 504 504 504 505 505 505 505 505 546 546 546 546 546 546 546 546 547 547 547 547 395 395 395 395 395 395 395 395 395 395 395 395 395 395 395 395 395 395 395 395 395 395 395 395 395 395 395 395 395 395 395 395 395 395 395 395 395 395 395
464 464 464 464 465 465 465 465 465 465 466 466 466 466 502 502 502 503 503 503 503 503 503 503 503 504 504 504 504 504 504 504 504 505 505 505 505 505 505 505 505 505 546 546 547 547 547 547 547 547 547 547 547 547 547 547 395 395 395 395 395 395 395 395 395 395 395 395 395 395 395 395 395 395 395 395 395 395 395 395 395 395 395 395 395 395 395 395 395 395 395 395 395 395
464 465 465 465 465 465 465 466 466 466 466 466 466 466 503 503 503 503 503 503 503 504 504 504 504 504 504 504 504 505 505 505 505 505 505 505 505 505 506 506 506 506 547 547 547 547 547 547 547 547 547 548 548 548 548 548 549 549 395 395 395 395 395 395 395 395 395 395 395 395 395 395 395 395 395 395 395 395 395 395 395 395 395 395 395 395 395 395 395 395 395 395 395 395
465 465 465 465 465 466 466 466 466 466 466 467 467 467 503 503 503 504 504 504 504 504 504 504 504 505 505 505 505 505 505 505 505 505 506 506 506 506 506 506 506 547 547 547 548 548 548 548 548 548 548 548 548 548 548 548 549 549 550 395 395 395 395 395 395 395 395 395 395 395 395 395 395 395 395 395 395 395 395 395 395 395 395 395 395 395 395 395 395 395 395 395 395 395
465 465 466 466 466 466 466 466 467 467 467 467 467 467 504 504 504 504 504 504 504 505 505 505 505 505 505 505 505 506 506 506 506 506 506 506 506 506 506 507 507 548 548 548 548 548 548 548 548 548 548 549 549 549 549 550 550 550 551 551 551 395 395 395 395 395 395 395 395 395 395 395 395 395 395 395 395 395 395 395 395 395 395 395 395 395 395 395 395 395 395 395 395 395
466 466 466 466 466 467 467 467 467 467 467 468 468 468 504 504 504 504 505 505 505 505 505 505 505 506 506 506 506 506 506 506 506 506 507 507 507 507 507 507 507 548 548 548 549 549 549 549 549 549 549 549 549 549 549 550 550 550 551 551 552 553 395 395 395 395 395 395 395 395 395 395 395 395 395 395 395 395 395 395 395 395 395 395 395 395 395 395 395 395 395 395 395 395
466 466 467 467 467 467 467 467 468 468 468 468 468 468 504 505 505 505 505 505 505 505 506 506 506 506 506 506 506 506 507 507 507 507 507 507 507 507 507 508 549 549 549 549 549 549 549 549 549 549 549 550 550 550 550 551 551 551 552 552 552 553 553 395 395 395 395 395 395 395 395 395 395 395 395 395 395 395 395 395 395 395 395 395 395 395 395 395 395 395 395 395 395 395
467 467 467 467 467 468 468 468 468 468 468 469 469 469 505 505 505 505 506 506 506 506 506 506 506 506 507 507 507 507 507 507 507 507 508 508 508 508 508 508 549 549 549 549 549 550 550 550 550 550 550 550 550 550 550 551 551 551 552 552 553 554 554 554 555 395 395 395 395 395 395 395 395 395 395 395 395 395 395 395 395 395 395 395 395 395 395 395 395 395 395 395 395 395
467 467 467 468 468 468 468 468 469 469 469 469 469 469 505 506 506 506 506 506 506 506 507 507 507 507 507 507 507 507 508 508 508 508 508 508 508 508 508 550 550 550 550 550 550 550 550 550 550 550 550 551 551 551 551 552 552 552 553 553 553 554 554 554 555 555 395 395 395 395 395 395 395 395 395 395 395 395 395 395 395 395 395 395 395 395 395 395 395 395 395 395 395 395
468 468 468 468 468 468 469 469 469 469 469 469 470 470 506 506 506 506 507 507 507 507 507 507 507 507 508 508 508 508 508 508 508 508 509 509 509 509 509 550 550 550 550 550 550 551 551 551 551 551 551 551 551 551 551 552 552 552 553 553 554 555 555 555 556 556 556 395 395 395 395 395 395 395 395 395 395 395 395 395 395 395 395 395 395 395 395 395 395 395 395 395 395 395
468 468 468 469 469 469 469 469 469 470 470 470 470 470 506 507 507 507 507 507 507 507 508 508 508 508 508 508 508 508 509 509 509 509 509 509 509 509 550 551 551 551 551 551 551 551 551 551 551 551 551 551 552 552 552 553 553 553 554 554 554 555 555 555 556 556 556 557 557 395 395 395 395 395 395 395 395 395 395 395 395 395 395 395 395 395 395 395 395 395 395 395 395 395
469 469 469 469 469 469 470 470 470 470 470 470 471 471 507 507 507 507 507 508 508 508 508 508 508 508 509 509 509 509 509 509 509 509 509 510 510 510 551 551 551 551 551 551 551 552 552 552 552 552 552 552 552 552 552 553 553 553 554 554 555 556 556 556 557 557 557 558 558 558 395 395 395 395 395 395 395 395 395 395 395 395 395 395 395 395 395 395 395 395 395 395 395 395
469 469 469 470 470 470 470 470 470 471 471 471 471 471 507 507 508 508 508 508 508 508 508 509 509 509 509 509 509 509 510 510 510 510 510 510 510 510 551 551 552 552 552 552 552 552 552 552 552 552 552 552 553 553 553 554 554 554 555 555 555 556 556 556 557 557 557 558 558 558 559 395 395 395 395 395 395 395 395 395 395 395 395 395 395 395 395 395 395 395 395 395 395 395
469 470 470 470 470 470 471 471 471 471 471 471 472 472 508 508 508 508 508 509 509 509 509 509 509 509 510 510 510 510 510 510 510 510 510 511 511 552 552 552 552 552 552 552 552 553 553 553 553 553 553 553 553 553 553 554 554 554 555 555 555 557 557 557 558 558 558 559 559 559 560 560 560 395 395 395 395 395 395 395 395 395 395 395 395 395 395 395 395 395 395 395 395 395
470 470 470 470 471 471 471 471 471 471 472 472 472 472 508 508 509 509 509 509 509 509 509 510 510 510 510 510 510 510 510 511 511 511 511 511 511 552 552 552 553 553 553 553 553 553 553 553 553 553 553 553 554 554 554 555 555 555 556 556 556 557 557 557 558 558 558 559 559 559 560 560 560 560 395 395 395 395 395 395 395 395 395 395 395 395 395 395 395 395 395 395 395 395
470 471 471 471 471 471 471 472 472 472 472 472 472 473 509 509 509 509 509 510 510 510 510 510 510 510 510 511 511 511 511 511 511 511 511 512 553 553 553 553 553 553 553 553 553 553 554 554 554 554 554 554 554 554 554 555 555 555 556 556 556 558 558 558 559 559 559 560 560 560 561 561 561 561 562 395 395 395 395 395 395 395 395 395 395 395 395 395 395 395 395 395 395 395
471 471 471 471 472 472 472 472 472 472 473 473 473 473 509 509 510 510 510 510 510 510 510 511 511 511 511 511 511 511 511 512 512 512 512 512 553 553 553 553 554 554 554 554 554 554 554 554 554 554 554 554 555 555 555 556 556 556 557 557 557 558 558 558 559 559 559 560 560 560 561 561 561 561 562 562 562 395 395 395 395 395 395 395 395 395 395 395 395 395 395 395 395 395
471 471 472 472 472 472 472 473 473 473 473 473 473 474 510 510 510 510 510 510 511 511 511 511 511 511 511 512 512 512 512 512 512 512 512 513 554 554 554 554 554 554 554 554 554 554 555 555 555 555 555 555 555 555 555 556 556 556 557 557 557 559 559 559 560 560 560 561 561 561 562 562 562 562 563 563 563 564 395 395 395 395 395 395 395 395 395 395 395 395 395 395 395 395
472 472 472 472 472 473 473 473 473 473 474 474 474 474 510 510 510 511 511 511 511 511 511 512 512 512 512 512 512 512 512 513 513 513 513 554 554 554 554 554 555 555 555 555 555 555 555 555 555 555 555 555 556 556 556 557 557 557 558 558 558 559 559 559 560 560 560 561 561 561 562 562 562 562 563 563 563 564 564 395 395 395 395 395 395 395 395 395 395 395 395 395 395 395
472 472 473 473 473 473 473 473 474 474 474 474 474 474 511 511 511 511 511 511 512 512 512 512 512 512 512 513 513 513 513 513 513 513 513 554 555 555 555 555 555 555 555 555 555 555 556 556 556 556 556 556 556 556 556 557 557 557 558 558 558 560 560 560 561 561 561 562 562 562 563 563 563 563 564 564 564 565 565 565 395 395 395 395 395 395 395 395 395 395 395 395 395 395
473 473 473 473 473 474 474 474 474 474 474 475 475 475 511 511 511 512 512 512 512 512 512 512 513 513 513 513 513 513 513 513 514 514 555 555 555 555 555 555 555 556 556 556 556 556 556 556 556 556 556 556 556 557 557 558 558 558 559 559 559 560 560 560 561 561 561 562 562 562 563 563 563 563 564 564 564 565 565 565 565 566 395 395 395 395 395 395 395 395 395 395 395 395
473 473 474 474 474 474 474 474 475 475 475 475 475 475 512 512 512 512 512 512 513 513 513 513 513 513 513 513 514 514 514 514 514 514 555 555 556 556 556 556 556 556 556 556 556 556 557 557 557 557 557 557 557 557 557 558 558 558 559 559 559 561 561 561 562 562 562 563 563 563 564 564 564 564 565 565 565 566 566 566 566 567 567 395 395 395 395 395 395 395 395 395 395 395
474 474 474 474 474 475 475 475 475 475 475 476 476 476 512 512 512 513 513 513 513 513 513 513 514 514 514 514 514 514 514 514 515 515 556 556 556 556 556 556 556 557 557 557 557 557 557 557 557 557 557 557 557 558 558 559 559 559 560 560 560 561 561 561 562 562 562 563 563 563 564 564 564 564 565 565 565 566 566 566 566 567 567 567 395 395 395 395 395 395 395 395 395 395
474 474 474 475 475 475 475 475 476 476 476 476 476 476 513 513 513 513 513 513 513 514 514 514 514 514 514 514 515 515 515 515 515 556 556 556 557 557 557 557 557 557 557 557 557 557 558 558 558 558 558 558 558 558 558 559 559 559 560 560 560 561 562 562 563 563 563 564 564 564 565 565 565 565 566 566 566 567 567 567 567 568 568 568 568 395 395 395 395 395 395 395 395 395
475 475 475 475 475 475 476 476 476 476 476 477 477 477 513 513 513 513 514 514 514 514 514 514 515 515 515 515 515 515 515 515 516 557 557 557 557 557 557 557 557 558 558 558 558 558 558 558 558 558 558 558 558 559 559 560 560 560 561 561 561 562 562 562 563 563 563 564 564 564 565 565 565 565 566 566 566 567 567 567 567 568 568 568 568 569 395 395 395 395 395 395 395 395
475 475 475 476 476 476 476 476 476 477 477 477 477 477 513 514 514 514 514 514 514 515 515 515 515 515 515 515 516 516 516 516 557 557 557 557 557 558 558 558 558 558 558 558 558 558 558 559 559 559 559 559 559 559 559 560 560 560 561 561 561 562 563 563 564 564 564 565 565 565 566 566 566 566 567 567 567 568 568 568 568 569 569 569 569 570 570 570 395 395 395 395 395 395
475 476 476 476 476 476 477 477 477 477 477 477 478 478 514 514 514 514 515 515 515 515 515 515 515 516 516 516 516 516 516 516 558 558 558 558 558 558 558 558 558 559 559 559 559 559 559 559 559 559 559 559 559 560 560 561 561 561 562 562 562 563 563 563 564 564 564 565 565 565 566 566 566 566 567 567 567 568 568 568 568 569 569 569 569 570 570 570 570 395 395 395 395 395
476 476 476 476 477 477 477 477 477 478 478 478 478 478 514 515 515 515 515 515 515 516 516 516 516 516 516 516 516 517 517 517 558 558 558 558 558 559 559 559 559 559 559 559 559 559 559 560 560 560 560 560 560 560 560 561 561 561 562 562 562 563 564 564 565 565 565 566 566 566 567 567 567 567 568 568 568 569 569 569 569 570 570 570 570 571 571 571 571 571 396 396 396 396
476 477 477 477 477 477 477 478 478 478 478 478 479 479 515 515 515 515 516 516 516 516 516 516 516 517 517 517 517 517 517 558 558 559 559 559 559 559 559 559 559 559 560 560 560 560 560 560 560 560 560 560 560 561 561 562 562 562 563 563 563 564 564 564 565 565 565 566 566 566 567 567 567 567 568 568 568 569 569 569 569 570 570 570 570 571 571 571 571 571 572 396 396 396
477 477 477 477 478 478 478 478 478 479 479 479 479 479 515 516 516 516 516 516 516 516 517 517 517 517 517 517 517 518 518 559 559 559 559 559 559 560 560 560 560 560 560 560 560 560 560 561 561 561 561 561 561 561 561 562 562 562 563 563 563 564 565 565 566 566 566 567 567 567 568 568 568 568 569 569 569 570 570 570 570 571 571 571 571 572 572 572 572 572 573 573 397 397
477 477 478 478 478 478 478 479 479 479 479 479 479 480 516 516 516 516 516 517 517 517 517 517 517 518 518 518 518 518 518 559 559 560 560 560 560 560 560 560 560 560 561 561 561 561 561 561 561 561 561 561 561 561 562 563 563 563 564 564 564 565 565 565 566 566 566 567 567 567 568 568 568 568 569 569 569 570 570 570 570 571 571 571 571 572 572 572 572 572 573 573 573 397
478 478 478 478 479 479 479 479 479 479 480 480 480 516 516 516 517 517 517 517 517 517 518 518 518 518 518 518 518 519 560 560 560 560 560 560 560 561 561 561 561 561 561 561 561 561 561 562 562 562 562 562 562 562 562 563 563 563 564 564 564 565 566 566 567 567 567 568 568 568 569 569 569 569 570 570 570 571 571 571 571 572 572 572 572 573 573 573 573 573 574 574 574 574
478 478 479 479 479 479 479 480 480 480 480 480 480 481 517 517 517 517 517 518 518 518 518 518 518 518 519 519 519 519 560 560 560 561 561 561 561 561 561 561 561 561 562 562 562 562 562 562 562 562 562 562 562 562 563 564 564 564 565 565 565 566 566 566 567 567 567 568 568 568 569 569 569 569 570 570 570 571 571 571 571 572 572 572 572 573 573 573 573 573 574 574 574 574
479 479 479 479 479 480 480 480 480 480 481 481 481 481 517 517 518 518 518 518 518 518 519 519 519 519 519 519 519 561 561 561 561 561 561 561 561 561 562 562 562 562 562 562 562 562 562 562 563 563 563 563 563 563 563 564 564 564 565 565 565 566 566 567 568 568 568 569 569 569 570 570 570 570 571 571 571 572 572 572 572 573 573 573 573 574 574 574 574 574 575 575 575 575
