testData/tiles/oneDegreeCosts/grid29.0-9.0-30.0-10.0.asc
ncols   200
nrows   200
xllcorner   29.0
yllcorner   9.0
cellsize   0.005
NODATA_value   -9999.0
[rows 84 to 125 of 200, columns 94 to 187 of 200]
464 464 464 464 464 464 464 464 464 463 463 463 462 463 553 552 553 553 552 552 553 552 551 552 551 551 551 551 551 551 551 551 551 550 551 551 550 550 551 550 550 550 550 550 550 549 550 550 549 549 549 550 550 643 643 644 644 644 644 645 645 645 645 645 646 646 646 646 646 647 647 647 647 647 648 648 648 648 648 649 649 649 649 649 650 653 654 657 658 660 662 665 666 668
465 465 466 465 465 465 465 465 464 464 464 464 554 554 554 554 554 554 553 554 554 552 553 553 552 552 553 552 552 552 552 552 552 551 552 552 551 552 552 551 551 552 551 551 551 550 551 551 550 550 551 551 551 644 645 645 645 645 645 646 646 646 646 647 647 647 647 647 648 648 648 648 648 649 649 649 649 649 649 650 650 650 650 651 652 654 655 658 659 661 665 666 668 669
466 466 467 466 466 467 466 465 466 465 465 556 555 555 555 555 555 555 555 554 554 553 554 554 553 554 554 553 553 554 553 553 553 553 553 553 552 553 553 552 552 553 552 552 552 552 552 552 551 552 552 552 552 552 646 646 646 646 647 647 647 647 647 648 648 648 648 648 649 649 649 649 649 650 650 650 650 650 651 651 651 652 652 653 654 655 657 658 661 662 665 667 669 670
467 468 467 467 468 466 466 466 466 556 556 556 556 556 556 556 556 555 555 555 554 555 555 555 554 555 555 554 554 555 554 554 555 554 554 554 554 554 554 553 554 554 553 553 554 553 553 553 552 553 553 553 553 554 554 647 647 647 648 648 648 648 649 649 649 649 649 650 650 650 650 650 651 651 651 651 651 651 652 653 653 654 654 656 657 657 658 659 661 664 666 667 670 671
468 469 468 467 468 467 467 468 557 557 558 557 557 557 557 557 557 556 556 556 555 556 556 555 556 556 555 555 556 555 555 555 555 555 555 554 555 555 554 554 555 554 554 554 554 554 554 553 554 554 554 554 554 555 555 555 648 649 649 649 649 649 650 650 650 650 650 651 651 651 651 651 652 652 652 652 652 654 654 655 655 656 657 658 659 659 660 660 662 665 667 668 671 672
470 470 468 469 469 468 558 559 558 558 559 558 558 559 558 557 557 557 557 557 557 557 557 556 557 557 556 556 557 556 556 556 556 556 556 556 556 556 555 555 556 555 555 555 555 555 555 554 555 555 555 555 556 556 556 556 556 650 650 650 650 650 651 651 651 651 651 652 652 652 652 652 653 653 653 654 654 656 656 657 658 658 659 660 661 661 662 662 663 665 668 669 671 673
470 470 469 470 470 559 560 560 559 560 560 559 559 560 558 558 559 558 558 558 558 558 558 557 558 558 557 558 558 557 557 558 557 557 557 557 557 557 556 557 557 556 556 557 556 556 556 555 556 556 556 556 557 557 557 557 557 558 651 651 651 651 652 652 652 652 652 653 653 653 653 653 654 655 655 656 656 658 659 659 660 660 661 662 663 663 664 664 665 666 668 670 672 673
471 470 470 561 560 560 561 560 560 561 560 560 559 559 559 559 560 559 559 559 559 559 559 559 559 559 558 559 559 558 558 559 558 558 558 558 558 558 557 558 558 557 557 558 557 557 557 556 557 557 557 557 558 558 558 558 558 559 652 652 652 653 653 653 653 653 654 654 654 654 654 655 656 657 657 658 658 660 661 661 662 662 663 664 665 665 666 666 667 668 669 670 673 674
472 471 562 562 561 561 562 561 561 562 561 560 561 560 560 560 560 560 560 559 560 560 559 560 560 559 559 560 559 559 559 559 559 559 559 559 559 559 558 559 559 558 558 559 558 558 558 557 558 558 558 558 559 559 559 559 559 560 560 653 653 653 654 654 654 654 654 655 655 656 656 657 658 659 659 660 661 662 663 663 664 664 665 666 667 667 668 668 669 670 671 671 673 675
563 562 563 563 562 563 563 562 562 562 561 561 562 561 561 561 561 561 561 561 561 561 560 561 561 560 560 561 560 560 560 560 560 560 559 560 560 559 559 560 559 559 559 559 559 559 558 558 559 559 559 559 560 560 560 560 560 561 561 561 654 654 655 655 655 655 655 656 657 658 658 659 660 661 661 662 663 664 665 665 666 666 667 668 669 669 670 670 671 672 673 673 674 676
563 563 564 564 563 564 564 562 562 563 562 562 563 562 562 562 562 562 562 562 562 562 561 562 562 561 561 562 561 561 561 561 561 561 560 561 561 560 560 561 560 560 560 560 561 561 560 560 561 561 561 561 562 562 562 562 562 563 563 563 563 656 657 657 657 657 658 659 660 660 660 661 662 663 663 664 665 665 667 667 668 668 669 670 671 671 672 672 673 673 675 675 676 676
564 564 565 564 564 565 563 563 563 563 563 563 563 563 563 563 563 563 563 563 563 563 562 563 563 562 562 563 562 562 562 562 562 562 561 563 563 562 562 563 562 562 562 562 562 562 561 561 562 562 562 562 563 563 563 563 563 564 564 564 564 564 658 658 659 659 660 661 662 663 663 664 664 666 666 667 668 668 669 669 670 670 671 671 673 673 674 674 675 675 677 677 678 678
565 565 566 565 564 565 564 564 564 564 564 564 564 564 564 563 564 564 563 563 564 563 563 564 563 563 563 563 564 564 564 564 564 564 563 564 564 563 563 564 563 563 563 562 563 563 562 562 563 563 563 563 563 564 564 564 564 564 565 565 565 565 566 660 661 661 662 662 664 665 665 666 666 668 668 669 669 670 671 672 673 673 674 674 675 675 676 676 677 677 677 679 679 680
566 566 566 565 565 566 565 565 565 565 565 565 565 565 565 564 565 565 564 564 565 564 564 566 565 565 565 565 565 565 564 565 565 564 564 565 564 564 564 564 564 564 563 563 564 563 563 563 563 564 564 564 564 565 565 565 565 565 566 566 566 567 568 569 663 663 664 664 666 667 667 668 668 669 670 671 671 672 672 674 674 675 675 676 676 678 678 679 679 680 679 681 681 682
567 566 566 566 566 566 566 566 566 566 566 566 565 566 566 565 566 566 565 566 567 566 566 566 566 566 566 565 566 566 565 565 566 565 565 565 565 565 565 564 565 565 564 564 564 564 564 564 564 565 565 565 565 565 566 566 566 566 566 568 568 569 570 570 572 665 666 666 667 669 669 670 670 671 672 673 673 674 674 675 676 677 677 678 678 679 680 681 681 682 682 683 684 685
567 567 567 567 567 566 567 567 566 567 567 566 566 567 566 567 567 567 567 567 568 567 567 567 567 567 567 566 567 567 566 566 567 566 566 566 566 566 566 565 565 566 565 565 565 565 565 565 565 565 566 566 566 566 567 567 567 567 568 570 570 571 571 572 574 574 668 668 669 669 671 672 672 673 673 675 675 676 676 677 677 679 679 680 680 681 681 683 683 684 684 684 685 686
568 568 567 568 568 567 568 568 567 567 568 568 568 569 568 568 568 568 568 568 568 568 568 567 567 568 567 567 567 567 567 567 567 567 567 567 566 567 567 566 566 567 566 566 566 565 566 566 566 566 567 567 567 567 567 568 569 569 570 571 572 573 573 574 575 576 670 670 671 671 673 673 674 675 675 676 677 678 678 679 679 680 681 682 682 683 683 683 685 685 686 686 687 687
569 568 568 569 569 568 568 569 569 569 570 569 569 569 569 569 569 569 569 569 568 569 569 568 568 569 568 568 568 568 568 568 567 568 568 567 567 568 567 567 567 567 567 567 566 566 567 567 567 567 567 568 568 568 569 569 571 571 572 573 573 575 575 576 576 577 579 672 673 673 674 675 676 676 677 677 678 679 680 680 681 681 682 683 684 684 685 685 686 687 688 688 689 689
570 569 569 570 569 570 570 570 570 570 570 570 570 570 570 570 570 569 570 570 569 569 570 569 569 569 569 569 569 568 569 569 568 568 569 568 568 568 568 568 568 567 567 568 567 567 567 568 568 568 568 568 569 570 570 571 572 573 574 574 575 576 577 578 578 579 579 581 675 675 676 676 677 678 679 679 680 680 682 682 683 683 684 684 686 686 687 687 688 688 688 690 690 691
570 570 571 571 571 571 571 570 571 571 570 571 571 570 570 571 570 570 570 570 570 570 570 570 570 570 570 570 570 569 570 570 569 569 569 569 569 569 568 569 569 568 568 569 568 568 568 568 569 569 569 570 570 572 572 573 574 574 576 576 577 578 578 580 580 581 581 582 583 677 677 678 679 679 681 681 682 682 683 684 685 685 686 686 686 687 688 689 689 690 690 691 692 693
572 572 572 572 571 572 572 571 572 572 571 571 572 571 571 572 571 571 571 571 571 571 570 571 571 570 570 571 570 570 570 570 570 570 569 569 570 570 569 569 570 569 569 569 569 569 569 569 569 570 571 571 572 573 574 575 575 576 577 578 579 579 580 581 582 583 583 584 584 586 679 680 680 681 681 683 683 684 684 685 685 687 687 688 688 689 689 691 691 692 692 692 693 693
572 572 573 572 572 573 572 572 572 573 572 572 573 572 572 572 572 572 572 571 572 572 571 571 572 571 571 571 571 571 571 570 571 571 570 570 571 570 570 570 570 570 570 569 569 570 570 570 570 571 573 573 574 575 575 577 577 578 579 579 581 581 582 582 583 584 585 586 586 587 587 682 682 683 683 684 685 686 686 687 687 688 689 690 690 690 691 691 692 693 694 694 695 695
573 573 574 573 573 573 573 573 573 573 573 573 573 573 573 572 572 573 573 572 572 573 572 572 572 572 572 572 571 572 572 571 571 572 571 571 571 571 571 571 570 570 571 570 570 570 570 572 572 573 574 575 576 576 577 578 579 580 580 581 582 583 584 584 585 585 586 587 588 588 589 589 684 684 685 685 686 686 688 688 689 689 690 690 692 692 693 693 694 694 695 696 696 697
574 574 574 574 574 574 573 574 574 573 574 574 573 573 574 573 573 573 573 573 573 573 573 573 572 572 573 572 572 572 573 572 572 572 572 572 572 571 571 572 571 571 571 571 571 571 572 573 574 575 575 576 577 578 579 579 580 581 582 583 583 584 584 586 587 587 588 588 590 590 591 591 592 685 687 687 688 688 689 689 691 691 692 692 692 693 694 695 695 696 696 697 698 698
575 575 574 574 575 574 574 574 575 574 574 575 574 574 574 574 574 574 573 574 574 573 573 574 573 573 573 573 573 573 573 573 573 572 572 573 572 572 572 572 572 572 572 571 572 573 574 574 575 577 577 578 578 579 581 581 582 582 583 585 585 586 586 587 588 589 589 590 590 591 592 593 593 594 687 689 689 690 690 691 691 693 693 694 694 695 695 695 697 697 698 698 699 699
575 576 575 575 575 575 575 575 575 575 575 575 575 575 574 574 575 575 574 574 575 574 574 574 574 574 574 573 574 574 573 573 574 573 573 573 572 573 573 572 572 573 572 573 573 574 576 576 577 577 579 580 580 581 581 583 584 584 585 585 586 587 588 589 589 590 591 592 592 593 593 595 595 596 596 690 690 692 692 693 693 693 694 695 696 696 697 697 698 698 699 700 700 701
576 576 576 576 576 575 576 576 575 575 576 575 575 576 575 575 575 575 575 575 575 575 575 574 574 575 575 574 574 575 574 574 574 573 574 574 573 573 574 573 573 573 574 575 575 576 576 578 579 579 580 581 582 583 583 584 584 586 587 587 588 588 590 590 591 591 592 592 594 594 595 595 596 597 598 598 692 692 693 694 695 695 696 696 697 698 698 699 699 700 700 701 702 702
577 576 576 577 576 576 576 577 576 576 576 576 576 576 576 576 576 575 576 576 575 575 576 575 575 575 575 575 575 574 574 575 574 574 574 575 574 574 574 574 574 575 575 575 577 578 578 579 579 581 582 582 583 583 585 586 586 587 587 589 589 590 590 591 593 593 594 594 595 595 597 597 598 598 599 600 601 694 694 695 695 697 697 698 698 699 699 700 701 701 702 702 703 703
577 577 577 577 577 577 577 577 577 577 576 576 577 576 576 576 577 576 576 576 576 576 576 575 576 576 575 575 576 575 575 575 575 575 575 575 575 575 574 575 575 576 577 577 578 578 580 581 581 582 583 584 585 585 586 587 588 588 589 590 590 592 592 593 593 594 595 596 596 597 597 598 599 600 600 601 601 603 696 697 697 697 698 698 700 700 701 701 702 702 703 704 704 705
578 577 578 578 577 577 578 577 577 578 577 577 577 577 577 577 577 577 577 576 576 577 576 576 576 577 576 576 576 576 576 576 575 575 576 575 575 575 576 576 577 577 577 579 580 580 581 582 583 584 584 585 586 587 588 588 589 590 591 591 592 592 594 594 595 595 596 596 598 598 599 599 600 600 602 602 603 603 604 697 699 699 700 700 700 701 702 703 703 704 704 704 705 706
578 578 578 578 578 578 578 578 578 578 577 578 578 577 578 578 577 577 578 577 577 577 577 577 577 577 577 577 576 576 576 576 576 576 576 576 576 577 576 577 579 578 579 580 581 582 583 583 584 585 586 587 587 588 589 590 590 591 591 593 593 594 595 595 596 597 598 598 599 599 601 601 602 602 603 603 604 605 605 606 699 700 701 702 702 703 703 703 704 705 706 706 706 707
578 579 579 578 579 579 578 578 579 578 578 578 578 578 578 578 578 578 578 577 578 578 577 577 578 577 577 577 577 577 577 576 577 577 576 576 577 578 578 579 579 580 581 581 582 583 584 585 585 586 587 588 589 589 590 590 592 593 593 594 594 596 596 597 597 598 598 600 600 601 601 602 603 604 604 605 605 606 607 607 608 701 702 702 703 704 705 705 705 706 706 708 708 708
579 579 580 579 579 579 579 579 579 578 579 579 578 579 579 578 578 579 578 578 578 578 578 578 578 578 578 578 577 577 578 577 577 577 577 578 579 578 579 581 580 581 582 583 584 584 585 586 587 588 588 589 589 591 592 592 593 593 595 595 596 596 597 598 599 599 600 600 601 602 603 603 604 604 605 606 607 607 608 608 609 610 703 704 704 705 705 707 707 707 708 708 709 709
580 580 579 579 580 579 579 580 579 579 579 580 579 579 579 579 579 579 578 579 579 578 578 579 578 578 578 578 578 578 578 578 578 578 578 579 580 580 581 581 582 583 583 584 584 586 587 587 588 588 590 591 591 592 592 594 594 595 595 596 597 598 599 599 600 600 602 602 603 603 603 604 605 606 606 607 607 609 609 610 610 611 611 704 706 706 707 707 708 708 709 710 710 711
580 581 580 580 580 580 580 580 579 580 580 579 579 580 579 579 579 580 579 579 579 579 579 579 578 579 579 578 578 579 578 578 579 579 580 581 580 581 582 582 583 583 585 586 586 587 587 589 590 590 591 591 593 593 594 594 595 597 597 598 598 599 599 601 601 602 602 603 604 605 605 606 606 607 608 608 609 609 610 610 612 612 613 613 706 707 707 709 709 710 710 710 711 711
581 580 580 581 581 580 580 581 580 580 581 580 580 580 580 580 580 580 580 580 579 579 580 579 579 579 579 579 579 579 578 580 580 580 581 582 582 583 583 583 584 585 586 586 587 588 589 590 590 592 592 593 593 594 595 596 597 597 598 598 600 600 601 601 602 603 604 604 605 605 606 607 608 608 609 609 609 611 611 612 612 613 613 615 615 708 709 709 710 710 711 712 712 713
581 581 581 581 581 581 581 581 581 581 581 580 581 581 580 580 581 580 580 580 580 580 580 579 580 580 579 579 580 579 580 580 581 582 582 583 583 584 585 584 585 586 587 588 588 589 590 591 592 592 593 593 595 596 596 597 597 599 599 600 600 601 602 603 603 604 604 605 606 607 607 608 608 609 610 611 611 611 612 612 614 614 615 615 616 616 710 711 711 712 712 712 713 714
582 581 582 582 581 581 582 581 581 581 581 581 581 581 581 581 580 580 581 581 580 580 581 580 580 580 580 580 580 580 580 582 582 582 583 584 584 585 585 585 587 587 588 589 590 591 591 592 592 594 595 595 596 596 598 598 599 599 600 600 602 602 603 603 604 605 606 606 607 607 608 609 610 610 611 611 612 613 613 614 614 615 615 617 617 617 618 711 712 712 714 714 714 715
582 582 582 582 582 582 582 581 582 582 581 581 582 581 581 581 581 581 581 581 581 581 580 580 581 581 580 580 582 581 582 583 582 584 585 584 585 586 586 587 587 588 590 590 591 591 592 593 594 595 595 596 597 598 598 599 599 601 601 602 602 603 604 605 605 606 606 607 608 609 609 610 610 611 612 613 613 614 614 614 616 616 617 617 618 618 619 620 713 714 714 714 715 716
582 582 583 582 582 582 582 582 582 582 582 582 582 581 582 582 581 581 582 581 581 581 581 581 581 581 581 582 582 582 584 583 584 585 585 586 587 587 587 588 589 590 590 591 592 593 593 594 595 596 597 597 598 598 600 600 601 601 602 603 604 605 605 606 606 607 608 608 609 609 610 611 612 612 613 613 614 615 615 616 616 617 617 619 619 619 620 620 621 714 716 716 716 717
583 583 583 582 583 583 582 582 583 582 582 582 582 582 582 582 582 582 581 581 582 582 581 581 582 581 582 582 583 584 584 584 585 586 586 586 587 588 588 589 590 590 592 592 593 593 594 596 596 597 597 598 599 600 600 601 602 603 604 604 605 605 607 607 608 608 609 609 610 611 611 612 612 613 614 615 615 616 616 616 618 618 619 619 620 620 620 622 622 623 716 716 717 717
583 583 583 583 583 583 583 583 583 582 583 583 582 582 583 582 582 582 582 582 582 582 582 582 582 582 583 584 584 584 585 586 586 587 586 588 589 588 589 590 591 592 592 593 594 595 596 596 597 598 599 599 600 600 601 603 603 604 604 605 606 607 607 608 608 610 610 610 611 611 612 613 614 614 615 615 616 617 617 618 618 619 619 620 621 621 622 622 623 623 624 718 718 719
