testData/tiles/oneDegreeCosts/grid19.0-26.0-20.0-27.0.asc
ncols   200
nrows   200
xllcorner   19.0
yllcorner   26.0
cellsize   0.005
NODATA_value   -9999.0
[rows 126 to 167 of 200, columns 0 to 93 of 200]
361 361 361 361 361 361 361 361 361 361 371 371 371 371 371 371 371 371 371 371 371 371 371 371 371 371 371 371 371 371 371 371 371 371 371 371 371 371 371 371 371 309 309 309 309 309 309 309 309 309 309 309 309 309 309 309 309 309 309 309 309 309 309 309 309 309 309 309 309 309 309 309 309 309 309 309 309 309 309 309 309 309 309 309 309 309 309 309 309 309 309 309 309 309
361 361 361 361 361 361 361 361 361 361 371 371 371 371 371 371 371 371 371 371 371 371 371 371 371 371 371 371 371 371 371 371 371 371 371 371 371 371 371 371 309 309 309 309 309 309 309 309 309 309 309 309 309 309 309 309 309 309 309 309 309 309 309 309 309 309 309 309 309 309 309 309 309 309 309 309 309 309 309 309 309 309 309 309 309 309 309 309 309 309 309 309 309 309
361 361 361 361 361 361 361 361 361 361 371 371 371 371 371 371 371 371 371 371 371 371 371 371 371 371 371 371 371 371 371 371 371 371 371 371 371 371 371 371 309 309 309 309 309 309 309 309 309 309 309 309 309 309 309 309 309 309 309 309 309 309 309 309 309 309 309 309 309 309 309 309 309 309 309 309 309 309 309 309 309 309 309 309 309 309 309 309 309 309 309 309 309 309
361 361 361 361 361 361 361 361 361 361 371 371 371 371 371 371 371 371 371 371 371 371 371 371 371 371 371 371 371 371 371 371 371 371 371 371 371 371 371 309 309 309 309 309 309 309 309 309 309 309 309 309 309 309 309 309 309 309 309 309 309 309 309 309 309 309 309 309 309 309 309 309 309 309 309 309 309 309 309 309 309 309 309 309 309 309 309 309 309 309 309 309 309 309
361 361 361 361 361 361 361 361 361 361 361 371 371 371 371 371 371 371 371 371 371 371 371 371 371 371 371 371 371 371 371 371 371 371 371 371 371 371 371 309 309 309 309 309 309 309 309 309 309 309 309 309 309 309 309 309 309 309 309 309 309 309 309 309 309 309 309 309 309 309 309 309 309 309 309 309 309 309 309 309 309 309 309 309 309 309 309 309 309 309 309 309 309 309
361 361 361 361 361 361 361 361 361 361 361 371 371 371 371 371 371 371 371 371 371 371 371 371 371 371 371 371 371 371 371 371 371 371 371 371 371 371 371 309 309 309 309 309 309 309 309 309 309 309 309 309 309 309 309 309 309 309 309 309 309 309 309 309 309 309 309 309 309 309 309 309 309 309 309 309 309 309 309 309 309 309 309 309 309 309 309 309 309 309 309 309 309 309
361 361 361 361 361 361 361 361 361 361 361 371 371 371 371 371 371 371 371 371 371 371 371 371 371 371 371 371 371 371 371 371 371 371 371 371 371 371 309 309 309 309 309 309 309 309 309 309 309 309 309 309 309 309 309 309 309 309 309 309 309 309 309 309 309 309 309 309 309 309 309 309 309 309 309 309 309 309 309 309 309 309 309 309 309 309 309 309 309 309 309 309 309 309
361 361 361 361 361 361 361 361 361 361 361 371 371 371 371 371 371 371 371 371 371 371 371 371 371 371 371 371 371 371 371 371 371 371 371 371 371 371 309 309 309 309 309 309 309 309 309 309 309 309 309 309 309 309 309 309 309 309 309 309 309 309 309 309 309 309 309 309 309 309 309 309 309 309 309 309 309 309 309 309 309 309 309 309 309 309 309 309 309 309 309 309 309 309
361 361 361 361 361 361 361 361 361 361 361 371 371 371 371 371 371 371 371 371 371 371 371 371 371 371 371 371 371 371 371 371 371 371 371 371 371 309 309 309 309 309 309 309 309 309 309 309 309 309 309 309 309 309 309 309 309 309 309 309 309 309 309 309 309 309 309 309 309 309 309 309 309 309 309 309 309 309 309 309 309 309 309 309 309 309 309 309 309 309 309 309 309 309
361 361 361 361 361 361 361 361 361 361 361 361 371 371 371 371 371 371 371 371 371 371 371 371 371 371 371 371 371 371 371 371 371 371 371 371 371 309 309 309 309 309 309 309 309 309 309 309 309 309 309 309 309 309 309 309 309 309 309 309 309 309 309 309 309 309 309 309 309 309 309 309 309 309 309 309 309 309 309 309 309 309 309 309 309 309 309 309 309 309 309 309 309 309
361 361 361 361 361 361 361 361 361 361 361 361 371 371 371 371 371 371 371 371 371 371 371 371 371 371 371 371 371 371 371 371 371 371 371 371 309 309 309 309 309 309 309 309 309 309 309 309 309 309 309 309 309 309 309 309 309 309 309 309 309 309 309 309 309 309 309 309 309 309 309 309 309 309 309 309 309 309 309 309 309 309 309 309 309 309 309 309 309 309 309 309 309 309
361 361 361 361 361 361 361 361 361 361 361 361 371 371 371 371 371 371 371 371 371 371 371 371 371 371 371 371 371 371 371 371 371 371 371 371 309 309 309 309 309 309 309 309 309 309 309 309 309 309 309 309 309 309 309 309 309 309 309 309 309 309 309 309 309 309 309 309 309 309 309 309 309 309 309 309 309 309 309 309 309 309 309 309 309 309 309 309 309 309 309 309 309 309
361 361 361 361 361 361 361 361 361 361 361 361 371 371 371 371 371 371 371 371 371 371 371 371 371 371 371 371 371 371 371 371 371 371 371 309 309 309 309 309 309 309 309 309 309 309 309 309 309 309 309 309 309 309 309 309 309 309 309 309 309 309 309 309 309 309 309 309 309 309 309 309 309 309 309 309 309 309 309 309 309 309 309 309 309 309 309 309 309 309 309 309 309 309
361 361 361 361 361 361 361 361 361 361 361 361 371 371 371 371 371 371 371 371 371 371 371 371 371 371 371 371 371 371 371 371 371 371 371 309 309 309 309 309 309 309 309 309 309 309 309 309 309 309 309 309 309 309 309 309 309 309 309 309 309 309 309 309 309 309 309 309 309 309 309 309 309 309 309 309 309 309 309 309 309 309 309 309 309 309 309 309 309 309 309 309 309 309
361 361 361 361 361 361 361 361 361 361 361 361 371 371 371 371 371 371 371 371 371 371 371 371 371 371 371 371 371 371 371 371 371 371 309 309 309 309 309 309 309 309 309 309 309 309 309 309 309 309 309 309 309 309 309 309 309 309 309 309 309 309 309 309 309 309 309 309 309 309 309 309 309 309 309 309 309 309 309 309 309 309 309 309 309 309 309 309 309 309 309 309 309 309
361 361 361 361 361 361 361 361 361 361 361 361 361 371 371 371 371 371 371 371 371 371 371 371 371 371 371 371 371 371 371 371 371 371 309 309 309 309 309 309 309 309 309 309 309 309 309 309 309 309 309 309 309 309 309 309 309 309 309 309 309 309 309 309 309 309 309 309 309 309 309 309 309 309 309 309 309 309 309 309 309 309 309 309 309 309 309 309 309 309 309 309 309 309
361 361 361 361 361 361 361 361 361 361 361 361 361 371 371 371 371 371 371 371 371 371 371 371 371 371 371 371 371 371 371 371 371 309 309 309 309 309 309 309 309 309 309 309 309 309 309 309 309 309 309 309 309 309 309 309 309 309 309 309 309 309 309 309 309 309 309 309 309 309 309 309 309 309 309 309 309 309 309 309 309 309 309 309 309 309 309 309 309 309 309 309 309 309
361 361 361 361 361 361 361 361 361 361 361 361 361 371 371 371 371 371 371 371 371 371 371 371 371 371 371 371 371 371 371 371 371 309 309 309 309 309 309 309 309 309 309 309 309 309 309 309 309 309 309 309 309 309 309 309 309 309 309 309 309 309 309 309 309 309 309 309 309 309 309 309 309 309 309 309 309 309 309 309 309 309 309 309 309 309 309 309 309 309 309 309 309 309
361 361 361 361 361 361 361 361 361 361 361 361 361 371 371 371 371 371 371 371 371 371 371 371 371 371 371 371 371 371 371 371 309 309 309 309 309 309 309 309 309 309 309 309 309 309 309 309 309 309 309 309 309 309 309 309 309 309 309 309 309 309 309 309 309 309 309 309 309 309 309 309 309 309 309 309 309 309 309 309 309 309 309 309 309 309 309 309 309 309 309 309 309 309
361 361 361 361 361 361 361 361 361 361 361 361 361 361 371 371 371 371 371 371 371 371 371 371 371 371 371 371 371 371 371 371 309 309 309 309 309 309 309 309 309 309 309 309 309 309 309 309 309 309 309 309 309 309 309 309 309 309 309 309 309 309 309 309 309 309 309 309 309 309 309 309 309 309 309 309 309 309 309 309 309 309 309 309 309 309 309 309 309 309 309 388 388 388
361 361 361 361 361 361 361 361 361 361 361 361 361 361 371 371 371 371 371 371 371 371 371 371 371 371 371 371 371 371 371 309 309 309 309 309 309 309 309 309 309 309 309 309 309 309 309 309 309 309 309 309 309 309 309 309 309 309 309 309 309 309 309 309 309 309 309 309 309 309 309 309 309 309 309 309 309 309 309 309 309 309 309 309 309 309 388 388 388 388 388 388 388 388
361 361 361 361 361 361 361 361 361 361 361 361 361 361 371 371 371 371 371 371 371 371 371 371 371 371 371 371 371 371 371 309 309 309 309 309 309 309 309 309 309 309 309 309 309 309 309 309 309 309 309 309 309 309 309 309 309 309 309 309 309 309 309 309 309 309 309 309 309 309 309 309 309 309 309 309 309 309 309 309 309 309 388 388 388 388 388 388 388 388 388 388 388 388
361 361 361 361 361 361 361 361 361 361 361 362 362 362 372 372 372 372 372 372 372 372 372 372 371 371 371 371 371 371 309 309 309 309 309 309 309 309 309 309 309 309 309 309 309 309 309 309 309 309 309 309 309 309 309 309 309 309 309 309 309 309 309 309 309 309 309 309 309 309 309 309 309 309 309 309 309 309 388 388 388 388 388 388 388 388 388 388 388 388 388 388 388 388
361 361 361 361 361 361 362 362 362 363 363 363 363 363 374 374 374 374 374 374 374 373 373 373 373 373 372 372 372 371 309 309 309 309 309 309 309 309 309 309 309 309 309 309 309 309 309 309 309 309 309 309 309 309 309 309 309 309 309 309 309 309 309 309 309 309 309 309 309 309 309 309 309 309 309 388 388 388 388 388 388 388 388 388 388 388 388 388 388 388 388 388 388 388
361 361 361 362 362 363 363 363 364 364 364 364 365 365 365 375 375 375 375 375 375 375 375 374 374 374 374 373 373 311 310 310 309 309 309 309 309 309 309 309 309 309 309 309 309 309 309 309 309 309 309 309 309 309 309 309 309 309 309 309 309 309 309 309 309 309 309 309 309 309 309 388 388 388 388 388 388 388 388 388 388 388 388 388 388 388 388 388 388 388 388 388 388 388
362 362 363 363 364 364 364 365 365 365 366 366 366 366 366 376 376 376 376 376 376 376 376 376 376 375 375 375 374 312 312 311 311 310 310 309 309 309 309 309 309 309 309 309 309 309 309 309 309 309 309 309 309 309 309 309 309 309 309 309 309 309 309 309 309 309 309 309 388 388 388 388 388 388 388 388 388 388 388 388 388 388 388 388 388 388 388 388 388 388 388 388 388 388
363 364 364 365 365 365 366 366 366 367 367 367 367 368 368 378 378 378 378 378 378 378 377 377 377 377 376 376 314 313 313 313 312 312 311 311 310 309 309 309 309 309 309 309 309 309 309 309 309 309 309 309 309 309 309 309 309 309 309 309 309 309 309 309 309 388 388 388 388 388 388 388 388 388 388 388 388 388 388 388 388 388 388 388 388 388 388 388 388 388 388 388 388 388
364 365 365 366 366 367 367 368 368 368 368 369 369 369 369 379 379 379 379 379 379 379 379 379 378 378 378 378 315 315 314 314 313 313 312 312 311 311 310 309 309 309 309 309 309 309 309 309 309 309 309 309 309 309 309 309 309 309 309 309 309 309 388 388 388 388 388 388 388 388 388 388 388 388 388 388 388 388 388 388 388 388 388 388 388 388 388 388 388 388 388 388 388 388
366 366 367 367 368 368 369 369 369 370 370 370 370 370 371 371 381 381 381 381 381 380 380 380 380 380 379 317 317 316 316 315 315 314 314 313 313 312 311 311 310 309 309 309 309 309 309 309 309 309 309 309 309 309 309 309 309 309 309 388 388 388 388 388 388 388 388 388 388 388 388 388 388 388 388 388 388 388 388 388 388 388 388 388 388 388 388 388 388 388 388 388 388 388
367 368 368 369 369 369 370 370 371 371 371 371 372 372 372 372 382 382 382 382 382 382 382 381 381 381 319 318 318 317 317 317 316 316 315 314 314 313 312 312 311 310 310 309 309 309 309 309 309 309 309 309 309 309 309 309 388 388 388 388 388 388 388 388 388 388 388 388 388 388 388 388 388 388 388 388 388 388 388 388 388 388 388 388 388 388 388 388 388 388 388 388 388 388
368 369 369 370 370 371 371 372 372 372 373 373 373 373 373 373 383 383 383 383 383 383 383 383 383 382 320 320 319 319 318 318 317 317 316 316 315 314 314 313 312 312 311 310 309 309 309 309 309 309 309 309 309 388 388 388 388 388 388 388 388 388 388 388 388 388 388 388 388 388 388 388 388 388 388 388 388 388 388 388 388 388 388 388 388 388 388 388 388 388 388 388 388 388
370 370 371 371 372 372 373 373 373 374 374 374 374 375 375 375 385 385 385 385 385 385 384 384 384 322 321 321 321 320 320 319 319 318 318 317 316 316 315 314 313 313 312 311 310 309 309 309 309 309 309 388 388 388 388 388 388 388 388 388 388 388 388 388 388 388 388 388 388 388 388 388 388 388 388 388 388 388 388 388 388 388 388 388 388 388 388 388 388 388 388 388 388 388
371 371 372 373 373 373 374 374 375 375 375 376 376 376 376 376 376 386 386 386 386 386 386 386 385 323 323 322 322 321 321 321 320 319 319 318 318 317 316 315 315 314 313 312 311 310 310 309 388 388 388 388 388 388 388 388 388 388 388 388 388 388 388 388 388 388 388 388 388 388 388 388 388 388 388 388 388 388 388 388 388 388 388 388 388 388 388 388 388 388 388 388 388 388
372 373 373 374 374 375 375 376 376 376 377 377 377 377 378 378 378 388 388 388 388 387 387 387 325 324 324 324 323 323 322 322 321 321 320 319 319 318 317 317 316 315 314 313 312 391 390 389 388 388 388 388 388 388 388 388 388 388 388 388 388 388 388 388 388 388 388 388 388 388 388 388 388 388 388 388 388 388 388 388 388 388 388 388 388 388 388 388 388 388 388 388 388 388
373 374 375 375 376 376 377 377 377 378 378 378 379 379 379 379 379 389 389 389 389 389 389 388 326 326 325 325 325 324 324 323 323 322 321 321 320 319 319 318 317 316 315 393 393 392 391 390 389 388 388 388 388 388 388 388 388 388 388 388 388 388 388 388 388 388 388 388 388 388 388 388 388 388 388 388 388 388 388 388 388 388 388 388 388 388 388 388 388 388 388 388 388 388
375 375 376 376 377 377 378 378 379 379 379 380 380 380 380 380 380 391 390 390 390 390 390 328 327 327 327 326 326 325 325 324 324 323 323 322 321 320 320 319 318 396 395 395 394 393 392 391 390 389 388 388 388 388 388 388 388 388 388 388 388 388 388 388 388 388 388 388 388 388 388 388 388 388 388 388 388 388 388 388 388 388 388 388 388 388 388 388 388 388 388 388 388 388
376 376 377 378 378 379 379 380 380 380 381 381 381 382 382 382 382 382 392 392 392 392 391 329 329 328 328 328 327 327 326 326 325 324 324 323 322 322 400 399 398 397 397 396 395 394 393 392 391 390 389 388 388 388 388 388 388 388 388 388 388 388 388 388 388 388 388 388 388 388 388 388 388 388 388 388 388 388 388 388 388 388 388 388 388 388 388 388 388 388 388 388 388 388
377 378 378 379 380 380 381 381 381 382 382 382 383 383 383 383 383 383 393 393 393 393 331 330 330 330 329 329 329 328 328 327 326 326 325 324 403 402 401 400 399 398 398 397 396 395 394 393 392 391 390 389 388 388 388 388 388 388 388 388 388 388 388 388 388 388 388 388 388 388 388 388 388 388 388 388 388 388 388 388 388 388 388 388 388 388 388 388 388 388 388 388 388 388
378 379 380 380 381 381 382 382 383 383 384 384 384 384 385 385 385 385 395 395 395 332 332 332 332 331 331 330 330 329 329 328 328 327 405 405 404 403 402 401 400 400 399 398 397 396 395 394 393 392 391 390 389 388 388 388 388 388 388 388 388 388 388 388 388 388 388 388 388 388 388 388 388 388 388 388 388 388 388 388 388 388 388 388 388 388 388 388 388 388 388 388 388 388
379 380 381 381 382 383 383 384 384 385 385 385 386 386 386 386 386 386 386 396 396 334 334 333 333 333 332 332 331 331 330 408 408 407 406 406 405 404 403 402 402 401 400 399 398 397 396 395 394 393 392 391 389 388 388 388 388 388 388 388 388 388 388 388 388 388 388 388 388 388 388 388 388 388 388 388 388 388 388 388 388 388 388 388 388 388 388 388 388 388 388 388 388 388
381 381 382 383 383 384 385 385 385 386 386 387 387 387 387 387 388 388 388 397 335 335 335 335 334 334 333 333 333 411 410 410 409 408 408 407 406 405 404 404 403 402 401 400 399 398 397 396 395 394 393 391 390 389 388 388 388 388 388 388 388 388 388 388 388 388 388 388 388 388 388 388 388 388 388 388 388 388 388 388 388 388 388 388 388 388 388 388 388 388 388 388 388 388
382 383 383 384 385 385 386 386 387 387 388 388 388 389 389 389 389 389 389 399 337 337 336 336 336 335 335 413 413 412 412 411 410 410 409 408 407 406 406 405 404 403 402 401 400 399 398 397 396 395 393 392 391 390 389 388 388 388 388 388 388 388 388 388 388 388 388 388 388 388 388 388 388 388 388 388 388 388 388 388 388 388 388 388 388 388 388 388 388 388 388 388 388 388
