testData/tiles/oneDegreeCosts/grid38.0-40.0-39.0-41.0.asc
ncols   200
nrows   200
xllcorner   38.0
yllcorner   40.0
cellsize   0.005
NODATA_value   -9999.0
[rows 0 to 37 of 200, columns 84 to 167 of 200]
1107 1107 1109 1110 1111 1112 1115 1117 1118 1120 1122 1125 1126 1129 1131 1132 1135 1136 1138 1140 1140 1144 1146 1146 1149 1149 1150 1152 1154 1155 1157 1158 1160 1160 1161 1163 1165 1165 1166 1168 1169 1170 1172 1174 1174 1175 1177 1177 1178 1180 1181 1183 1185 1186 1190 1191 1192 1195 1196 1197 1197 1354 1354 1357 1358 1360 1362 1363 1365 1366 1368 1370 1372 1373 1375 1378 1379 1380 1382 1384 1385 1387 1389 1390
1107 1107 1109 1110 1109 1110 1113 1116 1118 1121 1123 1123 1125 1127 1130 1132 1134 1136 1137 1138 1141 1142 1144 1145 1147 1149 1150 1150 1153 1153 1156 1156 1158 1160 1161 1162 1164 1165 1167 1167 1168 1170 1170 1171 1174 1174 1175 1177 1178 1180 1182 1183 1185 1187 1187 1190 1192 1193 1196 1198 1351 1353 1355 1356 1359 1359 1361 1364 1364 1366 1369 1370 1371 1372 1375 1376 1377 1380 1381 1382 1384 1387 1388 1389
1105 1107 1108 1109 1109 1110 1113 1115 1117 1119 1122 1123 1126 1127 1129 1130 1133 1135 1136 1138 1141 1141 1142 1145 1146 1147 1149 1151 1153 1154 1154 1157 1158 1158 1160 1162 1164 1164 1165 1168 1168 1168 1171 1171 1171 1174 1176 1175 1178 1180 1180 1183 1185 1187 1188 1190 1192 1193 1195 1400 1351 1351 1355 1357 1357 1359 1362 1363 1364 1366 1368 1369 1371 1373 1374 1375 1378 1379 1380 1382 1384 1385 1386 1389
1105 1106 1107 1108 1109 1111 1112 1113 1116 1118 1122 1123 1125 1127 1127 1129 1132 1134 1137 1137 1139 1141 1142 1143 1145 1146 1148 1151 1152 1153 1154 1156 1156 1158 1159 1161 1161 1164 1166 1165 1167 1169 1169 1170 1172 1173 1173 1175 1177 1180 1181 1183 1185 1186 1187 1190 1192 1192 1398 1400 1351 1352 1354 1355 1357 1358 1361 1363 1364 1366 1367 1369 1371 1372 1374 1375 1377 1379 1380 1382 1383 1384 1387 1388
1105 1106 1107 1107 1108 1110 1112 1113 1116 1118 1118 1121 1124 1126 1128 1129 1131 1132 1134 1136 1139 1139 1141 1143 1145 1146 1147 1149 1150 1152 1154 1155 1156 1158 1159 1159 1161 1162 1164 1164 1167 1168 1169 1170 1171 1172 1173 1175 1177 1178 1180 1182 1185 1186 1188 1190 1191 1193 1398 1351 1351 1351 1354 1355 1356 1358 1361 1361 1363 1365 1367 1369 1370 1373 1373 1375 1377 1378 1380 1381 1382 1384 1386 1388
1104 1105 1106 1107 1108 1109 1110 1113 1114 1117 1118 1120 1123 1124 1126 1129 1130 1132 1134 1135 1137 1138 1141 1143 1143 1144 1147 1149 1149 1151 1152 1155 1155 1156 1159 1159 1160 1162 1162 1163 1165 1167 1168 1169 1171 1172 1173 1175 1178 1178 1180 1183 1183 1185 1187 1189 1191 1395 1398 1351 1351 1352 1354 1354 1357 1358 1359 1361 1363 1365 1365 1368 1370 1370 1372 1374 1376 1378 1379 1382 1382 1384 1385 1386
1103 1105 1105 1107 1107 1108 1108 1111 1114 1115 1118 1120 1121 1123 1125 1128 1130 1130 1133 1135 1135 1138 1139 1140 1143 1145 1146 1147 1148 1151 1151 1152 1154 1156 1156 1159 1160 1161 1162 1163 1165 1165 1166 1168 1169 1171 1173 1175 1176 1178 1180 1182 1183 1185 1187 1188 1393 1395 1397 1351 1351 1351 1352 1355 1356 1358 1359 1361 1363 1363 1366 1367 1368 1370 1372 1374 1374 1376 1379 1379 1381 1382 1384 1386
1103 1103 1105 1106 1107 1107 1108 1110 1113 1113 1116 1119 1121 1122 1125 1126 1128 1130 1132 1135 1135 1136 1139 1140 1141 1143 1145 1146 1149 1149 1151 1152 1153 1155 1156 1157 1159 1160 1161 1163 1164 1164 1167 1167 1168 1171 1172 1174 1177 1178 1180 1182 1183 1185 1187 1391 1393 1394 1396 1351 1351 1351 1351 1354 1356 1357 1359 1361 1362 1364 1365 1367 1368 1370 1372 1372 1374 1376 1377 1379 1380 1382 1383 1385
1102 1103 1104 1105 1107 1107 1107 1109 1110 1113 1115 1118 1120 1121 1123 1126 1127 1130 1130 1132 1135 1136 1138 1139 1140 1142 1144 1144 1147 1149 1150 1151 1153 1153 1155 1156 1158 1159 1160 1162 1163 1164 1165 1168 1168 1170 1173 1173 1175 1177 1179 1181 1183 1185 1389 1391 1393 1395 1351 1351 1351 1351 1351 1354 1354 1356 1357 1360 1362 1363 1365 1366 1368 1370 1370 1373 1374 1376 1376 1378 1381 1381 1383 1384
1102 1103 1104 1104 1104 1105 1107 1109 1111 1113 1115 1116 1117 1121 1123 1124 1126 1128 1130 1131 1133 1136 1136 1138 1141 1141 1142 1144 1146 1146 1149 1151 1152 1153 1154 1156 1156 1158 1159 1161 1161 1163 1166 1166 1168 1171 1172 1173 1176 1177 1178 1181 1182 1386 1388 1391 1393 1393 1351 1351 1351 1351 1351 1353 1354 1356 1358 1358 1360 1363 1363 1365 1366 1369 1371 1372 1374 1374 1376 1378 1379 1381 1382 1384
1101 1102 1103 1104 1104 1105 1107 1108 1110 1112 1114 1116 1118 1119 1121 1123 1125 1128 1129 1130 1132 1134 1136 1137 1139 1141 1142 1143 1145 1146 1147 1149 1149 1152 1154 1155 1155 1158 1158 1159 1161 1162 1164 1166 1168 1170 1172 1173 1175 1176 1178 1180 1182 1386 1388 1390 1391 1393 1351 1351 1351 1351 1351 1351 1354 1356 1356 1358 1360 1362 1363 1364 1367 1367 1369 1371 1371 1373 1375 1377 1378 1380 1381 1382
1100 1101 1103 1103 1103 1105 1106 1106 1108 1112 1114 1114 1117 1119 1119 1122 1124 1126 1128 1130 1131 1132 1134 1136 1138 1140 1141 1143 1144 1145 1147 1148 1150 1150 1152 1154 1155 1156 1158 1159 1160 1162 1164 1165 1167 1169 1170 1173 1176 1176 1178 1181 1384 1386 1387 1390 1391 1392 1351 1351 1351 1351 1351 1352 1354 1355 1356 1358 1360 1361 1362 1365 1365 1367 1368 1370 1372 1373 1375 1375 1377 1378 1379 1380
1100 1100 1101 1101 1104 1105 1106 1106 1108 1109 1111 1114 1116 1119 1119 1120 1123 1124 1126 1129 1130 1131 1134 1136 1135 1138 1140 1141 1143 1144 1146 1146 1148 1150 1151 1152 1153 1155 1156 1158 1161 1161 1163 1166 1167 1168 1170 1172 1173 1175 1178 1383 1384 1386 1388 1389 1390 1351 1351 1351 1351 1351 1351 1351 1352 1354 1356 1358 1358 1360 1363 1364 1365 1366 1368 1369 1371 1373 1373 1375 1376 1377 1379 1381
1099 1100 1100 1102 1103 1105 1104 1105 1107 1109 1110 1113 1114 1116 1119 1121 1122 1123 1125 1127 1129 1131 1132 1134 1135 1137 1139 1139 1141 1144 1144 1146 1148 1149 1149 1152 1153 1153 1156 1158 1160 1161 1164 1165 1166 1169 1170 1172 1174 1175 1380 1380 1383 1386 1386 1388 1391 1351 1351 1351 1351 1351 1351 1351 1351 1353 1355 1356 1358 1359 1361 1363 1364 1366 1367 1369 1370 1371 1373 1374 1376 1377 1379 1380
1099 1100 1101 1101 1102 1102 1103 1105 1106 1107 1109 1111 1113 1115 1117 1120 1121 1122 1125 1126 1127 1130 1131 1133 1135 1136 1137 1140 1140 1142 1143 1145 1147 1147 1150 1150 1152 1154 1155 1157 1159 1160 1162 1165 1166 1168 1170 1171 1173 1378 1379 1381 1383 1384 1386 1387 1389 1351 1351 1351 1351 1351 1351 1351 1351 1353 1354 1356 1357 1359 1359 1361 1364 1364 1366 1367 1369 1370 1372 1373 1375 1377 1378 1379
1097 1098 1100 1101 1102 1102 1103 1103 1103 1106 1108 1111 1112 1113 1116 1117 1120 1123 1123 1124 1127 1129 1129 1131 1133 1135 1136 1138 1139 1141 1142 1143 1146 1146 1147 1151 1152 1153 1156 1157 1158 1160 1163 1163 1165 1168 1169 1171 1173 1378 1379 1380 1382 1384 1385 1387 1388 1351 1351 1351 1351 1351 1351 1351 1351 1352 1354 1355 1357 1357 1359 1361 1363 1364 1365 1367 1367 1369 1370 1372 1373 1375 1376 1377
1098 1098 1099 1101 1100 1101 1102 1103 1103 1105 1107 1108 1111 1113 1115 1117 1118 1120 1123 1124 1126 1128 1129 1130 1133 1133 1134 1138 1139 1139 1142 1143 1143 1145 1148 1148 1150 1154 1155 1156 1159 1160 1161 1163 1165 1167 1168 1170 1375 1377 1378 1381 1382 1383 1385 1387 1388 1351 1351 1351 1351 1351 1351 1351 1351 1351 1353 1355 1356 1357 1359 1361 1361 1363 1365 1365 1367 1369 1370 1371 1373 1373 1375 1376
1097 1097 1098 1099 1099 1101 1102 1102 1102 1104 1106 1107 1110 1113 1113 1115 1118 1120 1121 1122 1125 1126 1129 1129 1131 1132 1135 1135 1136 1139 1140 1141 1144 1146 1147 1149 1151 1152 1153 1156 1158 1159 1162 1163 1165 1166 1168 1373 1374 1375 1378 1378 1381 1383 1385 1386 1351 1351 1351 1351 1351 1351 1351 1351 1351 1351 1351 1353 1354 1356 1359 1359 1361 1362 1363 1365 1367 1368 1369 1371 1371 1373 1374 1376
1096 1097 1098 1098 1099 1099 1101 1102 1103 1104 1105 1107 1109 1110 1112 1115 1117 1117 1120 1122 1122 1124 1126 1129 1130 1131 1133 1134 1136 1137 1140 1141 1143 1145 1147 1148 1150 1152 1154 1155 1157 1159 1160 1163 1163 1166 1371 1371 1374 1376 1377 1378 1381 1382 1383 1384 1351 1351 1351 1351 1351 1351 1351 1351 1351 1351 1351 1352 1354 1356 1356 1358 1359 1360 1361 1364 1365 1367 1369 1370 1371 1372 1374 1374
1095 1096 1097 1097 1098 1100 1100 1101 1102 1103 1104 1106 1108 1110 1111 1112 1115 1117 1119 1121 1122 1123 1126 1126 1128 1130 1133 1133 1135 1138 1139 1140 1143 1144 1146 1148 1151 1151 1153 1156 1156 1158 1160 1161 1163 1165 1370 1372 1374 1375 1376 1378 1380 1381 1382 1385 1351 1351 1351 1351 1351 1351 1351 1351 1351 1351 1351 1352 1353 1354 1356 1357 1359 1359 1362 1363 1364 1365 1367 1368 1369 1371 1435 1437
1094 1095 1095 1098 1099 1100 1100 1100 1101 1101 1103 1106 1106 1108 1111 1113 1113 1114 1118 1119 1121 1123 1124 1125 1128 1129 1130 1134 1136 1136 1138 1141 1142 1143 1146 1148 1148 1151 1154 1154 1156 1158 1160 1161 1162 1368 1369 1370 1372 1374 1376 1378 1379 1380 1383 1384 1351 1351 1351 1351 1351 1351 1351 1351 1351 1351 1351 1351 1353 1353 1355 1357 1358 1360 1361 1362 1363 1429 1429 1431 1432 1433 1435 1436
1094 1094 1096 1097 1097 1098 1099 1100 1100 1101 1101 1103 1105 1108 1110 1110 1113 1114 1116 1118 1120 1122 1124 1126 1127 1128 1131 1132 1134 1137 1139 1140 1141 1144 1145 1146 1149 1150 1152 1153 1156 1158 1159 1160 1366 1367 1368 1370 1372 1373 1375 1376 1378 1381 1382 1351 1351 1351 1351 1351 1351 1351 1351 1351 1351 1351 1351 1351 1351 1353 1354 1356 1358 1423 1424 1425 1427 1427 1429 1430 1431 1432 1434 1434
1095 1094 1095 1096 1096 1097 1098 1100 1099 1100 1101 1102 1104 1105 1109 1110 1112 1114 1115 1117 1119 1121 1123 1125 1128 1129 1130 1132 1134 1135 1137 1139 1142 1143 1145 1147 1148 1150 1151 1153 1155 1156 1158 1161 1365 1366 1368 1370 1371 1373 1374 1376 1377 1379 1380 1351 1351 1351 1351 1351 1351 1351 1351 1351 1351 1351 1351 1351 1351 1415 1417 1418 1420 1420 1422 1425 1425 1427 1428 1429 1430 1432 1432 1434
1093 1094 1096 1097 1097 1097 1098 1098 1099 1101 1101 1101 1103 1106 1107 1109 1112 1113 1115 1118 1119 1120 1122 1125 1125 1128 1131 1132 1133 1135 1138 1138 1140 1143 1144 1146 1148 1149 1151 1153 1154 1156 1158 1362 1363 1367 1368 1369 1370 1372 1374 1375 1377 1377 1379 1351 1351 1351 1351 1351 1351 1351 1351 1351 1351 1351 1410 1412 1414 1415 1416 1418 1418 1420 1421 1422 1423 1425 1426 1427 1429 1429 1431 1433
1094 1095 1095 1096 1097 1098 1098 1099 1100 1100 1100 1102 1104 1105 1107 1109 1111 1112 1115 1117 1118 1121 1122 1123 1125 1128 1129 1131 1134 1135 1136 1138 1141 1141 1143 1145 1146 1149 1151 1152 1154 1156 1360 1361 1363 1365 1366 1367 1369 1372 1373 1375 1376 1377 1351 1351 1351 1351 1351 1351 1351 1351 1351 1405 1407 1408 1409 1412 1413 1414 1416 1416 1418 1419 1420 1421 1423 1423 1425 1426 1427 1429 1430 1431
1094 1095 1095 1096 1097 1099 1098 1099 1100 1100 1101 1102 1103 1105 1107 1109 1111 1112 1114 1115 1119 1120 1122 1124 1125 1127 1128 1131 1132 1134 1137 1138 1139 1141 1143 1145 1146 1147 1150 1151 1153 1358 1359 1361 1363 1364 1365 1368 1369 1370 1372 1373 1376 1377 1351 1351 1351 1351 1351 1399 1400 1401 1403 1404 1405 1406 1409 1409 1411 1413 1414 1416 1417 1419 1419 1421 1421 1423 1424 1425 1426 1428 1428 1430
1095 1096 1096 1097 1097 1097 1098 1100 1100 1101 1101 1102 1102 1104 1107 1108 1110 1112 1115 1115 1117 1119 1121 1123 1125 1127 1128 1130 1131 1134 1135 1137 1139 1141 1143 1144 1145 1148 1149 1150 1152 1356 1359 1361 1362 1363 1366 1367 1368 1369 1371 1373 1374 1376 1351 1351 1394 1395 1397 1398 1399 1400 1402 1404 1404 1407 1408 1409 1410 1412 1412 1414 1416 1416 1418 1420 1421 1422 1424 1424 1426 1426 1428 1429
1095 1095 1096 1097 1097 1098 1099 1099 1099 1101 1102 1102 1103 1104 1105 1107 1109 1112 1113 1115 1118 1118 1120 1122 1124 1126 1128 1130 1131 1133 1135 1136 1138 1140 1141 1143 1146 1146 1148 1150 1355 1356 1358 1359 1361 1362 1365 1366 1367 1369 1371 1372 1374 1374 1389 1390 1392 1394 1395 1397 1398 1400 1401 1403 1405 1406 1407 1408 1410 1410 1412 1413 1414 1415 1417 1418 1419 1421 1421 1423 1424 1425 1426 1428
1094 1095 1096 1097 1098 1098 1099 1099 1100 1101 1101 1102 1103 1104 1105 1107 1109 1110 1112 1115 1116 1118 1121 1122 1123 1125 1127 1129 1131 1133 1134 1136 1138 1138 1141 1143 1144 1146 1149 1353 1354 1355 1357 1359 1360 1362 1363 1364 1367 1368 1370 1436 1437 1387 1389 1391 1391 1393 1395 1395 1397 1398 1400 1401 1404 1405 1406 1408 1408 1410 1411 1412 1413 1415 1415 1417 1418 1419 1420 1422 1423 1424 1425 1426
1095 1096 1096 1096 1097 1098 1099 1100 1100 1101 1101 1102 1103 1103 1105 1107 1108 1111 1112 1114 1115 1118 1120 1121 1123 1125 1126 1128 1129 1131 1134 1135 1137 1139 1140 1142 1143 1145 1147 1351 1353 1355 1357 1358 1360 1360 1362 1365 1430 1431 1432 1434 1436 1387 1389 1389 1391 1392 1393 1395 1396 1398 1399 1401 1401 1403 1404 1405 1407 1408 1410 1411 1413 1413 1415 1416 1417 1418 1420 1420 1422 1422 1424 1424
1094 1096 1096 1097 1098 1099 1099 1100 1101 1101 1102 1102 1102 1103 1104 1107 1108 1110 1112 1114 1115 1117 1118 1121 1123 1124 1126 1128 1130 1131 1132 1135 1137 1138 1140 1141 1143 1145 1349 1350 1353 1353 1355 1358 1359 1360 1426 1428 1429 1430 1432 1432 1435 1386 1386 1388 1390 1391 1392 1394 1396 1397 1399 1399 1401 1402 1403 1404 1406 1407 1408 1410 1410 1412 1413 1414 1416 1418 1418 1420 1421 1422 1423 1423
1095 1096 1097 1097 1098 1098 1099 1100 1100 1101 1102 1103 1103 1104 1104 1105 1107 1110 1111 1113 1115 1116 1118 1120 1122 1123 1126 1128 1128 1130 1133 1133 1135 1137 1138 1141 1143 1346 1348 1351 1352 1353 1355 1420 1422 1423 1426 1427 1428 1430 1431 1433 1434 1384 1386 1387 1388 1389 1392 1392 1395 1397 1397 1399 1400 1401 1402 1404 1404 1406 1407 1408 1409 1411 1412 1413 1415 1415 1417 1418 1419 1420 1420 1421
1095 1095 1096 1097 1098 1099 1100 1100 1100 1101 1102 1103 1103 1104 1104 1105 1107 1108 1110 1113 1115 1116 1118 1120 1121 1123 1125 1125 1129 1131 1131 1133 1135 1136 1138 1140 1141 1345 1349 1350 1351 1416 1418 1420 1421 1423 1423 1425 1427 1429 1431 1432 1382 1383 1385 1386 1387 1390 1390 1392 1393 1394 1396 1397 1398 1400 1402 1402 1404 1405 1406 1407 1409 1409 1411 1412 1413 1414 1416 1416 1418 1417 1419 1420
1095 1096 1097 1098 1098 1098 1100 1100 1101 1102 1102 1102 1103 1104 1104 1105 1107 1108 1109 1112 1113 1116 1117 1119 1121 1122 1123 1126 1127 1129 1131 1132 1135 1136 1137 1139 1344 1345 1411 1412 1413 1416 1417 1419 1421 1421 1423 1424 1426 1428 1429 1430 1380 1383 1383 1385 1388 1388 1390 1391 1392 1393 1395 1395 1397 1399 1399 1401 1402 1403 1404 1407 1407 1409 1410 1411 1412 1414 1414 1416 1415 1417 1418 1419
1095 1097 1097 1097 1098 1099 1099 1100 1101 1101 1102 1103 1103 1103 1104 1106 1106 1108 1110 1111 1112 1115 1116 1118 1120 1122 1124 1125 1127 1128 1130 1132 1133 1135 1137 1342 1407 1409 1409 1411 1414 1414 1416 1418 1419 1421 1422 1424 1425 1427 1428 1429 1380 1380 1382 1384 1385 1388 1389 1390 1391 1393 1393 1395 1396 1397 1398 1400 1401 1402 1404 1404 1406 1407 1408 1409 1411 1412 1414 1414 1415 1416 1417 1418
1095 1096 1096 1098 1099 1099 1099 1100 1101 1101 1103 1103 1103 1104 1105 1105 1105 1107 1109 1110 1113 1115 1115 1117 1120 1120 1123 1125 1126 1128 1130 1130 1132 1134 1199 1404 1407 1407 1409 1412 1412 1414 1415 1416 1418 1420 1421 1423 1425 1426 1427 1378 1379 1381 1382 1384 1384 1386 1387 1388 1390 1391 1393 1394 1395 1396 1398 1398 1400 1401 1402 1403 1405 1405 1407 1409 1409 1411 1411 1412 1413 1414 1415 1417
1096 1096 1097 1097 1098 1099 1100 1101 1101 1101 1102 1102 1104 1104 1104 1105 1106 1106 1107 1110 1113 1113 1115 1118 1118 1120 1122 1123 1125 1128 1128 1130 1197 1197 1402 1404 1404 1406 1409 1411 1412 1413 1415 1415 1418 1420 1420 1422 1423 1424 1427 1377 1379 1380 1382 1382 1384 1385 1386 1388 1388 1390 1391 1392 1393 1395 1396 1398 1399 1400 1401 1403 1403 1405 1406 1407 1408 1409 1409 1411 1411 1413 1414 1415
1096 1096 1097 1098 1098 1099 1099 1100 1101 1102 1102 1102 1103 1104 1105 1105 1106 1106 1108 1109 1110 1112 1115 1116 1118 1120 1121 1123 1125 1125 1191 1194 1195 1197 1401 1403 1405 1406 1408 1408 1410 1413 1413 1416 1417 1418 1420 1421 1422 1423 1425 1375 1377 1379 1380 1382 1383 1384 1385 1387 1387 1389 1390 1391 1393 1393 1395 1396 1397 1398 1400 1400 1403 1404 1405 1406 1407 1407 1409 1409 1411 1412 1413 1413
