testData/tiles/oneDegreeCosts/grid18.0-23.0-19.0-24.0.asc
ncols   200
nrows   200
xllcorner   18.0
yllcorner   23.0
cellsize   0.005
NODATA_value   -9999.0
[rows 0 to 41 of 200, columns 94 to 187 of 200]
429 429 429 429 429 429 429 429 429 429 429 429 540 540 540 541 542 543 543 622 623 624 625 625 625 626 626 628 628 628 629 629 629 630 631 632 632 632 633 633 634 635 635 636 636 637 637 637 638 639 639 640 640 641 641 641 642 642 643 644 644 645 645 645 646 646 647 647 647 649 649 649 650 650 613 613 613 614 614 614 615 615 616 616 616 618 618 618 470 470 471 471 471 472
429 429 429 429 429 429 429 429 429 429 429 429 429 429 429 542 542 543 543 544 624 624 624 625 625 627 627 627 628 628 629 630 630 631 631 632 632 632 634 634 634 635 635 636 636 637 638 638 639 639 639 640 640 641 642 642 643 643 643 644 644 644 645 646 647 647 647 648 648 649 649 649 650 650 650 651 652 653 653 653 654 654 654 655 655 656 656 656 508 508 508 509 509 509
429 429 429 429 429 429 429 429 429 429 429 429 429 429 429 429 429 543 544 544 545 624 625 626 626 627 627 627 629 629 629 630 630 631 631 632 633 633 634 634 634 635 636 636 637 637 638 638 638 640 640 641 641 641 642 642 642 643 644 645 645 645 646 646 646 647 647 648 648 648 650 650 650 651 651 652 652 652 653 653 653 654 654 655 655 655 656 657 508 509 509 510 510 510
429 429 429 429 429 429 429 429 429 429 429 429 429 429 429 429 429 429 429 429 545 625 625 626 626 626 628 628 629 629 629 630 631 631 632 632 633 633 634 635 635 636 636 636 637 637 638 639 639 640 640 640 641 641 643 643 643 644 644 644 645 645 646 646 647 648 648 648 649 649 650 650 650 651 651 651 652 652 654 654 654 655 655 655 656 656 657 657 508 509 509 509 510 510
429 429 429 429 429 429 429 429 429 429 429 429 429 429 429 429 429 429 429 429 429 429 448 450 630 630 631 631 631 633 633 634 634 634 635 636 637 637 637 638 637 637 639 639 640 640 640 641 641 641 643 643 644 643 643 644 644 645 645 646 647 647 647 648 647 648 648 648 649 649 649 651 651 652 652 652 653 653 653 654 654 655 655 655 656 656 656 657 508 509 510 510 511 511
429 429 429 429 429 429 429 429 429 429 429 429 429 429 429 429 429 429 429 429 429 429 429 453 454 454 456 636 636 637 637 637 638 639 640 640 640 641 641 642 642 642 643 643 643 644 644 646 646 646 647 647 647 648 647 649 649 649 650 650 651 651 651 652 652 652 653 653 654 654 654 655 655 655 656 655 655 656 656 658 658 658 659 658 658 659 659 660 511 511 512 511 511 512
429 429 429 429 429 429 429 429 429 429 429 429 429 429 429 429 429 429 429 429 429 429 429 429 459 459 459 460 460 461 641 641 642 642 642 643 644 645 645 645 646 646 647 648 648 649 649 649 649 649 650 651 651 652 652 652 653 653 654 654 655 655 655 655 656 656 657 657 657 658 658 658 659 659 660 660 660 661 661 661 662 662 662 662 662 663 663 663 515 515 514 516 516 517
429 429 429 429 429 429 429 429 429 429 429 429 429 429 429 429 429 429 429 429 429 429 429 429 461 462 462 464 464 464 465 465 466 647 646 647 647 647 648 648 650 650 650 651 651 652 652 652 654 654 654 655 654 655 655 655 657 657 657 658 658 659 659 659 660 659 660 661 661 662 662 662 663 663 663 664 663 664 664 664 666 666 666 667 667 667 667 667 519 519 519 520 520 520
429 429 429 429 429 429 429 429 429 429 429 429 429 429 429 429 429 429 429 429 429 429 429 429 429 466 466 467 467 467 468 469 468 469 469 470 650 651 652 652 652 653 653 654 655 655 656 656 657 657 657 657 658 658 659 659 660 660 660 661 661 662 663 663 664 664 663 664 664 664 665 665 666 667 667 668 668 667 668 668 668 669 669 670 670 670 671 671 521 522 522 522 523 524
429 429 429 429 429 429 429 429 429 429 429 429 429 429 429 429 429 429 429 429 429 429 429 429 429 429 468 468 470 470 471 471 471 472 473 473 474 474 475 475 655 657 657 657 658 658 659 658 659 660 660 660 661 661 662 662 662 664 664 664 665 665 666 665 665 666 666 667 668 668 669 669 669 670 670 670 670 670 671 671 671 672 673 673 674 674 674 674 525 526 526 526 527 527
429 429 429 429 429 429 429 429 429 429 429 429 429 429 429 429 429 429 429 429 429 429 429 429 429 429 429 472 473 473 473 475 475 476 476 476 477 476 477 478 478 479 479 659 660 661 661 662 662 663 663 663 664 665 665 666 666 666 666 666 667 667 668 669 669 670 670 670 671 671 671 671 671 672 673 673 674 674 674 675 675 675 676 675 676 676 676 677 528 528 529 529 529 530
429 429 429 429 429 429 429 429 429 429 429 429 429 429 429 429 429 429 429 429 429 429 429 429 429 429 429 474 474 476 476 477 477 477 478 479 480 480 480 481 481 481 483 483 484 484 484 664 664 665 666 666 667 667 667 668 668 668 670 670 671 671 671 671 671 671 672 672 674 674 674 675 675 675 676 676 676 676 676 677 677 677 678 679 679 680 680 680 532 531 532 532 532 533
429 429 429 429 429 429 429 429 429 429 429 429 429 429 429 429 429 429 429 429 429 429 429 429 429 429 429 429 477 478 478 478 480 480 481 481 481 482 482 484 484 484 485 485 485 486 487 488 488 488 668 668 668 669 670 671 671 671 672 672 672 673 673 674 675 675 676 675 675 676 676 676 677 677 678 679 679 680 680 680 680 680 680 681 681 682 682 682 534 534 534 535 534 534
429 429 429 429 429 429 429 429 429 429 429 429 429 429 429 429 429 429 429 429 429 429 429 429 429 429 429 429 429 480 481 481 482 482 482 483 484 485 485 485 486 486 486 488 488 489 489 489 490 490 491 491 491 492 672 672 673 673 673 675 675 676 676 676 677 677 677 678 678 679 679 679 680 680 680 681 681 681 682 682 683 683 682 683 683 684 685 685 536 537 537 537 538 538
429 429 429 429 429 429 429 429 429 429 429 429 429 429 429 429 429 429 429 429 429 429 429 429 429 429 429 429 429 429 483 483 484 485 485 486 486 486 487 488 489 489 489 490 490 490 491 492 493 493 493 493 493 493 494 495 496 496 676 677 677 677 678 678 680 680 680 681 680 680 681 681 681 682 682 683 683 684 685 685 685 686 686 685 686 686 686 687 538 539 539 539 540 540
429 429 429 429 429 429 429 429 429 429 429 429 429 429 429 429 429 429 429 429 429 429 429 429 429 429 429 429 429 429 486 486 486 487 487 488 488 489 490 490 490 491 491 493 493 493 494 493 493 494 494 496 496 496 497 497 497 498 498 498 500 500 681 681 681 682 681 681 682 682 684 684 684 685 685 685 686 686 686 687 687 687 687 687 688 688 689 690 541 541 542 542 542 543
429 429 429 429 429 429 429 429 429 429 429 429 429 429 429 429 429 429 429 429 429 429 429 429 429 429 429 429 429 429 429 488 488 489 490 490 491 491 492 492 493 493 493 493 494 494 495 496 496 497 497 497 498 498 498 499 500 501 501 501 502 502 502 502 502 504 684 684 685 685 685 686 686 686 687 687 688 688 688 689 689 689 690 690 690 691 691 691 543 543 544 544 543 544
429 429 429 429 429 429 429 429 429 429 429 429 429 429 429 429 429 429 429 429 429 429 429 429 429 429 429 429 429 429 429 429 490 490 491 491 492 493 493 494 494 494 495 495 497 497 497 498 498 498 499 499 501 501 501 502 501 501 502 502 503 504 504 505 505 505 506 506 506 507 687 689 689 688 689 689 689 690 690 690 691 691 691 692 692 693 693 693 545 545 545 546 546 546
429 429 429 429 429 429 429 429 429 429 429 429 429 429 429 429 429 429 429 429 429 429 429 429 429 429 429 429 429 429 429 429 429 492 493 494 494 495 495 496 496 497 498 498 498 499 498 499 500 500 501 501 501 502 502 503 504 504 505 505 505 506 506 506 507 507 508 508 508 509 509 509 510 510 690 691 691 691 692 693 694 694 693 694 694 694 695 695 546 547 547 547 548 548
429 429 429 429 429 429 429 429 429 429 429 429 429 429 429 429 429 429 429 429 429 429 429 429 429 429 429 429 429 429 429 429 429 429 495 495 495 496 497 497 498 498 499 499 499 501 501 501 502 502 502 503 503 505 505 505 505 505 505 506 506 508 508 508 509 509 509 510 510 510 511 511 513 513 513 513 513 513 694 694 694 695 695 695 696 696 696 697 548 548 549 549 550 550
429 429 429 429 429 429 429 429 429 429 429 429 429 429 429 429 429 429 429 429 429 429 429 429 429 429 429 429 429 429 429 429 429 429 496 498 498 498 499 499 500 499 500 501 501 501 502 502 503 504 504 505 505 505 506 506 507 508 508 509 509 509 510 510 509 510 510 512 512 512 513 513 513 514 514 514 515 515 515 516 517 517 517 697 698 698 698 550 550 550 551 551 551 552
429 429 429 429 429 429 429 429 429 429 429 429 429 429 429 429 429 429 429 429 429 429 429 429 429 429 429 429 429 429 429 429 429 429 429 499 499 499 500 501 501 502 502 503 503 503 505 505 505 505 505 506 506 507 508 508 508 509 509 509 510 510 512 512 512 513 513 513 514 514 513 514 514 514 516 516 517 517 517 518 518 518 519 519 519 520 520 550 551 551 551 552 552 554
429 429 429 429 429 429 429 429 429 429 429 429 429 429 429 429 429 429 429 429 429 429 429 429 429 429 429 429 429 429 429 429 429 429 429 429 501 501 502 502 502 503 503 504 505 505 505 506 506 507 508 508 509 509 509 509 509 510 511 511 512 512 512 513 513 513 514 514 515 516 516 517 517 517 517 517 517 518 518 518 519 519 520 521 521 522 522 391 391 391 391 391 554 554
429 429 429 429 429 429 429 429 429 429 429 429 429 429 429 429 429 429 429 429 429 429 429 429 429 429 429 429 429 429 429 429 429 429 429 429 429 502 502 503 504 504 505 505 506 506 506 508 508 508 509 509 510 510 511 512 512 512 512 512 512 513 513 515 515 515 516 516 516 517 517 517 518 518 518 520 520 520 520 520 521 521 521 522 522 522 523 391 391 391 391 391 391 391
446 429 429 429 429 429 429 429 429 429 429 429 429 429 429 429 429 429 429 429 429 429 429 429 429 429 429 429 429 429 429 429 429 429 429 429 429 429 504 505 505 505 506 506 507 508 508 509 509 509 510 511 511 512 512 512 513 513 514 515 515 515 515 515 516 516 516 517 517 518 519 519 520 520 520 521 521 521 522 521 521 522 522 523 524 524 524 391 391 391 391 391 391 391
448 429 429 429 429 429 429 429 429 429 429 429 429 429 429 429 429 429 429 429 429 429 429 429 429 429 429 429 429 429 429 429 429 429 429 429 429 429 429 505 506 507 507 508 508 509 509 510 511 511 511 512 512 513 513 514 515 515 515 516 516 515 516 516 517 518 518 519 519 519 520 520 520 521 521 521 523 523 523 524 523 523 524 524 525 525 525 391 391 391 391 391 391 391
449 449 429 429 429 429 429 429 429 429 429 429 429 429 429 429 429 429 429 429 429 429 429 429 429 429 429 429 429 429 429 429 429 429 429 429 429 429 429 429 508 508 508 509 510 510 511 511 512 512 512 513 514 514 515 515 515 516 516 516 518 517 518 518 518 519 519 519 520 520 521 522 522 522 523 523 524 524 524 525 524 524 525 525 525 527 527 391 391 391 391 391 391 391
450 451 429 429 429 429 429 429 429 429 429 429 429 429 429 429 429 429 429 429 429 429 429 429 429 429 429 429 429 429 429 429 429 429 429 429 429 429 429 429 508 510 510 511 511 511 512 512 513 514 514 514 515 515 516 516 517 518 518 517 518 518 518 519 519 520 521 521 522 522 522 523 523 523 524 524 524 526 526 525 526 526 526 527 527 527 528 391 391 391 391 391 391 391
451 452 452 429 429 429 429 429 429 429 429 429 429 429 429 429 429 429 429 429 429 429 429 429 429 429 429 429 429 429 429 429 429 429 429 429 429 429 429 431 431 511 511 511 512 513 513 514 514 515 515 515 517 517 517 518 517 517 518 518 518 520 520 521 521 521 522 522 522 523 523 524 525 525 525 526 525 525 526 526 527 527 527 528 528 528 530 391 391 391 391 391 391 391
452 454 454 429 429 429 429 429 429 429 429 429 429 429 429 429 429 429 429 429 429 429 429 429 429 429 429 429 429 429 429 429 429 429 429 429 431 431 431 432 432 432 513 513 514 514 514 515 515 516 517 516 516 517 517 517 518 519 520 520 520 521 521 521 522 522 523 524 524 524 525 525 526 525 525 526 526 526 528 528 528 529 529 529 530 530 530 391 391 391 391 391 391 391
453 453 454 454 429 429 429 429 429 429 429 429 429 429 429 429 429 429 429 429 429 429 429 429 429 429 429 429 429 429 429 429 429 430 431 431 431 432 432 434 434 434 435 513 513 514 515 515 516 516 516 517 517 519 519 519 520 520 520 521 521 521 523 523 523 524 524 525 524 524 525 525 526 527 527 527 528 528 528 529 529 529 530 530 530 531 391 391 391 391 391 391 391 391
454 454 456 456 429 429 429 429 429 429 429 429 429 429 429 429 429 429 429 429 429 429 429 429 429 429 429 429 429 429 429 430 430 430 430 431 431 433 433 433 434 434 434 436 515 515 516 516 517 517 518 519 519 519 520 520 520 521 522 523 523 522 523 523 523 524 524 525 526 526 526 527 527 527 528 528 528 529 529 531 531 530 531 531 531 532 391 391 391 391 391 391 391 391
456 456 456 457 429 429 429 429 429 429 429 429 429 429 429 429 429 429 429 429 429 429 429 429 429 429 429 429 429 429 430 430 431 431 432 433 433 433 434 434 435 436 436 437 437 516 517 518 518 519 519 519 519 519 521 521 521 522 522 522 523 523 523 525 525 525 526 526 526 527 527 528 528 529 529 529 529 530 530 530 531 531 531 532 532 532 391 391 391 391 391 391 391 391
456 456 456 458 458 429 429 429 429 429 429 429 429 429 429 429 429 429 429 429 429 429 429 429 429 429 429 430 430 430 431 431 432 433 433 433 434 434 436 436 435 436 436 436 438 438 517 518 518 519 519 520 521 521 521 522 522 522 523 524 524 525 525 526 526 526 526 526 527 528 528 528 529 529 529 530 530 530 531 531 531 533 533 533 534 533 391 391 391 391 391 391 391 391
456 458 458 459 459 429 429 429 429 429 429 429 429 429 429 429 429 429 429 429 429 429 429 429 429 429 429 429 430 431 431 432 432 433 433 434 435 435 435 436 436 437 438 438 439 439 439 519 520 520 521 521 521 522 522 522 523 523 524 524 524 525 525 526 527 527 527 528 528 528 529 529 529 530 531 531 532 531 532 532 532 533 533 533 534 534 391 391 391 391 391 391 391 391
457 458 458 458 460 460 429 429 429 429 429 429 429 429 429 429 429 429 429 429 429 429 429 429 429 429 430 431 432 432 432 433 433 434 435 435 435 436 437 438 438 437 438 438 438 440 440 440 520 520 521 521 522 523 523 523 524 524 524 526 526 526 527 527 527 528 528 528 528 529 530 530 530 531 531 531 532 532 532 533 533 533 535 535 535 536 391 391 391 391 391 391 391 391
458 458 460 460 461 461 429 429 429 429 429 429 429 429 429 429 429 429 429 429 429 429 429 429 429 430 431 431 431 432 433 433 434 434 435 435 436 437 437 437 438 438 439 440 440 441 441 441 443 522 522 523 523 523 523 523 524 525 525 525 526 526 527 527 528 529 529 529 530 530 530 531 531 531 532 533 532 533 533 533 534 534 534 535 535 535 391 391 391 391 391 391 391 391
459 459 460 460 461 462 462 429 429 429 429 429 429 429 429 429 429 429 429 429 429 429 429 430 431 431 431 432 433 434 434 434 435 436 435 436 436 436 437 438 439 439 439 440 440 441 442 442 442 443 522 522 524 524 525 525 525 526 526 526 528 528 528 528 528 528 529 529 529 530 531 531 532 532 532 533 533 533 534 534 535 535 535 536 536 536 391 391 391 391 391 391 391 391
459 459 459 461 461 462 462 429 429 429 429 429 429 429 429 429 429 429 429 429 429 429 430 430 431 431 432 433 433 433 434 435 435 436 436 437 437 438 439 439 439 440 440 441 442 442 442 442 442 444 444 523 524 524 524 525 525 526 527 527 527 528 528 528 529 530 531 531 531 532 531 531 532 532 532 533 534 534 535 535 535 536 536 536 537 391 391 391 391 391 391 391 391 391
460 461 461 462 462 463 464 429 429 429 429 429 429 429 429 429 429 429 429 429 429 429 430 430 431 432 432 432 433 434 435 435 435 436 437 437 438 438 438 439 440 441 441 441 442 442 443 444 444 444 445 445 524 526 525 525 526 526 527 527 527 529 529 529 530 530 530 531 531 531 532 533 533 534 534 534 534 534 534 535 535 535 536 536 536 391 391 391 391 391 391 391 391 391
460 461 461 462 463 463 464 464 429 429 429 429 429 429 429 429 429 429 429 429 430 430 431 432 432 433 434 434 435 434 434 435 436 436 437 437 438 439 439 440 440 440 441 442 442 443 443 443 444 444 446 446 446 526 526 526 527 528 528 529 528 528 529 529 529 530 531 531 532 532 532 533 533 533 534 534 534 535 536 536 537 536 536 537 537 391 391 391 391 391 391 391 391 391
460 461 462 462 463 463 464 465 429 429 429 429 429 429 429 429 429 429 429 429 431 431 431 432 433 433 434 434 434 436 436 437 437 437 438 439 439 439 439 439 440 441 441 442 442 443 443 444 445 445 445 446 446 446 527 527 527 528 528 528 529 529 530 531 531 531 531 531 532 532 532 533 534 534 535 535 535 536 536 536 537 537 537 538 538 391 391 391 391 391 391 391 392 392
