testData/tiles/oneDegreeCosts/grid16.0-9.0-17.0-10.0.asc
ncols   200
nrows   200
xllcorner   16.0
yllcorner   9.0
cellsize   0.005
NODATA_value   -9999.0
[rows 42 to 83 of 200, columns 0 to 93 of 200]
370 369 368 369 368 367 366 365 365 364 363 362 362 362 360 359 358 357 357 356 355 354 353 353 351 350 349 348 348 347 346 344 343 342 342 340 338 337 336 335 334 332 331 330 329 328 326 324 323 321 321 319 317 314 312 310 309 307 305 303 301 298 297 294 291 288 285 282 277 274 269 266 266 242 242 242 243 243 243 243 243 243 242 242 243 243 243 243 243 243 243 243 243 243
370 369 368 368 367 366 365 365 365 364 363 362 361 361 359 358 357 356 356 355 354 353 352 351 351 350 349 347 346 346 345 344 343 341 341 339 338 336 335 333 333 332 330 329 327 327 325 324 322 320 319 318 316 313 311 309 307 306 304 302 299 297 294 293 290 287 283 280 275 270 266 266 266 242 242 242 242 243 243 243 243 243 242 242 242 242 243 243 243 243 243 243 243 243
369 368 367 367 367 366 365 364 363 363 362 361 360 359 358 357 357 356 354 354 353 352 351 350 350 349 348 347 346 345 344 343 342 341 339 338 337 335 334 333 332 331 329 328 326 325 324 323 321 319 318 316 315 312 310 308 306 304 303 301 298 296 293 290 288 285 282 278 273 268 265 266 242 242 242 242 242 242 242 243 243 243 242 242 242 242 242 242 243 243 243 243 243 243
368 368 367 366 366 365 364 363 363 363 362 361 360 359 358 357 356 355 354 354 353 352 351 350 348 348 347 346 345 344 344 342 341 340 339 337 336 335 333 332 331 330 329 327 326 324 322 322 320 318 317 315 314 311 309 307 305 303 301 299 297 294 292 289 286 283 280 276 270 265 265 265 242 242 242 242 242 242 242 242 243 243 242 242 242 242 242 242 242 242 243 243 243 243
368 367 366 365 366 365 364 363 362 361 361 360 359 358 356 356 355 354 353 352 352 351 350 349 348 348 347 345 344 343 342 342 340 339 338 336 335 334 333 331 330 328 328 326 325 323 322 321 319 318 316 314 311 310 308 306 304 302 299 297 296 293 290 287 284 281 278 274 268 265 265 241 241 242 242 242 242 242 242 242 242 242 242 242 242 242 242 242 242 242 242 242 242 243
367 367 366 365 364 364 363 362 361 360 360 360 359 357 356 356 355 354 353 352 352 350 349 348 347 346 346 345 344 342 341 341 340 338 336 335 333 333 332 330 329 327 327 325 324 322 321 319 318 317 315 313 310 308 307 305 303 301 298 296 294 291 289 285 282 279 275 271 265 265 265 241 241 241 241 242 242 242 242 242 242 241 241 241 242 242 242 242 242 242 242 242 242 242
367 366 365 364 363 363 363 362 361 360 359 359 357 356 355 354 354 353 352 351 350 350 349 348 346 345 345 344 343 342 340 339 339 338 335 334 333 332 331 330 328 327 325 325 323 321 320 318 316 316 314 311 309 307 305 304 302 299 297 294 292 289 287 284 280 277 272 266 265 265 241 241 241 241 241 241 242 242 242 242 242 241 241 241 241 241 242 242 242 242 242 242 242 242
365 365 365 364 363 362 362 361 360 359 358 357 356 355 354 353 353 352 351 350 349 348 348 347 346 345 343 343 342 341 340 338 338 336 335 333 332 331 330 329 327 326 324 323 322 320 319 317 315 314 313 310 308 306 304 302 300 298 296 293 290 287 284 282 278 274 269 264 264 240 241 241 241 241 241 241 241 241 242 242 241 241 241 241 241 241 241 241 242 242 242 242 242 241
365 365 364 363 362 361 361 360 360 359 357 356 356 355 354 353 352 352 351 350 349 347 347 346 345 344 343 342 341 340 339 338 335 335 334 332 331 330 328 328 326 325 323 322 320 319 318 316 314 312 310 309 307 305 303 300 298 297 294 291 289 286 283 279 276 272 266 264 264 240 240 241 241 241 241 241 241 241 241 242 241 241 241 241 241 241 241 241 241 241 242 242 242 241
364 363 363 362 362 361 360 360 359 357 356 355 355 354 353 352 351 351 350 349 348 347 346 345 344 343 342 341 341 339 338 336 335 333 333 332 330 329 327 326 325 324 322 321 319 319 317 315 313 310 309 307 306 303 301 299 297 294 293 290 287 284 281 277 273 268 264 264 240 240 240 240 241 241 241 241 241 241 241 240 240 241 241 241 241 241 241 241 241 241 241 241 240 241
363 363 363 362 361 360 359 358 357 356 355 354 353 353 352 351 350 349 349 348 347 346 345 345 344 342 341 340 339 338 336 335 334 333 331 331 329 328 327 325 325 323 321 320 318 317 316 314 311 309 307 305 304 302 300 298 295 293 290 288 285 282 279 275 270 265 264 264 240 240 240 240 240 240 241 241 241 241 240 240 240 240 240 241 241 241 241 241 241 241 241 240 240 240
363 362 361 361 360 358 358 357 357 356 355 354 353 353 352 351 350 349 348 348 346 345 344 343 343 342 341 339 337 336 336 334 333 332 330 330 329 327 326 324 323 322 321 319 317 316 314 312 310 308 306 304 302 301 299 296 294 291 289 286 284 280 277 272 267 263 263 240 240 240 240 240 240 240 240 241 241 240 240 240 240 240 240 240 240 241 241 241 241 241 240 240 240 240
362 361 361 360 359 358 357 356 356 355 354 353 352 351 351 350 349 348 347 347 346 345 343 342 341 341 339 338 336 335 335 334 332 331 329 328 328 326 325 323 322 320 320 318 316 314 312 310 309 307 305 303 301 299 297 295 292 290 287 284 281 278 273 269 264 263 263 239 239 240 240 240 240 240 240 240 239 240 240 240 240 240 240 240 240 240 240 240 241 240 240 240 240 240
362 360 359 358 358 357 356 355 354 354 353 352 351 350 350 349 348 347 346 345 345 344 343 342 340 339 338 337 336 334 333 333 331 330 329 327 326 325 324 322 321 319 318 317 314 312 311 309 307 306 304 302 300 297 295 294 291 288 285 282 278 274 271 266 263 263 239 239 239 239 240 240 240 240 240 239 239 239 239 240 240 240 240 240 240 240 240 240 239 239 239 240 240 240
360 359 358 357 357 357 356 355 354 353 353 352 351 350 349 349 348 347 345 344 344 343 342 340 339 337 337 336 335 333 332 331 331 329 328 326 325 323 323 321 320 318 316 314 313 311 310 308 306 304 303 301 298 296 294 291 288 287 284 279 276 272 267 262 263 263 239 239 239 239 239 239 240 239 239 239 239 239 239 239 239 240 240 240 240 240 240 239 239 239 239 239 239 239
359 359 358 357 356 356 355 354 353 352 352 351 350 349 348 347 347 346 345 344 342 341 340 339 338 337 335 335 334 333 331 330 330 328 327 325 324 323 322 320 318 316 315 313 311 310 308 307 305 303 300 299 297 295 292 290 287 283 281 277 274 269 265 262 262 239 239 239 239 239 239 239 238 239 239 239 239 239 239 239 239 239 239 240 240 239 239 239 239 239 239 239 239 239
359 358 357 356 355 355 354 353 352 351 350 350 349 348 347 346 346 345 343 342 341 340 339 338 337 336 335 334 333 332 330 329 328 327 326 325 323 322 319 318 317 315 314 312 310 309 307 305 303 301 299 297 296 293 291 287 284 281 278 275 271 267 262 262 262 238 239 239 239 239 238 238 238 238 238 239 239 239 239 239 239 239 239 239 238 239 239 239 239 239 239 239 239 239
357 357 356 355 354 354 354 353 352 351 350 350 349 348 347 345 343 343 342 341 340 339 339 337 336 335 334 333 332 331 330 328 327 326 325 324 321 320 318 316 316 314 312 311 309 307 306 304 302 300 298 296 293 291 288 285 282 279 276 272 269 264 262 262 238 238 238 238 239 238 238 238 238 238 238 238 238 239 239 239 239 239 238 238 238 238 238 238 239 239 239 239 239 239
356 357 356 355 354 353 352 352 351 350 349 348 347 346 345 344 343 342 342 340 339 338 337 337 335 334 333 332 330 330 329 327 326 325 322 322 320 319 317 315 314 313 311 310 308 306 304 303 301 299 296 293 291 288 286 284 281 277 274 270 265 262 262 238 238 238 238 237 237 238 238 238 238 238 238 238 238 238 238 239 239 238 238 238 238 238 238 238 238 238 238 239 239 238
356 355 355 354 353 352 351 351 350 348 347 346 345 345 344 343 342 341 341 340 338 337 336 335 335 333 332 331 330 328 328 325 324 323 321 320 319 318 316 314 313 311 310 308 307 305 303 301 300 296 294 292 289 287 284 282 279 275 271 267 262 261 261 238 238 237 237 237 237 237 237 238 238 238 238 238 238 238 238 237 237 238 238 238 238 238 238 238 238 238 238 238 237 237
355 354 354 353 352 352 350 349 349 348 347 346 345 344 343 342 341 340 339 339 338 336 335 334 333 333 331 330 328 326 325 325 323 322 320 319 317 317 315 313 312 310 308 307 305 303 301 298 296 295 293 290 288 285 282 279 277 273 269 264 261 261 237 237 237 237 237 237 237 237 237 237 237 238 238 238 238 237 237 237 237 237 237 238 238 238 238 238 238 238 237 237 237 237
354 354 352 352 351 350 349 348 348 347 346 345 344 343 343 342 340 339 338 337 337 336 334 333 332 331 329 328 327 325 324 324 322 321 319 318 316 316 314 312 311 309 307 305 303 301 299 297 295 293 290 289 286 283 280 277 273 269 266 261 260 260 237 237 237 237 237 237 237 237 237 237 237 237 238 237 237 237 237 237 237 237 237 237 237 238 238 238 237 237 237 237 237 237
353 352 351 350 350 349 348 347 346 346 345 344 343 342 341 341 340 339 337 336 336 335 333 331 330 329 329 327 326 325 323 322 321 320 318 317 315 314 313 312 318 307 305 303 301 300 298 296 293 291 289 286 284 281 278 275 271 267 261 260 260 237 237 237 237 237 237 237 237 237 237 237 237 236 236 236 237 237 237 237 237 237 237 237 237 237 236 236 237 237 237 237 237 237
352 351 350 349 349 348 347 346 345 344 344 343 342 341 340 340 339 339 345 343 342 342 341 340 338 337 336 335 334 333 331 330 328 328 326 325 323 321 319 318 316 314 313 311 309 307 305 303 301 299 296 293 290 288 285 281 277 272 268 268 245 245 245 237 237 237 237 237 237 237 236 236 236 236 236 236 236 236 237 237 237 237 237 237 236 236 236 236 236 236 236 236 237 237
351 350 350 349 348 348 347 346 345 353 353 352 350 349 348 346 346 345 344 343 341 340 340 339 337 336 335 333 333 332 330 329 327 326 325 323 321 319 318 316 315 313 311 309 307 305 303 302 299 297 294 292 289 284 282 278 274 269 268 268 244 244 245 245 245 245 245 245 244 244 245 245 236 236 236 236 236 236 236 236 236 236 236 236 236 236 236 236 236 236 236 236 236 236
351 350 358 357 356 355 355 354 353 352 350 350 349 348 346 345 344 344 343 342 341 339 338 338 336 335 334 332 331 331 329 328 325 324 322 322 320 318 317 315 313 312 310 308 306 304 302 299 298 295 292 289 286 282 279 276 271 268 268 244 244 244 244 245 245 244 244 244 244 244 244 244 245 245 245 245 245 245 245 236 236 236 236 236 236 236 236 236 236 236 236 236 235 235
358 358 357 356 355 354 353 352 351 350 349 348 348 347 346 345 343 342 342 341 340 338 337 336 336 334 333 332 329 328 327 326 324 323 321 319 319 317 315 314 312 310 309 307 305 302 299 297 294 293 290 287 284 280 276 272 267 268 268 244 244 244 243 243 243 244 244 244 244 244 244 244 244 244 245 245 244 244 244 244 244 244 244 244 244 236 236 236 236 235 235 235 235 235
357 356 355 354 353 352 351 351 350 349 348 347 346 346 345 344 343 341 341 340 339 338 336 335 334 332 331 330 328 327 326 325 323 322 320 318 317 316 314 312 310 308 306 304 302 300 298 295 293 290 288 285 281 278 273 269 267 267 244 243 243 243 243 243 243 243 244 244 244 244 244 244 244 244 243 243 244 244 244 244 244 244 244 244 244 244 244 243 243 244 244 235 235 235
356 355 355 354 353 352 351 350 350 349 347 346 345 345 344 343 342 341 339 339 337 336 334 333 332 331 330 329 327 326 324 324 322 321 319 317 315 314 313 310 308 306 304 302 301 298 296 293 291 288 285 282 279 275 270 267 266 242 242 243 243 243 243 243 243 243 243 243 244 244 244 243 243 243 243 243 243 243 244 244 244 244 244 244 243 243 243 243 243 243 243 243 243 244
355 354 353 353 352 351 350 349 349 348 347 346 344 343 343 341 340 339 337 336 336 335 333 332 331 329 329 328 326 325 323 322 321 319 318 316 313 311 310 309 307 305 303 300 298 296 294 292 289 286 283 279 275 271 266 266 266 242 242 242 242 243 243 243 243 243 243 243 242 242 243 243 243 243 243 243 243 243 243 243 243 243 243 243 243 243 243 243 243 243 243 243 243 243
354 353 352 352 351 350 349 348 347 347 345 344 343 341 340 340 339 338 337 335 334 334 332 331 330 328 327 327 325 324 322 319 318 317 316 314 312 310 308 306 305 303 301 299 297 294 292 290 287 283 280 276 272 267 266 266 242 242 242 242 242 242 243 243 242 242 242 242 242 242 242 242 243 243 243 243 243 243 242 242 242 242 242 243 243 243 243 243 243 243 243 242 242 242
353 352 351 350 350 348 347 346 345 344 344 343 342 341 339 338 338 337 336 334 333 332 331 330 329 327 326 324 323 322 320 318 317 315 314 313 311 309 307 305 303 302 300 297 295 291 289 286 284 281 277 273 269 265 265 241 242 242 242 242 242 241 241 241 242 242 242 242 242 242 242 242 242 242 243 242 242 242 242 242 242 242 242 242 242 242 243 243 242 242 242 242 242 242
352 351 350 349 348 348 346 345 344 343 342 342 341 340 339 337 337 336 335 333 332 331 329 328 327 325 324 322 321 320 319 317 316 314 312 311 310 308 306 304 302 298 297 295 292 290 287 284 281 278 275 270 265 265 265 241 241 241 241 241 241 241 241 241 241 241 242 242 242 242 242 242 241 241 241 241 242 242 242 242 242 242 242 242 242 241 241 241 241 241 242 242 242 242
351 350 349 348 347 346 346 345 343 342 341 341 340 339 338 336 335 334 333 331 330 329 328 327 326 324 323 321 320 318 318 316 314 313 311 309 308 305 303 301 299 297 295 293 291 288 285 282 279 275 272 267 265 265 240 240 240 240 241 241 241 241 241 241 241 241 241 242 241 241 241 241 241 241 241 241 241 241 242 242 242 242 241 241 241 241 241 241 241 241 241 241 241 241
349 349 348 347 346 345 345 344 343 342 340 338 338 337 336 335 333 332 332 331 329 328 327 325 325 323 322 320 319 317 316 315 312 310 309 307 305 304 302 300 298 295 293 290 289 286 283 280 276 272 267 263 264 240 240 240 240 240 240 240 241 241 241 241 241 240 240 240 240 241 241 241 241 241 241 241 241 241 240 240 240 241 241 241 241 241 241 241 241 241 241 241 241 241
348 348 347 346 345 343 342 342 341 340 339 337 336 336 335 334 332 331 330 330 328 327 325 324 323 322 321 318 317 315 313 312 311 309 307 305 304 301 300 298 296 294 291 289 286 282 280 276 273 268 263 263 263 240 240 240 240 240 240 240 240 239 240 240 240 240 240 240 240 240 240 241 241 241 241 240 240 240 240 240 240 240 240 240 241 241 241 241 241 241 241 241 241 241
346 345 345 344 343 342 341 340 340 339 338 336 335 334 334 333 331 330 329 328 327 326 323 322 321 319 319 317 315 314 312 310 309 308 306 304 302 300 298 296 294 291 288 286 283 280 276 274 270 265 263 263 239 239 239 240 240 239 239 239 239 239 239 240 240 240 240 240 240 240 240 239 239 240 240 240 240 240 240 240 240 240 240 240 240 240 240 241 241 241 241 241 241 241
346 345 343 343 342 341 340 339 338 338 337 336 334 333 332 332 329 328 327 326 324 324 322 321 319 318 316 316 314 313 311 309 307 306 305 303 300 298 295 293 291 289 287 284 281 278 274 270 267 263 263 239 238 238 238 238 239 239 239 239 239 239 239 239 239 240 240 239 239 239 239 239 239 239 239 239 240 240 240 240 240 240 240 240 240 240 240 240 240 240 240 241 241 241
345 344 343 342 342 340 339 338 337 336 335 334 332 331 330 330 328 327 326 324 323 322 321 320 318 317 315 314 313 311 309 307 305 303 301 300 298 296 294 291 289 286 285 282 279 275 271 267 261 262 262 238 238 238 238 238 238 238 239 239 239 239 239 238 238 238 238 239 239 239 239 239 239 239 239 239 239 239 240 240 240 240 240 240 240 240 240 240 240 240 240 240 240 240
344 343 341 340 340 339 337 336 335 334 334 333 331 330 329 328 327 326 325 323 322 321 319 319 316 315 313 311 310 309 307 306 304 302 300 298 297 294 292 290 287 284 282 278 275 271 267 263 261 261 237 238 238 238 238 238 238 238 238 238 238 238 238 238 238 238 238 238 238 239 239 239 239 239 239 239 239 239 239 239 239 240 240 240 240 240 240 240 240 240 240 240 240 240
342 341 340 339 338 338 337 335 334 333 332 332 331 329 328 327 325 325 323 321 320 319 317 316 315 313 312 310 309 307 306 304 302 300 298 296 294 292 289 287 284 281 278 275 273 269 264 261 261 237 237 237 238 238 237 237 237 237 237 237 237 238 238 238 238 238 238 238 238 238 238 239 239 239 239 239 239 239 239 239 239 239 239 239 240 240 240 240 240 240 240 240 240 240
341 340 339 338 337 336 336 334 333 332 331 329 329 327 326 325 323 322 322 320 319 317 316 314 313 312 311 309 307 305 304 303 300 298 296 294 291 289 288 285 282 279 276 273 269 265 261 261 261 236 236 236 236 236 237 237 237 237 237 237 237 237 237 238 238 238 238 238 238 238 238 238 238 239 239 239 239 239 239 239 239 239 239 239 239 239 239 239 240 240 240 240 240 240
