testData/tiles/oneDegreeCosts/grid17.0-25.0-18.0-26.0.asc
ncols   200
nrows   200
xllcorner   17.0
yllcorner   25.0
cellsize   0.005
NODATA_value   -9999.0
[rows 84 to 125 of 200, columns 0 to 93 of 200]
268 268 268 268 268 268 268 268 268 268 268 268 268 268 268 268 268 268 268 268 268 268 268 268 268 268 268 268 268 268 268 268 268 268 268 268 268 268 268 268 268 268 268 268 268 268 268 268 268 268 268 268 268 268 268 268 268 268 268 268 268 268 268 268 268 268 268 268 268 268 268 268 268 268 268 268 268 268 268 268 268 268 268 268 268 268 268 268 268 268 268 268 268 268
268 268 268 268 268 268 268 268 268 268 268 268 268 268 268 268 268 268 268 268 268 268 268 268 268 268 268 268 268 268 268 268 268 268 268 268 268 268 268 268 268 268 268 268 268 268 268 268 268 268 268 268 268 268 268 268 268 268 268 268 268 268 268 268 268 268 268 268 268 268 268 268 268 268 268 268 268 268 268 268 268 268 268 268 268 268 268 268 268 268 268 268 268 268
268 268 268 268 268 268 268 268 268 268 268 268 268 268 268 268 268 268 268 268 268 268 268 268 268 268 268 268 268 268 268 268 268 268 268 268 268 268 268 268 268 268 268 268 268 268 268 268 268 268 268 268 268 268 268 268 268 268 268 268 268 268 268 268 268 268 268 268 268 268 268 268 268 268 268 268 268 268 268 268 268 268 268 268 268 268 268 268 268 268 268 268 268 268
268 268 268 268 268 268 268 268 268 268 268 268 268 268 268 268 268 268 268 268 268 268 268 268 268 268 268 268 268 268 268 268 268 268 268 268 268 268 268 268 268 268 268 268 268 268 268 268 268 268 268 268 268 268 268 268 268 268 268 268 268 268 268 268 268 268 268 268 268 268 268 268 268 268 268 268 268 268 268 268 268 268 268 268 268 268 268 268 268 268 268 268 268 268
268 268 268 268 268 268 268 268 268 268 268 268 268 268 268 268 268 268 268 268 268 268 268 268 268 268 268 268 268 268 268 268 268 268 268 268 268 268 268 268 268 268 268 268 268 268 268 268 268 268 268 268 268 268 268 268 268 268 268 268 268 268 268 268 268 268 268 268 268 268 268 268 268 268 268 268 268 268 268 268 268 268 268 268 268 268 268 268 268 268 268 268 268 268
268 268 268 268 268 268 268 268 268 268 268 268 268 268 268 268 268 268 268 268 268 268 268 268 268 268 268 268 268 268 268 268 268 268 268 268 268 268 268 268 268 268 268 268 268 268 268 268 268 268 268 268 268 268 268 268 268 268 268 268 268 268 268 268 268 268 268 268 268 268 268 268 268 268 268 268 268 268 268 268 268 268 268 268 268 268 268 268 268 268 268 268 268 268
268 268 268 268 268 268 268 268 268 268 268 268 268 268 268 268 268 268 268 268 268 268 268 268 268 268 268 268 268 268 268 268 268 268 268 268 268 268 268 268 268 268 268 268 268 268 268 268 268 268 268 268 268 268 268 268 268 268 268 268 268 268 268 268 268 268 268 268 268 268 268 268 268 268 268 268 268 268 268 268 268 268 268 268 268 268 268 268 268 268 268 268 268 268
268 268 268 268 268 268 268 268 268 268 268 268 268 268 268 268 268 268 268 268 268 268 268 268 268 268 268 268 268 268 268 268 268 268 268 268 268 268 268 268 268 268 268 268 268 268 268 268 268 268 268 268 268 268 268 268 268 268 268 268 268 268 268 268 268 268 268 268 268 268 268 268 268 268 268 268 268 268 268 268 268 268 268 268 268 268 268 268 268 268 268 268 268 268
268 268 268 268 268 268 268 268 268 268 268 268 268 268 268 268 268 268 268 268 268 268 268 268 268 268 268 268 268 268 268 268 268 268 268 268 268 268 268 268 268 268 268 268 268 268 268 268 268 268 268 268 268 268 268 268 268 268 268 268 268 268 268 268 268 268 268 268 268 268 268 268 268 268 268 268 268 268 268 268 268 268 268 268 268 268 268 268 268 268 268 268 268 268
268 268 268 268 268 268 268 268 268 268 268 268 268 268 268 268 268 268 268 268 268 268 268 268 268 268 268 268 268 268 268 268 268 268 268 268 268 268 268 268 268 268 268 268 268 268 268 268 268 268 268 268 268 268 268 268 268 268 268 268 268 268 268 268 268 268 268 268 268 268 268 268 268 268 268 268 268 268 268 268 268 268 268 268 268 268 268 268 268 268 268 268 268 268
268 268 268 268 268 268 268 268 268 268 268 268 268 268 268 268 268 268 268 268 268 268 268 268 268 268 268 268 268 268 268 268 268 268 268 268 268 268 268 268 268 268 268 268 268 268 268 268 268 268 268 268 268 268 268 268 268 268 268 268 268 268 268 268 268 268 268 268 268 268 268 268 268 268 268 268 268 268 268 268 268 373 268 268 268 268 268 268 268 268 268 268 268 268
268 268 268 268 268 268 268 268 268 268 268 268 268 268 268 268 268 268 268 268 268 268 268 268 268 268 268 268 268 268 268 268 268 268 268 268 268 268 268 268 268 268 268 268 268 268 268 268 268 268 268 268 268 268 268 268 268 387 386 386 385 385 384 384 383 383 382 382 381 381 380 380 379 378 378 377 377 376 376 375 374 374 373 373 372 371 371 370 370 369 368 368 367 366
268 268 268 268 268 268 268 268 268 268 268 268 268 268 268 268 268 268 268 268 268 268 268 268 268 268 268 268 268 268 268 268 268 268 268 268 268 268 268 268 268 268 268 268 268 268 268 392 392 391 391 390 390 389 389 388 388 387 387 386 386 385 385 384 384 383 383 382 382 381 381 380 379 379 378 378 377 377 376 375 375 374 374 373 372 372 371 371 370 369 369 368 367 367
268 268 268 268 268 268 268 268 268 268 268 268 268 268 268 268 268 268 268 268 268 268 268 268 268 268 268 268 268 268 268 268 268 268 268 268 268 268 268 396 396 395 395 395 394 394 393 393 392 392 391 391 390 390 389 389 388 388 387 387 386 386 385 385 384 384 383 383 382 382 381 381 380 379 379 378 378 377 377 376 375 375 374 374 373 372 372 371 371 370 369 369 368 367
268 268 268 268 268 268 268 268 268 268 268 268 268 268 268 268 268 268 268 268 268 268 268 268 268 268 268 268 268 268 268 268 268 399 399 399 398 398 397 397 396 396 395 395 395 394 394 393 393 392 392 391 391 390 390 389 389 388 388 387 387 386 386 385 385 384 384 383 383 382 382 381 380 380 379 379 378 378 377 376 376 375 375 374 374 373 372 372 371 370 370 369 369 368
268 268 268 268 268 268 268 268 268 268 268 268 268 268 268 268 268 268 268 268 268 268 268 268 268 268 268 402 402 402 401 401 400 400 399 399 399 398 398 397 397 396 396 395 395 395 394 394 393 393 392 392 391 391 390 390 389 389 388 388 387 387 386 386 385 385 384 384 383 383 382 381 381 380 380 379 379 378 378 377 376 376 375 375 374 373 373 372 372 371 370 370 369 368
268 268 268 268 268 268 268 268 268 268 268 268 268 268 268 268 268 268 268 268 268 268 405 404 404 404 403 403 402 402 402 401 401 400 400 399 399 399 398 398 397 397 396 396 395 395 395 394 394 393 393 392 392 391 391 390 390 389 389 388 388 387 387 386 386 385 385 384 384 383 382 382 381 381 380 380 379 379 378 377 377 376 376 375 375 374 373 373 372 371 371 370 370 369
268 268 268 268 268 268 268 268 268 268 268 268 268 268 268 268 268 407 407 406 406 406 405 405 404 404 404 403 403 402 402 402 401 401 400 400 399 399 399 398 398 397 397 396 396 395 395 395 394 394 393 393 392 392 391 391 390 390 389 389 388 388 387 387 386 386 385 385 384 384 383 382 382 381 381 380 380 379 379 378 377 377 376 376 375 374 374 373 373 372 371 371 370 369
268 268 268 268 268 268 268 268 268 268 268 268 268 409 409 408 408 408 407 407 406 406 406 405 405 404 404 404 403 403 402 402 402 401 401 400 400 399 399 399 398 398 397 397 396 396 395 395 394 394 394 393 393 392 392 391 391 390 390 389 389 388 388 387 387 386 386 385 385 384 383 383 382 382 381 381 380 380 379 378 378 377 377 376 375 375 374 374 373 372 372 371 371 370
268 268 268 268 268 268 268 268 411 411 411 410 410 409 409 409 408 408 408 407 407 406 406 406 405 405 404 404 404 403 403 402 402 402 401 401 400 400 399 399 399 398 398 397 397 396 396 395 395 394 394 394 393 393 392 392 391 391 390 390 389 389 388 388 387 387 386 385 385 384 384 383 383 382 382 381 381 380 379 379 378 378 377 377 376 375 375 374 374 373 372 372 371 370
268 268 268 268 268 413 412 412 412 411 411 411 410 410 410 409 409 408 408 408 407 407 406 406 406 405 405 404 404 404 403 403 402 402 402 401 401 400 400 399 399 399 398 398 397 397 396 396 395 395 394 394 393 393 393 392 392 391 391 390 390 389 389 388 388 387 386 386 385 385 384 384 383 383 382 382 381 381 380 379 379 378 378 377 376 376 375 375 374 373 373 372 372 371
268 415 414 414 414 413 413 412 412 412 411 411 411 410 410 410 409 409 408 408 408 407 407 406 406 406 405 405 404 404 404 403 403 402 402 402 401 401 400 400 399 399 399 398 398 397 397 396 396 395 395 394 394 393 393 392 392 391 391 390 390 389 389 388 388 387 387 386 386 385 385 384 384 383 383 382 382 381 380 380 379 379 378 378 377 376 376 375 375 374 373 373 372 371
415 415 415 414 414 414 413 413 413 412 412 411 411 411 410 410 410 409 409 408 408 408 407 407 406 406 406 405 405 404 404 404 403 403 402 402 402 401 401 400 400 399 399 398 398 398 397 397 396 396 395 395 394 394 393 393 392 392 391 391 390 390 389 389 388 388 387 387 386 386 385 385 384 384 383 383 382 381 381 380 380 379 379 378 377 377 376 376 375 374 374 373 373 372
416 415 415 415 414 414 414 413 413 413 412 412 411 411 411 410 410 410 409 409 408 408 408 407 407 406 406 406 405 405 404 404 404 403 403 402 402 402 401 401 400 400 399 399 398 398 398 397 397 396 396 395 395 394 394 393 393 392 392 391 391 390 390 389 389 388 388 387 387 386 386 385 385 384 384 383 382 382 381 381 380 380 379 378 378 377 377 376 376 375 374 374 373 372
416 416 415 415 415 414 414 414 413 413 413 412 412 411 411 411 410 410 410 409 409 408 408 408 407 407 406 406 406 405 405 404 404 404 403 403 402 402 402 401 401 400 400 399 399 398 398 398 397 397 396 396 395 395 394 394 393 393 392 392 391 391 390 390 389 389 388 388 387 387 386 386 385 385 384 383 383 382 382 381 381 380 380 379 378 378 377 377 376 375 375 374 374 373
416 416 416 415 415 415 414 414 414 413 413 413 412 412 411 411 411 410 410 410 409 409 408 408 408 407 407 406 406 406 405 405 404 404 404 403 403 402 402 401 401 401 400 400 399 399 398 398 397 397 397 396 396 395 395 394 394 393 393 392 392 391 391 390 390 389 389 388 388 387 387 386 386 385 384 384 383 383 382 382 381 381 380 379 379 378 378 377 376 376 375 375 374 373
417 416 416 416 415 415 415 414 414 414 413 413 413 412 412 412 411 411 410 410 410 409 409 408 408 408 407 407 406 406 406 405 405 404 404 404 403 403 402 402 401 401 401 400 400 399 399 398 398 397 397 396 396 396 395 395 394 394 393 393 392 392 391 391 390 390 389 389 388 388 387 387 386 385 385 384 384 383 383 382 382 381 380 380 379 379 378 378 377 376 376 375 374 374
417 417 416 416 416 415 415 415 414 414 414 413 413 413 412 412 412 411 411 410 410 410 409 409 408 408 408 407 407 406 406 406 405 405 404 404 404 403 403 402 402 401 401 401 400 400 399 399 398 398 397 397 396 396 395 395 395 394 394 393 393 392 392 391 391 390 390 389 389 388 387 387 386 386 385 385 384 384 383 383 382 381 381 380 380 379 379 378 377 377 376 376 375 374
418 417 417 417 416 416 415 415 415 414 414 414 413 413 413 412 412 412 411 411 410 410 410 409 409 408 408 408 407 407 406 406 406 405 405 404 404 404 403 403 402 402 401 401 400 400 400 399 399 398 398 397 397 396 396 395 395 394 394 393 393 393 392 392 391 390 390 389 389 388 388 387 387 386 386 385 385 384 384 383 382 382 381 381 380 380 379 378 378 377 377 376 375 375
418 418 417 417 417 416 416 416 415 415 414 414 414 413 413 413 412 412 412 411 411 410 410 410 409 409 408 408 408 407 407 406 406 406 405 405 404 404 404 403 403 402 402 401 401 400 400 400 399 399 398 398 397 397 396 396 395 395 394 394 393 393 392 392 391 391 390 390 389 389 388 388 387 387 386 386 385 385 384 383 383 382 382 381 381 380 379 379 378 378 377 376 376 375
418 418 418 417 417 417 416 416 416 415 415 414 414 414 413 413 413 412 412 412 411 411 410 410 410 409 409 408 408 408 407 407 406 406 406 405 405 404 404 403 403 403 402 402 401 401 400 400 400 399 399 398 398 397 397 396 396 395 395 394 394 393 393 392 392 391 391 390 390 389 389 388 388 387 387 386 386 385 384 384 383 383 382 382 381 380 380 379 379 378 378 377 376 376
419 418 418 418 417 417 417 416 416 416 415 415 414 414 414 413 413 413 412 412 412 411 411 410 410 410 409 409 408 408 408 407 407 406 406 406 405 405 404 404 403 403 403 402 402 401 401 400 400 399 399 399 398 398 397 397 396 396 395 395 394 394 393 393 392 392 391 391 390 390 389 389 388 388 387 387 386 385 385 384 384 383 383 382 382 381 380 380 379 379 378 377 377 376
419 419 418 418 418 417 417 417 416 416 416 415 415 414 414 414 413 413 413 412 412 412 411 411 410 410 410 409 409 408 408 408 407 407 406 406 406 405 405 404 404 403 403 403 402 402 401 401 400 400 399 399 398 398 398 397 397 396 396 395 395 394 394 393 393 392 392 391 391 390 390 389 389 388 387 387 386 386 385 385 384 384 383 383 382 381 381 380 380 379 378 378 377 377
419 419 419 418 418 418 417 417 417 416 416 416 415 415 414 414 414 413 413 413 412 412 412 411 411 410 410 410 409 409 408 408 408 407 407 406 406 405 405 405 404 404 403 403 402 402 402 401 401 400 400 399 399 398 398 397 397 397 396 396 395 395 394 394 393 393 392 392 391 391 390 389 389 388 388 387 387 386 386 385 385 384 384 383 382 382 381 381 380 379 379 378 378 377
420 419 419 419 418 418 418 417 417 417 416 416 416 415 415 414 414 414 413 413 413 412 412 411 411 411 410 410 410 409 409 408 408 408 407 407 406 406 405 405 405 404 404 403 403 402 402 402 401 401 400 400 399 399 398 398 397 397 396 396 395 395 394 394 393 393 392 392 391 391 390 390 389 389 388 388 387 387 386 386 385 385 384 383 383 382 382 381 380 380 379 379 378 378
420 420 419 419 419 418 418 418 417 417 417 416 416 416 415 415 414 414 414 413 413 413 412 412 411 411 411 410 410 410 409 409 408 408 407 407 407 406 406 405 405 405 404 404 403 403 402 402 401 401 401 400 400 399 399 398 398 397 397 396 396 395 395 394 394 393 393 392 392 391 391 390 390 389 389 388 388 387 387 386 385 385 384 384 383 383 382 382 381 380 380 379 379 378
420 420 420 419 419 419 418 418 418 417 417 417 416 416 416 415 415 414 414 414 413 413 413 412 412 411 411 411 410 410 409 409 409 408 408 407 407 407 406 406 405 405 404 404 404 403 403 402 402 401 401 400 400 400 399 399 398 398 397 397 396 396 395 395 394 394 393 393 392 392 391 391 390 390 389 389 388 388 387 386 386 385 385 384 384 383 383 382 381 381 380 380 379 378
421 420 420 420 419 419 419 418 418 418 417 417 417 416 416 416 415 415 414 414 414 413 413 413 412 412 411 411 411 410 410 409 409 409 408 408 407 407 407 406 406 405 405 404 404 404 403 403 402 402 401 401 400 400 399 399 399 398 398 397 397 396 396 395 395 394 394 393 393 392 392 391 391 390 390 389 388 388 387 387 386 386 385 385 384 384 383 382 382 381 381 380 379 379
421 421 420 420 420 419 419 419 418 418 418 417 417 417 416 416 416 415 415 414 414 414 413 413 413 412 412 411 411 411 410 410 409 409 409 408 408 407 407 407 406 406 405 405 404 404 403 403 403 402 402 401 401 400 400 399 399 398 398 398 397 397 396 396 395 395 394 394 393 393 392 392 391 390 390 389 389 388 388 387 387 386 386 385 384 384 383 383 382 382 381 380 380 379
421 421 421 420 420 420 419 419 419 418 418 418 417 417 417 416 416 416 415 415 414 414 414 413 413 413 412 412 411 411 411 410 410 409 409 409 408 408 407 407 406 406 406 405 405 404 404 403 403 403 402 402 401 401 400 400 399 399 398 398 397 397 396 396 395 395 394 394 393 393 392 392 391 391 390 390 389 389 388 388 387 387 386 385 385 384 384 383 383 382 381 381 380 380
422 421 421 421 420 420 420 419 419 419 418 418 418 417 417 417 416 416 416 415 415 414 414 414 413 413 412 412 412 411 411 411 410 410 409 409 408 408 408 407 407 406 406 406 405 405 404 404 403 403 402 402 402 401 401 400 400 399 399 398 398 397 397 396 396 395 395 394 394 393 393 392 392 391 391 390 390 389 389 388 388 387 386 386 385 385 384 384 383 382 382 381 381 380
422 422 421 421 421 420 420 420 419 419 419 418 418 418 417 417 417 416 416 415 415 415 414 414 414 413 413 412 412 412 411 411 410 410 410 409 409 408 408 408 407 407 406 406 405 405 405 404 404 403 403 402 402 401 401 401 400 400 399 399 398 398 397 397 396 396 395 395 394 394 393 393 392 392 391 391 390 390 389 388 388 387 387 386 386 385 385 384 383 383 382 382 381 381
