testData/tiles/oneDegreeCosts/grid30.0-3.0-31.0-4.0.asc
ncols   200
nrows   200
xllcorner   30.0
yllcorner   3.0
cellsize   0.005
NODATA_value   -9999.0
[rows 42 to 83 of 200, columns 94 to 187 of 200]
290 290 290 289 289 289 288 288 287 287 287 286 286 287 286 286 285 285 285 284 284 283 283 283 282 282 281 281 280 280 279 279 279 278 278 277 277 276 284 283 283 282 282 281 281 281 281 280 280 279 278 278 277 277 276 276 275 274 274 273 272 272 271 270 270 269 268 268 267 267 267 267 267 267 267 267 267 267 267 267 267 267 267 267 267 267 267 267 267 267 267 267 267 267
290 290 289 289 289 288 288 288 287 287 287 286 287 286 286 286 285 285 284 284 284 283 283 282 282 281 281 281 280 280 279 279 278 278 277 277 277 284 284 283 283 282 282 282 281 281 280 280 279 279 278 278 277 276 276 275 275 274 273 273 272 271 271 270 269 269 268 267 267 267 267 267 267 267 267 267 267 267 267 267 267 267 267 267 267 267 267 267 267 267 267 267 267 267
290 290 289 289 289 288 288 287 287 287 286 286 287 286 286 285 285 285 284 284 283 283 283 282 282 281 281 280 280 280 279 279 278 278 277 277 277 284 283 283 282 282 282 282 281 281 280 280 279 279 278 277 277 276 276 275 274 274 273 273 272 271 271 270 269 268 268 267 267 267 267 267 267 267 267 267 267 267 267 267 267 267 267 267 267 267 267 267 267 267 267 267 267 267
290 289 289 289 288 288 288 287 287 287 286 287 286 286 286 285 285 284 284 284 283 283 282 282 282 281 281 280 280 279 279 278 278 277 277 277 284 284 283 283 282 283 282 282 281 280 280 279 279 278 278 277 277 276 275 275 274 274 273 272 272 271 270 270 269 268 267 267 267 267 267 267 267 267 267 267 267 267 267 267 267 267 267 267 267 267 267 267 267 267 267 267 267 267
290 289 289 289 288 288 287 287 287 287 287 287 286 286 285 285 285 284 284 283 283 283 282 282 281 281 280 280 280 279 279 278 278 277 277 284 284 283 283 283 283 282 282 281 281 280 280 279 279 278 277 277 276 276 275 274 274 273 273 272 271 271 270 269 269 268 267 267 267 267 267 267 267 267 267 267 267 267 267 267 267 267 267 267 267 267 267 267 267 267 267 267 267 267
289 289 289 288 288 288 287 287 287 287 287 286 286 286 285 285 284 284 284 283 283 282 282 282 281 281 280 280 279 279 278 278 278 277 285 284 284 283 284 283 283 282 282 281 281 280 279 279 278 278 277 277 276 275 275 274 274 273 272 272 271 270 270 269 268 268 267 267 267 267 267 267 267 267 267 267 267 267 267 267 267 267 267 267 267 267 267 267 267 267 267 267 267 267
289 289 289 288 288 287 287 287 287 287 287 286 286 285 285 285 284 284 283 283 283 282 282 281 281 280 280 280 279 279 278 278 278 285 284 284 284 284 283 283 282 282 281 281 280 280 279 279 278 278 277 276 276 275 275 274 273 273 272 271 271 270 269 269 268 267 267 267 267 267 267 267 267 267 267 267 267 267 267 267 267 267 267 267 267 267 267 267 267 267 267 267 267 267
289 289 288 288 288 287 287 288 287 287 286 286 286 285 285 284 284 284 283 283 282 282 282 281 281 280 280 279 279 278 278 278 285 285 284 284 284 284 283 283 282 282 281 281 280 279 279 278 278 277 277 276 276 275 274 274 273 272 272 271 270 270 269 268 268 267 267 267 267 267 267 267 267 267 267 267 267 267 267 267 267 267 267 267 267 267 267 267 267 267 267 267 267 267
289 289 288 288 287 287 288 287 287 287 286 286 285 285 285 284 284 283 283 283 282 282 281 281 280 280 280 279 279 278 278 285 285 284 284 284 284 283 283 282 282 281 281 280 280 279 279 278 278 277 276 276 275 275 274 273 273 272 271 271 270 269 269 268 267 267 267 267 267 267 267 267 267 267 267 267 267 267 267 267 267 267 267 267 267 267 267 267 267 267 267 267 267 267
289 288 288 288 287 287 288 287 287 286 286 286 285 285 284 284 284 283 283 282 282 282 281 281 280 280 279 279 278 278 286 285 285 284 285 284 284 283 283 282 282 281 281 280 280 279 278 278 277 277 276 276 275 274 274 273 272 272 271 271 270 269 268 268 267 267 267 267 267 267 267 267 267 267 267 267 267 267 267 267 267 267 267 267 267 267 267 267 267 267 267 267 267 267
289 288 288 287 287 288 287 287 287 286 286 285 285 285 284 284 283 283 283 282 282 281 281 280 280 280 279 279 278 278 285 285 285 285 284 284 283 283 282 282 281 281 280 280 279 279 278 278 277 276 276 275 275 274 273 273 272 272 271 270 270 269 268 267 267 267 267 267 267 267 267 267 267 267 267 267 267 267 267 267 267 267 267 267 267 267 267 267 267 267 267 267 267 267
288 288 288 287 288 288 287 287 286 286 286 285 285 284 284 284 283 283 282 282 282 281 281 280 280 279 279 278 278 286 285 285 285 285 284 284 283 283 282 282 281 281 280 280 279 278 278 277 277 276 276 275 274 274 273 273 272 271 271 270 269 269 268 267 267 267 267 267 267 267 267 267 267 518 518 518 518 518 518 518 518 518 518 518 518 518 518 518 518 518 518 518 518 518
288 288 288 288 288 287 287 287 286 286 285 285 285 284 284 283 283 283 282 282 281 281 280 280 280 279 279 278 286 285 285 285 285 284 284 283 283 282 282 281 281 281 536 535 535 534 534 533 533 532 531 531 530 530 529 528 528 527 526 526 525 524 524 523 522 522 522 521 520 519 518 518 518 518 518 518 518 518 518 518 518 518 518 518 518 518 518 518 518 518 518 518 518 518
288 288 288 288 287 287 287 286 286 286 285 285 284 284 284 283 283 282 282 538 537 537 536 536 535 535 534 542 542 541 542 541 541 540 540 539 539 538 538 537 537 536 536 535 535 534 533 533 532 532 531 530 530 529 529 528 527 527 526 525 525 524 523 523 523 522 521 520 520 519 518 518 518 518 518 518 518 518 518 518 518 518 518 518 518 518 518 518 518 518 518 518 518 518
288 543 544 544 543 543 543 542 542 541 541 541 540 540 539 539 539 538 538 537 537 536 536 536 535 535 542 542 542 542 541 541 540 540 539 539 538 538 537 537 536 536 535 535 534 534 533 533 532 531 531 530 530 529 528 528 527 526 526 525 525 525 524 523 522 522 521 520 519 518 518 518 518 518 518 518 518 518 518 518 518 518 518 518 518 518 518 518 518 518 518 518 518 518
544 544 544 543 543 543 542 542 542 541 541 540 540 540 539 539 538 538 538 537 537 536 536 535 535 542 542 542 542 542 541 541 540 540 539 539 538 538 537 537 536 536 535 535 534 533 533 532 532 531 531 530 529 529 528 527 527 526 525 525 525 524 524 523 522 521 521 520 519 518 518 518 518 518 518 518 518 518 518 518 518 518 518 518 518 518 518 518 518 518 518 518 518 477
544 544 544 543 543 542 542 542 541 541 541 540 540 539 539 539 538 538 537 537 536 536 536 535 535 542 542 542 542 541 541 540 540 539 539 538 538 537 537 536 536 535 535 534 534 533 533 532 531 531 530 530 529 528 528 527 526 526 526 525 525 524 523 522 522 521 520 519 519 518 518 518 518 518 518 518 518 518 518 518 518 518 518 518 518 518 518 518 518 518 518 518 518 477
544 544 543 543 543 542 542 542 541 541 540 540 540 539 539 538 538 537 537 537 536 536 535 535 542 542 543 542 542 541 541 540 540 539 539 538 538 537 537 536 536 535 535 534 533 533 532 532 531 531 530 529 529 528 527 527 526 526 526 525 524 524 523 522 521 521 520 519 518 518 518 518 518 518 518 518 518 518 518 518 518 518 518 518 518 518 518 518 518 518 518 518 477 477
544 544 543 543 542 542 542 541 541 541 540 540 539 539 539 538 538 537 537 536 536 536 535 543 542 543 542 542 541 541 540 540 539 539 538 538 537 537 536 536 535 535 534 534 533 533 532 531 531 530 530 529 528 528 527 527 527 526 525 525 524 523 523 522 521 520 519 519 518 518 518 518 518 518 518 518 518 518 518 518 518 518 518 518 518 518 518 518 518 518 518 518 477 477
544 543 543 543 542 542 541 541 541 540 540 540 539 539 538 538 537 537 537 536 536 536 543 543 543 543 542 542 541 541 540 540 539 539 538 538 537 537 536 536 535 535 534 533 533 532 532 531 531 530 529 529 528 528 528 527 526 526 525 524 524 523 522 521 521 520 519 518 518 518 518 518 518 518 518 518 518 518 518 518 518 518 518 518 518 518 518 518 518 518 518 518 477 477
543 543 543 542 542 542 541 541 540 540 540 539 539 538 538 538 537 537 536 536 536 536 543 543 543 542 542 541 541 540 540 539 539 538 538 537 537 536 536 535 535 534 534 533 533 532 531 531 530 530 529 528 528 528 527 527 526 525 525 524 523 523 522 521 520 519 519 518 518 518 518 518 518 518 518 518 518 518 518 518 518 518 518 518 518 518 518 518 518 518 518 477 477 477
543 543 543 542 542 541 541 541 540 540 539 539 539 538 538 537 537 537 536 536 536 543 543 543 542 542 542 541 541 540 540 539 539 538 538 537 537 536 536 535 535 534 533 533 532 532 531 531 530 529 529 528 528 528 527 526 526 525 524 524 523 522 521 521 520 519 518 518 518 518 518 518 518 518 518 518 518 518 518 518 518 518 518 518 518 518 518 518 518 518 518 477 477 477
543 543 542 542 542 541 541 540 540 540 539 539 538 538 538 537 537 536 536 536 543 543 543 543 542 542 541 541 540 540 539 539 538 538 537 537 536 536 535 535 534 534 533 533 532 531 531 530 530 529 529 529 528 527 527 526 525 525 524 523 523 522 521 520 520 519 518 518 518 518 518 518 518 518 518 518 518 518 518 518 518 518 518 518 518 518 518 518 518 518 477 477 477 477
543 542 542 542 541 541 541 540 540 539 539 539 538 538 537 537 537 536 536 543 543 543 543 542 542 542 541 541 540 540 539 539 538 538 537 537 536 536 535 535 534 533 533 532 532 531 531 530 530 530 529 528 528 527 526 526 525 524 524 523 522 521 521 520 519 518 518 518 518 518 518 518 518 518 518 518 518 518 518 518 518 518 518 518 518 518 518 518 518 518 477 477 477 477
543 542 542 542 541 541 540 540 540 539 539 538 538 538 537 537 536 536 536 543 544 543 543 542 542 541 541 540 540 539 539 538 538 537 537 536 536 535 535 534 534 533 533 532 531 531 530 530 530 529 529 528 527 527 526 525 525 524 523 523 522 521 520 520 519 518 518 518 518 518 518 518 518 518 518 518 518 518 518 518 518 518 518 518 518 518 518 518 518 478 478 478 480 480
542 542 542 541 541 541 540 540 539 539 539 538 538 537 537 536 536 536 543 543 543 543 542 542 541 541 541 540 540 539 539 538 538 537 537 536 536 535 534 534 533 533 532 532 531 531 530 530 530 529 528 528 527 526 526 525 524 524 523 522 521 521 520 519 518 518 518 518 518 518 518 518 518 518 518 518 519 519 519 520 520 520 521 521 521 522 522 522 524 483 483 483 484 484
542 542 541 541 541 540 540 540 539 539 538 538 537 537 537 536 536 543 543 543 543 543 542 542 541 541 540 540 539 539 538 538 537 537 536 536 535 535 534 534 533 533 532 531 531 531 531 530 529 529 528 527 527 526 525 525 524 523 523 522 521 520 520 519 518 518 518 519 519 519 520 520 521 521 521 522 522 522 523 523 523 524 524 524 526 526 526 527 486 486 486 487 487 487
542 542 541 541 540 540 540 539 539 538 538 538 537 537 536 536 544 543 544 543 543 542 542 541 541 541 540 540 539 539 538 538 537 537 536 536 535 534 534 533 533 532 532 531 531 531 530 530 529 528 528 527 526 526 525 524 524 523 522 522 521 521 520 520 520 520 521 521 522 522 522 523 523 524 524 524 525 525 525 526 526 526 528 528 528 529 529 529 488 489 489 489 490 490
542 541 541 541 540 540 539 539 539 538 538 537 537 537 536 536 543 543 543 543 543 542 542 541 541 540 540 539 539 538 538 537 537 536 536 535 535 534 534 533 532 532 531 531 531 531 530 529 529 528 527 527 526 525 525 524 524 524 523 523 522 523 522 521 522 522 523 523 523 524 524 525 525 525 526 526 526 527 527 528 529 529 529 530 530 530 531 531 490 491 491 491 491 492
542 541 541 540 540 540 539 539 538 538 538 537 537 536 536 543 543 544 543 543 542 542 541 541 540 540 539 539 539 538 538 537 537 536 535 535 534 534 533 533 532 532 531 531 531 530 530 529 528 528 527 526 526 525 525 525 524 524 523 524 523 523 522 523 523 523 524 524 525 525 525 526 526 526 527 527 528 529 529 530 530 530 531 531 531 531 532 491 491 492 492 492 492 493
541 541 541 540 540 539 539 539 538 538 537 537 537 536 544 543 544 543 543 542 542 542 541 541 540 540 539 539 538 538 537 537 536 536 535 535 534 534 533 532 532 532 532 531 531 530 529 529 528 527 527 526 525 525 525 524 525 524 524 523 524 523 522 523 523 524 524 525 525 525 526 526 526 527 527 529 529 529 530 530 530 531 531 531 532 532 532 491 492 492 492 493 493 493
541 541 540 540 540 539 539 538 538 538 537 537 536 536 543 543 544 543 543 542 542 541 541 540 540 539 539 538 538 537 537 536 536 535 535 534 534 533 533 532 532 532 531 531 530 530 529 528 528 527 526 526 525 524 525 524 523 523 523 523 522 522 522 523 523 523 524 524 525 525 525 526 526 527 528 528 529 529 529 530 530 530 531 531 531 531 491 491 491 492 492 492 492 493
541 540 540 540 539 539 538 538 538 537 537 536 536 544 543 544 543 543 542 542 541 541 541 540 540 539 539 538 538 537 537 536 536 535 535 534 534 533 532 532 532 532 531 530 530 529 529 528 527 527 526 525 525 524 523 523 522 522 521 522 521 521 521 521 522 522 523 523 523 524 524 525 526 526 527 527 527 528 528 528 529 529 529 530 530 530 490 490 490 491 491 491 491 492
465 464 540 539 539 539 538 538 537 537 537 536 544 543 543 543 543 543 542 542 541 541 540 540 539 539 538 538 537 537 536 536 535 535 534 534 533 533 532 532 532 531 531 530 530 529 528 528 527 526 526 525 524 524 523 522 521 521 520 519 518 519 519 520 520 520 521 521 522 522 523 524 524 525 525 525 526 526 526 527 527 527 528 528 528 488 488 488 488 489 489 489 490 490
464 464 464 463 539 538 538 538 537 537 536 536 543 543 544 543 543 542 542 541 541 540 540 540 539 539 538 538 537 537 536 536 535 535 534 533 533 532 532 532 532 531 530 530 529 529 528 527 527 526 525 525 524 523 523 522 521 520 519 519 518 518 518 518 518 518 518 519 519 520 521 521 522 522 522 523 523 523 524 524 524 525 525 525 526 485 485 486 486 486 486 487 487 487
464 464 463 463 463 462 462 537 537 536 536 544 543 544 543 543 542 542 542 541 541 540 540 539 539 538 538 537 537 536 536 535 535 534 534 533 533 532 532 532 531 531 530 529 529 528 528 527 526 526 525 524 524 523 522 521 521 520 519 518 518 518 518 518 518 518 518 519 519 519 519 519 519 519 519 519 520 520 520 521 521 521 522 522 481 482 482 482 483 483 483 483 484 484
464 463 463 463 462 462 461 461 461 536 544 543 543 544 543 543 542 542 541 541 540 540 539 539 538 538 538 537 537 536 535 535 534 534 533 533 532 533 532 532 531 530 530 529 529 528 527 527 526 525 525 524 523 522 522 521 520 519 519 518 518 518 518 518 518 518 519 519 519 519 519 519 519 519 519 519 519 519 519 519 519 519 519 519 478 478 478 478 478 479 479 479 480 480
464 463 463 462 462 462 461 461 461 461 468 543 544 543 543 542 542 541 541 541 540 540 539 539 538 538 537 537 536 536 535 535 534 534 533 532 532 532 532 531 531 530 529 529 528 528 527 526 526 525 524 524 523 522 521 521 520 519 518 518 518 518 518 518 518 519 519 519 519 519 519 519 519 519 519 519 519 519 519 519 519 519 519 478 478 478 478 478 478 478 478 478 478 478
463 463 463 462 462 461 461 461 461 468 467 467 467 467 543 542 542 541 541 540 540 539 539 538 538 537 537 536 536 535 535 534 534 533 533 532 533 532 531 531 530 530 529 528 528 527 527 526 525 525 524 523 522 522 521 520 519 519 518 518 518 518 518 518 519 519 519 519 519 519 519 519 519 519 519 519 519 519 519 519 519 519 519 478 478 478 478 478 478 478 478 478 478 478
463 463 462 462 461 461 461 461 468 467 467 468 467 467 466 466 541 541 540 540 540 539 539 538 538 537 537 536 536 535 535 534 533 533 533 533 532 532 531 531 530 529 529 528 527 527 526 525 525 524 523 523 522 521 520 520 519 518 518 518 518 518 519 519 519 519 519 519 519 519 519 519 519 519 519 519 519 519 519 519 519 519 478 478 478 478 478 478 478 478 478 478 478 478
463 462 462 462 461 461 461 461 468 467 467 467 467 466 466 466 465 465 464 540 539 539 538 538 537 537 536 536 535 535 534 534 533 533 533 533 532 531 531 530 530 529 528 528 527 526 526 525 524 524 523 522 522 521 520 519 518 518 518 518 518 519 519 519 519 519 519 519 519 519 519 519 519 519 519 519 519 519 519 519 519 519 478 478 478 478 478 478 478 478 478 478 478 478
463 462 462 461 461 461 461 468 467 467 467 467 467 466 466 465 465 464 464 463 463 538 538 538 537 537 536 536 535 534 534 533 533 533 533 532 532 531 530 530 529 529 528 527 527 526 525 525 524 523 523 522 521 520 520 519 518 518 518 518 519 519 519 519 519 519 519 519 519 519 519 519 519 519 519 519 519 519 519 519 519 478 478 478 478 478 478 478 478 478 478 478 478 478
