testData/tiles/oneDegreeCosts/grid12.0-40.0-13.0-41.0.asc
ncols   200
nrows   200
xllcorner   12.0
yllcorner   40.0
cellsize   0.005
NODATA_value   -9999.0
[rows 42 to 83 of 200, columns 94 to 187 of 200]
388 388 389 390 392 393 394 395 396 397 398 399 399 400 401 402 402 403 404 404 405 405 406 406 406 407 407 407 408 408 408 408 409 409 409 409 409 409 409 432 432 431 431 431 431 430 430 430 429 429 429 428 428 427 427 426 425 425 424 423 422 422 421 420 419 418 417 416 415 415 414 413 412 410 409 407 406 404 402 401 399 397 395 393 390 388 386 383 380 378 375 371 368 364
386 388 389 390 392 393 394 395 396 397 398 399 399 400 401 402 402 403 404 404 405 405 406 406 406 407 407 407 408 408 408 408 408 409 409 409 409 409 432 432 431 431 431 431 431 430 430 430 429 429 429 428 428 427 427 426 425 425 424 423 422 422 421 420 419 418 417 416 417 415 414 413 411 410 409 407 406 404 402 400 399 397 395 393 390 388 386 383 380 378 375 371 368 364
386 388 389 390 391 393 394 395 396 397 398 398 399 400 401 402 402 403 404 404 405 405 406 406 406 407 407 407 408 408 408 408 408 409 409 409 409 432 432 432 431 431 431 431 431 430 430 430 429 429 429 428 428 427 427 426 425 425 424 423 422 421 421 420 419 418 419 418 416 415 414 413 411 410 409 407 406 404 402 400 399 397 395 393 390 388 386 383 380 378 375 371 368 364
386 388 389 390 391 393 394 395 396 397 398 398 399 400 401 402 402 403 403 404 405 405 406 406 406 407 407 407 408 408 408 408 408 409 409 409 432 432 432 432 431 431 431 431 431 430 430 430 429 429 429 428 428 427 426 426 425 425 424 423 422 421 421 420 419 420 419 418 416 415 414 413 411 410 409 407 405 404 402 400 399 397 395 392 390 388 386 383 380 377 374 371 368 364
386 388 389 390 391 393 394 395 396 397 398 398 399 400 401 402 402 403 403 404 405 405 406 406 406 407 407 407 408 408 408 408 408 408 409 432 432 432 432 431 431 431 431 431 431 430 430 430 429 429 429 428 428 427 426 426 425 425 424 423 422 421 421 420 421 420 419 418 416 415 414 413 411 410 409 407 405 404 402 400 398 397 395 392 390 388 385 383 380 377 374 371 368 364
386 388 389 390 391 392 394 395 396 397 397 398 399 400 401 401 402 403 403 404 405 405 405 406 406 407 407 407 408 408 408 408 408 408 432 432 432 432 432 431 431 431 431 431 431 430 430 430 429 429 428 428 428 427 426 426 425 424 424 423 422 421 421 422 421 420 419 417 416 415 414 413 411 410 408 407 405 404 402 400 398 396 394 392 390 388 385 383 380 377 374 371 368 364
386 388 389 390 391 392 394 395 396 397 397 398 399 400 401 401 402 403 403 404 404 405 405 406 406 407 407 407 408 408 408 408 408 431 431 432 432 432 431 431 431 431 431 431 431 430 430 430 429 429 428 428 427 427 426 426 425 424 424 423 422 423 422 422 421 420 419 417 416 415 414 413 411 410 408 407 405 404 402 400 398 396 394 392 390 388 385 383 380 377 374 371 368 364
386 388 389 390 391 392 394 395 396 397 397 398 399 400 401 401 402 403 403 404 404 405 405 406 406 407 407 407 408 408 408 408 431 431 431 432 432 432 431 431 431 431 431 431 431 430 430 430 429 429 428 428 427 427 426 426 425 424 424 423 424 423 422 422 421 420 419 417 416 415 414 413 411 410 408 407 405 404 402 400 398 396 394 392 390 388 385 383 380 377 374 371 368 364
386 388 389 390 391 392 393 395 396 396 397 398 399 400 401 401 402 403 403 404 404 405 405 406 406 407 407 407 407 408 408 431 431 431 431 431 431 431 431 431 431 431 431 431 430 430 430 430 429 429 428 428 427 427 426 426 425 424 424 425 424 423 422 421 421 420 418 417 416 415 414 413 411 410 408 407 405 404 402 400 398 396 394 392 390 388 385 383 380 377 374 371 368 364
386 387 389 390 391 392 393 394 395 396 397 398 399 400 401 401 402 403 403 404 404 405 405 406 406 407 407 407 407 408 431 431 431 431 431 431 431 431 431 431 431 431 431 431 430 430 430 430 429 429 428 428 427 427 426 426 425 424 426 425 424 423 422 421 420 419 418 417 416 415 414 412 411 410 408 407 405 404 402 400 398 396 394 392 390 388 385 383 380 377 374 371 367 364
386 387 389 390 391 392 393 394 395 396 397 398 399 400 401 401 402 403 403 404 404 405 405 406 406 406 407 407 407 431 431 431 431 431 431 431 431 431 431 431 431 431 431 431 430 430 430 429 429 429 428 428 427 427 426 426 427 426 426 425 424 423 422 421 420 419 418 417 416 415 414 412 411 410 408 407 405 404 402 400 398 396 394 392 390 388 385 383 380 377 374 371 367 364
386 387 389 390 391 392 393 394 395 396 397 398 399 400 401 401 402 403 403 404 404 405 405 406 406 406 407 407 430 431 431 431 431 431 431 431 431 431 431 431 431 431 431 431 430 430 430 429 429 429 428 428 427 427 426 428 427 426 426 425 424 423 422 421 420 419 418 417 416 415 414 412 411 410 408 407 405 403 402 400 398 396 394 392 390 388 385 383 380 377 374 371 367 364
386 387 389 390 391 392 393 394 395 396 397 398 399 400 400 401 402 403 403 404 404 405 405 406 406 406 407 430 430 431 431 431 431 431 431 431 431 431 431 431 431 431 431 431 430 430 430 429 429 429 428 428 427 427 428 428 427 426 425 425 424 423 422 421 420 419 418 417 416 415 414 412 411 410 408 407 405 403 402 400 398 396 394 392 390 387 385 382 380 377 374 371 367 363
386 387 389 390 391 392 393 394 395 396 397 398 399 400 400 401 402 402 403 404 404 405 405 406 406 406 430 430 430 431 431 431 431 431 431 431 431 431 431 431 431 431 431 431 430 430 430 429 429 429 428 428 427 429 428 427 427 426 425 425 424 423 422 421 420 419 418 417 416 415 414 412 411 410 408 407 405 403 402 400 398 396 394 392 390 387 385 382 380 377 374 371 367 363
386 387 389 390 391 392 393 394 395 396 397 398 399 400 400 401 402 402 403 404 404 405 405 406 406 429 430 430 430 430 431 431 431 431 431 431 431 431 431 431 431 431 431 430 430 430 430 429 429 429 428 428 429 429 428 427 427 426 425 425 424 423 422 421 420 419 418 417 416 415 414 412 411 410 408 407 405 403 402 400 398 396 394 392 390 387 385 382 380 377 374 370 367 363
386 387 388 390 391 392 393 394 395 396 397 398 399 400 400 401 402 402 403 404 404 405 405 406 429 429 430 430 430 430 431 431 431 431 431 431 431 431 431 431 431 431 431 430 430 430 430 429 429 429 428 430 429 429 428 427 427 426 425 425 424 423 422 421 420 419 418 417 416 415 413 412 411 409 408 406 405 403 402 400 398 396 394 392 390 387 385 382 380 377 374 370 367 363
386 387 388 390 391 392 393 394 395 396 397 398 399 400 400 401 402 402 403 404 404 405 405 428 429 429 430 430 430 430 431 431 431 431 431 431 431 431 431 431 431 431 431 430 430 430 430 429 429 429 430 430 429 429 428 427 427 426 425 425 424 423 422 421 420 419 418 417 416 415 413 412 411 409 408 406 405 403 401 400 398 396 394 392 390 387 385 382 379 377 374 370 367 363
386 387 388 390 391 392 393 394 395 396 397 398 399 399 400 401 402 402 403 403 404 405 428 428 429 429 430 430 430 430 431 431 431 431 431 431 431 431 431 431 431 431 431 430 430 430 430 429 429 430 430 430 429 428 428 427 427 426 425 424 424 423 422 421 420 419 418 417 416 415 413 412 411 409 408 406 405 403 401 400 398 396 394 392 389 387 385 382 379 377 373 370 367 363
386 387 388 390 391 392 393 394 395 396 397 398 399 399 400 401 402 402 403 403 404 427 428 428 429 429 429 430 430 430 431 431 431 431 431 431 431 431 431 431 431 431 431 430 430 430 429 429 431 430 430 429 429 428 428 427 427 426 425 424 424 423 422 421 420 419 418 417 416 415 413 412 411 409 408 406 405 403 401 400 398 396 394 392 389 387 385 382 379 376 373 370 367 363
386 387 388 390 391 392 393 394 395 396 397 398 399 399 400 401 402 402 403 403 427 427 428 428 429 429 429 430 430 430 430 431 431 431 431 431 431 431 431 431 431 431 430 430 430 430 431 431 431 430 430 429 429 428 428 427 427 426 425 424 424 423 422 421 420 419 418 417 416 415 413 412 411 409 408 406 405 403 401 400 398 396 394 392 389 387 385 382 379 376 373 370 367 363
386 387 388 389 391 392 393 394 395 396 397 398 399 399 400 401 402 402 403 426 427 427 428 428 429 429 429 430 430 430 430 431 431 431 431 431 431 431 431 431 431 431 430 430 430 432 431 431 431 430 430 429 429 428 428 427 427 426 425 424 424 423 422 421 420 419 418 417 416 414 413 412 411 409 408 406 405 403 401 399 398 396 394 391 389 387 384 382 379 376 373 370 366 363
386 387 388 389 391 392 393 394 395 396 397 398 398 399 400 401 401 402 403 426 427 427 428 428 429 429 429 430 430 430 430 431 431 431 431 431 431 431 431 431 431 431 430 430 432 432 431 431 431 430 430 429 429 428 428 427 426 426 425 424 423 423 422 421 420 419 418 417 416 414 413 412 411 409 408 406 405 403 401 399 398 396 394 391 389 387 384 382 379 376 373 370 366 363
385 387 388 389 391 392 393 394 395 396 397 398 398 399 400 401 401 402 426 426 427 427 428 428 429 429 429 430 430 430 430 430 431 431 431 431 431 431 431 431 431 430 430 432 432 432 431 431 431 430 430 429 429 428 428 427 426 426 425 424 423 423 422 421 420 419 418 417 416 414 413 412 410 409 408 406 404 403 401 399 397 396 393 391 389 387 384 382 379 376 373 370 366 363
385 387 388 389 390 392 393 394 395 396 397 398 398 399 400 401 401 425 426 426 427 427 428 428 429 429 429 430 430 430 430 430 431 431 431 431 431 431 431 431 431 430 432 432 432 432 431 431 431 430 430 429 429 428 428 427 426 426 425 424 423 423 422 421 420 419 418 417 415 414 413 412 410 409 408 406 404 403 401 399 397 395 393 391 389 387 384 382 379 376 373 370 366 362
385 387 388 389 390 392 393 394 395 396 397 397 398 399 400 401 424 425 426 426 427 427 428 428 428 429 429 430 430 430 430 430 431 431 431 431 431 431 431 431 431 432 432 432 432 432 431 431 430 430 430 429 429 428 428 427 426 426 425 424 423 422 422 421 420 419 418 417 415 414 413 412 410 409 407 406 404 403 401 399 397 395 393 391 389 387 384 382 379 376 373 370 366 362
385 387 388 389 390 392 393 394 395 396 397 397 398 399 400 424 424 425 426 426 427 427 428 428 428 429 429 429 430 430 430 430 430 431 431 431 431 431 431 431 432 432 432 432 432 431 431 431 430 430 430 429 429 428 428 427 426 426 425 424 423 422 422 421 420 419 418 417 415 414 413 412 410 409 407 406 404 403 401 399 397 395 393 391 389 387 384 381 379 376 373 369 366 362
385 387 388 389 390 391 393 394 395 396 397 397 398 399 423 424 424 425 425 426 427 427 428 428 428 429 429 429 430 430 430 430 430 431 431 431 431 431 431 433 432 432 432 432 432 431 431 431 430 430 430 429 429 428 427 427 426 426 425 424 423 422 422 421 420 419 418 416 415 414 413 412 410 409 407 406 404 403 401 399 397 395 393 391 389 386 384 381 379 376 373 369 366 362
385 387 388 389 390 391 393 394 395 396 396 397 398 422 423 423 424 425 425 426 427 427 428 428 428 429 429 429 430 430 430 430 430 431 431 431 431 431 433 433 432 432 432 432 432 431 431 431 430 430 430 429 429 428 427 427 426 425 425 424 423 422 421 421 420 419 418 416 415 414 413 412 410 409 407 406 404 403 401 399 397 395 393 391 389 386 384 381 379 376 373 369 366 362
385 386 388 389 390 391 392 394 395 395 396 397 421 422 423 423 424 425 425 426 426 427 427 428 428 429 429 429 430 430 430 430 430 430 431 431 431 433 433 432 432 432 432 432 432 431 431 431 430 430 429 429 428 428 427 427 426 425 425 424 423 422 421 420 420 419 417 416 415 414 413 411 410 409 407 406 404 402 401 399 397 395 393 391 389 386 384 381 378 376 372 369 366 362
385 386 388 389 390 391 392 393 394 395 396 420 421 422 423 423 424 425 425 426 426 427 427 428 428 429 429 429 430 430 430 430 430 430 430 431 433 433 432 432 432 432 432 432 432 431 431 431 430 430 429 429 428 428 427 427 426 425 425 424 423 422 421 420 419 418 417 416 415 414 413 411 410 409 407 406 404 402 401 399 397 395 393 391 389 386 384 381 378 375 372 369 366 362
385 386 388 389 390 391 392 393 394 395 396 420 421 422 423 423 424 425 425 426 426 427 427 428 428 429 429 429 429 430 430 430 430 430 430 432 432 432 432 432 432 432 432 432 431 431 431 431 430 430 429 429 428 428 427 427 426 425 425 424 423 422 421 420 419 418 417 416 415 414 413 411 410 409 407 406 404 402 401 399 397 395 393 391 388 386 384 381 378 375 372 369 365 362
385 386 388 389 390 391 392 393 394 395 419 420 421 422 423 423 424 425 425 426 426 427 427 428 428 429 429 429 429 430 430 430 430 430 430 432 432 432 432 432 432 432 432 432 431 431 431 431 430 430 429 429 428 428 427 427 426 425 425 424 423 422 421 420 419 418 417 416 415 414 413 411 410 409 407 406 404 402 401 399 397 395 393 391 388 386 384 381 378 375 372 369 365 362
385 386 388 389 390 391 392 393 394 418 419 420 421 422 422 423 424 425 425 426 426 427 427 428 428 428 429 429 429 430 430 430 430 430 432 432 432 432 432 432 432 432 432 432 431 431 431 430 430 430 429 429 428 428 427 427 426 425 424 424 423 422 421 420 419 418 417 416 415 414 413 411 410 408 407 405 404 402 400 399 397 395 393 391 388 386 383 381 378 375 372 369 365 361
385 386 387 389 390 391 392 393 417 418 419 420 421 422 422 423 424 424 425 426 426 427 427 428 428 428 429 429 429 430 430 430 430 432 432 432 432 432 432 432 432 432 432 432 431 431 431 430 430 430 429 429 428 428 427 426 426 425 424 424 423 422 421 420 419 418 417 416 415 414 412 411 410 408 407 405 404 402 400 399 397 395 393 391 388 386 383 381 378 375 372 369 365 361
385 386 387 389 390 391 392 416 417 418 419 420 421 422 422 423 424 424 425 426 426 427 427 428 428 428 429 429 429 429 430 430 432 432 432 432 432 432 432 432 432 432 432 431 431 431 431 430 430 430 429 429 428 428 427 426 426 425 424 424 423 422 421 420 419 418 417 416 415 414 412 411 410 408 407 405 404 402 400 398 397 395 393 390 388 386 383 381 378 375 372 369 365 361
385 386 387 389 390 391 415 416 417 418 419 420 421 422 422 423 424 424 425 426 426 427 427 427 428 428 429 429 429 429 430 432 432 432 432 432 432 432 432 432 432 432 432 431 431 431 431 430 430 429 429 429 428 428 427 426 426 425 424 424 423 422 421 420 419 418 417 416 415 414 412 411 410 408 407 405 404 402 400 398 397 395 392 390 388 386 383 381 378 375 372 368 365 361
385 386 387 388 390 391 415 416 417 418 419 420 421 421 422 423 424 424 425 425 426 427 427 427 428 428 429 429 429 429 432 432 432 432 432 432 432 432 432 432 432 432 432 431 431 431 431 430 430 429 429 429 428 427 427 426 426 425 424 423 423 422 421 420 419 418 417 416 415 413 412 411 410 408 407 405 404 402 400 398 396 394 392 390 388 386 383 380 378 375 372 368 365 361
385 386 387 388 390 414 415 416 417 418 419 420 421 421 422 423 424 424 425 425 426 426 427 427 428 428 428 429 429 431 432 432 432 432 432 432 432 432 432 432 432 432 432 431 431 431 430 430 430 429 429 428 428 427 427 426 426 425 424 423 423 422 421 420 419 418 417 416 415 413 412 411 410 408 407 405 403 402 400 398 396 394 392 390 388 386 383 380 378 375 372 368 365 361
384 386 387 388 413 414 415 416 417 418 419 420 421 421 422 423 424 424 425 425 426 426 427 427 428 428 428 429 431 431 431 432 432 432 432 432 432 432 432 432 432 432 431 431 431 431 430 430 430 429 429 428 428 427 427 426 426 425 424 423 423 422 421 420 419 418 417 416 415 413 412 411 409 408 407 405 403 402 400 398 396 394 392 390 388 385 383 380 378 375 371 368 365 361
384 386 387 411 412 414 415 416 417 418 419 420 420 421 422 423 423 424 425 425 426 426 427 427 428 428 428 431 431 431 431 432 432 432 432 432 432 432 432 432 432 432 431 431 431 431 430 430 430 429 429 428 428 427 427 426 425 425 424 423 422 422 421 420 419 418 417 416 414 413 412 411 409 408 406 405 403 402 400 398 396 394 392 390 388 385 383 380 377 374 371 368 364 361
384 386 410 411 412 414 415 416 417 418 419 420 420 421 422 423 423 424 425 425 426 426 427 427 428 428 430 431 431 431 431 432 432 432 432 432 432 432 432 432 432 432 431 431 431 431 430 430 430 429 429 428 428 427 427 426 425 425 424 423 422 422 421 420 419 418 417 416 414 413 412 411 409 408 406 405 403 402 400 398 396 394 392 390 388 385 383 380 377 374 371 368 364 360
384 386 410 411 412 414 415 416 417 418 419 419 420 421 422 423 423 424 425 425 426 426 427 427 428 428 430 431 431 431 431 431 432 432 432 432 432 432 432 432 432 431 431 431 431 431 430 430 430 429 429 428 428 427 427 426 425 425 424 423 422 421 421 420 419 418 417 416 414 413 412 411 409 408 406 405 403 401 400 398 396 394 392 390 388 385 383 380 377 374 371 368 364 360
