testData/tiles/oneDegreeCosts/grid39.0-37.0-40.0-38.0.asc
ncols   200
nrows   200
xllcorner   39.0
yllcorner   37.0
cellsize   0.005
NODATA_value   -9999.0
[rows 84 to 125 of 200, columns 0 to 93 of 200]
807 805 806 805 805 805 804 802 802 761 760 759 759 759 759 759 759 759 759 759 759 759 759 759 759 759 759 759 759 789 788 786 786 786 785 783 782 782 779 780 778 777 775 776 774 773 772 770 769 767 767 766 764 763 762 760 759 758 757 756 754 753 751 749 748 748 745 745 744 741 740 738 737 736 733 732 729 729 727 725 723 721 721 719 717 715 713 711 709 707 705 702 700 699
805 805 804 804 803 802 802 801 801 759 759 759 759 759 759 759 759 759 759 759 759 759 759 759 759 759 759 759 759 788 786 787 785 784 782 782 781 780 779 777 776 776 775 773 773 770 769 769 767 767 765 764 762 763 760 758 758 756 755 753 753 751 750 748 746 746 744 742 741 741 738 736 734 732 732 729 729 726 725 724 721 720 717 716 714 711 710 708 707 705 702 700 697 695
803 803 802 802 801 802 801 800 800 759 759 759 759 759 759 759 759 759 759 759 759 759 759 759 759 759 759 759 759 786 786 784 783 783 781 781 779 779 777 777 774 774 773 771 771 769 768 767 766 765 764 763 760 759 758 757 757 755 753 753 750 748 747 746 746 744 743 741 738 737 735 735 733 731 729 729 726 724 722 721 721 718 717 713 711 710 707 706 703 700 699 696 695 692
803 802 801 800 801 799 799 798 799 797 759 759 759 759 759 759 759 759 759 759 759 759 759 759 759 759 759 759 759 786 784 783 782 780 781 779 778 776 776 774 774 773 771 770 769 768 767 767 764 763 761 759 760 758 758 756 754 753 751 750 748 747 746 745 743 741 741 738 737 735 734 732 730 729 726 727 725 723 721 719 717 715 713 710 708 707 706 703 700 698 696 695 692 689
801 801 800 799 798 798 798 797 796 796 759 759 759 759 759 759 759 759 759 759 759 759 759 759 759 759 759 759 783 783 783 781 780 779 778 777 777 774 774 773 772 770 771 768 767 767 764 764 763 761 760 759 758 757 755 754 753 750 750 748 747 745 744 743 741 739 738 737 734 734 731 730 730 727 726 723 722 720 718 717 714 713 711 708 706 703 703 700 698 696 693 691 689 686
801 799 798 799 798 796 795 795 795 793 759 759 759 759 759 759 759 759 759 759 759 759 759 759 759 759 759 759 784 781 781 779 778 778 777 775 774 773 773 772 770 769 767 766 766 765 764 761 761 759 758 758 756 755 753 752 749 750 747 746 746 743 742 740 739 738 736 734 732 731 730 728 726 726 723 721 719 717 716 713 712 709 706 707 704 703 699 698 695 692 690 686 684 681
799 798 797 796 795 795 795 793 793 792 793 759 759 759 759 759 759 759 759 759 759 759 759 759 759 759 759 759 781 780 780 777 778 776 775 774 773 771 771 770 768 768 766 765 764 763 762 761 758 757 757 754 754 753 751 750 748 746 746 744 743 742 740 739 737 734 733 732 732 730 728 726 723 722 720 718 716 715 713 711 710 707 705 703 701 698 695 694 691 689 686 682 679 676
797 796 795 796 794 793 794 793 792 790 790 759 759 759 759 759 759 759 759 759 759 759 759 759 759 759 759 759 780 778 777 777 775 775 773 772 770 771 769 768 767 764 764 764 763 761 759 758 756 757 755 754 751 750 749 746 747 746 744 742 741 739 737 736 734 734 732 731 728 726 725 723 722 719 718 716 713 712 710 708 706 705 703 699 698 695 693 690 687 684 681 677 674 672
796 795 794 794 793 792 793 790 791 789 789 759 759 759 759 759 759 759 759 759 759 759 759 759 759 759 759 759 778 777 776 775 774 774 771 771 770 768 767 766 765 764 762 761 760 759 758 756 756 754 752 751 750 749 747 746 744 743 742 740 739 737 735 734 733 731 730 728 726 724 722 721 718 716 714 713 713 710 708 705 703 701 698 696 693 692 689 685 683 678 676 672 671 658
794 794 792 793 791 790 791 789 789 787 788 759 759 759 759 759 759 759 759 759 759 759 759 759 759 759 759 759 776 774 774 774 772 770 770 768 769 767 766 764 762 763 761 761 758 757 755 753 754 752 751 749 747 746 746 744 742 741 739 738 735 735 734 732 731 728 727 725 723 721 719 718 716 714 713 711 708 706 704 702 700 697 696 692 689 686 683 681 676 673 673 659 658 657
792 792 792 791 789 789 788 788 787 787 786 785 759 759 759 759 759 759 759 759 759 759 759 759 759 759 759 759 774 773 772 771 771 769 768 768 765 764 764 762 761 760 759 757 756 755 753 753 751 750 748 748 746 743 743 742 740 739 737 735 734 732 731 730 727 727 724 722 721 718 717 714 714 713 709 708 705 703 701 699 696 692 690 688 685 682 678 675 673 660 660 659 658 656
792 790 790 789 789 787 787 786 786 785 785 783 759 759 759 759 759 759 759 759 759 759 759 759 759 759 759 759 773 771 772 770 768 767 766 766 764 763 761 760 760 758 757 755 754 752 753 751 750 748 746 745 742 744 741 740 738 735 734 733 732 731 729 727 725 723 721 719 718 717 714 713 710 708 707 703 702 700 697 696 696 740 735 733 729 725 725 711 712 710 709 709 707 707
789 789 789 788 786 787 786 784 783 783 783 781 759 759 759 759 759 759 759 759 759 759 759 759 759 759 759 759 770 769 768 768 767 764 764 763 763 761 759 758 757 756 755 754 751 751 750 747 747 746 744 742 742 740 738 736 735 734 732 731 730 727 726 724 723 721 719 718 718 762 761 760 758 755 753 751 748 745 743 740 737 734 730 727 727 714 712 711 710 709 708 707 707 705
789 786 787 786 785 784 783 784 782 782 780 780 759 759 759 759 759 759 759 759 759 759 759 759 759 759 759 771 768 768 767 765 764 764 762 761 760 758 757 756 756 754 753 751 749 750 747 747 744 743 741 740 740 738 736 734 732 731 731 731 777 776 773 772 769 768 767 763 762 760 759 756 753 751 748 747 744 742 738 734 731 728 728 714 713 712 711 711 710 709 708 706 706 704
787 785 786 783 784 782 783 780 780 780 779 778 776 759 759 759 759 759 759 759 759 759 759 759 759 759 759 766 766 767 765 764 762 761 760 760 758 757 754 755 753 751 751 749 747 747 746 744 743 741 740 740 740 785 784 782 781 779 777 776 774 773 772 769 766 764 762 761 759 756 755 752 751 747 745 741 738 736 731 730 728 716 715 713 713 711 711 709 708 708 707 707 705 705
784 784 783 783 782 780 781 780 779 777 777 776 775 759 759 759 759 759 759 759 759 759 759 759 759 759 759 766 763 763 762 760 761 759 758 757 756 755 753 753 750 750 748 747 747 747 793 791 789 788 788 786 785 782 780 779 776 776 775 773 771 768 767 765 763 762 759 758 756 753 751 748 745 743 740 737 733 730 730 715 715 714 713 712 712 711 710 709 708 707 707 705 704 703
783 782 782 781 780 779 778 777 776 777 774 774 773 759 759 759 759 759 759 759 759 759 759 759 759 759 759 762 762 761 759 759 756 756 756 754 754 753 753 753 800 797 796 795 793 792 790 789 788 786 784 783 781 780 778 776 775 772 771 770 768 767 764 762 760 757 755 753 752 750 746 744 740 738 734 731 730 716 716 716 715 714 713 712 710 710 709 708 707 706 706 704 704 703
782 779 779 779 778 777 777 776 775 775 774 773 771 759 759 759 759 759 759 759 759 759 759 759 759 759 759 761 759 759 759 756 756 756 802 802 801 799 799 798 796 794 794 792 792 789 788 786 785 784 781 781 779 777 775 774 772 770 769 767 765 762 760 759 756 755 752 750 747 744 742 737 735 732 731 718 716 716 715 715 713 712 713 711 711 709 708 708 706 706 704 704 702 701
779 778 778 777 776 775 776 774 773 773 771 770 770 769 759 759 759 759 759 759 759 759 759 759 759 759 759 759 759 806 805 804 803 801 802 799 798 796 795 795 793 791 791 789 789 787 785 783 783 780 780 778 776 775 772 771 768 767 766 763 762 759 757 754 752 749 748 745 742 739 735 733 732 718 717 716 717 716 715 714 713 712 711 710 709 708 707 707 706 705 704 703 702 701
778 776 775 776 775 773 772 772 770 771 769 769 766 768 759 759 759 759 759 759 759 759 759 759 765 764 762 806 804 805 803 802 800 799 798 797 795 794 793 791 790 790 787 786 784 783 782 781 779 777 776 774 772 770 770 767 765 765 761 760 756 755 753 750 748 744 743 739 734 734 733 720 719 718 717 715 715 714 714 713 712 712 710 710 709 708 707 705 705 703 703 702 701 701
776 776 774 773 772 772 772 770 769 768 768 766 766 764 759 759 759 759 759 759 766 767 765 763 762 762 761 804 803 802 801 800 798 797 796 794 793 792 790 789 787 785 785 783 783 781 778 777 774 773 773 772 770 768 765 763 761 761 759 756 753 750 747 745 741 741 736 735 722 720 720 718 717 717 716 716 715 715 713 712 712 710 710 708 708 707 706 706 704 703 702 701 700 699
774 772 772 772 771 769 768 769 767 766 766 764 763 763 759 769 768 769 767 765 764 763 763 762 759 760 758 802 801 800 798 796 796 794 794 792 790 789 787 787 785 783 781 780 779 777 777 774 773 769 768 767 765 764 761 759 757 755 753 751 749 746 743 739 736 736 722 721 721 720 719 718 717 716 715 714 714 713 713 712 711 710 709 708 707 706 705 704 703 702 702 701 700 698
771 771 770 768 769 768 766 766 766 766 766 812 811 809 769 768 766 765 764 763 762 761 761 758 758 758 758 799 797 797 796 794 793 791 790 789 789 786 785 784 781 780 779 777 776 774 772 770 769 767 766 763 762 759 756 756 752 751 747 745 742 737 736 735 722 722 721 721 719 719 718 717 717 715 715 713 714 713 711 711 709 709 708 708 707 705 705 702 702 700 699 699 697 697
768 769 768 767 767 766 766 814 813 811 811 810 809 808 807 766 764 763 762 761 759 760 758 756 755 754 799 797 796 794 792 792 791 789 788 786 784 782 782 781 780 777 776 774 772 772 768 767 765 763 760 760 758 755 752 749 748 744 742 738 737 737 722 722 720 719 720 719 719 717 716 715 714 714 712 712 712 711 711 709 709 707 706 705 704 704 702 702 701 700 699 698 696 696
767 767 767 767 814 814 811 812 811 810 808 807 808 805 805 763 761 761 761 758 757 756 754 754 753 751 795 794 793 791 791 788 788 786 785 784 782 780 778 777 776 775 772 770 769 767 765 763 761 759 756 755 753 750 748 743 741 738 738 724 723 722 722 721 720 719 719 718 717 716 716 715 714 713 712 711 711 710 709 708 708 707 706 705 703 703 701 701 700 699 698 696 696 695
815 812 813 811 813 811 810 809 807 808 806 806 804 803 802 761 759 758 757 756 756 753 753 752 749 749 793 792 790 788 788 787 784 782 782 780 780 778 776 774 773 770 768 767 765 764 761 759 756 754 753 750 747 744 740 739 737 725 725 723 723 721 721 720 719 719 718 718 716 716 715 713 713 711 712 711 709 710 708 708 706 705 705 703 703 702 702 700 699 699 697 697 695 694
811 812 811 810 808 807 808 806 806 805 803 803 803 801 799 758 757 756 754 753 752 751 749 749 748 745 789 789 787 786 784 783 781 781 778 778 775 773 772 770 770 767 765 763 759 759 757 755 752 749 746 742 741 740 727 725 724 723 723 723 722 722 720 719 719 717 717 716 715 715 714 714 712 711 710 709 709 708 709 707 706 705 704 703 702 701 700 699 698 697 696 696 695 694
811 808 806 808 805 805 804 803 802 803 802 799 799 799 797 795 755 752 751 751 749 748 746 746 745 744 786 785 784 782 781 780 778 776 774 773 772 770 768 767 763 763 762 758 756 753 752 749 746 743 741 740 727 725 725 725 724 723 722 722 721 720 719 719 718 716 716 716 715 714 713 712 712 711 710 709 708 707 707 706 705 704 703 703 701 701 700 698 698 696 696 694 693 692
807 806 806 803 803 803 801 801 799 797 798 798 796 796 794 793 752 750 749 746 748 746 744 742 741 739 784 783 781 780 777 776 776 773 771 769 768 767 765 762 760 758 756 754 751 748 744 742 742 727 726 727 725 726 724 724 723 722 722 720 721 720 718 718 716 716 714 715 715 713 713 711 711 710 708 708 706 707 705 705 705 703 703 701 700 699 698 697 697 697 695 694 693 692
804 803 803 802 801 799 799 799 797 795 796 794 792 794 791 790 747 748 746 745 743 741 742 739 739 737 780 778 778 776 774 773 771 769 767 765 764 761 760 757 755 753 750 747 744 742 741 729 728 727 726 725 725 724 724 723 722 722 720 719 719 718 718 717 717 715 714 713 712 713 711 711 710 709 708 707 706 705 704 703 703 703 702 701 700 699 698 697 695 695 693 693 692 690
802 801 799 799 798 798 795 795 795 792 792 791 789 788 789 787 745 743 742 742 740 739 737 736 734 733 777 774 773 772 771 769 766 765 763 760 759 757 754 751 749 745 743 743 730 729 727 727 727 727 726 724 724 723 723 722 721 721 720 719 718 718 717 715 715 715 714 713 711 711 711 710 709 708 707 706 706 705 704 703 702 702 700 700 698 697 698 696 696 694 693 692 691 690
800 798 797 796 795 794 793 792 791 790 790 788 787 786 783 784 742 739 740 738 736 735 734 732 730 729 773 772 769 767 766 763 763 760 759 756 753 750 748 745 744 744 729 729 728 728 728 726 725 726 724 724 723 723 722 721 721 719 719 717 717 717 716 716 714 713 713 711 711 710 710 709 708 708 706 706 704 703 702 702 702 700 699 699 698 697 696 694 694 693 692 691 690 690
795 796 794 793 793 791 790 789 789 787 786 784 784 783 781 779 778 737 734 733 733 730 729 729 727 725 769 767 764 764 761 760 756 753 751 749 747 745 744 731 730 730 729 728 728 727 726 725 725 724 725 723 722 721 720 721 720 719 718 717 716 715 715 714 714 713 712 712 710 709 708 707 707 707 706 705 704 703 702 700 700 698 698 697 696 697 695 695 693 692 691 690 690 688
793 793 791 790 789 789 787 786 784 784 783 781 780 778 778 776 775 733 731 730 728 727 724 723 723 721 764 763 760 758 755 754 751 747 745 746 731 731 731 729 730 728 728 727 726 727 726 725 724 722 722 723 722 721 719 719 718 718 717 717 716 714 714 713 713 712 711 711 709 709 708 706 706 705 705 703 702 703 701 701 699 698 697 696 696 694 694 693 692 692 691 690 689 687
790 789 789 787 786 784 784 783 782 780 778 779 776 775 775 772 772 730 727 725 724 722 721 719 717 717 757 756 755 751 749 746 746 733 732 731 731 730 729 729 728 728 727 726 726 724 725 725 723 723 721 721 721 719 720 718 718 716 716 716 714 714 713 712 712 711 711 709 708 707 706 707 705 705 703 703 702 701 701 699 698 697 697 696 695 693 693 692 691 690 688 689 687 687
787 786 784 784 783 781 781 778 778 777 774 774 773 772 770 769 766 724 724 721 719 717 716 713 712 754 751 749 745 746 746 732 732 731 731 730 730 730 728 728 727 726 727 725 725 724 723 723 723 722 721 720 719 719 718 717 716 716 715 715 714 713 712 711 710 710 709 709 708 707 706 705 703 703 702 702 701 700 700 698 698 697 695 695 693 693 691 691 690 689 688 687 686 685
783 784 781 780 780 778 776 776 773 772 772 770 768 767 766 764 763 720 717 717 714 712 711 707 704 746 747 746 732 731 731 731 730 730 730 729 729 727 729 727 727 726 725 725 724 724 723 721 722 721 720 719 718 718 717 717 716 715 714 713 713 713 712 711 709 709 707 707 707 706 706 704 704 702 701 701 699 699 697 697 697 696 695 694 693 692 691 690 689 687 687 685 685 684
780 779 779 777 775 774 773 771 770 769 766 767 765 762 761 759 757 756 713 710 708 705 702 702 701 733 732 731 732 731 730 730 729 728 728 728 727 727 726 726 725 725 725 723 723 723 721 721 720 720 719 718 718 716 716 716 715 715 713 713 711 710 710 709 710 708 707 706 705 704 704 703 702 702 701 700 698 698 697 696 695 694 694 692 692 691 690 690 688 688 686 685 684 683
776 776 773 773 772 769 769 767 766 765 762 760 759 758 755 754 751 748 705 703 702 702 689 687 686 733 731 731 730 729 729 728 729 728 727 726 725 726 725 724 723 722 723 722 722 722 721 720 719 718 717 718 717 716 715 714 713 713 712 712 711 710 709 708 708 707 706 706 704 704 702 702 702 700 700 698 698 696 696 695 694 694 692 691 690 690 689 688 686 686 685 685 684 682
772 771 770 768 767 767 764 762 761 759 758 756 754 751 748 747 744 744 701 689 688 687 688 687 686 730 730 730 729 730 728 728 726 727 727 725 725 724 723 724 722 722 721 721 720 719 719 719 719 718 716 716 715 715 715 713 713 712 712 711 709 709 708 708 706 706 706 704 704 702 702 701 700 699 698 699 697 696 695 694 693 692 691 691 690 689 688 686 686 685 684 683 682 681
768 766 765 764 762 760 758 758 755 754 751 748 747 744 744 743 730 729 688 688 687 687 686 687 686 729 729 729 728 728 727 727 726 725 724 726 724 723 722 722 722 720 720 720 719 719 717 716 716 716 716 714 713 712 713 713 711 712 710 709 709 708 708 706 705 704 704 703 703 702 701 700 699 698 696 696 695 696 695 693 693 691 691 689 688 687 686 686 685 684 683 682 681 680
763 761 760 757 757 755 752 751 748 746 744 744 743 730 730 729 729 728 687 686 687 686 685 685 683 730 728 727 728 726 726 725 726 725 723 723 723 722 722 720 721 720 719 718 717 718 717 716 715 714 714 713 713 712 711 710 710 709 708 707 707 705 706 706 705 704 702 702 700 700 700 699 699 697 697 695 694 693 692 691 691 691 690 689 688 687 685 685 683 683 680 679 679 677
