testData/tiles/oneDegreeCosts/grid16.0-48.0-17.0-49.0.asc
ncols   200
nrows   200
xllcorner   16.0
yllcorner   48.0
cellsize   0.005
NODATA_value   -9999.0
[rows 42 to 83 of 200, columns 94 to 187 of 200]
635 636 638 640 641 642 644 645 647 648 649 651 652 653 654 655 657 658 659 660 661 662 663 479 479 480 481 482 483 484 485 486 487 488 489 490 491 491 492 493 494 495 496 496 497 498 499 385 385 385 385 385 385 385 385 385 385 386 386 387 388 388 389 390 390 391 392 392 393 394 394 395 395 396 397 397 398 398 399 399 400 400 401 401 402 403 403 404 404 405 405 406 406 407
634 636 638 639 641 642 644 645 646 648 649 650 652 653 654 655 656 658 659 660 661 662 663 664 665 666 481 482 483 484 485 486 487 488 489 490 490 491 492 493 494 495 495 496 497 498 499 385 385 385 385 385 385 385 385 385 385 386 386 387 388 388 389 390 390 391 392 392 393 393 394 395 395 396 396 397 397 398 399 399 400 400 401 401 402 402 403 403 404 404 405 405 406 406
634 636 637 639 640 642 643 645 646 647 649 650 651 653 654 655 656 657 658 660 661 662 663 664 665 666 667 668 669 484 485 486 487 488 488 489 490 491 492 493 494 494 495 496 497 498 498 385 385 385 385 385 385 385 385 385 385 385 386 387 387 388 389 389 390 391 391 392 393 393 394 394 395 396 396 397 397 398 398 399 400 400 401 401 402 402 403 403 404 404 405 405 406 406
634 635 637 638 640 641 643 644 646 647 648 650 651 652 653 655 656 657 658 659 660 661 663 664 665 666 667 668 669 670 671 671 487 487 488 489 490 491 492 493 493 494 495 496 497 497 385 385 385 385 385 385 385 385 385 385 385 385 386 387 387 388 389 389 390 391 391 392 392 393 394 394 395 395 396 397 397 398 398 399 399 400 400 401 402 402 403 403 404 404 405 405 406 406
633 635 637 638 640 641 643 644 645 647 648 649 651 652 653 654 656 657 658 659 660 661 662 663 664 665 666 667 668 669 670 671 672 673 674 489 490 491 491 492 493 494 495 496 496 497 385 385 385 385 385 385 385 385 385 385 385 385 386 386 387 388 388 389 390 390 391 392 392 393 393 394 395 395 396 396 397 398 398 399 399 400 400 401 401 402 402 403 403 404 404 405 405 406
633 635 636 638 639 641 642 644 645 646 648 649 650 652 653 654 655 656 658 659 660 661 662 663 664 665 666 667 668 669 670 671 672 673 674 675 675 676 491 492 493 494 495 495 496 497 385 385 385 385 385 385 385 385 385 385 385 385 385 386 387 388 388 389 389 390 391 391 392 393 393 394 394 395 396 396 397 397 398 398 399 400 400 401 401 402 402 403 403 404 404 405 405 406
632 634 636 637 639 640 642 643 645 646 647 649 650 651 653 654 655 656 657 658 660 661 662 663 664 665 666 667 668 669 670 671 672 673 673 674 675 676 677 678 679 494 494 495 496 385 385 385 385 385 385 385 385 385 385 385 385 385 385 386 387 387 388 389 389 390 391 391 392 392 393 394 394 395 395 396 397 397 398 398 399 399 400 400 401 402 402 403 403 404 404 405 405 406
632 634 635 637 639 640 642 643 644 646 647 648 650 651 652 653 655 656 657 658 659 660 661 662 664 665 666 667 668 669 670 670 671 672 673 674 675 676 677 678 678 679 680 681 496 385 385 385 385 385 385 385 385 385 385 385 385 385 385 386 386 387 388 388 389 390 390 391 392 392 393 393 394 395 395 396 396 397 398 398 399 399 400 400 401 401 402 402 403 403 404 404 405 405
632 633 635 637 638 640 641 643 644 645 647 648 649 651 652 653 654 656 657 658 659 660 661 662 663 664 665 666 667 668 669 670 671 672 673 674 675 676 677 677 678 679 680 681 681 561 385 385 385 385 385 385 385 385 385 385 385 385 385 386 386 387 388 388 389 390 390 391 391 392 393 393 394 394 395 396 396 397 397 398 398 399 400 400 401 401 402 402 403 403 404 404 405 405
631 633 635 636 638 639 641 642 644 645 646 648 649 650 652 653 654 655 656 658 659 660 661 662 663 664 665 666 667 668 669 670 671 672 673 674 675 675 676 677 678 679 680 680 560 561 562 563 563 385 385 385 385 385 385 385 385 385 385 385 386 387 387 388 389 389 390 391 391 392 392 393 394 394 395 395 396 397 397 398 398 399 399 400 400 401 401 402 403 403 404 404 405 405
631 633 634 636 637 639 640 642 643 645 646 647 649 650 651 653 654 655 656 657 658 659 661 662 663 664 665 666 667 668 669 670 671 672 672 673 674 675 676 677 678 679 679 680 560 561 562 562 563 564 565 565 385 385 385 385 385 385 385 385 386 386 387 388 388 389 390 390 391 392 392 393 393 394 395 395 396 396 397 397 398 399 399 400 400 401 401 402 402 403 403 404 404 405
630 632 634 635 637 639 640 642 643 644 646 647 648 650 651 652 653 655 656 657 658 659 660 661 662 663 664 665 666 667 668 669 670 671 672 673 674 675 676 677 677 678 679 559 560 561 561 562 563 564 564 565 566 567 385 385 385 385 385 385 386 386 387 388 388 389 390 390 391 391 392 393 393 394 394 395 396 396 397 397 398 398 399 399 400 401 401 402 402 403 403 404 404 405
630 632 633 635 637 638 640 641 643 644 645 647 648 649 651 652 653 654 655 657 658 659 660 661 662 663 664 665 666 667 668 669 670 671 672 673 674 675 675 676 677 678 679 559 560 560 561 562 563 563 564 565 566 566 567 568 569 385 385 385 385 386 387 387 388 389 389 390 391 391 392 392 393 394 394 395 395 396 397 397 398 398 399 399 400 400 401 401 402 402 403 403 404 404
629 631 633 635 636 638 639 641 642 644 645 646 648 649 650 651 653 654 655 656 657 659 660 661 662 663 664 665 666 667 668 669 670 671 672 673 673 674 675 676 677 678 558 558 559 560 561 562 562 563 564 565 565 566 567 568 568 569 570 385 385 386 386 387 388 388 389 390 390 391 392 392 393 393 394 395 395 396 396 397 397 398 399 399 400 400 401 401 402 402 403 403 404 404
629 631 632 634 636 637 639 640 642 643 645 646 647 649 650 651 652 654 655 656 657 658 659 660 661 663 664 665 666 667 668 669 669 670 671 672 673 674 675 676 677 678 557 558 559 560 561 561 562 563 564 564 565 566 567 567 568 569 570 570 571 572 386 387 388 388 389 389 390 391 391 392 393 393 394 394 395 396 396 397 397 398 398 399 399 400 400 401 402 402 403 403 404 404
629 630 632 634 635 637 638 640 641 643 644 646 647 648 650 651 652 653 654 656 657 658 659 660 661 662 663 664 665 666 667 668 669 670 671 672 673 674 675 676 676 556 557 558 559 560 560 561 562 563 563 564 565 566 566 567 568 569 569 570 571 571 572 573 388 388 389 389 390 391 391 392 392 393 394 394 395 395 396 396 397 398 398 399 399 400 400 401 401 402 402 403 403 404
629 630 632 633 635 636 638 640 641 642 644 645 647 648 649 650 652 653 654 655 656 658 659 660 661 662 663 664 665 666 667 668 669 670 671 672 673 674 674 675 676 556 557 558 558 559 560 561 562 562 563 564 565 565 566 567 568 568 569 570 570 571 572 572 573 574 389 389 390 390 391 392 392 393 393 394 394 395 396 396 397 397 398 398 399 400 400 401 401 402 402 403 403 404
629 629 631 633 634 636 638 639 641 642 643 645 646 647 649 650 651 653 654 655 656 657 658 659 661 662 663 664 665 666 667 668 669 670 670 671 672 673 674 675 555 556 557 557 558 559 560 561 561 562 563 564 564 565 566 567 567 568 569 569 570 571 572 572 573 573 574 575 575 390 391 391 392 392 393 394 394 395 395 396 397 397 398 398 399 399 400 400 401 401 402 402 403 403
505 629 631 632 634 636 637 639 640 642 643 644 646 647 648 650 651 652 653 655 656 657 658 659 660 661 662 663 664 665 666 667 668 669 670 671 672 673 674 675 555 555 556 557 558 559 560 560 561 562 563 563 564 565 566 566 567 568 569 569 570 571 571 572 573 573 574 575 575 576 576 391 392 392 393 393 394 395 395 396 396 397 397 398 399 399 400 400 401 401 402 402 403 403
505 629 630 632 633 635 637 638 640 641 643 644 645 647 648 649 651 652 653 654 655 657 658 659 660 661 662 663 664 665 666 667 668 669 670 671 672 673 674 553 554 555 556 557 558 558 559 560 561 562 562 563 564 565 565 566 567 568 568 569 570 570 571 572 572 573 574 574 575 576 576 577 577 392 393 393 394 394 395 396 396 397 397 398 398 399 399 400 400 401 401 402 402 403
505 505 630 631 633 635 636 638 639 641 642 644 645 646 648 649 650 651 653 654 655 656 657 658 660 661 662 663 664 665 666 667 668 669 670 671 671 672 673 553 554 555 556 557 557 558 559 560 561 561 562 563 564 564 565 566 567 567 568 569 569 570 571 571 572 573 573 574 575 575 576 577 577 578 578 579 394 394 395 395 396 396 397 398 398 399 399 400 400 401 401 402 402 403
505 505 629 631 632 634 636 637 639 640 642 643 645 646 647 649 650 651 652 653 655 656 657 658 659 660 661 662 663 664 665 666 667 668 669 670 671 672 552 553 554 555 555 556 557 558 559 560 560 561 562 563 563 564 565 566 566 567 568 568 569 570 571 571 572 573 573 574 574 575 576 576 577 578 578 579 579 580 395 395 396 396 397 397 398 398 399 399 400 401 401 402 402 403
505 505 505 630 632 634 635 637 638 640 641 643 644 645 647 648 649 651 652 653 654 655 657 658 659 660 661 662 663 664 665 666 667 668 669 670 671 551 552 553 553 554 555 556 557 558 558 559 560 561 562 562 563 564 565 565 566 567 567 568 569 570 570 571 572 572 573 574 574 575 575 576 577 577 578 579 579 580 580 581 396 396 397 397 398 398 399 399 400 400 401 401 402 402
505 505 505 630 631 633 635 636 638 639 641 642 644 645 646 648 649 650 651 653 654 655 656 657 658 660 661 662 663 664 665 666 667 668 669 670 670 550 551 552 553 554 555 556 556 557 558 559 560 561 561 562 563 564 564 565 566 567 567 568 569 569 570 571 571 572 573 573 574 575 575 576 576 577 578 578 579 579 580 581 581 582 397 397 397 398 398 399 400 400 401 401 402 402
505 505 505 505 631 633 634 636 637 639 640 642 643 645 646 647 649 650 651 652 654 655 656 657 658 659 660 661 662 663 664 665 666 667 668 669 549 550 551 552 553 554 555 555 556 557 558 559 559 560 561 562 563 563 564 565 566 566 567 568 568 569 570 570 571 572 572 573 574 574 575 576 576 577 577 578 579 579 580 580 581 581 582 583 397 398 398 399 399 400 400 401 401 402
505 505 505 505 630 632 634 635 637 638 640 641 643 644 646 647 648 649 651 652 653 654 655 657 658 659 660 661 662 663 664 665 666 667 668 548 549 550 551 552 552 553 554 555 556 557 558 558 559 560 561 561 562 563 564 565 565 566 567 567 568 569 569 570 571 571 572 573 573 574 575 575 576 577 577 578 578 579 580 580 581 581 582 582 583 583 398 399 399 400 400 401 401 402
505 505 505 505 506 632 633 635 636 638 639 641 642 644 645 646 648 649 650 652 653 654 655 656 657 658 660 661 662 663 664 665 666 667 668 548 549 549 550 551 552 553 554 555 556 556 557 558 559 560 560 561 562 563 563 564 565 566 566 567 568 568 569 570 571 571 572 573 573 574 574 575 576 576 577 577 578 579 579 580 580 581 582 582 583 583 584 584 399 399 400 400 401 401
505 505 505 505 505 631 633 634 636 637 639 640 642 643 645 646 647 649 650 651 652 654 655 656 657 658 659 660 661 662 663 664 665 666 546 547 548 549 550 551 552 553 554 554 555 556 557 558 559 559 560 561 562 562 563 564 565 565 566 567 568 568 569 570 570 571 572 572 573 574 574 575 575 576 577 577 578 578 579 580 580 581 581 582 582 583 583 584 585 585 400 400 401 401
505 505 505 505 505 506 632 634 635 637 638 640 641 643 644 646 647 648 649 651 652 653 654 655 657 658 659 660 661 662 663 664 665 545 546 547 548 549 550 551 551 552 553 554 555 556 557 557 558 559 560 561 561 562 563 564 564 565 566 567 567 568 569 569 570 571 571 572 573 573 574 575 575 576 576 577 578 578 579 579 580 580 581 582 582 583 583 584 584 585 585 586 401 401
505 505 505 505 505 506 632 633 635 636 638 639 641 642 644 645 646 648 649 650 651 653 654 655 656 657 658 659 661 662 663 664 665 545 546 547 547 548 549 550 551 552 553 554 555 555 556 557 558 559 560 560 561 562 563 563 564 565 566 566 567 568 568 569 570 570 571 572 572 573 574 574 575 575 576 577 577 578 578 579 580 580 581 581 582 582 583 584 584 585 585 586 586 587
505 505 505 505 505 505 507 633 634 636 637 639 640 642 643 645 646 647 649 650 651 652 653 655 656 657 658 659 660 661 662 663 543 544 545 546 547 548 549 550 551 552 553 553 554 555 556 557 558 558 559 560 561 562 562 563 564 564 565 566 567 567 568 569 569 570 571 571 572 573 573 574 575 575 576 576 577 578 578 579 579 580 581 581 582 582 583 583 584 584 585 585 586 586
505 505 505 505 505 505 506 632 634 635 637 638 640 641 643 644 646 647 648 649 651 652 653 654 655 656 658 659 660 661 662 542 543 544 545 546 547 548 549 550 550 551 552 553 554 555 556 556 557 558 559 560 560 561 562 563 563 564 565 566 566 567 568 568 569 570 570 571 572 572 573 574 574 575 576 576 577 577 578 579 579 580 580 581 581 582 582 583 584 584 585 585 586 586
505 505 505 505 505 505 506 508 633 635 636 638 639 641 642 644 645 646 648 649 650 651 653 654 655 656 657 658 659 660 540 541 543 544 544 545 546 547 548 549 550 551 552 553 554 554 555 556 557 558 559 559 560 561 562 562 563 564 565 565 566 567 567 568 569 569 570 571 571 572 573 573 574 575 575 576 576 577 578 578 579 579 580 581 581 582 582 583 583 584 584 585 585 586
505 505 505 505 505 505 505 507 633 634 636 637 639 640 642 643 645 646 647 648 650 651 652 653 655 656 657 658 659 660 540 541 542 543 544 545 546 547 548 549 550 551 552 552 553 554 555 556 557 557 558 559 560 561 561 562 563 564 564 565 566 566 567 568 569 569 570 571 571 572 572 573 574 574 575 576 576 577 577 578 579 579 580 580 581 581 582 582 583 584 584 585 585 586
505 505 505 505 505 505 505 506 508 634 635 637 638 640 641 643 644 645 647 648 649 651 652 653 654 655 656 657 659 539 540 541 542 543 544 545 546 547 548 548 549 550 551 552 553 554 555 555 556 557 558 559 559 560 561 562 563 563 564 565 565 566 567 568 568 569 570 570 571 572 572 573 573 574 575 575 576 577 577 578 578 579 579 580 581 581 582 582 583 583 584 584 585 585
505 505 505 505 505 505 505 506 508 633 635 636 638 639 641 642 644 645 646 648 649 650 651 652 654 655 656 657 537 538 539 540 541 542 543 544 545 546 547 548 549 550 551 552 553 553 554 555 556 557 558 558 559 560 561 561 562 563 564 564 565 566 567 567 568 569 569 570 571 571 572 573 573 574 574 575 576 576 577 577 578 579 579 580 580 581 581 582 582 583 584 584 585 585
505 505 505 505 505 505 505 505 507 509 634 636 637 639 640 642 643 644 646 647 648 650 651 652 653 654 655 536 537 538 539 540 541 542 543 544 545 546 547 548 549 550 550 551 552 553 554 555 556 556 557 558 559 560 560 561 562 563 563 564 565 566 566 567 568 568 569 570 570 571 572 572 573 573 574 575 575 576 577 577 578 578 579 579 580 581 581 582 582 583 583 584 584 585
505 505 505 505 505 505 505 505 506 508 510 635 637 638 640 641 643 644 645 647 648 649 650 652 653 654 534 535 536 537 538 539 541 542 543 544 545 545 546 547 548 549 550 551 552 553 554 554 555 556 557 558 558 559 560 561 562 562 563 564 564 565 566 567 567 568 569 569 570 571 571 572 573 573 574 574 575 576 576 577 577 578 579 579 580 580 581 581 582 582 583 583 584 585
505 505 505 505 505 505 505 505 506 507 509 635 636 638 639 641 642 643 645 646 647 649 650 651 652 532 534 535 536 537 538 539 540 541 542 543 544 545 546 547 548 549 550 551 551 552 553 554 555 556 557 557 558 559 560 560 561 562 563 563 564 565 566 566 567 568 568 569 570 570 571 572 572 573 574 574 575 575 576 577 577 578 578 579 579 580 581 581 582 582 583 583 584 584
505 505 505 505 505 505 505 505 505 507 508 510 636 637 639 640 642 643 644 646 647 648 649 651 652 532 533 534 535 537 538 539 540 541 542 543 544 545 546 547 548 548 549 550 551 552 553 554 555 555 556 557 558 559 559 560 561 562 562 563 564 565 565 566 567 567 568 569 569 570 571 571 572 573 573 574 574 575 576 576 577 577 578 579 579 580 580 581 581 582 582 583 583 584
505 505 505 505 505 505 505 505 505 506 508 509 635 637 638 640 641 642 644 645 646 648 649 650 530 532 533 534 535 536 537 538 539 540 541 542 543 544 545 546 547 548 549 550 551 552 552 553 554 555 556 557 557 558 559 560 561 561 562 563 563 564 565 566 566 567 568 568 569 570 570 571 572 572 573 574 574 575 575 576 577 577 578 578 579 579 580 580 581 582 582 583 583 584
505 505 505 505 505 505 505 505 505 505 507 509 510 636 638 639 640 642 643 645 646 647 648 529 530 531 532 533 535 536 537 538 539 540 541 542 543 544 545 546 547 548 549 549 550 551 552 553 554 555 555 556 557 558 559 559 560 561 562 562 563 564 565 565 566 567 567 568 569 569 570 571 571 572 573 573 574 574 575 576 576 577 577 578 579 579 580 580 581 581 582 582 583 583
