testData/tiles/oneDegreeCosts/grid39.0-42.0-40.0-43.0.asc
ncols   200
nrows   200
xllcorner   39.0
yllcorner   42.0
cellsize   0.005
NODATA_value   -9999.0
[rows 42 to 83 of 200, columns 0 to 93 of 200]
577 577 577 578 578 578 579 579 579 580 580 580 580 449 449 449 458 458 458 458 458 458 458 458 458 459 459 459 459 460 460 460 460 460 461 461 460 460 460 460 461 461 461 461 461 461 461 462 461 461 461 461 461 461 461 461 461 461 460 460 460 460 460 460 460 460 460 460 460 460 460 460 460 460 459 459 459 459 459 701 701 701 700 700 700 700 700 700 699 699 699 698 698 698
576 577 577 577 578 578 578 579 579 579 626 626 626 626 627 627 458 458 458 458 458 458 459 459 458 458 459 459 459 459 459 460 460 460 460 460 461 461 461 460 460 460 461 461 461 461 461 461 461 461 461 461 461 461 461 461 461 461 460 461 460 460 460 460 460 460 460 460 460 459 459 459 459 459 460 460 459 459 459 701 701 701 701 700 700 700 700 700 700 700 699 699 699 698
577 577 578 578 624 625 625 625 625 625 625 625 626 626 626 627 627 627 627 628 458 458 458 459 459 459 459 459 459 459 459 459 459 460 460 460 460 460 460 461 461 461 461 461 461 461 461 461 461 461 461 461 461 461 461 461 461 461 461 461 460 460 460 460 460 460 460 460 460 460 459 459 459 459 459 459 459 459 459 701 700 700 700 700 700 699 699 699 699 699 699 698 698 698
623 623 623 624 624 624 625 625 625 625 626 626 626 627 626 626 626 627 627 627 627 628 628 459 459 459 459 459 459 459 460 460 459 459 459 460 460 460 460 460 460 461 461 461 461 461 461 461 461 461 461 461 461 461 461 461 461 461 461 461 461 461 461 460 459 459 459 459 460 460 460 460 459 459 459 459 459 459 459 702 701 701 700 700 700 700 700 699 699 699 699 699 699 698
622 623 623 623 624 624 624 624 625 625 625 626 626 626 626 627 627 627 628 627 627 627 628 628 628 628 459 459 459 459 459 459 460 460 460 460 460 460 460 460 460 460 460 461 461 461 461 461 461 461 461 461 461 461 461 461 461 461 461 461 461 461 461 461 461 460 459 459 459 459 459 459 459 459 459 459 459 459 459 702 702 701 701 700 700 700 700 700 699 699 699 699 699 699
622 622 622 623 623 623 624 624 624 625 625 625 626 626 626 626 627 627 627 627 628 628 628 628 628 628 628 628 459 459 459 459 459 459 460 460 460 460 460 460 460 460 460 460 460 460 461 461 461 461 460 460 460 461 461 461 461 461 461 461 460 460 460 460 461 461 461 461 459 459 459 459 459 459 459 459 459 459 459 701 701 701 701 700 700 699 699 699 699 699 698 698 698 698
622 623 623 623 624 623 623 624 624 624 625 625 625 625 626 627 627 627 628 628 628 628 629 629 629 629 630 629 629 629 629 460 460 460 460 460 461 461 460 460 460 460 460 460 460 460 460 460 461 461 461 461 460 460 460 460 460 461 461 461 461 461 460 460 460 460 460 460 460 460 459 459 459 459 459 459 459 459 459 701 701 701 701 701 701 700 699 699 699 699 699 698 698 698
622 622 623 623 623 624 624 624 625 626 626 626 626 626 626 627 627 627 627 628 628 628 628 629 629 629 629 629 630 630 630 629 630 630 460 460 460 460 461 461 461 461 461 461 460 460 460 460 460 460 460 461 461 461 461 460 460 460 460 460 460 461 461 461 460 460 460 460 460 460 460 460 459 459 459 459 459 459 459 701 701 701 701 701 701 701 700 700 699 699 699 699 698 697
621 622 622 622 623 624 624 625 625 625 626 626 626 627 627 627 627 627 627 627 627 628 628 628 628 629 629 629 629 630 630 630 630 630 629 630 630 460 460 460 461 461 461 461 461 461 460 461 460 460 460 460 460 460 460 461 461 460 460 460 460 460 460 460 460 460 460 460 460 460 460 460 460 459 459 459 459 459 459 701 701 700 700 700 700 700 700 700 699 698 698 698 698 698
621 622 623 623 623 624 624 624 625 625 625 626 626 626 626 627 627 627 628 628 628 628 628 628 628 628 628 629 629 629 629 630 630 630 630 630 630 630 630 460 460 460 460 461 461 461 461 461 461 461 461 461 460 460 460 460 460 460 461 460 460 460 460 460 460 460 460 460 459 459 459 459 460 460 460 459 459 459 459 459 701 701 701 700 700 700 700 700 700 699 698 698 698 698
623 623 623 623 623 623 624 624 624 625 625 625 625 626 626 626 627 627 627 627 628 628 628 628 629 629 628 628 628 629 629 629 629 630 630 630 630 630 630 631 630 630 460 460 460 461 461 461 461 461 461 461 461 461 461 460 460 460 460 460 460 460 460 460 460 460 460 460 460 459 459 459 459 459 459 459 459 459 459 459 700 700 700 700 699 699 699 699 699 699 699 698 697 697
622 623 623 623 624 624 624 625 625 625 625 625 625 625 626 626 626 626 627 627 627 627 628 628 628 628 629 629 629 629 629 629 629 629 629 630 630 630 630 630 630 631 631 630 630 460 460 460 461 461 461 461 461 461 460 460 461 460 460 460 460 460 460 459 459 459 459 459 460 460 460 459 459 459 459 459 459 459 459 459 700 700 700 700 700 700 699 699 699 699 699 699 698 697
622 622 622 623 623 623 624 624 624 625 625 625 626 626 626 626 626 626 626 627 627 627 627 628 628 628 628 628 629 629 629 629 630 629 629 629 629 629 630 630 630 630 630 630 631 630 630 460 460 460 460 461 461 461 461 461 460 460 460 460 460 460 460 460 460 459 459 459 459 459 459 459 459 459 459 459 459 459 459 459 700 700 700 700 700 700 700 699 699 699 699 699 699 699
621 622 622 622 623 623 623 624 624 624 625 625 625 625 626 626 626 627 627 627 627 627 627 627 627 628 628 628 628 628 629 629 629 629 630 630 629 629 629 629 630 630 630 630 630 630 631 631 630 630 460 460 460 460 461 461 461 461 460 460 460 460 460 460 460 460 460 459 459 459 459 459 459 459 459 459 459 459 459 459 701 700 699 699 699 699 699 699 699 698 698 698 698 698
621 621 622 622 622 623 623 623 624 624 624 624 625 625 625 626 626 626 626 627 627 627 627 627 627 627 627 628 628 628 628 628 629 629 629 629 629 630 630 629 629 629 630 630 630 630 630 630 630 631 630 630 460 460 460 460 460 460 461 461 460 460 460 460 459 459 459 459 459 459 459 459 459 459 459 459 459 459 459 459 701 701 700 700 699 699 699 699 699 699 698 698 698 698
621 622 622 622 623 623 623 623 623 623 624 624 624 625 625 625 625 626 626 626 627 627 627 627 628 628 628 628 628 628 628 628 628 628 629 629 629 629 629 630 630 629 629 629 629 630 630 630 630 630 630 630 630 630 630 460 460 460 460 460 460 460 460 460 460 460 459 459 459 459 459 459 459 459 459 459 459 459 459 459 700 701 701 701 700 699 699 699 699 699 698 698 697 697
621 621 622 622 622 623 623 623 624 624 624 624 624 624 624 625 625 625 626 626 626 626 627 627 627 627 628 628 628 628 628 628 628 628 628 628 629 629 629 629 629 630 630 630 629 629 629 629 630 630 630 630 630 630 630 629 630 460 460 460 460 460 460 460 459 459 459 460 459 459 459 459 459 459 459 459 459 459 459 459 700 700 700 700 700 699 699 698 698 698 698 698 698 697
620 621 621 621 622 622 623 623 623 623 624 624 624 625 625 625 626 626 626 626 627 627 627 627 628 628 628 628 629 629 629 629 629 630 629 629 629 629 629 629 629 629 629 629 630 630 629 629 629 629 629 630 630 630 630 630 630 629 629 460 460 460 460 460 460 460 459 459 459 459 459 459 459 459 459 459 459 459 459 459 459 700 700 700 700 700 699 699 698 698 698 698 698 698
620 620 621 621 621 622 622 622 623 623 623 625 625 625 626 626 626 626 627 627 627 627 627 627 627 627 628 628 628 628 629 629 629 629 629 630 630 629 629 629 630 630 629 629 629 629 629 630 630 629 629 629 629 629 630 630 630 630 630 629 629 629 460 460 460 460 460 460 459 459 459 459 459 459 459 459 459 459 459 459 459 700 700 699 699 699 699 698 698 697 697 697 697 697
620 620 620 621 621 621 622 623 623 624 624 624 625 625 625 625 626 626 626 627 627 627 627 628 628 627 627 627 628 628 628 628 629 629 629 629 629 630 630 629 629 629 629 630 630 630 629 629 629 630 630 629 629 629 629 629 629 629 630 630 630 629 629 629 459 459 459 459 459 459 459 459 459 459 459 459 459 459 459 459 459 700 700 700 699 699 699 699 698 698 698 697 697 697
620 620 621 621 622 623 623 623 623 623 623 624 624 624 625 625 625 626 626 626 626 627 627 627 627 628 628 628 628 628 628 628 628 628 629 629 629 629 629 630 630 630 629 629 629 630 630 630 630 629 629 629 629 629 629 629 629 629 629 629 629 629 630 629 629 629 459 459 459 459 459 459 459 459 459 459 459 459 459 459 459 699 700 700 700 700 699 699 699 698 697 697 696 696
619 621 621 622 622 622 623 623 623 624 624 624 625 624 624 624 625 625 625 626 626 626 626 627 627 627 627 628 628 628 628 628 628 628 628 628 629 629 629 629 629 629 630 630 630 629 629 629 630 630 630 630 629 629 629 629 629 629 629 629 629 629 629 629 628 628 628 629 459 459 459 459 459 459 459 459 459 459 459 459 459 699 699 699 699 699 699 698 698 698 698 697 697 697
620 620 621 621 621 622 622 622 623 623 623 624 624 624 625 625 625 625 625 625 625 626 626 626 626 627 627 627 627 628 628 628 628 628 628 628 628 628 628 629 629 629 629 629 629 630 630 629 629 629 629 630 630 630 629 629 629 628 628 628 629 629 629 629 629 629 628 628 628 628 459 459 459 459 459 459 459 459 459 459 459 700 699 699 699 699 699 699 699 698 698 698 697 697
619 620 620 621 621 621 622 622 622 623 623 623 624 624 624 625 625 625 625 626 626 626 626 626 626 626 626 627 627 627 627 628 628 628 628 628 629 628 628 628 628 629 629 629 629 629 629 630 630 629 629 629 629 629 629 630 629 629 629 628 628 628 628 628 628 629 629 629 628 628 628 628 628 459 459 459 459 459 459 459 459 699 699 698 698 698 698 698 698 698 697 697 696 696
619 619 620 620 620 621 621 622 622 622 623 623 623 623 624 624 624 625 625 625 625 626 626 626 627 626 626 626 626 627 627 627 627 628 628 628 628 628 629 629 628 628 628 628 629 629 629 629 629 629 630 629 629 629 629 629 629 629 629 629 629 628 628 628 628 628 628 628 628 628 627 627 628 628 628 459 459 459 459 459 459 459 699 699 699 698 698 698 698 698 698 697 697 696
619 620 620 621 621 621 622 622 622 622 622 622 623 623 623 624 624 624 624 625 625 625 626 626 626 626 627 627 627 627 627 627 627 627 627 628 628 628 628 628 629 629 628 628 628 628 629 629 629 629 629 629 629 629 629 629 629 629 629 629 628 628 628 628 628 628 628 628 628 628 628 627 627 627 627 627 627 459 459 459 459 459 698 698 698 698 697 697 697 697 697 697 697 696
619 619 620 620 620 621 621 622 622 622 623 623 623 623 623 623 623 624 624 624 625 625 625 625 626 626 626 626 627 627 627 627 627 627 627 627 627 628 628 628 628 628 628 629 629 628 628 628 628 629 629 629 629 629 629 629 629 629 629 629 629 629 628 628 628 627 627 627 627 628 628 628 628 627 627 627 627 627 627 459 459 459 698 698 698 698 698 697 697 697 697 697 697 697
618 619 619 620 620 620 621 621 621 622 622 622 623 623 623 624 624 624 624 624 624 624 625 625 625 625 626 626 626 626 627 627 627 627 627 627 627 627 627 627 628 628 628 628 628 628 629 628 628 628 628 628 628 629 629 629 629 628 628 628 628 628 629 628 628 628 627 627 627 627 627 627 627 627 627 626 626 626 626 627 627 459 698 698 698 698 698 698 698 697 697 697 696 696
618 618 619 619 619 620 620 621 621 621 622 622 622 623 623 623 623 624 624 624 625 625 625 625 625 625 625 625 626 626 626 626 627 627 627 627 627 627 627 627 627 627 628 628 628 628 628 628 628 628 628 628 628 628 628 628 629 629 629 628 628 628 628 628 628 627 627 628 627 627 627 627 627 627 627 627 626 626 626 626 626 626 869 697 697 697 697 697 697 697 696 696 696 696
617 618 618 619 619 619 620 620 620 621 621 621 622 622 622 623 623 623 624 624 624 624 625 625 625 625 625 625 625 625 626 626 626 626 627 627 627 627 627 628 627 627 627 627 627 628 628 628 628 628 628 628 628 628 628 628 628 628 628 628 628 628 628 628 628 628 627 627 627 627 626 626 626 626 626 627 627 627 626 626 626 626 869 869 868 697 697 697 697 697 697 696 696 696
618 618 619 619 619 620 620 620 620 620 621 621 621 622 622 622 622 623 623 623 624 624 624 624 625 625 625 625 625 625 625 625 626 626 626 626 626 627 627 627 627 627 627 627 627 627 627 627 628 628 628 628 628 627 627 627 628 628 628 628 628 628 628 627 627 627 628 627 627 627 627 626 626 626 626 626 626 626 626 625 625 625 625 868 868 867 866 696 696 696 696 696 696 695
617 618 618 618 619 619 620 620 620 621 621 621 621 621 621 622 622 622 623 623 623 623 625 625 625 625 626 626 626 626 627 625 625 625 626 626 626 626 626 627 627 627 627 627 627 627 627 627 627 627 627 628 628 628 628 627 627 627 627 627 628 628 628 628 628 627 627 627 627 626 626 626 626 626 626 626 626 626 626 626 626 625 625 868 868 868 867 867 866 696 696 696 696 696
617 617 618 618 618 619 619 619 620 620 620 621 621 621 622 623 623 623 623 623 624 624 624 624 625 625 625 625 626 626 626 626 627 627 626 626 627 627 626 626 626 626 627 627 627 627 627 627 627 627 627 627 627 627 627 628 628 627 627 627 627 627 627 627 627 628 627 627 627 627 626 626 626 626 626 625 625 625 625 625 625 625 625 867 867 867 867 866 866 865 865 695 695 695
616 617 617 617 618 618 619 619 619 620 620 620 622 622 622 623 623 623 624 624 624 624 624 624 624 624 625 625 625 625 626 626 626 626 627 627 627 626 626 627 627 626 626 626 627 627 627 627 627 627 627 627 627 627 627 627 627 627 627 627 627 627 627 627 627 627 627 627 626 626 626 626 626 626 626 626 625 625 625 625 625 625 625 867 867 867 867 866 866 866 865 865 865 695
616 616 616 617 617 618 618 618 619 620 620 621 621 621 622 622 622 623 623 623 624 624 624 624 624 624 624 624 625 625 625 625 626 626 626 626 627 627 627 627 627 627 627 627 627 627 627 627 627 627 627 626 626 626 627 627 627 627 627 627 627 626 626 626 627 627 627 627 627 627 626 626 625 625 625 625 625 624 624 624 624 624 624 867 867 866 866 866 865 865 865 864 864 864
616 616 617 617 618 618 618 619 619 620 620 620 621 621 621 622 622 622 622 623 623 623 624 624 624 624 625 625 625 625 625 625 625 625 626 626 626 626 626 627 627 627 627 627 627 627 627 626 626 626 626 627 627 626 626 626 626 626 627 627 627 627 627 626 626 626 626 626 626 626 627 626 626 625 625 625 625 625 625 624 624 624 624 624 867 867 866 866 866 865 865 865 865 864
615 616 616 617 618 618 619 619 620 620 620 620 620 620 621 621 621 622 622 622 623 623 623 623 624 624 624 624 625 625 625 625 625 625 625 625 626 626 626 626 626 627 627 627 626 626 626 627 627 626 626 626 626 626 627 626 626 626 626 626 626 626 626 627 626 626 626 626 626 626 626 626 626 625 624 624 624 624 624 624 623 623 623 624 867 867 867 866 865 865 864 864 864 864
615 615 616 617 618 618 618 619 619 619 620 620 620 621 621 621 621 621 621 622 622 622 623 623 623 623 624 624 624 624 625 625 625 625 625 625 625 625 625 626 626 626 626 626 627 627 626 626 626 626 626 626 626 626 626 626 626 626 626 626 626 626 626 626 626 626 625 625 625 626 626 626 626 626 625 624 624 624 624 624 624 624 623 623 866 866 866 866 866 865 864 864 864 864
614 616 616 617 617 617 618 618 619 619 619 620 620 620 621 621 621 622 622 622 622 622 622 622 623 623 623 623 624 624 624 624 625 625 625 625 625 625 625 625 625 626 626 626 626 626 626 627 626 626 626 626 626 626 626 626 626 626 626 625 625 625 625 626 626 626 626 626 625 625 625 625 625 625 625 625 623 623 623 623 624 624 624 623 866 866 866 866 866 866 865 863 863 863
615 615 616 616 616 617 617 618 618 618 619 619 619 620 620 620 621 621 621 622 622 622 623 622 622 622 623 623 623 623 624 624 624 624 625 625 625 625 625 625 625 625 625 625 626 626 626 626 626 626 626 626 626 626 625 625 625 625 626 626 625 625 625 625 625 625 625 625 625 625 625 625 625 625 625 625 624 623 623 623 623 623 623 623 865 865 865 865 865 865 865 863 863 863
615 616 615 615 616 616 617 617 617 618 618 618 619 619 619 620 620 620 621 621 621 622 622 622 623 623 623 623 623 623 623 623 624 624 624 624 625 625 625 625 625 625 625 625 625 625 625 626 626 626 626 626 626 626 626 625 625 625 625 625 625 625 625 625 625 625 625 625 625 625 625 624 624 624 624 624 624 623 623 623 623 623 623 623 623 866 865 865 865 865 865 865 862 862
614 615 615 616 616 617 617 617 617 617 618 618 618 619 619 619 620 620 620 621 621 621 621 622 622 622 623 623 623 623 623 623 623 623 624 624 624 624 624 625 625 625 625 625 625 625 625 625 625 625 626 626 626 626 625 625 624 624 625 625 625 625 625 625 624 624 624 624 625 625 625 625 624 624 624 624 624 624 623 623 622 622 622 622 622 865 865 864 864 864 864 864 864 862
