testData/tiles/oneDegreeCosts/grid36.0-9.0-37.0-10.0.asc
ncols   200
nrows   200
xllcorner   36.0
yllcorner   9.0
cellsize   0.005
NODATA_value   -9999.0
[rows 17 to 33 of 200, columns 0 to 36 of 200]
4.170000000000000000e+02 4.160000000000000000e+02 4.160000000000000000e+02 4.150000000000000000e+02 4.140000000000000000e+02 4.360000000000000000e+02 4.350000000000000000e+02 4.340000000000000000e+02 4.330000000000000000e+02 4.320000000000000000e+02 4.320000000000000000e+02 4.310000000000000000e+02 4.300000000000000000e+02 4.290000000000000000e+02 4.280000000000000000e+02 4.270000000000000000e+02 4.260000000000000000e+02 4.250000000000000000e+02 4.240000000000000000e+02 4.230000000000000000e+02 4.230000000000000000e+02 4.230000000000000000e+02 4.220000000000000000e+02 4.220000000000000000e+02 4.210000000000000000e+02 4.200000000000000000e+02 4.200000000000000000e+02 4.190000000000000000e+02 4.170000000000000000e+02 4.160000000000000000e+02 4.140000000000000000e+02 4.120000000000000000e+02 4.100000000000000000e+02 4.100000000000000000e+02 4.010000000000000000e+02 4.010000000000000000e+02 4.020000000000000000e+02
4.160000000000000000e+02 4.150000000000000000e+02 4.150000000000000000e+02 4.140000000000000000e+02 4.140000000000000000e+02 4.360000000000000000e+02 4.350000000000000000e+02 4.340000000000000000e+02 4.330000000000000000e+02 4.330000000000000000e+02 4.320000000000000000e+02 4.310000000000000000e+02 4.300000000000000000e+02 4.290000000000000000e+02 4.280000000000000000e+02 4.270000000000000000e+02 4.270000000000000000e+02 4.260000000000000000e+02 4.250000000000000000e+02 4.240000000000000000e+02 4.230000000000000000e+02 4.230000000000000000e+02 4.220000000000000000e+02 4.210000000000000000e+02 4.210000000000000000e+02 4.200000000000000000e+02 4.190000000000000000e+02 4.180000000000000000e+02 4.180000000000000000e+02 4.160000000000000000e+02 4.150000000000000000e+02 4.120000000000000000e+02 4.100000000000000000e+02 4.100000000000000000e+02 4.010000000000000000e+02 4.020000000000000000e+02 4.010000000000000000e+02
4.160000000000000000e+02 4.150000000000000000e+02 4.150000000000000000e+02 4.140000000000000000e+02 4.360000000000000000e+02 4.350000000000000000e+02 4.340000000000000000e+02 4.330000000000000000e+02 4.320000000000000000e+02 4.320000000000000000e+02 4.310000000000000000e+02 4.300000000000000000e+02 4.290000000000000000e+02 4.280000000000000000e+02 4.280000000000000000e+02 4.270000000000000000e+02 4.260000000000000000e+02 4.250000000000000000e+02 4.240000000000000000e+02 4.240000000000000000e+02 4.230000000000000000e+02 4.220000000000000000e+02 4.220000000000000000e+02 4.220000000000000000e+02 4.210000000000000000e+02 4.200000000000000000e+02 4.200000000000000000e+02 4.180000000000000000e+02 4.180000000000000000e+02 4.160000000000000000e+02 4.140000000000000000e+02 4.120000000000000000e+02 4.100000000000000000e+02 4.100000000000000000e+02 4.000000000000000000e+02 4.010000000000000000e+02 4.010000000000000000e+02
4.150000000000000000e+02 4.150000000000000000e+02 4.140000000000000000e+02 4.140000000000000000e+02 4.350000000000000000e+02 4.350000000000000000e+02 4.340000000000000000e+02 4.330000000000000000e+02 4.330000000000000000e+02 4.320000000000000000e+02 4.310000000000000000e+02 4.300000000000000000e+02 4.290000000000000000e+02 4.290000000000000000e+02 4.280000000000000000e+02 4.270000000000000000e+02 4.260000000000000000e+02 4.250000000000000000e+02 4.240000000000000000e+02 4.240000000000000000e+02 4.240000000000000000e+02 4.240000000000000000e+02 4.210000000000000000e+02 4.210000000000000000e+02 4.210000000000000000e+02 4.200000000000000000e+02 4.190000000000000000e+02 4.180000000000000000e+02 4.170000000000000000e+02 4.160000000000000000e+02 4.140000000000000000e+02 4.130000000000000000e+02 4.100000000000000000e+02 4.100000000000000000e+02 4.000000000000000000e+02 4.010000000000000000e+02 4.010000000000000000e+02
4.140000000000000000e+02 4.150000000000000000e+02 4.140000000000000000e+02 4.140000000000000000e+02 4.350000000000000000e+02 4.340000000000000000e+02 4.330000000000000000e+02 4.320000000000000000e+02 4.320000000000000000e+02 4.310000000000000000e+02 4.300000000000000000e+02 4.290000000000000000e+02 4.280000000000000000e+02 4.280000000000000000e+02 4.270000000000000000e+02 4.260000000000000000e+02 4.250000000000000000e+02 4.240000000000000000e+02 4.240000000000000000e+02 4.230000000000000000e+02 4.230000000000000000e+02 4.230000000000000000e+02 4.220000000000000000e+02 4.210000000000000000e+02 4.210000000000000000e+02 4.200000000000000000e+02 4.190000000000000000e+02 4.190000000000000000e+02 4.170000000000000000e+02 4.160000000000000000e+02 4.130000000000000000e+02 4.120000000000000000e+02 4.100000000000000000e+02 4.090000000000000000e+02 4.000000000000000000e+02 4.000000000000000000e+02 4.010000000000000000e+02
4.140000000000000000e+02 4.140000000000000000e+02 4.130000000000000000e+02 4.350000000000000000e+02 4.350000000000000000e+02 4.340000000000000000e+02 4.330000000000000000e+02 4.330000000000000000e+02 4.320000000000000000e+02 4.310000000000000000e+02 4.300000000000000000e+02 4.290000000000000000e+02 4.290000000000000000e+02 4.280000000000000000e+02 4.270000000000000000e+02 4.260000000000000000e+02 4.250000000000000000e+02 4.240000000000000000e+02 4.240000000000000000e+02 4.240000000000000000e+02 4.230000000000000000e+02 4.230000000000000000e+02 4.220000000000000000e+02 4.210000000000000000e+02 4.200000000000000000e+02 4.200000000000000000e+02 4.190000000000000000e+02 4.180000000000000000e+02 4.170000000000000000e+02 4.160000000000000000e+02 4.150000000000000000e+02 4.120000000000000000e+02 4.110000000000000000e+02 4.090000000000000000e+02 4.100000000000000000e+02 4.000000000000000000e+02 4.000000000000000000e+02
4.130000000000000000e+02 4.130000000000000000e+02 4.130000000000000000e+02 4.340000000000000000e+02 4.340000000000000000e+02 4.330000000000000000e+02 4.320000000000000000e+02 4.320000000000000000e+02 4.310000000000000000e+02 4.300000000000000000e+02 4.290000000000000000e+02 4.290000000000000000e+02 4.280000000000000000e+02 4.270000000000000000e+02 4.260000000000000000e+02 4.250000000000000000e+02 4.240000000000000000e+02 4.230000000000000000e+02 4.230000000000000000e+02 4.230000000000000000e+02 4.230000000000000000e+02 4.220000000000000000e+02 4.220000000000000000e+02 4.220000000000000000e+02 4.200000000000000000e+02 4.200000000000000000e+02 4.200000000000000000e+02 4.180000000000000000e+02 4.180000000000000000e+02 4.160000000000000000e+02 4.140000000000000000e+02 4.120000000000000000e+02 4.100000000000000000e+02 4.090000000000000000e+02 4.090000000000000000e+02 4.000000000000000000e+02 4.000000000000000000e+02
4.140000000000000000e+02 4.130000000000000000e+02 4.130000000000000000e+02 4.350000000000000000e+02 4.340000000000000000e+02 4.330000000000000000e+02 4.320000000000000000e+02 4.320000000000000000e+02 4.310000000000000000e+02 4.300000000000000000e+02 4.290000000000000000e+02 4.290000000000000000e+02 4.280000000000000000e+02 4.270000000000000000e+02 4.260000000000000000e+02 4.250000000000000000e+02 4.240000000000000000e+02 4.240000000000000000e+02 4.230000000000000000e+02 4.230000000000000000e+02 4.230000000000000000e+02 4.230000000000000000e+02 4.210000000000000000e+02 4.210000000000000000e+02 4.210000000000000000e+02 4.190000000000000000e+02 4.190000000000000000e+02 4.170000000000000000e+02 4.170000000000000000e+02 4.160000000000000000e+02 4.140000000000000000e+02 4.130000000000000000e+02 4.100000000000000000e+02 4.090000000000000000e+02 4.090000000000000000e+02 4.000000000000000000e+02 3.990000000000000000e+02
4.130000000000000000e+02 4.120000000000000000e+02 4.340000000000000000e+02 4.340000000000000000e+02 4.330000000000000000e+02 4.320000000000000000e+02 4.320000000000000000e+02 4.310000000000000000e+02 4.300000000000000000e+02 4.290000000000000000e+02 4.290000000000000000e+02 4.280000000000000000e+02 4.270000000000000000e+02 4.260000000000000000e+02 4.250000000000000000e+02 4.240000000000000000e+02 4.230000000000000000e+02 4.230000000000000000e+02 4.230000000000000000e+02 4.220000000000000000e+02 4.220000000000000000e+02 4.220000000000000000e+02 4.220000000000000000e+02 4.210000000000000000e+02 4.210000000000000000e+02 4.190000000000000000e+02 4.190000000000000000e+02 4.190000000000000000e+02 4.170000000000000000e+02 4.160000000000000000e+02 4.130000000000000000e+02 4.120000000000000000e+02 4.100000000000000000e+02 4.080000000000000000e+02 4.080000000000000000e+02 3.990000000000000000e+02 3.990000000000000000e+02
4.130000000000000000e+02 4.120000000000000000e+02 4.340000000000000000e+02 4.340000000000000000e+02 4.330000000000000000e+02 4.320000000000000000e+02 4.320000000000000000e+02 4.310000000000000000e+02 4.300000000000000000e+02 4.290000000000000000e+02 4.290000000000000000e+02 4.280000000000000000e+02 4.270000000000000000e+02 4.260000000000000000e+02 4.250000000000000000e+02 4.240000000000000000e+02 4.240000000000000000e+02 4.240000000000000000e+02 4.240000000000000000e+02 4.240000000000000000e+02 4.230000000000000000e+02 4.220000000000000000e+02 4.210000000000000000e+02 4.200000000000000000e+02 4.200000000000000000e+02 4.200000000000000000e+02 4.180000000000000000e+02 4.180000000000000000e+02 4.160000000000000000e+02 4.150000000000000000e+02 4.150000000000000000e+02 4.130000000000000000e+02 4.110000000000000000e+02 4.080000000000000000e+02 4.090000000000000000e+02 3.990000000000000000e+02 4.000000000000000000e+02
4.120000000000000000e+02 4.120000000000000000e+02 4.340000000000000000e+02 4.330000000000000000e+02 4.320000000000000000e+02 4.310000000000000000e+02 4.310000000000000000e+02 4.300000000000000000e+02 4.290000000000000000e+02 4.290000000000000000e+02 4.280000000000000000e+02 4.270000000000000000e+02 4.260000000000000000e+02 4.250000000000000000e+02 4.240000000000000000e+02 4.240000000000000000e+02 4.240000000000000000e+02 4.230000000000000000e+02 4.230000000000000000e+02 4.230000000000000000e+02 4.230000000000000000e+02 4.220000000000000000e+02 4.210000000000000000e+02 4.210000000000000000e+02 4.200000000000000000e+02 4.200000000000000000e+02 4.180000000000000000e+02 4.180000000000000000e+02 4.170000000000000000e+02 4.160000000000000000e+02 4.140000000000000000e+02 4.120000000000000000e+02 4.100000000000000000e+02 4.080000000000000000e+02 4.080000000000000000e+02 3.990000000000000000e+02 3.990000000000000000e+02
4.120000000000000000e+02 4.340000000000000000e+02 4.340000000000000000e+02 4.330000000000000000e+02 4.320000000000000000e+02 4.320000000000000000e+02 4.310000000000000000e+02 4.300000000000000000e+02 4.290000000000000000e+02 4.290000000000000000e+02 4.280000000000000000e+02 4.270000000000000000e+02 4.260000000000000000e+02 4.250000000000000000e+02 4.250000000000000000e+02 4.240000000000000000e+02 4.240000000000000000e+02 4.240000000000000000e+02 4.230000000000000000e+02 4.230000000000000000e+02 4.230000000000000000e+02 4.230000000000000000e+02 4.210000000000000000e+02 4.200000000000000000e+02 4.200000000000000000e+02 4.190000000000000000e+02 4.190000000000000000e+02 4.170000000000000000e+02 4.170000000000000000e+02 4.150000000000000000e+02 4.140000000000000000e+02 4.130000000000000000e+02 4.110000000000000000e+02 4.090000000000000000e+02 4.080000000000000000e+02 3.990000000000000000e+02 3.990000000000000000e+02
4.120000000000000000e+02 4.330000000000000000e+02 4.330000000000000000e+02 4.320000000000000000e+02 4.310000000000000000e+02 4.310000000000000000e+02 4.300000000000000000e+02 4.290000000000000000e+02 4.280000000000000000e+02 4.280000000000000000e+02 4.270000000000000000e+02 4.260000000000000000e+02 4.250000000000000000e+02 4.250000000000000000e+02 4.240000000000000000e+02 4.230000000000000000e+02 4.230000000000000000e+02 4.230000000000000000e+02 4.230000000000000000e+02 4.220000000000000000e+02 4.220000000000000000e+02 4.220000000000000000e+02 4.210000000000000000e+02 4.210000000000000000e+02 4.200000000000000000e+02 4.190000000000000000e+02 4.190000000000000000e+02 4.180000000000000000e+02 4.170000000000000000e+02 4.160000000000000000e+02 4.130000000000000000e+02 4.120000000000000000e+02 4.100000000000000000e+02 4.080000000000000000e+02 4.070000000000000000e+02 3.980000000000000000e+02 3.980000000000000000e+02
4.120000000000000000e+02 4.330000000000000000e+02 4.330000000000000000e+02 4.320000000000000000e+02 4.310000000000000000e+02 4.310000000000000000e+02 4.300000000000000000e+02 4.290000000000000000e+02 4.290000000000000000e+02 4.280000000000000000e+02 4.270000000000000000e+02 4.260000000000000000e+02 4.250000000000000000e+02 4.250000000000000000e+02 4.240000000000000000e+02 4.240000000000000000e+02 4.240000000000000000e+02 4.230000000000000000e+02 4.230000000000000000e+02 4.230000000000000000e+02 4.220000000000000000e+02 4.220000000000000000e+02 4.210000000000000000e+02 4.200000000000000000e+02 4.200000000000000000e+02 4.190000000000000000e+02 4.180000000000000000e+02 4.170000000000000000e+02 4.160000000000000000e+02 4.150000000000000000e+02 4.140000000000000000e+02 4.130000000000000000e+02 4.100000000000000000e+02 4.090000000000000000e+02 4.070000000000000000e+02 3.980000000000000000e+02 3.980000000000000000e+02
4.330000000000000000e+02 4.330000000000000000e+02 4.320000000000000000e+02 4.310000000000000000e+02 4.310000000000000000e+02 4.300000000000000000e+02 4.290000000000000000e+02 4.280000000000000000e+02 4.280000000000000000e+02 4.270000000000000000e+02 4.260000000000000000e+02 4.250000000000000000e+02 4.250000000000000000e+02 4.240000000000000000e+02 4.230000000000000000e+02 4.230000000000000000e+02 4.230000000000000000e+02 4.230000000000000000e+02 4.220000000000000000e+02 4.220000000000000000e+02 4.220000000000000000e+02 4.210000000000000000e+02 4.210000000000000000e+02 4.210000000000000000e+02 4.200000000000000000e+02 4.190000000000000000e+02 4.180000000000000000e+02 4.180000000000000000e+02 4.160000000000000000e+02 4.160000000000000000e+02 4.140000000000000000e+02 4.120000000000000000e+02 4.110000000000000000e+02 4.080000000000000000e+02 4.070000000000000000e+02 4.070000000000000000e+02 3.980000000000000000e+02
4.330000000000000000e+02 4.330000000000000000e+02 4.320000000000000000e+02 4.310000000000000000e+02 4.310000000000000000e+02 4.300000000000000000e+02 4.290000000000000000e+02 4.280000000000000000e+02 4.280000000000000000e+02 4.270000000000000000e+02 4.260000000000000000e+02 4.250000000000000000e+02 4.250000000000000000e+02 4.240000000000000000e+02 4.240000000000000000e+02 4.230000000000000000e+02 4.230000000000000000e+02 4.230000000000000000e+02 4.230000000000000000e+02 4.220000000000000000e+02 4.220000000000000000e+02 4.220000000000000000e+02 4.200000000000000000e+02 4.200000000000000000e+02 4.190000000000000000e+02 4.190000000000000000e+02 4.180000000000000000e+02 4.170000000000000000e+02 4.160000000000000000e+02 4.150000000000000000e+02 4.140000000000000000e+02 4.120000000000000000e+02 4.110000000000000000e+02 4.080000000000000000e+02 4.070000000000000000e+02 4.070000000000000000e+02 3.980000000000000000e+02
4.320000000000000000e+02 4.320000000000000000e+02 4.310000000000000000e+02 4.300000000000000000e+02 4.300000000000000000e+02 4.290000000000000000e+02 4.280000000000000000e+02 4.280000000000000000e+02 4.270000000000000000e+02 4.260000000000000000e+02 4.250000000000000000e+02 4.250000000000000000e+02 4.240000000000000000e+02 4.230000000000000000e+02 4.230000000000000000e+02 4.230000000000000000e+02 4.220000000000000000e+02 4.220000000000000000e+02 4.220000000000000000e+02 4.210000000000000000e+02 4.210000000000000000e+02 4.210000000000000000e+02 4.200000000000000000e+02 4.200000000000000000e+02 4.200000000000000000e+02 4.190000000000000000e+02 4.180000000000000000e+02 4.170000000000000000e+02 4.160000000000000000e+02 4.150000000000000000e+02 4.130000000000000000e+02 4.110000000000000000e+02 4.100000000000000000e+02 4.080000000000000000e+02 4.060000000000000000e+02 4.060000000000000000e+02 3.970000000000000000e+02
