testData/tiles/oneDegreeCosts/grid41.0-29.0-42.0-30.0.asc
ncols   200
nrows   200
xllcorner   41.0
yllcorner   29.0
cellsize   0.005
NODATA_value   -9999.0
[rows 84 to 125 of 200, columns 0 to 93 of 200]
397 396 396 395 395 394 394 393 393 392 392 391 391 391 391 391 391 391 391 391 398 398 398 398 398 398 398 398 398 398 398 398 398 398 398 398 398 398 398 398 398 398 398 398 398 398 398 398 398 398 398 398 398 398 398 398 398 398 398 398 398 398 398 398 398 398 398 398 398 398 398 398 398 398 398 398 398 398 326 326 326 326 326 326 326 326 326 326 326 326 326 326 326 326
398 397 397 396 396 395 395 394 394 393 393 392 392 391 391 391 391 391 398 398 398 398 398 398 398 398 398 398 398 398 398 398 398 398 398 398 398 398 398 398 398 398 398 398 398 398 398 398 398 398 398 398 398 398 398 398 398 398 398 398 398 398 398 398 398 398 398 398 398 398 398 398 398 398 398 398 398 398 398 398 326 326 326 326 326 326 326 326 326 326 326 326 326 326
399 398 398 397 397 396 396 395 395 394 394 394 393 393 392 392 398 398 398 398 398 398 398 398 398 398 398 398 398 398 398 398 398 398 398 398 398 398 398 398 398 398 398 398 398 398 398 398 398 398 398 398 398 398 398 398 398 398 398 398 398 398 398 398 398 398 398 398 398 398 398 398 398 398 398 398 398 398 398 398 398 326 326 326 326 326 326 326 326 326 326 326 326 326
400 399 399 398 398 397 397 396 396 396 395 395 394 394 400 400 399 399 398 398 398 398 398 398 398 398 398 398 398 398 398 398 398 398 398 398 398 398 398 398 398 398 398 398 398 398 398 398 398 398 398 398 398 398 398 398 398 398 398 398 398 398 398 398 398 398 398 398 398 398 398 398 398 398 398 398 398 398 398 398 398 398 398 326 326 326 326 326 326 326 326 326 326 326
401 400 400 399 399 398 398 397 397 397 396 396 402 402 401 401 400 400 399 399 398 398 398 398 398 398 398 398 398 398 398 398 398 398 398 398 398 398 398 398 398 398 398 398 398 398 398 398 398 398 398 398 398 398 398 398 398 398 398 398 398 398 398 398 398 398 398 398 398 398 398 398 398 398 398 398 398 398 398 398 398 398 398 398 398 326 326 326 326 326 326 326 326 326
401 401 401 400 400 399 399 398 398 398 404 404 403 403 402 402 401 401 400 400 399 399 398 398 398 398 398 398 398 398 398 398 398 398 398 398 398 398 398 398 398 398 398 398 398 398 398 398 398 398 398 398 398 398 398 398 398 398 398 398 398 398 398 398 398 398 398 398 398 398 398 398 398 398 398 398 398 398 398 398 398 398 398 398 398 398 398 326 326 326 326 326 326 326
402 402 402 401 401 400 400 399 406 405 405 405 404 404 403 403 402 402 401 401 400 400 399 399 398 398 398 398 398 398 398 398 398 398 398 398 398 398 398 398 398 398 398 398 398 398 398 398 398 398 398 398 398 398 398 398 398 398 398 398 398 398 398 398 398 398 398 398 398 398 398 398 398 398 398 398 398 398 398 398 398 398 398 398 398 398 398 398 326 326 326 326 326 326
403 403 402 402 402 401 408 407 407 406 406 406 405 405 404 404 403 403 402 402 401 401 400 400 399 399 398 398 398 398 398 398 398 398 398 398 398 398 398 398 398 398 398 398 398 398 398 398 398 398 398 398 398 398 398 398 398 398 398 398 398 398 398 398 398 398 398 398 398 398 398 398 398 398 398 398 398 398 398 398 398 398 398 398 398 398 398 398 398 398 326 326 326 326
404 404 403 403 410 409 409 408 408 407 407 406 406 406 405 405 404 404 403 403 402 402 401 401 400 400 399 399 398 398 398 398 398 398 398 398 398 398 398 398 398 398 398 398 398 398 398 398 398 398 398 398 398 398 398 398 398 398 398 398 398 398 398 398 398 398 398 398 398 398 398 398 398 398 398 398 398 398 398 398 398 398 398 398 398 398 398 398 398 398 398 398 326 326
405 405 404 411 410 410 410 409 409 408 408 407 407 406 406 406 405 405 404 404 403 403 402 402 401 401 400 400 399 399 398 398 398 398 398 398 398 398 398 398 398 398 398 398 398 398 398 398 398 398 398 398 398 398 398 398 398 398 398 398 398 398 398 398 398 398 398 398 398 398 398 398 398 398 398 398 398 398 398 398 398 398 398 398 398 398 398 398 398 398 398 398 398 326
406 413 412 412 411 411 410 410 410 409 409 408 408 407 407 406 406 406 405 405 404 404 403 403 402 402 401 401 400 400 399 399 398 398 398 398 398 398 398 398 398 398 398 398 398 398 398 398 398 398 398 398 398 398 398 398 398 398 398 398 398 398 398 398 398 398 398 398 398 398 398 398 398 398 398 398 398 398 398 398 398 398 398 398 398 398 398 398 398 398 398 398 398 398
414 413 413 413 412 412 411 411 410 410 410 409 409 408 408 407 407 406 406 406 405 405 404 404 403 403 402 402 401 401 400 400 399 399 398 398 398 398 398 398 398 398 398 398 398 398 398 398 398 398 398 398 398 398 398 398 398 398 398 398 398 398 398 398 398 398 398 398 398 398 398 398 398 398 398 398 398 398 398 398 398 398 398 398 398 398 398 398 398 398 398 398 398 398
415 414 414 413 413 413 412 412 411 411 410 410 410 409 409 408 408 407 407 406 406 406 405 405 404 404 403 403 402 402 401 401 400 400 399 399 398 398 398 398 398 398 398 398 398 398 398 398 398 398 398 398 398 398 398 398 398 398 398 398 398 398 398 398 398 398 398 398 398 398 398 398 398 398 398 398 398 398 398 398 398 398 398 398 398 398 398 398 398 398 398 398 398 398
415 415 415 414 414 413 413 413 412 412 411 411 410 410 410 409 409 408 408 407 407 406 406 405 405 405 404 404 403 403 402 402 401 401 400 399 399 398 398 398 398 398 398 398 398 398 398 398 398 398 398 398 398 398 398 398 398 398 398 398 398 398 398 398 398 398 398 398 398 398 398 398 398 398 398 398 398 398 398 398 398 398 398 398 398 398 398 398 398 398 398 398 398 398
416 416 415 415 415 414 414 413 413 413 412 412 411 411 410 410 410 409 409 408 408 407 407 406 406 405 405 404 404 403 403 402 402 401 401 400 400 399 399 398 398 398 398 398 398 398 398 398 398 398 398 398 398 398 398 398 398 398 398 398 398 398 398 398 398 398 398 398 398 398 398 398 398 398 398 398 398 398 398 398 398 398 398 398 398 398 398 398 398 398 398 398 398 398
417 417 416 416 415 415 415 414 414 413 413 413 412 412 411 411 410 410 409 409 409 408 408 407 407 406 406 405 405 404 404 403 403 402 402 401 401 400 400 399 399 398 398 398 398 398 398 398 398 398 398 398 398 398 398 398 398 398 398 398 398 398 398 398 398 398 398 398 398 398 398 398 398 398 398 398 398 398 398 398 398 398 398 398 398 398 398 398 398 398 398 398 398 398
418 417 417 417 416 416 415 415 415 414 414 413 413 412 412 412 411 411 410 410 409 409 409 408 408 407 407 406 406 405 405 404 404 403 403 402 402 401 401 400 400 399 399 398 398 398 398 398 398 398 398 398 398 398 398 398 398 398 398 398 398 398 398 398 398 398 398 398 398 398 398 398 398 398 398 398 398 398 398 398 398 398 398 398 398 398 398 398 398 398 398 398 398 398
418 418 418 417 417 416 416 416 415 415 414 414 414 413 413 412 412 412 411 411 410 410 409 409 408 408 408 407 407 406 406 405 405 404 404 403 403 402 402 401 401 400 400 399 398 398 398 398 398 398 398 398 398 398 398 398 398 398 398 398 398 398 398 398 398 398 398 398 398 398 398 398 398 398 398 398 398 398 398 398 398 398 398 398 398 398 398 398 398 398 398 398 398 398
419 419 418 418 418 417 417 416 416 416 415 415 414 414 414 413 413 412 412 411 411 411 410 410 409 409 408 408 407 407 406 406 406 405 405 404 404 403 403 402 401 401 400 400 399 399 398 398 398 398 398 398 398 398 398 398 398 398 398 398 398 398 398 398 398 398 398 398 398 398 398 398 398 398 398 398 398 398 398 398 398 398 398 398 398 398 398 398 398 398 398 398 398 398
420 419 419 419 418 418 418 417 417 416 416 416 415 415 414 414 414 413 413 412 412 411 411 411 410 410 409 409 408 408 407 407 406 406 405 405 404 404 403 403 402 402 401 401 400 400 399 399 398 398 398 398 398 398 398 398 398 398 398 398 398 398 398 398 398 398 398 398 398 398 398 398 398 398 398 398 398 398 398 398 398 398 398 398 398 398 398 398 398 398 398 398 398 398
421 420 420 419 419 419 418 418 418 417 417 416 416 416 415 415 414 414 413 413 413 412 412 411 411 410 410 409 409 409 408 408 407 407 406 406 405 405 404 404 403 403 402 402 401 401 400 400 399 398 398 398 398 398 398 398 398 398 398 398 398 398 398 398 398 398 398 398 398 398 398 398 398 398 398 398 398 398 398 398 398 398 398 398 398 398 398 398 398 398 398 398 398 398
421 421 421 420 420 419 419 419 418 418 417 417 417 416 416 415 415 415 414 414 413 413 412 412 412 411 411 410 410 409 409 408 408 408 407 407 406 406 405 405 404 404 403 403 402 402 401 400 400 399 399 398 398 398 398 398 398 398 398 398 398 398 398 398 398 398 398 398 398 398 398 398 398 398 398 398 398 398 398 398 398 398 398 398 398 398 398 398 398 398 398 398 398 398
422 422 421 421 420 420 420 419 419 419 418 418 417 417 417 416 416 415 415 415 414 414 413 413 412 412 411 411 411 410 410 409 409 408 408 407 407 406 406 405 405 404 404 403 403 402 402 401 401 400 400 399 399 398 398 398 398 398 398 398 398 398 398 398 398 398 398 398 398 398 398 398 398 398 398 398 398 398 398 398 398 398 398 398 398 398 398 398 398 398 398 398 398 398
423 422 422 422 421 421 420 420 420 419 419 418 418 418 417 417 416 416 416 415 415 414 414 414 413 413 412 412 411 411 410 410 410 409 409 408 408 407 407 406 406 405 405 404 404 403 403 402 402 401 401 400 399 399 398 398 398 398 398 398 398 398 398 398 398 398 398 398 398 398 398 398 398 398 398 398 398 398 398 398 398 398 398 398 398 398 398 398 398 398 398 398 398 398
423 423 423 422 422 421 421 421 420 420 420 419 419 418 418 418 417 417 416 416 416 415 415 414 414 413 413 413 412 412 411 411 410 410 409 409 408 408 407 407 407 406 406 405 405 404 403 403 402 402 401 401 400 400 399 399 398 398 398 398 398 398 398 398 398 398 398 398 398 398 398 398 398 398 398 398 398 398 398 398 398 398 398 398 398 398 398 398 398 398 398 398 398 398
424 424 423 423 422 422 422 421 421 421 420 420 419 419 419 418 418 417 417 417 416 416 415 415 415 414 414 413 413 412 412 411 411 411 410 410 409 409 408 408 407 407 406 406 405 405 404 404 403 403 402 402 401 401 400 399 399 398 398 398 398 398 398 398 398 398 398 398 398 398 398 398 398 398 398 398 398 398 398 398 398 398 398 398 398 398 398 398 398 398 398 398 398 398
425 424 424 423 423 423 422 422 422 421 421 420 420 420 419 419 419 418 418 417 417 416 416 416 415 415 414 414 414 413 413 412 412 411 411 410 410 409 409 409 408 408 407 407 406 406 405 405 404 404 403 402 402 401 401 400 400 399 399 398 398 398 398 398 398 398 398 398 398 398 398 398 398 398 398 398 398 398 398 398 398 398 398 398 398 398 398 398 398 398 398 398 398 398
425 425 424 424 424 423 423 423 422 422 422 421 421 420 420 420 419 419 418 418 418 417 417 416 416 416 415 415 414 414 413 413 412 412 412 411 411 410 410 409 409 408 408 407 407 406 406 405 405 404 404 403 403 402 402 401 401 400 399 399 398 398 398 398 398 398 398 398 398 398 398 398 398 398 398 398 398 398 398 398 398 398 398 398 398 398 398 398 398 398 398 398 398 398
426 425 425 425 424 424 424 423 423 423 422 422 421 421 421 420 420 419 419 419 418 418 417 417 417 416 416 415 415 414 414 414 413 413 412 412 411 411 410 410 410 409 409 408 408 407 407 406 406 405 405 404 404 403 402 402 401 401 400 400 399 399 398 398 398 398 398 398 398 398 398 398 398 398 398 398 398 398 398 398 398 398 398 398 398 398 398 398 398 398 398 398 398 398
426 426 426 425 425 425 424 424 423 423 423 422 422 422 421 421 420 420 420 419 419 418 418 418 417 417 416 416 416 415 415 414 414 413 413 413 412 412 411 411 410 410 409 409 408 408 407 407 406 406 405 405 404 404 403 403 402 402 401 401 400 399 399 398 398 398 398 398 398 398 398 398 398 398 398 398 398 398 398 398 398 398 398 398 398 398 398 398 398 398 398 398 398 398
427 427 426 426 426 425 425 424 424 424 423 423 423 422 422 421 421 421 420 420 420 419 419 418 418 417 417 417 416 416 415 415 415 414 414 413 413 412 412 411 411 410 410 410 409 409 408 408 407 407 406 406 405 405 404 404 403 402 402 401 401 400 400 399 399 398 398 398 398 398 398 398 398 398 398 398 398 398 398 398 398 398 398 398 398 398 398 398 398 398 398 398 398 398
428 427 427 426 426 426 425 425 425 424 424 424 423 423 422 422 422 421 421 421 420 420 419 419 419 418 418 417 417 416 416 416 415 415 414 414 413 413 413 412 412 411 411 410 410 409 409 408 408 407 407 406 406 405 405 404 404 403 403 402 402 401 400 400 399 399 398 398 398 398 398 398 398 398 398 398 398 398 398 398 398 398 398 398 398 398 398 398 398 398 398 398 398 398
428 428 427 427 427 426 426 426 425 425 425 424 424 423 423 423 422 422 422 421 421 420 420 420 419 419 418 418 418 417 417 416 416 415 415 415 414 414 413 413 412 412 411 411 410 410 409 409 409 408 408 407 407 406 406 405 404 404 403 403 402 402 401 401 400 400 399 398 398 398 398 398 398 398 398 398 398 398 398 398 398 398 398 398 398 398 398 398 398 398 398 398 398 398
429 428 428 428 427 427 427 426 426 425 425 425 424 424 424 423 423 423 422 422 421 421 421 420 420 419 419 419 418 418 417 417 416 416 416 415 415 414 414 413 413 412 412 412 411 411 410 410 409 409 408 408 407 407 406 406 405 405 404 404 403 403 402 401 401 400 400 399 399 398 398 398 398 398 398 398 398 398 398 398 398 398 398 398 398 398 398 398 398 398 398 398 398 398
429 429 429 428 428 427 427 427 426 426 426 425 425 425 424 424 423 423 423 422 422 422 421 421 420 420 420 419 419 418 418 417 417 417 416 416 415 415 414 414 414 413 413 412 412 411 411 410 410 409 409 408 408 407 407 406 406 405 405 404 404 403 403 402 402 401 400 400 399 399 398 398 398 398 398 398 398 398 398 398 398 398 398 398 398 398 398 398 398 398 398 398 398 398
430 429 429 429 428 428 428 427 427 427 426 426 426 425 425 424 424 424 423 423 423 422 422 421 421 421 420 420 419 419 419 418 418 417 417 416 416 416 415 415 414 414 413 413 412 412 411 411 411 410 410 409 409 408 408 407 407 406 406 405 405 404 403 403 402 402 401 401 400 400 399 398 398 398 398 398 398 398 398 398 398 398 398 398 398 398 398 398 398 398 398 398 398 399
430 430 430 429 429 429 428 428 428 427 427 426 426 426 425 425 425 424 424 423 423 423 422 422 422 421 421 420 420 420 419 419 418 418 417 417 417 416 416 415 415 414 414 413 413 413 412 412 411 411 410 410 409 409 408 408 407 407 406 406 405 405 404 404 403 403 402 401 401 400 400 399 399 398 398 398 398 398 398 398 398 398 398 398 398 398 398 398 398 399 399 399 399 399
431 430 430 430 429 429 429 428 428 428 427 427 427 426 426 426 425 425 424 424 424 423 423 422 422 422 421 421 421 420 420 419 419 418 418 418 417 417 416 416 415 415 415 414 414 413 413 412 412 411 411 410 410 409 409 408 408 407 407 406 406 405 405 404 404 403 403 402 402 401 400 400 399 399 398 398 398 398 398 398 398 398 398 398 398 398 399 399 399 399 399 399 399 399
431 431 431 430 430 430 429 429 429 428 428 427 427 427 426 426 426 425 425 425 424 424 423 423 423 422 422 421 421 421 420 420 419 419 419 418 418 417 417 416 416 416 415 415 414 414 413 413 412 412 411 411 411 410 410 409 409 408 408 407 407 406 406 405 404 404 403 403 402 402 401 401 400 399 399 398 398 398 398 398 398 398 398 399 399 399 399 399 399 399 399 399 399 399
432 431 431 431 430 430 430 429 429 429 428 428 428 427 427 427 426 426 425 425 425 424 424 424 423 423 422 422 422 421 421 420 420 420 419 419 418 418 417 417 417 416 416 415 415 414 414 413 413 413 412 412 411 411 410 410 409 409 408 408 407 407 406 406 405 405 404 403 403 456 402 401 401 400 400 399 398 398 398 398 398 399 399 399 399 399 399 399 399 399 399 399 399 399
486 486 486 485 485 485 484 484 484 483 483 483 482 482 481 481 481 480 480 480 479 479 478 478 479 478 478 478 478 478 477 477 477 477 477 476 476 475 475 476 475 475 474 474 473 473 473 473 473 472 472 471 471 470 470 469 469 468 468 467 467 467 467 466 466 465 465 464 464 463 463 462 461 461 460 460 459 458 458 458 458 458 458 458 458 458 458 458 458 458 458 458 457 457
509 508 508 508 507 508 508 507 507 508 507 507 507 506 507 507 506 506 506 506 506 505 505 505 504 505 504 504 504 503 503 502 503 503 502 502 501 501 501 500 500 500 500 499 499 499 498 498 497 497 496 496 495 495 494 495 494 494 493 493 492 492 491 491 490 490 489 489 488 488 487 487 486 486 485 485 485 484 484 483 483 483 483 483 482 482 482 482 482 482 482 482 482 482
