testData/tiles/oneDegreeCosts/grid21.0-36.0-22.0-37.0.asc
ncols   200
nrows   200
xllcorner   21.0
yllcorner   36.0
cellsize   0.005
NODATA_value   -9999.0
[rows 0 to 41 of 200, columns 94 to 187 of 200]
506 506 506 506 506 506 506 506 506 506 506 506 506 506 506 506 506 506 506 506 506 506 506 506 506 506 506 506 506 506 506 506 530 531 532 533 533 533 534 534 535 536 536 536 537 537 538 539 539 540 540 540 541 542 542 543 543 543 544 545 545 546 546 546 547 548 548 549 549 549 550 550 551 551 552 551 551 552 552 552 552 551 551 551 550 550 550 549 548 547 547 546 545 545
506 506 506 506 506 506 506 506 506 506 506 506 506 506 506 506 506 506 506 506 506 506 506 506 506 506 506 506 506 506 506 506 531 531 532 533 533 533 534 534 535 536 536 537 537 538 538 539 540 540 540 541 541 542 543 543 543 544 544 545 546 546 547 547 547 548 549 549 550 549 550 551 551 552 552 551 552 552 552 553 553 553 551 551 551 550 550 550 548 548 547 546 546 545
506 506 506 506 506 506 506 506 506 506 506 506 506 506 506 506 506 506 506 506 506 506 506 506 506 506 506 506 506 506 506 506 531 531 532 533 533 534 534 535 535 536 537 537 537 538 538 539 540 540 540 541 541 542 543 544 544 544 545 545 546 547 547 547 548 548 549 549 550 550 550 551 552 552 553 553 552 553 553 553 553 553 552 552 551 551 551 550 549 548 547 547 546 545
506 506 506 506 506 506 506 506 506 506 506 506 506 506 506 506 506 506 506 506 506 506 506 506 506 506 506 506 506 506 506 506 531 531 532 533 534 534 534 535 535 536 537 537 537 538 538 539 540 541 541 541 542 542 543 544 544 544 545 545 546 547 547 547 548 548 549 550 550 550 551 551 552 552 553 554 553 553 554 554 554 554 553 552 552 552 551 550 549 548 548 547 546 546
506 506 506 506 506 506 506 506 506 506 506 506 506 506 506 506 506 506 506 506 506 506 506 506 506 506 506 506 506 506 506 506 506 531 532 533 534 534 534 535 535 536 537 537 538 538 539 539 540 541 541 541 542 542 543 544 544 544 545 546 546 547 548 547 548 549 549 550 551 551 551 552 552 553 553 554 554 554 554 555 555 555 553 553 553 552 551 551 549 549 548 547 547 546
506 506 506 506 506 506 506 506 506 506 506 506 506 506 506 506 506 506 506 506 506 506 506 506 506 506 506 506 506 506 506 506 506 532 532 533 534 534 535 535 535 536 537 538 538 538 539 539 540 541 541 541 542 542 543 544 545 544 545 546 546 547 548 548 548 549 549 550 551 552 551 552 553 553 554 554 554 555 555 555 555 555 554 554 553 552 552 551 551 549 548 548 547 546
506 506 506 506 506 506 506 506 506 506 506 506 506 506 506 506 506 506 506 506 506 506 506 506 506 506 506 506 506 506 506 506 506 532 532 533 534 534 535 535 535 536 537 538 538 538 539 539 540 541 541 541 542 543 543 544 545 545 545 546 546 547 548 549 548 549 550 550 551 552 551 552 553 553 554 555 554 555 556 556 556 556 556 554 553 553 552 551 551 549 548 548 547 546
506 506 506 506 506 506 506 506 506 506 506 506 506 506 506 506 506 506 506 506 506 506 506 506 506 506 506 506 506 506 506 506 506 532 532 533 534 534 535 535 536 536 537 538 538 538 539 539 540 541 541 542 542 543 543 544 545 545 545 546 546 547 548 549 548 549 550 550 551 552 551 552 553 554 554 555 556 555 556 557 557 557 556 554 554 553 552 552 551 549 548 548 547 546
506 506 506 506 506 506 506 506 506 506 506 506 506 506 506 506 506 506 506 506 506 506 506 506 506 506 506 506 506 506 506 506 506 532 532 533 534 534 535 535 536 536 537 538 538 539 539 539 540 541 542 542 542 543 543 544 545 545 545 546 547 547 548 549 548 549 550 550 551 552 553 552 553 554 554 555 556 555 556 557 558 557 556 554 554 553 552 552 551 549 549 548 547 546
506 506 506 506 506 506 506 506 506 506 506 506 506 506 506 506 506 506 506 506 506 506 506 506 506 506 506 506 506 506 506 506 506 506 532 533 534 534 535 536 536 536 537 538 538 539 539 539 540 541 541 542 542 543 543 544 545 545 545 546 546 547 548 549 549 549 550 550 551 552 552 552 553 554 554 555 556 555 556 557 557 557 556 554 554 553 552 552 551 550 548 548 547 546
506 506 506 506 506 506 506 506 506 506 506 506 506 506 506 506 506 506 506 506 506 506 506 506 506 506 506 506 506 506 506 506 506 506 532 533 534 534 535 536 536 536 537 538 538 539 539 539 540 541 541 542 542 543 543 544 545 545 546 546 546 547 548 549 549 549 550 550 551 552 552 552 553 553 554 555 555 555 556 556 556 556 556 555 553 553 552 551 551 550 548 548 547 546
506 506 506 506 506 506 506 506 506 506 506 506 506 506 506 506 506 506 506 506 506 506 506 506 506 506 506 506 506 506 506 506 506 506 532 533 534 534 535 536 536 536 537 538 538 539 539 539 540 541 541 542 543 542 543 544 545 545 546 546 546 547 548 548 549 549 549 550 551 552 552 552 553 553 554 554 555 556 555 555 555 555 555 555 553 552 552 551 551 550 548 548 547 546
506 506 506 506 506 506 506 506 506 506 506 506 506 506 506 506 506 506 506 506 506 506 506 506 506 506 506 506 506 506 506 506 506 506 532 533 534 534 535 536 536 536 537 537 538 539 540 539 540 541 541 542 543 542 543 544 544 545 546 546 546 547 548 548 549 549 549 550 551 551 552 552 552 553 553 554 555 555 554 555 555 555 554 554 553 552 551 551 550 550 548 547 547 546
506 506 506 506 506 506 506 506 506 506 506 506 506 506 506 506 506 506 506 506 506 506 506 506 506 506 506 506 506 506 506 506 506 506 506 533 534 534 535 536 536 536 537 537 538 539 539 539 540 541 541 542 543 542 543 544 544 545 546 546 546 547 547 548 549 549 549 550 550 551 552 552 552 552 553 554 554 554 554 554 554 554 554 553 552 552 551 550 550 549 548 547 546 546
506 506 506 506 506 506 506 506 506 506 506 506 506 506 506 506 506 506 506 506 506 506 506 506 506 506 506 506 506 506 506 506 506 506 506 533 533 534 535 536 536 536 537 537 538 539 539 539 540 540 541 542 542 542 543 544 544 545 546 546 546 547 547 548 549 549 549 549 550 551 551 552 552 552 553 553 553 554 553 553 553 553 553 553 551 551 551 550 550 549 547 547 546 545
506 506 506 506 506 506 506 506 506 506 506 506 506 506 506 506 506 506 506 506 506 506 506 506 506 506 506 506 506 506 506 506 506 506 506 533 533 534 535 535 536 536 536 537 538 539 539 539 540 540 541 542 542 542 543 543 544 545 545 546 546 546 547 548 548 549 549 549 550 550 551 552 551 552 552 552 553 553 552 553 553 553 552 552 551 550 550 550 549 549 548 546 546 545
506 506 506 506 506 506 506 506 506 506 506 506 506 506 506 506 506 506 506 506 506 506 506 506 506 506 506 506 506 506 506 506 506 506 506 533 533 534 535 535 536 536 536 537 538 538 539 539 539 540 541 541 542 543 542 543 544 544 545 546 545 546 547 547 548 549 548 549 549 550 551 551 551 551 552 552 552 553 552 552 552 552 552 552 551 550 550 549 549 548 548 546 545 545
506 506 506 506 506 506 506 506 506 506 506 506 506 506 506 506 506 506 506 506 506 506 506 506 506 506 506 506 506 506 506 506 506 506 506 532 533 534 534 535 536 536 536 537 538 538 539 540 539 540 541 541 542 543 542 543 544 544 545 546 545 546 546 547 548 548 548 548 549 550 550 551 551 551 551 551 552 552 552 551 551 551 551 551 551 549 549 549 548 548 547 546 545 544
506 506 506 506 506 506 506 506 506 506 506 506 506 506 506 506 506 506 506 506 506 506 506 506 506 506 506 506 506 506 506 506 506 506 506 506 533 534 534 535 536 536 536 537 537 538 539 539 539 540 540 541 542 542 542 543 543 544 545 545 545 545 546 547 547 548 548 548 549 549 550 550 551 550 550 551 551 551 551 550 551 550 550 550 550 549 548 548 548 547 547 545 545 544
506 506 506 506 506 506 506 506 506 506 506 506 506 506 506 506 506 506 506 506 506 506 506 506 506 506 506 506 506 506 506 506 506 506 506 506 533 533 534 535 535 536 536 536 537 538 538 539 539 539 540 541 541 542 542 542 543 544 544 545 545 545 546 546 547 547 548 548 548 549 549 550 550 549 550 550 550 551 551 550 550 550 550 550 549 548 548 547 547 547 546 545 544 544
506 506 506 506 506 506 506 506 506 506 506 506 506 506 506 506 506 506 506 506 506 506 506 506 506 506 506 506 506 506 506 506 506 506 506 506 533 533 534 535 535 536 536 536 537 538 538 539 539 539 540 541 541 542 542 542 543 543 544 545 545 545 545 546 547 547 548 547 548 548 549 549 549 549 549 549 550 550 550 549 549 549 549 549 549 547 547 547 546 546 546 544 544 543
506 506 506 506 506 506 506 506 506 506 506 506 506 506 506 506 506 506 506 506 506 506 506 506 506 506 506 506 506 506 506 506 506 506 506 506 532 533 534 534 535 536 536 536 537 537 538 539 539 539 540 540 541 542 542 542 542 543 544 544 545 544 545 546 546 547 547 547 547 548 548 548 549 548 548 549 549 549 549 548 548 548 548 548 548 547 546 546 546 545 545 545 543 543
506 506 506 506 506 506 506 506 506 506 506 506 506 506 506 506 506 506 506 506 506 506 506 506 506 506 506 506 506 506 506 506 506 506 506 506 506 533 534 534 535 536 536 536 536 537 538 538 539 539 539 540 541 541 542 541 542 543 543 544 544 544 545 545 546 546 547 546 547 547 547 548 548 548 548 548 548 548 549 548 548 548 548 547 547 547 546 546 545 545 544 544 543 542
506 506 506 506 506 506 506 506 506 506 506 506 506 506 506 506 506 506 506 506 506 506 506 506 506 506 506 506 506 506 506 506 506 506 506 506 506 533 533 534 535 535 536 536 536 537 537 538 539 538 539 540 540 541 541 541 542 542 543 543 544 544 544 545 545 546 546 546 546 546 547 547 548 547 547 547 548 548 548 548 547 547 547 547 547 546 545 545 545 544 544 543 542 542
506 506 506 506 506 506 506 506 506 506 506 506 506 506 506 506 506 506 506 506 506 506 506 506 506 506 506 506 506 506 506 506 506 506 506 506 506 532 533 534 534 535 536 535 536 537 537 538 538 538 539 539 540 541 541 541 541 542 542 543 544 543 544 544 545 545 546 546 546 546 546 547 547 547 547 547 547 547 547 547 546 546 546 546 546 546 545 544 544 544 543 543 542 541
506 506 506 506 506 506 506 506 506 506 506 506 506 506 506 506 506 506 506 506 506 506 506 506 506 506 506 506 506 506 506 506 506 506 506 506 506 532 533 533 534 535 535 535 536 536 537 538 538 538 538 539 540 540 541 540 541 541 542 543 543 543 543 544 544 545 545 546 545 545 546 546 546 547 546 546 546 546 547 547 546 546 546 545 545 545 544 544 543 543 543 542 541 541
506 506 506 506 506 506 506 506 506 506 506 506 506 506 506 506 506 506 506 506 506 506 506 506 506 506 506 506 506 506 506 506 506 506 506 506 506 506 533 533 534 534 535 535 535 536 537 537 538 537 538 539 539 540 540 540 541 541 542 542 543 543 543 543 544 544 545 545 544 545 545 545 546 546 545 545 546 546 546 546 545 545 545 545 545 544 543 543 543 542 542 542 540 540
506 506 506 506 506 506 506 506 506 506 506 506 506 506 506 506 506 506 506 506 506 506 506 506 506 506 506 506 506 506 506 506 506 506 506 506 506 506 532 533 534 534 535 534 535 536 536 537 537 537 538 538 539 539 540 541 540 541 541 542 542 543 542 543 543 544 544 544 544 544 544 545 545 545 545 545 545 545 545 545 544 544 544 544 544 544 543 542 542 542 541 541 540 539
506 506 506 506 506 506 506 506 506 506 506 506 506 506 506 506 506 506 506 506 506 506 506 506 506 506 506 506 506 506 506 506 506 506 506 506 506 506 532 533 533 534 534 534 535 535 536 537 537 538 537 538 538 539 540 540 540 540 541 541 542 542 542 542 543 543 543 544 543 544 544 544 544 545 544 544 544 544 544 544 544 543 543 543 543 543 542 542 541 541 541 541 540 539
506 506 506 506 506 506 506 506 506 506 506 506 506 506 506 506 506 506 506 506 506 506 506 506 506 506 506 506 506 506 506 506 506 506 506 506 506 506 532 532 533 534 534 535 534 535 536 536 537 537 537 537 538 539 539 540 539 540 540 541 541 542 541 542 542 542 543 543 543 543 543 544 544 544 543 543 544 544 544 544 543 543 543 543 543 542 542 541 541 541 540 540 540 538
506 506 506 506 506 506 506 506 506 506 506 506 506 506 506 506 506 506 506 506 506 506 506 506 506 506 506 506 506 506 506 506 506 506 506 506 506 506 506 532 533 533 534 534 534 535 535 536 536 537 536 537 538 538 539 539 539 539 540 540 541 541 541 541 541 542 542 543 542 542 543 543 543 543 543 543 543 543 543 543 543 542 542 542 542 542 542 540 540 540 540 539 539 538
506 506 506 506 506 506 506 506 506 506 506 506 506 506 506 506 506 506 506 506 506 506 506 506 506 506 506 506 506 506 506 506 506 506 506 506 506 506 506 532 532 533 533 534 534 534 535 535 536 536 536 537 537 538 538 539 538 539 539 540 540 541 540 540 541 541 542 542 542 542 542 542 542 543 543 542 542 542 542 542 542 541 541 541 541 541 541 540 539 539 539 539 538 537
506 506 506 506 506 506 506 506 506 506 506 506 506 506 506 506 506 506 506 506 506 506 506 506 506 506 506 506 506 506 506 506 506 506 506 506 506 506 506 531 532 532 533 534 533 534 534 535 536 536 536 536 537 537 538 538 538 538 539 539 540 540 540 540 540 541 541 541 542 541 541 542 542 542 542 541 541 542 542 542 542 541 541 541 540 540 540 539 539 539 538 538 538 536
506 506 506 506 506 506 506 506 506 506 506 506 506 506 506 506 506 506 506 506 506 506 506 506 506 506 506 506 506 506 506 506 506 506 506 506 506 506 506 531 531 532 533 533 533 533 534 535 535 536 535 536 536 537 537 538 537 538 538 539 539 540 539 539 540 540 540 541 541 540 541 541 541 541 542 541 541 541 541 541 541 540 540 540 540 540 540 538 538 538 538 537 537 536
506 506 506 506 506 506 506 506 506 506 506 506 506 506 506 506 506 506 506 506 506 506 506 506 506 506 506 506 506 506 506 506 506 506 506 506 506 506 506 506 531 532 532 533 532 533 534 534 535 535 535 535 536 536 537 537 537 537 538 538 539 539 539 539 539 539 540 540 540 540 540 540 540 541 541 540 540 540 540 540 540 539 539 539 539 539 539 538 537 537 537 537 536 535
506 506 506 506 506 506 506 506 506 506 506 506 506 506 506 506 506 506 506 506 506 506 506 506 506 506 506 506 506 506 506 506 506 506 506 506 506 506 506 506 531 531 532 532 532 533 533 534 534 535 535 535 535 536 536 537 537 537 537 538 538 538 539 538 539 539 539 540 540 539 539 540 540 540 540 539 539 539 540 540 540 539 539 538 538 538 538 537 537 537 536 536 536 535
506 506 506 506 506 506 506 506 506 506 506 506 506 506 506 506 506 506 506 506 506 506 506 506 506 506 506 506 506 506 506 506 506 506 506 506 506 506 506 506 530 531 531 532 532 532 533 533 534 534 535 534 535 535 536 536 537 536 537 537 537 538 538 538 538 538 539 539 539 538 539 539 539 539 539 539 539 539 539 539 539 538 538 538 538 538 537 536 536 536 536 535 535 534
506 506 506 506 506 506 506 506 506 506 506 506 506 506 506 506 506 506 506 506 506 506 506 506 506 506 506 506 506 506 506 506 506 506 506 506 506 506 506 506 506 530 531 532 532 532 532 533 533 534 534 534 534 535 535 536 536 536 536 536 537 537 538 537 537 538 538 538 539 538 538 538 538 539 539 538 538 538 538 538 538 537 537 537 537 537 537 536 535 535 535 535 535 534
506 506 506 506 506 506 506 506 506 506 506 506 506 506 506 506 506 506 506 506 506 506 506 506 506 506 506 506 506 506 506 506 506 506 506 506 506 506 506 506 506 530 531 531 532 531 532 532 533 533 534 533 534 534 535 535 536 535 535 536 536 537 537 536 537 537 537 538 538 537 537 538 538 538 538 537 537 537 537 537 538 536 536 536 536 536 536 535 535 535 534 534 534 534
506 506 506 506 506 506 506 506 506 506 506 506 506 506 506 506 506 506 506 506 506 506 506 506 506 506 506 506 506 506 506 506 506 506 506 506 506 506 506 506 506 530 530 531 531 531 531 532 532 533 533 533 533 534 534 535 535 534 535 535 536 536 536 536 536 536 537 537 537 536 537 537 537 537 537 537 537 537 537 537 537 536 536 536 536 536 535 535 534 534 534 533 533 533
506 506 506 506 506 506 506 506 506 506 506 506 506 506 506 506 506 506 506 506 506 506 506 506 506 506 506 506 506 506 506 506 506 506 506 506 506 506 506 506 506 529 530 530 531 530 531 531 532 532 533 532 533 533 534 534 535 534 534 535 535 535 536 535 535 536 536 536 537 536 536 536 536 537 537 536 536 536 536 536 536 536 535 535 535 535 535 535 533 533 533 533 533 532
506 506 506 506 506 506 506 506 506 506 506 506 506 506 506 506 506 506 506 506 506 506 506 506 506 506 506 506 506 506 506 506 506 506 506 506 506 506 506 506 506 506 529 530 530 530 530 531 531 532 532 532 532 533 533 534 534 533 534 534 535 535 535 535 535 535 535 536 536 535 535 536 536 536 536 535 535 535 535 535 535 535 534 534 534 534 534 534 533 533 532 532 532 532
