testData/tiles/oneDegreeCosts/grid10.0-29.0-11.0-30.0.asc
ncols   200
nrows   200
xllcorner   10.0
yllcorner   29.0
cellsize   0.005
NODATA_value   -9999.0
[rows 123 to 163 of 200, columns 0 to 90 of 200]
1125 1124 1122 1122 1122 1121 1120 1120 1118 1118 1117 1117 1116 1115 1115 1114 1113 1112 1112 1111 1110 1109 1108 1108 1107 1106 1105 1105 1104 1103 1102 1101 1101 1100 1099 1098 1097 1097 1096 1094 1094 1093 1093 1091 1090 1090 1088 1088 1087 1086 1085 1085 1084 1082 1081 1081 1081 1079 1079 1079 1079 1079 1079 834 834 834 834 834 834 833 833 833 570 570 570 569 569 569 569 569 568 568 568 567 568 567 567 567 566 566 565
1125 1123 1122 1123 1122 1121 1120 1119 1119 1118 1118 1117 1116 1115 1115 1114 1112 1112 1112 1111 1110 1109 1109 1108 1107 1106 1106 1105 1104 1103 1102 1102 1101 1100 1098 1098 1098 1097 1095 1094 1094 1094 1092 1091 1091 1090 1089 1088 1087 1086 1085 1085 1084 1082 1082 1081 1080 1079 1079 1079 1079 1079 1079 834 834 835 834 834 834 833 833 833 833 570 569 569 569 569 569 569 568 568 567 567 568 567 567 566 566 565 565
1124 1123 1123 1123 1122 1121 1120 1120 1119 1118 1118 1117 1116 1115 1115 1113 1113 1112 1112 1111 1109 1109 1109 1108 1107 1106 1106 1105 1104 1103 1103 1102 1101 1099 1098 1099 1098 1096 1095 1095 1095 1093 1092 1091 1091 1090 1089 1088 1086 1086 1086 1085 1083 1082 1082 1081 1080 1079 1079 1079 1079 1079 1078 834 834 834 834 834 833 833 833 833 833 833 569 569 569 569 569 568 568 567 567 568 567 567 566 566 566 565 566
1124 1124 1124 1123 1121 1121 1121 1120 1119 1118 1117 1117 1116 1115 1114 1114 1113 1113 1112 1110 1110 1110 1109 1108 1106 1106 1106 1105 1103 1103 1103 1102 1100 1099 1099 1099 1097 1096 1095 1096 1094 1093 1092 1091 1091 1090 1089 1087 1086 1087 1086 1084 1083 1082 1082 1081 1080 1079 1078 1079 1079 1078 1078 834 834 834 834 833 833 833 833 833 833 832 832 569 569 569 568 568 568 567 567 567 567 567 566 566 565 565 565
1125 1124 1124 1122 1121 1121 1121 1120 1119 1118 1118 1117 1116 1115 1115 1114 1113 1113 1111 1111 1110 1110 1109 1107 1107 1107 1106 1104 1103 1103 1103 1101 1100 1099 1100 1098 1097 1096 1095 1095 1094 1093 1092 1091 1091 1090 1089 1087 1087 1087 1085 1084 1083 1083 1082 1081 1080 1078 1078 1079 1078 1078 1078 834 834 834 833 833 833 832 833 833 832 832 832 569 569 568 568 568 567 567 567 567 567 566 566 565 565 566 565
1125 1124 1123 1122 1122 1121 1121 1120 1119 1119 1118 1117 1115 1115 1115 1114 1113 1112 1112 1111 1110 1110 1108 1108 1107 1107 1105 1104 1104 1104 1102 1101 1100 1100 1099 1098 1097 1096 1096 1095 1094 1093 1092 1092 1091 1090 1088 1087 1088 1086 1085 1084 1083 1083 1082 1081 1079 1078 1079 1078 1078 1078 1077 1077 834 833 833 833 832 832 833 832 832 832 831 831 569 568 568 567 567 567 567 567 566 566 566 565 566 566 566
1125 1123 1123 1123 1122 1122 1120 1119 1119 1119 1118 1116 1115 1116 1115 1114 1112 1112 1112 1111 1110 1109 1108 1108 1107 1106 1105 1104 1104 1103 1102 1101 1101 1100 1099 1098 1097 1096 1096 1095 1094 1092 1092 1092 1091 1089 1088 1087 1087 1086 1085 1084 1083 1083 1082 1080 1079 1078 1078 1078 1078 1078 1077 1077 834 833 833 833 832 833 832 832 832 831 831 832 831 568 567 567 567 567 567 566 566 567 566 566 566 566 566
1124 1124 1124 1123 1122 1121 1120 1120 1119 1119 1117 1116 1117 1116 1115 1113 1113 1113 1112 1111 1110 1109 1109 1108 1107 1106 1105 1105 1103 1103 1102 1101 1101 1100 1099 1098 1096 1096 1096 1095 1093 1092 1093 1092 1090 1089 1088 1089 1087 1086 1085 1084 1084 1083 1081 1080 1079 1079 1078 1078 1078 1077 1077 1078 833 833 833 832 832 833 832 832 831 831 831 831 831 831 567 567 567 567 568 567 567 566 566 566 567 567 566
1124 1124 1124 1123 1121 1121 1121 1120 1120 1118 1117 1117 1117 1116 1114 1113 1114 1113 1112 1110 1110 1110 1109 1107 1107 1106 1106 1104 1104 1103 1102 1102 1100 1100 1099 1098 1097 1097 1096 1094 1093 1093 1093 1091 1090 1089 1089 1088 1087 1086 1084 1084 1084 1083 1081 1080 1079 1079 1078 1078 1077 1077 1077 1077 833 833 832 832 832 832 832 832 831 831 831 831 831 830 567 567 567 568 567 567 567 567 567 566 567 567 567
1124 1125 1124 1122 1122 1121 1121 1120 1119 1118 1117 1117 1117 1115 1114 1113 1114 1113 1111 1110 1110 1110 1108 1107 1107 1106 1106 1104 1104 1103 1102 1101 1101 1100 1099 1097 1097 1097 1096 1094 1093 1093 1092 1091 1090 1089 1088 1088 1087 1085 1084 1084 1084 1082 1081 1080 1079 1079 1078 1077 1077 1077 1077 1077 1077 832 832 832 832 832 832 831 831 831 831 831 831 831 831 567 567 567 568 568 567 567 567 568 567 567 566
1125 1125 1123 1122 1122 1122 1121 1119 1119 1118 1118 1117 1116 1115 1114 1115 1114 1112 1111 1111 1111 1109 1108 1107 1107 1107 1105 1104 1104 1103 1102 1101 1101 1100 1098 1098 1097 1097 1095 1094 1094 1093 1092 1091 1090 1089 1089 1088 1086 1085 1084 1085 1083 1082 1081 1079 1079 1079 1077 1077 1077 1077 1077 1077 1076 832 832 832 832 832 831 831 831 831 832 831 831 831 831 831 568 568 568 568 568 567 567 567 567 567 567
1126 1124 1123 1122 1123 1122 1120 1119 1119 1119 1118 1117 1116 1115 1115 1115 1113 1112 1111 1111 1110 1109 1108 1108 1107 1106 1105 1104 1104 1102 1102 1101 1101 1099 1098 1098 1098 1096 1095 1094 1093 1093 1092 1091 1089 1089 1089 1088 1086 1085 1085 1084 1083 1082 1080 1080 1080 1078 1077 1077 1077 1077 1077 1077 1076 832 832 832 832 831 831 831 831 832 832 831 832 831 831 831 831 569 568 568 567 567 568 568 568 567 567
1125 1124 1123 1122 1123 1121 1120 1120 1119 1119 1117 1117 1116 1115 1115 1114 1113 1112 1111 1111 1110 1109 1108 1108 1107 1106 1105 1105 1103 1103 1102 1101 1100 1099 1099 1098 1097 1096 1095 1094 1093 1093 1092 1090 1089 1089 1089 1087 1086 1085 1084 1084 1083 1081 1080 1080 1080 1078 1077 1077 1076 1077 1077 1076 1076 832 832 832 832 832 832 831 831 832 832 832 831 831 831 832 832 568 568 568 568 568 568 568 568 568 567
1125 1124 1123 1124 1122 1121 1120 1120 1120 1118 1117 1117 1116 1116 1114 1114 1113 1112 1111 1111 1110 1109 1108 1107 1107 1106 1105 1104 1103 1103 1102 1101 1100 1099 1099 1097 1097 1096 1095 1094 1093 1093 1091 1090 1090 1090 1088 1087 1086 1085 1085 1084 1083 1081 1080 1080 1079 1078 1077 1076 1076 1077 1076 1076 1076 832 832 833 832 832 832 832 832 832 832 832 832 832 831 832 832 832 569 568 568 568 569 568 568 567 567
1125 1124 1123 1123 1122 1121 1120 1120 1119 1118 1117 1117 1116 1115 1115 1114 1113 1112 1112 1111 1110 1109 1108 1108 1107 1106 1104 1104 1104 1103 1101 1101 1100 1099 1098 1097 1097 1096 1094 1094 1094 1092 1091 1090 1090 1089 1088 1087 1085 1085 1085 1084 1082 1081 1081 1080 1079 1078 1076 1076 1076 1076 1076 1076 1075 832 833 832 832 833 832 832 832 832 833 832 832 832 832 833 832 832 831 569 568 569 568 568 568 568 568
1125 1124 1123 1123 1122 1121 1120 1120 1119 1118 1118 1117 1115 1115 1115 1114 1112 1112 1112 1111 1110 1108 1108 1108 1107 1105 1105 1104 1104 1102 1101 1101 1100 1099 1098 1098 1097 1095 1094 1094 1094 1092 1091 1090 1089 1089 1088 1087 1085 1085 1085 1083 1082 1081 1080 1080 1079 1077 1076 1076 1076 1076 1076 1076 1076 1076 833 833 833 832 832 832 833 833 832 832 833 832 833 832 832 832 832 569 568 569 569 569 568 568 568
1125 1123 1123 1123 1122 1121 1120 1120 1119 1118 1118 1116 1116 1115 1115 1113 1112 1112 1112 1111 1109 1108 1108 1108 1106 1105 1105 1104 1103 1102 1102 1101 1099 1099 1098 1098 1096 1095 1095 1094 1093 1092 1091 1090 1090 1089 1088 1086 1085 1086 1084 1083 1082 1080 1080 1080 1078 1077 1076 1076 1076 1077 1076 1076 1076 1076 833 833 833 833 833 832 833 833 833 833 832 832 833 833 833 832 832 832 570 569 569 569 569 568 568
1124 1123 1124 1123 1122 1120 1120 1120 1119 1118 1117 1116 1116 1115 1114 1113 1112 1112 1112 1110 1109 1108 1109 1107 1106 1105 1105 1103 1103 1102 1102 1100 1099 1099 1098 1097 1096 1095 1095 1094 1093 1092 1090 1090 1090 1089 1087 1086 1085 1085 1084 1083 1081 1080 1081 1080 1078 1077 1076 1076 1077 1077 1076 1077 1076 1077 833 833 833 833 833 834 833 833 833 833 833 832 833 833 833 833 832 832 832 570 569 569 568 568 568
1124 1124 1124 1123 1121 1120 1120 1120 1119 1117 1117 1116 1116 1115 1114 1113 1112 1113 1111 1110 1109 1109 1108 1107 1106 1105 1104 1104 1103 1102 1101 1100 1099 1099 1098 1097 1096 1095 1094 1094 1093 1091 1090 1090 1090 1088 1087 1086 1085 1085 1084 1082 1081 1080 1081 1079 1078 1078 1076 1077 1077 1077 1077 1077 1076 1078 833 833 833 833 833 834 833 834 833 833 833 833 834 833 833 832 832 832 833 570 569 569 569 569 568
1124 1124 1124 1122 1121 1120 1121 1119 1118 1118 1117 1116 1115 1115 1114 1113 1112 1112 1111 1110 1109 1108 1108 1107 1106 1105 1104 1104 1103 1101 1101 1100 1099 1098 1098 1097 1096 1094 1094 1094 1092 1091 1090 1090 1089 1088 1087 1085 1085 1085 1084 1082 1081 1080 1080 1080 1079 1077 1076 1078 1077 1077 1077 1077 1077 1077 833 834 833 833 833 834 834 833 833 834 833 834 833 833 833 833 833 833 833 833 570 569 569 569 569
1124 1123 1123 1122 1121 1121 1120 1119 1118 1118 1117 1116 1115 1115 1114 1113 1112 1112 1111 1110 1108 1108 1108 1107 1105 1105 1104 1104 1102 1102 1101 1100 1099 1098 1098 1097 1095 1094 1094 1094 1092 1091 1090 1090 1089 1088 1086 1085 1086 1085 1083 1082 1081 1082 1081 1080 1078 1078 1077 1077 1077 1078 1077 1077 1078 1078 834 833 833 834 834 834 834 834 834 833 833 834 834 834 833 833 833 834 833 833 832 569 569 569 569
1123 1124 1123 1122 1121 1120 1120 1119 1118 1118 1116 1116 1115 1115 1114 1112 1112 1112 1111 1109 1108 1108 1108 1106 1105 1105 1104 1103 1102 1102 1101 1099 1099 1098 1098 1096 1095 1094 1095 1093 1092 1091 1090 1090 1089 1088 1086 1085 1086 1084 1083 1083 1081 1082 1081 1080 1079 1078 1077 1078 1078 1078 1078 1078 1078 1078 1078 834 834 834 834 835 834 834 834 834 835 834 834 834 834 833 833 833 833 833 833 569 569 569 570
1123 1124 1123 1122 1120 1120 1120 1119 1118 1117 1116 1116 1116 1115 1113 1112 1112 1112 1110 1109 1109 1108 1107 1106 1105 1105 1103 1103 1102 1102 1100 1099 1099 1099 1097 1096 1095 1094 1094 1093 1092 1090 1090 1090 1089 1087 1086 1085 1085 1084 1084 1082 1081 1083 1081 1080 1079 1078 1078 1078 1078 1078 1078 1078 1079 1079 1078 834 834 834 835 834 834 834 834 834 834 835 834 834 833 833 834 834 834 833 833 833 570 570 569
1123 1124 1123 1121 1120 1120 1120 1119 1118 1117 1116 1116 1115 1114 1113 1112 1112 1111 1110 1109 1109 1107 1107 1106 1106 1104 1103 1103 1102 1101 1100 1099 1099 1098 1097 1096 1095 1094 1094 1093 1091 1090 1090 1090 1088 1087 1086 1085 1086 1085 1083 1083 1082 1082 1081 1081 1079 1078 1078 1078 1078 1078 1078 1078 1079 1079 1079 834 834 835 835 835 835 834 834 834 835 834 834 834 834 834 834 834 834 834 833 833 832 570 570
1123 1124 1122 1121 1121 1120 1120 1118 1118 1117 1116 1115 1115 1114 1113 1112 1111 1111 1110 1109 1108 1107 1107 1106 1105 1104 1103 1103 1102 1101 1100 1099 1098 1098 1097 1096 1094 1094 1094 1092 1091 1090 1090 1089 1088 1087 1086 1086 1086 1084 1084 1083 1082 1083 1082 1080 1079 1079 1078 1078 1078 1078 1078 1079 1079 1079 1079 834 835 835 835 835 835 835 834 835 835 835 835 834 834 834 835 834 834 833 833 833 834 570 570
1123 1123 1122 1121 1121 1120 1119 1118 1118 1117 1115 1115 1115 1114 1113 1111 1111 1111 1110 1108 1108 1107 1107 1105 1105 1104 1103 1102 1102 1101 1100 1098 1098 1098 1097 1095 1094 1094 1093 1092 1091 1090 1089 1089 1088 1087 1086 1086 1086 1085 1084 1084 1083 1082 1082 1081 1080 1080 1078 1079 1078 1078 1079 1079 1079 1079 1079 835 835 835 836 835 835 834 834 836 835 835 835 835 834 835 834 834 834 834 833 833 833 834 570
1123 1123 1122 1121 1121 1119 1118 1118 1118 1116 1115 1115 1115 1114 1112 1112 1111 1111 1109 1109 1108 1107 1106 1105 1105 1104 1102 1102 1102 1101 1099 1098 1098 1098 1096 1095 1094 1093 1093 1092 1091 1089 1089 1090 1088 1087 1087 1087 1086 1085 1085 1083 1083 1083 1082 1081 1080 1080 1079 1079 1078 1079 1079 1079 1080 1079 1079 835 836 836 835 835 835 835 835 835 835 835 835 834 834 835 835 834 834 834 834 833 834 833 570
1123 1122 1122 1120 1120 1119 1118 1119 1117 1116 1115 1115 1115 1113 1112 1112 1111 1110 1109 1109 1108 1106 1106 1106 1105 1103 1102 1102 1102 1100 1099 1098 1098 1097 1096 1095 1093 1093 1093 1092 1090 1090 1090 1089 1088 1088 1088 1086 1086 1086 1084 1084 1084 1082 1082 1082 1080 1080 1079 1079 1079 1079 1080 1080 1079 1079 1080 835 836 836 836 836 835 835 835 836 835 835 835 835 835 835 835 834 835 834 834 834 834 834 833
1123 1122 1121 1120 1120 1119 1118 1118 1117 1116 1115 1115 1114 1113 1112 1112 1110 1110 1109 1109 1107 1106 1105 1106 1104 1103 1102 1102 1101 1100 1099 1098 1097 1097 1096 1094 1094 1093 1093 1091 1091 1091 1089 1089 1089 1088 1087 1087 1086 1085 1085 1085 1083 1083 1083 1081 1080 1081 1079 1079 1079 1079 1080 1080 1080 1080 1079 1079 836 836 836 836 836 835 836 835 835 836 835 835 835 836 835 835 834 834 834 835 834 833 833
1123 1121 1121 1121 1120 1119 1117 1118 1117 1116 1114 1114 1113 1113 1112 1111 1110 1109 1109 1108 1107 1106 1105 1105 1104 1103 1102 1101 1101 1100 1099 1097 1097 1097 1096 1094 1094 1093 1092 1092 1091 1090 1090 1089 1089 1088 1088 1087 1086 1086 1085 1084 1084 1083 1082 1082 1082 1080 1079 1080 1079 1079 1080 1080 1080 1080 1080 1080 836 836 836 836 835 835 837 836 836 835 835 835 836 835 835 835 835 834 834 834 835 834 833
1122 1121 1120 1121 1120 1118 1117 1117 1117 1115 1114 1114 1113 1113 1112 1111 1110 1109 1109 1108 1107 1106 1105 1105 1104 1103 1101 1101 1101 1100 1098 1098 1097 1096 1095 1094 1094 1093 1092 1092 1092 1091 1090 1090 1089 1088 1088 1087 1086 1086 1085 1085 1084 1083 1083 1082 1081 1081 1080 1079 1079 1081 1080 1080 1080 1080 1080 1080 837 836 836 836 836 837 836 836 836 836 835 835 835 836 835 835 834 834 835 835 834 833 833
1122 1121 1120 1121 1119 1118 1117 1117 1116 1115 1115 1114 1113 1112 1112 1111 1110 1108 1108 1108 1107 1105 1105 1104 1104 1102 1101 1101 1100 1099 1098 1098 1097 1095 1095 1094 1094 1093 1092 1093 1092 1091 1091 1089 1089 1090 1088 1087 1087 1086 1086 1085 1084 1083 1082 1082 1082 1081 1080 1080 1080 1080 1081 1080 1080 1080 1080 1081 836 836 837 836 836 836 837 836 836 835 835 836 836 835 835 835 835 834 835 835 835 834 833
1122 1121 1120 1119 1119 1118 1118 1116 1115 1115 1115 1114 1112 1111 1112 1111 1109 1108 1108 1108 1106 1105 1105 1104 1103 1102 1102 1101 1099 1099 1098 1098 1096 1095 1096 1095 1094 1094 1093 1092 1093 1092 1090 1089 1089 1089 1088 1088 1086 1086 1087 1085 1084 1084 1082 1083 1082 1081 1080 1080 1080 1081 1080 1080 1081 1080 1080 1080 837 837 836 836 836 837 836 836 836 836 836 836 836 836 835 835 835 835 835 835 834 834 833
1122 1120 1120 1119 1119 1118 1117 1116 1115 1115 1115 1113 1112 1111 1112 1110 1109 1108 1108 1106 1106 1105 1105 1103 1102 1102 1102 1100 1099 1098 1098 1097 1096 1096 1095 1095 1095 1094 1092 1092 1093 1091 1091 1090 1089 1090 1089 1087 1086 1086 1086 1085 1085 1083 1082 1084 1082 1081 1080 1080 1080 1080 1081 1081 1080 1080 1082 1081 837 837 837 836 837 837 837 837 836 836 836 837 836 836 835 836 835 835 835 835 835 834 833
1121 1120 1120 1119 1118 1117 1117 1116 1115 1113 1114 1113 1112 1111 1110 1110 1109 1108 1107 1106 1106 1105 1104 1103 1102 1102 1101 1100 1099 1098 1098 1097 1097 1095 1095 1096 1095 1093 1093 1092 1092 1092 1091 1089 1089 1089 1088 1088 1087 1086 1086 1086 1084 1083 1083 1082 1082 1082 1080 1080 1081 1081 1081 1081 1081 1081 1081 1081 837 837 836 836 838 837 837 837 837 836 837 836 836 836 836 835 835 836 835 835 834 834 834
1120 1120 1120 1119 1117 1117 1117 1116 1114 1113 1113 1113 1112 1111 1110 1109 1109 1108 1107 1106 1105 1104 1104 1103 1102 1101 1101 1100 1099 1098 1098 1098 1096 1096 1095 1095 1095 1094 1093 1093 1092 1092 1091 1090 1090 1089 1089 1088 1087 1087 1086 1085 1085 1084 1083 1083 1083 1081 1080 1081 1081 1081 1081 1081 1081 1081 1082 1081 837 837 837 837 837 837 837 837 836 836 837 837 836 836 836 836 835 835 835 835 835 834 833
1120 1119 1120 1118 1117 1117 1117 1115 1114 1114 1113 1113 1111 1111 1110 1109 1108 1108 1107 1106 1104 1105 1104 1103 1101 1101 1101 1099 1098 1098 1098 1097 1097 1096 1095 1095 1095 1094 1093 1093 1092 1092 1091 1090 1090 1089 1089 1089 1087 1087 1087 1085 1085 1084 1084 1083 1082 1082 1081 1081 1081 1081 1081 1081 1081 1081 1081 1081 838 837 837 837 838 837 837 837 837 836 837 837 837 836 836 836 836 836 835 835 834 834 834
1120 1118 1119 1118 1117 1117 1115 1115 1114 1114 1112 1111 1111 1111 1110 1108 1107 1108 1107 1105 1104 1104 1104 1102 1101 1101 1099 1099 1099 1098 1097 1097 1097 1096 1096 1095 1094 1094 1093 1093 1092 1091 1091 1091 1090 1089 1089 1088 1087 1088 1086 1085 1085 1084 1084 1083 1082 1082 1081 1081 1082 1081 1082 1081 1081 1081 1082 1082 1081 837 837 838 837 837 837 837 836 836 837 837 836 836 836 836 836 836 835 835 835 834 834
1119 1118 1118 1118 1117 1116 1115 1114 1114 1113 1112 1111 1110 1111 1109 1108 1107 1107 1106 1105 1104 1104 1102 1102 1101 1100 1099 1099 1099 1098 1098 1097 1098 1096 1096 1096 1094 1094 1094 1093 1092 1092 1091 1091 1091 1090 1088 1088 1088 1087 1086 1086 1084 1084 1084 1083 1082 1081 1081 1082 1082 1082 1081 1081 1082 1082 1082 1082 1082 837 837 837 838 837 837 837 837 838 837 837 837 836 836 836 836 836 835 835 834 834 834
1119 1119 1118 1117 1116 1116 1115 1114 1112 1113 1112 1111 1109 1109 1109 1108 1107 1106 1106 1105 1104 1103 1102 1102 1101 1101 1100 1099 1099 1099 1098 1098 1096 1096 1097 1095 1094 1094 1093 1093 1093 1092 1091 1092 1091 1089 1089 1088 1088 1088 1087 1085 1085 1084 1084 1083 1082 1081 1081 1082 1082 1082 1082 1082 1082 1082 1082 1082 1081 837 838 838 838 837 838 837 837 837 838 837 836 836 836 836 836 836 835 835 835 834 834
1119 1119 1118 1116 1115 1116 1115 1113 1112 1112 1112 1110 1110 1109 1109 1107 1107 1106 1105 1104 1104 1103 1102 1101 1101 1101 1100 1099 1099 1099 1099 1097 1096 1096 1096 1096 1095 1094 1094 1094 1093 1092 1091 1091 1091 1090 1089 1088 1088 1088 1086 1086 1084 1084 1085 1083 1082 1082 1081 1082 1082 1082 1082 1082 1082 1082 1082 1082 1082 838 838 838 838 838 837 837 837 838 837 837 837 836 836 836 837 836 835 835 834 834 835
