testData/tiles/oneDegreeCosts/grid15.0-32.0-16.0-33.0.asc
ncols   200
nrows   200
xllcorner   15.0
yllcorner   32.0
cellsize   0.005
NODATA_value   -9999.0
[rows 42 to 83 of 200, columns 0 to 93 of 200]
538 537 538 537 536 535 535 534 533 533 533 532 531 530 529 529 529 528 527 526 525 525 524 524 523 507 506 505 505 504 503 503 502 501 500 468 467 466 465 465 464 463 462 461 460 460 460 460 460 460 460 460 460 460 460 460 460 460 460 460 460 460 460 460 460 460 460 460 460 460 460 460 460 460 460 460 460 460 460 460 460 460 460 460 460 460 460 460 460 460 460 460 460 460
538 538 538 537 537 536 535 534 534 534 533 532 531 531 530 529 529 528 528 527 526 525 524 524 524 523 507 506 505 504 503 503 502 501 500 499 468 467 466 465 465 464 463 462 460 460 460 460 460 460 460 460 460 460 460 460 460 460 460 460 460 460 460 460 460 460 460 460 460 460 460 460 460 460 460 460 460 460 460 460 460 460 460 460 460 460 460 460 460 460 460 460 460 460
539 538 538 538 537 536 535 535 534 534 533 533 532 531 530 530 530 529 528 527 526 526 525 525 524 523 507 506 505 505 504 504 503 502 501 500 468 467 466 465 465 464 463 462 461 460 460 460 460 460 460 460 460 460 460 460 460 460 460 460 460 460 460 460 460 460 460 460 460 460 460 460 460 460 460 460 460 460 460 460 460 460 460 460 460 460 460 460 460 460 460 460 460 460
539 539 539 538 537 537 536 535 534 535 534 533 532 532 531 530 530 529 529 528 527 526 525 525 524 524 508 507 506 505 504 504 503 502 501 500 469 468 467 466 466 465 464 463 462 460 460 460 460 460 460 460 460 460 460 460 460 460 460 460 460 460 460 460 460 460 460 460 460 460 460 460 460 460 460 460 460 460 460 460 460 460 460 460 460 460 460 460 460 460 460 460 460 460
540 539 539 539 538 537 536 536 535 535 534 534 533 532 531 530 531 530 529 528 527 526 526 525 525 524 523 507 506 506 505 505 504 503 502 501 469 468 467 466 466 465 464 463 462 461 460 460 460 460 460 460 460 460 460 460 460 460 460 460 460 460 460 460 460 460 460 460 460 460 460 460 460 460 460 460 460 460 460 460 460 460 460 460 460 460 460 460 460 460 460 460 460 460
540 539 540 539 538 537 537 536 535 535 535 534 533 532 532 531 531 530 529 529 528 527 526 525 525 525 524 508 507 506 505 504 504 503 502 501 501 469 468 467 467 466 465 464 463 462 460 460 460 460 460 460 460 460 460 460 460 460 460 460 460 460 460 460 460 460 460 460 460 460 460 460 460 460 460 460 460 460 460 460 460 460 460 460 460 460 460 460 460 460 460 460 460 460
540 540 540 539 539 538 537 536 536 536 535 534 534 533 532 531 531 531 530 529 528 527 527 526 526 525 524 523 507 506 506 505 505 504 503 502 501 469 468 467 467 466 465 464 463 462 461 460 460 460 460 460 460 460 460 460 460 460 460 460 460 460 460 460 460 460 460 460 460 460 460 460 460 460 460 460 460 460 460 460 460 460 460 460 460 460 460 460 460 460 460 460 460 460
541 540 540 540 539 538 538 537 536 536 536 535 534 533 532 532 532 531 530 529 529 528 527 526 526 525 525 524 508 507 506 505 505 504 503 502 501 470 469 468 468 467 466 465 464 463 461 460 460 460 460 460 460 460 460 460 460 460 460 460 460 460 460 460 460 460 460 460 460 460 460 460 460 460 460 460 460 460 460 460 460 460 460 460 460 460 460 460 460 460 460 460 460 460
541 541 540 540 539 539 538 537 536 537 536 535 534 534 533 532 532 532 531 530 529 528 527 527 527 526 525 524 523 507 506 506 506 505 504 503 502 470 469 468 468 467 466 465 464 463 462 461 460 460 460 460 460 460 460 460 460 460 460 460 460 460 460 460 460 460 460 460 460 460 460 460 460 460 460 460 460 460 460 460 460 460 460 460 460 460 460 460 460 460 460 460 460 460
542 541 540 541 540 539 538 538 537 537 536 536 535 534 533 533 532 532 531 530 529 529 528 527 527 526 525 525 524 508 507 506 506 505 504 503 502 470 469 469 468 468 467 466 465 464 462 461 460 460 460 460 460 460 460 460 460 460 460 460 460 460 460 460 460 460 460 460 460 460 460 460 460 460 460 460 460 460 460 460 460 460 460 460 460 460 460 460 460 460 460 460 460 460
542 541 541 541 540 540 539 538 537 537 537 536 535 535 534 533 532 532 532 531 530 529 528 527 528 527 526 525 524 523 507 506 507 506 505 504 503 502 470 469 468 468 467 466 465 464 463 462 461 460 460 460 460 460 460 460 460 460 460 460 460 460 460 460 460 460 460 460 460 460 460 460 460 460 460 460 460 460 460 460 460 460 460 460 460 460 460 460 460 460 460 460 460 460
542 542 541 541 541 540 539 538 538 537 537 536 536 535 534 533 533 533 532 531 530 530 529 528 528 527 526 525 525 524 508 507 507 506 505 504 503 502 470 469 468 469 468 467 466 464 463 462 461 460 460 460 460 460 460 460 460 460 460 460 460 460 460 460 460 460 460 460 460 460 460 460 460 460 460 460 460 460 460 460 460 460 460 460 460 460 460 460 460 460 460 460 460 460
543 542 541 542 541 540 540 539 538 537 538 537 536 535 535 534 533 533 532 532 531 530 529 528 528 528 527 526 525 524 523 507 507 507 506 505 504 503 471 470 469 469 468 467 466 465 464 463 462 461 461 460 460 460 460 460 460 460 460 460 460 460 460 460 460 460 460 460 460 460 460 460 460 460 460 460 460 460 460 460 460 460 460 460 460 460 460 460 460 460 460 460 460 460
543 543 542 542 541 541 540 539 538 538 538 537 536 536 535 534 533 534 533 532 531 530 530 529 528 528 527 526 525 525 524 508 507 507 506 505 504 503 471 470 469 469 468 467 466 465 464 463 462 461 461 460 460 460 460 460 460 460 460 460 460 460 460 460 460 460 460 460 460 460 460 460 460 460 460 460 460 460 460 460 460 460 460 460 460 460 460 460 460 460 460 460 460 460
544 543 542 542 542 541 540 540 539 538 538 538 537 536 535 535 534 534 533 532 532 531 530 529 528 528 528 527 526 525 524 508 507 507 507 506 505 504 503 471 470 470 469 468 467 466 465 464 463 462 462 461 460 460 460 460 460 460 460 460 460 460 460 460 460 460 460 460 460 460 460 460 460 460 460 460 460 460 460 460 460 460 460 460 460 460 460 460 460 460 460 460 460 460
544 543 543 542 542 541 541 540 539 539 539 538 537 537 536 535 534 534 534 533 532 531 530 530 529 529 528 527 526 525 525 524 508 508 507 506 505 504 503 471 470 469 469 468 467 466 465 464 463 462 461 461 460 460 460 460 460 460 460 460 460 460 460 460 460 460 460 460 460 460 460 460 460 460 460 460 460 460 460 460 460 460 460 460 460 460 460 460 460 460 460 460 460 460
544 544 543 542 543 542 541 540 540 539 538 538 538 537 536 535 535 534 534 533 532 532 531 530 529 529 528 528 527 526 525 524 508 508 507 506 506 505 504 472 471 470 470 469 468 467 466 465 464 463 462 462 461 460 460 460 460 460 460 460 460 460 460 460 460 460 460 460 460 460 460 460 460 460 460 460 460 460 460 460 460 460 460 460 460 460 460 460 460 460 460 460 460 460
545 544 543 543 543 542 541 541 540 539 539 539 538 537 537 536 535 534 534 534 533 532 531 530 530 529 529 528 527 526 525 525 524 508 508 507 506 505 504 472 471 470 470 469 468 467 466 465 464 463 462 462 461 460 460 460 460 460 460 460 460 460 460 460 460 460 460 460 460 460 460 460 460 460 460 460 460 460 460 460 460 460 460 460 460 460 460 460 460 460 460 460 460 460
545 544 544 543 543 543 542 541 540 540 539 539 538 538 537 536 535 535 535 534 533 532 532 531 530 529 529 528 528 527 526 525 524 508 508 507 506 505 505 473 472 471 471 470 469 468 467 466 465 464 463 463 461 460 460 460 460 460 460 460 460 460 460 460 460 460 460 460 460 460 460 460 460 460 460 460 460 460 460 460 460 460 460 460 460 460 460 460 460 460 460 460 460 460
545 545 544 543 544 543 542 541 541 540 539 540 539 538 537 537 536 535 535 534 534 533 532 531 530 529 530 529 528 527 526 525 524 509 509 508 507 506 505 504 472 471 470 470 469 468 467 466 465 464 463 462 462 461 460 460 460 460 460 460 460 460 460 460 460 460 460 460 460 460 460 460 460 460 460 460 460 460 460 460 460 460 460 460 460 460 460 460 460 460 460 460 460 460
546 545 544 544 544 543 543 542 541 540 540 540 539 538 538 537 536 535 535 535 534 533 532 532 531 530 530 529 528 527 527 526 525 524 509 508 507 506 505 504 473 472 471 471 470 469 468 467 466 465 464 462 462 461 460 460 460 460 460 460 460 460 460 460 460 460 460 460 460 460 460 460 460 460 460 460 460 460 460 460 460 460 460 460 460 460 460 460 460 460 460 460 460 460
546 545 545 544 544 544 543 542 541 541 540 540 540 539 538 537 536 536 535 535 534 534 533 532 531 530 530 530 529 528 527 526 525 524 509 509 508 507 506 505 473 472 471 471 470 469 468 467 466 465 464 463 463 462 461 460 460 460 460 460 460 460 460 460 460 460 460 460 460 460 460 460 460 460 460 460 460 460 460 460 460 460 460 460 460 460 460 460 460 460 460 460 460 460
546 546 545 544 544 544 543 543 542 541 540 540 540 539 538 538 537 536 535 536 535 534 533 532 531 531 530 530 529 528 527 527 526 525 524 509 508 507 506 505 473 472 471 471 471 470 469 468 467 465 464 463 463 462 461 460 460 460 460 460 460 460 460 460 460 460 460 460 460 460 460 460 460 460 460 460 460 460 460 460 460 460 460 460 460 460 460 460 460 460 460 460 460 460
547 546 545 545 544 544 544 543 542 541 541 540 540 540 539 538 537 536 536 536 535 534 533 533 532 531 530 530 530 529 528 527 526 525 524 509 508 508 507 506 474 473 472 472 471 470 469 468 467 466 465 464 463 463 462 461 460 460 460 460 460 460 460 460 460 460 460 460 460 460 460 460 460 460 460 460 460 460 460 460 460 460 460 460 460 460 460 460 460 460 460 460 460 460
547 547 546 545 544 545 544 543 543 542 541 540 541 540 539 538 538 537 536 536 535 535 534 533 532 531 531 531 530 529 528 527 526 526 525 510 509 508 507 506 474 473 472 471 471 470 469 468 467 466 465 464 463 463 462 461 460 460 460 460 460 460 460 460 460 460 460 460 460 460 460 460 460 460 460 460 460 460 460 460 460 460 460 460 460 460 460 460 460 460 460 460 460 460
548 547 546 545 545 544 544 544 543 542 541 541 541 540 539 539 538 537 536 536 536 535 534 533 533 532 531 531 530 529 529 528 527 526 525 525 509 508 507 507 506 474 473 472 472 471 470 469 468 467 466 465 464 464 463 461 460 460 460 460 460 460 460 460 460 460 460 460 460 460 460 460 460 460 460 460 460 460 460 460 460 460 460 460 460 460 460 460 460 460 460 460 460 460
548 547 546 546 545 544 545 544 543 543 542 541 541 541 540 539 538 538 537 536 536 535 535 534 533 532 531 531 531 530 529 528 527 526 525 525 510 509 508 507 506 474 473 472 472 471 470 469 468 467 466 465 464 464 463 462 461 460 460 460 460 460 460 460 460 460 460 460 460 460 460 460 460 460 460 460 460 460 460 460 460 460 460 460 460 460 460 460 460 460 460 460 460 460
548 548 547 546 545 545 545 544 544 543 542 541 541 541 540 539 539 538 537 536 537 536 535 534 533 533 532 531 531 530 529 528 528 527 526 525 510 509 508 507 506 474 474 473 472 472 471 470 469 468 467 466 465 463 463 462 461 460 460 460 460 460 460 460 460 460 460 460 460 460 460 460 460 460 460 460 460 460 460 460 460 460 460 460 460 460 460 460 460 460 460 460 460 460
549 548 547 546 546 545 545 545 544 543 543 542 541 541 541 540 539 538 537 537 537 536 535 535 534 533 532 531 531 531 530 529 528 527 526 525 525 510 509 508 507 475 474 473 472 472 471 470 469 468 467 466 465 464 464 463 462 461 460 460 460 460 460 460 460 460 460 460 460 460 460 460 460 460 460 460 460 460 460 460 460 460 460 460 460 460 460 460 460 460 460 460 460 460
549 548 547 547 546 545 546 545 544 544 543 542 541 542 541 540 539 539 538 537 536 536 536 535 534 533 532 532 532 531 530 529 528 527 527 526 525 510 509 508 507 475 474 473 472 472 471 470 469 468 467 466 465 464 464 463 462 461 460 460 460 460 460 460 460 460 460 460 460 460 460 460 460 460 460 460 460 460 460 460 460 460 460 460 460 460 460 460 460 460 460 460 460 460
549 549 548 547 546 546 545 545 545 544 543 542 542 541 541 540 540 539 538 537 537 537 536 535 534 534 533 532 531 531 530 530 529 528 527 526 525 510 509 509 508 476 475 474 473 473 472 471 470 469 468 467 466 465 464 464 463 461 460 460 460 460 460 460 460 460 460 460 460 460 460 460 460 460 460 460 460 460 460 460 460 460 460 460 460 460 460 460 460 460 460 460 460 460
550 549 548 547 547 546 545 546 545 544 544 543 542 541 542 541 540 539 539 538 537 537 536 536 535 534 533 532 532 532 531 530 529 528 527 526 526 526 510 509 508 507 475 474 473 472 472 471 470 469 468 467 466 465 464 464 463 462 461 460 460 460 460 460 460 460 460 460 460 460 460 460 460 460 460 460 460 460 460 460 460 460 460 460 460 460 460 460 460 460 460 460 460 460
549 549 548 548 547 546 546 546 545 545 544 543 542 542 542 541 540 540 539 538 537 537 537 536 535 534 534 533 532 532 531 530 529 529 528 527 526 526 510 509 508 507 475 475 474 473 473 472 471 470 469 468 467 466 465 464 463 462 461 460 460 460 460 460 460 460 460 460 460 460 460 460 460 460 460 460 460 460 460 460 460 460 460 460 460 460 460 460 460 460 460 460 460 460
549 549 549 548 547 547 546 546 546 545 544 543 543 542 542 541 541 540 539 538 538 537 537 536 535 535 534 533 532 532 532 531 530 529 528 527 526 525 511 510 509 508 476 475 474 473 473 472 471 470 469 468 467 466 465 464 464 463 462 461 460 460 460 460 460 460 460 460 460 460 460 460 460 460 460 460 460 460 460 460 460 460 460 460 460 460 460 460 460 460 460 460 460 460
549 550 549 548 548 547 546 546 546 545 544 544 543 542 542 542 541 540 540 539 538 537 537 537 536 535 534 533 533 532 532 531 530 529 528 528 527 526 526 510 509 508 476 475 474 473 472 472 471 470 469 468 467 466 465 464 464 463 462 461 460 460 460 460 460 460 460 460 460 460 460 460 460 460 460 460 460 460 460 460 460 460 460 460 460 460 460 460 460 460 460 460 460 460
550 550 549 549 548 547 547 546 546 546 545 544 543 543 542 542 541 541 540 539 538 538 538 537 536 535 535 534 533 532 532 531 531 530 529 528 527 526 526 510 509 509 477 476 475 474 473 473 472 471 470 469 468 467 466 465 465 464 462 461 460 460 460 460 460 460 460 460 460 460 460 460 460 460 460 460 460 460 460 460 460 460 460 460 460 460 460 460 460 460 460 460 460 460
550 550 550 549 548 548 547 546 547 546 545 544 544 543 542 542 542 541 540 539 539 538 537 537 537 536 535 534 533 532 533 532 531 530 529 528 527 527 526 511 510 509 477 476 475 474 473 473 472 471 470 469 468 467 466 465 464 464 463 462 461 460 460 460 460 460 460 460 460 460 460 460 460 460 460 460 460 460 460 460 460 460 460 460 460 460 460 460 460 460 460 460 460 460
550 550 550 549 549 548 547 547 546 546 545 545 544 543 543 542 542 541 541 540 539 538 537 538 537 536 535 534 534 533 532 532 531 530 530 529 528 527 526 511 510 509 477 476 475 475 474 473 473 472 471 470 469 468 467 466 464 464 463 462 461 460 460 460 460 460 460 460 460 460 460 460 460 460 460 460 460 460 460 460 460 460 460 460 460 460 460 460 460 460 460 460 460 460
551 550 550 550 549 548 548 547 546 546 546 545 544 544 543 542 542 542 541 540 539 539 538 538 537 536 536 535 534 533 532 532 532 531 530 529 528 527 526 526 511 510 478 477 476 475 474 473 473 472 471 470 469 468 467 466 465 464 464 463 462 460 460 460 460 460 460 460 460 460 460 460 460 460 460 460 460 460 460 460 460 460 460 460 460 460 460 460 460 460 460 460 460 460
551 550 550 550 549 549 548 547 546 547 546 545 545 544 543 542 543 542 541 540 540 539 538 537 537 537 536 535 534 533 533 532 532 531 530 529 528 528 527 526 511 510 509 477 476 475 474 473 472 472 471 470 469 468 467 466 465 464 464 463 462 461 460 460 460 460 460 460 460 460 460 460 460 460 460 460 460 460 460 460 460 460 460 460 460 460 460 460 460 460 460 460 460 460
551 551 550 550 550 549 548 547 547 546 546 546 545 544 543 543 542 542 541 541 540 539 538 538 538 537 536 535 535 534 533 532 532 531 531 530 529 528 527 526 511 510 509 477 477 476 475 474 473 473 472 471 470 469 468 467 466 465 464 463 462 461 460 460 460 460 460 460 460 460 460 460 460 460 460 460 460 460 460 460 460 460 460 460 460 460 460 460 460 460 460 460 460 460
552 551 550 551 550 549 548 548 547 546 547 546 545 544 544 543 542 543 542 541 540 539 539 538 538 537 537 536 535 534 533 532 533 532 531 530 529 528 527 526 526 511 510 478 477 476 475 474 473 473 472 471 470 469 468 467 466 465 464 464 463 462 460 460 460 460 460 460 460 460 460 460 460 460 460 460 460 460 460 460 460 460 460 460 460 460 460 460 460 460 460 460 460 460
