testData/tiles/oneDegreeCosts/grid24.0-2.0-25.0-3.0.asc
ncols   200
nrows   200
xllcorner   24.0
yllcorner   2.0
cellsize   0.005
NODATA_value   -9999.0
[rows 84 to 125 of 200, columns 0 to 93 of 200]
712 712 711 711 710 711 710 709 709 708 708 707 708 707 705 706 704 704 703 702 702 700 700 699 698 697 696 695 694 693 692 692 691 689 688 687 687 685 685 683 682 680 678 678 677 675 674 673 671 670 668 666 665 663 662 661 659 656 655 653 651 649 648 646 644 641 639 638 635 633 632 628 626 623 622 619 616 614 612 608 606 603 601 601 600 599 598 598 598 596 596 595 594 594
713 712 712 711 710 710 710 709 709 708 708 707 706 706 705 704 705 703 704 702 701 701 700 700 698 697 697 695 694 694 692 691 691 689 688 687 686 685 684 683 681 679 679 677 675 674 672 670 670 668 667 665 664 663 661 660 658 656 654 653 651 648 646 645 643 640 639 637 635 633 631 629 627 625 620 619 616 613 610 609 606 603 602 601 601 599 599 597 597 597 596 595 594 593
713 712 712 712 711 711 710 710 710 708 707 707 707 706 706 704 704 703 702 702 701 701 700 699 699 697 696 696 694 694 693 690 689 689 688 687 686 684 684 683 682 680 679 678 676 674 674 672 670 669 667 665 664 663 661 659 658 656 655 652 651 650 647 645 644 641 639 635 635 632 629 628 626 623 621 619 617 614 611 608 605 602 601 600 600 600 599 598 598 597 595 595 594 593
712 712 712 711 711 710 710 710 709 709 708 708 706 706 705 705 703 703 702 702 701 700 699 698 698 698 696 695 695 693 692 692 690 689 689 686 685 684 682 681 681 679 678 677 675 674 673 671 671 669 668 667 665 662 660 658 656 656 654 651 650 649 646 645 642 641 639 636 633 633 630 627 625 624 621 618 615 613 610 608 604 602 601 601 600 599 599 598 597 596 596 596 594 594
712 712 712 711 711 710 710 710 708 708 708 708 707 706 705 705 704 704 702 703 701 700 699 698 698 696 695 695 694 693 691 691 691 689 688 688 686 685 684 681 680 679 678 677 676 674 673 672 670 669 667 666 664 662 661 660 657 654 654 652 650 648 647 645 642 642 639 637 635 631 629 627 624 622 621 618 615 612 611 608 605 603 601 600 599 599 598 598 598 597 596 595 595 594
712 712 711 711 710 710 710 708 709 708 708 707 706 706 705 706 704 703 703 701 701 700 700 698 697 697 696 694 694 693 692 690 690 689 687 686 686 684 683 682 680 679 679 676 675 675 673 671 670 668 666 665 664 662 661 660 657 656 654 651 649 647 645 644 642 639 639 636 634 631 631 628 625 623 619 618 616 612 609 606 604 602 601 601 601 600 598 597 597 596 596 595 594 594
712 713 712 711 711 710 710 708 708 708 707 707 706 706 705 704 704 703 703 702 701 701 699 698 698 696 696 695 693 692 692 690 690 689 687 686 685 685 683 682 681 679 678 677 675 673 673 670 668 668 666 664 664 662 660 658 657 655 654 651 650 648 646 644 642 640 638 636 634 632 629 627 625 622 619 617 615 611 609 606 604 602 602 600 600 600 599 598 597 596 596 595 594 593
713 711 711 711 711 711 709 710 709 708 708 707 707 705 705 704 703 703 702 701 700 700 700 699 697 697 696 694 694 692 692 691 689 688 687 685 684 683 682 682 681 679 678 677 675 674 673 671 670 668 667 665 663 662 660 658 656 656 653 651 650 648 645 644 642 640 636 635 633 631 629 626 624 623 620 617 614 613 610 605 603 602 601 600 600 599 599 599 598 596 596 596 594 593
712 712 712 711 710 710 709 709 709 708 707 707 706 706 704 704 703 703 702 701 700 700 698 698 697 695 695 694 693 693 692 691 690 688 689 687 685 683 682 680 679 679 677 676 675 673 672 671 669 668 666 665 663 661 659 657 656 653 652 651 649 647 646 643 641 641 638 635 633 631 629 626 624 621 618 617 614 611 609 606 603 602 602 601 600 598 598 598 597 596 596 595 595 594
711 711 711 711 711 709 709 709 708 708 707 707 706 706 705 704 703 703 702 702 700 699 699 697 696 696 695 694 693 692 691 690 689 688 686 685 686 684 683 682 680 678 677 675 674 674 672 670 669 667 665 665 663 661 660 659 656 654 652 651 648 647 646 643 642 638 637 635 633 630 628 627 623 620 619 616 613 611 608 606 602 602 601 601 600 599 598 598 598 597 595 594 594 594
712 712 710 710 710 709 709 708 708 707 707 707 705 705 705 705 704 702 702 701 700 699 698 698 697 695 695 694 693 692 691 689 689 688 687 685 684 684 682 681 680 678 677 676 673 671 671 669 667 666 665 663 662 661 659 656 656 654 652 650 649 646 644 643 640 638 636 635 632 631 628 626 623 622 619 614 613 610 607 604 603 602 601 601 601 600 598 598 596 596 596 595 594 593
712 711 712 711 711 710 709 708 707 707 707 706 706 704 705 703 702 702 701 700 700 699 699 698 696 696 695 694 693 691 690 689 688 688 687 685 684 683 682 681 680 678 677 676 674 673 672 670 668 666 665 664 662 660 659 657 655 654 652 650 649 647 645 643 641 639 636 634 632 629 627 625 623 620 617 616 613 611 607 604 602 601 601 600 599 599 599 598 597 597 596 594 593 593
713 711 711 711 710 711 709 709 708 707 708 705 705 704 704 704 703 701 701 700 700 699 697 697 696 695 695 694 692 692 691 689 689 686 686 685 683 682 681 679 679 678 676 675 674 672 670 670 668 666 665 662 660 659 658 656 655 652 651 650 647 646 644 642 640 638 637 633 631 629 627 625 622 621 618 615 611 609 607 604 602 601 601 600 600 599 598 597 597 596 595 595 595 593
711 712 711 710 710 709 709 708 707 708 706 707 705 705 704 703 702 701 701 701 699 698 698 697 697 695 694 694 692 691 690 690 689 688 686 686 685 682 681 680 678 676 676 674 673 673 671 669 668 666 664 663 662 660 658 657 654 652 651 649 647 646 644 642 639 638 636 634 632 630 626 623 621 619 617 615 612 609 606 604 603 602 602 600 599 598 598 597 597 596 596 595 593 593
711 711 711 710 710 709 709 708 707 707 706 706 705 705 704 704 703 702 701 700 700 697 697 697 695 695 694 693 692 691 690 688 688 687 685 684 683 682 681 680 678 676 676 674 673 671 670 669 667 666 665 663 662 661 658 656 655 654 650 647 647 644 642 642 639 637 634 634 631 628 627 625 622 618 616 614 611 609 605 602 602 602 601 600 600 600 598 597 596 596 595 594 594 593
711 711 710 710 709 708 708 707 708 706 706 705 705 704 703 702 702 702 701 700 700 698 697 697 696 694 693 692 691 691 690 689 687 687 686 684 683 682 681 680 679 677 676 675 672 671 670 668 666 665 664 662 661 659 657 656 654 652 651 649 647 644 643 640 639 637 635 632 631 629 626 624 622 619 616 612 610 608 605 602 602 602 601 601 599 598 598 598 596 595 595 595 594 592
711 710 710 711 710 709 707 707 707 706 706 705 705 704 703 703 702 701 701 699 698 698 697 698 696 694 695 693 691 690 689 687 687 685 684 684 682 680 680 679 678 678 676 674 674 672 670 670 667 665 664 662 660 658 658 656 653 652 651 649 647 646 642 640 638 636 634 632 629 628 625 623 620 619 616 614 611 608 605 602 601 601 601 600 599 598 598 598 597 597 595 593 593 593
712 711 710 709 709 709 708 708 707 707 705 705 704 704 702 702 702 701 699 700 698 699 697 696 696 694 693 693 692 690 690 689 687 686 684 683 683 681 679 679 677 675 675 673 671 671 669 667 666 665 663 660 660 658 656 654 653 651 649 648 646 644 643 641 638 636 635 632 629 627 626 623 620 617 615 612 609 607 604 603 602 601 600 600 600 599 597 597 597 596 595 594 594 593
710 710 711 709 710 708 708 708 707 707 706 705 705 704 703 702 701 701 699 698 699 697 697 696 694 694 693 691 691 690 689 687 687 686 684 683 682 681 680 679 677 676 674 673 672 670 669 668 666 665 663 662 660 659 656 654 653 651 649 647 646 644 642 640 638 635 633 631 630 626 623 621 620 617 614 613 610 607 604 603 603 601 600 599 599 598 597 597 596 596 596 594 593 593
711 710 709 709 708 709 708 707 707 706 706 705 704 704 703 703 702 701 700 698 698 697 695 695 694 693 693 692 691 690 689 688 686 686 685 683 682 681 680 678 677 675 673 673 671 669 668 667 665 664 663 661 658 658 656 654 653 650 648 646 644 643 641 639 638 635 633 631 629 627 625 622 619 616 615 611 607 605 603 602 602 602 601 600 599 599 598 596 595 595 595 594 593 593
710 711 709 709 708 708 708 706 706 706 705 704 704 703 703 701 701 700 700 699 698 698 696 695 694 693 693 691 689 689 688 686 686 685 684 684 682 680 680 678 676 677 675 672 671 670 668 666 666 664 661 661 659 657 656 655 652 650 650 647 644 642 641 639 636 636 633 631 627 626 624 621 619 617 614 610 608 605 603 602 602 601 600 599 599 598 597 597 596 595 594 593 593 592
711 709 709 708 708 708 707 707 705 705 705 704 703 703 703 701 702 700 699 699 697 697 696 695 696 694 692 692 690 688 688 687 685 685 683 682 681 680 678 677 676 674 673 672 670 669 667 665 664 662 661 659 658 657 654 653 651 650 647 646 645 642 640 637 636 633 632 630 628 625 623 621 619 616 614 612 609 604 602 602 601 600 600 600 599 598 598 597 596 595 594 593 592 592
710 710 710 709 708 708 706 706 705 705 704 704 703 702 701 701 700 701 699 698 698 696 696 695 693 693 692 690 690 689 686 686 686 684 683 682 680 680 679 677 676 674 673 672 670 669 668 666 665 663 661 659 658 656 654 653 652 649 647 646 644 642 641 638 637 633 632 630 627 625 622 620 617 615 612 609 607 605 603 602 601 601 600 599 598 598 597 596 596 596 595 594 592 591
709 709 709 709 708 708 707 706 706 705 705 703 703 703 701 701 700 699 699 697 697 696 694 695 694 693 692 691 689 689 687 686 685 684 683 681 679 679 677 676 675 674 672 672 671 669 667 667 665 663 663 660 657 655 655 653 650 650 647 644 642 642 639 637 634 634 631 629 627 624 621 619 618 615 612 609 607 605 602 601 601 601 599 599 598 597 597 597 596 594 594 594 593 592
709 709 708 708 708 707 707 706 705 705 704 704 703 702 702 700 700 699 698 697 696 696 694 694 693 691 691 690 689 689 688 686 686 684 683 683 681 678 677 676 674 673 673 671 669 669 667 665 663 662 660 659 658 656 654 651 650 648 646 645 643 640 639 637 635 632 631 629 627 624 622 619 615 613 612 609 605 603 603 602 601 600 601 600 598 596 596 596 595 594 594 593 593 592
709 708 709 708 707 707 706 706 705 704 705 703 703 702 702 700 700 699 697 697 696 696 695 693 692 692 690 690 689 687 686 686 684 683 682 681 680 679 677 677 674 673 672 670 669 668 666 665 663 662 660 659 658 655 654 652 651 648 646 645 642 640 638 636 634 632 629 628 625 623 621 619 616 613 610 608 605 603 602 602 600 600 599 599 598 598 597 595 595 595 594 592 592 592
709 708 707 707 707 707 706 705 705 704 703 703 702 701 700 701 699 699 698 697 697 695 694 693 691 691 690 689 689 688 686 685 684 683 682 680 679 679 677 676 675 673 671 670 668 666 666 664 662 661 660 658 655 655 653 651 648 648 646 644 643 640 637 635 634 632 629 626 626 623 620 618 617 614 610 607 605 602 601 601 601 600 599 599 598 598 596 596 595 594 593 593 592 591
708 708 708 707 707 705 705 705 704 704 703 703 701 702 700 699 699 698 697 697 696 695 694 693 692 692 691 688 687 687 685 684 683 682 681 680 679 677 677 676 674 674 672 670 669 668 665 664 663 660 658 657 656 654 653 651 649 648 646 644 642 640 638 635 633 630 629 626 623 622 620 617 614 612 610 607 604 603 602 601 600 600 599 598 597 597 597 596 595 594 594 593 591 590
709 708 707 707 708 706 705 704 704 703 702 702 701 700 701 699 699 698 697 696 695 694 693 693 692 691 691 690 688 686 686 684 682 682 681 679 679 677 675 674 673 671 670 669 667 666 664 663 662 659 658 656 655 653 651 650 648 647 645 643 640 639 638 635 633 631 628 626 623 621 620 617 614 612 610 607 603 602 602 601 599 599 599 598 597 597 596 596 594 594 593 592 592 591
708 708 707 707 706 706 705 705 705 703 703 701 701 700 699 698 698 697 696 696 695 694 694 692 691 691 689 688 688 686 685 685 683 681 680 679 678 677 676 674 673 671 670 669 667 666 665 663 661 661 659 657 655 653 651 649 649 646 644 643 641 639 636 635 633 631 628 627 623 620 617 616 613 611 607 606 603 602 601 602 601 600 598 597 597 596 595 595 595 594 593 593 592 591
708 707 707 707 706 706 705 704 704 703 702 702 701 701 699 699 697 697 696 695 694 693 692 692 691 690 689 688 687 686 685 683 683 682 681 679 676 676 675 673 673 671 669 667 667 665 663 663 661 659 657 656 654 653 651 648 646 645 644 641 640 637 636 633 632 629 628 625 623 621 618 615 613 610 608 605 603 601 601 600 600 599 599 598 596 596 596 595 594 593 593 592 591 591
707 707 707 706 706 704 704 705 703 703 702 702 700 700 699 698 698 697 695 695 694 693 692 691 690 689 688 687 685 685 684 683 683 682 680 680 678 676 675 673 671 671 670 668 667 665 664 661 660 659 657 656 654 653 651 649 647 645 643 641 638 638 636 633 630 630 627 625 623 621 617 615 613 610 607 604 602 602 601 600 600 599 599 598 596 596 595 594 593 593 592 592 591 591
707 706 705 706 705 705 704 703 703 701 701 701 701 699 700 698 697 697 696 694 693 692 692 691 690 689 688 687 686 685 685 683 681 680 679 678 677 676 674 673 671 670 668 667 666 665 663 661 660 659 657 655 655 652 650 650 648 645 642 642 638 636 633 633 630 628 626 624 622 619 617 615 612 609 607 604 602 601 601 600 599 598 598 598 597 596 595 596 595 593 591 591 591 590
707 707 705 705 704 704 704 703 703 701 702 700 699 699 698 698 698 696 695 695 694 693 692 691 689 687 687 686 685 685 683 683 682 680 679 677 676 676 674 673 672 670 668 668 666 663 662 661 659 657 657 654 652 651 650 647 646 644 643 640 639 636 634 631 630 627 626 624 621 618 617 615 611 608 606 604 602 600 600 599 599 598 598 597 597 596 595 594 593 593 592 591 590 589
707 706 705 705 704 704 703 702 701 702 700 701 699 698 697 697 696 695 694 694 693 693 692 690 690 689 688 686 685 684 682 681 681 679 678 677 675 673 673 673 671 670 669 667 666 665 663 662 658 657 655 654 652 651 649 647 646 645 642 640 638 637 633 631 628 627 624 621 621 618 615 612 611 608 605 602 602 602 601 599 598 598 597 596 596 596 595 594 593 593 593 592 589 589
706 706 705 705 705 704 703 703 701 701 700 699 698 698 698 697 696 695 694 694 693 691 690 690 688 687 687 687 685 685 684 681 679 679 678 676 676 674 672 671 670 668 667 665 664 663 661 660 659 657 654 654 652 649 647 647 645 642 641 639 637 635 633 632 629 626 625 622 619 617 615 613 610 607 604 602 601 600 600 600 599 597 597 597 596 595 594 593 593 592 591 591 591 590
706 706 704 705 704 703 703 702 703 701 700 698 698 697 696 696 695 694 694 693 692 692 690 689 688 688 686 685 685 683 682 681 680 678 676 675 675 674 672 671 670 668 667 666 664 662 662 660 658 657 656 653 652 649 648 645 644 642 640 639 637 634 633 631 629 625 623 622 619 615 613 611 608 605 603 602 601 600 600 600 599 598 597 596 595 594 594 593 593 592 591 591 590 589
705 705 704 704 704 703 702 702 701 700 700 699 699 699 697 695 695 694 693 692 691 691 689 688 688 687 686 685 684 683 682 680 680 678 677 676 674 672 672 670 668 668 666 664 663 662 660 659 658 655 654 652 651 650 647 644 643 642 639 637 636 634 631 629 628 626 623 620 620 617 614 610 609 606 603 601 600 600 599 598 598 598 597 596 596 595 594 593 592 592 591 590 589 588
706 704 704 703 702 702 701 702 700 701 699 698 698 697 696 696 694 694 693 692 691 689 690 688 687 687 685 684 682 682 681 679 678 679 677 675 675 673 672 670 668 666 665 664 662 661 659 658 657 655 653 653 651 648 647 646 643 640 639 637 635 633 631 629 627 625 623 621 617 615 612 611 608 605 601 601 600 600 599 598 598 598 597 596 595 594 594 592 592 591 591 590 589 530
704 704 704 703 703 702 701 701 700 699 699 699 697 697 696 696 694 694 693 691 691 689 688 688 687 686 685 684 683 681 680 680 678 676 676 675 674 672 671 670 668 666 665 663 661 659 659 657 655 654 653 650 649 648 646 644 642 641 638 637 634 632 630 628 625 623 622 619 617 614 613 610 607 604 603 601 600 599 599 598 597 596 596 596 595 594 593 594 593 591 589 589 589 530
704 703 702 702 702 701 702 700 699 699 698 697 697 696 695 694 695 693 693 692 690 690 689 687 686 684 684 683 681 681 680 679 678 677 676 674 672 673 671 669 669 667 665 664 662 660 658 657 656 653 652 650 649 648 645 643 643 640 638 636 635 633 629 627 626 623 621 619 617 614 612 609 606 604 601 601 600 599 598 598 597 597 596 595 595 593 593 592 592 591 591 589 588 530
703 703 703 702 701 701 700 700 699 698 698 697 697 695 696 694 693 693 691 691 689 689 689 687 687 686 683 682 682 680 679 678 678 676 674 674 672 670 669 668 666 666 664 663 663 660 658 657 655 653 651 651 649 646 645 644 641 639 637 635 633 631 629 627 624 622 619 618 616 613 610 608 606 603 601 600 601 600 599 597 596 596 595 594 594 594 593 592 591 591 591 589 587 530
