testData/tiles/oneDegreeCosts/grid25.0-37.0-26.0-38.0.asc
ncols   200
nrows   200
xllcorner   25.0
yllcorner   37.0
cellsize   0.005
NODATA_value   -9999.0
[rows 0 to 41 of 200, columns 0 to 93 of 200]
757 757 757 757 757 757 757 757 757 761 764 766 770 773 775 777 779 782 784 767 769 771 774 776 777 779 780 782 784 786 786 788 790 791 793 794 797 798 799 800 802 803 803 805 806 808 808 809 810 812 812 813 814 814 816 817 818 818 819 821 822 822 823 824 825 825 826 827 828 828 829 830 830 831 832 833 834 835 835 836 815 815 815 815 815 815 816 817 769 769 769 769 769 769
756 757 757 756 756 757 757 757 759 763 766 768 771 773 776 779 781 783 786 787 790 773 775 776 778 780 783 783 785 787 789 789 791 792 794 795 797 798 800 800 802 804 805 806 807 809 809 810 811 813 813 814 815 816 817 818 819 820 820 821 822 822 823 824 825 825 826 827 828 828 829 830 831 831 832 833 834 834 835 815 815 815 815 815 815 815 816 817 769 769 769 769 769 769
756 757 757 757 756 756 756 758 761 765 768 771 773 775 778 780 782 784 787 789 791 793 776 778 779 781 783 784 785 787 790 790 792 794 795 797 798 800 801 801 803 804 806 806 807 809 810 811 812 814 814 815 816 817 817 819 820 821 821 822 823 824 824 825 826 827 827 828 829 829 830 831 832 832 833 833 834 815 815 815 815 815 815 815 815 816 817 817 769 769 769 769 769 770
756 757 757 757 756 756 756 760 762 765 769 773 774 777 779 782 783 785 788 790 792 795 797 799 781 782 784 786 787 788 790 792 792 794 795 798 799 801 802 803 804 805 807 807 808 810 811 811 812 814 815 815 816 817 818 820 821 822 823 823 824 825 825 826 827 828 828 829 830 831 831 832 833 833 833 815 815 815 815 815 815 815 815 815 816 817 817 818 769 769 769 769 769 770
756 756 756 756 757 756 759 762 765 767 771 773 776 778 781 783 786 787 789 791 793 795 797 799 800 784 785 787 788 789 791 793 793 795 796 798 799 801 802 805 805 806 808 809 809 811 812 813 813 815 816 816 817 818 819 819 821 822 823 823 824 825 826 826 827 828 828 829 830 831 831 832 832 833 815 815 815 815 815 815 815 815 815 815 816 816 817 818 769 769 769 769 770 770
756 756 756 756 756 756 760 764 767 769 773 775 778 779 782 784 786 788 790 793 795 796 798 800 802 803 805 787 789 791 792 794 795 796 797 799 800 802 803 805 805 806 808 809 809 812 813 814 814 815 817 818 818 819 820 821 821 823 824 824 825 826 827 827 828 829 830 830 831 831 832 832 815 815 815 815 815 815 815 815 815 815 815 816 816 817 818 819 769 769 769 770 770 771
756 756 756 756 756 760 762 765 768 772 773 777 779 782 783 785 788 790 791 793 796 798 800 802 803 804 806 808 790 791 792 794 796 797 799 800 801 803 804 806 807 807 809 810 811 812 813 814 814 815 817 818 819 820 821 822 822 823 824 825 826 827 828 829 829 830 830 830 831 832 815 815 815 815 815 815 815 815 815 815 815 816 815 816 817 818 819 819 769 769 770 770 771 772
756 756 756 756 758 762 764 767 770 772 774 778 781 783 785 787 789 791 792 794 796 798 800 803 805 806 807 809 810 812 794 795 797 798 799 800 802 803 805 807 808 808 810 811 812 812 814 815 816 816 818 819 820 820 821 822 822 823 824 825 825 826 827 829 829 830 831 832 832 815 815 815 815 815 815 815 815 815 815 815 816 815 816 817 817 818 818 819 769 769 769 770 771 772
756 756 756 756 760 764 767 769 771 774 777 779 782 784 786 788 791 793 795 796 798 799 802 803 805 807 807 810 812 813 814 796 798 799 800 801 803 804 804 807 808 809 810 812 813 813 815 816 817 817 818 820 821 821 822 823 824 824 825 826 827 827 828 829 829 830 831 815 815 815 815 815 815 815 815 815 815 815 815 815 815 815 816 817 818 818 819 820 769 769 770 771 772 772
756 756 756 759 762 765 768 769 773 776 778 780 783 785 788 789 791 793 796 797 799 801 802 804 806 808 809 810 812 813 815 816 818 800 801 802 804 805 805 807 809 810 811 812 813 814 815 816 817 819 819 820 822 822 823 824 825 825 826 827 828 828 829 830 831 815 815 815 815 815 815 815 815 815 815 815 815 815 815 815 815 816 817 818 818 819 820 821 769 770 771 772 772 773
756 756 757 761 764 767 769 772 774 776 779 782 785 787 789 791 792 794 796 798 799 801 804 805 807 809 811 811 813 814 816 816 818 819 802 802 805 806 807 808 809 811 812 813 814 815 816 817 818 819 819 820 821 823 823 824 825 826 826 828 829 829 830 815 815 815 815 815 815 815 815 815 815 815 815 815 815 815 815 815 816 817 818 818 819 820 821 821 769 770 771 771 772 773
756 756 758 762 766 768 771 774 776 778 780 783 785 787 790 793 794 796 798 799 800 802 804 806 807 810 812 813 814 815 817 818 819 820 822 803 805 806 807 808 809 812 814 814 815 816 817 818 819 820 820 821 822 823 824 825 826 827 827 828 829 830 815 815 815 815 815 815 815 815 815 815 815 815 815 815 815 815 815 815 816 816 817 818 819 820 820 821 770 771 771 772 773 773
756 757 760 764 767 769 773 776 778 780 782 784 787 789 791 793 795 797 799 801 802 803 805 807 808 810 812 813 814 816 818 820 820 821 823 824 825 807 808 810 810 811 813 814 815 816 817 819 820 821 822 822 823 824 825 825 826 828 828 829 815 815 815 815 815 815 815 815 815 815 815 815 815 815 815 815 815 815 815 816 816 817 818 819 820 820 821 770 770 771 772 773 773 774
756 760 762 765 769 772 774 776 779 781 783 786 788 790 792 794 796 797 799 801 804 804 806 808 810 811 813 814 816 817 818 820 820 821 824 825 826 827 809 811 811 812 813 816 816 817 818 818 820 821 822 822 823 824 825 826 827 828 815 815 815 815 815 815 815 815 815 815 815 815 815 815 815 815 815 815 815 815 816 816 817 818 819 819 820 821 822 770 771 772 773 773 773 774
759 762 764 767 771 774 775 778 780 783 784 786 789 792 793 796 797 799 800 802 804 805 806 808 811 812 814 816 817 818 819 821 822 822 824 825 827 827 828 812 812 813 814 816 816 818 819 820 820 822 823 824 824 825 826 826 815 815 815 815 815 815 815 815 815 815 815 815 815 815 815 815 815 815 815 815 815 815 815 816 817 818 818 819 820 821 821 770 771 772 772 773 774 774
761 764 767 769 773 775 777 779 782 784 785 788 790 792 794 797 799 801 801 803 805 807 808 809 811 812 814 816 818 819 820 822 823 823 825 826 828 828 829 830 832 813 814 815 818 818 820 821 821 822 824 825 825 826 815 815 815 815 815 815 815 815 815 815 815 815 815 815 815 815 815 815 815 815 815 815 815 816 816 817 818 818 819 820 821 821 822 771 772 772 773 774 774 774
763 766 769 770 773 777 779 781 783 785 788 789 791 793 796 797 799 801 802 804 806 808 809 810 812 814 815 817 818 820 820 822 824 825 826 827 828 829 830 831 833 833 815 816 818 818 819 821 822 822 823 824 815 815 815 815 815 815 815 815 815 815 815 815 815 815 815 815 815 815 815 815 815 815 815 815 816 817 817 817 818 819 820 821 821 822 823 772 772 773 774 774 775 775
764 767 770 773 775 778 781 782 785 787 789 790 792 794 796 798 800 802 804 805 806 808 811 811 813 815 815 818 819 821 821 823 824 825 826 827 828 831 831 832 834 835 835 817 818 819 820 821 822 823 815 815 815 815 815 815 815 815 815 815 815 815 815 815 815 815 815 815 815 815 815 815 815 815 816 816 817 818 818 818 819 820 821 821 821 822 823 772 772 773 773 774 774 774
766 769 772 775 776 780 782 785 786 788 790 793 794 796 798 799 801 803 805 806 807 809 811 811 813 815 817 819 820 822 823 824 825 826 827 828 829 831 831 832 833 835 836 837 819 820 821 822 815 815 815 815 815 815 815 815 815 815 815 815 815 815 815 815 815 815 815 815 815 815 815 815 815 815 816 816 816 817 818 818 819 819 820 821 822 822 823 772 773 773 774 775 774 775
769 771 774 776 778 780 784 786 787 790 792 794 795 797 799 802 803 804 806 808 809 810 812 813 814 816 817 818 820 822 824 824 826 827 829 829 830 832 833 833 834 836 836 837 838 839 815 815 815 815 815 815 815 815 815 815 815 815 815 815 815 815 815 815 815 815 815 815 815 815 815 815 815 816 817 817 817 818 819 819 819 820 821 822 822 823 824 773 773 774 775 774 775 776
771 773 775 778 780 782 785 787 790 791 793 795 797 798 800 802 804 805 807 809 810 811 813 815 815 817 818 820 820 823 824 824 826 827 828 830 831 832 834 834 835 836 838 838 815 815 815 815 815 815 815 815 815 815 815 815 815 815 815 815 815 815 815 815 815 815 815 815 815 815 815 816 816 816 817 818 818 819 819 820 820 821 822 822 823 824 825 773 773 774 774 774 775 775
772 775 777 779 782 783 786 789 791 792 794 796 798 799 801 803 806 807 808 810 812 812 814 816 816 818 819 821 821 824 825 826 827 828 829 831 831 832 834 834 836 837 813 814 815 816 817 817 815 815 815 815 815 815 815 815 815 815 815 815 815 815 815 815 815 815 815 815 815 815 815 815 816 816 817 818 818 818 819 820 820 820 821 822 823 823 824 773 774 774 774 775 775 776
774 777 778 781 783 786 787 790 792 794 796 798 799 800 802 804 806 808 809 811 813 813 815 817 818 819 820 822 822 823 826 827 828 829 830 832 832 833 834 836 812 812 813 813 815 816 818 818 819 815 815 815 815 815 815 815 815 815 815 815 815 815 815 815 815 815 815 815 815 815 815 816 817 817 818 818 819 819 820 821 820 821 822 823 823 824 825 774 774 774 775 775 776 777
776 778 780 782 785 787 788 791 794 796 797 799 801 803 803 805 807 810 810 812 814 814 816 818 819 820 821 823 824 824 826 828 830 830 831 832 833 834 811 811 812 813 814 815 815 817 818 818 819 820 815 815 815 815 815 815 815 815 815 815 815 815 815 815 815 815 815 815 815 816 816 817 818 818 818 819 820 820 821 821 822 822 823 823 824 825 774 774 774 775 775 776 776 776
777 780 782 784 786 788 791 792 795 797 798 800 802 804 805 806 808 810 812 813 815 816 817 819 820 821 822 823 825 825 827 828 830 831 832 833 810 810 811 812 813 814 815 816 816 817 818 820 820 821 822 815 815 815 815 815 815 815 815 815 815 815 815 815 815 815 815 815 815 816 816 817 817 818 818 819 820 820 820 821 822 822 822 823 824 824 774 774 774 774 775 776 776 777
779 781 784 785 787 790 792 793 796 798 800 801 803 805 807 807 809 811 812 814 816 817 818 820 821 823 823 824 826 827 828 829 830 832 809 809 810 811 812 813 814 815 816 817 817 818 819 820 820 821 823 824 815 815 815 815 815 815 815 815 815 815 815 815 815 815 815 815 816 817 816 817 818 819 819 819 820 821 821 822 822 822 823 824 824 825 774 774 774 775 776 776 777 778
780 783 785 787 789 791 793 794 796 799 801 802 804 806 808 808 810 812 814 815 817 818 820 820 822 823 824 825 827 828 828 830 807 808 809 810 811 812 813 814 815 815 817 818 819 819 820 821 821 822 823 824 824 815 815 815 815 815 815 815 815 815 815 815 815 815 816 815 816 817 818 818 819 820 819 820 821 822 821 822 823 823 824 824 825 826 774 774 775 776 776 777 778 778
781 784 786 789 790 792 794 796 797 800 802 804 805 807 809 810 811 813 815 815 818 819 821 821 823 824 826 826 828 829 806 806 807 808 810 811 812 813 814 815 816 816 817 818 820 820 821 822 823 823 824 825 826 826 827 815 815 815 815 815 815 815 815 815 815 815 816 816 817 818 819 819 819 820 820 821 822 822 822 823 824 824 824 825 826 825 774 775 775 776 777 777 778 779
784 786 788 790 792 793 796 798 799 801 804 805 806 808 810 812 812 814 816 817 819 820 822 822 824 825 827 803 804 805 806 807 808 809 809 812 813 814 814 816 817 818 818 819 820 820 822 823 824 824 825 826 827 827 828 829 815 815 815 815 815 815 815 815 815 816 817 817 818 819 819 819 820 821 822 821 822 823 823 824 824 825 825 826 826 826 775 775 776 777 777 778 779 779
786 788 790 792 794 795 797 799 801 802 805 807 807 809 811 813 813 815 817 818 819 821 823 824 825 802 803 803 804 806 807 807 809 810 811 812 814 815 815 816 818 819 819 820 821 822 822 823 824 824 826 827 828 828 829 830 831 815 815 815 815 815 815 816 816 817 818 819 818 819 820 820 821 821 822 822 823 824 824 824 825 826 825 825 826 827 775 776 777 777 778 779 779 780
788 790 791 794 796 796 798 800 802 803 805 808 809 810 812 814 815 816 818 819 820 821 824 801 801 802 803 805 805 807 808 808 810 811 812 812 814 816 817 817 818 819 820 821 822 823 823 824 825 826 826 827 828 828 829 830 831 831 815 815 815 815 816 817 817 817 818 819 819 820 821 822 821 822 823 823 824 824 825 825 826 826 826 826 826 827 776 777 777 778 779 779 780 781
790 791 794 796 797 799 800 801 803 804 806 809 810 811 813 815 816 817 818 820 798 798 800 801 802 803 804 806 806 807 809 810 810 812 813 813 814 816 817 818 819 820 821 821 823 824 824 825 826 827 827 828 829 830 830 831 832 832 833 815 816 816 816 817 818 818 819 820 820 821 821 822 822 823 824 824 824 825 826 825 825 826 827 826 827 828 777 777 778 779 779 780 781 781
791 794 794 797 799 800 801 803 804 806 807 809 811 813 814 816 817 818 795 796 798 798 800 802 803 804 805 807 807 808 810 811 811 812 814 815 815 816 818 818 820 821 822 822 823 824 826 826 827 828 828 829 830 831 831 832 833 834 833 834 816 816 817 818 819 819 820 820 821 821 822 823 823 823 824 825 825 826 826 826 826 827 827 827 828 828 777 778 778 779 780 781 781 782
794 795 797 799 800 802 803 804 806 808 808 810 812 814 815 817 794 795 795 797 798 799 800 802 804 805 806 807 809 809 810 812 812 813 814 816 816 817 818 819 820 822 823 823 824 825 826 826 827 828 829 829 830 831 831 832 833 834 834 835 836 818 818 819 820 819 820 821 822 822 823 823 824 824 825 826 825 826 826 827 826 827 828 828 828 778 778 778 779 780 780 781 782 782
795 797 798 799 802 804 805 806 807 809 811 811 812 791 791 792 794 796 796 798 799 801 801 803 805 806 807 808 810 810 811 813 814 814 815 816 817 818 819 820 820 821 823 825 825 826 827 827 828 829 830 830 831 832 833 833 834 835 835 836 837 838 818 819 820 821 821 822 823 822 823 824 825 825 825 826 825 826 827 827 827 828 828 829 829 778 778 779 780 780 781 782 782 783
797 798 800 802 804 806 808 807 809 811 812 789 789 791 793 793 795 797 797 799 800 802 802 804 805 807 808 809 810 811 812 813 815 815 816 817 818 819 820 821 821 822 823 824 825 827 828 829 829 830 831 831 832 833 834 834 835 836 836 836 837 838 838 820 821 822 822 822 823 823 824 825 825 825 825 826 827 826 827 828 828 828 829 830 829 778 779 780 780 781 782 782 783 784
798 800 803 804 805 808 809 810 787 787 789 789 790 792 794 794 796 798 799 800 801 803 803 804 806 807 809 810 811 813 813 814 815 816 817 818 819 819 821 822 823 823 824 825 825 826 828 829 829 830 831 832 832 833 834 834 835 836 837 837 838 839 840 821 821 822 822 823 824 825 824 825 826 825 826 826 827 827 828 828 829 829 830 830 830 779 779 780 781 782 782 783 783 783
800 802 804 806 806 785 786 787 787 789 790 792 792 793 795 796 797 798 800 800 802 803 805 805 807 808 808 811 812 813 814 815 816 817 818 819 820 820 821 822 824 824 825 826 827 827 828 829 829 831 832 833 833 834 835 836 836 837 838 838 839 839 840 840 822 823 823 824 824 825 824 825 826 826 826 827 828 828 828 829 830 830 830 831 831 779 780 781 781 782 783 783 783 784
803 804 806 784 784 785 787 789 789 790 792 793 793 795 796 798 799 799 801 801 803 804 806 806 807 809 810 811 813 814 814 816 817 818 818 820 821 822 822 823 824 824 825 827 828 828 829 830 831 831 832 833 834 835 836 837 837 838 838 838 839 840 841 841 842 824 824 824 824 825 825 826 826 827 827 828 828 829 829 830 830 830 831 832 832 780 781 781 782 783 783 783 784 773
781 781 782 784 785 786 789 790 791 792 793 795 795 796 797 799 800 801 802 803 804 805 807 807 808 810 811 811 813 815 816 816 818 819 819 820 821 823 823 824 825 826 826 827 828 828 829 830 831 831 832 833 833 834 835 836 836 837 838 839 839 840 841 841 841 842 824 824 825 826 826 826 827 828 827 828 829 830 829 830 831 831 831 832 833 780 781 782 783 783 783 784 773 773
781 783 784 785 787 788 789 792 793 793 795 795 797 798 798 800 801 802 804 805 804 806 807 809 809 810 812 812 813 815 817 817 818 820 821 821 822 823 823 825 826 827 827 828 829 829 830 831 832 832 833 834 835 835 836 837 837 838 839 840 840 840 841 842 842 843 844 824 825 826 827 827 828 828 828 829 830 830 830 831 832 832 832 833 833 781 782 782 783 783 783 773 773 773
783 784 785 787 788 790 791 793 794 795 796 797 799 799 800 801 802 804 804 806 806 807 808 810 810 811 813 814 814 815 817 818 819 820 822 822 823 824 825 825 826 827 828 829 830 831 831 832 833 833 834 835 836 836 837 838 839 838 839 840 840 841 842 843 843 843 844 844 826 827 828 827 828 829 830 829 830 831 831 831 832 833 833 833 834 782 782 783 783 773 773 773 773 773
