testData/tiles/oneDegreeCosts/grid15.0-10.0-16.0-11.0.asc
ncols   200
nrows   200
xllcorner   15.0
yllcorner   10.0
cellsize   0.005
NODATA_value   -9999.0
[rows 0 to 41 of 200, columns 0 to 93 of 200]
737 736 735 735 734 732 732 730 729 729 728 727 726 725 724 722 722 721 720 718 717 716 716 714 713 712 710 709 708 706 705 704 702 701 700 602 601 600 598 597 595 593 592 590 588 586 583 582 580 577 575 572 570 568 565 561 557 362 357 348 342 342 342 342 341 340 340 340 340 339 338 338 337 337 337 336 335 335 335 334 333 333 333 331 331 331 331 330 329 329 328 328 327 326
737 736 735 735 734 733 732 731 731 729 728 727 726 725 724 723 723 721 720 718 717 716 716 715 714 712 710 709 708 707 706 704 702 701 605 604 602 600 598 597 595 594 592 590 588 586 585 583 580 577 575 573 570 568 565 561 558 362 357 350 343 342 342 342 342 341 340 340 340 340 338 338 338 338 337 336 336 335 335 334 334 333 333 333 331 331 331 331 329 329 329 328 327 327
738 737 737 735 734 733 732 731 731 730 729 728 726 725 724 723 723 722 721 718 717 717 716 715 714 713 710 709 708 707 706 705 703 701 605 604 603 601 598 597 596 594 593 591 588 586 585 583 581 578 576 573 571 569 565 562 558 555 358 351 343 343 343 342 342 341 341 340 340 340 339 338 338 338 338 336 336 336 335 334 334 334 333 333 332 331 331 331 330 329 329 329 327 327
738 737 737 736 735 733 732 731 731 730 729 729 727 726 724 724 723 722 721 719 718 717 716 715 714 713 711 710 708 707 706 705 703 702 605 604 603 601 599 598 596 594 593 591 589 586 585 583 581 580 576 574 571 569 567 562 559 555 550 352 343 343 343 343 342 341 341 341 340 340 339 339 338 338 338 337 336 336 336 334 334 334 334 333 332 332 331 331 330 330 329 329 328 327
738 737 737 736 735 734 733 732 731 730 729 729 728 726 725 725 723 722 721 719 719 718 717 715 714 713 711 710 709 708 706 705 703 702 606 605 603 602 599 598 597 594 593 592 589 588 586 583 582 580 577 575 572 569 567 563 559 555 551 544 344 343 343 343 343 341 341 341 341 340 339 339 339 338 338 337 337 336 336 335 334 334 334 334 332 332 332 331 330 330 330 329 328 328
738 737 737 736 735 734 733 732 732 731 729 729 728 726 725 725 724 723 721 720 719 718 717 716 715 713 711 710 709 708 707 705 703 702 606 605 604 602 599 598 597 596 594 592 589 588 586 584 582 580 577 575 573 570 567 563 560 556 551 545 535 344 343 343 343 342 341 341 341 341 339 339 339 339 338 337 337 337 336 336 335 334 334 334 333 332 332 332 330 330 330 329 328 328
739 738 738 736 736 734 733 733 732 731 730 730 728 726 726 725 724 723 722 722 719 718 717 716 715 714 712 710 709 708 707 706 705 702 606 605 604 603 602 598 597 596 594 593 589 588 586 585 583 580 577 575 573 571 567 563 560 557 553 546 536 535 344 343 343 343 342 341 341 341 340 339 339 339 339 337 337 337 337 336 335 335 334 334 333 333 332 332 331 330 330 330 328 328
739 739 738 737 737 735 733 733 732 731 731 730 729 727 726 725 724 723 722 722 720 719 717 716 715 714 712 712 710 709 708 707 705 608 607 605 604 603 602 599 597 596 594 593 590 589 586 585 583 581 578 575 573 571 568 564 561 557 553 547 536 535 535 344 343 343 342 342 341 341 340 340 339 339 339 338 337 337 337 337 335 335 335 334 333 333 333 332 331 331 330 330 329 328
739 739 738 737 737 736 734 734 732 731 731 730 729 727 727 726 724 723 723 722 720 719 718 716 715 715 713 712 711 710 708 707 706 609 607 606 604 603 602 599 598 597 594 593 592 589 588 585 583 581 578 576 573 571 569 565 562 557 553 548 537 535 535 535 344 343 342 342 342 341 341 340 340 339 339 338 338 337 337 337 336 335 335 335 333 333 333 333 331 331 331 330 330 329
739 739 738 737 737 736 734 734 733 732 731 730 729 728 727 726 725 724 723 722 720 719 718 717 717 715 713 712 711 710 709 708 706 609 608 606 605 604 602 600 598 597 596 593 592 589 588 586 583 582 579 577 575 571 569 566 562 559 554 548 537 536 535 535 344 344 342 342 342 342 341 340 340 340 339 338 338 338 337 337 336 336 335 335 334 333 333 333 332 331 331 331 330 329
740 740 739 737 737 736 735 734 733 732 732 731 729 728 727 726 725 724 724 723 720 719 718 717 717 716 715 712 711 710 709 708 707 609 608 606 605 604 603 600 598 597 596 594 592 589 588 586 584 582 579 577 575 572 569 566 562 559 555 549 537 536 536 535 535 344 343 342 342 342 342 340 340 340 340 338 338 338 338 337 336 336 335 335 334 334 333 333 333 331 331 331 331 329
740 740 739 739 738 736 735 734 733 733 732 731 730 729 727 726 725 725 724 723 721 720 718 718 717 716 715 713 711 710 709 708 707 610 609 607 605 604 603 601 599 597 596 594 593 590 588 586 585 583 580 577 575 573 570 567 563 559 555 550 538 536 536 536 535 535 343 343 342 342 342 341 340 340 340 339 338 338 338 338 336 336 336 335 334 334 334 333 333 332 331 331 331 329
740 740 739 739 738 737 736 734 733 733 732 731 730 729 728 727 725 725 724 723 721 720 720 718 717 716 715 713 712 711 709 708 612 610 609 608 606 604 603 601 600 598 596 595 593 591 589 586 585 583 580 578 575 573 570 568 564 560 556 551 541 536 536 536 536 535 534 343 343 342 342 341 341 340 340 340 339 338 338 338 337 336 336 336 334 334 334 334 333 332 332 331 331 330
741 740 739 739 738 737 736 735 734 734 732 731 731 729 728 727 727 726 724 723 721 720 720 719 718 716 715 713 712 711 710 708 612 610 609 608 607 604 603 601 600 598 597 595 593 591 589 588 585 583 581 578 576 573 571 568 564 561 556 551 542 537 536 536 536 536 534 534 343 343 342 341 341 341 340 340 339 339 338 338 337 337 336 336 336 334 334 334 334 332 332 332 331 330
742 741 739 739 738 737 736 735 734 734 733 732 731 729 728 727 727 726 725 724 721 721 720 719 718 717 716 713 712 711 710 709 613 610 609 608 607 606 604 601 600 598 597 596 593 591 589 588 586 583 581 578 576 574 571 568 564 561 557 551 543 537 537 536 536 536 535 534 343 343 343 341 341 341 341 340 339 339 339 338 337 337 337 336 336 335 334 334 334 332 332 332 332 330
742 741 740 740 739 737 736 735 734 734 733 732 732 731 728 727 727 726 725 724 722 721 720 719 718 717 716 714 712 711 710 709 613 611 609 608 607 606 604 602 600 599 597 596 594 591 589 588 586 584 582 579 576 574 572 568 565 561 558 553 544 537 537 537 536 536 535 535 534 343 343 342 341 341 341 341 339 339 339 339 337 337 337 336 336 335 335 334 334 333 332 332 332 331
742 741 740 740 739 739 737 735 735 734 733 732 732 731 729 727 727 726 725 724 722 722 721 719 718 717 716 714 713 712 710 614 613 611 610 609 607 606 605 602 601 599 597 596 595 592 590 588 586 584 583 580 577 574 572 570 565 562 558 553 546 537 537 537 537 536 535 535 535 534 343 342 342 341 341 341 340 339 339 339 338 337 337 337 336 335 335 335 334 333 333 332 332 331
742 741 741 740 739 739 737 736 736 734 733 733 732 731 729 729 728 726 725 724 724 722 721 720 718 717 716 714 713 712 711 614 613 611 610 609 608 606 605 602 601 600 598 596 595 592 591 589 586 585 583 580 578 575 572 570 566 562 558 554 547 538 537 537 537 537 535 535 535 535 534 342 342 342 341 341 340 340 339 339 338 338 337 337 337 335 335 335 335 333 333 333 332 331
743 741 741 740 739 739 738 736 736 735 734 733 732 731 729 729 728 727 726 724 724 722 721 720 719 718 716 714 713 713 712 615 613 611 610 609 608 607 605 602 601 600 599 597 595 592 591 589 587 585 583 580 578 576 572 570 566 563 559 554 547 538 538 537 537 537 536 535 535 535 535 342 342 342 342 341 340 340 340 339 338 338 337 337 337 336 335 335 335 333 333 333 333 331
743 742 742 741 739 739 738 736 736 735 734 734 733 731 729 729 728 727 726 726 725 722 721 720 719 718 717 715 714 713 712 616 615 612 610 609 608 607 606 605 601 600 599 597 596 592 591 589 588 586 583 580 578 576 574 570 566 563 560 555 548 538 538 538 537 537 536 536 535 535 535 534 342 342 342 342 340 340 340 340 338 338 338 337 337 336 336 335 335 334 333 333 333 331
743 742 742 741 740 740 738 736 736 735 734 734 733 732 731 729 728 727 726 726 725 723 721 720 719 718 718 716 715 713 617 616 615 614 611 609 608 607 606 605 602 600 599 597 596 593 591 589 588 586 584 580 578 576 574 571 567 563 560 556 549 538 538 538 538 537 536 536 536 535 535 534 534 342 342 342 341 340 340 340 339 338 338 338 337 336 336 336 335 334 334 333 333 332
744 742 742 741 741 740 739 738 736 735 734 734 733 732 731 730 728 727 726 726 725 723 722 721 719 719 718 716 715 714 617 616 615 614 612 610 608 607 606 605 602 601 599 597 596 594 592 589 588 586 584 581 578 576 574 571 568 564 560 556 550 539 538 538 538 538 536 536 536 536 535 534 534 534 342 342 341 341 340 340 340 338 338 338 338 336 336 336 335 334 334 334 333 332
745 743 742 741 741 740 739 738 737 736 735 734 733 732 731 730 729 728 727 726 725 723 722 721 720 719 718 716 715 714 618 617 615 614 612 611 609 608 606 605 603 601 600 598 596 594 592 591 588 586 584 581 579 576 574 572 568 565 560 556 550 540 539 538 538 538 538 536 536 536 536 534 534 534 343 342 341 341 341 340 340 339 338 338 338 337 336 336 336 334 334 334 333 332
747 746 743 741 741 740 739 738 737 736 736 734 733 732 731 730 729 728 728 726 725 723 722 721 721 720 719 716 715 714 618 617 616 614 612 611 609 608 607 605 603 601 600 599 596 594 592 591 589 587 585 582 580 577 574 572 568 565 562 556 551 540 539 538 538 538 538 537 536 536 536 535 534 534 534 343 341 341 341 340 340 339 339 338 338 337 337 336 336 335 334 334 334 332
748 747 745 744 742 740 739 738 737 736 736 735 734 732 731 730 729 728 728 727 726 723 722 721 721 720 719 717 715 619 618 617 616 615 612 611 610 608 607 606 603 601 600 599 597 596 592 591 589 587 586 582 580 578 575 572 568 565 562 558 551 540 539 539 538 538 538 537 537 536 536 535 535 534 534 534 341 341 341 341 340 339 339 339 338 337 337 336 336 335 335 334 334 333
749 749 747 745 744 742 739 738 737 736 736 735 734 734 732 730 729 729 728 727 726 724 723 722 721 720 719 718 716 619 618 617 616 615 613 612 610 608 607 606 604 602 600 599 597 596 593 591 589 588 586 583 580 578 576 573 568 565 562 558 553 540 539 539 539 538 538 537 537 536 536 535 535 534 534 534 342 341 341 341 341 339 339 339 339 337 337 337 336 335 335 334 334 333
751 750 748 746 745 743 741 739 737 736 736 735 734 734 732 731 730 729 728 727 726 724 723 723 721 720 719 718 716 620 619 617 616 615 613 612 611 609 607 606 604 603 600 599 598 596 594 592 589 588 586 583 581 578 576 573 571 566 562 558 553 541 539 539 539 539 538 537 537 537 536 535 535 535 534 534 533 342 341 341 341 340 339 339 339 337 337 337 337 335 335 335 334 333
752 751 749 747 746 744 743 740 738 738 736 735 734 734 732 731 730 730 728 727 726 724 724 723 722 720 719 718 621 620 619 618 616 615 613 612 611 610 607 606 604 603 601 600 598 596 594 592 590 588 586 583 581 579 576 573 571 567 562 559 553 543 540 539 539 539 539 537 537 537 537 536 535 535 535 534 533 533 342 341 341 340 340 339 339 338 337 337 337 335 335 335 335 333
754 753 750 749 747 745 744 741 739 738 737 736 734 734 732 731 730 730 729 728 726 724 724 723 722 721 720 718 621 620 619 618 617 615 613 612 611 610 609 606 604 603 601 600 599 596 594 592 591 589 586 583 581 579 577 574 571 567 564 559 554 544 540 540 539 539 539 538 537 537 537 537 535 535 535 535 533 533 342 342 341 340 340 339 339 338 338 337 337 336 335 335 335 334
755 754 752 751 748 746 745 742 740 739 737 736 736 734 732 731 731 730 729 728 727 725 724 723 722 721 720 719 621 620 619 618 617 616 613 612 611 610 609 607 604 603 602 600 599 597 594 592 591 589 587 583 581 579 577 575 571 567 564 560 554 545 540 540 540 539 539 538 538 537 537 537 536 535 535 535 534 533 533 342 341 340 340 340 339 338 338 338 337 336 336 335 335 335
756 755 753 752 750 749 747 744 742 741 739 737 736 735 733 731 731 730 729 728 727 726 724 723 722 721 720 719 622 620 619 618 617 616 614 613 611 610 609 607 605 603 602 600 599 597 595 592 591 589 587 584 581 579 577 575 572 567 564 560 555 546 540 540 540 539 539 538 538 538 537 537 536 536 535 535 534 533 533 533 342 340 340 340 340 338 338 338 337 336 336 336 335 335
758 756 754 753 752 750 749 746 743 742 740 738 737 735 733 732 731 730 729 728 727 726 725 724 722 721 720 624 622 621 620 618 617 616 614 613 612 610 609 608 605 604 602 600 599 598 595 593 591 589 587 585 583 580 577 575 572 568 564 561 556 548 540 540 540 540 539 538 538 538 537 537 536 536 535 535 534 534 533 533 342 341 340 340 340 338 338 338 338 336 336 336 335 335
759 757 755 754 753 751 750 747 745 744 741 739 738 736 733 732 732 731 729 728 728 726 725 724 723 721 720 624 622 621 621 620 617 616 614 613 612 611 609 608 605 604 603 600 599 598 595 594 592 589 588 585 583 581 577 575 573 569 564 561 556 549 541 540 540 540 540 538 538 538 538 537 536 536 536 535 534 534 534 533 533 341 341 340 340 339 338 338 338 337 336 336 336 335
761 759 756 756 754 752 751 748 747 745 743 740 739 737 734 733 732 731 730 728 728 726 725 724 723 722 720 624 623 622 621 620 619 617 614 613 612 611 610 608 605 604 603 602 599 598 595 594 592 590 588 585 583 581 579 575 573 569 566 561 556 549 541 541 540 540 540 539 538 538 538 538 536 536 536 536 534 534 534 534 533 341 341 340 340 339 339 338 338 337 336 336 336 336
762 760 758 758 755 754 752 749 748 746 744 742 741 738 735 734 732 731 730 729 729 726 725 724 723 722 626 626 623 622 621 620 619 618 615 613 612 611 610 609 606 604 603 602 600 598 595 594 592 590 589 585 583 581 579 575 573 569 566 562 557 550 541 541 540 540 540 539 539 538 538 538 537 536 536 536 535 534 534 534 533 532 341 341 340 339 339 339 338 337 337 336 336 336
763 761 759 759 757 755 753 750 749 747 745 744 742 740 736 735 733 731 730 729 729 727 725 724 723 722 626 626 624 622 621 620 619 618 616 613 612 611 610 609 607 604 603 602 600 599 595 594 592 591 589 585 583 581 579 576 573 569 566 562 558 550 541 541 541 540 540 539 539 538 538 538 537 536 536 536 535 534 534 534 534 532 532 341 341 339 339 339 338 337 337 337 336 336
764 762 761 760 758 757 755 751 750 748 746 745 743 741 738 737 734 732 730 730 729 727 726 724 723 722 627 626 624 623 621 620 619 618 616 615 612 611 610 609 607 605 603 602 600 599 596 594 592 591 589 586 583 581 579 577 574 569 566 563 558 552 541 541 541 541 540 539 539 539 538 538 537 537 536 536 535 535 534 534 534 533 532 341 341 339 339 339 339 337 337 337 336 336
765 763 762 761 759 758 756 753 752 749 747 746 744 742 739 738 736 733 731 730 729 727 726 725 723 628 627 626 624 623 622 620 619 618 616 615 613 611 610 609 607 605 604 602 600 599 597 595 592 591 589 586 584 581 579 577 574 570 566 563 558 552 542 541 541 541 541 539 539 539 539 538 537 537 537 536 535 535 535 534 534 533 532 532 341 340 339 339 339 337 337 337 337 336
766 764 763 762 760 759 757 754 753 751 748 747 745 743 740 739 737 735 732 731 729 727 726 725 724 629 627 626 624 623 622 621 619 618 616 615 614 612 610 609 607 606 604 603 601 599 597 595 593 591 589 586 584 582 579 577 574 571 568 563 559 553 542 541 541 541 541 540 539 539 539 539 537 537 537 537 535 535 535 534 534 533 533 532 341 340 340 339 339 338 337 337 337 336
768 766 764 763 761 760 758 755 754 752 750 749 746 744 742 740 738 736 734 733 730 727 726 725 629 629 628 626 624 623 622 621 620 618 616 615 614 612 611 609 607 606 604 603 602 599 597 595 594 592 589 586 584 582 580 577 574 571 568 564 559 553 542 542 541 541 541 540 539 539 539 539 537 537 537 537 535 535 535 535 534 533 533 533 532 340 340 339 339 338 338 337 337 337
769 767 766 765 762 761 759 757 755 753 751 750 748 745 743 741 739 737 736 734 732 728 726 725 630 629 628 627 624 623 622 621 620 619 616 615 614 613 611 610 607 606 604 603 602 600 597 595 594 592 590 586 585 583 580 578 575 571 568 564 559 553 542 542 542 541 541 540 540 539 539 539 538 537 537 537 536 535 535 535 535 533 533 533 532 531 340 340 339 338 338 337 337 337
770 768 767 765 764 762 760 758 756 754 753 751 749 747 744 742 740 738 737 735 733 730 726 725 630 629 628 627 625 623 622 621 620 619 617 615 614 613 611 610 608 606 604 603 602 600 598 595 594 592 590 588 585 583 581 578 576 571 568 565 560 554 542 542 542 542 541 540 540 540 539 539 538 538 537 537 536 536 535 535 535 533 533 533 533 531 340 340 340 338 338 338 337 337
