testData/tiles/oneDegreeCosts/grid32.0-20.0-33.0-21.0.asc
ncols   200
nrows   200
xllcorner   32.0
yllcorner   20.0
cellsize   0.005
NODATA_value   -9999.0
[rows 126 to 167 of 200, columns 94 to 187 of 200]
240 240 240 240 240 240 240 240 240 240 240 240 240 240 240 240 240 240 240 240 240 240 240 240 240 240 240 240 240 240 277 277 282 295 304 312 320 326 332 338 342 348 352 357 361 364 369 372 375 378 382 385 387 390 392 393 395 397 399 402 403 405 406 407 409 410 411 413 414 415 416 416 416 417 418 417 418 418 419 420 420 418 418 418 418 418 417 416 416 415 416 414 414 412
240 240 240 240 240 240 240 240 240 240 240 240 240 240 240 240 240 240 240 240 240 240 240 240 240 240 240 240 240 240 277 276 282 294 304 312 319 326 332 338 342 347 353 357 361 365 369 371 375 378 381 384 387 390 392 393 396 398 400 401 403 405 406 407 409 410 411 412 412 415 415 416 417 417 417 417 418 418 418 419 419 418 418 418 418 418 417 417 415 415 415 414 414 412
240 240 240 240 240 240 240 240 240 240 240 240 240 240 240 240 240 240 240 240 240 240 240 240 240 240 240 240 240 240 240 276 281 293 303 312 319 326 332 336 342 347 353 357 361 365 369 371 374 378 380 384 387 389 391 393 395 398 400 401 404 404 405 407 408 410 411 412 412 413 415 416 417 418 417 417 418 418 418 419 419 419 418 418 418 417 417 417 415 415 415 414 413 413
240 240 240 240 240 240 240 240 240 240 240 240 240 240 240 240 240 240 240 240 240 240 240 240 240 240 240 240 240 240 240 276 281 292 303 311 319 325 331 337 342 347 352 357 361 365 368 371 374 377 380 384 387 389 391 393 395 397 399 401 403 405 406 407 408 410 411 411 412 413 415 416 417 417 417 417 417 418 418 418 418 419 419 418 418 417 417 417 416 415 413 414 413 413
240 240 240 240 240 240 240 240 240 240 240 240 240 240 240 240 240 240 240 240 240 240 240 240 240 240 240 240 240 240 240 276 280 292 302 311 318 326 331 337 342 347 351 357 361 365 367 371 374 377 380 383 387 388 391 393 395 397 399 401 402 405 406 408 408 409 411 411 412 413 414 416 417 416 417 418 417 418 418 417 418 419 419 418 417 417 417 416 416 415 413 413 413 412
240 240 240 240 240 240 240 240 240 240 240 240 240 240 240 240 240 240 240 240 240 240 240 240 240 240 240 240 240 240 240 276 280 292 301 312 319 325 331 337 342 347 351 357 361 363 367 371 374 377 380 383 386 388 390 393 395 397 399 401 402 404 406 408 409 410 410 411 412 413 414 416 417 416 417 418 417 418 417 417 417 419 419 419 417 417 416 416 416 415 413 413 413 412
240 240 240 240 240 240 240 240 240 240 240 240 240 240 240 240 240 240 240 240 240 240 240 240 240 240 240 240 240 240 240 276 279 291 302 311 319 324 331 336 342 346 351 355 360 363 367 370 374 377 380 383 384 388 390 393 395 397 399 400 402 403 406 407 409 410 410 411 412 413 414 415 415 416 417 417 418 417 417 417 417 418 419 419 417 417 416 416 416 414 413 412 412 412
240 240 240 240 240 240 240 240 240 240 240 240 240 240 240 240 240 240 240 240 240 240 240 240 240 240 240 240 240 240 240 276 279 292 302 310 317 324 330 336 341 346 351 355 359 363 367 370 373 377 380 382 384 388 390 392 395 397 399 400 401 403 406 407 409 409 410 412 412 413 414 415 415 416 417 417 418 418 417 417 417 417 418 418 417 416 416 416 416 414 414 412 412 412
240 240 240 240 240 240 240 240 240 240 240 240 240 240 240 240 240 240 240 240 240 240 240 240 240 240 240 240 240 240 240 276 279 291 301 310 317 324 330 336 341 346 351 355 359 363 367 370 373 376 379 381 384 387 390 392 394 397 398 399 401 403 405 407 409 409 410 411 412 413 413 413 415 416 417 417 418 417 418 417 417 417 417 417 417 417 416 416 415 414 414 412 412 410
240 240 240 240 240 240 240 240 240 240 240 240 240 240 240 240 240 240 240 240 240 240 240 240 240 240 240 240 240 240 240 277 279 291 301 308 317 324 330 336 341 346 350 354 358 363 366 370 373 376 379 381 384 386 390 392 394 396 397 399 401 403 404 407 407 409 410 411 412 413 413 413 414 416 416 417 418 417 417 417 417 417 416 417 417 417 416 416 414 414 414 413 411 410
240 240 240 240 240 240 240 240 240 240 240 240 240 240 240 240 240 240 240 240 240 240 240 240 240 240 240 240 240 240 240 277 278 290 299 308 316 323 330 335 341 346 349 353 358 362 366 370 373 376 378 381 384 386 390 392 394 395 397 399 401 403 404 406 407 409 410 411 412 413 413 413 414 416 416 417 416 417 417 418 417 417 416 416 417 417 417 415 414 414 413 413 410 410
240 240 240 240 240 240 240 240 240 240 240 240 240 240 240 240 240 240 240 240 240 240 240 240 240 240 240 240 240 240 240 277 278 290 299 308 315 323 329 335 340 345 349 353 357 361 367 370 374 376 379 382 384 387 389 392 394 395 397 399 401 403 404 405 407 408 410 411 412 413 413 414 414 414 416 417 416 417 417 417 418 416 416 416 417 417 417 414 414 414 413 413 411 409
240 240 240 240 240 240 240 240 240 240 240 240 240 240 240 240 240 240 240 240 240 240 240 240 240 240 240 240 240 240 240 277 277 289 299 307 315 322 329 335 340 344 349 354 358 362 367 370 374 376 379 382 384 387 389 393 394 396 397 399 401 402 404 404 407 408 410 411 412 412 413 414 415 414 416 416 416 417 417 417 417 416 416 416 416 417 415 415 414 414 413 413 411 409
240 240 240 240 240 240 240 240 240 240 240 240 240 240 240 240 240 240 240 240 240 240 240 240 240 240 240 240 240 240 240 277 276 288 298 307 315 321 329 334 340 345 349 354 358 362 366 370 372 375 378 381 384 387 389 391 394 396 398 400 400 402 403 404 406 408 409 411 412 412 413 414 414 415 415 415 416 416 417 417 416 417 416 416 416 417 415 415 414 413 413 411 411 410
240 240 240 240 240 240 240 240 240 240 240 240 240 240 240 240 240 240 240 240 240 240 240 240 240 240 240 240 240 240 240 277 276 288 298 307 314 321 327 335 340 345 349 354 358 362 365 370 372 375 378 381 384 386 389 390 393 396 398 399 401 403 403 404 406 408 409 410 411 412 413 413 414 415 415 415 416 416 417 417 416 416 415 415 415 415 415 415 415 413 413 411 411 410
240 240 240 240 240 240 240 240 240 240 240 240 240 240 240 240 240 240 240 240 240 240 240 240 240 240 240 240 240 240 240 276 276 287 297 306 314 321 328 334 339 344 349 353 358 361 365 368 372 375 378 381 384 386 388 390 393 395 397 399 401 402 403 404 405 407 409 410 410 411 412 413 414 415 415 415 416 416 416 417 416 416 416 415 415 414 415 415 414 413 412 411 411 410
240 240 240 240 240 240 240 240 240 240 240 240 240 240 240 240 240 240 240 240 240 240 240 240 240 240 240 240 240 240 240 276 276 287 297 306 315 322 328 334 339 344 349 353 357 361 365 367 372 375 378 381 383 386 388 390 392 395 397 399 401 402 403 405 406 407 409 409 410 411 412 413 414 414 414 415 415 416 416 416 416 416 416 416 415 414 414 415 414 414 411 411 410 410
240 240 240 240 240 240 240 240 240 240 240 240 240 240 240 240 240 240 240 240 240 240 240 240 240 240 240 240 240 240 240 275 276 286 297 306 314 321 327 332 339 344 348 353 357 361 364 367 372 375 378 381 383 385 387 390 392 395 397 399 400 402 403 405 406 408 408 409 410 411 412 413 414 414 414 415 415 416 416 415 416 416 416 416 414 414 414 414 414 413 411 411 410 410
240 240 240 240 240 240 240 240 240 240 240 240 240 240 240 240 240 240 240 240 240 240 240 240 240 240 240 240 240 240 240 275 276 286 297 306 314 321 326 332 339 344 348 353 357 360 363 367 370 375 378 380 383 385 387 390 392 394 397 399 400 401 403 405 406 407 408 409 410 411 412 413 413 413 414 415 415 416 415 415 416 416 416 416 415 414 414 413 414 413 411 411 410 409
240 240 240 240 240 240 240 240 240 240 240 240 240 240 240 240 240 240 240 240 240 240 240 240 240 240 240 240 240 240 240 275 275 286 297 306 314 320 326 332 337 343 348 352 357 360 363 367 370 374 377 380 382 385 387 389 392 394 397 398 399 401 403 404 406 407 407 409 410 411 412 413 413 413 414 415 415 415 415 415 415 416 416 415 415 414 413 413 414 412 412 411 410 409
240 240 240 240 240 240 240 240 240 240 240 240 240 240 240 240 240 240 240 240 240 240 240 240 240 240 240 240 240 240 240 275 276 285 296 305 312 319 326 332 337 343 348 352 355 359 363 367 370 373 377 380 382 384 387 389 391 394 396 397 399 401 403 404 406 406 407 409 411 411 412 412 412 413 414 414 415 414 416 415 415 415 416 415 415 414 413 413 412 412 412 410 410 408
240 240 240 240 240 240 240 240 240 240 240 240 240 240 240 240 240 240 240 240 240 240 240 240 240 240 240 240 240 240 240 276 276 284 296 305 312 319 325 331 337 342 347 352 355 359 363 366 370 373 377 379 382 384 387 389 391 393 394 397 399 401 402 404 405 406 407 408 409 412 411 411 412 413 414 414 415 414 415 415 415 415 414 414 414 414 413 413 412 411 412 411 410 408
240 240 240 240 240 240 240 240 240 240 240 240 240 240 240 240 240 240 240 240 240 240 240 240 240 240 240 240 240 240 240 276 276 283 295 303 311 319 325 331 336 341 347 351 355 359 363 366 369 373 375 379 381 384 386 389 391 392 394 396 399 401 402 404 404 406 407 408 409 411 411 411 412 413 413 414 414 414 414 415 415 415 414 414 414 414 414 412 411 411 412 411 408 408
240 240 240 240 240 240 240 240 240 240 240 240 240 240 240 240 240 240 240 240 240 240 240 240 240 240 240 240 240 240 240 276 276 283 294 303 311 318 325 331 336 341 345 350 355 359 362 366 369 372 375 378 381 384 386 389 391 392 394 396 399 400 402 403 404 406 407 408 409 410 411 412 412 413 413 414 413 414 414 415 415 414 414 414 414 414 414 412 411 411 410 411 409 408
240 240 240 240 240 240 240 240 240 240 240 240 240 240 240 240 240 240 240 240 240 240 240 240 240 240 240 240 240 240 240 276 276 282 292 303 311 318 324 330 336 341 345 350 354 358 363 367 370 372 375 378 382 385 387 388 390 392 394 396 398 400 402 402 404 405 407 408 409 409 410 412 412 412 413 413 413 414 414 414 415 414 414 414 414 414 413 411 411 411 410 410 409 407
240 240 240 240 240 240 240 240 240 240 240 240 240 240 240 240 240 240 240 240 240 240 240 240 240 240 240 240 240 240 240 276 276 281 292 302 310 318 324 330 336 340 344 350 355 359 363 366 370 372 375 378 382 384 387 389 390 393 394 396 397 400 401 402 404 405 406 408 409 409 410 412 413 412 413 413 413 414 414 414 413 414 414 414 414 414 412 412 411 411 410 409 409 407
240 240 240 240 240 240 240 240 240 240 240 240 240 240 240 240 240 240 240 240 240 240 240 240 240 240 240 240 240 240 240 240 275 280 291 301 310 317 324 330 334 340 345 350 355 359 363 366 369 372 375 378 381 384 387 388 390 392 394 396 397 399 401 402 404 405 406 407 408 409 410 411 412 413 412 412 413 413 414 414 413 413 414 414 414 412 412 412 411 410 409 408 408 408
240 240 240 240 240 240 240 240 240 240 240 240 240 240 240 240 240 240 240 240 240 240 240 240 240 240 240 240 240 240 240 240 275 279 291 300 310 317 323 329 335 340 345 349 354 359 362 365 368 372 375 378 380 384 386 388 390 392 394 396 398 398 399 402 403 405 406 407 407 408 409 410 412 413 412 412 413 413 414 413 413 413 413 413 413 412 412 412 412 410 409 408 408 408
240 240 240 240 240 240 240 240 240 240 240 240 240 240 240 240 240 240 240 240 240 240 240 240 240 240 240 240 240 240 240 240 275 279 290 300 308 316 324 329 335 340 345 349 353 358 362 365 368 371 374 377 380 383 385 388 390 392 394 396 398 399 400 402 403 405 406 406 407 408 409 410 411 412 412 412 413 413 413 413 413 413 413 413 412 412 412 412 411 409 409 408 407 407
240 240 240 240 240 240 240 240 240 240 240 240 240 240 240 240 240 240 240 240 240 240 240 240 240 240 240 240 240 240 240 240 275 278 290 299 308 317 323 329 334 340 344 349 353 357 361 365 368 371 374 377 380 382 384 387 390 392 394 396 397 398 400 402 403 404 405 406 407 408 409 410 410 412 412 413 413 413 412 413 413 413 413 412 412 412 412 412 411 410 408 408 407 407
240 240 240 240 240 240 240 240 240 240 240 240 240 240 240 240 240 240 240 240 240 240 240 240 240 240 240 240 240 240 240 240 275 278 289 299 308 316 322 328 334 339 344 349 353 356 361 364 368 371 374 377 380 381 384 387 389 392 394 395 396 398 400 401 404 404 405 406 407 408 409 410 410 410 412 413 413 413 412 412 413 413 413 412 412 412 412 411 410 410 408 408 407 405
240 240 240 240 240 240 240 240 240 240 240 240 240 240 240 240 240 240 240 240 240 240 240 240 240 240 240 240 240 240 240 240 275 277 289 300 308 314 321 328 334 339 344 348 353 356 359 364 367 371 374 377 378 381 384 386 389 391 393 394 396 398 400 401 403 404 404 406 407 408 409 409 410 410 411 413 413 412 412 412 412 413 413 412 412 412 411 411 410 410 408 408 407 405
240 240 240 240 240 240 240 240 240 240 240 240 240 240 240 240 240 240 240 240 240 240 240 240 240 240 240 240 240 240 240 240 275 276 289 299 307 314 321 328 333 339 344 348 351 355 359 364 367 370 374 375 378 381 383 386 389 391 392 394 396 398 399 401 403 404 405 405 407 408 409 408 409 410 411 412 413 412 412 412 412 412 412 412 412 411 411 410 410 409 409 407 406 405
240 240 240 240 240 240 240 240 240 240 240 240 240 240 240 240 240 240 240 240 240 240 240 240 240 240 240 240 240 240 240 240 275 277 289 299 306 314 320 326 333 338 343 348 351 355 359 363 367 370 373 375 378 381 383 386 388 391 392 394 396 398 399 401 401 403 405 406 406 407 407 408 409 410 411 411 412 412 412 412 412 412 411 411 411 411 411 410 410 409 409 407 406 405
240 240 240 240 240 240 240 240 240 240 240 240 240 240 240 240 240 240 240 240 240 240 240 240 240 240 240 240 240 240 240 240 276 276 288 297 306 313 320 326 333 338 343 347 351 355 359 362 366 370 372 375 378 380 383 385 388 390 392 394 396 397 399 401 401 403 404 406 407 407 407 408 409 410 410 411 412 412 412 412 412 411 411 411 411 411 409 410 409 409 409 406 405 405
240 240 240 240 240 240 240 240 240 240 240 240 240 240 240 240 240 240 240 240 240 240 240 240 240 240 240 240 240 240 240 240 275 276 287 297 305 313 320 326 331 338 342 346 351 355 358 362 366 370 372 375 378 380 383 385 386 389 392 394 395 397 399 399 401 402 404 406 407 407 407 408 409 410 410 410 410 412 412 412 412 411 411 411 411 411 409 410 409 409 408 407 405 405
240 240 240 240 240 240 240 240 240 240 240 240 240 240 240 240 240 240 240 240 240 240 240 240 240 240 240 240 240 240 240 240 275 275 286 296 305 312 319 325 331 336 341 346 350 354 358 362 365 368 372 375 377 380 383 385 386 388 390 393 395 397 398 399 401 402 403 405 407 407 407 408 409 409 409 410 410 411 412 411 411 411 411 411 411 410 409 408 409 409 407 407 405 404
240 240 240 240 240 240 240 240 240 240 240 240 240 240 240 240 240 240 240 240 240 240 240 240 240 240 240 240 240 240 240 240 275 274 285 296 304 312 319 325 331 335 341 346 350 354 358 362 364 367 371 374 377 380 382 384 386 388 390 393 395 397 398 399 401 402 403 404 406 407 408 408 408 409 409 409 410 410 412 412 410 411 411 411 411 410 409 408 408 408 407 406 405 404
240 240 240 240 240 240 240 240 240 240 240 240 240 240 240 240 240 240 240 240 240 240 240 240 240 240 240 240 240 240 240 240 274 274 285 295 304 312 319 325 330 335 341 345 350 354 358 361 364 367 370 374 377 380 382 384 386 388 390 392 395 396 397 399 400 402 403 403 404 407 408 408 408 408 409 409 410 410 411 411 410 410 411 411 410 409 409 408 408 407 407 406 406 404
240 240 240 240 240 240 240 240 240 240 240 240 240 240 240 240 240 240 240 240 240 240 240 240 240 240 240 240 240 240 240 240 274 274 283 295 304 311 318 323 329 335 339 345 349 354 357 361 365 368 371 375 378 380 381 383 386 388 390 392 395 395 397 399 400 402 403 403 404 405 407 408 408 408 408 409 410 410 409 410 411 410 410 410 409 409 409 408 407 406 407 406 405 404
240 240 240 240 240 240 240 240 240 240 240 240 240 240 240 240 240 240 240 240 240 240 240 240 240 240 240 240 240 240 240 240 274 274 283 294 303 311 318 323 329 334 339 344 350 354 357 361 364 368 371 374 377 379 382 384 386 388 390 392 392 395 397 398 400 401 402 403 404 405 407 408 408 408 408 409 409 410 409 410 411 410 410 409 409 409 409 409 406 406 405 406 405 404
240 240 240 240 240 240 240 240 240 240 240 240 240 240 240 240 240 240 240 240 240 240 240 240 240 240 240 240 240 240 240 240 274 274 282 293 303 310 316 323 329 334 340 345 350 354 357 361 364 367 370 373 376 379 381 384 386 388 390 390 392 394 397 398 400 401 401 403 404 405 406 408 408 408 408 409 409 409 409 409 410 411 410 409 409 409 409 408 406 406 405 405 405 404
