testData/tiles/oneDegreeCosts/grid32.0-43.0-33.0-44.0.asc
ncols   200
nrows   200
xllcorner   32.0
yllcorner   43.0
cellsize   0.005
NODATA_value   -9999.0
[rows 84 to 125 of 200, columns 0 to 93 of 200]
180 180 180 180 180 180 180 180 180 180 180 180 180 180 180 180 180 180 180 180 180 180 180 180 180 180 180 180 180 180 180 180 181 181 181 182 182 182 183 183 183 183 184 184 184 185 185 185 185 185 185 185 185 185 185 185 185 185 185 185 185 185 185 185 185 185 185 185 185 186 186 185 185 185 186 186 185 185 185 185 185 185 185 184 184 195 194 195 195 194 194 194 192 192
180 180 180 180 180 180 180 180 180 180 180 180 180 180 180 180 180 180 180 180 180 180 180 180 180 180 180 180 180 180 180 181 181 181 182 182 182 183 183 183 184 184 184 184 185 185 185 185 186 186 186 186 186 185 185 186 186 186 186 186 186 186 186 186 186 186 185 185 185 186 186 186 186 186 186 186 186 185 185 186 186 185 185 185 195 195 195 195 195 195 194 194 194 193
180 180 180 180 180 180 180 180 180 180 180 180 180 180 180 180 180 180 180 180 180 180 180 180 180 180 180 180 180 180 181 181 181 182 182 182 183 183 183 184 184 184 184 185 185 185 185 186 186 186 186 186 187 187 187 187 186 186 186 186 186 186 186 186 186 186 186 186 186 186 186 186 186 187 186 186 186 186 186 186 186 186 185 196 196 195 196 196 195 195 195 194 194 194
180 180 180 180 180 180 180 180 180 180 180 180 180 180 180 180 180 180 180 180 180 180 180 180 180 180 180 180 180 180 181 181 182 182 182 183 183 183 183 184 184 184 185 185 185 186 186 186 186 186 187 187 187 187 187 187 187 188 188 187 187 187 187 187 186 186 186 186 186 187 187 186 186 187 187 187 186 186 187 186 186 186 196 196 196 196 196 196 196 195 195 194 194 194
180 180 180 180 180 180 180 180 180 180 180 180 180 180 180 180 180 180 180 180 180 180 180 180 180 180 180 180 180 181 181 181 182 182 182 183 183 183 184 184 184 185 185 185 186 186 186 186 187 187 187 187 187 188 188 188 188 188 188 188 188 187 187 187 187 187 187 187 187 187 187 187 188 187 187 187 187 186 187 187 186 197 197 196 196 196 196 196 196 195 195 195 194 194
180 180 180 180 180 180 180 180 180 180 180 180 180 180 180 180 180 180 180 180 180 180 180 180 180 180 180 180 181 181 181 182 182 182 183 183 183 184 184 184 185 185 185 186 186 186 186 187 187 187 187 188 188 188 188 188 188 188 188 188 188 188 188 188 187 187 187 187 188 188 187 187 188 188 187 187 187 187 187 187 198 197 197 197 196 197 197 196 196 196 195 195 195 194
180 180 180 180 180 180 180 180 180 180 180 180 180 180 180 180 180 180 180 180 180 180 180 180 180 180 180 180 181 181 181 182 182 183 183 183 184 184 184 185 185 185 186 186 186 186 187 187 187 187 188 188 188 188 188 189 189 189 189 189 189 189 189 189 189 189 187 187 188 188 188 187 188 188 188 187 187 188 188 198 198 198 197 197 197 197 197 197 196 196 195 195 195 194
180 180 180 180 180 180 180 180 180 180 180 180 180 180 180 180 180 180 180 180 180 180 180 180 180 180 180 181 181 181 182 182 182 183 183 183 184 184 185 185 185 186 186 186 186 187 187 187 188 188 188 188 188 189 189 189 189 189 189 189 189 189 189 189 189 189 189 189 188 188 188 188 189 188 188 188 187 188 199 199 198 198 198 197 197 197 197 197 196 196 196 195 195 195
180 180 180 180 180 180 180 180 180 180 180 180 180 180 180 180 180 180 180 180 180 180 180 180 180 180 180 181 181 181 182 182 183 183 183 184 184 184 185 185 185 186 186 186 187 187 187 188 188 188 188 189 189 189 189 189 189 190 190 190 190 190 190 190 189 189 189 190 190 190 188 189 189 189 188 188 188 199 199 199 198 198 198 197 197 198 197 197 197 196 196 195 195 195
180 180 180 180 180 180 180 180 180 180 180 180 180 180 180 180 180 180 180 180 180 180 180 180 180 180 180 181 181 182 182 182 183 183 183 184 184 185 185 185 186 186 186 187 187 187 188 188 188 188 189 189 189 189 190 190 190 190 190 190 190 190 190 190 190 190 190 190 190 190 190 190 189 189 189 188 200 200 199 199 199 198 198 198 198 198 197 197 197 196 196 196 195 195
180 180 180 180 180 180 180 180 180 180 180 180 180 180 180 180 180 180 180 180 180 180 180 180 180 180 181 181 181 182 182 183 183 183 184 184 184 185 185 186 186 186 187 187 187 188 188 188 188 189 189 189 190 190 190 190 190 190 190 191 191 191 190 190 190 190 190 191 191 190 190 191 190 190 189 200 200 200 200 199 199 199 198 198 198 198 198 197 197 197 196 196 195 195
180 180 180 180 180 180 180 180 180 180 180 180 180 180 180 180 180 180 180 180 180 180 180 180 180 180 181 181 182 182 182 183 183 183 184 184 185 185 185 186 186 186 187 187 187 188 188 188 189 189 189 190 190 190 190 191 191 191 191 191 191 191 191 191 191 191 190 191 191 191 190 191 191 190 201 200 200 200 200 199 199 199 198 198 199 198 198 197 197 197 196 196 196 195
180 180 180 180 180 180 180 180 180 180 180 180 180 180 180 180 180 180 180 180 180 180 180 180 180 180 181 181 182 182 182 183 183 184 184 184 185 185 186 186 186 187 187 187 188 188 188 189 189 189 190 190 190 190 191 191 191 191 191 191 191 191 191 191 191 191 192 191 191 191 192 191 191 202 201 201 202 200 200 200 199 199 199 199 199 198 198 198 197 197 196 196 196 195
180 180 180 180 180 180 180 180 180 180 180 180 180 180 180 180 180 180 180 180 180 180 180 180 180 181 181 181 182 182 183 183 183 184 184 185 185 185 186 186 186 187 187 188 188 188 189 189 189 190 190 190 191 191 191 191 191 192 192 192 192 192 192 192 191 191 192 192 192 191 192 192 202 202 202 202 202 202 200 200 199 199 199 199 199 199 198 198 197 197 197 196 196 195
180 180 180 180 180 180 180 180 180 180 180 180 180 180 180 180 180 180 180 180 180 180 180 181 181 181 181 181 182 182 183 183 183 184 184 185 185 185 186 186 187 187 187 188 188 188 189 189 190 190 190 191 191 191 191 192 192 192 192 192 192 192 192 192 192 192 192 192 192 192 192 192 203 202 202 202 202 202 201 201 200 199 199 199 199 199 198 198 197 197 197 196 196 195
180 180 180 180 180 180 180 180 180 180 180 180 180 180 180 180 180 180 180 180 180 180 181 181 181 182 182 183 183 183 184 184 185 184 184 185 185 186 186 186 187 187 188 188 188 189 189 189 190 190 190 191 191 191 192 192 192 192 192 193 193 193 192 192 192 192 193 192 192 192 192 203 203 202 202 203 202 202 202 201 201 199 199 200 199 199 198 198 198 197 197 196 196 197
180 180 180 180 180 180 180 180 180 180 180 180 180 180 180 180 180 180 180 180 180 180 181 181 181 182 182 183 183 183 184 184 185 185 185 186 186 187 187 186 187 187 188 188 188 189 189 190 190 190 191 191 191 192 192 192 193 193 193 193 193 193 193 193 193 193 193 193 192 193 204 203 203 203 202 203 202 202 202 201 201 200 201 200 199 199 198 198 198 197 197 196 196 197
180 180 180 180 180 180 180 180 180 180 180 180 180 180 180 180 180 180 180 180 180 180 181 181 181 182 182 183 183 184 184 184 185 185 186 186 186 187 187 188 188 188 189 188 189 189 189 190 190 191 191 191 192 192 192 193 193 193 193 193 193 193 193 193 193 194 193 193 193 204 204 204 203 203 203 203 203 202 202 201 201 201 201 201 199 199 199 198 198 197 197 197 196 197
426 180 180 180 180 180 180 180 180 180 180 180 180 180 180 180 180 180 180 180 180 180 181 181 182 182 182 183 183 184 184 184 185 185 186 186 186 187 187 188 188 188 189 189 190 190 189 190 190 191 191 191 192 192 193 193 193 193 194 194 194 194 194 193 193 194 194 193 204 204 204 204 203 203 203 203 203 202 202 201 201 201 201 201 200 200 199 198 198 197 197 197 197 197
426 180 180 180 180 180 180 180 180 180 180 180 180 180 180 180 180 180 180 180 180 180 181 181 182 182 182 183 183 184 184 184 185 185 186 186 187 187 187 188 188 189 189 189 190 190 191 191 191 191 191 192 192 192 193 193 193 194 194 194 194 194 194 194 193 194 194 204 204 205 204 204 203 203 204 203 203 202 202 202 201 201 201 201 201 200 200 198 198 197 197 197 197 197
426 426 180 180 180 180 180 180 180 180 180 180 180 180 180 180 180 180 180 180 180 180 181 181 182 182 182 183 183 184 184 184 185 185 186 186 187 187 187 188 188 189 189 189 190 190 191 191 191 192 192 193 192 192 193 193 194 194 194 195 195 195 194 194 194 194 205 204 204 205 204 204 203 203 204 203 203 202 202 202 201 202 201 201 201 200 200 199 198 197 197 197 197 197
426 426 180 180 180 180 180 180 180 180 180 180 180 180 180 180 180 180 180 180 180 180 181 181 182 182 182 183 183 184 184 185 185 185 186 186 187 187 187 188 188 189 189 189 190 190 191 191 192 192 192 193 193 194 193 193 194 194 195 195 195 195 195 194 195 194 205 205 205 205 204 204 204 204 204 203 203 202 202 202 201 202 201 201 201 200 200 199 199 198 197 197 197 197
426 426 427 180 180 180 180 180 180 180 180 180 180 180 180 180 180 180 180 180 180 180 181 181 182 182 182 183 183 184 184 185 185 185 186 186 187 187 187 188 188 189 189 189 190 190 191 191 192 192 192 193 193 194 194 194 195 194 195 195 196 195 195 194 195 205 205 205 205 205 204 204 204 204 204 203 203 202 202 202 201 202 201 201 201 200 200 199 199 199 198 198 197 197
426 426 427 180 180 180 180 180 180 180 180 180 180 180 180 180 180 180 180 180 180 180 181 181 182 182 182 183 183 184 184 185 185 185 186 186 187 187 187 188 188 189 189 189 190 190 191 191 192 192 192 193 193 194 194 194 195 195 196 195 195 195 195 194 206 205 205 205 205 205 204 204 204 204 204 203 203 202 202 202 202 202 201 201 201 200 200 199 199 199 198 199 197 198
426 426 427 427 180 180 180 180 180 180 180 180 180 180 180 180 180 180 180 180 180 180 181 181 182 182 182 183 183 184 184 184 185 185 186 186 187 187 187 188 188 189 189 189 190 190 191 191 191 192 192 193 193 193 194 194 195 195 195 196 196 195 195 205 206 205 205 205 205 205 204 204 204 204 204 203 203 202 202 202 202 202 201 201 201 200 200 199 199 198 198 199 199 198
426 426 427 427 180 180 180 180 180 180 180 180 180 180 180 180 180 180 180 180 180 180 181 181 182 182 182 183 183 184 184 184 185 185 186 186 187 187 187 188 188 189 189 189 190 190 191 191 191 192 192 193 193 193 194 194 194 195 195 195 195 195 206 206 205 205 205 205 205 205 204 204 204 204 204 203 203 202 202 202 202 202 201 201 201 200 200 199 199 198 199 200 199 199
426 426 426 427 427 180 180 180 180 180 180 180 180 180 180 180 180 180 180 180 180 180 181 181 182 182 182 183 183 184 184 184 185 185 186 186 186 187 187 188 188 188 189 189 190 190 190 191 191 192 192 192 193 193 194 194 194 194 195 195 195 195 206 206 205 205 205 205 205 204 204 204 204 204 203 203 203 202 202 202 202 202 201 201 200 200 200 199 199 198 200 200 199 200
426 426 426 427 427 180 180 180 180 180 180 180 180 180 180 180 180 180 180 180 180 180 181 181 181 182 182 183 183 184 184 184 185 185 186 186 186 187 187 188 188 188 189 189 190 190 190 191 191 192 192 192 193 193 193 194 194 194 194 194 194 205 205 206 206 206 205 205 205 204 204 204 204 204 203 203 203 202 202 202 202 202 201 201 200 200 200 199 199 199 200 200 200 200
426 426 426 427 427 428 180 180 180 180 180 180 180 180 180 180 180 180 180 180 180 180 181 181 181 182 182 183 183 183 184 184 185 185 185 186 186 187 187 187 188 188 189 189 189 190 190 191 191 191 192 192 192 193 193 193 194 194 194 194 205 205 205 206 206 205 205 206 204 204 204 204 204 204 203 203 202 202 202 202 202 201 201 201 200 200 199 199 200 199 200 200 200 201
426 426 426 427 427 428 180 180 180 180 180 180 180 180 180 180 180 180 180 180 180 180 181 181 181 182 182 183 183 183 184 184 185 185 185 186 186 187 187 187 188 188 189 189 189 190 190 190 191 191 191 192 192 192 193 193 193 193 193 205 205 205 205 205 205 205 206 205 205 204 204 204 204 203 203 203 202 202 202 202 202 201 201 201 200 200 199 200 200 200 201 200 201 201
426 426 426 427 427 428 428 180 180 180 180 180 180 180 180 180 180 180 180 180 180 180 180 181 181 182 182 182 183 183 184 184 184 185 185 186 186 186 187 187 188 188 188 189 189 189 190 190 191 191 191 192 192 192 192 193 193 193 193 204 204 204 205 205 205 205 205 205 205 205 204 204 204 203 203 202 202 202 202 202 202 201 201 200 200 200 199 200 200 201 201 201 201 201
425 426 426 427 427 427 428 180 180 180 180 180 180 180 180 180 180 180 180 180 180 180 180 181 181 182 182 182 183 183 184 184 184 185 185 186 186 186 187 187 187 188 188 189 189 189 190 190 190 191 191 191 192 192 192 192 192 193 204 204 204 204 205 205 204 204 205 205 205 204 204 205 203 203 203 202 202 202 202 202 201 201 201 200 200 200 200 200 200 201 201 201 201 201
425 426 426 427 427 427 428 428 180 180 180 180 180 180 180 180 180 180 180 180 180 180 180 181 181 181 182 182 183 183 183 184 184 185 185 185 186 186 187 187 187 188 188 188 189 189 189 190 190 190 191 191 191 191 192 192 192 203 203 203 203 203 204 204 204 204 205 204 204 204 204 204 204 204 202 202 202 202 202 202 201 201 201 200 200 200 200 201 201 201 201 201 202 201
425 426 426 427 427 427 428 428 180 180 180 180 180 180 180 180 180 180 180 180 180 181 181 182 182 182 183 183 184 183 183 184 184 184 185 185 186 186 186 187 187 187 188 188 188 189 189 189 190 190 190 191 191 191 191 192 203 203 203 203 203 203 204 204 204 204 204 204 204 204 204 204 204 203 203 202 202 202 202 201 201 201 200 200 201 200 201 201 201 202 201 202 202 201
425 426 427 427 428 428 429 429 180 180 180 180 180 180 180 180 180 180 180 180 180 181 181 181 182 182 183 183 183 184 184 185 185 185 186 185 185 186 186 187 187 187 188 188 188 189 189 189 189 190 190 190 191 191 191 191 202 202 202 203 203 204 203 203 203 204 204 204 204 203 204 204 203 203 203 203 202 202 202 201 201 201 200 201 200 200 201 201 202 202 202 202 202 202
426 427 427 427 428 428 429 429 429 180 180 180 180 180 180 180 180 180 180 180 180 181 181 181 182 182 182 183 183 184 184 184 185 185 185 186 186 187 187 187 187 187 187 188 188 188 189 189 189 189 190 190 190 190 191 202 202 202 202 202 202 203 203 203 203 204 204 203 203 203 204 203 203 203 203 202 202 202 201 201 201 201 201 201 200 201 201 201 202 202 202 202 202 202
426 426 427 427 428 428 428 429 429 180 180 180 180 180 180 180 180 180 180 180 180 180 181 181 182 182 182 183 183 183 184 184 185 185 185 186 186 186 187 187 187 188 187 187 188 188 188 189 189 189 189 190 190 190 201 201 201 202 202 202 202 203 203 203 202 203 203 203 203 203 203 203 203 203 202 202 202 202 202 201 201 201 201 201 201 201 201 202 202 202 202 202 202 203
426 426 427 427 428 428 428 429 429 430 180 180 180 180 180 180 180 180 180 180 180 180 181 181 181 182 182 183 183 183 184 184 184 185 185 185 186 186 187 187 187 188 188 188 188 188 188 188 189 189 189 189 189 201 201 201 201 201 201 201 201 202 202 202 202 203 203 203 202 202 203 203 203 202 202 202 201 202 202 202 201 201 201 201 201 201 201 202 202 202 203 202 202 203
426 426 427 427 427 428 428 429 429 429 180 180 180 180 180 180 180 180 180 180 180 180 180 181 181 182 182 182 183 183 183 184 184 185 185 185 186 186 186 187 187 187 188 188 188 188 189 188 188 188 189 189 189 200 200 201 201 201 201 201 201 202 202 202 203 203 202 202 202 203 203 202 202 202 202 201 201 202 202 202 202 201 201 201 201 201 201 203 202 203 202 202 203 203
426 426 427 427 427 428 428 429 429 429 180 180 180 180 180 180 180 180 180 180 180 180 180 181 181 181 182 182 183 183 183 184 184 184 185 185 185 186 186 186 187 187 187 188 188 188 188 189 189 188 188 189 200 200 200 200 200 200 200 200 201 201 201 201 202 202 202 202 202 203 202 202 202 202 201 201 202 202 202 202 202 202 201 201 201 201 202 202 203 203 202 203 203 203
426 426 426 427 427 428 428 428 429 429 430 180 180 180 180 180 180 180 180 180 180 180 180 181 181 181 182 182 182 183 183 183 184 184 184 185 185 185 186 186 186 187 187 187 188 188 188 188 189 189 189 199 199 200 200 200 200 200 200 200 201 201 201 201 202 202 202 202 201 202 202 202 202 201 201 201 202 201 202 202 202 202 202 201 201 202 202 202 203 203 203 203 203 203
426 426 426 427 427 427 428 428 429 429 429 180 180 180 180 180 180 180 180 180 180 180 180 180 181 181 181 182 182 182 183 183 184 184 184 185 185 185 185 186 186 186 187 187 187 188 188 188 188 188 189 200 200 199 199 199 199 200 200 200 201 201 201 201 201 201 201 201 201 202 202 201 201 201 201 201 201 201 202 202 202 202 202 202 202 202 202 203 203 203 203 203 203 203
