testData/tiles/oneDegreeCosts/grid31.0-6.0-32.0-7.0.asc
ncols   200
nrows   200
xllcorner   31.0
yllcorner   6.0
cellsize   0.005
NODATA_value   -9999.0
[rows 84 to 125 of 200, columns 0 to 93 of 200]
242 241 241 241 241 241 241 241 240 240 240 239 240 240 240 239 239 239 238 238 238 238 238 238 237 237 237 236 236 236 235 235 235 234 234 234 233 233 234 233 233 232 232 232 231 231 231 231 231 231 231 231 231 231 231 231 231 230 230 230 230 230 230 230 230 230 230 230 230 230 230 230 230 230 229 229 229 229 229 229 229 229 229 228 228 228 228 228 228 228 228 227 227 227
243 242 242 243 243 242 242 242 241 241 242 242 241 241 241 240 240 240 240 240 240 240 239 239 239 238 238 238 237 237 237 236 236 237 236 236 235 235 235 234 234 234 233 233 232 232 232 231 231 231 231 231 231 231 231 231 231 231 231 231 231 231 230 230 230 230 230 230 230 230 230 230 230 230 230 230 229 229 229 229 229 229 229 229 229 228 228 228 228 228 228 228 227 227
244 243 244 244 244 243 243 243 243 243 243 243 242 242 242 242 241 242 242 241 241 241 240 240 240 239 239 239 238 238 239 238 238 238 237 237 237 236 236 236 235 235 234 234 234 233 233 232 232 232 231 231 231 231 231 231 231 231 231 231 231 231 231 231 231 230 230 230 230 230 230 230 230 230 230 230 230 230 229 229 229 229 229 229 229 229 228 228 228 228 228 228 228 227
245 245 245 245 245 244 244 244 245 244 244 244 244 243 243 243 243 243 243 242 242 242 242 241 241 241 240 241 241 240 240 240 239 239 239 238 238 237 237 237 236 236 236 235 235 234 234 234 233 233 232 232 232 231 231 231 231 231 231 231 231 231 231 231 231 231 231 231 230 230 230 230 230 230 230 230 230 230 230 229 229 229 229 229 229 229 229 228 228 228 228 228 228 228
247 247 246 246 246 246 246 246 246 245 245 245 245 244 245 245 244 244 244 244 243 243 243 242 242 243 242 242 242 241 241 241 240 240 240 239 239 239 238 238 238 237 237 236 236 236 235 235 234 234 234 233 233 232 232 232 231 231 231 231 231 231 231 231 231 231 231 231 231 231 230 230 230 230 230 230 230 230 230 230 230 229 229 229 229 229 229 229 229 228 228 228 228 228
248 248 247 247 247 248 247 247 247 246 246 246 246 246 246 246 245 245 245 245 244 244 244 244 244 244 243 243 243 242 242 242 241 241 241 240 240 240 239 239 239 238 238 238 237 237 236 236 236 235 235 234 234 234 233 233 232 232 232 231 231 231 231 231 231 231 231 231 231 231 231 231 230 230 230 230 230 230 230 230 230 230 229 229 229 229 229 229 229 229 228 228 228 228
249 249 248 248 249 249 248 248 248 248 247 248 248 247 247 247 247 246 246 246 245 246 246 245 245 245 245 244 244 244 243 243 243 242 242 242 241 241 241 241 241 240 240 240 239 239 239 238 238 237 237 237 236 236 235 235 235 233 233 232 232 231 231 231 231 231 231 231 231 231 231 231 231 231 230 230 230 230 230 230 230 230 230 230 229 229 229 229 229 229 229 228 228 228
250 250 249 250 250 250 249 249 249 249 249 249 249 248 248 248 248 247 247 248 247 247 247 247 246 246 246 245 245 245 244 244 244 243 244 244 243 243 243 242 242 242 241 241 240 240 240 239 239 239 238 238 237 237 237 236 236 235 235 235 234 233 232 232 231 231 231 231 231 231 231 231 231 231 231 231 230 230 230 230 230 230 230 230 230 229 229 229 229 229 229 229 228 228
251 251 251 251 251 251 250 250 250 251 250 250 250 249 249 249 249 248 249 249 248 248 248 248 247 247 247 246 246 246 245 246 246 245 245 245 244 244 244 243 243 243 242 242 242 241 241 240 240 240 239 239 239 238 238 237 237 237 236 236 235 235 234 234 233 232 232 231 231 231 231 231 231 231 231 231 231 230 230 230 230 230 230 230 230 230 229 229 229 229 229 229 229 228
252 253 252 252 252 252 251 251 252 252 251 251 251 250 250 250 251 250 250 250 249 249 249 249 248 248 248 247 248 248 247 247 247 246 246 246 245 245 245 244 244 244 243 243 243 242 242 242 241 241 240 240 240 239 239 238 238 238 237 237 236 236 236 235 235 234 234 232 232 231 231 231 231 231 231 231 231 231 231 230 230 230 230 230 230 230 230 229 229 229 229 229 229 229
254 254 253 253 253 253 253 253 253 253 252 252 252 251 251 252 252 251 251 251 250 250 250 250 249 249 250 249 249 249 248 248 248 247 247 247 246 246 246 245 245 245 244 244 244 243 243 243 242 242 242 241 241 240 240 240 239 239 238 238 238 237 237 236 236 235 235 235 234 233 232 232 231 231 231 231 231 231 231 231 230 230 230 230 230 230 230 230 230 229 229 229 229 229
255 255 254 254 254 255 254 254 254 254 253 253 253 253 253 253 253 252 252 252 251 251 251 251 251 251 251 250 250 250 249 249 249 249 248 248 248 247 247 247 246 246 245 245 245 244 244 244 243 243 243 242 242 241 241 241 240 240 239 239 239 238 238 237 237 237 236 236 235 235 234 233 232 232 232 231 231 231 231 231 231 231 230 230 230 230 230 230 230 230 229 229 229 229
256 255 255 255 256 255 255 255 255 254 254 254 255 254 254 254 254 253 253 253 252 252 253 253 252 252 252 251 251 251 250 250 250 250 249 249 249 248 248 248 248 248 248 247 247 246 246 246 245 245 245 244 244 244 243 242 241 241 241 240 240 239 239 239 238 238 237 237 236 236 236 235 235 233 233 232 232 231 231 231 231 231 231 230 230 230 230 230 230 230 230 229 229 229
257 256 256 257 257 256 256 256 256 255 255 256 256 255 255 255 255 254 254 254 254 254 254 254 253 253 253 252 252 252 251 251 251 251 250 251 251 250 250 250 249 249 249 248 248 248 247 247 246 246 246 245 245 245 244 244 243 243 243 242 241 240 240 240 239 239 238 238 238 237 237 236 236 235 235 233 233 232 232 232 231 231 231 231 230 230 230 230 230 230 230 230 229 229
258 257 258 258 258 257 257 257 257 257 257 257 257 256 256 256 256 255 256 256 255 255 255 255 254 254 254 253 253 253 252 252 253 253 252 252 252 251 251 251 250 250 250 249 249 249 248 248 247 247 247 246 246 246 245 245 244 244 244 243 243 243 242 241 240 240 239 239 239 238 238 237 237 236 236 236 235 234 233 233 232 232 231 231 231 231 230 230 230 230 230 230 230 229
258 259 259 259 259 258 258 258 259 258 258 258 258 257 257 257 256 257 257 257 256 256 256 256 255 255 255 254 254 255 254 254 254 254 253 253 253 252 252 252 251 251 251 250 250 250 249 249 248 248 248 247 247 247 246 246 246 245 245 244 244 244 243 243 242 242 241 240 240 239 239 238 238 238 237 237 236 236 234 234 233 233 232 232 231 231 231 230 230 230 230 230 230 230
260 260 260 260 259 259 259 260 259 259 259 259 258 258 258 259 258 258 258 258 257 257 257 256 256 256 256 256 256 256 255 255 255 254 254 254 254 253 253 253 252 252 252 251 251 251 250 250 249 249 249 248 248 248 247 247 247 246 246 245 245 245 244 244 243 243 243 242 241 240 240 240 239 239 238 238 237 237 236 236 234 234 234 233 233 232 232 231 230 230 230 230 230 230
261 261 261 261 260 260 261 261 260 260 260 260 259 259 260 260 259 259 259 259 258 258 258 257 257 258 258 257 257 257 256 256 256 255 255 255 254 254 254 254 253 253 253 252 252 252 251 251 250 250 250 249 249 249 248 248 248 247 247 246 246 246 245 245 244 244 244 243 243 242 241 241 240 240 239 239 238 238 237 237 237 235 235 234 234 233 233 232 232 230 230 230 230 230
262 262 262 261 261 262 262 262 261 261 261 261 260 261 261 260 260 260 260 259 259 259 259 259 259 259 258 258 258 258 257 257 257 256 256 256 255 255 255 254 254 254 254 253 253 252 252 252 251 251 251 250 250 250 249 249 249 248 248 247 247 247 246 246 246 245 245 244 244 243 243 243 241 241 240 240 239 239 239 238 238 237 236 235 235 234 234 233 233 232 231 230 230 230
263 263 263 262 263 263 263 262 262 262 262 261 262 262 262 261 261 261 261 260 260 261 260 260 260 260 259 259 259 258 258 258 258 257 257 257 256 256 256 256 256 256 255 255 255 254 254 254 253 253 253 252 252 252 251 251 250 249 249 248 248 248 247 247 247 246 246 245 245 245 244 244 243 243 241 241 241 240 240 239 239 238 238 236 236 235 235 234 234 234 233 232 231 231
264 264 263 264 264 264 264 263 263 263 264 263 263 263 263 262 262 262 261 261 262 262 261 261 261 261 260 260 260 259 259 259 259 258 258 259 258 258 258 257 257 257 256 256 256 255 255 255 254 254 254 253 253 253 252 252 252 251 251 250 249 249 248 248 248 247 247 246 246 246 245 245 244 244 243 242 242 241 241 240 240 239 239 238 238 237 236 236 235 235 234 234 232 232
265 265 265 265 265 265 264 264 264 265 264 264 264 264 263 263 263 263 263 263 263 263 262 262 262 261 261 261 261 260 260 260 260 260 260 260 259 259 259 258 258 258 257 257 257 256 256 256 255 255 255 254 254 254 253 253 253 252 252 251 251 251 250 249 249 248 248 247 247 247 246 246 245 245 244 244 244 242 242 241 241 240 240 239 239 239 237 237 236 236 235 235 234 233
266 266 266 266 266 265 265 265 266 266 265 265 265 265 264 264 264 264 264 264 264 263 263 263 263 262 262 262 261 261 262 262 261 261 261 260 260 260 260 259 259 259 258 258 258 257 257 257 256 256 256 255 255 255 254 254 253 253 253 252 252 252 251 251 250 249 249 248 248 248 247 247 246 246 245 245 245 244 243 242 242 241 241 241 240 240 239 238 237 237 236 236 235 235
267 267 267 267 267 266 266 267 267 266 266 266 266 265 265 265 266 265 265 265 265 264 264 264 263 263 263 264 263 263 263 263 262 262 262 261 261 261 260 260 260 259 259 259 259 258 258 258 257 257 257 256 256 255 255 255 254 254 254 253 253 253 252 252 251 251 251 250 249 248 248 248 247 247 246 246 246 245 245 243 243 242 242 242 241 241 240 240 238 238 237 237 236 236
268 268 268 268 267 267 268 268 267 267 267 267 266 266 267 267 266 266 266 266 265 265 265 265 264 265 265 265 264 264 264 263 263 263 262 262 262 262 261 261 261 260 260 260 259 259 259 258 258 258 257 257 257 256 256 256 255 255 255 254 254 254 253 253 252 252 252 251 251 250 249 249 248 248 247 247 247 246 246 245 245 243 243 243 242 242 241 241 240 239 238 238 237 237
269 269 269 268 268 269 269 268 268 268 268 268 267 268 268 268 267 267 267 267 266 266 266 265 266 266 266 265 265 265 265 264 264 264 263 263 263 262 262 262 262 261 261 261 260 260 260 259 259 259 258 258 258 257 257 257 256 256 256 255 255 254 254 254 253 253 253 252 252 251 251 250 249 249 248 248 248 247 247 246 246 245 244 244 243 243 242 242 241 241 239 239 238 238
270 270 269 269 270 270 270 269 269 269 269 268 269 269 269 268 268 268 268 267 267 267 268 267 267 267 266 266 266 266 265 265 265 265 264 264 264 263 263 263 262 262 263 262 262 262 262 261 261 261 260 260 260 258 258 258 257 257 256 256 256 255 255 255 254 254 254 253 253 252 252 252 251 250 249 249 249 248 248 247 247 246 246 245 244 244 243 243 242 242 241 240 239 239
271 270 270 271 271 271 270 270 270 270 269 270 270 270 269 269 269 269 268 268 269 269 268 268 268 268 267 267 267 266 266 266 266 265 265 265 264 265 265 265 264 264 264 263 263 263 262 262 262 261 261 261 260 260 260 259 259 259 257 257 257 256 256 256 255 255 254 254 254 253 253 252 252 252 251 250 249 249 249 248 248 247 247 247 245 245 244 244 243 243 242 242 240 240
271 271 272 272 272 271 271 271 271 270 271 271 271 270 270 270 270 269 269 270 270 269 269 269 269 268 268 268 268 267 267 267 266 266 267 267 266 266 266 265 265 265 265 264 264 264 263 263 263 262 262 262 261 261 261 260 260 260 259 259 259 257 257 256 256 256 255 255 255 254 254 253 253 253 252 252 250 250 250 249 249 248 248 247 247 246 245 245 244 244 243 243 242 241
272 272 273 273 272 272 272 272 271 272 272 272 272 271 271 271 271 270 271 271 271 270 270 270 270 269 269 269 268 268 268 269 268 268 268 267 267 267 267 266 266 266 265 265 265 264 264 264 263 263 263 262 262 262 261 261 261 260 260 260 259 259 259 258 257 257 256 256 255 255 255 254 254 254 253 253 252 251 251 250 250 249 249 248 248 248 246 246 245 245 244 244 243 242
273 274 274 273 273 273 273 272 273 273 273 273 272 272 272 272 272 272 272 272 271 271 271 271 270 270 270 270 269 270 270 269 269 269 269 268 268 268 267 267 267 266 266 266 266 265 265 265 264 264 264 263 263 263 262 262 262 261 261 261 260 260 260 259 259 258 257 257 256 256 256 255 255 254 254 254 253 253 252 251 251 250 250 249 249 249 248 247 246 246 245 245 244 244
275 275 274 274 274 274 273 274 274 274 274 273 273 273 273 273 273 273 273 272 272 272 272 271 271 271 271 271 271 271 270 270 270 270 269 269 269 269 268 268 268 267 267 267 266 266 266 265 265 265 265 264 264 264 263 263 263 262 262 261 261 261 260 260 260 259 259 259 257 257 256 256 256 255 255 255 254 254 253 253 252 251 251 250 250 249 249 249 247 247 246 246 245 245
276 275 275 275 275 274 275 275 275 275 274 274 274 274 274 274 274 274 273 273 273 273 272 272 272 273 272 272 272 272 271 271 271 270 270 270 270 269 269 269 268 268 268 268 267 267 267 266 266 266 265 265 265 264 264 264 263 263 263 262 262 262 261 261 261 260 260 259 259 259 257 257 257 256 256 255 255 255 254 254 253 252 252 251 251 250 250 250 249 248 247 247 246 246
276 276 276 276 275 276 276 276 276 275 275 275 275 275 275 275 275 274 274 274 274 273 273 273 274 273 273 273 273 272 272 272 272 271 271 271 270 270 270 270 269 269 269 268 268 268 267 267 267 266 266 266 266 265 265 265 264 264 264 263 263 262 262 262 261 261 261 260 260 260 259 258 257 257 257 256 256 256 255 255 254 254 253 252 252 251 251 250 250 250 248 248 247 247
277 277 277 276 277 277 277 277 276 276 276 276 276 276 276 276 275 275 275 275 274 274 275 275 274 274 274 274 273 273 273 273 272 272 272 271 271 271 271 270 270 270 269 270 270 270 269 269 269 268 268 268 266 266 266 265 265 265 264 264 264 263 263 263 262 262 262 261 261 260 260 260 259 258 258 257 257 256 256 256 255 255 254 253 253 252 252 251 251 250 250 249 248 248
278 278 277 278 278 278 277 277 277 277 277 277 277 277 277 276 276 276 276 275 275 276 276 275 275 275 275 274 274 274 274 273 273 273 273 272 272 272 272 272 272 272 271 271 271 270 270 270 269 269 269 268 268 268 267 267 267 265 265 265 264 264 264 263 263 263 262 262 262 261 261 261 260 260 258 258 258 257 257 256 256 256 255 255 253 253 253 252 252 251 251 250 249 249
278 278 279 279 279 278 278 278 278 278 278 278 278 278 277 277 277 277 276 277 277 277 276 276 276 276 275 275 275 275 274 274 274 274 274 274 274 273 273 273 273 272 272 272 271 271 271 270 270 270 270 269 269 269 268 268 268 267 267 267 266 265 265 264 264 264 263 263 262 262 262 261 261 261 260 260 259 258 258 257 257 257 256 256 255 254 254 253 253 252 252 251 251 250
279 279 280 280 279 279 279 279 278 279 279 279 279 278 278 278 278 277 278 278 278 277 277 277 277 276 276 276 276 275 275 275 276 275 275 275 274 274 274 274 273 273 273 272 272 272 272 271 271 271 270 270 270 269 269 269 268 268 268 267 267 267 266 265 265 264 264 264 263 263 263 262 262 261 261 261 260 259 259 258 258 257 257 257 256 256 254 254 254 253 253 252 252 250
280 281 281 280 280 280 280 279 280 280 280 280 279 279 279 279 278 279 279 279 278 278 278 278 277 277 277 277 276 276 277 277 276 276 276 276 275 275 275 274 274 274 274 273 273 273 272 272 272 271 271 271 270 270 270 270 269 269 269 268 268 268 267 267 267 265 265 264 264 264 263 263 263 262 262 262 261 261 259 259 259 258 258 257 257 257 256 255 254 254 254 253 253 252
282 281 281 281 281 281 280 281 281 281 280 280 280 280 280 279 280 280 280 279 279 279 279 278 278 278 278 277 278 278 278 277 277 277 277 276 276 276 275 275 275 275 274 274 274 273 273 273 273 272 272 272 271 271 271 270 270 270 269 269 269 268 268 268 267 267 267 265 265 265 264 264 263 263 263 262 262 262 261 260 259 259 259 258 258 257 257 257 255 255 254 254 254 253
282 282 282 282 281 281 282 282 282 281 281 281 281 281 280 281 281 281 280 280 280 280 279 279 279 279 279 279 279 279 278 278 278 278 277 277 277 276 276 276 276 275 275 275 274 274 274 274 273 273 273 272 272 272 271 271 271 270 270 270 269 269 269 268 268 268 267 267 267 265 265 265 264 264 264 263 263 262 262 262 260 260 259 259 259 258 258 257 257 256 255 255 254 254
283 283 283 282 282 283 283 283 282 282 282 282 281 281 282 282 282 281 281 281 281 280 280 280 280 280 280 280 280 279 279 279 279 278 278 278 277 277 277 277 276 276 276 275 275 275 275 274 274 274 273 273 273 272 272 272 272 271 271 271 270 270 270 269 269 269 268 268 267 267 266 265 265 265 264 264 264 263 263 262 262 261 260 260 260 259 259 258 258 257 256 256 255 255
