testData/tiles/oneDegreeCosts/grid26.0-47.0-27.0-48.0.asc
ncols   200
nrows   200
xllcorner   26.0
yllcorner   47.0
cellsize   0.005
NODATA_value   -9999.0
[rows 42 to 83 of 200, columns 94 to 187 of 200]
232 233 234 235 235 236 238 238 239 240 241 242 243 244 245 245 246 248 248 249 250 251 252 252 253 255 255 256 257 258 259 259 260 304 304 305 305 307 308 308 309 309 311 312 312 313 314 315 315 316 317 318 319 319 320 320 322 322 323 324 324 325 326 327 327 328 328 329 329 331 331 332 332 333 333 334 334 336 336 337 305 306 306 307 307 308 308 309 309 310 310 311 311 312
232 233 234 235 236 237 238 239 240 240 242 242 243 244 245 246 247 247 249 250 250 251 252 253 254 254 256 256 257 258 259 260 261 303 305 305 306 307 308 309 309 310 310 312 313 313 314 315 316 317 317 318 319 320 320 321 321 322 324 324 325 325 326 326 328 328 329 329 330 331 331 333 333 334 334 335 335 336 336 337 337 307 307 308 308 309 309 310 310 310 311 311 312 312
233 234 234 236 236 237 238 239 240 241 241 243 244 244 245 247 247 248 248 250 251 251 253 254 254 255 255 257 258 258 259 260 261 304 304 306 306 307 308 309 310 310 311 312 313 314 314 315 316 317 318 318 319 319 321 322 322 323 323 325 325 326 326 327 327 328 330 330 331 331 332 332 333 333 335 335 336 336 337 337 338 307 307 307 308 308 310 310 311 311 312 312 313 313
233 234 235 235 237 238 238 239 241 241 242 242 244 245 245 247 248 248 249 251 251 252 252 254 255 255 256 258 258 259 259 260 262 304 305 305 307 308 308 309 310 311 312 312 313 314 315 316 316 317 318 319 319 320 321 322 323 323 324 324 325 326 327 328 328 329 329 330 331 332 332 333 333 334 334 335 335 337 337 338 338 339 307 308 308 309 309 310 310 311 311 312 312 313
233 234 235 236 236 238 239 239 241 242 242 243 245 245 246 247 248 249 249 250 252 252 253 254 255 256 256 257 259 259 260 261 262 305 305 306 307 308 309 309 310 312 312 313 313 314 316 316 317 317 318 319 320 321 321 322 322 324 324 325 325 326 327 328 329 329 330 330 331 331 333 333 334 334 335 336 336 337 337 338 339 340 340 309 309 310 310 310 311 311 312 312 313 313
233 234 236 236 237 239 239 240 241 242 243 243 244 246 246 247 248 249 250 251 251 253 253 254 255 256 257 258 258 260 260 261 262 305 306 307 307 308 309 310 311 311 313 313 314 315 315 317 317 318 318 319 320 321 322 322 323 323 325 326 326 327 327 328 328 330 330 331 331 332 333 333 334 335 336 336 337 337 338 338 339 339 340 340 309 310 311 311 312 312 313 313 314 314
234 234 236 237 237 238 240 240 241 242 243 244 245 245 247 248 248 249 250 251 252 252 254 255 255 256 258 258 259 259 261 262 262 305 306 307 308 308 309 310 311 312 312 313 314 315 316 316 317 318 319 320 320 321 322 323 323 324 325 325 327 327 328 328 329 329 330 332 332 333 333 334 334 335 335 336 337 338 338 339 339 340 340 341 309 310 310 311 311 312 312 313 313 314
234 235 236 237 238 239 239 241 242 242 244 244 245 246 247 248 249 249 251 252 252 253 255 255 256 256 257 259 259 260 261 262 263 305 306 308 308 309 309 310 312 312 313 313 314 316 316 317 317 318 320 320 321 321 322 322 324 325 325 326 326 327 328 329 330 330 331 331 332 333 334 334 335 335 336 336 337 337 338 339 340 340 341 341 342 310 311 311 312 312 313 313 314 314
235 235 236 237 238 239 240 241 242 243 243 245 246 246 247 249 249 250 250 252 253 253 254 256 256 257 258 258 260 260 261 262 263 306 307 307 309 309 310 311 311 313 313 314 315 315 317 317 318 319 319 321 321 322 322 323 324 325 326 326 327 327 328 329 330 331 331 332 332 333 333 334 335 336 337 337 338 338 339 339 340 340 341 341 343 343 312 312 313 313 314 314 315 315
235 236 237 237 239 240 240 241 242 243 244 244 246 247 247 248 250 250 251 252 253 254 255 255 257 257 258 259 259 261 262 262 305 306 307 308 308 309 311 311 312 312 314 315 315 316 316 318 319 319 320 320 321 322 323 324 324 325 325 327 327 328 329 329 330 330 332 332 333 333 334 335 335 336 336 338 338 339 339 340 340 341 341 342 342 343 343 312 312 313 313 314 314 315
235 236 237 238 238 240 241 241 242 244 244 245 246 247 248 249 249 251 251 252 253 254 255 256 256 258 259 259 260 261 262 263 305 306 308 308 309 309 310 312 312 313 313 314 316 316 317 317 318 320 320 321 321 322 324 324 325 325 326 326 327 329 329 330 330 331 331 332 334 334 335 335 336 336 337 337 338 338 340 340 341 341 342 342 343 343 344 312 313 313 314 314 315 315
235 236 237 238 239 239 241 242 242 243 245 245 246 247 248 249 250 250 252 253 253 254 256 256 257 257 259 260 260 261 263 263 306 306 307 309 309 310 311 311 313 313 314 315 315 317 317 318 319 319 321 321 322 323 323 324 325 326 326 327 328 328 329 330 331 331 332 333 333 334 334 336 336 337 337 338 338 339 339 340 341 341 342 343 344 344 345 345 314 314 315 315 315 316
236 236 238 239 239 240 242 242 243 244 245 246 247 247 249 250 250 251 252 253 254 254 255 257 257 258 259 260 261 262 262 263 306 307 308 308 310 311 311 312 312 314 315 315 316 316 318 319 319 320 320 321 323 323 324 324 325 325 327 328 328 329 329 330 330 332 333 333 334 334 335 335 336 336 338 339 339 340 340 341 341 342 342 343 343 344 344 345 345 314 314 315 316 317
236 237 237 239 240 240 241 243 243 244 245 246 247 248 248 250 251 251 252 254 254 255 256 256 258 258 259 260 261 262 263 263 306 308 308 309 309 311 312 312 313 314 315 316 316 317 318 318 320 320 321 322 322 324 324 325 325 326 327 327 329 329 330 330 331 332 332 334 334 335 335 336 336 337 338 338 339 340 341 341 342 342 343 343 344 344 345 345 346 314 315 315 316 316
237 237 238 239 240 241 242 242 244 245 245 246 248 248 249 249 251 252 252 253 255 255 256 257 257 259 260 260 261 263 263 264 306 307 309 309 310 311 311 313 313 314 315 315 317 317 318 319 319 321 321 322 323 323 324 325 326 327 327 328 328 329 331 331 332 332 333 333 334 334 336 337 337 338 338 339 339 340 340 341 341 342 343 344 344 345 345 346 346 347 315 316 316 317
236 238 238 239 240 241 242 243 243 245 246 246 247 249 249 250 251 252 253 254 254 256 257 257 258 258 260 261 261 262 264 264 307 308 308 310 310 311 312 312 314 315 315 316 316 318 319 319 320 320 321 323 323 324 324 325 326 327 328 328 329 330 330 331 332 333 333 334 334 335 336 336 337 338 339 339 340 340 341 341 342 343 343 344 344 345 345 346 346 348 348 317 317 318
236 237 239 239 240 242 242 243 244 244 246 247 247 248 250 250 251 252 253 254 255 255 257 258 258 259 260 261 262 263 263 265 307 308 309 309 311 312 312 313 313 315 316 316 317 318 319 320 320 321 322 322 324 324 325 326 326 327 327 329 330 330 331 331 332 332 334 335 335 336 336 337 337 338 338 339 340 341 342 342 343 343 344 344 345 345 346 346 347 347 348 317 317 317
237 238 239 240 241 241 243 244 244 245 247 247 248 249 249 251 252 252 253 255 255 256 257 258 259 259 260 261 262 263 264 264 308 309 309 310 311 312 313 313 314 315 316 317 317 318 319 319 321 322 322 323 323 324 326 326 327 327 328 328 329 331 331 332 332 333 334 334 335 336 337 337 338 338 339 340 340 341 341 342 342 344 344 345 345 346 346 347 347 348 348 349 317 318
237 238 239 240 241 242 242 244 245 245 246 248 248 249 250 251 252 253 253 254 256 256 257 258 259 260 261 261 262 264 264 265 307 309 310 310 311 312 313 314 315 315 316 316 318 319 319 320 320 322 323 323 324 325 325 326 327 328 328 329 330 330 331 332 333 334 334 335 335 336 336 337 339 339 340 340 341 341 342 342 343 343 344 344 345 345 346 348 348 349 349 350 350 319
239 238 239 240 241 242 243 244 245 246 247 247 249 250 250 251 253 253 254 255 255 257 258 258 259 260 261 262 262 263 265 265 308 309 309 311 312 312 313 313 315 316 316 317 318 319 320 320 321 322 322 324 324 325 326 326 327 327 329 330 330 331 331 332 333 334 335 335 336 336 337 338 338 339 339 341 341 342 342 343 343 344 345 345 346 346 347 347 348 348 349 349 350 319
238 240 240 240 241 243 243 244 245 246 247 248 248 250 251 251 252 254 254 255 256 256 258 259 259 260 262 262 263 264 264 266 308 309 310 310 312 313 313 314 315 316 317 317 318 319 319 321 322 322 323 323 324 326 326 327 327 328 329 329 331 331 332 333 333 334 334 335 336 337 338 338 339 339 340 340 341 341 342 343 344 345 345 346 346 347 347 348 348 349 349 350 350 351
239 240 241 241 241 243 244 244 245 246 247 248 249 249 251 252 252 253 255 255 256 257 257 259 260 260 261 263 263 264 265 265 309 310 310 311 312 313 314 314 315 316 316 318 319 319 320 320 322 323 323 324 325 325 326 327 328 329 329 330 330 331 333 333 334 334 335 335 336 337 337 339 339 340 340 341 342 342 343 343 344 344 345 345 346 346 348 348 349 349 350 350 351 351
240 240 241 241 242 243 244 245 246 246 247 249 249 250 251 252 253 254 254 256 257 257 258 259 260 261 262 262 264 265 265 266 308 310 311 311 312 313 313 315 316 316 317 317 319 320 320 321 322 322 324 324 325 326 326 327 328 329 330 330 331 331 332 333 334 335 335 336 337 337 338 338 339 339 341 342 342 343 343 344 344 345 345 346 346 347 348 348 349 349 350 350 351 351
241 240 241 243 242 243 244 245 246 247 247 249 250 250 251 252 253 254 255 255 257 258 258 259 260 261 262 263 263 264 266 266 309 310 310 312 313 313 314 314 316 317 317 318 319 319 321 322 322 323 323 324 326 326 327 327 328 329 329 331 331 332 333 333 334 334 335 337 337 338 338 339 339 340 341 341 342 342 344 344 345 345 346 347 347 348 348 349 349 350 350 351 351 352
241 242 241 242 244 243 244 245 246 247 248 248 250 251 252 252 253 255 255 256 257 258 259 260 260 261 263 263 264 265 265 267 309 310 311 311 313 314 314 315 316 317 318 319 319 320 320 322 323 323 324 325 325 326 327 328 329 329 330 330 331 333 333 334 334 335 336 336 337 337 339 339 340 341 341 342 342 343 343 344 345 345 346 346 348 348 349 349 350 350 351 351 352 352
241 242 243 242 243 245 245 245 246 248 248 249 250 251 252 253 253 254 256 256 257 258 259 260 261 261 262 264 264 265 266 266 310 311 311 312 313 314 315 315 316 317 317 319 320 320 321 322 322 324 324 325 326 326 327 328 329 330 330 331 332 332 333 334 335 336 336 337 337 338 338 339 340 341 342 342 343 343 344 345 345 346 346 347 347 348 348 349 349 350 350 351 352 352
242 243 243 244 244 244 246 246 246 247 249 249 250 251 252 253 254 254 255 257 257 258 259 259 261 262 262 263 265 265 266 267 309 311 312 312 313 314 314 316 317 317 318 319 320 321 321 322 323 323 324 326 326 327 327 328 329 329 331 331 332 333 333 334 335 335 337 337 338 338 339 340 340 341 341 342 342 344 345 345 346 346 347 347 348 348 349 350 350 351 351 352 352 353
242 243 244 244 245 245 245 247 247 247 248 250 251 251 252 254 254 255 256 256 258 259 259 260 261 262 263 264 264 265 267 267 310 311 311 313 314 314 315 315 317 318 318 319 320 320 322 323 323 324 324 325 326 327 328 329 329 330 330 331 333 333 334 334 335 336 336 337 337 339 340 340 341 341 342 342 343 344 344 345 345 346 346 348 349 349 350 350 351 351 352 352 353 353
243 243 244 245 245 246 246 247 248 248 249 249 251 252 252 253 255 255 256 257 257 259 260 260 261 262 263 264 265 265 266 268 310 311 312 312 314 315 315 316 317 317 319 320 320 321 321 322 324 324 325 326 326 327 328 329 330 330 331 332 332 333 334 335 336 336 337 337 338 339 339 340 341 342 342 343 344 344 345 345 346 346 347 348 348 349 349 350 350 351 351 352 352 353
244 244 244 245 246 247 246 247 249 248 249 250 250 252 253 253 254 256 256 257 258 259 260 261 262 262 263 265 265 266 267 267 311 312 312 313 314 314 316 316 317 318 318 320 321 321 322 323 323 324 326 326 327 327 328 329 329 331 332 332 333 333 334 335 335 337 337 338 339 339 340 340 341 341 342 343 344 345 345 346 346 347 348 348 349 349 350 350 351 351 352 353 353 354
243 245 245 246 246 247 248 247 248 250 249 250 251 252 253 254 255 255 256 258 258 259 260 261 262 263 263 264 266 266 267 268 310 312 313 313 314 315 315 317 318 318 319 320 320 322 322 323 324 324 325 327 327 328 329 329 330 330 331 333 333 334 334 335 336 336 337 338 339 340 340 341 341 342 343 343 344 344 345 346 346 347 348 349 349 350 350 351 352 352 353 353 354 354
244 245 245 246 247 247 248 249 248 249 251 251 251 252 253 254 255 256 256 257 259 259 260 261 261 263 264 264 265 266 267 268 311 311 312 314 314 315 316 316 317 319 319 320 321 321 322 324 324 325 326 326 327 328 329 330 330 331 332 332 333 334 335 336 336 337 337 338 339 339 340 341 342 343 343 344 344 345 346 346 347 347 348 348 349 349 350 351 351 352 352 353 353 354
244 245 246 246 247 248 248 249 250 250 250 252 252 252 253 254 255 256 257 258 258 260 261 261 262 263 264 265 266 266 267 269 311 312 313 313 315 316 316 317 318 318 320 321 321 322 322 323 324 325 326 327 327 328 329 329 331 331 332 333 333 334 335 335 337 337 338 339 339 340 340 341 342 342 343 344 345 346 346 347 347 348 348 349 350 350 351 351 352 352 353 353 354 354
246 245 246 247 248 248 249 249 250 251 251 251 252 253 254 254 255 257 257 258 259 259 261 262 262 263 264 265 266 267 267 268 312 312 313 314 314 315 317 317 318 319 319 320 322 322 323 324 324 325 327 327 328 328 329 330 330 331 333 333 334 334 335 336 336 337 338 339 340 340 341 342 342 343 343 344 345 345 346 346 347 348 349 350 350 351 351 352 352 353 353 354 354 355
246 247 247 247 248 249 249 250 250 251 252 252 253 253 254 255 255 256 258 258 259 260 260 262 263 263 264 265 267 267 268 269 311 312 314 314 315 316 316 318 319 319 320 321 321 322 323 324 325 325 326 327 328 329 330 330 331 332 332 333 334 335 336 336 337 337 338 339 339 340 342 342 343 343 344 344 345 346 346 347 347 348 349 349 350 350 351 351 352 352 353 355 355 356
246 247 248 248 248 249 250 250 251 251 253 252 253 254 254 255 256 256 257 259 260 260 261 262 263 264 265 265 266 267 268 269 312 312 313 315 315 316 317 317 318 320 320 321 322 322 323 325 325 326 327 327 328 328 329 331 331 332 333 333 334 335 335 337 337 338 339 339 340 340 341 342 342 343 344 345 346 346 347 347 348 349 349 350 350 351 351 352 353 353 354 354 355 355
247 247 248 249 249 249 249 251 252 251 252 254 253 254 255 255 256 257 258 258 259 261 261 262 263 263 265 266 266 267 268 269 312 313 313 314 315 317 317 318 318 319 320 321 322 323 323 324 325 326 327 328 328 329 330 330 331 333 333 334 334 335 336 336 337 338 339 340 340 341 342 342 343 343 344 345 345 346 346 347 349 349 350 350 351 351 352 353 353 354 354 355 355 356
247 248 248 249 249 250 251 251 252 253 252 253 255 255 255 256 256 257 258 259 259 260 262 262 263 264 265 266 267 268 268 269 312 313 314 315 315 316 318 318 319 320 320 321 322 323 324 325 325 326 327 328 329 329 330 331 331 332 333 334 335 336 336 337 337 338 339 339 340 342 342 343 343 344 345 345 346 346 347 348 348 349 349 350 350 351 352 352 354 354 355 355 356 356
248 248 248 249 251 250 251 252 252 253 254 254 254 256 256 256 257 257 258 259 260 261 261 263 264 264 265 266 267 268 269 269 312 313 314 315 316 316 317 318 319 320 321 321 322 323 324 325 326 326 327 328 328 329 331 331 332 333 333 334 334 335 337 337 338 339 339 340 340 341 342 342 343 345 345 346 346 347 348 348 349 349 350 350 351 352 352 353 353 354 354 355 356 356
247 249 250 249 250 252 251 252 253 253 254 255 255 255 257 257 257 257 258 260 260 261 262 262 263 265 265 266 267 267 269 312 312 313 314 315 316 317 318 318 319 320 321 322 323 323 324 325 326 327 328 328 329 329 330 331 332 333 334 334 335 336 336 337 337 339 340 340 341 342 342 343 343 344 345 345 346 346 348 349 349 350 350 351 352 352 353 353 354 354 355 356 356 357
248 248 250 251 250 251 253 252 253 254 254 255 256 256 256 256 258 259 258 259 260 261 262 263 263 264 266 267 267 268 269 270 313 314 314 315 316 317 318 319 319 320 321 322 323 324 324 325 326 326 328 329 329 330 331 331 332 333 334 335 335 336 337 337 338 339 339 340 341 342 343 343 344 345 345 346 346 347 348 348 349 349 350 351 351 352 353 354 354 355 356 356 357 357
249 250 250 251 252 251 252 254 254 254 254 255 256 256 257 258 258 259 260 259 260 261 262 263 264 265 265 267 268 268 269 270 312 314 315 315 316 317 317 319 320 320 321 322 323 324 325 326 326 327 327 328 329 330 331 332 332 333 334 334 335 337 337 338 339 339 340 340 341 342 342 343 345 345 346 346 347 348 348 349 349 350 351 351 352 352 353 353 354 355 355 356 356 357
