testData/tiles/oneDegreeCosts/grid48.0-18.0-49.0-19.0.asc
ncols   200
nrows   200
xllcorner   48.0
yllcorner   18.0
cellsize   0.005
NODATA_value   -9999.0
[rows 126 to 167 of 200, columns 0 to 93 of 200]
736 736 736 735 735 735 735 735 735 735 735 735 735 735 735 735 735 734 734 734 734 734 734 734 734 734 734 734 733 733 733 733 733 733 733 733 733 732 732 732 732 732 732 732 731 731 731 731 731 731 731 730 730 730 730 730 730 836 836 836 836 836 836 835 835 835 835 835 834 834 834 834 834 833 833 833 833 832 832 832 832 831 831 831 831 830 830 830 830 829 829 829 828 828
736 736 736 736 736 736 736 736 735 735 735 735 735 735 735 735 735 735 735 735 735 734 734 734 734 734 734 734 734 734 734 733 733 733 733 733 733 733 733 732 732 732 732 732 732 732 732 731 731 731 731 731 731 730 730 730 730 837 837 836 836 836 836 836 836 835 835 835 835 835 834 834 834 834 833 833 833 833 833 832 832 832 832 831 831 831 831 830 830 830 829 829 829 829
736 736 736 736 736 736 736 736 736 736 736 736 736 735 735 735 735 735 735 735 735 735 735 735 735 734 734 734 734 734 734 734 734 734 733 733 733 733 733 733 733 733 732 732 732 732 732 732 732 731 731 731 731 731 731 731 730 730 837 837 837 836 836 836 836 836 836 835 835 835 835 835 834 834 834 834 833 833 833 833 832 832 832 832 831 831 831 831 830 830 830 830 829 829
737 737 736 736 736 736 736 736 736 736 736 736 736 736 736 736 736 735 735 735 735 735 735 735 735 735 735 735 734 734 734 734 734 734 734 734 734 733 733 733 733 733 733 733 733 732 732 732 732 732 732 731 731 731 731 731 731 731 837 837 837 837 837 836 836 836 836 836 836 835 835 835 835 834 834 834 834 834 833 833 833 833 832 832 832 832 831 831 831 831 830 830 830 829
737 737 737 737 737 737 737 736 736 736 736 736 736 736 736 736 736 736 736 736 736 735 735 735 735 735 735 735 735 735 735 734 734 734 734 734 734 734 734 733 733 733 733 733 733 733 733 732 732 732 732 732 732 732 731 731 731 731 838 838 837 837 837 837 837 836 836 836 836 836 835 835 835 835 835 834 834 834 834 833 833 833 833 833 832 832 832 832 831 831 831 830 830 830
737 737 737 737 737 737 737 737 737 737 737 737 736 736 736 736 736 736 736 736 736 736 736 736 735 735 735 735 735 735 735 735 735 735 734 734 734 734 734 734 734 734 733 733 733 733 733 733 733 732 732 732 732 732 732 732 731 731 838 838 838 838 837 837 837 837 837 836 836 836 836 836 835 835 835 835 835 834 834 834 834 833 833 833 833 832 832 832 832 831 831 831 831 830
737 737 737 737 737 737 737 737 737 737 737 737 737 737 737 737 736 736 736 736 736 736 736 736 736 736 736 735 735 735 735 735 735 735 735 735 734 734 734 734 734 734 734 734 733 733 733 733 733 733 733 732 732 732 732 732 732 732 838 838 838 838 838 838 837 837 837 837 837 836 836 836 836 836 835 835 835 835 834 834 834 834 834 833 833 833 833 832 832 832 832 831 831 831
738 738 738 738 738 737 737 737 737 737 737 737 737 737 737 737 737 737 737 736 736 736 736 736 736 736 736 736 736 736 735 735 735 735 735 735 735 735 735 734 734 734 734 734 734 734 734 733 733 733 733 733 733 733 732 732 732 732 839 839 838 838 838 838 838 837 837 837 837 837 837 836 836 836 836 836 835 835 835 835 834 834 834 834 833 833 833 833 832 832 832 832 831 831
738 738 738 738 738 738 738 738 738 738 737 737 737 737 737 737 737 737 737 737 737 737 737 736 736 736 736 736 736 736 736 736 736 735 735 735 735 735 735 735 735 734 734 734 734 734 734 734 734 733 733 733 733 733 733 733 732 732 839 839 839 839 838 838 838 838 838 837 837 837 837 837 836 836 836 836 836 835 835 835 835 835 834 834 834 834 833 833 833 833 832 832 832 831
738 738 738 738 738 738 738 738 738 738 738 738 738 738 737 737 737 737 737 737 737 737 737 737 737 737 736 736 736 736 736 736 736 736 736 736 735 735 735 735 735 735 735 735 734 734 734 734 734 734 734 733 733 733 733 733 733 733 733 839 839 839 839 839 838 838 838 838 838 837 837 837 837 837 836 836 836 836 836 835 835 835 835 834 834 834 834 833 833 833 833 832 832 832
739 739 739 738 738 738 738 738 738 738 738 738 738 738 738 738 738 738 737 737 737 737 737 737 737 737 737 737 737 736 736 736 736 736 736 736 736 736 735 735 735 735 735 735 735 735 734 734 734 734 734 734 734 733 733 733 733 733 733 840 839 839 839 839 839 838 838 838 838 838 838 837 837 837 837 837 836 836 836 836 835 835 835 835 835 834 834 834 834 833 833 833 833 832
739 739 739 739 739 739 739 738 738 738 738 738 738 738 738 738 738 738 738 738 738 737 737 737 737 737 737 737 737 737 737 737 736 736 736 736 736 736 736 736 736 735 735 735 735 735 735 735 734 734 734 734 734 734 734 733 733 733 733 840 840 839 839 839 839 839 839 838 838 838 838 838 837 837 837 837 837 836 836 836 836 836 835 835 835 835 834 834 834 834 833 833 833 833
739 739 739 739 739 739 739 739 739 739 739 739 738 738 738 738 738 738 738 738 738 738 738 738 737 737 737 737 737 737 737 737 737 737 736 736 736 736 736 736 736 736 736 735 735 735 735 735 735 735 734 734 734 734 734 734 734 733 733 840 840 840 840 839 839 839 839 839 839 838 838 838 838 838 837 837 837 837 837 836 836 836 836 835 835 835 835 835 834 834 834 833 833 833
739 739 739 739 739 739 739 739 739 739 739 739 739 739 739 738 738 738 738 738 738 738 738 738 738 738 738 737 737 737 737 737 737 737 737 737 737 736 736 736 736 736 736 736 736 735 735 735 735 735 735 735 734 734 734 734 734 734 734 840 840 840 840 840 840 839 839 839 839 839 838 838 838 838 838 838 837 837 837 837 836 836 836 836 836 835 835 835 835 834 834 834 834 833
740 740 740 740 739 739 739 739 739 739 739 739 739 739 739 739 739 739 739 738 738 738 738 738 738 738 738 738 738 738 737 737 737 737 737 737 737 737 737 736 736 736 736 736 736 736 736 735 735 735 735 735 735 735 734 734 734 734 734 841 841 840 840 840 840 840 840 839 839 839 839 839 838 838 838 838 838 837 837 837 837 837 836 836 836 836 835 835 835 835 834 834 834 834
740 740 740 740 740 740 740 740 739 739 739 739 739 739 739 739 739 739 739 739 739 739 738 738 738 738 738 738 738 738 738 738 738 737 737 737 737 737 737 737 737 737 736 736 736 736 736 736 736 735 735 735 735 735 735 735 734 734 734 734 841 841 841 840 840 840 840 840 839 839 839 839 839 839 838 838 838 838 838 837 837 837 837 836 836 836 836 836 835 835 835 835 834 834
740 740 740 740 740 740 740 740 740 740 740 740 739 739 739 739 739 739 739 739 739 739 739 739 739 738 738 738 738 738 738 738 738 738 738 737 737 737 737 737 737 737 737 737 736 736 736 736 736 736 736 735 735 735 735 735 735 735 734 734 841 841 841 841 840 840 840 840 840 840 839 839 839 839 839 838 838 838 838 838 837 837 837 837 837 836 836 836 836 835 835 835 835 834
740 740 740 740 740 740 740 740 740 740 740 740 740 740 740 740 739 739 739 739 739 739 739 739 739 739 739 739 738 738 738 738 738 738 738 738 738 738 737 737 737 737 737 737 737 737 736 736 736 736 736 736 736 735 735 735 735 735 735 735 841 841 841 841 841 841 840 840 840 840 840 840 839 839 839 839 839 838 838 838 838 838 837 837 837 837 836 836 836 836 934 934 934 934
741 741 741 741 740 740 740 740 740 740 740 740 740 740 740 740 740 740 740 739 739 739 739 739 739 739 739 739 739 739 738 738 738 738 738 738 738 738 738 738 737 737 737 737 737 737 737 737 736 736 736 736 736 736 736 735 735 735 735 735 842 842 841 841 841 841 841 841 840 840 840 840 840 839 839 839 839 839 838 838 838 838 838 837 837 936 936 935 935 935 935 935 934 934
741 741 741 741 741 741 741 741 740 740 740 740 740 740 740 740 740 740 740 740 740 740 739 739 739 739 739 739 739 739 739 739 739 738 738 738 738 738 738 738 738 738 737 737 737 737 737 737 737 737 736 736 736 736 736 736 736 735 735 735 842 842 842 841 841 841 841 841 841 840 840 840 840 840 840 839 839 839 839 839 838 937 937 937 936 936 936 936 936 935 935 935 935 934
741 741 741 741 741 741 741 741 741 741 741 741 740 740 740 740 740 740 740 740 740 740 740 740 740 739 739 739 739 739 739 739 739 739 739 738 738 738 738 738 738 738 738 738 737 737 737 737 737 737 737 737 736 736 736 736 736 736 736 735 735 842 842 842 842 841 841 841 841 841 841 840 840 840 840 840 839 938 938 938 938 937 937 937 937 937 936 936 936 936 935 935 935 935
741 741 741 741 741 741 741 741 741 741 741 741 741 741 741 740 740 740 740 740 740 740 740 740 740 740 740 740 739 739 739 739 739 739 739 739 739 739 738 738 738 738 738 738 738 738 737 737 737 737 737 737 737 737 736 736 736 736 736 736 735 842 842 842 842 842 842 841 841 841 841 841 840 939 939 939 939 938 938 938 938 938 937 937 937 937 937 936 936 936 936 935 935 935
742 742 742 741 741 741 741 741 741 741 741 741 741 741 741 741 741 741 741 740 740 740 740 740 740 740 740 740 740 740 739 739 739 739 739 739 739 739 739 739 738 738 738 738 738 738 738 738 737 737 737 737 737 737 737 736 736 736 736 736 736 843 842 842 842 842 842 842 841 940 940 940 940 940 939 939 939 939 939 938 938 938 938 938 937 937 937 937 936 936 936 936 935 935
742 742 742 742 742 742 742 741 741 741 741 741 741 741 741 741 741 741 741 741 741 741 740 740 740 740 740 740 740 740 740 740 740 739 739 739 739 739 739 739 739 739 738 738 738 738 738 738 738 738 737 737 737 737 737 737 737 736 736 736 736 843 843 843 842 941 941 941 941 941 940 940 940 940 940 939 939 939 939 939 938 938 938 938 938 937 937 937 937 936 936 936 936 936
742 742 742 742 742 742 742 742 742 742 742 741 741 741 741 741 741 741 741 741 741 741 741 741 740 740 740 740 740 740 740 740 740 740 740 739 739 739 739 739 739 739 739 739 738 738 738 738 738 738 738 738 737 737 737 737 737 737 737 736 736 736 942 942 942 941 941 941 941 941 941 940 940 940 940 940 940 939 939 939 939 939 938 938 938 938 937 937 937 937 937 936 936 936
742 742 742 742 742 742 742 742 742 742 742 742 742 742 741 741 741 741 741 741 741 741 741 741 741 741 741 740 740 740 740 740 740 740 740 740 740 739 739 739 739 739 739 739 739 739 738 738 738 738 738 738 738 738 737 737 737 737 836 836 835 835 942 942 942 942 942 941 941 941 941 941 941 940 940 940 940 940 939 939 939 939 939 938 938 938 938 938 937 937 937 937 936 936
742 742 742 742 742 742 742 742 742 742 742 742 742 742 742 742 742 741 741 741 741 741 741 741 741 741 741 741 741 740 740 740 740 740 740 740 740 740 740 739 739 739 739 739 739 739 739 739 738 738 738 738 738 738 738 836 836 836 836 836 836 836 942 942 942 942 942 942 941 941 941 941 941 941 940 940 940 940 940 939 939 939 939 939 938 938 938 938 938 937 937 937 937 936
743 743 743 743 743 742 742 742 742 742 742 742 742 742 742 742 742 742 742 742 741 741 741 741 741 741 741 741 741 741 741 741 740 740 740 740 740 740 740 740 740 739 739 739 739 739 739 739 739 739 738 837 837 837 837 837 837 836 836 836 836 836 836 943 942 942 942 942 942 942 941 941 941 941 941 940 940 940 940 940 939 939 939 939 939 938 938 938 938 938 937 937 937 937
743 743 743 743 743 743 743 743 742 742 742 742 742 742 742 742 742 742 742 742 742 742 742 741 741 741 741 741 741 741 741 741 741 741 740 740 740 740 740 740 740 740 740 739 739 739 739 739 838 838 838 837 837 837 837 837 837 837 837 836 836 836 836 943 943 942 942 942 942 942 942 941 941 941 941 941 941 940 940 940 940 940 939 939 939 939 939 938 938 938 938 937 937 937
743 743 743 743 743 743 743 743 743 743 743 743 742 742 742 742 742 742 742 742 742 742 742 742 742 741 741 741 741 741 741 741 741 741 741 741 740 740 740 740 740 740 740 740 740 838 838 838 838 838 838 838 838 837 837 837 837 837 837 837 836 836 836 943 943 943 943 942 942 942 942 942 941 941 941 941 941 941 940 940 940 940 940 939 939 939 939 939 938 938 938 938 937 937
743 743 743 743 743 743 743 743 743 743 743 743 743 743 743 742 742 742 742 742 742 742 742 742 742 742 742 742 741 741 741 741 741 741 741 741 741 741 740 740 740 740 839 839 839 839 839 838 838 838 838 838 838 838 838 837 837 837 837 837 837 837 836 943 943 943 943 943 942 942 942 942 942 942 941 941 941 941 941 940 940 940 940 940 939 939 939 939 939 938 938 938 938 937
744 743 743 743 743 743 743 743 743 743 743 743 743 743 743 743 743 743 742 742 742 742 742 742 742 742 742 742 742 742 741 741 741 741 741 741 741 741 741 840 839 839 839 839 839 839 839 839 839 838 838 838 838 838 838 838 837 837 837 837 837 837 837 837 943 943 943 943 943 942 942 942 942 942 942 941 941 941 941 941 940 940 940 940 940 939 939 939 939 939 938 938 938 861
744 744 744 744 744 743 743 743 743 743 743 743 743 743 743 743 743 743 743 743 743 742 742 742 742 742 742 742 742 742 742 742 741 741 741 741 840 840 840 840 840 840 839 839 839 839 839 839 839 839 838 838 838 838 838 838 838 838 837 837 837 837 837 837 943 943 943 943 943 943 943 942 942 942 942 942 941 941 941 941 941 941 940 940 940 940 940 939 939 939 939 938 861 861
744 744 744 744 744 744 744 744 743 743 743 743 743 743 743 743 743 743 743 743 743 743 743 742 742 742 742 742 742 742 742 742 742 841 840 840 840 840 840 840 840 840 840 840 839 839 839 839 839 839 839 839 838 838 838 838 838 838 838 837 837 837 837 837 944 944 943 943 943 943 943 943 942 942 942 942 942 942 941 941 941 941 941 940 940 940 940 940 939 939 939 862 861 861
744 744 744 744 744 744 744 744 744 744 744 744 743 743 743 743 743 743 743 743 743 743 743 743 743 742 742 742 742 742 841 841 841 841 841 841 840 840 840 840 840 840 840 840 840 839 839 839 839 839 839 839 839 839 838 838 838 838 838 838 838 837 837 837 837 944 944 943 943 943 943 943 943 942 942 942 942 942 942 941 941 941 941 941 940 940 940 940 940 939 862 862 862 861
744 744 744 744 744 744 744 744 744 744 744 744 744 744 744 743 743 743 743 743 743 743 743 743 743 743 743 743 841 841 841 841 841 841 841 841 841 841 840 840 840 840 840 840 840 840 840 839 839 839 839 839 839 839 839 838 838 838 838 838 838 838 837 837 837 944 944 944 944 943 943 943 943 943 942 942 942 942 942 942 941 941 941 941 941 940 940 940 863 863 862 862 862 862
744 744 744 744 744 744 744 744 744 744 744 744 744 744 744 744 744 743 743 743 743 743 743 743 743 842 842 842 842 842 841 841 841 841 841 841 841 841 841 841 840 840 840 840 840 840 840 840 840 839 839 839 839 839 839 839 839 838 838 838 838 838 838 837 837 944 944 944 944 944 943 943 943 943 943 943 942 942 942 942 942 941 941 941 941 941 940 863 863 863 863 862 862 862
745 745 745 744 744 744 744 744 744 744 744 744 744 744 744 744 744 744 744 744 743 743 842 842 842 842 842 842 842 842 842 842 841 841 841 841 841 841 841 841 841 841 840 840 840 840 840 840 840 840 839 839 839 839 839 839 839 839 838 838 838 838 838 838 838 838 944 944 944 944 944 943 943 943 943 943 943 942 942 942 942 942 941 941 941 941 864 863 863 863 863 863 862 862
745 745 745 745 745 745 745 744 744 744 744 744 744 744 744 744 744 744 744 744 843 843 842 842 842 842 842 842 842 842 842 842 842 842 841 841 841 841 841 841 841 841 841 841 840 840 840 840 840 840 840 840 839 839 839 839 839 839 839 838 838 838 838 838 838 838 944 944 944 944 944 944 943 943 943 943 943 943 942 942 942 942 942 941 941 864 864 864 863 863 863 863 863 862
745 745 745 745 745 745 745 745 745 745 744 744 744 744 744 744 744 843 843 843 843 843 843 843 843 842 842 842 842 842 842 842 842 842 842 842 841 841 841 841 841 841 841 841 841 840 840 840 840 840 840 840 840 839 839 839 839 839 839 839 839 838 838 838 838 838 945 944 944 944 944 944 944 943 943 943 943 943 943 942 942 942 942 942 864 864 864 864 864 863 863 863 863 863
745 745 745 745 745 745 745 745 745 745 745 745 745 744 744 843 843 843 843 843 843 843 843 843 843 843 843 842 842 842 842 842 842 842 842 842 842 842 841 841 841 841 841 841 841 841 841 840 840 840 840 840 840 840 840 839 839 839 839 839 839 839 838 838 838 838 838 945 945 944 944 944 944 944 944 943 943 943 943 943 942 942 942 865 865 864 864 864 864 864 863 863 863 863
745 745 745 745 745 745 745 745 745 745 745 745 844 844 844 844 843 843 843 843 843 843 843 843 843 843 843 843 843 842 842 842 842 842 842 842 842 842 842 841 841 841 841 841 841 841 841 841 840 840 840 840 840 840 840 840 839 839 839 839 839 839 839 838 838 838 838 945 945 945 944 944 944 944 944 944 943 943 943 943 943 942 865 865 865 865 864 864 864 864 864 863 863 863
