testData/tiles/oneDegreeCosts/grid31.0-8.0-32.0-9.0.asc
ncols   200
nrows   200
xllcorner   31.0
yllcorner   8.0
cellsize   0.005
NODATA_value   -9999.0
[rows 42 to 83 of 200, columns 94 to 187 of 200]
527 527 527 526 526 526 525 525 525 524 523 523 522 522 522 522 521 521 521 520 519 519 518 518 518 517 517 516 515 515 514 514 514 513 513 513 501 501 500 500 500 499 499 498 497 497 496 496 496 495 494 493 493 492 492 492 490 490 489 489 488 488 487 486 486 485 485 483 483 482 482 481 481 479 479 478 478 478 476 476 475 474 474 472 472 471 471 469 469 468 468 467 466 465
526 525 525 525 525 523 523 523 522 522 522 521 521 521 520 519 519 518 518 518 517 517 517 516 515 515 514 514 514 513 513 513 511 511 510 510 500 499 499 498 497 497 496 496 496 495 494 493 493 493 492 492 491 490 489 489 489 488 488 486 486 485 485 485 483 483 482 482 481 481 479 479 478 478 477 476 475 475 474 474 472 472 471 471 470 469 468 468 467 465 465 464 464 463
523 523 523 522 522 522 522 521 521 520 519 519 519 518 518 518 517 517 517 515 515 515 514 514 514 513 513 512 511 511 510 510 510 509 509 508 497 497 496 496 496 495 494 493 493 493 492 492 491 490 490 489 489 488 488 486 486 486 485 485 484 483 482 482 481 481 480 479 479 478 478 477 476 475 475 474 474 472 472 471 471 470 469 468 467 467 465 465 464 464 463 462 461 460
522 522 521 520 520 519 519 519 518 518 518 517 517 517 515 515 515 514 514 514 513 513 513 511 511 511 510 510 510 509 509 508 507 507 506 506 496 495 494 493 493 493 492 492 491 490 490 489 489 488 488 487 486 486 485 485 484 484 482 482 482 481 481 479 479 478 478 477 477 475 475 474 474 473 472 471 471 470 470 468 468 467 467 466 465 464 464 463 461 461 460 460 459 458
519 519 519 519 518 518 518 517 516 516 515 515 515 514 514 514 513 513 512 511 511 511 510 510 510 509 508 507 507 507 506 506 506 505 504 503 493 493 492 492 491 490 490 489 489 488 488 488 486 486 485 485 484 484 483 482 482 481 481 480 479 478 478 477 477 476 475 475 474 474 473 472 471 471 470 470 468 468 467 466 466 464 464 463 463 461 461 460 460 459 457 457 456 456
518 518 516 516 516 515 515 515 514 514 514 513 512 512 511 511 511 510 510 510 509 508 508 507 507 507 506 506 505 504 504 503 503 503 502 502 491 490 490 489 489 488 488 488 486 486 485 485 485 484 483 482 482 481 481 480 479 479 478 478 477 477 475 475 474 474 473 472 471 471 470 470 469 468 467 467 466 466 464 464 463 463 461 460 460 459 459 457 457 456 455 454 453 453
515 515 515 514 514 514 513 512 512 512 511 511 511 510 510 510 508 508 507 507 507 506 506 506 504 504 504 503 503 502 502 502 500 500 500 499 489 488 488 488 486 486 485 485 485 484 483 482 482 481 481 480 480 479 478 478 477 477 475 475 474 474 473 473 471 471 470 470 469 468 467 467 466 466 464 464 463 463 462 461 460 460 459 458 457 456 456 455 455 453 452 452 451 450
513 513 512 512 512 511 511 511 510 510 509 508 508 508 507 507 507 506 506 505 504 504 503 503 503 502 502 502 500 500 499 499 499 498 498 496 486 486 485 485 484 484 483 482 482 481 481 480 480 479 478 478 477 477 476 475 474 474 473 473 473 471 471 470 470 469 468 467 467 466 466 464 464 463 462 462 460 460 459 459 458 457 456 455 455 454 453 452 452 451 449 449 448 447
511 511 511 510 509 509 508 508 508 507 507 507 506 506 505 504 504 504 503 503 502 502 501 500 500 500 499 499 498 498 497 496 496 496 495 495 484 484 483 482 482 481 481 480 480 479 478 478 477 477 476 475 474 474 474 473 473 471 471 470 470 469 468 467 467 466 466 465 464 463 463 462 462 460 459 459 458 458 456 456 455 455 454 452 452 451 451 449 355 355 354 353 352 351
509 508 508 508 507 507 507 505 505 505 504 504 504 503 503 503 502 501 500 500 500 499 499 499 498 497 497 496 496 495 495 495 494 493 492 492 482 481 481 480 479 478 478 478 477 477 476 475 474 474 473 473 473 471 471 470 470 469 469 467 467 466 466 465 464 463 463 462 462 461 460 459 459 458 457 456 455 455 454 360 359 358 358 357 356 355 354 354 352 352 351 350 350 348
507 506 505 505 505 504 504 504 503 503 503 501 501 501 500 500 499 499 499 498 497 497 496 496 496 495 495 494 493 493 492 492 491 491 491 490 479 478 478 477 477 477 475 475 474 474 473 473 472 471 471 470 470 469 469 467 467 466 466 465 465 463 463 462 462 461 460 459 459 365 365 363 362 362 361 361 359 359 358 357 357 355 355 354 353 352 351 351 350 349 348 347 346 346
504 504 504 503 502 502 501 501 501 500 500 500 499 499 497 497 497 496 496 496 495 495 494 493 493 492 492 492 491 491 490 489 489 488 488 487 477 476 475 475 474 474 473 473 472 471 470 470 470 469 469 467 467 466 466 465 372 370 370 369 369 368 367 366 366 365 365 364 363 362 361 361 360 359 358 358 357 356 355 354 354 353 351 351 350 350 349 347 347 346 345 344 343 342
408 408 408 407 407 407 406 406 405 404 404 404 403 403 403 402 402 401 400 400 399 399 399 398 398 397 396 396 395 395 394 394 394 392 392 391 381 381 380 380 378 378 377 377 376 376 375 374 374 373 373 372 372 370 370 369 369 368 367 366 366 365 365 364 363 362 361 361 360 359 358 358 357 357 355 354 354 353 353 351 350 350 349 348 347 346 346 345 343 343 342 341 340 339
407 405 405 405 404 404 404 403 403 403 402 401 401 400 400 399 399 399 398 398 397 396 396 395 395 395 394 394 392 392 392 391 391 390 390 388 378 378 377 377 376 376 374 374 373 373 372 372 372 370 370 369 369 368 367 366 366 365 365 364 363 362 361 361 360 359 358 358 357 357 356 354 354 353 353 351 350 350 349 349 347 346 346 345 344 343 342 341 341 339 338 338 337 335
404 404 403 403 402 401 401 400 400 400 399 399 399 398 397 397 396 396 395 395 395 394 394 392 392 392 391 391 390 390 389 388 388 387 387 386 376 375 374 374 373 373 372 372 370 370 369 369 368 368 366 366 365 365 364 364 362 362 361 361 360 360 358 358 357 357 356 354 354 353 353 352 351 350 349 349 348 346 346 345 345 343 342 342 341 340 339 338 337 337 335 334 333 333
401 401 400 400 400 399 399 398 397 397 396 396 396 395 395 395 394 393 392 392 392 391 391 390 390 389 388 388 387 387 387 386 385 384 384 383 373 372 372 371 370 370 369 369 368 368 366 366 365 365 364 364 362 362 361 361 360 360 358 358 357 356 356 354 354 353 353 352 351 350 349 349 348 347 346 345 345 344 342 342 341 340 339 338 337 337 336 334 334 333 332 330 330 329
398 398 397 397 397 396 396 396 395 395 394 393 393 392 392 392 391 391 390 389 389 388 388 387 387 387 386 385 384 384 383 383 383 382 381 380 370 369 369 368 368 366 366 366 365 365 364 363 362 362 361 361 360 358 358 357 357 356 356 354 354 353 353 352 350 350 349 349 348 346 346 345 345 344 342 342 341 340 340 338 337 337 336 334 334 333 332 332 330 329 328 328 326 325
396 396 395 394 394 393 393 393 392 392 392 391 391 389 389 389 388 388 387 387 387 385 385 384 384 383 383 383 382 381 380 380 379 379 379 378 367 366 366 365 365 364 364 362 362 361 361 360 360 358 358 357 357 356 356 354 354 353 352 352 350 350 349 349 348 347 346 345 345 344 343 342 341 340 340 338 337 337 336 335 334 333 332 332 330 329 329 328 327 325 325 324 323 321
393 393 392 392 392 391 390 390 389 389 388 388 388 387 387 385 385 385 384 384 383 383 383 381 381 380 380 379 379 379 378 377 376 376 375 375 364 364 362 362 361 361 360 360 358 358 357 357 356 357 355 355 354 354 353 353 350 350 349 348 348 347 346 345 344 344 343 342 341 340 340 339 337 337 336 335 334 333 332 332 331 329 329 328 327 325 325 324 323 321 320 320 319 317
390 390 389 389 389 388 388 387 386 386 385 385 385 384 384 383 383 382 381 381 380 380 379 379 379 377 377 376 376 375 375 374 374 373 372 372 361 361 360 359 358 358 357 357 356 356 354 355 354 354 354 353 352 351 351 350 349 347 345 345 344 344 343 341 341 340 340 339 337 337 336 335 335 333 332 332 331 329 329 328 327 326 325 324 323 322 321 320 319 318 316 316 315 314
388 387 386 386 385 385 385 384 384 384 383 382 381 381 381 380 380 379 379 377 377 377 376 376 375 375 374 373 372 372 372 371 371 370 369 368 358 357 357 356 356 354 354 353 353 353 354 352 353 352 352 352 351 350 349 348 347 345 344 342 341 340 339 339 337 336 336 335 335 333 332 332 331 329 328 328 327 326 325 324 323 322 321 320 319 318 317 316 315 314 313 311 310 309
385 384 384 383 382 382 382 381 381 380 380 380 379 378 377 377 376 376 376 375 375 373 373 372 372 372 371 371 370 369 368 368 367 367 366 366 354 354 353 353 352 352 350 350 350 351 351 350 350 350 350 349 349 348 346 346 344 343 342 339 338 336 336 335 334 333 332 331 331 329 328 328 327 326 324 324 323 322 321 320 319 318 317 316 315 314 313 311 310 309 309 307 306 305
382 381 381 380 380 379 378 378 377 377 377 376 376 375 375 374 373 373 372 372 371 371 370 369 369 368 368 367 367 366 365 364 364 363 363 362 352 350 350 349 349 348 348 347 348 348 348 349 348 348 347 347 347 345 345 343 342 341 339 338 335 333 332 331 330 329 328 327 327 326 324 324 323 322 321 320 319 318 317 315 315 314 313 312 310 309 309 308 306 305 304 303 301 300
378 378 378 377 377 376 376 375 374 374 373 373 372 372 372 371 370 369 369 368 368 367 367 367 365 365 364 364 363 363 362 362 360 360 359 359 348 348 346 346 345 344 345 345 345 345 346 346 346 346 345 345 344 344 343 341 339 338 336 335 333 330 329 327 326 326 324 323 323 322 321 319 319 318 317 316 314 314 313 312 310 309 308 308 306 305 304 303 301 300 299 298 296 295
375 375 374 374 373 373 373 372 372 370 370 369 369 369 368 368 367 367 365 365 364 364 364 363 363 362 361 360 360 359 359 358 358 356 356 355 344 344 343 342 341 341 342 343 343 342 343 343 344 343 343 342 341 341 340 338 338 335 333 332 330 328 326 323 322 321 321 319 318 317 317 316 314 313 313 312 310 309 308 307 305 305 304 303 302 300 299 298 297 295 294 293 292 290
373 371 371 370 370 370 369 369 368 368 367 366 366 365 365 364 364 363 363 361 361 360 360 359 359 358 358 356 356 355 355 354 354 353 352 351 341 341 341 341 341 341 341 341 341 341 341 341 341 341 341 341 339 339 337 336 335 332 330 328 327 324 321 320 318 317 316 315 314 313 312 311 310 309 308 307 306 304 303 303 302 300 299 298 297 295 294 293 292 290 289 287 286 284
417 417 416 415 414 414 414 413 413 412 412 411 410 409 409 409 408 408 407 407 405 405 404 404 403 403 402 402 400 400 399 399 398 397 397 395 385 384 384 383 383 382 383 384 384 384 386 385 386 386 385 386 385 383 382 381 379 378 375 372 370 369 367 363 361 361 360 359 357 356 356 355 353 352 351 350 349 299 298 297 297 295 294 292 291 289 288 287 286 284 283 282 280 278
414 413 413 412 411 410 410 410 409 409 408 408 407 406 405 405 404 404 403 403 402 402 400 400 399 399 398 398 397 396 395 395 394 394 393 382 381 380 380 380 380 380 380 381 381 381 382 383 382 383 383 382 382 380 379 378 376 374 370 369 367 365 362 360 358 356 355 354 352 352 351 350 349 347 346 345 344 342 341 340 339 337 336 335 334 332 330 329 328 326 324 323 322 319
413 412 412 412 411 411 409 409 408 408 407 406 406 405 405 403 403 402 402 401 401 400 399 398 396 396 395 395 394 394 392 392 391 390 389 380 380 380 380 380 380 380 380 380 380 380 380 380 380 380 380 379 379 377 376 374 371 369 368 365 362 360 359 356 353 351 350 349 348 346 346 345 344 342 341 340 339 337 336 334 333 332 330 329 328 326 324 323 321 320 318 316 315 313
416 416 415 415 414 414 413 412 412 411 411 410 410 409 409 407 407 405 405 404 404 403 403 401 400 400 399 399 398 398 395 394 394 393 393 382 381 380 380 380 380 380 380 380 380 381 381 382 382 381 381 382 382 381 377 375 373 371 368 365 362 360 359 356 352 350 349 348 347 345 343 342 341 339 338 337 335 334 332 330 329 327 325 323 322 321 318 316 314 314 313 313 313 312
419 418 417 417 417 416 416 415 414 413 413 412 412 411 411 410 409 408 408 407 406 405 404 404 402 402 401 401 400 399 399 397 397 395 394 384 383 381 381 380 380 381 382 381 382 382 382 384 384 383 384 384 386 382 379 376 374 373 370 367 365 362 359 356 353 351 350 349 348 345 344 343 342 340 339 338 336 334 332 331 329 328 325 323 322 322 321 321 320 320 319 319 319 317
420 420 420 419 419 418 417 416 416 414 414 413 413 412 412 411 411 409 408 408 407 407 406 406 404 402 402 401 401 400 399 398 397 397 396 385 385 384 381 380 381 381 382 383 382 383 383 385 385 383 383 384 384 383 380 377 375 373 369 368 364 362 360 357 354 352 350 349 347 345 344 343 342 340 337 336 335 333 331 329 329 328 327 327 327 327 326 325 325 324 324 324 324 322
420 420 419 419 418 418 418 417 416 415 414 414 413 413 412 412 411 409 408 408 407 406 406 405 405 403 402 402 401 400 400 399 398 396 395 384 384 383 381 381 381 381 382 383 382 382 382 383 383 383 383 382 382 380 380 377 373 371 369 367 363 361 359 356 353 349 348 347 346 344 342 341 340 336 335 334 334 334 333 333 333 332 331 331 331 331 330 330 329 328 282 282 282 281
421 420 419 419 418 418 417 417 416 416 414 414 413 413 412 411 410 409 408 407 406 406 405 405 404 402 402 401 400 400 399 398 397 395 394 384 383 382 380 380 380 380 380 381 381 381 380 381 381 381 380 380 379 378 377 374 372 369 366 364 360 358 355 353 350 348 345 344 343 340 339 339 339 338 338 337 337 336 336 336 336 335 335 334 334 333 287 287 287 286 285 285 285 284
421 420 418 417 417 416 416 415 415 414 413 412 412 411 410 410 409 409 407 406 406 405 405 404 402 401 400 399 399 398 397 396 395 394 393 382 382 381 379 378 376 377 378 378 377 377 378 378 378 379 377 377 375 374 371 369 367 365 363 360 357 354 352 348 344 343 343 343 343 342 342 342 341 340 340 340 340 339 339 339 339 291 291 291 291 290 290 290 289 288 288 288 287 287
420 417 417 416 415 415 414 414 413 413 411 411 410 409 409 408 407 407 405 405 404 403 403 402 400 399 398 397 396 396 395 394 392 392 391 380 379 378 377 376 374 374 374 374 374 374 374 374 374 373 372 372 371 369 367 365 362 360 358 354 352 350 349 348 345 345 345 345 345 344 344 344 344 342 342 342 342 295 295 295 295 294 293 293 293 292 292 292 291 291 290 290 289 289
417 415 415 414 414 413 413 412 412 411 409 409 408 407 407 406 405 404 402 402 401 400 399 399 398 396 396 395 394 393 392 392 390 389 388 376 375 375 373 372 371 370 371 371 370 370 370 370 370 366 366 365 364 362 360 358 358 357 356 354 353 351 350 348 347 347 347 347 346 346 346 345 298 298 298 298 298 297 297 297 295 295 295 295 294 294 294 294 292 292 292 291 291 291
414 413 412 412 411 410 410 409 409 408 406 406 405 404 404 403 402 402 400 399 399 397 396 395 394 393 392 391 390 389 389 388 386 385 384 373 372 371 369 367 366 365 365 365 364 364 364 363 362 361 361 361 360 360 359 358 357 357 356 354 353 352 351 349 348 348 348 302 301 301 301 301 300 300 299 299 298 298 298 298 297 297 297 296 295 295 295 294 294 294 294 292 292 292
411 410 409 409 408 407 407 406 405 405 403 402 402 401 400 400 399 398 395 395 394 393 392 391 391 389 388 387 386 385 384 382 381 381 370 368 367 364 363 362 361 360 359 357 357 358 359 360 359 360 360 359 360 358 358 358 357 357 355 354 353 352 305 303 303 303 303 302 302 302 302 301 301 301 300 299 299 299 299 298 298 298 298 296 296 296 296 295 295 295 294 294 293 293
408 407 406 405 405 404 403 402 401 400 399 398 397 396 396 395 394 392 391 391 390 389 388 387 386 384 383 383 382 381 379 377 375 374 363 362 361 359 358 357 357 357 357 356 357 358 358 358 358 359 359 359 359 358 358 358 311 310 309 307 306 305 304 304 304 304 304 303 303 303 302 301 301 301 301 300 300 300 300 299 298 298 297 297 297 297 296 296 296 295 294 294 294 293
403 402 401 401 400 399 399 398 397 395 395 394 393 392 390 390 389 387 386 385 384 383 382 381 379 378 377 376 375 374 372 371 370 369 359 358 357 357 357 357 357 357 356 356 356 357 358 357 358 358 358 312 311 311 311 310 310 308 308 307 306 306 304 304 304 304 303 303 303 303 302 302 302 301 300 300 300 300 299 299 299 299 298 297 297 296 296 296 296 295 295 295 293 293
398 397 397 396 395 394 394 393 391 390 389 389 388 386 385 384 382 381 380 379 378 377 376 374 373 372 371 370 370 370 369 369 369 369 358 358 357 357 357 357 357 356 356 356 356 310 310 310 310 310 310 310 309 309 309 309 307 307 306 306 306 305 304 304 304 303 303 303 303 302 302 302 302 300 300 300 300 299 299 299 299 298 298 297 297 296 296 296 295 295 295 294 293 293
