testData/tiles/oneDegreeCosts/grid45.0-7.0-46.0-8.0.asc
ncols   200
nrows   200
xllcorner   45.0
yllcorner   7.0
cellsize   0.005
NODATA_value   -9999.0
[rows 80 to 119 of 200, columns 90 to 179 of 200]
741 741 741 742 741 742 741 741 742 742 743 743 743 744 744 744 744 744 745 745 745 746 746 746 746 746 746 746 747 748 748 747 746 746 746 748 748 748 747 747 747 748 748 749 748 839 838 839 839 839 839 839 839 1011 1011 1011 1011 1011 1011 1011 1011 1011 1011 1011 1011 1011 1011 1012 1004 1004 1004 1004 1004 1004 1005 1005 1004 1004 1004 1004 1004 1004 1005 1005 1004 1004 1004 1004 1004 1004
740 740 740 741 741 741 741 741 743 743 743 743 743 743 744 744 744 744 745 745 746 745 745 746 746 746 747 747 747 747 746 746 746 747 747 748 747 747 747 747 747 749 748 748 748 838 838 839 839 839 839 840 1010 1011 1011 1011 1011 1011 1011 1011 1011 1011 1011 1012 1012 1012 1011 1004 1004 1004 1004 1004 1004 1004 1005 1004 1004 1004 1004 1004 1004 1004 1005 1004 1004 1005 1005 1005 1005 1005
739 739 740 741 741 741 741 742 743 743 743 743 743 744 744 744 744 744 746 746 745 745 745 746 747 747 747 747 745 746 746 747 747 747 747 747 747 747 747 748 748 748 748 748 838 838 838 839 840 840 840 1010 1010 1011 1011 1011 1011 1011 1011 1011 1012 1012 1012 1012 1012 1012 1004 1004 1004 1004 1004 1004 1004 1004 1004 1004 1004 1004 1005 1005 1005 1005 1005 1005 1005 1005 1005 1005 1005 1005
739 740 740 741 741 741 742 743 743 742 742 743 744 744 744 744 744 745 745 745 745 745 745 747 747 747 745 745 745 746 747 747 747 746 746 747 747 748 748 747 748 748 747 747 838 838 839 840 840 1010 1010 1010 1010 1011 1011 1011 1011 1011 1011 1011 1012 1012 1012 1012 1012 1004 1004 1004 1004 1004 1004 1004 1004 1004 1005 1005 1005 1005 1005 1005 1005 1005 1005 1005 1005 1005 1005 1005 1005 1005
740 740 741 741 741 742 742 742 742 742 743 743 744 744 744 745 744 744 745 745 745 746 746 747 745 745 745 745 746 747 747 747 746 746 747 748 748 748 747 747 748 747 747 838 839 839 839 840 1010 1010 1010 1010 1010 1010 1011 1011 1011 1011 1011 1011 1012 1012 1012 1004 1004 1004 1004 1004 1005 1005 1005 1005 1004 1004 1005 1005 1005 1005 1005 1005 1005 1005 1005 1005 1005 1005 1005 1005 1005 1005
740 740 741 741 742 742 741 742 742 743 743 743 744 744 745 744 744 744 745 745 746 745 745 745 745 745 746 746 746 747 746 746 746 746 748 748 747 747 747 747 747 747 748 839 839 839 839 1010 1010 1010 1010 1010 1010 1011 1011 1011 1011 1011 1011 1011 1012 1012 1004 1004 1004 1004 1004 1005 1005 1005 1005 1005 1004 1004 1005 1005 1005 1005 1005 1005 1005 1005 1005 1005 1005 1005 1005 1005 1005 1005
740 740 742 742 741 741 741 743 743 743 743 743 744 744 744 744 744 745 745 745 745 744 744 745 745 746 746 746 747 746 746 746 747 747 748 747 747 747 747 747 748 748 839 839 839 839 1010 1010 1010 1011 1011 1010 1010 1011 1011 1011 1011 1011 1011 1011 1012 1004 1004 1004 1004 1004 1005 1005 1005 1005 1005 1004 1004 1004 1005 1005 1005 1005 1005 1005 1005 1006 1006 1006 1006 1006 1005 1005 1005 1006
740 741 741 741 741 741 742 743 743 743 743 743 744 744 744 744 744 745 745 745 744 744 744 746 746 746 746 745 746 746 747 747 747 746 747 747 747 747 747 747 748 748 839 839 839 1009 1010 1011 1011 1011 1010 1010 1010 1011 1011 1011 1011 1011 1012 1005 1004 1004 1004 1004 1004 1004 1005 1005 1005 1005 1004 1004 1004 1004 1005 1006 1006 1006 1005 1005 1005 1006 1006 1006 1006 1005 1005 1005 1005 1006
740 740 741 741 741 742 742 743 743 743 743 743 743 743 743 743 744 745 744 744 744 744 745 746 746 746 745 745 746 747 747 747 746 746 746 746 747 747 747 747 748 839 839 1009 1009 1010 1011 1011 1010 1010 1010 1010 1010 1011 1011 1011 1012 1012 1004 1004 1004 1004 1004 1004 1004 1004 1005 1005 1005 1004 1004 1005 1005 1005 1006 1006 1006 1005 1005 1005 1005 1006 1006 1006 1006 1005 1005 1005 1005 1006
740 740 741 741 742 742 742 743 742 742 742 742 743 743 743 744 744 744 744 744 744 745 745 746 745 745 745 746 747 747 746 746 745 745 746 747 747 747 747 747 748 839 1009 1010 1010 1010 1011 1010 1010 1010 1010 1010 1010 1012 1012 1012 1004 1004 1004 1004 1004 1004 1004 1004 1004 1004 1005 1006 1005 1005 1005 1005 1005 1006 1006 1006 1005 1005 1005 1005 1005 1006 1006 1006 1005 1005 1005 1005 1005 1006
740 739 740 741 741 741 741 741 742 742 742 742 743 744 744 743 743 744 744 745 745 745 744 745 745 745 746 746 747 746 745 745 745 746 747 747 747 747 747 747 839 1010 1010 1010 1010 1009 1010 1010 1010 1010 1010 1011 1011 1012 1012 1004 1004 1004 1004 1004 1004 1004 1004 1005 1005 1005 1006 1005 1005 1005 1005 1005 1005 1006 1006 1005 1005 1005 1005 1005 1005 1006 1006 1005 1005 1005 1005 1006 1006 1007
739 739 741 741 741 741 741 742 742 742 742 742 744 743 743 743 743 744 745 745 745 744 744 745 746 746 746 745 745 745 745 746 746 746 747 747 747 747 747 748 1010 1010 1010 1010 1009 1009 1010 1010 1010 1011 1011 1011 1012 1012 1004 1004 1004 1004 1004 1004 1005 1005 1005 1005 1005 1005 1005 1005 1005 1005 1005 1005 1005 1006 1005 1005 1005 1005 1005 1006 1006 1007 1006 1006 1006 1006 1006 1006 1006 1006
740 740 741 740 740 741 741 742 742 742 742 743 743 743 743 743 744 745 745 744 744 744 744 746 746 746 744 744 745 745 746 746 746 746 747 747 747 748 748 1009 1010 1010 1009 1009 1009 1009 1011 1011 1011 1011 1011 1011 1004 1004 1004 1004 1004 1004 1004 1005 1005 1005 1005 1005 1005 1005 1005 1005 1005 1005 1005 1005 1005 1005 1006 1006 1006 1006 1006 1006 1006 1006 1006 1006 1006 1006 1006 1006 1006 1006
740 739 740 740 741 741 741 742 742 742 742 742 743 743 743 744 744 745 744 744 744 745 746 745 744 744 744 744 746 746 746 746 746 746 747 747 748 748 918 1009 1009 1009 1009 1009 1010 1010 1011 1011 1011 1011 1011 1003 1004 1004 1004 1004 1004 1004 1004 1005 1005 1005 1005 1005 1005 1005 1005 1005 1005 1005 1006 1006 1005 1006 1006 1006 1006 1006 1006 1006 1006 1006 1006 1006 1006 1006 1006 1006 1006 1006
739 739 740 741 741 741 741 742 742 742 742 742 743 743 744 744 743 744 744 744 744 744 745 744 744 744 744 745 746 746 746 746 746 746 748 748 748 918 918 1008 1009 1009 1010 1010 1010 1010 1011 1011 1011 1003 1003 1003 1004 1004 1004 1004 1004 1004 1004 1005 1005 1005 1005 1005 1005 1005 1006 1006 1006 1006 1006 1005 1005 1006 1006 1006 1006 1006 1006 1006 1006 1006 1006 1006 1006 1006 1006 1006 1006 1006
739 739 741 741 741 741 741 742 742 742 742 742 743 744 743 743 743 743 743 744 744 743 744 744 744 745 745 745 746 746 746 746 747 747 748 748 918 917 1008 1008 1010 1010 1010 1010 1010 1010 1011 1011 1003 1003 1003 1003 1004 1004 1004 1004 1004 1004 1004 1005 1005 1005 1005 1005 1005 1005 1006 1006 1006 1006 1005 1005 1005 1006 1006 1006 1006 1006 1006 1006 1006 1006 1006 1006 1006 1007 1006 1006 1007 1007
739 740 741 741 741 741 741 742 742 742 742 743 744 742 742 742 742 744 744 743 743 743 744 744 745 745 745 745 746 746 746 747 747 747 748 917 917 917 1008 1009 1010 1010 1010 1010 1010 1010 1011 1003 1003 1003 1003 1003 1004 1004 1004 1004 1004 1004 1004 1004 1005 1005 1005 1005 1005 1005 1006 1006 1006 1005 1005 1005 1005 1006 1006 1006 1006 1006 1006 1006 1006 1007 1007 1007 1007 1006 1006 1006 1007 1007
740 740 741 740 740 741 741 742 741 741 742 741 742 742 742 742 743 744 743 743 743 743 745 745 745 745 745 745 746 747 747 747 747 747 917 917 917 1009 1009 1009 1010 1010 1010 1010 1010 1002 1004 1003 1003 1003 1003 1003 1004 1004 1004 1004 1004 1005 1004 1005 1005 1005 1005 1005 1005 1005 1006 1006 1005 1005 1005 1005 1005 1007 1007 1007 1006 1006 1006 1006 1006 1007 1007 1007 1006 1006 1006 1006 1007 1007
740 738 739 739 740 740 740 741 741 741 741 741 742 742 742 743 742 743 743 743 743 744 745 745 745 745 745 745 747 747 746 746 746 916 917 918 918 1009 1009 1009 1010 1010 1010 1010 1003 1002 1003 1003 1003 1003 1003 1003 1004 1004 1004 1005 1005 1004 1004 1005 1005 1005 1005 1005 1005 1005 1005 1005 1005 1006 1006 1006 1006 1007 1007 1006 1006 1006 1006 1006 1006 1007 1007 1006 1006 1006 1006 1006 1007 1007
738 738 739 740 740 740 740 740 741 741 741 741 742 742 742 742 742 743 743 743 744 744 745 745 745 745 746 746 746 746 746 746 916 916 918 918 1009 1009 1009 1009 1010 1010 1003 1002 1002 1002 1003 1003 1003 1003 1003 1003 1005 1005 1005 1004 1004 1004 1004 1005 1005 1005 1005 1005 1005 1005 1006 1006 1006 1006 1006 1006 1006 1007 1006 1006 1006 1006 1006 1006 1007 1007 1006 1006 1006 1006 1006 1006 1007 1006
738 738 740 740 740 740 740 741 741 741 741 741 743 742 742 742 742 743 744 744 744 744 745 745 745 745 745 745 746 746 746 916 917 917 918 918 1009 1009 1009 1009 1011 1003 1002 1002 1002 1002 1003 1003 1003 1003 1004 1004 1005 1005 1004 1004 1004 1004 1004 1005 1005 1005 1005 1006 1005 1005 1006 1006 1006 1006 1006 1006 1006 1006 1006 1006 1006 1006 1006 1006 1007 1006 1006 1006 1006 1006 1007 1007 1007 1007
738 739 740 740 739 739 740 741 741 741 741 741 742 742 742 742 742 744 744 744 744 744 744 745 745 745 745 745 746 746 916 917 917 917 918 1009 1009 1009 1009 1002 1002 1002 1002 1002 1002 1002 1003 1003 1004 1004 1004 1004 1004 1004 1004 1004 1004 1004 1004 1005 1006 1006 1006 1005 1005 1005 1006 1006 1006 1006 1006 1006 1006 1006 1006 1006 1006 1006 1006 1007 1007 1007 1007 1007 1007 1007 1007 1007 1007 1007
739 739 739 739 739 740 740 741 741 741 741 741 742 742 742 742 743 744 744 743 743 743 745 745 745 745 745 745 746 917 917 917 917 917 918 1009 1009 1010 1001 1001 1002 1002 1002 1002 1002 1002 1004 1004 1004 1004 1004 1003 1004 1004 1004 1004 1004 1005 1005 1006 1006 1005 1005 1005 1005 1005 1006 1006 1006 1006 1006 1006 1006 1006 1007 1007 1007 1007 1006 1006 1007 1007 1007 1007 1007 1007 1007 1007 1007 1007
738 738 739 739 740 740 740 741 741 741 741 741 742 742 742 742 742 743 743 743 743 744 745 745 745 745 745 745 917 917 917 917 917 917 918 1010 1001 1001 1001 1001 1002 1002 1002 1002 1003 1003 1004 1004 1004 1003 1003 1003 1004 1004 1004 1005 1005 1005 1005 1006 1005 1005 1005 1005 1005 1005 1006 1006 1006 1006 1006 1006 1006 1007 1007 1007 1007 1006 1006 1006 1007 1007 1007 1007 1007 1007 1007 1007 1007 1007
738 738 740 740 740 740 739 740 741 741 740 740 741 742 742 742 742 743 743 744 744 744 745 745 745 745 746 916 917 917 917 917 917 917 1001 1001 1001 1001 1001 1001 1002 1002 1003 1003 1003 1003 1004 1003 1003 1003 1003 1003 1004 1005 1005 1005 1005 1005 1004 1005 1005 1005 1005 1005 1005 1005 1007 1007 1006 1006 1006 1006 1006 1007 1007 1007 1006 1006 1006 1006 1007 1007 1007 1007 1007 1007 1007 1007 1007 1007
738 739 740 740 738 738 738 740 740 740 740 740 742 742 742 742 742 743 744 744 744 744 745 745 745 746 916 916 917 917 917 916 917 917 1001 1001 1001 1001 1001 1001 1003 1003 1003 1003 1003 1003 1003 1003 1003 1003 1004 1004 1005 1005 1005 1005 1005 1004 1004 1005 1005 1005 1005 1006 1006 1006 1007 1006 1006 1006 1006 1006 1006 1007 1007 1006 1006 1006 1006 1006 1007 1007 1007 1007 1007 1007 1007 1007 1008 1008
738 738 738 738 738 738 739 740 740 740 740 741 742 742 742 742 742 744 744 744 744 744 745 746 746 916 916 916 916 916 916 909 909 1000 1001 1001 1001 1001 1001 1002 1003 1003 1003 1003 1002 1002 1003 1003 1004 1004 1004 1004 1005 1005 1005 1004 1004 1004 1004 1005 1006 1006 1006 1006 1006 1005 1006 1006 1006 1006 1006 1006 1006 1007 1006 1006 1006 1006 1006 1006 1008 1008 1007 1007 1007 1007 1007 1007 1008 1007
738 737 738 738 738 739 739 740 740 740 741 741 742 742 742 742 743 744 744 744 744 744 746 746 916 915 915 915 916 917 909 909 909 1000 1001 1001 1001 1002 1002 1002 1003 1003 1002 1002 1002 1002 1004 1004 1004 1004 1004 1004 1005 1005 1004 1004 1004 1004 1005 1006 1006 1006 1006 1006 1005 1005 1006 1006 1006 1006 1006 1006 1006 1006 1006 1007 1007 1007 1007 1007 1008 1007 1007 1007 1007 1007 1007 1007 1007 1007
737 737 738 739 739 739 739 740 740 741 741 741 742 742 742 743 743 744 744 744 744 745 745 915 915 915 915 915 909 909 909 909 1000 1000 1001 1001 1002 1002 1002 1002 1002 1002 1002 1002 1003 1003 1004 1004 1004 1004 1004 1004 1004 1004 1004 1005 1005 1005 1005 1006 1006 1006 1005 1005 1005 1005 1006 1006 1006 1006 1006 1006 1006 1007 1007 1007 1007 1007 1007 1007 1007 1007 1007 1007 1007 1007 1007 1007 1007 1007
737 737 739 739 739 739 739 740 741 741 741 741 742 743 743 743 743 744 744 744 744 744 915 915 915 915 908 908 909 909 909 909 1000 1000 1002 1002 1002 1001 1001 1001 1002 1002 1002 1003 1003 1003 1004 1004 1004 1004 1004 1004 1004 1005 1005 1005 1005 1005 1005 1006 1006 1005 1005 1005 1005 1005 1006 1006 1007 1007 1006 1006 1006 1007 1007 1007 1007 1007 1007 1007 1007 1007 1007 1007 1007 1007 1007 1007 1007 1007
737 738 739 739 739 739 739 741 741 741 741 741 743 743 742 742 742 743 744 744 744 914 915 915 915 908 908 908 909 909 909 909 1001 1001 1002 1001 1001 1001 1001 1001 1002 1003 1003 1003 1003 1003 1004 1004 1004 1004 1004 1004 1005 1005 1005 1005 1005 1005 1005 1006 1005 1005 1005 1005 1006 1006 1007 1007 1007 1006 1006 1006 1006 1007 1007 1007 1007 1007 1007 1007 1007 1007 1007 1007 1007 1007 1007 1007 1007 1007
738 738 739 739 739 739 740 741 741 740 740 741 742 742 742 742 742 744 744 744 914 914 915 908 908 908 908 908 909 909 909 1001 1001 1000 1001 1001 1001 1001 1001 1002 1003 1003 1003 1003 1003 1003 1004 1004 1004 1004 1004 1004 1005 1005 1005 1005 1005 1005 1005 1005 1005 1005 1006 1006 1006 1006 1007 1006 1006 1006 1006 1006 1006 1007 1007 1007 1007 1007 1007 1007 1007 1007 1007 1007 1007 1007 1007 1007 1008 1008
737 737 738 738 738 739 739 740 740 740 741 741 742 742 742 742 743 744 744 914 914 914 908 908 908 908 908 908 909 909 909 1000 1000 1000 1001 1001 1001 1001 1002 1002 1003 1003 1003 1003 1003 1003 1003 1004 1004 1004 1004 1004 1005 1005 1005 1005 1005 1005 1005 1006 1006 1006 1006 1006 1006 1006 1006 1006 1006 1006 1006 1006 1006 1007 1007 1007 1007 1007 1007 1007 1007 1008 1007 1007 1007 1014 1014 1014 1015 1014
737 737 738 738 739 739 739 740 740 741 741 741 742 742 742 743 743 744 914 914 907 907 908 908 908 908 908 908 909 909 1000 1000 1000 1000 1001 1001 1002 1002 1002 1002 1003 1003 1003 1002 1002 1003 1004 1004 1004 1004 1004 1004 1005 1005 1005 1005 1005 1005 1005 1006 1006 1006 1006 1006 1006 1006 1006 1006 1006 1006 1013 1013 1013 1014 1014 1014 1014 1014 1014 1014 1014 1014 1014 1014 1014 1014 1014 1014 1014 1014
737 737 738 739 739 739 739 740 741 741 741 741 742 742 743 743 743 744 906 906 907 907 908 908 907 907 907 908 909 909 1000 1000 1000 1000 1001 1002 1002 1002 1002 1002 1003 1002 1002 1002 1003 1003 1004 1004 1004 1004 1004 1004 1005 1005 1005 1005 1005 1005 1005 1013 1013 1013 1013 1012 1012 1012 1013 1013 1013 1014 1014 1014 1013 1014 1014 1014 1014 1014 1014 1014 1014 1014 1014 1014 1014 1014 1014 1014 1014 1014
737 737 739 739 739 739 739 741 741 741 741 741 742 743 743 743 743 906 906 907 906 906 907 907 907 907 908 908 909 909 1000 1000 1000 1001 1002 1002 1002 1002 1002 1002 1002 1002 1003 1003 1003 1003 1004 1004 1004 1011 1011 1010 1012 1012 1012 1012 1012 1012 1012 1013 1013 1012 1012 1012 1012 1012 1014 1014 1014 1014 1013 1013 1013 1014 1014 1014 1014 1014 1014 1014 1014 1014 1014 1014 1014 1014 1014 1014 1014 1014
737 738 739 739 739 739 740 741 741 741 741 741 743 743 743 743 904 905 906 906 906 906 906 907 908 908 908 908 909 1000 1000 1000 1001 1001 1002 1002 1002 1002 1002 1002 1003 1010 1010 1010 1010 1010 1011 1011 1011 1011 1011 1011 1012 1012 1012 1012 1012 1012 1012 1013 1012 1012 1012 1013 1013 1013 1014 1014 1014 1013 1013 1013 1013 1014 1014 1014 1014 1014 1014 1014 1014 1014 1014 1014 1014 1014 1014 1014 1014 1014
738 738 739 739 739 740 740 741 741 741 741 741 742 740 740 904 904 906 906 906 906 906 906 908 908 908 908 908 909 1000 1001 1001 1001 1007 1008 1008 1008 1008 1008 1009 1010 1010 1010 1010 1010 1010 1011 1011 1011 1011 1011 1011 1012 1012 1012 1012 1012 1012 1012 1012 1012 1013 1013 1013 1013 1013 1014 1014 1013 1013 1013 1013 1013 1014 1014 1014 1014 1014 1014 1014 1014 1014 1015 1014 1014 1014 1014 1014 1014 1015
738 738 738 738 739 739 739 740 740 740 741 740 740 740 904 905 905 906 906 906 906 906 907 908 908 908 915 915 916 1008 1007 1007 1007 1007 1008 1008 1008 1009 1009 1009 1010 1010 1010 1010 1010 1010 1010 1011 1011 1011 1011 1011 1011 1012 1012 1012 1012 1012 1012 1013 1013 1013 1013 1013 1013 1013 1013 1013 1013 1013 1013 1013 1013 1014 1014 1014 1014 1014 1014 1014 1014 1015 1014 1014 1014 1014 1014 1014 1014 1014
737 737 738 739 739 739 739 740 740 740 740 740 740 740 905 905 905 906 906 906 913 914 914 915 915 915 915 915 1007 1007 1007 1007 1007 1007 1008 1008 1009 1009 1009 1009 1010 1010 1010 1010 1010 1010 1011 1011 1011 1011 1011 1011 1011 1012 1012 1012 1012 1012 1012 1013 1013 1013 1013 1013 1013 1012 1013 1013 1013 1013 1013 1013 1014 1014 1014 1014 1014 1014 1014 1014 1014 1014 1014 1014 1014 1014 1014 1014 1014 1014
