testData/tiles/oneDegreeCosts/grid49.0-20.0-50.0-21.0.asc
ncols   200
nrows   200
xllcorner   49.0
yllcorner   20.0
cellsize   0.005
NODATA_value   -9999.0
[rows 84 to 125 of 200, columns 0 to 94 of 200]
530 529 529 529 529 529 528 528 528 528 527 450 450 449 449 448 448 447 447 447 446 446 445 444 444 443 443 442 442 441 440 440 439 438 438 437 436 436 435 434 433 433 432 431 430 429 429 428 427 426 425 424 424 423 422 421 420 419 418 417 416 416 415 414 413 412 411 410 409 408 407 407 407 407 407 407 407 407 407 407 407 407 407 407 407 407 407 407 407 407 407 407 407 407 407
531 531 530 530 530 530 530 529 529 529 528 528 451 450 450 449 449 449 448 448 447 447 446 446 445 444 444 443 443 442 441 441 440 439 439 438 437 437 436 435 434 433 433 432 431 430 430 429 428 427 426 425 424 424 423 422 421 420 419 418 417 416 415 415 414 413 412 411 410 409 408 407 407 407 407 407 407 407 407 407 407 407 407 407 407 407 407 407 407 407 407 407 407 407 407
532 532 532 532 531 531 531 531 530 530 530 529 452 451 451 451 450 450 449 449 448 448 447 447 446 446 445 444 444 443 442 442 441 440 440 439 438 437 437 436 435 434 434 433 432 431 430 430 429 428 427 426 425 424 424 423 422 421 420 419 418 417 416 415 414 413 412 411 411 410 409 408 407 407 407 407 407 407 407 407 407 407 407 407 407 407 407 407 407 407 407 407 407 407 407
533 533 533 533 533 532 532 532 531 531 531 530 453 453 452 452 451 451 450 450 449 449 448 448 447 447 446 445 445 444 443 443 442 441 441 440 439 438 438 437 436 435 435 434 433 432 431 431 430 429 428 427 426 425 424 424 423 422 421 420 419 418 417 416 415 414 413 412 411 410 409 408 407 407 407 407 407 407 407 407 407 407 407 407 407 407 407 407 407 407 407 407 407 407 407
534 534 534 534 534 533 533 533 533 532 532 532 531 454 453 453 453 452 452 451 451 450 449 449 448 448 447 446 446 445 444 444 443 442 442 441 440 439 439 438 437 436 436 435 434 433 432 431 431 430 429 428 427 426 425 424 423 423 422 421 420 419 418 417 416 415 414 413 412 411 410 409 408 407 407 407 407 407 407 407 407 407 407 407 407 407 407 407 407 407 407 407 407 407 407
536 536 535 535 535 535 534 534 534 533 533 533 532 455 455 454 454 453 453 452 452 451 451 450 449 449 448 447 447 446 446 445 444 443 443 442 441 440 440 439 438 437 436 436 435 434 433 432 431 431 430 429 428 427 426 425 424 423 422 421 421 420 419 418 417 416 415 414 413 412 411 410 409 408 407 407 407 407 407 407 407 407 407 407 407 407 407 407 407 407 407 407 407 407 407
537 537 537 536 536 536 536 535 535 535 534 534 534 456 456 455 455 454 454 453 453 452 452 451 450 450 449 449 448 447 447 446 445 444 444 443 442 441 441 440 439 438 437 437 436 435 434 433 432 431 431 430 429 428 427 426 425 424 423 422 421 420 419 418 417 416 415 414 414 413 411 410 409 408 407 407 407 407 407 407 407 407 407 407 407 407 407 407 407 407 407 407 407 407 407
538 538 538 538 537 537 537 537 536 536 536 535 535 534 457 456 456 455 455 454 454 453 453 452 452 451 450 450 449 448 448 447 446 445 445 444 443 442 442 441 440 439 438 438 437 436 435 434 433 432 431 431 430 429 428 427 426 425 424 423 422 421 420 419 418 417 416 415 414 413 412 411 410 409 408 407 407 407 407 407 407 407 407 407 407 407 407 407 407 407 407 407 407 407 407
539 539 539 539 539 538 538 538 537 537 537 536 536 535 458 458 457 457 456 456 455 454 454 453 453 452 451 451 450 449 449 448 447 446 446 445 444 443 443 442 441 440 439 438 438 437 436 435 434 433 432 431 430 430 429 428 427 426 425 424 423 422 421 420 419 418 417 416 415 414 413 412 411 410 409 408 407 407 407 407 407 407 407 407 407 407 407 407 407 407 407 407 407 407 407
541 540 540 540 540 540 539 539 539 538 538 537 537 537 459 459 458 458 457 457 456 455 455 454 454 453 452 452 451 450 450 449 448 447 447 446 445 444 443 443 442 441 440 439 438 438 437 436 435 434 433 432 431 430 429 428 427 427 426 425 424 423 422 421 420 419 418 417 416 415 414 413 412 411 409 408 407 407 407 407 407 407 407 407 407 407 407 407 407 407 407 407 407 407 407
542 542 541 541 541 541 540 540 540 539 539 539 538 538 537 460 459 459 458 458 457 457 456 455 455 454 453 453 452 451 451 450 449 448 448 447 446 445 444 444 443 442 441 440 439 438 438 437 436 435 434 433 432 431 430 429 428 427 426 425 424 423 422 421 420 419 418 417 416 415 414 413 412 411 410 409 408 407 407 407 407 407 407 407 407 407 407 407 407 407 407 407 407 407 407
543 543 543 542 542 542 542 541 541 541 540 540 539 539 538 461 460 460 459 459 458 458 457 456 456 455 454 454 453 452 452 451 450 449 449 448 447 446 445 444 444 443 442 441 440 439 438 438 437 436 435 434 433 432 431 430 429 428 427 426 425 424 423 422 421 420 419 418 417 416 415 414 413 412 411 410 409 408 407 407 407 407 407 407 407 407 407 407 407 407 407 407 407 407 407
544 544 544 544 543 543 543 542 542 542 541 541 541 540 540 462 462 461 460 460 459 459 458 457 457 456 455 455 454 453 453 452 451 450 450 449 448 447 446 445 445 444 443 442 441 440 439 438 437 436 436 435 434 433 432 431 430 429 428 427 426 425 424 423 422 421 420 419 418 417 416 415 414 413 411 410 409 408 407 407 407 407 407 407 407 407 407 407 407 407 407 407 407 407 407
546 545 545 545 545 544 544 544 543 543 543 542 542 541 541 540 463 462 462 461 460 460 459 459 458 457 456 456 455 454 454 453 452 451 450 450 449 448 447 446 445 445 444 443 442 441 440 439 438 437 436 435 434 433 433 432 431 430 429 428 427 426 425 424 423 422 420 419 418 417 416 415 414 413 412 411 410 409 408 407 407 407 407 407 407 407 407 407 407 407 407 407 407 407 407
547 547 546 546 546 546 545 545 544 544 544 543 543 542 542 541 464 463 463 462 461 461 460 460 459 458 457 457 456 455 455 454 453 452 451 451 450 449 448 447 446 445 445 444 443 442 441 440 439 438 437 436 435 434 433 432 431 430 429 428 427 426 425 424 423 422 421 420 419 418 417 416 415 414 413 412 411 409 408 407 407 407 407 407 407 407 407 407 407 407 407 407 407 407 407
548 548 548 547 547 547 546 546 546 545 545 544 544 543 543 542 465 464 464 463 463 462 461 461 460 459 459 458 457 456 456 455 454 453 452 451 451 450 449 448 447 446 445 444 444 443 442 441 440 439 438 437 436 435 434 433 432 431 430 429 428 427 426 425 424 423 422 421 420 419 418 417 415 414 413 412 411 410 409 408 407 407 407 407 407 407 407 407 407 407 407 407 407 407 407
549 549 549 549 548 548 548 547 547 546 546 546 545 545 544 544 466 465 465 464 464 463 462 462 461 460 460 459 458 457 456 456 455 454 453 452 452 451 450 449 448 447 446 445 444 443 443 442 441 440 439 438 437 436 435 434 433 432 431 430 429 428 427 426 425 424 422 421 420 419 418 417 416 415 414 413 412 411 410 408 407 407 407 407 407 407 407 407 407 407 407 407 407 407 407
550 550 550 550 549 549 549 548 548 548 547 547 546 546 545 545 544 467 466 465 465 464 463 463 462 461 460 460 459 458 457 457 456 455 454 453 452 452 451 450 449 448 447 446 445 444 443 442 441 440 439 438 437 437 436 434 433 432 431 430 429 428 427 426 425 424 423 422 421 420 419 418 417 416 415 413 412 411 410 409 408 407 407 407 407 407 407 407 407 407 407 407 407 407 407
552 551 551 551 551 550 550 550 549 549 548 548 547 547 546 546 545 468 467 466 466 465 464 464 463 462 461 461 460 459 458 458 457 456 455 454 453 452 452 451 450 449 448 447 446 445 444 443 442 441 440 439 438 437 436 435 434 433 432 431 430 429 428 427 426 425 424 423 422 421 419 418 417 416 415 414 413 412 411 410 409 407 407 407 407 407 407 407 407 407 407 407 407 407 407
553 553 552 552 552 551 551 551 550 550 549 549 549 548 547 547 546 469 468 467 467 466 465 465 464 463 462 462 461 460 459 458 458 457 456 455 454 453 452 451 451 450 449 448 447 446 445 444 443 442 441 440 439 438 437 436 435 434 433 432 431 430 429 428 427 425 424 423 422 421 420 419 418 417 416 415 413 412 411 410 409 408 407 407 407 407 407 407 407 407 407 407 407 407 407
554 554 554 553 553 553 552 552 552 551 551 550 550 549 549 548 547 547 469 468 468 467 466 466 465 464 463 463 462 461 460 459 459 458 457 456 455 454 453 452 451 450 450 449 448 447 446 445 444 443 442 441 440 439 438 437 436 435 433 432 431 430 429 428 427 426 425 424 423 422 421 420 418 417 416 415 414 413 412 411 410 408 407 407 407 407 407 407 407 407 407 407 407 407 407
555 555 555 555 554 554 553 553 553 552 552 551 551 550 550 549 548 548 470 470 469 468 467 467 466 465 464 464 463 462 461 460 459 459 458 457 456 455 454 453 452 451 450 449 448 447 446 445 444 443 442 441 440 439 438 437 436 435 434 433 432 431 430 429 428 427 426 424 423 422 421 420 419 418 417 416 415 413 412 411 410 409 408 407 407 407 407 407 407 407 407 407 407 407 407
557 556 556 556 555 555 555 554 554 553 553 552 552 551 551 550 550 549 471 471 470 469 468 468 467 466 465 465 464 463 462 461 460 459 459 458 457 456 455 454 453 452 451 450 449 448 447 446 445 444 443 442 441 440 439 438 437 436 435 434 433 432 430 429 428 427 426 425 424 423 422 421 420 418 417 416 415 414 413 412 411 409 408 407 407 407 407 407 407 407 407 407 407 407 407
558 557 557 557 557 556 556 555 555 555 554 554 553 552 552 551 551 550 472 472 471 470 469 469 468 467 466 465 465 464 463 462 461 460 459 458 458 457 456 455 454 453 452 451 450 449 448 447 446 445 444 443 442 441 440 439 438 436 435 434 433 432 431 430 429 428 427 426 425 423 422 421 420 419 418 417 416 415 413 412 411 410 409 408 407 407 407 407 407 407 407 407 407 407 407
559 559 558 558 558 557 557 557 556 556 555 555 554 553 553 552 552 551 550 473 472 471 470 470 469 468 467 466 466 465 464 463 462 461 460 459 458 457 456 456 455 454 453 452 451 450 449 448 447 446 444 443 442 441 440 439 438 437 436 435 434 433 432 431 430 428 427 426 425 424 423 422 421 420 418 417 416 415 414 413 412 410 409 408 407 407 407 407 407 407 407 407 407 407 407
560 560 560 559 559 559 558 558 557 557 556 556 555 555 554 553 553 552 551 474 473 472 471 471 470 469 468 467 466 466 465 464 463 462 461 460 459 458 457 456 455 454 453 452 451 450 449 448 447 446 445 444 443 442 441 440 439 438 437 436 434 433 432 431 430 429 428 427 426 425 423 422 421 420 419 418 417 416 414 413 412 411 410 409 407 407 407 407 407 407 407 407 407 407 407
561 561 561 560 560 560 559 559 558 558 557 557 556 556 555 554 554 553 552 475 474 473 472 472 471 470 469 468 467 466 466 465 464 463 462 461 460 459 458 457 456 455 454 453 452 451 450 449 448 447 446 445 444 443 442 440 439 438 437 436 435 434 433 432 431 430 428 427 426 425 424 423 422 421 419 418 417 416 415 414 413 411 410 409 408 407 407 407 407 407 407 407 407 407 407
563 562 562 562 561 561 560 560 560 559 558 558 557 557 556 555 555 554 553 476 475 474 473 472 472 471 470 469 468 467 466 465 465 464 463 462 461 460 459 458 457 456 455 454 453 452 451 450 449 447 446 445 444 443 442 441 440 439 438 437 436 434 433 432 431 430 429 428 427 426 424 423 422 421 420 419 418 416 415 414 413 412 411 410 408 407 407 407 407 407 407 407 407 407 407
564 564 563 563 562 562 562 561 561 560 560 559 558 558 557 556 556 555 554 554 476 475 474 473 473 472 471 470 469 468 467 466 465 464 463 462 461 460 460 459 457 456 455 454 453 452 451 450 449 448 447 446 445 444 443 442 441 439 438 437 436 435 434 433 432 431 429 428 427 426 425 424 423 421 420 419 418 417 416 415 413 412 411 410 409 408 407 407 407 407 407 407 407 407 407
565 565 564 564 564 563 563 562 562 561 561 560 559 559 558 557 557 556 555 555 477 476 475 474 473 473 472 471 470 469 468 467 466 465 464 463 462 461 460 459 458 457 456 455 454 453 452 451 450 449 448 447 446 444 443 442 441 440 439 438 437 436 434 433 432 431 430 429 428 427 425 424 423 422 421 420 419 417 416 415 414 413 412 410 409 408 407 407 407 407 407 407 407 407 407
566 566 566 565 565 564 564 563 563 562 562 561 561 560 559 558 558 557 556 555 478 477 476 475 474 473 473 472 471 470 469 468 467 466 465 464 463 462 461 460 459 458 457 456 455 454 453 452 450 449 448 447 446 445 444 443 442 441 439 438 437 436 435 434 433 432 430 429 428 427 426 425 424 422 421 420 419 418 417 415 414 413 412 411 410 408 407 407 407 407 407 407 407 407 407
567 567 567 566 566 566 565 565 564 563 563 562 562 561 560 560 559 558 557 556 556 478 477 476 475 474 473 472 472 471 470 469 468 467 466 465 464 463 462 461 460 459 457 456 455 454 453 452 451 450 449 448 447 446 444 443 442 441 440 439 438 437 435 434 433 432 431 430 429 427 426 425 424 423 422 421 419 418 417 416 415 414 412 411 410 409 408 407 407 407 407 407 407 407 407
569 568 568 568 567 567 566 566 565 565 564 563 563 562 561 560 560 559 558 557 557 479 478 477 476 475 474 473 472 471 470 469 468 467 466 465 464 463 462 461 460 459 458 457 456 455 454 453 452 451 449 448 447 446 445 444 443 442 440 439 438 437 436 435 434 433 431 430 429 428 427 426 424 423 422 421 420 419 417 416 415 414 413 412 410 409 408 407 407 407 407 407 407 407 407
570 569 569 569 568 568 567 567 566 566 565 564 564 563 562 561 561 560 559 558 557 480 479 478 477 476 475 474 473 472 471 470 469 468 467 466 465 464 463 462 461 460 459 458 457 455 454 453 452 451 450 449 448 447 446 444 443 442 441 440 439 438 436 435 434 433 432 431 430 428 427 426 425 424 423 421 420 419 418 417 415 414 413 412 411 410 408 407 407 407 407 407 407 407 407
571 571 570 570 569 569 568 568 567 567 566 565 565 564 563 562 562 561 560 559 558 480 480 479 478 477 476 475 474 473 472 471 470 469 468 467 466 465 464 463 461 460 459 458 457 456 455 454 453 452 451 449 448 447 446 445 444 443 441 440 439 438 437 436 435 433 432 431 430 429 428 426 425 424 423 422 421 419 418 417 416 415 414 412 411 410 409 408 407 407 407 407 407 407 407
572 572 571 571 571 570 570 569 568 568 567 566 566 565 564 563 563 562 561 560 559 481 480 479 478 478 477 476 475 474 473 472 471 470 468 467 466 465 464 463 462 461 460 459 458 457 456 454 453 452 451 450 449 448 447 445 444 443 442 441 440 438 437 436 435 434 433 432 430 429 428 427 426 424 423 422 421 420 419 417 416 415 414 413 411 410 409 408 407 407 407 407 407 407 407
573 573 573 572 572 571 571 570 569 569 568 567 567 566 565 564 563 563 562 561 560 559 481 480 479 478 477 476 475 474 473 472 471 470 469 468 467 466 465 464 463 462 460 459 458 457 456 455 454 453 452 450 449 448 447 446 445 444 442 441 440 439 438 437 435 434 433 432 431 430 428 427 426 425 424 423 421 420 419 418 417 415 414 413 412 411 409 408 407 407 407 407 407 407 407
575 574 574 573 573 572 572 571 571 570 569 568 568 567 566 565 564 564 563 562 561 560 482 481 480 479 478 477 476 475 474 473 472 471 470 469 468 467 465 464 463 462 461 460 459 458 457 455 454 453 452 451 450 449 447 446 445 444 443 442 441 439 438 437 436 435 433 432 431 430 429 428 426 425 424 423 422 420 419 418 417 416 415 413 412 411 410 409 407 407 407 407 407 407 407
576 575 575 574 574 573 573 572 572 571 570 569 569 568 567 566 565 564 563 563 562 561 483 482 481 480 479 478 477 476 475 474 473 471 470 469 468 467 466 465 464 463 462 460 459 458 457 456 455 454 453 451 450 449 448 447 446 444 443 442 441 440 439 437 436 435 434 433 432 430 429 428 427 426 424 423 422 421 420 418 417 416 415 414 412 411 410 409 408 407 407 407 407 407 407
577 577 576 576 575 575 574 573 573 572 571 570 570 569 568 567 566 565 564 563 562 561 483 483 481 480 479 478 477 476 475 474 473 472 471 470 469 468 467 465 464 463 462 461 460 459 458 456 455 454 453 452 451 449 448 447 446 445 444 442 441 440 439 438 437 435 434 433 432 431 429 428 427 426 425 424 422 421 420 419 418 416 415 414 413 412 410 409 408 407 407 407 407 407 407
578 578 577 577 576 576 575 574 574 573 572 571 570 570 569 568 567 566 565 564 563 562 561 483 482 481 480 479 478 477 476 475 474 473 472 470 469 468 467 466 465 464 463 461 460 459 458 457 456 455 453 452 451 450 449 448 446 445 444 443 442 441 439 438 437 436 435 433 432 431 430 429 427 426 425 424 423 421 420 419 418 417 415 414 413 412 411 409 408 407 407 407 407 407 407
579 579 578 578 577 577 576 575 575 574 573 572 571 571 570 569 568 567 566 565 564 563 562 484 483 482 481 480 479 478 476 475 474 473 472 471 470 469 468 466 465 464 463 462 461 460 458 457 456 455 454 453 451 450 449 448 447 446 444 443 442 441 440 438 437 436 435 434 433 431 430 429 428 427 425 424 423 422 421 419 418 417 416 415 413 412 411 410 408 407 407 407 407 407 407
