testData/tiles/oneDegreeCosts/grid44.0-44.0-45.0-45.0.asc
ncols   200
nrows   200
xllcorner   44.0
yllcorner   44.0
cellsize   0.005
NODATA_value   -9999.0
[rows 42 to 83 of 200, columns 94 to 187 of 200]
380 380 381 382 383 383 384 385 386 386 386 388 388 389 389 391 391 392 392 393 394 394 395 395 396 397 397 398 399 399 400 400 401 402 402 403 403 403 404 405 405 406 406 406 408 408 408 409 409 409 410 411 411 412 412 412 413 413 414 414 415 415 415 416 416 416 418 419 419 420 420 421 421 422 422 423 423 424 425 426 426 427 427 428 522 523 523 523 524 525 525 525 526 526
380 381 382 382 383 384 385 385 387 387 388 388 390 390 390 391 392 393 393 394 394 395 396 396 397 398 398 399 399 400 401 401 402 402 402 404 404 404 405 405 407 407 407 408 408 408 410 410 410 411 411 411 411 413 413 413 414 414 414 415 416 416 416 417 417 418 418 419 419 421 422 422 423 423 424 424 425 425 426 426 427 427 522 523 524 524 524 525 525 526 526 526 527 527
381 382 383 383 384 384 386 386 387 387 389 389 390 390 392 392 392 393 394 395 395 396 397 397 398 398 399 400 400 401 401 402 403 403 404 404 405 406 406 406 407 407 408 409 409 409 410 410 411 412 412 412 413 413 413 414 415 415 415 416 416 416 417 418 418 419 420 420 421 421 422 422 424 424 425 425 426 426 427 428 428 522 523 523 524 524 525 526 527 527 527 528 528 529
382 383 383 385 385 386 386 388 388 388 389 390 391 391 392 393 394 394 394 396 396 397 397 399 399 399 400 400 401 402 402 403 403 404 405 405 405 406 407 407 408 408 408 409 410 410 411 411 411 412 413 413 414 414 414 415 415 416 416 417 417 417 418 418 418 420 421 421 422 423 423 424 424 425 425 426 427 428 428 523 523 524 524 525 525 525 526 526 527 527 528 528 529 529
382 384 384 385 385 387 387 388 389 390 390 391 392 392 393 393 395 395 396 396 397 398 398 399 399 400 401 401 402 403 403 404 404 404 406 406 407 407 407 408 409 409 410 410 410 412 412 412 413 413 413 414 415 415 415 416 416 416 417 418 418 418 419 419 420 421 421 422 423 424 424 425 425 426 426 427 427 428 523 524 524 525 525 526 526 527 527 528 528 528 529 529 530 530
383 384 385 386 386 387 388 389 389 390 391 392 392 394 394 394 395 395 397 397 398 398 399 400 400 401 402 402 403 403 403 405 405 406 406 406 408 408 408 409 409 410 411 411 411 412 412 413 414 414 414 415 415 415 417 417 417 417 418 418 418 420 420 420 421 422 422 423 423 424 425 426 427 427 428 428 523 523 524 524 524 525 526 526 527 528 529 529 529 530 530 531 531 531
385 385 386 387 388 388 388 390 390 391 391 393 393 394 394 396 396 396 397 398 399 399 399 401 401 402 402 402 404 404 405 405 406 407 407 407 408 408 409 410 410 410 411 412 412 413 413 413 414 415 415 416 416 416 417 417 418 419 419 419 419 420 420 421 423 423 423 424 425 425 426 426 427 427 429 523 524 525 525 525 526 527 527 527 527 528 529 529 529 530 532 532 532 532
385 386 387 387 388 389 390 390 392 392 392 393 394 395 395 396 397 398 398 398 400 400 401 401 401 403 403 404 404 405 406 406 406 407 408 409 409 409 410 411 411 412 412 412 413 414 414 415 415 415 416 417 417 417 418 418 418 419 420 420 420 421 421 422 423 423 425 425 426 426 427 427 428 523 523 523 524 526 526 526 527 528 528 528 529 530 530 530 530 531 532 532 532 533
386 386 388 388 389 389 391 391 392 393 394 394 394 396 396 397 397 399 399 399 400 400 402 402 402 403 404 405 405 405 406 407 408 408 408 410 410 410 411 411 411 413 413 413 414 414 414 416 416 416 417 417 417 419 419 419 419 420 420 420 422 422 423 423 424 424 425 425 426 428 428 429 523 524 524 525 526 526 526 527 528 529 529 529 530 531 531 531 532 533 533 533 533 534
387 387 388 389 390 390 391 392 393 393 394 395 396 396 396 398 398 399 399 401 401 401 402 403 404 404 404 406 406 406 407 407 409 409 409 410 410 411 412 412 412 413 414 414 415 415 415 416 417 417 418 418 418 419 419 420 420 421 421 421 422 422 423 424 425 426 426 427 427 428 522 523 525 525 525 526 527 527 527 528 529 529 529 530 531 531 532 532 533 534 534 534 534 535
387 388 389 389 391 391 392 392 394 394 395 395 397 397 397 398 399 400 400 401 402 402 403 403 405 405 405 406 406 408 408 408 409 409 410 411 411 411 412 413 413 414 414 414 416 416 416 417 417 417 419 419 419 420 420 420 421 422 422 422 423 423 424 425 425 427 427 428 429 523 523 524 525 525 525 528 528 528 528 530 530 530 530 531 532 532 532 532 534 534 534 534 535 537
388 389 390 390 391 391 393 393 394 395 396 396 397 398 399 399 399 401 401 402 402 403 404 404 405 405 406 407 407 408 409 409 410 410 410 412 412 413 413 413 415 415 415 416 416 416 418 418 418 418 419 419 420 421 421 421 422 422 422 423 424 425 425 426 427 427 427 428 524 524 524 526 526 526 526 528 528 528 528 531 531 531 531 533 533 533 533 535 535 535 535 535 537 537
389 390 390 392 392 393 393 394 395 395 396 397 398 398 400 400 400 401 402 403 403 404 404 405 406 406 407 408 408 409 409 409 411 411 411 412 412 414 414 414 415 415 416 417 417 417 418 418 419 420 420 420 420 421 422 422 423 423 423 424 424 426 426 427 428 428 522 524 524 524 526 527 527 527 528 529 529 529 530 531 531 531 531 534 534 534 534 536 536 536 536 536 538 538
389 391 391 392 393 394 394 395 396 396 397 397 399 399 400 400 401 402 402 403 404 405 405 405 407 407 408 408 409 410 410 410 411 412 413 413 413 414 415 415 416 416 416 417 418 418 419 419 419 421 421 421 421 422 422 422 424 424 424 425 426 426 426 427 429 523 523 525 525 525 527 527 527 528 530 530 530 530 532 532 532 532 533 534 534 534 535 536 537 537 537 538 539 539
390 391 392 393 393 394 395 396 396 397 398 398 399 400 401 401 402 403 403 404 404 406 406 406 407 408 409 409 409 410 411 411 412 412 413 414 414 415 415 415 417 417 417 418 418 419 420 420 420 421 421 422 423 423 423 423 424 424 425 426 427 427 427 429 523 523 525 526 526 526 528 528 528 528 530 530 530 532 533 533 533 533 534 535 535 535 536 537 537 537 537 538 539 539
391 392 392 394 394 395 395 397 397 397 398 399 400 400 402 402 403 403 404 405 405 406 407 407 408 408 409 410 410 411 411 412 413 413 414 414 415 416 416 416 417 418 418 419 419 419 420 421 421 422 422 422 423 424 424 424 425 425 425 426 428 428 522 524 524 524 526 526 526 527 529 529 529 530 531 531 531 532 533 533 534 535 536 536 536 537 537 538 538 538 539 539 540 540
391 393 393 394 395 396 396 397 398 398 399 399 401 401 402 402 404 404 404 405 406 407 407 407 409 409 410 410 411 412 412 413 413 414 415 415 415 416 417 417 418 418 418 420 420 420 421 421 421 423 423 423 424 424 424 425 426 426 426 428 428 522 523 525 525 525 527 527 527 528 529 529 530 531 532 532 533 533 534 534 534 535 536 536 536 538 538 539 539 540 540 541 541 541
392 393 394 395 395 396 397 398 398 400 400 400 401 402 403 403 404 405 405 406 406 408 408 408 409 410 411 411 411 412 413 414 414 414 416 416 416 417 417 418 419 419 419 420 420 421 422 422 422 423 423 424 425 425 425 425 426 427 427 429 523 523 524 525 525 527 528 528 528 529 530 530 531 531 532 533 534 534 535 535 536 536 537 537 538 538 538 539 539 540 540 542 542 542
393 394 394 396 396 397 397 399 399 399 401 401 402 402 404 404 405 405 406 407 407 408 409 409 410 410 412 412 412 413 413 415 415 415 416 416 417 418 418 418 419 420 420 421 421 421 423 423 423 424 424 424 426 426 426 426 427 427 521 524 524 524 525 526 526 527 528 529 530 530 531 531 532 532 533 533 534 534 536 536 537 537 538 538 539 539 539 540 541 541 541 542 542 543
393 395 395 396 397 398 398 399 400 400 401 401 403 403 404 405 406 406 406 408 408 409 409 409 411 411 412 412 413 414 414 414 416 416 417 417 417 419 419 419 420 420 421 422 422 422 423 423 424 425 425 425 426 426 427 427 428 522 523 524 524 526 526 527 528 528 529 529 530 530 532 533 533 533 534 535 535 535 536 537 537 537 539 540 540 540 540 541 542 542 542 542 543 544
394 395 396 397 397 398 399 400 400 401 402 402 403 404 405 405 406 407 407 408 408 410 410 410 411 412 413 413 413 415 415 415 416 416 418 418 418 419 419 420 421 421 421 422 423 423 424 424 424 425 426 426 427 427 427 427 523 523 524 525 525 526 526 527 529 529 530 531 531 531 532 533 533 534 535 536 536 536 537 538 538 538 538 540 540 540 540 543 543 543 543 543 545 545
395 396 396 398 398 399 399 401 401 401 403 403 404 404 406 406 406 407 408 409 409 410 411 411 412 412 414 414 414 415 415 416 417 417 418 419 419 420 420 420 422 422 422 423 423 423 425 425 425 426 426 426 427 428 428 522 523 524 525 526 527 527 527 528 529 529 530 532 532 532 533 534 534 534 536 536 537 537 539 539 539 539 540 541 541 541 541 543 543 543 543 544 545 545
395 397 397 398 398 400 400 400 402 402 403 403 405 405 406 407 407 408 408 410 410 411 411 412 413 413 414 414 415 416 416 416 418 418 418 419 419 421 421 421 422 422 423 424 424 424 425 426 426 427 427 427 427 523 523 523 524 525 525 526 528 528 528 530 530 530 530 532 532 533 535 535 535 535 537 537 537 537 538 539 540 540 541 542 542 542 543 544 544 544 544 545 546 546
396 397 398 398 399 399 401 401 402 403 404 404 405 406 407 407 407 409 409 410 410 411 412 412 413 414 414 415 415 417 417 417 418 419 419 420 420 421 422 422 423 423 423 425 425 425 426 426 426 427 428 428 522 523 523 524 525 526 526 526 528 528 528 531 531 531 532 533 533 533 534 536 536 537 537 538 538 539 539 540 540 541 541 542 543 543 544 545 545 545 546 546 547 547
397 397 398 399 400 400 401 402 403 403 405 405 406 406 407 408 408 409 410 411 411 411 413 413 414 414 415 416 416 417 418 418 419 419 419 421 421 421 422 422 423 424 424 424 425 426 426 427 427 427 428 523 523 524 524 524 526 527 527 528 529 529 529 531 531 532 533 534 534 535 535 536 536 537 538 539 539 540 540 541 541 542 542 543 543 544 544 544 545 546 547 547 548 548
397 398 399 399 400 401 402 402 404 404 405 405 407 407 407 409 409 410 410 412 412 412 413 414 415 415 415 417 417 417 418 418 420 420 420 421 422 422 423 423 423 425 425 425 426 426 426 428 428 428 523 523 523 525 525 525 526 527 527 529 530 530 531 531 532 533 533 535 535 536 536 537 537 538 538 539 540 540 541 542 543 543 543 544 544 545 545 545 546 547 547 547 547 548
398 398 400 400 401 401 403 403 404 405 406 406 406 408 408 409 409 411 411 411 413 413 414 414 415 416 416 417 417 418 419 419 420 421 421 422 422 422 424 424 424 425 425 426 427 427 427 428 523 523 524 524 524 525 525 526 527 528 528 529 530 530 532 532 533 534 534 534 535 536 537 538 539 539 539 540 541 541 541 542 543 544 544 544 546 546 546 546 547 548 548 548 548 549
399 399 400 401 402 402 403 404 405 405 406 407 407 408 409 410 410 411 412 412 413 413 415 415 415 416 417 418 418 418 420 420 420 421 421 423 423 423 424 425 425 426 426 426 427 428 428 523 523 523 525 525 525 525 526 527 527 529 530 530 530 532 532 532 534 535 535 535 537 537 537 537 539 540 540 541 542 542 542 543 544 544 544 544 546 546 547 547 548 549 549 549 549 551
399 400 401 401 402 403 403 404 405 406 406 407 408 409 409 411 411 411 412 413 414 414 414 416 416 417 417 418 419 419 420 421 421 422 422 422 424 424 424 425 425 426 427 427 427 428 523 523 524 524 524 525 526 526 527 528 528 529 530 531 531 533 533 533 535 535 536 536 538 538 538 539 540 540 540 541 543 543 543 544 545 545 545 546 546 547 547 547 548 549 549 549 550 551
399 400 401 402 402 403 404 405 405 407 407 408 408 410 410 410 412 412 413 413 415 415 415 416 417 418 418 418 420 420 420 421 421 423 423 423 424 425 425 426 426 426 428 428 428 523 523 523 525 525 525 526 526 526 528 529 529 529 531 531 531 534 534 534 535 536 536 537 537 539 539 540 541 541 541 542 543 543 543 545 545 546 546 547 547 548 548 549 549 550 550 550 551 551
400 401 401 402 403 404 404 406 406 407 408 409 409 409 411 411 412 412 414 414 414 415 416 417 417 417 419 419 420 420 421 422 422 422 424 424 425 425 425 427 427 427 428 428 523 524 524 524 525 525 526 527 527 527 528 529 530 531 532 532 533 533 534 535 536 537 537 538 538 539 540 541 541 542 543 543 543 544 545 545 545 546 547 548 548 549 549 550 550 550 551 551 552 552
400 402 402 403 403 405 405 406 407 407 408 408 410 410 411 412 413 413 413 415 415 416 416 418 418 418 419 420 420 421 421 423 423 423 424 424 425 426 426 426 428 428 428 523 523 523 525 525 525 526 526 527 528 528 529 530 530 531 532 533 534 534 535 536 536 537 538 539 539 540 541 541 541 542 544 544 544 545 546 546 546 547 548 548 548 548 550 550 551 551 552 553 553 553
401 402 402 403 404 404 406 406 407 408 409 409 410 411 412 412 413 414 414 415 416 417 417 417 419 419 420 420 421 422 422 422 423 424 425 425 425 427 427 427 428 522 523 524 524 524 525 526 526 527 527 527 528 529 530 530 531 532 532 533 535 535 536 537 537 537 539 540 540 540 542 542 542 543 544 544 544 546 547 547 547 548 549 549 549 549 551 551 551 551 551 553 553 553
402 402 403 403 405 405 406 407 408 408 410 410 411 411 412 413 413 414 415 416 416 417 418 418 419 420 420 421 421 422 423 423 424 424 425 426 426 426 427 428 523 523 523 524 525 525 526 526 526 528 528 528 528 530 530 531 533 533 533 535 535 535 536 538 538 538 539 540 540 541 543 543 543 544 545 545 545 546 547 547 547 549 549 550 550 551 551 552 552 552 553 553 554 554
402 402 404 404 405 406 407 407 409 409 409 410 411 412 412 414 414 415 415 416 417 417 418 419 419 420 420 422 422 422 423 424 425 425 425 427 427 427 428 522 523 524 524 524 525 526 526 527 527 527 528 529 529 531 531 531 533 534 534 535 536 536 537 538 539 540 540 541 541 542 542 543 543 545 545 546 547 547 547 548 548 549 549 550 550 552 552 552 553 553 554 554 555 555
402 403 403 405 405 406 407 408 408 410 410 411 411 413 413 414 415 415 416 416 418 418 418 419 420 421 421 421 423 423 424 424 425 426 426 426 427 428 523 523 523 524 525 525 526 526 526 528 528 528 529 529 530 531 532 532 533 534 534 536 537 537 538 538 539 540 541 541 542 543 543 544 545 545 545 547 548 548 548 549 550 550 550 550 552 552 552 552 553 554 555 555 555 556
402 404 404 405 406 407 407 409 409 410 411 412 412 412 414 414 415 415 417 417 417 419 419 420 420 422 422 422 423 424 424 425 425 426 427 427 428 522 523 524 524 524 525 526 526 527 527 527 529 529 529 530 531 531 533 534 534 534 536 536 536 539 539 539 539 541 541 541 543 544 544 544 546 546 546 546 548 548 548 549 551 551 551 551 553 553 553 553 553 555 555 555 555 555
403 404 405 406 406 408 408 409 410 410 411 411 413 413 414 415 416 416 416 418 418 419 419 421 421 421 423 423 424 424 424 426 426 426 427 428 522 523 523 524 525 525 526 526 526 528 528 528 529 529 530 531 532 532 532 534 535 535 537 537 537 538 539 540 541 542 542 542 543 544 544 546 546 547 547 548 548 549 549 550 550 551 552 553 553 554 554 554 555 555 556 556 556 557
404 404 405 406 407 407 409 409 410 411 412 412 413 414 415 415 416 417 417 418 419 420 420 420 422 422 423 423 424 425 425 425 427 427 428 522 523 524 524 524 525 526 526 527 527 527 529 529 529 530 530 530 533 533 533 535 535 535 537 538 538 539 540 540 541 542 543 544 544 545 545 546 546 547 548 549 549 550 550 551 551 552 552 553 553 553 554 555 556 556 557 557 558 558
404 405 406 406 408 408 409 410 411 411 412 413 413 414 415 416 416 418 418 418 419 420 421 421 422 423 423 424 424 425 426 426 427 428 522 523 523 523 525 525 526 526 526 528 528 528 529 529 530 530 531 532 532 534 535 535 536 537 537 538 540 540 540 541 542 542 543 545 545 545 546 547 547 547 549 549 549 550 552 552 552 552 553 554 554 554 554 556 556 556 556 557 558 559
404 405 406 407 407 409 409 410 411 412 412 413 414 415 415 416 417 417 418 419 420 420 421 422 422 423 424 424 425 425 427 427 427 522 522 524 524 524 525 526 526 527 527 527 529 529 529 530 530 531 532 533 533 534 535 536 536 538 538 538 540 540 541 542 543 543 543 545 545 545 547 548 548 548 549 550 550 550 551 552 553 553 554 555 555 555 555 557 557 557 557 558 559 559
405 406 406 408 408 409 410 411 411 413 413 413 414 415 416 416 418 418 419 419 420 421 421 422 423 423 424 424 426 426 426 427 522 523 523 523 525 525 525 526 526 527 528 528 528 529 530 530 531 531 531 534 534 534 536 536 536 539 539 539 540 541 541 542 544 544 545 545 546 546 547 547 549 549 550 550 551 551 552 552 553 553 554 554 556 556 557 557 558 558 558 559 559 560
