testData/tiles/oneDegreeCosts/grid9.0-34.0-10.0-35.0.asc
ncols   200
nrows   200
xllcorner   9.0
yllcorner   34.0
cellsize   0.005
NODATA_value   -9999.0
[rows 42 to 83 of 200, columns 94 to 187 of 200]
611 611 611 611 611 611 611 611 611 611 611 611 611 611 611 611 611 611 611 611 611 611 611 679 679 679 679 679 678 678 678 678 678 679 678 678 678 678 678 677 677 677 677 609 609 609 609 608 608 608 608 607 607 607 607 606 606 606 606 605 605 605 604 604 604 603 603 603 602 602 602 602 601 601 600 600 600 599 599 599 599 599 599 599 599 599 599 599 599 599 599 599 599 599
611 611 611 611 611 611 611 611 611 611 611 611 611 611 611 611 611 611 611 611 611 611 611 680 679 679 679 679 679 679 678 678 678 678 679 678 678 678 678 678 677 677 610 610 609 609 609 609 608 608 608 608 607 607 607 607 606 606 606 605 605 605 605 604 604 604 603 603 603 602 602 602 601 601 601 600 600 600 599 599 599 599 599 599 599 599 599 599 599 599 599 599 599 599
611 611 611 611 611 611 611 611 611 611 611 611 611 611 611 611 611 611 611 611 611 611 611 680 680 679 679 679 679 679 679 678 678 678 679 679 678 678 678 678 677 610 610 610 610 609 609 609 609 608 608 608 608 607 607 607 607 606 606 606 605 605 605 604 604 604 604 603 603 603 602 602 602 601 601 601 600 600 599 599 599 599 599 599 599 599 599 599 599 599 599 599 599 599
611 611 611 611 611 611 611 611 611 611 611 611 611 611 611 611 611 611 611 611 611 611 611 680 680 680 679 679 679 679 679 679 678 678 678 679 679 678 678 678 611 610 610 610 610 610 609 609 609 609 608 608 608 608 607 607 607 606 606 606 606 605 605 605 604 604 604 603 603 603 602 602 602 601 601 601 600 600 600 599 599 599 599 599 599 599 599 599 599 599 599 599 599 599
611 611 611 611 611 611 611 611 611 611 611 611 611 611 611 611 611 611 611 611 611 611 611 680 680 680 680 679 679 679 679 679 679 678 678 679 679 679 678 611 611 611 610 610 610 610 609 609 609 609 609 608 608 608 607 607 607 607 606 606 606 605 605 605 605 604 604 604 603 603 603 602 602 602 601 601 601 600 600 600 599 599 599 599 599 599 599 599 599 599 599 599 599 599
611 611 611 611 611 611 611 611 611 611 611 611 611 611 611 611 611 611 611 611 611 611 611 680 680 680 680 680 679 679 679 679 679 679 678 678 679 679 612 611 611 611 611 610 610 610 610 609 609 609 609 608 608 608 608 607 607 607 607 606 606 606 605 605 605 604 604 604 604 603 603 603 602 602 602 601 601 600 600 600 599 599 599 599 599 599 599 599 599 599 599 599 599 633
611 611 611 611 611 611 611 611 611 611 611 611 611 611 611 611 611 611 611 611 611 611 611 681 680 680 680 680 680 679 679 679 679 679 679 678 679 612 612 611 611 611 611 611 610 610 610 610 609 609 609 609 608 608 608 608 607 607 607 606 606 606 606 605 605 605 604 604 604 603 603 603 602 602 602 601 601 601 600 600 600 599 599 599 599 599 599 599 599 599 599 634 634 633
611 611 611 611 611 611 611 611 611 611 611 611 611 611 611 611 611 611 611 611 611 611 681 681 681 680 680 680 680 680 679 679 679 679 679 679 678 612 612 612 611 611 611 611 611 610 610 610 610 609 609 609 609 608 608 608 607 607 607 607 606 606 606 605 605 605 605 604 604 604 603 603 603 602 602 602 601 601 601 600 600 599 599 599 599 599 599 599 599 599 635 634 634 634
611 611 611 611 611 611 611 611 611 611 611 611 611 611 611 611 611 611 611 611 611 611 611 681 681 681 680 680 680 680 680 679 679 679 679 679 612 612 612 612 612 611 611 611 611 610 610 610 610 610 609 609 609 608 608 608 608 607 607 607 607 606 606 606 605 605 605 604 604 604 603 603 603 602 602 602 601 601 601 600 600 600 599 599 599 599 599 599 599 635 635 635 634 633
611 611 611 611 611 611 611 611 611 611 611 611 611 611 611 611 611 611 611 611 611 611 611 681 681 681 681 680 680 680 680 680 679 679 679 612 612 612 612 612 612 612 611 611 611 611 610 610 610 610 609 609 609 609 608 608 608 608 607 607 607 606 606 606 606 605 605 605 604 604 604 603 603 603 602 602 602 601 601 601 600 600 599 599 599 599 599 599 636 636 635 635 634 633
611 611 611 611 611 611 611 611 611 611 611 611 611 611 611 611 611 611 611 611 611 611 611 681 681 681 681 681 680 680 680 680 680 679 612 612 612 612 612 612 612 612 612 611 611 611 611 610 610 610 610 609 609 609 609 608 608 608 607 607 607 607 606 606 606 605 605 605 604 604 604 604 603 603 602 602 602 601 601 601 600 600 600 599 599 599 599 637 636 636 635 635 634 633
611 611 611 611 611 611 611 611 611 611 611 611 611 611 611 611 611 611 611 611 611 611 611 681 681 681 681 681 681 680 680 680 680 613 612 612 612 612 612 612 612 612 612 612 611 611 611 611 610 610 610 610 609 609 609 609 608 608 608 607 607 607 607 606 606 606 605 605 605 604 604 604 603 603 603 602 602 602 601 601 601 600 600 599 599 599 637 637 636 636 636 634 634 633
611 611 611 611 611 611 611 611 611 611 611 611 611 611 611 611 611 611 611 611 611 611 611 682 681 681 681 681 681 681 680 680 613 613 613 612 612 612 612 612 612 612 612 612 611 611 611 611 611 610 610 610 609 609 609 609 608 608 608 608 607 607 607 606 606 606 605 605 605 605 604 604 604 603 603 603 602 602 601 601 601 600 600 600 599 638 637 637 637 636 635 634 634 634
611 611 611 611 611 611 611 611 611 611 611 611 611 611 611 611 611 611 611 611 611 611 611 682 682 681 681 681 681 681 681 613 613 613 613 613 612 612 612 612 612 612 612 612 612 611 611 611 611 610 610 610 610 609 609 609 609 608 608 608 607 607 607 607 606 606 606 605 605 605 604 604 604 603 603 603 602 602 602 601 601 601 600 600 638 638 638 637 637 636 635 635 634 634
611 611 611 611 611 611 611 611 611 611 611 611 611 611 611 611 611 611 611 611 611 611 611 682 682 682 681 681 681 681 614 614 613 613 613 613 613 612 612 612 612 612 612 612 612 612 611 611 611 611 610 610 610 610 609 609 609 609 608 608 608 607 607 607 606 606 606 606 605 605 605 604 604 604 603 603 603 602 602 601 601 601 600 639 639 638 638 637 637 636 635 635 634 634
611 611 611 611 611 611 611 611 611 611 611 611 611 611 611 611 611 611 611 611 611 611 611 682 682 682 682 681 681 614 614 614 614 613 613 613 613 613 612 612 612 612 612 612 612 612 612 611 611 611 611 610 610 610 610 609 609 609 608 608 608 608 607 607 607 606 606 606 605 605 605 604 604 604 603 603 603 602 602 602 601 601 640 639 639 638 638 638 636 636 635 635 635 634
611 611 611 611 611 611 611 611 611 611 611 611 611 611 611 611 611 611 611 611 611 611 611 681 682 682 682 682 614 614 614 614 614 614 613 613 613 613 613 612 612 612 612 612 612 612 612 611 611 611 611 610 610 610 610 609 609 609 609 608 608 608 607 607 607 607 606 606 606 605 605 605 604 604 604 603 603 603 602 602 601 640 640 639 639 639 638 637 636 636 636 635 635 634
611 611 611 611 611 611 611 611 611 611 611 611 611 611 611 611 611 611 611 611 611 611 611 681 682 682 682 615 615 614 614 614 614 614 613 613 613 613 613 612 612 612 612 612 611 611 612 612 611 611 611 611 610 610 610 610 609 609 609 608 608 608 608 607 607 607 606 606 606 605 605 605 604 604 604 603 603 603 602 602 641 640 640 640 639 638 637 637 637 636 636 635 635 635
611 611 611 611 611 611 611 611 611 611 611 611 611 611 611 611 611 611 611 611 611 611 611 682 682 682 615 615 615 615 614 614 614 614 614 613 613 613 613 613 612 612 612 612 612 611 611 612 612 611 611 611 611 610 610 610 609 609 609 609 608 608 608 607 607 607 607 606 606 606 605 605 605 604 604 604 603 603 603 641 641 640 640 640 638 638 638 637 637 636 636 636 635 635
611 612 611 611 611 611 611 611 611 611 611 611 611 611 611 611 611 611 611 611 611 611 611 682 682 615 615 615 615 615 615 614 614 614 614 614 613 613 613 613 613 612 612 612 612 611 611 611 612 611 611 611 611 610 610 610 610 609 609 609 609 608 608 608 607 607 607 606 606 606 605 605 605 604 604 604 603 603 642 641 641 641 640 639 639 638 638 637 637 637 636 636 635 635
611 612 612 612 611 611 611 611 611 611 611 611 612 611 611 611 611 611 611 611 611 611 611 682 615 615 615 615 615 615 615 615 614 614 614 614 614 613 613 613 613 613 612 612 612 612 611 611 611 611 611 611 611 611 610 610 610 610 609 609 609 608 608 608 608 607 607 607 606 606 606 605 605 605 604 604 604 642 642 642 641 640 639 639 639 638 638 638 637 637 636 636 636 635
611 611 612 612 612 611 611 611 611 611 611 611 611 612 611 611 611 611 611 611 611 611 611 615 615 615 615 615 615 615 615 615 615 614 614 614 614 614 613 613 613 613 612 612 612 612 612 611 611 611 611 610 611 611 611 610 610 610 609 609 609 609 608 608 608 607 607 607 606 606 606 605 605 605 604 604 643 642 642 641 640 640 640 639 639 638 638 638 637 637 637 636 636 635
611 611 612 612 612 612 612 611 611 611 611 611 611 612 612 611 611 611 611 611 611 611 611 615 615 615 615 615 615 615 615 615 615 615 614 614 614 614 614 613 613 613 613 612 612 612 612 611 611 611 611 610 610 610 611 610 610 610 610 609 609 609 608 608 608 608 607 607 607 606 606 606 605 605 605 643 643 642 641 641 641 640 640 639 639 639 638 638 637 637 637 636 636 635
611 611 611 612 612 612 612 612 611 611 611 611 611 611 612 612 611 611 611 611 611 611 611 615 615 615 615 615 616 615 615 615 615 615 614 614 614 614 614 613 613 613 613 613 612 612 612 612 611 611 611 611 610 610 610 610 610 610 610 609 609 609 609 608 608 608 607 607 607 606 606 606 605 605 644 642 642 642 641 641 641 640 640 640 639 639 638 638 638 637 637 636 636 636
611 611 611 612 612 612 612 612 612 612 611 611 611 611 612 612 612 611 611 611 611 611 611 616 615 615 615 615 615 616 615 615 615 615 615 614 614 614 614 614 613 613 613 613 612 612 612 612 612 611 611 611 611 610 610 610 609 609 609 609 609 609 609 608 608 608 608 607 607 607 606 605 605 643 643 643 642 642 642 641 641 640 640 640 639 639 639 638 638 637 637 637 636 636
612 611 611 611 612 612 612 612 612 612 612 611 611 611 611 612 612 612 612 611 611 611 611 616 616 615 615 615 615 615 616 615 615 615 615 615 614 614 614 614 614 613 613 613 613 612 612 612 612 611 611 611 611 610 610 610 610 609 609 609 609 608 608 608 607 607 607 606 606 606 605 605 605 643 643 643 642 642 642 641 641 641 640 640 640 639 639 638 638 638 637 637 636 636
612 612 612 611 612 612 612 612 612 612 612 612 611 611 611 611 612 612 611 611 611 611 611 616 616 616 615 615 615 615 615 616 615 615 615 615 615 614 614 614 614 613 613 613 613 613 612 612 612 612 611 611 611 611 610 610 610 610 609 609 609 608 608 608 607 607 607 607 606 606 606 605 644 644 643 643 643 642 642 642 641 641 640 640 640 639 639 639 638 638 637 637 637 636
612 612 612 612 612 612 612 612 612 612 612 612 612 611 611 611 612 611 611 611 611 611 611 616 616 616 616 615 615 615 615 615 615 615 615 615 615 614 614 614 614 614 613 613 613 613 612 612 612 612 612 611 611 611 610 610 610 610 609 609 609 609 608 608 608 607 607 607 606 606 606 644 644 644 643 643 643 642 642 642 641 641 641 640 640 639 639 639 638 638 638 637 637 636
612 612 612 612 612 613 612 612 612 612 612 612 612 612 612 611 611 611 611 611 611 611 611 616 616 616 616 616 615 615 615 615 615 615 615 615 615 615 614 614 614 614 614 613 613 613 613 612 612 612 612 611 611 611 611 610 610 610 610 609 609 609 608 608 608 608 607 607 607 606 645 645 644 644 644 643 643 643 642 642 642 641 641 640 640 640 639 639 638 638 638 637 637 636
612 612 612 612 612 612 613 612 612 612 612 612 612 612 612 611 611 611 611 611 611 611 611 616 616 616 616 616 616 615 615 615 615 616 615 615 615 615 615 614 614 614 614 613 613 613 613 613 612 612 612 612 611 611 611 611 610 610 610 609 609 609 609 608 608 608 607 607 607 645 645 645 644 644 644 643 643 643 642 642 642 641 641 641 640 640 639 639 639 638 638 637 637 637
612 612 612 612 612 612 613 613 613 612 612 612 612 612 611 611 611 611 611 611 611 611 611 616 616 616 616 616 616 615 615 615 615 615 615 615 615 615 615 615 614 614 614 614 613 613 613 613 612 612 612 612 611 611 611 611 610 610 610 610 609 609 609 608 608 608 608 607 646 646 645 645 645 644 644 644 643 643 643 642 642 641 641 641 640 640 640 639 639 638 638 638 637 637
612 612 612 612 612 612 612 613 613 613 612 612 612 611 611 611 611 611 611 611 611 611 611 617 616 616 616 616 616 616 615 615 615 615 615 615 615 615 615 615 614 614 614 614 614 613 613 613 613 612 612 612 612 611 611 611 611 610 610 610 609 609 609 609 608 608 608 646 646 646 645 645 645 644 644 644 643 643 643 642 642 642 641 641 640 640 640 639 639 639 638 638 637 637
613 612 612 612 612 612 612 613 613 613 613 612 611 611 611 611 611 611 611 611 611 611 611 617 617 616 616 616 616 616 616 615 615 615 615 615 615 615 615 615 615 614 614 614 614 613 613 613 613 613 612 612 612 611 611 611 611 610 610 610 610 609 609 609 608 608 647 646 646 646 646 645 645 645 644 644 644 643 643 642 642 642 641 641 641 640 640 639 639 639 638 638 637 637
613 613 613 612 612 612 612 612 613 613 613 611 611 611 611 611 611 611 611 611 611 611 611 611 617 617 616 616 616 616 616 616 615 615 615 615 615 615 615 615 615 615 614 614 614 614 613 613 613 613 612 612 612 612 611 611 611 611 610 610 610 609 609 609 609 647 647 647 646 646 646 645 645 645 644 644 644 643 643 643 642 642 642 641 641 640 640 640 639 639 638 638 638 636
613 613 613 613 612 612 612 612 612 613 611 611 611 611 611 611 611 611 611 611 611 611 611 611 617 617 617 616 616 616 616 616 615 615 615 615 615 615 614 615 615 615 614 614 614 614 614 613 613 613 613 612 612 612 612 611 611 611 610 610 610 610 609 609 648 647 647 647 646 646 646 646 645 645 645 644 644 643 643 643 642 642 642 641 641 641 640 640 639 639 639 638 637 636
613 613 613 613 613 613 612 612 611 611 611 611 611 611 611 611 611 611 611 611 611 611 611 611 617 617 617 617 616 616 616 616 616 615 615 615 615 615 614 614 614 615 615 614 614 614 614 613 613 613 613 612 612 612 612 611 611 611 611 610 610 610 609 648 648 648 647 647 647 646 646 646 645 645 645 644 644 644 643 643 643 642 642 641 641 641 640 640 640 639 638 637 637 637
613 613 613 613 613 613 613 611 611 611 611 611 611 611 611 611 611 611 611 611 611 611 611 611 617 617 617 617 616 616 616 616 616 616 615 615 615 615 615 614 614 614 615 614 614 614 614 614 613 613 613 613 612 612 612 612 611 611 611 610 610 610 610 648 648 648 647 647 647 646 646 646 645 645 645 644 644 644 643 643 643 642 642 642 641 641 640 640 640 638 638 637 637 637
613 613 613 613 613 613 611 611 611 611 611 611 611 611 611 611 611 611 611 611 611 611 611 611 617 617 617 617 617 616 616 616 616 616 616 615 615 615 615 615 614 614 614 614 614 614 614 614 613 613 613 613 612 612 612 612 611 611 611 611 610 610 649 648 648 648 648 647 647 647 646 646 646 645 645 645 644 644 644 643 643 642 642 642 641 641 641 639 639 638 638 638 637 637
612 613 613 613 613 611 611 611 611 611 611 611 611 611 611 611 611 611 611 611 611 611 611 611 617 617 617 617 617 617 616 616 616 616 616 615 615 615 615 615 614 614 614 614 614 613 614 614 614 613 613 613 613 612 612 612 612 611 611 611 610 649 649 649 648 648 648 647 647 647 646 646 646 645 645 645 644 644 644 643 643 643 642 642 642 640 640 639 639 639 638 638 637 637
613 613 613 613 611 611 611 611 611 611 611 611 611 611 611 611 611 611 611 611 611 611 611 611 617 617 617 617 617 617 617 616 616 616 616 616 615 615 615 615 615 614 614 614 614 613 613 613 614 613 613 613 613 612 612 612 612 611 611 611 650 649 649 649 648 648 648 647 647 647 647 646 646 646 645 645 645 644 644 643 643 643 642 641 641 640 640 640 639 639 638 638 638 637
613 613 613 611 611 611 611 611 611 611 611 611 611 611 611 611 611 611 611 611 611 611 611 611 617 617 617 617 617 617 617 616 616 616 616 616 616 615 615 615 615 614 614 614 614 614 613 613 613 613 613 613 613 613 612 612 612 612 611 650 650 649 649 649 649 648 648 648 647 647 647 646 646 646 645 645 645 644 644 644 643 642 642 641 641 640 640 640 639 639 638 638 638 637
613 613 611 611 611 611 611 611 611 611 611 611 611 611 611 611 611 611 611 611 611 611 611 611 617 617 617 617 617 617 617 617 616 616 616 616 616 615 615 615 615 615 614 614 614 614 613 613 613 613 612 612 612 613 612 612 612 612 650 650 650 650 649 649 649 648 648 648 647 647 647 646 646 646 645 645 645 644 643 643 642 642 642 641 641 641 640 640 639 639 639 638 638 637
