testData/tiles/oneDegreeCosts/grid24.0-3.0-25.0-4.0.asc
ncols   200
nrows   200
xllcorner   24.0
yllcorner   3.0
cellsize   0.005
NODATA_value   -9999.0
[rows 84 to 125 of 200, columns 0 to 93 of 200]
792 793 793 794 794 795 795 796 796 797 797 798 797 799 798 798 799 799 799 800 799 799 799 800 800 800 967 966 965 966 966 966 967 966 965 965 965 964 963 964 964 963 962 962 961 960 959 959 958 957 958 957 955 954 954 953 951 950 949 949 948 946 944 944 942 940 939 939 937 936 934 931 930 929 927 926 923 922 919 918 915 913 912 910 909 908 907 905 904 904 904 904 904 906
792 792 792 793 794 794 794 795 796 796 796 797 797 798 797 797 799 799 798 799 798 799 800 800 799 965 966 966 965 966 966 966 966 965 965 965 965 964 963 963 963 962 961 961 960 959 959 959 958 957 956 956 955 954 953 952 951 949 948 948 947 946 944 944 943 940 939 938 936 935 933 931 930 929 926 925 922 921 920 918 914 912 911 911 909 907 907 907 904 904 904 904 905 906
791 791 793 793 793 793 795 796 795 795 797 797 796 797 797 798 798 798 798 799 798 799 799 799 799 965 966 965 965 966 965 966 966 965 964 964 964 963 962 963 962 962 961 961 960 959 959 959 958 957 956 956 955 954 953 953 951 950 948 948 946 945 943 943 942 941 938 938 936 935 933 931 930 928 926 925 923 921 919 917 915 912 911 910 909 907 907 906 904 904 904 904 904 906
790 791 793 792 792 793 794 794 794 795 796 796 796 797 797 797 798 798 798 798 798 798 798 799 798 965 965 964 966 966 965 965 965 964 964 963 964 963 962 963 962 961 960 960 959 959 958 958 957 956 955 955 954 953 952 952 951 949 948 947 946 945 944 943 942 940 937 937 936 934 933 931 930 927 926 924 922 921 919 916 914 912 912 911 908 907 906 906 904 904 904 904 904 905
790 791 792 792 792 794 793 794 794 795 795 796 796 796 797 797 798 797 797 797 799 798 797 798 797 965 965 964 965 965 964 964 965 964 964 963 963 962 962 962 961 960 960 960 960 959 958 958 957 956 955 955 954 953 952 952 951 950 948 946 945 944 943 942 941 940 938 937 936 933 932 930 930 927 926 924 921 921 918 916 914 912 911 910 910 909 905 905 905 904 904 904 904 905
789 790 792 791 791 793 793 793 793 794 796 795 795 795 797 796 797 796 797 798 798 797 797 798 797 964 964 964 964 965 965 964 964 963 963 962 962 962 962 962 961 960 960 960 959 958 957 957 956 955 954 954 953 952 951 951 950 949 948 947 945 944 943 943 940 939 938 936 935 933 932 931 929 926 925 923 922 921 917 915 914 912 911 910 909 908 906 905 904 904 904 904 904 905
789 790 791 791 791 793 792 792 795 794 795 794 795 796 796 795 797 796 796 797 797 797 797 797 797 963 965 965 964 964 964 963 963 964 963 962 962 962 961 961 960 960 960 960 959 959 957 957 956 955 954 954 953 952 951 951 949 948 947 946 945 943 942 942 940 939 938 936 934 933 931 930 929 928 925 922 921 920 918 916 913 912 912 910 909 907 907 905 904 904 904 904 904 905
790 789 790 791 791 792 791 792 794 793 793 794 794 795 795 795 796 796 796 796 797 796 796 796 797 964 964 964 963 963 964 963 962 963 962 961 961 961 962 961 961 960 960 960 959 958 957 957 956 954 953 953 952 951 950 950 949 948 947 947 945 944 942 941 939 938 937 935 935 933 931 929 928 927 924 923 921 919 917 915 913 912 911 909 908 908 906 905 904 904 904 904 904 905
789 788 790 791 790 791 791 792 793 793 793 793 794 794 795 795 794 797 796 795 796 795 796 796 797 963 963 963 963 963 963 962 962 962 962 961 962 962 961 960 960 960 959 959 958 957 956 956 956 955 954 953 952 950 949 949 948 947 946 946 945 943 942 941 940 938 937 935 934 933 930 929 928 926 924 922 920 919 918 915 912 911 911 910 908 907 906 905 904 904 904 904 904 904
788 788 789 790 790 791 791 791 793 792 792 793 794 794 794 794 794 796 795 795 796 795 795 795 963 963 963 963 962 963 962 962 962 962 962 961 962 961 960 959 960 960 959 959 958 957 956 956 955 954 953 953 952 950 949 949 948 947 946 946 945 942 941 940 939 937 936 935 934 933 929 928 927 926 924 923 919 918 917 915 912 910 910 909 908 906 905 904 904 904 904 904 904 904
788 787 789 790 789 790 791 791 792 791 792 794 793 793 794 794 794 795 795 795 795 795 795 796 963 962 963 962 961 963 962 961 961 962 961 961 962 961 960 959 960 959 958 958 957 956 955 955 954 954 953 953 952 951 948 948 947 946 945 945 944 943 941 941 939 937 935 934 933 932 931 928 926 925 924 922 919 919 916 914 912 910 911 910 909 906 905 904 904 904 904 904 904 904
787 787 789 789 789 789 791 790 791 791 792 793 792 793 793 793 793 795 794 794 794 795 795 795 962 961 963 962 961 962 961 961 962 962 961 961 961 960 959 959 959 959 958 958 957 956 955 956 955 954 953 953 952 951 950 948 947 946 945 945 943 942 940 939 939 937 935 934 934 931 930 927 926 925 924 921 919 918 916 914 911 910 911 910 908 906 904 904 904 904 904 904 904 904
786 788 788 788 789 790 790 789 791 791 791 793 792 792 792 794 793 794 793 793 794 795 794 795 962 961 962 961 961 961 962 961 961 961 960 960 960 960 959 959 959 958 957 956 956 955 955 955 954 953 952 952 951 950 949 949 947 945 944 944 943 942 941 939 938 937 934 933 933 931 930 927 925 924 923 921 920 916 915 913 912 910 909 909 908 907 905 904 904 904 904 904 904 904
786 787 787 788 788 789 789 789 790 791 791 792 791 791 793 793 792 793 793 793 793 794 794 795 961 961 961 961 961 961 961 961 960 961 960 960 960 959 958 958 958 957 956 956 956 956 955 955 954 953 952 952 951 950 949 949 948 946 943 943 942 941 940 938 938 937 934 933 932 930 929 927 926 924 922 920 919 917 915 912 911 911 909 908 907 907 905 904 904 904 904 904 904 904
786 786 787 787 788 788 789 789 789 791 790 791 790 791 792 792 792 793 792 792 793 794 793 794 960 961 961 960 961 960 960 961 960 960 959 959 959 958 958 958 958 957 956 955 955 955 954 954 953 952 951 951 950 949 948 948 947 946 944 943 942 941 940 937 937 936 935 932 932 930 928 927 925 924 922 920 918 916 914 913 910 910 909 908 907 906 905 904 904 904 904 904 904 904
785 786 786 786 788 788 788 788 790 790 789 791 790 791 792 792 792 792 792 793 793 793 792 794 960 960 960 960 961 960 960 960 959 959 960 959 958 958 958 957 957 956 955 955 955 955 954 953 953 952 951 951 950 949 948 948 946 945 944 942 941 940 939 938 937 936 935 932 931 930 928 927 925 924 921 919 918 916 914 912 911 910 908 907 907 906 904 904 904 904 904 904 904 904
785 785 785 787 787 787 787 788 789 789 789 790 790 790 792 791 791 792 792 792 793 792 792 793 959 959 961 960 960 959 959 959 959 959 959 958 957 957 957 957 957 956 955 955 955 954 953 952 952 951 950 949 949 948 947 946 946 945 944 942 942 940 938 937 936 935 934 932 931 929 927 926 924 924 921 919 917 915 915 911 910 909 908 908 906 905 904 904 904 904 904 904 904 904
784 784 785 786 786 787 787 788 788 789 789 789 791 790 791 790 791 791 792 791 793 792 792 792 959 959 959 959 959 959 960 959 958 958 958 957 957 957 957 956 956 955 954 954 954 953 952 952 952 951 950 949 949 947 946 945 945 944 943 942 941 939 938 937 936 934 933 932 930 929 927 926 923 923 921 919 917 914 914 912 910 908 908 908 906 904 904 904 904 904 904 904 904 904
783 784 785 785 785 786 786 787 788 788 788 789 790 789 790 790 790 791 792 791 792 791 791 792 958 959 958 960 959 958 959 958 957 959 958 957 956 957 956 956 957 956 956 955 955 954 953 952 951 950 949 948 948 947 946 945 945 944 943 942 941 939 937 936 936 934 933 932 929 929 926 925 923 923 920 918 916 915 913 911 909 908 908 908 907 905 904 904 904 904 904 904 904 904
782 783 784 784 785 785 786 787 787 787 788 789 789 789 790 789 789 791 791 790 791 791 791 790 958 959 958 959 958 957 959 958 957 958 957 956 956 958 957 956 956 955 955 954 954 953 952 951 951 950 949 947 947 946 945 944 944 943 942 941 941 939 938 936 935 933 932 931 929 929 927 924 923 922 920 919 915 914 913 911 909 908 907 908 906 904 904 904 904 904 904 904 904 904
784 783 783 784 784 784 786 786 786 787 788 788 789 788 789 789 790 790 790 789 791 790 790 790 959 958 957 958 958 957 958 957 957 957 957 957 956 957 956 955 954 955 955 954 954 953 952 951 951 950 949 948 947 946 945 944 944 943 942 940 940 938 937 936 935 933 932 930 928 928 927 924 923 920 920 918 916 913 912 910 909 907 907 906 906 904 904 904 904 904 904 904 904 904
784 783 784 785 784 785 785 785 786 786 787 787 788 788 788 789 789 789 790 789 789 789 791 790 958 957 957 958 957 957 957 957 957 957 957 956 956 956 956 955 954 955 954 953 953 952 951 950 950 949 948 948 947 946 944 943 943 942 941 940 940 939 937 935 934 933 931 930 929 928 926 924 922 920 920 917 915 913 911 909 909 908 908 906 906 905 904 904 904 904 904 904 904 904
784 784 784 785 785 785 785 786 786 786 787 787 787 788 788 789 788 789 789 789 789 789 790 789 957 957 956 957 956 957 957 956 957 956 956 956 956 956 955 954 954 954 953 953 953 952 951 950 950 950 949 948 948 947 946 943 943 942 940 939 939 938 936 935 934 933 930 929 928 927 926 924 921 919 919 917 915 913 911 910 909 908 908 907 906 905 905 904 904 904 904 904 904 904
785 784 784 786 785 785 787 786 786 787 787 787 788 788 788 788 788 788 788 789 789 789 789 789 957 956 956 957 956 956 957 956 957 956 956 955 955 955 954 954 954 954 953 952 951 951 950 950 950 949 948 947 947 946 945 944 943 941 940 939 939 938 935 934 933 933 930 929 928 926 925 923 922 920 919 917 916 914 911 911 910 909 908 907 907 905 905 904 904 904 904 904 904 904
784 784 785 786 785 786 787 786 787 787 787 788 788 788 788 789 788 788 789 789 789 789 789 789 956 956 956 956 956 956 956 956 956 955 955 955 955 955 954 953 953 953 952 951 950 951 950 950 949 949 948 947 947 946 945 944 943 941 939 938 937 937 936 934 933 932 930 929 928 927 926 924 922 921 920 917 916 914 912 911 910 909 909 907 907 906 905 904 904 904 904 904 904 904
784 785 785 786 786 786 787 787 787 787 788 788 788 789 788 789 788 789 789 789 789 790 789 789 957 956 956 956 956 956 955 955 955 955 955 955 954 953 953 953 953 953 952 951 950 950 950 949 948 948 947 946 945 945 944 943 942 941 940 939 938 937 936 934 933 933 932 930 928 926 926 925 923 921 920 918 917 914 912 912 911 909 909 908 907 906 906 905 904 904 904 904 904 904
784 786 785 787 786 786 788 787 787 789 788 788 789 789 788 789 789 789 789 790 789 790 789 790 957 956 956 957 956 956 955 956 956 955 955 955 954 954 954 954 953 953 952 951 950 951 950 949 949 949 948 947 946 945 944 943 942 942 940 939 938 938 937 935 933 933 932 930 929 928 926 925 923 922 920 919 917 915 913 912 911 911 909 908 907 906 906 905 904 904 904 904 904 904
785 786 785 786 787 787 788 787 788 789 788 789 789 789 788 790 789 789 790 790 789 791 790 957 957 957 957 957 957 957 956 957 956 955 956 956 955 954 954 954 953 954 953 952 951 952 951 950 949 949 948 947 946 946 945 944 943 943 942 940 938 938 937 936 934 934 933 930 929 928 927 926 923 922 920 920 917 915 914 912 911 911 910 909 908 908 906 905 904 904 904 904 904 904
785 786 786 786 787 787 788 787 788 789 788 789 789 789 789 790 789 790 790 790 790 791 790 790 958 957 957 957 958 957 956 957 957 956 956 956 955 954 955 955 954 953 953 952 952 952 951 950 949 949 948 947 946 946 945 944 943 943 942 940 939 939 938 936 934 933 933 931 930 928 927 926 924 922 920 920 918 915 914 912 912 911 911 910 908 908 908 905 904 904 904 904 904 904
785 787 786 786 788 787 787 789 788 789 789 789 789 790 789 790 790 790 790 791 790 791 791 791 957 958 958 957 958 957 957 958 957 956 956 957 956 955 956 955 954 953 953 953 953 953 952 951 950 950 949 948 947 947 946 945 944 944 942 941 939 939 938 937 935 934 933 932 930 929 928 926 924 923 921 920 918 917 915 912 912 912 911 910 909 908 908 906 904 904 904 904 904 904
816 817 786 787 788 787 788 789 788 789 789 789 790 790 789 791 791 790 792 791 790 791 791 791 957 959 958 957 958 958 957 958 957 957 957 957 956 955 956 956 955 954 954 954 953 952 952 951 950 950 949 948 947 947 946 945 944 944 943 942 940 939 938 937 936 934 934 933 930 929 928 927 925 923 921 921 918 917 915 913 912 912 912 910 909 909 908 907 905 904 904 904 904 904
816 817 817 817 818 788 788 789 789 789 789 790 790 790 791 791 791 791 791 791 791 791 791 791 958 959 958 958 959 958 957 959 958 957 957 957 957 956 957 956 955 954 954 954 954 953 953 952 951 951 950 949 948 948 947 946 945 944 943 942 940 939 939 938 937 934 934 933 931 930 928 927 926 924 922 921 919 917 915 913 913 912 912 911 909 909 909 907 905 904 904 904 904 904
816 817 818 817 819 818 818 820 789 789 790 790 790 791 791 791 792 791 791 792 792 791 792 792 958 959 959 958 959 958 958 958 958 957 958 958 957 956 957 956 956 955 955 955 954 953 953 952 951 950 950 949 948 947 947 946 945 944 944 943 942 939 939 938 937 935 935 933 931 930 929 927 926 924 923 920 919 918 916 913 914 913 912 911 910 909 909 908 906 904 904 904 904 905
816 817 818 817 819 818 818 820 819 820 790 790 791 791 791 791 792 791 792 792 792 792 792 792 958 960 959 958 960 959 959 958 959 958 958 958 957 958 957 957 956 955 956 955 954 953 954 953 952 951 951 950 949 948 948 946 945 944 944 943 942 940 940 939 937 935 935 934 932 930 929 928 927 924 923 921 919 918 916 914 913 913 913 911 910 909 909 908 907 904 904 904 904 905
729 729 818 818 819 819 819 820 819 820 821 821 821 791 792 791 792 792 792 792 793 792 793 792 959 960 959 960 959 959 959 959 959 959 958 959 958 958 957 957 956 956 957 956 955 954 954 953 952 951 951 950 949 948 948 947 946 945 945 944 942 940 940 939 938 937 934 934 933 931 929 928 927 925 923 921 921 918 916 915 914 913 913 912 910 909 909 908 907 905 904 904 904 904
729 729 730 730 730 820 819 820 820 820 821 821 821 822 822 821 793 792 792 793 793 792 794 793 959 960 960 960 959 960 960 959 959 960 959 959 958 958 958 958 957 956 956 956 955 954 954 953 953 952 952 951 950 948 948 947 946 945 945 944 943 942 941 939 938 937 935 935 933 931 930 929 927 925 924 921 921 919 917 915 914 914 912 912 911 909 909 909 907 906 904 904 904 904
729 729 731 730 730 732 732 821 820 820 822 821 821 822 822 822 823 822 793 793 793 793 794 793 959 960 960 960 960 960 960 959 960 960 959 959 959 959 958 958 957 957 957 957 956 955 955 954 953 952 952 951 950 949 949 948 947 946 946 944 943 942 940 940 939 937 935 935 934 931 930 928 928 925 924 922 921 919 917 916 914 914 913 912 911 910 908 908 907 906 904 904 904 905
729 730 731 730 731 732 732 732 732 733 822 821 822 822 822 822 823 822 823 823 793 793 793 793 961 960 960 961 960 960 961 960 960 960 960 959 959 959 958 958 958 958 957 957 956 955 954 954 953 952 952 952 951 950 949 948 947 946 945 945 944 942 940 940 939 938 936 935 934 932 931 928 928 926 924 922 921 919 917 916 914 913 913 912 911 910 908 908 908 906 904 904 904 905
729 730 731 731 731 732 732 732 733 733 733 734 734 821 823 822 823 823 823 823 824 823 823 794 961 960 961 961 960 961 961 960 960 961 960 959 960 960 959 959 958 958 957 957 957 956 955 955 954 954 953 953 952 951 950 949 948 946 945 945 944 943 941 941 939 938 936 936 934 932 931 930 928 927 925 922 921 920 918 916 915 913 913 912 911 910 909 908 907 907 904 904 904 905
730 730 731 731 731 733 732 732 734 733 733 734 734 734 735 822 823 823 823 823 824 823 824 824 991 961 961 961 961 961 961 960 960 961 960 959 961 960 959 958 958 959 958 958 957 956 955 955 955 954 953 953 952 951 950 950 948 947 946 946 944 943 942 941 940 938 936 935 935 932 931 930 929 927 925 923 921 920 919 916 915 914 913 913 913 911 909 909 907 907 904 904 904 905
731 730 732 732 731 733 732 733 734 733 734 734 734 734 735 735 735 735 824 823 824 824 824 824 992 991 991 992 961 962 962 961 960 961 961 960 961 960 960 959 960 959 958 958 957 957 956 956 956 955 954 954 953 952 951 951 948 947 946 946 945 944 943 941 940 939 938 935 935 933 932 930 929 928 925 924 922 920 919 917 914 914 914 913 912 912 910 908 907 906 906 904 904 906
731 730 731 732 732 733 732 733 734 734 734 734 735 734 735 736 735 737 737 737 737 824 824 825 992 991 992 992 991 992 962 961 961 962 961 960 961 961 960 959 960 959 959 958 958 957 956 957 956 955 954 954 953 952 951 951 950 948 947 946 945 944 943 941 940 939 938 936 935 934 932 931 928 928 926 924 922 921 919 917 915 914 915 914 912 912 910 908 908 906 905 904 904 906
