testData/tiles/oneDegreeCosts/grid25.0-30.0-26.0-31.0.asc
ncols   200
nrows   200
xllcorner   25.0
yllcorner   30.0
cellsize   0.005
NODATA_value   -9999.0
[rows 126 to 167 of 200, columns 0 to 93 of 200]
664 664 664 664 664 663 663 662 662 663 661 661 660 661 662 661 661 661 662 661 661 662 661 662 661 662 661 661 661 661 662 661 661 662 661 661 661 661 661 660 660 660 661 660 660 659 659 660 658 659 658 658 659 659 658 658 659 658 659 658 658 658 658 658 658 657 657 658 658 657 657 657 656 656 657 656 655 655 656 655 654 655 654 653 654 654 653 652 652 652 651 651 651 650
665 666 665 665 664 664 664 663 663 663 662 662 661 662 661 661 662 661 662 661 662 662 662 662 661 662 661 662 661 662 662 661 662 662 662 661 661 662 661 660 661 660 662 660 660 660 660 660 660 659 658 660 659 659 659 659 659 660 659 658 659 659 659 659 658 658 658 658 658 658 658 657 657 658 657 656 657 656 656 656 656 655 654 655 655 654 653 654 653 652 652 652 652 651
666 667 666 666 665 665 665 664 664 664 663 663 663 662 662 661 662 662 662 662 662 662 662 662 662 662 663 662 661 662 662 662 662 662 662 661 662 661 661 661 661 660 661 660 661 660 661 660 660 659 660 660 660 660 659 659 660 660 659 660 659 659 660 659 659 659 658 659 659 658 658 658 658 658 657 657 657 656 657 657 656 655 656 655 655 655 655 654 653 653 654 653 652 652
667 668 667 666 666 666 666 665 664 665 664 664 665 663 663 662 663 662 662 662 662 663 662 662 662 662 663 662 663 662 662 662 662 662 662 661 662 661 662 661 661 660 661 661 661 660 661 660 660 660 660 660 661 660 660 660 660 660 660 660 659 661 660 659 660 659 659 660 659 659 659 658 659 658 658 658 657 657 658 657 657 657 656 655 657 656 655 654 655 654 654 653 653 653
668 669 667 667 667 667 667 665 666 666 665 665 665 664 664 663 664 662 662 662 663 663 662 662 662 663 663 662 663 662 663 662 662 662 662 662 662 662 662 662 662 661 661 662 661 661 661 660 661 660 660 661 661 660 661 660 661 661 660 660 660 661 660 661 660 659 661 660 659 660 659 659 660 659 659 658 658 658 658 658 658 657 656 657 657 656 656 656 655 654 655 655 654 653
669 670 668 668 668 668 668 666 667 667 666 666 665 665 665 664 664 663 663 663 663 662 662 662 663 663 662 662 663 663 663 662 662 662 663 663 662 663 662 663 662 662 662 662 661 661 661 662 661 661 661 661 661 661 661 660 662 661 661 661 660 661 661 661 660 661 661 660 661 660 659 660 660 660 659 659 659 658 659 659 658 657 658 657 657 657 657 656 655 655 656 655 654 654
670 670 669 669 669 669 668 667 668 668 667 666 666 666 666 665 665 664 664 664 664 663 662 662 664 663 663 662 663 663 662 662 663 662 663 662 662 663 662 663 662 663 662 662 661 661 661 662 661 662 661 662 662 661 661 661 662 661 662 661 661 662 661 661 661 661 661 661 661 660 661 660 660 660 660 659 659 659 659 659 659 658 658 657 658 658 657 656 657 656 656 656 656 655
670 671 670 670 670 669 669 668 669 669 667 667 667 667 667 665 666 665 665 665 664 664 663 663 664 663 663 662 664 663 663 662 663 664 663 663 662 663 663 662 662 663 662 663 661 661 662 662 662 662 661 663 662 662 662 661 662 662 662 661 662 662 662 662 661 661 662 662 661 661 661 660 661 661 660 660 660 660 660 660 659 659 658 659 659 658 658 658 657 656 657 657 656 655
671 672 671 671 670 670 670 669 670 670 668 668 668 668 667 666 667 666 666 665 665 665 664 664 663 663 663 663 664 663 663 662 664 664 663 663 662 664 663 662 662 663 663 662 661 662 662 662 662 662 662 663 662 663 662 662 663 662 662 662 662 662 663 662 662 662 662 662 662 662 661 660 662 661 660 661 660 661 661 660 660 659 659 660 659 659 659 658 657 657 658 657 656 656
672 672 672 672 670 671 671 670 671 670 669 669 669 669 668 667 668 667 667 666 666 666 665 665 664 664 664 663 663 663 663 662 664 663 663 663 662 664 663 663 662 663 663 662 662 662 662 663 662 662 662 663 662 663 662 663 663 663 663 662 662 663 663 662 663 662 662 663 662 662 661 662 662 661 662 661 660 662 661 660 660 660 659 660 660 659 659 658 658 658 658 658 657 657
673 673 673 672 671 672 672 671 671 670 670 670 670 669 669 668 669 668 667 667 667 667 666 665 665 665 665 664 664 663 663 663 664 663 663 663 663 663 663 663 662 664 662 662 662 662 663 663 662 663 662 663 663 663 662 663 663 664 663 663 663 663 663 663 663 662 664 663 662 662 662 662 662 662 662 661 662 662 661 661 661 660 660 661 660 660 659 659 659 658 659 658 658 657
674 674 674 673 672 673 672 672 672 671 671 671 671 670 669 669 670 668 668 667 668 668 666 666 666 666 666 664 665 664 664 663 663 663 663 664 663 663 663 663 663 664 662 663 662 662 663 663 663 663 662 664 663 663 663 663 663 664 663 663 663 664 663 663 663 662 664 663 663 663 662 662 663 663 662 662 662 662 662 662 661 661 661 661 661 661 660 659 659 659 659 659 658 658
675 675 674 673 673 674 673 672 673 672 672 672 671 671 670 670 671 669 669 668 669 669 667 667 667 667 667 770 666 665 665 663 664 663 663 664 663 664 663 663 663 663 663 663 662 663 663 663 663 663 663 664 663 664 663 663 664 664 663 664 663 664 664 663 663 663 664 663 664 663 662 663 663 663 663 662 662 663 663 662 661 662 661 661 662 661 660 660 660 659 660 659 659 658
675 675 780 779 779 780 778 778 779 778 778 776 777 777 776 776 776 775 775 774 775 774 773 773 773 773 771 771 772 771 771 769 770 769 769 769 767 769 768 769 767 768 768 768 768 768 768 769 768 768 768 769 769 664 663 664 664 664 664 664 663 665 664 664 664 663 664 664 664 663 664 663 663 664 663 663 662 663 663 662 662 662 661 663 662 661 661 661 660 660 660 660 659 659
780 781 781 780 780 781 779 779 779 779 778 777 778 778 777 776 776 776 776 775 775 774 774 774 774 773 772 772 773 772 771 770 771 770 770 768 768 769 768 769 767 769 768 768 768 768 769 769 768 769 768 769 769 769 768 769 769 770 769 769 769 770 769 770 664 663 665 664 664 664 664 663 664 664 663 663 663 663 663 663 663 662 662 662 662 661 662 661 660 661 661 660 660 660
781 782 781 781 781 780 780 780 780 780 779 778 779 778 778 777 777 777 777 776 776 775 775 775 775 774 773 773 773 772 772 771 771 771 770 769 769 770 769 768 767 769 768 769 768 768 769 769 769 769 768 770 769 769 769 769 769 770 769 769 769 770 770 770 769 770 770 769 770 769 769 768 665 664 663 664 663 663 664 663 663 663 662 662 662 662 662 661 662 661 661 660 661 660
782 783 782 782 781 781 781 781 781 780 779 779 780 779 778 778 778 778 777 776 777 776 776 775 775 775 774 774 774 773 773 772 772 772 771 770 770 770 769 769 768 768 768 769 768 769 769 769 769 769 768 770 769 770 769 769 770 770 769 770 769 770 770 770 769 770 770 769 770 769 769 769 770 769 769 769 768 769 769 663 664 663 663 662 663 663 662 662 662 661 661 662 661 660
783 784 783 782 782 782 782 781 781 781 780 780 781 779 779 778 779 779 777 777 778 777 777 775 776 776 775 775 774 774 773 773 773 772 772 771 771 771 770 770 769 769 769 769 768 769 769 770 769 769 769 770 769 770 769 770 770 770 770 770 769 771 770 770 770 770 770 770 770 769 770 769 770 770 769 769 769 769 769 768 769 768 768 768 768 663 663 662 662 661 662 662 661 660
784 784 784 783 782 783 783 782 781 782 781 781 782 780 780 779 780 780 778 778 778 778 778 776 777 776 776 775 774 775 774 774 773 773 773 772 772 771 771 770 770 770 770 770 769 769 769 770 769 770 769 770 770 770 769 770 770 770 770 770 770 771 770 771 770 770 770 770 770 770 770 769 771 770 770 769 769 769 769 770 769 768 769 768 768 768 768 768 767 767 663 662 661 662
785 785 784 784 783 784 784 782 782 782 782 782 781 781 781 780 781 779 779 779 779 779 778 777 778 777 777 776 775 776 775 775 773 774 774 773 773 772 772 771 771 770 771 771 770 770 769 770 769 770 769 770 770 770 770 770 770 771 770 770 770 771 770 771 770 770 770 770 770 770 770 769 771 770 770 770 769 769 770 770 769 769 769 768 769 769 768 768 768 767 768 767 767 767
785 785 785 784 784 785 783 783 783 783 783 782 781 782 781 781 780 780 780 780 779 779 778 778 778 778 777 776 776 777 776 775 774 775 774 774 773 773 773 772 772 771 772 771 771 771 770 771 770 770 769 770 770 770 770 770 771 771 770 771 770 770 771 771 770 771 770 770 771 770 770 770 770 770 771 770 769 770 770 770 770 769 769 768 770 769 768 769 768 767 767 768 767 767
785 785 786 785 785 786 784 784 784 784 784 782 782 783 782 782 781 781 781 780 780 780 779 779 778 779 778 777 777 777 776 776 775 776 775 774 774 773 774 773 773 772 773 772 772 771 771 772 771 771 770 770 770 771 770 770 770 771 770 771 770 771 771 771 771 771 770 771 771 770 771 770 770 771 771 770 770 770 770 770 770 769 769 769 769 769 769 769 768 767 768 768 768 768
786 786 786 786 786 785 785 785 784 785 784 783 783 784 783 782 781 782 782 781 780 781 780 780 779 779 779 778 778 778 777 777 776 777 776 775 774 774 775 774 774 773 774 773 773 772 772 772 772 772 771 771 771 771 770 771 770 771 771 771 770 771 771 771 771 771 770 771 771 770 771 770 770 771 771 770 770 770 770 771 770 769 770 769 769 769 769 769 768 769 768 768 768 768
787 787 787 787 786 785 786 786 785 785 784 784 784 784 783 783 782 783 783 781 781 781 781 781 779 780 779 779 779 778 778 777 777 777 776 776 775 775 775 775 775 774 774 774 774 773 773 773 773 772 772 771 772 772 771 771 770 771 771 771 771 771 771 772 771 771 771 771 771 771 771 770 771 771 771 771 770 770 770 771 770 770 770 769 769 770 769 769 769 769 768 768 769 768
788 787 788 787 786 786 787 786 785 785 785 785 785 784 784 783 783 784 782 782 782 782 782 780 780 781 780 780 779 779 779 778 778 777 777 777 776 776 776 776 775 775 775 775 775 774 774 774 774 773 773 772 773 772 772 771 771 771 771 771 771 771 771 771 771 771 771 771 772 771 771 771 771 771 771 771 770 770 770 771 770 771 770 769 770 770 770 770 769 769 768 768 769 768
788 788 789 787 787 787 787 787 786 785 786 786 785 784 785 784 784 785 783 783 782 783 783 781 781 781 781 781 779 779 779 779 779 777 778 777 777 777 777 777 776 776 775 776 776 775 775 774 775 774 774 773 773 773 773 772 772 771 772 771 771 771 771 771 771 771 771 771 772 771 771 771 771 771 772 771 770 771 770 770 771 771 770 770 770 770 770 770 769 769 769 768 769 768
789 789 788 788 788 788 788 787 787 786 787 787 785 785 785 785 785 784 784 784 783 783 782 782 782 781 782 781 780 780 780 780 779 778 779 778 778 777 777 778 777 777 776 777 776 776 775 775 776 775 775 774 774 774 774 773 773 772 773 772 772 771 771 771 771 771 771 771 772 771 772 771 771 771 771 771 771 771 770 770 771 770 770 770 770 770 771 770 769 770 769 768 769 769
790 789 788 789 789 788 788 788 787 787 788 786 786 786 786 786 785 784 785 784 784 783 783 783 783 782 782 781 781 781 781 780 779 779 780 779 779 778 778 778 778 778 777 777 777 777 776 776 776 776 776 775 775 775 775 774 774 773 774 773 773 772 772 772 772 771 771 771 771 771 772 771 771 771 771 771 771 771 770 771 771 770 771 770 770 770 770 770 769 770 769 768 769 769
790 790 789 790 790 788 788 789 788 788 788 787 787 786 787 787 785 785 786 785 785 783 784 784 783 783 783 782 782 781 782 781 780 780 780 780 780 779 779 779 779 778 778 778 778 778 777 777 776 777 776 776 775 776 776 775 775 774 775 774 774 773 773 772 773 772 772 771 771 772 771 771 771 771 771 772 771 771 771 771 770 770 771 770 770 770 770 770 770 770 769 768 769 769
791 790 790 791 790 789 789 789 789 789 788 788 788 787 788 786 786 786 786 786 785 784 785 785 784 783 783 783 783 782 781 781 781 781 780 781 780 780 780 779 780 779 779 778 779 778 778 778 777 778 777 777 776 776 776 776 775 775 775 775 774 774 773 773 773 773 772 772 771 772 771 771 771 771 771 772 771 771 771 770 770 771 771 770 771 770 770 770 770 770 769 769 769 769
791 791 791 790 790 790 789 790 790 788 788 789 788 788 787 787 787 787 786 786 785 785 785 785 784 784 783 784 783 782 782 782 782 781 781 782 781 781 780 780 780 780 780 779 780 779 779 778 778 779 778 778 777 777 777 777 776 776 775 776 775 775 774 774 774 774 773 773 772 772 772 772 771 771 771 772 771 772 771 770 770 771 771 770 771 770 770 771 770 770 770 769 769 769
792 792 791 790 791 790 790 791 789 789 789 789 789 788 787 788 788 787 786 787 786 786 785 786 785 784 784 785 784 783 782 783 783 782 782 782 782 782 781 781 781 781 780 780 780 780 780 779 779 779 779 778 778 778 778 778 777 777 776 777 776 776 775 775 774 775 774 774 773 773 773 773 772 772 771 771 771 771 771 770 771 771 771 771 771 770 770 770 770 770 770 769 769 769
793 793 791 791 792 791 791 790 790 790 790 790 790 789 788 789 788 788 787 787 787 787 786 786 786 785 785 785 784 784 783 783 783 783 783 782 783 782 782 782 782 782 781 781 780 781 781 780 780 779 780 779 779 778 778 778 778 778 777 777 777 777 776 776 775 776 775 775 774 774 773 774 773 772 772 771 772 771 771 770 771 771 771 771 770 770 770 770 770 771 770 769 769 769
793 792 792 792 792 792 792 790 791 791 790 790 790 789 789 789 789 788 787 787 788 787 786 786 786 786 786 785 785 784 784 784 784 784 783 783 784 783 783 782 782 783 782 782 781 782 781 781 780 780 781 780 780 779 779 779 779 778 778 777 778 777 777 776 776 776 776 775 775 774 774 774 774 773 773 772 772 772 772 771 771 771 771 771 770 771 770 770 770 770 770 769 770 769
793 793 793 792 792 793 791 791 792 791 791 790 790 790 790 789 789 789 788 788 789 787 787 786 787 787 785 785 786 785 785 784 785 785 784 784 784 784 784 783 783 783 783 782 782 782 782 782 781 781 781 781 780 780 780 779 780 779 779 778 778 778 778 777 777 776 777 776 776 775 775 775 775 774 774 773 773 773 773 772 771 771 771 771 770 771 770 770 770 770 770 770 770 770
793 794 793 793 793 792 792 792 792 792 791 790 791 791 790 789 790 789 789 789 789 788 788 787 788 787 786 786 786 786 786 785 785 785 785 785 784 785 784 784 784 783 784 783 783 782 783 783 782 782 781 782 781 781 780 780 780 780 780 779 779 779 779 778 778 777 778 777 777 776 776 775 776 775 775 774 774 773 773 773 772 772 771 771 771 771 770 770 770 770 770 770 770 770
794 794 794 794 793 793 793 793 792 793 792 791 791 792 791 790 790 790 790 789 789 789 788 788 788 787 787 786 786 787 786 786 786 786 786 785 785 786 785 785 784 784 784 784 784 783 783 783 783 782 782 783 782 782 781 781 781 781 780 780 779 780 779 779 778 778 778 778 778 777 777 776 776 776 775 775 774 774 774 774 773 773 772 772 772 771 771 770 770 770 770 770 770 770
795 794 795 795 793 793 794 793 793 793 792 792 792 792 791 791 790 791 790 789 789 789 789 789 788 788 788 787 787 787 787 787 786 787 786 786 786 786 786 785 785 785 785 785 784 784 784 784 784 783 783 783 783 782 782 782 781 782 781 781 780 780 780 780 779 779 778 779 778 778 777 777 776 777 776 776 775 775 774 775 774 774 773 772 772 772 772 771 771 770 770 770 770 771
795 795 796 794 794 794 794 794 793 793 793 793 792 792 792 791 791 792 790 790 790 790 790 788 788 789 788 788 788 787 788 787 787 787 787 787 786 786 787 786 786 785 785 786 785 785 784 785 784 784 784 783 784 783 783 782 782 782 782 782 781 781 781 781 780 780 779 779 779 779 778 778 777 778 777 777 776 776 775 776 775 774 774 773 773 773 773 772 772 771 770 771 771 771
796 796 795 795 795 794 795 794 793 793 794 793 792 792 792 792 792 791 791 791 790 790 791 789 789 789 789 789 788 788 789 788 788 787 788 788 787 787 787 787 787 786 786 786 786 786 785 785 785 785 784 784 784 784 784 783 783 782 783 782 782 781 781 781 781 780 780 779 780 780 779 779 778 778 778 777 777 776 776 776 776 775 775 774 774 773 774 773 772 772 771 771 772 772
797 795 795 796 795 795 794 794 794 794 794 794 793 792 793 793 792 791 792 791 791 791 790 790 790 789 790 789 789 789 789 789 789 788 788 788 788 788 787 788 787 787 787 786 787 786 786 785 786 786 785 785 784 785 784 784 783 783 784 783 783 782 782 782 782 781 781 780 780 780 780 779 779 778 779 778 778 777 777 776 777 776 776 775 774 774 774 774 773 773 772 773 772 772
796 796 796 796 796 796 794 795 795 794 794 794 793 793 793 793 792 792 792 792 792 790 790 791 790 790 790 790 790 789 789 790 789 789 788 789 789 788 788 788 788 788 787 787 787 787 787 786 786 786 786 785 785 785 785 785 784 784 784 784 783 783 782 782 783 782 782 781 781 781 781 780 780 779 779 779 779 778 778 777 777 777 776 776 775 775 774 775 774 774 773 773 773 773
