testData/tiles/oneDegreeCosts/grid26.0-34.0-27.0-35.0.asc
ncols   200
nrows   200
xllcorner   26.0
yllcorner   34.0
cellsize   0.005
NODATA_value   -9999.0
[rows 0 to 41 of 200, columns 0 to 93 of 200]
632 633 634 634 634 636 636 636 637 637 638 639 639 639 641 641 641 642 642 643 644 644 645 645 645 647 647 647 648 648 649 650 650 650 651 651 652 653 653 653 654 654 655 656 656 656 657 657 657 659 659 659 660 660 660 661 661 662 663 663 663 664 664 664 665 666 666 666 667 667 667 668 668 668 669 670 670 671 671 671 672 672 672 673 673 673 674 675 675 675 676 676 676 677
633 633 633 634 635 635 636 636 636 638 638 638 639 640 641 641 641 642 643 643 644 644 644 645 646 646 647 647 647 649 649 649 650 650 650 652 652 652 653 653 653 655 655 655 656 656 656 657 658 658 659 659 659 660 660 661 662 662 662 663 663 663 664 664 665 666 666 666 667 667 667 667 668 669 669 670 670 670 671 671 671 672 672 672 674 674 674 674 675 675 675 676 676 676
632 633 633 634 635 635 636 636 637 638 638 638 639 640 640 641 641 642 643 643 643 644 644 645 646 646 646 647 648 648 649 649 649 650 651 651 652 652 652 653 654 654 655 655 655 656 656 657 658 658 658 659 659 659 661 661 661 662 662 662 663 663 664 665 665 665 666 666 666 667 667 668 669 669 669 669 670 670 670 671 671 671 673 673 673 674 674 674 675 675 675 675 676 676
632 633 633 634 635 635 635 637 637 637 638 638 639 640 640 640 641 642 642 643 643 643 645 645 645 646 646 648 648 648 649 649 649 651 651 651 652 652 652 654 654 654 655 655 655 656 657 657 658 658 658 659 659 660 660 661 661 661 662 662 662 664 664 664 665 665 665 666 666 666 668 668 668 669 669 669 670 670 670 670 672 672 672 673 673 673 674 674 674 675 675 675 675 677
632 632 634 634 634 635 636 636 637 637 637 639 639 639 640 640 642 642 642 643 643 644 645 645 645 646 647 647 648 648 648 649 650 650 651 651 651 652 653 653 654 654 654 655 656 656 657 657 657 658 658 658 660 660 660 661 661 661 662 663 663 664 664 664 664 665 665 665 667 667 667 668 668 668 669 669 669 670 671 671 672 672 672 672 673 673 673 674 674 674 675 676 676 676
632 633 633 634 634 635 636 636 637 637 638 639 639 639 640 641 641 642 642 642 644 644 644 645 645 646 647 647 647 648 648 649 650 650 650 651 651 652 653 653 653 654 654 655 656 656 656 657 657 657 659 659 659 660 660 660 661 661 662 663 663 663 664 664 664 665 665 666 666 667 667 667 668 668 668 669 669 670 671 671 671 672 672 672 672 673 673 673 675 675 675 676 676 676
633 633 633 634 634 635 636 636 636 638 638 638 639 639 640 641 641 641 642 643 643 644 644 644 646 646 646 647 647 647 649 649 649 650 650 650 652 652 652 653 653 653 655 655 655 656 656 656 657 658 658 659 659 659 660 660 660 662 662 662 663 663 663 664 664 665 666 666 666 667 667 667 667 668 668 669 670 670 670 671 671 671 672 672 672 672 674 674 674 675 675 675 676 676
632 633 633 633 635 635 635 636 637 637 638 638 638 640 640 640 641 641 642 643 643 644 644 645 646 646 646 647 647 648 649 649 649 650 650 651 652 652 652 653 653 654 655 655 655 656 656 656 658 658 658 658 659 659 659 661 661 661 662 662 662 663 663 663 665 665 665 666 666 666 667 667 667 668 669 669 669 670 670 670 671 671 671 672 673 673 673 674 674 674 675 675 675 676
632 632 633 634 634 635 635 636 637 637 638 638 639 640 640 640 641 642 642 643 643 643 645 645 645 646 646 646 648 648 648 649 649 649 651 651 651 652 652 652 654 654 654 655 655 655 656 657 657 658 658 658 659 659 660 661 661 661 661 662 662 662 664 664 664 665 665 665 666 666 666 668 668 668 669 669 669 669 670 670 670 671 672 672 673 673 673 674 674 674 674 675 675 675
632 632 634 634 634 635 635 636 637 637 637 639 639 639 640 640 641 642 642 642 643 644 644 645 645 645 646 647 647 648 648 648 649 650 650 651 651 651 652 653 653 654 654 654 655 656 656 657 657 657 658 658 658 660 660 660 661 661 661 662 662 663 663 664 664 664 665 665 665 666 667 667 668 668 668 669 669 669 669 670 671 671 672 672 672 673 673 673 674 674 674 674 675 675
632 633 633 634 634 634 636 636 636 637 638 638 639 639 639 641 641 641 642 642 643 644 644 644 645 645 646 647 647 647 648 648 649 650 650 650 651 651 652 653 653 653 654 654 655 656 656 656 657 657 657 659 659 659 660 660 660 661 661 662 663 663 663 664 664 664 664 665 666 666 667 667 667 668 668 668 669 669 669 671 671 671 671 672 672 672 673 673 673 674 674 675 675 676
631 633 633 633 634 635 635 636 636 636 638 638 638 639 640 641 641 641 642 643 643 644 644 644 645 646 646 647 647 647 648 649 649 650 650 650 651 652 652 653 653 653 654 655 655 655 656 656 656 657 658 658 659 659 659 660 660 660 662 662 662 663 663 663 664 664 664 666 666 666 666 667 667 667 668 668 668 670 670 670 671 671 671 671 672 672 672 673 673 674 675 675 675 675
632 632 633 633 635 635 635 636 636 637 638 638 638 639 640 640 641 641 641 643 643 643 644 644 645 646 646 646 647 647 648 649 649 649 650 650 651 652 652 652 653 653 654 655 655 655 656 656 656 658 658 658 658 659 659 659 660 661 661 662 662 662 663 663 663 665 665 665 666 666 666 666 667 667 667 669 669 669 670 670 670 671 671 671 671 672 672 673 674 674 674 675 675 675
632 632 633 634 634 635 635 635 637 637 637 638 638 639 640 640 640 641 642 642 643 643 643 645 645 645 646 646 646 648 648 648 649 649 649 651 651 651 652 652 652 654 654 654 655 655 655 656 657 657 658 658 658 659 659 660 661 661 661 661 662 662 662 663 664 664 665 665 665 666 666 666 667 667 668 668 669 669 669 670 670 670 671 671 671 672 673 673 673 674 674 674 675 675
632 632 632 634 634 634 635 636 636 637 637 637 639 639 639 640 640 641 642 642 642 643 644 644 645 645 645 646 647 647 648 648 648 649 650 650 651 651 651 652 653 653 654 654 654 655 655 656 657 657 657 658 658 658 660 660 660 661 661 661 662 662 662 663 664 664 664 665 665 665 666 666 667 668 668 668 668 669 669 669 670 670 670 672 672 672 672 673 673 673 674 674 674 675
631 632 633 633 634 634 635 636 636 637 637 638 639 639 639 640 641 641 642 642 642 644 644 644 645 645 645 647 647 647 648 648 648 650 650 650 651 651 651 653 653 653 653 654 654 654 656 656 656 657 657 657 658 659 659 660 660 660 661 661 661 663 663 663 663 664 664 664 665 665 666 667 667 667 668 668 668 668 669 669 669 671 671 671 672 672 672 672 673 673 673 674 674 674
631 633 633 633 634 635 635 636 636 636 638 638 638 639 639 640 641 641 641 642 643 643 644 644 644 645 646 646 647 647 647 648 649 649 650 650 650 651 652 652 653 653 653 654 655 655 656 656 656 656 657 657 658 659 659 659 660 660 660 661 662 662 663 663 663 664 664 664 664 666 666 666 667 667 667 668 668 668 669 670 670 670 671 671 671 672 672 672 672 673 673 673 675 675
632 632 633 633 633 635 635 635 636 637 637 638 638 638 640 640 640 641 641 642 643 643 643 644 644 645 646 646 646 647 647 648 649 649 649 650 650 651 652 652 652 653 653 654 655 655 655 656 656 656 657 658 658 658 659 659 659 660 661 661 662 662 662 663 663 663 664 665 665 665 666 666 666 667 667 667 668 668 669 670 670 670 670 671 671 671 672 672 672 672 674 674 674 675
632 632 632 633 634 634 635 635 635 637 637 637 638 639 639 640 640 640 642 642 642 643 643 643 645 645 645 646 646 646 648 648 648 649 649 649 651 651 651 652 652 652 654 654 654 655 655 655 656 657 657 658 658 658 659 659 659 660 661 661 661 662 662 662 663 663 664 665 665 665 666 666 666 666 667 667 668 669 669 669 670 670 670 670 671 671 671 672 673 673 673 674 674 674
631 632 632 634 634 634 635 635 636 637 637 637 638 639 639 640 640 640 642 642 642 643 643 644 645 645 645 646 646 647 648 648 648 649 649 650 650 651 651 651 652 653 653 654 654 654 655 655 656 657 657 657 658 658 658 659 660 660 661 661 661 661 662 662 662 664 664 664 665 665 665 666 666 666 667 668 668 668 669 669 669 670 670 670 670 671 672 672 673 673 673 673 674 674
631 632 633 633 634 634 634 636 636 636 637 637 638 639 639 639 640 641 641 642 642 642 644 644 644 645 645 645 647 647 647 648 648 648 650 650 650 651 651 651 653 653 653 653 654 654 654 656 656 656 657 657 657 658 658 659 660 660 660 661 661 661 661 663 663 663 664 664 664 665 665 665 666 667 667 667 668 668 668 669 669 669 670 670 671 671 672 672 672 673 673 673 673 674
631 631 633 633 633 634 635 635 636 636 636 638 638 638 639 639 640 641 641 641 642 643 643 644 644 644 645 646 646 647 647 647 648 649 649 650 650 650 651 652 652 653 653 653 654 654 655 656 656 656 656 657 657 658 659 659 659 660 660 660 661 661 662 663 663 663 663 664 664 664 665 666 666 667 667 667 667 668 668 668 669 669 670 671 671 671 671 672 672 672 673 673 673 673
631 632 632 633 633 634 635 635 635 636 637 637 638 638 638 640 640 640 641 641 642 643 643 643 644 644 645 646 646 646 647 647 648 649 649 649 650 650 651 652 652 652 653 653 653 655 655 655 656 656 656 656 658 658 658 659 659 659 660 660 661 662 662 662 663 663 663 663 664 664 665 666 666 666 667 667 667 667 668 668 668 670 670 670 671 671 671 671 672 672 672 673 673 673
632 632 632 633 633 634 635 635 635 637 637 637 638 638 639 640 640 640 641 642 642 643 643 643 644 645 645 646 646 646 647 648 648 648 649 649 649 651 651 651 652 652 652 653 654 654 655 655 655 656 656 657 658 658 658 658 659 659 659 661 661 661 662 662 662 663 663 663 664 665 665 665 666 666 666 667 667 667 667 669 669 669 670 670 670 671 671 671 671 672 672 672 674 674
631 632 632 632 634 634 634 635 635 636 637 637 637 639 639 639 640 640 640 642 642 642 643 643 644 645 645 645 646 646 647 648 648 648 649 649 650 651 651 651 651 652 652 653 654 654 654 655 655 655 657 657 657 658 658 658 659 659 660 660 661 661 661 662 662 662 663 664 664 665 665 665 665 666 666 666 667 668 668 668 669 669 669 670 670 670 671 671 671 671 673 673 673 674
631 631 632 633 633 634 634 634 636 636 636 637 637 638 639 639 639 640 641 641 642 642 642 644 644 644 645 645 645 647 647 647 648 648 648 650 650 650 651 651 651 652 653 653 653 654 654 654 655 656 656 657 657 657 658 658 658 660 660 660 660 661 661 661 662 663 663 664 664 664 665 665 665 665 666 666 667 668 668 668 668 669 669 669 670 670 670 671 672 672 672 673 673 673
631 631 632 633 633 633 634 635 635 636 636 636 638 638 638 639 639 640 641 641 641 642 643 643 644 644 644 645 646 646 647 647 647 648 649 649 650 650 650 651 651 652 653 653 653 654 654 654 655 656 656 656 657 657 657 659 659 659 660 660 660 660 661 661 662 663 663 663 664 664 664 665 665 665 666 667 667 667 668 668 668 668 669 669 669 670 671 671 672 672 672 672 673 673
631 631 632 633 633 633 635 635 635 636 636 637 638 638 638 639 640 640 641 641 641 643 643 643 644 644 644 645 646 646 646 647 647 648 649 649 649 650 650 650 652 652 652 653 653 653 654 655 655 656 656 656 656 657 658 658 659 659 659 660 660 660 661 662 662 662 663 663 663 664 664 664 666 666 666 666 667 667 667 668 668 668 668 669 670 670 671 671 671 672 672 672 672 673
630 632 632 632 633 633 634 635 635 635 637 637 637 638 638 639 640 640 640 641 641 642 643 643 643 644 645 645 646 646 646 647 648 648 648 649 649 649 650 651 651 652 652 652 653 653 654 655 655 655 656 656 656 657 658 658 658 659 659 659 660 661 661 662 662 662 662 663 663 663 664 665 665 666 666 666 666 667 667 667 668 668 669 669 670 670 670 671 671 671 671 672 672 672
631 631 632 632 632 634 634 634 635 635 636 637 637 637 638 639 639 640 640 640 642 642 642 643 643 644 645 645 645 646 646 647 648 648 648 649 649 649 650 651 651 651 652 652 653 654 654 654 655 655 655 656 657 657 658 658 658 658 659 659 660 661 661 661 662 662 662 662 663 663 664 665 665 665 666 666 666 666 667 667 668 669 669 669 669 670 670 670 671 671 671 671 672 672
631 631 631 632 633 633 634 634 634 636 636 636 637 637 638 639 639 639 640 641 641 642 642 642 643 644 644 645 645 645 647 647 647 648 648 648 649 650 650 651 651 651 651 653 653 653 654 654 654 655 655 656 657 657 657 658 658 658 658 660 660 660 661 661 661 662 662 662 663 664 664 664 665 665 665 666 666 666 666 668 668 668 669 669 669 669 670 670 670 671 671 671 672 673
631 631 631 633 633 633 634 634 635 636 636 636 637 638 638 639 639 639 641 641 641 642 642 642 643 644 644 644 645 646 646 647 647 647 648 648 649 650 650 650 651 651 652 653 653 653 653 654 654 654 656 656 656 657 657 657 658 658 659 659 660 660 660 661 661 661 662 663 663 663 664 664 664 665 665 665 666 667 667 667 668 668 668 669 669 669 669 670 670 670 672 672 672 672
630 631 631 632 633 633 633 635 635 635 636 636 637 638 638 638 639 640 640 641 641 641 642 643 643 644 644 644 645 646 646 646 647 647 647 649 649 649 650 650 650 652 652 652 653 653 653 654 654 655 655 656 656 656 657 657 657 659 659 659 659 660 660 660 661 662 662 663 663 663 663 664 664 664 665 665 666 667 667 667 667 668 668 668 669 669 669 669 671 671 671 672 672 672
630 630 632 632 632 633 633 634 635 635 635 637 637 637 638 638 638 640 640 640 641 641 642 643 643 643 644 644 645 646 646 646 647 647 648 648 649 649 649 650 651 651 652 652 652 653 653 653 655 655 655 655 656 656 656 658 658 658 659 659 659 660 660 660 661 662 662 662 663 663 663 663 664 664 665 666 666 666 667 667 667 667 668 668 668 669 670 670 670 671 671 671 672 672
630 631 631 632 632 632 634 634 634 635 635 636 637 637 637 638 639 639 640 640 640 642 642 642 643 643 643 645 645 645 646 646 646 648 648 648 649 649 649 650 651 651 651 652 652 652 654 654 654 655 655 655 655 656 657 657 658 658 658 659 659 659 660 661 661 661 662 662 662 663 663 663 663 665 665 665 666 666 666 667 667 667 667 668 669 669 670 670 670 670 671 671 671 671
631 631 631 632 632 633 634 634 634 635 636 636 637 637 637 639 639 639 639 640 641 641 642 642 642 643 644 644 645 645 645 646 647 647 648 648 648 649 650 650 650 651 651 651 652 653 653 654 654 654 655 655 655 657 657 657 657 658 658 658 659 659 660 661 661 661 661 662 662 662 663 664 664 664 665 665 665 666 666 666 667 667 668 668 669 669 669 670 670 670 670 671 671 671
631 631 631 631 633 633 633 634 634 635 636 636 636 637 638 638 639 639 639 640 641 641 642 642 642 643 644 644 644 645 645 646 647 647 647 648 648 648 650 650 650 651 651 651 652 653 653 653 654 654 654 655 656 656 657 657 657 657 658 658 659 660 660 660 661 661 661 661 662 662 663 664 664 664 664 665 665 665 666 666 666 668 668 668 668 669 669 669 669 670 670 670 671 671
631 631 631 631 632 633 633 633 635 635 635 636 636 637 638 638 638 639 639 640 641 641 641 642 643 643 644 644 644 644 646 646 646 647 647 647 648 649 649 650 650 650 651 652 652 652 653 653 653 654 654 655 656 656 656 657 657 657 657 659 659 659 660 660 660 661 661 661 662 663 663 663 664 664 664 664 665 665 665 667 667 667 667 668 668 668 669 669 669 669 670 670 670 672
631 631 631 632 632 632 633 633 634 635 635 635 636 637 637 638 638 638 640 640 640 641 641 642 643 643 643 644 644 645 646 646 646 646 647 647 648 649 649 649 650 650 651 652 652 652 653 653 653 653 655 655 655 656 656 656 657 657 658 658 659 659 659 660 660 660 661 662 662 662 663 663 663 664 664 664 664 665 666 666 667 667 667 667 668 668 668 669 669 669 669 671 671 671
631 631 632 632 632 632 633 634 634 635 635 635 637 637 637 637 638 639 639 640 640 640 641 642 642 643 643 643 644 645 645 646 646 646 647 648 648 648 649 649 649 651 651 651 652 652 652 653 653 654 654 655 655 655 656 656 656 658 658 658 658 659 659 659 660 660 661 662 662 662 662 663 663 663 664 664 665 665 666 666 666 667 667 667 667 668 668 668 669 670 670 670 671 671
631 631 632 632 632 632 633 634 634 634 635 636 636 637 637 637 639 639 639 639 640 640 641 642 642 642 643 643 644 645 645 645 646 646 647 648 648 648 648 649 650 650 651 651 651 652 652 652 654 654 654 654 655 655 655 656 657 657 658 658 658 658 659 659 660 661 661 661 662 662 662 662 663 663 663 665 665 665 665 666 666 666 667 667 667 667 668 669 669 670 670 670 670 671
631 632 632 632 632 632 633 633 634 634 635 636 636 636 637 637 638 639 639 639 640 641 641 642 642 642 642 644 644 644 645 645 645 647 647 647 648 648 648 649 650 650 650 651 651 651 652 653 653 654 654 654 655 655 655 656 657 657 657 658 658 658 658 660 660 660 661 661 661 662 662 662 662 664 664 664 665 665 665 665 666 666 666 667 667 668 668 669 669 669 669 670 670 670
