testData/tiles/oneDegreeCosts/grid28.0-43.0-29.0-44.0.asc
ncols   200
nrows   200
xllcorner   28.0
yllcorner   43.0
cellsize   0.005
NODATA_value   -9999.0
[rows 42 to 83 of 200, columns 0 to 93 of 200]
755 757 758 758 758 757 755 753 750 746 740 732 715 715 715 715 715 715 715 716 716 717 717 718 718 718 719 719 720 720 721 721 722 722 722 723 723 724 724 725 725 725 726 726 727 727 727 728 728 729 729 729 730 730 730 731 735 736 736 736 607 607 607 607 607 607 607 607 607 607 607 607 607 607 607 607 608 608 608 609 609 609 610 610 610 610 611 611 611 612 612 612 612 613
755 757 758 758 758 757 755 753 750 746 740 732 715 715 715 715 715 715 715 715 716 716 717 717 718 718 719 719 719 720 720 721 721 722 722 723 723 723 724 724 725 725 725 726 726 727 727 727 728 728 729 729 729 730 730 730 735 735 736 736 736 607 607 607 607 607 607 607 607 607 607 607 607 607 607 607 607 608 608 608 609 609 609 610 610 610 610 611 611 611 612 612 612 612
755 757 758 758 758 757 755 753 750 746 740 732 715 715 715 715 715 715 715 715 715 716 716 717 717 718 718 719 719 720 720 720 721 721 722 722 723 723 724 724 724 725 725 726 726 726 727 727 728 728 728 729 729 729 730 734 735 735 735 736 736 736 607 607 607 607 607 607 607 607 607 607 607 607 607 607 607 607 608 608 608 609 609 609 610 610 610 610 611 611 611 612 612 612
755 757 758 758 758 757 755 753 750 746 740 732 715 715 715 715 715 715 715 715 715 715 716 716 717 717 718 718 719 719 720 720 721 721 721 722 722 723 723 724 724 724 725 725 726 726 726 727 727 728 728 728 729 729 729 734 734 735 735 735 736 736 736 607 607 607 607 607 607 607 607 607 607 607 607 607 607 607 607 608 608 608 609 609 609 610 610 610 610 611 611 611 611 612
755 757 758 758 758 757 755 753 750 746 740 732 715 715 715 715 715 715 715 715 715 715 716 716 717 717 717 718 718 719 719 720 720 721 721 722 722 722 723 723 724 724 724 725 725 726 726 726 727 727 728 728 728 729 729 734 734 734 735 735 735 736 736 607 607 607 607 607 607 607 607 607 607 607 607 607 607 607 607 607 608 608 608 609 609 609 610 610 610 610 611 611 611 611
755 757 758 758 758 757 755 753 750 746 740 731 715 715 715 715 715 715 715 715 715 715 715 716 716 717 717 718 718 719 719 719 720 720 721 721 722 722 722 723 723 724 724 725 725 725 726 726 727 727 727 728 728 728 729 733 734 734 734 735 735 735 736 736 607 607 607 607 607 607 607 607 607 607 607 607 607 607 607 607 607 608 608 608 609 609 609 610 610 610 610 611 611 611
755 757 758 758 758 757 755 753 750 746 740 731 715 715 715 715 715 715 715 715 715 715 715 715 716 716 717 717 718 718 719 719 719 720 720 721 721 722 722 723 723 723 724 724 725 725 725 726 726 727 727 727 728 728 732 733 733 734 734 734 735 735 735 736 736 607 607 607 607 607 607 607 607 607 607 607 607 607 607 607 607 607 608 608 608 609 609 609 609 610 610 610 611 611
755 757 758 758 758 757 755 753 750 746 740 731 715 715 715 715 715 715 715 715 715 715 715 715 715 716 716 717 717 718 718 719 719 720 720 720 721 721 722 722 723 723 723 724 724 725 725 725 726 726 727 727 727 728 732 733 733 733 734 734 734 735 735 735 736 736 607 607 607 607 607 607 607 607 607 607 607 607 607 607 607 607 607 608 608 608 609 609 609 609 610 610 610 611
755 757 758 758 758 757 755 753 750 746 740 731 715 715 715 715 715 715 715 715 715 715 715 715 715 716 716 716 717 717 718 718 719 719 720 720 721 721 721 722 722 723 723 724 724 724 725 725 726 726 726 727 727 727 732 732 733 733 733 734 734 734 735 735 735 736 736 607 607 607 607 607 607 607 607 607 607 607 607 607 607 607 607 607 608 608 608 609 609 609 609 610 610 610
755 757 758 758 758 757 755 753 750 746 740 731 715 715 715 715 715 715 715 715 715 715 715 715 715 715 716 716 717 717 717 718 718 719 719 720 720 721 721 721 722 722 723 723 724 724 724 725 725 726 726 726 727 731 731 732 732 733 733 733 734 734 734 735 735 735 736 736 607 607 607 607 607 607 607 607 607 607 607 607 607 607 607 607 607 608 608 608 609 609 609 609 610 610
755 757 758 758 758 757 755 753 750 746 740 731 715 715 715 715 715 715 715 715 715 715 715 715 715 715 715 716 716 717 717 718 718 718 719 719 720 720 721 721 722 722 722 723 723 724 724 724 725 725 726 726 726 731 731 732 732 732 733 733 733 734 734 734 735 735 735 736 607 607 607 607 607 607 607 607 607 607 607 607 607 607 607 607 607 607 608 608 608 609 609 609 609 610
755 757 758 758 758 757 755 753 750 746 740 731 715 715 715 715 715 715 715 715 715 715 715 715 715 715 715 715 716 716 717 717 718 718 719 719 719 720 720 721 721 722 722 722 723 723 724 724 724 725 725 726 726 730 731 731 732 732 732 733 733 733 734 734 734 735 735 735 736 607 607 607 607 607 607 607 607 607 607 607 607 607 607 607 607 607 607 608 608 608 609 609 609 609
755 757 758 758 758 757 755 753 750 746 740 731 715 715 715 715 715 715 715 715 715 715 715 715 715 715 715 715 715 716 716 717 717 718 718 719 719 720 720 720 721 721 722 722 722 723 723 724 724 725 725 725 730 730 730 731 731 732 732 732 733 733 733 734 734 734 735 735 735 736 607 607 607 607 607 607 607 607 607 607 607 607 607 607 607 607 607 607 608 608 608 608 609 609
755 757 758 758 758 757 755 753 750 746 740 731 715 715 715 715 715 715 715 715 715 715 715 715 715 715 715 715 715 716 716 716 717 717 718 718 719 719 720 720 720 721 721 722 722 723 723 723 724 724 725 725 729 730 730 730 731 731 732 732 732 733 733 733 734 734 734 735 735 735 736 607 607 607 607 607 607 607 607 607 607 607 607 607 607 607 607 607 607 608 608 608 608 609
755 757 758 758 758 757 755 753 750 745 740 731 715 715 715 715 715 715 715 715 715 715 715 715 715 715 715 715 715 715 716 716 717 717 717 718 718 719 719 720 720 721 721 721 722 722 723 723 723 724 724 725 729 729 730 730 730 731 731 732 732 732 733 733 733 734 734 734 735 735 735 736 607 607 607 607 607 607 607 607 607 607 607 607 607 607 607 607 607 607 608 608 608 608
755 757 758 758 758 757 755 753 750 745 740 731 715 715 715 715 715 715 715 715 715 715 715 715 715 715 715 715 715 715 715 716 716 717 717 718 718 718 719 719 720 720 721 721 721 722 722 723 723 723 724 724 729 729 729 730 730 731 731 731 732 732 732 733 733 733 734 734 734 735 735 735 607 607 607 607 607 607 607 607 607 607 607 607 607 607 607 607 607 607 607 608 608 608
755 757 758 758 758 757 755 753 750 745 740 731 715 715 715 715 715 715 715 715 715 715 715 715 715 715 715 715 715 715 715 715 716 716 717 717 718 718 718 719 719 720 720 721 721 721 722 722 723 723 723 728 728 729 729 729 730 730 731 731 731 732 732 732 733 733 733 734 734 734 735 735 735 607 607 607 607 607 607 607 607 607 607 607 607 607 607 607 607 607 607 607 607 608
755 757 758 758 758 757 755 753 750 745 740 731 715 715 715 715 715 715 715 715 715 715 715 715 715 715 715 715 715 715 715 715 715 716 716 717 717 718 718 719 719 719 720 720 721 721 721 722 722 723 723 728 728 728 729 729 729 730 730 731 731 731 732 732 732 733 733 733 734 734 734 735 735 735 607 607 607 607 607 607 607 607 607 607 607 607 607 607 607 607 607 607 607 607
755 757 758 758 758 757 755 753 750 745 740 731 715 715 715 715 715 715 715 715 715 715 715 715 715 715 715 715 715 715 715 715 715 715 716 716 717 717 718 718 719 719 719 720 720 721 721 722 722 722 723 727 728 728 728 729 729 729 730 730 731 731 731 732 732 732 733 733 733 734 734 734 735 735 735 607 607 607 607 607 607 607 607 607 607 607 607 607 607 607 607 607 607 607
755 757 758 758 758 757 755 753 750 745 740 731 715 715 715 715 715 715 715 715 715 715 715 715 715 715 715 715 715 715 715 715 715 715 716 716 716 717 717 718 718 719 719 719 720 720 721 721 722 722 726 727 727 728 728 728 729 729 729 730 730 731 731 731 732 732 732 733 733 733 734 734 734 735 735 735 607 607 607 607 607 607 607 607 607 607 607 607 607 607 607 607 607 607
755 757 758 758 758 757 755 753 750 745 740 731 715 715 715 715 715 715 715 715 715 715 715 715 715 715 715 715 715 715 715 715 715 715 715 716 716 716 717 717 718 718 719 719 720 720 720 721 721 722 726 726 727 727 728 728 728 729 729 729 730 730 731 731 731 732 732 732 733 733 733 734 734 734 735 735 607 607 607 607 607 607 607 607 607 607 607 607 607 607 607 607 607 607
755 757 758 758 758 757 755 753 750 745 740 731 715 715 715 715 715 715 715 715 715 715 715 715 715 715 715 715 715 715 715 715 715 715 715 715 716 716 717 717 717 718 718 719 719 720 720 720 721 721 726 726 726 727 727 728 728 728 729 729 730 730 730 731 731 731 732 732 732 733 733 733 734 734 734 735 735 607 607 607 607 607 607 607 607 607 607 607 607 607 607 607 607 607
755 757 757 758 757 757 755 753 750 745 740 731 715 715 715 715 715 715 715 715 715 715 715 715 715 715 715 715 715 715 715 715 715 715 715 715 715 716 716 717 717 717 718 718 719 719 720 720 720 721 725 726 726 726 727 727 728 728 728 729 729 730 730 730 731 731 731 732 732 732 733 733 733 734 734 734 735 735 607 607 607 607 607 607 607 607 607 607 607 607 607 607 607 607
755 757 757 758 757 757 755 753 750 745 740 731 715 715 715 715 715 715 715 715 715 715 715 715 715 715 715 715 715 715 715 715 715 715 715 715 715 715 716 716 717 717 718 718 718 719 719 720 720 724 725 725 726 726 726 727 727 728 728 728 729 729 730 730 730 731 731 731 732 732 732 733 733 733 734 734 734 735 735 607 607 607 607 607 607 607 607 607 607 607 607 607 607 607
755 757 757 758 757 757 755 753 750 745 739 731 715 715 715 715 715 715 715 715 715 715 715 715 715 715 715 715 715 715 715 715 715 715 715 715 715 715 715 716 716 717 717 718 718 718 719 719 720 724 725 725 725 726 726 727 727 727 728 728 728 729 729 730 730 730 731 731 731 732 732 732 733 733 733 734 734 734 735 607 607 607 607 607 607 607 607 607 607 607 607 607 607 607
755 757 757 758 757 757 755 753 749 745 739 731 715 715 715 715 715 715 715 715 715 715 715 715 715 715 715 715 715 715 715 715 715 715 715 715 715 715 715 715 716 716 717 717 718 718 718 719 719 724 724 725 725 725 726 726 727 727 727 728 728 728 729 729 730 730 730 731 731 731 732 732 732 733 733 733 734 734 734 735 607 607 607 607 607 607 607 607 607 607 607 607 607 607
755 757 757 758 757 757 755 753 749 745 739 731 715 715 715 715 715 715 715 715 715 715 715 715 715 715 715 715 715 715 715 715 715 715 715 715 715 715 715 715 715 716 716 717 717 718 718 719 719 723 724 724 725 725 725 726 726 727 727 727 728 728 728 729 729 730 730 730 731 731 731 732 732 732 733 733 733 734 734 734 735 607 607 607 607 607 607 607 607 607 607 607 607 607
755 756 757 758 757 756 755 753 749 745 739 731 715 715 715 715 715 715 715 715 715 715 715 715 715 715 715 715 715 715 715 715 715 715 715 715 715 715 715 715 715 716 716 716 717 717 718 718 723 723 723 724 724 725 725 725 726 726 727 727 727 728 728 728 729 729 730 730 730 731 731 731 732 732 732 733 733 733 734 734 734 735 607 607 607 607 607 607 607 607 607 607 607 607
755 756 757 758 757 756 755 753 749 745 739 731 715 715 715 715 715 715 715 715 715 715 715 715 715 715 715 715 715 715 715 715 715 715 715 715 715 715 715 715 715 715 716 716 716 717 717 718 722 723 723 723 724 724 725 725 725 726 726 727 727 727 728 728 728 729 729 729 730 730 731 731 731 732 732 732 733 733 733 734 734 734 607 607 607 607 607 607 607 607 607 607 607 607
755 756 757 758 757 756 755 753 749 745 739 731 715 715 715 715 715 715 715 715 715 715 715 715 715 715 715 715 715 715 715 715 715 715 715 715 715 715 715 715 715 715 715 716 716 716 717 717 722 722 723 723 723 724 724 725 725 725 726 726 727 727 727 728 728 728 729 729 729 730 730 731 731 731 732 732 732 733 733 733 734 734 734 607 607 607 607 607 607 607 607 607 607 607
755 756 757 758 757 756 755 753 749 745 739 731 715 715 715 715 715 715 715 715 715 715 715 715 715 715 715 715 715 715 715 715 715 715 715 715 715 715 715 715 715 715 715 715 716 716 716 721 721 722 722 723 723 723 724 724 725 725 725 726 726 727 727 727 728 728 728 729 729 729 730 730 731 731 731 732 732 732 733 733 733 733 734 734 607 607 607 607 607 607 607 607 607 607
755 756 757 758 757 756 755 753 749 745 739 731 715 715 715 715 715 715 715 715 715 715 715 715 715 715 715 715 715 715 715 715 715 715 715 715 715 715 715 715 715 715 715 715 715 716 716 721 721 721 722 722 723 723 723 724 724 725 725 725 726 726 727 727 727 728 728 728 729 729 729 730 730 730 731 731 731 732 732 732 733 733 733 734 734 607 607 607 607 607 607 607 607 607
755 756 757 758 757 756 755 753 749 745 739 730 715 715 715 715 715 715 715 715 715 715 715 715 715 715 715 715 715 715 715 715 715 715 715 715 715 715 715 715 715 715 715 715 715 715 716 720 721 721 721 722 722 723 723 723 724 724 725 725 725 726 726 727 727 727 728 728 728 729 729 729 730 730 730 731 731 731 732 732 732 733 733 733 734 607 607 607 607 607 607 607 607 607
755 756 757 758 757 756 755 752 749 745 739 730 715 715 715 715 715 715 715 715 715 715 715 715 715 715 715 715 715 715 715 715 715 715 715 715 715 715 715 715 715 715 715 715 715 715 715 720 720 721 721 721 722 722 723 723 723 724 724 725 725 725 726 726 727 727 727 728 728 728 729 729 729 730 730 730 731 731 731 732 732 732 733 733 733 734 607 607 607 607 607 607 607 607
755 756 757 758 757 756 755 752 749 745 739 730 715 715 715 715 715 715 715 715 715 715 715 715 715 715 715 715 715 715 715 715 715 715 715 715 715 715 715 715 715 715 715 715 715 715 715 719 720 720 721 721 721 722 722 723 723 723 724 724 725 725 725 726 726 727 727 727 728 728 728 729 729 729 730 730 730 731 731 731 732 732 732 733 733 733 734 607 607 607 607 607 607 607
755 756 757 758 757 756 755 752 749 745 739 730 715 715 715 715 715 715 715 715 715 715 715 715 715 715 715 715 715 715 715 715 715 715 715 715 715 715 715 715 715 715 715 715 715 715 718 719 719 720 720 721 721 721 722 722 723 723 723 724 724 725 725 725 726 726 726 727 727 728 728 728 729 729 729 730 730 730 731 731 731 732 732 732 733 733 733 607 607 607 607 607 607 607
755 756 757 758 757 756 755 752 749 745 739 730 715 715 715 715 715 715 715 715 715 715 715 715 715 715 715 715 715 715 715 715 715 715 715 715 715 715 715 715 715 715 715 715 715 715 718 718 719 719 720 720 721 721 721 722 722 723 723 723 724 724 725 725 725 726 726 726 727 727 728 728 728 729 729 729 730 730 730 731 731 731 732 732 732 733 733 733 607 607 607 607 607 607
755 756 757 758 757 756 755 752 749 745 739 730 715 715 715 715 715 715 715 715 715 715 715 715 715 715 715 715 715 715 715 715 715 715 715 715 715 715 715 715 715 715 715 715 715 715 718 718 718 719 719 720 720 721 721 721 722 722 723 723 723 724 724 725 725 725 726 726 726 727 727 728 728 728 729 729 729 730 730 730 731 731 731 732 732 732 732 733 733 607 607 607 607 607
755 756 757 757 757 756 755 752 749 745 739 730 715 715 715 715 715 715 715 715 715 715 715 715 715 715 715 715 715 715 715 715 715 715 715 715 715 715 715 715 715 715 715 715 715 715 717 718 718 718 719 719 720 720 721 721 721 722 722 723 723 723 724 724 725 725 725 726 726 726 727 727 727 728 728 729 729 729 730 730 730 731 731 731 731 732 732 732 733 733 607 607 607 607
755 756 757 757 757 756 755 752 749 745 739 730 715 715 715 715 715 715 715 715 715 715 715 715 715 715 715 715 715 715 715 715 715 715 715 715 715 715 715 715 715 715 715 715 715 716 717 717 718 718 718 719 719 720 720 721 721 721 722 722 723 723 723 724 724 725 725 725 726 726 726 727 727 727 728 728 728 729 729 729 730 730 730 731 731 731 732 732 732 733 607 607 607 607
755 756 757 757 757 756 755 752 749 745 739 730 715 715 715 715 715 715 715 715 715 715 715 715 715 715 715 715 715 715 715 715 715 715 715 715 715 715 715 715 715 715 715 715 715 716 716 717 717 718 718 718 719 719 720 720 721 721 721 722 722 723 723 723 724 724 725 725 725 726 726 726 727 727 727 728 728 728 729 729 729 730 730 730 731 731 731 732 732 732 733 607 607 607
755 756 757 757 757 756 755 752 749 745 739 730 715 715 715 715 715 715 715 715 715 715 715 715 715 715 715 715 715 715 715 715 715 715 715 715 715 715 715 715 715 715 715 715 715 715 716 716 717 717 718 718 718 719 719 720 720 721 721 721 722 722 723 723 723 724 724 724 725 725 726 726 726 727 727 727 728 728 728 729 729 729 730 730 730 731 731 731 732 732 732 733 607 607
