testData/tiles/oneDegreeCosts/grid33.0-11.0-34.0-12.0.asc
ncols   200
nrows   200
xllcorner   33.0
yllcorner   11.0
cellsize   0.005
NODATA_value   -9999.0
[rows 42 to 83 of 200, columns 0 to 93 of 200]
776 774 774 773 773 772 771 770 770 769 768 767 766 766 765 763 763 762 762 761 759 759 758 757 756 755 755 754 752 752 751 750 749 748 747 747 745 744 743 743 741 740 740 739 737 736 736 736 735 735 736 735 735 735 736 735 734 734 734 734 734 734 733 733 733 732 732 732 731 731 731 731 729 729 729 728 729 729 727 727 727 726 725 725 724 723 723 720 720 719 718 717 717 715
776 775 774 774 773 772 771 770 770 769 768 767 767 766 765 764 763 763 762 760 760 759 759 757 756 756 755 754 753 752 751 751 749 748 748 747 745 745 744 743 741 741 740 739 738 737 736 736 736 736 736 735 735 735 734 734 734 735 734 734 734 733 733 733 733 732 732 732 731 731 731 730 730 730 729 728 728 727 727 727 726 725 725 724 723 723 721 721 720 719 718 717 716 715
776 775 775 774 774 772 771 771 770 770 768 768 767 766 765 764 764 763 762 761 760 760 759 757 757 756 755 754 753 752 752 750 749 749 748 746 746 745 744 743 742 741 741 739 738 737 737 736 736 735 735 735 735 735 735 735 735 735 734 734 734 733 733 733 732 732 733 732 731 731 731 730 730 729 729 729 729 727 727 727 726 725 725 724 723 723 721 721 720 719 717 716 715 714
776 776 775 775 773 772 772 771 771 769 769 768 767 767 765 765 764 763 762 761 761 760 758 758 757 756 756 754 754 753 752 751 750 749 749 747 746 745 745 743 742 742 741 739 739 738 736 736 736 736 735 735 736 736 735 735 734 734 734 734 734 733 734 734 732 732 732 731 731 732 730 730 730 730 729 728 728 727 727 726 725 725 724 723 722 722 721 720 719 718 717 716 715 714
777 776 775 775 773 773 772 772 770 770 769 768 768 766 766 765 764 764 762 762 761 760 759 758 758 757 755 755 754 753 752 751 750 750 748 747 747 746 744 744 743 742 740 740 739 738 737 736 736 736 736 736 736 735 735 735 735 734 734 734 734 733 733 732 732 732 733 731 731 731 730 730 729 729 729 729 727 727 727 726 725 725 724 723 723 721 721 720 719 718 717 716 714 713
777 776 776 774 774 773 773 772 771 770 769 769 768 767 766 765 765 763 763 762 761 760 759 759 758 757 756 755 754 754 752 751 751 750 748 748 747 746 745 744 743 743 741 740 739 738 737 736 736 736 735 735 735 735 735 735 734 735 734 734 733 733 733 733 733 732 731 731 731 732 730 730 730 729 728 728 727 727 726 725 725 724 723 722 722 720 720 719 718 717 716 715 714 712
777 777 776 775 774 774 773 771 771 770 770 769 768 767 766 766 764 764 763 762 762 760 760 759 758 757 756 755 755 753 752 752 751 750 749 748 747 746 745 744 744 742 741 741 740 738 737 737 736 735 735 736 735 735 735 735 734 734 734 733 734 734 733 732 732 732 732 731 731 730 730 730 728 728 729 728 727 727 727 725 725 724 723 723 721 721 720 718 718 717 716 715 714 712
778 777 776 775 775 774 773 772 771 771 770 769 768 767 767 766 765 764 763 763 761 761 760 759 759 757 756 756 755 754 753 752 752 750 749 749 748 746 746 745 744 742 742 741 739 739 738 737 736 736 736 736 735 735 735 734 734 734 735 733 733 733 732 733 733 731 731 731 731 730 730 730 729 728 728 727 727 726 725 724 724 723 723 723 721 721 720 718 717 716 715 714 713 711
778 777 776 775 775 774 773 772 772 771 771 769 768 768 767 766 765 764 764 763 762 761 760 760 758 758 757 756 755 754 753 753 751 750 750 749 747 747 746 745 744 743 742 741 740 739 738 738 736 735 735 735 735 735 735 735 734 734 733 733 734 734 732 732 732 731 732 731 730 730 730 728 728 728 729 727 727 727 725 725 724 723 722 722 720 720 719 718 717 715 715 714 712 711
778 777 776 776 775 774 773 773 772 771 770 769 769 768 768 766 765 765 764 763 762 761 761 759 759 758 757 757 755 754 754 753 751 751 750 749 748 747 746 746 744 743 743 741 740 739 739 737 736 736 736 735 735 735 734 734 734 734 734 733 733 732 732 733 731 731 731 731 730 730 730 729 728 728 727 727 726 725 724 724 723 723 723 721 721 720 718 718 717 715 714 713 711 710
778 777 777 776 776 774 774 773 772 772 770 770 769 769 767 766 766 765 765 763 762 762 761 760 759 758 758 756 755 755 754 752 752 751 750 749 748 747 747 745 744 744 743 741 741 740 739 737 737 736 735 735 735 735 734 734 735 733 733 733 733 733 732 732 731 731 731 730 730 730 729 728 728 728 727 727 726 725 725 724 723 722 722 720 720 719 718 717 716 715 714 712 711 710
778 778 777 777 775 774 774 773 773 771 771 770 770 769 767 767 766 766 764 763 763 762 761 760 759 759 758 756 756 755 755 753 752 752 751 749 749 748 747 746 745 744 742 742 741 740 739 738 737 736 735 735 735 734 734 734 734 733 734 733 732 732 732 732 731 731 731 730 729 729 729 728 728 727 726 726 725 724 724 723 723 723 721 720 720 718 718 717 715 715 714 712 710 709
779 778 777 777 775 775 774 774 772 772 771 770 770 768 768 767 767 765 764 764 763 763 761 760 760 759 757 757 756 756 754 753 753 752 750 750 749 748 747 746 745 745 743 742 741 741 739 738 738 736 735 735 735 734 734 734 734 733 733 733 732 733 732 731 731 731 730 730 730 729 728 728 727 726 727 726 725 725 724 723 722 722 720 720 719 717 717 716 714 714 713 711 710 709
779 778 778 776 776 775 775 774 773 772 771 771 769 769 768 768 767 765 765 764 764 762 761 761 760 758 758 757 757 755 754 754 753 752 751 750 749 748 747 746 746 744 743 743 742 740 739 739 738 736 736 735 734 734 734 734 733 733 733 732 732 732 732 731 731 731 730 729 729 728 728 728 727 726 726 725 724 724 722 722 722 721 720 720 718 718 717 715 715 714 712 711 710 708
779 779 777 777 776 776 775 773 773 772 772 771 770 769 768 768 766 766 765 765 764 762 762 761 761 759 758 758 757 755 755 754 753 752 751 750 750 748 747 747 746 744 744 743 741 741 740 739 737 737 736 735 734 734 734 733 733 733 733 732 732 731 731 731 731 729 729 730 729 728 728 727 726 726 725 725 724 724 723 722 722 720 720 719 717 717 716 714 714 713 711 710 708 708
780 779 778 777 776 776 774 774 773 773 772 771 770 769 769 767 767 766 766 765 763 763 762 761 760 759 759 758 756 756 755 754 753 752 752 751 749 749 748 747 745 745 744 743 742 741 740 740 738 737 736 735 734 734 733 733 733 733 732 732 732 732 731 730 730 730 729 729 728 727 727 727 726 726 725 724 724 722 722 721 720 720 720 718 717 717 715 714 714 712 711 710 709 708
780 778 778 777 777 776 775 774 774 773 772 771 770 770 769 768 767 766 766 764 764 763 762 762 760 760 759 758 757 756 755 755 753 753 752 751 750 749 748 748 746 745 744 743 742 741 741 739 738 737 737 735 734 734 733 733 732 732 732 732 731 731 731 731 729 729 729 728 728 728 727 726 726 725 724 724 724 722 722 721 720 719 719 717 717 716 714 714 713 711 710 709 708 707
779 779 778 778 777 776 775 775 774 773 772 771 771 770 769 768 767 767 766 765 764 763 763 761 761 760 759 758 757 757 756 754 754 753 752 751 750 749 749 747 746 746 745 743 742 742 740 739 739 738 736 735 735 734 733 733 733 732 731 731 731 731 730 730 729 729 729 728 727 727 726 726 726 724 724 724 722 722 721 720 719 720 718 717 717 715 714 714 712 711 710 709 708 707
780 779 779 778 777 776 775 775 774 773 772 772 771 771 769 768 768 767 766 765 764 764 762 762 761 760 759 758 758 757 756 755 754 753 753 751 750 750 748 747 747 746 744 744 743 742 740 740 739 738 737 736 735 733 733 733 732 731 732 731 730 730 730 729 729 729 728 727 727 727 726 726 725 724 723 723 722 722 721 720 719 719 717 716 716 714 713 713 711 710 709 708 707 705
780 780 779 778 777 776 776 775 774 773 773 772 771 770 769 769 768 767 766 765 765 764 763 762 761 761 759 759 758 757 756 755 754 754 752 751 751 750 748 748 747 746 745 744 743 742 741 740 739 738 737 736 735 734 733 732 732 731 731 730 730 730 730 729 728 728 728 727 727 726 725 725 724 724 723 722 722 721 720 719 718 717 717 717 715 714 714 712 711 710 708 708 707 705
780 780 779 778 777 777 776 776 774 773 773 772 771 770 770 769 769 767 766 766 765 764 763 762 762 760 760 759 758 757 756 755 755 753 752 752 751 749 749 748 747 746 745 744 744 742 741 741 739 738 737 737 735 734 733 732 731 731 731 730 730 730 728 728 729 727 727 727 726 726 725 725 724 723 723 721 721 721 720 719 719 717 716 716 714 713 713 711 710 709 708 707 705 704
781 780 779 778 778 777 776 775 774 774 773 772 771 771 770 769 768 767 767 766 765 764 763 763 761 760 760 759 759 757 756 756 755 753 753 752 751 750 749 748 747 746 745 745 743 742 742 741 739 739 738 736 735 735 734 732 731 731 730 730 729 729 729 728 728 727 727 727 726 725 725 723 723 723 722 721 721 719 719 718 717 716 715 715 714 713 712 711 710 708 708 707 705 704
781 780 779 778 778 777 776 775 775 774 774 772 772 771 770 769 768 768 767 766 765 764 764 763 761 761 760 760 758 757 757 756 754 754 753 753 751 750 750 749 747 747 746 745 743 743 742 740 740 739 738 736 736 735 733 732 732 731 729 729 730 728 728 728 727 727 727 726 725 725 725 724 723 723 721 721 720 719 719 718 717 716 716 714 713 713 711 710 709 707 707 705 704 703
781 780 779 779 778 777 776 776 775 775 773 772 772 771 771 769 769 768 767 766 765 765 764 762 762 761 761 759 758 758 757 755 755 754 754 752 751 751 750 748 748 747 746 745 744 743 742 741 740 739 738 737 736 735 734 733 732 730 730 729 728 728 728 728 727 726 726 725 725 725 723 723 722 721 721 721 719 719 718 717 716 715 714 713 713 712 711 710 708 708 707 705 704 703
781 780 780 779 779 777 777 776 775 774 773 773 772 772 770 769 769 768 767 766 766 765 763 763 762 762 761 759 759 758 757 756 755 755 754 752 752 751 749 749 748 747 746 745 744 744 742 741 740 740 738 737 737 735 734 733 733 731 730 729 728 728 728 726 726 726 725 725 724 724 723 723 722 721 720 720 718 718 717 717 716 715 714 713 712 711 710 709 707 707 705 704 703 701
781 781 780 779 778 777 777 776 776 774 774 773 773 771 770 770 769 768 767 767 766 765 764 763 763 762 760 760 759 758 757 756 756 755 753 753 752 751 750 749 748 748 746 745 745 743 742 741 741 739 738 738 736 735 734 734 732 731 730 729 728 727 727 727 726 726 724 724 725 723 723 722 721 720 720 719 719 718 716 716 715 714 713 712 711 710 710 708 707 707 705 704 703 701
781 781 780 779 778 778 777 777 775 775 774 773 772 771 771 770 770 768 767 767 766 765 764 763 763 761 761 760 759 758 757 757 756 754 754 753 752 751 750 749 749 747 746 746 745 743 743 742 740 739 739 738 736 736 735 733 732 732 731 729 728 728 726 726 725 724 725 724 724 722 722 721 721 720 720 718 718 717 716 715 715 714 713 712 711 710 709 707 707 705 704 703 701 700
782 781 780 779 779 778 778 776 775 775 774 774 772 772 771 771 769 768 768 767 766 765 764 764 763 762 761 760 760 758 758 757 756 755 754 753 753 751 750 750 748 747 747 746 744 744 743 742 741 740 739 737 737 736 735 733 733 732 730 729 729 727 726 726 726 724 724 723 722 723 722 721 720 720 718 718 718 716 716 715 713 713 712 710 710 709 707 706 707 705 704 703 701 700
782 780 780 779 779 778 777 776 776 775 775 773 773 772 771 770 769 769 768 768 766 765 765 764 763 762 761 761 759 759 758 757 756 755 754 754 752 751 751 750 748 748 747 745 745 744 743 742 741 740 739 738 737 736 735 734 733 732 731 730 729 727 727 726 724 724 723 723 722 722 721 720 719 720 718 718 717 715 715 714 713 713 712 711 710 708 707 706 705 704 703 701 700 699
782 781 780 780 779 778 777 777 776 776 774 773 773 772 771 770 770 769 768 767 766 766 765 764 763 762 762 760 759 759 758 757 756 755 755 753 752 752 751 749 749 748 747 746 745 744 743 742 741 741 739 738 737 736 735 734 733 732 731 730 728 728 727 726 724 724 723 722 721 721 720 720 719 718 717 717 715 716 715 713 713 712 710 710 709 707 706 706 704 703 702 701 700 698
782 781 781 780 780 778 777 777 776 775 774 774 773 773 771 771 770 769 768 767 767 766 764 764 763 763 761 760 760 759 759 757 756 756 754 753 753 752 750 750 749 748 747 746 745 745 743 742 742 740 739 739 738 736 735 735 733 732 731 731 729 728 727 726 725 724 722 722 722 720 720 719 718 717 717 716 715 715 713 712 712 710 709 710 708 707 706 705 704 703 701 700 699 697
782 781 781 780 779 778 778 777 776 775 775 774 774 772 771 771 770 769 768 768 767 766 765 764 764 763 761 761 760 760 758 757 757 756 754 754 753 752 751 750 749 748 747 746 746 744 743 743 742 740 740 739 737 736 736 735 733 732 732 730 729 728 727 726 725 724 723 722 721 719 719 718 718 717 717 715 714 714 712 713 712 710 709 709 707 706 705 704 703 701 700 699 697 696
782 782 781 780 779 779 778 778 776 775 775 774 773 772 772 771 771 769 768 768 767 766 765 765 764 762 762 761 760 759 758 758 757 755 755 754 753 752 751 750 750 748 747 747 745 744 744 743 741 741 740 738 738 737 736 734 734 733 731 730 730 729 727 726 726 724 723 722 720 720 719 717 717 716 715 714 715 713 712 712 710 709 709 707 707 706 705 704 703 701 700 699 697 697
783 782 781 780 779 779 778 777 776 776 775 774 773 773 772 771 770 769 769 768 767 766 765 765 763 763 762 761 760 759 759 758 756 756 755 754 753 752 751 751 749 749 748 747 745 745 744 742 742 741 740 739 738 737 735 735 734 733 731 731 730 728 727 727 725 724 723 722 721 720 719 717 716 716 715 714 714 712 711 711 710 709 709 707 706 704 704 703 701 700 699 697 696 696
783 781 781 780 780 779 778 777 777 776 775 774 773 773 772 771 770 770 769 768 767 766 766 764 764 763 762 762 760 760 759 758 757 756 755 754 753 752 752 750 750 749 748 747 746 745 744 743 742 741 740 739 738 738 736 735 734 733 732 731 729 729 728 727 725 724 724 722 721 720 718 718 717 715 714 713 712 712 712 710 709 708 707 706 705 704 704 703 701 700 698 697 697 695
782 782 781 781 780 779 778 778 777 776 775 774 774 773 772 771 771 770 768 768 767 767 766 764 764 763 763 761 760 760 759 758 757 756 756 754 753 753 752 751 750 749 748 747 746 745 744 743 742 741 740 739 739 737 736 735 734 733 732 731 730 729 728 726 726 725 723 722 721 720 719 718 716 715 715 713 712 711 710 709 708 707 707 706 704 704 703 701 700 699 697 697 696 694
782 782 781 781 779 779 778 778 777 776 775 775 774 773 772 771 771 770 769 768 768 767 765 765 764 764 762 761 761 760 759 758 757 757 755 754 754 753 751 751 750 750 748 747 747 745 744 743 743 741 740 740 738 737 737 736 734 733 733 731 730 729 728 727 726 725 723 723 722 720 719 718 717 716 715 713 712 711 710 709 708 707 706 705 703 703 701 700 699 698 697 697 695 694
783 782 782 780 780 779 779 778 777 776 775 775 773 773 772 772 771 770 769 768 768 766 766 765 765 763 762 762 761 760 759 758 758 756 755 755 754 752 752 751 751 749 748 748 746 745 744 744 742 741 741 740 738 738 737 735 734 734 732 731 730 730 728 727 726 725 724 723 721 720 720 718 717 716 714 713 713 711 710 709 707 706 705 703 703 703 701 700 699 697 697 695 694 693
783 783 781 781 780 779 779 777 777 776 776 775 774 773 773 772 770 770 769 769 767 767 766 765 764 763 763 762 760 760 759 759 757 756 756 755 753 753 752 752 750 749 749 748 746 746 745 743 742 742 741 739 739 738 736 735 735 734 732 732 731 729 728 728 726 725 724 722 722 721 720 718 717 717 715 714 713 711 710 709 708 707 705 704 703 701 700 699 697 696 696 694 693 692
783 782 781 781 780 780 778 778 777 777 776 775 774 773 773 771 771 770 770 768 767 767 766 766 764 764 763 762 761 760 760 759 757 757 756 755 754 753 752 751 750 750 749 747 747 746 745 743 743 742 740 740 739 738 737 736 735 733 733 732 730 729 729 728 726 725 725 723 722 721 719 719 718 716 715 714 712 712 711 709 708 707 705 704 703 701 701 699 698 697 695 694 693 691
784 782 782 781 781 779 779 778 777 777 775 775 774 774 772 772 771 771 770 768 768 767 767 765 764 764 763 762 761 760 760 758 758 757 756 755 754 753 753 751 751 750 748 748 747 746 745 744 743 741 741 740 739 738 737 736 734 734 733 732 730 730 729 727 726 726 724 723 722 721 720 719 717 716 715 714 713 712 710 709 708 706 706 705 703 702 701 699 698 697 695 694 692 691
783 782 782 781 780 779 779 778 778 776 776 775 775 773 772 772 771 771 769 769 768 768 766 765 765 764 763 762 761 761 759 759 758 757 756 755 754 754 752 751 751 749 749 748 747 746 745 744 743 742 741 740 739 738 737 737 735 734 733 732 731 730 728 728 727 725 724 723 723 721 720 719 717 717 716 714 713 712 710 710 709 707 706 704 703 702 700 699 699 697 696 695 693 692
