testData/tiles/oneDegreeCosts/grid26.0-24.0-27.0-25.0.asc
ncols   200
nrows   200
xllcorner   26.0
yllcorner   24.0
cellsize   0.005
NODATA_value   -9999.0
[rows 0 to 41 of 200, columns 0 to 93 of 200]
780 779 780 780 780 780 781 780 780 779 780 779 779 778 779 779 779 778 777 778 777 776 776 775 774 774 774 774 773 772 771 770 770 769 768 766 765 764 762 761 761 762 762 762 763 763 763 738 738 738 738 738 738 738 738 738 738 738 738 738 738 738 739 738 738 738 738 738 738 738 738 822 822 822 822 821 821 821 821 821 821 821 820 820 820 820 820 820 819 819 819 819 820 820
780 779 779 780 779 780 780 780 780 779 779 779 779 778 778 778 779 778 777 777 777 777 776 775 774 774 774 773 773 772 771 770 769 768 768 766 765 764 762 761 761 761 761 762 762 762 762 737 738 738 738 738 738 738 738 738 738 738 738 737 737 737 737 737 737 738 738 738 738 738 738 822 822 821 821 821 821 821 821 821 821 820 820 820 820 820 820 819 819 819 819 819 818 820
780 779 779 780 779 779 780 780 780 779 779 779 779 778 778 777 778 778 778 777 776 777 776 775 774 774 773 773 772 772 771 770 769 768 767 767 765 764 762 761 761 761 761 761 762 762 762 737 737 737 737 737 737 737 737 737 737 737 737 737 737 737 737 737 737 737 737 738 738 738 738 822 821 821 821 821 821 821 821 821 820 820 820 820 820 820 819 819 819 819 819 818 818 819
779 780 779 779 779 779 779 779 780 779 779 778 779 778 778 777 777 777 778 777 776 776 776 775 774 774 773 772 772 771 771 770 769 768 767 766 764 764 762 761 761 761 761 761 761 761 762 737 737 737 737 737 737 737 737 737 737 737 737 737 737 737 737 737 737 737 737 737 737 737 737 821 821 821 821 821 821 821 821 820 820 820 820 820 820 819 819 819 819 819 818 818 818 819
779 780 779 779 779 779 779 778 779 779 779 778 778 778 778 777 777 776 777 777 776 776 775 775 774 774 773 772 771 770 770 770 769 768 767 766 764 763 762 760 761 761 761 761 761 761 761 737 737 737 737 737 737 737 737 737 737 737 737 737 737 737 737 737 737 737 737 736 736 736 736 736 820 820 821 821 821 820 820 820 820 820 820 820 819 819 819 819 819 818 818 818 818 819
779 779 779 779 779 778 779 778 778 779 779 779 778 778 778 777 777 776 776 776 776 776 775 774 775 774 773 772 771 770 769 769 768 768 767 766 764 763 762 760 760 760 761 761 761 761 761 736 736 737 737 737 737 737 737 737 737 737 737 737 737 737 737 737 737 736 736 736 736 736 736 736 820 820 820 820 819 819 820 820 820 820 820 819 819 819 819 819 818 818 818 818 818 817
779 779 778 779 779 778 779 778 778 778 779 779 778 778 777 777 777 776 776 775 775 776 775 774 774 774 773 772 771 770 769 768 767 767 767 766 765 763 762 760 760 760 760 760 760 760 761 736 736 736 736 737 737 737 737 737 737 737 737 737 737 736 736 736 736 736 736 736 736 736 736 736 820 820 819 819 819 819 819 819 819 819 818 818 818 819 819 818 818 818 818 818 817 817
778 779 778 779 779 778 778 778 778 778 777 779 778 778 777 777 777 776 776 775 775 775 775 774 774 773 772 772 771 770 769 768 767 766 765 766 765 763 762 760 760 760 760 760 760 760 760 735 735 735 735 735 735 736 736 736 736 736 736 736 736 736 736 736 736 736 736 736 736 736 736 736 819 819 819 819 819 819 819 819 818 818 818 818 818 818 817 817 817 817 817 816 816 816
777 778 778 778 779 778 778 777 778 778 777 777 778 778 777 777 777 776 776 775 775 774 774 774 774 773 772 771 771 770 769 768 767 766 765 764 763 763 762 760 760 760 760 760 760 760 760 735 735 735 735 735 735 735 735 736 736 736 736 736 736 736 736 736 736 736 736 736 736 736 735 735 819 819 819 819 819 819 819 818 818 818 818 818 818 817 817 817 817 817 817 816 816 816
777 778 777 778 778 778 778 777 777 778 777 777 776 778 777 777 776 776 776 775 775 774 773 773 774 773 772 771 770 769 769 768 767 766 765 764 763 761 761 760 760 760 760 760 760 760 760 735 735 735 735 735 735 735 735 735 735 735 736 736 736 736 736 736 736 736 736 736 735 735 735 735 819 819 819 819 819 818 818 818 818 818 818 818 817 817 817 817 817 817 816 816 816 816
777 777 777 777 778 777 778 778 777 778 777 777 776 776 777 777 776 776 776 775 775 774 773 773 773 772 772 771 770 769 769 769 767 766 765 764 763 761 760 758 759 759 760 760 760 760 760 735 735 735 735 735 735 735 735 735 735 735 735 735 736 736 736 736 736 735 735 735 735 735 735 735 735 819 819 819 818 818 818 818 818 818 818 817 817 817 817 817 817 816 816 816 816 815
777 777 777 777 777 777 778 778 777 777 777 777 776 776 775 777 776 776 775 774 775 774 773 773 772 772 771 771 770 770 769 768 767 766 765 764 763 761 760 758 758 758 759 759 759 760 760 735 735 735 735 735 735 735 735 735 735 735 735 735 735 735 734 735 735 735 735 735 735 735 735 735 735 819 818 818 818 818 818 818 818 818 817 817 817 817 817 816 816 816 816 816 815 815
777 777 777 777 777 776 777 778 777 777 776 777 776 776 775 775 776 776 775 774 774 774 773 773 772 771 770 770 770 770 769 768 767 766 764 764 763 762 760 759 758 758 758 758 759 759 759 734 734 734 734 734 734 734 734 734 734 734 734 734 734 734 734 734 734 734 735 735 735 735 735 735 734 818 818 818 818 818 818 818 817 817 817 817 817 817 816 816 816 816 816 815 815 815
776 777 777 776 777 776 776 777 777 777 776 776 776 776 775 775 774 775 775 774 774 773 773 773 772 771 770 769 770 769 769 768 767 766 764 763 762 762 760 759 758 758 758 758 758 758 759 734 734 734 734 734 734 734 734 734 734 734 734 734 734 734 734 734 734 734 734 734 734 734 734 734 734 818 818 818 818 818 818 817 817 817 817 817 817 816 816 816 816 816 815 815 815 815
776 777 777 776 776 776 776 776 776 777 776 776 775 776 775 775 774 774 774 774 774 773 772 773 772 771 770 769 769 768 768 767 767 766 764 763 762 761 759 759 758 758 758 758 758 758 758 733 734 734 734 734 734 734 734 734 734 734 734 734 734 734 734 734 734 734 734 734 733 733 733 733 733 817 818 818 818 817 817 817 817 817 817 817 816 816 816 816 816 815 815 815 815 815
776 776 777 776 776 776 776 776 775 776 776 776 775 775 775 775 774 774 773 773 774 773 772 772 772 771 770 770 769 768 767 767 766 766 765 763 762 761 759 758 757 757 758 758 758 758 758 733 733 733 734 734 734 734 734 734 734 734 734 734 734 734 734 734 734 733 733 733 733 733 733 733 733 733 817 817 816 816 816 816 817 817 817 816 816 816 816 816 815 815 815 815 815 814
775 776 776 776 776 776 775 776 775 775 775 776 775 775 774 775 774 774 773 772 773 772 772 772 771 770 770 770 769 768 767 766 765 765 764 763 762 761 759 758 757 757 757 757 757 757 758 733 733 733 733 733 734 734 734 734 734 734 734 734 734 733 733 733 733 733 733 733 733 733 733 733 733 733 816 816 816 816 816 816 816 815 815 815 815 815 815 814 814 814 814 815 814 814
775 775 776 775 776 776 775 776 775 775 774 775 775 775 774 774 774 774 773 772 772 772 772 772 771 770 769 770 769 768 767 766 765 764 763 762 761 761 759 758 757 757 757 757 757 757 757 732 732 732 732 732 732 732 732 733 733 733 733 733 733 733 733 733 733 733 733 733 733 733 733 733 732 732 816 816 816 816 816 816 815 815 815 815 815 815 814 814 814 814 814 813 813 813
774 775 775 775 776 776 775 775 775 775 774 774 774 775 774 774 773 774 773 773 772 771 772 771 770 770 769 769 768 768 767 766 765 764 763 761 760 760 758 758 757 757 757 757 757 757 757 732 732 732 732 732 732 732 732 732 732 732 733 733 733 733 733 733 733 733 733 733 733 733 732 732 732 732 816 816 816 816 815 815 815 815 815 815 815 814 814 814 814 814 813 813 813 813
774 774 775 774 775 776 775 775 774 775 774 774 774 774 774 774 773 773 773 773 772 771 771 770 770 769 770 769 768 767 767 766 765 764 763 762 760 759 757 756 756 757 757 757 757 757 757 732 732 732 732 732 732 732 732 732 732 732 732 732 732 733 733 733 733 733 733 732 732 732 732 732 732 732 816 816 816 815 815 815 815 815 815 814 814 814 814 814 814 813 813 813 813 593
774 774 774 774 774 774 775 775 774 774 775 774 774 773 774 773 773 773 772 773 772 771 771 770 769 769 769 768 768 767 766 765 765 764 763 762 760 759 758 756 755 755 755 756 757 757 757 732 732 732 732 732 732 732 732 732 732 732 732 732 732 732 732 731 732 732 732 732 732 732 732 732 732 732 816 815 815 815 815 815 815 815 814 814 814 814 814 814 813 813 813 813 813 592
774 774 774 774 774 774 773 775 774 774 774 774 774 773 773 773 772 773 772 772 772 771 771 770 769 768 769 768 767 766 766 765 764 763 763 762 760 759 758 756 755 755 755 755 755 756 756 731 731 731 732 732 732 732 732 732 732 731 731 731 731 731 731 731 731 731 731 731 732 732 732 732 732 731 731 815 815 815 815 815 815 814 814 814 814 814 814 813 813 813 813 813 592 592
773 774 774 773 774 774 773 773 774 774 774 773 774 773 773 772 772 772 771 772 771 770 771 770 769 768 768 767 767 766 765 765 764 763 762 761 760 759 758 756 755 755 755 755 755 755 755 756 731 731 731 731 731 731 731 731 731 731 731 731 731 731 731 731 731 731 731 731 731 731 731 730 730 731 731 815 815 815 815 814 814 814 814 814 814 813 813 813 813 813 812 592 592 592
773 773 774 773 773 774 773 773 773 773 774 773 773 773 773 772 772 771 771 771 771 770 770 770 769 768 768 767 766 765 765 764 763 763 762 761 759 758 757 756 755 755 755 755 755 755 755 755 730 730 731 731 731 731 731 731 731 731 731 731 731 731 731 731 731 731 731 731 730 730 730 730 730 730 730 814 814 813 813 814 814 814 814 814 813 813 813 813 813 812 592 592 592 592
773 773 774 773 773 773 773 773 773 772 773 773 773 772 773 772 772 771 770 771 770 769 770 769 769 768 768 767 766 765 764 764 763 762 761 761 760 758 757 755 754 754 755 755 755 755 755 755 730 730 730 730 731 731 731 731 731 731 731 731 731 731 731 731 731 730 730 730 730 730 730 730 730 730 730 814 813 813 813 813 813 813 813 812 812 812 812 812 811 591 591 591 591 591
773 772 772 774 773 773 772 773 773 772 772 772 773 772 772 772 772 771 770 770 770 769 769 768 768 768 768 767 766 765 764 763 762 762 761 760 759 758 757 755 754 754 754 754 754 754 754 755 730 730 730 730 730 730 730 731 731 731 731 731 730 730 730 730 730 730 730 730 730 730 730 730 730 730 729 813 813 813 813 813 813 812 812 812 812 812 812 811 591 591 591 591 590 590
830 772 772 772 773 773 772 772 773 772 772 771 772 771 772 771 772 771 770 770 769 769 769 768 767 768 767 766 766 765 764 763 762 761 760 759 759 757 756 755 754 754 754 754 754 754 754 754 729 729 729 729 729 729 729 729 729 729 729 730 730 730 730 730 730 730 730 730 730 730 730 729 729 729 729 729 813 813 813 812 812 812 812 812 812 812 811 591 591 591 591 590 590 590
830 772 772 772 771 773 772 772 772 772 772 771 771 771 771 771 771 771 770 770 769 769 768 768 767 767 766 766 765 765 764 763 762 761 760 759 758 756 756 754 753 753 754 754 754 754 754 754 729 729 729 729 729 729 729 729 729 729 729 729 729 729 730 730 730 730 730 730 730 729 729 729 729 729 729 729 813 813 812 812 812 812 812 812 811 811 591 591 591 591 590 590 590 590
830 829 772 772 771 771 771 772 772 771 772 771 771 770 771 770 770 770 769 770 769 769 768 767 767 767 766 765 764 764 763 763 762 761 760 759 758 756 755 753 752 752 753 753 754 754 754 754 729 729 729 729 729 729 729 729 729 729 729 729 729 729 729 729 729 728 728 729 729 729 729 729 729 729 729 729 812 812 812 812 812 812 812 811 811 811 591 591 590 590 590 590 590 589
830 829 829 772 771 771 771 771 772 771 771 771 771 770 770 770 770 769 769 769 769 769 768 767 766 766 766 765 764 763 762 762 761 761 760 759 758 756 755 754 752 752 752 752 752 752 753 754 729 729 729 729 729 729 729 729 729 729 729 729 729 728 728 728 728 728 728 728 728 728 728 728 729 729 728 728 812 812 812 812 812 811 811 811 811 591 591 590 590 590 590 590 589 589
829 829 829 829 771 771 771 770 771 770 771 770 771 770 770 769 770 769 769 768 768 769 768 767 766 766 765 765 764 763 762 761 760 760 759 758 758 756 755 754 752 752 752 752 752 752 752 752 727 727 728 728 728 728 728 728 728 728 728 728 728 728 728 728 728 728 728 728 728 728 728 727 727 727 727 727 811 811 812 812 811 811 811 811 591 591 590 590 590 590 590 589 589 589
828 827 829 829 771 771 771 770 770 770 770 770 770 770 770 769 769 769 769 768 767 767 767 767 766 766 765 764 763 763 762 761 760 759 758 758 757 755 755 754 752 752 752 752 752 752 752 752 727 727 727 727 727 728 728 728 728 728 728 728 728 728 728 728 728 728 728 728 728 727 727 727 727 727 727 727 727 811 810 810 810 810 810 590 589 589 589 589 589 589 588 588 588 588
828 827 828 829 828 771 771 770 770 769 770 769 769 769 770 769 769 768 768 768 767 767 766 765 767 766 765 764 763 762 761 761 760 759 758 757 756 755 754 753 751 751 752 752 752 752 752 752 727 727 727 727 727 727 727 727 728 728 728 728 728 728 728 728 728 727 727 727 727 727 727 727 727 727 727 727 726 810 810 810 810 810 590 589 589 589 589 589 588 588 588 588 588 587
828 827 827 828 827 828 770 770 770 769 769 769 769 768 768 769 769 768 768 767 767 767 766 765 765 764 765 764 763 762 761 760 759 759 758 757 756 755 753 752 751 751 751 751 751 751 752 752 727 727 727 727 727 727 727 727 727 727 727 727 728 727 727 727 727 727 727 727 727 727 727 727 727 727 726 726 726 810 810 810 810 589 589 589 589 589 589 588 588 588 588 588 587 587
827 827 827 827 827 827 828 769 770 769 769 768 769 768 768 767 769 768 768 767 766 766 766 765 765 764 763 762 763 762 762 761 760 758 757 756 756 755 753 752 750 750 750 751 751 751 751 751 726 726 726 726 726 726 726 726 726 726 726 726 726 726 726 726 727 727 727 727 727 727 727 726 726 726 726 726 726 810 810 809 589 589 589 589 589 588 588 588 588 588 588 587 587 587
827 826 827 827 826 827 827 769 769 769 769 768 768 768 768 767 767 766 768 767 766 766 765 765 765 764 763 762 761 761 762 761 760 758 757 756 755 754 752 752 750 750 750 750 750 750 751 751 726 726 726 726 726 726 726 726 726 726 726 726 726 726 726 726 726 726 726 726 725 726 726 726 726 726 726 726 726 726 809 589 589 589 589 589 588 588 588 588 588 587 587 587 587 587
827 826 826 827 826 826 827 826 768 768 769 768 768 768 768 767 767 766 766 766 766 766 765 764 764 764 763 762 761 760 760 759 759 759 757 756 755 754 752 751 749 749 750 750 750 750 750 750 725 726 726 726 726 726 726 726 726 726 726 726 726 726 726 726 726 725 725 725 725 725 725 725 725 725 725 725 725 725 589 589 589 589 588 588 588 588 588 588 587 587 587 587 587 586
826 826 826 826 826 826 826 826 826 767 767 768 768 768 767 767 767 766 766 765 765 765 765 764 764 763 763 762 761 761 760 759 758 757 756 756 755 754 752 751 749 749 749 749 749 749 749 749 725 725 725 725 726 726 726 726 726 726 726 725 725 725 725 725 725 725 725 725 725 725 725 725 725 724 724 724 724 563 588 588 588 587 587 587 587 587 588 587 587 587 587 587 586 586
825 826 825 826 825 826 826 825 826 767 767 767 767 768 767 766 766 766 766 765 764 764 764 763 764 763 762 761 761 761 760 759 758 757 755 754 754 753 752 751 749 749 749 749 749 749 749 749 724 724 724 724 724 724 724 724 725 725 725 725 725 725 725 725 725 725 725 725 725 725 725 724 724 724 724 724 563 563 588 587 587 587 587 587 587 586 586 586 586 586 585 585 585 585
825 825 825 825 825 825 826 825 825 825 767 767 766 767 766 766 766 765 766 765 765 764 763 763 763 762 762 761 760 760 760 759 758 757 756 754 753 752 750 750 749 749 749 749 749 749 749 749 724 724 724 724 724 724 724 724 724 724 724 724 725 725 725 725 725 725 725 725 724 724 724 724 724 724 724 563 563 563 587 587 587 587 587 587 586 586 586 586 586 585 585 585 585 585
825 825 824 825 825 824 825 825 825 824 825 767 766 766 765 766 765 765 765 764 765 764 763 762 762 762 761 760 760 760 759 758 758 757 756 754 753 752 750 749 747 747 747 748 749 749 749 749 724 724 724 724 724 724 724 724 724 724 724 724 724 724 724 723 724 724 724 724 724 724 724 724 724 724 563 563 563 563 563 587 587 587 586 586 586 586 586 585 585 585 585 585 584 584
824 825 824 824 825 824 824 823 825 824 824 766 766 766 765 765 765 764 764 764 764 764 763 762 762 761 760 760 760 759 758 758 757 756 755 754 753 752 751 749 747 747 747 747 747 747 748 748 723 723 723 723 724 724 724 723 723 723 723 723 723 723 723 723 723 723 723 723 723 723 724 724 723 563 563 563 563 563 563 587 586 586 586 586 586 586 585 585 585 585 585 584 584 584
