testData/tiles/oneDegreeCosts/grid8.0-18.0-9.0-19.0.asc
ncols   200
nrows   200
xllcorner   8.0
yllcorner   18.0
cellsize   0.005
NODATA_value   -9999.0
[rows 84 to 125 of 200, columns 0 to 93 of 200]
747 718 719 718 718 719 717 717 716 717 716 715 715 714 714 713 713 712 712 711 710 710 709 710 707 707 706 706 706 704 708 708 707 707 706 705 705 704 703 704 705 704 703 703 704 703 703 703 703 702 703 701 702 701 702 701 701 700 701 699 699 699 698 698 699 697 697 697 695 696 695 695 694 694 693 693 691 691 691 691 691 689 689 688 688 686 685 685 684 683 682 682 682 681
748 721 719 720 720 719 719 719 718 717 716 717 716 716 715 716 713 713 712 712 712 712 710 709 709 709 709 706 706 705 711 710 708 707 707 706 705 704 705 705 704 704 705 706 704 705 704 704 703 705 703 703 703 703 702 702 701 701 702 700 701 700 700 699 698 698 699 697 697 696 697 696 696 695 695 694 693 693 691 692 690 690 689 689 687 687 686 686 685 684 683 682 682 680
749 722 722 721 721 721 720 719 718 719 718 718 718 717 716 715 715 715 715 713 712 712 712 712 711 710 709 709 708 708 710 710 710 710 708 707 706 706 707 706 706 706 705 705 705 706 704 705 705 704 703 704 703 704 703 703 703 703 702 702 701 701 700 700 700 701 699 699 698 698 698 697 696 695 695 694 694 693 694 692 692 691 691 690 689 688 689 687 686 685 685 684 682 682
751 750 723 722 721 721 722 721 721 720 721 718 718 718 717 718 717 716 715 715 714 714 712 712 711 711 711 710 709 708 713 712 711 709 709 709 709 706 707 707 707 706 707 707 707 706 706 706 706 705 706 705 705 704 704 703 704 703 704 703 703 703 701 701 702 700 700 699 699 700 698 698 697 697 696 696 694 695 694 693 692 692 691 689 689 689 688 687 686 686 685 685 685 683
752 751 724 723 724 723 723 722 721 721 720 720 720 720 719 718 718 717 717 716 715 715 714 713 713 711 712 710 710 710 713 713 712 712 711 710 708 708 709 708 707 708 708 708 707 708 708 707 706 707 706 706 706 706 705 706 705 704 704 704 704 703 703 703 702 701 701 700 701 699 699 698 698 697 697 697 697 697 694 695 693 694 692 692 691 691 689 688 688 687 687 685 685 684
753 753 753 726 724 723 723 723 723 722 723 721 721 720 720 719 719 718 718 718 716 716 715 715 714 713 712 712 710 711 711 714 713 712 713 711 711 709 710 708 709 709 709 708 709 708 708 707 709 707 708 708 706 706 706 706 705 706 705 705 704 704 703 703 703 702 701 703 701 701 700 700 700 698 698 697 698 696 696 695 695 693 693 692 692 691 689 690 689 689 687 687 686 686
755 753 753 726 726 725 725 726 724 724 723 723 722 722 721 720 720 720 719 718 718 717 717 716 715 714 714 713 713 711 711 715 715 713 713 711 711 710 710 710 710 709 709 709 709 709 710 708 708 708 709 708 708 708 708 706 707 706 706 705 705 705 705 705 704 703 704 702 701 701 700 701 699 699 699 699 698 698 696 697 696 694 694 693 693 691 691 691 690 689 688 687 686 685
755 756 755 728 726 727 726 726 725 725 725 724 723 723 723 721 721 720 720 719 719 719 717 717 716 716 715 714 714 713 712 716 715 714 714 714 712 712 710 711 711 712 710 710 710 711 710 710 710 710 709 709 709 708 708 709 707 708 707 707 706 706 706 704 704 704 704 703 703 702 703 701 701 700 700 699 699 697 697 697 695 695 694 694 694 693 693 692 691 689 690 688 687 687
756 756 756 756 728 727 727 727 726 726 725 726 725 724 723 723 722 722 721 720 720 719 719 718 718 717 716 715 715 714 714 717 717 716 715 714 714 713 712 712 712 711 711 712 712 711 711 711 711 710 710 710 710 710 710 708 708 708 707 707 707 707 706 706 706 705 704 705 703 704 702 702 701 701 701 700 699 699 699 697 697 696 696 695 694 694 692 692 691 691 690 689 688 687
757 757 757 757 729 729 728 728 727 728 726 726 725 725 725 724 724 723 722 721 721 720 721 719 718 717 717 718 716 715 714 719 718 718 716 716 715 714 712 714 712 713 712 713 712 712 712 712 712 711 710 710 711 710 710 710 710 708 709 708 708 707 707 706 706 707 706 705 705 704 703 703 702 702 701 701 700 700 699 699 697 697 696 696 696 694 694 692 693 692 690 690 688 689
758 758 758 758 731 730 731 729 728 728 728 727 727 727 726 725 724 724 723 723 723 721 720 720 719 720 717 717 716 716 716 716 718 718 717 716 715 715 714 714 712 713 713 714 712 713 712 713 711 711 712 713 711 711 711 710 710 710 709 710 710 709 708 707 708 706 706 706 705 704 704 703 705 703 703 702 701 700 700 699 699 697 697 697 696 695 693 693 693 692 691 690 690 688
761 760 760 759 759 731 730 730 730 730 729 729 727 727 727 726 726 726 725 723 723 722 723 722 720 719 719 719 719 716 716 716 720 719 718 717 717 715 714 714 715 714 714 714 714 713 714 713 713 713 713 712 712 712 712 712 712 710 710 711 709 709 708 708 708 708 708 707 706 705 705 705 703 703 703 702 701 701 700 700 699 698 698 698 697 696 695 695 694 693 692 691 691 689
760 760 760 760 760 732 733 732 731 730 730 729 729 728 729 727 726 726 725 726 725 724 722 722 722 722 720 719 718 718 718 717 720 720 719 719 717 717 716 716 715 715 715 715 714 715 715 714 713 714 714 713 713 712 713 711 711 711 711 711 711 710 710 709 709 708 708 707 706 706 706 705 705 705 704 704 703 702 702 700 700 699 699 698 697 696 697 695 693 693 692 692 691 691
763 762 762 761 761 732 732 732 732 732 731 731 730 729 728 728 727 728 726 726 725 725 725 724 723 721 721 721 721 719 718 717 723 722 720 719 719 718 716 716 717 717 715 715 715 715 715 715 714 715 714 714 713 714 713 713 713 712 711 712 711 711 709 709 709 709 710 707 708 708 707 706 706 705 704 703 703 703 701 701 700 701 700 699 698 698 697 696 695 694 694 692 693 691
762 762 762 762 761 761 734 734 733 732 732 731 731 730 731 729 729 727 727 727 727 725 725 724 724 723 722 721 720 720 720 718 718 721 721 721 720 718 718 717 717 717 717 717 716 715 716 715 715 715 715 715 715 714 714 713 713 712 712 712 712 712 710 711 710 710 709 709 708 708 707 706 707 706 705 704 705 703 703 701 701 701 699 699 698 698 697 696 696 694 693 693 692 692
765 764 764 764 763 762 735 734 734 734 733 732 732 732 730 730 730 730 728 728 727 727 726 726 724 724 723 723 722 721 720 719 719 724 722 721 720 720 719 718 717 718 717 717 716 717 716 717 716 716 715 716 715 714 715 714 715 713 713 713 713 712 712 711 712 710 710 710 709 709 707 708 707 706 705 705 704 703 702 702 702 701 701 700 700 699 697 698 696 695 695 694 694 691
765 766 764 764 763 764 736 736 734 734 734 733 733 732 732 731 731 730 729 729 729 727 727 726 726 725 724 723 723 722 722 720 720 723 723 723 722 720 720 719 718 718 719 718 717 717 717 717 716 716 717 717 715 716 715 715 714 714 714 714 713 713 712 712 711 710 710 710 709 709 709 708 707 707 706 706 705 704 704 704 702 702 701 700 700 699 699 697 697 695 695 695 693 693
766 766 766 765 765 764 764 737 736 735 735 733 734 733 733 732 732 731 730 730 729 729 728 727 726 726 726 725 723 723 722 721 721 725 724 723 722 722 721 719 719 719 719 718 718 718 718 717 718 717 717 716 716 716 717 715 716 715 714 714 713 713 713 712 711 712 712 711 710 710 709 708 708 707 707 706 705 705 703 703 702 703 702 701 700 701 699 698 697 696 697 695 695 693
767 767 767 767 765 766 765 737 736 737 736 736 734 734 733 733 732 732 731 731 729 729 728 728 727 727 725 725 724 724 723 722 721 721 724 725 723 722 721 721 719 719 719 720 719 719 718 719 718 718 718 718 717 717 716 715 716 715 715 714 715 715 713 713 712 712 711 711 710 710 709 708 709 709 707 706 707 705 705 704 704 703 702 701 701 700 699 698 698 698 695 695 694 694
768 768 767 767 767 766 766 766 739 737 736 736 736 735 735 734 734 732 732 731 731 731 730 728 728 727 728 726 725 724 724 723 723 721 726 725 724 723 723 721 721 720 720 720 720 719 719 719 719 718 718 718 717 717 717 717 717 716 715 716 715 714 714 713 713 712 713 712 712 711 709 710 709 708 707 707 706 706 704 704 704 703 703 702 702 701 700 700 698 697 697 696 696 694
769 769 769 768 768 767 766 766 739 739 738 738 737 735 735 735 734 734 733 732 731 731 730 730 730 728 727 727 726 726 724 724 723 723 726 726 725 725 723 723 721 720 721 721 720 719 720 720 718 718 720 719 718 718 718 717 716 716 716 716 715 716 714 715 713 713 713 712 711 711 711 710 710 709 709 708 707 706 706 706 704 704 703 703 702 701 701 699 698 698 697 697 694 694
770 769 769 769 768 768 767 768 740 738 738 738 738 737 737 736 736 734 734 733 733 733 731 730 730 729 730 727 727 726 726 725 724 723 727 727 725 724 723 724 722 721 721 720 720 721 720 720 720 720 719 718 718 718 719 717 718 717 717 716 716 715 715 713 713 714 714 713 712 713 711 711 710 709 709 707 707 707 706 705 704 704 703 703 702 703 701 700 699 698 699 697 697 695
771 771 771 770 770 768 768 767 767 740 740 739 738 737 737 736 736 736 735 735 733 733 732 731 731 729 729 728 728 728 726 725 725 724 724 727 727 726 725 723 723 721 722 721 722 721 721 720 720 720 721 719 719 720 719 718 718 718 717 716 717 717 716 715 715 714 715 713 712 712 711 710 710 711 709 709 709 707 707 705 706 705 704 703 703 702 701 700 699 700 698 698 696 695
771 771 771 771 770 770 769 770 768 741 739 739 739 739 738 737 737 736 735 735 734 734 732 732 731 731 730 729 728 728 727 727 725 725 724 729 727 726 725 726 724 722 722 721 722 721 721 721 722 720 720 720 720 719 719 719 718 719 717 718 717 717 716 715 715 714 714 714 714 712 712 712 711 710 709 709 708 708 707 707 706 704 704 703 703 703 702 701 700 699 699 698 696 696
773 773 773 771 771 771 770 769 769 742 742 740 740 739 739 738 738 737 736 736 735 734 734 733 733 731 731 730 730 729 728 727 727 726 724 728 728 728 725 725 724 723 722 723 723 722 722 722 721 721 721 720 721 720 719 719 720 718 718 718 719 717 716 717 716 715 714 715 714 712 713 711 711 710 711 710 709 708 708 707 706 706 705 705 704 702 702 701 700 699 699 697 696 696
773 773 773 773 772 772 771 771 770 770 741 741 741 741 739 739 739 738 737 737 735 736 735 734 733 733 731 731 730 729 729 727 726 726 726 730 728 727 727 727 725 724 724 723 723 722 722 723 722 721 721 722 720 720 720 721 719 719 719 718 717 717 718 716 716 715 714 715 714 714 713 713 711 712 711 709 709 709 708 707 706 706 705 704 703 703 702 701 701 700 699 698 698 697
774 775 773 773 772 773 771 771 770 771 743 742 742 741 741 740 740 738 738 738 736 736 735 734 734 733 732 732 730 730 729 729 728 727 726 726 730 730 727 727 726 724 723 723 724 723 723 722 722 722 722 722 722 722 720 720 719 719 719 718 718 718 718 717 716 716 716 714 714 714 713 712 712 711 710 710 710 710 709 707 708 707 705 705 704 704 702 702 701 699 699 699 698 696
775 774 774 774 774 772 772 772 772 771 743 742 743 741 741 740 740 739 739 737 737 736 736 735 735 733 733 732 732 731 730 729 728 728 728 726 729 729 728 727 726 726 725 724 724 724 723 724 723 722 722 722 721 721 721 720 721 721 719 719 718 719 717 717 717 717 715 714 716 714 714 714 713 712 712 711 710 709 709 709 707 706 706 705 705 703 703 702 700 700 699 699 697 696
775 776 775 775 774 774 773 773 771 771 771 744 743 742 742 741 740 740 739 739 738 737 736 736 736 735 734 733 732 731 731 730 729 728 727 726 731 729 729 728 728 725 725 724 724 724 723 724 723 722 722 722 723 721 721 721 721 720 720 719 719 719 719 719 717 717 716 716 715 715 713 713 712 711 711 711 710 710 710 709 707 707 706 707 704 704 704 702 702 700 701 698 697 698
777 776 776 775 775 774 774 773 774 772 772 744 744 743 743 742 741 741 740 739 739 738 738 737 736 735 734 734 733 732 731 730 729 729 728 727 727 731 730 728 728 727 727 724 724 724 724 724 724 723 724 723 722 722 722 721 721 721 720 721 719 719 718 718 718 717 717 715 715 715 715 713 713 713 712 711 711 710 710 708 708 707 705 705 705 704 703 703 701 701 699 698 699 696
777 777 777 777 776 775 774 774 773 773 773 746 745 744 743 743 742 741 741 739 739 738 738 737 736 736 735 734 734 732 732 731 731 729 729 728 727 731 730 730 728 727 726 726 725 725 725 724 724 723 723 723 723 722 723 722 721 721 720 720 719 719 719 718 718 718 716 716 716 715 714 714 713 713 711 711 711 711 708 708 709 707 707 707 706 704 703 703 703 701 700 700 698 697
778 777 776 776 776 776 775 775 775 773 772 745 745 745 744 744 742 742 741 741 740 740 738 738 737 737 735 735 734 734 733 731 731 729 730 728 728 732 731 729 729 729 727 726 725 725 724 724 724 725 723 723 723 723 722 722 722 721 721 720 721 720 719 719 717 717 716 717 716 715 715 714 715 713 713 712 712 710 710 709 708 708 706 706 705 704 704 703 702 701 700 699 698 698
779 778 779 778 776 776 776 775 775 774 775 774 745 744 744 744 744 743 741 741 741 740 740 739 737 737 736 736 734 734 733 733 732 731 730 729 728 728 732 730 729 728 728 726 725 725 726 725 725 724 723 724 723 723 723 722 722 721 721 720 720 719 719 718 718 718 717 717 716 715 715 716 713 713 713 712 711 711 710 708 707 707 707 706 706 705 704 703 702 702 701 699 699 698
779 779 778 778 778 778 777 776 775 775 774 774 746 747 745 744 743 743 743 743 742 739 739 739 739 738 736 735 735 735 734 733 732 731 730 730 728 728 731 731 730 729 728 728 727 725 725 725 724 724 725 724 724 723 723 723 721 721 721 721 720 720 720 719 718 718 718 716 716 716 714 714 713 714 713 713 711 711 710 709 709 709 707 707 705 704 704 703 703 700 700 700 699 697
781 780 779 778 778 778 778 777 777 776 775 774 746 746 745 746 745 744 742 742 742 742 741 739 738 738 738 738 735 735 734 733 733 731 731 730 729 728 732 732 731 730 729 727 726 726 726 725 725 725 725 723 723 723 724 723 723 722 721 721 720 721 719 719 718 717 717 717 717 716 716 714 714 713 712 712 712 710 710 709 709 707 707 706 705 704 704 704 702 702 701 699 699 698
781 780 780 779 780 778 777 776 776 776 776 775 774 747 746 745 745 744 745 743 742 741 741 740 741 738 737 737 736 737 734 734 733 733 731 730 730 728 728 732 731 729 729 729 727 726 725 725 725 725 725 725 724 724 723 723 722 721 721 721 721 720 720 719 719 718 717 718 717 715 715 715 713 713 713 712 711 712 710 710 709 708 708 706 706 705 704 703 702 702 700 699 699 699
780 780 780 780 779 779 778 778 777 777 776 776 775 748 747 746 745 745 744 744 743 742 741 740 740 739 739 737 737 736 736 734 733 733 732 731 730 729 728 732 732 731 729 728 728 726 725 726 726 725 725 724 724 724 723 723 722 722 722 721 721 720 720 720 718 718 717 717 717 717 715 715 714 713 713 712 711 711 711 709 709 709 707 707 706 704 704 703 703 701 700 700 698 697
782 782 781 780 780 779 779 778 778 778 777 776 776 748 748 747 746 745 744 744 743 743 742 741 740 740 739 739 738 736 736 735 735 733 732 731 731 730 729 733 731 731 730 728 728 728 726 726 725 725 725 724 724 724 725 722 722 722 721 721 721 721 719 719 720 718 719 717 717 716 715 715 714 714 713 712 712 710 710 709 710 708 707 707 706 706 704 703 702 701 702 700 699 698
782 782 781 782 781 780 779 780 778 777 777 776 776 775 748 746 746 746 746 744 744 743 743 742 742 740 738 738 738 738 735 735 734 734 733 731 731 730 729 729 732 731 731 730 728 727 726 726 725 726 725 725 724 723 723 723 722 722 722 722 721 721 720 719 719 718 717 717 717 716 715 716 715 714 713 714 711 712 711 709 709 708 708 706 705 705 704 703 702 701 700 699 699 698
782 783 781 781 781 781 780 779 778 778 778 777 776 776 748 748 747 746 745 745 745 743 743 741 741 741 741 738 738 737 737 737 734 734 733 733 731 730 730 729 733 732 730 729 729 729 727 726 726 726 724 724 724 724 723 724 724 722 722 721 722 720 720 720 719 719 718 719 716 716 716 715 714 714 713 712 711 711 710 710 708 708 706 706 706 705 705 704 702 702 700 700 700 697
784 783 782 782 782 781 780 779 780 779 778 777 778 777 749 748 747 747 746 745 744 744 743 743 742 741 740 739 740 737 737 736 736 734 733 733 733 731 729 729 732 732 732 731 729 728 728 726 726 725 726 725 724 724 724 723 722 722 722 721 721 721 720 719 720 718 718 717 717 716 716 715 714 713 714 712 713 712 710 710 709 708 707 707 706 704 704 703 703 701 700 700 698 698
783 783 783 783 781 781 781 781 780 779 779 778 777 776 776 749 748 747 747 745 746 744 744 743 742 741 740 740 739 739 736 736 736 735 734 732 732 731 730 730 729 732 731 731 729 728 728 728 726 725 725 724 724 724 724 723 722 723 722 722 721 721 720 719 719 718 718 717 718 716 715 715 715 713 713 712 712 711 711 709 708 707 707 707 705 705 704 702 702 700 700 699 698 698
