testData/tiles/oneDegreeCosts/grid3.0-34.0-4.0-35.0.asc
ncols   200
nrows   200
xllcorner   3.0
yllcorner   34.0
cellsize   0.005
NODATA_value   -9999.0
[rows 45 to 89 of 200, columns 0 to 95 of 200]
39 39 39 39 39 39 39 39 39 39 39 39 39 39 39 39 39 39 39 39 39 39 39 39 39 39 39 39 39 105 105 105 105 105 105 105 105 105 105 105 105 105 105 105 105 105 105 105 105 105 105 105 105 105 105 105 105 105 105 106 120 121 122 123 124 125 126 127 128 129 130 131 131 132 133 134 135 135 136 137 138 138 139 140 140 141 142 143 143 144 144 145 146 146 147 148
39 39 39 39 39 39 39 39 39 39 39 39 39 39 39 39 39 39 39 39 39 39 39 39 39 39 39 39 39 39 105 105 105 105 105 105 105 105 105 105 105 105 105 105 105 105 105 105 105 105 105 105 105 105 105 105 105 105 105 106 120 121 122 123 124 125 126 126 127 128 129 130 131 132 132 133 134 135 136 136 137 138 139 139 140 141 141 142 143 143 144 145 145 146 147 147
39 39 39 39 39 39 39 39 39 39 39 39 39 39 39 39 39 39 39 39 39 39 39 39 39 39 39 39 39 39 105 105 105 105 105 105 105 105 105 105 105 105 105 105 105 105 105 105 105 105 105 105 105 105 105 105 105 105 105 118 119 120 121 122 123 124 125 126 127 128 129 130 130 131 132 133 134 134 135 136 137 137 138 139 140 140 141 142 142 143 144 144 145 146 146 147
39 39 39 39 39 39 39 39 39 39 39 39 39 39 39 39 39 39 39 39 39 39 39 39 39 39 39 39 39 39 39 105 105 105 105 105 105 105 105 105 105 105 105 105 105 105 105 105 105 105 105 105 105 105 105 105 105 105 105 118 119 120 121 122 123 124 125 125 126 127 128 129 130 131 132 132 133 134 135 135 136 137 138 138 139 140 141 141 142 143 143 144 144 145 146 146
39 39 39 39 39 39 39 39 39 39 39 39 39 39 39 39 39 39 39 39 39 39 39 39 39 39 39 39 39 39 39 105 105 105 105 105 105 105 105 105 105 105 105 105 105 105 105 105 105 105 105 105 105 105 105 105 105 105 118 118 118 119 120 121 122 123 124 125 126 127 128 128 129 130 131 132 133 133 134 135 136 136 137 138 139 139 140 141 141 142 143 143 144 145 145 146
39 39 39 39 39 39 39 39 39 39 39 39 39 39 39 39 39 39 39 39 39 39 39 39 39 39 39 39 39 39 39 39 105 105 105 105 105 105 105 105 105 105 105 105 105 105 105 105 105 105 105 105 105 105 105 105 105 105 118 118 118 118 119 120 121 122 123 124 125 126 127 128 129 130 131 131 132 133 134 135 135 136 137 137 138 139 140 140 141 142 142 143 144 144 145 146
39 39 39 39 39 39 39 39 39 39 39 39 39 39 39 39 39 39 39 39 39 39 39 39 39 39 39 39 39 39 39 39 105 105 105 105 105 105 105 105 105 105 105 105 105 105 105 105 105 105 105 105 105 105 105 105 105 105 118 118 118 118 119 120 121 122 123 124 125 126 127 127 128 129 130 131 132 132 133 134 135 136 136 137 138 138 139 140 141 141 142 143 143 144 144 145
39 39 39 39 39 39 39 39 39 39 39 39 39 39 39 39 39 39 39 39 39 39 39 39 39 39 39 39 39 39 39 39 39 105 105 105 105 105 105 105 105 105 105 105 105 105 105 105 105 105 105 105 105 105 105 105 105 118 118 118 118 118 118 119 120 121 122 123 124 125 126 127 128 129 129 130 131 132 133 134 134 135 136 137 137 138 139 139 140 141 141 142 143 143 144 145
39 39 39 39 39 39 39 39 39 39 39 39 39 39 39 39 39 39 39 39 39 39 39 39 39 39 39 39 39 39 39 39 39 105 105 105 105 105 105 105 105 105 105 105 105 105 105 105 105 105 105 105 105 105 105 105 105 118 118 118 118 118 118 119 120 121 122 123 124 125 125 126 127 128 129 130 131 131 132 133 134 135 135 136 137 138 138 139 140 140 141 142 142 143 144 144
39 39 39 39 39 39 39 39 39 39 39 39 39 39 39 39 39 39 39 39 39 39 39 39 39 39 39 39 39 39 39 39 39 39 105 105 105 105 105 105 105 105 105 105 105 105 105 105 105 105 105 105 105 105 105 105 118 118 118 118 118 118 118 118 119 120 121 122 123 124 125 126 127 128 128 129 130 131 132 133 133 134 135 136 136 137 138 138 139 140 141 141 142 143 143 144
39 39 39 39 39 39 39 39 39 39 39 39 39 39 39 39 39 39 39 39 39 39 39 39 39 39 39 39 39 39 39 39 39 39 105 105 105 105 105 105 105 105 105 105 105 105 105 105 105 105 105 105 105 105 105 105 118 118 118 118 118 118 118 118 119 120 121 122 122 123 124 125 126 127 128 129 130 130 131 132 133 134 134 135 136 137 137 138 139 139 140 141 141 142 143 143
39 39 39 39 39 39 39 39 39 39 39 39 39 39 39 39 39 39 39 39 39 39 39 39 39 39 39 39 39 39 39 39 39 39 39 105 105 105 105 105 105 105 105 105 105 105 105 105 105 105 105 105 105 105 105 118 118 118 118 118 118 118 118 118 118 119 120 121 122 123 124 125 126 127 127 128 129 130 131 132 132 133 134 135 135 136 137 138 138 139 140 140 141 142 142 143
39 39 39 39 39 39 39 39 39 39 39 39 39 39 39 39 39 39 39 39 39 39 39 39 39 39 39 39 39 39 39 39 39 39 39 105 105 105 105 105 105 105 105 105 105 105 105 105 105 105 105 105 105 105 105 118 118 118 118 118 118 118 118 118 118 118 119 120 121 122 123 124 125 126 127 128 129 129 130 131 132 133 133 134 135 136 136 137 138 138 139 140 140 141 142 142
39 39 39 39 39 39 39 39 39 39 39 39 39 39 39 39 39 39 39 39 39 39 39 39 39 39 39 39 39 39 39 39 39 39 39 39 105 105 105 105 105 105 105 105 105 105 105 105 105 105 105 105 105 105 118 118 118 118 118 118 118 118 118 118 118 118 119 120 121 122 123 124 125 125 126 127 128 129 130 130 131 132 133 134 134 135 136 137 137 138 139 139 140 141 141 142
39 39 39 39 39 39 39 39 39 39 39 39 39 39 39 39 39 39 39 39 39 39 39 39 39 39 39 39 39 39 39 39 39 39 39 39 105 105 105 105 105 105 105 105 105 105 105 105 105 105 105 105 105 105 118 118 118 118 118 118 118 118 118 118 118 118 118 119 120 121 122 123 124 125 126 127 127 128 129 130 131 132 132 133 134 135 135 136 137 138 138 139 140 140 141 142
39 39 39 39 39 39 39 39 39 39 39 39 39 39 39 39 39 39 39 39 39 39 39 39 39 39 39 39 39 39 39 39 39 39 39 39 39 105 105 105 105 105 105 105 105 105 105 105 105 105 105 105 105 105 118 118 118 118 118 118 118 118 118 118 118 118 118 119 120 121 121 122 123 124 125 126 127 128 129 129 130 131 132 133 133 134 135 136 136 137 138 138 139 140 140 141
39 39 39 39 39 39 39 39 39 39 39 39 39 39 39 39 39 39 39 39 39 39 39 39 39 39 39 39 39 39 39 39 39 39 39 39 39 105 105 105 105 105 105 105 105 105 105 105 105 105 105 105 105 118 118 118 118 118 118 118 118 118 118 118 118 118 118 118 119 120 121 122 123 124 125 125 126 127 128 129 130 131 131 132 133 134 134 135 136 137 137 138 139 139 140 141
39 39 39 39 39 39 39 39 39 39 39 39 39 39 39 39 39 39 39 39 39 39 39 39 39 39 39 39 39 39 39 39 39 39 39 39 39 39 105 105 105 105 105 105 105 105 105 105 105 105 105 105 105 118 118 118 118 118 118 118 118 118 118 118 118 118 118 118 118 119 120 121 122 123 124 125 126 127 128 128 129 130 131 132 132 133 134 135 135 136 137 137 138 139 139 140
39 39 39 39 39 39 39 39 39 39 39 39 39 39 39 39 39 39 39 39 39 39 39 39 39 39 39 39 39 39 39 39 39 39 39 39 39 39 39 105 105 105 105 105 105 105 105 105 105 105 105 105 118 118 118 118 118 118 118 118 118 118 118 118 118 118 118 118 118 119 120 121 122 123 123 124 125 126 127 128 129 129 130 131 132 133 133 134 135 136 136 137 138 138 139 140
39 39 39 39 39 39 39 39 39 39 39 39 39 39 39 39 39 39 39 39 39 39 39 39 39 39 39 39 39 39 39 39 39 39 39 39 39 39 39 105 105 105 105 105 105 105 105 105 105 105 105 105 118 118 118 118 118 118 118 118 118 118 118 118 118 118 118 118 118 118 119 120 121 122 123 124 125 126 126 127 128 129 130 131 131 132 133 134 134 135 136 136 137 138 139 139
39 39 39 39 39 39 39 39 39 39 39 39 39 39 39 39 39 39 39 39 39 39 39 39 39 39 39 39 39 39 39 39 39 39 39 39 39 39 39 39 105 105 105 105 105 105 105 105 105 105 105 105 118 118 118 118 118 118 118 118 118 118 118 118 118 118 118 118 118 118 118 119 120 121 122 123 124 125 126 127 128 128 129 130 131 132 132 133 134 135 135 136 137 137 138 139
39 39 39 39 39 39 39 39 39 39 39 39 39 39 39 39 39 39 39 39 39 39 39 39 39 39 39 39 39 39 39 39 39 39 39 39 39 39 39 39 105 105 105 105 105 105 105 105 105 105 105 118 118 118 118 118 118 118 118 118 118 118 118 118 118 118 118 118 118 118 118 119 120 121 122 123 123 124 125 126 127 128 129 129 130 131 132 133 133 134 135 135 136 137 138 138
39 39 39 39 39 39 39 39 39 39 39 39 39 39 39 39 39 39 39 39 39 39 39 39 39 39 39 39 39 39 39 39 39 39 39 39 39 39 39 39 39 105 105 105 105 105 105 105 105 105 105 118 118 118 118 118 118 118 118 118 118 118 118 118 118 118 118 118 118 118 118 118 119 120 121 122 123 124 125 126 126 127 128 129 130 130 131 132 133 133 134 135 136 136 137 138
39 39 39 39 39 39 39 39 39 39 39 39 39 39 39 39 39 39 39 39 39 39 39 39 39 39 39 39 39 39 39 39 39 39 39 39 39 39 39 39 39 105 105 105 105 105 105 105 105 105 118 118 118 118 118 118 118 118 118 118 118 118 118 118 118 118 118 118 118 118 118 118 118 119 120 121 122 123 124 125 126 127 128 128 129 130 131 131 132 133 134 134 135 136 137 137
39 39 39 39 39 39 39 39 39 39 39 39 39 39 39 39 39 39 39 39 39 39 39 39 39 39 39 39 39 39 39 39 39 39 39 39 39 39 39 39 39 39 105 105 105 105 105 105 105 105 118 118 118 118 118 118 118 118 118 118 118 118 118 118 118 118 118 118 118 118 118 118 118 119 120 121 122 123 123 124 125 126 127 128 129 129 130 131 132 132 133 134 135 135 136 137
39 39 39 39 39 39 39 39 39 39 39 39 39 39 39 39 39 39 39 39 39 39 39 39 39 39 39 39 39 39 39 39 39 39 39 39 39 39 39 39 39 39 105 105 105 105 105 105 105 118 118 118 118 118 118 118 118 118 118 118 118 118 118 118 118 118 118 118 118 118 118 118 118 118 119 120 121 122 123 124 125 126 126 127 128 129 130 130 131 132 133 133 134 135 136 136
39 39 39 39 39 39 39 39 39 39 39 39 39 39 39 39 39 39 39 39 39 39 39 39 39 39 39 39 39 39 39 39 39 39 39 39 39 39 39 39 39 39 39 105 105 105 105 105 105 118 118 118 118 118 118 118 118 118 118 118 118 118 118 118 118 118 118 118 118 118 118 118 118 118 119 119 120 121 122 123 124 125 126 127 127 128 129 130 131 131 132 133 134 134 135 136
39 39 39 39 39 39 39 39 39 39 39 39 39 39 39 39 39 39 39 39 39 39 39 39 39 39 39 39 39 39 39 39 39 39 39 39 39 39 39 39 39 39 39 105 105 105 105 105 105 118 118 118 118 118 118 118 118 118 118 118 118 118 118 118 118 118 118 118 118 118 118 118 118 118 118 119 120 121 122 123 123 124 125 126 127 128 128 129 130 131 132 132 133 134 134 135
39 39 39 39 39 39 39 39 39 39 39 39 39 39 39 39 39 39 39 39 39 39 39 39 39 39 39 39 39 39 39 39 39 39 39 39 39 39 39 39 39 39 39 39 105 105 105 105 118 118 118 118 118 118 118 118 118 118 118 118 118 118 118 118 118 118 118 118 118 118 118 118 118 118 118 118 119 120 121 122 123 124 125 125 126 127 128 129 130 130 131 132 133 133 134 135
39 39 39 39 39 39 39 39 39 39 39 39 39 39 39 39 39 39 39 39 39 39 39 39 39 39 39 39 39 39 39 39 39 39 39 39 39 39 39 39 39 39 39 39 39 105 105 105 118 118 118 118 118 118 118 118 118 118 118 118 118 118 118 118 118 118 118 118 118 118 118 118 118 118 118 118 119 119 120 121 122 123 124 125 126 127 127 128 129 130 130 131 132 133 133 134
39 39 39 39 39 39 39 39 39 39 39 39 39 39 39 39 39 39 39 39 39 39 39 39 39 39 39 39 39 39 39 39 39 39 39 39 39 39 39 39 39 39 39 39 39 105 105 118 118 118 118 118 118 118 118 118 118 118 118 118 118 118 118 118 118 118 118 118 118 118 118 118 118 118 118 118 118 119 120 121 122 123 123 124 125 126 127 128 128 129 130 131 131 132 133 134
39 39 39 39 39 39 39 39 39 39 39 39 39 39 39 39 39 39 39 39 39 39 39 39 39 39 39 39 39 39 39 39 39 39 39 39 39 39 39 39 39 39 39 39 39 39 105 118 118 118 118 118 118 118 118 118 118 118 118 118 118 118 118 118 118 118 118 118 118 118 118 118 118 118 118 118 118 118 119 120 121 122 123 124 125 125 126 127 128 129 129 130 131 132 132 133
39 39 39 39 39 39 39 39 39 39 39 39 39 39 39 39 39 39 39 39 39 39 39 39 39 39 39 39 39 39 39 39 39 39 39 39 39 39 39 39 39 39 39 39 39 39 105 118 118 118 118 118 118 118 118 118 118 118 118 118 118 118 118 118 118 118 118 118 118 118 118 118 118 118 118 118 118 118 118 119 120 121 122 123 124 125 126 126 127 128 129 130 130 131 132 133
39 39 39 39 39 39 39 39 39 39 39 39 39 39 39 39 39 39 39 39 39 39 39 39 39 39 39 39 39 39 39 39 39 39 39 39 39 39 39 39 39 39 39 39 39 39 52 118 118 118 118 118 118 118 118 118 118 118 118 118 118 118 118 118 118 118 118 118 118 118 118 118 118 118 118 118 118 118 118 119 120 121 122 122 123 124 125 126 127 127 128 129 130 130 131 132
39 39 39 39 39 39 39 39 39 39 39 39 39 39 39 39 39 39 39 39 39 39 39 39 39 39 39 39 39 39 39 39 39 39 39 39 39 39 39 39 39 39 39 39 39 39 52 52 118 118 118 118 118 118 118 118 118 118 118 118 118 118 118 118 118 118 118 118 118 118 118 118 118 118 118 118 118 118 118 118 119 120 121 122 123 124 124 125 126 127 128 128 129 130 131 131
39 39 39 39 39 39 39 39 39 39 39 39 39 39 39 39 39 39 39 39 39 39 39 39 39 39 39 39 39 39 39 39 39 39 39 39 39 39 39 39 39 39 39 39 39 39 52 52 118 118 118 118 118 118 118 118 118 118 118 118 118 118 118 118 118 118 118 118 118 118 118 118 118 118 118 118 118 118 118 118 118 119 120 121 122 123 124 125 125 126 127 128 129 129 130 131
39 39 39 39 39 39 39 39 39 39 39 39 39 39 39 39 39 39 39 39 39 39 39 39 39 39 39 39 39 39 39 39 39 39 39 39 39 39 39 39 39 39 39 39 39 52 52 52 52 118 118 118 118 118 118 118 118 118 118 118 118 118 118 118 118 118 118 118 118 118 118 118 118 118 118 118 118 118 118 118 118 119 120 120 121 122 123 124 125 126 126 127 128 129 130 130
39 39 39 39 39 39 39 39 39 39 39 39 39 39 39 39 39 39 39 39 39 39 39 39 39 39 39 39 39 39 39 39 39 39 39 39 39 39 39 39 39 39 39 39 39 52 52 52 52 118 118 118 118 118 118 118 118 118 118 118 118 118 118 118 118 118 118 118 118 118 118 118 118 118 118 118 118 118 118 118 118 118 119 120 121 122 122 123 124 125 126 127 127 128 129 130
39 39 39 39 39 39 39 39 39 39 39 39 39 39 39 39 39 39 39 39 39 39 39 39 39 39 39 39 39 39 39 39 39 39 39 39 39 39 39 39 39 39 39 39 52 52 52 52 52 52 118 118 118 118 118 118 118 118 118 118 118 118 118 118 118 118 118 118 118 118 118 118 118 118 118 118 118 118 118 118 118 118 118 119 120 121 122 123 124 124 125 126 127 128 128 129
39 39 39 39 39 39 39 39 39 39 39 39 39 39 39 39 39 39 39 39 39 39 39 39 39 39 39 39 39 39 39 39 39 39 39 39 39 39 39 39 39 39 39 39 52 52 52 52 52 52 52 118 118 118 118 118 118 118 118 118 118 118 118 118 118 118 118 118 118 118 118 118 118 118 118 118 118 118 118 118 118 118 118 118 119 120 121 122 123 124 125 125 126 127 128 129
39 39 39 39 39 39 39 39 39 39 39 39 39 39 39 39 39 39 39 39 39 39 39 39 39 39 39 39 39 39 39 39 39 39 39 39 39 39 39 39 39 39 39 39 52 52 52 52 52 52 52 118 118 118 118 118 118 118 118 118 118 118 118 118 118 118 118 118 118 118 118 118 118 118 118 118 118 118 118 118 118 118 118 118 119 120 121 121 122 123 124 125 126 126 127 128
39 39 39 39 39 39 39 39 39 39 39 39 39 39 39 39 39 39 39 39 39 39 39 39 39 39 39 39 39 39 39 39 39 39 39 39 39 39 39 39 39 39 39 52 52 52 52 52 52 52 52 52 118 118 118 118 118 118 118 118 118 118 118 118 118 118 118 118 118 118 118 118 118 118 118 118 118 118 118 118 118 118 118 118 118 119 120 121 122 123 123 124 125 126 127 127
39 39 39 39 39 39 39 39 39 39 39 39 39 39 39 39 39 39 39 39 39 39 39 39 39 39 39 39 39 39 39 39 39 39 39 39 39 39 39 39 39 39 39 52 52 52 52 52 52 52 52 52 118 118 118 118 118 118 118 118 118 118 118 118 118 118 118 118 118 118 118 118 118 118 118 118 118 118 118 118 118 118 118 118 118 118 119 120 121 122 123 124 124 125 126 127
39 39 39 39 39 39 39 39 39 39 39 39 39 39 39 39 39 39 39 39 39 39 39 39 39 39 39 39 39 39 39 39 39 39 39 39 39 39 39 39 39 39 39 52 52 52 52 52 52 52 52 52 52 118 118 118 118 118 118 118 118 118 118 118 118 118 118 118 118 118 118 118 118 118 118 118 118 118 118 118 118 118 118 118 118 118 119 119 120 121 122 123 124 125 125 126
39 39 39 39 39 39 39 39 39 39 39 39 39 39 39 39 39 39 39 39 39 39 39 39 39 39 39 39 39 39 39 39 39 39 39 39 39 39 39 39 39 39 52 52 52 52 52 52 52 52 52 52 52 52 118 118 118 118 118 118 118 118 118 118 118 118 118 118 118 118 118 118 118 118 118 118 118 118 118 118 118 118 118 118 118 118 118 119 120 121 121 122 123 124 125 125
