testData/tiles/oneDegreeCosts/grid49.0-1.0-50.0-2.0.asc
ncols   200
nrows   200
xllcorner   49.0
yllcorner   1.0
cellsize   0.005
NODATA_value   -9999.0
[rows 0 to 41 of 200, columns 94 to 187 of 200]
578 577 577 577 576 576 575 575 574 574 574 573 573 572 572 571 571 570 570 570 569 569 568 568 567 567 566 566 565 565 565 564 564 563 563 562 562 561 561 560 559 559 558 558 557 557 556 556 555 555 554 554 554 553 553 552 552 551 551 550 550 548 548 548 547 547 546 546 545 545 544 380 379 379 379 378 377 376 376 375 375 374 374 373 373 373 372 372 370 370 369 369 368 368
578 578 577 577 576 576 575 575 575 574 574 573 573 572 572 571 571 570 570 570 569 569 568 568 567 567 566 566 566 565 565 564 564 563 563 562 561 560 560 560 559 559 558 558 557 557 556 556 555 555 555 554 554 553 553 552 552 551 551 549 549 549 548 548 547 547 546 546 545 545 544 380 380 379 378 377 377 376 376 375 375 374 374 373 373 373 372 371 370 370 369 369 368 368
578 578 577 577 576 576 576 575 575 574 574 573 573 572 572 571 571 571 570 570 569 569 568 568 567 567 566 566 566 565 565 563 563 562 562 561 561 560 560 560 559 559 558 558 557 557 556 556 555 555 555 554 554 553 553 552 552 550 550 549 549 549 548 548 547 547 546 546 545 545 544 380 380 378 378 377 377 376 376 375 375 374 374 374 373 373 371 371 370 370 369 369 226 226
577 577 576 576 575 575 575 574 575 574 574 573 573 572 572 571 571 571 570 570 569 569 568 567 566 566 565 565 565 564 564 563 563 562 562 561 561 560 560 560 559 559 558 558 557 557 556 556 555 555 555 554 554 553 552 551 551 550 550 549 549 549 548 548 547 547 546 546 545 545 544 379 379 378 378 377 377 376 376 375 375 374 374 374 372 372 371 371 228 228 227 227 226 226
577 577 576 576 575 575 575 574 574 573 573 572 572 571 571 570 570 570 569 569 568 568 567 567 566 566 565 565 565 564 564 563 563 562 562 561 561 560 560 560 559 559 558 558 557 557 556 556 555 555 555 554 553 552 552 551 551 550 550 549 549 549 548 548 547 547 546 546 545 544 543 379 379 378 378 377 377 376 376 375 375 374 374 373 372 230 229 229 228 228 227 227 226 226
577 577 576 576 575 575 575 574 574 573 573 572 572 571 571 570 570 570 569 569 568 568 567 567 566 566 565 565 565 564 564 563 563 562 562 561 561 560 560 560 559 559 558 558 557 557 556 556 555 554 554 553 553 552 552 551 551 550 550 549 549 549 548 548 547 547 546 545 544 544 543 379 379 378 378 377 377 376 376 375 375 374 231 231 230 230 229 229 228 228 227 227 226 226
577 577 576 576 575 575 575 574 574 573 573 572 572 571 571 570 570 570 569 569 568 568 567 567 566 566 565 565 565 564 564 563 563 562 562 561 561 560 560 560 559 559 558 558 557 557 555 555 554 554 554 553 553 552 552 551 551 550 550 549 549 549 548 548 547 546 545 545 544 544 543 379 379 378 378 377 377 376 234 233 232 231 231 231 230 230 229 229 228 228 227 227 226 225
577 577 576 576 575 575 574 574 574 573 573 572 572 571 571 570 570 569 569 569 568 568 567 567 566 566 565 565 565 564 564 563 563 562 562 561 561 560 560 560 559 559 558 557 556 556 555 555 554 554 554 553 553 552 552 551 551 550 550 549 549 549 548 547 546 546 545 545 544 544 543 379 379 378 236 235 235 234 233 232 232 231 231 230 230 230 229 229 228 228 227 226 225 225
577 576 576 576 575 575 574 574 573 573 573 572 572 571 571 570 570 569 569 569 568 568 567 567 566 566 565 565 564 564 564 563 563 562 562 561 561 560 560 558 558 558 557 557 556 556 555 555 554 554 553 553 553 552 552 551 551 550 550 549 549 547 547 547 546 546 545 545 544 544 401 237 236 236 236 235 235 233 233 232 232 231 231 230 230 230 229 229 228 228 226 226 225 225
577 576 576 575 575 575 574 574 573 573 572 572 572 571 571 570 570 569 569 568 568 568 567 567 566 566 565 565 564 564 563 563 563 562 561 560 560 559 559 558 558 558 557 557 556 556 555 555 554 554 553 553 553 552 552 551 551 550 550 548 548 547 547 547 546 546 545 403 402 402 401 237 236 236 236 234 234 233 233 232 232 231 231 230 230 230 229 229 228 227 226 226 225 225
575 575 575 574 575 574 574 574 573 573 572 572 571 571 571 570 570 569 569 568 568 567 567 567 566 566 565 564 563 563 562 562 562 561 561 560 560 559 559 558 558 557 557 557 556 556 555 555 554 554 553 553 552 552 552 551 551 549 549 548 548 547 405 405 404 404 403 403 402 402 401 237 236 235 235 234 234 233 233 232 232 231 231 230 230 230 229 228 227 227 226 226 225 225
575 575 574 574 574 573 573 572 572 572 571 571 570 570 569 569 569 568 568 567 567 566 566 565 565 565 564 564 563 563 562 562 561 561 561 560 560 559 559 558 558 557 557 557 556 556 555 555 554 554 553 553 552 552 551 550 550 549 407 406 406 405 405 404 404 404 403 403 402 402 401 237 235 235 234 234 234 233 233 232 232 231 231 230 230 229 228 228 227 227 226 226 225 225
575 574 574 574 573 573 573 572 572 571 571 571 570 570 569 569 568 568 568 567 567 566 566 565 565 564 564 564 563 563 562 562 561 561 560 560 560 559 559 558 558 557 557 556 556 556 555 555 554 554 553 552 551 551 408 408 408 407 407 406 406 405 405 404 404 404 403 403 402 402 400 236 235 235 234 234 234 233 233 232 232 231 231 230 229 228 228 228 227 227 226 226 225 225
574 574 574 573 573 573 572 572 572 571 571 570 570 570 569 569 568 568 567 567 567 566 566 565 565 564 564 563 563 563 562 562 561 561 560 560 559 559 559 558 558 557 557 556 556 555 555 555 553 411 410 410 409 409 408 408 408 407 407 406 406 405 405 404 404 403 403 403 401 401 400 236 235 235 234 234 233 233 233 232 232 231 231 229 229 228 228 228 227 227 226 226 225 225
574 574 573 573 573 572 572 572 571 571 571 570 570 569 569 568 568 568 567 567 566 566 566 565 565 564 564 563 563 562 562 562 561 561 560 560 559 559 559 558 558 557 557 556 414 412 412 411 411 411 410 410 409 409 408 408 407 407 407 406 406 405 405 404 404 403 402 401 401 401 400 236 235 235 234 234 233 233 233 232 232 230 230 229 229 228 228 227 227 227 226 226 225 225
574 573 573 573 572 572 572 571 571 571 570 570 570 569 569 568 568 567 567 567 566 566 565 565 565 564 564 563 563 562 562 561 561 561 560 560 559 559 416 416 416 414 414 413 413 412 412 411 411 411 410 410 409 409 408 408 407 407 406 406 406 405 405 404 403 402 402 401 401 401 400 236 235 235 234 234 233 233 232 231 231 230 230 229 229 228 228 227 227 227 226 226 225 224
573 573 573 572 572 572 571 571 571 570 570 570 569 569 568 568 568 567 567 566 566 566 565 565 564 564 564 563 563 562 562 561 419 418 418 418 416 416 415 415 414 414 414 413 413 412 412 411 411 410 410 410 409 409 408 408 407 407 406 406 406 404 404 403 403 402 402 401 401 400 400 236 235 235 234 234 233 233 231 231 231 230 230 229 229 228 228 227 227 226 226 225 224 224
572 573 572 572 572 571 571 571 570 570 570 569 569 569 568 568 567 567 567 566 566 565 565 565 564 564 421 421 420 420 419 418 418 417 417 416 416 416 415 415 414 414 413 413 413 412 412 411 411 410 410 409 409 409 408 408 407 407 406 405 404 404 404 403 403 402 402 401 401 400 400 235 235 235 234 234 232 232 231 231 230 230 230 229 229 228 228 227 227 226 225 224 224 224
571 571 571 571 570 570 570 569 569 569 568 568 568 567 567 568 566 566 565 423 423 422 422 421 421 421 420 420 419 419 418 418 418 417 417 416 416 415 415 415 414 414 413 413 412 412 412 411 411 410 410 409 409 408 408 408 406 406 405 405 404 404 403 403 403 402 402 401 401 400 236 235 235 235 233 233 232 232 231 231 230 230 229 229 229 228 228 227 226 225 225 224 224 224
571 571 571 570 570 570 569 569 569 569 568 426 425 425 425 424 424 424 423 423 422 422 422 421 421 420 420 420 419 419 418 418 417 417 417 416 416 415 415 414 414 414 413 413 412 412 411 411 411 410 410 409 409 408 407 406 406 406 405 405 404 404 403 403 402 402 402 401 401 400 236 235 234 233 233 233 232 232 231 231 230 230 229 229 229 228 228 226 226 225 225 224 224 223
571 570 428 428 428 427 427 427 427 426 426 426 425 425 424 424 424 423 423 423 422 422 421 421 421 420 420 419 419 419 418 418 417 417 416 416 416 415 415 414 414 413 413 413 412 412 411 411 410 410 409 408 408 407 407 406 406 405 405 405 404 404 403 403 402 402 401 401 401 400 235 234 234 233 233 232 232 232 231 231 230 230 229 229 228 227 227 226 226 225 225 224 224 223
428 428 428 428 427 427 427 426 426 426 426 425 425 425 424 424 423 423 423 422 422 422 421 421 420 420 420 419 419 418 418 418 417 417 416 416 415 415 415 414 414 413 413 412 412 412 411 410 409 409 408 408 408 407 407 406 406 405 405 404 404 404 403 403 402 402 401 401 399 399 235 234 234 233 233 232 232 231 231 231 230 230 229 229 227 227 226 226 226 225 225 224 224 223
428 428 427 427 427 427 426 426 426 426 425 425 425 424 424 424 423 423 422 422 422 421 421 421 420 420 419 419 419 418 418 417 417 417 416 416 415 415 414 414 414 413 413 411 411 410 410 410 409 409 408 408 407 407 407 406 406 405 405 404 404 403 403 403 402 402 400 400 399 399 234 234 234 233 233 232 232 231 231 230 230 230 228 228 227 227 226 226 225 225 225 224 224 223
427 427 427 427 427 426 426 426 425 425 425 425 424 424 424 423 423 423 422 422 421 421 421 420 420 420 419 419 418 418 418 417 417 416 416 416 415 415 414 413 412 412 412 411 411 410 410 409 409 409 408 408 407 407 406 406 406 405 405 404 404 403 403 402 401 401 400 400 399 399 234 234 234 233 233 232 232 231 231 230 229 229 228 228 227 227 226 226 225 225 224 224 224 223
427 427 427 426 426 426 426 425 425 425 425 424 424 424 423 423 423 422 422 422 421 421 420 420 420 419 419 419 418 418 417 417 417 415 415 414 414 413 413 413 412 412 411 411 411 410 410 409 409 408 408 408 407 407 406 406 405 405 405 404 404 402 402 401 401 400 400 400 399 399 234 234 233 233 233 232 232 231 230 229 229 228 228 228 227 227 226 226 225 225 224 224 224 222
425 425 425 425 425 424 424 425 425 424 424 424 424 423 423 423 422 422 422 421 421 421 420 420 418 418 418 417 417 417 416 416 415 415 415 414 414 413 413 412 412 412 411 411 410 410 410 409 409 408 408 407 407 407 406 406 405 405 404 403 403 402 402 401 401 400 400 399 399 399 234 234 233 233 232 232 232 230 230 229 229 228 228 227 227 227 226 226 225 225 224 223 222 222
425 425 425 424 424 424 424 424 423 423 423 423 422 422 422 421 421 421 420 420 420 419 419 419 418 418 417 417 417 416 416 416 415 415 414 414 414 413 413 412 412 411 411 411 410 410 409 409 409 408 408 407 407 406 406 406 404 404 403 403 402 402 402 401 401 400 400 399 399 398 234 234 233 233 232 231 230 230 230 229 229 228 228 227 227 226 226 226 225 225 223 223 222 222
425 424 424 424 424 424 423 423 423 423 422 422 422 422 421 421 421 420 420 420 419 419 419 418 418 418 417 417 416 416 416 415 415 414 414 414 413 413 412 412 412 411 411 410 410 410 409 409 408 408 408 407 407 405 405 404 404 404 403 403 402 402 401 401 401 400 400 399 399 398 234 233 233 232 231 231 230 230 229 229 229 228 228 227 227 226 226 225 224 224 223 223 222 222
424 424 424 424 423 423 423 423 423 422 422 422 422 421 421 421 420 420 420 419 419 419 418 418 418 417 417 417 416 416 415 415 415 414 414 413 413 413 412 412 411 411 411 410 410 409 409 409 408 407 406 406 405 405 405 404 404 403 403 403 402 402 401 401 400 400 400 399 399 398 233 232 232 231 231 231 230 230 229 229 228 228 228 227 227 226 225 224 224 223 223 223 222 222
424 424 423 423 423 423 423 422 422 422 422 421 421 421 421 420 420 420 419 419 419 418 418 418 417 417 417 416 416 416 415 415 414 414 414 413 413 412 412 412 411 411 410 410 410 409 408 407 407 407 406 406 405 405 404 404 404 403 403 402 402 402 401 401 400 400 399 399 398 233 233 232 232 231 231 230 230 230 229 229 228 228 227 227 227 225 225 224 224 223 223 222 222 222
423 423 423 423 423 422 422 422 422 422 421 421 421 421 420 420 420 419 419 419 418 418 418 417 417 417 416 416 416 415 415 415 414 414 413 413 413 412 412 411 411 410 409 409 408 408 408 407 407 406 406 406 405 405 404 404 403 403 403 402 402 401 401 400 400 400 398 398 397 233 232 232 232 231 231 230 230 229 229 229 228 228 227 226 225 225 225 224 224 223 223 222 222 221
423 423 423 422 422 422 422 422 421 421 421 421 420 420 420 420 419 419 419 418 418 418 417 417 417 416 416 416 415 415 415 414 414 414 413 413 411 411 411 410 410 409 409 409 408 408 407 407 407 406 406 405 405 405 404 404 403 403 402 402 402 401 401 399 399 398 398 398 397 233 232 232 231 231 231 230 230 229 229 228 228 227 226 226 225 225 224 224 224 223 223 222 222 221
421 421 421 422 422 422 421 421 421 421 421 420 420 420 420 419 419 419 418 418 418 417 417 417 416 416 416 415 414 414 413 413 413 412 412 412 411 411 410 410 410 409 409 408 408 408 407 407 406 406 406 405 405 404 404 404 403 403 402 402 401 400 400 399 399 398 398 397 397 233 232 232 231 231 230 230 230 229 229 227 227 226 226 226 225 225 224 224 223 223 223 222 222 221
421 421 421 421 420 420 420 420 420 419 419 419 419 418 418 418 418 417 417 417 416 416 416 416 415 415 414 414 414 413 413 413 412 412 412 411 411 411 410 410 409 409 409 408 408 407 407 407 406 406 405 405 405 404 404 403 403 403 401 401 400 400 399 399 399 398 398 397 397 232 232 232 231 231 230 230 229 228 228 227 227 226 226 225 225 225 224 224 223 223 222 222 221 220
420 420 420 420 420 420 420 419 419 419 419 419 418 418 418 418 417 417 417 416 416 416 416 415 415 415 414 414 414 413 413 412 412 412 411 411 411 410 410 409 409 409 408 408 408 407 407 406 406 406 405 405 404 404 404 402 402 401 401 400 400 400 399 399 398 398 398 397 397 232 232 231 231 231 230 229 228 228 227 227 227 226 226 225 225 224 224 224 223 223 222 221 220 220
420 420 420 420 420 419 419 419 419 419 418 418 418 418 417 417 417 417 416 416 416 415 415 415 415 414 414 414 413 413 413 412 412 411 411 411 410 410 410 409 409 408 408 408 407 407 407 406 406 405 405 404 403 403 402 402 402 401 401 400 400 399 399 399 398 398 397 397 397 232 232 231 231 229 229 229 228 228 227 227 226 226 226 225 225 224 224 223 223 222 221 221 220 220
420 419 419 419 419 419 419 419 418 418 418 418 418 417 417 417 417 416 416 416 415 415 415 415 414 414 414 413 413 413 412 412 412 411 411 410 410 410 409 409 409 408 408 407 407 407 406 406 405 404 404 403 403 403 402 402 401 401 401 400 400 399 399 398 398 398 397 397 396 232 232 230 230 229 229 228 228 228 227 227 226 226 225 225 225 224 224 222 222 221 221 221 220 220
419 419 419 419 419 419 418 418 418 418 418 417 417 417 417 416 416 416 416 415 415 415 414 414 414 414 413 413 413 412 412 412 411 411 411 410 410 409 409 409 408 408 408 406 406 405 405 405 404 404 404 403 403 402 402 402 401 401 400 400 399 399 399 398 398 397 397 397 231 231 230 230 230 229 229 228 228 227 227 227 226 226 225 225 224 223 223 222 222 221 221 220 220 220
419 419 418 418 418 418 418 418 418 417 417 417 417 417 416 416 416 416 415 415 415 414 414 414 414 413 413 413 412 412 412 411 411 411 410 410 410 409 408 407 407 407 406 406 406 405 405 404 404 404 403 403 402 402 402 401 401 401 400 400 399 399 398 398 398 397 396 395 231 231 230 230 229 229 229 228 228 227 227 226 226 226 225 224 223 223 222 222 222 221 221 220 220 219
418 418 418 418 418 418 417 417 417 417 417 417 416 416 416 416 415 415 415 415 414 414 414 414 413 413 413 412 412 412 411 411 410 409 409 409 408 408 408 407 407 406 406 406 405 405 405 404 404 403 403 403 402 402 401 401 401 400 400 399 399 399 398 397 396 396 396 395 231 230 230 230 229 229 228 228 227 227 227 226 226 224 224 224 223 223 222 222 221 221 221 220 220 219
417 417 417 416 416 416 416 416 416 416 415 415 415 415 415 415 414 414 414 413 413 413 412 412 412 412 411 411 411 410 410 410 409 409 409 408 408 408 407 407 407 406 406 405 405 405 404 404 404 403 403 402 402 402 401 401 400 400 400 399 398 397 397 397 396 396 395 395 231 230 230 229 229 229 228 228 227 227 226 225 225 224 224 223 223 223 222 222 221 221 220 220 220 219
416 416 416 416 416 416 416 415 415 415 415 415 415 414 414 414 414 413 413 413 413 412 412 412 412 411 411 411 410 410 410 409 409 409 408 408 408 407 407 407 406 406 406 405 405 404 404 404 403 403 403 402 402 401 401 401 400 399 398 398 398 397 397 396 396 396 395 395 230 230 230 229 229 228 228 228 227 226 225 225 224 224 224 223 223 222 222 222 221 221 220 220 219 218
