testData/tiles/oneDegreeCosts/grid43.0-19.0-44.0-20.0.asc
ncols   200
nrows   200
xllcorner   43.0
yllcorner   19.0
cellsize   0.005
NODATA_value   -9999.0
[rows 84 to 125 of 200, columns 94 to 187 of 200]
276 276 276 276 276 276 276 276 276 276 296 296 295 295 295 294 294 293 293 292 292 291 291 290 289 289 288 288 287 286 286 285 284 276 276 276 276 276 276 276 276 276 276 276 276 276 276 276 276 276 276 276 276 276 276 276 276 276 276 276 276 276 276 276 276 276 276 276 276 276 276 276 276 363 363 364 364 365 365 366 366 366 367 367 368 368 368 369 369 370 370 370 371 371
276 276 276 276 276 276 276 276 276 276 296 296 295 295 295 294 294 293 293 292 292 291 291 290 289 289 288 288 287 286 286 285 284 276 276 276 276 276 276 276 276 276 276 276 276 276 276 276 276 276 276 276 276 276 276 276 276 276 276 276 276 276 276 276 276 276 276 276 276 276 276 276 276 363 364 364 365 365 365 366 366 367 367 367 368 368 369 369 369 370 370 371 371 371
276 276 276 276 276 276 276 276 276 276 296 296 295 295 294 294 294 293 293 292 292 291 291 290 289 289 288 288 287 286 286 285 284 276 276 276 276 276 276 276 276 276 276 276 276 276 276 276 276 276 276 276 276 276 276 276 276 276 276 276 276 276 276 276 276 276 276 276 276 276 276 276 363 364 364 364 365 365 366 366 366 367 367 368 368 368 369 369 370 370 371 371 371 372
276 276 276 276 276 276 276 276 276 276 296 296 295 295 294 294 294 293 293 292 292 291 290 290 289 289 288 288 287 286 286 285 284 276 276 276 276 276 276 276 276 276 276 276 276 276 276 276 276 276 276 276 276 276 276 276 276 276 276 276 276 276 276 276 276 276 276 276 276 276 276 276 363 364 364 365 365 365 366 366 367 367 367 368 368 369 369 370 370 370 371 371 372 372
276 276 276 276 276 276 276 276 276 276 296 296 295 295 294 294 293 293 293 292 291 291 290 290 289 289 288 287 287 286 286 285 284 276 276 276 276 276 276 276 276 276 276 276 276 276 276 276 276 276 276 276 276 276 276 276 276 276 276 276 276 276 276 276 276 276 276 276 276 276 276 363 364 364 364 365 365 366 366 366 367 367 368 368 369 369 369 370 370 371 371 371 372 372
276 276 276 276 276 276 276 276 276 276 296 296 295 295 294 294 293 293 292 292 291 292 290 290 289 289 288 287 287 286 285 285 284 276 276 276 276 276 276 276 276 276 276 276 276 276 276 276 276 276 276 276 276 276 276 276 276 276 276 276 276 276 276 276 276 276 276 276 276 276 276 363 364 364 365 365 365 366 366 367 367 368 368 368 369 369 370 370 370 371 371 372 372 372
276 276 276 276 276 276 276 276 276 276 296 296 295 295 294 294 293 293 292 292 292 292 291 290 289 289 288 287 287 286 285 285 284 276 276 276 276 276 276 276 276 276 276 276 276 276 276 276 276 276 276 276 276 276 276 276 276 276 276 276 276 276 276 276 276 276 276 276 276 276 363 364 364 364 365 365 366 366 367 367 367 368 368 369 369 369 370 370 371 371 372 372 372 373
276 276 276 276 276 276 276 276 276 276 296 296 295 295 294 294 293 293 292 292 293 293 292 290 289 289 288 287 287 286 285 285 284 276 276 276 276 276 276 276 276 276 276 276 276 276 276 276 276 276 276 276 276 276 276 276 276 276 276 276 276 276 276 276 276 276 276 276 276 276 363 364 364 365 365 366 366 366 367 367 368 368 368 369 369 370 370 371 371 371 372 372 373 373
276 276 276 276 276 276 276 276 276 276 296 296 295 295 294 294 293 293 292 293 293 294 292 291 289 289 288 287 287 286 285 285 284 276 276 276 276 276 276 276 276 276 276 276 276 276 276 276 276 276 276 276 276 276 276 276 276 276 276 276 276 276 276 276 276 276 276 276 276 363 364 364 364 365 365 366 366 367 367 367 368 368 369 369 370 370 370 371 371 372 372 372 373 373
276 276 276 276 276 276 276 276 276 276 296 295 295 295 294 294 293 293 292 294 294 294 293 292 289 288 288 287 287 286 285 285 284 276 276 276 276 276 276 276 276 276 276 276 276 276 276 276 276 276 276 276 276 276 276 276 276 276 276 276 276 276 276 276 276 276 276 276 276 363 364 364 365 365 366 366 366 367 367 368 368 368 369 369 370 370 371 371 371 372 372 373 373 373
276 276 276 276 276 276 276 276 276 276 296 295 295 295 294 294 293 293 292 294 295 295 294 292 289 288 288 287 287 286 285 284 284 276 276 276 276 276 276 276 276 276 276 276 276 276 276 276 276 276 276 276 276 276 276 276 276 276 276 276 276 276 276 276 276 276 276 276 363 364 364 365 365 365 366 366 367 367 367 368 368 369 369 370 370 370 371 371 372 372 372 373 373 374
276 276 276 276 276 276 276 276 276 276 296 295 295 295 294 294 293 293 293 295 295 296 294 293 290 288 288 287 286 286 285 284 284 276 276 276 276 276 276 276 276 276 276 276 276 276 276 276 276 276 276 276 276 276 276 276 276 276 276 276 276 276 276 276 276 276 276 276 363 364 364 365 365 366 366 366 367 367 368 368 369 369 369 370 370 371 371 371 372 372 373 373 374 374
276 276 276 276 276 276 276 276 276 276 296 295 295 294 294 294 293 293 293 295 296 296 295 292 290 288 288 287 286 286 285 284 284 276 276 276 276 276 276 276 276 276 276 276 276 276 276 276 276 276 276 276 276 276 276 276 276 276 276 276 276 276 276 276 276 276 276 276 364 364 365 365 365 366 366 367 367 367 368 368 369 369 370 370 370 371 371 372 372 373 373 373 374 374
276 276 276 276 276 276 276 276 276 296 296 295 295 294 294 294 293 293 294 296 296 297 295 293 291 288 288 287 286 286 285 284 284 284 276 276 276 276 276 276 276 276 276 276 276 276 276 276 276 276 276 276 276 276 276 276 276 276 276 276 276 276 276 276 276 276 276 363 364 364 365 365 366 366 366 367 367 368 368 369 369 369 370 370 371 371 372 372 372 373 373 374 374 374
276 276 276 276 276 276 276 276 276 296 296 295 295 294 294 293 293 293 295 297 297 296 296 294 292 288 288 287 286 286 285 284 284 284 276 276 276 276 276 276 276 276 276 276 276 276 276 276 276 276 276 276 276 276 276 276 276 276 276 276 276 276 276 276 276 276 276 364 364 365 365 365 366 366 367 367 368 368 368 369 369 370 370 370 371 371 372 372 373 373 373 374 374 375
276 276 276 276 276 276 276 276 276 296 296 295 295 294 294 293 293 293 295 296 298 297 297 294 292 288 287 287 286 286 285 284 284 284 276 276 276 276 276 276 276 276 276 276 276 276 276 276 276 276 276 276 276 276 276 276 276 276 276 276 276 276 276 276 276 276 363 364 364 365 365 366 366 366 367 367 368 368 369 369 369 370 370 371 371 372 372 372 373 373 374 374 374 375
276 276 276 276 276 276 276 276 276 296 296 295 295 294 294 293 293 293 296 297 298 298 297 295 293 289 287 287 286 285 285 284 284 284 276 276 276 276 276 276 276 276 276 276 276 276 276 276 276 276 276 276 276 276 276 276 276 276 276 276 276 276 276 276 276 276 364 364 365 365 365 366 366 367 367 368 368 368 369 369 370 370 371 371 371 372 372 373 373 373 374 374 375 375
276 276 276 276 276 276 276 276 276 296 296 295 295 294 294 293 293 293 296 298 299 298 298 296 293 289 287 287 286 285 285 284 284 284 276 276 276 276 276 276 276 276 276 276 276 276 276 276 276 276 276 276 276 276 276 276 276 276 276 276 276 276 276 276 276 363 364 364 365 365 366 366 366 367 367 368 368 369 369 369 370 370 371 371 372 372 372 373 373 374 374 375 375 375
276 276 276 276 276 276 276 276 276 296 295 295 295 294 294 293 293 294 297 298 300 299 299 296 294 290 287 287 286 285 285 284 284 284 276 276 276 276 276 276 276 276 276 276 276 276 276 276 276 276 276 276 276 276 276 276 276 276 276 276 276 276 276 276 276 364 364 365 365 365 366 366 367 367 368 368 368 369 369 370 370 371 371 371 372 372 373 373 373 374 374 375 375 376
276 276 276 276 276 276 276 276 276 296 295 295 295 294 294 293 293 295 298 299 300 300 299 297 294 291 287 287 286 285 285 284 284 284 276 276 276 276 276 276 276 276 276 276 276 276 276 276 276 276 276 276 276 276 276 276 276 276 276 276 276 276 276 276 363 364 364 365 365 366 366 366 367 367 368 368 369 369 369 370 370 371 371 372 372 372 373 373 374 374 375 375 375 376
276 276 276 276 276 276 276 276 276 296 295 295 295 294 294 293 293 295 298 299 301 300 300 297 294 291 287 287 286 285 285 284 284 284 276 276 276 276 276 276 276 276 276 276 276 276 276 276 276 276 276 276 276 276 276 276 276 276 276 276 276 276 276 276 364 364 365 365 365 366 366 367 367 368 368 368 369 369 370 370 371 371 371 372 372 373 373 374 374 374 375 375 376 376
276 276 276 276 276 276 276 276 276 296 295 295 294 294 294 293 293 296 299 300 301 301 300 298 295 292 287 286 286 285 284 284 284 284 276 276 276 276 276 276 276 276 276 276 276 276 276 276 276 276 276 276 276 276 276 276 276 276 276 276 276 276 276 276 364 364 365 365 366 366 366 367 367 368 368 369 369 369 370 370 371 371 372 372 372 373 373 374 374 375 375 375 376 376
276 276 276 276 276 276 276 276 276 296 295 295 294 294 294 293 293 296 300 301 302 301 300 299 296 292 287 286 286 285 284 284 284 284 276 276 276 276 276 276 276 276 276 276 276 276 276 276 276 276 276 276 276 276 276 276 276 276 276 276 276 276 276 364 364 364 365 365 366 366 367 367 368 368 368 369 369 370 370 371 371 371 372 372 373 373 374 374 374 375 375 376 376 377
276 276 276 276 276 276 276 276 276 296 295 295 294 294 293 293 294 297 300 301 301 302 300 299 296 293 288 286 286 285 284 284 284 284 276 276 276 276 276 276 276 276 276 276 276 276 276 276 276 276 276 276 276 276 276 276 276 276 276 276 276 276 276 364 364 365 365 366 366 366 367 367 368 368 369 369 369 370 370 371 371 372 372 372 373 373 374 374 375 375 375 376 376 377
276 276 276 276 276 276 276 276 276 296 295 295 294 294 293 293 294 298 300 302 302 302 301 300 297 294 289 286 286 285 284 284 284 284 276 276 276 276 276 276 276 276 276 276 276 276 276 276 276 276 276 276 276 276 276 276 276 276 276 276 276 276 364 364 364 365 365 366 366 367 367 368 368 368 369 369 370 370 371 371 371 372 372 373 373 374 374 374 375 375 376 376 377 377
276 276 276 276 276 276 276 276 276 295 295 295 294 294 293 293 294 298 300 302 303 303 302 300 297 293 289 286 286 285 284 284 284 284 276 276 276 276 276 276 276 276 276 276 276 276 276 276 276 276 276 276 276 276 276 276 276 276 276 276 276 276 364 364 365 365 366 366 366 367 367 368 368 369 369 369 370 370 371 371 372 372 372 373 373 374 374 375 375 375 376 376 377 377
276 276 276 276 276 276 276 276 276 295 295 295 294 294 293 293 295 299 301 303 303 304 302 301 298 294 290 286 285 285 284 284 284 284 276 276 276 276 276 276 276 276 276 276 276 276 276 276 276 276 276 276 276 276 276 276 276 276 276 276 276 276 364 364 365 365 366 366 367 367 367 368 368 369 369 370 370 371 371 371 372 372 373 373 374 374 374 375 375 376 376 377 377 377
276 276 276 276 276 276 276 276 276 295 295 295 294 294 293 293 296 300 301 304 304 304 303 302 298 295 291 286 285 285 284 284 284 284 276 276 276 276 276 276 276 276 276 276 276 276 276 276 276 276 276 276 276 276 276 276 276 276 276 276 276 364 364 365 365 365 366 366 367 367 368 368 369 369 369 370 370 371 371 372 372 372 373 373 374 374 375 375 375 376 376 377 377 378
276 276 276 276 276 276 276 276 276 295 295 294 294 294 293 293 296 300 302 304 304 305 303 301 299 295 291 286 285 285 284 284 284 284 276 276 276 276 276 276 276 276 276 276 276 276 276 276 276 276 276 276 276 276 276 276 276 276 276 276 276 364 364 365 365 366 366 367 367 367 368 368 369 369 370 370 370 371 371 372 372 373 373 374 374 374 375 375 376 376 377 377 377 378
276 276 276 276 276 276 276 276 276 295 295 294 294 294 293 293 297 301 303 305 305 305 304 302 300 296 292 286 285 285 284 284 284 284 276 276 276 276 276 276 276 276 276 276 276 276 276 276 276 276 276 276 276 276 276 276 276 276 276 276 364 364 365 365 365 366 366 367 367 368 368 369 369 369 370 370 371 371 372 372 372 373 373 374 374 375 375 375 376 376 377 377 378 378
276 276 276 276 276 276 276 276 276 351 295 294 294 293 293 294 297 301 303 305 305 305 304 302 300 296 292 287 285 285 284 284 284 284 276 276 276 276 276 276 276 276 276 276 276 276 276 276 276 276 276 276 276 276 276 276 276 276 276 276 364 364 365 365 366 366 367 367 367 368 368 369 369 370 370 370 371 371 372 372 373 373 373 374 374 375 375 376 376 377 377 377 378 378
276 276 276 276 276 276 276 276 352 351 351 294 294 293 293 294 298 302 304 306 306 305 305 303 301 297 292 287 285 284 284 284 284 284 285 276 276 276 276 276 276 276 276 276 276 276 276 276 276 276 276 276 276 276 276 276 276 276 276 364 364 364 365 365 366 366 367 367 368 368 368 369 369 370 370 371 371 372 372 372 373 373 374 374 375 375 375 376 376 377 377 378 378 378
276 276 276 276 276 276 276 276 352 351 351 294 294 293 293 294 299 301 304 305 307 306 306 303 301 297 293 288 285 284 284 284 284 284 285 276 276 276 276 276 276 276 276 276 276 276 276 276 276 276 276 276 276 276 276 276 276 276 276 364 364 365 365 366 366 366 367 367 368 368 369 369 370 370 370 371 371 372 372 373 373 373 374 374 375 375 376 376 376 377 377 378 378 379
276 276 276 276 276 276 276 276 351 351 351 350 294 293 293 294 299 302 305 306 307 306 306 304 302 298 293 288 285 284 284 284 284 284 285 276 276 276 276 276 276 276 276 276 276 276 276 276 276 276 276 276 276 276 276 276 276 276 276 364 364 365 365 366 366 367 367 368 368 368 369 369 370 370 371 371 371 372 372 373 373 374 374 375 375 375 376 376 377 377 378 378 378 379
276 276 276 276 276 276 276 276 351 351 351 350 350 293 293 295 300 303 305 306 308 307 307 304 301 299 294 289 285 284 284 284 284 285 285 276 276 276 276 276 276 276 276 276 276 276 276 276 276 276 276 276 276 276 276 276 276 276 364 364 365 365 365 366 366 367 367 368 368 369 369 369 370 370 371 371 372 372 373 373 373 374 374 375 375 376 376 376 377 377 378 378 379 379
276 276 276 276 276 276 276 276 351 351 351 350 350 349 293 296 300 303 306 307 308 308 307 305 302 299 294 289 285 284 284 284 284 285 285 276 276 276 276 276 276 276 276 276 276 276 276 276 276 276 276 276 276 276 276 276 276 276 364 364 365 365 366 366 367 367 367 368 368 369 369 370 370 371 371 371 372 372 373 373 374 374 374 375 375 376 376 377 377 378 378 378 379 379
276 276 276 276 276 276 276 276 351 351 350 350 350 349 293 296 301 304 306 307 309 308 308 305 302 300 295 289 285 284 284 284 284 285 285 276 276 276 276 276 276 276 276 276 276 276 276 276 276 276 276 276 276 276 276 276 276 364 364 365 365 365 366 366 367 367 368 368 369 369 369 370 370 371 371 372 372 372 373 373 374 374 375 375 376 376 376 377 377 378 378 379 379 379
276 276 276 276 276 276 276 276 351 351 350 350 350 349 349 297 301 304 307 308 309 309 307 306 303 300 295 290 285 284 284 284 285 285 286 276 276 276 276 276 276 276 276 276 276 276 276 276 276 276 276 276 276 276 276 276 276 364 364 365 365 366 366 366 367 367 368 368 369 369 370 370 370 371 371 372 372 373 373 374 374 374 375 375 376 376 377 377 377 378 378 379 379 380
276 276 276 276 276 276 276 276 351 351 350 350 349 349 349 353 302 305 308 309 309 309 308 307 304 301 296 290 285 284 284 284 285 285 286 276 276 276 276 276 276 276 276 276 276 276 276 276 276 276 276 276 276 276 276 276 276 364 364 365 365 366 366 367 367 368 368 368 369 369 370 370 371 371 372 372 372 373 373 374 374 375 375 375 376 376 377 377 378 378 379 379 379 380
276 276 276 276 276 276 276 276 351 351 350 350 349 349 349 354 359 305 307 309 309 310 308 307 304 300 297 291 284 284 284 284 285 285 286 276 276 276 276 276 276 276 276 276 276 276 276 276 276 276 276 276 276 276 276 276 364 364 365 365 365 366 366 367 367 368 368 369 369 370 370 370 371 371 372 372 373 373 373 374 374 375 375 376 376 377 377 377 378 378 379 379 380 380
276 276 276 276 276 276 276 276 351 351 350 350 349 349 349 354 358 306 308 310 310 310 309 308 305 301 297 291 285 284 284 285 285 286 286 276 276 276 276 276 276 276 276 276 276 276 276 276 276 276 276 276 276 276 276 276 364 364 365 365 366 366 367 367 367 368 368 369 369 370 370 371 371 371 372 372 373 373 374 374 375 375 375 376 376 377 377 378 378 379 379 379 380 380
276 276 276 276 276 276 276 276 351 351 350 350 349 349 349 355 359 362 308 310 310 311 309 308 305 301 298 292 285 284 284 285 285 286 286 276 276 276 276 276 276 276 276 276 276 276 276 276 276 276 276 276 276 276 276 276 364 365 365 365 366 366 367 367 368 368 369 369 369 370 370 371 371 372 372 373 373 373 374 374 375 375 376 376 377 377 377 378 378 379 379 380 380 380
