testData/tiles/oneDegreeCosts/grid41.0-36.0-42.0-37.0.asc
ncols   200
nrows   200
xllcorner   41.0
yllcorner   36.0
cellsize   0.005
NODATA_value   -9999.0
[rows 126 to 167 of 200, columns 94 to 187 of 200]
529 532 532 533 533 535 536 537 538 538 540 540 541 542 543 544 544 544 545 547 547 547 548 549 549 549 549 551 552 552 552 552 552 552 553 552 552 552 553 554 554 554 554 554 553 554 554 554 554 553 553 554 554 553 553 553 552 553 552 551 551 551 551 550 551 550 548 548 547 547 546 546 546 545 543 543 542 541 540 540 539 539 538 537 536 535 533 532 532 530 529 528 526 525
530 531 532 533 533 536 536 538 538 539 541 542 542 543 544 544 545 546 546 548 548 548 548 549 550 550 550 550 551 552 552 552 552 552 554 554 554 554 554 555 555 555 554 554 554 555 555 555 554 555 555 556 555 555 555 553 553 554 553 553 552 552 551 551 551 551 550 550 549 548 548 547 546 546 545 544 543 543 541 541 540 539 538 538 536 535 534 534 533 531 530 529 528 526
530 532 533 534 535 536 537 538 539 540 541 541 542 542 545 545 545 546 546 547 548 548 549 550 550 551 551 551 552 552 552 553 553 554 555 555 555 555 554 555 555 555 555 556 556 557 556 556 556 556 555 555 555 555 554 554 554 554 554 553 553 553 552 552 552 551 551 550 549 548 548 548 547 546 546 545 544 543 543 543 542 540 539 538 536 535 534 534 533 532 531 530 529 527
531 534 534 535 536 537 539 539 540 541 542 542 544 544 545 546 546 546 547 549 549 550 550 551 551 551 552 552 554 554 554 554 554 554 555 555 555 555 555 557 557 557 557 557 557 556 556 556 556 556 555 556 556 555 555 555 554 555 555 554 554 553 553 552 552 551 551 550 549 549 548 549 548 547 546 546 545 544 543 542 542 541 540 539 538 537 536 536 534 533 531 530 528 527
533 535 535 536 536 539 539 540 540 542 542 544 544 545 546 546 547 548 549 550 550 550 551 552 552 553 553 553 555 555 555 555 555 556 556 557 557 557 556 557 557 557 557 557 557 557 557 557 557 556 556 557 556 557 557 556 556 557 556 556 555 554 553 553 553 553 552 552 551 551 550 550 550 549 547 546 545 544 543 543 542 541 541 540 539 538 537 537 535 534 532 531 529 528
533 535 536 537 538 540 540 541 541 544 544 545 545 545 547 548 549 549 550 550 551 551 551 553 554 554 554 554 554 554 555 555 556 557 557 557 557 557 557 558 558 557 557 557 557 558 558 558 558 558 558 558 558 558 558 557 557 556 556 556 555 555 554 554 554 554 553 552 552 551 551 551 550 549 548 547 546 546 545 545 543 542 541 540 539 538 536 536 535 534 533 532 531 530
533 536 537 537 538 539 540 541 542 543 544 544 545 546 548 548 548 549 550 550 550 552 552 553 553 554 554 554 555 555 556 556 556 557 557 557 557 557 557 558 558 558 558 559 559 560 559 559 559 559 558 559 558 558 557 557 557 557 557 556 556 555 555 554 555 554 554 553 553 552 551 551 550 549 549 548 547 546 545 546 545 544 543 541 539 538 537 537 536 535 534 533 531 530
535 537 537 538 539 540 542 542 543 544 545 545 546 547 548 549 549 549 551 552 552 552 553 554 554 554 554 556 557 557 557 557 557 558 558 558 558 558 558 560 560 560 560 560 559 560 560 559 559 558 558 559 559 558 558 558 557 558 557 557 557 556 556 555 556 555 554 553 552 552 551 551 551 550 549 549 548 547 546 546 544 544 543 542 541 540 539 539 537 536 534 533 531 530
536 537 538 539 540 542 542 543 543 545 546 547 547 548 549 549 550 551 552 553 553 553 553 555 555 556 556 556 557 558 558 558 558 559 559 559 560 560 560 561 560 560 560 560 560 560 560 560 559 559 559 560 559 559 559 558 558 560 559 559 558 558 556 556 556 556 555 555 554 553 552 552 551 551 550 549 548 547 546 546 545 544 543 542 541 540 539 539 538 537 535 533 532 531
536 538 539 540 541 542 543 544 544 547 547 547 548 548 550 550 551 552 553 553 554 554 554 555 557 557 557 557 558 558 558 559 558 559 560 560 560 560 560 561 560 560 560 560 561 561 561 560 560 560 562 561 561 561 560 560 560 560 559 558 558 558 557 557 557 556 556 555 555 554 553 554 553 552 551 550 549 547 547 547 546 545 544 543 542 541 540 539 538 537 536 535 534 531
536 539 539 540 541 542 543 544 545 546 547 547 548 548 550 551 551 551 553 553 553 554 555 556 556 556 557 557 558 558 558 558 559 560 560 560 560 560 560 561 561 561 561 561 562 561 562 562 562 562 562 562 562 561 560 560 560 560 560 559 559 558 558 557 558 557 557 556 555 555 554 553 553 552 551 551 550 549 548 548 547 546 545 544 543 541 540 540 539 538 536 535 534 533
538 539 540 541 541 543 544 545 545 547 547 548 548 550 551 551 552 552 553 554 555 555 556 557 557 557 557 557 559 559 560 560 560 561 561 561 561 561 561 562 562 562 562 562 563 563 563 563 563 562 562 562 561 561 561 560 560 561 560 560 559 559 558 558 558 558 557 557 555 554 554 554 553 553 552 551 551 550 550 549 548 547 545 544 542 541 540 540 539 538 537 536 535 534
539 540 541 541 542 545 545 546 546 548 548 550 550 550 552 552 553 553 554 555 556 556 556 557 558 558 558 558 560 560 561 561 561 562 562 562 562 562 562 563 564 563 563 562 563 563 563 562 562 562 563 562 562 562 562 561 561 561 561 561 560 560 559 559 558 558 557 556 556 555 555 555 554 553 553 552 551 550 551 549 548 547 546 545 544 543 542 541 540 539 538 536 535 533
539 541 542 542 544 545 546 546 547 548 550 550 551 551 553 553 553 554 556 556 556 557 557 558 558 559 560 560 561 561 561 561 561 562 562 562 562 562 562 563 563 563 563 563 564 564 563 563 563 563 563 563 563 563 562 562 562 562 562 561 560 559 559 559 559 558 558 557 557 556 555 556 555 554 553 553 551 550 550 549 549 548 547 546 545 544 543 543 542 539 537 536 535 534
539 541 541 543 543 545 546 547 548 550 551 551 551 552 553 554 555 555 557 557 557 557 557 558 558 559 559 560 561 561 561 561 561 562 562 562 563 563 563 564 564 564 564 564 564 564 564 564 564 563 564 564 564 563 563 563 562 562 561 561 561 560 560 560 560 559 558 558 557 557 556 556 556 554 553 552 552 551 551 550 549 548 547 546 545 545 542 542 541 540 539 537 536 535
540 541 543 544 544 546 546 547 548 550 550 551 551 552 553 554 555 555 556 557 557 557 557 559 560 560 560 560 561 562 562 562 562 563 563 564 564 564 564 565 565 565 564 564 565 565 565 565 564 564 565 564 563 563 564 563 563 564 563 563 562 562 561 562 561 561 560 560 559 558 557 557 556 555 554 553 552 551 552 551 550 549 548 547 545 544 543 543 542 541 540 539 536 535
540 543 544 544 545 546 547 548 549 550 551 551 552 553 555 555 555 556 557 557 558 558 558 560 561 561 561 561 562 562 562 562 563 565 565 565 565 565 565 565 565 565 565 565 566 565 565 564 564 564 565 565 565 565 564 564 564 564 564 563 563 562 562 562 562 561 560 559 559 558 557 558 557 556 555 555 553 552 552 551 551 549 548 547 546 545 544 544 543 542 540 539 538 536
542 544 544 545 545 547 548 549 550 551 552 552 552 554 555 556 556 556 558 558 558 559 560 561 561 561 562 562 563 563 563 563 564 565 565 565 565 565 565 565 565 565 565 565 566 565 565 565 566 566 566 566 566 565 565 565 564 565 564 564 564 563 562 562 562 561 560 560 559 559 558 558 558 557 556 555 555 554 553 551 550 549 548 547 546 545 544 544 543 542 541 539 538 537
542 544 545 546 546 548 549 550 550 552 552 553 553 556 556 556 557 557 558 559 559 560 560 562 562 562 562 562 563 563 563 564 564 565 565 565 565 565 566 566 566 566 566 565 566 566 567 567 566 566 567 567 566 566 566 565 565 566 564 564 563 563 562 563 562 562 561 561 560 559 559 559 558 558 557 555 554 554 554 553 552 550 549 548 547 546 545 545 543 542 541 540 538 537
542 544 545 545 546 548 549 549 550 551 552 552 554 555 556 556 556 557 558 558 560 560 560 561 562 562 562 562 563 563 564 565 565 566 566 566 566 566 567 567 566 566 566 566 567 568 568 567 567 567 568 567 567 566 565 565 565 565 565 564 564 563 563 563 563 562 562 561 561 560 559 559 558 557 556 556 555 554 554 553 553 552 550 549 548 546 545 545 544 543 541 540 539 538
543 545 545 546 547 549 550 550 551 552 553 554 555 556 556 557 557 557 559 560 560 561 561 562 562 562 563 563 564 565 565 565 565 566 566 566 566 566 567 567 567 567 567 568 569 568 568 568 567 567 567 567 567 566 566 566 565 566 566 565 565 564 564 564 564 563 563 562 560 560 559 559 559 558 557 556 556 555 555 554 553 552 550 549 547 546 545 545 544 543 542 541 540 538
544 545 546 547 548 550 550 551 551 553 553 555 555 557 557 557 558 558 559 561 561 561 562 563 563 563 563 563 565 566 566 566 566 567 567 567 567 567 568 568 568 567 568 568 568 568 568 568 568 567 568 568 567 567 567 566 566 567 566 566 565 565 564 565 563 563 562 562 561 560 560 560 559 559 558 557 556 555 556 554 553 552 551 550 549 547 546 546 545 544 543 542 539 538
544 546 547 547 549 550 551 552 552 554 555 555 556 557 558 558 558 559 561 561 562 562 562 563 564 564 564 564 566 566 567 567 566 567 567 567 567 567 568 568 568 567 568 568 569 569 569 568 568 568 569 568 568 568 567 567 567 567 567 566 565 565 564 565 564 563 563 562 562 561 560 561 560 559 558 558 556 555 555 554 554 553 552 551 550 548 547 547 546 544 542 541 540 539
544 546 546 548 549 550 551 551 552 553 555 555 556 557 557 558 558 558 561 561 561 562 562 563 563 564 564 564 566 566 566 566 566 567 567 567 567 567 567 568 568 569 569 569 570 570 569 569 569 569 569 569 569 568 568 567 567 567 567 566 566 565 565 565 565 564 564 563 562 562 561 561 561 559 558 557 557 556 556 555 554 553 552 551 550 549 547 546 545 544 543 542 541 539
545 546 547 549 549 551 551 552 552 554 555 556 556 558 558 558 559 559 561 562 562 562 563 564 564 564 564 566 567 567 567 567 567 568 568 568 568 568 568 569 569 570 570 570 570 570 570 570 570 569 569 569 568 568 568 567 567 568 567 567 566 566 565 566 565 565 564 564 563 562 561 561 560 560 559 558 557 556 557 556 555 554 553 552 550 549 547 547 546 545 544 542 541 540
545 547 548 549 550 551 552 553 553 556 556 556 557 557 559 559 559 561 562 562 563 563 563 564 565 565 565 566 567 567 568 568 568 569 569 569 569 569 569 570 571 570 570 570 570 570 570 569 569 569 570 569 569 569 568 568 568 568 568 567 567 567 566 567 566 565 564 563 563 562 561 562 561 560 559 559 558 557 557 556 555 554 553 552 551 550 549 548 546 545 544 543 542 541
546 548 549 550 550 552 553 553 554 556 557 557 558 558 559 560 560 561 563 563 563 564 564 565 565 566 566 567 568 568 568 568 568 569 569 569 569 569 569 569 570 570 570 570 571 571 570 570 570 570 570 570 570 569 569 569 568 569 569 568 568 567 566 566 566 565 564 564 563 563 562 562 562 561 560 559 559 558 557 556 555 554 553 552 551 550 549 548 547 546 545 543 541 540
546 547 549 550 550 552 552 553 554 557 557 558 558 559 560 560 561 562 563 564 564 564 564 565 565 565 565 567 568 568 568 568 568 569 569 569 569 569 569 570 571 571 571 571 571 571 571 571 571 570 571 571 570 570 570 569 569 569 568 568 567 567 566 566 566 566 565 565 564 563 563 563 562 561 561 559 558 558 558 557 556 555 554 553 552 551 550 549 548 546 544 543 542 541
546 548 550 550 551 552 553 553 554 557 557 557 558 558 560 560 560 562 563 563 564 564 564 565 566 566 566 567 568 568 569 569 569 570 570 570 570 570 570 571 571 571 571 571 572 572 572 571 571 571 572 571 570 570 569 569 569 569 569 568 568 568 567 566 567 566 566 565 565 564 563 563 562 561 560 560 559 558 558 557 556 555 555 554 553 552 548 548 547 546 545 544 543 541
547 549 550 551 551 553 554 554 555 557 558 558 559 559 560 561 561 562 564 564 564 565 565 566 566 567 567 568 569 569 569 569 569 570 570 570 570 570 570 571 571 572 572 572 573 573 571 571 571 571 571 571 571 570 570 570 569 570 570 569 569 568 568 567 568 567 566 566 564 564 563 563 563 562 561 560 559 559 559 558 557 556 555 553 552 551 549 549 548 547 546 544 543 542
548 549 551 551 552 554 554 555 555 558 558 559 559 560 561 561 562 563 564 565 565 565 566 567 567 567 567 569 570 570 570 570 570 571 571 571 571 571 571 571 571 571 572 572 572 572 572 572 572 571 572 572 571 571 571 570 570 571 570 570 569 569 568 568 567 567 566 565 565 564 564 564 563 562 562 561 560 559 558 559 557 556 555 554 553 551 550 550 549 547 546 545 544 542
547 550 552 552 553 554 555 555 556 558 559 559 560 560 562 562 562 563 565 565 566 566 566 567 568 568 568 568 569 569 570 570 570 571 571 571 571 571 571 572 572 571 571 572 573 573 573 572 572 572 573 572 572 572 571 571 571 571 571 569 569 568 568 568 568 567 567 566 566 565 564 565 564 563 562 562 560 559 558 558 557 556 555 554 552 551 550 550 549 548 546 545 543 542
548 550 550 552 552 554 555 555 556 557 559 559 559 560 561 562 562 562 565 565 565 566 566 567 567 568 568 568 570 570 570 570 570 571 571 571 571 571 571 572 572 572 572 572 574 574 573 573 573 573 573 573 573 572 571 571 571 571 570 570 570 569 569 568 569 568 567 567 566 566 565 565 564 563 562 561 560 560 559 559 558 557 556 554 553 552 551 550 549 548 546 545 544 543
548 550 551 552 553 555 555 556 556 558 559 560 560 561 562 562 563 563 565 566 566 566 567 568 568 568 568 568 570 571 571 571 571 572 572 572 572 572 572 573 573 573 573 572 572 574 574 574 574 573 573 573 572 572 572 571 571 572 571 571 570 570 569 569 569 569 568 567 567 565 565 565 564 563 563 562 561 560 559 559 559 558 556 555 553 552 551 550 549 548 547 546 545 543
549 551 551 553 554 555 556 556 557 558 560 560 561 561 563 563 563 564 565 566 567 567 567 568 569 569 569 569 570 570 571 572 572 573 573 573 573 573 573 574 573 573 572 572 572 573 574 573 573 573 573 573 573 573 572 572 572 572 572 571 571 570 570 569 570 568 568 567 566 566 565 565 565 564 563 562 562 561 560 560 559 556 555 554 553 552 551 551 550 549 548 546 545 544
550 551 552 554 554 556 556 557 558 559 560 561 561 562 563 564 564 564 566 566 567 568 568 569 569 569 570 570 571 571 571 572 572 572 572 572 572 572 572 573 573 573 573 573 573 573 573 573 574 574 573 574 574 573 573 573 572 573 572 572 572 570 570 569 569 569 568 568 567 566 566 566 565 565 564 563 562 561 560 559 558 557 556 555 554 553 552 552 551 549 548 547 545 544
549 551 552 552 554 556 556 557 557 559 559 561 561 561 563 563 564 564 565 566 567 567 567 569 569 569 569 569 571 571 571 571 572 573 573 573 573 573 573 574 574 574 574 573 573 574 574 574 573 573 573 575 574 574 574 573 572 572 572 572 571 571 570 570 570 570 569 568 568 567 566 567 566 565 564 563 561 560 559 559 558 557 556 555 554 553 552 552 551 549 548 547 545 544
550 552 552 553 555 556 557 557 558 559 560 560 562 562 564 564 564 565 565 566 567 568 568 569 570 570 570 570 571 571 571 572 572 573 574 574 574 574 574 575 574 574 574 574 574 575 575 574 574 574 574 573 573 573 573 573 573 573 573 572 572 571 571 570 571 570 570 569 568 568 567 566 565 564 563 562 561 561 560 560 559 558 557 556 555 554 552 552 551 550 548 547 546 545
551 552 553 554 554 557 557 558 558 559 560 561 561 563 564 565 565 565 566 567 567 567 569 570 570 570 571 571 572 572 572 572 572 572 574 574 574 574 574 575 575 575 575 575 574 574 574 574 574 574 574 574 574 573 573 573 573 573 572 572 571 571 570 570 570 570 569 568 567 566 566 566 565 564 564 563 562 561 560 560 560 559 558 556 555 554 553 552 551 550 549 548 547 544
551 553 554 554 555 556 558 559 559 560 561 562 562 563 565 565 566 566 566 568 568 568 568 571 571 571 571 571 572 573 573 573 573 573 574 574 574 574 574 575 575 575 574 574 574 575 575 575 574 574 574 575 574 574 574 573 573 573 573 573 572 572 571 570 570 569 569 568 568 567 566 567 566 565 564 563 563 562 561 561 559 558 557 556 555 554 553 553 552 551 550 547 546 544
551 552 553 554 554 556 558 558 559 560 562 562 563 563 565 566 566 567 567 568 568 568 568 569 570 571 571 571 572 572 572 572 572 573 574 574 574 574 574 575 575 575 575 575 575 576 575 575 575 575 574 575 575 575 574 574 573 574 573 572 572 571 571 570 571 570 569 569 568 567 567 567 566 566 565 564 562 561 561 561 560 559 558 557 556 555 554 553 552 550 549 547 546 544
601 553 554 554 555 557 557 559 559 560 561 562 562 563 564 565 566 566 566 568 568 568 569 569 570 571 571 572 572 573 573 573 573 573 574 574 574 574 574 575 576 576 576 576 575 576 576 576 576 575 575 576 575 574 574 573 573 573 573 573 572 572 571 571 571 571 570 569 569 568 567 567 567 565 564 564 563 562 561 561 560 559 558 557 556 555 554 552 551 550 549 547 546 545
