testData/tiles/oneDegreeCosts/grid23.0-31.0-24.0-32.0.asc
ncols   200
nrows   200
xllcorner   23.0
yllcorner   31.0
cellsize   0.005
NODATA_value   -9999.0
[rows 0 to 40 of 200, columns 0 to 93 of 200]
958 958 959 959 960 960 962 962 963 964 964 964 965 966 967 967 967 968 968 969 970 970 970 1031 1032 1096 1096 1095 1095 1097 1104 1109 1113 1118 1122 1125 1127 1132 1135 1137 1138 1140 1142 1145 1147 1147 1148 1148 1148 1150 1151 1152 1150 1151 1151 1151 1149 1150 1149 1148 1147 1146 1143 1143 1141 1140 1138 1136 1135 1132 1128 1127 1124 1120 1119 1116 1112 1108 1106 1101 1097 1093 1088 1083 1079 1073 1068 1061 1054 1047 1043 1042 1041 1040
959 960 961 960 961 962 963 964 964 964 965 966 967 968 967 968 969 970 970 970 971 971 972 973 1033 1097 1097 1098 1096 1099 1104 1111 1115 1118 1122 1126 1131 1132 1135 1138 1140 1142 1145 1146 1148 1149 1149 1151 1150 1151 1152 1153 1153 1152 1152 1152 1151 1151 1150 1150 1147 1147 1145 1144 1143 1142 1139 1137 1135 1132 1130 1128 1125 1123 1119 1116 1114 1109 1105 1102 1098 1094 1090 1084 1079 1073 1068 1063 1054 1048 1046 1044 1043 1040
959 960 961 962 963 964 965 964 965 967 967 968 969 968 969 969 971 971 972 972 972 972 974 975 975 1098 1098 1099 1100 1099 1105 1111 1116 1121 1124 1127 1132 1135 1136 1138 1141 1145 1146 1147 1149 1151 1151 1151 1153 1153 1153 1154 1155 1153 1153 1154 1153 1153 1151 1151 1149 1148 1147 1146 1144 1143 1141 1138 1137 1134 1132 1129 1127 1124 1121 1117 1114 1111 1107 1103 1100 1094 1091 1085 1080 1075 1069 1062 1057 1048 1048 1046 1044 1043
961 961 962 964 965 965 965 966 967 968 969 969 969 970 972 972 972 972 973 974 973 975 975 975 976 1040 1099 1101 1101 1102 1107 1111 1116 1122 1126 1128 1132 1135 1138 1140 1143 1146 1148 1149 1149 1151 1153 1154 1154 1154 1154 1154 1155 1155 1155 1155 1154 1154 1152 1152 1150 1151 1148 1148 1145 1143 1142 1139 1136 1136 1133 1130 1128 1125 1121 1119 1115 1113 1109 1105 1100 1095 1090 1086 1081 1075 1071 1063 1057 1050 1048 1047 1044 1043
963 962 964 964 965 966 967 968 969 970 969 970 971 972 973 973 973 974 974 976 976 977 977 976 977 1041 1042 1102 1102 1103 1107 1114 1117 1123 1127 1130 1133 1136 1139 1142 1145 1146 1148 1150 1151 1153 1154 1156 1156 1155 1156 1156 1157 1157 1157 1157 1155 1155 1153 1152 1152 1151 1150 1149 1147 1145 1143 1142 1139 1137 1135 1132 1128 1126 1123 1120 1117 1113 1109 1105 1101 1097 1092 1086 1083 1077 1070 1064 1057 1052 1050 1048 1047 1045
963 965 966 966 967 967 969 969 970 970 971 971 973 974 973 974 975 975 977 976 977 978 978 978 979 1042 1043 1044 1103 1104 1108 1115 1120 1123 1127 1131 1135 1137 1140 1144 1146 1148 1149 1151 1154 1154 1155 1156 1157 1158 1157 1159 1158 1157 1158 1158 1157 1156 1156 1155 1153 1153 1151 1149 1148 1145 1144 1143 1140 1138 1136 1132 1130 1127 1124 1122 1118 1114 1109 1106 1101 1096 1094 1089 1083 1078 1071 1065 1058 1052 1051 1049 1048 1046
965 966 967 968 967 969 969 970 971 972 972 974 974 974 975 975 976 978 978 978 978 979 979 981 981 1043 1044 1045 1045 1105 1109 1115 1120 1126 1128 1131 1137 1140 1142 1144 1147 1149 1150 1152 1154 1156 1156 1157 1158 1159 1159 1159 1160 1159 1158 1159 1157 1158 1157 1157 1155 1153 1152 1150 1149 1148 1145 1144 1141 1138 1136 1134 1131 1129 1125 1121 1117 1115 1111 1106 1104 1099 1094 1089 1083 1079 1072 1065 1059 1055 1053 1051 1049 1048
966 966 967 968 970 970 971 972 972 973 974 974 975 976 976 977 978 978 979 980 980 979 981 982 983 1046 1045 1045 1047 1048 1110 1116 1121 1126 1130 1133 1137 1140 1143 1146 1147 1151 1153 1154 1155 1156 1158 1158 1160 1161 1160 1161 1161 1160 1160 1160 1160 1159 1158 1157 1155 1154 1154 1152 1151 1148 1147 1144 1142 1140 1138 1134 1133 1129 1126 1123 1119 1115 1112 1109 1104 1099 1095 1090 1084 1078 1073 1067 1059 1055 1053 1052 1050 1048
968 968 969 970 971 972 972 972 973 975 975 976 976 977 978 979 979 979 980 981 981 983 982 983 983 1047 1048 1047 1048 1049 1050 1117 1121 1126 1131 1136 1138 1141 1144 1147 1150 1151 1153 1155 1156 1157 1159 1160 1161 1161 1161 1161 1161 1162 1163 1162 1160 1161 1159 1159 1157 1156 1155 1153 1151 1150 1147 1145 1143 1141 1139 1136 1133 1130 1127 1123 1120 1117 1113 1108 1105 1100 1095 1090 1085 1080 1074 1067 1059 1057 1055 1053 1052 1049
968 969 970 971 971 972 973 974 975 976 977 977 977 977 979 980 981 981 982 981 983 984 985 984 984 1048 1050 1050 1049 1050 1051 1057 1123 1128 1132 1137 1140 1141 1145 1149 1151 1153 1154 1156 1157 1160 1160 1162 1162 1163 1163 1163 1164 1164 1163 1163 1162 1161 1160 1160 1158 1157 1156 1155 1152 1151 1149 1147 1144 1142 1140 1137 1134 1131 1127 1125 1121 1118 1114 1110 1105 1100 1096 1092 1086 1080 1074 1067 1060 1057 1056 1054 1053 1051
969 971 972 972 973 974 974 976 976 976 977 978 979 980 980 981 982 982 983 984 984 985 986 986 985 987 1050 1051 1052 1050 1051 1059 1064 1129 1132 1137 1140 1143 1148 1149 1152 1153 1155 1157 1159 1160 1162 1162 1163 1164 1165 1165 1165 1165 1164 1164 1163 1163 1162 1160 1160 1158 1157 1155 1154 1152 1150 1149 1146 1143 1140 1137 1135 1133 1129 1126 1122 1118 1114 1109 1106 1103 1097 1092 1087 1081 1075 1068 1061 1059 1058 1056 1054 990
970 971 972 973 973 974 976 977 977 978 978 979 981 982 982 982 982 983 985 986 986 986 986 987 989 988 1051 1052 1053 1053 1054 1059 1064 1069 1134 1137 1142 1145 1148 1151 1152 1155 1156 1160 1161 1163 1162 1164 1164 1165 1166 1166 1166 1166 1165 1165 1164 1164 1164 1162 1161 1159 1157 1156 1155 1153 1150 1149 1147 1144 1141 1140 1136 1133 1131 1127 1123 1119 1114 1112 1107 1102 1098 1092 1087 1080 1075 1068 1062 1060 1059 1057 1055 990
972 973 973 974 975 977 977 978 979 978 979 980 981 982 983 984 983 985 986 987 987 986 987 989 990 990 1053 1053 1054 1055 1056 1059 1064 1070 1074 1140 1142 1146 1150 1151 1154 1155 1160 1161 1162 1163 1165 1164 1167 1167 1167 1167 1168 1167 1166 1167 1166 1164 1164 1163 1162 1160 1160 1157 1156 1154 1152 1149 1147 1145 1143 1140 1137 1133 1130 1127 1123 1119 1116 1111 1109 1104 1098 1094 1087 1082 1076 1069 1064 1062 1060 1058 1056 992
973 973 974 975 976 977 978 978 979 980 982 982 982 983 984 985 987 985 986 987 988 989 990 990 990 991 1055 1055 1055 1056 1057 1059 1065 1070 1075 1080 1144 1146 1150 1153 1155 1159 1160 1162 1163 1165 1165 1167 1167 1168 1168 1167 1168 1168 1168 1168 1167 1166 1165 1164 1163 1162 1160 1159 1156 1155 1153 1150 1148 1146 1143 1140 1138 1135 1131 1128 1125 1121 1117 1113 1108 1104 1098 1093 1088 1082 1076 1069 1064 1062 1060 1059 1057 993
974 975 975 977 978 979 979 980 980 982 983 983 983 983 984 986 987 988 987 988 989 991 991 991 991 992 1056 1057 1057 1057 1058 1060 1066 1071 1076 1081 1083 1147 1150 1154 1157 1159 1162 1163 1163 1165 1168 1168 1168 1169 1170 1169 1170 1170 1169 1168 1168 1167 1166 1165 1164 1162 1161 1159 1158 1154 1153 1153 1149 1147 1145 1140 1138 1135 1131 1129 1126 1120 1118 1114 1108 1104 1100 1095 1090 1083 1077 1070 1065 1064 1062 1061 1060 994
974 975 977 977 978 979 980 980 982 982 983 984 985 986 986 987 988 989 990 989 990 991 992 993 993 993 1057 1058 1059 1059 1058 1061 1068 1072 1077 1081 1085 1087 1153 1156 1157 1160 1162 1164 1166 1167 1168 1170 1169 1169 1170 1171 1170 1171 1171 1169 1168 1168 1168 1166 1165 1164 1161 1160 1159 1157 1154 1152 1150 1146 1145 1143 1138 1137 1134 1129 1126 1123 1117 1114 1109 1105 1101 1094 1089 1084 1076 1070 1066 1065 1064 1061 1060 995
975 977 977 978 978 979 980 982 983 983 983 984 985 987 988 987 988 989 991 992 992 992 993 994 996 995 1058 1059 1060 1060 1060 1062 1068 1073 1077 1081 1085 1089 1092 1156 1159 1161 1162 1166 1167 1168 1169 1170 1171 1170 1172 1172 1173 1171 1171 1171 1169 1169 1168 1168 1165 1164 1163 1160 1160 1158 1155 1153 1151 1147 1145 1143 1139 1136 1133 1129 1125 1122 1117 1114 1110 1104 1100 1095 1088 1083 1075 1070 1068 1065 1064 1062 1060 996
977 978 979 979 980 980 982 983 984 985 984 985 987 988 989 990 990 991 992 993 994 994 993 995 996 997 1060 1061 1061 1062 1062 1063 1069 1073 1078 1082 1087 1090 1094 1096 1160 1163 1164 1166 1168 1170 1169 1171 1173 1173 1172 1172 1173 1172 1172 1172 1172 1170 1169 1168 1167 1165 1164 1163 1160 1158 1156 1153 1151 1149 1146 1144 1141 1137 1134 1131 1126 1124 1120 1115 1111 1107 1100 1096 1089 1084 1078 1070 1069 1068 1065 1064 1061 997
977 978 979 980 981 982 982 983 984 985 986 987 987 988 989 990 992 992 992 993 994 995 996 997 997 998 998 1061 1063 1063 1064 1064 1069 1075 1080 1083 1088 1091 1094 1096 1100 1164 1166 1167 1168 1170 1172 1172 1174 1174 1175 1173 1174 1174 1173 1173 1172 1172 1169 1169 1167 1165 1165 1164 1161 1159 1157 1154 1152 1150 1147 1143 1141 1137 1133 1131 1127 1123 1120 1115 1110 1106 1101 1095 1091 1084 1078 1071 1069 1068 1065 1064 1001 998
977 978 980 981 983 984 984 984 985 986 988 989 989 989 990 992 993 993 994 994 995 997 997 998 998 998 999 1063 1064 1065 1065 1064 1069 1076 1081 1084 1088 1091 1096 1097 1101 1104 1167 1169 1169 1171 1173 1174 1174 1174 1176 1174 1174 1175 1176 1173 1173 1172 1171 1170 1169 1167 1165 1163 1162 1160 1157 1156 1154 1150 1148 1145 1141 1139 1136 1132 1129 1125 1120 1116 1111 1106 1102 1096 1091 1085 1078 1072 1069 1068 1067 1065 1001 998
980 979 980 982 983 984 985 985 985 987 988 989 990 990 992 992 993 994 994 995 997 997 998 998 999 1000 1001 1065 1065 1066 1066 1066 1070 1076 1081 1086 1088 1092 1097 1100 1102 1104 1106 1169 1170 1172 1174 1175 1176 1175 1176 1177 1176 1176 1175 1175 1173 1172 1173 1172 1170 1168 1166 1164 1162 1161 1158 1156 1153 1150 1148 1144 1143 1139 1135 1132 1128 1124 1120 1116 1112 1107 1102 1097 1091 1084 1078 1073 1072 1070 1069 1067 1001 999
980 981 982 982 983 984 985 986 987 988 988 990 991 992 993 994 994 995 996 997 998 999 999 999 1000 1002 1002 1065 1065 1066 1067 1069 1071 1076 1081 1086 1091 1093 1097 1100 1104 1104 1107 1109 1173 1174 1174 1176 1176 1176 1178 1178 1177 1176 1176 1176 1175 1174 1173 1171 1169 1168 1166 1165 1164 1161 1159 1157 1155 1151 1148 1147 1143 1140 1137 1133 1129 1125 1120 1116 1111 1107 1102 1096 1091 1084 1077 1074 1073 1071 1069 1067 1002 1001
980 982 983 983 983 985 986 988 989 989 990 990 992 993 993 994 995 996 997 997 998 999 1000 1000 1001 1002 1003 1067 1067 1067 1069 1070 1071 1075 1081 1086 1092 1094 1098 1101 1104 1106 1108 1111 1113 1175 1175 1176 1178 1178 1178 1178 1178 1178 1176 1177 1175 1175 1174 1172 1171 1168 1168 1166 1164 1162 1159 1157 1154 1152 1150 1146 1143 1140 1136 1132 1129 1126 1121 1118 1113 1107 1103 1097 1090 1084 1077 1075 1073 1071 1069 1067 1003 1002
981 983 984 984 985 986 987 988 989 989 990 991 993 993 994 994 995 997 998 998 999 1000 1001 1003 1003 1003 1004 1068 1068 1069 1069 1070 1071 1078 1081 1087 1091 1096 1099 1101 1105 1108 1110 1112 1114 1116 1176 1177 1179 1178 1180 1178 1178 1178 1179 1177 1176 1175 1174 1172 1171 1171 1169 1166 1165 1162 1159 1157 1157 1151 1149 1147 1142 1140 1137 1133 1130 1126 1121 1117 1113 1107 1102 1097 1091 1086 1078 1076 1074 1071 1070 1069 1004 1003
982 983 984 985 985 987 988 989 989 990 990 992 993 995 995 995 997 998 999 1000 999 1000 1002 1003 1004 1004 1004 1068 1070 1071 1071 1071 1072 1078 1083 1088 1092 1096 1099 1102 1106 1109 1110 1113 1114 1116 1117 1118 1180 1180 1180 1180 1179 1179 1179 1179 1177 1175 1175 1173 1172 1170 1169 1166 1164 1163 1161 1158 1156 1153 1150 1147 1145 1140 1138 1135 1129 1126 1121 1116 1112 1107 1103 1098 1090 1085 1079 1076 1075 1073 1072 1070 1004 1003
983 984 984 985 987 987 988 989 990 991 992 993 994 995 996 998 997 998 999 1000 1001 1001 1002 1003 1004 1005 1005 1006 1070 1071 1071 1072 1072 1078 1083 1088 1093 1096 1100 1104 1108 1109 1112 1114 1116 1117 1118 1119 1120 1180 1180 1180 1181 1180 1179 1178 1178 1175 1175 1174 1172 1170 1169 1167 1164 1163 1161 1157 1155 1153 1149 1147 1145 1140 1138 1135 1129 1126 1123 1117 1113 1108 1102 1097 1091 1084 1079 1076 1076 1075 1072 1008 1005 1003
983 984 985 986 987 987 989 990 991 993 994 993 994 995 997 998 998 998 999 1000 1002 1003 1004 1004 1005 1006 1007 1008 1071 1072 1073 1073 1075 1078 1084 1088 1093 1097 1101 1104 1108 1110 1113 1114 1117 1119 1120 1119 1121 1121 1181 1181 1182 1182 1179 1179 1178 1177 1176 1175 1174 1170 1169 1168 1166 1164 1162 1159 1155 1153 1150 1147 1145 1141 1137 1134 1130 1125 1123 1118 1113 1109 1103 1096 1091 1083 1080 1078 1076 1075 1073 1008 1007 1004
983 984 986 987 988 989 989 990 992 993 994 994 994 996 997 998 999 1000 1000 1002 1003 1004 1004 1005 1005 1007 1007 1008 1072 1072 1073 1074 1075 1078 1083 1087 1092 1098 1102 1104 1108 1111 1114 1115 1117 1119 1121 1120 1121 1122 1122 1181 1181 1181 1180 1179 1179 1178 1175 1174 1173 1171 1170 1168 1166 1163 1161 1159 1156 1154 1152 1149 1144 1141 1137 1133 1130 1127 1122 1117 1113 1108 1102 1096 1091 1084 1080 1079 1077 1075 1073 1008 1007 1006
983 985 986 988 989 990 990 991 992 993 994 995 996 996 997 999 1000 1000 1002 1002 1003 1004 1004 1005 1007 1007 1008 1008 1072 1074 1075 1075 1076 1078 1084 1089 1094 1098 1103 1107 1108 1111 1116 1118 1118 1120 1121 1121 1121 1123 1123 1122 1182 1182 1182 1181 1179 1178 1177 1175 1173 1171 1170 1168 1166 1164 1161 1159 1157 1154 1151 1148 1144 1142 1137 1134 1131 1126 1122 1118 1113 1107 1102 1098 1091 1084 1081 1079 1077 1075 1074 1010 1008 1006
984 985 987 988 989 990 992 992 992 993 994 995 996 998 999 999 1000 1001 1002 1003 1004 1004 1004 1006 1007 1009 1009 1009 1073 1075 1076 1076 1076 1077 1084 1090 1093 1098 1102 1106 1109 1113 1116 1118 1119 1120 1122 1123 1123 1122 1122 1122 1122 1182 1182 1180 1180 1178 1176 1175 1174 1173 1171 1169 1166 1163 1161 1159 1156 1154 1151 1147 1145 1141 1138 1135 1130 1126 1122 1117 1112 1109 1103 1097 1091 1083 1082 1079 1077 1077 1075 1010 1008 1006
986 987 987 988 989 991 992 992 993 994 994 996 997 998 999 1000 1001 1002 1002 1003 1004 1005 1006 1006 1008 1009 1010 1009 1074 1075 1076 1077 1076 1078 1083 1089 1093 1098 1102 1107 1110 1114 1115 1119 1120 1122 1122 1124 1123 1124 1123 1123 1122 1122 1181 1180 1179 1177 1177 1176 1174 1172 1170 1169 1166 1163 1162 1160 1156 1154 1151 1147 1145 1143 1138 1135 1130 1125 1121 1117 1112 1108 1103 1096 1090 1084 1082 1082 1078 1077 1076 1010 1009 1006
986 987 988 989 990 991 992 992 993 994 996 996 998 998 999 1001 1002 1002 1002 1003 1004 1006 1007 1007 1008 1009 1010 1012 1074 1075 1076 1077 1078 1078 1083 1089 1093 1098 1102 1107 1110 1113 1117 1119 1121 1123 1124 1123 1123 1123 1123 1123 1122 1122 1122 1179 1178 1179 1177 1175 1174 1173 1169 1168 1168 1164 1161 1159 1155 1153 1151 1149 1145 1142 1139 1134 1131 1125 1122 1118 1111 1107 1102 1095 1089 1085 1083 1082 1079 1077 1076 1010 1009 1008
986 988 988 990 991 991 992 993 993 995 996 997 998 998 1000 1001 1002 1003 1003 1003 1005 1006 1007 1008 1008 1009 1011 1012 1012 1076 1076 1078 1078 1079 1083 1088 1093 1098 1103 1106 1110 1113 1116 1119 1123 1122 1123 1124 1123 1123 1124 1124 1122 1121 1121 1118 1118 1178 1177 1174 1173 1172 1169 1168 1167 1164 1161 1159 1157 1153 1151 1149 1144 1141 1138 1133 1130 1127 1121 1117 1112 1106 1101 1095 1090 1086 1084 1082 1080 1077 1013 1011 1010 1009
986 988 988 990 991 992 993 993 994 995 996 997 999 1000 1000 1001 1002 1003 1004 1005 1005 1006 1007 1008 1009 1010 1011 1012 1012 1076 1078 1078 1079 1079 1083 1087 1094 1097 1102 1106 1109 1112 1116 1120 1121 1122 1122 1123 1124 1123 1123 1123 1121 1121 1120 1120 1117 1117 1177 1175 1173 1173 1170 1168 1166 1165 1161 1158 1157 1154 1151 1148 1144 1141 1138 1135 1130 1126 1121 1116 1112 1106 1102 1095 1090 1086 1084 1082 1080 1078 1014 1012 1010 1009
987 988 989 990 991 992 993 995 994 995 996 997 998 1001 1001 1001 1002 1003 1005 1005 1006 1006 1007 1008 1010 1011 1012 1012 1012 1077 1078 1079 1079 1079 1081 1087 1092 1097 1101 1105 1109 1112 1115 1118 1120 1120 1121 1123 1124 1122 1122 1122 1120 1120 1120 1119 1118 1116 1115 1174 1174 1172 1171 1168 1166 1163 1160 1158 1156 1153 1151 1147 1144 1141 1138 1134 1130 1125 1120 1116 1111 1107 1101 1094 1089 1086 1084 1083 1080 1079 1015 1012 1011 1009
987 989 990 990 991 992 994 995 995 996 996 997 999 1001 1001 1002 1002 1004 1005 1005 1006 1007 1007 1009 1009 1011 1012 1013 1013 1077 1078 1079 1080 1079 1081 1086 1092 1095 1099 1104 1109 1111 1114 1116 1118 1119 1121 1122 1122 1122 1121 1121 1121 1121 1119 1119 1117 1116 1115 1114 1174 1171 1170 1168 1165 1164 1161 1159 1156 1153 1150 1147 1144 1141 1137 1133 1129 1124 1120 1117 1111 1106 1101 1094 1088 1087 1084 1083 1082 1079 1015 1013 1011 1010
988 989 989 991 991 993 994 995 995 996 997 998 999 1000 1000 1002 1004 1005 1005 1005 1006 1007 1009 1009 1009 1010 1011 1013 1014 1077 1078 1079 1080 1081 1081 1086 1091 1095 1099 1104 1107 1110 1113 1115 1117 1119 1121 1120 1121 1121 1121 1121 1121 1120 1120 1118 1117 1117 1116 1113 1111 1171 1169 1166 1166 1164 1160 1158 1156 1152 1150 1148 1144 1141 1137 1132 1128 1125 1120 1116 1112 1105 1100 1095 1088 1088 1084 1083 1082 1079 1015 1014 1011 1011
988 989 989 990 991 994 994 995 995 996 998 999 1000 1000 1000 1002 1003 1005 1006 1005 1006 1008 1009 1010 1010 1010 1012 1013 1014 1077 1077 1078 1080 1080 1081 1084 1089 1093 1099 1102 1106 1108 1112 1114 1116 1117 1119 1120 1120 1119 1121 1121 1120 1118 1118 1118 1116 1115 1114 1112 1110 1109 1108 1167 1165 1163 1160 1158 1156 1153 1150 1148 1143 1139 1136 1132 1129 1125 1120 1115 1111 1105 1099 1094 1088 1087 1085 1083 1082 1080 1015 1014 1012 1011
988 989 990 990 992 993 995 995 996 997 998 999 1000 1001 1001 1002 1003 1004 1005 1005 1006 1008 1009 1010 1010 1012 1012 1013 1014 1014 1078 1079 1080 1080 1081 1084 1088 1092 1097 1101 1104 1106 1110 1113 1115 1115 1117 1118 1119 1119 1119 1119 1120 1118 1117 1118 1116 1115 1114 1113 1110 1110 1108 1106 1164 1163 1160 1157 1155 1152 1148 1146 1142 1138 1135 1132 1128 1124 1119 1114 1110 1104 1099 1093 1089 1087 1085 1084 1082 1017 1016 1015 1013 1011
989 989 990 991 992 993 994 995 997 997 998 999 1000 1001 1002 1002 1003 1004 1005 1006 1007 1007 1008 1009 1009 1011 1012 1012 1013 1013 1078 1079 1079 1079 1080 1082 1088 1091 1095 1099 1104 1104 1109 1112 1114 1115 1116 1116 1119 1118 1118 1118 1118 1117 1117 1116 1115 1113 1112 1111 1110 1108 1107 1104 1102 1161 1158 1157 1154 1151 1149 1145 1142 1139 1136 1132 1128 1123 1119 1114 1108 1103 1098 1092 1089 1088 1085 1084 1083 1018 1017 1015 1013 1011
989 990 992 991 992 993 994 996 997 997 997 998 999 1002 1002 1003 1004 1004 1006 1006 1007 1008 1008 1009 1010 1011 1012 1013 1013 1014 1078 1079 1080 1079 1080 1081 1086 1090 1094 1098 1102 1105 1106 1110 1112 1113 1113 1116 1117 1116 1118 1117 1117 1116 1116 1116 1114 1113 1112 1112 1110 1108 1106 1104 1102 1101 1159 1157 1154 1150 1148 1146 1142 1139 1136 1131 1126 1123 1117 1114 1109 1102 1097 1092 1089 1088 1085 1085 1084 1018 1017 1015 1012 1011
