testData/tiles/oneDegreeCosts/grid22.0-47.0-23.0-48.0.asc
ncols   200
nrows   200
xllcorner   22.0
yllcorner   47.0
cellsize   0.005
NODATA_value   -9999.0
[rows 63 to 125 of 200, columns 96 to 191 of 200]
0 0 0 0 0 0 0 0 0 0 0 0 0 0 0 0 0 0 0 0 0 0 0 0 0 0 0 0 0 0 0 0 0 64 64 64 64 64 68 73 78 83 88 92 96 100 103 107 110 114 117 120 123 126 129 131 134 137 159 170 179 186 194 200 206 211 216 221 225 230 234 238 242 246 249 253 255 259 262 265 267 270 272 275 277 279 282 283 286 287 288 290 292 293 295 296
0 0 0 0 0 0 0 0 0 0 0 0 0 0 0 0 0 0 0 0 0 0 0 0 0 0 0 0 0 0 0 0 0 64 64 64 64 64 68 73 78 83 87 92 96 100 103 107 110 114 117 120 123 126 128 131 134 136 158 169 179 186 194 200 206 211 216 221 225 230 234 238 242 245 249 253 255 258 262 265 267 270 272 275 277 279 282 283 285 287 288 290 292 293 295 296
0 0 0 0 0 0 0 0 0 0 0 0 0 0 0 0 0 0 0 0 0 0 0 0 0 0 0 0 0 0 0 0 0 64 64 64 64 64 67 73 78 83 87 92 96 99 103 107 110 113 117 120 123 126 128 131 134 136 158 169 179 186 193 200 205 211 216 221 225 229 234 238 242 245 249 253 255 258 262 264 267 270 272 275 276 279 282 283 284 287 288 290 292 293 295 296
0 0 0 0 0 0 0 0 0 0 0 0 0 0 0 0 0 0 0 0 0 0 0 0 0 0 0 0 0 0 0 0 0 64 64 64 64 64 67 73 78 83 87 91 96 99 103 107 110 113 117 120 123 125 128 131 134 136 158 169 179 186 193 200 205 211 216 220 225 229 234 238 242 245 249 253 255 258 262 264 267 270 272 274 276 279 280 283 284 287 288 290 291 293 295 296
0 0 0 0 0 0 0 0 0 0 0 0 0 0 0 0 0 0 0 0 0 0 0 0 0 0 0 0 0 0 0 0 0 64 64 64 64 64 67 73 78 83 87 91 95 99 103 107 110 113 116 120 123 125 128 131 134 136 158 169 178 186 193 200 205 211 216 220 225 229 234 238 242 245 249 252 255 258 262 264 267 270 272 274 276 279 280 283 284 287 288 290 291 293 295 296
0 0 0 0 0 0 0 0 0 0 0 0 0 0 0 0 0 0 0 0 0 0 0 0 0 0 0 0 0 0 0 0 0 64 64 64 64 64 67 72 78 82 87 91 95 99 103 106 110 113 116 119 122 125 128 131 134 136 157 169 178 186 192 200 205 211 216 220 225 229 233 238 241 245 249 251 255 258 261 264 267 270 272 274 276 279 280 283 284 287 288 290 291 292 295 295
0 0 0 0 0 0 0 0 0 0 0 0 0 0 0 0 0 0 0 0 0 0 0 0 0 0 0 0 0 0 0 0 0 64 64 64 64 64 67 72 77 82 87 91 95 99 103 106 110 113 116 119 122 125 128 131 133 136 157 168 178 186 192 198 205 210 215 220 225 229 233 237 241 245 249 251 255 258 261 264 267 270 271 274 276 279 280 283 284 287 288 289 291 292 294 295
0 0 0 0 0 0 0 0 0 0 0 0 0 0 0 0 0 0 0 0 0 0 0 0 0 0 0 0 0 0 0 0 0 64 64 64 64 64 67 72 77 82 87 91 95 99 103 106 110 113 116 119 122 125 128 131 133 136 157 168 177 185 192 198 205 210 215 220 225 229 233 237 241 245 248 251 255 258 260 263 267 269 271 274 276 279 280 283 284 287 288 289 291 292 293 295
0 0 0 0 0 0 0 0 0 0 0 0 0 0 0 0 0 0 0 0 0 0 0 0 0 0 0 0 0 0 0 0 0 64 64 64 64 64 66 72 77 82 87 91 95 99 103 106 110 113 116 119 122 125 128 131 133 136 155 168 177 185 192 198 204 210 215 220 225 229 233 237 241 245 248 251 255 258 260 263 266 268 271 274 276 279 280 283 284 287 288 289 291 292 293 295
0 0 0 0 0 0 0 0 0 0 0 0 0 0 0 0 0 0 0 0 0 0 0 0 0 0 0 0 0 0 0 0 0 64 64 64 64 64 66 72 77 82 86 91 95 99 102 106 109 113 116 119 122 125 128 130 133 136 155 168 177 185 192 198 204 210 215 220 225 229 233 237 241 245 248 251 255 258 260 263 266 268 271 273 276 279 280 283 284 285 288 289 291 292 293 295
0 0 0 0 0 0 0 0 0 0 0 0 0 0 0 0 0 0 0 0 0 0 0 0 0 0 0 0 0 0 0 0 0 64 64 64 64 64 66 72 77 82 86 91 95 99 102 106 109 113 116 119 122 125 128 130 133 136 155 168 177 184 192 198 204 209 215 220 225 229 233 237 241 244 248 251 255 258 260 263 266 268 271 273 276 277 280 282 284 285 288 289 291 292 293 295
0 0 0 0 0 0 0 0 0 0 0 0 0 0 0 0 0 0 0 0 0 0 0 0 0 0 0 0 0 0 0 0 0 64 64 64 64 64 66 71 77 81 86 90 94 98 102 106 109 112 116 119 122 125 128 130 133 136 155 167 176 184 192 198 204 209 215 220 224 229 233 237 240 244 247 251 254 257 260 263 266 268 271 273 276 277 280 282 284 285 288 289 290 292 293 294
0 0 0 0 0 0 0 0 0 0 0 0 0 0 0 0 0 0 0 0 0 0 0 0 0 0 0 0 0 0 0 0 0 64 64 64 64 64 65 71 76 81 86 90 94 98 102 106 109 112 116 119 122 125 127 130 133 135 154 166 176 184 192 198 204 209 214 220 224 229 233 236 240 244 247 251 254 257 260 263 265 268 271 273 276 277 280 281 284 285 288 289 290 292 293 294
0 0 0 0 0 0 0 0 0 0 0 0 0 0 0 0 0 0 0 0 0 0 0 0 0 0 0 0 0 0 0 0 0 64 64 64 64 64 65 71 76 81 86 90 94 98 102 105 109 112 115 118 122 124 127 130 133 135 154 166 176 184 191 198 203 209 214 219 223 228 232 236 240 244 247 251 254 257 260 263 265 268 271 273 276 277 280 281 284 285 288 289 290 292 293 294
0 0 0 0 0 0 0 0 0 0 0 0 0 0 0 0 0 0 0 0 0 0 0 0 0 0 0 0 0 0 0 0 0 64 64 64 64 64 65 71 76 81 85 90 94 98 102 105 109 112 115 118 121 124 127 130 133 135 154 166 176 184 190 198 203 209 214 219 223 228 232 236 240 244 247 251 253 257 260 263 265 268 270 273 276 277 280 281 284 285 286 289 290 292 293 294
0 0 0 0 0 0 0 0 0 0 0 0 0 0 0 0 0 0 0 0 0 0 0 0 0 0 0 0 0 0 0 0 0 64 64 64 64 64 65 70 76 81 85 90 94 98 101 105 109 112 115 118 121 124 127 130 132 135 153 166 176 183 190 197 203 209 214 218 223 227 232 236 240 244 247 251 253 257 260 263 265 268 270 273 275 277 280 281 284 285 286 289 290 292 293 294
0 0 0 0 0 0 0 0 0 0 0 0 0 0 0 0 0 0 0 0 0 0 0 0 0 0 0 0 0 0 0 0 0 64 64 64 64 64 64 70 76 80 85 89 94 98 101 105 108 112 115 118 121 124 127 130 132 135 153 165 175 183 190 196 203 208 214 218 223 227 232 236 240 243 247 250 253 257 260 262 265 268 270 273 274 277 279 281 283 285 286 289 290 291 293 294
0 0 0 0 0 0 0 0 0 0 0 0 0 0 0 0 0 0 0 0 0 0 0 0 0 0 0 0 0 0 0 0 0 64 64 64 64 64 64 70 75 80 85 89 93 97 101 105 108 112 115 118 121 124 127 130 132 135 152 165 174 183 190 196 203 208 213 218 223 227 232 236 240 243 247 250 253 256 260 262 265 268 270 273 274 277 279 281 283 285 286 289 290 291 293 294
0 0 0 0 0 0 0 0 0 0 0 0 0 0 0 0 0 0 0 0 0 0 0 0 0 0 0 0 0 0 0 0 0 64 64 64 64 64 64 70 75 80 85 89 93 97 101 105 108 111 115 118 121 124 127 129 132 135 151 165 174 183 190 196 202 208 213 218 223 227 231 236 240 243 246 250 253 256 260 262 265 268 270 273 274 277 279 281 283 285 286 288 290 291 293 294
0 0 0 0 0 0 0 0 0 0 0 0 0 0 0 0 0 0 0 0 0 0 0 0 0 0 0 0 0 0 0 0 0 64 64 64 64 64 64 69 75 80 84 89 93 97 101 104 108 111 114 118 121 124 126 129 132 135 151 165 174 182 190 196 202 207 213 218 223 227 231 235 239 243 246 249 253 256 259 262 265 267 270 272 274 277 279 281 282 285 286 287 290 291 292 294
0 0 0 0 0 0 0 0 0 0 0 0 0 0 0 0 0 0 0 0 0 0 0 0 0 0 0 0 0 0 0 0 0 64 64 64 64 64 64 69 75 80 84 89 93 97 101 104 108 111 114 117 120 123 126 129 132 134 150 164 174 182 190 196 202 207 213 218 223 227 231 235 239 242 246 249 253 256 258 262 265 267 270 271 274 277 278 281 282 284 286 287 289 291 292 294
0 0 0 0 0 0 0 0 0 0 0 0 0 0 0 0 0 0 0 0 0 0 0 0 0 0 0 0 0 0 0 0 0 64 64 64 64 64 64 69 74 79 84 88 93 97 100 104 107 111 114 117 120 123 126 129 132 134 150 163 174 182 189 196 202 207 212 217 223 227 231 234 238 242 246 249 253 255 258 262 265 267 270 271 274 276 278 280 282 284 286 287 289 291 292 294
0 0 0 0 0 0 0 0 0 0 0 0 0 0 0 0 0 0 0 0 0 0 0 0 0 0 0 0 0 0 0 0 0 64 64 64 64 64 64 69 74 79 84 88 92 96 100 104 107 111 114 117 120 123 126 129 131 134 150 163 174 181 188 196 201 207 212 217 221 226 230 234 238 242 246 249 253 255 258 262 264 267 269 271 274 276 278 280 282 284 286 287 288 290 292 293
0 0 0 0 0 0 0 0 0 0 0 0 0 0 0 0 0 0 0 0 0 0 0 0 0 0 0 0 0 0 0 0 0 0 64 64 64 64 64 68 74 79 83 88 92 96 100 104 107 110 114 117 120 123 126 129 131 134 149 163 172 181 188 196 201 207 212 217 221 226 230 234 238 242 246 249 252 255 258 261 264 266 269 271 274 276 278 280 282 284 286 287 288 290 291 292
0 0 0 0 0 0 0 0 0 0 0 0 0 0 0 0 0 0 0 0 0 0 0 0 0 0 0 0 0 0 0 0 0 0 64 64 64 64 64 68 73 78 83 88 92 96 100 103 107 110 114 117 120 123 126 128 131 134 148 163 172 181 188 194 201 207 212 217 221 226 230 234 238 242 246 249 252 255 258 261 263 266 268 271 274 276 278 280 282 284 285 287 288 290 291 292
0 0 0 0 0 0 0 0 0 0 0 0 0 0 0 0 0 0 0 0 0 0 0 0 0 0 0 0 0 0 0 0 0 0 64 64 64 64 64 68 73 78 83 87 92 96 99 103 107 110 113 117 120 123 125 128 131 134 147 162 172 181 188 194 200 207 212 217 221 226 230 234 238 242 245 248 252 255 258 260 263 266 268 271 273 276 278 280 281 283 285 287 288 290 291 292
0 0 0 0 0 0 0 0 0 0 0 0 0 0 0 0 0 0 0 0 0 0 0 0 0 0 0 0 0 0 0 0 0 0 64 64 64 64 64 67 73 78 83 87 91 95 99 103 106 110 113 116 119 122 125 128 131 133 147 162 172 180 188 194 200 206 212 216 221 226 230 234 238 242 244 248 251 255 258 260 263 266 268 271 273 275 277 280 281 283 285 287 288 289 291 292
0 0 0 0 0 0 0 0 0 0 0 0 0 0 0 0 0 0 0 0 0 0 0 0 0 0 0 0 0 0 0 0 0 0 64 64 64 64 64 67 72 78 82 87 91 95 99 103 106 110 113 116 119 122 125 128 131 133 146 161 172 180 188 194 200 205 211 216 221 225 230 234 238 241 244 248 251 255 257 260 263 265 268 271 273 275 277 279 281 283 285 287 288 289 291 292
0 0 0 0 0 0 0 0 0 0 0 0 0 0 0 0 0 0 0 0 0 0 0 0 0 0 0 0 0 0 0 0 0 0 64 64 64 64 64 67 72 77 82 87 91 95 99 102 106 109 113 116 119 122 125 128 130 133 146 161 171 179 187 194 200 205 210 215 221 225 230 234 237 241 244 248 251 255 257 260 263 265 268 271 273 275 277 279 281 283 285 286 288 289 291 292
0 0 0 0 0 0 0 0 0 0 0 0 0 0 0 0 0 0 0 0 0 0 0 0 0 0 0 0 0 0 0 0 0 0 64 64 64 64 64 66 72 77 82 86 91 95 99 102 106 109 113 116 119 122 125 127 130 133 144 160 170 179 186 194 200 205 210 215 220 224 229 233 237 240 244 248 251 254 257 260 263 265 268 270 273 275 277 279 281 282 285 286 288 289 290 292
0 0 0 0 0 0 0 0 0 0 0 0 0 0 0 0 0 0 0 0 0 0 0 0 0 0 0 0 0 0 0 0 0 0 64 64 64 64 64 66 71 77 81 86 90 94 98 102 106 109 112 115 119 122 124 127 130 133 143 160 170 179 186 193 199 205 210 215 220 224 228 233 237 240 244 248 251 253 257 260 262 265 268 270 272 274 277 278 281 282 284 286 288 289 290 292
0 0 0 0 0 0 0 0 0 0 0 0 0 0 0 0 0 0 0 0 0 0 0 0 0 0 0 0 0 0 0 0 0 0 64 64 64 64 64 65 71 76 81 86 90 94 98 102 105 109 112 115 118 121 124 127 130 132 143 160 170 179 186 192 198 205 210 215 220 224 228 232 236 240 244 248 250 253 257 260 262 265 268 270 272 274 277 278 281 282 284 286 287 289 290 291
0 0 0 0 0 0 0 0 0 0 0 0 0 0 0 0 0 0 0 0 0 0 0 0 0 0 0 0 0 0 0 0 0 0 64 64 64 64 64 65 71 76 81 85 90 94 98 101 105 108 112 115 118 121 124 127 130 132 142 159 170 178 186 192 198 205 210 215 220 224 228 232 236 240 244 246 250 253 257 259 262 265 267 270 272 274 277 278 281 282 283 286 287 289 290 291
0 0 0 0 0 0 0 0 0 0 0 0 0 0 0 0 0 0 0 0 0 0 0 0 0 0 0 0 0 0 0 0 0 0 64 64 64 64 64 65 70 76 80 85 89 94 97 101 105 108 112 115 118 121 124 127 129 132 141 158 169 178 186 192 198 204 210 215 219 224 228 232 236 240 243 246 250 253 257 259 262 265 267 270 271 274 276 278 280 282 283 285 287 289 290 291
0 0 0 0 0 0 0 0 0 0 0 0 0 0 0 0 0 0 0 0 0 0 0 0 0 0 0 0 0 0 0 0 0 0 64 64 64 64 64 64 70 75 80 85 89 93 97 101 105 108 111 115 118 121 124 126 129 132 141 158 169 177 185 192 198 204 209 214 219 224 228 232 236 239 243 246 250 253 255 259 262 264 267 269 271 274 275 278 279 282 283 285 287 288 290 291
0 0 0 0 0 0 0 0 0 0 0 0 0 0 0 0 0 0 0 0 0 0 0 0 0 0 0 0 0 0 0 0 0 0 64 64 64 64 64 64 70 75 80 84 89 93 97 101 104 108 111 114 117 120 123 126 129 132 140 158 168 177 184 191 198 203 209 214 218 223 227 231 235 239 243 246 250 253 255 259 262 264 267 269 271 274 275 278 279 282 283 284 286 288 290 291
0 0 0 0 0 0 0 0 0 0 0 0 0 0 0 0 0 0 0 0 0 0 0 0 0 0 0 0 0 0 0 0 0 0 64 64 64 64 64 64 69 74 79 84 88 93 97 100 104 107 111 114 117 120 123 126 129 131 140 157 168 177 184 191 198 203 208 213 218 223 227 231 235 239 243 246 250 252 255 258 261 264 266 268 271 274 275 278 279 281 283 284 286 288 289 291
0 0 0 0 0 0 0 0 0 0 0 0 0 0 0 0 0 0 0 0 0 0 0 0 0 0 0 0 0 0 0 0 0 0 64 64 64 64 64 64 69 74 79 84 88 92 96 100 104 107 111 114 117 120 123 126 129 131 134 156 168 176 184 191 197 203 208 213 218 222 227 231 235 239 242 246 249 252 255 258 260 263 266 268 271 273 275 277 279 281 283 284 286 287 288 290
0 0 0 0 0 0 0 0 0 0 0 0 0 0 0 0 0 0 0 0 0 0 0 0 0 0 0 0 0 0 0 0 0 0 0 64 64 64 64 64 68 74 79 83 88 92 96 100 103 107 110 114 117 120 123 126 128 131 134 156 167 176 184 191 196 202 208 213 218 222 227 231 235 239 242 245 248 252 255 257 260 263 265 268 271 273 275 277 279 281 283 284 285 287 288 289
0 0 0 0 0 0 0 0 0 0 0 0 0 0 0 0 0 0 0 0 0 0 0 0 0 0 0 0 0 0 0 0 0 0 0 64 64 64 64 64 68 73 78 83 87 92 96 99 103 107 110 113 116 119 122 125 128 131 133 155 166 176 183 190 196 202 207 213 218 222 227 231 235 239 241 245 248 252 255 257 260 263 265 268 270 273 275 277 279 280 282 284 285 287 288 289
0 0 0 0 0 0 0 0 0 0 0 0 0 0 0 0 0 0 0 0 0 0 0 0 0 0 0 0 0 0 0 0 0 0 0 64 64 64 64 64 67 73 78 83 87 91 95 99 103 106 110 113 116 119 122 125 128 131 133 155 166 175 183 189 196 202 207 212 217 221 226 231 234 237 241 245 248 252 254 257 260 262 265 268 270 272 274 277 278 280 282 284 285 286 288 289
0 0 0 0 0 0 0 0 0 0 0 0 0 0 0 0 0 0 0 0 0 0 0 0 0 0 0 0 0 0 0 0 0 0 0 64 64 64 64 64 67 72 78 82 87 91 95 99 103 106 109 113 116 119 122 125 128 130 133 155 166 175 183 189 196 202 207 212 217 221 225 230 234 237 241 245 248 251 254 257 260 262 265 268 270 272 274 276 278 280 282 284 285 286 288 289
0 0 0 0 0 0 0 0 0 0 0 0 0 0 0 0 0 0 0 0 0 0 0 0 0 0 0 0 0 0 0 0 0 0 0 64 64 64 64 64 66 72 77 82 86 91 95 99 102 106 109 112 116 119 122 125 127 130 133 153 165 174 182 189 195 202 207 212 216 221 225 229 233 237 241 245 248 251 254 257 259 262 265 267 270 272 274 276 278 280 282 283 285 286 288 289
0 0 0 0 0 0 0 0 0 0 0 0 0 0 0 0 0 0 0 0 0 0 0 0 0 0 0 0 0 0 0 0 0 0 0 64 64 64 64 64 66 72 77 81 86 90 94 98 102 105 109 112 115 118 121 124 127 130 132 153 165 174 181 189 195 200 207 212 216 221 225 229 233 237 241 245 247 250 254 257 259 262 265 267 270 271 274 275 278 279 281 283 285 286 287 289
0 0 0 0 0 0 0 0 0 0 0 0 0 0 0 0 0 0 0 0 0 0 0 0 0 0 0 0 0 0 0 0 0 0 0 64 64 64 64 64 65 71 76 81 86 90 94 98 102 105 109 112 115 118 121 124 127 130 132 153 164 174 181 189 195 200 206 211 216 221 225 229 233 237 240 243 247 250 254 256 259 262 264 267 269 271 274 275 278 279 281 283 284 286 287 289
0 0 0 0 0 0 0 0 0 0 0 0 0 0 0 0 0 0 0 0 0 0 0 0 0 0 0 0 0 0 0 0 0 0 0 64 64 64 64 64 65 71 76 81 85 90 94 98 101 105 108 112 115 118 121 124 127 129 132 152 164 173 181 187 195 200 205 210 215 220 225 228 232 236 240 243 247 250 253 256 259 262 264 267 268 271 274 275 278 279 280 283 284 286 287 288
0 0 0 0 0 0 0 0 0 0 0 0 0 0 0 0 0 0 0 0 0 0 0 0 0 0 0 0 0 0 0 0 0 0 0 64 64 64 64 64 64 70 75 80 85 89 93 97 101 104 108 111 114 118 121 123 126 129 132 151 163 172 181 187 193 200 205 210 215 220 224 228 232 236 240 243 247 250 252 256 259 261 264 267 268 271 273 275 277 279 280 283 284 286 287 288
0 0 0 0 0 0 0 0 0 0 0 0 0 0 0 0 0 0 0 0 0 0 0 0 0 0 0 0 0 0 0 0 0 0 0 64 64 64 64 64 64 70 75 80 84 89 93 97 101 104 108 111 114 117 120 123 126 129 131 151 163 172 179 187 193 199 205 210 215 219 224 228 232 236 240 243 247 249 252 256 259 261 264 265 268 271 272 275 276 279 280 282 284 285 287 288
0 0 0 0 0 0 0 0 0 0 0 0 0 0 0 0 0 0 0 0 0 0 0 0 0 0 0 0 0 0 0 0 0 0 0 64 64 64 64 64 64 69 74 79 84 88 93 96 100 104 107 111 114 117 120 123 126 128 131 150 162 172 179 187 193 199 204 210 215 219 224 228 232 236 239 243 246 249 252 255 258 261 264 265 268 270 272 275 276 278 280 281 284 285 287 288
0 0 0 0 0 0 0 0 0 0 0 0 0 0 0 0 0 0 0 0 0 0 0 0 0 0 0 0 0 0 0 0 0 0 0 64 64 64 64 64 64 69 74 79 84 88 92 96 100 103 107 110 114 117 120 123 125 128 131 150 162 172 179 186 193 199 204 209 214 219 224 228 232 236 238 242 246 249 252 254 257 261 262 265 268 270 272 274 276 278 280 281 283 285 286 288
0 0 0 0 0 0 0 0 0 0 0 0 0 0 0 0 0 0 0 0 0 0 0 0 0 0 0 0 0 0 0 0 0 0 0 0 64 64 64 64 64 68 73 78 83 88 92 96 99 103 107 110 113 116 119 122 125 128 131 148 161 170 179 186 192 198 204 209 214 218 222 227 231 235 238 242 245 249 251 254 257 260 262 265 267 270 272 274 276 278 280 281 282 284 286 286
0 0 0 0 0 0 0 0 0 0 0 0 0 0 0 0 0 0 0 0 0 0 0 0 0 0 0 0 0 0 0 0 0 0 0 0 64 64 64 64 64 68 73 78 83 87 91 95 99 103 106 110 113 116 119 122 125 128 130 148 161 170 178 186 192 197 204 209 213 218 222 227 231 234 238 242 245 248 251 254 257 259 262 265 267 270 271 274 275 278 279 281 282 284 285 286
0 0 0 0 0 0 0 0 0 0 0 0 0 0 0 0 0 0 0 0 0 0 0 0 0 0 0 0 0 0 0 0 0 0 0 0 64 64 64 64 64 67 72 78 82 87 91 95 99 102 106 109 113 116 119 122 125 127 130 147 160 170 178 185 192 197 203 209 213 218 222 226 230 234 238 242 244 248 251 254 256 259 262 264 267 269 271 274 275 277 279 281 282 283 285 286
0 0 0 0 0 0 0 0 0 0 0 0 0 0 0 0 0 0 0 0 0 0 0 0 0 0 0 0 0 0 0 0 0 0 0 0 64 64 64 64 64 66 72 77 82 86 90 95 98 102 106 109 112 115 118 121 124 127 130 146 160 169 177 184 191 197 202 207 213 218 222 226 230 234 238 241 244 248 251 254 256 259 262 264 267 268 271 274 275 277 279 280 282 283 285 286
0 0 0 0 0 0 0 0 0 0 0 0 0 0 0 0 0 0 0 0 0 0 0 0 0 0 0 0 0 0 0 0 0 0 0 0 64 64 64 64 64 66 71 77 81 86 90 94 98 102 105 109 112 115 118 121 124 127 129 145 159 169 177 184 190 197 202 207 212 217 221 225 229 233 237 241 244 247 251 253 256 259 261 264 267 268 271 272 275 276 279 280 282 283 284 286
0 0 0 0 0 0 0 0 0 0 0 0 0 0 0 0 0 0 0 0 0 0 0 0 0 0 0 0 0 0 0 0 0 0 0 0 64 64 64 64 64 65 71 76 81 85 90 94 98 101 105 108 112 115 118 121 124 126 129 145 158 168 176 184 190 196 202 207 212 217 221 225 229 233 237 240 244 247 250 253 256 259 261 264 266 268 271 272 275 276 279 280 281 283 284 286
0 0 0 0 0 0 0 0 0 0 0 0 0 0 0 0 0 0 0 0 0 0 0 0 0 0 0 0 0 0 0 0 0 0 0 0 64 64 64 64 64 65 70 75 80 85 89 93 97 101 104 108 111 114 117 120 123 126 129 144 158 168 176 183 190 196 201 207 212 216 221 225 229 233 237 240 244 246 250 253 256 258 261 264 265 268 270 272 274 276 277 280 281 283 284 285
0 0 0 0 0 0 0 0 0 0 0 0 0 0 0 0 0 0 0 0 0 0 0 0 0 0 0 0 0 0 0 0 0 0 0 0 64 64 64 64 64 64 70 75 80 84 89 93 97 100 104 107 111 114 117 120 123 126 129 143 157 167 176 183 190 195 201 206 211 216 221 225 229 233 237 239 243 246 249 253 255 258 261 263 265 268 270 272 274 276 277 280 281 282 284 285
0 0 0 0 0 0 0 0 0 0 0 0 0 0 0 0 0 0 0 0 0 0 0 0 0 0 0 0 0 0 0 0 0 0 0 0 64 64 64 64 64 64 69 74 79 84 88 92 96 100 104 107 110 114 117 120 123 125 128 142 156 167 175 182 189 195 201 206 211 215 220 224 228 232 235 239 243 246 249 252 255 258 261 263 265 267 270 271 274 275 277 279 281 282 284 285
0 0 0 0 0 0 0 0 0 0 0 0 0 0 0 0 0 0 0 0 0 0 0 0 0 0 0 0 0 0 0 0 0 0 0 0 64 64 64 64 64 64 69 74 79 83 88 92 96 100 103 107 110 113 116 119 122 125 128 141 156 166 174 182 188 194 201 206 210 215 219 224 228 232 235 239 243 246 248 251 255 258 260 262 265 267 269 271 273 275 277 278 281 282 283 285
0 0 0 0 0 0 0 0 0 0 0 0 0 0 0 0 0 0 0 0 0 0 0 0 0 0 0 0 0 0 0 0 0 0 0 0 0 64 64 64 64 64 68 73 78 83 87 91 95 99 103 106 110 113 116 119 122 125 128 140 155 165 174 181 188 194 199 206 210 215 219 224 228 232 235 239 242 245 248 251 255 257 259 262 264 267 268 271 273 275 276 278 280 282 283 285
0 0 0 0 0 0 0 0 0 0 0 0 0 0 0 0 0 0 0 0 0 0 0 0 0 0 0 0 0 0 0 0 0 0 0 0 0 64 64 64 64 64 67 73 78 82 87 91 95 99 102 106 109 113 116 119 122 124 127 139 155 165 174 181 187 194 199 204 209 215 219 223 228 231 235 238 241 245 248 251 253 256 259 261 264 267 268 271 272 275 276 278 279 282 283 284
0 0 0 0 0 0 0 0 0 0 0 0 0 0 0 0 0 0 0 0 0 0 0 0 0 0 0 0 0 0 0 0 0 0 0 0 0 64 64 64 64 64 67 72 77 82 86 91 95 98 102 106 109 112 115 118 121 124 127 138 154 165 173 181 187 193 199 204 209 214 218 222 226 230 234 238 241 245 248 250 253 256 259 261 264 266 268 271 272 275 276 277 279 280 283 283
