testData/tiles/oneDegreeCosts/grid23.0-47.0-24.0-48.0.asc
ncols   200
nrows   200
xllcorner   23.0
yllcorner   47.0
cellsize   0.005
NODATA_value   -9999.0
[rows 42 to 83 of 200, columns 0 to 93 of 200]
304 306 306 306 306 306 306 306 305 305 304 304 303 302 301 300 299 297 295 293 290 288 285 281 277 271 265 253 243 244 244 245 246 247 247 248 249 249 250 251 251 252 252 253 254 254 255 255 256 289 289 290 290 291 291 292 292 293 293 294 294 294 295 295 296 296 296 297 297 298 298 298 299 299 299 300 300 300 301 301 301 301 302 302 302 302 303 303 303 303 303 304 304 304
304 306 306 306 306 306 306 306 305 305 304 304 303 302 301 300 299 297 295 292 290 288 285 281 277 271 264 253 243 244 244 245 246 247 247 248 249 249 250 251 251 252 253 253 254 254 255 255 288 289 289 290 290 291 291 292 292 293 293 294 294 294 295 295 296 296 296 297 297 298 298 298 299 299 299 300 300 300 301 301 301 301 302 302 302 302 303 303 303 303 303 304 304 304
304 306 306 306 306 306 306 306 305 305 304 304 303 302 301 300 299 297 295 292 290 288 285 281 277 272 264 252 243 244 244 245 246 247 247 248 249 249 250 251 251 252 253 253 254 254 255 255 288 289 289 290 290 291 291 292 292 293 293 294 294 294 295 295 296 296 297 297 297 298 298 298 299 299 299 300 300 300 301 301 301 301 302 302 302 302 303 303 303 303 303 304 304 304
304 306 306 306 306 306 306 305 305 305 304 304 303 302 301 300 298 297 295 292 290 288 285 281 277 272 264 252 243 244 244 245 246 247 247 248 249 249 250 251 251 252 253 253 254 254 255 287 288 289 289 290 290 291 291 292 292 293 293 294 294 294 295 295 296 296 297 297 297 298 298 298 299 299 299 300 300 300 301 301 301 301 302 302 302 302 303 303 303 303 303 304 304 304
304 305 306 306 306 306 306 305 305 305 304 304 303 302 301 300 298 297 295 292 290 287 285 281 277 272 264 252 243 244 244 245 246 247 247 248 249 249 250 251 251 252 253 253 254 254 287 287 288 289 289 290 290 291 291 292 292 293 293 294 294 294 295 295 296 296 297 297 297 298 298 298 299 299 299 300 300 300 301 301 301 301 302 302 302 302 303 303 303 303 303 304 304 304
304 305 306 306 306 306 306 305 305 305 304 303 303 302 301 300 298 297 295 292 290 287 284 281 277 272 264 251 243 244 244 245 246 247 247 248 249 249 250 251 251 252 253 253 254 286 287 287 288 289 289 290 290 291 291 292 292 293 293 294 294 294 295 295 296 296 297 297 297 298 298 298 299 299 299 300 300 300 301 301 301 301 302 302 302 302 303 303 303 303 303 304 304 304
304 305 306 306 306 306 306 305 305 305 304 303 303 302 301 300 298 297 295 292 290 287 284 281 277 272 264 251 243 244 244 245 246 247 247 248 249 249 250 251 251 252 253 253 254 286 287 287 288 289 289 290 290 291 291 292 292 293 293 294 294 294 295 295 296 296 297 297 297 298 298 298 299 299 299 300 300 300 301 301 301 301 302 302 302 302 303 303 303 303 303 304 304 304
304 305 306 306 306 306 306 305 305 305 304 303 303 302 301 300 298 297 295 292 290 287 284 281 277 271 263 250 243 244 244 245 246 247 247 248 249 249 250 251 251 252 253 253 286 286 287 287 288 289 289 290 290 291 291 292 292 293 293 294 294 294 295 295 296 296 297 297 297 298 298 298 299 299 299 300 300 300 301 301 301 301 302 302 302 302 303 303 303 303 303 304 304 304
304 305 305 306 306 306 305 305 305 304 304 303 303 302 301 299 298 297 295 292 290 287 284 281 277 271 263 250 243 244 244 245 246 247 247 248 249 249 250 251 251 252 253 285 286 286 287 287 288 289 289 290 290 291 291 292 292 293 293 294 294 294 295 295 296 296 297 297 297 298 298 298 299 299 299 300 300 300 301 301 301 301 302 302 302 302 303 303 303 303 303 304 304 304
304 305 305 306 306 306 305 305 305 304 304 303 303 302 301 299 298 297 295 292 290 287 284 281 276 270 263 249 243 244 244 245 246 247 247 248 249 249 250 251 251 252 285 285 286 286 287 287 288 289 289 290 290 291 291 292 292 293 293 294 294 294 295 295 296 296 296 297 297 298 298 298 299 299 299 300 300 300 301 301 301 301 302 302 302 302 303 303 303 303 303 304 304 304
304 305 305 306 306 305 305 305 305 304 304 303 302 302 301 299 298 297 295 292 290 287 284 281 276 270 263 249 243 244 244 245 246 247 247 248 249 249 250 251 251 252 284 285 286 286 287 287 288 289 289 290 290 291 291 292 292 293 293 294 294 294 295 295 296 296 296 297 297 298 298 298 299 299 299 300 300 300 301 301 301 301 302 302 302 302 303 303 303 303 303 304 304 304
304 305 305 305 305 305 305 305 305 304 304 303 302 302 300 299 298 296 295 292 289 287 284 280 276 270 263 248 243 244 244 245 246 247 247 248 249 249 250 251 251 284 284 285 286 286 287 287 288 289 289 290 290 291 291 292 292 293 293 294 294 294 295 295 296 296 296 297 297 298 298 298 299 299 299 300 300 300 301 301 301 301 302 302 302 302 303 303 303 303 303 304 304 304
304 305 305 305 305 305 305 305 305 304 304 303 302 301 300 299 298 296 295 292 289 287 284 280 276 270 262 248 243 244 244 245 246 247 247 248 249 249 250 251 283 284 284 285 286 286 287 287 288 289 289 290 290 291 291 292 292 293 293 294 294 294 295 295 296 296 296 297 297 298 298 298 299 299 299 300 300 300 301 301 301 301 302 302 302 302 303 303 303 303 303 304 304 304
304 304 305 305 305 305 305 305 305 304 304 303 302 301 300 299 298 296 295 292 289 287 284 280 276 270 262 248 243 244 244 245 246 246 247 248 249 249 250 251 283 284 284 285 286 286 287 287 288 289 289 290 290 291 291 292 292 293 293 293 294 294 295 295 296 296 296 297 297 298 298 298 299 299 299 300 300 300 300 301 301 301 302 302 302 302 303 303 303 303 303 303 304 304
304 304 305 305 305 305 305 305 305 304 304 303 302 301 300 299 298 296 294 292 289 287 284 280 276 270 262 248 243 244 244 245 246 246 247 248 249 249 250 283 283 284 284 285 286 286 287 287 288 288 289 290 290 291 291 292 292 293 293 293 294 294 295 295 296 296 296 297 297 298 298 298 299 299 299 300 300 300 300 301 301 301 302 302 302 302 302 303 303 303 303 303 304 304
304 304 305 305 305 305 305 305 305 304 304 303 302 301 300 299 298 296 293 291 289 287 284 280 276 269 262 248 243 244 244 245 246 246 247 248 249 249 282 283 283 284 284 285 286 286 287 287 288 288 289 290 290 291 291 292 292 293 293 293 294 294 295 295 296 296 296 297 297 298 298 298 299 299 299 300 300 300 300 301 301 301 302 302 302 302 302 303 303 303 303 303 304 304
304 304 305 305 305 305 305 305 304 304 304 303 302 301 300 299 298 296 293 291 289 286 283 280 276 269 262 248 243 243 244 245 246 246 247 248 249 249 282 282 283 284 284 285 286 286 287 287 288 288 289 290 290 291 291 292 292 293 293 293 294 294 295 295 296 296 296 297 297 298 298 298 299 299 299 300 300 300 300 301 301 301 302 302 302 302 302 303 303 303 303 303 304 304
304 304 305 305 305 305 305 305 304 304 303 303 302 301 300 299 298 296 293 291 289 286 283 280 275 269 261 243 243 243 244 245 246 246 247 248 248 281 282 282 283 284 284 285 286 286 287 287 288 288 289 289 290 291 291 292 292 292 293 293 294 294 295 295 296 296 296 297 297 297 298 298 299 299 299 300 300 300 300 301 301 301 301 302 302 302 302 303 303 303 303 303 304 304
304 304 304 305 305 305 305 305 304 304 303 303 302 301 300 299 297 296 293 291 289 286 283 280 275 269 261 243 243 243 244 245 246 246 247 248 280 281 282 282 283 284 284 285 286 286 287 287 288 288 289 289 290 291 291 292 292 292 293 293 294 294 295 295 296 296 296 297 297 297 298 298 299 299 299 299 300 300 300 301 301 301 301 302 302 302 302 303 303 303 303 303 304 304
303 304 304 305 305 305 305 305 304 304 303 303 302 301 300 299 297 295 293 291 289 286 283 280 274 269 261 243 243 243 244 245 246 246 247 248 280 281 282 282 283 284 284 285 286 286 287 287 288 288 289 289 290 290 291 291 292 292 293 293 294 294 295 295 296 296 296 297 297 297 298 298 298 299 299 299 300 300 300 301 301 301 301 302 302 302 302 303 303 303 303 303 304 304
303 304 304 305 305 305 305 305 304 304 303 303 302 301 300 299 297 295 293 291 289 286 283 279 274 269 261 243 243 243 244 245 246 246 247 280 280 281 282 282 283 284 284 285 285 286 287 287 288 288 289 289 290 290 291 291 292 292 293 293 294 294 295 295 295 296 296 297 297 297 298 298 298 299 299 299 300 300 300 301 301 301 301 302 302 302 302 303 303 303 303 303 303 304
303 304 304 304 305 305 305 305 304 304 303 303 302 301 300 299 297 295 293 291 289 286 283 279 274 268 261 243 243 243 244 245 246 246 279 280 280 281 282 282 283 284 284 285 285 286 287 287 288 288 289 289 290 290 291 291 292 292 293 293 294 294 295 295 295 296 296 297 297 297 298 298 298 299 299 299 300 300 300 301 301 301 301 302 302 302 302 303 303 303 303 303 303 304
303 304 304 304 305 305 305 304 304 304 303 302 302 301 300 299 296 295 293 291 289 286 283 279 274 268 260 243 243 243 244 245 246 246 279 280 280 281 282 282 283 284 284 285 285 286 287 287 288 288 289 289 290 290 291 291 292 292 293 293 294 294 295 295 295 296 296 297 297 297 298 298 298 299 299 299 300 300 300 301 301 301 301 302 302 302 302 302 303 303 303 303 303 304
303 304 304 304 304 305 305 304 304 304 303 302 302 301 300 298 296 295 293 291 288 286 283 279 274 268 260 243 243 243 244 245 245 278 279 280 280 281 282 282 283 284 284 285 285 286 287 287 288 288 289 289 290 290 291 291 292 292 293 293 294 294 295 295 295 296 296 297 297 297 298 298 298 299 299 299 300 300 300 300 301 301 301 302 302 302 302 302 303 303 303 303 303 304
303 303 304 304 304 305 305 304 304 304 303 302 302 301 300 297 296 294 293 291 288 286 283 278 274 268 260 243 243 243 244 245 277 278 279 280 280 281 282 282 283 283 284 285 285 286 287 287 288 288 289 289 290 290 291 291 292 292 293 293 294 294 295 295 295 296 296 297 297 297 298 298 298 299 299 299 300 300 300 300 301 301 301 302 302 302 302 302 303 303 303 303 303 304
303 303 304 304 304 304 305 304 304 304 303 302 302 301 299 297 296 294 293 291 288 286 283 278 273 268 260 243 243 243 244 245 277 278 279 280 280 281 282 282 283 283 284 285 285 286 286 287 288 288 289 289 290 290 291 291 292 292 293 293 294 294 294 295 295 296 296 296 297 297 298 298 298 299 299 299 300 300 300 300 301 301 301 301 302 302 302 302 303 303 303 303 303 303
303 303 304 304 304 304 303 304 304 303 303 302 301 300 298 297 296 294 293 291 288 286 282 278 273 268 259 243 243 243 244 277 277 278 279 279 280 281 281 282 283 283 284 285 285 286 286 287 288 288 289 289 290 290 291 291 292 292 293 293 294 294 294 295 295 296 296 296 297 297 298 298 298 299 299 299 300 300 300 300 301 301 301 301 302 302 302 302 303 303 303 303 303 303
303 303 303 304 304 304 303 303 303 303 303 301 300 299 298 297 296 294 292 290 288 285 281 278 273 267 259 243 243 243 276 277 277 278 279 279 280 281 281 282 283 283 284 285 285 286 286 287 288 288 289 289 290 290 291 291 292 292 293 293 294 294 294 295 295 296 296 296 297 297 297 298 298 299 299 299 299 300 300 300 301 301 301 301 302 302 302 302 302 303 303 303 303 303
303 303 303 304 304 303 303 303 303 302 302 301 300 299 298 297 296 294 292 290 288 285 281 277 273 267 259 243 243 243 276 277 277 278 279 279 280 281 281 282 283 283 284 285 285 286 286 287 287 288 289 289 290 290 291 291 292 292 293 293 293 294 294 295 295 296 296 296 297 297 297 298 298 298 299 299 299 300 300 300 301 301 301 301 302 302 302 302 302 303 303 303 303 303
303 303 303 303 303 303 303 303 303 302 302 301 300 299 298 297 296 294 292 290 288 285 281 277 273 267 258 243 243 275 276 276 277 278 279 279 280 281 281 282 283 283 284 284 285 286 286 287 287 288 288 289 290 290 291 291 292 292 292 293 293 294 294 295 295 296 296 296 297 297 297 298 298 298 299 299 299 300 300 300 301 301 301 301 302 302 302 302 302 303 303 303 303 303
303 303 303 303 303 303 303 303 303 302 302 301 300 299 298 297 296 294 292 290 288 284 281 277 273 267 258 243 274 275 276 276 277 278 279 279 280 281 281 282 283 283 284 284 285 286 286 287 287 288 288 289 290 290 291 291 292 292 292 293 293 294 294 295 295 295 296 296 297 297 297 298 298 298 299 299 299 300 300 300 300 301 301 301 301 302 302 302 302 303 303 303 303 303
303 303 303 303 303 303 303 303 303 302 302 301 300 299 298 297 296 294 292 290 288 284 281 277 273 267 258 243 274 275 276 276 277 278 278 279 280 281 281 282 283 283 284 284 285 286 286 287 287 288 288 289 289 290 290 291 291 292 292 293 293 294 294 295 295 295 296 296 297 297 297 298 298 298 299 299 299 300 300 300 300 301 301 301 301 302 302 302 302 302 303 303 303 303
303 303 303 303 303 303 303 303 302 302 301 301 300 299 298 297 295 294 292 290 288 284 281 277 272 266 258 273 274 275 276 276 277 278 278 279 280 280 281 282 282 283 284 284 285 286 286 287 287 288 288 289 289 290 290 291 291 292 292 293 293 294 294 295 295 295 296 296 297 297 297 298 298 298 299 299 299 300 300 300 300 301 301 301 301 302 302 302 302 302 303 303 303 303
302 303 303 303 303 303 303 303 302 302 301 301 300 299 298 297 295 294 292 290 287 284 281 277 272 266 258 273 274 275 275 276 277 278 278 279 280 280 281 282 282 283 284 284 285 285 286 287 287 288 288 289 289 290 290 291 291 292 292 293 293 294 294 294 295 295 296 296 296 297 297 298 298 298 299 299 299 299 300 300 300 301 301 301 301 302 302 302 302 302 303 303 303 303
302 303 303 303 303 303 303 303 302 302 301 301 300 299 298 297 295 294 292 289 286 284 280 277 272 266 288 273 274 275 275 276 277 278 278 279 280 280 281 282 282 283 284 284 285 285 286 287 287 288 288 289 289 290 290 291 291 292 292 293 293 294 294 294 295 295 296 296 296 297 297 297 298 298 298 299 299 299 300 300 300 300 301 301 301 301 302 302 302 302 303 303 303 303
302 302 303 303 303 303 303 303 302 302 301 301 300 299 298 297 295 294 292 289 286 284 280 277 272 297 288 273 274 275 275 276 277 278 278 279 280 280 281 282 282 283 284 284 285 285 286 286 287 288 288 289 289 290 290 291 291 292 292 293 293 293 294 294 295 295 296 296 296 297 297 297 298 298 298 299 299 299 300 300 300 300 301 301 301 301 302 302 302 302 302 303 303 303
301 302 302 303 303 303 303 303 302 302 301 301 300 299 298 296 295 293 291 289 286 283 280 276 272 297 287 273 274 275 275 276 277 277 278 279 280 280 281 282 282 283 283 284 285 285 286 286 287 288 288 289 289 290 290 291 291 292 292 293 293 293 294 294 295 295 295 296 296 297 297 297 298 298 298 299 299 299 300 300 300 300 301 301 301 301 302 302 302 302 302 303 303 303
301 302 302 303 303 303 303 303 302 302 301 300 300 299 298 296 295 292 291 288 286 283 280 276 304 296 287 273 274 274 275 276 277 277 278 279 279 280 281 281 282 283 283 284 285 285 286 286 287 287 288 289 289 290 290 291 291 292 292 292 293 293 294 294 295 295 295 296 296 297 297 297 298 298 298 299 299 299 299 300 300 300 301 301 301 301 302 302 302 302 302 303 303 303
301 302 302 302 303 303 303 302 302 302 301 300 300 299 298 296 295 292 290 288 286 283 280 276 302 296 287 273 274 274 275 276 277 277 278 279 279 280 281 281 282 283 283 284 285 285 286 286 287 287 288 288 289 290 290 291 291 291 292 292 293 293 294 294 295 295 295 296 296 296 297 297 298 298 298 299 299 299 299 300 300 300 300 301 301 301 301 302 302 302 302 302 303 303
301 302 302 302 302 303 303 302 302 302 301 300 300 299 297 296 294 292 290 288 286 283 280 308 302 296 286 273 274 274 275 276 277 277 278 279 279 280 281 281 282 283 283 284 284 285 286 286 287 287 288 288 289 289 290 290 291 291 292 292 293 293 294 294 294 295 295 296 296 296 297 297 297 298 298 298 299 299 299 300 300 300 300 301 301 301 301 302 302 302 302 302 303 303
301 301 302 302 302 302 302 302 302 301 301 300 299 298 296 295 294 292 290 288 286 283 312 307 302 296 286 273 273 274 275 276 276 277 278 279 279 280 281 281 282 283 283 284 284 285 286 286 287 287 288 288 289 289 290 290 291 291 292 292 293 293 294 294 294 295 295 296 296 296 297 297 297 298 298 298 299 299 299 300 300 300 300 301 301 301 301 302 302 302 302 302 302 303
301 301 302 302 302 302 301 301 301 301 301 300 298 297 296 295 294 292 290 288 286 283 312 307 302 296 285 273 273 274 275 276 276 277 278 278 279 280 281 281 282 282 283 284 284 285 285 286 287 287 288 288 289 289 290 290 291 291 292 292 293 293 294 294 294 295 295 296 296 296 297 297 297 298 298 298 299 299 299 299 300 300 300 301 301 301 301 301 302 302 302 302 302 303
