testData/tiles/oneDegreeCosts/grid5.0-39.0-6.0-40.0.asc
ncols   200
nrows   200
xllcorner   5.0
yllcorner   39.0
cellsize   0.005
NODATA_value   -9999.0
[rows 0 to 41 of 200, columns 0 to 93 of 200]
846 847 848 848 848 849 850 850 851 851 851 852 853 854 853 854 855 856 852 852 852 852 853 853 854 854 855 855 855 856 857 856 856 857 857 857 858 859 858 859 860 859 859 860 861 861 861 862 862 861 862 862 862 863 863 864 864 864 864 864 864 865 866 865 865 866 866 866 867 866 866 867 867 867 868 868 867 868 868 868 868 869 869 869 869 870 869 869 870 869 870 870 870 870
847 847 848 849 849 850 851 850 851 851 852 852 852 853 854 854 855 852 852 852 853 853 853 854 855 854 854 855 856 856 856 857 857 857 858 859 858 858 859 859 859 860 861 861 861 861 861 861 862 862 862 863 864 863 863 864 864 864 865 865 864 865 865 865 866 866 867 866 866 867 867 867 868 867 867 868 869 868 868 869 868 869 870 869 869 869 870 870 870 870 870 870 871 870
847 847 848 849 849 849 850 851 851 852 852 852 853 854 855 854 855 852 852 852 852 853 853 854 854 855 855 856 856 856 856 857 857 857 858 858 858 859 860 860 859 860 860 860 861 862 862 862 863 862 862 863 863 863 864 864 864 864 865 865 865 866 866 866 866 866 867 867 867 867 867 867 868 868 868 868 868 868 869 869 870 869 869 870 870 870 870 870 870 871 871 870 871 871
848 848 849 849 850 850 851 852 851 851 852 853 853 853 854 854 852 852 852 852 853 854 855 854 854 855 855 855 856 857 857 857 858 858 858 858 859 859 859 860 860 860 861 862 861 861 862 862 862 863 864 863 863 864 864 864 865 866 865 865 866 866 866 867 866 867 867 867 867 868 868 868 868 868 869 868 869 870 869 869 870 869 870 870 870 870 871 871 870 870 871 871 871 871
847 848 848 849 850 850 850 851 852 852 853 854 853 854 855 852 852 852 852 853 853 853 854 854 855 855 856 856 857 857 857 857 858 858 858 859 860 859 860 860 860 860 861 862 861 862 863 863 862 863 863 863 864 865 865 864 865 865 865 866 866 867 866 866 867 867 867 868 868 868 868 869 868 869 869 868 869 870 870 870 870 870 870 870 871 870 870 871 872 871 872 872 871 872
848 849 849 850 850 851 850 851 852 852 852 853 854 854 855 852 852 852 853 853 853 854 855 855 855 855 856 856 856 857 858 858 858 859 858 858 859 860 860 860 861 861 862 862 862 862 862 863 863 863 864 864 864 864 865 865 865 866 866 866 866 867 866 867 868 867 867 868 868 868 869 869 869 869 869 870 870 870 870 870 870 871 871 870 871 871 871 872 871 871 872 872 873 872
848 848 849 849 850 851 851 851 852 853 853 854 855 854 852 852 852 852 852 853 853 854 854 855 855 856 856 857 856 857 857 857 858 859 859 859 860 861 860 860 861 861 861 862 863 862 863 863 863 863 864 865 864 865 866 865 865 866 866 866 867 867 867 867 867 868 868 868 868 869 869 869 870 869 869 870 870 870 871 870 870 871 871 871 872 871 872 872 872 873 872 872 873 872
848 849 850 850 851 851 851 851 852 853 853 853 854 852 852 852 852 852 853 854 854 854 854 855 855 855 856 857 857 857 858 859 859 859 859 859 860 860 861 861 861 862 861 862 862 863 863 863 864 864 865 865 865 865 865 866 866 866 866 867 867 867 868 867 867 868 868 868 869 869 869 869 869 870 870 870 870 870 870 871 872 871 871 872 872 872 873 872 872 873 873 873 873 873
848 849 849 849 850 851 852 852 852 853 854 854 855 852 852 852 852 853 853 853 854 854 855 855 856 856 857 857 857 857 858 858 858 859 860 860 860 861 861 861 861 862 863 862 863 864 863 863 864 864 864 865 866 865 865 866 866 866 867 867 867 867 867 868 868 868 869 868 869 869 870 870 870 870 870 870 871 871 871 871 871 871 872 872 872 872 872 873 873 873 873 873 873 874
848 849 850 850 850 851 851 851 852 853 854 854 852 852 852 852 853 853 853 854 855 855 855 855 856 856 856 857 858 858 858 859 858 859 859 860 860 861 861 862 862 862 862 862 863 863 864 864 864 865 864 865 865 866 866 866 867 866 866 867 868 867 868 869 868 868 869 870 869 870 870 870 870 871 871 870 871 871 871 872 872 872 872 872 873 872 872 873 873 873 874 873 873 874
848 849 850 850 850 851 852 853 853 854 854 852 852 852 852 852 852 853 854 854 854 855 855 856 856 857 857 857 858 858 858 859 860 859 860 861 860 860 861 862 862 862 863 864 863 863 864 864 864 865 866 865 866 866 866 866 867 867 867 868 868 867 868 869 869 869 869 869 869 870 870 871 870 870 871 871 871 872 872 872 872 873 872 872 873 873 873 873 873 873 873 874 875 874
850 849 849 850 850 851 852 852 852 853 854 852 852 852 852 852 853 854 854 854 854 855 856 856 856 857 857 857 858 859 859 859 859 859 860 860 861 861 862 862 863 862 863 863 863 864 864 865 865 865 865 865 866 866 867 867 867 867 867 868 868 869 869 869 869 869 869 870 871 870 870 871 870 871 872 871 871 872 872 872 872 872 873 873 873 873 873 873 874 875 873 874 874 874
849 849 850 851 852 851 852 853 853 854 852 852 852 852 852 853 853 853 854 854 855 855 856 856 857 857 857 857 858 859 859 859 860 861 860 861 861 861 861 862 863 862 863 864 865 864 864 865 865 865 866 867 866 866 867 867 867 868 869 868 868 869 869 869 870 870 869 870 870 870 871 871 871 871 871 872 872 872 872 873 872 873 873 873 873 874 874 874 874 874 874 875 874 875
849 850 850 850 851 851 852 853 853 852 852 852 852 852 852 853 853 854 855 854 854 855 856 856 856 857 858 858 858 859 860 859 859 860 860 861 861 862 862 863 862 862 863 864 864 864 865 865 865 865 866 866 866 867 867 867 867 868 868 868 869 869 869 869 869 870 870 870 870 871 871 871 872 871 871 872 872 872 873 873 873 873 873 874 874 874 874 875 874 875 875 875 875 876
849 850 850 851 852 852 852 853 852 852 852 852 852 852 852 853 853 853 854 855 855 856 856 857 857 857 858 858 858 859 860 859 860 861 862 861 861 862 862 862 863 864 864 864 864 864 864 865 866 866 866 867 867 867 867 868 868 868 868 869 869 869 870 869 870 870 870 870 871 871 871 871 871 872 872 872 872 872 872 873 874 873 873 874 874 874 875 874 874 875 875 876 875 875
849 850 850 850 851 852 852 853 852 852 852 852 852 852 853 853 854 854 854 855 855 855 856 857 857 857 858 859 859 859 859 859 860 860 861 861 862 862 862 862 863 863 863 864 865 865 865 865 866 866 866 867 867 867 868 868 868 868 869 869 869 869 869 870 870 870 871 870 870 871 872 872 872 872 872 872 873 874 873 873 874 874 874 875 874 874 874 875 876 875 875 876 875 876
849 850 850 851 852 853 853 852 852 852 852 852 852 852 852 853 854 854 854 855 856 856 857 857 857 857 858 859 859 859 860 861 860 861 861 861 861 862 863 863 863 864 864 864 864 865 865 865 866 867 867 867 867 867 867 868 869 869 869 869 870 869 870 871 870 870 871 871 871 872 872 872 872 873 873 873 873 873 873 874 874 874 874 874 875 876 874 875 876 875 876 876 876 876
849 850 851 851 851 852 852 852 852 852 852 852 852 853 853 854 854 854 854 855 856 856 856 857 858 858 858 859 859 859 859 860 860 861 862 862 862 863 864 863 863 864 864 864 865 866 865 865 866 867 867 867 868 868 867 868 869 869 869 870 870 869 870 870 871 871 872 871 871 872 872 873 872 872 873 873 873 874 874 874 874 875 874 874 875 875 875 876 876 876 876 876 877 876
850 850 851 851 852 853 852 852 852 852 852 852 852 853 853 853 854 855 855 855 856 856 857 857 857 857 858 859 860 859 860 861 861 861 861 862 862 862 863 864 864 864 864 864 865 865 866 866 867 867 867 867 867 868 868 869 869 869 869 869 870 870 870 870 871 871 871 872 873 872 872 873 872 873 874 873 873 874 874 874 874 874 875 875 875 875 875 875 876 877 876 876 877 877
912 913 914 914 915 912 852 852 852 852 852 852 852 853 853 854 854 854 854 855 856 857 857 857 858 858 859 859 859 859 860 861 861 861 862 863 862 863 863 864 864 864 865 865 865 866 866 866 866 867 868 867 868 868 868 868 869 870 869 870 870 870 870 871 872 871 871 872 872 872 873 873 873 873 873 874 874 874 874 875 874 875 875 875 875 876 876 875 876 876 876 877 877 877
913 914 915 915 911 912 912 912 913 913 914 852 852 853 854 854 854 855 855 856 857 857 857 857 858 858 858 859 860 860 860 861 862 861 861 862 862 863 863 864 864 865 865 865 865 866 866 866 867 867 867 867 868 868 869 869 869 869 869 870 870 871 871 871 871 872 872 872 873 872 872 873 874 873 873 874 874 874 875 874 874 875 875 876 876 876 876 876 876 876 877 877 877 878
912 913 914 911 911 912 913 912 913 914 915 915 916 916 917 916 854 855 855 855 856 857 857 858 858 859 859 859 859 859 860 861 862 861 862 863 864 863 863 864 864 864 865 866 866 866 866 867 867 867 868 868 868 868 869 869 869 870 871 870 870 871 871 871 872 872 872 872 873 873 873 873 873 873 874 874 874 874 874 875 875 876 875 876 876 876 877 877 876 877 878 877 877 877
913 914 911 912 911 911 912 913 913 914 915 915 915 916 917 917 917 918 919 919 857 857 857 857 858 859 859 859 860 861 861 861 861 861 862 862 863 863 864 865 865 864 865 865 865 866 867 867 867 867 868 868 868 869 870 869 869 870 870 870 871 871 871 871 872 872 872 873 873 873 873 873 874 874 874 874 875 875 875 875 876 876 876 877 876 876 877 877 877 877 877 878 878 877
914 913 911 911 911 912 913 914 913 914 915 916 916 916 916 916 917 918 919 919 919 920 921 921 859 859 859 859 860 860 860 861 862 863 862 863 863 863 863 864 865 865 865 866 866 866 866 867 867 868 868 869 868 868 869 870 870 870 870 870 870 871 872 872 872 872 873 873 873 874 873 873 874 874 874 875 875 875 875 876 876 876 876 876 877 877 877 877 877 877 878 878 878 878
914 910 911 911 911 911 912 913 913 914 915 916 916 916 917 917 918 919 919 919 919 920 921 921 921 922 922 923 860 861 861 861 861 862 862 863 864 864 864 865 865 865 865 866 867 866 867 868 867 867 868 869 868 869 870 870 870 870 871 871 871 871 872 872 872 873 873 873 873 873 874 874 875 874 874 875 875 876 875 875 876 877 876 876 877 877 877 878 877 877 878 878 878 878
910 910 910 911 912 912 913 914 914 914 915 916 916 916 917 917 917 918 919 919 920 920 921 921 922 922 922 922 923 924 924 861 862 863 863 863 863 864 864 864 865 865 866 866 866 866 867 867 868 868 869 868 868 869 870 870 870 871 871 871 871 872 872 872 872 872 873 873 873 874 874 874 874 875 875 875 875 876 875 876 876 876 876 877 877 877 877 877 878 878 878 878 879 878
910 910 910 911 912 912 912 913 913 914 915 916 916 916 917 918 918 919 920 919 919 920 921 921 921 922 923 923 924 924 924 924 925 925 925 863 864 865 864 864 865 866 866 866 867 867 867 867 868 868 868 869 870 869 869 870 870 870 871 872 871 871 872 873 872 873 873 873 873 874 875 874 874 875 875 875 876 875 875 876 876 877 876 876 877 878 877 877 878 878 878 879 878 878
910 910 911 911 912 912 913 914 915 915 915 915 915 916 917 918 918 918 919 920 920 921 921 921 922 922 923 923 923 924 925 925 925 926 926 926 926 927 864 865 865 866 866 866 866 867 867 868 868 868 868 869 869 869 870 871 871 870 871 871 871 872 873 872 872 873 873 874 874 874 874 874 875 875 875 875 875 876 877 876 876 877 876 877 877 877 877 878 878 878 878 879 879 879
910 910 910 911 912 912 913 914 914 914 915 916 916 917 917 918 918 919 919 920 920 920 921 922 922 922 923 923 924 924 924 924 925 926 927 926 927 928 927 927 928 866 866 866 867 868 867 867 868 868 869 869 870 869 869 870 871 871 871 872 871 872 872 873 873 873 873 874 874 874 875 875 875 875 876 875 875 876 876 876 877 877 877 877 878 878 877 878 878 879 879 879 879 880
910 910 911 912 913 912 913 914 915 915 915 916 916 916 917 918 918 919 919 920 920 921 922 922 922 922 923 923 923 924 925 925 926 926 926 926 927 927 927 928 929 929 928 929 867 868 867 868 869 868 868 869 870 869 870 871 871 871 871 872 872 872 872 873 873 873 874 874 874 874 875 875 875 875 875 875 876 876 877 876 876 877 878 878 878 878 878 878 878 879 879 879 880 879
910 910 910 911 912 912 913 914 915 915 915 916 917 917 918 918 918 918 919 920 920 920 921 922 922 923 923 924 924 924 925 925 925 926 927 927 927 928 928 928 928 929 929 930 930 931 930 868 868 869 869 870 870 869 870 871 871 871 872 872 872 872 873 873 873 873 873 874 874 875 875 875 875 875 876 877 876 876 877 876 877 877 878 878 878 879 878 878 879 879 879 879 879 880
910 911 911 912 913 913 913 914 915 915 915 916 917 917 917 918 919 919 920 920 920 921 922 922 922 922 923 924 924 924 925 925 926 926 926 926 927 928 928 928 929 929 929 929 930 931 931 931 932 869 869 869 870 871 870 870 871 871 871 872 873 873 873 873 874 873 874 874 874 874 875 876 875 875 876 876 876 877 877 876 877 878 878 878 878 878 879 878 878 879 880 879 879 880
910 911 911 911 912 912 913 914 915 915 915 916 917 917 918 919 919 919 919 920 920 921 921 922 922 923 924 924 924 924 925 925 925 926 927 927 928 928 928 928 929 929 930 930 931 931 931 931 932 932 932 933 870 870 870 871 872 871 871 872 872 872 873 874 873 873 874 874 874 875 875 875 875 876 876 876 876 877 877 878 877 877 878 878 878 878 879 878 879 879 879 879 880 880
910 911 911 912 913 914 914 914 914 914 915 916 917 917 917 918 919 919 920 921 920 921 921 922 922 922 923 924 924 925 925 926 925 926 927 927 927 928 929 929 929 929 930 930 930 931 931 932 932 932 932 933 933 934 871 871 871 871 872 872 873 872 873 873 874 874 874 874 875 875 875 876 875 875 876 877 876 876 877 878 877 878 878 878 878 879 879 878 879 879 880 879 879 880
910 911 911 912 912 913 913 914 915 915 916 916 917 917 918 918 919 919 919 920 920 921 922 922 922 923 924 924 924 924 925 926 926 926 927 927 927 928 928 928 929 930 930 930 930 931 931 931 932 933 932 932 933 934 933 934 935 872 872 872 873 873 873 873 874 874 874 875 876 875 875 876 875 876 876 876 876 877 878 877 877 878 878 879 878 878 879 879 879 879 880 879 880 880
910 911 911 912 913 914 913 914 914 914 915 916 917 917 918 918 919 919 920 921 922 921 921 922 922 923 924 924 924 925 926 926 926 926 927 927 927 928 929 929 929 929 930 930 931 931 931 931 932 932 932 933 934 934 933 934 935 935 935 873 873 873 873 874 874 874 874 875 875 875 876 875 875 876 876 877 876 877 877 878 878 878 878 879 878 879 879 879 879 880 880 879 880 881
910 911 911 912 913 913 913 914 915 915 916 917 918 917 917 918 919 919 920 920 921 921 922 923 922 923 923 924 924 925 925 926 926 927 927 927 927 928 929 929 929 930 931 930 930 931 932 932 932 933 932 933 933 934 934 934 935 935 935 935 936 936 874 874 874 874 874 875 875 875 875 876 877 876 876 877 877 877 877 878 878 878 879 878 878 879 879 879 879 880 880 880 880 880
911 912 911 912 913 913 913 914 915 915 915 916 917 917 918 919 919 919 920 921 921 921 921 922 922 923 924 925 924 925 926 926 926 926 927 927 928 928 929 929 929 930 930 930 931 932 932 932 932 933 932 933 934 934 934 934 935 936 935 935 936 936 936 937 875 874 874 875 876 875 875 876 876 876 877 878 877 877 878 878 878 878 878 879 879 879 879 879 880 880 880 880 880 881
910 911 911 912 913 914 914 914 915 915 916 917 918 917 917 918 919 919 920 921 921 921 922 923 923 923 923 924 924 925 926 926 926 927 928 927 927 928 929 929 929 930 931 930 930 931 932 932 933 933 932 933 934 934 934 935 935 935 935 936 936 936 936 937 937 937 875 875 875 875 876 876 877 876 877 877 877 878 878 878 878 878 878 879 879 879 880 879 879 880 881 880 880 881
911 912 912 912 912 913 913 914 915 915 916 916 917 917 918 919 920 920 920 920 921 921 922 922 922 923 924 925 925 925 925 926 926 927 927 927 928 929 929 929 929 930 931 930 931 932 932 932 932 933 933 933 933 934 934 934 935 936 936 936 936 936 937 937 937 937 937 938 876 876 876 876 877 876 877 877 877 877 878 879 878 878 879 879 879 879 880 879 880 880 880 880 881 881
910 911 911 912 913 914 914 915 915 915 916 917 917 917 918 918 919 919 920 921 922 921 922 923 922 923 924 924 924 925 926 927 926 927 927 927 928 928 929 929 930 930 930 930 931 932 932 932 933 933 933 933 934 935 934 934 935 936 936 936 937 936 936 937 938 937 938 938 939 938 876 877 876 876 877 878 877 877 878 878 878 879 879 879 879 880 879 879 880 880 881 880 880 881
911 912 911 912 913 913 913 914 915 915 916 917 917 917 918 919 920 920 920 920 921 921 922 923 923 923 924 925 925 925 925 926 926 927 928 927 928 929 929 929 929 930 931 931 931 931 931 932 932 933 933 934 934 934 934 935 935 936 936 936 936 936 937 938 937 937 938 939 939 938 939 939 876 877 877 877 877 878 878 878 878 878 879 880 879 879 880 880 880 880 881 880 880 881
