testData/tiles/oneDegreeCosts/grid32.0-11.0-33.0-12.0.asc
ncols   200
nrows   200
xllcorner   32.0
yllcorner   11.0
cellsize   0.005
NODATA_value   -9999.0
[rows 84 to 125 of 200, columns 0 to 93 of 200]
470 470 470 470 470 470 470 469 469 469 469 469 469 469 468 468 468 469 469 469 469 468 468 468 468 468 468 468 467 467 467 467 467 467 465 465 465 465 465 465 465 465 465 465 699 698 698 698 698 698 698 697 697 697 697 697 696 696 696 696 696 695 695 695 695 694 694 694 694 693 692 692 692 692 691 691 691 691 690 690 690 690 690 689 689 689 689 687 687 687 687 839 839 839
471 470 470 470 470 470 470 470 470 469 469 469 469 469 469 469 468 468 468 468 468 468 468 467 467 467 467 467 467 466 466 466 466 466 466 465 465 465 465 465 465 465 465 465 699 699 699 698 698 698 698 698 697 697 697 697 697 696 696 696 696 696 695 695 695 694 693 693 693 693 693 692 692 692 692 691 691 691 691 690 690 690 690 689 688 688 688 687 687 687 687 839 839 839
471 471 470 470 470 470 470 470 470 470 469 469 469 469 469 469 469 469 468 468 468 468 468 468 467 467 467 467 467 467 467 466 466 466 466 466 466 465 465 465 465 465 465 465 465 699 699 699 698 698 698 698 698 697 697 697 697 697 696 696 696 695 695 694 694 694 694 693 693 693 693 693 692 692 692 692 691 691 691 691 690 689 689 689 688 688 688 688 687 687 687 840 839 839
471 471 471 471 470 470 470 470 470 470 470 470 469 469 469 469 469 469 469 468 468 468 468 468 468 468 467 467 467 467 467 467 466 466 466 466 466 466 465 465 465 465 465 465 465 699 699 699 699 698 698 698 698 698 697 696 696 696 696 695 695 695 695 695 694 694 694 694 693 693 693 693 693 692 692 692 692 691 690 690 690 689 689 689 689 688 688 688 688 687 687 687 840 838
470 470 471 471 471 471 470 470 470 470 470 470 470 470 469 469 469 469 469 469 469 468 468 468 468 468 468 467 467 467 467 467 467 467 466 466 466 466 466 465 465 465 465 465 465 464 699 699 699 698 697 697 697 697 697 696 696 696 696 696 695 695 695 695 695 694 694 694 694 693 693 693 693 693 691 691 691 691 690 690 690 690 689 689 689 689 688 688 688 688 687 687 839 839
470 470 470 470 470 470 470 470 469 469 469 469 470 470 470 469 469 469 469 469 469 469 468 468 468 468 468 468 468 467 467 467 467 467 467 466 466 466 466 465 465 464 464 464 464 464 698 698 698 698 698 697 697 697 697 697 696 696 696 696 696 695 695 695 695 695 694 694 694 694 692 692 692 692 692 691 691 691 691 690 690 690 690 689 689 689 689 687 687 687 687 687 839 839
471 470 470 470 470 470 470 470 470 469 469 469 469 469 469 469 469 468 468 468 468 468 468 468 467 467 467 467 467 467 466 466 466 466 466 466 465 465 465 465 465 465 464 464 464 464 464 698 698 698 698 698 698 697 697 697 697 697 696 696 696 696 695 695 695 695 694 693 693 693 693 692 692 692 692 692 691 691 691 691 690 690 690 690 688 688 688 688 687 687 687 687 839 839
471 471 471 470 470 470 470 470 470 470 470 469 469 469 469 469 469 469 468 468 468 468 468 468 468 467 467 467 467 467 467 466 466 466 466 466 466 465 465 465 465 465 465 464 464 464 464 699 698 698 698 698 698 698 697 697 697 697 697 696 696 696 695 694 694 694 694 694 693 693 693 693 692 692 692 692 692 691 691 691 691 689 689 689 689 688 688 688 688 687 687 687 687 839
471 471 471 471 471 470 470 470 470 470 470 470 470 469 469 469 469 469 469 469 468 468 468 468 468 468 467 467 467 467 467 467 467 466 466 466 466 466 466 465 465 465 465 465 464 464 464 464 699 699 698 698 698 698 698 697 696 696 696 696 695 695 695 695 694 694 694 694 694 693 693 693 693 692 692 692 692 692 690 690 690 690 689 689 689 689 688 688 688 688 687 687 687 839
470 471 471 471 471 471 470 470 470 470 470 470 470 470 469 469 469 469 469 469 469 468 468 468 468 468 468 468 467 467 467 467 467 467 466 466 466 466 466 466 465 465 465 465 465 464 464 464 699 699 698 697 697 697 697 697 696 696 696 696 696 695 695 695 695 694 694 694 694 694 693 693 693 693 692 691 691 691 691 690 690 690 690 689 689 689 689 688 688 688 687 686 686 839
470 470 470 470 470 470 470 470 469 469 469 470 470 470 470 470 469 469 469 469 469 469 469 468 468 468 468 468 468 467 467 467 467 467 467 466 466 466 466 466 465 464 464 464 464 464 464 464 464 698 698 698 697 697 697 697 697 696 696 696 696 696 695 695 695 695 694 694 694 694 694 692 692 692 692 691 691 691 691 690 690 690 690 690 689 689 689 689 687 687 687 686 686 686
471 471 470 470 470 470 470 470 470 470 469 469 469 469 469 469 469 468 468 468 468 468 468 468 467 467 467 467 467 467 466 466 466 466 466 466 465 465 465 465 465 465 464 464 464 464 464 464 464 698 698 698 698 697 697 697 697 697 696 696 696 696 696 695 695 695 694 693 693 693 693 693 692 692 692 692 691 691 691 691 690 690 690 690 688 688 688 688 687 687 687 687 686 686
471 471 471 470 470 470 470 470 470 470 470 469 469 469 469 469 469 469 469 468 468 468 468 468 468 467 467 467 467 467 467 467 466 466 466 466 466 466 465 465 465 465 465 464 464 464 464 464 464 464 698 698 698 698 697 697 697 697 697 696 696 696 695 695 694 694 694 694 693 693 693 693 693 692 692 692 692 691 691 691 691 689 689 689 689 688 688 688 688 687 687 687 687 686
471 471 471 471 471 470 470 470 470 470 470 470 470 469 469 469 469 469 469 469 468 468 468 468 468 468 468 467 467 467 467 467 467 466 466 466 466 466 466 465 465 465 465 465 465 464 464 464 464 464 698 698 698 698 698 697 696 696 696 696 695 695 695 695 695 694 694 694 694 693 693 693 693 693 692 692 692 692 690 690 690 690 689 689 689 689 688 688 688 688 687 687 687 686
470 470 471 471 471 471 471 470 470 470 470 470 470 470 469 469 469 469 469 469 469 468 468 468 468 468 468 468 467 467 467 467 467 467 466 466 466 466 466 466 465 465 465 465 465 465 464 464 464 463 463 697 697 697 697 697 696 696 696 696 696 695 695 695 695 695 694 694 694 694 693 693 693 693 692 691 691 691 691 690 690 690 690 689 689 689 689 688 688 688 687 686 686 686
470 470 470 470 470 470 470 470 469 469 469 469 469 470 470 470 469 469 469 469 469 469 469 468 468 468 468 468 468 467 467 467 467 467 467 466 466 466 465 465 465 464 464 464 464 464 464 463 463 463 463 698 697 697 697 697 697 696 696 696 696 696 695 695 695 695 695 694 694 694 693 692 692 692 692 691 691 691 691 691 690 690 690 690 689 689 689 688 687 687 687 687 686 686
471 471 470 470 470 470 470 470 470 470 469 469 469 469 469 469 469 468 468 468 468 468 468 468 467 467 467 467 467 467 466 466 466 466 466 466 466 465 465 465 465 465 464 464 464 464 464 464 463 463 463 463 698 697 697 697 697 697 696 696 696 696 696 695 695 694 694 694 693 693 693 693 692 692 692 692 691 691 691 691 691 690 690 690 689 688 688 688 688 687 687 687 687 686
471 471 471 470 470 470 470 470 470 470 470 469 469 469 469 469 469 469 469 468 468 468 468 468 468 467 467 467 467 467 467 467 466 466 466 466 466 466 465 465 465 465 465 464 464 464 464 464 464 463 463 463 698 698 697 697 697 697 697 696 695 695 695 695 694 694 694 694 693 693 693 693 693 692 692 692 692 691 691 691 690 689 689 689 689 689 688 688 688 687 687 687 687 686
471 471 471 471 471 470 470 470 470 470 470 470 470 469 469 469 469 469 469 469 468 468 468 468 468 468 468 467 467 467 467 467 467 466 466 466 466 466 466 465 465 465 465 465 465 464 464 464 464 464 463 463 463 698 697 696 696 696 696 696 695 695 695 695 695 694 694 694 694 693 693 693 693 693 692 692 692 691 690 690 690 690 689 689 689 689 688 688 688 688 687 687 686 686
470 470 470 470 470 471 470 470 470 470 470 470 470 470 469 469 469 469 469 469 469 468 468 468 468 468 468 468 467 467 467 467 467 467 466 466 466 466 466 466 465 465 465 465 465 465 463 463 463 463 463 463 463 697 697 697 696 696 696 696 696 695 695 695 695 695 694 694 694 694 693 693 692 692 692 691 691 691 691 690 690 690 690 689 689 689 689 688 688 687 687 686 686 686
470 470 470 470 470 470 470 470 469 469 469 469 469 469 469 469 468 468 468 468 468 468 469 468 468 468 468 468 468 466 466 466 466 466 466 465 465 465 465 465 465 464 464 464 464 464 464 463 463 463 463 463 463 463 697 697 697 696 696 696 696 696 695 695 695 695 695 694 693 693 693 692 692 692 692 692 691 691 691 691 690 690 690 690 689 688 688 688 687 687 687 687 686 686
471 470 470 470 470 470 470 470 470 469 469 469 469 469 469 469 469 468 468 468 468 468 468 468 467 467 467 467 467 467 466 466 466 466 466 466 465 465 465 465 465 465 464 464 464 464 464 464 463 463 463 463 463 463 697 697 697 697 696 696 696 696 696 694 694 694 694 693 693 693 693 693 692 692 692 692 691 691 691 691 691 690 689 689 689 688 688 688 688 687 687 687 687 686
471 471 471 470 470 470 470 470 470 470 470 469 469 469 469 469 469 469 468 468 468 468 468 468 468 467 467 467 467 467 467 466 466 466 466 466 466 465 465 465 465 465 465 464 464 464 464 464 464 463 463 463 463 463 462 697 697 696 696 695 695 695 695 695 694 694 694 694 693 693 693 693 693 692 692 692 692 691 690 690 690 689 689 689 689 689 688 688 688 687 687 687 687 685
470 471 471 471 470 470 470 470 470 470 470 470 469 469 469 469 469 469 469 469 468 468 468 468 468 468 467 467 467 467 467 467 467 466 466 466 466 466 466 465 465 465 465 465 464 464 464 464 464 464 462 462 462 462 462 696 696 696 696 696 695 695 695 695 695 694 694 694 694 693 693 693 693 693 691 691 691 691 690 690 690 690 689 689 689 689 688 688 688 688 686 686 686 686
470 470 470 470 470 470 469 469 469 469 469 469 470 470 469 469 469 469 469 469 469 468 468 468 468 468 468 467 467 467 467 467 467 467 466 466 466 466 466 465 464 464 464 464 464 463 463 463 463 463 463 462 462 462 462 462 696 696 696 696 696 695 695 695 695 695 694 694 694 694 692 692 692 692 692 691 691 691 691 690 690 690 690 689 689 689 689 687 687 687 687 686 686 686
470 470 470 470 470 470 470 469 469 469 469 469 469 469 469 468 468 468 468 468 468 468 467 467 467 467 467 467 467 466 466 466 466 466 466 465 465 465 465 465 465 464 464 464 464 464 463 463 463 463 463 463 462 462 462 462 697 696 696 696 696 696 695 695 695 694 693 693 693 693 693 692 692 692 692 691 691 691 691 691 690 690 690 689 688 688 688 688 687 687 687 687 686 686
470 470 470 470 470 470 470 470 470 469 469 469 469 469 469 469 468 468 468 468 468 468 468 467 467 467 467 467 467 467 466 466 466 466 466 466 465 465 465 465 465 465 464 464 464 464 464 463 463 463 463 463 463 462 462 462 462 697 696 695 695 695 695 694 694 694 694 693 693 693 693 693 692 692 692 692 691 691 691 691 689 689 689 689 689 688 688 688 688 687 687 687 686 686
471 471 470 470 470 470 470 470 470 470 469 469 469 469 469 469 469 469 468 468 468 468 468 468 467 467 467 467 467 467 467 466 466 466 466 466 466 465 465 465 465 465 465 464 464 464 464 464 463 463 463 463 462 462 461 461 461 461 696 695 695 695 695 694 694 694 694 694 693 693 693 693 693 692 692 691 691 690 690 690 690 689 689 689 689 688 688 688 688 687 687 686 686 685
470 470 470 469 469 469 469 469 470 470 470 469 469 469 469 469 469 469 469 468 468 468 468 468 468 468 467 467 467 467 467 467 466 466 466 466 466 466 465 465 465 465 465 464 463 463 463 463 463 462 462 462 462 462 461 461 461 461 696 695 695 695 695 695 694 694 694 694 694 693 693 692 692 691 691 691 691 691 690 690 690 690 689 689 689 689 688 687 687 687 686 686 686 686
470 470 470 470 470 469 469 469 469 469 469 469 469 468 468 468 468 468 468 468 467 467 467 467 467 467 467 466 466 466 466 466 466 465 465 465 465 465 465 464 464 464 464 464 464 463 463 463 463 463 462 462 462 462 462 461 461 461 461 696 695 695 695 695 695 694 693 693 693 693 692 692 692 692 691 691 691 691 691 690 690 690 690 689 688 688 688 687 687 687 687 686 686 686
470 470 470 470 470 470 469 469 469 469 469 469 469 469 468 468 468 468 468 468 468 467 467 467 467 467 467 467 466 466 466 466 466 466 465 465 465 465 465 465 464 464 464 464 464 464 463 463 463 463 463 462 462 462 462 462 461 461 461 696 695 694 694 694 694 694 693 693 693 693 693 692 692 692 692 691 691 691 691 690 689 689 689 688 688 688 688 688 687 687 687 686 686 686
470 470 470 470 470 470 470 470 469 469 469 469 469 469 469 468 468 468 468 468 468 468 467 467 467 467 467 467 467 466 466 466 466 466 466 465 465 465 465 465 465 464 464 464 464 464 464 463 463 463 463 463 462 461 461 461 461 460 460 460 695 695 694 694 694 694 694 693 693 693 693 692 692 692 692 692 690 690 690 690 689 689 689 689 688 688 688 688 687 687 687 686 685 685
470 469 469 469 469 469 469 470 470 469 469 469 469 469 469 469 469 468 468 468 468 468 468 468 467 467 467 467 467 467 466 466 466 466 466 466 465 465 465 465 465 465 464 464 463 463 463 463 462 462 462 462 462 461 461 461 461 461 460 460 695 695 695 694 694 694 694 694 693 693 693 692 691 691 691 691 691 690 690 690 690 689 689 689 689 688 688 688 687 686 686 686 686 685
470 470 469 469 469 469 469 469 469 469 468 468 468 468 468 468 468 468 467 467 467 467 467 467 467 466 466 466 466 466 466 465 465 465 465 465 465 464 464 464 464 464 464 463 463 463 463 463 463 462 462 462 462 462 461 461 461 461 461 460 460 695 695 695 694 694 693 693 692 692 692 692 692 691 691 691 691 690 690 690 690 690 689 689 688 688 687 687 687 687 686 686 686 686
470 470 470 470 469 469 469 469 469 469 469 469 468 468 468 468 468 468 468 467 467 467 467 467 467 467 466 466 466 466 466 466 465 465 465 465 465 465 464 464 464 464 464 464 463 463 463 463 463 462 462 462 462 462 462 461 461 461 461 461 459 459 694 694 694 693 693 693 693 692 692 692 692 692 691 691 691 691 690 690 689 689 688 688 688 688 687 687 687 687 686 686 686 686
470 470 470 470 470 469 469 469 469 469 469 469 469 468 468 468 468 468 468 468 467 467 467 467 467 467 467 466 466 466 466 466 466 465 465 465 465 465 465 464 464 464 464 464 464 463 463 463 463 463 462 462 462 461 461 461 460 460 460 460 460 459 694 694 694 693 693 693 693 693 692 692 692 692 691 691 690 690 690 689 689 689 689 688 688 688 688 687 687 687 687 685 685 685
469 469 469 469 469 469 469 469 469 469 469 469 469 469 468 468 468 468 468 468 468 467 467 467 467 467 467 467 466 466 466 466 466 466 465 465 465 465 465 465 464 464 464 464 463 463 462 462 462 462 462 461 461 461 461 461 460 460 460 460 460 459 459 694 694 694 693 693 693 693 693 691 691 691 691 690 690 690 690 689 689 689 689 689 688 688 688 687 686 686 686 686 685 685
469 469 469 469 469 469 469 469 468 468 468 468 468 468 468 467 467 467 467 467 467 467 466 466 466 466 466 466 466 465 465 465 465 465 465 464 464 464 464 464 464 463 463 463 463 463 463 462 462 462 462 462 461 461 461 461 461 460 460 460 460 460 459 459 694 694 693 692 692 692 692 691 691 691 691 691 690 690 690 690 689 689 689 689 687 687 687 687 686 686 686 686 685 685
469 469 469 469 469 469 469 469 469 468 468 468 468 468 468 468 467 467 467 467 467 467 467 466 466 466 466 466 466 466 465 465 465 465 465 465 464 464 464 464 464 464 463 463 463 463 463 463 462 462 462 462 462 461 461 461 461 461 460 460 459 459 459 459 693 693 693 693 692 692 692 692 691 691 691 691 691 690 690 690 689 688 688 688 688 687 687 687 687 686 686 686 686 685
470 470 469 469 469 469 469 469 469 469 468 468 468 468 468 468 468 468 467 467 467 467 467 467 466 466 466 466 466 466 466 465 465 465 465 465 465 464 464 464 464 464 464 463 463 463 463 463 462 462 462 462 461 461 460 460 460 460 460 459 459 459 459 459 459 693 693 693 692 692 692 692 692 691 691 690 690 689 689 689 689 689 688 688 688 688 687 687 687 687 685 685 685 685
469 469 469 468 468 468 468 468 468 468 469 468 468 468 468 468 468 468 468 467 467 467 467 467 467 467 466 466 466 466 466 466 465 465 465 465 465 465 464 464 464 463 463 463 462 462 462 462 462 461 461 461 461 461 461 460 460 460 460 460 459 459 459 459 459 693 693 693 693 692 691 691 691 691 690 690 690 690 689 689 689 689 688 688 688 688 687 686 686 686 685 685 685 685
469 469 469 469 468 468 468 468 468 468 468 468 467 467 467 467 467 467 467 467 466 466 466 466 466 466 466 465 465 465 465 465 465 464 464 464 464 464 464 463 463 463 463 463 463 462 462 462 462 462 461 461 461 461 461 460 460 460 460 460 459 459 459 459 459 458 692 692 692 692 691 691 691 691 690 690 690 690 690 689 689 689 689 687 687 687 687 686 686 686 686 685 685 685
