testData/tiles/oneDegreeCosts/grid25.0-10.0-26.0-11.0.asc
ncols   200
nrows   200
xllcorner   25.0
yllcorner   10.0
cellsize   0.005
NODATA_value   -9999.0
[rows 84 to 125 of 200, columns 0 to 93 of 200]
493 494 494 494 495 495 493 494 494 494 494 494 523 523 523 523 522 522 523 522 522 522 523 522 522 521 522 521 521 520 521 521 521 521 521 520 520 520 519 520 519 520 519 519 519 519 518 518 517 517 517 517 517 517 517 518 518 517 517 517 516 516 517 516 516 516 517 516 516 661 660 660 660 659 659 659 658 658 659 658 659 658 658 658 657 657 657 656 656 656 656 656 655 655
493 494 494 494 495 494 493 493 494 494 494 494 523 523 523 522 522 522 523 521 522 522 523 522 521 521 522 521 520 520 522 522 521 520 520 521 520 519 519 519 519 519 519 519 518 518 518 518 517 516 517 517 516 517 517 517 517 517 517 516 516 516 516 516 516 516 516 516 516 515 659 660 659 659 659 658 658 658 657 658 659 658 658 657 657 657 656 656 655 655 655 655 655 654
493 494 494 494 493 494 494 493 494 493 494 494 494 523 522 522 522 522 522 521 522 522 522 521 521 521 521 522 520 520 521 522 520 520 520 520 519 519 519 519 518 519 519 519 517 517 518 518 516 516 516 516 516 517 517 516 516 517 516 516 516 516 515 515 516 516 516 516 515 515 515 658 659 659 658 658 658 657 657 657 657 658 658 657 657 656 656 656 655 655 654 654 654 654
493 494 495 493 493 493 494 493 492 493 494 494 494 522 522 522 522 522 521 521 522 522 521 522 521 521 521 521 520 520 521 520 520 520 520 519 519 519 519 518 518 519 519 518 518 517 518 517 517 516 516 515 516 517 516 516 516 516 516 516 516 515 515 515 514 516 516 516 515 515 515 514 658 659 658 658 657 657 657 657 657 657 657 657 657 656 656 655 655 655 654 654 653 653
493 494 493 493 493 493 494 492 492 493 494 494 492 493 522 522 522 521 521 521 522 521 521 521 521 521 520 520 520 520 520 520 520 520 519 519 519 519 519 518 518 518 518 518 518 517 516 517 517 516 515 515 515 517 516 516 516 515 515 516 515 515 515 515 514 515 516 515 515 515 514 514 514 657 658 658 657 657 657 657 657 656 656 656 656 656 655 655 655 654 654 653 653 653
493 493 493 493 493 493 492 493 492 492 494 493 492 493 522 522 520 521 521 521 521 521 521 521 520 520 520 520 520 519 520 520 520 520 519 519 519 518 518 518 518 518 517 518 518 516 516 516 517 515 515 515 516 515 516 516 515 515 515 515 515 515 515 514 514 515 514 515 515 514 514 514 513 513 657 656 657 657 656 657 657 656 656 655 655 655 655 655 654 654 654 653 653 652
492 493 493 493 493 492 492 493 492 492 492 493 492 492 493 521 520 520 521 521 521 521 521 521 520 520 520 520 520 519 520 520 520 518 519 519 519 517 517 518 518 517 517 517 518 516 516 516 515 516 515 515 515 515 515 515 515 515 515 514 514 515 514 514 514 514 514 514 513 514 514 513 513 513 512 656 656 656 656 657 656 656 655 655 655 654 654 654 654 654 653 653 652 652
492 493 493 493 492 492 492 492 492 491 492 493 492 492 491 521 521 520 521 521 521 520 521 520 520 519 520 520 519 519 520 520 519 518 518 519 518 517 517 518 518 518 517 517 517 517 516 516 515 515 515 514 515 515 515 514 515 515 514 514 514 513 514 514 514 514 514 514 513 513 514 513 513 513 512 512 655 655 656 656 656 656 655 655 654 654 654 653 653 652 653 653 652 652
492 492 493 492 492 492 492 492 492 491 492 492 493 491 491 492 521 520 519 521 521 520 520 520 520 519 519 519 519 519 519 519 519 519 518 518 518 518 517 516 518 518 517 516 516 517 516 515 515 515 513 514 515 515 514 514 514 514 514 514 514 513 513 514 513 514 514 513 513 513 512 513 513 512 512 512 655 655 655 655 656 655 655 655 654 654 653 653 653 652 652 651 652 651
492 492 493 492 492 491 492 492 491 491 492 492 492 491 491 491 521 519 519 520 521 520 519 520 520 519 518 519 519 520 518 518 519 519 517 517 518 518 516 516 517 518 516 516 516 516 515 515 515 515 513 513 515 514 514 514 514 513 514 514 513 513 513 512 512 514 513 513 513 512 512 512 512 512 512 511 511 655 655 655 654 654 655 654 654 653 653 653 652 652 651 651 650 650
492 492 491 492 492 491 492 491 491 491 492 492 491 491 491 491 491 519 519 520 521 520 519 519 520 519 518 518 519 519 518 518 519 519 517 517 517 518 516 516 517 516 516 516 516 515 515 515 515 514 513 513 513 514 514 514 513 513 513 513 513 513 512 512 512 512 513 513 512 512 512 511 511 511 511 511 511 510 655 655 654 654 653 654 654 653 653 652 652 652 651 651 650 650
492 491 491 491 492 491 490 491 491 491 492 491 491 492 491 490 490 491 519 520 519 520 519 519 518 519 518 518 518 519 518 518 518 518 517 517 517 516 516 516 517 516 516 516 515 515 515 514 514 514 514 513 513 513 514 513 513 513 512 512 513 513 512 512 513 512 512 513 512 512 512 511 511 510 510 511 510 510 511 510 654 654 653 653 652 653 652 652 652 651 651 650 650 649
491 491 491 491 492 491 490 491 491 492 490 491 491 491 490 490 490 490 519 519 519 520 519 518 518 519 518 518 517 518 518 518 517 517 518 517 516 516 516 516 516 516 516 515 515 515 515 513 513 514 514 513 513 513 512 513 513 513 512 512 512 512 512 512 512 512 512 511 512 512 511 511 511 510 510 510 509 510 510 510 510 653 653 652 652 652 651 652 651 651 650 650 650 649
491 491 491 491 490 491 490 490 491 491 490 491 491 491 490 490 490 490 489 519 519 519 519 518 518 518 519 517 517 518 519 517 517 517 517 516 516 516 516 515 516 516 516 514 515 515 514 513 513 513 513 513 513 512 512 512 513 512 512 512 511 511 512 511 512 512 511 511 511 511 511 511 510 510 510 509 509 508 510 510 509 509 653 652 652 651 651 650 650 651 650 650 649 649
491 491 491 490 490 491 490 490 489 491 490 490 491 490 490 490 490 489 489 519 519 519 518 518 518 518 517 517 517 518 517 517 517 517 516 516 516 516 515 515 516 516 515 514 514 515 514 513 513 512 512 513 513 512 512 512 511 512 512 511 511 511 510 511 512 511 511 511 510 510 510 510 510 510 509 509 509 508 509 508 509 509 508 652 651 651 651 650 650 649 649 649 649 649
491 491 490 490 490 490 490 489 489 491 491 490 489 490 490 489 489 489 489 489 519 518 518 517 518 517 517 516 517 517 517 516 517 516 516 515 516 515 515 515 515 515 515 514 514 513 514 514 512 512 512 513 512 512 512 511 511 511 511 511 511 511 510 510 512 511 511 511 510 510 510 509 510 509 509 509 508 508 509 508 508 508 508 508 651 651 650 650 649 649 648 648 648 649
491 490 490 490 490 490 490 489 489 490 491 489 489 490 490 488 488 489 489 489 489 518 518 517 517 517 517 516 516 517 517 516 516 516 516 515 514 515 515 515 514 514 515 515 513 513 513 514 512 512 512 512 511 512 511 511 511 511 510 511 511 510 510 510 510 510 511 510 510 510 509 509 509 508 509 508 508 508 508 508 507 507 507 507 507 650 650 650 649 649 648 648 647 648
489 490 490 489 490 489 489 489 489 490 490 489 489 489 489 488 488 489 489 488 488 518 518 516 516 517 517 516 515 517 517 517 515 516 516 516 514 514 515 514 514 514 514 514 513 513 513 512 512 512 511 512 511 511 511 511 511 510 510 510 510 510 510 509 510 510 509 510 510 509 509 509 508 508 508 508 508 507 508 508 507 507 506 506 506 506 650 649 649 648 648 647 647 647
489 490 490 489 488 489 489 488 489 489 489 489 489 489 489 488 488 488 488 488 488 488 517 517 516 516 517 516 515 516 517 516 515 515 516 515 514 514 514 514 514 514 513 513 513 513 512 512 511 511 511 512 511 510 510 511 510 510 510 509 509 510 509 509 510 509 509 509 509 509 509 508 508 508 507 507 507 507 508 507 507 506 506 506 505 505 504 649 648 648 648 647 647 647
489 489 490 488 488 489 489 488 488 489 489 489 489 488 488 489 488 487 487 489 488 488 488 517 516 516 516 516 515 516 515 516 515 515 514 515 514 514 513 514 514 513 513 513 512 512 512 512 511 510 511 512 510 510 510 509 510 510 509 509 509 509 509 509 510 509 509 508 508 508 508 508 508 507 507 507 506 506 507 507 507 506 506 505 505 504 504 504 647 648 647 647 646 647
489 489 488 489 488 488 489 488 487 489 489 489 488 488 488 488 487 487 487 489 488 487 487 488 516 515 515 516 515 515 515 516 515 514 514 514 514 513 513 514 513 513 513 513 511 511 512 512 511 510 510 511 511 510 509 509 509 510 509 509 509 508 508 509 509 509 509 508 508 508 507 508 507 507 507 506 506 506 506 506 506 506 505 505 505 504 504 503 503 502 646 646 646 646
489 488 488 489 488 488 488 488 487 488 489 488 487 488 488 487 487 487 488 488 487 487 487 487 515 515 515 515 514 515 515 515 514 514 514 514 513 513 513 514 513 513 513 512 512 511 512 511 511 510 509 510 511 510 509 509 509 508 509 509 508 508 508 507 508 509 508 508 508 507 507 506 507 507 506 506 506 506 506 505 505 506 505 505 504 504 503 503 502 502 501 645 644 646
487 488 488 488 488 487 487 488 487 488 488 488 487 487 487 487 486 487 488 487 487 487 487 486 486 515 515 514 514 515 515 514 514 514 514 513 513 512 513 513 513 512 513 512 512 511 510 511 511 510 509 510 510 509 509 509 508 508 508 508 508 508 507 507 508 507 508 508 507 507 507 506 506 505 506 506 505 506 505 505 505 504 504 504 504 503 503 503 502 502 501 501 644 645
487 488 488 488 487 487 487 487 487 487 487 488 487 486 487 487 486 486 487 487 487 486 486 486 486 486 514 514 514 514 514 514 514 513 513 513 513 512 512 513 513 512 511 512 512 510 510 510 511 509 509 510 509 508 509 508 508 508 507 507 508 507 507 507 507 507 507 507 507 507 506 506 506 505 505 505 505 506 505 505 504 504 503 503 503 503 503 502 502 501 501 500 500 500
487 487 488 487 487 487 487 487 487 487 487 487 487 486 486 487 487 485 486 487 487 485 486 486 486 484 485 514 515 514 514 514 514 512 512 513 513 511 511 513 513 511 511 511 511 510 510 510 509 509 509 509 509 508 507 508 508 508 507 507 507 506 507 507 507 507 506 506 506 506 506 506 505 505 504 504 504 505 505 504 504 504 503 503 502 502 501 502 501 501 500 500 499 500
488 487 486 487 487 486 487 486 486 487 487 487 487 486 486 486 486 485 486 487 486 485 485 486 486 484 484 514 515 513 513 514 514 512 512 512 512 511 511 512 512 511 511 511 510 510 510 509 509 508 508 509 509 508 507 507 508 507 507 507 506 506 506 507 507 507 506 506 505 505 506 505 505 505 504 504 503 504 504 504 504 503 503 502 502 501 501 501 500 501 500 500 499 499
488 486 486 487 487 486 486 486 486 486 487 486 486 486 486 485 486 485 486 485 486 485 485 485 485 484 484 484 514 513 513 513 513 512 512 511 512 511 511 511 511 511 511 510 510 510 509 509 509 509 507 508 509 508 507 507 506 507 507 506 506 506 505 506 507 506 506 506 505 505 504 504 505 504 504 503 503 504 503 503 503 503 502 502 502 501 501 500 500 499 499 498 499 499
486 486 486 486 487 485 485 486 486 486 486 486 486 485 485 485 485 485 485 485 485 485 485 484 484 484 484 483 484 513 513 512 512 513 512 511 511 512 510 511 511 511 510 510 510 509 508 509 509 508 507 508 507 508 507 506 506 506 505 506 506 505 505 506 505 506 506 505 505 504 504 504 503 504 504 503 503 503 503 502 502 502 502 502 501 501 500 500 499 499 498 498 497 498
486 486 486 486 485 485 485 485 486 485 485 486 486 485 485 485 485 484 485 485 485 485 484 484 484 485 483 483 484 485 512 512 512 512 511 511 511 510 510 511 511 510 509 510 509 509 508 508 508 508 507 507 507 507 506 506 506 505 505 505 505 505 505 505 505 505 504 505 505 504 504 503 503 503 502 503 502 503 503 502 502 501 501 500 501 500 500 499 499 498 498 497 497 497
486 486 486 485 485 485 485 485 485 486 485 485 485 485 484 485 485 484 484 485 485 484 484 484 484 483 483 483 484 483 483 512 512 511 510 511 511 510 509 511 510 510 509 509 509 509 508 507 507 508 506 507 507 506 505 506 506 505 505 505 504 505 504 505 505 504 504 504 504 504 504 503 503 502 502 502 502 503 502 502 501 501 500 500 500 499 500 499 499 498 498 497 496 497
486 486 484 485 485 485 485 484 484 486 485 484 485 485 484 484 484 484 484 485 484 484 483 484 483 483 482 483 483 483 482 512 511 511 510 511 510 510 509 509 510 510 509 508 508 509 507 507 507 506 506 507 507 506 505 505 505 505 505 504 504 504 504 505 504 504 504 503 503 503 503 503 502 502 502 501 501 501 502 501 501 501 500 500 499 499 498 498 498 498 497 497 496 496
485 485 484 484 485 485 483 484 484 485 484 484 484 485 484 483 483 484 484 483 484 484 483 482 483 483 482 481 483 483 482 481 511 511 510 509 510 510 509 509 509 510 508 508 508 507 507 507 507 506 505 507 506 506 505 504 504 505 504 504 504 503 503 504 504 504 503 503 503 502 502 502 502 502 501 501 500 501 501 500 501 500 500 499 499 498 498 497 497 496 496 496 496 496
484 485 484 484 485 484 483 484 484 484 484 484 484 484 483 483 483 484 483 483 483 484 482 482 482 483 481 481 482 483 481 481 481 511 509 509 509 509 509 509 509 508 508 508 507 507 507 507 506 506 505 505 506 506 505 504 504 503 504 504 503 503 503 502 503 503 503 503 502 502 502 501 501 501 501 501 500 501 500 500 499 499 499 499 498 498 497 497 496 496 495 495 494 496
484 484 484 484 483 484 483 483 483 484 483 484 484 483 483 483 483 482 483 483 483 482 482 482 482 482 481 481 481 481 481 481 481 480 509 509 509 508 509 509 508 508 508 508 507 507 507 505 506 506 505 505 505 504 505 504 503 503 503 502 503 503 502 502 503 502 503 502 502 502 501 501 500 500 501 500 500 500 500 499 499 498 498 498 498 498 497 497 496 495 495 494 494 494
484 484 484 483 483 483 483 482 482 484 483 483 483 483 483 483 482 482 482 483 482 482 482 482 481 481 482 481 480 481 482 481 480 480 480 509 508 508 508 508 508 508 508 506 507 507 506 505 505 505 505 505 504 504 504 503 503 503 502 502 502 502 502 502 502 502 501 501 502 501 501 501 500 500 499 499 499 500 500 499 499 498 498 497 497 496 497 496 496 495 494 494 493 494
484 484 483 483 483 483 482 482 482 484 484 482 482 483 483 481 482 482 483 481 482 482 482 481 481 481 481 480 480 481 481 480 480 480 480 478 508 508 507 507 508 508 507 506 506 506 506 505 504 504 505 504 504 504 503 502 503 502 502 502 501 501 502 501 502 502 501 501 500 501 501 500 500 499 499 498 498 499 499 499 498 498 497 497 496 496 495 495 495 495 494 493 493 493
483 483 483 482 483 482 482 482 482 483 483 482 482 483 482 481 481 482 481 481 482 482 481 480 481 481 480 479 480 481 480 479 480 480 479 478 479 507 507 507 507 507 507 506 505 505 506 504 504 504 504 504 504 504 503 502 502 502 502 501 501 501 500 500 502 501 501 500 500 500 499 500 499 499 499 498 498 497 498 497 498 497 497 496 496 495 495 494 494 493 494 493 492 493
482 482 483 482 481 482 482 481 482 482 482 482 482 481 482 481 481 480 481 481 481 481 481 480 480 480 480 479 479 480 480 479 479 479 479 478 478 478 507 507 506 506 507 505 505 505 505 504 504 504 503 503 503 503 503 502 501 501 502 501 501 500 500 500 500 501 501 500 500 499 499 499 498 499 498 498 497 497 497 497 496 497 496 496 495 495 494 494 493 493 492 492 491 492
482 482 483 481 481 482 482 481 481 482 482 481 481 481 481 481 480 480 481 481 480 480 481 480 479 479 480 479 478 479 480 479 478 478 479 478 477 477 478 505 506 506 505 505 505 505 504 503 504 503 503 503 502 502 503 501 501 501 500 500 501 500 500 499 500 500 500 500 499 499 499 498 498 497 498 497 497 497 497 497 496 496 495 495 495 495 494 493 493 492 492 491 490 491
482 482 481 481 481 481 482 480 480 482 482 480 481 481 481 479 480 480 480 480 480 480 480 479 479 479 479 478 478 479 479 478 478 478 478 477 477 477 476 476 506 506 505 504 505 504 504 503 502 503 503 502 502 502 501 501 501 500 500 500 499 500 499 499 500 499 499 498 499 499 498 498 497 497 497 496 497 496 497 496 496 495 495 494 494 493 494 493 492 492 491 491 490 490
481 481 481 480 481 481 480 480 480 481 481 480 480 481 480 479 480 480 479 479 480 480 480 478 479 479 478 477 478 479 478 478 478 478 477 476 477 476 476 475 477 505 505 504 503 504 504 502 502 502 502 502 502 501 501 500 500 500 500 499 499 499 499 499 499 499 499 498 498 497 498 497 497 497 496 496 495 495 496 496 495 495 494 494 493 493 492 492 492 491 491 490 489 490
480 481 481 480 481 480 480 480 480 480 480 480 480 479 480 479 479 480 479 479 479 480 479 478 479 478 478 477 478 478 478 478 478 477 477 476 475 476 476 475 475 476 505 503 503 503 503 502 502 501 501 502 501 501 501 500 499 500 499 499 499 498 498 497 499 499 498 498 497 497 497 497 497 496 496 495 495 494 495 494 495 494 494 493 493 492 492 491 490 490 489 490 489 489
