testData/tiles/oneDegreeCosts/grid7.0-1.0-8.0-2.0.asc
ncols   200
nrows   200
xllcorner   7.0
yllcorner   1.0
cellsize   0.005
NODATA_value   -9999.0
[rows 43 to 85 of 200, columns 0 to 95 of 200]
193 192 190 189 188 187 186 185 184 183 182 181 180 179 178 177 176 175 174 173 172 171 170 168 167 166 165 164 163 162 161 161 161 161 161 161 161 161 161 160 160 160 160 160 160 160 160 160 160 160 160 160 160 159 159 159 159 159 159 159 159 159 159 159 159 158 158 158 158 158 158 158 158 158 158 157 157 157 157 157 157 157 157 157 157 156 156 156 156 156 156 94 94 94 93 93
193 192 190 189 188 187 186 185 184 183 182 181 180 179 178 177 176 175 174 173 172 171 170 168 167 166 165 164 163 161 161 161 161 161 161 161 161 161 161 161 160 160 160 160 160 160 160 160 160 160 160 160 160 159 159 159 159 159 159 159 159 159 159 159 159 158 158 158 158 158 158 158 158 158 158 158 157 157 157 157 157 157 157 157 157 156 156 156 156 156 156 94 94 94 93 93
193 192 191 189 188 187 186 185 184 183 182 181 180 179 178 177 176 175 174 173 172 171 170 169 167 166 164 163 162 161 161 161 161 161 161 161 161 161 161 161 160 160 160 160 160 160 160 160 160 160 160 160 160 160 159 159 159 159 159 159 159 159 159 159 159 159 158 158 158 158 158 158 158 158 158 158 157 157 157 157 157 157 157 157 157 157 156 156 156 156 156 94 94 94 93 93
193 192 191 190 188 187 186 185 184 183 182 181 180 179 178 177 176 175 174 173 172 171 169 168 166 165 164 163 162 161 161 161 161 161 161 161 161 161 161 161 160 160 160 160 160 160 160 160 160 160 160 160 160 160 159 159 159 159 159 159 159 159 159 159 159 159 158 158 158 158 158 158 158 158 158 158 157 157 157 157 157 157 157 157 157 157 156 156 156 156 156 94 94 94 94 93
193 192 191 190 189 187 186 185 184 183 182 181 180 179 178 177 176 175 173 172 171 170 169 168 167 165 164 163 162 161 161 161 161 161 161 161 161 161 161 161 161 160 160 160 160 160 160 160 160 160 160 160 160 160 159 159 159 159 159 159 159 159 159 159 159 159 158 158 158 158 158 158 158 158 158 158 158 157 157 157 157 157 157 157 157 157 156 156 156 156 156 94 94 94 94 93
193 192 191 190 189 187 186 185 184 183 182 181 180 178 177 176 175 174 173 172 171 170 169 168 167 165 164 163 162 161 161 161 161 161 161 161 161 161 161 161 161 160 160 160 160 160 160 160 160 160 160 160 160 160 160 159 159 159 159 159 159 159 159 159 159 159 159 158 158 158 158 158 158 158 158 158 158 157 157 157 157 157 157 157 157 157 157 156 156 156 156 94 94 94 94 93
193 192 191 190 189 188 186 184 183 182 181 180 179 178 177 176 175 174 173 172 171 170 169 168 167 166 164 163 162 161 161 161 161 161 161 161 161 161 161 161 161 161 160 160 160 160 160 160 160 160 160 160 160 160 160 159 159 159 159 159 159 159 159 159 159 159 159 158 158 158 158 158 158 158 158 158 158 157 157 157 157 157 157 157 157 157 157 156 156 156 156 94 94 94 94 94
193 191 190 189 188 187 185 184 183 182 181 180 179 178 177 176 175 174 173 172 171 170 169 168 167 166 164 163 162 161 161 161 161 161 161 161 161 161 161 161 161 161 160 160 160 160 160 160 160 160 160 160 160 160 160 160 159 159 159 159 159 159 159 159 159 159 159 158 158 158 158 158 158 158 158 158 158 158 157 157 157 157 157 157 157 157 157 156 156 156 156 94 94 94 94 94
192 191 190 189 188 187 186 184 183 182 181 180 179 178 177 176 175 174 173 172 171 170 169 168 167 166 165 163 162 161 161 161 161 161 161 161 161 161 161 161 161 161 161 160 160 160 160 160 160 160 160 160 160 160 160 160 159 159 159 159 159 159 159 159 159 159 159 159 158 158 158 158 158 158 158 158 158 158 157 157 157 157 157 157 157 157 157 157 156 156 156 94 94 94 94 94
192 191 190 189 188 187 186 185 183 182 181 180 179 178 177 176 175 174 173 172 171 170 169 168 167 166 165 163 162 161 161 161 161 161 161 161 161 161 161 161 161 161 161 160 160 160 160 160 160 160 160 160 160 160 160 160 159 159 159 159 159 159 159 159 159 159 159 159 158 158 158 158 158 158 158 158 158 158 157 157 157 157 157 157 157 157 157 157 156 156 156 94 94 94 94 94
192 191 190 189 188 187 186 185 183 182 181 180 179 178 177 176 175 174 173 172 171 170 169 168 167 166 165 164 162 161 161 161 161 161 161 161 161 161 161 161 161 161 161 160 160 160 160 160 160 160 160 160 160 160 160 160 160 159 159 159 159 159 159 159 159 159 159 159 158 158 158 158 158 158 158 158 158 158 158 157 157 157 157 157 157 157 157 157 156 156 156 94 94 94 94 94
192 191 190 189 188 187 186 185 184 182 181 180 179 178 177 176 175 174 173 172 171 170 169 168 167 166 165 164 162 161 161 161 161 161 161 161 161 161 161 161 161 161 161 161 160 160 160 160 160 160 160 160 160 160 160 160 160 159 159 159 159 159 159 159 159 159 159 159 159 158 158 158 158 158 158 158 158 158 158 157 157 157 157 157 157 157 157 157 156 156 94 94 94 94 94 94
192 191 190 189 188 187 186 185 184 182 181 180 179 178 177 176 175 174 173 172 171 170 169 168 167 166 164 163 162 161 161 161 161 161 161 161 161 161 161 161 161 161 161 161 160 160 160 160 160 160 160 160 160 160 160 160 160 159 159 159 159 159 159 159 159 159 159 159 159 158 158 158 158 158 158 158 158 158 158 157 157 157 157 157 157 157 157 157 157 156 94 94 94 94 94 94
192 191 190 189 188 187 186 185 184 183 181 180 179 178 177 176 175 173 172 171 170 169 168 167 166 165 164 163 162 161 161 161 161 161 161 161 161 161 161 161 161 161 161 161 161 160 160 160 160 160 160 160 160 160 160 160 160 160 159 159 159 159 159 159 159 159 159 159 159 158 158 158 158 158 158 158 158 158 158 158 157 157 157 157 157 157 157 157 157 156 94 94 94 94 94 94
192 191 190 189 188 187 186 184 183 182 181 179 178 177 176 175 174 173 172 171 170 169 168 167 166 165 164 163 162 162 161 161 161 161 161 161 161 161 161 161 161 161 161 161 161 160 160 160 160 160 160 160 160 160 160 160 160 160 159 159 159 159 159 159 159 159 159 159 159 159 158 158 158 158 158 158 158 158 158 158 157 157 157 157 157 157 157 157 157 156 94 94 94 94 94 94
191 190 189 188 187 186 185 184 183 182 181 179 178 177 176 175 174 173 172 171 170 169 168 167 166 165 164 163 162 162 161 161 161 161 161 161 161 161 161 161 161 161 161 161 161 160 160 160 160 160 160 160 160 160 160 160 160 160 159 159 159 159 159 159 159 159 159 159 159 159 158 158 158 158 158 158 158 158 158 158 157 157 157 157 157 157 157 157 157 156 94 94 94 94 94 94
191 190 189 188 187 186 185 184 183 182 181 180 178 177 176 175 174 173 172 171 170 169 168 167 166 165 164 163 162 162 161 161 161 161 161 161 161 161 161 161 161 161 161 161 161 161 160 160 160 160 160 160 160 160 160 160 160 160 160 159 159 159 159 159 159 159 159 159 159 159 158 158 158 158 158 158 158 158 158 158 157 157 157 157 157 157 157 157 157 157 94 94 94 94 94 94
191 190 189 188 187 186 185 184 183 182 181 180 178 177 176 175 174 173 172 171 170 169 168 167 166 165 164 163 162 162 162 161 161 161 161 161 161 161 161 161 161 161 161 161 161 161 160 160 160 160 160 160 160 160 160 160 160 160 160 159 159 159 159 159 159 159 159 159 159 159 159 158 158 158 158 158 158 158 158 158 158 157 157 157 157 157 157 157 157 157 94 94 94 94 94 94
191 190 189 188 187 186 185 184 183 182 181 180 179 177 176 175 174 173 172 171 170 169 168 167 166 165 164 163 162 162 162 161 161 161 161 161 161 161 161 161 161 161 161 161 161 161 160 160 160 160 160 160 160 160 160 160 160 160 160 159 159 159 159 159 159 159 159 159 159 159 159 158 158 158 158 158 158 158 158 158 158 157 157 157 157 157 157 157 157 157 94 94 94 94 94 94
191 190 189 188 187 186 185 184 183 182 181 180 179 177 176 175 174 173 172 171 170 169 168 167 166 165 164 162 162 162 162 162 161 161 161 161 161 161 161 161 161 161 161 161 161 161 161 160 160 160 160 160 160 160 160 160 160 160 160 160 159 159 159 159 159 159 159 159 159 159 159 158 158 158 158 158 158 158 158 158 158 157 157 157 157 157 157 157 157 157 95 94 94 94 94 94
191 190 189 188 187 186 185 183 182 181 180 179 178 177 175 174 173 172 171 170 169 168 167 166 165 164 163 162 162 162 162 162 161 161 161 161 161 161 161 161 161 161 161 161 161 161 161 160 160 160 160 160 160 160 160 160 160 160 160 160 159 159 159 159 159 159 159 159 159 159 159 158 158 158 158 158 158 158 158 158 158 158 157 157 157 157 157 157 157 157 95 94 94 94 94 94
190 189 188 187 186 185 184 183 182 181 180 179 178 177 175 174 173 172 171 170 169 168 167 166 165 164 163 162 162 162 162 162 162 161 161 161 161 161 161 161 161 161 161 161 161 161 161 161 160 160 160 160 160 160 160 160 160 160 160 160 159 159 159 159 159 159 159 159 159 159 159 159 158 158 158 158 158 158 158 158 158 158 157 157 157 157 157 157 157 95 95 94 94 94 94 94
190 189 188 187 186 185 184 183 182 181 180 179 178 177 176 174 173 172 171 170 169 168 167 166 165 164 163 162 162 162 162 162 162 161 161 161 161 161 161 161 161 161 161 161 161 161 161 161 160 160 160 160 160 160 160 160 160 160 160 160 160 159 159 159 159 159 159 159 159 159 159 159 158 158 158 158 158 158 158 158 158 158 157 157 157 157 157 157 157 95 95 94 94 94 94 94
190 189 188 187 186 185 184 183 182 181 180 179 178 177 176 174 173 172 171 170 169 168 167 166 165 164 163 162 162 162 162 162 162 161 161 161 161 161 161 161 161 161 161 161 161 161 161 161 160 160 160 160 160 160 160 160 160 160 160 160 160 159 159 159 159 159 159 159 159 159 159 159 158 158 158 158 158 158 158 158 158 158 157 157 157 157 157 157 157 95 95 95 94 94 94 94
190 189 188 187 186 185 184 183 182 181 180 179 178 177 176 175 173 172 171 170 169 168 167 166 165 164 163 162 162 162 162 162 162 162 161 161 161 161 161 161 161 161 161 161 161 161 161 161 161 160 160 160 160 160 160 160 160 160 160 160 160 159 159 159 159 159 159 159 159 159 159 159 159 158 158 158 158 158 158 158 158 158 158 157 157 157 157 157 157 95 95 95 94 94 94 94
190 189 188 187 186 185 184 183 182 181 180 179 178 177 176 174 172 171 170 169 168 167 166 165 164 163 162 162 162 162 162 162 162 162 161 161 161 161 161 161 161 161 161 161 161 161 161 161 161 160 160 160 160 160 160 160 160 160 160 160 160 160 159 159 159 159 159 159 159 159 159 159 159 158 158 158 158 158 158 158 158 158 158 157 157 157 157 157 157 95 95 95 94 94 94 94
189 188 187 186 185 184 183 182 181 180 179 178 177 176 175 174 173 171 170 169 168 167 166 165 164 163 162 162 162 162 162 162 162 162 161 161 161 161 161 161 161 161 161 161 161 161 161 161 161 160 160 160 160 160 160 160 160 160 160 160 160 160 159 159 159 159 159 159 159 159 159 159 159 158 158 158 158 158 158 158 158 158 158 157 157 157 157 157 157 95 95 95 94 94 94 94
189 188 187 186 185 184 183 182 181 180 179 178 177 176 175 174 173 171 170 169 168 167 166 165 164 163 162 162 162 162 162 162 162 162 162 161 161 161 161 161 161 161 161 161 161 161 161 161 161 161 160 160 160 160 160 160 160 160 160 160 160 160 159 159 159 159 159 159 159 159 159 159 159 158 158 158 158 158 158 158 158 158 158 157 157 157 157 157 157 95 95 95 95 94 94 94
189 188 187 186 185 184 183 182 181 180 179 178 177 176 175 174 173 172 170 169 168 167 166 165 164 163 162 162 162 162 162 162 162 162 162 161 161 161 161 161 161 161 161 161 161 161 161 161 161 161 160 160 160 160 160 160 160 160 160 160 160 160 159 159 159 159 159 159 159 159 159 159 159 159 158 158 158 158 158 158 158 158 158 158 157 157 157 157 95 95 95 95 95 94 94 94
189 188 187 186 185 184 183 182 181 180 179 178 177 176 175 174 173 172 170 169 168 167 166 165 164 163 162 162 162 162 162 162 162 162 162 162 161 161 161 161 161 161 161 161 161 161 161 161 161 161 160 160 160 160 160 160 160 160 160 160 160 160 160 159 159 159 159 159 159 159 159 159 159 159 158 158 158 158 158 158 158 158 158 158 157 157 157 157 95 95 95 95 95 94 94 94
188 187 186 185 184 183 182 181 180 179 178 177 176 175 174 173 172 171 169 168 167 166 165 164 163 162 162 162 162 162 162 162 162 162 162 162 161 161 161 161 161 161 161 161 161 161 161 161 161 161 160 160 160 160 160 160 160 160 160 160 160 160 160 159 159 159 159 159 159 159 159 159 159 159 158 158 158 158 158 158 158 158 158 158 157 157 157 157 95 95 95 95 95 94 94 94
188 187 186 185 184 183 182 181 180 179 178 177 176 175 174 173 172 171 170 168 167 166 165 164 163 162 162 162 162 162 162 162 162 162 162 162 161 161 161 161 161 161 161 161 161 161 161 161 161 161 161 160 160 160 160 160 160 160 160 160 160 160 160 159 159 159 159 159 159 159 159 159 159 159 158 158 158 158 158 158 158 158 158 158 157 157 157 157 95 95 95 95 95 94 94 94
188 187 186 185 184 183 182 181 180 179 178 177 176 175 174 173 172 171 170 168 167 166 165 164 163 162 162 162 162 162 162 162 162 162 162 162 162 161 161 161 161 161 161 161 161 161 161 161 161 161 161 160 160 160 160 160 160 160 160 160 160 160 160 160 159 159 159 159 159 159 159 159 159 159 159 158 158 158 158 158 158 158 158 158 158 157 157 157 95 95 95 95 95 95 94 94
188 187 186 185 184 183 182 181 180 179 178 177 176 175 174 173 172 171 170 169 167 166 165 164 163 162 162 162 162 162 162 162 162 162 162 162 162 161 161 161 161 161 161 161 161 161 161 161 161 161 161 160 160 160 160 160 160 160 160 160 160 160 160 160 159 159 159 159 159 159 159 159 159 159 159 158 158 158 158 158 158 158 158 158 158 157 157 157 95 95 95 95 95 95 94 94
187 186 185 184 183 182 181 180 179 178 177 176 175 174 173 172 171 170 170 169 167 166 165 164 163 162 162 162 162 162 162 162 162 162 162 162 162 161 161 161 161 161 161 161 161 161 161 161 161 161 161 161 160 160 160 160 160 160 160 160 160 160 160 160 159 159 159 159 159 159 159 159 159 159 159 158 158 158 158 158 158 158 158 158 158 157 157 95 95 95 95 95 95 95 94 94
187 186 185 184 183 182 181 180 179 178 177 176 175 174 173 172 171 170 169 168 166 165 164 163 162 162 162 162 162 162 162 162 162 162 162 162 162 162 161 161 161 161 161 161 161 161 161 161 161 161 161 161 160 160 160 160 160 160 160 160 160 160 160 160 159 159 159 159 159 159 159 159 159 159 159 158 158 158 158 158 158 158 158 158 158 157 157 95 95 95 95 95 95 95 94 94
187 186 185 184 183 182 181 180 179 178 177 176 175 174 173 172 171 170 169 168 167 165 164 163 162 162 162 162 162 162 162 162 162 162 162 162 162 162 161 161 161 161 161 161 161 161 161 161 161 161 161 161 160 160 160 160 160 160 160 160 160 160 160 160 160 159 159 159 159 159 159 159 159 159 159 159 158 158 158 158 158 158 158 158 158 158 157 95 95 95 95 95 95 95 95 94
187 186 185 184 183 182 181 180 179 178 177 176 175 174 173 172 171 170 169 168 167 165 164 163 162 162 162 162 162 162 162 162 162 162 162 162 162 162 161 161 161 161 161 161 161 161 161 161 161 161 161 161 161 160 160 160 160 160 160 160 160 160 160 160 160 159 159 159 159 159 159 159 159 159 159 159 158 158 158 158 158 158 158 158 158 158 157 95 95 95 95 95 95 95 95 94
186 185 184 183 182 181 180 179 178 177 176 175 174 173 172 171 170 169 168 168 167 166 164 163 162 162 162 162 162 162 162 162 162 162 162 162 162 162 162 161 161 161 161 161 161 161 161 161 161 161 161 161 161 160 160 160 160 160 160 160 160 160 160 160 160 159 159 159 159 159 159 159 159 159 159 159 158 158 158 158 158 158 158 158 158 158 157 95 95 95 95 95 95 95 95 94
186 185 184 183 182 181 180 179 178 177 176 175 174 173 172 171 170 169 168 167 166 165 163 162 162 162 162 162 162 162 162 162 162 162 162 162 162 162 162 161 161 161 161 161 161 161 161 161 161 161 161 161 161 160 160 160 160 160 160 160 160 160 160 160 160 159 159 159 159 159 159 159 159 159 159 159 158 158 158 158 158 158 158 158 158 158 95 95 95 95 95 95 95 95 95 94
187 185 184 183 182 181 180 179 178 177 176 175 174 173 172 171 170 169 168 167 166 165 163 162 162 162 162 162 162 162 162 162 162 162 162 162 162 162 162 161 161 161 161 161 161 161 161 161 161 161 161 161 161 160 160 160 160 160 160 160 160 160 160 160 160 160 159 159 159 159 159 159 159 159 159 159 159 158 158 158 158 158 158 158 158 158 95 95 95 95 95 95 95 95 95 94
186 184 183 182 181 180 179 178 178 177 176 175 174 173 172 171 170 169 168 167 166 165 164 162 162 162 162 162 162 162 162 162 162 162 162 162 162 162 162 162 161 161 161 161 161 161 161 161 161 161 161 161 161 161 160 160 160 160 160 160 160 160 160 160 160 160 159 159 159 159 159 159 159 159 159 159 159 158 158 158 158 158 158 158 158 158 96 95 95 95 95 95 95 95 95 95
186 185 183 182 181 180 179 178 177 176 175 174 173 172 171 170 169 168 167 166 165 164 163 162 162 162 162 162 162 162 162 162 162 162 162 162 162 162 162 162 161 161 161 161 161 161 161 161 161 161 161 161 161 161 160 160 160 160 160 160 160 160 160 160 160 160 159 159 159 159 159 159 159 159 159 159 159 158 158 158 158 158 158 158 158 158 96 95 95 95 95 95 95 95 95 95
