testData/tiles/oneDegreeCosts/grid5.0-5.0-6.0-6.0.asc
ncols   200
nrows   200
xllcorner   5.0
yllcorner   5.0
cellsize   0.005
NODATA_value   -9999.0
[rows 0 to 41 of 200, columns 0 to 93 of 200]
360 360 360 360 360 360 360 360 360 360 360 360 360 360 360 360 360 360 360 360 360 360 360 360 360 360 360 360 360 360 360 360 360 360 360 360 360 360 360 361 362 364 365 365 366 367 601 602 603 604 605 605 606 608 609 610 611 611 611 612 613 614 616 616 618 618 619 619 620 621 621 622 621 623 623 623 623 624 624 623 622 622 622 622 621 621 619 620 619 618 618 617 616 614
360 360 360 360 360 360 360 360 360 360 360 360 360 360 360 360 360 360 360 360 360 360 360 360 360 360 360 360 360 360 360 360 360 360 360 360 360 360 360 361 595 596 597 597 598 599 601 602 603 604 604 605 606 607 608 609 610 610 611 612 612 613 615 616 615 616 618 619 619 620 620 620 620 622 622 622 622 623 622 622 621 621 621 621 620 619 618 619 618 618 617 616 614 614
360 360 360 360 360 360 360 360 360 360 360 360 360 360 360 360 360 360 360 360 360 360 360 360 360 360 360 360 360 360 360 360 360 589 588 588 588 590 591 593 594 596 596 597 598 599 601 602 603 602 603 604 605 607 608 609 609 609 610 611 612 613 614 615 615 615 616 618 618 619 619 619 619 621 621 621 621 622 621 621 620 620 620 620 619 618 617 618 617 617 616 614 614 613
360 360 360 360 360 360 360 360 360 360 360 360 360 360 360 360 360 360 360 360 360 360 360 360 360 360 360 360 589 589 589 589 589 588 588 588 588 590 591 592 594 595 596 597 598 598 600 601 601 602 603 604 606 606 607 608 608 609 610 610 611 613 614 613 614 615 615 616 617 618 618 618 618 620 620 620 620 620 620 620 619 619 619 619 617 617 617 617 617 616 615 614 613 612
360 360 360 360 360 360 360 360 360 360 360 360 360 360 360 360 360 360 360 360 360 360 590 590 590 589 589 589 589 589 589 589 588 588 588 588 588 590 591 592 592 594 595 596 597 599 600 601 601 602 602 603 605 606 607 607 607 608 609 610 611 612 612 613 613 614 615 615 616 615 617 617 617 619 619 619 618 619 619 619 618 618 618 617 616 616 617 616 616 615 614 613 612 612
360 360 360 360 360 360 360 360 360 360 360 360 360 360 360 360 360 590 590 590 590 590 590 590 589 589 589 589 589 589 589 588 588 588 588 588 588 589 590 590 592 593 595 596 597 599 599 599 600 601 602 603 605 605 605 606 607 608 608 609 610 611 611 612 613 613 614 614 615 614 615 615 618 618 618 618 617 618 618 618 617 617 617 616 616 615 616 615 615 614 613 612 612 611
360 360 360 360 360 360 360 360 360 360 360 360 590 590 589 589 589 590 590 590 590 590 590 589 589 589 589 589 589 589 589 588 588 588 588 588 588 589 589 590 592 593 593 594 596 598 598 599 600 601 601 602 604 604 605 605 606 607 608 608 609 610 611 611 612 612 613 614 613 613 614 614 616 617 617 616 616 617 617 617 616 616 615 615 615 614 615 614 614 613 612 611 611 610
360 360 360 360 360 360 360 590 590 590 590 590 590 589 589 589 589 589 590 590 590 590 589 589 589 589 589 589 589 589 588 588 588 588 588 588 589 588 588 589 591 592 593 594 595 597 597 598 599 600 601 602 603 603 604 605 606 606 607 608 608 609 610 610 611 612 612 612 612 613 613 613 615 615 614 615 615 616 616 616 615 614 614 614 614 613 614 614 612 612 611 611 610 609
360 360 591 591 590 590 590 590 590 590 590 590 589 589 589 589 589 589 589 590 590 589 589 589 589 589 589 589 589 588 588 588 588 588 588 588 589 588 588 589 591 592 593 593 593 595 597 598 599 599 600 601 602 603 603 604 605 606 606 606 608 608 609 610 610 611 610 611 611 612 612 612 614 614 613 613 613 615 615 615 614 613 613 613 613 612 613 613 611 611 610 610 609 609
591 591 591 590 590 590 590 590 590 590 590 589 589 589 589 589 589 589 589 589 589 589 589 589 589 589 589 589 588 588 588 588 588 588 588 588 588 588 588 588 590 591 592 592 593 595 595 596 598 599 600 600 601 602 603 603 604 605 605 605 607 608 608 609 609 610 609 610 610 611 611 611 613 612 612 612 613 613 614 614 613 612 612 612 612 612 612 611 610 610 609 609 608 608
591 590 590 590 590 590 590 590 590 590 589 589 589 589 589 589 589 589 589 588 588 589 589 589 589 589 589 588 588 588 588 588 588 588 588 587 588 588 588 588 590 591 592 591 593 594 595 596 596 598 598 600 601 601 602 603 604 604 604 605 606 607 607 608 609 608 609 609 609 610 610 612 611 611 611 611 612 612 612 611 612 611 611 611 611 612 610 610 609 609 609 608 608 606
590 590 590 590 590 590 590 590 590 589 589 589 589 589 589 589 589 589 588 588 588 588 588 589 589 589 588 588 588 588 588 588 588 588 587 587 588 588 588 589 589 590 590 591 593 593 594 595 596 596 597 599 600 601 601 602 603 602 603 604 605 606 607 607 607 607 608 608 609 609 609 610 610 610 610 610 611 611 611 610 610 609 610 610 610 611 609 609 609 608 608 607 607 605
590 590 590 590 590 590 590 590 589 589 589 589 589 589 589 589 589 588 588 588 588 588 588 588 589 588 588 588 588 588 588 588 588 587 587 588 588 588 588 589 589 589 589 590 592 593 594 594 594 595 596 598 599 600 601 601 601 602 602 603 605 605 606 605 606 606 607 607 608 608 608 609 609 609 609 609 610 610 609 609 609 608 608 609 609 609 608 608 608 607 607 606 605 604
590 590 590 590 590 590 590 589 589 589 589 589 589 589 589 588 588 588 588 588 588 588 588 588 587 588 588 588 588 588 588 588 587 587 587 588 588 588 588 589 588 588 589 590 591 592 593 594 594 594 595 597 598 599 600 600 600 601 602 602 604 604 605 604 605 605 606 606 607 607 606 608 608 608 608 608 609 608 608 608 608 607 607 607 606 608 607 607 607 606 606 604 604 603
590 590 590 590 590 590 589 589 589 589 589 589 589 589 588 588 588 588 588 588 588 588 588 587 587 587 588 588 588 588 588 587 587 587 587 588 588 588 588 588 588 588 588 589 591 592 592 592 593 594 595 596 597 598 597 599 600 600 601 602 603 604 603 604 604 605 605 605 606 605 605 607 607 607 607 607 607 607 607 607 607 606 606 605 605 606 605 606 606 605 605 604 603 603
590 590 590 590 589 589 589 589 589 589 589 589 589 588 588 588 588 588 588 588 588 588 587 587 587 587 587 588 588 588 587 587 587 587 587 588 588 588 587 588 588 588 588 588 590 591 591 592 592 593 595 595 596 596 597 597 599 599 600 602 602 602 602 603 603 604 604 604 604 604 605 606 606 606 606 606 606 606 606 606 606 605 605 604 605 605 604 604 605 604 603 603 602 602
590 590 590 589 589 589 589 589 589 589 589 589 588 588 588 588 588 588 588 588 588 587 587 587 587 587 587 587 587 587 587 587 587 587 587 588 588 587 587 588 588 588 588 589 590 589 590 591 592 592 594 595 595 595 596 596 597 599 599 601 600 601 601 602 602 603 603 604 603 603 605 605 605 605 605 604 605 605 605 605 605 604 603 603 604 604 604 603 603 602 602 602 601 601
590 590 589 589 589 589 589 589 589 589 589 588 588 588 588 588 588 588 588 588 587 587 587 587 587 587 587 587 586 586 587 587 587 587 587 588 587 587 588 588 588 588 588 589 588 589 590 590 591 592 593 594 594 594 595 596 596 597 597 599 600 600 601 601 601 602 602 602 602 602 604 604 604 604 603 603 604 604 604 604 604 602 602 602 603 603 603 602 601 601 600 600 600 600
590 589 589 589 589 589 589 589 589 589 588 588 588 588 588 588 588 588 588 587 587 587 587 587 587 587 587 586 586 586 586 587 587 587 587 587 587 587 588 588 588 588 588 588 588 588 589 590 590 591 593 592 593 594 594 595 595 596 597 597 599 599 600 600 601 601 600 601 601 601 603 603 603 602 602 602 603 603 603 603 603 601 601 601 602 602 602 601 600 600 599 599 599 598
589 589 589 589 589 589 589 589 589 588 588 588 588 588 588 588 588 587 587 587 587 587 587 587 587 587 586 586 586 586 586 586 587 587 587 587 587 587 588 588 588 588 587 588 588 588 588 589 590 590 591 592 592 593 593 594 595 595 595 596 597 597 599 599 600 599 599 600 600 600 602 602 602 601 601 601 602 602 602 602 601 600 600 600 601 601 601 599 599 599 598 598 598 597
589 589 589 589 589 589 589 588 588 588 588 588 588 588 588 588 587 587 587 587 587 587 587 587 587 586 586 586 586 586 586 586 586 585 587 587 587 587 588 588 588 587 587 588 588 588 588 588 589 590 590 591 591 592 593 593 594 593 595 595 596 596 597 598 598 598 598 599 599 599 601 601 600 600 600 601 601 601 601 600 600 600 599 600 600 600 599 598 598 598 597 597 597 595
589 589 589 589 589 589 588 588 588 588 588 588 588 588 588 587 587 587 587 587 587 587 587 587 586 586 586 586 586 586 586 586 585 585 586 587 587 587 588 588 587 587 587 588 588 588 588 588 587 589 589 590 591 591 592 592 592 593 594 595 595 596 596 596 596 597 598 598 598 599 600 599 599 599 599 600 600 600 599 599 599 599 598 599 599 599 598 597 597 597 597 596 596 594
589 589 589 589 589 588 588 588 588 588 588 588 588 588 587 587 587 587 587 587 587 587 587 586 586 586 586 586 586 586 586 585 585 585 586 586 587 587 588 587 587 587 588 588 588 588 588 587 587 588 589 589 590 590 591 591 591 592 593 594 594 595 595 595 595 595 596 597 597 598 598 598 598 598 598 599 599 599 598 598 598 598 597 598 598 597 597 596 596 596 596 595 594 594
589 589 589 589 588 588 588 588 588 588 588 588 588 587 587 587 587 587 587 587 587 587 586 586 586 586 586 586 586 586 585 585 585 585 586 586 586 586 587 587 587 587 588 588 588 588 587 587 587 588 588 588 589 590 589 590 590 591 592 593 593 594 593 594 594 594 595 595 596 597 597 597 597 597 597 598 598 597 597 597 597 597 596 597 596 596 596 596 595 595 595 593 593 593
589 589 588 588 588 588 588 588 588 588 588 588 587 587 587 587 587 587 587 587 587 586 586 586 586 586 586 586 586 585 585 585 585 585 586 586 586 586 586 587 587 587 588 588 588 587 587 587 587 588 588 588 588 588 588 589 590 590 592 592 592 592 592 593 593 593 594 594 594 595 596 596 596 596 596 597 596 596 596 596 596 596 595 595 595 595 595 595 594 594 594 592 592 592
589 588 588 588 588 588 588 588 588 588 587 587 587 587 587 587 587 587 587 586 586 586 586 586 586 586 586 586 585 585 585 585 585 586 586 586 585 586 586 586 587 587 588 588 588 587 587 587 587 588 588 588 587 587 588 588 589 589 591 591 591 591 591 592 592 592 593 593 592 594 594 595 595 595 595 595 595 595 595 595 595 595 594 594 594 594 594 594 593 593 592 591 591 591
588 588 588 588 588 588 588 588 588 587 587 587 587 587 587 587 587 587 586 586 586 586 586 586 586 586 586 585 585 585 585 585 585 586 586 585 585 586 586 586 586 586 588 588 587 587 587 587 587 588 588 588 587 587 587 587 588 589 590 589 590 590 590 591 591 592 592 591 591 593 593 593 593 594 593 594 594 594 594 594 594 594 593 593 593 593 593 593 592 591 591 591 590 590
588 588 588 588 588 588 588 588 587 587 587 587 587 587 587 587 587 586 586 586 586 586 586 586 586 586 585 585 585 585 585 585 585 586 585 585 585 586 586 586 586 586 587 587 587 587 587 587 588 588 588 587 587 587 587 587 587 588 588 588 589 589 590 590 590 591 590 590 591 592 592 592 592 592 591 593 593 593 593 593 593 592 592 592 592 592 592 592 590 590 590 590 589 589
588 588 588 588 588 588 588 587 587 587 587 587 587 587 587 587 586 586 586 586 586 586 586 586 586 585 585 585 585 585 585 585 585 585 585 585 585 586 586 586 586 586 586 586 586 587 587 587 588 588 587 587 587 587 587 587 587 588 587 587 588 588 589 589 589 589 589 589 590 591 591 591 591 590 590 591 591 592 592 592 591 591 591 591 591 591 591 591 589 589 589 589 588 588
588 588 588 588 588 587 587 587 587 587 587 587 587 587 587 586 586 586 586 586 586 586 586 586 585 585 585 585 585 585 585 585 584 585 585 585 585 586 586 586 586 586 586 586 586 586 587 587 588 587 587 587 587 587 587 587 587 587 587 587 587 587 588 588 587 588 588 588 589 590 590 590 589 589 589 590 590 590 591 590 590 590 590 590 590 590 590 589 588 588 588 588 587 587
588 588 588 588 587 587 587 587 587 587 587 587 587 587 586 586 586 586 586 586 586 586 586 585 585 585 585 585 585 585 585 584 584 585 585 585 585 586 586 586 585 586 586 586 586 586 586 586 587 587 587 587 587 587 587 587 586 587 587 587 587 587 587 586 586 587 587 587 589 589 589 588 588 588 589 589 589 589 589 588 589 589 590 589 589 589 588 588 588 587 587 587 586 586
588 588 588 587 587 587 587 587 587 587 587 587 586 586 586 586 586 586 586 586 586 585 585 585 585 585 585 585 585 585 584 584 584 585 585 585 586 586 586 585 585 586 586 586 586 586 586 585 586 587 587 587 587 587 587 586 586 587 587 587 587 587 587 586 586 586 586 586 588 588 587 587 587 587 588 588 588 588 587 587 587 587 589 588 588 587 587 587 587 586 586 586 586 586
588 587 587 587 587 587 587 587 587 587 587 586 586 586 586 586 586 586 586 586 585 585 585 585 585 585 585 585 585 584 584 584 585 585 585 585 586 586 585 585 585 586 586 586 586 586 585 585 586 586 587 587 587 587 586 586 586 587 587 587 587 587 586 586 586 586 586 586 587 586 586 586 586 586 587 587 587 586 586 586 586 587 587 586 586 586 586 586 586 586 586 586 586 586
587 587 587 587 587 587 587 587 587 587 586 586 586 586 586 586 586 586 586 585 585 585 585 585 585 585 585 585 584 584 584 584 585 585 585 585 585 585 585 585 585 586 586 586 586 585 585 585 586 586 586 586 587 586 586 586 587 587 587 587 587 586 586 586 586 586 586 586 587 586 586 586 586 586 586 586 585 585 585 585 585 586 586 586 585 585 586 586 586 586 586 586 586 586
587 587 587 587 587 587 587 587 586 586 586 586 586 586 586 586 586 586 585 585 585 585 585 585 585 585 585 584 584 584 584 584 585 585 585 584 585 585 585 585 585 586 586 586 585 585 585 586 586 586 586 586 585 585 586 586 587 587 587 587 586 586 586 586 586 586 586 587 586 586 586 586 586 586 586 585 585 585 585 585 585 586 586 585 585 585 585 585 586 586 586 586 586 586
587 587 587 587 587 587 587 586 586 586 586 586 586 586 586 586 586 585 585 585 585 585 585 585 585 585 584 584 584 584 584 584 585 585 584 584 585 585 585 585 585 586 586 585 585 585 585 586 586 586 586 585 585 585 585 586 587 587 587 586 586 586 586 586 586 586 586 586 586 586 586 586 586 586 585 585 585 585 585 585 585 586 585 585 585 585 585 585 585 585 586 586 586 586
587 587 587 587 587 587 586 586 586 586 586 586 586 586 586 585 585 585 585 585 585 585 585 585 584 584 584 584 584 584 584 584 585 584 584 584 585 585 585 585 586 586 585 585 585 585 585 586 586 586 585 585 585 585 585 585 586 587 586 586 586 586 586 586 586 586 585 586 586 586 586 586 586 586 585 585 585 585 585 585 585 585 585 585 585 585 585 585 585 585 585 585 586 586
587 587 587 587 586 586 586 586 586 586 586 586 586 586 585 585 585 585 585 585 585 585 585 584 584 584 584 584 584 584 584 584 584 584 584 584 585 585 585 585 586 585 585 585 585 585 585 586 586 585 585 585 585 585 585 585 586 585 586 586 586 586 586 586 586 585 585 586 586 586 586 586 586 585 585 585 585 585 585 585 585 585 585 585 585 585 585 585 585 585 585 585 585 585
586 587 587 586 586 586 586 586 586 586 586 586 586 585 585 585 585 585 585 585 585 585 584 584 584 584 584 584 584 584 584 583 584 584 584 585 585 585 585 585 585 585 585 585 585 585 585 586 585 585 585 585 585 585 585 585 585 585 585 585 586 586 586 586 585 585 585 586 586 586 586 586 585 585 585 585 585 585 585 585 585 585 585 585 585 585 585 585 585 585 585 585 585 585
586 585 585 586 586 586 586 586 586 586 586 585 585 585 585 585 585 585 585 585 585 584 584 584 584 584 584 584 584 584 583 583 584 584 584 585 585 585 585 584 585 585 585 585 585 585 585 585 585 585 585 585 585 585 585 585 585 585 585 585 585 585 586 585 585 585 585 586 586 586 586 585 585 585 585 585 585 585 585 584 585 585 585 585 585 585 585 585 585 585 585 585 585 585
585 585 585 585 586 586 586 586 586 586 585 585 585 585 585 585 585 585 585 585 584 584 584 584 584 584 584 584 584 583 583 584 584 584 584 585 585 584 584 584 585 585 585 585 585 585 585 585 585 585 585 585 585 585 584 585 585 585 585 585 585 585 584 585 585 585 585 586 586 586 585 585 585 585 585 585 585 585 584 584 585 585 585 585 585 585 585 585 585 585 585 585 585 585
585 585 585 585 585 586 586 586 586 585 585 585 585 585 585 585 585 585 584 584 584 584 584 584 584 584 584 583 583 583 583 584 584 584 584 585 584 584 584 584 585 585 585 585 585 584 585 585 585 585 585 585 585 584 584 585 585 585 585 585 585 584 584 584 584 585 586 586 586 585 585 585 585 585 585 585 585 584 584 584 585 585 585 585 585 585 585 585 585 585 585 585 585 585
