testData/tiles/oneDegreeCosts/grid1.0-17.0-2.0-18.0.asc
ncols   200
nrows   200
xllcorner   1.0
yllcorner   17.0
cellsize   0.005
NODATA_value   -9999.0
[rows 170 to 186 of 200, columns 0 to 36 of 200]
4.790000000000000000e+02 4.800000000000000000e+02 4.800000000000000000e+02 4.810000000000000000e+02 4.810000000000000000e+02 4.820000000000000000e+02 5.940000000000000000e+02 5.940000000000000000e+02 5.940000000000000000e+02 5.950000000000000000e+02 5.950000000000000000e+02 5.950000000000000000e+02 6.540000000000000000e+02 6.550000000000000000e+02 6.550000000000000000e+02 6.550000000000000000e+02 6.560000000000000000e+02 6.560000000000000000e+02 6.560000000000000000e+02 6.560000000000000000e+02 6.570000000000000000e+02 6.580000000000000000e+02 6.580000000000000000e+02 6.580000000000000000e+02 6.590000000000000000e+02 6.590000000000000000e+02 6.590000000000000000e+02 6.590000000000000000e+02 6.600000000000000000e+02 6.600000000000000000e+02 6.600000000000000000e+02 6.600000000000000000e+02 6.620000000000000000e+02 6.620000000000000000e+02 6.620000000000000000e+02 6.630000000000000000e+02 6.630000000000000000e+02
4.790000000000000000e+02 4.810000000000000000e+02 4.810000000000000000e+02 4.810000000000000000e+02 4.810000000000000000e+02 5.940000000000000000e+02 5.940000000000000000e+02 5.940000000000000000e+02 5.940000000000000000e+02 5.960000000000000000e+02 5.960000000000000000e+02 6.540000000000000000e+02 6.540000000000000000e+02 6.550000000000000000e+02 6.550000000000000000e+02 6.550000000000000000e+02 6.560000000000000000e+02 6.560000000000000000e+02 6.560000000000000000e+02 6.570000000000000000e+02 6.580000000000000000e+02 6.580000000000000000e+02 6.580000000000000000e+02 6.580000000000000000e+02 6.590000000000000000e+02 6.590000000000000000e+02 6.590000000000000000e+02 6.590000000000000000e+02 6.600000000000000000e+02 6.610000000000000000e+02 6.610000000000000000e+02 6.620000000000000000e+02 6.620000000000000000e+02 6.620000000000000000e+02 6.620000000000000000e+02 6.630000000000000000e+02 6.630000000000000000e+02
4.800000000000000000e+02 4.810000000000000000e+02 4.810000000000000000e+02 4.810000000000000000e+02 4.810000000000000000e+02 5.940000000000000000e+02 5.940000000000000000e+02 5.950000000000000000e+02 5.950000000000000000e+02 5.960000000000000000e+02 5.960000000000000000e+02 6.540000000000000000e+02 6.540000000000000000e+02 6.550000000000000000e+02 6.550000000000000000e+02 6.550000000000000000e+02 6.570000000000000000e+02 6.570000000000000000e+02 6.570000000000000000e+02 6.570000000000000000e+02 6.580000000000000000e+02 6.580000000000000000e+02 6.580000000000000000e+02 6.580000000000000000e+02 6.590000000000000000e+02 6.590000000000000000e+02 6.600000000000000000e+02 6.600000000000000000e+02 6.610000000000000000e+02 6.610000000000000000e+02 6.610000000000000000e+02 6.620000000000000000e+02 6.620000000000000000e+02 6.620000000000000000e+02 6.620000000000000000e+02 6.630000000000000000e+02 6.630000000000000000e+02
4.800000000000000000e+02 4.810000000000000000e+02 4.810000000000000000e+02 4.810000000000000000e+02 4.810000000000000000e+02 5.950000000000000000e+02 5.950000000000000000e+02 5.950000000000000000e+02 5.950000000000000000e+02 5.960000000000000000e+02 5.960000000000000000e+02 6.540000000000000000e+02 6.540000000000000000e+02 6.550000000000000000e+02 6.560000000000000000e+02 6.560000000000000000e+02 6.570000000000000000e+02 6.570000000000000000e+02 6.570000000000000000e+02 6.570000000000000000e+02 6.580000000000000000e+02 6.580000000000000000e+02 6.580000000000000000e+02 6.590000000000000000e+02 6.600000000000000000e+02 6.600000000000000000e+02 6.600000000000000000e+02 6.600000000000000000e+02 6.610000000000000000e+02 6.610000000000000000e+02 6.610000000000000000e+02 6.620000000000000000e+02 6.620000000000000000e+02 6.620000000000000000e+02 6.630000000000000000e+02 6.640000000000000000e+02 6.640000000000000000e+02
4.800000000000000000e+02 4.810000000000000000e+02 4.820000000000000000e+02 4.820000000000000000e+02 5.940000000000000000e+02 5.950000000000000000e+02 5.950000000000000000e+02 5.950000000000000000e+02 5.950000000000000000e+02 5.960000000000000000e+02 5.960000000000000000e+02 6.550000000000000000e+02 6.550000000000000000e+02 6.560000000000000000e+02 6.560000000000000000e+02 6.560000000000000000e+02 6.570000000000000000e+02 6.570000000000000000e+02 6.570000000000000000e+02 6.570000000000000000e+02 6.590000000000000000e+02 6.590000000000000000e+02 6.590000000000000000e+02 6.590000000000000000e+02 6.600000000000000000e+02 6.600000000000000000e+02 6.600000000000000000e+02 6.600000000000000000e+02 6.610000000000000000e+02 6.610000000000000000e+02 6.610000000000000000e+02 6.630000000000000000e+02 6.630000000000000000e+02 6.630000000000000000e+02 6.630000000000000000e+02 6.640000000000000000e+02 6.640000000000000000e+02
4.810000000000000000e+02 4.820000000000000000e+02 4.820000000000000000e+02 4.820000000000000000e+02 5.940000000000000000e+02 5.950000000000000000e+02 5.950000000000000000e+02 5.950000000000000000e+02 5.950000000000000000e+02 5.970000000000000000e+02 6.550000000000000000e+02 6.550000000000000000e+02 6.550000000000000000e+02 6.560000000000000000e+02 6.560000000000000000e+02 6.560000000000000000e+02 6.570000000000000000e+02 6.570000000000000000e+02 6.580000000000000000e+02 6.580000000000000000e+02 6.590000000000000000e+02 6.590000000000000000e+02 6.590000000000000000e+02 6.590000000000000000e+02 6.600000000000000000e+02 6.600000000000000000e+02 6.600000000000000000e+02 6.600000000000000000e+02 6.620000000000000000e+02 6.620000000000000000e+02 6.620000000000000000e+02 6.630000000000000000e+02 6.630000000000000000e+02 6.630000000000000000e+02 6.630000000000000000e+02 6.640000000000000000e+02 6.640000000000000000e+02
4.810000000000000000e+02 4.820000000000000000e+02 4.820000000000000000e+02 4.820000000000000000e+02 5.940000000000000000e+02 5.950000000000000000e+02 5.960000000000000000e+02 5.960000000000000000e+02 5.960000000000000000e+02 5.970000000000000000e+02 6.550000000000000000e+02 6.550000000000000000e+02 6.550000000000000000e+02 6.560000000000000000e+02 6.560000000000000000e+02 6.570000000000000000e+02 6.580000000000000000e+02 6.580000000000000000e+02 6.580000000000000000e+02 6.580000000000000000e+02 6.590000000000000000e+02 6.590000000000000000e+02 6.590000000000000000e+02 6.590000000000000000e+02 6.600000000000000000e+02 6.610000000000000000e+02 6.610000000000000000e+02 6.610000000000000000e+02 6.620000000000000000e+02 6.620000000000000000e+02 6.620000000000000000e+02 6.630000000000000000e+02 6.630000000000000000e+02 6.630000000000000000e+02 6.630000000000000000e+02 6.650000000000000000e+02 6.650000000000000000e+02
4.810000000000000000e+02 4.820000000000000000e+02 4.820000000000000000e+02 5.940000000000000000e+02 5.950000000000000000e+02 5.960000000000000000e+02 5.960000000000000000e+02 5.960000000000000000e+02 5.960000000000000000e+02 5.970000000000000000e+02 6.550000000000000000e+02 6.550000000000000000e+02 6.550000000000000000e+02 6.570000000000000000e+02 6.570000000000000000e+02 6.570000000000000000e+02 6.580000000000000000e+02 6.580000000000000000e+02 6.580000000000000000e+02 6.580000000000000000e+02 6.590000000000000000e+02 6.590000000000000000e+02 6.600000000000000000e+02 6.600000000000000000e+02 6.610000000000000000e+02 6.610000000000000000e+02 6.610000000000000000e+02 6.610000000000000000e+02 6.620000000000000000e+02 6.620000000000000000e+02 6.620000000000000000e+02 6.630000000000000000e+02 6.640000000000000000e+02 6.640000000000000000e+02 6.640000000000000000e+02 6.650000000000000000e+02 6.650000000000000000e+02
4.810000000000000000e+02 4.820000000000000000e+02 4.830000000000000000e+02 5.950000000000000000e+02 5.950000000000000000e+02 5.960000000000000000e+02 5.960000000000000000e+02 5.960000000000000000e+02 5.960000000000000000e+02 5.970000000000000000e+02 6.560000000000000000e+02 6.560000000000000000e+02 6.560000000000000000e+02 6.570000000000000000e+02 6.570000000000000000e+02 6.570000000000000000e+02 6.580000000000000000e+02 6.580000000000000000e+02 6.580000000000000000e+02 6.580000000000000000e+02 6.600000000000000000e+02 6.600000000000000000e+02 6.600000000000000000e+02 6.600000000000000000e+02 6.610000000000000000e+02 6.610000000000000000e+02 6.610000000000000000e+02 6.610000000000000000e+02 6.620000000000000000e+02 6.620000000000000000e+02 6.630000000000000000e+02 6.640000000000000000e+02 6.640000000000000000e+02 6.640000000000000000e+02 6.640000000000000000e+02 6.650000000000000000e+02 6.650000000000000000e+02
4.820000000000000000e+02 4.830000000000000000e+02 4.830000000000000000e+02 5.950000000000000000e+02 5.950000000000000000e+02 5.960000000000000000e+02 5.960000000000000000e+02 5.960000000000000000e+02 5.970000000000000000e+02 6.560000000000000000e+02 6.560000000000000000e+02 6.560000000000000000e+02 6.560000000000000000e+02 6.570000000000000000e+02 6.570000000000000000e+02 6.570000000000000000e+02 6.580000000000000000e+02 6.590000000000000000e+02 6.590000000000000000e+02 6.590000000000000000e+02 6.600000000000000000e+02 6.600000000000000000e+02 6.600000000000000000e+02 6.600000000000000000e+02 6.610000000000000000e+02 6.610000000000000000e+02 6.610000000000000000e+02 6.620000000000000000e+02 6.630000000000000000e+02 6.630000000000000000e+02 6.630000000000000000e+02 6.640000000000000000e+02 6.640000000000000000e+02 6.640000000000000000e+02 6.640000000000000000e+02 6.650000000000000000e+02 6.650000000000000000e+02
4.820000000000000000e+02 4.830000000000000000e+02 5.950000000000000000e+02 5.950000000000000000e+02 5.950000000000000000e+02 5.960000000000000000e+02 5.970000000000000000e+02 5.970000000000000000e+02 5.970000000000000000e+02 6.560000000000000000e+02 6.560000000000000000e+02 6.560000000000000000e+02 6.560000000000000000e+02 6.570000000000000000e+02 6.570000000000000000e+02 6.580000000000000000e+02 6.590000000000000000e+02 6.590000000000000000e+02 6.590000000000000000e+02 6.590000000000000000e+02 6.600000000000000000e+02 6.600000000000000000e+02 6.600000000000000000e+02 6.600000000000000000e+02 6.620000000000000000e+02 6.620000000000000000e+02 6.620000000000000000e+02 6.620000000000000000e+02 6.630000000000000000e+02 6.630000000000000000e+02 6.630000000000000000e+02 6.630000000000000000e+02 6.640000000000000000e+02 6.640000000000000000e+02 6.650000000000000000e+02 6.660000000000000000e+02 6.660000000000000000e+02
4.820000000000000000e+02 4.830000000000000000e+02 5.950000000000000000e+02 5.950000000000000000e+02 5.960000000000000000e+02 5.970000000000000000e+02 5.970000000000000000e+02 5.970000000000000000e+02 5.970000000000000000e+02 6.560000000000000000e+02 6.560000000000000000e+02 6.560000000000000000e+02 6.570000000000000000e+02 6.580000000000000000e+02 6.580000000000000000e+02 6.580000000000000000e+02 6.590000000000000000e+02 6.590000000000000000e+02 6.590000000000000000e+02 6.590000000000000000e+02 6.600000000000000000e+02 6.610000000000000000e+02 6.610000000000000000e+02 6.610000000000000000e+02 6.620000000000000000e+02 6.620000000000000000e+02 6.620000000000000000e+02 6.620000000000000000e+02 6.630000000000000000e+02 6.630000000000000000e+02 6.630000000000000000e+02 6.640000000000000000e+02 6.650000000000000000e+02 6.650000000000000000e+02 6.650000000000000000e+02 6.660000000000000000e+02 6.660000000000000000e+02
6.470000000000000000e+02 6.490000000000000000e+02 7.610000000000000000e+02 5.960000000000000000e+02 5.960000000000000000e+02 5.970000000000000000e+02 5.970000000000000000e+02 5.970000000000000000e+02 6.550000000000000000e+02 6.560000000000000000e+02 6.570000000000000000e+02 6.570000000000000000e+02 6.570000000000000000e+02 6.580000000000000000e+02 6.580000000000000000e+02 6.580000000000000000e+02 6.590000000000000000e+02 6.590000000000000000e+02 6.590000000000000000e+02 6.600000000000000000e+02 6.610000000000000000e+02 6.610000000000000000e+02 6.610000000000000000e+02 6.610000000000000000e+02 6.620000000000000000e+02 6.620000000000000000e+02 6.620000000000000000e+02 6.620000000000000000e+02 6.630000000000000000e+02 6.640000000000000000e+02 6.640000000000000000e+02 6.640000000000000000e+02 6.650000000000000000e+02 6.650000000000000000e+02 6.650000000000000000e+02 6.660000000000000000e+02 6.660000000000000000e+02
6.480000000000000000e+02 6.490000000000000000e+02 7.610000000000000000e+02 7.610000000000000000e+02 7.610000000000000000e+02 7.620000000000000000e+02 7.620000000000000000e+02 7.630000000000000000e+02 6.560000000000000000e+02 6.570000000000000000e+02 6.570000000000000000e+02 6.570000000000000000e+02 6.570000000000000000e+02 6.580000000000000000e+02 6.580000000000000000e+02 6.580000000000000000e+02 6.600000000000000000e+02 6.600000000000000000e+02 6.600000000000000000e+02 6.600000000000000000e+02 6.610000000000000000e+02 6.610000000000000000e+02 6.610000000000000000e+02 6.610000000000000000e+02 6.620000000000000000e+02 6.620000000000000000e+02 6.630000000000000000e+02 6.630000000000000000e+02 6.640000000000000000e+02 6.640000000000000000e+02 6.640000000000000000e+02 6.640000000000000000e+02 6.650000000000000000e+02 6.650000000000000000e+02 6.650000000000000000e+02 6.660000000000000000e+02 6.670000000000000000e+02
6.480000000000000000e+02 7.610000000000000000e+02 7.610000000000000000e+02 7.610000000000000000e+02 7.610000000000000000e+02 7.630000000000000000e+02 7.630000000000000000e+02 7.630000000000000000e+02 8.210000000000000000e+02 8.220000000000000000e+02 8.220000000000000000e+02 8.220000000000000000e+02 6.570000000000000000e+02 6.580000000000000000e+02 6.590000000000000000e+02 6.590000000000000000e+02 6.600000000000000000e+02 6.600000000000000000e+02 6.600000000000000000e+02 6.600000000000000000e+02 6.610000000000000000e+02 6.610000000000000000e+02 6.610000000000000000e+02 6.620000000000000000e+02 6.630000000000000000e+02 6.630000000000000000e+02 6.630000000000000000e+02 6.630000000000000000e+02 6.640000000000000000e+02 6.640000000000000000e+02 6.640000000000000000e+02 6.640000000000000000e+02 6.650000000000000000e+02 6.660000000000000000e+02 6.660000000000000000e+02 6.670000000000000000e+02 6.670000000000000000e+02
6.480000000000000000e+02 7.610000000000000000e+02 7.610000000000000000e+02 7.620000000000000000e+02 7.620000000000000000e+02 7.630000000000000000e+02 7.630000000000000000e+02 7.630000000000000000e+02 8.210000000000000000e+02 8.220000000000000000e+02 8.220000000000000000e+02 8.230000000000000000e+02 8.230000000000000000e+02 8.240000000000000000e+02 8.240000000000000000e+02 6.590000000000000000e+02 6.590000000000000000e+02 6.600000000000000000e+02 6.600000000000000000e+02 6.600000000000000000e+02 6.610000000000000000e+02 6.620000000000000000e+02 6.620000000000000000e+02 6.620000000000000000e+02 6.630000000000000000e+02 6.630000000000000000e+02 6.630000000000000000e+02 6.630000000000000000e+02 6.640000000000000000e+02 6.640000000000000000e+02 6.650000000000000000e+02 6.650000000000000000e+02 6.660000000000000000e+02 6.660000000000000000e+02 6.660000000000000000e+02 6.670000000000000000e+02 6.670000000000000000e+02
6.480000000000000000e+02 7.620000000000000000e+02 7.620000000000000000e+02 7.620000000000000000e+02 7.620000000000000000e+02 7.630000000000000000e+02 7.630000000000000000e+02 8.210000000000000000e+02 8.210000000000000000e+02 8.230000000000000000e+02 8.230000000000000000e+02 8.230000000000000000e+02 8.230000000000000000e+02 8.240000000000000000e+02 8.240000000000000000e+02 8.240000000000000000e+02 8.240000000000000000e+02 8.250000000000000000e+02 8.260000000000000000e+02 6.610000000000000000e+02 6.620000000000000000e+02 6.620000000000000000e+02 6.620000000000000000e+02 6.620000000000000000e+02 6.630000000000000000e+02 6.630000000000000000e+02 6.630000000000000000e+02 6.630000000000000000e+02 6.650000000000000000e+02 6.650000000000000000e+02 6.650000000000000000e+02 6.650000000000000000e+02 6.660000000000000000e+02 6.660000000000000000e+02 6.660000000000000000e+02 6.670000000000000000e+02 6.670000000000000000e+02
