testData/tiles/oneDegreeCosts/grid36.0-28.0-37.0-29.0.asc
ncols   200
nrows   200
xllcorner   36.0
yllcorner   28.0
cellsize   0.005
NODATA_value   -9999.0
[rows 0 to 41 of 200, columns 0 to 93 of 200]
595 596 596 597 597 597 597 598 598 599 599 600 600 600 600 600 600 601 601 601 602 601 602 602 603 602 602 603 602 602 602 602 603 602 605 603 603 603 603 603 603 603 602 602 602 602 603 601 601 602 602 601 603 601 600 600 601 600 599 599 599 598 598 597 596 596 596 596 594 593 593 593 593 592 591 590 590 589 588 587 587 587 584 583 583 581 580 580 578 576 574 573 571 570
595 595 597 597 597 597 598 598 598 599 598 599 599 600 601 600 602 601 600 600 601 601 602 603 603 602 602 602 603 602 603 603 602 602 603 603 604 603 603 603 602 603 603 602 602 602 601 601 602 602 601 601 601 601 600 601 600 599 599 599 599 598 598 597 596 595 596 595 594 594 594 592 591 591 590 590 590 589 588 587 587 585 584 583 582 581 580 579 577 575 574 574 571 569
594 595 597 597 597 597 598 598 597 599 598 599 599 600 600 600 601 601 601 600 602 601 601 601 602 602 602 603 603 602 603 602 602 602 603 603 602 603 603 603 602 603 602 602 603 602 601 602 601 601 601 601 600 600 599 600 599 600 599 598 598 598 598 597 595 595 595 595 594 594 593 592 591 591 590 589 589 588 588 587 586 585 584 584 582 581 579 578 577 576 573 573 571 569
594 595 595 596 596 596 597 597 597 599 598 599 598 600 599 600 600 601 601 600 601 601 601 601 602 602 602 602 602 602 603 602 603 602 602 602 602 603 602 603 602 602 602 602 603 602 601 601 601 601 601 600 600 600 599 599 599 599 599 598 598 598 597 596 596 596 595 594 594 594 593 592 592 591 590 589 588 588 586 585 584 584 584 583 581 580 578 578 577 575 574 572 570 569
594 594 595 595 597 596 598 597 597 597 598 598 598 599 599 600 600 600 600 600 601 601 601 601 601 601 601 602 602 602 603 602 601 601 602 602 602 602 601 601 601 602 603 601 601 602 601 601 602 600 599 600 600 599 599 599 598 597 598 599 597 596 598 597 596 595 595 594 593 592 592 592 592 591 589 589 589 587 585 585 585 584 583 581 580 579 580 578 576 575 574 571 570 569
594 594 595 595 595 596 597 597 597 597 598 598 599 598 598 598 600 600 600 601 600 600 600 601 600 601 601 601 600 601 602 602 601 603 602 601 601 602 602 601 602 601 601 601 602 602 601 601 601 600 599 601 599 599 600 599 598 597 598 597 596 596 596 596 596 596 595 593 592 592 592 591 590 589 589 588 587 586 585 586 585 583 581 581 581 578 578 576 575 573 573 572 570 569
594 594 594 595 595 596 596 597 597 598 597 597 598 599 598 599 599 599 599 600 600 600 600 601 600 600 600 601 600 600 602 602 601 602 602 602 601 601 601 600 601 601 600 601 600 601 600 601 601 600 599 600 599 599 599 598 597 597 597 597 596 596 595 594 596 595 594 593 594 593 591 590 590 590 588 588 587 586 586 585 584 582 582 581 580 578 578 575 574 573 572 570 568 568
594 593 595 595 595 596 595 595 597 597 598 597 598 598 598 598 598 599 598 601 600 600 600 600 600 600 601 601 600 600 600 601 601 602 602 601 601 601 601 600 602 601 600 600 600 599 600 600 599 600 599 599 600 598 598 598 598 597 597 597 596 596 595 594 593 594 593 594 593 592 591 590 590 589 588 588 588 586 585 585 583 582 582 581 579 577 577 576 574 573 571 569 567 567
594 593 594 594 594 595 595 595 596 596 598 597 598 598 598 598 599 599 598 599 599 600 600 601 600 600 600 600 600 600 600 601 600 600 601 601 601 601 601 600 600 600 600 600 600 599 599 599 599 600 599 599 599 598 598 598 597 597 597 596 596 595 595 594 593 593 593 592 592 591 591 590 590 589 588 588 587 586 585 583 583 582 582 579 578 577 577 575 573 573 571 568 567 568
592 593 594 594 594 596 595 595 595 596 596 597 598 598 598 598 598 598 598 599 599 599 600 600 600 600 600 601 600 601 600 599 599 600 600 601 601 600 600 600 600 601 600 600 600 599 599 600 598 598 599 599 598 597 598 597 597 598 596 595 595 596 595 593 593 593 592 592 591 591 590 590 589 588 588 588 587 585 584 584 583 581 581 579 579 578 576 575 573 571 571 569 567 567
592 593 593 593 593 595 595 595 595 596 595 596 596 597 597 598 598 598 598 598 598 598 599 598 600 599 600 599 599 600 600 599 600 599 599 599 600 601 600 600 600 600 600 600 600 598 598 599 598 597 599 597 597 597 598 597 596 597 596 595 595 595 594 593 594 593 591 591 591 591 590 589 588 588 587 586 585 585 585 583 582 581 580 579 578 577 576 573 572 572 570 567 567 567
591 592 593 593 594 594 595 595 595 595 595 595 597 596 598 598 597 597 597 598 598 598 599 598 598 598 600 599 599 600 599 599 599 599 600 599 599 599 598 600 600 599 600 599 599 598 598 599 597 597 598 597 597 597 596 596 596 597 596 595 594 594 594 594 593 592 591 591 590 589 589 589 588 586 585 585 585 583 583 583 582 580 580 579 577 576 575 574 572 571 569 567 567 567
591 592 593 593 592 594 594 595 595 595 595 595 596 596 596 596 598 597 598 598 597 597 598 598 598 598 599 598 599 599 599 599 599 600 598 598 599 599 598 599 598 598 599 599 598 599 598 598 598 597 597 597 596 596 596 596 595 595 596 595 594 593 593 593 593 592 591 590 590 589 589 588 587 586 585 585 584 583 583 581 580 579 579 579 576 576 575 573 571 570 569 567 567 567
591 592 592 592 592 593 593 594 595 595 594 595 595 596 595 597 596 596 597 597 598 597 599 598 597 597 598 598 598 599 600 598 598 599 598 599 599 598 598 598 598 598 598 598 598 598 598 598 598 597 597 597 596 596 596 595 595 595 594 593 593 594 593 592 592 592 591 591 590 589 588 588 587 586 586 585 584 582 582 581 580 579 578 576 576 576 573 573 572 569 568 567 567 566
591 592 592 592 593 592 593 592 595 595 594 595 595 596 595 596 596 596 596 598 598 597 598 597 598 597 598 598 596 598 597 598 599 599 598 598 598 598 598 598 598 597 597 598 597 598 598 597 597 597 597 596 596 596 595 595 595 594 593 593 594 593 591 591 592 592 590 590 590 589 588 587 586 586 586 584 583 583 582 580 579 579 578 577 575 574 573 570 570 569 567 565 566 566
591 591 591 591 591 592 593 592 594 593 594 594 595 595 595 596 596 596 596 596 596 597 597 597 597 597 597 597 596 598 597 597 598 598 598 598 598 598 597 598 598 597 597 597 596 596 597 597 596 596 596 596 596 596 594 594 594 594 593 592 593 592 591 591 590 589 590 591 590 588 587 587 587 585 585 584 584 581 581 580 579 579 577 576 575 573 572 571 570 568 566 565 565 565
589 591 591 592 591 593 592 592 593 593 593 593 595 595 594 595 595 595 596 596 595 595 596 597 596 598 597 597 596 597 597 597 597 598 598 596 598 597 597 598 597 596 596 597 596 596 596 595 595 596 596 596 595 595 594 594 594 593 593 592 592 592 591 590 590 589 588 588 588 588 588 587 586 585 585 583 582 581 581 579 579 578 577 575 573 573 572 570 569 567 566 565 565 565
589 590 590 591 591 592 591 592 593 593 593 593 593 594 594 596 595 595 595 595 595 595 596 597 596 597 596 597 596 597 597 597 597 596 596 596 598 597 597 597 597 597 596 596 596 595 596 596 595 594 595 594 594 595 594 593 593 594 593 591 591 591 591 590 589 589 588 588 587 586 585 585 585 583 584 583 582 580 580 580 578 577 576 574 575 573 571 569 569 566 565 565 565 564
589 589 590 590 592 592 591 591 593 592 593 593 593 593 593 594 594 594 595 596 595 595 595 595 595 597 596 597 595 596 596 596 597 596 596 595 596 596 596 597 597 596 596 596 596 595 595 595 594 593 595 594 593 594 594 593 593 593 592 591 592 591 589 589 590 589 587 587 587 586 585 584 583 583 583 581 581 581 581 578 577 577 576 574 574 572 571 568 568 567 565 564 564 564
589 589 589 589 590 590 591 591 592 592 593 592 593 592 593 593 595 594 594 594 594 594 595 594 595 595 595 595 595 596 596 596 596 596 596 595 595 596 594 595 596 595 596 596 595 595 595 595 594 593 594 593 593 593 592 592 592 592 592 591 591 590 589 589 589 588 587 588 586 585 585 584 584 582 582 581 580 580 578 578 577 576 575 574 574 571 570 568 568 565 564 564 564 564
588 589 589 589 590 591 590 591 591 592 591 592 593 592 593 593 593 593 595 594 594 594 594 594 594 595 595 594 594 595 595 595 596 596 595 595 595 595 594 596 595 594 595 595 594 595 594 594 594 593 593 594 592 592 592 592 591 590 590 591 591 589 589 589 588 588 587 587 586 585 584 584 583 582 582 581 580 579 578 576 575 575 574 573 572 571 570 568 567 565 563 563 563 564
587 589 588 588 589 589 589 590 590 592 591 592 591 592 592 593 593 592 593 593 594 593 595 594 594 594 594 594 594 594 596 595 595 595 594 595 595 595 594 594 594 594 594 594 594 594 594 594 594 592 592 593 592 592 591 591 591 590 590 588 589 590 589 589 587 587 586 587 585 584 585 584 582 581 582 580 579 578 577 577 576 574 573 571 571 570 568 567 567 564 562 564 563 563
587 588 589 588 590 589 590 588 590 590 591 592 591 592 591 592 591 592 593 593 594 593 594 593 594 594 594 594 593 594 593 593 595 595 594 594 594 593 594 594 594 593 592 594 593 592 593 593 592 592 593 591 591 592 591 590 590 590 589 588 589 588 587 587 587 587 585 585 584 584 584 582 581 581 580 579 578 578 578 576 574 574 573 571 571 569 567 565 564 562 561 562 563 563
587 588 587 587 589 589 589 588 590 590 590 590 591 591 591 592 591 592 592 592 591 592 593 593 593 593 593 593 592 594 593 593 593 593 594 594 594 593 593 593 594 593 592 593 592 592 593 592 592 592 592 591 592 592 590 590 591 590 589 588 588 588 587 586 586 585 584 585 584 583 583 582 581 580 580 579 578 578 577 575 573 573 571 571 569 568 566 565 563 562 561 562 561 561
586 588 587 588 589 589 588 588 589 589 589 590 590 591 590 591 591 591 592 592 591 591 591 592 592 593 593 593 592 593 593 593 593 594 592 591 594 593 593 594 592 592 592 592 592 592 592 591 591 591 591 590 590 591 590 590 589 589 588 588 588 586 586 587 586 584 584 584 583 582 582 582 581 580 579 578 578 578 575 574 573 573 571 570 569 568 565 564 564 562 560 561 561 561
586 588 587 587 587 588 588 588 589 589 588 589 589 590 589 591 591 591 591 591 591 591 591 592 591 593 592 592 592 593 593 592 592 592 592 591 593 591 592 593 592 593 592 591 592 591 591 591 590 589 590 590 589 589 590 589 589 588 588 587 587 586 586 585 585 584 584 583 582 581 582 581 579 579 579 579 576 576 575 574 573 572 571 569 568 566 566 563 562 560 560 560 561 561
586 586 587 587 588 588 587 587 588 588 588 589 589 589 588 589 590 591 591 591 591 590 591 591 591 592 591 593 591 591 592 591 593 592 591 591 592 591 591 592 591 591 591 591 592 590 590 591 590 589 589 589 588 588 589 587 588 588 587 587 586 586 585 585 584 583 583 583 582 581 581 580 579 577 577 576 575 576 574 574 572 571 570 568 568 566 564 563 562 559 559 561 561 560
586 586 586 586 587 587 587 587 588 588 588 588 589 588 588 589 589 588 590 590 590 589 591 590 590 590 591 590 590 592 592 591 592 591 592 591 591 591 590 591 591 590 590 591 590 590 591 590 589 589 589 589 588 588 587 587 587 587 586 585 587 586 584 584 584 583 582 581 581 581 581 578 577 577 577 575 574 574 574 571 570 571 569 567 567 566 564 561 561 559 559 560 560 560
585 585 586 585 587 587 586 586 587 587 587 588 589 587 588 588 589 588 589 589 590 589 590 590 590 590 591 589 590 590 590 591 592 590 590 590 590 591 590 590 590 589 589 590 590 589 590 589 589 589 588 587 588 588 587 586 586 586 585 584 584 585 584 584 583 582 581 581 581 579 579 578 578 576 576 575 574 574 572 571 570 568 568 567 566 564 563 561 560 559 559 560 560 560
585 585 585 585 586 586 586 587 587 587 586 588 587 587 588 588 589 587 589 588 588 589 590 590 589 590 590 589 590 590 589 589 589 591 590 590 590 589 589 590 590 589 588 589 588 588 590 588 588 588 588 587 587 587 586 586 586 585 584 584 584 583 582 582 583 582 580 581 580 579 578 578 577 576 575 574 574 573 571 570 569 569 567 565 565 563 560 560 559 559 559 560 560 560
583 585 585 585 586 585 585 586 586 587 586 588 587 587 586 588 587 587 589 588 588 587 589 589 589 590 590 589 588 589 589 589 589 589 588 590 590 589 589 589 589 589 588 589 588 587 588 587 587 587 587 587 586 587 586 585 584 585 585 583 583 582 582 581 581 580 580 581 579 578 578 578 576 575 575 574 572 572 571 570 568 568 566 565 563 562 561 559 559 559 559 559 560 560
583 584 584 584 585 585 586 585 587 586 586 587 586 587 586 588 586 587 587 587 587 587 588 587 587 589 588 589 588 588 588 588 589 589 588 587 588 588 589 589 588 588 587 587 588 587 587 587 586 585 587 586 585 585 586 585 583 584 584 583 583 582 581 580 580 580 579 579 578 576 577 577 576 574 574 573 572 571 570 569 568 567 565 564 563 563 561 559 559 559 559 560 560 560
583 584 584 584 584 584 585 584 586 585 586 586 586 586 586 587 586 587 587 587 586 587 587 587 587 588 587 588 587 589 588 588 588 587 588 587 588 588 586 588 588 588 587 587 587 586 587 587 585 585 586 585 584 585 585 584 583 584 582 582 583 582 581 579 580 579 578 577 576 576 575 574 574 574 574 572 571 570 570 568 567 566 565 563 563 562 560 559 559 559 559 559 560 560
582 584 583 584 583 585 585 584 585 585 585 584 586 585 586 586 586 586 585 587 586 587 586 587 586 587 587 587 587 587 587 587 588 587 587 586 586 587 586 587 586 586 586 587 586 586 586 585 585 585 584 584 584 584 583 582 583 583 582 581 582 581 580 579 579 578 577 577 577 575 574 574 574 572 572 571 570 569 569 568 566 566 565 564 563 562 560 559 559 559 559 559 560 560
582 584 583 583 582 584 583 584 585 585 585 584 585 585 585 585 586 585 585 586 586 586 586 587 586 585 586 585 586 586 587 586 587 587 587 586 587 586 586 587 586 585 585 586 585 586 586 584 585 584 584 583 583 583 582 582 582 581 581 581 581 581 579 579 579 578 577 577 576 575 573 573 573 572 571 569 569 568 568 566 566 566 565 564 562 562 560 559 559 559 559 559 560 560
581 582 582 583 582 584 583 583 583 584 584 584 585 585 584 585 585 584 585 585 586 584 586 585 585 585 586 585 585 585 586 585 586 586 585 585 586 586 586 584 585 585 584 585 584 584 585 584 584 583 583 583 583 583 581 581 580 581 581 579 579 579 579 578 578 577 577 577 575 574 573 574 572 571 570 569 569 568 568 566 565 565 564 562 561 561 560 559 559 559 559 559 560 561
582 582 582 581 582 583 583 583 584 584 583 583 584 584 584 585 585 584 584 584 585 584 586 585 585 584 585 585 585 585 585 584 584 585 585 586 585 585 585 584 585 584 583 584 584 583 582 584 583 583 583 582 581 581 582 581 579 579 580 579 578 578 577 576 577 576 576 575 575 573 573 572 571 570 570 570 569 568 567 566 566 564 564 562 561 561 559 557 557 558 559 559 561 561
581 581 582 581 582 581 582 582 583 583 583 583 584 583 583 584 584 584 584 585 584 584 585 584 585 584 584 584 583 585 584 584 583 584 583 583 585 585 584 583 584 584 583 583 583 582 581 583 581 581 583 582 581 580 581 580 579 580 578 578 577 578 576 575 575 575 573 573 573 573 572 572 571 570 570 570 569 567 567 567 565 564 563 562 561 560 559 557 557 558 558 559 560 560
579 581 581 581 581 581 582 582 582 582 582 582 583 583 583 583 583 583 582 584 583 584 583 583 583 583 584 584 583 584 583 584 583 583 583 582 583 583 584 583 583 583 582 583 583 581 581 582 581 581 580 580 580 580 580 579 579 579 578 577 577 577 576 575 575 574 573 573 573 572 571 572 571 571 570 569 568 567 568 566 565 564 563 562 561 560 558 557 557 558 559 559 560 560
579 580 580 580 580 581 581 581 581 582 582 581 582 582 582 583 583 583 582 583 583 583 583 584 583 583 583 583 583 584 583 582 582 582 583 582 583 582 581 582 583 582 582 582 581 582 581 580 580 580 580 580 579 578 578 578 578 578 577 577 576 576 575 575 575 574 573 573 573 572 571 571 571 570 569 569 568 568 567 566 565 563 564 562 560 560 558 557 557 559 559 559 559 560
579 579 579 580 580 581 581 580 580 581 581 581 582 583 581 581 582 582 582 583 583 582 582 583 582 583 583 582 582 581 583 582 582 582 582 581 581 582 581 581 581 580 581 581 580 581 580 580 581 579 578 578 579 577 577 577 577 577 576 576 575 575 575 575 574 574 573 573 573 572 571 571 570 569 568 568 568 566 566 566 564 563 563 562 560 558 557 557 558 559 559 559 559 560
579 579 579 579 579 580 581 580 580 580 580 580 581 581 581 581 582 582 581 582 582 582 582 582 581 581 582 582 582 580 582 581 581 582 581 581 580 581 581 580 580 580 579 579 580 579 579 579 579 579 578 578 577 577 577 576 575 575 576 575 575 575 575 574 573 573 573 572 572 571 570 570 570 569 568 569 567 566 565 564 563 563 563 561 560 558 557 558 558 559 559 559 559 561
