testData/tiles/oneDegreeCosts/grid1.0-26.0-2.0-27.0.asc
ncols   200
nrows   200
xllcorner   1.0
yllcorner   26.0
cellsize   0.005
NODATA_value   -9999.0
[rows 126 to 167 of 200, columns 94 to 187 of 200]
940 942 944 945 947 949 951 952 954 956 957 958 959 962 963 964 965 966 969 970 971 972 972 973 974 975 976 977 979 980 981 982 983 984 985 985 986 986 987 987 988 988 989 990 991 991 992 993 993 992 993 993 994 995 994 995 995 996 996 995 995 996 995 996 996 997 996 997 996 996 996 995 996 996 996 996 994 995 994 994 993 994 993 993 991 992 991 991 990 990 989 988 988 987
940 943 944 946 948 949 951 952 955 956 957 958 961 962 963 964 966 968 969 970 971 972 973 973 974 975 977 978 979 980 981 982 983 984 985 986 987 987 987 988 989 989 989 990 991 991 992 993 994 994 993 994 994 995 995 995 995 996 997 996 996 996 997 996 997 997 997 997 997 996 996 997 996 996 996 996 995 995 995 994 995 994 994 993 993 992 992 991 990 991 990 989 988 987
942 944 945 946 948 950 951 953 955 956 957 960 961 962 963 965 967 968 969 970 971 972 973 974 977 977 978 979 979 980 981 982 983 984 985 986 987 988 988 988 989 990 990 990 991 992 992 993 994 994 995 994 994 995 996 996 996 996 997 997 997 996 997 996 997 997 998 997 998 997 996 997 996 997 997 996 997 995 995 994 995 994 994 994 994 992 992 991 992 991 990 990 988 987
943 944 946 948 949 950 951 954 955 956 958 960 961 962 964 965 967 968 969 970 971 973 974 976 977 978 978 979 980 981 982 982 983 984 985 986 987 988 989 989 989 990 991 991 991 992 993 993 994 995 995 995 994 995 996 996 996 996 997 997 997 997 997 997 997 997 998 997 998 998 997 997 996 997 997 996 997 996 995 995 995 994 994 994 994 992 992 992 992 991 991 990 988 989
943 944 946 948 950 951 953 954 955 956 959 960 961 963 964 966 967 968 969 971 972 974 975 976 977 978 979 979 980 981 982 983 984 984 985 986 987 988 989 989 990 990 991 992 992 993 993 993 994 995 995 996 995 995 996 996 997 997 997 998 998 998 997 998 997 998 998 997 998 998 998 997 997 997 997 997 997 997 996 996 995 995 995 995 994 994 993 992 992 991 991 990 990 989
943 944 947 948 950 952 954 955 956 958 959 960 961 963 965 966 967 968 970 971 973 974 975 976 977 978 979 980 980 981 982 983 984 985 986 986 987 988 989 990 990 991 991 992 992 993 994 994 994 995 996 996 997 995 996 997 997 998 997 998 998 999 998 998 998 998 998 999 998 998 999 997 998 997 997 998 997 997 997 996 995 996 995 995 994 994 993 993 992 991 991 991 991 989
943 945 947 949 950 952 954 955 957 959 960 960 962 964 965 966 967 969 970 972 973 974 975 976 977 978 979 980 981 982 982 984 985 986 987 988 987 988 989 990 991 991 992 992 993 993 994 995 994 995 996 996 997 998 996 997 997 998 997 998 999 999 999 999 998 998 998 999 998 999 999 998 998 998 998 998 997 998 997 997 995 996 995 995 994 995 994 993 992 992 992 991 991 990
943 946 947 949 951 953 1098 955 958 959 960 962 964 964 965 966 968 969 971 972 973 974 975 976 977 978 979 981 982 983 984 984 985 986 987 988 989 989 990 991 991 992 992 993 993 994 994 995 996 995 996 997 997 998 998 997 998 998 999 998 999 999 1000 999 999 999 999 999 999 999 999 999 999 998 998 998 997 998 998 997 997 996 996 995 996 995 994 993 992 993 992 992 991 990
1088 1090 1092 1093 1095 1097 1098 1100 1102 1103 1105 1106 1108 1109 1109 1111 1112 1114 1115 1116 1117 1118 1120 1121 1122 1124 1125 1126 1127 1128 1128 1129 1129 1130 1131 1132 1133 1134 1134 1135 1136 1137 1136 1137 994 994 994 995 996 996 996 997 997 998 999 998 998 998 999 998 999 999 1000 999 1000 999 999 999 1000 999 999 1000 999 998 998 998 999 998 998 997 998 996 996 995 996 995 995 994 993 993 992 992 991 990
1089 1090 1092 1094 1096 1097 1098 1101 1102 1103 1105 1107 1108 1109 1111 1112 1113 1114 1115 1116 1118 1119 1120 1121 1123 1124 1125 1126 1127 1128 1129 1130 1130 1130 1131 1132 1133 1134 1135 1135 1136 1137 1138 1137 1138 1139 1139 1139 1140 1141 1141 1141 1141 1142 1143 1143 1142 1142 1143 1143 999 999 1000 1000 1000 1000 1000 999 1000 1000 1000 1000 999 1000 999 998 999 998 998 998 998 996 996 996 996 995 995 995 994 993 992 992 991 992
1089 1090 1092 1094 1096 1097 1100 1101 1102 1104 1105 1107 1108 1110 1111 1113 1114 1114 1116 1117 1118 1119 1121 1122 1123 1124 1125 1126 1127 1128 1129 1130 1131 1132 1131 1132 1133 1134 1135 1136 1136 1137 1138 1139 1139 1139 1139 1139 1140 1141 1141 1142 1142 1142 1143 1143 1143 1143 1143 1144 1144 1144 1144 1145 1144 1145 1144 1143 1144 1144 1144 1144 1000 1000 999 998 999 998 998 998 998 998 997 997 996 995 995 995 995 993 993 992 992 992
1089 1091 1092 1095 1096 1097 1100 1101 1102 1104 1106 1107 1109 1110 1111 1113 1114 1116 1117 1117 1118 1120 1121 1122 1123 1124 1125 1126 1127 1128 1129 1130 1131 1132 1133 1132 1133 1134 1135 1136 1136 1137 1138 1139 1139 1140 1140 1140 1140 1141 1142 1142 1142 1142 1143 1144 1144 1144 1143 1144 1144 1144 1144 1145 1144 1145 1145 1145 1144 1144 1144 1144 1145 1144 1144 1143 1143 1143 1143 1143 1142 1142 998 997 996 996 996 995 995 993 993 993 993 992
1089 1091 1093 1095 1096 1099 1100 1101 1103 1105 1106 1108 1109 1110 1112 1113 1115 1116 1117 1118 1119 1120 1121 1122 1123 1124 1125 1126 1127 1128 1129 1130 1131 1132 1133 1134 1133 1134 1135 1136 1137 1137 1138 1139 1140 1140 1141 1141 1140 1141 1142 1142 1143 1143 1143 1144 1144 1145 1143 1144 1144 1145 1144 1145 1145 1145 1145 1145 1144 1145 1145 1144 1145 1144 1144 1145 1143 1143 1143 1143 1142 1143 1142 1141 1140 1141 1140 1140 1139 1138 994 993 993 992
1090 1091 1094 1095 1096 1099 1100 1101 1103 1105 1106 1108 1109 1111 1112 1114 1115 1116 1117 1119 1120 1120 1121 1122 1123 1124 1125 1126 1127 1128 1129 1130 1131 1133 1133 1134 1135 1134 1135 1136 1137 1138 1138 1139 1140 1140 1141 1142 1142 1141 1142 1142 1143 1144 1143 1144 1144 1145 1145 1144 1145 1145 1145 1145 1146 1145 1145 1146 1144 1145 1145 1144 1145 1145 1145 1145 1143 1144 1143 1143 1142 1143 1142 1142 1140 1141 1140 1140 1139 1139 1138 1137 1137 1136
1090 1092 1094 1095 1097 1099 1100 1102 1104 1105 1107 1108 1109 1111 1113 1114 1115 1116 1118 1119 1120 1121 1122 1123 1124 1125 1126 1127 1129 1130 1130 1131 1132 1133 1134 1135 1136 1137 1136 1136 1137 1138 1138 1139 1140 1141 1141 1142 1143 1142 1142 1143 1143 1144 1143 1144 1145 1145 1146 1145 1145 1145 1145 1145 1146 1146 1146 1146 1146 1145 1145 1145 1145 1145 1145 1145 1144 1144 1144 1143 1144 1143 1143 1142 1142 1141 1140 1140 1139 1140 1139 1138 1137 1136
1090 1092 1094 1095 1098 1099 1100 1102 1104 1105 1107 1108 1110 1111 1113 1114 1115 1117 1118 1119 1121 1122 1123 1124 1124 1125 1127 1128 1129 1130 1131 1132 1132 1133 1134 1135 1136 1137 1136 1137 1138 1138 1139 1139 1140 1141 1141 1142 1143 1143 1142 1143 1143 1144 1145 1144 1145 1145 1146 1145 1145 1145 1146 1145 1146 1146 1146 1146 1147 1145 1145 1146 1145 1146 1145 1145 1146 1144 1144 1143 1144 1143 1143 1143 1143 1141 1141 1140 1140 1140 1139 1138 1137 1136
1092 1094 1094 1095 1098 1099 1101 1103 1104 1106 1107 1109 1110 1112 1113 1114 1115 1117 1118 1120 1121 1122 1123 1124 1125 1126 1127 1128 1129 1130 1131 1132 1133 1133 1134 1135 1136 1137 1138 1137 1138 1139 1139 1139 1140 1141 1142 1142 1143 1144 1143 1143 1144 1144 1145 1145 1145 1145 1146 1146 1146 1146 1146 1145 1146 1146 1147 1146 1147 1146 1146 1146 1145 1146 1146 1145 1146 1145 1144 1144 1144 1143 1143 1143 1143 1141 1141 1141 1141 1140 1139 1139 1137 1138
1092 1094 1095 1098 1098 1099 1101 1103 1104 1106 1107 1109 1111 1112 1113 1114 1116 1118 1119 1120 1121 1122 1123 1125 1126 1127 1127 1128 1129 1130 1131 1132 1133 1134 1134 1135 1136 1137 1138 1139 1138 1139 1140 1141 1140 1141 1142 1142 1143 1144 1144 1144 1144 1144 1145 1145 1145 1146 1146 1147 1146 1147 1146 1147 1146 1147 1147 1146 1147 1147 1146 1146 1145 1146 1146 1145 1146 1145 1144 1144 1144 1143 1144 1143 1143 1142 1141 1141 1141 1140 1140 1139 1138 1138
1092 1094 1095 1098 1099 1101 1102 1103 1105 1106 1108 1110 1111 1112 1113 1115 1117 1118 1119 1120 1121 1122 1124 1125 1126 1127 1128 1128 1129 1130 1131 1132 1133 1134 1135 1135 1136 1137 1138 1139 1140 1139 1140 1141 1141 1141 1142 1143 1143 1144 1145 1145 1144 1144 1145 1146 1146 1146 1146 1147 1147 1147 1146 1147 1146 1147 1147 1147 1147 1147 1147 1146 1147 1146 1146 1146 1146 1145 1146 1145 1144 1144 1144 1144 1143 1143 1142 1141 1141 1140 1140 1139 1139 1138
1093 1094 1097 1098 1099 1101 1103 1104 1105 1106 1108 1110 1111 1112 1113 1116 1117 1118 1119 1120 1121 1123 1124 1125 1126 1127 1128 1129 1129 1130 1131 1132 1133 1134 1135 1136 1136 1137 1138 1139 1140 1140 1140 1141 1142 1142 1142 1143 1143 1144 1145 1145 1145 1145 1145 1146 1146 1146 1146 1147 1147 1147 1147 1147 1147 1147 1147 1148 1147 1148 1147 1146 1147 1146 1146 1146 1146 1146 1146 1145 1144 1145 1144 1144 1143 1144 1142 1142 1141 1140 1140 1140 1140 1138
1093 1094 1097 1098 1100 1102 1103 1105 1106 1107 1109 1110 1111 1112 1114 1116 1117 1118 1119 1120 1122 1123 1124 1125 1127 1128 1129 1129 1130 1130 1131 1132 1133 1134 1135 1136 1137 1137 1138 1139 1140 1141 1141 1141 1142 1142 1143 1143 1144 1144 1145 1145 1146 1146 1145 1146 1146 1147 1147 1147 1148 1148 1148 1147 1148 1147 1147 1148 1147 1148 1148 1147 1147 1146 1147 1147 1146 1147 1146 1146 1144 1145 1144 1144 1143 1144 1143 1142 1141 1141 1141 1140 1140 1139
1093 1094 1097 1098 1100 1102 1103 1105 1106 1108 1110 1110 1111 1113 1115 1116 1117 1118 1119 1121 1122 1124 1125 1126 1127 1128 1129 1130 1131 1132 1131 1132 1133 1134 1135 1136 1137 1138 1138 1139 1140 1141 1141 1141 1142 1143 1143 1144 1144 1144 1145 1146 1146 1147 1145 1146 1147 1147 1147 1147 1148 1148 1148 1148 1148 1147 1148 1148 1147 1148 1148 1148 1147 1147 1147 1147 1146 1147 1146 1146 1145 1145 1144 1144 1144 1144 1143 1142 1141 1142 1141 1140 1140 1139
1093 1096 1097 1098 1100 1102 1104 1105 1107 1109 1110 1111 1111 1114 1115 1116 1117 1118 1119 1122 1123 1124 1125 1126 1127 1128 1129 1130 1131 1133 1134 1134 1134 1135 1136 1137 1138 1139 1138 1139 1140 1141 1142 1142 1142 1143 1143 1144 1144 1144 1145 1146 1146 1147 1147 1146 1147 1147 1148 1147 1148 1148 1148 1148 1148 1148 1148 1148 1149 1148 1148 1148 1148 1147 1147 1147 1146 1147 1147 1146 1147 1145 1145 1144 1145 1144 1143 1143 1141 1142 1141 1141 1140 1139
1093 1096 1097 1099 1101 1102 1104 1105 1107 1109 1110 1111 1114 1115 1115 1116 1117 1118 1121 1122 1123 1124 1125 1126 1127 1128 1129 1131 1132 1133 1134 1135 1135 1135 1136 1137 1138 1139 1140 1140 1140 1141 1142 1142 1143 1143 1144 1144 1145 1145 1145 1146 1146 1147 1148 1147 1147 1147 1148 1147 1148 1148 1149 1148 1149 1148 1148 1148 1149 1148 1148 1149 1148 1148 1147 1147 1148 1147 1147 1146 1147 1145 1145 1145 1145 1144 1144 1143 1142 1142 1141 1141 1140 1139
1093 1096 1097 1099 1101 1103 1104 1105 1108 1109 1110 1111 1114 1115 1116 1116 1117 1120 1121 1122 1123 1124 1125 1126 1127 1128 1130 1131 1132 1133 1134 1135 1135 1136 1136 1137 1138 1139 1140 1141 1141 1141 1142 1143 1143 1143 1144 1144 1145 1146 1145 1146 1147 1147 1148 1147 1147 1147 1148 1148 1148 1149 1149 1149 1149 1149 1148 1148 1149 1148 1149 1149 1148 1149 1147 1147 1148 1147 1147 1147 1147 1146 1145 1145 1145 1144 1144 1144 1144 1142 1141 1141 1140 1141
1095 1096 1097 1099 1101 1103 1104 1106 1108 1109 1110 1113 1114 1115 1116 1117 1118 1120 1121 1122 1123 1124 1125 1126 1128 1129 1130 1131 1132 1133 1134 1135 1136 1136 1137 1137 1138 1139 1140 1141 1141 1142 1143 1143 1143 1144 1144 1144 1145 1146 1145 1146 1147 1147 1148 1148 1148 1148 1148 1149 1148 1149 1149 1149 1149 1150 1149 1148 1149 1149 1149 1149 1148 1149 1148 1147 1148 1147 1147 1147 1147 1146 1146 1145 1145 1144 1144 1144 1144 1142 1142 1141 1140 1141
1095 1096 1098 1100 1101 1103 1104 1107 1108 1109 1110 1113 1114 1115 1116 1118 1120 1120 1121 1122 1123 1124 1125 1127 1128 1129 1130 1131 1132 1133 1134 1135 1136 1137 1137 1138 1138 1139 1140 1141 1142 1142 1143 1144 1144 1144 1145 1145 1145 1146 1147 1146 1147 1147 1148 1149 1148 1148 1148 1149 1148 1149 1149 1150 1149 1150 1150 1149 1149 1149 1149 1149 1150 1149 1149 1148 1148 1147 1148 1147 1147 1147 1146 1146 1145 1144 1145 1144 1144 1142 1142 1141 1141 1141
1095 1096 1098 1100 1102 1103 1105 1107 1108 1109 1112 1113 1114 1115 1116 1119 1120 1121 1122 1122 1123 1124 1126 1127 1128 1129 1130 1131 1132 1133 1134 1135 1136 1137 1138 1138 1138 1139 1140 1141 1142 1142 1143 1144 1145 1144 1145 1145 1145 1146 1147 1147 1147 1148 1148 1149 1149 1149 1148 1149 1149 1149 1149 1150 1149 1150 1150 1149 1149 1150 1149 1149 1150 1149 1149 1148 1148 1148 1148 1148 1147 1147 1147 1146 1145 1145 1145 1144 1144 1143 1142 1142 1142 1141
1095 1096 1098 1100 1102 1103 1105 1107 1108 1109 1112 1113 1114 1115 1117 1119 1120 1121 1122 1123 1123 1125 1127 1128 1129 1130 1131 1132 1133 1133 1134 1135 1136 1137 1138 1139 1139 1139 1140 1141 1142 1143 1143 1144 1145 1145 1145 1146 1146 1146 1147 1147 1147 1148 1148 1149 1149 1149 1148 1149 1150 1149 1150 1150 1149 1150 1150 1151 1149 1150 1149 1149 1150 1149 1149 1149 1148 1148 1148 1148 1147 1148 1147 1146 1145 1146 1145 1145 1144 1143 1143 1142 1142 1141
1095 1097 1099 1100 1102 1103 1106 1107 1108 1110 1112 1113 1114 1116 1118 1119 1120 1121 1122 1123 1125 1126 1127 1128 1129 1130 1131 1132 1133 1134 1134 1135 1136 1137 1138 1139 1139 1140 1140 1141 1142 1143 1143 1144 1145 1146 1145 1146 1147 1146 1147 1148 1148 1148 1148 1149 1150 1149 1150 1149 1150 1149 1150 1150 1151 1150 1150 1151 1149 1150 1150 1150 1150 1149 1150 1150 1148 1149 1148 1148 1147 1148 1147 1147 1145 1146 1145 1145 1144 1144 1144 1142 1142 1141
1095 1097 1099 1101 1102 1104 1106 1107 1108 1111 1112 1113 1114 1116 1118 1119 1120 1121 1122 1124 1126 1127 1127 1128 1129 1130 1131 1132 1133 1134 1135 1136 1136 1137 1138 1139 1140 1140 1140 1141 1142 1143 1144 1144 1145 1146 1146 1146 1147 1146 1147 1148 1148 1148 1148 1149 1150 1150 1150 1150 1150 1150 1150 1150 1151 1150 1151 1151 1150 1150 1150 1150 1150 1150 1150 1150 1149 1149 1148 1148 1148 1148 1147 1147 1146 1146 1145 1145 1144 1145 1144 1142 1142 1141
1095 1097 1099 1101 1102 1105 1106 1107 1109 1111 1112 1113 1115 1117 1118 1119 1120 1121 1123 1125 1126 1127 1128 1128 1129 1130 1131 1132 1133 1134 1135 1136 1137 1137 1138 1139 1140 1141 1141 1141 1142 1143 1144 1144 1145 1146 1147 1147 1147 1148 1147 1148 1148 1149 1149 1149 1150 1150 1150 1150 1150 1150 1150 1150 1151 1150 1151 1151 1151 1150 1150 1150 1150 1150 1150 1150 1149 1149 1148 1148 1149 1148 1148 1147 1148 1146 1145 1145 1144 1145 1144 1143 1142 1141
1096 1098 1099 1101 1102 1105 1106 1107 1110 1111 1112 1113 1115 1117 1118 1119 1120 1122 1123 1125 1126 1127 1128 1129 1129 1130 1131 1132 1133 1135 1136 1137 1138 1139 1139 1140 1141 1142 1142 1141 1142 1143 1144 1144 1145 1146 1147 1147 1147 1148 1147 1148 1148 1149 1149 1149 1150 1150 1151 1150 1151 1150 1150 1150 1151 1151 1151 1151 1152 1150 1150 1150 1150 1151 1150 1150 1150 1150 1149 1148 1149 1148 1148 1148 1148 1146 1146 1145 1145 1145 1144 1144 1142 1141
1097 1098 1100 1101 1103 1105 1106 1107 1110 1111 1112 1114 1116 1117 1118 1119 1121 1122 1124 1125 1126 1127 1128 1129 1130 1130 1131 1132 1134 1135 1136 1137 1138 1139 1139 1140 1141 1142 1143 1142 1142 1143 1144 1145 1145 1146 1147 1147 1148 1148 1148 1148 1149 1149 1150 1149 1150 1150 1151 1151 1151 1151 1151 1151 1151 1151 1151 1151 1152 1151 1151 1151 1150 1151 1150 1150 1151 1150 1149 1149 1149 1148 1148 1148 1148 1146 1146 1146 1146 1145 1144 1144 1142 1142
1097 1099 1101 1101 1104 1105 1106 1108 1110 1111 1112 1114 1116 1117 1118 1120 1121 1123 1124 1125 1126 1127 1128 1129 1130 1130 1132 1133 1134 1135 1136 1137 1138 1139 1140 1140 1141 1142 1143 1144 1143 1143 1144 1145 1145 1146 1147 1148 1148 1149 1148 1149 1149 1149 1150 1149 1150 1151 1151 1151 1151 1152 1151 1151 1151 1152 1151 1151 1152 1151 1151 1151 1150 1151 1150 1150 1151 1150 1149 1149 1149 1148 1148 1148 1148 1147 1146 1146 1146 1145 1144 1144 1142 1143
1100 1101 1103 1104 1107 1107 1108 1111 1112 1113 1115 1116 1118 1119 1120 1122 1123 1125 1126 1127 1128 1128 1129 1130 1131 1133 1133 1134 1135 1136 1137 1138 1138 1139 1140 1141 1141 1142 1143 1144 1145 1144 1144 1145 1146 1146 1147 1148 1148 1149 1149 1149 1149 1149 1150 1150 1150 1151 1151 1152 1151 1152 1151 1151 1151 1152 1152 1152 1152 1151 1152 1151 1150 1151 1151 1151 1151 1150 1150 1149 1149 1148 1149 1148 1148 1147 1146 1146 1146 1145 1145 1144 1144 1143
1102 1103 1105 1107 1109 1110 1110 1113 1114 1115 1117 1119 1120 1121 1123 1124 1126 1127 1128 1129 1130 1131 1132 1132 1135 1136 1136 1136 1137 1138 1139 1140 1141 1142 1142 1143 1143 1144 1145 1146 1147 1146 1146 1146 1147 1147 1148 1149 1148 1149 1150 1149 1150 1149 1150 1151 1150 1151 1151 1152 1151 1152 1151 1152 1151 1152 1152 1152 1152 1152 1152 1151 1151 1151 1151 1151 1151 1150 1151 1149 1149 1148 1149 1148 1148 1147 1147 1146 1146 1145 1145 1144 1144 1143
1104 1106 1107 1109 1111 1112 1114 1116 1116 1118 1119 1121 1122 1123 1125 1126 1128 1129 1130 1131 1132 1134 1135 1137 1138 1138 1139 1140 1140 1140 1141 1142 1143 1144 1145 1145 1146 1146 1147 1148 1149 1150 1148 1149 1149 1149 1150 1151 1151 1151 1152 1151 1152 1152 1151 1152 1151 1152 1152 1152 1151 1152 1152 1152 1151 1152 1152 1152 1152 1153 1152 1152 1152 1151 1151 1151 1151 1150 1151 1151 1149 1150 1149 1149 1148 1148 1148 1146 1146 1145 1145 1145 1145 1144
1106 1108 1109 1112 1113 1114 1117 1118 1119 1120 1122 1123 1124 1126 1127 1129 1130 1131 1132 1133 1135 1136 1137 1139 1140 1140 1141 1142 1143 1143 1143 1144 1145 1146 1147 1148 1148 1148 1149 1150 1151 1152 1151 1151 1151 1152 1152 1153 1154 1153 1154 1154 1154 1155 1153 1154 1154 1154 1154 1154 1155 1154 1155 1153 1152 1153 1153 1152 1152 1153 1152 1152 1152 1151 1151 1151 1151 1151 1151 1151 1149 1150 1149 1149 1148 1149 1148 1147 1146 1145 1146 1145 1145 1144
1108 1110 1111 1114 1115 1116 1119 1120 1121 1123 1124 1125 1126 1128 1129 1131 1132 1133 1134 1136 1137 1138 1140 1141 1142 1142 1143 1144 1145 1145 1146 1146 1147 1148 1149 1150 1150 1151 1151 1152 1153 1154 1154 1153 1154 1154 1154 1155 1156 1155 1156 1157 1156 1157 1156 1156 1157 1156 1157 1156 1157 1156 1157 1157 1155 1155 1155 1156 1154 1155 1154 1153 1153 1152 1153 1151 1151 1152 1151 1151 1149 1150 1149 1149 1148 1149 1148 1147 1146 1145 1146 1145 1145 1144
1110 1112 1114 1116 1117 1119 1121 1122 1124 1125 1127 1127 1129 1130 1131 1133 1134 1135 1137 1138 1139 1141 1142 1143 1143 1144 1145 1146 1147 1148 1148 1149 1149 1150 1151 1151 1152 1153 1153 1154 1155 1156 1157 1156 1156 1157 1156 1157 1158 1157 1158 1159 1158 1159 1159 1158 1159 1158 1159 1158 1159 1158 1159 1159 1158 1157 1158 1158 1156 1157 1157 1157 1156 1154 1155 1154 1153 1154 1153 1152 1151 1151 1149 1149 1148 1149 1148 1148 1146 1147 1146 1145 1145 1144
1113 1114 1116 1118 1119 1121 1123 1124 1126 1128 1129 1130 1131 1132 1134 1135 1136 1138 1139 1140 1141 1143 1144 1144 1145 1146 1147 1148 1149 1150 1151 1151 1152 1152 1152 1153 1154 1155 1156 1156 1157 1158 1158 1158 1158 1159 1158 1159 1160 1159 1160 1161 1161 1161 1161 1160 1161 1161 1161 1160 1161 1160 1161 1161 1161 1159 1160 1160 1158 1159 1160 1160 1159 1157 1158 1157 1156 1157 1156 1155 1155 1154 1152 1152 1152 1151 1150 1150 1147 1148 1147 1146 1146 1145
