testData/tiles/oneDegreeCosts/grid10.0-20.0-11.0-21.0.asc
ncols   200
nrows   200
xllcorner   10.0
yllcorner   20.0
cellsize   0.005
NODATA_value   -9999.0
[rows 0 to 41 of 200, columns 94 to 187 of 200]
723 723 723 723 723 723 723 723 723 723 723 723 540 540 540 540 540 540 540 540 540 540 540 540 540 540 540 540 540 540 541 541 541 542 542 542 543 543 543 544 544 603 604 604 604 605 605 605 605 606 606 606 607 607 607 607 607 607 607 608 608 608 608 609 609 609 610 610 610 610 611 611 611 611 612 611 611 611 612 612 612 612 613 613 613 613 613 614 613 613 613 614 614 614
723 723 723 723 723 723 723 723 723 723 723 723 540 540 540 540 540 540 540 540 540 540 540 540 540 540 540 540 540 540 541 541 541 542 542 542 543 543 543 544 544 603 603 604 604 604 605 605 605 606 606 606 606 607 607 606 607 607 607 607 608 608 608 609 609 609 609 610 610 610 610 611 611 611 610 611 611 611 611 612 612 612 612 613 613 613 613 614 613 613 613 614 614 614
723 723 723 723 723 723 723 723 723 723 723 723 540 540 540 540 540 540 540 540 540 540 540 540 540 540 540 540 540 540 540 541 541 541 542 542 542 543 543 543 603 603 603 604 604 604 605 605 605 605 606 606 606 607 606 606 607 607 607 607 608 608 608 608 609 609 609 610 610 610 610 611 611 610 610 611 611 611 611 612 612 612 612 613 613 613 613 612 613 613 613 613 614 614
723 723 723 723 723 723 723 723 723 723 723 723 540 540 540 540 540 540 540 540 540 540 540 540 540 540 540 540 540 540 540 541 541 541 542 542 542 543 543 543 603 603 603 604 604 604 604 605 605 605 606 606 606 607 606 606 606 607 607 607 608 608 608 608 609 609 609 609 610 610 610 610 611 610 610 610 611 611 611 611 612 612 612 612 613 613 613 612 613 613 613 613 613 614
723 723 723 723 723 723 723 723 723 723 723 723 540 540 540 540 540 540 540 540 540 540 540 540 540 540 540 540 540 540 540 541 541 541 542 542 542 543 543 543 602 603 603 603 604 604 604 605 605 605 606 606 606 605 606 606 606 607 607 607 607 608 608 608 608 609 609 609 610 610 610 610 610 610 610 610 611 611 611 611 612 612 612 612 613 613 612 612 612 613 613 613 613 614
723 723 723 723 723 723 723 723 723 723 723 723 540 540 540 540 540 540 540 540 540 540 540 540 540 540 540 540 540 540 540 540 541 541 541 542 542 542 543 543 602 603 603 603 604 604 604 604 605 605 605 605 605 605 606 606 606 606 607 607 607 608 608 608 608 609 609 609 609 610 610 610 609 610 610 610 610 611 611 611 611 612 612 612 612 613 612 612 612 613 613 613 613 613
723 723 723 723 723 723 723 723 723 723 723 723 540 540 540 540 540 540 540 540 540 540 540 540 540 540 540 540 540 540 540 540 541 541 541 542 542 542 543 602 602 603 603 603 603 604 604 604 605 605 604 605 605 605 605 606 606 606 607 607 607 607 608 608 608 608 609 609 609 610 610 609 609 610 610 610 610 611 611 611 611 612 612 612 612 612 612 612 612 612 613 613 613 613
723 723 723 723 723 723 723 723 723 723 723 723 540 540 540 540 540 540 540 540 540 540 540 540 540 540 540 540 540 540 540 540 540 541 541 541 542 542 542 602 602 602 603 603 603 604 604 604 605 604 604 604 605 605 605 606 606 606 606 607 607 607 608 608 608 608 609 609 609 609 609 609 609 609 610 610 610 610 611 611 611 611 612 612 611 611 612 612 612 612 613 613 613 613
723 723 723 723 723 723 723 723 723 723 723 723 540 540 540 540 540 540 540 540 540 540 540 540 540 540 540 540 540 540 540 540 540 541 541 541 542 542 542 602 602 602 603 603 603 603 604 603 603 604 604 604 605 605 605 605 606 606 606 607 607 607 607 608 608 608 608 609 609 608 609 609 609 609 610 610 610 610 611 611 611 611 612 612 611 611 611 612 612 612 612 613 613 613
723 723 723 723 723 723 723 723 723 723 723 723 540 540 540 540 540 540 540 540 540 540 540 540 540 540 540 540 540 540 540 540 540 541 541 541 541 542 542 601 602 602 602 603 603 603 603 603 603 604 604 604 604 605 605 605 606 606 606 606 607 607 607 608 608 608 608 609 608 608 608 609 609 609 609 610 610 610 610 611 611 611 611 611 611 611 611 612 612 612 612 613 613 613
723 723 723 723 723 723 723 723 723 723 723 723 540 540 540 540 540 540 540 540 540 540 540 540 540 540 540 540 540 540 540 540 540 540 541 541 541 542 601 601 602 602 602 603 602 602 602 603 603 603 604 604 604 605 605 605 605 606 606 606 607 607 607 607 608 608 608 608 608 608 608 609 609 609 609 610 610 610 610 611 611 611 611 611 611 611 611 611 612 612 612 612 613 613
722 723 723 723 723 723 723 723 723 723 723 723 540 540 540 540 540 540 540 540 540 540 540 540 540 540 540 540 540 540 540 540 540 540 541 541 541 542 601 601 601 602 601 601 602 602 602 603 603 603 604 604 604 604 605 605 605 606 606 606 606 607 607 607 608 608 608 607 608 608 608 608 609 609 609 609 610 610 610 610 611 611 610 610 611 611 611 611 612 612 612 612 612 613
722 722 722 723 723 723 723 723 723 723 723 723 540 540 540 540 540 540 540 540 540 540 540 540 540 540 540 540 540 540 540 540 540 540 540 541 541 541 601 601 600 601 601 601 602 602 602 603 603 603 603 604 604 604 605 605 605 605 606 606 606 607 607 607 607 608 607 607 607 608 608 608 609 609 609 609 610 610 610 610 611 610 610 610 610 611 611 611 611 612 612 612 612 612
722 722 722 722 722 722 723 723 723 723 723 723 540 540 540 540 540 540 540 540 540 540 540 540 540 540 540 540 540 540 540 540 540 540 540 541 541 540 600 600 600 601 601 601 601 602 602 602 603 603 603 604 604 604 604 605 605 605 606 606 606 606 607 607 607 607 607 607 607 608 608 608 608 609 609 609 609 610 610 610 609 610 610 610 610 611 611 611 611 612 612 612 612 611
722 722 722 722 722 722 722 722 722 722 723 723 540 540 540 540 540 540 540 540 540 540 540 540 540 540 540 540 540 540 540 540 540 539 539 539 540 540 599 600 600 600 601 601 601 602 602 602 603 603 603 603 604 604 604 605 605 605 605 606 606 606 607 606 606 606 607 607 607 607 608 608 608 608 609 609 609 610 610 609 609 609 610 610 610 610 611 611 611 611 612 612 611 611
722 722 722 722 722 722 722 722 722 722 722 722 539 539 539 540 540 540 540 540 540 540 540 540 540 540 540 540 539 539 539 539 539 539 539 539 540 599 599 600 600 600 601 601 601 601 602 602 602 603 603 603 604 604 604 604 605 605 605 606 606 606 605 606 606 606 607 607 607 607 608 608 608 608 609 609 609 609 610 609 609 609 610 610 610 610 611 611 611 611 611 611 611 611
722 722 722 722 722 722 722 722 722 722 722 722 539 539 539 539 539 539 539 539 539 539 539 539 539 539 539 539 539 539 539 539 539 539 539 539 539 599 599 599 600 600 600 601 601 601 602 602 602 603 603 603 603 604 604 604 605 605 605 605 606 605 605 606 606 606 606 607 607 607 607 608 608 608 608 609 609 609 608 609 609 609 609 610 610 610 610 611 611 611 610 611 611 611
722 722 722 722 722 722 722 722 722 722 722 722 539 539 539 539 539 539 539 539 539 539 539 539 539 539 539 539 539 539 539 539 539 539 539 539 539 599 599 599 600 600 600 601 601 601 601 602 602 602 603 603 603 604 604 604 604 605 605 605 605 605 605 605 606 606 606 606 607 607 607 608 608 608 608 609 609 608 608 609 609 609 609 610 610 610 610 610 611 611 610 610 611 611
722 722 722 722 722 722 722 722 722 722 722 722 539 539 539 539 539 539 539 539 539 539 539 539 539 539 539 539 539 539 539 539 539 539 539 539 539 598 599 599 599 600 600 600 601 601 601 602 602 602 603 603 603 603 604 604 604 605 604 604 604 605 605 605 606 606 606 606 607 607 607 607 608 608 608 608 608 608 608 608 609 609 609 609 610 610 610 610 611 610 610 610 610 611
722 722 722 722 722 722 722 722 722 722 722 722 539 539 539 539 539 539 539 539 539 539 539 539 539 539 539 539 539 539 539 539 539 539 539 539 539 598 599 599 599 600 600 600 601 601 601 601 602 602 602 603 603 603 604 604 603 603 604 604 604 605 605 605 605 606 606 606 606 607 607 607 608 608 608 607 608 608 608 608 609 609 609 609 609 610 610 610 609 610 610 610 610 611
722 722 722 722 722 722 722 722 722 722 722 722 539 539 539 539 539 539 539 539 539 539 539 539 539 539 539 539 539 539 539 539 539 539 539 539 598 598 598 599 599 599 600 600 600 601 601 601 602 602 602 603 603 603 603 603 603 603 604 604 604 604 605 605 605 606 606 606 606 607 607 607 607 608 607 607 607 608 608 608 608 609 609 609 609 610 610 609 609 610 610 610 610 610
722 722 722 722 722 722 722 722 722 722 722 539 539 539 539 539 539 539 539 539 539 539 539 539 539 539 539 539 539 539 539 539 539 539 539 539 598 598 598 599 599 599 600 600 600 601 601 601 601 602 602 602 603 602 602 603 603 603 603 604 604 604 605 605 605 605 606 606 606 606 607 607 606 606 607 607 607 607 608 608 608 608 609 609 609 609 609 609 609 609 610 610 610 610
722 722 722 722 722 722 722 722 722 722 722 539 539 539 539 539 539 539 539 539 539 539 539 539 539 539 539 539 539 539 539 539 539 539 539 539 598 598 598 598 599 599 599 600 600 600 601 601 601 602 602 601 602 602 602 602 603 603 603 604 604 604 604 605 605 605 605 606 606 606 607 606 606 606 607 607 607 607 608 608 608 608 609 609 609 608 609 609 609 609 609 610 610 610
722 722 722 722 722 722 722 722 722 722 722 539 539 539 539 539 539 539 539 539 539 539 539 539 539 539 539 539 539 539 539 539 539 539 539 539 598 598 598 598 599 599 599 600 600 600 601 601 601 600 601 601 601 602 602 602 603 603 603 603 604 604 604 604 605 605 605 606 606 606 605 606 606 606 606 607 607 607 607 608 608 608 608 609 608 608 608 609 609 609 609 610 610 610
722 722 722 722 722 722 722 722 722 722 722 539 539 539 539 539 539 539 539 539 539 539 539 539 539 539 539 539 539 539 539 539 539 539 539 539 598 598 598 598 598 599 599 599 600 600 599 600 600 600 601 601 601 601 602 602 602 603 603 603 603 604 604 604 605 605 605 605 606 605 605 605 606 606 606 607 607 607 607 608 608 608 608 608 608 608 608 608 609 609 609 609 610 610
722 722 722 722 722 722 722 722 722 722 722 539 539 539 539 539 539 539 539 539 539 539 539 539 539 539 539 539 539 539 539 539 539 539 539 539 598 598 598 598 598 599 599 598 599 599 599 600 600 600 600 601 601 601 602 602 602 602 603 603 603 604 604 604 604 605 605 604 605 605 605 605 606 606 606 606 607 607 607 607 608 608 607 607 608 608 608 608 609 609 609 609 609 610
721 721 721 722 722 722 722 722 722 722 722 539 539 539 539 539 539 539 539 539 539 539 539 539 539 539 539 539 539 539 539 539 539 539 539 598 598 598 598 598 597 597 598 598 598 599 599 599 600 600 600 601 601 601 601 602 602 602 603 603 603 603 604 604 604 605 604 604 604 605 605 605 605 606 606 606 606 607 607 607 607 607 607 607 607 608 608 608 608 609 609 609 609 609
721 721 721 721 721 721 721 722 722 722 722 539 539 539 539 539 539 539 539 539 539 539 539 539 539 539 539 539 539 539 539 539 539 539 539 598 597 597 597 597 597 597 598 598 598 599 599 599 599 600 600 600 601 601 601 602 602 602 602 603 603 603 604 604 603 603 604 604 604 604 605 605 605 606 606 606 606 607 607 607 606 607 607 607 607 608 608 608 608 608 609 609 608 608
721 721 721 721 721 721 721 721 721 721 721 538 538 538 539 539 539 539 539 539 539 539 539 539 539 539 539 539 539 538 538 538 538 538 538 597 597 597 597 597 597 597 597 598 598 598 599 599 599 600 600 600 601 601 601 601 602 602 602 603 603 603 602 603 603 603 604 604 604 604 605 605 605 605 606 606 606 606 607 606 606 606 607 607 607 607 608 608 608 608 609 608 608 608
721 721 721 721 721 721 721 721 721 721 538 538 538 538 538 538 538 538 538 538 538 538 538 538 538 538 538 538 538 538 538 538 538 538 538 597 597 597 597 597 597 597 597 598 598 598 599 599 599 599 600 600 600 601 601 601 602 602 602 602 602 602 602 603 603 603 603 604 604 604 604 605 605 605 605 606 606 605 605 606 606 606 606 607 607 607 607 608 608 608 607 608 608 608
721 721 721 721 721 721 721 721 721 721 538 538 538 538 538 538 538 538 538 538 538 538 538 538 538 538 538 538 538 538 538 538 538 538 538 597 597 597 597 597 597 597 597 597 598 598 598 599 599 599 600 600 600 600 601 601 601 602 601 601 602 602 602 602 603 603 603 603 604 604 604 605 605 605 605 606 605 605 605 606 606 606 606 607 607 607 607 608 608 607 607 607 608 608
721 721 721 721 721 721 721 721 721 721 538 538 538 538 538 538 538 538 538 538 538 538 538 538 538 538 538 538 538 538 538 538 538 538 538 597 597 597 597 597 597 597 597 597 598 598 598 598 599 599 599 600 600 600 601 601 600 600 601 601 601 602 602 602 602 603 603 603 604 604 604 604 605 605 604 604 605 605 605 605 606 606 606 606 607 607 607 607 607 607 607 607 608 608
721 721 721 721 721 721 721 721 721 721 538 538 538 538 538 538 538 538 538 538 538 538 538 538 538 538 538 538 538 538 538 538 538 538 538 597 597 597 597 597 597 597 597 597 597 598 598 598 599 599 599 600 600 600 599 600 600 600 601 601 601 601 602 602 602 603 603 603 603 604 604 604 604 604 604 604 604 605 605 605 605 606 606 606 606 607 607 606 606 607 607 607 607 608
721 721 721 721 721 721 721 721 721 721 538 538 538 538 538 538 538 538 538 538 538 538 538 538 538 538 538 538 538 538 538 538 538 538 597 597 597 597 597 597 597 597 597 597 597 598 598 598 598 599 599 598 599 599 599 600 600 600 600 601 601 601 602 602 602 602 603 603 603 603 604 603 603 604 604 604 604 605 605 605 605 606 606 606 606 606 606 606 606 606 607 607 607 607
721 721 721 721 721 721 721 721 721 721 538 538 538 538 538 538 538 538 538 538 538 538 538 538 538 538 538 538 538 538 538 538 538 538 597 597 597 597 597 597 597 597 597 597 597 597 598 598 598 598 598 598 598 599 599 599 600 600 600 601 601 601 601 602 602 602 603 603 603 603 603 603 603 603 604 604 604 604 605 605 605 605 606 606 605 605 606 606 606 606 607 607 607 607
721 721 721 721 721 721 721 721 721 721 538 538 538 538 538 538 538 538 538 538 538 538 538 538 538 538 538 538 538 538 538 538 538 538 597 597 597 597 597 597 597 597 597 597 597 596 596 597 597 597 598 598 598 599 599 599 599 600 600 600 601 601 601 601 602 602 602 603 602 602 602 603 603 603 603 604 604 604 604 605 605 605 605 605 605 605 605 606 606 606 606 607 607 607
720 720 721 721 721 721 721 721 721 538 538 538 538 538 538 538 538 538 538 538 538 538 538 538 538 538 538 538 538 538 538 538 538 538 597 597 597 597 597 597 597 596 596 596 596 596 596 597 597 597 598 598 598 598 599 599 599 600 600 600 600 601 601 601 602 602 601 601 602 602 602 602 603 603 603 604 604 604 604 605 605 604 604 605 605 605 605 606 606 606 606 606 607 606
720 720 720 720 720 720 721 721 721 538 538 538 538 538 538 538 538 538 538 538 538 538 538 538 538 538 538 538 538 538 538 538 538 538 597 597 597 596 596 596 596 596 596 596 596 596 596 596 597 597 597 598 598 598 599 599 599 599 600 600 600 601 601 601 600 601 601 601 602 602 602 602 603 603 603 603 604 604 604 604 604 604 604 604 605 605 605 605 606 606 606 606 606 606
720 720 720 720 720 720 720 720 720 537 537 537 537 537 538 538 538 538 538 538 538 538 538 538 538 538 538 538 538 537 537 537 537 537 596 596 596 596 596 596 596 596 596 596 596 596 596 596 597 597 597 597 598 598 598 599 599 599 600 600 600 600 600 600 600 601 601 601 601 602 602 602 602 603 603 603 603 604 603 603 603 604 604 604 604 605 605 605 605 606 606 605 605 606
720 720 720 720 720 720 720 720 720 537 537 537 537 537 537 537 537 537 537 537 537 537 537 537 537 537 537 537 537 537 537 537 537 537 596 596 596 596 596 596 596 596 596 596 596 596 596 596 596 597 597 597 598 598 598 598 599 599 599 600 599 599 600 600 600 600 601 601 601 601 602 602 602 602 603 603 603 603 603 603 603 604 604 604 604 605 605 605 605 605 605 605 605 605
720 720 720 720 720 720 720 720 720 537 537 537 537 537 537 537 537 537 537 537 537 537 537 537 537 537 537 537 537 537 537 537 537 537 596 596 596 596 596 596 596 596 596 596 596 596 596 596 596 596 597 597 597 598 598 598 599 598 598 598 599 599 599 600 600 600 600 601 601 601 602 602 602 602 603 602 602 602 603 603 603 603 604 604 604 604 605 605 604 604 605 605 605 605
720 720 720 720 720 720 720 720 537 537 537 537 537 537 537 537 537 537 537 537 537 537 537 537 537 537 537 537 537 537 537 537 537 537 596 596 596 596 596 596 596 596 596 596 596 596 596 596 596 596 597 597 597 598 598 597 597 598 598 598 599 599 599 599 600 600 600 601 601 601 601 602 602 601 601 602 602 602 602 603 603 603 603 604 604 604 604 604 604 604 604 605 605 605
