testData/tiles/oneDegreeCosts/grid15.0-3.0-16.0-4.0.asc
ncols   200
nrows   200
xllcorner   15.0
yllcorner   3.0
cellsize   0.005
NODATA_value   -9999.0
[rows 96 to 143 of 200, columns 96 to 191 of 200]
170 172 173 174 175 176 176 177 178 178 179 179 179 179 179 179 179 179 179 179 179 178 178 177 176 176 175 174 173 172 170 169 168 166 165 163 161 218 216 214 212 209 207 204 201 198 194 191 189 189 189 189 189 189 189 189 189 189 98 98 98 98 98 98 98 98 98 98 98 98 98 98 98 98 98 98 98 98 98 98 98 98 98 98 98 98 98 99 99 99 99 99 99 99 99 99
171 172 173 174 175 176 176 177 178 178 179 179 179 179 180 180 180 179 179 179 179 178 178 177 176 176 175 174 173 172 171 169 168 166 165 163 220 218 216 214 212 209 207 204 201 198 195 191 189 189 189 189 189 189 189 189 189 189 98 98 98 98 98 98 98 98 98 98 98 98 98 98 98 98 98 98 98 98 98 98 98 98 98 98 98 98 98 99 99 99 99 99 99 99 99 99
171 172 173 174 175 176 176 177 178 178 179 179 179 179 180 180 180 179 179 179 179 178 178 177 176 176 175 174 173 172 171 169 168 167 165 222 220 219 216 214 212 210 207 204 201 198 195 191 189 189 189 189 189 189 189 189 189 189 98 98 98 98 98 98 98 98 98 98 98 98 98 98 98 98 98 98 98 98 98 98 98 98 98 98 98 98 98 98 99 99 99 99 99 99 99 99
171 172 173 174 175 176 177 177 178 178 179 179 179 180 180 180 180 180 179 179 179 178 178 177 177 176 175 174 173 172 171 169 168 167 165 222 221 219 217 214 212 210 207 204 201 198 195 191 189 189 189 189 189 189 189 189 189 189 98 98 98 98 98 98 98 98 98 98 98 98 98 98 98 98 98 98 98 98 98 98 98 98 98 98 98 98 98 98 98 99 99 99 99 99 99 99
171 172 173 174 175 176 177 177 178 178 179 179 179 180 180 180 180 180 179 179 179 178 178 177 177 176 175 174 173 172 171 170 168 167 224 222 221 219 217 214 212 210 207 204 201 198 195 191 189 189 189 189 189 189 189 189 189 189 98 98 98 98 98 98 98 98 98 98 98 98 98 98 98 98 98 98 98 98 98 98 98 98 98 98 98 98 98 98 98 98 99 99 99 99 99 99
171 172 173 174 175 176 177 177 178 178 179 179 180 180 180 180 180 180 180 179 179 178 178 177 177 176 175 174 173 172 171 170 168 226 224 222 221 219 217 215 212 210 207 204 201 198 195 191 189 189 189 189 189 189 189 189 189 189 98 98 98 98 98 98 98 98 98 98 98 98 98 98 98 98 98 98 98 98 98 98 98 98 98 98 98 98 98 98 98 98 99 99 99 99 99 99
171 172 173 174 175 176 177 177 178 179 179 179 180 180 180 180 180 180 180 179 179 179 178 177 177 176 175 174 173 172 171 170 168 226 224 223 221 219 217 215 212 210 207 205 202 198 195 191 189 189 189 189 189 189 189 189 189 189 98 98 98 98 98 98 98 98 98 98 98 98 98 98 98 98 98 98 98 98 98 98 98 98 98 98 98 98 98 98 98 98 98 99 99 99 99 99
171 172 173 174 175 176 177 178 178 179 179 179 180 180 180 180 180 180 180 179 179 179 178 178 177 176 175 174 173 172 171 170 227 226 224 223 221 219 217 215 212 210 207 205 202 199 195 192 189 189 189 189 189 189 189 189 189 189 98 98 98 98 98 98 98 98 98 98 98 98 98 98 98 98 98 98 98 98 98 98 98 98 98 98 98 98 98 98 98 98 98 98 99 99 99 99
171 172 173 174 175 176 177 178 178 179 179 179 180 180 180 180 180 180 180 179 179 179 178 178 177 176 175 174 173 172 171 229 227 226 224 223 221 219 217 215 212 210 207 205 202 199 195 192 189 189 189 189 189 189 189 189 189 189 98 98 98 98 98 98 98 98 98 98 98 98 98 98 98 98 98 98 98 98 98 98 98 98 98 98 98 98 98 98 98 98 98 98 98 99 99 99
171 172 173 174 175 176 177 178 178 179 179 179 180 180 180 180 180 180 180 179 179 179 178 178 177 176 175 174 173 172 230 229 228 226 224 223 221 219 217 215 213 210 208 205 202 199 195 192 189 189 189 189 189 189 189 189 189 189 98 98 98 98 98 98 98 98 98 98 98 98 98 98 98 98 98 98 98 98 98 98 98 98 98 98 98 98 98 98 98 98 98 98 98 98 99 99
171 172 173 174 175 176 177 178 178 179 179 180 180 180 180 180 180 180 180 180 179 179 178 178 177 176 175 174 173 172 230 229 228 226 225 223 221 219 217 215 213 210 208 205 202 199 195 192 189 189 189 189 189 189 189 189 189 189 98 98 98 98 98 98 98 98 98 98 98 98 98 98 98 98 98 98 98 98 98 98 98 98 98 98 98 98 98 98 98 98 98 98 98 98 99 99
171 172 174 175 175 176 177 178 178 179 179 180 180 180 180 180 180 180 180 180 179 179 178 178 177 176 175 175 174 231 230 229 228 226 225 223 221 219 217 215 213 210 208 205 202 199 195 192 189 189 189 189 189 189 189 189 189 189 98 98 98 98 98 98 98 98 98 98 98 98 98 98 98 98 98 98 98 98 98 98 98 98 98 98 98 98 98 98 98 98 98 98 98 98 98 99
171 172 174 175 176 176 177 178 178 179 179 180 180 180 180 180 180 180 180 180 179 179 178 178 177 176 176 175 233 231 230 229 228 226 225 223 221 219 217 215 213 210 208 205 202 199 196 192 189 189 189 189 189 189 189 189 189 189 98 98 98 98 98 98 98 98 98 98 98 98 98 98 98 98 98 98 98 98 98 98 98 98 98 98 98 98 98 98 98 98 98 98 98 98 98 98
171 173 174 175 176 176 177 178 178 179 179 180 180 180 180 180 180 180 180 180 179 179 178 178 177 176 176 175 233 232 230 229 228 226 225 223 221 219 217 215 213 210 208 205 202 199 196 192 189 189 189 189 189 189 189 189 189 189 98 98 98 98 98 98 98 98 98 98 98 98 98 98 98 98 98 98 98 98 98 98 98 98 98 98 98 98 98 98 98 98 98 98 98 98 98 98
171 173 174 175 176 176 177 178 178 179 179 180 180 180 180 180 180 180 180 180 179 179 178 178 177 176 176 234 233 232 230 229 228 226 225 223 221 219 217 215 213 210 208 205 202 199 196 192 189 189 189 189 189 189 189 189 189 189 98 98 98 98 98 98 98 98 98 98 98 98 98 98 98 98 98 98 98 98 98 98 98 98 98 98 98 98 98 98 98 98 98 98 98 98 98 98
171 173 174 175 176 176 177 178 178 179 179 180 180 180 180 180 180 180 180 180 179 179 178 178 177 176 235 234 233 232 230 229 228 226 225 223 221 219 217 215 213 210 208 205 202 199 196 192 189 189 189 189 189 189 189 189 189 189 98 98 98 98 98 98 98 98 98 98 98 98 98 98 98 98 98 98 98 98 98 98 98 98 98 98 98 98 98 98 98 98 98 98 98 98 98 98
171 173 174 175 176 176 177 178 178 179 179 180 180 180 180 180 180 180 180 180 179 179 178 178 177 176 235 234 233 232 230 229 228 226 225 223 221 219 217 215 213 210 208 205 202 199 196 192 189 189 189 189 189 189 189 189 189 189 98 98 98 98 98 98 98 98 98 98 98 98 98 98 98 98 98 98 98 98 98 98 98 98 98 98 98 98 98 98 98 98 98 98 98 98 98 98
171 173 174 175 176 177 177 178 179 179 179 180 180 180 180 180 180 180 180 180 179 179 179 178 177 236 235 234 233 232 230 229 228 226 225 223 221 219 217 215 213 210 208 205 202 199 196 192 189 189 189 189 189 189 189 189 189 189 98 98 98 98 98 98 98 98 98 98 98 98 98 98 98 98 98 98 98 98 98 98 98 98 98 98 98 98 98 98 98 98 98 98 98 98 98 98
172 173 174 175 176 177 177 178 179 179 179 180 180 180 180 180 180 180 180 180 179 179 179 178 236 236 235 234 233 232 231 229 228 226 225 223 221 219 217 215 213 211 208 205 202 199 196 192 189 189 189 189 189 189 189 189 189 189 98 98 98 98 98 98 98 98 98 98 98 98 98 98 98 98 98 98 98 98 98 98 98 98 98 98 98 98 98 98 98 98 98 98 98 98 98 98
172 173 174 175 176 177 177 178 179 179 179 180 180 180 180 180 180 180 180 180 179 179 179 178 236 236 235 234 233 232 231 229 228 226 225 223 221 219 217 215 213 211 208 205 202 199 196 192 189 189 189 189 189 189 189 189 189 189 98 98 98 98 98 98 98 98 98 98 98 98 98 98 98 98 98 98 98 98 98 98 98 98 98 98 98 98 98 98 98 98 98 98 98 98 98 98
172 173 174 175 176 177 177 178 179 179 180 180 180 180 180 180 180 180 180 180 180 179 179 237 236 236 235 234 233 232 231 229 228 226 225 223 221 219 217 215 213 211 208 205 202 199 196 192 189 189 189 189 189 189 189 189 189 189 98 98 98 98 98 98 98 98 98 98 98 98 98 98 98 98 98 98 98 98 98 98 98 98 98 98 98 98 98 98 98 98 98 98 98 98 98 98
172 173 174 175 176 177 177 178 179 179 180 180 180 180 180 180 180 180 180 180 180 179 238 237 236 236 235 234 233 232 231 229 228 226 225 223 221 219 217 215 213 211 208 205 202 199 196 192 189 189 189 189 189 189 189 189 189 189 98 98 98 98 98 98 98 98 98 98 98 98 98 98 98 98 98 98 98 98 98 98 98 98 98 98 98 98 98 98 98 98 98 98 98 98 98 98
172 173 174 175 176 177 177 178 179 179 180 180 180 180 180 180 180 180 180 180 180 179 238 237 236 236 235 234 233 232 231 229 228 226 225 223 221 219 217 215 213 211 208 205 202 199 196 192 189 189 189 189 189 189 189 189 189 189 98 98 98 98 98 98 98 98 98 98 98 98 98 98 98 98 98 98 98 98 98 98 98 98 98 98 98 98 98 98 98 98 98 98 98 98 98 98
172 173 174 175 176 177 177 178 179 179 180 180 180 180 180 180 180 180 180 180 180 238 238 237 236 236 235 234 233 232 231 229 228 226 225 223 221 220 217 215 213 211 208 205 202 199 196 192 189 189 189 189 189 189 189 189 189 189 98 98 98 98 98 98 98 98 98 98 98 98 98 98 98 98 98 98 98 98 98 98 98 98 98 98 98 98 98 98 98 98 98 98 98 98 98 98
172 173 174 175 176 177 177 178 179 179 180 180 180 180 180 181 180 180 180 180 239 238 238 237 236 236 235 234 233 232 231 229 228 226 225 223 221 220 217 215 213 211 208 205 202 199 196 192 189 189 189 189 189 189 189 189 189 189 98 98 98 98 98 98 98 98 98 98 98 98 98 98 98 98 98 98 98 98 98 98 98 98 98 98 98 98 98 98 98 98 98 98 98 98 98 98
172 173 174 175 176 177 177 178 179 179 180 180 180 180 180 180 180 180 180 180 239 238 238 237 236 236 235 234 233 232 231 229 228 226 225 223 221 220 217 215 213 211 208 205 202 199 196 192 189 189 189 189 189 189 189 189 189 189 98 98 98 98 98 98 98 98 98 98 98 98 98 98 98 98 98 98 98 98 98 98 98 98 98 98 98 98 98 98 98 98 98 98 98 98 98 98
172 173 174 175 176 177 177 178 179 179 180 180 180 180 180 180 180 180 180 239 239 238 238 237 236 236 235 234 233 232 231 229 228 226 225 223 221 219 217 215 213 211 208 205 202 199 196 192 189 189 189 189 189 189 189 189 189 189 98 98 98 98 98 98 98 98 98 98 98 98 98 98 98 98 98 98 98 98 98 98 98 98 98 98 98 98 98 98 98 98 98 98 98 98 98 98
172 173 174 175 176 177 177 178 179 179 180 180 180 180 180 180 180 180 239 239 239 238 238 237 236 236 235 234 233 232 231 229 228 226 225 223 221 219 217 215 213 211 208 205 202 199 196 192 189 189 189 189 189 189 189 189 189 189 98 98 98 98 98 98 98 98 98 98 98 98 98 98 98 98 98 98 98 98 98 98 98 98 98 98 98 98 98 98 98 98 98 98 98 98 98 98
172 173 174 175 176 177 177 178 179 179 180 180 180 180 180 180 180 180 239 239 239 238 238 237 236 236 235 234 233 232 231 229 228 226 225 223 221 219 217 215 213 211 208 205 202 199 196 192 189 189 189 189 189 189 189 189 189 189 98 98 98 98 98 98 98 98 98 98 98 98 98 98 98 98 98 98 98 98 98 98 98 98 98 98 98 98 98 98 98 98 98 98 98 98 98 98
172 173 174 175 176 177 177 178 179 179 179 180 180 180 180 180 180 239 239 239 238 238 238 237 236 236 235 234 233 232 231 229 228 226 225 223 221 219 217 215 213 211 208 205 202 199 196 192 189 189 189 189 189 189 189 189 189 189 98 98 98 98 98 98 98 98 98 98 98 98 98 98 98 98 98 98 98 98 98 98 98 98 98 98 98 98 98 98 98 98 98 98 98 98 98 98
172 173 174 175 176 177 177 178 179 179 179 180 180 180 180 180 180 239 239 239 238 238 238 237 236 236 235 234 233 232 231 229 228 226 225 223 221 219 217 215 213 211 208 205 202 199 196 192 189 189 189 189 189 189 189 189 189 189 98 98 98 98 98 98 98 98 98 98 98 98 98 98 98 98 98 98 98 98 98 98 98 98 98 98 98 98 98 98 98 98 98 98 98 98 98 98
171 173 174 175 176 177 177 178 179 179 179 180 180 180 180 180 239 239 239 239 238 238 238 237 236 236 235 234 233 232 230 229 228 226 225 223 221 219 217 215 213 210 208 205 202 199 196 192 189 189 189 189 189 189 189 189 189 189 98 98 98 98 98 98 98 98 98 98 98 98 98 98 98 98 98 98 98 98 98 98 98 98 98 98 98 98 98 98 98 98 98 98 98 98 98 98
171 173 174 175 176 176 177 178 178 179 179 180 180 180 180 239 239 239 239 239 238 238 237 237 236 235 235 234 233 232 230 229 228 226 225 223 221 219 217 215 213 210 208 205 202 199 196 192 189 189 189 189 189 189 189 189 189 189 98 98 98 98 98 98 98 98 98 98 98 98 98 98 98 98 98 98 98 98 98 98 98 98 98 98 98 98 98 98 98 98 98 98 98 98 98 98
171 173 174 175 176 176 177 178 178 179 179 180 180 180 180 239 239 239 239 239 238 238 237 237 236 235 235 234 233 232 230 229 228 226 225 223 221 219 217 215 213 210 208 205 202 199 196 192 189 189 189 189 189 189 189 189 189 189 98 98 98 98 98 98 98 98 98 98 98 98 98 98 98 98 98 98 98 98 98 98 98 98 98 98 98 98 98 98 98 98 98 98 98 98 98 98
171 173 174 175 176 176 177 178 178 179 179 180 180 180 239 239 239 239 239 239 238 238 237 237 236 235 235 234 233 232 230 229 228 226 225 223 221 219 217 215 213 210 208 205 202 199 196 192 189 189 189 189 189 189 189 189 189 189 98 98 98 98 98 98 98 98 98 98 98 98 98 98 98 98 98 98 98 98 98 98 98 98 98 98 98 98 98 98 98 98 98 98 98 98 98 98
171 173 174 175 176 176 177 178 178 179 179 180 180 180 239 239 239 239 239 239 238 238 237 237 236 235 235 234 233 232 230 229 228 226 225 223 221 219 217 215 213 210 208 205 202 199 196 192 189 189 189 189 189 189 189 189 189 189 98 98 98 98 98 98 98 98 98 98 98 98 98 98 98 98 98 98 98 98 98 98 98 98 98 98 98 98 98 98 98 98 98 98 98 98 98 98
171 172 174 175 176 176 177 178 178 179 179 180 180 239 239 239 239 239 239 239 238 238 237 237 236 235 235 234 233 231 230 229 228 226 225 223 221 219 217 215 213 210 208 205 202 199 196 192 189 189 189 189 189 189 189 189 189 189 98 98 98 98 98 98 98 98 98 98 98 98 98 98 98 98 98 98 98 98 98 98 98 98 98 98 98 98 98 98 98 98 98 98 98 98 98 98
171 172 174 175 175 176 177 178 178 179 179 180 239 239 239 239 239 239 239 239 238 238 237 237 236 235 234 234 233 231 230 229 228 226 225 223 221 219 217 215 213 210 208 205 202 199 195 192 189 189 189 189 189 189 189 189 189 189 98 98 98 98 98 98 98 98 98 98 98 98 98 98 98 98 98 98 98 98 98 98 98 98 98 98 98 98 98 98 98 98 98 98 98 98 98 98
171 172 173 174 175 176 177 178 178 179 179 180 239 239 239 239 239 239 239 239 238 238 237 237 236 235 234 233 232 231 230 229 228 226 225 223 221 219 217 215 213 210 208 205 202 199 195 192 189 189 189 189 189 189 189 189 189 189 98 98 98 98 98 98 98 98 98 98 98 98 98 98 98 98 98 98 98 98 98 98 98 98 98 98 98 98 98 98 98 98 98 98 98 98 98 98
171 172 173 174 175 176 177 178 178 179 179 238 239 239 239 239 239 239 239 238 238 238 237 237 236 235 234 233 232 231 230 229 228 226 224 223 221 219 217 215 213 210 208 205 202 199 195 192 189 189 189 189 189 189 189 189 189 189 98 98 98 98 98 98 98 98 98 98 98 98 98 98 98 98 98 98 98 98 98 98 98 98 98 98 98 98 98 98 98 98 98 98 98 98 98 98
171 172 173 174 175 176 177 178 178 179 179 238 239 239 239 239 239 239 239 238 238 238 237 237 236 235 234 233 232 231 230 229 227 226 224 223 221 219 217 215 212 210 207 205 202 199 195 192 189 189 189 189 189 189 189 189 189 189 98 98 98 98 98 98 98 98 98 98 98 98 98 98 98 98 98 98 98 98 98 98 98 98 98 98 98 98 98 98 98 98 98 98 98 98 98 98
171 172 173 174 175 176 177 178 178 179 238 238 239 239 239 239 239 239 239 238 238 238 237 237 236 235 234 233 232 231 230 229 227 226 224 223 221 219 217 215 212 210 207 205 202 199 195 192 189 189 189 189 189 189 189 189 189 189 98 98 98 98 98 98 98 98 98 98 98 98 98 98 98 98 98 98 98 98 98 98 98 98 98 98 98 98 98 98 98 98 98 98 98 98 98 98
171 172 173 174 175 176 177 177 178 238 238 238 239 239 239 239 239 239 239 238 238 238 237 236 236 235 234 233 232 231 230 229 227 226 224 223 221 219 217 215 212 210 207 205 202 198 195 191 189 189 189 189 189 189 189 189 189 189 98 98 98 98 98 98 98 98 98 98 98 98 98 98 98 98 98 98 98 98 98 98 98 98 98 98 98 98 98 98 98 98 98 98 98 98 98 98
171 172 173 174 175 176 177 177 178 237 238 238 239 239 239 239 239 239 239 238 238 237 237 236 236 235 234 233 232 231 230 229 227 226 224 222 221 219 217 215 212 210 207 204 201 198 195 191 189 189 189 189 189 189 189 189 189 189 98 98 98 98 98 98 98 98 98 98 98 98 98 98 98 98 98 98 98 98 98 98 98 98 98 98 98 98 98 98 98 98 98 98 98 98 98 98
171 172 173 174 175 176 177 177 237 237 238 238 238 239 239 239 239 239 238 238 238 237 237 236 236 235 234 233 232 231 230 229 227 226 224 222 221 219 217 214 212 210 207 204 201 198 195 191 189 189 189 189 189 189 189 189 189 189 98 98 98 98 98 98 98 98 98 98 98 98 98 98 98 98 98 98 98 98 98 98 98 98 98 98 98 98 98 98 98 98 98 98 98 98 98 98
171 172 173 174 175 176 177 177 237 237 238 238 238 239 239 239 239 239 238 238 238 237 237 236 236 235 234 233 232 231 230 228 227 226 224 222 221 219 217 214 212 210 207 204 201 198 195 191 189 189 189 189 189 189 189 189 189 189 98 98 98 98 98 98 98 98 98 98 98 98 98 98 98 98 98 98 98 98 98 98 98 98 98 98 98 98 98 98 98 98 98 98 98 98 98 99
171 172 173 174 175 176 176 236 237 237 238 238 238 238 239 239 239 238 238 238 238 237 237 236 235 235 234 233 232 231 230 228 227 226 224 222 220 219 216 214 212 210 207 204 201 198 195 191 189 189 189 189 189 189 189 189 189 189 98 98 98 98 98 98 98 98 98 98 98 98 98 98 98 98 98 98 98 98 98 98 98 98 98 98 98 98 98 98 98 98 98 98 98 98 99 99
171 172 173 174 175 176 176 236 237 237 238 238 238 238 239 239 239 238 238 238 238 237 237 236 235 235 234 233 232 231 230 228 227 225 224 222 220 218 216 214 212 209 207 204 201 198 195 191 189 189 189 189 189 189 189 189 189 189 98 98 98 98 98 98 98 98 98 98 98 98 98 98 98 98 98 98 98 98 98 98 98 98 98 98 98 98 98 98 98 98 98 98 98 99 99 99
