testData/tiles/oneDegreeCosts/grid41.0-47.0-42.0-48.0.asc
ncols   200
nrows   200
xllcorner   41.0
yllcorner   47.0
cellsize   0.005
NODATA_value   -9999.0
[rows 42 to 83 of 200, columns 94 to 187 of 200]
426 426 426 426 426 426 426 427 427 428 428 428 428 428 428 428 428 428 428 428 428 428 428 428 428 429 429 429 430 430 430 430 430 430 430 430 430 430 430 430 430 430 448 448 448 448 448 448 448 448 448 448 448 449 449 449 449 449 449 449 450 450 450 450 450 450 450 450 450 450 450 450 450 450 450 450 450 450 450 450 451 452 452 452 452 452 452 452 452 452 452 452 452 452
426 426 426 426 426 426 426 426 426 427 428 428 428 428 428 428 428 428 428 428 428 428 428 428 428 428 429 429 429 429 430 430 430 430 430 430 430 430 430 430 430 430 447 448 448 448 448 448 448 448 448 448 448 448 449 449 449 449 449 449 449 450 450 450 450 450 450 450 450 450 450 450 450 450 450 450 450 450 450 450 450 451 451 451 452 452 452 452 452 452 452 452 452 452
427 427 426 426 426 426 426 426 426 426 428 428 428 428 428 428 428 428 428 428 428 428 428 428 428 428 428 429 429 429 429 429 430 430 430 430 430 430 430 430 430 430 447 447 448 448 448 448 448 448 448 448 448 448 448 448 448 449 449 449 449 449 449 450 450 450 450 450 450 450 450 450 450 450 450 450 450 450 450 450 450 450 450 451 451 451 452 452 452 452 452 452 452 452
428 427 427 427 426 426 426 426 426 426 426 427 428 428 428 428 428 428 428 428 428 428 428 428 428 428 428 428 429 429 429 429 429 429 430 430 430 430 430 430 430 430 447 447 447 448 448 448 448 448 448 448 448 448 448 448 448 448 448 449 449 449 449 449 450 450 450 450 450 450 450 450 450 450 450 450 450 450 450 450 450 450 450 450 451 451 451 451 452 452 452 452 452 452
428 428 428 427 427 427 426 426 426 426 426 426 427 427 428 428 428 428 428 428 428 428 428 428 428 428 428 428 428 429 429 429 429 429 429 429 430 430 430 430 430 447 447 447 447 447 448 448 448 448 448 448 448 448 448 448 448 448 448 448 448 449 449 449 449 450 450 450 450 450 450 450 450 450 450 450 450 450 450 450 450 450 450 450 450 451 451 451 451 451 451 452 452 452
429 429 428 428 428 427 427 427 426 426 426 426 426 427 427 427 428 428 428 428 428 428 428 428 428 428 428 428 428 428 429 429 429 429 429 429 429 429 430 430 430 447 447 447 447 447 447 448 448 448 448 448 448 448 448 448 448 448 448 448 448 448 448 449 449 449 450 450 450 450 450 450 450 450 450 450 450 450 450 450 450 450 450 450 450 450 450 451 451 451 451 451 451 451
430 429 429 429 428 428 428 427 427 427 426 426 426 426 427 427 427 427 428 428 428 428 428 428 428 428 428 428 428 428 428 429 429 429 429 429 429 429 429 429 430 447 447 447 447 447 447 447 448 448 448 448 448 448 448 448 448 448 448 448 448 448 448 448 448 448 449 450 450 450 450 450 450 450 450 450 450 450 450 450 450 450 450 450 450 450 450 450 451 451 451 451 451 451
430 430 430 429 429 429 428 428 428 427 427 427 426 426 426 427 427 427 427 427 428 428 428 428 428 428 428 428 428 428 428 428 429 429 429 429 429 429 429 429 429 446 447 447 447 447 447 447 447 447 448 448 448 448 448 448 448 448 448 448 448 448 448 448 448 448 448 448 449 450 450 450 450 450 450 450 450 450 450 450 450 450 450 450 450 450 450 450 450 450 451 451 451 451
430 430 430 430 430 429 429 429 428 428 428 427 427 426 426 426 427 427 427 427 427 427 428 428 428 428 428 428 428 428 428 428 428 429 429 429 429 429 429 429 429 446 446 446 447 447 447 447 447 447 447 448 448 448 448 448 448 448 448 448 448 448 448 448 448 448 448 448 448 448 449 450 450 450 450 450 450 450 450 450 450 450 450 450 450 450 450 450 450 450 450 451 451 451
431 430 430 430 430 430 430 429 429 429 428 428 427 427 427 426 426 427 427 427 427 427 427 427 428 428 428 428 428 428 428 428 428 428 429 429 429 429 429 429 429 446 446 446 446 446 446 447 447 447 447 447 448 448 448 448 448 448 448 448 448 448 448 448 448 448 448 448 448 448 448 449 449 450 450 450 450 450 450 450 450 450 450 450 450 450 450 450 450 450 450 450 450 451
431 431 431 430 430 430 430 430 430 429 429 428 428 428 427 427 427 427 427 427 427 427 427 427 427 427 428 428 428 428 428 428 428 428 428 429 429 429 429 429 446 446 446 446 446 446 446 446 446 447 447 447 447 448 448 448 448 448 448 448 448 448 448 448 448 448 448 448 448 448 448 448 448 449 449 449 450 450 450 450 450 450 450 450 450 450 450 450 450 450 450 450 450 450
431 431 431 431 431 430 430 430 430 430 430 429 429 428 428 428 427 427 427 427 427 427 427 427 427 427 427 427 427 428 428 428 428 428 428 428 429 429 429 429 446 446 446 446 446 446 446 446 446 446 446 446 447 447 448 448 448 448 448 448 448 448 448 448 448 448 448 448 448 448 448 448 448 448 449 449 449 449 449 450 450 450 450 450 450 450 450 450 450 450 450 450 450 450
432 431 431 432 431 431 431 430 430 430 430 430 429 429 429 428 428 427 427 428 427 427 427 427 427 427 427 427 427 427 427 428 428 428 428 428 428 429 429 429 446 446 446 446 446 446 446 446 446 446 446 446 446 446 447 448 448 448 448 448 448 448 448 448 448 448 448 448 448 448 448 448 448 448 448 449 449 449 449 449 449 449 450 450 450 450 450 450 450 450 450 450 450 450
432 432 432 432 432 432 431 431 431 430 430 429 429 430 429 429 429 428 428 428 428 428 427 427 427 427 427 427 427 427 427 427 427 427 428 428 428 428 429 429 446 446 446 446 446 446 446 446 446 446 446 446 446 446 446 446 447 448 448 448 448 448 448 448 448 448 448 448 448 448 448 448 448 448 448 448 448 449 449 449 449 449 449 449 449 450 450 450 450 450 450 450 450 450
433 433 432 432 433 432 432 432 431 431 430 430 430 429 429 429 429 429 428 428 428 428 428 427 427 427 427 427 427 427 427 427 427 427 427 427 428 428 428 429 446 446 446 446 446 446 446 446 446 446 446 446 446 446 446 446 446 446 447 447 448 448 448 448 448 448 448 448 448 448 448 448 448 448 448 448 448 448 449 449 449 449 449 449 449 449 449 449 450 450 450 450 450 450
434 433 433 433 433 433 433 432 432 431 431 431 430 430 430 429 429 429 429 429 428 428 428 428 428 427 427 427 427 427 427 427 427 427 427 427 427 427 427 428 446 446 446 446 446 446 446 446 446 446 446 446 446 446 446 446 446 446 446 447 447 447 447 448 448 448 448 448 448 448 448 448 448 448 448 448 448 448 448 448 449 449 449 449 449 449 449 449 449 449 449 450 450 450
433 433 434 433 433 433 433 433 432 432 432 431 431 431 430 430 429 429 429 428 428 428 428 429 428 428 427 427 427 427 427 427 427 427 427 427 427 427 427 427 444 446 446 446 446 446 446 446 446 446 446 446 446 446 446 446 446 446 446 446 447 447 447 447 447 447 448 448 448 448 448 448 448 448 448 448 448 448 448 448 448 449 449 449 449 449 449 449 449 449 449 449 449 449
434 434 433 433 433 433 433 433 433 433 432 432 432 431 431 430 430 430 429 429 428 428 428 428 429 428 428 428 427 427 427 427 427 427 427 427 427 427 427 444 444 444 445 445 446 446 446 446 446 446 446 446 446 446 446 446 446 446 446 446 446 447 447 447 447 447 447 447 447 448 448 448 448 448 448 448 448 448 448 448 448 448 449 449 449 449 449 449 449 449 449 449 449 449
435 434 434 434 433 433 433 433 434 433 433 433 432 432 431 431 431 430 430 429 429 429 428 428 428 428 429 428 428 427 427 427 427 427 427 427 427 427 427 444 444 444 444 445 445 445 445 446 446 446 446 446 446 446 446 446 446 446 446 446 446 446 446 447 447 447 447 447 447 447 447 447 448 448 448 448 448 448 448 448 448 448 448 448 449 449 449 449 449 449 449 449 449 449
435 435 435 434 434 434 433 433 433 433 434 433 433 432 432 432 431 431 430 430 430 429 429 428 428 428 428 428 428 428 427 427 427 427 427 427 427 427 427 444 444 444 444 444 445 445 445 445 445 445 446 446 446 446 446 446 446 446 446 446 446 446 446 446 447 447 447 447 447 447 447 447 447 447 447 448 448 448 448 448 448 448 448 448 448 448 449 449 449 449 449 449 449 449
436 436 435 435 435 434 434 433 433 433 433 433 434 433 433 432 432 432 431 431 430 430 429 429 429 428 428 428 428 427 427 428 427 427 427 427 427 427 427 444 444 444 444 444 444 445 445 445 445 445 445 445 445 446 446 446 446 446 446 446 446 446 446 446 446 447 447 447 447 447 447 447 447 447 447 447 447 447 447 448 448 448 448 448 448 448 448 449 449 449 449 449 449 449
437 436 436 436 435 435 434 434 434 433 433 434 433 433 433 433 433 432 432 431 431 430 430 430 429 429 428 428 428 428 428 427 427 427 427 427 427 427 427 444 444 444 444 444 444 444 444 445 445 445 445 445 445 445 445 445 446 446 446 446 446 446 446 446 446 446 447 447 447 447 447 447 447 447 447 447 447 447 447 447 447 447 448 448 448 448 448 448 448 449 449 449 449 449
437 437 437 436 436 435 435 435 434 434 434 434 434 433 433 433 432 432 432 432 432 431 431 430 430 429 429 429 428 429 428 428 427 427 427 427 427 427 427 444 444 444 444 444 444 444 444 444 445 445 445 445 445 445 445 445 445 445 445 445 446 446 446 446 446 446 446 446 447 447 447 447 447 447 447 447 447 447 447 447 447 447 447 447 447 447 448 448 448 448 449 449 449 449
437 437 436 436 436 436 436 435 435 435 434 434 434 434 434 433 433 432 432 432 432 432 431 431 430 430 430 429 429 429 429 428 428 427 427 427 427 427 427 443 444 444 444 444 444 444 444 444 444 445 445 445 445 445 445 445 445 445 445 445 445 445 445 446 446 446 446 446 446 447 447 447 447 447 447 447 447 447 447 447 447 447 447 447 447 447 447 447 447 447 448 448 449 449
438 437 437 436 436 436 436 436 436 435 435 434 434 435 434 434 433 433 433 432 432 431 431 431 431 431 430 430 429 429 429 429 429 428 428 427 427 427 443 443 443 443 443 444 444 444 444 444 444 444 445 445 445 445 445 445 445 445 445 445 445 445 445 445 445 445 446 446 446 446 446 447 447 447 447 447 447 447 447 447 447 447 447 447 447 447 447 447 447 447 447 447 447 447
438 438 438 437 437 436 436 436 436 436 435 435 435 435 435 434 434 434 433 433 432 432 432 431 431 430 430 430 430 429 429 429 429 429 428 428 427 427 443 443 443 443 443 443 443 443 443 444 444 444 444 445 445 445 445 445 445 445 445 445 445 445 445 445 445 445 445 445 445 445 446 446 447 447 447 447 447 447 447 447 447 447 447 447 447 447 447 447 447 447 447 447 447 447
439 439 438 438 437 437 437 436 436 435 435 435 435 435 435 435 435 434 434 433 433 433 432 432 431 431 430 430 429 429 430 429 429 429 429 428 428 427 444 443 443 443 443 443 443 443 443 443 443 443 444 444 444 445 445 445 445 445 445 445 445 445 445 445 445 445 445 445 445 445 445 445 445 445 447 447 447 447 447 447 447 447 447 447 447 447 447 447 447 447 447 447 447 447
440 439 439 438 438 438 437 437 437 436 436 435 435 435 435 435 435 435 434 434 434 433 433 432 432 431 431 431 430 430 429 429 429 429 429 429 428 428 444 444 444 443 443 443 443 443 443 443 443 443 443 443 443 443 445 445 445 445 445 445 445 445 445 445 445 445 445 445 445 445 445 445 445 445 445 446 446 446 447 447 447 447 447 447 447 447 447 447 447 447 447 447 447 447
439 439 439 439 439 438 438 438 437 437 436 436 436 435 435 435 435 435 435 435 434 434 433 433 432 432 432 431 431 430 430 429 429 429 429 429 429 429 445 445 444 444 443 443 443 443 443 443 443 443 443 443 443 443 443 444 444 445 445 445 445 445 445 445 445 445 445 445 445 445 445 445 445 445 445 445 445 446 446 446 446 446 447 447 447 447 447 447 447 447 447 447 447 447
439 439 439 439 438 438 439 438 438 437 437 437 436 436 435 435 435 435 435 434 434 434 434 433 433 433 432 432 431 431 430 430 429 429 429 429 429 429 445 445 445 444 444 443 443 443 443 443 443 443 443 443 443 443 443 443 444 444 444 444 444 445 445 445 445 445 445 445 445 445 445 445 445 445 445 445 445 445 446 446 446 446 446 446 446 446 447 447 447 447 447 447 447 447
439 439 440 439 439 439 438 438 438 438 438 437 437 436 436 436 435 435 435 435 434 434 434 433 433 433 433 432 432 431 431 430 430 430 429 429 429 429 445 445 444 444 444 444 443 443 443 443 443 443 443 443 443 443 443 443 443 443 444 444 444 444 444 444 444 445 445 445 445 445 445 445 445 445 445 445 445 445 445 445 446 446 446 446 446 446 446 446 446 446 447 447 447 447
440 440 440 440 440 439 439 438 438 438 437 437 437 437 437 436 436 435 435 434 434 435 434 434 433 433 432 432 432 432 432 431 431 430 430 429 429 429 445 445 445 444 444 443 443 442 442 443 443 443 443 443 443 443 443 443 443 443 443 444 444 444 444 444 444 444 444 444 444 445 445 445 445 445 445 445 445 445 445 445 445 446 446 446 446 446 446 446 446 446 446 446 446 446
440 440 440 440 440 440 439 439 439 438 438 437 437 437 437 437 436 436 435 435 435 435 435 434 434 433 433 433 432 432 431 431 431 431 430 430 429 429 445 445 445 445 444 444 443 443 442 442 442 442 442 443 443 443 443 443 443 443 443 443 444 444 444 444 444 444 444 444 444 444 444 444 444 445 445 445 445 445 445 445 445 445 445 446 446 446 446 446 446 446 446 446 446 446
334 334 440 440 440 440 440 440 439 439 438 438 438 437 437 436 436 436 435 436 435 435 435 435 434 434 434 433 433 432 432 431 431 430 430 430 430 446 446 445 445 445 445 444 444 444 443 443 442 442 442 442 442 442 443 443 443 443 443 443 443 443 444 444 444 444 444 444 444 444 444 444 444 444 444 444 444 445 445 445 445 445 445 445 445 446 446 446 446 446 446 446 446 446
334 334 334 440 439 439 440 440 440 439 439 439 438 438 437 437 437 436 436 435 435 435 435 434 435 435 434 434 433 433 432 432 431 431 430 430 430 446 446 446 446 445 445 445 445 444 444 443 443 442 442 442 442 442 442 442 442 442 443 443 443 443 443 444 444 444 444 444 444 444 444 444 444 444 444 444 444 444 444 444 444 445 445 445 445 445 446 446 446 446 446 446 446 446
335 334 334 334 334 440 439 440 440 439 439 439 439 438 438 438 437 437 436 436 435 435 435 434 434 434 435 434 434 433 433 432 432 431 431 431 430 447 446 446 445 445 445 445 445 445 444 444 443 443 442 442 442 442 442 442 442 442 442 442 442 442 442 443 443 444 444 444 444 444 444 444 444 444 444 444 444 444 444 444 444 444 444 444 444 444 445 445 446 446 446 446 446 300
335 335 335 334 334 334 334 440 440 440 439 439 438 438 439 438 438 437 437 436 436 436 435 435 434 434 434 434 434 434 433 433 433 432 432 431 431 447 447 446 446 445 445 444 444 444 444 444 444 443 443 442 442 442 442 442 442 442 442 442 442 442 442 442 442 442 443 444 444 444 444 444 444 444 444 444 444 444 444 444 444 444 444 444 444 444 444 444 444 444 445 446 300 300
336 336 335 335 334 334 334 334 334 440 440 440 439 439 438 438 437 437 437 437 437 436 436 435 435 434 434 434 434 433 433 433 433 433 432 432 431 448 447 447 446 446 445 445 444 444 444 444 443 443 443 443 442 442 442 442 442 442 442 442 442 442 442 442 442 442 442 442 443 443 443 444 444 444 444 444 444 444 444 444 444 444 444 444 444 444 444 444 444 444 444 298 299 299
337 336 336 335 335 335 334 334 334 334 334 440 440 439 439 438 438 438 437 437 436 436 436 436 435 435 434 434 435 434 434 433 433 432 432 431 431 448 448 447 447 446 446 445 445 444 444 444 444 443 443 442 442 441 441 442 442 442 442 442 442 442 442 442 442 442 442 442 442 443 443 443 443 443 443 443 444 444 444 444 444 444 444 444 444 444 444 444 444 444 298 298 298 299
337 337 336 336 336 335 335 334 334 334 334 334 334 440 439 439 439 438 438 437 437 436 436 435 435 436 435 435 434 435 434 434 433 433 432 432 431 448 447 447 447 447 446 446 445 445 444 444 444 444 443 443 442 442 441 441 441 441 441 442 442 442 442 442 442 442 442 442 442 442 442 443 443 443 443 443 443 443 443 443 444 444 444 444 444 444 444 444 444 298 298 298 298 298
338 337 337 337 336 336 335 335 335 334 334 334 334 334 334 440 439 439 438 438 437 437 436 436 436 435 435 434 434 434 435 434 434 433 433 432 432 448 448 447 447 446 446 445 445 445 445 444 444 444 444 443 443 442 442 441 441 441 441 441 441 441 441 442 442 442 442 442 442 442 442 442 443 443 443 443 443 443 443 443 443 443 443 443 443 444 444 444 298 298 298 298 298 298
338 338 338 337 337 336 336 336 335 335 334 334 334 334 334 334 334 439 439 438 438 438 437 437 436 436 435 435 434 434 433 433 433 434 433 433 432 449 448 448 447 447 446 446 445 445 444 444 444 444 443 443 443 443 442 442 441 441 441 441 441 441 441 441 441 441 441 441 442 442 442 442 442 442 443 443 443 443 443 443 443 443 443 443 443 443 443 297 297 297 298 298 298 298
