testData/tiles/oneDegreeCosts/grid2.0-9.0-3.0-10.0.asc
ncols   200
nrows   200
xllcorner   2.0
yllcorner   9.0
cellsize   0.005
NODATA_value   -9999.0
[rows 84 to 125 of 200, columns 0 to 93 of 200]
503 502 502 500 499 499 497 497 495 495 494 493 492 490 490 488 488 486 486 484 484 482 481 480 479 478 476 476 474 473 472 470 469 468 467 465 465 463 461 460 458 458 456 455 453 452 450 448 448 459 458 456 455 454 452 451 449 448 446 445 443 443 441 439 437 436 435 433 431 429 428 426 424 422 421 419 417 415 414 411 410 407 405 404 402 399 396 394 393 455 452 450 447 443
502 501 500 500 498 498 497 496 495 494 493 492 491 490 489 488 487 486 485 484 482 482 480 480 478 477 476 475 473 472 471 469 469 467 466 465 464 462 460 460 458 457 455 454 452 451 450 448 447 445 444 442 442 440 438 450 449 448 446 444 443 441 440 438 438 435 434 432 431 429 427 425 423 423 420 419 416 415 413 410 409 406 405 403 401 398 395 394 392 390 451 449 446 443
501 501 499 499 498 497 496 496 494 493 492 491 490 489 489 487 487 485 484 483 482 481 479 479 477 477 475 473 473 471 470 469 468 466 466 464 462 461 460 459 457 456 454 454 452 450 449 447 446 444 443 441 440 439 437 437 435 434 432 432 430 427 426 425 437 435 433 432 430 428 426 426 423 422 419 418 416 414 412 410 409 406 405 402 399 398 395 393 391 389 387 449 445 442
500 500 499 498 497 496 495 494 494 492 492 490 490 488 488 486 485 484 483 482 481 480 479 478 477 475 474 473 472 470 470 468 467 466 464 463 462 461 459 458 456 456 454 452 451 449 448 446 445 443 442 441 439 438 437 436 434 433 432 430 429 427 426 424 423 421 420 418 416 414 413 412 409 408 406 404 402 400 398 397 395 392 391 388 386 384 381 380 377 376 373 370 431 428
500 498 498 497 496 495 495 493 493 491 491 490 488 488 486 486 484 484 482 482 480 480 478 477 476 474 474 472 471 470 469 467 466 465 463 463 461 460 458 457 456 454 453 451 450 448 447 446 445 443 442 441 439 439 437 436 434 433 431 429 428 427 426 423 422 421 419 417 415 415 412 411 408 408 406 403 401 399 398 396 394 391 390 388 385 383 380 380 377 375 372 368 367 428
499 498 497 496 496 494 494 493 492 491 489 489 488 487 486 485 484 483 482 481 480 478 477 476 475 474 473 471 471 469 467 467 465 464 463 462 460 459 458 456 455 453 452 450 450 448 447 445 443 443 441 440 439 438 436 435 434 432 431 428 428 426 425 423 422 420 418 417 415 414 411 410 409 406 405 402 402 399 397 395 393 391 389 387 384 382 380 379 376 373 370 368 366 363
498 497 497 495 494 494 492 492 491 490 489 488 487 486 485 484 483 481 481 479 479 477 477 475 475 473 472 471 469 468 467 466 464 464 462 461 459 458 457 455 454 452 452 450 449 447 445 444 443 442 440 439 438 437 435 434 433 431 430 429 427 425 424 423 421 419 417 417 414 413 411 410 408 405 404 402 401 398 397 395 392 390 388 386 384 382 379 377 375 372 370 367 365 362
497 496 495 495 493 493 492 491 490 489 488 488 486 485 484 483 482 481 480 479 478 477 476 474 473 472 471 470 468 468 466 465 464 463 461 459 459 457 456 454 453 452 451 449 447 446 444 444 442 441 439 439 437 435 435 433 432 430 430 428 427 424 423 422 420 418 417 416 413 412 411 408 407 404 404 401 400 397 397 394 391 390 387 386 383 381 378 376 374 371 369 366 365 362
496 496 494 494 493 492 491 491 489 488 487 486 486 484 484 482 482 480 480 478 477 476 474 474 472 472 470 469 468 467 465 465 463 461 460 459 458 456 455 454 453 451 449 448 446 445 444 444 442 441 440 438 437 436 435 432 431 430 429 427 425 425 422 421 419 419 416 415 413 411 410 407 406 404 403 400 399 397 395 393 390 390 387 385 382 380 378 375 373 370 368 366 364 361
495 494 494 492 492 491 490 489 489 487 487 485 485 483 483 481 481 479 478 477 476 475 474 473 471 471 469 469 467 465 465 463 462 460 460 458 457 455 455 453 451 450 448 447 446 446 444 443 441 440 439 437 436 435 434 432 432 429 427 426 425 424 422 420 419 418 415 413 413 410 409 407 406 404 402 400 398 396 394 392 390 389 386 384 381 379 377 374 372 370 368 365 363 360
495 493 493 492 491 490 490 488 488 486 486 485 483 483 481 481 479 479 477 477 475 475 473 472 471 469 469 467 466 465 464 462 461 460 459 457 456 455 453 452 450 449 448 447 445 445 443 441 441 439 438 436 436 434 433 432 430 429 426 426 424 423 421 420 418 416 415 413 412 409 409 407 405 403 400 400 397 395 393 392 389 388 385 383 381 378 376 373 372 369 367 364 361 359
493 493 491 491 490 489 488 488 486 486 484 484 482 482 480 480 479 478 476 476 474 473 472 471 470 468 468 466 465 464 463 461 461 459 457 457 455 454 452 451 450 449 447 446 445 443 442 441 440 438 437 436 435 433 432 431 429 428 427 426 423 422 421 419 417 415 415 412 411 410 408 406 403 403 400 399 396 394 393 391 388 386 385 382 380 377 376 373 371 368 365 364 360 358
492 492 491 490 489 489 487 487 485 485 484 483 482 481 480 478 478 476 476 474 474 472 472 470 469 468 467 465 465 463 461 461 459 458 457 456 454 453 451 451 449 447 446 445 444 442 442 440 439 438 438 435 433 432 431 430 428 428 426 425 422 421 420 418 416 415 414 411 411 409 406 405 403 402 399 398 396 394 392 389 387 386 384 381 379 377 375 372 369 367 365 363 359 357
492 490 490 489 488 487 487 485 485 483 483 481 481 480 479 478 477 476 475 474 473 471 471 469 469 467 465 465 463 462 461 460 458 458 456 455 453 452 451 449 448 446 446 444 443 442 442 440 439 438 436 435 433 433 431 429 428 427 425 423 423 420 419 417 417 414 413 412 409 408 405 405 402 401 398 398 395 393 391 389 387 385 383 380 379 376 373 371 369 367 364 361 358 357
491 490 489 488 488 486 486 484 484 483 482 481 480 479 478 477 476 475 473 473 471 471 469 468 467 466 465 464 462 462 460 459 457 456 455 453 452 451 450 448 447 445 445 444 443 442 440 439 438 437 435 434 433 432 430 430 427 425 424 423 422 420 418 417 416 413 412 411 408 407 405 404 401 400 398 396 394 391 391 388 386 384 382 380 378 375 372 371 368 366 362 360 358 355
489 489 488 487 486 486 484 484 482 482 481 480 479 478 477 476 475 474 473 472 470 470 468 468 466 466 464 463 462 460 459 457 457 455 454 452 452 450 449 447 446 446 444 443 442 441 439 438 437 436 434 434 432 430 429 428 427 424 424 422 421 419 418 416 414 413 411 410 407 407 404 403 400 399 397 395 393 391 390 387 385 383 382 379 376 374 372 370 367 364 362 360 357 353
489 488 487 487 485 485 483 483 482 481 480 479 478 477 476 475 474 473 472 471 470 468 468 466 465 464 463 461 461 459 458 457 456 454 453 452 451 449 447 446 446 445 443 443 441 440 438 438 436 435 434 432 431 429 429 427 426 425 423 421 420 419 417 415 414 413 410 409 407 406 404 401 401 398 396 394 393 390 389 386 384 382 380 378 376 374 371 369 365 364 361 358 355 352
488 487 486 485 485 483 483 481 481 480 479 478 477 476 475 474 473 472 471 470 469 467 467 465 465 463 462 461 460 458 458 456 454 453 452 451 449 448 447 447 445 444 442 442 440 439 438 436 435 434 433 431 430 429 428 426 426 424 422 420 419 418 416 414 413 412 409 409 406 404 403 401 400 397 395 394 392 389 387 386 383 381 378 378 375 373 370 368 365 362 360 356 355 352
486 486 484 484 484 482 482 481 480 479 478 477 476 475 474 473 472 471 470 469 468 467 466 464 463 462 461 460 458 458 456 455 453 453 451 450 448 448 446 446 444 442 442 440 439 439 438 436 435 434 433 431 430 428 426 425 424 423 421 420 418 417 415 414 412 410 409 407 406 403 403 400 399 396 395 393 390 388 387 385 382 380 378 376 373 370 369 366 364 361 359 356 354 350
485 485 484 483 482 482 480 480 478 478 477 476 475 474 473 472 471 470 469 468 467 466 464 464 462 461 460 459 457 457 455 454 453 452 450 448 448 446 446 444 443 442 441 440 439 438 437 435 435 433 431 431 429 428 425 425 423 422 421 420 417 416 415 412 411 410 408 406 405 403 402 399 398 396 393 392 389 388 386 384 381 380 377 374 372 370 368 365 363 361 358 355 352 349
485 483 483 482 481 480 480 478 478 477 476 475 474 473 472 471 470 469 468 467 466 465 464 463 461 460 459 457 457 455 454 453 452 450 449 448 447 446 445 443 442 442 441 439 439 437 435 435 433 432 430 430 428 427 426 424 422 422 420 418 416 415 414 412 410 409 407 405 405 402 400 398 397 395 392 391 389 387 385 383 381 378 376 373 372 369 367 364 363 359 356 354 350 349
483 483 482 481 481 479 479 477 477 476 475 474 473 472 471 470 469 468 467 466 465 463 463 461 461 459 458 457 456 454 454 452 451 449 449 447 446 445 443 442 442 441 439 439 437 436 434 434 432 431 430 429 427 427 425 423 421 420 419 417 416 414 413 411 410 408 405 405 403 401 399 398 396 394 391 391 388 385 383 382 380 377 375 373 371 368 366 364 360 358 355 353 350 347
482 482 481 480 479 478 477 477 475 475 473 473 471 471 470 469 468 467 466 465 464 463 462 460 460 458 457 456 454 453 452 451 449 448 447 446 445 444 442 443 441 440 438 438 436 435 434 433 431 430 429 427 426 425 424 422 421 419 418 417 416 413 411 411 408 407 406 404 402 400 399 397 395 393 391 389 387 384 383 381 379 376 375 372 370 367 365 362 359 357 354 352 348 346
481 480 480 478 478 477 476 476 474 474 473 472 471 470 469 468 467 466 465 464 462 462 460 460 458 457 456 455 453 453 451 450 448 448 446 445 444 443 442 442 440 439 438 436 435 434 433 431 430 429 428 426 426 424 423 422 421 418 416 416 414 412 411 410 407 406 405 403 401 400 398 395 393 392 390 388 386 384 382 379 379 376 373 371 369 366 363 361 358 356 353 351 347 344
480 479 478 478 477 476 476 474 474 472 472 470 470 468 468 466 466 464 464 462 462 461 459 459 457 457 455 453 453 451 450 448 448 446 445 444 443 442 442 440 439 438 437 435 434 433 432 430 430 428 427 426 424 423 422 421 419 417 416 415 413 412 410 409 406 406 404 401 401 398 397 394 393 391 389 386 386 383 380 379 376 374 371 370 367 365 362 361 357 354 352 348 347 343
479 479 477 477 476 475 474 473 472 471 471 470 469 468 467 466 465 464 463 461 461 459 459 457 456 455 454 452 452 450 449 448 447 445 445 443 443 441 441 439 438 437 436 435 435 433 431 431 429 428 426 425 423 422 421 420 418 417 415 414 413 411 409 407 406 404 403 401 400 397 396 394 392 390 388 386 384 382 380 378 375 373 371 369 366 364 362 358 356 353 350 348 345 341
478 477 477 475 475 473 473 473 471 471 469 469 467 467 465 465 463 463 461 461 459 458 457 456 455 454 452 452 450 449 447 447 445 444 443 443 441 441 439 438 437 436 435 435 433 432 430 430 428 427 426 424 422 422 420 419 418 416 414 412 412 409 408 407 405 403 402 400 399 396 394 393 390 389 387 385 382 382 379 377 374 373 370 367 365 363 360 357 355 352 350 346 344 340
476 476 475 474 474 473 472 471 470 469 468 467 467 465 465 464 462 462 460 460 458 458 456 455 454 453 451 451 449 448 447 446 444 444 443 442 441 440 438 437 436 436 434 434 432 431 430 429 427 426 425 423 422 420 419 417 417 415 413 412 411 408 408 406 404 402 400 399 397 396 393 392 389 389 386 384 381 380 378 375 374 371 369 366 365 361 359 356 354 351 348 345 342 339
476 474 474 474 472 472 470 470 469 468 468 466 466 464 464 462 462 460 460 458 457 456 455 454 453 451 451 449 448 447 446 444 443 443 442 440 440 438 437 437 436 434 434 432 431 430 429 427 427 425 424 422 421 419 418 417 416 414 413 411 409 407 406 405 402 402 399 398 395 395 392 391 389 387 385 382 381 378 376 375 373 370 368 365 363 360 358 355 352 350 346 344 341 338
474 474 473 472 471 470 470 469 468 467 466 465 464 463 462 461 460 459 458 457 457 455 454 453 452 450 450 448 447 446 445 443 443 442 441 440 439 437 438 436 435 433 433 431 430 429 428 426 426 424 423 422 420 418 417 416 414 413 411 410 408 407 405 404 402 401 398 397 395 393 391 390 388 385 384 382 380 377 376 373 371 368 367 364 361 359 356 354 351 348 346 343 339 336
473 473 471 471 470 469 469 467 467 466 465 464 463 462 461 461 459 459 457 456 455 454 453 452 450 450 448 447 446 445 443 442 442 441 439 439 437 436 436 435 433 433 431 430 429 428 426 426 424 423 422 421 419 417 416 415 413 413 410 409 408 406 404 402 401 399 397 396 394 392 391 388 387 384 383 381 379 377 374 372 369 368 365 363 360 358 355 353 349 348 344 340 337 335
472 471 471 469 469 468 467 467 465 465 463 463 462 461 460 459 458 457 456 455 454 452 452 451 449 449 447 446 445 444 442 442 441 440 439 438 436 437 435 434 433 432 430 429 428 427 425 425 423 422 421 420 418 416 415 413 413 411 409 407 407 404 403 402 400 398 397 395 393 391 390 387 386 384 381 379 377 376 373 371 369 367 364 361 359 357 354 350 349 345 342 339 337 333
470 470 470 468 468 467 466 465 464 464 462 462 460 460 458 458 456 456 455 454 453 451 451 449 449 447 446 445 444 442 441 441 440 438 438 436 436 435 434 432 432 430 429 428 427 425 425 423 422 421 420 418 418 415 414 412 412 410 408 407 406 403 403 401 399 398 395 394 391 390 388 386 385 383 380 378 376 374 372 371 368 365 362 360 358 355 352 350 347 344 341 338 335 331
470 469 468 468 466 466 464 464 464 462 462 460 460 458 458 457 456 455 453 453 451 451 449 448 447 446 444 444 443 441 441 440 439 438 437 435 436 434 433 432 431 429 429 427 426 424 424 422 421 420 419 417 417 415 413 412 410 409 407 406 404 403 401 399 397 397 394 393 391 389 387 386 383 382 379 378 375 372 371 368 366 363 362 359 356 353 352 348 346 342 340 336 333 329
549 548 467 466 465 464 464 463 462 461 460 459 459 457 457 455 455 453 453 451 450 449 448 448 446 445 443 443 441 440 440 439 437 437 435 435 434 433 431 431 429 428 427 426 424 424 422 421 420 419 417 417 415 414 412 411 409 408 406 405 403 402 400 398 397 395 393 392 390 387 386 384 382 379 379 376 374 371 370 367 365 363 361 357 355 353 349 347 343 341 338 335 331 329
548 548 546 546 546 463 463 461 461 459 459 458 457 456 455 454 453 452 452 450 450 448 447 446 445 443 443 441 440 439 439 437 437 436 435 435 433 432 431 430 428 428 426 425 424 423 421 420 419 418 416 416 414 412 411 410 408 408 405 403 403 400 399 397 396 393 392 390 389 386 385 383 381 379 377 375 373 371 369 366 364 361 358 356 354 351 348 345 343 340 336 333 330 327
547 546 545 544 544 543 542 460 459 459 458 457 456 455 454 454 452 451 450 449 448 447 445 445 443 442 442 440 439 439 438 436 436 434 434 433 432 430 430 428 427 426 425 423 423 421 420 419 418 416 416 414 413 411 410 408 408 405 404 402 401 399 398 396 395 392 392 389 388 386 384 381 379 378 375 373 371 369 366 364 362 360 357 355 352 350 346 345 341 338 334 331 328 324
545 545 544 543 543 541 541 541 539 539 456 456 454 454 453 452 451 450 449 447 447 445 445 444 442 442 440 439 438 438 436 436 434 433 433 432 430 430 429 427 427 425 424 423 422 420 420 418 417 415 415 413 412 410 409 407 407 404 403 402 399 398 397 395 393 392 390 388 385 385 382 380 378 377 374 373 370 368 365 364 361 359 356 353 351 347 346 342 339 335 334 330 326 323
544 543 543 542 541 541 540 539 538 537 536 535 453 453 451 451 449 449 447 446 446 444 444 442 441 440 439 437 437 436 435 435 433 433 432 431 429 429 427 426 425 424 422 422 420 419 418 417 415 415 413 412 411 409 407 407 405 403 402 401 398 398 395 394 391 391 388 387 385 383 381 380 377 375 373 371 369 366 365 362 359 357 355 352 349 347 344 340 338 335 332 328 326 321
551 546 542 541 540 539 538 538 536 536 534 534 533 532 450 449 448 448 446 446 444 443 442 441 439 439 438 436 437 435 435 433 432 432 431 429 429 427 426 425 424 422 422 420 419 419 417 416 415 414 412 411 410 408 406 406 404 402 401 400 397 396 394 392 391 389 387 386 384 381 380 378 376 373 372 369 367 365 363 360 358 356 353 350 349 345 342 339 336 333 329 327 323 319
554 551 547 540 538 538 537 536 536 535 534 533 532 531 530 529 528 446 445 444 443 441 441 440 438 438 436 436 435 434 433 432 430 431 430 428 428 426 425 424 423 421 421 419 418 417 416 414 414 412 411 410 408 406 406 404 402 401 400 397 397 395 393 392 390 388 386 384 383 380 379 377 375 373 371 368 367 364 361 359 356 354 351 349 346 343 340 338 334 331 328 325 321 317
555 553 550 546 541 537 536 535 534 533 533 531 531 529 529 528 527 526 524 443 442 441 440 438 438 436 435 434 434 433 432 431 430 430 428 427 426 425 423 423 421 421 419 418 417 416 414 414 412 411 409 409 407 405 405 403 401 400 399 396 396 393 391 390 388 386 385 383 380 380 377 375 373 372 369 367 365 363 359 358 355 353 350 348 344 342 339 336 332 329 326 322 319 315
