testData/tiles/oneDegreeCosts/grid31.0-9.0-32.0-10.0.asc
ncols   200
nrows   200
xllcorner   31.0
yllcorner   9.0
cellsize   0.005
NODATA_value   -9999.0
[rows 0 to 41 of 200, columns 0 to 93 of 200]
344 344 344 344 344 344 344 344 344 344 344 344 344 344 344 344 344 344 344 344 344 344 344 344 344 344 344 344 344 344 344 344 344 344 344 344 344 344 344 344 344 344 344 344 344 344 344 344 344 344 344 344 344 344 344 344 344 344 344 346 346 347 347 347 347 347 347 347 347 347 347 347 347 347 348 348 348 348 348 348 348 348 348 348 348 348 348 348 348 348 348 348 348 348
344 344 344 344 344 344 344 344 344 344 344 344 344 344 344 344 344 344 344 344 344 344 344 344 344 344 344 344 344 344 344 344 344 344 344 344 344 344 344 344 344 344 344 344 344 344 344 344 344 344 344 344 344 344 344 344 344 344 344 344 346 346 346 346 346 347 347 347 347 347 347 347 347 347 347 347 347 347 347 348 348 348 348 348 348 348 348 348 348 348 348 348 348 348
344 344 344 344 344 344 344 344 344 344 344 344 344 344 344 344 344 344 344 344 344 344 344 344 344 344 344 344 344 344 344 344 344 344 344 344 344 344 344 344 344 344 344 344 344 344 344 344 344 344 344 344 344 344 344 344 344 344 344 344 346 346 346 346 346 346 346 346 346 347 347 347 347 347 347 347 347 347 347 347 347 347 347 347 347 348 348 348 348 348 348 348 348 348
344 344 344 344 344 344 344 344 344 344 344 344 344 344 344 344 344 344 344 344 344 344 344 344 344 344 344 344 344 344 344 344 344 344 344 344 344 344 344 344 344 344 344 344 344 344 344 344 344 344 344 344 344 344 344 344 344 344 344 344 346 346 346 346 346 346 346 346 346 346 346 346 346 347 347 347 347 347 347 347 347 347 347 347 347 347 347 347 347 347 347 347 348 348
344 344 344 344 344 344 344 344 344 344 344 344 344 344 344 344 344 344 344 344 344 344 344 344 344 344 344 344 344 344 344 344 344 344 344 344 344 344 344 344 344 344 344 344 344 344 344 344 344 344 344 344 344 344 344 344 344 344 344 344 345 345 345 345 346 346 346 346 346 346 346 346 346 346 346 346 346 346 347 347 347 347 347 347 347 347 347 347 347 347 347 347 347 347
344 344 344 344 344 344 344 344 344 344 344 344 344 344 344 344 344 344 344 344 344 344 344 344 344 344 344 344 344 344 344 344 344 344 344 344 344 344 344 344 344 344 344 344 344 344 344 344 344 344 344 344 344 344 344 344 344 344 344 344 345 345 345 345 345 345 345 345 346 346 346 346 346 346 346 346 346 346 346 346 346 346 346 346 347 347 347 347 347 347 347 347 347 347
344 344 344 344 344 344 344 344 344 344 344 344 344 344 344 344 344 344 344 344 344 344 344 344 344 344 344 344 344 344 344 344 344 344 344 344 344 344 344 344 344 344 344 344 344 344 344 344 344 344 344 344 344 344 344 344 344 344 344 344 345 345 345 345 345 345 345 345 345 345 345 345 345 346 346 346 346 346 346 346 346 346 346 346 346 346 346 346 346 346 346 347 347 347
344 344 344 344 344 344 344 344 344 344 344 344 344 344 344 344 344 344 344 344 344 344 344 344 344 344 344 344 344 344 344 344 344 344 344 344 344 344 344 344 344 344 344 344 344 344 344 344 344 344 344 344 344 344 344 344 344 344 344 344 344 344 344 344 345 345 345 345 345 345 345 345 345 345 345 345 345 345 346 346 346 346 346 346 346 346 346 346 346 346 346 346 346 346
344 344 344 344 344 344 344 344 344 344 344 344 344 344 344 344 344 344 344 344 344 344 344 344 344 344 344 344 344 344 344 344 344 344 344 344 344 344 344 344 344 344 344 344 344 344 344 344 344 344 344 344 344 344 344 344 344 344 344 344 344 344 344 344 344 344 344 344 345 345 345 345 345 345 345 345 345 345 345 345 345 345 345 345 346 346 346 346 346 346 346 346 346 346
344 344 344 344 344 344 344 344 344 344 344 344 344 344 344 344 344 344 344 344 344 344 344 344 344 344 344 344 344 344 344 344 344 344 344 344 344 344 344 344 344 344 344 344 344 344 344 344 344 344 344 344 344 344 344 344 344 344 344 344 344 344 344 344 344 344 344 344 344 344 344 344 345 345 345 345 345 345 345 345 345 345 345 345 345 345 345 345 345 345 345 346 346 346
344 344 344 344 344 344 344 344 344 344 344 344 344 344 344 344 344 344 344 344 344 344 344 344 344 344 344 344 344 344 344 344 344 344 344 344 344 344 344 344 344 344 344 344 344 344 344 344 344 344 344 344 344 344 344 344 344 344 344 344 344 344 344 344 344 344 344 344 344 344 344 344 344 344 344 344 344 344 345 345 345 345 345 345 345 345 345 345 345 345 345 345 345 345
344 344 344 344 344 344 344 344 344 344 344 344 344 344 344 344 344 344 344 344 344 344 344 344 344 344 344 344 344 344 344 344 344 344 344 344 344 344 344 344 344 344 344 344 344 344 344 344 344 344 344 344 344 344 344 344 344 344 344 344 344 344 344 344 344 344 344 344 344 344 344 344 344 344 344 344 344 344 344 344 344 344 344 345 345 345 345 345 345 345 345 345 345 345
344 344 344 344 344 344 344 344 344 344 344 344 344 344 344 344 344 344 344 344 344 344 344 344 344 344 344 344 344 344 344 344 344 344 344 344 344 344 344 344 344 344 344 344 344 344 344 344 344 344 344 344 344 344 344 344 344 344 344 344 344 344 344 344 344 344 344 344 344 344 344 344 344 344 344 344 344 344 344 344 344 344 344 344 344 344 344 344 344 344 344 345 345 345
344 344 344 344 344 344 344 344 344 344 344 344 344 344 344 344 344 344 344 344 344 344 344 344 344 344 344 344 344 344 344 344 344 344 344 344 344 344 344 344 344 344 344 344 344 344 344 344 344 344 344 344 344 344 344 344 344 344 344 344 344 344 344 344 344 344 344 344 344 344 344 344 344 344 344 344 344 344 344 344 344 344 344 344 344 344 344 344 344 344 344 344 344 344
344 344 344 344 344 344 344 344 344 344 344 344 344 344 344 344 344 344 344 344 344 344 344 344 344 344 344 344 344 355 344 344 344 344 344 344 344 344 344 344 344 344 344 344 344 344 344 344 344 344 344 344 344 344 344 344 344 344 344 344 344 344 344 344 344 344 344 344 344 344 344 344 344 344 344 344 344 344 344 344 344 344 344 344 344 344 344 344 344 344 344 344 344 344
350 351 351 351 351 351 352 352 352 352 352 352 353 353 353 353 353 353 354 354 354 354 354 354 354 355 355 355 355 355 355 355 355 356 356 356 356 356 356 356 356 357 357 357 357 357 357 357 347 347 348 348 348 348 348 348 348 348 348 348 349 349 432 432 432 432 432 432 432 432 432 432 432 344 344 344 344 344 344 344 344 344 344 344 344 344 344 344 344 344 344 344 344 344
350 350 350 351 351 351 351 351 352 352 352 352 352 352 353 353 353 353 353 353 353 354 354 354 354 354 354 354 355 355 355 355 355 355 355 356 356 356 356 356 356 356 356 356 357 357 357 357 347 347 347 347 347 348 348 348 348 348 348 348 348 348 431 431 432 432 432 432 432 432 432 432 432 432 432 432 432 432 433 433 433 433 433 433 433 433 433 433 433 433 433 344 344 344
350 350 350 350 350 351 351 351 351 351 352 352 352 352 352 352 352 353 353 353 353 353 353 354 354 354 354 354 354 354 355 355 355 355 355 355 355 355 356 356 356 356 356 356 356 356 356 357 357 347 347 347 347 347 347 347 347 348 348 348 348 348 431 431 431 431 431 431 432 432 432 432 432 432 432 432 432 432 432 432 432 432 432 432 433 433 433 433 433 433 433 433 433 433
349 350 350 350 350 350 350 351 351 351 351 351 351 352 352 352 352 352 352 353 353 353 353 353 353 353 354 354 354 354 354 354 354 355 355 355 355 355 355 355 355 356 356 356 356 356 356 356 356 356 347 347 347 347 347 347 347 347 347 347 348 348 431 431 431 431 431 431 431 431 431 431 431 432 432 432 432 432 432 432 432 432 432 432 432 432 432 432 432 432 432 432 433 433
349 349 349 350 350 350 350 350 350 351 351 351 351 351 351 352 352 352 352 352 352 353 353 353 353 353 353 353 354 354 354 354 354 354 354 354 355 355 355 355 355 355 355 355 356 356 356 356 356 356 356 347 347 347 347 347 347 347 347 347 347 347 430 430 430 431 431 431 431 431 431 431 431 431 431 431 431 431 431 432 432 432 432 432 432 432 432 432 432 432 432 432 432 432
349 349 349 349 349 350 350 350 350 350 350 351 351 351 351 351 351 352 352 352 352 352 352 352 353 353 353 353 353 353 353 354 354 354 354 354 354 354 354 355 355 355 355 355 355 355 355 356 356 356 356 356 347 347 347 347 347 347 347 347 347 347 430 430 430 430 430 430 430 431 431 431 431 431 431 431 431 431 431 431 431 431 431 431 431 432 432 432 432 432 432 432 432 432
394 394 349 349 349 349 349 350 350 350 350 350 350 351 351 351 351 351 351 352 352 352 352 352 352 352 353 353 353 353 353 353 353 354 354 354 354 354 354 354 354 354 355 355 355 355 355 355 355 355 355 356 347 347 347 347 347 347 347 347 347 347 347 430 430 430 430 430 430 430 430 430 430 430 431 431 431 431 431 431 431 431 431 431 431 431 431 431 431 431 431 431 431 432
394 394 394 394 395 395 395 395 395 396 396 396 396 396 396 397 351 351 351 351 351 351 352 352 352 352 352 352 352 353 353 353 353 353 353 353 354 354 354 354 354 354 354 354 354 355 355 355 355 355 355 355 355 347 347 347 347 347 347 347 347 347 347 429 429 430 430 430 430 430 430 430 430 430 430 430 430 430 430 430 431 431 431 431 431 431 431 431 431 431 431 431 431 431
394 394 394 394 394 394 395 395 395 395 395 395 396 396 396 396 396 396 397 397 397 397 397 397 398 398 398 398 398 353 353 353 353 353 353 353 353 353 353 354 354 354 354 354 354 354 354 354 355 355 355 355 355 355 347 347 347 347 347 347 347 347 347 429 429 429 429 429 429 429 430 430 430 430 430 430 430 430 430 430 430 430 430 430 430 430 431 431 431 431 431 431 431 431
395 395 395 395 394 394 394 394 395 395 395 395 395 395 396 396 396 396 396 396 397 397 397 397 397 397 397 398 398 398 398 398 398 398 399 399 399 399 399 399 399 354 354 354 354 354 354 354 354 354 354 355 355 355 355 347 347 347 347 347 347 347 347 429 429 429 429 429 429 429 429 429 429 429 429 430 430 430 430 430 430 430 430 430 430 430 430 430 430 430 430 430 430 430
403 402 402 401 402 401 401 401 400 399 400 399 399 398 398 397 398 397 396 396 396 396 396 397 397 397 397 397 397 398 398 398 398 398 398 398 398 399 399 399 399 399 399 399 399 400 400 400 400 400 400 355 355 355 355 355 347 347 347 347 347 347 347 428 428 428 429 429 429 429 429 429 429 429 429 429 429 429 429 429 429 430 430 430 430 430 430 430 430 430 430 430 430 430
408 409 408 408 408 407 408 407 407 406 406 405 406 405 405 404 404 403 404 403 403 402 402 401 400 401 400 400 399 398 398 398 398 398 398 398 398 398 398 398 399 399 399 399 399 399 399 399 399 400 400 400 400 400 400 400 390 390 390 391 391 347 347 428 428 428 428 428 428 428 428 429 429 429 429 429 429 429 429 429 429 429 429 429 429 429 429 429 430 430 430 430 430 430
414 414 413 414 413 413 413 412 412 412 412 412 411 411 410 411 410 410 409 409 408 409 408 408 407 407 406 406 406 406 405 404 404 403 402 403 402 401 401 400 399 399 399 399 399 399 399 399 399 399 399 399 400 400 400 400 400 390 390 390 390 390 390 391 474 474 474 474 474 474 428 428 428 428 428 428 428 429 429 429 429 429 429 429 429 429 429 429 429 429 429 429 429 429
419 419 419 418 418 418 418 418 417 417 417 417 417 416 416 416 415 416 415 415 414 414 413 414 414 413 413 412 412 411 411 411 410 410 409 409 408 407 408 407 407 406 405 405 404 403 403 403 402 401 401 400 400 400 400 400 400 400 390 390 390 390 390 390 473 473 473 473 474 474 474 474 474 474 474 474 474 474 429 429 429 429 429 429 429 429 429 429 429 429 429 429 429 429
423 423 423 423 423 422 422 423 422 422 422 421 421 422 421 421 420 420 420 420 420 419 419 419 418 418 418 418 417 417 416 416 415 416 415 415 414 414 413 413 412 412 412 411 411 410 409 409 408 407 408 407 406 406 405 404 403 403 402 391 391 390 390 390 473 473 473 473 473 473 473 473 473 474 474 474 474 474 474 474 474 474 474 474 474 474 429 429 429 429 429 429 429 429
428 427 427 427 427 427 427 427 426 427 427 426 426 425 425 426 425 425 425 424 424 423 424 424 423 423 422 422 422 422 422 421 421 420 420 419 420 419 419 418 418 417 417 416 417 416 415 415 414 414 413 412 412 411 412 411 410 409 409 398 397 397 396 395 477 477 477 476 475 474 473 473 473 473 473 473 473 473 474 474 474 474 474 474 474 474 474 474 474 474 474 474 474 474
432 432 431 431 431 431 431 431 431 430 430 430 430 430 430 429 429 429 429 429 429 428 428 427 428 428 427 427 426 426 426 426 426 425 425 424 424 423 423 423 423 423 422 422 421 420 420 419 420 419 419 418 418 417 416 416 415 415 415 414 404 403 402 402 484 483 482 482 481 481 480 480 479 478 477 476 475 474 474 474 474 474 474 474 474 474 474 474 474 474 474 474 474 474
436 436 435 435 435 435 434 434 435 434 434 434 434 433 434 434 433 433 433 432 433 433 432 432 431 431 431 431 431 431 430 430 429 429 429 429 429 428 428 427 427 426 427 426 426 426 425 425 424 424 423 423 423 422 422 421 421 420 420 419 418 408 408 407 490 489 489 488 487 486 486 485 484 484 483 483 482 481 481 480 479 478 477 476 475 474 474 474 474 474 474 474 474 474
440 440 439 438 438 439 438 438 438 437 438 438 438 437 437 437 437 437 437 436 436 436 435 436 436 435 435 435 434 434 434 434 434 433 433 432 432 433 432 432 431 431 431 430 430 429 430 429 429 428 428 427 427 426 426 426 426 425 425 424 424 423 412 412 412 494 494 493 493 492 491 491 490 489 489 488 487 487 486 485 484 485 484 483 482 481 480 480 479 478 477 476 475 474
443 442 443 443 442 441 441 442 442 441 441 441 440 441 441 440 440 440 440 440 440 440 439 439 439 438 439 439 438 438 438 437 437 437 437 437 436 436 435 435 436 435 435 434 434 434 433 433 432 433 432 432 431 431 430 430 429 429 428 429 428 428 417 417 416 499 498 497 497 496 496 496 495 495 494 494 493 492 492 491 490 489 489 488 487 486 486 485 485 484 483 483 482 481
446 446 446 445 446 445 445 444 444 445 445 444 444 444 443 444 444 444 443 443 443 443 443 443 442 442 442 441 442 442 441 441 441 440 440 440 440 440 439 439 439 438 438 438 438 438 437 437 436 436 436 435 435 435 435 434 434 433 433 432 432 431 431 420 421 503 503 502 502 501 501 500 499 499 498 498 497 497 497 496 495 495 494 493 493 492 491 491 490 489 488 488 487 486
450 449 449 449 449 448 448 448 448 447 447 447 447 447 447 447 446 446 447 447 446 446 446 445 446 446 445 445 445 444 444 445 444 444 444 443 443 443 442 443 443 442 442 441 441 441 440 441 440 440 440 439 439 438 438 437 437 437 437 437 436 436 435 435 424 507 506 506 506 506 505 505 504 503 503 502 502 501 501 500 499 499 498 497 498 497 497 496 495 494 494 493 492 492
452 452 451 452 452 452 451 450 451 451 450 450 450 450 450 450 450 449 449 449 450 449 449 449 448 448 448 449 448 448 448 447 447 447 447 447 447 446 446 446 445 445 445 445 445 444 444 444 443 443 442 443 443 442 442 441 441 440 440 440 439 440 439 439 438 511 510 510 509 509 508 508 507 507 507 507 506 506 505 504 504 503 503 502 502 501 500 500 499 498 498 497 497 497
456 456 455 455 455 456 456 454 454 455 456 455 455 455 455 454 455 455 454 454 454 454 453 454 454 453 453 453 453 452 453 453 452 452 452 451 451 452 451 451 451 450 450 450 449 450 450 449 449 448 447 447 446 446 445 446 446 445 445 444 444 443 443 443 442 515 514 514 513 513 512 512 511 511 510 510 509 509 508 508 508 508 507 506 506 505 505 504 504 503 502 502 501 500
460 460 460 460 460 460 460 460 459 459 459 458 458 459 459 458 459 459 459 459 459 459 459 458 458 458 458 458 458 458 457 457 457 457 457 457 456 456 456 455 456 456 455 454 454 453 453 453 452 453 452 452 452 451 451 451 450 450 449 450 449 449 449 447 447 447 519 518 518 518 517 518 517 517 515 515 514 514 513 513 512 512 511 510 509 508 508 508 508 507 507 506 505 505
465 465 464 464 465 465 465 464 464 464 464 463 463 463 463 463 463 463 463 462 462 462 463 462 462 462 461 461 462 462 461 461 461 460 460 460 461 460 460 460 459 459 459 458 459 459 458 458 457 457 457 456 456 457 456 456 456 455 455 453 453 453 452 453 452 452 534 524 524 523 523 522 521 520 520 519 520 519 519 518 518 516 516 515 515 514 514 513 513 512 511 510 510 509
468 468 468 468 468 468 469 469 469 469 467 467 468 468 468 467 467 467 468 467 467 467 467 466 467 467 466 466 466 466 465 466 466 465 465 465 465 464 464 465 464 464 464 463 463 463 462 463 463 462 462 462 461 460 460 459 459 459 459 459 458 458 457 457 457 456 539 528 528 528 527 527 526 526 525 525 524 524 524 522 522 521 521 521 521 520 520 518 518 517 516 516 515 515
