testData/tiles/oneDegreeCosts/grid22.0-43.0-23.0-44.0.asc
ncols   200
nrows   200
xllcorner   22.0
yllcorner   43.0
cellsize   0.005
NODATA_value   -9999.0
[rows 42 to 83 of 200, columns 0 to 93 of 200]
574 574 574 574 574 574 574 574 574 574 574 574 574 574 574 574 574 574 574 574 574 574 574 574 574 574 574 574 574 574 574 574 574 574 574 574 574 574 574 574 574 574 574 574 574 574 574 574 574 574 574 574 696 697 698 698 699 699 700 700 701 701 702 702 703 703 704 704 705 705 706 706 707 707 708 708 709 709 710 710 710 711 711 712 712 712 713 713 713 713 713 714 714 714
574 574 574 574 574 574 574 574 574 574 574 574 574 574 574 574 574 574 574 574 574 574 574 574 574 574 574 574 574 574 574 574 574 574 574 574 574 574 574 574 574 574 574 574 574 574 574 574 574 574 574 574 696 696 697 698 698 699 699 700 700 701 701 702 702 703 703 704 704 705 705 706 706 707 707 708 708 709 709 709 710 710 711 710 710 711 711 712 712 712 713 713 713 714
574 574 574 574 574 574 574 574 574 574 574 574 574 574 574 574 574 574 574 574 574 574 574 574 574 574 574 574 574 574 574 574 574 574 574 574 574 574 574 574 574 574 574 574 574 574 574 574 574 574 574 574 574 696 696 697 698 698 699 699 700 700 701 701 702 702 703 703 704 704 705 705 706 706 706 706 707 707 707 708 708 709 709 710 710 710 711 711 711 712 712 713 713 713
574 574 574 574 574 574 574 574 574 574 574 574 574 574 574 574 574 574 574 574 574 574 574 574 574 574 574 574 574 574 574 574 574 574 574 574 574 574 574 574 574 574 574 574 574 574 574 574 574 574 574 574 574 694 695 695 696 697 697 698 698 699 699 700 700 701 701 702 702 703 703 704 704 705 705 706 706 707 707 707 708 708 709 709 709 710 710 711 711 711 712 712 712 713
574 574 574 574 574 574 574 574 574 574 574 574 574 574 574 574 574 574 574 574 574 574 574 574 574 574 574 574 574 574 574 574 574 574 574 574 574 574 574 574 574 574 574 574 574 574 574 574 574 574 574 574 574 694 694 695 695 696 697 697 698 698 699 699 700 700 701 701 702 702 703 703 704 704 705 705 706 706 706 707 707 708 708 709 709 709 710 710 710 711 711 712 712 712
574 574 574 574 574 574 574 574 574 574 574 574 574 574 574 574 574 574 574 574 574 574 574 574 574 574 574 574 574 574 574 574 574 574 574 574 574 574 574 574 574 574 574 574 574 574 574 574 574 574 574 574 574 693 694 694 695 695 696 697 697 698 698 699 699 700 700 701 701 702 702 703 703 704 704 705 705 706 706 706 707 707 708 708 708 709 709 710 710 710 711 711 711 712
574 574 574 574 574 574 574 574 574 574 574 574 574 574 574 574 574 574 574 574 574 574 574 574 574 574 574 574 574 574 574 574 574 574 574 574 574 574 574 574 574 574 574 574 574 574 574 574 574 574 574 574 574 692 693 694 694 695 695 696 697 697 698 698 699 699 700 700 701 701 702 702 703 703 704 704 705 705 705 706 706 707 707 708 708 708 709 709 709 710 710 711 711 711
574 574 574 574 574 574 574 574 574 574 574 574 574 574 574 574 574 574 574 574 574 574 574 574 574 574 574 574 574 574 574 574 574 574 574 574 574 574 574 574 574 574 574 574 574 574 574 574 574 574 574 574 574 692 692 693 694 694 695 695 696 697 697 698 698 699 699 700 700 701 701 702 702 703 703 704 704 704 705 705 706 706 707 707 707 708 708 709 709 709 710 710 710 711
574 574 574 574 574 574 574 574 574 574 574 574 574 574 574 574 574 574 574 574 574 574 574 574 574 574 574 574 574 574 574 574 574 574 574 574 574 574 574 574 574 574 574 574 574 574 574 574 574 574 574 574 574 691 692 692 693 694 694 695 695 696 697 697 698 698 699 699 700 700 701 701 702 702 703 703 703 704 704 705 705 706 706 707 707 707 708 708 708 709 709 709 709 709
574 574 574 574 574 574 574 574 574 574 574 574 574 574 574 574 574 574 574 574 574 574 574 574 574 574 574 574 574 574 574 574 574 574 574 574 574 574 574 574 574 574 574 574 574 574 574 574 574 574 574 574 574 691 691 692 692 693 694 694 695 695 696 696 697 698 698 699 699 700 700 701 701 702 702 703 703 703 704 704 705 705 706 706 706 706 706 707 707 707 708 708 708 709
574 574 574 574 574 574 574 574 574 574 574 574 574 574 574 574 574 574 574 574 574 574 574 574 574 574 574 574 574 574 574 574 574 574 574 574 574 574 574 574 574 574 574 574 574 574 574 574 574 574 574 574 574 690 691 691 692 692 693 694 694 695 695 696 696 697 698 698 699 699 700 700 701 701 701 702 702 702 702 703 703 704 704 704 705 705 706 706 706 707 707 708 708 708
574 574 574 574 657 574 574 574 574 574 574 574 574 574 574 574 574 574 574 574 574 574 574 574 574 574 574 574 574 574 574 574 574 574 574 574 574 574 574 574 574 574 574 574 574 574 574 574 574 574 574 574 574 688 689 690 691 692 692 693 694 693 694 694 695 695 696 696 697 697 698 698 699 699 700 700 701 701 702 702 703 703 704 704 704 705 705 706 706 706 707 707 707 708
646 649 652 653 656 658 660 661 663 665 666 668 669 670 640 642 642 643 645 645 646 647 648 650 651 652 653 654 655 656 657 658 659 660 660 661 574 574 574 574 574 574 574 574 574 574 574 574 574 574 574 574 574 574 688 689 690 690 691 691 692 693 693 694 694 695 695 696 696 697 697 698 698 699 699 700 700 701 701 702 702 703 703 703 704 704 705 705 705 706 706 707 707 707
643 647 650 651 654 656 657 659 661 663 664 666 668 669 639 641 641 642 644 644 645 646 648 649 650 651 652 653 654 655 656 657 658 659 660 661 661 662 663 664 665 666 666 667 668 669 669 670 671 574 574 574 574 574 688 688 689 690 690 691 691 692 693 693 694 694 695 695 696 696 697 697 698 698 699 699 700 700 701 701 702 702 702 703 703 704 704 704 705 705 706 706 706 707
640 644 648 649 652 655 656 658 660 661 663 664 666 667 637 639 640 641 643 643 644 645 647 648 649 650 651 652 653 654 655 656 657 658 659 660 661 662 662 663 664 665 666 666 667 668 669 669 670 671 671 672 673 673 833 834 834 835 836 691 691 691 692 693 693 694 694 695 695 696 696 697 697 698 698 699 699 700 700 701 701 701 702 702 703 703 704 704 704 705 705 705 706 706
637 642 645 647 650 653 654 656 658 659 661 663 664 665 636 637 638 639 641 641 642 644 646 647 648 649 650 651 652 653 654 655 656 657 658 659 660 661 662 662 663 664 665 666 666 667 668 669 669 670 671 671 672 673 832 833 834 834 835 836 836 837 837 838 838 839 840 695 695 695 696 696 697 697 698 698 699 699 700 700 700 701 701 702 702 703 703 703 704 704 705 705 705 706
633 638 643 645 648 651 653 655 657 658 660 662 662 664 635 635 637 638 640 640 641 642 644 645 646 647 649 650 651 652 653 654 655 656 657 658 659 660 661 662 663 663 664 665 666 666 667 668 669 669 670 671 671 672 832 832 833 834 834 835 836 836 837 837 838 838 839 840 840 841 841 842 842 843 843 698 698 699 699 699 700 700 701 701 702 702 702 703 703 704 704 703 704 704
625 635 639 643 646 649 651 653 655 657 659 660 661 663 634 634 636 637 638 639 640 641 643 644 645 646 647 648 650 651 652 653 655 656 657 657 658 659 660 661 662 663 663 664 665 666 667 667 668 669 669 670 671 671 831 832 832 833 834 834 835 836 836 837 837 838 838 839 839 840 841 841 842 842 843 843 843 844 844 845 845 700 700 701 701 701 701 701 702 702 702 703 703 704
624 628 634 640 644 646 649 651 654 655 657 659 660 662 632 633 634 636 636 638 639 640 642 643 644 645 646 648 649 650 651 652 653 654 655 656 657 657 658 659 661 662 663 663 664 665 666 667 667 668 669 669 670 671 830 831 832 832 833 834 834 835 835 836 837 837 838 838 839 839 840 840 841 841 842 842 843 842 843 843 844 844 845 845 845 846 846 701 701 702 702 702 703 703
624 624 630 636 640 643 647 650 651 653 656 658 658 660 631 632 633 635 635 637 638 639 641 642 643 644 646 647 648 649 650 651 652 653 654 655 656 657 658 658 659 660 661 662 663 663 664 665 666 666 667 668 668 669 829 829 830 831 831 832 833 833 834 834 835 836 836 837 837 838 838 839 839 840 840 841 841 842 842 843 843 844 844 844 845 845 846 846 847 847 847 848 848 703
624 624 624 632 637 640 644 647 648 651 654 656 657 659 630 630 632 634 634 636 637 638 640 641 642 643 645 646 647 648 649 650 651 652 653 654 655 656 657 658 658 659 660 661 662 663 663 664 665 666 666 667 668 668 828 829 829 830 831 831 832 833 833 834 834 835 836 836 837 837 838 838 839 839 840 840 841 841 842 842 843 843 843 844 844 845 845 846 846 846 847 847 848 848
624 624 624 625 633 637 641 644 646 649 651 652 655 656 628 629 631 632 633 634 636 637 639 640 641 642 644 645 646 647 648 649 650 651 652 653 654 655 656 657 658 659 659 660 661 662 663 663 664 665 666 666 667 668 827 828 829 829 830 831 831 832 833 833 834 834 835 835 836 837 837 838 838 839 839 840 840 841 841 842 842 842 843 843 844 844 845 845 845 846 846 847 847 847
624 624 624 624 628 634 638 642 644 647 649 651 653 655 625 627 628 630 632 633 635 636 637 639 640 641 643 644 645 646 647 648 649 650 651 652 653 654 655 656 657 658 659 659 660 661 662 663 663 664 665 666 666 667 668 827 828 829 829 830 831 831 832 832 833 834 834 835 835 836 836 837 837 838 839 839 839 840 840 841 841 842 842 843 843 844 844 844 845 845 846 846 846 847
624 624 624 624 624 629 635 639 642 645 648 649 651 653 624 625 627 628 629 631 633 634 635 638 639 640 642 643 644 645 646 647 648 649 650 651 652 653 654 655 656 657 658 659 660 660 661 662 663 663 664 665 666 666 667 827 827 828 829 829 830 831 831 832 832 833 834 834 835 835 836 836 837 837 838 838 839 839 840 840 841 841 842 842 843 843 843 844 844 845 845 845 846 846
624 624 624 624 624 624 631 635 639 643 646 647 650 652 624 624 626 626 628 630 631 633 634 636 637 638 640 641 643 644 645 646 647 648 650 651 652 652 653 654 655 656 657 658 659 660 660 661 662 663 663 664 665 666 666 826 827 827 828 829 829 830 831 831 832 832 833 833 834 835 835 836 836 837 837 838 838 839 839 840 840 841 841 842 842 842 843 843 844 843 844 844 844 845
624 624 624 624 624 624 625 632 636 640 642 645 648 650 624 624 624 625 627 628 630 632 633 634 636 637 638 640 641 642 643 644 646 647 648 650 651 652 653 654 654 655 656 657 658 659 660 660 661 662 663 663 664 665 666 825 826 827 827 828 829 829 830 830 831 832 832 833 833 834 835 835 836 836 837 837 838 838 839 839 840 840 839 840 840 841 841 842 842 843 843 843 844 844
624 624 624 624 624 624 624 626 633 637 640 643 646 647 624 624 624 624 625 627 629 630 632 633 635 636 637 639 640 641 642 643 645 646 647 648 649 650 651 652 653 653 654 655 656 657 659 660 660 661 662 663 663 664 665 825 825 826 827 827 828 829 829 830 830 831 832 832 833 833 834 833 834 834 835 836 836 837 837 837 838 838 839 839 840 840 841 841 842 842 842 843 843 844
624 624 624 624 624 624 624 624 628 634 637 641 644 645 624 624 624 624 624 626 627 629 631 632 634 635 636 638 639 640 641 642 644 645 646 647 648 649 650 651 652 653 654 654 655 656 657 658 659 659 660 661 662 662 663 823 824 824 825 826 826 827 827 828 829 829 830 830 831 832 832 833 833 834 834 835 835 836 836 837 837 838 838 839 839 840 840 840 841 841 842 842 843 843
624 624 624 624 624 624 624 624 624 629 633 637 641 643 624 624 624 624 624 624 626 628 629 631 632 634 635 636 638 639 640 641 643 644 645 646 647 648 649 650 651 652 653 654 654 655 656 657 658 659 659 660 661 662 662 822 823 823 824 825 825 826 827 827 828 829 829 830 830 831 832 832 833 833 834 834 835 835 836 836 837 837 838 838 839 839 839 840 840 841 841 842 842 842
624 624 624 624 624 624 624 624 624 624 629 634 638 640 624 624 624 624 624 624 625 626 628 630 631 633 634 635 637 638 639 640 642 643 644 645 646 647 648 649 650 651 652 653 654 654 655 656 657 658 659 659 660 661 662 821 822 823 823 824 825 825 826 827 827 828 829 829 830 830 831 831 832 833 833 834 834 835 835 836 836 837 837 837 838 838 839 839 840 840 841 841 841 842
624 624 624 624 624 624 624 624 624 624 624 630 635 638 624 624 624 624 624 624 624 625 627 628 630 631 633 634 635 637 638 639 640 642 643 644 645 646 647 648 649 650 651 652 653 654 654 655 656 657 658 659 659 660 661 662 821 822 823 823 824 825 825 826 827 827 828 828 829 830 830 831 831 832 832 833 833 834 834 835 835 836 836 837 837 838 838 839 839 839 840 840 841 841
624 624 624 624 624 624 624 624 624 624 624 626 631 635 624 624 624 624 624 624 624 624 624 626 627 629 631 633 634 636 637 638 639 641 642 643 644 645 646 647 648 649 650 651 652 653 654 654 655 656 657 658 659 659 660 661 821 821 822 823 823 824 825 825 826 827 827 828 828 829 829 830 831 831 832 832 833 833 834 834 835 835 836 836 837 837 838 838 838 839 838 839 839 840
624 624 624 624 624 624 624 624 624 624 624 624 626 631 624 624 624 624 624 624 624 624 624 624 626 628 629 631 632 633 635 636 637 639 641 642 643 644 645 646 647 648 649 650 651 652 653 654 654 655 656 657 658 658 659 660 820 820 821 822 823 823 824 825 825 826 826 827 828 828 829 829 830 830 831 832 832 833 833 834 834 835 835 835 835 835 836 836 837 837 838 838 838 839
624 624 624 624 624 624 624 624 624 624 624 624 624 627 624 624 624 624 624 624 624 624 624 624 625 626 628 629 631 632 634 635 636 637 639 640 641 642 643 644 645 646 647 649 650 651 652 653 654 654 655 656 657 658 658 659 819 820 820 821 822 822 823 824 824 825 826 826 827 827 828 829 829 830 829 830 830 831 831 832 832 833 833 834 834 835 835 836 836 837 837 837 838 838
624 624 624 624 624 624 624 624 624 624 624 624 624 624 624 624 624 624 624 624 624 624 624 624 624 625 627 628 630 631 632 634 635 636 638 639 640 641 642 643 644 645 646 647 648 649 650 651 652 653 653 654 655 656 657 657 817 818 819 819 820 821 821 822 823 823 824 825 825 826 826 827 828 828 829 829 830 830 831 831 832 832 833 833 834 834 835 835 836 836 836 837 837 838
624 624 624 624 624 624 624 624 624 624 624 624 624 624 624 624 624 624 624 624 624 624 624 624 624 624 625 627 628 630 631 633 634 635 636 638 639 640 641 642 643 644 645 646 647 648 649 650 651 652 653 653 654 655 656 657 816 817 818 819 819 820 821 821 822 823 823 824 824 825 826 826 827 827 828 828 829 830 830 831 831 832 832 833 833 834 834 834 835 835 836 836 837 837
624 624 624 624 624 624 624 624 624 624 624 624 624 624 624 624 624 624 624 624 624 624 624 624 624 624 624 625 627 628 630 631 633 634 635 637 638 639 640 641 642 643 644 645 646 647 648 649 650 651 652 653 653 654 655 656 816 816 817 818 818 819 820 820 821 822 822 823 824 824 825 826 826 827 827 828 828 829 829 830 830 831 831 832 832 833 833 834 834 835 835 836 836 836
624 624 624 624 624 624 624 624 624 624 624 624 624 624 624 624 624 624 624 624 624 624 624 624 624 624 624 624 626 627 629 630 631 633 634 635 637 638 639 640 641 642 643 644 645 646 647 648 649 650 651 652 652 653 654 655 656 815 816 817 818 818 819 820 820 821 822 822 823 824 824 825 825 826 827 827 828 828 829 829 830 830 831 831 832 832 833 833 834 834 834 835 835 836
624 624 624 624 624 624 624 624 624 624 624 624 624 624 624 624 624 624 624 624 624 624 624 624 624 624 624 624 624 626 627 629 630 632 633 634 635 637 638 639 640 641 642 643 644 645 646 647 648 649 650 651 652 652 653 654 655 815 815 816 817 818 818 819 820 820 821 822 822 823 823 824 825 825 826 826 827 827 828 828 829 830 830 831 831 831 832 832 833 833 833 833 834 834
624 624 624 624 624 624 624 624 624 624 624 624 624 624 624 624 624 624 624 624 624 624 624 624 624 624 624 624 624 624 625 626 628 629 632 633 634 636 637 638 639 640 641 642 643 644 645 646 647 648 649 650 651 652 652 653 654 814 815 815 816 817 817 818 819 819 820 821 821 822 823 823 824 824 825 826 826 827 827 828 828 829 829 829 829 830 830 831 831 832 832 833 833 833
624 624 624 624 624 624 624 624 624 624 624 624 624 624 624 624 624 624 624 624 624 624 624 624 624 624 624 624 624 624 624 625 627 628 629 631 632 633 635 636 637 638 639 640 642 643 644 645 646 647 648 649 650 651 651 652 653 813 814 814 815 816 817 817 818 819 819 820 821 821 822 823 823 823 823 824 824 825 826 826 827 827 828 828 829 829 830 830 831 831 831 832 832 833
624 624 624 624 624 624 624 624 624 624 624 624 624 624 624 624 624 624 624 624 624 624 624 624 624 624 624 624 624 624 624 624 625 627 628 629 631 632 633 635 636 637 638 639 640 641 642 643 644 645 646 647 648 649 650 650 651 811 812 813 813 814 815 815 816 817 818 818 819 819 820 821 821 822 823 823 824 824 825 825 826 826 827 827 828 828 829 829 830 830 831 831 832 832
