testData/tiles/oneDegreeCosts/grid3.0-45.0-4.0-46.0.asc
ncols   200
nrows   200
xllcorner   3.0
yllcorner   45.0
cellsize   0.005
NODATA_value   -9999.0
[rows 42 to 83 of 200, columns 0 to 93 of 200]
663 662 661 662 661 660 658 658 657 656 656 656 655 654 652 651 650 650 649 648 647 645 644 643 642 642 641 641 640 640 640 640 640 640 641 641 641 641 641 641 641 640 640 599 599 599 599 598 598 598 598 598 598 598 598 598 598 598 598 597 597 597 597 597 597 596 597 597 597 597 596 596 596 596 596 595 595 595 595 595 595 595 595 595 595 594 594 594 594 594 593 593 593 593
662 662 661 660 661 660 659 658 657 656 655 655 655 654 653 651 650 649 649 648 647 646 644 643 642 641 641 641 641 640 640 641 641 641 641 641 641 641 641 641 641 641 640 598 599 599 599 599 598 598 598 598 598 598 597 598 598 598 598 598 597 597 597 597 597 596 596 596 597 597 597 596 596 596 596 596 595 595 595 595 595 594 594 594 595 595 594 594 594 594 594 593 593 593
662 662 661 660 660 660 659 658 657 656 655 654 654 654 653 651 650 649 648 648 647 646 644 643 642 641 641 641 641 641 641 641 641 641 641 641 641 641 641 641 641 641 598 598 598 598 599 599 598 598 598 598 598 598 597 597 597 598 598 598 597 597 597 597 597 597 596 596 596 596 597 596 596 596 596 596 595 595 595 595 595 594 594 594 594 594 594 594 594 594 594 593 593 593
662 661 661 660 659 659 659 657 656 656 655 654 653 653 653 651 650 649 648 647 646 646 644 643 642 641 641 641 641 641 641 641 641 641 641 640 640 641 641 641 641 641 598 598 598 598 598 599 598 598 598 598 598 598 597 597 597 597 598 598 597 597 597 597 597 596 596 596 596 596 596 595 596 596 596 596 595 595 595 595 595 594 594 594 594 594 593 593 593 594 594 593 593 593
662 661 661 660 659 658 657 657 656 655 655 654 653 652 651 650 650 649 648 647 646 644 644 642 642 641 641 641 640 640 641 641 641 641 640 640 640 640 640 641 641 640 598 598 598 598 598 597 597 598 598 598 598 597 597 597 597 597 597 596 597 597 597 597 597 596 596 596 596 596 595 595 595 595 596 595 595 595 595 595 594 594 594 594 594 593 593 593 593 593 592 592 593 593
661 661 660 660 658 657 657 656 656 655 655 654 652 651 650 650 649 648 647 645 644 644 643 643 642 641 640 640 640 640 640 641 641 640 640 640 640 640 640 639 640 640 598 598 598 598 597 597 597 597 598 598 597 597 597 597 597 596 596 596 596 596 597 596 596 596 596 596 596 595 595 595 595 595 594 594 595 595 595 594 594 594 594 594 593 593 593 593 593 592 592 592 592 592
661 660 659 659 658 657 656 656 655 654 653 653 652 651 650 649 649 647 646 646 645 644 643 642 641 640 640 640 640 640 640 639 640 640 640 640 640 639 639 639 639 639 598 597 597 597 597 597 597 597 596 596 597 597 597 596 596 596 596 596 596 595 595 595 596 596 596 595 595 595 595 595 594 594 594 594 594 593 594 594 594 594 593 593 593 593 593 592 592 592 592 592 591 591
659 659 658 658 658 657 655 654 654 653 653 652 651 651 649 648 648 648 647 646 645 643 642 641 640 640 640 640 639 639 639 639 639 639 639 639 639 639 639 639 639 638 596 597 597 597 597 596 596 596 596 596 596 596 596 596 596 596 595 595 595 595 595 595 594 594 595 595 595 594 594 594 594 594 594 593 593 593 593 593 592 593 593 593 593 592 592 592 592 591 591 591 591 591
659 659 657 656 657 656 655 654 654 653 651 651 650 649 649 649 648 646 645 645 644 643 642 640 638 638 639 639 639 639 639 638 638 638 638 639 639 638 638 638 638 596 596 595 596 596 596 596 596 595 595 595 595 595 595 595 595 595 595 595 595 594 594 594 594 594 593 593 594 594 594 594 593 593 593 593 593 592 592 592 592 592 591 591 592 592 591 591 591 591 591 590 590 590
658 657 657 656 655 655 654 653 652 652 651 650 650 649 648 647 647 646 645 644 643 641 640 639 638 638 638 637 638 638 638 638 638 637 637 637 638 638 638 637 637 595 595 595 595 595 595 595 595 595 595 594 594 594 594 594 594 594 594 594 594 594 594 593 593 593 593 593 592 592 593 593 593 592 592 592 592 592 591 591 591 591 591 590 590 590 591 591 590 590 590 590 589 589
657 656 656 655 654 653 654 652 651 650 650 650 649 649 648 646 645 644 643 642 641 641 639 638 637 637 637 637 636 637 637 637 637 637 637 636 636 636 637 637 637 594 594 594 594 594 594 594 594 594 594 594 594 593 593 593 593 593 592 593 593 593 593 593 592 592 592 592 592 591 591 591 592 592 591 591 591 591 591 590 590 590 590 590 589 589 589 589 588 589 589 589 589 588
656 655 654 654 653 652 651 651 651 649 649 649 648 647 646 646 644 643 642 641 640 639 639 637 636 636 636 636 636 635 636 636 636 636 636 636 635 635 635 636 636 594 593 593 593 593 593 593 592 593 593 593 593 592 592 592 592 592 592 591 592 592 592 592 591 591 591 591 591 590 590 590 590 590 590 590 590 590 590 589 589 589 589 589 588 588 588 588 588 587 587 587 587 587
655 654 653 652 652 651 650 650 650 649 648 647 646 646 645 644 643 642 641 640 639 638 637 635 635 635 635 635 635 634 634 634 635 635 635 635 634 634 634 634 634 593 592 592 592 592 592 592 591 591 591 592 592 591 591 591 591 591 591 590 590 590 591 591 590 590 590 590 590 589 589 589 589 589 588 588 588 589 589 588 588 588 588 588 587 587 587 587 586 586 586 586 585 585
653 653 651 651 651 650 650 649 649 647 647 646 645 644 643 643 641 641 640 639 638 636 635 633 633 634 634 634 634 633 633 633 633 634 634 633 633 633 633 633 591 590 591 591 591 591 591 590 590 590 590 590 591 590 590 590 590 590 589 589 589 589 589 588 589 589 589 589 588 588 588 588 588 587 587 587 587 587 586 587 587 587 586 586 586 586 586 585 585 585 585 584 584 584
652 650 650 649 649 650 649 648 646 646 645 645 644 643 642 640 639 638 638 637 636 634 633 632 632 632 633 633 632 632 632 632 632 632 632 632 632 632 632 632 589 589 589 589 590 590 589 589 589 589 589 588 588 588 589 589 588 588 588 588 588 588 588 588 588 588 589 588 588 588 588 588 587 587 587 587 586 586 586 586 586 584 585 585 585 584 584 584 584 584 583 583 583 583
650 649 649 649 648 648 647 646 645 644 644 643 643 641 640 639 638 637 636 636 634 633 632 631 631 631 630 631 631 631 631 631 630 630 630 630 631 631 630 630 588 588 588 588 587 588 588 588 588 587 587 587 587 587 587 587 588 588 588 588 587 587 587 587 587 586 586 586 587 586 586 586 586 586 585 585 585 585 585 584 584 584 584 583 584 584 584 583 583 582 582 581 581 581
649 649 648 647 646 645 645 645 644 643 641 640 640 640 639 638 637 635 634 633 633 632 631 629 629 629 629 629 630 629 629 629 629 629 629 628 628 629 629 629 587 586 586 586 586 586 585 586 586 587 587 587 586 586 586 586 586 585 586 586 586 586 585 585 585 585 585 584 584 584 584 584 584 584 584 584 583 583 583 583 582 582 582 582 581 581 581 582 582 581 581 581 581 580
647 647 646 646 645 644 643 642 642 641 640 639 638 636 637 636 635 634 633 632 629 628 628 628 628 628 627 627 627 627 628 628 627 627 627 627 627 626 626 627 585 585 585 584 584 585 585 585 585 585 585 585 585 584 584 584 584 584 583 583 584 584 584 583 583 583 583 583 582 582 582 582 581 582 582 582 582 581 581 581 581 580 580 580 580 579 579 579 579 578 578 579 579 578
645 645 644 643 643 642 641 640 640 639 638 637 636 635 634 633 632 631 630 629 628 626 625 626 626 626 626 625 625 625 625 626 626 625 625 625 625 625 625 582 583 584 584 584 583 583 583 583 583 582 583 583 583 583 582 582 582 582 582 581 581 582 582 581 581 581 581 581 580 580 580 580 579 579 579 580 580 579 579 579 579 578 578 578 578 577 577 577 577 576 576 576 575 575
643 643 642 642 640 640 639 638 637 636 636 635 634 633 632 631 629 629 628 627 626 625 623 623 624 624 624 624 623 623 623 623 624 624 623 623 623 623 624 581 581 581 582 582 581 581 581 581 581 580 580 580 581 581 580 580 580 580 580 579 579 579 579 579 579 579 579 578 578 578 578 578 577 577 577 577 576 576 577 577 576 576 576 576 575 575 575 575 574 574 574 573 573 573
641 640 640 639 638 637 637 636 635 634 632 633 632 631 630 629 627 626 626 625 624 623 621 621 621 621 622 622 621 621 621 621 621 620 621 622 622 622 621 579 579 579 579 579 579 579 579 579 578 578 578 578 578 578 578 578 578 577 577 577 577 577 576 576 576 576 576 576 576 576 575 575 575 575 574 574 574 574 573 573 573 574 573 573 573 573 572 572 572 571 571 571 571 570
639 638 637 636 635 635 634 634 633 631 630 629 629 628 628 626 625 624 623 622 621 619 619 619 619 619 618 619 619 619 619 619 619 619 619 620 620 619 619 577 577 577 576 576 576 577 576 576 576 576 576 575 575 575 575 575 575 575 575 575 574 574 574 574 573 573 573 573 573 573 573 573 572 572 572 572 571 571 571 570 570 570 570 570 570 570 569 569 569 569 568 568 568 567
637 636 634 633 633 632 632 631 630 629 628 627 626 625 624 623 622 621 620 618 618 617 617 617 616 616 616 616 617 617 617 617 617 617 616 616 616 617 575 574 574 574 574 574 573 573 574 574 573 573 573 573 573 572 572 572 572 572 572 572 572 571 571 571 571 570 570 570 570 569 570 570 569 569 569 569 568 568 568 567 567 567 567 566 566 566 566 566 566 565 565 565 565 565
632 633 632 631 630 629 628 628 627 627 625 624 623 622 622 621 619 618 617 616 615 613 614 614 614 614 613 614 614 614 615 614 614 614 614 614 613 613 572 572 571 571 571 571 570 570 570 570 571 570 570 570 570 569 569 569 569 568 568 569 569 568 568 568 567 567 567 567 566 566 566 566 566 566 566 565 565 565 564 564 564 564 564 564 564 564 564 564 564 564 565 565 565 565
629 628 629 628 627 626 625 624 624 623 622 621 620 619 618 618 617 615 614 613 611 611 610 611 611 612 611 611 611 611 611 611 611 611 611 610 610 610 568 568 568 568 568 568 567 567 567 567 566 566 567 567 566 566 566 566 565 565 565 564 564 565 565 564 564 564 563 563 563 563 563 563 563 563 563 564 564 564 564 564 564 564 564 564 564 564 564 564 564 564 564 564 564 565
627 625 624 625 624 623 621 621 620 619 619 617 616 615 614 614 612 611 610 609 608 607 607 608 609 608 608 608 608 608 607 607 608 608 607 607 607 607 564 564 564 565 564 564 564 564 563 563 563 563 562 562 563 562 562 562 562 562 562 562 562 562 562 563 563 563 563 563 563 563 563 563 563 563 563 563 563 564 564 564 564 564 564 564 564 564 564 564 564 564 564 564 564 564
623 622 621 621 620 619 618 617 617 615 614 614 613 612 610 609 608 607 607 605 604 605 605 604 604 604 605 604 604 604 604 603 603 603 604 603 603 603 561 560 560 560 560 561 561 561 561 561 561 561 561 561 561 562 562 562 562 562 562 562 562 562 562 562 562 563 563 563 563 563 563 563 563 563 563 563 563 563 563 563 564 564 564 564 564 564 564 564 564 564 564 564 564 564
619 618 617 616 616 616 614 613 612 612 611 609 609 608 607 605 604 603 602 602 601 601 601 600 600 600 600 601 601 601 601 601 601 601 601 602 602 560 560 560 560 560 560 560 560 561 561 561 561 561 561 561 561 561 561 562 562 562 562 562 562 562 562 562 562 562 562 562 563 563 563 563 563 563 563 563 563 563 563 563 563 563 563 564 564 564 564 564 564 564 564 564 564 564
615 614 613 612 611 611 610 609 608 607 606 605 605 605 604 603 602 602 600 599 599 600 600 600 600 600 600 600 601 601 601 601 601 601 601 601 601 560 560 560 560 560 560 560 560 560 561 561 561 561 561 561 561 561 561 561 561 562 562 562 562 562 562 562 562 562 562 562 562 562 563 563 563 563 563 563 563 563 563 563 563 563 563 563 563 563 564 564 564 564 564 564 564 564
612 612 612 611 610 609 608 608 608 607 606 605 604 603 603 603 602 601 600 599 599 599 600 600 600 600 600 600 600 600 601 601 601 601 601 601 601 559 559 560 560 560 560 560 560 560 560 560 561 561 561 561 561 561 561 561 561 561 561 562 562 562 562 562 562 562 562 562 562 562 562 562 563 563 563 563 563 563 563 563 563 514 514 514 514 514 514 514 514 515 515 515 515 676
612 611 611 611 610 609 608 607 607 607 606 605 604 604 603 602 602 601 600 599 599 599 599 600 600 600 600 600 600 600 600 601 601 601 601 601 601 559 559 559 560 560 560 560 560 560 560 560 560 560 561 561 561 561 561 561 561 561 561 561 561 562 562 562 562 562 513 513 513 513 513 513 513 513 513 514 514 514 514 514 514 514 514 514 514 514 514 514 514 514 514 514 675 676
612 611 610 610 610 609 608 607 606 605 606 605 605 604 603 602 601 601 600 599 599 599 599 599 599 600 600 600 600 600 600 600 600 601 601 601 559 559 559 559 559 559 560 560 560 560 560 560 560 560 511 511 512 512 512 512 512 512 512 512 512 512 512 513 513 513 513 513 513 513 513 513 513 513 513 513 513 513 514 514 514 514 514 514 514 514 514 514 514 514 455 455 541 541
611 611 610 609 608 609 608 607 606 605 605 605 604 603 602 601 600 599 599 599 599 599 599 599 599 599 600 600 600 600 600 551 551 551 552 552 510 510 510 510 510 510 510 511 511 511 511 511 511 511 511 511 511 511 512 512 512 512 512 512 512 512 512 512 512 512 513 513 513 513 513 513 513 513 513 513 513 513 513 513 514 514 514 514 514 455 455 455 455 455 455 541 541 541
611 610 610 609 608 607 607 607 607 606 605 555 554 554 553 552 551 550 549 549 550 550 550 550 550 550 550 551 551 551 551 551 551 551 551 551 510 510 510 510 510 510 510 510 510 511 511 511 511 511 511 511 511 511 511 511 512 512 512 512 512 512 512 512 512 512 512 512 513 513 513 513 513 513 513 513 513 513 513 513 455 455 455 455 455 455 455 455 455 455 541 541 541 541
561 561 560 560 559 558 558 558 557 557 556 555 554 553 553 552 551 550 549 549 549 550 550 550 550 550 550 550 550 551 551 551 551 551 551 509 509 510 510 510 510 510 510 510 510 510 510 511 511 511 511 511 511 511 511 511 511 511 512 512 512 512 512 512 512 512 512 512 512 512 513 513 513 513 455 455 455 455 455 455 455 455 455 455 455 455 455 455 455 541 541 541 541 541
561 560 560 559 559 559 558 557 557 556 555 554 554 553 552 551 550 549 549 549 549 549 550 550 550 550 550 550 550 550 551 551 551 551 551 509 509 509 509 510 510 510 510 510 510 510 510 510 510 511 511 511 511 511 511 511 511 511 511 511 512 512 512 512 512 512 512 455 455 455 455 455 455 455 455 455 455 455 455 455 455 455 455 455 455 455 455 455 455 540 541 541 541 541
560 560 559 559 559 558 558 557 556 556 555 554 553 552 551 550 550 549 549 549 549 549 549 549 550 550 550 550 550 550 550 550 551 551 551 509 509 509 509 509 509 510 510 510 510 510 510 510 510 510 510 511 511 511 511 511 511 511 511 511 455 455 455 455 455 455 455 455 455 455 455 455 455 455 455 455 455 455 455 455 455 455 455 455 455 455 455 455 540 540 540 540 540 540
560 559 559 559 559 558 557 556 556 555 554 554 553 552 551 550 549 548 549 549 549 549 549 549 549 550 550 550 550 550 550 550 550 551 551 509 509 509 509 509 509 509 510 510 510 510 510 510 510 510 510 510 510 455 455 455 455 455 455 455 455 455 455 455 455 455 455 455 455 455 455 455 455 455 455 455 455 455 455 455 455 455 455 455 455 455 455 540 540 540 540 540 540 540
560 560 559 558 558 558 557 556 555 554 553 553 553 552 551 549 548 548 548 549 549 549 549 549 549 549 549 550 550 550 550 550 550 550 508 509 509 509 509 509 509 509 509 509 455 455 455 455 455 455 455 455 455 455 455 455 455 455 455 455 455 455 455 455 455 455 455 455 455 455 455 455 455 455 455 455 455 455 455 455 455 455 455 455 455 455 455 541 541 541 541 541 540 540
560 560 559 558 557 557 556 556 555 554 553 552 551 551 550 549 548 548 548 548 548 549 549 549 549 549 549 549 550 550 550 550 550 550 455 455 455 455 455 455 455 455 455 455 455 455 455 455 455 455 455 455 455 455 455 455 455 455 455 455 455 455 455 455 455 455 455 455 455 455 455 455 455 455 455 455 455 455 455 455 455 455 455 455 455 455 541 541 541 541 541 541 541 541
559 559 559 558 557 556 555 555 555 554 553 552 551 550 549 549 548 548 548 548 455 455 455 455 455 455 455 455 455 455 455 455 455 455 455 455 455 455 455 455 455 455 455 455 455 455 455 455 455 455 455 455 455 455 455 455 455 455 455 455 455 455 455 455 455 455 455 455 455 455 455 455 455 455 455 455 455 455 455 455 455 455 455 455 455 540 540 540 541 541 541 541 541 541
455 455 455 455 455 455 455 455 455 455 455 455 455 455 455 455 455 455 455 455 455 455 455 455 455 455 455 455 455 455 455 455 455 455 455 455 455 455 455 455 455 455 455 455 455 455 455 455 455 455 455 455 455 455 455 455 455 455 455 455 455 455 455 455 455 455 455 455 455 455 455 455 455 455 455 455 455 455 455 455 455 455 455 455 455 540 540 540 540 540 540 540 541 541
