testData/tiles/oneDegreeCosts/grid30.0-44.0-31.0-45.0.asc
ncols   200
nrows   200
xllcorner   30.0
yllcorner   44.0
cellsize   0.005
NODATA_value   -9999.0
[rows 0 to 41 of 200, columns 0 to 93 of 200]
514 514 513 513 513 513 513 512 512 512 512 512 511 511 511 511 510 510 510 233 233 232 232 232 232 231 231 231 231 230 230 230 230 229 229 229 229 228 228 228 228 227 227 227 226 226 226 226 225 225 225 225 224 224 224 223 223 223 222 222 222 222 221 221 221 220 220 220 219 219 219 218 218 218 217 217 217 216 216 216 215 215 215 214 214 214 213 213 212 212 212 211 211 211
514 514 513 513 513 513 513 512 512 512 512 512 511 511 511 511 510 510 510 510 233 232 232 232 232 231 231 231 231 230 230 230 230 229 229 229 229 228 228 228 228 227 227 227 226 226 226 226 225 225 225 225 224 224 224 223 223 223 222 222 222 222 221 221 221 220 220 220 219 219 219 218 218 218 217 217 217 216 216 216 215 215 215 214 214 214 213 213 212 212 212 211 211 211
514 514 513 513 513 513 513 512 512 512 512 511 511 511 511 511 510 510 510 510 232 232 232 232 232 231 231 231 231 230 230 230 230 229 229 229 229 228 228 228 228 227 227 227 226 226 226 226 225 225 225 224 224 224 224 223 223 223 222 222 222 222 221 221 221 220 220 220 219 219 219 218 218 218 217 217 217 216 216 216 215 215 215 214 214 214 213 213 212 212 212 211 211 211
514 514 513 513 513 513 513 512 512 512 512 511 511 511 511 511 510 510 510 510 509 232 232 232 232 231 231 231 231 230 230 230 230 229 229 229 229 228 228 228 227 227 227 227 226 226 226 226 225 225 225 224 224 224 224 223 223 223 222 222 222 221 221 221 221 220 220 220 219 219 219 218 218 218 217 217 217 216 216 216 215 215 215 214 214 213 213 213 212 212 212 211 211 210
514 514 513 513 513 513 512 512 512 512 512 511 511 511 511 511 510 510 510 510 509 232 232 232 231 231 231 231 231 230 230 230 230 229 229 229 229 228 228 228 227 227 227 227 226 226 226 226 225 225 225 224 224 224 224 223 223 223 222 222 222 221 221 221 221 220 220 220 219 219 219 218 218 218 217 217 217 216 216 216 215 215 215 214 214 213 213 213 212 212 212 211 211 210
514 513 513 513 513 513 512 512 512 512 512 511 511 511 511 511 510 510 510 510 509 232 232 232 231 231 231 231 230 230 230 230 229 229 229 229 228 228 228 228 227 227 227 227 226 226 226 226 225 225 225 224 224 224 224 223 223 223 222 222 222 221 221 221 220 220 220 220 219 219 219 218 218 218 217 217 217 216 216 216 215 215 214 214 214 213 213 213 212 212 212 211 211 210
514 513 513 513 513 513 512 512 512 512 512 511 511 511 511 510 510 510 510 510 509 509 232 232 231 231 231 231 230 230 230 230 229 229 229 229 228 228 228 228 227 227 227 227 226 226 226 225 225 225 225 224 224 224 223 223 223 223 222 222 222 221 221 221 220 220 220 219 219 219 219 218 218 218 217 217 217 216 216 215 215 215 214 214 214 213 213 213 212 212 212 211 211 210
514 513 513 513 513 513 512 512 512 512 512 511 511 511 511 510 510 510 510 510 509 509 232 232 231 231 231 231 230 230 230 230 229 229 229 229 228 228 228 228 227 227 227 227 226 226 226 225 225 225 225 224 224 224 223 223 223 223 222 222 222 221 221 221 220 220 220 219 219 219 218 218 218 217 217 217 216 216 216 215 215 215 214 214 214 213 213 213 212 212 211 211 211 210
514 513 513 513 513 513 512 512 512 512 512 511 511 511 511 510 510 510 510 510 509 509 232 232 231 231 231 231 230 230 230 230 229 229 229 229 228 228 228 228 227 227 227 227 226 226 226 225 225 225 225 224 224 224 223 223 223 223 222 222 222 221 221 221 220 220 220 219 219 219 218 218 218 217 217 217 216 216 216 215 215 215 214 214 214 213 213 213 212 212 211 211 211 210
514 513 513 513 513 513 512 512 512 512 511 511 511 511 511 510 510 510 510 509 509 509 509 232 231 231 231 231 230 230 230 230 229 229 229 229 228 228 228 228 227 227 227 226 226 226 226 225 225 225 225 224 224 224 223 223 223 222 222 222 222 221 221 221 220 220 220 219 219 219 218 218 218 217 217 217 216 216 216 215 215 215 214 214 214 213 213 213 212 212 211 211 211 210
514 513 513 513 513 512 512 512 512 512 511 511 511 511 511 510 510 510 510 509 509 509 509 232 231 231 231 231 230 230 230 230 229 229 229 229 228 228 228 228 227 227 227 226 226 226 226 225 225 225 224 224 224 224 223 223 223 222 222 222 222 221 221 221 220 220 220 219 219 219 218 218 218 217 217 217 216 216 216 215 215 215 214 214 214 213 213 212 212 212 211 211 211 210
513 513 513 513 513 512 512 512 512 512 511 511 511 511 511 510 510 510 510 509 509 509 509 231 231 231 231 231 230 230 230 230 229 229 229 229 228 228 228 227 227 227 227 226 226 226 226 225 225 225 224 224 224 224 223 223 223 222 222 222 221 221 221 221 220 220 220 219 219 219 218 218 218 217 217 217 216 216 216 215 215 215 214 214 214 213 213 212 212 212 211 211 211 210
513 513 513 513 513 512 512 512 512 512 511 511 511 511 510 510 510 510 510 509 509 509 509 508 231 231 231 230 230 230 230 229 229 229 229 228 228 228 228 227 227 227 227 226 226 226 226 225 225 225 224 224 224 224 223 223 223 222 222 222 221 221 221 221 220 220 220 219 219 219 218 218 218 217 217 217 216 216 216 215 215 215 214 214 213 213 213 212 212 212 211 211 211 210
513 513 513 513 513 512 512 512 512 512 511 511 511 511 510 510 510 510 510 509 509 509 509 508 231 231 231 230 230 230 230 229 229 229 229 228 228 228 228 227 227 227 227 226 226 226 225 225 225 225 224 224 224 223 223 223 223 222 222 222 221 221 221 220 220 220 220 219 219 219 218 218 218 217 217 217 216 216 216 215 215 215 214 214 213 213 213 212 212 212 211 211 210 210
513 513 513 513 513 512 512 512 512 512 511 511 511 511 510 510 510 510 510 509 509 509 509 508 231 231 231 230 230 230 230 229 229 229 229 228 228 228 228 227 227 227 227 226 226 226 225 225 225 225 224 224 224 223 223 223 223 222 222 222 221 221 221 220 220 220 219 219 219 219 218 218 218 217 217 217 216 216 216 215 215 214 214 214 213 213 213 212 212 212 211 211 210 210
513 513 513 513 513 512 512 512 512 511 511 511 511 511 510 510 510 510 509 509 509 509 509 508 508 231 231 230 230 230 230 229 229 229 229 228 228 228 228 227 227 227 227 226 226 226 225 225 225 225 224 224 224 223 223 223 223 222 222 222 221 221 221 220 220 220 219 219 219 218 218 218 217 217 217 216 216 216 215 215 215 214 214 214 213 213 213 212 212 212 211 211 210 210
513 513 513 513 512 512 512 512 512 511 511 511 511 511 510 510 510 510 509 509 509 509 509 508 508 231 231 230 230 230 230 229 229 229 229 228 228 228 228 227 227 227 226 226 226 226 225 225 225 225 224 224 224 223 223 223 222 222 222 222 221 221 221 220 220 220 219 219 219 218 218 218 217 217 217 216 216 216 215 215 215 214 214 214 213 213 213 212 212 211 211 211 210 210
513 513 513 513 512 512 512 512 512 511 511 511 511 511 510 510 510 510 509 509 509 509 508 508 508 231 231 230 230 230 230 229 229 229 229 228 228 228 227 227 227 227 226 226 226 226 225 225 225 224 224 224 224 223 223 223 222 222 222 222 221 221 221 220 220 220 219 219 219 218 218 218 217 217 217 216 216 216 215 215 215 214 214 214 213 213 213 212 212 211 211 211 210 210
513 513 513 513 512 512 512 512 512 511 511 511 511 510 510 510 510 510 509 509 509 509 508 508 508 508 230 230 230 230 229 229 229 229 228 228 228 228 227 227 227 227 226 226 226 226 225 225 225 224 224 224 224 223 223 223 222 222 222 221 221 221 221 220 220 220 219 219 219 218 218 218 217 217 217 216 216 216 215 215 215 214 214 214 213 213 212 212 212 211 211 211 210 210
513 513 513 513 512 512 512 512 512 511 511 511 511 510 510 510 510 510 509 509 509 509 508 508 508 508 230 230 230 230 229 229 229 229 228 228 228 228 227 227 227 227 226 226 226 226 225 225 225 224 224 224 224 223 223 223 222 222 222 221 221 221 221 220 220 220 219 219 219 218 218 218 217 217 217 216 216 216 215 215 215 214 214 214 213 213 212 212 212 211 211 211 210 210
513 513 513 513 512 512 512 512 511 511 511 511 511 510 510 510 510 509 509 509 509 509 508 508 508 508 230 230 230 230 229 229 229 229 228 228 228 228 227 227 227 227 226 226 226 225 225 225 225 224 224 224 223 223 223 223 222 222 222 221 221 221 220 220 220 220 219 219 219 218 218 218 217 217 217 216 216 216 215 215 215 214 214 213 213 213 212 212 212 211 211 211 210 210
513 513 513 512 512 512 512 512 511 511 511 511 511 510 510 510 510 509 509 509 509 509 508 508 508 508 507 230 230 230 229 229 229 229 228 228 228 228 227 227 227 227 226 226 226 225 225 225 225 224 224 224 223 223 223 223 222 222 222 221 221 221 220 220 220 219 219 219 219 218 218 218 217 217 217 216 216 216 215 215 214 214 214 213 213 213 212 212 212 211 211 210 210 210
513 513 513 512 512 512 512 512 511 511 511 511 511 510 510 510 510 509 509 509 509 508 508 508 508 508 507 230 230 230 229 229 229 229 228 228 228 228 227 227 227 226 226 226 226 225 225 225 225 224 224 224 223 223 223 223 222 222 222 221 221 221 220 220 220 219 219 219 218 218 218 217 217 217 216 216 216 215 215 215 214 214 214 213 213 213 212 212 212 211 211 210 210 210
513 513 513 512 512 512 512 512 511 511 511 511 510 510 510 510 510 509 509 509 509 508 508 508 508 507 507 230 230 230 229 229 229 229 228 228 228 227 227 227 227 226 226 226 226 225 225 225 224 224 224 224 223 223 223 222 222 222 222 221 221 221 220 220 220 219 219 219 218 218 218 217 217 217 216 216 216 215 215 215 214 214 214 213 213 213 212 212 211 211 211 210 210 210
513 513 513 512 512 512 512 511 511 511 511 511 510 510 510 510 510 509 509 509 509 508 508 508 508 507 507 507 230 229 229 229 229 228 228 228 228 227 227 227 227 226 226 226 226 225 225 225 224 224 224 224 223 223 223 222 222 222 222 221 221 221 220 220 220 219 219 219 218 218 218 217 217 217 216 216 216 215 215 215 214 214 214 213 213 213 212 212 211 211 211 210 210 210
513 513 512 512 512 512 512 511 511 511 511 511 510 510 510 510 509 509 509 509 509 508 508 508 508 507 507 507 230 229 229 229 229 228 228 228 228 227 227 227 227 226 226 226 225 225 225 225 224 224 224 224 223 223 223 222 222 222 221 221 221 221 220 220 220 219 219 219 218 218 218 217 217 217 216 216 216 215 215 215 214 214 214 213 213 212 212 212 211 211 211 210 210 209
513 513 512 512 512 512 512 511 511 511 511 511 510 510 510 510 509 509 509 509 509 508 508 508 508 507 507 507 230 229 229 229 229 228 228 228 228 227 227 227 227 226 226 226 225 225 225 225 224 224 224 223 223 223 223 222 222 222 221 221 221 220 220 220 220 219 219 219 218 218 218 217 217 217 216 216 216 215 215 215 214 214 213 213 213 212 212 212 211 211 211 210 210 209
513 513 512 512 512 512 512 511 511 511 511 510 510 510 510 510 509 509 509 509 508 508 508 508 508 507 507 507 230 229 229 229 229 228 228 228 228 227 227 227 226 226 226 226 225 225 225 225 224 224 224 223 223 223 223 222 222 222 221 221 221 220 220 220 219 219 219 219 218 218 218 217 217 217 216 216 216 215 215 214 214 214 213 213 213 212 212 212 211 211 211 210 210 209
513 513 512 512 512 512 512 511 511 511 511 510 510 510 510 510 509 509 509 509 508 508 508 508 507 507 507 507 507 229 229 229 229 228 228 228 227 227 227 227 226 226 226 226 225 225 225 224 224 224 224 223 223 223 222 222 222 222 221 221 221 220 220 220 219 219 219 218 218 218 217 217 217 216 216 216 215 215 215 214 214 214 213 213 213 212 212 212 211 211 210 210 210 209
513 512 512 512 512 512 511 511 511 511 511 510 510 510 510 510 509 509 509 509 508 508 508 508 507 507 507 507 506 229 229 229 228 228 228 228 227 227 227 227 226 226 226 226 225 225 225 224 224 224 224 223 223 223 222 222 222 222 221 221 221 220 220 220 219 219 219 218 218 218 217 217 217 216 216 216 215 215 215 214 214 214 213 213 213 212 212 212 211 211 210 210 210 209
513 512 512 512 512 512 511 511 511 511 511 510 510 510 510 509 509 509 509 509 508 508 508 508 507 507 507 507 506 229 229 229 228 228 228 228 227 227 227 227 226 226 226 225 225 225 225 224 224 224 224 223 223 223 222 222 222 221 221 221 221 220 220 220 219 219 219 218 218 218 217 217 217 216 216 216 215 215 215 214 214 214 213 213 213 212 212 211 211 211 210 210 210 209
513 512 512 512 512 512 511 511 511 511 510 510 510 510 510 509 509 509 509 508 508 508 508 508 507 507 507 507 506 229 229 229 228 228 228 228 227 227 227 227 226 226 226 225 225 225 225 224 224 224 223 223 223 223 222 222 222 221 221 221 221 220 220 220 219 219 219 218 218 218 217 217 217 216 216 216 215 215 215 214 214 214 213 213 212 212 212 211 211 211 210 210 209 209
513 512 512 512 512 512 511 511 511 511 510 510 510 510 510 509 509 509 509 508 508 508 508 507 507 507 507 507 506 506 229 229 228 228 228 228 227 227 227 226 226 226 226 225 225 225 225 224 224 224 223 223 223 223 222 222 222 221 221 221 220 220 220 220 219 219 219 218 218 218 217 217 217 216 216 216 215 215 215 214 214 213 213 213 212 212 212 211 211 211 210 210 209 209
512 512 512 512 512 511 511 511 511 511 510 510 510 510 510 509 509 509 509 508 508 508 508 507 507 507 507 506 506 506 229 228 228 228 228 227 227 227 227 226 226 226 226 225 225 225 224 224 224 224 223 223 223 222 222 222 222 221 221 221 220 220 220 219 219 219 218 218 218 218 217 217 217 216 216 216 215 215 214 214 214 213 213 213 212 212 212 211 211 211 210 210 209 209
512 512 512 512 512 511 511 511 511 511 510 510 510 510 509 509 509 509 509 508 508 508 508 507 507 507 507 506 506 506 229 228 228 228 228 227 227 227 227 226 226 226 226 225 225 225 224 224 224 224 223 223 223 222 222 222 222 221 221 221 220 220 220 219 219 219 218 218 218 217 217 217 216 216 216 215 215 215 214 214 214 213 213 213 212 212 212 211 211 210 210 210 209 209
512 512 512 512 512 511 511 511 511 510 510 510 510 510 509 509 509 509 508 508 508 508 508 507 507 507 507 506 506 506 229 228 228 228 228 227 227 227 227 226 226 226 225 225 225 225 224 224 224 224 223 223 223 222 222 222 221 221 221 221 220 220 220 219 219 219 218 218 218 217 217 217 216 216 216 215 215 215 214 214 214 213 213 213 212 212 211 211 211 210 210 210 209 209
512 512 512 512 511 511 511 511 511 510 510 510 510 510 509 509 509 509 508 508 508 508 508 507 507 507 507 506 506 506 506 228 228 228 228 227 227 227 226 226 226 226 225 225 225 225 224 224 224 223 223 223 223 222 222 222 221 221 221 221 220 220 220 219 219 219 218 218 218 217 217 217 216 216 216 215 215 215 214 214 214 213 213 213 212 212 211 211 211 210 210 210 182 182
512 512 512 512 511 511 511 511 511 510 510 510 510 510 509 509 509 509 508 508 508 508 507 507 507 507 506 506 506 506 505 228 228 228 227 227 227 227 226 226 226 226 225 225 225 225 224 224 224 223 223 223 223 222 222 222 221 221 221 220 220 220 220 219 219 219 218 218 218 217 217 217 216 216 216 215 215 215 214 214 214 213 213 212 212 212 211 211 211 182 182 182 182 182
512 512 512 512 511 511 511 511 511 510 510 510 510 509 509 509 509 509 508 508 508 508 507 507 507 507 506 506 506 506 505 228 228 228 227 227 227 227 226 226 226 226 225 225 225 224 224 224 224 223 223 223 222 222 222 222 221 221 221 220 220 220 219 219 219 218 218 218 218 217 217 217 216 216 216 215 215 215 214 214 213 213 213 212 212 212 211 182 182 182 182 182 182 182
512 512 512 512 511 511 511 511 510 510 510 510 510 509 509 509 509 508 508 508 508 508 507 507 507 507 506 506 506 506 505 228 228 228 227 227 227 227 226 226 226 226 225 225 225 224 224 224 224 223 223 223 222 222 222 222 221 221 221 220 220 220 219 219 219 218 218 218 217 217 217 216 216 216 215 215 215 214 214 214 213 213 213 212 182 182 182 182 182 182 182 182 182 182
512 512 512 511 511 511 511 511 510 510 510 510 510 509 509 509 509 508 508 508 508 507 507 507 507 507 506 506 506 506 505 505 228 228 227 227 227 227 226 226 226 225 225 225 225 224 224 224 223 223 223 223 222 222 222 221 221 221 221 220 220 220 219 219 219 218 218 218 217 217 217 216 216 216 215 215 215 214 214 214 213 182 182 182 182 182 182 182 182 182 182 182 182 182
512 512 512 511 511 511 511 511 510 510 510 510 509 509 509 509 509 508 508 508 508 507 507 507 507 506 506 506 506 505 505 505 228 227 227 227 227 226 226 226 226 225 225 225 225 224 224 224 223 223 223 223 222 222 222 221 221 221 220 220 220 220 219 219 219 218 218 218 217 217 217 216 216 216 215 215 215 214 214 182 182 182 182 182 182 182 182 182 182 182 182 182 182 182
