testData/tiles/oneDegreeCosts/grid25.0-44.0-26.0-45.0.asc
ncols   200
nrows   200
xllcorner   25.0
yllcorner   44.0
cellsize   0.005
NODATA_value   -9999.0
[rows 84 to 125 of 200, columns 94 to 187 of 200]
223 223 223 223 223 223 223 223 223 223 223 223 223 223 223 223 223 223 223 223 315 315 315 314 314 314 314 313 313 313 313 312 312 312 312 312 312 312 312 312 312 312 312 312 312 312 312 312 312 312 312 312 312 312 312 312 312 312 312 312 312 312 312 312 312 312 312 312 312 312 312 312 312 312 312 312 312 312 312 312 312 312 312 312 312 312 312 312 312 312 312 312 312 312
223 223 223 223 223 223 223 223 223 223 223 223 223 223 223 223 223 223 223 315 315 315 314 314 314 314 313 313 313 313 312 312 312 312 312 312 312 312 312 312 312 312 312 312 312 312 312 312 312 312 312 312 312 312 312 312 312 312 312 312 312 312 312 312 312 312 312 312 312 312 312 312 312 312 312 312 312 312 312 312 312 312 312 312 312 312 312 312 312 312 312 312 312 312
223 223 223 223 223 223 223 223 223 223 223 223 223 223 223 223 223 223 315 315 315 314 314 314 314 313 313 313 313 312 312 312 312 312 312 312 312 312 312 312 312 312 312 312 312 312 312 312 312 312 312 312 312 312 312 312 312 312 312 312 312 312 312 312 312 312 312 312 312 312 312 312 312 312 312 312 312 312 312 312 312 312 312 312 312 312 312 312 312 312 312 312 312 312
223 223 223 223 223 223 223 223 223 223 223 223 223 223 223 223 223 315 315 315 314 314 314 314 313 313 313 313 313 312 312 312 312 312 312 312 312 312 312 312 312 312 312 312 312 312 312 312 312 312 312 312 312 312 312 312 312 312 312 312 312 312 312 312 312 312 312 312 312 312 312 312 312 312 312 312 312 312 312 312 312 312 312 312 312 312 312 312 312 312 312 418 417 416
223 223 223 223 223 223 223 223 223 223 223 223 223 223 223 223 315 315 315 314 314 314 314 313 313 313 313 313 312 312 312 312 312 312 312 312 312 312 312 312 312 312 312 312 312 312 312 312 312 312 312 312 312 312 312 312 312 312 312 312 312 312 312 312 312 312 312 312 312 312 312 312 312 312 312 312 312 312 312 312 312 312 312 312 312 312 421 420 420 419 418 417 416 416
223 223 223 223 223 223 223 223 223 223 223 223 223 223 223 223 315 315 314 314 314 314 313 313 313 313 313 312 312 312 312 312 312 312 312 312 312 312 312 312 312 312 312 312 312 312 312 312 312 312 312 312 312 312 312 312 312 312 312 312 312 312 312 312 312 312 312 312 312 312 312 312 312 312 312 312 312 312 312 312 312 312 423 423 422 421 421 420 419 418 418 417 416 415
223 223 223 223 223 223 223 223 223 223 223 223 223 223 223 315 315 314 314 314 314 313 313 313 313 313 312 312 312 312 312 312 312 312 312 312 312 312 312 312 312 312 312 312 312 312 312 312 312 312 312 312 312 312 312 312 312 312 312 312 312 312 312 312 312 312 312 312 312 312 312 312 312 312 312 312 312 312 426 425 424 424 423 422 422 421 420 420 419 418 417 416 416 415
223 223 223 223 223 223 223 223 223 223 223 223 223 223 315 315 314 314 314 314 313 313 313 313 313 312 312 312 312 312 312 312 312 312 312 312 312 312 312 312 312 312 312 312 312 312 312 312 312 312 312 312 312 312 312 312 312 312 312 312 312 312 312 312 312 312 312 312 312 312 312 312 312 312 428 427 426 426 425 425 424 423 423 422 421 421 420 419 418 418 417 416 415 414
223 223 223 223 223 223 223 223 223 223 223 223 223 315 315 314 314 314 314 313 313 313 313 313 312 312 312 312 312 312 312 312 312 312 312 312 312 312 312 312 312 312 312 312 312 312 312 312 312 312 312 312 312 312 312 312 312 312 312 312 312 312 312 312 312 312 312 312 312 312 429 429 428 428 427 427 426 426 425 424 424 423 422 422 421 420 420 419 418 417 416 416 415 414
223 223 223 223 223 223 223 223 223 223 223 223 315 314 314 314 314 314 313 313 313 313 313 312 312 312 312 312 312 312 312 312 312 312 312 312 312 312 312 312 312 312 312 312 312 312 312 312 312 312 312 312 312 312 312 312 312 312 312 312 312 312 312 312 312 312 312 431 430 430 429 429 428 428 427 426 426 425 425 424 423 423 422 421 421 420 419 418 418 417 416 415 414 413
223 223 223 223 223 223 223 223 223 223 223 223 314 314 314 314 314 313 313 313 313 313 312 312 312 312 312 312 312 312 312 312 312 312 312 312 312 312 312 312 312 312 312 312 312 312 312 312 312 312 312 312 312 312 312 312 312 312 312 312 312 312 312 432 432 431 431 430 430 429 429 428 428 427 427 426 425 425 424 424 423 422 422 421 420 420 419 418 417 416 416 415 414 413
223 223 223 223 223 223 223 223 223 223 223 314 314 314 314 314 313 313 313 313 313 312 312 312 312 312 312 312 312 312 312 312 312 312 312 312 312 312 312 312 312 312 312 312 312 312 312 312 312 312 312 312 312 312 312 312 312 312 312 312 434 433 433 432 432 431 431 430 430 429 429 428 427 427 426 426 425 425 424 423 423 422 421 421 420 419 418 418 417 416 415 414 413 413
223 223 223 223 223 223 223 223 223 223 314 314 314 314 314 313 313 313 313 313 312 312 312 312 312 312 312 312 312 312 312 312 312 312 312 312 312 312 312 312 312 312 312 312 312 312 312 312 312 312 312 312 312 312 312 312 435 435 434 434 433 433 432 432 431 431 430 430 429 429 428 428 427 427 426 425 425 424 424 423 422 422 421 420 420 419 418 417 416 416 415 414 413 412
223 223 223 223 223 223 223 223 223 314 314 314 314 314 313 313 313 313 313 312 312 312 312 312 312 312 312 312 312 312 312 312 312 312 312 312 312 312 312 312 312 312 312 312 312 312 312 312 312 312 312 312 312 436 436 435 435 434 434 433 433 432 432 432 431 431 430 430 429 428 428 427 427 426 426 425 424 424 423 423 422 421 421 420 419 418 418 417 416 415 414 414 413 412
223 223 223 223 223 223 223 223 314 314 314 314 314 313 313 313 313 313 312 312 312 312 312 312 312 312 312 312 312 312 312 312 312 312 312 312 312 312 312 312 312 312 312 312 312 312 312 312 312 312 437 436 436 436 435 435 434 434 434 433 433 432 432 431 431 430 430 429 429 428 428 427 427 426 425 425 424 424 423 422 422 421 420 419 419 418 417 416 416 415 414 413 412 411
223 223 223 223 223 223 223 223 314 314 314 313 313 313 313 313 312 312 312 312 312 312 312 312 312 312 312 312 312 312 312 312 312 312 312 312 312 312 312 312 312 312 312 312 312 312 312 438 437 437 437 436 436 435 435 435 434 434 433 433 432 432 431 431 430 430 429 429 428 428 427 427 426 426 425 424 424 423 423 422 421 421 420 419 418 418 417 416 415 414 414 413 412 411
223 223 223 223 223 223 223 314 314 314 313 313 313 313 313 312 312 312 312 312 312 312 312 312 312 312 312 312 312 312 312 312 312 312 312 312 312 312 312 312 312 312 312 312 438 438 438 437 437 437 436 436 435 435 435 434 434 433 433 432 432 432 431 431 430 430 429 429 428 428 427 426 426 425 425 424 423 423 422 422 421 420 419 419 418 417 416 416 415 414 413 412 411 411
223 223 223 223 223 223 314 314 314 313 313 313 313 313 312 312 312 312 312 312 312 312 312 312 312 312 312 312 312 312 312 312 312 312 312 312 312 312 312 312 312 439 439 439 438 438 438 437 437 436 436 436 435 435 434 434 434 433 433 432 432 431 431 430 430 429 429 428 428 427 427 426 426 425 424 424 423 422 422 421 420 420 419 418 418 417 416 415 414 414 413 412 411 411
223 223 223 223 223 314 314 314 313 313 313 313 313 312 312 312 312 312 312 312 312 312 312 312 312 312 312 312 312 312 312 312 312 312 312 312 312 312 440 440 439 439 439 438 438 438 437 437 436 436 436 435 435 435 434 434 433 433 432 432 431 431 430 430 430 429 428 428 427 427 426 426 425 425 424 423 423 422 421 421 420 419 419 418 417 416 416 415 414 413 412 411 411 411
223 223 223 223 223 314 313 313 313 313 313 313 312 312 312 312 312 312 312 312 312 312 312 312 312 312 312 312 312 312 312 312 312 312 312 441 440 440 440 439 439 439 438 438 438 437 437 437 436 436 435 435 435 434 434 433 433 433 432 432 431 431 430 430 429 429 428 428 427 427 426 425 425 424 424 423 422 422 421 420 420 419 418 418 417 416 415 414 414 413 412 411 411 411
223 223 223 223 314 313 313 313 313 313 312 312 312 312 312 312 312 312 312 312 312 312 312 312 312 312 312 312 312 312 312 312 441 441 441 440 440 440 439 439 439 438 438 438 437 437 437 436 436 436 435 435 434 434 434 433 433 432 432 431 431 430 430 429 429 428 428 427 427 426 426 425 424 424 423 423 422 421 421 420 419 419 418 417 416 416 415 414 413 412 411 411 411 411
223 223 223 313 313 313 313 313 313 312 312 312 312 312 312 312 312 312 312 312 312 312 312 312 312 312 312 312 312 442 442 441 441 441 440 440 440 439 439 439 439 438 438 437 437 437 436 436 436 435 435 434 434 434 433 433 432 432 431 431 431 430 430 429 429 428 428 427 426 426 425 425 424 424 423 422 422 421 420 420 419 418 417 417 416 415 414 413 413 412 411 411 411 411
223 223 313 313 313 313 313 313 312 312 312 312 312 312 312 312 312 312 312 312 312 312 312 312 312 312 312 442 442 442 441 441 441 440 440 440 440 439 439 439 438 438 438 437 437 436 436 436 435 435 435 434 434 433 433 432 432 432 431 431 430 430 429 429 428 428 427 427 426 426 425 424 424 423 423 422 421 421 420 419 419 418 417 416 416 415 414 413 412 411 411 411 411 411
223 223 313 313 313 313 312 312 312 312 312 312 312 312 312 312 312 312 312 312 312 312 312 312 443 442 442 442 442 441 441 441 440 440 440 440 439 439 439 438 438 438 437 437 437 436 436 435 435 435 434 434 433 433 433 432 432 431 431 430 430 429 429 428 428 427 427 426 426 425 425 424 423 423 422 422 421 420 420 419 418 417 417 416 415 414 413 413 412 411 411 411 411 411
223 313 313 313 313 312 312 312 312 312 312 312 312 312 312 312 312 312 312 312 312 443 443 443 442 442 442 442 441 441 441 440 440 440 440 439 439 439 438 438 438 437 437 437 436 436 436 435 435 434 434 434 433 433 432 432 431 431 431 430 430 429 429 428 428 427 427 426 425 425 424 424 423 422 422 421 421 420 419 418 418 417 416 415 415 414 413 412 411 411 411 411 411 411
313 313 313 312 312 312 312 312 312 312 312 312 312 312 312 312 312 312 312 443 443 443 443 442 442 442 442 441 441 441 441 440 440 440 439 439 439 438 438 438 437 437 437 436 436 436 435 435 434 434 434 433 433 432 432 432 431 431 430 430 429 429 428 428 427 427 426 426 425 424 424 423 423 422 421 421 420 419 419 418 417 417 416 415 414 413 413 412 411 411 411 411 411 411
313 313 312 312 312 312 312 312 312 312 312 312 312 312 312 312 444 444 443 443 443 443 442 442 442 442 441 441 441 441 440 440 440 439 439 439 438 438 438 437 437 437 436 436 436 435 435 435 434 434 433 433 433 432 432 431 431 430 430 429 429 428 428 427 427 426 426 425 425 424 424 423 422 422 421 420 420 419 418 418 417 416 415 415 414 413 412 411 411 411 411 411 411 411
312 312 312 312 312 312 312 312 312 312 312 312 312 312 444 444 444 443 443 443 443 442 442 442 442 441 441 441 441 440 440 440 439 439 439 438 438 438 437 437 437 436 436 436 435 435 435 434 434 433 433 433 432 432 431 431 430 430 430 429 429 428 428 427 427 426 425 425 424 424 423 423 422 421 421 420 419 419 418 417 416 416 415 414 413 412 412 411 411 411 411 411 411 411
312 312 312 312 312 312 312 312 312 312 312 444 444 444 444 443 443 443 443 443 442 442 442 442 441 441 441 441 440 440 440 439 439 439 438 438 438 438 437 437 437 436 436 435 435 435 434 434 434 433 433 432 432 431 431 431 430 430 429 429 428 428 427 427 426 426 425 425 424 423 423 422 422 421 420 420 419 418 418 417 416 415 415 414 413 412 411 411 411 411 411 411 411 411
312 312 312 312 312 312 312 312 312 444 444 444 444 444 443 443 443 443 443 442 442 442 442 441 441 441 441 440 440 440 439 439 439 439 438 438 438 437 437 437 436 436 436 435 435 434 434 434 433 433 432 432 432 431 431 430 430 429 429 428 428 427 427 426 426 425 425 424 424 423 422 422 421 421 420 419 419 418 417 416 416 415 414 413 412 412 411 411 411 411 411 411 411 411
312 312 312 312 312 312 312 445 444 444 444 444 444 443 443 443 443 442 442 442 442 442 441 441 441 441 440 440 440 439 439 439 439 438 438 438 437 437 437 436 436 436 435 435 435 434 434 433 433 433 432 432 431 431 430 430 430 429 429 428 428 427 427 426 426 425 424 424 423 423 422 421 421 420 420 419 418 417 417 416 415 414 414 413 412 411 411 411 411 411 411 411 411 411
312 312 312 312 445 445 444 444 444 444 444 444 443 443 443 443 442 442 442 442 442 441 441 441 441 440 440 440 439 439 439 439 438 438 438 437 437 437 436 436 436 435 435 435 434 434 433 433 433 432 432 431 431 431 430 430 429 429 428 428 427 427 426 426 425 425 424 423 423 422 422 421 420 420 419 418 418 417 416 416 415 414 413 412 411 411 411 411 411 411 411 411 411 411
312 312 445 445 445 444 444 444 444 444 443 443 443 443 443 442 442 442 442 441 441 441 441 440 440 440 440 439 439 439 439 438 438 438 437 437 437 436 436 436 435 435 435 434 434 434 433 433 432 432 432 431 431 430 430 429 429 428 428 427 427 426 426 425 425 424 424 423 423 422 421 421 420 419 419 418 417 417 416 415 414 413 413 412 411 411 411 411 411 411 411 411 411 411
445 445 445 444 444 444 444 444 444 443 443 443 443 443 442 442 442 442 441 441 441 441 440 440 440 440 439 439 439 439 438 438 438 437 437 437 436 436 436 435 435 435 434 434 434 433 433 432 432 432 431 431 430 430 429 429 429 428 428 427 427 426 426 425 424 424 423 423 422 422 421 420 420 419 418 418 417 416 415 415 414 413 412 411 411 411 411 411 411 411 411 411 411 411
445 445 444 444 444 444 444 443 443 443 443 443 443 442 442 442 442 441 441 441 441 440 440 440 440 439 439 439 439 438 438 438 437 437 437 436 436 436 435 435 435 434 434 434 433 433 433 432 432 431 431 430 430 430 429 429 428 428 427 427 426 426 425 425 424 424 423 422 422 421 421 420 419 419 418 417 416 416 415 414 413 413 412 411 411 411 411 411 411 411 411 411 411 411
444 444 444 444 444 444 443 443 443 443 443 442 442 442 442 442 441 441 441 441 440 440 440 440 439 439 439 439 438 438 438 437 437 437 436 436 436 435 435 435 434 434 434 433 433 433 432 432 431 431 431 430 430 429 429 428 428 427 427 426 426 425 425 424 424 423 423 422 421 421 420 419 419 418 417 417 416 415 415 414 413 412 411 411 411 411 411 411 411 411 411 411 411 411
444 444 444 444 443 443 443 443 443 443 442 442 442 442 442 441 441 441 441 440 440 440 440 439 439 439 439 438 438 438 437 437 437 436 436 436 436 435 435 434 434 434 433 433 433 432 432 431 431 431 430 430 429 429 428 428 427 427 427 426 425 425 424 424 423 423 422 422 421 420 420 419 418 418 417 416 416 415 414 413 412 412 411 411 411 411 411 411 411 411 411 411 411 411
444 444 444 443 443 443 443 443 442 442 442 442 442 441 441 441 441 441 440 440 440 440 439 439 439 439 438 438 438 437 437 437 437 436 436 436 435 435 435 434 434 433 433 433 432 432 432 431 431 430 430 429 429 429 428 428 427 427 426 426 425 425 424 424 423 422 422 421 421 420 419 419 418 417 417 416 415 414 414 413 412 411 411 411 411 411 411 411 411 411 411 411 411 411
444 443 443 443 443 443 443 442 442 442 442 442 441 441 441 441 441 440 440 440 440 439 439 439 439 438 438 438 437 437 437 437 436 436 436 435 435 435 434 434 434 433 433 432 432 432 431 431 430 430 430 429 429 428 428 427 427 426 426 425 425 424 424 423 423 422 421 421 420 420 419 418 418 417 416 415 415 414 413 412 411 411 411 411 411 411 411 411 411 411 411 411 411 411
443 443 443 443 443 442 442 442 442 442 442 441 441 441 441 440 440 440 440 440 439 439 439 439 438 438 438 437 437 437 437 436 436 436 435 435 435 434 434 434 433 433 432 432 432 431 431 430 430 430 429 429 428 428 427 427 426 426 425 425 424 424 423 423 422 422 421 420 420 419 418 418 417 416 416 415 414 413 413 412 411 411 411 411 411 411 411 411 411 411 411 411 411 411
443 443 443 443 442 442 442 442 442 441 441 441 441 441 440 440 440 440 439 439 439 439 438 438 438 438 437 437 437 437 436 436 436 435 435 435 434 434 434 433 433 433 432 432 431 431 431 430 430 429 429 428 428 428 427 427 426 426 425 425 424 423 423 422 422 421 421 420 419 419 418 417 417 416 415 415 414 413 412 411 411 411 411 411 411 411 411 411 411 411 411 411 411 411
443 443 442 442 442 442 442 442 441 441 441 441 441 440 440 440 440 439 439 439 439 438 438 438 438 437 437 437 437 436 436 436 435 435 435 434 434 434 433 433 433 432 432 431 431 431 430 430 429 429 429 428 428 427 427 426 426 425 425 424 424 423 423 422 421 421 420 420 419 418 418 417 416 416 415 414 413 412 412 411 411 411 411 411 411 411 411 411 411 411 411 411 411 411
