testData/tiles/oneDegreeCosts/grid2.0-18.0-3.0-19.0.asc
ncols   200
nrows   200
xllcorner   2.0
yllcorner   18.0
cellsize   0.005
NODATA_value   -9999.0
[rows 126 to 167 of 200, columns 94 to 187 of 200]
1032 1032 1032 1032 1032 1032 1032 1032 1033 1033 1033 1033 1033 1033 1033 1033 1033 1033 1033 1033 1033 1033 1034 1034 1034 1034 1034 1034 1034 1034 1035 1035 1035 1035 1035 1035 1035 1035 1035 1035 1035 1035 1035 1035 1036 1036 1036 1036 1036 1035 1035 1035 1035 1035 1035 1035 1035 1035 1035 1035 1035 1035 1035 1035 1035 1035 1035 1035 1035 1035 1035 1035 1035 1034 1034 1034 1034 1034 1034 1034 1034 1034 1034 1034 1033 1033 1033 1033 1033 1033 1033 1033 1033 1033
1035 1035 1035 1035 1035 1036 1036 1036 1036 1036 1036 1036 1036 1036 1036 1037 1037 1038 1038 1038 1038 1038 1038 1038 1038 1038 1038 1038 1038 1038 1038 1038 1038 1038 1038 1039 1039 1039 1039 1039 1039 1039 1039 1039 1039 1039 1039 1039 1039 1039 1039 1039 1039 1039 1039 1039 1039 1039 1039 1039 1039 1039 1039 1039 1038 1038 1038 1038 1038 1038 1038 1038 1038 1038 1038 1038 1038 1038 1038 1038 1038 1038 1037 1037 1037 1037 1037 1037 1037 1036 1036 1036 1036 1036
1038 1038 1038 1039 1039 1039 1039 1040 1040 1040 1040 1040 1040 1040 1040 1040 1041 1041 1041 1041 1041 1041 1041 1041 1041 1041 1041 1041 1041 1041 1041 1041 1041 1042 1042 1042 1042 1042 1042 1042 1042 1042 1042 1042 1042 1042 1042 1042 1042 1042 1042 1042 1042 1042 1042 1042 1042 1042 1042 1042 1042 1042 1042 1042 1042 1042 1042 1042 1042 1042 1042 1042 1041 1041 1041 1041 1041 1041 1041 1041 1041 1041 1041 1041 1040 1040 1040 1040 1040 1040 1040 1040 1040 1040
1042 1042 1042 1042 1043 1043 1043 1043 1043 1043 1043 1043 1043 1043 1043 1043 1043 1044 1044 1044 1044 1044 1044 1044 1044 1044 1044 1044 1044 1044 1044 1044 1044 1044 1044 1044 1045 1045 1045 1045 1045 1045 1045 1045 1045 1045 1045 1045 1045 1045 1045 1045 1045 1045 1045 1045 1045 1045 1045 1045 1045 1045 1045 1045 1045 1045 1045 1045 1045 1045 1045 1045 1045 1045 1045 1045 1045 1045 1045 1044 1044 1043 1043 1043 1043 1043 1043 1043 1043 1043 1043 1043 1043 1043
1045 1045 1045 1045 1045 1045 1045 1045 1046 1046 1046 1046 1046 1046 1046 1046 1046 1046 1046 1046 1046 1046 1047 1047 1047 1048 1048 1048 1048 1048 1048 1048 1048 1048 1048 1048 1048 1048 1048 1048 1048 1048 1048 1048 1048 1048 1048 1049 1049 1049 1049 1049 1049 1049 1048 1048 1048 1048 1048 1048 1048 1048 1048 1048 1048 1048 1048 1048 1048 1048 1047 1047 1047 1047 1047 1047 1047 1047 1047 1047 1047 1047 1047 1047 1047 1046 1046 1046 1046 1046 1046 1046 1046 1046
1047 1047 1048 1048 1048 1048 1048 1048 1048 1048 1048 1048 1048 1049 1050 1050 1050 1050 1050 1050 1050 1050 1050 1050 1050 1050 1050 1050 1050 1050 1050 1051 1051 1051 1051 1051 1051 1051 1051 1051 1051 1051 1051 1051 1051 1051 1051 1051 1051 1051 1051 1051 1051 1051 1051 1051 1051 1051 1051 1051 1051 1051 1051 1051 1051 1051 1050 1050 1050 1050 1050 1050 1050 1050 1050 1050 1050 1050 1050 1050 1050 1050 1050 1050 1050 1050 1049 1049 1049 1049 1048 1048 1048 1048
1050 1050 1050 1050 1050 1051 1051 1051 1051 1052 1052 1052 1052 1052 1052 1052 1052 1052 1052 1052 1052 1052 1052 1052 1053 1053 1053 1053 1053 1053 1053 1053 1053 1053 1053 1053 1053 1053 1053 1053 1053 1053 1053 1053 1053 1053 1053 1053 1053 1053 1053 1053 1053 1053 1053 1053 1053 1053 1053 1053 1053 1053 1053 1053 1053 1053 1053 1053 1053 1053 1053 1053 1053 1053 1052 1052 1052 1052 1052 1052 1052 1052 1052 1052 1052 1052 1052 1052 1052 1052 1052 1052 1052 1051
1053 1053 1053 1053 1053 1053 1053 1054 1054 1054 1054 1054 1054 1054 1054 1054 1054 1054 1054 1054 1054 1055 1055 1055 1055 1055 1055 1055 1055 1055 1055 1055 1055 1055 1055 1055 1055 1055 1055 1055 1055 1055 1055 1055 1055 1055 1055 1055 1055 1056 1056 1056 1056 1056 1056 1056 1056 1056 1056 1056 1056 1056 1056 1056 1056 1056 1056 1056 1055 1055 1055 1055 1055 1055 1055 1055 1055 1055 1055 1055 1054 1054 1054 1054 1054 1054 1054 1054 1054 1054 1054 1054 1054 1054
1055 1055 1055 1055 1055 1055 1055 1056 1056 1056 1056 1056 1056 1056 1056 1056 1056 1056 1056 1056 1056 1057 1058 1058 1058 1058 1058 1058 1058 1058 1058 1058 1058 1058 1058 1058 1058 1058 1058 1058 1058 1058 1058 1058 1058 1058 1058 1058 1058 1059 1059 1059 1059 1059 1059 1059 1059 1058 1058 1058 1058 1058 1058 1058 1058 1058 1058 1058 1057 1057 1057 1057 1057 1057 1057 1057 1057 1057 1057 1057 1057 1057 1057 1057 1057 1057 1056 1056 1056 1056 1056 1056 1056 1056
1057 1057 1057 1057 1057 1057 1057 1057 1057 1058 1058 1059 1059 1059 1059 1059 1059 1059 1059 1059 1059 1059 1059 1059 1060 1060 1060 1060 1060 1060 1060 1060 1060 1060 1060 1060 1060 1060 1060 1060 1060 1060 1060 1060 1060 1060 1060 1060 1060 1060 1060 1060 1060 1060 1060 1060 1060 1060 1060 1060 1060 1060 1060 1060 1060 1060 1060 1060 1059 1059 1059 1059 1059 1059 1059 1059 1059 1059 1059 1059 1059 1059 1059 1059 1059 1059 1059 1059 1059 1059 1059 1058 1058 1057
1059 1059 1059 1059 1060 1060 1060 1060 1060 1060 1060 1060 1060 1061 1061 1061 1061 1061 1061 1061 1061 1061 1061 1061 1061 1061 1061 1061 1061 1061 1061 1062 1062 1062 1062 1062 1062 1062 1062 1062 1062 1062 1062 1062 1062 1062 1062 1062 1062 1062 1062 1062 1062 1062 1062 1062 1062 1062 1062 1062 1062 1062 1062 1062 1062 1062 1062 1062 1062 1062 1062 1062 1062 1062 1062 1061 1061 1061 1061 1061 1061 1061 1061 1061 1061 1061 1060 1060 1060 1060 1060 1060 1060 1060
1061 1061 1061 1061 1061 1062 1062 1062 1062 1062 1062 1062 1062 1062 1062 1062 1062 1062 1062 1062 1063 1063 1063 1063 1063 1063 1063 1063 1063 1063 1063 1063 1063 1063 1063 1063 1063 1063 1063 1063 1063 1063 1063 1063 1063 1063 1064 1064 1064 1064 1064 1064 1064 1064 1064 1064 1064 1064 1064 1064 1064 1064 1064 1064 1064 1064 1064 1064 1064 1064 1064 1063 1063 1063 1063 1063 1063 1063 1063 1063 1063 1062 1062 1062 1062 1062 1062 1062 1062 1062 1062 1062 1062 1062
1063 1063 1063 1063 1063 1063 1063 1063 1063 1063 1063 1063 1063 1064 1064 1064 1064 1064 1064 1065 1065 1065 1065 1065 1065 1065 1065 1065 1065 1065 1065 1065 1066 1066 1066 1066 1066 1066 1066 1066 1066 1066 1066 1066 1066 1066 1066 1066 1066 1066 1066 1066 1066 1066 1066 1066 1066 1066 1066 1066 1065 1065 1065 1065 1065 1065 1065 1065 1065 1065 1065 1065 1065 1065 1065 1065 1065 1065 1065 1065 1065 1065 1065 1065 1065 1064 1064 1063 1063 1063 1063 1063 1063 1063
1064 1064 1064 1064 1064 1064 1064 1064 1064 1064 1066 1066 1066 1066 1066 1066 1066 1066 1066 1066 1066 1066 1066 1066 1066 1066 1067 1067 1067 1067 1067 1067 1067 1067 1067 1067 1067 1067 1067 1067 1067 1067 1067 1067 1067 1067 1067 1067 1067 1067 1067 1067 1067 1067 1067 1067 1067 1067 1067 1067 1067 1067 1067 1067 1067 1067 1067 1067 1067 1066 1066 1066 1066 1066 1066 1066 1066 1066 1066 1066 1066 1066 1066 1066 1066 1066 1066 1066 1066 1066 1066 1064 1064 1064
1065 1065 1065 1066 1066 1066 1066 1066 1067 1067 1067 1067 1067 1067 1067 1067 1067 1067 1067 1067 1067 1067 1067 1067 1068 1068 1068 1068 1068 1068 1068 1068 1068 1068 1068 1068 1068 1068 1068 1068 1068 1068 1068 1068 1068 1068 1068 1068 1068 1068 1068 1068 1068 1068 1068 1068 1068 1068 1068 1068 1068 1068 1068 1068 1068 1068 1068 1068 1068 1068 1068 1068 1068 1068 1068 1068 1067 1067 1067 1067 1067 1067 1067 1067 1067 1067 1067 1067 1067 1067 1067 1067 1067 1066
1067 1067 1067 1067 1067 1067 1067 1067 1068 1068 1068 1068 1068 1068 1068 1068 1068 1068 1068 1068 1068 1068 1068 1068 1069 1069 1069 1069 1069 1069 1069 1069 1069 1070 1070 1070 1070 1070 1070 1070 1070 1070 1070 1070 1070 1070 1069 1069 1069 1069 1069 1069 1069 1069 1069 1069 1069 1069 1069 1069 1069 1069 1069 1069 1069 1069 1069 1069 1069 1069 1069 1069 1069 1069 1069 1069 1069 1069 1069 1069 1069 1069 1068 1068 1068 1068 1068 1068 1068 1068 1068 1068 1068 1067
1068 1068 1068 1068 1068 1068 1068 1068 1068 1068 1069 1069 1069 1069 1069 1069 1069 1070 1070 1070 1070 1070 1070 1070 1070 1070 1070 1070 1071 1071 1071 1071 1071 1071 1071 1071 1071 1071 1071 1071 1071 1071 1071 1071 1071 1071 1071 1071 1071 1071 1071 1071 1071 1071 1071 1071 1071 1071 1071 1071 1071 1071 1070 1070 1070 1070 1070 1070 1070 1070 1070 1070 1070 1070 1070 1070 1070 1070 1070 1070 1070 1070 1070 1070 1070 1070 1070 1069 1069 1068 1068 1068 1068 1068
1068 1069 1069 1069 1069 1069 1069 1069 1070 1070 1070 1070 1070 1070 1070 1071 1071 1071 1071 1071 1071 1071 1071 1071 1071 1071 1071 1071 1071 1071 1071 1071 1071 1071 1071 1072 1072 1072 1072 1072 1072 1072 1072 1072 1072 1072 1072 1072 1072 1072 1072 1072 1072 1072 1072 1072 1072 1072 1072 1072 1072 1072 1072 1072 1072 1072 1072 1072 1072 1072 1072 1071 1071 1071 1071 1071 1071 1071 1071 1071 1071 1071 1070 1070 1070 1070 1070 1070 1070 1070 1070 1070 1069 1069
1069 1069 1070 1070 1070 1070 1071 1071 1071 1071 1071 1071 1071 1071 1071 1071 1071 1071 1071 1071 1071 1071 1072 1072 1072 1072 1072 1072 1072 1072 1072 1072 1072 1072 1072 1072 1072 1072 1072 1072 1072 1072 1072 1072 1072 1072 1072 1072 1072 1072 1072 1072 1072 1072 1072 1072 1072 1072 1072 1072 1072 1072 1072 1072 1072 1072 1072 1072 1072 1072 1072 1072 1072 1072 1072 1072 1072 1071 1071 1071 1071 1071 1071 1071 1071 1071 1071 1071 1071 1071 1071 1071 1071 1071
1070 1071 1071 1071 1071 1071 1071 1071 1071 1071 1071 1071 1071 1071 1072 1072 1072 1072 1072 1072 1072 1072 1072 1072 1072 1072 1072 1072 1073 1073 1073 1073 1073 1073 1074 1074 1074 1074 1074 1074 1074 1074 1074 1074 1074 1074 1074 1074 1074 1074 1074 1073 1073 1073 1073 1073 1073 1073 1073 1073 1073 1073 1073 1073 1073 1073 1073 1073 1073 1073 1073 1073 1073 1073 1073 1073 1073 1073 1073 1073 1073 1073 1073 1071 1071 1071 1071 1071 1071 1071 1071 1071 1071 1071
1071 1071 1071 1071 1071 1071 1071 1071 1071 1072 1072 1072 1072 1072 1072 1073 1073 1073 1073 1073 1073 1073 1073 1073 1073 1073 1074 1074 1074 1074 1074 1074 1074 1074 1074 1074 1074 1074 1074 1074 1074 1074 1074 1074 1074 1074 1074 1074 1074 1074 1074 1074 1074 1074 1074 1074 1074 1074 1074 1074 1074 1074 1074 1074 1073 1073 1073 1073 1073 1073 1073 1073 1073 1073 1073 1073 1073 1073 1073 1073 1073 1073 1073 1073 1073 1073 1073 1073 1072 1072 1072 1071 1071 1071
1071 1071 1071 1071 1071 1071 1071 1073 1073 1073 1073 1073 1073 1073 1073 1073 1073 1073 1073 1073 1073 1073 1074 1074 1074 1074 1074 1074 1074 1074 1074 1074 1074 1074 1074 1074 1074 1074 1074 1074 1074 1074 1074 1074 1074 1074 1074 1074 1074 1074 1074 1074 1074 1074 1074 1074 1074 1074 1074 1074 1074 1074 1074 1074 1074 1074 1074 1074 1074 1074 1074 1074 1073 1073 1073 1073 1073 1073 1073 1073 1073 1073 1073 1073 1073 1073 1073 1073 1073 1073 1073 1073 1073 1072
1071 1072 1072 1072 1072 1072 1073 1073 1073 1073 1073 1073 1073 1073 1073 1073 1073 1073 1073 1073 1073 1074 1074 1074 1074 1074 1074 1074 1074 1074 1074 1074 1074 1074 1074 1074 1074 1074 1074 1074 1074 1074 1074 1074 1074 1074 1074 1074 1074 1074 1074 1074 1074 1074 1074 1074 1074 1074 1075 1074 1074 1074 1074 1074 1074 1074 1074 1074 1074 1074 1074 1074 1074 1074 1074 1074 1074 1074 1073 1073 1073 1073 1073 1073 1073 1073 1073 1073 1073 1073 1073 1073 1073 1073
1072 1072 1072 1072 1072 1072 1072 1073 1073 1073 1073 1073 1073 1073 1073 1073 1073 1073 1073 1073 1073 1073 1074 1074 1075 1075 1075 1075 1075 1075 1075 1075 1075 1075 1075 1075 1075 1075 1075 1075 1075 1075 1075 1075 1075 1075 1075 1075 1075 1075 1075 1075 1075 1075 1075 1074 1074 1074 1074 1074 1074 1074 1074 1074 1074 1074 1074 1074 1074 1074 1074 1074 1074 1074 1074 1074 1074 1074 1074 1074 1074 1074 1074 1074 1073 1073 1073 1073 1073 1073 1073 1073 1073 1073
1072 1072 1072 1072 1072 1072 1072 1072 1072 1073 1073 1073 1073 1074 1074 1074 1074 1074 1074 1074 1074 1074 1074 1074 1074 1074 1075 1075 1075 1075 1075 1075 1075 1075 1075 1075 1075 1075 1075 1075 1075 1075 1075 1075 1075 1075 1075 1075 1075 1075 1075 1075 1075 1075 1075 1075 1075 1075 1075 1075 1075 1075 1075 1075 1075 1075 1074 1074 1074 1074 1074 1074 1074 1074 1074 1074 1074 1074 1074 1074 1074 1074 1074 1074 1074 1074 1074 1074 1074 1073 1073 1072 1072 1072
1071 1072 1072 1072 1072 1072 1073 1073 1073 1073 1073 1073 1073 1073 1074 1074 1074 1074 1074 1074 1074 1074 1074 1074 1074 1074 1074 1074 1074 1074 1074 1074 1074 1074 1075 1075 1075 1075 1075 1075 1075 1075 1075 1075 1075 1075 1075 1075 1075 1075 1075 1075 1075 1075 1075 1075 1075 1075 1075 1075 1075 1075 1075 1075 1075 1075 1075 1075 1075 1075 1075 1075 1075 1074 1074 1074 1074 1074 1074 1074 1074 1074 1074 1073 1073 1073 1073 1073 1073 1073 1073 1073 1073 1072
1072 1072 1072 1072 1072 1072 1073 1073 1073 1073 1073 1073 1073 1073 1073 1073 1073 1073 1073 1073 1073 1073 1074 1074 1074 1074 1074 1074 1074 1074 1074 1074 1074 1074 1074 1074 1074 1074 1074 1074 1074 1074 1074 1074 1074 1074 1074 1074 1074 1074 1074 1074 1074 1074 1074 1074 1074 1074 1074 1074 1074 1074 1074 1074 1074 1074 1074 1074 1074 1074 1074 1074 1074 1074 1074 1074 1074 1074 1074 1073 1073 1073 1073 1073 1073 1073 1073 1073 1073 1073 1073 1073 1073 1073
1071 1072 1072 1072 1072 1072 1072 1072 1072 1072 1072 1072 1072 1072 1072 1073 1073 1073 1073 1073 1073 1074 1074 1074 1074 1074 1074 1074 1074 1074 1074 1074 1074 1074 1074 1075 1075 1075 1075 1075 1075 1075 1075 1075 1075 1075 1075 1075 1075 1075 1075 1075 1075 1075 1075 1075 1075 1075 1074 1074 1074 1074 1074 1074 1074 1074 1074 1074 1074 1074 1074 1074 1074 1074 1074 1074 1074 1074 1074 1074 1074 1074 1073 1073 1073 1072 1072 1072 1072 1072 1072 1072 1072 1072
1071 1071 1071 1071 1071 1071 1071 1071 1071 1071 1072 1072 1073 1073 1073 1073 1073 1073 1073 1073 1073 1073 1073 1073 1073 1073 1073 1073 1074 1074 1074 1074 1074 1074 1074 1074 1074 1074 1074 1074 1074 1074 1074 1074 1074 1074 1074 1074 1074 1074 1074 1074 1074 1074 1074 1074 1074 1074 1074 1074 1074 1074 1074 1074 1074 1074 1074 1073 1073 1073 1073 1073 1073 1073 1073 1073 1073 1073 1073 1073 1073 1073 1073 1073 1073 1073 1073 1073 1073 1071 1071 1071 1071 1071
1070 1070 1070 1070 1070 1071 1071 1071 1072 1072 1072 1072 1072 1072 1072 1072 1072 1072 1072 1072 1072 1072 1072 1072 1073 1073 1073 1073 1073 1073 1073 1073 1073 1073 1073 1073 1073 1073 1073 1073 1073 1073 1073 1073 1073 1073 1073 1073 1073 1073 1073 1073 1073 1073 1073 1073 1073 1073 1073 1073 1073 1073 1073 1073 1073 1073 1073 1073 1073 1073 1073 1073 1073 1073 1072 1072 1072 1072 1072 1072 1072 1072 1072 1072 1072 1072 1072 1072 1072 1072 1072 1072 1072 1071
1070 1070 1070 1070 1070 1070 1070 1070 1071 1071 1071 1071 1071 1071 1071 1071 1071 1071 1071 1071 1071 1071 1071 1071 1072 1072 1072 1072 1072 1072 1072 1072 1072 1072 1072 1072 1072 1072 1072 1072 1072 1072 1072 1072 1072 1072 1072 1072 1072 1072 1072 1072 1072 1072 1072 1072 1072 1072 1072 1072 1072 1072 1072 1072 1072 1072 1072 1072 1072 1072 1072 1072 1072 1072 1072 1072 1072 1072 1072 1072 1071 1071 1071 1071 1071 1071 1071 1071 1071 1071 1071 1071 1071 1070
1069 1069 1069 1069 1069 1069 1069 1069 1069 1069 1070 1070 1070 1070 1070 1070 1070 1070 1070 1071 1071 1071 1071 1071 1071 1071 1072 1072 1072 1072 1072 1072 1072 1072 1072 1072 1072 1072 1072 1072 1072 1072 1072 1072 1072 1072 1072 1072 1072 1072 1072 1072 1072 1072 1072 1072 1072 1072 1072 1072 1071 1071 1071 1071 1071 1071 1071 1071 1071 1071 1071 1071 1071 1071 1071 1071 1071 1071 1071 1071 1071 1071 1071 1071 1071 1070 1070 1070 1070 1070 1070 1069 1069 1069
1068 1068 1068 1068 1068 1068 1068 1068 1068 1068 1069 1069 1069 1070 1070 1070 1070 1070 1070 1070 1070 1070 1070 1070 1070 1070 1070 1070 1070 1070 1070 1070 1071 1071 1071 1071 1071 1071 1071 1071 1071 1071 1071 1071 1071 1071 1071 1071 1071 1071 1071 1071 1071 1071 1071 1071 1071 1071 1071 1071 1071 1071 1071 1071 1071 1071 1071 1071 1071 1070 1070 1070 1070 1070 1070 1070 1070 1070 1070 1070 1070 1070 1070 1070 1070 1069 1069 1069 1069 1069 1068 1068 1068 1068
1066 1066 1066 1067 1067 1068 1068 1068 1068 1068 1068 1068 1068 1068 1068 1068 1068 1068 1068 1068 1069 1069 1069 1069 1069 1069 1069 1069 1069 1069 1069 1069 1069 1069 1069 1069 1069 1069 1069 1069 1069 1069 1069 1069 1069 1069 1070 1070 1070 1070 1070 1070 1070 1070 1070 1070 1070 1070 1070 1070 1070 1070 1070 1070 1070 1070 1070 1070 1070 1070 1070 1069 1069 1069 1069 1069 1068 1068 1068 1068 1068 1068 1068 1068 1068 1068 1068 1068 1068 1068 1068 1068 1068 1068
1066 1066 1066 1066 1066 1066 1066 1066 1066 1066 1066 1066 1066 1067 1067 1067 1067 1067 1067 1067 1067 1067 1067 1067 1067 1067 1067 1067 1067 1067 1068 1069 1069 1069 1069 1069 1069 1069 1069 1069 1069 1069 1069 1069 1069 1069 1069 1069 1069 1068 1068 1068 1068 1068 1068 1068 1068 1068 1068 1068 1068 1068 1068 1068 1068 1068 1068 1068 1068 1068 1068 1068 1068 1068 1068 1068 1068 1068 1068 1068 1068 1067 1067 1067 1067 1067 1066 1066 1066 1066 1066 1066 1066 1066
908 908 908 908 908 908 1064 1064 1064 1065 1065 1065 1065 1065 1065 1065 1065 1066 1066 1066 1066 1066 1066 1066 1067 1067 1067 1067 1067 1067 1067 1067 1067 1067 1067 1067 1067 1067 1067 1067 1067 1067 1067 1067 1067 1067 1067 1067 1067 1067 1067 1067 1067 1067 1067 1067 1067 1067 1067 1067 1067 1067 1066 1066 1066 1066 1066 1066 1066 1066 1066 1066 1066 1066 1066 1066 1066 1066 1066 1066 1066 1066 1066 1066 1066 1066 1065 1065 1065 1065 1065 1065 1065 1064
906 906 906 906 906 906 906 907 907 908 908 908 908 908 908 908 908 908 908 908 908 909 909 909 909 909 909 909 909 909 909 909 909 909 909 909 909 909 909 909 909 909 909 909 909 909 909 909 909 910 910 910 910 910 910 910 910 910 910 910 910 910 910 910 910 910 910 910 909 909 908 908 908 908 908 908 908 908 908 908 908 908 908 908 908 908 908 908 908 908 907 907 907 907
904 904 904 905 905 905 905 906 906 906 906 906 906 906 906 906 906 906 906 906 906 907 907 907 907 907 907 907 907 907 907 907 907 907 907 907 907 907 907 907 907 907 907 907 907 907 907 907 907 908 908 908 908 908 908 908 908 908 908 908 908 908 908 908 908 908 908 908 907 907 907 907 907 907 907 907 906 906 906 906 906 906 906 906 906 906 906 906 906 906 906 906 906 906
903 903 903 903 903 903 903 903 903 904 904 904 904 904 904 904 904 904 904 904 904 904 904 904 905 905 906 906 906 906 906 906 906 906 906 906 906 906 906 906 906 906 906 906 906 906 906 906 906 906 906 906 906 905 905 905 905 905 905 905 905 905 905 905 905 905 905 905 905 905 905 905 905 905 905 905 905 905 905 905 905 905 904 904 904 904 904 904 904 904 904 904 904 903
900 900 901 901 901 901 901 901 901 901 901 901 901 901 902 903 903 903 903 903 903 903 903 903 903 903 903 903 903 903 903 904 904 904 904 904 904 904 904 904 904 904 904 904 904 904 904 904 904 904 904 904 904 904 904 904 904 904 904 904 904 904 904 904 903 903 903 903 903 903 903 903 903 903 903 903 903 903 903 903 903 903 903 903 903 903 902 901 901 901 901 901 901 901
898 898 898 898 898 898 898 898 900 900 900 900 900 900 900 900 900 900 900 900 900 900 901 901 901 901 901 901 901 901 901 901 901 901 901 901 901 901 901 901 901 901 901 901 901 901 901 902 902 902 902 902 902 902 902 902 902 902 902 902 902 902 902 902 902 902 902 902 902 902 901 900 900 900 900 900 900 900 900 900 900 900 900 900 900 900 900 900 900 900 900 899 899 899
895 895 896 896 897 897 897 897 897 897 897 897 897 897 897 897 897 898 898 898 898 898 898 898 898 898 898 898 898 898 898 898 898 898 898 898 899 899 899 899 899 899 899 899 899 899 899 899 899 899 899 899 899 899 899 899 899 899 899 899 899 899 899 899 899 899 899 899 899 899 899 899 899 899 899 899 899 898 898 898 898 897 897 897 897 897 897 897 897 897 897 897 897 1014
