testData/tiles/oneDegreeCosts/grid44.0-30.0-45.0-31.0.asc
ncols   200
nrows   200
xllcorner   44.0
yllcorner   30.0
cellsize   0.005
NODATA_value   -9999.0
[rows 126 to 167 of 200, columns 0 to 93 of 200]
277 277 277 277 276 276 276 276 275 275 276 276 275 275 275 275 274 274 274 274 273 273 273 273 272 272 272 272 271 271 271 270 270 270 269 269 269 269 268 268 268 267 267 267 266 266 266 266 266 266 265 265 265 264 264 264 263 263 262 262 262 261 261 261 260 260 243 243 243 242 243 242 242 242 241 241 240 240 239 239 239 238 238 237 237 237 237 236 236 235 235 235 234 234
277 277 277 277 276 276 276 276 275 275 276 276 275 275 275 275 274 274 274 274 273 273 273 273 272 272 272 271 271 271 271 270 270 270 269 269 269 268 268 268 268 267 267 267 266 266 266 266 266 266 265 265 265 264 264 263 263 263 262 262 262 261 261 261 260 260 259 243 244 243 243 242 242 242 241 241 240 240 239 239 239 238 238 237 237 237 237 236 236 235 235 234 234 234
277 277 277 277 276 276 276 276 275 275 276 276 275 275 275 275 274 274 274 274 273 273 273 273 272 272 272 271 271 271 271 270 270 270 269 269 269 268 268 268 268 267 267 267 266 266 266 266 266 266 265 265 265 264 264 263 263 263 262 262 262 261 261 260 260 261 260 260 260 243 243 242 242 241 241 241 240 240 239 239 238 238 238 237 237 237 237 236 236 236 236 235 235 234
277 277 277 276 276 276 276 276 275 275 276 276 275 275 275 275 274 274 274 274 273 273 273 272 272 272 272 271 271 271 271 270 270 270 269 269 269 268 268 268 267 267 267 267 266 266 266 265 266 265 265 265 264 264 264 263 263 263 262 262 262 261 261 261 261 261 260 260 259 259 259 242 242 241 241 241 240 240 239 239 238 238 238 237 237 237 238 237 237 236 236 235 235 234
277 277 277 276 276 276 276 275 275 275 275 276 275 275 275 275 274 274 274 274 273 273 273 272 272 272 272 271 271 271 270 270 270 270 269 269 269 268 268 268 267 267 267 266 266 266 265 265 266 265 265 265 264 264 264 263 263 263 262 262 262 261 262 261 261 261 260 260 259 259 259 258 242 241 241 241 240 240 239 239 238 238 238 238 238 237 237 237 237 236 236 235 235 234
277 277 277 276 276 276 276 275 275 275 275 275 275 275 275 274 274 274 274 273 273 273 273 272 272 272 272 271 271 271 270 270 270 270 269 269 269 268 268 268 267 267 267 266 266 266 265 265 265 265 265 265 264 264 264 263 263 263 262 262 262 262 262 261 261 261 260 260 259 259 259 258 258 257 241 240 240 240 239 240 239 239 238 238 238 237 237 237 237 236 236 235 235 234
277 277 277 276 276 276 276 275 275 275 275 275 275 275 275 274 274 274 274 273 273 273 273 272 272 272 271 271 271 271 270 270 270 269 269 269 269 268 268 268 267 267 267 266 266 266 265 265 265 265 265 265 264 264 264 263 263 263 263 263 262 262 262 261 261 260 260 260 259 259 258 258 258 257 257 240 241 241 240 240 239 239 238 238 237 237 237 237 237 236 236 235 235 234
277 277 276 276 276 276 276 275 275 275 275 274 275 275 275 274 274 274 274 273 273 273 273 272 272 272 271 271 271 271 270 270 270 269 269 269 268 268 268 268 267 267 267 266 266 266 265 265 265 265 265 265 264 264 264 263 264 263 263 263 262 262 262 261 261 260 260 260 259 259 258 258 258 258 258 257 241 241 240 240 239 239 238 238 237 237 236 236 237 236 236 235 235 234
277 277 276 276 276 276 276 275 275 275 275 274 275 275 275 274 274 274 274 273 273 273 272 272 272 272 271 271 271 271 270 270 270 269 269 269 268 268 268 268 267 267 267 266 266 266 265 265 265 264 265 265 264 264 264 264 264 263 263 263 262 262 262 261 261 260 260 260 259 259 258 259 259 258 258 257 257 256 240 240 239 239 238 238 237 237 236 236 236 236 236 235 235 234
277 277 276 276 276 276 275 275 275 275 275 274 275 275 275 274 274 274 273 273 273 273 272 272 272 272 271 271 271 270 270 270 270 269 269 269 268 268 268 267 267 267 266 266 266 266 265 265 264 264 265 264 264 265 264 264 264 263 263 263 262 262 261 261 261 260 260 260 259 260 259 259 258 258 258 257 257 256 256 240 239 239 238 238 237 237 236 236 236 236 235 235 235 234
277 277 276 276 276 276 275 275 275 275 274 274 274 275 274 274 274 274 273 273 273 273 272 272 272 272 271 271 271 270 270 270 270 269 269 269 268 268 268 267 267 267 266 266 266 265 265 265 264 264 264 264 265 265 264 264 264 263 263 263 262 262 261 261 261 260 260 260 260 260 259 259 258 258 258 257 257 256 256 255 255 239 238 238 237 237 236 236 236 236 235 235 234 234
277 276 276 276 276 276 275 275 275 275 274 274 274 275 274 274 274 274 273 273 273 273 272 272 272 271 271 271 271 270 270 270 269 269 269 269 268 268 268 267 267 267 266 266 266 265 265 265 264 264 264 265 265 265 264 264 264 263 263 262 262 262 261 261 261 261 261 260 260 260 259 259 258 258 258 257 257 256 256 255 255 254 238 238 237 237 236 236 236 236 236 236 235 235
277 276 276 276 276 276 275 275 275 275 274 274 274 274 274 274 274 274 273 273 273 273 272 272 272 271 271 271 271 270 270 270 269 269 269 268 268 268 268 267 267 267 266 266 266 265 265 265 264 265 265 265 265 265 264 264 263 263 263 262 262 262 261 261 261 261 261 260 260 260 259 259 258 258 257 257 257 256 256 255 255 254 254 238 237 237 237 237 236 236 235 236 235 235
277 276 276 276 276 275 275 275 275 275 274 274 274 274 274 274 274 274 273 273 273 272 272 272 272 271 271 271 270 270 270 270 269 269 269 268 268 268 267 267 267 267 266 266 266 265 265 265 265 265 265 264 265 264 264 264 263 263 263 262 262 262 262 262 261 261 261 260 260 259 259 259 258 258 257 257 257 256 256 255 255 254 255 254 254 238 237 237 236 236 235 236 235 235
277 276 276 276 276 275 275 275 275 274 274 274 274 273 274 274 274 273 273 273 273 272 272 272 272 271 271 271 270 270 270 270 269 269 269 268 268 268 267 267 267 266 266 266 266 265 265 266 265 265 264 264 265 264 264 264 263 263 263 262 263 262 262 262 261 261 261 260 260 259 259 259 258 258 257 257 256 256 256 255 256 255 255 254 254 253 237 237 236 236 235 235 235 235
276 276 276 276 276 275 275 275 275 274 274 274 274 273 273 274 274 273 273 273 273 272 272 272 271 271 271 271 270 270 270 269 269 269 269 268 268 268 267 267 267 266 266 266 265 265 266 265 265 265 264 264 264 264 264 264 263 263 263 263 263 262 262 262 261 261 260 260 260 259 259 258 258 258 257 257 256 257 256 256 256 255 255 254 254 253 253 236 236 235 235 235 235 235
277 276 276 276 275 275 275 275 275 274 274 274 274 273 273 274 274 273 273 273 273 272 272 272 271 271 271 271 270 270 270 269 269 269 269 268 268 268 267 267 267 266 266 266 266 266 266 265 265 265 264 264 264 264 264 264 263 264 263 263 263 262 262 262 261 261 260 260 260 259 259 258 258 258 257 258 257 257 256 256 256 255 255 254 254 253 253 252 236 235 235 234 234 234
277 277 277 277 276 275 275 275 274 274 274 274 273 273 273 274 273 273 273 273 272 272 272 272 271 271 271 270 270 270 270 269 269 269 268 268 268 268 267 267 267 266 266 267 266 266 266 265 265 265 264 264 264 264 264 264 264 264 263 263 263 262 262 261 261 261 260 260 260 259 259 258 258 258 258 258 257 257 256 256 255 255 255 254 254 253 253 252 252 251 235 234 234 234
277 277 277 277 276 276 276 276 275 274 274 274 273 273 273 273 273 273 273 273 272 272 272 272 271 271 271 270 270 270 270 269 269 269 268 268 268 267 267 267 266 266 267 267 266 266 266 265 265 265 264 264 264 264 264 264 264 264 263 263 263 262 262 261 261 261 260 260 259 259 259 259 259 258 258 258 257 257 256 256 255 255 254 254 254 253 253 252 252 251 251 234 234 234
277 277 277 276 276 276 276 276 275 275 275 275 273 273 273 273 273 273 273 273 272 272 272 271 271 271 271 270 270 270 269 269 269 269 268 268 268 267 267 267 266 267 267 266 266 266 265 265 265 264 264 264 264 264 264 264 264 264 263 263 262 262 262 261 261 261 260 260 259 260 260 259 259 258 258 257 257 257 256 256 255 255 254 254 253 253 253 252 252 251 251 250 234 234
277 277 277 276 276 276 276 275 275 275 275 275 274 274 274 273 273 273 273 272 272 272 272 271 271 271 271 270 270 270 269 269 269 269 268 268 268 267 267 267 267 267 267 266 266 266 265 265 265 264 264 264 264 264 264 264 264 264 263 263 262 262 262 261 261 260 260 261 260 260 259 259 259 258 258 257 257 257 256 256 255 255 254 254 253 253 252 252 252 251 251 250 250 234
277 277 277 276 276 276 276 275 275 275 275 274 274 274 274 273 273 274 273 272 272 272 272 271 271 271 270 270 270 270 269 269 269 268 268 268 268 267 267 268 267 267 267 266 266 266 265 265 265 264 264 265 264 264 264 263 264 263 263 263 262 262 262 261 261 260 261 261 260 260 259 259 259 258 258 257 257 256 256 256 255 255 254 254 253 253 252 252 251 251 251 251 251 250
278 278 277 276 276 276 276 275 275 275 275 274 274 274 274 273 273 274 274 273 273 272 271 271 271 271 270 270 270 270 269 269 269 268 268 268 267 267 268 267 267 267 267 266 266 266 265 265 265 264 265 264 264 264 263 263 264 263 263 263 262 262 261 261 262 261 261 260 260 260 259 259 258 258 258 257 257 256 256 255 255 255 254 254 253 253 252 253 252 252 251 251 250 250
278 278 277 277 277 277 276 275 275 275 275 274 274 274 274 273 273 273 273 273 273 273 272 271 271 271 270 270 270 269 269 269 269 268 268 268 267 268 268 267 267 267 266 266 266 265 265 265 265 265 265 264 264 264 263 263 264 263 263 262 262 262 261 262 262 261 261 260 260 260 259 259 258 258 258 257 257 256 256 255 255 254 254 254 254 254 253 253 252 252 251 251 250 250
278 278 277 277 277 277 276 276 276 276 274 274 274 274 273 273 273 273 273 273 273 273 272 272 272 271 270 270 270 269 269 269 268 268 268 268 268 268 268 267 267 267 266 266 266 265 265 266 265 265 265 264 264 264 263 263 263 263 263 262 262 263 262 262 261 261 261 260 260 259 259 259 258 258 257 257 257 256 256 255 255 254 255 254 254 254 253 253 252 252 251 251 250 250
278 277 277 277 277 277 276 276 276 276 275 275 275 274 273 273 273 273 273 273 273 273 272 272 272 271 271 271 270 269 269 269 268 268 268 268 268 268 268 267 267 267 266 266 266 265 266 266 265 265 265 264 264 263 263 263 262 263 263 262 263 263 262 262 261 261 261 260 260 259 259 259 258 258 257 257 256 256 256 255 256 255 255 254 254 253 253 253 252 252 251 251 250 250
278 277 277 277 277 276 276 276 276 275 275 275 275 275 274 274 273 273 273 273 273 272 272 272 272 271 271 271 270 270 270 269 268 268 269 268 268 268 267 267 267 266 266 266 266 266 266 265 265 265 264 264 264 263 263 263 262 262 263 263 263 262 262 262 261 261 260 260 260 259 259 258 258 258 257 257 256 256 256 256 256 255 255 254 254 253 253 252 252 251 251 250 250 250
277 277 277 277 277 276 276 276 276 275 275 275 275 274 274 274 274 273 273 273 273 272 272 272 271 271 271 271 270 270 270 269 269 268 269 268 268 268 267 267 267 266 266 266 266 266 266 265 265 265 264 264 264 263 263 263 262 262 262 263 263 262 262 262 261 261 260 260 260 259 259 258 258 258 257 257 257 257 256 256 255 255 255 254 254 253 253 252 252 251 251 250 250 250
278 278 278 277 276 276 276 276 276 275 275 275 275 274 274 274 274 273 273 273 273 273 272 272 271 271 271 271 270 270 270 269 269 270 269 268 268 268 267 267 267 266 266 267 266 266 266 265 265 265 264 264 264 263 263 263 263 263 262 263 263 262 262 261 261 261 260 260 259 259 259 258 258 258 258 258 257 257 256 256 255 255 254 254 254 253 253 252 252 251 251 250 250 250
278 278 278 278 277 277 277 276 275 275 275 275 274 274 274 274 273 273 273 273 273 273 273 273 271 271 271 270 270 270 270 269 270 270 269 269 269 267 267 267 267 266 266 267 266 266 266 265 265 265 264 264 263 263 263 263 263 263 262 262 263 262 262 261 261 261 260 260 259 259 259 258 259 258 258 257 257 257 256 256 255 255 254 254 253 253 253 252 252 251 251 250 250 250
278 278 278 278 277 277 277 277 276 276 275 275 274 274 274 274 273 273 273 273 272 273 273 272 272 272 272 270 270 270 270 270 270 270 269 269 269 268 268 267 266 266 267 266 266 266 265 265 265 264 264 264 263 263 264 263 263 263 262 262 262 262 262 261 261 260 260 260 259 259 259 259 259 258 258 257 257 256 256 256 255 255 254 254 253 253 252 252 251 251 251 250 250 250
278 278 278 277 277 277 277 276 276 276 276 276 275 274 274 274 273 273 273 272 272 273 273 272 272 272 272 271 271 270 270 270 270 269 269 269 269 268 268 268 267 267 267 266 266 266 265 265 265 264 264 264 263 264 264 263 263 262 262 262 261 262 262 261 261 260 260 260 259 260 259 259 259 258 258 257 257 256 256 256 255 255 254 254 253 253 252 252 251 251 250 250 250 250
278 278 278 277 277 277 277 276 276 276 276 275 275 275 275 274 273 273 273 272 272 272 273 272 272 272 271 271 271 271 271 270 270 269 269 269 268 268 268 268 268 268 268 266 266 266 265 265 265 264 264 264 264 264 263 263 263 262 262 262 261 262 261 261 261 260 260 260 260 260 259 259 258 258 258 257 257 256 256 255 255 254 254 254 253 253 252 252 251 251 250 250 250 250
278 278 277 277 277 277 277 276 276 276 276 275 275 275 275 274 274 274 274 272 272 272 272 272 272 272 271 271 271 271 271 271 271 270 269 269 268 268 268 268 268 268 267 267 267 265 265 265 264 264 264 264 264 264 263 263 263 262 262 261 261 261 261 261 261 260 261 260 260 260 259 259 258 258 257 257 257 256 256 255 255 254 254 253 253 253 252 252 251 251 250 250 250 251
279 279 277 277 277 277 276 276 276 276 275 275 275 275 274 274 274 274 273 273 273 273 272 272 272 272 271 271 272 271 271 271 270 270 270 270 268 268 269 268 268 268 267 267 267 266 266 265 264 264 265 264 264 264 263 263 262 262 262 261 261 261 261 261 261 261 261 260 260 259 259 259 258 258 257 257 256 256 256 255 255 254 254 253 253 252 252 251 251 251 251 251 251 251
279 278 278 278 278 278 276 276 276 276 275 275 275 275 274 274 274 274 273 273 273 273 272 273 272 271 271 271 272 271 271 271 270 270 270 269 269 269 269 268 268 268 267 267 267 266 266 266 264 265 265 264 264 263 263 263 262 262 262 261 261 261 261 261 261 261 261 260 260 259 259 258 258 258 257 257 256 256 255 255 255 254 254 253 253 252 252 252 252 251 251 251 251 251
279 278 278 278 278 277 277 277 277 275 275 275 275 274 274 274 274 273 273 273 273 272 272 272 273 272 272 272 271 271 271 271 270 270 270 269 269 270 269 269 268 267 267 267 266 266 266 266 266 266 264 264 264 263 263 263 262 262 261 261 261 261 261 262 261 261 260 260 260 259 259 258 258 258 257 257 256 256 255 255 254 254 254 253 253 253 253 252 252 251 251 251 251 251
278 278 278 278 278 277 277 277 277 276 276 276 275 274 274 274 274 273 273 273 273 272 272 272 272 272 273 273 272 271 271 270 270 270 270 269 270 270 269 269 269 268 267 267 266 266 266 266 266 266 265 265 264 263 263 262 262 262 261 261 261 261 261 260 261 261 260 260 259 259 259 258 258 257 257 257 256 256 255 255 254 254 254 254 253 253 253 252 252 251 251 251 251 251
278 278 278 278 277 277 277 277 277 276 276 276 276 275 275 274 274 273 273 273 272 272 272 272 272 272 273 272 272 272 272 270 270 270 270 270 270 269 269 269 269 268 268 267 266 266 266 266 266 265 265 265 264 264 263 262 262 262 261 261 261 261 261 260 260 261 260 260 259 259 259 258 258 257 257 256 256 256 255 255 254 255 254 254 253 253 252 252 251 251 251 251 251 251
278 278 278 278 277 277 277 277 276 276 276 276 275 275 275 275 274 274 273 273 272 272 272 272 272 273 273 272 272 272 271 271 271 270 270 270 270 269 269 269 268 268 268 267 267 266 266 266 266 265 265 265 264 264 264 262 262 261 261 261 261 261 261 260 260 260 260 260 259 259 258 258 258 257 257 256 256 255 255 256 255 255 254 254 253 253 252 252 251 251 251 251 251 251
278 278 278 277 277 277 277 277 276 276 276 276 275 275 275 275 274 274 274 273 273 272 272 272 272 273 273 272 272 272 271 271 271 270 271 270 270 269 269 269 268 268 268 267 267 268 267 266 266 265 265 265 264 264 263 263 263 261 261 262 261 261 260 260 260 259 260 259 259 259 258 258 257 257 257 256 256 255 256 255 255 254 254 254 253 253 252 252 251 251 251 251 251 251
279 279 279 277 277 277 277 276 276 276 276 275 275 275 275 274 274 274 274 273 273 273 273 272 272 272 272 272 272 272 271 271 271 271 271 271 270 269 269 268 268 268 267 267 268 267 267 267 266 265 265 264 264 264 263 263 263 262 262 261 261 261 260 260 260 259 260 259 259 259 258 258 257 257 256 256 257 256 256 255 255 254 254 253 253 252 252 252 251 251 251 251 251 251
