testData/tiles/oneDegreeCosts/grid8.0-44.0-9.0-45.0.asc
ncols   200
nrows   200
xllcorner   8.0
yllcorner   44.0
cellsize   0.005
NODATA_value   -9999.0
[rows 90 to 134 of 200, columns 96 to 191 of 200]
197 199 200 202 204 206 207 209 211 212 214 216 217 219 221 223 224 226 228 229 231 232 234 236 237 239 241 242 244 245 247 248 250 251 253 254 256 257 215 216 218 219 220 222 223 224 226 227 228 229 230 232 233 234 235 236 237 238 239 240 241 241 242 243 244 244 245 245 246 246 247 247 247 248 248 248 248 248 248 248 248 248 247 247 247 246 246 245 245 244 244 243 242 241 241 240
196 198 199 201 203 205 206 208 210 211 213 215 217 218 220 222 223 225 227 228 230 231 233 235 236 238 239 241 243 244 246 247 249 250 252 253 255 256 213 215 216 218 219 220 222 223 224 225 227 228 229 230 231 232 233 234 235 236 237 238 239 240 240 241 242 243 243 244 244 245 245 245 246 246 246 246 246 246 246 246 246 246 246 245 245 245 244 244 243 243 242 241 240 240 239 238
195 197 199 200 202 204 205 207 209 211 212 214 216 217 219 221 222 224 226 227 229 230 232 234 235 237 238 240 241 243 244 246 247 249 250 252 253 211 212 213 215 216 218 219 220 221 223 224 225 226 227 229 230 231 232 233 234 235 235 236 237 238 239 239 240 241 241 242 242 243 243 243 244 244 244 244 244 244 244 244 244 244 244 243 243 243 242 242 241 241 240 239 239 238 237 236
194 196 198 199 201 203 205 206 208 210 211 213 215 216 218 220 221 223 225 226 228 229 231 232 234 236 237 239 240 242 243 245 246 248 249 251 252 209 211 212 213 215 216 217 219 220 221 222 224 225 226 227 228 229 230 231 232 233 234 235 235 236 237 238 238 239 239 240 240 241 241 241 242 242 242 242 242 242 242 242 242 242 242 241 241 241 240 240 239 239 238 238 237 236 235 235
193 195 197 199 200 202 204 205 207 209 210 212 214 215 217 219 220 222 223 225 227 228 230 231 233 234 236 238 239 241 242 243 245 246 248 249 207 208 209 211 212 213 215 216 217 218 220 221 222 223 224 225 226 227 228 229 230 231 232 233 234 234 235 236 236 237 238 238 239 239 239 240 240 240 240 240 240 240 240 240 240 240 240 240 239 239 239 238 238 237 236 236 235 234 234 233
193 194 196 198 199 201 203 204 206 208 209 211 213 214 216 218 219 221 222 224 226 227 229 230 232 233 235 236 238 239 241 242 244 245 247 204 205 207 208 209 211 212 213 215 216 217 218 219 220 222 223 224 225 226 227 228 229 229 230 231 232 233 233 234 235 235 236 236 237 237 237 238 238 238 238 238 239 239 239 238 238 238 238 238 237 237 237 236 236 235 235 234 233 233 232 231
192 193 195 197 198 200 202 203 205 207 208 210 212 213 215 217 218 220 221 223 224 226 228 229 231 232 234 235 237 238 240 241 242 244 201 203 204 205 207 208 209 211 212 213 214 215 217 218 219 220 221 222 223 224 225 226 227 228 229 229 230 231 232 232 233 233 234 234 235 235 235 236 236 236 236 237 237 237 237 237 236 236 236 236 235 235 235 234 234 233 233 232 232 231 230 229
191 192 194 196 197 199 201 202 204 206 207 209 211 212 214 215 217 219 220 222 223 225 226 228 229 231 232 234 235 237 238 240 241 242 200 201 203 204 205 207 208 209 210 212 213 214 215 216 217 218 219 220 221 222 223 224 225 226 227 228 228 229 230 230 231 231 232 232 233 233 234 234 234 234 235 235 235 235 235 235 235 234 234 234 234 233 233 232 232 231 231 230 230 229 228 228
190 192 193 195 197 198 200 201 203 205 206 208 210 211 213 214 216 218 219 221 222 224 225 227 228 230 231 233 234 236 237 238 240 197 199 200 201 203 204 205 206 208 209 210 211 212 214 215 216 217 218 219 220 221 222 223 223 224 225 226 227 227 228 229 229 230 230 231 231 231 232 232 232 232 233 233 233 233 233 233 233 232 232 232 232 231 231 231 230 230 229 229 228 227 227 226
145 191 192 194 196 197 199 200 202 204 205 207 209 210 212 213 215 216 218 219 221 223 224 226 227 228 230 231 233 234 236 237 194 196 197 198 200 201 202 204 205 206 207 209 210 211 212 213 214 215 216 217 218 219 220 221 222 223 223 224 225 225 226 227 227 228 228 229 229 229 230 230 230 231 231 231 231 231 231 231 231 231 230 230 230 229 229 229 228 228 227 227 226 225 225 224
144 146 191 193 195 196 198 199 201 203 204 206 207 209 211 212 214 215 217 218 220 221 223 224 226 227 229 230 232 233 234 192 193 194 196 197 198 200 201 202 203 205 206 207 208 209 210 211 213 214 215 216 216 217 218 219 220 221 222 222 223 224 224 225 225 226 226 227 227 228 228 228 228 229 229 229 229 229 229 229 229 229 228 228 228 228 227 227 226 226 225 225 224 224 223 222
143 145 146 192 194 195 197 198 200 202 203 205 206 208 209 211 213 214 216 217 219 220 222 223 225 226 227 229 230 232 189 190 192 193 194 196 197 198 199 201 202 203 204 205 207 208 209 210 211 212 213 214 215 216 217 217 218 219 220 220 221 222 222 223 224 224 225 225 225 226 226 226 226 227 227 227 227 227 227 227 227 227 226 226 226 226 225 225 225 224 224 223 222 222 221 220
142 144 145 147 192 194 196 197 199 200 202 204 205 207 208 210 211 213 214 216 217 219 220 222 223 225 226 227 229 186 188 189 190 192 193 194 196 197 198 199 200 202 203 204 205 206 207 208 209 210 211 212 213 214 215 216 216 217 218 219 219 220 221 221 222 222 223 223 223 224 224 224 225 225 225 225 225 225 225 225 225 225 225 224 224 224 223 223 223 222 222 221 221 220 219 219
141 143 144 146 147 193 195 196 198 199 201 203 204 206 207 209 210 212 213 215 216 218 219 221 222 223 225 226 184 185 186 188 189 190 192 193 194 195 197 198 199 200 201 202 203 205 206 207 208 209 210 210 211 212 213 214 215 215 216 217 218 218 219 219 220 220 221 221 222 222 222 222 223 223 223 223 223 223 223 223 223 223 223 222 222 222 222 221 221 220 220 219 219 218 218 217
140 142 143 145 146 148 194 195 197 198 200 201 203 204 206 207 209 210 212 213 215 216 218 219 221 222 223 181 182 184 185 186 188 189 190 191 193 194 195 196 197 199 200 201 202 203 204 205 206 207 208 209 210 211 211 212 213 214 214 215 216 216 217 217 218 218 219 219 220 220 220 221 221 221 221 221 221 221 221 221 221 221 221 221 220 220 220 219 219 218 218 217 217 216 177 176
139 141 142 144 145 147 148 194 196 197 199 200 202 203 205 206 208 209 211 212 214 215 217 218 219 221 178 179 181 182 183 185 186 187 189 190 191 192 194 195 196 197 198 199 200 201 202 203 204 205 206 207 208 209 210 210 211 212 213 213 214 215 215 216 216 217 217 217 218 218 218 219 219 219 219 219 219 219 219 219 219 219 219 219 218 218 218 217 217 217 216 177 176 176 175 174
138 139 141 143 144 146 147 149 150 196 198 199 201 202 204 205 207 208 209 211 212 214 215 217 174 175 177 178 179 181 182 183 185 186 187 188 190 191 192 193 194 195 197 198 199 200 201 202 203 204 204 205 206 207 208 209 209 210 211 211 212 213 213 214 214 215 215 216 216 216 216 217 217 217 217 217 217 217 217 217 217 217 217 217 216 216 216 216 176 176 175 175 174 174 173 172
137 138 140 142 143 145 146 148 149 151 152 198 199 201 202 204 205 207 208 210 211 212 170 171 173 174 175 177 178 179 181 182 183 184 186 187 188 189 190 192 193 194 195 196 197 198 199 200 201 202 203 204 205 205 206 207 208 208 209 210 210 211 211 212 212 213 213 214 214 214 215 215 215 215 215 215 215 215 215 215 215 215 215 215 176 175 175 175 174 174 173 173 172 172 171 171
136 137 139 140 142 144 145 147 148 150 151 153 154 156 157 159 160 162 163 164 166 167 169 170 171 173 174 175 177 178 179 181 182 183 184 185 187 188 189 190 191 192 193 194 195 196 197 198 199 200 201 202 203 204 204 205 206 207 207 208 208 209 210 210 211 211 211 212 212 212 213 213 213 213 213 213 214 214 214 213 213 174 174 174 174 173 173 173 172 172 172 171 171 170 169 169
135 136 138 139 141 142 144 145 147 148 150 151 153 154 156 157 159 160 162 163 164 166 167 169 170 171 173 174 175 177 178 179 180 182 183 184 185 186 187 188 190 191 192 193 194 195 196 197 198 198 199 200 201 202 203 203 204 205 205 206 207 207 208 208 209 209 209 210 210 210 211 211 211 211 211 212 212 212 173 173 172 172 172 172 172 171 171 171 170 170 170 169 169 168 168 167
133 135 137 138 140 141 143 144 146 147 149 150 152 153 155 156 158 159 160 162 163 165 166 167 169 170 171 173 174 175 176 178 179 180 181 182 184 185 186 187 188 189 190 191 192 193 194 195 196 197 198 198 199 200 201 202 202 203 204 204 205 205 206 206 207 207 208 208 208 209 209 209 209 209 171 171 171 171 171 171 171 170 170 170 170 170 169 169 169 168 168 167 167 166 166 165
132 134 135 137 139 140 142 143 145 146 148 149 150 152 153 155 156 158 159 160 162 163 165 166 167 168 170 171 172 174 175 176 177 179 180 181 182 183 184 185 186 187 188 189 190 191 192 193 194 195 196 197 198 198 199 200 200 201 202 202 203 203 204 204 205 205 206 206 206 207 168 168 168 169 169 169 169 169 169 169 169 169 168 168 168 168 167 167 167 166 166 165 165 164 164 163
131 133 134 136 137 139 140 142 143 145 146 148 149 151 152 153 155 156 158 159 160 162 163 164 166 167 168 170 171 172 173 175 176 177 178 179 180 182 183 184 185 186 187 188 189 190 191 192 192 193 194 195 196 197 197 198 199 199 200 201 201 202 202 203 203 203 165 165 165 166 166 166 166 167 167 167 167 167 167 167 167 167 166 166 166 166 165 165 165 164 164 164 163 163 162 162
130 132 133 135 136 138 139 141 142 144 145 146 148 149 151 152 154 155 156 158 159 160 162 163 164 166 167 168 169 171 172 173 174 175 177 178 179 180 181 182 183 184 185 186 187 188 189 190 191 192 192 193 194 195 195 196 197 197 198 199 199 200 161 162 162 163 163 163 164 164 164 164 165 165 165 165 165 165 165 165 165 165 165 164 164 164 164 163 163 163 162 162 161 161 160 160
129 130 132 133 135 136 138 139 141 142 144 145 147 148 149 151 152 154 155 156 158 159 160 162 163 164 165 167 168 169 170 172 173 174 175 176 177 178 179 181 182 183 184 185 185 186 187 188 189 190 191 191 192 193 194 194 195 196 157 158 158 159 159 160 160 161 161 161 162 162 162 162 163 163 163 163 163 163 163 163 163 163 163 162 162 162 162 161 161 161 160 160 159 159 158 158
128 129 131 132 134 135 137 138 140 141 142 144 145 147 148 150 151 152 154 155 156 158 159 160 162 163 164 165 166 168 169 170 171 172 174 175 176 177 178 179 180 181 182 183 184 185 186 186 187 188 189 190 190 152 153 154 154 155 155 156 157 157 158 158 158 159 159 159 160 160 160 161 161 161 161 161 161 161 161 161 161 161 161 161 160 160 160 159 159 159 158 158 158 157 157 156
127 128 130 131 133 134 135 137 138 140 141 143 144 145 147 148 150 151 152 154 155 156 158 159 160 161 163 164 165 166 167 169 170 171 172 173 174 175 176 177 178 179 180 181 182 183 184 185 147 147 148 149 150 150 151 152 152 153 154 154 155 155 156 156 157 157 157 158 158 158 158 159 159 159 159 159 159 159 159 159 159 159 159 159 158 158 158 158 157 157 157 156 156 155 155 154
125 127 128 130 131 133 134 136 137 138 140 141 143 144 145 147 148 150 151 152 153 155 156 157 159 160 161 162 163 165 166 167 168 169 170 171 173 174 175 176 177 178 179 140 141 142 143 144 145 146 146 147 148 149 149 150 151 151 152 152 153 153 154 154 155 155 155 156 156 156 156 157 157 157 157 157 157 157 157 157 157 157 157 157 156 156 156 156 155 155 155 154 154 153 153 152
124 126 127 129 130 131 133 134 136 137 139 140 141 143 144 145 147 148 149 151 152 153 155 156 157 158 160 161 162 163 164 165 167 168 169 170 171 133 134 135 136 137 138 139 140 141 141 142 143 144 145 145 146 147 147 148 149 149 150 150 151 151 152 152 153 153 153 154 154 154 155 155 155 155 155 155 155 155 155 155 155 155 155 155 155 154 154 154 153 153 153 152 152 151 151 150
123 124 126 127 129 130 132 133 134 136 137 139 140 141 143 144 145 147 148 149 151 152 153 154 156 157 158 159 160 162 163 125 126 127 128 129 130 131 132 133 134 135 136 137 138 139 140 141 141 142 143 144 144 145 146 146 147 148 148 149 149 150 150 150 151 151 152 152 152 152 153 153 153 153 153 153 153 153 153 153 153 153 153 153 153 152 152 152 152 151 151 150 150 150 149 149
122 123 125 126 127 129 130 132 133 135 136 137 139 140 141 143 144 145 147 148 149 150 152 153 115 116 118 119 120 121 122 123 124 126 127 128 129 130 131 132 133 134 134 135 136 137 138 139 140 140 141 142 143 143 144 144 145 146 146 147 147 148 148 149 149 149 150 150 150 151 151 151 151 151 151 151 151 151 151 151 151 151 151 151 151 151 150 150 150 149 149 149 148 148 147 147
120 122 123 125 126 128 129 130 132 133 135 136 137 139 140 102 104 105 106 107 109 110 111 112 114 115 116 117 118 120 121 122 123 124 125 126 127 128 129 130 131 132 133 134 135 135 136 137 138 139 139 140 141 141 142 143 143 144 144 145 145 146 146 147 147 147 148 148 148 149 149 149 149 149 149 149 150 150 150 149 149 149 149 149 149 149 148 148 148 147 147 147 146 146 145 145
119 121 122 123 86 87 89 90 91 93 94 96 97 98 100 101 102 103 105 106 107 109 110 111 112 113 115 116 117 118 119 120 121 122 123 124 125 126 127 128 129 130 131 132 133 134 134 135 136 137 138 138 139 140 140 141 141 142 143 143 144 144 144 145 145 146 146 146 146 147 147 147 147 147 147 148 148 148 148 148 147 147 147 147 147 147 146 146 146 146 145 145 144 144 144 143
79 80 82 83 85 86 87 89 90 92 93 94 96 97 98 99 101 102 103 105 106 107 108 109 111 112 113 114 115 116 117 119 120 121 122 123 124 125 126 127 128 128 129 130 131 132 133 134 134 135 136 136 137 138 138 139 140 140 141 141 142 142 143 143 143 144 144 144 145 145 145 145 145 145 146 146 146 146 146 146 146 145 145 145 145 145 145 144 144 144 143 143 143 142 142 141
78 79 80 82 83 85 86 87 89 90 91 93 94 95 97 98 99 101 102 103 104 106 107 108 109 110 111 113 114 115 116 117 118 119 120 121 122 123 124 125 126 127 128 129 129 130 131 132 133 133 134 135 135 136 137 137 138 138 139 139 140 140 141 141 141 142 142 142 143 143 143 143 143 144 144 144 144 144 144 144 144 144 143 143 143 143 143 142 142 142 141 141 141 140 140 139
76 78 79 81 82 83 85 86 87 89 90 91 93 94 95 97 98 99 100 102 103 104 105 106 108 109 110 111 112 113 114 115 116 117 118 119 120 121 122 123 124 125 126 127 128 128 129 130 131 131 132 133 134 134 135 135 136 136 137 137 138 138 139 139 140 140 140 140 141 141 141 141 142 142 142 142 142 142 142 142 142 142 142 141 141 141 141 140 140 140 140 139 139 138 138 137
75 76 78 79 81 82 83 85 86 87 89 90 91 93 94 95 96 98 99 100 101 103 104 105 106 107 108 109 111 112 113 114 115 116 117 118 119 120 121 122 122 123 124 125 126 127 127 128 129 130 130 131 132 132 133 134 134 135 135 136 136 136 137 137 138 138 138 139 139 139 139 139 140 140 140 140 140 140 140 140 140 140 140 139 139 139 139 139 138 138 138 137 137 136 136 136
74 75 77 78 79 81 82 83 85 86 87 89 90 91 92 94 95 96 97 99 100 101 102 103 105 106 107 108 109 110 111 112 113 114 115 116 117 118 119 120 121 122 123 123 124 125 126 126 127 128 129 129 130 131 131 132 132 133 133 134 134 135 135 135 136 136 136 137 137 137 137 138 138 138 138 138 138 138 138 138 138 138 138 138 137 137 137 137 136 136 136 135 135 135 134 134
72 74 75 77 78 79 81 82 83 85 86 87 88 90 91 92 94 95 96 97 98 100 101 102 103 104 105 106 107 108 109 111 112 113 114 114 115 116 117 118 119 120 121 122 122 123 124 125 125 126 127 127 128 129 129 130 130 131 131 132 132 133 133 134 134 134 134 135 135 135 135 136 136 136 136 136 136 136 136 136 136 136 136 136 135 135 135 135 134 134 134 134 133 133 132 132
71 72 74 75 77 78 79 81 82 83 84 86 87 88 90 91 92 93 94 96 97 98 99 100 101 103 104 105 106 107 108 109 110 111 112 113 114 115 116 116 117 118 119 120 121 121 122 123 124 124 125 126 126 127 127 128 129 129 130 130 130 131 131 132 132 132 133 133 133 133 134 134 134 134 134 134 134 134 134 134 134 134 134 134 134 133 133 133 133 132 132 132 131 131 130 130
70 71 72 74 75 77 78 79 80 82 83 84 86 87 88 89 91 92 93 94 95 96 98 99 100 101 102 103 104 105 106 107 108 109 110 111 112 113 114 115 116 116 117 118 119 120 120 121 122 123 123 124 124 125 126 126 127 127 128 128 129 129 129 130 130 130 131 131 131 131 132 132 132 132 132 132 132 132 132 132 132 132 132 132 132 131 131 131 131 130 130 130 129 129 129 128
68 70 71 72 74 75 76 78 79 80 82 83 84 85 87 88 89 90 91 93 94 95 96 97 98 99 100 102 103 104 105 106 107 108 109 109 110 111 112 113 114 115 116 116 117 118 119 119 120 121 121 122 123 123 124 124 125 125 126 126 127 127 127 128 128 128 129 129 129 129 130 130 130 130 130 130 130 130 130 130 130 130 130 130 130 129 129 129 129 128 128 128 127 127 127 126
67 68 70 71 72 74 75 76 78 79 80 81 83 84 85 86 88 89 90 91 92 93 94 96 97 98 99 100 101 102 103 104 105 106 107 108 109 110 110 111 112 113 114 115 115 116 117 118 118 119 120 120 121 121 122 122 123 123 124 124 125 125 126 126 126 127 127 127 127 128 128 128 128 128 128 128 128 128 128 128 128 128 128 128 128 128 127 127 127 127 126 126 126 125 125 124
66 67 68 70 71 72 74 75 76 77 79 80 81 82 84 85 86 87 88 90 91 92 93 94 95 96 97 98 99 100 101 102 103 104 105 106 107 108 109 110 110 111 112 113 114 114 115 116 116 117 118 118 119 120 120 121 121 122 122 123 123 123 124 124 124 125 125 125 125 126 126 126 126 126 126 126 126 126 126 126 126 126 126 126 126 126 125 125 125 125 124 124 124 123 123 123
64 66 67 68 70 71 72 73 75 76 77 78 80 81 82 83 85 86 87 88 89 90 91 92 94 95 96 97 98 99 100 101 102 103 103 104 105 106 107 108 109 109 110 111 112 113 113 114 115 115 116 117 117 118 118 119 119 120 120 121 121 121 122 122 122 123 123 123 124 124 124 124 124 124 124 124 125 125 125 124 124 124 124 124 124 124 124 123 123 123 122 122 122 121 121 121
