testData/tiles/oneDegreeCosts/grid29.0-37.0-30.0-38.0.asc
ncols   200
nrows   200
xllcorner   29.0
yllcorner   37.0
cellsize   0.005
NODATA_value   -9999.0
[rows 126 to 167 of 200, columns 0 to 93 of 200]
882 882 882 882 882 882 882 882 882 882 882 882 882 882 882 882 882 882 882 882 882 882 882 882 882 882 882 882 882 882 882 882 882 882 882 882 882 882 882 882 882 882 882 882 882 882 882 882 882 882 882 882 882 882 980 980 979 979 929 929 929 929 928 928 928 928 928 927 926 926 926 926 926 925 925 827 827 827 827 827 827 827 827 827 827 827 827 827 827 827 827 827 827 827
882 882 882 882 882 882 882 882 882 882 882 882 882 882 882 882 882 882 882 882 882 882 882 882 882 882 882 882 882 882 882 882 882 882 882 882 882 882 882 882 882 882 882 882 882 882 882 882 882 882 882 882 882 882 882 981 980 980 980 929 929 929 929 929 929 928 928 928 928 928 927 926 926 926 926 827 827 827 827 827 827 827 827 827 827 827 827 827 827 827 827 827 827 827
882 882 882 882 882 882 882 882 882 882 882 882 882 882 882 882 882 882 882 882 882 882 882 882 882 882 882 882 882 882 882 882 882 882 882 882 882 882 882 882 882 882 882 882 882 882 882 882 882 882 882 882 882 882 882 982 982 981 981 980 930 930 930 930 930 930 930 930 929 929 929 929 928 928 927 827 827 827 827 827 827 827 827 827 827 827 827 827 827 827 827 827 827 827
882 882 882 882 882 882 882 882 882 882 882 882 882 882 882 882 882 882 882 882 882 882 882 882 882 882 882 882 882 882 882 882 882 882 882 882 882 882 882 882 882 882 882 882 882 882 882 882 882 882 882 882 882 882 882 983 983 983 983 983 932 932 931 931 931 931 930 930 930 930 930 930 929 929 929 827 827 827 827 827 827 827 827 827 827 827 827 827 827 827 827 827 827 827
882 882 882 882 882 882 882 882 882 882 882 882 882 882 882 882 882 882 882 882 882 882 882 882 882 882 882 882 882 882 882 882 882 882 882 882 882 882 882 882 882 882 882 882 882 882 882 882 882 882 882 882 882 882 882 984 984 984 983 983 983 933 934 934 933 932 932 932 932 931 931 931 931 931 931 827 827 827 827 827 827 827 827 827 827 827 827 827 827 827 827 827 827 827
882 882 882 882 882 882 882 882 882 882 882 882 882 882 882 882 882 882 882 882 882 882 882 882 882 882 882 882 882 882 882 882 882 882 882 882 882 882 882 882 882 882 882 882 882 882 882 882 882 882 882 882 882 882 882 882 985 985 985 985 985 984 934 934 934 934 934 933 932 932 932 932 931 931 931 827 827 827 827 827 827 827 827 827 827 827 827 827 827 827 827 827 827 827
882 882 882 882 882 882 882 882 882 882 882 882 882 882 882 882 882 882 882 882 882 882 882 882 882 882 882 882 882 882 882 882 882 882 882 882 882 882 882 882 882 882 882 882 882 882 882 882 882 882 882 882 882 882 882 882 987 986 986 985 985 986 986 936 936 935 935 935 935 935 934 933 933 933 933 827 827 827 827 827 827 827 827 827 827 827 827 827 827 827 827 827 827 827
882 882 882 882 882 882 882 882 882 882 882 882 882 882 882 882 882 882 882 882 882 882 882 882 882 882 882 882 882 882 882 882 882 882 882 882 882 882 882 882 882 882 882 882 882 882 882 882 882 882 882 882 882 882 882 882 988 988 988 988 987 987 986 936 936 936 936 936 935 935 935 936 936 934 934 827 827 827 827 827 827 827 827 827 827 827 827 827 827 827 827 827 827 827
882 882 882 882 882 882 882 882 882 882 882 882 882 882 882 882 882 882 882 882 882 882 882 882 882 882 882 882 882 882 882 882 882 882 882 882 882 882 882 882 882 882 882 882 882 882 882 882 882 882 882 882 882 882 882 882 989 989 989 989 989 989 989 988 938 937 937 937 937 937 937 936 936 936 936 827 827 827 827 827 827 827 827 827 827 827 827 827 827 827 827 827 827 827
882 882 882 882 882 882 882 882 882 882 882 882 882 882 882 882 882 882 882 882 882 882 882 882 882 882 882 882 882 882 882 882 882 882 882 882 882 882 882 882 882 882 882 882 882 882 882 882 882 882 882 882 882 882 882 882 882 990 990 990 990 990 990 989 989 939 938 938 938 938 938 938 938 938 937 827 827 827 827 827 827 827 827 827 827 827 827 827 827 827 827 827 827 827
882 882 882 882 882 882 882 882 882 882 882 882 882 882 882 882 882 882 882 882 882 882 882 882 882 882 882 882 882 882 882 882 882 882 882 882 882 882 882 882 882 882 882 882 882 882 882 882 882 882 882 882 882 882 882 882 882 991 991 992 992 991 991 991 991 991 940 940 939 939 939 939 938 938 938 827 827 827 827 827 827 827 827 827 827 827 827 827 827 827 827 827 827 827
882 882 882 882 882 882 882 882 882 882 882 882 882 882 882 882 882 882 882 882 882 882 882 882 882 882 882 882 882 882 882 882 882 882 882 882 882 882 882 882 882 882 882 882 882 882 882 882 882 882 882 882 882 882 882 882 882 993 992 992 992 992 992 992 991 991 941 942 942 941 941 940 940 940 940 827 827 827 827 827 827 827 827 827 827 827 827 827 827 827 827 827 827 827
882 882 882 882 882 882 882 882 882 882 882 882 882 882 882 882 882 882 882 882 882 882 882 882 882 882 882 882 882 882 882 882 882 882 882 882 882 882 882 882 882 882 882 882 882 882 882 882 882 882 882 882 882 882 882 882 882 994 995 995 994 994 993 993 993 993 993 942 942 942 942 942 941 940 940 827 827 827 827 827 827 827 827 827 827 827 827 827 827 827 827 827 827 827
882 882 882 882 882 882 882 882 882 882 882 882 882 882 882 882 882 882 882 882 882 882 882 882 882 882 882 882 882 882 882 882 882 882 882 882 882 882 882 882 882 882 882 882 882 882 882 882 882 882 882 882 882 882 882 882 882 882 996 995 995 995 995 994 994 994 994 994 944 944 943 943 943 943 943 827 827 827 827 827 827 827 827 827 827 827 827 827 827 827 827 827 827 827
882 882 882 882 882 882 882 882 882 882 882 882 882 882 882 882 882 882 882 882 882 882 882 882 882 882 882 882 882 882 882 882 882 882 882 882 882 882 882 882 882 882 882 882 882 882 882 882 882 882 882 882 882 882 882 882 882 882 997 997 997 997 996 996 996 995 995 995 994 944 944 944 944 943 943 827 827 827 827 827 827 827 827 827 827 827 827 827 827 827 827 827 827 827
882 882 882 882 882 882 882 882 882 882 882 882 882 882 882 882 882 882 882 882 882 882 882 882 882 882 882 882 882 882 882 882 882 882 882 882 882 882 882 882 882 882 882 882 882 882 882 882 882 882 882 882 882 882 882 882 882 882 998 998 997 997 997 997 998 998 997 997 996 946 946 945 945 945 945 827 827 827 827 827 827 827 827 827 827 827 827 827 827 827 827 827 827 827
882 882 882 882 882 882 882 882 882 882 882 882 882 882 882 882 882 882 882 882 882 882 882 882 882 882 882 882 882 882 882 882 882 882 882 882 882 882 882 882 882 882 882 882 882 882 882 882 882 882 882 882 882 882 882 882 882 882 882 999 999 999 999 998 998 998 998 998 998 997 946 946 946 946 945 827 827 827 827 827 827 827 827 827 827 827 827 827 827 827 827 827 827 827
882 882 882 882 882 882 882 882 882 882 882 882 882 882 882 882 882 882 882 882 882 882 882 882 882 882 882 882 882 882 882 882 882 882 882 882 882 882 882 882 882 882 882 882 882 882 882 882 882 882 882 882 882 882 882 882 882 882 882 1000 1000 999 999 1000 1000 1000 999 999 999 999 999 949 947 947 947 827 827 827 827 827 827 827 827 827 827 827 827 827 827 827 827 827 827 827
882 882 882 882 882 882 882 882 882 882 882 882 882 882 882 882 882 882 882 882 882 882 882 882 882 882 882 882 882 882 882 882 882 882 882 882 882 882 882 882 882 882 882 882 882 882 882 882 882 882 882 882 882 882 882 882 882 882 882 1002 1002 1002 1001 1001 1000 1000 1000 1000 1000 1000 999 999 949 949 949 827 827 827 827 827 827 827 827 827 827 827 827 827 827 827 827 827 827 827
882 882 882 882 882 882 882 882 882 882 882 882 882 882 882 882 882 882 882 882 882 882 882 882 882 882 882 882 882 882 882 882 882 882 882 882 882 882 882 882 882 882 882 882 882 882 882 882 882 882 882 882 882 882 882 882 882 882 882 882 1003 1003 1003 1003 1002 1002 1002 1001 1001 1001 1001 1001 950 950 950 827 827 827 827 827 827 827 827 827 827 827 827 827 827 827 827 827 827 827
882 882 882 882 882 882 882 882 882 882 882 882 882 882 882 883 882 882 882 882 883 883 883 883 884 883 882 882 882 883 883 883 883 882 883 883 883 883 883 883 884 883 883 883 883 883 884 883 883 883 883 882 882 882 882 882 882 882 882 882 1004 1004 1004 1004 1004 1003 1003 1002 1002 1002 1001 1001 1002 952 952 827 827 827 827 827 827 827 827 827 827 827 827 827 827 827 827 827 827 827
882 882 882 882 882 882 882 882 882 882 883 883 882 882 883 883 883 883 884 884 884 884 884 884 884 884 885 885 885 885 884 885 884 884 884 884 884 885 884 884 884 884 884 885 885 884 884 884 884 884 885 884 884 884 883 883 883 882 882 882 1005 1006 1006 1005 1005 1005 1005 1005 1004 1003 1003 1003 1003 1002 827 827 827 827 827 827 827 827 827 827 827 827 827 827 827 827 827 827 827 827
882 882 882 882 882 883 883 883 883 883 883 883 884 884 884 884 885 885 884 884 885 885 885 885 886 886 886 885 885 886 886 886 886 886 887 886 886 885 885 885 886 886 885 885 885 885 886 886 885 885 885 885 885 885 885 885 885 884 884 884 884 1006 1006 1006 1006 1006 1005 1005 1005 1006 1006 1004 1004 1004 827 827 827 827 827 827 827 827 827 827 827 827 827 827 827 827 827 827 827 827
883 883 883 883 883 883 884 884 884 884 885 885 885 885 885 885 885 885 886 886 886 886 887 886 886 886 887 887 887 887 887 887 887 887 887 887 887 888 888 887 887 887 886 887 887 887 886 886 886 886 887 887 886 886 886 886 886 886 885 885 885 1008 1008 1007 1007 1007 1007 1007 1007 1006 1006 1006 1006 1005 860 827 827 827 827 827 827 827 827 827 827 827 827 827 827 827 827 827 827 827
883 884 884 884 884 885 885 885 886 886 885 885 886 886 886 886 887 887 887 887 887 887 887 887 888 888 888 888 887 888 888 888 888 888 889 889 888 888 888 889 889 889 889 888 888 887 888 888 888 887 887 887 887 887 888 887 887 887 887 887 887 1009 1008 1008 1008 1008 1008 1008 1008 1008 1008 1008 1007 1007 863 862 827 827 827 827 827 827 827 827 827 827 827 827 827 827 827 827 827 827
886 886 886 887 887 886 886 887 887 887 888 888 888 888 889 889 888 887 888 888 888 888 889 889 889 888 889 889 889 889 889 890 890 889 889 889 890 890 890 890 889 889 890 890 890 890 890 889 889 889 889 889 889 888 888 888 888 888 888 888 888 888 1011 1011 1010 1009 1009 1009 1009 1009 1008 1008 1008 1008 864 863 863 827 827 827 827 827 827 827 827 827 827 827 827 827 827 827 827 827
886 886 887 887 887 888 888 888 888 889 889 889 889 889 889 889 890 890 890 890 891 890 890 890 891 891 891 890 890 891 890 890 890 890 891 891 891 890 890 891 891 891 891 891 890 890 891 891 891 891 890 890 889 890 890 890 889 889 889 889 889 889 1011 1011 1011 1011 1012 1010 1010 1010 1010 1010 1009 1009 865 865 865 827 827 827 827 827 827 827 827 827 827 827 827 827 827 827 827 827
888 888 888 888 889 889 889 889 889 889 889 890 890 890 891 891 891 891 891 891 891 891 892 892 892 892 891 892 892 892 892 893 893 892 891 891 892 892 892 892 892 891 892 892 892 892 892 892 891 892 892 892 892 892 891 890 890 890 891 891 890 890 1013 1013 1013 1012 1012 1012 1012 1011 1010 1010 1010 1010 866 865 865 865 827 827 827 827 827 827 827 827 827 827 827 827 827 827 827 827
889 889 890 889 889 890 890 890 890 891 891 891 891 892 891 891 892 892 892 892 893 893 893 892 893 893 893 893 893 894 894 893 893 893 894 894 894 893 892 893 893 893 893 893 893 893 893 893 893 893 893 892 892 893 893 893 893 891 891 891 891 891 891 1013 1013 1014 1014 1014 1013 1013 1013 1012 1012 1011 867 867 867 867 866 827 827 827 827 827 827 827 827 827 827 827 827 827 827 827
889 890 890 890 891 891 891 892 892 892 891 892 892 892 892 893 893 893 894 893 893 893 894 894 894 894 894 895 894 894 894 895 895 895 895 894 895 895 895 895 895 894 894 894 894 894 894 894 894 894 894 894 894 894 894 893 893 893 894 894 892 892 892 1015 1015 1015 1014 1014 1014 1014 1014 1013 1013 1012 868 868 867 867 867 827 827 827 827 827 827 827 827 827 827 827 827 827 827 827
891 891 892 892 892 891 892 892 892 893 893 893 893 894 894 894 893 894 894 894 895 895 895 895 895 895 895 895 895 896 896 896 895 895 896 896 896 896 896 897 896 896 896 896 896 896 895 895 895 895 895 895 894 895 895 895 895 895 894 894 894 894 893 1017 1016 1016 1016 1016 1016 1015 1015 1015 1015 1015 870 869 869 869 869 868 827 827 827 827 827 827 827 827 827 827 827 827 827 827
891 893 893 893 894 894 894 894 895 895 895 896 895 895 894 895 895 895 895 896 896 895 895 896 896 896 896 897 897 896 896 897 897 897 897 897 898 897 897 897 897 897 898 897 897 897 897 897 897 897 896 896 896 896 896 896 895 896 896 896 896 895 895 895 1018 1017 1017 1016 1016 1016 1016 1016 1015 1015 871 871 871 869 869 869 869 827 827 827 827 827 827 827 827 827 827 827 827 827
894 894 894 895 895 895 896 895 895 895 896 896 896 897 897 897 897 897 897 897 897 898 898 898 897 898 897 897 897 898 898 898 898 898 898 898 898 898 898 899 899 898 898 898 898 899 899 898 898 898 898 897 898 897 897 897 897 897 897 896 896 896 897 897 1019 1019 1019 1018 1018 1018 1017 1017 1017 1017 872 872 872 872 872 870 870 827 827 827 827 827 827 827 827 827 827 827 827 827
895 896 896 895 895 896 896 896 897 897 897 898 898 898 897 898 898 898 898 899 899 899 899 899 899 899 899 900 900 900 900 899 899 899 899 899 900 900 899 899 899 899 900 900 900 899 899 899 900 900 900 899 899 899 898 898 899 898 898 898 898 898 897 897 1020 1020 1020 1019 1019 1018 1018 1018 1018 1018 874 874 874 873 873 873 873 871 827 827 827 827 827 827 827 827 827 827 827 827
896 896 896 897 897 897 897 898 898 897 898 898 898 899 899 899 899 900 900 899 899 900 900 900 900 901 901 900 900 901 901 901 901 901 902 900 900 900 900 901 901 901 900 900 900 901 901 901 900 900 900 900 901 901 900 900 899 899 899 899 898 898 899 899 899 1021 1021 1021 1021 1021 1020 1019 1019 1019 875 874 874 874 874 874 873 873 872 827 827 827 827 827 827 827 827 827 827 866
897 897 898 898 898 898 898 898 899 899 899 899 900 900 900 900 900 900 900 901 901 901 901 902 901 901 901 902 902 902 902 903 902 902 902 902 903 903 903 901 901 901 902 902 902 902 901 901 902 902 902 902 901 901 901 901 902 901 901 900 900 900 900 899 899 1022 1022 1022 1021 1021 1022 1022 1022 1020 876 876 876 876 875 875 875 875 874 827 827 827 827 827 827 827 827 827 869 869
897 898 898 898 899 899 899 900 900 900 901 900 900 900 901 901 901 902 902 902 902 902 902 902 902 903 903 903 903 903 903 903 903 903 904 904 903 903 903 904 904 904 904 902 902 903 903 903 903 902 902 903 903 903 903 902 902 902 902 902 902 901 901 901 901 901 1023 1023 1023 1023 1023 1022 1022 1022 877 877 876 876 876 876 875 875 875 875 827 827 827 827 827 827 827 871 870 870
899 899 900 900 900 901 901 900 900 901 901 901 902 902 902 902 903 902 902 903 903 903 903 904 904 904 903 904 904 904 904 904 905 904 904 904 905 905 905 905 904 904 905 905 905 905 904 903 904 904 904 904 904 903 903 904 904 904 903 903 903 903 903 902 901 901 1024 1024 1025 1024 1024 1024 1024 1024 879 879 878 878 877 877 877 877 877 876 876 827 827 827 827 827 872 872 871 871
901 902 901 901 902 902 902 903 903 903 903 904 904 903 904 904 904 904 904 904 904 905 904 904 904 905 905 905 905 906 905 905 905 905 906 906 906 905 905 906 906 906 906 906 906 906 906 906 906 905 904 905 905 905 905 905 904 904 904 904 905 904 904 904 904 903 1026 1025 1025 1025 1025 1025 1024 1024 880 880 879 879 878 878 878 877 877 877 877 827 827 827 827 874 873 873 873 872
902 902 902 903 903 903 904 904 904 904 904 904 905 905 905 905 906 906 906 905 906 906 906 907 907 907 906 906 906 906 906 906 907 907 906 906 907 907 907 907 907 907 907 907 907 907 907 908 907 907 907 907 906 905 905 906 906 906 906 905 905 905 905 905 904 904 904 1027 1027 1026 1026 1026 1026 882 881 881 881 881 881 879 879 879 879 879 878 878 827 827 827 875 874 874 873 873
903 904 904 904 905 904 904 904 905 905 905 906 906 906 907 906 906 906 907 907 907 908 908 908 907 908 908 908 908 909 909 908 907 907 908 908 908 908 908 908 908 908 908 908 909 908 908 908 908 908 908 908 908 908 907 907 907 906 906 907 907 907 906 906 906 906 906 1028 1028 1027 1027 1027 1026 882 882 882 882 881 881 881 881 880 879 879 879 879 828 828 877 877 876 875 875 875
904 904 904 905 905 905 906 906 906 907 907 906 906 907 907 907 908 908 908 908 908 908 908 908 909 909 909 910 909 909 909 909 910 910 910 910 909 909 909 909 909 910 909 909 909 909 909 910 910 909 909 909 909 909 909 909 909 908 908 908 907 907 907 907 907 907 907 907 1030 1030 1029 1028 1028 884 884 883 883 883 883 883 882 882 882 881 880 880 880 879 877 877 877 877 876 875
