testData/tiles/oneDegreeCosts/grid28.0-48.0-29.0-49.0.asc
ncols   200
nrows   200
xllcorner   28.0
yllcorner   48.0
cellsize   0.005
NODATA_value   -9999.0
[rows 42 to 83 of 200, columns 0 to 93 of 200]
338 337 337 337 337 337 337 337 337 336 336 336 336 335 336 336 335 335 335 335 334 334 334 334 333 333 334 333 333 333 333 332 332 399 399 398 398 398 397 397 397 397 396 396 396 396 395 395 395 394 394 394 394 394 410 412 418 424 428 432 434 438 440 444 446 448 450 452 454 455 457 458 460 462 463 463 465 466 467 468 469 469 470 472 474 474 475 475 475 475 476 477 477 478
338 338 337 337 337 337 336 337 337 336 336 336 336 335 335 335 336 335 335 335 335 334 334 334 333 333 333 333 333 333 333 400 399 399 399 398 398 398 398 397 397 397 397 396 396 396 395 395 395 395 394 394 395 394 410 414 420 424 429 433 436 439 442 445 446 449 451 453 454 456 458 459 460 462 463 464 465 467 467 468 469 472 472 473 474 474 474 475 476 476 477 477 477 479
337 338 338 337 337 337 336 336 336 337 336 336 336 336 335 335 335 335 334 335 335 334 334 334 334 333 333 333 333 333 399 399 398 398 399 399 398 398 398 398 397 397 397 396 396 396 396 395 395 395 395 395 395 395 410 415 421 426 429 434 438 440 442 445 448 449 451 452 453 456 458 460 461 462 464 464 466 467 468 470 471 472 472 472 473 474 474 475 476 476 478 479 478 478
337 337 338 337 337 337 337 336 336 336 336 336 336 336 335 335 335 335 334 334 334 335 334 334 334 334 333 333 333 399 399 399 399 398 398 398 397 397 397 397 397 397 397 397 396 396 396 395 396 396 396 395 395 395 410 416 422 428 431 435 438 440 442 445 447 448 452 454 456 457 458 460 461 462 464 465 466 468 470 470 470 471 472 472 474 475 475 476 477 478 478 478 479 479
337 337 337 337 337 337 337 337 336 336 336 335 335 336 336 335 335 335 335 334 334 334 334 334 334 334 333 333 400 400 399 399 399 398 398 398 398 397 397 397 397 396 396 396 396 396 396 396 395 395 395 395 395 395 410 417 423 428 432 434 438 441 442 445 449 451 452 454 456 457 459 461 462 463 465 467 466 468 469 470 470 472 473 473 474 476 477 477 477 478 478 478 479 480
338 337 337 337 337 336 337 337 336 336 336 336 335 335 335 336 335 335 335 334 334 334 334 334 334 334 400 399 400 400 399 399 399 399 398 398 398 398 397 397 397 396 396 396 396 396 396 396 395 395 395 395 395 395 412 419 424 428 432 435 438 441 445 447 449 451 452 455 457 458 459 461 464 463 465 466 468 468 469 470 471 472 473 475 475 476 476 476 477 478 479 479 479 480
338 337 337 337 337 336 336 336 337 336 336 336 336 335 335 335 334 334 335 335 334 334 334 334 334 400 400 399 399 399 399 398 398 399 399 398 398 398 397 397 397 397 396 397 397 396 396 396 396 395 395 396 396 411 413 420 425 429 433 437 439 443 445 447 449 452 454 455 456 458 460 461 463 464 465 466 468 468 470 471 473 473 474 474 474 475 476 477 477 478 479 479 481 480
337 337 337 337 337 337 336 336 336 336 336 336 336 335 335 335 335 334 334 334 334 334 334 334 400 400 400 400 399 399 399 399 398 398 398 397 397 397 397 397 397 398 397 397 397 397 396 396 396 396 396 396 396 411 415 421 426 430 434 438 440 443 445 448 449 451 453 454 457 459 461 462 463 465 465 467 468 470 471 472 472 472 474 475 476 476 477 478 478 479 480 480 480 481
337 337 337 336 337 337 336 336 336 336 335 335 335 336 335 335 335 335 334 334 334 334 334 400 401 400 400 400 399 399 399 399 398 398 398 398 397 397 397 397 397 397 397 396 396 396 396 396 396 396 396 396 396 411 415 421 426 430 434 438 441 443 445 448 449 452 455 457 458 460 461 462 464 465 467 467 470 470 470 471 473 474 474 475 476 476 477 479 479 479 480 480 480 481
337 337 337 336 336 336 337 336 336 336 336 335 335 335 335 335 335 335 334 334 334 401 400 400 400 399 399 399 400 399 399 399 399 398 398 398 397 397 398 398 397 397 397 396 396 396 397 396 396 396 396 396 396 411 416 423 428 432 435 438 441 443 446 448 452 453 455 457 458 460 462 463 464 465 467 467 469 470 471 472 473 474 474 475 477 478 477 478 479 479 480 481 481 481
337 337 337 337 336 336 336 336 336 336 336 335 335 335 335 335 335 335 335 334 401 401 400 400 400 400 399 399 399 399 398 398 399 398 398 398 399 398 398 398 397 397 397 397 396 397 397 397 396 396 396 396 396 412 419 424 429 433 435 439 442 445 447 450 452 453 456 458 459 459 461 538 464 466 467 469 469 470 472 472 473 474 476 476 477 478 478 478 479 480 480 481 482 481
337 337 337 337 337 336 336 336 335 335 336 336 335 335 335 335 335 335 335 400 400 401 401 400 400 400 400 399 399 399 398 398 398 398 398 398 398 398 398 398 398 397 397 398 398 397 397 397 471 471 471 472 471 488 495 500 504 508 512 514 518 521 522 524 527 529 530 532 534 535 537 539 541 541 543 544 544 546 547 548 548 550 551 551 552 553 554 554 555 555 555 556 557 557
337 337 336 336 337 336 336 336 336 335 335 335 335 335 335 335 335 335 401 401 400 400 400 400 400 400 400 399 399 399 399 398 398 399 398 398 398 398 472 472 472 472 472 472 472 471 471 471 471 471 471 471 486 488 495 501 504 508 513 515 518 521 523 525 527 529 530 532 535 537 538 539 541 541 543 544 546 546 547 549 549 550 551 552 552 553 554 554 555 556 556 556 557 558
337 337 336 336 336 336 336 336 336 336 335 335 335 335 335 335 335 401 401 401 400 400 400 400 399 399 399 399 399 399 399 473 474 474 474 473 473 473 472 472 473 473 472 472 472 472 471 471 472 471 471 471 487 489 496 501 505 510 513 516 518 521 524 525 527 530 533 534 536 537 538 540 541 542 542 545 546 546 548 549 550 550 551 552 552 553 554 554 555 556 557 557 557 558
336 337 337 336 336 336 335 335 336 336 335 335 335 335 335 335 401 401 401 401 401 400 400 400 400 474 474 474 473 473 474 474 473 474 474 473 473 473 474 473 473 473 473 472 472 472 472 472 472 472 471 471 487 491 497 503 507 510 514 517 519 522 524 527 529 531 533 534 535 537 538 539 541 543 544 545 546 548 548 549 550 550 552 552 553 554 555 555 555 556 557 557 558 558
336 336 336 336 336 336 336 335 335 335 335 335 335 335 401 401 401 401 401 475 475 476 475 475 475 474 474 474 474 474 474 474 473 473 473 473 473 473 473 473 473 473 473 472 472 473 473 472 472 472 471 471 487 494 499 504 508 511 514 517 520 521 525 527 528 530 532 534 535 537 539 540 542 543 545 545 547 548 548 549 550 551 552 553 554 554 555 556 556 556 556 557 558 559
336 336 336 336 336 336 336 336 335 335 335 335 335 402 477 476 476 476 476 475 475 475 474 474 474 475 474 475 475 474 474 474 474 473 473 474 473 473 473 473 473 473 473 473 472 472 472 471 471 471 471 471 487 494 499 504 508 511 514 517 521 523 525 527 530 531 533 535 536 538 540 542 542 544 545 546 546 547 548 550 551 552 552 553 554 554 555 556 556 556 558 558 558 559
347 346 336 336 336 336 336 336 335 335 410 410 476 476 476 476 476 476 476 475 475 475 475 474 474 474 474 474 474 475 474 474 474 473 474 474 474 473 473 473 473 473 473 473 472 472 472 472 471 471 472 471 487 495 500 504 508 512 515 518 521 524 525 528 530 531 533 536 538 539 540 542 542 543 545 545 546 549 550 550 551 552 552 553 554 554 554 555 557 557 558 559 559 559
347 347 346 346 336 336 410 410 410 410 410 477 476 476 476 476 475 475 475 476 475 475 475 474 474 475 475 474 474 474 474 474 474 474 473 474 474 474 473 473 474 473 473 473 473 472 472 472 472 472 472 472 488 496 501 505 509 514 517 519 522 524 526 528 530 533 534 535 537 538 540 541 542 543 545 547 548 549 550 550 551 553 553 553 554 556 556 557 557 558 558 559 559 559
347 347 420 421 421 421 420 410 410 410 476 476 477 476 476 476 476 475 475 475 475 475 475 476 475 475 475 474 474 474 474 474 474 474 473 473 473 473 473 473 473 473 473 473 473 472 473 473 473 472 472 488 490 497 502 508 511 514 516 518 521 524 525 528 531 533 534 536 538 538 540 542 543 545 546 548 548 549 549 551 551 552 553 554 555 556 557 557 558 558 558 558 559 559
421 421 421 420 420 421 420 420 420 477 476 476 476 476 476 476 476 475 475 475 475 475 475 475 474 474 475 475 474 475 475 474 474 474 474 473 473 474 474 473 473 473 473 473 473 473 472 472 472 472 472 487 491 498 503 507 510 514 517 519 522 524 528 529 531 533 534 536 538 540 540 543 545 545 546 547 548 548 550 551 551 553 554 555 555 556 557 556 557 558 558 558 560 561
421 421 421 420 420 420 420 420 487 487 487 486 476 476 475 475 475 476 475 475 476 475 475 475 475 474 474 474 474 474 474 475 474 474 474 475 474 474 474 473 473 473 473 473 473 473 472 472 472 472 472 488 493 498 504 508 511 514 517 520 523 526 528 529 532 534 536 537 538 541 541 542 544 545 546 547 548 549 550 552 553 553 554 555 555 555 556 556 557 559 560 560 560 560
420 420 421 421 420 420 420 486 486 486 487 486 486 486 476 475 475 475 475 475 475 476 475 475 475 474 475 475 475 474 474 474 474 474 474 474 474 474 474 474 473 473 474 473 473 473 473 472 472 472 472 488 494 499 504 509 512 515 519 522 524 526 529 531 531 533 535 537 539 540 542 543 544 546 546 547 549 551 551 552 553 553 554 555 555 556 557 559 558 559 560 560 560 560
421 420 420 420 420 487 487 487 486 486 486 486 485 486 486 485 485 475 476 475 475 475 475 475 475 476 475 475 475 474 474 474 475 474 474 474 474 473 473 473 473 473 473 473 472 472 472 472 472 472 472 487 494 500 504 508 512 515 518 521 524 526 528 530 531 534 536 538 539 541 542 543 544 546 547 549 550 550 550 552 553 553 554 555 556 557 558 559 558 559 559 560 560 561
421 420 420 420 487 486 486 487 487 486 486 486 485 485 485 485 485 486 486 475 475 475 475 475 475 475 474 474 475 475 474 475 475 474 474 474 474 473 473 474 474 473 473 473 472 472 472 472 472 472 472 487 495 501 505 510 513 517 519 522 524 526 528 532 534 535 537 539 539 541 543 544 545 546 548 548 549 551 551 552 553 554 555 556 557 557 557 558 559 559 560 560 560 562
421 421 420 487 487 487 486 486 486 486 486 486 486 485 485 486 485 485 485 486 485 475 476 475 475 475 475 474 474 474 474 474 474 474 474 474 474 474 474 474 474 473 473 473 472 473 473 473 472 472 488 489 496 503 507 510 514 517 519 522 525 527 530 532 534 535 537 538 540 540 542 545 545 547 548 548 550 551 552 552 554 555 555 556 557 557 557 558 559 559 560 562 560 561
421 421 487 487 487 487 486 486 486 486 486 486 486 485 486 486 486 485 485 485 485 485 486 476 475 475 475 474 475 475 475 474 474 474 474 474 474 474 473 473 473 473 473 474 474 473 473 473 472 472 488 491 498 503 508 511 515 518 520 522 525 528 529 531 533 535 536 538 540 542 543 545 545 547 548 550 550 551 553 552 554 555 556 556 557 558 558 559 559 559 560 561 562 561
421 487 487 486 486 486 487 486 486 486 486 486 486 486 485 486 486 485 485 485 486 485 485 485 484 484 475 476 475 475 475 474 474 474 475 474 474 474 473 473 473 473 473 473 473 472 472 472 472 472 488 492 498 503 508 512 514 517 521 523 526 528 530 532 534 536 537 540 541 542 544 545 547 547 547 549 550 551 553 554 554 555 556 556 557 558 558 559 560 560 560 561 562 562
487 487 487 487 486 486 486 486 486 486 486 486 486 486 485 485 485 485 486 486 486 485 485 485 485 484 485 485 474 474 474 474 474 475 475 474 474 474 474 473 474 474 473 473 473 473 472 472 473 472 488 493 500 504 508 512 515 519 522 525 526 529 531 532 534 537 538 540 542 542 543 544 546 546 549 550 551 552 553 554 554 555 556 556 557 558 559 559 560 561 561 561 562 562
487 486 486 487 486 486 486 486 486 486 486 486 486 486 486 485 485 486 485 485 485 486 485 485 486 485 485 485 485 484 474 475 474 474 474 474 474 474 474 474 474 474 474 473 473 473 472 473 473 473 488 494 500 504 509 514 517 519 522 525 527 529 530 532 535 536 538 539 541 543 543 545 547 549 549 550 552 552 553 554 554 554 557 558 558 558 559 559 560 561 561 561 562 563
487 486 486 486 486 486 486 486 486 486 486 486 486 486 486 485 486 486 486 485 485 485 485 485 485 486 485 485 485 484 485 485 475 474 474 474 474 474 474 474 473 473 473 473 473 473 473 473 473 473 487 494 500 506 509 513 517 519 522 524 527 528 532 534 535 537 539 540 541 543 545 546 548 549 549 551 551 552 552 554 556 556 557 558 558 559 560 560 560 560 562 562 562 563
488 487 486 486 486 486 486 486 487 486 486 486 486 486 486 486 485 486 486 485 485 485 486 485 485 485 485 485 485 485 485 485 485 484 474 474 475 474 474 474 473 473 473 473 473 473 473 473 473 473 488 495 502 507 510 514 517 520 522 525 528 530 532 534 535 537 539 541 542 544 546 546 547 548 550 550 551 552 554 555 556 556 557 558 558 558 559 560 561 561 562 562 563 563
487 487 487 486 486 486 486 486 486 486 486 486 486 486 486 486 485 485 485 485 486 486 486 485 485 485 485 485 485 485 484 484 484 484 483 484 475 474 474 474 474 473 474 474 473 473 473 473 473 488 491 497 503 507 512 514 518 521 524 526 529 530 532 535 537 537 538 541 542 544 545 547 547 549 550 550 552 554 554 555 556 556 556 557 558 558 560 561 561 562 562 562 562 563
488 488 487 486 487 488 486 486 486 486 486 486 486 486 486 486 486 485 485 486 485 485 485 485 485 485 486 485 485 485 485 484 484 485 484 484 484 484 473 473 473 473 473 473 473 473 473 473 473 488 491 498 502 507 511 514 517 521 523 526 528 530 532 534 536 538 540 541 543 544 545 547 547 549 551 551 553 553 554 554 555 556 557 558 559 559 560 561 561 561 562 562 562 563
489 488 488 487 488 487 487 487 486 486 486 486 486 486 486 486 486 485 486 486 486 485 485 485 485 485 485 485 485 485 485 484 485 485 485 484 484 484 483 484 474 474 473 473 473 473 473 473 473 488 492 499 503 508 512 515 519 522 524 526 529 531 532 535 537 539 540 542 543 544 546 547 548 549 550 552 552 553 554 555 556 557 558 559 560 560 560 560 561 561 562 563 564 564
489 488 489 490 488 488 488 486 486 486 487 486 486 486 486 486 486 486 485 485 486 485 485 486 486 485 485 485 485 485 485 485 484 484 484 484 484 484 485 484 484 484 473 473 473 474 473 473 473 488 493 500 504 509 513 517 519 522 525 526 529 531 534 536 538 539 539 541 543 543 546 547 549 549 551 552 552 553 555 555 557 557 558 558 559 560 560 561 562 562 563 563 564 564
490 489 490 489 489 489 488 488 487 488 487 486 486 486 486 486 486 486 485 485 485 485 485 486 486 485 485 485 485 485 485 485 484 484 484 484 484 484 484 483 483 483 483 482 473 473 473 473 473 488 494 500 507 510 513 516 519 521 524 527 529 532 534 535 537 539 540 541 543 546 546 548 549 550 551 552 553 554 555 556 556 557 558 558 559 560 561 562 562 563 563 563 564 564
491 491 490 490 490 489 488 490 489 488 488 488 486 486 487 486 486 486 486 485 485 486 485 485 485 485 485 485 486 485 485 485 485 484 484 485 484 484 484 484 483 483 483 483 483 473 473 473 473 488 495 501 506 510 513 517 520 522 526 528 530 532 534 535 537 539 541 543 544 546 547 548 549 550 550 552 554 554 555 556 556 557 558 559 559 560 561 561 562 563 563 563 564 565
492 492 491 491 491 489 490 490 489 489 489 488 487 488 487 487 486 485 485 485 486 486 486 485 485 485 485 485 485 485 484 484 484 484 485 485 485 484 484 484 483 484 484 483 483 483 483 473 473 489 496 502 507 511 514 517 520 523 526 529 530 532 534 537 538 540 542 542 544 545 547 547 549 550 551 553 554 554 555 557 558 558 558 560 560 561 561 561 562 563 564 564 564 565
493 492 491 491 491 492 491 490 490 489 488 488 490 488 488 488 486 486 487 486 485 485 485 485 485 486 486 485 485 485 484 484 485 485 484 484 484 483 483 483 483 483 483 483 483 483 483 483 483 490 498 503 507 512 514 519 521 523 525 528 530 532 534 537 538 540 542 543 544 546 547 548 550 551 552 553 554 556 555 556 557 558 559 560 560 561 562 563 562 562 563 564 564 565
493 493 493 491 492 492 491 491 491 491 489 490 490 488 488 488 488 488 488 487 486 486 485 485 485 485 485 485 485 485 485 485 485 485 484 484 484 483 484 484 484 483 483 483 483 483 483 483 498 501 508 503 507 511 515 518 521 524 526 528 531 532 535 537 539 540 542 544 544 546 548 549 550 551 552 552 554 555 555 557 558 558 559 560 561 560 561 562 562 563 564 564 565 565
493 493 493 493 493 493 492 491 491 492 491 491 490 490 489 488 489 488 488 488 488 486 486 487 485 485 485 485 485 485 485 484 484 484 484 484 484 485 484 484 484 483 483 483 484 483 483 483 498 502 509 513 519 513 516 519 522 525 526 529 532 534 536 538 540 540 542 543 545 546 548 549 550 551 552 553 554 556 556 557 558 559 559 559 560 560 561 563 563 564 564 565 564 565
