testData/tiles/oneDegreeCosts/grid46.0-10.0-47.0-11.0.asc
ncols   200
nrows   200
xllcorner   46.0
yllcorner   10.0
cellsize   0.005
NODATA_value   -9999.0
[rows 84 to 125 of 200, columns 0 to 93 of 200]
529 529 528 527 526 526 525 524 522 521 520 520 519 518 516 515 515 515 549 548 548 548 548 548 548 548 548 548 547 547 546 546 547 547 548 548 548 548 548 549 549 549 550 550 549 550 549 550 550 550 551 551 551 551 551 584 584 584 584 584 585 584 584 585 585 585 585 585 584 584 584 585 585 584 584 585 585 585 585 584 584 584 584 585 584 584 584 584 515 515 515 515 515 515
529 529 528 527 526 526 525 523 521 520 519 519 518 517 516 515 515 515 550 548 548 548 548 548 547 547 547 547 547 546 546 546 546 547 547 547 548 548 547 547 547 548 548 548 549 549 548 549 549 550 550 549 550 550 549 583 583 583 583 584 584 583 584 583 583 583 584 584 583 584 584 584 584 585 583 583 583 584 584 583 583 584 584 583 582 582 583 583 515 515 515 515 515 515
528 528 527 526 525 525 524 523 522 520 519 519 518 517 516 515 515 515 549 547 547 547 547 547 547 547 547 547 547 546 546 546 545 545 545 546 546 546 546 546 547 547 547 548 548 547 548 547 548 548 548 549 549 549 549 582 582 581 582 582 582 583 582 582 583 583 583 583 582 582 582 582 583 583 582 582 583 583 582 582 582 582 582 582 583 582 582 582 515 515 515 515 515 515
528 528 527 526 525 525 524 523 522 519 518 518 517 516 515 515 515 515 549 548 547 547 547 547 547 546 546 546 546 546 545 545 545 545 545 545 545 546 546 544 545 545 546 546 546 547 547 546 547 547 548 547 547 548 548 580 580 581 581 581 582 582 581 581 581 581 581 582 582 581 582 582 582 581 582 581 581 581 582 582 581 581 581 581 581 580 580 581 515 515 515 515 515 515
528 527 526 525 524 524 523 522 521 520 519 518 517 516 515 515 515 515 548 547 547 546 546 546 546 546 546 546 546 546 545 545 544 544 544 544 544 544 544 544 544 544 545 545 546 545 545 546 545 545 546 546 546 547 547 579 580 579 579 580 580 580 580 580 580 581 581 580 580 580 580 580 580 581 581 580 580 580 580 580 580 580 580 580 580 581 579 579 515 515 515 515 515 515
528 527 526 525 524 524 523 522 521 520 519 517 516 515 515 515 515 549 548 547 547 546 546 546 546 545 545 545 545 545 545 544 544 544 544 544 544 544 544 543 542 543 543 543 544 544 545 545 544 545 545 544 545 545 545 579 578 578 579 579 579 580 579 578 579 579 579 579 580 580 579 580 579 579 579 580 579 579 579 580 580 578 578 578 579 579 578 578 515 515 515 515 515 515
528 527 525 524 523 523 522 521 520 519 519 517 516 515 515 515 515 549 547 546 546 546 545 545 545 545 545 545 545 545 545 544 543 543 543 543 543 543 543 543 542 542 542 543 542 542 543 543 544 543 543 544 544 544 545 578 577 577 577 577 578 578 578 578 578 578 577 578 578 578 578 578 578 578 579 578 577 577 578 578 578 578 578 578 577 577 578 577 515 515 515 515 515 515
527 526 525 524 523 523 522 521 520 519 518 517 515 515 515 515 515 548 547 546 546 546 545 545 545 544 544 544 544 544 544 544 543 543 543 543 543 542 542 542 542 541 541 541 541 542 542 542 543 541 542 542 542 543 543 576 577 576 576 577 576 576 577 577 576 576 577 577 577 577 576 576 576 577 577 577 576 577 576 576 576 577 576 576 576 577 576 575 515 515 515 515 515 515
528 526 524 523 523 522 521 520 519 518 518 517 515 515 515 515 515 547 546 545 545 545 545 544 544 544 544 544 544 544 543 543 542 542 542 542 542 542 542 542 542 541 540 540 540 540 540 541 541 540 541 541 541 541 541 575 575 574 575 575 575 575 576 575 575 575 575 575 576 576 576 575 575 575 575 575 576 575 575 576 576 575 574 574 575 575 575 575 515 515 515 515 515 515
527 525 524 523 523 522 521 520 519 517 517 516 515 515 515 515 515 547 546 545 545 545 545 543 543 543 543 543 543 543 543 543 543 542 542 541 541 541 541 541 541 541 540 540 540 540 540 539 539 540 539 539 540 540 540 574 574 573 573 573 573 574 574 574 575 574 573 574 574 574 574 574 574 574 574 574 574 573 574 574 574 574 575 573 573 573 573 574 515 515 515 515 515 515
526 525 523 522 522 521 520 519 518 517 517 516 515 515 515 515 515 546 545 544 544 544 544 544 543 543 543 543 542 542 542 542 542 541 541 541 541 541 541 540 540 540 539 539 539 539 539 539 539 539 537 537 538 538 539 572 572 573 572 572 572 572 572 573 573 572 572 573 572 572 573 573 572 572 573 573 573 573 572 572 572 573 573 572 571 572 572 572 515 515 515 515 515 515
526 525 523 522 522 521 519 518 517 516 516 515 515 515 515 515 515 546 545 544 543 543 543 543 542 542 542 542 542 542 542 542 541 541 540 540 540 540 540 540 540 540 540 538 538 538 538 538 538 538 538 537 537 536 537 570 570 571 571 570 571 571 570 571 571 571 571 571 571 572 571 571 570 571 571 571 572 572 570 570 571 571 571 571 571 571 571 571 515 515 515 515 515 515
525 524 523 521 521 520 519 518 517 516 516 515 515 515 515 515 515 545 544 543 543 543 543 543 542 541 541 541 541 541 541 541 541 541 540 539 539 539 539 539 539 539 539 538 538 538 537 537 537 537 537 536 536 536 536 568 569 569 569 569 569 569 570 570 569 570 569 569 569 570 570 570 570 569 569 569 570 570 570 570 570 570 570 571 570 570 570 571 515 515 515 515 515 515
525 524 522 520 520 519 518 517 516 516 515 515 515 515 515 515 545 544 543 542 542 542 542 542 542 541 541 540 540 540 540 540 540 540 540 539 539 539 538 538 538 538 538 538 537 537 537 537 536 536 536 536 535 535 535 568 568 567 567 567 567 567 568 568 568 568 567 567 568 568 568 569 569 568 568 569 569 569 570 569 569 569 570 570 570 569 570 570 515 515 515 515 515 515
524 523 522 521 520 519 517 516 515 515 515 515 515 515 515 515 545 544 543 541 541 541 541 541 541 541 540 540 540 540 539 539 539 539 539 538 538 538 538 538 537 537 537 537 536 536 536 536 536 536 535 535 534 534 534 567 567 567 566 566 565 566 566 566 567 567 567 567 567 567 567 568 568 567 568 568 568 568 569 568 568 569 569 569 569 569 569 569 515 515 515 515 515 515
523 522 521 520 519 518 517 516 515 515 515 515 515 515 515 515 544 543 542 541 541 541 540 540 540 540 539 539 539 539 539 539 538 538 538 538 537 537 537 537 537 537 536 536 535 535 535 535 535 535 535 534 534 534 534 566 566 566 566 566 565 565 565 565 566 566 566 566 566 566 567 567 567 567 567 567 567 568 568 568 567 568 568 568 568 568 568 568 515 515 515 515 515 515
522 521 520 519 519 517 516 515 515 515 515 515 515 515 515 515 543 542 541 540 540 540 540 540 539 539 538 538 538 538 538 538 538 538 537 537 536 536 536 536 536 536 536 535 535 534 534 534 534 534 534 534 534 534 534 566 566 566 566 566 566 565 565 565 565 565 565 566 565 565 566 566 566 567 566 566 566 567 567 567 567 567 567 567 568 568 567 567 515 515 515 515 515 515
522 521 520 518 518 517 515 515 515 515 515 515 515 515 515 515 543 541 540 539 539 539 539 539 539 538 538 537 537 537 537 537 537 537 537 536 535 535 535 535 535 535 535 535 535 534 534 534 534 534 534 534 534 534 534 566 566 566 566 566 566 565 565 565 565 565 565 565 565 565 565 565 565 566 566 565 566 566 566 566 567 566 566 567 567 567 566 567 515 515 515 515 515 515
521 520 519 518 518 516 515 515 515 515 515 515 515 515 515 515 542 540 539 538 538 538 538 538 538 538 537 536 536 536 536 536 536 536 536 536 536 535 535 535 535 535 535 535 535 535 534 534 534 534 534 534 534 534 534 566 566 566 566 566 566 566 565 565 565 565 565 565 565 564 564 564 565 565 565 565 565 565 565 566 566 565 565 566 566 566 566 566 515 515 515 515 515 515
520 519 518 517 517 516 515 515 515 515 515 515 515 515 515 515 542 540 538 537 537 537 537 537 537 537 537 537 536 536 536 536 536 536 536 536 536 535 535 535 535 535 535 535 535 535 534 534 534 534 534 534 534 534 534 566 566 566 566 566 566 566 565 565 565 565 565 565 565 564 564 564 564 564 564 565 564 564 564 565 565 565 565 565 565 565 566 565 515 515 515 515 515 515
519 518 517 516 516 515 515 515 515 515 515 515 515 515 515 515 541 540 538 537 537 537 537 537 537 537 537 537 536 536 536 536 536 536 536 536 536 536 535 535 535 535 535 535 535 535 535 534 534 534 534 534 534 534 534 566 566 566 566 566 566 566 565 565 565 565 565 565 565 564 564 564 564 564 564 564 563 563 563 564 564 564 564 547 547 547 548 547 515 515 515 515 515 515
515 515 516 515 515 515 515 515 515 515 515 515 515 515 515 515 541 540 539 537 537 537 537 537 537 537 537 537 537 536 536 536 536 536 536 536 536 536 535 535 535 535 535 535 535 535 535 534 534 534 534 534 534 534 534 566 566 566 566 566 566 566 566 565 565 565 565 565 565 565 564 564 564 564 564 564 546 546 546 546 546 546 546 546 546 546 547 547 515 515 515 515 515 515
515 515 515 515 515 515 515 515 515 515 515 515 515 515 515 515 541 540 539 537 537 537 537 537 537 537 537 537 537 536 536 536 536 536 536 536 536 536 536 535 535 535 535 535 535 535 535 535 534 534 534 534 534 534 534 567 566 566 566 566 566 566 566 565 565 565 565 565 548 548 547 547 547 547 547 547 547 546 546 546 546 546 546 545 545 546 546 546 515 515 515 515 515 515
515 515 515 515 515 515 515 515 515 515 515 515 515 515 515 515 541 540 539 537 537 537 537 537 537 537 537 537 537 537 536 536 536 536 536 536 536 536 536 535 535 535 535 535 535 535 535 535 534 534 534 534 534 534 534 567 566 566 566 566 566 549 549 549 548 548 548 548 548 548 548 547 547 547 547 547 547 546 546 546 546 546 546 545 545 545 545 545 515 515 515 515 515 515
515 515 515 515 515 515 515 515 515 515 515 515 515 515 515 542 541 540 539 538 537 537 537 537 537 537 537 537 537 537 536 536 536 536 536 536 536 536 536 536 535 535 535 535 535 535 535 535 534 534 534 534 518 518 518 550 550 549 549 549 549 549 549 549 548 548 548 548 548 548 548 547 547 547 547 547 547 547 546 546 546 546 546 545 545 545 545 545 515 515 515 515 515 515
515 515 515 515 515 515 515 515 515 515 515 515 515 515 515 542 541 540 539 538 537 537 537 537 537 537 537 537 537 537 537 536 536 536 536 536 536 536 536 536 535 535 535 518 518 518 518 518 518 518 518 518 518 518 518 550 550 549 549 549 549 549 549 549 549 548 548 548 548 548 548 547 547 547 547 547 547 547 546 546 546 546 546 546 545 545 545 545 515 515 515 515 515 515
515 515 515 515 515 515 515 515 515 515 515 515 515 515 515 542 541 540 539 538 538 537 537 537 537 537 537 537 537 537 537 536 536 536 519 519 519 519 519 519 518 518 518 518 518 518 518 518 518 518 518 518 518 518 518 550 550 549 549 549 549 549 549 549 549 548 548 548 548 548 548 548 547 547 547 547 547 547 546 546 546 546 546 546 545 545 545 545 515 515 515 515 515 515
515 515 515 515 515 515 515 515 515 515 515 515 515 515 515 542 541 540 539 538 538 537 537 537 520 520 520 520 520 520 520 519 519 519 519 519 519 519 519 519 519 518 518 518 518 518 518 518 518 518 518 518 518 518 518 550 550 550 549 549 549 549 549 549 549 548 548 548 548 548 548 548 547 547 547 547 547 547 547 546 546 546 546 546 546 545 545 545 515 515 515 515 515 515
515 515 515 515 515 515 515 515 515 515 515 515 515 515 515 515 524 523 522 521 521 521 520 520 520 520 520 520 520 520 520 520 519 519 519 519 519 519 519 519 519 518 518 518 518 518 518 518 518 518 518 518 518 518 550 550 550 550 549 549 549 549 549 549 549 549 548 548 548 548 548 548 548 547 547 547 547 547 547 546 546 546 546 546 546 545 545 545 515 515 515 515 515 515
515 515 515 515 515 515 515 515 515 515 515 515 515 515 515 515 515 515 522 521 521 521 520 520 520 520 520 520 520 520 520 520 519 519 519 519 519 519 519 519 519 519 518 518 518 518 518 518 518 518 518 518 518 518 518 550 550 550 550 549 549 549 549 549 549 549 548 548 548 548 548 548 548 547 547 547 547 547 547 546 546 546 546 546 546 545 545 545 515 515 515 515 515 515
515 515 515 515 515 515 515 515 515 515 515 515 515 515 515 515 515 515 515 515 515 521 521 520 520 520 520 520 520 520 520 520 520 519 519 519 519 519 519 519 519 519 518 518 518 518 518 518 518 518 518 518 518 518 518 550 550 550 550 549 549 549 549 549 549 549 549 548 548 548 548 548 548 547 547 547 547 547 547 547 546 546 546 546 546 546 545 545 515 515 515 515 515 515
515 515 515 515 515 515 515 515 515 515 515 515 515 515 515 515 515 515 515 515 515 515 515 520 520 520 520 520 520 520 520 520 520 519 519 519 519 519 519 519 519 519 519 518 518 518 518 518 518 518 518 518 518 518 518 550 550 550 550 549 549 549 549 549 549 549 549 548 548 548 548 548 548 548 547 547 547 547 547 547 546 546 546 546 546 546 545 545 515 515 515 515 515 515
515 515 515 515 515 515 515 515 515 515 515 515 515 515 515 515 515 515 515 515 515 515 515 515 515 515 520 520 520 520 520 520 520 520 519 519 519 519 519 519 519 519 519 518 518 518 518 518 518 518 518 518 518 518 518 550 550 550 550 550 549 549 549 549 549 549 549 548 548 548 548 548 548 548 547 547 547 547 547 547 547 546 546 546 546 546 546 545 515 515 515 515 515 515
515 515 515 515 515 515 515 515 515 515 515 515 515 515 515 515 515 515 515 515 515 515 515 515 515 515 515 515 520 520 520 520 520 520 519 519 519 519 519 519 519 519 519 518 518 518 518 518 518 518 518 518 518 518 518 550 550 550 550 550 549 549 549 549 549 549 549 549 548 548 548 548 548 548 548 547 547 547 547 547 547 546 546 546 546 546 546 545 515 515 515 515 515 515
515 515 515 515 515 515 515 515 515 515 515 515 515 515 515 515 515 515 515 515 515 515 515 515 515 515 515 515 515 515 515 520 520 520 519 519 519 519 519 519 519 519 519 519 518 518 518 518 518 518 518 518 518 518 518 550 550 550 550 550 550 549 549 549 549 549 549 549 548 548 548 548 548 548 548 547 547 547 547 547 547 546 546 546 546 546 546 545 515 515 515 515 515 515
515 515 515 515 515 515 515 515 515 515 515 515 515 515 515 515 515 515 515 515 515 515 515 515 515 515 515 515 515 515 515 515 515 520 520 519 519 519 519 519 519 519 519 519 518 518 518 518 518 518 518 518 518 518 518 550 550 550 550 550 550 549 549 549 549 549 549 549 548 548 548 548 548 548 548 547 547 547 547 547 547 547 546 546 546 546 546 546 515 515 515 515 515 515
515 515 515 515 515 515 515 515 515 515 515 515 515 515 515 515 515 515 515 515 515 515 515 515 515 515 515 515 515 515 515 515 515 515 515 515 519 519 519 519 519 519 519 519 519 518 518 518 518 518 518 518 518 518 518 550 550 550 550 550 550 549 549 549 549 549 549 549 549 548 548 548 548 548 548 548 547 547 547 547 547 547 546 546 546 546 546 546 515 515 515 515 515 515
515 515 515 515 515 515 515 515 515 515 515 515 515 515 515 515 515 515 515 515 515 515 515 515 515 515 515 515 515 515 515 515 515 515 515 515 515 515 515 519 519 519 519 519 519 518 518 518 518 518 518 518 518 518 518 550 550 550 550 550 550 550 549 549 549 549 549 549 549 548 548 548 548 548 548 548 547 547 547 547 547 547 546 546 546 546 546 546 515 515 515 515 515 515
515 515 515 515 515 515 515 515 515 515 515 515 515 515 515 515 515 515 515 515 515 515 515 515 515 515 515 515 515 515 515 515 515 515 515 515 515 515 515 515 515 519 519 519 519 518 518 518 518 518 518 518 518 518 518 550 550 550 550 550 550 550 549 549 549 549 549 549 549 549 548 548 548 548 548 548 547 547 547 547 547 547 547 546 546 546 546 546 515 515 515 515 515 515
515 515 515 515 515 515 515 515 515 515 515 515 515 515 515 515 515 515 515 515 515 515 515 515 515 515 515 515 515 515 515 515 515 515 515 515 515 515 515 515 515 515 515 515 519 519 518 518 518 518 518 518 518 518 518 550 550 550 550 550 550 550 549 549 549 549 549 549 549 549 548 548 548 548 548 548 548 547 547 547 547 547 547 546 546 546 546 546 515 515 515 515 515 515
554 554 553 552 550 550 549 548 547 546 545 545 544 515 515 515 515 515 515 515 515 515 515 515 515 515 515 515 515 515 515 515 515 515 515 515 515 515 515 515 515 515 515 515 515 515 515 518 518 518 518 518 518 518 518 550 550 550 550 550 550 550 550 549 549 549 549 549 549 549 548 548 548 548 548 548 548 547 547 547 547 547 547 547 546 546 546 546 515 515 515 515 515 515
554 554 553 552 551 550 549 548 547 546 545 545 544 543 542 579 578 576 575 574 574 574 574 574 574 574 515 515 515 515 515 515 515 515 515 515 515 515 515 515 515 515 515 515 515 515 515 515 515 515 518 518 518 518 518 550 550 550 550 550 550 550 550 549 549 549 549 549 549 549 549 548 548 548 548 548 548 548 547 547 547 547 547 547 546 546 546 546 515 515 515 515 515 515
