testData/tiles/oneDegreeCosts/grid32.0-42.0-33.0-43.0.asc
ncols   200
nrows   200
xllcorner   32.0
yllcorner   42.0
cellsize   0.005
NODATA_value   -9999.0
[rows 126 to 167 of 200, columns 94 to 187 of 200]
177 178 178 179 179 180 181 182 182 183 183 184 184 185 185 186 187 187 188 188 188 188 189 189 190 190 191 191 192 192 193 193 194 195 196 196 197 197 198 199 199 200 200 201 201 202 202 203 203 203 203 204 204 205 205 206 206 207 207 208 208 209 209 210 210 211 211 212 212 213 213 214 214 215 215 215 215 216 216 217 217 218 218 219 219 220 220 221 221 222 222 222 223 223
177 177 178 179 179 180 181 182 182 183 183 184 184 185 185 186 186 187 186 187 187 188 188 189 190 190 191 191 192 192 193 193 194 195 196 196 197 197 198 198 199 199 200 200 201 201 202 202 202 202 203 203 204 204 205 205 206 206 207 208 208 209 209 210 210 211 211 212 212 213 213 213 214 214 214 214 215 215 216 216 217 217 218 218 219 219 220 220 221 221 222 222 223 223
177 177 178 178 179 179 181 181 182 183 183 184 184 185 185 186 186 186 186 187 187 188 188 189 189 190 190 191 191 192 192 193 194 195 196 196 197 197 198 198 199 199 200 200 201 201 202 201 202 202 203 203 204 204 205 205 206 206 207 207 208 208 209 209 210 210 211 211 212 212 213 213 214 213 214 214 215 215 216 216 217 217 218 218 219 219 220 220 220 221 221 222 222 223
177 177 178 178 179 179 181 181 182 182 183 183 184 184 185 184 185 186 186 187 187 188 188 189 189 190 190 191 191 192 192 193 193 195 195 196 196 197 197 198 198 199 199 200 200 201 200 201 202 202 203 203 204 204 205 205 206 206 207 207 208 208 209 209 210 210 211 211 212 212 213 213 212 213 213 214 214 215 215 216 216 217 217 218 218 219 219 220 220 221 221 222 222 223
176 177 178 178 179 179 181 181 182 182 183 183 184 184 184 184 185 185 186 186 187 187 188 188 189 190 190 191 191 192 192 193 193 195 195 196 196 197 197 198 198 199 199 200 200 200 200 201 201 202 202 203 203 204 204 205 205 206 206 207 207 208 208 209 209 210 210 211 211 212 212 212 212 213 213 214 214 215 215 216 216 217 217 218 218 218 219 219 220 220 221 221 222 222
176 177 177 178 178 179 180 181 181 182 183 183 183 183 184 184 185 185 186 186 187 187 188 188 189 189 190 190 191 191 192 192 193 194 195 195 196 196 197 198 198 199 199 199 199 200 200 201 201 202 202 203 203 204 204 205 205 206 206 207 207 208 208 209 209 210 210 211 211 212 211 211 212 212 213 213 214 214 215 215 216 216 217 217 218 218 219 219 220 220 221 221 221 222
176 177 177 178 178 179 180 181 181 182 181 182 182 183 183 184 184 185 186 186 187 187 188 188 189 189 190 190 191 191 192 192 193 194 195 195 196 196 197 197 198 198 198 198 199 199 200 200 201 201 202 202 203 203 204 204 205 205 206 206 207 207 208 208 209 209 210 210 211 210 211 211 212 212 213 213 214 214 215 215 216 216 217 217 217 218 218 219 219 220 220 221 221 222
176 176 177 178 178 179 180 181 181 181 181 182 182 183 183 184 184 185 185 186 186 187 187 188 188 189 189 190 190 191 191 192 193 194 195 195 196 196 197 197 198 197 198 198 199 199 200 200 201 201 202 202 203 203 204 204 205 205 206 206 207 207 208 208 209 209 210 210 210 210 210 211 211 212 212 213 213 214 214 215 215 216 216 217 217 218 218 219 219 219 220 220 221 220
176 176 177 177 178 178 180 179 180 180 181 182 182 183 183 184 184 185 185 186 186 187 187 188 188 189 189 190 190 191 191 192 193 194 194 195 195 196 196 197 196 197 197 198 198 199 199 200 200 201 201 202 202 203 203 204 204 205 205 206 206 207 207 208 208 209 209 209 209 210 210 211 211 212 212 213 213 214 214 215 215 215 216 216 217 217 218 218 219 219 220 220 221 220
176 176 177 177 178 177 179 179 180 180 181 181 182 182 183 183 184 184 185 185 186 186 187 188 188 189 189 190 190 191 191 192 193 194 194 195 195 196 195 196 196 197 197 198 198 199 199 200 200 201 201 202 202 203 203 204 204 205 205 206 206 207 207 208 208 209 208 209 209 209 210 210 211 211 212 212 213 213 214 214 215 215 216 216 217 217 217 218 218 219 219 220 219 220
175 176 176 176 177 177 179 179 180 180 181 181 182 182 183 183 184 184 185 185 186 186 187 187 188 188 189 189 190 190 191 191 193 193 194 194 195 194 195 195 196 196 197 197 198 198 199 199 200 200 201 201 202 202 203 203 204 204 205 205 206 206 207 207 208 207 208 208 209 209 210 210 211 211 212 212 213 213 213 214 214 215 215 216 216 217 217 218 218 219 219 218 219 219
175 176 175 176 176 177 178 179 179 180 180 181 181 182 182 183 184 184 185 185 186 186 187 187 188 188 189 189 190 190 191 191 193 193 194 194 194 194 195 195 196 196 197 197 198 198 199 199 200 200 201 201 202 202 203 203 204 204 205 205 206 206 207 207 207 207 208 208 208 209 209 210 210 211 211 212 212 213 213 214 214 215 215 216 216 216 217 217 218 218 218 218 219 219
174 175 175 176 176 178 178 179 179 180 180 181 181 182 182 183 183 184 184 185 185 186 186 187 187 188 188 189 189 190 190 191 192 193 193 193 193 194 194 195 195 196 196 197 197 198 198 199 199 200 200 201 201 202 202 203 203 204 204 205 205 206 206 206 206 207 207 208 208 209 209 210 210 211 211 211 212 212 213 213 214 214 215 215 216 216 217 217 217 217 217 218 218 219
174 174 175 175 176 177 178 178 179 180 180 181 181 182 182 183 183 184 184 185 185 186 186 187 187 188 188 189 189 190 190 191 192 192 192 193 193 194 194 195 195 196 196 197 197 198 198 199 199 200 200 201 201 202 202 203 203 204 204 205 205 206 205 206 206 206 207 207 208 208 209 209 210 210 211 211 212 212 213 213 214 214 214 215 215 216 216 217 216 217 217 217 218 218
174 174 175 175 176 177 178 178 179 179 180 180 181 181 182 182 183 183 184 184 185 185 186 186 187 187 188 188 189 190 190 191 191 192 192 193 193 194 194 195 195 196 196 197 197 197 198 198 199 199 200 200 201 201 202 202 203 203 204 204 205 204 205 205 206 206 207 207 208 208 209 209 210 210 210 211 211 212 212 213 213 214 214 215 215 215 216 215 216 216 217 217 218 218
173 174 175 175 176 177 178 178 179 179 180 180 181 181 182 182 183 183 184 184 185 185 186 186 187 187 188 188 189 189 189 189 191 191 192 192 193 193 194 194 195 195 196 196 197 197 198 198 199 199 200 200 201 201 202 202 203 203 204 204 204 204 204 205 205 206 206 207 207 208 208 209 209 210 210 211 211 212 212 212 213 213 214 214 215 215 215 215 215 216 216 217 217 218
173 174 174 175 175 177 177 178 178 179 179 180 180 181 181 182 182 183 184 184 185 185 186 186 187 187 188 188 189 188 189 189 191 191 192 192 193 193 194 194 195 195 196 196 197 197 197 198 198 199 199 200 200 201 201 202 202 203 203 203 203 204 204 205 205 206 206 207 207 208 208 208 209 209 210 210 211 211 212 212 213 213 213 214 214 214 214 215 215 216 216 216 217 217
173 174 174 175 175 177 177 178 178 179 179 180 180 181 181 182 182 183 183 184 184 185 185 186 186 187 187 188 187 188 188 189 190 191 191 192 192 193 193 194 194 195 195 196 196 197 197 198 198 199 199 200 200 201 201 202 202 203 202 203 203 203 204 204 205 205 206 206 207 207 208 208 209 209 210 210 210 211 211 212 212 213 213 214 213 214 214 214 215 215 216 216 217 217
173 173 174 174 175 176 177 177 178 179 179 180 180 181 181 182 182 183 183 184 184 185 185 186 186 187 186 187 187 188 188 189 190 191 191 192 192 193 193 194 194 195 195 196 196 196 197 197 198 198 199 199 200 200 201 201 202 201 202 202 203 203 204 204 205 205 206 206 206 207 207 208 208 209 209 210 210 211 211 212 212 212 213 212 213 213 214 214 214 215 215 216 216 217
173 173 174 174 175 176 177 177 178 178 179 179 180 180 181 181 182 182 183 183 184 184 185 185 185 185 186 186 187 187 188 189 190 190 191 191 192 192 193 193 194 194 195 195 196 196 197 197 198 198 199 199 200 200 201 200 201 201 201 202 202 203 203 204 204 205 205 206 206 207 207 208 208 208 209 209 210 210 211 211 212 212 212 212 212 213 213 214 214 215 215 215 216 216
173 173 174 174 175 176 177 177 178 178 179 179 180 180 181 181 182 182 183 183 184 184 185 184 185 185 186 186 187 187 188 189 190 190 191 191 192 192 193 193 194 194 195 195 195 196 196 197 197 198 198 199 199 200 199 200 200 201 201 202 202 203 203 204 204 204 205 205 206 206 207 207 208 208 209 209 210 210 210 211 211 212 211 212 212 213 213 213 214 214 215 215 216 216
172 173 173 174 174 176 176 177 177 178 178 179 179 180 180 181 181 182 182 183 183 183 183 184 184 185 185 186 186 187 187 189 189 190 190 191 191 192 192 193 193 194 194 195 195 196 196 197 197 198 198 199 199 199 199 200 200 200 201 201 202 202 203 203 204 204 205 205 206 206 206 207 207 208 208 209 209 210 210 211 211 210 211 211 212 212 213 213 213 214 214 215 215 216
172 173 173 174 174 176 176 177 177 178 178 179 179 180 180 181 181 182 182 183 182 183 183 184 184 185 185 186 186 187 187 189 189 190 190 191 191 192 192 193 193 194 194 194 195 195 196 196 197 197 198 198 198 198 199 199 200 200 201 201 202 202 203 203 203 204 204 205 205 206 206 207 207 208 208 208 209 209 210 209 210 210 211 211 211 212 212 213 213 214 214 214 215 215
172 172 173 173 174 175 176 176 177 177 178 178 179 179 180 180 181 181 181 181 182 182 183 183 184 184 185 185 186 186 187 188 189 189 190 190 191 191 192 192 193 193 194 194 195 195 196 196 197 197 198 197 198 198 198 199 199 200 200 201 201 202 202 203 203 204 204 205 205 205 206 206 207 207 208 208 209 209 208 209 209 210 210 211 211 211 212 212 213 213 214 214 214 215
172 172 173 173 174 175 176 176 177 177 178 178 179 179 180 180 180 180 181 181 182 182 183 183 184 184 185 185 186 186 187 188 189 189 190 190 191 191 192 192 193 193 193 194 194 195 195 196 196 196 196 197 197 198 198 199 199 200 200 201 201 201 202 202 203 203 204 204 205 205 206 206 206 207 207 208 208 208 208 209 209 209 210 210 211 211 212 212 212 213 213 214 214 215
171 172 172 173 173 175 175 176 176 177 177 178 178 179 178 179 179 180 180 181 181 182 182 183 183 184 184 185 185 186 186 188 188 189 189 190 190 191 191 192 192 193 193 194 194 195 195 196 195 196 196 196 197 197 198 198 199 199 200 200 201 201 202 202 203 203 203 204 204 205 205 206 206 207 207 207 207 207 208 208 209 209 210 210 210 211 211 212 212 212 213 213 214 214
171 172 172 173 173 175 175 176 176 177 177 178 178 178 178 179 179 180 180 181 181 182 182 183 183 184 184 185 185 186 186 188 188 189 189 190 190 191 191 191 192 192 193 193 194 194 195 194 195 195 196 196 197 197 198 198 199 199 199 200 200 201 201 202 202 203 203 204 204 204 205 205 206 206 207 206 207 207 207 208 208 209 209 210 210 210 211 211 212 212 213 213 213 214
171 172 172 173 173 175 175 176 176 177 177 177 177 178 178 179 179 180 180 180 181 181 182 182 183 183 184 184 185 185 186 187 188 188 189 189 190 190 191 191 192 192 193 193 194 193 194 194 195 195 195 196 196 197 197 198 198 199 199 200 200 201 201 201 202 202 203 203 204 204 205 205 205 206 205 206 206 207 207 208 208 208 209 209 210 210 211 211 211 212 212 213 213 213
171 171 172 172 173 174 175 175 176 175 176 176 177 177 178 178 179 179 180 180 181 181 182 182 183 183 184 184 185 185 186 187 188 188 189 189 190 190 190 191 191 192 192 193 192 193 193 194 194 195 195 196 196 197 197 197 198 198 199 199 200 200 201 201 202 202 202 203 203 204 204 205 205 205 205 205 206 206 207 207 208 208 208 209 209 210 210 211 211 211 212 212 213 213
171 171 172 172 173 174 175 174 175 175 176 176 177 177 178 178 179 179 180 180 180 181 181 182 182 183 183 184 184 185 185 187 187 188 188 189 189 190 190 191 191 192 192 192 192 193 193 193 194 194 195 195 196 196 197 197 198 198 199 199 199 200 200 201 201 202 202 203 203 204 204 204 204 204 205 205 206 206 206 207 207 208 208 209 209 209 210 210 211 211 211 212 212 213
170 171 171 172 172 173 173 174 174 175 175 176 176 177 177 178 178 179 179 180 180 181 181 182 182 183 183 184 184 185 185 187 187 188 188 188 189 189 190 190 191 190 191 191 192 192 193 193 194 194 195 195 195 196 196 197 197 198 198 199 199 200 200 201 201 201 202 202 203 203 204 203 203 204 204 205 205 206 206 207 207 207 208 208 209 209 209 210 210 211 211 211 212 212
170 171 171 171 172 173 173 174 174 175 175 176 176 177 177 178 178 179 179 179 180 180 181 181 182 182 183 183 184 184 185 186 187 187 188 188 189 189 190 190 190 190 191 191 191 192 192 193 193 194 194 195 195 196 196 197 197 197 198 198 199 199 200 200 201 201 202 202 202 203 202 203 203 204 204 204 205 205 206 206 207 207 207 208 208 209 209 209 210 210 211 211 211 212
170 169 170 170 172 172 173 173 174 174 175 175 176 176 177 177 178 178 179 179 180 180 181 181 182 182 183 183 184 184 185 186 187 187 187 188 188 189 188 189 189 190 190 191 191 192 192 193 193 194 194 194 195 195 196 196 197 197 198 198 199 199 199 200 200 201 201 202 202 202 202 202 203 203 204 204 205 205 205 206 206 207 207 207 208 208 209 209 209 210 210 211 211 211
169 169 170 170 172 172 173 173 174 174 175 175 176 176 177 177 178 178 178 179 179 180 180 181 181 182 182 183 183 184 184 186 186 187 187 188 188 188 188 189 189 189 190 190 191 191 192 192 193 193 194 194 195 195 195 196 196 197 197 198 198 199 199 200 200 200 201 200 201 201 202 202 202 203 203 204 204 205 205 205 206 206 207 207 208 208 208 209 209 210 210 210 211 211
168 169 169 170 171 172 172 173 173 174 174 175 175 176 176 177 177 178 178 179 179 180 180 181 181 182 182 183 183 184 184 185 186 186 187 186 187 187 188 188 189 189 190 190 191 191 192 192 192 193 193 194 194 195 195 196 196 197 197 197 198 198 199 199 200 200 200 200 200 201 201 202 202 203 203 203 204 204 205 205 205 206 206 207 207 208 208 208 209 209 210 210 210 211
168 169 169 170 171 172 172 173 173 174 174 175 175 176 176 177 177 177 178 178 179 179 180 180 181 181 182 182 183 183 185 185 186 186 186 186 187 187 188 188 188 189 189 190 190 191 191 192 192 193 193 194 194 194 195 195 196 196 197 197 198 198 198 199 199 199 199 200 200 200 201 201 202 202 203 203 203 204 204 205 205 206 206 206 207 207 208 208 208 209 209 210 210 209
168 168 169 169 171 171 172 172 173 173 174 174 175 175 176 176 177 177 178 178 179 179 180 180 181 181 182 182 183 183 184 185 184 185 185 186 186 187 187 188 188 189 189 190 190 190 191 191 192 192 193 193 194 194 195 195 195 196 196 197 197 198 198 199 198 198 199 199 200 200 201 201 201 202 202 203 203 204 204 204 205 205 206 206 206 207 207 208 208 208 209 209 209 209
168 168 169 169 171 171 172 172 173 173 174 174 175 175 176 176 176 177 177 178 178 179 179 180 180 181 181 182 182 183 183 184 184 185 185 186 186 186 187 187 188 188 189 189 190 190 191 191 192 192 192 193 193 194 194 195 195 196 196 196 197 197 198 197 198 198 199 199 199 200 200 201 201 201 202 202 203 203 204 204 204 205 205 206 206 206 207 207 208 208 208 208 208 209
167 168 168 169 170 171 171 172 172 173 173 174 174 175 175 176 176 177 177 178 178 179 179 180 180 181 181 181 182 181 183 183 184 184 185 185 186 186 187 187 188 188 188 189 189 190 190 191 191 192 192 193 193 193 194 194 195 195 196 196 197 196 196 197 197 198 198 199 199 199 200 200 201 201 202 202 202 203 203 204 204 204 205 205 206 206 206 207 207 207 207 207 208 208
167 168 168 169 170 171 171 172 172 173 173 174 174 175 175 175 176 176 177 177 178 178 179 179 180 180 181 180 181 181 183 183 184 184 184 185 185 186 186 187 187 188 188 189 189 190 190 190 191 191 192 192 193 193 194 194 194 195 195 196 195 196 196 197 197 197 198 198 199 199 200 200 200 201 201 202 202 202 203 203 204 204 204 205 205 206 206 206 206 206 207 207 207 208
167 167 168 168 170 170 171 171 172 172 173 173 174 174 175 175 176 176 177 177 178 178 179 179 179 179 179 180 180 181 182 183 183 184 184 185 185 186 186 186 187 187 188 188 189 189 190 190 191 191 191 192 192 193 193 194 194 195 195 194 195 195 196 196 197 197 197 198 198 199 199 200 200 200 201 201 202 202 202 203 203 204 204 204 205 205 206 205 205 206 206 207 207 207
167 167 168 168 170 170 171 171 172 172 173 173 173 174 174 175 175 176 176 177 177 178 178 179 178 179 179 180 180 181 182 182 183 183 184 184 185 185 186 186 187 187 188 188 188 189 189 190 190 191 191 192 192 192 193 193 194 193 194 194 195 195 195 196 196 197 197 198 198 198 199 199 200 200 200 201 201 202 202 202 203 203 204 204 204 205 204 205 205 205 206 206 207 207
