testData/tiles/oneDegreeCosts/grid27.0-34.0-28.0-35.0.asc
ncols   200
nrows   200
xllcorner   27.0
yllcorner   34.0
cellsize   0.005
NODATA_value   -9999.0
[rows 0 to 41 of 200, columns 94 to 187 of 200]
770 771 771 772 772 773 773 774 774 775 775 776 776 776 777 777 778 778 779 779 780 780 781 781 782 783 783 783 783 784 784 785 785 786 786 787 787 788 787 788 789 789 790 790 791 791 791 791 792 792 793 793 794 794 794 794 795 795 625 625 626 625 626 627 627 628 628 628 628 629 629 630 630 630 630 631 631 632 632 632 632 633 633 634 633 634 634 635 635 635 635 636 636 637
770 769 770 770 771 771 772 773 773 774 774 775 775 776 776 777 777 778 778 779 780 780 780 780 781 781 782 782 783 783 784 784 785 786 785 786 786 787 787 788 788 789 789 789 789 790 790 791 791 792 792 792 793 793 794 794 795 624 624 624 625 625 626 626 627 626 627 627 628 628 629 628 629 629 630 630 631 630 631 631 632 632 632 632 633 633 634 633 634 634 635 635 635 635
769 769 770 770 771 771 772 772 773 773 774 774 775 776 776 776 776 777 777 778 778 779 779 780 780 781 782 782 783 782 783 783 784 784 785 785 786 786 787 786 787 787 788 789 789 790 790 791 790 791 791 792 792 793 793 794 622 623 623 624 624 625 624 625 625 626 626 627 627 627 627 628 628 629 628 629 629 630 630 631 630 631 631 632 632 632 632 633 633 634 633 634 634 635
769 770 769 770 770 771 771 771 772 772 773 773 774 774 775 775 776 776 777 777 778 779 779 780 779 780 780 781 781 782 782 783 783 784 784 785 785 785 786 786 787 787 788 788 789 788 789 789 790 790 791 791 792 791 792 792 622 622 623 624 623 624 624 625 625 626 625 626 626 627 627 628 627 628 628 629 629 630 629 630 630 631 631 631 631 632 632 633 633 633 633 634 634 635
768 768 769 769 769 770 770 771 771 772 772 773 773 774 775 775 776 776 776 776 777 777 778 778 779 779 780 780 781 782 782 782 782 783 783 784 784 785 785 786 786 786 786 787 787 788 788 789 790 790 790 790 791 791 792 621 622 621 622 622 623 623 624 624 624 624 625 625 626 626 626 626 627 627 628 628 628 628 629 629 630 629 630 630 631 631 632 631 632 632 633 633 633 633
768 768 769 768 769 769 770 770 771 772 772 772 772 773 773 774 774 775 775 776 776 777 778 778 779 779 780 779 780 780 781 781 782 782 783 783 784 784 784 785 785 786 786 787 787 788 787 788 788 789 789 790 790 791 619 620 620 621 621 622 622 622 622 623 623 624 624 625 624 625 625 626 626 627 626 627 627 628 628 628 628 629 629 630 630 630 630 631 631 632 631 632 632 633
767 767 768 768 768 768 769 769 770 770 771 771 772 772 773 774 774 775 775 776 776 776 776 777 777 778 778 779 779 780 780 781 782 781 782 782 783 783 784 784 785 785 786 785 786 786 787 787 788 788 789 788 789 618 619 619 620 621 621 621 621 622 622 623 623 623 623 624 624 625 625 625 625 626 626 627 627 627 627 628 628 629 629 629 629 630 630 631 630 630 631 631 632 631
767 767 767 768 768 768 768 769 769 770 771 771 772 772 772 772 773 773 774 774 775 775 776 776 777 778 778 779 779 779 779 780 780 781 781 782 782 783 783 783 783 784 784 785 786 786 787 787 787 787 788 788 618 618 619 619 619 619 620 620 621 621 622 621 622 622 623 623 624 623 624 624 625 625 626 625 626 626 627 627 628 627 628 628 629 629 629 629 630 630 631 630 631 631
767 767 767 768 767 767 767 768 768 769 769 770 770 771 771 772 772 773 774 774 775 775 776 776 776 776 777 777 778 778 779 779 780 780 781 781 781 782 782 783 783 784 784 785 785 785 785 786 786 787 787 788 617 617 617 618 618 619 619 620 619 620 620 621 621 622 622 622 622 623 623 624 624 624 624 625 625 626 626 626 626 627 627 628 627 628 628 629 629 629 629 630 630 631
766 766 767 766 767 767 767 767 768 768 769 770 770 771 771 772 772 772 772 773 773 774 774 775 775 776 776 777 778 778 779 778 779 779 780 780 781 781 782 782 783 782 783 783 784 784 785 785 786 786 786 617 617 617 617 618 618 618 618 619 619 620 620 621 620 621 621 622 622 623 623 623 623 624 624 625 625 625 625 626 626 627 626 627 627 627 628 628 628 628 629 629 630 629
765 766 766 766 767 767 768 767 768 767 768 768 769 769 770 770 771 771 772 773 773 774 774 775 775 776 775 776 776 777 777 778 778 779 779 780 780 780 780 781 782 782 783 783 784 784 785 784 785 785 617 617 617 617 617 617 617 617 618 618 619 619 619 619 620 620 621 621 621 621 622 622 623 623 623 623 624 624 625 625 625 625 626 626 627 627 627 627 628 628 629 628 628 629
765 765 765 766 766 766 766 766 766 767 767 768 768 769 770 770 771 771 772 772 772 772 773 773 774 774 775 775 776 776 777 778 778 778 778 779 779 780 780 781 781 782 782 782 782 783 783 784 784 617 617 617 617 617 617 617 617 617 617 617 617 618 618 619 619 620 619 620 620 621 621 622 621 622 622 623 623 624 623 624 624 625 625 626 625 626 626 627 627 627 627 628 628 629
765 765 765 765 766 765 766 767 766 767 767 768 768 768 768 769 769 770 770 771 771 772 773 773 774 774 775 775 775 775 776 776 777 777 778 778 779 779 780 779 780 780 781 781 782 782 783 783 617 617 617 617 617 617 617 617 617 617 617 617 617 618 618 618 618 619 619 620 620 621 620 621 621 622 622 623 622 623 623 623 624 623 624 624 625 625 626 625 626 626 627 627 627 627
765 765 764 764 765 765 765 765 766 765 766 766 767 767 768 769 769 770 770 771 771 772 772 772 772 773 773 774 774 775 775 776 776 777 777 777 778 778 779 779 780 780 781 781 782 781 782 617 617 617 617 617 617 617 617 617 617 617 617 617 617 617 617 617 618 618 619 618 619 619 620 620 621 620 621 621 622 622 623 622 623 623 624 624 625 624 625 625 625 626 625 626 626 627
763 764 764 764 764 765 765 765 766 765 766 766 767 767 768 768 768 768 769 769 770 770 771 771 772 772 773 774 774 775 775 775 775 776 776 777 777 778 778 779 779 779 779 780 780 781 617 617 617 617 617 617 617 617 617 617 617 617 617 617 617 617 617 617 617 617 617 618 618 619 619 619 619 620 620 621 621 621 621 622 622 623 623 623 623 624 624 625 624 625 625 626 626 626
763 764 764 764 764 765 765 764 764 765 765 765 765 766 766 767 767 768 769 769 770 770 771 771 772 771 772 772 773 773 774 774 775 775 776 776 777 776 777 777 778 778 779 779 780 781 617 617 617 617 617 617 617 617 617 617 617 617 617 617 617 617 617 617 617 617 617 618 618 618 618 619 619 620 620 619 620 620 621 621 622 621 622 622 623 623 623 623 624 624 625 625 625 625
762 762 763 763 763 763 764 764 764 764 765 765 765 766 766 767 767 768 768 768 768 769 769 770 770 771 771 772 772 773 773 774 775 774 775 775 776 776 777 777 778 778 779 778 779 617 617 617 617 617 617 617 617 617 617 617 617 617 617 617 617 617 617 617 617 617 617 617 617 617 618 618 619 618 619 619 620 620 621 620 621 621 621 622 621 622 622 623 623 624 623 624 624 625
762 762 762 763 763 763 764 764 764 764 765 764 764 764 765 765 766 766 767 767 768 768 769 770 770 771 771 772 771 772 772 773 773 774 774 775 775 776 776 776 776 777 777 778 617 617 617 617 617 617 617 617 617 617 617 617 617 617 617 617 617 617 617 617 617 617 617 617 617 617 617 617 617 618 618 619 618 619 619 620 620 621 620 621 621 622 622 623 622 622 623 623 624 623
761 761 761 762 762 762 762 763 763 763 763 764 764 764 765 765 766 766 767 767 768 768 768 768 769 769 770 770 771 771 772 772 773 773 774 773 774 774 775 775 776 776 777 617 617 617 617 617 617 617 617 617 617 617 617 617 617 617 617 617 617 617 617 617 617 617 617 617 617 617 617 617 617 617 617 617 618 618 619 619 619 619 620 620 621 621 621 621 622 622 623 622 622 623
761 761 761 761 762 762 762 763 763 763 763 764 764 764 764 764 764 765 765 766 766 767 767 768 768 769 769 770 771 771 771 771 772 772 773 773 774 774 775 775 776 775 617 617 617 617 617 617 617 617 617 617 617 617 617 617 617 617 617 617 617 617 617 617 617 617 617 617 617 617 617 617 617 617 617 617 618 618 617 618 618 619 619 620 619 620 620 621 621 621 621 622 622 623
761 761 762 761 762 761 761 761 762 762 762 762 763 763 763 763 764 764 765 766 766 767 767 768 768 768 768 769 769 770 770 771 771 772 772 773 773 773 773 774 774 617 617 617 617 617 617 617 617 617 617 617 617 617 617 617 617 617 617 617 617 617 617 617 617 617 617 617 617 617 617 617 617 617 617 617 617 617 617 618 618 618 618 618 619 619 620 619 620 620 621 621 621 621
759 760 760 760 760 761 761 761 761 762 763 762 763 763 763 763 764 764 764 764 765 765 766 766 767 767 768 768 769 769 770 770 770 770 771 771 772 772 773 774 617 617 617 617 617 617 617 617 617 617 617 617 617 617 617 617 617 617 617 617 617 617 617 617 617 617 617 617 617 617 617 617 617 617 617 617 617 617 617 617 617 617 618 618 619 618 619 619 619 620 619 620 620 621
759 759 760 761 760 761 761 762 761 762 761 761 761 762 762 762 762 763 763 764 764 765 765 766 767 767 768 767 768 768 769 769 770 770 771 771 772 772 773 617 617 617 617 617 617 617 617 617 617 617 617 617 617 617 617 617 617 617 617 617 617 617 617 617 617 617 617 617 617 617 617 617 617 617 617 617 617 617 617 617 617 617 617 617 617 618 618 619 618 619 619 619 620 620
759 759 759 759 760 759 760 760 760 760 761 761 761 761 762 762 762 763 763 764 764 764 764 765 765 766 766 767 767 768 768 769 769 770 770 770 770 771 617 617 617 617 617 617 617 617 617 617 617 617 617 617 617 617 617 617 617 617 617 617 617 617 617 617 617 617 617 617 617 617 617 617 617 617 617 617 617 617 617 617 617 617 617 617 617 617 617 617 618 618 619 619 619 619
758 759 758 759 759 759 760 760 761 760 761 761 761 761 761 761 761 761 762 762 763 763 764 764 765 765 766 766 767 767 767 767 768 768 769 769 770 617 617 617 617 617 617 617 617 617 617 617 617 617 617 617 617 617 617 617 617 617 617 617 617 617 617 617 617 617 617 617 617 617 617 617 617 617 617 617 617 617 617 617 617 617 617 617 617 617 617 617 617 618 617 618 618 619
758 759 758 758 758 759 759 759 759 760 759 760 760 760 760 761 761 761 761 762 763 763 764 764 764 764 765 765 766 766 767 767 768 768 769 769 617 617 617 617 617 617 617 617 617 617 617 617 617 617 617 617 617 617 617 617 617 617 617 617 617 617 617 617 617 617 617 617 617 617 617 617 617 617 617 617 617 617 617 617 617 617 617 617 617 617 617 617 617 617 617 617 618 617
757 757 758 758 758 758 759 758 759 759 759 760 760 761 760 761 761 760 760 761 761 762 762 763 763 764 764 765 765 766 766 767 766 767 767 617 617 617 617 617 617 617 617 617 617 617 617 617 617 617 617 617 617 617 617 617 617 617 617 617 617 617 617 617 617 617 617 617 617 617 617 617 617 617 617 617 617 617 617 617 617 617 617 617 617 617 617 617 617 617 617 617 617 617
756 757 758 758 758 758 759 758 758 758 759 758 759 759 759 759 760 760 760 760 761 761 762 762 763 763 764 763 764 764 765 765 766 767 617 617 617 617 617 617 617 617 617 617 617 617 617 617 617 617 617 617 617 617 617 617 617 617 617 617 617 617 617 617 617 617 617 617 617 617 617 617 617 617 617 617 617 617 617 617 617 617 617 617 617 617 617 617 617 617 617 617 617 617
756 756 756 757 757 757 757 758 758 758 758 758 758 759 759 759 760 760 760 760 760 760 761 761 762 762 763 763 764 764 765 765 766 617 617 617 617 617 617 617 617 617 617 617 617 617 617 617 617 617 617 617 617 617 617 617 617 617 617 617 617 617 617 617 617 617 617 617 617 617 617 617 617 617 617 617 617 617 617 617 617 617 617 617 617 617 617 617 617 617 617 617 617 617
756 755 756 756 757 757 757 758 758 758 758 759 758 758 758 758 758 759 759 759 759 760 760 761 761 762 762 763 763 763 763 764 617 617 617 617 617 617 617 617 617 617 617 617 617 617 617 617 617 617 617 617 617 617 617 617 617 617 617 617 617 617 617 617 617 617 617 617 617 617 617 617 617 617 617 617 617 617 617 617 617 617 617 617 617 617 617 617 617 617 617 617 617 617
755 755 755 755 756 756 756 756 757 757 757 757 758 757 758 758 758 758 759 758 759 759 760 759 760 760 761 761 762 762 763 617 617 617 617 617 617 617 617 617 617 617 617 617 617 617 617 617 617 617 617 617 617 617 617 617 617 617 617 617 617 617 617 617 617 617 617 617 617 617 617 617 617 617 617 617 617 617 617 617 617 617 617 617 617 617 617 617 617 617 617 617 617 617
754 755 755 755 755 756 755 756 756 757 756 757 758 757 758 758 758 757 758 758 758 758 759 759 760 760 761 761 762 762 617 617 617 617 617 617 617 617 617 617 617 617 617 617 617 617 617 617 617 617 617 617 617 617 617 617 617 617 617 617 617 617 617 617 617 617 617 617 617 617 617 617 617 617 617 617 617 617 617 617 617 617 617 617 617 617 617 617 617 617 617 617 617 617
754 755 755 755 755 756 755 755 755 756 756 756 756 757 756 757 757 757 757 758 757 758 758 759 759 760 759 760 760 617 617 617 617 617 617 617 617 617 617 617 617 617 617 617 617 617 617 617 617 617 617 617 617 617 617 617 617 617 617 617 617 617 617 617 617 617 617 617 617 617 617 617 617 617 617 617 617 617 617 617 617 617 617 617 617 617 617 617 617 617 617 617 617 617
753 753 754 754 754 754 755 755 755 755 756 755 756 756 756 756 757 757 757 756 757 757 757 757 758 758 759 759 617 617 617 617 617 617 617 617 617 617 617 617 617 617 617 617 617 617 617 617 617 617 617 617 617 617 617 617 617 617 617 617 617 617 617 617 617 617 617 617 617 617 617 617 617 617 617 617 617 617 617 617 617 617 617 617 617 617 617 617 617 617 617 617 617 617
753 753 753 754 753 754 754 755 754 755 756 755 755 755 756 756 756 756 756 756 757 757 757 757 758 758 759 617 617 617 617 617 617 617 617 617 617 617 617 617 617 617 617 617 617 617 617 617 617 617 617 617 617 617 617 617 617 617 617 617 617 617 617 617 617 617 617 617 617 617 617 617 617 617 617 617 617 617 617 617 617 617 617 617 617 617 617 617 617 617 617 617 617 617
752 752 752 753 753 753 753 754 754 754 754 755 755 755 755 756 755 756 756 756 756 757 756 756 756 757 617 617 617 617 617 617 617 617 617 617 617 617 617 617 617 617 617 617 617 617 617 617 617 617 617 617 617 617 617 617 617 617 617 617 617 617 617 617 617 617 617 617 617 617 617 617 617 617 617 617 617 617 617 617 617 617 617 617 617 617 617 617 617 617 617 617 617 617
752 752 752 752 753 753 753 753 754 753 754 754 755 754 755 754 754 754 755 755 755 755 756 755 756 617 617 617 617 617 617 617 617 617 617 617 617 617 617 617 617 617 617 617 617 617 617 617 617 617 617 617 617 617 617 617 617 617 617 617 617 617 617 617 617 617 617 617 617 617 617 617 617 617 617 617 617 617 617 617 617 617 617 617 617 617 617 617 617 617 617 617 617 617
751 752 751 751 751 752 752 752 753 753 753 753 754 754 754 754 755 754 755 755 755 755 756 755 617 617 617 617 617 617 617 617 617 617 617 617 617 617 617 617 617 617 617 617 617 617 617 617 617 617 617 617 617 617 617 617 617 617 617 617 617 617 617 617 617 617 617 617 617 617 617 617 617 617 617 617 617 617 617 617 617 617 617 617 617 617 617 617 617 617 617 617 617 617
750 751 751 751 751 752 752 752 752 753 752 753 753 754 753 754 754 754 753 754 754 754 617 617 617 617 617 617 617 617 617 617 617 617 617 617 617 617 617 617 617 617 617 617 617 617 617 617 617 617 617 617 617 617 617 617 617 617 617 617 617 617 617 617 617 617 617 617 617 617 617 617 617 617 617 617 617 617 617 617 617 617 617 617 617 617 617 617 617 617 617 617 617 617
750 750 751 751 751 751 752 751 752 751 752 752 752 752 752 752 753 753 753 753 754 617 617 617 617 617 617 617 617 617 617 617 617 617 617 617 617 617 617 617 617 617 617 617 617 617 617 617 617 617 617 617 617 617 617 617 617 617 617 617 617 617 617 617 617 617 617 617 617 617 617 617 617 617 617 617 617 617 617 617 617 617 617 617 617 617 617 617 617 617 617 617 617 617
749 749 750 750 750 750 751 751 751 751 752 752 752 752 753 752 753 753 753 753 617 617 617 617 617 617 617 617 617 617 617 617 617 617 617 617 617 617 617 617 617 617 617 617 617 617 617 617 617 617 617 617 617 617 617 617 617 617 617 617 617 617 617 617 617 617 617 617 617 617 617 617 617 617 617 617 617 617 617 617 617 617 617 617 617 617 617 617 617 617 617 617 617 617
749 749 749 750 750 750 750 751 750 751 751 752 751 751 751 752 751 752 752 617 617 617 617 617 617 617 617 617 617 617 617 617 617 617 617 617 617 617 617 617 617 617 617 617 617 617 617 617 617 617 617 617 617 617 617 617 617 617 617 617 617 617 617 617 617 617 617 617 617 617 617 617 617 617 617 617 617 617 617 617 617 617 617 617 617 617 617 617 617 617 617 617 617 617
