testData/tiles/oneDegreeCosts/grid40.0-11.0-41.0-12.0.asc
ncols   200
nrows   200
xllcorner   40.0
yllcorner   11.0
cellsize   0.005
NODATA_value   -9999.0
[rows 37 to 73 of 200, columns 85 to 169 of 200]
799 799 799 799 799 799 799 799 799 799 799 799 799 799 799 799 799 799 799 799 799 799 799 799 799 799 799 799 799 799 799 799 799 799 799 799 799 799 799 879 879 878 878 878 878 877 877 877 876 876 876 876 875 875 875 873 873 873 872 872 872 872 871 871 871 870 870 870 869 868 868 867 867 867 866 866 866 865 865 865 863 863 863 862 862
799 799 799 799 799 799 799 799 799 799 799 799 799 799 799 799 799 799 799 799 799 799 799 799 799 799 799 799 799 799 799 799 881 881 881 880 880 880 880 879 879 879 878 878 878 878 877 877 877 877 876 876 876 874 874 874 873 873 873 873 872 872 872 871 871 871 870 869 869 868 868 868 867 867 867 866 866 866 865 864 864 863 863 863 862
799 799 799 799 799 799 799 799 799 799 799 799 799 799 799 799 799 799 799 799 799 799 799 799 799 799 883 883 883 882 882 882 882 881 881 881 880 880 880 880 879 879 879 879 878 878 878 877 877 877 876 875 875 875 874 874 874 874 873 873 873 872 872 872 871 870 870 869 869 869 868 868 868 867 867 867 866 865 865 864 864 864 863 863 863
799 799 799 799 799 799 799 799 799 799 799 799 799 799 799 799 799 799 799 799 799 885 884 884 884 884 883 883 883 883 882 882 882 882 881 881 881 881 880 880 880 879 879 879 879 878 878 877 877 876 876 876 875 875 875 875 874 874 874 873 873 873 872 871 871 870 870 870 869 869 869 869 868 868 868 866 866 866 865 865 865 864 864 863 863
799 799 799 799 799 799 799 799 799 799 799 799 799 799 799 799 886 886 886 885 885 885 885 884 884 884 884 883 883 883 883 882 882 882 882 881 881 881 881 880 880 880 880 879 878 878 877 877 877 877 876 876 876 875 875 875 875 874 874 874 873 872 872 871 871 871 870 870 870 870 869 869 869 868 867 867 866 866 866 865 865 865 864 864 864
799 799 799 799 799 799 799 799 799 799 799 799 887 887 887 887 886 886 886 886 886 885 885 885 885 884 884 884 884 883 883 883 883 882 882 882 882 881 881 881 879 879 879 879 878 878 878 878 877 877 877 876 876 876 876 875 875 875 873 873 873 872 872 872 871 871 871 871 870 870 870 869 868 868 867 867 867 866 866 866 865 865 865 863 863
799 799 799 799 799 799 799 799 889 888 888 888 888 888 887 887 887 887 886 886 886 886 885 885 885 885 884 884 884 884 883 883 883 883 882 882 881 881 880 880 880 880 879 879 879 878 878 878 878 877 877 877 876 876 876 876 874 874 874 873 873 873 872 872 872 872 871 871 871 870 869 869 868 868 868 867 867 867 866 866 866 865 864 864 863
799 799 799 799 890 890 889 889 889 889 889 888 888 888 888 887 887 887 887 886 886 886 886 886 885 885 885 885 884 884 884 884 882 882 882 881 881 881 881 880 880 880 880 879 879 879 879 878 878 878 877 877 877 876 875 875 875 874 874 874 873 873 873 873 872 872 872 871 870 870 869 869 869 868 868 868 867 867 867 866 865 865 864 864 864
891 891 891 890 890 890 890 890 889 889 889 889 888 888 888 888 888 887 887 887 887 886 886 886 886 884 884 884 884 883 883 883 883 882 882 882 882 881 881 881 881 880 880 880 879 879 879 879 878 878 877 877 877 877 877 877 877 877 877 877 877 876 877 877 877 876 875 875 874 874 874 873 873 873 872 872 872 871 870 870 869 868 868 867 867
890 890 890 890 889 889 889 890 890 889 889 889 888 888 887 887 887 887 886 886 886 886 885 885 885 885 884 884 884 884 883 883 883 883 882 882 882 882 881 881 881 881 880 881 882 881 882 881 882 881 882 882 883 882 883 883 882 883 883 882 882 883 883 882 881 881 880 880 881 880 880 880 879 879 879 877 876 876 875 875 875 874 873 873 872
891 890 890 890 890 890 889 889 889 889 889 888 888 888 888 887 887 887 887 886 886 886 886 886 885 885 885 885 884 884 884 884 883 883 883 884 884 884 885 885 885 886 887 886 886 887 887 887 887 888 887 887 888 888 888 888 888 888 888 888 887 886 887 887 886 886 886 885 885 885 884 884 884 883 883 882 881 881 881 880 880 879 878 878 878
891 891 891 890 890 890 890 889 889 889 889 889 888 888 888 888 887 887 887 887 887 886 886 886 886 885 885 885 885 885 886 887 888 887 888 889 890 889 890 891 891 890 891 891 891 891 892 892 892 892 893 892 893 893 893 893 893 893 892 892 892 892 891 892 892 891 891 891 890 890 890 889 889 888 887 901 887 886 886 886 884 884 884 883 882
891 891 891 891 890 890 890 890 890 889 889 889 889 888 888 888 888 888 887 887 887 887 886 886 887 888 888 889 890 891 891 892 893 893 893 894 894 894 894 895 895 896 896 896 897 897 897 897 898 897 897 898 898 898 912 912 910 911 911 910 910 911 911 910 910 910 909 909 909 909 909 908 907 907 906 905 905 905 904 904 904 903 902 901 900
892 891 891 891 891 891 890 890 890 890 889 889 889 889 889 888 888 888 888 888 889 890 891 891 892 893 894 895 895 896 897 897 896 897 898 899 898 899 900 899 900 900 901 901 901 916 916 916 916 916 916 916 917 917 915 916 916 915 915 916 916 915 915 915 914 915 915 914 914 913 912 912 912 911 911 911 910 910 909 908 908 907 906 906 905
892 892 892 891 891 891 891 890 890 890 890 890 889 889 889 890 890 892 893 894 895 895 896 897 897 897 898 899 900 900 900 901 902 902 902 903 904 903 918 919 919 919 919 920 919 920 920 921 920 921 921 919 920 920 920 920 920 920 919 920 920 920 919 919 920 919 919 918 917 917 917 916 916 916 915 915 915 914 914 912 911 911 911 910 909
891 891 891 891 890 890 890 890 890 890 890 890 891 892 893 894 895 897 897 898 899 900 900 901 902 903 903 903 904 905 905 906 920 921 921 921 922 923 922 923 923 924 924 924 925 924 924 924 924 924 924 924 925 924 924 925 924 924 924 924 924 924 924 923 922 923 922 922 922 921 921 921 920 920 920 919 919 919 916 916 916 915 915 915 913
892 891 891 891 891 890 890 891 892 893 894 895 896 898 899 899 900 901 902 902 903 904 905 905 906 907 908 922 923 923 924 924 925 925 926 926 926 927 927 927 928 928 929 928 928 928 928 928 928 929 928 928 929 929 928 929 929 928 928 928 929 928 927 927 926 926 926 926 926 926 925 925 925 924 924 924 921 921 921 920 920 962 961 960 960
892 892 891 891 892 894 895 896 897 898 900 901 901 902 903 904 905 906 907 908 908 909 910 924 925 925 926 927 928 927 928 929 930 929 930 931 931 931 931 932 930 931 931 932 931 932 932 933 932 932 933 932 932 933 933 932 933 933 932 931 931 932 931 931 931 930 930 930 929 929 929 928 928 928 926 926 926 967 967 967 966 966 965 964 964
892 894 895 897 897 899 900 901 902 903 904 905 907 907 908 909 910 910 911 926 927 928 928 929 929 930 930 931 932 932 932 933 933 934 934 933 934 935 934 935 935 936 935 936 936 936 936 936 937 936 936 937 936 936 937 937 936 935 936 935 935 935 935 934 935 935 934 934 934 933 933 933 931 973 973 972 972 972 971 970 970 969 969 969 967
897 899 900 901 903 903 905 906 907 908 908 910 911 912 912 927 928 929 930 930 931 932 933 932 933 934 935 935 935 936 936 936 936 937 937 937 938 938 939 938 939 939 940 939 940 940 939 940 940 941 940 940 941 941 939 939 940 939 939 939 938 939 939 939 938 938 938 937 937 936 977 977 977 976 976 976 975 975 975 974 974 974 971 971 971
903 904 905 906 907 909 909 910 911 912 914 928 929 930 931 932 932 933 934 935 935 935 935 936 936 937 938 938 938 939 939 940 940 940 941 942 941 942 942 943 942 943 943 944 943 944 944 944 944 944 944 943 943 943 944 943 943 943 942 943 943 942 942 942 942 941 984 983 982 982 982 981 981 981 980 980 980 978 978 978 976 976 976 975 974
906 907 909 909 910 912 913 914 928 930 931 932 932 933 934 935 936 936 937 938 938 938 939 940 941 940 941 942 943 943 943 944 944 945 945 945 946 945 946 946 947 946 947 947 947 947 947 947 947 946 947 947 946 947 947 947 946 946 947 946 946 946 945 987 988 987 986 986 986 985 985 985 984 984 984 983 983 983 981 980 980 979 979 979 978
910 912 913 914 929 930 931 932 933 933 935 936 937 938 938 939 940 940 940 941 942 943 943 943 944 945 946 945 946 947 947 947 948 948 949 948 949 949 950 950 950 950 950 950 950 950 950 950 950 951 950 950 950 950 950 950 950 950 950 950 949 991 991 990 990 990 990 989 989 989 988 988 988 987 987 987 986 985 985 984 984 983 982 982 982
915 930 931 932 933 935 935 936 937 938 939 939 940 941 942 942 943 944 945 945 946 946 947 948 948 948 949 950 949 950 951 951 951 952 952 953 952 953 953 954 952 953 953 952 953 953 954 953 953 954 954 953 954 954 953 953 954 954 995 995 994 993 994 994 993 993 993 993 992 992 992 991 991 991 989 989 989 988 988 988 987 986 986 985 985
933 935 935 936 937 938 940 940 941 942 943 944 944 945 946 947 947 947 948 949 950 950 950 951 952 952 952 953 954 953 954 955 955 955 955 955 955 955 955 956 956 956 956 957 957 956 957 957 956 957 957 957 957 957 957 998 999 998 998 997 997 997 997 997 997 996 996 996 996 995 995 995 993 993 993 992 992 992 991 991 991 989 989 989 988
937 938 940 941 941 942 943 944 944 945 946 947 948 948 949 950 951 952 952 952 953 954 954 954 955 956 956 956 956 956 956 957 957 958 957 958 958 959 958 959 959 960 959 960 960 960 960 960 960 960 960 960 961 1002 1001 1001 1000 1001 1001 1001 1000 1000 1000 1000 1000 1000 999 999 999 999 997 997 997 996 996 996 995 995 995 994 993 993 992 991 991
941 942 943 944 945 945 947 948 949 950 950 951 952 952 952 953 954 955 956 955 955 956 957 957 957 958 959 958 959 960 960 960 960 961 961 961 961 962 962 962 962 963 963 962 963 963 964 963 963 964 963 1004 1004 1005 1004 1004 1004 1004 1004 1004 1004 1003 1003 1003 1003 1003 1003 1002 1001 1001 1001 1000 1000 1000 999 999 999 998 998 997 996 995 995 994 994
944 945 946 947 948 949 949 950 951 952 953 953 954 955 956 956 956 957 958 959 958 959 960 961 960 961 962 962 962 962 963 964 963 964 964 965 964 965 965 966 965 966 966 966 966 966 966 966 1007 1007 1008 1007 1007 1007 1008 1007 1007 1007 1006 1007 1007 1007 1006 1006 1006 1004 1004 1005 1004 1004 1004 1004 1003 1003 1003 1002 1001 1001 1000 999 999 998 998 998 996
948 949 950 950 951 952 953 954 954 955 956 957 957 958 959 959 960 960 961 962 962 962 963 964 964 964 965 965 966 966 966 966 967 968 967 968 968 969 968 968 969 968 969 968 968 968 1010 1010 1011 1010 1010 1011 1010 1010 1010 1011 1010 1010 1010 1009 1010 1010 1010 1008 1008 1008 1007 1007 1007 1006 1006 1006 1005 1005 1005 1005 1004 1003 1003 1002 1002 1002 1001 1000 1000
951 952 953 954 954 955 956 957 958 958 959 960 961 962 962 962 963 964 964 965 965 966 966 966 967 968 968 968 969 969 970 969 970 970 971 970 971 971 972 970 971 971 970 971 1013 1014 1013 1013 1013 1014 1013 1013 1014 1013 1013 1013 1013 1013 1013 1013 1011 1011 1011 1012 1011 1011 1011 1010 1010 1010 1009 1009 1009 1008 1008 1007 1006 1006 1006 1006 1004 1004 1004 1003 1003
955 955 956 957 958 958 959 960 961 962 962 963 964 965 965 965 966 967 968 967 968 969 970 969 970 970 971 972 971 972 972 973 973 973 973 973 973 973 973 974 973 974 1016 1015 1016 1016 1016 1016 1016 1016 1017 1016 1016 1016 1016 1016 1016 1015 1014 1015 1015 1014 1014 1014 1014 1013 1013 1013 1012 1012 1012 1011 1011 1010 1009 1009 1009 1008 1008 1008 1007 1007 1007 1006 1005
958 959 959 960 961 962 963 963 964 965 966 966 967 967 968 969 969 970 970 971 971 972 972 973 974 973 974 973 974 974 974 975 975 975 975 976 976 976 976 976 1019 1018 1019 1019 1018 1019 1019 1019 1019 1019 1019 1019 1019 1019 1018 1017 1018 1018 1018 1017 1017 1017 1016 1017 1017 1016 1016 1016 1016 1015 1015 1014 1013 1013 1013 1012 1012 1012 1011 1011 1010 1009 1009 1009 1007
960 961 962 962 963 965 966 967 967 968 969 970 970 970 970 971 972 971 972 973 974 973 974 975 975 976 975 976 977 977 977 977 978 978 978 978 979 979 1021 1021 1021 1022 1021 1022 1022 1021 1022 1022 1022 1021 1022 1021 1021 1020 1021 1021 1020 1020 1020 1021 1020 1020 1020 1019 1019 1019 1018 1018 1017 1017 1016 1016 1016 1015 1015 1015 1014 1014 1014 1013 1013 1013 1011 1011 1010
963 964 965 966 966 967 968 969 970 970 970 971 972 973 973 974 974 975 975 975 976 977 977 977 978 978 979 979 979 980 980 980 980 981 981 981 1023 1024 1024 1023 1024 1024 1025 1024 1024 1025 1024 1023 1024 1024 1023 1023 1024 1024 1023 1023 1023 1023 1023 1023 1023 1022 1022 1022 1022 1022 1021 1020 1020 1020 1020 1019 1019 1019 1018 1018 1018 1017 1017 1016 1014 1014 1014 1013 1013
967 967 968 969 970 971 971 972 972 973 973 974 975 976 976 976 977 978 978 978 979 979 980 981 980 981 981 982 982 982 983 983 983 983 1026 1026 1026 1026 1026 1027 1026 1027 1027 1026 1026 1026 1026 1026 1026 1026 1026 1026 1026 1026 1026 1026 1026 1026 1025 1025 1025 1026 1025 1024 1024 1023 1023 1023 1022 1022 1022 1021 1021 1021 1021 1020 1020 1020 1018 1018 1018 1017 1016 1016 1015
970 971 971 971 972 973 974 974 975 976 977 977 977 978 979 980 979 980 981 982 981 982 983 983 984 983 984 984 985 985 985 986 1028 1028 1028 1029 1029 1028 1028 1028 1029 1028 1028 1029 1029 1028 1029 1029 1028 1029 1029 1029 1028 1029 1029 1029 1028 1028 1028 1028 1027 1027 1026 1026 1026 1026 1025 1025 1025 1024 1024 1024 1023 1023 1023 1022 1021 1021 1021 1020 1020 1020 1019 1019 1018
972 973 974 974 975 976 977 978 978 978 979 980 981 981 981 982 983 983 983 984 985 985 985 986 986 987 986 987 987 988 987 1030 1030 1030 1029 1030 1030 1031 1030 1031 1031 1031 1031 1031 1031 1032 1031 1031 1032 1031 1031 1031 1032 1031 1031 1031 1030 1031 1030 1030 1029 1029 1029 1028 1028 1028 1029 1028 1028 1028 1027 1027 1027 1026 1025 1025 1024 1023 1023 1022 1022 1022 1021 1021 1021
