testData/tiles/oneDegreeCosts/grid39.0-49.0-40.0-50.0.asc
ncols   200
nrows   200
xllcorner   39.0
yllcorner   49.0
cellsize   0.005
NODATA_value   -9999.0
[rows 84 to 125 of 200, columns 0 to 93 of 200]
262 266 270 274 278 282 285 288 291 294 297 446 426 428 431 433 435 437 439 441 443 445 447 448 450 451 452 453 455 456 457 457 458 459 460 460 461 461 461 462 462 462 462 462 462 462 461 461 461 460 460 459 458 457 457 456 455 453 452 451 450 448 447 445 443 441 439 437 436 443 441 438 436 433 430 427 424 421 418 415 411 406 402 398 394 390 385 380 375 369 364 358 351 345
262 266 270 274 278 281 285 288 291 294 297 446 449 428 431 433 435 437 439 441 443 445 446 448 449 451 452 453 454 455 456 457 458 459 459 460 461 461 461 462 462 462 462 462 462 462 461 461 461 460 459 459 458 457 456 455 454 453 452 451 449 448 446 445 443 441 439 437 445 443 441 438 436 433 430 427 424 421 418 414 411 407 402 398 394 389 385 380 375 369 364 358 351 344
262 266 270 274 278 281 285 288 291 294 297 446 448 451 453 433 435 437 439 441 443 445 446 448 449 451 452 453 454 455 456 457 458 459 459 460 460 461 461 461 462 462 462 462 462 461 461 461 460 460 459 459 458 457 456 455 454 453 452 451 449 448 446 445 443 441 439 437 445 443 440 438 435 433 430 427 424 421 418 414 411 407 403 398 394 389 385 380 374 369 363 357 351 344
261 266 270 274 277 281 285 288 291 294 297 446 448 451 453 456 435 437 439 441 443 444 446 448 449 450 452 453 454 455 456 457 458 459 459 460 460 461 461 461 461 462 462 462 461 461 461 461 460 460 459 459 458 457 456 455 454 453 452 450 449 448 446 444 443 441 439 437 445 443 440 438 435 433 430 427 424 421 418 414 410 407 403 399 393 389 384 379 374 369 363 357 351 344
261 266 270 274 277 281 284 288 291 294 297 445 448 451 453 455 458 460 439 441 443 444 446 448 449 450 452 453 454 455 456 457 458 458 459 460 460 461 461 461 461 461 461 461 461 461 461 461 460 460 459 458 458 457 456 455 454 453 452 450 449 448 446 444 443 441 439 437 445 442 440 438 435 432 430 427 424 421 417 414 410 407 403 399 394 389 384 379 374 369 363 357 350 344
261 265 269 273 277 281 284 287 291 294 443 445 448 451 453 455 458 460 462 441 442 444 446 447 449 450 451 453 454 455 456 457 458 458 459 459 460 460 461 461 461 461 461 461 461 461 461 460 460 459 459 458 458 457 456 455 454 453 451 450 449 447 446 444 442 441 439 437 445 442 440 438 435 432 430 427 424 420 417 414 410 406 402 398 394 389 384 379 374 368 363 357 350 343
261 265 269 273 277 281 284 287 290 293 442 445 448 450 453 455 457 459 461 463 465 444 446 447 449 450 451 453 454 455 456 457 457 458 459 459 460 460 461 461 461 461 461 461 461 461 461 460 460 459 459 458 457 457 456 455 454 453 451 450 449 447 446 444 442 440 439 446 444 442 440 437 435 432 429 426 423 420 417 414 410 406 402 398 394 389 384 379 374 368 362 356 350 343
261 265 269 273 277 280 284 287 290 293 442 445 448 450 453 455 457 459 461 463 465 467 446 447 448 450 451 452 454 455 456 456 457 458 459 459 460 460 460 461 461 461 461 461 461 461 460 460 460 459 459 458 457 456 456 455 454 452 451 450 448 447 445 444 442 440 439 446 444 442 440 437 435 432 429 426 423 420 417 413 410 406 402 398 394 389 384 378 373 368 362 356 350 343
260 265 269 273 277 280 284 287 290 293 442 445 447 450 452 455 457 459 461 463 465 467 468 447 448 450 451 452 453 454 455 456 457 458 458 459 460 460 460 461 461 461 461 461 461 461 460 460 460 459 458 458 457 456 455 454 453 452 451 450 448 447 445 444 442 440 439 446 444 442 439 437 434 432 429 426 423 420 417 413 410 406 402 398 393 389 384 378 373 368 362 356 349 342
260 265 269 273 276 280 283 287 290 293 442 445 447 450 452 455 457 459 461 463 465 466 468 470 471 450 451 452 453 454 455 456 457 458 458 459 459 460 460 460 461 461 461 461 461 460 460 460 459 459 458 458 457 456 455 454 453 452 451 450 448 447 445 443 442 440 439 446 444 442 439 437 434 432 429 426 423 420 416 413 409 406 402 398 393 389 384 379 373 367 362 355 349 342
260 264 268 272 276 280 283 287 290 293 442 444 447 450 452 454 457 459 461 463 465 466 468 470 471 472 451 452 453 454 455 456 457 457 458 459 459 460 460 460 460 461 461 461 460 460 460 460 459 459 458 457 457 456 455 454 453 452 451 449 448 447 445 443 442 440 439 446 444 441 439 437 434 431 429 426 423 420 416 413 409 405 401 397 393 388 384 379 374 367 361 355 349 342
260 264 268 272 276 280 283 286 289 293 441 444 447 449 452 454 456 459 461 463 464 466 468 469 471 472 474 452 453 454 455 456 457 457 458 459 459 459 460 460 460 460 460 460 460 460 460 459 459 459 458 457 457 456 455 454 453 452 451 449 448 446 445 443 441 440 448 446 443 441 439 436 434 431 428 426 422 419 416 413 409 405 401 397 393 388 384 379 373 367 361 355 348 342
260 264 268 272 276 279 283 286 289 438 441 444 447 449 452 454 456 458 460 462 464 466 468 469 471 472 473 475 453 454 455 456 456 457 458 458 459 459 460 460 460 460 460 460 460 460 460 459 459 458 458 457 456 456 455 454 453 452 450 449 448 446 445 443 441 440 447 445 443 441 439 436 434 431 428 425 422 419 416 412 409 405 401 397 393 388 383 378 373 368 361 355 348 341
259 264 268 272 275 279 283 286 289 438 441 444 447 449 452 454 456 458 460 462 464 466 467 469 470 472 473 474 476 454 455 455 456 457 458 458 459 459 459 460 460 460 460 460 460 460 459 459 459 458 458 457 456 455 455 454 453 451 450 449 447 446 444 443 441 440 447 445 443 441 439 436 434 431 428 425 422 419 416 412 408 405 401 397 392 388 383 378 373 367 361 354 348 341
259 263 268 271 275 279 282 286 289 438 441 444 446 449 451 454 456 458 460 462 464 466 467 469 470 472 473 474 475 476 455 455 456 457 457 458 459 459 459 460 460 460 460 460 460 460 459 459 459 458 457 457 456 455 454 453 452 451 450 449 447 446 444 443 441 440 447 445 443 441 438 436 433 431 428 425 422 419 415 412 408 404 401 396 392 388 383 378 373 367 361 354 348 341
259 263 267 271 275 279 282 285 289 438 441 443 446 449 451 454 456 458 460 462 464 465 467 469 470 472 473 474 475 476 477 455 456 457 457 458 458 459 459 459 460 460 460 460 460 459 459 459 458 458 457 457 456 455 454 453 452 451 450 449 447 446 444 442 441 440 447 445 443 441 438 436 433 430 428 425 422 418 415 412 408 404 400 396 392 387 383 378 372 367 361 355 347 340
259 263 267 271 275 278 282 285 288 438 440 443 446 449 451 453 456 458 460 462 464 465 467 468 470 471 474 475 476 477 478 479 457 457 458 459 459 460 460 459 459 460 460 460 459 459 459 459 458 458 457 456 456 455 454 453 452 451 450 448 447 445 444 442 441 440 447 445 443 440 438 436 433 430 427 425 421 418 415 411 408 404 400 396 392 387 382 377 372 367 361 355 347 340
258 263 267 271 275 278 282 285 288 437 440 443 446 448 451 453 455 457 460 461 463 465 468 469 471 472 473 475 476 477 478 479 480 457 458 459 459 459 460 460 460 460 460 459 459 459 459 458 458 458 457 456 456 455 454 453 452 451 449 448 447 445 444 442 441 448 447 444 442 440 438 435 433 430 427 424 421 418 415 411 408 404 400 396 391 387 382 377 372 366 360 354 348 340
258 262 267 271 274 278 282 285 288 437 440 443 446 448 451 453 455 457 459 462 464 466 468 469 471 472 473 475 476 477 478 479 479 480 458 458 459 459 460 460 460 460 460 460 460 460 459 458 458 457 457 456 455 455 454 453 452 451 449 448 447 445 444 442 441 448 446 444 442 440 438 435 433 430 427 424 421 418 415 411 407 404 400 395 391 387 382 377 372 366 360 354 347 339
258 262 266 270 274 278 281 285 288 437 440 443 445 448 450 453 455 458 460 462 464 466 467 469 470 472 473 474 475 477 477 478 479 480 481 458 459 459 459 460 460 460 460 460 460 460 459 459 458 457 457 456 455 454 453 453 451 450 449 448 446 445 443 442 441 448 446 444 442 440 437 435 432 430 427 424 421 418 414 411 407 403 399 395 391 386 382 377 371 366 360 354 347 340
258 262 266 270 274 278 281 284 288 437 440 442 445 448 450 454 456 458 460 462 464 465 467 469 470 472 473 474 475 476 477 478 479 480 480 481 459 459 459 459 460 460 460 460 460 459 459 459 458 458 456 456 455 454 453 452 451 450 449 448 446 445 443 441 441 448 446 444 442 440 437 435 432 429 427 424 421 417 414 411 407 403 399 395 391 386 381 376 371 365 360 353 347 340
257 262 266 270 274 277 281 284 433 436 439 442 445 448 451 453 456 458 460 462 464 465 467 469 470 471 473 474 475 476 477 478 479 480 480 481 481 459 459 459 459 460 460 460 459 459 459 459 458 458 457 457 455 454 453 452 451 450 449 447 446 445 443 441 441 448 446 444 442 439 437 434 432 429 426 423 420 417 414 410 407 403 399 395 390 386 381 376 371 365 359 353 346 339
257 261 266 270 273 277 281 284 433 436 439 443 446 448 451 453 455 457 460 461 463 465 467 468 470 471 473 474 475 476 477 478 479 479 480 481 481 459 459 459 459 459 459 459 459 459 459 459 458 458 457 456 456 455 453 452 451 450 449 447 446 444 443 441 441 447 446 443 441 439 437 434 432 429 426 423 420 417 414 410 406 403 399 394 390 386 381 376 370 365 359 353 346 339
257 261 265 269 273 277 280 284 433 436 440 443 445 448 451 453 455 457 459 461 463 465 467 468 470 471 472 474 475 476 477 478 478 479 480 480 481 481 459 459 459 459 459 459 459 459 459 458 458 457 457 456 455 455 454 452 451 450 448 447 446 444 443 441 449 447 445 443 441 439 437 434 431 429 426 423 420 417 413 410 406 402 398 394 390 385 380 375 370 364 359 352 346 339
257 261 265 269 273 277 280 283 433 437 440 443 445 448 450 453 455 457 459 461 463 465 466 468 469 471 472 473 474 476 477 477 478 479 480 480 481 481 481 459 459 459 459 459 459 459 458 458 458 457 457 456 455 454 454 453 450 449 448 447 445 444 442 441 449 447 445 443 441 439 436 434 431 429 426 423 420 416 413 410 406 402 398 394 390 385 380 375 370 364 358 352 345 338
256 261 265 269 273 276 280 284 433 437 439 442 445 448 450 452 455 457 459 461 463 464 466 468 469 471 472 473 474 475 476 477 478 479 479 480 481 481 481 459 459 459 459 459 459 459 458 458 458 457 456 456 455 454 453 452 451 450 448 447 445 444 442 441 449 447 445 443 441 438 436 434 431 428 425 423 419 416 413 409 406 402 398 394 389 385 380 375 369 364 358 352 345 338
256 260 265 269 272 276 281 284 433 436 439 442 445 447 450 452 454 457 459 461 463 464 466 468 469 470 472 473 474 475 476 477 478 479 479 480 480 481 481 481 459 459 459 459 459 458 458 458 457 457 456 456 455 454 453 452 451 450 449 446 445 444 442 441 449 447 445 443 440 438 436 433 431 428 425 422 419 416 413 409 405 402 398 393 389 384 380 375 369 364 358 351 345 338
256 260 264 268 272 277 280 284 433 436 439 442 445 447 450 452 454 456 458 460 462 464 466 467 469 470 472 473 474 475 476 477 478 478 479 480 480 481 481 481 458 458 458 458 458 458 458 458 457 457 456 455 455 454 453 452 451 450 449 447 445 443 442 441 448 446 444 442 440 438 436 433 431 428 425 422 419 416 412 409 405 401 397 393 389 384 379 374 369 363 357 351 344 337
255 260 264 268 273 277 280 284 433 436 439 442 444 447 449 452 454 456 458 460 462 464 466 467 469 470 471 473 474 475 476 477 477 478 479 479 480 480 481 481 481 458 458 458 458 458 458 457 457 456 456 455 454 454 453 452 451 450 448 447 446 443 442 441 448 446 444 442 440 438 435 433 430 428 425 422 419 416 412 409 405 401 397 393 388 384 379 374 369 363 357 351 344 337
255 260 264 269 273 276 280 283 432 436 439 441 444 447 449 452 454 456 458 460 462 464 465 467 468 470 471 472 473 475 476 476 477 478 479 479 480 480 480 481 481 458 458 458 458 458 457 457 457 456 456 455 454 453 453 452 450 449 448 447 445 444 442 450 448 446 444 442 440 438 435 433 430 427 425 422 418 415 412 408 405 401 397 393 388 384 379 374 368 363 357 350 344 336
255 259 265 269 272 276 280 283 432 435 438 441 444 446 449 451 454 456 458 460 462 463 465 467 468 470 471 472 473 474 475 476 477 478 478 479 480 480 480 481 481 481 458 458 458 458 457 457 457 456 455 455 454 453 452 451 450 449 448 447 445 444 442 449 448 446 444 442 440 437 435 432 430 427 424 421 418 415 412 408 404 401 397 392 388 383 378 373 368 362 356 350 343 336
255 260 264 268 272 276 279 429 432 435 438 441 444 446 449 451 453 456 458 460 461 463 465 466 468 469 471 472 473 474 475 476 477 478 478 479 479 480 480 480 481 481 458 458 458 457 457 457 456 456 455 455 454 453 452 451 450 449 448 446 445 443 442 450 447 446 444 442 439 437 435 432 430 427 424 421 418 415 411 408 404 400 396 392 388 383 378 373 368 362 356 350 343 336
255 260 264 268 272 276 279 428 432 435 438 441 443 446 448 451 453 455 457 459 461 463 465 466 468 469 470 472 473 474 475 476 477 477 478 479 479 480 480 480 480 480 480 457 457 457 457 457 456 456 455 454 454 453 452 451 450 449 447 446 445 443 442 450 448 445 443 441 439 437 434 432 429 427 424 421 418 414 411 408 404 400 396 392 387 383 378 373 367 362 356 349 342 335
255 259 264 268 272 275 279 428 431 435 438 440 443 446 448 451 453 455 457 459 461 463 464 466 468 469 470 471 473 474 475 476 476 477 478 478 479 479 480 480 480 480 480 457 457 457 457 456 456 455 455 454 453 453 452 451 450 448 447 446 445 443 442 450 448 446 443 441 439 437 434 432 429 426 424 421 417 414 411 407 404 400 396 391 387 382 377 372 367 361 355 349 342 335
255 259 263 267 271 275 279 428 431 434 437 440 443 446 448 450 453 455 457 459 461 463 464 466 467 469 470 471 472 473 474 475 476 477 478 478 479 479 479 480 480 480 480 457 457 457 456 456 456 455 455 454 453 452 451 450 449 448 447 446 444 443 442 450 448 446 444 441 439 436 434 432 429 426 423 420 417 414 411 407 403 399 395 391 387 382 377 372 367 361 355 348 342 334
254 259 263 267 271 275 278 428 431 434 437 440 443 445 448 450 452 455 457 459 461 462 464 466 467 468 470 471 472 473 474 475 476 477 477 478 478 479 479 479 480 480 480 480 457 456 456 456 455 455 454 454 453 452 451 450 449 448 447 445 444 443 451 449 448 446 444 442 438 436 434 431 429 426 423 420 417 414 410 407 403 399 395 391 386 382 377 372 366 361 355 348 341 334
254 259 263 267 271 274 278 427 431 434 437 440 442 445 448 450 452 454 456 458 460 462 464 465 467 468 470 471 472 473 474 475 476 476 477 478 478 479 479 479 479 480 480 480 456 456 456 456 455 455 454 453 453 452 451 450 449 448 447 445 444 443 451 449 447 445 443 441 438 436 434 431 428 426 423 420 417 413 410 406 403 399 395 391 386 381 377 371 366 360 354 348 341 334
254 258 263 267 270 274 278 427 430 434 437 439 442 445 447 450 452 454 456 458 460 462 464 465 467 468 469 471 472 473 474 475 476 476 477 477 478 478 479 479 479 479 479 479 456 456 456 455 455 454 454 453 453 452 451 450 449 448 446 445 444 443 451 449 447 445 443 441 439 436 433 431 428 425 423 420 416 413 410 406 402 399 395 390 386 381 376 371 366 360 354 347 340 333
253 258 262 266 270 274 277 427 430 433 436 439 442 445 447 449 452 454 456 458 460 462 463 465 466 468 469 470 471 473 474 474 475 476 477 477 478 478 479 479 479 479 479 479 456 456 456 455 455 454 454 453 452 451 451 450 448 447 446 445 443 443 450 449 447 445 443 441 439 436 433 431 428 425 422 419 416 413 409 406 402 398 394 390 385 381 376 371 365 359 353 347 340 333
253 258 262 266 270 274 277 427 430 433 436 439 442 444 447 449 451 454 456 458 460 461 463 465 466 468 469 470 471 472 473 474 475 476 476 477 478 478 478 479 479 479 479 479 456 456 455 455 455 454 453 453 452 451 450 449 448 447 446 445 443 443 450 448 447 445 443 441 438 436 434 430 428 425 422 419 416 413 409 406 402 398 394 390 385 380 376 370 365 359 353 347 340 332
253 257 262 266 270 273 277 426 430 433 436 439 441 444 447 449 451 453 455 457 459 461 463 464 466 467 469 470 471 472 473 474 475 476 476 477 477 478 478 478 479 479 479 479 456 455 455 455 454 454 453 453 452 451 450 449 448 447 446 444 443 443 450 448 446 444 442 440 438 436 434 430 427 425 422 419 416 412 409 405 402 398 394 389 385 380 375 370 365 359 353 346 339 332
252 257 261 265 269 273 277 426 429 432 435 438 441 444 446 449 451 453 455 457 459 461 463 464 466 467 468 470 471 472 473 474 475 475 476 477 477 478 478 478 478 478 478 478 455 455 455 455 454 454 453 452 452 451 450 449 448 447 445 444 443 443 450 448 446 444 442 440 438 436 433 431 427 424 421 418 415 412 409 405 401 397 393 389 384 380 375 370 364 358 352 346 339 331
