testData/tiles/oneDegreeCosts/grid23.0-28.0-24.0-29.0.asc
ncols   200
nrows   200
xllcorner   23.0
yllcorner   28.0
cellsize   0.005
NODATA_value   -9999.0
[rows 126 to 167 of 200, columns 0 to 93 of 200]
483 484 484 484 484 485 485 485 486 486 486 487 487 487 488 488 413 414 414 414 414 415 415 415 416 416 416 416 417 417 417 418 418 418 418 419 419 524 524 525 525 525 525 526 526 526 526 527 527 527 527 528 528 528 528 529 529 529 529 529 530 530 530 530 531 531 531 531 531 532 532 532 532 532 533 533 533 533 533 534 534 534 534 534 535 535 535 535 535 535 537 538 538 539
438 483 483 484 484 484 485 485 485 486 486 486 486 412 412 412 413 413 413 414 414 414 414 415 415 415 416 416 416 416 417 417 417 418 418 418 418 524 524 524 524 525 525 525 525 526 526 526 526 527 527 527 527 528 528 528 528 529 529 529 529 529 530 530 530 530 530 531 531 531 531 532 532 532 532 532 533 533 533 533 533 533 534 534 534 534 534 535 535 535 536 537 538 539
437 437 483 483 483 484 484 484 485 485 410 411 411 411 412 412 412 412 413 413 413 414 414 414 415 415 415 415 416 416 416 416 417 417 417 418 418 523 523 524 524 524 524 525 525 525 525 526 526 526 526 527 527 527 527 528 528 528 528 528 529 529 529 529 530 530 530 530 530 531 531 531 531 531 532 532 532 532 532 533 533 533 533 533 534 534 534 534 534 534 536 537 538 539
437 437 437 483 483 483 484 409 409 409 410 410 410 411 411 411 412 412 412 413 413 413 413 414 414 414 415 415 415 415 416 416 416 417 417 417 417 523 523 523 523 524 524 524 524 525 525 525 525 526 526 526 526 527 527 527 527 527 528 528 528 528 529 529 529 529 529 530 530 530 530 531 531 531 531 531 532 532 532 532 532 532 533 533 533 533 533 534 534 534 535 536 537 539
436 436 437 437 407 408 408 408 409 409 409 410 410 410 410 411 411 411 412 412 412 413 413 413 413 414 414 414 415 415 415 415 416 416 416 417 417 522 522 523 523 523 523 524 524 524 524 525 525 525 525 526 526 526 526 527 527 527 527 527 528 528 528 528 529 529 529 529 529 530 530 530 530 530 531 531 531 531 531 532 532 532 532 532 533 533 533 533 533 533 535 536 537 538
435 361 361 361 362 407 407 408 408 408 409 409 409 410 410 410 411 411 411 411 412 412 412 413 413 413 413 414 414 414 415 415 415 415 416 416 521 522 522 522 522 523 523 523 523 524 524 524 524 525 525 525 525 526 526 526 526 526 527 527 527 527 528 528 528 528 528 529 529 529 529 529 530 530 530 530 531 531 531 531 531 531 532 532 532 532 532 533 533 533 534 535 536 538
360 360 361 361 361 362 407 407 407 408 408 408 409 409 409 410 410 410 411 411 411 411 412 412 412 413 413 413 414 414 414 414 415 415 415 415 521 521 521 522 522 522 522 523 523 523 523 524 524 524 524 525 525 525 525 525 526 526 526 526 527 527 527 527 527 528 528 528 528 529 529 529 529 529 530 530 530 530 530 531 531 531 531 531 532 532 532 532 532 533 535 535 536 537
359 360 360 360 361 361 361 407 407 407 408 408 408 409 409 409 409 410 410 410 411 411 411 412 412 412 412 413 413 413 414 414 414 414 415 415 520 520 521 521 521 521 522 522 522 523 523 523 523 523 524 524 524 524 525 525 525 525 526 526 526 526 527 527 527 527 527 528 528 528 528 528 529 529 529 529 529 530 530 530 530 530 531 531 531 531 531 532 532 533 534 535 536 537
359 359 359 360 360 360 361 361 406 407 407 407 408 408 408 409 409 409 409 410 410 410 411 411 411 412 412 412 412 413 413 413 414 414 414 414 520 520 520 520 521 521 521 521 522 522 522 522 523 523 523 523 524 524 524 524 525 525 525 525 526 526 526 526 526 527 527 527 527 528 528 528 528 528 529 529 529 529 529 530 530 530 530 530 530 531 531 531 531 532 534 535 536 537
358 358 359 359 359 360 360 360 361 406 406 407 407 407 408 408 408 409 409 409 410 410 410 410 411 411 411 412 412 412 412 413 413 413 414 414 519 519 520 520 520 520 521 521 521 521 522 522 522 522 523 523 523 523 524 524 524 524 525 525 525 525 525 526 526 526 526 527 527 527 527 527 528 528 528 528 528 529 529 529 529 529 530 530 530 530 530 531 531 532 533 534 535 537
358 358 358 359 359 359 360 360 360 361 406 406 406 407 407 407 408 408 408 409 409 409 410 410 410 410 411 411 411 412 412 412 412 413 413 413 519 519 519 519 520 520 520 520 521 521 521 521 522 522 522 522 523 523 523 523 524 524 524 524 524 525 525 525 525 526 526 526 526 526 527 527 527 527 527 528 528 528 528 528 529 529 529 529 529 530 530 530 530 531 533 534 535 536
357 357 358 358 358 359 359 359 360 360 360 406 406 406 407 407 407 407 408 408 408 409 409 409 410 410 410 410 411 411 411 412 412 412 412 413 518 518 518 519 519 519 520 520 520 520 521 521 521 521 522 522 522 522 523 523 523 523 523 524 524 524 524 525 525 525 525 525 526 526 526 526 527 527 527 527 527 528 528 528 528 528 529 529 529 529 529 529 530 531 532 533 534 536
356 357 357 357 358 358 358 359 359 359 360 360 405 406 406 406 407 407 407 407 408 408 408 409 409 409 410 410 410 410 411 411 411 412 412 517 517 518 518 518 518 519 519 519 519 520 520 520 521 521 521 521 521 522 522 522 522 523 523 523 523 524 524 524 524 524 525 525 525 525 526 526 526 526 526 527 527 527 527 527 528 528 528 528 528 529 529 529 530 531 531 533 534 535
356 356 356 357 357 357 358 358 358 359 359 359 360 360 405 406 406 406 407 407 407 408 408 408 408 409 409 409 410 410 410 410 411 411 411 517 517 517 517 518 518 518 518 519 519 519 519 520 520 520 520 521 521 521 521 522 522 522 522 523 523 523 523 523 524 524 524 524 525 525 525 525 525 526 526 526 526 526 527 527 527 527 527 528 528 528 528 528 530 531 532 532 533 534
355 355 356 356 356 357 357 357 358 358 358 359 359 359 360 405 405 406 406 406 407 407 407 408 408 408 408 409 409 409 410 410 410 410 411 516 516 517 517 517 517 518 518 518 518 519 519 519 519 520 520 520 520 521 521 521 521 522 522 522 522 522 523 523 523 523 524 524 524 524 524 525 525 525 525 525 526 526 526 526 526 527 527 527 527 527 528 528 529 530 531 533 534 534
355 355 355 356 356 356 357 357 357 358 358 358 359 359 359 359 405 405 405 406 406 406 407 407 407 408 408 408 408 409 409 409 410 410 410 515 516 516 516 516 517 517 517 518 518 518 518 519 519 519 519 520 520 520 520 521 521 521 521 521 522 522 522 522 523 523 523 523 523 524 524 524 524 525 525 525 525 525 526 526 526 526 526 527 527 527 527 527 528 530 531 532 533 534
354 354 355 355 355 356 356 356 357 357 357 358 358 358 359 359 359 405 405 405 405 406 406 406 407 407 407 408 408 408 408 409 409 409 410 515 515 515 516 516 516 516 517 517 517 517 518 518 518 518 519 519 519 519 520 520 520 520 521 521 521 521 522 522 522 522 522 523 523 523 523 524 524 524 524 524 525 525 525 525 525 526 526 526 526 526 527 527 528 529 530 531 533 534
353 354 354 354 355 355 355 356 356 356 357 357 357 358 358 358 359 359 404 405 405 405 405 406 406 406 407 407 407 408 408 408 408 409 409 514 514 515 515 515 516 516 516 516 517 517 517 517 518 518 518 518 519 519 519 519 520 520 520 520 521 521 521 521 521 522 522 522 522 523 523 523 523 523 524 524 524 524 524 525 525 525 525 525 526 526 526 526 527 529 530 531 532 533
353 353 353 354 354 354 355 355 355 356 356 356 357 357 357 358 358 358 359 404 404 405 405 405 405 406 406 406 407 407 407 407 408 408 408 514 514 514 514 515 515 515 516 516 516 516 517 517 517 517 518 518 518 518 519 519 519 519 519 520 520 520 520 521 521 521 521 522 522 522 522 522 523 523 523 523 523 524 524 524 524 524 525 525 525 525 525 527 527 528 529 530 532 533
352 352 353 353 353 354 354 354 355 355 355 356 356 356 357 357 357 358 358 358 404 404 404 405 405 405 405 406 406 406 407 407 407 407 408 513 513 514 514 514 514 515 515 515 515 516 516 516 516 517 517 517 517 518 518 518 518 519 519 519 519 520 520 520 520 521 521 521 521 521 522 522 522 522 522 523 523 523 523 523 524 524 524 524 524 525 525 526 527 527 529 530 531 532
351 352 352 352 353 353 353 354 354 354 355 355 355 356 356 356 357 357 357 358 358 358 404 404 404 405 405 405 405 406 406 406 407 407 512 512 513 513 513 513 514 514 514 515 515 515 515 516 516 516 516 517 517 517 517 518 518 518 518 519 519 519 519 519 520 520 520 520 521 521 521 521 521 522 522 522 522 522 523 523 523 523 523 524 524 524 524 525 527 528 529 529 530 532
351 351 351 352 352 352 353 353 353 354 354 354 355 355 355 356 356 356 357 357 357 358 358 403 404 404 404 404 405 405 405 406 406 406 512 512 512 512 513 513 513 513 514 514 514 514 515 515 515 516 516 516 516 517 517 517 517 517 518 518 518 518 519 519 519 519 520 520 520 520 520 521 521 521 521 522 522 522 522 522 523 523 523 523 523 523 524 525 526 527 528 530 530 531
350 350 351 351 351 352 352 353 353 353 354 354 354 354 355 355 355 356 356 356 357 357 357 358 403 403 404 404 404 404 405 405 405 406 511 511 511 512 512 512 513 513 513 513 514 514 514 514 515 515 515 515 516 516 516 516 517 517 517 517 518 518 518 518 519 519 519 519 519 520 520 520 520 520 521 521 521 521 522 522 522 522 522 523 523 523 523 524 525 527 528 529 530 530
349 350 350 350 351 351 352 352 352 353 353 353 354 354 354 355 355 355 355 356 356 356 357 357 357 403 403 403 404 404 404 404 405 405 510 511 511 511 511 512 512 512 512 513 513 513 514 514 514 514 515 515 515 515 516 516 516 516 517 517 517 517 517 518 518 518 518 519 519 519 519 519 520 520 520 520 521 521 521 521 521 522 522 522 522 522 523 524 525 526 527 528 530 531
349 349 349 350 350 351 351 351 352 352 352 353 353 353 354 354 354 355 355 355 355 356 356 356 357 357 357 403 403 403 403 404 404 404 510 510 510 510 511 511 511 512 512 512 512 513 513 513 513 514 514 514 514 515 515 515 515 516 516 516 516 517 517 517 517 518 518 518 518 518 519 519 519 519 520 520 520 520 520 521 521 521 521 521 522 522 522 523 524 525 527 528 529 530
349 349 349 349 349 350 350 351 351 351 352 352 352 353 353 353 354 354 354 354 355 355 355 356 356 356 357 357 402 403 403 403 403 404 509 509 510 510 510 510 511 511 511 511 512 512 512 513 513 513 513 514 514 514 514 515 515 515 515 516 516 516 516 516 517 517 517 517 518 518 518 518 518 519 519 519 519 520 520 520 520 520 521 521 521 521 521 523 524 525 526 527 528 530
349 349 349 349 349 349 350 350 350 351 351 351 352 352 352 353 353 353 354 354 354 354 355 355 355 356 356 356 357 402 402 402 403 403 508 509 509 509 509 510 510 510 511 511 511 511 512 512 512 512 513 513 513 513 514 514 514 514 515 515 515 515 516 516 516 516 517 517 517 517 517 518 518 518 518 519 519 519 519 519 520 520 520 520 520 521 522 523 523 524 525 527 528 529
349 349 349 349 349 349 349 349 350 350 350 351 351 351 352 352 352 353 353 353 353 354 354 354 355 355 355 356 356 356 402 402 402 402 508 508 508 509 509 509 509 510 510 510 510 511 511 511 512 512 512 512 513 513 513 513 514 514 514 514 515 515 515 515 515 516 516 516 516 517 517 517 517 517 518 518 518 518 519 519 519 519 519 520 520 520 521 522 523 524 525 526 527 528
349 349 349 349 349 349 349 349 349 349 350 350 350 351 351 351 352 352 352 353 353 353 353 354 354 354 355 355 355 356 356 356 401 402 507 507 508 508 508 508 509 509 509 510 510 510 510 511 511 511 511 512 512 512 512 513 513 513 513 514 514 514 514 515 515 515 515 516 516 516 516 516 517 517 517 517 517 518 518 518 518 519 519 519 519 519 520 522 523 524 524 525 527 528
349 349 349 349 349 349 349 349 349 349 349 349 350 350 350 351 351 351 352 352 352 352 353 353 353 354 354 354 355 355 355 356 356 506 506 507 507 507 508 508 508 508 509 509 509 509 510 510 510 511 511 511 511 512 512 512 512 513 513 513 513 514 514 514 514 514 515 515 515 515 516 516 516 516 516 517 517 517 517 517 518 518 518 518 518 519 520 521 522 523 525 525 526 527
349 349 349 349 349 349 349 349 349 349 349 349 349 349 350 350 350 351 351 351 351 352 352 352 353 353 353 354 354 354 355 355 355 460 461 506 506 507 507 507 507 508 508 508 509 509 509 509 510 510 510 510 511 511 511 511 512 512 512 512 513 513 513 513 514 514 514 514 514 515 515 515 515 516 516 516 516 516 517 517 517 517 517 518 518 518 519 520 522 523 524 525 525 527
349 349 349 349 349 349 349 349 349 349 349 349 349 349 349 349 350 350 350 350 351 351 351 352 352 352 353 353 353 354 354 354 355 460 460 460 506 506 506 507 507 507 507 508 508 508 508 509 509 509 509 510 510 510 511 511 511 511 512 512 512 512 512 513 513 513 513 514 514 514 514 515 515 515 515 515 516 516 516 516 516 517 517 517 517 517 519 520 521 522 523 525 526 526
349 349 349 349 349 349 349 349 349 349 349 349 349 349 349 349 349 349 349 350 350 350 351 351 351 352 352 352 353 353 353 354 354 459 459 460 460 505 506 506 506 506 507 507 507 508 508 508 508 509 509 509 509 510 510 510 510 511 511 511 511 512 512 512 512 513 513 513 513 513 514 514 514 514 515 515 515 515 515 516 516 516 516 516 517 517 518 519 520 522 523 524 525 525
349 349 349 349 349 349 349 349 349 349 349 349 349 349 349 349 349 349 349 349 349 350 350 350 351 351 351 352 352 352 353 353 353 458 459 459 459 460 460 505 505 506 506 506 507 507 507 507 508 508 508 508 509 509 509 509 510 510 510 510 511 511 511 511 512 512 512 512 513 513 513 513 513 514 514 514 514 515 515 515 515 515 516 516 516 516 517 519 520 521 522 523 525 526
349 349 349 349 349 349 349 349 349 349 349 349 349 349 349 349 349 349 349 349 349 349 349 350 350 350 351 351 351 352 352 352 352 458 458 458 459 459 459 459 505 505 505 506 506 506 506 507 507 507 507 508 508 508 509 509 509 509 510 510 510 510 511 511 511 511 511 512 512 512 512 513 513 513 513 513 514 514 514 514 515 515 515 515 515 517 517 518 519 520 521 523 524 525
349 349 349 349 349 349 349 349 349 349 349 349 349 349 349 349 349 349 349 349 349 349 349 349 349 350 350 350 351 351 351 351 352 457 457 458 458 458 459 459 459 459 505 505 505 505 506 506 506 507 507 507 507 508 508 508 508 509 509 509 509 510 510 510 510 511 511 511 511 511 512 512 512 512 513 513 513 513 513 514 514 514 514 514 515 516 517 517 518 520 521 522 523 744
349 349 349 349 349 349 349 349 349 349 349 349 349 349 349 349 349 349 349 349 349 349 349 349 349 349 349 350 350 350 350 351 351 456 457 457 457 458 458 458 458 459 459 504 505 505 505 505 506 506 506 506 507 507 507 507 508 508 508 508 509 509 509 509 510 510 510 510 511 511 511 511 511 512 512 512 512 513 513 513 513 513 514 514 514 515 516 518 518 519 520 741 743 744
349 349 349 349 349 349 349 349 349 349 349 349 349 349 349 349 349 349 349 349 349 349 349 349 349 349 349 349 349 349 350 350 350 456 456 456 457 457 457 457 458 458 458 459 459 504 504 505 505 505 505 506 506 506 507 507 507 507 508 508 508 508 508 509 509 509 509 510 510 510 510 511 511 511 511 511 512 512 512 512 513 513 513 513 513 515 516 517 518 518 740 741 742 743
349 349 349 349 349 349 349 349 349 349 349 349 349 349 349 349 349 349 349 349 349 349 349 349 349 349 349 349 349 349 349 349 350 455 455 456 456 456 456 457 457 457 458 458 458 458 459 504 504 505 505 505 505 506 506 506 506 507 507 507 507 508 508 508 508 509 509 509 509 509 510 510 510 510 511 511 511 511 511 512 512 512 512 512 513 514 515 516 517 739 739 740 741 742
370 349 349 349 349 349 349 349 349 349 349 349 349 349 349 349 349 349 349 349 349 349 349 349 349 349 349 349 349 349 349 349 349 454 455 455 455 455 456 456 456 457 457 457 457 458 458 458 504 504 504 504 505 505 505 505 506 506 506 506 507 507 507 507 508 508 508 508 509 509 509 509 509 510 510 510 510 511 511 511 511 511 512 512 512 513 514 736 737 738 739 739 741 742
369 370 370 370 349 349 349 349 349 349 349 349 349 349 349 349 349 349 349 349 349 349 349 349 349 349 349 349 349 349 349 349 453 454 454 454 454 455 455 455 456 456 456 456 457 457 457 458 458 458 503 504 504 504 504 505 505 505 505 506 506 506 506 507 507 507 507 508 508 508 508 509 509 509 509 509 510 510 510 510 511 511 511 511 511 513 734 735 736 737 739 739 740 741
369 369 369 370 370 370 371 349 349 349 349 349 349 349 349 349 349 349 349 349 349 349 349 349 349 349 349 349 349 349 349 349 452 453 453 453 454 454 454 455 455 455 455 456 456 456 457 457 457 457 458 503 503 503 504 504 504 504 505 505 505 505 506 506 506 506 507 507 507 507 508 508 508 508 509 509 509 509 509 510 510 510 510 510 511 732 733 734 735 737 738 739 739 740
