testData/tiles/oneDegreeCosts/grid17.0-14.0-18.0-15.0.asc
ncols   200
nrows   200
xllcorner   17.0
yllcorner   14.0
cellsize   0.005
NODATA_value   -9999.0
[rows 42 to 83 of 200, columns 0 to 93 of 200]
279 279 279 279 279 279 279 279 279 280 281 281 282 283 283 284 285 286 286 287 288 288 289 290 291 291 292 293 293 294 295 296 296 297 298 298 299 300 301 301 302 303 303 304 305 305 306 307 307 308 309 310 310 311 312 312 313 314 314 315 316 316 317 318 318 319 320 320 321 321 322 323 323 324 325 325 326 327 327 328 329 329 330 330 331 332 332 333 333 334 335 335 336 336
149 149 279 279 279 279 279 279 279 280 281 282 282 283 284 285 285 286 287 287 288 289 290 290 291 292 293 293 294 295 295 296 297 297 298 299 300 300 301 302 302 303 304 304 305 306 307 307 308 309 309 310 311 311 312 313 313 314 315 315 316 317 317 318 319 319 320 321 321 322 323 323 324 325 325 326 327 327 328 328 329 330 330 331 332 332 333 333 334 335 335 336 336 337
149 149 149 149 279 279 279 279 280 281 281 282 283 284 284 285 286 286 287 288 289 289 290 291 291 292 293 294 294 295 296 297 297 298 299 299 300 301 301 302 303 304 304 305 306 306 307 308 308 309 310 310 311 312 313 313 314 315 315 316 317 317 318 319 319 320 321 321 322 323 323 324 324 325 326 326 327 328 328 329 330 330 331 331 332 333 333 334 335 335 336 336 337 338
149 149 149 149 149 149 149 280 280 281 282 282 283 284 285 285 286 287 288 288 289 290 290 291 292 293 293 294 295 296 296 297 298 298 299 300 300 301 302 303 303 304 305 305 306 307 307 308 309 310 310 311 312 312 313 314 314 315 316 316 317 318 318 319 320 320 321 322 322 323 324 324 325 326 326 327 328 328 329 330 330 331 331 332 333 333 334 335 335 336 336 337 338 338
149 149 149 149 149 149 149 150 151 151 282 283 284 284 285 286 287 287 288 289 289 290 291 292 292 293 294 295 295 296 297 297 298 299 300 300 301 302 302 303 304 304 305 306 307 307 308 309 309 310 311 311 312 313 313 314 315 316 316 317 318 318 319 320 320 321 322 322 323 324 324 325 326 326 327 327 328 329 329 330 331 331 332 333 333 334 334 335 336 336 337 338 338 339
149 149 149 149 149 149 150 150 151 152 153 153 154 285 285 286 287 288 288 289 290 291 291 292 293 293 294 295 296 296 297 298 299 299 300 301 301 302 303 304 304 305 306 306 307 308 308 309 310 311 311 312 313 313 314 315 315 316 317 317 318 319 319 320 321 321 322 323 323 324 325 325 326 327 327 328 329 329 330 331 331 332 333 333 334 334 335 336 336 337 338 338 339 339
149 149 149 149 149 149 150 151 151 152 153 154 154 155 156 157 287 288 289 290 290 291 292 292 293 294 295 295 296 297 298 298 299 300 300 301 302 303 303 304 305 305 306 307 307 308 309 310 310 311 312 312 313 314 314 315 316 316 317 318 319 319 320 321 321 322 323 323 324 325 325 326 327 327 328 329 329 330 330 331 332 332 333 334 334 335 336 336 337 337 338 339 339 340
149 149 149 149 149 150 150 151 152 153 153 154 155 156 156 157 158 158 159 290 291 291 292 293 294 294 295 296 296 297 298 299 299 300 301 302 302 303 304 304 305 306 307 307 308 309 309 310 311 311 312 313 314 314 315 316 316 317 318 318 319 320 320 321 322 322 323 324 324 325 326 326 327 328 328 329 330 330 331 332 332 333 334 334 335 335 336 337 337 338 339 339 340 340
149 149 149 149 149 150 151 151 152 153 154 154 155 156 157 157 158 159 160 160 161 162 163 293 294 295 295 296 297 298 298 299 300 301 301 302 303 303 304 305 306 306 307 308 308 309 310 310 311 312 313 313 314 315 315 316 317 317 318 319 320 320 321 322 322 323 324 324 325 326 326 327 328 328 329 330 330 331 332 332 333 333 334 335 335 336 337 337 338 339 339 340 340 341
149 149 149 149 150 150 151 152 153 153 154 155 156 156 157 158 159 159 160 161 161 162 163 164 164 165 296 297 297 298 299 300 300 301 302 302 303 304 305 305 306 307 307 308 309 310 310 311 312 312 313 314 314 315 316 317 317 318 319 319 320 321 321 322 323 323 324 325 325 326 327 327 328 329 329 330 331 331 332 333 333 334 335 335 336 337 337 338 338 339 340 340 341 342
149 149 149 149 150 151 151 152 153 154 154 155 156 157 157 158 159 160 160 161 162 163 163 164 165 166 166 167 168 168 299 300 301 301 302 303 304 304 305 306 306 307 308 309 309 310 311 311 312 313 314 314 315 316 316 317 318 318 319 320 320 321 322 323 323 324 325 325 326 327 327 328 329 329 330 331 331 332 333 333 334 335 335 336 336 337 338 338 339 340 340 341 342 342
149 149 149 150 150 151 152 153 153 154 155 156 156 157 158 159 159 160 161 162 162 163 164 164 165 166 167 167 168 169 170 170 171 172 303 303 304 305 305 306 307 308 308 309 310 310 311 312 313 313 314 315 315 316 317 317 318 319 320 320 321 322 322 323 324 324 325 326 326 327 328 328 329 330 330 331 332 332 333 334 334 335 336 336 337 338 338 339 340 340 341 341 342 343
149 149 149 150 151 151 152 153 154 154 155 156 157 157 158 159 160 160 161 162 163 163 164 165 166 166 167 168 169 169 170 171 171 172 173 174 174 175 306 307 307 308 309 309 310 311 312 312 313 314 314 315 316 317 317 318 319 319 320 321 321 322 323 323 324 325 326 326 327 328 328 329 330 330 331 332 332 333 334 334 335 336 336 337 338 338 339 339 340 341 341 342 343 343
149 149 150 150 151 152 153 153 154 155 156 156 157 158 159 159 160 161 162 162 163 164 165 165 166 167 167 168 169 170 170 171 172 173 173 174 175 176 176 177 178 178 179 310 311 311 312 313 313 314 315 316 316 317 318 318 319 320 320 321 322 323 323 324 325 325 326 327 327 328 329 329 330 331 331 332 333 333 334 335 335 336 337 337 338 339 339 340 341 341 342 343 343 344
149 149 150 151 151 152 153 154 154 155 156 157 157 158 159 160 160 161 162 163 163 164 165 166 166 167 168 169 169 170 171 172 172 173 174 174 175 176 177 177 178 179 180 180 181 182 182 313 314 315 315 316 317 317 318 319 320 320 321 322 322 323 324 324 325 326 326 327 328 329 329 330 331 331 332 333 333 334 335 335 336 337 337 338 339 339 340 341 341 342 342 343 344 344
149 150 150 151 152 153 153 154 155 156 156 157 158 159 159 160 161 162 162 163 164 165 165 166 167 168 168 169 170 170 171 172 173 173 174 175 176 176 177 178 179 179 180 181 181 182 183 184 184 185 186 186 317 318 319 319 320 321 321 322 323 323 324 325 326 326 327 328 328 329 330 330 331 332 332 333 334 334 335 336 336 337 338 338 339 340 340 341 342 342 343 344 344 345
149 150 151 151 152 153 154 154 155 156 157 157 158 159 160 160 161 162 163 163 164 165 166 166 167 168 169 169 170 171 172 172 173 174 175 175 176 177 177 178 179 180 180 181 182 183 183 184 185 185 186 187 188 188 189 190 190 191 322 323 323 324 325 325 326 327 327 328 329 330 330 331 332 332 333 334 334 335 336 336 337 338 338 339 340 340 341 342 342 343 344 344 345 345
149 150 151 152 152 153 154 155 156 156 157 158 159 159 160 161 162 162 163 164 165 165 166 167 168 168 169 170 171 171 172 173 173 174 175 176 176 177 178 179 179 180 181 182 182 183 184 184 185 186 187 187 188 189 189 190 191 192 192 193 194 194 195 196 197 327 328 329 329 330 331 331 332 333 333 334 335 335 336 337 337 338 339 339 340 341 341 342 343 343 344 345 345 346
150 151 151 152 153 154 154 155 156 157 157 158 159 160 160 161 162 163 163 164 165 166 166 167 168 169 169 170 171 172 172 173 174 175 175 176 177 178 178 179 180 180 181 182 183 183 184 185 186 186 187 188 188 189 190 191 191 192 193 193 194 195 196 196 197 198 198 199 200 200 201 202 203 333 334 335 335 336 337 337 338 339 339 340 341 341 342 343 343 344 345 345 346 347
150 151 152 152 153 154 155 155 156 157 158 158 159 160 161 162 162 163 164 165 165 166 167 168 168 169 170 171 171 172 173 174 174 175 176 176 177 178 179 179 180 181 182 182 183 184 185 185 186 187 187 188 189 190 190 191 192 192 193 194 195 195 196 197 197 198 199 200 200 201 202 202 203 204 204 205 206 206 207 208 208 209 210 340 341 342 342 343 344 344 345 346 346 347
150 151 152 153 154 154 155 156 157 157 158 159 160 160 161 162 163 163 164 165 166 166 167 168 169 169 170 171 172 172 173 174 175 175 176 177 178 178 179 180 181 181 182 183 183 184 185 186 186 187 188 189 189 190 191 191 192 193 194 194 195 196 196 197 198 199 199 200 201 201 202 203 203 204 205 206 206 207 208 208 209 210 210 211 212 212 213 214 214 215 216 216 217 218
151 152 152 153 154 155 155 156 157 158 158 159 160 161 161 162 163 164 165 165 166 167 168 168 169 170 171 171 172 173 174 174 175 176 177 177 178 179 179 180 181 182 182 183 184 185 185 186 187 188 188 189 190 190 191 192 193 193 194 195 195 196 197 198 198 199 200 200 201 202 203 203 204 205 205 206 207 207 208 209 209 210 211 211 212 213 213 214 215 215 216 217 217 218
151 152 153 153 154 155 156 156 157 158 159 160 160 161 162 163 163 164 165 166 166 167 168 169 169 170 171 172 172 173 174 175 175 176 177 178 178 179 180 181 181 182 183 184 184 185 186 186 187 188 189 189 190 191 192 192 193 194 194 195 196 197 197 198 199 199 200 201 202 202 203 204 204 205 206 206 207 208 209 209 210 211 211 212 213 213 214 215 215 216 217 217 218 219
151 152 153 154 155 155 156 157 158 158 159 160 161 161 162 163 164 164 165 166 167 167 168 169 170 171 171 172 173 174 174 175 176 177 177 178 179 180 180 181 182 182 183 184 185 185 186 187 188 188 189 190 191 191 192 193 193 194 195 196 196 197 198 198 199 200 201 201 202 203 203 204 205 206 206 207 208 208 209 210 210 211 212 212 213 214 214 215 216 216 217 218 218 219
152 153 153 154 155 156 156 157 158 159 159 160 161 162 163 163 164 165 166 166 167 168 169 169 170 171 172 172 173 174 175 175 176 177 178 178 179 180 181 181 182 183 184 184 185 186 187 187 188 189 189 190 191 192 192 193 194 195 195 196 197 197 198 199 200 200 201 202 202 203 204 205 205 206 207 207 208 209 209 210 211 212 212 213 214 214 215 216 216 217 218 218 219 220
152 153 154 154 155 156 157 157 158 159 160 161 161 162 163 164 164 165 166 167 167 168 169 170 170 171 172 173 173 174 175 176 177 177 178 179 180 180 181 182 182 183 184 185 185 186 187 188 188 189 190 191 191 192 193 194 194 195 196 196 197 198 199 199 200 201 201 202 203 204 204 205 206 206 207 208 209 209 210 211 211 212 213 213 214 215 215 216 217 217 218 219 220 220
152 153 154 155 155 156 157 158 159 159 160 161 162 162 163 164 165 165 166 167 168 169 169 170 171 172 172 173 174 175 175 176 177 178 178 179 180 181 181 182 183 184 184 185 186 187 187 188 189 190 190 191 192 192 193 194 195 195 196 197 198 198 199 200 200 201 202 203 203 204 205 205 206 207 208 208 209 210 210 211 212 212 213 214 215 215 216 217 217 218 219 219 220 221
153 153 154 155 156 157 157 158 159 160 160 161 162 163 164 164 165 166 167 167 168 169 170 170 171 172 173 173 174 175 176 176 177 178 179 179 180 181 182 182 183 184 185 185 186 187 188 188 189 190 191 191 192 193 194 194 195 196 197 197 198 199 199 200 201 202 202 203 204 204 205 206 207 207 208 209 209 210 211 212 212 213 214 214 215 216 216 217 218 218 219 220 220 221
153 154 155 155 156 157 158 158 159 160 161 162 162 163 164 165 165 166 167 168 168 169 170 171 172 172 173 174 175 175 176 177 178 178 179 180 181 181 182 183 184 184 185 186 187 187 188 189 190 190 191 192 193 193 194 195 195 196 197 198 198 199 200 201 201 202 203 203 204 205 206 206 207 208 208 209 210 211 211 212 213 213 214 215 216 216 217 218 218 219 220 220 221 222
153 154 155 156 156 157 158 159 160 160 161 162 163 163 164 165 166 166 167 168 169 170 170 171 172 173 173 174 175 176 176 177 178 179 179 180 181 182 182 183 184 185 185 186 187 188 188 189 190 191 191 192 193 194 194 195 196 197 197 198 199 200 200 201 202 202 203 204 205 205 206 207 208 208 209 210 210 211 212 212 213 214 215 215 216 217 217 218 219 219 220 221 221 222
154 154 155 156 157 158 158 159 160 161 161 162 163 164 164 165 166 167 168 168 169 170 171 171 172 173 174 174 175 176 177 178 178 179 180 181 181 182 183 184 184 185 186 187 187 188 189 190 190 191 192 193 193 194 195 196 196 197 198 198 199 200 201 201 202 203 204 204 205 206 207 207 208 209 209 210 211 212 212 213 214 214 215 216 216 217 218 219 219 220 221 221 222 223
154 155 155 156 157 158 159 159 160 161 162 162 163 164 165 166 166 167 168 169 169 170 171 172 173 173 174 175 176 176 177 178 179 179 180 181 182 182 183 184 185 185 186 187 188 188 189 190 191 191 192 193 194 194 195 196 197 197 198 199 200 200 201 202 203 203 204 205 205 206 207 208 208 209 210 211 211 212 213 213 214 215 215 216 217 218 218 219 220 220 221 222 222 223
154 155 156 157 157 158 159 160 160 161 162 163 164 164 165 166 167 167 168 169 170 171 171 172 173 174 174 175 176 177 177 178 179 180 180 181 182 183 184 184 185 186 187 187 188 189 190 190 191 192 193 193 194 195 196 196 197 198 199 199 200 201 201 202 203 204 204 205 206 207 207 208 209 210 210 211 212 212 213 214 215 215 216 217 217 218 219 219 220 221 222 222 223 224
154 155 156 157 158 158 159 160 161 162 162 163 164 165 165 166 167 168 169 169 170 171 172 172 173 174 175 175 176 177 178 179 179 180 181 182 182 183 184 185 185 186 187 188 188 189 190 191 191 192 193 194 194 195 196 197 197 198 199 200 200 201 202 203 203 204 205 206 206 207 208 208 209 210 211 211 212 213 214 214 215 216 216 217 218 219 219 220 221 221 222 223 223 224
155 156 156 157 158 159 159 160 161 162 163 163 164 165 166 167 167 168 169 170 170 171 172 173 173 174 175 176 177 177 178 179 180 180 181 182 183 183 184 185 186 187 187 188 189 190 190 191 192 193 193 194 195 196 196 197 198 199 199 200 201 202 202 203 204 204 205 206 207 207 208 209 210 210 211 212 213 213 214 215 215 216 217 218 218 219 220 220 221 222 222 223 224 225
155 156 157 157 158 159 160 161 161 162 163 164 164 165 166 167 168 168 169 170 171 171 172 173 174 175 175 176 177 178 178 179 180 181 182 182 183 184 185 185 186 187 188 188 189 190 191 191 192 193 194 194 195 196 197 197 198 199 200 200 201 202 203 203 204 205 206 206 207 208 209 209 210 211 211 212 213 214 214 215 216 217 217 218 219 219 220 221 222 222 223 224 224 225
155 156 157 158 158 159 160 161 162 162 163 164 165 166 166 167 168 169 169 170 171 172 173 173 174 175 176 176 177 178 179 180 180 181 182 183 183 184 185 186 186 187 188 189 189 190 191 192 193 193 194 195 196 196 197 198 199 199 200 201 202 202 203 204 205 205 206 207 207 208 209 210 210 211 212 213 213 214 215 216 216 217 218 218 219 220 221 221 222 223 223 224 225 225
156 156 157 158 159 160 160 161 162 163 163 164 165 166 167 167 168 169 170 171 171 172 173 174 174 175 176 177 178 178 179 180 181 181 182 183 184 184 185 186 187 188 188 189 190 191 191 192 193 194 194 195 196 197 197 198 199 200 200 201 202 203 203 204 205 206 206 207 208 209 209 210 211 212 212 213 214 214 215 216 217 217 218 219 220 220 221 222 222 223 224 225 225 226
156 157 157 158 159 160 161 161 162 163 164 165 165 166 167 168 168 169 170 171 172 172 173 174 175 176 176 177 178 179 179 180 181 182 182 183 184 185 186 186 187 188 189 189 190 191 192 192 193 194 195 196 196 197 198 199 199 200 201 202 202 203 204 205 205 206 207 208 208 209 210 210 211 212 213 213 214 215 216 216 217 218 219 219 220 221 221 222 223 224 224 225 226 226
156 157 158 159 159 160 161 162 162 163 164 165 166 166 167 168 169 170 170 171 172 173 173 174 175 176 177 177 178 179 180 180 181 182 183 184 184 185 186 187 187 188 189 190 191 191 192 193 194 194 195 196 197 197 198 199 200 200 201 202 203 203 204 205 206 206 207 208 209 209 210 211 212 212 213 214 215 215 216 217 217 218 219 220 220 221 222 223 223 224 225 225 226 227
156 157 158 159 160 160 161 162 163 164 164 165 166 167 167 168 169 170 171 171 172 173 174 175 175 176 177 178 178 179 180 181 182 182 183 184 185 185 186 187 188 189 189 190 191 192 192 193 194 195 195 196 197 198 198 199 200 201 202 202 203 204 205 205 206 207 208 208 209 210 211 211 212 213 213 214 215 216 216 217 218 219 219 220 221 222 222 223 224 224 225 226 227 227
157 157 158 159 160 161 161 162 163 164 165 165 166 167 168 169 169 170 171 172 172 173 174 175 176 176 177 178 179 180 180 181 182 183 183 184 185 186 187 187 188 189 190 190 191 192 193 193 194 195 196 197 197 198 199 200 200 201 202 203 203 204 205 206 206 207 208 209 209 210 211 212 212 213 214 215 215 216 217 218 218 219 220 221 221 222 223 223 224 225 226 226 227 228
