testData/tiles/oneDegreeCosts/grid49.0-17.0-50.0-18.0.asc
ncols   200
nrows   200
xllcorner   49.0
yllcorner   17.0
cellsize   0.005
NODATA_value   -9999.0
[rows 123 to 163 of 200, columns 0 to 90 of 200]
1048 1049 1049 1050 1050 1051 1050 1051 1051 1052 1053 1054 1054 1055 1055 1055 1055 1056 1056 1057 1057 1057 1058 1057 1058 1058 1058 1059 1059 1060 1060 1060 1061 1061 1061 1061 1061 1061 1061 1061 1061 1061 1060 1060 1060 1060 981 980 980 980 980 979 978 978 966 965 965 964 963 963 962 961 961 960 960 959 958 958 957 957 955 955 954 954 952 952 951 691 689 689 688 687 686 686 685 683 682 682 680 680 679
1050 1050 1051 1051 1052 1051 1052 1052 1053 1054 1055 1055 1056 1056 1056 1056 1057 1057 1057 1058 1058 1059 1058 1059 1059 1059 1060 1061 1062 1061 1061 1062 1062 1062 1063 1062 1062 1062 1062 1063 1063 1062 1062 1062 1062 1062 983 982 981 981 981 981 980 967 967 967 966 965 965 964 964 962 962 962 961 961 959 959 958 958 957 956 956 955 954 953 953 692 691 690 690 688 688 687 687 685 685 684 682 681 681
1051 1051 1052 1052 1052 1052 1053 1054 1055 1055 1056 1056 1057 1056 1057 1057 1058 1058 1059 1059 1060 1059 1060 1060 1060 1062 1062 1063 1063 1062 1063 1063 1063 1064 1064 1063 1064 1064 1064 1064 1064 1063 1063 1063 1063 984 983 983 983 983 983 981 981 969 968 968 967 966 966 966 965 964 963 963 963 961 961 960 960 958 958 957 957 955 955 954 954 952 692 691 691 689 689 688 688 686 686 685 684 683 682
1052 1053 1053 1053 1053 1054 1055 1056 1056 1057 1057 1058 1057 1058 1058 1059 1059 1060 1060 1060 1061 1060 1061 1062 1063 1063 1064 1064 1063 1064 1064 1065 1065 1065 1064 1065 1065 1065 1065 1066 1065 1065 1065 1065 1065 986 985 985 984 984 984 983 970 970 970 970 968 968 967 967 967 965 965 964 964 962 962 961 961 960 959 959 958 957 956 956 955 954 693 693 692 691 690 690 688 688 687 687 685 684 684
1053 1053 1053 1054 1054 1056 1056 1057 1057 1058 1058 1058 1058 1059 1059 1060 1060 1061 1061 1062 1061 1063 1063 1064 1064 1064 1065 1064 1065 1065 1066 1066 1066 1067 1066 1066 1067 1067 1067 1067 1066 1066 1066 1066 987 986 986 986 986 986 985 972 972 972 971 970 970 969 969 968 967 966 966 966 964 964 963 963 962 961 960 960 959 958 957 957 956 955 694 694 693 692 691 691 689 689 688 688 686 686 685
1053 1054 1054 1055 1056 1057 1057 1058 1058 1059 1059 1059 1060 1060 1061 1061 1062 1062 1062 1062 1063 1064 1064 1065 1065 1066 1065 1066 1066 1067 1067 1067 1068 1067 1067 1068 1068 1068 1068 1068 1068 1068 1068 989 988 988 988 988 987 987 986 974 973 973 973 971 971 971 970 969 968 968 967 967 965 965 964 964 963 962 962 961 960 959 959 958 957 956 695 695 693 693 692 692 690 690 689 688 687 687 686
1054 1055 1056 1057 1058 1058 1059 1059 1059 1059 1060 1060 1061 1061 1062 1062 1063 1062 1063 1063 1065 1065 1066 1066 1067 1066 1067 1067 1067 1068 1068 1069 1068 1068 1069 1069 1069 1070 1069 1069 1069 1069 1070 991 990 989 989 989 989 988 975 975 975 974 973 973 972 972 971 970 970 969 969 967 967 966 966 965 964 963 963 962 961 960 960 959 958 957 957 696 695 694 694 692 692 691 690 689 688 688 686
1056 1056 1057 1058 1059 1059 1059 1059 1060 1060 1061 1061 1062 1062 1063 1063 1063 1063 1064 1065 1066 1066 1067 1066 1067 1067 1068 1068 1069 1069 1069 1069 1069 1070 1070 1071 1071 1070 1070 1071 1071 1071 992 991 991 991 991 991 989 977 977 977 976 975 974 974 974 973 972 971 971 970 970 968 968 967 967 965 965 964 964 962 962 961 961 959 959 958 958 696 696 695 695 693 693 692 692 690 690 689 688
1057 1057 1058 1059 1059 1059 1060 1060 1061 1061 1062 1063 1063 1064 1063 1064 1064 1065 1065 1067 1067 1068 1067 1068 1068 1069 1069 1070 1070 1069 1070 1070 1071 1071 1072 1072 1071 1072 1072 1072 1072 1072 993 993 993 993 992 991 991 979 978 978 977 976 976 975 975 974 973 973 972 972 970 970 969 969 967 967 966 966 964 964 963 963 962 961 960 959 958 697 697 696 695 694 694 693 692 691 691 689 689
1058 1058 1058 1059 1060 1061 1061 1062 1062 1063 1063 1064 1063 1064 1064 1065 1065 1066 1066 1068 1067 1068 1068 1069 1069 1070 1070 1070 1070 1071 1071 1072 1072 1073 1072 1072 1073 1073 1073 1074 1073 994 994 994 994 994 993 993 980 980 980 978 978 978 977 977 975 975 974 974 973 972 971 971 970 969 968 968 967 967 965 965 964 964 962 962 961 961 959 959 698 698 696 695 695 693 693 692 692 690 690
1058 1058 1059 1061 1061 1062 1062 1063 1063 1063 1063 1064 1064 1065 1065 1066 1066 1067 1066 1067 1068 1069 1070 1070 1071 1071 1071 1071 1072 1072 1073 1073 1073 1073 1073 1074 1074 1075 1075 1074 1074 996 996 996 996 995 994 994 982 982 980 980 979 979 978 977 977 976 976 975 974 973 973 972 971 970 969 969 968 967 966 966 965 964 963 963 962 961 960 960 699 698 697 697 696 694 694 693 692 691 691
1059 1060 1060 1061 1062 1063 1063 1063 1063 1064 1064 1065 1065 1066 1066 1067 1067 1067 1068 1068 1070 1070 1071 1071 1071 1071 1072 1072 1073 1073 1074 1073 1074 1074 1075 1075 1076 1075 1075 1076 997 997 997 996 996 996 996 984 983 982 982 981 981 980 979 978 978 977 977 975 975 974 974 972 972 971 971 970 969 968 968 967 965 965 964 964 962 962 961 961 699 699 698 698 696 696 695 693 693 692 692
1060 1061 1061 1062 1062 1063 1063 1064 1064 1065 1065 1066 1067 1066 1067 1067 1068 1068 1069 1069 1070 1071 1071 1071 1072 1072 1073 1073 1074 1073 1074 1074 1075 1075 1076 1076 1076 1076 1077 998 998 999 998 998 998 998 985 984 984 983 983 982 981 980 980 979 979 977 977 976 976 975 974 973 973 972 972 970 970 969 969 967 967 966 966 964 963 963 962 961 700 700 699 698 697 697 696 695 694 693 692
1060 1061 1061 1062 1062 1063 1064 1065 1065 1066 1067 1066 1067 1067 1068 1068 1069 1069 1070 1069 1070 1070 1071 1072 1073 1074 1074 1074 1074 1075 1075 1076 1076 1077 1076 1077 1077 1078 1078 999 999 999 999 999 999 999 986 985 985 985 984 983 982 982 981 981 979 979 978 978 977 976 975 974 974 972 972 971 971 970 969 968 968 967 966 965 965 964 962 962 961 701 699 699 698 698 696 696 695 694 693
1061 1062 1062 1063 1063 1064 1064 1066 1066 1066 1067 1067 1068 1068 1069 1069 1070 1069 1070 1070 1071 1071 1072 1073 1073 1074 1074 1075 1075 1076 1076 1077 1076 1077 1077 1078 1078 1079 1000 1000 1000 1001 1001 1001 1000 988 987 987 986 985 984 984 983 983 982 981 980 980 979 978 977 977 976 976 974 973 973 972 972 970 970 969 969 967 967 966 966 964 964 963 962 701 700 700 699 698 697 697 695 695 693
1062 1063 1063 1064 1063 1064 1064 1065 1066 1067 1068 1068 1069 1069 1069 1069 1070 1070 1071 1071 1072 1073 1072 1073 1073 1074 1074 1076 1076 1076 1076 1077 1077 1078 1079 1079 1079 1001 1001 1001 1002 1002 1001 1001 989 989 989 988 987 986 986 985 985 983 982 982 981 981 979 979 978 978 977 976 975 975 974 972 972 971 971 969 969 968 968 967 966 965 965 964 962 702 701 700 699 699 698 697 695 695 694
1062 1063 1063 1064 1064 1065 1065 1066 1067 1067 1069 1068 1069 1069 1070 1070 1071 1071 1072 1072 1072 1073 1073 1074 1074 1075 1075 1075 1075 1076 1077 1078 1079 1079 1079 1079 1080 1001 1002 1002 1002 1002 1003 991 991 990 989 988 988 987 987 985 985 984 984 983 981 981 980 980 979 978 977 977 976 976 974 974 973 972 971 970 970 969 968 967 967 966 965 964 963 963 701 701 700 699 697 697 696 696 694
1063 1064 1064 1065 1065 1066 1066 1066 1067 1067 1068 1068 1069 1070 1071 1071 1071 1071 1072 1073 1073 1074 1074 1075 1074 1075 1075 1076 1076 1077 1077 1077 1078 1078 1080 1080 1002 1002 1002 1002 1003 1003 1004 993 991 990 990 989 989 987 987 986 986 985 984 983 982 982 981 980 979 979 978 978 976 976 975 975 974 972 972 971 971 969 969 968 968 966 966 965 964 962 701 701 700 699 698 698 696 696 695
1064 1065 1065 1065 1065 1066 1066 1067 1068 1068 1069 1069 1070 1070 1070 1071 1072 1072 1073 1074 1074 1074 1074 1075 1075 1076 1076 1077 1077 1077 1077 1078 1079 1079 1080 1002 1002 1002 1002 1003 1004 1003 992 992 992 991 991 989 989 988 988 987 987 985 985 984 983 983 981 981 980 980 978 978 977 977 976 975 974 973 973 971 971 970 970 968 967 966 966 964 963 963 702 701 700 700 699 698 697 697 696
1063 1064 1065 1066 1066 1067 1067 1068 1069 1068 1069 1069 1070 1070 1071 1071 1072 1072 1073 1073 1074 1075 1075 1076 1076 1077 1076 1077 1077 1078 1078 1079 1079 1079 1080 1002 1002 1002 1003 1003 1003 991 991 991 991 990 990 989 990 989 988 987 987 986 985 985 983 983 982 982 981 980 979 979 978 977 976 974 974 973 972 971 971 970 969 968 968 967 966 965 964 964 702 702 701 701 699 699 698 697 696
1064 1065 1065 1066 1066 1067 1067 1068 1069 1069 1070 1070 1071 1071 1071 1071 1072 1072 1073 1073 1074 1074 1076 1076 1076 1077 1077 1078 1078 1079 1078 1079 1079 1080 1002 1002 1002 1002 1002 1003 1003 992 992 991 991 991 990 990 988 988 987 987 986 986 984 984 983 983 982 981 980 980 979 978 977 976 976 975 974 973 973 972 971 970 970 969 968 967 967 966 964 964 963 703 701 701 700 700 698 698 697
1064 1065 1065 1066 1066 1067 1067 1068 1069 1070 1070 1070 1071 1071 1072 1072 1073 1073 1074 1073 1074 1074 1075 1075 1076 1077 1078 1078 1078 1079 1079 1080 1080 1002 1002 1002 1002 1003 1003 1003 991 991 991 991 991 991 990 989 989 989 988 987 986 986 985 985 983 983 982 982 981 980 979 978 978 977 976 975 975 974 973 972 972 971 971 969 969 968 967 966 965 965 964 703 702 702 700 700 699 698 696
1065 1066 1066 1067 1067 1067 1067 1068 1068 1069 1069 1071 1072 1072 1073 1072 1073 1073 1074 1074 1075 1075 1076 1075 1076 1076 1077 1077 1078 1078 1079 1079 1001 1001 1002 1002 1003 1002 1003 991 991 992 992 991 991 991 990 990 990 988 988 987 987 986 985 984 984 983 983 981 981 980 980 979 978 977 977 976 975 974 974 973 973 971 971 970 969 968 967 967 966 965 964 704 702 701 700 700 699 697 697
1065 1066 1066 1067 1067 1068 1068 1069 1069 1070 1070 1070 1070 1071 1071 1073 1074 1074 1075 1075 1075 1075 1076 1076 1077 1077 1078 1077 1078 1078 1079 1079 1001 1001 1001 1001 1002 1002 990 992 991 991 991 991 991 991 990 990 989 989 989 988 987 986 986 985 985 983 983 982 982 981 980 979 979 978 977 976 976 975 975 973 972 972 971 970 968 968 967 966 965 965 964 703 702 702 701 699 699 698 698
1065 1065 1066 1068 1068 1069 1068 1069 1069 1070 1070 1071 1071 1072 1072 1072 1072 1073 1073 1075 1075 1076 1077 1077 1077 1077 1078 1078 1079 1079 1080 1001 1001 1001 1001 1002 1002 1002 990 990 990 991 991 991 990 990 989 989 989 988 987 987 986 986 985 984 984 983 983 982 981 980 980 979 978 977 976 976 975 974 973 973 972 971 970 970 969 968 967 967 966 965 964 964 703 701 701 700 700 698 698
1065 1065 1066 1066 1067 1068 1068 1070 1070 1071 1071 1071 1071 1072 1072 1073 1073 1074 1074 1075 1075 1075 1075 1076 1076 1078 1078 1078 1078 1079 1000 1001 1001 1002 1001 1001 1002 990 990 991 991 990 990 990 990 990 989 989 988 988 988 987 986 986 985 985 984 983 982 982 981 981 979 979 978 978 977 976 975 975 974 973 972 972 971 970 969 969 968 967 966 966 965 963 703 702 702 700 700 699 698
1066 1066 1067 1067 1068 1068 1068 1068 1069 1069 1070 1072 1072 1073 1073 1073 1073 1074 1074 1075 1075 1076 1076 1076 1076 1077 1077 1078 1078 1000 1000 1000 1001 1001 1002 1002 990 990 990 990 990 991 991 990 990 990 989 989 989 988 987 987 987 986 985 984 984 983 983 982 981 981 980 980 978 978 977 977 976 975 974 974 973 972 971 971 970 968 968 967 967 965 965 963 703 701 701 700 700 698 698
1065 1066 1067 1067 1068 1068 1069 1069 1070 1070 1070 1070 1071 1071 1072 1072 1074 1074 1075 1074 1075 1075 1076 1076 1077 1077 1078 1078 1078 1000 1000 1000 1000 1001 1000 989 989 989 989 990 989 989 990 990 990 990 989 989 988 988 988 988 986 986 985 985 985 983 983 982 982 981 980 979 979 978 977 976 976 975 975 973 973 971 971 969 969 968 968 966 966 965 965 963 703 702 702 700 700 699 699
1065 1066 1067 1067 1067 1068 1069 1069 1070 1070 1071 1071 1072 1072 1072 1072 1073 1073 1074 1074 1075 1075 1077 1076 1077 1077 1078 1078 999 1000 1000 1000 1000 1000 1001 989 989 989 989 989 989 989 990 989 989 988 988 988 988 987 986 986 986 985 984 984 983 983 982 981 981 980 980 979 978 977 977 976 975 974 974 973 973 971 971 970 970 968 968 967 967 965 965 964 964 702 701 701 700 699 698
1065 1066 1066 1067 1067 1068 1068 1069 1069 1069 1071 1071 1072 1072 1073 1073 1074 1074 1074 1074 1074 1075 1075 1076 1076 1077 1076 998 998 999 1000 1000 1001 1000 988 989 989 989 989 989 989 989 989 989 989 988 988 988 987 987 987 986 985 985 985 984 983 983 982 982 981 980 979 979 978 978 976 976 976 975 974 973 973 972 972 970 970 969 968 967 966 966 965 964 963 702 701 700 699 699 697
1065 1067 1066 1067 1067 1068 1068 1069 1069 1070 1070 1071 1071 1071 1071 1072 1073 1074 1074 1075 1075 1075 1075 1076 1076 1076 998 998 999 999 999 999 999 988 988 988 988 988 988 988 988 989 988 988 988 988 988 988 987 987 987 986 986 985 984 984 984 983 982 981 981 980 980 979 978 978 977 977 975 975 974 974 972 972 970 970 969 968 967 967 966 965 964 964 963 702 701 701 699 699 698
1065 1066 1066 1067 1067 1068 1068 1069 1069 1070 1070 1071 1071 1072 1072 1073 1073 1073 1073 1073 1074 1074 1075 1076 1076 997 998 998 998 999 999 1000 987 987 987 988 988 988 988 988 988 988 988 988 987 987 987 987 986 986 985 985 984 984 984 983 982 982 981 981 980 979 979 978 978 976 976 975 975 975 973 973 972 972 970 970 969 969 967 967 966 966 964 964 963 703 701 701 700 699 698
1065 1065 1066 1066 1067 1067 1068 1068 1069 1069 1069 1070 1071 1071 1072 1072 1073 1073 1074 1073 1074 1074 1075 1075 1075 997 997 997 997 997 998 998 987 988 987 987 988 988 988 988 988 987 987 987 987 987 987 986 986 986 986 985 984 984 983 983 983 981 981 981 980 980 978 978 978 977 977 975 975 974 974 972 972 971 971 970 969 968 968 967 966 965 965 963 962 961 701 700 699 698 698
1065 1065 1066 1067 1067 1067 1068 1068 1069 1069 1070 1070 1071 1071 1071 1071 1072 1072 1073 1074 1074 1075 1074 1075 996 996 997 997 998 998 997 986 986 986 987 987 987 987 987 987 987 987 987 986 986 986 986 986 986 985 985 985 985 984 983 983 982 982 982 980 980 979 979 979 977 977 976 975 974 973 973 972 972 970 970 969 969 967 967 966 966 964 964 963 963 961 701 700 700 698 698
1064 1065 1065 1066 1066 1067 1067 1067 1067 1069 1069 1070 1070 1071 1071 1072 1072 1072 1072 1073 1073 1073 1074 995 996 996 996 997 997 998 986 986 986 986 986 986 987 987 987 986 986 986 986 986 986 985 985 985 985 985 985 983 983 983 983 982 981 981 980 980 979 978 978 977 977 976 975 975 974 974 972 972 971 971 970 969 968 968 967 966 965 965 964 963 962 962 701 700 698 698 696
1064 1065 1065 1066 1066 1067 1067 1068 1068 1069 1069 1069 1069 1070 1070 1071 1072 1072 1073 1073 1073 1073 995 995 995 996 996 996 996 984 984 985 985 985 986 985 985 985 985 987 987 986 986 986 986 986 986 985 984 984 984 984 983 982 982 982 981 981 980 979 979 979 978 977 977 976 976 974 974 973 973 972 971 971 970 970 967 967 966 966 964 964 963 963 961 961 700 700 698 698 697
1064 1065 1065 1065 1065 1066 1066 1067 1068 1068 1069 1069 1070 1070 1070 1070 1071 1071 1072 1072 1072 994 994 994 995 995 996 996 984 985 984 984 985 985 985 985 986 985 985 985 985 985 985 984 984 984 984 984 984 983 983 982 982 982 981 980 980 980 979 978 978 977 977 977 975 975 974 974 974 972 972 971 971 969 969 968 968 966 966 965 965 965 963 963 962 961 960 700 699 698 697
1064 1064 1065 1065 1066 1066 1067 1067 1067 1067 1068 1068 1069 1069 1070 1071 1070 1071 1071 1072 993 993 994 994 995 995 995 995 983 983 984 984 984 984 984 984 985 985 985 984 985 985 985 985 985 984 984 983 983 983 982 982 982 981 981 981 980 979 979 979 978 977 977 976 976 975 974 974 973 973 971 971 970 970 970 968 968 967 967 964 964 963 963 961 961 960 960 698 698 697 696
1063 1063 1064 1064 1065 1065 1066 1067 1067 1068 1067 1068 1068 1069 1069 1070 1070 1070 1071 992 992 992 993 994 994 995 995 982 983 983 983 983 984 984 983 983 984 984 984 984 983 983 983 983 983 983 982 982 982 982 982 981 980 980 980 979 979 978 978 977 977 977 975 975 974 974 974 972 972 971 971 970 969 969 968 968 966 966 965 965 963 963 963 962 961 960 960 699 698 697 697
1063 1064 1063 1064 1064 1065 1065 1066 1066 1067 1067 1068 1068 1068 1069 1069 1070 1070 991 992 992 992 992 992 993 993 981 982 982 982 982 982 982 982 983 984 983 983 983 983 983 984 983 983 983 983 982 982 981 981 981 981 981 979 979 979 979 978 978 977 976 976 976 975 974 974 973 973 971 971 971 970 970 968 968 968 967 966 965 965 963 962 961 961 960 959 958 698 697 696 695
1062 1063 1063 1064 1064 1064 1065 1065 1066 1066 1067 1067 1068 1068 1068 1068 1068 990 990 991 991 991 992 992 992 981 981 981 982 982 982 981 982 982 982 982 982 982 982 982 982 982 982 982 981 981 981 981 981 980 979 979 979 979 979 977 977 977 977 976 975 975 974 974 974 972 972 972 971 970 969 969 968 968 967 966 966 965 964 963 963 962 961 961 960 960 958 698 697 697 695
