testData/tiles/oneDegreeCosts/grid32.0-47.0-33.0-48.0.asc
ncols   200
nrows   200
xllcorner   32.0
yllcorner   47.0
cellsize   0.005
NODATA_value   -9999.0
[rows 110 to 164 of 200, columns 0 to 95 of 200]
99 99 99 99 99 99 99 99 99 99 99 99 99 99 99 99 99 99 99 99 99 99 99 99 99 99 99 99 99 99 99 99 99 99 99 99 99 99 99 99 99 99 99 99 99 99 99 99 99 99 99 99 99 99 99 99 99 99 99 99 99 99 99 99 99 17 17 17 17 17 17 17 17 17 17 17 17 17 17 17 17 17 17 17 17 17 17 17 17 17 17 17 17 17 17 17
99 99 99 99 99 99 99 99 99 99 99 99 99 99 99 99 99 99 99 99 99 99 99 99 99 99 99 99 99 99 99 99 99 99 99 99 99 99 99 99 99 99 99 99 99 99 99 99 99 99 99 99 99 99 99 99 99 99 99 99 99 99 99 99 99 99 99 99 17 17 17 17 17 17 17 17 17 17 17 17 17 17 17 17 17 17 17 17 17 17 17 17 17 17 17 17
99 99 99 99 99 99 99 99 99 99 99 99 99 99 99 99 99 99 99 99 99 99 99 99 99 99 99 99 99 99 99 99 99 99 99 99 99 99 99 99 99 99 99 99 99 99 99 99 99 99 99 99 99 99 99 99 99 99 99 99 99 99 99 99 99 99 99 99 99 99 99 17 17 17 17 17 17 17 17 17 17 17 17 17 17 17 17 17 17 17 17 17 17 17 17 17
99 99 99 99 99 99 99 99 99 99 99 99 99 99 99 99 99 99 99 99 99 99 99 99 99 99 99 99 99 99 99 99 99 99 99 99 99 99 99 99 99 99 99 99 99 99 99 99 99 99 99 99 99 99 99 99 99 99 99 99 99 99 99 99 99 99 99 99 99 99 99 99 99 99 17 17 17 17 17 17 17 17 17 17 17 17 17 17 17 17 17 17 17 17 17 17
99 99 99 99 99 99 99 99 99 99 99 99 99 99 99 99 99 99 99 99 99 99 99 99 99 99 99 99 99 99 99 99 99 99 99 99 99 99 99 99 99 99 99 99 99 99 99 99 99 99 99 99 99 99 99 99 99 99 99 99 99 99 99 99 99 99 99 99 99 99 99 99 99 99 99 99 99 17 17 17 17 17 17 17 17 17 17 17 17 17 17 17 17 17 17 17
99 99 99 99 99 99 99 99 99 99 99 99 99 99 99 99 99 99 99 99 99 99 99 99 99 99 99 99 99 99 99 99 99 99 99 99 99 99 99 99 99 99 99 99 99 99 99 99 99 99 99 99 99 99 99 99 99 99 99 99 99 99 99 99 99 99 99 99 99 99 99 99 99 99 99 99 99 99 99 17 17 17 17 17 17 17 17 17 17 17 17 17 17 17 17 17
99 99 99 99 99 99 99 99 99 99 99 99 99 99 99 99 99 99 99 99 99 99 99 99 99 99 99 99 99 99 99 99 99 99 99 99 99 99 99 99 99 99 99 99 99 99 99 99 99 99 99 99 99 99 99 99 99 99 99 99 99 99 99 99 99 99 99 99 99 99 99 99 99 99 99 99 99 99 99 99 99 99 17 17 17 17 17 17 17 17 17 17 17 17 17 17
99 99 99 99 99 99 99 99 99 99 99 99 99 99 99 99 99 99 99 99 99 99 99 99 99 99 99 99 99 99 99 99 99 99 99 99 99 99 99 99 99 99 99 99 99 99 99 99 99 99 99 99 99 99 99 99 99 99 99 99 99 99 99 99 99 99 99 99 99 99 99 99 99 99 99 99 99 99 99 99 99 99 99 99 99 17 17 17 17 17 17 17 17 17 17 17
99 99 99 99 99 99 99 99 99 99 99 99 99 99 99 99 99 99 99 99 99 99 99 99 99 99 99 99 99 99 99 99 99 99 99 99 99 99 99 99 99 99 99 99 99 99 99 99 99 99 99 99 99 99 99 99 99 99 99 99 99 99 99 99 99 99 99 99 99 99 99 99 99 99 99 99 99 99 99 99 99 99 99 99 99 99 99 17 17 17 17 17 17 17 17 17
99 99 99 99 99 99 99 99 99 99 99 99 99 99 99 99 99 99 99 99 99 99 99 99 99 99 99 99 99 99 99 99 99 99 99 99 99 99 99 99 99 99 99 99 99 99 99 99 99 99 99 99 99 99 99 99 99 99 99 99 99 99 99 99 99 99 99 99 99 99 99 99 99 99 99 99 99 99 99 99 99 99 99 99 99 99 99 99 99 17 17 17 17 17 17 17
99 99 99 99 99 99 99 99 99 99 99 99 99 99 99 99 99 99 99 99 99 99 99 99 99 99 99 99 99 99 99 99 99 99 99 99 99 99 99 99 99 99 99 99 99 99 99 99 99 99 99 99 99 99 99 99 99 99 99 99 99 99 99 99 99 99 99 99 99 99 99 99 99 99 99 99 99 99 99 99 99 99 99 99 99 99 99 99 99 99 99 99 17 17 17 17
99 99 99 99 99 99 99 99 99 99 99 99 99 99 99 99 99 99 99 99 99 99 99 99 99 99 99 99 99 99 99 99 99 99 99 99 99 99 99 99 99 99 99 99 99 99 99 99 99 99 99 99 99 99 99 99 99 99 99 99 99 99 99 99 99 99 99 99 99 99 99 99 99 99 99 99 99 99 99 99 99 99 99 99 99 99 99 99 99 99 99 99 99 99 17 17
99 99 99 99 99 99 99 99 99 99 99 99 99 99 99 99 99 99 99 99 99 99 99 99 99 99 99 99 99 99 99 99 99 99 99 99 99 99 99 99 99 99 99 99 99 99 99 99 99 99 99 99 99 99 99 99 99 99 99 99 99 99 99 99 99 99 99 99 99 99 99 99 99 99 99 99 99 99 99 99 99 99 99 99 99 99 99 99 99 99 99 99 99 99 99 99
99 99 99 99 99 99 99 99 99 99 99 99 99 99 99 99 99 99 99 99 99 99 99 99 99 99 99 99 99 99 99 99 99 99 99 99 99 99 99 99 99 99 99 99 99 99 99 99 99 99 99 99 99 99 99 99 99 99 99 99 99 99 99 99 99 99 99 99 99 99 99 99 99 99 99 99 99 99 99 99 99 99 99 99 99 99 99 99 99 99 99 99 99 99 99 99
99 99 99 99 99 99 99 99 99 99 99 99 99 99 99 99 99 99 99 99 99 99 99 99 99 99 99 99 99 99 99 99 99 99 99 99 99 99 99 99 99 99 99 99 99 99 99 99 99 99 99 99 99 99 99 99 99 99 99 99 99 99 99 99 99 99 99 99 99 99 99 99 99 99 99 99 99 99 99 99 99 99 99 99 99 99 99 99 99 99 99 99 99 99 99 99
99 99 99 99 99 99 99 99 99 99 99 99 99 99 99 99 99 99 99 99 99 99 99 99 99 99 99 99 99 99 99 99 99 99 99 99 99 99 99 99 99 99 99 99 99 99 99 99 99 99 99 99 99 99 99 99 99 99 99 99 99 99 99 99 99 99 99 99 99 99 99 99 99 99 99 99 99 99 99 99 99 99 99 99 99 99 99 99 99 110 110 110 110 110 110 110
99 99 99 99 99 99 99 99 99 99 99 99 99 99 99 99 99 99 99 99 99 99 99 99 99 99 99 99 99 99 99 99 99 99 99 99 99 99 99 99 99 99 99 99 99 99 99 99 99 99 99 99 99 99 99 99 99 99 99 99 99 99 99 99 99 99 99 99 99 99 99 99 99 99 99 99 99 99 99 99 99 110 110 110 110 110 110 110 110 110 110 110 110 110 110 110
99 99 99 99 99 99 99 99 99 99 99 99 99 99 99 99 99 99 99 99 99 99 99 99 99 99 99 99 99 99 99 99 99 99 99 99 99 99 99 99 99 99 99 99 99 99 99 99 99 99 99 99 99 99 99 99 99 99 99 99 99 99 99 99 99 99 99 99 99 99 99 99 99 99 110 110 110 110 110 110 110 110 110 110 110 110 110 110 110 110 110 110 110 110 110 110
99 99 99 99 99 99 99 99 99 99 99 99 99 99 99 99 99 99 99 99 99 99 99 99 99 99 99 99 99 99 99 99 99 99 99 99 99 99 99 99 99 99 99 99 99 99 99 99 99 99 99 99 99 99 99 99 99 99 99 99 99 99 99 99 99 99 99 99 110 110 110 110 110 110 110 110 110 110 110 110 110 110 110 110 110 110 110 110 110 110 110 110 110 110 110 110
99 99 99 99 99 99 99 99 99 99 99 99 99 99 99 99 99 99 99 99 99 99 99 99 99 99 99 99 99 99 99 99 99 99 99 99 99 99 99 99 99 99 99 99 99 99 99 99 99 99 99 99 99 99 99 99 99 99 99 99 99 110 110 110 110 110 110 110 110 110 110 110 110 110 110 110 110 110 110 110 110 110 110 110 110 110 110 110 110 110 110 110 110 110 110 110
99 99 99 99 99 99 99 99 99 99 99 99 99 99 99 99 99 99 99 99 99 99 99 99 99 99 99 99 99 99 99 99 99 99 99 99 99 99 99 99 99 99 99 99 99 99 99 99 99 99 99 99 99 99 99 99 110 110 110 110 110 110 110 110 110 110 110 110 110 110 110 110 110 110 110 110 110 110 110 110 110 110 110 110 110 110 110 110 110 111 111 111 111 111 111 111
99 99 99 99 99 99 99 99 99 99 99 99 99 99 99 99 99 99 99 99 99 99 99 99 99 99 99 99 99 99 99 99 99 99 99 99 99 99 99 99 99 99 99 99 99 99 99 99 99 99 110 110 110 110 110 110 110 110 110 110 110 110 110 110 110 110 110 110 110 110 110 110 110 110 110 110 110 110 110 110 110 111 111 111 111 111 111 111 112 112 112 112 112 112 112 112
99 99 99 99 99 99 99 99 99 99 99 99 99 99 99 99 99 99 99 99 99 99 99 99 99 99 99 99 99 99 99 99 99 99 99 99 99 99 99 99 99 99 99 99 99 110 110 110 110 110 110 110 110 110 110 110 110 110 110 110 110 110 110 110 110 110 110 110 110 110 110 110 110 110 111 111 111 111 111 111 111 112 112 112 112 112 112 112 113 113 113 113 113 113 113 113
99 99 99 99 99 99 99 99 99 99 99 99 99 99 99 99 99 99 99 99 99 99 99 99 99 99 99 99 99 99 99 99 99 99 99 99 99 99 99 99 110 110 110 110 110 110 110 110 110 110 110 110 110 110 110 110 110 110 110 110 110 110 110 110 110 110 110 110 111 111 111 111 111 111 112 112 112 112 112 112 113 113 113 113 113 113 113 113 114 114 114 114 114 114 114 114
99 99 99 99 99 99 99 99 99 99 99 99 99 99 99 99 99 99 99 99 99 99 99 99 99 99 99 99 99 99 99 99 99 99 99 99 110 110 110 110 110 110 110 110 110 110 110 110 110 110 110 110 110 110 110 110 110 110 110 110 110 110 111 111 111 111 111 112 112 112 112 112 112 113 113 113 113 113 113 113 113 114 114 114 114 114 114 114 114 115 115 115 115 115 115 115
99 99 99 99 99 99 99 99 99 99 99 99 99 99 99 99 99 99 99 99 99 99 99 99 99 99 99 99 99 99 99 110 110 110 110 110 110 110 110 110 110 110 110 110 110 110 110 110 110 110 110 110 110 110 110 110 111 111 111 111 111 112 112 112 112 112 112 113 113 113 113 113 113 113 114 114 114 114 114 114 114 115 115 115 115 115 115 115 115 115 116 116 116 116 116 116
99 99 99 99 99 99 99 99 99 99 99 99 99 99 99 99 99 99 99 99 99 99 99 99 99 99 99 110 110 110 110 110 110 110 110 110 110 110 110 110 110 110 110 110 110 110 110 110 110 110 110 111 111 111 111 111 112 112 112 112 112 113 113 113 113 113 113 114 114 114 114 114 114 114 115 115 115 115 115 115 115 115 115 116 116 116 116 116 116 116 116 116 116 117 117 117
99 99 99 99 99 99 99 99 99 99 99 99 99 99 99 99 99 99 99 99 99 99 99 110 110 110 110 110 110 110 110 110 110 110 110 110 110 110 110 110 110 110 110 110 110 110 111 111 111 111 112 112 112 112 112 112 113 113 113 113 113 114 114 114 114 114 114 114 115 115 115 115 115 115 115 115 116 116 116 116 116 116 116 116 116 117 117 117 117 117 117 117 117 117 117 118
99 99 99 99 99 99 99 99 99 99 99 99 99 99 99 99 99 99 99 110 110 110 110 110 110 110 110 110 110 110 110 110 110 110 110 110 110 110 110 110 110 111 111 111 111 112 112 112 112 112 113 113 113 113 113 113 114 114 114 114 114 114 115 115 115 115 115 115 115 116 116 116 116 116 116 116 116 117 117 117 117 117 117 117 117 117 117 118 118 118 118 118 118 118 118 118
99 99 99 99 99 99 99 99 99 99 99 99 99 99 99 110 110 110 110 110 110 110 110 110 110 110 110 110 110 110 110 110 110 110 110 110 110 111 111 111 111 112 112 112 112 113 113 113 113 113 113 114 114 114 114 114 115 115 115 115 115 115 115 116 116 116 116 116 116 116 116 117 117 117 117 117 117 117 117 117 118 118 118 118 118 118 118 118 118 118 119 119 119 119 119 119
99 99 99 99 99 99 99 99 99 99 99 110 110 110 110 110 110 110 110 110 110 110 110 110 110 110 110 110 110 110 110 110 111 111 111 111 112 112 112 112 112 113 113 113 113 113 114 114 114 114 114 115 115 115 115 115 115 115 116 116 116 116 116 116 116 117 117 117 117 117 117 117 117 118 118 118 118 118 118 118 118 118 118 119 119 119 119 119 119 119 119 119 119 119 119 120
99 99 99 99 99 99 99 110 110 110 110 110 110 110 110 110 110 110 110 110 110 110 110 110 110 110 110 110 111 111 111 111 112 112 112 112 113 113 113 113 113 114 114 114 114 114 115 115 115 115 115 115 116 116 116 116 116 116 116 117 117 117 117 117 117 117 117 118 118 118 118 118 118 118 118 118 119 119 119 119 119 119 119 119 119 119 120 120 120 120 120 120 120 120 120 120
99 99 99 99 110 110 110 110 110 110 110 110 110 110 110 110 110 110 110 110 110 110 110 110 111 111 111 111 112 112 112 112 113 113 113 113 114 114 114 114 114 114 115 115 115 115 115 116 116 116 116 116 116 116 117 117 117 117 117 117 117 118 118 118 118 118 118 118 118 119 119 119 119 119 119 119 119 119 119 120 120 120 120 120 120 120 120 120 120 120 120 121 121 121 121 121
110 110 110 110 110 110 110 110 110 110 110 110 110 110 110 110 110 110 110 110 111 111 111 112 112 112 112 112 113 113 113 113 114 114 114 114 114 115 115 115 115 115 115 116 116 116 116 116 116 117 117 117 117 117 117 117 118 118 118 118 118 118 118 118 119 119 119 119 119 119 119 119 119 120 120 120 120 120 120 120 120 120 120 121 121 121 121 121 121 121 121 121 121 121 121 121
110 110 110 110 110 110 110 110 110 110 110 110 110 110 110 110 111 111 111 111 112 112 112 113 113 113 113 113 114 114 114 114 114 115 115 115 115 115 116 116 116 116 116 116 117 117 117 117 117 117 117 118 118 118 118 118 118 118 119 119 119 119 119 119 119 119 119 120 120 120 120 120 120 120 120 120 121 121 121 121 121 121 121 121 121 121 121 121 122 122 122 122 122 122 122 122
110 110 110 110 110 110 110 110 110 110 110 110 111 111 111 111 112 112 112 112 113 113 113 113 114 114 114 114 115 115 115 115 115 115 116 116 116 116 116 117 117 117 117 117 117 117 118 118 118 118 118 118 118 119 119 119 119 119 119 119 119 120 120 120 120 120 120 120 120 120 121 121 121 121 121 121 121 121 121 121 121 122 122 122 122 122 122 122 122 122 122 122 122 122 123 123
110 110 110 110 110 110 110 110 110 111 111 111 112 112 112 112 113 113 113 113 114 114 114 114 115 115 115 115 115 116 116 116 116 116 116 117 117 117 117 117 117 118 118 118 118 118 118 118 119 119 119 119 119 119 119 119 120 120 120 120 120 120 120 120 121 121 121 121 121 121 121 121 121 121 122 122 122 122 122 122 122 122 122 122 122 122 123 123 123 123 123 123 123 123 123 123
110 110 110 110 110 111 111 111 112 112 112 112 113 113 113 113 114 114 114 114 115 115 115 115 115 116 116 116 116 116 116 117 117 117 117 117 117 118 118 118 118 118 118 119 119 119 119 119 119 119 120 120 120 120 120 120 120 120 120 121 121 121 121 121 121 121 121 121 122 122 122 122 122 122 122 122 122 122 122 123 123 123 123 123 123 123 123 123 123 123 123 123 123 124 124 124
110 110 111 111 111 112 112 112 112 113 113 113 114 114 114 114 114 115 115 115 115 116 116 116 116 116 116 117 117 117 117 117 118 118 118 118 118 118 118 119 119 119 119 119 119 119 120 120 120 120 120 120 120 120 121 121 121 121 121 121 121 121 121 122 122 122 122 122 122 122 122 122 122 123 123 123 123 123 123 123 123 123 123 123 123 124 124 124 124 124 124 124 124 124 124 124
111 111 112 112 112 113 113 113 113 114 114 114 114 115 115 115 115 115 116 116 116 116 116 117 117 117 117 117 118 118 118 118 118 118 119 119 119 119 119 119 119 120 120 120 120 120 120 120 120 121 121 121 121 121 121 121 121 122 122 122 122 122 122 122 122 122 122 123 123 123 123 123 123 123 123 123 123 123 124 124 124 124 124 124 124 124 124 124 124 124 124 124 125 125 125 125
112 112 113 113 113 114 114 114 114 115 115 115 115 115 116 116 116 116 116 117 117 117 117 117 118 118 118 118 118 118 119 119 119 119 119 119 119 120 120 120 120 120 120 120 121 121 121 121 121 121 121 121 122 122 122 122 122 122 122 122 122 123 123 123 123 123 123 123 123 123 123 123 124 124 124 124 124 124 124 124 124 124 124 124 124 125 125 125 125 125 125 125 125 125 125 125
113 113 114 114 114 114 115 115 115 115 116 116 116 116 116 117 117 117 117 117 118 118 118 118 118 118 119 119 119 119 119 119 120 120 120 120 120 120 120 121 121 121 121 121 121 121 121 122 122 122 122 122 122 122 122 122 123 123 123 123 123 123 123 123 123 123 124 124 124 124 124 124 124 124 124 124 124 124 125 125 125 125 125 125 125 125 125 125 125 125 125 125 126 126 126 126
114 114 114 115 115 115 115 116 116 116 116 116 117 117 117 117 117 118 118 118 118 118 119 119 119 119 119 119 120 120 120 120 120 120 120 121 121 121 121 121 121 121 121 122 122 122 122 122 122 122 122 123 123 123 123 123 123 123 123 123 123 124 124 124 124 124 124 124 124 124 124 124 125 125 125 125 125 125 125 125 125 125 125 125 125 126 126 126 126 126 126 126 126 126 126 126
115 115 115 115 116 116 116 116 117 117 117 117 117 118 118 118 118 118 118 119 119 119 119 119 119 120 120 120 120 120 120 121 121 121 121 121 121 121 122 122 122 122 122 122 122 122 123 123 123 123 123 123 123 123 123 124 124 124 124 124 124 124 124 124 124 124 125 125 125 125 125 125 125 125 125 125 125 125 126 126 126 126 126 126 126 126 126 126 126 126 126 126 126 127 127 127
116 116 116 116 116 117 117 117 117 117 118 118 118 118 118 119 119 119 119 119 119 120 120 120 120 120 120 121 121 121 121 121 121 121 122 122 122 122 122 122 122 122 123 123 123 123 123 123 123 123 123 124 124 124 124 124 124 124 124 124 125 125 125 125 125 125 125 125 125 125 125 125 126 126 126 126 126 126 126 126 126 126 126 126 126 126 127 127 127 127 127 127 127 127 127 127
116 117 117 117 117 117 118 118 118 118 118 119 119 119 119 119 119 120 120 120 120 120 120 121 121 121 121 121 121 121 122 122 122 122 122 122 122 122 123 123 123 123 123 123 123 123 124 124 124 124 124 124 124 124 124 125 125 125 125 125 125 125 125 125 125 125 126 126 126 126 126 126 126 126 126 126 126 126 126 127 127 127 127 127 127 127 127 127 127 127 127 127 127 127 127 128
117 117 117 118 118 118 118 118 119 119 119 119 119 120 120 120 120 120 120 120 121 121 121 121 121 121 122 122 122 122 122 122 122 123 123 123 123 123 123 123 123 124 124 124 124 124 124 124 124 124 124 125 125 125 125 125 125 125 125 125 125 126 126 126 126 126 126 126 126 126 126 126 126 127 127 127 127 127 127 127 127 127 127 127 127 127 127 128 128 128 128 128 128 128 128 128
118 118 118 118 118 119 119 119 119 119 120 120 120 120 120 120 121 121 121 121 121 121 122 122 122 122 122 122 122 123 123 123 123 123 123 123 123 124 124 124 124 124 124 124 124 124 125 125 125 125 125 125 125 125 125 125 126 126 126 126 126 126 126 126 126 126 126 127 127 127 127 127 127 127 127 127 127 127 127 127 127 128 128 128 128 128 128 128 128 128 128 128 128 128 128 128
118 119 119 119 119 119 119 120 120 120 120 120 121 121 121 121 121 121 121 122 122 122 122 122 122 122 123 123 123 123 123 123 123 124 124 124 124 124 124 124 124 125 125 125 125 125 125 125 125 125 125 126 126 126 126 126 126 126 126 126 126 126 127 127 127 127 127 127 127 127 127 127 127 127 128 128 128 128 128 128 128 128 128 128 128 128 128 128 128 128 129 129 129 129 129 129
166 166 166 167 120 120 120 120 120 121 121 121 121 121 121 122 122 122 122 122 122 122 123 123 123 123 123 123 123 124 124 124 124 124 124 124 124 125 125 125 125 125 125 125 125 125 126 126 126 126 126 126 126 126 126 126 126 127 127 127 127 127 127 127 127 127 127 127 128 128 128 128 128 128 128 128 128 128 128 128 128 128 128 129 129 129 129 129 129 129 129 129 129 129 129 129
167 167 167 167 167 167 168 168 121 121 121 121 122 122 122 122 122 122 123 123 123 123 123 123 123 124 124 124 124 124 124 124 124 125 125 125 125 125 125 125 125 125 126 126 126 126 126 126 126 126 126 126 127 127 127 127 127 127 127 127 127 127 127 128 128 128 128 128 128 128 128 128 128 128 128 128 129 129 129 129 129 129 129 129 129 129 129 129 129 129 129 129 129 130 130 130
167 167 168 168 168 168 168 168 169 169 169 169 122 122 122 123 123 123 123 123 123 123 124 124 124 124 124 124 124 125 125 125 125 125 125 125 125 125 126 126 126 126 126 126 126 126 126 127 127 127 127 127 127 127 127 127 127 127 128 128 128 128 128 128 128 128 128 128 128 128 129 129 129 129 129 129 129 129 129 129 129 129 129 129 129 129 130 130 130 130 130 130 130 130 130 130
168 168 168 168 168 169 169 169 169 169 169 170 170 170 170 123 123 123 124 124 124 124 124 124 124 125 125 125 125 125 125 125 125 125 126 126 126 126 126 126 126 126 126 127 127 127 127 127 127 127 127 127 127 128 128 128 128 128 128 128 128 128 128 128 128 129 129 129 129 129 129 129 129 129 129 129 129 129 129 130 130 130 130 130 130 130 130 130 130 130 130 130 130 130 130 130
168 168 169 169 169 169 169 169 170 170 170 170 170 170 170 171 171 171 171 124 124 124 125 125 125 125 125 125 125 125 126 126 126 126 126 126 126 126 126 127 127 127 127 127 127 127 127 127 128 128 128 128 128 128 128 128 128 128 128 128 129 129 129 129 129 129 129 129 129 129 129 129 129 130 130 130 130 130 130 130 130 130 130 130 130 130 130 130 130 131 131 131 131 131 131 131
169 169 169 169 169 170 170 170 170 170 170 171 171 171 171 171 171 171 172 172 172 172 172 125 125 125 126 126 126 126 126 126 126 126 126 127 127 127 127 127 127 127 127 127 128 128 128 128 128 128 128 128 128 128 128 129 129 129 129 129 129 129 129 129 129 129 129 130 130 130 130 130 130 130 130 130 130 130 130 130 130 130 131 131 131 131 131 131 131 131 131 131 131 131 131 131
