testData/tiles/oneDegreeCosts/grid0.0-15.0-1.0-16.0.asc
ncols   200
nrows   200
xllcorner   0.0
yllcorner   15.0
cellsize   0.005
NODATA_value   -9999.0
[rows 0 to 41 of 200, columns 94 to 187 of 200]
276 277 277 277 278 278 278 278 279 279 279 280 280 280 280 281 281 281 282 282 282 282 283 283 283 284 284 284 449 450 450 450 451 451 451 451 452 452 452 452 453 453 453 454 454 454 454 455 455 455 456 456 456 456 457 457 457 458 458 458 458 459 459 459 460 460 460 460 461 461 461 461 462 462 462 463 463 463 463 464 464 464 465 465 577 577 792 792 792 792 793 793 793 794
276 277 277 277 278 278 278 278 279 279 279 280 280 280 280 281 281 281 282 282 282 282 283 283 283 284 284 284 284 285 450 450 451 451 451 451 452 452 452 453 453 453 453 454 454 454 455 455 455 455 456 456 456 457 457 457 457 458 458 458 458 459 459 459 460 460 460 460 461 461 461 462 462 462 462 463 463 463 464 464 464 464 465 465 577 577 578 792 792 793 793 793 793 794
277 277 277 277 278 278 278 279 279 279 279 280 280 280 281 281 281 281 282 282 282 283 283 283 283 284 284 284 285 285 285 285 451 451 451 451 452 452 452 453 453 453 453 454 454 454 455 455 455 455 456 456 456 457 457 457 457 458 458 458 459 459 459 459 460 460 460 461 461 461 461 462 462 462 462 463 463 463 464 464 464 464 465 465 577 578 578 578 792 793 793 793 793 794
277 277 277 277 278 278 278 279 279 279 279 280 280 280 281 281 281 281 282 282 282 283 283 283 283 284 284 284 285 285 285 285 286 286 451 452 452 452 452 453 453 453 454 454 454 454 455 455 455 456 456 456 456 457 457 457 458 458 458 458 459 459 459 459 460 460 460 461 461 461 461 462 462 462 463 463 463 463 464 464 464 465 465 465 577 578 578 578 578 793 793 793 794 794
277 277 277 277 278 278 278 279 279 279 279 280 280 280 281 281 281 281 282 282 282 283 283 283 283 284 284 284 285 285 285 285 286 286 286 287 452 452 452 453 453 453 454 454 454 454 455 455 455 456 456 456 456 457 457 457 458 458 458 458 459 459 459 460 460 460 460 461 461 461 462 462 462 462 463 463 463 463 464 464 464 465 465 465 577 578 578 578 579 579 793 793 794 794
277 277 277 278 278 278 278 279 279 279 280 280 280 280 281 281 281 282 282 282 282 283 283 283 284 284 284 284 285 285 285 286 286 286 286 287 287 287 453 453 453 453 454 454 454 455 455 455 455 456 456 456 457 457 457 457 458 458 458 458 459 459 459 460 460 460 460 461 461 461 462 462 462 462 463 463 463 464 464 464 464 465 465 465 578 578 578 578 579 579 579 793 794 794
277 277 277 278 278 278 278 279 279 279 280 280 280 280 281 281 281 282 282 282 282 283 283 283 284 284 284 284 285 285 285 286 286 286 286 287 287 287 288 288 453 453 454 454 454 455 455 455 455 456 456 456 457 457 457 457 458 458 458 459 459 459 459 460 460 460 461 461 461 461 462 462 462 463 463 463 463 464 464 464 464 465 465 465 578 578 578 578 579 579 579 580 794 794
277 277 277 278 278 278 279 279 279 279 280 280 280 281 281 281 281 282 282 282 283 283 283 283 284 284 284 285 285 285 285 286 286 286 287 287 287 287 288 288 288 289 454 454 454 455 455 455 456 456 456 456 457 457 457 457 458 458 458 459 459 459 459 460 460 460 461 461 461 461 462 462 462 463 463 463 463 464 464 464 465 465 465 465 578 578 578 579 579 579 579 580 580 580
277 277 277 278 278 278 279 279 279 279 280 280 280 281 281 281 281 282 282 282 283 283 283 283 284 284 284 285 285 285 285 286 286 286 287 287 287 287 288 288 288 289 289 289 289 455 455 455 456 456 456 456 457 457 457 458 458 458 458 459 459 459 460 460 460 460 461 461 461 462 462 462 462 463 463 463 464 464 464 464 465 465 465 465 578 578 578 579 579 579 579 580 580 580
277 277 277 278 278 278 279 279 279 279 280 280 280 281 281 281 281 282 282 282 283 283 283 283 284 284 284 285 285 285 285 286 286 286 287 287 287 287 288 288 288 289 289 289 289 290 290 455 456 456 456 456 457 457 457 458 458 458 458 459 459 459 460 460 460 460 461 461 461 462 462 462 462 463 463 463 464 464 464 464 465 465 465 466 466 578 578 579 579 579 580 580 580 580
277 277 278 278 278 278 279 279 279 280 280 280 280 281 281 281 282 282 282 282 283 283 283 284 284 284 284 285 285 285 286 286 286 286 287 287 287 288 288 288 288 289 289 289 290 290 290 290 291 291 456 457 457 457 457 458 458 458 459 459 459 459 460 460 460 461 461 461 461 462 462 462 463 463 463 463 464 464 464 464 465 465 465 466 466 578 578 579 579 579 580 580 580 580
277 277 278 278 278 278 279 279 279 280 280 280 280 281 281 281 282 282 282 282 283 283 283 284 284 284 284 285 285 285 286 286 286 286 287 287 287 288 288 288 288 289 289 289 290 290 290 290 291 291 291 292 292 292 457 458 458 458 459 459 459 459 460 460 460 461 461 461 461 462 462 462 463 463 463 463 464 464 464 465 465 465 465 466 466 578 579 579 579 579 580 580 580 581
277 277 278 278 278 278 279 279 279 280 280 280 280 281 281 281 282 282 282 282 283 283 283 284 284 284 284 285 285 285 286 286 286 287 287 287 287 288 288 288 289 289 289 289 290 290 290 291 291 291 291 292 292 292 293 293 293 458 459 459 459 460 460 460 460 461 461 461 462 462 462 462 463 463 463 463 464 464 464 465 465 465 465 466 466 578 579 579 579 579 580 580 580 581
302 302 303 303 303 279 279 279 279 280 280 280 281 281 281 281 282 282 282 283 283 283 283 284 284 284 285 285 285 285 286 286 286 287 287 287 287 288 288 288 289 289 289 289 290 290 290 291 291 291 291 292 292 292 293 293 293 293 294 294 294 460 460 460 460 461 461 461 462 462 462 462 463 463 463 464 464 464 464 465 465 465 466 466 466 578 579 579 579 580 580 580 580 581
302 302 303 303 303 304 304 304 304 305 305 305 281 281 281 281 282 282 282 283 283 283 283 284 284 284 285 285 285 285 286 286 286 287 287 287 287 288 288 288 289 289 289 289 290 290 290 291 291 291 291 292 292 292 293 293 293 293 294 294 294 295 295 295 295 296 461 461 462 462 462 462 463 463 463 464 464 464 464 465 465 465 466 466 466 578 579 579 579 580 580 580 580 581
302 302 303 303 303 304 304 304 304 305 305 305 306 306 306 306 307 282 282 283 283 283 283 284 284 284 285 285 285 286 286 286 286 287 287 287 288 288 288 288 289 289 289 290 290 290 290 291 291 291 292 292 292 292 293 293 293 294 294 294 294 295 295 295 296 296 296 296 297 297 297 298 463 463 463 464 464 464 465 465 465 465 466 466 466 579 579 579 579 580 580 580 581 581
302 302 303 303 303 304 304 304 304 305 305 305 306 306 306 307 307 307 307 308 308 308 284 284 284 284 285 285 285 286 286 286 286 287 287 287 288 288 288 288 289 289 289 290 290 290 290 291 291 291 292 292 292 292 293 293 293 294 294 294 294 295 295 295 296 296 296 296 297 297 297 298 298 298 298 299 299 299 300 300 300 300 301 301 301 414 414 414 414 415 415 415 416 416
302 303 303 303 303 304 304 304 305 305 305 305 306 306 306 307 307 307 307 308 308 308 309 309 309 309 285 285 285 286 286 286 286 287 287 287 288 288 288 288 289 289 289 290 290 290 290 291 291 291 292 292 292 292 293 293 293 294 294 294 295 295 295 295 296 296 296 297 297 297 297 298 298 298 299 299 299 299 300 300 300 301 301 301 301 414 414 414 415 415 415 415 416 417
302 303 303 303 303 304 304 304 305 305 305 305 306 306 306 307 307 307 307 308 308 308 309 309 309 309 310 310 310 286 286 286 286 287 287 287 288 288 288 289 289 289 289 290 290 290 291 291 291 291 292 292 292 293 293 293 293 294 294 294 295 295 295 295 296 296 296 297 297 297 297 298 298 298 299 299 299 299 300 300 300 301 301 301 301 414 414 414 415 415 415 416 417 417
302 303 303 303 303 304 304 304 305 305 305 305 306 306 306 307 307 307 308 308 308 308 309 309 309 310 310 310 310 311 311 311 312 287 287 287 288 288 288 289 289 289 289 290 290 290 291 291 291 291 292 292 292 293 293 293 293 294 294 294 295 295 295 295 296 296 296 297 297 297 297 298 298 298 299 299 299 299 300 300 300 301 301 301 301 414 414 414 415 415 416 416 417 418
302 303 303 303 303 304 304 304 305 305 305 306 306 306 306 307 307 307 308 308 308 308 309 309 309 310 310 310 310 311 311 311 312 312 312 312 288 288 288 289 289 289 289 290 290 290 291 291 291 291 292 292 292 293 293 293 293 294 294 294 295 295 295 296 296 296 296 297 297 297 298 298 298 298 299 299 299 300 300 300 300 301 301 301 302 302 414 414 416 416 416 418 418 418
302 303 303 303 304 304 304 304 305 305 305 306 306 306 306 307 307 307 308 308 308 308 309 309 309 310 310 310 310 311 311 311 312 312 312 312 313 313 313 289 289 289 290 290 290 290 291 291 291 292 292 292 292 293 293 293 294 294 294 294 295 295 295 296 296 296 296 297 297 297 298 298 298 298 299 299 299 300 300 300 300 301 301 301 302 302 415 415 416 417 417 418 418 419
302 303 303 303 304 304 304 304 305 305 305 306 306 306 306 307 307 307 308 308 308 308 309 309 309 310 310 310 311 311 311 311 312 312 312 313 313 313 313 314 314 289 290 290 290 290 291 291 291 292 292 292 292 293 293 293 294 294 294 294 295 295 295 296 296 296 296 297 297 297 298 298 298 298 299 299 299 300 300 300 300 301 301 301 302 303 415 416 417 417 417 419 419 419
302 303 303 303 304 304 304 304 305 305 305 306 306 306 306 307 307 307 308 308 308 309 309 309 309 310 310 310 311 311 311 311 312 312 312 313 313 313 313 314 314 314 315 315 290 290 291 291 291 292 292 292 292 293 293 293 294 294 294 294 295 295 295 296 296 296 297 297 297 297 298 298 298 299 299 299 299 300 300 300 301 301 301 301 303 303 416 417 417 418 418 419 420 420
302 303 303 303 304 304 304 304 305 305 305 306 306 306 307 307 307 307 308 308 308 309 309 309 309 310 310 310 311 311 311 311 312 312 312 313 313 313 313 314 314 314 315 315 315 315 291 291 291 292 292 292 293 293 293 293 294 294 294 295 295 295 295 296 296 296 297 297 297 297 298 298 298 299 299 299 299 300 300 300 301 301 302 302 303 304 416 417 418 418 418 420 420 420
302 303 303 303 304 304 304 305 305 305 305 306 306 306 307 307 307 307 308 308 308 309 309 309 309 310 310 310 311 311 311 311 312 312 312 313 313 313 313 314 314 314 315 315 315 316 316 316 291 292 292 292 293 293 293 293 294 294 294 295 295 295 295 296 296 296 297 297 297 297 298 298 298 299 299 299 299 300 300 300 301 302 302 302 304 304 417 418 418 419 420 420 421 421
303 303 303 303 304 304 304 305 305 305 305 306 306 306 307 307 307 307 308 308 308 309 309 309 309 310 310 310 311 311 311 312 312 312 312 313 313 313 314 314 314 314 315 315 315 316 316 316 316 317 317 292 293 293 293 293 294 294 294 295 295 295 295 296 296 296 297 297 297 297 298 298 298 299 299 299 300 300 300 300 302 302 303 304 304 305 417 418 419 419 420 421 421 421
303 303 303 303 304 304 304 305 305 305 305 306 306 306 307 307 307 307 308 308 308 309 309 309 310 310 310 310 311 311 311 312 312 312 312 313 313 313 314 314 314 314 315 315 315 316 316 316 316 317 317 317 318 293 293 293 294 294 294 295 295 295 296 296 296 296 297 297 297 298 298 298 298 299 299 299 300 300 301 301 302 303 303 304 305 305 418 419 419 420 421 421 422 422
303 303 303 303 304 304 304 305 305 305 305 306 306 306 307 307 307 308 308 308 308 309 309 309 310 310 310 310 311 311 311 312 312 312 312 313 313 313 314 314 314 314 315 315 315 316 316 316 316 317 317 317 318 318 318 294 294 294 294 295 295 295 296 296 296 296 297 297 297 298 298 298 298 299 299 299 300 301 301 301 303 303 304 305 305 306 418 419 420 420 421 422 422 423
303 303 303 303 304 304 304 305 305 305 305 306 306 306 307 307 307 308 308 308 308 309 309 309 310 310 310 310 311 311 311 312 312 312 312 313 313 313 314 314 314 314 315 315 315 316 316 316 317 317 317 317 318 318 318 319 319 294 294 295 295 295 296 296 296 296 297 297 297 298 298 298 298 299 299 299 301 301 302 302 303 304 304 305 306 306 308 420 420 421 422 422 423 424
303 303 303 303 304 304 304 305 305 305 306 306 306 306 307 307 307 308 308 308 308 309 309 309 310 310 310 310 311 311 311 312 312 312 312 313 313 313 314 314 314 315 315 315 315 316 316 316 317 317 317 317 318 318 318 319 319 319 294 295 295 295 296 296 296 296 297 297 297 298 298 298 299 299 299 300 301 302 302 303 304 304 305 306 306 307 308 420 421 421 422 423 423 425
303 303 303 304 304 304 304 305 305 305 306 306 306 306 307 307 307 308 308 308 308 309 309 309 310 310 310 310 311 311 311 312 312 312 313 313 313 313 314 314 314 315 315 315 315 316 316 316 317 317 317 317 318 318 318 319 319 319 319 320 295 295 296 296 296 297 297 297 297 298 298 298 299 299 300 300 302 302 302 304 304 305 305 306 307 307 309 421 421 422 423 423 424 425
303 303 303 304 304 304 304 305 305 305 306 306 306 306 307 307 307 308 308 308 308 309 309 309 310 310 310 310 311 311 311 312 312 312 313 313 313 313 314 314 314 315 315 315 315 316 316 316 317 317 317 317 318 318 318 319 319 319 319 320 320 320 296 296 296 297 297 297 297 298 298 298 300 300 300 301 302 303 303 304 305 305 306 307 307 308 309 421 422 422 423 424 424 426
303 303 303 304 304 304 304 305 305 305 306 306 306 306 307 307 307 308 308 308 308 309 309 309 310 310 310 311 311 311 311 312 312 312 313 313 313 313 314 314 314 315 315 315 315 316 316 316 317 317 317 317 318 318 318 319 319 319 320 320 320 320 321 321 296 297 297 297 297 298 298 299 300 300 301 301 303 303 303 305 305 306 306 307 308 308 310 422 422 424 424 424 425 426
303 303 303 304 304 304 304 305 305 305 306 306 306 306 307 307 307 308 308 308 309 309 309 309 310 310 310 311 311 311 311 312 312 312 313 313 313 313 314 314 314 315 315 315 315 316 316 316 317 317 317 318 318 318 318 319 319 319 320 320 320 320 321 321 321 297 297 297 297 298 299 299 300 301 301 302 303 303 304 305 306 306 307 308 308 309 310 422 423 424 425 425 425 427
303 303 303 304 304 304 304 305 305 305 306 306 306 306 307 307 307 308 308 308 309 309 309 309 310 310 310 311 311 311 311 312 312 312 313 313 313 313 314 314 314 315 315 315 315 316 316 316 317 317 317 318 318 318 318 319 319 319 320 320 320 320 321 321 321 322 322 297 297 299 299 299 301 301 302 303 304 304 304 306 306 307 308 308 309 309 311 423 423 425 425 425 426 427
303 303 303 304 304 304 304 305 305 305 306 306 306 307 307 307 307 308 308 308 309 309 309 309 310 310 310 311 311 311 311 312 312 312 313 313 313 313 314 314 314 315 315 315 316 316 316 316 317 317 317 318 318 318 318 319 319 319 320 320 320 320 321 321 321 322 322 322 323 299 299 300 301 302 302 304 304 304 305 306 307 307 308 309 309 310 311 423 424 425 425 426 426 428
303 303 303 304 304 304 304 305 305 305 306 306 306 307 307 307 307 308 308 308 309 309 309 309 310 310 310 311 311 311 311 312 312 312 313 313 313 313 314 314 314 315 315 315 316 316 316 316 317 317 317 318 318 318 318 319 319 319 320 320 320 320 321 321 321 322 322 323 324 324 300 300 302 302 303 304 304 305 305 307 307 308 309 309 310 310 311 424 424 426 426 426 427 428
303 303 303 304 304 304 304 305 305 305 306 306 306 307 307 307 307 308 308 308 309 309 309 309 310 310 310 311 311 311 311 312 312 312 313 313 313 314 314 314 314 315 315 315 316 316 316 316 317 317 317 318 318 318 318 319 319 319 320 320 320 320 321 321 321 322 323 323 324 325 325 326 302 303 303 304 305 305 306 307 308 308 309 310 310 311 312 312 425 426 426 427 428 429
303 303 303 304 304 304 305 305 305 305 306 306 306 307 307 307 307 308 308 308 309 309 309 309 310 310 310 311 311 311 311 312 312 312 313 313 313 314 314 314 314 315 315 315 316 316 316 316 317 317 317 318 318 318 318 319 319 319 320 320 320 321 321 321 321 322 323 323 325 325 326 326 328 303 303 305 305 306 306 308 308 308 310 310 311 311 312 313 425 427 427 427 429 429
303 303 303 304 304 304 305 305 305 305 306 306 306 307 307 307 307 308 308 308 309 309 309 309 310 310 310 311 311 311 311 312 312 312 313 313 313 314 314 314 314 315 315 315 316 316 316 316 317 317 317 318 318 318 318 319 319 319 320 320 320 321 321 321 321 323 323 324 325 326 326 327 328 328 304 305 306 306 307 308 308 309 310 311 311 313 313 313 426 427 427 428 429 430
303 303 303 304 304 304 305 305 305 305 306 306 306 307 307 307 307 308 308 308 309 309 309 309 310 310 310 311 311 311 312 312 312 312 313 313 313 314 314 314 314 315 315 315 316 316 316 316 317 317 317 318 318 318 318 319 319 319 320 320 320 321 321 321 322 323 324 324 326 326 327 327 328 329 329 331 306 307 307 309 309 309 311 311 312 313 313 314 426 428 428 428 430 430
