testData/tiles/oneDegreeCosts/grid47.0-3.0-48.0-4.0.asc
ncols   200
nrows   200
xllcorner   47.0
yllcorner   3.0
cellsize   0.005
NODATA_value   -9999.0
[rows 123 to 163 of 200, columns 91 to 181 of 200]
987 987 988 988 989 989 990 990 991 991 992 992 993 993 994 993 994 994 995 995 996 996 996 996 996 997 997 997 997 997 998 997 997 998 1005 1005 1006 1005 1005 1006 1005 1005 1004 1005 1004 1004 1003 1004 1003 1002 1002 1001 1001 1000 1000 999 998 997 996 996 996 995 995 994 993 993 992 990 994 993 993 991 990 990 987 986 985 983 981 981 978 976 975 972 970 969 966 963 961 958 958
987 988 988 989 989 990 990 990 990 991 991 992 992 993 993 993 994 994 994 994 995 995 996 995 995 996 996 997 996 996 997 997 997 1005 1005 1004 1005 1004 1004 1005 1004 1004 1004 1004 1003 1003 1003 1002 1002 1001 1000 1001 1000 999 998 998 997 997 997 996 995 995 994 993 993 992 990 990 994 993 991 990 990 988 987 986 984 983 981 980 977 977 974 972 971 968 966 964 961 958 958
986 987 987 988 988 989 989 990 990 991 991 991 991 992 992 993 993 994 994 994 994 994 995 995 995 995 995 996 995 995 996 996 1004 1004 1004 1004 1004 1004 1004 1004 1003 1003 1003 1003 1002 1003 1002 1001 1001 1000 1000 1000 999 998 997 998 997 997 996 995 995 994 993 993 992 991 990 994 993 993 991 990 989 987 986 986 983 983 981 979 978 976 974 973 970 967 966 963 960 959 957
986 987 987 987 987 988 988 989 989 990 990 991 991 992 991 992 992 993 993 994 993 993 994 994 995 994 994 995 995 995 995 1003 1003 1003 1003 1003 1003 1003 1003 1003 1002 1003 1002 1002 1001 1002 1001 1000 1000 1000 999 999 998 997 997 996 997 996 995 995 994 993 993 992 991 990 990 993 993 992 990 990 989 986 986 985 983 982 980 980 977 976 974 972 970 968 966 963 961 958 956
985 986 986 987 988 988 989 989 989 989 990 990 990 991 991 992 991 992 992 993 993 993 993 993 994 994 994 994 994 994 994 1003 1003 1002 1003 1002 1002 1003 1002 1002 1002 1002 1001 1001 1001 1001 1000 999 1000 999 998 997 997 997 996 995 995 995 995 994 994 994 993 992 991 990 994 994 992 990 990 989 988 987 985 984 983 982 979 979 976 976 973 972 970 967 965 963 961 958 956
985 985 986 986 987 987 988 988 989 989 989 989 990 990 991 991 991 991 991 992 992 993 992 993 993 993 993 993 994 994 1001 1002 1002 1001 1002 1001 1001 1002 1001 1001 1001 1001 1000 1001 1000 999 999 999 999 998 997 996 997 996 995 995 994 993 993 994 994 993 991 991 990 990 994 993 992 991 989 988 988 986 985 984 982 981 980 978 976 975 973 971 969 967 966 963 961 958 955
985 985 986 986 986 986 987 987 988 988 989 989 990 989 990 990 991 991 991 991 991 992 992 992 992 993 993 992 993 1001 1000 1001 1001 1001 1001 1001 1001 1001 1000 1001 1000 1000 999 1000 999 998 999 998 997 997 996 996 996 995 995 994 994 994 993 992 992 991 991 990 989 994 993 992 992 990 989 989 986 985 985 983 981 981 979 977 976 974 972 971 969 967 965 962 960 958 954
984 984 985 985 986 986 987 987 987 987 988 988 989 989 989 989 990 990 991 990 991 991 991 992 991 992 992 992 1000 1000 1000 1000 1000 1000 1000 1000 1000 1000 999 1000 999 999 999 999 998 997 998 997 996 996 996 995 994 995 994 994 994 993 992 992 991 990 990 989 989 993 992 992 990 989 989 988 986 985 984 982 982 980 978 978 975 974 972 971 968 967 964 961 960 957 954
983 983 984 985 985 986 986 987 987 987 987 988 988 988 989 989 989 989 990 990 990 990 991 991 991 991 991 992 999 999 1000 999 1000 999 999 1000 999 999 999 999 998 998 998 998 997 997 997 996 995 996 995 994 994 994 994 994 993 992 992 991 990 990 989 989 993 992 991 991 989 989 988 987 986 985 983 982 981 980 978 977 975 974 972 970 968 967 964 962 960 957 955
983 984 984 985 984 985 985 986 986 987 987 987 987 988 988 989 989 989 989 989 990 989 990 990 991 990 990 999 998 999 999 998 999 998 998 999 998 998 998 998 997 998 997 996 996 996 996 995 994 994 994 993 993 992 994 993 992 992 991 990 990 989 989 989 993 992 992 990 989 988 987 986 985 984 984 981 980 979 978 976 975 973 971 970 968 966 964 961 959 957 955
982 983 983 984 984 985 984 985 985 986 986 987 987 987 987 988 988 989 988 988 989 989 989 989 990 990 997 998 997 998 998 997 998 997 997 998 997 998 997 997 996 997 996 995 996 995 995 994 994 993 993 993 992 992 992 992 992 991 990 990 990 989 989 993 992 992 990 989 989 988 987 985 984 984 983 981 980 978 977 976 974 973 971 969 967 966 963 960 960 956 954
981 982 982 983 983 984 984 985 985 985 985 986 986 987 986 987 987 988 987 988 988 988 988 988 989 997 997 997 997 997 997 997 997 997 997 997 996 997 996 996 996 996 995 994 995 994 993 994 993 992 993 992 992 992 991 990 991 990 991 990 989 989 989 992 992 990 989 989 988 987 987 985 983 983 981 981 980 977 977 976 973 973 970 969 967 965 963 962 959 956 955
981 982 982 982 982 983 984 984 985 985 985 985 985 986 986 986 986 987 987 987 987 988 988 987 988 996 996 996 997 996 996 996 996 996 996 996 995 996 995 995 995 994 994 994 994 993 992 993 992 992 991 992 992 991 990 990 989 990 990 989 989 988 992 992 990 989 989 988 987 987 985 984 984 983 980 980 979 977 976 974 974 972 970 969 966 965 963 961 958 956 954
980 981 982 982 983 982 983 983 984 984 985 984 985 985 986 986 985 986 986 987 986 987 987 987 995 995 995 995 996 995 995 995 995 996 995 995 995 995 994 995 994 993 993 993 993 992 992 992 991 991 990 992 991 990 990 989 989 989 988 988 988 988 991 990 989 989 988 987 987 986 984 984 983 982 981 979 978 977 975 973 973 971 970 968 966 965 962 960 958 955 953
980 980 981 981 982 982 983 982 983 983 984 984 984 984 985 985 985 985 985 986 985 986 986 994 994 995 994 994 995 994 995 994 994 995 994 994 994 994 993 994 993 992 993 992 992 991 991 990 991 990 990 990 990 990 989 989 989 988 987 987 986 990 990 989 989 988 987 987 986 984 984 983 982 981 980 979 978 976 975 973 972 971 969 968 966 964 962 961 958 955 954
980 980 980 980 981 981 982 982 982 982 983 983 984 983 984 984 985 984 985 985 985 985 993 994 993 994 994 993 994 993 994 994 993 994 993 993 993 993 992 993 992 991 992 991 990 991 990 990 990 990 990 989 989 989 989 989 988 987 987 986 986 990 990 989 989 988 988 987 986 985 983 982 982 980 979 979 976 975 975 973 971 971 968 967 965 964 962 960 957 956 953
979 979 980 979 980 980 981 981 982 982 982 982 983 983 983 983 984 983 984 984 985 985 992 993 992 993 993 993 993 992 993 993 992 993 992 993 992 992 992 991 991 991 991 990 989 990 990 989 989 990 989 988 988 988 988 988 987 987 986 986 990 990 989 989 988 987 987 986 984 984 983 983 981 979 979 978 976 975 974 972 971 969 967 967 964 963 961 959 956 955 952
978 978 979 979 980 980 980 981 981 982 981 981 982 982 982 982 983 983 983 983 984 991 992 992 991 992 992 992 992 991 992 992 992 992 991 992 991 991 991 990 990 990 990 989 989 990 989 988 989 989 988 988 987 987 988 987 986 986 985 986 990 989 989 988 987 987 986 984 984 983 982 982 980 979 978 977 976 975 973 972 971 968 968 966 964 963 960 958 957 955 952
977 977 978 979 979 980 979 980 980 981 981 981 981 982 982 982 982 982 982 982 991 991 991 991 991 991 991 991 991 991 991 991 991 991 990 991 990 990 990 989 989 989 989 988 988 989 988 988 988 988 988 987 987 987 987 986 986 985 985 990 989 989 988 987 987 986 985 984 983 982 982 981 979 979 977 977 975 974 973 971 970 968 967 965 964 962 959 959 956 954 952
977 978 977 978 978 979 979 979 979 980 980 981 980 981 981 981 981 982 982 982 990 990 990 990 991 990 990 990 990 990 990 990 990 990 990 990 989 989 989 988 989 988 987 987 988 987 987 988 987 988 987 987 987 986 985 986 985 985 985 989 988 988 987 987 986 985 984 983 982 982 981 980 979 978 977 975 974 974 972 970 970 968 966 965 963 961 960 958 955 954 951
976 977 977 977 977 978 978 979 978 979 979 980 979 980 980 981 980 981 981 989 989 989 989 989 990 989 990 989 989 990 989 989 989 989 989 989 988 988 988 987 988 987 986 988 987 986 987 987 986 986 986 987 986 985 985 984 984 985 985 988 988 987 986 986 984 984 983 982 982 981 980 979 978 977 977 975 973 973 971 970 969 967 966 964 962 962 959 957 955 953 950
975 976 976 977 976 977 977 978 978 978 978 979 979 979 979 980 979 980 988 988 988 988 988 988 989 988 989 988 988 989 988 989 988 988 988 988 987 987 987 986 987 986 986 987 986 986 986 986 986 985 985 986 985 985 984 984 984 983 987 988 987 986 985 984 983 983 982 982 981 980 980 978 977 977 976 974 973 972 970 970 968 967 965 963 962 961 958 957 955 953 951
974 975 975 976 976 976 976 977 977 977 977 978 978 978 978 979 979 979 987 988 987 988 987 987 988 987 988 987 987 988 987 988 987 987 987 987 986 986 986 985 986 985 985 986 986 985 985 986 985 984 985 985 984 984 983 984 983 983 987 986 985 985 984 984 984 983 982 982 981 981 978 977 977 976 974 974 973 971 970 969 967 966 965 963 962 960 958 957 954 953 950
974 974 974 975 975 976 976 976 976 977 977 977 977 978 977 978 978 986 986 987 986 987 987 986 987 986 987 986 987 987 986 987 986 986 986 985 986 985 985 985 985 985 985 985 985 984 985 985 984 984 984 983 984 983 983 983 982 987 986 985 985 984 984 984 983 982 982 981 980 979 978 977 976 975 974 973 972 971 969 968 968 965 964 962 961 959 957 956 954 952 949
973 974 973 974 974 975 976 975 976 976 977 976 977 977 976 977 985 985 985 986 985 986 986 986 986 985 986 985 986 986 985 986 985 986 985 984 985 984 984 984 984 984 984 984 984 984 984 984 984 983 983 983 983 982 983 982 982 986 985 985 984 984 984 983 982 982 981 980 980 978 977 977 975 975 973 972 972 970 968 968 966 964 964 961 960 958 957 955 953 951 949
972 973 973 973 974 974 975 974 975 975 976 975 976 976 976 976 984 984 984 985 984 985 985 985 985 984 985 984 985 985 984 985 984 985 984 983 984 983 983 983 983 983 984 983 983 984 983 982 983 983 983 982 981 982 982 981 986 985 984 984 983 984 983 982 982 981 980 980 978 977 977 976 975 973 972 972 971 969 968 967 965 964 963 961 960 957 956 955 952 950 948
971 972 973 973 973 973 974 974 974 974 975 975 975 975 976 983 984 984 983 984 983 984 984 984 984 984 984 984 984 984 984 984 983 983 983 982 983 982 982 983 982 982 983 982 983 983 982 982 982 982 982 981 981 980 981 981 985 984 984 983 983 983 982 982 981 980 980 978 977 977 976 975 975 973 971 971 970 969 968 966 965 964 962 961 959 957 956 953 951 951 948
971 971 972 972 973 972 973 973 974 973 974 974 974 974 983 982 983 983 983 983 983 983 983 983 983 983 983 983 983 983 983 983 982 982 982 981 982 981 983 982 981 982 982 981 981 982 982 981 981 982 981 980 980 980 980 985 984 984 983 983 983 982 981 981 980 980 978 977 977 976 975 975 973 972 972 970 968 968 967 966 964 963 962 960 958 957 955 952 952 950 947
971 970 971 971 972 971 972 972 973 972 973 973 973 973 982 981 982 982 982 982 982 982 982 982 982 982 982 982 982 982 982 982 981 981 981 981 981 981 981 981 981 982 981 981 980 981 981 980 981 981 980 980 979 979 979 983 984 983 982 983 982 981 981 980 979 978 977 977 976 975 975 974 972 972 971 969 968 967 966 965 963 963 960 959 958 956 954 952 951 949 947
970 970 970 970 971 971 971 971 972 971 972 972 973 980 981 981 981 981 981 981 982 981 981 981 981 981 981 982 981 981 981 980 980 980 980 980 980 980 980 981 980 980 981 980 980 981 980 979 980 979 980 979 979 979 979 982 982 981 982 982 981 981 979 978 978 977 976 976 975 975 974 972 972 971 970 970 967 966 966 964 962 962 959 959 957 955 954 952 950 948 946
969 969 970 969 970 970 970 970 971 971 971 971 980 979 980 980 980 980 980 980 981 980 980 980 980 980 980 981 980 980 980 979 980 979 979 979 980 979 979 980 979 980 980 979 980 979 979 979 979 978 979 978 979 978 982 982 981 981 981 980 980 979 978 978 977 976 976 975 974 974 973 972 971 970 970 968 966 966 965 963 962 961 959 958 957 955 953 951 950 947 945
968 968 969 968 969 969 970 969 970 970 970 970 979 978 979 979 979 979 980 979 980 979 980 979 979 979 979 980 979 979 979 978 979 978 978 979 979 978 979 979 978 979 979 979 979 978 979 978 978 978 977 977 978 978 982 981 980 981 980 979 979 978 978 977 976 976 975 974 974 973 971 971 970 970 969 967 966 965 964 963 961 960 959 957 956 954 952 951 949 946 945
967 967 968 968 968 968 969 968 969 969 969 977 978 977 978 978 978 978 979 978 979 978 979 978 978 978 978 979 978 977 978 977 978 977 977 978 977 978 978 978 978 978 977 978 978 978 978 978 978 977 976 976 977 982 981 980 980 980 979 979 978 977 977 976 976 975 974 974 973 971 971 970 969 969 968 967 966 964 963 962 960 960 958 956 955 953 952 950 948 946 944
967 966 967 967 967 967 968 968 968 968 977 976 977 977 977 977 977 977 978 977 978 977 978 977 977 977 977 978 977 976 977 976 977 976 977 977 976 977 977 977 977 977 977 977 977 977 976 978 977 976 976 975 976 981 980 980 979 979 979 978 977 977 976 975 975 974 974 973 972 971 970 969 969 968 966 966 965 964 962 961 961 958 957 956 954 952 952 949 947 945 943
966 965 966 966 967 966 967 967 967 967 976 975 976 976 976 976 976 976 977 976 977 976 977 976 976 976 976 976 976 976 976 975 976 976 976 976 976 976 976 976 976 977 976 976 977 976 975 977 976 976 975 975 980 980 979 979 978 979 978 977 977 976 975 975 974 973 973 972 971 970 969 969 968 967 966 965 964 963 961 961 960 957 957 955 953 952 951 948 947 944 943
965 965 965 965 966 965 966 966 966 975 975 975 975 975 975 975 976 975 976 975 976 975 976 975 975 975 975 975 975 975 975 974 975 975 975 976 975 976 976 975 976 976 975 975 976 975 975 975 975 975 974 975 979 978 978 978 978 978 977 977 976 975 975 974 973 973 972 971 971 969 969 968 967 966 965 964 964 961 960 960 959 957 956 954 953 951 950 948 946 944 943
964 964 964 964 965 965 965 966 974 974 974 974 974 974 974 974 975 974 975 974 975 974 975 974 975 974 974 974 974 974 974 973 975 974 974 975 974 976 975 974 976 975 974 974 975 975 974 974 975 974 973 974 978 978 977 976 978 977 976 976 975 975 974 973 973 972 971 971 970 969 968 967 967 965 964 964 963 961 960 959 958 956 955 954 952 950 949 947 945 944 942
963 963 964 963 964 964 964 965 973 973 973 974 973 974 973 973 974 973 974 973 974 973 974 973 974 973 973 973 973 973 973 973 974 973 974 974 973 975 974 974 974 974 974 973 974 974 973 974 973 973 973 978 977 977 976 976 976 975 976 975 974 974 973 972 971 971 971 970 969 969 968 966 965 964 964 963 962 961 959 958 957 955 954 954 951 950 948 946 945 943 941
962 962 963 962 963 964 964 972 972 972 972 973 972 973 972 972 973 972 973 972 973 972 973 972 973 972 972 972 972 972 972 972 973 973 973 973 973 973 973 973 973 974 973 973 973 973 972 973 972 972 972 977 977 976 975 975 975 975 974 973 973 972 971 971 971 971 970 969 969 968 967 965 964 963 963 962 961 960 958 958 956 954 954 952 950 950 947 946 944 942 941
961 961 962 961 962 963 970 971 971 971 971 972 971 972 972 971 972 971 972 971 972 971 972 971 972 971 971 971 971 971 972 971 972 972 972 973 972 972 973 972 972 973 972 973 972 972 972 972 971 971 976 977 976 975 975 974 974 974 973 973 972 971 971 970 970 970 969 969 968 967 967 964 963 963 962 961 960 959 958 957 955 954 953 951 950 949 946 945 944 942 940
960 960 961 961 961 962 970 970 970 971 970 971 970 971 971 971 971 970 971 970 971 970 971 970 971 970 970 970 970 971 971 970 971 971 971 972 971 972 972 971 972 971 972 972 971 971 971 971 971 970 975 976 975 975 974 973 974 973 972 972 971 971 970 969 970 969 968 968 967 967 965 963 963 962 961 960 959 958 957 955 955 953 952 951 949 948 946 944 942 941 939
