testData/tiles/oneDegreeCosts/grid32.0-24.0-33.0-25.0.asc
ncols   200
nrows   200
xllcorner   32.0
yllcorner   24.0
cellsize   0.005
NODATA_value   -9999.0
[rows 123 to 163 of 200, columns 93 to 185 of 200]
778 778 778 778 779 783 786 789 791 795 797 798 800 803 804 806 809 811 811 812 815 815 817 818 821 821 936 938 938 939 940 941 943 943 944 945 946 946 948 948 948 950 950 950 951 952 952 952 954 953 953 954 958 958 958 959 960 959 959 961 960 960 959 960 961 960 961 960 960 961 961 962 962 963 1006 1007 1008 1008 1009 1009 1011 1015 1019 1021 1025 1029 1030 1034 1036 1038 1041 1044 1045
780 778 779 778 780 782 786 788 791 794 796 798 800 802 805 805 809 810 812 812 815 816 816 819 820 822 936 938 939 939 942 942 942 943 945 945 946 947 947 948 949 949 950 951 951 952 953 952 953 954 953 958 960 959 959 959 960 960 959 960 960 960 960 960 960 961 961 961 960 961 962 962 963 963 1007 1007 1008 1009 1009 1010 1011 1014 1017 1021 1025 1028 1030 1034 1036 1038 1041 1043 1046
780 780 780 779 779 783 786 788 791 793 796 798 802 802 805 806 808 810 811 814 814 816 817 818 820 821 938 938 939 940 941 943 943 943 945 946 946 948 948 948 949 950 950 951 952 952 953 953 953 954 955 958 959 959 959 960 960 960 961 961 961 960 962 962 961 961 961 961 961 961 962 962 963 965 965 1008 1008 1009 1009 1010 1011 1014 1019 1021 1024 1027 1030 1032 1036 1038 1041 1043 1045
781 782 781 780 779 783 785 788 791 794 795 798 801 803 804 806 809 810 811 813 815 816 818 820 820 935 937 938 939 939 942 942 943 945 945 946 947 947 949 949 949 951 951 951 953 953 953 953 955 954 954 959 959 960 959 961 961 960 960 962 961 961 961 961 962 961 962 961 961 963 962 963 963 964 965 1009 1009 1009 1010 1010 1011 1012 1017 1022 1024 1027 1030 1033 1035 1038 1040 1042 1045
782 782 782 781 780 781 785 787 791 793 796 797 800 802 805 806 809 810 811 813 815 817 818 820 821 935 937 938 939 940 941 943 943 945 946 946 947 948 948 949 951 951 951 952 952 952 954 953 954 955 954 960 959 960 960 960 960 961 961 961 961 961 962 961 961 961 962 962 961 962 963 964 965 964 965 1008 1009 1010 1010 1011 1011 1013 1016 1020 1023 1026 1030 1032 1036 1037 1040 1042 1044
783 783 783 782 783 781 784 787 791 793 796 799 800 802 804 807 808 810 811 813 815 817 819 819 821 936 937 938 939 941 942 942 944 944 946 947 947 949 949 949 951 951 951 951 953 953 953 955 954 955 954 960 960 960 960 962 961 961 962 962 962 961 962 963 962 963 962 962 963 962 963 963 964 965 966 967 1009 1010 1011 1011 1011 1012 1016 1020 1022 1025 1029 1032 1034 1037 1040 1043 1045
785 785 783 783 783 783 783 787 790 793 794 798 800 802 804 807 809 809 812 813 815 816 819 820 820 936 938 938 939 941 942 942 943 945 945 947 948 948 949 950 950 951 952 951 953 954 953 955 955 955 955 959 961 961 961 961 962 961 962 962 962 962 962 962 962 963 963 962 962 963 964 965 964 965 966 966 1010 1011 1011 1011 1012 1013 1014 1018 1022 1026 1028 1032 1034 1036 1039 1042 1043
786 785 785 783 784 783 783 786 790 792 795 797 800 802 803 806 808 810 812 813 815 816 818 820 821 936 938 939 939 941 942 943 943 945 946 946 948 948 949 949 950 951 951 953 953 953 954 955 955 955 960 961 961 961 962 961 961 961 963 963 962 962 964 963 963 964 963 963 962 963 964 964 965 966 967 966 1010 1011 1011 1012 1012 1013 1014 1018 1021 1024 1028 1030 1034 1037 1039 1041 1044
786 786 785 785 785 784 784 787 789 792 794 798 799 802 804 806 807 810 812 813 815 816 818 819 821 937 937 939 940 941 942 943 943 945 946 946 948 948 949 949 951 951 952 953 953 954 954 954 955 956 959 961 961 961 962 963 962 962 962 962 963 963 963 963 963 964 963 963 963 963 965 964 965 966 966 967 968 1011 1012 1012 1013 1013 1013 1017 1021 1024 1027 1031 1033 1036 1038 1041 1042
788 787 786 787 786 785 784 786 789 791 793 798 800 800 804 806 807 809 812 813 815 816 818 819 820 937 937 938 940 942 942 943 945 945 946 947 948 949 949 950 951 951 952 953 954 954 954 955 955 956 961 961 961 962 962 962 962 962 963 962 962 963 963 963 963 963 963 963 963 964 964 965 966 967 967 967 968 1011 1012 1012 1013 1014 1014 1017 1019 1023 1026 1030 1032 1036 1037 1040 1044
789 788 787 787 787 786 785 785 788 791 793 796 799 801 804 806 807 809 811 813 815 817 818 819 934 936 938 938 939 942 942 942 945 946 946 947 948 948 949 950 950 952 952 952 954 954 954 956 956 956 960 962 961 961 962 962 962 962 963 964 963 964 964 963 964 964 964 964 963 964 964 965 966 966 967 968 968 1012 1012 1013 1013 1013 1014 1016 1020 1022 1026 1029 1031 1034 1037 1039 1042
789 789 788 788 787 787 786 786 787 790 793 796 798 801 803 805 807 809 811 812 815 816 818 819 934 936 937 939 939 941 943 942 944 946 946 946 949 949 949 951 952 952 952 954 954 954 955 955 955 957 961 961 961 961 963 962 962 963 963 963 963 964 964 964 964 964 964 964 965 964 965 965 967 967 967 968 968 969 1013 1013 1014 1014 1015 1015 1018 1021 1025 1029 1031 1035 1036 1040 1042
790 789 789 789 788 787 787 787 787 789 793 795 798 800 803 804 807 808 811 812 814 817 817 819 934 936 937 938 939 941 942 943 944 945 947 946 948 949 950 950 952 952 952 953 954 954 954 956 956 956 961 961 962 961 962 963 962 962 963 963 963 964 964 964 964 964 964 964 964 964 965 966 966 967 967 968 969 969 1013 1013 1014 1014 1015 1016 1017 1021 1024 1028 1029 1033 1036 1038 1042
728 790 789 790 789 788 787 788 787 788 792 795 797 799 802 805 806 808 811 812 814 816 818 818 933 936 937 938 939 941 942 943 944 945 946 946 948 948 949 950 951 951 952 953 954 954 954 956 956 956 961 961 961 962 962 962 962 963 964 964 963 965 964 964 964 964 965 965 965 965 965 965 967 967 968 968 969 970 1013 1014 1014 1015 1015 1015 1016 1019 1023 1027 1030 1032 1035 1038 1040
729 791 790 791 790 790 788 789 788 788 791 794 797 799 802 804 806 807 811 812 813 816 817 819 933 935 937 937 939 941 942 943 944 945 946 946 948 949 949 951 951 952 952 953 954 954 954 956 956 956 961 962 961 961 962 963 963 963 963 964 963 964 964 964 964 965 965 965 965 965 966 966 967 967 967 969 969 970 970 1014 1014 1014 1016 1016 1016 1018 1022 1026 1028 1032 1034 1037 1040
799 799 862 861 861 860 860 859 859 858 860 863 865 869 871 873 875 878 879 881 883 885 887 888 1003 1005 1006 1008 1008 1010 1012 1013 1014 1015 1016 1016 1018 1019 1018 1021 1021 1021 1022 1024 1023 1024 1025 1025 1025 1031 1031 1031 1031 1032 1033 1033 1032 1033 1034 1033 1033 964 965 965 964 965 966 965 965 965 965 966 967 968 968 969 970 970 971 1014 1015 1015 1015 1016 1016 1018 1020 1025 1028 1031 1033 1037 1039
800 800 862 863 861 861 860 861 859 859 859 863 865 867 871 872 875 877 880 881 882 886 886 888 1003 1005 1006 1007 1009 1010 1011 1013 1014 1014 1016 1017 1017 1019 1020 1020 1022 1022 1022 1024 1024 1024 1024 1026 1026 1030 1031 1031 1032 1032 1032 1033 1033 1033 1034 1034 1034 1035 1034 1034 1035 1035 1035 1034 1034 1036 1036 1037 1036 1037 1038 1039 1040 1040 1041 1041 1084 1085 1086 1086 1086 1087 1091 1093 1097 1100 1102 1105 1108
802 800 863 863 863 861 861 861 861 859 859 862 864 867 870 873 874 876 879 881 882 884 887 1001 1003 1005 1006 1007 1008 1010 1011 1012 1014 1015 1015 1016 1018 1018 1019 1020 1021 1021 1023 1023 1024 1025 1024 1026 1026 1030 1031 1032 1031 1032 1032 1033 1033 1033 1034 1034 1034 1035 1035 1034 1034 1034 1035 1035 1034 1035 1036 1036 1038 1038 1039 1039 1039 1040 1040 1042 1085 1085 1086 1086 1087 1087 1088 1093 1096 1099 1102 1106 1107
802 802 802 863 863 863 861 862 861 861 859 860 864 865 869 872 874 875 879 880 882 883 886 1002 1002 1004 1006 1006 1008 1010 1011 1012 1013 1015 1015 1016 1018 1018 1019 1019 1021 1021 1022 1022 1024 1024 1024 1026 1026 1029 1030 1032 1031 1031 1033 1033 1033 1033 1033 1034 1034 1034 1035 1034 1035 1036 1035 1035 1034 1035 1036 1036 1037 1038 1038 1040 1040 1040 1041 1041 1085 1085 1085 1087 1087 1088 1088 1091 1094 1098 1100 1104 1107
803 802 802 863 864 863 863 862 862 861 861 860 862 866 867 871 873 876 878 879 882 882 886 1001 1002 1004 1005 1007 1007 1009 1011 1012 1012 1015 1015 1015 1018 1018 1018 1020 1021 1021 1022 1024 1024 1024 1025 1025 1025 1031 1030 1031 1031 1032 1033 1033 1033 1033 1035 1034 1034 1034 1035 1035 1035 1035 1035 1035 1035 1035 1036 1037 1037 1038 1039 1039 1040 1040 1041 1041 1042 1086 1086 1087 1087 1087 1088 1090 1094 1097 1101 1103 1106
803 803 802 802 864 864 863 863 862 862 861 860 862 864 868 870 873 875 878 879 881 883 884 1001 1002 1003 1005 1006 1007 1009 1010 1012 1012 1014 1016 1016 1017 1019 1019 1019 1020 1022 1022 1022 1024 1024 1024 1026 1026 1030 1030 1031 1032 1032 1032 1033 1034 1033 1034 1034 1034 1034 1034 1034 1035 1035 1035 1035 1035 1035 1036 1037 1038 1038 1039 1039 1040 1041 1041 1042 1042 1085 1086 1086 1088 1088 1088 1088 1093 1095 1099 1102 1104
804 803 803 802 866 864 864 863 864 862 861 862 862 864 866 870 871 874 876 878 880 882 885 1000 1001 1003 1004 1006 1007 1009 1010 1011 1012 1014 1015 1015 1016 1018 1018 1020 1020 1021 1022 1022 1023 1024 1024 1026 1026 1029 1030 1032 1031 1032 1032 1033 1033 1033 1034 1034 1034 1034 1035 1034 1035 1036 1035 1036 1035 1035 1036 1036 1037 1038 1039 1040 1040 1041 1041 1041 1043 1043 1087 1086 1087 1088 1088 1088 1090 1094 1097 1101 1104
804 805 803 803 803 866 864 864 864 862 862 862 862 862 865 869 872 873 875 878 879 882 884 999 1001 1002 1005 1005 1006 1008 1010 1010 1012 1014 1014 1015 1016 1017 1018 1019 1020 1021 1022 1022 1024 1024 1024 1024 1026 1029 1030 1031 1031 1031 1032 1032 1033 1033 1033 1033 1035 1034 1035 1035 1034 1035 1035 1035 1035 1035 1036 1038 1038 1038 1038 1039 1040 1041 1042 1042 1042 1043 1086 1087 1087 1088 1088 1089 1090 1093 1097 1100 1103
805 806 805 804 804 867 865 865 865 865 863 863 862 862 864 867 870 872 874 877 880 880 883 999 1001 1002 1004 1005 1006 1007 1010 1010 1011 1014 1015 1015 1016 1018 1018 1018 1020 1020 1021 1022 1023 1023 1025 1024 1025 1030 1030 1031 1031 1031 1032 1033 1033 1033 1034 1034 1034 1034 1034 1035 1034 1034 1035 1035 1035 1036 1036 1037 1037 1038 1040 1040 1040 1040 1041 1042 1042 1043 1043 1087 1088 1088 1088 1088 1089 1091 1095 1098 1102
809 808 809 807 807 870 870 868 868 868 868 866 867 866 868 870 873 876 877 881 882 885 886 1002 1003 1004 1006 1008 1009 1010 1012 1013 1014 1015 1017 1018 1018 1020 1022 1020 1021 1023 1023 1023 1025 1025 1026 1026 1026 1032 1032 1031 1033 1033 1032 1033 1034 1034 1034 1035 1034 1034 1034 1034 1034 1034 1035 1035 1035 1035 1035 1036 1038 1038 1039 1039 1040 1041 1041 1042 1042 1043 1044 1086 1087 1087 1088 1089 1089 1091 1094 1097 1100
813 813 813 813 811 811 874 874 872 872 871 871 869 870 869 871 875 877 881 881 885 887 1002 1005 1006 1009 1009 1011 1013 1014 1014 1016 1017 1017 1020 1021 1020 1023 1024 1023 1025 1026 1027 1028 1027 1028 1028 1029 1031 1034 1034 1036 1036 1036 1036 1038 1037 1036 1036 1038 1037 1037 1038 1038 1039 1038 1038 1038 1037 1038 1040 1040 1041 1041 1040 1041 1042 1043 1044 1044 1044 1044 1044 1044 1089 1089 1089 1090 1090 1090 1092 1096 1099
818 816 817 816 816 814 878 877 877 876 876 875 875 873 872 874 877 880 882 885 887 889 1005 1006 1009 1010 1012 1014 1015 1016 1017 1019 1020 1021 1022 1023 1024 1024 1026 1027 1027 1029 1030 1030 1030 1032 1032 1031 1033 1037 1037 1038 1038 1039 1040 1039 1040 1041 1039 1040 1041 1040 1041 1042 1041 1041 1041 1042 1041 1041 1042 1043 1043 1045 1045 1046 1046 1045 1046 1046 1048 1049 1048 1049 1091 1092 1091 1092 1093 1093 1095 1098 1101
821 821 819 820 819 819 819 881 880 880 879 879 877 876 876 876 879 881 885 887 889 891 1007 1009 1011 1012 1014 1017 1017 1019 1020 1021 1023 1023 1024 1026 1026 1027 1029 1029 1030 1031 1032 1033 1033 1035 1035 1034 1035 1040 1040 1040 1042 1042 1042 1042 1043 1043 1044 1043 1044 1044 1043 1044 1043 1044 1044 1044 1044 1044 1044 1046 1046 1047 1048 1048 1049 1049 1049 1050 1050 1051 1051 1052 1095 1095 1096 1096 1096 1096 1097 1100 1103
825 824 824 823 823 822 821 883 883 882 881 881 880 880 879 879 880 885 886 888 891 893 1009 1011 1014 1015 1016 1018 1020 1021 1022 1024 1024 1026 1027 1028 1029 1030 1031 1031 1033 1033 1034 1036 1036 1037 1037 1038 1037 1042 1044 1043 1043 1045 1045 1045 1046 1046 1045 1045 1046 1046 1045 1047 1047 1047 1047 1048 1047 1048 1048 1048 1049 1049 1050 1052 1052 1053 1052 1053 1053 1053 1054 1055 1056 1098 1098 1099 1099 1099 1099 1101 1103
827 827 826 825 825 825 824 824 886 885 885 884 884 883 884 882 882 885 888 891 893 896 1011 1013 1014 1017 1017 1019 1022 1023 1024 1025 1027 1028 1029 1032 1031 1032 1034 1035 1035 1036 1036 1037 1037 1038 1039 1040 1039 1046 1046 1045 1046 1048 1047 1046 1048 1048 1048 1048 1048 1048 1050 1049 1050 1050 1048 1050 1049 1050 1051 1051 1052 1054 1054 1054 1053 1054 1055 1055 1057 1057 1057 1058 1058 1101 1100 1101 1101 1103 1103 1103 1107
829 830 829 829 828 828 827 827 889 889 888 889 886 886 885 885 884 885 890 891 894 896 1013 1014 1016 1018 1020 1021 1023 1026 1026 1028 1030 1030 1032 1032 1032 1034 1035 1037 1037 1038 1038 1039 1041 1041 1042 1043 1043 1047 1047 1048 1048 1049 1049 1050 1050 1051 1050 1050 1053 1052 1051 1051 1051 1052 1051 1052 1052 1052 1054 1055 1055 1055 1055 1056 1057 1058 1058 1058 1059 1060 1059 1059 1059 1061 1105 1105 1105 1105 1106 1104 1106
833 832 832 831 831 830 830 829 830 891 891 890 891 889 888 889 887 888 890 893 895 897 1015 1016 1017 1020 1022 1023 1024 1026 1029 1029 1031 1033 1033 1033 1036 1036 1037 1040 1039 1040 1040 1042 1042 1042 1044 1044 1044 1049 1050 1051 1051 1050 1053 1053 1051 1052 1053 1053 1053 1053 1053 1054 1054 1054 1054 1053 1054 1055 1055 1056 1056 1057 1058 1059 1060 1060 1060 1061 1060 1061 1062 1063 1064 1063 1107 1106 1107 1107 1107 1108 1107
835 835 834 834 833 834 832 832 831 895 893 892 893 891 891 890 891 889 890 895 897 899 1016 1018 1019 1021 1024 1026 1026 1029 1029 1030 1032 1034 1035 1035 1037 1038 1039 1040 1041 1042 1043 1044 1044 1045 1046 1045 1046 1051 1051 1052 1052 1052 1054 1054 1053 1055 1056 1055 1054 1056 1055 1055 1055 1055 1056 1057 1057 1058 1058 1059 1059 1059 1060 1060 1061 1062 1062 1063 1065 1064 1064 1064 1065 1065 1065 1109 1109 1111 1110 1110 1110
839 838 838 837 837 836 835 835 833 834 895 895 894 895 893 893 893 892 892 895 898 899 1015 1019 1021 1021 1025 1026 1028 1029 1031 1033 1033 1035 1036 1036 1037 1040 1041 1041 1043 1044 1044 1044 1047 1046 1047 1049 1049 1053 1053 1054 1054 1055 1055 1056 1056 1056 1057 1057 1057 1058 1058 1058 1057 1058 1058 1058 1058 1059 1060 1061 1062 1062 1063 1063 1062 1064 1065 1065 1066 1066 1067 1067 1067 1068 1068 1112 1111 1112 1113 1112 1113
841 840 840 839 839 838 839 837 837 836 900 898 897 897 896 895 894 895 894 895 899 901 1017 1020 1021 1024 1025 1028 1029 1030 1033 1034 1035 1036 1038 1039 1039 1041 1042 1043 1043 1045 1045 1046 1048 1048 1049 1049 1051 1054 1056 1057 1055 1056 1057 1057 1058 1058 1059 1059 1058 1058 1060 1060 1060 1060 1059 1059 1060 1061 1062 1062 1063 1064 1064 1066 1067 1066 1067 1066 1067 1068 1068 1070 1070 1070 1071 1071 1114 1113 1114 1114 1114
843 843 842 842 841 841 840 841 839 839 839 901 899 898 899 898 897 897 896 895 898 1016 1018 1019 1023 1025 1026 1029 1030 1032 1033 1035 1037 1037 1039 1041 1041 1041 1044 1044 1044 1046 1048 1047 1048 1050 1050 1050 1056 1056 1057 1057 1057 1058 1058 1058 1059 1060 1059 1060 1061 1060 1062 1062 1061 1061 1061 1061 1062 1062 1063 1064 1064 1066 1067 1067 1068 1067 1068 1069 1070 1070 1070 1071 1072 1072 1072 1072 1072 1116 1116 1117 1117
846 845 845 844 845 843 842 842 842 840 839 903 902 901 901 900 899 898 899 898 899 1016 1019 1022 1023 1025 1028 1028 1032 1033 1034 1037 1038 1039 1040 1041 1042 1043 1045 1045 1045 1047 1049 1049 1050 1051 1052 1051 1053 1058 1058 1058 1060 1059 1059 1060 1061 1061 1061 1061 1063 1063 1062 1063 1062 1063 1063 1062 1064 1065 1065 1067 1068 1067 1068 1068 1069 1069 1070 1071 1071 1072 1072 1072 1073 1073 1075 1075 1074 1118 1118 1118 1118
848 845 846 845 845 844 844 843 844 842 842 842 905 903 902 903 902 901 901 900 900 1016 1020 1022 1023 1027 1028 1030 1032 1034 1036 1036 1038 1040 1041 1042 1044 1045 1045 1046 1048 1048 1050 1051 1051 1051 1053 1053 1054 1059 1060 1059 1060 1061 1060 1062 1063 1062 1062 1064 1064 1064 1063 1064 1064 1064 1065 1065 1065 1067 1068 1068 1069 1069 1070 1071 1071 1071 1071 1072 1073 1073 1074 1074 1075 1076 1076 1076 1075 1076 1120 1120 1120
849 849 848 848 847 847 846 846 845 845 844 843 907 906 905 904 905 904 902 903 902 1017 1020 1022 1025 1026 1029 1031 1031 1034 1036 1037 1039 1041 1042 1043 1045 1046 1046 1048 1049 1050 1051 1052 1053 1052 1055 1055 1054 1059 1061 1060 1061 1063 1062 1063 1064 1063 1065 1065 1065 1065 1065 1065 1066 1066 1065 1066 1067 1068 1069 1069 1070 1071 1071 1072 1072 1073 1074 1073 1074 1075 1076 1077 1077 1076 1076 1077 1078 1078 1121 1122 1123
851 851 850 850 849 849 849 848 847 847 847 846 846 909 908 906 907 906 904 903 903 1017 1018 1023 1025 1027 1029 1031 1033 1034 1037 1038 1039 1041 1042 1044 1045 1046 1048 1048 1050 1052 1051 1052 1053 1054 1054 1056 1057 1061 1062 1062 1063 1064 1065 1064 1065 1066 1065 1065 1066 1066 1066 1066 1067 1067 1067 1068 1069 1069 1070 1070 1071 1072 1072 1073 1074 1074 1075 1077 1077 1077 1077 1077 1078 1078 1078 1078 1080 1080 1081 1124 859
853 853 853 851 851 850 850 850 849 848 848 847 846 909 909 908 907 907 907 905 906 1019 1020 1023 1025 1028 1029 1032 1034 1036 1037 1040 1041 1041 1043 1044 1044 1047 1048 1049 1051 1052 1052 1052 1055 1055 1055 1058 1058 1062 1062 1064 1063 1063 1065 1065 1065 1067 1066 1066 1067 1067 1068 1068 1068 1069 1069 1068 1069 1070 1070 1072 1072 1073 1074 1074 1075 1077 1077 1077 1077 1078 1078 1078 1079 1079 1081 1081 1081 1082 1081 859 859
