testData/tiles/oneDegreeCosts/grid7.0-49.0-8.0-50.0.asc
ncols   200
nrows   200
xllcorner   7.0
yllcorner   49.0
cellsize   0.005
NODATA_value   -9999.0
[rows 84 to 125 of 200, columns 94 to 187 of 200]
421 421 421 421 421 421 421 421 421 421 421 421 421 421 421 421 421 421 421 421 421 421 421 421 421 421 421 421 421 421 421 421 421 421 421 421 421 421 421 421 421 421 421 421 421 421 421 421 421 421 421 421 421 421 421 421 421 421 421 421 421 421 421 421 421 421 421 421 421 421 421 421 421 421 421 421 421 421 421 421 421 421 421 421 421 421 421 421 421 421 421 421 421 421
421 421 421 421 421 421 421 421 421 421 421 421 421 421 421 421 421 421 421 421 421 421 421 421 421 421 421 421 421 421 421 421 421 421 421 421 421 421 421 421 421 421 421 421 421 421 421 421 421 421 421 421 421 421 421 421 421 421 421 421 421 421 421 421 421 421 421 421 421 421 421 421 421 421 421 421 421 421 421 421 421 421 421 421 421 421 421 421 421 421 421 421 421 421
421 421 421 421 421 421 421 421 421 421 421 421 421 421 421 421 421 421 421 421 421 421 421 421 421 421 421 421 421 421 421 421 421 421 421 421 421 421 421 421 421 421 421 421 421 421 421 421 421 421 421 421 421 421 421 421 421 421 421 421 421 421 421 421 421 421 421 421 421 421 421 421 421 421 421 421 421 421 421 421 421 421 421 421 421 421 421 421 421 421 421 421 421 421
421 421 421 421 421 421 421 421 421 421 421 421 421 421 421 421 421 421 421 421 421 421 421 421 421 421 421 421 421 421 421 421 421 421 421 421 421 421 421 421 421 421 421 421 421 421 421 421 421 421 421 421 421 421 421 421 421 421 421 421 421 421 421 421 421 421 421 421 421 421 421 421 421 421 421 421 421 421 421 421 421 421 421 421 421 421 421 421 421 421 421 421 421 421
421 421 421 421 421 421 421 421 421 421 421 421 421 421 421 421 421 421 421 421 421 421 421 421 421 421 421 421 421 421 421 421 421 421 421 421 421 421 421 421 421 421 421 421 421 421 421 421 421 421 421 421 421 421 421 421 421 421 421 421 421 421 421 421 421 421 421 421 421 421 421 421 421 421 421 421 421 421 421 421 421 421 421 421 421 421 421 421 421 421 421 421 421 436
421 421 421 421 421 421 421 421 421 421 421 421 421 421 421 421 421 421 421 421 421 421 421 421 421 421 421 421 421 421 421 421 421 421 421 421 421 421 421 421 421 421 421 421 421 421 421 421 421 421 421 421 421 421 421 421 421 421 421 421 421 421 421 421 421 421 421 421 421 421 421 421 421 421 421 421 421 421 421 421 421 421 421 421 421 421 421 421 421 421 436 436 436 436
421 421 421 421 421 421 421 421 421 421 421 421 421 421 421 421 421 421 421 421 421 421 421 421 421 421 421 421 421 421 421 421 421 421 421 421 421 421 421 421 421 421 421 421 421 421 421 421 421 421 421 421 421 421 421 421 421 421 421 421 421 421 421 421 421 421 421 421 421 421 421 421 421 421 421 421 421 421 421 421 421 421 421 421 421 421 436 436 436 436 436 436 436 436
421 421 421 421 421 421 421 421 421 421 421 421 421 421 421 421 421 421 421 421 421 421 421 421 421 421 421 421 421 421 421 421 421 421 421 421 421 421 421 421 421 421 421 421 421 421 421 421 421 421 421 421 421 421 421 421 421 421 421 421 421 421 421 421 421 421 421 421 421 421 421 421 421 421 421 421 421 421 421 421 421 421 421 436 436 436 436 436 436 436 436 436 436 436
421 421 421 421 421 421 421 421 421 421 421 421 421 421 421 421 421 421 421 421 421 421 421 421 421 421 421 421 421 421 421 421 421 421 421 421 421 421 421 421 421 421 421 421 421 421 421 421 421 421 421 421 421 421 421 421 421 421 421 421 421 421 421 421 421 421 421 421 421 421 421 421 421 421 421 421 421 421 421 421 436 436 436 436 436 436 436 436 436 436 436 436 436 436
421 421 421 421 421 421 421 421 421 421 421 421 421 421 421 421 421 421 421 421 421 421 421 421 421 421 421 421 421 421 421 421 421 421 421 421 421 421 421 421 421 421 421 421 421 421 421 421 421 421 421 421 421 421 421 421 421 421 421 421 421 421 421 421 421 421 421 421 421 421 421 421 421 421 421 421 436 436 436 436 436 436 436 436 436 436 436 436 436 436 436 436 436 436
421 421 421 421 421 421 421 421 421 421 421 421 421 421 421 421 421 421 421 421 421 421 421 421 421 421 421 421 421 421 421 421 421 421 421 421 421 421 421 421 421 421 421 421 421 421 421 421 421 421 421 421 421 421 421 421 421 421 421 421 421 421 421 421 421 421 421 421 421 421 421 421 421 436 436 436 436 436 436 436 436 436 436 436 436 436 436 436 436 436 436 436 436 436
421 421 421 421 421 421 421 421 421 421 421 421 421 421 421 421 421 421 421 421 421 421 421 421 421 421 421 421 421 421 421 421 421 421 421 421 421 421 421 421 421 421 421 421 421 421 421 421 421 421 421 421 421 421 421 421 421 421 421 421 421 421 421 421 421 421 421 421 421 421 421 436 436 436 436 436 436 436 436 436 436 436 436 436 436 436 436 436 436 436 436 436 436 436
421 421 421 421 421 421 421 421 421 421 421 421 421 421 421 421 421 421 421 421 421 421 421 421 421 421 421 421 421 421 421 421 421 421 421 421 421 421 421 421 421 421 421 421 421 421 421 421 421 421 421 421 421 421 421 421 421 421 421 421 421 421 421 421 421 421 421 421 436 436 436 436 436 436 436 436 436 436 436 436 436 436 436 436 436 436 436 436 436 436 436 436 436 436
421 421 421 421 421 421 421 421 421 421 421 421 421 421 421 421 421 421 421 421 421 421 421 421 421 421 421 421 421 421 421 421 421 421 421 421 421 421 421 421 421 421 421 421 421 421 421 421 421 421 421 421 421 421 421 421 421 421 421 421 421 421 421 421 421 436 436 436 436 436 436 436 436 436 436 436 436 436 436 436 436 436 436 436 436 436 436 436 436 436 436 436 436 436
421 421 421 421 421 421 421 421 421 421 421 421 421 421 421 421 421 421 421 421 421 421 421 421 421 421 421 421 421 421 421 421 421 421 421 421 421 421 421 421 421 421 421 421 421 421 421 421 421 421 421 421 421 421 421 421 421 421 421 421 421 421 436 436 436 436 436 436 436 436 436 436 436 436 436 436 436 436 436 436 436 436 436 436 436 436 436 436 436 436 436 436 436 436
421 421 421 421 421 421 421 421 421 421 421 421 421 421 421 421 421 421 421 421 421 421 421 421 421 421 421 421 421 421 421 421 421 421 421 421 421 421 421 421 421 421 421 421 421 421 421 421 421 421 421 421 421 421 421 421 421 421 421 421 436 436 436 436 436 436 436 436 436 436 436 436 436 436 436 436 436 436 436 436 436 436 436 436 436 436 436 436 436 436 436 436 436 436
421 421 421 421 421 421 421 421 421 421 421 421 421 421 421 421 421 421 421 421 421 421 421 421 421 421 421 421 421 421 421 421 421 421 421 421 421 421 421 421 421 421 421 421 421 421 421 421 421 421 421 421 421 421 421 421 421 436 436 436 436 436 436 436 436 436 436 436 436 436 436 436 436 436 436 436 436 436 436 436 436 436 436 436 436 436 436 436 436 436 436 436 436 436
421 421 421 421 421 421 421 421 421 421 421 421 421 421 421 421 421 421 421 421 421 421 421 421 421 421 421 421 421 421 421 421 421 421 421 421 421 421 421 421 421 421 421 421 421 421 421 421 421 421 421 421 421 421 436 436 436 436 436 436 436 436 436 436 436 436 436 436 436 436 436 436 436 436 436 436 436 436 436 436 436 436 436 436 436 436 436 436 436 436 436 436 436 436
421 421 421 421 421 421 421 421 421 421 421 421 421 421 421 421 421 421 421 421 421 421 421 421 421 421 421 421 421 421 421 421 421 421 421 421 421 421 421 421 421 421 421 421 421 421 421 421 421 421 421 421 436 436 436 436 436 436 436 436 436 436 436 436 436 436 436 436 436 436 436 436 436 436 436 436 436 436 436 436 436 436 436 436 436 436 436 436 436 436 436 436 436 436
421 421 421 421 421 421 421 421 421 421 421 421 421 421 421 421 421 421 421 421 421 421 421 421 421 421 421 421 421 421 421 421 421 421 421 421 421 421 421 421 421 421 421 421 421 421 421 421 421 436 436 436 436 436 436 436 436 436 436 436 436 436 436 436 436 436 436 436 436 436 436 436 436 436 436 436 436 436 436 436 436 436 436 436 436 436 436 436 436 436 436 436 436 436
421 421 421 421 421 421 421 421 421 421 421 421 421 421 421 421 421 421 421 421 421 421 421 421 421 421 421 421 421 421 421 421 421 421 421 421 421 421 421 421 421 421 421 421 421 421 421 436 436 436 436 436 436 436 436 436 436 436 436 436 436 436 436 436 436 436 436 436 436 436 436 436 436 436 436 436 436 436 436 436 436 436 436 436 436 436 436 436 436 436 436 436 436 436
421 421 421 421 421 421 421 421 421 421 421 421 421 421 421 421 421 421 421 421 421 421 421 421 421 421 421 421 421 421 421 421 421 421 421 421 421 421 421 421 421 421 421 421 421 436 436 436 436 436 436 436 436 436 436 436 436 436 436 436 436 436 436 436 436 436 436 436 436 436 436 436 436 436 436 436 436 436 436 436 436 436 436 436 436 436 436 436 436 436 436 436 436 436
525 525 525 525 525 525 525 525 525 525 525 525 525 525 525 525 525 525 525 525 525 525 525 525 525 525 525 525 525 525 525 525 525 525 525 525 525 525 525 525 525 525 525 540 540 540 540 540 540 540 540 540 540 540 540 436 436 436 436 436 436 436 436 436 436 436 436 436 436 436 436 436 436 436 436 436 436 436 436 436 436 436 436 436 436 436 436 436 436 436 436 436 436 436
525 525 525 525 525 525 525 525 525 525 525 525 525 525 525 525 525 525 525 525 525 525 525 525 525 525 525 525 525 525 525 525 525 525 525 525 525 525 525 525 540 540 540 540 540 540 540 540 540 540 540 540 540 540 540 540 540 540 540 540 540 540 540 540 540 540 540 540 540 540 540 540 540 540 540 540 540 540 540 540 540 540 540 540 540 540 540 540 540 540 540 540 540 540
529 529 529 529 528 528 528 528 528 527 527 527 527 526 526 526 526 525 525 525 525 525 525 525 525 525 525 525 525 525 525 525 525 525 525 525 525 525 540 540 540 540 540 540 540 540 540 540 540 540 540 540 540 540 540 540 540 540 540 540 540 540 540 540 540 540 540 540 540 540 540 540 540 540 540 540 540 540 540 540 540 540 540 540 540 540 540 540 540 540 540 540 540 540
546 546 546 545 545 545 545 545 545 544 544 544 544 544 543 543 543 543 542 542 542 542 542 541 541 541 541 540 540 540 540 539 539 539 539 538 553 553 553 552 552 552 551 551 551 550 550 550 550 549 549 549 548 548 548 547 547 547 546 546 546 545 545 544 544 544 543 543 543 542 542 541 541 541 540 540 540 540 540 540 540 540 540 540 540 540 540 540 540 540 540 540 540 540
560 560 560 559 559 559 559 559 559 558 558 558 558 558 557 557 557 557 557 557 556 556 556 556 556 555 555 555 555 554 554 554 554 554 568 568 568 568 567 567 567 567 566 566 566 566 565 565 565 564 564 564 564 563 563 563 562 562 562 561 561 561 561 560 560 560 559 559 559 558 558 558 557 557 556 556 556 555 555 555 554 554 553 553 553 552 552 551 551 551 550 550 549 549
572 572 571 571 571 571 571 571 570 570 570 570 570 570 569 569 569 569 569 569 568 568 568 568 568 567 567 567 567 567 566 566 581 581 581 580 580 580 580 579 579 579 579 579 578 578 578 578 577 577 577 577 576 576 576 576 575 575 575 574 574 574 574 573 573 573 572 572 572 571 571 571 571 570 570 570 569 569 569 568 568 568 567 567 566 566 566 565 565 565 564 564 564 563
582 582 582 581 581 581 581 581 581 581 580 580 580 580 580 580 579 579 579 579 579 579 578 578 578 578 578 578 577 577 592 592 592 591 591 591 591 591 590 590 590 590 589 589 589 589 589 588 588 588 588 587 587 587 587 586 586 586 586 585 585 585 585 584 584 584 584 583 583 583 582 582 582 582 581 581 581 580 580 580 579 579 579 578 578 578 577 577 577 576 576 576 575 575
591 590 590 590 590 590 590 590 590 589 589 589 589 589 589 589 588 588 588 588 588 588 587 587 587 587 587 587 601 601 601 601 601 600 600 600 600 600 599 599 599 599 599 598 598 598 598 598 597 597 597 597 596 596 596 596 596 595 595 595 595 594 594 594 594 593 593 593 593 592 592 592 591 591 591 591 590 590 590 589 589 589 589 588 588 588 587 587 587 586 586 586 585 585
598 598 598 598 598 598 598 597 597 597 597 597 597 597 596 596 596 596 596 596 596 595 595 595 595 595 610 609 609 609 609 609 609 608 608 608 608 608 607 607 607 607 607 606 606 606 606 606 605 605 605 605 605 604 604 604 604 603 603 603 603 603 602 602 602 602 601 601 601 601 600 600 600 600 599 599 599 598 598 598 598 597 597 597 596 596 596 596 595 595 595 594 594 594
605 605 605 605 604 604 604 604 604 604 604 604 603 603 603 603 603 603 603 602 602 602 602 602 617 616 616 616 616 616 616 616 615 615 615 615 615 614 614 614 614 614 614 613 613 613 613 613 612 612 612 612 612 611 611 611 611 610 610 610 610 610 609 609 609 609 608 608 608 608 607 607 607 607 606 606 606 606 605 605 605 605 604 604 604 604 603 603 603 602 602 602 602 601
611 611 610 610 610 610 610 610 610 610 609 609 609 609 609 609 609 609 608 608 608 608 623 623 623 622 622 622 622 622 622 621 621 621 621 621 621 620 620 620 620 620 619 619 619 619 619 619 618 618 618 618 618 617 617 617 617 617 616 616 616 616 615 615 615 615 615 614 614 614 614 613 613 613 613 612 612 612 612 611 611 611 611 610 610 610 610 609 609 609 608 608 608 608
616 616 615 615 615 615 615 615 615 615 614 614 614 614 614 614 614 614 613 613 628 628 628 628 628 627 627 627 627 627 627 626 626 626 626 626 626 625 625 625 625 625 625 624 624 624 624 624 623 623 623 623 623 623 622 622 622 622 621 621 621 621 621 620 620 620 620 620 619 619 619 619 618 618 618 618 617 617 617 617 616 616 616 616 615 615 615 615 614 614 614 614 613 613
620 620 620 619 619 619 619 619 619 619 619 619 618 618 618 618 618 618 633 632 632 632 632 632 632 632 631 631 631 631 631 631 631 630 630 630 630 630 630 629 629 629 629 629 629 628 628 628 628 628 627 627 627 627 627 626 626 626 626 626 625 625 625 625 625 624 624 624 624 624 623 623 623 623 622 622 622 622 621 621 621 621 620 620 620 620 619 619 619 619 618 618 618 618
623 623 623 623 623 623 623 622 622 622 622 622 622 622 622 622 636 636 636 636 636 636 636 635 635 635 635 635 635 635 634 634 634 634 634 634 633 633 633 633 633 633 632 632 632 632 632 632 631 631 631 631 631 630 630 630 630 630 630 629 629 629 629 628 628 628 628 628 627 627 627 627 627 626 626 626 626 625 625 625 625 624 624 624 624 623 623 623 623 622 622 622 622 621
626 626 626 626 626 626 625 625 625 625 625 625 625 625 639 639 639 639 639 639 639 639 638 638 638 638 638 638 638 637 637 637 637 637 637 636 636 636 636 636 636 636 635 635 635 635 635 634 634 634 634 634 634 633 633 633 633 633 632 632 632 632 632 631 631 631 631 631 630 630 630 630 630 629 629 629 629 628 628 628 628 627 627 627 627 626 626 626 626 625 625 625 625 624
628 628 628 628 628 628 628 627 627 627 627 627 642 642 642 642 641 641 641 641 641 641 641 640 640 640 640 640 640 640 639 639 639 639 639 639 639 638 638 638 638 638 638 637 637 637 637 637 637 636 636 636 636 636 635 635 635 635 635 634 634 634 634 634 633 633 633 633 633 632 632 632 632 632 631 631 631 631 630 630 630 630 630 629 629 629 629 628 628 628 628 627 627 627
630 630 630 629 629 629 629 629 629 629 629 644 643 643 643 643 643 643 643 643 642 642 642 642 642 642 642 641 641 641 641 641 641 641 640 640 640 640 640 640 639 639 639 639 639 639 638 638 638 638 638 638 637 637 637 637 637 636 636 636 636 636 635 635 635 635 635 634 634 634 634 634 633 633 633 633 633 632 632 632 632 631 631 631 631 630 630 630 630 629 629 629 629 628
631 631 630 630 630 630 630 630 630 645 645 644 644 644 644 644 644 644 644 643 643 643 643 643 643 643 643 642 642 642 642 642 642 641 641 641 641 641 641 641 640 640 640 640 640 640 639 639 639 639 639 639 638 638 638 638 638 637 637 637 637 637 636 636 636 636 636 635 635 635 635 635 634 634 634 634 633 633 633 633 633 632 632 632 632 631 631 631 631 630 630 630 630 629
631 631 631 631 631 630 630 645 645 645 645 645 645 645 644 644 644 644 644 644 644 643 643 643 643 643 643 643 643 642 642 642 642 642 642 641 641 641 641 641 641 641 640 640 640 640 640 640 639 639 639 639 639 638 638 638 638 638 638 637 637 637 637 637 636 636 636 636 636 635 635 635 635 634 634 634 634 634 633 633 633 633 632 632 632 632 631 631 631 631 631 630 630 630
631 631 630 630 630 645 645 645 645 645 645 644 644 644 644 644 644 644 644 643 643 643 643 643 643 643 643 642 642 642 642 642 642 641 641 641 641 641 641 641 640 640 640 640 640 640 639 639 639 639 639 639 638 638 638 638 638 637 637 637 637 637 636 636 636 636 636 635 635 635 635 635 634 634 634 634 633 633 633 633 633 632 632 632 632 631 631 631 631 630 630 630 630 629
