testData/tiles/oneDegreeCosts/grid22.0-29.0-23.0-30.0.asc
ncols   200
nrows   200
xllcorner   22.0
yllcorner   29.0
cellsize   0.005
NODATA_value   -9999.0
[rows 84 to 125 of 200, columns 0 to 93 of 200]
665 666 668 669 670 671 672 674 675 675 677 678 679 680 681 682 683 684 684 685 686 687 688 688 689 691 691 692 694 694 694 695 697 698 697 699 700 700 700 701 702 702 702 704 705 705 705 707 708 707 708 709 709 710 711 711 712 713 713 713 714 715 715 716 716 716 718 718 718 718 719 719 720 721 720 569 569 569 570 569 570 570 570 571 572 572 572 702 702 703 703 703 703 704
665 666 668 669 669 671 672 673 674 675 677 678 679 680 681 682 684 684 684 685 686 687 688 689 690 691 691 692 693 695 695 695 696 698 698 698 700 700 700 700 702 702 703 703 705 705 706 706 707 708 708 709 710 710 711 711 711 713 713 713 714 714 715 716 716 716 717 717 718 719 719 719 719 720 721 569 569 569 569 570 570 571 570 571 571 571 573 702 703 703 703 703 703 703
666 667 668 669 670 672 673 674 675 676 677 679 680 680 681 682 683 683 684 685 687 687 687 689 690 691 692 692 693 694 695 696 696 697 698 699 700 700 700 701 702 702 703 704 704 705 706 707 707 708 709 709 709 711 711 711 712 712 713 714 714 714 715 716 716 716 717 717 718 719 719 719 720 719 569 570 569 569 569 569 570 570 571 571 571 571 572 572 703 703 703 703 703 704
665 667 668 669 670 671 673 674 674 676 677 678 679 680 681 683 684 683 684 685 686 687 688 689 690 690 691 693 694 694 694 696 697 697 698 699 700 700 700 701 702 702 703 704 704 704 706 707 707 707 709 709 709 710 711 711 712 713 713 714 715 714 715 716 716 717 717 717 718 719 719 719 720 720 569 570 569 569 569 569 570 570 571 571 571 572 572 572 702 703 703 704 703 704
666 668 669 669 671 672 673 674 675 676 677 678 679 680 681 683 683 683 685 685 686 687 688 689 690 691 691 692 694 694 695 696 697 697 698 699 700 700 700 701 701 702 704 704 704 705 706 706 707 708 708 709 710 710 710 712 712 712 713 713 714 715 715 716 716 717 718 717 718 719 718 720 719 568 569 568 569 569 569 569 570 570 570 572 571 572 572 572 572 702 703 703 704 704
666 667 668 669 670 672 673 674 675 676 678 679 679 681 681 682 683 683 684 686 686 687 688 689 689 691 692 693 693 694 695 696 696 697 698 699 700 700 700 702 702 702 703 705 704 705 706 707 707 708 708 708 710 711 710 711 713 712 713 714 714 715 715 715 716 716 717 718 718 718 718 719 720 568 569 568 568 569 569 570 570 570 570 570 571 572 572 572 573 572 703 703 704 704
666 667 667 669 670 672 673 673 675 676 677 678 679 680 682 683 683 683 684 685 686 687 688 690 689 690 692 693 693 694 695 696 696 698 698 699 699 700 700 701 702 703 703 703 705 705 706 706 708 708 708 709 709 710 711 711 712 713 713 714 714 714 716 715 716 717 717 718 718 718 719 719 568 568 569 568 568 569 569 570 570 570 571 570 571 571 572 572 572 572 703 703 703 675
666 667 668 670 671 672 673 674 675 677 678 678 679 680 682 682 683 684 685 686 686 687 688 690 690 691 691 693 693 694 696 696 696 697 699 699 699 700 701 701 701 703 704 703 704 706 706 706 707 708 708 709 710 710 711 712 712 712 713 714 714 714 715 716 716 717 717 717 719 718 719 720 568 568 569 568 568 568 569 569 570 570 571 570 571 571 571 573 572 573 573 703 703 675
666 667 668 669 671 672 672 674 675 677 677 678 680 681 681 682 683 683 685 685 686 688 688 688 690 691 692 692 693 694 695 696 696 697 699 699 699 699 701 701 701 702 704 704 704 705 706 706 707 708 708 709 710 710 710 712 712 712 713 713 714 715 715 715 717 716 717 717 717 718 719 719 568 568 568 568 569 568 569 569 569 570 571 571 571 571 571 572 572 573 573 703 675 675
666 667 669 670 672 672 672 674 675 676 677 678 679 681 682 682 684 683 684 685 686 687 689 689 689 691 692 692 694 694 695 695 697 697 698 699 699 699 700 701 702 702 702 704 705 705 705 707 707 707 708 709 710 710 710 711 712 712 713 713 714 715 715 715 716 716 717 718 717 718 718 567 568 568 568 568 568 569 569 570 569 570 570 571 572 571 572 572 572 572 573 544 675 675
666 667 669 670 671 672 673 674 676 677 677 678 679 681 681 682 683 684 684 685 686 687 689 689 690 690 692 692 693 695 695 695 697 698 699 699 699 700 700 700 702 703 702 703 705 705 705 706 708 707 708 709 709 710 711 711 711 713 713 713 714 715 715 715 716 716 717 718 718 718 719 567 568 569 568 568 568 568 569 569 570 570 570 570 571 571 572 572 572 572 572 544 674 675
665 667 668 670 670 671 673 674 676 676 677 679 680 681 681 682 682 684 684 685 687 687 687 689 690 691 692 692 693 694 695 696 696 698 698 699 699 700 700 701 701 703 703 703 704 705 706 706 707 708 708 709 709 710 711 711 711 712 713 713 714 714 715 716 716 716 717 717 718 718 567 567 567 568 568 568 568 568 569 569 570 570 570 570 570 571 572 572 572 573 543 544 544 674
666 668 669 670 671 672 673 674 675 676 677 678 680 680 681 683 683 683 684 685 686 688 688 688 690 691 691 693 693 694 694 696 697 697 698 699 699 699 700 701 702 702 703 704 704 705 706 706 706 707 709 709 709 710 711 711 712 712 712 713 714 714 714 716 716 716 717 717 717 719 567 567 567 567 569 568 568 568 569 569 569 570 570 571 570 571 571 571 572 543 543 544 544 674
666 667 669 670 671 672 673 675 675 676 678 678 679 680 681 683 683 683 685 685 686 688 688 689 690 691 691 692 694 695 694 696 697 697 697 699 699 699 700 701 702 702 703 704 704 704 706 707 706 707 709 709 709 710 710 711 712 712 712 713 714 714 715 715 715 716 717 717 717 567 567 567 568 567 567 567 568 569 569 569 569 569 570 571 570 571 571 571 543 543 544 544 544 544
666 667 669 669 670 672 673 674 675 676 678 679 679 681 681 682 683 683 684 686 687 687 688 689 690 691 691 692 693 694 695 695 697 697 698 698 699 699 700 701 702 702 703 704 704 705 705 707 707 707 708 709 709 710 710 710 712 712 712 713 714 714 715 715 715 716 717 717 718 567 567 567 568 567 567 567 567 569 569 569 569 569 570 571 571 571 571 571 543 543 543 543 544 545
666 668 669 670 671 671 673 673 675 676 677 679 679 680 682 683 682 683 684 685 687 687 688 689 690 690 692 693 693 694 695 696 696 697 698 698 699 699 700 701 701 702 703 703 704 705 706 706 707 708 708 708 710 710 710 711 711 712 713 713 713 713 715 715 715 716 716 717 567 567 567 567 567 568 567 567 567 568 569 569 570 569 570 570 570 571 571 543 543 543 543 543 544 544
666 668 668 669 671 672 674 674 675 677 677 678 679 680 681 683 682 683 684 685 685 687 688 689 689 690 691 693 694 694 695 696 696 699 698 698 698 699 700 701 701 702 703 703 703 705 706 706 706 708 708 708 709 711 710 711 712 712 713 713 713 714 714 715 716 716 716 716 567 567 567 567 567 567 568 567 568 568 568 568 569 570 570 570 570 571 542 543 543 543 543 543 543 543
666 667 668 669 671 672 673 674 675 676 678 678 680 680 681 682 682 683 685 691 694 699 701 704 706 707 709 711 712 714 714 717 717 718 718 719 718 719 719 719 719 719 719 718 717 716 715 711 706 707 708 708 709 709 710 711 712 712 712 714 713 714 715 714 716 716 716 567 567 567 567 567 567 567 567 567 568 568 568 569 569 570 570 570 570 542 542 542 543 543 543 543 544 543
667 667 669 670 670 672 672 673 675 676 678 678 679 687 693 694 698 701 704 707 709 711 713 715 715 718 720 720 722 723 724 724 725 726 727 726 727 728 729 728 729 729 729 729 729 729 727 727 727 725 723 723 720 715 710 711 711 712 712 712 714 714 714 714 715 716 716 567 567 567 567 567 567 567 567 567 568 568 568 569 569 569 570 570 571 542 542 542 542 542 543 543 544 543
666 667 668 670 671 672 673 674 678 686 690 695 698 701 705 706 708 711 713 714 717 719 720 721 723 724 727 727 727 730 731 731 731 733 734 733 734 735 735 735 736 736 736 735 736 737 736 735 736 735 733 733 733 730 729 728 725 722 716 712 713 714 714 715 715 715 567 567 567 567 567 567 567 568 567 567 567 568 568 568 569 569 569 569 542 542 542 542 542 542 542 544 543 544
665 667 668 669 671 680 687 691 695 700 702 703 707 710 711 713 715 718 720 720 723 725 726 727 728 730 731 733 734 734 736 736 737 737 738 738 739 740 740 741 741 742 741 742 741 742 742 741 741 741 741 740 739 740 738 737 735 735 733 729 727 723 714 715 715 715 567 567 567 567 567 567 567 567 567 567 567 567 568 568 569 569 569 541 541 542 542 542 542 543 542 543 543 544
665 666 679 685 690 693 696 701 704 705 709 711 715 717 717 719 721 723 725 726 727 730 730 732 734 736 736 736 739 740 739 741 742 743 742 743 744 745 745 745 746 747 746 747 747 746 747 747 747 746 747 746 745 745 745 743 743 741 740 740 737 735 732 731 727 715 567 567 567 567 567 567 567 567 567 567 567 567 568 568 569 570 541 541 541 541 541 542 542 542 542 543 543 543
682 687 691 695 698 702 704 706 710 711 715 717 719 722 723 724 726 728 728 731 733 734 735 736 738 740 740 741 743 744 744 744 746 747 746 747 748 749 749 750 750 750 750 751 752 751 751 752 751 751 751 752 750 750 750 749 749 748 746 745 745 743 742 739 737 584 580 574 567 567 567 567 567 567 567 567 567 568 568 568 568 541 541 541 541 541 541 541 542 542 543 542 543 543
690 695 698 702 704 707 710 713 716 717 719 722 724 725 727 728 730 731 733 734 737 738 739 740 742 743 744 745 746 748 748 749 749 751 750 751 752 752 753 753 754 754 755 755 755 755 755 756 756 756 755 754 756 755 754 753 754 753 751 751 750 749 748 747 744 591 589 586 584 579 573 567 567 567 567 567 567 568 568 568 568 541 541 541 541 541 541 541 542 541 543 542 543 543
697 701 704 706 709 712 715 717 719 722 724 726 728 729 730 732 734 736 737 738 740 741 742 744 745 745 747 749 750 749 751 752 754 754 754 754 755 755 756 757 757 757 758 759 758 759 759 758 759 760 759 758 759 759 758 758 757 757 757 755 754 753 753 753 598 597 596 594 592 588 586 583 577 567 567 567 567 567 568 568 541 541 541 541 541 541 541 541 541 541 542 542 543 543
703 706 710 710 713 716 718 722 723 725 728 730 731 733 733 736 738 738 741 742 743 744 746 747 749 750 750 752 753 753 754 756 757 757 757 758 758 758 759 760 760 761 761 762 762 762 763 762 762 763 763 762 762 762 762 762 762 760 761 760 758 758 757 756 604 602 600 598 598 596 593 592 587 583 579 567 567 567 567 541 541 541 541 541 541 541 541 542 541 542 542 542 542 542
708 711 712 715 718 721 723 723 726 728 731 733 734 737 737 739 740 741 743 745 746 747 749 750 750 753 754 754 755 756 758 758 759 759 760 761 761 761 762 763 763 764 764 764 765 764 766 765 765 765 766 765 765 765 764 765 765 763 763 764 762 762 762 608 608 607 605 604 602 601 599 598 594 591 588 585 580 569 541 541 541 541 541 541 541 541 541 541 541 542 542 542 542 542
711 715 716 719 721 724 727 728 730 733 733 735 737 739 740 742 743 744 746 747 749 750 752 753 753 754 757 758 757 759 760 761 761 761 762 763 763 764 765 764 766 766 767 767 768 768 767 768 769 768 768 769 768 768 768 767 767 768 767 766 766 766 764 611 611 612 609 609 606 605 604 602 600 597 595 592 590 557 551 541 541 541 541 541 541 541 541 541 541 541 542 542 542 542
715 716 719 722 725 727 728 731 733 736 737 738 740 742 742 744 746 747 750 749 750 753 754 756 756 757 758 761 761 761 763 763 764 764 765 765 766 767 768 768 768 769 770 769 770 771 770 770 772 771 771 771 772 771 771 770 769 771 770 769 769 768 616 616 614 613 612 612 611 609 608 606 605 602 600 598 567 563 561 556 549 541 541 541 541 541 541 541 541 541 541 542 542 542
719 720 724 726 727 730 731 734 736 737 739 741 743 744 745 747 748 750 752 753 753 755 757 757 759 760 761 761 763 764 764 765 767 767 768 767 768 768 770 770 771 772 771 772 772 773 773 773 773 774 773 774 773 773 774 774 772 772 774 772 772 771 618 619 618 616 616 615 614 613 612 609 608 607 605 574 571 569 566 564 560 555 547 541 541 541 541 541 541 541 541 541 541 542
721 723 725 729 731 733 735 735 738 740 741 744 745 747 747 748 751 752 754 755 756 757 759 759 761 763 763 763 765 767 767 767 769 769 768 770 771 772 770 772 773 773 774 774 775 774 775 776 776 775 777 776 775 776 775 776 776 775 774 774 775 622 621 621 619 619 619 617 616 616 615 614 611 610 608 579 575 574 572 568 566 562 559 553 541 541 541 541 541 541 541 542 541 542
723 726 728 730 733 734 737 739 741 742 743 746 748 748 750 751 753 754 755 756 759 760 759 762 763 764 765 765 767 769 769 769 771 771 771 771 773 774 774 773 775 775 775 777 777 776 777 778 777 777 778 778 778 778 778 777 778 778 777 777 777 624 623 623 622 622 622 620 619 619 618 617 615 613 583 581 580 578 576 573 571 567 566 562 556 549 541 541 541 541 541 541 541 542
726 728 731 733 735 737 738 741 743 745 747 747 750 749 751 754 755 757 757 758 760 762 762 763 765 766 766 769 769 770 771 772 771 773 773 774 774 775 776 776 777 777 778 778 778 779 779 779 780 780 780 780 780 780 780 779 780 781 779 779 627 627 627 626 625 624 625 623 622 622 620 619 618 587 586 584 583 582 580 578 576 573 570 567 564 560 552 541 541 541 541 541 541 541
729 731 733 735 736 739 741 742 744 746 749 750 752 752 753 755 757 758 760 760 762 763 764 766 767 767 768 770 772 771 772 774 774 773 775 776 777 776 778 779 778 779 780 780 779 781 782 780 781 783 782 782 781 783 782 781 782 781 781 629 629 628 629 627 627 627 625 625 625 623 623 621 590 590 589 587 586 585 582 582 579 577 574 571 568 566 561 556 546 541 541 541 541 541
730 733 735 737 739 741 743 745 746 748 750 752 752 753 755 757 759 759 761 763 764 764 766 768 769 769 770 771 774 774 774 775 776 776 776 778 778 778 779 780 780 780 782 783 781 782 784 782 783 783 783 784 784 783 784 784 784 783 782 632 631 630 630 629 629 629 627 627 627 626 626 594 593 592 592 590 589 587 585 584 582 581 578 576 574 569 567 563 558 550 541 541 541 541
732 735 737 738 741 743 746 747 747 750 752 753 754 755 758 759 759 761 763 764 765 766 767 769 771 771 772 773 773 775 775 777 776 778 778 779 779 780 780 781 782 782 783 783 783 784 784 785 785 785 785 785 786 784 785 785 785 785 633 633 633 633 632 631 630 631 630 629 629 627 599 596 595 595 593 592 591 590 588 587 585 583 582 579 578 574 571 567 564 559 552 541 541 541
734 736 738 740 742 745 747 748 750 752 753 754 756 757 759 761 762 762 764 766 766 768 769 770 771 772 774 775 775 776 778 778 777 779 780 780 780 782 782 782 783 784 784 784 786 785 785 786 786 787 787 786 788 787 787 787 786 787 635 633 634 635 633 633 632 631 632 631 630 600 600 599 598 597 595 594 593 592 592 589 588 586 584 583 581 577 576 571 569 564 560 554 541 541
736 737 739 742 744 747 747 749 752 754 756 756 756 759 760 761 763 765 765 766 768 769 771 772 772 774 775 776 777 778 779 779 779 780 782 782 782 783 785 783 784 786 785 786 786 788 787 787 788 788 788 789 788 789 788 789 788 637 637 636 635 636 635 635 635 633 633 633 603 603 602 600 599 599 597 597 595 594 593 591 591 589 587 584 582 582 579 576 573 569 565 561 554 541
738 740 742 744 746 747 749 751 753 755 756 757 759 759 762 762 764 766 768 768 769 771 773 773 773 776 777 777 777 779 780 779 780 781 782 783 783 784 784 786 786 787 787 787 788 788 788 789 790 788 790 790 789 789 791 789 790 638 637 638 637 637 637 636 637 635 635 605 604 605 602 602 601 599 600 599 597 596 595 593 593 591 589 588 585 584 580 580 577 573 570 565 560 554
739 741 744 745 748 749 750 752 754 757 757 758 760 762 762 764 765 768 768 769 771 772 773 775 776 776 778 778 779 781 782 781 782 783 783 784 786 786 785 786 787 788 788 789 789 789 790 790 790 791 790 792 790 791 791 790 640 640 638 638 640 638 638 637 637 638 608 607 606 606 604 604 604 601 601 600 599 598 596 596 594 592 592 591 588 586 583 582 580 577 574 570 566 561
740 742 745 747 749 751 752 755 756 756 759 759 761 763 764 765 767 768 769 771 772 773 774 775 777 778 778 780 781 782 782 782 783 784 784 785 786 787 787 788 789 788 789 790 791 790 791 791 791 792 792 792 793 792 793 792 640 641 640 640 640 640 640 639 638 609 609 609 608 608 606 605 604 603 603 601 600 601 598 598 596 595 593 592 590 589 586 584 582 579 578 574 571 565
741 744 746 748 749 751 754 755 758 758 759 761 762 764 765 767 768 769 770 772 773 775 775 776 777 780 779 780 782 783 782 783 784 784 784 786 787 787 788 789 790 789 790 791 791 792 792 792 792 793 793 793 793 794 793 642 641 641 642 641 641 640 641 640 611 611 609 610 610 608 607 606 605 605 605 603 602 602 600 600 597 597 595 593 592 590 589 587 584 582 579 576 574 570
