testData/tiles/oneDegreeCosts/grid11.0-19.0-12.0-20.0.asc
ncols   200
nrows   200
xllcorner   11.0
yllcorner   19.0
cellsize   0.005
NODATA_value   -9999.0
[rows 0 to 41 of 200, columns 94 to 187 of 200]
573 573 573 572 572 571 571 570 570 570 569 569 568 568 568 567 567 566 566 565 565 564 564 563 563 562 562 561 561 560 560 559 559 558 558 557 557 556 556 555 555 554 553 553 552 552 551 550 550 549 549 548 547 547 546 545 545 544 543 542 542 541 540 540 539 538 537 537 536 535 534 533 532 532 531 530 529 528 527 526 525 524 523 522 521 520 519 518 517 515 514 513 512 510
573 572 572 571 571 571 570 570 569 569 568 568 568 567 567 566 566 565 565 564 564 563 563 563 562 562 561 561 560 560 559 559 558 557 557 556 556 555 555 554 554 553 552 552 551 551 550 549 549 548 548 547 546 546 545 544 544 543 542 541 541 540 539 538 538 537 536 535 535 534 533 532 531 530 529 529 528 527 526 525 524 523 522 521 520 519 517 516 515 514 513 511 510 509
572 571 571 571 570 570 569 569 568 568 568 567 567 566 566 565 565 565 564 564 563 563 562 562 561 561 560 560 559 559 558 558 557 557 556 555 555 554 554 553 553 552 551 551 550 550 549 548 548 547 547 546 545 545 544 543 542 542 541 540 540 539 538 537 537 536 535 534 533 533 532 531 530 529 528 527 526 525 524 523 522 521 520 519 518 517 516 515 513 512 511 510 508 507
571 571 570 570 569 569 569 568 568 567 567 566 566 565 565 565 564 564 563 563 562 562 561 561 560 560 559 559 558 558 557 557 556 556 555 555 554 553 553 552 552 551 551 550 549 549 548 547 547 546 546 545 544 544 543 542 541 541 540 539 539 538 537 536 535 535 534 533 532 531 530 530 529 528 527 526 525 524 523 522 521 520 519 518 517 515 514 513 512 511 509 508 506 505
570 570 569 569 569 568 568 567 567 566 566 566 565 565 564 564 563 563 562 562 561 561 560 560 559 559 558 558 557 557 556 556 555 555 554 554 553 552 552 551 551 550 550 549 548 548 547 546 546 545 544 544 543 542 542 541 540 540 539 538 537 537 536 535 534 533 533 532 531 530 529 528 527 526 526 525 524 523 522 521 520 518 517 516 515 514 513 511 510 509 507 506 504 503
569 569 569 568 568 567 567 566 566 566 565 565 564 564 563 563 562 562 561 561 561 560 560 559 559 558 558 557 556 556 555 555 554 554 553 553 552 552 551 550 550 549 549 548 547 547 546 545 545 544 543 543 542 541 541 540 539 538 538 537 536 535 535 534 533 532 531 531 530 529 528 527 526 525 524 523 522 521 520 519 518 517 516 515 513 512 511 510 508 507 505 504 502 501
569 568 568 567 567 566 566 566 565 565 564 564 563 563 562 562 562 561 561 560 560 559 559 558 558 557 557 556 556 555 554 554 553 553 552 552 551 551 550 549 549 548 548 547 546 546 545 544 544 543 542 542 541 540 540 539 538 537 537 536 535 534 533 533 532 531 530 529 528 527 527 526 525 524 523 522 521 520 519 518 516 515 514 513 512 510 509 508 506 505 503 502 500 499
568 567 567 566 566 566 565 565 564 564 563 563 563 562 562 561 561 560 560 559 559 558 558 557 557 556 556 555 555 554 554 553 552 552 551 551 550 550 549 548 548 547 547 546 545 545 544 543 543 542 541 541 540 539 538 538 537 536 535 535 534 533 532 531 531 530 529 528 527 526 525 524 523 522 521 520 519 518 517 516 515 514 512 511 510 509 507 506 504 503 501 500 498 496
567 566 566 566 565 565 564 564 563 563 563 562 562 561 561 560 560 559 559 558 558 557 557 556 556 555 555 554 554 553 553 552 551 551 550 550 549 549 548 547 547 546 545 545 544 544 543 542 542 541 540 539 539 538 537 536 536 535 534 533 533 532 531 530 529 528 528 527 526 525 524 523 522 521 520 519 518 517 515 514 513 512 511 509 508 507 505 504 502 501 499 497 495 493
566 566 565 565 564 564 563 563 563 562 562 561 561 560 560 559 559 558 558 557 557 556 556 555 555 554 554 553 553 552 552 551 550 550 549 549 548 548 547 546 546 545 544 544 543 542 542 541 540 540 539 538 538 537 536 535 535 534 533 532 531 531 530 529 528 527 526 525 524 523 522 521 520 519 518 517 516 515 514 513 511 510 509 508 506 505 503 502 500 498 497 495 493 491
565 565 564 564 563 563 563 562 562 561 561 560 560 559 559 558 558 557 557 556 556 555 555 554 554 553 553 552 552 551 551 550 549 549 548 548 547 546 546 545 545 544 543 543 542 541 541 540 539 539 538 537 536 536 535 534 533 533 532 531 530 529 528 527 527 526 525 524 523 522 521 520 519 518 517 516 514 513 512 511 510 508 507 506 504 503 501 499 498 496 494 492 490 487
564 564 563 563 563 562 562 561 561 560 560 559 559 558 558 557 557 557 556 556 555 554 554 553 553 552 552 551 551 550 550 549 548 548 547 547 546 545 545 544 544 543 542 542 541 540 540 539 538 537 537 536 535 534 534 533 532 531 530 530 529 528 527 526 525 524 523 522 521 520 519 518 517 516 515 514 513 512 510 509 508 506 505 503 502 500 499 497 495 493 491 489 487 484
563 563 563 562 562 561 561 560 560 559 559 558 558 558 557 557 556 556 555 555 554 554 553 552 552 551 551 550 550 549 549 548 547 547 546 546 545 544 544 543 542 542 541 540 540 539 538 538 537 536 535 535 534 533 532 532 531 530 529 528 527 527 526 525 524 523 522 521 520 519 518 517 516 515 513 512 511 510 508 507 506 504 503 501 500 498 496 494 492 490 488 486 483 480
563 562 562 561 561 560 560 559 559 558 558 558 557 557 556 556 555 555 554 554 553 553 552 551 551 550 550 549 549 548 548 547 546 546 545 544 544 543 543 542 541 541 540 539 539 538 537 536 536 535 534 533 533 532 531 530 529 529 528 527 526 525 524 523 522 521 520 519 518 517 516 515 514 513 512 510 509 508 506 505 504 502 501 499 497 496 494 492 489 487 485 482 478 474
562 561 561 560 560 559 559 558 558 558 557 557 556 556 555 555 554 554 553 553 552 552 551 550 550 549 549 548 548 547 546 546 545 545 544 543 543 542 541 541 540 539 539 538 537 537 536 535 534 534 533 532 531 531 530 529 528 527 526 526 525 524 523 522 521 520 519 518 517 516 515 513 512 511 510 509 507 506 504 503 501 500 498 497 495 493 491 489 486 483 480 477 472 461
561 560 560 559 559 558 558 558 557 557 556 556 555 555 554 554 553 553 552 552 551 550 550 549 549 548 548 547 547 546 545 545 544 544 543 542 542 541 540 540 539 538 538 537 536 535 535 534 533 532 532 531 530 529 528 528 527 526 525 524 523 522 521 520 519 518 517 516 515 514 513 512 510 509 508 507 505 504 502 501 499 498 496 494 492 490 488 485 482 479 475 469 461 461
560 559 559 558 558 558 557 557 556 556 555 555 554 554 553 553 552 552 551 551 550 549 549 548 548 547 547 546 545 545 544 544 543 542 542 541 540 540 539 538 538 537 536 536 535 534 533 533 532 531 530 530 529 528 527 526 525 524 524 523 522 521 520 519 518 517 516 514 513 512 511 510 509 507 506 505 503 502 500 498 497 495 493 491 489 486 484 481 477 473 465 461 461 461
559 558 558 557 557 557 556 556 555 555 554 554 553 553 552 552 551 551 550 550 549 548 548 547 547 546 546 545 544 544 543 543 542 541 541 540 539 539 538 537 537 536 535 534 534 533 532 531 531 530 529 528 527 527 526 525 524 523 522 521 520 519 518 517 516 515 514 513 512 510 509 508 507 505 504 502 501 499 498 496 494 492 490 488 485 483 479 476 470 461 461 461 461 461
558 557 557 557 556 556 555 555 554 554 553 553 552 552 551 551 550 550 549 548 548 547 547 546 546 545 544 544 543 543 542 541 541 540 539 539 538 537 537 536 535 535 534 533 532 532 531 530 529 528 528 527 526 525 524 523 522 521 520 520 519 518 516 515 514 513 512 511 510 508 507 506 504 503 502 500 498 497 495 493 491 489 487 484 481 478 474 467 461 461 461 461 461 461
557 556 556 556 555 555 554 554 553 553 552 552 551 551 550 550 549 548 548 547 547 546 546 545 545 544 543 543 542 541 541 540 540 539 538 538 537 536 535 535 534 533 533 532 531 530 530 529 528 527 526 525 524 524 523 522 521 520 519 518 517 516 515 514 513 511 510 509 508 506 505 504 502 501 499 498 496 494 492 490 488 485 483 480 476 471 461 461 461 461 461 461 461 461
556 555 555 555 554 554 553 553 552 552 551 551 550 550 549 548 548 547 547 546 546 545 545 544 543 543 542 542 541 540 540 539 538 538 537 536 536 535 534 534 533 532 531 531 530 529 528 527 526 526 525 524 523 522 521 520 519 518 517 516 515 514 513 512 511 510 508 507 506 504 503 501 500 498 497 495 493 491 489 487 484 481 478 474 468 461 461 461 461 461 461 461 461 461
555 554 554 554 553 553 552 552 551 551 550 550 549 548 548 547 547 546 546 545 545 544 543 543 542 542 541 540 540 539 538 538 537 536 536 535 534 534 533 532 531 531 530 529 528 528 527 526 525 524 523 522 521 521 520 519 518 517 516 515 513 512 511 510 509 508 506 505 504 502 501 499 497 496 494 492 490 488 485 483 480 476 471 461 461 461 461 461 461 461 461 461 461 461
554 553 553 552 552 552 551 551 550 549 549 548 548 547 547 546 546 545 545 544 543 543 542 542 541 540 540 539 539 538 537 537 536 535 534 534 533 532 532 531 530 529 529 528 527 526 525 524 524 523 522 521 520 519 518 517 516 515 514 513 512 510 509 508 507 505 504 503 501 500 498 497 495 493 491 489 487 484 481 478 474 468 461 461 461 461 461 461 461 461 461 461 461 461
553 552 552 551 551 550 550 549 549 548 548 547 547 546 546 545 545 544 543 543 542 542 541 540 540 539 539 538 537 537 536 535 535 534 533 532 532 531 530 529 529 528 527 526 525 525 524 523 522 521 520 519 518 517 516 515 514 513 512 511 510 508 507 506 505 503 502 500 499 497 496 494 492 490 488 485 483 480 476 471 461 461 461 461 461 461 461 461 461 461 461 461 461 461
552 551 551 550 550 549 549 548 548 547 547 546 546 545 545 544 543 543 542 542 541 541 540 539 539 538 537 537 536 535 535 534 533 533 532 531 530 530 529 528 527 526 526 525 524 523 522 521 520 519 519 518 517 516 515 513 512 511 510 509 508 506 505 504 502 501 499 498 496 495 493 491 489 486 484 481 478 474 468 461 461 461 461 461 461 461 461 461 461 461 461 461 461 461
551 550 550 549 549 548 548 547 547 546 546 545 545 544 543 543 542 542 541 541 540 539 539 538 537 537 536 535 535 534 533 533 532 531 531 530 529 528 527 527 526 525 524 523 522 522 521 520 519 518 517 516 515 514 513 512 510 509 508 507 506 504 503 502 500 499 497 495 493 492 490 487 485 482 479 476 471 461 461 461 461 461 461 461 461 461 461 461 461 461 461 461 461 461
550 549 549 548 548 547 547 546 546 545 545 544 543 543 542 542 541 541 540 539 539 538 537 537 536 535 535 534 533 533 532 531 531 530 529 528 528 527 526 525 524 523 523 522 521 520 519 518 517 516 515 514 513 512 511 510 509 507 506 505 503 502 501 499 498 496 494 492 490 488 486 484 481 477 473 467 461 461 461 461 461 461 461 461 461 461 461 461 461 461 461 461 461 461
549 548 548 547 547 546 546 545 544 544 543 543 542 542 541 540 540 539 539 538 537 537 536 536 535 534 533 533 532 531 531 530 529 528 528 527 526 525 524 524 523 522 521 520 519 518 517 516 515 514 513 512 511 510 509 508 506 505 504 503 501 500 498 497 495 493 491 489 487 485 482 479 475 470 461 461 461 461 461 461 461 461 461 461 461 461 461 461 461 461 461 461 461 461
547 547 546 546 545 545 544 544 543 543 542 542 541 540 540 539 539 538 537 537 536 536 535 534 534 533 532 531 531 530 529 529 528 527 526 525 525 524 523 522 521 520 519 518 518 517 516 515 514 513 511 510 509 508 507 506 504 503 502 500 499 497 495 494 492 490 488 486 483 480 477 472 465 461 461 461 461 461 461 461 461 461 461 461 461 461 461 461 461 461 461 461 461 461
546 546 545 545 544 544 543 543 542 542 541 540 540 539 539 538 537 537 536 536 535 534 534 533 532 531 531 530 529 529 528 527 526 526 525 524 523 522 521 520 520 519 518 517 516 515 514 513 512 511 509 508 507 506 505 503 502 501 499 498 496 494 492 491 489 486 484 481 478 474 469 461 461 461 461 461 461 461 461 461 461 461 461 461 461 461 461 461 461 461 461 461 461 461
545 545 544 544 543 543 542 541 541 540 540 539 539 538 537 537 536 535 535 534 534 533 532 531 531 530 529 529 528 527 526 526 525 524 523 522 521 521 520 519 518 517 516 515 514 513 512 511 510 509 507 506 505 504 502 501 500 498 496 495 493 491 489 487 485 482 479 476 471 461 461 461 461 461 461 461 461 461 461 461 461 461 461 461 461 461 461 461 461 461 461 461 461 461
544 544 543 542 542 541 541 540 540 539 538 538 537 537 536 535 535 534 533 533 532 531 531 530 529 529 528 527 526 526 525 524 523 522 522 521 520 519 518 517 516 515 514 513 512 511 510 509 508 507 505 504 503 501 500 498 497 495 494 492 490 488 486 483 480 477 473 467 461 461 461 461 461 461 461 461 461 461 461 461 461 461 461 461 461 461 461 461 461 461 461 461 461 461
543 542 542 541 541 540 540 539 538 538 537 537 536 535 535 534 533 533 532 531 531 530 529 529 528 527 526 526 525 524 523 522 522 521 520 519 518 517 516 515 514 513 512 511 510 509 508 507 506 504 503 502 500 499 497 496 494 492 490 488 486 484 481 478 474 469 461 461 461 461 461 461 461 461 461 461 461 461 461 461 461 461 461 461 461 461 461 461 461 461 461 461 461 461
542 541 541 540 539 539 538 538 537 537 536 535 535 534 533 533 532 531 531 530 529 529 528 527 526 526 525 524 523 523 522 521 520 519 518 517 516 515 514 513 512 511 510 509 508 507 506 505 503 502 501 499 498 496 495 493 491 489 487 485 482 479 476 471 461 461 461 461 461 461 461 461 461 461 461 461 461 461 461 461 461 461 461 461 461 461 461 461 461 461 461 461 461 461
540 540 539 539 538 538 537 536 536 535 535 534 533 533 532 531 531 530 529 529 528 527 526 526 525 524 523 523 522 521 520 519 518 517 516 516 515 514 513 512 511 509 508 507 506 505 504 502 501 499 498 497 495 493 491 490 488 485 483 480 477 473 466 461 461 461 461 461 461 461 461 461 461 461 461 461 461 461 461 461 461 461 461 461 461 461 461 461 461 461 461 461 461 461
539 539 538 537 537 536 536 535 534 534 533 533 532 531 531 530 529 529 528 527 526 526 525 524 523 523 522 521 520 519 518 517 517 516 515 514 513 512 511 510 508 507 506 505 504 502 501 500 498 497 495 494 492 490 488 486 483 481 478 474 469 461 461 461 461 461 461 461 461 461 461 461 461 461 461 461 461 461 461 461 461 461 461 461 461 461 461 461 461 461 461 461 461 461
538 537 537 536 536 535 534 534 533 532 532 531 530 530 529 528 528 527 526 526 525 524 523 522 522 521 520 519 518 517 517 516 515 514 513 512 511 510 509 507 506 505 504 503 501 500 499 497 496 494 492 490 488 486 484 482 479 475 470 461 461 461 461 461 461 461 461 461 461 461 461 461 461 461 461 461 461 461 461 461 461 461 461 461 461 461 461 461 461 461 461 461 461 461
537 536 535 535 534 534 533 532 532 531 530 530 529 528 528 527 526 525 525 524 523 522 522 521 520 519 518 517 517 516 515 514 513 512 511 510 509 508 506 505 504 503 502 500 499 497 496 494 493 491 489 487 485 482 479 476 472 464 461 461 461 461 461 461 461 461 461 461 461 461 461 461 461 461 461 461 461 461 461 461 461 461 461 461 461 461 461 461 461 461 461 461 461 461
535 535 534 533 533 532 532 531 530 530 529 528 528 527 526 525 525 524 523 522 522 521 520 519 518 517 517 516 515 514 513 512 511 510 509 508 507 505 504 503 502 500 499 498 496 494 493 491 489 487 485 483 480 477 473 467 461 461 461 461 461 461 461 461 461 461 461 461 461 461 461 461 461 461 461 461 461 461 461 461 461 461 461 461 461 461 461 461 461 461 461 461 461 461
534 533 533 532 531 531 530 529 529 528 527 527 526 525 525 524 523 522 522 521 520 519 518 517 517 516 515 514 513 512 511 510 509 508 507 505 504 503 502 500 499 498 496 495 493 491 489 488 485 483 480 477 474 468 461 461 461 461 461 461 461 461 461 461 461 461 461 461 461 461 461 461 461 461 461 461 461 461 461 461 461 461 461 461 461 461 461 461 461 461 461 461 461 461
532 532 531 531 530 529 529 528 527 527 526 525 524 524 523 522 521 521 520 519 518 517 516 516 515 514 513 512 511 510 509 508 507 505 504 503 502 501 499 498 496 495 493 492 490 488 486 483 481 478 474 470 461 461 461 461 461 461 461 461 461 461 461 461 461 461 461 461 461 461 461 461 461 461 461 461 461 461 461 461 461 461 461 461 461 461 461 461 461 461 461 461 461 461
531 530 530 529 528 528 527 526 526 525 524 524 523 522 521 520 520 519 518 517 516 515 515 514 513 512 511 510 509 508 507 505 504 503 502 501 499 498 496 495 493 492 490 488 486 484 481 478 475 470 461 461 461 461 461 461 461 461 461 461 461 461 461 461 461 461 461 461 461 461 461 461 461 461 461 461 461 461 461 461 461 461 461 461 461 461 461 461 461 461 461 461 461 461
