testData/tiles/oneDegreeCosts/grid18.0-14.0-19.0-15.0.asc
ncols   200
nrows   200
xllcorner   18.0
yllcorner   14.0
cellsize   0.005
NODATA_value   -9999.0
[rows 0 to 41 of 200, columns 0 to 93 of 200]
297 297 297 297 297 297 297 297 297 297 297 297 297 297 296 296 296 296 296 296 296 296 296 296 295 295 295 295 295 295 295 294 294 294 294 294 294 293 293 293 293 293 292 292 292 292 291 291 291 291 290 290 290 290 289 289 289 288 288 288 288 287 287 287 286 286 286 285 285 285 284 284 284 283 283 282 282 282 281 281 281 280 280 279 279 279 278 278 277 277 276 276 180 180
298 298 298 298 298 298 298 298 298 298 298 298 297 297 297 297 297 297 297 297 297 297 297 296 296 296 296 296 296 296 295 295 295 295 295 295 294 294 294 294 294 293 293 293 293 292 292 292 292 291 291 291 291 290 290 290 290 289 289 289 288 288 288 287 287 287 286 286 286 285 285 285 284 284 284 283 283 282 282 282 281 281 280 280 280 279 279 278 278 278 277 180 180 180
299 299 299 299 299 299 299 299 299 298 298 298 298 298 298 298 298 298 298 298 298 298 297 297 297 297 297 297 297 296 296 296 296 296 296 295 295 295 295 295 294 294 294 294 293 293 293 293 293 292 292 292 291 291 291 291 290 290 290 289 289 289 288 288 288 288 287 287 286 286 286 285 285 285 284 284 284 283 283 282 282 282 281 281 280 280 280 279 279 180 180 180 180 180
299 299 299 299 299 299 299 299 299 299 299 299 299 299 299 299 299 299 299 299 298 298 298 298 298 298 298 298 297 297 297 297 297 297 296 296 296 296 296 295 295 295 295 295 294 294 294 294 293 293 293 293 292 292 292 291 291 291 291 290 290 290 289 289 289 288 288 288 287 287 287 286 286 285 285 285 284 284 284 283 283 282 282 282 281 281 280 280 180 180 180 180 180 180
300 300 300 300 300 300 300 300 300 300 300 300 300 300 300 300 300 300 299 299 299 299 299 299 299 299 299 298 298 298 298 298 298 297 297 297 297 297 296 296 296 296 296 295 295 295 295 294 294 294 294 293 293 293 292 292 292 292 291 291 291 290 290 290 289 289 289 288 288 288 287 287 287 286 286 285 285 285 284 284 283 283 283 282 282 281 180 180 180 180 180 180 180 180
301 301 301 301 301 301 301 301 301 301 301 301 301 301 301 301 300 300 300 300 300 300 300 300 300 299 299 299 299 299 299 299 298 298 298 298 298 297 297 297 297 297 296 296 296 296 295 295 295 295 294 294 294 294 293 293 293 292 292 292 291 291 291 290 290 290 289 289 289 288 288 288 287 287 287 286 286 285 285 285 284 284 283 283 283 180 180 180 180 180 180 180 180 180
302 302 302 302 302 302 302 302 302 302 302 302 302 302 301 301 301 301 301 301 301 301 301 301 300 300 300 300 300 300 300 299 299 299 299 299 298 298 298 298 298 297 297 297 297 296 296 296 296 295 295 295 295 294 294 294 293 293 293 293 292 292 292 291 291 291 290 290 290 289 289 288 288 288 287 287 287 286 286 285 285 285 284 284 180 180 180 180 180 180 180 180 180 180
303 303 303 303 303 303 303 303 303 303 303 303 302 302 302 302 302 302 302 302 302 302 302 301 301 301 301 301 301 301 300 300 300 300 300 299 299 299 299 299 298 298 298 298 297 297 297 297 296 296 296 296 295 295 295 295 294 294 294 293 293 293 292 292 292 291 291 291 290 290 290 289 289 288 288 288 287 287 286 286 286 285 180 180 180 180 180 180 180 180 180 180 180 180
304 304 304 304 304 304 304 304 304 303 303 303 303 303 303 303 303 303 303 303 303 302 302 302 302 302 302 302 302 301 301 301 301 301 300 300 300 300 300 299 299 299 299 299 298 298 298 298 297 297 297 296 296 296 296 295 295 295 294 294 294 293 293 293 292 292 292 291 291 291 290 290 290 289 289 288 288 288 287 287 286 180 180 180 180 180 180 180 180 180 180 180 180 180
304 304 304 304 304 304 304 304 304 304 304 304 304 304 304 304 304 304 304 304 303 303 303 303 303 303 303 302 302 302 302 302 302 301 301 301 301 301 300 300 300 300 300 299 299 299 299 298 298 298 298 297 297 297 296 296 296 295 295 295 295 294 294 294 293 293 292 292 292 291 291 291 290 290 290 289 289 288 288 180 180 180 180 180 180 180 180 180 180 180 180 180 180 180
305 305 305 305 305 305 305 305 305 305 305 305 305 305 305 305 305 305 304 304 304 304 304 304 304 304 303 303 303 303 303 303 302 302 302 302 302 301 301 301 301 301 300 300 300 300 299 299 299 299 298 298 298 297 297 297 297 296 296 296 295 295 295 294 294 294 293 293 293 292 292 291 291 291 290 290 289 289 180 180 180 180 180 180 180 180 180 180 180 180 180 180 180 180
306 306 306 306 306 306 306 306 306 306 306 306 306 306 306 306 305 305 305 305 305 305 305 305 305 304 304 304 304 304 304 303 303 303 303 303 303 302 302 302 302 301 301 301 301 300 300 300 300 299 299 299 299 298 298 298 297 297 297 296 296 296 295 295 295 294 294 294 293 293 293 292 292 291 291 291 180 180 180 180 180 180 180 180 180 180 180 180 180 180 180 180 180 180
307 307 307 307 307 307 307 307 307 307 307 307 307 307 306 306 306 306 306 306 306 306 306 306 305 305 305 305 305 305 304 304 304 304 304 304 303 303 303 303 302 302 302 302 301 301 301 301 300 300 300 300 299 299 299 298 298 298 297 297 297 297 296 296 295 295 295 294 294 294 293 293 293 292 292 180 180 180 180 180 180 180 180 180 180 180 180 180 180 180 180 180 180 180
308 308 308 308 308 308 308 308 308 308 308 308 307 307 307 307 307 307 307 307 307 307 306 306 306 306 306 306 306 305 305 305 305 305 305 304 304 304 304 303 303 303 303 303 302 302 302 302 301 301 301 300 300 300 300 299 299 299 298 298 298 297 297 297 296 296 296 295 295 294 294 294 293 180 180 180 180 180 180 180 180 180 180 180 180 180 180 180 180 180 180 180 180 180
309 309 309 309 309 309 309 309 309 308 308 308 308 308 308 308 308 308 308 308 308 307 307 307 307 307 307 307 306 306 306 306 306 306 305 305 305 305 305 304 304 304 304 303 303 303 303 302 302 302 301 301 301 301 300 300 300 299 299 299 298 298 298 297 297 297 296 296 296 295 295 294 180 180 180 180 180 180 180 180 180 180 180 180 180 180 180 180 180 180 180 180 180 180
310 310 310 309 309 309 309 309 309 309 309 309 309 309 309 309 309 309 309 309 308 308 308 308 308 308 308 307 307 307 307 307 307 306 306 306 306 306 305 305 305 305 304 304 304 304 303 303 303 303 302 302 302 301 301 301 300 300 300 299 299 299 298 298 298 297 297 297 296 296 180 180 180 180 180 180 180 180 180 180 180 180 180 180 180 180 180 180 180 180 180 180 180 180
310 310 310 310 310 310 310 310 310 310 310 310 310 310 310 310 310 310 309 309 309 309 309 309 309 309 308 308 308 308 308 308 307 307 307 307 307 306 306 306 306 305 305 305 305 304 304 304 304 303 303 303 302 302 302 302 301 301 301 300 300 300 299 299 299 298 298 297 297 180 180 180 180 180 180 180 180 180 180 180 180 180 180 180 180 180 180 180 180 180 180 180 180 180
311 311 311 311 311 311 311 311 311 311 311 311 311 311 311 311 310 310 310 310 310 310 310 310 310 309 309 309 309 309 309 308 308 308 308 308 307 307 307 307 306 306 306 306 305 305 305 305 304 304 304 304 303 303 303 302 302 302 301 301 301 300 300 300 299 299 299 180 180 180 180 180 180 180 180 180 180 180 180 180 180 180 180 180 180 180 180 180 180 180 180 180 180 180
312 312 312 312 312 312 312 312 312 312 312 312 312 312 311 311 311 311 311 311 311 311 311 310 310 310 310 310 310 310 309 309 309 309 309 308 308 308 308 308 307 307 307 307 306 306 306 305 305 305 305 304 304 304 303 303 303 302 302 302 301 301 301 300 300 180 180 180 180 180 180 180 180 180 180 180 180 180 180 180 180 180 180 180 180 180 180 180 180 180 180 180 180 180
313 313 313 313 313 313 313 313 313 313 313 313 312 312 312 312 312 312 312 312 312 312 311 311 311 311 311 311 311 310 310 310 310 310 309 309 309 309 309 308 308 308 308 307 307 307 307 306 306 306 305 305 305 304 304 304 304 303 303 303 302 302 301 301 180 180 180 180 180 180 180 180 180 180 180 180 180 180 180 180 180 180 180 180 180 180 180 180 180 180 180 180 180 180
314 314 314 314 314 314 314 314 314 313 313 313 313 313 313 313 313 313 313 313 313 312 312 312 312 312 312 312 311 311 311 311 311 310 310 310 310 310 309 309 309 309 308 308 308 308 307 307 307 306 306 306 306 305 305 305 304 304 304 303 303 303 180 180 180 180 180 180 180 180 180 180 180 180 180 180 180 180 180 180 180 180 180 180 180 180 180 180 180 180 180 180 180 180
315 315 315 315 314 314 314 314 314 314 314 314 314 314 314 314 314 314 314 313 313 313 313 313 313 313 313 312 312 312 312 312 311 311 311 311 311 310 310 310 310 309 309 309 309 308 308 308 308 307 307 307 306 306 306 305 305 305 304 304 180 180 180 180 180 180 180 180 180 180 180 180 180 180 180 180 180 180 180 180 180 180 180 180 180 180 180 180 180 180 180 180 180 180
315 315 315 315 315 315 315 315 315 315 315 315 315 315 315 315 315 315 314 314 314 314 314 314 314 313 313 313 313 313 313 312 312 312 312 312 311 311 311 311 310 310 310 310 309 309 309 309 308 308 308 307 307 307 306 306 306 305 180 180 180 180 180 180 180 180 180 180 180 180 180 180 180 180 180 180 180 180 180 180 180 180 180 180 180 180 180 180 180 180 180 180 180 180
316 316 316 316 316 316 316 316 316 316 316 316 316 316 316 316 315 315 315 315 315 315 315 315 314 314 314 314 314 314 313 313 313 313 313 312 312 312 312 312 311 311 311 310 310 310 310 309 309 309 309 308 308 308 307 307 307 180 180 180 180 180 180 180 180 180 180 180 180 180 180 180 180 180 180 180 180 180 180 180 180 180 180 180 180 180 180 180 180 180 180 180 180 180
317 317 317 317 317 317 317 317 317 317 317 317 317 317 316 316 316 316 316 316 316 316 316 315 315 315 315 315 315 314 314 314 314 314 313 313 313 313 313 312 312 312 312 311 311 311 310 310 310 310 309 309 309 308 308 180 180 180 180 180 180 180 180 180 180 180 180 180 180 180 180 180 180 180 180 180 180 180 180 180 180 180 180 180 180 180 180 180 180 180 180 180 180 180
318 318 318 318 318 318 318 318 318 318 318 318 317 317 317 317 317 317 317 317 317 317 316 316 316 316 316 316 315 315 315 315 315 314 314 314 314 314 313 313 313 313 312 312 312 312 311 311 311 310 310 310 309 180 180 180 180 180 180 180 180 180 180 180 180 180 180 180 180 180 180 180 180 180 180 180 180 180 180 180 180 180 180 180 180 180 180 180 180 180 180 180 180 180
319 319 319 319 319 319 319 319 319 318 318 318 318 318 318 318 318 318 318 318 317 317 317 317 317 317 317 316 316 316 316 316 315 315 315 315 315 314 314 314 314 313 313 313 313 312 312 312 311 311 311 181 180 180 180 180 180 180 180 180 180 180 180 180 180 180 180 180 180 180 180 180 180 180 180 180 180 180 180 180 180 180 180 180 180 180 180 180 180 180 180 180 180 180
320 320 320 320 320 319 319 319 319 319 319 319 319 319 319 319 319 319 319 318 318 318 318 318 318 318 317 317 317 317 317 316 316 316 316 316 315 315 315 315 314 314 314 314 313 313 313 313 312 182 182 181 181 181 180 180 180 180 180 180 180 180 180 180 180 180 180 180 180 180 180 180 180 180 180 180 180 180 180 180 180 180 180 180 180 180 180 180 180 180 180 180 180 180
320 320 320 320 320 320 320 320 320 320 320 320 320 320 320 320 320 319 319 319 319 319 319 319 319 318 318 318 318 318 318 317 317 317 317 316 316 316 316 316 315 315 315 314 314 314 314 183 183 183 182 182 182 181 181 181 180 180 180 180 180 180 180 180 180 180 180 180 180 180 180 180 180 180 180 180 180 180 180 180 180 180 180 180 180 180 180 180 180 180 180 180 180 180
321 321 321 321 321 321 321 321 321 321 321 321 321 321 321 321 320 320 320 320 320 320 320 320 319 319 319 319 319 319 318 318 318 318 317 317 317 317 317 316 316 316 316 315 315 185 184 184 184 183 183 183 183 182 182 182 181 181 180 180 180 180 180 180 180 180 180 180 180 180 180 180 180 180 180 180 180 180 180 180 180 180 180 180 180 180 180 180 180 180 180 180 180 180
322 322 322 322 322 322 322 322 322 322 322 322 322 322 321 321 321 321 321 321 321 321 321 320 320 320 320 320 320 319 319 319 319 319 318 318 318 318 317 317 317 317 316 316 186 185 185 185 185 184 184 184 183 183 183 182 182 182 181 181 180 180 180 180 180 180 180 180 180 180 180 180 180 180 180 180 180 180 180 180 180 180 180 180 180 180 180 180 180 180 180 180 180 180
323 323 323 323 323 323 323 323 323 323 323 323 322 322 322 322 322 322 322 322 322 321 321 321 321 321 321 321 320 320 320 320 320 319 319 319 319 318 318 318 318 187 187 187 187 186 186 186 185 185 185 184 184 184 183 183 183 182 182 182 181 181 180 180 180 180 180 180 180 180 180 180 180 180 180 180 180 180 180 180 180 180 180 180 180 180 180 180 180 180 180 180 180 180
324 324 324 324 324 324 324 324 324 323 323 323 323 323 323 323 323 323 323 323 322 322 322 322 322 322 322 321 321 321 321 321 320 320 320 320 319 319 319 189 188 188 188 188 187 187 187 186 186 186 185 185 185 184 184 184 183 183 183 182 182 182 181 181 180 180 180 180 180 180 180 180 180 180 180 180 180 180 180 180 180 180 180 180 180 180 180 180 180 180 180 180 180 180
325 325 325 325 325 324 324 324 324 324 324 324 324 324 324 324 324 324 324 323 323 323 323 323 323 322 322 322 322 322 322 321 321 321 321 320 320 190 190 189 189 189 189 188 188 188 188 187 187 187 186 186 186 185 185 185 184 184 183 183 183 182 182 182 181 181 180 180 180 180 180 180 180 180 180 180 180 180 180 180 180 180 180 180 180 180 180 180 180 180 180 180 180 180
325 325 325 325 325 325 325 325 325 325 325 325 325 325 325 325 325 324 324 324 324 324 324 324 323 323 323 323 323 323 322 322 322 322 322 191 191 191 191 190 190 190 189 189 189 189 188 188 188 187 187 187 186 186 186 185 185 185 184 184 183 183 183 182 182 182 181 181 180 180 180 180 180 180 180 180 180 180 180 180 180 180 180 180 180 180 180 180 180 180 180 180 180 180
326 326 326 326 326 326 326 326 326 326 326 326 326 326 326 326 325 325 325 325 325 325 325 324 324 324 324 324 324 323 323 323 323 193 192 192 192 192 191 191 191 191 190 190 190 189 189 189 188 188 188 187 187 187 186 186 186 185 185 185 184 184 183 183 183 182 182 181 181 181 180 180 180 180 180 180 180 180 180 180 180 180 180 180 180 180 180 180 180 180 180 180 180 180
327 327 327 327 327 327 327 327 327 327 327 327 327 327 326 326 326 326 326 326 326 326 325 325 325 325 325 325 324 324 324 194 194 193 193 193 193 192 192 192 192 191 191 191 190 190 190 190 189 189 189 188 188 188 187 187 186 186 186 185 185 185 184 184 183 183 183 182 182 181 181 180 180 180 180 180 180 180 180 180 180 180 180 180 180 180 180 180 180 180 180 180 180 180
328 328 328 328 328 328 328 328 328 328 328 328 327 327 327 327 327 327 327 327 327 326 326 326 326 326 326 325 195 195 195 195 194 194 194 194 193 193 193 193 192 192 192 192 191 191 191 190 190 190 189 189 189 188 188 188 187 187 186 186 186 185 185 185 184 184 183 183 182 182 182 181 181 180 180 180 180 180 180 180 180 180 180 180 180 180 180 180 180 180 180 180 180 180
329 329 329 329 329 329 329 329 329 328 328 328 328 328 328 328 328 328 328 328 327 327 327 327 327 327 196 196 196 196 196 195 195 195 195 194 194 194 194 193 193 193 193 192 192 192 191 191 191 190 190 190 189 189 189 188 188 188 187 187 186 186 186 185 185 184 184 184 183 183 182 182 181 181 180 180 180 180 180 180 180 180 180 180 180 180 180 180 180 180 180 180 180 180
330 330 330 330 330 330 329 329 329 329 329 329 329 329 329 329 329 329 328 328 328 328 328 328 198 197 197 197 197 197 196 196 196 196 196 195 195 195 195 194 194 194 193 193 193 192 192 192 192 191 191 191 190 190 189 189 189 188 188 188 187 187 186 186 186 185 185 184 184 183 183 183 182 182 181 181 180 180 180 180 180 180 180 180 180 180 180 180 180 180 180 180 180 180
330 330 330 330 330 330 330 330 330 330 330 330 330 330 330 330 330 329 329 329 329 199 199 199 198 198 198 198 198 197 197 197 197 197 196 196 196 196 195 195 195 194 194 194 194 193 193 193 192 192 192 191 191 191 190 190 189 189 189 188 188 188 187 187 186 186 185 185 185 184 184 183 183 182 182 181 181 180 180 180 180 180 180 180 180 180 180 180 180 180 180 180 180 180
331 331 331 331 331 331 331 331 331 331 331 331 331 331 331 330 330 330 330 200 200 200 200 199 199 199 199 199 198 198 198 198 198 197 197 197 197 196 196 196 196 195 195 195 194 194 194 193 193 193 192 192 192 191 191 191 190 190 189 189 189 188 188 187 187 187 186 186 185 185 184 184 183 183 183 182 182 181 181 180 180 180 180 180 180 180 180 180 180 180 180 180 180 180
