testData/tiles/oneDegreeCosts/grid49.0-14.0-50.0-15.0.asc
ncols   200
nrows   200
xllcorner   49.0
yllcorner   14.0
cellsize   0.005
NODATA_value   -9999.0
[rows 126 to 167 of 200, columns 0 to 93 of 200]
598 598 598 597 597 597 596 596 596 595 595 594 594 594 593 593 592 592 592 591 591 591 590 590 589 589 589 588 588 587 587 587 586 586 585 585 585 584 584 583 583 582 582 582 581 581 580 580 580 579 579 578 578 578 577 577 576 576 575 575 575 574 574 573 573 572 572 572 571 571 570 570 569 569 569 568 568 567 567 566 566 566 565 565 564 564 563 563 563 562 562 561 561 560
598 598 597 597 597 596 596 596 595 595 595 594 594 593 593 593 592 592 591 591 591 590 590 590 589 589 588 588 588 587 587 586 586 586 585 585 584 584 584 583 583 582 582 581 581 581 580 580 579 579 579 578 578 577 577 577 576 576 575 575 574 574 574 573 573 572 572 571 571 571 570 570 569 569 568 568 568 567 567 566 566 566 565 565 564 564 563 563 563 562 562 561 561 560
598 598 597 597 596 596 596 595 595 595 594 594 594 593 593 592 592 592 591 591 590 590 590 589 589 589 588 588 587 587 587 586 586 585 585 585 584 584 583 583 583 582 582 581 581 580 580 580 579 579 578 578 578 577 577 576 576 576 575 575 574 574 573 573 573 572 572 571 571 570 570 570 569 569 568 568 568 567 567 566 566 565 565 565 564 564 563 563 562 562 562 561 561 560
598 597 597 597 596 596 595 595 595 594 594 594 593 593 593 592 592 591 591 591 590 590 589 589 589 588 588 588 587 587 586 586 586 585 585 584 584 584 583 583 582 582 582 581 581 580 580 579 579 579 578 578 577 577 577 576 576 575 575 575 574 574 573 573 572 572 572 571 571 570 570 569 569 569 568 568 567 567 567 566 566 565 565 564 564 564 563 563 562 562 561 561 561 560
597 597 597 596 596 596 595 595 595 594 594 593 593 593 592 592 592 591 591 590 590 590 589 589 588 588 588 587 587 587 586 586 585 585 585 584 584 583 583 583 582 582 581 581 581 580 580 579 579 578 578 578 577 577 576 576 576 575 575 574 574 574 573 573 572 572 571 571 571 570 570 569 569 568 568 568 567 567 566 566 566 565 565 564 564 563 563 563 562 562 561 561 560 560
597 597 596 596 596 595 595 595 594 594 594 593 593 592 592 592 591 591 591 590 590 589 589 589 588 588 587 587 587 586 586 586 585 585 584 584 584 583 583 582 582 582 581 581 580 580 580 579 579 578 578 577 577 577 576 576 575 575 575 574 574 573 573 573 572 572 571 571 570 570 570 569 569 568 568 567 567 567 566 566 565 565 565 564 564 563 563 562 562 562 561 561 560 560
597 596 596 596 595 595 595 594 594 594 593 593 593 592 592 591 591 591 590 590 590 589 589 588 588 588 587 587 586 586 586 585 585 585 584 584 583 583 583 582 582 581 581 581 580 580 579 579 579 578 578 577 577 576 576 576 575 575 574 574 574 573 573 572 572 572 571 571 570 570 569 569 569 568 568 567 567 566 566 566 565 565 564 564 564 563 563 562 562 561 561 561 560 560
596 596 596 595 595 595 594 594 594 593 593 593 592 592 592 591 591 590 590 590 589 589 589 588 588 587 587 587 586 586 585 585 585 584 584 584 583 583 582 582 582 581 581 580 580 580 579 579 578 578 578 577 577 576 576 575 575 575 574 574 573 573 573 572 572 571 571 571 570 570 569 569 568 568 568 567 567 566 566 565 565 565 564 582 581 581 581 580 580 579 579 578 578 578
596 596 595 595 595 594 594 594 593 593 593 592 592 592 591 591 591 590 590 589 589 589 588 588 588 587 587 586 586 586 585 585 584 584 584 583 583 583 582 582 581 581 581 580 580 579 579 579 578 578 577 577 577 576 576 575 575 574 574 574 573 573 572 572 572 571 571 570 570 570 569 569 568 586 585 585 585 584 584 583 583 582 582 582 581 581 580 580 580 579 579 578 578 577
596 596 595 595 595 594 594 593 593 593 592 592 592 591 591 591 590 590 590 589 589 588 588 588 587 587 587 586 586 585 585 585 584 584 583 583 583 582 582 582 581 581 580 580 580 579 579 578 578 578 577 577 576 576 576 575 575 574 574 573 573 573 572 572 589 589 589 588 588 587 587 587 586 586 585 585 584 584 584 583 583 582 582 581 581 581 580 580 579 579 579 578 578 577
596 595 595 595 594 594 594 593 593 593 592 592 591 591 591 590 590 590 589 589 589 588 588 587 587 587 586 586 586 585 585 584 584 584 583 583 582 582 582 581 581 581 580 580 579 579 579 578 578 577 577 577 576 576 575 575 593 592 592 591 591 590 590 590 589 589 588 588 588 587 587 586 586 586 585 585 584 584 583 583 583 582 582 581 581 580 580 580 579 579 578 578 578 577
595 595 595 594 594 594 593 593 593 592 592 592 591 591 590 590 590 589 589 589 588 588 588 587 587 586 586 586 585 585 585 584 584 583 583 583 582 582 581 581 581 580 580 580 579 579 578 578 578 595 595 594 594 594 593 593 592 592 592 591 591 590 590 589 589 589 588 588 587 587 587 586 586 585 585 585 584 584 583 583 582 582 582 581 581 580 580 580 579 579 578 578 577 577
595 595 594 594 594 593 593 593 592 592 592 591 591 591 590 590 589 589 589 588 588 588 587 587 587 586 586 585 585 585 584 584 584 583 583 582 582 582 581 581 580 580 598 597 597 597 596 596 595 595 595 594 594 593 593 593 592 592 591 591 591 590 590 589 589 588 588 588 587 587 586 586 586 585 585 584 584 584 583 583 582 582 581 581 581 580 580 579 579 579 578 578 577 577
595 594 594 594 593 593 593 592 592 592 591 591 591 590 590 590 589 589 588 588 588 587 587 587 586 586 586 585 585 584 584 584 583 583 583 582 600 599 599 599 598 598 597 597 597 596 596 596 595 595 594 594 594 593 593 592 592 592 591 591 590 590 589 589 589 588 588 587 587 587 586 586 585 585 585 584 584 583 583 583 582 582 581 581 580 580 580 579 579 578 578 578 577 577
594 594 594 593 593 593 592 592 592 591 591 591 590 590 590 589 589 589 588 588 588 587 587 586 586 586 585 585 585 602 602 601 601 601 600 600 600 599 599 598 598 598 597 597 596 596 596 595 595 595 594 594 593 593 593 592 592 591 591 591 590 590 589 589 588 588 588 587 587 586 586 586 585 585 584 584 584 583 583 582 582 582 581 581 580 580 579 579 579 578 578 577 577 577
594 594 593 593 593 592 592 592 591 591 591 590 590 590 589 589 589 588 588 588 587 587 587 604 604 603 603 603 602 602 602 601 601 600 600 600 599 599 599 598 598 597 597 597 596 596 595 595 595 594 594 594 593 593 592 592 592 591 591 590 590 590 589 589 588 588 587 587 587 586 586 585 585 585 584 584 583 583 583 582 582 581 581 581 580 580 579 579 578 578 578 577 577 576
594 593 593 593 592 592 592 591 591 591 590 590 590 589 589 589 588 588 606 605 605 605 604 604 604 603 603 602 602 602 601 601 601 600 600 599 599 599 598 598 598 597 597 596 596 596 595 595 594 594 594 593 593 593 592 592 591 591 591 590 590 589 589 589 588 588 587 587 586 586 586 585 585 584 584 584 583 583 582 582 582 581 581 580 580 580 579 579 578 578 577 577 577 576
593 593 593 592 592 592 591 591 591 590 590 590 607 607 607 606 606 606 605 605 605 604 604 604 603 603 603 602 602 601 601 601 600 600 600 599 599 598 598 598 597 597 597 596 596 595 595 595 594 594 593 593 593 592 592 591 591 591 590 590 590 589 589 588 588 588 587 587 586 586 585 585 585 584 584 583 583 583 582 582 581 581 581 580 580 579 579 579 578 578 577 577 576 576
593 593 592 592 592 591 591 609 608 608 608 607 607 607 606 606 606 605 605 605 604 604 604 603 603 603 602 602 602 601 601 600 600 600 599 599 599 598 598 597 597 597 596 596 596 595 595 594 594 594 593 593 592 592 592 591 591 590 590 590 589 589 589 588 588 587 587 587 586 586 585 585 584 584 584 583 583 582 582 582 581 581 580 580 580 579 579 578 578 578 577 577 576 576
593 593 610 610 609 609 609 608 608 608 608 607 607 607 606 606 606 605 605 604 604 604 603 603 603 602 602 602 601 601 601 600 600 599 599 599 598 598 598 597 597 596 596 596 595 595 595 594 594 593 593 593 592 592 591 591 591 590 590 589 589 589 588 588 588 587 587 586 586 586 585 585 584 584 583 583 583 582 582 581 581 581 580 580 579 579 579 578 578 577 577 577 576 576
610 610 610 609 609 609 608 608 608 608 607 607 607 606 606 606 605 605 605 604 604 603 603 603 602 602 602 601 601 601 600 600 600 599 599 598 598 598 597 597 597 596 596 595 595 595 594 594 594 593 593 592 592 592 591 591 590 590 590 589 589 588 588 588 587 587 587 586 586 585 585 584 584 584 583 583 582 582 582 581 581 580 580 580 579 579 578 578 578 577 577 576 576 576
610 610 609 609 609 608 608 608 608 607 607 607 606 606 606 605 605 605 604 604 604 603 603 603 602 602 601 601 601 600 600 600 599 599 599 598 598 597 597 597 596 596 596 595 595 594 594 594 593 593 593 592 592 591 591 591 590 590 589 589 589 588 588 587 587 587 586 586 586 585 585 584 584 583 583 583 582 582 581 581 581 580 580 579 579 579 578 578 577 577 577 576 576 575
610 609 609 609 608 608 608 608 607 607 607 606 606 606 605 605 605 604 604 604 603 603 603 602 602 602 601 601 600 600 600 599 599 599 598 598 598 597 597 596 596 596 595 595 595 594 594 593 593 593 592 592 592 591 591 590 590 590 589 589 588 588 588 587 587 586 586 586 585 585 584 584 584 583 583 582 582 582 581 581 580 580 580 579 579 578 578 578 577 577 576 576 576 575
609 609 609 608 608 608 608 607 607 607 606 606 606 605 605 605 604 604 604 603 603 603 602 602 602 601 601 601 600 600 599 599 599 598 598 598 597 597 597 596 596 595 595 595 594 594 594 593 593 592 592 592 591 591 591 590 590 589 589 589 588 588 587 587 587 586 586 585 585 585 584 584 583 583 583 582 582 581 581 581 580 580 579 579 579 578 578 577 577 577 576 576 575 575
609 609 608 608 608 607 607 607 607 606 606 606 605 605 605 604 604 604 603 603 603 602 602 602 601 601 601 600 600 600 599 599 599 598 598 597 597 597 596 596 596 595 595 594 594 594 593 593 593 592 592 591 591 591 590 590 590 589 589 588 588 588 587 587 586 586 586 585 585 584 584 584 583 583 582 582 582 581 581 580 580 580 579 579 578 578 578 577 577 576 576 576 575 575
609 608 608 608 607 607 607 607 606 606 606 605 605 605 604 604 604 603 603 603 602 602 602 601 601 601 600 600 600 599 599 599 598 598 598 597 597 596 596 596 595 595 595 594 594 593 593 593 592 592 592 591 591 590 590 590 589 589 589 588 588 587 587 587 586 586 585 585 585 584 584 583 583 583 582 582 581 581 581 580 580 579 579 579 578 578 577 577 577 576 576 575 575 575
608 608 608 607 607 607 607 606 606 606 605 605 605 604 604 604 603 603 603 602 602 602 601 601 601 600 600 600 599 599 599 598 598 598 597 597 597 596 596 595 595 595 594 594 594 593 593 593 592 592 591 591 591 590 590 589 589 589 588 588 588 587 587 586 586 586 585 585 584 584 584 583 583 582 582 582 581 581 580 580 580 579 579 578 578 578 577 577 576 576 576 575 575 574
608 608 607 607 607 606 606 606 606 605 605 605 604 604 604 603 603 603 602 602 602 601 601 601 600 600 600 599 599 599 598 598 598 597 597 597 596 596 596 595 595 594 594 594 593 593 593 592 592 592 591 591 590 590 590 589 589 588 588 588 587 587 587 586 586 585 585 585 584 584 583 583 583 582 582 581 581 581 580 580 579 579 579 578 578 577 577 577 576 576 575 575 575 574
608 607 607 607 606 606 606 606 605 605 605 604 604 604 603 603 603 602 602 602 601 601 601 600 600 600 599 599 599 598 598 598 597 597 597 596 596 596 595 595 595 594 594 593 593 593 592 592 592 591 591 591 590 590 589 589 589 588 588 587 587 587 586 586 586 585 585 584 584 584 583 583 582 582 582 581 581 580 580 580 579 579 578 578 578 577 577 576 576 576 575 575 574 574
607 607 607 606 606 606 606 605 605 605 604 604 604 603 603 603 602 602 602 601 601 601 601 600 600 600 599 599 598 598 598 597 597 597 596 596 596 595 595 595 594 594 594 593 593 592 592 592 591 591 591 590 590 590 589 589 588 588 588 587 587 586 586 586 585 585 585 584 584 583 583 583 582 582 581 581 581 580 580 579 579 579 578 578 577 577 577 576 576 575 575 575 574 574
607 607 606 606 606 605 605 605 605 604 604 604 603 603 603 602 602 602 601 601 601 601 600 600 600 599 599 599 598 598 598 597 597 596 596 596 595 595 595 594 594 594 593 593 593 592 592 591 591 591 590 590 590 589 589 589 588 588 587 587 587 586 586 585 585 585 584 584 584 583 583 582 582 582 581 581 580 580 580 579 579 578 578 578 577 577 576 576 576 575 575 574 574 574
606 606 606 606 605 605 605 605 604 604 604 603 603 603 602 602 602 601 601 601 601 600 600 600 599 599 599 598 598 598 597 597 597 596 596 596 595 595 594 594 594 593 593 593 592 592 592 591 591 590 590 590 589 589 589 588 588 588 587 587 586 586 586 585 585 584 584 584 583 583 583 582 582 581 581 581 580 580 579 579 579 578 578 577 577 577 576 576 575 575 575 574 574 573
606 606 606 605 605 605 604 604 604 604 603 603 603 602 602 602 601 601 601 601 600 600 600 599 599 599 598 598 598 597 597 597 596 596 596 595 595 595 594 594 593 593 593 592 592 592 591 591 591 590 590 590 589 589 588 588 588 587 587 587 586 586 585 585 585 584 584 583 583 583 582 582 582 581 581 580 580 580 579 579 578 578 578 577 577 576 576 576 575 575 574 574 574 573
606 606 605 605 605 604 604 604 604 603 603 603 602 602 602 601 601 601 601 600 600 600 599 599 599 598 598 598 597 597 597 596 596 596 595 595 595 594 594 594 593 593 592 592 592 591 591 591 590 590 590 589 589 589 588 588 587 587 587 586 586 586 585 585 584 584 584 583 583 582 582 582 581 581 581 580 580 579 579 579 578 578 577 577 577 576 576 575 575 575 574 574 573 573
605 605 605 605 604 604 604 603 603 603 603 602 602 602 601 601 601 601 600 600 600 599 599 599 598 598 598 597 597 597 596 596 596 595 595 595 594 594 594 593 593 593 592 592 592 591 591 590 590 590 589 589 589 588 588 588 587 587 586 586 586 585 585 585 584 584 583 583 583 582 582 581 581 581 580 580 580 579 579 578 578 578 577 577 576 576 576 575 575 574 574 574 573 573
605 605 605 604 604 604 603 603 603 603 602 602 602 601 601 601 601 600 600 600 599 599 599 598 598 598 597 597 597 596 596 596 595 595 595 594 594 594 593 593 593 592 592 592 591 591 591 590 590 589 589 589 588 588 588 587 587 587 586 586 585 585 585 584 584 584 583 583 582 582 582 581 581 580 580 580 579 579 579 578 578 577 577 577 576 576 575 575 575 574 574 573 573 573
605 604 604 604 604 603 603 603 603 602 602 602 601 601 601 600 600 600 600 599 599 599 598 598 598 597 597 597 596 596 596 595 595 595 594 594 594 593 593 593 592 592 592 591 591 591 590 590 590 589 589 588 588 588 587 587 587 586 586 586 585 585 584 584 584 583 583 583 582 582 581 581 581 580 580 579 579 579 578 578 578 577 577 576 576 576 575 575 574 574 574 573 573 572
604 604 604 604 603 603 603 602 602 602 602 601 601 601 600 600 600 600 599 599 599 598 598 598 597 597 597 596 596 596 595 595 595 594 594 594 593 593 593 592 592 592 591 591 591 590 590 590 589 589 589 588 588 587 587 587 586 586 586 585 585 585 584 584 583 583 583 582 582 582 581 581 580 580 580 579 579 578 578 578 577 577 577 576 576 575 575 575 574 574 573 573 573 572
604 604 603 603 603 603 602 602 602 602 601 601 601 600 600 600 600 599 599 599 598 598 598 597 597 597 596 596 596 595 595 595 594 594 594 593 593 593 592 592 592 591 591 591 590 590 590 589 589 589 588 588 588 587 587 586 586 586 585 585 585 584 584 584 583 583 582 582 582 581 581 581 580 580 579 579 579 578 578 577 577 577 576 576 576 575 575 574 574 574 573 573 572 572
604 603 603 603 603 602 602 602 601 601 601 601 600 600 600 599 599 599 599 598 598 598 597 597 597 596 596 596 595 595 595 594 594 594 594 593 593 593 592 592 591 591 591 590 590 590 589 589 589 588 588 588 587 587 587 586 586 585 585 585 584 584 584 583 583 583 582 582 581 581 581 580 580 580 579 579 578 578 578 577 577 576 576 576 575 575 575 574 574 573 573 573 572 572
603 603 603 602 602 602 602 601 601 601 601 600 600 600 599 599 599 599 598 598 598 597 597 597 596 596 596 595 595 595 595 594 594 594 593 593 593 592 592 592 591 591 591 590 590 589 589 589 588 588 588 587 587 587 586 586 586 585 585 584 584 584 583 583 583 582 582 582 581 581 580 580 580 579 579 579 578 578 577 577 577 576 576 575 575 575 574 574 574 573 573 572 572 572
603 603 602 602 602 602 601 601 601 600 600 600 600 599 599 599 598 598 598 598 597 597 597 596 596 596 595 595 595 595 594 594 594 593 593 593 592 592 592 591 591 591 590 590 590 589 589 589 588 588 587 587 587 586 586 586 585 585 585 584 584 584 583 583 582 582 582 581 581 581 580 580 579 579 579 578 578 578 577 577 576 576 576 575 575 574 574 574 573 573 573 572 572 571
