testData/tiles/oneDegreeCosts/grid15.0-7.0-16.0-8.0.asc
ncols   200
nrows   200
xllcorner   15.0
yllcorner   7.0
cellsize   0.005
NODATA_value   -9999.0
[rows 42 to 83 of 200, columns 94 to 187 of 200]
407 406 408 408 409 410 411 412 413 413 415 416 417 418 417 419 419 421 421 423 423 424 425 426 427 428 428 429 429 431 431 432 433 435 436 437 438 440 440 442 442 443 445 446 447 448 449 451 451 453 453 455 456 457 459 459 461 462 462 463 464 466 467 467 469 470 472 472 472 474 475 476 477 477 480 480 481 481 482 261 262 263 264 265 266 266 268 268 330 331 332 332 333 334
406 406 408 408 409 410 411 412 413 413 415 415 417 417 417 419 419 421 421 422 423 424 425 426 427 428 427 429 429 431 431 432 434 435 436 438 438 440 440 442 442 444 445 446 447 449 449 451 451 453 453 455 456 457 458 459 461 462 462 463 465 466 467 467 470 470 472 472 472 474 475 476 477 478 480 480 481 481 483 484 485 486 264 264 266 266 268 268 271 271 272 332 333 335
406 406 408 408 409 410 411 412 413 413 415 415 417 416 417 418 419 420 421 422 423 424 425 426 427 428 427 429 429 431 431 433 434 435 437 438 438 440 440 442 442 444 445 446 448 449 449 451 451 453 453 455 456 457 458 460 460 462 461 464 464 466 467 468 470 470 472 472 473 474 475 476 478 478 480 480 481 482 483 484 485 486 488 487 489 489 268 269 270 271 271 272 274 274
406 406 408 408 409 410 411 412 413 413 415 415 417 416 417 418 419 420 421 421 423 423 425 425 426 427 427 429 429 431 431 433 434 435 437 438 438 440 440 442 443 444 445 447 448 449 449 451 451 453 453 455 456 457 458 460 460 461 461 464 464 465 466 468 469 470 470 472 472 474 475 476 478 478 480 480 482 482 483 484 485 487 488 487 489 489 492 492 493 271 271 272 274 274
406 406 408 408 409 410 411 412 413 413 415 415 416 416 417 418 419 420 421 421 423 423 425 425 426 426 427 428 429 430 432 433 434 436 437 438 438 440 440 443 443 444 445 447 448 449 450 451 451 453 454 455 456 457 459 460 460 461 462 464 464 465 467 468 469 470 470 472 472 474 474 476 477 478 478 480 482 482 483 484 486 487 487 487 489 490 492 492 493 494 494 496 274 274
406 406 407 408 409 410 411 412 413 413 415 415 416 416 417 418 419 420 421 421 423 423 425 425 425 426 427 428 429 430 432 432 435 435 436 439 438 440 440 442 443 444 446 447 448 449 450 451 451 454 454 455 456 458 459 460 460 462 462 464 464 466 467 468 469 470 470 472 472 474 475 476 477 478 478 480 480 482 482 484 485 486 486 487 488 490 491 492 493 493 495 495 497 497
406 406 407 408 409 410 411 411 413 413 415 414 416 416 417 418 419 420 421 421 423 423 425 425 425 426 427 428 429 430 432 432 435 435 436 438 438 439 441 441 443 445 446 447 447 450 449 451 451 453 454 455 457 458 459 460 460 462 462 464 464 466 467 468 469 470 470 472 472 475 475 476 477 478 479 480 480 482 482 485 485 485 486 487 489 490 490 492 492 494 494 495 496 497
405 406 407 408 409 410 411 411 413 413 415 414 415 416 417 418 419 420 421 421 423 423 425 424 425 426 427 428 430 430 432 433 435 435 437 437 438 440 441 441 443 444 446 446 448 449 449 450 452 453 454 455 457 458 458 460 460 462 462 463 465 466 467 468 469 470 470 472 472 475 475 476 477 478 479 480 480 482 483 485 485 485 486 488 489 490 490 492 492 494 494 495 496 497
405 406 406 408 408 410 410 411 413 413 414 414 415 416 417 418 419 419 421 421 423 423 424 424 425 426 427 429 430 430 433 433 435 435 437 437 438 440 441 441 444 444 446 446 448 448 449 451 452 452 454 455 457 457 458 459 460 462 462 464 465 466 467 469 468 470 470 472 473 474 475 476 477 478 478 480 480 483 483 484 485 485 487 488 488 490 490 492 492 493 494 495 496 498
405 406 406 408 408 410 410 411 412 413 413 414 414 416 417 418 419 419 421 421 423 423 423 424 425 426 427 428 430 430 433 433 434 436 436 437 439 439 441 441 444 444 446 447 448 448 449 451 452 452 454 455 457 457 458 459 460 461 462 463 465 465 467 468 468 470 470 473 473 474 475 476 477 478 478 480 480 483 483 484 484 485 487 488 488 490 490 493 492 493 494 495 497 498
404 406 406 408 408 410 410 411 412 412 413 414 414 416 416 418 418 419 420 421 423 423 423 424 425 426 428 428 430 431 433 433 434 436 436 437 439 439 441 442 444 444 445 447 447 448 450 450 452 452 455 455 456 457 458 459 460 460 463 463 465 465 467 467 468 469 470 471 473 473 475 476 476 477 478 480 481 482 483 484 484 486 486 488 488 490 491 491 492 493 494 495 496 498
404 406 406 408 408 409 410 411 412 412 412 414 414 416 416 418 418 419 420 421 422 422 422 424 424 426 427 428 430 431 433 433 435 435 436 438 439 439 441 442 444 444 446 447 447 448 450 450 452 453 455 455 456 458 458 459 460 461 463 463 465 465 467 467 468 469 471 471 473 473 475 475 476 477 478 479 481 481 483 483 484 485 486 487 488 489 491 490 492 493 494 496 496 498
404 406 406 408 408 409 410 411 411 412 412 414 414 416 416 417 418 419 420 421 421 422 422 424 424 426 427 428 430 431 432 433 433 435 435 438 439 439 442 442 444 444 446 446 447 449 450 450 452 453 455 455 456 457 458 459 460 461 463 463 465 466 466 467 468 469 471 471 473 473 476 475 476 477 478 479 481 481 483 483 484 485 486 487 488 489 490 490 492 492 493 495 496 496
404 406 406 408 408 409 410 410 411 412 412 414 414 416 416 417 418 419 420 421 420 422 422 424 424 426 427 428 430 431 431 434 433 435 436 437 438 439 441 442 442 445 445 446 447 448 450 450 453 453 454 455 457 457 458 458 461 461 463 463 464 466 466 467 468 469 471 471 473 473 475 475 476 477 479 479 481 481 483 483 484 485 486 487 488 489 490 490 491 492 494 495 496 495
404 406 406 408 408 409 410 410 411 412 412 414 414 416 416 417 418 419 420 421 420 422 422 424 424 426 427 428 430 431 431 433 433 435 436 437 438 440 441 442 442 445 444 446 447 448 449 450 452 453 453 455 455 457 457 458 461 461 463 463 465 465 466 467 468 469 471 471 473 474 474 475 476 477 479 479 481 481 481 483 484 485 486 486 489 488 490 490 491 493 494 495 495 495
404 405 406 406 408 408 409 410 410 412 412 414 414 415 416 417 418 419 419 420 420 422 422 423 425 426 427 429 430 431 432 433 433 436 436 437 438 440 441 442 443 445 444 446 447 448 449 450 452 453 453 456 455 456 457 458 460 461 461 463 464 465 465 466 468 469 470 471 471 474 474 475 476 477 479 479 481 481 482 483 484 485 486 486 489 488 489 490 491 493 494 494 495 495
404 405 406 406 408 407 409 409 410 411 412 413 414 414 416 417 418 419 418 420 420 422 422 423 425 426 427 429 429 431 431 433 433 435 436 437 439 440 440 442 443 444 444 446 447 448 449 451 451 453 453 455 455 456 457 459 460 461 461 464 463 465 465 466 468 469 470 471 472 473 473 475 475 477 478 479 479 480 481 483 483 484 485 487 488 488 488 490 491 492 493 494 495 495
404 405 406 406 408 407 409 409 410 411 412 413 414 414 416 416 418 418 418 419 420 421 422 423 425 426 428 429 429 432 431 433 433 435 436 437 439 440 440 443 443 444 444 446 447 448 449 451 451 453 453 455 455 456 457 459 459 461 461 464 463 464 465 467 468 469 469 471 472 473 473 474 475 477 478 479 479 481 481 483 483 484 485 487 486 488 488 490 491 492 493 493 493 495
404 404 406 406 407 407 408 409 410 411 412 412 414 414 416 416 417 417 418 419 420 420 422 423 425 425 427 428 429 430 431 431 434 434 436 436 438 440 440 443 442 443 444 446 447 448 449 451 451 453 453 454 455 456 458 459 459 461 461 463 463 464 465 467 468 469 469 472 471 472 473 474 476 477 477 479 479 481 481 482 483 484 486 487 486 488 488 489 491 492 493 493 493 496
404 404 406 405 407 407 408 409 410 411 412 412 414 414 416 416 417 417 418 419 420 420 422 423 425 425 427 428 428 430 431 431 434 434 436 437 438 439 440 441 442 442 445 445 447 447 449 450 451 452 453 454 455 456 458 459 459 461 462 462 463 464 465 467 467 469 469 472 471 472 473 474 476 477 477 479 479 480 481 482 483 484 485 486 486 488 488 490 491 492 491 493 493 496
404 404 406 405 407 407 408 409 410 411 412 412 414 414 416 416 416 417 418 419 420 420 422 423 425 426 427 428 428 430 431 431 434 434 436 437 438 439 440 440 442 442 445 445 446 447 449 450 451 451 453 453 455 455 457 458 459 460 461 461 463 463 466 466 467 468 469 469 471 471 473 474 475 477 477 478 479 480 481 482 482 485 485 486 486 487 488 490 491 492 491 493 494 495
403 404 404 405 405 407 408 409 410 410 412 412 414 414 415 415 416 417 418 418 420 420 423 423 424 426 427 427 429 429 431 432 434 434 435 437 438 439 440 440 442 442 445 445 446 447 449 450 450 451 453 453 455 456 457 458 459 459 461 461 463 463 465 466 467 468 469 469 471 471 473 474 475 476 477 476 479 479 481 481 482 484 484 484 486 486 489 489 490 490 491 491 494 494
403 403 404 405 405 407 407 409 409 410 411 412 413 414 414 415 415 417 418 418 420 420 423 423 424 426 427 427 429 429 431 432 434 434 435 437 438 438 440 440 442 442 444 445 446 448 449 449 450 451 453 453 454 456 457 458 459 459 461 461 463 463 465 466 467 467 469 469 471 471 472 474 475 476 476 476 479 479 480 481 482 484 484 484 486 486 488 489 490 490 491 491 494 494
403 403 404 405 405 407 407 408 409 410 411 412 412 414 413 415 415 416 417 418 419 420 421 423 423 426 425 426 428 429 430 432 433 434 436 437 438 437 440 440 442 443 444 445 446 448 449 448 450 451 453 453 454 456 457 457 459 459 461 461 462 464 465 466 467 467 469 469 470 471 472 474 475 475 476 477 479 479 480 481 482 482 484 484 486 486 488 489 489 489 491 492 493 494
402 403 403 405 405 407 407 408 409 410 411 412 412 413 413 415 415 416 417 418 419 420 421 423 423 425 425 426 428 429 430 432 432 434 435 437 436 437 439 440 440 443 443 445 445 447 448 448 449 451 451 453 453 456 456 457 458 459 460 461 462 464 465 465 467 467 469 469 470 471 473 473 475 474 476 477 478 479 480 480 483 482 484 484 485 486 488 488 489 489 491 492 493 494
402 403 403 405 405 407 407 408 409 410 411 412 411 413 413 415 415 416 417 418 418 421 421 423 424 424 425 427 428 429 429 432 432 434 435 436 436 438 439 440 440 443 443 445 445 447 447 448 449 451 451 453 454 455 456 456 457 459 459 461 461 464 464 465 465 467 467 469 469 471 472 473 473 474 474 477 477 479 479 480 481 482 482 484 484 487 487 487 488 489 489 492 492 493
401 403 403 405 405 406 407 408 409 410 410 412 411 413 413 414 415 416 417 418 418 421 421 423 423 424 425 427 428 429 430 432 432 434 435 435 436 438 438 440 440 443 443 444 446 446 447 448 449 451 451 453 454 455 456 456 457 459 459 461 461 463 464 465 465 467 467 469 469 470 472 473 473 474 474 477 477 478 479 479 481 482 482 484 484 486 487 487 487 489 489 492 492 492
401 402 403 404 405 405 407 407 409 409 410 410 411 413 413 414 415 416 417 418 418 421 421 421 423 424 425 427 427 429 430 432 432 433 434 435 436 438 438 440 440 443 443 444 446 446 446 448 449 451 451 452 454 455 455 456 457 459 459 460 461 463 464 464 464 467 467 469 469 470 472 472 472 474 474 477 477 478 479 479 480 482 482 483 484 486 486 487 487 489 489 491 492 492
401 402 403 403 405 405 407 407 408 409 409 410 411 411 413 413 415 415 416 417 418 420 420 420 423 423 425 426 427 428 430 431 432 432 434 434 435 438 438 440 440 442 443 444 445 446 446 448 449 450 451 452 454 455 454 456 457 459 459 460 461 463 462 464 464 467 467 468 469 470 471 472 472 474 474 476 477 478 477 479 480 482 482 483 484 485 485 487 487 488 489 491 490 492
401 402 403 403 405 405 407 407 408 408 409 410 411 411 413 413 415 415 416 417 418 419 420 420 423 423 424 426 427 428 430 430 432 432 434 434 435 437 438 439 441 441 443 442 444 445 446 447 449 449 451 451 454 453 454 455 457 457 459 459 462 462 462 463 464 465 467 467 469 469 470 471 472 472 474 475 477 477 477 478 480 480 482 482 483 484 485 486 487 487 490 490 490 491
401 401 403 403 405 405 406 407 408 408 409 409 411 411 413 413 414 415 416 417 418 418 420 420 423 423 424 426 427 427 430 430 431 432 433 434 435 437 438 438 441 441 443 442 444 445 446 446 449 449 451 451 452 453 454 455 457 457 459 459 461 461 462 463 464 465 467 467 468 468 470 471 472 472 475 475 476 476 477 477 480 480 482 482 482 484 485 485 487 487 489 489 490 490
401 401 403 403 405 405 406 407 407 408 409 409 411 411 413 413 414 415 416 416 417 418 420 420 422 423 424 426 427 427 430 430 431 432 433 434 435 436 438 438 441 441 441 442 444 445 446 446 449 449 450 451 452 453 454 454 457 457 459 459 461 461 462 462 464 465 467 467 468 468 470 470 472 472 474 475 476 476 477 478 480 480 481 482 482 483 485 485 486 487 488 488 490 490
400 401 402 403 403 405 405 406 406 407 408 409 410 411 411 413 413 415 416 416 417 418 420 420 422 423 424 425 427 427 430 429 430 432 433 434 435 436 438 438 441 440 441 442 444 444 446 446 449 449 450 450 452 452 454 454 457 457 458 459 460 460 462 462 464 465 466 467 467 467 470 470 472 472 474 475 475 475 477 478 479 480 480 480 481 483 484 485 485 487 487 488 489 490
400 401 402 403 403 405 404 406 406 407 408 409 410 411 411 413 413 414 415 415 416 418 418 420 421 423 423 425 426 427 428 429 429 432 432 433 434 436 437 438 439 440 440 442 443 444 445 446 447 449 448 450 451 452 453 454 455 457 457 458 459 460 461 462 462 465 465 467 466 467 469 470 470 472 473 473 474 475 476 478 478 480 480 480 481 483 483 485 485 485 487 488 488 490
400 401 401 403 403 404 404 405 406 407 408 409 409 411 411 413 413 414 414 415 416 418 418 420 421 422 423 425 426 426 427 429 429 432 432 433 434 436 436 438 438 440 440 441 443 444 445 446 447 449 448 449 451 452 453 454 455 457 457 457 459 460 461 462 462 465 465 465 466 467 468 470 470 472 473 473 474 475 475 477 478 479 479 480 480 483 483 484 485 485 486 488 488 489
400 401 401 403 403 404 404 405 406 407 408 409 409 411 411 412 413 413 414 415 415 418 418 420 421 422 423 425 425 426 427 429 429 431 432 433 434 436 436 437 438 439 440 441 443 444 444 446 447 447 448 449 451 452 452 454 455 456 456 457 459 460 460 462 462 464 464 465 466 467 468 470 470 471 471 473 473 475 475 476 478 478 479 480 480 483 483 484 484 485 486 487 488 488
399 401 401 403 402 403 404 405 406 407 407 409 409 411 411 412 412 413 413 415 415 418 418 419 421 422 423 425 424 426 427 429 429 430 432 433 433 436 435 437 437 439 440 441 442 444 444 446 446 447 448 449 450 452 452 454 455 455 456 457 457 460 460 462 462 464 464 464 465 466 468 468 470 469 471 472 473 474 475 475 478 477 478 479 480 481 483 482 483 484 485 486 488 488
399 400 401 401 402 402 404 404 405 406 407 408 409 409 411 411 412 412 413 414 415 417 418 418 421 421 422 423 424 425 427 427 429 429 432 432 433 435 435 435 437 438 440 440 442 443 444 444 446 446 448 448 450 451 452 452 455 454 456 456 457 459 460 460 462 462 463 464 465 466 468 468 470 469 470 472 473 473 475 475 476 477 478 478 480 481 482 482 483 483 485 486 487 487
399 400 400 400 402 402 404 404 405 406 407 408 409 409 411 410 411 412 413 414 415 416 418 418 421 421 421 423 424 424 427 427 429 429 431 432 433 434 435 435 437 438 439 440 442 443 444 443 446 446 447 448 450 451 452 452 454 454 455 456 457 458 460 460 461 462 463 464 465 465 468 468 468 469 470 471 473 473 474 474 476 477 478 478 480 481 481 482 483 483 485 486 486 487
399 399 400 400 402 402 403 404 405 406 407 407 409 409 410 410 411 412 413 413 415 416 418 418 420 420 421 423 424 424 426 427 428 429 431 432 432 433 435 435 436 438 439 440 441 442 443 443 445 446 447 448 450 450 452 451 452 454 455 456 457 458 460 460 460 462 463 463 465 465 467 467 468 469 470 471 473 473 473 474 475 476 477 478 478 481 480 481 482 483 483 486 485 486
398 398 400 400 402 402 403 404 405 406 407 407 409 408 409 410 411 412 413 413 415 415 418 418 419 420 421 421 424 424 426 427 428 429 431 430 432 432 435 435 436 438 439 439 441 441 443 443 444 446 447 447 449 450 450 451 451 454 454 455 456 458 458 459 459 461 462 463 464 465 466 467 467 468 469 471 471 473 472 473 475 476 476 478 478 478 480 481 481 483 483 484 485 486
397 398 399 400 400 402 402 404 404 405 406 407 407 408 408 410 410 411 412 413 414 415 416 418 417 420 420 421 423 424 424 427 427 429 430 430 431 432 433 435 435 438 438 439 440 441 441 443 443 446 446 447 448 450 449 451 451 453 454 455 456 458 457 459 459 460 462 463 463 465 464 466 467 468 468 471 471 471 472 473 474 476 476 478 477 478 480 481 481 482 483 484 484 486
