testData/tiles/oneDegreeCosts/grid39.0-36.0-40.0-37.0.asc
ncols   200
nrows   200
xllcorner   39.0
yllcorner   36.0
cellsize   0.005
NODATA_value   -9999.0
[rows 0 to 41 of 200, columns 0 to 93 of 200]
648 648 646 644 644 642 642 640 639 638 637 636 637 635 634 633 632 632 631 629 629 626 626 625 589 589 589 624 623 623 622 622 619 618 617 616 615 615 613 612 611 610 609 606 605 605 605 603 603 601 600 599 598 596 596 595 596 594 592 592 590 589 588 587 585 585 584 584 583 581 581 579 578 577 576 574 574 572 571 570 569 569 568 567 566 565 563 563 561 560 559 558 556 555
648 647 645 644 644 642 642 640 640 638 638 636 636 635 635 632 632 632 631 629 630 627 626 625 589 589 589 625 625 623 622 621 620 618 618 617 615 615 612 612 611 611 610 608 606 606 604 603 602 601 601 600 599 598 597 595 595 593 592 591 591 590 589 588 586 586 584 584 582 581 580 579 578 578 577 575 575 573 573 571 570 569 568 566 565 564 562 562 560 560 559 559 558 557
649 648 646 645 643 643 643 642 640 640 638 638 636 636 635 634 632 632 630 629 629 627 626 626 589 589 589 625 625 623 623 622 621 618 618 617 617 616 614 613 611 610 609 608 606 607 605 604 603 602 601 600 598 598 598 596 596 594 593 592 591 589 589 587 587 587 585 585 583 582 581 580 578 578 576 576 574 572 572 572 571 570 569 567 567 565 564 563 561 561 559 558 557 556
648 647 646 647 644 643 642 641 641 641 638 638 636 635 635 634 633 632 630 629 629 628 627 626 589 589 589 626 625 623 622 622 621 621 619 617 617 615 614 613 613 611 611 609 606 606 604 604 603 603 602 601 599 599 597 596 595 593 593 593 592 591 590 588 588 586 585 584 582 581 581 581 579 579 577 577 575 574 573 571 570 569 568 566 566 564 564 563 563 562 560 559 558 557
650 648 647 646 644 645 644 642 642 640 639 638 638 636 636 634 633 632 630 631 629 628 627 626 589 589 589 589 625 624 623 622 620 620 619 617 618 616 615 614 612 610 610 609 610 607 606 605 603 602 601 600 599 600 598 597 596 595 594 593 591 590 589 589 589 587 586 585 584 582 582 580 579 578 576 576 575 575 574 573 571 571 569 567 567 565 565 563 562 561 560 558 557 556
649 648 649 647 646 644 643 642 643 641 640 639 637 636 637 635 635 633 631 631 630 628 629 627 589 589 589 589 625 624 623 622 621 621 619 617 616 615 614 613 612 611 611 609 609 606 605 605 605 603 603 601 599 599 597 597 596 596 595 594 592 592 590 588 588 586 585 584 584 584 583 581 581 579 577 577 575 574 573 572 570 570 569 569 567 566 566 564 563 562 561 559 559 557
649 649 648 647 646 647 644 643 642 641 641 641 638 637 636 635 635 634 632 631 630 628 629 627 589 589 589 589 627 625 623 622 621 621 619 619 617 616 614 614 612 612 610 609 609 607 605 604 603 601 601 600 602 600 599 598 596 595 594 593 591 592 591 590 589 588 587 585 584 583 582 580 580 578 578 578 576 575 574 573 572 571 569 569 567 566 565 563 562 561 560 559 559 557
649 648 648 647 646 646 644 644 643 642 641 640 638 639 637 636 635 634 632 632 631 629 629 627 589 589 589 589 627 625 625 622 622 621 619 618 617 616 615 615 613 612 610 609 608 608 606 605 604 602 602 600 600 598 597 597 597 595 594 593 591 591 589 588 587 586 586 586 584 583 582 580 580 578 578 577 576 574 574 571 571 570 569 569 567 566 565 564 562 561 560 558 558 556
650 648 649 647 647 646 645 643 641 641 642 641 639 638 636 636 636 635 633 633 630 630 629 629 589 589 589 589 627 625 625 623 622 621 620 620 619 616 615 615 613 613 611 610 609 608 606 605 604 604 602 601 601 599 598 597 596 594 594 593 592 592 590 590 588 587 586 585 583 583 581 580 580 579 578 577 576 575 574 572 572 570 568 568 566 565 564 564 562 562 560 559 558 557
651 648 649 647 647 646 645 645 643 641 641 640 640 639 637 636 635 634 634 634 631 631 629 628 589 589 589 589 627 626 625 624 623 621 621 620 619 616 617 615 614 613 610 610 609 608 608 607 604 604 602 601 600 599 598 598 597 595 595 593 593 591 590 589 588 587 587 586 584 584 582 581 580 579 578 576 575 574 574 572 573 571 570 569 567 566 565 564 563 562 560 560 558 556
651 651 649 648 648 646 645 645 643 642 642 640 639 638 638 636 636 634 634 632 632 631 630 629 589 589 589 589 627 627 626 625 623 621 621 620 619 617 617 615 614 613 613 610 610 608 607 607 604 604 603 602 601 600 598 598 596 595 595 593 594 592 591 590 589 587 586 585 584 584 582 582 581 580 579 578 576 575 574 572 572 570 569 568 568 566 565 564 563 563 561 561 559 558
651 652 649 649 648 647 645 646 644 642 642 640 640 639 638 636 635 634 635 633 632 630 629 627 589 589 589 589 627 627 626 625 624 623 621 621 619 618 617 615 614 614 613 611 610 609 609 607 605 604 602 602 601 600 599 599 597 597 595 593 593 591 591 590 590 588 588 586 584 584 582 582 580 579 578 578 576 576 575 573 573 571 570 569 568 567 566 564 563 562 560 560 558 558
653 652 650 648 648 647 646 646 644 643 642 641 640 640 638 639 636 634 634 632 632 632 630 628 589 589 589 589 628 627 625 624 624 622 621 621 620 619 618 616 615 614 613 612 610 609 609 607 606 605 603 602 601 600 599 599 597 597 596 595 594 592 591 590 589 587 587 586 585 584 583 583 581 580 579 578 576 576 574 573 572 571 570 569 568 567 567 565 565 563 561 561 559 558
652 652 652 649 649 647 647 646 644 645 642 641 641 640 638 638 636 636 635 634 632 631 629 629 589 589 589 589 589 626 626 625 624 623 620 620 618 618 617 616 616 615 613 612 611 609 609 607 606 606 604 602 602 601 600 599 597 597 595 594 594 593 591 591 590 588 588 586 586 584 583 582 580 580 579 578 577 577 575 574 573 572 571 569 568 567 566 564 564 563 562 561 559 558
652 652 651 649 649 648 647 646 645 645 644 642 641 640 639 639 637 635 634 634 633 633 631 630 589 589 589 589 589 627 626 624 624 623 622 621 619 619 617 616 615 614 612 613 611 608 608 606 606 606 604 603 602 601 601 599 597 598 596 595 594 593 591 591 589 588 588 586 587 585 584 583 582 580 579 578 576 576 574 574 573 572 571 569 569 568 567 565 565 563 562 561 559 558
652 653 651 649 649 648 648 647 646 645 644 642 642 640 640 639 637 637 635 634 633 632 631 632 589 589 589 589 589 628 627 625 625 623 622 620 620 619 618 617 615 614 612 612 611 609 608 607 606 605 603 602 602 600 600 598 597 596 595 594 593 592 591 591 589 590 588 586 586 584 584 583 582 580 581 579 577 577 575 575 573 572 571 570 568 567 567 565 564 562 561 560 559 557
652 652 651 651 650 648 647 645 645 645 645 643 642 640 640 639 638 637 636 634 634 633 631 631 589 589 589 589 589 629 626 625 625 624 624 621 620 619 618 617 616 614 613 613 611 610 608 608 607 606 604 603 602 600 600 598 598 597 596 594 593 592 591 591 589 589 587 587 586 584 583 582 581 579 579 577 577 576 574 574 572 572 571 570 568 568 566 564 564 562 561 560 559 558
652 653 651 651 649 648 648 647 645 645 643 642 641 640 639 639 639 638 637 634 635 633 632 632 589 589 589 589 589 630 627 626 625 623 623 622 621 620 619 617 617 614 613 613 611 610 609 608 607 606 604 604 602 600 600 598 598 597 596 594 594 593 592 591 589 589 587 586 586 585 583 582 581 580 580 578 577 576 575 574 572 571 570 570 568 568 566 565 564 562 561 561 560 559
653 652 651 652 650 649 647 646 646 646 644 643 642 641 639 638 638 637 636 634 635 633 632 632 589 589 589 589 589 629 627 627 626 625 624 622 620 619 618 617 618 616 614 613 611 610 610 608 607 606 605 605 602 600 600 599 598 597 596 594 594 593 593 591 589 589 588 587 586 585 583 583 581 580 580 578 578 576 575 575 574 572 571 570 568 568 566 565 564 562 561 561 560 559
655 653 652 651 651 650 649 647 645 645 644 644 643 642 639 639 638 637 636 635 634 632 632 631 589 589 589 589 589 630 628 627 625 624 624 624 622 620 619 617 617 615 614 613 613 612 610 608 607 606 605 605 602 601 601 599 598 597 596 594 595 593 593 591 589 589 588 587 586 585 583 584 582 580 580 578 578 576 575 574 574 572 571 570 568 568 566 565 565 564 563 561 560 559
656 653 652 652 651 649 649 648 647 646 644 643 642 642 641 640 638 638 636 635 634 632 632 631 589 589 589 589 589 589 627 628 625 625 624 623 621 620 620 618 618 616 615 613 612 611 611 609 608 607 605 605 603 601 601 600 598 597 596 596 595 593 593 591 591 590 588 587 586 585 583 584 582 581 580 578 578 577 576 575 574 572 572 570 568 568 566 565 565 564 563 562 560 559
656 653 652 652 651 650 650 648 646 646 646 644 643 642 641 639 638 639 637 636 635 633 632 631 589 589 589 589 589 589 628 627 624 624 624 623 621 621 618 617 616 616 616 614 613 612 611 609 608 607 605 605 604 602 601 600 598 598 597 596 595 593 593 592 591 590 589 587 586 585 584 584 582 582 580 579 578 577 576 575 574 572 572 570 568 569 567 566 565 564 563 562 560 559
655 654 652 653 651 650 650 649 648 646 645 643 643 643 642 640 638 638 637 636 636 634 632 631 590 589 589 589 589 589 628 628 627 624 623 622 621 622 619 618 617 616 615 613 611 611 611 609 609 606 605 604 603 603 601 600 599 599 597 597 595 593 593 592 591 590 589 587 586 586 584 584 582 582 580 579 579 577 576 575 574 572 572 570 570 569 567 566 565 564 563 562 560 560
655 655 653 652 650 650 649 648 648 646 646 645 644 642 642 642 639 639 637 636 635 635 632 633 590 589 589 589 589 589 628 628 627 624 624 623 621 621 619 617 617 617 616 614 612 611 610 609 609 606 606 605 603 602 600 599 598 598 596 596 594 593 593 591 590 589 588 587 587 585 583 583 581 581 579 579 578 577 575 574 573 571 571 570 569 568 567 566 564 563 562 561 560 560
655 654 653 652 651 650 649 649 647 646 644 644 644 643 643 641 639 638 638 637 636 635 632 632 590 589 589 589 589 589 629 628 627 625 624 623 621 622 620 618 617 616 615 614 614 612 611 609 609 607 605 604 604 602 602 600 599 598 596 596 594 593 593 591 590 589 588 587 587 585 584 583 581 581 580 579 578 577 575 574 573 572 572 570 569 568 567 566 564 563 562 561 560 560
657 655 653 653 651 650 649 649 647 647 645 644 643 642 642 641 640 638 638 636 635 635 634 633 590 589 589 589 589 589 629 628 627 626 625 623 622 621 619 619 618 617 616 615 613 612 610 609 610 608 606 605 604 602 602 599 599 598 596 597 595 594 593 591 590 589 588 587 587 585 584 583 582 582 580 579 578 577 575 575 573 572 572 570 569 568 567 566 564 564 563 562 560 560
656 654 654 654 651 650 649 649 647 647 646 645 644 642 642 640 639 638 638 636 636 634 632 591 590 591 589 589 589 589 589 628 627 626 626 623 623 622 620 619 617 616 616 616 614 613 611 609 609 607 606 605 604 603 603 600 599 598 596 596 594 594 593 592 591 590 589 587 587 585 584 583 582 582 580 579 578 577 575 576 574 572 572 570 569 568 567 566 565 564 563 562 560 560
657 655 654 653 652 651 650 649 647 648 646 646 644 642 642 641 640 639 637 636 637 635 633 592 589 589 589 589 589 589 589 628 628 626 626 623 622 622 621 620 619 617 616 615 613 613 611 611 610 608 607 605 604 602 602 601 600 599 597 597 595 594 593 592 590 590 589 587 587 585 585 584 583 582 580 579 578 577 575 576 574 573 572 570 569 568 568 567 566 564 563 562 560 560
656 655 655 654 653 650 649 649 648 648 646 646 644 643 642 641 640 640 638 636 636 634 633 593 590 590 589 589 589 589 589 628 627 625 625 624 622 621 620 619 619 617 616 616 614 614 611 610 609 607 606 606 605 603 603 601 600 598 596 596 595 594 594 593 591 591 589 587 587 585 584 584 583 582 580 579 579 578 576 576 574 573 572 570 569 568 567 567 566 564 564 562 560 560
656 654 653 653 654 652 651 649 648 648 646 647 645 643 643 642 640 639 639 636 637 635 634 592 591 589 589 589 589 589 589 628 627 625 625 624 622 621 620 619 619 617 615 614 613 613 612 610 609 609 607 606 604 602 603 602 602 599 597 597 595 594 593 592 591 591 589 588 588 586 585 584 583 582 581 579 578 578 576 576 574 573 572 571 570 569 568 567 566 564 564 562 560 560
656 655 654 653 652 651 651 650 649 648 646 647 645 643 643 642 640 640 639 636 636 635 635 593 592 589 589 589 589 589 589 629 627 626 625 624 623 621 620 619 619 617 616 615 613 613 611 609 608 608 607 606 604 602 602 600 600 597 596 596 595 594 593 592 590 590 588 587 587 586 585 584 583 583 582 580 579 578 576 576 574 573 572 571 570 569 567 566 565 563 563 562 560 560
656 654 654 653 653 651 651 648 647 647 646 646 645 644 643 642 640 641 639 638 637 635 634 592 591 591 590 589 589 589 589 630 627 627 626 624 623 621 621 619 619 617 616 615 613 614 612 611 609 608 606 605 604 603 603 601 600 599 597 596 594 593 592 592 590 591 589 588 587 585 584 583 582 581 580 579 578 577 575 575 574 573 572 571 569 568 567 566 565 563 563 561 559 559
657 656 654 653 652 651 652 650 648 647 646 645 645 644 642 641 640 640 639 637 637 635 635 593 592 590 589 589 589 589 589 630 627 626 626 625 623 623 621 619 619 618 618 615 613 613 611 611 609 609 607 607 605 602 602 600 599 598 598 597 595 594 593 592 590 590 588 587 587 585 584 584 583 582 581 579 579 577 575 575 573 572 572 571 569 568 567 565 566 564 564 562 561 560
657 656 654 654 653 651 651 649 649 648 647 645 644 643 643 642 640 640 638 638 637 634 633 592 592 591 591 589 589 589 589 589 629 627 626 625 623 623 621 619 619 618 617 615 613 614 612 611 610 608 607 607 605 603 603 601 600 599 597 596 595 593 593 593 591 591 589 588 587 585 584 583 582 582 581 579 579 578 576 576 574 573 572 571 569 568 567 565 565 563 563 562 561 560
657 657 654 654 653 651 652 650 649 647 646 646 645 644 643 641 640 640 638 638 637 634 634 592 591 589 589 589 589 589 589 589 628 626 626 626 624 623 621 619 619 618 617 616 614 614 612 611 611 609 607 607 605 603 602 600 600 600 599 597 596 594 593 592 590 590 588 588 588 586 585 584 583 581 581 579 579 577 575 575 574 573 572 571 569 570 568 566 566 564 564 562 561 560
658 657 654 655 653 651 651 650 650 648 647 645 645 644 643 643 640 640 638 638 637 635 634 592 592 590 590 589 589 589 589 589 628 626 625 624 622 622 621 619 620 618 617 616 615 614 612 611 610 609 607 607 606 604 603 601 600 599 598 595 595 595 594 593 591 591 589 588 587 586 584 583 583 581 581 580 580 578 576 576 574 573 572 571 569 569 567 566 566 564 564 562 561 561
656 656 655 654 653 651 652 650 649 649 648 646 646 644 642 642 640 641 639 638 637 636 634 592 591 590 590 589 589 589 589 589 627 627 626 625 623 623 621 619 619 617 616 616 615 612 611 611 610 609 607 607 605 604 604 601 601 600 599 596 596 594 593 592 590 591 590 589 588 587 585 584 583 581 581 579 579 577 576 576 574 574 573 572 570 570 568 566 566 564 563 562 561 560
656 656 654 654 652 652 651 649 649 649 647 645 646 645 643 643 641 640 639 638 638 637 635 592 592 590 590 589 589 589 589 589 628 627 625 624 623 624 622 620 619 617 616 616 615 612 611 611 610 609 607 607 605 604 603 600 599 598 597 596 596 594 593 592 590 590 588 587 586 585 584 583 583 581 581 579 578 577 575 575 573 572 571 570 569 569 567 565 565 563 563 562 561 560
656 657 655 654 652 652 651 649 649 648 648 645 645 643 642 644 642 640 639 638 637 637 594 593 592 590 590 589 589 589 589 589 589 628 627 625 623 623 621 620 619 618 617 616 615 612 611 611 610 609 607 606 605 604 603 601 600 599 598 596 595 593 591 591 591 591 589 588 587 586 584 583 582 580 580 578 578 577 575 576 574 573 572 571 569 569 567 565 565 563 562 561 560 559
656 656 654 654 653 652 651 649 649 648 647 645 645 644 642 642 640 638 638 638 638 637 594 594 592 590 590 589 589 589 589 589 589 627 625 624 624 624 622 620 620 617 617 616 615 614 612 611 609 609 608 607 605 604 603 601 600 599 598 597 597 594 592 592 590 590 588 587 587 587 585 584 583 581 581 579 578 577 575 575 573 572 571 571 569 569 568 566 566 564 563 562 561 559
657 657 655 654 653 652 651 650 649 648 648 646 645 643 642 643 641 640 638 637 636 636 594 593 591 590 590 589 589 589 589 589 589 628 626 626 623 623 621 620 621 618 617 616 615 613 612 611 609 609 608 607 605 604 604 602 600 599 598 596 596 593 592 593 591 590 589 588 587 586 584 583 582 580 580 579 579 578 577 575 574 573 572 571 569 569 567 565 565 563 562 561 560 559
657 657 655 655 654 652 650 650 649 649 648 646 646 644 642 642 640 640 639 638 636 636 593 592 591 590 590 589 589 589 589 589 589 626 625 627 624 623 622 620 620 617 617 616 616 614 613 611 609 610 608 607 605 604 604 602 601 599 599 597 597 594 592 592 590 589 588 588 588 587 585 584 583 581 581 579 578 577 575 574 573 573 572 572 570 570 568 566 566 564 563 562 561 559
