testData/tiles/oneDegreeCosts/grid1.0-27.0-2.0-28.0.asc
ncols   200
nrows   200
xllcorner   1.0
yllcorner   27.0
cellsize   0.005
NODATA_value   -9999.0
[rows 42 to 83 of 200, columns 94 to 187 of 200]
270 270 270 270 270 270 270 270 270 270 270 270 270 270 270 270 270 270 270 270 270 270 270 270 270 270 270 270 270 270 270 466 466 466 466 466 466 466 466 466 466 466 466 466 466 466 466 466 466 606 606 606 606 606 606 606 606 606 606 606 606 606 654 654 654 654 654 654 654 654 654 654 656 658 660 661 663 665 666 667 669 670 671 672 673 674 675 676 677 677 678 679 679 680
270 270 270 270 270 270 270 270 270 270 270 270 270 270 270 270 270 270 270 270 270 270 270 466 466 466 466 466 466 466 466 466 466 466 466 466 466 466 466 466 466 466 466 466 466 466 466 466 466 466 606 606 606 606 606 606 606 606 606 606 606 654 654 654 654 654 654 654 654 654 656 658 660 662 664 665 667 668 670 671 672 673 674 675 676 677 678 679 680 681 681 682 682 683
270 270 270 270 270 270 270 270 270 270 270 270 270 270 270 270 466 466 466 466 466 466 466 466 466 466 466 466 466 466 466 466 466 466 466 466 466 466 466 466 466 466 466 466 466 466 466 466 466 466 466 606 606 606 606 606 606 606 606 654 654 654 654 654 654 654 654 654 656 658 660 662 664 666 667 669 670 672 673 674 675 677 678 679 680 680 681 682 683 683 684 685 685 686
270 270 270 270 270 270 270 270 270 466 466 466 466 466 466 466 466 466 466 466 466 466 466 466 466 466 466 466 466 466 466 466 466 466 466 466 466 466 466 466 466 466 466 466 466 466 466 466 466 466 466 466 606 606 606 606 606 606 654 654 654 654 654 654 654 654 655 658 660 662 664 666 668 669 671 672 674 675 676 677 679 680 681 682 683 683 684 685 686 686 687 687 688 688
270 270 270 466 466 466 466 466 466 466 466 466 466 466 466 466 466 466 466 466 466 466 466 466 466 466 466 466 466 466 466 466 466 466 466 466 466 466 466 466 466 466 466 466 466 466 466 466 466 466 466 466 466 466 606 606 654 654 654 654 654 654 654 654 655 657 660 662 664 666 668 669 671 673 674 676 677 678 679 681 682 683 684 685 685 686 687 688 688 689 690 690 691 691
466 466 466 466 466 466 466 466 466 466 466 466 466 466 466 466 466 466 466 466 466 466 466 466 466 466 466 466 466 466 466 466 466 466 466 466 466 466 466 466 466 466 466 466 466 466 466 466 466 466 466 466 466 466 466 654 654 654 654 654 654 654 654 656 659 661 664 666 668 669 671 673 674 676 677 679 680 681 682 683 685 685 686 687 688 689 690 690 691 692 692 693 693 694
466 466 466 466 466 466 466 466 466 466 466 466 466 466 466 466 466 466 466 466 466 466 466 466 466 466 466 466 466 466 466 466 466 466 466 466 466 466 466 466 466 466 466 466 466 466 466 466 466 466 466 466 466 514 514 514 654 654 654 654 654 655 658 661 663 665 667 669 671 673 675 676 678 679 680 682 683 684 685 686 687 688 689 690 691 692 692 693 694 694 695 695 696 696
466 466 466 466 466 466 466 466 466 466 466 466 466 466 466 466 466 466 466 466 466 466 466 466 466 466 466 466 466 466 466 466 466 466 466 466 466 466 466 466 466 466 466 466 466 466 466 466 466 466 466 466 514 514 514 514 514 654 654 654 657 660 662 665 667 669 671 673 674 676 678 679 681 682 683 685 686 687 688 689 690 691 692 693 693 694 695 695 696 697 697 698 698 699
466 466 466 466 466 466 466 466 466 466 466 466 466 466 466 466 466 466 466 466 466 466 466 466 466 466 466 466 466 466 466 466 466 466 466 466 466 466 466 466 466 466 466 466 466 466 466 466 466 466 466 514 514 514 514 514 514 514 656 658 661 664 666 668 670 672 674 676 678 679 681 682 684 685 686 687 688 690 691 692 693 693 694 695 696 697 697 698 699 699 700 700 701 701
466 466 466 466 466 466 466 466 466 466 466 466 466 466 466 466 466 466 466 466 466 466 466 466 466 466 466 466 466 466 466 466 466 466 466 466 466 466 466 466 466 466 466 466 466 466 466 466 466 466 514 514 514 514 514 514 514 517 520 662 665 667 670 672 674 675 677 679 681 682 684 685 686 688 689 690 691 692 693 694 695 696 697 698 698 699 700 700 701 701 702 702 703 703
466 466 466 466 466 466 466 466 466 466 466 466 466 466 466 466 466 466 466 466 466 466 466 466 466 466 466 466 466 466 466 466 466 466 466 466 466 466 466 466 466 466 466 466 466 466 466 466 514 514 514 514 514 514 514 515 518 521 524 526 669 671 673 675 677 679 680 682 683 685 686 688 689 690 691 693 694 695 696 697 697 698 699 700 701 701 702 703 703 704 704 705 705 706
466 466 466 466 466 466 466 466 466 466 466 466 466 466 466 466 466 466 466 466 466 466 466 466 466 466 466 466 466 466 466 466 466 466 466 466 466 466 466 466 466 466 466 466 466 466 466 514 514 514 514 514 514 514 516 519 522 525 527 530 532 534 676 678 680 682 683 685 686 688 689 690 692 693 694 695 696 697 698 699 700 701 701 702 703 704 704 705 705 706 706 707 707 708
466 466 466 466 466 466 466 466 466 466 466 466 466 466 466 466 466 466 466 466 466 466 466 466 466 466 466 466 466 466 466 466 466 466 466 466 466 466 466 466 466 466 466 466 466 466 514 514 514 514 514 514 514 517 520 523 526 528 531 533 535 537 539 681 683 684 686 687 689 690 692 693 694 695 696 697 698 699 700 701 702 703 704 704 705 706 706 707 708 708 709 709 709 710
466 466 466 466 466 466 466 466 466 466 466 466 466 466 466 466 466 466 466 466 466 466 466 466 466 466 466 466 466 466 466 466 466 466 466 466 466 466 466 466 466 466 466 466 466 514 514 514 514 514 514 515 518 521 524 527 529 532 534 536 538 540 542 544 685 687 689 690 691 693 694 695 697 698 699 700 701 702 703 704 704 705 706 707 707 708 709 709 710 710 711 711 712 712
466 466 466 466 466 466 466 466 466 466 466 466 466 466 466 466 466 466 466 466 466 466 466 466 466 466 466 466 466 466 466 466 466 466 466 466 466 466 466 466 466 466 466 466 514 514 514 514 514 514 516 519 522 525 528 530 533 535 537 539 541 543 545 547 548 690 691 693 694 695 697 698 699 700 701 702 703 704 705 706 707 707 708 709 709 710 711 711 712 712 713 713 714 714
466 466 466 466 466 466 466 466 466 466 466 466 466 466 466 466 466 466 466 466 466 466 466 466 466 466 466 466 466 466 466 466 466 466 466 466 466 466 466 466 466 466 466 514 514 514 514 514 514 517 520 523 526 529 531 534 536 538 540 542 544 546 548 549 551 552 694 695 696 698 699 700 701 702 703 704 705 706 707 708 709 709 710 711 712 712 713 713 714 714 715 715 716 716
466 466 466 466 466 466 466 466 466 466 466 466 466 466 466 466 466 466 466 466 466 466 466 466 466 466 466 466 466 466 466 466 466 466 466 466 466 466 466 466 466 466 514 514 514 514 514 514 517 521 524 527 529 532 534 537 539 541 543 545 547 548 550 552 553 555 556 697 699 700 701 702 703 705 706 707 707 708 709 710 711 712 712 713 714 714 715 715 716 716 717 717 717 718
466 466 466 466 466 466 466 466 466 466 466 466 466 466 466 466 466 466 466 466 466 466 466 466 466 466 466 466 466 466 466 466 466 466 466 466 466 466 466 466 466 514 514 514 514 514 514 518 521 524 527 530 533 535 538 540 542 544 546 548 549 551 553 554 556 557 558 560 561 702 703 705 706 707 708 709 710 710 711 712 713 714 714 715 716 716 717 717 718 718 719 719 719 720
466 466 466 466 466 466 466 466 466 466 466 466 466 466 466 466 466 466 466 466 466 466 466 466 466 466 466 466 466 466 466 466 466 466 466 466 466 466 466 514 514 514 514 514 514 515 518 522 525 528 531 533 536 538 540 543 545 547 548 550 552 554 555 557 558 559 561 562 563 564 706 707 708 709 710 711 712 712 713 714 715 716 716 717 717 718 719 719 720 720 721 721 721 722
466 466 466 466 466 466 466 466 466 466 466 466 466 466 466 466 466 466 466 466 466 466 466 466 466 466 466 466 466 466 466 466 466 466 466 466 466 466 514 514 514 514 514 514 515 519 522 526 529 531 534 537 539 541 543 545 547 549 551 553 554 556 557 559 560 562 563 564 565 567 568 709 710 711 712 713 714 714 715 716 717 717 718 719 719 720 720 721 721 722 722 723 723 723
466 466 466 466 466 466 466 466 466 466 466 466 466 466 466 466 466 466 466 466 466 466 466 466 466 466 466 466 466 466 466 466 466 535 466 466 466 514 514 514 514 514 514 515 519 523 526 529 532 535 537 539 542 544 546 548 550 552 553 555 557 558 560 561 563 564 565 566 568 569 570 571 712 713 714 715 716 716 717 718 719 719 720 721 721 722 722 723 723 724 724 725 725 725
466 466 466 466 466 466 466 466 466 466 466 466 466 466 466 466 466 466 466 466 466 535 535 535 535 535 535 535 535 535 535 535 535 535 535 535 535 583 583 583 583 583 585 589 592 595 529 532 535 538 540 542 544 547 549 551 552 554 556 557 559 561 562 563 565 566 567 569 570 571 572 573 574 715 716 717 717 718 719 720 721 721 722 722 723 724 724 725 725 726 726 726 727 727
466 466 466 466 466 466 466 466 466 466 466 466 466 466 466 466 535 535 535 535 535 535 535 535 535 535 535 535 535 535 535 535 535 535 535 535 583 583 583 583 583 585 589 592 596 599 602 604 607 609 612 545 547 549 551 553 555 557 558 560 561 563 564 566 567 568 569 571 572 573 574 575 576 577 578 719 719 720 721 722 722 723 724 724 725 725 726 726 727 727 728 728 728 729
466 466 466 466 466 466 466 466 466 466 466 466 466 535 535 535 535 535 535 535 535 535 535 535 535 535 535 535 535 535 535 535 535 535 535 583 583 583 583 583 585 589 593 596 599 602 605 607 610 612 614 617 619 621 554 555 557 559 560 562 563 565 566 568 569 570 571 573 574 575 576 577 578 579 580 580 721 722 723 723 724 725 725 726 727 727 728 728 729 729 729 730 730 730
466 466 466 466 466 466 466 466 466 535 535 535 535 535 535 535 535 535 535 535 535 535 535 535 535 535 535 535 535 535 535 535 535 535 583 583 583 583 583 585 589 593 596 599 602 605 608 610 613 615 617 619 621 623 625 627 628 630 563 564 566 567 568 570 571 572 573 575 576 577 578 579 580 581 581 582 583 724 725 725 726 727 727 728 728 729 729 730 730 731 731 732 732 732
466 466 466 466 466 466 466 535 535 535 535 535 535 535 535 535 535 535 535 535 535 535 535 535 535 535 535 535 535 535 535 535 535 583 583 583 583 583 585 589 593 596 599 602 605 608 611 613 615 618 620 622 624 625 627 629 631 632 634 635 568 569 570 572 573 574 575 576 578 579 580 581 581 582 583 584 585 586 726 727 728 728 729 730 730 731 731 732 732 732 733 733 734 734
466 466 466 466 535 535 535 535 535 535 535 535 535 535 535 535 535 535 535 535 535 535 535 535 535 535 535 535 535 535 535 535 583 583 583 583 583 585 589 593 596 600 603 606 608 611 613 616 618 620 622 624 626 628 629 631 633 634 636 637 639 640 641 574 575 576 577 578 579 580 581 582 583 584 585 586 587 587 588 589 729 730 731 731 732 732 733 733 734 734 734 735 735 735
466 466 535 535 535 535 535 535 535 535 535 535 535 535 535 535 535 535 535 535 535 535 535 535 535 535 535 535 535 535 535 583 583 583 583 583 585 589 593 596 600 603 606 608 611 614 616 618 620 622 624 626 628 630 632 633 635 636 638 639 641 642 643 645 646 578 579 580 581 582 583 584 585 586 587 588 588 589 590 590 591 732 732 733 733 734 734 735 735 736 736 736 737 737
535 535 535 535 535 535 535 535 535 535 535 535 535 535 535 535 535 535 535 535 535 535 535 535 535 535 535 535 535 535 583 583 583 583 583 585 589 593 596 600 603 606 609 611 614 616 618 621 623 625 627 629 630 632 634 635 637 638 640 641 643 644 645 646 648 649 650 582 583 584 585 586 587 588 588 589 590 591 591 592 593 593 734 734 735 736 736 736 737 737 738 738 738 739
535 535 535 535 535 535 535 535 535 535 535 535 535 535 535 535 535 535 535 535 535 535 535 535 535 535 535 535 535 583 583 583 583 583 584 589 593 596 600 603 606 609 611 614 616 619 621 623 625 627 629 631 633 634 636 637 639 640 642 643 645 646 647 648 649 651 652 653 654 586 587 588 588 589 590 591 592 592 593 594 594 595 596 596 737 737 738 738 738 739 739 740 740 740
535 535 535 535 535 535 535 535 535 535 535 535 535 535 535 535 535 535 535 535 535 535 535 535 535 535 535 535 583 583 583 583 583 584 588 592 596 599 603 606 609 611 614 616 619 621 623 625 627 629 631 633 635 636 638 639 641 642 644 645 646 648 649 650 651 652 653 654 655 656 657 589 590 591 592 593 593 594 595 595 596 597 597 598 598 739 739 740 740 740 741 741 741 742
535 535 535 535 535 535 535 535 535 535 535 535 535 535 535 535 535 535 535 535 535 535 535 535 535 535 535 535 583 583 583 583 583 588 592 596 599 603 606 609 611 614 617 619 621 623 626 628 630 631 633 635 637 638 640 641 643 644 646 647 648 650 651 652 653 654 655 656 657 658 659 660 661 593 593 594 595 596 596 597 598 598 599 599 600 600 741 741 742 742 742 743 743 743
535 535 535 535 535 535 535 535 535 535 535 535 535 535 535 535 535 535 535 535 535 535 535 535 535 535 535 583 583 583 583 583 587 592 595 599 602 606 609 611 614 617 619 621 624 626 628 630 632 634 635 637 639 640 642 643 645 646 648 649 650 651 653 654 655 656 657 658 659 660 661 662 662 663 664 596 596 597 598 598 599 600 600 601 601 602 602 603 743 743 744 744 744 745
535 535 535 535 535 535 535 535 535 535 535 535 535 535 535 535 535 535 535 535 535 535 535 535 535 535 583 583 583 583 583 587 591 595 599 602 605 608 611 614 617 619 621 624 626 628 630 632 634 636 637 639 641 642 644 645 647 648 649 651 652 653 654 655 656 658 659 660 661 661 662 663 664 665 666 666 667 599 599 600 601 601 602 602 603 603 604 604 605 745 745 746 746 746
535 535 535 535 535 535 535 535 535 535 535 535 535 535 535 535 535 535 535 535 535 535 535 535 535 583 583 583 583 583 586 591 595 598 602 605 608 611 614 617 619 621 624 626 628 630 632 634 636 638 639 641 643 644 646 647 648 650 651 652 654 655 656 657 658 659 660 661 662 663 664 665 666 666 667 668 669 669 601 602 602 603 603 604 604 605 605 606 606 606 747 747 747 748
535 535 535 535 535 535 535 535 535 535 535 535 535 535 535 535 535 535 535 535 535 535 535 535 583 583 583 583 583 585 590 594 598 602 605 608 611 614 616 619 621 624 626 628 630 632 634 636 638 640 641 643 644 646 647 649 650 652 653 654 655 657 658 659 660 661 662 663 664 665 666 666 667 668 669 669 670 671 671 672 604 604 605 605 606 606 607 607 607 608 608 609 749 749
535 535 535 535 535 535 535 535 535 535 535 535 535 535 535 535 535 535 535 535 535 535 536 536 584 584 585 585 587 591 596 599 603 606 610 613 616 618 621 623 626 627 629 631 633 634 636 638 640 642 643 645 646 648 649 651 652 653 655 656 657 658 659 660 661 662 663 664 665 666 667 668 669 669 670 671 672 672 673 674 674 606 606 607 607 608 608 609 609 609 610 610 610 751
535 535 535 535 535 535 535 535 535 535 535 535 535 535 535 535 535 536 536 537 537 537 538 586 586 587 587 588 593 597 601 606 609 612 615 618 620 623 625 628 630 632 633 635 637 638 640 642 643 644 645 647 648 650 651 652 654 655 656 657 659 660 661 662 663 664 665 666 667 668 669 669 670 671 672 672 673 674 674 675 676 676 677 608 609 609 610 610 610 611 611 611 612 612
535 535 535 535 535 535 535 535 535 535 535 535 535 535 536 537 537 538 538 539 539 540 588 588 588 589 589 594 598 602 607 611 614 617 620 623 626 627 630 632 634 636 637 640 641 643 644 646 647 648 649 650 651 651 653 654 655 657 658 659 660 661 663 664 665 666 667 667 668 669 670 671 672 672 673 674 675 675 676 676 677 678 678 679 610 611 611 611 612 612 612 613 613 613
535 535 535 535 535 535 535 535 535 535 536 536 537 538 538 539 539 540 540 541 541 590 590 590 591 591 595 599 604 607 612 615 619 622 625 627 630 631 634 636 638 640 643 644 645 647 648 650 650 652 653 654 655 656 656 657 658 658 660 661 662 663 664 665 666 667 668 669 670 671 672 672 673 674 675 675 676 677 677 678 678 679 679 680 680 612 612 613 613 613 614 614 614 615
535 535 535 535 535 535 535 535 536 537 538 539 539 540 540 541 541 542 542 543 543 592 592 592 593 596 601 605 609 613 617 620 623 626 629 632 634 636 638 640 642 645 647 647 649 651 652 654 654 656 656 658 658 660 660 661 662 662 662 662 663 665 666 667 668 669 670 670 671 672 673 674 675 675 676 677 677 678 679 679 680 680 681 681 682 682 683 614 614 615 615 615 616 616
535 535 535 535 535 536 537 538 538 539 540 541 541 542 542 543 544 544 544 545 593 594 594 594 596 602 606 610 614 617 621 625 628 631 633 636 637 640 642 644 646 649 649 651 653 655 656 657 658 660 661 662 662 663 664 665 665 666 666 667 667 667 667 668 669 670 671 672 673 674 674 675 676 677 677 678 679 679 680 681 681 682 682 683 683 684 684 684 616 616 616 617 617 617
