testData/tiles/oneDegreeCosts/grid3.0-40.0-4.0-41.0.asc
ncols   200
nrows   200
xllcorner   3.0
yllcorner   40.0
cellsize   0.005
NODATA_value   -9999.0
[rows 78 to 116 of 200, columns 0 to 86 of 200]
569 570 572 574 575 577 578 580 581 584 585 592 594 595 597 598 599 600 602 603 605 606 607 609 610 613 899 902 903 906 907 907 910 911 914 915 917 919 921 922 924 926 927 930 931 932 935 936 938 941 943 944 947 948 949 952 954 955 957 960 961 962 964 965 968 968 970 972 973 975 977 978 980 982 983 983 986 986 989 990 992 992 993 994 996 998 998
571 572 574 575 577 578 580 582 583 585 586 593 594 596 597 599 600 602 603 604 605 607 608 610 612 898 900 902 904 906 908 910 911 913 915 917 919 920 923 924 925 928 928 930 932 934 935 938 940 941 945 945 947 950 951 953 954 957 958 961 962 963 966 967 969 970 972 973 974 977 978 980 981 982 985 986 987 989 990 991 994 993 995 996 997 998 999
571 573 574 576 578 579 581 582 585 586 593 594 596 597 599 600 602 603 605 606 608 609 610 611 899 900 902 904 905 908 909 912 913 914 917 918 921 922 923 925 926 928 930 932 933 936 937 939 942 942 944 947 949 950 953 954 955 958 960 962 963 965 967 969 970 971 974 976 976 978 979 981 983 984 985 987 988 990 992 993 993 994 996 997 999 1000 1000
573 574 576 578 579 581 582 584 585 587 594 595 597 598 600 601 603 604 606 607 608 610 611 613 900 901 903 905 906 908 910 912 914 916 917 919 921 923 925 926 929 930 931 934 935 937 939 940 941 944 946 947 950 952 953 955 957 959 961 963 964 967 968 969 972 973 975 976 978 980 980 982 983 985 987 989 990 992 992 995 995 996 998 998 1000 1001 1003
574 575 577 578 580 581 583 585 587 589 595 597 598 600 601 603 604 606 607 609 610 612 613 899 902 903 906 907 908 910 911 914 915 918 919 920 923 924 926 928 930 932 933 934 936 938 939 942 943 944 947 949 951 952 955 956 959 960 962 964 965 967 970 971 972 974 977 977 980 981 982 985 985 986 988 990 991 994 994 994 996 997 999 1000 1002 1002 1004
574 577 578 580 582 583 585 586 588 589 596 597 599 600 602 603 605 606 608 609 611 613 900 901 903 905 907 909 910 913 913 915 917 919 921 923 924 925 927 928 931 932 934 936 937 939 941 943 944 947 948 949 952 953 956 957 960 962 962 964 967 969 970 972 974 975 978 978 981 983 984 985 987 989 989 992 992 994 994 996 997 999 1000 1001 1003 1004 1006
576 577 579 581 582 584 585 587 588 591 597 599 600 602 603 605 606 608 609 611 612 614 900 902 904 906 908 909 912 913 915 917 918 920 921 924 925 926 929 930 932 934 936 937 939 941 942 945 945 947 949 950 953 954 957 959 961 962 964 966 967 971 971 973 975 977 978 980 982 983 986 987 989 990 991 993 994 995 995 998 998 999 1002 1003 1004 1005 1007
576 578 581 582 584 585 587 588 590 591 598 599 601 603 604 605 607 608 610 612 614 900 902 903 906 907 909 911 913 915 916 919 920 922 924 925 926 928 930 932 934 935 938 939 940 942 943 945 946 949 950 952 954 956 958 959 962 963 965 968 969 971 972 975 977 979 979 980 984 985 986 988 990 991 993 995 995 997 997 999 1000 1001 1002 1004 1005 1007 1009
578 580 581 583 584 586 587 589 590 592 600 601 603 604 606 607 609 610 611 613 899 901 902 904 906 908 910 911 914 915 918 919 920 923 924 927 928 930 931 932 934 936 938 939 942 943 944 947 948 950 952 954 955 955 959 960 963 965 967 969 969 972 974 976 977 980 981 982 985 985 988 989 992 992 994 996 996 998 999 1001 1000 1004 1004 1005 1007 1008 1009
579 580 582 583 586 587 589 591 592 594 600 602 603 605 606 608 609 611 612 899 901 902 904 906 908 909 912 913 915 917 919 921 922 924 926 928 930 932 933 935 936 937 940 941 943 945 946 948 950 952 952 954 956 958 960 962 964 966 968 969 972 973 974 978 979 980 982 984 986 987 989 990 991 994 996 996 997 999 1000 1003 1003 1004 1005 1006 1007 1010 1011
580 582 583 585 586 588 590 591 593 599 601 602 605 606 608 609 611 612 614 900 901 903 904 907 908 910 912 914 916 917 920 921 923 925 927 930 931 933 935 936 938 939 940 941 944 945 947 949 950 952 954 956 957 959 961 963 965 966 969 970 972 975 976 978 979 981 983 986 987 987 991 992 993 994 996 996 998 1001 1001 1003 1004 1006 1007 1009 1009 1010 1012
581 582 584 585 587 589 591 593 594 601 602 604 605 607 608 610 611 613 899 901 903 904 906 908 910 911 914 915 917 919 921 923 925 926 928 930 932 934 935 938 939 940 943 944 946 947 949 950 952 954 955 957 959 961 962 963 966 967 969 972 974 975 978 979 980 983 984 986 988 990 991 993 994 995 997 998 1000 1001 1002 1005 1005 1008 1008 1010 1011 1012 1013
581 583 585 587 589 590 592 593 595 601 603 604 606 607 610 611 613 899 901 902 904 905 906 909 910 913 914 916 918 919 922 924 927 928 929 932 933 935 937 939 940 942 944 945 948 949 951 952 953 955 956 958 959 961 963 965 966 968 971 972 975 975 978 980 981 983 986 987 988 991 992 994 994 996 998 998 1002 1003 1003 1006 1006 1008 1011 1012 1012 1014 1015
583 584 586 587 589 591 592 594 595 603 604 606 607 609 610 612 613 900 901 903 904 905 908 910 912 914 916 917 919 921 923 925 927 928 930 932 933 936 937 940 941 943 945 946 948 950 952 953 955 956 957 959 961 963 964 966 968 969 972 972 975 977 979 980 983 985 985 988 990 992 994 994 995 996 1000 1000 1002 1004 1005 1007 1008 1010 1011 1013 1014 1015 1017
583 585 586 588 590 592 594 595 597 603 605 606 608 609 611 612 900 901 903 904 905 907 908 911 912 915 916 917 920 921 924 926 928 930 932 934 935 937 939 941 942 945 946 947 950 951 953 955 957 958 959 961 962 964 966 968 968 969 972 974 976 977 981 982 984 985 987 989 991 993 993 996 997 998 1000 1001 1003 1005 1007 1008 1008 1011 1012 1014 1016 1017 1018
584 586 588 589 591 593 594 596 597 604 605 608 609 611 612 899 900 902 903 904 906 907 909 912 914 916 918 920 921 923 925 927 929 930 933 934 935 938 939 941 943 945 946 948 950 951 954 955 957 959 960 962 963 965 966 968 970 972 973 974 978 979 981 983 985 986 988 990 991 995 994 996 998 999 1001 1002 1005 1006 1007 1009 1010 1012 1014 1015 1016 1018 1019
586 588 588 590 591 593 595 597 599 605 607 608 610 611 613 899 901 902 904 906 907 909 910 913 914 917 918 920 922 923 926 927 930 932 934 935 937 939 941 943 944 947 948 950 952 953 955 956 959 960 962 964 965 967 968 970 971 973 974 976 978 979 981 983 986 987 988 992 993 993 995 997 999 1001 1002 1003 1005 1006 1009 1010 1012 1013 1014 1016 1018 1019 1021
587 588 590 591 594 594 596 598 599 606 607 609 610 612 899 901 902 903 905 906 908 909 911 913 915 918 919 922 923 925 927 928 931 932 934 936 938 940 941 943 945 947 948 952 953 954 957 958 960 961 964 965 966 969 970 972 972 974 975 976 978 980 983 984 986 989 991 992 992 994 996 999 1000 1001 1002 1005 1007 1007 1010 1011 1012 1014 1016 1017 1019 1020 1021
587 590 591 593 594 596 597 599 599 606 608 610 611 898 899 901 902 904 905 907 909 911 912 915 916 918 920 922 924 926 927 929 931 934 936 937 940 941 942 945 946 948 950 952 953 955 957 958 961 962 964 965 967 969 970 973 974 976 977 979 980 981 983 985 988 989 991 991 993 996 997 999 1000 1003 1004 1005 1008 1008 1010 1013 1014 1015 1017 1018 1019 1021 1023
589 590 592 593 595 596 598 600 602 608 609 610 612 898 900 901 903 905 907 908 910 911 914 915 916 919 920 924 925 927 929 930 933 934 936 938 940 941 943 945 946 949 951 953 955 956 958 960 962 963 966 967 969 970 972 974 975 977 979 981 982 982 984 985 988 989 991 993 994 996 998 1000 1001 1003 1005 1007 1007 1010 1012 1013 1015 1016 1018 1020 1021 1022 1024
589 591 592 594 596 598 599 601 602 609 610 612 898 900 901 903 904 906 907 909 910 911 914 916 918 920 922 924 925 928 929 931 933 934 937 939 941 943 944 946 948 950 951 954 955 957 959 960 962 964 966 967 969 971 972 974 976 978 979 981 983 984 986 986 987 990 992 993 996 997 998 1001 1002 1004 1005 1009 1009 1010 1013 1014 1015 1018 1020 1020 1022 1023 1024
589 591 594 595 597 598 600 601 608 609 612 898 900 901 903 903 905 906 908 910 911 913 915 917 918 921 922 924 926 928 931 932 934 936 938 939 942 943 945 947 948 950 952 955 956 959 960 961 964 965 967 969 971 972 973 976 977 979 980 983 984 986 987 988 990 990 993 994 996 998 999 1001 1002 1006 1007 1008 1010 1011 1013 1015 1017 1018 1021 1021 1022 1024 1026
591 592 594 595 597 599 600 602 609 611 612 899 900 902 903 904 907 908 909 910 912 913 916 917 918 921 923 926 927 929 931 933 935 936 938 940 942 944 947 948 949 952 953 955 957 959 960 962 964 965 968 969 971 972 975 976 978 980 982 984 985 986 987 988 990 991 993 995 997 998 1000 1003 1004 1006 1007 1009 1010 1013 1015 1015 1018 1019 1020 1023 1025 1025 1026
591 593 594 596 597 600 601 603 609 611 897 899 900 902 904 906 907 909 910 912 912 914 916 918 921 922 924 926 927 930 931 934 936 937 940 941 943 945 947 948 950 952 953 956 958 960 962 964 965 967 969 970 972 974 976 977 979 981 982 984 986 987 988 989 991 993 995 996 998 999 1001 1004 1004 1006 1007 1011 1012 1014 1015 1016 1018 1021 1022 1023 1026 1026 1027
592 593 595 597 599 600 602 603 610 611 898 900 902 903 905 906 908 909 911 912 914 916 918 919 921 923 924 926 928 931 933 935 936 938 940 941 944 945 947 950 951 953 955 957 958 961 962 964 966 967 969 971 973 974 977 979 980 982 983 986 986 988 989 991 993 994 996 997 1000 1001 1002 1003 1004 1008 1009 1011 1013 1014 1015 1018 1020 1021 1023 1024 1026 1026 1029
592 594 596 598 599 601 602 604 610 898 899 901 902 904 905 907 908 910 912 913 915 916 919 920 922 923 925 928 929 931 933 935 937 938 940 943 945 946 949 950 952 954 955 957 959 961 963 966 967 968 971 972 974 975 978 979 980 982 984 985 986 988 990 992 993 994 996 998 1000 1001 1004 1005 1006 1008 1010 1012 1012 1016 1017 1018 1021 1021 1023 1025 1028 1028 1030
593 595 596 598 599 601 602 605 896 898 899 901 902 904 905 908 909 911 912 914 915 917 919 921 924 925 927 928 929 932 933 936 938 940 942 943 945 947 949 950 953 954 956 959 960 962 964 966 967 969 971 972 974 976 979 980 982 984 984 986 987 990 991 993 994 996 998 999 1001 1002 1005 1006 1008 1009 1009 1013 1014 1016 1018 1020 1021 1022 1025 1026 1028 1029 1031
594 595 597 598 600 602 604 605 897 898 900 901 903 905 907 908 910 911 913 914 915 918 920 922 924 926 927 929 931 933 934 937 938 941 942 943 946 947 950 952 954 955 957 959 960 963 964 966 969 970 972 973 976 977 979 980 982 983 984 986 988 990 991 993 995 996 998 999 1001 1003 1005 1006 1007 1010 1012 1013 1015 1017 1018 1021 1022 1023 1026 1027 1028 1029 1032
594 595 597 598 601 603 604 891 897 899 900 903 904 906 907 908 910 911 913 915 917 918 921 922 924 926 928 931 932 934 936 937 939 941 942 945 947 948 951 952 954 956 957 959 962 964 965 968 969 971 972 974 976 977 979 980 983 984 985 988 989 991 992 995 996 997 999 1001 1003 1004 1006 1007 1010 1011 1013 1015 1016 1018 1019 1021 1023 1024 1026 1027 1029 1031 1033
594 596 598 600 601 603 604 891 897 900 901 903 904 906 907 909 910 913 914 916 917 918 921 922 926 927 929 931 932 935 936 938 941 942 944 945 947 949 951 952 955 957 959 961 962 964 965 968 969 971 973 975 977 978 980 981 983 984 986 988 989 991 993 995 996 999 1001 1002 1004 1005 1007 1009 1011 1012 1013 1015 1016 1019 1020 1022 1023 1025 1027 1028 1030 1032 1034
594 597 598 600 602 603 890 891 899 900 902 903 905 906 908 910 911 913 914 916 917 919 921 923 926 927 930 931 933 935 937 940 941 943 945 945 947 949 952 953 956 957 959 961 962 964 966 969 970 973 974 975 976 978 980 981 983 985 987 989 990 993 994 996 997 1000 1001 1002 1004 1005 1008 1009 1011 1012 1013 1016 1018 1020 1021 1024 1024 1025 1027 1029 1031 1032 1035
596 597 599 600 602 888 890 892 899 900 902 903 905 906 909 910 912 913 915 916 917 920 922 924 926 928 930 931 934 936 938 940 941 944 945 947 950 950 952 954 956 957 960 961 963 966 967 969 971 973 974 974 977 979 981 982 985 986 988 989 991 993 994 996 998 1000 1002 1003 1005 1007 1009 1010 1012 1013 1015 1017 1018 1021 1022 1024 1026 1027 1028 1029 1032 1033 1035
596 597 599 601 602 890 891 893 899 901 902 904 906 908 909 910 912 913 915 917 919 920 923 924 926 928 930 933 934 936 938 940 942 944 946 949 950 951 954 954 956 958 961 962 964 966 967 969 971 973 974 976 978 979 981 983 985 986 988 990 992 994 995 998 999 1001 1002 1003 1006 1007 1009 1010 1012 1014 1015 1017 1018 1020 1022 1025 1026 1028 1030 1030 1032 1034 1036
596 598 599 601 888 890 891 893 899 901 902 905 906 908 909 911 912 914 916 917 919 920 923 924 927 929 931 933 935 937 938 940 943 945 946 949 950 952 954 955 959 959 961 962 964 966 967 970 971 973 975 977 978 979 982 983 986 987 990 991 992 994 996 998 999 1001 1002 1005 1007 1008 1010 1011 1014 1015 1017 1018 1019 1022 1023 1026 1027 1029 1030 1032 1034 1034 1037
596 598 599 602 889 890 892 893 900 901 904 905 907 908 909 911 912 915 916 918 919 921 923 924 928 929 932 933 935 937 938 942 943 945 947 949 950 952 955 956 959 960 962 963 964 966 968 970 971 973 975 977 978 980 983 984 986 988 990 991 992 995 996 999 1000 1002 1004 1005 1007 1008 1010 1012 1014 1015 1017 1018 1020 1022 1024 1026 1026 1029 1030 1032 1035 1036 1037
597 598 601 887 889 890 892 893 900 902 904 905 907 908 910 911 914 915 916 918 919 921 923 926 928 929 932 933 936 937 939 942 943 945 947 949 951 953 955 957 959 960 963 964 966 966 968 970 971 974 975 978 979 981 983 984 987 988 990 991 994 996 997 999 1000 1003 1004 1006 1007 1009 1012 1013 1015 1016 1018 1020 1021 1023 1024 1026 1027 1030 1032 1033 1035 1037 1039
597 598 601 887 889 890 892 893 901 902 904 905 907 908 910 912 914 915 917 918 920 922 924 926 928 930 932 933 937 938 940 942 943 946 947 950 952 953 955 957 959 960 964 964 966 968 968 970 972 974 976 978 980 981 983 984 987 989 991 992 994 996 997 999 1001 1003 1005 1007 1008 1010 1012 1013 1015 1016 1019 1020 1021 1024 1025 1027 1029 1031 1032 1034 1036 1037 1040
597 600 886 888 889 891 892 895 901 903 904 906 907 909 911 912 914 915 917 918 920 923 925 926 928 930 932 935 937 938 940 942 943 946 948 951 952 953 956 957 959 962 963 964 967 968 969 971 973 975 976 979 980 981 983 986 988 989 991 993 995 996 997 1001 1002 1004 1005 1007 1009 1010 1012 1013 1016 1018 1020 1021 1022 1024 1025 1028 1029 1031 1032 1034 1036 1037 1092
598 600 886 888 889 891 892 895 901 903 904 906 907 910 911 913 914 916 917 918 921 923 925 926 929 930 933 935 937 939 940 942 944 947 948 951 952 954 956 957 959 961 963 964 967 968 969 973 974 975 976 979 980 981 985 986 988 989 992 993 995 997 998 1001 1002 1004 1005 1008 1009 1011 1013 1014 1017 1018 1020 1021 1022 1024 1026 1029 1030 1032 1033 1035 1036 1090 1093
