testData/tiles/oneDegreeCosts/grid35.0-8.0-36.0-9.0.asc
ncols   200
nrows   200
xllcorner   35.0
yllcorner   8.0
cellsize   0.005
NODATA_value   -9999.0
[rows 0 to 42 of 200, columns 95 to 189 of 200]
110 110 110 110 110 110 110 110 110 110 110 110 110 142 141 141 141 141 141 140 140 139 139 139 138 138 138 138 138 136 136 136 136 135 135 135 134 133 133 133 133 131 131 131 131 129 129 129 129 127 127 127 126 126 126 126 126 126 126 148 147 147 145 145 144 143 142 140 139 139 137 136 135 132 130 128 127 127 126 126 149 148 148 147 147 146 146 145 145 145 144 208 207 208 208
110 110 110 110 110 110 110 110 110 110 110 110 110 110 110 110 110 141 141 140 140 140 140 139 138 138 138 138 138 137 137 136 136 135 135 135 135 133 133 133 133 131 131 131 131 130 129 129 128 127 127 127 126 126 126 126 126 126 148 148 147 147 145 145 144 143 142 141 140 139 137 136 135 133 131 127 127 127 126 126 148 148 148 147 147 146 146 145 145 145 144 208 207 208 208
110 110 110 110 110 110 110 110 110 110 110 110 110 110 110 110 110 110 110 110 110 140 140 140 138 138 138 138 138 137 137 137 136 135 135 135 135 133 133 133 133 132 131 131 131 130 129 129 128 128 127 127 126 126 126 126 126 150 149 148 148 146 146 145 144 143 143 141 140 139 138 137 136 133 132 129 127 127 126 126 148 148 148 147 147 146 146 145 145 144 144 144 207 208 208
110 110 110 110 110 110 110 110 110 110 110 110 110 110 110 110 110 110 110 110 110 110 110 110 110 138 138 138 137 137 137 137 137 135 135 135 135 134 133 133 133 132 132 131 131 130 130 129 128 128 128 127 126 126 126 126 151 150 149 148 148 146 146 145 144 143 143 141 141 140 138 137 136 134 133 129 127 127 126 126 148 148 148 147 147 146 146 145 145 144 144 143 207 208 208
110 110 110 110 110 110 110 110 110 110 110 110 110 110 110 110 110 110 110 110 110 110 110 110 110 110 110 110 110 110 137 137 137 136 135 135 135 134 134 133 133 132 132 132 131 130 130 130 128 128 128 127 126 126 126 151 151 150 149 149 148 147 146 146 144 144 143 141 141 140 138 138 137 135 133 130 127 127 126 126 148 148 148 147 147 146 146 145 145 144 144 143 143 207 208
110 110 110 110 110 110 110 110 110 110 110 110 110 110 110 110 110 110 110 110 110 110 110 110 110 110 110 110 110 110 110 110 110 110 110 135 135 134 134 134 133 132 132 132 130 130 130 130 128 128 128 127 126 126 153 151 151 151 149 149 148 147 146 146 144 144 143 142 141 140 139 138 136 135 134 131 129 127 126 126 148 148 147 147 147 146 146 145 145 144 144 143 143 143 208
110 110 110 110 110 110 110 110 110 110 110 110 110 110 110 110 110 110 110 110 110 110 110 110 110 110 110 110 110 110 110 110 110 110 110 110 110 110 110 110 133 132 132 132 131 130 130 130 129 128 128 127 126 153 153 151 151 151 149 149 149 147 147 146 145 144 144 142 141 141 139 138 136 135 134 132 130 127 126 126 148 148 147 147 147 146 146 145 145 144 144 143 143 143 208
111 110 110 110 110 110 110 110 110 110 110 110 110 110 110 110 110 110 110 110 110 110 110 110 110 110 110 110 110 110 110 110 110 110 110 110 110 110 110 110 110 110 110 110 110 110 130 130 129 129 128 127 127 153 153 152 151 151 150 149 149 147 147 146 145 144 144 142 142 141 139 139 137 136 135 133 131 128 126 126 148 148 147 147 147 146 146 145 145 144 144 143 143 143 144
111 110 110 110 110 110 110 110 110 110 110 110 110 110 110 110 110 110 110 110 110 110 110 110 110 110 110 110 110 110 110 110 110 110 110 110 110 110 110 110 110 110 110 110 110 110 110 110 110 110 110 110 119 154 152 152 152 151 150 149 149 148 147 147 145 145 144 143 142 140 140 139 137 136 135 133 132 129 126 126 148 148 147 147 146 146 146 145 145 144 144 143 143 143 144
111 110 110 110 110 110 110 110 110 110 110 110 110 110 110 110 110 110 110 110 110 110 110 110 110 110 110 110 110 110 110 110 110 110 110 110 110 110 110 110 110 110 110 110 110 110 110 110 110 110 110 119 119 119 117 117 117 116 115 115 149 148 147 147 145 145 144 143 142 141 140 139 137 137 136 134 132 129 126 126 148 148 147 147 146 146 146 145 145 144 144 143 143 143 144
111 110 110 110 110 110 110 110 110 110 110 110 110 110 110 110 110 110 110 110 110 110 110 110 110 110 110 110 110 110 110 110 110 110 110 110 110 110 110 110 110 110 110 110 110 110 110 110 110 110 121 119 119 119 118 117 117 116 115 115 114 113 113 112 111 110 109 108 108 141 140 140 138 137 136 134 133 130 128 126 148 148 147 147 146 146 146 145 145 144 144 143 143 143 144
111 110 110 110 110 110 110 110 110 110 110 110 110 110 110 110 110 110 110 110 110 110 110 110 110 110 110 110 110 110 110 110 110 110 110 110 110 110 110 110 110 110 110 110 110 110 110 110 110 121 121 120 119 119 118 117 117 116 115 115 114 113 113 111 111 110 109 108 108 106 106 105 104 104 104 104 104 104 104 104 148 148 147 147 146 146 145 145 145 144 144 143 143 143 144
110 110 110 110 110 110 110 110 110 110 110 110 110 110 110 110 110 110 110 110 110 110 110 110 110 110 110 110 110 110 110 110 110 110 110 110 110 110 110 110 110 110 110 110 110 110 110 110 122 121 121 120 119 119 118 118 117 116 115 115 114 113 113 111 111 111 109 109 108 106 106 105 104 104 104 104 104 104 104 104 113 113 113 113 113 113 113 113 113 113 113 113 113 113 113
110 110 110 110 110 110 110 110 110 110 110 110 110 110 110 110 110 110 110 110 110 110 110 110 110 110 110 110 110 110 110 110 110 110 110 110 110 110 110 110 110 110 110 110 110 110 110 122 122 121 121 120 120 119 118 118 117 116 116 115 114 114 113 112 111 111 109 109 108 107 106 105 104 104 104 104 104 104 104 104 113 113 113 113 113 113 113 113 113 113 113 113 113 113 113
110 110 110 110 110 110 110 110 110 110 110 110 110 110 110 110 110 110 110 110 110 110 110 110 110 110 110 110 110 110 110 110 110 110 110 110 110 110 110 110 110 110 110 110 110 110 123 122 122 122 120 120 120 119 118 118 118 116 116 115 114 114 113 112 111 111 109 109 108 107 106 106 104 104 104 104 104 104 104 104 113 113 113 113 113 113 113 113 113 113 113 113 113 113 113
110 110 110 110 110 110 110 110 110 110 110 110 110 110 110 110 110 110 110 110 110 110 110 110 110 110 110 110 110 110 110 110 110 110 110 110 110 110 110 110 110 110 110 110 110 110 123 122 122 122 120 120 120 120 118 118 118 116 116 116 114 114 113 112 112 111 110 109 109 107 106 105 104 104 104 104 104 104 104 104 113 113 113 113 113 113 113 113 113 113 113 113 113 113 113
111 111 111 111 111 111 110 110 110 110 110 110 110 110 110 110 110 110 110 110 110 110 110 110 110 110 110 110 110 110 110 110 110 110 110 110 110 110 110 110 110 110 110 110 110 124 124 122 122 122 121 120 120 119 118 118 118 116 116 116 114 114 114 112 112 111 110 109 109 107 107 105 104 104 104 104 104 104 104 104 115 113 113 113 113 113 113 113 113 113 113 113 113 113 113
111 111 111 111 111 111 110 110 110 110 110 110 110 110 110 110 110 110 110 110 110 110 110 110 110 110 110 110 110 110 110 110 110 110 110 110 110 110 110 110 110 110 110 110 124 124 123 123 122 122 121 120 120 119 119 118 118 117 116 116 115 114 114 112 112 112 110 110 108 107 107 105 105 104 104 104 104 104 104 104 116 113 113 113 113 113 113 113 113 113 113 113 113 113 113
111 111 111 111 111 110 110 110 110 110 110 110 110 110 110 110 110 110 110 110 110 110 110 110 110 110 110 110 110 110 110 110 110 110 110 110 110 110 110 110 110 110 110 125 124 124 123 123 122 122 121 121 120 119 119 118 117 117 116 116 115 114 114 113 112 112 110 110 108 108 107 106 105 104 104 104 104 104 104 104 117 113 113 113 113 113 113 113 113 113 113 113 113 113 113
111 111 111 111 111 110 110 110 110 110 110 110 110 110 110 110 110 110 110 110 110 110 110 110 110 110 110 110 110 110 110 110 110 110 110 110 110 110 110 110 110 110 126 125 124 124 123 123 123 122 121 121 120 119 119 119 117 117 117 115 115 115 114 113 112 111 110 110 108 108 107 106 105 104 104 104 104 104 104 104 117 114 113 113 113 113 113 113 113 113 113 113 113 113 113
111 111 111 111 111 110 110 110 110 110 110 110 110 110 110 110 110 110 110 110 110 110 110 110 110 110 110 110 110 110 110 110 110 110 110 110 110 110 110 110 110 126 125 125 125 124 123 123 123 122 121 121 121 119 119 119 117 117 117 115 115 115 113 113 112 111 111 110 109 108 108 106 105 104 104 104 104 104 104 104 118 115 113 113 113 113 113 113 113 113 113 113 113 113 113
111 111 111 111 111 110 110 110 110 110 110 110 110 110 110 110 110 110 110 110 110 110 110 110 110 110 110 110 110 110 110 110 110 110 110 110 110 110 110 110 126 126 125 125 125 124 123 123 123 122 121 121 121 119 119 119 118 117 117 116 115 115 113 113 113 111 111 110 109 108 108 106 106 104 104 104 104 104 104 104 118 115 113 113 113 113 113 113 113 113 113 113 113 113 113
111 111 111 111 110 110 110 110 110 110 110 110 110 110 110 110 110 110 110 110 110 110 110 110 110 110 110 110 110 110 110 110 110 110 110 110 110 110 110 110 127 126 125 125 125 125 123 123 123 122 121 121 121 120 119 119 118 117 117 116 115 115 114 113 113 111 111 110 109 108 108 106 106 104 104 104 104 104 104 104 119 116 114 113 113 113 113 113 113 113 113 113 113 113 113
111 111 111 111 110 110 110 110 110 110 110 110 110 110 110 110 110 110 110 110 110 110 110 110 110 110 110 110 110 110 110 110 110 110 110 110 110 110 110 127 127 127 125 125 125 125 123 123 123 122 121 121 121 120 119 119 118 117 117 116 115 115 114 113 113 111 111 111 109 109 107 107 106 104 104 104 104 104 104 104 119 117 114 113 113 113 113 113 113 113 113 113 113 113 113
111 111 111 111 110 110 110 110 110 110 110 110 110 110 110 110 110 110 110 110 110 110 110 110 110 110 110 110 110 110 110 110 110 110 110 110 110 110 127 127 127 127 125 125 125 124 124 123 123 122 122 121 120 120 120 119 118 118 117 116 116 115 114 113 113 112 111 111 109 109 107 107 106 105 104 104 104 104 104 104 118 117 115 113 113 113 113 113 113 113 113 113 113 113 113
111 111 111 111 110 110 110 110 110 110 110 110 110 110 110 110 110 110 110 110 110 110 110 110 110 110 110 110 110 110 110 110 110 110 110 110 110 128 127 127 127 127 126 125 125 124 124 123 123 122 122 121 120 120 120 119 118 118 117 116 116 115 114 114 113 112 111 110 109 109 107 107 106 105 104 104 104 104 104 104 119 117 116 113 113 113 113 113 113 113 113 113 113 113 113
112 112 112 111 111 110 110 110 110 110 110 110 110 110 110 110 110 110 110 110 110 110 110 110 110 110 110 110 110 110 110 110 110 110 110 110 129 129 127 127 127 126 126 125 125 124 124 124 123 122 122 122 120 120 120 118 118 118 118 116 116 115 114 114 113 112 111 110 110 109 108 107 106 105 104 104 104 104 104 104 119 118 116 113 113 113 113 113 113 113 113 113 113 113 113
112 112 112 111 111 111 111 111 110 110 110 110 110 110 110 110 110 110 110 110 110 110 110 110 110 110 110 110 110 110 110 110 110 110 110 110 129 128 127 127 127 126 126 126 125 124 124 124 123 122 122 122 120 120 120 119 118 118 117 116 116 115 114 114 112 112 112 110 110 109 108 107 107 105 104 104 104 104 104 104 104 118 116 113 113 113 113 113 113 113 113 113 113 113 113
112 112 112 111 111 111 111 111 111 110 110 110 110 110 110 110 110 110 110 110 110 110 110 110 110 110 110 110 110 110 110 110 110 110 110 129 129 128 128 127 127 126 126 126 125 124 124 124 123 122 122 122 121 120 120 119 118 118 117 116 116 115 114 114 113 112 112 110 110 109 108 107 106 105 105 104 104 104 104 104 104 119 116 114 113 113 113 113 113 113 113 113 113 113 113
112 112 112 111 111 111 111 111 111 110 110 110 110 110 110 110 110 110 110 110 110 110 110 110 110 110 110 110 110 110 110 110 110 110 129 129 129 128 128 127 127 126 126 126 126 124 124 124 123 122 122 122 121 120 120 119 118 118 117 117 116 115 114 114 113 112 112 110 110 110 108 108 106 105 105 104 104 104 104 104 104 119 117 115 113 113 113 113 113 113 113 113 113 113 113
112 112 112 111 111 111 111 111 110 110 110 110 110 110 110 110 110 110 110 110 110 110 110 110 110 110 110 110 110 110 110 110 110 130 129 129 129 128 128 128 127 126 126 126 125 124 124 124 123 122 122 121 121 120 120 119 119 118 117 117 116 115 115 114 113 112 112 111 110 110 108 108 106 106 105 104 104 104 104 104 104 119 117 115 113 113 113 113 113 113 113 113 113 113 113
112 112 111 111 111 111 111 111 110 110 110 110 110 110 110 110 110 110 110 110 110 110 110 110 110 110 110 110 110 110 110 110 110 130 129 129 129 128 128 128 127 126 126 126 125 124 124 124 123 123 122 121 121 121 120 119 119 118 117 117 116 115 115 114 113 113 112 111 110 109 108 108 106 106 105 104 104 104 104 104 104 119 117 116 113 113 113 113 113 113 113 113 113 113 113
112 112 111 111 111 111 111 111 110 110 110 110 110 110 110 110 110 110 110 110 110 110 110 110 110 110 110 110 110 110 110 110 130 130 130 129 128 128 128 128 127 126 126 126 125 125 124 124 123 123 122 121 121 121 119 119 119 118 117 117 117 115 115 114 113 113 112 111 110 109 108 108 106 106 105 104 104 104 104 104 104 120 118 116 113 113 113 113 113 113 113 113 113 113 113
112 112 111 111 111 111 111 111 110 110 110 110 110 110 110 110 110 110 110 110 110 110 110 110 110 110 110 110 110 110 110 131 130 130 130 129 128 128 128 128 127 126 126 126 125 125 124 124 123 123 123 121 121 121 119 119 119 118 117 117 117 115 115 115 113 113 111 111 111 109 109 108 107 106 104 104 104 104 104 104 104 120 118 116 113 113 113 113 113 113 113 113 113 113 113
112 111 111 111 111 111 111 110 110 110 110 110 110 110 110 110 110 110 110 110 110 110 110 110 110 110 110 110 110 110 131 131 130 130 130 130 128 128 128 128 127 127 126 126 125 125 125 123 123 123 123 121 121 121 120 119 119 118 117 117 116 115 115 114 113 113 111 111 111 109 109 108 107 106 105 104 104 104 104 104 104 120 118 117 114 113 113 113 113 113 113 113 113 113 113
112 111 111 111 111 111 111 110 110 110 110 110 110 110 110 110 110 110 110 110 110 110 110 110 110 110 110 110 110 110 131 131 130 130 130 130 128 128 128 128 127 127 126 126 125 125 125 123 123 123 123 121 121 121 120 119 119 118 117 117 116 115 115 114 113 113 112 111 111 109 109 108 107 106 105 104 104 104 104 104 104 119 118 117 114 113 113 113 113 113 113 113 113 113 113
112 111 111 111 111 111 111 110 110 110 110 110 110 110 110 110 110 110 110 110 110 110 110 110 110 110 110 110 110 132 131 131 130 130 130 130 129 128 128 128 127 127 126 125 125 125 125 123 123 123 122 122 121 121 120 119 119 118 118 117 116 116 115 114 113 113 112 111 111 109 109 107 107 106 105 104 104 104 104 104 104 120 119 117 115 113 113 113 113 113 113 113 113 113 113
112 111 111 111 111 111 111 110 110 110 110 110 110 110 110 110 110 110 110 110 110 110 110 110 110 110 110 110 132 132 131 130 130 130 130 130 129 128 128 127 127 127 127 125 125 125 125 124 123 123 122 122 121 121 120 120 119 118 118 117 116 116 115 114 114 113 112 111 111 110 109 108 107 107 105 104 104 104 104 104 104 120 119 117 115 113 113 113 113 113 113 113 113 113 113
111 111 111 111 111 111 110 110 110 110 110 110 110 110 110 110 110 110 110 110 110 110 110 110 110 110 110 132 132 132 132 130 130 130 130 129 129 129 128 127 127 127 127 125 125 125 125 124 123 123 122 122 121 120 120 120 119 118 118 117 116 116 115 114 114 113 112 111 110 110 109 108 107 107 105 104 104 104 104 104 104 120 119 117 115 113 113 113 113 113 113 113 113 113 113
112 111 111 111 111 111 110 110 110 110 110 110 110 110 110 110 110 110 110 110 110 110 110 110 110 110 110 132 132 132 132 130 130 130 130 129 129 129 128 127 127 127 127 126 125 125 125 124 123 123 122 122 122 120 120 120 119 118 118 118 116 116 116 114 114 112 112 112 110 110 109 108 107 107 105 105 104 104 104 104 104 120 119 117 116 113 113 113 113 113 113 113 113 113 113
112 112 112 112 112 111 110 110 110 110 110 110 110 110 110 110 110 110 110 110 110 110 110 110 110 110 132 132 132 132 132 131 130 130 130 129 129 129 128 127 127 127 127 126 125 125 124 124 124 123 122 122 122 120 120 120 118 118 118 117 116 116 115 114 114 112 112 112 110 110 109 108 107 106 105 105 104 104 104 104 104 120 119 117 116 113 113 113 113 113 113 113 113 113 113
112 112 112 112 112 112 111 110 110 110 110 110 110 110 110 110 110 110 110 110 110 110 110 110 110 133 132 132 132 132 132 131 130 130 130 129 129 129 129 127 127 127 127 126 125 125 124 124 124 123 122 122 122 120 120 120 119 118 118 117 116 116 115 114 114 113 112 112 110 110 109 108 107 106 105 105 104 104 104 104 104 104 120 117 116 114 113 113 113 113 113 113 113 113 113
112 112 112 112 112 111 111 111 111 110 110 110 110 110 110 110 110 110 110 110 110 110 110 110 133 133 132 132 132 132 131 131 131 130 130 129 129 129 129 127 127 127 126 126 126 125 124 124 124 122 122 122 122 120 120 120 119 118 118 117 116 116 115 114 114 113 112 112 110 110 109 108 108 106 106 105 104 104 104 104 104 104 120 118 116 114 113 113 113 113 113 113 113 113 113
