testData/tiles/oneDegreeCosts/grid32.0-40.0-33.0-41.0.asc
ncols   200
nrows   200
xllcorner   32.0
yllcorner   40.0
cellsize   0.005
NODATA_value   -9999.0
[rows 84 to 125 of 200, columns 94 to 187 of 200]
511 511 510 509 508 507 506 505 503 501 501 498 499 496 495 493 491 489 487 484 483 480 478 467 465 461 460 456 453 450 446 443 439 438 433 430 425 423 418 414 410 410 408 407 406 405 404 404 403 402 401 400 399 398 397 396 395 394 394 393 392 220 219 218 217 217 217 217 217 217 217 217 217 217 217 217 218 218 218 218 218 218 218 218 218 218 218 218 218 218 218 218 218 218
514 512 513 511 510 509 508 506 505 504 502 500 500 498 497 494 493 491 489 487 485 482 480 469 466 464 461 458 456 452 449 445 443 439 435 433 428 424 420 416 412 411 409 408 407 407 406 405 404 403 402 402 401 400 399 398 397 396 395 394 393 221 220 219 218 217 217 217 217 217 217 217 217 217 217 217 217 218 218 218 218 218 218 218 218 218 218 218 218 218 218 218 218 218
516 515 514 513 512 511 509 509 507 506 504 503 501 500 499 496 495 493 491 489 486 484 482 471 469 466 463 460 458 454 451 448 445 440 439 435 430 426 422 418 413 412 410 410 409 408 407 406 406 405 404 403 402 401 400 399 398 398 397 396 395 223 222 221 220 219 218 217 217 217 217 217 217 217 217 217 217 217 217 218 218 218 218 218 218 218 218 218 218 218 218 218 218 218
517 517 516 515 514 513 512 511 509 508 506 505 503 502 501 498 497 494 493 490 488 486 484 472 471 467 465 462 459 456 454 450 446 443 440 436 433 429 424 420 415 414 412 411 410 409 409 408 407 406 405 404 404 403 402 401 400 399 398 397 396 395 223 222 221 220 219 218 217 217 217 217 217 217 217 217 217 217 217 217 218 218 218 218 218 218 218 218 218 218 218 218 218 218
519 518 518 517 516 515 514 512 511 510 508 507 505 505 502 501 499 496 495 492 491 488 485 475 473 469 468 464 461 458 455 451 449 445 442 438 436 431 426 422 418 415 413 412 412 411 410 409 408 407 407 406 405 404 403 402 401 400 400 399 398 397 225 224 223 222 221 220 219 218 217 217 217 217 217 217 217 217 217 217 217 217 218 218 218 218 218 218 218 218 218 218 218 218
521 521 519 519 517 516 515 514 513 512 510 509 507 506 504 502 500 499 497 494 493 489 487 477 474 472 469 466 464 460 457 454 451 447 443 440 437 433 428 425 420 416 414 414 413 412 411 410 410 409 408 407 406 405 405 404 403 402 401 400 399 398 226 225 224 223 222 221 220 219 218 217 217 217 217 217 217 217 217 217 217 217 217 217 218 218 218 218 218 218 218 218 218 218
522 523 521 521 519 519 517 516 514 513 512 510 509 507 507 504 502 500 498 496 494 491 490 478 476 474 471 467 466 462 459 456 453 448 446 442 439 435 431 427 422 419 416 415 414 413 413 412 411 410 409 408 408 407 406 405 404 403 402 401 401 400 228 227 226 225 224 223 222 221 220 219 217 217 217 217 217 217 217 217 217 217 217 217 217 217 218 218 218 218 218 218 218 218
524 524 523 523 521 521 519 518 516 515 513 512 510 508 508 506 504 502 500 498 496 493 491 480 479 475 473 470 467 463 462 458 454 451 448 444 440 437 433 429 425 420 417 416 415 415 414 413 412 411 411 410 409 408 407 406 406 405 404 403 402 401 229 228 227 226 225 224 223 222 221 220 219 218 217 217 217 217 217 217 217 217 217 217 217 217 217 217 217 218 218 218 218 218
526 526 524 524 522 522 520 520 518 516 515 513 512 510 509 507 506 504 502 500 498 495 493 482 480 477 474 472 469 465 463 459 456 453 450 445 442 439 434 430 426 422 418 417 417 416 415 414 414 413 412 411 410 409 409 408 407 406 405 404 403 402 230 229 229 228 227 226 225 224 223 222 220 219 218 217 217 217 217 217 217 217 217 217 217 217 217 217 217 217 217 217 218 218
527 527 526 525 524 523 522 521 519 518 517 515 514 511 511 509 508 505 504 501 499 497 495 483 482 479 477 473 471 468 465 461 459 455 450 448 443 440 436 433 428 424 419 419 418 417 416 416 415 414 413 412 412 411 410 409 408 407 406 406 405 404 403 231 230 229 228 227 226 225 224 223 222 221 220 219 218 217 217 217 217 217 217 217 217 217 217 217 217 217 217 217 217 217
529 528 527 527 526 525 523 522 521 520 518 517 515 514 512 510 510 507 506 503 501 499 496 486 484 480 479 475 472 470 466 463 460 456 452 450 445 442 439 435 430 426 422 420 419 418 418 417 416 415 414 414 413 412 411 410 409 409 408 407 406 405 404 232 231 230 229 228 227 226 225 224 223 222 221 220 219 218 217 217 217 217 217 217 217 217 217 217 217 217 217 217 217 217
529 530 529 528 527 526 525 524 523 521 520 519 517 515 514 511 511 508 508 505 503 500 498 488 485 482 479 477 474 471 467 465 461 458 455 451 447 443 440 437 432 429 423 421 420 420 419 418 417 417 416 415 414 413 412 412 411 410 409 408 407 406 405 234 233 232 231 230 229 228 227 226 225 224 223 222 221 220 218 217 217 217 217 217 217 217 217 217 217 217 217 217 217 217
530 531 530 530 528 528 526 525 523 523 521 520 518 517 514 514 512 510 508 506 504 502 499 489 486 485 481 478 476 473 469 467 463 460 457 453 449 446 441 439 434 430 425 422 422 421 420 419 418 418 417 416 415 415 414 413 412 411 410 409 409 408 407 235 234 233 232 231 230 229 228 227 226 225 224 223 222 221 220 219 218 217 217 217 217 217 217 217 217 217 217 217 217 217
532 532 531 531 529 529 527 527 525 525 522 522 519 519 516 515 513 512 510 508 506 504 500 491 488 486 483 480 477 475 471 469 465 462 458 455 450 448 443 439 436 432 427 423 423 422 421 420 420 419 418 417 417 416 415 414 413 412 412 411 410 409 408 236 235 234 233 232 232 231 230 229 228 227 226 225 223 222 221 220 219 218 217 217 217 217 217 217 217 217 217 217 217 217
532 533 533 532 531 530 529 528 526 526 524 523 521 520 518 517 514 513 511 509 507 505 503 493 489 488 484 482 479 476 473 470 466 464 460 457 453 450 445 441 438 434 429 425 424 423 422 422 421 420 419 419 418 417 416 415 414 414 413 412 411 410 409 237 237 236 235 234 233 232 231 230 229 228 227 226 225 224 223 222 221 220 218 217 217 217 217 217 217 217 217 217 217 217
534 534 533 534 533 532 530 529 528 527 525 524 522 521 519 518 516 514 513 511 509 507 505 494 491 490 486 483 481 478 475 472 468 465 462 457 455 450 447 443 439 435 431 427 425 424 424 423 422 421 420 420 419 418 417 416 416 415 414 413 412 411 411 410 238 237 236 235 234 233 232 231 230 229 228 227 226 225 224 223 222 221 220 219 218 217 217 217 217 217 217 217 217 217
536 535 535 535 533 533 531 531 530 528 527 526 524 522 521 519 517 515 515 512 511 507 506 495 493 490 488 485 482 479 477 473 470 467 463 459 457 452 448 445 441 437 433 429 426 425 425 424 423 422 422 421 420 419 418 418 417 416 415 414 413 413 412 411 239 238 237 236 235 234 233 233 232 231 230 229 228 227 226 224 223 222 221 220 219 218 217 217 217 217 217 217 217 217
536 536 537 536 535 534 533 532 530 530 528 527 525 524 522 521 519 516 516 513 512 509 508 497 494 492 489 487 484 480 478 474 471 468 465 461 458 454 450 446 442 437 435 431 427 426 426 425 424 423 423 422 421 420 420 419 418 417 416 416 415 414 413 412 240 239 238 238 237 236 235 234 233 232 231 230 229 228 227 226 225 224 223 222 220 219 218 217 217 217 217 217 217 217
538 538 537 537 536 535 534 533 532 532 529 529 526 526 523 522 520 518 517 515 513 511 509 498 496 493 491 488 486 482 480 476 473 470 467 462 460 455 452 448 444 439 437 433 428 428 427 426 425 425 424 423 422 422 421 420 419 418 418 417 416 415 414 413 241 241 240 239 238 237 236 235 234 233 232 231 230 229 228 227 226 225 224 223 222 221 220 218 217 217 217 217 217 217
539 539 538 539 537 537 535 535 533 532 531 529 528 526 525 524 521 519 517 516 514 512 510 500 496 495 492 490 486 484 481 478 474 472 467 465 461 457 453 450 445 441 438 434 430 429 428 427 426 426 425 424 423 423 422 421 420 419 419 418 417 416 415 414 243 242 241 240 239 238 237 236 235 234 233 232 231 230 229 228 227 226 225 224 223 222 221 220 219 218 217 217 217 217
540 540 538 539 538 537 536 536 534 534 531 531 529 528 526 523 523 520 519 517 516 514 512 501 498 497 493 492 488 485 482 479 475 473 469 467 462 459 455 451 446 442 439 436 432 430 429 428 428 427 426 425 424 424 423 422 421 421 420 419 418 417 416 416 244 243 242 241 240 239 238 237 237 236 235 234 233 232 231 230 229 228 227 226 224 223 222 221 220 219 218 217 217 217
542 541 540 540 539 539 538 537 536 535 533 532 530 528 527 525 524 521 521 518 518 514 512 502 500 497 495 492 489 487 484 481 477 475 471 468 464 460 457 453 448 445 441 437 433 431 430 429 429 428 427 426 426 425 424 423 422 422 421 420 419 418 418 417 245 244 243 242 241 240 240 239 238 237 236 235 234 233 232 231 230 229 228 227 226 225 224 222 221 220 219 218 217 217
542 541 541 540 541 540 538 537 537 535 534 532 531 530 528 527 525 523 521 519 519 516 514 504 501 499 496 493 491 487 486 482 479 475 472 469 466 461 458 454 450 447 443 439 435 432 431 430 430 429 428 427 427 426 425 424 424 423 422 421 420 420 419 418 417 245 244 243 243 242 241 240 239 238 237 236 235 234 233 232 231 230 229 228 227 226 225 224 223 222 220 219 218 217
544 543 542 541 542 540 540 539 538 536 535 534 533 530 530 527 526 525 523 521 519 518 514 505 502 500 498 494 493 489 487 483 480 477 474 470 467 463 460 455 452 449 444 440 436 433 432 431 431 430 429 428 428 427 426 425 425 424 423 422 421 421 420 419 418 246 245 245 244 243 242 241 240 239 238 237 236 235 234 233 232 231 230 229 228 227 226 225 224 223 222 221 219 218
544 543 544 543 542 542 542 539 539 537 537 535 534 532 531 529 528 525 524 521 519 519 516 507 503 502 498 496 493 491 488 485 481 479 476 471 469 464 461 457 453 449 446 442 438 434 433 432 432 431 430 429 429 428 427 426 426 425 424 423 422 422 421 420 419 247 247 246 245 244 243 242 241 240 239 238 237 237 236 235 234 233 232 231 230 228 227 226 225 224 223 222 221 220
545 545 544 543 543 542 542 541 540 538 538 536 535 534 532 530 528 527 525 523 521 520 518 507 505 502 500 497 495 492 488 486 482 480 476 473 470 466 461 459 455 451 448 444 439 436 434 433 433 432 431 430 430 429 428 427 427 426 425 424 424 423 422 421 420 248 248 247 246 245 244 243 242 241 240 240 239 238 237 236 235 234 233 232 231 230 229 228 227 225 224 223 222 221
545 545 545 545 543 544 543 541 540 540 538 537 536 534 532 531 529 528 525 524 521 520 519 509 507 503 502 498 496 493 490 487 484 482 478 475 471 468 463 460 457 453 450 445 441 438 434 434 434 433 432 431 431 430 429 428 428 427 426 425 425 424 423 422 421 249 249 248 247 246 245 244 243 243 242 241 240 239 238 237 236 235 234 233 232 231 230 229 228 227 226 224 223 222
547 547 545 545 544 544 543 543 542 540 539 539 536 536 534 532 531 529 527 526 523 522 520 509 507 505 503 500 498 494 491 489 486 482 479 475 473 468 465 462 458 454 451 447 443 439 435 434 435 434 433 432 432 431 430 429 429 428 427 426 426 425 424 423 422 251 250 249 248 247 246 245 245 244 243 242 241 240 239 238 237 236 235 234 233 232 231 230 229 228 227 226 225 223
547 547 547 547 545 545 545 544 542 542 541 539 538 537 535 534 531 530 528 525 524 521 521 511 509 506 504 501 498 496 492 490 487 483 481 477 474 470 466 464 460 456 453 449 444 441 436 435 436 435 434 433 433 432 431 430 430 429 428 427 427 426 425 424 423 252 251 250 249 248 247 246 246 245 244 243 242 241 240 239 238 237 236 235 234 233 232 231 230 229 228 227 226 225
549 548 548 546 546 545 544 544 544 543 541 541 539 537 536 533 533 531 529 527 525 523 522 511 510 507 504 503 499 497 494 491 488 485 482 478 474 472 468 464 461 458 455 450 446 443 438 436 436 436 435 434 434 433 432 431 431 430 429 428 428 427 426 425 424 424 252 251 250 249 248 248 247 246 245 244 243 242 241 240 239 238 237 236 235 234 233 232 231 230 229 228 227 226
549 549 549 548 548 546 546 546 544 543 543 540 540 538 537 535 534 531 530 529 526 524 522 513 511 508 506 503 501 498 495 491 489 486 483 480 476 473 470 466 463 459 455 452 448 443 440 437 436 437 436 435 435 434 433 432 432 431 430 429 429 428 427 426 425 425 253 252 251 250 249 249 248 247 246 245 244 243 242 241 240 239 238 237 237 236 235 233 232 231 230 229 228 227
550 550 549 548 548 547 547 546 546 544 543 542 541 539 538 536 535 533 532 529 527 525 523 514 511 510 506 505 502 499 497 493 491 487 484 480 477 475 471 468 465 461 457 454 449 445 441 438 437 437 437 436 435 435 434 433 433 432 431 430 430 429 428 427 426 426 254 253 252 251 250 250 249 248 247 246 245 244 243 242 241 241 240 239 238 237 236 235 234 233 232 230 229 228
550 551 550 550 549 548 547 547 546 545 544 543 541 540 539 537 535 534 531 531 528 526 524 514 513 510 508 505 503 500 497 494 490 488 485 482 479 475 473 469 466 462 458 455 451 447 443 439 438 437 437 437 436 436 435 434 433 433 432 431 430 430 429 428 427 427 255 254 253 252 251 251 250 249 248 247 246 245 244 243 243 242 241 240 239 238 237 236 235 234 233 232 231 229
552 551 551 550 549 549 548 547 547 546 545 544 542 542 539 538 537 535 533 531 529 528 525 515 513 511 509 506 504 501 498 496 492 490 486 483 480 477 474 471 467 464 460 456 453 448 444 440 439 438 438 438 437 437 436 435 434 434 433 432 431 431 430 429 428 427 256 255 254 253 252 252 251 250 249 248 247 246 245 244 244 243 242 241 240 239 238 237 236 235 234 233 232 231
553 551 552 551 551 549 549 547 548 546 546 545 544 542 541 540 537 535 533 532 531 527 526 516 514 512 510 507 505 502 499 496 494 491 487 484 482 478 475 472 469 466 462 458 454 450 445 442 440 439 439 438 438 437 437 436 435 435 434 433 432 432 431 430 429 428 257 256 255 254 253 253 252 251 250 249 248 247 246 245 245 244 243 242 241 240 239 238 237 236 235 234 233 232
553 553 553 551 551 550 550 549 548 547 547 545 544 543 541 539 539 536 535 533 531 529 528 517 515 512 510 509 505 504 500 498 495 491 489 486 483 480 476 474 470 466 463 459 455 452 447 442 441 440 439 439 438 438 438 437 436 435 435 434 433 432 432 431 430 429 258 257 256 255 254 253 253 252 251 250 249 248 247 246 246 245 244 243 242 241 240 239 238 237 236 235 234 233
554 553 553 553 552 552 550 549 548 549 548 546 546 543 543 541 539 537 536 534 532 530 527 518 516 513 512 509 507 504 501 499 496 493 490 487 484 482 478 475 472 468 465 461 457 453 449 444 442 441 440 440 439 438 438 438 437 436 436 435 434 433 433 432 431 430 258 258 257 256 255 254 254 253 252 251 250 249 248 247 247 246 245 244 243 242 241 240 239 238 237 236 235 234
555 554 554 554 552 552 551 551 549 549 548 548 545 545 543 541 540 539 536 535 533 531 529 520 516 515 512 510 508 505 503 499 497 494 491 489 486 483 480 476 473 469 466 462 458 454 450 446 442 442 441 440 440 439 439 439 438 437 436 436 435 434 433 433 432 431 430 259 258 257 256 255 254 254 253 252 251 250 249 248 248 247 246 245 244 243 242 241 240 239 238 237 236 235
556 554 555 554 554 553 552 550 550 549 549 548 547 546 543 543 541 539 537 536 533 531 530 519 518 514 513 511 509 506 502 501 498 496 493 490 487 484 481 478 474 471 467 464 460 455 452 447 443 443 442 441 441 440 439 439 439 438 437 437 436 435 434 434 433 432 431 259 259 258 257 256 255 255 254 253 252 251 250 249 248 248 247 246 245 244 243 242 241 240 239 238 237 236
556 556 555 555 554 553 553 552 551 549 550 549 547 546 545 543 542 540 539 536 535 533 531 521 518 516 513 512 509 508 504 502 499 497 494 491 489 485 483 479 475 473 469 465 461 457 453 449 444 443 443 442 441 441 440 439 440 439 438 437 437 436 435 434 434 433 432 260 260 259 258 257 256 255 255 254 253 252 251 250 249 249 248 247 246 245 244 243 242 241 240 239 238 237
557 556 555 556 555 555 552 552 551 551 549 549 549 547 545 544 543 540 538 537 534 533 531 521 519 517 514 512 511 508 505 503 501 498 496 492 490 487 483 481 477 473 470 466 463 459 454 451 446 444 444 443 442 442 441 440 440 440 439 438 438 437 436 435 435 434 433 261 260 260 259 258 257 256 256 255 254 253 252 251 250 249 249 248 247 246 245 244 243 242 241 240 239 238
558 557 557 556 555 555 554 554 553 551 550 550 549 547 546 545 542 542 540 538 536 535 532 522 520 518 515 513 511 509 507 504 502 499 496 494 491 488 485 481 479 475 472 468 464 460 456 451 447 445 444 444 443 442 442 441 440 441 440 439 438 438 437 436 435 435 434 262 261 260 260 259 258 257 256 256 255 254 253 252 251 250 249 249 248 247 246 245 244 243 242 241 240 239
