testData/tiles/oneDegreeCosts/grid1.0-31.0-2.0-32.0.asc
ncols   200
nrows   200
xllcorner   1.0
yllcorner   31.0
cellsize   0.005
NODATA_value   -9999.0
[rows 42 to 83 of 200, columns 0 to 93 of 200]
688 688 688 687 686 684 683 682 681 680 679 678 676 675 674 672 671 670 668 667 666 665 664 663 660 659 658 657 656 655 653 652 651 649 648 647 645 644 643 642 641 639 637 636 635 634 633 632 629 628 627 626 625 624 622 620 619 618 617 616 614 613 611 610 609 608 606 605 603 602 601 600 598 597 595 594 593 592 590 589 587 586 585 583 582 580 579 578 577 575 574 572 571 570
689 689 689 688 687 686 685 682 681 680 679 678 677 675 674 673 672 670 669 667 666 665 664 663 662 660 658 657 656 655 654 652 651 650 648 647 646 644 643 642 641 640 637 636 635 634 633 632 630 628 627 626 625 624 622 621 619 618 617 616 614 613 612 610 609 608 606 605 604 602 601 600 598 597 596 594 593 592 590 589 588 586 585 584 582 581 579 578 577 575 574 573 571 570
689 691 689 688 687 686 685 683 682 680 679 678 677 675 674 673 672 671 669 667 666 665 664 663 662 660 659 657 656 655 654 652 651 650 649 648 646 644 643 642 641 640 639 636 635 634 633 632 630 629 628 626 625 624 622 621 620 618 617 616 614 613 612 611 609 608 606 605 604 603 601 600 598 597 596 595 593 592 590 589 588 587 585 584 582 581 580 578 577 576 574 573 572 570
689 689 689 688 687 686 685 683 682 681 679 678 677 675 674 673 672 671 670 668 666 665 664 663 662 660 659 658 657 655 654 652 651 650 649 648 647 644 643 642 641 640 638 637 636 634 633 632 630 629 628 627 625 624 622 621 620 619 618 616 614 613 612 611 610 608 606 605 604 603 602 600 598 597 596 595 594 592 590 589 588 587 586 584 582 581 580 579 577 575 574 573 572 571
689 689 688 687 686 685 684 683 682 681 680 679 676 675 674 673 672 671 669 668 667 666 664 663 661 660 659 658 657 656 653 652 651 650 649 648 646 645 643 642 641 640 638 637 636 635 633 632 630 629 628 627 626 624 622 621 620 619 618 617 614 613 612 611 610 609 606 605 604 603 602 601 598 597 596 595 594 593 590 589 588 587 586 584 582 581 580 579 578 575 574 573 572 571
688 688 688 687 686 685 684 683 682 681 679 678 677 676 674 673 672 670 669 668 667 666 665 663 661 660 659 658 657 656 654 653 651 650 649 648 646 645 644 643 641 640 638 637 636 635 634 632 630 629 628 627 626 625 622 621 620 619 618 617 615 613 612 611 610 609 607 605 604 603 602 600 599 598 596 595 594 592 591 589 588 587 586 584 583 581 580 579 578 576 574 573 572 571
687 687 687 686 686 684 683 682 681 680 679 678 677 676 675 673 671 670 669 668 667 666 664 663 662 660 659 658 657 655 654 653 652 650 649 647 646 645 644 643 642 639 638 637 636 635 634 632 631 629 628 627 626 624 623 622 620 619 618 616 615 614 612 611 610 608 607 606 605 603 602 600 599 598 597 595 594 592 591 590 588 587 586 584 583 582 580 579 578 576 575 573 572 571
686 686 686 685 685 684 683 681 680 679 678 677 676 675 674 673 672 670 669 668 667 665 664 663 662 661 659 658 656 655 654 653 652 651 649 647 646 645 644 643 641 640 639 637 636 635 634 632 631 630 628 627 626 624 623 622 621 619 618 616 615 614 613 611 610 608 607 606 605 604 602 600 599 598 597 596 594 592 591 590 589 587 586 584 583 582 581 579 578 576 575 574 572 571
684 684 684 684 684 683 682 682 681 679 678 677 676 675 674 673 672 671 669 667 666 665 664 663 662 661 659 658 656 655 654 653 652 650 649 648 646 645 644 642 641 640 639 638 636 635 633 632 631 630 629 627 625 624 623 622 621 620 617 616 615 614 613 612 610 608 607 606 605 604 602 600 599 598 597 596 594 592 591 590 589 588 585 584 583 582 581 580 577 576 575 574 573 571
683 683 683 683 683 682 681 681 680 679 678 676 675 674 673 672 671 670 669 668 666 665 664 662 661 660 659 658 657 655 654 652 651 650 649 648 647 646 643 642 641 640 639 638 637 634 633 632 631 630 629 627 625 624 623 622 621 619 618 616 615 614 613 611 610 609 607 606 605 603 602 601 599 598 597 596 594 593 591 590 589 588 586 584 583 582 581 580 578 576 575 574 573 572
683 683 682 682 682 681 680 680 679 678 677 677 676 674 673 672 671 670 669 667 666 665 663 662 661 660 659 658 657 655 654 652 651 650 649 648 646 645 644 642 641 640 639 637 636 635 633 632 631 630 628 627 626 625 623 622 620 619 618 617 615 614 612 611 610 609 608 606 605 603 602 601 600 598 597 595 594 593 592 590 589 587 586 585 583 582 581 579 578 577 575 574 573 571
682 682 682 682 680 680 679 679 678 677 677 676 675 674 672 671 670 669 668 667 666 665 664 663 661 660 658 657 656 655 654 653 651 650 648 647 646 645 644 643 641 640 638 637 636 635 634 633 630 629 628 627 626 625 624 621 620 619 618 617 616 613 612 611 610 609 608 607 604 603 602 601 600 599 596 595 594 593 592 591 588 587 586 585 584 582 580 579 578 577 576 574 572 571
681 681 681 681 680 680 678 678 677 677 676 675 674 673 672 671 669 668 667 666 665 664 663 662 661 659 658 657 656 655 654 652 651 650 648 647 646 645 644 643 641 640 638 637 636 635 634 632 631 629 628 627 626 625 623 622 620 619 618 617 615 614 613 611 610 609 608 606 605 603 602 601 600 598 597 595 594 593 592 590 589 587 586 585 584 582 580 579 578 577 576 575 572 571
680 680 680 679 679 679 678 677 676 676 675 674 673 672 672 671 670 668 667 666 665 664 663 662 661 660 659 656 655 654 653 652 651 650 649 647 646 644 643 642 641 640 639 637 636 634 633 632 631 630 628 627 625 624 623 622 621 619 618 616 615 614 613 612 610 608 607 606 605 604 602 601 599 598 597 596 594 593 591 590 589 588 586 585 584 582 581 579 578 577 576 574 573 571
678 678 678 678 678 678 677 677 676 675 674 673 672 672 671 670 669 668 667 665 664 663 662 661 660 659 658 657 655 654 653 652 651 650 648 647 645 644 643 642 641 640 639 637 635 634 633 632 631 630 628 626 625 624 623 622 621 619 617 616 615 614 613 612 610 608 607 606 605 604 603 600 599 598 597 596 595 592 591 590 589 588 587 585 583 582 581 580 578 577 575 574 573 572
677 677 677 677 677 677 676 676 675 675 674 672 672 671 670 669 668 667 666 666 665 663 662 661 660 659 658 656 655 653 652 651 650 649 648 647 646 645 643 641 640 639 638 637 636 634 633 632 630 629 628 627 626 624 623 621 620 619 618 616 615 614 613 611 610 609 607 606 605 603 602 601 599 598 597 596 594 593 591 590 589 588 586 585 583 582 581 580 579 576 575 574 573 572
677 677 676 676 676 675 675 675 674 674 673 672 671 670 669 668 667 667 666 665 664 663 661 660 659 658 657 656 655 654 653 651 650 649 648 646 645 644 643 641 640 639 638 637 636 634 633 631 630 629 628 627 626 624 622 621 620 619 618 617 616 613 612 611 610 609 608 606 604 603 602 601 600 598 597 595 594 593 592 590 589 587 586 585 584 582 581 580 578 577 575 574 573 572
676 676 676 676 675 674 674 674 673 673 672 671 671 670 668 667 667 666 665 664 663 662 661 660 658 657 656 655 654 653 652 651 649 648 647 646 645 644 643 642 640 639 637 636 635 634 633 632 630 629 628 626 625 624 623 621 620 619 618 616 615 614 612 611 610 609 607 606 604 603 602 601 600 598 596 595 594 593 592 591 588 587 586 585 584 583 580 579 578 577 576 574 573 580
675 675 675 675 674 673 673 673 672 672 671 670 670 669 668 668 666 665 664 663 662 662 661 660 659 657 656 655 654 653 652 651 650 649 647 646 644 643 642 641 640 639 637 636 635 634 633 631 630 628 627 626 625 624 623 622 619 618 617 616 615 614 613 611 609 608 607 606 605 603 602 600 599 598 597 595 594 593 591 590 589 587 586 585 584 582 581 579 578 577 576 584 581 580
674 674 674 673 673 673 673 671 671 671 670 669 669 668 667 667 666 664 663 663 662 661 660 659 658 657 655 654 653 652 651 650 649 648 647 645 644 643 642 641 640 639 638 635 634 633 632 631 630 629 627 626 625 623 622 621 620 618 617 616 615 614 612 611 609 608 607 606 605 603 601 600 599 598 597 596 593 592 591 590 589 588 586 584 583 582 581 580 578 577 584 583 582 580
672 672 672 672 672 672 672 671 671 669 669 668 668 667 667 666 665 664 664 662 661 660 659 658 657 656 655 654 653 652 651 650 649 648 647 645 643 642 641 640 639 638 637 636 634 633 632 631 630 629 627 625 624 623 622 621 620 619 617 615 614 613 612 611 610 608 607 605 604 603 602 600 599 598 597 595 594 592 591 590 589 588 586 584 583 582 581 580 587 585 584 583 582 581
671 671 671 671 671 671 671 670 670 669 668 667 667 666 666 665 664 663 663 662 660 659 658 657 657 656 655 654 653 651 650 649 648 647 646 645 644 642 641 640 639 638 637 636 634 632 631 630 629 628 627 626 624 623 622 621 619 618 617 615 614 613 612 611 609 608 606 605 604 603 602 601 598 597 596 595 594 593 591 590 588 587 586 585 583 582 590 588 587 585 584 583 582 581
671 670 670 670 670 670 669 669 669 668 668 667 666 665 665 664 663 663 662 661 660 659 658 657 656 655 654 653 652 651 650 648 647 646 645 644 643 642 641 639 638 637 636 635 634 633 631 630 629 628 627 625 624 623 621 620 619 618 617 616 614 612 611 610 609 608 607 605 604 603 601 600 599 597 596 595 594 593 591 589 588 587 586 585 584 590 589 588 587 586 584 583 581 580
670 670 670 669 669 668 668 668 668 667 667 666 666 665 664 663 662 662 661 660 659 659 658 656 655 654 653 652 651 651 650 649 647 646 645 644 643 642 641 640 638 637 636 635 633 632 631 630 628 627 626 625 624 623 622 620 619 618 616 615 614 612 611 610 609 608 607 605 603 602 601 600 599 598 596 594 593 592 591 590 588 587 586 593 592 591 589 588 587 586 584 582 581 580
669 669 669 669 669 667 667 667 666 666 666 665 665 664 664 662 661 661 660 659 658 658 657 656 655 653 653 652 651 650 649 648 647 645 644 643 642 641 640 639 638 636 635 634 633 632 631 630 629 627 626 625 623 622 621 620 618 617 616 615 614 613 612 610 608 607 606 605 604 602 601 600 599 597 596 594 593 592 591 590 589 595 594 593 592 591 590 588 586 585 584 583 581 580
668 668 668 667 667 667 666 666 665 665 665 664 664 663 663 662 661 660 659 658 658 657 656 655 654 654 652 651 650 649 648 647 646 645 643 642 641 641 640 639 638 636 634 633 632 631 630 629 628 627 625 624 623 622 621 620 619 617 616 614 613 612 611 610 608 607 606 605 604 602 600 599 598 597 596 595 593 592 590 590 597 596 594 593 592 591 589 587 586 585 584 583 582 580
666 666 666 666 666 666 666 666 664 664 664 663 663 662 662 661 660 660 658 657 657 656 655 654 654 653 652 650 649 648 647 647 646 645 644 643 641 640 639 638 637 636 635 634 632 631 630 629 628 627 626 624 623 621 620 619 618 617 615 614 613 612 611 610 609 607 605 604 603 602 601 599 598 597 596 594 593 592 599 598 597 596 595 593 591 590 589 588 586 585 584 582 581 580
665 665 665 665 665 665 665 664 664 664 662 662 662 661 661 660 659 659 658 657 656 655 654 654 653 652 651 650 649 648 647 646 645 644 643 642 641 639 638 637 636 635 634 633 632 630 629 628 627 626 625 624 622 621 620 619 618 617 616 614 613 611 610 609 608 607 605 604 603 602 601 600 597 596 595 594 593 601 599 598 597 595 594 593 591 590 589 588 587 584 583 582 581 580
664 664 664 664 664 664 664 663 663 663 662 661 660 660 659 659 658 658 657 656 656 654 653 653 652 651 650 649 649 648 646 645 644 643 642 641 640 640 638 637 636 635 634 633 632 631 629 628 627 626 625 624 623 620 619 618 617 616 615 614 612 611 610 609 608 607 606 603 602 601 600 599 598 596 595 594 602 600 599 597 596 595 594 593 592 590 588 587 586 585 583 582 581 580
664 664 663 663 663 663 662 662 662 662 661 661 660 659 658 658 657 657 656 656 655 654 652 652 651 650 649 649 648 647 646 644 643 642 642 641 640 639 638 636 635 634 633 632 631 630 629 627 626 625 624 623 622 621 619 618 617 616 615 614 613 610 609 608 607 606 605 604 602 601 600 599 598 597 603 602 601 600 599 598 596 595 594 592 591 589 588 587 586 585 584 582 580 579
663 663 663 663 662 661 661 661 661 660 660 660 659 659 657 657 656 656 655 655 654 653 653 652 650 649 649 648 647 646 645 644 643 642 641 640 639 638 637 636 635 633 632 631 630 629 628 627 625 624 623 622 621 620 619 617 616 615 614 613 612 611 609 608 607 606 605 604 603 600 599 598 598 605 604 602 601 600 599 598 596 594 593 592 591 590 588 587 586 584 583 582 580 579
662 662 662 661 661 660 660 660 660 659 659 659 658 658 657 657 655 655 654 654 653 652 652 651 650 648 648 647 646 645 644 644 643 642 640 639 638 637 636 636 635 634 632 631 630 629 628 627 626 624 623 622 621 620 619 618 616 615 614 613 612 611 609 607 606 605 604 603 602 601 599 607 606 605 604 602 600 599 598 597 596 595 593 592 591 589 588 586 585 584 583 582 581 579
660 660 660 660 660 660 660 659 658 658 658 657 657 657 656 656 655 654 653 653 652 651 651 650 649 649 647 646 645 644 644 643 642 641 640 638 638 637 636 635 634 633 632 630 629 628 627 626 625 624 622 621 620 619 618 617 616 614 613 612 611 610 609 608 606 605 604 603 602 601 607 606 605 604 603 602 601 599 598 597 596 595 592 591 590 589 588 587 585 584 583 581 580 578
659 659 659 659 659 659 659 659 657 657 657 656 656 656 655 655 654 654 652 652 651 650 650 649 648 648 647 646 644 644 643 642 641 640 640 639 637 636 635 634 633 632 631 630 628 628 627 626 625 624 623 621 620 619 618 617 616 615 613 612 610 609 608 607 606 604 603 602 602 609 608 606 605 604 603 602 601 598 597 596 595 594 593 591 590 589 588 587 585 583 582 581 580 579
658 658 658 658 658 658 658 657 657 657 656 655 655 655 654 654 653 653 652 652 650 649 649 648 647 647 646 645 644 643 642 641 640 640 639 638 637 635 634 633 632 632 631 630 629 627 626 625 624 623 622 621 619 618 617 616 615 614 613 611 610 609 608 607 606 605 603 602 610 609 607 606 604 603 602 601 600 599 597 596 595 594 593 591 589 588 587 586 585 584 582 581 580 578
657 657 657 657 657 657 656 656 656 656 655 654 654 653 653 653 652 652 651 651 650 648 648 647 646 646 645 644 644 643 641 640 640 639 638 637 636 635 633 633 632 631 630 629 628 627 625 624 623 622 621 620 619 618 616 615 614 613 612 611 609 608 607 606 605 605 612 610 609 608 607 606 605 603 602 601 600 599 597 595 594 593 592 591 590 588 587 586 585 584 582 580 579 578
657 657 656 656 656 655 655 655 655 655 654 654 654 652 652 651 651 651 650 649 649 648 647 646 645 645 644 643 643 642 641 639 639 638 637 636 635 635 634 633 631 630 629 628 627 626 625 624 623 622 621 620 619 618 617 615 614 613 612 611 610 608 607 606 605 613 612 611 609 608 606 605 604 603 601 600 599 598 597 596 594 593 592 591 590 588 586 585 584 583 582 580 579 578
656 656 656 655 654 654 654 654 654 653 653 653 653 652 651 650 650 649 649 648 648 647 647 646 644 644 643 642 642 641 640 640 639 637 636 635 635 634 633 632 631 629 628 628 627 626 625 624 622 621 620 619 618 617 616 615 613 612 611 610 609 608 606 606 613 612 611 610 609 607 606 605 604 603 602 600 599 598 597 595 594 592 591 590 589 588 587 585 584 583 582 580 578 578
654 654 654 654 654 653 653 653 653 652 652 652 651 651 651 650 649 648 648 647 647 646 646 645 645 643 642 642 641 640 639 639 638 637 635 635 634 633 632 631 630 630 628 627 626 625 624 623 622 620 619 618 617 616 616 615 614 612 611 610 609 608 607 614 613 612 611 610 608 607 605 604 603 602 601 600 598 597 596 595 594 593 591 590 589 588 586 585 583 582 581 580 580 578
653 653 653 653 653 653 653 652 651 651 651 651 650 650 650 649 649 647 647 646 646 645 645 644 644 643 641 641 640 639 638 638 637 636 635 634 633 632 631 630 630 629 628 626 625 624 623 622 621 621 619 618 617 616 615 614 613 612 610 609 608 608 615 614 612 611 610 609 608 607 606 604 603 602 601 600 599 597 596 594 593 592 591 589 588 587 586 585 583 582 581 581 580 578
652 652 652 652 652 652 652 651 650 650 650 650 649 649 648 648 648 647 646 645 645 644 644 643 643 642 641 641 639 638 638 637 636 635 635 634 632 631 630 630 629 628 627 626 624 623 623 622 621 620 619 617 616 615 614 613 612 611 610 608 608 615 614 613 612 610 609 608 607 606 605 604 602 601 600 599 598 597 595 594 593 592 591 590 588 587 586 584 583 581 581 580 579 578
651 651 651 651 651 651 650 650 650 650 649 648 648 648 647 647 647 646 646 645 644 643 643 642 642 641 640 640 639 637 637 636 635 634 634 633 632 630 630 629 628 627 626 625 625 623 622 621 620 619 618 617 615 614 613 613 612 611 610 608 616 615 614 613 612 611 609 608 607 606 605 604 602 601 600 599 598 597 595 593 592 591 590 589 587 586 585 584 584 583 581 580 579 578
