testData/tiles/oneDegreeCosts/grid43.0-46.0-44.0-47.0.asc
ncols   200
nrows   200
xllcorner   43.0
yllcorner   46.0
cellsize   0.005
NODATA_value   -9999.0
[rows 42 to 83 of 200, columns 0 to 93 of 200]
586 585 583 583 583 582 551 550 549 547 546 544 543 543 541 540 538 536 535 533 531 529 527 525 524 522 520 517 516 513 512 511 510 510 509 510 509 508 508 507 506 506 505 504 504 503 502 502 502 501 500 499 499 498 497 496 494 493 359 358 358 358 357 356 355 354 353 352 351 349 348 347 346 345 344 343 341 340 339 338 336 335 334 332 331 330 328 327 325 324 322 321 319 325
586 586 584 583 582 582 552 551 550 548 547 546 544 543 540 540 539 537 535 533 532 529 528 525 524 522 520 518 516 513 512 511 511 510 509 509 509 509 508 507 507 506 505 504 504 503 502 502 501 501 500 499 499 498 497 496 495 494 360 359 358 357 356 356 355 354 353 352 351 350 348 347 346 345 344 343 342 340 339 338 335 334 334 332 331 330 328 327 325 324 322 321 319 325
587 586 585 583 583 582 581 551 550 548 547 546 544 543 541 540 539 537 536 533 532 530 528 526 524 521 520 518 516 513 512 511 511 510 509 509 508 508 508 507 507 506 505 505 504 503 502 502 501 500 499 499 499 498 497 496 495 494 360 360 359 358 356 355 354 353 353 352 351 350 348 347 346 345 344 343 342 340 339 338 337 335 333 332 330 329 328 327 325 324 322 321 319 325
587 586 585 584 583 582 580 551 550 548 547 546 544 543 541 540 539 537 536 534 532 530 529 526 524 522 520 517 517 514 512 511 511 510 509 509 508 508 507 506 507 506 505 505 504 503 502 502 501 500 499 499 498 498 497 496 495 494 361 360 359 358 357 356 354 353 352 351 351 350 349 347 346 345 344 343 342 340 339 338 337 335 334 333 330 329 327 326 324 323 322 321 319 326
587 586 586 584 583 582 580 551 551 549 548 547 545 544 541 540 539 537 536 534 533 530 529 526 525 522 521 518 516 514 512 511 511 510 509 509 508 508 507 506 506 506 505 505 504 503 502 502 501 500 499 499 498 497 496 496 495 494 361 360 359 358 357 356 355 354 353 351 350 349 348 347 346 345 344 343 342 340 339 338 337 335 334 333 331 329 327 326 324 323 321 320 318 317
587 587 586 584 583 583 581 580 550 549 548 547 545 544 542 541 539 537 536 533 533 532 530 528 526 524 522 519 516 514 512 511 511 510 509 509 508 508 507 506 506 505 504 505 504 503 502 502 501 500 499 499 498 497 496 495 494 494 361 360 359 358 357 356 355 354 353 352 351 349 348 346 345 344 344 343 342 340 339 338 337 335 334 333 331 330 328 326 324 323 321 320 318 317
587 587 586 584 584 583 581 580 550 548 548 548 546 545 543 542 541 538 537 535 533 532 531 529 526 525 522 519 518 515 513 511 512 511 511 510 509 509 508 506 506 505 504 504 503 503 502 502 501 500 499 499 498 497 496 495 494 493 493 360 359 358 357 356 355 354 353 352 351 350 349 347 345 344 343 342 341 340 339 338 337 335 334 333 331 330 328 327 324 323 321 320 318 317
587 587 587 585 584 584 582 581 581 550 549 548 547 545 543 542 541 539 537 535 534 531 530 529 527 525 523 520 518 515 513 511 511 510 511 510 509 509 508 507 507 506 505 505 503 502 502 502 501 500 499 499 498 497 496 495 494 493 493 359 358 358 357 356 355 354 353 352 351 350 349 348 346 344 343 342 341 339 338 337 337 335 334 333 331 330 328 327 326 324 321 320 318 317
587 588 587 586 585 584 583 582 581 550 549 548 546 546 544 542 541 539 538 535 534 532 530 529 527 525 523 520 518 516 514 511 511 510 510 509 509 509 508 507 507 506 505 505 504 503 502 502 501 500 499 499 498 497 496 495 494 493 493 359 358 357 356 355 355 354 353 352 351 350 349 348 346 345 344 342 341 339 338 337 336 334 333 332 331 330 328 327 325 324 322 320 318 317
588 588 587 586 586 585 583 582 581 550 549 548 546 545 544 543 541 539 538 536 534 532 530 528 526 525 523 520 519 516 514 511 511 510 509 509 508 509 508 507 507 506 505 505 504 503 502 502 501 500 500 500 498 497 496 495 494 493 493 359 358 357 356 355 354 353 353 352 351 350 349 347 346 345 344 343 341 339 338 337 336 334 333 332 330 329 327 326 325 324 322 321 318 317
589 588 587 586 585 585 583 582 581 579 549 548 546 545 543 542 542 540 538 536 535 532 531 528 527 524 522 521 519 516 514 511 511 510 509 509 508 508 507 507 507 506 505 505 504 503 502 502 501 500 499 499 499 498 497 495 494 493 493 359 358 357 356 355 354 353 352 351 350 350 349 347 346 345 344 343 342 340 338 337 336 334 333 332 330 329 327 326 324 323 321 320 319 318
589 588 588 586 585 584 583 583 582 580 550 549 547 546 543 542 541 540 539 536 535 532 531 529 527 524 523 520 519 517 515 512 511 510 509 509 508 508 507 506 506 506 505 505 504 503 502 502 501 500 499 499 498 497 496 496 495 494 493 359 358 357 356 355 354 353 352 351 350 349 348 346 346 345 344 343 342 340 339 338 336 334 333 332 330 329 327 326 324 323 321 320 318 317
589 589 588 586 585 584 583 582 582 580 550 549 547 546 544 543 541 539 538 537 535 533 531 529 527 525 523 520 519 516 515 512 511 510 509 509 508 508 507 506 506 505 505 505 504 503 502 502 501 500 499 498 498 497 496 495 494 494 493 360 358 357 356 355 354 353 352 351 350 349 347 346 345 344 343 343 342 340 339 338 337 334 333 332 330 329 327 326 324 323 321 320 318 316
590 589 587 586 586 585 583 582 581 580 579 549 547 546 544 543 542 539 538 536 535 533 532 529 528 525 523 521 519 516 514 512 511 510 509 509 508 508 507 506 506 505 504 503 504 503 502 502 501 500 499 498 498 497 496 495 494 493 492 360 359 358 356 355 354 353 352 351 350 349 347 346 345 344 343 342 341 339 339 338 336 335 334 331 330 329 327 326 324 323 321 320 318 316
590 589 587 587 586 585 583 582 581 579 579 548 547 546 544 543 541 540 538 536 535 533 532 529 528 525 524 521 519 516 515 512 509 510 509 509 508 507 507 506 505 505 504 503 503 502 502 501 501 500 499 498 498 497 496 495 494 493 492 358 358 358 357 356 355 353 352 351 350 348 347 346 345 344 343 342 340 339 338 337 335 335 334 332 330 329 327 326 324 323 321 320 318 316
589 589 588 587 586 584 583 583 581 580 579 577 548 547 544 543 541 540 539 536 535 533 531 530 528 526 524 521 520 517 515 512 509 509 508 509 508 507 507 506 505 505 504 503 503 502 501 500 501 500 499 498 497 497 496 495 494 493 492 491 357 357 356 355 355 354 353 351 349 348 347 346 345 344 343 342 340 339 338 337 335 334 333 331 330 330 327 326 324 323 321 319 318 316
589 589 587 587 586 584 584 583 581 580 579 577 547 547 545 544 541 540 538 537 535 533 531 529 528 526 524 522 520 517 514 512 509 509 508 508 508 507 507 506 505 505 504 503 503 502 501 500 500 499 499 498 497 497 496 495 494 493 492 491 357 356 355 354 354 352 351 351 350 348 347 346 345 344 343 341 340 339 338 337 335 334 333 331 330 328 327 325 323 322 321 319 318 316
589 589 587 587 587 585 584 583 581 580 579 577 547 546 545 545 543 541 539 538 537 534 533 530 529 526 526 523 521 518 516 514 511 510 509 508 507 507 507 506 505 505 504 503 502 502 501 500 499 499 498 497 497 496 496 495 494 493 492 491 357 356 355 354 353 352 351 350 349 349 347 346 345 344 343 341 340 339 338 336 335 334 332 331 330 328 327 325 323 321 320 318 317 315
590 588 587 587 586 585 584 584 582 581 580 578 577 546 545 544 543 542 539 538 536 534 532 530 529 526 524 523 520 519 516 514 511 510 509 508 508 507 506 506 506 505 504 503 502 502 501 500 499 499 498 497 496 495 496 495 494 493 492 491 357 356 355 354 353 352 351 350 349 348 347 346 345 344 342 341 340 339 338 336 335 334 332 331 330 328 327 325 324 321 320 318 317 315
590 588 587 588 586 585 584 583 583 582 580 579 578 547 545 544 542 542 540 538 536 535 532 531 528 527 524 522 520 519 516 514 511 509 509 508 508 507 506 506 505 504 505 504 503 503 501 500 499 499 498 497 496 495 494 494 493 493 492 491 357 356 355 354 353 352 351 350 349 348 347 346 345 343 341 340 340 339 337 336 335 334 332 331 329 328 327 325 324 322 321 318 316 315
591 589 589 588 586 585 585 583 583 582 580 579 578 547 546 544 542 541 539 539 536 535 532 531 528 527 524 523 520 518 515 514 512 509 509 508 508 507 506 506 505 504 504 503 503 502 502 501 500 498 498 497 496 495 494 493 493 492 491 491 357 356 355 354 353 352 351 350 349 348 347 346 345 343 342 340 339 338 336 336 335 333 332 331 329 328 326 325 324 322 320 319 316 315
590 590 589 588 586 586 585 583 582 582 580 579 577 576 546 544 543 540 539 538 536 535 533 531 529 527 525 523 520 518 516 513 512 509 509 508 507 507 506 506 505 504 503 503 502 501 502 501 500 499 498 498 496 495 494 493 492 492 491 490 356 355 355 354 353 352 351 350 349 348 347 346 344 343 342 341 340 337 336 335 334 332 331 331 329 328 326 325 323 322 320 319 317 314
591 590 589 587 587 586 584 583 582 580 579 579 577 576 546 544 543 541 539 537 536 534 533 531 529 527 525 523 520 518 516 513 511 508 509 508 507 507 506 505 505 504 503 503 502 501 500 500 500 499 498 498 497 496 495 493 492 491 491 490 356 355 354 353 353 352 351 350 349 348 346 345 344 343 342 341 339 338 336 335 333 332 331 329 328 327 325 325 323 322 320 318 317 315
590 590 589 588 587 586 584 583 582 581 580 579 578 576 545 544 543 541 540 537 536 534 532 531 529 527 525 522 521 518 516 513 511 508 507 507 507 507 506 505 505 504 503 502 502 501 500 500 499 498 498 497 497 496 495 494 493 491 490 489 356 355 354 353 352 351 350 350 348 347 346 345 344 343 342 341 339 338 337 336 333 332 331 329 328 326 325 323 322 320 319 317 317 315
590 589 588 588 587 586 584 584 583 581 580 578 577 577 575 544 542 541 540 538 536 534 532 530 528 527 525 523 521 518 516 514 511 509 507 507 506 505 506 505 504 504 503 502 502 501 500 499 499 498 497 496 496 496 495 494 493 492 491 489 355 354 353 352 351 350 349 348 347 346 346 345 344 343 342 340 339 338 337 335 334 332 330 329 328 326 325 323 322 320 319 317 315 314
590 589 588 587 587 585 585 584 582 581 580 578 577 576 574 545 542 541 539 538 536 534 533 530 529 526 525 523 521 518 516 514 511 509 507 507 506 505 505 504 504 504 503 502 501 501 500 499 498 498 497 496 495 494 494 494 493 492 491 490 489 354 353 352 351 350 349 348 347 346 345 344 343 343 341 340 339 338 336 335 334 333 330 329 327 326 325 323 322 320 318 317 315 314
590 589 588 587 586 586 585 584 582 581 580 578 577 575 574 544 543 541 539 538 536 534 532 530 528 526 524 522 520 519 516 514 511 509 507 506 506 505 504 504 503 502 503 502 501 501 500 499 498 498 497 496 495 494 493 493 492 492 491 490 489 355 354 352 351 350 349 348 347 346 345 344 343 341 340 339 338 338 336 335 334 332 331 329 327 326 324 323 321 320 318 317 315 313
590 589 588 587 586 585 584 583 582 581 579 578 577 575 574 572 542 541 539 538 536 534 532 531 528 527 524 522 520 518 516 514 511 508 507 506 506 505 504 504 503 502 502 501 501 500 500 499 498 497 497 496 495 494 493 492 491 491 490 490 489 355 354 353 352 350 349 348 347 346 345 343 342 341 340 339 338 336 335 334 333 332 331 329 327 326 324 323 321 320 318 316 315 313
590 589 588 588 586 585 584 582 582 581 580 579 577 575 574 572 542 540 539 538 536 535 532 531 528 527 524 523 520 518 515 512 512 509 507 506 505 505 504 503 503 502 501 501 500 499 499 499 498 497 496 496 495 494 493 492 491 490 490 489 488 354 354 353 352 351 350 348 347 345 344 343 342 341 340 339 337 336 335 334 332 331 330 328 327 326 324 322 321 319 318 316 315 313
590 589 588 587 586 585 583 582 582 581 580 579 577 576 575 572 542 540 539 537 535 534 532 530 529 526 524 522 520 517 516 513 511 509 506 506 505 505 504 503 503 502 501 500 500 499 498 498 498 497 496 495 495 494 493 492 491 490 489 488 487 353 353 352 351 351 349 348 346 345 344 343 342 341 340 338 337 336 335 333 332 331 329 328 327 325 324 321 320 318 318 316 314 313
590 589 588 587 586 585 584 583 582 580 579 578 577 576 574 573 570 541 540 538 536 534 534 531 530 527 526 523 521 519 517 514 510 508 506 506 505 504 504 503 502 502 501 500 500 499 498 497 497 496 496 495 494 493 493 492 491 490 489 488 487 353 352 351 350 349 348 347 347 346 344 343 342 340 339 338 337 336 334 333 332 330 329 328 326 325 323 322 319 318 316 315 313 311
589 590 588 587 586 585 584 583 581 580 579 578 578 577 575 574 572 541 539 538 537 534 533 530 530 527 526 523 520 519 516 514 511 509 506 505 505 505 503 503 502 501 501 500 499 499 498 497 496 496 495 494 494 493 492 492 491 490 489 488 487 353 352 351 350 349 348 347 346 345 344 343 341 340 339 338 337 335 334 333 331 330 329 327 326 325 323 322 320 318 316 314 313 311
589 588 587 587 586 585 584 584 582 581 579 578 577 575 575 574 572 542 539 538 536 534 532 531 528 527 525 523 521 519 516 514 511 508 506 505 505 504 503 504 503 502 501 500 499 498 498 497 496 495 495 494 493 492 491 491 490 490 489 488 487 353 352 351 350 349 348 347 346 345 343 342 340 339 339 338 336 335 334 333 331 330 329 327 326 324 323 321 320 318 316 314 312 311
589 588 587 587 587 586 585 583 582 581 579 578 577 575 574 573 572 570 540 538 536 535 532 531 528 527 524 523 521 519 516 514 512 509 507 505 504 504 503 502 502 502 501 501 500 499 497 497 496 495 494 493 493 492 491 490 489 489 488 487 487 353 352 351 350 349 348 346 345 344 343 342 341 340 338 336 335 334 334 332 331 330 328 327 325 324 323 321 319 318 316 314 312 310
589 589 588 587 586 586 584 583 582 581 580 579 577 576 573 572 571 570 540 537 536 534 532 530 528 526 524 522 520 518 517 514 512 509 506 505 504 503 503 502 501 501 500 500 500 499 498 497 496 495 494 493 492 492 491 490 489 488 487 486 486 352 351 350 349 348 347 346 345 344 343 342 341 339 338 336 335 334 332 331 330 328 328 327 325 324 322 321 319 318 316 314 312 310
590 589 587 587 586 585 583 583 583 581 580 578 577 576 574 572 570 569 540 538 536 534 533 530 529 526 525 522 520 518 515 514 511 509 506 504 504 503 503 502 501 501 500 499 498 499 498 497 496 496 495 493 492 491 490 490 489 488 487 486 485 351 350 350 349 348 347 346 345 344 343 341 340 339 338 337 334 333 332 331 329 328 327 325 324 322 321 320 319 317 316 314 312 310
590 589 588 587 586 584 583 583 582 581 580 578 577 575 574 573 570 569 567 537 535 534 532 530 528 526 524 522 519 518 515 513 510 508 506 504 504 503 502 502 501 500 500 499 498 497 497 496 496 495 495 494 493 491 490 489 488 487 487 486 485 351 350 349 348 347 347 346 345 343 342 341 340 339 338 336 335 333 332 330 329 328 326 325 323 322 321 319 317 316 314 313 312 309
590 588 588 587 585 584 584 582 581 580 579 578 577 575 574 572 571 569 567 537 535 533 532 530 528 526 524 522 520 518 515 512 510 507 505 504 503 503 502 501 501 500 499 499 498 497 496 496 495 494 494 493 493 492 491 489 488 487 486 485 484 350 349 348 347 346 345 344 343 343 342 341 340 339 337 336 335 334 331 330 329 327 326 325 323 322 320 319 317 316 314 312 311 309
589 589 588 586 585 585 583 582 581 579 578 578 576 575 574 572 571 569 567 536 535 532 531 530 528 526 524 521 520 517 515 512 511 508 505 503 502 502 502 501 500 500 499 498 498 497 496 495 495 494 493 492 492 491 491 490 489 487 486 485 484 350 349 348 347 346 345 344 343 342 341 340 339 338 337 336 335 333 332 331 328 327 326 324 323 321 320 318 317 315 314 312 310 309
589 589 587 586 586 585 583 582 581 579 578 576 575 575 573 572 570 569 568 536 535 533 531 529 527 526 524 522 520 517 514 513 510 508 505 502 502 501 501 501 500 499 499 498 497 497 496 495 494 493 493 492 491 490 489 489 489 488 487 485 484 483 349 348 347 346 345 344 343 341 340 339 338 337 336 334 334 333 332 330 329 327 325 324 322 321 319 318 316 315 313 312 310 308
589 588 586 586 586 584 583 582 580 579 578 576 575 573 573 572 570 569 567 565 534 533 530 529 526 525 522 522 519 517 515 513 510 507 505 502 502 501 500 500 499 499 498 498 497 496 496 495 494 493 492 492 491 490 489 488 487 486 486 485 483 483 349 348 347 345 344 343 342 341 340 339 338 337 335 334 333 332 330 329 329 327 325 323 322 321 319 318 316 314 313 311 309 308
589 587 586 586 585 584 583 581 580 580 578 577 576 574 572 570 570 568 567 566 534 533 531 529 527 525 523 521 518 517 515 512 510 507 504 502 501 501 500 499 499 498 497 497 497 496 495 494 494 493 492 491 490 490 489 488 487 486 485 484 484 483 348 347 346 345 344 343 342 341 340 339 337 336 335 334 332 331 330 329 327 326 323 322 322 320 319 317 316 314 312 311 309 307
