testData/tiles/oneDegreeCosts/grid26.0-16.0-27.0-17.0.asc
ncols   200
nrows   200
xllcorner   26.0
yllcorner   16.0
cellsize   0.005
NODATA_value   -9999.0
[rows 0 to 41 of 200, columns 0 to 93 of 200]
300 300 300 300 299 299 299 299 299 297 297 298 297 297 296 296 296 296 294 294 294 294 294 293 293 292 293 291 291 290 290 291 290 290 289 288 288 288 287 287 286 286 285 285 284 284 283 283 283 282 281 281 281 280 281 280 279 278 278 277 277 277 276 275 275 274 274 274 273 272 272 271 271 270 270 269 269 269 269 269 269 269 269 269 269 269 269 269 269 269 269 269 269 269
300 300 301 300 300 299 299 299 298 298 297 298 297 297 296 296 296 295 295 294 294 294 294 293 292 292 292 292 291 291 290 291 289 289 288 288 288 288 287 286 285 285 285 285 285 284 283 283 283 282 282 281 281 280 280 279 279 278 278 277 277 276 276 275 275 274 273 273 273 272 272 271 270 270 270 269 269 269 269 269 269 269 269 269 269 269 269 269 269 269 269 269 269 269
300 300 300 299 299 299 299 299 298 298 297 297 297 296 296 296 296 295 295 294 294 294 293 293 292 292 292 292 290 290 290 290 289 289 288 288 288 287 287 286 286 285 286 285 284 283 283 283 283 282 282 280 280 280 280 279 279 277 277 277 277 276 276 274 274 274 274 273 273 271 271 270 270 271 270 269 269 269 269 269 269 269 269 269 269 269 269 269 269 269 269 269 269 269
300 301 300 300 299 299 299 298 298 297 298 297 297 296 296 297 295 295 294 294 294 294 293 293 292 292 291 291 290 290 290 290 290 288 288 287 288 287 287 286 286 285 285 284 284 283 283 283 282 281 281 280 280 280 280 278 278 277 277 277 277 276 275 275 274 274 274 273 272 272 271 271 270 270 269 269 269 269 269 269 269 269 269 269 269 269 269 269 269 269 269 269 269 269
300 301 299 299 299 299 299 298 298 297 298 298 297 296 296 296 295 295 294 294 294 294 292 292 292 292 292 291 291 290 290 289 289 288 288 287 288 287 286 285 285 285 285 284 284 282 282 282 282 282 281 281 280 280 279 279 278 278 276 277 276 276 275 275 274 273 273 273 272 272 271 270 270 270 269 269 269 269 269 269 269 269 269 269 269 269 269 269 269 269 269 269 269 269
300 300 300 299 299 299 299 299 297 297 297 297 296 296 296 296 295 295 294 294 294 293 293 292 292 292 292 290 290 289 290 289 289 288 288 287 287 286 286 286 285 286 284 284 283 283 282 283 282 281 280 280 280 280 279 279 277 277 276 277 276 276 274 274 273 274 273 273 271 271 270 270 270 270 269 269 269 269 269 269 269 269 269 269 269 269 269 269 269 269 269 269 269 269
301 300 300 300 299 299 298 298 297 297 297 297 297 296 296 295 295 294 294 294 294 293 293 291 291 291 291 290 290 289 290 290 288 288 287 288 287 287 286 285 285 285 284 284 283 283 282 282 281 281 280 280 280 279 278 278 277 277 276 277 275 275 274 274 273 274 272 272 271 271 270 270 269 269 269 269 269 269 269 269 269 269 269 269 269 269 269 269 269 269 269 269 269 269
300 300 299 299 299 299 298 298 298 298 297 296 296 295 296 295 295 294 294 294 293 292 292 292 292 292 291 291 289 289 289 289 288 288 287 288 286 286 285 285 285 285 284 284 282 282 282 282 281 281 280 279 279 279 278 278 277 276 276 276 275 275 274 274 273 273 272 272 271 271 270 270 269 269 269 269 269 269 269 269 269 269 269 269 269 269 269 269 269 269 269 269 269 269
300 300 299 299 299 299 298 297 297 297 297 296 296 295 296 296 294 294 293 294 293 293 292 292 292 291 290 290 289 290 289 289 288 287 287 287 286 286 285 285 285 284 283 283 282 282 282 282 280 280 279 279 279 279 278 277 276 276 277 276 276 274 274 273 274 273 273 271 271 270 270 270 270 269 269 269 269 269 269 269 269 269 269 269 269 269 269 269 269 269 269 269 269 269
301 300 299 298 299 298 298 297 297 298 297 297 295 295 295 295 294 294 293 294 293 292 291 291 291 291 290 290 289 290 288 288 287 287 287 287 286 286 284 284 285 284 284 283 283 282 282 281 281 280 280 279 279 278 278 277 277 276 277 275 275 274 274 273 274 272 272 271 271 270 270 269 269 269 269 269 269 269 269 269 269 269 269 269 269 269 269 269 269 269 269 269 269 269
300 299 299 298 299 299 298 298 297 297 296 296 295 296 295 295 294 294 293 293 292 292 291 292 291 291 289 289 289 289 289 288 288 287 288 286 286 285 285 284 285 284 283 282 282 282 282 281 281 279 279 279 279 278 278 277 276 276 276 275 275 274 273 273 273 272 272 271 271 269 270 269 269 269 269 269 269 269 269 269 269 269 269 269 269 269 269 269 269 269 269 269 269 269
300 300 299 298 298 298 297 297 297 297 296 296 295 296 294 294 293 293 294 293 293 292 292 291 291 290 290 289 290 289 289 287 287 286 287 286 286 285 285 284 284 283 283 282 282 282 281 280 280 279 279 279 279 277 277 276 276 276 276 275 274 273 273 273 273 272 271 270 270 269 270 269 269 269 269 269 269 269 269 269 269 269 269 269 269 269 269 269 269 269 269 269 269 269
299 299 298 298 298 298 297 297 297 297 296 295 295 295 295 294 294 293 294 292 292 291 291 291 291 290 290 289 289 288 288 287 287 286 287 286 285 284 284 284 284 283 283 282 281 281 281 280 280 279 279 278 278 277 277 276 276 275 275 274 274 273 273 273 272 271 271 270 270 269 269 269 269 269 269 269 269 269 269 269 269 269 269 269 269 269 269 269 269 269 269 269 269 269
299 299 299 299 299 297 297 296 297 296 296 295 295 295 295 293 293 293 293 292 292 291 291 291 291 289 289 288 289 288 288 287 287 286 286 285 285 284 284 284 284 282 282 281 281 281 281 280 279 278 278 278 278 277 277 275 275 275 275 274 274 272 272 272 272 271 271 270 269 269 269 269 269 269 269 269 269 269 269 269 269 269 269 269 269 269 269 269 269 269 269 269 269 269
300 298 298 298 298 297 297 296 297 296 296 294 294 294 294 293 293 293 293 292 292 290 290 290 290 289 289 288 289 288 287 286 286 286 286 285 285 284 283 283 283 282 282 281 282 280 280 279 279 278 279 278 277 276 276 275 276 275 275 273 273 272 272 272 272 270 270 269 269 269 269 269 269 269 269 269 269 269 269 269 269 269 269 269 269 269 269 269 269 269 269 269 269 269
299 298 298 298 298 297 297 296 296 295 295 294 295 294 294 293 293 292 292 291 291 290 291 290 290 289 288 288 288 287 287 286 286 286 285 284 284 284 284 283 283 282 281 281 281 280 280 279 279 278 278 277 277 276 276 275 275 274 274 273 273 272 273 271 271 270 270 269 269 269 269 269 269 269 269 269 269 269 269 269 269 269 269 269 269 269 269 269 269 269 269 269 269 269
299 298 298 297 297 296 296 297 296 296 295 295 295 294 293 293 292 293 292 292 291 291 291 290 289 289 288 289 288 288 287 286 286 286 285 285 284 284 284 283 282 282 281 281 281 281 279 279 278 278 278 278 277 276 275 275 275 275 274 274 272 272 272 272 271 271 270 269 269 269 269 269 269 269 269 269 269 269 269 269 269 269 269 269 269 269 269 269 269 269 269 269 269 269
298 298 298 298 297 297 296 297 296 295 294 294 294 294 293 293 292 293 292 291 290 290 290 290 289 289 288 289 287 287 286 286 286 286 285 285 283 283 283 283 282 282 281 280 280 280 279 279 278 279 278 277 276 276 275 275 275 275 273 273 272 272 272 272 270 270 269 269 269 269 269 269 269 269 269 269 269 269 269 269 269 269 269 269 269 269 269 269 269 269 269 269 269 269
298 298 298 298 297 296 295 296 295 295 294 294 294 294 293 292 292 292 291 291 290 290 290 290 288 288 287 288 287 287 286 286 286 285 284 284 283 283 283 283 281 281 280 281 280 280 279 279 277 278 277 277 276 276 275 275 274 274 273 273 272 271 271 271 270 270 269 269 269 269 269 269 269 269 269 269 269 269 269 269 269 269 269 269 269 269 269 269 269 269 269 269 269 269
297 297 297 297 296 296 295 296 295 295 294 294 293 293 292 292 292 292 291 291 289 290 289 289 288 288 287 288 287 286 285 285 285 285 284 284 283 283 282 282 281 281 280 281 280 279 278 278 277 278 277 277 275 275 274 275 274 274 273 272 271 272 271 271 270 269 269 269 269 269 269 269 269 269 269 269 269 269 269 269 269 269 269 269 269 269 269 269 269 269 269 269 269 269
297 297 297 297 296 296 295 295 294 294 293 294 293 293 292 292 292 291 290 290 289 290 289 289 288 288 287 287 286 286 285 285 285 285 283 283 282 283 282 282 281 281 280 280 279 279 278 278 277 277 276 276 275 275 274 275 273 273 272 272 271 272 271 270 269 269 269 269 269 269 269 269 269 269 269 269 269 269 269 269 269 269 269 269 269 269 269 269 269 269 269 269 269 269
297 297 296 296 295 295 295 295 294 294 293 294 293 292 291 291 291 291 290 290 289 290 288 288 287 287 287 287 286 286 285 285 284 284 283 283 282 283 282 281 280 280 280 280 279 279 277 277 277 277 276 276 275 274 274 274 273 273 272 272 271 271 270 270 269 269 269 269 269 269 269 269 269 269 269 269 269 269 269 269 269 269 269 269 269 269 269 269 269 269 269 269 269 269
296 297 296 296 295 295 295 295 293 293 292 293 292 292 291 291 291 291 289 289 288 289 288 288 287 287 287 286 285 285 284 285 284 284 283 283 282 282 281 281 280 280 280 279 278 278 277 277 277 277 276 275 274 274 274 274 273 273 271 271 271 271 270 270 269 269 269 269 269 269 269 269 269 269 269 269 269 269 269 269 269 269 269 269 269 269 269 269 269 269 269 269 269 269
296 297 296 296 294 294 294 294 293 293 292 293 292 292 290 290 290 290 289 289 288 289 288 288 286 286 286 286 285 285 284 285 283 283 282 282 282 282 281 281 279 279 279 279 278 278 277 277 276 276 275 275 274 274 274 273 272 272 271 271 271 271 270 270 269 269 269 269 269 269 269 269 269 269 269 269 269 269 269 269 269 269 269 269 269 269 269 269 269 269 269 269 269 269
295 296 295 295 294 294 294 294 293 293 292 292 291 291 290 291 290 290 289 289 288 288 287 287 286 286 286 286 285 284 284 284 283 283 282 282 282 281 280 280 279 279 279 279 278 277 276 276 276 276 275 275 273 273 273 273 272 272 271 271 271 271 270 270 269 269 269 269 269 269 269 269 269 269 269 269 269 269 269 269 269 269 269 269 269 269 269 269 269 269 269 269 269 269
295 296 295 295 294 294 293 293 292 292 292 292 291 291 290 291 289 289 288 288 288 288 287 287 286 286 285 285 284 284 284 284 283 283 281 281 281 281 280 280 279 279 278 278 277 277 276 276 276 275 274 274 273 273 273 273 272 272 271 271 271 271 270 270 269 269 269 269 269 269 269 269 269 269 269 269 269 269 269 269 269 269 269 269 269 269 269 269 269 269 269 269 269 269
295 295 294 294 293 294 293 293 292 292 292 292 290 290 289 290 289 289 288 288 288 288 286 286 285 286 285 285 284 284 284 283 282 282 281 281 281 281 280 279 278 278 278 278 277 277 276 276 275 275 274 274 273 274 273 273 272 272 271 271 271 271 270 270 269 269 269 269 269 269 269 269 269 269 269 269 269 269 269 269 269 269 269 269 269 269 269 269 269 269 269 269 269 269
295 295 294 294 293 294 293 293 291 291 291 291 290 290 289 290 289 289 287 287 287 287 286 286 285 286 285 284 283 283 283 283 282 282 281 280 280 280 279 279 278 279 278 277 276 276 276 276 275 275 274 274 273 274 273 273 272 272 271 272 271 271 270 270 269 269 269 269 269 269 269 269 269 269 269 269 269 269 269 269 269 269 269 269 269 269 269 269 269 269 269 269 269 269
295 295 294 293 292 293 292 292 291 291 291 291 290 290 289 289 288 288 287 287 287 287 286 285 285 285 284 284 283 283 283 283 281 281 280 281 280 280 279 279 277 278 277 277 276 276 276 276 275 275 274 274 273 274 273 273 272 272 271 272 271 271 270 270 269 269 269 269 269 269 269 269 269 269 269 269 269 269 269 269 269 269 269 269 269 269 269 269 269 269 269 269 269 269
294 294 293 293 292 293 292 292 291 290 290 290 289 289 289 289 288 288 287 287 286 286 285 285 285 285 284 284 283 282 282 282 281 281 280 281 280 279 278 278 277 278 277 277 276 276 276 276 275 275 274 274 273 274 273 273 272 272 271 272 271 271 270 270 269 269 269 269 269 269 269 269 269 269 269 269 269 269 269 269 269 269 269 269 269 269 269 269 269 269 269 269 269 269
294 293 293 292 292 291 291 291 290 291 290 290 289 289 289 288 287 287 286 287 286 286 285 285 285 284 283 283 282 282 282 282 281 281 279 280 279 279 278 278 277 278 277 277 276 276 276 276 275 275 274 274 273 274 273 273 272 272 271 272 271 271 270 270 269 270 269 269 269 269 269 269 269 269 269 269 269 269 269 269 269 269 269 269 269 269 269 269 269 269 269 269 269 269
293 292 292 291 292 291 291 290 290 290 290 288 288 287 288 287 287 286 286 286 286 284 284 283 284 283 283 282 282 282 281 280 280 279 279 279 279 278 278 277 277 277 277 276 276 276 276 275 275 274 274 274 274 273 273 272 272 271 271 271 271 270 270 269 269 269 269 269 269 269 269 269 269 269 269 269 269 269 269 269 269 269 269 269 269 269 269 269 269 269 269 269 269 269
293 292 292 291 292 291 291 289 289 289 289 288 288 287 288 287 287 285 285 285 285 284 284 283 284 283 283 281 281 281 281 280 280 279 279 279 279 278 278 277 278 277 277 276 276 276 276 275 275 274 274 274 274 273 273 272 272 271 272 271 271 270 270 269 269 269 269 269 269 269 269 269 269 269 269 269 269 269 269 269 269 269 269 269 269 269 269 269 269 269 269 269 269 269
292 292 291 290 291 290 290 289 289 289 289 288 288 287 287 286 286 285 285 285 285 284 284 283 283 282 282 281 281 281 281 280 280 279 279 279 279 278 278 277 278 277 277 276 276 276 276 275 275 274 274 274 274 273 273 272 272 271 272 271 271 270 270 269 269 269 269 269 269 269 269 269 269 269 269 269 269 269 269 269 269 269 269 269 269 269 269 269 269 269 269 269 269 269
291 291 290 290 290 290 289 289 288 288 288 287 287 287 287 286 286 285 285 284 284 283 283 283 283 282 282 281 281 281 281 280 280 279 280 279 279 278 278 277 278 277 277 276 276 276 276 275 275 274 274 274 274 273 273 272 272 271 272 271 271 270 270 269 270 269 269 269 269 269 269 269 269 269 269 269 269 269 269 269 269 269 269 269 269 269 269 269 269 269 269 269 269 269
291 291 290 290 289 289 288 288 288 288 287 287 286 287 286 285 284 284 285 284 284 283 283 283 283 282 282 281 281 281 281 280 280 279 280 279 279 278 278 277 278 277 277 276 276 276 276 275 275 274 274 274 274 273 273 272 272 271 272 271 271 270 270 269 270 269 269 269 269 269 269 269 269 269 269 269 269 269 269 269 269 269 269 269 269 269 269 269 269 269 269 269 269 269
290 289 289 288 289 289 288 288 288 288 287 286 285 286 285 285 284 284 284 284 283 283 282 283 282 282 281 281 281 281 281 280 280 279 280 279 279 278 278 277 278 277 277 276 276 276 276 275 275 274 274 274 274 273 273 272 272 271 272 271 271 270 270 269 270 269 269 269 269 269 269 269 269 269 269 269 269 269 269 269 269 269 269 269 269 269 269 269 269 269 269 269 269 269
290 289 289 288 289 288 287 286 287 287 286 286 285 286 285 285 284 284 284 284 283 283 282 283 282 282 281 281 281 281 280 280 279 279 279 279 278 278 277 277 278 277 277 276 276 276 276 275 275 274 274 274 274 273 273 272 272 272 272 271 271 270 270 269 270 269 269 269 269 269 269 269 269 269 269 269 269 269 269 269 269 269 269 269 269 269 269 269 269 269 269 269 269 269
289 288 287 288 288 287 287 286 287 286 286 285 285 285 285 285 284 284 284 284 283 283 282 283 282 282 281 281 281 281 280 280 279 279 279 279 278 278 277 278 277 277 276 276 275 276 275 275 274 274 274 274 273 273 272 272 271 272 272 271 271 270 270 269 270 269 269 269 269 269 269 269 269 269 269 269 269 269 269 269 269 269 269 269 269 269 269 269 269 269 269 269 269 269
288 288 287 288 287 287 286 286 287 286 286 285 285 285 285 284 284 284 284 283 283 282 282 283 282 282 281 281 281 281 280 280 279 279 279 279 278 278 277 278 277 277 276 276 275 276 275 275 274 274 274 274 273 273 272 272 271 272 271 271 270 270 269 269 269 269 269 269 269 269 269 269 269 269 269 269 269 269 269 269 269 269 269 269 269 269 269 269 269 269 269 269 269 269
288 287 287 288 287 287 286 286 286 286 285 285 285 285 285 284 284 284 284 283 283 282 282 282 282 281 281 280 281 280 280 280 279 280 279 279 278 278 277 278 277 277 276 276 275 276 275 275 274 274 274 274 273 273 272 272 271 272 271 271 270 270 269 270 269 269 269 269 269 269 269 269 269 269 269 269 269 269 269 269 269 269 269 269 269 269 269 269 269 269 269 269 269 269
288 287 287 287 287 286 286 286 286 286 285 285 285 285 284 284 283 284 284 283 283 282 282 282 282 281 281 280 281 280 280 279 279 279 279 278 278 277 277 278 277 277 276 276 275 276 275 275 274 274 274 274 273 273 272 272 271 272 271 271 270 270 269 270 269 269 269 269 269 269 269 269 269 269 269 269 269 269 269 269 269 269 269 269 269 269 269 269 269 269 269 269 269 269
