testData/tiles/oneDegreeCosts/grid36.0-14.0-37.0-15.0.asc
ncols   200
nrows   200
xllcorner   36.0
yllcorner   14.0
cellsize   0.005
NODATA_value   -9999.0
[rows 84 to 125 of 200, columns 0 to 93 of 200]
330 330 331 332 333 333 333 334 335 336 336 336 337 338 360 360 361 362 362 362 363 364 363 364 365 365 366 367 367 368 369 369 370 370 371 372 372 373 373 374 374 375 375 376 376 377 377 378 378 379 379 380 380 381 381 382 382 382 383 383 384 384 385 385 385 386 386 387 387 387 388 388 388 533 533 533 534 534 534 535 535 535 536 536 536 537 537 537 538 538 538 538 539 539
323 323 323 324 325 326 326 327 328 329 329 330 330 353 354 354 355 355 356 356 357 357 358 359 359 360 361 361 362 363 363 364 365 365 366 366 367 368 368 369 369 370 370 371 372 372 373 373 374 374 375 375 376 376 377 377 377 378 378 379 379 380 380 381 381 381 382 382 383 383 383 384 528 528 529 529 530 530 530 531 531 531 532 532 532 532 533 533 533 534 534 534 535 535
314 315 315 316 317 318 319 319 320 321 322 322 345 346 347 347 347 348 349 350 351 351 352 353 354 354 355 356 357 357 358 359 359 360 360 361 362 362 363 364 364 365 365 366 366 367 368 368 369 369 370 370 371 371 372 372 373 373 374 374 374 375 375 376 376 377 377 377 378 378 379 379 523 524 524 525 525 525 526 526 526 527 527 527 528 528 528 529 529 529 530 530 530 530
305 306 308 308 309 310 311 311 312 313 314 336 337 338 339 340 341 342 343 343 344 345 346 347 347 348 349 350 350 351 352 353 353 354 355 355 356 357 357 358 359 359 360 360 361 362 362 363 363 364 364 365 365 366 366 367 367 368 368 369 369 370 370 371 371 372 372 373 373 373 374 518 519 519 519 520 520 521 521 521 522 522 522 523 523 523 524 524 524 525 525 525 474 474
295 296 297 298 299 300 302 302 303 326 327 328 329 330 331 332 333 334 335 336 337 338 339 340 341 341 342 343 344 345 345 346 347 348 348 349 350 351 351 352 353 353 354 355 355 356 356 357 358 358 359 359 360 360 361 361 362 362 363 364 364 364 365 365 366 366 367 367 368 368 369 513 513 514 514 515 515 515 516 516 517 517 517 518 518 518 519 519 519 468 468 468 469 469
282 284 286 286 288 289 291 292 315 317 318 319 320 322 323 324 325 326 327 328 329 330 331 332 333 334 335 336 337 338 338 339 340 341 342 342 343 344 345 345 346 347 347 348 349 349 350 351 351 352 353 353 354 354 355 356 356 357 357 358 358 359 359 360 360 361 361 362 362 363 507 508 508 508 509 509 510 510 511 511 511 512 512 512 513 513 514 462 462 463 463 463 464 464
280 280 280 280 280 280 280 302 304 305 307 309 310 311 313 314 315 317 318 319 320 321 323 324 325 326 327 328 329 330 331 331 332 333 334 335 336 337 337 338 339 340 340 341 342 343 343 344 345 345 346 347 347 348 348 349 350 350 351 351 352 353 353 354 354 355 355 356 356 357 501 502 502 503 503 503 504 504 505 505 506 506 506 507 507 456 456 456 457 457 457 458 458 458
257 257 280 280 280 280 302 302 302 302 302 302 302 302 302 302 304 305 307 308 310 311 312 314 315 316 317 318 319 320 322 323 324 325 326 326 327 328 329 330 331 332 333 333 334 335 336 337 337 338 339 339 340 341 341 342 343 343 344 345 345 346 346 347 348 348 349 349 350 350 495 495 496 496 497 497 498 498 499 499 499 500 448 449 449 450 450 450 451 451 452 452 452 453
257 257 257 257 257 257 257 257 257 257 302 302 302 302 302 302 302 302 302 302 302 302 302 302 303 304 306 307 308 310 311 312 313 315 316 317 318 319 320 321 322 323 324 325 326 326 327 328 329 330 331 331 332 333 334 334 335 336 336 337 338 338 339 340 340 341 341 342 343 487 488 488 489 489 490 490 491 491 492 492 441 441 442 442 443 443 444 444 444 445 445 446 446 446
257 257 257 257 257 257 257 257 257 257 257 257 257 257 257 257 257 257 257 302 302 302 302 302 302 302 302 302 302 302 302 302 302 302 304 305 306 308 309 310 311 312 313 314 316 317 318 319 319 320 321 322 323 324 325 326 326 327 328 329 329 330 331 332 332 333 334 334 335 479 480 481 481 482 482 483 484 432 433 433 434 434 435 435 436 436 437 437 437 438 438 439 439 440
257 257 257 257 257 257 257 257 257 257 257 257 257 257 257 257 257 257 257 257 257 257 257 257 257 257 257 257 302 302 302 302 302 302 302 302 302 302 302 302 302 302 302 302 303 304 306 307 308 309 310 311 312 313 314 315 316 317 318 319 320 321 321 322 323 324 325 325 470 471 471 472 473 473 474 423 423 424 424 425 426 426 427 427 428 428 429 429 430 430 431 431 432 432
257 257 257 257 257 257 257 257 257 257 257 257 257 257 257 257 257 257 257 257 257 257 257 257 257 257 257 257 257 257 257 257 257 257 257 257 257 257 302 302 302 302 302 302 302 302 302 302 302 302 302 302 302 302 302 303 304 305 306 307 308 309 310 311 312 313 314 315 460 460 461 462 411 412 412 413 414 414 415 416 416 417 418 418 419 419 420 421 421 422 422 423 423 424
257 257 257 257 257 257 257 257 257 257 257 257 257 257 257 257 257 257 257 257 257 257 257 257 257 257 257 257 257 257 257 257 257 257 257 257 257 257 257 257 257 257 257 257 257 257 257 257 257 302 302 302 302 302 302 302 302 302 302 302 302 302 302 302 302 302 302 446 447 396 397 398 399 400 401 402 402 403 404 405 406 406 407 408 409 409 410 411 411 412 412 413 414 414
257 257 257 257 257 257 257 257 257 257 257 257 257 257 257 257 257 257 257 257 257 257 257 257 257 257 257 257 257 257 257 257 257 257 257 257 257 257 257 257 257 257 257 257 257 257 257 257 257 257 257 257 257 257 257 257 257 257 257 257 257 302 302 302 302 302 302 394 394 394 394 394 394 394 394 394 394 394 394 394 394 394 394 395 396 397 397 398 399 400 401 401 402 403
257 257 257 257 257 257 257 257 257 257 257 257 257 257 257 257 257 257 257 257 257 257 257 257 257 257 257 257 257 257 257 257 257 257 257 257 257 257 257 257 257 257 257 257 257 257 257 257 257 257 257 257 257 257 257 257 257 257 257 257 257 257 257 257 205 205 349 349 349 349 349 349 349 349 349 394 394 394 394 394 394 394 394 394 394 394 394 394 394 394 394 394 394 394
257 257 257 257 257 257 257 257 257 257 257 257 257 257 257 257 257 257 257 257 257 257 257 257 257 257 257 257 257 257 257 257 257 257 257 257 257 257 257 257 257 257 257 257 257 257 257 257 257 257 257 257 257 257 257 257 257 257 257 257 257 205 205 205 205 205 349 349 349 349 349 349 349 349 349 349 349 349 349 349 349 349 349 349 349 349 349 349 349 349 349 349 394 394
257 257 257 257 257 257 257 257 257 257 257 257 257 257 257 257 257 257 257 257 257 257 257 257 257 257 257 257 257 257 257 257 257 257 257 257 257 257 257 257 257 257 257 257 257 257 257 257 257 257 257 257 257 257 257 257 257 257 205 205 205 205 205 205 205 349 349 349 349 349 349 349 349 349 349 349 349 349 349 349 349 349 349 349 349 349 349 349 349 349 349 349 349 349
257 257 257 257 257 257 257 257 257 257 257 257 257 257 257 257 257 257 257 257 257 257 257 257 257 257 257 257 257 257 257 257 257 257 257 257 257 257 257 257 257 257 257 257 257 257 257 257 257 257 257 257 257 257 257 205 205 205 205 205 205 205 205 205 205 349 349 349 349 349 349 349 349 349 349 349 349 349 349 349 349 349 349 349 349 349 349 349 349 349 349 349 349 349
257 257 257 257 257 257 257 257 257 257 257 257 257 257 257 257 257 257 257 257 257 257 257 257 257 257 257 257 257 257 257 257 257 257 257 257 257 257 257 257 257 257 257 257 257 257 257 257 257 257 257 257 205 205 205 205 205 205 205 205 205 205 205 205 349 349 349 349 349 349 349 349 349 349 349 349 349 349 349 349 349 349 349 349 349 349 349 349 349 349 349 349 349 349
258 257 257 257 257 257 257 257 257 257 257 257 257 257 257 257 257 257 257 257 257 257 257 257 257 257 257 257 257 257 257 257 257 257 257 257 257 257 257 257 257 257 257 257 257 257 257 257 205 205 205 205 205 205 205 205 205 205 205 205 205 205 205 205 349 349 349 349 349 349 349 349 349 349 349 349 349 349 349 349 349 349 349 349 349 349 349 349 349 349 349 349 349 349
258 257 257 257 257 257 257 257 257 257 257 257 257 257 257 257 257 257 257 257 257 257 257 257 257 257 257 257 257 257 257 257 257 257 257 257 257 257 257 257 257 257 257 257 257 205 205 205 205 205 205 205 205 205 205 205 205 205 205 205 205 205 205 349 349 349 349 349 349 349 349 349 349 349 349 349 349 349 349 349 349 349 349 349 349 349 349 349 349 349 349 349 349 349
258 258 257 257 257 257 257 257 257 257 257 257 257 257 257 257 257 257 257 257 257 257 257 257 257 257 257 257 257 257 257 257 257 257 257 257 257 257 257 257 257 257 205 205 205 205 205 205 205 205 205 205 205 205 205 205 205 205 205 205 205 205 205 349 349 349 349 349 349 349 349 349 349 349 349 349 349 349 349 349 349 349 349 349 349 349 349 349 349 349 349 349 349 349
259 258 257 257 257 257 257 257 257 257 257 257 257 257 257 257 257 257 257 257 257 257 257 257 257 257 257 257 257 257 257 257 257 257 257 257 257 257 205 205 205 205 205 205 205 205 205 205 205 205 205 205 205 205 205 205 205 205 205 205 205 205 205 349 349 349 349 349 349 349 349 349 349 349 349 349 349 349 349 349 349 349 349 349 349 349 349 349 349 349 349 349 349 349
259 258 258 257 257 257 257 257 257 257 257 257 257 257 257 257 257 257 257 257 257 257 257 257 257 257 257 257 257 257 257 257 257 257 205 205 205 205 205 205 205 205 205 205 205 205 205 205 205 205 205 205 205 205 205 205 205 205 205 205 205 205 349 349 349 349 349 349 349 349 349 349 349 349 349 349 349 349 349 349 349 349 349 349 349 349 349 349 349 349 349 349 349 349
259 259 258 257 257 257 257 257 257 257 257 257 257 257 257 257 257 257 257 257 257 257 257 257 257 257 257 257 257 257 257 205 205 205 205 205 205 205 205 205 205 205 205 205 205 205 205 205 205 205 205 205 205 205 205 205 205 205 205 205 205 205 349 349 349 349 349 349 349 349 349 349 349 349 349 349 349 349 349 349 349 349 349 349 349 349 349 349 349 349 349 349 349 349
260 259 258 257 257 257 257 257 257 257 257 257 257 257 257 257 257 257 257 257 257 257 257 257 257 257 257 205 205 205 205 205 205 205 205 205 205 205 205 205 205 205 205 205 205 205 205 205 205 205 205 205 205 205 205 205 205 205 205 205 205 349 349 349 349 349 349 349 349 349 349 349 349 349 349 349 349 349 349 349 349 349 349 349 349 349 349 349 349 349 349 349 349 349
260 259 259 258 257 257 257 257 257 257 257 257 257 257 257 257 257 257 257 257 257 257 257 205 205 205 205 205 205 205 205 205 205 205 205 205 205 205 205 205 205 205 205 205 205 205 205 205 205 205 205 205 205 205 205 205 205 205 205 205 205 349 349 349 349 349 349 349 349 349 349 349 349 349 349 349 349 349 349 349 349 349 349 349 349 349 349 349 349 349 349 349 349 349
260 260 259 258 257 257 257 257 257 257 257 257 257 257 257 257 257 257 205 205 205 205 205 205 205 205 205 205 205 205 205 205 205 205 205 205 205 205 205 205 205 205 205 205 205 205 205 205 205 205 205 205 205 205 205 205 205 205 205 205 349 349 349 349 349 349 349 349 349 349 349 349 349 349 349 349 349 349 349 349 349 349 349 349 349 349 349 349 349 349 349 349 349 349
261 260 259 258 258 257 257 257 257 257 257 257 257 257 205 205 205 205 205 205 205 205 205 205 205 205 205 205 205 205 205 205 205 205 205 205 205 205 205 205 205 205 205 205 205 205 205 205 205 205 205 205 205 205 205 205 205 205 205 205 349 349 349 349 349 349 349 349 349 349 349 349 349 349 349 349 349 349 349 349 349 349 349 349 349 349 349 349 349 349 349 349 349 349
261 260 259 259 258 257 257 257 257 257 205 205 205 205 205 205 205 205 205 205 205 205 205 205 205 205 205 205 205 205 205 205 205 205 205 205 205 205 205 205 205 205 205 205 205 205 205 205 205 205 205 205 205 205 205 205 205 205 205 205 349 349 349 349 349 349 349 349 349 349 349 349 349 349 349 349 349 349 349 349 349 349 349 349 349 349 349 349 349 349 349 349 349 349
261 261 260 259 258 205 205 205 205 205 205 205 205 205 205 205 205 205 205 205 205 205 205 205 205 205 205 205 205 205 205 205 205 205 205 205 205 205 205 205 205 205 205 205 205 205 205 205 205 205 205 205 205 205 205 205 205 205 205 349 349 349 349 349 349 349 349 349 349 349 349 349 349 349 349 349 349 349 349 349 349 349 349 349 349 349 349 349 349 349 349 349 349 349
210 209 208 207 206 206 205 205 205 205 205 205 205 205 205 205 205 205 205 205 205 205 205 205 205 205 205 205 205 205 205 205 205 205 205 205 205 205 205 205 205 205 205 205 205 205 205 205 205 205 205 205 205 205 205 205 205 205 205 349 349 349 349 349 349 349 349 349 349 349 349 349 349 349 349 349 349 349 349 349 349 349 349 349 349 349 349 349 349 349 349 349 349 349
210 209 208 208 207 206 205 205 205 205 205 205 205 205 205 205 205 205 205 205 205 205 205 205 205 205 205 205 205 205 205 205 205 205 205 205 205 205 205 205 205 205 205 205 205 205 205 205 205 205 205 205 205 205 205 205 205 205 349 349 349 349 349 349 349 349 349 349 349 349 349 349 349 349 349 349 349 349 349 349 349 349 349 349 349 349 349 349 349 349 349 349 349 349
210 209 209 208 207 206 205 205 205 205 205 205 205 205 205 205 205 205 205 205 205 205 205 205 205 205 205 205 205 205 205 205 205 205 205 205 205 205 205 205 205 205 205 205 205 205 205 205 205 205 205 205 205 205 205 205 205 205 349 349 349 349 349 349 349 349 349 349 349 349 349 349 349 349 349 349 349 349 349 349 349 349 349 349 349 349 349 349 349 349 349 349 349 349
210 210 209 208 207 206 206 205 205 205 205 205 205 205 205 205 205 205 205 205 205 205 205 205 205 205 205 205 205 205 205 205 205 205 205 205 205 205 205 205 205 205 205 205 205 205 205 205 205 205 205 205 205 205 205 205 205 349 349 349 349 349 349 349 349 349 349 349 349 349 349 349 349 349 349 349 349 349 349 349 349 349 349 349 349 349 349 349 349 349 349 349 349 349
211 210 209 208 208 207 206 205 205 205 205 205 205 205 205 205 205 205 205 205 205 205 205 205 205 205 205 205 205 205 205 205 205 205 205 205 205 205 205 205 205 205 205 205 205 205 205 205 205 205 205 205 205 205 205 205 205 349 349 349 349 349 349 349 349 349 349 349 349 349 349 349 349 349 349 349 349 349 349 349 349 349 349 349 349 349 349 349 349 349 349 349 349 349
211 210 209 209 208 207 206 205 205 205 205 205 205 205 205 205 205 205 205 205 205 205 205 205 205 205 205 205 205 205 205 205 205 205 205 205 205 205 205 205 205 205 205 205 205 205 205 205 205 205 205 205 205 205 205 205 205 349 349 349 349 349 349 349 349 349 349 349 349 349 349 349 349 349 349 349 349 349 349 349 349 349 349 349 349 349 349 349 349 349 349 349 349 349
211 210 210 209 208 207 206 206 205 205 205 205 205 205 205 205 205 205 205 205 205 205 205 205 205 205 205 205 205 205 205 205 205 205 205 205 205 205 205 205 205 205 205 205 205 205 205 205 205 205 205 205 205 205 205 205 349 349 349 349 349 349 349 349 349 349 349 349 349 349 349 349 349 349 349 349 349 349 349 349 349 349 349 349 349 349 349 349 349 349 349 349 349 349
212 211 210 209 208 207 207 206 205 205 205 205 205 205 205 205 205 205 205 205 205 205 205 205 205 205 205 205 205 205 205 205 205 205 205 205 205 205 205 205 205 205 205 205 205 205 205 205 205 205 205 205 205 205 205 205 349 349 349 349 349 349 349 349 349 349 349 349 349 349 349 349 349 349 349 349 349 349 349 349 349 349 349 349 349 349 349 349 349 349 349 349 349 349
212 211 210 209 209 208 207 206 205 205 205 205 205 205 205 205 205 205 205 205 205 205 205 205 205 205 205 205 205 205 205 205 205 205 205 205 205 205 205 205 205 205 205 205 205 205 205 205 205 205 205 205 205 205 205 349 349 349 349 349 349 349 349 349 349 349 349 349 349 349 349 349 349 349 349 349 349 349 349 349 349 349 349 349 349 349 349 349 349 349 349 349 349 349
212 211 210 210 209 208 207 206 205 205 205 205 205 205 205 205 205 205 205 205 205 205 205 205 205 205 205 205 205 205 205 205 205 205 205 205 205 205 205 205 205 205 205 205 205 205 205 205 205 205 205 205 205 205 205 349 349 349 349 349 349 349 349 349 349 349 349 349 349 349 349 349 349 349 349 349 349 349 349 349 349 349 349 349 349 349 349 349 349 349 349 349 349 349
212 211 211 210 209 208 207 207 206 205 205 205 205 205 205 205 205 205 205 205 205 205 205 205 205 205 205 205 205 205 205 205 205 205 205 205 205 205 205 205 205 205 205 205 205 205 205 205 205 205 205 205 205 205 205 349 349 349 349 349 349 349 349 349 349 349 349 349 349 349 349 349 349 349 349 349 349 349 349 349 349 349 349 349 349 349 349 349 349 349 349 349 349 349
