testData/tiles/oneDegreeCosts/grid26.0-18.0-27.0-19.0.asc
ncols   200
nrows   200
xllcorner   26.0
yllcorner   18.0
cellsize   0.005
NODATA_value   -9999.0
[rows 84 to 125 of 200, columns 0 to 93 of 200]
649 648 645 644 643 641 639 637 636 633 632 631 628 627 625 624 621 620 618 615 614 612 609 607 604 603 600 598 595 594 591 588 586 582 580 576 573 571 566 562 557 557 556 535 535 533 533 531 531 529 529 529 527 527 525 525 524 546 545 544 543 542 541 541 539 539 537 537 536 536 536 535 535 534 534 533 534 534 534 535 534 535 534 535 535 535 535 535 535 535 535 535 535 535
648 646 644 643 642 639 638 636 634 632 631 629 627 626 624 622 619 618 616 614 612 609 608 604 603 601 598 596 594 591 589 586 583 580 577 573 571 567 562 558 557 557 535 535 534 533 532 531 531 529 529 528 527 526 525 525 546 545 545 543 543 541 541 540 539 538 537 537 536 536 536 535 535 534 535 534 535 535 535 536 535 536 535 536 536 536 536 535 536 535 536 536 536 536
646 645 643 642 640 638 637 634 633 631 629 628 626 625 622 620 618 616 615 612 610 608 606 603 601 599 596 594 591 589 587 583 581 577 574 571 567 563 558 558 557 536 535 534 534 533 532 531 530 529 528 528 526 526 547 547 545 545 544 543 542 541 540 540 538 538 537 537 536 536 536 535 536 535 536 535 536 536 536 536 536 537 536 536 537 536 537 536 537 536 537 537 536 537
645 644 642 640 639 637 635 633 632 629 628 627 625 622 620 619 616 615 613 610 609 606 604 601 599 597 594 592 589 587 583 581 579 574 571 567 563 560 558 558 536 536 534 534 534 532 532 530 530 528 528 528 549 548 547 547 545 545 544 543 542 540 540 539 538 538 537 537 536 536 536 536 537 536 537 536 537 537 537 537 537 537 537 537 538 537 538 537 538 537 537 538 537 538
644 643 640 639 637 635 634 632 630 628 627 625 622 621 619 617 614 613 611 608 607 604 602 598 597 595 591 590 587 584 581 578 575 571 568 563 560 559 558 537 536 536 534 534 533 532 531 530 529 528 528 550 549 548 547 546 545 544 544 542 542 540 540 538 538 538 537 537 536 537 537 537 538 537 538 537 538 538 538 538 538 538 538 538 539 538 538 538 538 538 538 539 538 538
643 641 639 638 635 634 633 630 629 626 625 623 621 620 617 615 613 611 609 607 604 602 600 597 595 592 590 588 584 582 578 575 572 567 564 560 559 558 537 537 536 535 534 533 533 531 531 529 529 551 550 550 548 548 546 546 544 544 543 542 541 540 539 538 538 538 537 538 537 538 538 538 539 538 539 538 539 539 539 539 539 539 539 539 539 539 539 539 539 538 539 539 539 539
640 640 638 636 634 632 630 628 627 624 623 621 620 617 615 614 610 609 608 604 603 599 598 595 592 590 587 584 581 579 575 572 568 564 561 559 559 537 537 537 535 535 533 533 532 531 531 529 552 550 550 549 548 547 546 545 544 543 543 541 541 539 539 538 538 538 538 539 538 539 538 539 539 539 540 539 540 540 539 540 539 540 539 540 540 540 540 539 540 539 540 540 539 540
639 638 635 634 632 630 629 627 625 623 622 618 617 616 614 611 609 608 604 603 600 597 596 592 590 588 584 582 579 576 572 568 565 561 560 559 538 537 537 536 535 534 533 532 531 531 553 552 551 550 549 549 547 547 545 545 543 543 542 541 540 539 539 538 539 539 539 540 539 540 539 540 540 540 540 540 540 541 540 541 540 541 540 541 541 540 541 540 541 540 540 541 540 540
638 636 634 633 630 629 628 625 624 621 619 617 616 613 611 610 606 605 602 600 598 596 593 590 588 584 582 580 575 573 568 565 562 560 560 538 538 537 536 536 534 534 532 532 531 553 553 551 551 549 549 547 547 546 545 544 543 542 542 540 540 539 540 539 540 540 540 541 540 541 540 541 541 541 541 541 541 541 541 542 541 541 541 541 542 541 541 541 541 541 541 541 541 541
636 635 633 631 629 628 625 623 622 619 618 615 613 612 610 607 605 603 600 598 596 593 591 588 585 582 580 576 572 569 564 562 560 560 539 538 538 536 536 535 534 533 532 555 553 553 552 551 550 549 548 547 546 546 544 544 542 542 541 540 540 540 541 540 541 541 541 542 541 542 541 542 542 542 542 542 542 541 542 542 542 542 542 542 542 542 542 542 542 541 542 542 541 542
635 634 631 629 627 625 623 622 620 618 616 613 612 609 607 605 603 600 598 596 593 591 589 585 583 579 576 573 568 565 562 561 560 539 539 538 537 536 535 535 533 533 555 554 553 552 552 550 550 548 548 546 546 545 544 543 542 541 541 541 541 541 542 541 542 542 542 542 542 542 542 542 543 542 543 542 543 542 543 543 542 543 542 543 542 542 543 542 543 542 542 543 542 542
632 630 629 628 625 624 622 620 618 616 614 611 610 607 605 604 600 599 596 593 590 588 585 582 579 576 573 569 565 563 561 541 539 539 539 537 537 535 535 535 556 556 554 554 552 552 551 550 549 548 547 546 545 545 543 543 541 541 541 542 542 542 543 542 543 542 543 543 543 543 543 543 544 543 544 543 544 543 543 544 543 544 543 543 543 543 544 543 543 543 543 543 543 543
631 629 627 626 624 622 619 618 616 613 612 610 607 605 603 601 598 597 593 591 588 585 583 579 576 573 569 564 563 562 541 540 539 539 538 537 536 535 535 556 556 555 554 553 552 551 550 549 549 547 547 545 545 544 543 542 542 542 542 543 543 543 543 543 544 543 544 544 544 544 544 544 544 544 544 544 544 544 544 544 544 544 544 544 543 544 544 544 544 543 544 543 543 544
630 627 626 623 621 620 618 617 613 612 611 607 606 603 601 598 596 594 591 588 585 583 579 576 573 568 565 563 562 542 540 540 539 538 537 536 536 557 557 556 555 555 553 553 551 551 549 549 548 547 546 545 544 543 543 543 543 543 543 544 544 544 544 544 544 544 544 545 544 545 544 545 544 545 545 545 545 544 545 544 545 545 544 545 544 544 545 544 545 544 544 544 544 544
627 625 624 621 620 618 615 614 612 609 607 605 603 600 599 595 593 591 587 585 582 579 575 573 569 564 563 562 542 541 540 539 538 538 536 536 558 557 557 555 555 553 553 552 551 550 549 548 548 546 546 544 544 543 544 544 544 544 544 545 544 545 545 545 545 545 545 546 545 546 545 546 545 545 546 545 546 545 545 545 545 546 545 545 545 545 545 545 545 544 545 544 544 545
626 624 622 619 618 615 614 612 609 608 605 603 601 598 596 593 591 587 585 583 579 576 572 568 565 563 563 542 541 540 539 539 538 538 559 558 558 556 556 555 554 553 552 552 550 550 548 548 546 546 545 545 544 544 545 545 545 545 545 545 545 546 546 546 546 546 546 546 546 546 546 546 546 546 547 546 546 546 546 546 546 546 546 546 545 546 545 545 546 545 545 545 545 545
622 621 620 618 616 613 612 610 607 606 602 601 598 595 594 591 588 585 582 579 576 572 568 565 563 563 543 541 541 539 539 539 538 560 558 558 556 556 556 554 554 552 552 551 550 549 548 547 546 546 546 545 545 545 545 545 546 546 546 546 546 546 547 546 547 546 547 546 547 547 547 547 546 547 547 547 547 546 547 546 547 547 546 547 546 546 546 546 546 546 546 545 546 545
621 620 618 615 614 611 609 607 604 603 600 598 595 593 590 587 585 581 579 575 571 568 565 564 563 542 542 541 540 539 539 539 560 559 558 557 556 555 555 554 553 552 551 550 549 549 547 547 546 546 546 546 546 546 546 546 547 547 547 547 547 547 547 547 548 547 548 547 547 548 547 548 547 548 547 547 548 547 547 547 547 547 547 547 547 547 546 547 547 546 547 546 546 546
619 617 615 614 611 609 607 604 602 601 597 596 593 590 587 585 582 578 576 571 567 565 564 564 542 542 541 540 540 539 561 560 559 559 557 557 555 555 554 553 553 551 551 549 549 548 547 547 547 546 546 547 547 547 547 547 547 548 547 548 547 548 547 548 548 548 548 548 548 548 548 548 548 548 548 548 548 548 548 547 548 547 548 548 547 548 547 547 547 547 547 546 547 546
617 616 613 611 610 607 605 602 600 597 595 593 589 587 584 581 579 574 571 567 565 564 544 543 542 541 540 540 540 561 560 559 559 557 557 556 555 554 553 553 552 551 550 549 548 548 547 548 547 547 547 547 548 548 548 548 548 548 548 549 548 549 548 549 549 549 549 548 549 548 549 549 548 549 548 549 548 548 549 548 548 548 548 548 548 548 547 548 547 547 548 547 547 547
615 613 610 609 606 604 603 599 597 595 592 590 587 584 581 578 573 570 567 565 565 544 543 543 541 541 540 562 561 560 560 559 558 557 556 556 554 554 552 552 552 550 550 549 549 548 548 548 548 548 548 548 548 548 549 548 549 548 549 549 549 549 549 549 549 549 550 549 549 549 549 550 549 549 549 549 549 549 549 549 549 548 549 548 548 549 548 548 548 548 548 548 548 547
612 611 609 606 604 602 599 597 595 591 589 586 583 581 577 574 570 567 566 565 544 543 543 541 541 541 562 562 560 560 559 558 558 556 556 555 554 553 552 551 550 550 550 549 549 549 548 549 548 549 549 549 549 549 550 549 550 549 550 549 550 550 550 550 549 550 550 550 550 550 550 550 550 550 549 550 549 550 550 549 550 549 549 549 549 549 549 549 548 549 548 548 548 548
611 607 606 604 601 599 596 594 592 589 586 583 580 576 573 570 566 566 565 544 544 542 542 541 541 563 562 561 560 559 558 557 557 556 555 554 553 553 551 551 550 550 550 549 549 549 549 549 549 550 549 550 550 550 551 550 551 550 550 550 550 551 550 551 550 551 550 550 551 550 551 550 550 551 550 550 550 550 550 550 550 550 550 549 550 550 549 549 549 549 548 549 549 548
608 605 604 600 599 597 593 591 588 585 583 580 576 572 569 567 566 545 544 544 543 542 542 563 563 561 561 561 559 559 557 557 556 555 555 553 553 551 551 550 550 550 550 549 550 549 550 550 550 551 550 551 550 551 551 551 551 551 551 551 551 552 551 551 551 551 551 551 551 551 551 551 551 551 551 551 550 551 550 550 551 550 550 550 550 550 550 550 549 550 549 549 550 549
606 602 601 598 595 594 591 588 585 582 578 575 572 567 567 566 545 545 544 543 542 542 564 563 562 561 560 560 559 558 557 556 555 554 554 553 552 551 551 551 550 551 550 550 551 550 551 550 551 551 551 552 551 552 551 552 552 551 552 551 552 552 552 552 551 552 551 552 552 551 552 551 552 551 551 552 551 551 551 551 551 551 551 550 551 550 550 551 550 550 549 550 549 549
602 600 599 595 593 590 587 585 582 578 574 571 568 567 567 545 545 544 543 543 542 564 562 562 562 560 560 558 558 558 556 556 554 554 553 552 551 551 552 551 551 551 550 551 551 551 552 551 552 551 552 552 552 552 552 552 552 552 553 552 552 552 552 553 552 553 552 552 552 552 552 552 552 552 552 552 552 552 551 552 551 551 552 551 551 550 551 550 550 551 550 550 550 550
600 597 594 592 589 586 584 580 577 575 569 568 567 566 546 545 544 543 543 565 564 563 562 562 561 560 559 558 557 556 556 555 554 553 552 552 552 551 552 551 551 552 551 552 551 552 552 552 553 552 553 552 553 553 552 553 552 553 553 553 553 553 553 553 553 553 553 553 552 553 553 552 553 552 552 552 552 552 552 552 551 552 552 551 552 551 551 551 551 551 550 551 550 550
596 595 592 589 586 584 580 577 574 568 568 568 546 546 544 544 544 543 565 564 563 563 561 561 560 559 559 557 557 555 555 555 553 553 552 553 552 552 552 551 552 552 552 553 552 553 552 553 553 553 553 553 553 554 553 554 553 553 553 553 554 553 554 553 553 554 553 553 553 553 553 553 553 553 553 552 553 553 552 553 552 552 552 552 552 552 552 551 551 552 551 551 551 551
594 591 588 586 582 579 577 572 569 568 567 547 546 545 544 544 544 565 564 563 563 562 561 560 559 558 557 557 556 555 554 553 553 553 553 553 552 552 552 552 553 552 553 553 553 553 553 553 553 553 554 553 554 554 554 554 554 554 554 554 554 554 554 554 554 554 554 554 553 554 553 554 554 553 554 553 553 553 553 553 552 553 552 552 553 552 552 552 552 551 551 552 551 551
590 587 585 582 578 575 571 569 568 567 547 545 545 545 544 566 565 564 564 562 562 561 560 560 558 558 556 556 556 554 554 553 553 553 553 552 552 553 552 553 554 553 554 553 554 554 554 554 554 554 555 554 555 554 554 554 554 555 554 555 554 554 555 554 555 554 554 555 554 554 554 554 554 554 554 553 554 553 553 554 553 553 553 553 553 553 553 552 552 552 552 552 552 552
588 583 581 577 574 570 569 568 547 547 546 545 545 545 566 565 564 564 562 562 561 560 560 558 558 557 556 555 554 554 554 554 553 553 553 553 553 554 553 554 554 554 554 554 554 555 554 555 554 555 555 555 555 555 555 555 555 555 555 555 555 555 555 555 555 554 555 555 555 555 554 555 554 554 555 554 554 554 554 554 554 554 553 553 553 553 553 553 553 552 552 552 552 552
582 580 576 572 570 568 568 548 546 546 546 545 545 565 565 565 563 563 562 561 561 559 559 557 557 557 555 555 554 554 554 554 553 553 554 553 554 554 554 555 554 555 555 555 555 555 555 556 555 556 555 555 556 555 556 555 556 555 555 556 555 556 555 555 556 555 555 555 555 555 555 555 554 555 554 554 555 554 554 554 554 554 554 554 553 554 553 553 553 553 553 552 552 553
578 575 571 569 569 568 547 547 546 545 545 545 566 565 564 563 563 562 561 560 559 559 558 557 556 555 555 555 554 554 554 554 554 554 554 554 555 555 555 555 555 555 556 555 556 555 556 556 556 556 556 556 556 556 556 556 556 556 556 556 556 556 556 556 556 556 556 555 556 555 555 556 555 555 555 555 555 555 555 554 555 554 554 554 554 554 553 554 554 553 553 553 553 487
574 571 569 569 548 547 547 545 545 545 566 566 565 564 564 562 562 561 560 560 558 558 557 556 556 555 555 554 554 554 554 554 554 555 555 555 555 555 556 556 556 556 556 556 557 556 556 556 556 557 556 557 556 557 556 556 557 556 557 556 556 557 556 556 556 556 557 556 556 556 556 556 556 556 555 556 555 555 555 555 555 554 555 555 554 554 554 554 554 554 554 488 488 488
570 569 569 548 547 547 546 545 545 566 566 565 564 564 562 562 561 560 560 558 558 557 556 555 555 555 555 555 554 555 555 555 555 555 555 556 556 556 556 556 556 557 556 557 557 557 557 557 557 557 557 557 557 557 557 557 557 557 557 557 557 557 557 557 556 557 556 556 557 556 556 556 556 556 556 556 555 556 556 555 556 555 555 555 555 555 554 555 554 554 489 489 489 488
570 568 548 548 546 546 545 545 567 565 565 564 563 563 561 561 561 559 559 557 557 557 556 556 555 555 555 555 555 555 555 556 556 556 556 556 557 556 557 556 557 557 557 557 557 557 558 557 558 557 558 557 557 558 557 558 557 557 558 557 557 557 557 558 557 557 557 557 557 557 557 556 557 556 556 557 556 556 556 556 556 555 556 555 555 555 555 555 554 490 489 489 489 489
548 548 547 546 546 545 545 567 565 565 564 563 563 562 561 560 559 559 558 557 556 556 556 556 555 555 555 555 556 556 556 556 556 557 557 557 557 557 558 557 558 557 558 558 558 558 558 558 558 558 558 558 558 558 558 558 558 558 558 558 558 557 558 557 557 558 557 557 557 557 557 557 557 556 557 557 556 557 556 556 556 556 556 555 556 555 555 555 490 490 489 489 490 489
547 547 547 546 546 567 566 566 564 564 564 562 562 561 560 560 558 558 556 556 556 556 556 555 555 556 556 556 556 556 557 557 557 557 557 558 557 558 558 558 558 558 558 558 558 559 558 558 558 558 559 558 559 558 558 559 558 558 558 558 559 558 558 558 558 558 558 558 557 558 557 557 558 557 557 557 557 557 556 557 556 556 557 556 556 555 556 491 490 490 490 490 489 489
547 546 546 546 567 566 566 564 564 563 562 562 561 560 559 558 558 557 556 556 556 556 556 555 556 556 556 557 557 557 558 557 558 557 558 559 558 559 558 558 559 558 559 558 559 559 559 559 558 559 559 559 559 558 559 559 559 559 558 559 558 558 559 558 558 558 558 558 558 558 557 558 558 557 558 557 557 558 557 557 556 557 556 556 557 491 491 491 491 491 490 490 490 490
546 546 546 567 566 565 565 563 563 563 561 561 559 559 559 557 557 556 556 557 556 556 557 556 557 557 557 558 557 558 558 558 559 558 559 559 559 559 559 559 559 559 560 559 559 559 559 560 559 559 559 559 560 559 559 559 559 560 559 559 559 559 559 559 559 558 559 558 558 559 558 558 558 558 558 557 558 557 557 558 557 557 556 557 492 491 492 491 491 491 491 491 490 490
546 546 567 566 565 565 563 563 562 561 561 560 559 558 557 557 556 556 556 556 556 557 557 557 558 557 558 558 558 559 558 559 559 559 559 559 559 559 559 560 559 560 560 560 560 559 560 560 560 560 559 560 560 560 560 559 560 559 559 560 559 559 559 559 559 559 559 558 559 559 558 559 558 558 559 558 558 557 558 557 557 558 557 492 492 492 492 491 491 491 491 491 490 491
546 566 566 565 564 564 562 562 562 560 560 558 558 558 556 556 556 556 557 556 557 558 557 558 558 558 559 558 559 559 559 560 559 560 559 560 560 559 560 560 560 560 560 560 561 560 560 560 560 561 560 560 560 560 561 560 560 560 560 560 560 560 559 560 559 559 560 559 559 559 559 559 558 559 558 558 559 558 558 558 558 493 493 493 492 492 492 492 492 491 491 491 491 491
