testData/tiles/oneDegreeCosts/grid11.0-23.0-12.0-24.0.asc
ncols   200
nrows   200
xllcorner   11.0
yllcorner   23.0
cellsize   0.005
NODATA_value   -9999.0
[rows 0 to 41 of 200, columns 94 to 187 of 200]
123 123 124 124 125 125 125 126 126 127 127 127 128 128 129 129 130 130 130 131 131 132 132 132 133 133 134 134 134 135 135 136 136 136 137 137 138 138 138 139 139 139 140 140 141 141 141 142 142 143 143 143 144 144 144 145 145 146 146 146 147 147 147 148 148 148 149 149 149 150 150 151 151 151 152 152 152 153 153 153 154 154 154 155 155 155 156 156 156 156 157 157 157 158
123 123 123 124 124 125 125 126 126 126 127 127 128 128 128 129 129 130 130 130 131 131 132 132 132 133 133 134 134 134 135 135 136 136 136 137 137 138 138 138 139 139 140 140 140 141 141 141 142 142 143 143 143 144 144 144 145 145 146 146 146 147 147 147 148 148 148 149 149 149 150 150 150 151 151 152 152 152 153 153 153 154 154 154 154 155 155 155 156 156 156 157 157 157
122 123 123 124 124 124 125 125 126 126 126 127 127 128 128 129 129 129 130 130 131 131 131 132 132 133 133 133 134 134 135 135 135 136 136 137 137 137 138 138 138 139 139 140 140 140 141 141 142 142 142 143 143 143 144 144 144 145 145 146 146 146 147 147 147 148 148 148 149 149 149 150 150 150 151 151 151 152 152 152 153 153 153 154 154 154 155 155 155 156 156 156 157 157
122 122 123 123 124 124 125 125 125 126 126 127 127 127 128 128 129 129 129 130 130 131 131 131 132 132 133 133 133 134 134 135 135 135 136 136 137 137 137 138 138 139 139 139 140 140 140 141 141 142 142 142 143 143 143 144 144 144 145 145 146 146 146 147 147 147 148 148 148 149 149 149 150 150 150 151 151 151 152 152 152 153 153 153 154 154 154 155 155 155 156 156 156 156
122 122 123 123 123 124 124 125 125 125 126 126 127 127 128 128 128 129 129 130 130 130 131 131 132 132 132 133 133 134 134 134 135 135 136 136 136 137 137 137 138 138 139 139 139 140 140 140 141 141 142 142 142 143 143 143 144 144 144 145 145 146 146 146 147 147 147 148 148 148 149 149 149 150 150 150 151 151 151 152 152 152 153 153 153 154 154 154 155 155 155 155 156 156
121 122 122 123 123 124 124 124 125 125 126 126 126 127 127 128 128 128 129 129 130 130 130 131 131 132 132 132 133 133 134 134 134 135 135 136 136 136 137 137 137 138 138 139 139 139 140 140 140 141 141 142 142 142 143 143 143 144 144 145 145 145 146 146 146 147 147 147 148 148 148 149 149 149 150 150 150 151 151 151 152 152 152 153 153 153 154 154 154 154 155 155 155 156
121 122 122 122 123 123 124 124 124 125 125 126 126 127 127 127 128 128 129 129 129 130 130 131 131 131 132 132 133 133 133 134 134 134 135 135 136 136 136 137 137 138 138 138 139 139 139 140 140 141 141 141 142 142 142 143 143 143 144 144 145 145 145 146 146 146 147 147 147 148 148 148 149 149 149 150 150 150 151 151 151 152 152 152 153 153 153 153 154 154 154 155 155 155
121 121 122 122 123 123 123 124 124 125 125 125 126 126 127 127 127 128 128 129 129 129 130 130 131 131 131 132 132 133 133 133 134 134 135 135 135 136 136 136 137 137 138 138 138 139 139 139 140 140 141 141 141 142 142 142 143 143 143 144 144 144 145 145 146 146 146 147 147 147 148 148 148 149 149 149 150 150 150 151 151 151 152 152 152 152 153 153 153 154 154 154 155 155
121 121 121 122 122 123 123 124 124 124 125 125 126 126 126 127 127 128 128 128 129 129 130 130 130 131 131 132 132 132 133 133 133 134 134 135 135 135 136 136 137 137 137 138 138 138 139 139 139 140 140 141 141 141 142 142 142 143 143 143 144 144 144 145 145 146 146 146 147 147 147 148 148 148 149 149 149 150 150 150 150 151 151 151 152 152 152 153 153 153 154 154 154 154
120 121 121 122 122 122 123 123 124 124 124 125 125 126 126 126 127 127 128 128 128 129 129 130 130 130 131 131 132 132 132 133 133 134 134 134 135 135 135 136 136 137 137 137 138 138 138 139 139 139 140 140 141 141 141 142 142 142 143 143 143 144 144 144 145 145 145 146 146 147 147 147 148 148 148 148 149 149 149 150 150 150 151 151 151 152 152 152 153 153 153 153 154 154
120 120 121 121 122 122 123 123 123 124 124 125 125 125 126 126 127 127 127 128 128 129 129 129 130 130 130 131 131 132 132 132 133 133 134 134 134 135 135 135 136 136 137 137 137 138 138 138 139 139 140 140 140 141 141 141 142 142 142 143 143 143 144 144 144 145 145 145 146 146 146 147 147 147 148 148 148 149 149 149 150 150 150 151 151 151 152 152 152 152 153 153 153 154
120 120 121 121 121 122 122 123 123 123 124 124 125 125 125 126 126 127 127 127 128 128 129 129 129 130 130 131 131 131 132 132 132 133 133 134 134 134 135 135 135 136 136 137 137 137 138 138 138 139 139 140 140 140 141 141 141 142 142 142 143 143 143 144 144 144 145 145 145 146 146 146 147 147 147 148 148 148 149 149 149 150 150 150 151 151 151 151 152 152 152 153 153 153
119 120 120 121 121 122 122 122 123 123 124 124 124 125 125 126 126 126 127 127 128 128 128 129 129 129 130 130 131 131 131 132 132 133 133 133 134 134 134 135 135 136 136 136 137 137 137 138 138 138 139 139 140 140 140 141 141 141 142 142 142 143 143 143 144 144 144 145 145 145 146 146 146 147 147 147 148 148 148 149 149 149 150 150 150 150 151 151 151 152 152 152 153 153
119 120 120 120 121 121 122 122 122 123 123 124 124 124 125 125 126 126 126 127 127 128 128 128 129 129 130 130 130 131 131 131 132 132 133 133 133 134 134 134 135 135 136 136 136 137 137 137 138 138 138 139 139 140 140 140 141 141 141 142 142 142 143 143 143 144 144 144 145 145 145 146 146 146 147 147 147 148 148 148 149 149 149 149 150 150 150 151 151 151 152 152 152 152
119 119 120 120 121 121 121 122 122 123 123 123 124 124 125 125 125 126 126 126 127 127 128 128 128 129 129 130 130 130 131 131 131 132 132 133 133 133 134 134 134 135 135 136 136 136 137 137 137 138 138 138 139 139 140 140 140 141 141 141 142 142 142 143 143 143 144 144 144 145 145 145 146 146 146 147 147 147 148 148 148 148 149 149 149 150 150 150 151 151 151 151 152 152
119 119 119 120 120 121 121 121 122 122 123 123 123 124 124 125 125 125 126 126 127 127 127 128 128 128 129 129 130 130 130 131 131 132 132 132 133 133 133 134 134 135 135 135 136 136 136 137 137 137 138 138 138 139 139 140 140 140 141 141 141 142 142 142 143 143 143 144 144 144 145 145 145 146 146 146 146 147 147 147 148 148 148 149 149 149 150 150 150 150 151 151 151 152
118 119 119 120 120 120 121 121 122 122 122 123 123 124 124 124 125 125 125 126 126 127 127 127 128 128 129 129 129 130 130 130 131 131 132 132 132 133 133 133 134 134 135 135 135 136 136 136 137 137 137 138 138 138 139 139 139 140 140 141 141 141 142 142 142 143 143 143 144 144 144 145 145 145 145 146 146 146 147 147 147 148 148 148 149 149 149 149 150 150 150 151 151 151
118 118 119 119 120 120 120 121 121 122 122 122 123 123 124 124 124 125 125 126 126 126 127 127 127 128 128 129 129 129 130 130 130 131 131 132 132 132 133 133 133 134 134 135 135 135 136 136 136 137 137 137 138 138 138 139 139 139 140 140 140 141 141 142 142 142 142 143 143 143 144 144 144 145 145 145 146 146 146 147 147 147 148 148 148 148 149 149 149 150 150 150 150 151
118 118 119 119 119 120 120 121 121 121 122 122 122 123 123 124 124 124 125 125 126 126 126 127 127 128 128 128 129 129 129 130 130 131 131 131 132 132 132 133 133 133 134 134 135 135 135 136 136 136 137 137 137 138 138 138 139 139 139 140 140 140 141 141 141 142 142 142 143 143 143 144 144 144 145 145 145 146 146 146 147 147 147 147 148 148 148 149 149 149 149 150 150 150
117 118 118 119 119 119 120 120 121 121 121 122 122 123 123 123 124 124 125 125 125 126 126 126 127 127 128 128 128 129 129 129 130 130 131 131 131 132 132 132 133 133 133 134 134 135 135 135 136 136 136 137 137 137 138 138 138 139 139 139 140 140 140 141 141 141 142 142 142 143 143 143 144 144 144 145 145 145 146 146 146 146 147 147 147 148 148 148 148 149 149 149 150 150
117 118 118 118 119 119 119 120 120 121 121 121 122 122 123 123 123 124 124 125 125 125 126 126 126 127 127 128 128 128 129 129 129 130 130 131 131 131 132 132 132 133 133 133 134 134 135 135 135 136 136 136 137 137 137 138 138 138 139 139 139 140 140 140 141 141 141 142 142 142 143 143 143 144 144 144 145 145 145 145 146 146 146 147 147 147 147 148 148 148 149 149 149 149
117 117 118 118 118 119 119 120 120 120 121 121 122 122 122 123 123 123 124 124 125 125 125 126 126 127 127 127 128 128 128 129 129 130 130 130 131 131 131 132 132 132 133 133 133 134 134 135 135 135 136 136 136 137 137 137 138 138 138 139 139 139 140 140 140 141 141 141 142 142 142 143 143 143 144 144 144 144 145 145 145 146 146 146 147 147 147 147 148 148 148 148 149 149
116 117 117 118 118 118 119 119 120 120 120 121 121 122 122 122 123 123 124 124 124 125 125 125 126 126 127 127 127 128 128 128 129 129 130 130 130 131 131 131 132 132 132 133 133 133 134 134 135 135 135 136 136 136 137 137 137 138 138 138 139 139 139 140 140 140 141 141 141 142 142 142 142 143 143 143 144 144 144 145 145 145 146 146 146 146 147 147 147 148 148 148 148 149
116 117 117 117 118 118 119 119 119 120 120 121 121 121 122 122 122 123 123 124 124 124 125 125 125 126 126 127 127 127 128 128 128 129 129 130 130 130 131 131 131 132 132 132 133 133 133 134 134 135 135 135 136 136 136 137 137 137 138 138 138 139 139 139 140 140 140 141 141 141 141 142 142 142 143 143 143 144 144 144 145 145 145 145 146 146 146 147 147 147 147 148 148 148
116 116 117 117 117 118 118 119 119 119 120 120 121 121 121 122 122 123 123 123 124 124 124 125 125 126 126 126 127 127 127 128 128 128 129 129 130 130 130 131 131 131 132 132 132 133 133 133 134 134 135 135 135 136 136 136 137 137 137 138 138 138 139 139 139 139 140 140 140 141 141 141 142 142 142 143 143 143 144 144 144 144 145 145 145 146 146 146 146 147 147 147 148 148
116 116 116 117 117 118 118 118 119 119 119 120 120 121 121 121 122 122 123 123 123 124 124 124 125 125 126 126 126 127 127 127 128 128 129 129 129 130 130 130 131 131 131 132 132 132 133 133 133 134 134 134 135 135 135 136 136 137 137 137 137 138 138 138 139 139 139 140 140 140 141 141 141 142 142 142 143 143 143 143 144 144 144 145 145 145 145 146 146 146 147 147 147 147
115 116 116 116 117 117 118 118 118 119 119 120 120 120 121 121 121 122 122 123 123 123 124 124 124 125 125 126 126 126 127 127 127 128 128 129 129 129 130 130 130 131 131 131 132 132 132 133 133 133 134 134 134 135 135 135 136 136 136 137 137 137 138 138 138 139 139 139 140 140 140 141 141 141 142 142 142 142 143 143 143 144 144 144 144 145 145 145 146 146 146 146 147 147
115 115 116 116 117 117 117 118 118 118 119 119 120 120 120 121 121 122 122 122 123 123 123 124 124 125 125 125 126 126 126 127 127 127 128 128 129 129 129 130 130 130 131 131 131 132 132 132 133 133 133 134 134 134 135 135 135 136 136 136 137 137 137 138 138 138 139 139 139 140 140 140 141 141 141 141 142 142 142 143 143 143 143 144 144 144 145 145 145 145 146 146 146 146
115 115 115 116 116 117 117 117 118 118 119 119 119 120 120 120 121 121 122 122 122 123 123 123 124 124 125 125 125 126 126 126 127 127 127 128 128 129 129 129 130 130 130 131 131 131 132 132 132 133 133 133 134 134 134 135 135 135 136 136 136 137 137 137 138 138 138 139 139 139 139 140 140 140 141 141 141 142 142 142 142 143 143 143 144 144 144 144 145 145 145 146 146 146
114 115 115 116 116 116 117 117 117 118 118 119 119 119 120 120 120 121 121 122 122 122 123 123 123 124 124 125 125 125 126 126 126 127 127 127 128 128 129 129 129 130 130 130 131 131 131 132 132 132 133 133 133 134 134 134 135 135 135 136 136 136 137 137 137 138 138 138 138 139 139 139 140 140 140 141 141 141 141 142 142 142 143 143 143 143 144 144 144 145 145 145 145 146
114 114 115 115 116 116 116 117 117 117 118 118 119 119 119 120 120 121 121 121 122 122 122 123 123 123 124 124 125 125 125 126 126 126 127 127 127 128 128 129 129 129 130 130 130 131 131 131 132 132 132 133 133 133 134 134 134 135 135 135 136 136 136 137 137 137 137 138 138 138 139 139 139 140 140 140 140 141 141 141 142 142 142 143 143 143 143 144 144 144 144 145 145 145
114 114 114 115 115 116 116 116 117 117 118 118 118 119 119 119 120 120 121 121 121 122 122 122 123 123 124 124 124 125 125 125 126 126 126 127 127 127 128 128 129 129 129 130 130 130 131 131 131 132 132 132 133 133 133 134 134 134 135 135 135 136 136 136 136 137 137 137 138 138 138 139 139 139 139 140 140 140 141 141 141 142 142 142 142 143 143 143 143 144 144 144 145 145
113 114 114 115 115 115 116 116 116 117 117 118 118 118 119 119 119 120 120 121 121 121 122 122 122 123 123 124 124 124 125 125 125 126 126 126 127 127 127 128 128 128 129 129 130 130 130 131 131 131 132 132 132 133 133 133 134 134 134 134 135 135 135 136 136 136 137 137 137 138 138 138 138 139 139 139 140 140 140 141 141 141 141 142 142 142 142 143 143 143 144 144 144 144
113 113 114 114 115 115 115 116 116 117 117 117 118 118 118 119 119 120 120 120 121 121 121 122 122 122 123 123 124 124 124 125 125 125 126 126 126 127 127 127 128 128 128 129 129 129 130 130 130 131 131 131 132 132 132 133 133 133 134 134 134 135 135 135 136 136 136 137 137 137 137 138 138 138 139 139 139 140 140 140 140 141 141 141 142 142 142 142 143 143 143 143 144 144
113 113 114 114 114 115 115 115 116 116 117 117 117 118 118 118 119 119 120 120 120 121 121 121 122 122 122 123 123 124 124 124 125 125 125 126 126 126 127 127 127 128 128 128 129 129 129 130 130 130 131 131 131 132 132 132 133 133 133 134 134 134 135 135 135 136 136 136 136 137 137 137 138 138 138 139 139 139 139 140 140 140 141 141 141 141 142 142 142 142 143 143 143 143
112 113 113 114 114 114 115 115 115 116 116 117 117 117 118 118 118 119 119 120 120 120 121 121 121 122 122 122 123 123 124 124 124 125 125 125 126 126 126 127 127 127 128 128 128 129 129 129 130 130 130 131 131 131 132 132 132 133 133 133 134 134 134 135 135 135 135 136 136 136 137 137 137 138 138 138 138 139 139 139 140 140 140 140 141 141 141 141 142 142 142 143 143 143
112 112 113 113 114 114 114 115 115 116 116 116 117 117 117 118 118 119 119 119 120 120 120 121 121 121 122 122 122 123 123 124 124 124 125 125 125 126 126 126 127 127 127 128 128 128 129 129 129 130 130 130 131 131 131 132 132 132 133 133 133 134 134 134 134 135 135 135 136 136 136 137 137 137 137 138 138 138 139 139 139 139 140 140 140 141 141 141 141 142 142 142 142 143
112 112 113 113 113 114 114 114 115 115 116 116 116 117 117 117 118 118 119 119 119 120 120 120 121 121 121 122 122 122 123 123 124 124 124 125 125 125 126 126 126 127 127 127 128 128 128 129 129 129 130 130 130 131 131 131 132 132 132 133 133 133 133 134 134 134 135 135 135 136 136 136 136 137 137 137 138 138 138 138 139 139 139 140 140 140 140 141 141 141 141 142 142 142
111 112 112 113 113 113 114 114 114 115 115 116 116 116 117 117 117 118 118 119 119 119 120 120 120 121 121 121 122 122 122 123 123 124 124 124 125 125 125 126 126 126 127 127 127 128 128 128 129 129 129 130 130 130 131 131 131 132 132 132 132 133 133 133 134 134 134 135 135 135 135 136 136 136 137 137 137 137 138 138 138 139 139 139 139 140 140 140 140 141 141 141 141 142
111 112 112 112 113 113 113 114 114 115 115 115 116 116 116 117 117 117 118 118 119 119 119 120 120 120 121 121 121 122 122 122 123 123 124 124 124 125 125 125 126 126 126 127 127 127 128 128 128 129 129 129 130 130 130 130 131 131 131 132 132 132 133 133 133 134 134 134 134 135 135 135 136 136 136 137 137 137 137 138 138 138 138 139 139 139 140 140 140 140 141 141 141 141
111 111 112 112 112 113 113 113 114 114 115 115 115 116 116 116 117 117 117 118 118 119 119 119 120 120 120 121 121 121 122 122 122 123 123 123 124 124 125 125 125 126 126 126 127 127 127 128 128 128 128 129 129 129 130 130 130 131 131 131 132 132 132 133 133 133 133 134 134 134 135 135 135 136 136 136 136 137 137 137 137 138 138 138 139 139 139 139 140 140 140 140 141 141
110 111 111 112 112 112 113 113 113 114 114 115 115 115 116 116 116 117 117 118 118 118 119 119 119 120 120 120 121 121 121 122 122 122 123 123 123 124 124 124 125 125 125 126 126 126 127 127 127 128 128 128 129 129 129 130 130 130 131 131 131 132 132 132 132 133 133 133 134 134 134 135 135 135 135 136 136 136 137 137 137 137 138 138 138 138 139 139 139 139 140 140 140 140
