testData/tiles/oneDegreeCosts/grid9.0-24.0-10.0-25.0.asc
ncols   200
nrows   200
xllcorner   9.0
yllcorner   24.0
cellsize   0.005
NODATA_value   -9999.0
[rows 61 to 121 of 200, columns 0 to 95 of 200]
86 86 86 86 86 85 85 85 85 85 84 84 84 84 84 83 83 83 83 83 82 82 82 82 82 81 81 81 81 81 80 80 80 80 79 79 79 79 78 78 78 78 78 77 77 77 77 76 76 76 75 75 75 75 74 74 74 74 73 73 73 72 72 72 72 71 71 71 70 70 70 69 69 69 69 68 68 68 67 67 67 66 66 66 65 65 64 64 64 63 63 63 62 62 61 61
86 86 86 86 85 85 85 85 85 85 84 84 84 84 84 83 83 83 83 83 82 82 82 82 81 81 81 81 81 80 80 80 80 79 79 79 79 79 78 78 78 78 77 77 77 77 76 76 76 76 75 75 75 75 74 74 74 73 73 73 73 72 72 72 71 71 71 71 70 70 70 69 69 69 68 68 68 67 67 67 66 66 66 65 65 65 64 64 64 63 63 62 62 62 61 61
86 86 86 85 85 85 85 85 85 84 84 84 84 84 83 83 83 83 83 82 82 82 82 82 81 81 81 81 80 80 80 80 80 79 79 79 79 78 78 78 78 77 77 77 77 76 76 76 76 75 75 75 75 74 74 74 74 73 73 73 72 72 72 72 71 71 71 70 70 70 69 69 69 68 68 68 68 67 67 67 66 66 66 65 65 64 64 64 63 63 63 62 62 61 61 61
86 86 86 85 85 85 85 85 84 84 84 84 84 83 83 83 83 83 82 82 82 82 82 81 81 81 81 81 80 80 80 80 79 79 79 79 79 78 78 78 78 77 77 77 77 76 76 76 76 75 75 75 74 74 74 74 73 73 73 73 72 72 72 71 71 71 71 70 70 70 69 69 69 68 68 68 67 67 67 66 66 66 65 65 65 64 64 64 63 63 62 62 62 61 61 61
86 86 85 85 85 85 85 84 84 84 84 84 84 83 83 83 83 83 82 82 82 82 81 81 81 81 81 80 80 80 80 80 79 79 79 79 78 78 78 78 77 77 77 77 76 76 76 76 75 75 75 75 74 74 74 74 73 73 73 72 72 72 72 71 71 71 70 70 70 69 69 69 68 68 68 68 67 67 67 66 66 65 65 65 64 64 64 63 63 63 62 62 61 61 61 60
86 85 85 85 85 85 85 84 84 84 84 84 83 83 83 83 83 82 82 82 82 82 81 81 81 81 80 80 80 80 80 79 79 79 79 78 78 78 78 77 77 77 77 77 76 76 76 75 75 75 75 74 74 74 74 73 73 73 73 72 72 72 71 71 71 70 70 70 70 69 69 69 68 68 68 67 67 67 66 66 66 65 65 65 64 64 64 63 63 62 62 62 61 61 61 60
85 85 85 85 85 85 84 84 84 84 84 83 83 83 83 83 82 82 82 82 82 81 81 81 81 81 80 80 80 80 79 79 79 79 79 78 78 78 78 77 77 77 77 76 76 76 76 75 75 75 75 74 74 74 73 73 73 73 72 72 72 71 71 71 71 70 70 70 69 69 69 68 68 68 67 67 67 67 66 66 65 65 65 64 64 64 63 63 63 62 62 62 61 61 60 60
85 85 85 85 85 84 84 84 84 84 83 83 83 83 83 82 82 82 82 82 81 81 81 81 81 80 80 80 80 80 79 79 79 79 78 78 78 78 77 77 77 77 76 76 76 76 75 75 75 75 74 74 74 74 73 73 73 72 72 72 72 71 71 71 70 70 70 70 69 69 69 68 68 68 67 67 67 66 66 66 65 65 65 64 64 64 63 63 62 62 62 61 61 61 60 60
85 85 85 85 84 84 84 84 84 84 83 83 83 83 83 82 82 82 82 82 81 81 81 81 80 80 80 80 80 79 79 79 79 78 78 78 78 78 77 77 77 77 76 76 76 76 75 75 75 74 74 74 74 73 73 73 73 72 72 72 71 71 71 71 70 70 70 69 69 69 68 68 68 67 67 67 66 66 66 65 65 65 64 64 64 63 63 63 62 62 61 61 61 60 60 60
85 85 85 85 84 84 84 84 84 83 83 83 83 83 82 82 82 82 82 81 81 81 81 81 80 80 80 80 79 79 79 79 79 78 78 78 78 77 77 77 77 76 76 76 76 75 75 75 75 74 74 74 74 73 73 73 72 72 72 72 71 71 71 70 70 70 69 69 69 69 68 68 68 67 67 67 66 66 66 65 65 65 64 64 64 63 63 62 62 62 61 61 61 60 60 59
85 85 85 84 84 84 84 84 83 83 83 83 83 82 82 82 82 82 81 81 81 81 81 80 80 80 80 80 79 79 79 79 78 78 78 78 77 77 77 77 76 76 76 76 75 75 75 75 74 74 74 74 73 73 73 73 72 72 72 71 71 71 71 70 70 70 69 69 69 68 68 68 67 67 67 66 66 66 65 65 65 64 64 64 63 63 63 62 62 61 61 61 60 60 60 59
85 85 84 84 84 84 84 83 83 83 83 83 83 82 82 82 82 82 81 81 81 81 80 80 80 80 80 79 79 79 79 78 78 78 78 78 77 77 77 77 76 76 76 76 75 75 75 75 74 74 74 73 73 73 73 72 72 72 72 71 71 71 70 70 70 69 69 69 69 68 68 68 67 67 67 66 66 66 65 65 65 64 64 64 63 63 62 62 62 61 61 61 60 60 59 59
85 84 84 84 84 84 84 83 83 83 83 83 82 82 82 82 82 81 81 81 81 81 80 80 80 80 79 79 79 79 79 78 78 78 78 77 77 77 77 76 76 76 76 75 75 75 75 74 74 74 74 73 73 73 72 72 72 72 71 71 71 70 70 70 70 69 69 69 68 68 68 67 67 67 66 66 66 65 65 65 64 64 64 63 63 63 62 62 61 61 61 60 60 60 59 59
84 84 84 84 84 84 83 83 83 83 83 82 82 82 82 82 81 81 81 81 81 80 80 80 80 79 79 79 79 79 78 78 78 78 77 77 77 77 76 76 76 76 75 75 75 75 74 74 74 74 73 73 73 73 72 72 72 71 71 71 71 70 70 70 69 69 69 68 68 68 68 67 67 67 66 66 66 65 65 65 64 64 63 63 63 62 62 62 61 61 61 60 60 59 59 59
84 84 84 84 84 83 83 83 83 83 82 82 82 82 82 81 81 81 81 81 80 80 80 80 80 79 79 79 79 78 78 78 78 78 77 77 77 77 76 76 76 76 75 75 75 75 74 74 74 74 73 73 73 72 72 72 72 71 71 71 70 70 70 70 69 69 69 68 68 68 67 67 67 66 66 66 65 65 65 64 64 64 63 63 63 62 62 61 61 61 60 60 60 59 59 58
84 84 84 84 83 83 83 83 83 83 82 82 82 82 82 81 81 81 81 80 80 80 80 80 79 79 79 79 79 78 78 78 78 77 77 77 77 76 76 76 76 75 75 75 75 74 74 74 74 73 73 73 73 72 72 72 71 71 71 71 70 70 70 69 69 69 68 68 68 67 67 67 67 66 66 66 65 65 64 64 64 63 63 63 62 62 62 61 61 60 60 60 59 59 59 58
84 84 84 83 83 83 83 83 83 82 82 82 82 82 81 81 81 81 81 80 80 80 80 79 79 79 79 79 78 78 78 78 77 77 77 77 76 76 76 76 75 75 75 75 74 74 74 74 73 73 73 73 72 72 72 72 71 71 71 70 70 70 69 69 69 69 68 68 68 67 67 67 66 66 66 65 65 65 64 64 64 63 63 63 62 62 61 61 61 60 60 59 59 59 58 58
84 84 84 83 83 83 83 83 82 82 82 82 82 81 81 81 81 81 80 80 80 80 80 79 79 79 79 78 78 78 78 78 77 77 77 77 76 76 76 76 75 75 75 75 74 74 74 74 73 73 73 72 72 72 72 71 71 71 70 70 70 70 69 69 69 68 68 68 67 67 67 66 66 66 65 65 65 64 64 64 63 63 63 62 62 62 61 61 60 60 60 59 59 58 58 58
84 84 83 83 83 83 83 82 82 82 82 82 81 81 81 81 81 80 80 80 80 80 79 79 79 79 78 78 78 78 78 77 77 77 77 76 76 76 76 75 75 75 75 74 74 74 74 73 73 73 73 72 72 72 71 71 71 71 70 70 70 69 69 69 68 68 68 68 67 67 67 66 66 66 65 65 65 64 64 64 63 63 62 62 62 61 61 61 60 60 59 59 59 58 58 57
84 83 83 83 83 83 82 82 82 82 82 81 81 81 81 81 80 80 80 80 80 79 79 79 79 79 78 78 78 78 77 77 77 77 76 76 76 76 75 75 75 75 74 74 74 74 73 73 73 73 72 72 72 72 71 71 71 70 70 70 70 69 69 69 68 68 68 67 67 67 66 66 66 65 65 65 64 64 64 63 63 63 62 62 62 61 61 60 60 60 59 59 58 58 58 57
83 83 83 83 83 83 82 82 82 82 82 81 81 81 81 81 80 80 80 80 79 79 79 79 79 78 78 78 78 77 77 77 77 77 76 76 76 76 75 75 75 75 74 74 74 74 73 73 73 72 72 72 72 71 71 71 71 70 70 70 69 69 69 68 68 68 68 67 67 67 66 66 66 65 65 65 64 64 64 63 63 62 62 62 61 61 61 60 60 59 59 59 58 58 57 57
83 83 83 83 83 82 82 82 82 82 81 81 81 81 81 80 80 80 80 80 79 79 79 79 78 78 78 78 78 77 77 77 77 76 76 76 76 75 75 75 75 74 74 74 74 73 73 73 73 72 72 72 71 71 71 71 70 70 70 69 69 69 69 68 68 68 67 67 67 66 66 66 65 65 65 64 64 64 63 63 63 62 62 62 61 61 60 60 60 59 59 58 58 58 57 57
83 83 83 83 82 82 82 82 82 81 81 81 81 81 80 80 80 80 80 79 79 79 79 79 78 78 78 78 77 77 77 77 76 76 76 76 75 75 75 75 74 74 74 74 73 73 73 73 72 72 72 72 71 71 71 70 70 70 70 69 69 69 68 68 68 67 67 67 66 66 66 66 65 65 64 64 64 63 63 63 62 62 62 61 61 61 60 60 59 59 59 58 58 57 57 57
83 83 83 82 82 82 82 82 81 81 81 81 81 80 80 80 80 80 79 79 79 79 79 78 78 78 78 77 77 77 77 77 76 76 76 76 75 75 75 75 74 74 74 74 73 73 73 72 72 72 72 71 71 71 71 70 70 70 69 69 69 68 68 68 68 67 67 67 66 66 66 65 65 65 64 64 64 63 63 63 62 62 61 61 61 60 60 60 59 59 58 58 58 57 57 56
83 83 82 82 82 82 82 81 81 81 81 81 80 80 80 80 80 79 79 79 79 79 78 78 78 78 77 77 77 77 77 76 76 76 76 75 75 75 75 74 74 74 74 73 73 73 73 72 72 72 71 71 71 71 70 70 70 69 69 69 69 68 68 68 67 67 67 66 66 66 65 65 65 64 64 64 63 63 63 62 62 62 61 61 60 60 60 59 59 59 58 58 57 57 57 56
83 82 82 82 82 82 82 81 81 81 81 81 80 80 80 80 80 79 79 79 79 78 78 78 78 78 77 77 77 77 76 76 76 76 75 75 75 75 74 74 74 74 73 73 73 73 72 72 72 72 71 71 71 70 70 70 70 69 69 69 68 68 68 67 67 67 67 66 66 66 65 65 65 64 64 64 63 63 62 62 62 61 61 61 60 60 60 59 59 58 58 58 57 57 56 56
82 82 82 82 82 82 81 81 81 81 81 80 80 80 80 80 79 79 79 79 78 78 78 78 78 77 77 77 77 76 76 76 76 76 75 75 75 75 74 74 74 74 73 73 73 72 72 72 72 71 71 71 71 70 70 70 69 69 69 69 68 68 68 67 67 67 66 66 66 65 65 65 64 64 64 63 63 63 62 62 62 61 61 60 60 60 59 59 59 58 58 57 57 56 56 56
82 82 82 82 82 81 81 81 81 81 80 80 80 80 80 79 79 79 79 79 78 78 78 78 77 77 77 77 77 76 76 76 76 75 75 75 75 74 74 74 74 73 73 73 73 72 72 72 71 71 71 71 70 70 70 69 69 69 69 68 68 68 67 67 67 66 66 66 65 65 65 64 64 64 63 63 63 62 62 62 61 61 61 60 60 59 59 59 58 58 57 57 57 56 56 55
82 82 82 82 81 81 81 81 81 80 80 80 80 80 79 79 79 79 79 78 78 78 78 77 77 77 77 77 76 76 76 76 75 75 75 75 74 74 74 74 73 73 73 73 72 72 72 72 71 71 71 70 70 70 70 69 69 69 68 68 68 68 67 67 67 66 66 66 65 65 65 64 64 64 63 63 63 62 62 61 61 61 60 60 60 59 59 58 58 58 57 57 56 56 56 55
82 82 82 81 81 81 81 81 80 80 80 80 80 79 79 79 79 79 78 78 78 78 78 77 77 77 77 76 76 76 76 75 75 75 75 74 74 74 74 73 73 73 73 72 72 72 72 71 71 71 71 70 70 70 69 69 69 69 68 68 68 67 67 67 66 66 66 65 65 65 64 64 64 63 63 63 62 62 62 61 61 61 60 60 59 59 59 58 58 57 57 57 56 56 55 55
82 82 81 81 81 81 81 81 80 80 80 80 80 79 79 79 79 78 78 78 78 78 77 77 77 77 76 76 76 76 76 75 75 75 75 74 74 74 74 73 73 73 73 72 72 72 71 71 71 71 70 70 70 69 69 69 69 68 68 68 67 67 67 66 66 66 66 65 65 65 64 64 64 63 63 62 62 62 61 61 61 60 60 60 59 59 58 58 58 57 57 56 56 56 55 55
82 81 81 81 81 81 81 80 80 80 80 80 79 79 79 79 78 78 78 78 78 77 77 77 77 77 76 76 76 76 75 75 75 75 74 74 74 74 73 73 73 73 72 72 72 72 71 71 71 70 70 70 70 69 69 69 68 68 68 68 67 67 67 66 66 66 65 65 65 64 64 64 63 63 63 62 62 62 61 61 60 60 60 59 59 59 58 58 57 57 57 56 56 55 55 54
82 81 81 81 81 81 80 80 80 80 80 79 79 79 79 79 78 78 78 78 77 77 77 77 77 76 76 76 76 75 75 75 75 74 74 74 74 73 73 73 73 72 72 72 72 71 71 71 71 70 70 70 69 69 69 69 68 68 68 67 67 67 66 66 66 65 65 65 64 64 64 63 63 63 62 62 62 61 61 61 60 60 59 59 59 58 58 58 57 57 56 56 55 55 55 54
81 81 81 81 81 80 80 80 80 80 79 79 79 79 79 78 78 78 78 77 77 77 77 77 76 76 76 76 75 75 75 75 74 74 74 74 74 73 73 73 72 72 72 72 71 71 71 71 70 70 70 69 69 69 69 68 68 68 67 67 67 66 66 66 66 65 65 65 64 64 64 63 63 63 62 62 61 61 61 60 60 60 59 59 58 58 58 57 57 56 56 56 55 55 54 54
81 81 81 81 80 80 80 80 80 79 79 79 79 79 78 78 78 78 78 77 77 77 77 76 76 76 76 76 75 75 75 75 74 74 74 74 73 73 73 73 72 72 72 72 71 71 71 70 70 70 70 69 69 69 68 68 68 68 67 67 67 66 66 66 65 65 65 64 64 64 63 63 63 62 62 62 61 61 61 60 60 59 59 59 58 58 57 57 57 56 56 55 55 55 54 54
81 81 81 80 80 80 80 80 79 79 79 79 79 78 78 78 78 78 77 77 77 77 76 76 76 76 76 75 75 75 75 74 74 74 74 73 73 73 73 72 72 72 72 71 71 71 70 70 70 70 69 69 69 69 68 68 68 67 67 67 66 66 66 65 65 65 64 64 64 63 63 63 62 62 62 61 61 61 60 60 60 59 59 58 58 58 57 57 56 56 56 55 55 54 54 54
81 81 80 80 80 80 80 79 79 79 79 79 78 78 78 78 78 77 77 77 77 77 76 76 76 76 75 75 75 75 74 74 74 74 73 73 73 73 72 72 72 72 71 71 71 71 70 70 70 69 69 69 69 68 68 68 67 67 67 66 66 66 66 65 65 65 64 64 64 63 63 63 62 62 62 61 61 60 60 60 59 59 59 58 58 57 57 57 56 56 55 55 54 54 54 54
81 80 80 80 80 80 79 79 79 79 79 78 78 78 78 78 77 77 77 77 77 76 76 76 76 75 75 75 75 74 74 74 74 74 73 73 73 72 72 72 72 71 71 71 71 70 70 70 70 69 69 69 68 68 68 68 67 67 67 66 66 66 65 65 65 64 64 64 63 63 63 62 62 62 61 61 61 60 60 59 59 59 58 58 58 57 57 56 56 55 55 55 54 54 54 54
80 80 80 80 80 80 79 79 79 79 79 78 78 78 78 77 77 77 77 77 76 76 76 76 75 75 75 75 75 74 74 74 74 73 73 73 73 72 72 72 72 71 71 71 70 70 70 70 69 69 69 68 68 68 68 67 67 67 66 66 66 65 65 65 64 64 64 63 63 63 62 62 62 61 61 61 60 60 60 59 59 58 58 58 57 57 56 56 56 55 55 54 54 54 54 54
80 80 80 80 80 79 79 79 79 79 78 78 78 78 77 77 77 77 77 76 76 76 76 76 75 75 75 75 74 74 74 74 73 73 73 73 72 72 72 72 71 71 71 71 70 70 70 69 69 69 69 68 68 68 67 67 67 66 66 66 66 65 65 65 64 64 64 63 63 63 62 62 62 61 61 60 60 60 59 59 59 58 58 57 57 57 56 56 55 55 55 54 54 54 54 54
80 80 80 80 79 79 79 79 79 78 78 78 78 78 77 77 77 77 76 76 76 76 76 75 75 75 75 74 74 74 74 73 73 73 73 72 72 72 72 71 71 71 71 70 70 70 69 69 69 69 68 68 68 67 67 67 67 66 66 66 65 65 65 64 64 64 63 63 63 62 62 62 61 61 61 60 60 59 59 59 58 58 58 57 57 56 56 56 55 55 54 54 54 54 54 54
80 80 80 79 79 79 79 79 78 78 78 78 78 77 77 77 77 76 76 76 76 76 75 75 75 75 74 74 74 74 73 73 73 73 72 72 72 72 71 71 71 71 70 70 70 70 69 69 69 68 68 68 68 67 67 67 66 66 66 65 65 65 64 64 64 63 63 63 62 62 62 61 61 61 60 60 60 59 59 58 58 58 57 57 57 56 56 55 55 54 54 54 54 54 54 54
80 80 79 79 79 79 79 78 78 78 78 78 77 77 77 77 77 76 76 76 76 75 75 75 75 74 74 74 74 74 73 73 73 73 72 72 72 72 71 71 71 70 70 70 70 69 69 69 69 68 68 68 67 67 67 66 66 66 66 65 65 65 64 64 64 63 63 63 62 62 62 61 61 60 60 60 59 59 59 58 58 57 57 57 56 56 55 55 55 54 54 54 54 54 54 54
80 79 79 79 79 79 78 78 78 78 78 77 77 77 77 77 76 76 76 76 75 75 75 75 75 74 74 74 74 73 73 73 73 72 72 72 72 71 71 71 71 70 70 70 69 69 69 69 68 68 68 67 67 67 67 66 66 66 65 65 65 64 64 64 63 63 63 62 62 62 61 61 61 60 60 60 59 59 58 58 58 57 57 56 56 56 55 55 54 54 54 54 54 54 54 54
79 79 79 79 79 78 78 78 78 78 77 77 77 77 77 76 76 76 76 75 75 75 75 75 74 74 74 74 73 73 73 73 72 72 72 72 71 71 71 71 70 70 70 69 69 69 69 68 68 68 68 67 67 67 66 66 66 65 65 65 64 64 64 63 63 63 62 62 62 61 61 61 60 60 60 59 59 59 58 58 57 57 57 56 56 55 55 54 54 54 54 54 54 54 54 54
79 79 79 79 78 78 78 78 78 77 77 77 77 77 76 76 76 76 75 75 75 75 75 74 74 74 74 73 73 73 73 72 72 72 72 71 71 71 71 70 70 70 70 69 69 69 68 68 68 68 67 67 67 66 66 66 65 65 65 65 64 64 64 63 63 63 62 62 62 61 61 60 60 60 59 59 59 58 58 57 57 57 56 56 55 55 55 54 54 54 54 54 54 54 54 54
79 79 79 78 78 78 78 78 77 77 77 77 77 76 76 76 76 76 75 75 75 75 74 74 74 74 73 73 73 73 72 72 72 72 71 71 71 71 70 70 70 70 69 69 69 69 68 68 68 67 67 67 66 66 66 66 65 65 65 64 64 64 63 63 63 62 62 62 61 61 61 60 60 60 59 59 58 58 58 57 57 56 56 56 55 55 54 54 54 54 54 54 54 54 54 54
79 79 78 78 78 78 78 77 77 77 77 77 76 76 76 76 76 75 75 75 75 74 74 74 74 73 73 73 73 73 72 72 72 72 71 71 71 70 70 70 70 69 69 69 69 68 68 68 67 67 67 67 66 66 66 65 65 65 64 64 64 63 63 63 62 62 62 61 61 61 60 60 60 59 59 59 58 58 57 57 57 56 56 55 55 55 54 54 54 54 54 54 54 54 54 54
79 78 78 78 78 78 77 77 77 77 77 76 76 76 76 76 75 75 75 75 74 74 74 74 74 73 73 73 73 72 72 72 72 71 71 71 71 70 70 70 69 69 69 69 68 68 68 68 67 67 67 66 66 66 65 65 65 64 64 64 64 63 63 63 62 62 62 61 61 60 60 60 59 59 59 58 58 57 57 57 56 56 56 55 55 54 54 54 54 54 54 54 54 54 54 54
78 78 78 78 78 77 77 77 77 77 76 76 76 76 76 75 75 75 75 74 74 74 74 74 73 73 73 73 72 72 72 72 71 71 71 71 70 70 70 70 69 69 69 68 68 68 68 67 67 67 66 66 66 65 65 65 65 64 64 64 63 63 63 62 62 62 61 61 61 60 60 59 59 59 58 58 58 57 57 56 56 56 55 55 54 54 54 54 54 54 54 54 54 54 54 54
78 78 78 78 77 77 77 77 77 76 76 76 76 76 75 75 75 75 75 74 74 74 74 73 73 73 73 72 72 72 72 71 71 71 71 70 70 70 70 69 69 69 68 68 68 68 67 67 67 66 66 66 66 65 65 65 64 64 64 63 63 63 62 62 62 61 61 61 60 60 60 59 59 59 58 58 57 57 57 56 56 55 55 55 54 54 54 54 54 54 54 54 54 54 54 54
78 78 78 78 77 77 77 77 76 76 76 76 76 75 75 75 75 75 74 74 74 74 73 73 73 73 72 72 72 72 71 71 71 71 70 70 70 70 69 69 69 69 68 68 68 67 67 67 67 66 66 66 65 65 65 64 64 64 63 63 63 62 62 62 61 61 61 60 60 60 59 59 59 58 58 57 57 57 56 56 56 55 55 54 54 54 54 54 54 54 54 54 54 54 54 54
78 78 78 77 77 77 77 76 76 76 76 76 75 75 75 75 75 74 74 74 74 73 73 73 73 72 72 72 72 71 71 71 71 70 70 70 70 69 69 69 69 68 68 68 67 67 67 67 66 66 66 65 65 65 64 64 64 64 63 63 63 62 62 62 61 61 61 60 60 59 59 59 58 58 58 57 57 56 56 56 55 55 54 54 54 54 54 54 54 54 54 54 54 54 54 54
78 78 77 77 77 77 76 76 76 76 76 75 75 75 75 75 74 74 74 74 73 73 73 73 72 72 72 72 72 71 71 71 71 70 70 70 69 69 69 69 68 68 68 68 67 67 67 66 66 66 65 65 65 65 64 64 64 63 63 63 62 62 62 61 61 61 60 60 60 59 59 58 58 58 57 57 57 56 56 55 55 55 54 54 54 54 54 54 54 54 54 54 54 54 54 54
78 77 77 77 77 77 76 76 76 76 75 75 75 75 75 74 74 74 74 73 73 73 73 73 72 72 72 72 71 71 71 71 70 70 70 70 69 69 69 68 68 68 68 67 67 67 66 66 66 66 65 65 65 64 64 64 63 63 63 62 62 62 61 61 61 60 60 60 59 59 59 58 58 57 57 57 56 56 56 55 55 54 54 54 54 54 54 54 54 54 54 54 54 54 54 54
77 77 77 77 77 76 76 76 76 75 75 75 75 75 74 74 74 74 73 73 73 73 73 72 72 72 72 71 71 71 71 70 70 70 70 69 69 69 68 68 68 68 67 67 67 67 66 66 66 65 65 65 64 64 64 63 63 63 63 62 62 62 61 61 60 60 60 59 59 59 58 58 58 57 57 56 56 56 55 55 54 54 54 54 54 54 54 54 54 54 54 54 54 54 54 54
77 77 77 77 76 76 76 76 75 75 75 75 75 74 74 74 74 74 73 73 73 73 72 72 72 72 71 71 71 71 70 70 70 70 69 69 69 69 68 68 68 67 67 67 67 66 66 66 65 65 65 64 64 64 64 63 63 63 62 62 62 61 61 61 60 60 60 59 59 58 58 58 57 57 57 56 56 55 55 55 54 54 54 54 54 54 54 54 54 54 54 54 54 54 54 54
77 77 77 76 76 76 76 75 75 75 75 75 74 74 74 74 74 73 73 73 73 72 72 72 72 71 71 71 71 70 70 70 70 69 69 69 69 68 68 68 67 67 67 67 66 66 66 65 65 65 65 64 64 64 63 63 63 62 62 62 61 61 61 60 60 60 59 59 59 58 58 57 57 57 56 56 55 55 55 54 54 54 54 54 54 54 54 54 54 54 54 54 54 54 54 54
77 77 76 76 76 76 75 75 75 75 75 74 74 74 74 74 73 73 73 73 72 72 72 72 71 71 71 71 70 70 70 70 69 69 69 69 68 68 68 68 67 67 67 66 66 66 66 65 65 65 64 64 64 63 63 63 62 62 62 61 61 61 60 60 60 59 59 59 58 58 58 57 57 56 56 56 55 55 54 54 54 54 54 54 54 54 54 54 54 54 54 54 54 54 54 54
77 76 76 76 76 75 75 75 75 75 74 74 74 74 74 73 73 73 73 72 72 72 72 71 71 71 71 70 70 70 70 69 69 69 69 68 68 68 68 67 67 67 66 66 66 66 65 65 65 64 64 64 63 63 63 62 62 62 62 61 61 60 60 60 59 59 59 58 58 58 57 57 56 56 56 55 55 55 54 54 54 54 54 54 54 54 54 54 54 54 54 54 54 54 54 54
76 76 76 76 75 75 75 75 75 74 74 74 74 74 73 73 73 73 72 72 72 72 71 71 71 71 70 70 70 70 69 69 69 69 68 68 68 68 67 67 67 66 66 66 66 65 65 65 64 64 64 64 63 63 63 62 62 62 61 61 61 60 60 60 59 59 58 58 58 57 57 57 56 56 55 55 55 54 54 54 54 54 54 54 54 54 54 54 54 54 54 54 54 54 54 54
