testData/tiles/oneDegreeCosts/grid42.0-47.0-43.0-48.0.asc
ncols   200
nrows   200
xllcorner   42.0
yllcorner   47.0
cellsize   0.005
NODATA_value   -9999.0
[rows 84 to 125 of 200, columns 94 to 187 of 200]
366 366 366 366 366 366 366 366 366 366 366 366 366 366 366 366 366 368 368 368 270 270 270 270 270 270 270 270 270 270 270 270 270 270 270 270 270 270 270 270 270 270 270 271 271 271 271 271 271 271 271 271 271 271 271 271 272 328 328 328 328 328 329 329 329 329 329 329 329 330 330 330 330 330 330 331 331 331 331 331 331 331 332 332 331 331 331 331 332 332 332 332 276 276
393 366 366 366 366 366 366 366 366 366 366 366 366 366 366 366 366 367 367 367 270 270 270 270 270 270 270 270 270 270 270 270 270 270 270 270 270 270 270 270 270 270 271 271 271 271 271 271 271 271 327 327 327 327 327 328 328 328 328 328 328 328 329 329 329 329 329 329 330 330 330 330 330 330 330 331 331 331 331 331 331 331 331 331 331 331 331 331 332 332 332 332 332 332
393 393 366 366 366 366 366 366 366 366 366 366 366 366 366 366 367 367 367 367 367 270 270 270 270 270 270 270 270 270 270 270 270 270 270 270 270 270 270 270 270 270 270 270 325 325 325 325 325 326 326 326 326 326 326 327 327 327 328 328 328 328 329 329 329 329 329 329 330 330 330 330 330 330 330 331 331 331 331 330 330 331 331 331 331 331 331 331 332 332 332 332 332 332
393 393 393 394 366 366 366 366 366 366 366 366 366 366 366 366 367 367 367 367 367 270 270 270 270 270 270 270 270 270 270 270 270 270 270 270 270 270 270 324 324 324 325 325 325 325 325 325 325 326 326 326 326 326 326 327 327 327 327 327 327 328 328 328 328 328 328 328 329 329 329 329 329 329 330 330 330 330 330 330 330 330 330 330 330 330 330 331 331 331 331 331 331 331
393 393 393 394 394 366 366 366 366 366 366 366 366 366 366 366 367 367 367 367 367 367 270 270 270 270 270 270 270 270 270 270 270 270 270 324 324 324 324 324 324 324 325 325 325 325 325 325 326 326 326 326 326 326 326 327 327 327 327 327 327 328 328 328 328 328 328 328 329 329 329 329 329 329 330 330 330 330 330 330 330 330 330 330 330 330 330 331 331 331 331 331 331 331
392 392 392 393 393 393 366 366 366 366 366 366 366 366 366 366 367 367 367 367 367 367 270 270 270 270 270 270 270 270 270 270 323 323 323 324 324 324 324 324 324 324 325 325 325 325 325 325 326 326 326 326 326 326 326 327 327 327 327 327 327 328 328 328 328 328 328 328 329 330 330 330 329 329 330 330 330 330 330 330 330 330 330 330 330 330 330 331 331 331 331 331 331 331
392 392 392 393 393 393 393 366 366 366 366 366 366 366 366 366 366 366 366 366 366 366 270 270 270 270 270 270 321 323 323 323 323 323 323 324 324 324 324 324 324 324 325 325 325 325 325 325 326 326 326 326 326 326 326 327 328 328 329 329 330 331 331 332 332 332 333 334 334 334 333 333 334 334 335 335 335 334 334 334 335 335 335 334 334 334 333 334 334 333 333 332 332 332
392 392 392 393 393 393 393 393 366 366 366 366 366 366 366 366 366 366 366 366 366 366 366 270 270 321 321 321 321 322 322 322 322 322 322 323 323 323 323 323 323 323 324 324 324 324 324 324 325 326 326 327 329 329 331 332 332 333 333 334 334 335 336 336 336 337 337 337 337 337 338 338 338 338 339 339 339 339 339 338 339 339 339 339 338 338 338 338 338 338 337 337 336 337
391 391 391 392 392 392 392 392 392 366 366 366 366 366 366 366 366 366 366 366 366 366 422 321 321 321 321 321 321 322 322 322 322 322 322 323 323 323 323 323 323 324 324 324 325 326 327 328 329 330 331 332 332 333 334 335 335 336 336 337 337 338 339 339 338 339 339 340 340 340 340 341 341 341 342 342 342 342 341 341 342 475 342 342 341 341 341 341 341 341 340 340 339 340
390 390 391 392 392 392 392 392 392 393 366 366 366 366 366 366 366 366 366 421 421 421 422 422 321 321 321 321 322 322 322 322 322 322 322 323 323 323 323 323 325 327 328 329 329 330 331 332 334 334 335 336 336 337 338 339 339 340 340 341 341 342 342 342 342 342 343 344 344 344 344 344 344 477 478 478 478 478 478 478 479 479 479 478 478 478 479 478 478 478 344 344 343 343
390 390 390 391 391 391 391 391 391 392 392 366 366 366 366 366 366 421 421 421 421 421 422 422 321 321 321 321 322 322 322 322 322 322 322 323 325 326 327 328 329 331 332 333 334 334 335 336 338 338 339 339 340 341 342 342 343 343 344 343 345 345 345 345 346 346 346 347 347 348 481 481 481 482 482 482 482 482 482 482 482 482 482 482 482 481 482 482 482 481 481 479 479 346
390 390 390 391 391 391 391 391 391 392 392 392 366 366 419 420 420 420 420 420 420 420 421 421 421 321 321 321 321 321 321 321 322 323 325 327 329 330 331 332 333 335 336 337 337 338 339 341 341 342 342 343 344 344 346 346 345 346 346 347 348 348 349 349 349 349 349 484 484 484 484 484 484 485 485 485 485 485 485 485 486 486 485 485 485 485 486 485 485 484 483 483 482 483
390 390 391 391 391 391 391 391 391 392 392 392 448 419 419 420 420 420 420 420 420 420 421 421 421 321 321 321 321 323 324 325 327 328 329 331 332 333 334 335 336 338 338 339 340 341 341 343 344 344 345 345 345 345 347 347 348 348 348 349 350 350 351 351 351 484 485 486 486 487 487 487 487 488 488 488 488 488 488 488 489 489 489 488 488 488 489 487 487 487 486 486 487 486
390 390 391 391 391 391 391 391 391 392 448 448 448 448 419 420 420 420 420 420 420 420 421 421 421 321 322 323 326 327 328 329 331 332 334 335 336 337 338 339 339 341 342 343 343 344 345 346 347 347 347 348 348 349 350 350 351 351 352 352 353 354 354 487 487 487 488 489 489 489 489 489 489 490 490 490 490 490 490 491 491 491 491 490 490 489 490 490 489 489 489 488 489 488
389 389 390 390 390 390 390 390 446 447 447 447 447 447 447 420 420 420 420 420 420 420 421 423 424 426 326 327 330 331 332 333 334 335 337 338 339 340 341 342 343 345 345 346 347 346 347 349 349 350 350 351 351 352 353 354 354 354 355 355 356 490 490 490 490 490 492 492 492 492 492 492 492 493 493 493 493 493 493 494 494 494 494 492 492 492 493 493 492 492 492 491 492 492
389 389 390 390 390 390 446 446 446 447 447 447 447 447 447 448 420 420 420 420 420 423 424 426 427 429 329 330 332 334 335 336 337 338 341 342 343 344 344 345 346 347 347 348 349 349 350 352 352 353 353 354 354 355 356 356 357 357 357 358 492 492 493 493 493 493 494 495 495 495 495 495 495 496 496 496 496 496 496 497 497 496 495 495 495 495 496 495 495 495 494 494 495 494
389 389 390 390 446 446 446 446 446 447 447 447 447 447 447 448 448 420 421 423 424 427 428 430 431 432 434 334 336 337 338 339 340 341 343 344 344 345 346 346 347 349 349 350 351 351 352 354 354 355 355 356 356 357 358 358 359 359 492 493 494 494 494 495 495 496 497 497 497 497 498 498 498 499 499 499 499 499 498 498 498 498 498 498 498 498 498 498 498 498 497 497 498 497
388 388 445 446 446 446 446 446 446 447 447 447 447 447 447 449 451 453 425 427 428 431 432 433 435 436 437 337 339 340 342 342 342 343 345 346 347 348 349 349 350 352 352 353 354 354 355 356 357 357 358 358 359 360 361 361 361 495 495 495 497 497 497 497 497 498 499 499 499 499 499 499 499 500 500 500 499 499 499 500 500 500 500 500 499 500 500 500 500 499 499 499 499 499
444 444 445 445 445 445 445 445 446 446 446 446 446 448 449 452 454 455 457 430 432 434 436 437 438 439 439 340 342 343 344 345 346 346 348 349 350 351 351 352 354 355 355 356 356 357 358 359 360 360 361 361 361 363 363 364 497 497 498 498 499 499 500 500 500 500 501 501 502 502 502 502 502 502 502 502 502 502 502 503 503 502 502 502 502 503 503 502 502 502 502 501 502 502
444 444 445 445 445 445 445 445 446 446 446 448 450 452 453 456 458 459 461 461 433 436 437 438 439 441 442 443 344 345 346 347 347 348 350 351 352 353 353 354 356 356 358 358 359 360 360 362 362 363 363 364 364 365 499 499 499 500 500 500 502 502 502 502 502 503 504 504 504 504 504 503 504 504 504 504 504 504 504 505 505 505 505 505 504 505 505 505 505 504 504 504 504 504
444 444 445 445 445 445 445 445 445 447 449 451 453 455 456 459 460 462 463 464 466 439 440 441 442 444 445 446 347 348 349 349 350 351 353 354 354 355 356 357 358 359 359 360 361 361 362 363 364 364 365 365 365 500 500 501 501 501 501 502 503 503 503 504 504 504 505 505 504 504 505 505 506 506 506 506 506 506 506 506 506 506 506 506 506 507 506 506 506 506 505 505 506 506
442 442 443 443 443 443 443 445 448 450 452 454 456 457 460 462 464 465 466 468 469 471 443 444 445 447 448 449 349 350 351 352 353 354 356 356 357 358 358 359 361 361 362 363 363 364 364 366 366 367 367 367 501 502 503 503 503 504 504 504 505 506 506 506 506 505 506 507 507 507 507 507 508 508 508 508 508 508 508 509 509 509 508 508 508 509 509 509 508 508 508 508 508 508
442 442 443 443 443 445 447 449 452 454 456 457 459 461 462 464 466 467 468 470 471 473 474 446 447 448 449 451 452 352 353 354 355 355 357 359 360 360 361 362 363 364 364 365 366 366 367 368 369 369 369 503 503 505 505 505 506 506 506 507 508 508 507 507 507 508 509 509 509 509 509 509 510 510 510 510 510 510 510 511 511 511 511 511 510 511 511 511 511 510 510 511 511 510
442 442 443 445 447 449 451 453 456 458 459 461 462 464 465 468 469 470 471 473 474 476 477 478 450 451 452 454 455 355 356 356 357 358 360 360 361 362 362 363 365 365 366 366 367 367 368 369 370 370 504 504 504 506 506 506 507 507 507 508 508 508 508 508 509 509 510 510 510 510 510 510 512 512 512 512 512 512 512 513 513 513 513 513 513 513 513 513 513 513 512 513 513 511
441 443 446 448 450 452 454 456 458 460 461 463 464 466 467 471 472 473 474 475 477 479 480 481 482 454 455 456 457 458 358 359 360 360 362 363 363 364 365 365 367 368 368 369 369 370 370 372 372 505 506 506 507 508 508 509 508 508 508 510 510 510 510 511 511 511 512 512 512 512 512 512 513 513 513 513 513 513 513 514 514 514 514 514 514 515 514 514 514 514 513 513 513 513
445 447 450 452 454 456 457 459 462 463 465 466 467 469 470 472 474 475 476 477 478 480 481 482 483 484 456 458 459 460 359 360 361 362 363 364 365 366 367 368 369 370 370 371 371 372 372 374 507 508 508 508 508 509 509 510 510 510 511 512 512 512 512 513 513 513 514 514 514 514 514 514 516 516 516 516 516 515 515 516 516 516 516 516 516 517 516 516 516 515 515 515 515 515
448 450 453 455 457 459 460 462 465 466 468 469 470 472 473 475 476 477 479 480 481 483 484 485 486 487 487 460 461 462 362 363 363 364 366 366 367 368 368 369 370 371 371 372 373 373 373 508 507 508 508 508 509 510 510 511 511 511 512 513 513 513 513 514 514 514 515 515 515 515 515 516 517 517 517 517 517 517 516 517 517 517 517 517 517 518 517 516 516 516 516 516 516 516
452 454 457 459 460 462 464 465 468 469 470 472 473 474 476 478 479 480 481 482 483 485 486 487 488 489 490 492 463 464 465 365 366 366 368 369 369 370 370 371 373 373 374 374 374 374 508 509 509 510 510 511 511 512 513 513 513 513 514 515 515 515 515 516 516 516 517 517 517 517 517 517 519 519 519 519 519 518 519 519 519 519 519 519 518 519 518 518 518 518 518 518 518 518
455 457 460 462 463 465 466 468 470 472 473 474 476 477 478 480 481 483 484 485 486 488 489 489 490 491 492 494 495 466 467 367 368 368 370 371 371 372 373 373 374 374 375 375 376 509 511 511 511 512 512 513 513 514 514 515 515 515 516 517 517 517 517 518 518 518 519 519 519 519 519 519 520 520 520 520 520 520 521 521 521 521 520 520 520 521 520 520 520 520 520 520 520 520
459 460 463 465 466 468 469 471 473 474 476 477 478 479 481 483 484 485 486 487 488 490 491 492 493 493 494 496 497 498 469 369 370 370 372 372 372 373 374 374 376 376 377 377 378 511 513 513 513 514 514 514 515 516 516 517 517 517 517 519 519 519 519 519 520 520 521 521 521 521 521 521 522 522 522 522 522 522 523 522 522 522 522 522 522 522 522 522 522 522 521 522 522 522
462 463 466 468 469 471 472 473 476 477 478 480 481 482 483 485 486 487 488 489 490 492 493 494 495 496 496 498 499 499 499 471 371 372 373 374 374 375 376 376 378 378 379 379 513 513 514 515 515 516 516 516 517 518 518 519 519 519 519 521 521 521 521 521 521 522 523 523 523 523 523 523 524 524 524 524 524 523 524 524 524 524 524 524 523 524 524 524 524 524 523 524 524 524
464 466 469 470 472 473 475 476 478 480 481 482 483 484 485 487 488 490 491 491 492 494 495 495 496 497 498 499 500 501 502 502 373 374 375 376 376 377 377 378 380 380 381 514 514 515 516 517 517 518 518 518 519 520 520 520 521 521 521 522 523 523 523 523 523 523 525 525 525 525 525 525 526 526 525 525 525 525 526 526 526 526 526 525 525 526 526 526 526 525 525 526 526 525
467 469 471 473 474 476 477 478 481 482 483 484 485 487 487 489 490 491 492 493 494 495 496 497 498 499 500 501 502 503 503 504 375 375 377 378 378 379 379 380 381 382 515 516 516 517 518 519 519 519 520 520 520 522 522 522 522 523 523 524 524 525 525 525 525 525 526 526 527 527 527 526 527 527 527 527 527 527 528 528 528 527 527 527 527 528 528 528 527 527 527 528 527 527
469 470 473 474 476 477 478 480 482 483 484 486 487 488 489 491 492 493 494 495 496 497 498 499 500 501 502 503 504 505 505 506 507 377 379 380 380 381 381 382 383 517 517 518 518 519 519 520 521 521 521 522 522 523 524 524 524 524 525 526 526 526 526 527 527 527 528 528 527 527 527 527 528 528 528 528 528 528 529 529 529 529 529 529 529 530 529 529 529 529 529 529 529 529
471 473 475 477 478 480 481 482 484 485 487 488 489 490 491 493 494 495 496 497 498 500 500 501 502 503 503 505 506 507 507 508 509 408 381 381 382 383 383 384 385 519 519 519 520 520 521 522 522 523 523 524 524 525 525 526 526 526 526 528 528 528 528 528 528 528 529 529 529 529 529 529 530 530 530 530 530 530 530 531 531 531 531 531 530 531 531 531 531 531 530 531 531 531
474 475 478 479 481 482 483 484 487 488 489 490 491 492 493 495 496 497 498 499 500 501 502 503 504 505 505 507 508 508 509 510 510 410 412 383 384 384 385 385 520 520 521 521 522 522 522 524 524 525 525 525 526 527 527 527 528 528 528 529 530 530 529 529 529 529 530 530 531 531 531 531 532 532 532 532 532 532 532 533 533 532 532 532 532 533 533 533 533 532 532 533 533 532
476 478 480 481 483 484 485 486 489 490 491 492 493 494 495 497 498 499 500 501 502 503 504 505 506 506 507 509 510 510 511 512 512 513 413 414 386 386 387 520 522 522 522 523 523 524 524 526 526 526 527 527 527 528 529 529 529 530 530 530 530 530 530 531 531 531 532 532 532 532 532 532 533 533 533 533 533 533 533 534 534 534 534 534 534 535 534 534 534 534 534 535 534 534
479 480 482 484 485 486 487 489 491 492 493 494 495 496 497 499 500 501 502 503 503 505 506 507 508 508 509 511 511 512 513 513 514 515 415 416 416 388 388 522 523 524 524 525 525 525 526 527 528 528 528 529 529 530 530 530 530 530 530 532 532 532 532 532 532 533 534 534 534 534 534 534 535 535 535 535 535 535 535 536 536 536 536 536 535 536 536 536 536 536 535 536 535 535
471 472 475 476 477 478 479 481 483 484 495 496 497 498 499 501 502 503 504 504 505 507 508 509 509 510 511 512 513 514 514 515 516 516 417 417 418 418 523 523 525 525 526 526 527 527 527 529 529 529 530 530 529 531 531 531 531 532 532 533 533 533 534 534 534 534 535 535 535 535 535 536 537 537 537 537 537 537 536 537 537 537 537 537 537 538 538 537 537 537 536 537 536 536
473 474 477 478 479 480 482 483 485 486 487 488 489 490 491 493 494 495 495 496 497 499 500 500 501 502 503 503 505 506 506 507 507 518 519 419 420 553 554 525 527 527 527 528 528 529 529 530 530 530 530 531 531 532 533 533 533 533 533 534 535 535 535 535 535 536 537 537 537 537 537 537 538 538 538 538 538 538 538 539 539 539 539 539 538 539 539 539 538 538 537 537 538 538
475 476 479 480 481 482 483 485 487 488 489 490 491 492 493 495 495 496 497 498 499 501 501 502 503 504 504 505 507 507 508 508 509 510 511 419 419 545 545 546 527 527 527 527 527 527 527 527 527 527 527 527 527 527 527 527 527 527 527 527 527 527 527 527 527 527 528 528 528 528 529 529 530 530 530 530 530 530 530 530 530 530 530 530 530 530 530 530 530 530 530 530 530 529
477 479 481 482 483 484 485 486 489 490 491 492 493 494 494 496 497 498 499 500 500 502 503 504 504 505 506 507 508 509 509 510 511 511 513 419 546 546 546 546 527 527 527 527 527 527 527 527 527 527 527 527 527 527 527 527 527 527 527 527 528 528 528 528 528 529 530 530 530 530 530 530 531 531 531 531 531 531 531 532 532 532 532 531 530 531 531 531 531 531 530 530 531 531
