testData/tiles/oneDegreeCosts/grid5.0-37.0-6.0-38.0.asc
ncols   200
nrows   200
xllcorner   5.0
yllcorner   37.0
cellsize   0.005
NODATA_value   -9999.0
[rows 126 to 167 of 200, columns 94 to 187 of 200]
501 501 501 501 501 501 501 501 501 501 501 501 501 501 501 501 501 502 502 503 504 505 506 507 508 508 509 577 578 579 579 580 581 582 583 583 584 585 585 586 587 587 588 589 589 590 590 590 591 591 591 592 592 592 592 592 591 591 591 590 590 590 589 589 588 587 587 587 587 587 587 587 588 588 587 587 587 588 588 587 587 587 588 587 587 587 586 586 586 587 586 586 586 585
501 501 501 501 501 501 501 501 501 501 501 501 501 501 501 501 501 501 502 503 504 505 506 506 507 508 509 577 577 578 579 580 581 581 582 583 583 584 585 585 586 587 587 588 588 589 589 590 590 590 590 591 591 591 591 591 590 590 590 590 589 589 588 588 587 587 586 586 587 587 587 588 587 587 588 588 588 588 588 588 588 587 587 587 588 587 587 587 586 586 586 586 586 586
501 501 501 501 501 501 501 501 501 501 501 501 501 501 501 501 501 501 502 503 503 504 505 506 507 508 508 576 577 578 578 579 580 581 581 582 583 584 584 585 585 586 587 587 588 588 588 589 589 589 590 590 590 590 590 590 590 589 589 589 588 588 588 587 587 586 586 587 587 587 587 587 587 588 587 587 587 588 588 588 588 588 588 587 587 587 587 587 587 587 586 586 586 586
501 501 501 501 501 501 501 501 501 501 501 501 501 501 501 501 501 501 501 502 503 504 505 506 506 507 575 576 576 577 578 579 579 580 581 582 582 583 584 584 585 585 586 586 587 587 588 588 588 588 589 589 589 589 589 589 589 588 588 588 588 587 587 586 586 586 587 586 587 587 587 588 587 587 587 588 588 588 588 588 588 588 588 588 588 587 587 587 587 587 587 586 586 586
501 501 501 501 501 501 501 501 501 501 501 501 501 501 501 501 501 501 501 502 503 503 504 505 506 507 574 575 576 577 577 578 579 580 580 581 582 582 583 583 584 585 585 586 586 586 587 587 587 588 588 588 588 588 588 588 588 588 587 587 587 586 586 586 585 586 586 586 587 587 587 587 587 588 588 588 588 588 588 588 588 588 588 587 587 587 587 587 587 587 587 587 587 586
501 501 501 501 501 501 501 501 501 501 501 501 501 501 501 501 501 501 501 501 502 503 504 505 505 573 574 575 575 576 577 578 578 579 580 580 581 582 582 583 583 584 584 585 585 586 586 586 586 587 587 587 587 587 587 587 587 587 586 586 586 586 585 585 585 586 586 586 586 587 587 587 587 587 587 588 588 588 588 588 588 588 588 588 588 587 587 587 587 587 587 587 587 587
501 501 501 501 501 501 501 501 501 501 501 501 501 501 501 501 501 501 501 501 502 503 503 504 505 573 573 574 575 576 576 577 578 578 579 580 580 581 581 582 583 583 584 584 584 585 585 585 586 586 586 586 586 586 586 586 586 586 586 585 585 585 584 585 585 585 586 586 586 587 587 587 587 587 588 587 587 588 588 588 588 588 588 587 587 588 587 587 587 587 587 587 587 587
501 501 501 501 501 501 501 501 501 501 501 501 501 501 501 501 501 501 501 501 501 502 503 504 571 572 573 574 574 575 576 576 577 578 578 579 580 580 581 581 582 582 583 583 584 584 584 584 585 585 585 585 585 585 585 585 585 585 585 584 584 584 584 584 585 585 586 586 586 586 587 587 587 587 587 587 588 587 587 588 588 588 588 588 587 587 587 588 587 587 587 587 587 588
501 501 501 501 501 501 501 501 501 501 501 501 501 501 501 501 501 501 501 501 501 502 502 503 571 572 572 573 574 574 575 576 576 577 578 578 579 579 580 581 581 581 582 582 583 583 583 584 584 584 584 584 584 584 584 584 584 584 584 584 583 583 584 584 584 584 585 586 586 586 586 586 587 587 587 587 587 587 588 587 587 588 588 587 587 588 587 587 587 587 587 587 587 588
501 501 501 501 501 501 501 501 501 501 501 501 501 501 501 501 501 501 501 501 501 501 502 503 570 571 572 572 573 574 575 575 576 576 577 578 578 579 579 580 580 581 581 581 582 582 582 583 583 583 583 583 583 583 583 583 583 583 583 583 582 582 583 583 584 585 585 585 585 586 586 587 586 586 587 587 588 587 587 587 588 587 587 588 587 587 587 588 587 587 587 587 588 589
501 501 501 501 501 501 501 501 501 501 501 501 501 501 501 501 501 501 501 501 501 501 501 569 570 570 571 572 573 573 574 575 575 576 576 577 577 578 578 579 579 580 580 581 581 581 582 582 582 582 582 582 583 583 583 582 582 582 582 582 582 582 583 584 583 584 584 585 585 586 586 586 586 587 586 587 587 587 588 587 587 587 587 587 587 588 587 587 587 587 587 588 588 589
501 501 501 501 501 501 501 501 501 501 501 501 501 501 501 501 501 501 501 501 501 501 501 569 569 570 571 571 572 573 573 574 574 575 576 576 577 577 578 578 579 579 579 580 580 580 581 581 581 581 581 582 582 582 582 582 581 581 581 581 582 582 582 583 583 584 585 584 585 585 586 586 586 586 586 587 587 587 587 587 587 587 587 588 587 587 587 587 587 587 587 588 589 589
501 501 501 501 501 501 501 501 501 501 501 501 501 501 501 501 501 501 501 501 501 501 567 568 569 569 570 571 571 572 573 573 574 574 575 575 576 576 577 577 578 578 579 579 579 580 580 580 580 580 581 581 581 581 581 581 581 580 580 580 581 582 582 583 583 583 584 584 585 585 585 585 586 586 586 586 587 587 587 587 587 587 587 587 587 587 587 587 587 587 588 589 589 590
501 501 501 501 501 501 501 501 501 501 501 501 501 501 501 501 501 501 501 501 501 501 567 567 568 569 569 570 571 571 572 572 573 574 574 575 575 576 576 577 577 577 578 578 578 579 579 579 579 580 580 580 580 580 580 580 580 580 579 580 581 581 581 582 583 583 584 584 584 585 585 586 585 586 586 586 586 586 587 587 587 587 587 587 587 587 587 587 587 588 588 589 590 590
501 501 501 501 501 501 501 501 501 501 501 501 501 501 501 501 501 501 501 501 501 501 566 567 567 568 569 569 570 571 571 572 572 573 573 574 574 575 575 576 576 577 577 577 578 578 578 578 578 579 579 579 579 579 579 579 579 579 579 579 580 581 582 582 582 583 583 584 584 584 584 585 585 586 586 586 586 587 586 586 587 587 587 587 587 587 587 587 587 588 589 589 590 591
501 501 501 501 501 501 501 501 501 501 501 501 501 501 501 501 501 501 501 501 501 565 565 566 567 567 568 569 569 570 570 571 572 572 573 573 574 574 575 575 575 576 576 576 577 577 577 577 578 578 578 578 578 578 578 578 578 578 579 579 579 580 581 581 582 583 583 583 584 584 585 584 585 585 586 586 586 586 586 587 586 586 587 586 586 587 587 587 588 589 589 590 591 591
501 501 501 501 501 501 501 501 501 501 501 501 501 501 501 501 501 501 501 501 501 564 565 565 566 567 567 568 569 569 570 570 571 571 572 572 573 573 574 574 575 575 575 576 576 576 576 577 577 577 577 577 577 577 577 577 577 577 578 579 579 580 581 582 581 582 583 583 584 584 584 584 585 585 585 585 586 586 586 586 586 586 586 586 587 587 587 588 588 589 590 590 591 592
501 501 501 501 501 501 501 501 501 501 501 501 501 501 501 501 501 501 501 501 501 564 564 565 565 566 567 567 568 569 569 570 570 571 571 572 572 573 573 573 574 574 574 575 575 575 575 576 576 576 576 576 576 576 576 576 576 577 578 579 579 579 580 581 581 582 582 582 583 584 584 584 584 585 585 585 585 586 586 586 586 586 586 586 586 587 587 588 589 589 590 591 591 592
501 501 501 501 501 501 501 501 501 501 501 501 501 501 501 501 501 501 501 501 564 564 564 564 565 565 566 567 567 568 568 569 569 570 570 571 571 572 572 573 573 573 574 574 574 574 575 575 575 575 575 575 575 575 575 575 575 576 577 578 579 579 580 580 581 581 582 583 582 583 583 584 584 584 584 585 585 585 585 586 586 586 586 586 586 587 588 588 589 590 590 591 592 592
501 501 501 501 501 501 501 501 501 501 501 501 501 501 501 501 501 501 501 501 564 564 564 564 564 565 565 566 567 567 568 568 569 569 570 570 570 571 571 572 572 572 573 573 573 573 574 574 574 574 574 574 574 574 574 574 575 576 577 578 578 578 579 580 581 581 581 582 582 583 583 583 584 584 585 584 585 585 586 585 585 586 586 586 587 587 588 589 590 590 591 592 592 593
501 501 501 501 501 501 501 501 501 501 501 501 501 501 501 501 501 501 501 564 564 564 564 564 564 564 565 565 566 566 567 567 568 568 569 569 570 570 570 571 571 572 572 572 572 573 573 573 573 573 573 573 573 573 573 574 574 575 576 577 578 579 578 579 580 581 581 582 582 582 583 583 583 583 584 584 584 584 585 585 585 585 586 587 587 588 589 589 590 591 591 592 593 593
501 501 501 501 501 501 501 501 501 501 501 501 501 501 501 501 501 501 501 564 564 564 564 564 564 564 564 565 565 566 566 567 567 568 568 568 569 569 570 570 570 571 571 571 571 572 572 572 572 572 572 572 573 573 573 573 574 575 576 576 577 578 578 579 580 580 580 581 582 582 582 582 583 584 583 584 584 585 584 585 585 586 586 587 588 588 589 590 590 591 592 592 593 594
501 501 501 501 501 501 501 501 501 501 501 501 501 501 501 501 501 501 501 564 564 564 564 564 564 564 564 564 564 565 565 566 566 567 567 568 568 568 569 569 569 570 570 570 571 571 571 571 571 571 572 572 572 572 573 573 574 574 575 576 577 578 578 578 579 580 580 580 581 581 582 583 582 583 583 584 584 584 584 584 585 586 587 587 588 589 589 590 591 591 592 593 593 594
501 501 501 501 501 501 501 501 501 501 501 501 501 501 501 501 501 501 564 564 564 564 564 564 564 564 564 564 564 564 565 565 566 566 566 567 567 568 568 568 569 569 569 569 570 570 570 570 570 571 571 571 571 571 572 573 574 575 574 575 576 577 578 578 578 579 580 580 581 581 581 582 582 582 583 583 584 584 584 585 586 586 587 588 588 589 590 590 591 592 592 593 594 594
501 501 501 501 501 501 501 501 501 501 501 501 501 501 501 501 501 501 564 564 564 564 564 564 564 564 564 564 564 564 564 564 565 565 566 566 566 567 567 567 568 568 568 569 569 569 569 569 569 570 570 570 570 571 571 572 573 574 574 575 576 576 577 578 578 579 579 579 580 581 581 581 582 582 583 583 583 584 585 585 586 587 587 588 589 589 590 591 592 592 593 594 594 510
501 501 501 501 501 501 501 501 501 501 501 501 501 501 501 501 501 501 564 564 564 564 564 564 564 564 564 564 564 564 564 564 564 564 565 565 566 566 566 567 567 567 567 568 568 568 568 568 569 569 569 569 569 570 571 572 573 573 574 574 575 576 577 577 577 578 579 580 579 580 581 581 582 582 582 583 584 584 585 586 586 587 588 589 589 590 591 591 592 593 593 594 510 510
501 501 501 501 501 501 501 501 501 501 501 501 501 501 501 501 501 564 564 564 564 564 564 564 564 564 564 564 564 564 564 564 564 564 564 564 565 565 565 566 566 566 567 567 567 567 567 568 568 568 568 568 569 569 570 571 572 573 574 575 575 575 576 577 578 578 578 579 579 580 580 580 581 582 582 583 584 585 585 586 587 587 588 589 590 590 591 592 592 593 594 510 510 511
501 501 501 501 501 501 501 501 501 501 501 501 501 501 501 501 501 564 564 564 564 564 564 564 564 564 564 564 564 564 564 564 564 564 564 564 564 564 565 565 565 565 566 566 566 566 567 567 567 567 567 567 568 569 570 571 571 572 573 574 575 575 575 576 577 577 578 578 579 579 580 581 581 582 583 584 584 585 586 586 587 588 589 589 590 591 591 592 593 593 509 510 510 511
501 501 501 501 501 501 501 501 501 501 501 501 501 501 501 501 564 564 564 564 564 564 564 564 564 564 564 564 564 564 564 564 564 564 564 564 564 564 564 564 564 565 565 565 565 565 566 566 566 566 566 566 567 568 569 570 571 572 573 573 574 574 575 576 577 577 577 578 579 579 580 581 582 582 583 584 585 585 586 587 588 588 589 590 590 591 592 592 593 509 509 510 511 511
501 501 501 501 501 501 501 501 501 501 501 501 501 501 501 501 564 564 564 564 564 564 564 564 564 564 564 564 564 564 564 564 564 564 564 564 564 564 564 564 564 564 564 564 564 565 565 565 565 565 565 566 567 568 569 569 570 571 572 573 574 574 574 575 576 577 578 578 579 580 581 581 582 583 584 584 585 586 587 587 588 589 589 590 591 591 592 593 509 509 510 510 511 512
501 501 501 501 501 501 501 501 501 501 501 501 501 501 501 501 564 564 564 564 564 564 564 564 564 564 564 564 564 564 564 564 564 564 564 564 564 564 564 564 564 564 564 564 564 564 564 564 564 564 564 565 566 567 568 569 570 571 571 572 573 574 575 576 576 577 578 579 579 580 581 582 582 583 584 585 585 586 587 588 588 589 590 590 591 592 592 508 509 509 510 511 511 512
501 501 501 501 501 501 501 501 501 501 501 501 501 501 501 564 564 564 564 564 564 564 564 564 564 564 564 564 564 564 564 564 564 564 564 564 564 564 564 564 564 564 564 564 564 564 564 564 564 564 565 566 567 568 568 569 570 571 572 573 573 574 575 576 577 577 578 579 580 581 581 582 583 584 584 585 586 587 587 588 589 589 590 591 591 592 508 508 509 510 510 511 512 512
501 501 501 501 501 501 501 501 501 501 501 501 501 501 501 564 564 564 564 564 564 564 564 564 564 564 564 564 564 564 564 564 564 564 564 564 564 564 564 564 564 564 564 564 564 564 564 564 564 564 565 566 567 568 569 570 570 571 572 573 574 575 575 576 577 578 579 579 580 581 582 582 583 584 585 585 586 587 588 588 589 590 590 591 592 508 508 509 509 510 511 511 512 513
501 501 501 501 501 501 501 501 501 501 501 501 501 501 501 564 564 564 564 564 564 564 564 564 564 564 564 564 564 564 564 564 564 564 564 564 564 564 564 564 564 564 564 564 564 564 564 564 564 565 566 567 567 568 569 570 571 572 573 573 574 575 576 577 577 578 579 580 581 581 582 583 584 584 585 586 587 587 588 589 589 590 591 591 507 508 508 509 510 510 511 512 512 513
501 501 501 501 501 501 501 501 501 501 501 501 501 501 564 564 564 564 564 564 564 564 564 564 564 564 564 564 564 564 564 564 564 564 564 564 564 564 564 564 564 564 564 564 564 564 564 564 564 565 566 567 568 569 570 570 571 572 573 574 575 575 576 577 578 579 579 580 581 582 582 583 584 585 585 586 587 588 588 589 590 590 591 507 507 508 509 509 510 511 511 512 513 513
501 501 501 501 501 501 501 501 501 501 501 501 501 501 564 564 564 564 564 564 564 564 564 564 564 564 564 564 564 564 564 564 564 564 564 564 564 564 564 564 564 564 564 564 564 564 564 564 565 566 566 567 568 569 570 571 572 572 573 574 575 576 577 577 578 579 580 581 581 582 583 584 584 585 586 587 587 588 589 589 590 591 507 507 508 508 509 510 510 511 512 512 513 514
501 501 501 501 501 501 501 501 501 501 501 501 501 501 564 564 564 564 564 564 564 564 564 564 564 564 564 564 564 564 564 564 564 564 564 564 564 564 564 564 564 564 564 564 564 564 564 564 565 566 567 568 569 569 570 571 572 573 574 575 575 576 577 578 579 579 580 581 582 582 583 584 585 585 586 587 588 588 589 590 590 506 507 507 508 509 509 510 511 511 512 513 513 514
501 501 501 501 501 501 501 501 501 501 501 501 501 564 564 564 564 564 564 564 564 564 564 564 564 564 564 564 564 564 564 564 564 564 564 564 564 564 564 564 564 564 564 564 564 564 564 565 565 566 567 568 569 570 571 572 572 573 574 575 576 577 577 578 579 580 580 581 582 583 584 584 585 586 586 587 588 589 589 590 506 506 507 508 508 509 510 510 511 512 512 513 514 514
501 501 501 501 501 501 501 501 501 501 501 501 501 564 564 564 564 564 564 564 564 564 564 564 564 564 564 564 564 564 564 564 564 564 564 564 564 564 564 564 564 564 564 564 564 564 564 565 566 567 568 568 569 570 571 572 573 574 574 575 576 577 578 578 579 580 581 582 582 583 584 585 585 586 587 588 588 589 590 506 506 507 507 508 509 509 510 511 511 512 513 513 514 515
501 501 501 501 501 501 501 501 501 501 501 501 501 564 564 564 564 564 564 564 564 564 564 564 564 564 564 564 564 564 564 564 564 564 564 564 564 564 564 564 564 564 564 564 564 564 564 565 566 567 568 569 570 571 571 572 573 574 575 576 576 577 578 579 580 580 581 582 583 583 584 585 586 586 587 588 589 505 505 506 506 507 508 508 509 510 510 511 512 512 513 514 514 515
501 501 501 501 501 501 501 501 501 501 501 501 564 564 564 564 564 564 564 564 564 564 564 564 564 564 564 564 564 564 564 564 564 564 564 564 564 564 564 564 564 564 564 564 564 564 565 566 567 567 568 569 570 571 572 573 573 574 575 576 577 578 578 579 580 581 582 582 583 584 585 585 586 587 587 588 504 505 505 506 507 507 508 509 509 510 511 511 512 513 513 514 515 515
501 501 501 501 501 501 501 501 501 501 501 501 564 564 564 564 564 564 564 564 564 564 564 564 564 564 564 564 564 564 564 564 564 564 564 564 564 564 564 564 564 564 564 564 564 564 565 566 567 568 569 570 570 571 572 573 574 575 575 576 577 578 579 580 580 581 582 583 583 584 585 586 586 587 588 504 504 505 506 506 507 508 508 509 510 510 511 512 512 513 514 514 515 516
