testData/tiles/oneDegreeCosts/grid15.0-35.0-16.0-36.0.asc
ncols   200
nrows   200
xllcorner   15.0
yllcorner   35.0
cellsize   0.005
NODATA_value   -9999.0
[rows 42 to 83 of 200, columns 0 to 93 of 200]
794 794 794 794 795 795 796 795 796 796 796 797 797 797 798 797 798 798 799 799 798 799 798 799 800 799 800 799 800 800 799 801 800 800 800 800 800 799 801 800 800 800 800 800 799 800 800 798 799 798 798 797 797 798 797 797 796 796 795 795 795 795 795 794 794 792 792 791 791 790 789 789 787 787 786 785 784 783 784 785 785 786 787 786 787 787 788 789 790 790 791 791 792 792
792 793 793 793 793 794 794 795 794 795 794 796 796 796 796 796 796 798 797 797 797 797 798 797 798 798 798 799 798 798 798 799 799 799 799 798 798 799 799 799 798 799 799 798 798 798 798 798 798 798 797 797 796 797 795 795 795 794 794 793 794 793 793 793 792 791 790 790 789 789 788 788 787 785 784 783 783 783 784 784 785 785 786 786 787 788 788 789 789 790 790 791 791 792
791 791 792 791 792 793 793 793 793 793 794 794 795 795 795 795 795 796 796 796 796 796 796 797 797 797 797 797 797 797 798 798 798 798 797 797 797 798 798 797 798 797 797 796 796 798 797 797 796 796 796 795 796 795 795 794 794 794 793 792 792 792 791 791 790 789 789 788 789 787 787 786 785 784 783 783 783 783 783 784 784 785 785 786 786 787 788 789 790 789 790 790 791 791
789 789 789 791 791 792 793 793 793 793 794 795 794 795 794 794 795 795 796 795 796 796 795 797 796 796 797 796 797 796 797 798 797 797 796 797 797 796 796 796 796 796 795 795 796 796 796 795 795 794 794 794 795 795 794 794 793 793 791 791 792 791 791 790 789 788 787 787 787 786 785 785 783 783 781 781 783 783 784 784 784 784 785 785 786 787 788 788 789 789 790 790 790 731
788 789 788 789 790 791 792 791 792 792 792 793 792 793 793 793 794 795 794 794 794 794 795 795 795 795 795 796 795 796 796 796 796 795 796 795 796 796 796 796 795 795 795 795 796 795 794 793 793 794 793 794 793 793 792 792 792 791 791 791 790 790 789 789 788 788 786 787 785 784 784 782 782 780 780 780 782 782 783 784 784 785 785 785 785 787 787 788 788 789 789 790 790 730
787 787 788 787 789 788 789 789 790 790 791 791 792 791 792 792 793 793 792 793 793 793 794 793 794 794 793 794 793 794 795 794 794 794 794 794 794 795 794 794 794 794 794 794 794 794 793 793 793 793 792 793 792 791 791 790 790 790 789 790 788 788 787 787 787 786 785 785 785 783 783 780 780 779 779 781 781 782 782 783 783 784 785 785 785 786 787 787 788 788 789 789 730 730
786 786 786 787 787 788 787 788 788 789 790 790 790 791 790 790 791 791 792 792 792 791 792 793 792 792 793 792 792 793 793 793 793 793 792 793 794 793 793 792 793 793 792 793 792 792 792 792 792 791 792 791 791 791 790 790 789 788 788 788 788 786 786 785 785 783 784 784 782 782 781 780 779 779 779 780 781 781 782 782 783 783 784 784 786 787 787 787 787 788 788 729 729 730
785 784 785 786 786 786 787 786 787 787 788 788 788 789 789 791 791 791 791 792 791 791 792 792 792 792 792 791 793 792 791 792 791 791 792 792 792 791 791 792 791 791 790 791 792 791 791 790 790 790 790 790 789 789 788 788 788 787 788 787 787 785 784 784 783 782 782 782 781 780 779 778 778 778 779 780 781 781 781 782 782 783 783 784 785 786 786 787 788 787 788 728 729 730
783 783 783 785 786 786 786 786 786 787 787 787 787 787 788 788 790 790 789 790 789 791 791 790 791 790 790 791 791 791 791 791 791 791 791 792 791 791 791 791 790 789 790 790 790 789 789 789 788 788 788 788 788 787 787 786 786 787 786 786 785 784 783 783 782 780 781 780 779 778 777 777 777 778 779 780 780 781 781 781 782 782 783 784 785 785 786 786 787 787 728 728 728 730
782 783 784 784 784 784 784 785 785 786 786 786 786 786 786 788 787 787 788 788 789 789 789 789 789 789 789 789 790 790 790 789 790 790 789 790 790 790 790 789 789 789 790 790 789 789 788 787 787 787 787 786 786 786 785 785 784 785 784 784 784 782 782 781 781 780 780 779 777 777 775 776 776 777 779 779 780 780 781 781 782 782 782 784 784 785 785 786 786 727 727 728 728 729
782 781 783 782 783 783 783 783 785 784 785 784 785 785 785 786 785 786 786 785 786 788 788 788 787 788 788 788 789 788 788 788 788 788 788 789 789 788 788 787 788 789 788 788 787 787 787 786 786 786 786 785 784 784 783 783 783 783 783 782 782 781 780 780 779 779 778 777 777 775 775 775 776 777 778 779 779 780 780 781 781 782 783 783 784 784 785 785 726 726 727 727 729 729
780 780 781 782 781 782 782 782 783 783 783 783 783 783 784 784 785 784 784 785 785 786 785 785 787 786 786 787 787 787 786 787 787 786 788 787 787 787 786 787 786 787 787 786 786 785 785 785 785 786 785 785 785 784 783 781 782 781 781 781 780 779 778 778 778 777 777 775 775 774 775 776 776 777 777 778 778 779 780 780 781 781 783 783 784 784 784 785 725 726 726 728 728 729
778 780 779 780 779 780 780 781 781 782 781 782 782 782 783 783 783 783 783 783 783 784 784 784 784 784 784 786 785 785 786 785 785 785 786 786 785 785 785 785 785 785 785 784 784 784 784 784 784 784 784 783 783 782 781 781 781 781 779 779 779 777 777 776 776 775 774 774 773 774 774 775 776 777 777 777 778 778 779 779 780 782 782 783 783 784 783 724 724 725 726 727 728 728
777 778 778 778 779 779 779 780 780 780 780 781 782 782 782 783 782 783 782 782 784 783 783 784 783 783 784 784 784 784 785 784 783 785 784 784 784 784 784 783 784 784 783 783 783 783 783 782 783 782 782 782 781 781 780 779 780 779 779 778 777 775 775 775 774 774 772 772 773 773 774 774 776 776 777 778 777 778 778 779 779 781 782 782 783 783 724 724 724 724 726 727 727 728
775 777 777 777 778 779 778 780 779 780 780 779 780 781 781 781 781 781 781 782 782 782 782 782 781 782 783 782 783 782 782 782 782 784 784 783 784 783 783 782 782 782 782 782 782 781 781 780 781 781 780 780 779 779 779 778 778 777 777 777 775 775 774 773 773 772 771 771 772 772 773 774 775 776 776 777 777 777 778 778 779 780 781 781 782 723 723 724 724 724 725 726 726 727
775 776 776 777 776 777 777 778 778 778 778 779 778 780 779 779 780 779 780 781 780 781 780 780 781 780 781 781 781 781 780 781 781 781 781 781 782 782 781 781 781 782 782 780 780 780 779 780 779 779 779 778 778 777 777 777 776 776 775 775 773 773 773 772 772 770 770 771 771 772 772 774 775 775 776 776 777 777 777 778 779 780 780 781 781 722 722 723 724 724 725 725 726 726
775 774 775 775 775 775 777 776 777 777 777 777 777 778 778 778 778 778 778 779 779 779 779 779 779 780 780 780 779 779 780 779 780 779 780 780 779 779 779 779 781 780 780 780 779 779 777 778 778 777 777 776 776 776 775 775 774 774 774 772 772 771 770 771 770 770 770 770 771 771 772 773 774 774 775 776 776 777 777 777 778 779 780 780 721 721 722 722 723 725 724 725 725 726
773 774 773 774 774 774 775 775 775 775 775 775 777 776 777 777 776 777 776 777 778 777 778 778 777 778 778 778 778 778 778 777 778 779 778 778 778 777 777 778 778 778 777 778 777 777 777 777 777 775 775 775 774 774 774 773 773 772 772 770 770 770 769 769 768 769 770 770 770 770 771 773 773 774 774 775 776 776 777 777 778 778 779 720 720 721 721 722 722 724 724 724 725 725
771 772 772 772 772 772 773 774 773 774 774 774 775 774 775 775 775 775 776 776 776 775 776 776 775 777 777 776 777 776 776 776 777 777 777 776 776 775 776 777 776 776 775 775 775 774 775 776 775 775 774 773 773 772 772 771 771 771 770 769 768 767 768 767 768 768 769 770 769 770 771 772 772 773 774 774 775 775 776 778 778 778 718 719 719 720 721 721 722 723 724 723 724 724
770 770 771 770 771 772 772 772 773 772 772 772 773 774 773 774 774 773 775 774 774 775 774 774 775 775 775 774 775 775 774 774 776 775 775 774 774 775 774 775 775 774 774 773 773 773 773 773 772 772 772 772 771 770 770 770 769 769 767 767 767 765 766 766 767 768 768 769 769 769 771 771 772 772 773 774 774 775 775 777 777 777 718 718 719 719 720 720 722 723 723 723 723 724
769 769 769 770 769 771 770 770 771 770 771 772 772 772 772 772 772 772 773 773 773 773 773 773 774 773 773 774 773 773 773 774 774 773 773 773 773 773 774 773 773 772 772 772 771 771 771 771 771 770 770 770 769 770 767 768 768 767 766 765 764 765 765 766 766 767 768 768 769 769 770 771 771 772 772 773 773 774 775 776 777 717 717 718 718 719 719 720 721 722 723 723 723 723
767 768 767 768 767 769 769 769 769 770 769 770 770 770 771 770 770 771 771 771 772 771 771 771 772 772 772 772 772 771 772 772 772 772 771 772 772 771 772 771 771 771 770 770 769 770 770 769 769 769 768 768 767 767 766 765 765 763 763 764 762 764 764 765 766 766 767 767 768 769 769 770 770 771 772 772 773 773 775 776 716 717 716 717 717 718 719 719 721 721 722 722 722 723
766 766 766 766 767 767 768 768 767 768 767 769 769 769 769 769 769 770 769 770 770 769 770 770 770 771 771 770 770 770 770 771 770 770 771 770 770 769 770 770 769 769 768 768 768 768 768 768 767 767 766 766 766 765 765 763 762 762 761 760 761 762 763 764 765 766 766 767 767 769 769 769 770 770 771 772 772 773 774 715 715 716 716 716 717 717 718 720 720 721 721 722 721 722
764 765 765 764 765 765 766 766 766 766 767 767 767 768 767 768 767 768 769 768 768 769 768 768 768 769 769 768 768 769 769 769 769 768 769 768 768 768 768 768 767 767 767 766 766 767 766 766 765 765 765 764 763 764 763 762 760 760 760 759 760 761 762 763 763 764 764 766 767 768 768 768 769 770 770 771 771 772 774 714 715 715 715 716 716 717 717 719 719 720 721 720 721 721
762 763 763 763 764 765 764 765 765 764 765 765 766 766 765 766 766 766 767 767 766 767 766 767 768 767 767 767 767 767 767 767 767 767 767 767 766 767 766 766 766 765 765 765 764 765 764 764 764 763 763 763 762 762 761 759 759 758 758 758 760 761 761 762 763 763 764 764 765 767 766 767 768 769 770 770 771 772 713 713 714 714 714 715 715 716 717 718 719 719 720 719 720 721
762 761 762 762 762 763 762 763 763 763 764 764 764 764 765 764 764 765 765 765 765 765 765 766 766 766 765 766 765 765 766 765 766 766 765 765 764 765 765 764 764 764 763 763 763 763 763 762 762 762 761 760 760 760 759 757 757 756 757 758 759 760 761 761 762 762 763 764 765 766 765 766 767 767 768 768 769 712 712 713 713 713 714 714 715 715 717 717 718 719 718 719 719 720
760 759 760 760 761 761 762 761 761 762 762 763 763 762 763 762 764 764 763 764 764 763 763 764 764 764 763 764 764 763 764 764 764 764 763 763 763 763 763 763 762 762 761 761 762 761 761 761 760 760 758 758 759 758 756 756 755 756 756 757 759 759 760 760 761 762 762 763 764 764 765 765 766 766 767 768 708 710 710 711 711 711 713 713 714 715 716 717 717 718 718 718 719 719
758 759 758 759 760 759 760 760 760 760 761 761 761 761 761 761 762 762 762 762 762 761 762 763 762 762 763 762 762 761 762 763 762 762 762 761 761 762 761 761 760 760 760 759 760 760 759 759 758 758 757 756 757 755 754 754 754 755 756 756 758 758 759 760 760 761 762 762 763 763 764 765 765 766 766 707 708 709 710 709 710 711 711 712 712 713 715 715 717 716 717 717 718 719
756 757 756 757 758 758 758 759 758 758 760 759 760 760 759 760 760 760 761 760 760 760 760 761 761 761 761 760 760 761 760 761 761 760 760 759 760 760 759 759 759 758 758 758 758 758 757 757 757 755 755 755 754 753 752 753 754 754 755 756 757 758 758 759 760 760 761 761 762 763 763 764 764 765 766 706 708 708 708 709 709 710 710 711 712 712 714 714 714 715 715 716 716 717
755 755 756 756 756 757 756 757 757 757 758 757 758 758 757 758 759 758 759 759 758 759 759 759 759 759 759 759 758 759 760 759 759 758 758 758 758 758 758 757 757 756 756 756 756 756 756 755 754 753 752 753 751 751 752 752 753 753 754 756 756 757 758 758 759 759 759 761 761 762 763 763 764 764 705 706 707 707 707 708 709 709 710 710 711 713 713 713 713 714 715 715 716 716
754 753 754 754 755 755 755 755 755 756 756 757 756 756 757 756 757 757 757 757 757 757 758 757 758 758 757 757 756 757 758 757 757 757 756 756 757 756 756 755 755 755 754 755 755 754 754 751 751 751 750 750 750 750 751 751 752 753 753 755 756 756 757 757 757 758 758 760 761 761 762 762 763 704 704 705 705 706 707 707 708 708 709 710 710 711 711 712 713 713 714 714 715 715
752 752 752 754 753 753 754 753 754 755 754 755 754 754 755 755 755 756 755 755 756 755 756 755 756 756 755 755 755 756 756 756 755 755 754 754 755 754 754 754 753 753 753 753 752 751 750 750 749 749 748 748 749 749 750 751 751 752 753 754 755 755 755 756 756 757 758 759 760 760 761 762 702 703 702 703 705 705 706 707 707 708 708 709 709 710 711 711 712 713 713 714 713 714
749 750 749 752 751 752 752 751 752 753 753 753 753 753 753 754 754 754 753 753 754 753 754 755 754 754 754 753 753 754 754 754 753 753 753 752 753 753 752 752 750 750 750 750 750 749 748 748 748 746 746 747 748 749 749 750 751 751 752 753 753 754 754 755 756 756 757 758 759 760 760 701 701 701 702 703 704 705 705 706 706 707 707 707 708 709 710 711 711 712 711 712 713 713
747 748 748 749 749 749 749 750 749 751 751 751 751 751 751 752 752 752 752 752 752 752 752 753 752 752 752 751 753 753 752 752 752 751 750 750 750 750 749 749 749 748 748 749 747 747 746 746 746 744 746 747 747 748 749 749 750 749 751 752 752 753 754 754 755 755 756 758 758 759 699 699 700 700 701 703 703 704 704 705 705 705 706 706 708 709 709 710 711 710 711 711 712 713
745 745 745 746 748 747 747 748 747 749 749 748 749 749 748 750 750 749 749 749 749 749 749 750 750 749 749 749 750 750 750 749 749 748 748 749 748 748 748 747 747 747 746 746 745 745 745 744 743 744 745 746 746 747 747 747 748 749 750 751 752 752 753 753 754 755 756 757 757 757 698 698 699 700 700 702 702 703 703 703 704 705 705 706 707 708 708 708 709 709 710 711 711 712
743 743 745 744 745 745 745 745 746 747 747 746 747 747 746 748 748 747 748 748 747 748 749 748 748 747 747 747 748 748 748 747 747 747 746 747 747 746 746 745 745 745 744 744 744 743 743 742 742 743 743 744 745 745 746 747 747 748 749 750 751 751 752 753 753 753 755 755 756 696 697 698 698 699 699 700 701 701 702 703 703 704 704 705 706 706 707 707 708 709 709 710 709 710
741 742 743 743 743 743 743 743 745 744 744 746 745 745 746 746 746 746 746 746 745 746 747 746 746 746 745 745 747 746 746 746 745 745 744 745 745 744 744 744 743 742 743 742 742 740 739 740 740 741 743 743 744 745 745 746 746 747 749 749 750 750 750 751 751 752 754 754 695 696 696 697 697 697 698 699 700 701 701 702 702 703 703 703 705 706 706 707 707 708 708 708 709 710
739 739 740 741 740 742 742 741 743 742 742 743 742 742 744 744 744 745 744 744 744 744 745 745 744 744 743 743 745 744 744 744 743 743 743 743 743 743 741 741 739 739 740 739 739 738 738 739 740 740 742 742 743 744 744 745 746 745 747 748 748 749 749 750 751 751 753 694 694 694 694 695 696 696 697 699 699 700 700 700 701 701 702 703 704 705 705 705 706 706 707 707 708 710
738 737 738 739 738 739 739 738 740 740 739 740 740 739 741 741 740 741 741 741 741 742 742 742 741 741 741 740 742 742 741 741 741 740 740 740 740 740 738 738 738 737 738 738 736 737 737 738 739 739 741 742 742 742 743 743 744 744 746 747 747 748 749 749 750 751 691 692 692 693 694 694 695 696 697 698 697 698 699 699 700 701 701 702 702 703 704 704 705 705 706 706 706 708
736 736 737 737 737 737 737 737 738 738 738 738 738 738 739 739 738 739 739 738 738 741 740 740 740 739 739 738 740 740 739 739 739 738 738 739 738 737 737 736 736 735 735 735 735 736 737 736 737 739 739 740 741 741 742 742 743 745 745 746 747 747 747 747 748 689 690 691 692 692 693 694 693 694 695 696 697 697 698 699 699 699 699 701 702 702 703 704 703 704 704 705 706 707
733 733 734 734 735 735 735 736 736 736 737 736 736 737 737 737 736 737 737 736 736 738 737 737 737 737 737 737 737 738 738 737 737 736 736 736 735 735 734 733 733 732 732 733 734 734 735 735 736 738 738 739 740 740 741 742 742 743 744 744 745 745 746 747 687 689 690 690 690 690 691 692 692 693 695 695 696 696 696 697 697 698 699 700 701 701 701 702 702 703 704 704 704 705
731 732 733 732 733 732 732 733 733 734 734 733 733 734 734 734 735 734 734 734 733 735 735 734 734 733 733 734 733 734 734 733 733 733 733 733 733 732 732 732 730 730 731 732 733 733 734 735 735 737 738 737 738 739 739 740 740 742 743 743 744 745 745 686 686 687 688 688 689 690 690 691 692 692 693 693 694 695 695 696 697 697 697 699 699 700 700 701 702 701 702 702 703 705
