testData/tiles/oneDegreeCosts/grid43.0-37.0-44.0-38.0.asc
ncols   200
nrows   200
xllcorner   43.0
yllcorner   37.0
cellsize   0.005
NODATA_value   -9999.0
[rows 126 to 167 of 200, columns 94 to 187 of 200]
490 491 491 490 490 490 490 490 490 490 490 490 490 490 490 490 490 490 490 490 490 490 490 490 490 490 490 490 490 490 490 490 490 490 490 490 490 490 490 490 490 490 490 531 529 529 529 528 527 526 525 524 524 523 520 519 517 514 514 514 514 514 514 514 514 514 514 514 514 514 515 515 515 516 516 516 517 517 518 518 518 519 520 519 520 520 521 521 521 521 523 522 522 524
490 490 490 490 490 490 490 490 490 490 490 490 490 490 490 490 490 490 490 490 490 490 490 490 490 490 490 490 490 490 490 490 490 490 490 490 490 490 490 490 490 490 531 530 529 530 528 527 527 526 526 525 523 522 521 520 518 515 514 514 514 514 514 514 514 514 514 514 514 514 514 515 515 515 515 516 517 517 517 518 518 518 519 519 519 520 520 520 521 521 521 522 522 522
490 490 490 490 490 490 490 490 490 490 490 490 490 490 490 490 490 490 490 490 490 490 490 490 490 490 490 490 490 490 490 490 490 490 490 490 490 490 490 490 490 532 531 531 530 529 528 528 527 526 525 525 524 522 522 520 519 518 514 514 514 514 514 514 514 514 514 514 514 514 514 514 514 514 516 516 516 517 517 517 518 518 519 519 519 520 520 520 521 521 521 522 522 522
490 490 490 490 490 490 490 490 490 490 490 490 490 490 490 490 490 490 490 490 490 490 490 490 490 490 490 490 490 490 490 490 490 490 490 490 490 490 490 490 532 531 531 530 530 530 528 528 527 526 527 525 524 524 522 520 520 518 515 514 514 514 514 514 514 514 514 514 514 514 514 514 515 515 516 516 517 517 517 517 519 518 518 520 520 519 519 520 520 520 521 521 522 522
490 490 490 490 490 490 490 490 490 490 490 490 490 490 490 490 490 490 490 490 490 490 490 490 490 490 490 490 490 490 490 490 490 490 490 490 490 490 490 532 532 532 531 530 530 529 529 530 528 528 527 526 526 524 523 522 521 519 517 515 514 514 514 514 514 514 514 514 514 514 514 514 515 515 515 516 516 516 517 517 517 518 519 518 519 519 520 520 520 522 522 522 522 524
490 490 490 490 490 490 490 490 490 490 490 490 490 490 490 490 490 490 490 490 490 490 490 490 490 490 490 490 490 490 490 490 490 490 490 490 490 490 533 534 532 532 532 532 531 530 530 529 529 528 527 526 526 525 524 523 521 520 519 516 514 514 514 514 514 514 514 514 514 514 514 514 514 514 515 515 515 515 517 517 517 518 518 518 518 519 519 520 521 521 522 522 523 524
490 490 490 490 490 490 490 490 490 490 490 490 490 490 490 490 490 490 490 490 490 490 490 490 490 490 490 490 490 490 490 490 490 490 490 490 490 533 533 533 533 532 533 531 531 531 530 529 529 528 527 527 525 524 524 523 522 521 520 518 516 514 514 514 514 514 514 514 514 514 514 514 514 516 515 515 516 517 516 517 518 518 518 518 519 520 520 521 522 521 521 523 523 523
490 490 490 490 490 490 490 490 490 490 490 490 490 490 490 490 490 490 490 490 490 490 490 490 490 490 490 490 490 490 490 490 490 490 490 490 534 534 534 534 533 533 532 531 532 530 530 531 530 529 529 528 527 527 525 524 524 522 521 518 517 514 514 514 514 514 514 514 514 514 514 514 514 514 515 515 515 516 516 517 517 517 518 519 519 520 521 521 522 522 523 524 524 525
490 490 490 490 490 490 490 490 490 490 490 490 490 490 490 490 490 490 490 490 490 490 490 490 490 490 490 490 490 490 490 490 490 490 490 535 535 535 535 534 534 534 532 533 532 531 532 530 530 530 529 528 526 526 525 524 523 522 521 520 518 514 514 514 514 514 514 514 514 514 514 514 514 514 514 515 515 516 516 516 517 517 518 519 519 520 521 521 521 523 523 523 525 525
490 490 490 490 490 490 490 490 490 490 490 490 490 490 490 490 490 490 490 490 490 490 490 490 490 490 490 490 490 490 490 490 490 490 536 535 535 535 535 534 534 533 533 533 531 531 531 531 530 529 528 528 528 527 525 526 525 524 523 521 519 518 514 514 514 514 514 514 514 514 514 514 514 514 515 516 515 516 517 517 517 519 519 519 521 521 521 522 523 523 524 525 525 525
490 490 490 490 490 490 490 490 490 490 490 490 490 490 490 490 490 490 490 490 490 490 490 490 490 490 490 490 490 490 490 490 490 537 536 536 535 535 535 535 534 533 533 533 533 533 532 531 531 531 530 529 528 527 527 527 524 524 523 522 521 518 515 514 514 514 514 514 514 514 514 514 514 515 514 514 515 516 516 517 518 519 519 520 521 521 521 523 523 523 525 525 525 526
490 490 490 490 490 490 490 490 490 490 490 490 490 490 490 490 490 490 490 490 490 490 490 490 490 490 490 490 490 490 490 490 537 536 536 536 536 536 536 535 534 535 534 534 533 533 532 532 532 530 530 529 529 528 527 526 525 525 523 522 521 519 517 514 514 514 514 514 514 514 514 514 514 514 514 514 516 516 516 518 518 518 520 520 520 521 522 522 523 524 524 525 525 526
490 490 490 490 490 490 490 490 490 490 490 490 490 490 490 490 490 490 490 490 490 490 490 490 490 490 490 490 490 490 490 537 538 537 537 537 536 536 536 535 535 534 534 533 533 533 532 532 531 530 531 529 529 529 528 528 527 526 524 524 522 520 519 516 514 514 514 514 514 514 514 514 514 514 515 516 516 517 518 518 519 519 520 521 521 523 523 523 525 525 525 526 527 527
490 490 490 490 490 490 490 490 490 490 490 490 490 490 490 490 490 490 490 490 490 490 490 490 490 490 490 490 490 490 538 538 538 537 537 536 536 537 535 535 535 534 535 534 534 533 534 533 531 532 531 530 530 529 528 528 527 526 525 524 523 522 519 517 515 514 514 514 514 514 514 514 514 514 515 516 516 517 518 518 519 520 520 521 522 522 523 524 524 525 525 526 527 527
490 490 490 490 490 490 490 490 490 490 490 490 490 490 490 490 490 490 490 490 490 490 490 490 490 490 490 490 490 537 538 538 538 538 537 537 537 537 536 537 535 535 535 535 534 534 533 533 533 532 531 531 530 529 529 527 527 527 526 524 522 522 520 518 516 514 514 514 514 514 515 515 515 516 516 516 518 518 519 519 520 520 520 521 522 522 523 524 524 524 526 526 526 528
490 490 490 490 490 490 490 490 490 490 490 490 490 490 490 490 490 490 490 490 490 490 490 490 490 490 490 490 490 539 539 539 538 538 537 537 538 536 536 536 536 535 536 534 534 534 533 533 532 532 532 532 530 530 530 529 528 527 526 525 525 524 521 520 518 515 514 514 514 515 515 515 516 516 516 516 518 518 518 520 520 520 522 522 522 523 524 525 525 526 527 527 528 529
490 490 490 490 490 490 490 490 490 490 490 490 490 490 490 490 490 490 490 490 490 490 490 490 490 490 490 490 539 539 538 538 539 538 537 537 537 536 537 536 536 536 536 535 536 534 534 534 533 533 532 531 531 531 530 529 529 528 527 526 525 523 523 521 519 518 514 514 515 515 515 515 516 516 516 517 517 518 519 519 520 521 522 522 522 524 524 524 526 526 526 528 528 528
490 490 490 490 490 490 490 490 490 490 490 490 490 490 490 490 490 490 490 490 490 490 490 490 490 490 490 539 539 539 539 538 538 538 539 539 538 538 537 537 537 537 536 536 535 534 535 533 533 533 532 532 531 530 530 530 529 527 527 526 525 525 525 523 521 520 517 515 516 516 516 517 517 517 518 518 518 519 520 520 521 522 522 523 524 524 524 525 525 526 526 527 528 528
490 490 490 490 490 490 490 490 490 490 490 490 490 490 490 490 490 490 490 490 490 490 490 490 490 490 540 539 540 539 539 540 539 539 538 538 538 538 537 536 536 536 536 536 534 534 534 535 534 533 533 532 532 532 530 530 529 529 529 528 527 527 525 524 523 521 519 516 516 516 517 517 517 518 518 518 519 519 520 520 521 522 522 523 524 524 525 526 526 527 528 528 529 530
490 490 490 490 490 490 490 490 490 490 490 490 490 490 490 490 490 490 490 490 490 490 490 490 490 540 540 539 540 540 539 539 539 539 538 538 538 537 537 538 538 536 537 536 536 536 535 534 534 534 533 532 532 531 531 531 530 530 529 528 528 527 526 526 524 522 521 518 516 517 517 517 517 518 518 518 519 519 519 521 521 521 523 523 524 525 525 526 526 527 528 528 529 530
490 490 490 490 490 490 490 490 490 490 490 490 490 490 490 490 490 490 490 490 490 490 490 490 541 540 540 540 539 539 539 539 540 539 539 538 539 538 537 537 537 537 537 536 536 535 535 535 535 533 533 533 532 532 532 531 531 531 531 531 530 529 529 527 526 524 523 520 517 518 518 518 519 519 519 520 520 520 521 522 522 523 524 524 524 526 526 526 528 528 528 529 529 529
490 490 490 490 490 490 490 490 490 490 490 490 490 490 490 490 490 490 490 490 490 490 490 540 540 540 540 541 540 541 540 539 540 539 539 539 538 538 538 538 537 537 536 536 536 536 535 536 535 534 535 534 533 534 533 532 533 532 531 531 530 529 529 528 527 526 524 522 518 518 518 519 519 519 520 520 520 521 521 521 522 523 523 524 525 525 526 527 527 528 529 530 530 530
490 490 490 490 490 490 490 490 490 490 490 490 490 490 490 490 490 490 490 490 490 490 541 541 541 541 540 540 540 540 540 539 539 539 539 539 538 539 538 538 538 538 538 537 536 536 536 536 535 536 535 534 535 534 533 534 533 532 532 532 531 531 530 528 528 527 525 524 521 518 519 519 519 520 520 520 520 521 521 521 522 523 523 524 525 525 527 527 527 529 529 529 530 531
490 490 490 490 490 490 490 490 490 490 490 490 490 490 490 490 490 490 490 490 490 541 542 541 541 541 541 540 541 540 540 541 540 540 540 539 539 539 539 538 538 537 537 537 537 536 537 536 537 536 535 536 535 534 536 535 534 535 534 533 533 532 531 531 530 529 527 526 524 519 520 520 520 521 521 521 522 522 522 523 523 524 525 525 526 527 527 528 528 529 530 530 531 531
490 490 490 490 490 490 490 490 490 490 490 490 490 490 490 490 490 490 490 490 490 541 541 541 541 541 541 540 541 541 541 541 540 540 540 539 540 538 538 538 538 538 538 538 538 539 538 537 538 537 537 537 536 536 536 535 535 535 534 533 534 533 532 532 530 529 529 527 525 523 520 520 521 521 521 522 522 522 523 523 523 524 525 525 525 527 527 527 529 529 529 531 531 531
490 490 490 490 490 490 490 490 490 490 490 490 490 490 490 490 490 490 490 490 541 543 541 541 542 541 541 542 541 541 541 540 540 540 539 539 540 540 539 540 539 540 539 539 539 539 538 539 538 538 538 537 537 537 536 536 536 535 535 535 534 533 533 532 531 531 529 528 527 525 520 521 521 521 522 522 522 523 523 523 523 524 524 525 526 526 527 528 529 529 530 531 531 531
490 490 490 490 490 490 490 490 490 490 490 490 490 490 490 490 490 490 490 542 541 542 542 541 542 541 541 541 541 541 542 540 541 541 540 541 540 540 540 540 539 540 540 539 540 539 539 539 538 538 538 538 538 538 538 538 537 537 537 536 535 535 535 534 534 532 531 531 529 527 524 522 522 522 523 523 523 524 524 524 525 525 525 526 527 527 529 529 529 531 531 531 532 533
490 490 490 490 490 490 490 490 490 490 490 490 490 490 490 490 490 490 542 542 543 542 542 542 542 542 542 542 541 541 541 541 541 541 540 541 541 541 541 540 541 540 541 541 541 540 541 540 540 540 540 539 539 539 538 538 538 537 537 537 536 536 535 534 534 533 532 531 530 528 527 522 522 523 523 523 524 524 524 525 525 525 526 526 527 528 528 529 529 530 531 531 532 533
490 490 490 490 490 490 490 490 490 490 490 490 490 490 490 490 490 543 542 542 543 542 542 543 542 542 542 542 542 542 541 542 541 541 542 542 542 542 542 541 542 542 541 542 541 541 541 541 541 540 540 540 540 539 539 539 538 538 538 537 537 536 535 536 536 534 534 533 532 531 529 525 524 524 524 525 525 525 526 526 526 527 527 526 526 528 528 528 530 530 530 532 532 532
490 490 490 490 490 490 490 490 490 490 490 490 490 490 490 490 542 543 543 543 543 542 542 542 542 542 542 542 542 543 542 543 543 542 543 542 543 543 542 543 542 542 542 542 541 542 541 541 541 542 541 542 541 540 541 540 539 540 539 538 539 538 537 537 536 536 535 534 532 532 530 527 524 524 524 525 525 525 526 526 526 527 527 527 528 528 529 530 531 531 532 533 533 534
490 490 490 490 490 490 490 490 490 490 490 490 490 490 490 543 543 542 542 542 542 542 542 542 543 543 543 544 543 543 544 543 543 543 543 543 543 543 542 543 542 543 544 543 544 543 543 543 543 542 542 542 541 542 541 540 541 540 539 540 539 538 538 537 536 536 535 534 534 532 531 530 526 524 525 525 525 526 526 526 527 527 527 528 528 528 530 530 530 532 532 532 533 534
490 490 490 490 490 490 490 490 490 490 490 490 490 490 490 542 543 542 542 544 543 544 544 543 544 544 543 544 544 543 544 543 543 544 544 545 544 544 545 544 544 544 544 543 544 543 543 543 543 542 543 542 542 542 541 542 541 540 541 540 540 541 540 539 539 538 537 537 536 534 534 532 529 526 526 526 527 527 527 528 528 528 529 529 529 529 530 530 530 531 532 532 533 534
490 490 490 490 490 490 490 490 490 490 490 490 490 490 490 544 544 543 544 544 543 544 544 543 544 544 544 544 545 545 545 545 545 545 544 545 545 544 545 544 545 544 544 545 544 544 544 544 544 545 544 543 544 543 543 543 542 542 542 541 541 541 540 539 539 538 537 537 536 535 534 533 530 528 526 526 527 527 527 528 528 528 529 529 529 530 530 530 532 532 532 534 534 534
490 490 490 490 490 490 490 490 490 490 490 490 490 490 490 490 544 544 544 544 545 544 544 546 545 545 546 545 545 546 545 545 545 545 546 545 545 545 545 545 546 546 545 546 545 545 545 545 545 545 544 545 544 544 544 543 543 543 542 542 542 541 540 541 540 539 539 538 537 536 535 533 532 530 526 527 527 527 528 528 528 529 529 529 530 530 530 531 531 532 533 534 534 535
490 490 490 490 490 490 490 490 490 490 490 490 490 490 490 490 490 545 544 545 546 545 545 546 545 546 546 545 546 546 545 546 546 546 547 546 546 547 546 547 546 546 546 546 546 546 546 545 546 545 545 545 544 544 544 544 544 544 544 544 543 543 543 542 541 541 540 539 539 538 537 536 534 532 528 528 528 529 529 529 530 530 530 531 531 531 532 532 532 533 534 534 534 535
490 490 490 490 490 490 490 490 490 490 490 490 490 490 490 490 490 546 546 546 546 546 546 546 546 546 546 546 547 547 547 547 547 547 547 547 547 547 546 547 547 546 547 546 546 546 547 547 547 546 547 546 546 546 546 545 545 545 544 544 544 543 543 542 542 542 541 540 540 539 537 537 535 533 531 528 528 529 529 529 530 530 530 531 531 531 532 532 532 533 534 534 535 536
490 490 490 490 490 490 490 490 490 490 490 490 490 490 490 490 490 490 546 546 546 546 547 547 547 548 547 548 547 547 548 547 547 548 547 547 547 547 549 548 548 548 548 547 548 548 547 548 547 547 547 547 546 546 546 546 546 545 545 545 544 544 544 543 543 542 541 541 540 539 539 538 536 535 533 528 529 529 529 530 530 530 531 531 531 532 532 532 533 533 533 535 535 535
490 490 490 490 490 490 490 490 490 490 490 490 490 490 490 490 490 490 490 548 547 548 548 547 548 548 547 548 548 547 548 548 549 549 548 549 549 548 549 548 548 549 548 548 548 548 548 548 547 548 547 547 547 547 547 548 547 546 547 546 545 546 545 544 544 543 544 543 542 542 540 539 539 537 535 532 530 530 531 531 531 532 532 532 533 533 533 534 534 534 535 535 536 535
490 490 490 490 490 490 490 490 490 490 490 490 490 490 490 490 490 490 490 548 548 548 548 548 548 548 549 549 549 549 549 549 549 549 549 549 549 549 549 549 549 549 548 549 549 549 550 549 549 549 549 548 548 548 548 548 547 548 547 546 547 546 545 545 545 544 544 543 542 542 541 540 539 538 536 534 530 530 531 531 531 532 532 532 533 533 533 534 534 534 535 535 536 537
490 490 490 490 490 490 490 490 490 490 490 490 490 490 490 490 490 490 490 490 549 548 549 550 549 549 550 549 549 550 549 550 550 549 550 549 549 551 550 550 550 550 550 550 550 550 550 549 550 549 549 549 549 548 549 548 547 548 547 547 547 546 547 546 545 545 544 543 544 544 542 542 541 539 539 536 533 532 531 531 532 532 532 533 533 533 534 534 534 535 535 535 536 537
490 490 490 490 490 490 490 490 490 490 490 490 490 490 490 490 490 490 490 490 490 550 549 550 550 549 550 550 550 550 550 551 551 550 551 551 550 551 550 551 551 550 551 550 550 550 550 549 550 550 550 550 550 550 550 549 550 549 549 549 548 548 548 547 546 547 546 545 545 544 543 543 542 541 540 538 536 532 532 533 533 533 534 534 534 535 535 535 536 536 536 537 537 537
490 490 490 490 490 490 490 490 490 490 490 490 490 490 490 490 490 490 490 490 490 490 550 550 550 550 551 551 551 551 551 551 551 552 551 551 551 551 551 551 551 550 551 552 552 552 551 552 551 551 551 551 550 551 550 550 550 549 550 549 549 549 548 547 548 547 546 546 545 544 544 543 542 542 540 538 537 532 532 533 533 533 534 534 534 535 535 535 536 536 536 537 537 537
