testData/tiles/oneDegreeCosts/grid21.0-4.0-22.0-5.0.asc
ncols   200
nrows   200
xllcorner   21.0
yllcorner   4.0
cellsize   0.005
NODATA_value   -9999.0
[rows 98 to 146 of 200, columns 96 to 191 of 200]
111 109 108 107 105 104 103 101 100 98 97 96 94 93 91 90 89 87 86 84 83 82 80 79 77 76 74 73 72 70 69 67 66 64 63 61 60 58 57 55 54 53 51 50 48 47 45 44 42 41 39 38 36 35 33 33 33 33 33 33 33 33 33 33 33 33 33 33 33 33 33 33 33 33 33 33 33 0 0 0 0 0 0 0 0 0 0 0 0 0 0 0 0 0 0 0
110 109 107 106 105 103 102 100 99 98 96 95 94 92 91 89 88 87 85 84 82 81 79 78 77 75 74 72 71 69 68 67 65 64 62 61 59 58 56 55 53 52 50 49 48 46 45 43 42 40 39 37 36 34 33 33 33 33 33 33 33 33 33 33 33 33 33 33 33 33 33 33 33 33 33 33 33 0 0 0 0 0 0 0 0 0 0 0 0 0 0 0 0 0 0 0
109 108 106 105 104 102 101 100 98 97 96 94 93 91 90 89 87 86 84 83 82 80 79 77 76 74 73 72 70 69 67 66 64 63 62 60 59 57 56 54 53 51 50 48 47 45 44 43 41 40 38 37 35 34 33 33 33 33 33 33 33 33 33 33 33 33 33 33 33 33 33 33 33 33 33 33 0 0 0 0 0 0 0 0 0 0 0 0 0 0 0 0 0 0 0 0
108 107 106 104 103 102 100 99 97 96 95 93 92 91 89 88 86 85 84 82 81 79 78 77 75 74 72 71 69 68 67 65 64 62 61 59 58 57 55 54 52 51 49 48 46 45 43 42 40 39 37 36 35 33 33 33 33 33 33 33 33 33 33 33 33 33 33 33 33 33 33 33 33 33 33 33 0 0 0 0 0 0 0 0 0 0 0 0 0 0 0 0 0 0 0 0
107 106 105 103 102 101 99 98 97 95 94 93 91 90 88 87 86 84 83 81 80 79 77 76 74 73 72 70 69 67 66 64 63 62 60 59 57 56 54 53 52 50 49 47 46 44 43 41 40 38 37 35 34 33 33 33 33 33 33 33 33 33 33 33 33 33 33 33 33 33 33 33 33 33 33 33 0 0 0 0 0 0 0 0 0 0 0 0 0 0 0 0 0 0 0 0
106 105 104 102 101 100 98 97 96 94 93 92 90 89 88 86 85 83 82 81 79 78 77 75 74 72 71 69 68 67 65 64 62 61 59 58 57 55 54 52 51 49 48 47 45 44 42 41 39 38 36 35 33 33 33 33 33 33 33 33 33 33 33 33 33 33 33 33 33 33 33 33 33 33 33 0 0 0 0 0 0 0 0 0 0 0 0 0 0 0 0 0 0 0 0 0
106 104 103 102 100 99 98 96 95 94 92 91 90 88 87 85 84 83 81 80 79 77 76 74 73 72 70 69 67 66 65 63 62 60 59 57 56 55 53 52 50 49 47 46 44 43 42 40 39 37 36 34 33 33 33 33 33 33 33 33 33 33 33 33 33 33 33 33 33 33 33 33 33 33 33 0 0 0 0 0 0 0 0 0 0 0 0 0 0 0 0 0 0 0 0 0
105 103 102 101 99 98 97 95 94 93 91 90 89 87 86 85 83 82 81 79 78 76 75 74 72 71 69 68 67 65 64 62 61 60 58 57 55 54 52 51 50 48 47 45 44 42 41 39 38 37 35 34 33 33 33 33 33 33 33 33 33 33 33 33 33 33 33 33 33 33 33 33 33 33 33 0 0 0 0 0 0 0 0 0 0 0 0 0 0 0 0 0 0 0 0 0
104 102 101 100 99 97 96 95 93 92 91 89 88 87 85 84 82 81 80 78 77 76 74 73 71 70 69 67 66 64 63 62 60 59 57 56 55 53 52 50 49 47 46 45 43 42 40 39 37 36 34 33 33 33 33 33 33 33 33 33 33 33 33 33 33 33 33 33 33 33 33 33 33 33 0 0 0 0 0 0 0 0 0 0 0 0 0 0 0 0 0 0 0 0 0 0
103 101 100 99 98 96 95 94 92 91 90 88 87 86 84 83 82 80 79 78 76 75 73 72 71 69 68 67 65 64 62 61 59 58 57 55 54 52 51 50 48 47 45 44 42 41 40 38 37 35 34 33 33 33 33 33 33 33 33 33 33 33 33 33 33 33 33 33 33 33 33 33 33 33 0 0 0 0 0 0 0 0 0 0 0 0 0 0 0 0 0 0 0 0 0 0
102 101 99 98 97 95 94 93 91 90 89 88 86 85 83 82 81 79 78 77 75 74 73 71 70 69 67 66 64 63 62 60 59 57 56 55 53 52 50 49 47 46 45 43 42 40 39 37 36 35 33 33 33 33 33 33 33 33 33 33 33 33 33 33 33 33 33 33 33 33 33 33 33 0 0 0 0 0 0 0 0 0 0 0 0 0 0 0 0 0 0 0 0 0 0 0
101 100 98 97 96 94 93 92 91 89 88 87 85 84 83 81 80 79 77 76 75 73 72 70 69 68 66 65 64 62 61 59 58 57 55 54 52 51 50 48 47 45 44 42 41 40 38 37 35 34 33 33 33 33 33 33 33 33 33 33 33 33 33 33 33 33 33 33 33 33 33 33 33 0 0 0 0 0 0 0 0 0 0 0 0 0 0 0 0 0 0 0 0 0 0 0
100 99 97 96 95 94 92 91 90 88 87 86 84 83 82 80 79 78 76 75 74 72 71 70 68 67 66 64 63 61 60 59 57 56 54 53 52 50 49 47 46 45 43 42 40 39 37 36 35 33 33 33 33 33 33 33 33 33 33 33 33 33 33 33 33 33 33 33 33 33 33 33 33 0 0 0 0 0 0 0 0 0 0 0 0 0 0 0 0 0 0 0 0 0 0 0
99 98 96 95 94 93 91 90 89 87 86 85 84 82 81 80 78 77 76 74 73 72 70 69 67 66 65 63 62 61 59 58 56 55 54 52 51 50 48 47 45 44 42 41 40 38 37 35 34 33 33 33 33 33 33 33 33 33 33 33 33 33 33 33 33 33 33 33 33 33 33 33 0 0 0 0 0 0 0 0 0 0 0 0 0 0 0 0 0 0 0 0 0 0 0 0
98 97 95 94 93 92 90 89 88 87 85 84 83 81 80 79 77 76 75 73 72 71 69 68 67 65 64 63 61 60 58 57 56 54 53 52 50 49 47 46 45 43 42 40 39 37 36 35 33 33 33 33 33 33 33 33 33 33 33 33 33 33 33 33 33 33 33 33 33 33 33 33 0 0 0 0 0 0 0 0 0 0 0 0 0 0 0 0 0 0 0 0 0 0 0 0
97 96 94 93 92 91 89 88 87 86 84 83 82 80 79 78 76 75 74 73 71 70 69 67 66 64 63 62 60 59 58 56 55 54 52 51 49 48 47 45 44 42 41 40 38 37 35 34 33 33 33 33 33 33 33 33 33 33 33 33 33 33 33 33 33 33 33 33 33 33 33 0 0 0 0 0 0 0 0 0 0 0 0 0 0 0 0 0 0 0 0 0 0 0 0 0
96 95 93 92 91 90 88 87 86 85 83 82 81 80 78 77 76 74 73 72 70 69 68 66 65 64 62 61 60 58 57 55 54 53 51 50 49 47 46 44 43 42 40 39 37 36 35 33 33 33 33 33 33 33 33 33 33 33 33 33 33 33 33 33 33 33 33 33 33 33 33 0 0 0 0 0 0 0 0 0 0 0 0 0 0 0 0 0 0 0 0 0 0 0 0 0
95 94 92 91 90 89 88 86 85 84 82 81 80 79 77 76 75 73 72 71 69 68 67 65 64 63 61 60 59 57 56 55 53 52 51 49 48 46 45 44 42 41 39 38 37 35 34 33 33 33 33 33 33 33 33 33 33 33 33 33 33 33 33 33 33 33 33 33 33 33 33 0 0 0 0 0 0 0 0 0 0 0 0 0 0 0 0 0 0 0 0 0 0 0 0 0
94 93 91 90 89 88 87 85 84 83 81 80 79 78 76 75 74 72 71 70 69 67 66 65 63 62 61 59 58 57 55 54 52 51 50 48 47 46 44 43 42 40 39 37 36 35 33 33 33 33 33 33 33 33 33 33 33 33 33 33 33 33 33 33 33 33 33 33 33 33 0 0 0 0 0 0 0 0 0 0 0 0 0 0 0 0 0 0 0 0 0 0 0 0 0 0
93 92 90 89 88 87 86 84 83 82 81 79 78 77 75 74 73 72 70 69 68 66 65 64 62 61 60 58 57 56 54 53 52 50 49 48 46 45 43 42 41 39 38 37 35 34 33 33 33 33 33 33 33 33 33 33 33 33 33 33 33 33 33 33 33 33 33 33 33 33 0 0 0 0 0 0 0 0 0 0 0 0 0 0 0 0 0 0 0 0 0 0 0 0 0 0
92 91 89 88 87 86 85 83 82 81 80 78 77 76 74 73 72 71 69 68 67 65 64 63 62 60 59 58 56 55 54 52 51 49 48 47 45 44 43 41 40 39 37 36 34 33 33 33 33 33 33 33 33 33 33 33 33 33 33 33 33 33 33 33 33 33 33 33 33 0 0 0 0 0 0 0 0 0 0 0 0 0 0 0 0 0 0 0 0 0 0 0 0 0 0 0
91 90 88 87 86 85 84 82 81 80 79 77 76 75 74 72 71 70 68 67 66 65 63 62 61 59 58 57 55 54 53 51 50 49 47 46 45 43 42 40 39 38 36 35 34 33 33 33 33 33 33 33 33 33 33 33 33 33 33 33 33 33 33 33 33 33 33 33 33 0 0 0 0 0 0 0 0 0 0 0 0 0 0 0 0 0 0 0 0 0 0 0 0 0 0 0
90 89 87 86 85 84 83 81 80 79 78 76 75 74 73 71 70 69 67 66 65 64 62 61 60 58 57 56 54 53 52 50 49 48 46 45 44 42 41 40 38 37 36 34 33 33 33 33 33 33 33 33 33 33 33 33 33 33 33 33 33 33 33 33 33 33 33 33 0 0 0 0 0 0 0 0 0 0 0 0 0 0 0 0 0 0 0 0 0 0 0 0 0 0 0 0
89 87 86 85 84 83 81 80 79 78 77 75 74 73 72 70 69 68 67 65 64 63 61 60 59 58 56 55 54 52 51 50 48 47 46 44 43 42 40 39 37 36 35 33 33 33 33 33 33 33 33 33 33 33 33 33 33 33 33 33 33 33 33 33 33 33 33 33 0 0 0 0 0 0 0 0 0 0 0 0 0 0 0 0 0 0 0 0 0 0 0 0 0 0 0 0
88 86 85 84 83 82 80 79 78 77 76 74 73 72 71 69 68 67 66 64 63 62 60 59 58 57 55 54 53 51 50 49 47 46 45 43 42 41 39 38 37 35 34 33 33 33 33 33 33 33 33 33 33 33 33 33 33 33 33 33 33 33 33 33 33 33 33 0 0 0 0 0 0 0 0 0 0 0 0 0 0 0 0 0 0 0 0 0 0 0 0 0 0 0 0 0
87 85 84 83 82 81 79 78 77 76 75 73 72 71 70 68 67 66 65 63 62 61 60 58 57 56 54 53 52 50 49 48 47 45 44 43 41 40 39 37 36 34 33 33 33 33 33 33 33 33 33 33 33 33 33 33 33 33 33 33 33 33 33 33 33 33 33 0 0 0 0 0 0 0 0 0 0 0 0 0 0 0 0 0 0 0 0 0 0 0 0 0 0 0 0 0
85 84 83 82 81 80 78 77 76 75 74 72 71 70 69 67 66 65 64 62 61 60 59 57 56 55 53 52 51 50 48 47 46 44 43 42 40 39 38 36 35 34 33 33 33 33 33 33 33 33 33 33 33 33 33 33 33 33 33 33 33 33 33 33 33 33 0 0 0 0 0 0 0 0 0 0 0 0 0 0 0 0 0 0 0 0 0 0 0 0 0 0 0 0 0 0
84 83 82 81 80 79 77 76 75 74 73 71 70 69 68 66 65 64 63 61 60 59 58 56 55 54 53 51 50 49 47 46 45 43 42 41 39 38 37 35 34 33 33 33 33 33 33 33 33 33 33 33 33 33 33 33 33 33 33 33 33 33 33 33 33 33 0 0 0 0 0 0 0 0 0 0 0 0 0 0 0 0 0 0 0 0 0 0 0 0 0 0 0 0 0 0
83 82 81 80 79 77 76 75 74 73 72 70 69 68 67 65 64 63 62 60 59 58 57 55 54 53 52 50 49 48 46 45 44 43 41 40 39 37 36 35 33 33 33 33 33 33 33 33 33 33 33 33 33 33 33 33 33 33 33 33 33 33 33 33 33 0 0 0 0 0 0 0 0 0 0 0 0 0 0 0 0 0 0 0 0 0 0 0 0 0 0 0 0 0 0 0
82 81 80 79 78 76 75 74 73 72 70 69 68 67 66 64 63 62 61 59 58 57 56 54 53 52 51 49 48 47 46 44 43 42 40 39 38 36 35 34 33 33 33 33 33 33 33 33 33 33 33 33 33 33 33 33 33 33 33 33 33 33 33 33 33 0 0 0 0 0 0 0 0 0 0 0 0 0 0 0 0 0 0 0 0 0 0 0 0 0 0 0 0 0 0 0
81 80 79 78 76 75 74 73 72 71 69 68 67 66 65 63 62 61 60 58 57 56 55 53 52 51 50 48 47 46 45 43 42 41 39 38 37 35 34 33 33 33 33 33 33 33 33 33 33 33 33 33 33 33 33 33 33 33 33 33 33 33 33 33 0 0 0 0 0 0 0 0 0 0 0 0 0 0 0 0 0 0 0 0 0 0 0 0 0 0 0 0 0 0 0 0
80 79 78 76 75 74 73 72 71 70 68 67 66 65 64 62 61 60 59 57 56 55 54 53 51 50 49 47 46 45 44 42 41 40 39 37 36 35 33 33 33 33 33 33 33 33 33 33 33 33 33 33 33 33 33 33 33 33 33 33 33 33 33 33 0 0 0 0 0 0 0 0 0 0 0 0 0 0 0 0 0 0 0 0 0 0 0 0 0 0 0 0 0 0 0 0
79 78 76 75 74 73 72 71 70 68 67 66 65 64 63 61 60 59 58 56 55 54 53 52 50 49 48 47 45 44 43 41 40 39 38 36 35 34 33 33 33 33 33 33 33 33 33 33 33 33 33 33 33 33 33 33 33 33 33 33 33 33 33 0 0 0 0 0 0 0 0 0 0 0 0 0 0 0 0 0 0 0 0 0 0 0 0 0 0 0 0 0 0 0 0 0
78 76 75 74 73 72 71 70 69 67 66 65 64 63 61 60 59 58 57 55 54 53 52 51 49 48 47 46 44 43 42 40 39 38 37 35 34 33 33 33 33 33 33 33 33 33 33 33 33 33 33 33 33 33 33 33 33 33 33 33 33 33 0 0 0 0 0 0 0 0 0 0 0 0 0 0 0 0 0 0 0 0 0 0 0 0 0 0 0 0 0 0 0 0 0 0
76 75 74 73 72 71 70 69 67 66 65 64 63 62 60 59 58 57 56 54 53 52 51 50 48 47 46 45 43 42 41 40 38 37 36 34 33 33 33 33 33 33 33 33 33 33 33 33 33 33 33 33 33 33 33 33 33 33 33 33 33 33 0 0 0 0 0 0 0 0 0 0 0 0 0 0 0 0 0 0 0 0 0 0 0 0 0 0 0 0 0 0 0 0 0 0
75 74 73 72 71 70 69 67 66 65 64 63 62 61 59 58 57 56 55 53 52 51 50 49 47 46 45 44 42 41 40 39 37 36 35 33 33 33 33 33 33 33 33 33 33 33 33 33 33 33 33 33 33 33 33 33 33 33 33 33 33 0 0 0 0 0 0 0 0 0 0 0 0 0 0 0 0 0 0 0 0 0 0 0 0 0 0 0 0 0 0 0 0 0 0 0
74 73 72 71 70 69 67 66 65 64 63 62 61 59 58 57 56 55 54 52 51 50 49 48 46 45 44 43 41 40 39 38 36 35 34 33 33 33 33 33 33 33 33 33 33 33 33 33 33 33 33 33 33 33 33 33 33 33 33 33 33 0 0 0 0 0 0 0 0 0 0 0 0 0 0 0 0 0 0 0 0 0 0 0 0 0 0 0 0 0 0 0 0 0 0 0
73 72 71 70 69 67 66 65 64 63 62 61 60 58 57 56 55 54 53 51 50 49 48 47 45 44 43 42 40 39 38 37 35 34 33 33 33 33 33 33 33 33 33 33 33 33 33 33 33 33 33 33 33 33 33 33 33 33 33 33 0 0 0 0 0 0 0 0 0 0 0 0 0 0 0 0 0 0 0 0 0 0 0 0 0 0 0 0 0 0 0 0 0 0 0 0
72 71 70 69 67 66 65 64 63 62 61 60 58 57 56 55 54 53 51 50 49 48 47 45 44 43 42 41 39 38 37 36 34 33 33 33 33 33 33 33 33 33 33 33 33 33 33 33 33 33 33 33 33 33 33 33 33 33 33 0 0 0 0 0 0 0 0 0 0 0 0 0 0 0 0 0 0 0 0 0 0 0 0 0 0 0 0 0 0 0 0 0 0 0 0 0
71 70 68 67 66 65 64 63 62 61 60 58 57 56 55 54 53 52 50 49 48 47 46 44 43 42 41 40 38 37 36 35 33 33 33 33 33 33 33 33 33 33 33 33 33 33 33 33 33 33 33 33 33 33 33 33 33 33 33 0 0 0 0 0 0 0 0 0 0 0 0 0 0 0 0 0 0 0 0 0 0 0 0 0 0 0 0 0 0 0 0 0 0 0 0 0
69 68 67 66 65 64 63 62 61 60 59 57 56 55 54 53 52 50 49 48 47 46 45 43 42 41 40 39 37 36 35 34 33 33 33 33 33 33 33 33 33 33 33 33 33 33 33 33 33 33 33 33 33 33 33 33 33 33 0 0 0 0 0 0 0 0 0 0 0 0 0 0 0 0 0 0 0 0 0 0 0 0 0 0 0 0 0 0 0 0 0 0 0 0 0 0
68 67 66 65 64 63 62 61 60 58 57 56 55 54 53 52 51 49 48 47 46 45 44 42 41 40 39 38 36 35 34 33 33 33 33 33 33 33 33 33 33 33 33 33 33 33 33 33 33 33 33 33 33 33 33 33 33 0 0 0 0 0 0 0 0 0 0 0 0 0 0 0 0 0 0 0 0 0 0 0 0 0 0 0 0 0 0 0 0 0 0 0 0 0 0 0
67 66 65 64 63 62 61 60 58 57 56 55 54 53 52 51 49 48 47 46 45 44 42 41 40 39 38 37 35 34 33 33 33 33 33 33 33 33 33 33 33 33 33 33 33 33 33 33 33 33 33 33 33 33 33 33 33 0 0 0 0 0 0 0 0 0 0 0 0 0 0 0 0 0 0 0 0 0 0 0 0 0 0 0 0 0 0 0 0 0 0 0 0 0 0 0
66 65 64 63 62 61 59 58 57 56 55 54 53 52 51 50 48 47 46 45 44 43 41 40 39 38 37 35 34 33 33 33 33 33 33 33 33 33 33 33 33 33 33 33 33 33 33 33 33 33 33 33 33 33 33 33 0 0 0 0 0 0 0 0 0 0 0 0 0 0 0 0 0 0 0 0 0 0 0 0 0 0 0 0 0 0 0 0 0 0 0 0 0 0 0 0
65 64 63 61 60 59 58 57 56 55 54 53 52 51 50 48 47 46 45 44 43 42 40 39 38 37 36 34 33 33 33 33 33 33 33 33 33 33 33 33 33 33 33 33 33 33 33 33 33 33 33 33 33 33 33 0 0 0 0 0 0 0 0 0 0 0 0 0 0 0 0 0 0 0 0 0 0 0 0 0 0 0 0 0 0 0 0 0 0 0 0 0 0 0 0 0
63 62 61 60 59 58 57 56 55 54 53 52 51 50 48 47 46 45 44 43 42 40 39 38 37 36 35 33 33 33 33 33 33 33 33 33 33 33 33 33 33 33 33 33 33 33 33 33 33 33 33 33 33 33 33 0 0 0 0 0 0 0 0 0 0 0 0 0 0 0 0 0 0 0 0 0 0 0 0 0 0 0 0 0 0 0 0 0 0 0 0 0 0 0 0 0
62 61 60 59 58 57 56 55 54 53 52 51 49 48 47 46 45 44 43 42 40 39 38 37 36 35 34 33 33 33 33 33 33 33 33 33 33 33 33 33 33 33 33 33 33 33 33 33 33 33 33 33 33 33 0 0 0 0 0 0 0 0 0 0 0 0 0 0 0 0 0 0 0 0 0 0 0 0 0 0 0 0 0 0 0 0 0 0 0 0 0 0 0 0 0 0
61 60 59 58 57 56 55 54 53 52 50 49 48 47 46 45 44 43 42 41 39 38 37 36 35 34 33 33 33 33 33 33 33 33 33 33 33 33 33 33 33 33 33 33 33 33 33 33 33 33 33 33 33 0 0 0 0 0 0 0 0 0 0 0 0 0 0 0 0 0 0 0 0 0 0 0 0 0 0 0 0 0 0 0 0 0 0 0 0 0 0 0 0 0 0 0
60 59 58 57 56 55 54 53 51 50 49 48 47 46 45 44 43 42 41 39 38 37 36 35 34 33 33 33 33 33 33 33 33 33 33 33 33 33 33 33 33 33 33 33 33 33 33 33 33 33 33 33 0 0 0 0 0 0 0 0 0 0 0 0 0 0 0 0 0 0 0 0 0 0 0 0 0 0 0 0 0 0 0 0 0 0 0 0 0 0 0 0 0 0 0 0
