testData/tiles/oneDegreeCosts/grid20.0-18.0-21.0-19.0.asc
ncols   200
nrows   200
xllcorner   20.0
yllcorner   18.0
cellsize   0.005
NODATA_value   -9999.0
[rows 0 to 41 of 200, columns 0 to 93 of 200]
679 687 694 701 708 713 717 722 726 730 733 734 737 738 740 740 741 742 741 742 741 739 737 734 730 726 722 717 717 719 718 671 670 670 670 669 669 668 668 668 666 665 664 665 664 662 661 660 659 657 656 655 653 651 649 648 645 643 642 638 637 633 632 630 626 624 621 618 614 611 608 603 600 595 592 588 583 578 572 568 563 558 550 544 536 527 516 505 487 467 466 463 463 461
677 687 693 699 706 711 717 721 724 727 730 732 735 737 739 740 742 742 741 741 739 737 736 733 730 727 720 717 718 717 718 670 669 670 669 669 668 667 667 666 666 666 664 664 663 662 661 659 658 657 655 654 652 650 647 646 643 643 641 638 636 634 631 628 626 623 620 616 613 610 606 603 599 596 591 587 582 578 573 568 562 557 550 543 535 527 516 505 487 466 464 463 462 461
675 683 691 699 706 711 715 720 723 726 729 731 734 736 738 738 739 739 740 739 738 736 734 731 729 724 720 717 717 716 717 668 669 669 668 668 667 666 666 665 665 665 664 663 662 661 660 658 658 655 654 651 650 649 646 645 644 642 640 638 636 633 631 628 625 621 619 617 612 610 605 603 599 594 590 587 583 577 573 567 563 555 550 542 535 527 517 506 488 464 463 462 461 460
674 682 690 697 703 708 713 718 722 725 728 731 733 735 736 737 738 738 737 737 736 734 732 730 726 722 719 715 715 716 716 668 668 667 667 667 667 666 664 664 664 663 663 661 660 660 658 658 655 654 654 651 650 648 647 645 643 642 639 637 634 631 630 626 624 621 618 615 612 608 606 601 597 594 590 586 582 578 573 567 561 555 549 542 535 527 516 506 489 464 462 461 459 458
673 682 690 697 702 708 712 715 719 723 726 729 731 734 735 737 736 737 737 736 734 733 731 728 725 723 717 714 715 714 715 667 666 666 666 665 665 664 665 664 663 662 662 661 660 658 658 657 654 654 652 651 649 648 647 643 642 640 637 636 633 631 628 626 622 620 618 614 611 607 604 601 598 595 590 586 580 576 570 566 561 555 549 542 534 526 516 505 490 463 460 460 458 458
671 681 688 696 701 706 710 716 720 723 725 728 730 732 734 734 735 736 736 734 733 732 729 727 725 721 717 713 713 713 714 665 666 666 664 664 664 664 664 663 662 662 661 660 659 657 657 655 655 653 650 649 648 646 644 643 641 639 638 634 633 631 627 626 622 619 616 613 610 608 605 601 597 593 588 585 580 576 571 566 560 554 547 541 534 525 517 505 491 460 460 459 458 457
671 680 687 693 699 704 710 715 718 721 724 728 730 730 732 733 734 733 733 733 732 730 728 726 722 719 714 711 712 713 664 665 665 664 664 663 664 664 664 661 661 659 659 659 657 657 654 654 653 651 650 649 648 646 644 643 640 638 637 634 631 628 627 624 621 618 615 614 610 607 604 599 597 592 589 583 580 575 570 564 559 554 547 541 533 526 516 505 491 460 459 459 457 455
670 678 686 693 698 703 708 712 716 720 722 725 728 730 731 733 733 733 733 732 731 729 728 726 723 719 712 710 710 710 662 663 662 662 663 663 662 662 661 661 661 659 658 657 656 656 654 653 652 652 651 648 647 645 643 642 639 636 634 633 630 628 626 622 620 619 616 613 609 606 602 599 595 591 588 584 578 574 569 564 558 554 547 541 532 525 515 505 493 476 458 457 456 455
667 675 683 690 698 702 708 712 715 718 722 724 726 729 730 730 731 733 731 731 730 728 727 724 722 717 713 710 709 709 662 661 661 662 662 662 662 660 660 660 659 659 657 656 656 654 654 652 652 651 648 646 645 643 642 639 638 637 633 632 630 627 625 623 620 617 615 611 609 605 602 599 594 591 585 582 578 573 569 563 559 551 546 540 533 526 517 506 492 474 458 456 456 454
667 675 682 689 695 701 705 709 713 717 720 724 726 727 729 729 729 729 729 729 728 727 725 723 718 715 711 707 709 710 660 660 661 661 661 661 660 660 659 657 657 657 656 655 653 653 652 651 650 649 647 647 644 643 642 640 637 635 634 631 628 626 624 622 619 616 614 610 608 605 601 597 593 590 586 582 577 573 569 562 558 551 547 540 533 526 516 507 493 474 456 456 453 453
665 674 681 688 693 699 703 707 713 717 719 721 724 727 727 728 728 728 729 727 727 726 724 721 718 714 708 707 707 707 659 660 659 659 659 659 659 659 658 657 656 655 655 655 653 652 651 651 650 647 647 645 644 642 640 638 636 633 632 629 627 626 623 621 619 616 613 609 606 603 599 596 593 588 585 581 576 572 566 562 558 552 546 539 532 524 516 506 493 475 454 454 452 452
663 673 680 687 693 698 703 707 712 715 718 721 722 723 725 726 726 726 727 727 726 724 722 720 717 713 707 706 706 706 659 659 659 660 658 658 658 657 657 657 655 655 654 653 654 653 651 650 648 647 645 643 642 640 638 637 635 633 630 630 628 625 623 620 617 615 611 609 606 602 600 595 593 588 584 580 575 573 567 563 557 551 545 539 533 524 516 504 493 474 454 453 452 450
663 671 679 685 690 696 701 706 711 714 716 719 721 722 724 725 725 725 726 725 724 723 721 718 714 710 706 703 704 704 657 657 658 657 657 656 655 655 655 654 654 653 652 652 652 650 649 648 647 646 644 642 642 640 638 635 634 633 631 628 626 623 622 619 616 613 611 608 605 602 597 595 591 587 583 580 577 571 566 561 556 550 545 538 531 523 515 505 494 477 453 451 450 450
661 669 677 683 690 696 701 705 709 712 715 717 719 721 722 724 725 725 726 725 724 723 720 717 715 709 704 703 703 703 656 657 656 656 656 656 655 655 654 654 653 652 652 652 650 650 649 647 646 644 644 642 640 639 637 634 634 631 629 628 625 624 620 618 616 613 611 606 603 601 597 594 589 587 583 579 575 569 566 561 556 551 544 538 530 523 514 505 494 476 451 450 449 448
660 668 675 681 689 693 700 704 707 711 714 715 717 720 722 722 722 724 723 723 723 720 719 716 712 709 704 703 702 703 655 655 655 655 655 655 655 653 653 653 652 652 652 650 649 649 648 646 644 643 642 640 638 637 635 635 633 631 629 626 625 623 619 617 614 611 609 606 603 599 597 593 591 586 582 579 573 570 565 560 554 548 543 536 530 523 515 504 493 477 450 449 449 387
657 666 674 681 686 693 698 702 704 709 712 715 718 719 720 720 723 723 722 721 720 718 716 713 710 707 702 701 702 702 653 653 653 653 653 653 652 652 652 651 651 651 649 649 648 646 646 645 644 642 641 639 638 635 635 634 631 630 627 625 623 620 619 616 613 611 607 605 603 598 596 592 589 585 581 578 573 569 564 559 555 548 543 536 530 521 514 504 493 478 449 447 446 387
656 666 673 680 686 691 695 700 704 708 710 713 715 717 718 721 721 720 721 720 719 717 715 713 709 704 700 701 701 701 653 653 652 652 652 651 651 651 651 651 650 649 649 648 647 646 645 644 643 642 639 639 637 636 634 632 631 628 626 625 621 620 618 615 612 610 606 604 601 598 595 592 588 585 581 576 572 568 563 558 553 548 542 535 529 521 513 504 492 479 448 448 387 387
655 663 671 677 684 689 695 699 704 706 709 712 713 716 716 718 718 719 719 718 716 715 713 712 708 703 700 700 699 700 652 652 652 651 650 651 651 651 651 651 650 648 648 647 645 645 642 642 641 639 638 637 636 635 633 631 630 628 625 624 621 618 615 614 611 608 606 603 601 598 594 590 586 583 580 575 572 566 563 558 551 547 540 535 527 521 513 504 494 479 448 447 386 385
654 662 670 678 683 688 693 697 701 704 707 711 713 713 716 717 718 718 717 716 715 714 711 709 706 703 697 697 698 698 650 650 650 650 650 649 648 649 649 649 648 648 646 645 645 643 643 641 639 639 639 636 635 634 632 630 627 626 625 621 620 618 615 613 610 608 606 603 599 596 593 590 586 582 578 575 570 566 561 556 551 546 541 535 528 521 513 504 494 479 462 385 385 383
651 660 668 675 682 687 692 697 701 704 705 708 710 713 714 716 715 716 717 717 716 713 712 707 704 701 696 696 697 696 649 649 649 649 649 648 648 648 648 647 647 647 646 644 644 642 642 640 639 639 636 635 634 632 631 630 626 625 623 621 619 617 615 612 609 608 604 602 598 595 593 588 586 582 577 574 568 565 561 556 551 544 540 533 528 521 512 503 492 480 461 385 384 382
650 659 667 675 680 685 690 694 698 702 705 708 709 711 713 715 715 715 715 714 713 711 709 706 704 700 695 694 694 695 647 647 647 647 646 646 648 647 646 645 645 644 644 644 641 641 640 639 639 636 636 635 633 631 630 628 627 624 622 620 616 615 614 611 609 606 603 601 598 594 591 588 584 580 576 573 569 564 559 554 550 545 540 534 527 519 511 503 492 480 401 383 383 381
648 657 666 673 678 684 689 693 696 700 703 705 709 710 713 713 714 714 713 713 712 709 707 706 703 699 693 694 694 694 646 646 646 645 646 647 646 646 646 645 644 643 643 642 641 640 638 639 638 636 635 633 632 630 627 626 625 622 620 619 617 615 613 611 608 605 602 598 596 594 589 587 582 579 577 571 567 563 559 555 549 545 537 532 527 519 512 502 493 479 401 382 381 380
647 657 665 671 677 683 687 691 695 699 701 705 708 709 710 710 711 711 711 710 708 707 707 705 701 697 693 693 693 693 646 646 644 645 646 645 645 645 644 644 643 643 641 641 641 638 638 637 636 635 633 631 630 628 626 625 623 622 620 617 617 613 611 609 606 604 602 599 595 592 589 586 582 578 574 571 568 563 559 553 549 543 538 532 525 518 510 502 492 420 402 382 379 379
648 656 663 670 675 680 685 689 694 697 700 703 705 708 708 710 710 709 710 709 708 707 705 703 699 695 690 690 691 692 643 643 644 644 643 643 643 642 642 642 642 640 640 639 638 639 638 635 635 634 632 631 629 628 627 624 622 620 618 617 615 613 610 607 606 603 600 598 594 590 588 584 581 578 574 571 565 562 558 552 548 542 537 531 524 518 509 502 492 421 402 379 378 377
646 654 660 668 674 680 685 689 692 695 699 702 703 705 707 707 707 708 709 708 706 706 704 701 698 693 689 690 690 690 642 643 644 643 643 643 642 642 642 641 640 640 639 638 638 638 636 635 634 631 631 630 627 626 624 623 621 619 618 617 614 612 610 607 604 601 598 596 593 590 587 584 580 577 573 570 565 561 556 553 548 541 536 530 523 517 510 500 432 420 404 378 378 375
645 652 660 665 672 677 682 686 692 694 698 701 702 703 705 706 707 707 706 705 705 703 702 698 695 691 687 687 688 688 640 640 641 641 642 641 640 640 639 639 639 638 637 636 636 635 635 634 631 631 630 628 627 625 623 622 621 619 618 614 612 610 608 606 603 600 599 594 592 589 585 583 579 576 573 568 565 561 555 551 545 541 536 529 523 515 508 500 431 420 403 377 376 376
642 649 658 666 671 676 682 686 689 693 696 698 700 702 703 707 706 706 705 706 706 703 701 698 695 691 686 686 687 687 639 640 640 641 640 640 640 639 638 638 637 637 636 637 635 634 634 632 632 630 628 627 626 624 622 622 619 617 615 614 612 609 607 605 602 599 597 593 591 587 585 583 579 575 570 567 563 559 554 550 546 540 534 528 521 516 508 441 430 420 404 377 375 375
642 649 657 664 668 674 680 684 688 692 695 697 700 701 702 703 704 704 704 704 703 701 699 697 692 689 686 687 686 686 639 639 639 639 639 639 638 638 638 636 636 636 636 634 634 633 631 631 630 628 626 626 624 623 622 620 619 617 614 613 610 608 605 603 601 598 595 593 590 588 585 580 577 575 570 567 562 558 555 548 544 538 533 528 521 514 506 440 431 420 406 374 374 373
640 648 656 662 668 673 677 681 686 689 693 695 699 700 702 702 703 702 703 702 701 700 697 695 692 687 684 684 684 685 638 637 637 637 636 637 637 637 636 636 634 634 634 634 633 632 630 630 628 627 627 624 623 623 621 618 617 615 613 611 609 607 604 602 600 597 594 592 589 586 583 580 577 573 569 565 561 557 552 548 543 538 532 526 520 515 448 440 431 419 405 373 373 372
639 646 653 660 666 671 676 681 686 689 691 694 697 698 699 699 700 700 701 700 698 698 696 693 690 686 682 683 684 684 636 637 637 635 636 636 636 635 635 635 635 633 633 633 631 631 630 627 626 626 624 623 622 620 619 618 615 614 613 610 608 605 603 600 597 596 594 591 589 585 582 580 574 571 568 563 560 557 551 547 541 537 533 526 521 513 447 439 430 420 405 389 371 370
638 644 651 658 664 670 675 680 684 687 690 693 694 697 697 699 699 699 699 699 698 697 695 690 687 683 681 681 682 682 635 634 634 635 635 633 633 633 633 633 633 633 630 630 630 629 628 627 626 624 623 623 622 620 619 617 614 612 610 609 606 604 602 600 597 596 593 590 587 584 580 578 574 571 567 564 559 554 550 545 541 537 532 525 519 454 446 438 429 419 404 387 370 369
636 642 650 656 663 669 674 678 682 685 688 691 692 694 696 696 696 698 699 698 697 694 692 690 687 682 679 681 681 682 633 633 634 634 633 633 632 632 631 632 632 631 631 629 628 628 627 627 625 622 622 621 620 618 616 615 614 611 609 608 606 603 601 598 596 593 591 589 585 583 581 576 574 570 565 562 557 554 550 546 541 535 530 525 518 453 445 437 429 417 405 386 368 367
634 640 648 656 661 666 672 677 680 685 687 689 691 692 694 695 698 698 696 696 695 693 691 689 685 679 677 679 678 679 631 632 631 631 631 632 631 631 631 631 629 629 629 628 626 626 625 624 623 622 621 620 619 617 615 614 612 611 608 605 604 602 600 598 596 593 591 588 584 581 578 575 572 568 564 561 557 553 549 545 540 535 529 524 458 452 445 437 428 417 404 384 367 366
633 639 646 655 660 667 671 675 678 682 685 686 689 692 693 693 696 696 695 695 693 691 689 687 683 680 677 678 678 678 630 630 630 630 631 630 630 631 631 629 629 628 627 627 626 624 624 623 622 622 621 618 616 615 614 611 610 609 607 604 603 602 600 597 594 592 589 586 584 580 577 575 570 567 564 559 557 552 548 544 538 533 529 522 458 450 444 436 426 417 403 385 366 364
631 637 645 651 658 664 668 672 677 680 685 687 688 690 691 693 694 693 694 692 691 690 688 684 680 676 676 676 677 676 629 628 628 628 628 628 628 628 628 628 627 626 625 625 624 623 622 621 621 620 619 616 616 615 613 612 610 607 606 604 601 600 598 595 593 591 588 585 582 579 576 572 570 566 563 560 556 551 546 542 538 533 527 463 456 450 443 435 426 417 404 385 364 363
630 635 644 650 658 663 667 671 675 678 681 684 687 688 690 692 691 692 692 691 690 689 686 683 680 676 675 675 675 676 628 628 628 627 627 627 627 627 627 626 626 625 625 623 623 623 621 621 620 619 618 617 614 612 611 610 608 606 604 603 601 599 597 595 592 588 586 583 580 578 574 571 569 565 561 559 553 550 547 541 537 531 467 462 455 449 442 434 426 415 404 387 364 363
630 634 641 648 654 659 665 670 675 678 680 683 685 686 688 689 690 690 690 689 687 685 683 681 679 673 672 673 674 675 626 627 627 627 625 627 627 627 626 625 624 624 622 622 621 620 620 620 618 616 616 615 613 611 610 608 607 605 604 601 600 596 595 593 590 588 586 583 580 577 573 570 567 565 561 557 554 550 544 540 536 530 466 460 454 448 441 433 425 417 404 387 362 361
627 632 641 648 653 660 665 669 673 675 678 680 682 684 687 689 689 688 688 687 686 684 682 679 677 673 671 672 672 624 624 625 624 624 625 626 624 624 624 624 623 622 622 622 619 619 620 618 617 616 615 613 612 610 607 606 605 603 602 601 598 597 594 591 590 586 583 581 579 575 572 571 567 564 559 555 552 548 543 540 534 470 465 459 454 446 440 434 424 415 403 387 362 359
626 630 638 645 652 657 662 667 670 674 677 680 681 684 684 686 686 686 686 687 686 683 680 677 674 670 670 670 671 623 624 623 623 624 625 624 624 624 623 622 622 621 620 619 619 618 617 616 616 615 612 611 611 609 608 606 604 603 602 599 596 595 592 590 588 585 582 580 577 574 572 568 565 562 558 555 550 547 542 537 533 469 464 459 451 447 440 432 425 415 403 387 359 358
624 628 638 645 651 656 661 665 669 672 674 676 679 681 685 685 686 687 685 684 683 682 680 678 673 669 669 668 669 621 621 621 622 622 622 622 622 621 621 620 620 619 619 618 619 618 616 615 614 613 612 611 609 607 606 604 603 602 599 598 596 593 592 589 586 583 582 578 577 574 570 568 565 561 557 553 549 546 541 537 474 468 462 459 452 446 439 431 424 413 402 388 358 357
623 628 636 643 648 654 658 663 667 670 673 676 680 681 683 682 683 683 683 682 681 679 678 675 672 668 668 668 668 621 620 620 620 621 621 621 621 621 621 620 618 618 617 616 616 616 615 613 612 611 610 609 607 606 604 604 602 600 599 597 593 591 590 587 585 583 580 579 576 573 569 566 562 560 556 552 549 544 539 536 471 467 463 457 451 445 438 430 422 414 401 386 356 355
621 625 635 641 647 652 657 661 665 669 672 674 677 679 681 682 682 682 682 680 679 677 676 674 671 666 665 666 666 619 618 619 619 619 619 619 619 619 618 618 618 616 615 616 615 615 613 613 611 610 609 608 607 603 603 602 600 598 597 595 593 591 588 587 585 580 579 577 573 571 569 564 562 559 553 550 547 542 539 475 471 466 461 456 451 443 437 429 421 412 400 387 356 353
