testData/tiles/oneDegreeCosts/grid44.0-36.0-45.0-37.0.asc
ncols   200
nrows   200
xllcorner   44.0
yllcorner   36.0
cellsize   0.005
NODATA_value   -9999.0
[rows 119 to 135 of 200, columns 37 to 73 of 200]
6.670000000000000000e+02 6.680000000000000000e+02 6.690000000000000000e+02 6.690000000000000000e+02 6.690000000000000000e+02 6.710000000000000000e+02 6.720000000000000000e+02 6.720000000000000000e+02 6.720000000000000000e+02 6.730000000000000000e+02 6.750000000000000000e+02 6.750000000000000000e+02 6.750000000000000000e+02 6.760000000000000000e+02 6.760000000000000000e+02 6.780000000000000000e+02 6.780000000000000000e+02 6.790000000000000000e+02 6.790000000000000000e+02 6.810000000000000000e+02 6.810000000000000000e+02 6.820000000000000000e+02 6.830000000000000000e+02 6.830000000000000000e+02 6.830000000000000000e+02 6.840000000000000000e+02 6.850000000000000000e+02 6.860000000000000000e+02 6.870000000000000000e+02 6.880000000000000000e+02 6.880000000000000000e+02 6.880000000000000000e+02 6.880000000000000000e+02 6.890000000000000000e+02 6.900000000000000000e+02 6.900000000000000000e+02 6.920000000000000000e+02
6.670000000000000000e+02 6.670000000000000000e+02 6.680000000000000000e+02 6.690000000000000000e+02 6.700000000000000000e+02 6.700000000000000000e+02 6.710000000000000000e+02 6.720000000000000000e+02 6.730000000000000000e+02 6.730000000000000000e+02 6.730000000000000000e+02 6.750000000000000000e+02 6.760000000000000000e+02 6.760000000000000000e+02 6.760000000000000000e+02 6.770000000000000000e+02 6.780000000000000000e+02 6.780000000000000000e+02 6.790000000000000000e+02 6.800000000000000000e+02 6.810000000000000000e+02 6.810000000000000000e+02 6.820000000000000000e+02 6.830000000000000000e+02 6.830000000000000000e+02 6.840000000000000000e+02 6.840000000000000000e+02 6.860000000000000000e+02 6.860000000000000000e+02 6.860000000000000000e+02 6.880000000000000000e+02 6.880000000000000000e+02 6.880000000000000000e+02 6.890000000000000000e+02 6.900000000000000000e+02 6.900000000000000000e+02 6.910000000000000000e+02
6.670000000000000000e+02 6.670000000000000000e+02 6.670000000000000000e+02 6.690000000000000000e+02 6.700000000000000000e+02 6.710000000000000000e+02 6.710000000000000000e+02 6.710000000000000000e+02 6.730000000000000000e+02 6.740000000000000000e+02 6.730000000000000000e+02 6.740000000000000000e+02 6.750000000000000000e+02 6.760000000000000000e+02 6.760000000000000000e+02 6.770000000000000000e+02 6.780000000000000000e+02 6.780000000000000000e+02 6.780000000000000000e+02 6.800000000000000000e+02 6.810000000000000000e+02 6.810000000000000000e+02 6.820000000000000000e+02 6.820000000000000000e+02 6.830000000000000000e+02 6.840000000000000000e+02 6.840000000000000000e+02 6.850000000000000000e+02 6.870000000000000000e+02 6.860000000000000000e+02 6.870000000000000000e+02 6.880000000000000000e+02 6.880000000000000000e+02 6.880000000000000000e+02 6.890000000000000000e+02 6.900000000000000000e+02 6.910000000000000000e+02
6.670000000000000000e+02 6.670000000000000000e+02 6.680000000000000000e+02 6.680000000000000000e+02 6.690000000000000000e+02 6.700000000000000000e+02 6.710000000000000000e+02 6.710000000000000000e+02 6.720000000000000000e+02 6.720000000000000000e+02 6.740000000000000000e+02 6.740000000000000000e+02 6.750000000000000000e+02 6.750000000000000000e+02 6.760000000000000000e+02 6.770000000000000000e+02 6.770000000000000000e+02 6.780000000000000000e+02 6.790000000000000000e+02 6.790000000000000000e+02 6.790000000000000000e+02 6.820000000000000000e+02 6.820000000000000000e+02 6.820000000000000000e+02 6.830000000000000000e+02 6.840000000000000000e+02 6.840000000000000000e+02 6.840000000000000000e+02 6.870000000000000000e+02 6.860000000000000000e+02 6.870000000000000000e+02 6.870000000000000000e+02 6.880000000000000000e+02 6.880000000000000000e+02 6.880000000000000000e+02 6.890000000000000000e+02 6.900000000000000000e+02
6.660000000000000000e+02 6.660000000000000000e+02 6.680000000000000000e+02 6.690000000000000000e+02 6.690000000000000000e+02 6.690000000000000000e+02 6.710000000000000000e+02 6.720000000000000000e+02 6.720000000000000000e+02 6.720000000000000000e+02 6.730000000000000000e+02 6.740000000000000000e+02 6.740000000000000000e+02 6.750000000000000000e+02 6.760000000000000000e+02 6.770000000000000000e+02 6.770000000000000000e+02 6.780000000000000000e+02 6.790000000000000000e+02 6.790000000000000000e+02 6.790000000000000000e+02 6.810000000000000000e+02 6.810000000000000000e+02 6.810000000000000000e+02 6.830000000000000000e+02 6.830000000000000000e+02 6.840000000000000000e+02 6.840000000000000000e+02 6.840000000000000000e+02 6.860000000000000000e+02 6.860000000000000000e+02 6.870000000000000000e+02 6.880000000000000000e+02 6.890000000000000000e+02 6.880000000000000000e+02 6.890000000000000000e+02 6.890000000000000000e+02
6.660000000000000000e+02 6.660000000000000000e+02 6.670000000000000000e+02 6.690000000000000000e+02 6.690000000000000000e+02 6.690000000000000000e+02 6.700000000000000000e+02 6.710000000000000000e+02 6.720000000000000000e+02 6.720000000000000000e+02 6.730000000000000000e+02 6.740000000000000000e+02 6.740000000000000000e+02 6.740000000000000000e+02 6.760000000000000000e+02 6.760000000000000000e+02 6.770000000000000000e+02 6.770000000000000000e+02 6.780000000000000000e+02 6.790000000000000000e+02 6.790000000000000000e+02 6.800000000000000000e+02 6.810000000000000000e+02 6.820000000000000000e+02 6.820000000000000000e+02 6.820000000000000000e+02 6.840000000000000000e+02 6.840000000000000000e+02 6.840000000000000000e+02 6.850000000000000000e+02 6.870000000000000000e+02 6.870000000000000000e+02 6.870000000000000000e+02 6.870000000000000000e+02 6.870000000000000000e+02 6.890000000000000000e+02 6.890000000000000000e+02
6.660000000000000000e+02 6.670000000000000000e+02 6.670000000000000000e+02 6.670000000000000000e+02 6.680000000000000000e+02 6.700000000000000000e+02 6.700000000000000000e+02 6.700000000000000000e+02 6.710000000000000000e+02 6.720000000000000000e+02 6.730000000000000000e+02 6.730000000000000000e+02 6.740000000000000000e+02 6.750000000000000000e+02 6.750000000000000000e+02 6.750000000000000000e+02 6.770000000000000000e+02 6.780000000000000000e+02 6.770000000000000000e+02 6.780000000000000000e+02 6.790000000000000000e+02 6.790000000000000000e+02 6.800000000000000000e+02 6.820000000000000000e+02 6.820000000000000000e+02 6.820000000000000000e+02 6.830000000000000000e+02 6.830000000000000000e+02 6.830000000000000000e+02 6.850000000000000000e+02 6.860000000000000000e+02 6.870000000000000000e+02 6.870000000000000000e+02 6.870000000000000000e+02 6.880000000000000000e+02 6.880000000000000000e+02 6.880000000000000000e+02
6.650000000000000000e+02 6.660000000000000000e+02 6.670000000000000000e+02 6.670000000000000000e+02 6.680000000000000000e+02 6.690000000000000000e+02 6.700000000000000000e+02 6.700000000000000000e+02 6.710000000000000000e+02 6.720000000000000000e+02 6.730000000000000000e+02 6.730000000000000000e+02 6.740000000000000000e+02 6.750000000000000000e+02 6.750000000000000000e+02 6.750000000000000000e+02 6.760000000000000000e+02 6.770000000000000000e+02 6.770000000000000000e+02 6.780000000000000000e+02 6.790000000000000000e+02 6.790000000000000000e+02 6.790000000000000000e+02 6.810000000000000000e+02 6.820000000000000000e+02 6.820000000000000000e+02 6.830000000000000000e+02 6.830000000000000000e+02 6.840000000000000000e+02 6.840000000000000000e+02 6.840000000000000000e+02 6.860000000000000000e+02 6.860000000000000000e+02 6.870000000000000000e+02 6.880000000000000000e+02 6.880000000000000000e+02 6.880000000000000000e+02
6.650000000000000000e+02 6.660000000000000000e+02 6.660000000000000000e+02 6.680000000000000000e+02 6.680000000000000000e+02 6.690000000000000000e+02 6.690000000000000000e+02 6.700000000000000000e+02 6.710000000000000000e+02 6.720000000000000000e+02 6.720000000000000000e+02 6.730000000000000000e+02 6.730000000000000000e+02 6.740000000000000000e+02 6.750000000000000000e+02 6.760000000000000000e+02 6.760000000000000000e+02 6.760000000000000000e+02 6.770000000000000000e+02 6.770000000000000000e+02 6.780000000000000000e+02 6.790000000000000000e+02 6.800000000000000000e+02 6.800000000000000000e+02 6.810000000000000000e+02 6.820000000000000000e+02 6.820000000000000000e+02 6.830000000000000000e+02 6.840000000000000000e+02 6.840000000000000000e+02 6.840000000000000000e+02 6.860000000000000000e+02 6.860000000000000000e+02 6.860000000000000000e+02 6.870000000000000000e+02 6.870000000000000000e+02 6.880000000000000000e+02
6.660000000000000000e+02 6.650000000000000000e+02 6.660000000000000000e+02 6.670000000000000000e+02 6.680000000000000000e+02 6.680000000000000000e+02 6.690000000000000000e+02 6.700000000000000000e+02 6.710000000000000000e+02 6.710000000000000000e+02 6.720000000000000000e+02 6.730000000000000000e+02 6.740000000000000000e+02 6.740000000000000000e+02 6.740000000000000000e+02 6.750000000000000000e+02 6.750000000000000000e+02 6.760000000000000000e+02 6.770000000000000000e+02 6.780000000000000000e+02 6.780000000000000000e+02 6.780000000000000000e+02 6.790000000000000000e+02 6.800000000000000000e+02 6.810000000000000000e+02 6.820000000000000000e+02 6.820000000000000000e+02 6.820000000000000000e+02 6.830000000000000000e+02 6.830000000000000000e+02 6.830000000000000000e+02 6.850000000000000000e+02 6.860000000000000000e+02 6.870000000000000000e+02 6.870000000000000000e+02 6.870000000000000000e+02 6.880000000000000000e+02
6.640000000000000000e+02 6.650000000000000000e+02 6.660000000000000000e+02 6.670000000000000000e+02 6.670000000000000000e+02 6.680000000000000000e+02 6.680000000000000000e+02 6.700000000000000000e+02 6.710000000000000000e+02 6.710000000000000000e+02 6.710000000000000000e+02 6.720000000000000000e+02 6.730000000000000000e+02 6.740000000000000000e+02 6.740000000000000000e+02 6.750000000000000000e+02 6.750000000000000000e+02 6.750000000000000000e+02 6.770000000000000000e+02 6.770000000000000000e+02 6.780000000000000000e+02 6.780000000000000000e+02 6.780000000000000000e+02 6.790000000000000000e+02 6.790000000000000000e+02 6.810000000000000000e+02 6.820000000000000000e+02 6.830000000000000000e+02 6.820000000000000000e+02 6.830000000000000000e+02 6.840000000000000000e+02 6.840000000000000000e+02 6.840000000000000000e+02 6.860000000000000000e+02 6.870000000000000000e+02 6.870000000000000000e+02 6.880000000000000000e+02
6.640000000000000000e+02 6.650000000000000000e+02 6.660000000000000000e+02 6.660000000000000000e+02 6.670000000000000000e+02 6.680000000000000000e+02 6.690000000000000000e+02 6.690000000000000000e+02 6.690000000000000000e+02 6.710000000000000000e+02 6.720000000000000000e+02 6.720000000000000000e+02 6.720000000000000000e+02 6.730000000000000000e+02 6.740000000000000000e+02 6.740000000000000000e+02 6.750000000000000000e+02 6.760000000000000000e+02 6.760000000000000000e+02 6.760000000000000000e+02 6.770000000000000000e+02 6.790000000000000000e+02 6.780000000000000000e+02 6.790000000000000000e+02 6.800000000000000000e+02 6.800000000000000000e+02 6.810000000000000000e+02 6.820000000000000000e+02 6.820000000000000000e+02 6.830000000000000000e+02 6.840000000000000000e+02 6.840000000000000000e+02 6.840000000000000000e+02 6.850000000000000000e+02 6.860000000000000000e+02 6.860000000000000000e+02 6.860000000000000000e+02
6.640000000000000000e+02 6.650000000000000000e+02 6.660000000000000000e+02 6.660000000000000000e+02 6.660000000000000000e+02 6.680000000000000000e+02 6.690000000000000000e+02 6.690000000000000000e+02 6.690000000000000000e+02 6.700000000000000000e+02 6.710000000000000000e+02 6.720000000000000000e+02 6.720000000000000000e+02 6.730000000000000000e+02 6.740000000000000000e+02 6.740000000000000000e+02 6.740000000000000000e+02 6.760000000000000000e+02 6.760000000000000000e+02 6.760000000000000000e+02 6.770000000000000000e+02 6.770000000000000000e+02 6.770000000000000000e+02 6.790000000000000000e+02 6.790000000000000000e+02 6.800000000000000000e+02 6.810000000000000000e+02 6.810000000000000000e+02 6.820000000000000000e+02 6.820000000000000000e+02 6.820000000000000000e+02 6.830000000000000000e+02 6.850000000000000000e+02 6.840000000000000000e+02 6.860000000000000000e+02 6.870000000000000000e+02 6.860000000000000000e+02
6.640000000000000000e+02 6.640000000000000000e+02 6.650000000000000000e+02 6.660000000000000000e+02 6.670000000000000000e+02 6.670000000000000000e+02 6.670000000000000000e+02 6.690000000000000000e+02 6.700000000000000000e+02 6.700000000000000000e+02 6.700000000000000000e+02 6.710000000000000000e+02 6.710000000000000000e+02 6.730000000000000000e+02 6.730000000000000000e+02 6.740000000000000000e+02 6.740000000000000000e+02 6.740000000000000000e+02 6.750000000000000000e+02 6.770000000000000000e+02 6.770000000000000000e+02 6.770000000000000000e+02 6.780000000000000000e+02 6.780000000000000000e+02 6.780000000000000000e+02 6.790000000000000000e+02 6.800000000000000000e+02 6.810000000000000000e+02 6.820000000000000000e+02 6.830000000000000000e+02 6.820000000000000000e+02 6.830000000000000000e+02 6.830000000000000000e+02 6.830000000000000000e+02 6.840000000000000000e+02 6.850000000000000000e+02 6.860000000000000000e+02
6.640000000000000000e+02 6.640000000000000000e+02 6.640000000000000000e+02 6.650000000000000000e+02 6.670000000000000000e+02 6.670000000000000000e+02 6.670000000000000000e+02 6.680000000000000000e+02 6.690000000000000000e+02 6.700000000000000000e+02 6.700000000000000000e+02 6.710000000000000000e+02 6.720000000000000000e+02 6.720000000000000000e+02 6.720000000000000000e+02 6.740000000000000000e+02 6.750000000000000000e+02 6.740000000000000000e+02 6.750000000000000000e+02 6.760000000000000000e+02 6.760000000000000000e+02 6.760000000000000000e+02 6.780000000000000000e+02 6.780000000000000000e+02 6.780000000000000000e+02 6.790000000000000000e+02 6.790000000000000000e+02 6.800000000000000000e+02 6.810000000000000000e+02 6.810000000000000000e+02 6.820000000000000000e+02 6.830000000000000000e+02 6.830000000000000000e+02 6.840000000000000000e+02 6.840000000000000000e+02 6.850000000000000000e+02 6.860000000000000000e+02
6.630000000000000000e+02 6.640000000000000000e+02 6.650000000000000000e+02 6.650000000000000000e+02 6.650000000000000000e+02 6.660000000000000000e+02 6.680000000000000000e+02 6.680000000000000000e+02 6.680000000000000000e+02 6.690000000000000000e+02 6.700000000000000000e+02 6.710000000000000000e+02 6.710000000000000000e+02 6.720000000000000000e+02 6.720000000000000000e+02 6.730000000000000000e+02 6.730000000000000000e+02 6.750000000000000000e+02 6.750000000000000000e+02 6.750000000000000000e+02 6.760000000000000000e+02 6.760000000000000000e+02 6.760000000000000000e+02 6.770000000000000000e+02 6.780000000000000000e+02 6.790000000000000000e+02 6.790000000000000000e+02 6.800000000000000000e+02 6.800000000000000000e+02 6.810000000000000000e+02 6.820000000000000000e+02 6.820000000000000000e+02 6.820000000000000000e+02 6.830000000000000000e+02 6.830000000000000000e+02 6.840000000000000000e+02 6.860000000000000000e+02
6.620000000000000000e+02 6.630000000000000000e+02 6.650000000000000000e+02 6.650000000000000000e+02 6.650000000000000000e+02 6.660000000000000000e+02 6.670000000000000000e+02 6.690000000000000000e+02 6.680000000000000000e+02 6.690000000000000000e+02 6.700000000000000000e+02 6.700000000000000000e+02 6.700000000000000000e+02 6.720000000000000000e+02 6.730000000000000000e+02 6.720000000000000000e+02 6.730000000000000000e+02 6.740000000000000000e+02 6.740000000000000000e+02 6.740000000000000000e+02 6.760000000000000000e+02 6.770000000000000000e+02 6.760000000000000000e+02 6.770000000000000000e+02 6.780000000000000000e+02 6.780000000000000000e+02 6.780000000000000000e+02 6.790000000000000000e+02 6.790000000000000000e+02 6.810000000000000000e+02 6.820000000000000000e+02 6.820000000000000000e+02 6.820000000000000000e+02 6.830000000000000000e+02 6.830000000000000000e+02 6.830000000000000000e+02 6.830000000000000000e+02
