testData/tiles/oneDegreeCosts/grid11.0-7.0-12.0-8.0.asc
ncols   200
nrows   200
xllcorner   11.0
yllcorner   7.0
cellsize   0.005
NODATA_value   -9999.0
[rows 126 to 167 of 200, columns 0 to 93 of 200]
538 538 538 538 538 538 538 538 538 538 538 538 538 538 538 538 538 538 538 538 538 538 538 538 538 538 538 538 538 538 538 538 538 538 538 538 538 538 538 538 538 538 538 538 538 538 538 538 538 538 538 538 538 538 538 538 538 538 538 538 538 538 538 538 538 538 538 538 538 538 538 538 538 538 538 538 538 538 538 538 538 538 538 538 538 538 538 538 538 538 538 538 538 538
538 538 538 538 538 538 538 538 538 538 538 538 538 538 538 538 538 538 538 538 538 538 538 538 538 538 538 538 538 538 538 538 538 538 538 538 538 538 538 538 538 538 538 538 538 538 538 538 538 538 538 538 538 538 538 538 538 538 538 538 538 538 538 538 538 538 538 538 538 538 538 538 538 538 538 538 538 538 538 538 538 538 538 538 538 538 538 538 538 538 538 538 538 538
538 538 538 538 538 538 538 538 538 538 538 538 538 538 538 538 538 538 538 538 538 538 538 538 538 538 538 538 538 538 538 538 538 538 538 538 538 538 538 538 538 538 538 538 538 538 538 538 538 538 538 538 538 538 538 538 538 538 538 538 538 538 538 538 538 538 538 538 538 538 538 538 538 538 538 538 538 538 538 538 538 538 538 538 538 538 538 538 538 538 538 538 538 538
538 538 538 538 538 538 538 538 538 538 538 538 538 538 538 538 538 538 538 538 538 538 538 538 538 538 538 538 538 538 538 538 538 538 538 538 538 538 538 538 538 538 538 538 538 538 538 538 538 538 538 538 538 538 538 538 538 538 538 538 538 538 538 538 538 538 538 538 538 538 538 538 538 538 538 538 538 538 538 538 538 538 538 538 538 538 538 538 538 538 538 538 538 538
538 538 538 538 538 538 538 538 538 538 538 538 538 538 538 538 538 538 538 538 538 538 538 538 538 538 538 538 538 538 538 538 538 538 538 538 538 538 538 538 538 538 538 538 538 538 538 538 538 538 538 538 538 538 538 538 538 538 538 538 538 538 538 538 538 538 538 538 538 538 538 538 538 538 538 538 538 538 538 538 538 538 538 538 538 538 538 538 538 538 538 538 538 538
538 538 538 538 538 538 538 538 538 538 538 538 538 538 538 538 538 538 538 538 538 538 538 538 538 538 538 538 538 538 538 538 538 538 538 538 538 538 538 538 538 538 538 538 538 538 538 538 538 538 538 538 538 538 538 538 538 538 538 538 538 538 538 538 538 538 538 538 538 538 538 538 538 538 538 538 538 538 538 538 538 538 538 538 538 538 538 538 538 538 538 538 538 538
538 538 538 538 538 538 538 538 538 538 538 538 538 538 538 538 538 538 538 538 538 538 538 538 538 538 538 538 538 538 538 538 538 538 538 538 538 538 538 538 538 538 538 538 538 538 538 538 538 538 538 538 538 538 538 538 538 538 538 538 538 538 538 538 538 538 538 538 538 538 538 538 538 538 538 538 538 538 538 538 538 538 538 538 538 538 538 538 538 538 538 538 538 538
538 538 538 538 538 538 538 538 538 538 538 538 538 538 538 538 538 538 538 538 538 538 538 538 538 538 538 538 538 538 538 538 538 538 538 538 538 538 538 538 538 538 538 538 538 538 538 538 538 538 538 538 538 538 538 561 538 538 538 538 538 538 538 538 538 538 538 538 538 538 538 538 538 538 538 538 538 538 538 538 538 538 538 538 538 538 538 538 538 538 538 538 538 538
538 538 538 538 538 538 538 538 538 538 538 538 538 538 538 541 540 540 540 541 541 540 540 541 541 540 541 540 540 541 540 540 540 540 541 541 542 542 543 545 545 547 548 549 551 551 553 553 554 556 557 558 559 559 560 561 562 564 564 565 555 555 557 557 559 560 560 561 562 562 563 564 564 565 567 567 568 569 569 570 570 571 572 572 573 573 574 538 538 538 538 538 538 538
576 576 576 576 538 538 538 538 538 538 538 538 538 538 538 538 541 540 540 541 541 541 540 541 541 540 541 541 541 541 541 540 540 541 541 542 542 543 544 544 546 547 548 550 550 552 552 553 555 556 557 558 558 560 560 562 563 563 565 565 555 556 556 558 559 560 560 561 562 562 563 564 565 566 567 567 568 569 569 570 571 571 572 573 573 573 575 538 538 538 538 538 538 538
576 576 576 538 538 538 538 538 538 538 538 538 538 538 538 538 541 540 541 541 541 541 541 541 541 541 541 542 541 541 541 541 541 541 542 542 543 544 544 545 546 547 549 549 551 551 552 554 555 556 557 557 559 559 561 562 563 564 564 555 555 557 557 559 559 559 561 561 561 563 564 564 566 566 566 568 568 568 570 570 570 572 572 573 575 575 575 538 538 538 538 538 538 538
576 577 538 538 538 538 538 538 538 538 538 538 538 538 538 538 538 542 541 542 541 541 542 541 541 542 542 542 541 541 542 542 541 541 542 543 544 544 545 545 546 548 548 550 550 551 554 554 555 556 557 558 559 560 561 562 563 564 564 555 556 556 558 558 559 560 560 562 562 563 565 565 565 567 567 567 569 569 569 570 572 572 573 574 574 575 538 538 538 538 538 538 538 538
576 538 538 538 538 538 538 538 538 538 538 538 538 538 538 538 538 538 541 541 542 542 542 542 541 542 542 542 542 542 542 542 541 542 543 544 544 544 545 546 547 547 548 549 550 553 553 554 555 556 557 559 559 561 561 562 563 563 555 555 556 557 557 558 559 560 561 562 563 564 564 565 566 567 567 568 569 569 571 571 572 573 573 574 574 575 538 538 538 538 538 538 538 538
538 538 538 538 538 538 538 538 538 538 538 538 538 538 538 538 538 538 538 541 543 542 542 542 542 542 542 542 542 542 542 542 542 543 544 544 544 545 546 547 547 547 548 549 552 552 553 554 555 556 558 558 560 560 562 562 563 565 555 555 556 557 558 559 559 561 562 562 563 564 564 566 566 566 568 568 569 571 571 571 573 573 573 574 575 575 538 538 538 538 538 538 538 538
538 538 538 538 538 538 538 538 538 538 538 538 538 538 538 538 538 538 538 542 542 542 542 543 543 542 542 543 542 543 542 542 543 543 544 544 545 546 547 547 547 548 548 551 551 552 553 554 555 557 557 559 559 561 561 562 564 555 555 556 556 557 558 558 561 561 561 563 563 563 565 565 566 567 568 569 570 570 571 572 572 573 574 574 574 576 538 538 538 538 538 538 538 538
538 538 538 538 538 538 538 538 538 538 538 538 538 538 538 538 538 538 538 538 542 543 543 543 543 542 542 543 543 543 543 543 543 544 544 545 546 546 547 547 548 548 550 550 551 552 553 554 556 556 558 558 560 560 562 563 564 607 555 555 557 557 558 560 560 561 562 562 563 564 565 566 567 568 569 569 570 571 571 572 573 573 574 574 575 576 538 538 538 538 538 538 538 538
538 538 538 538 538 538 538 538 538 538 538 538 538 538 538 538 538 538 538 538 538 544 543 543 543 543 543 544 543 543 544 543 544 544 545 546 546 547 547 548 548 549 550 550 551 552 552 555 556 557 558 612 614 615 617 617 606 608 608 610 610 612 613 613 560 561 562 563 563 564 566 567 567 568 569 569 570 571 571 572 573 573 574 576 576 538 538 538 538 538 538 538 538 538
538 538 538 538 538 538 538 538 538 538 538 538 538 538 538 538 538 538 538 538 538 543 544 543 543 544 543 543 543 543 543 544 544 544 546 546 547 547 548 548 549 550 550 551 551 551 554 555 556 611 611 613 614 616 616 617 607 608 609 610 611 612 613 613 615 615 562 563 564 566 566 566 568 568 568 570 570 570 572 572 573 575 575 575 577 538 538 538 538 538 538 538 538 538
538 538 538 538 538 538 538 538 538 538 538 538 538 538 538 538 538 538 538 538 538 538 543 543 544 544 544 543 544 544 543 544 544 545 546 547 547 547 548 549 550 550 551 551 552 553 554 609 610 610 612 613 615 615 616 607 607 608 610 610 612 612 612 614 614 616 616 617 565 565 566 567 567 568 569 569 570 571 572 573 574 574 575 576 576 538 538 538 538 538 538 538 538 538
538 538 538 538 538 538 538 538 538 538 538 538 538 538 538 538 538 538 538 538 538 538 538 545 544 544 544 543 544 544 544 544 545 546 547 547 547 548 549 550 550 550 551 552 553 607 608 609 609 611 612 614 614 615 616 607 607 609 609 611 611 612 613 613 615 616 617 618 618 619 566 567 567 568 569 570 571 572 573 573 574 575 575 576 577 538 538 538 538 538 538 538 538 538
538 538 538 538 538 538 538 538 538 538 538 538 538 538 538 538 538 538 538 538 538 538 538 544 544 544 544 545 544 544 544 545 546 546 547 547 548 549 550 550 550 551 552 553 607 607 608 608 610 611 612 613 614 615 607 607 608 608 610 610 611 612 613 614 615 616 617 618 618 619 620 567 568 568 570 571 571 572 573 573 574 575 575 576 538 538 538 538 538 538 538 538 538 538
538 538 538 538 538 538 538 538 538 538 538 538 538 538 538 538 538 538 538 538 538 538 538 538 545 544 545 545 545 544 544 546 546 547 547 548 549 549 550 550 551 552 553 607 607 608 608 609 610 611 612 613 614 607 607 607 607 609 609 610 611 612 614 615 615 617 617 617 619 619 621 621 568 570 570 570 572 572 572 574 574 574 576 576 538 538 538 538 538 538 538 538 538 538
538 538 538 538 538 538 538 538 538 538 538 538 538 538 538 538 538 538 538 538 538 538 538 538 538 545 545 545 545 544 546 546 547 547 547 549 549 550 550 551 551 552 607 607 608 608 610 610 610 611 612 613 614 607 607 607 608 609 609 611 611 613 614 614 616 616 617 618 618 620 621 622 623 570 570 571 571 572 573 573 574 575 575 577 538 538 538 538 538 538 538 538 538 538
538 538 538 538 538 538 538 538 538 538 538 538 538 538 538 538 538 538 538 538 538 538 538 538 538 538 545 545 545 546 546 546 547 547 549 549 550 550 550 551 606 607 607 608 608 609 610 610 611 611 612 613 607 607 607 607 608 608 610 611 613 613 613 615 615 616 617 618 620 620 621 622 623 623 624 571 571 572 573 574 575 576 577 538 538 538 538 538 538 538 538 538 538 538
538 538 538 538 538 538 538 538 538 538 538 538 538 538 538 538 538 538 538 538 538 538 538 538 538 538 546 545 545 546 546 547 547 549 549 550 550 550 551 606 607 607 608 608 609 610 610 611 611 611 612 614 607 607 607 607 607 609 610 612 612 613 614 615 615 616 617 619 620 620 621 622 622 624 624 625 572 572 574 575 575 576 577 538 538 538 538 538 538 538 538 538 538 538
538 538 538 538 538 538 538 538 538 538 538 538 538 538 538 538 538 538 538 538 538 538 538 538 538 538 538 547 548 548 549 549 549 551 551 552 552 553 554 609 609 609 610 611 612 612 613 614 614 615 616 607 607 607 609 609 611 612 613 614 615 616 617 617 618 619 620 621 621 623 623 623 625 625 627 627 574 576 576 576 578 578 578 538 538 538 538 538 538 538 538 538 538 538
538 538 538 538 538 538 538 538 538 538 538 538 538 538 538 538 538 538 538 538 538 538 538 538 538 538 538 538 550 550 551 551 553 553 554 554 555 556 610 611 611 612 613 615 615 615 616 616 617 618 619 608 608 610 610 612 613 614 615 616 617 618 618 620 621 623 623 623 624 624 625 626 626 628 629 630 631 577 578 579 579 580 581 538 538 538 538 538 538 538 538 538 538 538
538 538 538 538 538 538 538 538 538 538 538 538 538 538 538 538 538 538 538 538 538 538 538 538 538 538 538 538 538 553 553 555 555 556 556 556 558 612 613 613 614 615 615 617 617 618 618 619 620 620 610 610 611 611 614 614 615 616 617 618 619 619 622 622 624 624 625 626 626 626 627 628 630 631 631 632 633 633 580 581 582 582 538 538 538 538 538 538 538 538 538 538 538 538
538 538 538 538 538 538 538 538 538 538 538 538 538 538 538 538 538 538 538 538 538 538 538 538 538 538 538 538 538 555 556 557 557 558 558 560 614 615 615 615 616 617 618 618 620 620 621 622 622 612 612 613 613 614 615 616 617 618 619 620 620 623 623 625 625 626 627 627 627 629 630 631 632 632 634 634 634 636 636 583 584 584 538 538 538 538 538 538 538 538 538 538 538 538
538 538 538 538 538 538 538 538 538 538 538 538 538 538 538 538 538 538 538 538 538 538 538 538 538 538 538 538 538 538 559 559 560 560 562 616 616 617 617 618 619 620 620 621 621 621 623 623 625 614 615 615 616 617 617 618 619 619 621 622 624 625 625 625 626 627 628 628 630 631 633 633 633 635 635 637 637 637 639 639 585 588 538 538 538 538 538 538 538 538 538 538 538 538
538 538 538 538 538 538 538 538 538 538 538 538 538 538 538 538 538 538 538 538 538 538 538 538 538 538 538 538 538 538 538 562 562 563 618 618 619 619 620 621 622 622 622 623 623 625 625 626 615 615 616 617 618 618 619 619 619 621 623 624 625 625 627 627 629 629 629 632 632 634 634 635 636 636 638 638 639 640 640 642 643 589 538 538 538 538 538 538 538 538 538 538 538 538
538 538 538 538 538 538 538 538 538 538 538 538 538 538 538 538 538 538 538 538 538 538 538 538 538 538 538 538 538 538 538 538 564 566 620 621 621 621 623 623 624 624 625 625 627 627 627 628 617 618 619 620 620 621 622 622 623 625 626 627 627 629 628 630 630 631 633 633 635 635 636 637 638 639 639 640 641 643 643 644 644 538 538 538 538 538 538 538 538 538 538 538 538 538
538 538 538 538 538 538 538 538 538 538 538 538 538 538 538 538 538 538 538 538 538 538 538 538 538 538 538 538 538 538 538 538 538 621 621 623 623 625 625 626 626 627 627 628 629 629 630 620 620 621 622 623 624 625 626 627 628 628 630 630 632 631 633 632 634 634 635 636 636 637 638 639 640 641 641 643 643 643 645 645 645 566 538 538 538 538 538 538 538 538 538 538 538 538
539 538 538 540 540 538 538 538 538 538 538 538 538 538 538 538 538 538 538 538 538 538 538 538 538 538 538 538 538 538 538 539 594 623 624 624 626 626 627 627 627 628 629 631 631 632 622 622 624 625 626 627 629 629 630 632 632 633 633 635 634 635 636 637 637 638 637 638 637 639 639 639 641 642 644 644 644 646 646 648 648 567 569 538 538 538 538 538 538 538 538 538 538 538
540 540 541 541 541 538 538 538 538 538 538 538 538 538 538 538 538 538 538 538 538 538 538 538 538 538 538 538 539 540 541 596 596 597 626 627 628 628 629 629 630 631 632 632 632 633 623 626 627 628 629 631 631 632 634 634 635 635 636 636 637 639 639 640 640 639 641 640 641 640 641 643 643 645 645 646 647 647 649 649 570 570 570 570 538 538 538 538 538 538 538 538 538 538
542 543 543 543 543 538 538 538 538 538 538 538 538 538 538 538 538 538 538 538 539 539 539 538 539 539 540 540 541 542 542 597 597 598 599 630 630 631 631 632 633 633 634 634 635 628 628 629 631 632 633 634 636 637 637 639 639 639 640 640 641 642 643 643 643 644 643 644 643 644 644 645 646 646 647 648 648 649 649 650 570 571 572 573 538 538 538 538 538 538 538 538 538 538
543 544 545 545 545 538 538 538 538 538 538 538 539 539 539 539 540 540 539 540 540 540 540 539 541 541 542 542 543 544 599 599 600 600 602 602 631 632 632 634 634 635 635 636 638 630 631 632 634 636 637 639 640 641 641 642 642 643 643 645 645 645 645 645 646 646 647 646 647 647 647 646 647 647 648 649 650 651 651 652 573 573 575 575 576 538 538 538 538 538 538 538 538 538
546 546 547 546 539 538 539 540 540 540 540 540 540 540 540 541 540 542 541 542 542 542 541 543 542 543 543 544 545 546 600 600 602 603 604 604 605 634 636 636 637 637 638 640 633 633 635 636 637 639 641 641 643 643 644 645 646 646 648 648 647 648 648 649 649 649 650 650 651 650 650 650 649 650 650 650 652 652 655 654 573 575 575 576 577 538 538 538 538 538 538 538 538 538
548 548 548 549 540 540 540 541 541 540 542 542 543 542 543 543 543 543 544 543 544 543 542 545 544 545 545 547 547 602 602 603 604 605 605 606 606 636 637 637 638 639 641 635 635 637 639 640 641 644 644 646 646 648 648 649 650 650 651 651 652 652 652 652 652 654 653 653 653 652 653 652 652 651 651 652 653 655 655 576 576 576 578 578 578 580 538 538 538 538 538 538 538 538
549 550 549 551 541 543 543 543 543 542 544 543 543 543 544 544 545 544 546 545 545 545 546 545 546 546 548 548 603 603 603 606 606 607 607 608 609 610 639 640 641 643 646 636 638 640 642 642 645 646 648 648 650 650 650 652 653 654 654 654 654 654 655 654 656 656 656 656 656 657 655 656 655 654 655 655 656 656 657 577 577 578 578 579 580 580 581 538 538 538 538 538 538 538
550 552 552 552 543 543 544 544 544 545 545 546 545 547 546 546 546 547 546 547 546 546 547 547 548 548 550 550 605 605 607 607 608 608 609 609 611 611 611 642 643 647 640 640 641 643 644 647 649 649 651 652 653 653 656 656 657 657 657 658 658 658 659 659 658 657 659 658 659 658 659 658 658 658 657 657 657 657 658 578 579 580 580 581 582 582 583 538 538 538 538 538 538 538
553 552 553 544 544 545 546 546 545 547 546 547 547 547 547 547 547 549 548 549 548 549 548 549 549 551 551 606 606 607 608 608 609 609 611 612 613 613 615 616 649 651 642 643 645 647 648 650 651 653 653 655 655 658 658 658 659 659 660 660 661 662 662 662 661 662 661 662 661 662 661 662 662 662 661 660 659 659 579 579 580 580 582 582 583 585 585 586 538 538 538 538 538 538
