testData/tiles/oneDegreeCosts/grid34.0-12.0-35.0-13.0.asc
ncols   200
nrows   200
xllcorner   34.0
yllcorner   12.0
cellsize   0.005
NODATA_value   -9999.0
[rows 119 to 135 of 200, columns 0 to 36 of 200]
4.940000000000000000e+02 4.930000000000000000e+02 4.920000000000000000e+02 4.920000000000000000e+02 4.910000000000000000e+02 4.900000000000000000e+02 4.890000000000000000e+02 4.880000000000000000e+02 4.870000000000000000e+02 4.870000000000000000e+02 4.860000000000000000e+02 4.850000000000000000e+02 4.840000000000000000e+02 4.830000000000000000e+02 4.820000000000000000e+02 4.810000000000000000e+02 4.800000000000000000e+02 4.800000000000000000e+02 4.790000000000000000e+02 4.780000000000000000e+02 4.770000000000000000e+02 4.760000000000000000e+02 4.750000000000000000e+02 4.740000000000000000e+02 4.730000000000000000e+02 4.720000000000000000e+02 4.710000000000000000e+02 4.700000000000000000e+02 4.690000000000000000e+02 4.670000000000000000e+02 4.660000000000000000e+02 4.650000000000000000e+02 4.640000000000000000e+02 4.630000000000000000e+02 4.620000000000000000e+02 4.600000000000000000e+02 4.590000000000000000e+02
4.940000000000000000e+02 4.930000000000000000e+02 4.930000000000000000e+02 4.920000000000000000e+02 4.910000000000000000e+02 4.900000000000000000e+02 4.890000000000000000e+02 4.890000000000000000e+02 4.880000000000000000e+02 4.870000000000000000e+02 4.860000000000000000e+02 4.850000000000000000e+02 4.840000000000000000e+02 4.830000000000000000e+02 4.830000000000000000e+02 4.820000000000000000e+02 4.810000000000000000e+02 4.800000000000000000e+02 4.790000000000000000e+02 4.780000000000000000e+02 4.770000000000000000e+02 4.760000000000000000e+02 4.750000000000000000e+02 4.740000000000000000e+02 4.730000000000000000e+02 4.720000000000000000e+02 4.710000000000000000e+02 4.700000000000000000e+02 4.690000000000000000e+02 4.680000000000000000e+02 4.670000000000000000e+02 4.650000000000000000e+02 4.640000000000000000e+02 4.630000000000000000e+02 4.620000000000000000e+02 4.610000000000000000e+02 4.600000000000000000e+02
4.940000000000000000e+02 4.940000000000000000e+02 4.930000000000000000e+02 4.920000000000000000e+02 4.910000000000000000e+02 4.900000000000000000e+02 4.900000000000000000e+02 4.890000000000000000e+02 4.880000000000000000e+02 4.870000000000000000e+02 4.860000000000000000e+02 4.850000000000000000e+02 4.850000000000000000e+02 4.840000000000000000e+02 4.830000000000000000e+02 4.820000000000000000e+02 4.810000000000000000e+02 4.800000000000000000e+02 4.790000000000000000e+02 4.780000000000000000e+02 4.770000000000000000e+02 4.760000000000000000e+02 4.750000000000000000e+02 4.740000000000000000e+02 4.730000000000000000e+02 4.720000000000000000e+02 4.710000000000000000e+02 4.700000000000000000e+02 4.690000000000000000e+02 4.680000000000000000e+02 4.670000000000000000e+02 4.660000000000000000e+02 4.650000000000000000e+02 4.630000000000000000e+02 4.620000000000000000e+02 4.610000000000000000e+02 4.600000000000000000e+02
4.940000000000000000e+02 4.940000000000000000e+02 4.930000000000000000e+02 4.920000000000000000e+02 4.910000000000000000e+02 4.910000000000000000e+02 4.900000000000000000e+02 4.890000000000000000e+02 4.880000000000000000e+02 4.870000000000000000e+02 4.860000000000000000e+02 4.860000000000000000e+02 4.850000000000000000e+02 4.840000000000000000e+02 4.830000000000000000e+02 4.820000000000000000e+02 4.810000000000000000e+02 4.800000000000000000e+02 4.790000000000000000e+02 4.780000000000000000e+02 4.770000000000000000e+02 4.770000000000000000e+02 4.760000000000000000e+02 4.750000000000000000e+02 4.740000000000000000e+02 4.730000000000000000e+02 4.710000000000000000e+02 4.700000000000000000e+02 4.690000000000000000e+02 4.680000000000000000e+02 4.670000000000000000e+02 4.660000000000000000e+02 4.650000000000000000e+02 4.640000000000000000e+02 4.630000000000000000e+02 4.610000000000000000e+02 4.600000000000000000e+02
4.950000000000000000e+02 4.940000000000000000e+02 4.930000000000000000e+02 4.920000000000000000e+02 4.920000000000000000e+02 4.910000000000000000e+02 4.900000000000000000e+02 4.890000000000000000e+02 4.880000000000000000e+02 4.880000000000000000e+02 4.870000000000000000e+02 4.860000000000000000e+02 4.850000000000000000e+02 4.840000000000000000e+02 4.830000000000000000e+02 4.820000000000000000e+02 4.810000000000000000e+02 4.810000000000000000e+02 4.800000000000000000e+02 4.790000000000000000e+02 4.780000000000000000e+02 4.770000000000000000e+02 4.760000000000000000e+02 4.750000000000000000e+02 4.740000000000000000e+02 4.730000000000000000e+02 4.720000000000000000e+02 4.710000000000000000e+02 4.700000000000000000e+02 4.690000000000000000e+02 4.670000000000000000e+02 4.660000000000000000e+02 4.650000000000000000e+02 4.640000000000000000e+02 4.630000000000000000e+02 4.620000000000000000e+02 4.600000000000000000e+02
4.950000000000000000e+02 4.940000000000000000e+02 4.930000000000000000e+02 4.930000000000000000e+02 4.920000000000000000e+02 4.910000000000000000e+02 4.900000000000000000e+02 4.890000000000000000e+02 4.890000000000000000e+02 4.880000000000000000e+02 4.870000000000000000e+02 4.860000000000000000e+02 4.850000000000000000e+02 4.840000000000000000e+02 4.830000000000000000e+02 4.830000000000000000e+02 4.820000000000000000e+02 4.810000000000000000e+02 4.800000000000000000e+02 4.790000000000000000e+02 4.780000000000000000e+02 4.770000000000000000e+02 4.760000000000000000e+02 4.750000000000000000e+02 4.740000000000000000e+02 4.730000000000000000e+02 4.720000000000000000e+02 4.710000000000000000e+02 4.700000000000000000e+02 4.690000000000000000e+02 4.680000000000000000e+02 4.670000000000000000e+02 4.650000000000000000e+02 4.640000000000000000e+02 4.630000000000000000e+02 4.620000000000000000e+02 4.610000000000000000e+02
4.950000000000000000e+02 4.940000000000000000e+02 4.940000000000000000e+02 4.930000000000000000e+02 4.920000000000000000e+02 4.910000000000000000e+02 4.900000000000000000e+02 4.900000000000000000e+02 4.890000000000000000e+02 4.880000000000000000e+02 4.870000000000000000e+02 4.860000000000000000e+02 4.850000000000000000e+02 4.850000000000000000e+02 4.840000000000000000e+02 4.830000000000000000e+02 4.820000000000000000e+02 4.810000000000000000e+02 4.800000000000000000e+02 4.790000000000000000e+02 4.780000000000000000e+02 4.770000000000000000e+02 4.760000000000000000e+02 4.750000000000000000e+02 4.740000000000000000e+02 4.730000000000000000e+02 4.720000000000000000e+02 4.710000000000000000e+02 4.700000000000000000e+02 4.690000000000000000e+02 4.680000000000000000e+02 4.670000000000000000e+02 4.660000000000000000e+02 4.650000000000000000e+02 4.630000000000000000e+02 4.620000000000000000e+02 4.610000000000000000e+02
4.950000000000000000e+02 4.950000000000000000e+02 4.940000000000000000e+02 4.930000000000000000e+02 4.920000000000000000e+02 4.910000000000000000e+02 4.910000000000000000e+02 4.900000000000000000e+02 4.890000000000000000e+02 4.880000000000000000e+02 4.870000000000000000e+02 4.860000000000000000e+02 4.860000000000000000e+02 4.850000000000000000e+02 4.840000000000000000e+02 4.830000000000000000e+02 4.820000000000000000e+02 4.810000000000000000e+02 4.800000000000000000e+02 4.790000000000000000e+02 4.780000000000000000e+02 4.770000000000000000e+02 4.760000000000000000e+02 4.760000000000000000e+02 4.750000000000000000e+02 4.740000000000000000e+02 4.720000000000000000e+02 4.710000000000000000e+02 4.700000000000000000e+02 4.690000000000000000e+02 4.680000000000000000e+02 4.670000000000000000e+02 4.660000000000000000e+02 4.650000000000000000e+02 4.640000000000000000e+02 4.630000000000000000e+02 4.610000000000000000e+02
4.950000000000000000e+02 4.950000000000000000e+02 4.940000000000000000e+02 4.930000000000000000e+02 4.920000000000000000e+02 4.920000000000000000e+02 4.910000000000000000e+02 4.900000000000000000e+02 4.890000000000000000e+02 4.880000000000000000e+02 4.880000000000000000e+02 4.870000000000000000e+02 4.860000000000000000e+02 4.850000000000000000e+02 4.840000000000000000e+02 4.830000000000000000e+02 4.820000000000000000e+02 4.810000000000000000e+02 4.800000000000000000e+02 4.800000000000000000e+02 4.790000000000000000e+02 4.780000000000000000e+02 4.770000000000000000e+02 4.760000000000000000e+02 4.750000000000000000e+02 4.740000000000000000e+02 4.730000000000000000e+02 4.720000000000000000e+02 4.710000000000000000e+02 4.700000000000000000e+02 4.680000000000000000e+02 4.670000000000000000e+02 4.660000000000000000e+02 4.650000000000000000e+02 4.640000000000000000e+02 4.630000000000000000e+02 4.620000000000000000e+02
4.960000000000000000e+02 4.950000000000000000e+02 4.940000000000000000e+02 4.930000000000000000e+02 4.930000000000000000e+02 4.920000000000000000e+02 4.910000000000000000e+02 4.900000000000000000e+02 4.890000000000000000e+02 4.890000000000000000e+02 4.880000000000000000e+02 4.870000000000000000e+02 4.860000000000000000e+02 4.850000000000000000e+02 4.840000000000000000e+02 4.830000000000000000e+02 4.830000000000000000e+02 4.820000000000000000e+02 4.810000000000000000e+02 4.800000000000000000e+02 4.790000000000000000e+02 4.780000000000000000e+02 4.770000000000000000e+02 4.760000000000000000e+02 4.750000000000000000e+02 4.740000000000000000e+02 4.730000000000000000e+02 4.720000000000000000e+02 4.710000000000000000e+02 4.700000000000000000e+02 4.690000000000000000e+02 4.680000000000000000e+02 4.670000000000000000e+02 4.650000000000000000e+02 4.640000000000000000e+02 4.630000000000000000e+02 4.620000000000000000e+02
4.960000000000000000e+02 4.950000000000000000e+02 4.940000000000000000e+02 4.940000000000000000e+02 4.930000000000000000e+02 4.920000000000000000e+02 4.910000000000000000e+02 4.900000000000000000e+02 4.900000000000000000e+02 4.890000000000000000e+02 4.880000000000000000e+02 4.870000000000000000e+02 4.860000000000000000e+02 4.850000000000000000e+02 4.840000000000000000e+02 4.840000000000000000e+02 4.830000000000000000e+02 4.820000000000000000e+02 4.810000000000000000e+02 4.800000000000000000e+02 4.790000000000000000e+02 4.780000000000000000e+02 4.770000000000000000e+02 4.760000000000000000e+02 4.750000000000000000e+02 4.740000000000000000e+02 4.730000000000000000e+02 4.720000000000000000e+02 4.710000000000000000e+02 4.700000000000000000e+02 4.690000000000000000e+02 4.680000000000000000e+02 4.670000000000000000e+02 4.660000000000000000e+02 4.650000000000000000e+02 4.630000000000000000e+02 4.620000000000000000e+02
4.960000000000000000e+02 4.950000000000000000e+02 4.940000000000000000e+02 4.940000000000000000e+02 4.930000000000000000e+02 4.920000000000000000e+02 4.910000000000000000e+02 4.910000000000000000e+02 4.900000000000000000e+02 4.890000000000000000e+02 4.880000000000000000e+02 4.870000000000000000e+02 4.860000000000000000e+02 4.860000000000000000e+02 4.850000000000000000e+02 4.840000000000000000e+02 4.830000000000000000e+02 4.820000000000000000e+02 4.810000000000000000e+02 4.800000000000000000e+02 4.790000000000000000e+02 4.780000000000000000e+02 4.770000000000000000e+02 4.760000000000000000e+02 4.750000000000000000e+02 4.740000000000000000e+02 4.730000000000000000e+02 4.720000000000000000e+02 4.710000000000000000e+02 4.700000000000000000e+02 4.690000000000000000e+02 4.680000000000000000e+02 4.670000000000000000e+02 4.660000000000000000e+02 4.650000000000000000e+02 4.640000000000000000e+02 4.620000000000000000e+02
4.960000000000000000e+02 4.950000000000000000e+02 4.950000000000000000e+02 4.940000000000000000e+02 4.930000000000000000e+02 4.920000000000000000e+02 4.920000000000000000e+02 4.910000000000000000e+02 4.900000000000000000e+02 4.890000000000000000e+02 4.880000000000000000e+02 4.870000000000000000e+02 4.870000000000000000e+02 4.860000000000000000e+02 4.850000000000000000e+02 4.840000000000000000e+02 4.830000000000000000e+02 4.820000000000000000e+02 4.810000000000000000e+02 4.800000000000000000e+02 4.790000000000000000e+02 4.790000000000000000e+02 4.780000000000000000e+02 4.770000000000000000e+02 4.760000000000000000e+02 4.750000000000000000e+02 4.740000000000000000e+02 4.730000000000000000e+02 4.720000000000000000e+02 4.710000000000000000e+02 4.690000000000000000e+02 4.680000000000000000e+02 4.670000000000000000e+02 4.660000000000000000e+02 4.650000000000000000e+02 4.640000000000000000e+02 4.630000000000000000e+02
4.960000000000000000e+02 4.960000000000000000e+02 4.950000000000000000e+02 4.940000000000000000e+02 4.930000000000000000e+02 4.930000000000000000e+02 4.920000000000000000e+02 4.910000000000000000e+02 4.900000000000000000e+02 4.890000000000000000e+02 4.880000000000000000e+02 4.880000000000000000e+02 4.870000000000000000e+02 4.860000000000000000e+02 4.850000000000000000e+02 4.840000000000000000e+02 4.830000000000000000e+02 4.820000000000000000e+02 4.820000000000000000e+02 4.810000000000000000e+02 4.800000000000000000e+02 4.790000000000000000e+02 4.780000000000000000e+02 4.770000000000000000e+02 4.760000000000000000e+02 4.750000000000000000e+02 4.740000000000000000e+02 4.730000000000000000e+02 4.720000000000000000e+02 4.710000000000000000e+02 4.700000000000000000e+02 4.690000000000000000e+02 4.670000000000000000e+02 4.660000000000000000e+02 4.650000000000000000e+02 4.640000000000000000e+02 4.630000000000000000e+02
4.970000000000000000e+02 4.960000000000000000e+02 4.950000000000000000e+02 4.940000000000000000e+02 4.930000000000000000e+02 4.930000000000000000e+02 4.920000000000000000e+02 4.910000000000000000e+02 4.900000000000000000e+02 4.890000000000000000e+02 4.890000000000000000e+02 4.880000000000000000e+02 4.870000000000000000e+02 4.860000000000000000e+02 4.850000000000000000e+02 4.840000000000000000e+02 4.840000000000000000e+02 4.830000000000000000e+02 4.820000000000000000e+02 4.810000000000000000e+02 4.800000000000000000e+02 4.790000000000000000e+02 4.780000000000000000e+02 4.770000000000000000e+02 4.760000000000000000e+02 4.750000000000000000e+02 4.740000000000000000e+02 4.730000000000000000e+02 4.720000000000000000e+02 4.710000000000000000e+02 4.700000000000000000e+02 4.690000000000000000e+02 4.680000000000000000e+02 4.670000000000000000e+02 4.650000000000000000e+02 4.640000000000000000e+02 4.630000000000000000e+02
4.970000000000000000e+02 4.960000000000000000e+02 4.950000000000000000e+02 4.940000000000000000e+02 4.940000000000000000e+02 4.930000000000000000e+02 4.920000000000000000e+02 4.910000000000000000e+02 4.900000000000000000e+02 4.900000000000000000e+02 4.890000000000000000e+02 4.880000000000000000e+02 4.870000000000000000e+02 4.860000000000000000e+02 4.850000000000000000e+02 4.850000000000000000e+02 4.840000000000000000e+02 4.830000000000000000e+02 4.820000000000000000e+02 4.810000000000000000e+02 4.800000000000000000e+02 4.790000000000000000e+02 4.780000000000000000e+02 4.770000000000000000e+02 4.760000000000000000e+02 4.750000000000000000e+02 4.740000000000000000e+02 4.730000000000000000e+02 4.720000000000000000e+02 4.710000000000000000e+02 4.700000000000000000e+02 4.690000000000000000e+02 4.680000000000000000e+02 4.670000000000000000e+02 4.660000000000000000e+02 4.650000000000000000e+02 4.630000000000000000e+02
4.970000000000000000e+02 4.960000000000000000e+02 4.950000000000000000e+02 4.950000000000000000e+02 4.940000000000000000e+02 4.930000000000000000e+02 4.920000000000000000e+02 4.910000000000000000e+02 4.910000000000000000e+02 4.900000000000000000e+02 4.890000000000000000e+02 4.880000000000000000e+02 4.870000000000000000e+02 4.860000000000000000e+02 4.860000000000000000e+02 4.850000000000000000e+02 4.840000000000000000e+02 4.830000000000000000e+02 4.820000000000000000e+02 4.810000000000000000e+02 4.800000000000000000e+02 4.790000000000000000e+02 4.780000000000000000e+02 4.770000000000000000e+02 4.760000000000000000e+02 4.750000000000000000e+02 4.740000000000000000e+02 4.730000000000000000e+02 4.720000000000000000e+02 4.710000000000000000e+02 4.700000000000000000e+02 4.690000000000000000e+02 4.680000000000000000e+02 4.670000000000000000e+02 4.660000000000000000e+02 4.650000000000000000e+02 4.640000000000000000e+02
