testData/tiles/oneDegreeCosts/grid28.0-24.0-29.0-25.0.asc
ncols   200
nrows   200
xllcorner   28.0
yllcorner   24.0
cellsize   0.005
NODATA_value   -9999.0
[rows 42 to 83 of 200, columns 94 to 187 of 200]
382 382 382 382 382 382 382 382 382 382 382 382 382 382 382 382 382 382 382 382 382 382 382 382 382 382 382 382 382 382 382 382 382 382 382 382 382 382 382 382 382 382 382 382 382 382 382 382 382 382 382 382 382 382 382 382 382 382 382 382 382 382 382 382 382 382 382 382 382 382 382 382 382 382 382 382 382 382 382 382 382 382 382 382 382 382 382 382 382 382 382 382 382 382
382 382 382 382 382 382 382 382 382 382 382 382 382 382 382 382 382 382 382 382 382 382 382 382 382 382 382 382 382 382 382 382 382 382 382 382 382 382 382 382 382 382 382 382 382 382 382 382 382 382 382 382 382 382 382 382 382 382 382 382 382 382 382 382 382 382 382 382 382 382 382 382 382 382 382 382 382 382 382 382 382 382 382 382 382 382 382 382 382 382 382 382 382 382
382 382 382 382 382 382 382 382 382 382 382 382 382 382 382 382 382 382 382 382 382 382 382 382 382 382 382 382 382 382 382 382 382 382 382 382 382 382 382 382 382 382 382 382 382 382 382 382 382 382 382 382 382 382 382 382 382 382 382 382 382 382 382 382 382 382 382 382 382 382 382 382 382 382 382 382 382 382 382 382 382 382 382 382 382 382 382 382 382 382 382 382 382 382
382 382 382 382 382 382 382 382 382 382 382 382 382 382 382 382 382 382 382 382 382 382 382 382 382 382 382 382 382 382 382 382 382 382 382 382 382 382 382 382 382 382 382 382 382 382 382 382 382 382 382 382 382 382 382 382 382 382 382 382 382 382 382 382 382 382 382 382 382 382 382 382 382 382 382 382 382 382 382 382 382 382 382 382 382 382 382 382 382 382 382 382 382 382
382 382 382 382 383 383 383 382 382 382 382 382 382 382 382 382 382 382 382 382 382 382 382 382 382 382 382 382 382 382 382 382 382 382 382 382 382 382 382 382 382 382 382 382 382 382 382 382 382 382 382 382 382 382 382 382 382 382 382 382 382 382 382 382 382 382 382 382 382 382 382 382 382 382 382 382 382 382 382 382 382 382 382 382 382 382 382 382 382 382 382 382 382 382
383 384 384 385 385 385 385 385 384 384 383 383 382 382 382 382 382 382 382 382 382 382 382 382 382 382 382 382 382 382 382 382 382 382 382 382 382 382 382 382 382 382 382 382 382 382 382 382 382 382 382 382 382 382 382 382 382 382 382 382 382 382 382 382 382 382 382 382 382 382 382 382 382 382 382 382 382 382 382 382 382 382 382 382 382 382 382 382 382 382 382 382 382 382
386 386 387 387 387 387 387 387 387 386 386 385 384 383 382 382 382 382 382 382 382 382 382 382 382 382 382 382 382 382 382 382 382 382 382 382 382 382 382 382 382 382 382 382 382 382 382 382 382 382 382 382 382 382 382 382 382 382 382 382 382 382 382 382 382 382 382 382 382 382 382 382 382 382 382 382 382 382 382 382 382 382 382 382 382 382 382 382 382 382 382 382 382 382
388 389 389 389 390 390 390 389 389 389 388 387 386 385 384 383 382 382 382 382 382 382 382 382 382 382 382 382 382 382 382 382 382 382 382 382 382 382 382 382 382 382 382 382 382 382 382 382 382 382 382 382 382 382 382 382 382 382 382 382 382 382 382 382 382 382 382 382 382 382 382 382 382 382 382 382 382 382 382 382 382 382 382 382 382 382 382 382 382 382 382 382 382 382
390 391 391 392 392 392 392 392 391 391 390 390 389 388 387 385 384 383 382 382 382 382 382 382 382 382 382 382 382 382 382 382 382 382 382 382 382 382 382 382 382 382 382 382 382 382 382 382 382 382 382 382 382 382 382 382 382 382 382 382 382 382 382 382 382 382 382 382 382 382 382 382 382 382 382 382 382 382 382 382 382 382 382 382 382 382 382 382 382 382 382 382 382 382
393 393 394 394 394 395 394 394 394 393 393 392 391 390 389 387 386 384 383 382 382 382 382 382 382 382 382 382 382 382 382 382 382 382 382 382 382 382 382 382 382 382 382 382 382 382 382 382 382 382 382 382 382 382 382 382 382 382 382 382 382 382 382 382 382 382 382 382 382 382 382 382 382 382 382 382 382 382 382 382 382 382 382 382 382 382 382 382 382 382 382 382 382 382
510 511 511 512 512 397 397 397 396 396 395 394 393 392 391 389 388 386 385 383 382 382 382 382 382 382 382 382 382 382 382 382 382 382 382 382 382 382 382 382 382 382 382 382 382 382 382 382 382 382 382 382 382 382 382 382 382 382 382 382 382 382 382 382 382 382 382 382 382 382 382 382 382 382 382 382 382 382 382 382 382 382 382 382 382 382 382 382 382 382 382 382 382 382
512 513 514 514 514 514 514 514 514 513 397 396 395 394 393 391 390 388 386 385 383 382 382 382 382 382 382 382 382 382 382 382 382 382 382 382 382 382 382 382 382 382 382 382 382 382 382 382 382 382 382 382 382 382 382 382 382 382 382 382 382 382 382 382 382 382 382 382 382 382 382 382 382 382 382 382 382 382 382 382 382 382 382 382 382 382 382 382 382 382 382 382 382 382
514 515 516 516 517 517 517 516 516 515 514 513 512 511 510 393 391 390 388 386 384 383 382 382 382 382 382 382 382 382 382 382 382 382 382 382 382 382 382 382 382 382 382 382 382 382 382 382 382 382 382 382 382 382 382 382 382 382 382 382 382 382 382 382 382 382 382 382 382 382 382 382 382 382 382 382 382 382 382 382 382 382 382 382 382 382 382 382 382 382 382 382 382 382
517 517 518 519 519 519 519 519 518 517 517 515 514 513 511 510 508 506 505 503 386 384 382 382 382 382 382 382 382 382 382 382 382 382 382 382 382 382 382 382 382 382 382 382 382 382 382 382 382 382 382 382 382 382 382 382 382 382 382 382 382 382 382 382 382 382 382 382 382 382 382 382 382 382 382 382 382 382 382 382 382 382 382 382 382 382 382 382 382 382 382 382 382 382
519 520 520 521 521 522 521 521 520 520 519 518 516 515 513 512 510 508 506 504 502 500 498 496 494 382 382 382 382 382 382 382 382 382 382 382 382 382 382 382 382 382 382 382 382 382 382 382 382 382 382 382 382 382 382 382 382 382 382 382 382 382 382 382 382 382 382 382 382 382 382 382 382 382 382 382 382 382 382 382 382 382 382 382 382 382 382 382 382 382 382 382 382 382
527 528 529 529 530 530 530 529 529 528 527 526 524 523 515 513 511 510 508 506 504 502 499 497 495 493 491 489 486 484 382 382 382 382 382 382 382 382 382 382 382 382 382 382 382 382 382 382 382 382 382 382 382 382 382 382 382 382 382 382 382 382 382 382 382 382 382 382 382 382 382 382 382 382 382 382 382 382 382 382 382 382 382 382 382 382 382 382 382 382 382 382 382 382
529 530 531 532 532 532 532 532 531 530 529 528 526 524 523 521 519 517 515 513 511 509 506 504 502 500 498 495 493 491 489 486 484 482 382 382 382 382 382 382 382 382 382 382 382 382 382 382 382 382 382 382 382 382 382 382 382 382 382 382 382 382 382 382 382 382 382 382 382 382 382 382 382 382 382 382 382 382 382 382 382 382 382 382 382 382 382 382 382 382 382 382 382 382
531 532 533 534 535 535 535 534 533 532 531 529 528 526 524 522 520 518 516 514 512 510 507 505 503 501 498 496 494 492 489 487 485 482 480 478 475 473 382 382 382 382 382 382 382 382 382 382 382 382 382 382 382 382 382 382 382 382 382 382 382 382 382 382 382 382 382 382 382 382 382 382 382 382 382 382 382 382 382 382 382 382 382 382 382 382 382 382 382 382 382 382 382 382
533 534 535 536 537 537 537 536 535 534 533 531 529 528 526 524 521 519 517 515 513 511 508 506 504 501 499 497 495 492 490 488 485 483 481 478 476 473 471 469 466 464 462 382 382 382 382 382 382 382 382 382 382 382 382 382 382 382 382 382 382 382 382 382 382 382 382 382 382 382 382 382 382 382 382 382 382 382 382 382 382 382 382 382 382 382 382 382 382 382 382 382 382 382
535 536 538 539 539 540 539 539 538 536 535 533 531 529 527 525 523 520 518 516 514 511 509 507 504 502 500 497 495 493 490 488 486 483 481 479 476 474 472 469 467 464 462 460 457 456 456 382 382 382 382 382 382 382 382 382 382 382 382 382 382 382 382 382 382 382 382 382 382 382 382 382 382 382 382 382 382 382 382 382 382 382 382 382 382 382 382 382 382 382 382 382 382 382
536 538 540 541 542 542 542 541 540 538 536 534 532 530 528 526 523 521 519 517 514 512 510 507 505 503 500 498 496 493 491 488 486 484 481 479 477 474 472 469 467 465 462 460 458 456 456 456 456 456 456 382 382 382 382 382 382 382 382 382 382 382 382 382 382 382 382 382 382 382 382 382 382 382 382 382 382 382 382 382 382 382 382 382 382 382 382 382 382 382 382 382 382 382
538 540 541 543 544 544 544 543 541 540 538 535 533 531 529 526 524 522 520 517 515 512 510 508 505 503 501 498 496 494 491 489 486 484 482 479 477 474 472 470 467 465 463 460 458 456 456 456 456 456 456 456 456 456 382 382 382 382 382 382 382 382 382 382 382 382 382 382 382 382 382 382 382 382 382 382 382 382 382 382 382 382 382 382 382 382 382 382 382 382 382 382 382 382
539 541 543 545 546 547 546 545 543 541 539 536 534 532 529 527 525 522 520 518 515 513 510 508 506 503 501 499 496 494 491 489 487 484 482 479 477 475 472 470 467 465 463 460 458 456 456 456 456 456 456 456 456 456 456 456 456 456 382 382 382 382 382 382 382 382 382 382 382 382 382 382 382 382 382 382 382 382 382 382 382 382 382 382 382 382 382 382 382 382 382 382 382 382
539 542 544 546 548 549 548 546 544 542 539 537 535 532 530 527 525 523 520 518 515 513 511 508 506 504 501 499 496 494 492 489 487 484 482 480 477 475 472 470 468 465 463 460 458 456 456 456 456 456 456 456 456 456 456 456 456 456 425 425 425 382 382 382 382 382 382 382 382 382 382 382 382 382 382 382 382 382 382 382 382 382 382 382 382 382 382 382 382 382 382 382 382 382
540 542 544 547 549 552 549 547 544 542 540 537 535 532 530 528 525 523 520 518 516 513 511 508 506 504 501 499 496 494 492 489 487 484 482 480 477 475 472 470 468 465 463 460 458 456 456 456 456 456 456 456 456 456 456 456 456 456 425 425 425 425 425 425 425 382 382 382 382 382 382 382 382 382 382 382 382 382 382 382 382 382 382 382 382 382 382 382 382 382 382 382 382 382
539 542 544 546 548 549 548 546 544 542 539 537 535 532 530 527 525 523 520 518 515 513 511 508 506 504 501 499 496 494 492 489 487 484 482 480 477 475 472 470 468 465 463 460 458 456 456 456 456 456 456 456 456 456 456 456 456 456 425 425 425 425 425 425 425 425 425 425 382 382 382 382 382 382 382 382 382 382 382 382 382 382 382 382 382 382 382 382 382 382 382 382 382 382
539 541 543 545 546 547 546 545 543 541 539 536 534 532 529 527 525 522 520 518 515 513 510 508 506 503 501 499 496 494 491 489 487 484 482 479 477 475 472 470 467 465 463 460 458 456 456 456 456 456 456 456 456 456 456 456 456 456 425 425 425 425 425 425 425 425 425 425 425 425 425 425 382 382 382 382 382 382 382 382 382 382 382 382 382 382 382 382 382 382 382 382 382 382
538 540 541 543 544 544 544 543 541 540 538 535 533 531 529 526 524 522 520 517 515 512 510 508 505 503 501 498 496 494 491 489 486 484 482 479 477 474 472 470 467 465 463 460 458 456 456 456 456 456 456 456 456 456 456 456 456 456 425 425 425 425 425 425 425 425 425 425 425 425 425 425 425 425 425 382 382 382 382 382 382 382 382 382 382 382 382 382 382 382 382 382 382 382
536 538 540 541 542 542 542 541 540 538 536 534 532 530 528 526 523 521 519 517 514 512 510 507 505 503 500 498 496 493 491 488 486 484 481 479 477 474 472 469 467 465 462 460 458 456 456 456 456 456 456 456 456 456 456 456 456 456 425 425 425 425 425 425 425 425 425 425 425 425 425 425 425 425 425 425 425 425 382 382 382 382 382 382 382 382 382 382 382 382 382 382 382 382
535 536 538 539 539 540 539 539 538 536 535 533 531 529 527 525 523 520 518 516 514 511 509 507 504 502 500 497 495 493 490 488 486 483 481 479 476 474 472 469 467 464 462 460 457 456 456 456 456 456 456 456 456 456 456 456 456 456 425 425 425 425 425 425 425 425 425 425 425 425 425 425 425 425 425 425 425 425 425 425 425 382 382 382 382 382 382 382 382 382 382 382 382 382
533 534 535 536 537 537 537 536 535 534 533 531 529 528 526 524 521 519 517 515 513 511 508 506 504 501 499 497 495 492 490 488 485 483 481 478 476 473 471 469 466 464 462 459 457 456 456 456 456 456 456 456 456 456 456 456 456 456 425 425 425 425 425 425 425 425 425 425 425 425 425 425 425 425 425 425 425 425 425 425 425 425 425 425 382 382 382 382 382 382 382 382 382 382
531 532 533 534 535 535 535 534 533 532 531 529 528 526 524 522 520 518 516 514 512 510 507 505 503 501 498 496 494 492 489 487 485 482 480 478 475 473 471 468 466 464 461 459 457 456 456 456 456 456 456 456 456 456 456 456 456 456 425 425 425 425 425 425 425 425 425 425 425 425 425 425 425 425 425 425 425 425 425 425 425 425 425 425 425 425 484 382 382 382 382 382 382 382
529 530 531 532 532 532 532 532 531 530 529 528 526 524 523 521 519 517 515 513 511 509 506 504 502 500 498 495 493 491 489 486 484 482 479 477 475 472 470 468 465 463 461 458 456 456 456 456 456 456 456 456 456 456 456 456 456 456 425 425 425 425 425 425 425 425 425 425 425 425 425 425 425 425 425 425 425 425 425 425 425 425 425 425 425 425 484 484 484 382 382 382 382 382
527 528 529 529 530 530 530 529 529 528 527 526 524 523 521 519 517 516 514 512 510 508 505 503 501 499 497 495 492 490 488 486 483 481 479 476 474 472 470 467 465 463 460 458 456 456 456 456 456 456 456 456 456 456 456 456 456 456 425 425 425 425 425 425 425 425 425 425 425 425 425 425 425 425 425 425 425 425 425 425 425 425 425 425 425 425 484 484 484 484 484 484 382 382
525 526 526 527 527 528 527 527 526 526 525 524 522 521 519 518 516 514 512 510 508 506 504 502 500 498 496 494 491 489 487 485 483 480 478 476 473 471 469 467 464 462 460 457 456 456 456 456 456 456 456 456 456 456 456 456 456 456 425 425 425 425 425 425 425 425 425 425 425 425 425 425 425 425 425 425 425 425 425 425 425 425 425 425 425 425 484 484 484 484 484 484 484 484
523 523 524 525 525 525 525 525 524 523 523 521 520 519 517 516 514 512 511 509 507 505 503 501 499 497 495 493 490 488 486 484 482 479 477 475 473 470 468 466 464 461 459 457 456 456 456 456 456 456 456 456 456 456 456 456 456 425 425 425 425 425 425 425 425 425 425 425 425 425 425 425 425 425 425 425 425 425 425 425 425 425 425 425 425 425 484 484 484 484 484 484 484 484
520 521 522 522 523 523 523 522 522 521 520 519 518 517 516 514 512 511 509 507 505 504 502 500 498 496 494 491 489 487 485 483 481 479 476 474 472 470 467 465 463 461 458 456 456 456 456 456 456 456 456 456 456 456 456 456 456 425 425 425 425 425 425 425 425 425 425 425 425 425 425 425 425 425 425 425 425 425 425 425 425 425 425 425 425 425 484 484 484 484 484 484 484 484
518 519 520 520 520 520 520 520 520 519 518 517 516 515 514 512 511 509 507 506 504 502 500 498 496 494 492 490 488 486 484 482 480 478 475 473 471 469 467 464 462 460 458 456 456 456 456 456 456 456 456 456 456 456 456 456 456 425 425 425 425 425 425 425 425 425 425 425 425 425 425 425 425 425 425 425 425 425 425 425 425 425 425 425 425 425 425 484 484 484 484 484 484 484
517 518 518 519 519 519 519 519 518 518 517 516 515 514 513 511 509 507 506 504 502 501 499 497 495 493 491 489 487 485 483 481 479 476 474 472 470 468 466 463 461 459 457 456 456 456 456 456 456 456 456 456 456 456 456 456 456 425 425 425 425 425 425 425 425 425 425 425 425 425 425 425 425 425 425 425 425 425 425 425 425 425 425 425 425 425 425 484 484 484 484 484 484 484
515 515 516 516 516 517 516 516 516 515 515 514 513 512 511 509 508 506 505 503 502 500 498 496 494 493 491 489 487 485 483 480 477 475 473 471 469 467 465 462 460 458 456 456 456 456 456 456 456 456 456 456 456 456 456 456 425 425 425 425 425 425 425 425 425 425 425 425 425 425 425 425 425 425 425 425 425 425 425 425 425 425 425 425 425 425 425 484 484 484 484 484 484 484
512 513 513 514 514 514 514 514 513 513 512 512 511 510 509 507 506 505 503 502 500 498 497 495 493 491 489 487 485 483 481 479 477 475 473 471 469 467 465 462 460 458 457 456 456 456 456 456 456 456 456 456 456 456 456 456 425 425 425 425 425 425 425 425 425 425 425 425 425 425 425 425 425 425 425 425 425 425 425 425 425 425 425 425 425 425 425 484 484 484 484 484 484 484
510 511 511 511 512 512 512 511 511 511 510 509 508 507 506 505 504 503 501 500 498 497 495 493 491 490 488 486 484 482 480 478 476 474 472 470 468 466 464 461 459 457 457 457 457 457 457 457 457 457 457 457 457 456 456 456 425 425 425 425 425 425 425 425 425 425 425 425 425 425 425 425 425 425 425 425 425 425 425 425 425 425 425 425 425 425 425 484 484 484 484 484 484 484
