testData/tiles/oneDegreeCosts/grid23.0-24.0-24.0-25.0.asc
ncols   200
nrows   200
xllcorner   23.0
yllcorner   24.0
cellsize   0.005
NODATA_value   -9999.0
[rows 84 to 125 of 200, columns 0 to 93 of 200]
288 289 289 288 288 289 289 289 289 288 289 313 318 326 333 338 343 347 351 356 359 361 365 369 372 374 376 379 382 385 387 388 390 393 396 398 398 401 403 405 407 407 410 412 413 415 415 418 419 420 422 422 423 426 427 428 428 429 431 433 434 434 435 436 438 439 439 440 440 442 442 443 444 445 445 446 448 449 669 670 671 671 673 674 674 675 675 676 676 678 679 679 738 738
288 287 288 288 288 288 288 288 288 288 288 313 318 325 332 338 343 348 352 355 358 362 365 368 370 374 376 379 381 384 386 388 391 393 396 397 399 401 402 405 406 408 409 411 413 414 415 417 418 421 421 422 424 425 427 427 428 430 431 432 433 434 435 436 436 438 439 440 441 441 441 443 444 445 446 446 447 448 449 670 671 672 672 673 674 675 676 676 677 677 678 679 738 738
287 287 287 288 288 287 287 287 288 288 288 311 318 326 332 338 343 347 351 354 358 362 364 367 370 373 377 379 381 383 385 389 391 392 394 397 399 401 402 403 406 408 409 410 411 414 415 417 417 419 420 422 424 424 425 426 429 430 430 431 432 433 435 435 436 437 438 440 440 441 441 442 443 445 446 446 447 448 449 449 451 672 672 673 674 674 676 676 677 677 678 678 737 738
287 287 287 286 286 287 287 287 287 287 287 311 318 326 333 337 342 346 351 354 358 360 363 368 370 373 375 378 381 383 386 388 390 392 394 396 398 400 402 403 405 407 408 410 412 413 415 416 417 419 420 422 423 424 425 426 428 428 430 431 432 433 433 435 436 437 437 438 439 441 442 442 443 444 445 447 447 448 449 449 450 451 672 673 674 674 675 675 677 677 678 736 737 737
286 286 286 286 286 286 287 287 286 286 287 311 318 325 331 337 342 346 350 354 357 361 364 367 371 372 375 378 380 384 385 387 389 392 394 395 397 399 402 404 404 406 408 410 412 412 414 415 417 419 419 421 422 423 425 426 427 428 429 431 431 432 433 434 435 436 437 438 439 440 441 443 443 444 445 446 446 448 449 450 450 451 452 672 674 674 675 675 676 677 677 737 737 737
285 285 285 286 286 286 285 286 286 286 286 311 318 325 332 337 342 345 349 353 356 361 364 366 369 373 375 378 379 382 385 387 389 391 393 395 397 399 401 402 405 406 408 409 410 412 414 415 417 417 420 421 422 423 424 425 427 428 429 429 430 432 433 434 434 435 436 438 439 440 441 442 443 444 445 446 447 447 448 450 450 451 452 452 453 673 675 676 676 677 735 736 736 738
285 285 285 285 285 285 285 285 286 286 309 309 318 326 332 336 340 345 349 353 357 359 363 366 369 372 375 377 380 382 384 387 389 391 393 395 398 398 400 402 404 406 407 409 410 412 413 416 416 417 419 420 421 422 424 425 426 427 428 429 431 432 432 434 435 436 436 437 438 440 441 442 443 443 444 446 447 447 448 449 449 450 452 452 453 454 674 675 676 677 735 736 736 737
284 285 284 284 284 285 285 285 284 284 309 309 318 325 330 336 340 345 349 352 356 359 362 366 369 371 374 376 380 382 383 386 388 391 393 395 396 398 400 402 404 405 406 409 410 412 412 414 416 417 419 419 420 422 424 425 425 426 427 430 431 431 432 433 434 436 437 437 438 439 440 442 443 444 444 445 446 448 448 449 450 450 451 452 453 454 454 675 675 676 734 736 736 737
283 283 284 284 284 284 284 284 284 284 308 310 317 324 330 336 341 345 348 352 356 360 363 365 368 371 374 376 379 381 384 386 388 390 392 394 396 398 400 401 403 405 406 408 409 411 412 414 415 417 418 419 421 422 423 424 425 426 428 428 429 431 432 433 434 435 436 438 438 439 440 441 442 444 444 445 446 447 447 449 450 450 451 452 452 453 454 455 455 734 734 735 735 737
283 283 283 284 283 283 283 283 284 284 307 307 317 324 330 335 339 344 348 352 355 360 362 365 368 371 374 376 378 380 383 386 387 389 391 393 396 398 399 400 402 405 406 407 409 410 413 414 414 416 417 419 421 421 422 423 424 427 427 428 429 430 431 433 434 435 436 437 438 439 440 441 442 443 444 445 446 447 447 448 449 450 451 452 452 453 453 454 456 514 735 735 736 736
283 283 282 282 283 283 283 283 282 283 306 308 317 325 329 335 339 344 348 352 355 358 361 365 368 370 372 376 378 381 383 384 387 389 391 393 394 397 399 401 402 403 406 407 409 410 412 412 414 416 417 418 419 421 422 423 425 425 426 428 429 430 431 432 433 435 436 437 438 439 439 441 442 443 444 444 445 447 448 448 449 450 450 451 452 453 454 454 513 513 514 735 736 736
281 282 282 282 282 282 282 282 282 281 306 309 316 323 329 335 340 344 347 351 355 358 361 364 367 370 373 375 377 380 382 384 386 388 391 392 394 396 398 401 401 403 405 406 409 409 411 412 414 416 416 418 419 420 421 423 424 425 426 427 428 430 431 432 433 434 436 437 438 439 440 440 441 443 444 444 445 446 447 448 449 450 450 451 452 452 454 454 513 513 514 514 515 736
281 281 282 282 281 281 281 281 281 281 304 308 317 323 329 334 339 343 347 351 354 358 361 363 366 370 373 375 377 379 382 384 387 388 390 393 394 396 397 399 402 403 405 405 407 408 411 412 414 414 415 418 419 420 420 422 423 425 426 427 428 429 431 432 433 434 435 436 438 439 440 440 441 442 443 445 445 446 447 447 448 450 450 451 452 452 453 453 513 513 514 514 515 515
281 281 280 280 281 281 280 280 281 280 304 308 316 324 328 333 338 343 347 351 353 357 361 364 366 369 371 374 377 379 381 383 386 388 390 392 394 395 397 399 401 402 404 405 407 409 410 411 413 414 416 417 417 419 421 422 423 424 426 427 428 429 430 431 433 434 435 436 437 438 440 441 441 442 443 444 444 446 447 448 448 449 449 450 452 452 453 511 512 512 513 514 515 514
280 280 280 280 280 280 280 279 279 280 304 308 316 322 329 334 338 342 345 350 353 357 360 364 366 368 371 373 377 379 381 383 385 388 390 391 393 395 397 399 400 401 403 405 407 409 409 411 412 414 416 416 417 418 421 422 423 424 425 426 428 429 430 431 432 433 435 436 437 438 439 440 441 442 443 444 445 445 446 448 448 449 450 450 451 451 453 511 512 513 513 514 513 514
279 279 280 279 279 278 279 279 279 279 303 308 316 322 328 334 338 342 346 349 354 357 359 362 365 369 371 374 375 377 381 383 385 386 388 391 393 395 396 397 400 402 403 405 405 408 409 411 412 412 414 416 417 419 420 421 423 424 425 426 427 429 431 432 433 433 434 435 437 438 439 440 441 441 443 444 445 445 446 447 447 449 450 450 451 451 510 511 512 513 513 513 513 514
279 279 278 278 278 278 278 279 279 278 302 307 316 323 328 332 337 342 346 349 353 356 359 362 365 368 370 373 375 378 380 383 384 386 388 390 393 394 396 397 399 401 402 404 405 407 408 411 411 412 414 415 417 419 420 421 422 423 425 427 428 429 430 431 433 434 434 435 436 437 439 440 441 441 442 443 444 445 446 447 447 448 449 450 451 452 510 511 511 512 511 513 513 514
279 277 277 277 278 278 278 277 277 278 302 307 315 322 327 332 337 341 346 349 352 355 358 362 364 367 369 372 375 378 379 381 383 386 388 389 391 393 396 397 399 400 401 404 405 407 407 409 410 413 414 415 416 418 420 421 422 423 424 426 428 429 430 431 432 433 435 435 436 437 438 439 441 441 442 443 444 444 445 447 447 448 449 449 450 451 510 511 511 511 511 512 512 514
276 277 277 277 277 277 277 277 277 277 302 307 315 321 327 333 337 340 344 349 352 355 358 360 364 367 369 372 373 377 379 381 383 385 387 389 391 393 395 396 398 400 401 403 404 406 407 409 410 412 414 415 417 418 419 420 422 423 425 426 427 428 430 431 432 433 434 435 436 437 438 439 440 441 442 443 444 445 445 446 447 448 449 449 450 509 509 510 510 511 511 512 512 513
276 276 277 276 276 276 276 277 277 276 300 307 315 321 327 331 336 340 344 348 351 355 358 361 363 366 370 371 374 376 378 381 382 384 386 388 391 393 394 396 397 400 401 402 404 405 408 409 410 412 413 414 417 418 419 420 421 423 425 426 427 428 429 430 432 433 434 435 435 436 438 439 440 441 441 442 444 445 445 446 447 447 448 450 450 509 509 509 509 510 510 512 512 513
276 275 275 275 276 276 276 275 276 276 300 306 314 320 326 331 335 341 344 347 350 354 358 361 363 365 368 371 374 376 377 379 382 385 386 388 389 392 394 396 397 398 400 402 404 405 407 408 410 412 413 414 416 417 419 420 421 423 424 425 427 428 429 430 431 432 434 435 436 436 437 438 440 441 441 442 443 444 444 446 447 447 448 449 449 508 508 509 509 510 510 511 511 513
275 275 275 275 275 275 275 275 275 276 300 306 313 320 326 331 336 339 343 347 351 354 357 359 363 365 368 370 373 375 377 379 382 384 386 388 389 391 393 396 396 398 400 401 404 405 407 408 409 411 413 414 416 417 418 419 422 423 424 425 426 427 429 430 431 432 433 434 436 436 437 438 439 440 441 442 443 444 444 445 446 447 448 449 507 507 507 508 509 510 510 511 511 512
274 274 275 274 274 274 275 275 275 274 298 306 314 320 325 330 335 339 343 346 351 353 356 359 362 365 368 369 372 374 377 380 382 383 385 388 389 391 392 394 395 398 400 401 403 404 407 408 410 411 412 414 416 417 418 419 421 423 424 425 426 427 428 430 431 432 433 434 435 436 437 438 439 440 441 441 443 444 444 445 446 446 447 449 506 507 507 508 509 509 510 511 511 512
274 273 273 274 274 274 274 274 274 274 298 305 314 320 324 329 334 339 343 345 349 352 356 359 362 363 366 369 372 374 376 378 381 383 385 387 388 390 392 394 396 397 400 401 403 404 406 407 410 411 412 414 415 417 418 419 421 422 423 425 426 427 428 429 430 432 433 434 435 436 436 437 439 440 441 441 442 443 443 445 446 446 447 505 505 506 507 508 509 509 510 510 511 512
273 273 273 273 274 273 273 273 273 274 298 305 312 319 325 329 334 338 342 345 349 352 355 358 361 363 366 369 372 373 375 378 380 383 385 386 388 389 391 394 396 397 399 400 403 404 406 407 409 410 412 414 415 416 417 420 421 422 423 424 425 427 428 429 430 431 432 434 435 436 436 437 438 439 441 441 442 443 444 444 445 447 446 505 505 506 507 507 509 509 510 510 511 511
272 273 273 272 272 273 273 273 273 273 297 305 312 318 324 330 333 337 341 345 349 352 354 357 360 364 366 368 370 372 376 378 380 381 383 386 388 389 391 393 396 397 399 400 402 403 406 407 409 410 411 414 415 416 417 419 420 422 423 424 425 426 427 429 430 431 432 433 434 435 436 437 438 439 440 440 442 443 444 444 444 445 445 505 505 506 507 507 508 508 509 510 511 511
272 271 272 272 272 272 272 273 272 272 296 305 312 318 323 328 333 337 341 345 347 351 354 357 360 363 365 368 370 372 375 377 379 381 383 385 388 390 391 393 395 396 399 400 402 404 405 407 409 410 411 413 414 416 417 419 420 421 422 424 425 426 427 428 429 431 432 433 434 435 436 436 438 439 440 440 441 442 444 443 444 445 503 504 504 505 507 507 508 508 509 509 510 511
271 271 271 272 272 272 271 271 272 272 296 304 310 318 323 328 332 336 340 344 347 350 353 357 359 362 364 367 370 372 374 376 378 381 383 385 387 389 391 393 395 396 398 400 402 404 405 406 408 410 411 413 414 415 416 419 420 421 422 423 424 426 427 428 429 430 431 433 434 435 436 436 437 438 440 440 441 442 442 442 443 445 503 504 504 505 506 506 508 508 509 509 510 510
271 271 271 271 270 271 271 271 271 272 295 303 310 317 323 328 331 335 339 344 347 350 352 355 359 362 364 367 368 371 374 376 378 380 383 385 387 389 390 392 395 396 398 400 401 404 405 406 408 409 411 413 414 415 417 418 419 421 422 423 424 425 426 428 429 430 431 432 433 435 436 436 437 438 439 440 441 441 442 442 443 444 502 504 504 505 506 506 507 507 508 509 510 510
270 271 270 270 270 270 271 271 270 270 294 303 311 317 321 326 331 335 339 343 345 349 352 355 358 361 363 366 368 371 373 376 378 380 382 384 387 389 390 392 394 396 398 400 401 403 404 406 408 409 411 412 413 415 417 418 419 420 421 423 424 425 426 427 428 430 431 432 433 434 435 435 437 438 439 440 439 440 442 442 443 444 502 503 504 504 506 506 507 507 508 508 509 510
269 269 269 270 270 270 269 270 270 270 294 302 310 316 321 326 330 335 338 342 345 348 352 355 357 360 362 366 368 371 373 375 378 380 382 384 386 388 390 392 394 395 397 400 401 403 404 405 407 409 411 412 413 414 416 418 419 420 421 422 423 425 426 427 428 429 430 432 433 434 435 435 436 437 438 439 439 440 441 441 442 502 502 503 504 504 505 505 507 507 508 508 509 509
269 269 269 269 269 269 269 269 269 270 293 301 309 315 321 326 329 334 337 342 345 348 350 353 357 360 362 365 367 371 373 375 377 379 382 384 386 388 389 392 394 395 397 399 400 403 404 406 407 408 410 412 413 414 416 417 418 420 421 422 423 424 425 427 428 429 430 431 432 434 435 435 436 436 437 438 439 440 441 441 442 501 501 503 504 504 505 505 506 506 507 508 509 509
268 269 268 268 268 268 269 269 268 268 293 301 309 315 319 325 329 334 337 341 344 347 350 353 356 360 362 365 367 370 373 375 377 379 381 383 386 388 389 391 393 395 397 399 400 402 403 406 407 408 410 411 412 414 416 417 418 419 420 422 423 424 425 426 427 429 430 431 432 433 434 435 435 436 437 438 438 439 441 441 442 501 501 502 503 503 505 505 506 506 507 507 508 508
268 268 268 268 268 268 268 268 268 268 292 300 308 314 319 324 328 334 337 340 343 346 350 353 356 359 361 365 367 370 372 374 377 379 381 383 385 388 389 391 393 395 396 399 400 402 403 405 407 408 410 411 412 413 416 417 418 419 420 421 422 424 425 426 427 428 429 431 432 433 433 433 434 435 437 438 438 439 440 440 499 501 501 502 503 503 504 504 506 506 507 507 508 508
268 268 268 268 268 268 268 268 268 292 291 299 307 314 319 324 328 332 336 340 343 346 350 353 356 359 361 364 367 370 372 374 376 378 381 383 385 387 388 391 393 395 396 398 399 402 403 405 406 407 410 411 412 413 415 416 418 419 420 421 422 423 424 426 427 428 429 430 431 432 433 433 434 435 436 437 438 439 440 440 499 500 500 502 503 503 504 504 505 505 506 507 508 508
268 268 268 268 268 268 268 268 268 268 291 299 307 313 318 323 327 332 335 339 343 346 349 352 355 359 361 364 366 369 372 374 376 378 380 383 385 387 388 390 392 395 396 398 399 401 403 405 406 407 409 410 412 413 415 416 417 418 420 421 422 423 424 425 426 428 429 430 430 431 432 433 434 435 436 437 437 438 440 440 499 500 500 501 502 502 504 504 505 505 506 506 507 507
268 268 268 268 268 268 268 268 268 268 290 299 307 312 317 322 327 332 335 339 342 346 349 352 355 358 361 364 366 369 371 374 376 378 380 382 384 387 388 390 392 393 396 398 399 401 402 404 406 407 409 410 411 412 415 416 417 418 419 420 422 423 424 425 426 427 427 429 430 431 432 432 433 434 436 437 437 438 439 497 498 500 500 501 502 502 503 503 505 505 506 506 507 507
268 268 268 268 268 268 268 268 268 268 290 297 305 312 317 322 326 331 335 339 342 345 348 352 355 358 360 363 366 369 371 373 375 378 380 382 384 386 387 390 392 393 395 397 399 401 402 404 405 406 409 410 411 412 414 415 417 418 419 420 421 422 424 425 426 426 427 428 429 431 432 432 433 434 435 436 437 438 439 497 498 499 499 501 502 502 503 503 504 504 505 506 507 507
268 268 268 268 268 268 268 268 268 268 289 297 305 311 317 322 326 330 334 339 342 345 348 351 355 358 360 363 365 369 371 373 375 377 379 382 384 386 387 389 392 393 395 397 398 400 402 403 405 406 408 409 411 412 414 415 416 417 419 420 421 422 423 423 425 426 427 428 429 430 431 432 433 434 435 436 436 437 439 497 498 499 499 500 501 501 503 503 504 504 505 505 506 506
268 268 268 268 268 268 268 268 268 268 288 297 305 311 316 322 326 330 334 338 341 345 348 351 354 357 360 363 365 368 370 373 375 377 379 381 384 386 387 389 391 392 395 397 398 400 401 402 405 406 408 409 410 411 414 415 416 417 418 419 421 422 422 423 424 425 426 428 429 430 431 431 432 434 435 436 436 437 438 496 497 499 499 500 501 501 502 502 504 504 505 505 506 506
268 268 268 268 268 268 268 268 268 268 288 296 304 311 316 321 325 330 334 338 341 344 348 351 354 357 359 363 365 367 370 372 374 377 379 381 383 385 387 389 391 392 394 396 398 400 401 402 404 405 408 409 410 411 413 414 416 417 418 419 419 420 422 423 424 425 426 427 428 430 431 431 432 433 434 435 436 437 496 496 497 498 498 500 500 501 502 502 503 503 504 505 506 506
268 268 268 268 268 268 268 268 268 268 288 296 303 311 316 321 325 329 333 338 341 344 347 350 354 357 359 362 364 367 370 372 374 376 379 381 383 385 386 388 391 392 394 396 397 399 401 402 404 405 406 408 410 411 412 414 415 416 418 418 419 420 421 422 424 425 426 427 428 429 430 431 432 433 434 434 435 436 496 496 497 498 498 499 499 500 502 502 503 503 504 504 505 505
