testData/tiles/oneDegreeCosts/grid43.0-24.0-44.0-25.0.asc
ncols   200
nrows   200
xllcorner   43.0
yllcorner   24.0
cellsize   0.005
NODATA_value   -9999.0
[rows 84 to 125 of 200, columns 94 to 187 of 200]
661 661 661 660 662 661 661 661 662 661 661 660 660 661 662 661 662 662 662 662 662 662 663 663 663 662 664 663 648 648 648 648 649 648 648 648 649 648 648 648 649 650 650 651 651 652 653 653 654 654 656 656 656 657 658 658 659 659 660 661 661 662 662 662 664 664 665 665 665 667 667 667 668 668 669 670 670 612 613 614 614 615 615 615 616 617 617 617 618 619 619 620 620 620
662 662 662 661 663 662 662 661 663 662 662 661 661 662 662 662 662 663 663 663 662 663 663 664 663 663 664 664 649 649 648 650 649 649 649 650 649 650 649 649 650 650 651 651 652 653 654 654 654 656 656 657 657 657 659 659 660 660 660 662 662 662 663 664 664 665 665 666 667 667 668 668 668 670 670 670 671 613 614 615 615 615 615 617 617 617 618 618 618 620 620 620 620 621
663 663 663 663 663 663 664 662 664 662 663 662 663 662 663 663 663 664 664 664 663 665 664 665 664 665 665 665 650 650 649 651 650 649 650 650 650 650 650 649 651 651 651 652 653 654 654 655 655 656 657 657 658 658 659 660 660 661 662 662 663 663 663 665 665 665 666 666 667 668 668 669 669 670 671 671 671 671 615 615 615 616 616 617 618 618 618 619 620 620 620 621 621 621
664 663 664 665 664 665 664 664 664 665 664 663 664 663 664 663 664 664 665 664 665 665 665 665 665 665 666 665 651 650 651 651 651 651 651 651 650 651 650 650 651 652 652 653 654 654 655 655 656 657 657 658 658 660 660 660 661 661 663 663 663 664 664 665 666 666 666 668 668 668 669 669 670 671 671 671 672 673 615 616 616 616 618 618 618 619 619 620 620 621 621 621 622 623
665 665 665 666 665 665 665 665 665 666 664 665 665 665 664 664 664 665 665 665 666 666 666 666 666 666 666 666 666 651 652 652 651 652 651 652 652 652 651 651 652 652 653 653 655 655 655 656 657 658 658 658 659 660 661 661 661 662 663 663 664 664 666 666 666 667 667 668 669 669 669 670 671 671 672 672 672 674 616 616 617 617 618 619 619 619 619 621 621 621 622 622 623 623
666 666 665 667 666 666 666 667 666 666 665 665 666 666 665 666 666 666 666 666 666 667 667 667 666 668 667 668 667 652 653 652 652 652 652 652 653 652 652 653 652 653 653 654 655 656 656 656 658 658 659 659 659 661 661 662 662 663 664 664 664 665 666 667 667 667 668 669 669 670 670 671 672 672 672 673 674 674 617 617 617 618 619 619 619 620 621 621 622 622 622 623 624 624
667 667 666 668 667 667 666 668 666 667 667 666 667 666 666 666 667 667 667 666 667 667 668 667 667 668 668 668 668 652 654 653 653 653 653 653 653 653 652 654 653 654 654 655 656 656 657 657 658 659 659 660 660 661 662 662 663 664 664 665 665 665 667 667 667 668 669 669 670 670 670 672 672 672 673 673 674 675 617 617 618 619 619 620 620 620 622 622 622 622 623 624 624 624
784 668 667 668 668 668 667 669 668 668 667 667 667 668 666 667 667 668 667 667 667 668 668 668 668 669 668 669 668 669 654 654 654 654 654 655 654 653 653 654 654 654 655 656 656 657 657 658 659 659 660 660 662 662 662 663 663 664 665 665 666 666 667 668 668 668 670 670 670 671 671 672 673 673 673 675 675 675 618 618 619 620 620 620 620 622 622 622 623 623 624 624 625 625
784 785 668 669 669 669 668 669 669 668 668 668 668 668 667 668 668 669 668 669 668 669 669 669 669 670 669 669 669 669 655 654 655 654 655 655 655 654 654 655 654 655 655 657 657 657 658 658 660 660 660 661 662 663 663 663 664 665 665 666 666 667 668 668 669 669 670 671 671 671 673 673 673 674 674 675 676 676 618 618 620 620 620 621 621 622 623 623 623 623 625 625 625 626
785 785 786 786 669 670 668 670 669 669 668 670 669 669 668 668 669 669 669 669 670 669 670 669 670 670 671 670 670 671 655 655 655 655 655 656 655 655 656 655 655 655 656 657 658 658 658 660 660 661 661 661 663 663 663 664 664 666 666 666 667 668 668 669 669 669 671 671 671 672 673 673 674 674 674 676 676 676 619 619 620 621 621 621 623 623 623 623 624 625 625 626 626 626
786 786 787 786 787 670 671 670 671 671 670 671 670 670 669 669 669 670 669 670 670 671 670 670 670 671 671 671 670 672 656 655 656 655 656 656 656 655 657 656 655 656 656 658 658 658 659 660 661 661 661 662 663 664 664 664 666 666 666 667 667 669 669 669 670 671 671 672 672 672 674 674 674 675 675 676 677 677 677 621 621 621 621 622 623 623 624 624 624 625 626 626 626 627
787 787 788 788 787 787 788 671 672 671 671 671 672 670 671 669 670 670 670 670 671 671 671 670 671 671 672 671 671 672 672 657 657 656 657 657 656 657 657 657 656 656 657 658 659 659 659 661 661 662 662 662 664 664 665 665 666 667 667 667 668 669 669 670 670 671 672 672 672 673 674 674 675 675 676 677 677 677 678 621 621 622 622 622 624 624 624 624 626 626 626 627 627 628
789 787 789 788 788 788 788 789 672 672 671 672 672 671 671 670 670 671 670 671 671 672 671 672 671 672 672 672 672 673 672 658 657 657 658 657 657 657 658 657 657 657 657 659 659 660 660 661 662 662 663 663 664 665 665 665 667 667 668 668 668 670 670 670 671 672 672 673 673 673 675 675 675 676 677 677 678 678 678 622 622 622 622 624 624 624 625 625 626 626 627 627 627 629
789 788 790 789 790 788 789 789 789 788 673 672 673 671 672 672 672 672 671 672 672 672 672 672 673 672 673 672 673 673 673 658 658 658 658 658 657 658 658 658 657 657 659 659 660 660 660 662 662 663 663 664 665 665 666 666 667 668 668 668 670 670 670 671 671 672 673 673 674 675 675 675 676 676 677 678 678 678 680 622 622 623 623 624 624 625 625 625 627 627 627 627 629 629
790 789 790 790 790 789 789 790 789 789 789 673 674 673 673 673 673 672 672 672 673 673 673 673 673 673 673 673 673 674 673 659 658 659 659 658 658 658 659 658 659 658 659 660 660 661 661 662 663 663 664 665 665 666 666 666 668 668 669 669 670 671 671 671 672 673 673 674 674 675 676 676 676 677 678 678 679 679 680 622 623 623 623 625 625 625 626 627 627 627 628 628 629 629
791 790 791 790 791 790 791 790 791 790 790 791 790 674 673 674 673 673 673 673 673 674 673 674 674 674 674 673 674 674 674 674 659 659 660 659 658 659 659 659 659 658 660 660 661 661 662 663 663 664 664 665 666 666 667 667 668 669 669 669 671 671 671 672 672 673 674 674 674 676 676 676 677 677 678 679 679 679 681 623 623 624 624 625 625 626 626 627 628 628 628 628 630 630
791 791 791 791 791 791 791 791 792 790 791 791 791 790 674 674 675 673 674 673 674 674 674 674 675 675 674 674 674 675 674 675 659 661 660 659 660 659 660 659 660 659 660 661 661 662 662 663 664 664 665 666 666 667 667 667 669 669 669 670 671 672 672 672 673 674 674 675 675 676 677 677 677 678 679 679 679 680 681 623 624 624 624 626 626 626 626 628 628 628 629 629 630 630
792 791 793 791 792 791 792 792 792 791 791 792 791 791 791 791 675 674 674 674 675 675 674 675 675 676 675 674 675 675 676 675 660 661 661 660 660 660 660 660 660 659 661 661 662 662 662 664 664 665 665 666 667 667 668 668 669 670 670 670 672 672 672 673 674 674 675 675 675 677 677 677 678 679 679 680 680 680 682 624 624 624 626 626 626 627 627 628 628 629 629 630 631 631
792 792 793 792 792 792 794 792 793 792 792 792 793 791 792 791 792 674 675 674 676 675 675 675 676 676 675 675 675 676 676 676 660 662 661 660 661 660 661 661 661 660 661 662 662 663 663 664 665 665 665 667 667 668 668 669 670 670 670 671 672 672 673 673 675 675 675 676 676 677 677 678 678 679 680 680 680 681 682 624 625 625 626 626 627 627 627 629 629 629 629 631 631 631
793 792 794 793 793 793 794 793 793 793 792 793 793 792 792 792 792 792 675 675 676 676 675 676 676 677 676 675 676 676 677 676 676 662 662 661 661 661 661 662 661 660 662 662 663 663 663 665 665 666 666 667 668 668 668 670 670 671 671 671 673 673 673 674 675 675 676 676 676 678 678 678 679 680 680 681 681 681 682 625 625 625 627 627 627 627 628 629 629 630 630 631 631 632
793 793 794 794 794 793 795 794 794 794 794 793 794 792 793 793 793 792 792 791 677 676 676 676 677 677 676 677 676 677 677 677 676 663 662 661 662 661 662 662 661 661 662 663 663 663 664 665 666 666 666 668 668 669 669 670 671 671 671 672 673 673 674 674 675 676 676 676 677 678 678 679 679 680 681 681 681 682 683 625 625 626 627 627 628 628 628 629 630 630 630 632 632 632
979 977 795 794 794 795 795 796 794 795 794 795 794 794 793 794 793 793 792 792 793 677 677 677 677 677 677 677 677 677 678 677 677 663 662 662 662 662 662 663 662 661 663 663 664 664 664 666 666 666 667 668 669 669 669 671 671 671 672 672 673 674 674 674 676 676 676 677 677 678 679 679 679 681 681 681 682 682 683 626 626 626 627 628 628 628 629 630 630 630 631 632 632 633
979 978 979 980 980 795 796 796 795 795 795 795 795 794 794 794 794 793 794 792 794 793 794 677 677 678 677 678 677 678 678 678 677 663 663 662 663 662 663 663 662 662 663 664 664 664 665 666 667 667 667 669 669 669 670 671 671 672 672 673 674 674 675 675 676 677 677 677 678 679 679 680 680 681 681 682 682 682 684 626 626 627 628 628 628 629 629 630 631 631 631 632 633 633
980 978 980 980 980 980 980 981 796 796 795 797 795 796 794 795 795 794 794 793 794 794 794 793 678 678 678 678 678 678 679 678 677 679 663 663 663 663 663 663 663 662 664 664 664 665 665 667 667 667 668 669 669 670 670 671 672 672 673 673 674 675 675 675 677 677 677 678 678 679 680 680 680 682 682 682 682 683 684 626 627 627 628 629 629 629 629 631 631 631 631 633 633 633
980 980 980 981 980 981 981 981 981 980 796 797 796 796 796 795 796 794 795 793 795 794 794 794 794 679 678 679 678 679 679 678 678 679 664 663 664 663 663 664 663 663 664 664 665 665 666 667 667 668 668 669 670 670 671 671 672 673 673 673 675 675 675 676 676 677 678 678 678 680 680 680 681 681 682 683 683 683 684 627 627 627 628 629 629 629 630 631 631 632 632 632 633 634
981 980 981 981 981 981 981 982 981 981 980 982 796 797 796 796 796 795 795 793 795 794 795 794 795 795 679 679 679 679 679 679 678 680 664 664 664 663 664 664 664 663 664 665 665 666 666 667 668 668 669 670 670 671 671 671 673 673 673 674 675 675 676 676 676 678 678 678 679 680 680 681 681 681 683 683 683 684 685 627 627 628 628 629 630 630 630 631 632 632 632 633 634 634
981 982 982 982 981 982 981 982 981 982 980 982 982 981 796 796 796 796 795 795 795 795 795 795 795 796 795 796 679 679 680 679 679 680 665 665 664 664 664 665 664 663 665 665 666 666 666 668 668 669 669 670 671 671 671 672 673 673 674 674 675 676 676 676 677 678 678 679 679 680 681 681 681 682 683 683 684 684 685 628 628 628 628 630 630 630 631 632 632 632 633 633 634 634
982 982 983 982 982 982 982 982 982 982 981 982 982 981 981 979 797 796 796 795 796 795 796 795 796 796 796 796 795 680 680 680 679 681 665 665 665 664 665 665 664 664 665 666 666 666 667 668 669 669 669 671 671 671 672 672 673 674 674 675 676 676 677 677 677 679 679 679 680 681 681 681 682 682 683 684 684 684 686 628 628 628 629 630 630 631 631 631 632 633 633 633 635 635
982 983 983 983 982 983 982 983 982 983 981 983 982 982 981 981 981 981 796 796 796 796 796 796 796 796 796 796 796 796 681 680 680 680 680 666 665 665 665 665 665 664 665 666 666 667 667 669 669 669 670 670 671 672 672 672 674 674 675 675 675 677 677 677 678 679 679 680 680 680 682 682 682 682 684 684 684 685 685 628 629 629 629 630 631 631 631 632 633 633 633 634 634 635
983 983 984 984 983 983 983 983 983 983 983 983 983 983 982 981 982 981 981 796 798 796 797 796 796 797 796 797 796 797 797 680 680 680 681 666 666 665 665 666 665 665 665 666 667 667 668 669 669 670 670 670 672 672 672 673 674 675 675 675 676 677 677 678 678 679 680 680 680 681 682 682 682 683 684 684 685 685 685 629 629 629 629 630 631 631 632 632 633 633 634 634 634 635
983 983 984 985 983 984 983 985 983 984 983 984 983 984 982 982 982 982 982 981 982 796 797 796 796 797 797 797 797 797 797 797 796 681 681 667 666 665 666 666 666 665 665 667 667 668 668 669 670 670 670 671 672 672 673 673 675 675 675 676 676 677 678 678 678 680 680 680 681 681 682 683 683 683 683 685 685 685 686 629 629 630 630 630 631 632 632 632 632 634 634 634 635 635
983 983 984 985 984 984 984 985 984 984 984 984 984 984 983 982 983 982 982 981 982 981 797 797 796 798 797 798 797 797 798 797 797 797 682 666 666 666 666 667 666 665 666 667 667 668 668 670 670 670 671 671 672 673 673 674 674 675 676 676 676 678 678 678 679 679 680 681 681 681 683 683 683 683 684 685 685 686 686 629 630 630 630 630 632 632 632 633 633 634 634 635 635 635
985 983 984 985 985 984 984 985 984 984 984 984 984 984 983 982 984 982 983 981 982 981 982 981 797 798 797 798 797 797 798 798 797 797 798 681 667 666 666 667 666 666 666 667 668 668 669 669 670 671 671 671 673 673 674 674 674 676 676 676 677 678 678 679 679 679 681 681 681 682 683 683 683 684 684 685 686 686 686 629 630 630 630 631 631 632 633 633 633 633 635 635 635 635
985 984 984 986 985 985 984 986 985 985 984 985 984 985 984 983 984 983 983 983 982 983 982 981 981 798 798 798 798 797 799 798 797 798 798 798 667 666 666 667 667 666 666 668 668 669 669 669 671 671 671 672 673 674 674 674 675 676 676 677 677 677 679 679 679 680 681 681 682 682 682 684 684 684 684 686 686 686 687 629 630 630 631 631 631 633 633 633 633 634 635 635 635 636
986 985 985 986 986 986 985 986 986 985 985 985 985 985 985 983 985 984 984 983 982 983 982 982 981 983 798 799 798 797 799 798 798 798 799 798 783 783 666 668 667 666 667 668 669 669 669 670 671 671 672 672 672 674 674 675 675 676 677 677 677 678 679 679 680 680 681 682 682 682 683 684 684 684 685 685 686 687 687 629 630 631 631 631 632 632 633 633 634 634 634 636 636 636
986 985 985 985 986 987 985 987 986 986 985 986 986 985 985 983 985 984 984 983 983 983 983 982 982 983 982 983 798 798 799 799 798 798 798 798 784 783 782 668 667 667 667 667 669 669 670 670 671 672 672 672 673 674 675 675 675 677 677 677 678 678 679 680 680 680 681 682 682 682 683 684 684 685 685 685 687 687 687 630 630 631 631 632 632 632 633 634 634 634 635 636 636 636
986 986 985 986 986 986 985 986 986 987 985 985 986 985 985 985 985 985 984 984 983 984 982 982 982 982 983 983 983 798 800 799 798 799 798 799 784 783 783 784 668 667 667 668 669 670 670 670 672 672 672 673 673 674 675 675 676 676 677 678 678 678 680 680 680 681 681 682 682 683 683 683 685 685 685 686 686 687 688 630 630 630 632 632 632 632 633 634 634 635 635 635 636 637
987 986 987 986 987 986 987 986 987 986 986 985 987 985 986 985 985 985 985 984 984 984 983 983 982 983 983 983 983 982 800 799 799 799 799 799 799 784 783 784 784 667 668 668 669 670 670 671 671 672 673 673 673 675 675 675 676 676 677 678 678 679 679 680 680 681 681 682 683 683 683 684 685 685 686 686 686 688 688 630 630 631 632 632 633 633 633 634 635 635 635 635 636 637
987 986 987 986 987 987 987 986 987 987 986 986 987 985 986 985 985 985 986 984 985 984 984 983 983 983 983 983 983 983 983 800 799 799 799 799 800 784 783 784 784 784 668 668 670 670 670 671 671 673 673 673 674 674 675 676 676 676 678 678 678 679 679 680 681 681 681 682 683 683 684 684 684 686 686 686 686 687 688 630 631 631 631 632 633 633 633 634 635 635 635 636 636 636
987 987 987 987 987 987 987 986 987 987 987 986 986 987 986 986 985 986 986 985 985 984 984 983 983 983 984 983 984 983 983 984 799 800 799 800 800 784 784 784 784 784 784 669 669 670 671 671 672 673 673 674 674 674 676 676 676 677 677 678 679 679 679 681 681 681 682 682 683 684 684 684 685 686 686 686 687 687 688 631 631 631 631 633 633 633 634 634 634 635 636 636 636 636
988 987 988 987 988 987 988 987 988 987 988 986 987 987 987 986 987 986 986 985 984 984 984 984 983 984 984 983 984 983 983 984 984 800 799 799 800 785 784 784 785 784 785 785 669 671 671 671 672 672 674 674 674 675 676 676 677 677 677 679 679 679 680 680 681 682 682 682 683 684 684 685 685 685 686 687 687 687 688 631 631 631 632 632 633 634 634 634 634 636 636 636 636 637
988 987 988 987 988 987 988 987 988 987 988 986 987 987 987 986 987 986 987 985 985 985 985 985 983 984 984 984 984 984 983 984 984 983 800 799 799 785 784 784 784 784 785 785 786 671 671 672 672 672 674 674 675 675 675 677 677 677 678 679 679 680 680 680 682 682 682 683 683 684 684 685 685 685 687 687 687 688 688 631 631 632 632 632 633 634 634 634 635 635 636 636 637 637
