testData/tiles/oneDegreeCosts/grid26.0-35.0-27.0-36.0.asc
ncols   200
nrows   200
xllcorner   26.0
yllcorner   35.0
cellsize   0.005
NODATA_value   -9999.0
[rows 0 to 41 of 200, columns 0 to 93 of 200]
812 812 813 813 560 561 562 562 562 563 563 564 564 564 566 566 567 567 568 506 506 506 506 507 507 560 561 561 563 563 563 564 564 565 565 566 566 566 567 567 568 568 568 569 569 570 570 571 571 571 572 571 572 572 572 573 573 574 574 575 575 575 576 576 577 576 576 577 577 578 578 578 579 579 579 579 580 581 581 668 669 670 670 675 685 693 701 707 714 721 725 732 737 741
811 812 813 813 560 560 561 561 561 563 563 564 564 564 565 565 566 566 567 506 506 506 506 507 507 560 561 561 562 562 563 563 563 564 564 565 565 565 566 566 567 567 567 568 568 569 569 570 570 570 571 571 572 572 572 573 573 574 574 575 574 574 575 575 576 576 576 577 577 578 577 578 578 578 579 579 580 581 581 668 668 670 671 674 683 691 700 707 714 796 801 807 811 817
811 812 812 558 559 560 561 561 561 562 562 563 563 563 565 565 566 566 506 506 506 506 506 506 506 559 560 560 562 562 563 563 563 564 564 565 565 565 566 566 567 567 568 568 568 569 569 570 570 570 571 570 571 571 572 572 572 573 573 574 574 574 575 575 576 575 575 576 576 577 577 578 578 578 578 578 580 581 581 668 669 670 670 673 682 767 775 781 789 795 800 806 810 816
810 812 558 558 559 559 560 560 560 562 562 563 563 564 564 564 565 506 506 506 506 506 506 506 506 507 560 560 561 561 562 562 562 563 563 564 564 564 565 565 566 566 567 567 567 568 568 569 569 569 570 570 571 571 572 572 572 573 573 574 573 573 574 574 575 575 576 576 576 577 576 577 577 577 578 578 580 581 581 668 668 670 747 749 756 765 774 781 788 794 799 805 810 816
810 557 557 557 558 559 560 560 560 561 561 562 562 563 564 564 565 506 506 506 506 506 506 506 506 506 559 559 561 561 562 562 562 563 563 564 564 565 565 565 566 566 567 567 567 568 568 569 569 569 570 569 570 570 571 571 571 572 572 573 573 573 574 574 575 574 575 575 575 576 576 577 577 577 577 578 580 580 658 744 745 746 746 748 756 765 773 779 787 793 798 804 809 815
555 557 557 557 558 558 559 559 560 561 561 562 562 563 563 563 506 506 506 506 506 506 506 506 506 506 506 559 560 560 561 561 561 562 562 563 563 564 564 564 565 565 566 566 566 567 567 568 568 569 569 569 570 570 571 571 571 572 572 572 572 573 573 573 574 574 575 575 575 576 575 576 576 576 577 654 656 657 658 743 744 746 747 749 754 762 771 779 786 792 798 804 808 814
555 556 556 556 557 558 559 559 560 560 560 561 561 562 563 506 506 506 506 506 506 506 506 506 506 506 506 558 560 560 561 561 561 562 562 563 563 564 564 564 565 565 566 566 566 567 567 568 568 569 569 568 569 569 570 570 570 571 571 572 572 573 573 573 574 573 574 574 574 575 575 576 652 653 653 654 655 656 658 659 745 745 746 748 753 762 770 777 785 791 797 803 807 813
554 556 556 556 557 557 558 558 559 560 560 561 561 562 506 506 506 506 506 506 506 506 506 506 506 506 506 558 559 559 560 560 561 561 561 562 562 563 563 563 564 564 565 565 565 566 566 567 567 568 568 568 569 569 570 570 570 571 571 571 571 572 572 572 573 573 574 574 574 651 650 651 651 652 653 654 656 657 658 658 744 746 747 749 751 761 769 777 784 789 796 802 806 812
554 555 555 555 556 557 558 558 559 559 559 560 560 506 506 506 506 506 506 506 506 506 506 506 506 506 506 506 558 559 560 560 561 561 561 562 562 563 563 563 564 564 565 565 566 566 566 567 567 568 567 567 568 568 569 569 570 570 570 571 571 572 572 572 573 573 649 649 649 650 650 651 651 653 653 653 655 656 658 659 745 745 746 748 751 761 768 774 783 789 795 801 805 811
553 554 555 556 556 556 557 557 558 558 559 560 560 506 506 506 506 506 506 506 506 506 506 506 506 506 506 506 558 558 559 559 560 560 560 561 561 562 562 562 563 563 564 564 565 565 565 566 566 567 567 567 568 568 569 569 570 570 570 570 570 571 571 647 648 648 649 649 650 649 649 650 650 652 653 654 656 656 657 658 744 746 747 748 748 758 767 774 781 787 794 800 804 810
553 554 554 555 555 555 557 557 558 558 558 559 506 506 506 506 506 506 506 506 506 506 506 506 506 506 506 506 506 557 559 559 560 560 560 561 561 562 562 562 563 563 564 564 565 565 565 566 566 566 566 566 567 567 568 568 569 569 569 570 570 647 647 647 647 647 648 648 649 649 649 650 651 652 652 653 655 656 658 659 744 745 746 748 749 757 765 772 780 787 793 799 804 810
552 553 554 555 555 555 556 556 557 557 558 506 506 506 506 506 506 506 506 506 506 506 506 506 506 506 506 506 506 557 558 558 559 559 559 560 560 561 561 562 562 562 563 563 564 564 564 565 565 566 566 566 567 567 568 568 569 569 644 645 645 646 646 646 647 647 648 648 649 648 648 649 650 652 653 654 655 655 657 658 745 746 746 747 748 756 764 771 779 785 792 798 803 809
552 553 553 554 554 554 556 556 557 557 506 506 506 506 506 506 506 506 506 506 506 506 506 506 506 506 506 506 506 506 557 557 558 559 559 560 560 561 561 562 562 562 563 563 564 564 563 564 564 565 565 566 566 566 567 567 644 644 644 645 645 646 646 646 646 646 647 647 648 648 648 650 650 651 652 653 655 656 657 658 744 745 746 748 748 754 762 770 778 784 791 796 803 808
551 552 552 554 554 554 555 555 556 556 506 506 506 506 506 506 506 506 506 506 506 506 506 506 506 506 506 506 506 506 557 557 558 558 558 559 559 560 560 561 561 561 562 562 563 563 563 564 564 565 565 566 566 642 643 643 644 643 643 644 644 645 645 646 646 646 647 647 647 647 647 649 650 652 652 653 654 655 657 658 659 745 746 747 748 753 761 769 776 783 790 795 802 806
551 552 552 553 553 553 554 555 556 506 506 506 506 506 506 506 506 506 506 506 506 506 506 506 506 506 506 506 506 506 556 556 557 557 557 558 558 560 560 561 561 561 561 561 562 562 562 563 563 564 564 641 641 641 642 642 643 643 643 644 644 645 645 645 645 645 646 646 647 647 647 649 649 651 652 654 654 655 657 657 659 745 745 747 748 751 759 768 775 782 789 794 801 805
550 551 551 552 553 553 554 554 506 506 506 506 506 506 506 506 506 506 506 506 506 506 506 506 506 506 506 506 506 506 506 556 557 557 557 558 558 559 559 560 560 560 561 561 562 562 562 563 563 640 640 641 641 641 642 641 642 642 642 643 643 644 644 645 645 645 646 645 646 646 647 648 649 651 652 653 654 655 656 657 659 745 745 747 747 749 758 767 774 781 787 793 800 804
549 551 551 552 552 552 553 506 506 506 506 506 506 506 506 506 506 506 506 506 506 506 506 506 506 506 506 506 506 506 506 555 556 556 556 557 557 558 558 559 559 559 560 560 561 561 561 638 638 639 639 640 640 640 641 641 642 642 642 643 643 643 643 644 644 644 645 645 646 646 647 648 649 650 651 653 654 655 656 657 658 744 745 747 748 749 757 765 773 779 786 792 798 803
549 550 550 551 552 552 506 506 506 506 506 506 506 506 506 506 506 506 506 506 506 506 506 506 506 506 506 506 506 506 506 506 556 556 556 557 557 558 558 559 559 559 560 560 637 637 637 638 638 639 639 640 640 639 640 640 641 641 641 642 642 643 643 644 644 644 644 644 645 645 646 648 649 651 652 652 653 654 656 657 659 744 744 746 747 749 755 764 771 777 785 791 797 802
548 550 550 551 551 551 506 506 506 506 506 506 506 506 506 506 506 506 506 506 506 506 506 506 506 506 506 506 506 506 506 506 555 555 556 556 556 557 557 558 558 558 635 635 636 636 636 637 637 638 638 639 639 639 640 640 641 641 641 642 641 642 642 643 643 643 644 644 645 646 646 647 648 650 651 653 654 654 655 656 658 744 745 747 747 748 753 762 770 776 784 789 796 801
548 549 549 550 550 506 506 506 506 506 506 506 506 506 506 506 506 506 506 506 506 506 506 506 506 506 506 506 506 506 506 506 506 555 556 556 556 557 557 558 634 634 635 635 636 636 636 637 637 638 638 638 638 638 639 639 640 640 640 641 641 642 642 643 643 642 643 643 644 645 646 648 648 650 650 652 653 654 656 656 657 743 744 746 747 749 750 760 768 775 783 788 795 799
547 548 549 550 506 506 506 506 506 506 506 506 506 506 506 506 506 506 506 506 506 506 506 506 506 506 506 506 506 506 506 506 506 554 555 555 555 556 632 633 633 633 634 634 635 635 635 636 636 637 637 638 638 638 639 639 640 640 639 640 640 641 641 642 642 642 643 643 644 644 645 647 648 650 650 652 653 653 655 656 658 659 744 745 746 748 750 760 768 773 781 787 794 798
547 548 548 506 506 506 506 506 506 506 506 506 506 506 506 506 506 506 506 506 506 506 506 506 506 506 506 506 506 506 506 506 506 506 555 555 631 632 632 633 633 633 634 634 635 635 636 635 635 636 636 637 637 637 638 638 639 639 639 640 640 641 641 641 641 641 642 642 643 644 645 647 647 649 650 652 652 653 655 655 657 658 744 746 746 747 748 757 765 773 780 785 791 797
546 547 506 506 506 506 506 506 506 506 506 506 506 506 506 506 506 506 506 506 506 506 506 506 506 506 506 506 506 506 506 506 506 506 630 630 630 631 631 632 632 632 633 633 634 634 634 635 635 636 636 637 637 637 638 638 638 638 638 639 639 640 640 641 641 641 642 642 643 643 644 646 647 649 650 652 652 653 654 655 657 658 743 745 746 747 748 756 763 770 778 785 791 795
545 547 506 506 506 506 506 506 506 506 506 506 506 506 506 506 506 506 506 506 506 506 506 506 506 506 506 506 506 506 506 506 506 575 629 629 629 630 630 631 631 631 632 632 633 633 633 634 634 635 635 636 636 636 637 637 638 638 638 639 639 640 639 640 640 640 641 641 643 644 645 645 646 648 649 651 652 653 654 655 656 657 743 745 745 747 748 753 762 769 776 782 789 795
545 506 506 506 506 506 506 506 506 506 506 506 506 506 506 506 506 506 506 506 506 506 506 506 506 506 506 506 506 506 506 574 575 575 576 629 629 630 630 631 631 631 632 632 633 633 633 634 634 635 635 636 636 635 636 636 637 637 637 638 638 639 639 640 640 640 640 640 642 643 644 646 647 648 648 650 651 652 654 655 657 657 742 744 745 747 748 752 760 767 775 781 787 793
506 506 506 506 506 506 506 506 506 506 506 506 506 506 506 506 506 506 506 506 506 506 506 506 506 506 506 506 506 572 573 573 574 574 574 628 628 629 629 630 630 630 631 631 632 632 632 633 633 634 634 635 635 635 636 636 637 637 637 638 637 638 638 639 639 639 640 640 642 643 643 645 646 648 649 650 651 651 653 654 656 657 743 743 744 746 747 750 759 766 774 779 786 792
506 506 506 506 506 506 506 506 506 506 506 506 506 506 506 506 506 506 506 506 506 506 506 506 506 506 506 571 571 571 573 573 574 574 574 575 628 629 629 630 630 630 631 631 632 632 632 633 633 633 633 634 634 634 635 635 636 636 636 637 637 638 638 639 638 638 639 639 641 642 643 645 646 647 648 650 650 651 653 654 655 656 657 744 745 746 746 748 756 764 772 778 785 790
506 506 506 506 506 506 506 506 506 506 506 506 506 506 506 506 506 506 506 506 506 506 506 506 506 570 570 571 571 571 572 572 573 573 573 574 627 628 628 629 629 629 630 630 631 631 631 632 632 633 633 634 634 634 635 635 636 635 635 636 636 637 637 638 638 638 639 640 640 641 642 644 645 647 648 650 650 651 652 653 655 656 656 743 744 746 747 748 754 762 770 777 784 789
506 506 506 506 506 506 506 506 506 506 506 506 506 506 506 506 506 506 506 506 506 506 506 506 568 569 569 570 570 570 571 571 572 572 572 573 573 627 627 629 628 628 629 629 630 630 630 631 631 632 632 633 633 633 634 634 635 635 635 636 636 637 636 637 637 637 638 639 641 642 642 643 644 646 647 649 650 651 652 652 654 655 656 743 743 745 746 748 753 760 768 774 782 787
506 506 506 506 506 506 506 506 506 506 506 506 506 506 506 506 506 506 506 506 506 506 566 567 567 569 569 570 570 570 571 571 572 572 572 573 573 627 627 628 628 628 629 629 630 630 630 631 631 632 632 633 633 633 633 633 634 634 634 635 635 636 636 637 637 637 637 638 640 641 642 643 644 646 646 647 649 650 652 653 655 655 655 742 743 745 745 746 751 759 766 773 779 785
506 506 506 506 506 506 506 506 506 506 506 506 506 506 506 506 506 506 506 506 566 566 566 567 567 568 568 569 569 569 570 570 571 571 571 572 572 573 626 627 627 627 628 628 629 629 629 630 630 631 631 632 632 632 633 633 634 634 634 634 634 635 635 635 636 636 637 638 640 641 641 643 643 645 646 647 649 649 651 652 654 655 655 741 742 744 745 746 748 757 765 771 778 783
506 506 506 506 506 506 506 506 506 506 506 506 506 506 506 506 506 506 506 564 565 565 565 566 566 567 567 568 568 568 570 570 571 571 571 572 572 573 626 627 627 627 628 628 629 629 629 630 630 630 630 630 631 631 632 632 633 633 633 634 634 635 635 635 635 635 636 637 639 640 641 643 644 644 645 646 648 649 651 651 653 654 655 741 742 743 744 745 747 755 763 770 777 782
506 506 506 506 506 506 506 506 506 506 506 506 506 506 506 506 506 562 563 563 564 564 564 566 566 567 567 567 568 568 569 569 570 570 570 571 571 572 572 625 626 626 627 627 628 628 628 629 629 630 630 630 631 631 632 632 632 632 632 633 633 634 634 634 635 635 636 636 638 639 640 642 643 645 645 645 647 648 650 651 653 654 654 656 741 743 744 744 746 753 761 768 775 781
506 506 506 506 506 506 506 506 506 506 506 506 506 506 506 506 561 561 563 563 564 564 564 565 565 566 566 566 567 567 568 568 569 569 569 570 570 571 571 624 625 625 626 626 627 627 627 628 628 629 629 629 630 630 631 631 632 632 632 633 633 633 633 633 634 634 635 636 638 639 640 641 642 644 645 645 647 648 649 650 651 653 654 656 741 742 743 744 746 750 759 766 773 780
506 506 506 506 506 506 506 506 506 506 506 506 506 506 560 560 561 561 562 562 563 563 563 564 564 565 565 566 567 567 568 568 569 569 569 570 570 571 571 571 625 625 626 626 627 627 627 628 628 629 629 629 629 629 630 630 631 631 631 632 632 633 633 633 634 633 634 635 636 638 639 641 642 643 644 645 646 647 649 650 650 652 653 655 741 743 743 743 745 749 757 764 770 777
506 506 506 506 506 506 506 506 506 506 506 506 506 559 559 559 560 560 561 561 562 563 563 564 564 565 565 565 566 566 567 567 568 568 568 569 569 570 570 570 624 624 625 625 625 626 626 627 627 628 628 628 629 629 630 630 630 631 630 631 631 632 632 632 633 633 634 635 635 637 638 640 641 643 644 645 646 646 648 649 650 652 652 654 740 742 743 743 744 746 755 762 768 775
506 506 506 506 506 506 506 506 506 506 506 557 557 558 558 558 559 560 561 561 562 562 562 563 563 564 564 564 565 565 566 566 566 567 567 569 569 570 570 570 571 624 625 625 624 625 625 626 626 627 627 627 628 628 629 629 629 630 630 631 631 632 631 631 632 632 634 634 635 637 638 639 640 642 643 644 646 646 647 648 649 651 652 654 739 740 742 743 744 744 752 760 767 774
506 506 506 506 506 506 506 506 506 506 555 556 556 558 558 558 559 559 560 560 560 561 561 562 562 564 564 564 565 565 566 566 566 567 567 568 568 569 569 569 570 623 624 624 624 625 625 626 626 627 627 627 628 628 628 628 628 629 629 630 630 631 631 631 632 632 633 633 634 636 637 639 640 641 642 643 645 646 647 648 648 650 651 653 654 740 741 742 743 744 751 757 764 772
506 506 506 506 506 506 506 506 553 554 555 556 556 557 557 557 558 558 559 559 560 561 561 562 562 563 563 563 564 564 565 565 565 566 566 567 567 568 568 568 569 569 623 623 623 624 624 625 625 625 626 626 627 627 628 628 628 629 629 629 629 629 630 630 631 631 633 633 634 635 636 638 639 640 642 643 644 645 646 647 648 650 650 652 653 739 741 742 742 743 747 756 762 769
506 506 506 506 506 506 506 553 553 554 554 555 555 556 556 556 558 558 559 559 559 560 560 561 561 562 562 562 563 563 564 564 565 566 566 567 567 567 568 568 569 569 623 623 623 624 624 624 624 624 625 625 626 626 627 627 627 628 628 629 629 629 630 629 630 630 632 632 633 635 636 638 638 639 641 642 644 645 644 646 647 649 650 652 652 738 740 741 743 742 745 753 760 768
506 506 506 506 506 551 552 552 552 553 553 554 554 555 556 556 557 557 558 558 558 559 559 560 560 561 562 562 563 563 564 564 564 565 565 566 566 566 567 567 568 568 569 622 622 623 623 624 624 624 625 625 626 626 626 626 626 627 627 628 628 628 629 629 630 630 630 631 632 634 635 637 638 639 640 641 643 644 644 646 647 648 649 651 652 738 739 740 741 742 743 751 758 766
506 506 506 506 550 550 551 551 551 552 553 554 554 554 555 555 556 556 557 557 558 559 559 560 560 560 561 561 562 562 563 563 563 564 564 565 565 565 566 566 567 567 567 621 621 622 622 623 623 623 624 624 625 625 625 626 626 627 627 627 627 627 628 628 629 629 630 631 632 633 634 636 637 638 640 641 642 643 643 645 646 648 648 649 651 737 739 740 740 741 742 749 756 763
