testData/tiles/oneDegreeCosts/grid40.0-40.0-41.0-41.0.asc
ncols   200
nrows   200
xllcorner   40.0
yllcorner   40.0
cellsize   0.005
NODATA_value   -9999.0
[rows 0 to 40 of 200, columns 94 to 187 of 200]
716 714 712 711 709 707 706 704 702 700 698 698 695 693 692 690 687 686 685 683 680 678 677 675 672 671 669 666 665 664 662 659 657 655 652 650 649 646 644 642 640 638 636 633 632 630 458 456 455 454 452 451 450 448 447 445 444 442 440 439 437 435 434 432 430 428 426 423 421 420 420 420 420 420 420 420 420 420 420 419 419 419 419 419 419 419 419 419 419 419 419 419 419 419
717 714 712 710 710 708 705 704 703 701 698 697 695 694 692 690 688 686 685 682 681 679 678 675 673 671 669 667 665 664 661 659 657 655 653 651 648 647 645 643 640 638 636 633 632 629 457 456 455 453 452 450 449 448 446 445 443 441 440 438 436 435 433 431 429 427 425 423 420 420 420 420 420 420 420 420 420 420 400 419 419 419 419 419 419 419 419 419 419 419 419 419 419 419
716 715 713 711 709 708 706 704 703 700 699 698 696 693 691 690 689 687 684 683 681 678 677 675 673 671 670 668 666 663 662 660 657 656 654 651 648 647 645 642 640 639 636 633 632 629 457 455 454 453 451 450 448 447 445 444 442 441 439 437 436 434 432 430 428 426 424 422 420 420 420 420 420 420 420 420 420 420 400 400 419 419 419 419 419 419 419 419 419 419 419 419 419 419
716 715 713 711 710 708 706 705 703 701 699 697 696 694 692 691 688 686 684 684 681 679 677 676 673 671 670 668 665 663 662 659 657 655 654 651 649 648 645 643 640 638 636 634 631 629 457 455 453 452 451 449 448 446 445 443 442 440 438 437 435 433 431 429 427 425 423 421 420 420 420 420 420 420 420 420 420 420 400 400 400 419 419 419 419 419 419 419 419 419 419 419 419 419
717 715 713 711 710 709 706 704 703 702 700 697 696 694 693 690 689 687 685 683 681 679 677 676 674 672 670 668 666 664 662 660 658 656 654 651 649 646 645 643 640 639 636 633 631 630 626 455 454 451 450 449 447 446 444 443 441 439 438 436 434 432 430 428 426 424 422 420 420 420 420 420 420 420 420 420 420 400 400 400 400 400 419 419 419 419 419 419 419 419 419 419 419 419
716 715 714 712 710 708 707 705 703 701 699 698 697 695 692 690 689 688 685 683 682 680 677 676 674 672 669 668 666 663 662 660 658 655 654 652 649 647 646 642 640 639 636 634 631 629 627 456 453 452 450 448 447 445 444 442 440 439 437 435 433 432 430 428 426 423 421 420 420 420 420 420 420 420 420 420 420 400 400 400 400 400 419 419 419 419 419 419 419 419 419 419 419 419
717 715 714 712 710 709 707 705 703 702 700 698 695 695 693 691 690 687 685 683 682 680 678 676 675 672 670 669 666 664 662 661 658 656 655 652 649 647 645 643 641 639 636 634 632 630 627 456 454 452 450 448 447 444 443 441 440 438 436 434 433 431 429 427 425 422 420 420 420 420 420 420 420 420 420 420 400 400 400 400 400 400 400 419 419 419 419 419 419 419 419 419 419 419
717 715 714 712 710 709 707 705 703 702 701 698 696 695 693 690 689 688 686 684 682 680 678 675 674 672 670 668 666 664 662 660 658 656 653 652 650 647 646 643 641 638 637 635 631 629 628 455 454 453 450 449 446 445 443 441 439 437 436 434 432 430 428 426 424 421 420 420 420 420 420 420 420 420 420 420 400 400 400 400 400 400 400 400 419 419 419 419 419 419 419 419 419 419
717 715 715 713 711 708 707 706 704 702 700 698 697 696 693 691 689 688 685 683 682 681 678 676 675 673 670 668 667 665 662 661 659 656 654 653 650 647 645 644 641 639 637 634 632 629 627 456 454 452 451 449 447 445 443 441 439 437 435 433 431 429 427 425 423 420 420 420 420 420 420 420 420 420 420 420 400 400 400 400 400 400 400 400 400 419 419 419 419 419 419 419 419 419
718 716 714 712 711 709 708 706 703 702 701 699 697 694 693 692 690 688 686 684 682 680 678 676 674 672 670 668 667 664 662 660 658 656 654 652 650 648 646 643 641 639 636 634 632 629 628 626 454 452 451 448 447 445 443 441 439 437 435 432 430 428 426 424 422 420 420 420 420 420 420 420 420 420 420 400 400 400 400 400 400 400 400 400 400 419 419 419 419 419 419 419 419 419
718 716 714 713 711 709 707 706 704 702 701 699 697 695 694 691 689 687 687 685 682 681 679 677 674 673 671 668 667 665 663 660 659 657 654 651 650 648 645 644 642 638 636 635 632 629 628 626 454 453 450 449 447 445 443 441 439 437 434 432 430 427 425 423 421 420 420 420 420 420 420 420 420 420 420 400 400 400 400 400 400 400 400 400 400 400 419 419 419 419 419 419 419 419
718 716 714 713 712 709 707 706 705 702 700 699 697 695 694 692 690 688 686 684 682 680 678 676 674 673 670 668 666 665 662 660 659 656 654 652 651 648 645 643 641 639 637 634 632 630 627 626 455 452 451 449 447 445 443 441 439 436 434 433 430 428 425 422 420 420 420 420 420 420 420 420 420 420 400 400 400 400 400 400 400 400 400 400 400 400 400 419 419 419 419 419 419 419
719 717 715 712 711 710 708 706 704 702 701 700 697 695 693 692 690 688 687 685 683 680 679 677 675 672 671 669 667 665 663 661 658 657 655 652 650 648 646 643 642 639 636 634 632 629 628 626 454 452 451 448 447 445 443 441 439 436 435 432 430 428 424 422 420 420 420 420 420 420 420 420 420 420 400 400 400 400 400 400 400 400 400 400 400 400 400 400 419 419 419 419 419 419
718 716 715 713 712 710 707 706 705 703 701 698 697 696 694 692 690 688 686 684 682 680 679 676 675 673 672 669 666 664 663 660 658 657 654 652 650 649 645 643 642 639 636 634 632 629 628 626 454 453 450 449 447 445 443 441 438 437 434 432 430 427 424 422 421 421 420 420 420 420 420 420 420 400 400 400 400 400 400 400 400 400 400 400 400 400 400 400 400 419 419 419 419 419
718 717 715 713 711 710 708 706 705 703 701 699 698 696 693 691 691 689 686 685 683 681 678 677 675 673 671 669 667 665 663 661 659 656 655 652 650 648 646 644 640 639 637 634 632 630 627 626 625 452 451 449 446 445 443 440 439 437 434 432 429 427 424 422 422 421 421 421 420 420 420 420 420 400 400 400 400 400 400 400 400 400 400 400 400 400 400 400 400 419 419 419 419 419
718 717 715 713 711 710 709 706 704 703 701 699 698 696 694 692 690 688 686 684 683 680 679 678 676 673 671 670 667 664 663 661 658 656 655 652 650 647 646 643 641 640 636 634 632 629 628 626 624 452 451 448 447 445 442 441 439 436 434 431 429 427 423 423 423 422 422 421 421 420 420 420 420 400 400 400 400 400 400 400 400 400 400 400 400 400 400 400 400 400 419 419 419 419
718 716 715 714 712 709 708 706 705 704 701 699 697 696 694 692 691 689 687 684 683 681 679 676 675 673 671 669 667 665 663 661 659 657 654 652 650 648 646 643 641 638 637 634 631 630 628 626 624 453 450 449 447 444 443 441 438 436 433 431 429 426 424 424 423 423 422 422 422 421 421 420 400 400 400 400 400 400 400 400 400 400 400 400 400 400 400 400 400 400 400 419 419 419
719 717 715 713 711 710 709 707 704 702 701 700 698 696 694 692 690 688 686 684 683 682 679 677 676 674 671 669 667 664 662 661 659 656 654 653 650 647 646 644 641 638 637 634 631 630 628 626 625 452 450 449 446 445 443 440 438 436 433 431 428 426 425 424 424 423 423 423 422 422 421 421 400 400 400 400 400 400 400 400 400 400 400 400 400 400 400 400 400 400 400 400 419 419
719 716 715 714 712 710 708 707 705 703 702 699 697 695 695 693 690 689 687 685 682 681 679 677 675 673 671 669 667 665 663 661 659 656 654 652 650 648 645 643 641 639 636 634 632 629 628 626 624 452 451 448 446 445 442 440 438 435 433 430 428 426 425 425 425 424 424 423 423 423 422 400 400 400 400 400 400 400 400 400 400 400 400 400 400 400 400 400 400 400 400 400 400 419
719 717 715 714 713 710 708 707 705 702 701 700 698 696 694 692 690 688 686 684 683 682 679 677 675 674 671 668 667 665 662 660 659 657 654 652 650 647 645 644 640 638 636 634 631 630 628 626 624 453 450 448 447 444 442 440 437 435 432 430 428 426 426 426 425 425 424 424 424 423 423 400 400 400 400 400 400 400 400 400 400 400 400 400 400 400 400 400 400 400 400 400 400 400
719 718 715 713 712 710 708 708 705 703 701 700 697 696 694 693 691 688 687 685 683 680 679 677 675 673 671 669 667 665 663 661 658 656 654 652 650 648 645 642 641 638 635 634 631 630 627 626 624 622 450 449 446 444 442 439 438 435 432 430 427 427 427 426 426 425 425 425 424 424 400 400 400 400 400 400 400 400 400 400 400 400 400 400 400 400 400 400 400 400 400 400 400 400
718 717 715 714 713 710 708 706 705 704 701 699 698 696 694 692 690 688 686 685 683 681 680 677 675 673 671 668 666 665 663 660 658 657 654 651 650 648 645 642 641 638 635 633 631 629 628 626 624 622 451 448 446 443 441 440 437 435 432 429 428 428 427 427 426 426 426 425 425 424 400 400 400 400 400 400 400 400 400 400 400 400 400 400 400 400 400 400 400 400 400 400 400 400
718 718 716 713 711 710 709 707 705 703 701 699 698 696 694 692 691 688 686 685 683 681 678 677 675 673 671 669 667 664 663 661 658 656 654 652 650 647 645 643 641 638 636 632 631 630 627 626 624 621 450 448 445 443 442 439 437 435 431 429 429 428 428 427 427 427 426 426 425 425 400 400 400 400 400 400 400 400 400 400 400 400 400 400 400 400 400 400 400 400 400 400 400 400
719 716 715 714 712 711 708 706 704 704 702 699 698 696 694 692 690 688 686 685 683 681 679 678 675 672 670 669 666 664 663 661 658 656 654 651 649 648 645 642 640 639 635 633 631 629 627 626 623 622 450 447 445 444 441 439 437 434 431 430 429 429 428 428 428 427 427 427 426 400 400 400 400 400 400 400 400 400 400 400 400 400 400 400 400 400 400 400 400 400 400 400 400 400
719 717 716 714 711 710 709 707 705 703 701 699 698 697 694 692 690 689 686 684 683 681 678 676 675 673 670 669 667 665 662 660 658 656 654 652 649 646 645 643 640 638 635 633 631 629 628 625 623 622 449 447 446 443 441 439 436 434 431 430 430 429 429 429 428 428 428 427 427 400 400 400 400 400 400 400 400 400 400 400 400 400 400 400 400 400 400 400 400 400 400 400 400 400
719 717 715 714 712 710 709 706 705 703 702 700 697 695 694 692 689 688 686 685 683 681 679 676 675 672 670 668 667 664 662 661 658 655 653 652 649 646 645 642 640 637 636 632 631 629 627 625 624 621 449 448 445 443 441 438 436 434 431 431 430 430 430 429 429 429 428 428 400 400 400 400 400 400 400 400 400 400 400 400 400 400 400 400 400 400 400 400 400 400 400 400 400 400
719 717 715 713 712 710 708 707 705 703 700 699 698 696 694 692 690 688 687 684 682 681 679 676 674 673 671 668 667 664 662 659 658 656 653 651 649 647 644 642 640 636 635 633 630 629 627 626 623 621 619 447 445 443 440 438 435 432 432 431 431 431 430 430 430 429 429 428 400 400 400 400 400 400 400 400 400 400 400 400 400 400 400 400 400 400 400 400 400 400 400 400 400 400
718 717 715 713 712 710 708 706 705 703 701 700 697 695 693 692 690 687 686 684 682 679 678 676 674 672 670 668 666 664 662 660 658 655 653 651 648 646 644 643 639 637 634 632 630 629 626 625 623 620 619 447 444 442 440 437 435 433 432 432 432 431 431 431 430 430 429 400 400 400 400 400 400 400 400 400 400 400 400 400 400 400 400 400 400 400 400 400 400 400 400 400 400 400
718 717 715 713 712 710 708 706 705 703 700 698 698 696 694 692 690 688 686 684 682 680 679 676 674 672 671 668 665 664 662 659 657 656 653 650 649 647 643 641 640 637 634 632 631 628 627 625 622 621 619 446 444 442 439 437 435 433 433 433 432 432 431 431 431 430 430 400 400 400 400 400 400 400 400 400 400 400 400 400 400 400 400 400 400 400 400 400 400 400 400 400 400 400
718 717 716 713 711 710 708 707 704 703 701 699 698 695 693 691 690 687 685 684 682 680 677 676 674 672 670 668 666 664 662 659 657 655 653 650 648 646 644 641 639 636 634 631 630 628 627 624 622 621 618 446 444 441 439 437 434 434 434 433 433 432 432 432 431 431 400 400 400 400 400 400 400 400 400 400 400 400 400 400 400 400 400 400 400 400 400 400 400 400 400 400 400 400
718 716 715 713 712 710 708 706 704 703 701 699 697 696 694 691 690 688 686 684 682 680 678 677 674 672 670 668 665 663 662 660 657 654 653 650 648 646 644 640 638 637 633 632 630 628 626 624 622 620 618 445 443 441 438 436 435 434 434 434 433 433 433 432 432 432 400 400 400 400 400 400 400 400 400 400 400 400 400 400 400 400 400 400 400 400 400 400 400 400 400 400 400 400
718 717 715 713 711 709 708 707 704 702 701 699 697 695 693 691 689 688 685 683 682 680 677 675 674 672 669 668 666 664 660 659 657 655 652 650 648 645 643 641 638 636 633 632 629 628 626 623 622 620 617 445 443 440 438 436 435 435 435 434 434 434 433 433 432 400 400 400 400 400 400 400 400 400 400 400 400 400 400 400 400 400 400 400 400 400 400 400 400 400 400 400 400 400
719 716 714 714 712 710 707 706 704 702 701 698 697 695 694 692 689 688 686 684 681 680 678 676 674 671 669 667 665 663 661 660 656 654 652 650 647 645 643 640 638 635 633 631 630 628 625 624 622 619 617 615 442 440 438 436 436 436 435 435 434 434 434 433 433 400 400 400 400 400 400 400 400 400 400 400 400 400 400 400 400 400 400 400 400 400 400 400 400 400 400 400 400 400
718 717 715 712 711 709 707 706 705 702 700 699 697 694 693 691 689 687 685 683 681 680 677 675 673 672 669 667 665 663 660 658 657 654 651 650 647 644 642 640 638 634 633 631 629 627 625 623 621 619 616 614 442 439 437 437 436 436 436 435 435 435 434 434 400 400 400 400 400 400 400 400 400 400 400 400 400 400 400 400 400 400 400 400 400 400 400 400 400 400 400 400 400 400
718 716 714 713 711 710 707 705 704 702 700 697 697 695 693 692 689 687 686 684 681 679 678 675 672 671 669 667 664 663 660 658 656 654 651 649 647 644 642 640 637 635 633 631 629 627 625 623 621 618 616 614 441 439 438 437 437 437 436 436 436 435 435 435 400 400 400 400 400 400 400 400 400 400 400 400 400 400 400 400 400 400 400 400 400 400 400 400 400 400 400 400 400 400
718 716 715 713 710 709 707 706 704 702 700 698 697 695 692 690 689 687 684 683 681 679 677 675 673 671 669 666 664 663 660 658 655 654 651 648 647 645 641 639 637 634 632 631 628 626 625 623 620 618 616 613 441 439 438 438 438 437 437 437 436 436 435 400 400 400 400 400 400 400 400 400 400 400 400 400 400 400 400 400 400 400 400 400 400 400 400 400 400 400 400 400 400 400
718 715 714 713 711 709 707 705 703 702 700 697 695 695 693 691 689 687 685 683 681 678 676 675 673 670 668 667 665 661 660 658 655 653 651 649 645 644 642 638 637 634 632 630 628 627 624 622 620 617 615 613 440 439 439 438 438 438 437 437 437 436 436 400 400 400 400 400 400 400 400 400 400 400 400 400 400 400 400 400 400 400 400 400 400 400 400 400 400 400 400 400 400 400
718 716 714 713 710 708 706 706 704 701 700 698 696 695 692 690 688 687 684 682 681 679 677 674 673 670 668 666 664 662 659 657 655 653 650 648 646 643 641 638 636 633 632 630 628 626 624 622 619 617 615 612 440 440 439 439 439 438 438 438 437 437 400 400 400 400 400 400 400 400 400 400 400 400 400 400 400 400 400 400 400 400 400 400 400 400 400 400 400 400 400 400 400 400
718 715 713 712 711 709 706 705 703 701 699 697 695 693 692 690 687 686 684 682 679 678 676 674 673 670 668 665 664 661 659 658 654 652 650 648 645 642 641 639 635 633 632 629 627 626 623 621 619 616 614 612 441 440 440 439 439 439 438 438 438 437 400 400 400 400 400 400 400 400 400 400 400 400 400 400 400 400 400 400 400 400 400 400 400 400 400 400 400 400 400 400 400 400
717 716 714 712 710 708 706 705 704 701 699 698 696 694 691 690 688 686 684 682 680 679 677 673 671 670 668 665 664 661 659 656 655 652 649 648 645 643 639 638 635 633 631 629 628 625 623 621 618 616 614 611 441 441 440 440 440 439 439 439 438 400 400 400 400 400 400 400 400 400 400 400 400 400 400 400 400 400 400 400 400 400 400 400 400 400 400 400 400 400 400 400 400 400
717 714 713 712 710 709 706 704 703 701 699 696 695 693 691 690 687 685 683 682 679 677 676 674 672 670 667 665 663 661 658 656 654 652 649 647 644 642 639 638 634 633 631 628 627 625 622 620 618 616 613 612 612 441 441 441 440 440 440 439 439 400 400 400 400 400 400 400 400 400 400 400 400 400 400 400 400 400 400 400 400 400 400 400 400 400 400 400 400 400 400 400 400 400
