testData/tiles/oneDegreeCosts/grid30.0-27.0-31.0-28.0.asc
ncols   200
nrows   200
xllcorner   30.0
yllcorner   27.0
cellsize   0.005
NODATA_value   -9999.0
[rows 126 to 167 of 200, columns 0 to 93 of 200]
123 123 123 123 123 123 123 333 333 332 332 332 332 332 332 332 332 331 331 331 331 331 331 330 330 330 330 330 330 330 330 330 330 330 329 329 329 329 329 329 329 329 329 329 329 328 328 328 328 328 328 328 328 328 327 327 326 326 326 326 326 326 326 325 325 325 325 325 325 325 325 324 324 324 324 324 324 324 323 323 323 323 323 323 323 322 321 321 321 321 321 595 594 594
123 123 123 123 123 123 123 332 332 332 332 332 332 332 332 332 332 331 331 330 330 330 330 330 330 330 330 330 330 330 330 329 329 329 329 329 329 329 329 329 329 328 328 328 328 328 328 328 328 328 328 327 327 327 327 327 326 326 326 326 325 325 325 325 325 325 325 325 324 324 324 324 324 324 324 323 323 323 323 323 323 323 323 322 322 322 321 321 321 320 320 594 594 594
123 123 123 123 123 123 332 332 332 332 332 332 332 332 331 331 331 330 330 330 330 330 330 330 330 330 330 329 329 329 329 329 329 329 329 329 329 329 328 328 328 328 328 328 328 328 328 328 327 327 327 327 327 327 327 327 326 325 325 325 325 325 325 325 325 324 324 324 324 324 324 324 324 323 323 323 323 323 323 323 322 322 322 322 322 321 321 320 320 320 320 320 594 594
123 123 123 123 123 123 332 332 332 331 331 331 331 331 331 331 331 330 330 330 330 330 330 329 329 329 329 329 329 329 329 329 329 329 328 328 328 328 328 328 328 328 328 328 327 327 327 327 327 327 327 327 327 327 326 326 325 325 325 325 325 325 324 324 324 324 324 324 324 324 323 323 323 323 323 323 323 323 322 322 322 322 322 322 322 320 320 320 320 320 320 319 593 593
123 123 123 123 123 123 331 331 331 331 331 331 331 331 331 331 331 330 329 329 329 329 329 329 329 329 329 329 329 329 328 328 328 328 328 328 328 328 328 328 328 327 327 327 327 327 327 327 327 327 326 326 326 326 326 326 325 325 325 324 324 324 324 324 324 324 324 323 323 323 323 323 323 323 323 322 322 322 322 322 322 322 321 321 321 320 320 320 320 319 319 319 593 593
123 123 123 123 123 331 331 331 331 331 331 331 331 331 330 330 329 329 329 329 329 329 329 329 329 329 328 328 328 328 328 328 328 328 328 328 328 327 327 327 327 327 327 327 327 327 327 326 326 326 326 326 326 326 326 326 324 324 324 324 324 324 324 324 323 323 323 323 323 323 323 323 322 322 322 322 322 322 322 321 321 321 321 321 321 320 319 319 319 319 319 319 593 592
123 123 123 123 123 331 331 331 331 330 330 330 330 330 330 330 329 329 329 329 329 329 328 328 328 328 328 328 328 328 328 328 328 328 327 327 327 327 327 327 327 327 327 327 326 326 326 326 326 326 326 326 326 325 325 325 324 324 324 324 324 323 323 323 323 323 323 323 323 322 322 322 322 322 322 322 322 321 321 321 321 321 321 321 320 319 319 319 319 319 318 318 318 592
123 123 123 123 123 330 330 330 330 330 330 330 330 330 330 330 329 329 328 328 328 328 328 328 328 328 328 328 328 328 327 327 327 327 327 327 327 327 327 327 326 326 326 326 326 326 326 326 326 326 325 325 325 325 325 325 324 324 323 323 323 323 323 323 323 323 322 322 322 322 322 322 322 322 321 321 321 321 321 321 321 320 320 320 320 319 319 319 318 318 318 318 318 592
123 123 123 123 330 330 330 330 330 330 330 330 330 329 329 329 328 328 328 328 328 328 328 328 328 327 327 327 327 327 327 327 327 327 327 327 326 326 326 326 326 326 326 326 326 326 325 325 325 325 325 325 325 325 325 323 323 323 323 323 323 323 323 322 322 322 322 322 322 322 322 321 321 321 321 321 321 321 320 320 320 320 320 320 320 318 318 318 318 318 318 318 317 591
123 123 123 123 330 330 330 330 329 329 329 329 329 329 329 329 328 328 328 328 328 327 327 327 327 327 327 327 327 327 327 327 327 326 326 326 326 326 326 326 326 326 326 325 325 325 325 325 325 325 325 325 324 324 324 323 323 323 323 323 322 322 322 322 322 322 322 322 321 321 321 321 321 321 321 321 320 320 320 320 320 320 320 319 319 318 318 318 318 317 317 317 317 591
123 123 123 123 329 329 329 329 329 329 329 329 329 329 329 329 328 327 327 327 327 327 327 327 327 327 327 327 327 326 326 326 326 326 326 326 326 326 326 325 325 325 325 325 325 325 325 325 325 324 324 324 324 324 324 323 323 322 322 322 322 322 322 322 322 321 321 321 321 321 321 321 321 320 320 320 320 320 320 320 319 319 319 319 319 318 318 317 317 317 317 317 317 590
123 123 123 329 329 329 329 329 329 329 329 329 328 328 328 328 327 327 327 327 327 327 327 327 326 326 326 326 326 326 326 326 326 326 326 325 325 325 325 325 325 325 325 325 325 324 324 324 324 324 324 324 324 324 323 322 322 322 322 322 322 322 321 321 321 321 321 321 321 321 320 320 320 320 320 320 320 319 319 319 319 319 319 319 318 317 317 317 317 317 316 316 316 316
123 123 123 329 329 329 328 328 328 328 328 328 328 328 328 327 327 327 327 327 326 326 326 326 326 326 326 326 326 326 326 325 325 325 325 325 325 325 325 325 325 324 324 324 324 324 324 324 324 324 324 323 323 323 323 322 322 322 322 321 321 321 321 321 321 321 321 320 320 320 320 320 320 320 319 319 319 319 319 319 319 318 318 318 318 317 317 317 316 316 316 316 316 316
123 123 123 328 328 328 328 328 328 328 328 328 328 328 328 326 326 326 326 326 326 326 326 326 326 326 326 325 325 325 325 325 325 325 325 325 325 325 324 324 324 324 324 324 324 324 324 323 323 323 323 323 323 323 323 322 321 321 321 321 321 321 321 321 320 320 320 320 320 320 320 319 319 319 319 319 319 319 318 318 318 318 318 318 317 316 316 316 316 316 316 315 315 315
123 123 328 328 328 328 328 328 328 328 327 327 327 327 327 326 326 326 326 326 326 326 326 325 325 325 325 325 325 325 325 325 325 325 324 324 324 324 324 324 324 324 324 323 323 323 323 323 323 323 323 323 322 322 322 321 321 321 321 321 321 320 320 320 320 320 320 320 319 319 319 319 319 319 319 319 318 318 318 318 318 318 317 317 316 316 316 316 316 315 315 315 315 315
123 123 328 328 327 327 327 327 327 327 327 327 327 327 327 326 326 326 325 325 325 325 325 325 325 325 325 325 325 324 324 324 324 324 324 324 324 324 324 324 323 323 323 323 323 323 323 323 323 322 322 322 322 322 322 321 321 320 320 320 320 320 320 320 320 319 319 319 319 319 319 319 319 318 318 318 318 318 318 318 317 317 317 317 316 316 315 315 315 315 315 315 314 314
123 123 327 327 327 327 327 327 327 327 327 327 327 326 326 325 325 325 325 325 325 325 325 325 325 324 324 324 324 324 324 324 324 324 324 324 323 323 323 323 323 323 323 323 323 322 322 322 322 322 322 322 322 322 320 320 320 320 320 320 320 320 319 319 319 319 319 319 319 319 318 318 318 318 318 318 318 317 317 317 317 317 317 316 315 315 315 315 315 315 314 314 314 314
123 327 327 327 327 327 327 327 326 326 326 326 326 326 326 325 325 325 325 325 324 324 324 324 324 324 324 324 324 324 324 324 323 323 323 323 323 323 323 323 323 323 322 322 322 322 322 322 322 322 322 321 321 321 320 320 320 320 320 319 319 319 319 319 319 319 319 318 318 318 318 318 318 318 317 317 317 317 317 317 317 316 316 316 315 315 315 314 314 314 314 314 314 313
123 327 326 326 326 326 326 326 326 326 326 326 326 326 326 325 324 324 324 324 324 324 324 324 324 324 324 323 323 323 323 323 323 323 323 323 323 323 322 322 322 322 322 322 322 322 322 321 321 321 321 321 321 321 320 320 319 319 319 319 319 319 319 318 318 318 318 318 318 318 318 317 317 317 317 317 317 317 316 316 316 316 316 316 314 314 314 314 314 314 314 313 313 313
123 326 326 326 326 326 326 326 326 326 325 325 325 325 324 324 324 324 324 324 324 324 324 323 323 323 323 323 323 323 323 323 323 323 322 322 322 322 322 322 322 322 322 321 321 321 321 321 321 321 321 321 320 320 319 319 319 319 319 319 318 318 318 318 318 318 318 318 317 317 317 317 317 317 317 316 316 316 316 316 316 315 315 315 314 314 314 314 313 313 313 313 313 313
326 326 326 326 326 325 325 325 325 325 325 325 325 325 324 324 324 324 323 323 323 323 323 323 323 323 323 323 323 322 322 322 322 322 322 322 322 322 322 321 321 321 321 321 321 321 321 321 320 320 320 320 320 320 319 319 319 318 318 318 318 318 318 318 317 317 317 317 317 317 317 317 316 316 316 316 316 316 316 315 315 315 315 315 314 313 313 313 313 313 313 312 312 312
325 325 325 325 325 325 325 325 325 325 325 325 325 324 323 323 323 323 323 323 323 323 323 323 323 322 322 322 322 322 322 322 322 322 322 321 321 321 321 321 321 321 321 321 321 320 320 320 320 320 320 320 320 319 318 318 318 318 318 318 318 317 317 317 317 317 317 317 317 316 316 316 316 316 316 316 315 315 315 315 315 315 314 313 313 313 313 313 312 312 312 312 312 312
325 325 325 325 325 325 325 324 324 324 324 324 324 324 323 323 323 323 323 323 322 322 322 322 322 322 322 322 322 322 322 321 321 321 321 321 321 321 321 321 321 320 320 320 320 320 320 320 320 320 319 319 319 319 318 318 318 318 317 317 317 317 317 317 317 316 316 316 316 316 316 316 315 315 315 315 315 315 315 314 314 314 314 313 313 313 312 312 312 312 312 312 311 311
325 324 324 324 324 324 324 324 324 324 324 324 324 324 323 322 322 322 322 322 322 322 322 322 322 322 321 321 321 321 321 321 321 321 321 321 321 320 320 320 320 320 320 320 320 320 319 319 319 319 319 319 319 319 317 317 317 317 317 317 317 317 316 316 316 316 316 316 316 315 315 315 315 315 315 315 314 314 314 314 314 314 314 312 312 312 312 312 312 311 311 311 311 311
324 324 324 324 324 324 324 324 324 323 323 323 323 323 322 322 322 322 322 322 322 322 321 321 321 321 321 321 321 321 321 321 320 320 320 320 320 320 320 320 320 320 319 319 319 319 319 319 319 319 319 318 318 317 317 317 317 317 317 316 316 316 316 316 316 316 315 315 315 315 315 315 315 314 314 314 314 314 314 314 313 313 313 312 312 312 311 311 311 311 311 311 310 310
324 324 324 323 323 323 323 323 323 323 323 323 323 322 322 322 321 321 321 321 321 321 321 321 321 321 321 321 320 320 320 320 320 320 320 320 320 320 319 319 319 319 319 319 319 319 319 318 318 318 318 318 318 317 317 316 316 316 316 316 316 316 316 315 315 315 315 315 315 315 314 314 314 314 314 314 314 313 313 313 313 313 313 311 311 311 311 311 311 310 310 310 310 310
323 323 323 323 323 323 323 323 323 323 323 322 322 321 321 321 321 321 321 321 321 321 321 320 320 320 320 320 320 320 320 320 320 319 319 319 319 319 319 319 319 319 319 318 318 318 318 318 318 318 318 317 317 316 316 316 316 316 316 315 315 315 315 315 315 315 315 314 314 314 314 314 314 314 313 313 313 313 313 313 312 312 312 311 311 311 310 310 310 310 310 310 309 309
323 323 323 323 323 322 322 322 322 322 322 322 322 321 321 321 321 321 320 320 320 320 320 320 320 320 320 320 320 319 319 319 319 319 319 319 319 319 319 318 318 318 318 318 318 318 318 317 317 317 317 317 317 316 316 316 315 315 315 315 315 315 315 314 314 314 314 314 314 314 313 313 313 313 313 313 313 312 312 312 312 312 312 310 310 310 310 310 310 309 309 309 309 309
322 322 322 322 322 322 322 322 322 322 322 322 321 320 320 320 320 320 320 320 320 320 320 320 319 319 319 319 319 319 319 319 319 319 318 318 318 318 318 318 318 318 318 318 317 317 317 317 317 317 317 317 316 315 315 315 315 315 315 315 314 314 314 314 314 314 314 313 313 313 313 313 313 313 312 312 312 312 312 312 311 311 311 310 310 310 309 309 309 309 309 309 309 309
322 322 322 322 322 322 322 321 321 321 321 321 321 320 320 320 320 320 320 319 319 319 319 319 319 319 319 319 319 319 318 318 318 318 318 318 318 318 318 317 317 317 317 317 317 317 317 317 316 316 316 316 316 315 315 315 314 314 314 314 314 314 314 314 313 313 313 313 313 313 313 312 312 312 312 312 312 311 311 311 311 311 310 309 309 309 309 309 309 309 309 309 309 309
321 321 321 321 321 321 321 321 321 321 321 321 321 320 319 319 319 319 319 319 319 319 319 319 319 318 318 318 318 318 318 318 318 318 318 317 317 317 317 317 317 317 317 317 316 316 316 316 316 316 316 316 314 314 314 314 314 314 314 314 313 313 313 313 313 313 313 312 312 312 312 312 312 312 311 311 311 311 311 311 310 310 309 309 309 309 309 309 309 309 309 309 309 309
321 321 321 321 321 321 321 321 320 320 320 320 319 319 319 319 319 319 319 319 318 318 318 318 318 318 318 318 318 318 317 317 317 317 317 317 317 317 317 317 316 316 316 316 316 316 316 316 315 315 315 315 314 314 314 314 313 313 313 313 313 313 313 313 312 312 312 312 312 312 312 311 311 311 311 311 311 310 310 310 310 310 309 309 309 309 309 309 309 309 309 309 309 309
321 320 320 320 320 320 320 320 320 320 320 320 319 319 318 318 318 318 318 318 318 318 318 318 318 318 317 317 317 317 317 317 317 317 317 316 316 316 316 316 316 316 316 316 315 315 315 315 315 315 315 315 314 313 313 313 313 313 313 313 312 312 312 312 312 312 312 311 311 311 311 311 311 311 310 310 310 310 310 310 309 309 309 309 309 309 309 309 309 309 309 309 309 309
320 320 320 320 320 320 320 320 320 319 319 319 318 318 318 318 318 318 318 318 317 317 317 317 317 317 317 317 317 317 317 316 316 316 316 316 316 316 316 316 315 315 315 315 315 315 315 315 315 314 314 314 313 313 313 313 312 312 312 312 312 312 312 312 311 311 311 311 311 311 310 310 310 310 310 310 310 309 309 309 309 309 309 309 309 309 309 309 309 309 309 309 309 309
320 320 319 319 319 319 319 319 319 319 319 319 318 318 318 317 317 317 317 317 317 317 317 317 317 317 316 316 316 316 316 316 316 316 316 316 315 315 315 315 315 315 315 315 314 314 314 314 314 314 314 314 313 312 312 312 312 312 312 312 311 311 311 311 311 311 311 310 310 310 310 310 310 310 309 309 309 309 309 309 309 309 309 309 309 309 309 309 309 309 309 309 309 309
319 319 319 319 319 319 319 319 319 318 318 318 317 317 317 317 317 317 317 317 317 316 316 316 316 316 316 316 316 316 316 315 315 315 315 315 315 315 315 315 314 314 314 314 314 314 314 314 314 313 313 313 312 312 312 312 311 311 311 311 311 311 311 310 310 310 310 310 310 310 309 309 309 309 309 309 309 309 309 309 309 309 309 309 309 309 309 309 309 309 309 309 309 309
319 319 319 318 318 318 318 318 318 318 318 317 317 317 317 316 316 316 316 316 316 316 316 316 316 316 315 315 315 315 315 315 315 315 315 315 314 314 314 314 314 314 314 314 313 313 313 313 313 313 313 312 311 311 311 311 311 311 311 311 310 310 310 310 310 310 310 309 309 309 309 309 309 309 309 309 309 309 309 309 309 309 309 309 309 309 309 309 309 309 309 309 309 309
318 318 318 318 318 318 318 318 318 317 317 316 316 316 316 316 316 316 316 316 316 315 315 315 315 315 315 315 315 315 315 314 314 314 314 314 314 314 314 314 313 313 313 313 313 313 313 313 312 312 312 311 311 311 311 311 310 310 310 310 310 310 310 309 309 309 309 309 309 309 309 309 309 309 309 309 309 309 309 309 309 309 309 309 309 309 309 309 309 309 309 309 309 309
318 318 318 317 317 317 317 317 317 317 317 316 316 316 316 315 315 315 315 315 315 315 315 315 315 315 314 314 314 314 314 314 314 314 314 313 313 313 313 313 313 313 313 313 312 312 312 312 312 312 312 311 310 310 310 310 310 310 310 309 309 309 309 309 309 309 309 309 309 309 309 309 309 309 309 309 309 309 309 309 309 309 309 309 309 309 309 309 309 309 309 309 309 309
317 317 317 317 317 317 317 317 317 316 316 315 315 315 315 315 315 315 315 315 315 314 314 314 314 314 314 314 314 314 314 313 313 313 313 313 313 313 313 313 312 312 312 312 312 312 312 312 311 311 311 310 310 310 310 309 309 309 309 309 309 309 309 309 309 309 309 309 309 309 309 309 309 309 309 309 309 309 309 309 309 309 309 309 309 309 309 309 309 309 309 309 309 309
317 317 317 316 316 316 316 316 316 316 315 315 315 315 315 314 314 314 314 314 314 314 314 314 314 314 313 313 313 313 313 313 313 313 313 312 312 312 312 312 312 312 312 312 311 311 311 311 311 311 311 309 309 309 309 309 309 309 309 309 309 309 309 309 309 309 309 309 309 309 309 309 309 309 309 309 309 309 309 309 309 309 309 309 309 309 309 309 309 309 309 309 309 309
316 316 316 316 316 316 316 316 316 315 314 314 314 314 314 314 314 314 314 314 313 313 313 313 313 313 313 313 313 313 312 312 312 312 312 312 312 312 312 311 311 311 311 311 311 311 311 310 310 310 310 309 309 309 309 309 309 309 309 309 309 309 309 309 309 309 309 309 309 309 309 309 309 309 309 309 309 309 309 309 309 309 309 309 309 309 309 309 309 309 309 309 309 309
