testData/tiles/oneDegreeCosts/grid45.0-13.0-46.0-14.0.asc
ncols   200
nrows   200
xllcorner   45.0
yllcorner   13.0
cellsize   0.005
NODATA_value   -9999.0
[rows 0 to 41 of 200, columns 0 to 93 of 200]
610 610 609 609 607 607 607 606 605 605 604 604 603 602 602 602 557 557 557 557 557 557 557 557 557 557 557 557 557 557 557 557 557 557 557 557 557 557 557 557 557 557 557 557 557 557 557 557 557 557 557 557 557 557 557 557 557 557 557 557 557 557 557 557 557 557 557 557 557 557 557 557 557 557 557 557 557 557 557 557 557 557 557 557 526 526 526 526 526 526 526 526 515 515
610 610 609 608 608 607 607 606 605 605 605 603 603 602 602 557 557 557 557 557 557 557 557 557 557 557 557 557 557 557 557 557 557 557 557 557 557 557 557 557 557 557 557 557 557 557 557 557 557 557 557 557 557 557 557 557 557 557 557 557 557 557 557 557 557 557 557 557 557 557 557 557 557 557 557 557 557 557 557 557 557 557 557 557 526 526 526 526 526 526 645 597 597 597
610 610 609 608 608 607 606 606 605 605 604 603 603 603 557 557 557 557 557 557 557 557 557 557 557 557 557 557 557 557 557 557 557 557 557 557 557 557 557 557 557 557 557 557 557 557 557 557 557 557 557 557 557 557 557 557 557 557 557 557 557 557 557 557 557 557 557 557 557 557 557 557 557 557 557 557 557 557 557 557 557 557 557 526 526 526 645 645 645 645 645 597 597 597
610 609 609 608 608 607 606 606 606 604 604 603 603 557 557 557 557 557 557 557 557 557 557 557 557 557 557 557 557 557 557 557 557 557 557 557 557 557 557 557 557 557 557 557 557 557 557 557 557 557 557 557 557 557 557 557 557 557 557 557 557 557 557 557 557 557 557 557 557 557 557 557 557 557 557 557 557 557 557 557 557 676 645 645 645 645 645 645 645 645 645 597 597 597
610 609 609 608 607 607 606 606 605 604 604 604 557 557 557 557 557 557 557 557 557 557 557 557 557 557 557 557 557 557 557 557 557 557 557 557 557 557 557 557 557 557 557 557 557 557 557 557 557 557 557 557 557 557 557 557 557 557 557 557 557 557 557 557 557 557 557 557 557 557 557 557 557 557 557 557 557 676 676 676 676 645 645 645 645 645 645 645 645 645 645 597 597 597
610 609 609 608 607 607 607 605 605 604 604 557 557 557 557 557 557 557 557 557 557 557 557 557 557 557 557 557 557 557 557 557 557 557 557 557 557 557 557 557 557 557 557 557 557 557 557 557 557 557 557 557 557 557 557 557 557 557 557 557 557 557 557 557 557 557 557 557 557 557 557 557 557 676 676 676 676 676 676 676 645 645 645 645 645 645 645 645 645 645 645 597 597 597
610 609 608 608 607 607 606 605 605 605 557 557 557 557 557 557 557 557 557 557 557 557 557 557 557 557 557 557 557 557 557 557 557 557 557 557 557 557 557 557 557 557 557 557 557 557 557 557 557 557 557 557 557 557 557 557 557 557 557 557 557 557 557 557 557 557 557 557 557 676 676 676 676 676 676 676 676 676 676 645 645 645 645 645 645 645 645 645 645 645 597 597 597 597
609 609 608 608 607 606 606 605 604 557 557 557 557 557 557 557 557 557 557 557 557 557 557 557 557 557 557 557 557 557 557 557 557 557 557 557 557 557 557 557 557 557 557 557 557 557 557 557 557 557 557 557 557 557 557 557 557 557 557 557 557 557 557 557 557 557 676 676 676 676 676 676 676 676 676 676 676 676 676 645 645 645 645 645 645 645 645 645 645 645 597 597 597 515
609 609 608 607 607 606 606 605 557 557 557 557 557 557 557 557 557 557 557 557 557 557 557 557 557 557 557 557 557 557 557 557 557 557 557 557 557 557 557 557 557 557 557 557 557 557 557 557 557 557 557 557 557 557 557 557 557 557 557 557 557 557 676 676 676 676 676 676 676 676 676 676 676 676 676 676 676 676 645 645 645 645 645 645 645 645 645 645 645 645 597 597 597 515
609 609 608 607 607 606 605 557 557 557 557 557 557 557 557 557 557 557 557 557 557 557 557 557 557 557 557 557 557 557 557 557 557 557 557 557 557 557 557 557 557 557 557 557 557 557 557 557 557 557 557 557 557 557 557 557 557 557 557 676 676 676 676 676 676 676 676 676 676 676 676 676 676 676 676 676 676 645 645 645 645 645 645 645 645 645 645 645 645 645 597 597 515 515
609 608 608 607 607 606 557 557 557 557 557 557 557 557 557 557 557 557 557 557 557 557 557 557 557 557 557 557 557 557 557 557 557 557 557 557 557 557 557 557 557 557 557 557 557 557 557 557 557 557 557 557 557 557 557 676 676 676 676 676 676 676 676 676 676 676 676 676 676 676 676 676 676 676 676 676 645 645 645 645 645 645 645 645 645 645 645 645 645 645 597 515 515 515
609 608 608 607 606 557 557 557 557 557 557 557 557 557 557 557 557 557 557 557 557 557 557 557 557 557 557 557 557 557 557 557 557 557 557 557 557 557 557 557 557 557 557 557 557 557 557 557 557 557 557 557 628 676 676 676 676 676 676 676 676 676 676 676 676 676 676 676 676 676 676 676 676 676 676 645 645 645 645 645 645 645 645 645 645 645 645 645 645 645 597 515 515 515
609 608 608 607 557 557 557 557 557 557 557 557 557 557 557 557 557 557 557 557 557 557 557 557 557 557 557 557 557 557 557 557 557 557 557 557 557 557 557 557 557 557 557 557 557 557 557 557 557 628 628 628 628 628 676 676 676 676 676 676 676 676 676 676 676 676 676 676 676 676 676 676 676 676 645 645 645 645 645 645 645 645 645 645 645 645 645 645 645 597 515 515 515 515
609 607 557 557 557 557 557 557 557 557 557 557 557 557 557 557 557 557 557 557 557 557 557 557 557 557 557 557 557 557 557 557 557 557 557 557 557 557 557 557 557 557 557 557 557 557 628 628 628 628 628 628 628 628 676 676 676 676 676 676 676 676 676 676 676 676 676 676 676 676 676 676 676 645 645 645 645 645 645 645 645 645 645 645 645 645 645 645 645 515 515 515 515 515
608 557 557 557 557 557 557 557 557 557 557 557 557 557 557 557 557 557 557 557 557 557 557 557 557 557 557 557 557 557 557 557 557 557 557 557 557 557 557 557 557 557 557 628 628 628 628 628 628 628 628 628 628 628 676 676 676 676 676 676 676 676 676 676 676 676 676 676 676 676 676 676 676 645 645 645 645 645 645 645 645 645 645 645 645 645 645 645 645 515 515 515 515 515
557 557 557 557 557 557 557 557 557 557 557 557 557 557 557 557 557 557 557 557 557 557 557 557 557 557 557 557 557 557 557 557 557 557 557 557 557 557 557 557 629 628 628 628 628 628 628 628 628 628 628 628 628 628 676 676 676 676 676 676 676 676 676 676 676 676 676 676 676 676 676 676 645 645 645 645 645 645 645 645 645 645 645 645 645 645 645 645 515 515 515 515 515 515
557 557 557 557 557 557 557 557 557 557 557 557 557 557 557 557 557 557 557 557 557 557 557 557 557 557 557 557 557 557 557 557 557 557 557 557 557 630 629 629 629 628 628 628 628 628 628 628 628 628 628 628 628 628 676 676 676 676 676 676 676 676 676 676 676 676 676 676 676 676 676 645 645 645 645 645 645 645 645 645 645 645 645 645 645 645 645 645 515 515 515 515 515 515
557 557 557 557 557 557 557 557 557 557 557 557 557 557 557 557 557 557 557 557 557 557 557 557 557 557 557 557 557 557 557 557 557 557 631 631 630 630 629 629 629 628 628 628 628 628 628 628 628 628 628 628 628 628 628 676 676 676 676 676 676 676 676 676 676 676 676 676 676 676 645 645 645 645 645 645 645 645 645 645 645 645 645 645 645 645 645 515 515 515 515 515 515 515
557 557 557 557 557 557 557 557 557 557 557 557 557 557 557 557 557 557 557 557 557 557 557 557 557 557 557 557 557 557 557 632 632 631 631 631 630 630 629 629 629 628 628 628 628 628 628 628 628 628 628 628 628 628 628 676 676 676 676 676 676 676 676 676 676 676 676 676 676 645 645 645 645 645 645 645 645 645 645 645 645 645 645 645 645 645 515 515 515 515 515 515 515 515
557 557 557 557 557 557 557 557 557 557 557 557 557 557 557 557 557 557 557 557 557 557 557 557 557 557 557 557 557 633 633 632 632 631 631 631 630 630 629 629 629 628 628 628 628 628 628 628 628 628 628 628 628 628 628 676 676 676 676 676 676 676 676 676 676 676 676 676 645 645 645 645 645 645 645 645 645 645 645 645 645 645 645 645 645 645 515 515 515 515 515 515 515 515
557 557 557 557 557 557 557 557 557 557 557 557 557 557 557 557 557 557 557 557 557 557 557 557 557 557 635 634 633 633 633 632 632 631 631 631 630 630 630 629 629 628 628 628 628 628 628 628 628 628 628 628 628 628 628 676 676 676 676 676 676 676 676 676 676 676 676 645 645 645 645 645 645 645 645 645 645 645 645 645 645 645 645 645 645 515 515 515 515 515 515 515 515 515
557 557 557 557 557 557 557 557 557 557 557 557 557 557 557 557 557 557 557 557 557 557 557 557 636 636 634 634 633 633 633 632 632 631 631 631 630 630 630 629 629 628 628 628 628 628 628 628 628 628 628 628 628 628 628 676 676 676 676 676 676 676 676 676 676 676 645 645 645 645 645 645 645 645 645 645 645 645 645 645 645 645 645 645 515 515 515 515 515 515 515 515 515 515
557 557 557 557 557 557 557 557 557 557 557 557 557 557 557 557 557 557 557 557 557 638 637 636 636 635 634 634 633 633 633 632 632 632 631 631 630 630 630 629 629 628 628 628 628 628 628 628 628 628 628 628 628 628 628 628 676 676 676 676 676 676 676 676 676 645 645 645 645 645 645 645 645 645 645 645 645 645 645 645 645 645 645 645 515 515 515 515 515 515 515 515 515 515
557 557 557 557 557 557 557 557 557 557 557 557 557 557 557 557 557 557 557 639 639 637 637 636 635 635 634 634 633 633 633 632 632 632 631 631 630 630 630 629 629 628 628 628 628 628 628 628 628 628 628 628 628 628 628 628 676 676 676 676 676 676 676 676 645 645 645 645 645 645 645 645 645 645 645 645 645 645 645 645 645 645 645 515 515 515 515 515 515 515 515 515 515 515
557 557 557 557 557 557 557 557 557 557 557 557 557 557 557 557 641 640 639 639 638 637 637 635 635 635 634 634 633 633 633 632 632 632 631 631 630 630 630 629 629 628 628 628 628 628 628 628 628 628 628 628 628 628 628 628 676 676 676 676 676 676 676 645 645 645 645 645 645 645 645 645 645 645 645 645 645 645 645 645 645 645 515 515 515 515 515 515 515 515 515 515 515 515
557 557 557 557 557 557 557 557 557 557 557 557 557 557 642 642 640 640 639 638 638 636 636 635 635 635 634 634 633 633 633 632 632 632 631 631 630 630 630 629 629 628 628 628 628 628 628 628 628 628 628 628 628 628 628 628 676 676 676 676 676 676 645 645 645 645 645 645 645 645 645 645 645 645 645 645 645 645 645 645 645 645 515 515 515 515 515 515 515 515 515 515 515 515
557 557 557 557 557 557 557 557 557 557 557 643 643 642 641 641 640 639 638 638 637 636 636 635 635 635 634 634 633 633 633 632 632 632 631 631 630 630 630 629 629 628 628 628 628 628 628 628 628 628 628 628 628 628 628 628 628 676 676 676 676 645 645 645 645 645 645 645 645 645 645 645 645 645 645 645 645 645 645 645 645 515 515 515 515 515 515 515 515 515 515 515 515 515
557 557 557 557 557 557 557 557 557 645 644 643 643 641 641 641 639 639 638 637 637 636 636 635 635 635 634 634 633 633 633 632 632 632 631 631 630 630 630 629 629 628 628 628 628 628 628 628 628 628 628 628 628 628 628 628 628 676 676 676 645 645 645 645 645 645 645 645 645 645 645 645 645 645 645 645 645 645 645 645 515 515 515 515 515 515 515 515 515 515 515 515 515 515
557 557 557 557 557 557 557 646 645 644 643 643 642 641 641 640 639 639 637 637 637 636 636 635 635 635 634 634 633 633 633 632 632 632 631 631 630 630 630 629 629 628 628 628 628 628 628 628 628 628 628 628 628 628 628 628 628 676 676 676 645 645 645 645 645 645 645 645 645 645 645 645 645 645 645 645 645 645 645 645 515 515 515 515 515 515 515 515 515 515 515 515 515 515
557 557 557 557 557 646 646 645 644 644 643 642 642 641 640 640 639 638 637 637 637 636 636 635 635 635 634 634 633 633 633 632 632 632 631 631 630 630 630 629 629 628 628 628 628 628 628 628 628 628 628 628 628 628 628 628 628 676 676 645 645 645 645 645 645 645 645 645 645 645 645 645 645 645 645 645 645 645 645 515 515 515 515 515 515 515 515 515 515 515 515 515 515 515
557 557 649 647 647 646 645 645 644 643 642 642 641 640 640 639 638 638 637 637 637 636 636 635 635 635 634 634 633 633 633 632 632 632 631 631 630 630 630 629 629 628 628 628 628 628 628 628 628 628 628 628 628 628 628 628 628 628 645 645 645 645 645 645 645 645 645 645 645 645 645 645 645 645 645 645 645 645 515 515 515 515 515 515 515 515 515 515 515 515 515 515 515 515
649 648 648 647 647 645 645 645 643 643 642 641 641 640 639 638 638 638 637 637 637 636 636 635 635 635 634 634 633 633 633 632 632 631 631 631 630 630 630 629 629 628 628 628 628 628 628 628 628 628 628 628 628 628 628 628 597 597 645 645 645 645 645 645 645 645 645 645 645 645 645 645 645 645 645 645 645 645 515 515 515 515 515 515 515 515 515 515 515 515 515 515 515 515
648 648 647 647 646 645 645 644 643 643 641 641 641 639 639 638 638 638 637 637 637 636 636 635 635 635 634 634 633 633 633 632 632 631 631 631 630 630 630 629 629 628 628 628 628 628 628 628 628 628 628 628 628 628 628 597 597 597 645 645 645 645 645 645 645 645 645 645 645 645 645 645 645 645 645 645 645 515 515 515 515 515 515 515 515 515 515 515 515 515 515 515 515 515
648 648 646 646 646 645 644 644 643 642 641 641 640 639 639 638 638 638 637 637 636 636 636 635 635 635 634 634 633 633 633 632 632 631 631 631 630 630 629 629 629 628 628 628 628 628 628 628 628 628 628 628 628 628 597 597 597 597 645 645 645 645 645 645 645 645 645 645 645 645 645 645 645 645 645 645 515 515 515 515 515 515 515 515 515 515 515 515 515 515 515 515 515 515
648 647 646 646 645 644 644 642 642 642 640 640 640 639 639 638 638 638 637 637 636 636 636 635 635 634 634 634 633 633 633 632 632 631 631 631 630 630 629 629 629 628 628 628 628 628 628 628 628 628 628 628 628 597 597 597 597 597 597 645 645 645 645 645 645 645 645 645 645 645 645 645 645 645 645 645 515 515 515 515 515 515 515 515 515 515 515 515 515 515 515 515 515 515
647 647 646 645 645 644 643 642 642 641 640 640 639 639 639 638 638 638 637 637 636 636 636 635 635 634 634 634 633 633 633 632 632 631 631 631 630 630 629 629 629 628 628 628 628 628 628 628 628 628 628 628 597 597 597 597 597 597 597 645 645 645 645 645 645 645 645 645 645 645 645 645 645 645 645 515 515 515 515 515 515 515 515 515 515 515 515 515 515 515 515 515 515 515
647 647 645 645 644 643 643 642 641 641 640 640 639 639 639 638 638 637 637 637 636 636 636 635 635 634 634 634 633 633 632 632 632 631 631 631 630 630 629 629 629 628 628 628 628 628 628 628 628 628 628 597 597 597 597 597 597 597 597 645 645 645 645 645 645 645 645 645 645 645 645 645 645 645 515 515 515 515 515 515 515 515 515 515 515 515 515 515 515 515 515 515 515 515
646 646 645 644 643 643 643 641 641 640 640 640 639 639 639 638 638 637 637 637 636 636 636 635 635 634 634 634 633 633 632 632 632 631 631 630 630 630 629 629 629 628 628 628 628 628 628 628 628 628 597 597 597 597 597 597 597 597 597 597 645 645 645 645 645 645 645 645 645 645 645 645 645 645 515 515 515 515 515 515 515 515 515 515 515 515 515 515 515 515 515 515 515 515
646 645 644 644 643 642 642 641 641 640 640 640 639 639 639 638 638 637 637 637 636 636 635 635 635 634 634 634 633 633 632 632 632 631 631 630 630 630 629 629 629 628 628 628 628 628 628 628 628 597 597 597 597 597 597 597 597 597 597 597 645 645 645 645 645 645 645 645 645 645 645 645 645 515 515 515 515 515 515 515 515 515 515 515 515 515 515 515 515 515 515 515 515 515
646 644 644 644 642 642 641 641 641 640 640 640 639 639 638 638 638 637 637 637 636 636 635 635 635 634 634 633 633 633 632 632 632 631 631 630 630 630 629 629 628 628 628 628 628 628 628 628 597 597 597 597 597 597 597 597 597 597 597 597 645 645 645 645 645 645 645 645 645 645 645 645 515 515 515 515 515 515 515 515 515 515 515 515 515 515 515 515 515 515 515 515 515 515
645 644 644 643 642 642 641 641 641 640 640 639 639 639 638 638 638 637 637 636 636 636 635 635 635 634 634 633 633 633 632 632 631 631 631 630 630 630 629 629 628 628 628 628 628 628 628 597 597 597 597 597 597 597 597 597 597 597 597 597 597 645 645 645 645 645 645 645 645 645 645 515 515 515 515 515 515 515 515 515 515 515 515 515 515 515 515 515 515 515 515 515 515 515
645 643 643 642 642 642 641 641 641 640 640 639 639 639 638 638 638 637 637 636 636 636 635 635 634 634 634 633 633 633 632 632 631 631 631 630 630 629 629 629 628 628 628 628 628 628 597 597 597 597 597 597 597 597 597 597 597 597 597 597 597 645 645 645 645 645 645 645 645 645 645 515 515 515 515 515 515 515 515 515 515 515 515 515 515 515 515 515 515 515 515 515 515 515
