testData/tiles/oneDegreeCosts/grid9.0-5.0-10.0-6.0.asc
ncols   200
nrows   200
xllcorner   9.0
yllcorner   5.0
cellsize   0.005
NODATA_value   -9999.0
[rows 126 to 167 of 200, columns 0 to 93 of 200]
743 742 742 741 740 739 739 738 737 736 736 735 734 732 731 731 730 729 728 726 725 724 723 722 721 720 719 717 716 714 713 712 987 986 984 983 981 980 977 976 974 973 971 969 967 965 963 962 959 957 956 953 951 948 946 943 942 939 936 934 931 930 929 928 927 926 925 923 922 921 920 919 917 916 915 914 912 911 910 844 842 841 840 839 837 835 834 831 829 828 825 822 820 818
741 741 740 739 738 738 737 736 735 735 734 733 732 731 730 730 729 727 726 725 724 723 722 721 720 719 717 716 714 713 712 710 986 984 983 982 980 978 976 974 973 971 970 967 965 964 962 959 958 956 953 951 949 947 944 942 939 937 934 931 930 929 928 927 926 925 924 923 922 921 919 918 917 916 914 913 912 910 844 843 842 841 840 838 837 835 833 832 829 827 824 821 819 817
740 740 739 738 738 737 736 735 734 734 733 732 731 730 730 728 727 726 725 724 722 722 721 720 718 717 716 714 713 712 710 709 985 983 982 980 978 976 975 973 971 970 967 966 964 962 960 958 956 954 952 949 947 945 943 940 938 935 932 931 930 929 928 927 926 925 924 923 921 920 919 918 917 915 914 913 911 845 843 843 841 841 839 838 836 835 833 831 828 827 824 822 819 817
739 739 738 737 737 736 735 734 734 733 732 731 729 729 728 727 726 725 724 722 721 721 720 718 717 716 714 713 712 710 709 708 983 982 980 978 976 975 973 972 970 968 966 964 963 960 958 957 954 952 950 948 946 943 940 938 935 932 932 931 930 929 928 927 926 924 923 922 921 920 919 917 916 915 914 912 845 844 843 843 841 840 839 837 836 834 832 831 828 826 823 821 818 816
738 737 736 736 735 734 733 732 732 731 730 729 728 728 727 726 725 723 722 721 720 719 718 717 716 714 713 712 710 709 708 706 982 980 978 976 975 973 972 970 969 966 964 963 960 959 957 954 952 951 948 946 943 942 939 936 934 932 931 930 929 928 927 926 925 924 923 922 921 919 918 917 916 914 913 846 844 844 843 842 842 840 838 837 835 834 832 830 828 826 824 821 818 816
737 736 735 735 734 733 732 732 731 730 729 728 727 727 725 724 723 722 721 720 718 718 717 716 714 713 712 710 709 708 706 705 980 978 976 975 973 972 970 969 966 965 963 961 959 957 954 953 951 948 947 944 942 939 936 934 933 932 931 930 929 928 927 926 925 924 922 921 920 919 918 916 915 914 847 845 844 843 843 842 841 840 838 836 836 833 831 830 828 825 823 820 817 815
735 734 734 733 733 732 731 731 730 728 727 726 726 725 724 723 722 721 719 718 717 717 715 714 713 712 710 709 708 706 705 702 978 977 975 974 972 971 969 966 965 963 962 959 957 956 953 951 949 947 944 942 940 937 935 933 932 931 930 929 928 927 926 925 924 923 922 921 920 918 917 916 915 913 846 845 843 843 843 841 841 839 837 837 835 834 831 829 827 824 823 820 817 815
734 733 733 732 731 730 730 729 728 727 726 725 725 724 723 722 720 719 718 717 716 715 714 713 711 710 709 708 706 704 702 701 977 975 974 972 971 968 967 965 963 962 959 958 956 953 952 949 947 944 943 940 938 935 933 933 932 931 930 929 928 927 926 925 924 923 922 920 919 918 917 916 914 847 846 844 844 843 842 842 840 839 838 836 835 833 831 829 827 825 822 819 817 814
732 732 732 731 730 729 729 728 727 726 725 724 723 722 721 720 719 718 717 715 714 713 713 711 710 709 707 705 704 702 701 700 975 974 972 971 968 967 965 964 961 959 958 956 954 952 949 948 945 943 940 938 936 934 933 932 931 930 929 928 927 926 925 924 923 922 921 920 919 918 916 915 848 847 845 844 843 842 842 841 840 838 837 836 834 833 831 828 826 824 822 819 817 814
731 731 730 729 728 727 727 726 725 724 723 722 722 721 720 719 718 716 715 714 713 712 710 709 708 706 705 704 702 701 700 698 974 972 971 968 967 965 964 961 960 958 955 954 952 949 948 945 943 941 939 936 934 933 933 932 931 930 929 928 927 926 925 924 923 922 921 919 918 917 916 849 847 846 845 843 843 843 841 841 839 839 837 835 834 832 830 828 826 824 821 819 816 813
730 730 729 728 727 726 726 725 724 723 722 721 721 720 718 717 716 715 714 713 711 710 709 708 706 705 704 702 701 700 698 697 972 970 968 967 965 964 961 960 958 956 954 952 950 948 945 944 941 939 936 935 934 933 932 931 930 929 928 928 927 926 925 923 922 921 920 919 918 917 849 848 847 846 844 843 842 842 841 840 839 838 836 835 833 831 830 828 825 823 820 818 815 812
728 728 727 726 726 726 725 724 723 721 720 719 719 718 717 716 715 714 712 711 710 709 707 706 705 704 702 701 700 698 697 695 970 968 967 965 964 961 960 958 956 954 953 950 948 946 944 941 939 937 935 934 933 933 932 931 930 929 928 927 926 925 924 923 922 921 920 919 917 850 849 848 846 845 844 842 842 842 840 840 838 837 836 834 833 831 829 827 825 823 820 818 815 812
728 727 726 725 724 724 723 722 721 720 719 718 718 717 716 714 713 712 711 710 708 707 706 705 703 702 701 699 698 697 694 693 968 967 966 963 962 960 958 956 954 953 950 948 946 944 941 940 937 935 935 934 933 932 931 930 929 929 928 927 926 925 924 923 921 920 919 918 851 850 848 847 846 845 843 842 841 841 841 839 839 837 835 834 832 830 829 827 825 822 820 817 814 811
726 725 725 724 723 723 722 721 720 719 718 716 716 715 714 713 712 711 710 708 707 706 705 703 702 701 699 698 696 694 693 691 967 966 963 962 960 959 956 954 952 950 949 946 944 942 939 937 936 935 934 933 932 932 931 930 929 928 927 926 925 924 923 922 921 920 919 852 850 849 848 847 845 844 843 841 841 840 840 838 838 836 835 833 832 830 828 826 824 822 820 817 814 811
725 724 723 722 721 721 720 719 718 717 716 715 714 714 713 712 710 709 708 707 706 704 703 702 701 699 697 696 694 693 691 690 966 963 962 960 958 956 955 952 950 949 946 945 942 939 938 936 935 934 934 933 932 931 930 929 928 928 927 926 925 924 923 922 920 919 852 851 850 849 847 846 845 844 842 842 840 840 839 838 837 836 834 834 832 830 827 826 824 821 819 816 813 811
724 723 722 721 720 719 719 718 717 716 715 714 713 711 710 710 709 708 707 705 704 703 702 699 698 697 695 694 693 691 690 688 963 962 960 958 956 955 952 951 948 946 944 942 939 938 936 935 935 934 933 932 932 931 930 929 928 927 926 925 924 923 922 921 920 853 852 851 849 848 847 846 844 843 842 841 841 839 839 838 837 835 835 833 831 830 828 825 823 821 818 815 813 810
722 721 720 719 718 717 717 716 715 714 713 712 711 710 709 708 707 705 704 703 702 701 699 698 697 695 694 693 691 689 688 686 962 959 958 956 955 952 951 948 947 944 942 940 938 936 936 935 934 933 933 932 931 930 929 928 928 927 926 925 924 923 922 921 853 852 851 850 849 848 846 845 844 842 841 841 840 839 838 838 836 835 834 832 831 829 827 824 823 821 818 815 813 810
721 720 719 718 717 716 716 715 714 713 712 711 710 709 707 706 705 704 703 702 700 699 698 697 695 694 693 690 689 687 686 685 959 958 956 954 952 951 948 947 944 942 940 937 937 936 935 934 934 933 932 931 931 930 929 928 927 926 925 924 923 922 921 854 853 852 851 850 848 847 846 845 843 842 841 840 840 839 838 837 836 835 834 832 830 828 827 825 822 820 817 815 812 809
718 718 717 716 715 714 713 713 712 711 710 709 708 707 706 705 704 702 701 700 699 698 696 695 694 691 690 689 687 686 684 684 958 956 954 952 950 948 947 944 942 940 937 937 936 935 935 934 933 932 932 931 930 929 928 927 927 926 925 924 923 922 855 854 852 851 850 849 848 847 845 844 843 841 840 840 839 839 837 837 835 835 833 831 830 828 826 824 821 820 817 815 812 808
717 717 716 715 714 713 712 711 711 710 709 708 707 706 704 703 702 701 700 699 697 696 694 693 691 690 689 687 685 684 682 958 955 954 952 950 948 946 944 942 940 938 937 936 936 935 934 933 933 932 931 930 930 929 928 927 926 925 924 923 922 855 854 853 852 851 850 848 847 846 845 843 842 841 839 839 839 838 837 836 835 834 832 831 829 827 825 824 821 819 816 814 811 808
715 715 714 713 713 712 711 710 709 707 706 706 705 704 703 702 701 700 698 696 695 694 692 691 690 689 687 685 683 682 680 955 954 951 950 948 946 944 942 940 938 937 936 936 935 934 934 933 932 931 931 930 929 928 927 926 926 925 924 923 856 855 854 852 851 850 849 848 847 845 844 843 842 840 839 838 838 838 837 836 835 833 832 830 828 827 825 823 821 818 816 813 810 807
714 713 713 712 711 710 709 708 707 706 705 704 703 702 701 699 698 697 696 695 693 692 691 690 687 686 685 683 682 680 678 954 951 950 947 946 943 942 939 938 937 937 936 935 935 934 933 932 932 931 930 929 929 928 927 926 925 924 923 856 855 854 853 852 851 850 849 847 846 845 844 842 841 840 838 838 837 837 837 835 834 833 831 829 828 826 824 822 821 818 816 813 810 806
712 711 710 711 710 709 708 707 706 705 703 702 701 700 699 698 697 696 694 693 692 691 688 687 686 685 683 681 679 678 676 951 950 947 946 943 942 939 938 937 937 936 935 935 934 933 933 932 931 930 930 929 928 927 926 925 924 924 857 856 855 854 852 851 850 849 848 847 846 844 843 842 840 839 839 837 837 836 836 834 834 832 831 830 828 826 824 822 820 817 815 812 809 806
711 710 709 708 707 707 706 705 704 703 702 701 700 699 698 696 695 694 693 691 689 688 687 686 684 682 681 679 678 676 674 949 947 946 943 941 939 938 937 937 936 936 935 934 934 933 932 931 931 930 929 928 927 927 926 925 924 857 856 855 854 853 852 851 850 849 847 846 845 844 843 841 840 839 838 838 836 836 835 834 833 832 830 829 828 826 823 821 819 816 814 811 808 806
709 708 708 707 706 705 704 703 703 702 701 699 698 697 696 694 693 692 690 689 688 687 685 683 682 681 679 677 676 674 672 947 945 943 941 939 938 937 937 936 936 935 934 934 933 932 932 931 930 929 929 928 927 926 925 924 857 856 855 855 853 852 851 850 849 848 847 846 844 843 842 841 839 838 838 837 837 835 835 834 833 831 830 829 827 825 823 820 819 817 814 811 618 615
708 707 706 705 704 703 702 701 700 699 698 697 696 695 694 692 691 690 689 688 685 684 683 682 680 678 677 675 673 672 669 945 942 941 938 938 937 937 936 936 935 935 934 933 933 932 931 930 930 929 928 927 926 926 925 858 857 856 855 854 853 852 851 850 849 847 846 845 844 843 841 840 839 837 837 837 836 835 834 834 832 830 830 828 826 824 823 820 818 816 813 620 618 615
705 705 705 704 703 702 701 700 699 698 697 695 694 693 692 691 690 688 686 685 684 683 681 679 678 677 674 673 671 669 668 942 941 938 938 937 937 936 936 935 935 934 933 933 932 931 931 930 929 928 928 927 926 925 858 857 856 855 854 853 852 851 850 849 848 847 846 845 843 842 841 839 838 837 836 836 835 835 833 833 831 831 829 827 826 824 822 820 817 815 622 620 617 614
704 703 702 701 701 700 699 698 697 696 695 694 693 691 690 688 687 686 685 684 681 680 679 678 675 674 673 670 669 667 665 940 938 938 937 937 936 936 935 935 934 933 933 932 931 931 930 929 929 928 927 926 859 858 858 857 856 855 854 853 852 851 850 849 847 846 845 844 843 841 840 839 838 836 836 835 835 834 833 832 831 830 828 827 825 823 821 819 626 624 621 619 616 613
702 701 700 700 699 698 697 696 695 694 692 691 690 689 688 687 686 685 682 681 680 679 676 675 674 672 670 669 666 665 663 938 938 937 937 936 936 935 935 934 934 933 932 932 931 930 930 929 928 927 926 860 859 858 857 856 855 854 853 852 851 850 849 848 847 846 845 843 842 841 840 838 837 836 835 835 834 834 832 832 830 829 828 826 824 822 821 629 626 624 621 619 616 612
701 700 699 698 697 696 695 694 693 692 691 690 689 688 686 684 683 682 681 680 677 676 675 673 671 670 668 666 664 663 661 938 937 937 936 936 935 935 934 934 933 932 932 931 930 930 929 928 927 927 860 859 858 857 856 856 855 854 853 852 851 850 849 847 846 845 844 843 842 840 839 838 836 835 834 834 834 833 833 831 830 829 827 825 824 632 630 628 626 623 621 618 615 612
698 698 697 697 696 695 694 693 692 691 688 687 686 685 684 683 682 680 678 677 676 674 672 671 669 667 665 664 661 661 661 937 937 936 936 935 935 934 934 933 932 932 931 931 930 929 928 928 927 860 859 859 858 857 856 855 854 853 852 851 850 849 848 847 846 845 843 842 841 840 838 837 836 834 834 833 833 832 832 830 830 828 826 825 633 631 629 627 625 622 620 617 614 611
697 696 695 694 693 692 691 690 689 688 687 686 685 684 682 680 679 678 677 675 673 672 670 669 666 665 663 661 661 660 660 937 936 936 935 935 934 934 933 932 932 931 931 930 929 929 928 927 860 860 859 858 857 856 855 854 853 852 852 850 849 848 847 846 845 844 843 842 840 839 838 836 835 834 833 833 832 832 831 830 829 827 636 634 633 630 628 627 625 622 620 616 613 610
695 694 693 692 691 691 690 689 687 686 684 683 682 681 680 679 677 675 674 673 671 670 667 666 665 662 661 661 660 660 660 936 936 935 935 934 934 933 933 932 931 931 930 929 929 928 927 861 860 859 858 857 857 856 855 854 853 852 851 850 849 848 847 846 844 843 842 841 840 838 837 836 834 833 834 833 832 831 831 829 638 637 635 634 632 631 628 626 624 621 619 616 612 610
693 692 691 690 689 688 687 686 685 684 683 682 681 679 677 676 675 673 672 671 668 667 666 663 662 661 661 660 660 659 659 936 935 935 934 934 933 933 932 931 931 930 929 929 928 927 861 860 859 858 858 857 856 855 854 853 852 851 850 849 848 847 846 845 844 843 841 840 839 838 836 835 834 833 833 832 831 830 830 638 638 636 635 633 632 630 628 625 623 620 618 615 612 609
691 690 689 688 687 686 685 684 683 682 680 679 678 677 676 674 673 671 669 668 667 664 663 661 661 660 660 660 659 659 658 935 935 934 934 933 933 932 931 931 930 930 929 928 862 861 860 859 859 858 857 856 855 854 854 853 852 851 850 849 848 847 845 844 843 842 841 840 838 837 836 834 833 833 832 832 831 640 639 639 637 635 634 633 631 629 627 624 622 620 617 614 612 609
690 689 688 687 685 684 683 682 681 680 679 678 676 674 673 672 670 669 668 665 664 662 661 660 660 660 659 659 659 658 658 934 934 933 933 932 932 931 931 930 930 929 928 862 861 860 860 859 858 857 856 856 855 854 853 852 851 850 849 848 847 846 845 844 843 841 840 839 838 836 835 834 832 832 832 641 641 639 638 638 636 634 634 632 630 628 626 623 622 619 616 613 611 608
687 686 685 684 683 682 681 680 678 677 676 675 674 672 671 670 667 666 665 663 662 660 660 660 659 659 659 658 658 658 657 934 933 933 932 932 931 931 930 930 929 928 862 861 860 860 859 858 857 857 856 855 854 853 852 851 850 849 848 847 846 845 844 843 842 841 840 838 837 836 834 833 832 831 641 640 640 639 638 637 635 635 633 631 629 628 626 624 621 619 616 613 610 607
685 685 684 683 681 680 679 678 677 676 674 673 671 670 668 667 666 664 662 660 660 660 660 659 659 659 658 658 657 657 657 933 933 932 932 931 931 930 930 929 928 862 861 860 860 859 858 858 857 856 855 854 853 853 852 851 850 849 848 847 846 845 844 842 841 840 839 838 836 835 834 832 641 641 640 640 639 639 637 636 635 634 632 630 629 627 625 623 620 618 615 613 609 606
683 682 681 680 679 678 677 675 674 673 672 670 669 668 666 664 663 661 660 660 659 659 659 659 658 658 658 657 657 657 656 933 932 932 931 931 930 930 929 862 862 861 861 860 859 858 858 857 856 855 855 854 853 852 851 850 849 848 847 846 845 844 843 842 841 839 838 837 836 834 643 642 640 640 639 639 638 638 636 636 634 633 631 630 628 626 624 622 619 617 614 612 609 605
681 680 678 678 677 676 675 674 672 671 669 668 666 665 664 662 661 660 659 659 659 659 658 658 658 657 657 657 656 656 655 932 932 931 931 930 930 929 862 862 861 861 860 859 859 858 857 856 856 855 854 853 852 851 850 849 849 848 847 845 844 843 842 841 840 839 838 836 645 644 642 641 640 639 639 638 638 637 636 635 633 632 631 629 627 625 623 621 618 616 613 611 608 604
679 678 677 676 674 673 672 671 670 668 667 666 664 663 661 659 659 659 659 659 658 658 658 657 657 657 656 656 656 655 655 931 931 931 930 930 929 862 862 861 861 860 859 859 858 857 856 856 855 854 853 852 852 851 850 849 848 847 846 845 844 843 842 840 839 838 647 646 644 643 642 640 639 638 638 637 637 636 636 634 633 632 630 628 626 624 622 620 618 615 613 610 607 603
676 675 674 673 672 671 669 668 667 665 664 663 661 660 659 659 659 658 658 658 658 657 657 657 657 656 656 656 655 655 654 931 930 930 929 929 862 862 861 861 860 859 859 858 857 857 856 855 854 854 853 852 851 850 849 848 847 846 845 844 843 842 841 840 649 647 646 645 644 642 641 640 638 638 637 637 636 636 635 633 633 631 629 627 625 624 622 620 618 615 612 609 606 603
