testData/tiles/oneDegreeCosts/grid5.0-28.0-6.0-29.0.asc
ncols   200
nrows   200
xllcorner   5.0
yllcorner   28.0
cellsize   0.005
NODATA_value   -9999.0
[rows 42 to 83 of 200, columns 0 to 93 of 200]
262 262 262 262 262 262 262 262 262 262 262 262 262 262 272 272 217 217 217 217 217 217 217 217 217 217 217 217 217 217 217 217 217 217 217 217 217 217 217 217 217 217 217 217 217 217 217 217 217 217 217 217 217 217 217 217 217 217 217 217 217 217 217 217 218 218 302 302 303 303 303 311 319 326 333 338 343 349 354 358 362 366 369 372 375 379 381 383 385 388 390 391 392 395
262 262 262 262 262 262 262 262 262 262 262 262 262 262 262 272 217 217 217 217 217 217 217 217 217 217 217 217 217 217 217 217 217 217 217 217 217 217 217 217 217 217 217 217 217 217 217 217 217 217 217 217 217 217 217 217 217 217 217 217 217 217 217 217 217 218 302 302 302 303 303 310 318 326 332 338 343 349 353 357 361 366 369 372 375 378 381 383 385 387 389 391 392 393
262 262 262 262 262 262 262 262 262 262 262 262 262 262 262 207 217 217 217 217 217 217 217 217 217 217 217 217 217 217 217 217 217 217 217 217 217 217 217 217 217 217 217 217 217 217 217 217 217 217 217 217 217 217 217 217 217 217 217 217 217 217 217 217 217 218 302 302 302 303 303 310 318 326 332 338 343 349 353 357 361 365 369 372 375 377 381 383 385 387 389 391 392 393
262 262 262 262 262 262 262 262 262 262 262 262 262 262 262 207 207 217 217 217 217 217 217 217 217 217 217 217 217 217 217 217 217 217 217 217 217 217 217 217 217 217 217 217 217 217 217 217 217 217 217 217 217 217 217 217 217 217 217 217 217 217 217 217 217 218 302 302 302 303 303 309 317 324 331 337 342 347 353 357 361 364 368 372 374 377 380 383 385 386 389 390 392 393
262 262 262 262 262 262 262 262 262 262 262 262 262 262 207 207 207 207 217 217 217 217 217 217 217 217 217 217 217 217 217 217 217 217 217 217 217 217 217 217 217 217 217 217 217 217 217 217 217 217 217 217 217 217 217 217 217 217 217 217 217 217 217 217 217 217 302 302 302 302 303 309 317 324 331 337 342 347 352 357 360 364 368 371 374 377 379 382 384 386 388 390 391 393
262 262 262 262 262 262 262 262 262 262 262 262 262 262 207 207 207 207 207 217 217 217 217 217 217 217 217 217 217 217 217 217 217 217 217 217 217 217 217 217 217 217 217 217 217 217 217 217 217 217 217 217 217 217 217 217 217 217 217 217 217 217 217 217 217 217 218 302 302 302 303 309 316 323 331 336 342 347 352 356 360 364 367 371 374 376 379 382 384 386 387 390 391 392
262 262 262 262 262 262 262 262 262 262 262 262 262 207 207 207 207 207 207 207 217 217 217 217 217 217 217 217 217 217 217 217 217 217 217 217 217 217 217 217 217 217 217 217 217 217 217 217 217 217 217 217 217 217 217 217 217 217 217 217 217 217 217 217 217 217 218 302 302 302 302 308 316 323 329 336 341 346 351 356 360 363 367 371 374 376 379 382 384 386 387 389 391 392
262 262 262 262 262 262 262 262 262 262 262 262 262 207 207 207 207 207 207 207 207 217 217 217 217 217 217 217 217 217 217 217 217 217 217 217 217 217 217 217 217 217 217 217 217 217 217 217 217 217 217 217 217 217 217 217 217 217 217 217 217 217 217 217 217 217 217 302 302 302 302 308 316 323 329 336 341 346 350 356 359 363 366 370 373 376 378 380 383 385 387 388 391 392
262 262 262 262 262 262 262 262 262 262 262 262 207 207 207 207 207 207 207 207 207 207 217 217 217 217 217 217 217 217 217 217 217 217 217 217 217 217 217 217 217 217 217 217 217 217 217 217 217 217 217 217 217 217 217 217 217 217 217 217 217 217 217 217 217 217 217 302 302 302 302 307 315 322 329 335 341 346 350 354 359 363 366 369 373 376 378 380 383 385 387 388 390 392
262 262 262 262 262 262 262 262 262 262 262 207 207 207 207 207 207 207 207 207 207 207 207 217 217 217 217 217 217 217 217 217 217 217 217 217 217 217 217 217 217 217 217 217 217 217 217 217 217 217 217 217 217 217 217 217 217 217 217 217 217 217 217 217 217 217 217 302 302 302 302 306 315 322 328 334 340 345 350 354 359 362 366 369 373 375 378 380 382 385 386 388 389 391
262 262 262 262 262 262 262 262 262 262 262 207 207 207 207 207 207 207 207 207 207 207 207 207 217 217 217 217 217 217 217 217 217 217 217 217 217 217 217 217 217 217 217 217 217 217 217 217 217 217 217 217 217 217 217 217 217 217 217 217 217 217 217 217 217 217 217 301 302 302 302 305 314 321 328 334 340 345 349 354 358 362 365 369 371 375 377 380 382 384 386 388 389 391
262 262 262 262 262 262 262 262 262 262 207 207 207 207 207 207 207 207 207 207 207 207 207 207 207 217 217 217 217 217 217 217 217 217 217 217 217 217 217 217 217 217 217 217 217 217 217 217 217 217 217 217 217 217 217 217 217 217 217 217 217 217 217 217 217 217 217 301 302 302 302 305 314 321 327 333 339 345 349 353 357 362 365 368 371 375 377 379 381 383 386 387 389 390
262 262 262 262 262 262 262 262 262 262 207 207 207 207 207 207 207 207 207 207 207 207 207 207 207 207 217 217 217 217 217 217 217 217 217 217 217 217 217 217 217 217 217 217 217 217 217 217 217 217 217 217 217 217 217 217 217 217 217 217 217 217 217 217 217 217 217 301 301 302 302 304 312 320 327 333 338 344 349 353 357 361 365 368 371 373 377 379 381 383 386 387 388 390
262 262 262 262 262 262 262 262 262 207 207 207 207 207 207 207 207 207 207 207 207 207 207 207 207 207 207 217 217 217 217 217 217 217 217 217 217 217 217 217 217 217 217 217 217 217 217 217 217 217 217 217 217 217 217 217 217 217 217 217 217 217 217 217 217 217 217 301 301 302 302 304 312 320 327 332 338 343 348 353 357 360 365 368 370 373 377 379 381 383 385 387 388 389
262 262 262 262 262 262 262 262 262 207 207 207 207 207 207 207 207 207 207 207 207 207 207 207 207 207 207 207 217 217 217 217 217 217 217 217 217 217 217 217 217 217 217 217 217 217 217 217 217 217 217 217 217 217 217 217 217 217 217 217 217 217 217 217 217 217 217 301 301 302 302 303 311 319 326 332 338 342 348 352 356 360 364 367 370 373 375 379 381 382 384 387 388 389
262 262 262 262 262 262 262 262 207 207 207 207 207 207 207 207 207 207 207 207 207 207 207 207 207 207 207 207 207 217 217 217 217 217 217 217 217 217 217 217 217 217 217 217 217 217 217 217 217 217 217 217 217 217 217 217 217 217 217 217 217 217 217 217 217 217 217 301 301 301 302 303 311 318 326 332 337 342 348 352 356 360 363 367 370 373 375 378 380 382 384 386 388 389
262 262 262 262 262 262 262 207 207 207 207 207 207 207 207 207 207 207 207 207 207 207 207 207 207 207 207 207 207 207 217 217 217 217 217 217 217 217 217 217 217 217 217 217 217 217 217 217 217 217 217 217 217 217 217 217 217 217 217 217 217 217 217 217 217 217 217 301 301 301 302 302 310 318 324 331 337 342 346 352 356 359 363 367 370 372 375 377 380 382 384 385 387 389
262 262 262 262 262 262 262 207 207 207 207 207 207 207 207 207 207 207 207 207 207 207 207 207 207 207 207 207 207 207 207 217 217 217 217 217 217 217 217 217 217 217 217 217 217 217 217 217 217 217 217 217 217 217 217 217 217 217 217 217 217 217 217 217 217 217 217 301 301 301 301 302 310 317 324 331 336 341 346 351 355 359 362 365 369 372 374 377 380 382 383 385 387 388
262 262 262 262 262 262 207 207 207 207 207 207 207 207 207 207 207 207 207 207 207 207 207 207 207 207 207 207 207 207 207 207 217 217 217 217 217 217 217 217 217 217 217 217 217 217 217 217 217 217 217 217 217 217 217 217 217 217 217 217 217 217 217 217 217 217 217 301 301 301 301 302 309 317 323 331 336 341 346 350 355 359 362 365 369 372 374 376 378 381 383 384 386 388
262 262 262 262 262 207 207 207 207 207 207 207 207 207 207 207 207 207 207 207 207 207 207 207 207 207 207 207 207 207 207 207 207 217 217 217 217 217 217 217 217 217 217 217 217 217 217 217 217 217 217 217 217 217 217 217 217 217 217 217 217 217 217 217 217 217 217 301 301 301 301 301 309 316 323 329 336 341 345 350 355 358 362 365 368 371 374 376 378 381 383 384 386 387
262 262 262 262 262 207 207 207 207 207 207 207 207 207 207 207 207 207 207 207 207 207 207 207 207 207 207 207 207 207 207 207 207 207 217 217 217 217 217 217 217 217 217 217 217 217 217 217 217 217 217 217 217 217 217 217 217 217 217 217 217 217 217 217 217 217 217 301 301 301 301 301 308 316 323 329 335 340 345 349 353 358 361 364 367 371 374 376 378 380 382 384 385 386
262 262 262 262 207 207 207 207 207 207 207 207 207 207 207 207 207 207 207 207 207 207 207 207 207 207 207 207 207 207 207 207 207 207 207 217 217 217 217 217 217 217 217 217 217 217 217 217 217 217 217 217 217 217 217 217 217 217 217 217 217 217 217 217 217 217 217 301 301 301 301 301 307 315 322 328 334 340 345 349 353 358 361 364 367 370 373 376 378 379 382 384 385 386
262 262 262 262 207 207 207 207 207 207 207 207 207 207 207 207 207 207 207 207 207 207 207 207 207 207 207 207 207 207 207 207 207 207 207 207 217 217 217 217 217 217 217 217 217 217 217 217 217 217 217 217 217 217 217 217 217 217 217 217 217 217 217 217 217 217 217 301 301 301 301 301 306 315 322 328 333 340 344 349 353 356 361 364 367 369 373 375 377 379 381 383 385 386
262 262 262 207 207 207 207 207 207 207 207 207 207 207 207 207 207 207 207 207 207 207 207 207 207 207 207 207 207 207 207 207 207 207 207 207 207 207 217 217 217 217 217 217 217 217 217 217 217 217 217 217 217 217 217 217 217 217 217 217 217 217 217 217 217 217 217 301 301 301 301 301 306 314 321 327 333 338 344 348 352 356 360 364 366 369 372 375 377 379 381 383 384 386
262 262 207 207 207 207 207 207 207 207 207 207 207 207 207 207 207 207 207 207 207 207 207 207 207 207 207 207 207 207 207 207 207 207 207 207 207 207 207 217 217 217 217 217 217 217 217 217 217 217 217 217 217 217 217 217 217 217 217 217 217 217 217 217 217 217 217 301 301 301 301 301 305 313 321 327 333 338 344 348 352 356 359 363 366 369 371 375 377 379 380 382 384 385
262 262 207 207 207 207 207 207 207 207 207 207 207 207 207 207 207 207 207 207 207 207 207 207 207 207 207 207 207 207 207 207 207 207 207 207 207 207 207 207 217 217 217 217 217 217 217 217 217 217 217 217 217 217 217 217 217 217 217 217 217 217 217 217 217 217 217 217 301 301 301 301 305 313 319 327 332 337 342 348 352 355 359 363 366 369 371 373 376 378 380 382 384 385
262 207 207 207 207 207 207 207 207 207 207 207 207 207 207 207 207 207 207 207 207 207 207 207 207 207 207 207 207 207 207 207 207 207 207 207 207 207 207 207 207 217 217 217 217 217 217 217 217 217 217 217 217 217 217 217 217 217 217 217 217 217 217 217 217 217 217 217 301 301 301 301 304 312 319 326 332 337 342 347 351 355 358 362 366 368 371 373 376 378 380 381 383 385
207 207 207 207 207 207 207 207 207 207 207 207 207 207 207 207 207 207 207 207 207 207 207 207 207 207 207 207 207 207 207 207 207 207 207 207 207 207 207 207 207 207 217 217 217 217 217 217 217 217 217 217 217 217 217 217 217 217 217 217 217 217 217 217 217 217 217 217 301 301 301 301 304 312 319 325 331 337 341 346 351 355 358 361 364 368 370 373 375 378 379 381 382 383
207 207 207 207 207 207 207 207 207 207 207 207 207 207 207 207 207 207 207 207 207 207 207 207 207 207 207 207 207 207 207 207 207 207 207 207 207 207 207 207 207 207 207 217 217 217 217 217 217 217 217 217 217 217 217 217 217 217 217 217 217 217 217 217 217 217 217 217 301 301 301 301 303 311 318 324 331 336 341 345 350 354 358 361 364 368 370 372 374 376 379 381 382 383
207 207 207 207 207 207 207 207 207 207 207 207 207 207 207 207 207 207 207 207 207 207 207 207 207 207 207 207 207 207 207 207 207 207 207 207 207 207 207 207 207 207 207 207 207 217 217 217 217 217 217 217 217 217 217 217 217 217 217 217 217 217 217 217 217 217 217 217 301 301 301 301 303 311 318 324 330 336 341 345 349 354 357 361 364 366 370 372 374 376 379 380 382 383
207 207 207 207 207 207 207 207 207 207 207 207 207 207 207 207 207 207 207 207 207 207 207 207 207 207 207 207 207 207 207 207 207 207 207 207 207 207 207 207 207 207 207 207 207 207 217 217 217 217 217 217 217 217 217 217 217 217 217 217 217 217 217 217 217 217 217 217 301 301 301 301 302 310 317 323 329 335 340 345 349 353 357 360 363 366 369 372 374 376 378 380 381 383
207 207 207 207 207 207 207 207 207 207 207 207 207 207 207 207 207 207 207 207 207 207 207 207 207 207 207 207 207 207 207 207 207 207 207 207 207 207 207 207 207 207 207 207 207 207 207 217 217 217 217 217 217 217 217 217 217 217 217 217 217 217 217 217 217 217 217 217 301 301 301 301 302 310 317 323 329 334 340 344 348 352 357 360 363 366 368 371 374 375 377 380 381 382
207 207 207 207 207 207 207 207 207 207 207 207 207 207 207 207 207 207 207 207 207 207 207 207 207 207 207 207 207 207 207 207 207 207 207 207 207 207 207 207 207 207 207 207 207 207 207 207 217 217 217 217 217 217 217 217 217 217 217 217 217 217 217 217 217 217 217 217 301 301 301 301 301 309 316 323 328 334 339 344 348 352 355 360 363 365 368 371 373 375 377 378 381 382
207 207 207 207 207 207 207 207 207 207 207 207 207 207 207 207 207 207 207 207 207 207 207 207 207 207 207 207 207 207 207 207 207 207 207 207 207 207 207 207 207 207 207 207 207 207 207 207 207 217 217 217 217 217 217 217 217 217 217 217 217 217 217 217 217 217 217 217 301 301 301 301 301 309 316 322 328 333 338 344 348 352 355 359 362 365 368 370 373 375 377 378 380 382
207 207 207 207 207 207 207 207 207 207 207 207 207 207 207 207 207 207 207 207 207 207 207 207 207 207 207 207 207 207 207 207 207 207 207 207 207 207 207 207 207 207 207 207 207 207 207 207 207 207 207 217 217 217 217 217 217 217 217 217 217 217 217 217 217 217 217 217 301 301 301 301 301 308 315 322 328 333 338 342 347 351 355 358 362 365 367 370 372 375 376 378 379 381
207 207 207 207 207 207 207 207 207 207 207 207 207 207 207 207 207 207 207 207 207 207 207 207 207 207 207 207 207 207 207 207 207 207 207 207 207 207 207 207 207 207 207 207 207 207 207 207 207 207 207 207 217 217 217 217 217 217 217 217 217 217 217 217 217 217 217 217 301 301 301 301 301 308 315 321 327 332 337 342 347 351 354 358 361 364 367 369 371 374 376 378 379 380
207 207 207 207 207 207 207 207 207 207 207 207 207 207 207 207 207 207 207 207 207 207 207 207 207 207 207 207 207 207 207 207 207 207 207 207 207 207 207 207 207 207 207 207 207 207 207 207 207 207 207 207 207 217 217 217 217 217 217 217 217 217 217 217 217 217 217 217 301 301 301 301 301 307 314 321 327 332 337 341 346 350 354 357 360 364 367 369 371 373 376 377 379 380
207 207 207 207 207 207 207 207 207 207 207 207 207 207 207 207 207 207 207 207 207 207 207 207 207 207 207 207 207 207 207 207 207 207 207 207 207 207 207 207 207 207 207 207 207 207 207 207 207 207 207 207 207 207 217 217 217 217 217 217 217 217 217 217 217 217 217 217 301 301 301 301 301 306 314 320 326 332 337 341 345 350 354 357 360 363 366 369 371 373 374 377 378 380
207 207 207 207 207 207 207 207 207 207 207 207 207 207 207 207 207 207 207 207 207 207 207 207 207 207 207 207 207 207 207 207 207 207 207 207 207 207 207 207 207 207 207 207 207 207 207 207 207 207 207 207 207 207 207 207 217 217 217 217 217 217 217 217 217 217 217 217 301 301 301 301 301 306 313 320 326 331 336 341 345 349 353 357 360 362 365 368 370 372 374 377 378 379
207 207 207 207 207 207 207 207 207 207 207 207 207 207 207 207 207 207 207 207 207 207 207 207 207 207 207 207 207 207 207 207 207 207 207 207 207 207 207 207 207 207 207 207 207 207 207 207 207 207 207 207 207 207 207 207 207 217 217 217 217 217 217 217 217 217 217 217 301 301 301 301 301 305 313 319 325 331 336 340 344 348 352 356 359 362 365 368 370 372 374 375 378 379
207 207 207 207 207 207 207 207 207 207 207 207 207 207 207 207 207 207 207 207 207 207 207 207 207 207 207 207 207 207 207 207 207 207 207 207 207 207 207 207 207 207 207 207 207 207 207 207 207 207 207 207 207 207 207 207 207 207 217 217 217 217 217 217 217 217 217 217 301 301 301 301 301 305 312 319 325 330 335 340 344 348 352 356 359 362 364 367 370 372 373 375 376 379
207 207 207 207 207 207 207 207 207 207 207 207 207 207 207 207 207 207 207 207 207 207 207 207 207 207 207 207 207 207 207 207 207 207 207 207 207 207 207 207 207 207 207 207 207 207 207 207 207 207 207 207 207 207 207 207 207 207 207 207 217 217 217 217 217 217 217 217 301 301 301 301 301 304 312 318 324 330 335 339 344 348 351 354 359 361 364 366 368 371 373 375 376 378
