testData/tiles/oneDegreeCosts/grid48.0-6.0-49.0-7.0.asc
ncols   200
nrows   200
xllcorner   48.0
yllcorner   6.0
cellsize   0.005
NODATA_value   -9999.0
[rows 114 to 151 of 200, columns 84 to 167 of 200]
1052 1052 1052 1050 1050 1050 1050 1049 1049 1049 1049 1048 1048 1048 1048 1047 1047 1047 1046 1046 1046 1046 1045 1045 1045 1044 1044 1044 1044 1043 1043 1043 1042 1042 1042 1041 1041 1041 1041 1040 1040 1040 1039 1039 1039 1038 1038 1038 1037 1037 1037 1036 1036 1036 1035 1035 1034 1034 1034 1033 1033 1033 1032 1032 1032 1031 1031 1030 1030 1030 1029 1029 1028 1028 1028 1027 1027 1026 1026 1026 1025 1025 1024 1024
1051 1051 1050 1050 1049 1049 1049 1049 1048 1048 1048 1048 1047 1047 1047 1047 1046 1046 1046 1046 1045 1045 1045 1044 1044 1044 1044 1043 1043 1043 1042 1042 1042 1041 1041 1041 1040 1040 1040 1040 1039 1039 1039 1038 1038 1038 1037 1037 1037 1036 1036 1036 1035 1035 1034 1034 1034 1033 1033 1033 1032 1032 1032 1031 1031 1030 1030 1030 1029 1029 1028 1028 1028 1027 1027 1027 1026 1026 1025 1025 1024 1024 1024 1023
1051 1050 1049 1049 1049 1049 1048 1048 1048 1048 1047 1047 1047 1046 1046 1046 1046 1045 1045 1045 1045 1044 1044 1044 1043 1043 1043 1043 1042 1042 1042 1041 1041 1041 1040 1040 1040 1039 1039 1039 1039 1038 1038 1038 1037 1037 1037 1036 1036 1036 1035 1035 1034 1034 1034 1033 1033 1033 1032 1032 1032 1031 1031 1030 1030 1030 1029 1029 1029 1028 1028 1027 1027 1027 1026 1026 1025 1025 1025 1024 1024 1023 1023 1022
1049 1049 1049 1048 1048 1048 1048 1047 1047 1047 1047 1046 1046 1046 1046 1045 1045 1045 1044 1044 1044 1044 1043 1043 1043 1042 1042 1042 1042 1041 1041 1041 1040 1040 1040 1039 1039 1039 1038 1038 1038 1037 1037 1037 1036 1036 1036 1035 1035 1035 1034 1034 1034 1033 1033 1033 1032 1032 1032 1031 1031 1030 1030 1030 1029 1029 1029 1028 1028 1027 1027 1027 1026 1026 1025 1025 1025 1024 1024 1023 1023 1023 1022 1022
1048 1048 1048 1048 1047 1047 1047 1047 1046 1046 1046 1046 1045 1045 1045 1045 1044 1044 1044 1043 1043 1043 1043 1042 1042 1042 1041 1041 1041 1041 1040 1040 1040 1039 1039 1039 1038 1038 1038 1037 1037 1037 1036 1036 1036 1035 1035 1035 1034 1034 1034 1033 1033 1033 1032 1032 1032 1031 1031 1030 1030 1030 1029 1029 1029 1028 1028 1027 1027 1027 1026 1026 1025 1025 1025 1024 1024 1023 1023 1023 1022 1022 1021 1021
1048 1048 1047 1047 1047 1047 1046 1046 1046 1046 1045 1045 1045 1044 1044 1044 1044 1043 1043 1043 1042 1042 1042 1042 1041 1041 1041 1040 1040 1040 1040 1039 1039 1039 1038 1038 1038 1037 1037 1037 1036 1036 1036 1035 1035 1035 1034 1034 1034 1033 1033 1033 1032 1032 1032 1031 1031 1030 1030 1030 1029 1029 1029 1028 1028 1027 1027 1027 1026 1026 1026 1025 1025 1024 1024 1023 1023 1023 1022 1022 1021 1021 1021 1020
1047 1047 1047 1046 1046 1046 1046 1045 1045 1045 1045 1044 1044 1044 1043 1043 1043 1043 1042 1042 1042 1042 1041 1041 1041 1040 1040 1040 1039 1039 1039 1039 1038 1038 1038 1037 1037 1037 1036 1036 1036 1035 1035 1035 1034 1034 1034 1033 1033 1033 1032 1032 1032 1031 1031 1030 1030 1030 1029 1029 1029 1028 1028 1027 1027 1027 1026 1026 1026 1025 1025 1024 1024 1024 1023 1023 1022 1022 1021 1021 1021 1020 1020 1019
1046 1046 1046 1046 1045 1045 1045 1045 1044 1044 1044 1044 1043 1043 1043 1042 1042 1042 1042 1041 1041 1041 1041 1040 1040 1040 1039 1039 1039 1038 1038 1038 1037 1037 1037 1037 1036 1036 1036 1035 1035 1035 1034 1034 1034 1033 1033 1033 1032 1032 1032 1031 1031 1030 1030 1030 1029 1029 1029 1028 1028 1027 1027 1027 1026 1026 1026 1025 1025 1024 1024 1024 1023 1023 1022 1022 1022 1021 1021 1020 1020 1019 1019 1019
1046 1045 1045 1045 1045 1044 1044 1044 1044 1043 1043 1043 1043 1042 1042 1042 1041 1041 1041 1041 1040 1040 1040 1039 1039 1039 1039 1038 1038 1038 1037 1037 1037 1036 1036 1036 1035 1035 1035 1035 1034 1034 1034 1033 1033 1032 1032 1032 1031 1031 1031 1030 1030 1030 1029 1029 1029 1028 1028 1027 1027 1027 1026 1026 1026 1025 1025 1024 1024 1024 1023 1023 1022 1022 1022 1021 1021 1020 1020 1019 1019 1019 1018 1018
1045 1045 1045 1044 1044 1044 1043 1043 1043 1043 1042 1042 1042 1042 1041 1041 1041 1040 1040 1040 1040 1039 1039 1039 1038 1038 1038 1038 1037 1037 1037 1036 1036 1036 1035 1035 1035 1034 1034 1034 1033 1033 1033 1032 1032 1032 1031 1031 1031 1030 1030 1030 1029 1029 1029 1028 1028 1027 1027 1027 1026 1026 1026 1025 1025 1024 1024 1024 1023 1023 1022 1022 1022 1021 1021 1020 1020 1019 1019 1019 1018 1018 1017 1017
1044 1044 1044 1044 1043 1043 1043 1042 1042 1042 1042 1041 1041 1041 1041 1040 1040 1040 1039 1039 1039 1039 1038 1038 1038 1037 1037 1037 1036 1036 1036 1036 1035 1035 1035 1034 1034 1034 1033 1033 1033 1032 1032 1032 1031 1031 1031 1030 1030 1030 1029 1029 1028 1028 1028 1027 1027 1027 1026 1026 1026 1025 1025 1024 1024 1024 1023 1023 1022 1022 1022 1021 1021 1020 1020 1020 1019 1019 1018 1018 1017 1017 1016 1016
1044 1043 1043 1043 1043 1042 1042 1042 1041 1041 1041 1041 1040 1040 1040 1040 1039 1039 1039 1038 1038 1038 1038 1037 1037 1037 1036 1036 1036 1035 1035 1035 1034 1034 1034 1034 1033 1033 1033 1032 1032 1032 1031 1031 1031 1030 1030 1029 1029 1029 1028 1028 1028 1027 1027 1027 1026 1026 1025 1025 1025 1024 1024 1024 1023 1023 1022 1022 1022 1021 1021 1020 1020 1020 1019 1019 1018 1018 1017 1017 1017 1016 1016 1015
1043 1043 1042 1042 1042 1042 1041 1041 1041 1040 1040 1040 1040 1039 1039 1039 1039 1038 1038 1038 1037 1037 1037 1036 1036 1036 1036 1035 1035 1035 1034 1034 1034 1033 1033 1033 1032 1032 1032 1031 1031 1031 1030 1030 1030 1029 1029 1029 1028 1028 1028 1027 1027 1027 1026 1026 1025 1025 1025 1024 1024 1024 1023 1023 1022 1022 1022 1021 1021 1020 1020 1020 1019 1019 1018 1018 1017 1017 1017 1016 1016 1015 1015 1014
1042 1042 1042 1041 1041 1041 1041 1040 1040 1040 1039 1039 1039 1039 1038 1038 1038 1037 1037 1037 1037 1036 1036 1036 1035 1035 1035 1035 1034 1034 1034 1033 1033 1033 1032 1032 1032 1031 1031 1031 1030 1030 1030 1029 1029 1029 1028 1028 1028 1027 1027 1026 1026 1026 1025 1025 1025 1024 1024 1023 1023 1023 1022 1022 1022 1021 1021 1020 1020 1019 1019 1019 1018 1018 1017 1017 1017 1016 1016 1015 1015 1014 1014 1013
1041 1041 1041 1041 1040 1040 1040 1039 1039 1039 1039 1038 1038 1038 1038 1037 1037 1037 1036 1036 1036 1036 1035 1035 1035 1034 1034 1034 1033 1033 1033 1032 1032 1032 1031 1031 1031 1031 1030 1030 1030 1029 1029 1028 1028 1028 1027 1027 1027 1026 1026 1026 1025 1025 1025 1024 1024 1023 1023 1023 1022 1022 1021 1021 1021 1020 1020 1019 1019 1019 1018 1018 1017 1017 1017 1016 1016 1015 1015 1014 1014 1014 1013 1013
1041 1040 1040 1040 1040 1039 1039 1039 1038 1038 1038 1038 1037 1037 1037 1036 1036 1036 1036 1035 1035 1035 1034 1034 1034 1034 1033 1033 1033 1032 1032 1032 1031 1031 1031 1030 1030 1030 1029 1029 1029 1028 1028 1028 1027 1027 1027 1026 1026 1026 1025 1025 1024 1024 1024 1023 1023 1023 1022 1022 1021 1021 1021 1020 1020 1019 1019 1019 1018 1018 1017 1017 1017 1016 1016 1015 1015 1014 1014 1014 1013 1013 1012 1012
1040 1040 1039 1039 1039 1038 1038 1038 1038 1037 1037 1037 1037 1036 1036 1036 1035 1035 1035 1035 1034 1034 1034 1033 1033 1033 1032 1032 1032 1031 1031 1031 1031 1030 1030 1030 1029 1029 1029 1028 1028 1028 1027 1027 1026 1026 1026 1025 1025 1025 1024 1024 1024 1023 1023 1022 1022 1022 1021 1021 1021 1020 1020 1019 1019 1019 1018 1018 1017 1017 1016 1016 1016 1015 1015 1014 1014 1013 1013 1013 1012 1012 1011 1011
1039 1039 1038 1038 1038 1038 1037 1037 1037 1037 1036 1036 1036 1035 1035 1035 1035 1034 1034 1034 1033 1033 1033 1033 1032 1032 1032 1031 1031 1031 1030 1030 1030 1029 1029 1029 1028 1028 1028 1027 1027 1027 1026 1026 1026 1025 1025 1025 1024 1024 1023 1023 1023 1022 1022 1022 1021 1021 1020 1020 1020 1019 1019 1018 1018 1018 1017 1017 1016 1016 1016 1015 1015 1014 1014 1013 1013 1013 1012 1012 1011 1011 1010 1010
1038 1038 1038 1037 1037 1037 1037 1036 1036 1036 1036 1035 1035 1035 1034 1034 1034 1034 1033 1033 1033 1032 1032 1032 1031 1031 1031 1030 1030 1030 1030 1029 1029 1029 1028 1028 1028 1027 1027 1027 1026 1026 1025 1025 1025 1024 1024 1024 1023 1023 1023 1022 1022 1022 1021 1021 1020 1020 1020 1019 1019 1018 1018 1018 1017 1017 1016 1016 1016 1015 1015 1014 1014 1013 1013 1013 1012 1012 1011 1011 1010 1010 1009 1009
1037 1037 1037 1037 1036 1036 1036 1036 1035 1035 1035 1034 1034 1034 1034 1033 1033 1033 1032 1032 1032 1032 1031 1031 1031 1030 1030 1030 1029 1029 1029 1028 1028 1028 1027 1027 1027 1026 1026 1026 1025 1025 1025 1024 1024 1024 1023 1023 1022 1022 1022 1021 1021 1021 1020 1020 1019 1019 1019 1018 1018 1018 1017 1017 1016 1016 1015 1015 1015 1014 1014 1013 1013 1013 1012 1012 1011 1011 1010 1010 1009 1009 1008 1008
1037 1036 1036 1036 1036 1035 1035 1035 1034 1034 1034 1034 1033 1033 1033 1032 1032 1032 1032 1031 1031 1031 1030 1030 1030 1029 1029 1029 1028 1028 1028 1028 1027 1027 1027 1026 1026 1026 1025 1025 1024 1024 1024 1023 1023 1023 1022 1022 1022 1021 1021 1020 1020 1020 1019 1019 1019 1018 1018 1017 1017 1017 1016 1016 1015 1015 1015 1014 1014 1013 1013 1012 1012 1012 1011 1011 1010 1010 1009 1009 1008 1008 1008 1007
1036 1036 1035 1035 1035 1034 1034 1034 1034 1033 1033 1033 1032 1032 1032 1032 1031 1031 1031 1030 1030 1030 1030 1029 1029 1029 1028 1028 1028 1027 1027 1027 1026 1026 1026 1025 1025 1025 1024 1024 1024 1023 1023 1023 1022 1022 1021 1021 1021 1020 1020 1020 1019 1019 1018 1018 1018 1017 1017 1017 1016 1016 1015 1015 1014 1014 1014 1013 1013 1012 1012 1012 1011 1011 1010 1010 1009 1009 1008 1008 1008 1007 1007 1006
1035 1035 1034 1034 1034 1034 1033 1033 1033 1032 1032 1032 1032 1031 1031 1031 1030 1030 1030 1030 1029 1029 1029 1028 1028 1028 1027 1027 1027 1026 1026 1026 1025 1025 1025 1024 1024 1024 1023 1023 1023 1022 1022 1022 1021 1021 1021 1020 1020 1019 1019 1019 1018 1018 1018 1017 1017 1016 1016 1016 1015 1015 1014 1014 1014 1013 1013 1012 1012 1011 1011 1011 1010 1010 1009 1009 1008 1008 1007 1007 1007 1006 1006 1006
1034 1034 1034 1033 1033 1033 1032 1032 1032 1032 1031 1031 1031 1030 1030 1030 1030 1029 1029 1029 1028 1028 1028 1027 1027 1027 1027 1026 1026 1026 1025 1025 1025 1024 1024 1024 1023 1023 1023 1022 1022 1021 1021 1021 1020 1020 1020 1019 1019 1019 1018 1018 1017 1017 1017 1016 1016 1015 1015 1015 1014 1014 1013 1013 1013 1012 1012 1011 1011 1010 1010 1010 1009 1009 1008 1008 1007 1007 1007 1007 1148 1148 1148 1148
1033 1033 1033 1032 1032 1032 1032 1031 1031 1031 1030 1030 1030 1030 1029 1029 1029 1028 1028 1028 1028 1027 1027 1027 1026 1026 1026 1025 1025 1025 1024 1024 1024 1023 1023 1023 1022 1022 1022 1021 1021 1021 1020 1020 1019 1019 1019 1018 1018 1018 1017 1017 1016 1016 1016 1015 1015 1015 1014 1014 1013 1013 1012 1012 1012 1011 1011 1010 1010 1010 1009 1009 1008 1008 1008 1149 1148 1148 1148 1148 1148 1148 1148 1148
1032 1032 1032 1032 1031 1031 1031 1030 1030 1030 1030 1029 1029 1029 1028 1028 1028 1028 1027 1027 1027 1026 1026 1026 1025 1025 1025 1024 1024 1024 1023 1023 1023 1022 1022 1022 1021 1021 1021 1020 1020 1020 1019 1019 1019 1018 1018 1017 1017 1017 1016 1016 1016 1015 1015 1014 1014 1014 1013 1013 1012 1012 1012 1011 1011 1010 1010 1009 1009 1009 1009 1150 1149 1149 1148 1148 1148 1148 1148 1148 1148 1148 1148 1148
1032 1031 1031 1031 1030 1030 1030 1030 1029 1029 1029 1028 1028 1028 1028 1027 1027 1027 1026 1026 1026 1025 1025 1025 1024 1024 1024 1024 1023 1023 1023 1022 1022 1022 1021 1021 1020 1020 1020 1019 1019 1019 1018 1018 1018 1017 1017 1016 1016 1016 1015 1015 1015 1014 1014 1013 1013 1013 1012 1012 1011 1011 1011 1010 1010 1010 1010 1150 1150 1150 1149 1149 1148 1148 1148 1148 1148 1148 1148 1148 1148 1148 1148 1148
1031 1030 1030 1030 1030 1029 1029 1029 1028 1028 1028 1028 1027 1027 1027 1026 1026 1026 1025 1025 1025 1025 1024 1024 1024 1023 1023 1023 1022 1022 1022 1021 1021 1021 1020 1020 1020 1019 1019 1018 1018 1018 1017 1017 1017 1016 1016 1016 1015 1015 1014 1014 1014 1013 1013 1012 1012 1012 1011 1011 1011 1011 1152 1151 1151 1150 1150 1149 1149 1149 1148 1148 1148 1148 1148 1148 1148 1148 1148 1148 1148 1148 1148 1148
1030 1029 1029 1029 1029 1028 1028 1028 1028 1027 1027 1027 1026 1026 1026 1025 1025 1025 1025 1024 1024 1024 1023 1023 1023 1022 1022 1022 1021 1021 1021 1020 1020 1020 1019 1019 1019 1018 1018 1018 1017 1017 1016 1016 1016 1015 1015 1015 1014 1014 1013 1013 1013 1012 1012 1011 1011 1011 1011 1152 1151 1151 1151 1150 1150 1149 1149 1148 1148 1148 1148 1148 1148 1148 1148 1148 1148 1148 1148 1148 1148 1148 1148 1148
1029 1029 1028 1028 1028 1027 1027 1027 1027 1026 1026 1026 1025 1025 1025 1025 1024 1024 1024 1023 1023 1023 1022 1022 1022 1021 1021 1021 1020 1020 1020 1019 1019 1019 1018 1018 1018 1017 1017 1017 1016 1016 1015 1015 1015 1014 1014 1014 1013 1013 1012 1012 1012 1012 1012 1152 1152 1152 1151 1151 1150 1150 1150 1149 1149 1148 1148 1148 1148 1148 1148 1148 1148 1148 1148 1148 1148 1148 1148 1148 1148 1148 1148 1148
1028 1028 1027 1027 1027 1027 1026 1026 1026 1025 1025 1025 1024 1024 1024 1024 1023 1023 1023 1022 1022 1022 1021 1021 1021 1020 1020 1020 1019 1019 1019 1018 1018 1018 1017 1017 1017 1016 1016 1016 1015 1015 1014 1014 1014 1013 1013 1013 1012 1012 1012 1153 1153 1152 1152 1151 1151 1151 1150 1150 1149 1149 1149 1148 1148 1148 1148 1148 1148 1148 1148 1148 1148 1148 1148 1148 1148 1148 1148 1148 1148 1148 1148 1148
1027 1027 1026 1026 1026 1026 1025 1025 1025 1024 1024 1024 1024 1023 1023 1023 1022 1022 1022 1021 1021 1021 1020 1020 1020 1019 1019 1019 1018 1018 1018 1017 1017 1017 1016 1016 1016 1015 1015 1015 1014 1014 1013 1013 1013 1013 1013 1154 1153 1153 1152 1152 1152 1151 1151 1150 1150 1150 1149 1149 1148 1148 1148 1148 1148 1148 1148 1148 1148 1148 1148 1148 1148 1148 1148 1148 1148 1148 1148 1148 1148 1148 1148 1148
1026 1026 1025 1025 1025 1025 1024 1024 1024 1023 1023 1023 1023 1022 1022 1022 1021 1021 1021 1020 1020 1020 1019 1019 1019 1018 1018 1018 1017 1017 1017 1016 1016 1016 1015 1015 1015 1014 1014 1014 1013 1013 1013 1013 1154 1153 1153 1153 1152 1152 1151 1151 1151 1150 1150 1149 1149 1149 1148 1148 1148 1148 1148 1148 1148 1148 1148 1148 1148 1148 1148 1148 1148 1148 1148 1148 1148 1148 1148 1148 1148 1148 1148 1148
1025 1025 1025 1024 1024 1024 1023 1023 1023 1023 1022 1022 1022 1021 1021 1021 1020 1020 1020 1019 1019 1019 1018 1018 1018 1017 1017 1017 1016 1016 1016 1015 1015 1015 1014 1014 1014 1013 1013 1013 1013 1154 1153 1153 1153 1152 1152 1152 1151 1151 1150 1150 1150 1149 1149 1148 1148 1148 1148 1148 1148 1148 1148 1148 1148 1148 1148 1148 1148 1148 1148 1148 1148 1148 1148 1148 1148 1148 1148 1148 1148 1148 1148 1148
1024 1024 1024 1023 1023 1023 1022 1022 1022 1022 1021 1021 1021 1020 1020 1020 1019 1019 1019 1018 1018 1018 1017 1017 1017 1016 1016 1016 1015 1015 1015 1014 1014 1014 1014 1014 1014 1154 1154 1154 1153 1153 1152 1152 1152 1151 1151 1150 1150 1150 1149 1149 1148 1148 1148 1148 1148 1148 1148 1148 1148 1148 1148 1148 1148 1148 1148 1148 1148 1148 1148 1148 1148 1148 1148 1148 1148 1148 1148 1148 1148 1148 1148 1148
1023 1023 1023 1022 1022 1022 1021 1021 1021 1021 1020 1020 1020 1019 1019 1019 1018 1018 1018 1017 1017 1017 1016 1016 1016 1015 1015 1015 1014 1014 1014 1014 1014 1014 1154 1154 1154 1153 1153 1152 1152 1152 1151 1151 1151 1150 1150 1149 1149 1149 1148 1148 1148 1148 1148 1148 1148 1148 1148 1148 1148 1148 1148 1148 1148 1148 1148 1148 1148 1148 1148 1148 1148 1148 1148 1148 1148 1148 1148 1148 1148 1148 1148 1148
1022 1022 1022 1021 1021 1021 1020 1020 1020 1020 1019 1019 1019 1018 1018 1018 1017 1017 1017 1016 1016 1016 1015 1015 1015 1014 1014 1014 1014 1014 1014 1154 1154 1154 1153 1153 1153 1152 1152 1151 1151 1151 1150 1150 1150 1149 1149 1148 1148 1148 1148 1148 1148 1148 1148 1148 1148 1148 1148 1148 1148 1148 1148 1148 1148 1148 1148 1148 1148 1148 1148 1148 1148 1148 1148 1148 1148 1148 1148 1148 1148 1148 1148 1148
1021 1021 1021 1020 1020 1020 1019 1019 1019 1019 1018 1018 1018 1017 1017 1017 1016 1016 1016 1015 1015 1015 1014 1014 1014 1014 1014 1014 1154 1154 1154 1153 1153 1153 1152 1152 1151 1151 1151 1150 1150 1150 1149 1149 1148 1148 1148 1148 1148 1148 1148 1148 1148 1148 1148 1148 1148 1148 1148 1148 1148 1148 1148 1148 1148 1148 1148 1148 1148 1148 1148 1148 1148 1148 1148 1148 1148 1148 1148 1148 1148 1148 1148 1148
