testData/tiles/oneDegreeCosts/grid40.0-22.0-41.0-23.0.asc
ncols   200
nrows   200
xllcorner   40.0
yllcorner   22.0
cellsize   0.005
NODATA_value   -9999.0
[rows 0 to 41 of 200, columns 94 to 187 of 200]
678 678 678 677 676 676 676 676 675 675 675 674 674 673 673 673 673 672 671 671 671 670 670 670 669 669 668 668 668 668 666 666 666 666 666 664 664 664 664 663 662 662 662 662 661 660 660 660 659 658 658 658 657 657 656 656 656 655 654 654 654 653 653 653 653 653 652 652 652 652 651 651 651 651 650 650 650 650 650 649 649 649 649 648 648 648 648 647 647 647 647 647 646 646
677 676 676 675 675 675 675 675 674 673 673 673 672 672 672 672 671 670 670 670 670 669 668 668 668 668 667 667 666 666 665 665 665 664 663 663 663 663 662 661 661 661 661 659 659 659 659 658 657 657 657 657 655 655 655 655 655 654 654 654 654 653 653 653 653 652 652 652 652 652 651 651 651 651 650 650 650 650 649 649 649 649 649 648 648 648 648 647 647 647 647 646 646 646
675 675 675 674 674 674 674 672 672 672 672 672 671 671 670 670 669 669 669 669 668 667 667 667 667 666 665 665 665 665 664 663 663 663 662 662 661 661 661 660 660 659 659 658 658 658 657 656 656 656 656 656 655 655 655 655 654 654 654 654 654 653 653 653 653 652 652 652 652 651 651 651 651 651 650 650 650 650 649 649 649 649 648 648 648 648 648 647 647 647 647 646 646 646
674 674 673 673 672 672 672 671 671 671 671 669 669 669 669 669 668 668 667 667 666 666 666 666 665 664 664 664 664 662 662 662 662 662 660 660 660 660 659 658 658 658 658 657 657 657 657 656 656 656 656 655 655 655 655 655 654 654 654 654 653 653 653 653 653 652 652 652 652 651 651 651 651 650 650 650 650 650 649 649 649 649 648 648 648 648 647 647 647 647 647 646 646 646
673 672 671 671 671 671 670 670 669 669 669 668 668 668 668 666 666 666 666 666 665 664 664 664 663 663 663 662 662 661 661 661 660 659 659 659 659 659 658 658 658 658 657 657 657 657 657 656 656 656 656 655 655 655 655 654 654 654 654 654 653 653 653 653 652 652 652 652 652 651 651 651 651 650 650 650 650 649 649 649 649 649 648 648 648 648 647 647 647 647 646 646 646 646
671 670 670 670 670 669 668 668 668 668 667 667 666 666 666 665 665 665 664 663 663 663 663 663 661 661 661 661 660 660 660 660 660 659 659 659 659 658 658 658 658 658 657 657 657 657 656 656 656 656 656 655 655 655 655 654 654 654 654 653 653 653 653 653 652 652 652 652 651 651 651 651 651 650 650 650 650 649 649 649 649 648 648 648 648 648 647 647 647 647 646 646 646 646
670 669 668 668 668 667 667 667 667 666 665 665 665 665 665 663 663 663 663 662 662 662 662 662 661 661 661 661 660 660 660 660 659 659 659 659 659 658 658 658 658 657 657 657 657 657 656 656 656 656 655 655 655 655 655 654 654 654 654 653 653 653 653 653 652 652 652 652 651 651 651 651 650 650 650 650 650 649 649 649 649 648 648 648 648 647 647 647 647 647 646 646 646 646
667 667 667 667 667 665 665 665 665 665 664 664 664 664 663 663 663 663 663 662 662 662 662 661 661 661 661 661 660 660 660 660 659 659 659 659 659 658 658 658 658 657 657 657 657 656 656 656 656 656 655 655 655 655 654 654 654 654 654 653 653 653 653 652 652 652 652 652 651 651 651 651 650 650 650 650 649 649 649 649 649 648 648 648 648 647 647 647 647 646 646 646 646 646
666 666 666 666 666 665 665 665 665 664 664 664 664 664 663 663 663 663 662 662 662 662 662 661 661 661 661 660 660 660 660 660 659 659 659 659 658 658 658 658 658 657 657 657 657 656 656 656 656 656 655 655 655 655 654 654 654 654 653 653 653 653 653 652 652 652 652 651 651 651 651 651 650 650 650 650 649 649 649 649 648 648 648 648 648 647 647 647 647 646 646 646 646 646
666 666 666 666 665 665 665 665 665 664 664 664 664 663 663 663 663 663 662 662 662 662 661 661 661 661 661 660 660 660 660 659 659 659 659 659 658 658 658 658 657 657 657 657 657 656 656 656 656 655 655 655 655 655 654 654 654 654 653 653 653 653 652 652 652 652 652 651 651 651 651 650 650 650 650 650 649 649 649 649 648 648 648 648 647 647 647 647 647 646 646 646 646 645
666 666 666 666 665 665 665 665 664 664 664 664 664 663 663 663 663 662 662 662 662 662 661 661 661 661 660 660 660 660 660 659 659 659 659 658 658 658 658 658 657 657 657 657 656 656 656 656 656 655 655 655 655 654 654 654 654 654 653 653 653 653 652 652 652 652 651 651 651 651 651 650 650 650 650 649 649 649 649 649 648 648 648 648 647 647 647 647 646 646 646 646 646 645
666 666 666 665 665 665 665 665 664 664 664 664 663 663 663 663 663 662 662 662 662 661 661 661 661 661 660 660 660 660 659 659 659 659 659 658 658 658 658 657 657 657 657 657 656 656 656 656 655 655 655 655 655 654 654 654 654 653 653 653 653 653 652 652 652 652 651 651 651 651 651 650 650 650 650 649 649 649 649 648 648 648 648 648 647 647 647 647 646 646 646 646 646 645
666 666 666 665 665 665 665 664 664 664 664 664 663 663 663 663 662 662 662 662 662 661 661 661 661 660 660 660 660 660 659 659 659 659 658 658 658 658 658 657 657 657 657 656 656 656 656 656 655 655 655 655 654 654 654 654 654 653 653 653 653 652 652 652 652 652 651 651 651 651 650 650 650 650 650 649 649 649 649 648 648 648 648 647 647 647 647 647 646 646 646 646 645 645
666 666 665 665 665 665 665 664 664 664 664 663 663 663 663 663 662 662 662 662 661 661 661 661 661 660 660 660 660 660 659 659 659 659 658 658 658 658 658 657 657 657 657 656 656 656 656 656 655 655 655 655 654 654 654 654 653 653 653 653 653 652 652 652 652 651 651 651 651 651 650 650 650 650 649 649 649 649 649 648 648 648 648 647 647 647 647 646 646 646 646 646 645 645
666 666 665 665 665 665 664 664 664 664 664 663 663 663 663 662 662 662 662 662 661 661 661 661 661 660 660 660 660 659 659 659 659 659 658 658 658 658 657 657 657 657 657 656 656 656 656 655 655 655 655 655 654 654 654 654 653 653 653 653 653 652 652 652 652 651 651 651 651 650 650 650 650 650 649 649 649 649 648 648 648 648 648 647 647 647 647 646 646 592 592 592 592 592
666 665 665 665 665 665 664 664 664 664 663 663 663 663 663 662 662 662 662 662 661 661 661 661 660 660 660 660 660 659 659 659 659 658 658 658 658 658 657 657 657 657 656 656 656 656 656 655 655 655 655 654 654 654 654 654 653 653 653 653 652 652 652 652 652 651 651 651 651 650 650 650 650 649 649 649 649 649 648 648 648 648 647 647 592 592 592 592 592 592 592 592 592 592
666 665 665 665 665 664 664 664 664 664 663 663 663 663 662 662 662 662 662 661 661 661 661 661 660 660 660 660 659 659 659 659 659 658 658 658 658 657 657 657 657 657 656 656 656 656 655 655 655 655 655 654 654 654 654 653 653 653 653 653 652 652 652 652 651 651 651 651 651 650 650 650 650 649 649 649 649 649 648 592 592 592 592 592 592 592 592 592 592 592 592 592 592 592
665 665 665 665 665 664 664 664 664 663 663 663 663 663 662 662 662 662 662 661 661 661 661 660 660 660 660 660 659 659 659 659 658 658 658 658 658 657 657 657 657 656 656 656 656 656 655 655 655 655 654 654 654 654 654 653 653 653 653 652 652 652 652 652 651 651 651 651 650 650 650 650 650 592 592 592 592 592 592 592 592 592 592 592 592 592 592 592 592 592 592 592 592 592
665 665 665 665 664 664 664 664 664 663 663 663 663 662 662 662 662 662 661 661 661 661 661 660 660 660 660 659 659 659 659 659 658 658 658 658 657 657 657 657 657 656 656 656 656 655 655 655 655 655 654 654 654 654 653 653 653 653 653 652 652 652 652 651 651 651 651 592 592 592 592 592 592 592 592 592 592 592 592 592 592 592 592 592 592 592 592 592 592 592 592 592 592 592
665 665 665 665 664 664 664 664 663 663 663 663 663 662 662 662 662 662 661 661 661 661 660 660 660 660 660 659 659 659 659 658 658 658 658 658 657 657 657 657 656 656 656 656 656 655 655 655 655 655 654 654 654 654 653 653 653 653 653 652 592 592 592 592 592 592 592 592 592 592 592 592 592 592 592 592 592 592 592 592 592 592 592 592 592 592 592 592 592 592 592 592 592 592
665 665 665 664 664 664 664 664 663 663 663 663 662 662 662 662 662 661 661 661 661 661 660 660 660 660 659 659 659 659 659 658 658 658 658 657 657 657 657 657 656 656 656 656 656 655 655 655 655 654 654 654 654 593 592 592 592 592 592 592 592 592 592 592 592 592 592 592 592 592 592 592 592 592 592 592 592 592 592 592 592 592 592 592 592 592 592 592 592 592 592 592 592 592
665 665 665 664 664 664 664 663 663 663 663 663 662 662 662 662 662 661 661 661 661 660 660 660 660 660 659 659 659 659 658 658 658 658 658 657 657 657 657 657 656 656 656 656 655 655 594 594 594 593 593 593 593 592 592 592 592 592 592 592 592 592 592 592 592 592 592 592 592 592 592 592 592 592 592 592 592 592 592 592 592 592 592 592 592 592 592 592 592 592 592 592 592 592
665 665 664 664 664 664 664 663 663 663 663 662 662 662 662 662 661 661 661 661 661 660 660 660 660 659 659 659 659 659 658 658 658 658 658 657 657 657 596 595 595 595 595 595 594 594 594 594 593 593 593 593 593 592 592 592 592 592 592 592 592 592 592 592 592 592 592 592 592 592 592 592 592 592 592 592 592 592 592 592 592 592 592 592 592 592 592 592 592 592 592 592 592 592
665 665 664 664 664 664 663 663 663 663 663 662 662 662 662 662 661 661 661 661 660 660 660 660 660 659 659 659 659 658 597 597 597 597 596 596 596 596 596 595 595 595 595 594 594 594 594 594 593 593 593 593 592 592 592 592 592 592 592 592 592 592 592 592 592 592 592 592 592 592 592 592 592 592 592 592 592 592 592 592 592 592 592 592 592 592 592 592 592 592 592 592 592 592
665 664 664 664 664 664 663 663 663 663 662 662 662 662 662 661 661 661 661 661 599 599 599 599 598 598 598 598 598 597 597 597 597 597 596 596 596 596 595 595 595 595 595 594 594 594 594 593 593 593 593 593 592 592 592 592 592 592 592 592 592 592 592 592 592 592 592 592 592 592 592 592 592 592 592 592 592 592 592 592 592 592 592 592 592 592 592 592 592 592 592 592 592 592
664 664 664 664 664 663 663 663 663 602 601 601 601 601 601 600 600 600 600 599 599 599 599 599 598 598 598 598 598 597 597 597 597 596 596 596 596 596 595 595 595 595 594 594 594 594 594 593 593 593 593 592 592 592 592 592 592 592 592 592 592 592 592 592 592 592 592 592 592 592 592 592 592 592 592 592 592 592 592 592 592 592 592 592 592 592 592 592 592 592 592 592 592 592
603 603 603 603 603 602 602 602 602 601 601 601 601 601 600 600 600 600 600 599 599 599 599 598 598 598 598 598 597 597 597 597 597 596 596 596 596 595 595 595 595 595 594 594 594 594 593 593 593 593 593 592 592 592 592 592 592 592 592 592 592 592 592 592 592 592 592 592 592 592 592 592 592 592 592 592 592 592 592 592 592 592 592 592 592 592 592 592 592 592 592 592 592 592
603 603 603 603 602 602 602 602 602 601 601 601 601 601 600 600 600 600 599 599 599 599 599 598 598 598 598 598 597 597 597 597 596 596 596 596 596 595 595 595 595 594 594 594 594 594 593 593 593 593 593 592 592 592 592 592 592 592 592 592 592 592 592 592 592 592 592 592 592 592 592 592 592 592 592 592 592 592 592 592 592 592 592 592 592 592 592 592 592 592 592 592 592 592
603 603 603 603 602 602 602 602 601 601 601 601 601 600 600 600 600 600 599 599 599 599 598 598 598 598 598 597 597 597 597 597 596 596 596 596 595 595 595 595 595 594 594 594 594 593 593 593 593 593 592 592 592 592 592 592 592 592 592 592 592 592 592 592 592 592 592 592 592 592 592 592 592 592 592 592 592 592 592 592 592 592 592 592 592 592 592 592 592 592 592 592 592 592
603 603 603 602 602 602 602 602 601 601 601 601 600 600 600 600 600 599 599 599 599 599 598 598 598 598 598 597 597 597 597 596 596 596 596 596 595 595 595 595 594 594 594 594 594 593 593 593 593 593 592 592 592 592 592 592 592 592 592 592 592 592 592 592 592 592 592 592 592 592 592 592 592 592 592 592 592 592 592 592 592 592 592 592 592 592 592 592 592 592 592 592 592 592
745 603 602 602 602 602 602 601 601 601 601 601 600 600 600 600 600 599 599 599 599 598 598 598 598 598 597 597 597 597 597 596 596 596 596 595 595 595 595 595 594 594 594 594 594 593 593 593 593 592 592 592 592 592 592 592 592 592 592 592 592 592 592 592 592 592 592 592 592 592 592 592 592 592 592 592 592 592 592 592 592 592 592 592 592 592 592 592 592 592 592 592 592 592
745 745 602 602 602 602 602 601 601 601 601 600 600 600 600 600 599 599 599 599 599 598 598 598 598 597 597 597 597 597 596 596 596 596 596 595 595 595 595 594 594 594 594 594 593 593 593 593 593 592 592 592 592 592 592 592 592 592 592 592 592 592 592 592 592 592 592 592 592 592 592 592 592 592 592 592 592 592 592 592 592 592 592 592 592 592 592 592 592 592 592 592 592 592
745 744 744 602 602 602 601 601 601 601 601 600 600 600 600 600 599 599 599 599 598 598 598 598 598 597 597 597 597 597 596 596 596 596 595 595 595 595 595 594 594 594 594 594 593 593 593 593 592 592 592 592 592 592 592 592 592 592 592 592 592 592 592 592 592 592 592 592 592 592 592 592 592 592 592 592 592 592 592 592 592 592 592 592 592 592 592 592 592 592 592 592 592 592
745 744 744 744 602 601 601 601 601 601 600 600 600 600 600 599 599 599 599 599 598 598 598 598 597 597 597 597 597 596 596 596 596 596 595 595 595 595 594 594 594 594 594 593 593 593 593 593 592 592 592 592 592 592 592 592 592 592 592 592 592 592 592 592 592 592 592 592 592 592 592 592 592 592 592 592 592 592 592 592 592 592 592 592 592 592 592 592 592 592 592 592 592 592
744 744 744 744 744 601 601 601 601 601 600 600 600 600 599 599 599 599 599 598 598 598 598 598 597 597 597 597 597 596 596 596 596 595 595 595 595 595 594 594 594 594 594 593 593 593 593 592 592 592 592 592 592 592 592 592 592 592 592 592 592 592 592 592 592 592 592 592 592 592 592 592 592 592 592 592 592 592 592 592 592 592 592 592 592 592 592 592 592 592 592 592 592 592
744 744 744 744 743 743 601 601 601 600 600 600 600 600 599 599 599 599 599 598 598 598 598 597 597 597 597 597 596 596 596 596 596 595 595 595 595 594 594 594 594 594 593 593 593 593 593 592 592 592 592 592 592 592 592 592 592 592 592 592 592 592 592 592 592 592 592 592 592 592 592 592 592 592 592 592 592 592 592 592 592 592 592 592 592 592 592 592 592 592 592 592 592 592
744 744 744 744 743 743 743 601 600 600 600 600 600 599 599 599 599 599 598 598 598 598 598 597 597 597 597 597 596 596 596 596 595 595 595 595 595 594 594 594 594 594 593 593 593 593 592 592 592 592 592 592 592 592 592 592 592 592 592 592 592 592 592 592 592 592 592 592 592 592 592 592 592 592 592 592 592 592 592 592 592 592 592 592 592 592 592 592 592 592 592 592 592 592
744 744 744 743 743 743 743 743 600 600 600 600 600 599 599 599 599 598 598 598 598 598 597 597 597 597 597 596 596 809 596 596 595 595 595 595 594 594 594 594 594 593 593 593 593 593 592 592 592 592 592 592 592 592 592 592 592 592 592 592 592 592 592 592 592 592 592 592 592 592 592 592 592 592 592 592 592 592 592 592 592 592 592 592 592 592 592 592 592 592 592 592 592 592
744 744 743 743 956 956 956 955 955 813 813 813 812 812 812 812 812 811 811 811 811 811 810 810 810 810 809 809 809 809 809 808 808 808 808 808 807 807 807 807 807 806 806 806 806 805 805 805 805 805 804 804 804 804 803 592 592 592 592 592 592 592 592 592 592 592 592 592 592 592 592 592 592 592 592 592 592 592 592 592 592 592 592 592 592 592 592 592 592 592 592 592 592 592
957 957 956 956 956 956 956 955 955 955 813 813 812 812 812 812 811 811 811 811 811 810 810 810 810 810 809 809 809 809 809 808 808 808 808 807 807 807 807 807 806 806 806 806 806 805 805 805 805 804 804 804 804 804 803 803 803 803 803 802 802 802 802 801 801 801 592 592 592 592 592 592 592 592 592 592 592 592 592 592 592 592 592 592 592 592 592 592 592 592 592 592 592 592
957 956 956 956 956 956 955 955 955 955 955 812 812 812 812 812 811 811 811 811 811 810 810 810 810 809 809 809 809 809 808 808 808 808 808 807 807 807 807 806 806 806 806 806 805 805 805 805 805 804 804 804 804 803 803 803 803 803 802 802 802 802 802 801 801 801 801 800 800 800 800 800 799 799 592 592 592 592 592 592 592 592 592 592 592 592 592 592 592 592 592 592 592 592
957 956 956 956 956 955 955 955 955 955 954 954 812 812 812 811 811 811 811 811 810 810 810 810 810 809 809 809 809 808 808 808 808 808 807 807 807 807 807 806 806 806 806 806 805 805 805 805 804 804 804 804 804 803 803 803 803 803 802 802 802 802 801 801 801 801 801 800 800 800 800 799 799 799 799 799 798 798 798 705 705 592 592 592 592 592 592 592 592 592 592 592 592 592
