testData/tiles/oneDegreeCosts/grid49.0-37.0-50.0-38.0.asc
ncols   200
nrows   200
xllcorner   49.0
yllcorner   37.0
cellsize   0.005
NODATA_value   -9999.0
[rows 126 to 167 of 200, columns 0 to 93 of 200]
369 370 370 370 371 371 371 371 371 371 371 371 371 371 371 371 371 371 371 371 371 371 371 371 371 371 371 371 372 372 371 371 371 371 371 371 371 370 370 370 370 370 370 369 369 369 369 369 368 368 368 368 367 367 367 366 366 366 365 365 365 364 364 364 363 363 363 362 362 362 361 361 360 360 359 359 358 358 358 357 357 356 356 355 354 354 353 353 352 352 351 351 350 349
369 369 370 370 370 370 371 371 371 371 371 371 371 371 371 371 371 371 371 371 371 371 371 371 372 371 371 371 371 371 371 371 371 371 371 370 370 370 370 370 370 369 369 369 369 369 368 368 368 368 367 367 367 367 366 366 366 365 365 365 364 364 364 363 363 363 362 362 362 361 361 360 360 359 359 359 358 358 357 357 356 356 355 355 354 354 353 352 352 351 351 350 350 349
370 370 370 370 370 370 370 370 370 370 370 370 370 370 370 370 370 370 370 370 370 371 371 371 371 371 371 371 371 371 371 371 370 370 370 370 370 370 370 369 369 369 369 369 368 368 368 368 368 367 367 367 367 366 366 366 365 365 365 364 364 364 363 363 363 363 363 363 362 362 361 361 360 360 360 358 358 357 357 356 356 355 355 354 354 353 353 352 351 351 350 350 349 349
369 369 370 370 370 370 370 370 370 370 370 370 370 370 370 370 370 370 371 371 371 371 371 371 371 371 371 371 371 370 370 370 370 370 370 370 370 369 369 369 369 369 368 368 368 368 368 367 367 367 367 367 367 367 367 366 366 366 365 365 365 364 364 364 363 363 363 362 362 361 361 361 360 360 359 359 358 358 357 357 356 356 355 355 354 354 353 353 352 351 350 349 349 348
369 369 369 369 369 369 369 370 370 370 370 370 370 370 370 371 371 371 371 371 371 371 371 371 370 370 370 370 370 370 370 370 370 370 369 369 369 369 369 369 368 368 368 368 368 368 368 368 368 368 367 367 367 366 366 366 366 365 365 365 364 364 364 363 363 363 362 362 361 361 361 360 360 359 359 358 358 357 357 356 356 355 355 354 354 353 353 352 352 351 351 350 349 349
369 369 369 369 369 369 369 369 369 369 369 369 370 370 370 370 370 370 370 370 370 370 370 370 370 370 370 370 370 370 370 369 369 369 369 369 369 369 369 369 369 369 369 369 368 368 368 368 367 367 367 367 366 366 366 366 365 365 365 364 364 364 363 363 363 362 362 361 361 361 360 360 359 359 358 358 358 357 357 356 356 355 355 354 354 353 352 352 351 351 350 350 349 348
368 368 368 368 369 369 369 369 369 369 370 370 370 370 370 370 370 370 370 370 370 370 370 370 370 370 370 369 369 369 369 369 369 369 369 370 369 369 369 369 369 369 368 368 368 368 367 367 367 367 367 366 366 366 365 365 365 365 364 364 364 363 363 363 362 362 361 361 361 360 360 359 359 358 358 358 357 357 356 356 355 355 354 354 353 353 352 351 351 350 350 349 349 348
368 368 368 368 368 368 368 369 369 370 370 370 370 370 370 370 370 370 370 370 370 370 369 369 369 369 369 369 369 369 369 370 370 369 369 369 369 369 369 369 368 368 368 368 368 367 367 367 367 366 366 366 366 365 365 365 364 364 364 363 363 363 362 362 362 361 361 361 360 360 359 359 359 358 358 357 357 356 356 355 355 354 354 353 353 352 352 351 350 350 349 349 348 347
367 368 368 368 368 369 369 369 369 369 369 369 369 369 369 369 369 369 369 369 369 369 369 369 369 369 369 370 370 370 369 369 369 369 369 369 369 368 368 368 368 368 368 367 367 367 367 366 366 366 366 365 365 365 365 364 364 364 363 363 363 362 362 362 361 361 361 360 360 359 359 359 358 358 357 357 356 356 355 355 354 354 353 353 352 352 351 351 350 349 349 348 348 347
367 367 367 368 368 369 369 369 369 369 369 369 369 369 369 369 369 369 369 369 369 369 369 369 370 370 369 369 369 369 369 369 369 369 369 368 368 368 368 368 368 367 367 367 367 367 366 366 366 366 365 365 365 365 364 364 364 363 363 363 362 362 362 361 361 361 360 360 359 359 359 358 358 357 357 356 356 355 355 354 354 353 353 352 352 351 351 350 350 349 348 348 347 347
368 368 368 368 368 368 368 368 368 368 368 368 368 368 368 368 368 368 368 368 368 369 369 369 369 369 369 369 369 369 369 369 368 368 368 368 368 368 368 367 367 367 367 367 366 366 366 366 365 365 365 365 364 364 364 364 363 363 364 363 363 363 362 362 362 361 361 360 360 360 359 359 358 358 357 357 357 356 356 355 355 354 354 352 351 351 350 350 349 349 348 347 347 346
367 367 367 368 368 368 368 368 368 368 368 368 368 368 368 368 368 368 369 369 369 369 369 369 369 369 369 369 368 368 368 368 368 368 368 368 367 367 367 367 367 367 366 366 366 366 366 365 365 366 366 365 365 365 364 364 364 364 363 363 363 362 362 362 361 361 360 360 360 359 359 358 358 357 357 357 356 356 355 355 354 354 353 353 352 352 351 350 350 349 349 348 346 346
367 367 367 367 367 367 367 367 368 368 368 368 368 368 368 369 369 369 369 369 369 369 369 368 368 368 368 368 368 368 368 368 368 368 367 367 367 367 367 367 366 366 366 367 367 366 366 366 366 365 365 365 365 364 364 364 363 363 363 363 362 362 361 361 361 360 360 360 359 359 358 358 358 357 357 356 356 355 355 354 354 353 353 352 352 351 351 350 349 349 348 348 347 346
367 367 367 367 367 367 367 367 367 367 367 367 368 368 368 368 368 368 368 368 368 368 368 368 368 368 368 368 368 368 368 367 367 367 367 367 367 367 367 367 367 367 367 366 366 366 366 366 365 365 365 365 364 364 364 363 363 363 362 362 362 361 361 361 360 360 360 359 359 358 358 358 357 357 356 356 355 355 354 354 353 353 352 352 351 351 350 350 349 348 348 347 347 346
366 366 366 366 366 367 367 367 367 367 368 368 368 368 368 368 368 368 368 368 368 368 368 368 368 368 367 367 367 367 367 367 367 367 368 367 367 367 367 367 367 366 366 366 366 366 365 365 365 365 364 364 364 364 363 363 363 362 362 362 361 361 361 360 360 360 359 359 358 358 358 357 357 356 356 355 355 354 354 353 353 352 352 351 351 350 350 349 349 348 347 347 346 346
366 366 366 366 366 366 366 366 367 367 367 367 368 368 368 368 368 368 368 367 367 367 367 367 367 367 367 367 367 367 368 368 367 367 367 367 367 367 367 366 366 366 366 366 365 365 365 365 365 364 364 364 363 363 363 363 362 362 362 361 361 361 360 360 360 359 359 358 358 358 357 357 356 356 355 355 354 354 354 353 352 352 351 351 350 350 349 349 348 348 347 346 346 345
365 365 366 366 366 367 367 367 367 367 367 367 367 367 367 367 367 367 367 367 367 367 367 367 367 367 367 368 368 367 367 367 367 367 367 367 367 366 366 366 366 366 365 365 365 365 365 364 364 364 364 363 363 363 362 362 362 362 361 361 361 360 360 360 359 359 358 358 358 357 357 356 356 355 355 355 354 354 353 353 352 352 351 351 350 349 349 348 348 347 347 346 345 345
365 365 365 366 366 366 366 367 367 367 367 367 367 367 367 367 367 367 367 367 367 367 367 368 367 367 367 367 367 367 367 367 367 367 366 366 366 366 366 366 365 365 365 365 365 364 364 364 364 363 363 363 363 362 362 362 361 361 361 361 360 360 359 359 359 358 358 358 357 357 357 356 355 355 355 354 354 353 353 352 352 351 351 350 350 349 348 348 347 347 346 345 345 344
365 366 366 366 366 366 366 366 366 366 366 366 366 366 366 366 366 366 366 366 366 367 367 367 367 367 367 367 367 367 367 366 366 366 366 366 366 366 365 365 365 365 365 364 364 364 364 364 363 363 363 363 362 362 363 362 362 362 361 361 361 360 360 360 359 359 359 358 358 357 357 356 356 356 355 355 354 354 353 353 352 352 351 351 350 350 349 347 347 346 346 345 344 344
365 365 365 365 366 366 366 366 366 366 366 366 366 366 366 366 366 366 367 367 367 367 367 367 367 367 367 366 366 366 366 366 366 366 366 365 365 365 365 365 365 364 364 364 364 364 364 364 364 364 363 363 363 363 362 362 362 361 361 361 360 360 360 359 359 359 358 358 357 357 356 356 356 355 355 354 354 353 353 352 352 351 351 350 350 349 349 348 347 347 346 346 345 344
365 365 365 365 365 365 365 365 365 365 365 365 366 366 366 367 367 367 367 366 366 366 366 366 366 366 366 366 366 366 366 366 365 365 365 365 365 365 365 365 365 365 365 365 364 364 364 364 363 363 363 363 362 362 362 362 361 361 361 360 360 360 359 359 358 358 358 357 357 356 356 356 355 355 354 354 353 353 352 352 351 351 350 350 349 349 348 348 347 346 346 345 345 344
364 364 365 365 365 365 365 365 365 365 365 365 365 366 366 366 366 366 366 366 366 366 366 366 366 366 366 366 366 365 365 365 365 365 365 365 365 365 365 365 365 365 364 364 364 364 364 363 363 363 363 362 362 362 361 361 361 360 360 360 360 359 359 358 358 358 357 357 356 356 356 355 355 354 354 353 353 352 352 351 351 350 350 349 349 348 348 347 347 346 345 345 344 343
364 364 364 364 364 364 364 364 365 365 366 366 366 366 366 366 366 366 366 366 366 366 366 365 365 365 365 365 365 365 365 365 365 366 365 365 365 365 365 365 364 364 364 364 364 363 363 363 363 362 362 362 362 361 361 361 360 360 360 359 359 359 358 358 358 357 357 356 356 356 355 355 354 354 353 353 352 352 352 351 350 350 349 349 348 348 347 347 346 345 345 344 344 343
363 364 364 364 364 364 364 364 365 365 365 365 365 365 365 365 365 365 365 365 365 365 365 365 365 365 365 365 365 365 365 365 365 365 365 365 365 365 364 364 364 364 364 363 363 363 363 362 362 362 362 361 361 361 361 360 360 360 359 359 359 358 358 358 357 357 356 356 356 355 355 354 354 353 353 353 352 352 351 351 350 350 349 348 348 347 347 346 346 345 344 344 343 343
363 363 363 363 363 364 365 365 365 365 365 365 365 365 365 365 365 365 365 365 365 365 365 365 365 365 365 365 365 365 365 365 365 365 365 364 364 364 364 364 364 363 363 363 363 363 362 362 362 362 361 361 361 360 360 360 360 359 359 359 358 358 358 357 357 356 356 356 355 355 354 354 353 353 353 352 352 351 351 350 350 349 349 348 347 347 346 346 345 345 344 343 343 342
363 363 363 363 364 364 364 364 364 364 364 364 364 364 364 364 364 364 364 364 364 364 364 365 365 365 365 365 365 365 365 365 364 364 364 364 364 364 364 363 363 363 363 363 362 362 362 362 361 361 361 361 360 360 360 359 359 359 359 359 359 358 358 358 357 357 357 356 356 355 355 354 354 354 353 353 352 352 351 351 350 350 348 348 347 346 346 345 345 344 343 343 342 342
362 362 363 364 364 364 364 364 364 364 364 364 364 364 364 364 364 364 364 364 364 365 365 365 365 365 365 365 364 364 364 364 364 364 364 364 363 363 363 363 363 363 362 362 362 362 361 361 361 361 361 361 361 361 360 360 360 359 359 359 358 358 358 357 357 357 356 356 355 355 354 354 354 353 353 352 352 351 351 350 350 349 349 348 348 347 346 346 345 345 343 342 342 341
363 363 363 363 363 363 363 363 363 364 364 364 364 364 364 364 364 364 365 365 365 365 364 364 364 364 364 364 364 364 364 364 364 363 363 363 363 363 363 362 362 362 362 362 362 362 362 362 362 361 361 361 360 360 360 360 359 359 359 358 358 358 357 357 356 356 356 355 355 354 354 354 353 353 352 352 351 351 350 350 349 349 348 348 347 347 346 345 345 344 344 343 342 342
362 362 363 363 363 363 363 363 363 363 363 363 363 363 363 364 364 364 364 364 364 364 364 364 364 364 364 364 364 363 363 363 363 363 363 363 363 362 362 362 363 363 362 362 362 362 362 361 361 361 361 360 360 360 359 359 359 359 358 358 357 357 357 356 356 356 355 355 354 354 354 353 353 352 352 351 351 350 350 349 349 348 348 347 347 346 346 345 344 344 343 342 342 341
362 362 362 362 362 362 362 363 363 363 363 363 363 364 364 364 364 364 364 364 364 364 364 364 363 363 363 363 363 363 363 363 363 363 363 363 363 363 363 363 362 362 362 362 362 361 361 361 361 360 360 360 360 359 359 359 358 358 358 357 357 357 356 356 356 355 355 354 354 354 353 353 352 352 351 351 350 350 349 349 348 348 347 347 346 346 345 344 344 343 343 342 341 341
362 362 362 362 362 362 362 362 362 362 362 363 363 363 363 363 363 363 363 363 363 363 363 363 363 363 363 363 363 363 363 363 363 363 363 363 363 363 362 362 362 362 362 361 361 361 361 360 360 360 360 359 359 359 359 358 358 358 357 357 357 356 356 356 355 355 354 354 354 353 353 352 352 351 351 350 350 349 349 348 348 347 347 346 346 345 345 344 343 343 342 342 341 340
361 361 361 361 361 362 362 362 362 363 363 363 363 363 363 363 363 363 363 363 363 363 363 363 363 363 363 363 363 363 363 363 363 363 363 362 362 362 362 362 362 361 361 361 361 361 360 360 360 360 359 359 359 358 358 358 358 357 357 357 356 356 355 355 355 354 354 354 353 353 352 352 351 351 350 350 349 349 348 348 347 347 346 346 345 345 344 344 343 342 342 341 340 340
361 361 361 361 361 361 361 362 362 362 362 362 362 362 363 363 363 362 362 362 362 362 362 362 362 362 363 363 363 363 363 363 362 362 362 362 362 362 362 361 361 361 361 361 360 360 360 360 359 359 359 359 358 358 358 357 357 357 356 356 356 355 355 355 354 354 353 353 353 352 352 351 351 350 350 349 349 349 348 347 347 346 346 345 345 344 344 343 342 342 341 341 340 339
360 360 360 361 361 362 362 362 362 362 362 362 362 362 362 362 362 362 362 362 362 362 362 363 363 363 363 363 362 362 362 362 362 362 362 362 361 361 361 361 361 361 360 360 360 360 359 359 359 359 358 358 358 358 358 358 358 357 357 357 356 356 356 355 355 354 354 354 353 353 352 352 351 351 351 350 350 349 349 348 348 347 346 346 345 345 343 343 342 341 341 340 339 339
360 360 360 361 361 361 361 361 361 362 362 362 362 362 362 362 362 362 362 362 362 363 362 362 362 362 362 362 362 362 362 362 362 361 361 361 361 361 361 360 360 360 360 360 359 359 359 359 359 359 359 359 358 358 358 357 357 357 357 356 356 355 355 355 354 354 354 353 353 352 352 351 351 351 350 350 349 349 348 348 347 347 346 345 345 344 344 343 343 342 341 341 340 338
359 360 361 361 361 361 361 361 361 361 361 361 361 361 361 361 361 361 362 362 362 362 362 362 362 362 362 362 362 361 361 361 361 361 361 361 361 360 360 360 360 360 360 360 360 360 360 359 359 359 358 358 358 358 357 357 357 356 356 356 355 355 355 354 354 354 353 353 352 352 351 351 351 350 350 349 349 348 348 347 347 346 345 345 344 344 343 343 342 341 341 340 340 339
360 360 360 360 360 360 360 361 361 361 361 361 361 361 361 361 362 362 362 362 362 362 362 362 361 361 361 361 361 361 361 361 361 361 360 360 360 360 360 361 360 360 360 360 360 359 359 359 359 358 358 358 357 357 357 357 356 356 356 355 355 355 354 354 353 353 353 352 352 351 351 351 350 350 349 349 348 348 347 347 346 346 345 344 344 343 343 342 342 341 340 340 339 338
359 360 360 360 360 360 360 360 360 360 360 360 360 360 361 361 361 361 361 361 361 361 361 361 361 361 361 361 361 361 360 360 360 360 360 361 361 360 360 360 360 360 360 359 359 359 359 358 358 358 358 357 357 357 356 356 356 355 355 355 354 354 354 353 353 353 352 352 351 351 350 350 350 349 349 348 348 347 347 346 346 345 345 344 343 343 342 342 341 340 340 339 339 338
359 359 359 359 359 359 360 360 360 360 360 360 361 361 361 361 361 361 361 361 361 361 361 361 361 360 360 360 360 360 360 360 361 361 360 360 360 360 360 360 359 359 359 359 359 358 358 358 358 357 357 357 357 356 356 356 355 355 355 354 354 354 353 353 353 352 352 351 351 350 350 350 349 349 348 348 347 347 346 346 345 345 344 343 343 342 342 341 341 340 339 339 338 337
359 359 359 359 359 359 359 359 359 359 360 360 360 360 360 360 360 360 360 360 360 360 360 360 360 360 360 360 360 361 361 360 360 360 360 360 360 360 359 359 359 359 359 358 358 358 358 357 357 357 357 356 356 356 356 355 355 355 354 354 354 353 353 352 352 352 351 351 350 350 350 349 349 348 348 347 347 346 346 345 345 344 344 343 342 342 341 341 340 339 339 338 338 337
358 358 358 358 359 359 359 359 360 360 360 360 360 360 360 360 360 360 360 360 360 360 360 360 360 360 361 360 360 360 360 360 360 360 360 359 359 359 359 359 359 358 358 358 358 357 357 357 357 356 356 356 356 355 355 355 354 354 354 354 354 354 353 353 353 352 352 351 351 351 350 350 349 349 348 348 347 347 346 346 345 344 343 343 342 341 341 340 340 339 338 338 337 336
358 358 358 358 358 358 359 359 359 359 359 359 359 359 360 360 360 359 359 359 359 359 359 360 360 360 360 360 360 360 360 360 359 359 359 359 359 359 358 358 358 358 358 357 357 357 357 357 356 356 356 356 356 356 356 355 355 355 354 354 354 353 353 352 352 352 351 351 350 350 350 349 349 348 348 347 347 346 346 345 345 344 344 343 342 342 341 341 340 338 338 337 337 336
