testData/tiles/oneDegreeCosts/grid1.0-39.0-2.0-40.0.asc
ncols   200
nrows   200
xllcorner   1.0
yllcorner   39.0
cellsize   0.005
NODATA_value   -9999.0
[rows 129 to 171 of 200, columns 96 to 191 of 200]
247 244 241 239 236 234 231 230 227 225 222 220 218 216 212 210 209 207 204 202 200 197 194 192 189 187 186 184 181 178 176 173 171 168 165 163 160 157 155 153 151 148 145 143 141 138 136 133 130 128 126 122 120 118 117 117 116 115 114 104 103 102 102 101 100 99 99 97 97 96 97 95 95 94 94 93 93 92 92 92 91 91 91 91 90 90 90 89 89 89 89 89 89 89 89 89
246 243 241 239 237 235 232 230 227 226 223 220 218 216 213 210 208 206 203 201 201 198 195 193 190 188 185 183 181 178 176 173 171 168 165 163 160 158 156 153 152 149 146 144 141 138 136 134 130 128 126 122 120 117 116 117 116 116 114 104 104 102 102 101 100 99 99 97 97 96 96 94 95 94 93 92 92 91 92 92 92 91 91 91 90 90 90 89 89 89 89 89 89 89 89 89
247 244 241 240 238 235 232 230 227 225 224 220 218 216 215 211 209 207 204 202 200 197 194 193 191 188 185 183 180 179 176 173 172 169 167 164 161 159 156 153 151 148 146 144 142 138 136 134 130 128 126 122 121 118 116 116 115 116 114 104 104 102 102 101 100 99 99 98 97 96 96 94 94 93 93 92 92 91 91 91 91 90 91 91 90 90 90 89 89 89 89 89 89 89 89 89
247 245 241 239 238 235 232 230 228 226 224 221 219 217 215 211 209 207 204 201 200 198 194 192 190 187 186 184 181 179 176 175 172 169 167 164 161 159 156 153 151 148 145 144 142 138 137 135 131 129 127 123 121 118 117 116 115 115 114 104 104 102 102 101 101 99 99 98 97 96 96 94 94 93 92 91 92 92 91 91 91 90 90 90 89 89 89 90 89 89 89 89 89 89 89 89
247 245 242 240 238 235 233 231 229 226 224 221 218 217 215 211 209 207 204 201 200 198 196 193 191 188 185 183 180 179 176 174 171 169 167 164 161 159 156 153 152 150 146 144 142 139 137 135 131 129 127 124 121 119 117 116 115 115 113 104 104 102 102 101 101 99 99 98 97 96 96 94 94 93 93 91 91 91 91 91 91 90 90 90 89 89 89 89 89 89 89 89 89 89 89 89
248 246 242 240 238 235 233 231 229 226 224 221 218 216 215 212 210 208 206 202 200 198 195 193 191 188 185 183 181 178 175 173 171 168 168 165 162 160 158 155 152 150 147 144 142 138 136 135 131 129 127 124 121 119 117 116 115 115 114 113 103 102 102 101 101 99 99 98 97 96 96 94 94 93 93 91 91 91 90 90 91 90 90 90 90 89 89 89 89 89 89 89 89 89 89 89
248 246 242 240 238 236 233 231 229 227 225 222 219 217 215 212 210 208 206 202 200 198 195 192 190 189 185 183 182 179 176 174 171 168 166 164 162 160 158 155 152 150 147 144 142 139 136 134 132 129 127 124 122 120 117 116 115 115 114 113 103 102 101 100 101 99 99 98 97 97 96 95 94 93 93 91 91 91 90 90 90 90 90 90 90 89 89 89 89 89 89 89 89 89 89 89
248 247 244 241 239 237 234 231 229 226 225 222 219 217 215 212 209 208 206 202 200 198 196 193 191 189 186 184 182 179 176 174 171 168 166 164 161 159 158 155 152 150 147 144 142 139 136 135 132 129 128 125 122 120 117 116 115 115 115 113 103 102 101 100 100 99 99 99 97 97 96 96 94 93 93 91 91 91 90 90 90 90 89 89 90 89 89 89 89 89 89 89 89 89 89 89
249 247 244 241 239 237 234 231 229 226 224 221 220 217 215 212 210 208 206 203 201 199 197 193 191 189 185 183 182 179 176 174 171 168 166 164 161 158 156 154 151 150 148 145 143 141 137 135 132 129 127 124 122 120 117 117 115 115 115 113 103 102 101 100 100 99 98 99 98 97 96 96 94 93 93 91 91 91 91 90 90 90 89 89 89 89 89 89 89 89 89 89 89 89 89 89
249 247 244 241 239 237 234 231 229 227 225 222 220 218 216 213 210 208 206 202 201 199 197 193 191 189 186 183 181 178 176 174 172 168 166 165 162 159 157 154 152 150 148 144 142 141 137 135 133 129 127 124 121 119 117 117 115 115 115 113 103 102 101 100 100 100 98 98 97 97 96 96 94 93 93 91 91 91 91 90 90 90 89 89 89 89 89 89 89 89 89 89 89 89 89 89
248 246 243 241 240 238 235 232 230 228 225 222 220 217 215 213 210 208 206 203 200 198 197 193 191 189 186 183 181 179 176 175 173 169 167 165 162 159 157 154 151 149 148 144 142 140 136 134 132 129 127 124 122 119 117 117 115 115 115 113 103 102 101 100 100 100 98 98 97 96 95 96 94 94 93 92 91 91 91 90 90 90 89 89 89 89 89 89 89 89 89 89 89 89 89 89
249 247 245 241 239 238 236 232 230 228 225 222 220 217 215 212 211 208 206 203 200 198 196 192 191 190 187 184 182 180 176 174 172 169 167 165 162 159 157 155 151 149 147 143 142 140 136 134 132 128 126 123 122 119 117 116 114 115 115 113 103 102 102 100 100 100 98 98 97 96 95 95 94 94 93 92 91 91 91 90 90 90 89 89 89 89 89 89 89 89 89 89 89 89 89 89
245 247 245 242 239 237 235 231 230 228 225 222 220 217 215 212 210 208 206 204 201 199 197 193 191 190 188 184 182 180 176 174 172 169 167 165 162 159 157 155 151 149 147 143 141 140 136 134 132 129 127 124 122 119 116 115 114 114 114 113 103 102 102 100 100 100 98 98 97 96 95 95 94 93 92 92 91 91 91 90 90 90 89 89 89 89 89 89 89 89 89 89 89 89 89 89
245 243 245 242 239 237 235 231 229 227 224 222 220 218 216 213 211 208 206 204 201 199 197 194 191 189 187 184 182 180 176 174 172 169 166 164 163 159 157 155 151 149 147 143 141 140 137 135 133 130 127 124 122 119 116 115 113 113 113 112 102 102 102 100 100 100 98 98 97 96 95 95 94 93 92 91 90 91 91 90 90 90 90 89 89 89 89 89 89 89 89 89 89 89 89 89
246 243 241 238 239 237 235 231 229 228 226 222 220 218 216 213 211 208 206 203 200 199 197 194 191 189 187 183 182 180 176 174 172 170 166 164 162 158 157 155 151 150 148 144 142 140 137 134 132 130 127 124 122 119 116 115 113 113 113 112 101 100 101 100 100 100 98 98 97 97 95 95 94 93 92 91 90 90 90 90 90 90 90 89 89 89 89 89 89 89 89 89 89 89 89 89
246 243 241 238 236 238 236 232 230 228 226 222 220 218 215 212 210 208 206 203 201 198 197 194 191 189 187 183 181 179 176 174 172 170 166 164 162 159 157 156 152 150 148 145 142 140 137 134 132 129 126 124 122 119 116 115 115 113 113 112 101 100 100 99 99 99 97 97 97 97 95 95 94 93 92 91 90 90 90 90 89 90 90 89 89 89 89 89 89 89 89 89 89 89 89 89
247 244 242 239 236 234 232 233 230 228 226 222 220 218 215 212 210 207 205 202 201 198 196 193 191 189 187 183 181 179 176 174 172 170 167 165 163 159 157 155 151 150 148 145 142 140 137 134 132 129 126 123 122 120 116 115 115 113 113 112 101 100 100 99 98 98 98 97 96 96 94 94 93 93 92 91 90 90 90 90 89 89 89 89 89 89 89 89 89 89 89 89 89 89 89 89
247 244 242 239 236 234 232 229 230 228 226 222 220 218 215 212 210 208 205 202 200 197 195 193 190 189 187 183 181 179 176 174 172 171 167 165 163 159 157 155 152 149 147 145 142 140 137 134 132 129 126 123 121 119 116 115 115 113 113 112 101 100 100 99 98 98 97 96 96 96 94 94 93 92 91 90 90 90 90 90 89 89 89 89 89 89 89 89 89 89 89 89 89 89 89 89
247 244 242 239 237 234 232 229 226 224 226 222 220 218 216 212 210 208 205 202 200 197 195 192 189 187 186 184 182 180 177 174 172 170 166 165 163 159 157 155 152 149 147 144 142 140 137 134 132 129 127 123 121 119 115 114 114 113 113 112 101 100 100 100 98 98 97 96 95 95 94 94 93 92 91 90 90 89 89 89 89 89 89 89 89 89 89 89 89 89 89 89 89 89 89 89
247 245 242 239 237 234 232 229 226 224 222 222 220 218 216 212 210 208 205 202 200 197 195 192 190 187 186 183 181 180 177 174 172 170 166 164 163 160 157 155 152 149 147 144 141 139 137 134 132 129 127 123 121 119 115 114 113 112 113 112 101 100 100 99 98 98 97 96 95 95 93 93 93 93 91 90 90 89 89 89 89 89 89 89 89 89 89 89 89 89 89 89 89 89 89 89
247 245 242 239 237 234 232 229 226 224 222 219 216 218 216 212 210 208 205 202 200 197 195 192 191 188 186 183 180 178 176 173 171 170 166 164 162 159 157 155 152 149 147 144 141 139 136 134 132 129 127 123 121 119 115 114 113 112 112 111 102 100 100 99 98 98 97 96 95 95 93 93 92 92 91 90 90 89 89 89 89 89 89 89 89 89 89 89 89 89 89 89 89 89 89 89
247 245 242 239 237 234 232 229 226 224 222 219 216 214 216 212 210 208 205 202 200 198 195 193 191 188 186 183 180 178 175 172 171 168 166 163 162 159 156 154 152 149 147 144 141 139 136 134 131 129 127 123 121 119 115 114 113 112 112 111 101 100 100 99 98 98 97 96 95 95 94 93 92 92 90 89 90 89 89 89 89 89 89 89 89 89 89 89 89 89 89 89 89 89 89 89
247 245 241 239 237 234 232 229 227 224 222 219 216 214 212 208 210 208 205 202 200 198 195 193 191 188 186 183 180 178 175 172 170 168 166 163 161 158 155 153 151 149 147 144 142 139 136 134 131 128 126 123 121 119 115 114 113 113 112 111 101 99 99 99 98 98 97 96 95 95 94 93 92 92 90 89 89 89 89 89 89 89 89 89 89 89 89 89 89 89 89 89 89 89 89 89
246 245 241 239 237 234 232 229 227 224 222 219 216 214 212 208 206 208 206 202 200 198 195 193 191 188 186 183 180 178 175 173 170 167 165 163 161 158 155 153 150 147 145 144 142 139 136 134 131 128 126 122 120 119 115 114 113 113 112 111 101 99 99 98 97 98 97 96 95 95 94 93 92 91 90 89 89 89 89 89 89 89 89 89 89 89 89 89 89 89 89 89 89 89 89 89
246 244 240 238 237 235 232 229 227 224 222 219 216 214 212 208 206 204 202 202 200 198 195 192 191 188 185 183 180 178 175 173 170 167 165 162 160 158 155 153 150 148 145 142 140 138 135 134 130 128 126 122 120 118 115 114 113 113 112 111 101 99 99 98 97 97 96 97 95 95 94 93 92 91 90 89 89 89 89 89 89 89 89 89 89 89 89 89 89 89 89 89 89 89 89 89
246 244 240 238 236 234 231 229 227 224 222 219 216 214 212 209 206 204 202 198 200 198 195 192 190 187 185 183 181 178 175 173 170 167 165 162 160 157 155 153 150 148 145 142 140 137 134 133 129 127 125 122 120 118 115 113 112 113 112 111 101 99 99 98 97 96 96 96 94 95 94 93 92 91 90 89 89 89 89 89 89 89 89 89 89 89 89 89 89 89 89 89 89 89 89 89
246 244 241 238 236 234 231 228 226 223 222 219 216 214 212 209 206 204 202 198 196 194 195 192 190 187 184 182 181 178 175 173 170 167 165 162 159 157 154 152 150 148 145 142 140 137 134 132 129 127 125 122 119 117 114 113 112 112 111 111 101 99 99 98 98 96 96 95 94 94 93 92 92 91 90 89 89 89 89 89 89 89 89 89 89 89 89 89 89 89 89 89 89 89 89 89
246 244 241 238 236 234 231 228 226 223 221 218 216 214 212 209 206 204 202 198 196 194 191 188 190 188 184 182 180 177 174 173 170 167 165 162 159 157 155 152 149 147 145 142 140 136 134 132 128 126 125 122 119 117 114 112 111 111 110 110 101 99 99 98 98 96 96 95 94 93 93 91 91 91 90 89 89 89 89 89 89 89 89 89 89 89 89 89 89 89 89 89 89 89 89 89
246 244 241 238 236 234 230 228 226 223 221 218 216 213 211 208 206 204 202 198 196 194 191 188 186 188 184 182 180 177 174 172 169 166 165 162 159 157 155 151 149 147 143 142 140 136 134 132 128 126 124 121 119 117 114 112 111 111 109 109 99 98 98 97 98 96 96 95 94 93 93 91 91 90 90 89 89 89 89 89 89 89 89 89 89 89 89 89 89 89 89 89 89 89 89 89
245 243 240 237 235 234 230 228 226 224 221 218 216 213 211 208 205 203 201 198 196 194 191 188 186 184 180 182 180 177 174 172 169 166 164 162 158 157 155 151 149 147 143 141 139 136 134 132 129 126 124 121 118 115 114 112 111 111 109 109 99 98 97 96 97 95 95 94 93 93 93 91 91 90 90 89 89 89 89 89 89 89 89 89 89 89 89 89 89 89 89 89 89 89 89 89
245 243 240 237 235 233 229 227 225 224 221 218 216 213 211 208 205 203 201 197 195 193 190 188 186 184 180 178 176 177 174 172 169 166 164 162 158 156 154 150 148 147 143 141 139 135 133 132 129 126 124 121 118 115 113 111 111 111 109 109 99 98 97 96 96 94 95 94 93 92 92 90 90 90 90 89 89 89 89 89 89 89 89 89 89 89 89 89 89 89 89 89 89 89 89 89
245 243 240 237 235 233 229 227 225 223 219 217 215 212 211 208 205 203 200 198 195 193 190 187 185 183 180 178 176 172 174 172 170 166 164 162 158 156 154 150 148 146 142 140 138 136 133 131 128 126 124 121 118 115 113 111 110 111 110 109 99 98 97 96 96 94 94 93 93 92 92 91 90 89 89 89 89 89 89 89 89 89 89 89 89 89 89 89 89 89 89 89 89 89 89 89
245 243 240 237 235 233 230 227 225 223 219 217 215 212 209 207 204 202 199 198 195 193 190 187 185 183 179 177 175 171 170 168 170 166 164 162 158 156 154 150 148 146 142 140 138 135 132 130 127 124 123 121 118 115 113 111 110 110 109 109 98 98 97 96 96 94 94 93 92 91 92 91 90 89 89 89 89 89 89 89 89 89 89 89 89 89 89 89 89 89 89 89 89 89 89 89
245 242 240 237 235 233 230 227 225 223 219 217 215 212 209 207 204 202 199 197 194 192 189 186 184 183 179 177 175 171 169 167 165 162 164 162 158 156 154 150 148 146 142 140 138 135 132 130 127 124 121 119 117 114 113 111 110 110 109 108 97 98 97 96 96 94 94 93 92 91 91 90 90 89 89 89 89 89 89 89 89 89 89 89 89 89 89 89 89 89 89 89 89 89 89 89
244 241 239 237 235 233 230 227 225 223 219 217 215 212 209 207 205 202 199 197 194 192 189 186 184 182 178 176 174 171 169 167 164 161 159 161 157 156 154 150 148 146 143 140 138 135 132 130 127 124 121 119 116 113 112 112 110 110 109 108 97 97 96 96 96 94 94 93 93 91 91 90 89 89 89 89 89 89 89 89 89 89 89 89 89 89 89 89 89 89 89 89 89 89 89 89
243 241 239 237 234 232 229 226 224 222 219 217 215 212 209 207 205 202 199 197 194 192 189 186 184 181 178 176 174 171 168 166 163 160 158 157 153 155 153 149 147 146 143 140 138 135 132 130 127 124 121 119 116 113 111 110 110 110 109 108 97 97 95 95 95 94 94 93 93 91 91 90 89 89 89 89 89 89 89 89 89 89 89 89 89 89 89 89 89 89 89 89 89 89 89 89
243 240 238 236 233 231 229 226 224 222 218 216 214 211 208 206 205 202 199 197 194 192 189 186 184 181 178 176 174 171 168 166 163 160 158 155 152 150 148 148 146 145 142 139 137 135 132 129 127 124 121 119 116 113 111 110 109 109 109 108 97 97 95 95 95 93 93 93 93 91 91 90 89 89 89 89 89 89 89 89 89 89 89 89 89 89 89 89 89 89 89 89 89 89 89 89
243 240 238 236 233 230 228 225 224 222 218 216 214 212 208 206 204 201 198 196 193 191 189 186 184 181 179 176 174 171 168 166 163 160 158 155 152 150 147 145 142 144 141 138 135 133 130 128 126 124 121 119 117 113 111 110 109 109 108 107 97 97 95 95 94 94 92 92 92 91 90 90 89 89 89 89 89 89 89 89 89 89 89 89 89 89 89 89 89 89 89 89 89 89 89 89
243 239 237 235 232 229 227 225 223 220 217 216 214 212 208 206 204 201 198 196 193 190 188 185 183 180 178 175 174 171 168 166 163 160 158 155 152 150 147 145 142 139 141 138 135 133 130 127 125 122 119 117 115 112 111 110 109 108 108 107 96 96 95 95 94 94 92 92 91 90 89 90 89 89 89 89 89 89 89 89 89 89 89 89 89 89 89 89 89 89 89 89 89 89 89 89
242 239 237 235 232 229 227 224 222 219 216 214 212 209 208 206 204 200 198 196 193 190 188 185 183 180 178 175 172 170 167 165 162 159 158 155 152 150 147 145 142 139 137 134 135 133 130 127 125 122 119 117 114 111 110 109 108 107 108 107 96 96 94 94 94 94 92 92 91 90 89 89 89 89 89 89 89 89 89 89 89 89 89 89 89 89 89 89 89 89 89 89 89 89 89 89
241 238 237 235 232 229 227 224 222 219 217 214 212 209 206 204 202 198 197 195 193 190 188 186 183 180 178 175 172 170 167 165 162 159 157 154 152 149 146 144 142 139 137 134 131 129 130 127 125 122 119 117 114 111 110 109 108 107 107 96 95 95 94 94 93 93 92 92 91 90 89 89 89 89 89 89 89 89 89 89 89 89 89 89 89 89 89 89 89 89 89 89 89 89 89 89
241 238 236 234 231 228 226 223 222 219 217 214 212 209 206 204 202 198 196 194 191 188 187 185 182 179 178 175 172 170 167 164 162 159 157 154 152 149 146 144 141 138 136 133 130 128 126 123 125 122 119 117 114 111 110 109 108 107 107 95 95 95 94 93 92 92 90 90 91 90 89 89 89 89 89 89 89 89 89 89 89 89 89 89 89 89 89 89 89 89 89 89 89 89 89 89
241 238 236 234 230 228 226 223 221 218 216 213 211 208 206 204 202 198 196 194 191 188 186 184 180 179 177 174 171 169 166 163 162 159 157 154 152 149 146 144 141 138 136 133 130 128 125 122 120 117 118 116 114 111 109 109 108 107 107 95 95 94 94 93 92 92 90 90 89 89 89 89 89 89 89 89 89 89 89 89 89 89 89 89 89 89 89 89 89 89 89 89 89 89 89 89
