testData/tiles/oneDegreeCosts/grid49.0-34.0-50.0-35.0.asc
ncols   200
nrows   200
xllcorner   49.0
yllcorner   34.0
cellsize   0.005
NODATA_value   -9999.0
[rows 0 to 41 of 200, columns 0 to 93 of 200]
426 426 427 427 287 287 287 287 288 288 288 288 288 288 289 289 289 289 289 289 289 290 290 290 290 290 290 290 290 290 291 291 291 291 292 292 292 292 292 292 292 293 293 293 293 293 293 293 293 293 293 293 293 293 293 293 293 293 293 293 293 293 293 293 293 293 293 293 293 293 293 293 293 293 293 293 293 293 293 293 293 293 293 293 293 293 293 293 292 292 292 292 292 292
426 426 427 427 287 287 287 287 288 288 288 288 288 288 289 289 289 289 289 289 289 290 290 290 290 290 290 290 290 291 291 291 291 291 291 291 291 291 291 291 292 292 292 292 293 293 293 293 293 293 293 293 293 293 293 293 293 293 293 293 293 293 293 293 293 293 293 293 293 293 293 293 293 293 293 293 293 293 293 293 293 293 293 293 293 293 293 293 293 292 292 292 292 292
425 426 427 427 427 287 287 288 288 288 288 288 288 289 289 289 289 289 289 289 290 290 290 290 290 290 290 290 291 291 291 291 291 291 291 291 291 291 291 292 292 292 292 292 292 292 292 292 292 292 292 292 292 292 292 292 292 292 292 292 292 292 293 293 293 293 293 293 293 293 293 293 293 293 293 293 293 293 293 292 292 292 292 292 292 292 292 292 292 292 291 291 291 291
425 425 426 426 426 287 287 288 288 288 288 288 288 289 289 289 289 289 289 289 290 290 290 290 290 290 290 290 291 291 291 291 291 291 291 291 291 291 291 292 292 292 292 292 292 292 292 292 292 292 292 292 292 292 292 292 292 292 292 292 292 292 292 292 292 292 292 292 292 292 292 292 292 292 292 292 292 292 292 292 292 292 292 292 292 292 292 292 292 292 291 291 291 291
425 425 426 426 426 426 287 287 287 287 288 288 288 289 289 289 289 289 289 289 290 290 290 290 290 290 290 290 291 291 291 291 291 291 291 291 291 291 291 292 292 292 292 292 292 292 292 292 292 292 292 292 292 292 292 292 292 292 292 292 292 292 292 292 293 292 292 292 292 292 292 292 292 292 292 292 292 292 292 292 292 292 292 292 292 292 292 292 292 292 291 291 291 291
425 425 426 426 426 426 426 287 287 287 287 287 287 288 288 288 289 289 289 289 290 290 290 290 290 290 290 290 291 291 291 291 291 291 291 291 291 291 291 292 292 292 292 292 292 292 292 292 292 292 292 292 292 292 292 292 292 292 292 292 292 292 292 292 292 292 292 292 292 292 292 292 292 292 292 292 292 292 292 292 292 292 292 292 292 292 292 292 292 292 291 291 291 291
425 425 426 426 426 426 426 287 287 287 287 287 287 288 288 288 288 288 288 288 289 289 290 290 290 290 290 290 291 291 291 291 291 291 291 291 291 291 291 292 292 292 292 292 292 292 292 292 292 292 292 292 292 292 292 292 292 292 292 292 292 292 292 292 292 292 292 292 292 292 292 292 292 292 292 292 292 292 292 292 292 292 292 292 292 292 292 292 292 292 291 291 291 291
425 425 426 426 426 426 426 426 287 287 287 287 287 287 288 288 288 288 288 288 288 289 289 289 289 289 289 289 289 291 291 291 291 291 291 291 291 291 291 291 292 292 292 292 292 292 292 292 292 292 292 292 292 292 292 292 292 292 292 292 292 292 292 292 292 292 292 292 292 292 292 292 292 292 292 292 292 292 292 292 292 292 292 292 292 292 292 292 292 291 291 291 291 291
425 425 426 426 426 426 426 426 287 287 287 287 287 287 288 288 288 288 288 288 288 289 289 289 289 289 289 289 289 289 290 290 290 290 290 290 290 290 291 291 291 292 292 292 292 292 292 292 292 292 292 292 292 292 292 292 292 292 292 292 292 292 292 292 292 292 292 292 292 292 292 292 292 292 292 292 292 292 292 292 292 292 292 292 292 292 292 292 291 291 291 291 291 291
425 425 425 426 426 426 426 426 426 287 287 287 287 287 287 288 288 288 288 288 288 288 289 289 289 289 289 289 289 289 290 290 290 290 290 290 290 290 290 290 290 290 291 291 291 291 291 291 291 291 292 292 292 292 292 292 292 292 292 292 292 292 292 292 292 292 292 292 292 292 292 292 292 292 292 292 292 292 292 292 292 292 292 292 292 292 292 291 291 291 291 290 290 290
424 424 425 425 426 426 426 426 426 427 287 287 287 287 287 288 288 288 288 288 288 288 288 289 289 289 289 289 289 289 289 289 290 290 290 290 290 290 290 290 290 290 290 290 291 291 291 291 291 291 291 291 291 291 291 291 291 291 291 291 291 291 291 291 291 291 291 291 291 291 291 291 291 291 291 291 291 291 291 291 291 291 291 291 291 290 290 290 290 290 290 290 290 290
424 424 424 424 425 425 425 426 426 426 287 287 287 287 287 287 288 288 288 288 288 288 288 288 289 289 289 289 289 289 289 289 289 290 290 290 290 290 290 290 290 290 290 290 290 290 291 291 291 291 291 291 291 291 291 291 291 291 291 291 291 291 291 291 291 291 291 291 291 291 291 291 291 291 291 291 291 291 291 291 291 291 291 290 290 290 290 290 290 290 290 290 290 290
424 424 424 424 424 425 425 425 425 425 425 286 287 287 287 287 287 288 288 288 288 288 288 288 288 289 289 289 289 289 289 289 289 289 289 290 290 290 290 290 290 290 290 290 290 290 290 290 290 291 291 291 291 291 291 291 291 291 291 291 291 291 291 291 291 291 291 291 291 291 291 291 291 291 291 291 291 291 291 291 290 290 290 290 290 290 290 290 290 290 290 290 290 290
423 424 424 424 424 424 425 425 425 425 425 286 286 286 286 286 286 286 287 288 288 288 288 288 288 288 288 289 289 289 289 289 289 289 289 289 289 290 290 290 290 290 290 290 290 290 290 290 290 290 290 290 290 290 291 291 291 291 291 291 291 291 291 291 291 291 291 291 291 291 291 291 291 291 291 290 290 290 290 290 290 290 290 290 290 290 290 290 290 290 290 290 289 289
423 423 424 424 424 424 424 425 425 425 425 425 286 286 286 286 286 286 286 286 287 287 287 287 287 288 288 288 289 289 289 289 289 289 289 289 289 289 289 290 290 290 290 290 290 290 290 290 290 290 290 290 290 290 290 290 290 290 290 290 290 290 290 290 290 290 290 290 290 290 290 290 290 290 290 290 290 290 290 290 290 290 290 290 290 290 290 290 290 290 289 289 289 289
423 423 423 424 424 424 424 424 424 425 425 425 425 285 285 286 286 286 286 286 286 286 287 287 287 287 287 287 287 287 288 288 288 289 289 289 289 289 289 289 289 289 290 290 290 290 290 290 290 290 290 290 290 290 290 290 290 290 290 290 290 290 290 290 290 290 290 290 290 290 290 290 290 290 290 290 290 290 290 290 290 290 290 290 290 290 290 289 289 289 289 289 289 289
423 423 423 423 424 424 424 424 424 424 425 425 425 285 285 285 286 286 286 286 286 286 286 286 287 287 287 287 287 287 287 287 287 288 288 288 288 288 288 288 288 288 288 289 289 289 290 290 290 290 290 290 290 290 290 290 290 290 290 290 290 290 290 290 290 290 290 290 290 290 290 290 290 290 290 290 290 290 290 290 290 290 290 289 289 289 289 289 289 289 289 289 289 289
423 423 423 423 423 423 424 424 424 424 424 425 425 425 285 285 285 285 286 286 286 286 286 286 286 286 287 287 287 287 287 287 287 287 287 288 288 288 288 288 288 288 288 288 288 288 288 288 288 288 288 289 289 289 289 289 289 289 289 289 290 290 290 290 290 290 290 290 290 290 290 290 290 290 290 290 290 290 289 289 289 288 288 288 288 288 288 288 288 288 288 288 288 288
421 421 422 422 423 423 423 424 424 424 424 424 424 425 285 285 285 285 285 285 286 286 286 286 286 286 286 286 287 287 287 287 287 287 287 287 287 287 287 288 288 288 288 288 288 288 288 288 288 288 288 288 288 288 288 288 288 288 288 288 288 288 288 288 288 288 288 288 288 288 288 288 288 288 288 288 288 288 288 288 288 288 288 288 288 288 288 288 288 288 287 287 287 287
421 421 421 422 422 422 422 422 422 424 424 424 424 424 424 285 285 285 285 285 285 285 286 286 286 286 286 286 286 286 286 287 287 287 287 287 287 287 287 287 287 287 287 288 288 288 288 288 288 288 288 288 288 288 288 288 288 288 288 288 288 288 288 288 288 288 288 288 288 288 288 288 288 288 288 288 288 288 288 288 288 288 288 288 288 288 287 287 287 287 287 287 287 287
421 421 421 421 421 422 422 422 422 422 422 423 423 423 424 284 284 285 285 285 285 285 285 285 285 286 286 286 286 286 286 286 286 286 287 287 287 287 287 287 287 287 287 287 287 287 287 287 287 288 288 288 288 288 288 288 288 288 288 288 288 288 288 288 288 288 288 288 288 288 288 288 288 288 288 288 288 288 288 288 287 287 287 287 287 287 287 287 287 287 287 287 287 287
420 420 421 421 421 421 421 422 422 422 422 422 422 423 423 423 283 283 283 283 284 285 285 285 285 285 285 285 286 286 286 286 286 286 286 286 286 286 287 287 287 287 287 287 287 287 287 287 287 287 287 287 287 287 287 287 287 287 287 288 288 288 288 288 288 288 288 288 288 288 287 287 287 287 287 287 287 287 287 287 287 287 287 287 287 287 287 287 287 287 287 286 286 286
420 420 420 420 421 421 421 421 421 422 422 422 422 422 422 423 283 283 283 283 283 283 283 284 284 284 284 284 285 285 285 286 286 286 286 286 286 286 286 286 286 286 286 287 287 287 287 287 287 287 287 287 287 287 287 287 287 287 287 287 287 287 287 287 287 287 287 287 287 287 287 287 287 287 287 287 287 287 287 287 287 287 287 287 287 287 286 286 286 286 286 286 286 286
419 420 420 420 420 420 421 421 421 421 421 421 422 422 422 422 422 283 283 283 283 283 283 283 283 283 284 284 284 284 284 284 284 284 284 285 285 286 286 286 286 286 286 286 286 286 286 286 286 286 286 287 287 287 287 287 287 287 287 287 287 287 287 287 287 287 287 287 287 287 287 287 287 287 287 287 287 287 286 286 286 286 286 286 286 286 286 286 286 286 286 286 286 286
419 419 419 420 420 420 420 420 421 421 421 421 421 421 422 422 422 422 282 282 282 283 283 283 283 283 283 283 283 284 284 284 284 284 284 284 284 284 284 284 285 285 285 285 285 285 285 285 285 286 286 286 286 286 286 286 286 286 286 286 286 286 286 286 286 286 286 286 286 286 286 286 286 286 286 286 286 286 286 286 286 286 286 286 286 286 286 286 286 285 285 285 284 284
419 419 419 419 419 420 420 420 420 420 420 421 421 421 421 421 421 422 282 282 282 282 282 282 283 283 283 283 283 283 283 283 283 284 284 284 284 284 284 284 284 284 284 284 284 284 284 285 285 285 285 285 285 285 285 285 285 285 285 285 285 285 285 285 285 285 285 285 285 285 285 285 285 285 285 285 285 285 285 285 285 285 284 284 284 284 284 284 284 284 284 284 284 284
417 417 418 418 418 419 419 420 420 420 420 420 420 421 421 421 421 421 421 281 282 282 282 282 282 282 282 282 283 283 283 283 283 283 283 283 283 283 283 284 284 284 284 284 284 284 284 284 284 284 284 284 284 284 284 284 284 284 284 284 284 285 285 285 285 285 285 285 284 284 284 284 284 284 284 284 284 284 284 284 284 284 284 284 284 284 284 284 284 284 283 283 283 283
417 417 417 417 417 418 418 418 418 418 419 420 420 420 420 420 421 421 421 281 281 281 281 281 282 282 282 282 282 282 282 282 282 283 283 283 283 283 283 283 283 283 283 283 283 284 284 284 284 284 284 284 284 284 284 284 284 284 284 284 284 284 284 284 284 284 284 284 284 284 284 284 284 284 284 284 284 284 284 284 284 284 284 284 283 283 283 283 283 283 283 283 283 283
416 416 417 417 417 417 417 418 418 418 418 418 418 419 419 419 419 420 420 420 281 281 281 281 281 281 281 281 282 282 282 282 282 282 282 282 282 282 283 283 283 283 283 283 283 283 283 283 283 283 283 283 283 283 283 283 283 283 284 284 284 284 284 284 284 284 284 284 284 284 284 283 283 283 283 283 283 283 283 283 283 283 283 283 283 283 283 283 283 283 283 282 282 282
416 416 416 416 416 417 417 417 417 417 418 418 418 418 418 418 418 419 419 419 279 279 279 280 281 281 281 281 281 281 281 281 281 282 282 282 282 282 282 282 282 282 282 282 282 283 283 283 283 283 283 283 283 283 283 283 283 283 283 283 283 283 283 283 283 283 283 283 283 283 283 283 283 283 283 283 283 283 283 283 283 283 283 283 282 282 282 282 282 282 282 282 282 282
415 415 416 416 416 416 416 416 417 417 417 417 417 417 418 418 418 418 418 418 419 279 279 279 279 279 279 279 280 280 280 281 281 281 281 281 281 281 281 282 282 282 282 282 282 282 282 282 282 282 282 282 282 282 282 282 282 282 282 282 282 283 283 283 283 283 283 283 282 282 282 282 282 282 282 282 282 282 282 282 282 282 282 282 282 282 282 282 282 282 281 281 281 281
415 415 415 415 415 416 416 416 416 416 416 417 417 417 417 417 417 418 418 418 418 278 278 278 278 279 279 279 279 279 279 279 279 279 280 280 280 280 280 280 280 280 281 281 281 281 281 282 282 282 282 282 282 282 282 282 282 282 282 282 282 282 282 282 282 282 282 282 282 282 282 282 282 282 282 282 282 282 282 282 282 282 281 281 281 281 281 281 281 281 281 281 281 281
414 414 414 415 415 415 415 415 416 416 416 416 416 416 417 417 417 417 417 417 417 418 278 278 278 278 278 278 278 278 279 279 279 279 279 279 279 279 279 279 280 280 280 280 280 280 280 280 280 280 280 280 280 280 280 280 280 280 281 281 281 281 281 281 281 281 281 281 281 281 281 281 281 281 281 281 281 281 281 281 281 281 281 280 280 280 280 280 280 279 279 279 279 279
412 413 414 414 414 414 415 415 415 415 415 415 416 416 416 416 416 416 416 417 417 417 277 277 277 277 278 278 278 278 278 278 278 278 278 278 279 279 279 279 279 279 279 279 279 279 279 279 279 279 279 280 280 280 280 280 280 280 280 280 280 280 280 280 280 280 280 280 280 280 280 280 280 280 280 280 280 280 279 279 279 279 279 279 279 279 279 279 279 279 279 279 279 278
412 412 412 412 413 413 413 414 414 414 415 415 415 415 415 415 416 416 416 416 416 416 416 277 277 277 277 277 277 277 277 277 278 278 278 278 278 278 278 278 278 278 278 278 279 279 279 279 279 279 279 279 279 279 279 279 279 279 279 279 279 279 279 279 279 279 279 279 279 279 279 279 279 279 279 279 279 279 279 279 279 279 279 279 279 278 278 278 278 278 278 278 278 278
411 411 411 412 412 412 412 412 413 413 413 413 413 414 415 415 415 415 415 415 416 416 416 276 276 276 276 276 277 277 277 277 277 277 277 277 277 277 277 278 278 278 278 278 278 278 278 278 278 278 278 278 278 278 278 278 278 278 278 278 279 279 279 279 279 279 279 279 279 278 278 278 278 278 278 278 278 278 278 278 278 278 278 278 278 278 278 278 278 278 277 277 277 277
410 411 411 411 411 411 412 412 412 412 412 412 413 413 413 413 413 413 414 415 415 415 415 415 275 275 276 276 276 276 276 276 276 276 276 277 277 277 277 277 277 277 277 277 277 277 277 277 277 278 278 278 278 278 278 278 278 278 278 278 278 278 278 278 278 278 278 278 278 278 278 278 278 278 278 278 278 278 278 278 277 277 277 277 277 277 277 277 277 277 277 277 277 277
410 410 410 410 410 411 411 411 411 411 412 412 412 412 412 412 413 413 413 413 413 413 413 414 274 274 274 275 275 275 275 275 276 276 276 276 276 276 276 276 276 276 276 276 277 277 277 277 277 277 277 277 277 277 277 277 277 277 277 277 277 277 277 277 277 277 277 277 277 277 277 277 277 277 277 277 277 277 277 277 277 277 277 277 277 276 276 276 276 276 276 276 276 276
409 409 409 410 410 410 410 410 410 411 411 411 411 411 412 412 412 412 412 412 412 413 413 413 413 273 273 273 273 274 274 274 274 274 274 275 275 275 275 275 276 276 276 276 276 276 276 276 276 276 276 276 276 276 276 276 276 276 276 276 276 276 276 276 276 276 276 276 276 276 276 276 276 276 276 276 276 276 276 276 276 276 276 276 276 276 276 276 276 275 275 275 275 275
408 408 409 409 409 409 409 410 410 410 410 410 410 411 411 411 411 411 411 412 412 412 412 412 412 272 272 273 273 273 273 273 273 273 273 273 273 274 274 274 274 274 274 274 274 274 274 274 275 275 275 275 275 276 276 276 276 276 276 276 276 276 276 276 276 276 276 276 276 276 276 276 276 276 276 276 275 275 275 275 275 275 275 275 275 275 275 275 275 275 275 275 274 273
407 408 408 408 408 408 409 409 409 409 409 409 410 410 410 410 410 410 411 411 411 411 411 411 411 412 272 272 272 272 272 272 272 272 273 273 273 273 273 273 273 273 273 273 273 273 273 274 274 274 274 274 274 274 274 274 274 274 274 274 274 274 274 274 274 274 274 274 274 274 274 274 274 274 274 274 274 274 274 274 274 274 273 273 273 273 273 273 273 273 273 273 273 273
407 407 407 407 407 408 408 408 408 408 409 409 409 409 409 409 410 410 410 410 410 410 410 411 411 411 271 271 271 271 271 271 272 272 272 272 272 272 272 272 272 272 272 272 273 273 273 273 273 273 273 273 273 273 273 273 273 273 273 273 273 273 273 273 273 273 273 273 273 273 273 273 273 273 273 273 273 273 273 273 273 273 273 273 273 272 272 272 272 272 272 272 272 272
