testData/tiles/oneDegreeCosts/grid22.0-10.0-23.0-11.0.asc
ncols   200
nrows   200
xllcorner   22.0
yllcorner   10.0
cellsize   0.005
NODATA_value   -9999.0
[rows 42 to 83 of 200, columns 0 to 93 of 200]
128 129 129 130 130 130 131 131 132 132 100 101 101 102 102 102 103 103 103 104 104 104 105 105 105 106 106 106 107 107 107 108 108 108 109 109 109 109 110 110 110 111 111 111 111 112 112 112 113 113 113 113 114 114 114 114 115 115 115 115 116 116 116 116 117 117 117 117 118 118 118 118 118 119 119 119 119 120 120 120 120 120 121 121 121 121 122 122 122 122 122 123 123 123
128 128 129 129 130 130 131 131 131 100 100 101 101 101 102 102 102 103 103 103 104 104 105 105 105 106 106 106 106 107 107 107 108 108 108 109 109 109 110 110 110 110 111 111 111 112 112 112 112 113 113 113 113 114 114 114 115 115 115 115 116 116 116 116 116 117 117 117 117 118 118 118 118 119 119 119 119 119 120 120 120 120 121 121 121 121 121 122 122 122 122 122 309 309
128 128 129 129 130 130 130 99 99 100 100 100 101 101 101 102 102 103 103 103 104 104 104 105 105 105 106 106 106 107 107 107 108 108 108 109 109 109 109 110 110 110 111 111 111 111 112 112 112 113 113 113 113 114 114 114 114 115 115 115 115 116 116 116 116 117 117 117 117 118 118 118 118 118 119 119 119 119 120 120 120 120 120 121 121 121 121 121 122 308 308 308 308 309
128 128 128 129 129 130 98 99 99 99 100 100 101 101 101 102 102 102 103 103 103 104 104 104 105 105 105 106 106 106 107 107 107 108 108 108 109 109 109 110 110 110 110 111 111 111 112 112 112 112 113 113 113 113 114 114 114 114 115 115 115 115 116 116 116 116 117 117 117 117 118 118 118 118 119 119 119 119 119 120 120 120 120 120 121 121 307 307 308 308 308 308 308 309
127 128 128 129 129 98 98 98 99 99 100 100 100 101 101 101 102 102 103 103 103 104 104 104 105 105 105 106 106 106 107 107 107 108 108 108 108 109 109 109 110 110 110 111 111 111 111 112 112 112 112 113 113 113 114 114 114 114 115 115 115 115 116 116 116 116 116 117 117 117 117 118 118 118 118 119 119 119 119 119 120 120 120 306 307 307 307 307 307 308 308 308 308 308
127 128 128 96 97 97 98 98 99 99 99 100 100 100 101 101 102 102 102 103 103 103 104 104 104 105 105 105 106 106 106 107 107 107 108 108 108 109 109 109 109 110 110 110 111 111 111 111 112 112 112 113 113 113 113 114 114 114 114 115 115 115 115 116 116 116 116 117 117 117 117 118 118 118 118 118 119 119 119 119 120 306 306 306 306 307 307 307 307 307 308 308 308 308
127 127 96 96 97 97 97 98 98 99 99 99 100 100 101 101 101 102 102 102 103 103 104 104 104 105 105 105 106 106 106 107 107 107 107 108 108 108 109 109 109 110 110 110 110 111 111 111 112 112 112 112 113 113 113 113 114 114 114 114 115 115 115 115 116 116 116 116 117 117 117 117 118 118 118 118 118 119 305 305 305 306 306 306 306 306 307 307 307 307 307 308 308 308
127 95 96 96 96 97 97 98 98 98 99 99 100 100 100 101 101 102 102 102 103 103 103 104 104 104 105 105 105 106 106 106 107 107 107 108 108 108 109 109 109 109 110 110 110 111 111 111 111 112 112 112 112 113 113 113 114 114 114 114 115 115 115 115 116 116 116 116 117 117 117 117 117 118 118 118 304 305 305 305 305 305 306 306 306 306 307 307 307 307 307 308 308 308
94 95 95 96 96 97 97 97 98 98 99 99 99 100 100 101 101 101 102 102 102 103 103 103 104 104 105 105 105 106 106 106 106 107 107 107 108 108 108 109 109 109 110 110 110 110 111 111 111 111 112 112 112 113 113 113 113 114 114 114 114 115 115 115 115 116 116 116 116 117 117 117 117 118 304 304 304 304 305 305 305 305 306 306 306 306 306 307 307 307 307 307 308 308
94 95 95 96 96 96 97 97 98 98 98 99 99 100 100 100 101 101 102 102 102 103 103 103 104 104 104 105 105 105 106 106 106 107 107 107 108 108 108 108 109 109 109 110 110 110 110 111 111 111 112 112 112 112 113 113 113 113 114 114 114 114 115 115 115 115 116 116 116 116 117 303 303 303 304 304 304 304 304 305 305 305 305 306 306 306 306 306 307 307 307 307 307 308
94 94 95 95 96 96 97 97 97 98 98 99 99 99 100 100 101 101 101 102 102 102 103 103 103 104 104 104 105 105 105 106 106 106 107 107 107 108 108 108 109 109 109 109 110 110 110 111 111 111 111 112 112 112 113 113 113 113 114 114 114 114 115 115 115 115 116 116 116 302 303 303 303 303 303 304 304 304 304 305 305 305 305 305 306 306 306 306 306 307 307 307 307 307
94 94 95 95 95 96 96 97 97 98 98 98 99 99 100 100 100 101 101 101 102 102 103 103 103 104 104 104 105 105 105 106 106 106 107 107 107 107 108 108 108 109 109 109 110 110 110 110 111 111 111 112 112 112 112 113 113 113 113 114 114 114 114 115 115 115 115 302 302 302 302 303 303 303 303 304 304 304 304 304 305 305 305 305 305 306 306 306 306 307 307 307 307 307
93 94 94 95 95 96 96 97 97 97 98 98 99 99 99 100 100 100 101 101 102 102 102 103 103 103 104 104 104 105 105 105 106 106 106 107 107 107 108 108 108 109 109 109 109 110 110 110 111 111 111 111 112 112 112 112 113 113 113 113 114 114 114 114 115 301 301 301 302 302 302 302 303 303 303 303 304 304 304 304 304 305 305 305 305 306 306 306 306 306 307 307 307 307
93 94 94 95 95 95 96 96 97 97 98 98 98 99 99 100 100 100 101 101 101 102 102 102 103 103 104 104 104 105 105 105 106 106 106 106 107 107 107 108 108 108 109 109 109 109 110 110 110 111 111 111 111 112 112 112 113 113 113 113 114 114 114 300 301 301 301 301 302 302 302 302 302 303 303 303 303 304 304 304 304 305 305 305 305 305 306 306 306 306 306 307 307 307
93 93 94 94 95 95 96 96 96 97 97 98 98 99 99 99 100 100 100 101 101 102 102 102 103 103 103 104 104 104 105 105 105 106 106 106 107 107 107 108 108 108 108 109 109 109 110 110 110 110 111 111 111 112 112 112 112 113 113 113 299 300 300 300 300 301 301 301 301 302 302 302 302 303 303 303 303 303 304 304 304 304 305 305 305 305 305 306 306 306 306 306 307 307
93 93 94 94 94 95 95 96 96 97 97 97 98 98 99 99 99 100 100 101 101 101 102 102 102 103 103 103 104 104 104 105 105 105 106 106 106 107 107 107 108 108 108 109 109 109 109 110 110 110 111 111 111 111 112 112 112 112 299 299 299 299 300 300 300 300 301 301 301 301 302 302 302 302 303 303 303 303 304 304 304 304 304 305 305 305 305 306 306 306 306 306 307 307
92 93 93 94 94 95 95 96 96 96 97 97 98 98 98 99 99 100 100 100 101 101 101 102 102 103 103 103 104 104 104 105 105 105 106 106 106 107 107 107 107 108 108 108 109 109 109 110 110 110 110 111 111 111 111 112 298 298 299 299 299 299 300 300 300 300 301 301 301 301 302 302 302 302 302 303 303 303 303 304 304 304 304 304 305 305 305 305 306 306 306 306 306 307
92 93 93 94 94 94 95 95 96 96 97 97 97 98 98 99 99 99 100 100 101 101 101 102 102 102 103 103 103 104 104 104 105 105 105 106 106 106 107 107 107 108 108 108 108 109 109 109 110 110 110 110 111 111 297 298 298 298 298 299 299 299 299 300 300 300 300 301 301 301 301 302 302 302 302 303 303 303 303 303 304 304 304 304 305 305 305 305 305 306 306 306 306 306
92 92 93 93 94 94 95 95 95 96 96 97 97 98 98 98 99 99 100 100 100 101 101 101 102 102 102 103 103 104 104 104 105 105 105 105 106 106 106 107 107 107 108 108 108 109 109 109 109 110 110 110 111 297 297 297 298 298 298 298 299 299 299 299 300 300 300 300 301 301 301 301 302 302 302 302 303 303 303 303 304 304 304 304 304 305 305 305 305 305 306 306 306 306
92 92 93 93 93 94 94 95 95 96 96 97 97 97 98 98 99 99 99 100 100 100 101 101 102 102 102 103 103 103 104 104 104 105 105 105 106 106 106 107 107 107 107 108 108 108 109 109 109 110 110 296 296 297 297 297 297 298 298 298 299 299 299 299 300 300 300 300 301 301 301 301 302 302 302 302 302 303 303 303 303 304 304 304 304 304 305 305 305 305 306 306 306 306
91 92 92 93 93 94 94 95 95 95 96 96 97 97 98 98 98 99 99 99 100 100 101 101 101 102 102 102 103 103 103 104 104 104 105 105 105 106 106 106 107 107 107 108 108 108 108 109 109 295 296 296 296 296 297 297 297 298 298 298 298 299 299 299 299 300 300 300 300 301 301 301 301 302 302 302 302 303 303 303 303 303 304 304 304 304 305 305 305 305 305 306 306 306
91 91 92 92 93 93 94 94 95 95 96 96 96 97 97 98 98 98 99 99 100 100 100 101 101 101 102 102 103 103 103 104 104 104 105 105 105 106 106 106 106 107 107 107 108 108 108 295 295 295 295 296 296 296 297 297 297 297 298 298 298 298 299 299 299 299 300 300 300 300 301 301 301 301 302 302 302 302 303 303 303 303 303 304 304 304 304 305 305 305 305 305 306 306
91 91 92 92 93 93 94 94 94 95 95 96 96 97 97 97 98 98 99 99 99 100 100 101 101 101 102 102 102 103 103 103 104 104 104 105 105 105 106 106 106 107 107 107 107 294 294 294 295 295 295 296 296 296 296 297 297 297 297 298 298 298 299 299 299 299 300 300 300 300 301 301 301 301 301 302 302 302 302 303 303 303 303 304 304 304 304 304 305 305 305 305 305 306
90 91 91 92 92 93 93 94 94 95 95 96 96 96 97 97 98 98 98 99 99 100 100 100 101 101 101 102 102 102 103 103 103 104 104 104 105 105 105 106 106 106 107 293 293 294 294 294 294 295 295 295 296 296 296 296 297 297 297 298 298 298 298 299 299 299 299 300 300 300 300 301 301 301 301 302 302 302 302 302 303 303 303 303 304 304 304 304 304 305 305 305 305 305
90 91 91 92 92 93 93 93 94 94 95 95 96 96 97 97 97 98 98 99 99 99 100 100 100 101 101 102 102 102 103 103 103 104 104 104 105 105 105 106 106 106 292 293 293 293 294 294 294 295 295 295 295 296 296 296 297 297 297 297 298 298 298 298 299 299 299 299 300 300 300 300 301 301 301 301 302 302 302 302 303 303 303 303 303 304 304 304 304 304 305 305 305 305
90 90 91 91 92 92 93 93 94 94 95 95 95 96 96 97 97 98 98 98 99 99 99 100 100 101 101 101 102 102 102 103 103 103 104 104 104 105 105 105 292 292 292 293 293 293 294 294 294 294 295 295 295 296 296 296 296 297 297 297 297 298 298 298 298 299 299 299 299 300 300 300 300 301 301 301 301 302 302 302 302 303 303 303 303 303 304 304 304 304 305 305 305 305
90 90 91 91 92 92 92 93 93 94 94 95 95 96 96 96 97 97 98 98 98 99 99 100 100 100 101 101 101 102 102 102 103 103 104 104 104 104 291 291 291 292 292 292 293 293 293 294 294 294 294 295 295 295 296 296 296 296 297 297 297 298 298 298 298 299 299 299 299 300 300 300 300 301 301 301 301 301 302 302 302 302 303 303 303 303 304 304 304 304 304 305 305 305
89 90 90 91 91 92 92 93 93 94 94 94 95 95 96 96 97 97 97 98 98 99 99 99 100 100 100 101 101 102 102 102 103 103 103 104 104 290 291 291 291 292 292 292 292 293 293 293 294 294 294 295 295 295 295 296 296 296 297 297 297 297 298 298 298 298 299 299 299 299 300 300 300 300 301 301 301 301 302 302 302 302 302 303 303 303 303 304 304 304 304 304 305 305
89 89 90 90 91 91 92 92 93 93 94 94 95 95 96 96 96 97 97 98 98 98 99 99 100 100 100 101 101 101 102 102 102 103 103 289 290 290 290 291 291 291 292 292 292 293 293 293 293 294 294 294 295 295 295 296 296 296 296 297 297 297 297 298 298 298 298 299 299 299 299 300 300 300 300 301 301 301 301 302 302 302 302 303 303 303 303 303 304 304 304 304 304 305
89 89 90 90 91 91 92 92 93 93 93 94 94 95 95 96 96 97 97 97 98 98 99 99 99 100 100 100 101 101 101 102 102 289 289 289 290 290 290 291 291 291 291 292 292 292 293 293 293 294 294 294 294 295 295 295 296 296 296 296 297 297 297 297 298 298 298 299 299 299 299 300 300 300 300 300 301 301 301 301 302 302 302 302 303 303 303 303 303 304 304 304 304 305
88 89 89 90 90 91 91 92 92 93 93 94 94 95 95 95 96 96 97 97 97 98 98 99 99 99 100 100 101 101 101 102 288 288 289 289 289 290 290 290 291 291 291 292 292 292 292 293 293 293 294 294 294 295 295 295 295 296 296 296 296 297 297 297 298 298 298 298 299 299 299 299 300 300 300 300 301 301 301 301 301 302 302 302 302 303 303 303 303 303 304 304 304 304
88 88 89 90 90 91 91 92 92 92 93 93 94 94 95 95 96 96 96 97 97 98 98 98 99 99 100 100 100 101 287 287 288 288 288 289 289 289 290 290 290 291 291 291 292 292 292 293 293 293 293 294 294 294 295 295 295 295 296 296 296 297 297 297 297 298 298 298 298 299 299 299 299 300 300 300 300 301 301 301 301 302 302 302 302 302 303 303 303 303 304 304 304 304
88 88 89 89 90 90 91 91 92 92 93 93 94 94 94 95 95 96 96 97 97 97 98 98 99 99 99 100 100 286 287 287 287 288 288 289 289 289 290 290 290 291 291 291 291 292 292 292 293 293 293 294 294 294 294 295 295 295 296 296 296 296 297 297 297 297 298 298 298 298 299 299 299 299 300 300 300 300 301 301 301 301 302 302 302 302 302 303 303 303 303 304 304 304
87 88 88 89 89 90 90 91 91 92 92 93 93 94 94 95 95 95 96 96 97 97 98 98 98 99 99 285 286 286 287 287 287 288 288 288 289 289 289 290 290 290 291 291 291 292 292 292 292 293 293 293 294 294 294 295 295 295 295 296 296 296 296 297 297 297 298 298 298 298 299 299 299 299 300 300 300 300 300 301 301 301 301 302 302 302 302 303 303 303 303 303 304 304
87 88 88 89 89 90 90 91 91 92 92 93 93 93 94 94 95 95 96 96 96 97 97 98 98 98 285 285 286 286 286 287 287 287 288 288 288 289 289 289 290 290 290 291 291 291 292 292 292 293 293 293 293 294 294 294 295 295 295 295 296 296 296 297 297 297 297 298 298 298 298 299 299 299 299 300 300 300 300 301 301 301 301 301 302 302 302 302 303 303 303 303 303 304
87 87 88 88 89 89 90 90 91 91 92 92 93 93 94 94 94 95 95 96 96 97 97 97 284 284 285 285 285 286 286 286 287 287 287 288 288 289 289 289 290 290 290 290 291 291 291 292 292 292 293 293 293 294 294 294 294 295 295 295 296 296 296 296 297 297 297 297 298 298 298 298 299 299 299 299 300 300 300 300 301 301 301 301 302 302 302 302 302 303 303 303 303 303
86 87 87 88 88 89 90 90 91 91 91 92 92 93 93 94 94 95 95 96 96 96 97 283 284 284 284 285 285 285 286 286 287 287 287 288 288 288 289 289 289 290 290 290 291 291 291 292 292 292 292 293 293 293 294 294 294 294 295 295 295 296 296 296 296 297 297 297 297 298 298 298 298 299 299 299 299 300 300 300 300 301 301 301 301 302 302 302 302 302 303 303 303 303
86 87 87 88 88 89 89 90 90 91 91 92 92 93 93 93 94 94 95 95 96 282 282 283 283 284 284 284 285 285 286 286 286 287 287 287 288 288 288 289 289 289 290 290 290 291 291 291 292 292 292 293 293 293 293 294 294 294 295 295 295 295 296 296 296 296 297 297 297 298 298 298 298 299 299 299 299 299 300 300 300 300 301 301 301 301 302 302 302 302 302 303 303 303
86 86 87 87 88 88 89 89 90 90 91 91 92 92 93 93 94 94 95 95 281 282 282 283 283 283 284 284 285 285 285 286 286 286 287 287 287 288 288 288 289 289 289 290 290 290 291 291 291 292 292 292 293 293 293 293 294 294 294 295 295 295 295 296 296 296 297 297 297 297 298 298 298 298 299 299 299 299 300 300 300 300 300 301 301 301 301 302 302 302 302 303 303 303
85 86 86 87 87 88 89 89 90 90 91 91 92 92 92 93 93 94 280 281 281 282 282 282 283 283 284 284 284 285 285 285 286 286 287 287 287 288 288 288 289 289 289 290 290 290 291 291 291 291 292 292 292 293 293 293 294 294 294 294 295 295 295 296 296 296 296 297 297 297 297 298 298 298 298 299 299 299 299 300 300 300 300 301 301 301 301 301 302 302 302 302 303 303
85 85 86 87 87 88 88 89 89 90 90 91 91 92 92 93 93 280 280 280 281 281 282 282 282 283 283 284 284 284 285 285 286 286 286 287 287 287 288 288 288 289 289 289 290 290 290 291 291 291 292 292 292 292 293 293 293 294 294 294 294 295 295 295 296 296 296 296 297 297 297 297 298 298 298 298 299 299 299 299 300 300 300 300 301 301 301 301 302 302 302 302 302 303
84 85 86 86 87 87 88 88 89 89 90 90 91 91 92 92 279 279 280 280 281 281 281 282 282 283 283 283 284 284 285 285 285 286 286 286 287 287 287 288 288 288 289 289 289 290 290 290 291 291 291 292 292 292 293 293 293 293 294 294 294 295 295 295 295 296 296 296 296 297 297 297 297 298 298 298 298 299 299 299 299 300 300 300 300 301 301 301 301 302 302 302 302 302
