testData/tiles/oneDegreeCosts/grid44.0-4.0-45.0-5.0.asc
ncols   200
nrows   200
xllcorner   44.0
yllcorner   4.0
cellsize   0.005
NODATA_value   -9999.0
[rows 0 to 41 of 200, columns 94 to 187 of 200]
392 392 392 392 392 392 392 392 392 392 392 392 392 392 392 392 392 392 392 392 392 392 392 392 392 392 392 392 392 392 392 392 392 393 393 394 394 394 395 395 396 396 396 397 397 398 398 398 399 399 400 400 400 402 402 402 403 403 404 404 404 405 405 405 406 406 392 392 392 392 392 392 429 430 430 430 431 431 431 432 432 433 434 434 434 435 435 434 434 435 435 435 436 436
392 392 392 392 392 392 392 392 392 392 392 392 392 392 392 392 392 392 392 392 392 392 392 392 392 392 392 392 392 392 392 392 393 393 393 394 394 395 395 395 396 396 397 397 397 398 398 399 399 399 400 400 400 401 402 403 403 403 404 404 404 405 405 405 406 406 392 392 392 392 392 392 430 430 430 431 431 431 432 432 432 432 434 434 434 435 435 434 435 435 435 436 436 436
392 392 392 392 392 392 392 392 392 392 392 392 392 392 392 392 392 392 392 392 392 392 392 392 392 392 392 392 392 392 392 392 393 393 394 394 394 395 395 396 396 396 397 397 398 398 398 399 399 400 400 400 401 401 402 403 403 404 404 404 405 405 405 406 406 406 407 392 392 392 392 392 392 430 430 431 431 431 432 432 432 433 433 434 435 435 435 435 435 435 435 436 436 436
392 392 392 392 392 392 392 392 392 392 392 392 392 392 392 392 392 392 392 392 392 392 392 392 392 392 392 392 392 392 392 393 393 393 394 394 395 395 395 396 396 397 397 397 398 398 399 399 399 400 400 400 401 401 402 403 403 404 404 404 405 405 405 406 406 407 407 392 392 392 392 392 392 430 431 431 431 432 432 432 432 433 433 433 435 435 435 435 435 435 436 436 436 436
392 392 392 392 392 392 392 392 392 392 392 392 392 392 392 392 392 392 392 392 392 392 392 392 392 392 392 392 392 392 392 393 393 394 394 394 395 395 396 396 396 397 397 398 398 398 399 399 400 400 400 401 401 401 402 402 403 404 404 405 405 405 406 406 406 407 407 407 392 392 392 392 392 430 431 431 431 432 432 432 433 433 433 434 434 435 436 435 435 435 436 436 436 437
392 392 392 392 392 392 392 392 392 392 392 392 392 392 392 392 392 392 392 392 392 392 392 392 392 392 392 392 392 392 392 392 393 394 394 395 395 395 396 396 397 397 397 398 398 399 399 399 400 400 400 401 401 402 402 402 403 404 404 405 405 405 406 406 406 407 407 408 392 392 392 392 392 392 431 431 432 432 432 432 433 433 433 434 434 434 436 435 435 436 436 436 436 437
392 392 392 392 392 392 392 392 392 392 392 392 392 392 392 392 392 392 392 392 392 392 392 392 392 392 392 392 392 392 392 392 392 394 394 395 395 396 396 396 397 397 398 398 398 399 399 399 400 400 401 401 401 402 402 402 403 403 405 405 405 406 406 406 407 407 407 408 408 392 392 392 392 392 431 431 432 432 432 433 433 433 434 434 434 435 435 435 435 436 436 436 437 437
392 392 392 392 392 392 392 392 392 392 392 392 392 392 392 392 392 392 392 392 392 392 392 392 392 392 392 392 392 392 392 392 393 393 394 395 395 396 396 397 397 397 398 398 398 399 399 400 400 400 401 401 402 402 402 403 403 403 404 405 405 406 406 406 407 407 407 408 408 392 392 392 392 392 392 432 432 432 432 433 433 433 434 434 434 435 435 435 436 436 436 437 437 437
392 392 392 392 392 392 392 392 392 392 392 392 392 392 392 392 392 392 392 392 392 392 392 392 392 392 392 392 392 392 392 392 393 393 395 395 395 396 396 397 397 397 398 398 399 399 399 400 400 401 401 401 402 402 402 403 403 403 404 404 406 406 406 407 407 407 408 408 408 409 392 392 392 392 392 432 432 432 433 433 433 434 434 434 435 435 435 435 435 436 436 437 437 437
392 392 392 392 392 392 392 392 392 392 392 392 392 392 392 392 392 392 392 392 392 392 392 392 392 392 392 392 392 392 392 393 393 393 394 395 396 396 396 397 397 398 398 398 399 399 400 400 400 401 401 401 402 402 403 403 404 404 404 404 405 406 406 407 407 407 408 408 408 409 392 392 392 392 392 432 432 432 433 433 433 434 434 434 435 435 435 435 435 435 436 437 437 437
392 392 392 392 392 392 392 392 392 392 392 392 392 392 392 392 392 392 392 392 392 392 392 392 392 392 392 392 392 392 392 393 393 394 394 394 396 396 397 397 397 398 398 399 399 399 400 400 400 401 401 402 402 402 403 403 403 404 404 405 405 406 407 407 407 408 408 408 409 409 409 392 392 392 392 392 432 433 433 433 434 434 434 435 435 435 435 435 435 435 436 437 437 438
392 392 392 392 392 392 392 392 392 392 392 392 392 392 392 392 392 392 392 392 392 392 392 392 392 392 392 392 392 392 392 393 393 394 394 395 395 396 397 397 398 398 398 399 399 400 400 400 401 401 401 402 402 403 403 403 404 404 404 405 405 405 407 407 407 408 408 408 409 409 409 392 392 392 392 392 432 433 433 433 434 434 434 435 435 435 436 435 435 435 436 436 437 438
392 392 392 392 392 392 392 392 392 392 392 392 392 392 392 392 392 392 392 392 392 392 392 392 392 392 392 392 392 392 393 393 393 394 394 395 395 396 397 397 398 398 399 399 399 400 400 400 401 401 402 402 402 403 403 403 404 404 404 405 405 406 406 407 408 408 408 409 409 409 410 410 392 392 392 392 393 433 433 434 434 434 434 435 435 435 436 435 435 436 436 436 437 438
392 392 392 392 392 392 392 392 392 392 392 392 392 392 392 392 392 392 392 392 392 392 392 392 392 392 392 392 392 392 393 393 394 394 394 395 395 396 396 397 398 398 399 399 399 400 400 401 401 401 402 402 402 403 403 404 404 404 405 405 405 406 406 406 408 408 408 409 409 409 410 410 392 392 392 392 393 433 433 434 434 434 435 435 435 436 436 435 435 436 436 436 437 437
392 392 392 392 392 392 392 392 392 392 392 392 392 392 392 392 392 392 392 392 392 392 392 392 392 392 392 392 392 393 393 393 394 394 395 395 395 396 396 398 398 398 399 399 400 400 400 401 401 401 402 402 403 403 403 404 404 404 405 405 405 406 406 407 407 408 409 409 409 410 410 410 411 392 392 393 393 433 434 434 434 434 435 435 435 436 436 435 436 436 436 437 437 437
392 392 392 392 392 392 392 392 392 392 392 392 392 392 392 392 392 392 392 392 392 392 392 392 392 392 392 392 392 393 393 394 394 394 395 395 396 396 396 397 398 399 399 399 400 400 400 401 401 402 402 402 403 403 403 404 404 405 405 405 406 406 406 407 407 407 409 409 409 410 410 410 411 392 392 393 393 393 434 434 434 435 435 435 436 436 436 435 436 436 436 437 437 437
392 392 392 392 392 392 392 392 392 392 392 392 392 392 392 392 392 392 392 392 392 392 392 392 392 392 392 392 392 393 393 394 394 395 395 395 396 396 397 397 397 399 399 399 400 400 401 401 401 402 402 403 403 403 404 404 404 405 405 405 406 406 406 407 407 407 408 409 410 410 410 411 411 411 392 393 393 393 434 434 434 435 435 435 436 436 436 436 436 436 436 437 437 437
392 392 392 392 392 392 392 392 392 392 392 392 392 392 392 392 392 392 392 392 392 392 392 392 392 392 392 392 393 393 393 394 394 395 395 395 396 396 397 397 397 398 399 400 400 400 401 401 402 402 402 403 403 403 404 404 404 405 405 406 406 406 407 407 407 408 408 408 410 410 410 411 411 411 393 393 393 394 394 434 435 435 435 435 436 436 436 436 436 436 437 437 437 437
392 392 392 392 392 392 392 392 392 392 392 392 392 392 392 392 392 392 392 392 392 392 392 392 392 392 392 392 393 393 394 394 394 395 395 396 396 396 397 397 398 398 398 400 400 401 401 401 402 402 402 403 403 404 404 404 405 405 405 406 406 406 407 407 407 408 408 408 409 410 410 411 411 411 412 393 393 394 394 434 435 435 435 436 436 436 437 436 436 436 437 437 437 438
392 392 392 392 392 392 392 392 392 392 392 392 392 392 392 392 392 392 392 392 392 392 392 392 392 392 392 392 393 393 394 394 395 395 395 396 396 397 397 397 398 398 399 399 400 401 401 401 402 402 403 403 403 404 404 404 405 405 405 406 406 407 407 407 408 408 408 409 409 409 411 411 411 412 412 393 394 394 394 394 435 435 435 436 436 436 437 436 436 437 437 437 437 438
392 392 392 392 392 392 392 392 392 392 392 392 392 392 392 392 392 392 392 392 392 392 392 392 392 392 392 393 393 393 394 394 395 395 396 396 396 397 397 398 398 398 399 399 399 401 401 402 402 402 403 403 403 404 404 405 405 405 406 406 406 407 407 407 408 408 408 409 409 409 410 411 411 412 412 393 394 394 394 395 435 435 436 436 436 436 437 436 436 437 437 437 438 438
392 392 392 392 392 392 392 392 392 392 392 392 392 392 392 392 392 392 392 392 392 392 392 392 392 392 392 393 393 394 394 394 395 395 396 396 396 397 397 398 398 398 399 399 400 400 401 402 402 402 403 403 404 404 404 405 405 405 406 406 406 407 407 407 408 408 408 409 409 410 410 410 411 412 412 412 394 394 394 395 395 435 436 436 436 437 437 436 437 437 437 437 438 438
392 392 392 392 392 392 392 392 392 392 392 392 392 392 392 392 392 392 392 392 392 392 392 392 392 392 392 393 393 394 394 395 395 395 396 396 397 397 397 398 398 399 399 399 400 400 400 402 402 403 403 403 404 404 404 405 405 406 406 406 407 407 407 408 408 408 409 409 409 410 410 410 411 412 412 413 394 394 395 395 395 435 436 436 436 437 437 436 437 437 437 438 438 438
392 392 392 392 392 392 392 392 392 392 392 392 392 392 392 392 392 392 392 392 392 392 392 392 392 392 393 393 393 394 394 395 395 396 396 396 397 397 398 398 398 399 399 399 400 400 401 401 402 403 403 403 404 404 405 405 405 406 406 406 407 407 407 408 408 408 409 409 409 410 410 410 411 411 412 413 413 394 395 395 395 396 436 436 437 437 437 436 437 437 437 438 438 438
392 392 392 392 392 392 392 392 392 392 392 392 392 392 392 392 392 392 392 392 392 392 392 392 392 392 393 393 394 394 394 395 395 396 396 396 397 397 398 398 398 399 399 400 400 400 401 401 402 403 403 404 404 404 405 405 405 406 406 406 407 407 408 408 408 409 409 409 410 410 410 411 411 411 412 413 413 394 395 395 395 396 396 436 437 437 437 437 437 437 437 438 438 438
392 392 392 392 392 392 392 392 392 392 392 392 392 392 392 392 392 392 392 392 392 392 392 392 392 392 393 393 394 394 395 395 395 396 396 397 397 397 398 398 399 399 399 400 400 400 401 401 402 403 403 404 404 404 405 405 406 406 406 407 407 407 408 408 408 409 409 409 410 410 410 411 411 411 412 412 413 395 395 395 396 396 396 436 437 437 437 437 437 437 438 438 438 438
392 392 392 392 392 392 392 392 392 392 392 392 392 392 392 392 392 392 392 392 392 392 392 392 392 392 392 393 394 394 395 395 396 396 396 397 397 398 398 398 399 399 399 400 400 401 401 401 402 402 403 404 404 405 405 405 406 406 406 407 407 407 408 408 408 409 409 409 410 410 410 411 411 411 412 412 412 414 395 395 396 396 396 397 437 437 438 437 437 437 438 438 438 439
392 392 392 392 392 392 392 392 392 392 392 392 392 392 392 392 392 392 392 392 392 392 392 392 392 392 392 392 394 394 395 395 396 396 396 397 397 398 398 398 399 399 400 400 400 401 401 401 402 402 403 404 404 405 405 405 406 406 406 407 407 408 408 408 409 409 409 410 410 410 411 411 411 412 412 412 413 413 395 395 396 396 396 397 437 437 438 437 437 438 438 438 438 439
392 392 392 392 392 392 392 392 392 392 392 392 392 392 392 392 392 392 392 392 392 392 392 392 392 392 392 392 392 392 395 395 396 396 397 397 397 398 398 399 399 399 400 400 400 401 401 402 402 402 403 403 404 405 405 406 406 406 407 407 407 408 408 408 409 409 409 410 410 410 411 411 411 412 412 412 413 413 413 396 396 396 397 397 397 437 438 437 437 438 438 438 439 439
392 392 392 392 392 392 392 392 392 392 392 392 392 392 392 392 392 392 392 392 392 392 392 392 392 392 392 392 392 392 392 395 396 396 397 397 397 398 398 399 399 399 400 400 401 401 401 402 402 402 403 403 404 405 405 406 406 406 407 407 407 408 408 408 409 409 409 410 410 410 411 411 411 412 412 412 413 413 413 396 396 396 397 397 397 398 438 437 437 438 438 438 439 439
392 392 392 392 392 392 392 392 392 392 392 392 392 392 392 392 392 392 392 392 392 392 392 392 392 392 392 392 392 392 392 392 392 396 397 397 398 398 398 399 399 400 400 400 401 401 401 402 402 403 403 403 404 404 405 406 406 406 407 407 408 408 408 409 409 409 410 410 410 411 411 411 412 412 412 413 413 413 413 396 396 396 397 397 397 398 438 437 438 438 438 438 439 439
392 392 392 392 392 392 392 392 392 392 392 392 392 392 392 392 392 392 392 392 392 392 392 392 392 392 392 392 392 392 392 392 392 392 392 397 398 398 399 399 399 400 400 400 401 401 402 402 402 403 403 403 404 404 405 406 406 407 407 407 408 408 408 409 409 409 410 410 410 411 411 411 412 412 412 413 413 413 414 414 396 396 396 397 397 398 398 437 438 438 438 439 439 439
392 392 392 392 392 392 392 392 392 392 392 392 392 392 392 392 392 392 392 392 392 392 392 392 392 392 392 392 392 392 392 392 392 392 392 392 398 398 399 399 399 400 400 401 401 401 402 402 402 403 403 404 404 404 405 405 406 407 407 407 408 408 408 409 409 409 410 410 410 411 411 411 412 412 412 413 413 413 414 414 396 396 396 396 398 398 398 437 438 438 438 439 439 439
392 392 392 392 392 392 392 392 392 392 392 392 392 392 392 392 392 392 392 392 392 392 392 392 392 392 392 392 392 392 392 392 392 392 392 392 392 392 399 399 400 400 400 401 401 401 402 402 403 403 403 404 404 404 405 405 405 407 407 408 408 408 409 409 409 410 410 410 411 411 411 412 412 412 413 413 413 413 414 414 396 396 396 396 397 398 398 398 438 438 438 439 439 439
392 392 392 392 392 392 392 392 392 392 392 392 392 392 392 392 392 392 392 392 392 392 392 392 392 392 392 392 392 392 392 392 392 392 392 392 392 392 392 399 400 400 400 401 401 402 402 402 403 403 403 404 404 404 405 405 406 406 407 408 408 408 409 409 409 410 410 410 411 411 411 412 412 412 413 413 413 414 414 414 415 396 396 396 397 397 398 398 398 438 439 439 439 439
392 392 392 392 392 392 392 392 392 392 392 392 392 392 392 392 392 392 392 392 392 392 392 392 392 392 392 392 392 392 392 392 392 392 392 392 392 392 392 392 392 400 401 401 401 402 402 402 403 403 404 404 404 405 405 405 406 406 406 407 408 408 409 409 409 410 410 410 411 411 411 412 412 412 413 413 413 414 414 414 415 396 396 397 397 397 397 398 398 398 439 439 439 440
392 392 392 392 392 392 392 392 392 392 392 392 392 392 392 392 392 392 392 392 392 392 392 392 392 392 392 392 392 392 392 392 392 392 392 392 392 392 392 392 392 392 392 401 401 402 402 402 403 403 404 404 404 405 405 405 406 406 406 407 407 409 409 409 410 410 410 411 411 411 412 412 412 412 413 413 413 414 414 414 415 396 396 397 397 397 398 398 398 398 439 439 439 440
392 392 392 392 392 392 392 392 392 392 392 392 392 392 392 392 392 392 392 392 392 392 392 392 392 392 392 392 392 392 392 392 392 392 392 392 392 392 392 392 392 392 392 392 392 402 402 403 403 403 404 404 404 405 405 406 406 406 407 407 407 408 409 409 410 410 410 411 411 411 412 412 412 413 413 413 414 414 414 414 415 396 396 397 397 397 398 398 398 398 399 439 439 440
392 392 392 392 392 392 392 392 392 392 392 392 392 392 392 392 392 392 392 392 392 392 392 392 392 392 392 392 392 392 392 392 392 392 392 392 392 392 392 392 392 392 392 392 392 392 402 403 403 403 404 404 405 405 405 406 406 406 407 407 407 408 408 409 410 410 410 411 411 411 412 412 412 413 413 413 414 414 414 415 415 415 397 397 397 397 398 398 398 398 398 399 440 440
392 392 392 392 392 392 392 392 392 392 392 392 392 392 392 392 392 392 392 392 392 392 392 392 392 392 392 392 392 392 392 392 392 392 392 392 392 392 392 392 392 392 392 392 392 392 392 392 403 404 404 404 405 405 405 406 406 406 407 407 407 408 408 408 410 410 410 411 411 411 412 412 412 413 413 413 414 414 414 415 415 415 397 397 397 398 398 398 398 398 398 398 400 440
392 392 392 392 392 392 392 392 392 392 392 392 392 392 392 392 392 392 392 392 392 392 392 392 392 392 392 392 392 392 392 392 392 392 392 392 392 392 392 392 392 392 392 392 392 392 392 392 392 392 404 404 405 405 405 406 406 406 407 407 408 408 408 409 409 410 411 411 411 412 412 412 413 413 413 414 414 414 414 415 415 415 397 397 397 398 398 398 398 398 398 398 399 439
392 392 392 392 392 392 392 392 392 392 392 392 392 392 392 392 392 392 392 392 392 392 392 392 392 392 392 392 392 392 392 392 392 392 392 392 392 392 392 392 392 392 392 392 392 392 392 392 392 392 392 392 405 405 406 406 406 407 407 407 408 408 408 409 409 409 411 411 411 412 412 412 413 413 413 414 414 414 415 415 415 415 416 397 397 398 398 398 398 398 398 398 399 399
