testData/tiles/oneDegreeCosts/grid38.0-21.0-39.0-22.0.asc
ncols   200
nrows   200
xllcorner   38.0
yllcorner   21.0
cellsize   0.005
NODATA_value   -9999.0
[rows 84 to 125 of 200, columns 94 to 187 of 200]
360 361 361 361 362 362 362 364 364 364 365 365 365 366 366 366 368 368 368 369 369 369 370 370 370 371 372 372 372 373 373 373 374 374 374 375 375 376 376 377 377 377 572 572 572 572 573 573 574 575 575 575 575 576 576 576 576 577 577 577 578 579 579 579 580 580 580 580 581 581 581 581 582 582 583 583 584 585 585 586 586 588 588 589 589 591 591 592 592 594 595 595 596 596
361 361 362 362 362 363 363 363 364 365 365 366 366 366 367 367 367 368 369 369 369 370 370 370 371 371 371 372 372 373 374 374 374 374 375 375 375 376 376 571 572 572 572 572 573 573 573 574 574 574 574 576 576 576 576 577 577 577 578 578 578 578 579 580 580 580 581 581 581 581 582 582 582 582 583 583 583 585 586 587 587 588 588 590 590 591 591 593 593 594 594 594 597 597
360 362 362 362 363 363 363 364 364 364 365 366 366 367 367 367 368 368 368 369 369 370 371 371 371 372 372 372 373 373 373 374 375 375 375 376 570 570 571 571 571 571 573 573 573 574 574 574 574 575 575 575 575 576 577 577 578 578 578 578 579 579 579 579 580 580 581 581 582 582 582 582 583 583 583 583 584 585 585 586 588 589 589 590 590 592 592 593 593 595 595 595 596 596
361 361 362 363 363 364 364 364 365 365 365 366 366 367 368 368 368 369 369 369 370 370 370 372 372 372 372 373 373 373 374 374 374 376 570 570 570 571 571 571 572 572 572 573 573 574 574 575 575 575 575 576 576 576 577 577 577 578 579 579 579 579 580 580 580 580 581 581 581 581 583 583 583 583 584 584 584 585 586 587 587 588 589 590 591 592 593 594 594 595 595 596 597 597
361 362 362 362 363 364 365 365 365 366 366 366 366 367 367 368 369 369 369 370 370 370 371 371 371 373 373 373 374 374 374 375 569 569 569 570 571 571 572 572 572 572 573 573 573 574 574 575 575 576 576 576 577 577 577 577 578 578 578 579 580 580 580 581 581 581 581 582 582 582 582 583 583 584 584 585 585 586 586 587 588 589 589 590 591 592 592 593 595 596 596 596 597 598
362 362 363 363 363 364 364 365 366 366 366 367 367 367 368 368 368 370 370 370 371 371 371 372 372 372 372 374 374 568 569 569 569 570 570 570 571 571 572 572 573 573 573 574 574 574 574 575 575 575 577 577 577 577 578 578 578 579 579 579 579 580 581 581 581 582 582 582 582 583 583 583 583 584 584 584 585 587 587 588 588 590 590 591 591 592 593 594 594 594 596 597 598 598
362 363 363 364 364 364 365 365 365 366 367 367 368 368 368 369 369 369 369 371 371 371 372 372 372 373 373 567 568 568 569 570 570 570 570 571 571 571 572 572 572 574 574 574 574 575 575 575 576 576 576 576 577 578 578 579 579 579 579 580 580 580 580 581 581 582 582 583 583 583 583 584 584 584 584 585 585 586 586 589 589 590 590 592 592 593 593 594 595 595 596 596 598 598
362 362 364 364 364 365 365 365 366 366 366 367 368 368 369 369 369 370 370 370 371 371 372 373 567 567 568 568 568 568 569 569 570 571 571 571 572 572 572 573 573 573 573 575 575 575 576 576 576 576 577 577 577 578 578 579 579 580 580 580 580 581 581 581 581 582 582 582 583 584 584 584 584 585 585 585 585 587 587 588 588 590 590 592 592 594 594 594 595 595 597 597 598 598
363 363 363 364 365 365 366 366 366 367 367 367 368 368 369 370 370 370 371 371 371 372 566 566 567 568 568 568 569 569 569 570 570 570 571 572 572 572 573 573 573 574 574 574 575 575 576 576 577 577 577 578 578 578 578 579 579 579 580 581 581 581 581 582 582 582 583 583 583 583 584 584 585 585 586 586 586 587 588 589 589 590 590 592 592 593 593 595 596 596 597 597 599 599
363 363 364 364 364 365 366 366 367 367 367 368 368 368 369 369 370 371 371 371 566 566 566 567 567 567 569 569 569 570 570 570 570 571 571 571 572 573 573 574 574 574 574 575 575 575 576 576 576 577 578 578 578 579 579 579 579 580 580 580 581 582 582 582 583 583 583 583 584 584 584 584 585 585 585 586 587 588 588 589 590 591 591 592 592 593 594 594 595 596 598 598 599 599
364 364 364 365 365 365 366 366 367 368 368 368 369 369 369 370 370 370 566 566 566 567 567 567 568 568 568 568 569 570 570 571 571 571 572 572 572 573 573 573 574 575 575 575 576 576 576 576 577 577 577 578 579 579 579 580 580 580 581 581 581 581 582 582 583 583 584 584 584 584 585 585 585 585 586 586 586 587 589 590 590 591 592 592 593 593 595 595 596 596 597 598 599 599
363 364 365 365 365 366 366 366 367 367 368 369 369 369 370 370 564 565 565 565 567 567 567 568 568 568 569 569 569 570 570 571 572 572 572 572 573 573 573 574 574 574 576 576 576 576 577 577 577 578 578 578 578 579 580 580 581 581 581 581 582 582 582 582 583 583 583 584 585 585 585 585 586 586 586 586 587 588 588 589 590 590 592 592 594 594 595 595 597 597 598 598 599 600
364 364 364 366 366 366 367 367 367 368 368 368 369 370 564 565 565 565 566 566 566 567 567 568 569 569 569 570 570 570 570 571 571 571 573 573 573 574 574 574 575 575 575 575 576 577 577 578 578 578 578 579 579 579 580 580 580 581 582 582 582 582 583 583 583 584 584 584 584 585 585 586 586 587 587 587 587 589 589 589 590 590 592 592 593 594 596 596 597 597 599 599 599 600
364 364 365 365 365 367 367 367 368 368 368 563 563 563 564 565 565 566 566 566 567 567 567 568 568 569 570 570 570 571 571 571 572 572 572 573 574 574 574 575 575 575 576 576 576 577 577 577 578 579 579 579 580 580 580 580 581 581 581 581 583 583 583 584 584 584 584 585 585 585 585 586 586 586 587 588 588 588 589 590 591 591 592 593 594 594 595 595 597 598 598 599 600 601
365 365 365 366 366 366 367 368 368 563 563 563 564 564 564 565 565 566 567 567 567 568 568 568 569 569 569 571 571 571 572 572 572 572 573 573 573 574 574 575 576 576 576 576 577 577 577 578 578 578 580 580 580 580 581 581 581 581 582 582 582 583 583 584 584 585 585 585 585 586 586 586 586 587 587 587 587 589 590 590 591 592 593 593 594 595 595 596 596 597 598 599 599 601
365 365 366 366 366 367 367 561 562 563 564 564 564 565 565 565 566 566 566 568 568 568 568 569 569 569 570 570 570 571 572 572 573 573 573 574 574 574 575 575 575 576 577 577 577 578 578 578 578 579 579 579 580 581 581 581 582 582 582 583 583 583 583 584 584 584 585 586 586 586 586 587 587 587 587 588 588 588 589 590 591 592 593 594 594 595 595 597 597 598 598 600 600 601
366 366 366 367 367 561 562 562 562 563 563 564 565 565 565 566 566 566 567 567 567 568 569 569 570 570 570 571 571 571 572 572 573 574 574 574 574 575 575 575 576 576 576 577 578 578 578 579 579 579 580 580 580 580 581 581 582 583 583 583 583 584 584 584 584 585 585 585 586 587 587 587 588 588 588 588 589 589 590 590 592 592 592 593 594 596 596 597 597 599 599 600 600 601
366 366 367 367 561 562 562 563 563 563 564 564 564 565 566 566 567 567 567 568 568 568 569 569 570 571 571 571 571 572 572 572 573 573 573 575 575 575 576 576 576 576 577 577 577 578 578 579 580 580 580 580 581 581 581 582 582 582 582 584 584 584 584 585 585 585 586 586 586 586 587 587 587 588 589 589 589 589 591 591 591 592 593 594 594 595 596 597 598 598 599 600 601 601
367 367 561 562 562 562 563 563 563 564 564 564 565 565 565 566 567 567 568 568 568 569 569 569 570 570 571 572 572 572 573 573 573 574 574 574 575 576 576 576 577 577 577 578 578 578 579 579 579 580 581 581 581 582 582 582 582 583 583 583 583 584 585 585 586 586 586 586 587 587 587 587 588 588 588 588 590 590 590 591 592 593 593 594 595 596 596 596 598 598 599 599 601 602
561 561 562 562 562 563 563 564 564 564 565 565 565 566 566 566 567 567 568 569 569 569 570 570 570 571 571 571 572 573 573 573 574 574 574 575 575 575 576 576 577 578 578 578 578 579 579 579 580 580 580 581 582 582 582 583 583 583 583 584 584 584 585 585 585 586 587 587 587 587 588 588 588 588 589 589 589 589 590 591 592 593 594 595 595 595 597 597 598 598 600 600 601 601
562 562 562 563 563 563 564 564 564 565 565 565 566 566 566 567 567 567 568 568 569 570 570 570 571 571 571 572 572 572 573 574 574 575 575 575 576 576 576 576 577 577 577 579 579 579 580 580 580 580 581 581 581 582 582 583 583 584 584 584 585 585 585 585 586 586 586 586 588 588 588 589 589 589 589 590 590 590 590 592 592 592 593 595 596 596 597 597 599 599 599 600 601 602
562 562 563 563 564 564 564 565 565 565 566 566 566 567 567 567 568 568 568 569 569 569 570 571 571 572 572 572 573 573 573 574 574 574 575 576 576 576 577 577 577 578 578 578 579 580 580 580 581 581 581 582 582 582 582 583 583 583 585 585 585 585 586 586 586 587 587 587 587 588 588 588 589 590 590 590 590 591 591 591 592 593 594 594 595 596 597 598 598 599 600 601 601 602
563 563 563 564 564 564 565 565 565 566 566 566 567 567 567 568 568 568 569 569 569 570 570 570 571 572 572 573 573 573 574 574 574 575 575 575 577 577 577 578 578 578 578 579 579 579 580 580 581 582 582 582 582 583 583 583 584 584 584 584 585 586 586 587 587 587 587 588 588 588 588 589 589 589 589 591 591 591 591 592 593 593 594 595 596 596 596 598 598 599 599 602 602 602
563 563 564 564 565 565 565 566 566 566 567 567 567 568 568 568 569 569 569 570 570 570 571 571 571 572 572 572 574 574 574 575 575 575 576 576 576 576 577 578 578 579 579 579 580 580 580 581 581 581 581 583 583 583 584 584 584 584 585 585 585 586 586 586 587 588 588 588 588 589 589 589 589 590 590 590 590 591 591 592 593 594 594 595 595 597 597 598 598 600 600 600 601 602
564 564 564 565 565 565 566 566 566 567 567 567 568 568 568 569 569 570 570 570 571 571 571 572 572 572 573 573 573 573 575 575 575 576 576 576 577 577 577 578 578 578 580 580 580 580 581 581 581 582 582 582 583 583 584 584 585 585 585 586 586 586 586 587 587 587 587 589 589 589 590 590 590 590 591 591 591 591 592 592 592 593 595 596 596 597 597 598 599 599 600 601 602 602
564 564 565 565 566 566 566 567 567 567 568 568 568 569 569 569 570 570 570 571 571 571 572 572 572 573 573 573 574 574 574 575 575 576 577 577 577 578 578 578 578 579 579 579 581 581 581 582 582 582 582 583 583 583 584 584 584 586 586 586 586 587 587 587 587 588 588 588 589 589 589 590 591 591 591 591 592 592 592 592 593 594 594 595 596 596 598 598 600 600 601 601 601 603
565 565 565 566 566 566 567 567 567 568 568 568 569 569 570 570 570 571 571 571 572 572 572 573 573 573 574 574 574 575 575 575 575 576 576 577 578 578 578 579 579 579 580 580 580 581 581 582 582 583 583 583 584 584 584 584 585 585 585 586 587 587 587 588 588 588 589 589 589 589 590 590 590 590 592 592 592 592 593 593 593 594 595 595 596 596 598 598 599 599 601 602 602 603
565 565 566 566 567 567 567 568 568 568 569 569 569 570 570 570 571 571 571 572 572 572 573 573 573 574 574 574 575 575 575 576 576 576 577 577 577 578 579 579 580 580 580 580 581 581 581 582 582 582 584 584 584 584 585 585 585 586 586 586 586 587 587 588 589 589 589 589 590 590 590 590 591 591 591 591 592 593 593 593 594 594 595 595 597 597 597 598 599 600 600 601 602 602
566 566 566 567 567 567 568 568 568 569 569 569 570 570 571 571 571 572 572 572 573 573 573 574 574 574 575 575 575 576 576 576 577 577 577 577 578 578 578 579 580 580 581 581 581 582 582 582 583 583 583 583 584 585 585 586 586 586 586 587 587 587 588 588 588 588 590 590 590 590 591 591 591 592 592 592 592 593 593 593 593 595 596 596 596 598 598 599 599 600 601 601 602 602
566 566 567 567 568 568 568 569 569 569 570 570 570 571 571 571 572 572 572 573 573 573 574 574 574 575 575 575 576 576 576 577 577 577 578 578 578 579 579 579 580 580 580 582 582 582 582 583 583 583 584 584 584 585 585 585 586 587 587 587 588 588 588 588 589 589 589 589 590 591 591 592 592 592 592 593 593 593 593 594 594 594 594 596 596 598 598 599 600 600 601 602 603 603
567 567 567 568 568 568 569 569 569 570 570 571 571 571 572 572 572 573 573 573 574 574 574 575 575 575 576 576 576 577 577 577 578 578 578 579 579 579 580 580 580 580 581 581 581 582 583 583 584 584 584 584 585 585 585 586 586 586 587 588 588 588 589 589 589 589 590 590 590 591 591 591 591 593 593 593 593 594 594 594 594 595 595 596 596 597 598 598 599 601 601 602 602 604
567 567 568 568 569 569 569 570 570 570 571 571 571 572 572 572 573 573 573 574 574 574 575 575 575 576 576 576 577 577 577 578 578 578 579 579 579 580 580 580 581 581 581 582 582 582 583 583 583 584 585 585 585 586 586 586 586 587 587 587 588 588 589 589 590 590 590 591 591 591 591 592 592 592 592 593 594 594 594 595 595 595 595 596 597 597 598 599 599 600 600 602 602 603
568 568 568 569 569 569 570 570 570 571 571 572 572 572 573 573 573 574 574 574 575 575 575 576 576 576 577 577 577 578 578 578 579 579 579 580 580 580 581 581 581 581 582 582 582 583 583 583 584 584 584 585 586 586 586 587 587 587 588 588 588 588 589 589 589 591 591 591 591 592 592 592 592 593 593 593 594 594 594 594 596 596 596 596 598 598 598 599 600 601 601 601 602 603
568 568 569 569 570 570 570 571 571 571 572 572 572 573 573 573 574 574 574 575 575 575 576 576 577 577 577 578 578 578 579 579 579 579 580 580 580 581 581 581 582 582 582 583 583 583 584 584 584 584 585 585 585 586 586 587 588 588 588 588 589 589 589 590 590 590 590 591 592 592 592 593 593 593 594 594 594 594 595 595 595 595 596 596 597 598 599 600 600 600 602 602 603 603
569 569 569 570 570 570 571 571 571 572 572 573 573 573 574 574 574 575 575 575 576 576 576 577 577 577 578 578 578 579 579 579 580 580 580 581 581 581 582 582 582 583 583 583 583 584 584 584 585 585 585 586 586 586 587 587 587 587 589 589 589 590 590 590 590 591 591 591 592 592 592 592 594 594 594 594 595 595 595 595 596 596 596 596 597 597 598 598 601 601 601 602 603 604
569 569 570 570 571 571 571 572 572 572 573 573 573 574 574 574 575 575 575 576 576 577 577 577 578 578 578 579 579 579 580 580 580 581 581 581 581 582 582 582 583 583 583 584 584 584 585 585 585 586 586 586 586 587 587 587 588 588 588 589 589 590 590 591 591 591 592 592 592 592 593 593 593 593 594 595 595 595 596 596 596 596 597 597 597 597 599 599 599 600 601 602 603 603
570 570 570 571 571 571 572 572 572 573 573 574 574 574 575 575 575 576 576 576 577 577 577 578 578 578 579 579 579 580 580 580 581 581 581 582 582 582 583 583 583 584 584 584 585 585 585 585 586 586 586 587 587 587 588 588 588 588 589 589 589 590 590 590 591 592 592 592 593 593 593 593 594 594 594 594 595 595 595 597 597 597 597 598 598 598 598 600 600 601 601 601 603 603
570 570 571 571 572 572 572 573 573 573 574 574 574 575 575 575 576 576 577 577 577 578 578 578 579 579 579 580 580 580 581 581 581 582 582 582 583 583 583 584 584 584 584 585 585 585 586 586 586 587 587 587 588 588 588 588 589 589 589 590 590 590 590 591 591 591 592 593 593 593 594 594 594 595 595 595 595 596 596 596 596 597 597 598 598 599 599 600 600 601 602 602 602 604
571 571 571 572 572 572 573 573 573 574 574 575 575 575 576 576 576 577 577 577 578 578 578 579 579 579 580 580 580 581 581 581 582 582 582 583 583 583 584 584 584 585 585 585 586 586 586 587 587 587 587 588 588 588 589 589 589 590 590 590 590 591 591 591 592 592 592 592 593 593 593 595 595 595 595 596 596 596 596 597 597 597 597 598 598 598 598 600 601 601 601 603 603 603
571 571 572 572 573 573 573 574 574 574 575 575 575 576 576 576 577 577 578 578 578 579 579 579 580 580 580 581 581 581 582 582 582 583 583 583 584 584 584 585 585 585 586 586 586 586 587 587 587 588 588 588 589 589 589 590 590 590 590 591 591 591 592 592 592 592 593 593 593 594 594 594 594 595 596 596 596 597 597 597 597 598 598 598 598 599 599 599 599 601 601 602 603 604
572 572 572 573 573 573 574 574 574 575 575 576 576 576 577 577 577 578 578 578 579 579 579 580 580 580 581 581 581 582 582 582 583 583 583 584 584 584 585 585 585 586 586 586 587 587 587 588 588 588 589 589 589 589 590 590 590 591 591 591 592 592 592 592 593 593 593 594 594 594 594 595 595 595 595 596 596 596 598 598 598 598 599 599 599 599 600 600 600 600 602 602 603 603
572 572 573 573 573 574 574 575 575 575 576 576 576 577 577 577 578 578 579 579 579 580 580 580 581 581 581 582 582 582 583 583 583 584 584 584 585 585 585 586 586 586 587 587 587 588 588 588 588 589 589 589 590 590 590 591 591 591 591 592 592 592 593 593 593 594 594 594 594 595 595 595 595 596 596 596 597 597 597 597 598 598 599 599 600 600 600 600 601 601 602 602 603 604
