testData/tiles/oneDegreeCosts/grid38.0-30.0-39.0-31.0.asc
ncols   200
nrows   200
xllcorner   38.0
yllcorner   30.0
cellsize   0.005
NODATA_value   -9999.0
[rows 84 to 125 of 200, columns 0 to 93 of 200]
344 344 344 343 343 343 344 344 344 343 343 343 344 344 344 343 343 344 344 344 344 344 346 347 349 350 351 353 354 355 357 358 359 360 362 363 364 365 367 367 368 369 370 372 372 373 374 375 376 378 378 379 379 384 429 430 431 431 433 435 437 439 441 443 445 446 447 449 451 453 454 455 457 459 461 462 464 464 467 469 471 472 473 474 476 477 479 480 481 483 484 485 487 488
344 344 344 344 344 343 344 344 344 344 344 344 344 344 344 344 345 344 344 344 344 345 346 346 348 349 352 353 354 355 356 357 360 361 361 362 363 365 366 368 368 369 371 372 373 374 374 375 376 377 378 378 379 428 430 430 431 432 434 436 438 440 441 442 444 447 448 449 451 452 454 455 459 460 461 463 464 466 467 469 470 472 473 474 476 478 479 480 481 482 484 486 487 488
344 344 344 344 344 345 344 344 344 344 345 345 344 344 344 345 345 345 344 344 345 345 345 347 347 350 351 352 354 355 355 358 359 360 361 363 364 365 366 367 368 368 370 371 372 373 374 375 376 377 378 379 379 428 429 430 431 433 434 436 438 440 441 442 445 446 448 450 451 453 455 457 459 460 461 462 465 466 468 468 470 471 473 475 476 477 480 481 482 484 485 487 488 489
345 344 344 344 345 345 345 345 344 345 345 345 345 345 345 345 345 345 345 346 345 345 345 346 348 349 350 352 353 355 357 357 358 360 361 363 364 364 365 366 368 370 370 371 372 373 375 376 376 376 377 378 428 428 429 429 430 433 435 436 437 439 441 443 444 447 448 450 452 454 455 457 458 460 461 463 464 466 467 469 470 472 474 476 477 478 479 481 483 484 485 486 488 489
345 345 345 345 345 345 345 345 346 345 345 345 345 346 346 345 345 345 346 346 346 345 345 345 348 349 351 351 353 355 356 358 358 359 361 362 364 365 365 366 368 369 370 371 371 373 374 375 376 376 377 423 427 428 429 429 431 433 434 436 437 439 442 444 446 446 448 450 452 454 455 456 458 459 462 463 465 466 468 469 472 472 474 475 477 478 479 481 483 484 485 486 487 489
345 345 346 346 345 345 345 346 346 346 345 345 345 346 346 346 345 345 346 346 346 346 345 346 347 349 350 352 353 354 356 357 358 360 361 362 363 364 365 366 367 368 370 371 373 373 374 374 375 376 421 422 427 428 429 430 430 432 434 436 438 440 442 443 445 447 448 450 452 453 455 457 457 461 462 464 465 466 467 470 472 473 473 475 476 479 480 481 483 484 486 487 489 490
345 345 346 346 346 346 345 346 346 346 346 346 346 346 346 346 346 347 346 346 346 346 347 347 347 348 350 352 353 354 355 356 359 360 361 361 362 364 366 367 368 368 369 371 372 373 373 374 375 421 422 423 426 427 429 430 431 432 434 436 439 441 441 443 445 446 449 451 451 453 455 457 460 460 462 463 465 467 468 470 471 473 474 474 478 479 481 482 483 484 485 488 489 490
346 346 346 346 346 346 347 346 346 346 346 347 347 346 346 346 347 347 347 346 346 347 347 347 347 347 350 351 353 354 355 357 358 359 360 362 362 364 365 366 367 368 369 370 371 372 373 373 419 420 421 422 427 428 429 429 430 433 434 437 438 440 442 443 444 447 449 450 452 453 456 458 459 461 461 463 465 467 469 469 471 473 475 477 477 479 480 482 483 485 486 487 489 490
347 347 347 346 346 347 347 347 347 346 347 347 347 347 347 347 347 347 347 347 347 347 347 347 347 349 349 351 352 353 355 357 357 359 360 361 363 364 365 366 367 369 370 370 371 372 373 419 420 420 421 421 427 428 428 429 431 433 435 436 438 440 441 444 446 446 448 451 452 455 456 457 459 460 462 463 465 467 468 471 471 473 475 477 478 478 480 481 484 485 486 487 489 491
347 347 347 347 347 347 347 347 347 348 347 347 347 347 348 348 347 347 347 348 348 348 347 347 348 348 350 351 351 353 355 356 358 358 359 361 363 364 365 365 367 368 369 370 370 371 417 418 419 420 420 422 427 428 429 429 430 433 435 437 438 439 442 443 445 447 449 450 453 454 456 457 458 460 462 464 465 467 469 470 473 473 475 476 478 479 479 482 483 486 487 488 489 491
347 347 347 347 348 347 347 347 347 348 348 347 347 347 348 348 348 347 347 348 348 348 348 347 348 348 349 350 352 353 354 356 357 358 361 361 362 363 364 366 367 368 369 370 371 373 417 418 419 420 422 422 426 427 428 429 431 432 434 436 438 441 441 443 445 447 449 451 452 454 456 457 458 460 462 464 466 467 468 471 472 474 474 476 477 480 481 483 484 485 487 488 490 491
348 347 347 348 348 348 348 347 348 348 348 348 348 348 348 348 348 348 349 348 348 348 348 349 348 348 348 350 352 353 354 355 356 359 360 361 361 363 365 366 367 367 368 369 371 416 417 417 418 420 421 422 426 427 427 429 431 433 434 436 438 440 442 442 445 447 450 451 452 453 455 457 459 460 461 464 466 467 469 470 472 473 475 476 478 479 481 483 484 485 487 489 490 491
348 348 348 348 348 348 348 349 348 348 348 348 349 349 348 348 348 349 349 349 348 348 349 349 349 349 348 350 351 353 354 355 357 358 359 361 362 363 364 365 366 367 369 370 415 416 417 418 419 420 420 421 426 426 428 429 431 432 434 436 438 439 441 444 445 447 449 451 452 453 455 457 459 460 462 464 465 468 469 471 471 473 474 477 478 480 481 482 484 486 487 488 489 491
348 349 349 349 348 348 349 349 349 349 348 349 349 349 349 349 349 349 349 349 349 349 349 349 349 349 350 350 351 352 354 356 357 357 359 360 361 363 364 365 366 367 369 414 414 415 416 418 419 419 420 421 426 428 428 428 430 432 435 436 437 439 441 443 446 447 449 450 452 453 455 457 458 461 462 464 466 467 469 470 472 472 475 476 479 480 481 482 484 486 487 488 489 490
348 349 349 349 349 349 349 349 349 349 350 349 349 349 349 350 350 349 349 349 350 350 350 349 349 350 350 350 350 351 353 355 357 358 358 359 362 363 364 365 365 367 412 413 414 414 416 417 418 419 419 420 426 427 428 429 430 432 434 436 438 438 441 444 446 447 448 450 451 454 456 456 458 460 463 465 466 467 468 470 472 474 474 476 478 480 481 482 484 485 487 488 488 491
349 349 349 349 349 350 349 349 349 349 350 350 349 349 349 350 350 350 349 349 350 350 350 350 349 350 350 350 350 352 353 355 356 357 358 360 361 362 363 364 367 411 412 413 414 416 416 417 418 419 420 426 426 426 427 428 431 432 434 435 437 439 442 443 445 447 448 450 452 453 455 457 458 461 462 464 466 467 468 470 472 473 475 475 478 480 482 483 483 485 486 488 490 490
350 350 349 349 350 350 350 350 349 350 350 350 350 350 350 350 350 350 350 351 350 350 350 350 351 350 350 350 350 352 354 354 355 357 359 360 360 361 363 365 410 411 411 412 414 415 416 416 417 418 420 421 426 426 427 429 430 432 433 435 437 439 442 443 445 446 449 451 451 453 455 456 459 461 462 464 465 467 469 470 471 473 474 476 478 480 481 483 484 484 487 488 490 491
350 350 350 350 350 350 350 350 351 350 350 350 350 351 351 350 350 350 351 351 351 350 350 351 351 351 351 350 351 351 353 354 355 357 358 359 361 362 363 364 409 410 412 412 414 415 416 417 418 419 420 421 425 426 427 428 430 432 434 434 437 439 441 443 444 447 448 450 452 453 454 457 458 461 462 463 465 467 469 470 471 472 474 476 479 479 481 482 483 486 486 488 489 490
350 350 350 351 351 350 350 351 351 351 351 350 351 351 351 351 350 351 351 351 351 351 351 351 351 351 351 352 351 351 352 354 356 356 357 359 360 362 363 408 409 410 411 413 413 414 415 416 418 419 419 420 425 427 428 428 429 431 433 436 437 438 440 443 445 447 448 450 451 453 456 456 458 459 462 464 465 467 468 470 471 472 474 476 477 480 480 482 484 485 487 487 489 490
350 350 351 351 351 351 350 351 351 351 351 351 351 351 351 351 352 352 351 351 351 352 352 351 351 351 352 352 352 351 351 354 355 356 358 358 359 362 407 408 408 409 411 412 413 415 415 417 418 418 419 419 425 426 427 428 429 431 433 435 437 438 439 442 445 447 448 449 451 453 455 457 457 459 460 464 466 466 468 469 471 473 474 475 477 478 481 482 483 485 486 488 488 490
351 352 351 351 351 351 352 351 351 351 351 352 352 351 351 351 352 352 352 351 351 352 352 352 352 351 352 352 352 352 351 353 354 356 357 358 360 405 406 407 408 410 411 412 413 414 416 416 417 418 419 421 425 426 426 427 429 431 433 435 436 438 441 442 443 446 448 450 451 453 454 456 458 458 461 463 465 467 467 470 471 473 474 475 476 479 480 483 483 484 486 487 490 490
352 352 352 351 351 352 352 352 352 351 352 352 352 352 352 352 352 352 352 352 352 352 352 352 352 353 352 352 352 352 353 353 354 355 356 359 404 404 405 407 409 410 411 411 412 414 415 416 416 417 419 420 425 425 426 427 430 431 432 434 436 439 440 442 443 445 447 450 452 452 454 456 457 460 460 462 464 466 469 469 471 472 474 475 477 478 480 481 482 484 486 488 489 490
352 352 352 352 351 352 352 352 352 353 352 352 352 352 353 353 352 352 352 353 353 353 352 352 353 353 353 352 352 353 353 353 354 354 357 358 403 405 405 407 408 409 410 412 413 414 415 416 417 417 419 420 425 425 425 427 429 431 433 435 436 438 440 442 443 444 447 449 451 453 453 456 458 459 461 461 463 466 467 470 470 472 473 476 477 478 479 481 482 484 485 486 489 490
352 352 352 352 353 353 352 352 352 353 353 353 352 353 353 353 353 352 353 353 353 353 353 353 353 353 353 353 354 353 353 353 353 356 356 401 403 404 406 407 407 409 410 412 413 413 414 415 416 418 418 419 424 425 427 427 427 430 432 435 437 438 439 441 443 445 446 448 450 452 455 456 457 459 460 462 463 465 467 468 470 471 474 475 477 478 479 480 482 484 485 486 487 488
376 352 352 353 353 353 353 352 353 353 353 353 353 353 353 353 353 353 354 353 353 353 354 354 353 353 353 354 354 354 353 353 354 355 400 401 402 404 405 407 408 408 409 411 412 413 413 414 416 417 418 418 423 425 426 427 428 429 433 434 436 438 439 440 443 445 447 447 449 452 453 456 457 458 460 462 464 465 466 468 469 472 472 474 476 478 479 480 482 483 485 486 487 489
376 353 354 353 353 353 353 354 353 353 353 353 354 354 353 353 353 354 354 354 353 353 354 354 354 354 353 354 354 354 354 353 354 398 400 401 402 404 405 406 407 408 409 411 412 413 414 415 416 417 418 419 425 425 426 426 427 430 431 433 436 437 439 441 443 444 446 448 449 451 453 454 456 458 460 462 463 465 466 467 470 471 473 473 475 476 479 480 481 483 484 486 488 488
376 353 354 354 353 353 354 354 354 354 353 354 354 354 354 354 354 354 354 354 354 354 354 354 354 354 355 354 354 354 354 355 398 398 399 400 403 404 404 405 406 409 410 410 411 412 414 415 415 416 417 419 424 425 425 426 427 430 431 432 434 436 440 441 442 444 445 448 450 451 452 454 455 458 459 460 463 464 466 468 469 471 472 474 475 477 478 479 481 481 484 485 487 488
376 354 354 354 354 353 354 354 354 354 354 354 354 354 354 355 355 354 354 354 355 355 354 354 354 355 355 355 354 354 355 355 399 398 398 401 402 403 404 405 407 408 409 410 410 412 414 415 416 417 418 419 423 424 425 425 427 429 431 433 433 436 438 440 441 443 446 448 449 451 452 453 456 458 459 460 461 463 465 467 469 470 472 474 476 476 477 479 480 483 483 485 486 487
378 354 354 354 354 355 355 354 354 354 355 355 354 354 354 355 355 355 354 355 355 355 355 355 355 355 355 355 355 355 355 399 399 399 400 400 401 402 404 406 406 407 408 410 412 412 413 414 415 417 418 418 419 424 425 427 427 428 430 432 435 436 437 439 441 444 444 446 449 450 452 454 455 457 459 460 461 463 465 466 468 469 471 473 474 475 477 478 481 482 484 484 485 487
378 355 354 354 355 355 355 355 354 355 355 355 355 355 355 355 355 355 355 355 355 355 355 355 356 355 355 355 355 356 399 399 399 400 400 400 400 402 404 405 406 407 408 409 411 412 413 413 414 416 417 418 418 423 425 426 427 428 430 432 434 436 437 439 441 443 445 445 447 449 452 453 455 456 458 461 462 463 464 466 467 470 470 472 473 475 476 478 479 481 482 484 484 486
378 378 355 355 355 355 355 355 355 355 355 355 355 356 356 355 355 355 356 356 356 355 355 356 356 356 355 355 356 400 400 400 399 400 400 400 401 401 403 404 406 407 407 409 410 411 413 414 415 416 417 418 419 424 424 425 426 427 429 431 433 435 437 438 441 442 444 446 447 449 451 453 454 455 457 459 461 462 464 465 468 469 471 471 473 474 477 478 479 480 482 483 485 486
378 378 355 356 356 355 355 355 356 356 356 355 355 356 356 356 355 356 356 356 356 356 356 356 356 356 356 356 356 400 400 400 401 400 400 400 400 402 403 404 405 406 408 410 410 411 412 414 415 415 416 417 419 424 424 425 426 427 429 430 432 434 436 438 439 442 444 445 448 449 450 452 454 456 457 459 460 462 463 465 466 468 469 471 471 474 475 477 478 479 480 482 484 485
357 378 356 356 356 356 355 356 356 356 356 356 356 356 356 356 356 357 356 356 356 357 357 356 356 356 357 357 401 400 400 401 401 401 400 400 401 401 403 403 404 406 408 409 410 410 412 413 414 415 415 417 418 423 424 424 426 427 429 431 431 433 436 438 440 440 442 445 446 448 450 451 454 456 457 458 460 461 464 465 466 467 469 470 473 473 475 476 478 479 481 482 483 485
357 379 356 356 356 356 356 357 356 356 356 357 357 356 356 356 357 357 357 356 356 357 357 357 356 356 357 401 401 401 401 401 401 401 401 401 401 401 402 403 406 406 407 408 409 411 412 413 414 415 417 417 418 419 424 424 425 426 428 430 432 434 435 437 439 441 442 444 446 448 449 451 453 454 456 457 458 461 462 464 465 467 468 471 472 474 474 476 478 480 480 480 482 483
357 357 357 356 356 356 357 357 357 356 356 357 357 357 356 357 357 357 357 357 357 357 357 357 357 358 401 401 401 401 402 401 401 401 401 402 401 401 401 404 405 406 406 407 410 411 412 412 413 414 416 417 417 418 423 425 426 426 426 428 431 433 435 437 438 441 443 444 445 447 449 451 452 454 455 457 459 460 462 463 465 466 468 469 471 472 474 475 477 478 479 481 481 484
357 357 357 357 356 357 357 357 357 357 357 357 357 357 357 358 357 357 357 358 358 357 357 357 358 402 402 401 401 402 402 402 401 401 402 402 402 402 401 403 404 405 407 407 409 410 411 412 412 414 415 416 417 417 423 424 425 426 426 429 431 432 434 435 438 439 441 443 444 445 448 451 452 453 455 457 459 460 461 463 464 467 468 469 470 472 474 476 476 477 478 479 482 482
357 357 380 357 357 358 357 357 357 358 358 357 357 357 358 358 358 357 357 358 358 358 358 358 358 402 402 402 402 402 402 402 402 402 402 402 402 402 403 403 403 405 406 408 408 409 410 412 414 414 415 416 417 419 423 423 424 425 427 428 430 432 434 436 438 439 441 442 444 447 447 449 451 452 454 456 457 459 460 461 463 465 467 468 469 471 473 474 475 476 477 480 481 483
357 357 357 357 358 358 358 357 357 358 358 358 358 358 358 358 358 358 358 358 358 358 358 359 402 402 402 402 403 402 402 402 403 403 403 402 402 403 403 403 403 404 406 407 408 409 410 412 413 414 414 415 417 418 419 423 424 426 427 427 429 430 434 436 437 439 440 442 444 446 448 448 450 453 454 455 457 458 460 462 463 464 466 467 470 470 472 473 474 475 477 478 480 481
357 357 357 358 358 358 358 358 358 358 358 358 358 359 358 358 358 359 359 359 358 358 359 403 403 402 402 403 403 403 402 402 403 403 403 403 403 403 403 403 403 404 405 407 408 409 410 411 412 413 414 415 416 417 418 423 425 425 426 427 429 430 432 434 436 438 439 441 443 444 446 448 450 451 453 454 455 457 459 461 462 463 464 467 468 470 470 472 473 476 477 478 479 480
357 357 357 357 358 358 358 359 359 359 358 358 359 359 359 358 358 359 359 359 359 359 359 403 403 403 403 403 403 403 403 404 403 403 403 403 404 403 403 403 403 404 405 406 407 408 410 410 411 413 414 416 416 417 418 422 424 425 425 426 428 431 433 433 435 437 440 441 442 444 446 448 450 451 452 454 455 457 459 460 462 463 465 466 468 469 470 470 473 474 476 477 477 480
357 357 357 357 359 358 358 359 359 359 359 359 359 359 359 359 359 359 359 359 359 360 403 403 403 404 404 403 403 403 404 404 404 403 403 404 404 404 403 403 404 404 405 405 406 408 410 411 411 412 414 415 416 417 417 419 424 425 426 426 427 429 431 433 434 436 438 440 442 442 445 447 448 450 451 452 455 456 457 459 460 463 464 465 466 468 469 472 472 474 475 475 478 478
357 357 357 357 357 359 360 359 359 359 359 360 359 359 359 360 360 360 359 359 360 404 404 403 403 404 404 404 404 404 404 404 404 404 404 404 404 404 404 404 404 404 404 405 406 408 409 410 411 413 413 414 415 416 418 418 423 424 425 427 427 428 430 432 435 436 437 439 441 444 444 446 448 449 451 453 454 456 457 458 461 462 464 465 465 466 469 470 472 472 473 476 477 479
