testData/tiles/oneDegreeCosts/grid11.0-45.0-12.0-46.0.asc
ncols   200
nrows   200
xllcorner   11.0
yllcorner   45.0
cellsize   0.005
NODATA_value   -9999.0
[rows 0 to 41 of 200, columns 94 to 187 of 200]
189 188 188 187 187 187 186 186 185 185 184 184 183 237 236 236 235 235 234 234 233 233 232 231 231 230 230 229 229 228 227 227 226 226 225 224 224 223 222 222 221 220 219 219 218 217 217 216 215 214 213 213 212 211 210 209 208 208 207 206 205 204 203 202 201 200 199 198 197 196 195 193 192 192 191 189 189 188 188 186 186 229 228 226 225 224 223 221 219 219 219 219 220 220
189 189 189 188 188 187 187 186 186 185 185 184 184 184 237 236 236 235 235 234 234 233 233 232 232 231 230 230 229 229 228 227 227 226 226 225 224 224 223 222 222 221 220 219 219 218 217 217 216 215 214 213 213 212 211 210 209 208 207 207 206 205 204 203 202 201 200 199 198 197 195 194 193 192 192 191 190 189 188 187 186 186 229 227 227 225 223 222 221 219 219 219 219 220
190 189 189 189 188 188 187 187 186 186 185 185 184 184 237 237 236 236 235 235 234 234 233 233 232 232 231 230 230 229 229 228 227 227 226 226 225 224 224 223 222 222 221 220 219 219 218 217 216 216 215 214 213 213 212 211 210 209 208 207 206 206 205 204 203 202 201 200 199 198 196 195 194 193 193 192 190 190 189 188 187 186 186 229 227 226 225 224 222 220 219 219 219 220
190 190 190 189 189 188 188 187 187 186 186 186 185 185 185 238 237 237 236 235 235 234 234 233 233 232 232 231 230 230 229 229 228 227 227 226 226 225 224 224 223 222 222 221 220 219 219 218 217 216 216 215 214 213 212 212 211 210 209 208 207 206 205 204 203 203 202 201 199 198 197 196 195 194 193 193 191 191 190 188 188 187 186 185 184 228 226 224 223 222 220 219 219 219
191 191 190 190 189 189 188 188 187 187 187 186 186 185 185 238 238 237 237 236 236 235 234 234 233 233 232 232 231 231 230 229 229 228 227 227 226 226 225 224 224 223 222 222 221 220 219 219 218 217 216 216 215 214 213 212 212 211 210 209 208 207 206 205 204 203 202 201 200 199 198 197 196 195 194 194 192 191 191 190 189 188 186 186 184 184 227 226 225 223 221 220 219 219
192 191 191 190 190 189 189 188 188 188 187 187 186 186 185 239 238 238 237 237 236 236 235 235 234 233 233 232 232 231 231 230 229 229 228 227 227 226 226 225 224 224 223 222 221 221 220 219 219 218 217 216 216 215 214 213 212 211 211 210 209 208 207 206 205 204 203 202 201 200 199 198 197 196 195 193 193 192 192 191 189 189 187 186 186 184 184 227 225 224 222 221 220 219
192 192 191 191 190 190 189 189 189 188 188 187 187 186 186 186 239 238 238 237 237 236 236 235 235 234 233 233 232 232 231 231 230 229 229 228 227 227 226 226 225 224 224 223 222 221 221 220 219 218 218 217 216 215 215 214 213 212 211 210 210 209 208 207 206 205 204 203 202 201 200 199 198 197 196 194 194 193 192 192 190 190 189 187 187 185 184 184 226 225 224 222 221 219
193 192 192 191 191 190 190 190 189 189 188 188 187 187 186 186 239 239 238 238 237 237 236 236 235 235 234 233 233 232 232 231 231 230 229 229 228 227 227 226 225 225 224 223 223 222 221 221 220 219 218 218 217 216 215 214 214 213 212 211 210 209 208 208 207 206 205 204 203 202 201 200 199 198 196 195 194 194 193 192 191 190 190 188 187 186 185 184 183 182 225 223 221 220
193 193 192 192 191 191 190 190 190 189 189 188 188 187 187 186 186 239 239 238 238 237 237 236 236 235 235 234 233 233 232 232 231 230 230 229 229 228 227 227 226 225 225 224 223 223 222 221 221 220 219 218 218 217 216 215 214 214 213 212 211 210 209 208 207 206 206 205 204 203 202 201 199 198 197 196 195 195 194 192 192 191 190 189 188 187 186 184 184 182 182 225 223 221
194 193 193 192 192 191 191 191 190 190 189 189 188 188 187 187 186 240 239 239 238 238 237 237 236 236 235 235 234 233 233 232 232 231 230 230 229 229 228 227 227 226 225 225 224 223 223 222 221 220 220 219 218 217 217 216 215 214 213 213 212 211 210 209 208 207 206 205 204 203 202 201 200 199 198 197 196 195 195 193 193 192 190 190 189 187 187 185 185 183 182 182 224 222
194 194 193 193 192 192 191 191 191 190 190 189 189 188 188 187 187 187 240 239 239 238 238 237 237 236 236 235 235 234 233 233 232 232 231 230 230 229 229 228 227 227 226 225 225 224 223 222 222 221 220 220 219 218 217 216 216 215 214 213 212 212 211 210 209 208 207 206 205 204 203 202 201 200 199 198 197 196 194 194 193 193 191 190 190 188 188 186 185 184 183 182 182 223
194 194 194 193 193 192 192 192 191 191 190 190 189 189 188 188 187 187 240 240 239 239 238 238 237 237 236 236 235 234 234 233 233 232 232 231 230 230 229 228 228 227 226 226 225 224 224 223 222 222 221 220 219 219 218 217 216 216 215 214 213 212 211 210 210 209 208 207 206 205 204 203 202 201 200 199 197 196 195 195 194 193 192 191 191 189 188 187 186 184 184 182 182 182
195 195 194 194 193 193 192 192 192 191 191 190 190 189 189 188 188 187 187 240 240 239 239 238 238 237 237 236 236 235 234 234 233 233 232 231 231 230 230 229 228 228 227 226 226 225 224 224 223 222 222 221 220 219 219 218 217 216 215 215 214 213 212 211 210 209 208 207 207 206 205 204 203 202 200 199 198 197 196 195 195 193 193 192 191 190 189 188 187 185 185 183 182 182
195 195 195 194 194 193 193 192 192 192 191 191 190 190 189 189 188 188 187 241 240 240 239 239 238 238 237 237 236 236 235 234 234 233 233 232 231 231 230 230 229 228 228 227 226 226 225 224 224 223 222 221 221 220 219 218 218 217 216 215 214 213 213 212 211 210 209 208 207 206 205 204 203 202 201 200 199 198 197 196 195 194 193 193 191 191 190 188 188 186 185 184 183 182
196 195 195 195 194 194 193 193 192 192 192 191 191 190 190 189 189 188 188 241 241 240 240 239 239 238 238 237 237 236 235 235 234 234 233 233 232 231 231 230 229 229 228 227 227 226 225 225 224 223 223 222 221 220 220 219 218 217 217 216 215 214 213 212 212 211 210 209 208 207 206 205 204 203 202 201 200 199 198 196 195 195 194 194 192 191 191 189 188 187 186 185 184 182
196 196 195 195 195 194 194 193 193 192 192 192 191 191 190 190 189 189 188 188 241 241 240 240 239 239 238 238 237 236 236 235 235 234 234 233 232 232 231 231 230 229 229 228 227 227 226 225 225 224 223 222 222 221 220 220 219 218 217 216 216 215 214 213 212 211 210 209 209 208 207 206 205 204 203 202 201 199 198 197 196 196 195 193 193 192 192 190 189 188 187 185 185 183
197 196 196 195 195 195 194 194 193 193 192 192 192 191 191 190 190 189 189 188 242 241 241 240 240 239 239 238 238 237 236 236 235 235 234 234 233 232 232 231 230 230 229 229 228 227 227 226 225 224 224 223 222 222 221 220 219 219 218 217 216 215 214 214 213 212 211 210 209 208 207 206 205 204 203 202 201 200 199 198 197 196 195 194 194 193 191 191 190 188 188 186 186 184
197 197 196 196 195 195 195 194 194 193 193 192 192 192 191 191 190 190 189 189 189 242 241 241 240 240 239 239 238 237 237 236 236 235 235 234 233 233 232 232 231 230 230 229 228 228 227 226 226 225 224 224 223 222 221 221 220 219 218 218 217 216 215 214 213 212 212 211 210 209 208 207 206 205 204 203 202 201 200 199 198 196 196 195 194 194 192 191 191 189 189 187 186 185
198 197 197 196 196 195 195 195 194 194 193 193 192 192 191 191 191 190 190 189 189 242 242 241 241 240 240 239 238 238 237 237 236 236 235 234 234 233 233 232 231 231 230 230 229 228 228 227 226 226 225 224 223 223 222 221 220 220 219 218 217 216 216 215 214 213 212 211 210 209 209 208 207 206 205 204 203 202 200 199 198 197 196 196 195 193 193 192 191 190 189 188 187 185
198 198 197 197 196 196 195 195 195 194 194 193 193 192 192 191 191 191 190 190 189 189 242 242 241 240 240 239 239 238 238 237 237 236 236 235 234 234 233 233 232 231 231 230 229 229 228 227 227 226 225 225 224 223 222 222 221 220 219 219 218 217 216 215 215 214 213 212 211 210 209 208 207 206 205 204 203 202 201 200 199 198 197 195 195 194 194 193 191 191 189 189 187 186
198 198 198 197 197 196 196 195 195 195 194 194 193 193 192 192 191 191 190 190 189 189 242 242 241 241 240 240 239 239 238 238 237 237 236 235 235 234 234 233 232 232 231 231 230 229 229 228 227 227 226 225 224 224 223 222 221 221 220 219 218 218 217 216 215 214 213 212 212 211 210 209 208 207 206 205 204 203 202 201 200 199 197 196 196 195 194 193 192 192 190 189 188 187
199 198 198 198 197 197 196 196 195 195 195 194 194 193 193 192 192 191 191 190 190 189 189 242 242 241 241 240 240 239 239 238 238 237 236 236 235 235 234 233 233 232 232 231 230 230 229 228 228 227 226 226 225 224 223 223 222 221 220 220 219 218 217 216 216 215 214 213 212 211 210 209 208 208 207 206 205 204 202 201 200 199 198 197 196 196 194 194 193 191 191 190 188 188
199 199 198 198 197 197 197 196 196 195 195 194 194 194 193 193 192 192 191 191 190 190 189 243 242 242 241 241 240 240 239 239 238 237 237 236 236 235 235 234 233 233 232 231 231 230 229 229 228 227 227 226 225 225 224 223 222 222 221 220 219 219 218 217 216 215 214 214 213 212 211 210 209 208 207 206 205 204 203 202 201 200 199 198 196 196 195 194 193 192 191 190 189 189
199 199 199 198 198 197 197 197 196 196 195 195 194 194 194 193 193 192 192 191 191 190 190 190 243 242 242 241 241 240 240 239 238 238 237 237 236 236 235 234 234 233 233 232 231 231 230 229 229 228 227 227 226 225 224 224 223 222 221 221 220 219 218 217 217 216 215 214 213 212 211 211 210 209 208 207 206 205 204 203 202 200 199 198 197 196 196 194 194 193 192 191 190 188
200 199 199 199 198 198 197 197 197 196 196 195 195 194 194 193 193 193 192 192 191 191 190 190 243 243 242 242 241 240 240 239 239 238 238 237 237 236 235 235 234 234 233 232 232 231 230 230 229 228 228 227 226 226 225 224 223 223 222 221 220 220 219 218 217 216 216 215 214 213 212 211 210 209 208 207 206 205 204 203 202 201 200 199 198 197 196 195 194 194 192 191 191 189
200 200 199 199 199 198 198 197 197 196 196 196 195 195 194 194 193 193 192 192 191 191 190 190 190 243 242 242 241 241 240 240 239 239 238 238 237 236 236 235 235 234 233 233 232 231 231 230 230 229 228 227 227 226 225 225 224 223 222 222 221 220 219 218 218 217 216 215 214 213 213 212 211 210 209 208 207 206 205 204 203 202 201 199 198 197 196 196 195 193 193 192 191 190
201 200 200 199 199 199 198 198 197 197 196 196 196 195 195 194 194 193 193 192 192 191 191 190 190 243 243 242 242 241 241 240 240 239 238 238 237 237 236 236 235 234 234 233 233 232 231 231 230 229 229 228 227 227 226 225 224 224 223 222 221 221 220 219 218 217 217 216 215 214 213 212 211 210 209 208 207 206 205 204 203 202 201 200 199 198 197 195 195 194 194 192 191 191
201 200 200 200 199 199 198 198 198 197 197 196 196 195 195 195 194 194 193 193 192 192 191 191 190 244 243 243 242 242 241 241 240 239 239 238 238 237 237 236 235 235 234 234 233 232 232 231 230 230 229 228 228 227 226 226 225 224 223 223 222 221 220 219 219 218 217 216 215 214 214 213 212 211 210 209 208 207 206 205 204 203 202 201 200 198 197 196 196 195 193 193 192 190
201 201 200 200 200 199 199 198 198 198 197 197 196 196 195 195 194 194 193 193 193 192 192 191 191 191 244 243 243 242 241 241 240 240 239 239 238 238 237 236 236 235 235 234 233 233 232 231 231 230 229 229 228 227 227 226 225 224 224 223 222 221 221 220 219 218 217 217 216 215 214 213 212 211 210 209 208 207 206 205 204 203 202 201 200 199 198 197 195 195 194 193 192 191
202 201 201 200 200 200 199 199 198 198 197 197 197 196 196 195 195 194 194 193 193 192 192 191 191 191 244 243 243 242 242 241 241 240 240 239 238 238 237 237 236 236 235 234 234 233 232 232 231 230 230 229 228 228 227 226 226 225 224 223 223 222 221 220 220 219 218 217 216 215 214 214 213 212 211 210 209 208 207 206 205 204 203 202 201 200 198 197 196 195 195 193 193 192
202 201 201 201 200 200 199 199 199 198 198 197 197 196 196 196 195 195 194 194 193 193 192 192 191 191 191 244 243 243 242 242 241 241 240 239 239 238 238 237 237 236 235 235 234 233 233 232 232 231 230 230 229 228 227 227 226 225 225 224 223 222 222 221 220 219 218 218 217 216 215 214 213 212 211 210 209 209 208 207 206 204 203 202 201 200 199 198 197 195 195 194 193 192
202 202 201 201 201 200 200 199 199 198 198 198 197 197 196 196 195 195 194 194 194 193 193 192 192 191 191 244 244 243 243 242 241 241 240 240 239 239 238 237 237 236 236 235 234 234 233 233 232 231 231 230 229 229 228 227 226 226 225 224 224 223 222 221 220 220 219 218 217 216 215 215 214 213 212 211 210 209 208 207 206 205 204 203 202 201 200 198 197 196 195 194 193 193
202 202 202 201 201 200 200 200 199 199 198 198 198 197 197 196 196 195 195 194 194 193 193 192 192 191 191 191 244 243 243 242 242 241 241 240 240 239 238 238 237 237 236 235 235 234 234 233 232 232 231 230 230 229 228 228 227 226 225 225 224 223 222 222 221 220 219 218 218 217 216 215 214 213 212 211 210 209 208 207 206 205 204 203 202 201 200 199 198 197 195 195 194 192
203 202 202 202 201 201 200 200 200 199 199 198 198 197 197 196 196 196 195 195 194 194 193 193 192 192 191 191 244 244 243 243 242 242 241 240 240 239 239 238 238 237 236 236 235 235 234 233 233 232 231 231 230 229 229 228 227 226 226 225 224 224 223 222 221 220 220 219 218 217 216 215 215 214 213 212 211 210 209 208 207 206 205 204 203 202 201 199 198 197 196 195 194 193
203 203 202 202 201 201 201 200 200 199 199 199 198 198 197 197 196 196 195 195 194 194 194 193 193 192 192 191 191 244 243 243 242 242 241 241 240 240 239 239 238 237 237 236 236 235 234 234 233 232 232 231 230 230 229 228 228 227 226 225 225 224 223 222 222 221 220 219 218 218 217 216 215 214 213 212 211 210 209 208 207 206 205 204 203 202 201 200 199 198 196 195 194 194
203 203 203 202 202 201 201 201 200 200 199 199 198 198 198 197 197 196 196 195 195 194 194 193 193 192 192 191 191 244 244 243 243 242 242 241 241 240 239 239 238 238 237 236 236 235 235 234 233 233 232 231 231 230 229 229 228 227 227 226 225 224 224 223 222 221 220 220 219 218 217 216 215 214 214 213 212 211 210 209 208 207 206 205 204 203 202 200 199 198 197 196 194 194
204 203 203 202 202 202 201 201 200 200 200 199 199 198 198 197 197 196 196 196 195 195 194 194 193 193 192 192 191 191 244 244 243 243 242 241 241 240 240 239 239 238 237 237 236 236 235 234 234 233 232 232 231 230 230 229 228 228 227 226 225 225 224 223 222 222 221 220 219 218 217 217 216 215 214 213 212 211 210 209 208 207 206 205 204 203 202 201 200 199 197 196 195 194
204 203 203 203 202 202 201 201 201 200 200 199 199 199 198 198 197 197 196 196 195 195 194 194 193 193 192 192 191 191 244 244 243 243 242 242 241 241 240 239 239 238 238 237 236 236 235 235 234 233 233 232 231 231 230 229 229 228 227 226 226 225 224 223 223 222 221 220 220 219 218 217 216 215 214 213 213 212 211 210 209 208 207 206 205 204 202 201 200 199 198 197 195 194
204 204 203 203 203 202 202 201 201 200 200 200 199 199 198 198 197 197 197 196 196 195 195 194 194 193 193 192 192 191 191 244 244 243 243 242 241 241 240 240 239 239 238 237 237 236 236 235 234 234 233 232 232 231 230 230 229 228 228 227 226 225 225 224 223 222 221 221 220 219 218 217 217 216 215 214 213 212 211 210 209 208 207 206 205 204 203 202 201 200 198 197 196 195
204 204 204 203 203 202 202 202 201 201 200 200 199 199 199 198 198 197 197 196 196 195 195 194 194 193 193 192 192 191 191 244 244 243 243 242 242 241 241 240 239 239 238 238 237 236 236 235 235 234 233 233 232 231 231 230 229 229 228 227 226 226 225 224 223 223 222 221 220 219 219 218 217 216 215 214 213 212 211 210 210 209 208 207 205 204 203 202 201 200 199 198 196 195
205 204 204 203 203 203 202 202 201 201 201 200 200 199 199 198 198 198 197 197 196 196 195 195 194 194 193 193 192 192 191 191 244 244 243 243 242 241 241 240 240 239 239 238 237 237 236 236 235 234 234 233 232 232 231 230 230 229 228 227 227 226 225 224 224 223 222 221 221 220 219 218 217 216 215 215 214 213 212 211 210 209 208 207 206 205 204 203 202 200 199 198 197 196
205 204 204 204 203 203 202 202 202 201 201 200 200 200 199 199 198 198 197 197 196 196 195 195 194 194 194 193 193 192 191 191 191 244 243 243 242 242 241 241 240 239 239 238 238 237 236 236 235 235 234 233 233 232 231 231 230 229 228 228 227 226 226 225 224 223 222 222 221 220 219 218 218 217 216 215 214 213 212 211 210 209 208 207 206 205 204 203 202 201 200 199 197 196
