testData/tiles/oneDegreeCosts/grid24.0-29.0-25.0-30.0.asc
ncols   200
nrows   200
xllcorner   24.0
yllcorner   29.0
cellsize   0.005
NODATA_value   -9999.0
[rows 126 to 167 of 200, columns 94 to 187 of 200]
627 627 627 627 625 625 626 625 625 625 626 626 626 625 625 626 626 626 626 627 627 627 626 626 627 627 627 627 627 628 627 627 627 627 627 628 628 627 627 627 627 628 628 628 627 627 627 628 661 661 660 660 660 660 661 661 660 660 660 660 678 679 678 678 681 683 685 686 688 690 692 694 695 696 697 698 700 701 701 703 704 705 706 706 707 708 709 710 710 711 712 714 714 714
628 628 627 627 628 626 626 625 626 626 626 626 626 627 626 626 626 627 627 627 627 627 628 627 627 627 627 628 628 628 627 627 627 628 628 628 628 628 628 628 628 628 628 628 627 628 628 628 661 661 661 661 661 661 661 661 661 660 661 661 661 661 678 678 678 678 681 684 685 687 689 690 692 693 694 695 698 699 699 700 702 703 704 704 705 706 707 709 709 710 711 712 713 712
628 628 628 628 628 627 626 626 626 626 626 627 627 627 627 626 627 627 627 627 627 628 628 627 627 627 628 628 628 628 628 628 628 628 628 628 629 629 628 628 628 628 629 629 629 628 628 628 628 662 662 661 661 661 661 661 662 661 661 661 661 661 661 661 661 679 679 679 680 682 685 686 689 691 692 693 695 696 697 698 699 700 701 704 704 705 706 707 708 708 709 710 710 710
629 629 629 628 628 628 628 627 626 626 627 627 627 627 628 628 627 627 627 628 628 628 628 628 628 628 628 628 628 629 629 629 628 628 629 629 629 629 629 628 629 629 629 629 629 628 629 629 629 662 662 662 661 662 662 662 662 662 661 661 661 662 662 661 661 661 661 679 679 679 681 683 685 687 688 690 691 693 694 696 697 698 700 701 701 702 703 704 705 705 706 708 709 710
630 629 629 628 629 629 628 628 627 627 627 627 628 628 628 628 628 628 628 628 628 628 629 629 629 628 628 629 629 629 629 629 629 629 629 629 629 629 630 629 629 629 629 629 630 630 629 629 629 662 662 663 662 662 662 662 662 662 662 662 662 662 662 662 661 661 662 662 662 679 679 679 680 683 685 687 689 690 692 694 694 695 697 698 699 700 701 703 704 704 705 706 707 708
630 629 630 630 629 629 629 629 627 627 627 628 628 628 628 629 629 628 628 628 629 629 629 629 629 629 629 629 629 629 630 630 630 629 629 629 630 630 630 630 629 629 630 630 630 630 630 629 629 663 663 663 663 662 662 662 663 663 663 662 662 662 662 663 662 662 662 662 662 662 662 679 680 680 680 682 684 686 688 690 691 692 694 696 697 698 699 700 701 702 703 704 705 706
630 631 630 630 629 630 629 629 628 628 628 628 628 628 629 629 629 629 629 629 629 629 629 630 630 630 629 629 629 630 630 630 630 630 630 630 630 630 630 630 630 630 630 630 630 630 631 630 630 663 663 663 663 663 663 663 663 663 663 662 662 663 663 663 663 662 662 662 662 663 662 662 662 680 680 680 680 681 684 687 689 689 691 693 694 695 696 697 698 700 700 702 703 680
631 631 630 631 630 630 629 629 630 629 628 628 629 629 629 629 629 630 630 629 629 629 630 630 630 630 630 630 630 630 630 630 631 631 630 630 630 630 631 631 631 630 630 630 631 631 631 631 630 663 663 664 664 664 663 663 663 663 664 664 663 663 663 663 663 662 663 663 663 663 663 662 662 662 662 681 680 680 680 682 684 685 687 689 691 692 693 695 696 698 699 699 676 678
632 631 631 631 630 630 631 630 630 629 630 629 629 629 629 630 630 630 630 629 630 630 630 630 630 631 631 630 630 630 631 631 631 631 631 630 631 631 631 631 631 631 631 631 631 631 631 631 631 664 664 664 664 664 663 664 664 664 664 664 663 663 663 664 664 664 663 663 663 663 663 662 663 663 663 663 663 663 680 680 680 680 682 685 687 689 690 692 693 695 672 672 674 675
633 633 631 631 631 631 631 630 630 630 630 629 629 630 630 630 630 630 631 631 630 630 630 631 631 631 631 631 631 631 631 631 631 631 632 631 631 631 631 631 632 632 631 631 631 631 632 632 632 632 664 664 664 665 665 664 664 664 664 664 664 664 664 664 664 664 663 663 663 664 664 664 663 663 663 663 663 663 663 663 681 681 680 680 683 685 687 688 665 667 668 670 671 673
633 633 632 632 632 631 631 631 631 630 630 630 630 630 630 630 631 631 631 631 630 631 631 631 631 631 631 632 631 631 631 631 632 632 632 632 631 631 632 632 632 632 632 631 632 632 632 632 632 632 664 665 665 665 665 664 664 664 665 665 665 664 664 664 664 664 665 664 664 664 664 664 663 663 663 664 664 663 663 663 663 663 680 680 680 680 658 660 662 664 666 667 668 669
634 633 634 632 632 631 632 631 631 630 631 631 630 630 630 631 631 631 631 631 632 631 631 631 631 632 632 632 632 631 632 632 632 632 632 632 632 632 632 632 632 632 633 632 632 632 632 632 633 632 665 665 665 665 665 666 665 665 665 665 665 664 664 665 665 665 665 664 664 664 664 664 664 664 664 664 664 663 663 663 663 663 663 663 663 657 657 657 657 659 661 663 664 666
635 634 634 633 633 632 632 631 631 632 631 631 631 631 631 631 631 631 632 632 632 632 631 632 632 632 632 632 633 632 632 632 632 632 633 633 633 632 632 632 633 633 633 632 632 632 633 633 633 633 665 665 665 666 666 666 665 665 665 665 665 666 665 665 665 665 665 664 664 665 665 665 665 664 664 664 664 664 663 664 664 664 664 640 640 640 640 657 656 656 656 659 660 662
635 634 634 634 633 632 632 633 632 632 631 631 632 632 631 631 632 632 632 632 632 633 632 632 632 632 633 633 633 633 632 632 633 633 633 633 633 632 633 633 633 633 633 633 633 633 633 633 633 633 665 666 666 666 666 666 665 665 666 666 666 666 665 665 665 665 666 666 665 665 665 665 665 664 664 664 665 665 664 664 664 640 640 640 640 640 640 640 640 640 657 657 657 657
635 635 635 634 634 633 633 633 632 632 632 632 632 632 631 632 632 632 632 632 633 633 633 632 632 633 633 633 633 633 633 633 633 633 633 633 634 633 633 633 633 633 634 634 633 633 633 633 634 634 667 666 666 666 666 667 667 666 666 666 666 666 665 666 666 666 666 666 665 665 665 665 666 665 665 665 665 665 664 640 640 640 640 640 640 640 640 640 640 640 640 640 657 656
636 635 635 635 635 634 633 633 632 633 632 632 632 633 633 632 632 632 633 633 633 633 633 633 633 633 633 633 634 634 634 633 633 633 634 634 634 634 633 633 634 634 634 634 634 633 634 634 634 634 634 666 666 667 667 667 667 666 666 666 666 667 667 666 666 666 666 666 665 666 666 666 666 666 665 665 665 641 641 641 641 641 641 641 640 640 640 640 640 640 640 640 640 639
636 636 635 636 635 635 633 634 633 633 632 632 633 633 633 632 633 633 633 633 633 634 634 633 633 633 634 634 634 634 634 633 634 634 634 634 634 634 634 634 634 634 634 634 635 634 634 634 634 634 634 667 667 667 667 667 667 666 667 667 667 667 667 666 666 666 667 667 667 666 666 666 666 666 665 665 642 642 642 641 641 641 641 641 640 640 640 640 641 640 640 640 640 639
636 637 636 636 635 635 634 634 633 633 634 633 633 633 633 634 633 633 633 633 634 634 634 634 633 634 634 634 634 634 635 634 634 634 634 634 635 635 635 634 634 634 635 635 635 634 634 634 634 635 635 668 667 667 667 667 668 668 667 667 667 667 667 666 667 667 667 667 667 666 666 666 666 667 642 642 642 642 642 641 641 641 641 641 641 641 641 641 641 640 640 640 640 640
637 637 636 636 636 636 635 634 634 634 634 633 633 634 634 634 633 633 634 634 634 634 634 635 634 634 634 634 635 635 635 635 634 634 635 635 635 635 635 634 635 635 635 635 635 635 635 635 635 635 635 668 667 668 668 668 668 668 667 667 667 668 668 668 667 667 667 667 667 666 667 667 643 643 642 642 642 642 642 642 642 642 642 642 641 641 641 641 641 640 640 640 640 641
637 637 636 637 636 636 636 635 635 634 634 633 634 634 634 634 634 634 634 634 634 635 635 635 635 634 635 635 635 635 635 635 635 635 635 635 635 635 636 635 635 635 635 635 636 636 635 635 635 635 635 669 668 668 668 668 668 668 667 668 668 668 668 668 667 667 667 668 668 667 643 643 643 643 643 642 642 643 643 643 642 642 642 642 642 641 641 641 642 641 641 641 641 641
637 638 637 637 636 636 637 636 635 634 635 634 634 634 634 635 635 634 634 634 635 635 635 635 635 635 635 635 635 635 636 636 636 635 635 635 636 636 636 636 635 635 636 636 636 636 635 635 635 636 636 669 669 668 668 668 669 669 669 668 668 668 668 668 668 668 668 668 644 644 643 643 643 644 644 643 643 643 643 643 642 642 642 642 643 642 642 642 642 642 641 641 641 641
638 638 637 637 638 637 637 636 635 635 635 634 634 635 635 635 635 634 635 635 635 635 635 636 636 635 635 635 636 636 636 636 636 635 636 636 636 636 636 636 636 636 636 636 636 636 636 636 636 636 636 636 669 668 669 669 669 669 669 668 668 668 669 669 668 668 644 644 644 644 644 644 644 644 644 643 643 643 643 643 642 643 643 643 643 642 642 642 642 642 641 641 641 641
638 638 638 638 638 637 637 637 637 635 635 634 635 635 635 635 636 635 635 635 635 636 636 636 636 636 635 636 636 636 636 636 637 636 636 636 636 636 637 637 636 636 636 636 636 637 637 636 636 636 636 637 670 669 669 669 669 669 669 669 669 669 669 669 645 644 644 645 645 645 644 644 644 644 644 643 643 644 644 644 643 643 643 643 643 642 642 642 642 643 642 642 642 642
638 639 639 638 638 637 638 637 637 635 636 635 635 635 635 636 636 636 635 635 636 636 636 636 636 637 636 636 636 636 637 637 637 636 636 636 637 637 637 637 636 636 637 637 637 637 637 636 636 637 637 637 670 669 669 669 669 670 670 669 669 669 645 645 645 645 645 645 645 645 644 644 644 644 645 645 644 644 644 644 644 643 643 643 643 644 643 643 643 643 642 642 642 642
640 639 639 638 639 638 638 637 637 636 636 636 635 636 636 636 636 636 636 636 636 636 636 637 637 637 636 636 636 637 637 637 637 637 637 637 637 637 637 637 638 637 637 637 637 637 637 637 637 637 637 637 670 669 670 670 670 670 670 669 646 646 646 646 646 645 645 645 645 645 645 645 645 645 645 645 644 644 644 644 644 643 644 644 644 644 643 643 643 643 642 642 642 642
640 639 639 639 639 638 638 638 638 637 636 636 636 636 636 636 636 637 636 636 636 636 637 637 637 637 636 637 637 637 637 637 637 638 637 637 637 637 637 638 638 637 637 637 637 638 638 637 637 637 637 637 671 671 670 670 670 670 646 646 646 646 646 646 646 645 645 645 646 646 646 645 645 645 645 645 644 644 645 645 645 644 644 644 644 644 643 643 643 643 643 643 643 643
640 640 640 639 639 638 639 638 638 638 637 637 636 636 636 637 637 637 637 636 637 637 637 637 637 638 638 637 637 637 637 638 638 638 637 637 637 638 638 638 638 637 637 638 638 638 638 638 637 637 638 638 638 671 670 670 647 647 647 647 646 646 646 646 646 646 646 646 646 646 646 645 645 645 645 646 645 645 645 645 645 644 644 644 644 644 643 644 644 644 644 643 643 643
641 640 640 639 640 639 639 639 638 639 637 637 636 637 637 637 637 637 638 637 637 637 637 637 638 638 638 637 637 638 638 638 638 638 637 638 638 638 638 638 638 638 638 638 638 638 638 638 638 638 638 638 638 671 647 647 647 647 647 647 646 646 646 647 647 647 646 646 646 646 646 645 646 646 646 646 645 645 645 645 645 644 644 645 645 645 644 644 644 644 644 643 643 643
642 640 640 640 640 639 639 640 639 639 637 637 637 637 637 637 637 638 638 637 637 637 638 638 638 638 638 638 638 638 638 638 638 639 638 638 638 638 638 639 639 638 638 638 638 639 639 639 638 638 638 625 625 648 647 647 647 647 647 647 647 647 647 647 647 647 646 646 646 647 647 646 646 646 646 646 645 645 645 646 646 645 645 645 645 645 644 644 644 644 644 643 644 644
642 640 641 640 640 639 640 640 639 639 638 638 637 637 637 638 638 638 638 637 638 638 638 638 638 638 639 638 638 638 638 639 639 639 639 638 638 639 639 639 639 639 638 639 639 639 639 639 638 625 625 625 625 648 647 647 647 647 648 648 647 647 647 647 647 647 647 647 647 647 647 646 646 646 646 646 647 646 646 646 646 646 645 645 645 645 644 644 645 645 645 644 644 644
643 641 641 640 640 641 640 640 639 640 639 638 637 637 638 638 638 638 638 638 638 638 638 638 639 639 639 638 638 639 639 639 639 639 639 639 639 639 639 639 639 640 639 639 639 639 639 625 625 625 625 625 625 648 647 647 648 648 648 648 647 647 647 647 648 648 647 647 647 647 647 646 646 647 647 647 647 646 646 646 646 646 645 645 646 646 645 645 645 645 645 644 644 644
643 641 641 641 641 641 640 640 640 640 639 638 638 638 638 638 638 639 639 639 638 638 639 639 639 639 639 638 639 639 639 639 639 640 640 639 639 639 639 639 640 640 639 639 639 625 625 625 625 625 625 625 625 625 649 648 648 648 648 648 647 648 648 648 648 648 647 647 647 647 648 647 647 647 647 647 647 646 646 646 646 647 646 646 646 646 646 645 645 645 645 644 644 644
643 641 642 642 641 641 641 641 640 640 639 639 638 638 638 638 639 639 639 639 638 639 639 639 639 639 640 640 639 639 639 639 640 640 640 639 639 639 640 640 640 640 625 625 625 625 625 625 625 625 625 625 625 625 649 648 648 648 648 649 649 648 648 648 648 648 647 648 648 648 648 648 647 647 647 647 647 647 647 647 647 647 646 646 646 646 646 645 645 645 646 645 645 645
644 642 642 642 641 642 641 641 640 641 640 639 638 638 639 639 639 639 639 640 639 639 639 639 640 640 640 640 639 639 640 640 640 640 640 639 640 640 640 640 625 625 625 625 625 625 625 625 625 625 625 625 625 625 649 648 649 649 649 649 649 648 648 648 648 649 648 648 648 648 648 648 647 647 648 648 648 647 647 647 647 647 646 646 646 646 647 646 646 646 646 645 645 645
644 643 642 643 642 642 641 641 641 641 640 639 638 639 639 639 639 639 640 640 639 639 639 640 640 640 640 640 640 640 640 640 640 640 641 640 640 625 625 625 625 625 625 625 625 625 625 625 625 625 625 625 625 625 650 649 649 649 649 649 649 648 649 649 649 649 648 648 648 648 648 649 648 648 648 648 648 647 647 647 647 647 647 647 647 647 647 646 646 646 646 645 645 645
644 643 643 643 642 642 641 642 641 641 640 640 639 639 639 639 640 640 640 640 639 640 640 640 640 640 640 641 640 640 640 640 641 641 641 625 625 625 625 625 625 625 625 625 625 625 625 625 625 625 625 625 625 625 650 649 649 649 649 649 650 649 649 649 649 649 648 648 648 649 649 649 648 648 648 648 648 647 647 648 648 648 647 647 647 647 647 646 646 646 646 645 646 646
644 644 643 643 642 643 642 642 641 641 641 640 639 639 639 640 640 640 640 640 640 640 640 640 640 641 641 641 640 640 640 641 641 625 625 625 625 625 625 625 625 625 625 625 625 625 625 625 625 625 625 625 625 625 625 649 649 650 650 650 650 649 649 649 649 649 649 649 649 649 649 649 648 648 648 648 649 648 648 648 648 648 647 647 647 647 647 646 647 647 647 646 646 646
645 645 643 643 643 643 642 642 642 642 641 640 639 640 640 640 640 640 641 641 640 640 640 641 641 641 641 641 640 641 625 625 625 625 625 625 625 625 625 625 625 625 625 625 625 625 625 625 625 625 625 625 625 625 625 650 650 650 650 650 650 649 649 650 650 650 649 649 649 649 649 649 648 649 649 649 649 648 648 648 648 648 647 647 648 648 648 647 647 647 647 646 646 646
645 645 644 644 643 643 642 643 642 642 641 640 640 640 640 640 640 641 641 641 640 640 641 641 641 641 641 625 625 625 625 625 625 625 625 625 625 625 625 625 625 625 625 625 625 625 625 625 625 625 625 625 625 625 625 650 650 650 650 650 650 650 650 650 650 650 649 649 649 649 650 650 649 649 649 649 649 648 648 648 648 649 648 648 648 648 648 647 647 647 647 646 646 646
645 646 644 644 643 643 643 643 642 642 642 641 640 640 640 641 641 641 641 641 641 641 641 641 641 625 625 625 625 625 625 625 625 625 625 625 625 625 625 625 625 625 625 625 625 625 625 625 625 625 625 625 625 625 625 650 650 650 650 651 651 650 650 650 650 650 649 650 650 650 650 650 649 649 649 649 649 649 649 649 649 649 648 648 648 648 648 647 647 647 648 647 647 647
646 646 644 644 644 644 643 643 642 643 642 641 640 640 641 641 641 641 641 642 641 641 625 625 625 625 625 625 625 625 625 625 625 625 625 625 625 625 625 625 625 625 625 625 625 625 625 625 625 625 625 625 625 625 625 625 651 651 651 651 651 650 650 650 650 651 650 650 650 650 650 650 649 649 650 650 650 649 649 649 649 649 648 648 648 648 649 648 648 648 648 647 647 647
646 645 644 645 644 644 643 643 643 643 642 641 641 641 641 641 641 642 642 625 625 625 625 625 625 625 625 625 625 625 625 625 625 625 625 625 625 625 625 625 625 625 625 625 625 625 625 625 625 625 625 625 625 625 625 625 651 651 651 651 651 650 651 651 651 651 650 650 650 650 650 650 650 650 650 650 650 649 649 649 649 649 648 649 649 649 649 648 648 648 648 647 647 647
