testData/tiles/oneDegreeCosts/grid33.0-3.0-34.0-4.0.asc
ncols   200
nrows   200
xllcorner   33.0
yllcorner   3.0
cellsize   0.005
NODATA_value   -9999.0
[rows 126 to 167 of 200, columns 0 to 93 of 200]
323 323 324 324 325 326 327 327 327 328 328 329 329 329 330 330 331 331 331 332 332 332 333 333 334 334 334 335 335 335 336 336 336 336 337 337 337 338 338 338 339 339 339 339 340 340 340 341 341 341 341 342 342 342 342 332 332 332 332 333 333 333 333 334 334 334 334 335 335 335 335 336 336 336 336 336 337 337 337 337 338 338 338 338 337 338 338 338 338 338 339 339 339 339
324 325 325 326 326 326 327 327 328 328 329 329 329 330 330 331 331 331 332 332 332 333 334 334 335 335 335 336 336 336 337 337 337 338 338 338 339 339 339 340 340 340 340 341 341 341 342 342 342 342 343 343 343 343 344 333 333 333 334 334 334 334 335 335 335 335 336 335 335 335 336 336 336 336 336 337 337 337 337 338 338 338 338 338 339 339 339 339 339 340 339 339 339 339
324 325 325 326 326 327 327 328 328 328 329 329 331 331 331 332 332 333 333 333 334 334 334 335 335 335 336 336 336 337 337 337 338 338 338 339 339 339 340 340 340 340 341 341 341 342 342 342 342 343 343 343 343 344 344 333 333 334 334 334 334 335 335 335 335 336 336 336 336 337 337 337 337 337 338 338 338 337 337 338 338 338 338 339 339 339 339 339 340 340 340 340 340 341
325 325 326 326 327 328 329 329 329 330 330 331 331 331 332 332 332 333 333 334 334 334 335 335 335 336 336 336 337 337 337 338 338 338 339 339 339 339 340 340 340 341 341 341 341 342 342 342 343 343 343 343 344 344 344 333 334 334 334 334 335 335 335 335 336 336 336 336 336 337 337 337 337 338 338 338 338 338 339 339 339 339 340 340 339 339 339 340 340 340 340 340 340 341
326 327 327 327 328 328 329 329 330 330 330 331 331 332 332 332 333 333 333 334 334 336 336 336 337 337 337 338 338 338 339 339 339 339 340 340 340 341 341 341 342 342 342 342 343 343 343 343 344 344 344 345 345 345 345 335 335 335 335 336 336 336 336 336 337 337 337 337 337 337 337 337 338 338 338 338 338 339 339 339 339 339 340 340 340 340 340 341 341 341 341 340 341 341
326 327 327 328 328 329 329 329 330 330 331 331 332 333 333 334 334 334 335 335 335 336 336 336 337 337 337 338 338 338 339 339 339 340 340 340 341 341 341 341 342 342 342 343 343 343 343 344 344 344 344 345 345 345 345 335 335 335 335 336 336 336 336 337 337 337 337 338 338 338 338 338 339 339 339 339 340 339 339 339 339 340 340 340 340 340 341 341 341 341 341 342 342 342
327 327 328 328 329 330 330 331 331 331 332 332 333 333 333 334 334 335 335 335 336 336 336 337 337 337 338 338 338 339 339 339 340 340 340 340 341 341 342 343 343 343 343 344 344 344 345 345 345 345 346 345 345 345 346 335 335 335 336 336 336 336 337 337 337 337 338 338 338 338 338 339 339 339 339 340 340 340 340 340 341 341 341 341 341 341 341 341 341 341 342 342 342 342
328 328 329 329 330 330 330 331 331 332 332 332 333 333 334 334 334 335 335 335 337 337 337 338 338 338 339 339 339 340 340 340 341 341 341 342 342 342 342 343 343 343 344 344 344 344 345 345 345 345 346 346 346 347 347 336 336 337 337 337 337 337 338 338 338 338 339 339 339 338 339 339 339 339 339 340 340 340 340 340 341 341 341 341 342 342 342 342 342 342 343 342 342 342
328 329 329 329 330 330 331 331 331 332 332 334 334 334 335 335 336 336 336 337 337 337 338 338 338 339 339 339 340 340 340 341 341 341 341 342 342 342 343 343 343 343 344 344 344 345 345 345 345 346 346 346 346 347 347 336 336 337 337 337 337 338 338 338 338 339 339 339 339 339 340 340 340 340 341 341 341 341 340 341 341 341 341 341 342 342 342 342 342 343 343 343 343 343
328 329 329 330 331 331 332 332 333 333 333 334 334 335 335 335 336 336 336 337 337 337 338 338 338 339 339 339 340 340 340 341 341 341 342 343 343 343 344 344 344 345 345 345 345 346 346 346 346 347 347 347 348 348 347 336 337 337 337 337 337 338 338 338 338 339 339 339 339 340 340 340 340 340 341 341 341 341 341 342 342 342 342 343 343 342 342 342 343 343 343 343 343 343
329 330 330 331 331 332 332 332 333 333 334 334 334 335 335 335 336 336 337 337 338 339 339 339 340 340 340 341 341 341 341 342 342 342 343 343 343 344 344 344 344 345 345 345 346 346 346 346 347 347 347 347 348 348 348 337 338 338 338 338 339 339 339 339 340 340 340 340 340 340 340 340 340 341 341 341 341 341 342 342 342 342 342 343 343 343 343 343 344 344 344 343 343 344
330 330 330 331 331 332 332 333 333 333 334 335 335 336 336 337 337 337 338 338 338 339 339 339 340 340 340 341 341 341 342 342 342 342 343 343 343 344 344 344 345 345 345 345 346 346 346 346 347 347 347 347 348 348 348 337 338 338 338 338 339 339 339 339 340 340 340 340 341 341 341 341 341 342 342 342 342 342 342 342 342 342 342 343 343 343 343 343 344 344 344 344 344 345
330 330 331 332 332 333 333 334 334 334 335 335 336 336 336 337 337 337 338 338 338 339 339 339 340 340 340 341 341 341 342 342 342 344 344 344 344 345 345 345 346 346 346 346 347 347 347 348 348 348 348 349 349 349 349 339 338 338 338 339 339 339 339 339 340 340 340 340 341 341 341 341 341 342 342 342 342 343 343 343 343 343 344 344 344 344 343 344 344 344 344 344 345 345
331 331 332 332 332 333 333 334 334 335 335 335 336 336 336 337 337 337 338 339 340 340 340 341 341 341 341 342 342 342 343 343 343 344 344 344 345 345 345 345 346 346 346 346 347 347 347 348 348 348 348 349 349 349 349 339 339 339 339 340 340 340 340 341 341 341 341 341 342 342 341 341 342 342 342 342 342 343 343 343 343 343 344 344 344 344 344 345 345 345 345 345 345 345
331 331 332 332 333 333 333 334 334 335 336 336 337 337 337 338 338 339 339 339 340 340 340 341 341 341 342 342 342 342 343 343 343 344 344 344 345 345 345 345 346 346 346 347 347 347 347 348 348 348 348 349 349 349 349 339 339 339 339 340 340 340 340 341 341 341 341 341 342 342 342 342 343 343 343 343 343 344 344 343 343 343 344 344 344 344 344 345 345 345 345 345 346 346
331 331 332 333 334 334 334 335 335 336 336 336 337 337 337 338 338 339 339 339 340 340 340 341 341 341 342 342 342 343 343 344 344 345 345 345 346 346 346 346 347 347 347 348 348 348 348 349 349 349 349 350 350 350 350 340 340 340 339 340 340 340 340 341 341 341 341 342 342 342 342 342 343 343 343 343 343 344 344 344 344 344 345 345 345 345 344 345 345 345 345 345 346 346
332 332 333 333 334 334 334 335 335 336 336 336 337 337 338 338 338 339 340 340 341 341 341 342 342 342 343 343 343 344 344 344 344 345 345 345 346 346 346 347 347 347 347 348 348 348 348 349 349 349 349 350 350 350 350 340 340 340 340 341 341 341 341 342 342 342 342 343 343 343 343 342 343 343 343 343 343 344 344 344 344 345 345 345 345 345 345 346 346 346 346 346 346 346
332 332 333 333 334 334 334 335 335 337 337 337 338 338 339 339 339 340 340 340 341 341 341 342 342 342 343 343 343 344 344 344 344 345 345 345 346 346 346 347 347 347 347 348 348 348 348 349 349 349 349 350 350 350 350 340 340 340 340 341 341 341 341 342 342 342 342 343 343 343 343 343 344 344 344 344 344 345 345 345 344 345 345 345 345 345 346 346 346 346 346 346 347 347
332 332 333 334 335 335 335 336 336 337 337 337 338 338 339 339 339 340 340 340 341 341 341 342 342 342 343 343 343 345 345 345 345 346 346 346 347 347 347 348 348 348 348 349 349 349 349 350 350 350 350 351 351 351 351 341 341 341 341 342 341 341 341 342 342 342 342 343 343 343 343 343 344 344 344 344 344 345 345 345 345 346 346 346 346 346 346 346 346 346 346 346 347 347
333 333 334 334 335 335 335 336 336 337 337 337 338 338 338 339 339 341 341 341 342 342 342 343 343 343 344 344 344 345 345 345 345 346 346 346 347 347 347 347 348 348 348 349 349 349 349 350 350 350 350 351 351 351 351 341 341 341 341 342 342 342 342 343 343 343 343 344 344 344 344 344 344 344 344 344 344 345 345 345 345 345 346 346 346 346 346 347 347 347 347 347 347 347
333 333 334 334 335 335 335 336 336 338 338 338 339 339 339 340 340 341 341 341 342 342 342 343 343 343 344 344 344 344 345 345 345 346 346 346 347 347 347 347 348 348 348 349 349 349 349 350 350 350 350 351 351 351 351 341 341 341 341 342 342 342 342 343 343 343 343 343 344 344 344 344 345 345 345 345 345 346 346 346 345 345 346 346 346 346 346 347 347 347 347 347 348 348
333 333 335 335 335 336 336 337 337 338 338 338 339 339 339 340 340 340 341 341 342 342 342 343 343 343 343 344 345 345 346 346 346 347 347 347 348 348 348 348 349 349 349 349 350 350 350 351 351 351 351 352 352 352 352 342 342 342 342 343 343 342 342 343 343 343 343 343 344 344 344 344 345 345 345 345 345 346 346 346 346 346 347 347 347 347 347 347 347 347 347 347 348 348
334 334 335 335 335 336 336 337 337 337 338 338 339 339 339 340 341 341 342 342 342 343 343 343 344 344 344 345 345 345 346 346 346 347 347 347 347 348 348 348 349 349 349 349 350 350 350 351 351 351 351 352 352 352 352 342 342 342 342 343 343 343 343 343 344 344 344 344 345 345 345 345 345 345 345 345 345 346 346 346 346 346 347 347 347 347 347 348 348 348 348 348 348 348
334 334 334 335 335 336 336 337 338 338 339 339 339 340 340 341 341 341 342 342 342 343 343 343 344 344 344 345 345 345 346 346 346 346 347 347 347 348 348 348 349 349 349 349 350 350 350 350 351 351 351 351 352 352 352 342 342 342 342 342 343 343 343 343 344 344 344 344 345 345 345 345 345 346 346 346 346 346 347 347 347 346 346 347 347 347 347 347 348 348 348 348 348 349
333 334 335 336 336 337 337 337 338 338 339 339 339 340 340 340 341 341 342 342 342 343 343 343 344 344 345 346 346 346 346 347 347 347 348 348 348 349 349 349 349 350 350 350 351 351 351 351 352 352 352 352 353 353 353 342 343 343 343 343 344 344 344 343 344 344 344 344 344 345 345 345 345 346 346 346 346 346 347 347 347 347 347 348 348 348 348 347 348 348 348 348 348 349
334 335 335 336 336 336 337 337 338 338 338 339 339 340 340 340 342 342 342 343 343 343 344 344 344 345 345 345 346 346 346 347 347 347 348 348 348 348 349 349 349 350 350 350 350 351 351 351 351 352 352 352 353 353 353 342 343 343 343 343 343 344 344 344 344 345 345 345 345 346 346 346 346 346 346 346 346 346 346 347 347 347 347 348 348 348 348 348 349 349 349 349 349 348
334 335 335 335 336 336 337 337 338 339 339 340 340 340 341 341 342 342 342 343 343 343 344 344 344 345 345 345 346 346 346 347 347 347 347 348 348 348 349 349 349 349 350 350 350 351 351 351 351 352 352 352 352 353 353 342 342 343 343 343 343 344 344 344 344 345 345 345 345 345 346 346 346 346 347 347 347 347 347 348 348 347 347 347 348 348 348 348 348 349 349 349 349 254
334 334 336 336 337 337 337 338 338 339 339 339 340 340 341 341 341 342 342 342 343 343 343 344 344 345 346 346 346 347 347 347 348 348 348 349 349 349 349 350 350 350 351 351 351 351 352 352 352 352 353 353 353 354 354 343 343 344 344 344 344 344 345 345 344 344 345 345 345 345 346 346 346 346 346 347 347 347 347 347 348 348 348 348 349 349 349 348 348 348 349 349 349 254
335 335 336 336 336 337 337 338 338 338 339 339 340 340 340 342 342 343 343 343 344 344 344 345 345 345 346 346 346 347 347 347 348 348 348 348 349 349 349 350 350 350 350 351 351 351 352 352 352 352 353 353 353 353 354 343 343 343 344 344 344 344 345 345 345 345 346 346 346 346 346 347 347 347 346 347 347 347 347 347 348 348 348 348 348 349 349 349 349 349 350 350 350 254
334 335 335 336 336 337 337 337 339 339 340 340 340 341 341 342 342 342 343 343 343 344 344 344 345 345 345 346 346 346 347 347 347 348 348 348 349 349 349 349 350 350 350 351 351 351 351 352 352 352 352 353 353 353 353 343 343 343 343 344 344 344 344 345 345 345 345 346 346 346 346 346 347 347 347 347 348 348 348 348 348 348 348 348 348 348 349 349 349 349 349 350 254 254
334 336 336 336 337 337 338 338 339 339 339 340 340 341 341 341 342 342 342 343 343 344 344 344 346 346 346 347 347 347 348 348 348 348 349 349 349 350 350 350 351 351 351 351 352 352 352 352 353 353 353 354 354 354 354 344 344 344 344 345 345 345 345 345 346 345 345 345 346 346 346 346 347 347 347 347 347 348 348 348 348 348 349 349 349 349 349 350 349 349 349 349 254 254
335 335 336 336 337 337 338 338 338 339 339 340 340 340 342 342 342 343 343 344 344 344 345 345 345 346 346 346 347 347 347 348 348 348 349 349 349 349 350 350 350 351 351 351 351 352 352 352 353 353 353 353 354 354 354 344 344 344 344 344 345 345 345 345 346 346 346 346 346 347 347 347 347 348 348 347 347 347 348 348 348 348 349 349 349 349 349 350 350 350 350 254 254 254
334 335 335 336 336 337 337 339 339 339 340 340 341 341 341 342 342 343 343 343 344 344 344 345 345 345 346 346 346 347 347 347 348 348 348 349 349 349 350 350 350 350 351 351 351 352 352 352 352 353 353 353 353 354 344 344 344 344 344 344 344 345 345 345 345 346 346 346 346 347 347 347 347 347 348 348 348 348 348 349 349 349 349 349 349 349 349 349 350 350 350 254 254 254
334 336 336 337 337 337 338 338 339 339 340 340 340 341 341 342 342 342 343 343 343 344 344 345 346 346 346 347 347 347 348 348 348 349 349 349 350 350 350 351 351 351 351 352 352 352 353 353 353 353 354 354 354 354 344 344 344 344 345 345 345 345 346 346 346 346 346 346 346 346 347 347 347 347 347 348 348 348 348 349 349 349 349 349 350 350 350 350 350 350 254 254 254 254
335 335 336 336 337 337 338 338 338 339 339 340 340 340 342 342 343 343 343 344 344 344 345 345 346 346 346 347 347 347 348 348 348 348 349 349 349 350 350 350 351 351 351 351 352 352 352 353 353 353 353 354 354 354 344 344 344 344 344 345 345 345 345 346 346 346 346 347 347 347 347 348 348 348 348 348 348 348 348 348 349 349 349 349 349 350 350 350 350 350 254 254 254 254
334 335 335 336 336 337 337 339 339 339 340 340 341 341 342 342 342 343 343 343 344 344 345 345 345 346 346 346 347 347 347 348 348 348 349 349 349 349 350 350 350 352 352 352 352 353 353 353 353 353 353 353 354 354 344 344 344 344 344 344 345 345 345 345 346 346 346 346 347 347 347 347 348 348 348 348 348 349 349 349 349 349 349 349 349 349 350 350 350 350 254 254 254 254
334 335 336 336 337 337 338 338 339 339 340 340 340 341 341 342 342 342 343 343 343 344 345 346 346 346 347 347 347 348 348 348 349 349 349 350 350 350 350 351 351 351 352 352 352 352 353 353 353 354 354 354 354 355 344 344 344 345 345 345 345 346 346 346 346 347 347 346 346 347 347 347 347 348 348 348 348 348 349 349 349 349 349 350 350 350 350 350 350 254 254 254 254 254
334 335 335 336 336 337 337 338 338 339 339 340 340 341 342 342 343 343 343 344 344 344 345 345 346 346 346 347 347 347 348 348 348 349 349 349 350 350 350 350 351 351 351 352 352 352 352 353 353 353 354 354 354 354 344 344 344 344 345 345 345 345 346 346 346 346 347 347 347 347 348 348 348 348 348 349 348 348 348 349 349 349 349 349 350 350 350 350 350 254 254 254 254 254
334 334 335 335 336 336 338 338 339 339 340 340 341 341 341 342 342 343 343 343 344 344 344 345 345 346 346 346 347 347 347 348 348 348 349 349 349 351 351 351 351 352 352 352 353 353 353 353 354 354 354 355 354 354 344 344 344 344 344 345 345 345 345 346 346 346 346 347 347 347 347 348 348 348 348 348 349 349 349 349 350 350 350 349 349 350 350 350 254 254 254 254 254 254
333 335 335 336 336 337 337 338 338 339 339 340 340 341 341 341 342 342 343 343 343 345 345 345 346 346 347 347 347 348 348 348 349 349 349 350 350 350 350 351 351 351 352 352 352 353 353 353 353 354 354 354 355 355 344 344 345 345 345 345 346 346 346 346 347 347 347 347 347 347 347 347 347 348 348 348 348 349 349 349 349 349 350 350 350 350 351 351 254 254 254 254 254 254
334 334 335 335 336 336 337 337 338 338 339 339 340 341 341 342 342 343 343 343 344 344 345 345 345 346 346 346 347 347 347 348 348 348 349 349 349 350 350 350 351 351 351 352 352 352 352 353 353 353 354 354 354 354 344 344 344 345 345 345 345 346 346 346 346 347 347 347 347 347 348 348 348 348 349 349 348 348 349 349 349 349 349 350 350 350 350 254 254 254 254 254 254 254
333 334 334 335 335 336 337 338 338 339 339 340 340 341 341 341 342 342 343 343 343 344 344 345 345 345 346 346 346 347 347 347 348 348 349 350 350 350 351 351 351 352 352 352 353 353 353 353 354 354 354 355 355 355 344 344 344 344 344 345 345 345 345 346 346 346 346 347 347 347 347 348 348 348 348 349 349 349 349 349 350 350 350 350 350 350 350 254 254 254 254 254 254 254
