testData/tiles/oneDegreeCosts/grid37.0-41.0-38.0-42.0.asc
ncols   200
nrows   200
xllcorner   37.0
yllcorner   41.0
cellsize   0.005
NODATA_value   -9999.0
[rows 42 to 83 of 200, columns 94 to 187 of 200]
759 758 759 759 759 758 759 758 756 756 756 756 756 756 756 756 756 756 756 756 756 756 756 756 756 756 756 756 756 756 756 756 756 756 903 903 903 904 904 905 906 906 907 908 909 908 908 910 909 911 912 911 912 912 1012 1013 1014 1016 1015 1015 1016 1016 1016 1063 1063 1063 1065 1064 1064 1065 1066 1065 1066 1066 1066 1067 1067 1068 1068 1068 1068 1069 1068 1069 1069 1069 1070 1070 1070 1070 1071 1071 1072 1071
759 760 759 759 760 759 759 759 756 756 756 756 756 756 756 756 756 756 756 756 756 756 756 756 756 756 756 756 756 756 756 756 756 901 902 902 903 904 904 906 906 906 906 907 908 908 909 909 909 910 911 911 912 913 913 1013 1013 1015 1015 1014 1016 1015 1016 1063 1063 1062 1064 1065 1063 1065 1065 1065 1065 1066 1066 1067 1066 1067 1068 1067 1068 1068 1068 1068 1069 1068 1069 1070 1069 1069 1069 1071 1071 1071
760 760 759 760 759 759 760 756 756 756 756 756 756 756 756 756 756 756 756 756 756 756 756 756 756 756 756 756 756 756 756 756 901 901 901 902 902 904 904 905 906 906 906 906 908 908 908 910 909 910 910 911 911 912 913 913 1013 1014 1014 1014 1015 1015 1061 1063 1063 1062 1063 1064 1063 1064 1065 1064 1066 1065 1066 1066 1066 1066 1067 1067 1067 1068 1068 1068 1068 1068 1068 1070 1068 1069 1069 1070 1070 1070
760 761 759 760 760 760 759 756 756 756 756 756 756 756 756 756 756 756 756 756 756 756 756 756 756 756 756 756 756 756 756 756 900 901 901 902 903 903 904 904 905 905 906 907 908 908 908 909 910 910 911 911 911 911 912 913 1013 1014 1014 1014 1015 1016 1060 1062 1063 1062 1063 1063 1063 1064 1064 1064 1065 1065 1065 1066 1066 1066 1066 1067 1066 1067 1067 1067 1068 1068 1067 1069 1068 1068 1069 1069 1070 1069
761 761 761 761 760 761 756 756 756 756 756 756 756 756 756 756 756 756 756 756 756 756 756 756 756 756 756 756 756 756 756 900 900 900 901 902 902 904 904 905 905 905 905 906 908 908 908 908 909 908 910 911 911 911 911 912 912 1013 1014 1013 1015 1061 1061 1061 1062 1061 1063 1063 1062 1064 1064 1064 1064 1065 1065 1065 1065 1065 1066 1066 1066 1067 1067 1067 1068 1067 1067 1068 1068 1067 1068 1068 1069 1069
761 762 761 761 761 761 756 756 756 756 756 756 756 756 756 756 756 756 756 756 756 756 756 756 756 756 756 756 756 756 899 899 900 901 901 902 902 903 903 903 905 905 905 905 906 908 907 909 909 908 909 910 911 911 911 912 912 912 1014 1013 1014 1061 1060 1062 1061 1061 1062 1063 1062 1063 1064 1063 1064 1064 1065 1064 1065 1065 1065 1065 1066 1066 1066 1067 1067 1067 1066 1068 1067 1067 1067 1068 1068 1068
761 762 762 761 761 756 756 756 756 756 756 756 756 756 756 756 756 756 756 756 756 756 756 756 756 756 756 756 756 897 898 899 900 900 901 902 902 902 903 903 904 905 906 906 906 907 906 908 909 908 909 909 910 910 911 912 911 912 1013 1013 1013 1060 1059 1061 1061 1061 1062 1062 1062 1062 1063 1063 1063 1063 1064 1064 1064 1065 1065 1065 1065 1066 1065 1066 1066 1066 1066 1066 1066 1066 1067 1067 1068 1068
762 763 762 762 761 756 756 756 756 756 756 756 756 756 756 756 756 756 756 756 756 756 756 756 756 756 756 756 756 898 899 899 899 899 900 902 901 903 903 903 903 904 906 905 906 907 906 907 908 908 909 910 910 910 910 912 911 911 913 1012 1060 1059 1059 1060 1061 1061 1061 1062 1062 1062 1062 1063 1063 1063 1063 1065 1063 1064 1065 1064 1065 1065 1065 1065 1066 1066 1066 1065 1067 1065 1066 1066 1067 1067
762 763 763 762 756 756 756 756 756 756 756 756 756 756 756 756 756 756 756 756 756 756 756 756 756 756 756 756 897 897 898 899 899 900 900 901 901 902 903 903 904 904 905 905 905 907 906 908 908 908 908 909 911 910 910 911 911 911 912 912 1058 1060 1059 1060 1060 1061 1061 1061 1061 1062 1062 1062 1063 1062 1063 1064 1063 1063 1065 1063 1064 1065 1064 1064 1065 1066 1065 1065 1066 1065 1065 1067 1066 1067
763 763 763 764 756 756 756 756 756 756 756 756 756 756 756 756 756 756 756 756 756 756 756 756 756 756 756 897 897 898 898 898 899 899 900 901 902 902 902 903 903 904 905 905 905 906 906 907 908 908 908 908 909 910 909 911 910 911 912 958 957 1059 1059 1059 1060 1060 1061 1060 1061 1061 1061 1061 1063 1062 1062 1064 1062 1063 1064 1063 1063 1065 1064 1064 1064 1065 1064 1064 1065 1064 1064 1066 1065 1066
764 764 764 756 756 756 756 756 756 756 756 756 756 756 756 756 756 756 756 756 756 756 756 756 756 756 898 897 898 898 898 898 898 899 899 901 901 902 902 902 903 903 905 905 905 905 906 906 907 908 908 908 908 909 909 910 910 910 912 958 957 1058 1059 1058 1059 1059 1060 1060 1060 1062 1061 1061 1062 1062 1061 1063 1062 1062 1063 1063 1062 1064 1064 1063 1064 1064 1064 1063 1065 1064 1064 1065 1065 1065
765 764 764 756 756 756 756 756 756 756 756 756 756 756 756 756 756 756 756 756 756 756 756 756 756 756 899 897 898 898 898 898 898 900 899 900 901 900 902 902 903 903 904 905 904 906 906 906 906 907 908 908 908 908 909 910 910 909 911 958 956 958 1058 1058 1058 1059 1059 1060 1059 1061 1060 1060 1062 1061 1061 1062 1062 1062 1063 1062 1062 1062 1064 1062 1063 1063 1063 1063 1064 1064 1063 1065 1064 1065
765 765 756 756 756 756 756 756 756 756 756 756 756 756 756 756 756 756 756 756 756 756 756 756 756 895 899 898 898 898 898 898 898 899 899 900 901 900 901 902 902 903 903 904 904 905 906 905 906 906 907 907 908 909 908 910 910 909 956 957 956 957 957 1057 1059 1058 1059 1059 1059 1060 1060 1060 1061 1060 1061 1061 1061 1062 1061 1063 1061 1062 1063 1062 1062 1063 1062 1063 1063 1063 1062 1064 1063 1064
766 765 756 756 756 756 756 756 756 756 756 756 756 756 756 756 756 756 756 756 756 756 756 756 895 895 896 899 899 898 898 898 898 899 898 900 900 900 901 901 903 902 903 904 903 904 905 905 906 906 906 907 907 909 908 908 910 909 956 956 956 957 957 957 1058 1058 1058 1059 1059 1059 1059 1060 1059 1060 1060 1060 1061 1061 1060 1062 1061 1061 1062 1061 1062 1062 1062 1062 1063 1063 1062 1062 1063 1063
766 756 756 756 756 756 756 756 756 756 756 756 756 756 756 756 756 756 756 756 756 756 756 756 896 895 896 896 899 899 898 898 898 899 898 899 900 900 901 901 902 902 902 904 903 905 905 905 905 906 907 906 907 908 908 908 909 909 956 956 955 957 957 957 1057 1058 1058 1058 1058 1058 1058 1059 1059 1059 1060 1059 1061 1060 1060 1061 1061 1060 1062 1060 1061 1062 1061 1061 1062 1062 1061 1061 1062 1062
766 756 756 756 756 756 756 756 756 756 756 756 756 756 756 756 756 756 756 756 756 756 756 897 897 896 896 896 898 899 899 898 898 898 898 898 899 900 900 901 902 902 902 903 903 904 905 905 905 905 907 906 906 908 907 908 908 954 955 956 955 956 956 956 957 1057 1058 1057 1058 1058 1058 1058 1059 1059 1059 1059 1060 1059 1059 1060 1060 1060 1061 1060 1060 1062 1061 1061 1061 1062 1060 1061 1061 1062
756 756 756 756 756 756 756 756 756 756 756 756 756 756 756 756 756 756 756 756 756 756 897 897 897 896 897 896 896 899 899 899 898 899 898 898 899 900 900 900 902 901 902 902 902 903 904 905 904 905 905 906 906 907 906 907 909 953 954 955 955 955 956 956 956 956 1057 1057 1057 1058 1058 1058 1058 1059 1058 1059 1059 1059 1059 1060 1059 1059 1060 1061 1059 1061 1060 1060 1059 1061 1059 1060 1061 1061
756 756 756 756 756 756 756 756 756 756 756 756 756 756 756 756 756 756 756 756 756 756 898 897 898 896 896 897 896 896 899 900 899 899 899 898 899 899 900 900 900 901 901 903 902 902 903 904 904 904 905 905 906 906 906 906 954 953 953 954 955 955 955 956 955 956 956 1057 1056 1057 1058 1057 1057 1059 1057 1058 1059 1058 1059 1059 1059 1058 1060 1060 1059 1060 1060 1059 1059 1060 1059 1059 1060 1060
757 756 756 756 756 756 756 756 756 756 756 756 756 756 756 756 756 756 756 756 756 898 898 898 898 897 896 897 896 896 896 900 899 899 899 898 898 899 899 900 900 900 901 902 903 902 903 903 904 904 904 904 905 907 906 906 953 954 953 954 954 954 954 955 955 955 956 957 1056 1056 1058 1056 1057 1058 1057 1057 1059 1057 1058 1058 1059 1058 1059 1059 1058 1058 1059 1059 1058 1060 1058 1059 1059 1060
757 757 756 756 757 756 756 756 756 756 756 756 756 756 756 756 756 756 756 756 899 899 898 898 899 897 897 897 897 897 896 897 899 899 899 898 898 898 899 899 900 901 900 901 902 902 903 903 903 904 904 904 904 905 906 906 953 953 953 953 954 953 954 954 955 955 955 956 1055 1055 1057 1056 1056 1058 1056 1057 1058 1057 1057 1058 1058 1058 1058 1059 1057 1058 1058 1058 1057 1059 1058 1058 1058 1059
758 757 758 756 757 757 756 756 756 756 756 756 756 756 756 756 756 756 756 756 900 899 899 898 898 898 897 898 897 897 896 897 900 899 900 898 899 898 899 899 899 901 900 901 901 901 902 903 903 903 904 905 904 904 906 951 952 952 952 952 953 953 954 954 954 955 954 956 955 1055 1056 1056 1055 1057 1056 1056 1057 1057 1056 1057 1057 1057 1057 1058 1057 1057 1058 1057 1057 1058 1059 1057 1058 1058
758 758 758 757 757 757 757 756 757 756 756 756 756 756 756 756 756 756 756 899 900 900 899 899 898 899 898 898 898 897 897 897 897 900 900 899 899 899 899 899 899 900 900 901 901 900 902 902 902 902 903 904 904 904 905 951 951 952 951 953 952 952 953 953 953 954 954 954 955 954 1055 1055 1055 1056 1056 1055 1056 1056 1056 1056 1057 1056 1056 1057 1056 1056 1057 1057 1057 1057 1058 1056 1057 1057
758 758 759 757 758 757 757 757 757 756 757 756 757 756 756 756 756 756 901 900 900 900 900 899 899 899 898 898 898 898 897 897 897 897 900 900 900 899 899 899 899 899 899 899 901 900 901 902 902 902 902 904 903 903 904 950 950 951 951 952 952 952 953 953 953 953 954 953 954 954 954 1054 1054 1054 1056 1054 1055 1055 1055 1056 1056 1056 1055 1057 1055 1056 1057 1057 1056 1057 1057 1056 1056 1057
759 758 759 758 758 758 757 757 758 757 757 756 757 756 756 756 756 756 902 900 900 900 900 900 899 900 898 899 898 898 898 897 897 897 897 900 900 899 899 899 899 900 899 899 900 900 900 901 901 902 902 903 903 903 950 949 950 951 950 951 952 951 952 952 952 953 953 953 953 954 953 954 1054 1054 1055 1054 1054 1056 1054 1055 1055 1055 1054 1056 1055 1055 1056 1056 1055 1055 1056 1055 1055 1056
759 759 759 758 759 758 759 757 758 758 757 757 757 756 757 756 756 901 901 902 900 901 900 900 899 900 899 899 899 898 898 897 898 897 897 897 899 900 899 899 899 899 899 899 900 900 901 901 901 901 902 902 902 903 950 949 949 951 950 950 951 951 951 952 952 952 952 952 952 953 952 954 953 1053 1055 1053 1054 1055 1054 1054 1055 1054 1054 1055 1056 1054 1056 1055 1055 1054 1056 1054 1055 1055
759 759 759 758 759 759 759 758 758 758 758 757 758 756 757 757 756 902 901 902 901 901 901 900 900 900 899 900 899 898 898 898 898 897 897 897 897 900 900 899 899 899 899 899 899 900 899 901 900 901 901 902 901 902 949 948 948 950 950 949 951 951 951 951 952 951 952 952 952 952 952 953 953 952 1054 1053 1053 1054 1053 1053 1054 1054 1054 1054 1055 1053 1054 1054 1054 1053 1055 1053 1054 1054
759 760 759 760 759 759 759 758 759 758 758 758 757 757 757 757 903 902 902 902 901 901 901 901 900 901 899 899 899 899 899 898 899 897 898 897 897 897 900 900 899 899 899 899 899 899 898 900 900 900 901 901 901 947 949 949 948 949 950 949 950 950 949 950 951 950 951 951 952 952 952 953 952 952 1053 1053 1052 1054 1052 1053 1053 1054 1053 1053 1054 1053 1053 1054 1053 1053 1054 1053 1053 1054
759 760 760 760 759 759 759 759 759 759 758 758 758 757 757 903 903 903 902 903 901 902 901 901 901 901 900 899 900 899 899 899 899 898 898 898 897 897 897 900 899 899 900 899 899 899 898 899 900 900 900 900 901 946 947 949 947 949 949 949 949 950 949 950 950 950 950 951 951 951 951 952 951 952 952 1052 1051 1053 1051 1052 1052 1053 1052 1052 1053 1052 1052 1053 1052 1052 1053 1052 1052 1052
761 760 760 761 759 760 759 759 759 759 758 758 758 759 757 904 903 903 903 903 902 902 902 901 901 901 901 900 900 900 899 899 899 898 898 898 897 897 897 897 900 899 900 899 899 898 898 899 899 900 899 900 901 947 946 948 947 948 948 948 948 949 948 949 950 950 950 950 951 950 951 950 951 951 951 951 1051 1051 1051 1051 1052 1052 1052 1051 1053 1051 1052 1052 1052 1051 1053 1051 1052 1051
761 761 760 761 760 760 760 759 759 760 758 759 758 759 904 904 904 903 903 903 902 903 902 901 901 901 901 900 901 900 900 899 899 898 898 898 897 897 897 897 897 900 900 899 899 899 898 898 898 898 899 899 947 946 946 947 947 946 948 947 948 948 948 948 949 949 949 949 950 949 950 950 950 950 950 950 950 1050 1052 1050 1051 1051 1051 1050 1052 1050 1051 1051 1051 1050 1051 1051 1051 1050
762 761 761 761 760 761 760 760 759 760 760 759 759 759 904 905 904 904 903 904 902 903 903 902 902 901 902 900 901 900 900 900 899 899 898 899 898 898 897 897 897 897 901 899 899 899 898 898 898 898 899 899 946 945 946 946 946 946 947 946 948 948 948 949 948 949 948 949 949 949 949 950 949 950 949 950 949 950 1051 1050 1050 1051 1050 1050 1051 1050 1050 1051 1050 1050 1050 1051 1050 1050
762 762 761 762 760 761 761 761 760 760 760 760 759 906 904 905 904 904 904 904 903 903 903 902 902 902 902 901 901 901 900 900 899 899 899 899 899 898 898 897 897 897 897 899 899 899 898 899 898 898 898 899 944 945 945 946 945 946 946 946 946 947 947 948 947 948 948 948 948 948 948 949 948 949 948 950 949 949 951 1049 1050 1050 1050 1049 1051 1049 1050 1049 1050 1049 1050 1050 1049 1049
762 762 762 762 761 761 761 762 760 761 760 760 760 906 905 905 905 904 904 904 904 903 903 903 902 902 902 901 902 901 900 900 900 900 899 899 899 898 898 898 897 897 897 897 899 900 899 898 898 898 898 944 944 944 944 946 945 945 947 945 946 947 947 946 947 947 948 947 948 948 948 948 948 948 948 949 949 948 950 948 1049 1049 1049 1048 1049 1048 1049 1048 1050 1048 1049 1049 1049 1048
763 762 762 762 761 762 761 762 761 761 761 760 906 906 905 905 905 904 904 904 904 903 904 903 903 902 903 901 901 901 900 901 900 901 899 900 899 898 898 898 897 897 897 897 897 900 900 898 899 898 898 943 944 943 944 944 944 944 946 945 945 946 946 945 947 946 946 946 947 946 947 948 947 948 948 949 948 948 948 948 948 1048 1048 1048 1048 1048 1048 1048 1049 1048 1048 1048 1048 1047
763 762 762 762 763 762 762 761 761 761 761 906 906 906 905 905 906 905 905 904 905 903 904 903 903 903 903 902 901 902 901 901 900 901 899 899 900 898 899 898 898 897 897 897 897 897 900 898 899 898 898 944 943 943 943 944 944 944 945 945 944 946 945 945 946 946 945 947 946 946 946 947 947 947 947 947 947 947 947 947 947 947 1047 1047 1047 1048 1047 1047 1048 1047 1047 1047 1047 1047
764 762 763 762 763 762 762 762 761 761 761 906 907 906 906 905 906 905 905 905 905 904 904 904 903 903 902 902 902 902 902 901 901 901 900 899 900 898 899 898 898 898 897 898 897 897 897 897 899 899 943 944 943 943 943 943 944 943 943 945 943 945 945 944 945 945 945 946 946 945 946 946 947 946 947 946 947 946 947 946 947 946 947 1046 1047 1047 1047 1046 1048 1046 1046 1046 1046 1046
764 764 763 763 763 762 763 762 762 761 908 906 907 907 907 906 906 906 905 905 906 904 905 904 903 903 903 902 902 902 902 902 901 901 900 900 900 899 899 899 898 898 897 898 897 897 897 897 897 899 944 944 944 943 943 943 944 942 943 944 943 943 945 943 945 944 944 945 945 945 945 945 946 945 946 945 946 945 946 945 946 945 946 945 1046 1046 1046 1045 1046 1045 1046 1045 1046 1045
764 764 764 763 764 762 763 763 762 762 908 907 907 907 907 906 907 906 906 905 906 904 904 904 903 904 903 904 902 903 902 902 901 901 900 900 901 899 899 899 899 898 898 898 897 897 897 897 897 897 944 944 944 943 943 943 943 942 942 943 942 943 944 943 943 945 943 945 944 945 945 945 945 945 945 945 945 945 945 945 945 945 946 945 945 1045 1045 1044 1045 1044 1045 1044 1045 1044
765 764 764 764 764 763 763 763 762 908 909 907 908 907 908 906 907 907 906 906 905 905 904 905 903 904 903 904 903 903 903 902 902 901 901 900 901 899 899 899 899 898 898 898 897 897 897 897 897 942 942 945 944 944 943 943 943 942 942 943 942 942 943 942 942 944 943 943 943 944 944 944 944 944 944 944 944 944 944 943 944 944 944 944 944 944 1044 1044 1044 1044 1044 1044 1044 1044
765 765 764 764 765 763 764 763 763 908 909 909 908 908 908 907 907 907 906 906 906 905 905 905 905 904 904 904 903 903 903 902 902 902 901 901 901 900 899 900 899 899 898 898 897 897 897 897 897 942 942 942 942 944 943 943 943 942 942 942 942 942 943 942 942 943 943 942 944 943 943 943 944 942 944 943 943 943 944 943 944 944 944 943 944 943 943 1043 1043 1043 1043 1043 1042 1043
765 765 764 764 764 763 763 764 908 909 909 909 908 908 908 907 907 907 906 906 906 905 905 905 905 905 904 905 903 903 903 902 902 902 901 901 901 901 900 900 900 899 899 898 898 897 898 897 897 942 942 942 942 942 944 943 943 942 942 942 942 942 942 942 942 942 942 942 943 942 942 942 943 942 943 942 942 943 943 943 943 943 943 943 943 942 943 942 1043 1041 1043 1042 1042 1042
765 766 764 765 764 764 763 764 910 909 909 909 908 908 908 907 907 908 906 907 906 906 905 906 905 905 904 904 904 903 904 902 903 902 902 901 901 901 900 900 900 899 899 898 898 897 897 897 897 943 942 942 942 942 942 944 943 943 942 942 942 942 942 942 942 942 942 942 942 942 942 942 942 942 942 943 942 943 942 943 942 943 942 942 942 942 942 942 942 1040 1042 1041 1041 1041
