testData/tiles/oneDegreeCosts/grid21.0-34.0-22.0-35.0.asc
ncols   200
nrows   200
xllcorner   21.0
yllcorner   34.0
cellsize   0.005
NODATA_value   -9999.0
[rows 42 to 83 of 200, columns 0 to 93 of 200]
931 931 930 930 929 929 928 928 927 927 926 926 925 925 924 924 923 923 922 921 783 782 782 781 780 780 779 779 778 777 777 776 775 775 774 773 531 530 529 528 528 527 526 525 525 524 523 522 521 521 520 519 518 517 516 515 514 513 512 511 511 510 508 507 506 506 506 506 506 506 506 506 506 506 506 506 506 506 506 506 506 506 506 506 506 506 506 506 506 506 506 506 506 506
931 931 931 930 930 929 929 928 928 927 927 926 926 925 925 924 924 923 922 922 783 783 782 782 781 780 780 779 778 778 777 777 776 775 774 774 531 530 530 529 528 527 527 526 525 524 524 523 522 521 520 519 518 518 517 516 515 514 513 512 511 510 509 508 507 506 506 506 506 506 506 506 506 506 506 506 506 506 506 506 506 506 506 506 506 506 506 506 506 506 506 506 506 506
932 931 931 930 930 930 929 929 928 928 927 927 926 926 925 925 924 923 923 922 922 783 783 782 781 781 780 780 779 778 778 777 776 776 775 532 532 531 530 529 529 528 527 526 526 525 524 523 522 522 521 520 519 518 517 516 515 515 514 513 512 511 510 509 508 507 506 506 506 506 506 506 506 506 506 506 506 506 506 506 506 506 506 506 506 506 506 506 506 506 506 506 506 506
932 932 931 931 930 930 930 929 929 928 928 927 927 926 926 925 924 924 923 923 922 784 783 782 782 781 781 780 779 779 778 777 777 776 775 533 532 531 531 530 529 528 528 527 526 525 525 524 523 522 521 520 520 519 518 517 516 515 514 513 512 511 510 509 508 507 506 506 506 506 506 506 506 506 506 507 506 506 506 506 506 506 506 506 506 506 506 506 506 506 506 506 506 506
933 932 932 931 931 930 930 929 929 928 928 927 927 926 926 925 925 924 924 923 923 784 784 783 782 782 781 780 780 779 779 778 777 777 776 533 533 532 531 530 530 529 528 527 527 526 525 524 523 523 522 521 520 519 518 517 517 516 515 514 513 512 511 510 509 508 507 506 506 506 506 506 506 506 506 507 506 506 506 506 506 506 506 506 506 506 506 506 506 506 506 506 506 506
933 933 932 932 931 931 930 930 929 929 928 928 927 927 926 926 925 925 924 924 923 923 784 783 783 782 782 781 780 780 779 778 778 777 534 534 533 532 532 531 530 529 529 528 527 526 526 525 524 523 522 521 521 520 519 518 517 516 515 514 513 512 511 510 509 508 507 506 506 506 506 506 506 506 506 508 507 506 506 506 506 506 506 506 506 506 506 506 506 506 506 506 506 506
933 933 933 932 932 931 931 930 930 929 929 928 928 927 927 926 926 925 925 924 924 923 784 784 783 783 782 781 781 780 779 779 778 778 535 534 533 533 532 531 531 530 529 528 528 527 526 525 524 524 523 522 521 520 519 518 518 517 516 515 514 513 512 511 510 509 508 507 506 506 506 506 506 506 506 509 507 506 506 506 506 506 506 506 506 506 506 506 506 506 506 506 506 506
934 933 933 933 932 932 931 931 930 930 929 929 928 928 927 927 926 926 925 925 924 923 785 784 784 783 782 782 781 781 780 779 779 536 535 535 534 533 533 532 531 530 530 529 528 527 527 526 525 524 523 522 522 521 520 519 518 517 516 515 514 513 512 511 510 509 508 507 506 506 506 506 506 506 506 509 508 507 506 506 506 506 506 506 506 506 506 506 506 506 506 506 506 506
934 934 933 933 933 932 932 931 931 930 930 929 929 928 928 927 927 926 925 925 924 924 923 785 784 783 783 782 782 781 780 780 779 536 536 535 534 534 533 532 532 531 530 529 529 528 527 526 525 525 524 523 522 521 520 519 519 518 517 516 515 514 513 512 511 510 509 508 507 506 506 506 506 506 506 510 509 507 506 506 506 506 506 506 506 506 506 506 506 506 506 506 506 506
935 934 934 933 933 932 932 932 931 931 930 930 929 929 928 928 927 926 926 925 925 924 924 785 784 784 783 783 782 781 781 780 538 537 536 536 535 534 533 533 532 531 531 530 529 528 527 527 526 525 524 523 523 522 521 520 519 518 517 516 515 514 513 512 511 510 509 508 507 506 506 506 506 506 512 510 509 508 507 506 506 506 506 506 506 506 506 506 506 506 506 506 506 506
935 935 934 934 933 933 932 932 931 931 930 930 929 929 928 928 927 927 926 926 925 925 924 786 785 784 784 783 782 782 781 781 538 537 537 536 535 535 534 533 532 532 531 530 529 529 528 527 526 526 525 524 523 522 521 520 520 519 518 517 516 515 514 513 512 511 510 509 508 507 506 506 506 506 512 511 510 509 507 506 506 506 506 506 506 506 506 506 506 506 506 506 506 506
935 935 935 934 934 933 933 932 932 931 931 930 930 929 929 928 928 927 927 926 926 925 924 924 785 785 784 784 783 782 782 539 538 538 537 536 536 535 534 534 533 532 531 531 530 529 528 528 527 526 525 524 524 523 522 521 520 519 518 517 516 515 515 514 513 512 511 509 508 507 506 506 506 506 513 512 510 509 508 507 506 506 506 506 506 506 506 506 506 506 506 506 506 506
936 935 935 935 934 934 933 933 932 932 931 931 930 930 929 929 928 928 927 927 926 925 925 924 786 785 785 784 783 783 782 539 539 538 537 537 536 535 535 534 533 533 532 531 530 530 529 528 527 526 526 525 524 523 522 521 521 520 519 518 517 516 515 514 513 512 511 510 509 508 507 506 506 506 513 512 511 510 509 507 506 506 506 506 506 506 506 506 506 506 506 506 506 506
936 936 935 935 934 934 934 933 933 932 932 931 931 930 930 929 929 928 928 927 926 926 925 925 786 786 785 784 784 783 540 540 539 539 538 537 537 536 535 534 534 533 532 532 531 530 529 529 528 527 526 525 524 524 523 522 521 520 519 518 517 516 515 515 514 513 512 511 509 508 507 506 506 506 514 513 512 510 509 508 507 506 506 506 506 506 506 506 506 506 506 506 506 506
937 936 936 935 935 934 934 933 933 933 932 932 931 931 930 930 929 928 928 927 927 926 926 925 787 786 785 785 784 784 541 540 540 539 538 538 537 536 536 535 534 533 533 532 531 531 530 529 528 527 527 526 525 524 523 522 521 521 520 519 518 517 516 515 514 513 512 511 510 509 508 507 506 506 514 513 512 511 510 508 507 506 506 506 506 506 506 506 506 506 506 506 506 506
937 937 936 936 935 935 934 934 933 933 932 932 931 931 930 930 929 929 928 928 927 927 926 926 925 786 786 785 785 542 541 541 540 539 539 538 537 537 536 535 535 534 533 532 532 531 530 529 529 528 527 526 525 525 524 523 522 521 520 519 518 517 516 516 515 514 513 512 510 509 508 507 506 506 515 514 513 511 510 509 508 506 506 506 506 506 506 506 506 506 506 506 506 506
937 937 936 936 936 935 935 934 934 933 933 932 932 931 931 930 930 929 929 928 928 927 926 926 925 787 786 786 785 542 542 541 540 540 539 538 538 537 536 536 535 534 534 533 532 531 531 530 529 528 527 527 526 525 524 523 522 522 521 520 519 518 517 516 515 514 513 512 511 510 509 508 507 506 515 514 513 512 511 510 508 507 506 506 506 506 506 506 506 506 506 506 506 506
938 937 937 936 936 935 935 935 934 934 933 933 932 932 931 931 930 930 929 929 928 927 927 926 926 787 787 786 543 543 542 541 541 540 540 539 538 538 537 536 535 535 534 533 533 532 531 530 529 529 528 527 526 525 525 524 523 522 521 520 519 518 517 516 515 515 514 513 511 510 509 508 507 506 516 515 514 513 511 510 509 508 506 506 506 506 506 506 506 506 506 506 506 506
938 938 937 937 936 936 935 935 934 934 934 933 933 932 932 931 930 930 929 929 928 928 927 927 926 926 787 786 544 543 542 542 541 541 540 539 539 538 537 537 536 535 534 534 533 532 531 531 530 529 528 528 527 526 525 524 523 522 522 521 520 519 518 517 516 515 514 513 512 511 510 509 508 507 517 515 514 513 512 511 509 508 507 506 506 506 506 506 506 506 506 506 506 506
938 938 938 937 937 936 936 935 935 934 934 933 933 932 932 931 931 930 930 929 929 928 928 927 926 926 787 545 544 543 543 542 542 541 540 540 539 538 538 537 536 536 535 534 533 533 532 531 530 530 529 528 527 526 525 525 524 523 522 521 520 519 518 517 516 515 514 513 512 511 510 509 508 507 517 516 515 514 512 511 510 509 507 506 506 506 506 506 506 506 506 506 506 506
939 938 938 937 937 937 936 936 935 935 934 934 933 933 932 932 931 931 930 930 929 929 928 927 927 926 788 545 544 544 543 543 542 541 541 540 539 539 538 537 537 536 535 535 534 533 532 532 531 530 529 528 528 527 526 525 524 523 522 522 521 520 519 518 517 516 515 514 513 512 511 510 509 508 518 516 515 514 513 512 510 509 508 507 506 506 506 506 506 506 506 506 506 506
939 939 938 938 937 937 936 936 936 935 935 934 934 933 933 932 932 931 931 930 929 929 928 928 927 927 684 545 545 544 544 543 542 542 541 540 540 539 538 538 537 536 536 535 534 533 533 532 531 530 530 529 528 527 526 525 525 524 523 522 521 520 519 518 517 516 515 514 513 512 511 510 509 508 518 517 516 515 513 512 511 510 509 507 506 506 506 506 506 506 506 506 506 506
939 939 939 938 938 937 937 936 936 935 935 934 934 933 933 932 932 931 931 930 930 929 929 928 928 685 684 546 545 545 544 543 543 542 541 541 540 539 539 538 537 537 536 535 535 534 533 532 532 531 530 529 528 528 527 526 525 524 523 522 522 521 520 519 518 517 516 515 514 513 512 511 510 509 518 517 516 515 514 513 512 510 509 508 506 506 506 506 506 506 506 506 506 506
940 939 939 938 938 938 937 937 936 936 935 935 934 934 933 933 932 932 931 931 930 930 929 928 928 685 685 546 546 545 544 544 543 542 542 541 541 540 539 538 538 537 536 536 535 534 533 533 532 531 530 530 529 528 527 526 525 525 524 523 522 521 520 519 518 517 516 515 514 513 512 511 510 509 519 518 517 516 514 513 512 511 510 508 507 506 506 506 506 506 506 506 506 506
940 940 939 939 938 938 937 937 937 936 936 935 935 934 934 933 933 932 932 931 930 930 929 929 686 686 685 547 546 545 545 544 543 543 542 542 541 540 540 539 538 537 537 536 535 535 534 533 532 532 531 530 529 528 528 527 526 525 524 523 522 521 521 520 519 518 517 516 515 514 513 512 511 510 519 518 517 516 515 514 513 511 510 509 508 506 506 506 506 506 506 506 506 506
940 940 940 939 939 938 938 937 937 936 936 935 935 934 934 933 933 932 932 931 931 930 930 929 687 686 685 685 546 546 545 544 544 543 543 542 541 541 540 539 539 538 537 536 536 535 534 533 533 532 531 530 530 529 528 527 526 525 525 524 523 522 521 520 519 518 517 516 515 514 513 512 511 510 520 519 518 517 515 514 513 512 511 509 508 507 506 506 506 506 506 506 506 506
941 940 940 939 939 939 938 938 937 937 936 936 935 935 934 934 933 933 932 932 931 931 930 688 687 686 686 685 547 546 545 545 544 544 543 542 542 541 540 540 539 538 538 537 536 535 535 534 533 532 532 531 530 529 528 527 527 526 525 524 523 522 521 520 519 519 518 517 516 515 514 513 512 510 520 519 518 517 516 515 514 512 511 510 509 507 506 506 506 506 506 506 506 506
941 941 940 940 939 939 938 938 938 937 937 936 936 935 935 934 934 933 933 932 932 931 930 688 687 687 686 686 547 546 546 545 545 544 543 543 542 541 541 540 539 539 538 537 536 536 535 534 533 533 532 531 530 530 529 528 527 526 525 524 524 523 522 521 520 519 518 517 516 515 514 513 512 511 521 520 519 517 516 515 514 513 512 510 509 508 506 506 506 506 506 506 506 506
941 941 940 940 940 939 939 938 938 937 937 936 936 935 935 934 934 933 933 932 932 931 689 688 688 687 686 686 547 547 546 545 545 544 544 543 542 542 541 540 540 539 538 538 537 536 535 535 534 533 532 532 531 530 529 528 527 527 526 525 524 523 522 521 520 519 518 517 516 515 514 513 512 511 521 520 519 518 517 516 514 513 512 511 510 508 507 506 506 506 506 506 506 506
942 941 941 940 940 939 939 939 938 938 937 937 936 936 935 935 934 934 933 933 932 932 689 689 688 687 687 686 686 547 546 546 545 545 544 543 543 542 541 541 540 539 539 538 537 536 536 535 534 533 533 532 531 530 529 529 528 527 526 525 524 523 523 522 521 520 519 518 517 516 515 514 513 512 522 521 519 518 517 516 515 514 512 511 510 509 507 506 506 506 506 506 506 506
942 942 941 941 940 940 939 939 938 938 938 937 937 936 936 935 935 934 934 933 932 690 689 689 688 688 687 687 686 547 547 546 546 545 544 544 543 542 542 541 540 540 539 538 538 537 536 535 535 534 533 532 531 531 530 529 528 527 526 526 525 524 523 522 521 520 519 518 517 516 515 514 513 512 522 521 520 519 518 517 515 514 513 512 510 509 508 507 506 506 506 506 506 506
942 942 941 941 941 940 940 939 939 938 938 937 937 936 936 935 935 934 934 933 933 690 690 689 689 688 687 687 686 548 547 546 546 545 545 544 543 543 542 541 541 540 539 539 538 537 536 536 535 534 533 533 532 531 530 529 529 528 527 526 525 524 523 522 522 521 520 519 518 517 516 515 514 513 523 521 520 519 518 517 516 515 513 512 511 510 508 507 506 506 506 506 506 506
943 942 942 941 941 940 940 940 939 939 938 938 937 937 936 936 935 935 934 934 691 691 690 689 689 688 688 687 687 548 547 547 546 546 545 544 544 543 542 542 541 540 540 539 538 537 537 536 535 535 534 533 532 531 531 530 529 528 527 526 525 525 524 523 522 521 520 519 518 517 516 515 514 513 523 522 521 520 519 517 516 515 514 513 511 510 509 508 506 506 506 506 506 506
943 942 942 942 941 941 940 940 939 939 938 938 937 937 936 936 935 935 934 692 691 691 690 690 689 689 688 688 687 686 548 547 547 546 545 545 544 543 543 542 541 541 540 539 539 538 537 536 536 535 534 533 533 532 531 530 529 528 528 527 526 525 524 523 522 521 520 519 518 517 516 515 514 513 523 522 521 520 519 518 517 515 514 513 512 511 509 508 507 506 506 506 506 506
943 943 942 942 941 941 941 940 940 939 939 938 938 937 937 936 936 935 935 692 692 691 691 690 690 689 688 688 687 687 548 547 547 546 546 545 544 544 543 542 542 541 540 540 539 538 537 537 536 535 534 534 533 532 531 530 530 529 528 527 526 525 524 524 523 522 521 520 519 518 517 516 515 514 524 523 522 521 519 518 517 516 515 514 512 511 510 508 507 506 506 506 506 506
943 943 943 942 942 941 941 940 940 939 939 939 938 938 937 937 936 936 693 693 692 691 691 690 690 689 689 688 688 687 548 548 547 547 546 545 545 544 543 543 542 541 541 540 539 538 538 537 536 536 535 534 533 532 532 531 530 529 528 527 527 526 525 524 523 522 521 520 519 518 517 516 515 514 524 523 522 521 520 519 518 516 515 514 513 511 510 509 508 506 506 506 506 506
944 943 943 942 942 942 941 941 940 940 939 939 938 938 937 937 936 936 693 693 692 692 691 691 690 690 689 688 688 687 549 548 547 547 546 546 545 544 544 543 542 542 541 540 540 539 538 537 537 536 535 534 534 533 532 531 530 529 529 528 527 526 525 524 523 522 522 521 520 519 518 517 516 526 525 523 522 521 520 519 518 517 516 514 513 512 511 509 508 507 506 506 506 506
944 944 943 943 942 942 941 941 940 940 940 939 939 938 938 937 937 694 694 693 693 692 692 691 690 690 689 689 688 688 687 548 548 547 547 546 545 545 544 543 543 542 541 541 540 539 538 538 537 536 535 535 534 533 532 531 531 530 529 528 527 526 526 525 524 523 522 521 520 519 518 517 516 526 525 524 523 522 521 519 518 517 516 515 514 512 511 510 509 507 506 506 506 506
944 944 943 943 943 942 942 941 941 940 940 939 939 938 938 937 937 694 694 693 693 692 692 691 691 690 690 689 688 688 687 549 548 547 547 546 546 545 544 544 543 542 542 541 540 539 539 538 537 537 536 535 534 533 533 532 531 530 529 528 528 527 526 525 524 523 522 521 520 519 518 517 516 526 525 524 523 522 521 520 519 518 516 515 514 513 512 510 509 508 506 506 506 506
944 944 944 943 943 942 942 941 941 941 940 940 939 939 938 938 695 695 694 694 693 693 692 692 691 690 690 689 689 688 688 549 548 548 547 546 546 545 545 544 543 543 542 541 540 540 539 538 538 537 536 535 535 534 533 532 531 531 530 529 528 527 526 525 524 524 523 522 521 520 519 518 517 527 526 525 524 522 521 520 519 518 517 516 514 513 512 511 509 508 507 506 506 506
945 944 944 943 943 943 942 942 941 941 940 940 939 939 938 696 695 695 694 694 693 693 692 692 691 691 690 690 689 688 688 549 549 548 547 547 546 546 545 544 544 543 542 541 541 540 539 539 538 537 536 536 535 534 533 532 532 531 530 529 528 527 527 526 525 524 523 522 521 520 519 518 517 527 526 525 524 523 522 521 520 518 517 516 515 514 512 511 510 508 507 506 506 506
945 945 944 944 943 943 942 942 942 941 941 940 940 939 939 696 696 695 695 694 694 693 693 692 692 691 690 690 689 689 688 550 549 548 548 547 546 546 545 544 544 543 542 542 541 540 540 539 538 537 537 536 535 534 534 533 532 531 530 529 529 528 527 526 525 524 523 522 521 520 519 518 517 527 526 525 524 523 522 521 520 519 518 516 515 514 513 511 510 509 508 506 506 506
