testData/tiles/oneDegreeCosts/grid14.0-23.0-15.0-24.0.asc
ncols   200
nrows   200
xllcorner   14.0
yllcorner   23.0
cellsize   0.005
NODATA_value   -9999.0
[rows 0 to 41 of 200, columns 94 to 187 of 200]
397 398 398 399 399 400 400 445 446 446 454 461 469 475 481 486 492 496 501 505 510 513 518 521 525 528 532 534 538 521 525 527 530 533 536 538 541 543 544 547 549 552 553 556 557 560 561 563 565 566 569 570 571 573 574 576 577 579 580 581 583 584 452 453 453 455 456 456 458 459 460 461 461 463 463 464 465 465 466 467 467 468 469 610 611 611 611 612 612 612 613 613 613 614
397 397 398 399 399 400 400 401 445 446 449 458 465 472 479 484 490 494 499 503 508 512 516 519 523 526 530 533 536 520 522 526 528 531 533 536 538 541 543 546 548 551 552 554 556 558 560 562 564 565 567 569 570 572 573 575 576 577 579 580 448 449 450 452 452 453 455 455 457 458 458 460 460 461 462 463 464 464 465 466 466 467 468 468 468 469 469 610 611 611 611 612 612 612
397 397 398 398 399 399 400 401 445 446 446 455 462 470 475 482 487 492 496 501 505 510 513 518 521 525 528 531 534 519 521 524 527 530 532 535 537 540 542 544 547 548 551 553 555 557 559 561 562 564 566 568 569 570 572 573 575 576 578 445 446 448 449 450 451 452 454 454 455 457 457 459 459 460 461 462 462 463 464 464 465 466 466 467 467 468 468 468 469 469 469 470 611 611
396 397 398 398 399 399 400 400 401 445 446 450 459 467 473 479 484 490 494 500 503 508 512 516 519 523 526 530 533 517 520 523 525 528 531 533 536 538 541 543 545 547 550 551 553 556 557 559 561 563 564 566 568 569 571 572 573 441 442 444 445 446 448 449 450 451 452 453 454 456 456 457 458 459 459 461 461 462 463 463 464 465 465 466 466 466 467 467 467 468 468 468 469 469
396 397 397 398 398 399 400 400 401 445 446 446 456 463 470 476 482 487 492 497 501 505 510 513 517 520 524 527 512 515 518 521 524 526 529 532 535 537 540 541 543 546 548 550 552 554 556 558 560 561 563 565 567 568 569 437 438 440 441 442 444 445 447 448 448 450 451 452 453 454 455 456 456 458 458 460 460 460 462 462 462 464 464 464 465 465 465 466 466 467 467 467 467 468
396 396 397 398 398 399 399 400 400 401 445 446 452 460 467 473 480 485 490 494 500 503 508 511 516 519 523 526 510 513 517 519 523 525 527 530 532 535 537 540 542 545 546 549 551 552 555 556 558 560 562 563 565 433 434 436 437 438 440 441 443 444 445 447 447 449 450 450 452 453 454 455 455 457 457 458 459 459 460 461 461 463 463 463 464 464 464 465 465 466 466 466 466 467
396 396 397 397 398 398 399 400 400 401 445 446 447 456 463 471 476 482 487 492 497 501 505 510 513 517 520 524 508 512 514 518 520 523 526 529 531 534 536 539 541 542 545 547 549 551 553 555 556 559 560 562 429 432 433 434 436 437 439 440 441 443 444 445 446 447 449 449 451 452 452 454 454 455 456 457 458 458 459 460 460 461 462 462 462 463 463 463 464 465 464 465 465 465
395 396 397 397 398 398 399 399 400 400 445 446 446 453 460 468 474 480 485 490 494 499 503 508 511 515 519 522 506 510 513 516 519 522 524 526 530 532 535 537 539 541 544 546 548 550 551 554 555 423 425 427 428 430 432 433 435 436 437 439 440 442 443 443 445 446 448 448 449 451 451 452 453 454 455 456 456 457 458 458 459 460 460 461 461 461 462 462 463 463 463 464 464 464
395 396 396 397 397 398 399 399 400 400 401 445 446 448 457 464 471 476 482 487 492 496 501 505 509 513 517 501 505 507 511 514 517 520 523 525 528 530 533 535 538 540 542 544 546 548 550 418 420 421 424 425 427 428 431 432 433 435 436 438 439 440 441 442 444 445 446 447 448 449 450 451 452 453 453 455 455 455 457 457 458 459 459 460 460 460 461 461 461 462 462 462 463 463
395 395 396 397 397 398 398 399 399 400 400 445 446 446 453 461 468 474 480 485 490 494 499 503 507 511 515 499 503 506 510 512 516 518 521 524 526 529 531 534 536 538 540 543 545 413 415 416 419 420 422 424 426 427 428 430 432 434 435 436 438 438 440 441 442 444 444 446 447 447 449 450 450 452 452 453 454 454 456 456 456 457 458 458 459 459 459 460 460 460 461 461 461 462
395 395 396 396 397 397 398 399 399 400 400 401 445 446 448 457 464 471 476 482 487 492 496 501 505 509 512 497 500 504 507 511 513 516 519 522 524 527 529 532 534 537 405 407 409 411 413 415 417 419 420 422 424 426 427 429 430 431 433 434 436 437 438 440 441 443 443 444 446 446 447 448 449 450 451 451 453 453 454 455 455 455 457 457 458 458 458 459 459 459 460 460 460 461
394 395 396 396 397 397 398 398 399 399 400 400 445 446 446 454 461 468 474 480 484 490 494 499 503 507 491 496 499 502 505 509 511 515 517 521 523 525 528 530 399 401 404 405 408 410 411 414 415 418 419 421 423 424 426 427 429 430 432 433 434 436 437 439 440 440 442 443 444 445 446 447 448 448 450 450 451 452 452 454 454 454 456 456 456 457 457 457 458 458 458 459 459 459
394 395 395 396 396 397 397 398 399 399 400 400 401 445 446 449 457 464 471 476 482 486 492 496 500 504 489 493 497 500 504 506 510 512 516 518 387 389 393 395 397 399 401 404 406 408 410 412 414 416 418 419 421 423 425 426 427 429 430 432 433 435 436 437 439 439 440 442 442 444 445 445 447 447 448 449 450 451 451 452 453 453 453 455 455 455 456 456 456 457 457 457 458 458
394 394 395 396 396 397 397 398 398 399 399 400 401 445 446 446 453 461 468 473 479 484 489 494 498 502 487 491 495 498 502 505 508 377 380 382 386 388 390 393 395 398 400 403 404 407 408 410 413 414 416 418 420 421 422 425 426 428 429 430 432 433 435 436 436 438 439 441 441 442 444 444 446 446 447 448 448 449 450 451 451 452 452 452 454 454 455 455 455 456 456 456 457 457
260 260 261 395 396 396 397 398 398 399 399 400 400 401 445 446 448 457 464 470 476 482 486 491 495 500 484 489 358 362 365 369 371 375 378 381 383 386 389 392 394 396 398 400 403 405 407 409 411 413 414 416 418 420 421 423 425 426 428 429 431 432 432 434 435 437 438 438 440 441 442 443 443 445 445 446 447 448 448 449 450 451 451 451 453 453 453 454 454 454 455 455 455 456
259 260 260 261 262 262 263 263 264 264 265 265 266 267 311 312 312 319 326 333 339 345 350 355 359 345 348 353 356 360 363 367 370 373 376 379 382 384 387 389 392 394 397 399 401 403 406 407 409 411 413 415 416 419 420 421 423 424 426 427 428 430 431 433 434 435 436 437 439 440 440 442 442 443 444 445 446 447 447 448 449 449 450 450 450 452 452 452 453 453 453 454 454 454
259 260 260 261 261 262 262 263 264 264 265 265 266 266 267 311 312 314 323 329 336 341 347 351 357 342 346 350 354 357 361 364 368 371 374 377 380 382 385 388 391 392 394 397 399 402 403 406 407 410 411 413 415 416 419 420 422 423 424 426 427 429 430 431 433 434 435 436 437 438 439 440 441 442 443 444 444 445 446 446 447 448 448 449 449 450 450 451 452 452 452 453 452 452
259 259 260 260 261 262 262 263 263 264 264 265 265 266 267 311 312 312 319 326 333 338 344 349 354 339 344 348 352 355 359 362 366 369 372 375 378 381 383 386 388 391 393 396 397 400 402 403 406 408 410 411 414 415 416 418 420 422 423 425 426 427 429 430 431 432 433 435 435 436 438 438 440 440 441 442 443 443 445 445 446 446 447 448 448 448 449 449 449 450 450 450 451 451
258 259 260 260 261 261 262 262 263 264 264 265 265 266 266 267 311 312 314 322 329 335 341 346 332 337 341 345 349 353 356 360 363 367 370 373 376 379 381 384 386 389 391 393 396 398 400 402 405 406 409 410 411 414 415 417 418 419 422 423 425 426 426 428 429 431 432 433 434 435 437 437 438 439 440 440 442 442 443 444 444 445 445 446 447 447 447 448 448 448 449 449 449 450
258 259 259 260 260 261 262 262 263 263 264 264 265 265 266 267 311 312 312 318 325 332 338 344 329 334 338 343 347 351 354 358 361 365 368 371 374 376 379 382 385 387 390 392 394 396 399 401 402 405 406 409 410 412 414 415 417 418 420 421 422 424 425 427 428 429 430 431 433 434 434 436 436 437 438 439 440 441 441 442 443 443 444 444 445 446 446 446 447 447 448 448 448 449
258 258 259 260 260 261 261 262 262 263 264 264 265 265 266 266 267 311 312 313 321 328 334 340 326 331 336 340 345 348 352 355 359 362 366 369 372 374 378 380 383 385 387 390 392 395 396 399 401 403 405 406 409 410 412 413 416 417 418 420 421 423 424 425 427 427 429 430 431 432 433 434 435 436 437 438 438 439 440 440 442 442 443 443 443 445 445 445 446 446 446 447 447 447
258 258 259 259 260 260 261 262 262 263 263 264 264 265 265 266 266 311 312 312 317 324 331 318 324 328 333 337 342 346 350 353 357 360 364 367 369 373 375 378 380 383 385 388 390 393 395 397 399 401 403 405 407 408 410 412 413 415 416 419 420 421 422 423 425 426 427 429 429 430 432 432 434 434 435 436 437 437 439 439 440 441 441 442 442 442 443 443 444 445 445 444 445 445
257 258 258 259 260 260 261 261 262 262 263 264 264 265 265 266 266 267 311 312 312 320 327 314 320 325 330 335 339 343 347 351 354 358 361 365 367 371 373 376 379 382 384 386 389 391 393 395 398 399 401 403 405 407 408 411 412 413 415 416 418 419 420 422 423 425 426 426 428 429 430 431 432 433 434 434 436 436 437 438 438 439 439 440 441 441 441 442 442 442 443 443 443 444
257 258 258 259 259 260 260 261 262 262 263 263 264 264 265 265 266 266 311 312 312 316 323 311 317 323 327 332 336 341 345 349 352 356 359 362 365 368 371 374 377 379 382 384 387 389 391 393 395 398 399 402 403 405 407 408 410 411 414 415 416 418 419 421 422 422 424 425 427 427 428 430 430 431 432 433 434 435 435 436 437 437 438 438 439 440 440 441 441 441 442 442 442 443
257 257 258 258 259 260 260 261 261 262 262 263 263 264 265 265 266 266 267 311 312 312 300 306 313 318 324 329 334 338 342 346 350 353 357 360 363 366 369 372 375 377 379 382 384 387 389 392 393 396 398 399 402 403 405 407 409 410 411 413 414 416 417 418 420 421 423 424 424 426 427 427 429 429 431 431 432 433 434 434 435 436 437 437 437 438 439 439 440 440 440 441 441 440
256 257 258 258 259 259 260 260 261 262 262 263 263 264 264 265 265 266 266 267 311 312 294 303 310 315 321 326 331 335 339 343 347 351 354 358 360 364 367 370 372 375 378 381 383 386 387 389 392 393 396 398 400 401 403 405 406 409 410 411 413 414 416 417 419 420 420 422 423 424 425 426 428 428 429 430 431 431 432 433 434 434 435 436 436 436 437 437 437 438 438 438 439 439
256 257 257 258 258 259 260 260 261 261 262 262 263 263 264 265 265 266 266 267 311 312 293 298 305 312 317 323 327 332 336 341 344 349 352 356 358 362 365 368 370 373 376 378 381 383 386 387 390 392 393 396 397 400 401 404 405 406 408 409 411 412 413 415 416 418 419 420 422 422 424 425 425 427 427 428 429 430 431 431 432 433 433 433 435 435 435 436 436 436 437 437 437 438
256 256 257 258 258 259 259 260 260 261 261 262 263 263 264 264 265 265 266 266 267 292 293 293 301 307 314 319 324 329 334 337 342 345 349 352 356 359 363 365 368 371 374 376 379 381 383 386 387 390 392 394 396 397 400 401 403 404 407 408 409 411 412 414 415 416 418 418 420 421 421 423 424 424 426 426 428 428 429 430 430 431 432 432 432 433 433 435 435 435 436 436 435 436
255 256 257 257 258 258 259 260 260 261 261 262 262 263 263 264 264 265 266 266 267 292 293 293 296 303 310 315 321 326 331 335 339 343 347 350 354 357 359 363 365 369 371 374 376 379 381 384 386 387 390 392 394 396 398 399 401 403 404 406 407 409 410 411 413 414 416 417 418 419 420 421 422 423 424 425 425 427 427 428 429 429 430 431 431 432 432 432 433 433 433 434 434 434
255 256 256 257 257 258 259 259 260 260 261 261 262 263 263 264 264 265 265 266 266 248 292 293 293 299 305 312 317 323 327 332 336 340 344 348 351 355 357 361 363 367 369 372 374 376 379 381 384 386 388 390 391 394 395 398 399 401 403 404 406 407 409 410 411 413 414 415 416 417 419 419 421 421 422 423 424 424 426 426 427 428 428 429 429 430 431 431 431 432 432 432 433 433
255 255 256 257 257 258 258 259 259 260 261 261 262 262 263 263 264 264 265 265 247 248 248 293 293 294 301 308 314 320 324 329 333 338 341 344 348 351 355 358 361 364 367 369 372 374 377 379 381 384 386 388 390 392 394 395 397 399 401 402 404 405 406 408 409 411 412 413 415 415 417 418 418 420 420 421 422 423 424 425 425 426 427 427 428 428 428 429 429 429 430 430 430 431
254 255 256 256 257 257 258 259 259 260 260 261 261 262 262 263 264 264 265 265 247 247 248 292 293 293 297 303 310 315 321 325 330 334 339 342 346 349 353 356 359 362 364 367 369 372 374 377 379 382 384 385 388 389 392 393 396 397 398 400 402 404 405 407 408 409 410 411 412 414 415 416 417 417 419 420 421 421 422 423 424 424 425 425 426 427 427 428 428 428 429 429 429 430
254 255 255 256 257 257 258 258 259 259 260 261 261 262 262 263 263 264 264 265 246 247 247 248 292 293 293 299 305 312 317 322 326 331 335 339 343 347 349 353 356 359 362 365 367 371 373 374 377 379 382 384 386 388 390 392 393 395 397 399 400 401 403 404 406 407 408 410 411 412 413 414 415 416 417 418 418 420 420 421 422 422 423 424 424 425 425 425 426 426 426 427 427 427
254 254 255 256 256 257 257 258 259 259 260 260 261 261 262 262 263 263 264 246 246 247 247 248 248 293 293 294 301 308 313 319 323 328 332 337 340 344 347 351 354 356 360 362 365 367 371 373 375 377 379 382 383 386 387 390 391 393 395 396 398 399 401 402 403 405 406 408 409 410 411 412 413 414 415 416 417 417 419 419 420 421 421 422 423 423 424 424 424 425 425 425 426 426
254 254 255 255 256 256 257 258 258 259 259 260 260 261 262 262 263 263 264 245 246 246 247 247 248 292 293 293 296 303 309 314 320 324 329 333 337 341 345 348 351 354 357 360 363 365 367 371 372 375 377 380 381 384 386 387 389 391 393 394 396 398 399 401 402 403 405 406 407 408 409 411 411 413 413 414 415 416 416 418 418 419 420 420 421 421 421 422 422 422 423 423 423 424
253 254 254 255 256 256 257 257 258 258 259 260 260 261 261 262 262 263 263 245 245 246 247 247 248 248 293 293 294 298 305 311 317 321 326 330 333 338 341 345 348 352 354 358 360 363 365 368 370 372 375 377 380 381 384 385 387 389 390 393 394 396 397 398 400 401 403 404 405 406 407 409 410 410 412 412 413 414 415 416 416 417 418 418 418 420 420 420 421 421 421 422 422 423
253 253 254 255 255 256 256 257 258 258 259 259 260 260 261 261 262 263 244 245 245 246 246 247 247 248 248 293 293 294 300 307 312 318 322 327 331 335 338 342 345 349 352 354 358 360 363 365 368 370 373 375 377 379 381 383 385 387 389 390 392 393 395 396 398 399 400 402 403 405 406 406 408 409 409 411 411 413 413 413 415 415 415 417 417 417 418 418 419 419 419 420 420 420
252 253 254 254 255 255 256 257 257 258 258 259 259 260 261 261 262 262 244 244 245 245 246 246 247 247 248 292 293 293 295 301 308 313 318 323 328 331 336 339 343 346 349 352 355 358 361 363 365 368 370 373 375 377 379 380 383 384 387 388 390 391 393 395 396 398 399 399 401 402 404 405 405 407 407 409 410 410 411 412 412 413 414 414 415 415 417 417 417 418 418 418 419 418
252 253 253 254 255 255 256 256 257 257 258 259 259 260 260 261 261 262 243 244 245 245 246 246 247 247 248 248 293 293 294 297 304 309 315 319 324 328 333 336 339 343 346 349 352 355 358 361 363 366 368 370 373 374 377 378 381 382 384 386 387 390 391 393 394 395 397 398 400 400 401 403 404 404 406 406 408 408 409 410 411 411 412 412 414 414 414 415 415 415 416 416 416 417
252 252 253 254 254 255 255 256 257 257 258 258 259 259 260 260 261 243 243 244 244 245 245 246 246 247 247 248 248 293 293 294 298 305 310 316 320 325 329 333 336 340 343 347 350 352 355 358 361 363 366 368 370 372 374 376 378 380 382 384 385 387 389 390 392 393 394 396 397 399 399 400 402 402 404 405 405 407 407 407 409 409 410 411 411 412 412 412 413 413 413 414 414 414
251 252 253 253 254 254 255 256 256 257 257 258 258 259 260 260 261 242 243 243 244 244 245 245 246 246 247 248 248 293 293 294 294 300 306 311 316 321 325 329 333 337 340 343 347 350 353 355 358 361 363 365 367 370 372 374 376 377 380 381 383 385 387 388 389 391 392 394 395 396 398 398 400 401 401 403 403 404 405 406 407 407 408 409 409 409 410 411 411 412 412 412 412 412
251 252 252 253 254 254 255 255 256 256 257 258 258 259 259 260 260 242 242 243 244 244 245 245 246 246 247 247 248 248 293 293 294 294 301 307 313 317 322 326 330 334 337 341 343 347 349 353 355 358 360 363 365 367 370 371 374 375 378 379 380 383 384 386 387 388 390 391 393 394 395 396 397 399 399 400 402 402 404 404 404 406 406 406 407 408 408 409 409 409 410 410 411 411
