testData/tiles/oneDegreeCosts/grid19.0-23.0-20.0-24.0.asc
ncols   200
nrows   200
xllcorner   19.0
yllcorner   23.0
cellsize   0.005
NODATA_value   -9999.0
[rows 84 to 125 of 200, columns 94 to 187 of 200]
362 361 361 323 324 324 324 324 323 323 323 322 322 323 323 322 322 322 321 321 321 320 320 320 320 320 320 319 319 319 318 318 318 317 317 317 316 316 316 315 315 315 315 315 315 314 314 314 313 313 313 311 311 310 310 310 309 309 309 308 308 308 307 307 306 305 305 304 304 304 303 303 303 301 301 300 300 300 299 299 299 297 297 296 296 296 295 295 293 293 293 292 292 292
324 324 323 323 324 324 323 323 323 322 322 322 322 322 323 323 322 322 322 321 321 321 320 320 320 320 320 320 319 319 319 318 318 318 317 317 317 316 316 316 315 315 315 314 314 314 313 313 313 312 312 312 311 311 310 310 310 309 309 308 307 307 307 306 306 305 305 305 304 304 303 302 302 301 301 301 300 300 299 298 298 297 297 297 296 296 295 294 294 293 293 293 291 291
323 323 323 324 324 324 324 323 323 323 322 322 322 323 322 322 322 321 321 321 320 320 320 319 319 320 319 319 319 318 318 318 317 317 317 316 316 316 315 315 315 314 314 315 314 314 314 313 313 313 312 312 311 311 310 309 309 309 308 308 308 307 307 306 306 306 304 304 304 303 303 302 302 302 301 300 300 299 299 298 298 298 297 296 296 295 295 294 294 294 292 292 291 291
324 323 323 323 324 323 323 323 322 322 323 323 322 322 323 322 322 322 321 321 321 320 320 320 319 319 320 319 319 319 318 318 318 317 317 317 316 316 316 315 315 315 314 314 315 314 314 313 312 312 311 311 311 310 310 310 309 309 309 308 308 307 306 306 305 305 305 304 304 304 303 303 301 301 301 300 300 299 299 299 297 297 297 296 296 295 295 294 293 293 292 292 292 291
324 324 324 323 323 324 323 323 323 322 322 322 322 322 322 322 321 321 321 320 320 321 320 320 320 319 320 320 319 319 319 318 318 318 317 317 316 315 315 315 314 314 314 314 314 314 313 313 312 312 312 311 311 311 310 310 310 308 308 307 307 307 306 306 306 305 305 305 303 303 302 302 302 301 301 301 300 299 298 298 298 297 297 296 296 295 294 294 294 293 293 291 291 291
324 323 323 323 323 323 324 323 323 323 323 322 322 322 322 322 322 321 321 321 320 320 320 319 319 319 319 319 319 318 318 318 317 317 317 316 316 316 315 315 315 314 314 314 313 314 313 313 313 312 312 311 310 310 310 309 309 309 308 308 307 307 307 306 305 305 304 304 303 303 303 302 302 302 300 300 299 299 299 298 298 297 296 296 295 295 295 294 294 292 292 292 291 291
324 324 323 323 323 323 323 323 322 322 322 322 321 321 322 322 322 322 321 321 321 320 320 320 319 319 319 319 319 319 318 318 318 317 317 317 316 316 316 315 315 315 314 313 313 313 313 312 312 312 311 311 311 310 310 310 309 309 308 308 307 306 306 306 305 305 304 304 304 303 302 302 301 301 300 300 300 299 299 298 297 297 296 296 296 295 294 293 293 293 292 292 291 290
323 323 323 323 323 324 323 323 323 323 322 322 322 321 321 322 321 321 321 320 320 320 319 319 319 318 318 319 318 318 318 317 317 317 316 316 316 315 315 315 314 314 314 313 313 313 313 313 312 312 312 311 311 311 309 309 308 308 308 307 307 307 306 306 305 305 304 303 303 303 302 302 301 301 301 300 299 299 298 298 297 297 297 295 295 294 294 294 293 293 291 291 291 290
324 323 323 323 322 322 323 322 322 322 323 322 322 322 321 322 322 321 321 321 320 320 320 319 319 319 318 318 319 318 318 318 317 317 317 316 316 316 315 315 315 314 314 313 313 313 312 312 312 311 311 311 310 310 309 309 309 308 308 308 307 307 305 305 305 304 304 304 303 303 302 302 301 300 300 300 299 299 298 298 298 296 296 295 295 295 294 294 293 292 292 291 291 291
324 324 323 323 323 322 323 323 323 322 322 322 321 321 321 321 321 321 320 320 320 319 319 320 319 319 319 318 319 319 318 318 318 317 316 316 315 315 315 314 314 313 313 313 312 312 312 312 312 312 311 311 310 310 310 309 309 308 307 307 307 306 306 305 305 305 304 304 303 302 302 301 301 301 300 300 299 298 298 297 297 296 296 296 295 294 294 293 293 292 292 292 290 290
323 323 323 322 322 322 323 323 323 323 322 322 322 321 321 321 321 321 321 320 320 320 319 319 319 318 318 318 318 318 318 317 317 317 316 316 316 315 315 314 314 314 313 313 313 312 312 312 312 312 311 310 310 309 309 309 308 308 308 307 307 306 306 306 304 304 304 303 303 302 302 302 301 301 299 299 299 298 298 298 297 297 295 295 295 294 294 293 293 292 291 291 290 290
324 323 323 323 322 322 322 323 322 322 322 321 321 321 321 321 322 321 321 321 320 320 320 319 319 319 318 318 318 318 318 318 317 317 317 316 316 315 315 315 314 314 313 312 312 312 311 311 311 311 311 310 310 310 309 309 309 308 308 307 306 306 305 305 305 304 304 303 303 303 302 301 300 300 300 299 299 299 298 297 296 296 296 295 295 294 294 293 292 292 291 291 291 290
323 323 323 323 323 322 322 323 323 322 322 322 321 321 321 321 321 321 320 320 320 319 319 319 318 318 318 317 317 318 317 317 317 316 316 315 315 315 314 314 314 313 313 313 312 312 312 311 311 311 311 311 310 310 309 308 308 307 307 307 306 306 306 305 305 304 304 303 302 302 302 301 301 300 300 300 298 298 297 297 297 296 296 295 294 294 293 293 292 292 292 290 290 289
323 323 323 322 322 322 322 322 322 322 322 322 322 321 321 321 320 321 321 320 320 320 319 319 319 318 318 318 317 317 318 317 317 316 316 316 315 315 315 314 314 314 313 313 313 312 311 310 310 310 310 310 310 309 309 308 308 308 307 307 307 306 305 304 304 304 303 303 303 302 302 301 301 300 299 299 298 298 298 297 297 295 295 295 294 294 294 293 293 291 291 291 290 290
324 323 323 323 322 322 322 323 322 322 322 321 321 321 320 320 320 320 320 320 319 319 319 318 318 318 317 317 318 316 317 316 316 316 315 315 315 314 314 314 313 313 313 312 312 311 311 311 310 310 310 310 310 310 309 309 308 307 307 306 306 305 305 305 304 304 304 303 303 301 301 301 300 300 299 299 299 298 297 297 296 296 295 295 295 294 293 292 292 292 291 291 290 289
323 323 322 322 322 322 322 322 323 322 322 322 321 321 321 320 320 320 320 320 320 319 319 319 318 318 318 317 317 316 316 317 316 316 316 315 315 315 314 314 314 313 313 312 312 312 311 311 311 310 309 309 309 309 308 308 308 307 307 307 306 306 305 305 304 303 303 302 302 302 301 301 301 300 299 298 298 298 297 297 296 296 296 294 294 293 293 293 292 292 290 290 290 289
323 323 323 322 322 322 322 322 322 322 321 321 321 320 320 320 320 320 321 320 320 320 319 319 319 318 318 318 317 317 316 317 317 316 316 316 315 315 315 314 314 313 312 312 311 311 311 310 310 310 309 309 309 309 309 308 308 308 307 307 305 305 305 304 304 303 303 303 302 302 302 300 300 299 299 299 298 298 297 297 296 295 295 294 294 294 293 292 291 291 291 290 290 289
323 322 322 323 323 322 322 322 322 322 322 321 321 321 320 320 320 320 320 320 319 319 319 318 318 318 317 317 316 316 316 316 316 316 315 315 315 314 314 314 313 313 312 312 312 311 311 311 310 310 309 309 309 308 308 308 307 307 306 306 306 305 305 305 304 304 303 302 302 301 301 300 300 300 299 299 297 297 297 296 296 295 295 295 294 293 292 292 292 291 291 290 289 289
322 323 322 322 322 322 321 321 321 321 321 322 321 321 321 320 320 320 319 320 320 319 319 319 318 318 317 317 317 316 316 316 316 316 316 315 315 315 314 314 313 313 313 312 312 312 310 310 309 309 309 308 308 308 308 308 307 307 307 306 306 306 304 304 303 303 303 302 302 301 301 301 300 299 298 298 298 297 297 297 296 296 294 294 294 293 293 292 292 291 290 290 289 289
322 323 323 322 322 322 322 321 321 322 321 321 321 320 320 320 319 319 319 319 319 319 318 318 317 317 317 316 316 316 315 315 316 315 315 315 314 314 313 313 313 312 312 312 311 311 311 310 310 309 309 309 308 308 307 308 308 306 306 306 305 305 304 304 304 303 303 302 302 301 300 300 300 299 299 298 298 298 296 296 295 295 295 294 294 293 292 292 291 291 290 290 290 288
322 322 322 322 322 321 321 322 321 322 322 321 321 321 320 320 320 319 319 320 319 319 318 318 318 317 317 317 316 316 316 315 315 316 315 315 314 314 314 313 313 313 312 312 312 311 311 310 310 310 308 308 308 307 307 307 307 307 306 306 305 305 305 304 304 303 302 302 301 301 301 300 300 299 299 298 297 297 296 296 296 295 295 293 293 293 292 292 291 291 291 289 289 288
322 322 322 322 322 322 321 321 321 321 321 321 320 320 320 319 319 320 319 319 319 319 319 318 318 318 317 317 317 316 316 316 315 316 315 315 315 314 314 314 312 312 312 311 311 310 310 310 309 309 309 308 308 307 307 307 306 306 306 305 305 304 304 304 303 303 302 302 302 301 301 299 299 299 298 298 297 297 297 296 295 294 294 294 293 293 292 292 291 290 290 289 289 289
322 322 322 322 322 322 322 321 321 321 321 321 321 320 320 320 319 319 318 318 319 318 318 318 317 317 317 316 316 316 315 315 315 314 315 314 314 314 313 313 313 312 312 311 311 311 310 310 310 309 309 308 308 307 306 306 306 305 305 305 305 305 304 304 303 303 303 301 301 300 300 300 299 299 298 298 298 296 296 295 295 295 294 294 293 292 292 291 291 290 290 290 288 288
322 322 322 322 322 321 321 321 320 320 321 321 321 321 320 320 319 319 319 318 319 319 318 318 318 317 317 317 316 316 316 315 315 314 315 315 314 314 314 313 313 312 312 312 311 310 310 309 309 308 308 308 307 307 307 306 306 305 305 305 305 305 303 303 303 302 302 301 301 301 300 300 299 298 298 297 297 296 296 296 295 295 293 293 293 292 292 291 291 291 289 289 288 287
322 322 322 322 322 322 321 321 321 320 321 321 320 320 319 319 319 318 318 318 318 318 318 317 317 317 316 316 316 315 315 314 314 314 314 314 314 313 313 312 312 312 311 311 311 310 310 309 309 309 308 308 308 307 307 306 306 305 304 304 304 304 304 303 303 303 302 302 301 300 300 299 299 298 298 298 297 297 296 295 295 294 294 293 293 292 292 291 290 290 289 289 288 287
321 321 321 321 321 321 321 321 321 320 320 321 320 320 320 319 319 319 318 318 318 318 318 318 317 317 317 316 316 315 315 315 314 314 314 314 314 314 313 313 312 312 312 311 311 311 310 310 309 309 308 307 307 306 306 306 305 305 305 304 304 303 303 304 303 302 301 301 301 300 300 299 299 299 298 297 296 296 296 295 295 294 294 294 292 292 291 291 290 290 289 287 287 286
322 321 321 322 321 321 321 320 320 320 320 320 320 319 319 319 318 318 318 318 318 318 318 318 318 317 317 316 316 316 315 315 315 314 314 314 314 314 312 312 312 311 311 311 310 310 309 309 309 308 308 307 307 307 306 306 306 305 305 303 303 303 302 302 302 302 302 301 301 300 300 299 298 298 297 297 297 296 296 295 295 294 293 293 292 292 292 291 290 288 288 287 287 287
321 321 321 321 322 321 321 321 320 320 320 319 320 320 319 319 319 318 318 318 317 317 318 317 317 316 316 316 315 315 315 314 314 314 313 313 313 313 313 312 312 312 311 311 310 310 310 309 309 309 308 308 307 306 306 305 305 304 304 304 303 303 302 302 302 301 301 300 300 300 299 299 298 298 298 297 297 295 295 295 294 294 293 293 293 292 290 289 289 289 288 288 287 286
321 321 321 321 321 321 320 320 320 319 319 319 320 320 320 319 319 319 318 318 318 317 318 318 317 317 316 316 316 315 315 315 314 314 313 313 313 313 313 313 312 312 311 311 311 309 309 309 308 308 307 307 307 306 306 305 305 305 304 304 303 303 302 301 301 300 300 300 300 300 299 299 299 297 297 296 296 296 295 295 294 294 293 292 291 290 290 290 289 289 287 287 286 286
321 321 321 321 321 321 321 320 320 320 319 319 320 319 319 319 318 318 318 317 317 317 317 317 316 316 316 315 315 315 314 314 313 313 313 312 312 312 312 312 311 311 311 310 310 310 309 309 308 308 308 307 307 306 306 306 304 304 303 303 303 302 302 302 301 301 300 300 300 298 298 297 297 297 297 297 296 296 295 293 293 292 292 291 291 291 290 289 288 288 288 287 287 286
321 321 320 320 321 320 320 320 320 320 320 319 319 320 319 319 319 318 318 318 317 317 317 317 317 316 316 316 315 315 315 314 314 313 313 313 312 312 313 312 312 311 311 311 310 310 309 309 309 307 307 306 306 306 305 305 305 304 304 303 303 303 302 302 301 300 300 299 299 298 298 298 297 297 296 295 294 294 294 293 293 292 292 292 290 290 289 289 289 288 288 287 286 285
321 321 321 320 320 321 320 320 320 319 319 319 319 319 319 318 318 318 317 317 317 317 317 316 317 317 316 316 316 315 315 314 314 314 313 313 313 311 311 311 311 311 310 310 309 309 309 308 308 308 307 307 306 306 306 305 305 304 304 303 302 302 301 301 301 300 300 299 299 299 298 297 296 296 296 295 295 294 294 293 293 292 291 291 290 290 290 289 289 287 287 287 286 286
321 320 320 320 320 321 321 320 320 320 319 319 319 319 319 319 318 318 317 317 317 316 316 316 316 316 316 315 315 314 314 314 313 313 313 312 312 311 311 311 311 311 310 310 310 309 309 309 308 308 307 307 307 305 305 304 304 304 303 303 302 302 302 301 301 300 300 299 298 298 297 297 297 296 296 295 295 294 293 293 292 292 291 291 291 290 289 288 288 288 287 287 286 286
321 321 320 320 320 320 320 320 319 319 319 318 318 319 319 319 318 318 318 317 317 317 316 316 316 316 316 315 315 315 314 314 314 313 313 312 312 312 311 311 312 311 311 310 309 309 308 308 307 307 307 306 306 305 305 305 304 304 303 303 303 302 301 300 300 300 299 299 298 298 298 297 297 296 295 295 294 294 293 293 293 292 292 290 290 289 289 289 288 288 287 286 286 285
321 321 321 320 320 320 320 320 320 319 319 319 318 318 319 318 318 317 317 317 316 316 316 315 315 315 315 315 314 314 314 313 313 312 312 312 311 311 311 310 310 310 310 310 309 309 308 308 308 307 307 306 306 306 305 305 303 303 303 302 302 301 301 301 300 300 299 299 299 297 297 296 296 296 295 295 294 294 294 292 292 291 291 290 290 290 289 289 287 287 287 286 286 285
321 320 320 320 319 319 320 320 320 320 319 319 319 318 319 318 318 318 317 317 317 316 316 316 315 316 315 315 315 314 314 313 313 313 312 312 312 311 311 310 310 311 310 310 309 309 309 308 308 307 306 306 305 305 305 304 304 303 303 303 302 302 301 301 300 299 299 298 298 297 297 297 296 296 295 295 294 293 293 292 292 292 291 291 290 289 288 288 288 287 287 286 286 285
242 321 320 320 320 319 320 320 319 319 319 318 318 318 318 318 317 317 317 316 316 316 315 316 315 315 316 315 315 315 314 314 313 313 312 311 311 310 310 310 309 309 310 309 309 308 308 308 307 307 306 306 306 305 305 304 304 304 303 302 301 301 301 300 300 299 299 298 298 298 297 297 295 295 295 294 294 293 293 293 292 291 290 290 289 289 289 288 288 287 286 286 285 285
241 241 241 240 240 241 240 320 320 319 319 318 318 318 318 318 318 317 317 317 316 316 315 315 315 315 315 315 314 314 313 313 313 312 312 311 311 311 310 310 310 309 309 309 309 309 308 308 307 307 307 306 305 304 304 304 303 303 302 302 302 301 301 300 300 300 299 298 297 297 296 296 296 295 295 294 294 294 292 292 291 291 291 290 290 289 289 287 287 287 286 286 285 285
242 241 241 241 240 240 240 240 240 239 239 239 317 317 318 317 318 318 317 317 316 316 316 315 315 315 314 315 314 314 314 313 313 313 312 312 311 311 311 310 310 309 309 308 308 308 307 307 307 306 306 305 305 305 304 304 303 303 303 302 302 301 300 300 299 299 298 298 298 297 297 296 296 295 294 294 293 293 292 292 292 291 291 289 289 288 288 288 287 287 286 285 285 284
241 242 241 241 241 240 240 240 240 240 239 239 239 238 238 238 238 238 238 316 316 315 315 315 314 314 314 314 314 313 313 313 312 312 311 311 311 310 310 309 309 309 308 308 308 308 308 307 307 306 306 306 305 305 304 304 303 302 302 301 301 301 300 300 299 299 299 298 298 297 296 295 295 295 294 294 293 293 293 292 291 290 290 289 289 289 288 288 286 286 286 285 285 284
241 241 241 240 240 240 239 239 239 240 240 239 239 239 238 238 239 238 238 237 237 237 236 236 235 235 314 313 314 314 313 313 312 312 312 311 311 310 310 310 309 309 308 308 308 308 308 307 306 306 305 305 304 304 304 303 303 302 302 302 301 301 300 300 300 298 298 297 297 297 296 296 295 295 294 294 293 292 292 291 291 291 290 290 289 288 287 287 287 286 286 285 285 283
241 241 241 241 240 240 239 239 240 239 239 239 238 238 238 237 237 237 237 237 236 236 236 235 235 234 234 234 235 234 233 233 233 232 232 232 310 310 309 309 309 308 308 307 307 307 307 307 306 306 306 305 305 304 304 303 303 303 302 301 300 300 300 299 299 298 298 298 297 297 296 296 294 294 294 293 293 292 292 292 291 291 289 289 288 229 229 229 229 229 229 229 229 229
