testData/tiles/oneDegreeCosts/grid23.0-43.0-24.0-44.0.asc
ncols   200
nrows   200
xllcorner   23.0
yllcorner   43.0
cellsize   0.005
NODATA_value   -9999.0
[rows 42 to 83 of 200, columns 0 to 93 of 200]
704 704 704 704 704 704 704 704 704 704 704 704 704 704 704 704 704 793 794 794 794 794 793 793 792 792 792 792 791 791 791 790 790 789 723 722 722 720 720 720 720 720 719 718 718 718 717 716 716 715 714 714 714 713 712 711 710 710 710 710 707 707 707 706 706 704 703 703 702 700 700 699 699 698 696 696 695 694 693 692 691 690 689 687 687 686 684 683 683 681 681 680 680 678
704 704 704 704 704 704 704 704 704 704 704 704 704 704 704 704 704 793 793 792 792 793 793 792 792 791 791 791 791 791 789 789 788 788 722 721 720 720 720 720 719 719 719 718 717 717 716 716 714 714 714 713 713 713 711 710 710 710 709 708 707 706 706 706 703 703 703 702 702 700 699 699 698 696 696 695 694 692 692 692 690 689 688 687 686 685 683 683 682 681 680 680 678 678
704 704 704 704 704 704 704 704 704 704 704 704 704 704 704 704 704 792 792 792 792 792 790 790 791 791 791 791 790 788 788 788 788 787 721 720 720 720 719 719 719 719 717 717 717 716 715 714 714 714 713 713 713 710 710 710 710 709 708 707 706 706 706 704 703 703 702 702 699 699 699 698 696 696 695 695 692 692 691 690 689 688 687 686 685 683 683 682 681 680 680 678 678 677
704 704 704 704 704 704 704 704 704 704 704 704 704 704 704 704 792 792 792 792 791 790 790 790 790 790 789 789 788 788 788 787 787 787 720 720 719 719 719 719 718 717 717 717 716 715 714 714 713 713 713 713 711 710 710 709 709 708 707 706 706 705 704 704 702 702 702 700 699 699 698 697 695 695 695 694 692 691 691 690 688 688 686 686 684 683 682 681 680 680 679 678 677 677
704 704 704 704 704 704 704 704 704 704 704 704 704 704 704 704 792 791 791 791 790 790 790 789 789 789 789 788 788 787 787 787 787 786 719 719 719 719 718 718 717 717 716 716 715 715 713 713 713 713 712 711 710 710 709 709 708 707 706 706 705 704 704 702 702 702 700 700 698 698 698 696 695 695 694 692 691 691 690 688 688 687 686 684 684 682 681 680 680 679 678 677 677 675
704 704 704 704 704 704 704 704 704 704 704 704 704 704 704 704 791 791 791 790 789 789 789 789 789 789 787 787 787 787 787 787 785 719 719 719 718 718 718 717 717 716 716 715 715 713 713 713 712 712 711 710 709 709 709 708 707 707 705 705 705 703 703 702 701 700 700 698 698 698 696 695 694 694 693 691 691 690 688 688 687 687 684 684 683 682 680 680 679 678 677 677 676 675
704 704 704 704 704 704 704 704 704 704 704 704 704 704 704 704 791 790 789 789 789 789 789 789 788 787 787 787 787 786 786 785 785 719 718 718 718 718 717 716 716 716 715 714 713 713 713 712 712 711 710 709 709 709 708 707 707 705 705 705 703 703 702 701 700 700 699 698 697 696 696 694 694 693 692 691 690 689 687 687 687 684 684 683 682 680 680 679 678 677 677 676 675 674
704 704 704 704 704 704 704 704 704 704 704 704 704 704 704 790 789 789 789 789 789 788 788 788 787 787 787 786 786 786 785 785 784 718 718 718 718 716 716 716 716 714 714 713 713 712 712 712 711 710 709 709 708 708 707 706 706 705 704 703 703 702 701 701 699 699 698 697 696 696 695 694 692 692 691 690 690 688 687 686 685 684 683 683 680 680 679 679 677 677 676 675 674 674
704 704 704 704 704 704 704 704 704 704 704 704 704 704 704 789 789 789 788 788 788 788 788 787 786 786 786 786 786 785 784 784 784 718 717 717 716 716 716 714 714 714 713 712 712 712 712 710 710 709 708 708 708 707 706 706 705 704 703 703 702 701 701 699 699 699 697 696 695 695 694 693 692 692 690 690 688 687 686 686 684 683 683 681 680 679 679 677 677 676 675 674 674 672
704 704 704 704 704 704 704 704 704 704 704 704 704 704 704 788 788 788 788 788 788 787 786 786 786 786 786 785 784 784 784 784 783 717 717 716 716 715 714 714 714 712 712 712 712 711 711 710 710 708 708 708 706 706 706 704 704 703 703 702 702 700 699 699 698 698 696 695 695 695 693 692 691 691 690 688 688 686 686 684 683 683 682 680 679 679 677 677 676 675 674 674 673 671
704 704 704 704 704 704 704 704 704 704 704 704 704 704 704 787 787 788 788 787 786 786 786 786 786 785 785 784 784 784 783 783 783 717 716 715 714 714 714 713 712 712 712 711 711 711 710 709 708 708 707 706 706 706 705 704 703 702 702 702 700 699 699 698 698 697 695 695 694 693 692 691 691 689 688 688 687 686 684 684 682 682 680 679 679 677 677 676 676 674 674 673 671 671
704 704 704 704 704 704 704 704 704 704 704 704 704 704 787 786 786 786 786 786 786 786 785 785 785 785 784 783 783 783 783 783 782 715 714 714 714 713 713 712 712 711 711 711 711 709 709 708 708 707 706 706 705 705 704 702 702 702 702 701 699 698 698 698 697 695 695 694 694 692 691 691 690 688 688 687 686 684 684 683 682 680 680 678 678 676 676 675 674 673 673 671 671 670
704 704 704 704 704 704 704 704 704 704 704 704 704 704 786 786 786 786 785 784 784 785 785 785 785 783 783 783 783 783 782 782 780 714 714 713 713 713 712 711 711 711 711 710 709 709 708 707 707 706 705 705 705 705 702 702 702 701 701 699 698 698 698 697 695 695 694 694 692 691 691 690 688 687 687 687 684 684 683 682 680 680 678 678 676 676 675 674 673 673 671 671 670 669
704 704 704 704 704 704 704 704 704 704 704 704 704 704 786 786 785 784 784 784 784 784 783 783 782 782 782 782 781 781 781 780 780 713 713 713 713 711 711 711 711 710 710 709 709 707 707 707 706 705 705 705 704 702 702 701 701 701 699 698 698 697 697 696 694 694 694 692 691 690 690 690 687 687 686 686 684 683 683 680 680 679 678 676 676 675 674 673 673 672 671 670 670 668
704 704 704 704 704 704 704 704 704 704 704 704 704 704 785 785 784 784 784 783 783 783 783 782 782 781 781 781 781 781 779 779 779 713 713 712 711 711 711 710 710 710 709 708 707 707 707 705 705 705 704 704 702 702 701 701 701 699 698 698 697 697 696 694 694 693 693 692 690 690 690 688 687 686 686 683 683 683 682 680 679 679 676 676 675 675 673 673 672 671 670 670 668 668
704 704 704 704 704 704 704 704 704 704 704 704 704 785 785 784 783 783 783 783 783 783 781 781 781 781 781 781 780 779 779 779 779 712 712 711 711 710 710 710 710 708 708 707 707 706 705 705 705 704 704 703 701 701 701 700 700 699 697 697 697 695 695 694 693 693 692 690 690 689 688 687 686 686 684 683 682 682 680 679 679 676 676 675 675 673 673 672 671 670 670 668 667 667
704 704 704 704 704 704 704 704 704 704 704 704 704 784 783 783 783 783 783 782 782 781 781 781 781 780 780 780 779 779 778 778 778 712 711 710 710 710 710 709 708 708 707 706 706 705 705 704 704 704 703 701 701 701 700 700 699 697 697 697 695 695 694 693 693 691 691 690 689 688 687 686 686 684 684 682 682 680 679 679 678 676 675 675 673 673 672 671 670 670 668 667 667 665
704 704 704 704 704 704 704 704 704 704 704 704 704 783 783 783 782 782 782 782 781 781 781 780 780 780 780 779 778 778 778 778 712 710 710 710 710 709 709 708 707 706 706 706 705 704 704 704 704 703 701 701 700 700 700 698 697 697 696 695 695 694 693 693 691 691 689 689 688 687 686 685 684 684 682 682 680 680 678 678 676 675 675 673 673 672 672 670 669 669 667 667 666 665
704 704 704 704 704 704 704 704 704 704 704 704 704 781 782 782 782 782 782 781 780 780 780 780 780 778 778 778 778 778 777 777 710 710 710 709 709 709 708 706 706 706 706 704 704 704 704 703 703 701 700 700 700 699 698 698 697 696 696 694 694 693 692 691 691 690 689 688 687 687 685 684 683 683 682 680 680 678 678 676 675 674 673 672 672 671 670 669 669 667 667 666 665 664
704 704 704 704 704 704 704 704 704 704 704 704 781 781 781 781 781 780 780 780 780 780 780 779 778 778 778 778 777 777 777 776 710 709 709 709 709 706 706 706 706 705 704 704 704 703 703 703 700 700 700 700 699 698 698 696 696 696 694 694 694 692 691 691 690 689 687 687 687 686 685 683 683 681 680 680 679 678 676 676 674 674 672 672 671 670 669 669 667 667 666 665 664 663
704 704 704 704 704 704 704 704 704 704 704 704 781 780 780 780 779 779 780 780 779 779 779 778 778 777 777 777 777 777 775 775 709 709 709 707 706 706 706 705 705 704 704 703 703 703 703 700 700 700 699 699 698 697 696 696 695 694 694 693 692 691 690 690 690 688 687 686 686 685 683 683 682 681 679 679 678 676 676 675 674 672 672 671 670 669 669 667 667 666 665 664 663 662
704 704 704 704 704 704 704 704 704 704 704 704 780 780 780 779 778 778 778 778 779 779 778 777 777 777 777 777 776 775 775 775 709 707 707 706 706 705 705 705 704 703 703 703 703 702 700 700 699 699 699 698 697 697 696 695 694 694 693 692 690 690 690 689 688 687 686 686 685 683 683 682 681 679 679 678 676 676 675 674 672 672 671 670 669 669 667 667 666 664 664 663 662 661
704 704 704 704 704 704 704 704 704 704 704 704 780 779 778 778 778 778 778 778 777 776 776 776 776 776 776 775 774 774 773 773 707 707 706 705 705 705 705 703 703 703 703 702 702 700 699 699 699 699 697 697 697 695 695 694 693 693 693 690 690 690 689 689 686 686 686 685 683 682 682 682 679 679 678 678 675 675 674 672 671 671 670 669 668 668 666 666 665 664 663 663 661 660
704 704 704 704 704 704 704 704 704 704 704 704 779 778 778 778 777 777 777 777 776 776 775 775 775 775 774 774 773 773 773 773 706 705 705 705 705 704 703 703 703 702 702 702 699 699 699 699 698 697 697 696 695 695 693 693 693 692 691 690 689 689 689 686 686 685 685 684 682 682 681 680 679 678 678 675 675 674 673 671 671 670 669 668 668 666 666 665 664 663 663 661 660 659
704 704 704 704 704 704 704 704 704 704 704 779 778 777 777 777 777 777 777 775 775 775 775 775 775 773 773 773 773 773 772 771 705 705 705 704 704 703 703 702 702 702 702 699 699 699 698 698 697 696 696 695 695 693 693 693 692 692 690 689 689 688 687 686 685 685 684 682 682 681 680 678 678 678 676 675 674 673 671 671 670 669 668 668 666 666 665 664 663 662 661 660 660 658
704 704 704 704 704 704 704 704 704 704 704 777 777 777 777 777 776 776 775 775 775 775 774 774 773 773 773 772 772 772 771 771 704 704 704 704 703 702 702 702 701 701 699 699 698 698 698 697 696 696 696 694 693 693 692 692 692 689 689 689 688 687 685 685 685 683 683 682 681 680 679 678 677 676 674 674 674 672 671 670 669 668 668 666 666 665 664 663 662 661 660 660 658 657
704 704 704 704 704 704 704 704 704 704 704 776 776 776 776 776 775 775 775 774 774 774 774 773 773 772 772 772 772 771 770 770 704 704 703 702 702 702 701 701 700 699 698 698 698 698 696 696 696 695 694 693 692 692 692 691 689 689 688 688 687 686 685 685 683 683 681 681 680 679 678 677 676 675 674 673 672 670 670 669 668 668 666 665 665 663 663 662 661 660 660 658 657 657
704 704 704 704 704 704 704 704 704 704 704 775 775 775 776 775 774 774 774 774 774 774 772 772 772 772 772 771 770 770 770 704 703 703 702 702 701 701 701 700 698 698 698 698 697 696 696 695 695 694 693 692 692 692 691 689 689 688 688 686 686 685 684 683 683 682 681 679 679 678 677 676 675 674 673 672 671 670 668 668 667 667 665 665 664 663 662 661 660 659 658 657 657 655
704 704 704 704 704 704 704 704 704 704 704 775 774 774 773 773 774 774 774 773 773 772 772 772 771 771 771 770 770 769 769 703 703 702 701 701 701 700 699 698 698 698 697 697 696 695 695 695 694 692 692 692 691 691 690 688 688 688 686 686 684 684 684 682 682 681 680 679 678 677 675 675 675 673 672 671 670 668 668 667 667 665 665 664 663 662 662 660 659 658 657 657 655 654
704 704 704 704 704 704 704 704 704 704 774 774 774 773 773 772 772 772 772 773 772 771 771 771 771 771 770 769 769 769 769 702 701 701 700 700 699 699 698 698 697 697 697 695 695 695 695 693 692 692 691 691 691 689 688 688 687 686 686 685 684 684 682 682 680 680 679 678 678 675 675 674 674 671 671 671 669 668 667 667 665 665 664 663 662 661 660 659 659 657 657 655 654 654
704 704 704 704 704 704 704 704 704 704 774 773 772 772 772 772 772 772 770 770 770 770 771 771 770 769 769 769 769 768 768 700 700 699 699 699 699 698 697 697 697 696 695 695 695 694 693 692 691 691 691 690 689 688 687 687 686 685 685 684 683 682 682 681 680 678 678 677 676 675 674 674 671 671 670 670 667 667 666 665 664 664 662 662 661 660 659 659 657 656 655 654 654 652
704 704 704 704 704 704 704 704 704 704 772 772 772 772 772 771 771 770 770 770 770 769 769 769 768 768 767 767 767 767 766 699 699 699 699 698 697 697 697 696 696 695 695 694 693 693 691 691 691 691 690 689 688 687 687 686 685 685 683 683 682 681 681 680 678 678 677 677 674 674 674 672 671 670 670 667 667 666 665 664 664 662 662 661 660 659 658 657 656 656 654 654 652 651
704 704 704 704 704 704 704 704 704 704 772 771 771 771 771 771 770 770 769 769 769 769 769 767 767 767 767 767 766 765 765 699 699 698 697 697 697 696 696 696 695 694 694 693 692 691 691 691 690 690 689 687 687 687 685 685 685 684 683 681 681 681 680 678 677 677 677 674 674 673 672 670 670 670 668 667 666 665 664 664 662 662 661 659 659 658 657 656 656 654 653 652 651 651
704 704 704 704 704 704 704 704 704 704 770 771 771 771 770 769 769 769 769 769 768 767 767 767 767 767 766 766 765 765 764 698 698 697 697 696 696 696 696 694 694 694 692 692 691 691 690 690 690 688 688 687 686 685 685 684 684 683 681 681 680 680 678 677 677 676 675 674 673 673 671 670 669 668 666 666 664 664 663 662 661 661 659 659 658 657 656 655 654 653 652 651 650 649
704 704 704 704 704 704 704 704 704 704 769 769 769 770 769 769 769 768 768 768 767 767 767 766 766 766 765 765 764 764 764 698 696 696 696 696 695 695 694 694 692 692 692 691 690 690 690 689 688 688 686 686 685 684 684 684 682 681 681 680 680 677 677 677 676 675 673 673 673 671 670 669 668 667 666 664 664 663 663 661 661 660 659 658 657 656 655 654 653 653 651 650 649 648
704 704 704 704 704 704 704 704 704 704 769 769 768 768 767 768 768 768 768 767 766 766 766 766 766 764 764 764 764 764 697 696 696 696 695 695 695 694 692 692 692 692 690 690 690 689 689 688 687 686 686 684 684 684 683 682 681 680 680 680 678 677 676 676 675 673 673 672 671 670 669 668 667 666 665 664 663 663 661 661 660 658 658 657 656 655 654 653 652 651 650 649 648 646
704 704 704 704 704 704 704 704 704 768 768 767 767 767 767 767 766 767 766 766 766 766 765 765 764 764 764 763 763 763 696 696 695 695 695 695 692 692 692 692 691 690 690 689 689 689 687 687 686 686 684 684 684 683 683 680 680 680 679 678 677 676 676 674 674 673 672 671 670 669 667 667 666 665 663 663 662 661 660 660 658 658 657 656 655 654 653 652 651 650 648 648 647 645
704 704 704 704 704 704 704 704 704 768 767 767 767 766 766 766 766 765 765 764 765 765 765 764 763 763 763 763 763 761 695 695 695 693 693 692 692 691 691 691 690 689 689 689 688 687 686 686 685 684 684 683 683 683 680 680 679 679 678 676 676 676 674 674 672 672 670 670 669 667 667 666 665 663 663 662 661 660 660 658 658 657 656 655 654 653 652 651 650 648 648 647 645 645
704 704 704 704 704 704 704 704 704 766 766 766 766 766 766 764 764 764 764 764 764 763 762 762 762 763 762 762 760 760 694 693 693 692 692 691 691 691 691 689 689 689 688 688 687 686 685 685 684 683 683 683 682 680 680 679 679 677 677 676 675 674 673 673 672 670 670 669 667 666 666 665 663 663 662 661 660 659 658 657 657 655 655 654 653 652 650 650 649 648 647 645 645 643
704 704 704 704 704 704 704 704 704 766 766 766 765 765 764 764 764 764 763 763 763 762 762 761 761 761 761 760 759 759 693 693 692 691 691 691 691 690 689 689 688 688 688 687 685 685 685 683 683 683 682 682 680 679 679 679 677 677 675 675 674 673 673 671 670 670 669 668 666 666 665 663 662 662 660 660 659 658 657 657 655 655 654 652 652 650 650 649 647 647 645 644 643 642
704 704 704 704 704 704 704 704 704 764 764 765 765 764 763 763 763 763 763 762 761 761 761 761 761 759 759 759 759 759 692 691 691 691 690 690 690 689 688 688 688 688 685 685 685 684 683 683 682 682 682 679 679 679 678 677 677 675 675 673 673 673 671 670 669 669 668 666 666 665 664 662 662 660 660 659 658 657 657 655 654 654 652 652 650 650 649 647 647 645 644 643 642 640
704 704 704 704 704 704 704 704 704 764 763 763 763 763 763 763 763 762 761 761 761 761 760 760 759 759 759 758 758 758 691 691 690 690 690 689 688 688 688 687 687 685 685 684 684 683 682 682 682 681 679 679 678 678 677 676 675 674 673 673 672 672 669 669 669 668 666 665 665 663 662 661 660 659 659 657 657 656 655 654 654 652 652 651 649 649 647 646 645 644 643 642 640 639
