testData/tiles/oneDegreeCosts/grid47.0-37.0-48.0-38.0.asc
ncols   200
nrows   200
xllcorner   47.0
yllcorner   37.0
cellsize   0.005
NODATA_value   -9999.0
[rows 84 to 125 of 200, columns 94 to 187 of 200]
351 351 351 349 349 349 349 348 348 348 348 347 347 347 347 208 208 208 207 207 207 206 205 205 204 204 204 203 203 202 202 201 201 201 200 200 199 199 198 198 197 196 195 195 194 194 193 192 192 191 191 190 189 189 188 188 187 186 186 185 183 182 182 181 180 179 179 178 177 176 175 175 174 173 172 171 170 169 167 167 166 165 164 163 162 161 160 159 158 157 156 155 154 153
352 351 351 351 350 350 349 349 349 349 348 348 348 348 347 347 347 208 208 208 207 207 207 205 205 205 204 204 203 203 203 202 202 201 201 200 200 199 199 198 198 196 196 195 195 194 194 193 193 192 191 191 190 190 189 188 188 187 186 186 184 183 182 182 181 180 179 179 178 177 176 175 175 174 173 172 171 170 169 167 166 165 164 163 162 162 161 160 159 158 157 156 155 154
352 352 352 352 350 350 350 350 350 349 349 349 348 348 348 348 347 347 347 208 208 208 207 206 206 205 205 204 204 204 203 203 202 202 202 201 201 200 200 199 199 198 197 196 196 195 194 194 193 193 192 192 191 190 190 189 188 188 187 186 185 184 183 182 182 181 180 179 179 178 177 176 175 175 174 173 172 171 170 168 167 166 165 164 163 163 162 161 160 159 158 157 156 154
353 353 353 352 351 351 351 350 350 350 350 349 349 349 349 348 348 348 347 347 347 346 208 207 206 206 206 205 205 204 204 204 203 203 202 202 201 201 200 200 199 199 197 197 196 196 195 195 194 193 193 192 192 191 190 190 189 188 188 187 186 185 184 183 183 182 181 180 179 179 178 177 176 175 174 174 173 172 171 169 168 167 166 165 165 164 163 162 161 160 159 158 157 156
373 353 353 353 353 352 351 351 351 351 350 350 350 350 349 349 349 348 348 348 347 347 347 345 207 207 206 206 205 205 205 204 204 203 203 202 202 201 201 201 200 200 198 197 197 196 196 195 195 194 194 193 192 192 191 190 190 189 188 188 187 185 185 184 183 183 182 181 180 179 179 178 177 176 175 174 174 173 172 170 169 168 167 167 166 165 164 163 162 161 160 159 158 157
373 354 354 354 353 352 352 352 351 351 351 351 350 350 350 350 349 349 349 348 348 348 347 347 346 345 207 206 206 206 205 205 204 204 204 203 203 202 202 201 201 200 199 198 198 197 197 196 195 195 194 194 193 192 192 191 191 190 189 189 188 186 185 185 184 183 182 182 181 180 179 179 178 177 176 175 174 173 172 171 170 169 168 168 167 166 165 164 163 162 160 159 159 158
374 355 354 354 354 353 353 352 352 352 352 351 351 351 351 350 350 350 349 349 349 348 348 348 346 346 345 345 207 206 206 205 205 205 204 204 203 203 202 202 201 201 200 199 198 198 197 197 196 196 195 194 194 193 193 192 191 191 190 189 189 187 186 185 185 184 183 182 182 181 180 179 178 178 177 176 175 174 173 172 170 169 170 169 168 167 166 165 163 162 161 161 160 159
374 355 355 355 355 353 353 353 353 352 352 352 352 351 351 351 351 350 350 350 349 349 349 348 347 347 346 346 345 345 345 206 206 205 205 204 204 203 203 203 202 202 201 200 199 198 198 197 197 196 196 195 194 194 193 193 192 191 191 190 189 188 187 186 185 185 184 183 182 182 181 180 179 178 178 177 176 175 174 173 171 171 170 169 168 167 166 165 164 163 163 162 161 160
375 375 356 355 355 355 354 354 353 353 353 353 352 352 352 351 351 351 351 350 350 350 349 349 348 347 347 346 346 346 345 345 344 206 205 205 205 204 204 203 203 202 202 200 200 199 199 198 197 197 196 196 195 195 194 193 193 192 191 191 190 189 188 187 186 185 185 184 183 182 182 181 180 179 178 177 177 176 175 174 172 172 171 170 169 168 167 166 165 164 164 163 162 161
376 375 356 356 356 356 354 354 354 354 353 353 353 353 352 352 352 351 351 351 351 350 350 350 349 348 347 347 347 346 346 345 345 345 344 206 205 205 204 204 203 203 202 201 200 200 199 199 198 198 197 196 196 195 195 194 193 193 192 191 191 190 188 188 187 186 185 185 184 183 182 182 181 180 179 178 177 176 176 175 174 173 172 171 170 169 168 167 166 166 165 164 163 162
376 376 357 357 356 356 355 355 355 354 354 354 354 353 353 353 352 352 352 351 351 351 350 350 350 348 348 348 347 347 346 346 346 345 345 344 344 205 205 204 204 203 203 201 201 200 200 199 199 198 198 197 196 196 195 195 194 193 193 192 191 191 189 188 188 187 186 185 185 184 183 182 181 181 180 179 178 177 176 176 175 174 173 172 171 170 169 168 168 167 166 165 163 162
377 377 357 357 357 357 357 355 355 355 355 354 354 354 354 353 353 353 352 352 352 351 351 351 350 349 349 348 348 348 347 347 346 346 345 345 345 344 344 205 205 204 204 203 202 201 201 200 199 199 198 198 197 197 196 195 195 194 193 193 192 191 190 189 188 188 187 186 185 185 184 183 182 181 181 180 179 178 177 177 175 174 173 172 172 171 170 169 169 167 166 165 164 163
377 377 358 358 358 357 357 356 356 356 355 355 355 354 354 354 354 353 353 353 352 352 352 351 351 350 349 349 349 348 348 347 347 346 346 346 345 345 344 344 343 205 204 204 202 202 201 201 200 200 199 198 198 197 197 196 195 195 194 193 193 192 190 190 189 188 187 187 186 185 184 184 183 182 181 180 180 179 179 178 177 175 174 173 172 171 170 170 169 168 167 166 165 164
378 378 378 358 358 358 358 357 356 356 356 356 355 355 355 355 354 354 354 353 353 353 352 352 352 351 350 350 349 349 348 348 348 347 347 346 346 345 345 344 344 343 343 204 203 202 202 201 201 200 200 199 198 198 197 197 196 195 195 194 193 193 191 190 190 189 188 187 187 186 185 184 184 183 182 181 180 180 180 179 178 176 175 174 173 172 172 171 170 169 168 167 166 165
379 378 378 359 359 359 358 357 357 357 356 356 356 356 355 355 355 355 354 354 354 353 353 353 352 352 350 350 350 349 349 349 348 348 347 347 346 346 345 345 345 344 344 343 342 203 202 202 201 201 200 200 199 198 198 197 197 196 195 195 194 193 193 191 190 190 189 188 187 187 186 185 184 183 183 182 181 181 180 179 178 177 176 175 174 173 173 172 171 170 169 168 167 166
379 379 379 360 359 359 359 358 358 357 357 357 357 356 356 356 355 355 355 354 354 354 354 353 353 352 351 351 350 350 350 349 349 348 348 347 347 347 346 346 345 345 344 344 342 342 341 203 202 201 201 200 200 199 199 198 197 197 196 195 195 194 193 192 191 190 190 189 188 187 187 186 185 184 183 183 183 182 181 180 179 177 176 175 174 175 174 173 172 171 170 168 167 166
380 380 379 360 360 360 360 359 358 358 358 357 357 357 357 356 356 356 355 355 355 354 354 354 353 353 352 351 351 351 350 350 349 349 348 348 348 347 347 346 346 345 345 344 344 342 342 341 341 202 202 201 200 200 199 199 198 197 197 196 195 195 194 192 192 191 190 189 189 188 187 186 186 185 184 183 183 183 182 181 180 178 177 176 176 175 174 173 172 171 170 169 168 168
380 380 380 380 361 360 360 360 359 358 358 358 358 357 357 357 357 356 356 356 355 355 355 354 354 354 352 352 352 351 351 350 350 350 349 349 348 348 347 347 346 346 345 345 344 343 342 342 341 341 340 202 201 200 200 199 199 198 197 197 196 195 195 193 192 192 191 190 189 189 188 187 186 186 185 185 184 183 182 181 181 179 178 177 177 176 175 174 173 172 171 170 169 169
381 381 381 380 361 361 361 360 359 359 359 359 358 358 358 357 357 357 357 356 356 356 355 355 355 354 354 352 352 352 351 351 351 350 350 349 349 348 348 347 347 346 346 345 345 343 343 342 342 341 341 340 340 201 200 200 199 199 198 197 197 196 195 194 193 192 192 191 190 189 189 188 187 186 186 186 185 184 183 182 181 179 179 179 178 177 176 175 174 173 172 171 171 170
381 381 381 381 362 361 361 361 360 360 359 359 359 359 358 358 358 357 357 357 356 356 356 355 355 355 354 353 353 352 352 352 351 351 350 350 349 349 348 348 348 347 347 346 346 344 344 343 342 342 341 341 340 340 339 200 200 199 199 198 197 197 196 194 194 193 192 191 191 190 189 188 188 187 187 186 185 185 184 183 182 181 179 179 178 177 176 175 175 174 172 171 171 170
382 382 382 381 362 362 362 362 360 360 360 360 359 359 359 359 358 358 358 357 357 357 356 356 356 355 355 354 353 353 352 352 352 351 351 350 350 350 349 349 348 348 347 347 346 345 344 344 343 343 342 341 341 340 340 339 338 200 199 199 198 197 197 195 194 194 193 192 191 191 190 189 188 189 188 187 186 185 184 184 183 182 181 180 179 178 177 176 175 174 173 173 172 171
383 382 382 382 363 363 362 362 362 361 360 360 360 360 359 359 359 359 358 358 358 357 357 357 356 356 356 354 354 353 353 353 352 352 351 351 351 350 350 349 349 348 348 347 347 345 345 344 344 343 343 342 341 341 340 340 339 338 338 199 199 198 197 197 195 194 193 193 192 191 190 190 189 189 188 188 187 186 185 184 183 183 182 181 180 179 178 177 176 175 175 174 173 172
383 383 383 383 382 363 363 363 362 361 361 361 360 360 360 360 359 359 359 358 358 358 358 357 357 356 356 355 354 354 354 353 353 352 352 352 351 351 350 350 349 349 348 348 347 346 345 345 344 344 343 343 342 341 341 340 340 339 338 338 199 198 198 197 195 195 194 193 193 192 191 190 191 190 189 188 187 187 186 185 184 184 182 181 180 180 179 178 177 176 176 175 174 173
384 383 383 383 383 364 363 363 363 362 362 361 361 361 361 360 360 360 359 359 359 358 358 358 357 357 357 355 355 355 354 354 353 353 353 352 352 351 351 350 350 349 349 348 348 347 346 345 345 344 344 343 343 342 341 341 340 340 339 338 338 337 198 198 196 195 195 194 193 193 192 192 191 190 190 189 188 187 186 186 186 185 183 182 181 180 179 178 177 177 176 175 174 173
384 384 384 384 383 364 364 364 364 362 362 362 362 361 361 361 360 360 360 360 359 359 359 358 358 358 357 356 356 355 355 354 354 354 353 353 352 352 351 351 350 350 349 349 348 348 346 346 345 345 344 344 343 343 342 341 341 340 340 339 338 338 337 336 197 196 195 195 194 193 192 193 192 191 190 190 189 188 187 186 186 185 184 183 182 181 180 179 179 178 177 176 175 174
385 385 384 384 384 365 365 364 364 363 363 362 362 362 362 361 361 361 360 360 360 359 359 359 358 358 358 357 356 356 355 355 354 354 354 353 353 352 352 351 351 351 350 350 349 349 347 347 346 345 345 344 344 343 343 342 341 341 340 340 339 338 338 337 335 335 196 195 194 194 194 193 192 192 191 190 189 189 188 188 187 186 184 183 182 182 181 180 180 179 178 177 176 175
385 385 385 385 384 365 365 365 365 363 363 363 363 362 362 362 362 361 361 361 360 360 360 359 359 359 358 358 357 356 356 355 355 355 354 354 353 353 352 352 352 351 351 350 350 349 348 347 347 346 345 345 344 344 343 343 342 341 341 340 340 339 338 338 336 335 335 334 195 194 195 194 193 192 192 191 190 189 189 188 188 187 185 184 183 182 181 181 180 179 178 177 176 175
386 386 385 385 385 385 366 365 365 364 364 363 363 363 363 362 362 362 361 361 361 361 360 360 360 359 359 359 357 357 356 356 356 355 355 354 354 353 353 353 352 352 351 351 350 350 348 348 347 347 346 345 345 344 344 343 343 342 341 341 340 339 339 338 336 336 335 334 334 196 195 194 194 193 192 191 191 190 190 189 188 187 186 185 184 183 182 182 181 180 179 178 177 176
386 386 386 386 386 385 366 366 366 365 364 364 364 363 363 363 363 362 362 362 361 361 361 360 360 360 359 359 358 357 357 357 356 356 355 355 354 354 354 353 353 352 352 351 351 350 349 348 348 347 347 346 345 345 344 344 343 343 342 341 341 340 339 339 337 336 336 335 334 335 334 195 194 194 193 192 191 191 191 190 189 188 186 185 184 183 184 183 182 181 180 179 178 177
387 387 386 386 386 386 367 366 366 366 365 364 364 364 364 363 363 363 363 362 362 362 361 361 361 360 360 360 358 358 357 357 357 356 356 355 355 355 354 354 353 353 352 352 351 351 349 349 348 348 347 347 346 345 345 344 344 343 343 342 341 341 340 339 338 337 336 336 336 335 334 334 333 194 193 193 192 192 191 190 190 189 187 186 185 185 184 183 182 181 180 179 178 177
387 387 387 387 387 386 367 367 367 366 365 365 365 364 364 364 364 363 363 363 362 362 362 361 361 361 360 360 359 358 358 358 357 357 356 356 356 355 355 354 354 353 353 352 352 351 350 349 349 348 348 347 347 346 345 345 344 344 343 342 342 341 341 340 338 338 337 337 336 336 335 334 334 333 332 193 193 193 192 191 190 189 188 187 186 186 185 184 183 182 181 180 179 178
388 388 387 387 387 387 368 367 367 367 366 365 365 365 365 364 364 364 364 363 363 363 362 362 362 361 361 361 359 359 358 358 358 357 357 356 356 356 355 355 354 354 353 353 352 352 350 350 349 349 348 348 347 347 346 345 345 344 344 343 342 342 341 340 339 338 337 338 337 336 336 335 334 333 333 333 194 193 192 192 191 190 189 187 187 186 185 185 184 183 182 181 180 180
388 388 388 388 388 387 368 368 368 367 366 366 366 365 365 365 365 364 364 364 363 363 363 362 362 362 361 361 360 359 359 359 358 358 357 357 357 356 356 355 355 354 354 353 353 352 351 350 350 349 349 348 348 347 347 346 345 345 344 344 343 342 342 341 339 339 339 338 338 337 336 335 335 334 333 333 333 332 193 192 191 190 190 188 188 187 186 185 184 183 182 181 181 180
389 389 388 388 388 388 388 368 368 368 367 366 366 366 366 365 365 365 365 364 364 364 363 363 363 362 362 362 360 360 360 359 359 358 358 358 357 357 356 356 355 355 354 354 353 353 351 351 350 350 349 349 348 348 347 347 346 345 345 344 343 343 342 342 341 339 340 339 338 337 337 336 335 335 335 334 333 332 332 193 192 191 190 189 188 188 187 186 185 184 183 182 182 181
389 389 389 389 389 388 388 369 369 368 367 367 367 366 366 366 366 365 365 365 364 364 364 364 363 363 362 362 361 360 360 360 359 359 358 358 358 357 357 356 356 355 355 354 354 353 352 351 351 350 350 349 349 348 348 347 346 346 345 345 344 343 343 342 341 341 340 339 339 338 337 337 336 335 335 335 334 333 332 331 331 192 192 190 189 188 187 186 185 185 184 184 183 182
390 390 389 389 389 389 389 369 369 369 368 367 367 367 367 366 366 366 366 365 365 365 364 364 364 363 363 363 361 361 361 360 360 359 359 359 358 358 357 357 356 356 355 355 354 354 352 352 351 351 350 350 349 349 348 348 347 346 346 345 345 344 343 343 342 341 341 340 339 339 338 337 336 337 336 335 334 334 333 332 331 330 330 191 190 189 188 187 186 185 184 184 183 182
390 390 390 390 389 389 389 370 370 369 368 368 368 367 367 367 367 366 366 366 365 365 365 364 364 364 363 363 362 361 361 361 360 360 359 359 359 358 358 357 357 356 356 355 355 354 354 352 352 351 351 350 350 349 349 348 348 347 346 346 345 344 344 343 344 342 341 341 340 339 338 338 337 337 336 336 335 334 333 333 332 332 331 329 190 189 189 188 187 186 186 185 184 183
391 391 390 390 390 390 390 370 370 370 369 368 368 368 368 367 367 367 367 366 366 366 365 365 365 364 364 364 362 362 362 361 361 360 360 360 359 359 358 358 357 357 356 356 355 355 354 353 352 352 351 351 350 350 349 349 348 347 347 346 346 345 344 344 344 342 342 341 340 340 339 338 339 338 337 336 335 335 334 333 332 332 332 330 329 328 189 188 187 187 186 185 184 183
391 391 391 391 390 390 390 371 371 370 369 369 369 368 368 368 368 367 367 367 366 366 366 365 365 365 364 364 363 362 362 362 361 361 360 360 360 359 359 358 358 357 357 356 356 355 355 353 353 352 352 351 351 350 350 349 349 348 347 347 346 346 345 345 345 343 342 342 341 340 340 339 339 338 338 337 336 335 334 334 334 333 332 330 329 329 328 189 188 188 187 186 185 184
392 391 391 391 391 391 390 390 371 371 370 369 369 369 369 368 368 368 367 367 367 367 366 366 366 365 365 365 363 363 362 362 362 361 361 361 360 360 359 359 358 358 357 357 356 356 355 354 353 353 352 352 351 351 350 350 349 349 348 347 347 346 345 346 345 343 343 342 341 341 340 340 340 339 338 337 337 336 335 334 334 334 333 331 330 329 328 327 327 189 188 187 186 185
392 392 392 392 391 391 391 391 372 371 370 370 370 369 369 369 369 368 368 368 367 367 367 366 366 366 365 365 364 363 363 363 362 362 361 361 361 360 360 359 359 358 358 357 357 356 356 354 354 353 353 352 352 351 351 350 350 349 348 348 347 347 347 346 346 344 343 343 342 341 341 341 340 339 339 338 337 336 336 336 335 334 333 331 331 330 329 328 328 327 326 187 186 185
393 392 392 392 392 392 391 391 372 372 371 370 370 370 370 369 369 369 368 368 368 368 367 367 367 366 366 366 364 364 363 363 363 362 362 361 361 361 360 360 359 359 358 358 357 357 356 355 354 354 353 353 352 352 351 351 350 350 349 348 348 347 347 347 346 345 344 343 343 342 342 341 341 340 339 338 338 337 336 336 335 335 334 332 331 330 329 329 329 328 327 326 187 186
