testData/tiles/oneDegreeCosts/grid23.0-18.0-24.0-19.0.asc
ncols   200
nrows   200
xllcorner   23.0
yllcorner   18.0
cellsize   0.005
NODATA_value   -9999.0
[rows 84 to 125 of 200, columns 94 to 187 of 200]
536 537 539 541 542 543 546 547 548 548 549 551 552 553 554 555 557 558 558 559 560 562 563 564 564 565 566 568 569 569 570 571 573 573 573 574 575 575 577 578 578 578 579 579 580 582 582 648 648 648 649 649 651 652 651 652 652 653 654 654 655 655 656 656 657 657 657 657 659 659 660 660 660 660 661 661 661 663 664 665 666 666 667 667 623 623 623 624 625 627 626 627 628 629
534 537 538 539 541 544 545 546 547 547 549 550 551 552 553 555 556 557 557 558 560 561 562 563 563 565 567 567 568 568 569 571 572 573 572 573 574 575 576 577 578 577 578 579 580 581 582 582 647 647 648 650 650 651 651 651 652 652 653 654 654 654 656 657 657 658 657 659 659 660 660 660 660 661 661 662 662 664 664 666 666 666 667 667 669 669 670 670 625 626 626 627 627 629
534 535 538 539 540 542 544 545 546 548 548 549 550 551 553 554 555 556 557 558 559 560 562 563 563 565 566 566 567 568 569 570 571 572 572 572 573 575 575 576 577 577 577 579 579 580 581 581 646 647 648 649 649 650 652 651 652 652 654 655 655 655 655 656 656 657 657 658 658 659 659 660 659 660 660 662 662 663 663 665 665 667 666 667 668 670 670 670 671 672 673 673 628 629
534 535 536 538 540 541 542 543 545 547 547 548 549 550 552 553 554 555 556 557 559 560 561 562 563 564 565 565 566 567 568 569 570 571 571 571 573 574 574 575 576 577 577 578 579 579 580 581 582 648 648 649 650 650 651 650 651 653 653 654 654 654 654 655 656 657 657 657 658 658 659 659 659 659 661 661 662 662 663 664 665 666 665 666 668 669 669 670 670 672 672 672 673 674
532 533 535 537 538 540 541 542 544 545 546 547 548 550 551 552 553 555 557 557 558 559 560 561 562 563 564 565 565 567 567 568 569 570 571 571 572 573 573 574 575 577 576 577 579 579 580 581 582 582 648 648 649 649 650 650 651 652 652 653 654 653 654 654 656 656 657 656 657 657 658 658 658 659 660 660 661 661 662 663 664 665 665 666 668 668 670 669 669 671 671 672 672 674
531 532 533 536 537 538 540 542 543 544 545 545 548 549 550 552 553 555 556 557 557 558 559 560 561 562 563 564 565 566 566 567 568 569 571 570 571 572 573 573 576 577 576 577 578 578 579 581 581 581 647 647 648 649 649 650 650 651 652 652 653 652 653 654 655 656 656 656 656 657 657 659 658 659 659 660 660 661 661 663 663 666 665 665 667 667 669 668 669 670 671 671 671 674
530 530 533 534 535 537 538 540 542 543 544 545 546 548 549 550 553 554 555 556 555 556 558 559 560 561 562 564 564 565 565 566 567 569 570 570 571 572 573 573 575 576 576 576 577 578 579 580 581 580 581 646 647 648 649 649 650 650 651 651 652 652 653 654 654 655 655 655 655 656 657 658 658 658 658 659 659 660 660 662 663 664 664 665 666 667 668 668 668 669 670 672 672 673
528 530 531 533 534 535 538 539 540 541 543 545 546 547 548 549 551 552 553 554 554 556 557 558 559 560 561 563 563 563 564 565 567 569 570 570 570 571 572 573 574 575 576 575 576 578 578 579 580 579 580 581 646 648 648 649 649 649 650 651 651 653 652 653 653 654 654 654 655 656 657 657 658 657 658 658 659 660 660 662 663 663 664 664 665 666 667 667 667 669 670 672 671 672
526 529 529 531 532 535 536 537 539 541 543 544 545 546 547 549 550 551 552 553 554 555 556 557 558 559 561 562 563 562 564 565 567 568 569 569 569 570 572 572 573 574 575 574 575 577 577 578 579 579 579 580 646 647 648 648 648 648 649 651 651 652 651 652 653 653 654 654 655 655 656 656 657 657 657 657 658 659 660 661 662 662 664 663 665 665 667 667 667 669 669 671 670 672
525 527 528 529 531 533 535 537 538 540 542 543 543 544 547 548 549 550 551 552 554 554 555 556 557 559 560 562 562 562 563 565 566 567 568 568 568 570 571 571 572 573 574 574 575 576 576 577 578 578 578 580 580 646 647 647 647 648 649 650 650 651 651 651 652 652 653 654 654 655 656 657 657 657 657 658 659 661 660 662 661 662 663 663 664 664 666 667 667 668 669 670 670 671
523 525 526 527 530 532 534 535 537 539 540 542 542 543 545 546 547 548 550 552 553 553 554 555 557 559 560 560 561 561 563 564 565 566 566 567 569 569 570 570 571 572 573 574 574 575 576 576 577 578 578 579 580 580 646 646 646 647 649 650 651 651 651 651 652 652 654 655 654 655 655 656 656 656 656 658 658 660 659 661 661 662 663 663 664 665 667 668 667 668 669 669 669 670
521 523 525 528 529 531 532 534 536 537 539 540 540 543 544 545 546 547 549 550 551 551 553 554 556 557 558 559 560 561 562 563 564 565 565 567 568 568 569 569 570 571 573 573 573 574 575 575 576 578 578 579 580 580 646 647 647 648 648 649 650 650 650 650 651 653 653 654 653 654 654 655 655 655 656 657 657 659 658 660 660 661 662 662 664 665 666 667 666 668 668 670 669 670
519 521 524 526 527 529 530 533 534 536 537 538 541 541 542 543 545 547 548 549 551 552 552 554 555 556 557 558 559 561 561 562 563 563 564 566 567 567 568 568 569 571 572 572 572 573 574 575 577 578 578 578 579 579 580 646 647 647 648 648 649 649 650 650 651 652 652 653 652 653 653 654 655 655 656 656 657 658 658 659 660 660 662 662 664 664 666 666 665 667 667 669 669 670
518 520 523 524 525 527 529 531 533 534 536 537 539 540 541 542 543 545 548 549 550 551 552 553 554 555 556 557 559 560 560 561 561 562 564 565 566 566 566 567 569 570 572 572 572 573 574 575 576 577 577 577 578 578 579 581 646 646 647 647 648 648 649 650 650 651 651 652 652 652 653 653 655 655 655 655 656 657 658 658 659 659 662 662 663 663 665 665 665 666 667 668 668 669
515 518 520 522 523 525 528 529 531 532 534 536 538 538 539 540 544 545 546 547 548 550 551 552 553 554 555 557 558 559 558 559 560 562 563 564 565 566 565 568 569 570 571 571 571 572 574 574 575 576 576 576 577 577 579 580 580 645 646 646 647 648 649 649 649 650 650 651 651 651 652 653 654 654 654 654 655 656 657 658 658 660 661 661 662 662 664 664 664 665 666 667 669 668
513 516 518 520 521 524 526 527 529 531 533 535 536 537 539 541 542 543 545 546 547 549 549 550 551 552 554 555 556 557 557 558 560 561 562 563 565 565 565 567 568 569 569 570 571 572 572 573 574 575 575 575 576 577 578 579 579 579 645 645 646 648 648 648 648 649 650 650 651 650 652 652 653 654 653 654 654 656 656 658 658 659 660 661 661 662 663 664 663 665 665 667 668 667
609 516 516 518 519 522 524 525 527 529 531 533 535 537 537 539 541 542 543 544 546 548 549 549 550 551 553 554 555 556 557 558 559 561 562 563 563 564 565 566 567 568 568 569 570 571 571 572 573 574 574 574 576 576 577 578 578 578 579 644 646 647 647 647 647 648 649 649 651 650 651 652 652 653 652 653 653 655 656 657 657 658 659 660 660 661 661 663 663 665 665 667 667 666
605 608 611 518 518 519 521 523 525 528 530 532 533 535 536 538 539 540 542 544 545 546 547 547 549 551 552 553 554 555 557 558 559 560 560 561 562 564 564 565 566 566 567 568 570 570 570 571 572 573 573 575 575 575 576 577 577 578 578 644 645 646 646 646 647 647 648 649 650 650 650 651 651 652 651 652 652 655 655 655 656 657 658 659 659 660 660 662 663 664 664 666 666 666
601 605 608 610 614 615 521 521 525 527 528 530 531 534 534 536 537 539 540 542 543 545 546 546 548 549 550 552 553 554 556 556 557 558 559 560 562 563 563 564 564 565 566 568 569 568 569 570 571 571 573 574 574 574 575 576 576 577 578 578 644 646 646 647 647 647 649 649 650 650 650 651 651 652 651 652 653 655 656 655 657 657 659 659 660 660 661 663 663 663 663 665 665 665
600 601 604 608 611 612 615 617 620 527 527 528 529 532 534 534 536 537 539 541 542 543 544 545 547 549 550 551 552 554 555 555 556 557 558 560 561 562 563 562 563 564 566 567 568 567 568 569 570 571 572 573 573 573 575 576 576 578 578 578 579 645 645 646 646 647 648 648 649 649 649 650 650 651 651 652 653 654 655 655 656 656 658 658 659 660 661 662 663 663 664 665 666 666
600 600 601 604 607 610 613 616 618 620 622 624 529 530 532 532 534 536 537 539 540 541 543 545 546 547 548 549 552 553 554 554 555 556 557 559 559 560 561 561 562 564 565 566 566 567 567 568 570 571 572 573 573 573 574 575 576 577 577 577 578 579 644 645 646 646 647 647 648 648 648 649 649 650 652 651 652 653 654 654 655 655 657 657 660 659 660 661 662 662 663 664 665 665
580 600 601 602 605 607 610 613 615 617 619 622 624 626 628 532 532 534 536 537 538 541 543 544 544 546 547 548 550 551 552 553 553 554 556 557 558 559 560 560 562 563 564 564 565 567 567 569 569 570 571 572 571 572 573 575 575 576 576 576 577 578 578 645 645 645 646 646 647 648 647 648 648 650 651 650 651 652 653 653 654 654 656 657 659 658 659 660 661 661 662 662 664 664
580 582 602 602 602 604 607 610 612 615 617 620 622 624 625 626 629 534 535 536 538 540 541 543 543 544 545 547 549 550 551 552 552 554 555 556 557 558 559 559 561 562 563 564 565 566 566 567 568 569 570 571 570 571 573 573 574 575 575 575 576 577 578 579 644 644 645 645 646 647 646 648 648 649 650 649 650 651 652 652 653 653 656 657 657 658 658 660 660 661 661 661 663 663
582 582 582 582 602 603 603 606 609 612 615 617 619 621 623 625 628 629 631 632 538 538 540 541 541 542 545 546 547 548 549 550 551 552 553 554 555 556 558 559 560 561 562 563 564 565 565 566 567 568 569 569 570 571 572 572 573 574 574 574 575 577 577 578 578 643 644 644 645 646 646 647 647 648 649 648 649 650 651 651 653 654 655 656 656 657 657 659 659 661 660 661 663 664
582 582 582 582 582 603 602 602 605 609 612 614 617 619 621 625 625 627 629 630 633 634 540 540 540 541 543 544 545 547 548 549 550 551 552 554 555 556 558 558 559 560 561 562 562 564 564 565 566 567 567 568 570 570 570 571 572 573 573 573 575 575 576 577 577 577 643 643 644 646 645 646 646 647 648 647 648 648 650 651 652 653 654 655 655 656 656 658 658 660 659 661 662 663
582 582 582 582 583 583 602 602 602 605 608 611 614 617 620 622 623 625 627 629 631 632 634 635 636 541 541 542 544 545 546 548 548 550 552 553 554 556 557 558 558 558 559 560 562 563 563 564 565 565 566 568 569 569 569 570 571 572 572 573 574 574 575 576 576 576 577 642 644 645 644 645 645 646 647 647 647 647 650 650 651 652 653 654 654 655 655 657 657 659 659 660 661 662
582 582 582 583 583 583 583 602 603 603 604 609 611 615 617 619 620 622 624 627 629 630 632 633 636 636 637 542 542 543 546 548 548 549 550 551 553 554 555 556 556 557 558 560 561 562 563 562 563 564 565 567 568 567 568 569 570 570 571 572 573 573 574 575 575 575 577 578 644 645 644 645 645 646 647 647 647 648 650 650 652 652 653 653 653 654 654 656 657 658 658 659 660 661
582 582 582 583 583 583 583 583 583 604 604 604 608 612 614 617 618 620 623 625 626 628 630 632 634 634 636 637 639 543 545 546 547 547 548 550 552 553 554 555 555 556 558 559 559 560 561 561 562 563 565 566 566 566 567 568 568 569 572 572 572 573 574 574 575 575 577 577 578 643 643 644 644 645 646 646 647 647 649 649 651 651 652 653 653 654 654 657 657 658 658 658 659 660
582 582 583 583 583 583 583 583 584 584 604 604 605 608 611 613 615 618 620 622 624 626 627 630 632 633 635 636 637 640 641 642 547 547 547 549 550 551 552 553 553 554 556 557 558 559 560 560 561 563 563 564 566 566 567 567 568 570 571 570 571 572 573 573 574 575 575 576 577 577 643 643 643 644 645 646 646 646 648 648 650 650 650 652 652 654 654 656 656 657 657 658 659 660
582 583 583 583 583 583 585 584 584 584 584 605 605 605 607 610 612 615 617 619 621 623 626 629 630 631 633 634 636 638 639 640 642 642 547 547 548 549 551 552 552 554 555 556 557 558 559 559 561 562 563 564 565 565 565 566 568 569 569 569 570 571 571 572 574 574 574 575 576 576 577 642 642 643 644 645 645 645 647 647 649 649 649 651 652 654 653 655 655 656 656 657 658 659
582 583 583 583 583 584 585 585 584 584 584 585 585 605 605 605 610 611 614 616 619 623 625 626 628 629 630 633 634 636 637 639 640 641 642 644 548 548 549 550 551 552 553 554 556 557 558 559 560 561 562 563 563 564 564 566 567 567 568 569 569 570 570 572 573 572 573 574 574 575 576 575 641 643 643 644 644 644 646 646 648 648 648 651 651 653 652 654 654 655 655 656 657 658
583 583 583 584 584 585 585 585 584 584 585 585 585 585 605 606 606 607 610 614 616 620 622 624 626 626 628 631 632 634 635 637 638 639 641 642 643 644 549 549 550 552 553 554 555 556 558 558 558 559 560 561 562 563 564 565 565 566 567 568 568 568 570 571 571 571 572 573 573 574 575 574 576 642 642 643 642 643 645 645 647 646 648 650 650 652 651 652 653 654 654 655 656 657
583 583 584 584 585 585 585 585 584 585 585 585 585 585 585 606 606 606 607 610 614 617 619 621 623 625 627 628 630 632 633 635 637 637 639 640 641 642 645 647 550 550 551 552 553 554 556 556 557 558 559 560 561 563 562 563 564 565 566 566 566 568 569 570 570 571 571 571 572 573 573 574 575 575 641 642 641 642 644 644 645 646 647 649 649 651 650 651 652 653 654 654 655 657
584 584 584 584 585 585 585 585 584 585 585 585 585 585 586 586 587 606 606 607 610 613 616 618 620 623 624 626 628 629 631 633 635 636 637 639 640 642 644 645 646 646 551 551 551 554 555 556 555 556 557 558 560 561 561 562 563 564 564 565 566 567 567 568 569 570 569 570 571 572 573 573 574 574 575 576 640 641 642 643 645 645 646 647 648 650 649 650 651 652 653 654 655 656
584 584 584 585 585 585 585 585 585 585 585 585 585 586 587 587 587 587 606 607 607 609 612 614 617 620 621 623 625 627 628 631 633 635 636 637 638 641 642 643 644 644 646 647 649 554 554 554 554 555 556 558 559 560 560 560 561 562 563 564 565 565 566 567 568 568 568 569 570 571 572 572 572 573 574 574 574 640 641 643 644 644 645 646 647 648 648 649 650 651 653 653 653 655
584 584 584 585 585 585 585 585 585 585 585 585 586 587 587 587 587 587 587 607 607 607 607 611 614 617 618 620 622 624 628 630 631 633 633 635 637 639 640 641 642 643 644 646 647 648 649 554 554 554 554 556 557 558 558 559 560 561 562 563 563 565 566 567 567 568 568 569 570 571 572 571 572 573 574 574 575 575 642 643 643 644 645 646 647 647 648 648 649 651 652 652 652 654
584 584 585 585 585 585 585 586 586 585 585 586 587 587 587 587 587 588 587 587 587 607 607 608 610 613 615 617 620 623 625 627 629 631 631 633 635 637 638 639 641 641 643 644 645 646 648 649 649 554 554 555 556 557 557 558 559 560 562 563 563 564 564 565 566 567 567 568 569 570 570 570 571 572 572 573 575 574 575 642 642 644 643 645 646 646 647 647 650 651 652 652 652 654
584 584 585 585 585 585 586 586 586 586 586 587 587 587 587 587 587 588 587 587 587 587 607 608 608 609 612 615 618 620 622 624 626 628 629 631 633 634 636 637 638 639 641 642 643 645 646 647 647 649 554 554 555 556 556 557 558 560 561 562 561 562 563 564 565 565 566 567 568 568 569 570 570 570 571 573 573 573 574 575 641 643 642 644 644 645 647 647 649 649 651 650 651 653
584 585 585 585 585 585 586 586 587 586 586 587 587 587 587 587 588 588 587 587 587 587 588 588 609 609 609 610 614 617 619 621 623 625 627 629 630 632 633 635 636 638 639 640 642 643 644 646 647 648 649 650 555 555 555 555 557 558 559 560 560 561 562 562 563 565 565 566 566 567 568 569 568 569 571 571 572 572 572 574 575 576 641 643 643 645 646 646 648 648 649 649 650 651
585 585 585 585 585 586 587 587 587 586 587 587 587 587 587 587 588 588 587 587 587 588 589 589 589 609 609 609 610 613 616 618 620 623 624 626 628 630 631 633 635 637 637 639 641 642 643 645 645 646 648 649 650 651 555 555 556 557 558 558 559 559 560 561 563 564 563 564 565 566 567 567 567 569 569 570 571 571 571 573 574 575 575 640 643 644 645 645 646 647 648 648 649 650
585 585 585 585 585 587 587 587 587 586 587 587 587 587 587 588 588 588 587 587 588 589 589 589 589 589 590 609 609 609 611 614 617 620 621 623 625 627 629 631 634 635 636 637 638 640 641 643 643 645 646 647 648 649 651 651 556 556 556 557 558 558 559 560 561 562 562 563 564 564 565 566 567 567 568 569 570 569 570 572 572 574 574 575 642 642 644 644 645 646 646 647 648 649
585 585 585 585 587 587 587 587 587 587 587 587 587 587 588 588 588 588 588 588 589 589 589 589 589 589 590 590 609 609 609 610 614 616 619 620 622 624 627 630 631 633 633 635 636 638 640 641 641 643 644 645 646 648 649 649 650 651 556 556 556 556 558 559 560 561 560 561 562 563 564 565 565 566 567 567 568 568 569 570 571 573 573 574 576 576 643 642 643 645 645 646 646 648
