testData/tiles/oneDegreeCosts/grid49.0-6.0-50.0-7.0.asc
ncols   200
nrows   200
xllcorner   49.0
yllcorner   6.0
cellsize   0.005
NODATA_value   -9999.0
[rows 0 to 41 of 200, columns 93 to 185 of 200]
515 515 515 515 515 515 515 515 515 515 515 515 515 515 515 515 515 515 515 515 515 515 515 515 515 515 515 515 515 515 515 515 515 515 515 515 515 515 515 515 515 515 515 515 515 515 515 515 515 515 515 515 515 515 515 515 515 515 515 515 515 515 515 515 515 515 515 515 515 515 515 515 515 515 515 515 515 515 515 515 515 515 515 515 515 515 515 515 515 515 515 515 515
515 515 515 515 515 515 515 515 515 515 515 515 515 515 515 515 515 515 515 515 515 515 515 515 515 515 515 515 515 515 515 515 515 515 515 515 515 515 515 515 515 515 515 515 515 515 515 515 515 515 515 515 515 515 515 515 515 515 515 515 515 515 515 515 515 515 515 515 515 515 515 515 515 515 515 515 515 515 515 515 515 515 515 515 515 515 515 515 515 515 515 515 515
515 515 515 515 515 515 515 515 515 515 515 515 515 515 515 515 515 515 515 515 515 515 515 515 515 515 515 515 515 515 515 515 515 515 515 515 515 515 515 515 515 515 515 515 515 515 515 515 515 515 515 515 515 515 515 515 515 515 515 515 515 515 515 515 515 515 515 515 515 515 515 515 515 515 515 515 515 515 515 515 515 515 515 515 515 515 515 515 515 515 515 515 515
515 515 515 515 515 515 515 515 515 515 515 515 515 515 700 515 515 515 515 515 515 515 515 515 515 515 515 515 515 515 515 515 515 515 515 515 515 515 515 515 515 515 515 515 515 515 515 515 515 515 515 515 515 515 515 515 515 515 515 515 515 515 515 515 515 515 515 515 515 515 515 515 515 515 515 515 515 515 515 515 515 515 515 515 515 515 515 515 515 515 515 515 515
699 699 699 699 699 699 699 699 699 699 699 700 700 700 700 700 700 700 699 699 699 699 699 699 699 699 699 699 699 699 699 699 699 698 698 698 698 698 698 698 698 697 697 697 697 697 697 696 696 696 696 696 696 695 695 695 695 564 563 515 515 515 515 515 515 515 515 515 515 515 515 515 515 515 515 515 515 515 515 515 515 515 515 515 515 515 515 515 515 515 515 515 515
699 699 699 699 699 699 699 699 699 699 699 699 699 699 699 699 699 699 699 699 699 699 699 699 699 699 699 699 699 699 698 698 698 698 698 698 698 698 698 697 697 697 697 697 697 697 696 696 696 696 696 696 695 695 695 695 695 563 563 563 563 563 562 562 562 562 561 561 561 561 561 560 560 560 560 559 559 515 515 515 515 515 515 515 515 515 515 515 515 515 515 515 515
698 698 698 699 699 699 699 699 699 699 699 699 699 699 699 699 699 699 699 699 699 699 699 699 699 699 698 698 698 698 698 698 698 698 698 698 698 697 697 697 697 697 697 697 696 696 696 696 696 696 695 695 695 695 695 695 694 563 563 563 563 562 562 562 562 561 561 561 561 561 560 560 560 560 559 559 559 559 558 558 558 558 558 557 557 557 557 556 556 556 556 515 515
698 698 698 698 698 698 698 698 698 699 699 699 699 699 699 699 699 699 699 699 698 698 698 698 698 698 698 698 698 698 698 698 698 698 697 697 697 697 697 697 697 697 696 696 696 696 696 696 696 695 695 695 695 695 694 694 694 563 563 563 562 562 562 562 561 561 561 561 561 560 560 560 560 559 559 559 559 559 558 558 558 558 557 557 557 557 556 556 556 556 555 515 515
698 698 698 698 698 698 698 698 698 698 698 698 698 698 698 698 698 698 698 698 698 698 698 698 698 698 698 698 698 698 698 697 697 697 697 697 697 697 697 697 696 696 696 696 696 696 696 695 695 695 695 695 695 694 694 694 694 563 562 562 562 562 562 561 561 561 561 561 560 560 560 560 559 559 559 559 559 558 558 558 558 557 557 557 557 556 556 556 556 555 555 515 515
697 698 698 698 698 698 698 698 698 698 698 698 698 698 698 698 698 698 698 698 698 698 698 698 698 698 698 698 697 697 697 697 697 697 697 697 697 697 696 696 696 696 696 696 696 695 695 695 695 695 695 694 694 694 694 694 694 562 562 562 562 562 561 561 561 561 561 560 560 560 560 559 559 559 559 559 558 558 558 558 557 557 557 557 556 556 556 556 555 555 555 515 515
697 697 697 697 697 697 697 698 698 698 698 698 698 698 698 698 698 698 698 698 698 698 697 697 697 697 697 697 697 697 697 697 697 697 697 696 696 696 696 696 696 696 696 695 695 695 695 695 695 695 694 694 694 694 694 694 693 562 562 562 562 561 561 561 561 561 560 560 560 560 559 559 559 559 559 558 558 558 558 557 557 557 557 556 556 556 556 556 555 555 555 515 515
697 697 697 697 697 697 697 697 697 697 697 697 697 697 697 697 697 697 697 697 697 697 697 697 697 697 697 697 697 697 697 697 696 696 696 696 696 696 696 696 696 695 695 695 695 695 695 695 694 694 694 694 694 694 693 693 693 562 562 562 561 561 561 561 561 560 560 560 560 559 559 559 559 559 558 558 558 558 557 557 557 557 557 556 556 556 556 555 555 555 555 515 515
697 697 697 697 697 697 697 697 697 697 697 697 697 697 697 697 697 697 697 697 697 697 697 697 697 697 697 697 697 696 696 696 696 696 696 696 696 696 696 695 695 695 695 695 695 695 694 694 694 694 694 694 694 693 693 693 693 562 561 561 561 561 561 560 560 560 560 560 559 559 559 559 559 558 558 558 558 557 557 557 557 557 556 556 556 556 555 555 555 555 554 515 515
696 696 696 696 696 697 697 697 697 697 697 697 697 697 697 697 697 697 697 697 697 697 697 697 696 696 696 696 696 696 696 696 696 696 696 696 696 695 695 695 695 695 695 695 695 694 694 694 694 694 694 693 693 693 693 693 693 561 561 561 561 561 560 560 560 560 560 559 559 559 559 559 558 558 558 558 557 557 557 557 557 556 556 556 556 555 555 555 555 554 554 515 515
696 696 696 696 696 696 696 696 696 696 696 696 696 696 696 696 696 696 696 696 696 696 696 696 696 696 696 696 696 696 696 696 696 696 695 695 695 695 695 695 695 695 694 694 694 694 694 694 694 693 693 693 693 693 693 692 692 561 561 561 561 560 560 560 560 560 559 559 559 559 559 558 558 558 558 558 557 557 557 557 556 556 556 556 555 555 555 555 554 554 554 515 515
696 696 696 696 696 696 696 696 696 696 696 696 696 696 696 696 696 696 696 696 696 696 696 696 696 696 696 696 696 696 695 695 695 695 695 695 695 695 695 695 694 694 694 694 694 694 694 694 693 693 693 693 693 693 692 692 692 561 561 561 560 560 560 560 560 559 559 559 559 559 558 558 558 558 557 557 557 557 557 556 556 556 556 555 555 555 555 555 554 554 554 515 515
695 695 695 695 696 696 696 696 696 696 696 696 696 696 696 696 696 696 696 696 696 696 696 696 696 695 695 695 695 695 695 695 695 695 695 695 695 695 694 694 694 694 694 694 694 694 693 693 693 693 693 693 692 692 692 692 692 561 560 560 560 560 560 560 559 559 559 559 559 558 558 558 558 557 557 557 557 557 556 556 556 556 555 555 555 555 555 554 554 554 554 515 515
695 695 695 695 695 695 695 695 695 695 695 695 695 695 695 695 695 695 695 695 695 695 695 695 695 695 695 695 695 695 695 695 695 695 695 694 694 694 694 694 694 694 694 694 693 693 693 693 693 693 693 692 692 692 692 692 692 560 560 560 560 560 559 559 559 559 559 558 558 558 558 558 557 557 557 557 557 556 556 556 556 556 555 555 555 555 554 554 554 554 553 515 515
695 695 695 695 695 695 695 695 695 695 695 695 695 695 695 695 695 695 695 695 695 695 695 695 695 695 695 695 695 695 695 694 694 694 694 694 694 694 694 694 694 693 693 693 693 693 693 693 693 692 692 692 692 692 692 691 691 560 560 560 560 559 559 559 559 559 558 558 558 558 558 557 557 557 557 557 556 556 556 556 556 555 555 555 555 554 554 554 554 553 553 515 515
694 694 695 695 695 695 695 695 695 695 695 695 695 695 695 695 695 695 695 695 695 695 695 695 695 695 695 694 694 694 694 694 694 694 694 694 694 694 694 693 693 693 693 693 693 693 693 692 692 692 692 692 692 692 691 691 691 560 560 560 559 559 559 559 559 558 558 558 558 558 557 557 557 557 557 556 556 556 556 556 555 555 555 555 554 554 554 554 553 553 553 515 515
694 694 694 694 694 694 694 694 694 694 694 695 695 695 695 695 695 695 694 694 694 694 694 694 694 694 694 694 694 694 694 694 694 694 694 694 693 693 693 693 693 693 693 693 693 692 692 692 692 692 692 692 691 691 691 691 691 560 559 559 559 559 559 559 558 558 558 558 558 557 557 557 557 557 556 556 556 556 556 555 555 555 555 554 554 554 554 553 553 553 553 515 515
694 694 694 694 694 694 694 694 694 694 694 694 694 694 694 694 694 694 694 694 694 694 694 694 694 694 694 694 694 694 694 694 693 693 693 693 693 693 693 693 693 693 692 692 692 692 692 692 692 692 691 691 691 691 691 691 690 559 559 559 559 559 558 558 558 558 558 558 557 557 557 557 557 556 556 556 556 555 555 555 555 555 554 554 554 554 554 553 553 553 553 515 515
693 694 694 694 694 694 694 694 694 694 694 694 694 694 694 694 694 694 694 694 694 694 694 694 694 694 694 694 693 693 693 693 693 693 693 693 693 693 693 693 692 692 692 692 692 692 692 692 691 691 691 691 691 691 691 690 690 559 559 559 559 558 558 558 558 558 557 557 557 557 557 556 556 556 556 556 555 555 555 555 555 554 554 554 554 554 553 553 553 553 515 515 515
693 693 693 693 693 693 693 693 694 694 694 694 694 694 694 694 694 694 694 694 694 693 693 693 693 693 693 693 693 693 693 693 693 693 693 693 693 692 692 692 692 692 692 692 692 692 691 691 691 691 691 691 691 690 690 690 690 559 559 558 558 558 558 558 558 557 557 557 557 557 556 556 556 556 556 555 555 555 555 555 554 554 554 554 554 553 553 553 553 552 515 515 515
693 693 693 693 693 693 693 693 693 693 693 693 693 693 693 693 693 693 693 693 693 693 693 693 693 693 693 693 693 693 693 693 693 692 692 692 692 692 692 692 692 692 692 691 691 691 691 691 691 691 691 690 690 690 690 690 690 559 558 558 558 558 558 558 557 557 557 557 557 556 556 556 556 556 555 555 555 555 555 554 554 554 554 554 553 553 553 553 552 552 515 515 515
693 693 693 693 693 693 693 693 693 693 693 693 693 693 693 693 693 693 693 693 693 693 693 693 693 693 693 693 693 692 692 692 692 692 692 692 692 692 692 692 692 691 691 691 691 691 691 691 691 690 690 690 690 690 690 690 689 558 558 558 558 558 557 557 557 557 557 557 556 556 556 556 556 555 555 555 555 555 554 554 554 554 554 553 553 553 553 552 552 552 515 515 515
692 692 692 692 692 692 693 693 693 693 693 693 693 693 693 693 693 693 693 693 693 693 693 692 692 692 692 692 692 692 692 692 692 692 692 692 692 692 691 691 691 691 691 691 691 691 691 690 690 690 690 690 690 690 689 689 689 558 558 558 557 557 557 557 557 557 556 556 556 556 556 556 555 555 555 555 555 554 554 554 554 553 553 553 553 553 552 552 552 552 515 515 515
692 692 692 692 692 692 692 692 692 692 692 692 692 692 692 692 692 692 692 692 692 692 692 692 692 692 692 692 692 692 692 692 692 692 692 691 691 691 691 691 691 691 691 691 691 690 690 690 690 690 690 690 689 689 689 689 689 558 558 557 557 557 557 557 557 556 556 556 556 556 555 555 555 555 555 554 554 554 554 554 553 553 553 553 553 552 552 552 552 552 515 515 515
692 692 692 692 692 692 692 692 692 692 692 692 692 692 692 692 692 692 692 692 692 692 692 692 692 692 692 692 692 692 691 691 691 691 691 691 691 691 691 691 691 691 690 690 690 690 690 690 690 690 689 689 689 689 689 689 689 557 557 557 557 557 557 556 556 556 556 556 556 555 555 555 555 555 554 554 554 554 554 553 553 553 553 553 552 552 552 552 552 515 515 515 515
691 691 691 691 692 692 692 692 692 692 692 692 692 692 692 692 692 692 692 692 692 692 692 692 692 691 691 691 691 691 691 691 691 691 691 691 691 691 691 690 690 690 690 690 690 690 690 690 689 689 689 689 689 689 689 688 688 557 557 557 557 557 556 556 556 556 556 556 555 555 555 555 555 554 554 554 554 554 553 553 553 553 553 552 552 552 552 552 551 515 515 515 515
691 691 691 691 691 691 691 691 691 691 691 691 691 691 691 691 691 691 691 691 691 691 691 691 691 691 691 691 691 691 691 691 691 691 691 691 690 690 690 690 690 690 690 690 690 690 689 689 689 689 689 689 689 688 688 688 688 557 557 557 556 556 556 556 556 556 555 555 555 555 555 555 554 554 554 554 554 553 553 553 553 553 552 552 552 552 552 551 551 515 515 515 515
691 691 691 691 691 691 691 691 691 691 691 691 691 691 691 691 691 691 691 691 691 691 691 691 691 691 691 691 691 691 691 691 690 690 690 690 690 690 690 690 690 690 690 689 689 689 689 689 689 689 689 688 688 688 688 688 688 557 556 556 556 556 556 556 556 555 555 555 555 555 554 554 554 554 554 554 553 553 553 553 553 552 552 552 552 551 551 551 551 515 515 515 515
690 690 690 691 691 691 691 691 691 691 691 691 691 691 691 691 691 691 691 691 691 691 691 691 691 691 690 690 690 690 690 690 690 690 690 690 690 690 690 690 689 689 689 689 689 689 689 689 689 688 688 688 688 688 688 688 687 556 556 556 556 556 556 555 555 555 555 555 555 554 554 554 554 554 553 553 553 553 553 552 552 552 552 552 551 551 551 551 551 515 515 515 515
690 690 690 690 690 690 690 690 690 690 690 690 690 690 690 690 690 690 690 690 690 690 690 690 690 690 690 690 690 690 690 690 690 690 690 690 690 689 689 689 689 689 689 689 689 689 689 688 688 688 688 688 688 688 688 687 687 556 556 556 556 555 555 555 555 555 555 554 554 554 554 554 554 553 553 553 553 553 552 552 552 552 552 551 551 551 551 551 515 515 515 515 515
690 690 690 690 690 690 690 690 690 690 690 690 690 690 690 690 690 690 690 690 690 690 690 690 690 690 690 690 690 690 690 690 690 689 689 689 689 689 689 689 689 689 689 689 688 688 688 688 688 688 688 688 687 687 687 687 687 556 556 556 555 555 555 555 555 555 554 554 554 554 554 554 553 553 553 553 553 552 552 552 552 552 551 551 551 551 551 550 515 515 515 515 515
689 690 690 690 690 690 690 690 690 690 690 690 690 690 690 690 690 690 690 690 690 690 690 690 690 690 690 690 689 689 689 689 689 689 689 689 689 689 689 689 689 688 688 688 688 688 688 688 688 688 687 687 687 687 687 687 687 556 555 555 555 555 555 555 554 554 554 554 554 554 553 553 553 553 553 553 552 552 552 552 552 551 551 551 551 551 550 550 515 515 515 515 515
689 689 689 689 689 689 689 689 689 689 689 690 690 690 690 690 690 690 689 689 689 689 689 689 689 689 689 689 689 689 689 689 689 689 689 689 689 689 688 688 688 688 688 688 688 688 688 688 687 687 687 687 687 687 687 687 686 555 555 555 555 555 554 554 554 554 554 554 554 553 553 553 553 553 552 552 552 552 552 552 551 551 551 551 551 550 550 550 515 515 515 515 515
689 689 689 689 689 689 689 689 689 689 689 689 689 689 689 689 689 689 689 689 689 689 689 689 689 689 689 689 689 689 689 689 689 689 688 688 688 688 688 688 688 688 688 688 688 687 687 687 687 687 687 687 687 687 686 686 686 555 555 555 555 554 554 554 554 554 554 553 553 553 553 553 553 552 552 552 552 552 551 551 551 551 551 550 550 550 550 515 515 515 515 515 515
689 689 689 689 689 689 689 689 689 689 689 689 689 689 689 689 689 689 689 689 689 689 689 689 689 689 689 689 689 688 688 688 688 688 688 688 688 688 688 688 688 688 687 687 687 687 687 687 687 687 687 686 686 686 686 686 686 555 555 554 554 554 554 554 554 553 553 553 553 553 553 552 552 552 552 552 552 551 551 551 551 551 550 550 550 550 550 515 515 515 515 515 515
688 688 688 688 688 688 688 688 689 689 689 689 689 689 689 689 689 689 689 689 689 688 688 688 688 688 688 688 688 688 688 688 688 688 688 688 688 688 688 687 687 687 687 687 687 687 687 687 687 686 686 686 686 686 686 686 686 554 554 554 554 554 554 554 553 553 553 553 553 553 552 552 552 552 552 552 551 551 551 551 551 550 550 550 550 550 549 515 515 515 515 515 515
688 688 688 688 688 688 688 688 688 688 688 688 688 688 688 688 688 688 688 688 688 688 688 688 688 688 688 688 688 688 688 688 688 688 688 687 687 687 687 687 687 687 687 687 687 687 686 686 686 686 686 686 686 686 686 685 685 554 554 554 554 554 553 553 553 553 553 553 552 552 552 552 552 552 551 551 551 551 551 551 550 550 550 550 550 549 549 515 515 515 515 515 515
688 688 688 688 688 688 688 688 688 688 688 688 688 688 688 688 688 688 688 688 688 688 688 688 688 688 688 688 688 688 688 687 687 687 687 687 687 687 687 687 687 687 687 687 686 686 686 686 686 686 686 686 686 685 685 685 685 554 554 554 553 553 553 553 553 553 553 552 552 552 552 552 552 551 551 551 551 551 550 550 550 550 550 550 549 549 515 515 515 515 515 515 515
