testData/tiles/oneDegreeCosts/grid23.0-10.0-24.0-11.0.asc
ncols   200
nrows   200
xllcorner   23.0
yllcorner   10.0
cellsize   0.005
NODATA_value   -9999.0
[rows 126 to 167 of 200, columns 94 to 187 of 200]
403 403 403 403 404 404 404 404 405 405 405 405 406 406 406 406 407 407 407 407 408 408 408 409 410 410 410 410 411 411 411 411 412 412 412 412 412 413 413 413 413 414 414 414 414 415 415 415 415 416 416 416 416 417 417 417 417 418 418 418 418 419 419 419 419 420 420 420 420 420 421 421 421 421 422 422 422 422 423 423 423 423 424 424 424 424 425 425 425 425 425 426 497 497
403 403 403 403 404 404 404 404 405 405 405 405 406 406 406 406 407 407 407 407 408 408 408 408 409 409 409 409 410 410 411 411 412 412 412 412 413 413 413 413 414 414 414 414 415 415 415 415 415 416 416 416 416 417 417 417 417 418 418 418 418 419 419 419 419 420 420 420 420 421 421 421 421 422 422 422 422 422 423 423 423 423 424 424 424 424 425 425 425 425 426 426 497 497
402 402 402 403 404 404 404 404 405 405 405 405 406 406 406 406 407 407 407 407 408 408 408 408 409 409 409 409 410 410 410 410 411 411 411 411 412 412 413 413 414 414 414 414 415 415 415 415 416 416 416 416 417 417 417 417 417 418 418 418 418 419 419 419 419 420 420 420 420 421 421 421 421 422 422 422 422 423 423 423 423 424 424 424 424 424 425 425 425 424 425 425 496 496
402 402 402 402 403 403 403 404 405 405 405 405 406 406 406 406 407 407 407 407 408 408 408 408 409 409 409 409 410 410 410 410 411 411 411 411 412 412 412 412 413 413 413 413 414 414 414 414 415 415 415 415 416 417 417 417 418 418 418 418 419 419 419 419 419 420 420 420 420 421 421 421 421 422 421 421 421 422 422 422 422 423 423 423 423 424 424 424 424 424 425 425 496 496
402 402 402 403 403 403 403 403 404 404 404 404 406 406 406 406 407 407 407 407 408 408 408 408 409 409 409 409 410 410 410 410 411 411 411 411 412 412 412 412 413 413 413 413 414 414 414 414 415 415 415 415 416 416 416 416 417 417 417 417 418 418 418 418 419 419 419 419 420 420 420 420 420 421 421 421 421 422 422 422 422 423 423 423 423 424 424 424 424 425 425 425 496 496
402 402 402 403 403 403 403 404 404 404 404 405 405 405 405 406 406 407 407 408 408 408 408 408 409 409 409 409 410 410 410 410 411 411 411 411 412 412 412 412 413 413 413 413 414 414 414 414 415 415 415 415 416 416 416 416 417 417 417 417 418 418 418 418 419 419 419 419 420 420 420 420 421 421 421 421 422 422 422 422 422 423 423 423 423 424 424 424 424 425 425 425 496 497
402 402 402 403 403 403 403 404 404 404 404 405 405 405 405 406 406 406 406 407 407 407 407 409 409 409 409 410 410 410 410 411 411 411 411 412 412 412 412 412 413 413 413 413 414 414 414 414 415 415 415 415 416 416 416 416 417 417 417 417 418 418 418 418 419 419 419 419 420 420 420 420 421 421 421 421 422 422 422 422 423 423 423 423 424 424 424 424 424 425 425 425 496 497
402 402 402 403 403 403 403 404 404 404 404 405 405 405 405 406 406 406 406 407 407 407 407 408 408 408 408 409 409 409 409 411 411 411 411 412 412 412 412 413 413 413 413 414 414 414 414 415 415 415 415 415 416 416 416 416 417 417 417 417 418 418 418 418 419 419 419 419 420 420 420 420 421 421 421 421 422 422 422 422 423 423 423 423 424 424 424 424 425 425 425 425 497 497
401 401 401 403 403 403 403 404 404 404 404 405 405 405 405 406 406 406 406 407 407 407 407 408 408 408 408 409 409 409 409 410 410 410 410 411 411 411 411 412 413 413 413 414 414 414 414 415 415 415 415 416 416 416 416 417 417 417 417 418 418 418 418 418 419 419 419 419 420 420 420 420 421 421 421 421 422 422 422 422 423 423 423 423 424 424 424 423 424 424 424 424 496 496
401 401 401 402 402 402 402 403 404 404 404 405 405 405 405 406 406 406 406 407 407 407 407 408 408 408 408 409 409 409 409 410 410 410 410 411 411 411 411 412 412 412 412 413 413 413 413 414 414 414 414 415 415 415 415 416 416 416 416 418 418 418 418 419 419 419 419 420 419 419 419 420 420 420 420 420 421 421 421 421 422 422 422 422 423 423 423 423 424 424 424 424 496 496
401 401 401 402 402 402 402 403 403 403 403 404 404 405 405 406 406 406 406 407 407 407 407 408 408 408 408 409 409 409 409 410 410 410 410 411 411 411 411 412 412 412 412 413 413 413 413 414 414 414 414 415 415 415 415 416 416 416 416 417 417 417 417 418 418 418 418 419 419 419 419 420 420 420 420 421 421 421 421 422 422 422 422 423 423 423 423 423 424 424 424 424 496 496
401 401 401 402 402 402 402 403 403 403 403 404 404 404 404 405 405 405 405 407 407 407 407 408 408 408 408 409 409 409 409 410 410 410 410 411 411 411 411 412 412 412 412 413 413 413 413 414 414 414 414 415 415 415 415 416 416 416 416 417 417 417 417 418 418 418 418 419 419 419 419 420 420 420 420 421 421 421 421 422 422 422 422 423 423 423 423 424 424 424 424 425 496 496
401 401 401 402 402 402 402 403 403 403 403 404 404 404 404 405 405 405 405 406 406 406 406 407 407 408 408 409 409 409 409 410 410 410 410 411 411 411 411 412 412 412 412 413 413 413 413 414 414 414 414 415 415 415 415 416 416 416 416 417 417 417 417 418 418 418 418 419 419 419 419 420 420 420 420 421 421 421 421 422 422 422 422 423 423 423 423 424 424 424 424 425 496 496
400 401 401 402 402 402 402 403 403 403 403 404 404 404 404 405 405 405 405 406 406 406 406 407 407 407 407 408 408 408 408 409 409 410 410 411 411 411 411 412 412 412 412 413 413 413 413 414 414 414 414 415 415 415 415 416 416 416 416 417 417 417 417 418 418 418 418 419 419 419 419 420 420 420 420 421 421 421 421 422 422 422 422 423 423 423 423 424 424 424 424 425 496 496
400 400 400 401 401 402 402 403 403 403 403 404 404 404 404 405 405 405 405 406 406 406 406 407 407 407 407 408 408 408 408 409 409 409 409 410 410 410 410 411 411 411 411 412 413 413 413 414 414 414 414 415 415 415 415 416 416 416 416 417 417 417 417 418 418 418 418 419 419 419 419 420 420 420 420 421 421 421 421 422 422 422 422 422 422 422 422 423 423 423 423 424 495 495
400 400 400 401 401 401 401 402 402 402 403 404 404 404 404 405 405 405 405 406 406 406 406 407 407 407 407 408 408 408 408 409 409 409 409 410 410 410 410 411 411 411 411 412 412 412 412 413 413 413 413 414 414 414 414 415 415 415 415 416 416 416 416 417 417 417 417 418 418 418 418 419 419 419 419 420 420 420 420 421 421 421 421 422 422 422 422 423 423 423 423 424 424 495
400 400 400 401 401 401 401 402 402 402 402 403 403 403 403 404 405 405 405 406 406 406 406 407 407 407 407 408 408 408 408 409 409 409 409 410 410 410 410 411 411 411 411 412 412 412 412 413 413 413 413 414 414 414 414 415 415 415 415 416 416 416 416 417 417 417 417 418 418 418 418 419 419 419 419 420 420 420 420 421 421 421 421 422 422 422 422 423 423 423 423 424 424 495
400 400 400 401 401 401 401 402 402 402 402 403 403 403 403 404 404 404 404 405 405 405 406 407 407 407 407 408 408 408 408 409 409 409 409 410 410 410 410 411 411 411 411 412 412 412 412 413 413 413 413 414 414 414 414 415 415 415 415 416 416 416 416 417 417 417 417 418 418 418 418 419 419 419 419 420 420 420 420 421 421 421 421 422 422 422 422 423 423 423 423 424 424 495
400 400 400 401 401 401 401 402 402 402 402 403 403 403 403 404 404 404 404 405 405 405 405 406 406 406 406 407 407 408 408 409 409 409 409 410 410 410 410 411 411 411 411 412 412 412 412 413 413 413 413 414 414 414 414 415 415 415 415 416 416 416 416 417 417 417 417 418 418 418 418 419 419 419 419 420 420 420 420 421 421 421 421 422 422 422 422 423 423 423 423 424 424 495
399 399 399 401 401 401 401 402 402 402 402 403 403 403 403 404 404 404 404 405 405 405 405 406 406 406 406 407 407 407 407 408 408 408 408 409 409 409 410 411 411 411 411 412 412 412 412 413 413 413 413 414 414 414 414 415 415 415 415 416 416 416 416 417 417 417 417 418 418 418 418 419 419 419 419 420 420 420 420 421 421 421 421 422 422 422 422 423 423 422 422 423 423 494
399 399 400 400 400 400 401 401 402 402 403 403 403 403 404 404 404 404 405 405 405 405 406 406 406 406 407 407 407 407 408 408 408 408 409 409 409 409 410 410 410 410 411 411 411 411 412 412 412 412 413 413 413 413 415 415 415 415 416 416 416 416 417 417 417 417 418 418 418 418 419 419 419 418 419 419 419 419 420 420 420 420 421 421 421 421 422 422 422 422 423 423 423 494
399 399 399 400 400 400 400 401 401 401 401 402 402 403 403 404 404 404 404 405 405 405 405 406 406 406 406 407 407 407 407 408 408 408 408 409 409 409 409 410 410 410 410 411 411 411 411 412 412 412 412 413 413 413 413 414 414 414 414 415 415 415 415 416 416 416 416 417 417 417 417 418 418 418 418 419 419 419 419 420 420 420 420 421 421 421 421 422 422 422 422 423 423 494
399 399 399 400 400 400 400 401 401 401 401 402 402 402 402 403 403 403 403 405 405 405 405 406 406 406 406 407 407 407 407 408 408 408 408 409 409 409 409 410 410 410 410 411 411 411 411 412 412 412 412 413 413 413 413 414 414 414 414 415 415 415 415 416 416 416 416 417 417 417 417 418 418 418 418 419 419 419 419 420 420 420 420 421 421 421 421 422 422 422 422 423 423 494
399 399 399 400 400 400 400 401 401 401 401 402 402 402 402 403 403 403 403 404 404 404 404 405 405 405 406 407 407 407 407 408 408 408 408 409 409 409 409 410 410 410 410 411 411 411 411 412 412 412 412 413 413 413 413 414 414 414 414 415 415 415 415 416 416 416 416 417 417 417 417 418 418 418 418 419 419 419 419 420 420 420 420 421 421 421 421 422 422 422 422 423 423 494
398 398 399 400 400 400 400 401 401 401 401 402 402 402 402 403 403 403 403 404 404 404 404 405 405 405 405 406 406 406 406 407 407 407 407 409 409 409 409 410 410 410 410 411 411 411 411 412 412 412 412 413 413 413 413 414 414 414 414 415 415 415 415 416 416 416 416 417 417 417 417 418 418 418 418 419 419 419 419 420 420 420 420 421 421 421 421 422 422 422 422 423 422 493
398 398 398 399 399 399 399 401 401 401 401 402 402 402 402 403 403 403 403 404 404 404 404 405 405 405 405 406 406 406 406 407 407 407 407 408 408 408 408 409 409 409 409 410 410 410 410 412 412 412 412 413 413 413 413 414 414 414 414 415 415 415 415 416 416 416 416 417 417 417 417 418 418 418 418 419 419 419 419 420 419 419 419 420 420 420 420 421 421 421 421 422 422 493
398 398 398 399 399 399 399 400 400 400 400 401 402 402 402 403 403 403 403 404 404 404 404 405 405 405 405 406 406 406 406 407 407 407 407 408 408 408 408 409 409 409 409 410 410 410 410 411 411 411 411 412 412 412 412 413 413 413 413 414 414 414 414 415 415 415 415 416 416 416 416 417 417 417 417 418 418 418 418 419 419 419 419 420 420 420 420 421 421 421 421 422 422 493
398 398 398 399 399 399 399 400 400 400 400 401 401 401 401 402 402 402 403 404 404 404 404 405 405 405 405 406 406 406 406 407 407 407 407 408 408 408 408 409 409 409 409 410 410 410 410 411 411 411 411 412 412 412 412 413 413 413 413 414 414 414 414 415 415 415 415 416 416 416 416 417 417 417 417 418 418 418 418 419 419 419 419 420 420 420 420 421 421 421 421 422 422 422
398 398 398 399 399 399 399 400 400 400 400 401 401 401 401 402 402 402 402 403 403 403 403 404 404 405 405 406 406 406 406 407 407 407 407 408 408 408 408 409 409 409 409 410 410 410 410 411 411 411 411 412 412 412 412 413 413 413 413 414 414 414 414 415 415 415 415 416 416 416 416 417 417 417 417 418 418 418 418 419 419 419 419 420 420 420 420 421 421 421 421 422 422 422
397 397 398 399 399 399 399 400 400 400 400 401 401 401 401 402 402 402 402 403 403 403 403 404 404 404 404 405 405 405 405 406 406 407 407 408 408 408 408 409 409 409 409 410 410 410 410 411 411 411 411 412 412 412 412 413 413 413 413 414 414 414 414 415 415 415 415 416 416 416 416 417 417 417 417 418 418 418 418 419 419 419 419 420 420 420 420 421 421 421 421 422 422 422
397 397 397 398 398 398 399 400 400 400 400 401 401 401 401 402 402 402 402 403 403 403 403 404 404 404 404 405 405 405 405 406 406 406 406 407 407 407 407 408 408 408 408 409 410 410 410 411 411 411 411 412 412 412 412 413 413 413 413 414 414 414 414 415 415 415 415 416 416 416 416 417 417 417 417 418 418 418 418 419 419 419 419 419 419 419 419 419 420 420 420 420 421 421
397 397 397 398 398 398 398 399 399 399 399 400 401 401 401 402 402 402 402 403 403 403 403 404 404 404 404 405 405 405 405 406 406 406 406 407 407 407 407 408 408 408 408 409 409 409 409 410 410 410 410 411 411 411 411 412 412 412 412 413 413 413 413 414 414 414 414 415 415 415 415 416 416 416 416 416 417 417 417 417 418 418 418 418 419 419 419 419 420 420 420 420 421 421
397 397 397 398 398 398 398 399 399 399 399 400 400 400 400 401 401 401 402 403 403 403 403 404 404 404 404 405 405 405 405 406 406 406 406 407 407 407 407 408 408 408 408 409 409 409 409 410 410 410 410 411 411 411 411 412 412 412 412 413 413 413 413 413 414 414 414 414 415 415 415 415 416 416 416 416 417 417 417 417 418 418 418 418 419 419 419 419 420 420 420 420 421 421
397 397 397 398 398 398 398 399 399 399 399 400 400 400 400 401 401 401 401 402 402 402 402 403 404 404 404 405 405 405 405 406 406 406 406 407 407 407 407 408 408 408 408 409 409 409 409 410 410 410 410 410 411 411 411 411 412 412 412 412 413 413 413 413 414 414 414 414 415 415 415 415 416 416 416 416 417 417 417 417 418 418 418 418 419 419 419 419 420 420 420 420 421 421
396 396 397 398 398 398 398 399 399 399 399 400 400 400 400 401 401 401 401 402 402 402 402 403 403 403 403 404 404 404 404 405 405 406 406 407 407 407 407 407 408 408 408 408 409 409 409 409 410 410 410 410 411 411 411 411 412 412 412 412 413 413 413 413 414 414 414 414 415 415 415 415 416 416 416 416 417 417 417 417 418 418 418 418 419 419 419 419 419 420 420 420 420 421
396 396 396 397 397 397 397 399 399 399 399 400 400 400 400 401 401 401 401 402 402 402 402 402 403 403 403 403 404 404 404 404 405 405 405 405 406 406 406 406 407 407 407 407 409 409 409 409 410 410 410 410 411 411 411 411 412 412 412 412 413 413 413 413 414 414 414 414 415 415 415 415 416 416 416 416 417 417 417 417 417 418 418 417 417 418 418 418 418 419 419 419 419 420
396 396 396 397 397 397 397 397 398 398 398 398 400 400 400 400 401 401 401 401 402 402 402 402 403 403 403 403 404 404 404 404 405 405 405 405 406 406 406 406 407 407 407 407 408 408 408 408 409 409 409 409 410 410 410 410 411 411 411 411 412 412 412 412 413 413 413 413 414 414 414 414 414 415 415 415 415 416 416 416 416 417 417 417 417 418 418 418 418 419 419 419 419 419
396 396 396 396 397 397 397 397 398 398 398 398 399 399 399 399 400 400 401 401 402 402 402 402 403 403 403 403 404 404 404 404 405 405 405 405 406 406 406 406 407 407 407 407 408 408 408 408 409 409 409 409 410 410 410 410 411 411 411 411 412 412 412 412 412 413 413 413 413 414 414 414 414 415 415 415 415 416 416 416 416 417 417 417 417 418 418 418 418 418 419 419 419 419
396 396 396 396 397 397 397 397 398 398 398 398 399 399 399 399 400 400 400 400 401 401 401 401 402 403 403 403 404 404 404 404 405 405 405 405 406 406 406 406 407 407 407 407 408 408 408 408 409 409 409 409 410 410 410 410 410 411 411 411 411 412 412 412 412 413 413 413 413 414 414 414 414 415 415 415 415 416 416 416 416 417 417 417 417 417 418 418 418 418 419 419 419 419
395 395 395 396 397 397 397 397 398 398 398 398 399 399 399 399 400 400 400 400 401 401 401 401 402 402 402 402 403 403 403 403 404 404 405 405 406 406 406 406 407 407 407 407 408 408 408 408 408 409 409 409 409 410 410 410 410 411 411 411 411 412 412 412 412 413 413 413 413 414 414 414 414 415 415 415 415 415 416 416 416 416 417 417 417 417 418 418 418 418 419 419 419 418
395 395 395 395 396 396 396 396 398 398 398 398 399 399 399 399 400 400 400 400 401 401 401 401 402 402 402 402 403 403 403 403 404 404 404 404 404 405 405 405 405 406 406 406 406 407 408 408 408 409 409 409 409 410 410 410 410 411 411 411 411 412 412 412 412 413 413 413 413 413 414 414 414 414 415 415 415 415 416 416 416 415 416 416 416 416 417 417 417 417 417 418 418 418
395 395 395 395 396 396 396 396 397 397 397 397 398 399 399 399 400 400 400 400 401 401 401 401 402 402 402 402 402 403 403 403 403 404 404 404 404 405 405 405 405 406 406 406 406 407 407 407 407 408 408 408 408 409 409 409 409 410 410 410 410 411 411 411 411 411 412 412 412 412 413 413 413 413 414 414 414 414 415 415 415 415 415 416 416 416 416 417 417 417 417 418 418 418
