testData/tiles/oneDegreeCosts/grid5.0-4.0-6.0-5.0.asc
ncols   200
nrows   200
xllcorner   5.0
yllcorner   4.0
cellsize   0.005
NODATA_value   -9999.0
[rows 126 to 167 of 200, columns 0 to 93 of 200]
398 398 398 398 398 399 397 397 397 397 397 397 398 397 396 396 396 396 396 396 395 395 393 393 393 392 391 391 391 390 390 390 390 389 389 388 388 388 388 387 387 387 386 386 386 384 384 384 384 383 382 382 381 380 380 380 379 380 380 379 379 378 379 379 379 378 377 378 379 379 379 378 377 377 377 376 376 376 377 376 375 375 375 375 374 374 374 374 374 373 373 373 373 372
398 398 398 398 398 399 398 397 397 397 397 397 398 397 397 396 396 396 397 396 395 395 393 393 393 392 391 391 391 390 390 390 388 389 389 389 388 388 388 386 387 387 386 386 385 384 384 384 384 383 382 382 381 380 380 380 379 380 380 379 379 378 378 379 379 378 377 377 379 379 379 378 377 377 377 377 376 376 376 376 375 375 375 375 374 374 374 374 374 373 373 373 372 371
398 398 398 398 398 399 398 397 397 397 397 397 398 397 397 396 396 396 396 396 395 395 394 393 393 392 391 391 391 390 390 390 388 389 389 389 388 388 387 386 386 387 386 386 385 384 384 384 383 384 382 382 381 380 380 379 379 379 380 379 379 378 378 379 379 378 377 377 378 379 379 378 377 377 377 376 376 376 376 375 374 375 375 375 374 374 374 374 373 373 373 373 371 371
398 398 398 398 398 398 398 397 397 397 397 397 398 397 397 396 396 396 396 395 395 395 394 393 393 392 391 391 391 390 390 390 388 388 389 389 388 388 386 386 386 386 386 386 385 384 384 384 383 383 382 382 381 381 380 379 379 379 379 379 379 378 378 379 379 378 377 377 377 378 379 378 377 377 377 376 377 376 376 375 374 374 375 375 374 373 374 374 373 373 373 373 371 371
398 398 398 398 398 398 398 397 397 397 397 397 396 397 397 396 396 396 396 395 395 395 395 394 392 392 391 391 391 391 390 390 388 388 388 389 388 388 386 386 386 386 386 386 385 384 384 384 383 383 382 382 381 381 380 379 379 379 378 377 379 378 378 378 379 378 377 377 377 378 377 378 377 377 377 376 377 376 376 375 374 374 374 375 374 373 374 374 373 373 373 373 371 371
398 398 398 398 398 397 398 397 397 397 397 397 396 397 397 396 396 396 396 395 395 395 395 394 392 392 391 391 391 391 390 389 388 388 388 388 388 388 386 386 386 386 386 386 385 384 384 384 383 383 382 381 381 381 380 379 379 379 378 377 377 378 378 378 379 377 377 377 377 378 377 377 377 377 377 376 376 376 376 375 374 374 374 374 373 373 374 374 373 373 373 373 371 371
398 398 398 398 398 397 398 398 397 397 397 397 396 396 397 396 396 396 396 395 395 395 395 393 393 392 391 391 391 391 390 389 388 388 388 388 388 388 386 386 386 386 386 385 385 384 384 384 383 383 382 382 380 381 380 379 379 379 378 377 377 377 378 378 378 377 377 377 377 377 377 377 376 377 377 376 376 377 375 374 374 374 374 374 373 372 373 374 373 373 373 373 371 371
398 398 398 398 398 397 397 398 397 397 397 397 396 396 396 396 396 396 396 395 395 394 394 393 393 391 391 391 391 391 389 389 388 388 388 388 388 388 386 386 386 386 386 385 384 384 384 384 384 382 382 381 380 380 380 379 379 379 378 377 376 377 377 378 378 377 377 377 377 377 377 377 376 376 377 376 376 377 375 374 374 374 374 374 373 372 372 373 373 373 373 373 371 371
398 398 398 398 398 397 397 398 397 397 397 397 396 396 396 396 395 395 395 394 394 394 394 393 393 392 391 391 391 391 389 389 388 388 388 388 388 386 386 386 386 386 386 385 383 383 384 384 384 382 382 381 381 380 379 379 379 379 378 377 376 377 377 377 377 377 377 377 377 377 377 377 376 376 376 375 376 376 376 374 374 374 374 374 373 372 372 373 372 373 373 373 371 371
398 398 398 398 398 397 397 397 397 397 397 397 396 396 396 396 395 395 395 394 394 394 394 393 393 392 391 391 391 390 389 389 388 388 388 388 388 386 385 386 386 386 386 384 383 383 383 384 384 382 382 381 381 380 379 378 379 379 378 377 376 377 377 377 377 375 377 377 377 377 376 376 376 376 376 375 375 376 376 374 374 374 374 373 373 372 372 372 372 372 372 373 371 371
398 398 398 398 397 397 397 397 396 397 397 397 396 396 396 396 395 395 394 394 394 394 394 393 393 392 392 391 390 390 389 388 388 388 388 388 387 385 385 385 386 386 386 384 383 383 383 383 384 382 382 381 381 380 378 378 378 379 378 378 376 376 377 377 376 375 376 377 377 377 376 376 376 376 375 375 375 375 375 374 374 374 374 373 373 372 372 372 372 372 372 371 370 371
398 398 398 398 397 397 397 397 396 396 397 396 396 396 396 396 395 395 394 394 394 394 394 393 393 392 392 390 390 390 389 388 388 388 388 388 387 385 385 385 385 386 386 383 383 383 383 383 383 382 381 381 381 381 378 378 378 377 378 378 376 376 377 377 376 375 376 376 377 376 376 376 376 376 375 375 375 375 374 374 374 374 374 373 373 372 372 371 371 372 372 370 370 370
398 398 398 398 397 397 397 397 396 396 396 396 396 396 396 396 395 395 394 394 394 394 394 393 393 392 391 391 390 390 389 388 388 388 388 387 387 385 385 385 385 385 386 383 383 383 383 383 383 381 381 381 381 381 378 378 378 377 377 377 376 376 376 377 375 375 375 376 376 375 376 375 376 376 375 375 375 375 374 374 373 373 374 373 372 372 372 371 371 372 372 370 370 370
398 398 398 398 397 397 397 397 396 396 396 395 395 396 396 396 395 395 394 394 394 394 394 394 391 391 391 391 390 390 389 388 388 388 388 387 387 385 385 385 385 385 384 383 383 383 383 383 382 381 380 381 381 381 379 378 378 377 377 376 375 376 376 377 375 375 375 376 376 375 375 375 376 376 375 375 375 374 373 373 373 373 373 372 372 372 372 371 371 372 372 370 370 370
398 398 397 398 397 397 397 397 396 396 396 395 395 395 395 396 395 395 394 394 394 394 393 393 391 391 391 391 391 390 389 388 388 388 387 387 387 385 385 385 385 385 384 382 383 383 383 383 382 380 380 380 381 381 380 378 377 377 377 376 375 375 376 376 375 375 375 376 376 375 374 374 374 376 375 375 375 374 373 373 374 373 373 372 371 372 372 371 371 371 372 370 370 370
398 398 397 396 397 397 397 397 396 396 395 395 395 395 395 395 394 393 393 393 393 393 393 393 391 391 391 391 391 390 389 388 388 387 387 387 386 385 385 385 385 384 383 382 382 383 383 383 382 380 380 380 380 379 380 378 377 377 377 376 375 375 375 375 375 375 375 375 376 375 374 374 374 374 375 375 375 374 373 373 374 373 372 372 371 371 371 371 371 371 372 370 370 370
398 398 398 396 396 397 397 397 396 396 395 395 395 395 395 395 394 393 393 393 393 393 393 393 391 391 391 391 391 391 389 388 387 387 387 387 386 385 385 385 385 384 383 382 382 382 383 383 381 380 380 380 380 379 379 379 377 377 377 376 375 375 375 374 374 375 375 375 376 375 374 374 374 374 374 374 375 374 373 373 373 373 372 372 371 371 370 370 370 371 369 370 370 370
398 398 398 396 396 396 397 397 396 396 395 395 395 395 395 395 394 393 393 393 393 393 393 392 391 391 391 391 391 391 389 387 387 387 387 387 386 385 385 385 384 384 383 382 382 382 382 383 381 380 380 380 380 379 379 377 377 377 376 376 375 375 374 373 374 374 375 375 375 375 374 374 374 373 374 374 373 374 373 373 373 374 372 371 371 371 370 370 370 370 368 370 370 370
398 398 398 397 396 396 396 396 396 396 395 395 395 395 395 395 394 393 393 393 393 393 393 392 391 391 391 391 391 390 389 387 387 387 387 387 386 385 385 384 384 384 383 382 382 382 382 380 380 380 380 380 380 379 379 377 377 377 376 376 375 375 374 373 373 374 374 374 374 374 374 374 374 373 374 374 373 372 372 373 373 374 372 371 371 371 370 370 370 370 368 369 369 369
398 398 397 397 396 396 396 396 395 394 395 395 395 395 395 395 393 393 393 393 393 393 393 392 391 391 391 390 390 389 389 387 387 387 387 386 386 385 384 384 384 383 383 382 382 382 382 380 380 379 380 380 380 379 378 377 377 376 375 376 375 375 374 373 373 374 374 374 373 374 374 374 374 373 374 374 373 372 372 372 372 372 372 371 371 371 370 370 370 370 368 368 369 369
398 398 397 397 397 396 396 396 395 394 394 394 395 395 395 395 393 393 393 393 393 393 393 392 391 390 390 390 390 389 388 387 387 387 387 386 386 384 384 384 384 383 383 382 382 382 381 380 380 379 379 380 379 379 378 377 377 376 375 375 375 374 374 373 373 374 374 374 372 372 373 374 373 373 373 374 373 372 372 372 372 371 372 371 371 370 370 370 370 370 368 368 369 368
397 398 397 397 397 396 396 396 395 394 394 394 394 394 394 394 392 393 393 393 392 392 391 391 390 390 390 390 390 389 388 388 387 387 387 386 385 384 384 384 384 383 383 382 382 381 380 380 380 379 379 379 379 378 377 377 377 375 375 375 374 373 373 373 373 373 374 373 372 372 373 373 373 373 373 373 373 372 372 372 372 371 370 370 370 370 370 370 370 368 368 368 368 368
397 396 397 397 397 397 396 396 394 394 394 394 394 394 394 393 392 392 392 392 392 392 391 390 390 390 390 390 389 389 388 388 387 387 387 385 385 384 384 384 383 383 383 382 381 381 380 380 380 379 379 379 378 377 377 377 377 376 375 375 373 373 372 373 373 373 374 373 372 372 373 373 372 372 373 372 372 372 372 372 372 371 370 370 370 369 369 370 370 368 368 368 368 368
397 396 396 397 397 397 396 396 394 394 394 394 394 394 394 393 392 392 392 392 392 392 391 390 390 390 390 390 389 389 388 388 388 387 385 385 385 384 384 384 383 383 383 382 381 381 380 380 380 379 379 378 377 377 376 377 377 376 375 375 373 373 372 372 372 373 373 372 372 372 372 372 372 372 371 371 372 372 372 372 371 371 370 370 370 369 369 369 369 367 368 368 368 368
397 396 396 396 396 397 397 396 394 394 394 394 394 394 394 393 392 392 392 392 392 391 391 390 390 390 390 390 389 389 388 388 387 386 385 385 385 384 384 384 383 383 383 381 381 381 380 380 380 379 379 377 377 377 376 376 375 376 375 374 373 372 372 372 372 372 372 372 372 372 372 372 372 372 371 371 371 371 372 372 371 370 370 370 369 369 369 369 367 367 367 367 367 367
396 396 396 396 396 396 396 395 394 394 394 394 394 394 393 393 392 392 392 392 392 391 391 390 390 390 390 389 389 389 387 387 387 386 385 385 385 384 384 384 383 383 382 381 381 380 380 380 380 379 379 377 377 377 376 376 375 375 376 373 373 372 372 372 372 372 370 371 372 372 372 372 372 372 371 370 370 371 371 371 371 370 370 370 369 369 369 369 367 367 367 367 366 366
396 396 396 396 396 396 396 395 393 394 394 394 394 394 393 393 392 392 392 392 392 391 391 390 390 390 390 389 388 388 387 387 387 386 385 385 385 384 384 383 383 382 382 381 381 380 380 380 380 379 377 377 377 377 376 376 375 375 374 372 373 372 372 372 372 372 370 370 371 371 372 371 372 371 371 370 370 371 371 371 369 369 370 370 368 369 369 369 367 367 367 367 366 366
396 396 396 396 396 396 396 395 393 393 393 393 394 394 393 393 392 392 392 392 391 391 391 390 390 389 389 388 388 388 387 387 387 386 385 385 385 384 384 382 382 382 382 381 381 380 380 380 380 378 377 377 377 377 376 375 375 374 374 372 372 372 372 372 372 370 370 370 371 371 370 370 372 371 371 370 370 371 371 370 369 369 369 368 368 369 369 368 367 367 367 367 366 366
396 396 396 396 396 396 395 395 393 393 393 393 393 392 392 391 391 391 391 391 390 390 390 389 389 389 388 388 388 388 387 387 386 386 385 385 384 384 382 382 382 382 382 381 380 380 380 380 378 378 377 377 377 377 376 375 375 374 374 373 371 371 371 372 372 370 370 370 371 371 370 370 369 370 370 370 370 370 371 370 369 369 369 368 368 368 368 367 367 367 367 366 366 366
396 396 396 396 396 396 395 394 394 393 393 393 393 392 392 391 391 391 391 390 390 390 390 389 389 389 388 388 388 388 387 387 386 386 386 385 384 383 382 382 382 382 381 381 380 380 380 379 378 377 377 377 377 377 376 375 374 374 374 373 371 371 371 371 370 370 370 370 370 371 370 370 369 370 369 369 370 370 371 369 369 369 369 368 368 367 367 366 366 367 367 366 366 366
395 395 396 396 396 395 395 394 394 393 393 393 392 392 392 391 391 391 391 390 390 390 390 389 389 389 388 388 388 388 387 387 386 386 386 384 383 383 382 382 382 382 381 380 380 380 379 379 378 377 377 377 377 377 375 374 374 374 374 372 371 371 371 370 369 369 369 370 370 370 370 369 369 370 369 369 369 369 369 369 369 369 368 368 368 367 367 366 366 366 366 365 366 365
395 395 395 395 396 395 395 394 394 394 393 393 392 392 392 391 391 391 391 390 390 390 389 389 389 388 388 388 388 387 387 386 386 385 385 384 383 382 382 382 382 382 381 380 380 379 379 379 378 377 377 377 377 377 374 374 374 374 374 372 371 371 371 370 369 369 369 369 370 369 370 369 369 368 369 369 369 369 367 368 369 369 368 368 368 367 365 366 366 366 365 365 365 364
395 395 395 395 395 394 395 394 394 394 393 393 392 392 392 391 391 391 390 390 390 390 389 389 389 388 388 388 388 387 387 385 385 385 385 385 383 382 382 382 382 382 381 380 379 379 379 379 377 377 377 377 377 376 374 374 374 374 374 372 372 371 370 370 369 369 369 369 368 368 369 369 369 368 369 369 369 368 367 368 368 368 367 368 368 367 365 366 366 366 365 365 364 364
395 395 395 395 394 394 394 393 393 394 393 392 392 392 392 391 391 391 390 390 390 390 389 389 388 388 388 388 387 386 385 385 385 385 385 385 382 382 382 382 382 382 380 379 379 379 379 379 377 377 377 377 377 374 374 374 374 374 373 372 372 370 370 369 369 369 369 369 368 367 368 368 368 368 368 369 369 367 367 367 368 367 367 367 367 366 365 365 366 365 365 365 364 363
395 395 395 395 394 394 393 393 393 393 393 391 391 392 391 391 391 390 390 390 390 390 389 389 387 387 387 387 387 386 385 385 385 385 385 384 382 382 382 382 382 381 379 379 379 379 379 378 377 377 377 377 376 374 374 374 374 374 372 372 372 370 370 369 369 369 369 369 368 367 367 368 367 367 367 369 369 367 367 367 368 367 367 367 366 365 364 364 366 365 365 365 364 363
395 395 395 394 394 394 393 393 393 393 392 391 391 391 390 390 390 389 389 389 389 389 388 387 387 387 387 387 387 386 385 385 385 385 385 384 382 382 382 382 381 380 379 379 379 379 379 377 377 377 377 376 375 374 374 374 374 373 372 372 371 370 369 369 369 369 369 368 367 367 367 368 367 367 367 368 366 367 367 367 367 367 367 367 366 365 364 364 365 364 364 364 363 363
395 395 395 394 394 394 393 393 393 393 392 391 391 391 390 390 389 389 389 389 389 388 388 387 387 387 387 387 387 385 385 385 385 385 385 383 383 382 381 381 381 379 379 379 379 379 378 377 377 377 376 376 375 374 374 374 374 373 372 371 371 371 369 369 369 369 369 367 367 367 367 366 367 367 367 366 366 366 366 367 366 367 367 366 365 365 364 364 363 364 364 363 362 362
394 395 394 394 394 394 393 393 393 392 392 392 391 391 390 390 389 389 389 389 389 388 387 387 387 387 387 387 386 385 385 385 385 385 385 383 382 381 381 381 380 379 379 379 379 379 378 377 376 376 376 375 375 374 374 374 374 373 371 371 371 371 369 369 369 369 368 367 367 367 367 366 367 367 367 365 366 366 366 366 365 365 367 366 365 365 365 364 363 364 363 363 362 362
394 394 393 394 394 393 393 393 393 392 392 392 391 391 390 389 389 389 389 389 389 388 387 387 387 387 387 387 385 385 385 385 385 385 383 382 382 381 381 381 380 379 379 379 379 379 378 376 376 376 376 375 374 374 374 374 373 372 371 371 371 370 369 369 369 369 367 367 367 367 367 366 367 367 366 365 365 366 366 365 365 365 365 364 365 365 365 363 363 363 363 362 362 362
394 393 393 393 393 392 393 393 392 392 392 392 391 390 390 389 389 389 389 389 389 387 387 387 387 387 387 387 385 385 385 384 384 384 382 382 382 381 381 380 380 379 379 379 379 378 377 376 376 376 375 375 374 374 374 374 372 371 371 371 371 370 369 369 369 367 367 367 367 367 366 366 366 366 366 365 365 366 366 365 365 364 365 364 364 364 364 363 363 362 363 362 362 362
393 393 393 393 393 392 392 392 391 392 392 392 392 390 389 389 389 389 389 389 389 387 387 387 387 387 387 386 384 384 384 384 384 383 382 382 382 382 381 380 379 379 379 379 378 377 376 376 376 376 375 375 374 374 374 372 372 371 371 371 370 370 370 369 368 367 367 367 367 367 366 366 366 366 365 365 365 366 365 365 365 364 364 364 364 364 364 362 362 361 361 362 362 362
393 393 393 393 393 392 392 391 391 391 391 391 391 389 388 388 389 389 389 389 387 386 386 386 386 386 386 384 384 384 384 384 384 383 382 382 382 382 380 380 379 379 379 378 377 377 376 376 376 375 375 375 374 374 373 372 372 371 371 371 370 370 370 368 368 367 367 367 367 366 366 366 365 365 365 365 365 365 365 365 364 364 363 364 364 364 363 362 361 361 360 361 361 361
