testData/tiles/oneDegreeCosts/grid20.0-35.0-21.0-36.0.asc
ncols   200
nrows   200
xllcorner   20.0
yllcorner   35.0
cellsize   0.005
NODATA_value   -9999.0
[rows 80 to 119 of 200, columns 0 to 90 of 200]
1371 1370 1368 1368 1367 1365 1364 1362 1361 1359 1357 1355 1354 1352 1350 1348 1348 1346 1343 1341 1339 1337 1335 1333 1331 1327 1325 1322 1319 1317 1315 1310 1307 1303 1299 1294 1288 1278 1265 1265 1265 1178 1177 1177 1177 1178 1178 1177 1177 1177 1177 1177 1176 1176 1176 1176 1175 1175 1175 1175 1174 1198 1198 1199 1198 1198 1198 1198 1197 1197 1080 1080 1080 1080 1080 1080 1080 1080 1080 1080 1080 1080 1080 1080 1080 1080 1080 1080 858 858 858
1373 1371 1370 1369 1367 1367 1366 1364 1363 1360 1359 1357 1356 1354 1352 1351 1349 1346 1345 1343 1342 1340 1338 1335 1332 1330 1328 1325 1323 1320 1317 1313 1311 1308 1304 1300 1294 1288 1280 1265 1178 1178 1177 1177 1177 1177 1176 1176 1177 1177 1177 1176 1176 1176 1176 1175 1175 1175 1175 1174 1174 1198 1198 1197 1197 1197 1197 1197 1197 1197 1080 1080 1080 1080 1080 1080 1080 1080 1080 1080 1080 1080 1080 1080 1080 1080 1080 857 857 857 857
1374 1373 1372 1370 1369 1368 1366 1366 1364 1362 1361 1359 1358 1356 1354 1353 1350 1348 1346 1345 1344 1342 1340 1338 1335 1333 1330 1328 1326 1323 1319 1317 1314 1311 1308 1304 1299 1295 1289 1194 1178 1177 1177 1177 1177 1177 1176 1176 1176 1176 1176 1176 1176 1176 1176 1175 1175 1175 1175 1174 1174 1198 1198 1197 1197 1197 1197 1196 1196 1196 1080 1080 1080 1080 1080 1080 1080 1080 1080 1080 1080 1080 1080 1080 1080 1080 857 857 857 857 857
1376 1375 1373 1372 1371 1369 1368 1366 1364 1364 1362 1361 1359 1358 1356 1354 1352 1350 1349 1347 1345 1343 1342 1339 1337 1335 1333 1331 1328 1325 1322 1320 1317 1314 1311 1306 1304 1300 1295 1203 1194 1189 1177 1177 1177 1176 1176 1176 1176 1176 1175 1175 1175 1176 1175 1175 1175 1175 1175 1174 1174 1198 1197 1197 1197 1197 1196 1196 1196 1196 1079 1079 1079 1079 1080 1080 1080 1080 1080 1080 1080 1080 1080 1080 1080 857 857 857 857 857 857
1377 1376 1375 1374 1372 1371 1369 1367 1366 1365 1364 1363 1361 1360 1358 1355 1354 1352 1351 1349 1347 1345 1342 1340 1339 1337 1335 1333 1331 1328 1325 1323 1320 1317 1313 1310 1307 1303 1212 1208 1202 1195 1189 1177 1177 1176 1176 1176 1176 1175 1175 1175 1175 1175 1174 1174 1175 1175 1174 1174 1174 1198 1197 1197 1197 1197 1196 1196 1196 1196 1079 1079 1079 1079 1079 1079 1079 1079 1080 1080 1080 1080 1080 857 857 857 857 857 857 857 857
1379 1378 1376 1375 1374 1372 1370 1369 1368 1366 1365 1363 1363 1361 1359 1357 1356 1354 1352 1351 1349 1346 1344 1343 1341 1339 1338 1336 1332 1330 1328 1325 1323 1320 1316 1313 1310 1220 1216 1211 1207 1202 1195 1189 1176 1176 1176 1176 1176 1175 1175 1175 1175 1174 1174 1174 1174 1174 1173 1174 1198 1198 1197 1197 1197 1196 1196 1196 1196 1079 1079 1079 1079 1079 1079 1079 1079 1079 1079 1079 1079 1079 857 857 857 857 857 857 857 857 857
1379 1378 1378 1376 1374 1373 1372 1370 1369 1368 1366 1365 1363 1361 1360 1359 1357 1356 1354 1352 1350 1348 1346 1344 1343 1341 1339 1336 1335 1332 1330 1328 1325 1322 1319 1317 1314 1223 1220 1215 1211 1207 1201 1194 1188 1176 1176 1176 1175 1175 1175 1175 1175 1174 1174 1174 1174 1173 1173 1173 1197 1196 1197 1197 1197 1196 1196 1196 1196 1079 1079 1079 1079 1079 1079 1079 1079 1079 1079 1079 1079 856 856 856 856 856 856 857 857 857 857
1381 1379 1377 1377 1376 1374 1373 1372 1370 1369 1368 1366 1364 1362 1361 1360 1359 1357 1356 1353 1352 1350 1348 1346 1345 1343 1340 1338 1336 1334 1332 1330 1327 1324 1322 1319 1229 1227 1222 1219 1215 1211 1207 1200 1193 1187 1176 1176 1175 1175 1175 1175 1174 1174 1174 1174 1174 1173 1173 1173 1197 1196 1196 1196 1195 1196 1196 1196 1196 1079 1079 1079 1079 1079 1079 1079 1079 1079 1079 1079 856 856 856 856 856 856 856 856 856 856 856
1382 1380 1378 1377 1376 1376 1374 1373 1372 1371 1369 1367 1365 1364 1363 1361 1360 1358 1357 1355 1353 1352 1350 1348 1346 1344 1342 1340 1338 1336 1334 1331 1328 1327 1324 1235 1232 1228 1225 1222 1219 1215 1210 1205 1200 1192 1187 1174 1174 1175 1175 1175 1174 1174 1174 1174 1173 1173 1173 1173 1196 1196 1196 1196 1195 1195 1195 1195 1195 1079 1079 1079 1079 1079 1079 1079 1079 1079 856 856 856 856 856 856 856 856 856 856 856 856 856
1382 1381 1380 1378 1377 1376 1375 1374 1373 1372 1370 1368 1367 1365 1364 1362 1361 1359 1357 1355 1355 1353 1351 1350 1348 1345 1343 1342 1340 1338 1336 1332 1330 1328 1326 1237 1235 1231 1228 1225 1222 1218 1214 1210 1205 1199 1192 1174 1174 1174 1174 1173 1174 1174 1174 1173 1173 1173 1173 1173 1196 1196 1196 1195 1195 1195 1195 1195 1195 1078 1078 1078 1078 1079 1079 1079 1079 856 856 856 856 856 856 856 856 856 856 856 856 856 856
1383 1382 1381 1380 1378 1377 1376 1375 1372 1372 1371 1369 1368 1367 1365 1364 1362 1360 1358 1357 1355 1354 1353 1351 1349 1347 1345 1343 1341 1339 1336 1334 1332 1330 1241 1238 1235 1233 1231 1228 1225 1221 1217 1213 1209 1204 1197 1189 1174 1174 1174 1173 1173 1173 1173 1173 1173 1173 1173 1172 1196 1196 1196 1195 1195 1195 1195 1195 1195 1078 1078 1078 1078 1078 1078 1078 855 856 856 856 856 856 856 856 856 856 856 856 856 856 856
1384 1383 1382 1381 1380 1378 1377 1375 1374 1372 1371 1371 1369 1368 1367 1365 1363 1361 1360 1358 1357 1355 1354 1351 1350 1348 1347 1345 1343 1340 1338 1336 1334 1245 1243 1239 1237 1235 1232 1229 1226 1223 1220 1217 1213 1207 1202 1196 1188 1174 1173 1173 1173 1173 1172 1172 1172 1172 1173 1172 1196 1196 1195 1195 1195 1195 1195 1195 1078 1078 1078 1078 1078 1078 855 855 855 855 855 855 855 856 856 856 856 856 856 856 856 856 856
1385 1384 1383 1382 1381 1380 1377 1376 1375 1374 1372 1371 1370 1369 1368 1365 1364 1363 1361 1360 1358 1357 1354 1352 1351 1349 1347 1346 1345 1342 1340 1338 1336 1247 1244 1241 1239 1237 1234 1232 1228 1225 1223 1219 1216 1211 1206 1201 1195 1185 1173 1173 1173 1173 1172 1172 1172 1172 1171 1171 1195 1196 1195 1195 1195 1195 1195 1195 1078 1078 1078 1078 1078 855 855 855 855 855 855 855 855 855 855 855 855 855 856 856 856 856 856
1385 1384 1384 1383 1382 1380 1378 1377 1376 1375 1373 1372 1371 1369 1367 1367 1365 1364 1362 1361 1359 1357 1355 1354 1352 1350 1349 1347 1344 1343 1341 1340 1251 1249 1245 1243 1241 1239 1236 1233 1230 1227 1224 1221 1217 1214 1210 1205 1200 1192 1185 1173 1173 1172 1172 1172 1172 1171 1171 1171 1195 1194 1194 1194 1195 1195 1195 1195 1078 1078 1078 1078 855 855 855 855 855 855 855 855 855 855 855 855 855 855 855 855 855 855 855
1386 1385 1384 1383 1382 1381 1379 1378 1377 1376 1374 1373 1372 1370 1368 1367 1365 1365 1364 1362 1360 1358 1357 1355 1353 1352 1350 1347 1346 1344 1342 1254 1252 1249 1247 1245 1243 1240 1237 1235 1232 1229 1227 1224 1219 1216 1212 1208 1203 1197 1190 1173 1173 1172 1172 1172 1172 1171 1171 1171 1195 1194 1194 1194 1194 1194 1194 1194 1078 1078 855 855 855 855 855 855 855 855 855 855 855 855 855 855 855 855 855 855 855 855 855
1387 1386 1384 1383 1382 1382 1380 1379 1378 1377 1375 1374 1372 1371 1369 1368 1367 1365 1364 1362 1361 1359 1358 1356 1355 1353 1350 1349 1347 1345 1256 1254 1252 1251 1249 1247 1244 1242 1239 1236 1234 1231 1229 1225 1222 1218 1215 1211 1206 1201 1196 1187 1172 1172 1172 1172 1171 1171 1171 1171 1194 1194 1194 1194 1194 1194 1194 1194 1077 855 855 855 855 855 855 855 855 855 855 855 855 855 855 855 855 855 855 855 855 855 855
1388 1386 1385 1384 1383 1381 1380 1380 1379 1378 1375 1374 1373 1372 1370 1369 1368 1366 1364 1362 1361 1360 1359 1357 1356 1353 1352 1350 1348 1346 1258 1255 1253 1251 1249 1247 1246 1243 1241 1238 1236 1233 1230 1227 1224 1221 1217 1213 1209 1204 1199 1192 1183 1172 1172 1172 1171 1171 1171 1195 1194 1194 1194 1194 1194 1194 1194 1077 855 855 855 855 855 855 855 855 855 855 855 855 855 855 855 855 855 855 855 855 855 855 855
1388 1387 1386 1385 1384 1382 1381 1380 1379 1378 1376 1375 1374 1373 1371 1370 1369 1366 1365 1363 1362 1360 1359 1358 1356 1354 1353 1351 1349 1261 1259 1256 1254 1252 1250 1248 1245 1243 1242 1240 1237 1234 1231 1229 1226 1223 1219 1215 1211 1207 1203 1196 1189 1183 1171 1170 1171 1171 1171 1194 1194 1194 1194 1194 1194 1194 971 855 855 855 855 855 855 855 855 855 855 855 855 855 855 855 855 855 855 855 855 855 855 855 855
1389 1388 1387 1385 1384 1383 1382 1381 1379 1377 1376 1376 1375 1373 1372 1371 1368 1367 1366 1364 1363 1361 1360 1358 1356 1355 1354 1352 1264 1262 1259 1257 1255 1254 1252 1250 1247 1245 1242 1240 1238 1236 1233 1230 1228 1225 1221 1217 1214 1210 1205 1200 1193 1185 1171 1170 1170 1170 1170 1193 1194 1194 1194 1194 1194 971 971 855 855 855 855 855 855 855 855 855 855 855 855 855 855 855 855 855 855 855 855 855 855 855 855
1390 1388 1387 1386 1385 1384 1383 1381 1379 1378 1377 1376 1375 1374 1373 1371 1369 1368 1367 1365 1364 1362 1361 1358 1357 1355 1354 1266 1265 1262 1260 1258 1257 1255 1253 1250 1248 1246 1244 1242 1238 1236 1234 1231 1229 1226 1223 1219 1216 1212 1207 1203 1197 1190 1182 1170 1170 1170 1169 1193 1193 1193 1193 1194 971 971 971 855 855 855 855 855 855 855 855 855 855 855 855 855 855 855 855 855 855 855 855 855 855 855 855
1389 1388 1388 1387 1386 1384 1383 1381 1380 1379 1378 1377 1375 1374 1372 1372 1370 1369 1367 1366 1365 1363 1361 1359 1358 1356 1355 1266 1264 1262 1261 1259 1258 1256 1253 1251 1249 1247 1245 1242 1240 1237 1235 1233 1229 1226 1224 1221 1218 1213 1210 1205 1200 1194 1186 1170 1170 1170 1169 1193 1193 1193 970 970 970 970 970 855 855 855 855 855 855 855 855 855 855 855 855 855 855 855 855 855 855 855 855 855 855 855 855
1390 1389 1388 1388 1386 1384 1383 1382 1381 1380 1379 1377 1376 1374 1373 1371 1370 1370 1368 1367 1366 1363 1362 1360 1359 1357 1269 1266 1265 1263 1261 1259 1259 1256 1254 1252 1250 1248 1246 1243 1241 1239 1236 1234 1230 1228 1225 1222 1218 1215 1212 1208 1203 1197 1190 1182 1170 1169 1169 1193 1193 970 970 970 970 970 855 855 855 855 855 855 855 855 855 855 855 855 855 855 855 855 855 855 855 957 957 957 957 957 957
1391 1389 1388 1386 1385 1385 1384 1383 1382 1380 1379 1378 1376 1375 1373 1372 1371 1369 1368 1368 1365 1364 1362 1361 1360 1271 1269 1267 1265 1264 1262 1260 1258 1256 1255 1253 1251 1249 1246 1244 1242 1240 1238 1234 1232 1229 1226 1224 1219 1216 1213 1209 1205 1200 1194 1186 1169 1169 1169 1193 970 970 970 970 970 970 855 855 855 855 855 855 855 855 855 855 855 855 957 957 957 957 957 957 957 957 957 957 957 957 957
1391 1389 1388 1387 1386 1385 1384 1383 1382 1381 1380 1378 1376 1375 1374 1373 1371 1370 1369 1366 1365 1365 1363 1362 1273 1271 1269 1268 1266 1265 1263 1261 1259 1257 1255 1253 1251 1249 1247 1245 1243 1241 1238 1235 1233 1230 1228 1224 1221 1218 1214 1211 1206 1201 1196 1190 1181 1169 970 970 970 970 970 970 970 970 855 855 855 855 855 855 855 956 956 956 956 956 956 957 957 957 957 957 957 957 957 957 957 957 957
1391 1390 1389 1387 1386 1385 1384 1383 1382 1381 1379 1378 1377 1376 1375 1373 1372 1371 1368 1367 1366 1364 1363 1362 1274 1272 1270 1269 1267 1265 1264 1261 1259 1258 1256 1254 1251 1249 1247 1245 1244 1242 1239 1237 1234 1232 1228 1225 1222 1219 1216 1211 1208 1203 1198 1191 1183 970 970 970 970 970 970 970 970 970 855 855 855 956 956 956 956 956 956 956 956 956 956 956 956 956 956 957 957 957 957 957 957 957 957
1391 1390 1389 1388 1387 1386 1385 1384 1381 1380 1379 1379 1378 1376 1375 1374 1372 1370 1369 1368 1366 1365 1364 1275 1273 1271 1271 1269 1268 1266 1263 1262 1260 1258 1257 1255 1252 1250 1248 1246 1244 1241 1240 1238 1235 1233 1229 1226 1224 1221 1216 1213 1209 1205 1201 971 970 970 970 970 970 970 970 970 1073 956 956 956 956 956 956 956 956 956 956 956 956 956 956 956 956 956 956 956 956 956 956 956 956 957 957
1392 1391 1390 1388 1387 1386 1385 1383 1382 1381 1380 1378 1377 1377 1376 1373 1372 1371 1370 1368 1367 1366 1277 1275 1273 1272 1270 1269 1268 1266 1264 1263 1261 1259 1257 1255 1253 1251 1249 1247 1244 1242 1240 1237 1235 1233 1230 1228 1225 1222 1218 1214 1211 1207 978 973 970 970 970 970 970 1072 1072 1072 1072 956 956 956 956 956 956 956 956 956 956 956 956 956 956 956 956 956 956 956 956 956 956 956 956 956 956
1391 1390 1390 1389 1388 1386 1385 1384 1382 1381 1380 1379 1378 1376 1374 1374 1373 1371 1370 1369 1367 1279 1277 1275 1274 1272 1271 1269 1267 1265 1264 1263 1262 1260 1257 1255 1253 1252 1250 1247 1245 1243 1241 1238 1235 1233 1230 1228 1226 1222 1219 1216 989 984 980 975 970 1065 1048 1072 1072 1072 1072 1072 1072 955 955 955 955 956 956 956 956 956 956 956 956 956 956 956 956 956 956 956 956 956 956 956 956 956 956
1392 1390 1389 1388 1387 1386 1385 1384 1383 1382 1381 1379 1378 1376 1375 1373 1372 1371 1371 1369 1368 1279 1277 1276 1274 1273 1272 1269 1267 1266 1264 1263 1261 1259 1258 1256 1254 1252 1249 1247 1245 1243 1241 1238 1236 1233 1231 1228 1225 1222 1219 994 990 986 1085 1080 1075 1068 1060 1072 1072 1072 1072 1072 1072 955 955 955 955 955 955 955 955 956 956 956 956 956 956 956 956 956 956 956 956 956 956 956 956 956 956
1392 1391 1389 1388 1387 1386 1385 1384 1383 1382 1381 1380 1378 1376 1375 1374 1373 1371 1370 1368 1280 1279 1278 1276 1275 1273 1271 1270 1268 1266 1265 1263 1261 1259 1257 1256 1255 1253 1250 1248 1246 1244 1242 1239 1237 1234 1232 1228 1226 1223 1097 1097 1092 1089 1086 1081 1076 1070 1061 1072 1072 1072 1072 1072 955 955 955 955 955 955 955 955 955 955 955 955 955 955 956 956 956 956 956 956 956 956 956 956 956 956 956
1392 1390 1389 1388 1387 1386 1385 1384 1384 1382 1380 1379 1378 1377 1375 1374 1373 1372 1369 1281 1280 1278 1278 1277 1275 1273 1271 1270 1268 1267 1265 1263 1261 1259 1258 1256 1254 1251 1251 1249 1247 1245 1242 1239 1237 1235 1232 1229 1106 1104 1101 1097 1093 1090 1086 1082 1077 1072 1064 1072 1072 1072 1072 1072 955 955 955 955 955 955 955 955 955 955 955 955 955 955 955 955 955 955 956 956 956 956 956 956 956 956 956
1392 1390 1389 1388 1387 1386 1385 1384 1383 1381 1381 1379 1378 1377 1376 1375 1373 1371 1283 1282 1280 1279 1277 1276 1275 1273 1272 1270 1269 1267 1265 1263 1262 1260 1258 1256 1254 1252 1250 1248 1246 1244 1242 1240 1238 1338 1335 1110 1107 1104 1101 1097 1094 1091 1087 1083 1078 1072 1065 1083 1071 1072 1072 1072 955 955 955 955 955 955 955 955 955 955 955 955 955 955 955 955 955 955 955 955 955 955 955 955 956 956 956
1392 1391 1390 1389 1388 1386 1385 1384 1382 1381 1380 1379 1379 1377 1376 1375 1373 1284 1283 1282 1281 1279 1278 1275 1274 1273 1271 1271 1269 1267 1265 1264 1262 1260 1259 1256 1254 1252 1250 1249 1246 1244 1345 1342 1341 1115 1113 1110 1108 1105 1101 1098 1095 1092 1088 1084 1079 1074 1067 1083 1071 1071 1071 1071 955 955 955 955 955 955 955 955 955 955 955 955 955 955 955 955 955 955 955 955 955 955 955 955 955 955 955
1392 1391 1390 1389 1388 1387 1385 1384 1382 1381 1380 1379 1378 1377 1376 1374 1373 1285 1283 1282 1281 1279 1277 1276 1274 1273 1271 1270 1269 1267 1265 1264 1262 1261 1258 1256 1254 1253 1251 1249 1349 1347 1345 1343 1118 1114 1112 1111 1108 1104 1102 1099 1096 1092 1089 1085 1080 1075 1068 1083 1071 1071 1071 954 954 954 954 954 955 955 955 955 955 955 955 955 955 955 955 955 955 955 955 955 955 955 955 955 955 955 955
1392 1391 1390 1389 1388 1386 1385 1384 1383 1381 1380 1379 1378 1377 1375 1373 1286 1285 1284 1282 1281 1279 1277 1276 1275 1273 1272 1270 1268 1266 1265 1263 1263 1260 1258 1257 1255 1356 1354 1351 1349 1347 1122 1120 1117 1115 1112 1110 1107 1104 1102 1099 1096 1093 1089 1085 1081 1076 1070 1085 1071 1071 1071 954 954 954 954 954 954 954 954 954 955 955 955 955 955 955 955 955 955 955 955 955 955 955 955 955 955 955 955
1392 1391 1390 1388 1387 1386 1385 1384 1383 1382 1380 1379 1377 1376 1375 1287 1285 1284 1284 1283 1280 1279 1278 1276 1275 1273 1272 1269 1268 1266 1265 1263 1262 1259 1258 1360 1358 1356 1353 1352 1127 1125 1123 1119 1117 1115 1113 1110 1107 1104 1101 1099 1095 1093 1090 1086 1081 1076 1070 1086 1071 1071 1071 954 954 954 954 954 954 954 954 954 954 954 954 954 955 955 955 955 955 955 955 955 955 955 955 955 955 955 955
1392 1390 1389 1388 1387 1386 1385 1384 1383 1382 1381 1378 1377 1376 1288 1287 1285 1284 1283 1281 1279 1279 1278 1276 1275 1274 1271 1270 1268 1267 1265 1264 1262 1362 1361 1359 1357 1355 1354 1129 1127 1125 1122 1120 1118 1115 1113 1110 1107 1105 1102 1099 1096 1093 1089 1085 1082 1077 1071 1087 1071 1071 954 954 954 954 954 954 954 954 954 954 954 954 954 954 954 954 954 954 954 955 955 955 955 955 955 955 955 955 955
1392 1391 1390 1388 1387 1386 1385 1384 1383 1382 1380 1379 1377 1289 1288 1287 1286 1284 1282 1281 1279 1278 1277 1276 1274 1273 1271 1270 1268 1267 1368 1366 1364 1362 1361 1359 1356 1132 1130 1128 1127 1124 1122 1120 1118 1115 1112 1110 1107 1105 1102 1099 1096 1093 1089 1085 1081 1076 1071 1088 1071 1071 954 954 954 954 954 954 954 954 954 954 954 954 954 954 954 954 954 954 954 954 954 954 954 954 954 955 955 955 955
1392 1391 1390 1389 1387 1386 1385 1384 1382 1381 1380 1379 1290 1289 1288 1287 1285 1283 1282 1281 1280 1278 1277 1274 1273 1273 1271 1270 1371 1370 1367 1366 1364 1362 1361 1358 1133 1132 1130 1128 1126 1123 1122 1120 1118 1115 1112 1110 1107 1105 1102 1099 1096 1093 1089 1086 1081 1077 1071 1087 1070 1070 953 954 954 954 954 954 954 954 954 954 954 954 954 954 954 954 954 954 954 954 954 954 954 954 954 954 954 954 954
1392 1391 1390 1389 1387 1386 1385 1383 1382 1381 1380 1379 1290 1289 1288 1286 1285 1283 1282 1281 1280 1278 1276 1275 1273 1273 1373 1372 1371 1369 1367 1366 1364 1363 1137 1135 1133 1132 1130 1128 1125 1123 1121 1119 1117 1115 1112 1110 1107 1105 1102 1099 1096 1093 1089 1086 1081 1077 1071 1088 1070 1070 953 953 953 953 953 954 954 954 954 954 954 954 954 954 954 954 954 954 954 954 954 954 954 954 954 954 954 889 889
