testData/tiles/oneDegreeCosts/grid20.0-37.0-21.0-38.0.asc
ncols   200
nrows   200
xllcorner   20.0
yllcorner   37.0
cellsize   0.005
NODATA_value   -9999.0
[rows 40 to 79 of 200, columns 0 to 90 of 200]
988 988 988 988 988 988 988 988 988 988 987 988 989 988 988 989 901 901 901 901 901 901 901 901 900 902 901 901 901 901 901 900 900 901 900 900 900 900 899 899 901 900 900 900 900 899 899 899 899 899 898 898 898 898 897 897 898 898 898 897 898 897 897 897 897 896 896 896 896 895 895 894 883 883 883 883 883 883 883 883 883 883 883 883 883 883 883 883 883 883 883
988 989 989 988 988 989 988 988 989 988 989 989 989 989 988 989 989 901 901 902 901 901 901 902 902 902 902 902 901 901 901 901 901 901 901 900 900 900 901 901 901 901 900 900 900 900 900 899 899 899 899 898 899 898 899 899 899 899 898 898 898 898 897 897 897 897 896 896 896 896 895 895 883 883 883 883 883 883 883 883 883 883 883 883 883 883 883 883 883 883 883
989 989 989 989 989 989 989 989 989 990 990 989 990 989 989 989 989 902 902 902 902 903 902 903 902 902 902 902 902 901 902 902 901 901 901 901 901 901 902 901 901 901 901 900 900 900 900 900 899 900 899 899 899 900 900 899 899 899 899 898 898 898 898 897 897 897 897 896 896 896 896 883 883 883 883 883 883 883 883 883 883 883 883 883 883 883 883 883 883 883 883
990 989 990 990 989 989 990 990 990 991 990 990 990 990 990 989 989 990 902 903 904 903 903 903 903 903 902 903 902 902 902 902 902 902 902 903 902 902 902 902 901 901 902 901 901 900 901 900 900 900 901 901 900 900 900 900 899 899 899 899 898 898 898 898 897 897 897 897 897 897 897 883 883 883 883 883 883 883 883 883 883 883 883 883 883 883 883 883 883 883 883
990 990 990 990 990 991 991 991 991 991 991 990 990 990 990 990 990 990 991 904 904 904 903 903 903 903 903 903 903 903 902 903 903 903 903 903 903 902 902 902 902 902 902 902 901 901 901 902 901 901 901 901 901 900 900 900 900 899 899 899 899 898 898 898 898 898 898 898 898 898 897 883 883 883 883 883 883 883 883 883 883 883 883 883 883 883 883 883 883 883 883
991 991 990 990 992 991 991 992 991 991 991 991 991 990 991 991 991 991 992 991 904 904 904 904 903 904 903 903 903 904 904 903 903 904 903 903 903 903 902 902 903 902 902 902 903 902 902 902 902 902 901 901 901 901 900 900 900 900 899 899 899 900 899 899 899 899 899 898 899 898 883 883 883 883 883 883 883 883 883 883 883 883 883 883 883 883 883 883 883 883 883
991 991 992 992 992 992 992 992 992 991 991 992 991 991 992 992 992 992 992 992 991 904 905 904 904 904 904 905 904 904 904 904 904 904 904 903 903 903 903 903 903 903 903 903 903 903 902 902 902 902 902 901 901 901 901 900 900 900 901 900 900 900 900 900 899 900 899 899 899 899 883 883 883 883 883 883 883 883 883 883 883 883 883 883 883 883 883 883 883 883 883
992 993 993 992 992 992 992 992 992 992 992 992 993 993 992 992 993 992 992 992 992 905 905 905 904 905 905 905 905 904 905 905 904 904 904 904 903 903 904 904 904 903 904 903 903 903 903 903 902 902 902 902 901 901 901 901 901 901 901 901 901 900 901 900 900 900 900 899 899 898 883 883 883 883 883 883 883 883 883 883 883 883 883 883 883 883 883 883 883 883 883
993 993 993 993 992 993 993 992 992 993 993 993 993 993 993 993 993 993 992 992 993 992 905 905 906 906 905 906 905 905 905 905 905 904 904 904 904 905 904 905 904 904 904 904 904 903 904 903 903 902 903 902 902 902 903 902 902 901 902 902 901 901 901 901 900 900 900 900 899 883 883 883 883 883 883 883 883 883 883 883 883 883 883 883 883 883 883 883 883 883 883
993 993 994 993 993 993 993 993 993 993 994 994 993 994 994 993 993 993 993 993 993 994 993 906 907 906 906 906 906 906 905 905 905 905 904 905 906 905 905 905 905 904 904 905 904 904 904 904 903 903 903 904 903 903 903 903 903 902 902 902 902 901 901 901 901 900 900 900 900 883 883 883 883 883 883 883 883 883 883 883 883 883 883 883 883 883 883 883 883 883 883
994 994 994 994 994 993 993 995 994 994 995 994 994 994 994 994 993 993 994 994 994 994 994 994 907 907 906 906 906 906 906 905 905 906 906 906 906 906 905 905 905 905 905 905 905 904 904 904 905 904 904 904 904 903 903 903 903 903 902 902 902 902 901 901 901 901 901 901 883 883 883 883 883 883 883 883 883 883 883 883 883 883 883 883 883 883 883 883 883 883 883
995 994 994 994 994 995 995 995 995 995 995 995 995 994 994 994 994 995 995 995 994 994 995 994 907 907 907 907 906 906 906 907 907 907 907 906 906 906 906 905 905 906 905 905 905 906 905 905 905 905 904 904 904 904 904 903 903 903 903 902 902 902 902 902 902 902 902 901 883 883 883 883 883 883 883 883 883 883 883 883 883 883 883 883 883 883 883 883 883 883 883
995 995 995 994 996 996 995 995 996 995 995 995 995 995 994 995 996 995 995 995 995 995 995 995 994 907 908 907 907 907 908 908 907 907 907 907 906 906 906 906 906 906 906 906 906 906 906 905 905 905 905 905 904 904 904 904 903 903 903 903 903 903 903 903 902 902 902 902 883 883 883 883 883 883 883 883 883 883 883 883 883 883 883 883 883 883 883 883 883 883 883
995 996 996 996 996 996 996 996 996 996 995 995 996 995 996 996 996 996 995 995 996 995 995 995 995 995 908 909 908 908 908 908 908 907 907 907 907 907 906 907 906 907 906 907 906 906 906 906 906 905 905 905 905 904 904 904 904 904 904 904 904 903 903 903 903 902 902 883 883 883 883 883 883 883 883 883 883 883 883 883 883 883 883 883 883 883 883 883 883 883 883
996 996 997 997 996 996 997 996 996 996 996 996 996 997 997 996 996 996 996 996 996 996 995 995 996 996 996 909 909 909 908 908 908 908 907 907 908 907 907 907 908 907 907 907 907 906 906 906 906 906 905 905 905 905 905 905 905 905 904 904 904 904 903 903 903 903 902 883 883 883 883 883 883 883 883 883 883 883 883 883 883 883 883 883 883 883 883 883 883 883 883
997 997 997 997 997 997 997 997 996 996 997 997 997 997 997 997 996 997 997 996 996 996 996 997 996 997 996 909 909 909 909 908 908 908 908 908 909 909 908 908 908 908 907 907 907 907 907 906 907 906 906 905 906 906 906 905 905 905 905 904 904 904 904 903 903 903 903 883 883 883 883 883 883 883 883 883 883 883 883 883 883 883 883 883 883 883 883 883 883 883 883
998 998 997 998 998 997 997 997 997 998 997 998 998 997 998 997 997 997 997 997 996 997 998 997 997 997 997 997 909 909 909 909 908 909 910 909 909 909 909 908 908 908 908 907 907 908 907 907 907 908 907 907 906 907 906 906 905 905 905 905 904 904 904 904 903 903 883 883 883 883 883 883 883 883 883 883 883 883 883 883 883 883 883 883 883 883 883 883 883 883 883
999 998 998 998 998 998 997 998 999 998 998 999 998 998 998 998 998 997 997 998 998 998 998 998 997 997 998 997 997 909 910 909 910 910 910 910 909 909 909 909 908 908 909 908 908 908 908 908 908 908 908 907 907 907 907 906 906 905 905 905 905 904 904 904 905 904 883 883 883 883 883 883 883 883 883 883 883 883 883 883 883 883 883 883 883 883 883 883 883 883 883
999 999 999 998 998 998 999 999 999 999 999 999 999 998 998 998 998 999 998 998 999 998 998 998 998 998 998 998 997 997 910 911 911 910 910 910 910 909 909 909 909 909 909 909 908 909 908 909 908 908 908 908 907 907 907 907 906 906 905 905 905 906 905 905 905 905 883 883 883 883 883 883 883 883 883 883 883 883 883 883 883 883 883 883 883 883 883 883 883 883 883
999 999 999 999 999 1000 1000 999 999 1000 999 999 999 999 999 998 999 999 999 999 999 999 998 998 999 998 998 998 999 998 911 911 911 911 910 910 910 910 909 909 910 909 910 909 910 909 909 909 909 908 908 908 908 907 907 907 907 906 907 906 906 906 906 905 905 883 883 883 883 883 883 883 883 883 883 883 883 883 883 883 883 883 883 883 883 883 883 883 883 883 883
1000 999 1000 1000 1000 1000 1000 1000 1000 1000 1000 999 999 999 1000 1000 1000 1000 1000 999 999 999 999 999 999 999 999 999 999 999 999 911 911 911 911 910 910 911 910 910 910 911 910 910 910 910 909 909 909 909 908 908 908 908 907 907 907 908 907 907 906 906 906 906 905 883 883 883 883 883 883 883 883 883 883 883 883 883 883 883 883 883 883 883 883 883 883 883 883 883 883
1000 1001 1000 1001 1001 1000 1000 1001 1000 1000 1000 1000 1001 1000 1001 1001 1000 1000 1000 1000 999 999 1000 999 999 999 1000 1000 999 999 999 999 911 911 911 911 911 911 912 911 911 911 911 910 910 910 910 909 909 909 909 908 908 908 909 908 908 908 908 907 907 906 906 906 883 883 883 883 883 883 883 883 883 883 883 883 883 883 883 883 883 883 883 883 883 883 883 883 883 883 883
1002 1001 1001 1001 1001 1001 1001 1001 1001 1000 1000 1002 1001 1001 1001 1001 1001 1000 1000 1000 1000 1000 1000 1001 1000 1000 1000 1000 1000 999 1000 999 999 911 912 912 912 912 912 912 911 911 911 911 910 910 910 910 909 909 909 910 910 909 909 909 909 908 908 908 908 907 906 906 883 883 883 883 883 883 883 883 883 883 883 883 883 883 883 883 883 883 883 883 883 883 883 883 883 883 883
1002 1002 1002 1001 1002 1002 1001 1001 1001 1002 1002 1002 1002 1002 1001 1001 1001 1001 1000 1000 1001 1001 1001 1001 1001 1001 1000 1001 1000 1000 1000 1000 999 912 913 913 913 912 912 912 912 911 911 911 911 910 910 910 911 911 910 910 910 910 909 909 909 909 908 908 908 908 907 906 883 883 883 883 883 883 883 883 883 883 883 883 883 883 883 883 883 883 883 883 883 883 883 883 883 883 883
1002 1003 1002 1002 1002 1002 1002 1001 1002 1003 1002 1002 1002 1002 1002 1001 1001 1002 1001 1002 1002 1002 1001 1001 1002 1001 1001 1001 1001 1000 1000 1000 1001 1001 913 913 913 913 912 912 912 912 911 911 911 911 912 911 911 911 911 910 910 910 910 909 909 909 909 908 908 908 909 883 883 883 883 883 883 883 883 883 883 883 883 883 883 883 883 883 883 883 883 883 883 883 883 883 883 883 883
1003 1003 1003 1003 1002 1002 1003 1003 1003 1003 1003 1003 1002 1003 1002 1002 1002 1002 1003 1002 1002 1002 1002 1002 1002 1002 1001 1001 1001 1001 1002 1001 1001 1001 1001 913 913 913 913 912 912 912 912 911 912 913 912 912 911 912 911 911 910 910 910 910 909 909 909 909 909 909 908 883 883 883 883 883 883 883 883 883 883 883 883 883 883 883 883 883 883 883 883 883 883 883 883 883 883 883 883
1003 1003 1003 1003 1003 1003 1003 1004 1003 1003 1004 1003 1003 1003 1003 1003 1003 1003 1003 1003 1002 1002 1003 1002 1002 1002 1002 1001 1002 1002 1002 1002 1001 1001 1001 914 913 913 913 913 912 912 914 913 913 913 913 912 912 912 912 911 911 910 910 910 910 910 910 910 910 909 909 883 883 883 883 883 883 883 883 883 883 883 883 883 883 883 883 883 883 883 883 883 883 883 883 883 883 883 883
1004 1004 1003 1004 1004 1004 1004 1004 1004 1004 1004 1004 1003 1003 1004 1004 1004 1003 1003 1003 1003 1003 1003 1003 1002 1002 1002 1003 1003 1002 1002 1002 1002 1001 1001 1001 914 913 913 913 914 914 914 914 913 913 913 913 912 912 912 912 911 911 910 911 911 911 910 910 910 910 883 883 883 883 883 883 883 883 883 883 883 883 883 883 883 883 883 883 883 883 883 883 883 883 883 883 883 883 883
1004 1004 1005 1004 1005 1005 1004 1004 1005 1004 1004 1004 1004 1005 1004 1004 1004 1004 1003 1003 1004 1003 1003 1003 1003 1003 1003 1003 1003 1003 1002 1002 1002 1002 1001 1001 1001 914 915 914 915 914 914 914 914 913 913 913 913 912 912 912 913 912 912 911 911 911 911 910 910 910 883 883 883 883 883 883 883 883 883 883 883 883 883 883 883 883 883 883 883 883 883 883 883 883 883 883 883 883 883
1005 1006 1005 1005 1005 1005 1005 1005 1005 1005 1004 1005 1005 1005 1005 1004 1004 1004 1004 1004 1004 1004 1003 1004 1004 1004 1004 1003 1004 1003 1003 1002 1003 1002 1002 1001 1002 916 915 915 915 915 914 914 914 914 913 913 913 913 913 913 912 912 912 912 911 911 911 911 910 883 883 883 883 883 883 883 883 883 883 883 883 883 883 883 883 883 883 883 883 883 883 883 883 883 883 883 883 883 883
1006 1006 1006 1006 1005 1005 1006 1005 1005 1005 1006 1006 1005 1005 1005 1005 1005 1005 1005 1004 1004 1005 1005 1004 1004 1005 1004 1004 1004 1004 1003 1003 1003 1003 1004 1003 1003 1003 916 915 915 915 915 914 914 914 914 913 914 913 914 913 913 912 912 912 912 911 911 911 911 883 883 883 883 883 883 883 883 883 883 883 883 883 883 883 883 883 883 883 883 883 883 883 883 883 883 883 883 883 883
1006 1006 1006 1006 1006 1006 1006 1006 1006 1006 1007 1006 1006 1005 1006 1006 1005 1005 1005 1006 1005 1005 1006 1005 1005 1005 1005 1004 1004 1004 1004 1003 1004 1004 1004 1004 1003 1003 1003 916 915 915 915 915 914 915 914 915 914 914 914 914 913 913 912 912 912 912 911 911 911 883 883 883 883 883 883 883 883 883 883 883 883 883 883 883 883 883 883 883 883 883 883 883 883 883 883 883 883 883 883
1007 1007 1006 1006 1007 1006 1007 1007 1007 1007 1007 1007 1006 1006 1006 1006 1006 1005 1006 1006 1006 1006 1006 1006 1005 1005 1005 1005 1004 1004 1004 1005 1005 1004 1004 1004 1004 1003 1003 916 916 915 915 915 916 915 915 915 915 914 914 914 914 913 913 912 912 912 913 912 883 883 883 883 883 883 883 883 883 883 883 883 883 883 883 883 883 883 883 883 883 883 883 883 883 883 883 883 883 883 883
1007 1007 1007 1007 1007 1008 1007 1007 1008 1007 1007 1007 1007 1007 1006 1006 1007 1007 1006 1006 1007 1006 1006 1006 1006 1005 1005 1005 1006 1006 1005 1005 1005 1005 1004 1004 1004 1004 1003 1003 916 917 916 916 916 916 915 915 915 915 914 914 914 914 913 913 913 913 913 913 883 883 883 883 883 883 883 883 883 883 883 883 883 883 883 883 883 883 883 883 883 883 883 883 883 883 883 883 883 883 883
1007 1008 1008 1007 1008 1008 1008 1008 1008 1008 1007 1007 1007 1007 1007 1007 1007 1007 1007 1007 1007 1007 1006 1006 1006 1006 1006 1006 1006 1006 1006 1005 1005 1005 1005 1004 1004 1004 1004 1004 1004 917 917 916 916 916 916 915 915 915 915 914 914 914 915 914 914 913 913 883 883 883 883 883 883 883 883 883 883 883 883 883 883 883 883 883 883 883 883 883 883 883 883 883 883 883 883 883 883 883 883
1008 1008 1009 1009 1008 1008 1009 1008 1008 1008 1008 1008 1007 1008 1008 1008 1007 1007 1008 1007 1007 1007 1007 1006 1006 1006 1007 1007 1006 1006 1006 1006 1005 1005 1005 1005 1004 1005 1005 1005 1004 917 917 917 916 916 916 916 915 915 915 916 915 915 915 915 914 914 913 883 883 883 883 883 883 883 883 883 883 883 883 883 883 883 883 883 883 883 883 883 883 883 883 883 883 883 883 883 883 883 883
1009 1009 1009 1009 1009 1009 1009 1009 1008 1008 1008 1009 1009 1008 1009 1008 1008 1008 1008 1008 1007 1007 1007 1008 1007 1007 1007 1007 1007 1006 1006 1006 1006 1005 1005 1006 1006 1005 1005 1005 1005 1004 917 917 917 916 916 916 916 916 916 916 916 915 915 914 914 914 914 883 883 883 883 883 883 883 883 883 883 883 883 883 883 883 883 883 883 883 883 883 883 883 883 883 883 883 883 883 883 883 883
1010 1010 1009 1009 1010 1009 1009 1009 1009 1009 1009 1010 1009 1009 1009 1009 1009 1008 1008 1008 1008 1008 1008 1009 1008 1008 1007 1008 1007 1007 1006 1006 1006 1007 1006 1006 1006 1006 1005 1005 1005 1005 1004 917 917 917 916 917 916 917 916 916 916 916 915 915 914 914 883 883 883 883 883 883 883 883 883 883 883 883 883 883 883 883 883 883 883 883 883 883 883 883 883 883 883 883 883 883 883 883 883
1010 1010 1010 1010 1010 1010 1009 1009 1010 1010 1010 1010 1010 1009 1009 1009 1009 1009 1008 1008 1009 1009 1009 1009 1009 1008 1008 1008 1008 1007 1007 1006 1007 1007 1007 1006 1006 1006 1006 1005 1005 1005 1005 917 917 918 918 917 917 917 917 916 916 916 916 915 915 914 883 883 883 883 883 883 883 883 883 883 883 883 883 883 883 883 883 883 883 883 883 883 883 883 883 883 883 883 883 883 883 883 883
1010 1011 1011 1010 1010 1010 1010 1011 1010 1011 1010 1010 1010 1010 1010 1009 1009 1009 1010 1009 1009 1010 1009 1009 1009 1009 1008 1008 1008 1008 1008 1008 1007 1008 1007 1007 1006 1006 1006 1006 1005 1005 1005 1006 918 918 918 918 917 917 917 917 916 916 916 916 915 883 883 883 883 883 883 883 883 883 883 883 883 883 883 883 883 883 883 883 883 883 883 883 883 883 883 883 883 883 883 883 883 883 883
