testData/tiles/oneDegreeCosts/grid45.0-32.0-46.0-33.0.asc
ncols   200
nrows   200
xllcorner   45.0
yllcorner   32.0
cellsize   0.005
NODATA_value   -9999.0
[rows 42 to 83 of 200, columns 0 to 93 of 200]
393 393 403 409 413 417 420 422 425 427 430 432 434 435 451 453 455 456 460 463 467 470 472 475 478 480 482 485 487 489 491 493 495 497 499 500 502 504 247 248 250 252 254 255 257 258 259 261 262 264 265 267 267 269 270 272 272 274 275 277 277 279 280 281 282 283 285 285 287 288 288 290 290 291 293 293 295 296 296 297 298 299 299 301 302 302 304 304 305 305 307 307 308 308
393 393 393 405 410 414 418 421 423 426 428 430 432 434 436 438 439 441 457 458 460 462 465 469 472 474 477 480 482 484 486 488 490 492 494 238 240 242 244 244 246 248 250 251 253 255 256 258 260 260 262 263 265 267 267 269 270 272 272 274 275 277 277 278 280 280 282 283 284 285 286 287 288 289 290 291 291 293 294 294 296 296 297 299 299 300 301 302 302 303 304 305 305 306
393 393 393 401 407 412 416 419 422 424 427 429 431 433 435 437 438 440 442 443 445 460 461 463 464 467 471 474 476 479 481 484 227 229 232 234 235 237 239 241 243 245 247 248 249 251 253 254 256 258 259 260 261 263 264 266 267 268 270 271 272 273 275 275 277 278 278 280 281 282 283 284 285 286 288 288 289 291 291 292 293 294 294 296 297 297 299 299 300 300 302 302 303 304
393 393 393 393 403 409 413 417 420 423 425 427 430 432 434 435 437 439 440 442 444 445 446 448 449 464 466 467 210 213 217 219 222 224 226 228 230 233 235 237 238 240 242 244 246 248 249 250 252 254 255 257 259 259 261 262 264 264 266 268 269 270 271 273 274 275 276 277 278 279 281 281 283 284 284 286 286 288 289 289 291 291 292 294 294 295 296 297 297 298 299 300 301 301
393 393 393 393 401 405 410 414 418 421 423 426 428 430 432 434 436 438 439 441 443 444 445 447 448 191 192 193 208 210 211 212 214 217 220 222 225 227 229 231 233 235 237 239 241 243 245 247 249 249 251 253 254 256 258 258 260 262 263 264 265 267 268 269 271 272 272 274 275 276 277 279 279 281 282 282 284 284 286 287 287 289 289 290 292 292 293 294 295 295 297 298 298 299
393 393 393 393 393 401 407 412 416 419 422 424 427 429 431 433 435 437 438 440 441 184 185 187 188 190 191 192 193 195 196 197 212 213 214 216 219 221 224 226 229 231 233 234 236 238 240 242 244 246 248 248 250 252 254 255 256 258 259 261 262 263 265 266 267 268 270 270 272 273 274 275 277 277 279 280 280 282 283 284 285 285 287 288 288 290 290 291 292 293 293 295 296 296
393 393 393 393 393 393 403 409 413 417 420 422 425 427 429 432 174 176 178 180 181 183 184 186 187 189 190 191 193 194 195 196 197 199 200 201 216 217 218 219 221 224 227 229 231 233 236 237 239 241 243 245 246 247 249 251 253 254 255 257 258 260 261 262 264 265 266 267 269 270 271 273 273 274 276 276 278 278 280 281 281 283 283 285 286 286 288 288 289 290 291 292 293 294
393 393 393 393 393 393 401 405 410 414 418 421 164 167 169 171 173 175 177 179 180 182 183 185 186 188 189 190 192 193 194 195 197 198 199 200 201 202 203 204 219 220 221 222 224 227 229 231 234 235 237 239 241 243 245 246 248 250 251 253 254 256 257 259 260 261 263 263 265 267 267 269 270 271 272 274 274 275 277 277 279 279 281 282 282 284 284 285 286 287 289 289 290 290
393 393 393 393 393 393 393 142 148 153 157 160 163 165 167 170 172 174 176 177 179 181 182 184 185 187 188 189 191 192 193 195 196 197 198 199 200 201 202 203 204 205 206 207 208 223 224 225 226 229 231 234 235 237 239 241 243 244 246 248 250 251 253 254 256 257 258 260 261 262 264 265 266 268 268 270 271 272 273 274 275 276 277 278 280 280 281 282 283 284 285 286 287 288
393 393 134 134 134 134 134 134 144 150 154 158 161 163 166 168 170 172 174 176 178 180 181 183 184 186 187 188 190 191 192 194 195 196 197 198 199 200 202 203 204 205 206 207 208 209 209 210 211 226 227 228 229 231 232 235 237 239 241 242 244 246 248 249 251 253 254 255 257 259 259 261 263 263 265 266 267 268 269 270 272 272 274 275 276 277 278 279 279 281 282 283 284 284
134 134 134 134 134 134 134 134 142 146 151 155 159 162 164 167 169 171 173 175 177 178 180 182 183 185 186 188 189 190 191 193 194 195 196 197 199 200 201 202 203 204 205 206 207 208 209 210 211 211 212 213 214 215 230 231 231 232 234 236 239 240 242 244 245 247 249 251 252 253 255 256 258 259 260 262 263 264 265 267 268 269 270 271 273 273 274 275 276 277 278 280 280 281
134 134 134 134 134 134 134 134 134 142 148 153 156 160 162 165 167 169 172 174 175 177 179 181 182 184 185 186 188 189 191 192 193 194 195 197 198 199 200 201 202 203 204 205 206 207 208 209 210 211 212 213 213 214 215 216 217 218 218 233 234 235 235 237 239 241 242 245 247 248 249 251 252 254 256 257 258 260 261 262 264 264 266 266 268 270 270 272 272 273 275 275 277 277
134 134 134 134 134 134 134 134 134 134 144 150 154 157 160 163 166 168 170 172 174 176 178 179 181 183 184 185 187 188 190 191 192 193 195 196 197 198 199 200 201 202 203 204 205 206 207 208 209 210 211 212 213 214 214 215 216 217 218 218 219 220 221 222 236 237 238 238 239 241 243 245 247 249 250 252 253 254 256 257 258 260 261 262 264 265 266 267 268 269 270 272 272 274
134 134 134 134 134 134 134 134 134 134 134 146 151 155 158 161 164 166 169 171 173 175 176 178 180 181 183 184 186 187 189 190 191 192 194 195 196 197 198 199 200 202 203 204 205 206 207 207 208 209 210 211 212 213 214 215 215 216 217 218 219 219 220 221 222 222 223 224 225 239 240 241 241 242 243 244 246 248 249 251 253 254 256 257 258 260 261 262 263 265 265 267 268 269
134 134 134 134 134 134 134 134 134 134 134 142 148 152 156 159 162 165 167 169 171 173 175 177 179 180 182 183 185 186 188 189 190 192 193 194 195 196 197 199 200 201 202 203 204 205 206 207 208 209 210 210 211 212 213 214 215 216 216 217 218 219 220 220 221 222 223 223 224 225 225 226 227 227 228 243 243 244 245 245 246 248 249 251 252 254 255 256 258 259 260 262 263 264
134 134 134 134 134 134 134 134 134 134 134 134 143 149 153 157 160 163 165 168 170 172 174 176 177 179 181 182 184 185 187 188 189 191 192 193 194 195 197 198 199 200 201 202 203 204 205 206 207 208 209 210 211 211 212 213 214 215 216 217 217 218 219 220 220 221 222 223 223 224 225 225 226 227 228 228 229 230 230 231 231 232 247 247 248 249 249 250 250 252 253 255 257 258
134 134 134 134 134 134 134 134 134 134 134 134 134 145 151 155 158 161 164 166 168 170 172 174 176 178 179 181 183 184 186 187 188 190 191 192 193 195 196 197 198 199 200 201 202 203 204 205 206 207 208 209 210 211 212 213 213 214 215 216 217 217 218 219 220 221 221 222 223 223 224 225 226 226 227 228 228 229 230 230 231 232 232 233 233 234 235 235 236 250 251 251 252 253
134 134 134 134 134 134 134 134 134 134 134 134 134 142 147 152 156 159 162 164 167 169 171 173 175 177 178 180 181 183 184 186 187 189 190 191 192 194 195 196 197 198 199 200 201 202 203 204 205 206 207 208 209 210 211 212 213 214 214 215 216 217 218 218 219 220 221 221 222 223 224 224 225 226 226 227 228 228 229 230 230 231 232 232 233 233 234 235 235 236 236 237 238 238
134 134 134 134 134 134 134 134 134 134 134 134 134 134 142 148 153 157 160 162 165 167 169 172 173 175 177 179 180 182 183 185 186 188 189 190 192 193 194 195 196 197 198 200 201 202 203 204 205 206 207 208 208 209 210 211 212 213 214 215 215 216 217 218 219 219 220 221 222 222 223 224 224 225 226 226 227 228 228 229 230 230 231 232 232 233 233 234 235 235 236 236 237 238
134 134 134 134 134 134 134 134 134 134 134 134 134 134 134 144 150 154 157 160 163 166 168 170 172 174 176 177 179 181 182 184 185 187 188 189 191 192 193 194 195 197 198 199 200 201 202 203 204 205 206 207 208 209 210 210 211 212 213 214 215 215 216 217 218 219 219 220 221 222 222 223 224 224 225 226 227 227 228 229 229 230 230 231 232 232 233 234 234 235 235 236 236 237
134 134 134 134 134 134 134 134 134 134 134 134 134 134 134 142 146 151 155 158 161 164 166 168 171 173 174 176 178 180 181 183 184 186 187 188 190 191 192 193 194 196 197 198 199 200 201 202 203 204 205 206 207 208 209 210 211 211 212 213 214 215 216 216 217 218 219 220 220 221 222 222 223 224 225 225 226 227 227 228 229 229 230 231 231 232 232 233 234 234 235 235 236 236
134 134 134 134 134 134 134 134 134 134 134 134 134 134 134 134 142 148 152 156 159 162 165 167 169 171 173 175 177 178 180 182 183 184 186 187 189 190 191 192 194 195 196 197 198 199 200 201 202 203 204 205 206 207 208 209 210 211 212 212 213 214 215 216 217 217 218 219 220 220 221 222 223 223 224 225 225 226 227 227 228 229 229 230 231 231 232 232 233 234 234 235 235 236
134 134 134 134 134 134 134 134 134 134 134 134 134 134 134 134 134 143 149 153 157 160 163 165 167 170 172 174 175 177 179 180 182 183 185 186 188 189 190 191 193 194 195 196 197 198 199 200 201 202 203 204 205 206 207 208 209 210 211 212 213 213 214 215 216 217 217 218 219 220 220 221 222 223 223 224 225 225 226 227 227 228 229 229 230 231 231 232 232 233 234 234 235 235
134 134 134 134 134 134 134 134 134 134 134 134 134 134 134 134 134 134 145 150 154 158 161 163 166 168 170 172 174 176 177 179 181 182 184 185 187 188 189 190 192 193 194 195 196 197 199 200 201 202 203 204 205 206 207 207 208 209 210 211 212 213 214 214 215 216 217 218 218 219 220 221 221 222 223 223 224 225 225 226 227 227 228 229 229 230 231 231 232 232 233 234 234 235
134 134 134 134 134 134 134 134 134 134 134 134 134 134 134 134 134 134 142 147 151 155 159 161 164 166 169 171 173 174 176 178 179 181 183 184 185 187 188 189 191 192 193 194 195 197 198 199 200 201 202 203 204 205 206 207 208 209 209 210 211 212 213 214 214 215 216 217 218 218 219 220 221 221 222 223 223 224 225 226 226 227 228 228 229 229 230 231 231 232 233 233 234 234
134 134 134 134 134 134 134 134 134 134 134 134 134 134 134 134 134 134 134 142 148 153 156 159 162 165 167 169 171 173 175 177 178 180 181 183 184 186 187 188 190 191 192 193 195 196 197 198 199 200 201 202 203 204 205 206 207 208 209 210 210 211 212 213 214 215 215 216 217 218 218 219 220 221 221 222 223 224 224 225 226 226 227 228 228 229 229 230 231 231 232 233 233 234
134 134 134 134 134 134 134 134 134 134 134 134 134 134 134 134 134 134 134 134 143 149 154 157 160 163 165 167 170 172 173 175 177 179 180 182 183 185 186 187 189 190 191 192 194 195 196 197 198 199 200 201 202 203 204 205 206 207 208 209 210 211 211 212 213 214 215 215 216 217 218 219 219 220 221 222 222 223 224 224 225 226 226 227 228 228 229 230 230 231 231 232 233 233
134 134 134 134 134 134 134 134 134 134 134 134 134 134 134 134 134 134 134 134 134 145 150 154 158 161 163 166 168 170 172 174 176 177 179 181 182 184 185 186 188 189 190 191 193 194 195 196 197 198 199 200 201 202 203 204 205 206 207 208 209 210 211 212 212 213 214 215 216 216 217 218 219 219 220 221 222 222 223 224 224 225 226 226 227 228 228 229 230 230 231 231 232 233
134 134 134 134 134 134 134 134 134 134 134 134 134 134 134 134 134 134 134 134 134 142 147 152 155 158 161 164 166 168 170 172 174 176 178 179 181 182 184 185 187 188 189 190 192 193 194 195 196 197 198 200 201 202 203 204 204 205 206 207 208 209 210 211 212 212 213 214 215 216 216 217 218 219 219 220 221 222 222 223 224 224 225 226 226 227 228 228 229 230 230 231 231 232
134 134 134 134 134 134 134 134 134 134 134 134 134 134 134 134 134 134 134 134 134 134 142 148 152 156 159 162 164 167 169 171 173 175 176 178 180 181 183 184 186 187 188 189 191 192 193 194 195 197 198 199 200 201 202 203 204 205 206 206 207 208 209 210 211 212 213 213 214 215 216 217 217 218 219 220 220 221 222 222 223 224 224 225 226 226 227 228 228 229 230 230 231 231
134 134 134 134 134 134 134 134 134 134 134 134 134 134 134 134 134 134 134 134 134 134 134 143 149 153 157 160 163 165 167 169 171 173 175 177 178 180 181 183 184 186 187 188 190 191 192 193 194 196 197 198 199 200 201 202 203 204 205 206 207 208 208 209 210 211 212 213 213 214 215 216 217 217 218 219 220 220 221 222 222 223 224 225 225 226 226 227 228 228 229 230 230 231
134 134 134 134 134 134 134 134 134 134 134 134 134 134 134 134 134 134 134 134 134 134 134 134 145 150 154 158 160 163 166 168 170 172 174 175 177 179 180 182 183 185 186 187 189 190 191 192 194 195 196 197 198 199 200 201 202 203 204 205 206 207 208 209 209 210 211 212 213 214 214 215 216 217 217 218 219 220 220 221 222 223 223 224 225 225 226 227 227 228 228 229 230 230
134 134 134 134 134 134 134 134 134 134 134 134 134 134 134 134 134 134 134 134 134 134 134 134 142 146 151 155 158 161 164 166 168 170 172 174 176 177 179 181 182 184 185 186 188 189 190 191 193 194 195 196 197 198 199 200 201 202 203 204 205 206 207 208 209 210 210 211 212 213 214 214 215 216 217 218 218 219 220 220 221 222 223 223 224 225 225 226 227 227 228 228 229 230
134 134 134 134 134 134 134 134 134 134 134 134 134 134 134 134 134 134 134 134 134 134 134 134 134 142 148 152 156 159 162 164 166 169 171 173 174 176 178 179 181 182 184 185 187 188 189 190 192 193 194 195 196 197 198 199 200 201 202 203 204 205 206 207 208 209 210 210 211 212 213 214 215 215 216 217 218 218 219 220 220 221 222 223 223 224 225 225 226 227 227 228 228 229
134 134 134 134 134 134 134 134 134 134 134 134 134 134 134 134 134 134 134 134 134 134 134 134 134 134 143 149 153 157 160 162 165 167 169 171 173 175 176 178 180 181 183 184 185 187 188 189 191 192 193 194 195 196 197 198 199 200 201 202 203 204 205 206 207 208 209 210 211 211 212 213 214 215 215 216 217 218 218 219 220 221 221 222 223 223 224 225 225 226 227 227 228 228
134 134 134 134 134 134 134 134 134 134 134 134 134 134 134 134 134 134 134 134 134 134 134 134 134 134 134 144 150 154 157 160 163 165 167 169 171 173 175 177 178 180 181 183 184 186 187 188 190 191 192 193 194 195 196 198 199 200 201 202 203 204 204 205 206 207 208 209 210 211 211 212 213 214 215 215 216 217 218 218 219 220 221 221 222 223 223 224 225 225 226 227 227 228
134 134 134 134 134 134 134 134 134 134 134 134 134 134 134 134 134 134 134 134 134 134 134 134 134 134 134 142 146 151 155 158 161 163 166 168 170 172 174 175 177 179 180 182 183 185 186 187 188 190 191 192 193 194 196 197 198 199 200 201 202 203 204 205 205 206 207 208 209 210 211 212 212 213 214 215 215 216 217 218 218 219 220 221 221 222 223 223 224 225 225 226 227 227
134 134 134 134 134 134 134 134 134 134 134 134 134 134 134 134 134 134 134 134 134 134 134 134 134 134 134 134 142 147 152 155 158 161 164 166 168 170 172 174 176 177 179 180 182 183 185 186 187 189 190 191 192 193 195 196 197 198 199 200 201 202 203 204 205 206 206 207 208 209 210 211 212 212 213 214 215 216 216 217 218 219 219 220 221 221 222 223 223 224 225 225 226 227
134 134 134 134 134 134 134 134 134 134 134 134 134 134 134 134 134 134 134 134 134 134 134 134 134 134 134 134 134 142 148 152 156 159 162 164 166 169 171 172 174 176 178 179 181 182 184 185 186 188 189 190 191 192 194 195 196 197 198 199 200 201 202 203 204 205 206 207 207 208 209 210 211 212 212 213 214 215 216 216 217 218 219 219 220 221 221 222 223 223 224 225 225 226
134 134 134 134 134 134 134 134 134 134 134 134 134 134 134 134 134 134 134 134 134 134 134 134 134 134 134 134 134 134 143 149 153 157 160 162 165 167 169 171 173 175 176 178 179 181 182 184 185 186 188 189 190 191 193 194 195 196 197 198 199 200 201 202 203 204 205 206 207 208 208 209 210 211 212 213 213 214 215 216 216 217 218 219 219 220 221 221 222 223 223 224 225 225
134 134 134 134 134 134 134 134 134 134 134 134 134 134 134 134 134 134 134 134 134 134 134 134 134 134 134 134 134 134 134 145 150 154 157 160 163 165 167 169 171 173 175 177 178 180 181 183 184 185 187 188 189 190 192 193 194 195 196 197 198 199 200 201 202 203 204 205 206 207 208 208 209 210 211 212 213 213 214 215 216 216 217 218 219 219 220 221 221 222 223 223 224 225
134 134 134 134 134 134 134 134 134 134 134 134 134 134 134 134 134 134 134 134 134 134 134 134 134 134 134 134 134 134 134 142 146 151 155 158 161 163 165 168 170 172 173 175 177 178 180 181 183 184 186 187 188 189 191 192 193 194 195 196 197 198 199 200 201 202 203 204 205 206 207 208 209 209 210 211 212 213 213 214 215 216 216 217 218 219 219 220 221 221 222 223 223 224
