testData/tiles/oneDegreeCosts/grid0.0-16.0-1.0-17.0.asc
ncols   200
nrows   200
xllcorner   0.0
yllcorner   16.0
cellsize   0.005
NODATA_value   -9999.0
[rows 102 to 118 of 200, columns 148 to 184 of 200]
6.570000000000000000e+02 6.580000000000000000e+02 6.580000000000000000e+02 6.580000000000000000e+02 6.580000000000000000e+02 6.580000000000000000e+02 6.590000000000000000e+02 6.590000000000000000e+02 6.600000000000000000e+02 6.620000000000000000e+02 6.650000000000000000e+02 6.660000000000000000e+02 6.680000000000000000e+02 6.700000000000000000e+02 6.720000000000000000e+02 6.740000000000000000e+02 6.760000000000000000e+02 6.780000000000000000e+02 6.800000000000000000e+02 6.810000000000000000e+02 6.840000000000000000e+02 6.860000000000000000e+02 6.870000000000000000e+02 6.890000000000000000e+02 6.920000000000000000e+02 6.930000000000000000e+02 6.950000000000000000e+02 6.970000000000000000e+02 6.980000000000000000e+02 7.000000000000000000e+02 7.020000000000000000e+02 8.140000000000000000e+02 8.150000000000000000e+02 8.150000000000000000e+02 8.160000000000000000e+02 8.150000000000000000e+02 8.150000000000000000e+02
6.570000000000000000e+02 6.580000000000000000e+02 6.580000000000000000e+02 6.580000000000000000e+02 6.580000000000000000e+02 6.590000000000000000e+02 6.590000000000000000e+02 6.590000000000000000e+02 6.600000000000000000e+02 6.610000000000000000e+02 6.640000000000000000e+02 6.660000000000000000e+02 6.680000000000000000e+02 6.690000000000000000e+02 6.720000000000000000e+02 6.740000000000000000e+02 6.760000000000000000e+02 6.770000000000000000e+02 6.790000000000000000e+02 6.820000000000000000e+02 6.830000000000000000e+02 6.850000000000000000e+02 6.870000000000000000e+02 6.890000000000000000e+02 6.910000000000000000e+02 6.930000000000000000e+02 6.940000000000000000e+02 6.950000000000000000e+02 6.980000000000000000e+02 6.990000000000000000e+02 7.000000000000000000e+02 8.130000000000000000e+02 8.130000000000000000e+02 8.150000000000000000e+02 8.140000000000000000e+02 8.140000000000000000e+02 8.130000000000000000e+02
6.580000000000000000e+02 6.580000000000000000e+02 6.580000000000000000e+02 6.580000000000000000e+02 6.590000000000000000e+02 6.590000000000000000e+02 6.590000000000000000e+02 6.590000000000000000e+02 6.590000000000000000e+02 6.620000000000000000e+02 6.640000000000000000e+02 6.660000000000000000e+02 6.670000000000000000e+02 6.700000000000000000e+02 6.720000000000000000e+02 6.730000000000000000e+02 6.750000000000000000e+02 6.770000000000000000e+02 6.790000000000000000e+02 6.810000000000000000e+02 6.830000000000000000e+02 6.840000000000000000e+02 6.860000000000000000e+02 6.890000000000000000e+02 6.900000000000000000e+02 6.920000000000000000e+02 6.930000000000000000e+02 6.950000000000000000e+02 6.960000000000000000e+02 6.980000000000000000e+02 6.980000000000000000e+02 8.110000000000000000e+02 8.130000000000000000e+02 8.130000000000000000e+02 8.130000000000000000e+02 8.120000000000000000e+02 8.110000000000000000e+02
6.580000000000000000e+02 6.580000000000000000e+02 6.580000000000000000e+02 6.590000000000000000e+02 6.590000000000000000e+02 6.590000000000000000e+02 6.590000000000000000e+02 6.590000000000000000e+02 6.600000000000000000e+02 6.620000000000000000e+02 6.630000000000000000e+02 6.650000000000000000e+02 6.680000000000000000e+02 6.690000000000000000e+02 6.710000000000000000e+02 6.730000000000000000e+02 6.740000000000000000e+02 6.770000000000000000e+02 6.790000000000000000e+02 6.800000000000000000e+02 6.820000000000000000e+02 6.840000000000000000e+02 6.860000000000000000e+02 6.880000000000000000e+02 6.890000000000000000e+02 6.900000000000000000e+02 6.930000000000000000e+02 6.940000000000000000e+02 6.950000000000000000e+02 6.960000000000000000e+02 6.970000000000000000e+02 8.100000000000000000e+02 8.110000000000000000e+02 8.110000000000000000e+02 8.110000000000000000e+02 8.100000000000000000e+02 8.110000000000000000e+02
6.580000000000000000e+02 6.580000000000000000e+02 6.580000000000000000e+02 6.590000000000000000e+02 6.590000000000000000e+02 6.590000000000000000e+02 6.590000000000000000e+02 6.600000000000000000e+02 6.600000000000000000e+02 6.610000000000000000e+02 6.630000000000000000e+02 6.650000000000000000e+02 6.670000000000000000e+02 6.690000000000000000e+02 6.700000000000000000e+02 6.720000000000000000e+02 6.750000000000000000e+02 6.760000000000000000e+02 6.780000000000000000e+02 6.800000000000000000e+02 6.810000000000000000e+02 6.840000000000000000e+02 6.850000000000000000e+02 6.860000000000000000e+02 6.880000000000000000e+02 6.900000000000000000e+02 6.910000000000000000e+02 6.930000000000000000e+02 6.940000000000000000e+02 6.940000000000000000e+02 6.960000000000000000e+02 8.090000000000000000e+02 8.090000000000000000e+02 8.090000000000000000e+02 8.090000000000000000e+02 8.100000000000000000e+02 8.090000000000000000e+02
6.580000000000000000e+02 6.580000000000000000e+02 6.590000000000000000e+02 6.590000000000000000e+02 6.590000000000000000e+02 6.590000000000000000e+02 6.600000000000000000e+02 6.600000000000000000e+02 6.600000000000000000e+02 6.600000000000000000e+02 6.620000000000000000e+02 6.650000000000000000e+02 6.660000000000000000e+02 6.680000000000000000e+02 6.700000000000000000e+02 6.720000000000000000e+02 6.740000000000000000e+02 6.760000000000000000e+02 6.770000000000000000e+02 6.790000000000000000e+02 6.810000000000000000e+02 6.830000000000000000e+02 6.840000000000000000e+02 6.850000000000000000e+02 6.880000000000000000e+02 6.890000000000000000e+02 6.900000000000000000e+02 6.910000000000000000e+02 6.920000000000000000e+02 6.940000000000000000e+02 6.940000000000000000e+02 8.070000000000000000e+02 8.070000000000000000e+02 8.070000000000000000e+02 8.080000000000000000e+02 8.080000000000000000e+02 8.070000000000000000e+02
6.580000000000000000e+02 6.590000000000000000e+02 6.590000000000000000e+02 6.590000000000000000e+02 6.590000000000000000e+02 6.600000000000000000e+02 6.600000000000000000e+02 6.600000000000000000e+02 6.600000000000000000e+02 6.600000000000000000e+02 6.620000000000000000e+02 6.640000000000000000e+02 6.660000000000000000e+02 6.670000000000000000e+02 6.700000000000000000e+02 6.720000000000000000e+02 6.730000000000000000e+02 6.750000000000000000e+02 6.760000000000000000e+02 6.790000000000000000e+02 6.800000000000000000e+02 6.810000000000000000e+02 6.830000000000000000e+02 6.850000000000000000e+02 6.860000000000000000e+02 6.870000000000000000e+02 6.890000000000000000e+02 6.900000000000000000e+02 6.910000000000000000e+02 6.920000000000000000e+02 8.050000000000000000e+02 8.050000000000000000e+02 8.050000000000000000e+02 8.070000000000000000e+02 8.060000000000000000e+02 8.060000000000000000e+02 8.060000000000000000e+02
6.590000000000000000e+02 6.590000000000000000e+02 6.590000000000000000e+02 6.590000000000000000e+02 6.590000000000000000e+02 6.600000000000000000e+02 6.600000000000000000e+02 6.600000000000000000e+02 6.600000000000000000e+02 6.610000000000000000e+02 6.620000000000000000e+02 6.630000000000000000e+02 6.650000000000000000e+02 6.670000000000000000e+02 6.690000000000000000e+02 6.710000000000000000e+02 6.720000000000000000e+02 6.740000000000000000e+02 6.760000000000000000e+02 6.780000000000000000e+02 6.790000000000000000e+02 6.800000000000000000e+02 6.820000000000000000e+02 6.840000000000000000e+02 6.850000000000000000e+02 6.860000000000000000e+02 6.870000000000000000e+02 6.890000000000000000e+02 6.900000000000000000e+02 6.900000000000000000e+02 8.030000000000000000e+02 8.030000000000000000e+02 8.050000000000000000e+02 8.050000000000000000e+02 8.050000000000000000e+02 8.040000000000000000e+02 8.040000000000000000e+02
6.590000000000000000e+02 6.590000000000000000e+02 6.590000000000000000e+02 6.590000000000000000e+02 6.600000000000000000e+02 6.600000000000000000e+02 6.600000000000000000e+02 6.600000000000000000e+02 6.610000000000000000e+02 6.610000000000000000e+02 6.610000000000000000e+02 6.620000000000000000e+02 6.640000000000000000e+02 6.670000000000000000e+02 6.680000000000000000e+02 6.700000000000000000e+02 6.710000000000000000e+02 6.740000000000000000e+02 6.750000000000000000e+02 6.760000000000000000e+02 6.780000000000000000e+02 6.790000000000000000e+02 6.810000000000000000e+02 6.820000000000000000e+02 6.840000000000000000e+02 6.850000000000000000e+02 6.870000000000000000e+02 6.870000000000000000e+02 6.880000000000000000e+02 6.890000000000000000e+02 8.010000000000000000e+02 8.030000000000000000e+02 8.030000000000000000e+02 8.030000000000000000e+02 8.030000000000000000e+02 8.030000000000000000e+02 8.030000000000000000e+02
6.590000000000000000e+02 6.590000000000000000e+02 6.590000000000000000e+02 6.600000000000000000e+02 6.600000000000000000e+02 6.600000000000000000e+02 6.600000000000000000e+02 6.610000000000000000e+02 6.610000000000000000e+02 6.610000000000000000e+02 6.610000000000000000e+02 6.620000000000000000e+02 6.640000000000000000e+02 6.660000000000000000e+02 6.670000000000000000e+02 6.690000000000000000e+02 6.710000000000000000e+02 6.720000000000000000e+02 6.740000000000000000e+02 6.750000000000000000e+02 6.760000000000000000e+02 6.790000000000000000e+02 6.800000000000000000e+02 6.810000000000000000e+02 6.820000000000000000e+02 6.840000000000000000e+02 6.850000000000000000e+02 6.860000000000000000e+02 6.860000000000000000e+02 6.870000000000000000e+02 8.010000000000000000e+02 8.010000000000000000e+02 8.010000000000000000e+02 8.010000000000000000e+02 8.010000000000000000e+02 8.020000000000000000e+02 8.020000000000000000e+02
6.590000000000000000e+02 6.590000000000000000e+02 6.600000000000000000e+02 6.600000000000000000e+02 6.600000000000000000e+02 6.600000000000000000e+02 6.600000000000000000e+02 6.610000000000000000e+02 6.610000000000000000e+02 6.610000000000000000e+02 6.610000000000000000e+02 6.620000000000000000e+02 6.630000000000000000e+02 6.650000000000000000e+02 6.660000000000000000e+02 6.690000000000000000e+02 6.700000000000000000e+02 6.710000000000000000e+02 6.730000000000000000e+02 6.740000000000000000e+02 6.760000000000000000e+02 6.770000000000000000e+02 6.790000000000000000e+02 6.800000000000000000e+02 6.820000000000000000e+02 6.830000000000000000e+02 6.830000000000000000e+02 6.840000000000000000e+02 6.850000000000000000e+02 6.860000000000000000e+02 7.990000000000000000e+02 7.990000000000000000e+02 7.990000000000000000e+02 7.990000000000000000e+02 8.000000000000000000e+02 8.000000000000000000e+02 8.000000000000000000e+02
6.590000000000000000e+02 6.600000000000000000e+02 6.600000000000000000e+02 6.600000000000000000e+02 6.600000000000000000e+02 6.600000000000000000e+02 6.610000000000000000e+02 6.610000000000000000e+02 6.610000000000000000e+02 6.610000000000000000e+02 6.620000000000000000e+02 6.620000000000000000e+02 6.620000000000000000e+02 6.640000000000000000e+02 6.650000000000000000e+02 6.670000000000000000e+02 6.690000000000000000e+02 6.700000000000000000e+02 6.710000000000000000e+02 6.740000000000000000e+02 6.750000000000000000e+02 6.760000000000000000e+02 6.770000000000000000e+02 6.780000000000000000e+02 6.800000000000000000e+02 6.810000000000000000e+02 6.820000000000000000e+02 6.820000000000000000e+02 6.840000000000000000e+02 6.850000000000000000e+02 7.970000000000000000e+02 7.970000000000000000e+02 7.970000000000000000e+02 7.990000000000000000e+02 7.980000000000000000e+02 7.980000000000000000e+02 7.980000000000000000e+02
6.590000000000000000e+02 6.600000000000000000e+02 6.600000000000000000e+02 6.600000000000000000e+02 6.600000000000000000e+02 6.610000000000000000e+02 6.610000000000000000e+02 6.610000000000000000e+02 6.610000000000000000e+02 6.620000000000000000e+02 6.620000000000000000e+02 6.620000000000000000e+02 6.620000000000000000e+02 6.620000000000000000e+02 6.650000000000000000e+02 6.660000000000000000e+02 6.680000000000000000e+02 6.690000000000000000e+02 6.710000000000000000e+02 6.720000000000000000e+02 6.730000000000000000e+02 6.750000000000000000e+02 6.760000000000000000e+02 6.780000000000000000e+02 6.790000000000000000e+02 6.790000000000000000e+02 6.800000000000000000e+02 6.820000000000000000e+02 6.820000000000000000e+02 6.830000000000000000e+02 7.950000000000000000e+02 7.960000000000000000e+02 7.970000000000000000e+02 7.970000000000000000e+02 7.970000000000000000e+02 7.970000000000000000e+02 7.960000000000000000e+02
6.600000000000000000e+02 6.600000000000000000e+02 6.600000000000000000e+02 6.600000000000000000e+02 6.610000000000000000e+02 6.610000000000000000e+02 6.610000000000000000e+02 6.610000000000000000e+02 6.610000000000000000e+02 6.620000000000000000e+02 6.620000000000000000e+02 6.620000000000000000e+02 6.620000000000000000e+02 6.630000000000000000e+02 6.640000000000000000e+02 6.650000000000000000e+02 6.660000000000000000e+02 6.690000000000000000e+02 6.700000000000000000e+02 6.710000000000000000e+02 6.720000000000000000e+02 6.730000000000000000e+02 6.750000000000000000e+02 6.760000000000000000e+02 6.770000000000000000e+02 6.780000000000000000e+02 6.790000000000000000e+02 6.800000000000000000e+02 6.810000000000000000e+02 6.810000000000000000e+02 7.930000000000000000e+02 7.950000000000000000e+02 7.950000000000000000e+02 7.950000000000000000e+02 7.950000000000000000e+02 7.950000000000000000e+02 7.950000000000000000e+02
6.600000000000000000e+02 6.600000000000000000e+02 6.600000000000000000e+02 6.610000000000000000e+02 6.610000000000000000e+02 6.610000000000000000e+02 6.610000000000000000e+02 6.610000000000000000e+02 6.620000000000000000e+02 6.620000000000000000e+02 6.620000000000000000e+02 6.620000000000000000e+02 6.630000000000000000e+02 6.630000000000000000e+02 6.630000000000000000e+02 6.640000000000000000e+02 6.650000000000000000e+02 6.670000000000000000e+02 6.680000000000000000e+02 6.700000000000000000e+02 6.710000000000000000e+02 6.730000000000000000e+02 6.740000000000000000e+02 6.750000000000000000e+02 6.750000000000000000e+02 6.760000000000000000e+02 6.780000000000000000e+02 6.780000000000000000e+02 6.790000000000000000e+02 6.790000000000000000e+02 7.930000000000000000e+02 7.930000000000000000e+02 7.930000000000000000e+02 7.930000000000000000e+02 7.930000000000000000e+02 7.940000000000000000e+02 7.940000000000000000e+02
6.600000000000000000e+02 6.600000000000000000e+02 6.600000000000000000e+02 6.610000000000000000e+02 6.610000000000000000e+02 6.610000000000000000e+02 6.610000000000000000e+02 6.620000000000000000e+02 6.620000000000000000e+02 6.620000000000000000e+02 6.620000000000000000e+02 6.630000000000000000e+02 6.630000000000000000e+02 6.630000000000000000e+02 6.630000000000000000e+02 6.630000000000000000e+02 6.650000000000000000e+02 6.660000000000000000e+02 6.670000000000000000e+02 6.680000000000000000e+02 6.700000000000000000e+02 6.710000000000000000e+02 6.720000000000000000e+02 6.730000000000000000e+02 6.740000000000000000e+02 6.750000000000000000e+02 6.760000000000000000e+02 6.770000000000000000e+02 6.770000000000000000e+02 6.790000000000000000e+02 7.910000000000000000e+02 7.910000000000000000e+02 7.910000000000000000e+02 7.910000000000000000e+02 7.920000000000000000e+02 7.920000000000000000e+02 7.920000000000000000e+02
6.600000000000000000e+02 6.600000000000000000e+02 6.610000000000000000e+02 6.610000000000000000e+02 6.610000000000000000e+02 6.610000000000000000e+02 6.620000000000000000e+02 6.620000000000000000e+02 6.620000000000000000e+02 6.620000000000000000e+02 6.620000000000000000e+02 6.630000000000000000e+02 6.630000000000000000e+02 6.630000000000000000e+02 6.630000000000000000e+02 6.640000000000000000e+02 6.640000000000000000e+02 6.640000000000000000e+02 6.660000000000000000e+02 6.680000000000000000e+02 6.690000000000000000e+02 6.700000000000000000e+02 6.700000000000000000e+02 6.710000000000000000e+02 6.730000000000000000e+02 6.740000000000000000e+02 6.740000000000000000e+02 6.750000000000000000e+02 6.760000000000000000e+02 6.770000000000000000e+02 7.890000000000000000e+02 7.890000000000000000e+02 7.900000000000000000e+02 7.910000000000000000e+02 7.910000000000000000e+02 7.900000000000000000e+02 7.900000000000000000e+02
