testData/tiles/oneDegreeCosts/grid7.0-26.0-8.0-27.0.asc
ncols   200
nrows   200
xllcorner   7.0
yllcorner   26.0
cellsize   0.005
NODATA_value   -9999.0
[rows 0 to 41 of 200, columns 94 to 187 of 200]
232 232 232 232 232 232 232 232 232 232 232 232 232 232 232 232 232 232 232 232 232 232 232 232 232 232 232 232 232 232 232 232 232 232 232 232 232 232 232 232 232 232 232 232 232 232 232 232 232 232 232 232 232 232 232 232 232 232 232 232 232 232 232 232 232 232 232 232 232 232 232 232 232 232 232 232 232 232 232 232 232 232 232 232 232 232 232 232 232 232 232 232 232 232
232 232 232 232 232 232 232 232 232 232 232 232 232 232 232 232 232 232 232 232 232 232 232 232 232 232 232 232 232 232 232 232 232 232 232 232 232 232 232 232 232 232 232 232 232 232 232 232 232 232 232 232 232 232 232 232 232 232 232 232 232 232 232 232 232 232 232 232 232 232 232 232 232 232 232 232 232 232 232 232 232 232 232 232 232 232 232 232 232 232 232 232 232 232
232 232 232 232 232 232 232 232 232 232 232 232 232 232 232 232 232 232 232 232 232 232 232 232 232 232 232 232 232 232 232 232 232 232 232 232 232 232 232 232 232 232 232 232 232 232 232 232 232 232 232 232 232 232 232 232 232 232 232 232 232 232 232 232 232 232 232 232 232 232 232 232 232 232 232 232 232 232 232 232 232 232 232 232 232 232 232 232 232 232 232 232 232 232
232 232 232 232 232 232 232 232 232 232 232 232 232 232 232 232 232 232 232 232 232 232 232 232 232 232 232 232 232 232 232 232 232 232 232 232 232 232 232 232 232 232 232 232 232 232 232 232 232 232 232 232 232 232 232 232 232 232 232 232 232 232 232 232 232 232 232 232 232 232 232 232 232 232 232 232 232 232 232 232 232 232 232 232 232 232 232 232 232 232 232 232 232 232
232 232 232 232 232 232 232 232 232 232 232 232 232 232 232 232 232 232 232 232 232 232 232 232 232 232 232 232 232 232 232 232 232 232 232 232 232 232 232 232 232 232 232 232 232 232 232 232 232 232 232 232 232 232 232 232 232 232 232 232 232 232 232 232 232 232 232 232 232 232 232 232 232 232 232 232 232 232 232 232 232 232 232 232 232 232 232 232 232 232 232 232 232 232
232 232 232 232 232 232 232 232 232 232 232 232 232 232 232 232 232 232 232 232 232 232 232 232 232 232 232 232 232 232 232 232 232 232 232 232 232 232 232 232 232 232 232 232 232 232 232 232 232 232 232 232 232 232 232 232 232 232 232 232 232 232 232 232 232 232 232 232 232 232 232 232 232 232 232 232 232 232 232 232 232 232 232 232 232 232 232 232 232 232 232 232 232 232
232 232 232 232 232 232 232 232 232 232 232 232 232 232 232 232 232 232 232 232 232 232 232 232 232 232 232 232 232 232 232 232 232 232 232 232 232 232 232 232 232 232 232 232 232 232 232 232 232 232 232 232 232 232 232 232 232 232 232 232 232 232 232 232 232 232 232 232 232 232 232 232 232 232 232 232 232 232 232 232 232 232 232 232 232 232 232 232 232 232 232 232 232 232
276 276 276 276 276 277 277 277 277 277 278 278 278 278 278 278 279 279 279 232 232 232 232 232 232 232 232 232 232 232 232 232 232 232 232 232 232 232 232 232 232 232 232 232 232 232 232 232 232 232 232 232 232 232 232 232 232 232 232 232 232 232 232 232 232 232 232 232 232 232 232 232 232 232 232 232 232 232 232 232 232 232 232 232 232 232 232 232 232 232 232 232 232 232
275 275 275 276 276 276 276 276 277 277 277 277 277 277 278 278 278 278 278 279 279 279 279 279 278 279 279 279 279 279 279 232 232 232 232 232 232 232 232 232 232 232 232 232 232 232 232 232 232 232 232 232 232 232 232 232 232 232 232 232 232 232 232 232 232 232 232 232 232 232 232 232 232 232 232 232 232 232 232 232 232 232 232 232 232 232 232 232 232 232 232 232 232 232
274 274 275 275 275 275 276 276 276 276 276 276 277 277 277 277 277 278 278 278 278 278 278 279 279 278 278 278 278 278 279 279 278 278 278 278 278 279 278 278 232 232 232 232 232 232 232 232 232 232 232 232 232 232 232 232 232 232 232 232 232 232 232 232 232 232 232 232 232 232 232 232 232 232 232 232 232 232 232 232 232 232 232 232 232 232 232 232 232 232 232 232 232 232
275 274 275 275 275 276 276 276 276 276 277 276 276 276 276 276 277 277 277 277 277 278 278 278 278 277 277 277 278 278 278 278 278 277 278 278 278 278 278 277 277 277 278 278 277 277 277 277 232 232 232 232 232 232 232 232 232 232 232 232 232 232 232 232 232 232 232 232 232 232 232 232 232 232 232 232 232 232 232 232 232 232 232 232 232 232 232 232 232 232 232 232 232 232
283 283 283 283 283 283 283 282 283 282 282 282 281 280 280 280 279 278 278 277 277 277 277 277 277 277 277 277 277 277 277 277 278 277 277 277 277 277 277 277 277 277 277 277 276 276 276 277 276 276 276 276 275 275 275 232 232 232 232 232 232 232 232 232 232 232 232 232 232 232 232 232 232 232 232 232 232 232 232 232 232 232 232 232 232 232 232 232 232 232 232 232 232 232
290 290 290 290 290 290 289 290 290 289 289 289 289 289 288 287 286 286 286 286 285 284 284 283 283 283 282 280 279 279 279 278 277 277 277 277 277 277 277 277 276 276 276 276 276 276 276 276 276 275 275 275 275 275 275 275 274 274 274 274 273 232 232 232 232 232 232 232 232 232 232 232 232 232 232 232 232 232 232 232 232 232 232 232 232 232 232 232 232 232 232 232 232 232
297 297 296 296 296 297 296 296 296 296 296 296 295 295 295 294 294 293 293 292 292 291 292 291 290 290 289 287 288 287 286 285 284 284 282 282 281 280 279 278 276 276 276 276 276 275 275 275 275 275 275 275 275 274 274 274 274 273 273 274 273 273 273 273 272 272 272 232 232 232 232 232 232 232 232 232 232 232 232 232 232 232 232 232 232 232 232 232 232 232 232 232 232 232
302 302 302 303 303 302 302 302 301 302 302 301 301 301 301 301 300 300 299 298 299 298 298 297 296 296 296 296 294 293 292 292 291 291 290 289 288 287 286 285 285 283 282 281 280 278 277 275 275 275 274 274 274 274 273 273 273 273 273 273 273 272 272 272 271 271 271 271 271 271 270 270 232 232 232 232 232 232 232 232 232 232 232 232 232 232 232 232 232 232 232 232 232 232
307 307 308 308 308 307 307 308 308 307 307 307 307 307 307 306 306 305 306 304 304 303 303 302 303 302 302 301 301 299 298 299 298 297 296 296 294 293 293 292 292 290 289 288 287 287 285 284 282 281 279 278 277 275 274 273 273 273 272 272 272 271 271 271 271 271 271 270 270 270 269 269 269 268 268 269 268 232 232 232 232 232 232 232 232 232 232 232 232 232 232 232 232 232
313 313 313 312 312 313 313 312 312 312 313 312 312 312 311 311 312 311 311 310 309 308 309 308 308 307 307 306 306 305 305 304 303 303 302 301 300 300 299 298 297 296 295 295 294 293 291 290 289 288 287 286 284 283 281 280 279 277 275 273 272 272 271 271 271 270 270 270 269 269 269 268 269 269 268 268 267 267 267 266 266 232 232 232 232 232 232 232 232 232 232 232 232 232
317 317 317 318 317 317 317 317 317 317 317 317 316 316 317 316 316 316 315 315 315 314 314 313 313 312 312 312 312 311 309 309 308 309 308 307 307 305 304 303 303 303 301 300 299 298 298 296 295 295 294 292 291 289 288 286 285 284 284 281 280 279 276 275 273 271 269 269 269 269 269 268 268 268 267 267 267 266 266 266 265 266 265 265 265 264 232 232 232 232 232 232 232 232
321 321 322 322 322 321 321 322 322 321 321 321 321 321 321 321 320 320 320 320 320 319 318 317 317 317 317 316 316 315 315 314 314 313 312 312 311 310 309 309 308 308 306 305 304 303 303 302 301 300 299 297 296 295 294 293 292 291 290 287 286 285 283 281 280 279 277 275 274 271 270 268 267 267 266 266 266 266 266 266 265 265 264 264 264 263 263 262 262 262 232 232 232 232
326 326 326 325 325 326 326 326 325 325 325 326 325 325 325 324 324 325 324 324 324 323 322 322 322 322 321 321 320 321 320 318 318 317 317 316 317 316 314 314 313 312 311 310 310 309 308 307 306 305 304 303 301 301 300 299 297 296 295 293 292 290 290 288 287 285 283 282 280 278 276 275 272 271 270 267 266 266 265 265 264 264 264 263 263 262 262 263 262 262 261 261 261 260
329 329 329 329 330 330 329 329 329 330 330 329 329 329 328 329 329 328 328 328 327 328 328 326 326 325 325 325 325 324 324 323 322 321 322 321 321 320 318 318 317 316 317 315 314 313 313 312 310 309 309 309 307 306 305 304 302 301 300 299 298 297 295 293 292 291 289 287 286 284 283 282 279 278 276 274 272 270 268 266 264 263 263 263 263 263 262 262 261 261 261 260 260 259
333 333 333 333 333 333 333 334 333 333 333 333 332 333 333 332 332 332 332 332 332 331 331 331 329 330 329 329 328 328 328 327 326 326 325 325 324 324 323 321 322 321 321 320 318 317 317 316 315 314 314 313 312 310 309 308 307 306 305 304 302 301 300 299 297 296 295 294 292 291 289 287 286 284 282 281 278 277 274 273 272 269 267 265 262 262 261 261 261 260 260 259 259 258
336 337 337 336 336 336 337 337 337 336 336 337 337 336 336 336 335 336 336 335 335 335 334 334 335 333 333 332 332 331 332 331 331 329 329 328 328 327 328 326 325 325 324 324 322 322 321 321 320 318 317 317 316 314 314 313 312 311 310 309 308 306 305 304 303 301 300 298 297 296 294 292 291 289 287 286 285 283 282 279 277 276 273 271 269 267 265 262 260 260 260 259 259 259
340 340 340 339 340 340 341 340 339 339 340 340 340 339 339 340 339 339 339 339 338 338 338 338 338 337 336 335 336 336 335 335 334 333 332 333 332 332 331 330 329 328 328 328 327 326 325 324 324 322 321 320 321 320 318 317 316 314 313 313 312 311 310 309 307 306 305 304 301 300 299 297 296 295 293 292 290 288 287 284 283 281 279 277 275 273 272 269 267 264 262 260 258 258
343 344 343 344 344 344 344 344 344 344 344 344 342 342 343 343 342 342 342 341 342 342 341 341 341 340 340 339 339 339 338 338 337 338 336 336 335 335 334 334 332 332 332 331 331 329 328 328 327 327 325 325 324 323 321 321 320 319 317 317 316 314 314 313 312 310 309 308 306 305 304 302 301 300 298 296 295 293 291 290 288 286 285 283 282 279 277 275 273 271 268 266 264 261
346 347 347 347 347 347 347 347 347 347 347 346 347 347 346 345 345 345 345 345 345 345 344 344 344 344 344 342 342 341 341 342 341 341 340 339 338 338 337 338 337 335 335 334 334 333 331 332 331 330 329 328 327 327 325 324 324 323 322 321 320 319 317 316 315 313 313 312 310 309 308 306 305 304 302 301 299 297 296 296 293 292 290 288 287 284 282 281 278 277 274 272 270 267
350 350 350 349 349 350 350 350 350 349 350 350 350 349 349 348 349 348 348 348 347 347 347 347 347 347 346 346 345 345 345 344 344 343 343 341 341 341 341 340 340 338 338 337 337 337 335 335 334 333 333 331 330 331 330 328 327 327 326 324 323 322 320 321 320 319 317 316 315 313 312 311 309 308 306 305 304 303 301 300 297 296 295 292 291 290 287 286 283 281 281 278 276 274
352 352 352 353 353 353 352 352 352 353 353 352 352 352 352 352 352 351 351 350 350 351 350 350 350 349 349 350 348 348 347 347 346 346 346 346 345 344 344 343 343 342 341 341 340 340 339 338 337 336 336 335 334 334 333 331 330 330 329 327 326 326 326 324 323 322 320 319 318 316 315 314 313 312 311 309 308 307 305 303 302 300 299 297 295 295 292 291 289 287 285 283 281 280
354 354 355 355 355 355 355 355 355 355 355 355 354 355 355 355 354 354 353 354 353 353 353 352 352 353 352 352 352 350 350 349 349 349 349 349 347 347 346 346 346 346 344 343 343 342 342 340 340 340 339 339 337 336 336 335 333 332 333 331 330 329 328 327 326 325 323 322 321 321 319 318 317 315 314 313 311 310 308 307 306 303 303 302 300 298 297 295 293 291 290 288 286 284
358 358 357 357 357 358 358 358 357 357 357 358 358 357 357 357 357 357 357 356 356 355 355 355 355 355 355 354 354 353 352 353 352 352 351 351 350 349 350 349 349 348 347 346 345 345 345 345 343 342 342 341 340 339 338 339 337 336 335 335 333 332 331 329 329 328 328 326 325 324 322 321 320 318 317 316 314 313 313 311 310 309 307 305 303 302 301 298 297 295 293 292 289 288
360 360 359 359 360 360 360 360 360 360 360 360 360 360 359 360 360 360 359 359 358 357 358 358 357 357 357 356 356 357 355 355 354 354 354 353 354 352 352 351 351 350 350 348 349 348 348 347 345 345 344 344 342 342 342 341 339 339 338 337 335 335 334 334 332 331 331 329 328 327 325 324 323 321 320 320 318 317 316 314 313 312 310 309 308 305 304 302 301 300 298 297 294 293
362 362 362 362 362 362 362 362 363 362 362 362 362 362 362 362 362 362 361 361 362 360 360 360 360 359 359 360 359 359 358 357 357 356 357 356 356 355 354 354 353 353 353 352 351 350 350 349 348 347 347 347 346 345 344 343 343 341 340 340 340 338 337 337 335 334 333 332 331 330 329 327 327 326 324 323 322 320 319 318 316 315 313 312 311 309 308 307 305 304 301 300 299 296
364 364 364 364 364 364 365 365 364 364 364 364 365 364 364 364 364 364 364 364 364 363 362 362 361 362 362 361 361 361 360 360 360 359 359 358 358 357 356 356 356 356 355 355 353 353 352 351 352 350 350 349 349 347 346 346 345 343 344 343 342 340 340 339 338 336 336 335 333 333 332 330 330 329 327 326 325 323 322 321 319 318 318 316 315 313 311 310 308 307 305 303 302 300
366 366 366 366 366 367 367 366 366 366 367 367 366 366 366 366 366 366 366 366 366 365 365 365 364 364 364 363 363 363 363 363 362 361 361 360 360 359 360 359 358 358 357 357 355 355 355 355 354 352 352 351 351 350 348 349 348 347 346 345 344 344 342 341 340 339 339 338 336 336 335 334 332 331 330 328 327 326 325 324 322 321 320 318 317 316 314 313 312 310 308 306 305 304
368 368 368 369 369 368 368 368 368 369 369 368 368 368 368 369 368 368 368 368 367 368 368 367 366 366 365 365 366 365 365 365 364 363 363 362 363 362 362 360 360 359 359 359 359 357 357 356 356 355 354 353 353 353 351 351 350 349 348 347 346 346 344 344 344 342 341 340 340 338 337 336 334 333 332 332 331 330 328 327 326 324 323 322 320 319 317 316 314 312 312 310 309 307
370 370 370 370 370 370 370 371 371 370 370 370 370 371 370 370 370 370 369 369 370 370 369 369 369 367 368 368 368 367 367 366 366 365 365 365 364 364 364 363 362 361 362 361 361 359 359 358 358 357 357 356 355 355 354 353 352 351 351 349 349 349 347 346 346 345 343 342 342 340 339 338 337 337 336 334 333 332 330 329 328 326 325 324 322 321 321 319 318 316 315 314 312 311
372 372 372 372 372 372 372 372 372 372 372 372 372 372 372 372 372 371 372 372 372 371 371 371 371 371 370 369 369 369 368 368 369 368 367 367 366 366 365 366 364 364 364 363 363 362 361 360 361 360 359 358 357 357 356 355 354 353 354 352 351 351 350 348 348 347 345 344 344 344 342 341 340 339 338 337 335 334 333 331 330 329 328 328 326 324 323 321 320 319 318 317 316 315
374 374 373 373 374 374 374 374 374 373 374 374 374 374 373 373 374 374 374 373 373 373 373 373 373 373 371 371 371 370 371 371 370 370 370 368 368 368 368 367 367 366 365 365 364 364 363 363 362 362 361 360 359 358 358 357 357 356 355 354 353 352 352 350 349 349 349 347 347 346 344 343 342 341 340 339 337 336 336 334 333 333 331 330 329 327 326 325 324 323 321 320 319 318
375 376 376 377 377 376 376 376 377 377 377 376 375 375 376 376 375 375 375 375 374 375 375 375 374 374 374 372 373 373 372 372 372 371 371 371 370 370 369 369 369 367 367 366 367 366 366 364 364 363 363 362 361 361 360 360 358 358 357 356 355 354 354 354 352 351 351 349 348 348 346 345 344 343 342 342 341 339 338 337 335 335 333 332 331 330 329 328 327 326 326 325 323 322
377 378 378 378 378 378 378 378 378 378 378 378 378 378 377 377 377 377 376 377 377 377 376 376 376 375 376 376 375 374 374 374 373 374 373 373 372 371 371 370 370 371 369 369 368 368 367 366 365 365 365 365 363 363 362 361 360 359 359 358 357 357 356 355 354 353 352 351 350 349 349 347 347 346 344 344 343 341 340 339 337 336 336 335 334 333 333 332 331 330 329 328 327 325
380 380 379 379 379 380 380 380 380 379 379 380 380 380 380 379 378 379 379 378 378 378 378 377 378 378 377 377 377 376 375 375 376 375 375 374 373 373 372 373 372 372 371 370 370 369 369 368 368 367 367 366 365 364 364 363 362 361 361 361 360 358 358 357 355 355 354 353 352 352 351 349 349 348 346 345 344 343 342 341 340 339 338 338 337 337 336 335 334 333 332 331 330 328
381 381 381 380 381 381 381 381 381 381 381 381 381 381 381 381 381 380 380 380 379 379 380 380 379 379 379 378 378 377 377 377 377 376 376 376 375 375 375 374 374 373 373 371 371 370 371 371 369 369 368 368 367 365 365 365 365 363 363 362 361 360 359 359 358 356 357 356 354 353 353 352 350 349 349 347 346 345 344 345 344 343 342 341 340 339 338 337 336 335 334 333 332 331
