testData/tiles/oneDegreeCosts/grid36.0-22.0-37.0-23.0.asc
ncols   200
nrows   200
xllcorner   36.0
yllcorner   22.0
cellsize   0.005
NODATA_value   -9999.0
[rows 0 to 41 of 200, columns 94 to 187 of 200]
427 427 428 428 429 430 430 430 431 431 432 432 433 434 434 434 471 472 472 473 473 474 474 474 474 475 475 476 476 477 476 477 477 478 478 479 479 479 479 479 480 480 481 481 481 481 481 482 482 482 483 483 482 483 483 484 484 484 485 484 484 485 485 485 486 486 485 486 486 486 486 487 487 487 487 487 487 488 488 488 488 488 488 488 488 489 489 489 488 489 489 489 489 490
427 427 428 429 429 430 430 430 431 431 432 432 470 471 470 471 471 472 472 473 473 474 473 474 474 475 475 476 476 476 476 477 477 478 478 479 479 479 479 479 480 480 481 481 480 481 481 482 482 482 483 482 482 483 483 484 484 484 485 484 484 485 485 485 486 486 485 486 486 486 486 487 487 486 487 487 487 488 488 488 487 488 488 488 488 489 489 488 488 489 489 489 489 490
427 427 428 429 429 430 430 430 468 468 469 469 470 471 470 471 471 472 472 473 473 473 473 474 474 475 475 476 476 476 476 477 477 478 478 479 478 479 479 479 480 480 481 481 480 481 481 482 482 482 483 482 483 483 483 484 484 484 484 484 484 485 485 485 486 485 485 486 486 486 487 487 487 486 487 487 487 488 488 488 487 488 488 488 488 489 489 488 488 489 489 489 489 490
427 427 428 429 466 466 466 467 468 468 469 470 470 470 470 471 471 472 472 473 473 473 474 474 475 475 476 476 476 476 476 477 477 478 478 479 478 479 479 479 480 480 481 480 480 481 481 482 482 482 482 482 483 483 483 484 484 484 484 484 484 485 485 485 486 485 485 486 486 486 487 487 486 486 487 487 487 488 488 487 487 488 488 488 488 489 488 488 488 489 489 489 489 489
464 464 465 466 466 466 467 467 468 468 469 470 469 470 470 471 471 472 472 473 473 473 474 474 475 475 476 476 476 476 476 477 477 478 478 478 478 479 479 479 480 480 480 480 480 481 481 482 482 482 482 482 483 483 483 484 484 483 484 484 484 485 485 485 485 485 485 486 486 486 487 487 486 486 487 487 487 488 488 487 487 488 488 488 488 489 488 488 489 489 489 489 489 489
464 464 465 466 465 466 467 467 468 468 469 470 469 470 470 471 471 472 472 472 473 473 474 474 475 475 476 475 476 476 476 477 477 478 477 478 478 479 479 479 480 480 480 480 481 481 481 482 482 481 482 482 483 483 483 484 484 483 484 484 484 485 485 485 485 485 485 486 486 486 487 486 486 486 487 487 487 488 487 487 487 488 488 488 489 488 488 488 489 489 489 489 490 489
464 464 465 465 465 466 467 467 468 468 469 469 469 470 470 471 471 472 472 472 473 473 474 474 475 475 475 475 476 476 476 477 477 478 477 478 478 479 479 479 480 479 480 480 481 481 481 482 482 481 482 482 483 483 483 484 483 483 484 484 484 485 485 484 485 485 485 486 486 486 487 486 486 486 487 487 487 488 487 487 487 488 488 488 489 488 488 488 489 489 489 489 489 489
464 464 465 465 465 466 467 467 468 468 468 469 469 470 470 471 471 472 472 472 473 473 474 474 475 475 475 475 476 476 477 477 477 477 477 478 478 479 479 479 480 479 480 480 481 481 481 482 481 481 482 482 483 483 483 483 483 483 484 484 484 485 485 484 485 485 485 486 486 486 486 486 486 487 487 487 487 487 487 487 487 488 488 488 488 488 488 488 489 489 489 489 489 489
464 464 464 465 465 466 467 467 468 468 468 469 469 470 470 471 471 471 472 472 473 473 474 474 475 474 475 475 476 476 477 477 477 477 477 478 478 479 479 480 479 479 480 480 481 481 481 482 481 482 482 482 483 483 483 483 483 483 484 484 484 485 484 484 485 485 485 486 486 486 486 486 486 487 487 487 487 487 487 487 487 488 488 488 488 488 488 488 489 489 489 488 489 489
464 463 464 465 465 466 467 467 468 467 468 469 469 470 470 471 471 471 472 472 473 473 474 474 474 474 475 475 476 476 477 477 476 477 477 478 478 479 479 480 479 479 480 480 481 481 481 481 481 482 482 482 483 483 482 483 483 483 484 484 484 485 484 484 485 485 485 486 486 485 486 486 486 487 487 487 486 487 487 487 488 488 488 487 488 488 488 488 489 489 489 488 489 489
463 463 464 465 465 466 467 467 467 467 468 469 469 470 470 471 470 471 472 472 473 473 474 474 474 474 475 475 476 476 477 476 476 477 477 478 478 479 479 479 479 479 480 480 481 481 480 481 481 482 482 482 483 483 482 483 483 483 484 484 484 484 484 484 485 485 485 486 485 485 486 486 486 487 487 487 486 487 487 487 488 488 488 487 488 488 488 488 489 489 488 488 489 489
463 463 464 465 465 466 467 467 467 467 468 469 469 470 470 470 470 471 472 472 473 473 474 473 474 474 475 475 476 476 477 476 476 477 477 478 478 479 478 479 479 479 480 480 481 481 480 481 481 482 482 482 483 482 482 483 483 483 484 484 484 484 484 484 485 485 485 486 485 485 486 486 486 487 487 486 486 487 487 487 488 488 487 487 488 488 488 488 489 489 488 488 489 489
463 463 464 465 465 466 467 466 467 467 468 469 469 470 470 470 470 471 472 472 473 473 473 473 474 474 475 475 476 476 476 476 476 477 477 478 478 479 478 479 479 479 480 480 481 480 480 481 481 482 482 482 483 482 482 483 483 483 484 484 483 484 484 484 485 485 485 485 485 485 486 486 486 487 487 486 486 487 487 487 488 488 487 487 488 488 488 488 489 488 488 488 489 489
463 463 464 465 465 466 466 466 467 467 468 469 469 470 469 470 470 471 472 472 473 473 473 473 474 474 475 475 476 475 476 476 476 477 477 478 478 478 478 479 479 479 480 480 481 480 480 481 481 482 482 482 482 482 482 483 483 483 484 483 483 484 484 484 485 485 485 485 485 485 486 486 486 487 486 486 486 487 487 487 488 487 487 487 488 488 488 488 489 488 488 488 489 489
463 463 464 465 465 466 466 466 467 467 468 469 469 469 469 470 471 471 472 472 473 472 473 473 474 474 475 475 476 475 476 476 476 477 477 478 477 478 478 479 479 479 480 480 480 480 480 481 481 482 482 482 482 482 482 483 483 483 484 483 483 484 484 484 485 485 485 485 485 485 486 486 486 487 486 486 486 487 487 487 488 487 487 487 488 488 488 488 488 488 488 488 489 489
463 463 464 465 465 465 466 466 467 467 468 469 469 469 469 470 471 471 472 472 472 472 473 473 474 474 475 475 475 475 476 476 476 477 477 478 477 478 478 479 479 479 480 480 480 480 480 481 481 482 482 482 482 482 482 547 483 483 483 483 483 484 484 484 485 485 485 485 485 485 486 486 486 486 486 486 486 487 487 487 487 487 487 487 488 488 488 488 488 488 488 488 489 489
463 463 464 465 464 465 466 466 467 467 468 469 468 469 469 470 471 471 472 472 472 472 473 473 474 474 475 475 475 475 476 476 476 477 477 477 477 478 478 479 543 543 544 543 544 544 544 545 545 546 545 545 546 546 546 547 547 547 547 547 547 548 548 548 549 548 548 549 549 549 550 486 486 486 486 486 486 487 487 487 487 487 487 487 488 488 488 488 488 488 488 488 489 489
463 463 464 464 464 465 466 466 467 467 468 468 468 469 469 470 470 471 472 471 472 472 473 473 474 474 475 474 475 475 476 476 476 541 541 541 541 542 542 543 543 543 543 543 544 544 544 545 545 546 545 545 546 546 546 547 547 546 547 547 547 548 548 548 549 548 548 549 549 549 550 550 549 550 550 550 550 551 487 487 487 487 487 487 488 488 488 488 488 488 488 488 489 489
463 463 464 464 464 465 466 466 467 467 468 468 468 469 469 470 470 471 471 471 472 472 473 473 474 474 474 474 539 539 540 540 540 541 540 541 541 542 542 543 543 542 543 543 544 544 544 545 545 545 545 545 546 546 546 547 547 546 547 547 547 548 548 548 548 548 548 549 549 549 550 549 549 550 550 550 550 551 551 550 551 551 551 487 488 488 488 488 488 488 488 488 489 488
463 463 463 464 464 465 466 466 467 467 467 468 468 469 469 470 470 471 471 471 472 472 473 473 538 537 538 538 539 539 540 540 540 540 540 541 541 542 542 543 543 542 543 543 544 544 544 545 544 545 545 545 546 546 546 547 546 546 547 547 547 548 548 547 548 548 548 549 549 549 550 549 549 550 550 550 550 551 550 550 551 551 551 551 552 551 551 488 488 488 488 488 489 488
463 462 463 464 464 465 466 466 467 466 467 468 468 469 469 470 470 470 471 471 536 536 537 537 538 537 538 538 539 539 540 540 540 540 540 541 541 542 542 543 542 542 543 543 544 544 544 545 544 545 545 545 546 546 546 546 546 546 547 547 547 548 548 547 548 548 548 549 549 549 549 549 549 550 550 550 550 551 550 550 551 551 551 551 552 551 551 551 552 552 552 488 488 488
462 462 463 464 464 465 466 466 466 466 467 468 468 469 469 470 470 534 535 535 536 536 537 537 537 537 538 538 539 539 540 540 539 540 540 541 541 542 542 543 542 542 543 543 544 544 544 544 544 545 545 545 546 546 546 546 546 546 547 547 547 548 547 547 548 548 548 549 549 549 549 549 549 550 550 550 550 550 550 550 551 551 551 551 551 551 551 551 552 552 552 552 552 552
462 462 463 464 464 465 466 466 466 466 467 468 468 469 533 534 533 534 535 535 536 536 537 536 537 537 538 538 539 539 540 539 539 540 540 541 541 542 542 542 542 542 543 543 544 544 544 544 544 545 545 545 546 546 545 546 546 546 547 547 547 548 547 547 548 548 548 549 549 548 549 549 549 550 550 550 549 550 550 550 550 551 551 551 551 551 551 551 552 552 552 551 552 552
462 462 463 464 464 465 466 465 466 466 467 532 532 533 533 533 533 534 535 535 536 536 537 536 537 537 538 538 539 539 540 539 539 540 540 541 541 542 541 541 542 542 543 543 544 544 543 544 544 544 545 545 546 545 545 546 546 546 547 547 547 547 547 547 548 548 548 549 548 548 549 549 549 550 550 550 549 550 550 550 550 551 551 550 551 551 551 551 552 552 552 551 552 552
462 462 463 464 464 465 465 465 466 530 531 532 532 533 532 533 533 534 534 535 536 536 536 536 537 537 538 538 539 539 538 539 539 540 540 541 541 542 541 541 542 542 543 543 544 543 543 544 544 544 545 545 546 545 545 546 546 546 547 547 546 547 547 547 548 548 548 549 548 548 549 549 549 549 550 549 549 550 550 550 550 551 551 550 551 551 551 551 552 552 551 551 552 552
462 462 463 464 464 464 529 529 530 530 531 532 532 532 532 533 533 534 534 535 536 535 536 536 537 537 538 538 539 538 538 539 539 540 540 541 541 541 541 541 542 542 543 543 544 543 543 544 544 544 545 545 545 545 545 546 546 546 547 547 546 547 547 547 548 548 548 548 548 548 549 549 549 549 550 549 549 550 550 550 550 551 550 550 551 551 551 551 552 551 551 551 552 552
390 462 463 464 527 528 529 529 530 530 531 532 532 532 532 533 533 534 534 535 536 535 536 536 537 537 538 538 538 538 538 539 539 540 540 541 540 541 541 541 542 542 543 543 542 543 543 544 544 544 545 545 545 545 545 546 546 546 547 546 546 547 547 547 548 548 548 548 548 548 549 549 549 549 549 549 549 550 550 550 550 551 550 550 550 551 551 551 552 551 551 551 551 552
390 390 455 456 455 528 528 529 530 530 531 532 531 532 532 533 533 534 534 535 534 535 536 536 537 537 538 538 537 538 538 539 539 540 540 541 540 541 541 541 542 542 543 542 542 543 543 544 544 544 545 544 545 545 545 546 546 546 547 546 546 547 547 547 548 548 547 548 548 548 549 549 549 549 549 549 549 550 550 550 550 550 550 550 550 551 551 551 550 551 551 551 551 552
454 454 455 455 455 456 456 457 530 530 531 530 531 532 532 533 533 534 534 534 534 535 535 536 536 537 537 537 537 538 538 539 539 540 540 540 540 541 541 541 542 542 543 542 542 543 543 544 544 544 544 544 545 545 545 546 546 546 546 546 546 547 547 547 548 547 547 548 548 548 549 549 549 548 549 549 549 550 550 550 549 550 550 550 550 551 551 551 550 551 551 551 551 552
454 454 454 455 455 456 456 457 458 458 458 530 531 532 532 533 533 534 533 534 534 535 535 536 536 537 536 537 537 538 538 539 539 540 539 540 540 541 541 541 542 542 542 542 542 543 543 544 544 544 544 544 544 545 545 546 546 545 546 546 546 547 547 547 548 547 547 548 548 548 548 549 548 548 549 549 549 550 550 550 549 550 550 550 550 551 551 550 550 551 551 551 551 552
453 453 454 454 455 456 456 457 458 457 458 458 459 460 460 533 533 534 533 534 534 535 535 536 536 537 536 537 537 538 538 539 539 539 539 540 540 540 541 541 542 541 542 542 542 543 543 544 544 543 544 544 544 545 545 546 546 545 546 546 546 547 547 547 547 547 547 548 548 548 548 549 548 548 549 549 549 550 550 549 549 550 550 550 550 551 551 550 550 551 551 551 551 552
452 453 454 454 455 456 456 457 458 457 458 458 459 460 460 461 461 461 533 534 534 535 535 536 536 536 536 537 537 538 538 539 539 539 539 540 540 540 541 541 542 541 542 542 542 543 543 544 543 543 544 544 544 545 545 546 545 545 546 546 546 547 547 547 547 547 547 548 548 548 548 548 548 548 549 549 549 549 550 549 549 550 550 550 550 551 550 550 550 551 551 551 551 551
452 453 454 454 455 456 456 457 457 457 458 458 459 459 460 461 460 461 461 462 462 463 535 536 535 536 536 537 537 538 538 539 538 539 539 540 540 540 541 541 541 541 542 542 542 543 543 544 543 543 544 544 544 545 545 544 545 545 546 546 546 547 547 546 547 547 547 547 548 548 548 548 548 548 549 549 549 549 549 549 549 550 550 550 550 550 550 550 550 551 551 551 551 551
452 453 454 454 455 456 456 456 456 457 458 458 459 459 460 460 460 461 461 462 462 463 463 463 463 464 536 537 537 538 538 538 538 539 539 540 540 540 541 540 541 541 541 542 542 543 543 542 543 543 544 544 544 545 545 544 545 545 545 546 546 547 546 546 547 547 547 547 548 548 547 548 548 548 549 549 549 548 549 549 549 550 550 550 550 550 550 550 550 551 551 551 550 551
452 453 454 454 455 456 455 456 456 457 458 458 459 459 459 460 460 461 461 462 462 463 463 463 463 464 464 465 465 466 466 538 538 539 539 539 540 540 540 540 541 541 541 542 542 543 542 542 543 543 544 544 544 545 544 544 545 545 545 546 546 546 546 546 546 547 547 547 548 547 547 548 548 548 549 549 549 548 549 549 549 549 550 550 549 550 550 550 550 551 551 551 550 551
452 453 454 454 455 455 455 456 456 457 458 458 459 459 459 459 460 461 461 462 462 463 462 463 463 464 464 465 465 466 465 466 466 467 467 539 540 540 540 540 541 541 541 542 542 543 542 542 543 543 544 544 544 544 544 544 545 545 545 546 546 545 546 546 546 547 547 547 548 547 547 548 548 548 549 549 548 548 549 549 549 549 550 550 549 550 550 550 550 551 551 550 550 550
452 453 454 454 455 454 455 456 456 457 458 458 459 458 459 459 460 461 461 462 462 462 462 463 463 464 464 465 465 465 465 466 466 466 467 467 468 467 468 468 541 541 541 542 542 542 542 542 543 543 544 544 544 544 544 544 545 545 545 546 545 545 546 546 546 547 547 547 547 547 547 548 548 548 548 549 548 548 549 549 549 549 550 549 549 549 550 550 550 550 551 550 550 550
452 453 453 454 454 454 455 456 456 457 458 458 458 458 459 459 460 460 461 462 461 462 462 463 463 464 464 465 464 465 465 466 466 466 467 467 467 467 468 468 468 469 469 470 469 470 542 542 543 543 543 544 543 544 544 544 545 545 545 546 545 545 546 546 546 547 547 546 547 547 547 548 548 548 548 548 548 548 549 549 549 549 549 549 549 549 550 550 550 550 550 550 550 550
452 453 453 453 454 454 455 456 456 457 457 457 458 458 459 459 460 460 461 461 461 462 462 463 463 464 464 465 464 465 465 465 466 466 467 467 467 467 468 468 468 469 469 469 469 469 470 470 471 471 471 471 543 544 544 544 545 545 545 545 545 545 546 546 546 547 547 546 547 547 547 547 548 548 547 548 548 548 549 549 549 549 549 549 549 549 550 550 550 549 550 550 550 550
452 453 452 453 454 454 455 456 456 457 456 457 458 458 459 459 460 460 461 460 461 462 462 463 463 464 464 464 464 464 465 465 466 466 467 466 467 467 468 468 468 469 469 469 469 469 470 470 471 471 471 471 471 471 472 472 473 473 472 473 545 545 546 546 546 547 546 546 547 547 547 547 548 548 547 548 548 548 548 549 549 548 549 549 549 549 550 550 550 549 550 550 550 550
452 452 452 453 454 454 455 456 456 457 456 457 458 458 459 459 460 460 460 460 461 461 462 462 463 463 463 463 464 464 465 465 466 466 466 466 467 467 467 468 468 469 468 469 469 469 470 470 471 471 470 471 471 471 472 472 473 473 472 473 473 473 474 474 474 474 474 474 474 475 547 547 548 547 547 548 548 548 548 549 549 548 549 549 549 549 550 550 549 549 550 550 550 550
451 452 452 453 454 454 455 455 456 456 456 457 457 458 459 459 460 459 460 460 461 461 462 462 463 462 463 463 464 464 465 465 466 465 466 466 467 467 467 468 468 468 468 469 469 469 470 470 471 470 470 471 471 471 472 472 472 472 472 473 473 473 474 474 474 474 474 474 474 475 475 475 475 475 475 476 476 476 476 477 476 476 476 477 477 477 478 478 477 477 478 478 478 478
