testData/tiles/oneDegreeCosts/grid41.0-41.0-42.0-42.0.asc
ncols   200
nrows   200
xllcorner   41.0
yllcorner   41.0
cellsize   0.005
NODATA_value   -9999.0
[rows 42 to 83 of 200, columns 0 to 93 of 200]
703 705 706 707 660 661 662 664 665 665 666 667 668 670 671 671 672 673 674 675 676 677 678 679 680 680 681 683 684 685 685 686 687 688 689 689 691 692 693 694 694 695 696 697 698 698 700 701 702 703 703 704 705 706 706 707 708 710 710 711 712 713 713 714 715 716 716 717 718 719 719 720 721 722 723 724 725 726 726 727 728 728 729 730 730 731 732 732 733 734 734 735 736 736
704 705 706 707 661 662 663 664 665 666 667 668 669 670 671 672 672 674 675 676 677 678 678 679 680 682 683 683 684 685 686 687 687 689 690 691 692 692 693 694 695 696 697 698 699 700 701 701 702 703 704 704 705 707 708 709 709 710 711 712 712 713 714 715 715 716 717 719 719 720 721 722 722 723 724 725 725 726 727 727 728 729 730 730 731 732 732 733 734 734 735 736 736 737
705 705 706 708 662 663 664 664 665 667 668 669 669 670 671 673 674 675 675 676 677 678 680 680 681 682 683 684 684 685 687 688 689 689 690 691 692 693 693 695 696 697 698 698 699 700 701 702 702 704 705 706 707 707 708 709 710 710 711 712 713 714 715 716 717 718 718 719 720 721 721 722 723 724 724 725 726 726 727 728 729 729 731 732 732 733 734 734 735 736 736 737 738 738
705 707 707 708 662 663 664 666 666 667 668 669 670 672 672 673 674 675 676 676 678 679 680 681 682 682 683 684 686 687 687 688 689 690 691 691 693 694 695 696 696 697 698 699 700 700 702 703 704 705 705 706 707 708 708 709 710 711 713 713 714 715 716 716 717 718 719 719 720 721 722 722 723 724 725 726 727 728 729 729 730 731 731 732 733 734 734 735 736 736 737 738 738 739
706 707 708 709 662 664 665 666 667 667 668 669 671 672 673 673 674 675 677 678 679 679 680 681 682 683 684 685 686 687 688 688 689 690 692 693 693 694 695 696 697 698 698 699 701 702 703 703 704 705 706 706 707 708 709 711 711 712 713 714 715 715 716 717 718 718 719 720 721 721 723 724 725 725 726 727 728 728 729 730 731 731 732 733 733 734 735 735 736 737 738 738 739 740
706 707 708 709 664 664 665 666 667 668 670 670 671 672 673 674 674 676 677 678 679 680 680 681 683 684 685 685 686 687 688 689 691 691 692 693 694 695 695 696 697 699 700 700 701 702 703 704 704 705 706 707 709 709 710 711 712 713 713 714 715 716 716 717 718 719 721 721 722 723 724 724 725 726 727 727 728 729 730 730 731 732 732 733 734 735 735 736 737 737 739 740 740 741
706 707 708 710 664 665 665 666 667 669 670 671 671 672 673 675 676 677 677 678 679 680 682 682 683 684 685 686 687 687 689 690 691 692 692 693 694 695 696 697 698 699 700 701 702 702 703 704 705 706 707 708 709 710 711 711 712 713 714 714 715 716 717 719 719 720 721 722 722 723 724 725 725 726 727 728 728 729 730 731 731 732 733 735 735 736 737 737 738 739 740 740 741 742
707 709 709 710 664 665 666 666 668 669 670 671 672 672 674 675 676 677 678 678 679 681 682 683 684 684 685 686 687 689 689 690 691 692 693 694 694 695 697 698 699 699 700 701 702 703 703 704 706 707 708 708 709 710 711 712 712 713 714 715 717 717 718 719 720 720 721 722 723 724 724 725 726 727 727 728 729 730 731 732 733 734 734 735 736 737 737 738 739 739 740 741 741 742
707 709 710 710 664 665 666 668 669 669 670 671 672 674 675 675 676 677 678 679 680 681 682 683 684 685 685 686 688 689 690 691 691 692 693 694 696 696 697 698 699 700 700 701 702 703 705 706 706 707 708 709 710 710 711 712 713 714 715 716 717 718 718 719 720 721 722 722 723 724 725 725 726 727 728 730 730 731 732 733 733 734 735 736 736 737 738 738 739 740 741 741 742 743
708 709 710 711 664 665 667 668 669 670 670 671 673 674 675 676 676 677 678 680 681 682 682 683 684 685 686 687 688 689 690 691 692 692 693 695 696 697 698 698 699 700 701 702 702 704 705 706 707 707 708 709 710 711 711 712 714 715 716 716 717 718 719 720 720 721 722 723 724 724 725 726 728 728 729 730 731 731 732 733 734 734 735 736 737 737 738 739 740 740 741 742 742 743
708 709 710 711 665 666 667 668 669 670 671 671 673 674 675 676 677 677 679 680 681 682 683 683 684 685 687 688 689 689 690 691 692 693 694 695 696 697 698 699 699 700 701 702 704 704 705 706 707 708 709 709 710 711 712 714 714 715 716 717 718 718 719 720 721 722 722 723 724 725 726 727 728 729 730 730 731 732 733 733 734 735 736 736 737 738 739 739 740 741 742 742 743 744
708 709 710 711 665 667 667 668 669 670 671 673 673 674 675 676 677 678 679 680 681 682 683 684 684 686 687 688 689 690 690 691 692 693 695 696 696 697 698 699 700 700 701 703 704 705 706 706 707 708 709 710 710 711 713 714 715 715 716 717 718 719 719 720 721 722 723 723 724 726 727 728 728 729 730 731 731 732 733 734 735 735 736 737 738 738 739 740 741 741 742 743 743 744
709 709 710 711 665 667 668 668 669 670 671 673 674 675 675 676 677 678 680 681 681 682 683 684 685 687 687 688 689 690 691 691 692 694 695 696 697 697 698 699 700 701 702 703 704 705 706 707 707 708 709 710 711 712 713 714 715 716 717 717 718 719 720 721 721 722 723 724 726 726 727 728 729 729 730 731 732 733 733 734 735 736 736 737 738 739 739 740 741 742 742 743 744 745
709 710 710 711 666 667 668 669 670 670 671 673 674 675 676 676 677 678 680 681 682 682 683 684 685 687 688 688 689 690 691 692 693 694 695 696 697 698 698 699 700 701 703 704 704 705 706 707 708 709 709 710 711 712 714 714 715 716 717 718 718 719 720 721 722 722 723 724 726 727 727 728 729 730 731 731 732 733 734 735 735 736 737 738 738 739 740 741 741 742 743 744 744 745
709 710 711 711 666 667 668 669 670 671 671 673 674 675 676 677 677 678 680 681 682 683 683 684 685 687 688 689 689 690 691 692 693 695 695 696 697 698 699 700 700 701 702 704 705 705 706 707 708 709 710 710 711 712 714 715 716 716 717 718 719 720 720 721 722 723 724 724 726 727 728 729 729 730 731 732 733 733 734 735 736 736 737 738 739 740 740 741 742 743 743 744 745 746
709 710 711 712 666 667 668 669 670 671 672 673 674 675 676 677 678 678 680 681 682 683 684 684 685 687 688 689 690 690 691 692 693 694 696 696 697 698 699 700 701 701 702 704 705 706 707 707 708 709 710 711 711 712 714 715 716 717 717 718 719 720 721 721 722 723 724 725 725 727 728 729 730 730 731 732 733 734 734 735 736 737 738 738 739 740 741 741 742 743 744 744 745 746
709 710 711 712 666 668 668 669 670 671 672 673 674 675 676 677 678 679 680 681 682 683 684 685 685 686 688 689 690 691 691 692 693 694 696 697 697 698 699 700 701 702 702 703 705 706 707 708 708 709 710 711 712 713 713 715 716 717 718 718 719 720 721 722 723 723 724 725 726 727 728 729 730 731 732 732 733 734 735 736 736 737 738 739 739 740 741 742 743 743 744 745 746 746
709 710 711 712 666 667 669 669 670 671 672 673 675 675 676 677 678 679 680 681 682 683 684 685 686 686 687 689 690 691 692 693 693 694 695 697 698 699 699 700 701 702 703 704 704 706 707 708 709 709 710 711 712 713 714 714 716 717 718 719 720 720 721 722 723 724 724 725 726 727 728 728 730 731 732 733 734 734 735 736 737 737 738 739 740 741 741 742 743 744 745 745 746 747
709 710 711 665 666 667 668 669 670 671 672 673 674 676 676 677 678 679 680 681 682 683 684 685 686 687 687 688 690 691 692 693 694 694 695 696 698 699 700 700 701 702 703 704 705 705 707 708 709 710 711 711 712 713 714 715 716 716 718 719 720 721 721 722 723 724 725 726 726 727 728 729 730 730 731 733 734 735 735 736 737 738 739 739 740 741 742 743 743 744 745 746 746 747
709 711 711 665 666 667 668 669 670 671 672 673 674 675 677 677 678 679 680 681 682 683 684 685 686 687 688 689 689 691 692 693 694 695 695 696 697 698 700 701 701 702 703 704 705 706 706 707 709 710 711 712 712 713 714 715 716 717 717 718 720 721 722 723 723 724 725 726 727 727 728 729 730 731 731 732 733 734 736 737 737 738 739 740 741 741 742 743 744 744 745 746 747 748
709 710 711 665 666 667 668 669 670 671 672 673 674 675 676 678 678 679 680 681 682 683 684 685 686 687 688 689 690 690 692 693 694 695 696 696 697 698 699 701 702 702 703 704 705 706 707 707 708 709 711 712 713 713 714 715 716 717 718 718 719 720 721 723 724 724 725 726 727 728 728 729 730 731 732 733 733 734 735 736 737 737 738 740 741 742 742 743 744 745 746 746 747 748
709 710 711 665 666 667 668 669 670 671 672 673 674 675 676 677 678 679 680 681 682 683 684 684 686 687 688 689 690 691 691 692 694 695 696 697 697 698 699 700 701 703 703 704 705 706 707 708 708 709 710 711 713 714 714 715 716 717 718 719 719 720 721 722 723 724 725 726 727 728 729 730 730 731 732 733 734 734 735 736 737 738 739 739 740 741 742 743 743 744 746 747 748 748
709 710 711 665 665 667 668 669 670 671 672 672 674 675 676 677 678 679 680 681 682 683 684 685 685 686 688 689 690 691 692 692 693 694 696 697 698 698 699 700 701 702 703 703 705 706 707 708 709 709 710 711 712 713 714 716 716 717 718 719 720 721 721 722 723 724 725 726 726 727 729 730 731 731 732 733 734 735 736 736 737 738 739 740 740 741 742 743 744 744 745 746 747 748
708 710 711 665 666 666 667 669 670 671 672 673 673 675 676 677 678 679 679 680 682 683 684 685 686 686 687 688 690 691 692 692 693 694 695 696 698 699 699 700 701 702 703 704 704 705 707 708 709 710 711 711 712 713 714 715 716 716 718 719 720 721 722 722 723 724 725 726 727 727 728 729 730 731 732 733 734 735 736 737 737 738 739 740 741 742 742 743 744 745 746 746 747 748
708 709 710 665 666 667 667 668 669 671 672 673 674 674 675 677 678 679 680 680 681 682 684 685 686 687 687 688 689 690 692 693 693 694 695 696 697 698 699 700 701 702 703 704 705 705 706 707 708 710 711 712 712 713 714 715 716 717 717 718 719 720 722 723 723 724 725 726 727 728 728 729 730 731 732 733 733 734 735 736 737 738 739 740 741 742 743 743 744 745 746 747 747 748
708 709 710 664 665 667 668 668 669 670 671 673 674 674 675 676 677 679 680 681 681 682 683 684 685 687 688 688 689 690 691 692 693 694 695 696 697 698 699 700 700 701 703 704 705 706 706 707 708 709 710 711 712 713 714 715 716 717 718 718 719 720 721 722 723 723 724 726 727 728 729 729 730 731 732 733 734 734 735 736 737 738 739 739 740 741 742 743 744 744 745 746 747 748
708 709 710 664 665 666 667 668 669 670 671 672 673 675 675 676 677 678 679 680 682 682 683 684 685 686 687 688 689 690 691 692 693 694 694 695 697 698 699 700 701 701 702 703 704 705 707 707 708 709 710 711 712 713 713 714 715 717 718 719 719 720 721 722 723 724 724 725 726 727 728 729 729 730 732 733 734 735 735 736 737 738 739 740 740 741 742 743 744 745 745 746 747 748
708 708 709 664 665 666 667 668 668 670 671 672 673 674 675 675 677 678 679 680 681 681 682 684 685 686 687 688 688 689 690 692 693 694 695 695 696 697 698 700 701 701 702 703 704 705 706 707 707 708 710 711 712 713 714 714 715 716 717 718 719 719 720 722 723 724 725 725 726 727 728 729 730 731 731 732 733 734 735 736 736 737 739 740 741 742 742 743 744 745 746 746 747 748
708 709 709 663 664 666 667 668 669 669 670 671 673 674 675 675 676 677 679 680 681 682 682 683 684 685 687 688 689 689 690 691 692 693 695 696 696 697 698 699 700 701 701 703 704 705 706 707 708 708 709 711 712 713 715 715 716 717 718 719 720 721 721 722 722 723 724 725 725 727 728 729 730 731 732 732 733 734 735 736 737 737 738 739 740 741 742 742 743 744 745 746 747 747
707 708 709 663 664 665 666 667 669 669 670 671 672 673 675 676 676 677 678 679 680 682 683 683 684 685 686 687 688 690 690 691 692 693 694 695 695 696 698 699 700 701 702 702 703 704 705 706 709 710 710 711 712 713 714 715 715 716 717 718 720 721 722 722 723 724 725 725 726 726 727 728 729 730 731 732 732 733 735 736 737 738 738 739 740 741 742 743 743 744 745 746 747 748
707 708 709 662 663 665 666 667 668 669 669 671 672 673 674 675 676 676 678 679 680 681 682 682 683 685 686 687 688 689 689 690 691 693 694 695 696 696 697 698 699 700 702 703 703 704 706 707 708 709 709 710 711 713 714 715 717 717 718 718 719 720 721 722 722 723 724 726 727 727 727 728 729 730 731 732 733 733 734 735 736 737 738 738 739 740 741 742 743 743 744 745 746 748
706 707 662 662 663 664 665 666 668 669 669 670 671 672 674 675 676 676 677 678 679 681 682 683 683 684 685 686 687 689 690 690 691 692 693 694 695 697 697 698 699 700 701 702 703 704 705 707 708 709 710 711 712 713 714 715 716 717 717 719 720 721 722 723 722 723 724 725 726 727 728 728 728 729 730 731 733 734 734 735 736 737 738 739 739 740 741 742 743 744 744 745 746 747
706 707 661 662 662 664 665 666 667 668 669 670 671 672 673 674 675 675 677 678 679 680 681 682 682 684 685 686 687 688 689 689 690 692 693 694 695 696 696 697 698 699 702 703 704 704 705 706 708 709 710 711 711 713 714 715 716 717 717 718 719 720 721 722 723 723 724 725 726 727 728 729 729 729 730 731 732 733 733 734 735 736 737 738 739 739 740 741 742 743 744 744 746 747
705 706 661 662 662 663 664 665 667 668 669 669 670 671 672 674 675 676 676 677 678 679 681 682 683 683 684 685 686 688 689 690 690 691 692 693 694 695 697 697 698 700 701 702 703 703 705 706 708 709 710 711 711 712 713 715 716 717 718 718 719 720 721 722 723 724 724 725 726 726 727 728 729 729 729 730 731 733 734 734 735 736 737 738 739 740 740 741 742 743 744 745 745 746
705 706 660 661 661 662 664 665 666 667 668 668 670 671 672 673 674 675 675 677 678 679 680 681 682 682 684 685 686 687 688 689 689 690 692 693 694 695 696 696 698 699 700 702 704 705 705 706 707 708 709 711 712 712 714 715 716 717 718 719 719 720 721 722 722 723 723 724 726 727 728 728 729 729 730 730 731 732 733 734 734 735 736 737 738 739 740 740 741 742 743 744 745 745
704 705 659 660 662 662 663 664 665 666 668 669 669 670 671 672 674 675 676 676 677 678 679 681 682 683 683 684 685 686 687 689 689 690 691 692 693 694 695 697 698 699 700 702 703 704 704 705 707 708 710 711 712 712 713 714 715 716 717 718 718 719 721 722 723 724 725 724 725 726 727 728 728 729 729 730 730 731 732 733 734 735 736 737 738 739 740 740 741 742 743 744 745 746
703 704 659 660 661 661 662 664 665 666 667 668 668 669 671 672 673 674 675 675 677 678 679 680 681 682 682 683 685 686 687 688 689 689 690 691 693 694 696 697 697 698 700 701 702 703 705 706 707 708 709 710 711 712 713 714 715 717 718 719 720 719 720 721 722 723 724 724 724 725 726 727 729 729 729 730 731 731 732 733 734 734 735 736 737 738 739 740 740 741 742 743 744 745
703 704 658 659 660 661 662 663 664 665 666 667 668 669 670 671 672 673 675 675 676 677 678 679 680 682 682 683 684 685 686 687 688 689 690 691 692 694 695 696 696 698 700 701 702 704 705 705 706 707 708 710 711 713 713 714 715 716 717 718 719 719 720 721 721 722 724 725 725 726 726 727 728 729 729 729 730 731 731 732 733 734 734 735 736 737 738 739 740 740 742 743 744 745
663 664 657 658 660 660 661 662 663 664 666 667 667 668 669 670 672 673 674 674 675 676 677 679 680 681 681 682 683 684 685 687 688 688 689 690 692 693 694 696 697 698 699 700 702 703 704 704 705 708 709 710 711 712 712 713 714 715 716 717 718 718 720 721 722 723 723 724 724 725 726 726 727 728 729 729 729 730 731 731 733 734 734 735 736 737 738 739 740 740 741 742 743 744
662 663 618 619 620 620 660 661 663 664 665 666 666 667 669 670 671 672 673 673 674 676 677 678 679 680 680 681 682 684 685 686 687 687 688 689 691 693 694 696 696 697 698 700 701 702 704 705 706 707 708 709 710 711 712 713 714 715 717 718 719 718 719 720 721 722 723 724 723 724 725 726 726 727 729 729 729 730 731 731 732 733 733 734 735 736 737 738 739 739 740 741 742 743
661 663 617 618 619 619 620 622 623 624 664 665 665 667 668 669 670 671 672 672 674 675 676 677 678 679 679 681 682 683 684 685 686 686 687 690 691 692 694 695 695 696 698 699 701 702 704 704 705 706 707 709 710 711 711 713 714 715 716 717 718 718 719 720 720 721 722 723 723 724 725 726 727 727 728 728 729 729 730 731 731 732 732 733 734 735 736 737 738 738 739 740 741 742
661 615 616 617 618 619 620 621 622 623 624 625 627 627 667 668 669 670 672 673 673 674 675 676 677 679 680 680 681 682 683 684 685 687 687 689 690 691 693 694 695 696 698 699 700 702 703 704 704 705 707 708 710 711 712 712 713 714 715 716 717 718 718 719 720 721 722 723 724 724 724 725 726 727 727 728 728 728 729 730 730 731 732 732 733 734 735 737 738 739 739 740 741 742
