testData/tiles/oneDegreeCosts/grid41.0-5.0-42.0-6.0.asc
ncols   200
nrows   200
xllcorner   41.0
yllcorner   5.0
cellsize   0.005
NODATA_value   -9999.0
[rows 84 to 125 of 200, columns 94 to 187 of 200]
513 508 503 498 492 485 478 475 475 475 475 494 494 494 494 493 493 493 493 493 492 492 492 492 492 491 491 491 491 491 490 490 490 490 489 489 489 489 488 488 488 488 487 487 487 487 486 486 486 486 485 485 485 485 484 484 484 484 483 483 483 482 482 482 482 481 481 481 480 480 480 479 479 479 479 478 478 478 477 477 477 476 476 476 475 475 475 474 474 474 473 473 473 472
514 509 504 498 493 486 478 475 475 475 475 494 494 494 494 494 493 493 493 493 493 492 492 492 492 492 491 491 491 491 490 490 490 490 490 489 489 489 489 488 488 488 488 487 487 487 487 486 486 486 486 485 485 485 485 484 484 484 483 483 483 483 482 482 482 481 481 481 481 480 480 480 479 479 479 478 478 478 478 477 477 477 476 476 476 475 475 475 474 474 474 473 473 472
515 509 504 499 493 487 480 475 475 475 475 495 494 494 494 494 494 493 493 493 493 493 492 492 492 492 491 491 491 491 491 490 490 490 490 489 489 489 489 489 488 488 488 488 487 487 487 487 486 486 486 485 485 485 485 484 484 484 484 483 483 483 482 482 482 482 481 481 481 480 480 480 480 479 479 479 478 478 478 477 477 477 476 476 476 475 475 475 474 474 474 473 473 473
515 510 505 499 494 487 481 475 475 475 475 495 495 494 494 494 494 494 493 493 493 493 493 492 492 492 492 491 491 491 491 491 490 490 490 490 489 489 489 489 488 488 488 488 487 487 487 487 486 486 486 486 485 485 485 485 484 484 484 483 483 483 483 482 482 482 482 481 481 481 480 480 480 479 479 479 478 478 478 478 477 477 477 476 476 476 475 475 475 474 474 474 473 473
515 511 506 500 494 488 481 475 475 475 475 564 495 495 494 494 494 494 494 493 493 493 493 492 492 492 492 492 491 491 491 491 490 490 490 490 490 489 489 489 489 488 488 488 488 487 487 487 487 486 486 486 486 485 485 485 484 484 484 484 483 483 483 483 482 482 482 481 481 481 481 480 480 480 479 479 479 478 478 478 477 477 477 476 476 476 475 475 475 474 474 474 473 473
516 511 506 501 495 488 482 475 475 475 475 564 495 495 494 494 494 494 494 493 493 493 493 493 492 492 492 492 492 491 491 491 491 490 490 490 490 489 489 489 489 489 488 488 488 488 487 487 487 487 486 486 486 485 485 485 485 484 484 484 484 483 483 483 482 482 482 482 481 481 481 480 480 480 479 479 479 479 478 478 478 477 477 477 476 476 476 475 475 475 474 474 474 473
516 512 507 502 496 489 482 475 475 475 475 564 495 495 495 494 494 494 494 494 493 493 493 493 493 492 492 492 492 491 491 491 491 491 490 490 490 490 489 489 489 489 488 488 488 488 487 487 487 487 486 486 486 486 485 485 485 485 484 484 484 483 483 483 483 482 482 482 481 481 481 481 480 480 480 479 479 479 478 478 478 477 477 477 476 476 476 475 475 475 474 474 474 473
517 512 507 502 497 491 483 475 475 475 475 564 495 495 495 495 494 494 494 494 494 493 493 493 493 493 492 492 492 492 491 491 491 491 491 490 490 490 490 489 489 489 489 488 488 488 488 487 487 487 487 486 486 486 486 485 485 485 484 484 484 484 483 483 483 482 482 482 482 481 481 481 480 480 480 480 479 479 479 478 478 478 477 477 477 476 476 476 475 475 475 474 474 474
518 513 508 503 497 491 484 476 475 475 475 565 495 495 495 495 495 494 494 494 494 494 493 493 493 493 492 492 492 492 492 491 491 491 491 490 490 490 490 489 489 489 489 489 488 488 488 488 487 487 487 486 486 486 486 485 485 485 485 484 484 484 484 483 483 483 482 482 482 481 481 481 481 480 480 480 479 479 479 478 478 478 477 477 477 476 476 476 475 475 475 474 474 474
518 514 508 503 498 492 485 477 475 475 475 565 496 495 495 495 495 495 494 494 494 494 493 493 493 493 493 492 492 492 492 492 491 491 491 491 490 490 490 490 489 489 489 489 488 488 488 488 487 487 487 487 486 486 486 486 485 485 485 485 484 484 484 483 483 483 483 482 482 482 481 481 481 480 480 480 480 479 479 479 478 478 478 477 477 477 476 476 476 475 475 475 474 474
519 514 510 504 498 492 485 478 475 475 475 565 496 495 495 495 495 495 494 494 494 494 494 493 493 493 493 493 492 492 492 492 491 491 491 491 491 490 490 490 490 489 489 489 489 488 488 488 488 487 487 487 487 486 486 486 485 485 485 485 484 484 484 484 483 483 483 482 482 482 482 481 481 481 480 480 480 479 479 479 478 478 478 477 477 477 477 476 476 476 475 475 474 474
519 515 510 505 498 493 486 479 475 475 475 565 496 496 495 495 495 495 495 494 494 494 494 494 493 493 493 493 492 492 492 492 492 491 491 491 491 490 490 490 490 489 489 489 489 489 488 488 488 487 487 487 487 486 486 486 486 485 485 485 485 484 484 484 483 483 483 483 482 482 482 481 481 481 480 480 480 480 479 479 479 478 478 478 477 477 477 476 476 476 475 475 475 474
520 515 510 505 499 493 486 479 475 475 475 565 496 496 496 495 495 495 495 495 494 494 494 494 494 493 493 493 493 492 492 492 492 492 491 491 491 491 490 490 490 490 489 489 489 489 488 488 488 488 487 487 487 487 486 486 486 486 485 485 485 484 484 484 484 483 483 483 482 482 482 482 481 481 481 480 480 480 479 479 479 478 478 478 478 477 477 477 476 476 476 475 475 474
520 515 511 506 500 493 487 480 475 475 475 565 496 496 496 496 495 495 495 495 495 494 494 494 494 493 493 493 493 493 492 492 492 492 491 491 491 491 491 490 490 490 490 489 489 489 489 488 488 488 488 487 487 487 487 486 486 486 485 485 485 485 484 484 484 483 483 483 483 482 482 482 481 481 481 481 480 480 480 479 479 479 478 478 478 477 477 477 476 476 476 475 475 475
521 516 511 506 501 495 487 480 475 475 566 565 496 496 496 496 495 495 495 495 495 494 494 494 494 494 493 493 493 493 493 492 492 492 492 491 491 491 491 490 490 490 490 489 489 489 489 488 488 488 488 487 487 487 487 486 486 486 486 485 485 485 484 484 484 484 483 483 483 482 482 482 482 481 481 481 480 480 480 479 479 479 478 478 478 478 477 477 477 476 476 476 475 475
522 516 511 506 501 495 489 481 475 475 475 566 496 496 496 496 496 495 495 495 495 495 494 494 494 494 494 493 493 493 493 492 492 492 492 492 491 491 491 491 490 490 490 490 489 489 489 489 488 488 488 488 487 487 487 487 486 486 486 485 485 485 485 484 484 484 484 483 483 483 482 482 482 481 481 481 481 480 480 480 479 479 479 478 478 478 477 477 477 476 476 476 475 475
522 517 512 507 501 496 489 482 475 475 475 566 497 496 496 496 496 496 495 495 495 495 495 494 494 494 494 493 493 493 493 493 492 492 492 492 491 491 491 491 490 490 490 490 490 489 489 489 489 488 488 488 488 487 487 487 486 486 486 486 485 485 485 485 484 484 484 483 483 483 483 482 482 482 481 481 481 480 480 480 479 479 479 479 478 478 478 477 477 477 476 476 476 475
522 518 513 507 502 496 490 483 475 475 475 566 497 497 496 496 496 496 496 495 495 495 495 494 494 494 494 494 493 493 493 493 493 492 492 492 492 491 491 491 491 490 490 490 490 489 489 489 489 488 488 488 488 487 487 487 487 486 486 486 486 485 485 485 484 484 484 484 483 483 483 482 482 482 481 481 481 481 480 480 480 479 479 479 478 478 478 477 477 477 476 476 476 475
522 518 513 509 502 496 490 483 476 475 475 566 497 497 496 496 496 496 496 495 495 495 495 495 494 494 494 494 494 493 493 493 493 492 492 492 492 492 491 491 491 491 490 490 490 490 489 489 489 489 488 488 488 488 487 487 487 486 486 486 486 485 485 485 485 484 484 484 483 483 483 483 482 482 482 481 481 481 480 480 480 479 479 479 479 478 478 478 477 477 477 476 476 476
523 518 514 509 503 497 491 484 476 476 475 566 566 497 497 496 496 496 496 496 495 495 495 495 495 494 494 494 494 493 493 493 493 493 492 492 492 492 491 491 491 491 490 490 490 490 489 489 489 489 488 488 488 488 487 487 487 487 486 486 486 486 485 485 485 484 484 484 484 483 483 483 482 482 482 481 481 481 481 480 480 480 479 479 479 478 478 478 477 477 477 476 476 476
523 519 514 509 504 497 491 484 476 476 476 566 566 497 497 497 496 496 496 496 496 495 495 495 495 494 494 494 494 494 493 493 493 493 492 492 492 492 492 491 491 491 491 490 490 490 490 489 489 489 489 488 488 488 488 487 487 487 487 486 486 486 485 485 485 485 484 484 484 483 483 483 483 482 482 482 481 481 481 480 480 480 479 479 479 479 478 478 478 477 477 477 476 476
523 519 514 509 504 499 491 484 477 476 476 566 566 497 497 497 496 496 496 496 496 495 495 495 495 495 494 494 494 494 494 493 493 493 493 492 492 492 492 491 491 491 491 491 490 490 490 490 489 489 489 489 488 488 488 487 487 487 487 486 486 486 486 485 485 485 484 484 484 484 483 483 483 482 482 482 482 481 481 481 480 480 480 479 479 479 478 478 478 477 477 477 476 476
525 519 515 510 505 499 493 485 477 476 476 567 566 497 497 497 497 496 496 496 496 496 495 495 495 495 495 494 494 494 494 493 493 493 493 493 492 492 492 492 491 491 491 491 490 490 490 490 489 489 489 489 488 488 488 488 487 487 487 487 486 486 486 485 485 485 485 484 484 484 483 483 483 483 482 482 482 481 481 481 480 480 480 479 479 479 479 478 478 478 477 477 477 476
525 521 515 510 505 499 493 486 478 476 476 567 567 497 497 497 497 497 496 496 496 496 496 495 495 495 495 494 494 494 494 494 493 493 493 493 492 492 492 492 492 491 491 491 491 490 490 490 490 489 489 489 489 488 488 488 488 487 487 487 486 486 486 486 485 485 485 484 484 484 484 483 483 483 482 482 482 482 481 481 481 480 480 480 479 479 479 478 478 478 477 477 477 476
525 521 516 510 505 499 493 487 478 476 476 567 567 498 497 497 497 497 497 496 496 496 496 495 495 495 495 495 494 494 494 494 494 493 493 493 493 492 492 492 492 491 491 491 491 490 490 490 490 489 489 489 489 488 488 488 488 487 487 487 487 486 486 486 485 485 485 485 484 484 484 483 483 483 483 482 482 482 481 481 481 480 480 480 479 479 479 479 478 478 478 477 477 476
525 521 516 512 505 500 494 487 479 476 476 567 567 498 497 497 497 497 497 496 496 496 496 496 495 495 495 495 495 494 494 494 494 493 493 493 493 493 492 492 492 492 491 491 491 491 490 490 490 490 489 489 489 489 488 488 488 488 487 487 487 486 486 486 486 485 485 485 484 484 484 484 483 483 483 482 482 482 482 481 481 481 480 480 480 479 479 479 478 478 478 477 477 477
526 521 517 512 506 500 494 487 480 477 476 567 567 498 498 497 497 497 497 497 496 496 496 496 496 495 495 495 495 494 494 494 494 494 493 493 493 493 492 492 492 492 491 491 491 491 491 490 490 490 490 489 489 489 488 488 488 488 487 487 487 487 486 486 486 485 485 485 485 484 484 484 483 483 483 483 482 482 482 481 481 481 480 480 480 479 479 479 478 478 478 477 477 477
526 522 517 512 507 500 494 488 480 477 476 567 567 498 498 498 497 497 497 497 497 496 496 496 496 495 495 495 495 495 494 494 494 494 493 493 493 493 493 492 492 492 492 491 491 491 491 490 490 490 490 489 489 489 489 488 488 488 488 487 487 487 486 486 486 486 485 485 485 485 484 484 484 483 483 483 482 482 482 482 481 481 481 480 480 480 479 479 479 478 478 478 477 477
526 522 517 512 507 502 495 488 481 477 477 567 567 498 498 498 497 497 497 497 497 496 496 496 496 496 495 495 495 495 495 494 494 494 494 493 493 493 493 492 492 492 492 492 491 491 491 491 490 490 490 490 489 489 489 489 488 488 488 487 487 487 487 486 486 486 486 485 485 485 484 484 484 483 483 483 483 482 482 482 481 481 481 480 480 480 479 479 479 478 478 478 477 477
527 522 517 513 507 502 495 488 481 477 477 568 567 498 498 498 498 497 497 497 497 497 496 496 496 496 496 495 495 495 495 494 494 494 494 494 493 493 493 493 492 492 492 492 491 491 491 491 490 490 490 490 489 489 489 489 488 488 488 488 487 487 487 486 486 486 486 485 485 485 485 484 484 484 483 483 483 482 482 482 482 481 481 481 480 480 480 479 479 479 478 478 478 477
527 523 518 513 508 502 496 489 481 477 477 568 568 498 498 498 498 498 497 497 497 497 497 496 496 496 496 495 495 495 495 495 494 494 494 494 493 493 493 493 493 492 492 492 492 491 491 491 491 490 490 490 490 489 489 489 489 488 488 488 487 487 487 487 486 486 486 486 485 485 485 484 484 484 483 483 483 483 482 482 482 481 481 481 480 480 480 479 479 479 478 478 478 477
528 523 518 513 508 502 496 490 481 477 477 568 568 498 498 498 498 498 497 497 497 497 497 496 496 496 496 496 495 495 495 495 494 494 494 494 494 493 493 493 493 492 492 492 492 491 491 491 491 490 490 490 490 489 489 489 489 488 488 488 488 487 487 487 486 486 486 486 485 485 485 485 484 484 484 483 483 483 482 482 482 481 481 481 481 480 480 480 479 479 479 478 478 478
528 524 519 513 508 503 497 490 483 477 477 568 568 499 498 498 498 498 498 497 497 497 497 497 496 496 496 496 496 495 495 495 495 494 494 494 494 493 493 493 493 493 492 492 492 492 491 491 491 491 490 490 490 490 489 489 489 489 488 488 488 487 487 487 487 486 486 486 486 485 485 485 484 484 484 483 483 483 483 482 482 482 481 481 481 480 480 480 479 479 479 478 478 478
528 524 519 514 508 503 497 490 483 477 477 568 568 499 499 498 498 498 498 498 497 497 497 497 496 496 496 496 496 495 495 495 495 495 494 494 494 494 493 493 493 493 492 492 492 492 491 491 491 491 490 490 490 490 489 489 489 489 488 488 488 488 487 487 487 486 486 486 486 485 485 485 484 484 484 484 483 483 483 482 482 482 481 481 481 481 480 480 480 479 479 479 478 478
528 524 519 515 510 503 497 491 483 478 477 568 568 499 499 498 498 498 498 498 497 497 497 497 497 496 496 496 496 496 495 495 495 495 494 494 494 494 494 493 493 493 493 492 492 492 492 491 491 491 491 490 490 490 490 489 489 489 489 488 488 488 487 487 487 487 486 486 486 486 485 485 485 484 484 484 483 483 483 483 482 482 482 481 481 481 480 480 480 479 479 479 478 478
528 524 520 515 510 503 497 491 484 478 478 568 568 499 499 499 498 498 498 498 498 497 497 497 497 497 496 496 496 496 495 495 495 495 495 494 494 494 494 493 493 493 493 492 492 492 492 492 491 491 491 491 490 490 490 489 489 489 489 488 488 488 488 487 487 487 486 486 486 486 485 485 485 484 484 484 484 483 483 483 482 482 482 481 481 481 480 480 480 480 479 479 479 478
528 524 520 515 510 504 498 491 484 478 478 568 568 499 499 499 498 498 498 498 498 497 497 497 497 497 496 496 496 496 496 495 495 495 495 494 494 494 494 494 493 493 493 493 492 492 492 492 491 491 491 491 490 490 490 490 489 489 489 489 488 488 488 487 487 487 487 486 486 486 485 485 485 485 484 484 484 483 483 483 483 482 482 482 481 481 481 480 480 480 479 479 479 478
530 524 520 515 510 505 499 491 484 478 478 569 568 499 499 499 499 498 498 498 498 498 497 497 497 497 497 496 496 496 496 495 495 495 495 495 494 494 494 494 493 493 493 493 493 492 492 492 492 491 491 491 491 490 490 490 489 489 489 489 488 488 488 488 487 487 487 486 486 486 486 485 485 485 484 484 484 484 483 483 483 482 482 482 481 481 481 480 480 480 479 479 479 478
530 526 520 515 510 505 499 491 484 478 478 569 569 499 499 499 499 499 498 498 498 498 498 497 497 497 497 496 496 496 496 496 495 495 495 495 495 494 494 494 494 493 493 493 493 492 492 492 492 491 491 491 491 490 490 490 490 489 489 489 489 488 488 488 487 487 487 487 486 486 486 485 485 485 485 484 484 484 483 483 483 482 482 482 482 481 481 481 480 480 480 479 479 479
530 526 520 516 510 505 499 493 484 478 478 569 569 499 499 499 499 499 498 498 498 498 498 497 497 497 497 497 496 496 496 496 496 495 495 495 495 494 494 494 494 493 493 493 493 493 492 492 492 492 491 491 491 491 490 490 490 489 489 489 489 488 488 488 488 487 487 487 486 486 486 486 485 485 485 484 484 484 484 483 483 483 482 482 482 481 481 481 480 480 480 479 479 479
530 526 521 516 511 505 499 493 486 478 478 569 569 500 499 499 499 499 499 498 498 498 498 498 497 497 497 497 497 496 496 496 496 495 495 495 495 495 494 494 494 494 493 493 493 493 492 492 492 492 491 491 491 491 490 490 490 490 489 489 489 489 488 488 488 487 487 487 487 486 486 486 485 485 485 485 484 484 484 483 483 483 482 482 482 482 481 481 481 480 480 480 479 479
530 526 521 517 511 505 499 493 486 478 478 569 569 500 500 499 499 499 499 499 498 498 498 498 497 497 497 497 497 496 496 496 496 496 495 495 495 495 494 494 494 494 493 493 493 493 493 492 492 492 492 491 491 491 491 490 490 490 489 489 489 489 488 488 488 488 487 487 487 486 486 486 486 485 485 485 484 484 484 484 483 483 483 482 482 482 481 481 481 480 480 480 479 479
