testData/tiles/oneDegreeCosts/grid13.0-10.0-14.0-11.0.asc
ncols   200
nrows   200
xllcorner   13.0
yllcorner   10.0
cellsize   0.005
NODATA_value   -9999.0
[rows 126 to 167 of 200, columns 0 to 93 of 200]
232 232 232 232 232 254 254 258 264 269 273 276 273 277 280 283 286 289 291 293 296 299 301 303 305 307 309 310 313 315 317 318 320 322 323 325 327 329 330 331 333 334 336 338 339 341 342 343 344 346 347 348 350 351 352 354 355 356 357 358 359 361 362 363 364 365 366 367 368 369 371 372 382 390 395 494 499 501 505 508 512 515 518 521 523 526 528 531 533 535 537 540 543 545
232 232 232 232 232 254 254 258 258 262 266 270 273 276 279 283 286 288 291 293 295 298 301 303 305 307 308 310 312 315 317 318 320 321 323 325 327 328 330 331 333 334 336 337 339 340 342 343 344 345 347 348 350 351 352 353 355 356 357 358 359 361 362 363 364 365 366 367 368 369 371 372 382 389 395 399 498 501 505 508 511 515 518 521 523 526 528 531 533 535 537 539 543 545
232 232 232 232 232 248 248 251 256 262 266 270 273 276 279 283 286 288 291 293 295 297 301 303 305 306 308 310 312 315 316 318 320 321 323 324 327 328 330 331 333 334 335 337 339 340 342 343 344 345 347 348 350 351 352 353 355 356 357 358 359 361 362 363 364 365 366 367 368 369 370 372 382 389 395 399 402 501 505 508 511 515 518 520 523 525 528 531 533 535 537 539 543 544
232 232 232 232 232 248 248 251 256 262 266 269 273 276 279 282 285 288 290 293 295 297 300 302 304 306 308 310 312 315 316 318 320 321 323 324 326 328 330 331 333 334 335 337 338 340 342 343 344 345 347 348 349 351 352 353 354 356 357 358 359 360 362 363 364 365 366 367 368 369 370 372 382 389 395 398 402 406 505 508 511 514 518 520 523 525 528 531 532 534 537 539 542 544
232 232 232 232 232 248 248 250 256 261 266 269 273 276 279 282 285 288 290 293 295 297 299 302 304 306 308 310 312 313 316 318 319 321 323 324 326 328 330 331 332 334 335 337 338 340 341 343 344 345 346 348 349 351 352 353 354 355 357 358 359 360 362 363 364 365 366 367 368 369 370 371 381 389 393 398 402 406 410 413 511 514 517 520 523 525 528 531 532 534 537 539 542 544
232 232 232 232 232 248 248 250 255 260 265 269 272 276 279 281 285 288 290 292 295 297 299 302 304 306 308 310 312 313 316 318 319 321 323 324 326 328 330 331 332 334 335 336 338 340 341 343 344 345 346 348 349 350 352 353 354 355 356 358 359 360 361 363 364 365 366 367 368 369 370 371 381 388 393 398 402 406 410 413 416 514 516 520 523 525 528 530 532 534 537 539 540 543
232 232 232 232 232 248 248 250 255 260 265 269 272 275 278 281 284 287 290 292 295 297 299 302 304 306 308 310 311 313 316 318 319 321 322 324 325 327 329 331 332 334 335 336 338 339 341 343 344 345 346 347 349 350 352 353 354 355 356 357 359 360 361 363 364 365 366 367 368 369 370 370 379 388 393 398 402 406 409 413 416 418 516 520 523 525 528 529 532 534 537 539 540 543
232 232 232 232 232 248 248 249 255 259 265 268 272 275 278 281 284 287 290 292 294 297 299 301 304 306 308 309 311 313 315 317 319 321 322 324 325 327 329 331 332 334 335 336 338 339 341 342 344 345 346 347 348 350 351 353 354 355 356 357 358 359 361 363 364 365 366 367 368 368 369 370 378 387 393 398 402 406 409 413 416 418 421 519 523 525 528 529 532 534 537 539 540 543
232 232 232 232 232 232 248 248 254 259 263 268 272 275 278 281 283 287 290 292 294 296 299 301 304 306 307 309 311 313 315 317 319 321 322 324 325 327 328 331 332 333 335 336 337 339 340 342 344 345 346 347 348 350 351 353 354 355 356 357 358 359 360 361 363 364 365 366 367 368 369 370 378 386 393 398 402 406 409 413 415 418 421 424 522 525 527 529 532 534 537 538 540 543
232 232 232 232 232 232 248 248 254 259 263 268 271 275 278 280 283 286 289 292 294 296 298 300 303 305 307 309 311 313 314 317 319 320 322 324 325 327 328 330 332 333 335 336 337 339 340 342 343 345 346 347 348 349 351 353 354 355 356 357 358 359 360 361 363 364 365 366 367 368 369 370 378 386 393 398 402 406 409 412 415 418 421 424 426 430 527 529 532 534 537 538 540 543
232 232 232 232 232 232 248 248 253 258 263 267 271 274 277 280 283 286 289 291 294 296 298 300 302 305 307 309 311 313 314 316 319 320 322 323 325 326 328 330 332 333 334 336 337 338 340 342 343 345 346 347 348 349 350 352 354 355 356 357 358 359 360 361 362 364 365 366 367 368 369 370 377 386 392 397 402 406 408 411 415 418 421 424 426 429 432 529 532 534 536 538 540 543
232 232 232 232 232 232 248 248 253 258 262 266 271 274 277 280 283 285 289 291 294 296 298 300 302 305 307 309 311 312 314 316 318 320 322 323 325 326 328 329 332 333 334 336 337 338 340 341 343 344 346 347 348 349 350 351 354 355 356 357 358 359 360 361 362 364 365 366 367 368 369 370 377 386 392 397 402 404 408 411 415 418 421 423 426 428 432 434 532 534 535 538 540 542
232 232 232 232 232 232 248 248 252 257 262 266 270 274 277 280 282 285 288 291 293 296 298 300 302 305 307 309 310 312 314 316 317 320 321 323 325 326 328 329 331 333 334 336 337 338 339 341 343 344 345 347 348 349 350 351 352 355 356 357 358 359 360 361 362 363 365 366 367 368 369 370 376 385 391 396 400 404 408 411 415 418 421 423 425 428 432 434 437 438 535 538 540 542
232 232 232 232 232 232 248 248 252 257 261 265 270 273 276 279 282 285 287 291 293 295 297 300 302 304 307 308 310 312 314 315 317 320 321 323 324 326 327 329 330 333 334 335 337 338 339 341 342 344 345 347 348 349 350 351 352 354 356 357 358 359 360 361 362 363 365 366 367 368 369 370 376 385 391 395 400 404 408 411 414 418 420 422 425 428 430 434 437 438 440 538 540 542
232 232 232 232 232 232 247 248 251 256 261 265 269 273 276 279 282 285 287 290 293 295 297 299 301 303 306 308 310 312 314 315 317 320 321 323 324 326 327 329 330 332 334 335 337 338 339 340 342 344 345 346 348 349 350 351 352 353 355 356 358 359 360 361 362 363 364 366 367 368 369 370 375 385 390 395 399 404 408 411 414 417 420 422 425 428 430 434 435 438 440 443 540 541
232 232 232 232 232 232 247 248 250 256 260 264 268 273 276 279 282 284 287 289 293 295 297 299 301 303 305 308 310 312 313 315 317 318 321 323 324 326 327 328 330 332 334 335 336 338 339 340 342 344 345 346 347 349 350 351 352 353 355 356 357 359 360 361 362 363 364 366 367 368 369 370 374 384 390 395 399 404 408 411 414 417 419 422 425 428 430 433 435 438 440 443 445 446
232 232 232 232 232 232 247 248 250 255 260 264 268 271 275 278 281 284 286 289 292 295 297 299 301 303 305 308 310 311 313 315 317 318 321 322 324 325 327 328 330 331 334 335 336 338 339 340 341 343 345 346 347 348 350 351 352 353 355 356 357 358 359 360 361 363 364 365 366 367 368 369 373 384 390 395 399 403 408 411 414 416 419 422 425 428 430 432 435 438 440 443 444 446
232 232 232 232 232 232 247 247 249 255 259 264 267 271 275 278 281 284 286 289 292 294 296 299 301 303 305 308 309 311 313 315 316 318 320 322 324 325 327 328 330 331 333 335 336 337 339 340 341 342 345 346 347 348 349 351 352 353 354 356 357 358 359 360 361 362 363 364 366 367 368 369 372 383 390 394 399 403 407 411 413 416 419 422 425 428 429 432 434 438 440 442 444 446
232 232 232 232 232 232 232 247 248 254 259 263 267 270 275 278 281 283 286 288 291 294 296 298 300 302 304 306 309 311 313 314 316 318 319 322 323 325 326 328 329 331 332 335 336 337 339 340 341 342 344 346 347 348 349 350 352 353 354 356 357 358 359 360 361 362 363 364 365 367 368 369 370 383 389 394 399 403 406 410 413 416 419 422 425 427 429 432 434 437 440 441 444 446
232 232 232 232 232 232 232 247 248 253 258 263 266 270 273 277 280 283 286 288 290 294 296 298 300 302 304 306 309 311 312 314 316 318 319 322 323 325 326 328 329 331 332 334 336 337 338 340 341 342 343 346 347 348 349 350 351 353 354 355 357 358 359 360 361 362 363 364 365 367 368 369 370 383 389 394 399 403 405 410 413 416 419 422 425 426 429 432 434 437 439 441 444 446
232 232 232 232 232 232 232 247 247 253 258 262 266 270 273 277 280 283 285 288 290 292 296 298 300 302 304 306 308 310 312 314 316 317 319 321 323 325 326 328 329 330 332 333 336 337 338 339 341 342 343 344 347 348 349 350 351 352 354 355 357 358 359 360 361 362 363 364 365 366 368 369 370 383 389 394 397 401 405 409 413 416 419 422 424 426 429 432 434 437 438 441 444 446
232 232 232 232 232 232 232 247 247 252 257 262 266 269 272 277 279 282 285 287 290 292 295 298 300 302 304 306 307 310 312 314 315 317 319 320 323 324 326 327 329 330 332 333 335 337 338 339 341 342 343 344 346 348 349 350 351 352 353 354 356 358 359 360 361 362 363 364 365 366 368 369 370 382 388 393 397 401 405 408 413 416 419 421 424 426 429 431 434 435 438 441 444 446
232 232 232 232 232 232 232 247 247 251 257 261 265 269 272 275 279 282 285 287 289 292 295 297 299 301 303 305 307 310 312 313 315 317 318 320 322 324 326 327 329 330 331 333 335 336 338 339 340 342 343 344 345 347 349 350 351 352 353 354 355 357 358 360 361 362 363 364 365 366 367 369 369 381 388 393 397 401 405 408 412 416 418 421 423 426 429 431 433 435 438 440 444 445
232 232 232 232 232 232 232 247 247 249 256 260 264 268 272 275 279 282 284 287 289 292 294 297 299 301 303 305 307 309 311 313 315 317 318 320 321 324 325 327 328 330 331 333 334 336 338 339 340 341 343 344 345 347 348 350 351 352 353 354 355 356 358 359 360 361 362 363 364 365 366 368 369 381 387 393 397 401 405 408 412 414 418 421 423 426 429 430 433 435 438 440 441 445
232 232 232 232 232 232 232 247 247 249 255 260 264 268 271 274 277 281 284 286 289 291 293 297 299 301 303 305 307 308 311 313 315 316 318 320 321 323 325 327 328 330 331 332 334 336 337 339 340 341 342 344 345 346 348 349 351 352 353 354 355 356 358 359 360 361 362 363 364 365 366 367 369 380 387 392 397 401 405 408 410 414 418 420 423 426 429 430 433 435 438 440 441 445
232 232 232 232 232 232 232 232 247 248 253 259 263 267 271 274 277 281 283 286 288 291 293 295 298 300 302 304 306 308 310 313 314 316 318 319 321 322 325 326 328 329 331 332 334 335 337 338 340 341 342 343 345 346 348 349 350 352 353 354 355 356 357 359 360 361 362 363 364 365 366 367 369 380 387 392 397 401 404 407 410 413 416 420 423 426 428 430 433 435 438 439 441 444
232 232 232 232 232 232 232 232 247 247 253 259 263 267 270 273 276 280 283 286 288 290 293 295 298 300 302 304 306 308 310 312 314 316 317 319 321 322 325 326 328 329 331 332 333 335 337 338 340 341 342 343 344 346 347 349 350 351 352 354 355 356 357 359 360 361 362 363 364 365 366 367 368 380 387 392 397 400 403 407 410 413 416 420 423 425 427 430 433 435 437 439 441 444
232 232 232 232 232 232 232 232 247 247 252 258 262 266 270 273 276 279 283 285 288 290 292 295 298 300 302 304 306 308 309 311 314 316 317 319 320 322 323 326 327 329 330 332 333 334 336 338 339 341 342 343 344 345 347 349 350 351 352 353 354 356 357 358 360 361 362 363 364 365 366 367 368 378 386 391 395 399 403 407 410 413 416 419 422 425 427 430 433 435 436 439 441 443
232 232 232 232 232 232 232 232 247 247 251 256 262 265 269 272 276 278 282 285 287 290 292 294 296 300 302 304 305 307 309 311 314 315 317 319 320 322 323 326 327 329 330 331 333 334 336 338 339 340 342 343 344 345 346 348 350 351 352 353 354 355 356 357 359 361 362 363 364 365 366 367 367 377 385 391 395 399 403 407 410 413 416 418 421 425 427 430 432 434 436 439 441 443
232 232 232 232 232 232 232 232 247 247 250 255 261 265 269 272 275 278 281 284 287 289 292 294 296 299 301 303 305 307 309 311 313 315 317 318 320 321 323 324 327 328 330 331 333 334 335 337 339 340 341 343 344 345 346 347 350 351 352 353 354 355 356 357 358 360 361 362 363 364 365 366 367 376 384 390 395 399 403 406 410 412 415 418 421 425 427 430 431 434 436 439 441 442
232 232 232 232 232 232 232 232 247 247 249 255 259 264 268 271 275 277 280 284 287 289 291 294 296 298 301 303 305 307 308 310 312 315 316 318 320 321 323 324 327 328 330 331 332 334 335 336 339 340 341 342 344 345 346 347 348 351 352 353 354 355 356 357 358 359 361 362 363 364 365 366 367 376 384 390 395 399 403 406 409 412 415 418 421 423 427 429 431 434 436 439 440 442
232 232 232 232 232 232 232 232 247 247 248 254 258 264 267 271 274 277 280 284 286 289 291 293 295 297 301 303 304 306 308 310 312 314 316 318 319 321 322 324 325 328 329 331 332 333 335 336 337 340 341 342 343 345 346 347 348 350 351 353 354 355 356 357 358 359 361 362 363 364 365 366 367 375 383 389 395 399 402 405 409 412 415 418 421 423 426 429 431 434 436 438 440 442
232 232 232 232 232 232 232 232 232 247 247 253 258 263 267 270 273 277 279 282 286 288 291 293 295 297 299 302 304 306 308 310 311 313 316 317 319 321 322 324 325 328 329 330 332 333 335 336 337 339 341 342 343 344 346 347 348 349 351 352 353 355 356 357 358 359 360 362 363 364 365 366 367 375 383 389 393 398 402 405 408 412 415 418 421 422 425 429 431 434 435 437 440 442
232 232 232 232 232 232 232 232 232 247 247 252 257 261 266 270 273 276 279 282 285 288 290 292 295 297 299 302 304 306 308 309 311 313 315 317 319 320 322 323 325 326 329 330 332 333 334 336 337 338 340 342 343 344 345 347 348 349 351 352 353 354 355 356 357 359 360 362 363 364 365 366 367 373 382 388 392 398 401 405 408 412 415 417 419 422 425 427 431 433 435 437 440 442
232 232 232 232 232 232 232 232 232 247 247 251 256 261 265 269 272 275 278 281 284 287 290 292 294 296 298 300 303 305 307 309 311 312 314 317 318 320 322 323 325 326 329 330 331 333 334 335 337 338 340 341 343 344 345 346 347 349 350 352 353 354 355 356 357 358 359 360 362 363 364 365 366 372 381 387 392 396 401 405 408 411 413 416 419 422 425 427 430 432 435 437 440 441
232 232 232 232 232 232 232 232 232 247 247 250 255 260 264 268 272 275 278 281 283 287 289 292 294 296 298 300 303 305 307 309 310 312 314 317 318 320 321 323 324 326 327 330 331 332 334 335 336 338 339 341 342 344 345 346 347 348 350 352 353 354 355 356 357 358 359 360 362 363 364 365 366 371 381 387 392 396 401 405 407 410 413 416 419 422 425 426 429 432 435 437 440 441
232 232 232 232 232 232 232 232 232 247 247 249 254 259 263 268 271 274 277 280 283 285 289 291 293 296 298 300 303 305 306 308 310 312 314 315 318 319 321 323 324 325 327 329 331 332 333 335 336 337 339 341 342 343 345 346 347 348 349 350 353 354 355 356 357 358 359 360 361 363 364 365 366 370 381 387 392 396 399 404 407 410 413 416 419 422 424 426 429 431 435 437 438 441
232 232 232 232 232 232 232 232 232 247 247 248 253 258 262 266 271 274 277 280 282 285 288 291 293 295 297 299 301 304 306 308 310 311 313 315 318 319 321 322 324 325 327 328 330 332 333 335 336 337 338 340 342 343 344 346 347 348 349 350 352 353 354 356 357 358 359 360 361 362 364 365 366 369 380 387 390 395 399 402 407 410 413 416 419 421 423 426 429 431 435 436 438 441
232 232 232 232 232 232 232 232 232 232 247 247 252 257 262 265 270 273 276 279 282 284 287 290 293 295 297 299 301 304 306 308 309 311 313 315 316 319 320 322 323 325 326 328 330 332 333 334 336 337 338 339 342 343 344 345 346 348 349 350 351 353 354 355 356 357 358 359 360 361 363 364 365 366 379 385 390 395 399 402 407 410 413 415 418 421 423 426 429 431 433 436 438 441
232 232 232 232 232 232 232 232 232 232 247 247 251 256 261 265 269 273 276 279 281 284 286 290 292 294 296 299 301 302 305 307 309 311 313 314 316 318 320 322 323 325 326 327 329 331 333 334 335 337 338 339 340 343 344 345 346 347 349 350 351 352 354 355 356 357 358 359 360 361 362 364 365 366 379 385 390 394 398 402 406 410 412 415 418 421 423 426 428 430 432 435 438 441
232 232 232 232 232 232 232 232 232 232 246 247 250 256 260 264 268 272 275 278 281 283 286 289 292 294 296 298 300 302 305 307 309 310 312 314 315 317 320 321 323 324 326 327 329 331 332 334 335 336 338 339 340 341 344 345 346 347 348 349 351 352 354 355 356 357 358 359 360 361 362 363 365 366 378 385 390 394 398 402 404 408 412 415 418 420 423 425 427 430 432 435 437 439
232 232 232 232 232 232 232 232 232 232 246 247 249 255 259 263 267 271 274 277 280 283 285 288 291 293 296 298 300 302 304 306 308 310 312 313 315 317 319 321 322 324 325 327 328 330 332 333 335 336 337 339 340 341 343 344 346 347 348 349 350 351 352 355 356 357 358 359 360 361 362 363 365 366 378 384 390 393 397 401 404 407 412 415 418 420 422 425 427 430 432 435 436 439
