testData/tiles/oneDegreeCosts/grid6.0-40.0-7.0-41.0.asc
ncols   200
nrows   200
xllcorner   6.0
yllcorner   40.0
cellsize   0.005
NODATA_value   -9999.0
[rows 84 to 125 of 200, columns 94 to 187 of 200]
775 775 774 773 772 772 770 770 769 768 768 766 766 764 676 675 674 674 672 672 670 670 670 668 668 666 666 664 664 663 663 662 662 662 661 661 661 661 661 661 661 661 661 661 661 661 661 661 661 661 661 661 661 661 661 661 661 661 661 661 661 661 661 748 747 747 748 761 771 781 790 798 805 812 818 824 829 834 839 843 847 851 855 857 861 863 866 868 870 873 874 876 877 879
776 776 774 774 773 772 772 770 770 769 768 767 766 765 677 676 675 674 673 672 671 671 670 669 668 667 666 665 664 664 664 663 663 662 662 661 661 661 661 661 661 661 661 661 661 661 661 661 661 661 661 661 661 661 661 661 661 661 661 661 661 661 661 748 748 747 751 762 774 783 792 799 807 813 820 825 830 836 840 845 848 853 856 859 862 865 867 869 872 873 876 877 879 880
777 776 775 775 773 773 772 771 771 769 769 767 767 679 677 677 675 675 673 673 673 671 671 669 669 667 667 665 665 665 664 664 663 663 662 662 661 661 661 661 661 661 661 661 661 661 661 661 661 661 661 661 661 661 661 661 661 661 661 661 661 661 661 749 748 748 752 765 775 785 793 802 808 816 821 827 832 837 842 846 850 853 857 860 864 866 868 871 873 875 877 879 880 881
777 777 776 775 774 773 773 772 771 770 769 768 768 679 678 677 676 675 674 674 673 672 671 670 669 668 667 667 666 665 665 664 664 663 663 662 662 661 661 661 661 661 661 661 661 661 661 661 661 661 661 661 661 661 661 661 661 661 661 661 661 661 750 749 749 748 755 767 778 787 796 803 811 817 823 828 833 839 843 848 851 855 858 862 865 868 870 872 875 876 878 880 881 882
778 778 776 776 775 774 774 772 772 770 770 769 680 680 678 678 676 676 675 674 674 672 672 670 670 669 668 668 666 666 665 665 664 664 663 663 662 662 661 661 661 661 661 661 661 661 661 661 661 661 661 661 661 661 661 661 661 661 661 661 661 661 750 750 749 749 757 769 779 789 797 805 812 819 824 830 835 840 845 849 853 856 860 863 867 869 871 874 875 878 879 881 882 883
779 778 777 776 776 775 774 773 772 771 771 770 681 680 679 678 677 677 676 675 674 673 672 671 671 669 669 668 667 666 666 665 665 664 664 663 663 662 662 662 661 661 661 661 661 661 661 661 661 661 661 661 661 661 661 661 661 661 661 661 661 661 751 750 750 749 760 771 782 790 799 806 814 820 826 832 836 842 846 851 854 858 861 865 867 870 873 875 877 879 881 882 884 885
779 779 777 777 777 775 775 773 773 772 771 771 681 681 679 679 678 677 677 675 675 673 673 672 671 671 669 669 667 667 666 666 665 665 664 664 664 663 663 662 662 661 661 661 661 661 661 661 661 661 661 661 661 661 661 661 661 661 661 661 661 661 751 751 750 750 761 773 783 793 800 808 815 822 827 833 838 843 848 851 856 859 863 866 868 871 873 876 878 880 882 884 885 886
780 779 779 778 777 776 775 774 774 773 772 683 682 682 680 680 678 678 677 676 675 674 674 672 672 671 670 669 668 667 667 666 666 666 665 665 664 664 663 663 662 662 661 661 661 661 661 661 661 661 661 661 661 661 661 661 661 661 661 661 661 661 752 751 751 751 764 775 785 794 803 810 817 823 829 835 839 845 849 853 857 861 864 868 870 872 875 877 880 881 884 885 886 887
780 780 780 778 778 776 776 775 774 774 772 684 683 682 681 680 680 678 678 676 676 675 674 673 672 672 670 670 668 668 667 667 667 666 666 665 665 664 664 663 663 662 661 661 661 661 661 661 661 661 661 661 661 661 661 661 661 661 661 661 661 661 752 752 751 753 766 777 787 796 804 812 818 825 831 836 841 846 851 854 859 862 866 868 871 874 876 879 881 883 884 885 887 888
781 781 780 779 778 777 777 775 775 774 685 685 683 683 681 681 680 679 679 677 677 675 675 674 673 672 671 670 669 669 668 668 667 667 666 666 665 665 664 664 663 663 661 661 661 661 661 661 661 661 661 661 661 661 661 661 661 661 661 661 661 661 753 752 752 755 768 779 789 797 806 813 820 826 832 838 842 847 851 856 859 864 867 869 873 875 878 880 882 884 885 887 888 890
783 781 781 779 779 778 777 777 775 775 686 685 684 683 682 681 681 680 679 678 677 676 675 675 673 673 671 671 670 669 669 668 668 667 667 666 666 665 665 664 664 663 661 661 661 661 661 661 661 661 661 661 661 661 661 661 661 661 661 661 661 661 753 753 752 758 770 781 790 800 807 815 821 827 833 838 844 848 853 857 861 864 867 871 873 877 879 881 883 886 887 888 890 891
783 782 781 780 780 778 778 777 776 688 686 686 684 684 683 682 682 680 680 678 678 676 676 675 674 673 672 672 670 670 669 669 668 668 667 667 666 666 665 665 664 664 661 661 661 661 661 661 661 661 661 661 661 661 661 661 661 661 661 661 661 661 754 753 753 759 772 782 792 801 809 816 823 829 834 840 845 850 854 859 862 866 869 872 875 877 880 882 885 886 887 890 890 892
784 782 782 781 780 779 778 778 777 688 687 686 685 684 684 683 682 681 680 679 678 678 676 676 675 674 673 672 671 670 670 669 669 668 668 667 667 666 666 665 665 664 661 661 661 661 661 661 661 661 661 661 661 661 661 661 661 661 661 661 661 755 754 754 753 762 774 785 794 803 810 818 824 830 836 841 847 851 856 860 864 867 870 874 876 879 881 884 886 887 889 890 892 893
784 783 783 781 781 779 779 779 689 689 687 687 685 685 685 683 683 681 681 679 679 678 677 677 675 675 673 673 672 671 670 670 669 669 668 668 667 667 666 666 665 665 661 661 661 661 661 661 661 661 661 661 661 661 661 661 661 661 661 661 661 755 755 754 754 764 776 786 796 804 812 819 825 832 837 843 848 853 857 861 865 868 872 874 878 880 883 885 886 889 890 892 893 895
785 784 783 782 781 781 780 779 690 689 688 688 686 686 685 684 683 682 681 680 680 679 678 677 676 675 674 673 673 671 671 670 670 669 669 668 668 667 667 666 666 665 661 661 661 661 661 661 661 661 661 661 661 661 661 661 661 661 661 661 661 756 755 755 754 766 777 788 797 806 813 821 827 833 839 844 850 854 859 862 866 870 872 876 878 882 884 885 888 889 892 893 895 895
786 784 784 782 782 782 780 692 690 690 689 688 688 686 686 684 684 682 682 681 680 680 678 678 676 676 674 674 673 672 671 671 670 670 669 669 668 668 667 667 666 666 665 661 661 661 661 661 661 661 661 661 661 661 661 661 661 661 661 661 661 756 756 755 755 768 780 789 799 807 815 822 828 835 840 846 850 856 859 863 867 870 874 877 880 882 884 887 889 891 892 894 895 896
786 785 784 783 783 782 781 692 691 691 689 689 688 687 686 685 684 683 683 682 681 680 679 678 677 676 675 674 674 672 672 671 671 670 670 669 669 668 668 667 667 666 666 661 661 661 661 661 661 661 661 661 661 661 661 661 661 661 661 661 661 757 756 756 756 770 781 792 800 809 816 823 830 836 842 847 852 856 861 865 868 872 875 878 881 884 886 888 890 892 894 895 896 898
787 786 785 785 783 783 693 693 692 691 690 689 689 687 687 685 685 684 683 683 681 681 679 679 677 677 676 675 674 673 672 672 671 671 671 670 670 669 669 668 667 667 666 661 661 661 661 661 661 661 661 661 661 661 661 661 661 661 661 661 661 757 757 756 759 771 783 793 802 810 817 825 831 838 843 849 853 858 862 866 870 873 877 879 883 885 887 889 891 893 895 896 898 898
788 786 786 785 784 783 694 694 692 692 690 690 689 688 688 686 686 684 684 683 682 681 680 679 678 677 677 675 675 673 673 673 672 672 671 671 670 670 669 669 668 668 667 661 661 661 661 661 661 661 661 661 661 661 661 661 661 661 661 661 661 758 757 757 760 774 784 795 804 812 819 826 833 839 845 849 855 859 863 867 871 875 877 881 883 885 888 890 893 894 895 897 898 900
788 787 786 786 784 696 695 694 693 692 692 690 690 689 688 687 686 685 684 684 682 682 680 680 678 678 677 676 676 674 674 673 673 672 672 671 671 670 670 669 669 668 668 662 661 661 661 661 661 661 661 661 661 661 661 661 661 661 661 661 661 758 758 757 763 775 787 796 806 813 820 828 834 840 845 851 856 860 864 868 872 875 879 882 884 887 889 892 893 896 897 898 900 901
789 787 787 786 785 697 695 695 693 693 692 691 691 689 689 687 687 686 685 684 683 682 681 680 679 679 678 677 676 675 674 674 673 673 672 672 671 671 670 670 669 669 668 663 662 661 661 661 661 661 661 661 661 661 661 661 661 661 661 661 661 759 758 758 764 777 788 798 807 814 822 829 836 841 847 852 856 861 865 870 873 877 880 882 886 888 891 892 895 896 897 900 900 902
789 788 788 787 698 697 696 695 694 693 693 692 691 690 689 688 687 687 685 685 683 683 682 681 680 679 679 677 677 675 675 674 674 673 673 672 672 671 671 670 670 669 669 663 663 662 661 661 661 661 661 661 661 661 661 661 661 661 661 661 661 759 759 758 767 779 790 799 808 816 823 831 837 843 848 854 858 862 867 870 875 878 880 884 886 889 891 894 896 897 899 900 902 903
790 790 788 788 698 698 696 696 695 694 694 692 692 690 690 688 688 687 686 685 684 684 682 682 681 680 679 678 677 676 675 675 674 674 673 673 672 672 671 671 670 670 669 664 663 662 662 661 661 661 661 661 661 661 661 661 661 661 661 661 760 760 759 759 768 781 791 801 810 817 825 832 838 844 850 855 859 864 868 872 875 879 882 885 888 890 893 895 896 899 900 902 903 903
791 790 789 700 699 698 697 697 696 695 694 693 692 691 690 689 688 688 687 686 685 684 683 682 682 680 680 678 678 676 676 675 675 674 674 673 673 672 672 671 671 670 670 664 664 663 662 662 661 661 661 661 661 661 661 661 661 661 661 661 761 760 760 759 770 782 793 802 811 819 826 833 839 846 851 855 861 865 869 873 877 880 883 886 889 892 894 895 898 899 901 902 903 905
791 791 789 701 699 699 698 697 697 695 695 693 693 691 691 689 689 689 687 687 685 685 683 683 682 681 680 679 678 677 676 676 675 675 674 674 673 673 672 672 671 671 670 665 664 664 663 662 662 661 661 661 661 661 661 661 661 661 661 661 761 761 760 760 772 784 794 803 813 820 828 834 841 846 851 857 861 866 870 874 878 881 884 887 890 892 894 897 898 901 902 903 905 905
792 791 702 701 700 700 698 698 697 696 695 694 693 692 692 691 690 689 688 687 686 685 684 683 683 681 681 679 679 677 677 676 676 675 675 674 674 673 673 672 672 671 671 665 665 664 663 663 662 662 661 661 661 661 661 661 661 661 661 661 762 761 761 760 774 785 795 805 814 822 829 836 842 847 853 858 863 867 872 875 878 882 885 888 891 893 896 897 900 901 903 904 905 907
792 792 702 702 701 700 699 698 698 696 696 694 694 693 692 692 690 690 688 688 686 686 684 684 683 682 681 680 679 678 677 677 676 676 675 675 674 674 673 673 672 672 671 666 665 665 664 663 663 662 662 661 661 661 661 661 661 661 661 661 762 762 761 762 775 786 797 806 815 823 831 837 843 849 854 859 864 869 872 876 880 883 887 889 891 894 896 899 901 903 904 905 907 908
793 704 703 703 701 701 699 699 698 697 696 695 695 693 693 692 691 690 689 688 687 686 686 684 684 682 682 680 680 678 678 677 677 676 676 675 675 674 674 673 673 672 672 666 666 665 664 664 663 663 662 662 661 661 661 661 661 661 661 661 763 762 762 764 777 789 798 808 816 825 831 839 844 850 856 860 865 869 873 877 881 884 887 891 893 895 898 900 902 903 905 907 907 909
794 705 704 703 702 701 700 699 699 698 697 696 695 694 693 693 691 691 689 689 687 687 686 685 684 683 682 681 680 679 678 678 677 677 676 676 675 675 674 674 673 673 672 667 666 666 665 664 664 663 663 662 662 661 661 661 661 661 661 661 763 763 762 766 779 790 800 809 818 826 833 839 845 851 856 862 866 870 875 878 882 885 889 891 893 897 898 901 903 904 906 907 909 910
706 706 704 704 702 702 701 700 700 698 698 696 696 694 694 693 692 691 690 689 688 687 687 685 685 683 683 681 681 679 679 678 678 677 677 676 676 675 675 674 674 673 673 667 667 666 665 665 664 664 663 663 662 662 661 661 661 661 661 661 764 763 763 767 780 792 801 811 819 827 834 840 847 852 858 862 867 872 875 880 883 887 889 892 895 897 900 902 903 905 907 909 909 910
707 706 705 704 703 702 702 701 700 699 698 697 696 695 694 694 692 692 690 690 688 688 687 686 685 684 683 682 681 681 679 679 678 678 677 677 676 676 675 675 674 674 673 668 667 666 666 665 665 664 664 663 663 662 662 661 661 661 661 661 764 764 763 768 782 793 803 812 821 828 835 842 848 854 859 864 868 872 877 880 884 887 890 893 896 899 901 902 905 906 908 909 910 912
707 707 705 705 703 703 703 701 701 699 699 697 697 695 695 694 693 692 691 690 689 688 688 686 686 684 684 682 682 681 680 679 679 678 678 677 677 676 676 675 675 674 674 668 668 667 666 666 665 665 664 664 663 663 662 661 661 661 661 661 765 764 763 771 783 795 804 814 822 829 836 843 849 854 860 865 869 874 877 882 885 888 891 894 897 899 901 904 905 908 909 910 912 912
708 707 706 706 704 704 703 702 701 700 699 698 697 697 695 695 693 693 691 691 689 689 688 687 686 685 684 683 682 682 680 680 679 679 678 678 677 677 676 676 675 675 674 669 668 667 667 666 666 665 665 664 664 663 662 662 661 661 661 661 765 765 764 772 785 796 806 815 823 831 837 844 850 856 861 865 871 874 879 882 886 889 892 895 898 900 903 904 907 908 909 911 912 914
708 708 707 706 705 704 704 702 702 700 700 698 698 697 696 695 694 694 692 692 690 690 689 688 687 686 685 683 683 682 681 680 680 679 679 678 678 677 677 676 676 675 675 669 668 668 667 667 666 666 665 665 664 664 663 662 662 661 661 661 766 765 764 774 786 798 807 817 824 831 839 845 852 857 862 867 871 876 880 883 887 890 894 896 898 901 903 906 907 909 911 912 913 914
709 709 707 707 705 705 704 703 702 701 700 699 698 698 697 696 695 694 693 692 691 690 690 688 688 686 686 684 684 683 681 681 680 680 679 679 678 678 677 677 676 676 675 670 669 668 668 667 667 666 666 665 665 664 663 663 662 662 661 767 766 765 765 775 788 799 809 817 825 833 840 847 852 857 863 868 873 877 880 885 888 891 894 897 900 902 905 906 908 910 911 913 914 915
710 709 708 707 706 705 705 703 703 701 701 700 699 699 697 697 695 695 693 693 691 691 690 689 688 687 686 685 684 683 682 681 681 680 680 679 679 678 678 677 677 676 676 670 669 669 668 668 667 667 666 666 665 664 664 663 663 662 662 767 766 766 765 777 789 800 810 818 827 834 841 847 853 859 864 869 873 877 882 885 889 892 895 898 900 903 905 907 909 911 913 914 914 916
710 710 708 708 706 706 705 704 703 702 702 700 700 699 698 697 696 695 694 693 692 691 691 689 689 687 687 685 685 684 682 682 681 681 680 680 679 679 678 678 677 677 676 670 670 669 669 668 668 667 667 666 665 665 664 664 663 663 662 767 767 766 766 778 791 801 811 820 828 836 842 848 854 860 865 870 874 879 882 887 890 893 896 899 902 904 906 908 910 912 913 914 916 917
711 710 709 708 707 706 706 705 704 703 702 701 700 700 698 698 696 696 694 694 693 692 691 690 689 688 687 686 685 685 683 682 682 681 681 680 680 679 679 678 678 677 677 671 670 670 669 669 668 668 667 666 666 665 665 664 664 663 663 768 767 767 766 780 792 802 812 821 829 836 843 850 855 861 866 871 875 879 884 887 891 894 897 900 902 904 907 909 911 912 914 916 916 918
711 711 709 709 707 707 707 705 705 703 703 701 701 700 699 698 697 696 695 694 694 692 692 690 690 688 688 686 686 685 683 683 682 682 681 681 680 680 679 679 678 678 677 671 671 670 670 669 669 668 668 667 666 666 665 665 664 664 663 768 768 767 768 781 793 804 813 822 830 838 844 850 857 862 868 872 876 881 884 889 892 895 898 900 903 906 908 910 912 913 915 916 918 918
712 711 710 710 708 708 707 706 705 704 703 702 701 701 699 699 697 697 695 695 694 693 692 691 690 689 688 687 686 686 684 683 683 682 682 681 681 680 680 679 679 678 677 672 671 671 670 670 669 669 668 667 667 666 666 665 665 664 663 769 768 768 769 782 795 805 815 823 832 839 845 852 857 863 868 872 878 881 886 889 892 896 899 901 904 906 909 911 912 914 915 917 918 919
712 712 711 710 709 708 708 706 706 704 704 702 702 701 700 699 698 697 696 695 695 693 693 691 691 689 689 687 687 686 684 684 683 683 682 682 681 681 680 680 679 679 678 672 672 671 671 670 670 669 668 668 667 667 666 666 665 664 664 769 769 768 771 784 796 807 816 825 832 839 847 852 859 864 869 874 878 883 886 890 894 896 900 902 905 908 909 911 913 915 917 918 919 920
765 713 711 711 709 709 708 707 706 705 704 703 702 702 700 700 698 698 696 696 695 694 693 692 691 690 689 688 687 687 685 684 684 683 683 682 682 681 681 680 680 679 678 673 672 672 671 671 670 669 669 668 668 667 667 666 665 665 664 770 769 769 772 785 797 807 817 826 833 841 847 854 859 864 870 874 880 883 887 891 894 898 900 903 906 908 910 912 914 916 917 918 920 921
