testData/tiles/oneDegreeCosts/grid34.0-25.0-35.0-26.0.asc
ncols   200
nrows   200
xllcorner   34.0
yllcorner   25.0
cellsize   0.005
NODATA_value   -9999.0
[rows 126 to 167 of 200, columns 0 to 93 of 200]
676 675 675 674 673 672 671 669 668 667 666 665 664 663 661 660 667 666 664 663 662 660 659 658 656 655 653 652 651 649 647 646 644 643 641 639 638 636 634 632 631 629 627 624 622 620 618 616 614 611 609 607 603 601 598 596 593 590 588 584 580 577 574 570 567 562 557 555 555 555 554 554 554 554 511 510 510 510 510 509 509 509 509 508 508 508 508 507 507 507 506 506 506 505
677 676 675 675 674 673 672 671 669 668 667 666 665 664 663 669 668 667 666 664 663 662 660 659 657 656 655 653 652 650 649 647 646 644 642 641 639 637 635 634 632 630 627 625 623 621 619 617 615 613 610 608 605 602 600 597 594 592 589 585 582 578 575 572 568 563 559 556 556 556 555 555 555 555 512 511 511 511 511 510 510 510 510 509 509 509 509 508 508 508 507 507 507 506
678 677 676 675 675 674 673 672 671 669 668 667 666 665 672 670 669 668 667 665 664 663 661 660 659 657 656 654 653 651 650 648 647 645 643 642 640 638 637 635 633 630 628 626 624 622 620 618 616 614 612 608 606 603 601 598 596 593 590 586 583 580 576 573 569 564 560 557 557 557 556 556 556 556 500 512 512 512 512 511 511 511 511 510 510 510 510 509 509 509 508 508 508 507
679 678 677 676 675 675 674 673 672 671 669 668 667 674 673 672 670 669 668 666 665 664 662 661 660 658 657 655 654 652 651 649 648 646 645 643 641 640 638 636 633 631 629 627 626 624 621 619 617 615 613 609 607 605 602 600 597 594 590 587 584 581 578 574 569 566 561 558 558 558 557 557 557 557 500 513 513 513 513 512 512 512 512 511 511 511 511 510 510 510 509 509 509 508
680 679 678 677 676 675 675 674 673 672 671 669 676 675 674 673 671 670 669 668 666 665 664 662 661 659 658 657 655 654 652 651 649 647 646 644 642 641 639 636 634 632 631 629 627 625 623 621 618 616 613 611 608 606 603 601 598 595 591 589 585 582 579 575 571 567 563 559 559 558 558 558 558 558 500 500 514 514 514 513 513 513 513 512 512 512 511 511 511 511 510 510 510 509
681 680 679 678 677 676 675 674 674 673 680 679 677 676 675 674 673 671 670 669 667 666 665 663 662 661 659 658 656 655 653 652 650 648 647 645 644 641 639 637 635 634 632 630 628 626 624 622 620 616 614 612 609 607 605 602 599 596 593 590 587 584 580 577 572 568 564 560 560 559 559 559 559 559 500 500 500 515 514 514 514 514 513 513 513 513 512 512 512 512 511 511 511 510
684 683 681 679 678 677 676 675 674 681 681 680 679 677 676 675 674 672 671 670 669 667 666 665 663 662 660 659 657 656 654 653 651 650 648 645 644 642 640 638 637 635 633 631 629 627 625 623 620 618 615 613 611 608 606 603 599 597 594 591 588 585 581 577 573 569 565 561 561 560 560 560 560 559 500 500 500 516 515 515 515 515 514 514 514 514 513 513 513 513 512 512 512 511
685 684 683 681 680 678 677 676 683 682 681 680 679 678 677 676 675 674 672 671 670 668 667 666 664 663 661 660 658 657 655 654 651 650 648 646 645 643 641 640 638 636 634 632 630 628 626 623 621 619 616 614 612 609 607 603 601 598 595 592 589 586 582 578 575 571 567 562 561 561 561 561 561 560 500 500 500 500 516 516 516 516 515 515 515 515 514 514 514 513 513 513 513 512
687 685 684 683 682 680 679 685 684 683 682 681 680 679 677 676 675 675 673 672 671 669 668 667 665 664 663 661 659 657 656 654 652 651 649 648 646 644 642 641 639 637 635 633 631 628 626 624 622 620 618 615 613 611 607 605 602 599 596 593 590 586 583 579 576 572 568 563 562 562 562 562 561 561 561 500 500 500 517 517 517 516 516 516 516 515 515 515 515 514 514 514 513 513
687 687 686 684 683 682 688 687 685 684 683 682 681 680 678 677 676 675 673 672 671 670 668 667 665 664 663 661 660 658 657 655 654 652 650 649 647 645 644 642 640 638 636 634 631 629 627 625 623 621 619 616 614 611 608 606 603 600 598 595 592 587 584 581 577 573 569 564 563 563 563 563 562 562 562 500 500 500 500 518 518 517 517 517 517 516 516 516 516 515 515 515 514 514
619 619 619 686 684 691 690 688 687 685 684 683 682 681 680 678 677 676 675 673 672 671 669 668 667 665 664 662 661 659 658 656 655 653 652 650 648 646 645 643 641 639 636 635 633 631 629 626 624 622 620 618 614 612 609 607 604 602 599 596 592 589 585 582 578 575 570 565 564 564 564 563 563 563 563 500 500 500 500 500 518 518 518 518 517 517 517 517 516 516 516 516 515 515
619 619 619 619 618 616 616 615 614 614 685 684 683 682 681 679 678 677 676 674 673 672 670 669 668 666 665 663 662 660 659 657 656 654 653 651 649 648 646 643 641 639 638 636 634 632 630 628 626 623 621 618 615 613 611 608 605 603 599 596 593 590 587 583 580 575 571 566 565 565 564 564 564 564 564 500 500 500 500 500 519 519 519 519 518 518 518 518 517 517 517 516 516 516
619 619 622 620 619 618 617 615 614 614 611 610 609 608 607 606 604 604 677 676 674 673 672 670 669 667 666 665 663 662 660 659 657 655 654 652 649 648 646 644 642 641 639 637 635 633 631 629 627 623 621 619 617 614 612 609 607 603 600 597 594 591 588 584 580 576 572 568 566 566 565 565 565 565 565 501 501 501 501 500 500 520 520 519 519 519 519 518 518 443 443 442 442 442
619 624 623 622 621 619 618 617 615 614 613 610 609 609 608 607 605 604 603 602 600 599 598 596 595 594 592 591 664 663 661 660 657 655 654 652 651 649 647 645 644 642 640 638 636 634 632 629 627 625 622 620 618 615 613 610 607 604 601 598 595 592 589 585 581 577 573 569 567 566 566 566 566 566 565 502 502 502 501 446 446 446 446 445 445 445 445 444 444 444 443 443 443 443
627 626 625 623 622 621 619 618 617 615 614 612 610 609 608 607 605 604 603 602 600 599 598 596 595 594 592 591 589 588 586 585 583 582 580 578 577 575 573 571 570 568 566 564 562 559 557 555 553 551 549 546 544 541 538 535 533 530 527 524 521 518 514 511 507 503 499 495 492 492 492 492 492 491 491 446 446 446 446 446 446 446 446 446 446 446 445 445 445 445 444 444 444 443
627 626 625 625 623 622 621 619 618 617 615 614 612 610 609 608 607 605 604 603 601 600 599 597 596 595 593 592 590 589 587 586 584 583 581 579 578 576 574 573 571 569 566 564 562 560 558 556 554 552 550 547 545 542 539 537 534 531 529 526 522 519 515 512 508 505 500 495 493 493 493 493 492 492 492 446 446 446 446 446 446 446 446 447 447 446 446 446 446 445 445 445 445 444
629 628 626 625 624 622 622 621 620 618 617 616 613 612 610 609 608 606 605 604 603 601 600 599 597 596 594 593 591 590 588 587 585 584 582 581 579 577 575 573 571 569 567 565 563 561 559 557 555 553 551 547 545 543 540 538 535 532 530 526 523 520 516 513 510 505 501 497 494 494 494 493 493 493 493 446 446 446 446 446 446 446 446 446 448 447 447 447 446 446 446 446 446 446
631 630 629 626 625 624 623 621 620 619 618 617 616 613 612 610 609 607 606 605 604 602 601 600 598 597 595 594 593 591 590 588 586 585 583 581 579 577 576 574 572 570 568 566 564 562 560 558 556 553 551 549 546 544 541 539 536 533 530 527 524 521 518 514 510 506 502 498 495 495 494 494 494 494 494 446 446 446 446 446 446 446 446 446 448 448 448 448 447 447 447 447 447 447
633 631 630 629 628 625 624 623 621 620 619 617 616 614 612 611 609 609 607 606 605 603 602 601 599 598 597 595 593 591 590 588 587 585 583 582 580 578 577 575 573 571 569 567 566 564 561 558 556 554 552 550 547 545 543 539 536 534 531 528 525 522 519 514 511 507 503 499 496 495 495 495 495 495 494 446 446 446 446 446 446 446 446 446 446 449 449 448 448 449 449 448 448 448
633 632 631 630 629 628 625 624 623 621 620 619 617 616 614 612 611 609 607 606 605 603 602 601 599 598 597 595 594 592 591 589 588 586 584 583 581 579 578 576 574 572 570 568 566 564 562 560 557 555 553 551 548 545 543 540 538 535 532 529 526 522 519 516 512 508 504 499 496 496 496 496 496 495 495 446 446 446 446 446 446 446 446 446 446 446 449 449 450 450 449 449 449 449
634 633 632 631 629 629 628 625 624 623 621 620 619 617 615 614 612 611 608 607 606 605 603 602 600 599 598 596 595 593 592 590 589 587 586 584 582 581 579 577 574 572 571 569 567 565 563 561 559 556 554 551 549 546 544 541 539 536 533 529 526 523 520 517 513 510 505 500 497 497 497 496 496 496 496 446 446 446 446 446 446 446 446 446 446 446 451 451 451 450 450 450 450 449
636 634 633 632 631 629 628 626 624 623 623 621 620 619 616 615 614 612 611 608 607 606 604 603 602 600 599 597 596 594 593 591 590 588 587 584 582 581 579 577 575 574 572 570 568 566 564 562 560 556 554 552 550 547 545 542 540 536 533 530 527 524 521 518 513 510 506 502 498 498 497 497 497 497 497 446 446 446 446 446 446 446 446 446 446 446 446 452 451 451 451 451 450 450
637 636 635 633 632 631 629 628 626 624 623 622 620 619 618 615 614 613 611 609 607 606 604 603 602 600 599 597 596 594 593 591 590 588 587 585 583 582 580 578 576 575 573 571 569 567 564 562 560 558 555 553 551 548 546 542 540 537 534 532 529 526 521 518 514 511 507 503 499 498 498 498 498 498 497 446 446 446 446 446 446 446 446 446 446 446 446 446 452 452 452 451 451 451
637 636 635 635 633 632 631 629 627 626 625 623 622 620 619 617 615 614 613 610 609 607 605 604 603 601 600 598 597 596 594 592 591 589 588 586 584 583 581 579 577 576 573 571 569 567 565 563 561 559 556 554 552 549 546 544 541 538 536 533 530 526 522 519 516 512 508 503 499 499 499 499 499 498 498 446 446 446 446 446 446 446 446 446 446 446 446 446 453 453 452 452 452 453
639 638 636 635 634 632 631 630 630 627 626 625 623 622 620 618 617 615 614 612 610 609 606 605 604 602 601 600 598 597 595 594 592 590 589 587 585 583 581 579 578 576 574 572 570 568 566 564 562 560 557 554 552 550 547 545 542 539 537 533 530 527 524 520 517 512 508 504 500 500 500 499 499 499 499 446 446 446 446 446 446 446 446 446 446 446 446 446 446 453 453 453 454 453
640 639 638 636 635 634 632 631 630 628 626 625 624 622 621 619 618 617 615 613 611 610 609 606 605 603 602 601 599 598 595 594 592 590 589 587 586 584 582 580 579 577 575 573 571 569 567 564 562 560 558 555 553 551 548 546 542 539 537 534 531 528 525 520 517 513 509 505 501 500 500 500 500 500 500 446 446 446 446 446 446 446 446 446 446 446 446 446 446 446 455 455 454 454
640 639 639 638 636 635 634 633 631 630 628 626 625 624 622 621 618 617 616 614 612 610 609 606 605 603 602 601 599 598 596 595 593 592 590 588 587 585 583 581 580 578 576 573 571 569 567 565 563 561 559 556 554 552 548 546 543 541 538 535 532 528 525 521 518 514 510 506 501 501 501 501 501 500 500 446 446 446 446 446 446 446 446 446 446 446 446 446 446 446 446 455 455 455
642 641 639 638 637 635 635 634 633 631 629 628 626 625 624 622 620 618 617 616 613 612 610 608 606 605 603 602 600 599 597 596 594 593 591 589 588 586 584 582 580 578 576 574 572 570 568 566 564 562 560 556 554 552 549 547 544 542 539 535 532 529 526 523 519 515 511 506 502 502 502 502 501 501 501 446 446 446 446 446 446 446 446 446 446 446 446 446 446 446 446 456 456 456
643 642 641 639 638 637 636 634 633 632 629 628 627 625 625 624 621 620 618 617 615 613 612 609 608 606 604 603 601 600 598 596 594 593 591 589 588 586 584 583 581 579 577 575 573 571 569 567 564 562 560 558 555 553 550 548 545 542 539 536 533 530 527 524 519 515 512 508 503 503 502 502 502 502 503 446 446 446 446 446 446 446 446 446 446 446 446 446 446 446 446 446 456 456
643 643 642 641 639 638 637 636 634 633 632 629 628 627 625 624 622 620 619 617 615 613 612 610 608 607 604 603 601 600 598 597 595 594 592 590 589 587 585 584 582 580 578 576 573 571 569 567 565 563 561 559 556 554 550 548 545 543 540 537 534 531 527 524 520 517 513 509 503 503 503 503 503 504 503 446 446 446 446 446 446 446 446 446 446 446 446 446 446 446 446 446 446 457
645 644 642 641 640 639 637 637 636 634 633 631 629 628 627 625 623 621 620 619 616 615 613 611 609 608 606 604 602 601 599 598 596 595 593 591 590 588 585 584 582 580 578 576 574 572 570 568 566 564 562 559 556 554 552 549 546 544 541 537 534 531 528 525 521 518 513 509 504 504 504 504 504 504 504 446 446 446 446 446 446 446 446 446 446 446 446 446 446 446 446 446 446 446
646 645 644 642 641 640 639 637 636 635 633 631 630 628 627 627 624 623 621 620 618 616 615 612 611 609 607 605 603 602 599 598 596 595 593 591 590 588 586 585 583 581 579 577 575 573 571 568 566 564 562 560 557 555 553 550 548 544 541 538 535 532 529 526 521 518 514 510 505 505 505 505 505 505 505 446 446 446 446 446 446 446 446 446 446 446 446 446 446 446 446 446 446 446
646 645 645 644 642 641 640 639 637 636 635 632 631 630 628 627 626 623 622 620 618 616 615 613 611 610 607 606 603 602 600 599 597 596 594 593 591 589 587 586 584 582 580 577 575 573 571 569 567 565 563 561 558 556 553 550 548 545 542 539 536 532 529 526 522 519 515 511 505 506 506 506 506 506 505 446 446 446 446 446 446 446 446 446 446 446 446 446 446 446 446 446 446 446
648 647 645 644 643 641 640 639 639 637 636 634 632 631 630 628 627 624 623 622 619 618 616 614 613 611 609 607 605 603 601 600 598 597 595 594 592 589 587 586 584 582 580 578 576 575 573 570 568 566 563 561 558 556 554 551 549 546 543 539 536 533 530 527 523 520 515 511 508 507 507 507 506 506 506 446 446 446 446 446 446 446 446 446 446 446 446 446 446 446 446 446 446 446
649 648 647 645 644 643 642 640 639 638 636 634 633 631 630 629 627 625 623 622 620 618 617 614 613 611 609 607 605 603 601 600 598 597 595 594 592 590 589 587 585 583 581 579 578 576 573 570 568 566 564 562 560 557 555 552 549 546 543 540 537 534 531 527 523 520 517 513 509 508 507 507 507 507 507 446 446 446 446 446 446 446 446 446 446 446 446 446 446 446 446 446 446 446
649 648 647 646 645 644 643 642 640 639 638 636 634 633 631 630 629 626 625 623 621 620 618 617 614 613 610 609 606 605 602 601 599 598 596 595 593 591 590 588 586 583 581 579 578 576 574 572 569 567 565 563 561 557 555 552 550 547 544 541 539 534 531 528 525 522 518 513 509 508 508 508 508 507 507 446 446 446 446 446 446 446 446 446 446 446 446 446 446 446 446 446 446 446
651 650 648 647 646 644 643 642 641 639 638 637 635 634 633 631 630 627 626 625 623 621 619 618 616 614 612 610 608 606 604 602 600 598 596 595 593 591 590 588 586 584 582 580 579 577 575 573 570 567 565 563 561 558 556 553 551 548 544 541 539 535 532 529 527 522 518 514 510 509 509 508 508 508 509 446 446 446 446 446 446 446 446 446 446 446 446 446 446 446 446 446 446 446
651 651 650 648 647 646 644 643 642 641 639 638 636 634 633 632 630 628 626 625 624 621 620 618 616 614 612 610 608 606 604 602 600 599 597 596 594 592 591 589 587 585 583 581 579 577 575 573 570 568 566 564 562 559 556 553 551 548 545 542 540 537 533 530 527 523 519 515 511 509 509 509 509 510 509 446 446 446 446 446 446 446 446 446 446 446 446 446 446 446 446 446 446 446
652 651 650 649 647 646 645 645 643 642 641 639 637 636 634 633 631 629 628 626 625 622 621 620 617 616 613 612 609 608 606 604 601 600 598 597 595 593 591 589 587 585 583 581 580 578 576 574 571 569 567 564 562 559 557 554 552 549 546 542 540 538 534 531 528 524 519 515 511 510 510 510 510 510 510 447 447 447 446 446 446 446 446 446 446 446 446 446 446 446 446 446 446 446
658 656 655 650 649 647 646 645 644 642 641 640 637 636 635 633 632 629 628 627 625 623 621 620 617 616 614 612 610 608 607 604 602 600 598 597 595 593 592 590 588 586 584 582 581 579 576 574 571 569 567 565 563 560 558 555 552 549 546 543 542 539 535 532 528 524 520 516 512 511 511 511 511 511 511 448 447 447 447 447 447 447 447 447 447 446 446 446 446 446 446 446 446 446
658 657 655 654 653 653 647 646 645 644 642 641 639 637 636 634 633 631 629 628 627 624 623 621 619 617 615 613 611 609 608 605 603 601 599 598 596 594 593 591 588 586 584 582 581 579 577 575 572 570 568 566 563 560 558 555 553 550 548 545 543 539 535 532 529 525 521 517 512 512 512 512 512 511 511 448 448 448 448 447 448 448 448 447 447 447 447 447 446 446 446 447 446 446
659 658 657 656 654 653 652 650 649 644 643 641 639 638 637 636 634 632 631 629 628 625 624 623 620 619 616 615 612 611 608 606 603 602 599 598 596 594 593 591 589 587 585 583 582 580 578 576 572 570 568 566 564 561 559 556 554 551 548 545 543 540 536 533 530 525 521 517 514 513 513 512 512 512 512 449 448 448 449 449 449 448 448 448 448 448 447 447 447 448 447 447 447 447
