testData/tiles/oneDegreeCosts/grid26.0-14.0-27.0-15.0.asc
ncols   200
nrows   200
xllcorner   26.0
yllcorner   14.0
cellsize   0.005
NODATA_value   -9999.0
[rows 92 to 137 of 200, columns 96 to 191 of 200]
39 39 39 39 39 39 39 39 39 39 39 40 40 41 41 42 42 43 43 44 44 44 45 45 46 46 46 47 47 48 48 48 49 49 49 50 50 50 51 51 51 51 52 52 52 53 53 53 53 54 54 54 54 55 55 55 83 84 84 84 84 85 85 85 85 85 86 86 86 86 87 157 157 157 157 158 158 158 158 158 158 159 159 159 159 159 159 160 161 162 163 164 165 166 167 168
39 39 39 39 39 39 39 39 39 39 39 39 39 40 40 41 41 42 42 43 43 43 44 44 45 45 46 46 46 47 47 47 48 48 48 49 49 49 50 50 50 51 51 51 52 52 52 52 53 53 53 53 54 54 54 55 83 83 83 83 84 84 84 84 85 85 85 85 85 86 86 156 156 157 157 157 157 157 157 158 158 158 158 158 159 159 159 159 160 161 163 163 164 165 166 167
39 39 39 39 39 39 39 39 39 39 39 39 39 39 39 40 40 41 41 42 42 42 43 43 44 44 45 45 45 46 46 47 47 47 48 48 48 49 49 49 50 50 50 50 51 51 51 52 52 52 52 53 53 53 54 54 82 82 83 83 83 83 84 84 84 84 84 85 85 85 85 155 156 156 156 156 156 157 157 157 157 157 158 158 158 158 158 158 160 160 161 162 163 164 166 167
39 39 39 39 39 39 39 39 39 39 39 39 39 39 39 39 39 40 40 41 41 41 42 42 43 43 44 44 44 45 45 46 46 46 47 47 47 48 48 48 49 49 49 50 50 50 51 51 51 51 52 52 52 53 53 53 81 82 82 82 82 83 83 83 83 84 84 84 84 84 85 155 155 155 155 156 156 156 156 156 157 157 157 157 157 158 158 158 158 159 160 162 163 164 165 166
39 39 39 39 39 39 39 39 39 39 39 39 39 39 39 39 39 39 39 39 40 40 41 41 42 42 43 43 44 44 44 45 45 45 46 46 47 47 47 48 48 48 49 49 49 50 50 50 50 51 51 51 52 52 52 52 81 81 81 81 82 82 82 82 83 83 83 83 83 84 84 154 154 155 155 155 155 155 156 156 156 156 156 157 157 157 157 157 157 159 160 161 162 163 164 166
39 39 39 39 39 39 39 39 39 39 39 39 39 39 39 39 39 39 39 39 39 39 40 40 41 41 42 42 43 43 43 44 44 45 45 45 46 46 46 47 47 47 48 48 48 49 49 49 50 50 50 50 51 51 51 52 52 80 80 81 81 81 81 82 82 82 82 83 83 83 83 153 154 154 154 154 155 155 155 155 155 156 156 156 156 156 156 157 157 158 159 160 161 163 163 164
16 39 39 39 39 39 39 39 39 39 39 39 39 39 39 39 39 39 39 39 39 39 39 39 40 40 41 41 41 42 42 43 43 44 44 44 45 45 45 46 46 47 47 47 48 48 48 48 49 49 49 50 50 50 51 51 51 79 80 80 80 80 81 81 81 81 82 82 82 82 83 153 153 153 153 154 154 154 154 154 155 155 155 155 155 156 156 156 156 157 158 160 160 161 162 163
16 16 16 39 39 39 39 39 39 39 39 39 39 39 39 39 39 39 39 39 39 39 39 39 39 39 39 40 40 41 41 42 42 43 43 43 44 44 45 45 45 46 46 46 47 47 47 48 48 48 49 49 49 49 50 50 50 79 79 79 79 80 80 80 80 81 81 81 81 82 82 152 152 153 153 153 153 153 154 154 154 154 154 155 155 155 155 155 155 157 158 158 159 160 162 163
16 16 16 16 16 16 39 39 39 39 39 39 39 39 39 39 39 39 39 39 39 39 39 39 39 39 39 39 39 40 40 41 41 42 42 42 43 43 44 44 44 45 45 45 46 46 46 47 47 47 48 48 48 49 49 49 50 78 78 78 79 79 79 79 80 80 80 80 81 81 81 151 152 152 152 152 152 153 153 153 153 153 154 154 154 154 154 155 155 155 156 157 159 160 161 162
16 16 16 16 16 16 16 16 39 39 39 39 39 39 39 39 39 39 39 39 39 39 39 39 39 39 39 39 39 39 39 40 40 40 41 41 42 42 43 43 43 44 44 44 45 45 46 46 46 47 47 47 47 48 48 48 49 77 77 78 78 78 78 79 79 79 79 80 80 80 80 151 151 151 151 152 152 152 152 152 153 153 153 153 153 154 154 154 154 154 156 157 158 159 160 161
16 16 16 16 16 16 16 16 16 16 39 39 39 39 39 39 39 39 39 39 39 39 39 39 39 39 39 39 39 39 39 39 39 39 40 40 41 41 42 42 42 43 43 44 44 44 45 45 45 46 46 46 47 47 47 48 48 76 76 77 77 77 78 78 78 78 79 79 79 79 80 150 150 150 151 151 151 151 151 152 152 152 152 152 153 153 153 153 153 154 155 156 157 158 159 160
16 16 16 16 16 16 16 16 16 16 16 16 39 39 39 39 39 39 39 39 39 39 39 39 39 39 39 39 39 39 39 39 39 39 39 39 40 40 40 41 41 42 42 42 43 43 44 44 44 45 45 45 46 46 46 47 47 47 76 76 76 76 77 77 77 78 78 78 78 79 79 149 149 150 150 150 150 150 151 151 151 151 152 152 152 152 152 153 153 153 154 155 157 157 158 159
16 16 16 16 16 16 16 16 16 16 16 16 16 16 39 39 39 39 39 39 39 39 39 39 39 39 39 39 39 39 39 39 39 39 39 39 39 39 39 40 40 41 41 41 42 42 43 43 43 44 44 44 45 45 45 46 46 46 75 75 75 76 76 76 76 77 77 77 78 78 78 148 149 149 149 149 149 150 150 150 150 151 151 151 151 151 152 152 152 152 153 154 155 156 157 158
16 16 16 16 16 16 16 16 16 16 16 16 16 16 16 16 16 39 39 39 39 39 39 39 39 39 39 39 39 39 39 39 39 39 39 39 39 39 39 39 39 39 40 40 41 41 42 42 42 43 43 43 44 44 44 45 45 45 74 74 74 75 75 75 76 76 76 76 77 77 77 147 148 148 148 148 149 149 149 149 150 150 150 150 150 151 151 151 151 152 152 153 154 155 156 158
16 16 16 16 16 16 16 16 16 16 16 16 16 16 16 16 16 16 16 39 39 39 39 39 39 39 39 39 39 39 39 39 39 39 39 39 39 39 39 39 39 39 39 39 40 40 40 41 41 42 42 42 43 43 44 44 44 45 73 73 73 74 74 74 75 75 75 76 76 76 76 147 147 147 147 148 148 148 148 149 149 149 149 150 150 150 150 150 151 151 151 152 153 155 156 157
16 16 16 16 16 16 16 16 16 16 16 16 16 16 16 16 16 16 16 16 16 39 39 39 39 39 39 39 39 39 39 39 39 39 39 39 39 39 39 39 39 39 39 39 39 39 39 40 40 41 41 41 42 42 42 43 43 44 44 72 73 73 73 73 74 74 74 75 75 75 76 146 146 146 147 147 147 147 148 148 148 148 148 149 149 149 149 150 150 150 150 151 153 154 154 155
16 16 16 16 16 16 16 16 16 16 16 16 16 16 16 16 16 16 16 16 16 16 16 39 39 39 39 39 39 39 39 39 39 39 39 39 39 39 39 39 39 39 39 39 39 39 39 39 39 39 40 40 41 41 41 42 42 43 43 71 72 72 72 73 73 73 73 74 74 74 75 145 145 145 146 146 146 146 147 147 147 147 148 148 148 148 149 149 149 149 149 151 151 152 153 154
16 16 16 16 16 16 16 16 16 16 16 16 16 16 16 16 16 16 16 16 16 16 16 16 16 16 39 39 39 39 39 39 39 39 39 39 39 39 39 39 39 39 39 39 39 39 39 39 39 39 39 39 40 40 40 41 41 41 42 70 71 71 71 72 72 72 73 73 73 73 74 144 144 145 145 145 145 146 146 146 146 147 147 147 147 148 148 148 148 148 149 149 150 151 152 154
16 16 16 16 16 16 16 16 16 16 16 16 16 16 16 16 16 16 16 16 16 16 16 16 16 16 16 16 39 39 39 39 39 39 39 39 39 39 39 39 39 39 39 39 39 39 39 39 39 39 39 39 39 39 39 40 40 40 41 69 69 70 70 71 71 71 72 72 72 72 73 143 143 144 144 144 144 145 145 145 145 146 146 146 146 147 147 147 147 148 148 148 149 150 152 153
16 16 16 16 16 16 16 16 16 16 16 16 16 16 16 16 16 16 16 16 16 16 16 16 16 16 16 16 16 16 16 39 39 39 39 39 39 39 39 39 39 39 39 39 39 39 39 39 39 39 39 39 39 39 39 39 39 39 40 68 68 69 69 69 70 70 70 71 71 71 72 142 142 143 143 143 144 144 144 144 145 145 145 145 146 146 146 146 147 147 147 147 148 150 151 151
16 16 16 16 16 16 16 16 16 16 16 16 16 16 16 16 16 16 16 16 16 16 16 16 16 16 16 16 16 16 16 16 16 39 39 39 39 39 39 39 39 39 39 39 39 39 39 39 39 39 39 39 39 39 39 39 39 39 39 39 67 68 68 68 69 69 69 70 70 70 71 141 141 142 142 142 143 143 143 143 144 144 144 144 145 145 145 145 146 146 146 146 148 149 149 150
16 16 16 16 16 16 16 16 16 16 16 16 16 16 16 16 16 16 16 16 16 16 16 16 16 16 16 16 16 16 16 16 16 16 16 16 39 39 39 39 39 39 39 39 39 39 39 39 39 39 39 39 39 39 39 39 39 39 39 39 67 67 67 67 68 68 68 69 69 69 70 140 140 141 141 141 142 142 142 142 143 143 143 144 144 144 144 145 145 145 145 145 146 147 148 149
16 16 16 16 16 16 16 16 16 16 16 16 16 16 16 16 16 16 16 16 16 16 16 16 16 16 16 16 16 16 16 16 16 16 16 16 16 16 39 39 39 39 39 39 39 39 39 39 39 39 39 39 39 39 39 39 39 39 39 39 67 67 67 67 67 67 67 67 68 68 69 139 139 140 140 140 141 141 141 141 142 142 142 143 143 143 143 144 144 144 144 145 145 146 147 148
16 16 16 16 16 16 16 16 16 16 16 16 16 16 16 16 16 16 16 16 16 16 16 16 16 16 16 16 16 16 16 16 16 16 16 16 16 16 16 16 16 39 39 39 39 39 39 39 39 39 39 39 39 39 39 39 39 39 39 39 67 67 67 67 67 67 67 67 67 67 67 68 138 138 139 139 139 140 140 140 141 141 141 142 142 142 142 143 143 143 143 144 144 145 146 148
16 16 16 16 16 16 16 16 16 16 16 16 16 16 16 16 16 16 16 16 16 16 16 16 16 16 16 16 16 16 16 16 16 16 16 16 16 16 16 16 16 16 16 16 39 39 39 39 39 39 39 39 39 39 39 39 39 39 39 39 39 67 67 67 67 67 67 67 67 67 67 67 137 137 138 138 138 139 139 139 140 140 140 141 141 141 141 142 142 142 142 143 143 144 144 146
16 16 16 16 16 16 16 16 16 16 16 16 16 16 16 16 16 16 16 16 16 16 16 16 16 16 16 16 16 16 16 16 16 16 16 16 16 16 16 16 16 16 16 16 16 16 16 39 39 39 39 39 39 39 39 39 39 39 39 39 39 67 67 67 67 67 67 67 67 67 67 67 137 137 137 137 137 137 138 138 138 139 139 160 161 161 161 162 162 162 162 163 163 163 164 166
16 16 16 16 16 16 16 16 16 16 16 16 16 16 16 16 16 16 16 16 16 16 16 16 16 16 16 16 16 16 16 16 16 16 16 16 16 16 16 16 16 16 16 16 16 16 16 16 16 39 39 39 39 39 39 39 39 39 39 39 39 67 67 67 67 67 67 67 67 67 67 67 137 137 137 158 158 158 158 158 158 159 159 159 160 160 160 161 161 161 161 162 162 162 163 165
16 16 16 16 16 16 16 16 16 16 16 16 16 16 16 16 16 16 16 16 16 16 16 16 16 16 16 16 16 16 16 16 16 16 16 16 16 16 16 16 16 16 16 16 16 16 16 16 16 16 16 16 39 39 39 39 39 39 39 39 39 67 67 67 67 67 67 67 88 88 88 88 158 158 158 158 158 158 158 158 158 158 158 158 158 159 159 159 160 160 160 161 161 161 162 164
16 16 16 16 16 16 16 16 16 16 16 16 16 16 16 16 16 16 16 16 16 16 16 16 16 16 16 16 16 16 16 16 16 16 16 16 16 16 16 16 16 16 16 16 16 16 16 16 16 16 16 16 16 16 16 39 39 39 39 39 39 39 88 88 88 88 88 88 88 88 88 88 158 158 158 158 158 158 158 158 158 158 158 158 158 158 158 158 159 159 159 159 160 160 160 162
16 16 16 16 16 16 16 16 16 16 16 16 16 16 16 16 16 16 16 16 16 16 16 16 16 16 16 16 16 16 16 16 16 16 16 16 16 16 16 16 16 16 16 16 16 16 16 16 16 16 16 16 16 16 16 16 16 16 60 60 60 60 88 88 88 88 88 88 88 88 88 88 158 158 158 158 158 158 158 158 158 158 158 158 158 158 158 158 158 158 158 158 159 159 159 160
16 16 16 16 16 16 16 16 16 16 16 16 16 16 16 16 16 16 16 16 16 16 16 16 16 16 16 16 16 16 16 16 16 16 16 16 16 16 16 16 16 16 16 16 16 16 16 16 16 16 16 16 16 37 37 37 37 37 37 37 37 60 88 88 88 88 88 88 88 88 88 88 158 158 158 158 158 158 158 158 158 158 158 158 158 158 158 158 158 158 158 158 158 158 158 159
16 16 16 16 16 16 16 16 16 16 16 16 16 16 16 16 16 16 16 16 16 16 16 16 16 16 16 16 16 16 16 16 16 16 16 16 16 16 16 16 16 16 16 16 16 16 16 16 16 37 37 37 37 37 37 37 37 37 37 37 37 37 65 65 88 88 88 88 88 88 88 88 158 158 158 158 158 158 158 158 158 158 158 158 158 158 158 158 158 158 158 158 158 158 158 159
16 16 16 16 16 16 16 16 16 16 16 16 16 16 16 16 16 16 16 16 16 16 16 16 16 16 16 16 16 16 16 16 16 16 16 16 16 16 16 16 16 16 16 16 16 37 37 37 37 37 37 37 37 37 37 37 37 37 37 37 37 37 37 65 65 65 65 65 88 88 88 88 158 158 158 158 158 158 158 158 158 158 158 158 158 158 158 158 158 158 158 158 158 158 158 158
16 16 16 16 16 16 16 16 16 16 16 16 16 16 16 16 16 16 16 16 16 16 16 16 16 16 16 16 16 16 16 16 16 16 16 16 16 16 16 16 16 16 37 37 37 37 37 37 37 37 37 37 37 37 37 37 37 37 37 37 37 37 37 65 65 65 65 65 65 65 65 88 158 158 158 158 158 158 158 158 158 158 158 158 158 158 158 158 158 158 158 158 158 158 158 158
16 16 16 16 16 16 16 16 16 16 16 16 16 16 16 16 16 16 16 16 16 16 16 16 16 16 16 16 16 16 16 16 16 16 16 16 16 16 37 37 37 37 37 37 37 37 37 37 37 37 37 37 37 37 37 37 37 37 37 37 37 37 37 65 65 65 65 65 65 65 65 65 135 135 158 158 158 158 158 158 158 158 158 158 158 158 158 158 158 158 158 158 158 158 158 158
16 16 16 16 16 16 16 16 16 16 16 16 16 16 16 16 16 16 16 16 16 16 16 16 16 16 16 16 16 16 16 16 16 16 16 37 37 37 37 37 37 37 37 37 37 37 37 37 37 37 37 37 37 37 37 37 37 37 37 37 37 37 37 65 65 65 65 65 65 65 65 65 65 135 135 135 135 135 158 158 158 158 158 158 158 158 158 158 158 158 158 158 158 158 158 158
16 16 16 16 16 16 16 16 16 16 16 16 16 16 16 16 16 16 16 16 16 16 16 16 16 16 16 16 16 16 16 16 37 37 37 37 37 37 37 37 37 37 37 37 37 37 37 37 37 37 37 37 37 37 37 37 37 37 37 37 37 37 37 37 65 65 65 65 65 65 65 65 65 135 135 135 135 135 135 135 135 158 158 158 158 158 158 158 158 158 158 158 158 158 158 158
16 16 16 16 16 16 16 16 16 16 16 16 16 16 16 16 16 16 16 16 16 16 16 16 16 16 16 16 16 37 37 37 37 37 37 37 37 37 37 37 37 37 37 37 37 37 37 37 37 37 37 37 37 37 37 37 37 37 37 37 37 37 37 37 65 65 65 65 65 65 65 65 65 135 135 135 135 135 135 135 135 135 135 135 135 158 158 158 158 158 158 158 158 158 158 158
16 16 16 16 16 16 16 16 16 16 16 16 16 16 16 16 16 16 16 16 16 16 16 16 16 16 16 37 37 37 37 37 37 37 37 37 37 37 37 37 37 37 37 37 37 37 37 37 37 37 37 37 37 37 37 37 37 37 37 37 37 37 37 37 65 65 65 65 65 65 65 65 65 135 135 135 135 135 135 135 135 135 135 135 135 135 135 135 135 158 158 158 158 158 158 158
16 16 16 16 16 16 16 16 16 16 16 16 16 16 16 16 16 16 16 16 16 16 16 16 37 37 37 37 37 37 37 37 37 37 37 37 37 37 37 37 37 37 37 37 37 37 37 37 37 37 37 37 37 37 37 37 37 37 37 37 37 37 37 37 37 65 65 65 65 65 65 65 65 135 135 135 135 135 135 135 135 135 135 135 135 135 135 135 135 135 135 135 135 158 158 158
16 16 16 16 16 16 16 16 16 16 16 16 16 16 16 16 16 16 16 16 16 16 37 37 37 37 37 37 37 37 37 37 37 37 37 37 37 37 37 37 37 37 37 37 37 37 37 37 37 37 37 37 37 37 37 37 37 37 37 37 37 37 37 37 37 65 65 65 65 65 65 65 65 135 135 135 135 135 135 135 135 135 135 135 135 135 135 135 135 135 135 135 135 135 135 135
16 16 16 16 16 16 16 16 16 16 16 16 16 16 16 16 16 16 16 37 37 37 37 37 37 37 37 37 37 37 37 37 37 37 37 37 37 37 37 37 37 37 37 37 37 37 37 37 37 37 37 37 37 37 37 37 37 37 37 37 37 37 37 37 37 65 65 65 65 65 65 65 65 135 135 135 135 135 135 135 135 135 135 135 135 135 135 135 135 135 135 135 135 135 135 135
16 16 16 16 16 16 16 16 16 16 16 16 16 16 16 16 16 37 37 37 37 37 37 37 37 37 37 37 37 37 37 37 37 37 37 37 37 37 37 37 37 37 37 37 37 37 37 37 37 37 37 37 37 37 37 37 37 37 37 37 37 37 37 37 37 65 65 65 65 65 65 65 65 135 135 135 135 135 135 135 135 135 135 135 135 135 135 135 135 135 135 135 135 135 135 135
16 16 16 16 16 16 16 16 16 16 16 16 16 16 37 37 37 37 37 37 37 37 37 37 37 37 37 37 37 37 37 37 37 37 37 37 37 37 37 37 37 37 37 37 37 37 37 37 37 37 37 37 37 37 37 37 37 37 37 37 37 37 37 37 37 37 65 65 65 65 65 65 65 135 135 135 135 135 135 135 135 135 135 135 135 135 135 135 135 135 135 135 135 135 135 135
16 16 16 16 16 16 16 16 16 16 16 16 37 37 37 37 37 37 37 37 37 37 37 37 37 37 37 37 37 37 37 37 37 37 37 37 37 37 37 37 37 37 37 37 37 37 37 37 37 37 37 37 37 37 37 37 37 37 37 37 37 37 37 37 37 37 65 65 65 65 65 65 65 65 135 135 135 135 135 135 135 135 135 135 135 135 135 135 135 135 135 135 135 135 135 135
16 16 16 16 16 16 16 16 16 16 37 37 37 37 37 37 37 37 37 37 37 37 37 37 37 37 37 37 37 37 37 37 37 37 37 37 37 37 37 37 37 37 37 37 37 37 37 37 37 37 37 37 37 37 37 37 37 37 37 37 37 37 37 37 37 37 65 65 65 65 65 65 65 65 135 135 135 135 135 135 135 135 135 135 135 135 135 135 135 135 135 135 135 135 135 135
