testData/tiles/oneDegreeCosts/grid22.0-1.0-23.0-2.0.asc
ncols   200
nrows   200
xllcorner   22.0
yllcorner   1.0
cellsize   0.005
NODATA_value   -9999.0
[rows 126 to 167 of 200, columns 0 to 93 of 200]
668 668 669 669 669 670 670 670 670 671 671 671 672 672 672 672 673 707 707 647 647 647 647 648 648 648 648 649 649 649 649 650 650 650 650 651 651 651 651 651 652 652 652 652 652 587 587 587 587 587 587 587 613 613 613 613 614 614 614 614 614 614 614 615 615 615 615 615 615 615 615 616 616 616 616 616 616 616 617 617 618 619 619 621 622 622 623 624 624 625 625 626 627 628
669 669 669 669 670 670 670 671 671 671 672 672 672 673 673 673 673 674 622 647 647 648 648 648 649 649 649 649 650 650 650 650 651 651 651 651 651 652 652 652 652 653 653 653 587 587 587 587 587 587 587 587 587 614 614 614 614 614 615 615 615 615 615 615 615 616 616 616 616 616 616 616 616 616 616 617 617 617 618 618 619 620 620 621 622 622 623 624 624 625 626 627 627 628
669 669 670 670 670 671 671 671 672 672 672 673 673 673 673 674 674 622 622 622 622 648 649 649 649 649 650 650 650 650 651 651 651 651 652 652 652 652 652 653 653 653 653 654 587 587 587 587 587 587 587 587 587 614 615 615 615 615 615 615 615 616 616 616 616 616 616 616 617 617 617 617 617 617 617 617 617 617 618 619 620 621 621 622 623 623 624 625 625 626 626 627 627 628
670 670 670 671 671 671 672 672 672 673 673 673 673 674 674 674 675 622 622 622 622 622 622 649 650 650 650 651 651 651 651 652 652 652 652 652 653 653 653 653 654 654 654 587 587 587 587 587 587 587 587 587 587 587 615 615 616 616 616 616 616 616 616 617 617 617 617 617 617 617 617 618 618 618 618 618 618 618 619 619 620 621 621 623 624 624 625 626 626 627 627 628 628 629
670 671 671 671 672 672 672 672 673 673 673 674 674 674 675 675 622 622 622 622 622 622 622 622 622 651 651 651 651 652 652 652 652 653 653 653 653 654 654 654 654 654 587 587 587 587 587 587 587 587 587 587 587 587 616 616 616 616 616 617 617 617 617 617 617 617 618 618 618 618 618 618 618 618 618 619 619 619 620 620 621 622 622 623 624 624 625 626 626 627 628 629 629 630
671 671 671 672 672 672 673 673 673 674 674 674 675 675 675 622 622 622 622 622 622 622 622 622 622 622 622 652 652 652 653 653 653 653 653 654 654 654 654 655 655 587 587 587 587 587 587 587 587 587 587 587 587 587 587 617 617 617 617 617 617 618 618 618 618 618 618 618 618 619 619 619 619 619 619 619 619 619 620 621 622 623 623 624 625 625 626 627 627 628 628 629 629 630
671 672 672 672 673 673 673 674 674 674 675 675 675 676 622 622 622 622 622 622 622 622 622 622 622 622 622 622 622 653 653 653 654 654 654 654 655 655 655 655 587 587 587 587 587 587 587 587 587 587 587 587 587 587 587 617 617 618 618 618 618 618 618 619 619 619 619 619 619 619 619 619 620 620 620 620 620 620 621 621 622 623 623 624 626 626 627 628 628 629 629 630 630 631
672 672 673 673 673 674 674 674 675 675 675 676 676 676 622 622 622 622 622 622 622 622 622 622 622 622 622 622 622 622 622 654 654 654 655 655 655 655 656 656 587 587 587 587 587 587 587 587 587 587 587 587 587 588 588 588 618 618 618 619 619 619 619 619 619 619 620 620 620 620 620 620 620 620 620 621 621 621 622 622 623 624 624 625 626 626 627 628 628 629 630 631 631 632
673 673 673 674 674 674 675 675 675 675 676 676 676 622 622 622 622 622 622 622 622 622 622 622 622 622 622 622 622 622 622 622 622 655 655 656 656 656 656 587 587 587 587 587 587 587 587 587 587 588 588 588 588 588 588 589 589 619 619 619 619 620 620 620 620 620 620 620 620 621 621 621 621 621 621 621 621 621 622 623 624 625 625 626 627 627 628 629 629 630 630 631 631 632
673 673 674 674 674 675 675 675 676 676 676 677 622 622 622 622 622 622 622 622 622 622 622 622 622 622 622 622 622 622 622 622 622 622 622 656 656 657 587 587 587 587 587 587 587 587 588 588 588 588 588 589 589 589 589 589 589 620 620 620 620 620 620 620 621 621 621 621 621 621 621 621 622 622 622 622 622 622 623 623 624 625 625 626 628 628 629 630 630 631 631 632 632 633
674 674 674 675 675 675 676 676 676 677 677 622 622 622 622 622 622 622 622 622 622 622 622 622 622 622 622 622 622 622 622 622 622 622 623 623 623 564 587 587 587 587 587 588 588 588 588 588 589 589 589 589 589 590 590 590 590 590 620 621 621 621 621 621 621 621 622 622 622 622 622 622 622 622 622 623 623 623 623 624 625 626 626 627 628 628 629 629 630 631 632 633 633 634
674 675 675 675 676 676 676 677 677 677 622 622 622 622 622 622 622 622 622 622 622 622 622 622 622 622 622 622 622 622 622 622 623 623 623 623 564 564 564 564 588 588 588 588 588 589 589 589 589 589 590 590 590 590 590 591 591 591 621 621 621 621 622 622 622 622 622 622 622 623 623 623 623 623 623 623 623 623 623 625 626 627 627 628 629 629 630 630 631 632 632 633 633 634
675 675 676 676 676 677 677 677 678 678 622 622 622 622 622 622 622 622 622 622 622 622 622 622 622 622 622 622 622 623 623 623 623 624 624 564 564 564 564 564 564 564 589 589 589 589 590 590 590 590 590 590 591 591 591 591 591 592 592 622 622 622 622 622 623 623 623 623 623 623 623 623 624 624 624 624 624 624 624 625 626 627 627 628 630 630 631 631 632 633 633 634 634 635
675 676 676 676 677 677 677 678 678 622 622 622 622 622 622 622 622 622 622 622 622 622 622 622 622 622 622 623 623 623 623 624 624 624 564 564 564 564 564 564 564 564 564 564 590 590 590 590 591 591 591 591 591 591 592 592 592 592 592 592 623 623 623 623 623 623 623 624 624 624 624 624 624 624 624 625 625 625 625 626 627 628 628 629 630 630 631 631 632 633 634 635 635 636
676 676 677 677 677 678 678 678 622 622 622 622 622 622 622 622 622 622 622 622 622 622 622 622 622 623 623 623 624 624 624 624 625 625 564 564 564 564 564 564 564 564 564 564 564 564 564 591 591 591 592 592 592 592 592 592 593 593 593 593 623 623 624 624 624 624 624 624 624 625 625 625 625 625 625 625 625 625 625 627 628 629 629 630 631 631 632 632 633 634 634 635 635 636
677 677 677 678 678 678 679 622 622 622 622 622 622 622 622 622 622 622 622 622 622 622 623 623 623 623 624 624 624 624 625 625 625 564 564 564 564 564 564 564 564 564 564 564 564 564 564 564 564 592 592 592 593 593 593 593 593 593 594 594 594 624 624 624 625 625 625 625 625 625 625 625 626 626 626 626 626 626 626 627 628 629 629 630 632 632 633 633 634 635 635 636 636 637
677 678 678 678 679 679 622 622 622 622 622 622 622 622 622 622 622 622 622 622 623 623 623 623 624 624 624 625 625 625 625 626 564 564 564 564 564 564 564 564 564 564 564 564 564 564 564 564 564 564 564 593 593 593 594 594 594 594 594 594 595 625 625 625 625 625 625 626 626 626 626 626 626 626 626 626 627 627 627 628 629 629 630 631 631 632 633 633 634 635 636 637 637 638
678 678 678 679 679 622 622 622 622 622 622 622 622 622 622 622 622 622 623 623 623 623 624 624 624 625 625 625 625 626 626 564 564 564 564 564 564 564 564 564 564 564 564 564 564 564 564 564 564 564 564 564 564 564 594 594 595 595 595 595 595 595 626 626 626 626 626 626 626 626 627 627 627 627 627 627 627 627 627 629 630 630 631 632 632 633 634 634 635 636 636 637 637 638
678 679 679 679 622 622 622 622 622 622 622 622 622 622 622 622 623 623 623 623 624 624 624 625 625 625 625 626 626 626 564 564 564 564 564 564 564 564 564 564 564 564 564 564 564 564 564 564 564 564 564 564 564 564 564 564 595 595 596 596 596 596 596 626 626 627 627 627 627 627 627 627 628 628 628 628 628 628 628 629 630 630 631 632 633 634 635 635 636 636 637 638 638 639
679 679 680 622 622 622 622 622 622 622 622 622 622 622 623 623 623 623 624 624 624 625 625 625 626 626 626 626 627 564 564 564 564 564 564 564 564 564 564 564 564 564 564 564 564 564 564 564 564 564 564 564 564 564 564 564 564 564 564 596 597 597 597 627 627 627 627 628 628 628 628 628 628 628 628 628 629 629 629 630 631 631 632 633 633 634 635 635 636 636 638 639 639 640
679 680 680 622 622 622 622 622 622 622 622 622 622 623 623 623 624 624 624 625 625 625 626 626 626 626 627 627 564 564 564 564 564 564 564 564 564 564 564 564 564 564 564 564 564 564 564 564 564 564 564 564 564 564 564 564 564 564 564 564 564 597 598 598 628 628 628 628 628 628 629 629 629 629 629 629 629 629 629 631 632 632 633 634 634 635 636 636 637 637 638 639 639 640
680 680 622 622 622 622 622 622 622 622 622 623 623 623 624 624 624 625 625 625 626 626 626 626 627 627 627 564 564 564 564 564 564 564 564 564 564 564 564 564 564 564 564 564 564 564 564 564 564 564 564 564 564 564 564 564 564 564 564 564 564 564 564 564 628 629 629 629 629 629 629 629 629 630 630 630 630 630 630 631 632 632 633 634 635 636 637 637 638 638 639 640 640 641
681 622 622 622 622 622 622 622 622 623 623 623 624 624 624 625 625 625 626 626 626 626 627 627 627 628 564 564 564 564 564 564 564 564 564 564 564 564 564 564 564 564 564 564 564 564 564 564 564 564 564 564 564 564 564 564 564 564 564 564 564 565 565 565 565 595 629 630 630 630 630 630 630 630 630 630 631 631 631 632 633 633 634 635 635 636 637 637 638 638 640 640 641 642
622 622 622 622 622 622 622 623 623 623 624 624 624 625 625 625 626 626 626 626 627 627 627 628 628 564 564 564 564 564 564 564 564 564 564 564 564 564 564 564 564 564 564 564 564 564 564 564 564 564 564 564 564 564 564 564 564 565 565 565 565 565 565 566 566 566 596 596 596 630 631 631 631 631 631 631 631 631 631 632 634 634 635 636 636 637 637 638 639 639 640 640 641 642
622 622 622 622 622 622 623 623 623 624 624 624 625 625 625 626 626 626 627 627 627 628 628 628 629 564 564 564 564 564 564 564 564 564 564 564 564 564 564 564 564 564 564 564 564 564 564 564 564 564 564 564 564 565 565 565 565 565 565 566 566 566 566 566 566 567 597 597 597 597 597 597 631 632 632 632 632 632 632 633 633 634 635 636 637 638 638 639 640 640 641 641 642 642
622 622 622 622 623 623 623 624 624 624 625 625 625 626 626 626 627 627 627 628 628 628 629 629 564 564 564 564 564 564 564 564 564 564 564 564 564 564 564 564 564 564 564 564 564 564 564 564 564 564 565 565 565 565 565 566 566 566 566 566 566 567 567 567 567 567 567 597 598 598 598 598 598 598 632 632 633 633 633 634 634 635 636 636 637 638 638 639 640 640 642 642 643 643
622 622 623 623 623 624 624 624 625 625 625 626 626 626 627 627 627 628 628 628 629 629 629 564 564 564 564 564 564 564 564 564 564 564 564 564 564 564 564 564 564 564 564 564 564 564 564 565 565 565 565 565 566 566 566 566 566 567 567 567 567 567 567 568 568 568 568 568 598 598 599 599 599 599 599 599 599 633 633 634 635 636 637 637 638 639 639 640 641 641 642 642 643 643
622 623 623 623 624 624 625 625 625 626 626 626 627 627 627 628 628 628 629 629 629 629 564 564 564 564 564 564 564 564 564 564 564 564 564 564 564 564 564 564 564 564 564 564 565 565 565 565 565 566 566 566 566 566 567 567 567 567 567 568 568 568 568 568 568 569 569 569 599 599 599 599 599 600 600 600 600 600 600 601 635 636 637 637 639 640 640 641 641 642 643 643 644 644
623 623 624 624 624 625 625 625 626 626 626 627 627 627 628 628 628 629 629 629 630 564 564 564 564 564 564 564 564 564 564 564 564 564 564 564 564 564 564 564 564 564 565 565 565 565 566 566 566 566 567 567 567 567 567 567 568 568 568 568 568 569 569 569 569 569 569 569 570 600 600 600 600 600 600 600 601 601 601 602 602 603 604 638 639 640 640 641 641 642 644 644 645 645
624 624 624 625 625 625 626 626 626 627 627 627 628 628 628 629 629 629 630 630 564 564 564 564 564 564 564 564 564 564 564 564 564 564 564 564 564 564 564 565 565 565 565 566 566 566 566 567 567 567 567 567 568 568 568 568 568 568 569 569 569 569 569 570 570 570 570 570 570 570 600 601 601 601 601 601 601 601 601 601 603 604 605 605 606 607 641 642 642 643 644 644 645 645
624 624 625 625 626 626 626 627 627 627 628 628 628 629 629 629 630 630 630 564 564 564 564 564 564 564 564 564 564 564 564 564 564 564 564 564 564 565 565 565 565 566 566 566 566 567 567 567 567 568 568 568 568 568 569 569 569 569 569 569 570 570 570 570 570 570 571 571 571 571 601 601 601 602 602 602 602 602 602 602 603 604 604 605 607 607 608 609 609 644 644 645 646 646
625 625 625 626 626 626 627 627 627 628 628 629 629 629 630 630 630 631 564 564 564 564 564 564 564 564 564 564 564 564 564 564 564 564 565 565 565 565 566 566 566 566 567 567 567 567 568 568 568 568 568 569 569 569 569 569 570 570 570 570 570 570 571 571 571 571 571 571 572 572 572 602 602 602 602 602 602 603 603 603 604 605 605 606 607 607 608 609 609 610 611 612 647 647
625 626 626 626 627 627 627 628 628 628 629 629 629 630 630 630 631 564 564 564 564 564 564 564 564 564 564 564 564 564 564 564 565 565 565 565 566 566 566 566 567 567 567 567 568 568 568 568 569 569 569 569 569 570 570 570 570 570 571 571 571 571 571 571 572 572 572 572 572 572 572 573 603 603 603 603 603 603 603 603 605 606 606 607 608 608 609 610 610 611 611 612 612 613
626 626 626 627 627 628 628 628 629 629 629 630 630 630 631 631 564 564 564 564 564 564 564 564 564 564 564 564 564 564 565 565 565 566 566 566 566 567 567 567 567 568 568 568 568 569 569 569 569 569 570 570 570 570 570 571 571 571 571 571 572 572 572 572 572 572 573 573 573 573 573 573 573 603 604 604 604 604 604 604 605 606 606 607 609 609 610 610 611 612 612 613 613 614
626 627 627 627 628 628 628 629 629 630 630 630 631 631 631 564 564 564 564 564 564 564 564 564 564 564 564 564 565 565 565 566 566 566 566 567 567 567 567 568 568 568 568 569 569 569 569 570 570 570 570 571 571 571 571 571 572 572 572 572 572 572 573 573 573 573 573 573 573 574 574 574 574 604 604 604 604 605 605 605 606 607 607 608 609 609 610 610 611 612 612 614 614 615
627 627 628 628 628 629 629 629 630 630 630 631 631 632 564 564 564 564 564 564 564 564 564 564 564 564 565 565 565 566 566 566 566 567 567 567 568 568 568 568 569 569 569 569 570 570 570 570 571 571 571 571 571 572 572 572 572 572 573 573 573 573 573 573 574 574 574 574 574 574 574 575 575 575 605 605 605 605 605 605 607 607 608 609 609 610 611 611 612 613 613 614 614 615
627 628 628 629 629 629 630 630 630 631 631 631 632 564 564 564 564 564 564 564 564 564 564 564 565 565 565 566 566 566 566 567 567 567 568 568 568 568 569 569 569 569 570 570 570 570 571 571 571 571 572 572 572 572 572 573 573 573 573 573 574 574 574 574 574 574 575 575 575 575 575 575 575 575 576 606 606 606 606 606 607 607 608 609 609 611 612 612 613 613 614 615 615 616
628 628 629 629 629 630 630 631 631 631 632 632 564 564 564 564 564 564 564 564 564 564 565 565 565 566 566 566 566 567 567 567 568 568 568 569 569 569 569 570 570 570 570 571 571 571 571 572 572 572 572 572 573 573 573 573 573 574 574 574 574 574 575 575 575 575 575 575 575 576 576 576 576 576 576 576 606 607 607 607 608 608 609 610 610 611 612 612 613 613 614 616 616 617
628 629 629 630 630 630 631 631 631 632 632 564 564 564 564 564 564 564 564 564 565 565 565 566 566 566 566 567 567 567 568 568 568 569 569 569 569 570 570 570 570 571 571 571 571 572 572 572 572 573 573 573 573 573 574 574 574 574 574 575 575 575 575 575 575 576 576 576 576 576 576 577 577 577 577 577 607 607 607 607 608 609 610 611 611 612 612 613 614 614 615 615 616 617
629 629 630 630 631 631 631 632 632 632 564 564 564 564 564 564 564 564 565 565 565 565 566 566 566 567 567 567 568 568 568 569 569 569 569 570 570 570 571 571 571 571 572 572 572 572 573 573 573 573 573 574 574 574 574 575 575 575 575 575 575 576 576 576 576 576 576 577 577 577 577 577 577 577 578 578 578 608 608 608 608 609 610 610 611 613 613 614 615 615 616 616 617 617
630 630 630 631 631 631 632 632 633 564 564 564 564 564 564 564 564 565 565 565 566 566 566 567 567 567 568 568 568 569 569 569 569 570 570 570 571 571 571 571 572 572 572 572 573 573 573 573 574 574 574 574 575 575 575 575 575 576 576 576 576 576 576 577 577 577 577 577 577 578 578 578 578 578 578 578 578 579 609 609 609 610 611 611 612 613 613 614 615 615 616 617 618 618
630 630 631 631 632 632 632 564 564 564 564 564 564 564 564 565 565 565 566 566 566 567 567 567 568 568 568 569 569 569 569 570 570 570 571 571 571 571 572 572 572 573 573 573 573 574 574 574 574 574 575 575 575 575 576 576 576 576 576 577 577 577 577 577 577 578 578 578 578 578 578 578 579 579 579 579 579 579 579 609 609 611 612 612 613 614 614 615 615 616 617 617 618 618
