testData/tiles/oneDegreeCosts/grid40.0-15.0-41.0-16.0.asc
ncols   200
nrows   200
xllcorner   40.0
yllcorner   15.0
cellsize   0.005
NODATA_value   -9999.0
[rows 126 to 167 of 200, columns 0 to 93 of 200]
319 319 319 319 318 318 318 318 318 318 317 317 317 317 317 317 316 316 316 316 316 316 315 315 315 315 315 276 276 276 276 276 276 276 276 276 276 276 276 276 276 276 276 276 276 276 276 276 276 276 276 276 276 276 276 276 276 276 276 276 276 276 276 276 276 276 276 276 276 276 276 276 276 276 276 276 276 276 276 276 276 276 276 276 276 276 276 276 276 276 276 276 276 276
319 319 319 318 318 318 318 318 318 317 317 317 317 317 317 316 316 316 316 316 316 315 315 315 315 315 315 314 314 276 276 276 276 276 276 276 276 276 276 276 276 276 276 276 276 276 276 276 276 276 276 276 276 276 276 276 276 276 276 276 276 276 276 276 276 276 276 276 276 276 276 276 276 276 276 276 276 276 276 276 276 276 276 276 276 276 276 276 276 276 276 276 276 276
319 319 319 318 318 318 318 318 318 317 317 317 317 317 317 316 316 316 316 316 316 315 315 315 315 315 315 314 314 314 314 314 276 276 276 276 276 276 276 276 276 276 276 276 276 276 276 276 276 276 276 276 276 276 276 276 276 276 276 276 276 276 276 276 276 276 276 276 276 276 276 276 276 276 276 276 276 276 276 276 276 276 276 276 276 276 276 276 276 276 276 276 276 276
319 319 318 318 318 318 318 318 317 317 317 317 317 317 316 316 316 316 316 316 315 315 315 315 315 315 314 314 314 314 314 314 313 313 276 276 276 276 276 276 276 276 276 276 276 276 276 276 276 276 276 276 276 276 276 276 276 276 276 276 276 276 276 276 276 276 276 276 276 276 276 276 276 276 276 276 276 276 276 276 276 276 276 276 276 276 276 276 276 276 276 276 276 276
319 318 318 318 318 318 318 318 317 317 317 317 317 317 316 316 316 316 316 316 315 315 315 315 315 315 314 314 314 314 314 314 313 313 313 313 313 276 276 276 276 276 276 276 276 276 276 276 276 276 276 276 276 276 276 276 276 276 276 276 276 276 276 276 276 276 276 276 276 276 276 276 276 276 276 276 276 276 276 276 276 276 276 276 276 276 276 276 276 276 276 276 276 276
319 318 318 318 318 318 318 317 317 317 317 317 317 316 316 316 316 316 316 315 315 315 315 315 315 314 314 314 314 314 314 313 313 313 313 313 313 312 312 276 276 276 276 276 276 276 276 276 276 276 276 276 276 276 276 276 276 276 276 276 276 276 276 276 276 276 276 276 276 276 276 276 276 276 276 276 276 276 276 276 276 276 276 276 276 276 276 276 276 276 276 276 276 276
318 318 318 318 318 318 317 317 317 317 317 317 317 316 316 316 316 316 316 315 315 315 315 315 315 314 314 314 314 314 314 313 313 313 313 313 313 312 312 312 312 276 276 276 276 276 276 276 276 276 276 276 276 276 276 276 276 276 276 276 276 276 276 276 276 276 276 276 276 276 276 276 276 276 276 276 276 276 276 276 276 276 276 276 276 276 276 276 276 276 276 276 276 276
318 318 318 318 318 318 317 317 317 317 317 317 316 316 316 316 316 316 315 315 315 315 315 315 314 314 314 314 314 314 313 313 313 313 313 313 312 312 312 312 312 312 311 311 276 276 276 276 276 276 276 276 276 276 276 276 276 276 276 276 276 276 276 276 276 276 276 276 276 276 276 276 276 276 276 276 276 276 276 276 276 276 276 276 276 276 276 276 276 276 276 276 276 276
318 318 318 318 318 317 317 317 317 317 317 316 316 316 316 316 316 316 315 315 315 315 315 315 314 314 314 314 314 314 313 313 313 313 313 313 312 312 312 312 312 312 311 311 311 311 276 276 276 276 276 276 276 276 276 276 276 276 276 276 276 276 276 276 276 276 276 276 276 276 276 276 276 276 276 276 276 276 276 276 276 276 276 276 276 276 276 276 276 276 276 276 276 276
318 318 318 318 318 317 317 317 317 317 317 316 316 316 316 316 316 315 315 315 315 315 315 314 314 314 314 314 314 313 313 313 313 313 313 312 312 312 312 312 312 311 311 311 311 311 311 310 276 276 276 276 276 276 276 276 276 276 276 276 276 276 276 276 276 276 276 276 276 276 276 276 276 276 276 276 276 276 276 276 276 276 276 276 276 276 276 276 276 276 276 276 276 276
318 318 318 318 317 317 317 317 317 317 316 316 316 316 316 316 315 315 315 315 315 315 315 314 314 314 314 314 314 313 313 313 313 313 313 312 312 312 312 312 312 311 311 311 311 311 311 310 310 310 276 276 276 276 276 276 276 276 276 276 276 276 276 276 276 276 276 276 276 276 276 276 276 276 276 276 276 276 276 276 276 276 276 276 276 276 276 276 276 276 276 276 276 276
319 319 319 319 317 317 317 317 317 317 316 316 316 316 316 316 315 315 315 315 315 315 314 314 314 314 314 314 313 313 313 313 313 313 312 312 312 312 312 312 311 311 311 311 311 311 310 310 310 310 310 310 276 276 276 276 276 276 276 276 276 276 276 276 276 276 276 276 276 276 276 276 276 276 276 276 276 276 276 276 276 276 276 276 276 276 276 276 276 276 276 276 276 276
320 320 319 318 318 318 318 318 317 316 316 316 316 316 316 315 315 315 315 315 315 315 314 314 314 314 314 314 313 313 313 313 313 313 312 312 312 312 312 312 311 311 311 311 311 311 310 310 310 310 310 310 309 309 309 276 276 276 276 276 276 276 276 276 276 276 276 276 276 276 276 276 276 276 276 276 276 276 276 276 276 276 276 276 276 276 276 276 276 276 276 276 276 276
320 320 319 319 319 319 318 318 318 317 317 316 316 316 316 315 315 315 315 315 315 314 314 314 314 314 314 313 313 313 313 313 313 312 312 312 312 312 312 311 311 311 311 311 311 310 310 310 310 310 310 309 309 309 309 309 309 276 276 276 276 276 276 276 276 276 276 276 276 276 276 276 276 276 276 276 276 276 276 276 276 276 276 276 276 276 276 276 276 276 276 276 276 276
321 321 320 320 319 319 319 319 318 317 317 317 317 317 315 315 315 315 315 315 314 314 314 314 314 314 314 313 313 313 313 313 313 312 312 312 312 312 312 311 311 311 311 311 311 310 310 310 310 310 310 309 309 309 309 309 309 308 308 276 276 276 276 276 276 276 276 276 276 276 276 276 276 276 276 276 276 276 276 276 276 276 276 276 276 276 276 276 276 276 276 276 276 276
322 321 320 320 320 320 320 320 318 318 318 318 317 317 316 316 315 315 315 315 314 314 314 314 314 314 313 313 313 313 313 313 312 312 312 312 312 312 311 311 311 311 311 311 310 310 310 310 310 310 309 309 309 309 309 309 308 308 308 308 308 276 276 276 276 276 276 276 276 276 276 276 276 276 276 276 276 276 276 276 276 276 276 276 276 276 276 276 276 276 276 276 276 276
322 321 321 321 321 321 320 319 319 319 319 318 318 317 317 316 316 316 316 314 314 314 314 314 314 313 313 313 313 313 313 313 312 312 312 312 312 312 311 311 311 311 311 311 310 310 310 310 310 310 309 309 309 309 309 309 308 308 308 308 308 308 307 276 276 276 276 276 276 276 276 276 276 276 276 276 276 276 276 276 276 276 276 276 276 276 276 276 276 276 276 276 276 276
322 322 322 322 321 321 320 320 320 319 319 319 319 317 317 317 317 316 316 315 315 314 314 314 314 313 313 313 313 313 313 312 312 312 312 312 312 311 311 311 311 311 311 310 310 310 310 310 310 309 309 309 309 309 309 308 308 308 308 308 308 307 307 307 307 276 276 276 276 276 276 276 276 276 276 276 276 276 276 276 276 276 276 276 276 276 276 276 276 276 276 276 276 276
323 323 322 322 322 322 321 320 320 320 320 320 318 318 318 318 317 317 316 315 315 315 315 314 313 313 313 313 313 313 312 312 312 312 312 312 312 311 311 311 311 311 311 310 310 310 310 310 310 309 309 309 309 309 309 308 308 308 308 308 308 307 307 307 307 307 307 276 276 276 276 276 276 276 276 276 276 276 276 276 276 276 276 276 276 276 276 276 276 276 276 276 276 276
323 323 323 323 323 322 321 321 321 321 320 319 319 319 318 318 318 318 316 316 316 315 315 315 313 313 313 313 313 313 312 312 312 312 312 312 311 311 311 311 311 311 310 310 310 310 310 310 309 309 309 309 309 309 308 308 308 308 308 308 307 307 307 307 307 307 306 306 323 276 276 276 276 276 276 276 276 276 276 276 276 276 276 276 276 276 276 276 276 276 276 276 276 276
324 324 324 324 322 322 322 322 322 321 321 320 320 319 319 319 319 317 317 317 316 316 316 314 314 314 313 313 313 312 312 312 312 312 312 311 311 311 311 311 311 311 310 310 310 310 310 310 309 309 309 309 309 309 308 308 308 308 308 308 307 307 307 307 307 307 306 306 323 348 348 276 276 276 276 276 276 276 276 276 276 276 276 276 276 276 276 276 276 276 276 276 276 276
325 325 324 324 323 323 323 322 322 322 321 320 320 320 320 319 318 318 318 317 317 317 316 315 315 314 314 314 313 312 312 312 312 312 312 311 311 311 311 311 311 310 310 310 310 310 310 309 309 309 309 309 309 308 308 308 308 308 308 307 307 307 307 307 307 331 331 331 331 348 348 347 347 276 276 276 276 276 276 276 276 276 276 276 276 276 276 276 276 276 276 276 276 276
325 325 325 324 324 323 323 323 323 323 321 321 321 321 320 320 319 318 318 318 318 317 316 316 315 315 315 314 313 312 312 312 312 312 311 311 311 311 311 311 311 310 310 310 310 310 310 309 309 309 309 309 309 308 308 308 308 308 308 307 307 332 332 332 332 331 331 331 331 331 348 347 347 347 276 276 276 276 276 276 276 276 276 276 276 276 276 276 276 276 276 276 276 276
326 326 326 324 324 324 324 324 323 322 322 322 321 321 321 320 319 319 319 318 318 317 316 316 316 315 315 315 313 313 313 312 312 312 311 311 311 311 311 311 310 310 310 310 310 310 309 309 309 309 309 309 308 308 308 308 308 308 332 332 332 332 332 332 331 331 331 331 331 331 331 347 347 347 347 347 276 276 276 276 276 276 276 276 276 276 276 276 276 276 276 276 276 276
327 326 325 325 325 325 325 324 323 323 323 322 322 322 322 320 320 320 319 319 319 317 317 317 471 316 316 314 314 314 313 313 312 311 311 311 311 311 311 310 310 310 310 310 310 310 309 309 309 309 309 309 308 308 308 333 333 333 332 332 332 332 332 332 331 331 331 331 331 331 331 347 347 347 347 347 346 346 276 276 276 276 276 276 276 276 276 276 276 276 276 276 276 276
327 326 326 326 326 325 325 325 324 323 323 323 323 322 321 321 321 320 320 320 318 318 473 472 472 472 471 315 314 314 314 313 313 312 311 311 311 311 311 310 310 310 310 310 310 309 309 309 309 309 309 309 333 333 333 333 333 332 332 332 332 332 332 331 331 331 331 331 331 331 331 331 347 347 347 346 346 346 346 346 276 276 276 276 276 276 276 276 276 276 276 276 276 276
328 327 327 326 326 326 326 325 324 324 324 324 323 322 322 321 321 321 321 320 319 474 473 473 473 472 471 470 315 315 314 314 312 312 312 311 311 311 310 310 310 310 310 310 309 309 309 309 309 334 334 333 333 333 333 333 333 332 332 332 332 332 332 331 331 331 331 331 331 331 331 331 331 347 347 346 346 346 346 346 346 345 276 276 276 276 276 276 276 276 276 276 276 276
328 327 327 327 327 327 325 325 325 325 324 324 324 323 322 322 322 321 321 320 475 474 474 473 473 472 471 471 471 315 315 314 313 313 312 312 311 311 310 310 310 310 310 310 309 309 334 334 334 334 333 333 333 333 333 333 332 332 332 332 332 332 331 331 331 331 331 331 331 331 331 331 331 347 346 346 346 346 346 346 345 345 345 345 276 276 276 276 276 276 276 276 276 276
328 328 328 328 328 327 326 326 326 325 325 325 324 323 323 323 322 322 321 475 475 475 474 474 474 472 472 472 471 471 315 314 314 313 313 312 312 310 310 310 310 310 310 334 334 334 334 334 334 333 333 333 333 333 333 333 332 332 332 332 332 332 331 331 331 331 331 331 331 331 331 331 331 331 346 346 346 346 346 346 345 345 345 345 345 276 276 276 276 276 276 276 276 276
329 329 329 328 328 327 327 326 326 326 326 325 324 324 324 323 323 323 321 476 476 475 475 475 473 473 472 472 472 471 315 314 314 314 313 313 312 311 310 310 335 335 335 334 334 334 334 334 334 333 333 333 333 333 333 332 332 332 332 332 332 331 331 331 331 331 331 331 331 331 331 331 331 331 331 346 346 346 346 345 345 345 345 345 345 344 344 276 276 276 276 276 276 276
330 329 329 329 328 328 327 327 327 327 326 325 325 324 324 324 324 323 477 477 476 476 476 475 474 473 473 473 472 472 470 315 315 314 314 313 312 311 336 336 335 335 334 334 334 334 334 334 333 333 333 333 333 333 333 332 332 332 332 332 332 331 331 331 331 331 331 331 331 331 331 331 331 331 331 331 346 346 346 345 345 345 345 345 345 344 344 344 344 276 276 276 276 276
330 330 330 330 328 328 328 328 327 327 326 326 325 325 325 324 324 323 478 477 477 476 476 475 474 474 474 473 473 471 471 316 315 315 314 338 337 337 336 336 336 335 334 334 334 334 334 334 333 333 333 333 333 333 332 332 332 332 332 332 331 331 331 331 331 331 331 331 331 331 331 331 331 331 331 331 331 346 345 345 345 345 345 345 344 344 344 344 344 344 343 276 276 276
331 331 330 329 329 329 329 328 328 328 327 326 326 326 325 325 324 478 478 478 477 477 476 475 475 475 474 474 473 472 472 471 316 340 340 338 338 337 337 337 336 335 334 334 334 334 334 333 333 333 333 333 333 332 332 332 332 332 332 332 331 331 331 331 331 331 331 331 331 331 331 331 331 331 331 331 331 346 345 345 345 345 345 345 344 344 344 344 344 344 343 343 276 276
332 331 330 330 330 329 329 329 329 327 327 327 327 326 326 325 324 479 479 478 478 478 476 476 475 475 475 474 473 472 497 497 341 341 339 339 338 338 337 337 337 335 335 334 334 334 334 333 333 333 333 333 333 332 332 332 332 332 332 331 331 331 331 331 331 331 331 331 331 331 331 331 331 331 331 331 331 331 345 345 345 345 345 344 344 344 344 344 344 343 343 343 343 343
332 332 331 331 330 330 330 330 328 328 328 328 327 327 327 325 480 480 479 479 479 477 477 476 476 476 475 474 498 498 498 497 497 341 340 339 339 338 338 337 336 336 335 335 334 334 333 333 333 333 333 333 332 332 332 332 332 332 331 331 331 331 331 331 331 331 331 331 331 331 331 331 331 331 331 331 331 331 331 345 345 345 345 344 344 344 344 344 344 343 343 343 343 343
333 332 331 331 331 331 330 330 329 329 328 328 328 328 326 326 481 480 480 479 478 478 477 477 477 501 501 499 499 499 498 498 497 341 340 340 339 339 338 337 336 336 336 335 335 334 333 333 333 333 333 333 332 332 332 332 332 332 331 331 331 331 331 331 331 331 331 331 331 331 331 331 331 331 331 331 331 331 331 331 345 345 344 344 344 344 344 344 343 343 343 343 343 343
332 332 332 332 332 331 331 330 330 329 329 329 328 327 327 481 481 481 480 480 479 478 478 503 502 502 500 500 499 499 499 498 497 496 341 340 340 339 339 337 337 336 336 335 335 333 333 333 333 333 333 332 332 332 332 332 332 331 331 331 331 331 331 331 331 331 331 331 331 331 331 331 331 331 331 331 331 331 331 331 345 345 344 344 344 344 344 344 343 343 343 343 343 343
333 333 333 332 332 332 331 330 330 330 330 329 329 328 327 482 482 481 481 480 479 504 503 503 503 502 501 500 500 500 499 499 497 497 341 341 340 340 338 338 337 337 336 336 334 334 333 333 333 333 333 332 332 332 332 332 332 331 331 331 331 331 331 331 331 331 331 331 331 331 331 331 331 331 331 331 331 331 331 331 331 344 344 344 344 344 344 343 343 343 343 343 343 342
334 334 333 333 333 332 331 331 331 331 330 330 329 328 328 483 482 482 481 505 505 504 504 504 503 502 501 501 501 500 500 498 498 497 342 341 341 340 339 338 338 337 337 336 335 334 334 333 333 333 332 332 332 332 332 332 331 331 331 331 331 331 331 331 331 331 331 331 331 331 331 331 331 331 331 331 331 331 331 331 331 331 344 344 344 344 344 343 343 343 343 343 343 342
334 334 334 334 334 332 332 332 331 331 331 330 329 329 484 483 483 507 506 506 505 505 505 504 503 502 502 501 501 501 500 499 498 498 497 342 341 340 339 339 338 338 337 336 335 335 334 334 333 332 332 332 332 332 332 332 331 331 331 331 331 331 331 331 331 331 331 331 331 331 331 331 331 331 331 331 331 331 331 331 331 331 331 344 344 344 343 343 343 343 343 343 342 342
335 335 335 334 333 333 333 332 332 332 331 330 330 329 484 509 508 507 507 506 506 505 505 505 503 503 502 502 502 501 500 499 499 498 498 342 341 340 340 339 339 338 338 336 336 335 335 334 334 332 332 332 332 332 332 331 331 331 331 331 331 331 331 331 331 331 331 331 331 331 331 331 331 331 331 331 331 331 331 331 331 331 331 331 344 344 343 343 343 343 343 343 342 342
336 335 335 334 334 334 333 333 333 332 331 331 355 355 510 509 508 508 507 507 506 506 506 504 504 503 503 502 502 501 500 500 499 499 498 343 341 341 340 340 339 339 337 337 336 336 335 335 333 333 332 332 332 332 331 331 331 331 331 331 331 331 331 331 331 331 331 331 331 331 331 331 331 331 331 331 331 331 331 331 331 331 331 331 344 343 343 343 343 343 343 342 342 342
