testData/tiles/oneDegreeCosts/grid37.0-9.0-38.0-10.0.asc
ncols   200
nrows   200
xllcorner   37.0
yllcorner   9.0
cellsize   0.005
NODATA_value   -9999.0
[rows 0 to 41 of 200, columns 94 to 187 of 200]
631 630 630 631 630 630 630 630 630 629 630 629 628 628 629 628 628 628 628 628 627 628 628 628 629 629 629 629 630 630 630 630 630 630 630 631 631 631 631 632 632 632 633 634 634 633 633 634 634 599 599 600 600 607 612 617 620 621 623 625 628 630 631 632 634 635 637 637 638 639 640 641 642 642 643 645 819 819 820 820 821 821 821 821 821 821 821 822 822 822 823 820 820 820
630 630 629 630 630 629 629 630 629 629 629 629 629 628 628 628 627 628 627 627 627 628 628 628 628 629 629 629 630 630 630 630 631 630 630 630 631 631 631 631 632 632 632 632 634 634 634 634 634 599 599 599 600 607 612 616 620 622 623 625 627 630 631 632 634 635 636 638 638 639 640 641 642 643 643 644 645 645 819 819 820 820 821 821 822 821 821 822 822 821 821 821 820 820
629 629 629 628 629 629 628 629 629 628 628 628 628 628 628 628 627 627 627 627 627 628 628 628 628 629 629 629 629 630 630 630 630 631 630 630 631 631 631 631 632 632 632 632 633 633 633 634 599 599 599 599 599 607 612 616 619 622 624 625 627 629 630 632 634 635 636 637 638 639 640 641 642 643 643 644 645 645 645 819 820 820 821 821 822 822 820 821 820 820 821 821 821 820
629 628 628 628 628 628 628 628 628 627 627 628 627 627 627 627 627 627 628 627 627 627 628 628 628 628 629 629 629 630 630 630 630 631 631 631 631 631 631 631 631 632 632 632 632 633 633 633 598 599 599 599 599 606 612 616 619 621 624 626 627 629 630 632 634 635 636 637 638 639 639 640 642 643 643 644 645 645 646 645 646 820 821 821 821 820 820 820 820 820 821 821 821 820
627 627 627 627 627 627 627 626 627 627 626 627 626 626 626 627 627 627 627 628 628 627 628 628 628 628 629 629 629 629 630 630 630 630 631 631 631 632 631 631 631 632 632 632 632 632 633 598 598 598 599 599 599 606 612 616 619 621 623 625 628 630 630 632 633 634 636 637 638 639 640 640 641 642 642 643 644 644 645 645 645 645 819 819 820 820 820 821 820 820 821 820 820 820
626 627 626 626 627 626 626 625 626 626 625 625 626 626 626 627 627 627 627 628 628 628 628 628 628 628 629 629 629 629 630 630 630 630 631 631 631 631 632 631 631 631 632 632 632 632 633 598 598 598 598 599 599 605 610 614 618 621 623 625 627 630 631 632 633 634 635 636 638 639 640 641 641 642 642 643 643 643 644 644 645 645 645 645 820 820 821 821 820 820 820 820 820 820
626 627 625 625 625 625 625 624 625 625 625 625 626 626 626 626 627 627 627 628 628 628 628 629 629 628 628 629 629 629 629 630 630 630 630 631 631 631 631 632 632 631 631 632 632 632 597 598 598 598 598 598 599 605 610 614 617 620 622 624 626 628 630 632 632 633 634 635 636 637 638 640 641 641 641 642 643 643 644 644 645 645 645 645 646 820 820 820 820 820 820 820 820 820
625 625 625 625 625 624 624 624 624 625 625 625 626 626 626 626 627 627 627 627 628 628 628 628 629 629 629 629 629 629 629 630 630 630 630 631 631 631 631 632 632 632 632 632 632 632 597 597 598 598 598 598 598 606 612 614 617 619 622 624 626 628 629 631 633 633 634 635 636 637 638 639 640 641 641 642 643 643 644 644 645 645 645 645 645 645 646 820 820 820 820 820 820 819
624 623 624 624 624 624 625 625 624 625 625 625 625 626 626 626 626 627 627 627 628 628 628 628 629 629 629 629 630 629 629 629 630 630 630 630 631 631 631 631 632 632 632 632 632 597 597 597 597 598 598 598 598 606 612 615 617 619 622 624 626 628 629 631 632 633 634 635 636 637 638 639 640 641 641 641 642 642 643 643 644 644 645 645 645 645 646 646 820 820 821 819 819 819
623 623 624 624 624 624 625 625 625 625 626 625 625 626 626 626 626 627 627 627 627 628 628 628 628 629 629 629 629 630 630 629 629 630 630 630 630 631 631 631 631 632 632 632 632 597 597 597 597 597 598 598 598 606 611 615 618 619 622 623 625 628 629 631 632 633 634 634 635 637 638 639 640 641 641 642 642 642 643 643 644 645 645 645 645 645 646 646 645 645 820 820 819 819
623 623 623 624 624 624 625 625 625 625 626 626 626 626 626 626 626 626 627 627 627 628 628 628 628 629 629 629 629 630 630 630 630 630 630 630 630 631 631 631 631 631 632 632 597 597 598 597 597 597 597 598 598 606 611 614 618 620 622 623 625 627 628 631 632 633 634 635 635 636 637 638 639 641 641 642 643 642 643 644 644 645 645 645 645 645 645 645 645 646 646 820 820 819
623 623 623 624 624 624 624 625 625 625 625 626 626 626 627 627 626 626 627 627 627 627 628 628 628 628 629 629 629 629 630 630 630 630 631 630 630 630 631 631 631 631 632 632 597 597 597 598 597 597 597 597 598 606 611 614 617 619 623 625 625 627 628 630 631 633 634 635 636 636 637 638 639 640 640 641 642 642 642 643 643 644 644 644 645 645 645 645 645 646 646 646 645 819
623 623 623 623 624 624 624 625 625 625 625 626 626 626 626 627 627 627 627 627 627 627 628 628 628 628 629 629 629 629 630 630 630 630 630 631 630 630 630 631 631 631 631 597 597 597 597 597 598 598 597 597 597 606 611 614 617 620 622 625 626 627 628 630 631 632 633 635 636 637 638 638 639 640 640 641 642 642 643 643 643 644 644 644 645 645 646 645 645 646 645 645 645 645
623 623 623 623 624 624 624 624 625 625 625 626 626 626 626 627 627 627 627 628 628 627 627 628 628 628 628 629 629 629 629 630 630 630 630 631 631 631 630 630 631 631 631 596 597 597 597 597 597 598 598 597 597 605 610 614 617 620 622 624 625 628 628 630 631 632 633 634 635 636 638 639 639 640 640 641 642 642 643 644 643 644 644 644 645 645 646 645 645 645 645 645 645 645
622 623 623 623 624 624 624 624 625 625 625 625 626 626 626 626 627 627 627 627 628 628 628 628 628 628 628 628 629 629 629 629 630 630 630 630 631 631 631 630 630 631 596 596 596 597 597 597 597 597 598 598 597 605 610 613 617 620 622 624 625 627 628 630 631 632 633 634 635 636 637 638 639 639 639 640 641 641 642 643 643 643 643 643 644 644 645 645 645 645 645 645 645 645
622 623 623 623 623 624 624 624 624 625 625 625 626 626 626 626 627 627 627 627 628 628 628 628 629 628 628 628 629 629 629 629 629 630 630 630 630 631 631 631 631 631 596 596 596 596 597 597 597 597 597 597 598 605 610 613 616 619 622 624 625 627 628 630 630 632 633 634 635 636 637 638 639 640 639 640 641 641 642 643 643 644 643 644 644 644 645 645 645 646 645 645 644 644
623 623 624 624 623 624 624 624 624 625 625 625 625 626 626 626 626 627 627 627 627 628 628 628 628 629 629 628 628 629 629 629 629 630 630 630 630 630 631 631 631 596 596 596 596 596 596 597 597 597 597 597 597 606 611 613 616 619 621 624 625 627 628 630 631 631 632 634 636 636 637 638 639 640 641 640 641 641 642 643 643 644 644 644 644 644 645 645 645 645 645 644 644 644
623 623 624 624 624 624 625 624 624 624 625 625 625 625 626 626 626 626 627 627 627 627 628 628 628 628 629 629 629 629 629 629 629 629 630 630 630 630 630 631 596 596 596 597 596 596 596 596 596 597 597 597 597 605 611 615 616 619 621 623 624 627 628 630 631 632 632 634 635 635 636 637 638 640 641 641 641 641 642 643 643 644 644 645 644 644 644 644 644 645 645 644 644 644
623 623 623 624 624 624 625 625 625 625 625 625 625 625 626 626 626 626 627 627 627 627 628 628 628 628 629 629 629 629 629 629 629 629 629 630 630 630 630 630 596 596 596 596 596 596 596 596 596 596 597 597 597 605 610 614 617 619 621 623 624 626 627 629 631 632 633 634 635 635 636 637 638 639 640 640 640 640 641 642 642 643 643 644 644 644 644 644 644 645 645 645 644 644
623 623 623 624 624 624 624 625 625 625 625 626 625 625 625 626 626 626 626 627 627 627 627 628 628 628 628 629 629 629 629 630 629 629 629 629 630 630 630 595 595 596 596 596 596 596 596 596 596 596 596 597 597 605 610 614 616 619 621 623 624 626 628 629 630 631 632 635 635 636 636 637 638 639 640 640 641 641 641 642 642 643 643 644 644 644 644 644 644 645 644 644 644 644
623 623 623 623 624 624 624 625 625 625 625 626 626 626 626 626 626 626 626 627 627 627 627 627 628 628 628 628 629 629 629 629 630 630 629 629 629 630 630 595 595 595 596 596 596 596 596 597 596 596 596 596 596 606 610 614 616 619 621 622 624 626 628 629 630 631 633 634 635 635 635 637 638 639 640 640 641 642 641 642 642 643 643 644 644 644 644 644 644 644 644 644 644 645
623 623 623 623 624 624 624 624 625 625 625 625 626 626 626 626 627 626 626 626 627 627 627 627 628 628 628 628 628 629 629 629 629 630 630 629 629 629 595 595 595 595 595 596 596 596 596 596 597 596 596 596 596 605 610 614 616 619 621 623 624 625 628 629 630 631 633 634 635 636 635 636 637 638 639 639 640 641 641 641 641 642 642 643 643 643 644 644 644 644 644 644 644 645
622 623 623 623 623 624 624 624 624 625 625 625 625 626 626 626 626 627 627 626 626 627 627 627 627 628 628 628 628 629 629 629 629 629 630 630 630 629 595 595 595 595 595 595 596 596 596 596 596 596 596 596 596 605 609 613 616 619 621 623 625 626 627 628 629 631 633 634 635 636 636 636 637 638 639 639 640 641 641 642 641 642 642 643 643 643 644 644 644 644 644 644 643 644
622 623 623 623 623 624 624 624 624 625 625 625 625 626 626 626 626 627 627 627 627 627 627 627 627 627 628 628 628 628 629 629 629 629 629 630 630 595 595 595 595 595 595 595 595 596 596 596 596 596 596 596 596 605 609 613 615 618 621 623 625 626 628 628 629 630 632 633 635 636 636 637 637 638 639 639 640 641 641 642 642 642 642 643 643 643 644 644 644 643 643 643 643 644
622 622 623 623 623 623 624 624 624 624 625 625 625 625 626 626 626 626 627 627 627 627 628 627 627 627 627 628 628 628 628 629 629 629 629 629 595 595 595 595 595 595 595 595 595 595 595 596 596 596 596 596 596 605 609 613 616 618 620 622 625 626 628 629 629 630 632 633 634 635 635 636 637 637 638 639 640 641 641 642 642 643 642 642 642 642 643 643 643 644 643 643 643 644
622 622 622 623 623 623 624 624 624 624 624 625 625 625 625 626 626 626 626 627 627 627 627 628 628 627 627 627 628 628 628 628 629 629 629 629 594 595 595 595 595 595 595 595 595 595 595 595 596 596 596 596 596 605 608 613 616 618 620 622 624 625 627 629 630 630 632 633 634 635 635 636 637 638 638 638 639 640 640 641 641 642 642 642 642 642 643 643 643 644 644 643 643 644
623 623 623 623 623 623 623 624 624 624 624 625 625 625 625 626 626 626 626 626 627 627 627 627 628 628 628 627 627 628 628 628 628 629 629 594 594 594 595 595 595 595 595 595 595 595 595 595 595 595 596 596 596 605 609 612 615 618 620 622 624 625 627 628 629 630 632 633 634 635 636 636 637 638 639 638 639 640 640 641 641 642 642 643 642 642 643 643 643 644 644 643 643 643
623 623 623 623 624 624 623 623 624 624 624 624 625 625 625 625 626 626 626 626 627 627 627 627 627 628 628 628 628 628 628 628 628 628 629 594 594 594 594 595 595 595 595 595 595 595 595 595 595 595 595 596 596 605 610 613 615 617 619 622 624 625 627 628 629 630 632 632 633 634 635 636 637 638 639 639 639 640 640 641 641 642 642 643 642 642 642 642 642 643 643 643 643 643
623 623 623 623 624 624 624 624 625 624 624 624 624 625 625 625 625 626 626 626 626 627 627 627 627 627 628 628 628 628 628 628 628 628 593 594 594 594 594 594 594 595 595 595 595 595 595 595 595 595 595 595 595 605 610 613 616 617 619 621 623 625 627 628 629 631 632 633 633 634 635 635 636 637 638 638 639 639 639 640 640 641 641 642 642 642 642 642 642 643 643 643 643 643
622 623 623 623 623 624 624 624 624 625 625 625 624 625 625 625 625 625 626 626 626 626 627 627 627 627 627 628 628 628 628 629 628 593 593 593 594 594 594 594 594 594 595 595 595 595 595 595 595 595 595 595 595 604 609 613 616 618 619 621 623 624 626 627 628 631 632 633 634 634 635 635 636 637 638 638 639 640 639 640 640 641 641 642 642 642 642 642 642 643 643 643 642 643
622 622 623 623 623 623 624 624 624 624 625 625 625 625 625 625 625 625 626 626 626 626 626 627 627 627 627 627 628 628 628 628 628 593 593 593 593 593 594 594 594 594 594 595 595 595 595 595 595 595 595 595 595 604 609 612 615 618 620 621 623 624 626 627 628 630 631 632 633 635 635 635 636 637 638 638 639 640 640 640 640 641 641 642 642 642 643 642 641 642 642 642 642 643
622 622 623 623 623 623 624 624 624 624 624 625 625 625 625 626 625 625 625 626 626 626 626 626 627 627 627 627 627 628 628 628 593 593 594 593 593 593 593 594 594 594 594 594 594 595 595 595 595 595 595 595 595 604 609 612 615 617 619 621 623 624 626 627 628 630 631 632 633 634 634 634 635 636 637 637 638 639 639 639 639 640 640 641 641 641 642 642 641 642 642 642 642 643
622 622 622 623 623 623 623 624 624 624 624 625 625 625 625 625 626 626 625 625 626 626 626 626 626 627 627 627 627 627 628 628 593 593 593 594 593 593 593 593 594 594 594 594 594 594 595 595 595 595 595 595 595 604 609 612 615 617 619 621 623 623 625 627 628 630 631 632 633 634 635 634 635 636 637 637 638 639 639 640 639 640 640 641 641 641 642 642 641 458 458 458 458 459
622 622 622 622 623 623 623 623 624 624 624 624 625 625 625 625 625 626 626 626 626 626 626 626 626 626 627 627 627 627 627 593 593 593 593 593 594 594 593 593 593 593 594 594 594 594 594 594 595 595 595 595 595 603 608 611 615 617 619 621 623 624 625 626 627 629 631 632 633 634 635 635 635 636 637 637 638 639 639 640 640 640 640 457 457 458 458 458 458 458 458 457 457 458
622 622 622 622 623 623 623 623 623 624 624 624 624 625 625 625 625 626 626 626 626 626 626 626 626 626 626 627 627 627 592 592 593 593 593 593 593 594 594 593 593 593 593 594 594 594 594 594 594 594 595 595 595 603 608 611 614 616 619 621 623 624 626 626 627 629 630 631 632 633 634 634 636 636 637 637 638 639 455 456 456 457 456 457 457 457 457 457 458 458 457 457 457 458
621 622 622 622 622 623 623 623 623 624 624 624 624 624 625 625 625 625 626 626 626 626 626 627 626 626 626 626 627 627 592 592 592 593 593 593 593 593 593 594 593 593 593 593 593 594 594 594 594 594 594 594 595 603 608 611 614 616 618 620 622 624 626 627 627 629 630 631 632 633 634 634 451 452 452 452 453 454 454 455 455 456 456 456 456 457 457 457 458 458 458 457 457 458
621 621 622 622 622 622 623 623 623 623 624 624 624 624 624 625 625 625 625 626 626 626 626 626 627 627 626 626 626 592 592 592 592 592 593 593 593 593 593 593 594 594 593 593 593 593 594 594 594 594 594 594 594 603 609 611 614 616 618 620 622 623 625 626 628 629 446 447 448 449 450 450 451 452 453 452 453 454 454 455 455 456 456 457 456 457 457 457 458 458 458 457 458 457
622 622 623 623 622 622 622 623 623 623 623 624 624 624 624 624 625 625 625 625 626 626 626 626 626 627 627 626 591 591 592 592 592 592 592 592 593 593 593 593 593 593 594 593 593 593 593 593 594 594 594 594 594 603 608 611 614 616 618 620 438 439 441 442 443 445 445 446 447 449 450 450 451 452 453 453 453 454 454 455 455 456 456 457 456 457 457 457 457 457 457 457 457 457
622 622 622 623 623 623 622 623 623 623 623 623 624 624 624 624 625 625 625 625 625 626 626 626 626 626 627 627 592 591 591 592 592 592 592 592 592 593 593 593 593 593 593 594 593 593 593 593 593 593 594 594 594 421 424 427 430 431 433 436 438 439 441 442 443 445 446 446 447 448 449 449 450 451 452 452 453 453 453 454 454 455 455 456 456 456 456 456 457 457 457 457 458 457
622 622 622 622 623 623 623 623 624 623 623 623 623 624 624 624 624 625 625 625 625 625 626 626 626 626 626 592 592 592 591 591 591 592 592 592 592 592 593 593 593 593 593 593 593 593 421 421 421 421 421 421 421 421 424 427 430 432 433 435 437 438 441 442 443 445 446 447 447 448 449 450 450 451 452 452 453 453 453 454 454 455 455 456 456 457 456 456 457 457 457 457 458 458
622 622 622 622 622 623 623 623 623 624 624 623 623 623 624 624 624 624 625 625 625 625 625 626 626 626 626 591 592 592 592 592 591 591 592 592 592 592 421 421 421 421 421 421 421 421 421 421 421 421 421 421 421 421 423 427 430 432 434 435 437 438 440 441 442 444 445 447 448 448 449 450 450 451 452 452 453 454 453 454 454 455 455 456 456 457 457 456 457 457 456 456 457 457
621 622 622 622 622 622 623 623 623 623 624 624 624 623 623 624 624 624 624 625 625 625 625 625 626 626 591 591 591 591 421 421 421 421 421 421 421 421 421 421 421 421 421 421 421 421 421 421 421 421 421 421 421 421 423 426 429 432 434 436 437 438 440 441 442 444 445 446 447 448 448 449 449 450 452 452 453 454 454 454 454 455 455 455 455 456 456 456 456 456 456 456 457 457
