testData/tiles/oneDegreeCosts/grid16.0-6.0-17.0-7.0.asc
ncols   200
nrows   200
xllcorner   16.0
yllcorner   6.0
cellsize   0.005
NODATA_value   -9999.0
[rows 0 to 44 of 200, columns 96 to 191 of 200]
371 371 371 371 372 372 372 372 373 373 373 406 406 407 407 407 407 407 408 408 408 408 408 408 409 409 409 409 409 409 410 410 410 187 187 187 188 188 188 188 188 188 188 189 189 189 189 189 189 189 189 189 190 190 190 190 190 190 190 190 190 190 191 191 191 191 191 191 191 191 191 191 191 191 191 191 191 191 191 191 192 192 192 192 192 192 192 192 192 192 192 192 192 192 192 192
370 371 371 371 371 371 372 372 372 372 373 373 373 373 373 374 374 374 374 374 407 408 408 408 408 408 409 409 409 409 409 409 409 187 187 187 187 187 187 188 188 188 188 188 188 188 188 189 189 189 189 189 189 189 189 189 189 190 190 190 190 190 190 190 190 190 190 190 190 191 191 191 191 191 191 191 191 191 191 191 191 191 191 191 191 191 191 191 191 191 191 191 191 191 191 191
370 370 370 371 371 371 371 371 372 372 372 372 372 373 373 373 373 373 374 374 374 374 374 375 375 375 375 375 375 376 409 409 409 409 186 186 187 187 187 187 187 187 187 188 188 188 188 188 188 188 188 188 189 189 189 189 189 189 189 189 189 189 190 190 190 190 190 190 190 190 190 190 190 190 190 190 190 190 190 190 190 191 191 191 191 191 191 191 191 191 191 191 191 191 191 191
369 370 370 370 370 371 371 371 371 371 372 372 372 372 372 373 373 373 373 373 373 374 374 374 374 374 375 375 375 375 375 375 376 376 153 153 153 153 153 154 154 187 187 187 187 187 187 188 188 188 188 188 188 188 188 188 188 189 189 189 189 189 189 189 189 189 189 189 189 189 190 190 190 190 190 190 190 190 190 190 190 190 190 190 190 190 190 190 190 190 190 190 190 190 190 190
369 369 369 370 370 370 370 370 371 371 371 371 371 372 372 372 372 372 373 373 373 373 373 374 374 374 374 374 374 375 375 375 375 375 152 152 153 153 153 153 153 153 153 154 154 154 154 154 154 154 154 154 155 155 188 188 188 188 188 188 188 188 188 189 189 189 189 189 189 189 189 189 189 189 189 189 189 189 189 189 189 189 190 190 190 190 190 190 190 190 190 190 190 190 190 190
369 369 369 369 369 370 370 370 370 370 371 371 371 371 371 372 372 372 372 372 373 373 373 373 373 373 374 374 374 374 374 374 375 375 152 152 152 152 152 153 153 153 153 153 153 153 153 154 154 154 154 154 154 154 154 154 154 155 155 155 155 155 155 155 155 155 155 155 155 155 156 189 189 189 189 189 189 189 189 189 189 189 189 189 189 189 189 189 189 189 189 189 189 189 189 189
368 368 368 369 369 369 369 370 370 370 370 370 371 371 371 371 371 371 372 372 372 372 372 373 373 373 373 373 373 374 374 374 374 374 374 151 152 152 152 152 152 152 152 153 153 153 153 153 153 153 153 153 154 154 154 154 154 154 154 154 154 154 154 155 155 155 155 155 155 155 155 155 155 155 155 155 155 155 155 155 155 155 155 156 156 156 156 156 156 156 156 156 156 156 156 156
368 368 368 368 368 369 369 369 369 369 370 370 370 370 370 371 371 371 371 371 372 372 372 372 372 372 373 373 373 373 373 373 374 374 374 151 151 151 151 152 152 152 152 152 152 152 152 153 153 153 153 153 153 153 153 153 153 154 154 154 154 154 154 154 154 154 154 154 154 154 154 155 155 155 155 155 155 155 155 155 155 155 155 155 155 155 155 155 155 155 155 155 155 155 155 155
367 367 368 368 368 368 368 369 369 369 369 369 370 370 370 370 370 371 371 371 371 371 371 372 372 372 372 372 372 373 373 373 373 373 373 150 151 151 151 151 151 151 151 152 152 152 152 152 152 152 152 152 153 153 153 153 153 153 153 153 153 153 153 154 154 154 154 154 154 154 154 154 154 154 154 154 154 154 154 154 154 154 154 154 154 155 155 155 155 155 155 155 155 155 155 155
367 367 367 367 368 368 368 368 368 369 369 369 369 369 369 370 370 370 370 370 371 371 371 371 371 371 372 372 372 372 372 372 373 373 373 150 150 150 150 151 151 151 151 151 151 151 151 152 152 152 152 152 152 152 152 152 152 153 153 153 153 153 153 153 153 153 153 153 153 153 153 154 154 154 154 154 154 154 154 154 154 154 154 154 154 154 154 154 154 154 154 154 154 154 154 154
366 366 367 367 367 367 367 368 368 368 368 368 369 369 369 369 369 370 370 370 370 370 370 371 371 371 371 371 371 372 372 372 372 372 372 150 150 150 150 150 150 150 150 151 151 151 151 151 151 151 151 151 152 152 152 152 152 152 152 152 152 152 152 153 153 153 153 153 153 153 153 153 153 153 153 153 153 153 153 153 153 153 153 153 153 153 153 154 154 154 154 154 154 154 154 154
366 366 366 366 367 367 367 367 367 368 368 368 368 368 369 369 369 369 369 369 370 370 370 370 370 370 371 371 371 371 371 371 372 372 372 372 149 149 149 150 150 150 150 150 150 150 150 151 151 151 151 151 151 151 151 151 151 152 152 152 152 152 152 152 152 152 152 152 152 152 152 152 153 153 153 153 153 153 153 153 153 153 153 153 153 153 153 153 153 153 153 153 153 153 153 153
365 365 366 366 366 366 366 367 367 367 367 367 368 368 368 368 368 369 369 369 369 369 369 370 370 370 370 370 370 371 371 371 371 371 371 371 149 149 149 149 149 149 149 150 150 150 150 150 150 150 150 150 151 151 151 151 151 151 151 151 151 151 151 151 152 152 152 152 152 152 152 152 152 152 152 152 152 152 152 152 152 152 152 152 152 152 152 152 152 152 152 153 152 152 152 152
365 365 365 365 366 366 366 366 366 367 367 367 367 367 368 368 368 368 368 368 369 369 369 369 369 369 370 370 370 370 370 370 371 371 371 371 148 148 148 149 149 149 149 149 149 149 149 150 150 150 150 150 150 150 150 150 150 150 151 151 151 151 151 151 151 151 151 151 151 151 151 151 152 152 152 152 152 152 152 152 152 152 152 152 152 152 152 152 152 152 152 152 152 152 152 152
364 365 365 365 365 365 366 366 366 366 366 367 367 367 367 367 367 368 368 368 368 368 369 369 369 369 369 369 369 370 370 370 370 370 370 371 148 148 148 148 148 148 148 149 149 149 149 149 149 149 149 149 150 150 150 150 150 150 150 150 150 150 150 150 151 151 151 151 151 151 151 151 151 151 151 151 151 151 151 151 151 151 151 151 151 151 151 151 151 151 151 151 151 151 151 151
364 364 364 364 365 365 365 365 365 366 366 366 366 366 367 367 367 367 367 368 368 368 368 368 368 369 369 369 369 369 369 369 370 370 370 370 370 147 147 148 148 148 148 148 148 148 148 149 149 149 149 149 149 149 149 149 149 149 150 150 150 150 150 150 150 150 150 150 150 150 150 150 150 151 151 151 151 151 151 151 151 151 151 151 151 151 151 151 151 151 151 151 151 151 151 151
363 364 364 364 364 364 365 365 365 365 365 366 366 366 366 366 366 367 367 367 367 367 368 368 368 368 368 368 368 369 369 369 369 369 369 370 370 147 147 147 147 147 147 148 148 148 148 148 148 148 148 148 149 149 149 149 149 149 149 149 149 149 149 149 150 150 150 150 150 150 150 150 150 150 150 150 150 150 150 150 150 150 150 150 150 150 150 150 150 150 150 150 150 150 150 150
363 363 363 364 364 364 364 364 365 365 365 365 365 365 366 366 366 366 366 367 367 367 367 367 367 368 368 368 368 368 368 368 369 369 369 369 369 146 146 147 147 147 147 147 147 147 147 147 148 148 148 148 148 148 148 148 148 148 149 149 149 149 149 149 149 149 149 149 149 149 149 149 149 150 150 150 150 150 150 150 150 150 150 150 150 150 150 150 150 150 150 150 150 150 150 150
362 363 363 363 363 363 364 364 364 364 364 365 365 365 365 365 366 366 366 366 366 366 367 367 367 367 367 367 368 368 368 368 368 368 368 369 369 146 146 146 146 146 146 147 147 147 147 147 147 147 147 147 148 148 148 148 148 148 148 148 148 148 148 148 148 149 149 149 149 149 149 149 149 149 149 149 149 149 149 149 149 149 149 149 149 149 149 149 149 149 149 149 149 149 149 149
362 362 362 363 363 363 363 363 364 364 364 364 364 365 365 365 365 365 365 366 366 366 366 366 366 367 367 367 367 367 367 367 368 368 368 368 368 145 145 146 146 146 146 146 146 146 146 146 147 147 147 147 147 147 147 147 147 147 148 148 148 148 148 148 148 148 148 148 148 148 148 148 148 148 149 149 149 149 149 149 149 149 149 149 149 149 149 149 149 149 149 149 149 149 149 149
361 362 362 362 362 363 363 363 363 363 363 364 364 364 364 364 365 365 365 365 365 365 366 366 366 366 366 366 367 367 367 367 367 367 367 368 368 145 145 145 145 145 145 146 146 146 146 146 146 146 146 146 146 147 147 147 147 147 147 147 147 147 147 147 147 148 148 148 148 148 148 148 148 148 148 148 148 148 148 148 148 148 148 148 148 148 148 148 148 148 148 148 148 148 148 148
361 361 361 362 362 362 362 362 363 363 363 363 363 364 364 364 364 364 364 365 365 365 365 365 365 366 366 366 366 366 366 366 367 367 367 367 367 367 144 145 145 145 145 145 145 145 145 145 146 146 146 146 146 146 146 146 146 146 147 147 147 147 147 147 147 147 147 147 147 147 147 147 147 147 148 148 148 148 148 148 148 148 148 148 148 148 148 148 148 148 148 148 148 148 148 148
361 361 361 361 361 362 362 362 362 362 363 363 363 363 363 363 364 364 364 364 364 364 365 365 365 365 365 365 366 366 366 366 366 366 366 367 367 367 144 144 144 144 144 145 145 145 145 145 145 145 145 145 145 146 146 146 146 146 146 146 146 146 146 146 146 147 147 147 147 147 147 147 147 147 147 147 147 147 147 147 147 147 147 147 147 147 147 147 147 147 147 147 147 147 147 147
360 360 360 361 361 361 361 361 362 362 362 362 362 363 363 363 363 363 363 364 364 364 364 364 364 365 365 365 365 365 365 365 366 366 366 366 366 366 143 144 144 144 144 144 144 144 144 144 145 145 145 145 145 145 145 145 145 145 145 146 146 146 146 146 146 146 146 146 146 146 146 146 146 146 146 147 147 147 147 147 147 147 147 147 147 147 147 147 147 147 147 147 147 147 147 147
360 360 360 360 360 361 361 361 361 361 362 362 362 362 362 362 363 363 363 363 363 363 364 364 364 364 364 364 365 365 365 365 365 365 365 366 366 366 143 143 143 143 143 144 144 144 144 144 144 144 144 144 144 145 145 145 145 145 145 145 145 145 145 145 145 145 146 146 146 146 146 146 146 146 146 146 146 146 146 146 146 146 146 146 146 146 146 146 146 146 146 146 146 146 146 146
359 359 360 360 360 360 360 361 361 361 361 361 361 362 362 362 362 362 362 363 363 363 363 363 363 364 364 364 364 364 364 364 365 365 365 365 365 365 142 143 143 143 143 143 143 143 143 143 144 144 144 144 144 144 144 144 144 144 144 145 145 145 145 145 145 145 145 145 145 145 145 145 145 145 145 145 146 146 146 146 146 146 146 146 146 146 146 146 146 146 146 146 146 146 146 146
359 359 359 359 359 360 360 360 360 360 361 361 361 361 361 361 362 362 362 362 362 362 363 363 363 363 363 363 364 364 364 364 364 364 364 365 365 365 142 142 142 142 142 143 143 143 143 143 143 143 143 143 143 144 144 144 144 144 144 144 144 144 144 144 144 144 145 145 145 145 145 145 145 145 145 145 145 145 145 145 145 145 145 145 145 145 145 145 145 145 145 145 145 145 145 145
358 358 359 359 359 359 359 360 360 360 360 360 360 361 361 361 361 361 362 362 362 362 362 362 362 363 363 363 363 363 363 364 364 364 364 364 364 364 142 142 142 142 142 142 142 142 142 142 143 143 143 143 143 143 143 143 143 143 143 144 144 144 144 144 144 144 144 144 144 144 144 144 144 144 144 144 145 145 145 145 145 145 145 145 145 145 145 145 145 145 145 145 145 145 145 145
358 358 358 358 358 359 359 359 359 359 360 360 360 360 360 361 361 361 361 361 361 362 362 362 362 362 362 362 363 363 363 363 363 363 363 364 364 364 364 141 141 141 141 142 142 142 142 142 142 142 142 142 142 143 143 143 143 143 143 143 143 143 143 143 143 143 144 144 144 144 144 144 144 144 144 144 144 144 144 144 144 144 144 144 144 144 144 144 144 144 144 144 144 144 144 144
357 357 358 358 358 358 358 359 359 359 359 359 360 360 360 360 360 360 361 361 361 361 361 361 361 362 362 362 362 362 362 363 363 363 363 363 363 363 363 141 141 141 141 141 141 141 141 141 142 142 142 142 142 142 142 142 142 142 142 143 143 143 143 143 143 143 143 143 143 143 143 143 143 143 143 143 143 144 144 144 144 144 144 144 144 144 144 144 144 144 144 144 144 144 144 144
357 357 357 357 358 358 358 358 358 358 359 359 359 359 359 360 360 360 360 360 360 361 361 361 361 361 361 361 362 362 362 362 362 362 362 363 363 363 363 140 140 140 140 141 141 141 141 141 141 141 141 141 141 142 142 142 142 142 142 142 142 142 142 142 142 142 142 143 143 143 143 143 143 143 143 143 143 143 143 143 143 143 143 143 143 143 143 143 143 143 143 143 143 143 143 143
356 356 357 357 357 357 357 358 358 358 358 358 359 359 359 359 359 359 360 360 360 360 360 360 361 361 361 361 361 361 361 362 362 362 362 362 362 362 362 140 140 140 140 140 140 140 140 140 141 141 141 141 141 141 141 141 141 141 141 142 142 142 142 142 142 142 142 142 142 142 142 142 142 142 142 142 142 142 143 143 143 143 143 143 143 143 143 143 143 143 143 143 143 143 143 143
356 356 356 356 357 357 357 357 357 358 358 358 358 358 358 359 359 359 359 359 359 360 360 360 360 360 360 360 361 361 361 361 361 361 361 362 362 362 362 139 139 139 139 140 140 140 140 140 140 140 140 140 140 141 141 141 141 141 141 141 141 141 141 141 141 141 141 142 142 142 142 142 142 142 142 142 142 142 142 142 142 142 142 142 142 142 142 142 142 142 142 142 142 142 142 142
355 356 356 356 356 356 356 357 357 357 357 357 358 358 358 358 358 358 359 359 359 359 359 359 360 360 360 360 360 360 360 361 361 361 361 361 361 361 361 139 139 139 139 139 139 139 139 139 140 140 140 140 140 140 140 140 140 140 140 140 141 141 141 141 141 141 141 141 141 141 141 141 141 141 141 141 141 141 141 142 142 142 142 142 142 142 142 142 142 142 142 142 142 142 142 142
355 355 355 355 356 356 356 356 356 357 357 357 357 357 357 358 358 358 358 358 358 359 359 359 359 359 359 359 360 360 360 360 360 360 360 361 361 361 361 138 138 138 138 139 139 139 139 139 139 139 139 139 139 139 140 140 140 140 140 140 140 140 140 140 140 140 140 140 141 141 141 141 141 141 141 141 141 141 141 141 141 141 141 141 141 141 141 141 141 141 141 141 141 141 141 141
354 355 355 355 355 355 356 356 356 356 356 356 357 357 357 357 357 357 358 358 358 358 358 358 359 359 359 359 359 359 359 360 360 360 360 360 360 360 360 138 138 138 138 138 138 138 138 138 139 139 139 139 139 139 139 139 139 139 139 139 140 140 140 140 140 140 140 140 140 140 140 140 140 140 140 140 140 140 140 140 141 141 141 141 141 141 141 141 141 141 141 141 141 141 141 141
354 354 354 354 355 355 355 355 355 356 356 356 356 356 356 357 357 357 357 357 357 358 358 358 358 358 358 358 359 359 359 359 359 359 359 360 360 360 360 360 137 137 137 137 138 138 138 138 138 138 138 138 138 138 139 139 139 139 139 139 139 139 139 139 139 139 139 139 140 140 140 140 140 140 140 140 140 140 140 140 140 140 140 140 140 140 140 140 140 140 140 140 140 140 140 140
353 354 354 354 354 354 355 355 355 355 355 355 356 356 356 356 356 356 357 357 357 357 357 357 358 358 358 358 358 358 358 359 359 359 359 359 359 359 359 360 137 137 137 137 137 137 137 137 138 138 138 138 138 138 138 138 138 138 138 138 139 139 139 139 139 139 139 139 139 139 139 139 139 139 139 139 139 139 139 139 139 140 140 140 140 140 140 140 140 140 140 140 140 140 140 140
353 353 353 354 354 354 354 354 354 355 355 355 355 355 355 356 356 356 356 356 356 357 357 357 357 357 357 357 358 358 358 358 358 358 358 359 359 359 359 359 136 136 136 136 137 137 137 137 137 137 137 137 137 137 138 138 138 138 138 138 138 138 138 138 138 138 138 138 138 139 139 139 139 139 139 139 139 139 139 139 139 139 139 139 139 139 139 139 139 139 139 139 139 139 139 139
352 353 353 353 353 353 354 354 354 354 354 354 355 355 355 355 355 355 356 356 356 356 356 356 357 357 357 357 357 357 357 358 358 358 358 358 358 358 358 359 136 136 136 136 136 136 136 136 136 137 137 137 137 137 137 137 137 137 137 137 137 138 138 138 138 138 138 138 138 138 138 138 138 138 138 138 138 138 138 138 138 138 138 139 139 139 139 139 139 139 139 139 139 139 139 139
352 352 352 353 353 353 353 353 353 354 354 354 354 354 355 355 355 355 355 355 355 356 356 356 356 356 356 356 357 357 357 357 357 357 357 358 358 358 358 358 135 135 135 135 136 136 136 136 136 136 136 136 136 136 137 137 137 137 137 137 137 137 137 137 137 137 137 137 137 138 138 138 138 138 138 138 138 138 138 138 138 138 138 138 138 138 138 138 138 138 138 138 138 138 138 138
352 352 352 352 352 352 353 353 353 353 353 354 354 354 354 354 354 355 355 355 355 355 355 355 356 356 356 356 356 356 356 357 357 357 357 357 357 357 357 358 135 135 135 135 135 135 135 135 135 136 136 136 136 136 136 136 136 136 136 136 136 137 137 137 137 137 137 137 137 137 137 137 137 137 137 137 137 137 137 137 137 137 137 137 138 138 138 138 138 138 138 138 138 138 138 138
351 351 351 352 352 352 352 352 353 353 353 353 353 353 354 354 354 354 354 354 354 355 355 355 355 355 355 356 356 356 356 356 356 356 356 357 357 357 357 357 134 134 134 134 135 135 135 135 135 135 135 135 135 135 136 136 136 136 136 136 136 136 136 136 136 136 136 136 136 136 137 137 137 137 137 137 137 137 137 137 137 137 137 137 137 137 137 137 137 137 137 137 137 137 103 103
351 351 351 351 351 351 352 352 352 352 352 353 353 353 353 353 353 354 354 354 354 354 354 354 355 355 355 355 355 355 355 356 356 356 356 356 356 356 356 357 134 134 134 134 134 134 134 134 134 135 135 135 135 135 135 135 135 135 135 135 135 136 136 136 136 136 136 136 136 136 136 136 136 136 136 136 136 136 136 136 136 136 136 136 136 136 137 137 137 137 137 137 137 103 103 103
350 350 350 351 351 351 351 351 352 352 352 352 352 352 353 353 353 353 353 353 353 354 354 354 354 354 354 355 355 355 355 355 355 355 355 356 356 356 356 356 133 133 133 133 134 134 134 134 134 134 134 134 134 134 134 135 135 135 135 135 135 135 135 135 135 135 135 135 135 135 136 136 136 136 136 136 136 136 136 136 136 136 136 136 136 136 136 136 136 136 136 136 102 102 102 102
