testData/tiles/oneDegreeCosts/grid9.0-14.0-10.0-15.0.asc
ncols   200
nrows   200
xllcorner   9.0
yllcorner   14.0
cellsize   0.005
NODATA_value   -9999.0
[rows 126 to 167 of 200, columns 0 to 93 of 200]
589 589 589 589 589 527 527 527 527 527 527 527 527 527 527 527 527 527 527 527 527 527 527 527 633 633 633 633 633 633 633 632 632 632 632 632 632 632 632 632 632 633 634 634 635 636 635 636 636 637 637 637 636 637 637 637 637 637 636 636 636 636 636 636 511 511 511 511 511 511 511 549 548 547 547 545 544 545 544 543 543 544 544 544 544 544 544 544 545 544 544 545 545 544
594 532 532 532 527 527 527 527 527 527 527 527 527 527 527 527 527 527 527 527 527 527 527 527 527 634 633 633 633 633 633 633 633 633 632 632 632 632 632 633 633 634 634 635 635 636 636 637 636 637 637 637 638 638 638 637 637 637 511 511 511 511 511 511 511 511 511 511 511 551 550 549 548 548 547 546 545 545 544 544 545 544 544 545 545 545 544 545 545 545 545 545 545 548
533 533 533 533 533 533 533 532 527 527 527 527 527 527 527 527 527 527 527 527 527 527 527 527 527 634 634 634 634 633 633 633 633 633 633 633 633 632 632 633 634 634 635 636 635 636 636 637 637 638 638 637 511 511 511 511 511 511 511 511 511 511 511 511 511 511 511 553 551 551 550 550 549 548 547 547 547 546 544 545 545 545 546 545 545 546 546 545 545 546 546 548 548 548
533 533 533 533 533 533 533 533 533 533 533 533 527 527 527 527 527 527 527 527 527 527 527 527 527 634 634 634 634 634 634 634 633 633 633 633 633 633 633 634 634 635 635 636 637 509 509 509 510 510 510 511 511 511 511 511 511 511 511 511 511 511 511 511 511 554 553 553 553 551 551 550 550 549 549 548 547 546 546 545 545 546 546 546 546 546 546 546 547 546 548 549 549 548
534 534 534 533 533 533 533 533 533 533 533 533 533 533 533 533 528 527 527 527 527 527 527 527 527 527 635 634 634 634 634 634 634 634 634 633 507 507 507 507 507 508 508 508 509 509 510 510 511 510 510 511 511 511 511 511 511 511 511 511 511 511 511 555 555 555 553 553 553 552 552 550 550 550 549 549 547 547 546 546 547 546 546 547 547 547 546 547 547 549 549 549 549 550
534 534 534 534 534 534 534 534 534 533 533 533 533 533 533 533 533 533 533 528 528 527 527 527 527 407 507 507 507 507 507 507 507 507 507 507 507 507 507 507 507 508 509 509 510 509 510 510 511 511 512 511 511 511 512 512 512 511 511 511 511 557 556 555 555 555 555 554 553 552 552 551 552 550 550 549 549 548 546 547 547 547 547 547 547 547 548 547 549 550 550 550 550 551
407 407 407 407 407 407 407 407 407 407 407 407 407 407 407 407 407 407 407 407 407 407 407 407 407 407 507 507 507 507 507 507 507 507 507 507 507 507 507 507 507 508 509 509 510 510 511 511 511 511 512 512 512 512 512 512 512 512 512 557 557 557 557 557 555 555 555 554 554 554 552 551 552 551 550 550 549 548 549 547 547 547 548 548 547 548 548 550 550 550 551 551 552 552
407 407 407 407 407 407 407 407 407 407 407 407 407 407 407 407 407 407 407 407 407 407 407 407 407 407 508 508 507 507 507 507 507 507 507 507 507 507 507 508 508 509 510 509 510 511 511 512 512 511 512 512 512 513 513 512 512 558 558 558 558 557 557 557 556 556 555 554 554 554 553 553 552 551 552 551 549 550 549 548 548 548 548 548 549 548 550 551 551 552 551 552 553 553
407 407 407 407 407 407 407 407 407 407 407 407 407 407 407 407 407 407 407 407 407 407 407 407 407 407 407 513 508 508 508 507 507 507 507 507 507 507 507 508 508 509 510 511 511 511 511 512 512 513 513 512 513 513 513 513 559 558 558 558 558 558 558 557 557 556 556 556 554 554 554 554 553 553 552 551 551 551 549 548 549 549 548 549 549 551 552 551 552 552 553 553 553 554
408 408 407 407 407 407 407 407 407 407 407 407 407 407 407 407 407 407 407 407 407 407 407 407 407 407 407 513 513 513 513 508 508 508 507 507 507 507 508 509 510 509 510 511 511 512 512 512 512 513 513 513 514 513 559 559 559 559 559 558 558 558 558 558 557 556 556 556 555 556 554 554 554 554 552 552 552 551 550 549 549 549 550 550 551 552 552 553 552 553 554 554 554 555
408 408 408 408 408 408 408 408 407 407 407 407 407 407 407 407 407 407 407 407 407 407 407 407 407 407 407 514 514 513 513 513 513 513 508 508 507 507 508 509 510 510 511 511 511 512 513 513 513 514 513 514 560 560 560 559 559 560 560 560 559 558 558 558 558 558 556 556 556 556 556 555 554 554 554 553 552 551 551 550 550 550 550 552 553 552 553 553 554 555 554 555 556 556
408 408 408 408 408 408 408 408 408 408 408 408 408 407 407 407 407 407 407 407 407 407 407 407 407 407 407 407 514 514 514 514 513 513 513 513 508 508 509 509 510 511 511 512 513 512 513 513 514 514 514 561 560 560 560 561 561 560 560 560 560 560 559 558 558 558 557 558 557 556 557 556 556 555 554 554 553 552 551 550 551 551 552 553 553 554 554 555 555 555 556 556 556 557
409 409 409 409 408 408 408 408 408 408 408 408 408 408 408 408 408 407 407 407 407 407 407 407 407 407 407 407 514 514 514 514 514 514 513 513 513 513 514 510 511 511 511 512 513 513 514 514 514 560 560 561 561 561 560 561 561 561 561 560 560 560 559 559 558 558 558 558 558 557 557 556 556 556 554 554 554 553 552 551 551 553 554 553 554 554 556 556 555 556 557 557 557 557
409 409 409 409 409 409 409 409 409 409 408 408 408 408 408 408 408 408 408 408 408 407 407 407 407 407 407 407 515 514 514 514 514 514 514 514 514 514 514 515 516 512 513 513 513 513 514 514 561 561 561 561 561 561 562 562 561 561 561 561 561 560 560 559 559 560 559 558 559 558 558 556 557 556 556 556 554 553 553 553 553 554 554 555 555 556 556 556 557 557 557 558 558 558
409 409 409 409 409 409 409 409 409 409 409 409 409 409 408 408 408 408 408 408 408 408 408 408 407 407 407 407 407 515 515 515 514 514 514 514 514 515 516 515 516 517 518 513 514 515 560 561 561 561 562 562 561 562 562 562 562 561 561 561 561 561 561 560 560 560 560 560 559 559 558 559 558 556 557 556 555 554 554 555 555 555 555 555 557 557 556 557 558 558 559 558 559 559
410 410 410 410 410 410 409 409 409 409 409 409 409 409 409 409 409 409 408 408 408 408 408 408 408 408 408 407 407 515 515 515 515 515 515 514 514 515 516 517 517 518 518 518 519 566 561 562 561 561 562 562 562 563 562 562 562 562 562 561 561 561 561 562 560 560 560 560 560 559 559 559 558 558 557 556 556 556 557 555 555 556 556 557 557 557 558 559 558 558 559 560 559 560
410 410 410 410 410 410 410 410 410 410 410 409 409 409 409 409 409 409 409 409 409 409 408 408 408 408 408 408 408 516 515 515 515 515 515 515 515 515 516 517 517 518 519 566 565 566 566 567 562 563 562 562 563 563 563 563 562 562 562 562 562 561 562 562 562 561 561 561 560 561 560 559 559 559 558 558 556 558 557 557 556 556 558 558 558 558 559 559 559 559 560 560 561 560
411 411 411 410 410 410 410 410 410 410 410 410 410 410 410 410 409 409 409 409 409 409 409 409 409 408 408 408 408 408 516 516 516 515 515 515 515 516 517 518 518 518 565 566 566 567 566 567 567 568 563 563 563 563 563 563 563 563 562 562 562 562 563 562 562 562 562 562 561 561 560 561 560 559 559 558 560 558 558 558 557 559 558 558 559 560 559 559 560 561 560 561 561 562
411 411 411 411 411 411 411 411 410 410 410 410 410 410 410 410 410 410 410 409 409 409 409 409 409 409 409 409 408 408 516 516 516 516 516 516 515 516 517 518 519 565 565 566 566 567 568 568 567 568 568 569 564 564 563 563 563 564 564 563 562 563 563 563 563 563 562 563 562 561 562 561 560 560 559 560 560 560 560 558 559 559 559 559 560 560 560 560 561 561 562 561 562 563
411 411 411 411 411 411 411 411 411 411 411 411 411 410 410 410 410 410 410 410 410 410 410 409 409 409 409 409 409 409 517 516 516 516 516 516 516 517 517 564 565 566 566 567 567 567 568 568 569 569 568 569 569 569 564 564 564 564 564 564 565 563 563 564 564 564 563 563 563 563 563 561 561 561 562 562 561 561 560 561 559 559 560 561 560 560 561 562 562 562 562 563 564 563
412 412 412 412 412 411 411 411 411 411 411 411 411 411 411 411 411 410 410 410 410 410 410 410 410 410 409 409 409 409 409 517 517 517 516 516 517 517 564 565 565 566 566 567 568 568 569 568 569 569 569 570 569 569 569 570 570 565 564 565 565 565 565 564 564 565 564 564 563 563 563 562 562 563 562 563 563 561 562 561 561 560 561 561 561 562 562 562 563 563 563 564 564 564
412 412 412 412 412 412 412 412 412 412 411 411 411 411 411 411 411 411 411 411 411 410 410 410 410 410 410 410 410 409 409 517 517 517 517 517 517 564 564 565 566 567 568 567 568 568 569 569 570 569 570 570 570 570 570 570 570 570 571 565 565 566 566 565 564 565 565 564 565 563 563 563 565 564 564 564 563 564 562 562 561 562 562 561 562 563 563 563 563 564 565 564 564 564
413 412 412 412 412 412 412 412 412 412 412 412 412 412 411 411 411 411 411 411 411 411 411 411 410 410 410 410 410 410 410 518 517 517 517 563 564 565 565 565 566 567 568 568 569 568 569 569 570 570 571 570 570 570 571 571 570 571 571 571 566 566 566 565 566 566 565 565 565 564 565 565 565 565 566 564 564 564 564 563 563 562 562 563 563 563 564 564 564 565 565 565 565 566
413 413 413 413 413 413 413 412 412 412 412 412 412 412 412 412 412 412 411 411 411 411 411 411 411 411 411 410 410 410 410 410 518 518 563 563 564 565 566 566 567 567 568 568 569 570 570 570 570 570 571 571 570 571 571 571 571 572 571 571 572 572 567 567 566 566 567 566 565 566 567 567 566 566 566 565 566 564 564 565 564 562 563 564 564 564 564 565 565 566 566 566 567 568
413 413 413 413 413 413 413 413 413 413 413 413 412 412 412 412 412 412 412 412 412 412 411 411 411 411 411 411 411 411 410 410 518 564 564 564 565 565 566 567 567 568 569 568 569 570 570 571 571 571 571 571 571 572 571 571 572 572 572 572 572 572 573 573 566 567 567 567 567 568 567 568 568 567 566 567 566 566 566 565 564 564 564 564 565 565 566 566 567 567 568 568 569 569
414 414 414 414 413 413 413 413 413 413 413 413 413 413 413 413 412 412 412 412 412 412 412 412 412 411 411 411 411 411 411 457 564 564 564 564 565 566 567 567 567 568 569 570 570 570 570 571 571 572 572 571 572 572 572 573 572 572 573 573 573 573 573 573 574 573 567 568 569 569 568 569 568 568 569 567 566 568 567 565 565 565 565 567 566 566 567 569 568 568 569 571 570 571
414 414 414 414 414 414 414 414 414 413 413 413 413 413 413 413 413 413 413 412 412 412 412 412 412 412 412 412 411 411 457 457 457 565 565 564 565 566 567 568 569 568 569 570 570 571 571 571 571 572 572 572 573 572 573 573 573 574 573 573 574 574 574 574 574 573 573 575 569 569 570 570 568 570 569 568 569 568 567 567 567 566 567 567 568 568 569 569 570 570 571 571 573 572
414 414 414 414 414 414 414 414 414 414 414 414 414 413 413 413 413 413 413 413 413 413 412 412 412 412 412 412 412 458 457 457 457 565 565 565 566 566 567 568 569 569 570 570 570 571 572 572 572 572 572 573 573 574 573 573 574 575 575 575 574 574 574 575 574 574 576 576 575 575 571 570 571 570 569 570 570 569 568 569 568 567 568 568 569 571 570 570 571 573 572 573 573 574
415 415 415 415 415 415 414 414 414 414 414 414 414 414 414 414 414 413 413 413 413 413 413 413 413 412 412 412 458 458 458 458 458 458 565 565 566 567 568 568 569 570 570 571 572 571 572 572 573 573 573 573 573 574 574 574 575 575 575 576 576 574 575 575 575 576 576 576 577 577 576 572 572 571 572 571 570 570 571 569 569 569 569 570 571 571 571 572 573 573 575 574 574 574
415 415 415 415 415 415 415 415 415 415 414 414 414 414 414 414 414 414 414 414 413 413 413 413 413 413 413 459 458 458 458 458 458 458 566 566 566 567 568 569 570 570 570 571 572 572 573 572 573 573 573 574 575 574 574 576 576 576 576 576 576 577 576 575 576 578 577 577 578 577 579 578 577 573 572 573 571 573 572 571 570 571 571 572 573 572 573 574 575 574 575 575 576 576
416 416 415 415 415 415 415 415 415 415 415 415 415 415 414 414 414 414 414 414 414 414 414 413 413 413 459 459 459 459 459 458 458 458 566 567 568 568 568 569 570 571 571 572 572 572 573 573 574 573 573 575 575 575 575 576 576 577 577 576 577 577 576 577 578 578 578 579 579 579 579 578 579 579 578 574 575 574 573 574 573 573 573 573 573 575 575 575 575 577 576 576 577 579
416 416 416 416 416 416 416 416 415 415 415 415 415 415 415 415 415 415 414 414 414 414 414 414 460 460 459 459 459 459 459 459 459 458 458 567 568 569 570 570 570 571 572 572 573 572 573 573 574 574 576 575 575 576 577 577 577 577 577 578 578 577 578 579 579 579 580 579 579 580 579 579 581 581 581 580 576 575 576 575 575 575 574 574 575 575 577 576 577 577 577 578 579 579
416 416 416 416 416 416 416 416 416 416 416 416 415 415 415 415 415 415 415 415 415 414 414 460 460 460 460 460 460 459 459 459 459 459 459 568 568 569 570 570 571 572 572 572 573 573 574 573 574 575 576 576 577 576 577 578 578 578 577 578 578 578 581 579 579 581 581 579 581 581 581 583 582 581 583 583 581 582 577 577 577 576 575 575 576 577 577 578 578 578 579 580 580 581
417 417 417 417 417 416 416 416 416 416 416 416 416 416 416 416 415 415 415 415 415 415 461 461 460 460 460 460 460 460 460 459 459 459 459 568 569 570 570 571 571 572 573 573 573 574 574 575 575 575 576 576 577 578 577 578 578 578 579 578 578 581 581 581 580 581 581 583 583 583 584 584 584 583 584 584 584 583 584 583 578 576 576 577 578 578 579 579 579 580 581 581 582 581
417 417 417 417 417 417 417 417 417 416 416 416 416 416 416 416 416 416 416 415 415 461 461 461 461 461 461 460 460 460 460 460 460 460 459 460 569 570 571 572 571 572 573 574 574 575 574 575 576 577 577 577 577 578 579 579 578 579 579 579 580 581 581 582 582 582 584 584 584 586 585 585 585 587 585 584 585 585 584 585 584 578 578 579 579 580 580 580 581 582 581 583 583 583
418 417 417 417 417 417 417 417 417 417 417 417 417 416 416 416 416 416 416 416 462 462 461 461 461 461 461 461 461 460 460 460 460 460 460 461 569 570 571 572 573 573 573 574 574 575 575 577 576 577 578 578 579 579 579 579 580 580 579 580 582 582 582 584 584 585 586 585 587 587 586 586 587 587 587 587 586 587 587 586 584 585 585 580 581 581 581 582 583 583 583 584 583 584
418 418 418 418 418 418 417 417 417 417 417 417 417 417 417 417 417 416 416 462 462 462 462 462 462 461 461 461 461 461 461 461 460 460 460 461 462 571 571 572 573 573 574 575 574 575 576 577 577 578 578 578 580 580 579 580 580 580 581 582 582 583 585 585 586 586 586 587 587 588 587 589 589 588 588 588 589 588 588 587 587 586 586 587 582 581 583 584 584 583 585 585 585 585
418 418 418 418 418 418 418 418 418 418 418 417 417 417 417 417 417 417 463 463 462 462 462 462 462 462 462 462 461 461 461 461 461 461 460 461 462 571 572 573 573 573 574 575 575 576 576 577 577 579 579 578 580 580 580 581 580 580 583 583 584 585 586 586 588 587 587 590 589 589 589 590 589 591 589 589 591 590 588 588 589 588 587 588 588 588 583 584 585 586 585 585 587 587
419 419 419 418 418 418 418 418 418 418 418 418 418 418 417 417 417 463 463 463 463 463 463 462 462 462 462 462 462 462 461 461 461 461 461 462 462 571 572 573 574 575 574 575 575 577 578 578 578 579 579 581 581 580 581 581 581 583 585 585 585 587 586 589 589 589 591 590 590 591 592 591 591 591 592 592 591 590 591 589 589 589 589 588 588 590 591 585 586 587 587 587 587 588
419 419 419 419 419 419 419 419 418 418 418 418 418 418 418 418 464 464 463 463 463 463 463 463 463 463 462 462 462 462 462 462 461 461 461 462 463 464 572 573 574 575 575 576 577 577 578 579 580 579 580 581 581 582 581 581 583 586 586 587 588 588 590 590 590 592 591 592 592 593 593 593 593 593 593 594 592 591 591 592 590 590 589 590 590 591 591 593 592 587 588 589 589 590
419 419 419 419 419 419 419 419 419 419 419 419 418 418 418 464 464 464 464 464 464 463 463 463 463 463 463 463 462 462 462 462 462 462 463 463 464 464 573 574 574 575 575 577 578 578 579 579 580 581 581 581 582 582 582 585 586 587 588 589 590 591 591 591 593 593 592 593 595 593 594 594 594 595 594 594 593 594 593 592 594 593 591 591 593 593 593 593 593 594 589 590 590 591
420 420 420 420 420 419 419 419 419 419 419 419 419 419 465 464 464 464 464 464 464 464 464 464 463 463 463 463 463 463 462 462 462 462 463 464 465 465 465 574 575 576 575 577 578 578 580 580 580 581 582 582 583 582 583 587 588 587 590 590 590 593 591 592 594 594 594 595 595 595 596 594 596 596 595 595 595 595 595 595 594 593 594 593 593 594 595 594 595 595 595 591 592 592
