testData/tiles/oneDegreeCosts/grid25.0-8.0-26.0-9.0.asc
ncols   200
nrows   200
xllcorner   25.0
yllcorner   8.0
cellsize   0.005
NODATA_value   -9999.0
[rows 43 to 85 of 200, columns 96 to 191 of 200]
249 249 248 248 248 248 247 247 247 247 246 246 246 245 245 245 244 244 244 243 243 243 242 242 241 241 240 240 351 351 350 349 348 347 346 344 344 344 344 344 344 344 344 344 344 344 344 344 344 344 344 344 298 298 298 298 298 298 298 298 298 298 298 298 298 298 298 298 298 298 298 298 298 243 243 243 243 243 243 243 243 243 243 243 243 243 243 243 243 243 243 243 243 243 243 243
249 249 249 248 248 248 248 247 247 247 247 246 246 246 245 245 245 244 244 244 243 243 243 242 242 241 241 240 240 239 239 350 349 349 348 346 344 344 344 344 344 344 344 344 344 344 344 344 344 344 344 344 298 298 298 298 298 298 298 298 298 298 298 298 298 298 298 298 298 298 298 298 243 243 243 243 243 243 243 243 243 243 243 243 243 243 243 243 243 243 243 243 243 243 243 243
249 249 249 249 248 248 248 248 247 247 247 247 246 246 246 245 245 245 245 244 244 243 243 243 242 242 241 241 241 240 239 239 239 349 349 348 346 344 344 344 344 344 344 344 344 344 344 344 344 344 344 344 298 298 298 298 298 298 298 298 298 298 298 298 298 298 298 298 298 298 298 243 243 243 243 243 243 243 243 243 243 243 243 243 243 243 243 243 243 243 243 243 243 243 243 243
250 249 249 249 249 249 248 248 248 248 247 247 247 246 246 246 246 245 245 245 244 244 244 243 243 242 242 242 241 241 240 240 239 238 238 238 348 347 345 344 344 344 344 344 344 344 344 344 344 344 344 344 298 298 298 298 298 298 298 298 298 298 298 298 298 298 298 298 298 298 298 243 243 243 243 243 243 243 243 243 243 243 243 243 243 243 243 243 243 243 243 243 243 243 243 243
250 250 250 249 249 249 249 248 248 248 248 247 247 247 246 246 246 246 245 245 245 244 244 244 243 243 242 242 242 241 241 240 240 239 238 238 237 236 236 345 344 344 344 344 344 344 344 344 344 344 344 344 298 298 298 298 298 298 298 298 298 298 298 298 298 298 298 298 298 298 243 243 243 243 243 243 243 243 243 243 243 243 243 243 243 243 243 243 243 243 243 243 243 243 243 243
250 250 250 250 249 249 249 249 248 248 248 248 247 247 247 247 246 246 246 245 245 245 244 244 244 243 243 242 242 242 241 241 240 240 239 238 238 237 236 235 235 344 344 344 344 344 344 344 344 344 344 344 298 298 298 298 298 298 298 298 298 298 298 298 298 298 298 298 298 243 243 243 243 243 243 243 243 243 243 243 243 243 243 243 243 243 243 243 243 243 243 243 243 243 243 243
251 250 250 250 250 249 249 249 249 248 248 248 248 247 247 247 247 246 246 246 245 245 245 244 244 244 243 243 243 242 242 241 241 240 240 239 238 238 237 236 235 233 232 232 344 344 344 344 344 344 344 298 298 298 298 298 298 298 298 298 298 298 298 298 298 298 298 298 243 243 243 243 243 243 243 243 243 243 243 243 243 243 243 243 243 243 243 243 243 243 243 243 243 243 243 243
251 251 250 250 250 250 249 249 249 249 248 248 248 248 247 247 247 247 246 246 246 245 245 245 244 244 244 243 243 243 242 242 241 241 240 240 239 239 238 237 236 235 233 232 232 232 232 344 344 344 344 298 298 298 298 298 298 298 298 298 298 298 298 298 298 298 298 243 243 243 243 243 243 243 243 243 243 243 243 243 243 243 243 243 243 243 243 243 243 243 243 243 243 243 243 243
251 251 251 250 250 250 250 249 249 249 249 249 248 248 248 247 247 247 247 246 246 246 245 245 245 244 244 244 243 243 243 242 242 241 241 240 240 239 239 238 237 236 235 233 232 232 232 232 232 232 344 298 298 298 298 298 298 298 298 298 298 298 298 298 298 298 243 243 243 243 243 243 243 243 243 243 243 243 243 243 243 243 243 243 243 243 243 243 243 243 243 243 243 243 243 243
251 251 251 251 250 250 250 250 250 249 249 249 249 248 248 248 248 247 247 247 246 246 246 245 245 245 244 244 244 243 243 243 242 242 241 241 240 240 239 239 238 237 236 235 233 232 232 232 232 232 232 186 186 298 298 298 298 298 298 298 298 298 298 298 298 243 243 243 243 243 243 243 243 243 243 243 243 243 243 243 243 243 243 243 243 243 243 243 243 243 243 243 243 243 243 243
252 251 251 251 251 250 250 250 250 250 249 249 249 249 248 248 248 248 247 247 247 246 246 246 246 245 245 245 244 244 243 243 243 242 242 241 241 240 240 239 239 238 237 236 235 233 232 232 232 232 232 186 186 186 186 186 298 298 298 298 298 298 298 298 243 243 243 243 243 243 243 243 243 243 243 243 243 243 243 243 243 243 243 243 243 243 243 243 243 243 243 243 243 243 243 243
252 252 251 251 251 251 250 250 250 250 250 249 249 249 249 248 248 248 248 247 247 247 246 246 246 246 245 245 245 244 244 243 243 243 242 242 241 241 240 240 239 239 238 237 236 235 233 232 232 232 186 186 186 186 186 186 186 186 186 298 298 298 298 243 243 243 243 243 243 243 243 243 243 243 243 243 243 243 243 243 243 243 243 243 243 243 243 243 243 243 243 243 243 243 243 243
252 252 252 251 251 251 251 251 250 250 250 250 249 249 249 249 248 248 248 248 247 247 247 246 246 246 246 245 245 245 244 244 243 243 243 242 242 241 241 240 240 239 239 238 237 236 235 233 232 232 186 186 186 186 186 186 186 186 186 186 186 186 131 243 243 243 243 243 243 243 243 243 243 243 243 243 243 243 243 243 243 243 243 243 243 243 243 243 243 243 243 243 243 243 243 243
252 252 252 252 251 251 251 251 251 250 250 250 250 249 249 249 249 248 248 248 248 247 247 247 246 246 246 246 245 245 245 244 244 243 243 243 242 242 241 241 240 240 239 239 238 237 236 235 233 232 186 186 186 186 186 186 186 186 186 186 186 131 131 131 131 131 243 243 243 243 243 243 243 243 243 243 243 243 243 243 243 243 243 243 243 243 243 243 243 243 243 243 243 243 243 243
252 252 252 252 252 251 251 251 251 251 250 250 250 250 249 249 249 249 248 248 248 248 247 247 247 247 246 246 246 245 245 245 244 244 243 243 243 242 242 241 241 240 240 239 239 238 237 236 235 233 186 186 186 186 186 186 186 186 186 186 131 131 131 131 131 131 131 131 131 131 243 243 243 243 243 243 243 243 243 243 243 243 243 243 243 243 243 243 243 243 243 243 243 243 243 243
253 252 252 252 252 252 251 251 251 251 251 250 250 250 250 249 249 249 249 248 248 248 248 247 247 247 247 246 246 246 245 245 245 244 244 243 243 243 242 242 241 241 240 240 239 239 238 237 236 235 187 186 186 186 186 186 186 186 186 186 131 131 131 131 131 131 131 131 131 131 131 131 131 243 243 243 243 243 243 243 243 243 243 243 243 243 243 243 243 243 243 243 243 243 243 243
253 253 252 252 252 252 252 251 251 251 251 251 250 250 250 250 249 249 249 249 248 248 248 248 247 247 247 247 246 246 246 245 245 245 244 244 243 243 243 242 242 241 241 240 240 239 239 238 237 190 189 187 186 186 186 186 186 186 186 131 131 131 131 131 131 131 131 131 131 131 131 131 131 131 131 131 131 243 243 243 243 243 243 243 243 243 243 243 243 243 243 243 243 243 243 243
253 253 253 253 252 252 252 252 251 251 251 251 251 250 250 250 250 249 249 249 249 248 248 248 248 247 247 247 247 246 246 246 245 245 245 244 244 243 243 243 242 242 241 241 240 240 239 239 238 191 190 189 187 186 186 186 186 186 131 131 131 131 131 131 131 131 131 131 131 131 131 131 131 131 131 131 131 131 131 131 131 243 243 243 243 243 243 243 243 243 243 243 243 243 243 243
253 253 253 253 253 252 252 252 252 252 251 251 251 251 250 250 250 250 249 249 249 249 248 248 248 248 247 247 247 247 246 246 246 245 245 245 244 244 243 243 243 242 242 241 241 240 240 239 239 192 191 190 189 187 186 186 186 131 131 131 131 131 131 131 131 131 131 131 131 131 131 131 131 131 131 131 131 131 131 131 131 131 131 131 131 243 243 243 243 243 243 243 243 243 243 243
253 253 253 253 253 253 252 252 252 252 252 251 251 251 251 250 250 250 250 249 249 249 249 248 248 248 248 247 247 247 247 246 246 246 245 245 245 244 244 243 243 243 242 242 241 241 240 240 239 192 192 191 190 189 187 186 131 131 131 131 131 131 131 131 131 131 131 131 131 131 131 131 131 131 131 131 131 131 131 131 131 131 131 131 131 131 131 131 131 131 243 243 243 243 243 243
254 254 253 253 253 253 253 252 252 252 252 252 251 251 251 251 250 250 250 250 249 249 249 249 248 248 248 248 247 247 247 247 246 246 246 245 245 245 244 244 243 243 243 242 242 241 241 240 240 193 192 192 191 190 188 131 131 131 131 131 131 131 131 131 131 131 131 131 131 131 131 131 131 131 131 131 131 131 131 131 131 131 131 131 131 131 131 131 131 131 131 131 131 131 243 243
254 254 254 253 253 253 253 253 252 252 252 252 252 251 251 251 251 250 250 250 250 249 249 249 249 248 248 248 248 247 247 247 247 246 246 246 245 245 245 244 244 243 243 243 242 242 241 241 194 194 193 192 192 191 135 133 131 131 131 131 131 131 131 131 131 131 131 131 131 131 131 131 131 131 131 131 131 131 131 131 131 131 131 131 131 131 131 131 131 131 131 131 131 131 131 131
254 254 254 254 253 253 253 253 253 252 252 252 252 252 251 251 251 251 250 250 250 250 249 249 249 249 248 248 248 248 247 247 247 246 246 246 246 245 245 245 244 244 243 243 243 242 242 241 195 194 194 193 192 137 136 135 133 131 131 131 131 131 131 131 131 131 131 131 131 131 131 131 131 131 131 131 131 131 131 131 131 131 131 131 131 131 131 131 131 131 131 131 131 131 131 131
254 254 254 254 254 253 253 253 253 253 252 252 252 252 252 251 251 251 251 250 250 250 250 249 249 249 249 248 248 248 248 247 247 247 246 246 246 246 245 245 244 244 244 243 243 243 242 242 195 195 194 194 138 137 136 136 134 133 131 131 131 131 131 131 131 131 131 131 131 131 131 131 131 131 131 131 131 131 131 131 131 131 131 131 131 131 131 131 131 131 131 131 131 131 131 131
254 254 254 254 254 254 253 253 253 253 253 252 252 252 252 252 251 251 251 251 250 250 250 250 249 249 249 249 248 248 248 248 247 247 247 246 246 246 245 245 245 244 244 244 243 243 242 242 196 195 195 139 138 138 137 136 135 134 133 131 131 131 131 131 131 131 131 131 131 131 131 131 131 131 131 131 131 131 131 131 131 131 131 131 131 131 131 131 131 131 131 131 131 131 131 131
255 254 254 254 254 254 254 253 253 253 253 253 252 252 252 252 252 251 251 251 251 250 250 250 250 249 249 249 249 248 248 248 248 247 247 247 246 246 246 245 245 245 244 244 244 243 243 196 196 196 140 140 139 138 138 137 136 135 134 132 131 131 131 131 131 131 131 131 131 131 131 131 131 131 131 131 131 131 131 131 131 131 131 131 131 131 131 131 131 131 131 131 131 131 131 131
255 255 254 254 254 254 254 254 253 253 253 253 253 252 252 252 252 252 251 251 251 251 250 250 250 250 249 249 249 249 248 248 248 248 247 247 247 246 246 246 245 245 245 244 244 244 243 197 196 141 140 140 139 139 138 138 137 136 135 134 132 131 131 131 131 131 131 131 131 131 131 131 131 131 131 131 131 131 131 131 131 131 131 131 131 131 131 131 131 131 131 131 131 131 131 131
255 255 255 254 254 254 254 254 254 253 253 253 253 253 252 252 252 252 252 251 251 251 251 250 250 250 250 249 249 249 249 248 248 248 248 247 247 247 246 246 246 245 245 245 244 244 244 197 142 141 141 140 140 139 139 138 138 137 136 135 134 131 131 131 131 131 131 131 131 131 131 131 131 131 131 131 131 131 131 131 131 131 131 131 131 131 131 131 131 131 131 131 131 131 131 131
255 255 255 255 254 254 254 254 254 254 253 253 253 253 253 252 252 252 252 252 251 251 251 251 250 250 250 250 249 249 249 249 248 248 248 248 247 247 247 246 246 246 245 245 245 244 244 143 142 142 141 141 140 140 139 139 138 137 137 136 135 133 131 131 131 131 131 131 131 131 131 131 131 131 131 131 131 131 131 131 131 131 131 131 131 131 131 131 131 131 131 131 131 131 131 131
255 255 255 255 255 254 254 254 254 254 254 253 253 253 253 253 252 252 252 252 251 251 251 251 251 250 250 250 250 249 249 249 249 248 248 248 247 247 247 247 246 246 246 245 245 245 189 143 142 142 142 141 141 140 140 139 139 138 137 136 136 134 133 131 131 131 131 131 131 131 131 131 131 131 131 131 131 131 131 131 131 131 131 131 131 131 131 131 131 131 131 131 131 131 131 131
256 255 255 255 255 255 254 254 254 254 254 254 253 253 253 253 253 252 252 252 252 251 251 251 251 251 250 250 250 250 249 249 249 249 248 248 248 247 247 247 247 246 246 246 245 190 144 143 143 142 142 142 141 141 140 140 139 138 138 137 136 135 134 133 131 131 131 131 131 131 131 131 131 131 131 131 131 131 131 131 131 131 131 131 131 131 131 131 131 131 131 131 131 131 131 131
256 256 255 255 255 255 255 254 254 254 254 254 254 253 253 253 253 253 252 252 252 252 251 251 251 251 251 250 250 250 250 249 249 249 249 248 248 248 247 247 247 247 246 191 191 190 144 143 143 143 142 142 141 141 141 140 140 139 138 138 137 136 135 134 132 131 131 131 131 131 131 131 131 131 131 131 131 131 131 131 131 131 131 131 131 131 131 131 131 131 131 131 131 131 131 131
256 256 256 255 255 255 255 255 254 254 254 254 254 253 253 253 253 253 252 252 252 252 252 251 251 251 251 251 250 250 250 250 249 249 249 248 248 248 248 247 247 247 191 191 191 190 144 144 143 143 143 142 142 141 141 140 140 139 139 138 138 137 136 135 134 131 131 131 131 131 131 131 131 131 131 131 131 131 131 131 131 131 131 131 131 131 131 131 131 131 131 131 131 131 131 131
256 256 256 255 255 255 255 255 255 254 254 254 254 254 253 253 253 253 253 252 252 252 252 252 251 251 251 251 250 250 250 250 250 249 249 249 248 248 248 248 247 192 192 191 191 191 144 144 144 143 143 143 142 142 141 141 140 140 139 139 138 137 137 136 135 133 131 131 131 131 131 131 131 131 131 131 131 131 131 131 131 131 131 131 131 131 131 131 131 131 131 131 131 131 131 131
211 256 256 256 255 255 255 255 255 255 254 254 254 254 254 253 253 253 253 253 252 252 252 252 252 251 251 251 251 250 250 250 250 249 249 249 249 248 248 248 193 192 192 192 191 145 145 144 144 144 143 143 142 142 142 141 141 140 140 139 139 138 137 136 136 134 133 131 131 131 131 131 131 131 131 131 131 131 131 131 131 131 131 131 131 131 131 131 131 131 131 131 131 131 131 131
211 211 211 256 256 255 255 255 255 255 255 254 254 254 254 254 253 253 253 253 253 252 252 252 252 252 251 251 251 251 250 250 250 250 249 249 249 249 248 193 193 193 192 192 192 145 145 145 144 144 144 143 143 142 142 142 141 141 140 140 139 138 138 137 136 135 134 132 131 131 131 131 131 131 131 131 131 131 131 131 131 131 131 131 131 131 131 131 131 131 131 131 131 131 131 131
211 211 211 211 211 256 255 255 255 255 255 255 254 254 254 254 254 253 253 253 253 253 252 252 252 252 252 251 251 251 251 250 250 250 250 249 249 249 194 193 193 193 192 192 192 146 145 145 145 144 144 143 143 143 142 142 141 141 141 140 139 139 138 138 137 136 135 134 132 131 131 131 131 131 131 131 131 131 131 131 131 131 131 131 131 131 131 131 131 131 131 131 131 131 131 131
212 211 211 211 211 211 211 211 255 255 255 255 255 254 254 254 254 254 253 253 253 253 253 252 252 252 252 251 251 251 251 251 250 250 250 250 249 194 194 194 193 193 193 192 192 146 145 145 145 144 144 144 143 143 143 142 142 141 141 140 140 139 139 138 137 137 136 135 133 131 131 131 131 131 131 131 131 131 131 131 131 131 131 131 131 131 131 131 131 131 131 131 131 131 131 131
212 212 211 211 211 211 211 211 210 210 255 255 255 255 254 254 254 254 254 253 253 253 253 253 252 252 252 252 251 251 251 251 251 250 250 250 195 194 194 194 193 193 193 193 146 146 146 145 145 145 144 144 144 143 143 143 142 142 141 141 140 140 139 139 138 137 136 136 134 133 131 131 131 131 131 131 131 131 131 131 131 131 131 131 131 131 131 131 131 131 131 131 131 131 131 131
250 212 212 211 211 211 211 211 211 210 210 210 210 255 254 254 254 254 254 254 253 253 253 253 253 252 252 252 252 251 251 251 251 250 250 195 195 194 194 194 194 193 193 193 147 146 146 146 145 145 145 144 144 144 143 143 142 142 142 141 141 140 140 139 138 138 137 136 135 134 132 131 131 131 131 131 131 131 131 131 131 131 131 131 131 131 131 131 131 131 131 131 131 131 131 131
250 250 212 212 211 211 211 211 211 211 210 210 210 210 210 210 254 254 254 254 253 253 253 253 253 252 252 252 252 252 251 251 251 251 195 195 195 195 194 194 194 194 193 193 147 146 146 146 146 145 145 145 144 144 144 143 143 142 142 141 141 141 140 139 139 138 138 137 136 135 134 131 131 131 131 131 131 131 131 131 131 131 131 131 131 131 131 131 131 131 131 131 131 131 131 131
250 250 250 212 212 211 211 211 211 211 211 210 210 210 210 210 209 209 209 254 254 253 253 253 253 253 252 252 252 252 252 251 251 196 196 195 195 195 195 194 194 194 194 193 147 147 146 146 146 145 145 145 144 144 144 143 143 143 142 142 141 141 140 140 139 139 138 137 137 136 135 133 131 131 131 131 131 131 131 131 131 131 131 131 131 131 131 131 131 131 131 131 131 131 131 131
250 250 250 250 212 212 211 211 211 211 211 210 210 210 210 210 210 209 209 209 209 209 253 253 253 253 253 252 252 252 252 197 196 196 196 196 195 195 195 195 194 194 194 148 147 147 147 146 146 146 145 145 145 144 144 144 143 143 143 142 142 141 141 140 140 139 139 138 137 136 135 134 132 131 131 131 131 131 131 131 131 131 131 131 131 131 131 131 131 131 131 131 131 131 131 131
