testData/tiles/oneDegreeCosts/grid11.0-5.0-12.0-6.0.asc
ncols   200
nrows   200
xllcorner   11.0
yllcorner   5.0
cellsize   0.005
NODATA_value   -9999.0
[rows 123 to 163 of 200, columns 0 to 91 of 200]
614 618 622 626 629 633 635 637 642 644 647 650 653 656 657 661 664 666 669 670 673 675 678 680 681 684 686 688 690 723 724 728 728 730 731 734 735 737 738 741 743 747 748 753 973 975 978 979 981 985 987 988 990 992 993 995 996 1000 1001 1002 1005 1006 1008 1009 1010 1012 1012 1015 1017 1017 1018 1020 1020 1020 1022 1024 1023 1025 1025 1026 1028 1028 1028 1030 1029 1030 1031 1030 1030 1030 1030 1030
614 620 622 626 630 633 636 639 642 645 647 650 654 656 659 661 663 667 669 671 673 676 678 680 682 684 687 688 722 723 725 728 729 730 733 734 735 737 739 742 744 748 750 753 754 976 979 981 982 986 988 990 991 993 995 996 998 999 1001 1003 1004 1007 1008 1009 1011 1013 1013 1014 1016 1016 1019 1020 1021 1022 1022 1024 1024 1024 1025 1027 1027 1028 1029 1029 1029 1030 1030 1030 1031 1031 1031 1031
614 620 623 626 629 634 636 639 643 645 648 651 653 657 659 662 664 667 670 672 674 675 679 680 682 685 687 689 722 724 725 728 729 731 733 735 735 738 740 743 745 749 750 753 756 977 980 981 983 986 987 990 992 994 995 997 998 1000 1002 1004 1005 1007 1008 1010 1011 1012 1013 1015 1017 1017 1019 1021 1021 1021 1022 1024 1024 1026 1025 1026 1028 1028 1028 1029 1030 1031 1030 1031 1031 1031 1032 1031
615 621 623 627 630 634 637 640 642 647 648 651 654 657 660 662 664 668 670 673 674 676 679 681 682 685 687 720 723 724 726 728 730 731 734 735 736 737 742 744 745 750 751 754 756 979 981 983 985 987 989 991 994 995 997 998 999 1001 1002 1005 1006 1008 1009 1010 1011 1014 1013 1015 1016 1017 1019 1021 1021 1022 1023 1024 1024 1025 1025 1028 1028 1028 1028 1029 1029 1030 1031 1031 1031 1031 1032 1031
615 621 624 627 630 635 636 640 643 647 649 651 654 658 660 663 664 667 671 673 675 676 680 681 683 685 687 720 723 725 726 729 729 732 734 735 736 739 742 745 747 750 753 755 757 979 982 983 985 988 989 991 994 996 997 998 1001 1002 1004 1004 1006 1009 1010 1011 1012 1014 1015 1016 1016 1017 1020 1020 1021 1022 1022 1025 1025 1025 1026 1028 1028 1028 1028 1028 1030 1031 1031 1031 1031 1031 1031 1032
616 621 624 628 631 634 637 640 643 647 649 652 655 657 661 663 666 667 671 674 675 677 679 682 683 686 718 720 723 725 726 729 729 732 734 735 736 741 742 746 748 752 753 756 759 981 983 984 987 989 991 992 996 997 998 999 1001 1003 1004 1005 1008 1009 1010 1012 1013 1015 1015 1016 1018 1018 1019 1022 1021 1022 1024 1024 1024 1026 1026 1027 1029 1028 1028 1029 1030 1030 1030 1031 1030 1031 1032 1032
616 621 625 628 631 635 637 641 644 647 650 653 655 658 661 664 666 668 670 674 676 677 680 682 684 686 719 720 724 725 727 729 730 731 735 735 738 741 744 747 749 753 755 757 759 980 983 985 987 990 991 992 995 997 999 1000 1003 1004 1004 1006 1008 1009 1012 1012 1014 1016 1016 1017 1018 1019 1020 1021 1022 1023 1024 1025 1025 1026 1026 1027 1028 1028 1028 1029 1030 1031 1030 1030 1030 1031 1032 1032
617 621 624 629 631 635 638 641 644 648 650 654 655 658 662 664 667 668 671 674 676 678 680 682 685 718 719 722 723 726 727 730 730 732 735 736 738 743 744 748 750 754 755 757 761 981 985 986 989 990 992 994 996 997 999 1001 1003 1004 1006 1007 1008 1010 1012 1014 1014 1015 1017 1018 1018 1020 1021 1021 1022 1024 1024 1026 1026 1026 1027 1028 1028 1029 1028 1029 1031 1030 1030 1030 1030 1030 1031 1032
617 622 625 629 632 636 637 642 644 648 650 654 656 658 661 665 667 669 671 675 676 678 681 682 686 718 720 722 724 726 729 730 731 732 735 737 740 743 746 748 751 755 756 759 761 982 984 987 989 990 993 994 997 998 999 1002 1003 1005 1006 1007 1010 1010 1012 1014 1016 1016 1017 1018 1020 1020 1021 1023 1022 1023 1025 1026 1026 1028 1027 1028 1029 1029 1029 1030 1031 1030 1031 1031 1030 1031 1031 1031
618 622 626 630 633 636 638 642 645 648 650 655 656 659 661 665 668 669 672 674 677 679 681 682 686 719 720 723 724 726 729 731 731 733 735 738 741 744 746 749 752 755 757 759 762 983 986 987 990 992 993 995 997 998 1000 1002 1005 1006 1006 1008 1010 1012 1013 1013 1017 1017 1018 1019 1020 1021 1022 1023 1024 1024 1025 1027 1027 1028 1027 1029 1030 1029 1030 1031 1031 1032 1031 1031 1031 1032 1031 1031
619 622 627 629 634 636 639 643 645 649 651 655 657 660 662 664 668 670 672 675 677 680 681 683 716 719 720 723 724 726 729 731 731 734 735 738 741 746 747 750 752 756 758 761 763 764 986 987 991 992 995 997 998 1000 1000 1002 1005 1006 1008 1009 1011 1012 1013 1015 1016 1017 1019 1020 1021 1022 1023 1024 1024 1025 1026 1027 1027 1029 1029 1029 1030 1031 1030 1031 1032 1032 1032 1032 1032 1032 1032 1032
620 622 627 630 634 636 640 642 646 649 651 655 657 661 662 665 668 670 674 675 677 680 682 683 717 719 721 723 725 726 729 731 732 734 737 738 743 746 748 751 754 756 759 761 763 765 986 989 990 993 995 997 999 1000 1002 1004 1005 1007 1008 1010 1012 1012 1014 1015 1017 1017 1019 1021 1022 1022 1024 1025 1024 1027 1027 1027 1028 1028 1030 1031 1031 1031 1030 1032 1033 1032 1033 1032 1032 1033 1033 1033
619 623 627 630 635 636 640 643 647 650 651 655 658 661 663 665 669 670 674 676 677 681 682 715 717 719 721 724 725 727 729 732 732 735 738 740 742 748 749 752 754 758 759 762 765 766 988 990 992 993 996 999 999 1001 1002 1004 1006 1008 1009 1010 1012 1014 1015 1015 1018 1018 1019 1021 1022 1024 1024 1025 1026 1027 1027 1028 1028 1029 1030 1030 1032 1031 1032 1033 1033 1033 1033 1033 1033 1034 1033 1033
620 623 627 631 634 637 640 643 647 649 652 655 657 662 663 666 668 671 673 676 678 681 683 715 718 719 722 724 726 727 730 731 733 736 739 741 745 748 750 753 755 758 759 763 765 767 988 991 992 993 997 999 1001 1002 1003 1005 1006 1008 1010 1012 1013 1014 1015 1017 1018 1019 1020 1020 1024 1024 1024 1025 1026 1027 1028 1029 1028 1030 1031 1030 1032 1032 1032 1034 1034 1034 1033 1034 1033 1034 1033 1034
620 624 627 631 634 637 641 643 647 650 652 656 657 662 664 666 669 671 674 676 678 680 683 716 718 720 721 725 726 728 730 731 733 737 740 742 745 748 751 753 756 758 760 763 767 768 989 992 993 994 996 1000 1001 1002 1004 1006 1008 1008 1009 1013 1014 1014 1016 1017 1020 1019 1020 1022 1023 1024 1026 1025 1026 1029 1028 1029 1030 1030 1031 1031 1032 1032 1033 1034 1034 1034 1035 1034 1034 1035 1035 1034
620 623 628 630 634 638 641 644 647 650 653 656 658 662 664 668 669 671 674 677 678 681 714 716 718 720 721 725 726 728 730 731 732 738 740 743 746 749 751 755 757 760 761 764 766 768 990 992 994 995 998 1000 1001 1003 1004 1007 1008 1009 1010 1012 1014 1016 1016 1018 1020 1020 1021 1022 1024 1024 1026 1026 1027 1029 1029 1030 1030 1030 1032 1032 1032 1033 1033 1033 1035 1035 1035 1034 1036 1035 1035 1034
621 624 628 631 634 637 642 644 648 649 654 657 658 662 664 667 670 671 675 677 679 681 714 716 719 720 723 724 727 728 731 731 734 738 742 743 747 749 752 755 758 760 761 764 766 769 989 993 994 995 998 1000 1003 1004 1005 1007 1008 1010 1011 1012 1014 1016 1018 1019 1020 1021 1022 1022 1024 1025 1025 1027 1028 1029 1030 1031 1030 1031 1032 1032 1034 1033 1033 1033 1035 1035 1035 1036 1036 1036 1036 1036
621 624 629 631 635 637 642 645 648 650 655 657 659 662 665 667 670 671 674 678 679 682 714 718 719 721 723 725 727 730 731 732 734 739 742 745 748 750 752 757 759 761 763 765 768 769 991 994 995 997 997 1001 1002 1004 1006 1008 1009 1010 1011 1014 1015 1017 1018 1020 1020 1021 1022 1024 1024 1025 1027 1027 1028 1030 1030 1031 1031 1031 1033 1033 1034 1033 1034 1035 1035 1035 1035 1035 1036 1037 1036 1036
622 624 628 632 635 638 642 645 649 650 655 658 659 663 664 668 670 672 674 678 681 713 715 717 720 721 724 725 727 730 732 732 736 739 744 745 749 750 753 757 759 761 763 766 768 770 772 994 996 997 999 1002 1002 1004 1006 1009 1010 1011 1012 1014 1016 1017 1018 1021 1021 1021 1023 1024 1024 1026 1027 1027 1028 1030 1030 1032 1032 1031 1034 1033 1034 1035 1034 1035 1035 1036 1035 1035 1037 1037 1037 1036
622 625 628 632 636 638 642 646 649 651 654 658 659 663 665 668 671 672 675 677 681 713 715 718 720 722 724 726 727 731 732 734 737 740 742 745 750 751 754 756 759 761 764 766 768 770 771 995 996 998 1000 1002 1004 1005 1007 1009 1010 1012 1013 1014 1016 1017 1019 1021 1021 1023 1023 1024 1026 1026 1027 1028 1029 1029 1032 1031 1032 1033 1034 1034 1034 1035 1034 1036 1037 1036 1036 1036 1037 1037 1037 1036
623 626 629 633 636 639 642 646 650 651 655 657 661 662 665 668 671 673 675 677 681 714 715 718 719 722 724 726 727 730 731 734 738 741 743 747 750 752 754 758 760 763 765 767 770 771 773 995 998 998 1000 1003 1004 1006 1008 1010 1011 1012 1013 1016 1016 1018 1019 1021 1022 1023 1024 1025 1026 1027 1028 1028 1030 1030 1031 1031 1033 1034 1034 1035 1034 1035 1037 1036 1036 1036 1037 1036 1037 1037 1037 1037
623 627 629 633 637 640 643 645 650 652 655 657 661 663 665 668 672 674 676 677 713 714 716 718 720 722 725 726 728 730 732 735 739 742 744 746 751 753 756 758 760 762 765 768 770 772 774 995 998 999 1002 1003 1004 1006 1008 1010 1012 1012 1014 1016 1018 1018 1019 1022 1022 1023 1025 1027 1026 1028 1029 1028 1031 1030 1031 1032 1032 1034 1035 1035 1035 1036 1037 1036 1036 1037 1037 1037 1038 1038 1037 1037
622 627 630 633 637 641 643 646 649 652 656 657 662 663 666 668 672 674 676 678 712 715 716 719 720 722 725 727 728 731 732 736 740 743 744 748 752 753 756 758 761 762 766 768 771 772 774 996 997 1000 1002 1003 1006 1006 1009 1010 1011 1014 1015 1017 1018 1019 1020 1021 1022 1023 1025 1027 1027 1028 1029 1029 1031 1031 1032 1032 1032 1034 1036 1035 1036 1036 1037 1038 1037 1038 1037 1038 1038 1038 1038 1038
623 628 630 634 636 641 644 647 649 652 656 658 661 664 666 669 671 675 676 678 712 715 717 719 721 722 726 727 729 731 733 737 740 744 745 749 751 754 757 760 762 764 767 769 772 773 776 997 998 999 1002 1004 1006 1008 1010 1010 1012 1013 1017 1017 1018 1020 1021 1021 1023 1024 1024 1028 1028 1028 1030 1030 1031 1032 1032 1032 1034 1034 1035 1035 1036 1037 1038 1038 1037 1038 1038 1038 1039 1039 1039 1038
623 628 631 634 637 641 644 648 649 653 656 658 661 664 667 669 672 675 677 709 713 714 717 719 721 722 725 727 729 731 734 736 742 744 746 749 753 755 758 760 763 764 767 769 772 774 776 998 999 1000 1003 1004 1007 1008 1010 1012 1012 1013 1017 1018 1019 1020 1021 1022 1023 1024 1026 1027 1028 1030 1030 1030 1032 1032 1033 1033 1034 1035 1036 1036 1036 1038 1038 1038 1038 1039 1039 1039 1040 1039 1039 1038
624 627 631 635 637 642 644 648 650 653 657 658 662 664 667 670 671 675 677 710 712 715 717 720 721 723 725 728 729 732 734 738 742 745 747 751 753 755 758 760 763 764 768 769 772 774 776 778 999 1001 1003 1005 1007 1008 1011 1012 1013 1014 1016 1019 1020 1020 1022 1023 1023 1025 1026 1026 1028 1030 1030 1031 1033 1032 1034 1033 1034 1036 1036 1036 1036 1037 1038 1039 1039 1039 1039 1040 1040 1039 1039 1039
624 628 631 635 638 641 645 648 650 653 657 659 662 664 668 670 671 675 678 710 713 715 717 720 722 723 726 727 730 732 736 738 742 746 748 751 753 755 758 762 764 766 769 771 772 775 777 778 1000 1001 1003 1005 1007 1009 1011 1012 1014 1015 1017 1018 1020 1022 1022 1023 1025 1025 1026 1028 1028 1029 1031 1031 1033 1033 1034 1034 1035 1036 1036 1037 1037 1037 1039 1039 1039 1039 1040 1041 1040 1041 1040 1040
625 628 631 635 638 642 645 648 650 654 658 659 663 664 669 670 672 675 708 710 713 716 717 721 722 725 726 728 730 734 736 738 743 745 748 751 754 756 759 762 765 766 769 771 772 775 778 780 1001 1001 1004 1005 1007 1010 1011 1013 1014 1015 1018 1018 1020 1022 1022 1024 1025 1026 1027 1028 1028 1030 1030 1031 1034 1034 1034 1035 1035 1036 1037 1037 1037 1037 1039 1039 1039 1039 1039 1041 1041 1041 1040 1040
600 629 631 636 638 642 645 648 651 654 656 659 663 665 668 671 672 676 708 711 713 715 718 720 722 725 726 728 729 734 736 740 743 745 749 753 754 757 760 761 765 766 770 771 773 775 778 780 1001 1003 1004 1006 1007 1010 1013 1014 1014 1016 1018 1020 1020 1021 1024 1024 1025 1027 1027 1028 1030 1030 1030 1032 1033 1034 1035 1035 1037 1037 1037 1037 1038 1038 1039 1039 1039 1039 1039 1041 1041 1041 1040 1041
600 605 608 636 639 642 645 649 651 655 656 660 663 665 669 671 673 676 709 710 714 715 719 720 723 725 727 728 731 734 738 740 744 746 749 753 755 757 760 763 766 768 771 772 773 775 778 780 1002 1003 1005 1007 1007 1009 1013 1014 1015 1016 1019 1020 1020 1021 1023 1025 1026 1027 1028 1029 1030 1031 1031 1033 1033 1034 1036 1035 1038 1037 1037 1039 1038 1038 1039 1040 1039 1039 1039 1041 1041 1041 1041 1041
601 605 608 612 615 643 644 648 652 655 657 660 664 665 668 670 673 677 709 712 714 716 718 721 722 726 727 728 731 735 738 741 745 746 749 753 756 758 761 763 766 768 770 773 774 777 778 780 1002 1004 1006 1007 1009 1009 1012 1015 1016 1016 1019 1020 1022 1021 1023 1025 1026 1027 1029 1029 1030 1032 1031 1033 1034 1034 1035 1036 1037 1038 1038 1039 1038 1040 1040 1040 1040 1040 1040 1040 1042 1041 1041 1041
600 605 608 612 616 619 621 624 652 655 657 660 663 666 668 671 673 707 709 712 713 716 718 721 723 726 727 728 732 735 738 743 745 747 750 754 756 759 761 764 765 767 771 773 775 777 780 781 1001 1005 1006 1008 1009 1011 1012 1014 1016 1018 1019 1021 1021 1022 1024 1025 1026 1028 1028 1030 1031 1032 1032 1034 1034 1034 1035 1036 1037 1039 1038 1039 1039 1040 1041 1040 1041 1040 1040 1041 1042 1041 1041 1041
600 605 609 612 615 620 621 625 628 632 657 660 664 666 669 671 673 707 710 712 714 716 719 720 722 724 727 728 733 735 739 743 746 748 751 754 757 759 761 764 765 768 771 774 775 778 780 781 783 1006 1006 1008 1009 1012 1013 1014 1016 1018 1021 1021 1021 1023 1024 1025 1027 1027 1029 1031 1031 1032 1033 1034 1034 1036 1035 1036 1037 1038 1039 1040 1040 1040 1041 1041 1041 1040 1041 1041 1041 1041 1041 1041
602 605 609 613 615 619 621 625 628 632 634 637 663 666 669 672 673 708 710 713 714 716 719 721 722 725 727 730 733 737 739 744 746 749 751 754 756 759 763 765 767 769 772 774 775 778 780 782 783 1005 1008 1008 1010 1012 1013 1015 1015 1018 1020 1020 1022 1023 1025 1026 1027 1028 1029 1031 1032 1032 1033 1034 1035 1036 1035 1037 1037 1038 1039 1040 1040 1040 1041 1041 1041 1042 1041 1042 1041 1042 1041 1041
602 605 609 612 616 619 622 625 628 632 634 638 639 643 645 672 674 707 711 713 715 716 720 721 723 725 727 730 735 737 739 744 746 749 751 755 757 760 763 766 767 769 772 774 777 778 781 782 783 1006 1007 1010 1010 1012 1014 1015 1015 1018 1020 1022 1022 1023 1026 1026 1027 1029 1029 1030 1033 1032 1033 1036 1035 1036 1036 1037 1038 1039 1039 1039 1039 1042 1041 1042 1042 1042 1042 1042 1042 1042 1041 1042
603 605 610 612 616 619 622 626 628 631 635 638 640 642 646 648 651 707 711 713 715 716 719 721 723 725 727 731 735 737 741 744 746 749 754 755 758 760 763 766 767 771 772 775 777 779 782 782 784 1005 1007 1010 1011 1013 1014 1015 1017 1018 1019 1022 1023 1024 1026 1027 1028 1028 1030 1031 1032 1033 1034 1036 1035 1037 1037 1037 1039 1039 1039 1039 1040 1041 1041 1043 1042 1042 1043 1043 1042 1042 1042 1042
603 606 609 613 616 619 623 626 629 631 635 638 640 643 646 648 682 684 685 690 715 717 719 722 723 726 727 731 735 739 741 745 747 751 754 755 758 760 763 766 768 771 773 775 776 780 782 784 784 1005 1008 1009 1012 1014 1014 1016 1017 1019 1020 1021 1024 1024 1026 1028 1028 1028 1031 1031 1032 1033 1034 1036 1037 1037 1037 1038 1039 1040 1039 1040 1040 1041 1041 1042 1042 1043 1043 1043 1043 1043 1043 1042
603 606 610 613 617 619 623 627 629 632 634 639 640 643 645 648 683 684 686 690 692 693 696 721 724 726 729 731 736 739 741 745 747 750 754 756 758 761 763 766 768 771 773 774 777 779 782 784 785 1006 1008 1009 1011 1014 1015 1016 1017 1020 1020 1021 1023 1025 1027 1028 1029 1029 1031 1032 1033 1033 1033 1035 1037 1037 1038 1038 1039 1040 1040 1040 1040 1042 1041 1041 1043 1043 1043 1043 1044 1043 1043 1042
604 606 610 614 617 620 623 627 629 632 635 638 641 643 646 648 683 684 686 689 692 693 696 697 700 726 729 731 736 739 743 745 748 750 755 756 760 761 764 767 769 773 774 775 777 779 782 784 786 788 1008 1010 1011 1014 1016 1016 1018 1020 1021 1022 1023 1026 1027 1028 1030 1029 1031 1033 1033 1033 1035 1035 1036 1038 1038 1039 1039 1040 1040 1040 1041 1042 1042 1042 1043 1043 1043 1043 1043 1043 1044 1043
604 607 610 613 618 620 624 626 629 632 635 638 641 643 646 648 683 685 686 689 692 694 696 698 699 703 705 709 736 739 743 746 748 751 755 757 760 761 765 767 769 773 774 776 778 780 781 785 786 788 1009 1010 1012 1014 1015 1018 1018 1020 1022 1022 1023 1026 1027 1029 1029 1030 1032 1033 1033 1034 1035 1035 1037 1038 1038 1039 1040 1040 1040 1041 1042 1042 1043 1042 1043 1043 1044 1043 1043 1043 1043 1043
604 607 611 613 618 620 624 627 629 633 635 638 641 643 647 648 684 685 687 689 692 694 697 698 700 703 707 709 713 716 719 746 748 752 754 757 760 762 765 767 769 771 775 776 779 781 781 784 786 789 1009 1011 1012 1014 1016 1018 1018 1021 1022 1023 1024 1026 1027 1028 1029 1031 1032 1033 1034 1034 1035 1036 1037 1037 1037 1039 1040 1040 1042 1041 1041 1043 1043 1042 1042 1043 1044 1043 1044 1044 1043 1043
