testData/tiles/oneDegreeCosts/grid31.0-10.0-32.0-11.0.asc
ncols   200
nrows   200
xllcorner   31.0
yllcorner   10.0
cellsize   0.005
NODATA_value   -9999.0
[rows 42 to 83 of 200, columns 94 to 187 of 200]
499 499 500 500 500 500 499 500 500 500 500 500 501 501 501 501 501 502 502 502 502 502 503 503 503 503 503 504 504 504 504 504 504 505 505 505 505 505 505 505 506 506 506 506 506 506 506 424 424 424 424 424 424 424 424 424 424 424 424 424 424 424 424 425 425 425 425 425 425 425 425 425 426 425 425 425 425 425 425 425 425 425 425 425 426 426 426 425 425 425 425 425 425 425
498 499 499 499 499 498 499 499 499 499 500 500 500 500 500 501 501 501 501 501 502 502 502 502 502 502 503 503 503 503 503 503 504 504 504 504 504 504 505 505 505 505 505 505 506 506 506 423 423 423 423 423 424 423 423 423 423 423 423 423 424 424 424 424 424 424 424 424 424 425 425 425 425 424 424 424 424 424 424 424 425 425 425 425 425 425 424 424 424 424 424 424 424 424
498 498 498 498 499 498 498 498 498 499 499 499 499 499 500 500 500 500 500 501 501 501 501 501 502 502 502 502 502 502 503 503 503 503 503 503 504 504 504 504 504 504 505 505 505 505 505 422 422 422 423 423 422 422 422 422 422 423 423 423 423 423 423 423 423 423 424 424 424 424 424 424 423 423 423 423 423 424 424 424 424 424 424 424 424 424 423 423 423 424 424 424 424 424
497 497 497 498 498 497 497 497 498 498 498 498 498 499 499 499 499 499 500 500 500 500 500 501 501 501 501 501 502 502 502 502 502 502 503 503 503 503 503 503 503 504 504 504 504 504 504 422 422 422 422 421 421 421 421 422 422 422 422 422 422 422 422 423 423 423 423 423 423 423 423 422 422 423 423 423 423 423 423 423 423 423 423 423 423 423 423 423 423 423 423 423 423 423
496 496 497 497 496 496 496 497 497 497 497 498 498 498 498 498 499 499 499 499 499 500 500 500 500 500 500 501 501 501 501 501 501 502 502 502 502 502 502 503 503 503 503 503 503 504 504 421 421 421 420 420 420 421 421 421 421 421 421 421 421 422 422 422 422 422 422 422 422 422 423 422 422 422 422 422 422 422 422 422 422 423 423 423 423 422 422 422 422 422 422 422 422 422
495 496 496 496 495 495 496 496 496 496 497 497 497 497 497 498 498 498 498 498 499 499 499 499 499 500 500 500 500 500 500 501 501 501 501 501 501 502 502 502 502 502 502 502 503 503 503 420 420 419 419 420 420 420 420 420 420 420 420 421 421 421 421 421 421 421 421 422 422 422 421 421 421 421 421 421 421 421 422 422 422 422 422 422 421 421 421 421 421 421 421 422 422 422
494 494 495 494 494 495 495 495 495 496 496 496 496 496 497 497 497 497 497 498 498 498 498 498 499 499 499 499 499 499 500 500 500 500 500 500 501 501 501 501 501 501 502 502 502 502 502 418 418 419 419 419 419 419 419 419 420 420 420 420 420 420 420 420 420 421 421 421 421 420 420 420 420 420 420 421 421 421 421 421 421 421 421 421 420 420 420 421 421 421 421 421 421 421
493 493 492 493 494 494 494 494 495 495 495 495 495 496 496 496 496 496 497 497 497 497 497 498 498 498 498 498 499 499 499 499 499 499 500 500 500 500 500 500 501 501 501 501 501 501 500 418 418 418 418 418 418 418 419 419 419 419 419 419 419 419 420 420 420 420 420 420 420 419 419 419 420 420 420 420 420 420 420 420 420 420 420 420 420 420 420 420 420 420 420 420 420 420
492 491 491 492 492 493 493 494 494 494 494 494 495 495 495 495 495 496 496 496 496 496 497 497 497 497 497 498 498 498 498 498 498 499 499 499 499 499 499 500 500 500 500 500 499 500 500 417 417 417 417 417 418 418 418 418 418 418 418 418 419 419 419 419 419 419 419 419 418 419 419 419 419 419 419 419 419 419 419 419 420 420 420 419 419 419 419 419 419 419 419 419 419 420
490 490 491 491 491 491 491 493 493 493 493 494 494 494 494 494 495 495 495 495 495 496 496 496 496 496 497 497 497 497 497 498 498 498 498 498 498 499 499 499 499 499 498 498 499 499 499 416 416 416 417 417 417 417 417 417 417 417 418 418 418 418 418 418 418 418 418 418 418 418 418 418 418 418 418 418 418 419 419 419 419 419 418 418 418 418 418 418 418 419 419 419 419 419
489 490 490 490 490 490 491 491 491 492 493 493 493 493 493 494 494 494 494 494 495 495 495 495 495 496 496 496 496 496 497 497 497 497 497 497 498 498 498 498 497 497 498 498 498 498 498 415 415 416 416 416 416 416 416 416 417 417 417 417 417 417 417 417 418 418 417 417 417 417 417 417 417 417 418 418 418 418 418 418 418 417 417 417 417 418 418 418 418 418 418 418 418 417
488 489 489 489 489 490 490 490 490 491 491 491 492 492 493 493 493 493 493 494 494 494 494 494 495 495 495 495 495 496 496 496 496 496 496 497 497 496 496 496 496 497 497 497 497 497 497 415 415 415 415 415 415 415 416 416 416 416 416 416 416 416 417 417 417 416 416 416 416 416 416 417 417 417 417 417 417 417 417 417 417 416 417 417 417 417 417 417 417 417 417 417 416 416
488 488 488 488 489 489 489 489 489 490 490 490 490 491 491 491 492 492 493 493 493 493 493 494 494 494 494 494 495 495 495 495 495 495 495 495 495 495 495 496 496 496 496 496 496 496 497 414 414 414 414 414 414 415 415 415 415 415 415 415 416 416 416 416 415 415 415 415 415 416 416 416 416 416 416 416 416 416 416 417 416 416 416 416 416 416 416 416 416 416 416 416 416 416
487 487 487 487 488 488 488 488 489 489 489 489 490 490 490 490 490 491 491 491 491 491 492 492 492 492 492 493 493 493 493 493 494 494 494 494 494 494 495 495 495 495 495 495 496 496 496 413 413 413 413 414 414 414 414 414 414 414 414 415 415 415 415 414 414 414 414 415 415 415 415 415 415 415 415 415 415 416 416 415 415 415 415 415 415 415 415 415 415 416 416 415 415 415
486 486 486 487 487 487 487 488 488 488 488 489 489 489 489 489 490 490 490 490 490 491 491 491 491 491 492 492 492 492 492 493 493 493 493 493 493 494 494 494 494 494 494 495 495 495 495 412 412 412 413 413 413 413 413 413 413 414 414 414 414 414 413 413 413 414 414 414 414 414 414 414 414 414 415 415 415 415 414 414 414 414 414 414 414 414 415 415 415 415 415 414 414 414
485 485 486 486 486 486 486 487 487 487 487 488 488 488 488 489 489 489 489 489 490 490 490 490 490 491 491 491 491 491 492 492 492 492 492 492 493 493 493 493 493 493 494 494 494 494 494 411 412 412 412 412 412 412 412 413 413 413 413 413 413 412 412 413 413 413 413 413 413 413 413 413 414 414 414 414 414 413 413 413 413 413 413 414 414 414 414 414 414 414 413 413 413 413
484 484 485 485 485 485 486 486 486 486 487 487 487 487 487 488 488 488 488 489 489 489 489 489 490 490 490 490 490 491 491 491 491 491 491 492 492 492 492 492 492 493 493 493 493 493 493 411 411 411 411 411 411 411 412 412 412 412 412 411 411 411 412 412 412 412 412 412 412 412 413 413 413 413 413 413 413 412 412 412 413 413 413 413 413 413 413 413 413 412 412 412 412 413
483 484 484 484 484 484 485 485 485 485 486 486 486 486 487 487 487 487 487 488 488 488 488 489 489 489 489 489 489 490 490 490 490 490 491 491 491 491 491 491 492 492 492 492 492 492 410 410 410 410 410 410 410 411 411 411 411 411 410 410 411 411 411 411 411 411 411 411 412 412 412 412 412 412 412 412 411 411 412 412 412 412 412 412 412 412 412 412 412 411 412 412 412 412
482 483 483 483 483 484 484 484 484 485 485 485 485 486 486 486 486 486 487 487 487 487 487 488 488 488 488 488 489 489 489 489 489 490 490 490 490 490 490 491 491 491 491 491 491 492 409 409 409 409 409 410 410 410 410 410 410 409 409 410 410 410 410 410 410 410 410 411 411 411 411 411 411 411 411 410 411 411 411 411 411 411 411 411 411 411 411 411 411 411 411 411 411 411
481 482 482 482 482 483 483 483 483 484 484 484 484 485 485 485 485 486 486 486 486 486 487 487 487 487 487 488 488 488 488 488 489 489 489 489 489 489 490 490 490 490 490 490 491 491 408 408 408 408 409 409 409 409 409 408 408 409 409 409 409 409 409 409 409 410 410 410 410 410 410 410 410 410 410 410 410 410 410 410 410 410 410 410 410 411 411 410 410 410 410 410 410 410
481 481 481 481 482 482 482 482 483 483 483 483 483 484 484 484 484 485 485 485 485 485 486 486 486 486 487 487 487 487 487 487 488 488 488 488 488 489 489 489 489 489 489 490 490 490 407 407 407 408 408 408 408 408 407 407 408 408 408 408 408 408 408 408 409 409 409 409 409 409 409 409 409 409 409 409 409 409 409 409 409 409 409 410 410 410 409 409 409 409 409 409 409 409
480 480 480 480 481 481 481 481 482 482 482 482 483 483 483 483 484 484 484 484 484 485 485 485 485 485 486 486 486 486 486 487 487 487 487 487 488 488 488 488 488 488 489 489 489 489 406 406 407 407 407 407 406 406 406 407 407 407 407 407 407 407 407 408 408 408 408 408 408 408 408 409 408 408 408 408 408 408 408 408 408 409 409 409 409 408 408 408 408 408 408 408 408 408
479 479 479 479 480 480 480 480 481 481 481 481 482 482 482 482 483 483 483 483 483 484 484 484 484 485 485 485 485 485 486 486 486 486 486 486 487 487 487 487 487 488 488 488 488 488 405 406 406 406 405 405 405 405 406 406 406 406 406 406 406 407 407 407 407 407 407 407 407 407 408 407 407 407 407 407 407 407 407 408 408 408 408 408 408 407 407 407 407 407 407 408 408 408
477 478 478 478 479 479 479 480 480 480 480 480 481 481 481 481 482 482 482 482 483 483 483 483 483 484 484 484 484 484 485 485 485 485 485 486 486 486 486 486 486 487 487 487 487 487 404 405 404 404 404 404 404 405 405 405 405 405 405 405 406 406 406 406 406 406 406 406 407 406 406 406 406 406 406 406 406 406 407 407 407 407 407 407 406 406 406 406 406 407 407 407 407 407
476 476 476 477 478 478 478 479 479 479 479 480 480 480 480 481 481 481 481 481 482 482 482 482 483 483 483 483 483 484 484 484 484 484 485 485 485 485 485 485 486 486 486 486 486 485 403 403 403 403 403 403 404 404 404 404 404 404 404 405 405 405 405 405 405 405 405 406 405 405 405 405 405 405 405 405 406 406 406 406 406 406 406 405 405 405 405 406 406 406 406 406 406 406
475 475 475 476 476 476 476 478 478 478 478 479 479 479 479 480 480 480 480 480 481 481 481 481 482 482 482 482 482 483 483 483 483 483 484 484 484 484 484 485 485 485 484 484 484 485 402 402 402 402 402 402 403 403 403 403 403 403 404 404 404 404 404 404 404 404 405 404 404 404 404 404 404 404 404 405 405 405 405 405 405 405 404 404 404 405 405 405 405 405 405 405 405 405
474 474 474 475 475 475 475 476 476 476 477 478 478 478 478 479 479 479 479 480 480 480 480 480 481 481 481 481 481 482 482 482 482 482 483 483 483 483 483 483 483 483 483 483 483 484 401 401 401 401 401 402 402 402 402 402 402 402 403 403 403 403 403 403 403 404 403 403 403 403 403 403 403 403 404 404 404 404 404 404 404 403 403 403 404 404 404 404 404 404 404 404 404 403
473 473 473 474 474 474 474 475 475 475 475 476 476 476 476 478 478 478 478 479 479 479 479 479 480 480 480 480 481 481 481 481 481 482 481 481 481 481 481 482 482 482 482 482 483 483 400 400 400 400 401 401 401 401 401 401 401 402 402 402 402 402 402 402 402 402 402 402 402 402 402 402 402 403 403 403 403 403 403 403 402 402 402 403 403 403 403 403 403 403 403 403 402 402
472 472 472 473 473 473 473 474 474 474 474 475 475 475 475 476 476 476 476 477 477 477 477 477 478 478 478 478 479 479 479 479 479 480 480 480 480 480 481 481 481 481 481 481 482 482 399 399 399 399 400 400 400 400 400 400 401 401 401 401 401 401 401 400 401 401 401 401 401 401 401 401 402 402 402 402 402 402 402 401 401 402 402 402 402 402 402 402 402 402 402 401 401 402
471 471 471 472 472 472 472 473 473 473 473 474 474 474 474 475 475 475 475 476 476 476 476 477 477 477 477 477 478 478 478 478 478 479 479 479 479 479 480 480 480 480 480 481 481 481 398 398 398 399 399 399 399 399 399 399 400 400 400 400 400 399 399 400 400 400 400 400 400 400 400 401 401 401 401 401 401 401 400 400 401 401 401 401 401 401 401 401 401 401 400 400 401 401
470 470 470 470 471 471 471 472 472 472 472 473 473 473 473 474 474 474 474 475 475 475 475 476 476 476 476 476 477 477 477 477 477 478 478 478 478 478 479 479 479 479 479 480 480 480 397 397 397 398 398 398 398 398 398 399 399 399 399 398 398 398 399 399 399 399 399 399 399 399 400 400 400 400 400 400 399 399 399 400 400 400 400 400 400 400 400 400 400 399 399 400 400 400
469 469 469 469 470 470 470 471 471 471 471 472 472 472 472 473 473 473 473 474 474 474 474 475 475 475 475 475 476 476 476 476 476 477 477 477 477 477 478 478 478 478 478 479 479 479 396 396 396 397 397 397 397 397 397 398 398 398 397 397 397 397 398 398 398 398 398 398 398 398 399 399 399 399 399 398 398 398 398 399 399 399 399 399 399 399 399 399 398 398 399 399 399 399
467 468 468 468 469 469 469 469 470 470 470 471 471 471 471 472 472 472 472 473 473 473 473 474 474 474 474 474 475 475 475 475 475 476 476 476 476 476 477 477 477 477 477 478 478 478 395 395 395 396 396 396 396 396 396 397 396 396 396 396 396 396 397 397 397 397 397 397 397 398 398 398 398 398 397 397 397 397 398 398 398 398 398 398 398 398 398 397 397 398 398 398 398 398
466 467 467 467 468 468 468 468 469 469 469 469 470 470 470 471 471 471 471 472 472 472 472 472 473 473 473 473 474 474 474 474 474 475 475 475 475 475 476 476 476 476 476 477 477 477 394 394 394 395 395 395 395 394 394 395 395 395 395 395 395 396 396 396 396 396 396 396 396 397 397 397 397 396 396 396 396 396 397 397 397 397 397 397 397 397 396 396 397 397 397 397 397 397
465 466 466 466 466 467 467 467 468 468 468 468 469 469 469 469 470 470 470 470 471 471 471 471 472 472 472 472 473 473 473 473 473 474 474 474 474 474 475 475 475 475 475 476 476 393 393 393 393 394 394 393 393 393 393 394 394 394 394 394 394 395 395 395 395 395 395 395 395 396 396 395 395 395 395 395 395 396 396 396 396 396 396 396 396 395 395 396 396 396 396 396 396 396
463 464 465 465 465 466 466 466 466 467 467 467 468 468 468 468 469 469 469 469 470 470 470 470 471 471 471 471 472 472 472 472 472 473 473 473 473 473 474 474 474 474 474 475 475 392 392 392 391 392 392 392 392 392 392 393 393 393 393 393 393 394 394 394 394 394 394 394 394 395 394 394 394 394 394 394 394 395 395 395 395 395 395 395 394 394 394 395 395 395 395 395 395 395
462 462 463 463 464 464 465 465 465 466 466 466 466 467 467 467 468 468 468 468 469 469 469 469 470 470 470 470 470 471 471 471 471 472 472 472 472 472 473 473 473 473 473 474 474 390 390 390 390 391 391 391 391 391 391 392 392 392 392 392 392 393 393 393 393 393 393 393 393 393 393 393 393 393 393 393 393 394 394 394 394 394 394 393 393 393 393 394 394 394 394 394 394 394
461 461 461 462 462 462 463 464 464 464 465 465 465 466 466 466 466 467 467 467 467 468 468 468 468 469 469 469 469 470 470 470 470 470 471 471 471 471 472 472 472 472 471 472 472 389 389 389 389 390 390 390 390 390 390 391 391 391 391 391 391 392 392 392 392 392 392 391 391 392 392 392 392 392 392 392 392 393 393 393 393 393 392 392 392 392 392 393 393 393 393 393 393 392
460 460 460 461 461 461 461 462 462 462 463 463 464 464 465 465 465 466 466 466 466 467 467 467 467 468 468 468 468 469 469 469 469 469 470 470 470 469 469 470 470 470 470 470 471 388 388 388 388 389 389 389 389 389 389 390 390 390 390 390 390 390 391 391 391 390 390 390 390 391 391 391 391 391 391 391 391 392 392 392 391 391 391 391 391 391 391 392 392 392 392 392 391 391
458 459 459 459 460 460 460 461 461 461 461 462 462 462 463 463 463 463 464 464 464 465 466 466 466 466 467 467 466 466 467 467 467 467 468 468 468 468 468 469 469 469 469 469 470 387 387 387 387 387 388 388 388 388 388 389 389 389 389 389 389 389 390 389 389 389 389 389 389 390 390 390 390 390 390 390 390 391 391 390 390 390 390 390 390 390 390 391 391 391 391 390 390 390
457 457 458 458 458 459 459 459 460 460 460 461 461 461 461 462 462 462 463 463 463 463 464 464 464 464 465 465 465 465 466 466 466 466 466 467 467 467 467 467 468 468 468 468 468 386 386 386 386 386 387 387 387 387 387 387 388 388 388 388 388 387 388 388 388 388 388 388 388 389 389 389 389 389 389 389 389 390 389 389 389 389 389 389 389 389 389 390 390 390 389 389 389 389
456 456 457 457 457 458 458 458 458 459 459 459 460 460 460 461 461 461 461 462 462 462 462 463 463 463 463 464 464 464 464 465 465 465 465 466 466 466 466 466 467 467 467 467 467 385 385 385 385 385 385 386 386 386 386 386 387 387 387 386 386 386 386 387 387 387 387 387 387 387 388 388 388 388 388 388 387 387 388 388 388 388 388 388 388 388 388 389 389 388 388 388 388 388
