testData/tiles/oneDegreeCosts/grid42.0-46.0-43.0-47.0.asc
ncols   200
nrows   200
xllcorner   42.0
yllcorner   46.0
cellsize   0.005
NODATA_value   -9999.0
[rows 126 to 167 of 200, columns 94 to 187 of 200]
598 599 600 600 601 602 604 604 605 606 607 607 608 609 610 611 611 612 612 613 614 616 620 622 625 627 630 632 634 636 638 641 643 544 545 548 549 550 553 554 555 558 559 560 562 563 564 565 567 568 570 571 572 574 575 576 576 577 579 579 580 581 582 582 583 583 584 586 586 586 587 588 588 588 588 588 588 588 588 588 588 588 589 588 588 588 589 589 589 588 588 587 586 585
597 598 599 600 600 602 603 604 604 605 606 606 607 609 609 610 611 611 612 612 613 615 619 621 625 627 630 631 634 636 638 641 643 544 545 548 549 551 553 554 556 558 559 561 562 563 564 565 566 567 568 570 571 573 574 575 576 577 577 578 579 579 581 582 583 583 583 585 585 585 586 586 586 587 588 588 588 587 587 587 587 587 587 587 588 588 588 588 588 587 587 587 587 585
596 597 598 599 600 601 602 603 604 604 605 606 606 608 609 609 610 611 612 613 613 616 619 622 624 627 629 631 633 636 637 641 541 543 545 547 549 550 552 554 555 557 559 560 561 562 564 565 566 567 569 570 570 573 574 575 575 576 576 577 579 579 580 581 581 582 582 584 584 584 585 585 585 585 587 587 587 587 587 586 586 586 586 586 586 587 588 588 588 586 586 586 586 585
596 596 597 598 599 601 601 602 603 603 604 605 606 608 609 609 610 611 611 612 612 615 618 621 623 626 628 630 632 635 636 640 540 543 544 546 548 549 550 553 554 557 558 559 560 562 563 564 566 567 568 569 569 572 574 574 575 576 576 577 577 578 579 579 579 581 581 584 584 584 585 585 585 585 585 586 587 587 587 587 587 586 585 585 585 585 586 587 586 586 586 585 585 584
595 596 596 597 598 600 600 601 602 604 604 605 606 607 608 609 609 610 610 611 612 614 618 620 623 625 628 629 632 634 636 639 539 542 543 545 547 548 550 552 553 556 557 558 560 561 562 564 565 566 567 567 569 571 572 573 574 576 576 577 577 578 578 578 579 580 581 583 583 583 583 584 584 584 584 585 585 586 586 586 586 586 586 586 585 584 585 585 584 585 585 585 583 583
594 595 596 596 597 600 601 601 602 603 604 604 605 607 607 608 608 609 610 610 611 613 617 619 622 624 626 628 631 633 635 537 539 541 542 544 546 548 549 551 553 555 556 558 559 560 562 563 564 565 567 567 568 570 571 572 573 575 575 576 576 577 578 579 579 580 579 581 582 582 582 583 583 583 583 583 584 584 585 585 585 585 585 585 585 584 585 583 583 583 584 584 583 583
593 594 596 596 597 599 600 601 601 602 603 603 604 606 606 607 608 608 609 609 610 613 616 619 621 624 625 628 630 632 634 536 538 540 542 543 545 547 548 550 552 554 556 557 558 559 561 562 563 565 565 566 567 569 571 571 572 573 574 575 576 577 577 578 578 579 579 580 581 581 581 583 583 583 583 583 584 584 583 583 584 584 584 584 584 584 585 583 583 582 582 582 582 582
593 594 595 596 596 598 599 600 600 601 602 603 603 605 606 606 607 607 608 609 609 612 615 618 620 622 624 627 629 631 633 536 537 538 541 542 545 546 547 549 551 553 555 556 557 559 560 561 563 564 564 565 566 569 569 570 571 571 573 575 575 576 576 577 577 578 578 580 581 581 582 582 582 582 582 582 582 583 583 583 583 584 583 583 583 583 583 583 583 582 582 581 580 581
592 593 594 595 596 597 598 599 600 600 601 602 602 604 605 605 606 607 607 608 608 611 614 617 619 621 624 626 628 630 532 534 536 538 540 543 544 545 547 548 549 553 554 555 557 558 559 560 562 562 563 564 566 568 568 569 570 571 572 573 573 575 575 576 577 578 578 579 580 580 580 580 582 582 581 581 581 582 582 582 582 582 582 583 583 582 582 582 582 582 582 580 579 579
591 592 593 594 595 596 597 598 599 599 600 601 601 603 604 604 605 606 606 607 607 609 615 616 619 621 624 626 629 630 532 534 536 538 540 542 543 545 547 548 550 553 554 556 557 558 559 561 562 561 562 564 565 567 567 568 570 570 571 572 572 573 575 576 576 576 577 578 579 579 579 579 580 581 581 581 580 580 581 581 581 581 581 581 581 581 582 581 581 581 581 580 579 578
590 591 592 593 594 595 596 597 598 598 599 600 601 602 603 604 605 606 606 607 608 609 613 615 618 620 623 625 627 629 531 533 536 537 539 541 542 545 546 547 549 551 553 555 556 557 559 560 560 561 563 564 565 567 567 568 569 569 570 570 571 573 573 574 575 575 576 577 577 578 578 578 579 579 580 580 580 580 580 580 580 580 580 580 579 579 581 581 580 580 580 579 579 579
589 590 591 592 593 595 595 596 597 598 598 599 601 602 603 604 604 605 606 606 607 608 612 614 617 619 622 624 626 527 530 532 535 536 539 540 541 544 545 547 548 550 552 553 555 556 558 558 559 561 562 563 564 565 567 568 569 569 570 570 571 571 572 572 573 574 575 576 576 578 578 578 578 579 579 579 580 580 580 580 578 578 578 578 578 578 579 579 580 580 578 578 578 578
588 589 590 591 592 593 594 595 596 598 598 599 600 601 602 603 603 604 605 605 606 607 611 614 616 619 621 623 625 527 528 531 534 535 537 539 541 542 544 546 547 549 551 552 553 555 556 557 558 560 561 562 563 565 566 567 567 568 570 570 571 571 571 571 572 572 575 576 576 577 577 577 577 578 578 578 578 579 579 579 579 579 578 577 577 577 578 578 578 579 578 577 577 577
587 588 589 590 591 592 594 595 596 597 597 598 599 601 601 602 602 603 604 604 605 606 610 613 615 618 620 622 523 526 527 531 532 534 536 538 540 541 543 545 546 548 550 551 552 554 555 556 558 559 560 561 562 564 565 566 566 568 569 569 570 570 571 571 573 572 572 573 575 575 576 576 576 577 577 577 577 577 577 578 578 578 578 578 577 577 577 577 577 577 576 577 576 575
586 587 588 590 591 592 593 594 595 596 596 597 598 600 600 601 602 602 603 603 604 606 609 612 614 617 618 621 522 525 526 530 531 534 535 537 539 540 542 544 545 547 549 550 552 553 554 555 557 558 559 560 561 563 564 565 566 567 567 568 569 569 570 571 572 572 572 573 573 574 575 575 575 575 576 576 576 576 576 576 577 577 577 577 577 577 576 576 576 575 575 575 575 574
586 587 588 589 590 591 592 593 594 595 595 596 597 598 599 600 601 601 602 602 603 605 608 611 613 616 617 620 521 523 525 529 530 533 534 536 538 539 541 543 544 546 548 549 551 552 553 555 556 557 558 559 560 561 563 563 565 566 566 567 568 568 570 570 570 571 571 572 573 573 575 574 574 574 574 575 575 575 575 575 575 575 576 576 576 576 576 576 574 574 574 574 574 572
585 586 587 588 589 590 591 592 593 594 594 595 596 597 598 599 600 600 601 601 602 604 607 610 612 614 616 518 521 523 525 529 530 532 534 536 538 539 541 542 545 546 548 549 550 551 552 554 555 556 557 558 559 560 562 563 564 565 565 566 566 568 568 569 569 570 570 571 572 572 572 573 574 574 574 574 574 574 574 574 574 574 574 574 575 575 575 576 574 573 573 573 572 572
584 585 586 587 588 589 590 591 592 593 593 594 595 596 597 598 599 599 600 601 601 603 606 609 611 614 616 518 520 522 524 526 529 531 533 535 537 538 540 541 543 545 547 549 550 551 553 554 555 556 556 557 558 559 561 562 563 564 564 565 566 567 567 568 568 569 569 569 571 571 571 572 573 574 574 573 574 573 573 573 573 573 573 573 573 574 574 574 574 573 573 572 571 571
583 584 585 586 587 588 589 590 591 592 592 593 594 595 596 597 599 599 600 601 601 602 605 608 610 613 616 517 519 521 524 525 528 530 532 534 535 538 539 540 542 544 546 548 549 550 552 553 554 554 556 557 558 559 561 561 562 562 563 564 565 566 566 567 567 568 568 568 570 571 571 572 572 572 572 573 573 573 573 573 572 572 572 572 572 572 571 573 573 572 572 572 570 570
582 583 584 585 586 586 588 589 590 591 591 592 594 595 596 597 598 598 599 600 600 601 603 607 609 612 514 516 518 520 523 524 527 529 531 533 534 537 538 539 541 542 544 547 548 549 551 552 552 553 555 556 557 558 560 561 562 562 563 563 564 565 565 566 566 566 567 567 569 570 570 570 571 571 571 571 572 572 573 572 572 571 571 571 571 570 570 570 571 572 571 570 570 570
581 582 583 584 585 585 587 588 589 591 591 592 593 594 595 596 597 597 598 598 599 600 602 606 608 611 513 514 517 519 521 523 525 528 529 532 533 535 537 538 540 541 543 545 546 547 549 550 551 553 554 555 556 557 559 560 561 561 562 563 564 564 564 564 565 565 566 567 567 569 569 569 570 570 570 570 570 570 571 571 572 571 570 569 569 569 569 569 570 570 570 569 569 569
580 581 582 583 583 584 587 588 589 589 590 591 592 592 594 595 596 596 597 597 598 599 601 605 607 509 511 513 516 518 520 522 524 527 528 531 532 534 536 537 539 540 541 544 545 546 548 549 550 552 553 554 555 556 557 559 559 560 562 562 563 563 564 564 565 564 566 566 566 568 568 568 568 569 569 569 569 569 569 569 570 570 570 568 568 568 568 568 569 569 568 567 568 568
579 580 580 582 583 584 585 587 588 588 589 590 591 591 593 594 594 595 596 596 597 598 600 604 606 507 509 512 515 516 519 521 523 526 527 529 531 533 534 536 538 539 540 543 544 545 547 548 549 551 552 553 553 555 556 558 558 559 561 561 562 562 563 563 564 564 565 566 565 566 567 567 567 567 568 568 568 568 568 568 568 569 569 568 567 567 567 567 567 567 567 566 566 565
577 579 580 581 582 583 584 586 586 587 588 589 590 590 591 593 593 594 595 595 596 597 598 602 604 506 508 511 513 515 517 519 521 524 526 528 530 532 533 534 537 538 539 542 543 544 546 547 548 550 551 551 552 554 555 556 557 558 559 560 561 561 562 562 562 563 564 565 565 565 566 566 566 566 567 567 567 567 567 567 567 567 567 567 567 567 566 566 566 566 566 565 565 564
577 578 579 580 581 582 583 584 585 586 587 588 588 589 590 592 592 593 594 594 595 595 597 601 502 506 508 511 512 515 517 519 521 524 526 528 529 532 533 534 536 538 539 542 543 544 545 546 547 549 549 550 551 553 554 555 556 557 558 559 559 560 560 561 561 562 563 564 564 564 565 566 565 565 565 566 566 566 566 566 566 566 566 565 566 566 566 565 564 564 565 564 563 563
577 577 578 579 580 581 581 583 584 585 586 586 587 588 589 590 591 592 592 593 595 595 597 601 502 505 507 510 511 514 516 518 520 523 525 527 528 531 532 533 535 536 538 541 542 543 545 546 547 548 549 549 550 552 552 553 555 555 557 558 558 559 559 560 560 561 562 562 563 563 564 565 565 565 564 564 565 565 565 565 565 565 565 564 564 564 565 564 564 563 564 563 562 562
576 577 578 579 578 579 580 582 583 584 585 585 586 587 588 590 591 592 592 593 594 594 596 497 501 504 506 508 510 513 514 517 518 522 523 526 527 528 531 532 534 535 536 539 541 542 544 545 545 547 548 549 550 552 552 553 554 554 556 557 557 558 558 559 559 559 561 561 562 562 562 563 564 564 564 564 563 564 564 564 564 564 564 563 563 563 562 562 563 563 562 561 561 561
574 575 576 577 578 579 579 581 582 583 583 584 586 587 587 589 590 590 591 592 592 593 595 496 500 502 504 507 509 512 513 516 517 521 522 525 526 527 530 531 533 534 535 537 539 540 542 543 544 545 547 548 549 549 551 552 554 554 555 555 556 556 557 557 558 558 560 560 560 561 561 562 563 563 563 563 563 563 562 563 563 563 563 562 561 561 561 561 561 561 561 560 560 560
573 574 575 576 577 578 579 580 581 582 583 584 585 585 586 588 589 589 590 591 591 592 492 494 498 500 503 505 508 510 512 515 516 518 521 522 525 526 528 530 531 533 534 536 538 539 541 542 543 544 546 547 547 548 550 551 551 553 554 555 556 556 556 556 557 557 558 559 559 560 560 561 561 562 562 562 562 562 562 561 561 561 560 560 560 560 560 560 560 560 558 559 560 559
572 573 574 575 576 577 577 579 581 582 583 583 583 584 585 586 587 588 589 589 590 591 490 493 497 499 502 504 506 508 511 512 515 516 520 521 524 525 527 528 530 532 533 534 536 538 539 541 542 543 545 546 546 547 549 550 550 552 552 554 555 555 556 556 556 556 556 557 558 558 559 559 560 560 561 561 561 561 561 561 561 559 559 559 559 559 559 559 559 558 557 557 557 558
569 571 572 573 575 576 577 578 580 581 582 582 583 583 584 584 586 587 588 588 589 590 489 492 494 498 501 503 505 507 510 511 514 515 519 520 522 524 525 527 528 531 532 533 535 537 538 540 541 542 543 544 545 546 547 548 549 551 551 552 553 554 554 555 555 556 556 556 556 557 558 558 559 559 559 560 560 560 560 560 559 559 559 558 558 558 558 558 557 542 542 542 542 542
568 570 572 573 574 575 576 577 579 579 580 581 582 583 583 584 585 586 586 587 588 487 488 491 493 497 499 501 503 506 508 510 513 514 517 519 520 523 524 526 527 528 531 532 534 536 537 538 540 540 541 543 544 545 545 547 548 548 550 551 551 553 553 554 554 555 555 555 556 555 555 556 557 558 558 558 559 558 558 558 558 558 558 558 543 543 543 542 541 541 541 541 540 540
568 570 571 572 573 574 574 575 577 578 579 580 581 581 582 583 585 585 585 586 586 486 487 489 493 496 498 501 503 506 507 510 511 514 515 519 520 522 524 525 527 528 530 531 533 536 537 536 538 539 540 541 543 544 544 545 547 547 549 550 550 551 552 553 553 553 554 554 555 555 555 554 555 556 556 556 556 557 557 543 543 543 543 543 543 542 541 540 540 540 540 539 539 538
567 569 569 570 571 572 573 574 575 577 578 578 579 580 581 582 582 584 585 586 485 486 486 488 491 494 497 499 502 504 506 509 510 513 514 517 519 520 522 524 526 527 528 530 531 533 535 536 537 539 540 541 542 542 543 544 544 546 548 548 549 549 550 551 552 552 553 553 553 554 554 554 555 554 541 541 541 541 541 542 542 542 542 542 541 541 540 539 539 539 539 538 537 537
566 568 569 570 570 571 572 573 573 575 576 577 578 579 579 581 582 584 584 585 485 486 485 487 489 492 496 498 500 502 505 506 509 510 513 515 518 519 521 522 524 526 527 529 530 531 534 535 536 538 539 540 540 542 543 544 543 544 546 547 548 548 549 549 551 551 552 552 538 539 539 539 539 540 541 540 540 540 540 540 540 540 540 540 540 539 539 539 538 538 537 536 536 536
564 565 567 568 569 570 571 571 572 574 575 576 578 578 579 580 581 582 583 483 484 484 485 486 488 491 494 496 498 501 504 505 508 509 512 513 516 518 519 521 522 525 526 527 529 530 531 534 535 536 538 538 539 540 542 542 543 544 544 546 547 533 534 534 535 535 536 537 537 537 538 538 538 538 539 540 539 539 539 539 539 539 539 538 538 538 538 538 538 536 535 535 535 534
563 564 566 567 568 569 570 571 572 573 574 575 576 577 578 579 579 581 582 481 482 483 484 485 488 490 492 495 497 500 501 504 505 508 509 512 514 517 518 520 521 522 525 526 528 529 530 533 534 535 535 537 538 539 526 527 528 529 529 530 532 532 532 533 533 534 534 535 536 536 537 537 537 537 537 539 539 539 538 538 538 537 537 537 537 537 537 537 536 535 534 534 534 533
561 562 564 565 566 567 568 570 571 572 574 574 575 575 576 577 578 579 479 480 481 481 482 483 485 488 491 494 496 497 500 503 504 507 508 511 513 514 517 518 520 521 523 524 526 528 515 517 518 519 520 521 523 524 524 525 527 527 528 529 530 532 532 533 532 533 533 533 534 534 534 535 535 536 536 536 537 537 537 536 536 536 536 536 536 536 536 535 534 534 534 534 532 531
560 561 563 564 565 567 568 569 570 571 572 573 574 575 575 576 576 577 478 479 479 480 481 481 484 487 489 493 495 497 499 500 503 504 507 508 497 499 501 503 504 506 507 509 510 511 513 514 516 518 519 520 521 522 523 524 525 526 527 527 528 529 530 531 532 532 532 532 533 533 533 533 534 534 534 534 534 535 536 536 536 535 535 535 535 534 533 533 533 533 533 532 531 530
558 559 560 563 564 565 566 567 568 569 571 572 573 574 574 575 575 576 477 477 478 479 479 466 469 471 474 477 479 483 485 487 488 490 492 494 495 499 500 502 504 506 506 507 509 510 511 513 515 516 518 519 519 520 522 523 523 524 526 526 527 528 529 529 530 531 532 532 531 532 532 532 532 533 533 533 533 534 534 534 534 534 533 533 532 532 532 532 532 532 531 530 530 530
542 544 545 548 549 550 551 552 553 553 554 556 557 558 559 560 560 460 460 462 463 463 464 466 468 470 473 475 479 481 483 485 487 490 490 493 494 496 499 500 502 504 506 507 508 510 511 512 513 515 516 517 518 519 520 521 522 523 523 524 526 526 528 528 529 529 529 530 531 531 531 531 531 531 532 532 532 532 533 533 533 532 532 531 531 531 531 531 531 529 529 529 529 528
542 544 544 546 547 548 549 550 551 552 553 555 556 556 557 558 559 459 460 462 462 463 463 464 466 468 471 474 477 479 481 484 486 488 490 492 493 494 498 499 500 502 503 506 507 508 510 511 512 514 515 516 517 518 518 519 520 522 522 523 523 524 526 527 527 528 528 529 529 529 530 529 529 529 529 530 530 530 530 531 531 531 531 531 530 530 530 529 528 528 528 528 527 526
