testData/tiles/oneDegreeCosts/grid9.0-6.0-10.0-7.0.asc
ncols   200
nrows   200
xllcorner   9.0
yllcorner   6.0
cellsize   0.005
NODATA_value   -9999.0
[rows 40 to 79 of 200, columns 0 to 90 of 200]
717 718 718 717 716 715 714 713 712 711 710 709 707 706 705 705 704 701 700 699 697 696 694 692 690 689 686 684 683 680 678 676 674 672 671 670 669 668 667 666 665 664 663 662 660 659 658 656 655 653 651 650 648 923 897 904 902 900 898 896 893 891 888 886 883 879 877 874 871 869 866 862 860 860 862 863 821 821 821 823 824 826 827 829 829 831 833 834 835 836 838
721 720 719 719 718 718 717 716 715 714 712 711 710 709 708 707 705 704 703 702 700 698 697 695 694 691 690 688 686 684 681 679 677 675 672 671 670 669 669 668 667 666 665 664 662 661 660 658 657 655 654 652 650 926 924 904 905 903 901 898 896 894 891 888 886 883 879 877 875 872 868 864 860 860 860 862 863 821 821 821 822 824 825 826 828 829 831 833 834 835 836
724 723 722 721 720 719 718 717 718 717 716 715 714 713 711 709 708 707 705 704 703 701 701 698 697 695 694 691 689 688 685 683 680 679 676 674 672 671 670 669 668 667 666 666 664 663 662 660 659 657 656 654 653 928 926 966 905 905 903 901 899 896 894 891 888 886 883 879 877 874 871 868 864 860 859 860 862 864 821 821 821 822 824 825 827 828 829 831 833 834 835
726 726 725 724 723 723 722 721 720 719 718 718 716 715 714 713 712 710 709 707 705 704 702 701 699 697 696 695 693 690 689 686 684 682 680 677 675 673 672 671 670 669 668 666 665 664 663 661 660 658 658 656 655 930 928 928 966 905 905 903 901 899 896 894 891 888 886 882 879 877 874 871 868 864 859 858 860 862 864 821 821 821 822 824 825 827 828 829 831 833 834
728 728 727 727 727 726 725 724 723 721 720 719 718 717 717 715 714 713 712 710 709 707 705 704 702 701 699 696 695 693 691 690 688 685 683 680 679 676 674 673 672 671 669 668 667 666 665 663 662 660 659 657 656 931 929 928 928 966 907 906 903 901 899 896 894 891 888 885 882 879 876 874 871 867 863 858 858 860 862 864 821 821 821 822 824 825 827 828 829 831 832
731 730 730 730 729 728 727 726 725 724 723 722 721 720 718 717 716 716 714 713 711 710 709 707 705 703 702 700 698 696 694 692 690 688 685 684 681 679 676 674 673 672 671 670 669 668 666 665 664 662 661 659 935 933 931 930 928 968 966 907 905 903 900 898 895 893 890 887 884 881 878 875 872 869 866 862 858 858 859 861 821 821 821 821 821 823 824 826 827 828 830
733 733 733 732 731 730 730 729 728 727 726 725 724 723 722 721 719 718 717 714 713 713 711 710 708 707 705 703 701 699 697 695 693 691 689 687 684 682 679 677 675 674 673 672 671 670 668 667 666 664 663 661 937 935 933 932 930 930 968 966 907 905 903 900 898 895 893 890 887 884 881 878 875 872 868 865 861 858 858 859 861 821 821 821 821 821 822 824 826 826 828
736 736 735 734 733 732 731 730 730 730 729 728 727 726 724 723 722 721 719 718 717 715 713 711 711 709 708 706 704 702 700 699 696 694 692 690 688 685 683 680 678 675 674 673 672 670 670 669 667 666 665 663 939 937 935 934 932 930 930 968 966 907 905 903 900 898 895 893 890 887 884 880 878 875 871 868 864 860 858 858 859 861 821 821 821 821 821 822 824 826 826
738 738 738 737 736 735 734 734 733 732 731 729 729 728 727 726 724 723 722 721 719 718 716 715 713 711 709 708 707 706 703 701 700 698 695 693 690 688 687 684 681 679 676 674 673 672 671 670 668 667 666 664 940 938 937 936 934 932 930 930 968 966 907 905 903 900 898 895 892 889 886 883 880 877 874 870 867 863 858 857 858 859 861 821 821 821 821 821 822 824 826
741 740 740 739 738 737 737 736 735 734 733 732 731 730 728 727 727 726 724 723 722 720 719 717 716 714 713 710 709 707 706 704 701 700 699 696 694 692 689 687 684 682 679 676 675 674 673 671 670 669 667 666 941 940 938 937 935 933 931 930 970 968 974 906 904 902 899 898 895 892 889 886 883 879 877 874 870 866 862 857 857 858 859 861 821 821 821 821 821 821 901
743 742 742 741 740 740 740 739 738 737 736 734 733 732 731 730 728 727 726 726 724 723 721 720 718 717 715 714 712 710 708 706 705 702 700 698 697 694 693 690 688 685 683 680 678 676 674 673 672 671 669 668 943 942 940 939 937 935 933 932 932 970 970 974 906 904 901 899 896 894 891 888 885 881 878 875 872 869 864 860 856 856 857 858 821 821 821 821 821 898 899
746 745 744 743 742 741 741 740 740 739 738 737 736 735 733 733 732 731 729 728 727 725 724 722 721 719 718 716 715 713 712 709 707 706 704 701 699 697 694 692 690 688 685 682 680 678 676 675 674 672 671 947 945 944 942 940 939 937 935 934 932 932 970 970 974 906 904 901 899 896 893 890 887 884 881 877 874 871 868 863 858 856 856 857 858 821 821 821 821 896 897
748 747 746 746 745 745 744 743 742 741 739 739 738 738 737 736 734 733 732 730 729 728 726 725 723 722 719 719 717 716 714 712 711 708 706 705 702 700 698 695 693 691 688 686 683 680 678 675 674 673 672 948 947 945 944 942 941 939 937 935 934 932 932 970 970 974 906 904 901 898 896 893 890 887 883 880 876 873 870 866 861 857 856 856 857 858 821 821 893 895 896
750 749 749 748 747 747 746 745 744 743 742 741 741 739 738 738 737 736 734 733 732 730 729 727 726 724 723 721 719 717 716 715 713 712 709 707 705 703 701 699 696 694 692 689 687 683 680 678 676 675 673 949 948 946 945 943 941 940 938 936 935 934 932 972 970 969 974 906 903 901 898 895 892 889 886 883 879 875 872 869 865 860 856 856 856 857 821 821 891 893 895
752 751 750 749 749 749 748 747 746 745 744 743 743 742 741 739 738 737 737 735 734 733 731 730 728 727 725 724 722 721 718 716 715 713 711 709 708 706 704 701 699 697 694 692 689 687 684 682 679 676 675 951 949 948 946 945 943 942 940 938 936 935 933 933 971 969 969 973 905 902 899 897 894 891 888 885 881 877 874 870 867 863 857 856 856 856 856 887 889 890 892
753 754 753 752 751 751 750 750 749 748 747 746 745 744 743 742 741 739 738 737 735 734 734 732 731 729 728 726 725 723 721 720 717 715 714 712 710 707 706 704 701 699 698 695 693 690 688 684 682 679 677 952 951 950 948 947 945 943 942 940 938 936 935 933 933 970 969 969 973 904 902 899 896 893 890 887 884 880 877 873 869 866 861 856 856 856 933 934 887 888 890
756 756 755 754 753 752 752 751 750 749 748 748 748 747 745 744 743 742 740 739 738 736 735 734 732 731 730 729 727 726 724 722 721 718 716 714 713 711 708 706 704 701 699 697 694 692 689 687 684 682 679 954 953 951 950 948 947 945 943 942 940 938 936 934 933 933 970 969 969 972 904 901 899 896 893 890 886 883 879 876 871 868 864 860 856 856 932 933 887 887 888
757 758 757 756 755 754 755 753 752 751 750 749 749 748 748 747 745 744 743 741 740 739 737 736 734 733 732 730 728 727 726 725 723 721 720 717 715 713 711 709 707 705 702 700 698 695 693 689 687 684 682 956 953 952 950 949 947 946 945 944 942 940 938 936 934 933 933 970 969 974 972 903 901 898 895 892 889 886 882 879 875 870 867 863 858 930 931 932 933 886 886
759 759 759 758 758 757 757 756 755 754 753 752 751 750 749 748 747 745 745 744 742 741 741 739 738 736 735 732 731 729 728 726 724 723 721 720 718 716 714 712 709 707 705 703 700 698 695 693 690 688 684 959 956 953 952 951 949 948 946 944 943 941 939 937 935 933 933 971 969 968 973 971 902 899 897 894 891 887 884 880 876 872 868 864 860 933 930 930 931 932 884
762 761 761 760 759 758 758 758 757 756 755 754 754 753 751 750 749 748 746 745 744 744 743 742 740 739 737 736 734 732 730 728 727 725 723 722 720 717 715 713 712 711 708 706 704 701 699 695 693 690 965 962 959 956 954 952 951 949 948 946 944 943 941 939 937 935 933 933 971 968 968 973 970 901 899 896 893 890 886 883 879 875 871 867 941 936 931 929 930 931 884
764 763 763 762 761 760 759 759 758 757 757 756 756 755 754 752 751 750 749 747 746 746 744 743 741 741 740 738 737 735 733 731 729 727 726 724 722 720 719 716 714 712 710 707 705 703 700 698 696 694 967 965 962 959 956 954 952 951 949 948 946 944 942 941 939 937 935 933 933 970 968 968 972 970 901 898 895 892 889 886 882 878 874 870 943 939 934 929 929 930 931
765 765 764 765 764 763 762 762 761 760 758 757 756 756 756 755 753 752 751 750 748 748 747 745 744 742 741 739 738 736 736 734 732 730 728 726 725 723 721 719 716 714 713 711 708 706 702 700 698 695 970 967 964 961 958 955 953 952 951 949 948 946 944 942 941 939 937 935 933 933 970 968 966 972 903 900 897 894 891 888 885 881 877 951 946 942 937 932 929 929 930
768 767 766 766 766 765 764 763 763 762 761 760 759 758 757 756 755 754 753 752 751 750 749 747 746 745 743 742 740 739 737 735 734 732 729 729 727 725 723 722 720 717 715 713 710 708 706 703 701 699 972 970 967 965 961 958 955 953 951 950 948 947 945 943 941 939 937 935 933 933 933 969 966 966 970 901 899 896 893 889 886 883 879 953 948 944 939 934 929 927 928
770 769 768 767 767 766 765 765 765 764 763 762 761 761 759 758 757 756 754 753 752 753 751 750 748 747 745 744 742 741 739 738 736 734 733 730 728 727 725 723 721 720 717 715 713 710 708 706 703 701 976 973 970 967 964 961 958 954 953 951 950 948 946 945 943 941 939 937 935 933 933 933 968 966 965 970 901 898 895 892 889 885 959 956 951 947 942 937 932 927 927
771 771 770 769 769 768 767 766 765 765 765 764 763 762 762 760 759 758 757 755 754 754 752 751 750 749 748 746 745 743 742 740 738 737 735 733 731 729 727 725 723 722 719 717 715 713 710 709 707 703 978 975 973 970 967 964 961 958 954 953 951 950 948 946 945 943 941 939 937 935 933 933 933 968 965 964 969 900 897 894 891 887 962 958 954 950 945 940 935 930 926
772 773 772 771 771 771 770 769 768 767 766 765 764 763 763 763 761 760 759 758 756 755 755 753 752 750 749 747 746 744 744 742 741 739 737 736 734 731 729 728 726 724 722 719 717 715 713 710 708 706 980 977 974 972 969 966 964 961 958 954 953 951 950 948 946 944 942 941 939 936 934 933 933 933 967 964 963 968 899 896 893 968 964 961 957 953 948 944 939 933 926
774 774 774 773 773 772 772 771 770 769 769 768 766 765 764 764 763 761 761 760 759 757 756 755 754 753 751 750 748 747 745 743 742 740 739 738 736 734 732 730 728 726 724 722 719 717 715 713 710 985 983 980 978 974 972 969 966 963 959 957 953 952 950 948 947 945 943 941 939 937 935 933 933 933 933 965 963 962 966 897 894 969 966 962 959 955 950 946 941 935 929
777 776 775 775 774 773 773 773 772 771 770 770 769 767 766 765 765 764 762 761 760 759 758 758 756 755 753 752 750 749 747 746 744 742 741 739 737 736 734 731 729 728 727 725 723 720 718 716 714 987 985 982 980 978 974 972 969 966 963 959 957 953 952 950 948 947 945 943 941 939 937 935 933 933 933 933 965 962 959 956 896 971 968 965 961 957 953 949 944 939 933
779 778 777 777 776 775 774 774 773 772 771 772 771 770 768 767 766 766 764 763 762 761 759 758 757 756 756 754 753 751 749 748 746 745 743 741 740 738 736 733 732 730 728 726 724 721 719 717 716 990 988 986 982 980 978 975 972 969 965 963 959 956 953 952 950 948 946 944 942 941 938 936 934 933 933 933 933 964 961 959 968 974 970 967 963 960 956 952 947 942 937
779 779 779 778 778 777 776 775 775 774 773 772 772 771 771 769 768 768 767 765 764 763 761 760 759 758 757 755 754 752 752 750 749 747 745 744 742 740 738 737 734 732 730 728 726 724 721 719 717 992 989 987 985 981 979 976 974 971 969 965 963 959 956 953 951 950 948 946 944 942 940 938 936 934 933 933 933 933 963 961 1036 972 972 969 966 962 958 954 950 945 940
781 781 780 779 778 779 778 777 776 776 775 774 773 773 772 771 769 768 769 768 766 765 764 762 761 759 759 757 756 754 753 751 750 748 746 745 744 742 741 739 736 734 732 730 728 727 725 722 719 994 991 989 987 984 982 979 976 974 970 968 964 961 958 954 952 950 948 947 945 943 941 939 937 934 933 933 933 933 933 1039 1037 1034 970 970 967 963 960 956 952 947 942
783 782 782 781 780 780 780 779 778 778 777 776 775 774 774 773 771 770 769 769 767 766 766 764 763 761 760 760 758 757 755 753 752 750 749 747 745 744 742 740 737 735 735 733 731 729 727 724 722 997 995 991 989 987 984 982 978 976 974 970 967 964 961 957 954 952 950 948 946 944 942 940 938 936 934 933 933 933 933 999 1039 1036 1033 969 969 966 962 958 954 950 945
785 784 783 784 783 782 782 781 780 779 778 778 777 776 775 775 774 772 771 770 769 768 767 765 764 763 762 761 759 759 757 756 754 752 751 749 747 746 744 742 739 738 736 734 732 730 728 726 723 999 997 995 992 989 987 984 982 978 976 972 970 966 964 960 957 953 951 950 948 946 944 942 940 938 935 933 933 933 933 1001 1000 1038 1035 1032 964 968 964 961 957 953 948
785 785 786 785 785 784 783 783 782 781 780 779 778 777 776 776 776 774 773 772 771 770 769 768 766 765 763 762 760 759 758 758 756 755 753 751 750 748 746 744 742 740 738 736 734 732 730 728 725 1000 998 996 993 991 988 985 983 981 977 976 972 970 966 963 960 956 953 951 949 947 945 943 941 939 937 935 933 933 1006 1003 1000 998 1037 1034 964 962 967 963 959 955 951
787 788 787 786 785 785 785 784 784 783 782 781 780 779 778 777 776 776 774 774 773 771 771 770 768 767 765 764 762 761 759 758 757 756 754 752 751 750 748 747 744 742 740 738 736 734 732 730 1004 1002 1000 998 995 993 991 988 985 983 980 977 974 971 968 965 962 958 955 951 950 948 946 944 942 940 938 935 933 933 1006 1004 1001 998 997 1035 1031 962 959 957 961 957 952
790 789 789 788 787 786 786 785 784 785 784 783 782 781 780 779 778 777 776 775 774 772 771 771 770 769 768 766 765 763 762 760 758 757 755 754 753 751 748 747 745 743 741 740 739 737 735 733 1007 1005 1003 1000 998 995 993 991 987 985 983 979 977 974 971 967 964 961 958 954 951 949 947 945 943 941 939 937 935 933 1008 1005 1003 1000 997 996 1033 1030 961 957 956 959 955
792 791 790 790 789 788 787 787 786 785 785 784 784 782 782 781 780 779 777 777 776 775 773 772 770 770 769 767 767 765 764 762 761 759 757 756 754 752 751 749 747 745 743 742 740 738 736 734 1009 1006 1004 1003 1001 997 995 993 990 987 985 982 979 976 973 970 967 964 960 957 954 951 949 947 945 943 941 939 936 934 1010 1007 1005 1002 999 996 993 992 1029 960 956 955 957
792 792 791 791 791 790 789 789 788 787 786 786 785 783 782 782 782 781 779 778 778 777 775 774 772 771 771 769 768 766 765 763 762 761 759 758 756 754 753 751 749 747 746 744 742 740 738 736 1011 1008 1006 1004 1002 999 996 994 992 989 986 983 981 978 975 973 970 966 963 960 956 953 950 948 946 944 942 940 938 1014 1011 1009 1006 1004 1001 998 995 992 990 1028 958 955 952
794 793 793 792 791 791 790 790 790 789 788 787 787 786 784 783 783 782 780 779 779 779 777 776 775 773 772 770 770 768 767 765 764 762 760 759 757 755 754 753 751 749 748 746 744 742 740 738 1013 1010 1008 1006 1004 1002 999 996 994 991 989 986 983 980 977 974 971 968 965 961 958 954 951 949 947 945 943 941 938 1014 1012 1009 1007 1004 1002 999 996 993 990 987 959 956 952
796 795 794 794 793 792 792 791 790 790 790 789 788 788 786 785 784 783 783 781 780 779 777 777 776 775 774 772 771 770 769 767 766 764 763 761 759 758 756 754 752 751 749 747 745 744 742 740 1014 1012 1010 1008 1006 1004 1001 999 996 993 991 988 985 983 980 977 974 971 967 964 961 957 954 950 948 946 944 942 940 1016 1013 1011 1009 1006 1003 1001 998 995 992 989 985 958 954
