testData/tiles/oneDegreeCosts/grid27.0-46.0-28.0-47.0.asc
ncols   200
nrows   200
xllcorner   27.0
yllcorner   46.0
cellsize   0.005
NODATA_value   -9999.0
[rows 84 to 125 of 200, columns 94 to 187 of 200]
496 495 495 495 496 496 497 497 498 497 496 497 497 497 497 497 497 497 496 496 496 496 495 495 495 495 493 493 493 492 492 491 490 490 489 487 487 487 486 486 486 486 580 578 578 577 576 575 573 572 571 570 569 568 567 565 564 562 562 560 560 557 556 555 555 554 554 553 552 551 551 550 550 549 548 547 547 546 546 545 544 543 542 542 541 541 539 539 538 537 537 535 535 534
494 495 495 495 495 496 496 496 496 497 496 496 497 497 497 497 496 496 496 496 496 496 496 495 494 494 494 493 493 492 491 491 490 489 488 488 487 486 486 486 486 580 579 579 577 577 574 574 573 572 571 570 569 566 566 565 564 563 561 560 558 557 556 555 554 554 552 552 551 551 550 550 548 548 547 547 546 546 544 543 543 542 542 541 540 539 539 538 537 537 535 535 534 534
494 494 495 495 496 495 495 495 496 496 497 496 496 496 496 496 496 496 496 496 495 495 495 495 494 494 494 492 492 492 491 490 490 489 488 488 487 486 486 486 486 580 579 578 577 575 575 573 573 571 571 569 568 567 565 565 563 562 560 559 559 557 556 555 553 552 552 551 551 550 549 548 548 547 547 546 545 544 543 543 542 542 540 540 539 539 538 537 536 535 535 534 534 533
493 494 493 494 495 495 495 495 495 496 496 496 496 496 496 496 496 496 496 495 495 494 494 494 494 493 493 492 491 491 491 490 489 489 488 486 486 486 486 486 580 580 579 577 577 575 574 574 572 571 569 569 567 566 566 564 563 561 560 559 558 556 555 553 552 551 551 550 550 548 548 547 547 546 546 544 544 543 543 542 542 540 540 539 539 538 537 536 535 535 534 534 533 531
492 492 493 494 494 495 495 495 495 495 495 495 496 496 496 496 496 495 495 495 495 495 494 494 494 493 492 492 492 491 491 490 489 488 488 486 486 486 486 486 580 579 578 577 576 576 574 572 571 570 570 568 568 566 564 563 562 561 560 559 557 556 554 553 552 551 550 549 548 548 547 547 546 545 544 544 543 543 542 541 540 540 539 538 538 536 536 535 535 534 534 532 531 531
492 492 493 493 494 494 494 494 495 495 495 495 495 496 495 495 495 495 495 495 495 495 495 493 493 493 492 492 492 492 490 489 489 488 487 487 486 486 486 580 580 579 578 577 576 574 574 572 571 570 569 569 566 565 564 563 561 561 559 557 557 555 554 553 552 549 549 548 548 547 547 546 545 544 544 543 543 542 541 540 539 539 538 538 536 536 535 535 534 533 532 531 531 530
492 493 493 492 492 493 493 494 494 495 494 495 494 495 495 495 495 495 495 495 494 494 494 494 493 493 493 492 490 490 490 489 489 488 487 487 486 486 486 581 579 579 577 576 575 574 573 572 571 570 568 567 565 565 564 563 562 559 559 557 556 554 554 551 550 550 548 548 547 547 545 545 544 544 543 543 541 540 540 539 539 538 537 536 536 535 535 534 533 532 531 531 530 530
490 491 492 492 493 493 493 493 494 493 494 494 494 494 495 495 494 495 494 494 494 493 493 494 493 493 491 491 490 490 490 489 488 488 486 486 486 486 581 580 579 577 577 575 575 574 573 572 569 569 568 567 566 564 564 561 560 560 558 557 556 555 552 551 550 549 547 547 545 545 544 544 543 543 541 541 540 540 539 539 537 537 536 536 535 535 533 532 532 531 531 530 529 528
490 491 491 492 492 493 492 492 493 493 494 494 494 494 494 494 494 494 494 494 494 493 493 493 492 491 491 491 491 490 490 489 487 487 486 486 486 486 581 579 579 577 576 576 574 574 571 571 570 568 568 566 565 564 562 561 560 559 557 557 555 553 552 551 550 548 547 545 545 544 544 543 543 541 541 540 540 539 539 537 537 536 536 535 535 533 532 532 531 531 530 529 528 528
489 490 491 491 491 491 492 492 492 493 493 494 494 493 493 493 494 494 494 494 494 493 492 492 492 492 491 491 491 490 488 488 488 486 486 486 486 581 580 579 578 578 576 575 573 572 572 570 569 569 567 565 564 563 561 561 560 558 557 555 554 553 552 550 549 548 546 545 544 544 543 542 541 541 540 540 539 538 537 537 536 536 535 533 533 532 532 531 531 529 529 528 527 527
490 489 489 490 490 491 492 492 493 492 492 492 493 493 493 493 493 494 494 493 493 493 493 492 492 492 492 490 490 489 488 488 487 487 486 486 486 580 580 579 578 577 576 574 573 572 571 570 569 567 566 565 564 562 562 560 558 557 556 555 554 553 551 549 548 547 545 544 543 542 541 541 540 540 539 538 537 537 536 536 535 535 533 533 532 532 531 530 529 529 528 527 527 525
488 489 490 490 490 490 491 492 491 492 492 492 492 493 493 493 492 492 493 493 492 492 493 493 492 491 491 490 489 489 489 487 487 486 486 486 581 581 579 579 576 576 575 573 573 572 571 569 568 567 566 564 564 563 560 559 558 557 555 555 553 551 550 549 548 546 545 543 542 541 541 540 540 539 538 537 537 536 536 535 534 533 533 532 532 531 530 529 529 528 527 527 525 525
488 488 489 490 489 489 490 490 491 491 492 491 492 493 492 492 492 492 493 493 493 492 491 491 492 490 490 490 490 489 488 487 486 486 486 582 581 580 578 577 577 575 575 574 572 571 570 568 568 566 565 565 562 561 559 559 558 556 556 553 552 550 550 548 547 546 544 543 541 541 540 540 538 538 537 537 536 536 534 534 533 533 532 532 530 530 529 528 528 527 526 525 525 524
487 488 487 488 489 489 489 490 490 491 491 491 491 491 492 492 493 492 492 493 492 492 491 491 491 491 490 490 489 488 487 487 487 486 486 582 580 579 578 577 576 576 574 572 572 570 569 568 567 566 564 563 562 561 560 558 557 555 554 553 551 551 549 548 545 545 543 542 540 540 539 538 538 537 537 536 536 534 534 533 533 532 531 530 529 529 528 528 527 526 525 525 524 524
485 486 487 487 488 489 490 489 490 489 490 491 491 491 491 492 492 492 491 491 492 492 492 491 491 491 490 489 489 488 487 487 486 486 581 581 580 579 578 577 576 574 574 572 571 570 569 568 565 565 564 562 562 560 559 557 556 555 553 552 551 550 548 546 546 544 543 541 540 538 538 537 537 536 536 534 534 533 533 532 532 530 530 529 529 528 528 526 526 525 525 524 524 522
486 486 486 487 488 488 488 489 489 489 490 490 491 491 492 491 491 491 492 491 491 492 492 491 490 490 490 490 488 488 488 486 486 486 581 580 580 579 578 576 575 574 573 571 571 570 567 566 566 564 563 562 561 559 557 557 555 554 553 552 550 548 547 546 545 544 542 541 539 538 537 537 536 535 534 534 533 533 532 531 530 530 529 529 528 527 526 526 525 525 524 522 522 521
485 486 487 486 486 487 487 488 489 489 489 490 489 490 490 491 491 491 491 492 491 490 490 491 491 490 489 489 488 487 486 486 486 582 581 580 579 578 576 575 575 573 572 572 569 568 568 566 565 564 563 561 559 558 558 556 555 553 552 550 549 548 547 546 544 542 541 540 538 537 537 535 535 534 534 533 533 532 531 530 530 529 529 528 527 526 526 525 524 524 522 522 521 521
483 484 485 486 486 486 487 487 488 489 488 488 489 489 490 490 491 491 490 490 491 490 490 490 490 490 489 488 488 486 486 486 486 581 581 579 578 577 576 575 574 573 571 570 569 568 567 566 564 563 561 560 559 558 557 555 553 553 551 550 548 548 546 544 543 542 541 539 538 536 535 534 534 533 533 532 531 530 530 529 529 528 527 526 526 525 525 524 523 522 522 521 521 520
483 483 484 485 486 486 486 486 486 487 488 489 489 489 489 490 490 490 490 490 490 491 490 490 489 489 488 488 487 487 486 486 582 581 579 579 578 577 576 575 572 572 571 569 569 568 566 564 563 562 561 559 559 558 555 554 553 552 551 549 549 546 545 543 542 541 540 539 536 536 534 534 533 533 531 531 530 530 529 529 527 527 526 526 525 525 524 523 522 522 521 521 519 519
482 483 483 484 484 485 485 485 486 486 487 488 489 488 488 489 489 490 490 490 490 491 490 489 489 489 489 488 487 487 486 486 581 581 579 578 578 577 574 573 573 571 570 570 568 566 564 564 563 561 560 560 557 556 554 554 553 551 550 547 547 546 544 543 542 541 538 537 535 535 534 533 532 531 531 530 530 529 529 527 527 526 526 525 525 523 523 522 522 521 521 519 518 518
481 481 482 482 483 484 485 485 486 486 486 486 487 488 488 488 489 489 490 489 489 489 490 490 489 489 489 488 486 486 486 582 581 580 579 578 576 575 574 573 572 571 570 568 566 565 565 563 562 561 559 558 557 555 554 553 552 550 548 548 546 545 543 542 541 539 538 536 536 534 533 531 531 530 530 530 529 528 527 527 526 526 525 524 523 523 522 521 521 519 519 518 518 517
480 481 481 482 482 483 484 485 484 485 485 486 486 487 488 488 488 488 488 489 489 489 489 489 490 487 487 487 486 486 486 582 581 578 578 577 575 575 574 572 571 570 568 567 566 565 564 563 560 559 559 557 556 554 554 552 550 549 547 547 546 544 542 541 540 538 537 536 535 533 531 531 530 530 529 528 527 527 526 526 525 525 523 523 522 522 521 521 519 519 518 518 517 517
479 480 481 482 481 481 482 483 484 484 485 485 486 486 486 487 487 487 488 488 489 490 489 488 488 488 487 487 486 486 582 580 579 578 577 576 576 574 573 571 570 569 568 566 565 565 562 561 560 559 558 556 555 553 552 551 550 548 548 546 544 542 541 541 539 538 536 535 533 532 531 530 530 528 528 527 527 526 526 525 524 523 523 522 522 521 520 519 519 518 518 517 516 515
478 479 479 480 481 481 481 482 483 483 484 484 485 485 485 486 487 488 487 488 488 488 489 488 488 488 488 486 486 486 581 580 579 578 576 576 575 573 571 570 570 568 567 566 564 563 562 560 559 558 557 555 553 553 552 550 549 547 546 545 543 542 541 540 538 536 535 534 533 531 530 529 528 527 527 527 526 526 524 524 523 523 522 522 520 520 519 519 518 518 516 516 515 514
477 477 478 479 480 480 481 481 482 482 482 483 484 485 485 485 486 487 487 486 487 488 488 489 488 488 486 486 485 581 581 580 578 577 575 574 573 572 570 570 569 568 565 564 564 562 561 559 559 557 555 554 553 552 551 549 547 547 545 544 542 541 541 538 537 535 534 533 532 531 528 528 527 527 526 526 524 524 523 523 522 522 521 520 519 519 518 518 517 516 515 515 514 514
476 476 477 478 479 480 479 480 481 481 481 482 483 484 485 483 484 485 486 486 486 487 488 488 488 486 486 485 485 580 580 579 576 575 575 574 572 571 570 569 567 566 564 564 563 561 560 558 557 556 555 553 552 552 549 548 546 546 545 543 542 539 539 538 536 535 533 533 530 529 527 527 527 526 526 524 524 523 523 522 522 520 520 519 519 518 518 516 516 515 515 514 514 512
476 476 476 476 477 478 478 479 480 481 481 481 481 482 483 483 483 484 485 486 486 485 486 487 488 487 485 484 581 581 578 577 576 574 574 573 572 570 569 568 566 565 564 563 562 560 558 557 557 555 554 553 551 550 548 547 546 545 544 541 540 539 538 537 535 534 533 531 530 528 527 526 526 524 524 524 523 523 522 521 520 520 519 519 518 517 516 516 515 515 514 514 512 512
474 474 475 476 476 477 477 478 479 480 479 479 480 481 482 482 483 483 484 483 484 485 485 485 486 485 484 484 579 578 577 576 575 574 573 571 570 569 567 567 566 564 563 562 560 559 558 556 556 555 552 551 549 549 548 546 545 544 542 541 539 538 538 536 534 532 531 530 529 528 526 525 524 524 523 523 522 521 520 520 519 519 519 518 517 516 516 515 515 514 513 512 512 511
473 473 474 475 476 475 476 476 477 478 478 479 480 480 480 481 481 482 482 482 483 484 484 484 484 483 482 579 578 577 577 575 574 572 571 570 569 568 566 566 565 563 561 560 560 558 557 556 554 553 551 550 549 548 547 545 543 543 541 540 539 537 536 534 533 532 530 530 528 526 524 524 524 523 523 522 521 520 520 519 519 518 517 516 516 515 515 514 513 512 512 511 511 510
471 472 473 474 474 474 475 475 476 476 477 478 479 479 478 479 480 481 481 481 482 482 482 482 481 481 481 578 577 576 575 574 572 571 570 570 568 567 566 563 563 562 560 559 559 557 555 554 552 552 551 549 548 547 545 544 543 541 541 539 537 536 535 534 532 531 529 528 527 525 524 523 523 522 521 521 520 520 519 519 517 517 516 516 515 515 514 513 512 512 511 511 510 509
470 470 471 472 472 473 474 475 476 475 476 476 477 477 478 478 478 479 480 480 479 480 480 480 480 479 577 577 575 573 573 572 571 570 569 568 567 565 564 563 562 561 560 558 556 556 554 553 552 551 550 548 546 545 545 543 542 540 539 538 536 535 533 533 532 529 528 527 526 524 523 523 521 521 520 520 519 519 518 517 517 516 516 515 515 513 513 512 512 511 511 509 509 508
469 469 470 471 471 472 473 474 473 474 474 475 475 476 477 477 477 477 477 478 478 478 478 478 479 479 574 574 573 573 571 571 570 569 567 566 565 564 563 562 561 560 558 557 555 555 554 552 551 549 548 547 546 544 544 542 540 539 537 537 536 534 533 531 530 529 527 526 525 524 521 521 520 520 520 519 519 517 517 516 516 515 515 513 513 512 512 511 511 509 509 508 508 507
468 469 470 469 470 470 471 471 472 473 474 473 474 475 474 475 476 475 476 476 477 477 477 476 476 574 574 572 572 571 571 569 568 567 566 565 564 563 562 561 559 558 557 556 555 553 553 551 549 548 548 546 545 543 541 541 539 538 537 536 535 532 531 530 529 528 526 525 524 522 521 520 520 519 519 517 517 517 516 516 515 514 513 513 512 512 511 511 509 509 508 508 507 507
467 468 467 468 469 469 469 470 471 471 472 473 473 472 473 474 474 475 474 475 475 475 475 474 474 572 572 572 570 569 568 568 566 566 565 564 563 561 560 558 558 557 555 555 554 552 550 550 549 547 546 545 543 542 540 540 539 537 536 534 533 532 530 529 529 527 525 523 522 521 520 520 519 518 517 517 516 516 515 515 514 513 513 512 512 511 510 509 509 508 508 507 506 505
465 465 466 467 468 468 469 469 469 469 470 471 471 472 471 472 473 473 473 473 472 473 473 473 473 570 570 569 568 567 567 566 566 564 563 562 560 560 559 558 556 556 555 552 552 551 549 548 548 546 544 543 542 541 540 538 538 537 534 533 532 531 530 528 526 525 524 523 521 521 519 518 517 517 517 516 516 515 514 513 513 512 512 511 510 509 509 509 508 508 506 506 505 505
463 464 465 466 466 467 467 467 467 468 468 469 470 470 471 469 470 471 471 471 472 471 471 471 568 567 567 567 567 566 565 565 564 562 561 560 560 558 557 557 556 553 553 552 550 550 549 547 545 545 543 542 541 540 539 537 535 535 533 532 531 530 529 526 525 525 523 522 520 518 518 517 517 516 516 515 514 514 513 513 512 512 510 510 509 509 508 508 507 506 505 505 504 504
463 463 464 463 464 465 465 466 467 467 467 468 467 468 468 469 468 469 469 470 470 470 468 469 567 567 565 565 565 565 563 562 561 561 559 559 558 558 555 554 554 553 551 551 550 548 547 546 544 543 543 541 540 538 537 536 534 533 533 531 530 528 527 526 524 523 523 520 519 517 517 516 516 516 514 514 513 513 512 512 512 510 510 509 509 508 508 506 506 505 505 504 504 502
461 461 462 462 463 463 464 465 465 466 466 465 466 466 467 467 468 468 468 467 467 468 468 565 565 565 565 564 562 562 562 561 560 559 559 557 556 555 555 553 552 552 550 549 548 547 545 544 544 542 541 540 538 537 535 535 534 532 531 530 528 527 525 525 524 522 520 519 518 517 516 516 514 514 514 513 513 512 512 510 510 509 509 508 508 507 506 506 505 505 504 504 502 502
459 460 461 461 462 462 463 462 463 463 464 465 465 465 465 466 465 466 466 465 466 466 466 564 563 562 562 562 561 560 560 560 558 558 556 556 554 554 553 552 551 549 549 547 546 545 544 543 542 540 539 538 537 536 535 533 532 531 529 528 528 526 525 523 522 521 519 518 517 516 515 514 514 513 513 512 512 510 510 510 509 509 508 508 506 506 505 505 504 504 502 502 501 501
458 459 459 460 460 460 461 461 461 462 462 463 464 463 463 463 464 464 464 465 464 464 562 561 561 560 560 560 560 559 558 557 557 555 555 554 554 552 551 550 549 548 547 546 545 544 543 541 540 539 538 537 536 535 533 532 530 530 529 527 526 525 523 522 520 520 518 517 516 514 514 513 513 513 512 511 510 510 509 509 508 508 507 506 506 505 505 504 503 502 502 501 501 500
457 456 457 458 458 459 460 460 460 460 461 460 461 462 462 461 462 462 463 463 462 462 559 559 560 559 558 558 558 557 556 555 555 554 553 553 552 550 549 548 548 546 546 545 544 542 541 540 539 538 537 536 534 533 531 531 530 528 528 526 524 523 522 521 520 518 518 515 514 514 513 513 512 511 510 510 510 509 509 508 507 506 506 505 505 505 503 503 502 502 501 501 500 499
454 455 456 456 457 457 458 459 458 459 458 459 459 460 460 461 460 459 460 460 460 558 558 558 558 558 557 555 555 555 555 553 553 553 551 550 549 549 548 547 546 546 543 542 542 541 540 539 538 537 535 534 533 532 531 529 529 527 525 525 523 522 521 520 519 516 515 515 513 513 512 511 511 510 510 509 509 508 507 507 506 506 505 505 504 503 502 502 501 501 500 499 499 498
