testData/tiles/oneDegreeCosts/grid41.0-22.0-42.0-23.0.asc
ncols   200
nrows   200
xllcorner   41.0
yllcorner   22.0
cellsize   0.005
NODATA_value   -9999.0
[rows 42 to 83 of 200, columns 0 to 93 of 200]
592 592 592 592 592 592 592 592 592 592 592 592 592 592 592 592 592 592 592 592 592 592 592 592 592 592 592 592 592 592 592 592 592 594 594 594 594 593 593 593 593 592 592 592 592 592 591 591 591 591 590 590 590 590 590 589 589 589 589 588 588 588 588 587 587 587 587 587 586 586 522 522 522 522 522 522 522 522 522 522 522 522 522 522 522 522 522 522 522 522 522 522 522 522
592 592 592 592 592 592 592 592 592 592 592 592 592 592 592 592 592 592 592 592 592 592 592 592 592 592 592 592 592 592 592 592 592 592 594 594 594 593 593 593 593 592 592 592 592 591 591 591 591 591 590 590 590 590 589 589 589 589 589 588 588 588 588 587 587 587 587 587 586 522 522 522 522 522 522 522 522 522 522 522 522 522 522 522 522 522 522 522 522 522 522 522 522 522
592 592 592 592 592 592 592 592 592 592 592 592 592 592 592 592 592 592 592 592 592 592 592 592 592 592 592 592 592 592 592 592 592 592 594 594 593 593 593 593 593 592 592 592 592 591 591 591 591 591 590 590 590 590 589 589 589 589 588 588 588 588 588 587 587 587 587 522 522 522 522 522 522 522 522 522 522 522 522 522 522 522 522 522 522 522 522 522 522 522 522 522 522 522
592 592 592 592 592 592 592 592 592 592 592 592 592 592 592 592 592 592 592 592 592 592 592 592 592 592 592 592 592 592 592 592 592 592 594 594 593 593 593 593 592 592 592 592 592 591 591 591 591 590 590 590 590 590 589 589 589 589 588 588 588 588 587 587 587 587 522 522 522 522 522 522 522 522 522 522 522 522 522 522 522 522 522 522 522 522 522 522 522 522 522 522 522 522
592 592 592 592 592 592 592 592 592 592 592 592 592 592 592 592 592 592 592 592 592 592 592 592 592 592 592 592 592 592 592 592 592 592 594 593 593 593 593 593 592 592 592 592 591 591 591 591 591 590 590 590 590 589 589 589 589 589 588 588 588 588 587 587 522 522 522 522 522 522 522 522 522 522 522 522 522 522 522 522 522 522 522 522 522 522 522 522 522 522 522 522 522 522
698 698 698 698 592 592 592 592 592 592 592 592 592 592 592 592 592 592 592 592 592 592 592 592 592 592 592 592 592 592 592 592 592 592 592 593 593 593 593 593 592 592 592 592 591 591 591 591 590 590 590 590 590 589 589 589 589 588 588 588 588 588 522 522 522 522 522 522 522 522 522 522 522 522 522 522 522 522 522 522 522 522 522 522 522 522 522 522 522 522 522 522 522 522
698 698 698 697 697 697 697 697 592 592 592 592 592 592 592 592 592 592 592 592 592 592 592 592 592 592 592 592 592 592 592 592 592 592 592 593 593 593 593 592 592 592 592 592 591 591 591 591 590 590 590 590 589 589 589 589 589 588 588 588 588 522 522 522 522 522 522 522 522 522 522 522 522 522 522 522 522 522 522 522 522 522 522 522 522 522 522 522 522 522 522 522 522 522
698 698 698 697 697 697 697 696 696 696 696 696 592 592 592 592 592 592 592 592 592 592 592 592 592 592 592 592 592 592 592 592 592 592 592 593 593 593 593 592 592 592 592 591 591 591 591 591 590 590 590 590 589 589 589 589 589 588 588 522 522 522 522 522 522 522 522 522 522 522 522 522 522 522 522 522 522 522 522 522 522 522 522 522 522 522 522 522 522 522 522 522 522 522
698 698 697 697 697 697 697 696 696 696 696 695 695 695 695 592 592 592 592 592 592 592 592 592 592 592 592 592 592 592 592 592 592 592 592 592 593 593 592 592 592 592 592 591 591 591 591 590 590 590 590 590 589 589 589 589 588 588 522 522 522 522 522 522 522 522 522 522 522 522 522 522 522 522 522 522 522 522 522 522 522 522 522 522 522 522 522 522 522 522 522 522 522 522
698 698 697 697 697 697 696 696 696 696 696 695 695 695 695 694 694 694 694 592 592 592 592 592 592 592 592 592 592 592 592 592 592 592 592 592 593 593 592 592 592 592 591 591 591 591 591 590 590 590 590 589 589 589 589 589 522 522 522 522 522 522 522 522 522 522 522 522 522 522 522 522 522 522 522 522 522 522 522 522 522 522 522 522 522 522 522 522 522 522 522 522 522 522
698 697 697 697 697 697 696 696 696 696 696 695 695 695 695 694 694 694 694 694 693 693 592 592 592 592 592 592 592 592 592 592 592 592 592 592 593 593 592 592 592 592 591 591 591 591 590 590 590 590 590 589 589 589 522 522 522 522 522 522 522 522 522 522 522 522 522 522 522 522 522 522 522 522 522 522 522 522 522 522 522 522 522 522 522 522 522 522 522 522 522 522 522 522
698 697 697 697 697 697 696 696 696 696 695 695 695 695 695 694 694 694 694 693 693 693 693 693 692 592 592 592 592 592 592 592 592 592 592 592 592 592 592 592 592 592 591 591 591 591 590 590 590 590 590 589 589 522 522 522 522 522 522 522 522 522 522 522 522 522 522 522 522 522 522 522 522 522 522 522 522 522 522 522 522 522 522 522 522 522 522 522 522 522 522 522 522 522
698 697 697 697 697 696 696 696 696 696 695 695 695 695 694 694 694 694 694 693 693 693 693 692 692 692 692 692 592 592 592 592 592 592 592 592 592 592 592 592 592 591 591 591 591 591 590 590 590 590 589 522 522 522 522 522 522 522 522 522 522 522 522 522 522 522 522 522 522 522 522 522 522 522 522 522 522 522 522 522 522 522 522 522 522 522 522 522 522 522 522 522 522 522
697 697 697 697 697 696 696 696 696 695 695 695 695 695 694 694 694 694 693 693 693 693 693 692 692 692 692 691 691 691 691 592 592 592 592 592 592 592 592 592 592 591 591 591 591 590 590 590 590 522 522 522 522 522 522 522 522 522 522 522 522 522 522 522 522 522 522 522 522 522 522 522 522 522 522 522 522 522 522 522 522 522 522 522 522 522 522 522 522 522 522 522 522 522
697 697 697 697 696 696 696 696 696 695 695 695 695 694 694 694 694 694 693 693 693 693 692 692 692 692 692 691 691 691 691 690 690 690 592 592 592 592 592 592 591 591 591 591 591 590 590 522 522 522 522 522 522 522 522 522 522 522 522 522 522 522 522 522 522 522 522 522 522 522 522 522 522 522 522 522 522 522 522 522 522 522 522 522 522 522 522 522 522 522 522 522 522 522
697 697 697 697 696 696 696 696 695 695 695 695 695 694 694 694 694 693 693 693 693 693 692 692 692 692 691 691 691 691 691 690 690 690 690 689 689 592 592 592 591 591 591 591 590 522 522 522 522 522 522 522 522 522 522 522 522 522 522 522 522 522 522 522 522 522 522 522 522 522 522 522 522 522 522 522 522 522 522 522 522 522 522 522 522 522 522 522 522 522 522 522 522 522
697 697 697 696 696 696 696 696 695 695 695 695 694 694 694 694 694 693 693 693 693 692 692 692 692 692 691 691 691 691 690 690 690 690 690 689 689 689 805 805 591 591 591 591 522 522 522 522 522 522 522 522 522 522 522 522 522 522 522 522 522 522 522 522 522 522 522 522 522 522 522 522 522 522 522 522 522 522 522 522 522 522 522 522 522 522 522 522 522 522 522 522 522 522
697 697 697 696 696 696 696 695 695 695 695 695 694 694 694 694 693 693 693 693 693 692 692 692 692 692 691 691 691 691 690 690 690 690 690 689 689 689 689 804 804 804 522 522 522 522 522 522 522 522 522 522 522 522 522 522 522 522 522 522 522 522 522 522 522 522 522 522 522 522 522 522 522 522 522 522 522 522 522 522 522 522 522 522 522 522 522 522 522 522 522 522 522 522
697 697 696 696 696 696 696 695 695 695 695 694 694 694 694 694 693 693 693 693 693 692 692 692 692 691 691 691 691 691 690 690 690 690 689 689 689 689 689 804 631 631 631 630 630 522 522 522 522 522 522 522 522 522 522 522 522 522 522 522 522 522 522 522 522 522 522 522 522 522 522 522 522 522 522 522 522 522 522 522 522 522 522 522 522 522 522 522 522 522 522 522 522 522
697 697 696 696 696 696 695 695 695 695 695 694 694 694 694 694 693 693 693 693 692 692 692 692 692 691 691 691 691 690 690 690 690 690 689 689 689 689 590 590 631 631 631 630 630 630 630 522 522 522 522 522 522 522 522 522 522 522 522 522 522 522 522 522 522 522 522 522 522 522 522 522 522 522 522 522 522 522 522 522 522 522 522 522 522 522 522 522 522 522 522 522 522 522
697 696 696 696 696 696 695 695 695 695 694 694 694 694 694 693 693 693 693 693 692 692 692 692 691 691 691 691 691 690 690 690 690 689 689 689 590 590 590 590 631 631 630 630 630 630 630 629 629 629 522 522 522 522 522 522 522 522 522 522 522 522 522 522 522 522 522 522 522 522 522 522 522 522 522 522 522 522 522 522 522 522 522 522 522 522 522 522 522 522 522 522 522 522
697 696 696 696 696 695 695 695 695 695 694 694 694 694 694 693 693 693 693 692 692 692 692 692 691 691 691 691 690 690 690 690 690 689 590 590 590 590 590 590 631 631 630 630 630 630 629 629 629 629 629 628 522 522 522 522 522 522 522 522 522 522 522 522 522 522 522 522 522 522 522 522 522 522 522 522 522 522 522 522 522 522 522 522 522 522 522 522 522 522 522 522 522 522
696 696 696 696 696 695 695 695 695 695 694 694 694 694 693 693 693 693 693 692 692 692 692 691 691 691 691 691 690 690 690 690 590 590 590 590 590 590 590 590 590 630 630 630 630 630 629 629 629 629 628 628 628 628 628 522 522 522 522 522 522 522 522 522 522 522 522 522 522 522 522 522 522 522 522 522 522 522 522 522 522 522 522 522 522 522 522 522 522 522 522 522 522 522
696 696 696 696 695 695 695 695 695 694 694 694 694 694 693 693 693 693 692 692 692 692 692 691 691 691 691 690 690 690 590 590 590 590 590 590 590 590 590 590 590 630 630 630 630 630 629 629 629 629 628 628 628 628 628 627 627 522 522 522 522 522 522 522 522 522 522 522 522 522 522 522 522 522 522 522 522 522 522 522 522 522 522 522 522 522 522 522 522 522 522 522 522 522
696 696 696 696 695 695 695 695 695 694 694 694 694 693 693 693 693 693 692 692 692 692 691 691 691 691 691 590 590 590 590 590 590 590 590 590 590 590 590 590 590 630 630 630 630 629 629 629 629 629 628 628 628 628 627 627 627 627 627 522 522 522 522 522 522 522 522 522 522 522 522 522 522 522 522 522 522 522 522 522 522 522 522 522 522 522 522 522 522 522 522 522 522 522
696 696 696 695 695 695 695 695 694 694 694 694 694 693 693 693 693 692 692 692 692 692 691 691 691 590 590 590 590 590 590 590 590 590 590 590 590 590 590 590 590 590 630 630 630 629 629 629 629 628 628 628 628 628 627 627 627 627 626 626 626 522 522 522 522 522 522 522 522 522 522 522 522 522 522 522 522 522 522 522 522 522 522 522 522 522 522 522 522 522 522 522 522 522
696 696 696 695 695 695 695 695 694 694 694 694 693 693 693 693 693 692 692 692 692 691 691 590 590 590 590 590 590 590 590 590 590 590 590 590 590 590 590 590 590 590 630 630 629 629 629 629 629 628 628 628 628 627 627 627 627 627 626 626 626 626 625 625 522 522 522 522 522 522 522 522 522 522 522 522 522 522 522 522 522 522 522 522 522 522 522 522 522 522 522 522 522 522
696 696 695 695 695 695 695 694 694 694 694 694 693 693 693 693 692 692 692 692 692 590 590 590 590 590 590 590 590 590 590 590 590 590 590 590 590 590 590 590 590 590 590 630 629 629 629 629 628 628 628 628 628 627 627 627 627 626 626 626 626 626 625 625 625 625 522 522 522 522 522 522 522 522 522 522 522 522 522 522 522 522 522 522 522 522 522 522 522 522 522 522 522 522
696 696 695 695 695 695 695 694 694 694 694 693 693 693 693 693 692 692 590 590 590 590 590 590 590 590 590 590 590 590 590 590 590 590 590 590 590 590 590 590 590 590 590 629 629 629 629 629 628 628 628 628 627 627 627 627 627 626 626 626 626 625 625 625 625 625 624 624 522 522 522 522 522 522 522 522 522 522 522 522 522 522 522 522 522 522 522 522 522 522 522 522 522 522
696 695 695 695 695 695 694 694 694 694 694 693 693 693 693 692 590 590 590 590 590 590 590 590 590 590 590 590 590 590 590 590 590 590 590 590 590 590 590 590 590 590 590 629 629 629 629 628 628 628 628 628 627 627 627 627 626 626 626 626 626 625 625 625 625 625 624 624 624 624 522 522 522 522 522 522 522 522 522 522 522 522 522 522 522 522 522 522 522 522 522 522 522 522
696 695 695 695 695 695 694 694 694 694 693 693 693 590 590 590 590 590 590 590 590 590 590 590 590 590 590 590 590 590 590 590 590 590 590 590 590 590 590 590 590 590 590 590 629 629 629 628 628 628 628 627 627 627 627 627 626 626 626 626 626 625 625 625 625 624 624 624 624 624 623 623 522 522 522 522 522 522 522 522 522 522 522 522 522 522 522 522 522 522 522 522 522 522
695 695 695 695 695 694 694 694 694 694 693 590 590 590 590 590 590 590 590 590 590 590 590 590 590 590 590 590 590 590 590 590 590 590 590 590 590 590 590 590 590 590 590 590 629 629 629 628 628 628 628 627 627 627 627 627 626 626 626 626 625 625 625 625 625 624 624 624 624 623 623 623 623 623 522 522 522 522 522 522 522 522 522 522 522 522 522 522 522 522 522 522 522 522
695 695 695 695 695 694 694 694 590 590 590 590 590 590 590 590 590 590 590 590 590 590 590 590 590 590 590 590 590 590 590 590 590 590 590 590 590 590 590 590 590 590 590 590 590 629 628 628 628 628 628 627 627 627 627 626 626 626 626 626 625 625 625 625 624 624 624 624 624 623 623 623 623 622 622 622 522 522 522 522 522 522 522 522 522 522 522 522 522 522 522 522 522 522
695 695 695 695 694 694 590 590 590 590 590 590 590 590 590 590 590 590 590 590 590 590 590 590 590 590 590 590 590 590 590 590 590 590 590 590 590 590 590 590 590 590 590 590 590 629 628 628 628 628 627 627 627 627 627 626 626 626 626 625 625 625 625 625 624 624 624 624 623 623 623 623 623 622 622 622 622 621 522 522 522 522 522 522 522 522 522 522 522 522 522 522 522 522
695 695 695 590 590 590 590 590 590 590 590 590 590 590 590 590 590 590 590 590 590 590 590 590 590 590 590 590 590 590 590 590 590 590 590 590 590 590 590 590 590 590 590 590 590 590 628 628 628 628 627 627 627 627 626 626 626 626 626 625 625 625 625 624 624 624 624 624 623 623 623 623 622 622 622 622 622 621 621 621 522 522 522 522 522 522 522 522 522 522 522 522 522 522
590 590 590 590 590 590 590 590 590 590 590 590 590 590 590 590 590 590 590 590 590 590 590 590 590 590 590 590 590 590 590 590 590 590 590 590 590 590 590 590 590 590 590 590 590 590 628 628 628 627 627 627 627 627 626 626 626 626 625 625 625 625 625 624 624 624 624 623 623 623 623 623 622 622 622 622 621 621 621 621 621 522 522 522 522 522 522 522 522 522 522 522 522 522
590 590 590 590 590 590 590 590 590 590 590 590 590 590 590 590 590 590 590 590 590 590 590 590 590 590 590 590 590 590 590 590 590 590 590 590 590 590 590 590 590 590 590 590 590 590 628 628 628 627 627 627 627 626 626 626 626 626 625 625 625 625 624 624 624 624 624 623 623 623 623 623 622 622 622 622 621 621 621 621 621 620 620 522 522 522 522 522 522 522 522 522 522 522
590 590 590 590 590 590 590 590 590 590 590 590 590 590 590 590 590 590 590 590 590 590 590 590 590 590 590 590 590 590 590 590 590 590 590 590 590 590 590 590 590 590 590 590 590 590 590 628 627 627 627 627 627 626 626 626 626 625 625 625 625 625 624 624 624 624 624 623 623 623 623 622 622 622 622 622 621 621 621 621 620 620 620 620 620 522 522 522 522 522 522 522 522 522
590 590 590 590 590 590 590 590 590 590 590 590 590 590 590 590 590 590 590 590 590 590 590 590 590 590 590 590 590 590 590 590 590 590 590 590 590 590 590 590 590 590 590 590 590 590 590 628 627 627 627 627 626 626 626 626 626 625 625 625 625 625 624 624 624 624 623 623 623 623 623 622 622 622 622 621 621 621 621 621 620 620 620 620 620 620 620 522 522 522 522 522 522 522
590 590 590 590 590 590 590 590 590 590 590 590 590 590 590 590 590 590 590 590 590 590 590 590 590 590 590 590 590 590 590 590 590 590 590 590 590 590 590 590 590 590 590 590 590 590 590 590 627 627 627 627 626 626 626 626 626 625 625 625 625 624 624 624 624 624 623 623 623 623 622 622 622 622 622 621 621 621 621 620 620 620 620 620 620 620 620 620 620 522 522 522 522 522
590 590 590 590 590 590 590 590 590 590 590 590 590 590 590 590 590 590 590 590 590 590 590 590 590 590 590 590 590 590 590 590 590 590 590 590 590 590 590 590 590 590 590 590 590 590 590 590 627 627 627 626 626 626 626 626 625 625 625 625 625 624 624 624 624 623 623 623 623 623 622 622 622 622 621 621 621 621 621 620 620 620 620 620 620 620 620 620 620 620 522 522 522 522
590 590 590 590 590 590 590 590 590 590 590 590 590 590 590 590 590 590 590 590 590 590 590 590 590 590 590 590 590 590 590 590 590 590 590 590 590 590 590 590 590 590 590 590 590 590 590 590 590 627 627 626 626 626 626 626 625 625 625 625 624 624 624 624 624 623 623 623 623 622 622 622 622 622 621 621 621 621 620 620 620 620 620 620 620 620 620 620 620 620 620 620 522 522
