testData/tiles/oneDegreeCosts/grid37.0-31.0-38.0-32.0.asc
ncols   200
nrows   200
xllcorner   37.0
yllcorner   31.0
cellsize   0.005
NODATA_value   -9999.0
[rows 126 to 167 of 200, columns 0 to 93 of 200]
475 475 474 474 474 474 473 473 473 472 472 471 471 470 470 470 469 469 469 464 464 464 463 463 463 462 462 461 461 461 460 460 460 460 460 460 460 460 459 459 459 459 459 459 459 459 459 458 458 458 458 458 458 458 457 457 457 457 457 457 456 456 456 456 456 455 455 455 455 455 455 455 455 455 418 418 418 418 418 418 418 418 418 418 418 418 418 418 418 418 418 418 418 418
475 474 474 474 474 473 473 473 473 472 472 472 471 470 470 470 469 469 469 468 468 468 467 467 466 466 466 465 465 460 460 460 460 460 460 460 460 460 459 459 459 459 459 459 459 459 459 458 458 458 458 458 458 458 457 457 457 457 457 457 456 456 456 456 456 455 455 455 455 455 455 455 455 418 418 418 418 418 418 418 418 418 418 418 418 418 418 418 418 418 418 418 418 418
476 475 474 474 474 473 473 473 473 472 472 472 471 471 471 469 469 469 468 468 468 467 467 467 466 466 466 465 465 464 464 464 464 464 464 464 464 464 459 459 459 459 459 459 459 459 459 458 458 458 458 458 458 458 457 457 457 457 457 457 456 456 456 456 456 455 455 455 455 455 455 455 455 418 418 418 418 418 418 418 418 418 418 418 418 418 418 418 418 418 418 418 418 418
475 475 475 475 473 473 473 473 472 472 472 472 471 471 471 470 470 469 468 468 468 467 467 467 466 466 465 465 465 464 464 464 464 464 464 464 464 464 463 463 463 463 463 463 463 459 459 458 458 458 458 458 458 458 457 457 457 457 457 457 456 456 456 456 456 455 455 455 455 455 455 455 418 418 418 418 418 418 418 418 418 418 418 418 418 418 418 418 418 418 418 418 418 418
475 475 475 475 474 474 473 473 472 472 472 471 471 471 470 470 470 470 469 468 468 467 467 466 466 466 465 465 465 464 464 464 464 464 464 464 464 464 463 463 463 463 463 463 463 463 463 462 462 462 462 462 458 458 457 457 457 457 457 457 456 456 456 456 456 455 455 455 455 455 455 418 418 418 418 418 418 418 418 418 418 418 418 418 418 418 418 418 418 418 418 418 418 418
475 475 475 474 474 474 474 473 472 472 472 471 471 471 470 470 470 469 469 469 468 467 467 466 466 466 465 465 464 464 464 464 464 464 464 464 464 464 463 463 463 463 463 463 463 463 463 462 462 462 462 462 462 462 461 461 461 461 457 457 456 456 456 456 456 455 455 455 455 455 455 418 418 418 418 418 418 418 418 418 418 418 418 418 418 418 418 418 418 418 418 418 418 418
475 475 475 474 474 474 474 473 473 473 471 471 471 471 470 470 470 469 469 469 468 468 467 466 466 465 465 465 464 464 464 464 464 464 464 464 464 464 463 463 463 463 463 463 463 463 463 462 462 462 462 462 462 462 461 461 461 461 461 461 460 460 460 460 456 455 455 455 455 455 418 418 418 418 418 418 418 418 418 418 418 418 418 418 418 418 418 418 418 418 418 418 418 418
475 475 474 474 474 474 473 473 473 473 472 472 471 470 470 470 469 469 469 468 468 468 467 467 466 465 465 465 464 464 464 464 464 464 464 464 464 463 463 463 463 463 463 463 463 463 463 462 462 462 462 462 462 462 461 461 461 461 461 461 460 460 460 460 460 459 459 459 459 455 418 418 418 418 418 418 418 418 418 418 418 418 418 418 418 418 418 418 418 418 418 418 418 418
475 475 474 474 474 474 473 473 473 472 472 472 472 471 470 470 469 469 469 468 468 468 467 467 467 466 465 464 464 464 464 464 464 464 464 464 464 463 463 463 463 463 463 463 463 463 463 462 462 462 462 462 462 462 461 461 461 461 461 461 460 460 460 460 460 459 459 459 459 422 422 422 422 422 418 418 418 418 418 418 418 418 418 418 418 418 418 418 418 418 418 418 418 418
476 475 475 474 474 473 473 473 473 472 472 472 471 471 471 471 469 469 469 468 468 467 467 467 466 466 466 465 464 464 464 464 464 464 464 464 464 463 463 463 463 463 463 463 463 463 463 462 462 462 462 462 462 462 461 461 461 461 461 461 460 460 460 460 460 459 459 459 459 422 422 422 422 422 422 422 422 422 422 418 418 418 418 418 418 418 418 418 418 418 418 418 418 418
475 475 475 475 475 473 473 473 472 472 472 472 471 471 471 470 470 470 468 468 468 467 467 467 466 466 465 465 465 464 464 464 464 464 464 464 464 463 463 463 463 463 463 463 463 463 462 462 462 462 462 462 462 462 461 461 461 461 461 461 460 460 460 460 460 459 459 459 422 422 422 422 422 422 422 422 422 422 422 422 422 422 422 418 418 418 418 418 418 418 418 418 418 418
475 475 475 475 474 474 474 473 472 472 472 471 471 471 471 470 470 470 469 469 468 467 467 466 466 466 465 465 465 465 465 464 464 464 464 464 464 463 463 463 463 463 463 463 463 463 462 462 462 462 462 462 462 461 461 461 461 461 461 460 460 460 460 460 460 459 459 459 422 422 422 422 422 422 422 422 422 422 422 422 422 422 422 422 422 422 422 422 418 418 418 418 418 418
475 475 475 475 474 474 474 473 473 472 472 471 471 471 470 470 470 469 469 469 468 468 467 466 466 466 465 465 465 465 465 465 465 464 464 464 463 463 463 463 463 463 463 463 463 463 462 462 462 462 462 462 462 461 461 461 461 461 461 460 460 460 460 460 460 459 459 422 422 422 422 422 422 422 422 422 422 422 422 422 422 422 422 422 422 422 422 422 422 422 422 422 418 418
475 475 475 474 474 474 474 473 473 473 473 471 471 471 470 470 470 469 469 469 468 468 468 467 466 465 465 465 465 465 465 465 465 465 464 464 463 463 463 463 463 463 463 463 463 463 462 462 462 462 462 462 462 461 461 461 461 461 461 460 460 460 460 460 459 459 422 422 422 422 422 422 422 422 422 422 422 422 422 422 422 422 422 422 422 422 422 422 422 422 422 422 422 422
475 475 474 474 474 474 473 473 473 473 472 472 472 470 470 470 470 469 469 469 468 468 467 467 467 465 465 465 465 465 465 465 465 465 465 465 463 463 463 463 463 463 463 463 463 463 462 462 462 462 462 462 462 461 461 461 461 461 461 460 460 460 460 460 459 459 422 422 422 422 422 422 422 422 422 422 422 422 422 422 422 422 422 422 422 422 422 422 422 422 422 422 422 422
476 475 474 474 474 474 473 473 473 473 472 472 472 471 471 470 469 469 469 468 468 468 467 467 467 466 466 465 465 465 465 465 465 465 465 465 464 463 463 463 463 463 463 463 463 463 462 462 462 462 462 462 462 461 461 461 461 461 461 460 460 460 460 460 459 422 422 422 422 422 422 422 422 422 422 422 422 422 422 422 422 422 422 422 422 422 422 422 422 422 422 422 422 422
476 475 475 474 474 473 473 473 473 472 472 472 472 471 471 471 470 469 469 468 468 468 467 467 466 466 466 466 466 465 465 465 465 465 465 464 464 464 464 463 463 463 463 463 463 462 462 462 462 462 462 462 462 461 461 461 461 461 461 460 460 460 460 460 459 422 422 422 422 422 422 422 422 422 422 422 422 422 422 422 422 422 422 422 422 422 422 422 422 422 422 422 422 422
477 476 476 476 476 474 474 474 474 473 473 473 472 472 471 470 470 470 469 468 468 467 467 467 466 466 466 466 466 466 465 465 465 465 465 464 464 464 464 464 463 463 463 463 463 462 462 462 462 462 462 462 462 461 461 461 461 461 461 460 460 460 460 460 422 422 422 422 422 422 422 422 422 422 422 422 422 422 422 422 422 422 422 422 422 422 422 422 422 422 422 422 422 422
476 476 476 476 475 475 475 474 473 473 473 473 472 472 472 471 471 471 470 470 469 468 468 468 467 466 466 466 466 466 466 466 465 465 465 464 464 464 464 464 464 464 463 463 463 462 462 462 462 462 462 462 462 461 461 461 461 461 461 460 460 460 460 423 422 422 422 422 422 422 422 422 422 422 422 422 422 422 422 422 422 422 422 422 422 422 422 422 422 422 422 422 422 422
476 476 476 476 475 475 475 475 474 473 473 472 472 472 471 471 471 470 470 470 469 469 468 467 467 467 467 467 467 467 467 467 467 466 464 464 464 464 464 464 464 464 464 463 463 462 462 462 462 462 462 462 461 461 461 461 461 461 460 460 460 460 460 423 422 422 422 422 422 422 422 422 422 422 422 422 422 422 422 422 422 422 422 422 422 422 422 422 422 422 422 422 422 422
477 477 477 476 476 476 476 475 474 474 474 472 472 472 471 471 471 470 470 470 469 469 469 468 467 467 467 467 467 467 467 467 467 467 466 465 465 465 465 465 465 464 464 464 464 462 462 462 462 462 462 462 461 461 461 461 461 461 460 460 460 460 423 423 422 422 422 422 422 422 422 422 422 422 422 422 422 422 422 422 422 422 422 422 422 422 422 422 422 422 422 422 422 422
477 477 477 476 476 476 475 475 475 475 474 474 474 472 472 472 472 471 471 471 469 469 468 468 468 468 467 467 467 467 467 467 467 467 466 466 465 465 465 465 465 465 465 465 464 464 463 463 462 462 462 462 461 461 461 461 461 461 460 460 460 460 423 422 422 422 422 422 422 422 422 422 422 422 422 422 422 422 422 422 422 422 422 422 422 422 422 422 422 422 422 422 422 422
477 477 476 476 476 476 475 475 475 475 474 474 474 473 473 472 471 471 471 470 470 470 469 469 469 469 469 468 468 467 467 467 467 466 466 466 466 466 465 465 465 465 465 465 464 464 464 463 463 463 463 463 462 462 461 461 461 461 460 460 460 423 423 422 422 422 422 422 422 422 422 422 422 422 422 422 422 422 422 422 422 422 422 422 422 422 422 422 422 422 422 422 422 422
478 477 476 476 476 475 475 475 475 474 474 474 473 473 473 473 472 471 471 470 470 469 469 469 469 469 469 469 469 468 468 468 468 467 467 467 467 467 466 465 465 465 465 465 464 464 464 464 464 463 463 463 462 462 462 462 462 462 461 461 423 423 423 422 422 422 422 422 422 422 422 422 422 422 422 422 422 422 422 422 422 422 422 422 422 422 422 422 422 422 422 422 422 422
478 478 478 478 477 476 476 476 476 475 475 475 474 474 474 472 472 472 470 470 470 469 469 469 469 469 469 469 469 469 468 468 467 467 467 467 467 467 467 467 467 466 466 466 465 464 464 464 464 464 463 462 462 462 462 462 462 462 461 461 424 424 424 423 423 422 422 422 422 422 422 422 422 422 422 422 422 422 422 422 422 422 422 422 422 422 422 422 422 422 422 422 422 422
478 478 478 478 477 477 476 476 475 475 475 474 474 474 474 473 473 473 472 472 471 470 470 470 470 469 469 469 469 469 469 469 467 467 467 467 467 467 467 467 467 467 466 465 465 465 465 465 465 465 465 462 462 462 462 462 462 461 461 424 424 424 424 423 423 423 423 423 423 423 422 422 422 422 422 422 422 422 422 422 422 422 422 422 422 422 422 422 422 422 422 422 422 422
478 478 478 478 477 477 477 476 475 475 475 474 474 474 473 473 473 472 472 472 471 471 470 470 470 470 470 470 470 470 470 470 469 468 467 467 467 467 467 467 467 467 467 466 465 465 465 465 465 465 465 464 464 463 463 463 463 461 461 424 424 424 424 423 423 423 423 423 423 423 423 423 423 423 423 422 422 422 422 422 422 422 422 422 422 422 422 422 422 422 422 422 422 422
478 478 479 478 478 478 478 477 476 476 474 474 474 474 473 473 473 472 472 472 471 471 471 470 470 470 470 470 470 470 470 469 469 469 469 468 468 468 468 468 468 467 467 466 466 465 465 465 465 465 465 464 464 464 463 463 463 462 425 425 425 425 424 423 423 423 423 423 423 423 423 423 423 423 423 423 423 423 423 423 422 422 422 422 422 422 422 422 422 422 422 422 422 422
478 478 478 478 478 478 477 477 477 477 476 476 475 474 474 474 473 473 473 472 471 471 471 471 471 470 470 470 470 470 469 469 469 469 469 469 468 468 468 468 468 468 467 467 467 467 466 466 465 465 464 464 464 464 464 463 463 425 425 425 425 425 424 424 424 424 424 424 423 423 423 423 423 423 423 423 423 423 423 423 423 423 423 423 422 422 422 422 422 422 422 422 422 422
478 478 478 478 478 478 477 477 477 476 476 476 476 475 474 474 473 473 473 472 472 472 472 472 472 472 472 471 471 471 469 469 469 469 469 469 469 469 468 468 468 468 467 467 467 467 467 467 466 466 465 465 465 465 464 464 463 425 425 425 425 425 424 424 424 424 424 424 424 424 424 424 424 423 423 423 423 423 423 423 423 423 423 423 423 423 423 423 422 422 422 422 422 422
479 478 478 478 478 477 477 477 477 476 476 476 475 475 475 473 473 473 472 472 472 472 472 472 472 472 472 472 471 470 470 470 470 470 470 470 470 470 469 468 468 468 467 467 467 467 467 467 467 466 465 465 465 465 465 465 427 427 426 426 425 425 424 424 424 424 424 424 424 424 424 424 424 424 424 424 424 423 423 423 423 423 423 423 423 423 423 423 423 423 423 423 422 422
479 479 478 478 478 478 478 478 477 477 477 477 476 476 476 474 474 473 472 472 472 472 472 472 472 472 472 472 471 471 470 470 470 470 470 470 470 470 470 470 470 468 468 468 468 467 467 467 467 467 465 465 465 465 465 428 427 427 427 426 426 426 425 425 425 424 424 424 424 424 424 424 424 424 424 424 424 424 424 424 424 424 423 423 423 423 423 423 423 423 423 423 423 423
479 479 479 479 478 478 478 478 477 477 477 476 476 476 475 475 475 474 474 473 473 473 473 473 473 472 472 472 471 471 471 470 470 470 470 470 470 470 470 470 470 469 468 468 468 468 468 468 468 467 467 465 465 465 465 428 427 427 427 427 426 426 425 425 425 425 425 425 425 425 424 424 424 424 424 424 424 424 424 424 424 424 424 424 424 424 423 423 423 423 423 423 423 423
479 479 479 478 478 478 478 477 477 477 477 476 476 476 475 475 475 474 474 474 473 473 473 473 473 473 473 472 472 472 472 472 472 471 470 470 470 470 470 470 470 469 469 468 468 468 468 468 468 467 467 467 467 466 429 429 428 427 427 427 427 425 425 425 425 425 425 425 425 425 425 425 425 425 425 424 424 424 424 424 424 424 424 424 424 424 424 424 424 424 423 423 423 423
480 480 480 479 479 479 479 479 478 477 476 476 476 475 475 475 475 474 474 474 474 474 473 473 473 473 472 472 472 472 472 472 472 472 471 471 471 471 471 471 470 469 469 469 469 468 468 468 468 467 467 467 467 430 429 428 428 428 428 428 428 427 425 425 425 425 425 425 425 425 425 425 425 425 425 425 425 425 425 424 424 424 424 424 424 424 424 424 424 424 424 424 424 424
480 480 479 479 479 479 478 478 478 479 477 477 477 476 476 476 475 475 475 475 474 474 474 474 472 472 472 472 472 472 472 472 472 472 472 472 471 471 471 471 470 470 470 470 470 470 469 469 467 467 467 467 467 430 430 428 428 428 428 428 428 427 427 426 426 426 426 425 425 425 425 425 425 425 425 425 425 425 425 425 425 425 425 425 424 424 424 424 424 424 424 424 424 424
480 479 479 479 479 478 478 478 478 477 478 478 476 476 476 476 475 475 475 475 475 475 475 474 474 473 473 473 473 473 472 472 472 472 472 472 472 471 471 470 470 470 470 470 470 470 470 469 468 468 468 468 431 431 430 429 428 428 428 428 428 427 427 427 427 426 426 426 426 426 426 426 425 425 425 425 425 425 425 425 425 425 425 425 425 425 425 425 424 424 424 424 424 424
481 480 479 479 479 478 478 478 477 477 477 477 477 476 476 475 475 475 475 475 475 474 474 474 474 474 474 473 473 473 473 473 473 473 473 473 473 472 471 470 470 470 470 470 470 470 470 470 468 468 468 431 431 431 431 430 430 430 429 428 427 427 427 427 427 427 426 426 426 426 426 426 426 426 426 426 426 425 425 425 425 425 425 425 425 425 425 425 425 425 425 425 424 424
480 480 480 480 479 479 479 479 478 478 478 477 477 477 477 475 475 475 474 474 474 474 474 474 474 474 474 474 473 473 473 473 473 473 473 473 473 473 472 472 471 471 471 471 470 470 470 470 469 469 468 431 431 431 430 430 430 430 430 429 428 428 428 428 428 427 427 426 426 426 426 426 426 426 426 426 426 426 426 426 426 425 425 425 425 425 425 425 425 425 425 425 425 425
481 480 480 479 479 479 479 478 478 478 478 477 477 477 476 476 476 475 475 475 475 475 475 475 475 474 474 474 474 474 473 473 473 473 473 473 473 473 472 472 472 471 471 471 471 471 471 470 470 470 433 431 431 431 430 430 430 430 430 430 428 428 428 428 428 428 428 428 427 427 426 426 426 426 426 426 426 426 426 426 426 426 426 426 426 425 425 425 425 425 425 425 425 425
481 481 481 479 479 479 479 478 478 478 477 477 477 476 476 476 476 476 475 475 475 475 475 475 475 475 475 475 475 475 475 474 474 474 473 473 473 472 472 472 472 472 471 471 471 471 471 470 470 433 433 433 432 432 431 431 430 430 430 430 429 428 428 428 428 428 428 428 428 427 427 427 427 427 426 426 426 426 426 426 426 426 426 426 426 426 426 426 426 426 425 425 425 425
482 482 481 481 481 480 479 479 479 478 477 477 477 476 476 476 476 476 476 476 475 475 475 475 475 475 475 475 475 475 475 475 475 474 474 474 474 473 473 473 473 472 472 472 471 471 470 470 470 433 433 433 433 431 431 431 431 431 431 430 430 430 428 428 428 428 428 428 428 428 427 427 427 427 427 427 427 427 427 426 426 426 426 426 426 426 426 426 426 426 426 426 426 425
