testData/tiles/oneDegreeCosts/grid14.0-29.0-15.0-30.0.asc
ncols   200
nrows   200
xllcorner   14.0
yllcorner   29.0
cellsize   0.005
NODATA_value   -9999.0
[rows 42 to 83 of 200, columns 94 to 187 of 200]
473 473 472 472 473 472 472 472 472 471 471 471 471 470 470 470 469 469 469 469 469 469 469 469 469 469 469 469 469 468 468 468 468 468 468 468 468 468 468 468 468 468 468 468 468 468 468 468 468 468 468 468 468 468 468 468 468 468 468 468 468 468 468 468 468 468 468 468 468 468 468 468 468 468 457 457 457 457 457 457 457 457 457 457 457 457 457 457 457 457 457 457 457 457
474 474 473 473 473 473 472 472 472 472 471 471 471 470 470 470 470 469 469 469 469 469 469 469 469 469 469 469 469 469 469 469 469 469 469 469 469 468 468 468 468 468 468 468 468 468 468 468 468 468 468 468 468 468 468 468 468 468 468 468 468 468 468 468 468 468 468 468 468 468 468 468 468 468 468 457 457 457 457 457 457 457 457 457 457 457 457 457 457 457 457 457 457 457
474 474 474 473 473 473 472 472 472 472 471 471 471 471 470 470 470 469 469 469 469 469 469 469 469 469 469 469 469 469 469 469 469 469 469 469 469 469 469 469 469 469 469 468 468 468 468 468 468 468 468 468 468 468 468 468 468 468 468 468 468 468 468 468 468 468 468 468 468 468 468 468 468 468 468 457 457 457 457 457 457 457 457 457 457 457 457 457 457 457 457 457 457 457
474 474 474 473 473 473 473 472 472 472 472 471 471 471 470 470 470 470 469 469 469 469 469 469 469 469 469 469 469 469 469 469 469 469 469 469 469 469 469 469 469 469 469 469 469 469 469 468 468 468 468 468 468 468 468 468 468 468 468 468 468 468 468 468 468 468 468 468 468 468 468 468 468 468 468 468 457 457 457 457 457 457 457 457 457 457 457 457 457 457 457 457 457 457
474 474 474 474 473 474 474 473 473 473 473 472 472 472 472 471 471 471 470 470 470 470 470 470 470 470 470 470 469 469 469 469 469 469 469 469 469 469 469 469 469 469 469 469 469 469 469 469 469 469 469 468 468 468 468 468 468 468 468 468 468 468 468 468 468 468 468 468 468 468 468 468 468 468 468 489 489 457 457 457 457 457 457 457 457 457 457 457 457 457 457 457 457 457
475 475 475 475 474 474 474 474 473 473 473 473 472 472 472 471 471 471 471 470 470 470 470 470 470 470 470 470 470 470 470 470 470 470 470 470 469 469 469 469 469 469 469 469 469 469 469 469 469 469 469 469 469 469 469 468 468 468 468 468 468 468 468 468 468 468 468 468 468 468 468 468 468 468 489 489 489 457 457 457 457 457 457 457 457 457 457 457 457 457 457 457 457 457
476 475 475 475 475 474 474 474 473 473 473 473 472 472 472 472 471 471 471 470 470 470 470 470 470 470 470 470 470 470 470 470 470 470 470 470 470 470 470 470 470 470 469 469 469 469 469 469 469 469 469 469 469 469 469 469 469 469 468 468 468 468 468 468 468 468 468 468 468 468 468 468 489 489 489 489 489 489 457 457 457 457 457 457 457 457 457 457 457 457 457 457 457 457
476 475 475 475 475 474 474 474 474 473 473 473 473 472 472 472 471 471 471 471 470 470 470 470 470 470 470 470 470 470 470 470 470 470 470 470 470 470 470 470 470 470 470 470 470 470 470 469 469 469 469 469 469 469 469 469 469 469 469 469 469 468 468 468 468 468 468 468 468 468 468 489 489 489 489 489 489 489 457 457 457 457 457 457 457 457 457 457 457 457 457 457 457 457
476 476 475 475 475 475 475 475 475 474 474 474 474 473 473 473 473 472 472 472 471 471 471 471 471 471 471 471 470 470 470 470 470 470 470 470 470 470 470 470 470 470 470 470 470 470 470 470 470 470 470 469 469 469 469 469 469 469 469 469 469 469 469 469 468 468 468 468 468 468 489 489 489 489 489 489 489 489 489 457 457 457 457 457 457 457 457 457 457 457 457 457 457 457
477 477 476 476 476 476 475 475 475 475 474 474 474 473 473 473 473 472 472 472 471 471 471 471 471 471 471 471 471 471 471 471 471 471 471 471 470 470 470 470 470 470 470 470 470 470 470 470 470 470 470 470 470 470 469 469 469 469 469 469 469 469 469 469 469 469 468 468 489 489 489 489 489 489 489 489 489 489 489 489 457 457 457 457 457 457 457 457 457 457 457 457 457 457
477 477 476 476 476 476 475 475 475 475 474 474 474 474 473 473 473 472 472 472 472 471 471 471 471 471 471 471 471 471 471 471 471 471 471 471 471 471 471 471 471 470 470 470 470 470 470 470 470 470 470 470 470 470 470 470 470 469 469 469 469 469 469 469 469 469 469 490 490 489 489 489 489 489 489 489 489 489 489 489 457 457 457 457 457 457 457 457 457 457 457 457 457 457
477 477 477 476 476 476 476 475 475 475 475 474 474 474 473 473 473 473 472 472 472 471 471 471 471 471 471 471 471 471 471 471 471 471 471 471 471 471 471 471 471 471 471 471 471 471 470 470 470 470 470 470 470 470 470 470 470 470 470 470 469 469 469 469 469 469 490 490 490 490 490 489 489 489 489 489 489 489 489 489 489 457 457 457 457 457 457 457 457 457 457 457 457 457
478 477 477 476 476 476 477 476 476 476 476 475 475 475 475 474 474 474 473 473 473 473 472 472 472 472 472 471 471 471 471 471 471 471 471 471 471 471 471 471 471 471 471 471 471 471 471 471 471 471 470 470 470 470 470 470 470 470 470 470 470 470 470 469 490 490 490 490 490 490 490 490 490 489 489 489 489 489 489 489 489 457 457 457 457 457 457 457 457 457 457 457 457 457
479 479 478 478 477 477 477 477 476 476 476 475 475 475 475 474 474 474 474 473 473 473 472 472 472 472 472 472 472 472 472 472 472 472 472 471 471 471 471 471 471 471 471 471 471 471 471 471 471 471 471 471 471 470 470 470 470 470 470 470 470 470 470 491 491 490 490 490 490 490 490 490 490 490 490 489 489 489 489 489 489 489 457 457 457 457 457 457 457 457 457 457 457 457
479 479 479 478 477 477 477 477 476 476 476 476 475 475 475 475 474 474 474 473 473 473 473 472 472 472 472 472 472 472 472 472 472 472 472 472 472 472 472 472 472 471 471 471 471 471 471 471 471 471 471 471 471 471 471 471 470 470 470 470 470 470 491 491 491 491 491 491 490 490 490 490 490 490 490 490 490 489 489 489 489 489 489 457 457 457 457 457 457 457 457 457 457 457
480 479 479 479 478 477 477 477 477 476 476 476 475 475 475 475 474 474 474 474 473 473 473 472 472 472 472 472 472 472 472 472 472 472 472 472 472 472 472 472 472 472 472 472 472 471 471 471 471 471 471 471 471 471 471 471 471 471 471 470 491 491 491 491 491 491 491 491 491 491 490 490 490 490 490 490 490 490 490 489 489 489 489 457 457 457 457 457 457 457 457 457 457 457
480 479 479 479 479 477 477 478 478 477 477 477 477 476 476 476 475 475 475 475 474 474 474 473 473 473 472 472 472 472 472 472 472 472 472 472 472 472 472 472 472 472 472 472 472 472 472 472 472 471 471 471 471 471 471 471 471 471 471 492 492 492 491 491 491 491 491 491 491 491 491 491 490 490 490 490 490 490 490 490 490 489 489 489 457 457 457 457 457 457 457 457 457 457
481 481 480 480 480 480 478 478 478 477 477 477 477 476 476 476 476 475 475 475 474 474 474 474 473 473 473 473 473 473 473 473 473 473 473 472 472 472 472 472 472 472 472 472 472 472 472 472 472 472 472 472 471 471 471 471 471 471 492 492 492 492 492 492 491 491 491 491 491 491 491 491 491 491 490 490 490 490 490 490 490 490 490 489 457 457 457 457 457 457 457 457 457 457
481 481 480 480 480 480 479 478 478 478 477 477 477 477 476 476 476 475 475 475 475 474 474 474 473 473 473 473 473 473 473 473 473 473 473 473 473 473 473 473 472 472 472 472 472 472 472 472 472 472 472 472 472 472 472 472 471 492 492 492 492 492 492 492 492 492 492 491 491 491 491 491 491 491 491 491 490 490 490 490 490 490 490 490 489 457 457 457 457 457 457 457 457 457
481 481 480 480 480 480 479 478 478 478 477 477 477 477 476 476 476 476 475 475 475 474 474 474 474 473 473 473 473 473 473 473 473 473 473 473 473 473 473 473 473 473 473 473 473 472 472 472 472 472 472 472 472 472 472 472 493 493 492 492 492 492 492 492 492 492 492 492 492 491 491 491 491 491 491 491 491 491 490 490 490 490 490 490 490 457 457 457 457 457 457 457 457 457
481 481 481 480 480 480 480 479 479 479 479 478 478 478 477 477 477 477 476 476 476 476 475 475 475 473 473 473 473 473 473 473 473 473 473 473 473 473 473 473 473 473 473 473 473 473 473 473 472 472 472 472 472 472 493 493 493 493 493 493 493 492 492 492 492 492 492 492 492 492 492 491 491 491 491 491 491 491 491 491 490 490 490 490 490 490 457 457 457 457 457 457 457 457
483 482 482 481 481 481 481 480 480 479 479 478 478 478 478 477 477 477 476 476 476 476 475 475 475 474 474 474 474 474 474 474 474 474 473 473 473 473 473 473 473 473 473 473 473 473 473 473 473 473 473 473 472 493 493 493 493 493 493 493 493 493 493 492 492 492 492 492 492 492 492 492 492 491 491 491 491 491 491 491 491 491 490 490 490 490 490 457 457 457 457 457 457 457
483 483 482 482 481 481 481 481 480 480 479 478 478 478 478 477 477 477 477 476 476 476 475 475 475 475 474 474 474 474 474 474 474 474 474 474 474 474 474 473 473 473 473 473 473 473 473 473 473 473 473 473 494 494 494 493 493 493 493 493 493 493 493 493 493 493 492 492 492 492 492 492 492 492 492 491 491 491 491 491 491 491 491 490 490 491 491 457 457 457 457 457 457 457
483 483 483 482 481 481 481 481 480 480 480 479 478 478 478 478 477 477 477 476 476 476 476 475 475 475 474 474 474 474 474 474 474 474 474 474 474 474 474 474 474 474 474 474 473 473 473 473 473 473 473 494 494 494 494 494 494 494 493 493 493 493 493 493 493 493 493 493 492 492 492 492 492 492 492 492 492 491 491 491 491 491 491 491 492 491 492 493 457 457 457 457 457 457
483 483 483 483 481 481 481 481 481 481 481 481 479 479 479 479 478 478 478 478 477 477 477 476 476 475 474 474 474 474 474 474 474 474 474 474 474 474 474 474 474 474 474 474 474 474 474 474 473 473 494 494 494 494 494 494 494 494 494 494 493 493 493 493 493 493 493 493 493 493 492 492 492 492 492 492 492 492 492 491 491 491 492 492 493 493 494 494 457 457 457 457 457 457
485 484 484 484 484 482 482 482 482 481 481 481 481 479 479 479 478 478 478 478 477 477 477 476 476 476 476 475 475 475 475 475 475 474 474 474 474 474 474 474 474 474 474 474 474 474 474 474 474 495 495 494 494 494 494 494 494 494 494 494 494 494 494 493 493 493 493 493 493 493 493 493 492 492 492 492 492 492 492 492 491 492 492 493 494 494 495 495 495 457 457 457 457 457
485 484 484 484 484 483 482 482 482 481 481 481 481 480 479 479 479 478 478 478 477 477 477 477 476 476 476 475 475 475 475 475 475 475 475 475 475 475 475 474 474 474 474 474 474 474 474 474 495 495 495 495 495 495 494 494 494 494 494 494 494 494 494 494 494 493 493 493 493 493 493 493 493 493 492 492 492 492 492 492 493 494 493 494 495 495 496 496 497 457 457 457 457 457
485 484 484 484 484 484 482 482 482 481 481 481 481 480 479 479 479 478 478 478 478 477 477 477 476 476 476 475 475 475 475 475 475 475 475 475 475 475 475 475 475 475 475 474 474 474 474 495 495 495 495 495 495 495 495 495 495 494 494 494 494 494 494 494 494 494 494 493 493 493 493 493 493 493 493 493 492 492 493 493 494 495 495 496 495 496 497 497 498 498 457 457 457 457
485 485 484 484 484 484 483 482 482 483 482 482 482 482 481 480 480 479 479 479 479 478 478 478 476 476 476 476 475 475 475 475 475 475 475 475 475 475 475 475 475 475 475 475 475 475 496 495 495 495 495 495 495 495 495 495 495 495 495 494 494 494 494 494 494 494 494 494 494 493 493 493 493 493 493 493 493 494 493 494 495 495 496 497 497 497 498 498 499 499 457 457 457 457
407 407 485 485 485 485 484 484 483 483 482 482 482 482 481 481 480 480 479 479 479 478 478 478 478 477 477 477 476 476 476 476 476 475 475 475 475 475 475 475 475 475 475 475 475 496 496 496 496 496 495 495 495 495 495 495 495 495 495 495 495 495 494 494 494 494 494 494 494 494 494 493 493 493 493 493 494 495 495 495 496 496 497 497 498 499 499 499 500 500 501 457 457 457
407 407 407 485 485 485 485 484 484 483 483 482 482 482 481 481 481 480 479 479 479 479 478 478 478 477 477 477 476 476 476 476 476 476 476 476 476 476 475 475 475 475 475 475 496 496 496 496 496 496 496 496 496 495 495 495 495 495 495 495 495 495 495 495 494 494 494 494 494 494 494 494 494 493 494 494 495 495 496 497 497 497 498 498 499 500 500 501 500 501 502 457 457 457
407 407 407 407 485 485 485 484 484 484 483 482 482 482 482 481 481 480 479 479 479 479 478 478 478 477 477 477 477 476 476 476 476 476 476 476 476 476 476 476 476 476 475 496 496 496 496 496 496 496 496 496 496 496 496 496 495 495 495 495 495 495 495 495 495 495 494 494 494 494 494 494 494 495 495 495 496 496 497 498 498 499 499 499 500 500 501 502 502 503 503 503 457 457
407 407 407 407 407 407 485 484 484 484 485 483 483 483 483 482 482 482 481 480 480 480 479 478 478 478 477 477 477 476 476 476 476 476 476 476 476 476 476 476 476 476 497 497 497 497 496 496 496 496 496 496 496 496 496 496 496 496 495 495 495 495 495 495 495 495 495 495 494 494 494 494 495 496 496 497 497 497 498 499 499 500 500 501 501 501 502 503 503 504 504 504 457 457
407 408 408 407 407 407 407 486 485 485 485 484 483 483 483 482 482 482 482 480 480 480 480 479 479 479 478 478 478 477 477 477 476 476 476 476 476 476 476 476 476 497 497 497 497 497 497 497 497 496 496 496 496 496 496 496 496 496 496 496 496 495 495 495 495 495 495 495 495 495 494 495 496 496 497 498 498 499 499 499 500 501 501 502 503 502 503 503 504 505 505 506 506 457
408 408 408 408 407 407 407 407 407 485 485 485 483 483 483 483 482 482 482 481 480 480 480 479 479 479 478 478 478 478 477 477 477 477 477 477 477 477 476 476 497 497 497 497 497 497 497 497 497 497 497 497 496 496 496 496 496 496 496 496 496 496 496 495 495 495 495 495 495 495 496 497 497 497 498 499 499 500 501 501 501 502 502 503 503 504 505 504 505 506 506 507 507 508
408 408 408 408 407 407 407 407 407 407 485 485 484 483 483 483 482 482 482 482 480 480 480 479 479 479 479 478 478 478 477 477 477 477 477 477 477 477 477 498 498 498 497 497 497 497 497 497 497 497 497 497 497 497 497 496 496 496 496 496 496 496 496 496 496 495 495 495 496 496 497 498 498 498 499 499 500 501 501 502 503 502 503 504 504 505 506 506 506 506 507 508 508 509
408 408 408 408 408 407 407 407 407 407 407 486 486 485 484 484 483 483 483 483 482 481 480 480 479 479 479 478 478 478 477 477 477 477 477 477 477 477 498 498 498 498 498 498 498 497 497 497 497 497 497 497 497 497 497 497 497 496 496 496 496 496 496 496 496 496 496 496 496 497 498 498 499 500 501 500 501 502 502 503 504 504 505 505 505 506 506 507 508 508 508 509 509 510
409 408 409 409 409 408 408 407 407 407 407 407 407 485 484 484 484 483 483 483 482 482 481 481 480 480 480 479 479 479 479 477 477 477 477 477 477 498 498 498 498 498 498 498 498 498 498 498 498 497 497 497 497 497 497 497 497 497 497 497 496 496 496 496 496 496 497 497 498 498 499 499 500 501 501 502 503 502 503 504 504 505 506 506 506 507 507 508 509 509 510 509 510 511
410 409 409 409 409 408 408 407 407 407 407 407 407 407 485 484 484 483 483 483 483 482 481 481 480 480 480 480 479 479 479 478 478 478 478 478 499 498 498 498 498 498 498 498 498 498 498 498 498 498 498 497 497 497 497 497 497 497 497 497 497 497 496 496 496 497 498 498 499 500 500 500 501 501 502 503 504 504 504 505 505 506 507 507 508 508 508 509 509 510 511 511 511 512
410 409 409 409 409 409 408 408 407 407 407 407 407 407 407 407 484 483 483 483 483 482 482 481 480 480 480 480 479 479 479 478 478 478 478 499 499 499 499 499 499 498 498 498 498 498 498 498 498 498 498 498 498 498 497 497 497 497 497 497 497 497 497 497 497 498 498 499 500 501 501 502 502 502 503 504 504 505 506 506 506 507 507 508 509 509 510 510 510 511 512 512 513 512
411 410 409 409 409 409 408 408 408 407 407 407 407 407 407 407 407 485 484 484 484 482 482 482 481 480 480 480 479 479 479 479 478 478 499 499 499 499 499 499 499 499 499 499 499 498 498 498 498 498 498 498 498 498 498 498 497 497 497 497 497 497 497 498 499 499 499 500 501 501 502 503 503 504 504 505 505 506 507 507 508 508 508 509 510 510 511 512 511 512 512 513 514 514
411 411 410 410 410 410 409 409 409 409 407 407 407 407 407 407 407 407 407 484 484 483 483 483 483 481 481 481 480 480 480 479 478 499 499 499 499 499 499 499 499 499 499 499 499 499 499 499 498 498 498 498 498 498 498 498 498 498 498 497 497 497 498 499 500 500 501 502 501 502 503 504 504 505 506 506 506 507 507 508 509 509 510 510 510 511 512 512 513 513 513 514 515 515
