testData/tiles/oneDegreeCosts/grid42.0-40.0-43.0-41.0.asc
ncols   200
nrows   200
xllcorner   42.0
yllcorner   40.0
cellsize   0.005
NODATA_value   -9999.0
[rows 84 to 125 of 200, columns 94 to 187 of 200]
550 551 551 552 553 554 555 555 556 558 558 559 560 560 562 563 563 564 565 565 567 568 568 607 607 609 610 610 611 612 391 392 393 393 394 395 395 396 397 398 399 399 400 401 401 403 404 404 405 405 406 407 408 409 409 410 411 411 412 413 413 415 415 416 417 417 418 418 419 420 420 422 422 423 423 424 425 425 426 426 427 427 428 429 430 430 431 431 432 432 433 433 434 434
550 550 552 553 553 554 555 556 557 558 558 559 561 561 562 562 563 565 565 566 567 567 569 570 570 609 610 610 612 612 613 614 614 393 395 395 396 397 397 398 398 400 401 401 402 403 403 404 406 406 407 407 408 409 409 410 411 412 413 413 414 414 415 416 416 418 418 419 420 420 421 421 422 423 423 424 425 426 426 427 427 428 428 429 429 430 430 431 431 432 433 434 434 434
551 551 552 553 554 555 555 556 557 558 559 560 560 561 563 563 564 565 565 567 568 568 569 569 570 572 572 611 612 612 613 615 615 616 616 617 618 397 398 399 399 400 401 401 403 403 404 405 405 406 407 408 409 409 410 411 411 412 412 414 415 415 416 416 417 418 418 419 419 421 421 422 423 423 424 424 425 425 426 426 427 428 429 429 430 430 431 431 432 432 433 433 434 434
550 552 553 553 554 555 556 557 558 558 559 561 561 562 562 563 565 565 566 567 567 568 570 570 571 572 572 574 574 613 614 614 615 617 617 618 619 619 620 620 622 401 401 402 403 403 404 405 406 407 407 408 408 409 411 411 412 412 413 414 414 415 415 417 418 418 419 419 420 421 421 422 422 423 424 425 425 426 426 427 427 428 428 429 429 430 430 432 432 433 433 434 434 434
551 552 553 554 555 555 556 557 558 559 560 560 561 563 563 564 565 565 566 568 568 569 569 570 572 572 573 574 574 575 577 615 616 616 617 618 619 620 621 621 622 622 623 625 403 404 405 405 406 406 408 409 409 410 410 411 412 412 414 414 415 416 416 417 417 418 418 420 421 421 422 422 423 423 424 424 425 426 426 428 428 429 429 430 430 430 431 431 432 432 433 433 433 434
551 553 553 554 555 555 557 558 558 559 560 561 562 562 563 564 565 566 567 567 568 570 570 571 571 572 574 574 575 576 576 577 617 617 618 618 619 620 620 622 623 623 624 624 625 626 627 406 406 407 408 408 409 411 411 412 412 413 413 414 415 415 417 417 418 419 419 420 420 421 421 422 423 424 425 425 426 426 427 427 428 428 429 429 431 431 431 432 432 433 433 434 434 434
552 553 553 555 555 556 557 557 559 560 560 561 562 563 564 565 565 566 567 568 569 569 570 572 572 573 574 574 575 576 577 578 578 579 618 619 620 620 621 622 622 623 625 625 626 626 627 628 628 630 630 409 410 410 411 411 412 414 414 415 415 416 416 417 418 418 420 420 421 421 422 423 423 424 424 425 425 427 427 428 428 429 429 430 430 430 431 431 432 432 433 433 434 435
553 553 554 555 555 557 558 558 559 560 561 562 562 563 564 565 566 567 567 568 570 570 571 571 572 573 574 575 576 576 577 577 579 580 580 581 620 620 622 622 623 624 624 625 625 627 628 628 629 630 630 631 632 633 411 412 413 413 414 414 416 417 417 418 418 419 419 420 420 421 423 423 424 424 425 425 426 426 427 427 428 428 430 430 431 431 431 432 432 433 433 433 434 434
553 553 554 555 556 557 557 559 560 560 561 562 563 564 565 565 566 567 568 569 569 570 571 572 573 573 574 575 576 577 578 578 579 579 581 582 582 583 622 622 623 624 625 626 626 627 627 628 630 630 631 631 632 633 633 635 635 414 414 415 416 416 417 417 419 419 420 421 421 422 422 423 423 424 424 426 426 427 427 428 428 429 429 430 430 430 431 431 433 433 434 434 434 435
553 554 555 555 556 558 558 559 559 561 562 562 563 564 565 566 567 567 568 568 570 571 571 572 573 574 575 575 576 577 577 579 580 580 581 581 582 584 584 585 623 624 625 625 627 628 628 629 629 630 631 632 633 633 634 634 635 636 636 638 638 417 417 418 419 419 420 420 422 422 423 423 424 424 425 425 426 426 427 427 429 429 430 430 431 431 431 432 432 433 433 433 434 434
553 554 555 556 557 557 558 560 560 561 562 562 564 564 565 566 566 568 569 569 570 570 572 573 573 574 575 575 577 577 578 579 579 581 582 582 583 583 584 585 586 587 625 626 627 627 628 629 630 631 631 632 632 633 635 635 636 636 637 637 638 638 639 641 419 420 420 421 421 422 422 423 423 425 425 426 426 427 427 428 428 429 429 430 430 430 432 432 433 433 433 434 434 434
554 555 555 556 558 558 559 559 560 562 562 563 564 564 566 566 567 568 568 570 571 571 572 573 574 575 575 576 577 577 579 579 580 581 581 582 584 584 585 585 586 587 587 589 627 628 629 629 630 630 632 632 633 634 634 635 635 636 637 638 639 639 640 640 641 641 642 421 422 422 423 423 424 424 425 425 426 426 428 428 429 429 430 430 431 431 431 432 432 432 433 433 434 435
554 554 556 557 557 558 560 560 561 561 562 564 564 565 566 566 568 569 569 570 570 572 573 573 574 574 575 577 577 578 579 579 580 581 582 583 583 584 584 586 587 587 588 588 589 590 629 630 630 631 632 632 633 634 635 635 636 637 637 638 638 640 640 641 641 642 642 643 643 644 423 424 424 425 425 426 426 427 427 428 428 429 429 431 431 431 432 432 433 433 433 434 434 357
555 555 556 556 558 559 559 560 562 562 563 564 564 566 566 567 568 568 570 571 571 572 572 573 575 575 576 576 577 579 579 580 581 581 582 583 584 585 585 586 586 587 589 589 590 590 591 591 630 632 632 633 633 634 634 635 637 637 638 638 639 639 640 640 641 642 643 644 644 645 645 646 646 425 425 426 427 427 428 428 429 429 430 430 430 431 431 432 432 432 434 434 357 357
554 556 557 557 558 559 560 561 561 562 563 564 565 566 566 567 568 569 570 570 571 573 573 574 574 575 577 577 578 578 579 580 581 582 582 583 584 584 586 586 587 588 588 589 589 591 592 592 593 593 632 632 634 635 635 636 636 637 637 638 639 640 640 641 642 642 643 643 644 645 646 646 647 647 648 648 427 427 427 428 428 430 430 431 431 431 432 432 432 433 433 433 357 357
555 556 556 558 559 559 560 561 562 563 563 564 565 566 567 568 568 569 570 571 572 572 573 574 575 576 576 577 578 579 580 580 581 582 583 584 584 585 586 586 587 588 589 589 590 591 591 592 593 594 594 595 634 634 635 636 637 637 638 638 639 640 640 641 642 643 643 644 644 645 645 646 646 647 648 649 649 649 650 428 429 429 430 430 430 431 431 433 433 433 434 357 357 357
555 557 557 558 558 560 561 561 562 563 564 565 565 566 567 568 569 570 570 571 572 573 574 574 575 576 577 578 578 579 579 581 582 582 583 583 584 586 586 587 587 588 589 589 591 591 592 592 593 594 594 596 596 597 597 636 636 637 638 639 640 640 641 641 642 642 643 643 645 645 646 646 647 647 648 648 648 649 650 651 651 652 430 430 431 431 432 432 432 433 433 357 357 357
556 556 557 559 559 560 560 562 563 563 564 565 566 567 567 568 569 570 571 571 572 573 574 575 576 576 577 577 579 580 580 581 581 582 584 584 585 585 586 586 588 589 589 590 590 591 592 593 594 594 595 595 596 596 598 599 599 638 638 639 639 640 641 642 642 643 643 644 644 645 645 646 647 648 648 649 649 649 650 650 651 651 652 652 431 432 432 432 433 433 357 357 357 357
556 557 558 558 559 561 561 562 562 563 565 565 566 567 568 569 569 570 571 571 573 573 574 575 575 577 577 578 579 579 581 581 582 583 583 584 585 586 587 587 588 588 589 590 591 592 592 593 593 594 595 596 596 597 598 598 599 600 601 639 640 640 641 641 642 642 644 644 645 645 646 646 647 647 648 648 649 650 650 651 651 652 652 652 653 653 653 432 432 357 357 357 357 357
556 557 558 559 560 560 561 563 563 564 564 565 567 567 568 568 569 571 571 572 573 573 575 575 576 577 577 579 579 580 581 581 582 583 584 584 585 586 586 588 588 589 590 590 591 591 593 593 594 594 595 596 596 598 598 599 599 600 600 601 601 641 641 642 642 643 643 644 644 645 646 647 647 648 648 649 649 649 650 650 651 651 652 653 653 654 654 654 655 531 357 357 357 357
557 558 558 559 559 561 562 562 563 565 565 566 566 567 569 569 570 570 571 573 573 574 574 575 577 577 578 578 579 580 581 582 582 583 584 584 586 586 587 587 588 589 590 591 591 592 592 593 594 595 596 596 597 597 598 598 600 600 601 601 602 602 603 641 642 643 644 644 645 645 646 646 647 647 648 649 649 650 650 651 651 651 652 652 653 653 653 654 531 531 532 532 532 357
557 557 559 560 560 561 561 563 564 564 565 567 567 568 568 569 571 571 572 572 573 575 575 576 576 577 578 579 580 580 581 581 583 584 584 585 585 586 588 588 589 589 590 590 591 592 593 594 594 595 595 596 597 598 598 599 599 600 600 602 602 603 603 604 604 605 643 644 645 646 646 647 647 648 648 649 649 649 650 651 652 652 652 653 653 653 654 530 530 531 531 531 532 532
557 558 559 559 561 562 562 563 563 565 566 566 567 568 569 570 570 571 572 573 574 574 575 575 577 578 578 579 579 581 582 582 583 583 584 585 586 587 587 588 588 590 590 591 592 592 593 593 595 595 596 596 597 597 598 599 600 601 601 602 602 603 603 605 605 605 606 606 645 645 646 646 647 648 649 649 649 650 650 651 651 651 652 652 652 654 654 530 531 531 531 532 532 532
557 558 559 560 561 561 563 564 564 565 565 567 568 568 569 569 571 572 572 573 573 575 576 576 577 577 579 580 580 581 581 583 583 584 585 585 586 587 588 588 589 590 590 591 592 593 593 594 594 595 595 597 597 598 599 599 600 600 602 602 603 603 604 604 605 605 605 607 607 608 646 647 647 648 648 648 649 650 651 651 651 652 652 653 653 653 530 530 530 530 531 531 532 533
558 559 559 560 561 562 563 563 565 565 566 567 567 569 569 570 571 571 573 573 574 575 575 577 577 578 579 579 581 581 582 582 583 584 585 586 586 587 587 588 590 590 591 591 592 592 593 594 595 595 596 597 597 598 599 600 600 601 601 602 602 603 604 605 605 606 606 606 607 607 608 609 610 648 649 649 649 650 650 651 651 651 652 653 653 530 530 530 531 531 531 531 532 532
558 559 560 561 561 562 563 564 565 565 567 567 568 569 569 571 571 572 573 573 575 575 576 577 577 579 579 580 580 581 582 583 584 584 585 585 586 588 588 589 589 590 590 592 592 593 593 594 595 595 597 597 598 598 599 599 600 601 602 602 603 603 604 604 605 606 607 607 607 608 608 609 609 610 610 648 650 650 651 651 651 652 652 652 653 529 529 530 530 531 532 532 532 532
558 559 560 561 562 562 563 564 565 566 566 567 569 569 570 570 571 573 573 574 574 575 577 577 578 578 579 580 581 582 582 583 583 585 586 586 587 587 588 589 590 590 591 591 592 593 594 595 595 596 596 597 597 599 599 600 600 601 601 602 603 604 604 605 605 606 606 606 607 608 609 609 610 610 610 611 611 612 650 650 652 652 652 653 529 529 530 530 530 531 531 531 531 532
558 560 560 561 562 563 564 564 565 566 567 568 568 569 570 571 572 572 573 575 575 576 576 577 577 579 580 580 581 581 583 583 584 585 585 586 587 588 588 589 589 590 592 592 593 593 594 594 595 596 597 597 598 598 599 599 601 601 602 602 603 603 604 604 606 606 607 607 607 608 608 609 609 610 611 611 612 612 612 613 651 652 652 529 529 529 530 530 531 531 531 532 532 532
559 559 560 562 562 563 563 565 566 566 567 567 569 570 570 571 571 573 574 574 575 575 577 578 578 579 579 581 581 582 583 583 584 585 586 586 587 587 589 590 590 591 591 592 592 594 594 595 595 596 596 597 598 599 599 600 600 601 601 603 603 604 604 605 605 606 606 606 608 608 609 609 610 610 610 611 611 612 613 613 614 614 614 529 529 529 530 530 530 530 531 531 531 532
559 560 561 561 562 564 564 565 565 567 568 568 569 569 571 572 572 573 573 575 575 576 577 577 579 579 580 580 581 583 583 584 584 585 585 587 587 588 589 589 590 591 592 592 593 593 594 594 596 596 597 597 598 598 599 600 601 601 602 602 603 603 604 605 606 606 607 607 607 608 608 609 610 610 611 611 612 612 612 613 613 613 490 490 491 530 530 530 531 531 531 531 532 532
559 560 560 562 563 563 564 565 566 567 567 568 569 570 571 571 573 573 574 575 575 577 577 578 578 579 581 581 582 582 583 583 585 585 586 587 587 588 589 590 590 591 591 592 593 594 594 595 595 596 596 598 598 599 599 600 600 601 602 603 603 604 604 605 605 606 607 607 608 608 609 609 610 610 610 611 612 612 613 613 613 490 490 490 491 491 491 492 530 530 531 532 532 532
560 561 561 562 562 564 565 565 566 567 568 569 569 570 571 572 572 573 575 575 576 576 577 578 579 580 580 581 581 583 583 584 585 585 587 587 588 588 589 589 591 591 592 592 593 593 594 596 596 597 597 598 598 599 600 600 601 601 602 602 603 604 605 605 606 606 607 607 607 608 609 610 610 610 611 611 612 612 612 613 613 490 491 491 491 491 492 492 492 493 531 531 531 532
560 560 562 562 563 564 564 566 566 567 568 569 570 570 571 572 573 574 574 575 575 577 578 578 579 579 581 581 582 582 583 585 585 586 586 587 587 589 589 590 590 591 592 593 594 594 595 595 596 596 598 598 599 599 600 600 601 602 602 603 603 604 604 605 605 607 607 607 608 608 609 609 609 610 610 612 612 612 613 613 490 490 490 490 491 491 491 492 493 493 493 493 494 532
560 561 562 562 564 564 565 566 566 568 568 569 569 571 572 572 573 573 575 576 576 577 577 579 579 580 580 581 583 583 584 584 585 585 587 587 588 588 589 591 591 592 592 593 593 594 595 596 596 597 597 598 598 600 600 601 601 601 602 602 604 604 605 605 606 606 606 607 607 609 609 610 610 610 611 611 611 612 612 489 490 490 490 491 491 491 492 492 492 492 493 493 493 493
560 561 562 563 563 564 566 566 567 567 568 570 570 571 571 573 573 574 575 575 577 577 578 578 579 581 581 582 582 583 584 585 585 586 586 587 589 589 590 590 591 591 593 593 594 594 595 595 596 597 598 598 599 599 600 600 602 602 602 603 603 604 604 605 606 607 607 607 608 608 609 609 609 611 611 611 612 612 613 489 489 489 490 490 490 492 492 492 492 493 493 493 493 494
561 561 562 563 564 565 565 566 567 568 569 569 570 571 572 573 573 575 575 576 576 577 578 579 580 580 581 582 583 583 584 584 585 587 587 588 588 589 589 591 591 592 592 593 593 595 595 596 596 597 597 599 599 600 600 601 601 602 602 603 604 604 605 605 606 606 606 608 608 609 609 609 610 610 611 611 611 613 489 489 490 490 490 491 491 491 491 492 492 492 492 494 494 494
560 562 563 563 564 564 566 567 567 568 569 570 570 571 572 573 574 574 575 575 577 578 578 579 579 581 581 582 582 583 585 585 586 586 587 588 589 589 590 590 591 592 593 593 594 594 595 595 597 597 598 598 599 599 600 601 602 602 602 603 603 604 605 606 606 606 607 607 608 608 608 610 610 611 611 611 612 489 489 489 489 489 491 491 491 491 492 492 492 493 493 493 493 493
561 562 562 564 564 565 566 566 568 568 569 570 571 572 572 573 573 575 576 576 577 577 579 579 580 580 581 582 583 584 584 585 586 587 587 588 588 589 590 591 591 592 592 593 594 595 595 596 596 597 597 599 599 600 600 601 601 602 603 603 604 604 605 605 606 606 607 608 608 609 609 609 610 610 610 611 489 489 489 489 489 490 490 490 491 491 491 491 493 493 493 493 494 494
561 562 563 564 564 566 566 567 567 568 570 570 571 571 573 573 574 575 575 577 577 578 578 579 580 581 582 582 583 584 585 585 586 586 587 588 589 589 590 590 592 592 593 593 594 594 595 596 597 597 598 598 599 599 601 601 602 602 602 603 603 605 605 606 606 606 607 607 608 608 609 610 610 610 611 611 489 489 489 489 490 490 490 491 491 491 492 492 492 492 492 493 493 493
562 562 563 564 565 565 566 568 568 569 569 570 571 572 573 573 575 575 576 576 577 578 579 580 580 581 582 583 583 584 584 585 586 587 587 588 588 590 590 591 591 592 592 594 594 595 595 596 596 597 598 599 599 600 600 601 601 603 603 603 604 604 605 605 605 607 607 608 608 608 609 609 610 610 611 489 489 489 489 489 489 490 490 490 490 491 492 492 492 493 493 493 493 493
561 563 563 564 564 566 567 567 568 569 570 570 571 572 573 574 574 575 575 577 578 578 579 580 581 581 582 582 583 584 585 585 586 586 588 588 589 590 590 591 592 593 593 594 594 594 596 596 597 597 598 598 600 600 601 601 602 602 602 603 604 605 605 606 606 606 607 607 609 609 609 610 610 610 489 489 489 489 489 489 490 490 490 490 491 491 491 492 492 492 492 492 494 494
562 562 563 565 565 566 566 568 568 569 570 571 572 572 573 573 575 575 576 577 577 579 579 580 580 581 582 583 583 584 584 586 587 587 588 588 590 590 591 591 592 592 594 594 595 595 596 596 596 598 598 599 599 600 600 601 602 603 603 603 604 604 605 606 606 607 607 608 608 608 609 609 610 489 489 489 489 489 489 489 489 489 490 490 491 491 492 492 492 492 493 493 493 493
