testData/tiles/oneDegreeCosts/grid20.0-10.0-21.0-11.0.asc
ncols   200
nrows   200
xllcorner   20.0
yllcorner   10.0
cellsize   0.005
NODATA_value   -9999.0
[rows 102 to 152 of 200, columns 96 to 191 of 200]
44 44 44 44 43 43 43 43 43 43 43 42 42 42 42 42 42 41 41 41 41 41 40 40 40 40 39 39 39 39 39 39 39 39 39 39 39 39 39 39 39 39 32 32 32 32 32 32 32 32 32 32 32 32 32 32 157 182 157 32 32 32 32 32 32 32 32 32 32 32 32 32 32 32 32 32 32 32 32 32 32 32 32 32 32 32 32 32 32 32 32 32 32 32 32 32
44 44 44 44 43 43 43 43 43 43 43 42 42 42 42 42 42 41 41 41 41 41 40 40 40 40 39 39 39 39 39 39 39 39 39 39 39 39 39 39 39 39 32 32 32 32 32 32 32 32 32 32 32 32 32 32 156 182 156 32 32 32 32 32 32 32 32 32 32 32 32 32 32 32 32 32 32 32 32 32 32 32 32 32 32 32 32 32 32 32 32 32 32 32 32 32
44 44 44 44 43 43 43 43 43 43 43 42 42 42 42 42 42 41 41 41 41 41 40 40 40 40 39 39 39 39 39 39 39 39 39 39 39 39 39 39 39 39 32 32 32 32 32 32 32 32 32 32 32 32 32 32 156 181 156 32 32 32 32 32 32 32 32 32 32 32 32 32 32 32 32 32 32 32 32 32 32 32 32 32 32 32 32 32 32 32 32 32 32 32 32 32
44 44 44 44 43 43 43 43 43 43 42 42 42 42 42 42 41 41 41 41 41 41 40 40 40 40 39 39 39 39 39 39 39 39 39 39 39 39 39 39 39 39 32 32 32 32 32 32 32 32 32 32 32 32 32 32 156 181 156 32 32 32 32 32 32 32 32 32 32 32 32 32 32 32 32 32 32 32 32 32 32 32 32 32 32 32 32 32 32 32 32 32 32 32 32 32
44 44 44 43 43 43 43 43 43 43 42 42 42 42 42 42 41 41 41 41 41 41 40 40 40 40 39 39 39 39 39 39 39 39 39 39 39 39 39 39 39 39 32 32 32 32 32 32 32 32 32 32 32 32 32 32 155 181 155 32 32 32 32 32 32 32 32 32 32 32 32 32 32 32 32 32 32 32 32 32 32 32 32 32 32 32 32 32 32 32 32 32 32 32 32 32
44 44 44 43 43 43 43 43 43 43 42 42 42 42 42 42 41 41 41 41 41 41 40 40 40 40 39 39 39 39 39 39 39 39 39 39 39 39 39 39 39 39 32 32 32 32 32 32 32 32 32 32 32 32 32 32 155 181 155 32 32 32 32 32 32 32 32 32 32 32 32 32 32 32 32 32 32 32 32 32 32 32 32 32 32 32 32 32 32 32 32 32 32 32 32 32
44 44 44 43 43 43 43 43 43 43 42 42 42 42 42 42 41 41 41 41 41 40 40 40 40 40 39 39 39 39 39 39 39 39 39 39 39 39 39 39 39 39 32 32 32 32 32 32 32 32 32 32 32 32 32 32 155 180 155 32 32 32 32 32 32 32 32 32 32 32 32 32 32 32 32 32 32 32 32 32 32 32 32 32 32 32 32 32 32 32 32 32 32 32 32 32
44 44 44 43 43 43 43 43 43 43 42 42 42 42 42 42 41 41 41 41 41 40 40 40 40 40 39 39 39 39 39 39 39 39 39 39 39 39 39 39 39 39 32 32 32 32 32 32 32 32 32 32 32 32 32 32 154 180 154 32 32 32 32 32 32 32 32 32 32 32 32 32 32 32 32 32 32 32 32 32 32 32 32 32 32 32 32 32 32 32 32 32 32 32 32 32
12 12 12 11 43 43 43 43 43 43 42 42 42 42 42 42 41 41 41 41 41 40 40 40 40 40 39 39 39 39 39 39 39 39 39 39 39 39 39 39 39 39 32 32 32 32 32 32 32 32 32 32 32 32 32 32 154 180 154 32 32 32 32 32 32 32 32 32 32 32 32 32 32 32 32 32 32 32 32 32 32 32 32 32 32 32 32 32 32 32 32 32 32 32 32 32
12 12 12 11 11 11 11 11 43 43 42 42 42 42 42 42 41 41 41 41 41 40 40 40 40 40 39 39 39 39 39 39 39 39 39 39 39 39 39 39 39 39 32 32 32 32 32 32 32 32 32 32 32 32 32 32 154 179 154 32 32 32 32 32 32 32 32 32 32 32 32 32 32 32 32 32 32 32 32 32 32 32 32 32 32 32 32 32 32 32 32 32 32 32 32 32
12 12 12 11 11 11 11 11 11 11 10 10 10 42 42 42 41 41 41 41 41 40 40 40 40 40 39 39 39 39 39 39 39 39 39 39 39 39 39 39 39 39 32 32 32 32 32 32 32 32 32 32 32 32 32 32 153 179 153 32 32 32 32 32 32 32 32 32 32 32 32 32 32 32 32 32 32 32 32 32 32 32 32 32 32 32 32 32 32 32 32 32 32 32 32 32
12 12 12 11 11 11 11 11 11 11 10 10 10 10 10 10 9 9 41 41 41 40 40 40 40 40 39 39 39 39 39 39 39 39 39 39 39 39 39 39 39 39 32 32 32 32 32 32 32 32 32 32 32 32 32 32 153 179 153 32 32 32 32 32 32 32 32 32 32 32 32 32 32 32 32 32 32 32 32 32 32 32 32 32 32 32 32 32 32 32 32 32 32 32 32 32
12 12 12 11 11 11 11 11 11 11 10 10 10 10 10 10 9 9 9 9 9 8 8 8 40 39 39 39 39 39 39 39 39 39 39 39 39 39 39 39 39 32 32 32 32 32 32 32 32 32 32 32 32 32 32 32 153 179 153 32 32 32 32 32 32 32 32 32 32 32 32 32 32 32 32 32 32 32 32 32 32 32 32 32 32 32 32 32 32 32 32 32 32 32 32 32
12 12 12 11 11 11 11 11 11 10 10 10 10 10 10 10 9 9 9 9 9 8 8 8 8 7 7 7 7 7 7 39 39 39 39 39 39 39 39 39 39 32 32 32 32 32 32 32 32 32 32 32 32 32 32 32 152 178 152 32 32 32 32 32 32 32 32 32 32 32 32 32 32 32 32 32 32 32 32 32 32 32 32 32 32 32 32 32 32 32 32 32 32 32 32 32
12 12 11 11 11 11 11 11 11 10 10 10 10 10 10 9 9 9 9 9 9 8 8 8 8 7 7 7 7 7 7 7 7 7 7 7 7 7 39 39 39 32 32 32 32 32 32 32 32 32 32 32 32 32 32 32 152 178 152 32 32 32 32 32 32 32 32 32 32 32 32 32 32 32 32 32 32 32 32 32 32 32 32 32 32 32 32 32 32 32 32 32 32 32 32 32
12 12 11 11 11 11 11 11 11 10 10 10 10 10 10 9 9 9 9 9 9 8 8 8 8 7 7 7 7 7 7 7 7 7 7 7 7 7 7 7 7 0 0 0 0 0 0 32 32 32 32 32 32 32 32 32 151 178 151 32 32 32 32 32 32 32 32 32 32 32 32 32 32 32 32 32 32 32 32 32 32 32 32 32 32 32 32 32 32 32 32 32 32 32 32 32
12 12 11 11 11 11 11 11 11 10 10 10 10 10 10 9 9 9 9 9 9 8 8 8 8 7 7 7 7 7 7 7 7 7 7 7 7 7 7 7 7 0 0 0 0 0 0 0 0 0 0 0 0 0 0 0 119 145 151 32 32 32 32 32 32 32 32 32 32 32 32 32 32 32 32 32 32 32 32 32 32 32 32 32 32 32 32 32 32 32 32 32 32 32 32 32
12 12 11 11 11 11 11 11 11 10 10 10 10 10 10 9 9 9 9 9 8 8 8 8 8 7 7 7 7 7 7 7 7 7 7 7 7 7 7 7 7 0 0 0 0 0 0 0 0 0 0 0 0 0 0 0 119 145 119 0 0 0 0 0 0 0 0 0 0 0 0 0 0 0 0 0 0 0 0 0 0 0 0 0 0 0 0 0 0 0 0 0 0 0 0 0
12 12 11 11 11 11 11 11 11 10 10 10 10 10 10 9 9 9 9 9 8 8 8 8 8 7 7 7 7 7 7 7 7 7 7 7 7 7 7 7 7 0 0 0 0 0 0 0 0 0 0 0 0 0 0 0 118 145 118 0 0 0 0 0 0 0 0 0 0 0 0 0 0 0 0 0 0 0 0 0 0 0 0 0 0 0 0 0 0 0 0 0 0 0 0 0
12 12 11 11 11 11 11 11 11 10 10 10 10 10 10 9 9 9 9 9 8 8 8 8 8 7 7 7 7 7 7 7 7 7 7 7 7 7 7 7 7 0 0 0 0 0 0 0 0 0 0 0 0 0 0 0 118 144 118 0 0 0 0 0 0 0 0 0 0 0 0 0 0 0 0 0 0 0 0 0 0 0 0 0 0 0 0 0 0 0 0 0 0 0 0 0
12 12 11 11 11 11 11 11 11 10 10 10 10 10 10 9 9 9 9 9 8 8 8 8 8 7 7 7 7 7 7 7 7 7 7 7 7 7 7 7 7 0 0 0 0 0 0 0 0 0 0 0 0 0 0 0 118 144 118 0 0 0 0 0 0 0 0 0 0 0 0 0 0 0 0 0 0 0 0 0 0 0 0 0 0 0 0 0 0 0 0 0 0 0 0 0
12 12 11 11 11 11 11 11 11 10 10 10 10 10 10 9 9 9 9 9 8 8 8 8 8 7 7 7 7 7 7 7 7 7 7 7 7 7 7 7 7 0 0 0 0 0 0 0 0 0 0 0 0 0 0 0 117 144 117 0 0 0 0 0 0 0 0 0 0 0 0 0 0 0 0 0 0 0 0 0 0 0 0 0 0 0 0 0 0 0 0 0 0 0 0 0
12 11 11 11 11 11 11 11 10 10 10 10 10 10 10 9 9 9 9 9 8 8 8 8 7 7 7 7 7 7 7 7 7 7 7 7 7 7 7 7 7 0 0 0 0 0 0 0 0 0 0 0 0 0 0 0 117 143 117 0 0 0 0 0 0 0 0 0 0 0 0 0 0 0 0 0 0 0 0 0 0 0 0 0 0 0 0 0 0 0 0 0 0 0 0 0
12 11 11 11 11 11 11 11 10 10 10 10 10 10 9 9 9 9 9 9 8 8 8 8 7 7 7 7 7 7 7 7 7 7 7 7 7 7 7 7 7 0 0 0 0 0 0 0 0 0 0 0 0 0 0 0 116 143 116 0 0 0 0 0 0 0 0 0 0 0 0 0 0 0 0 0 0 0 0 0 0 0 0 0 0 0 0 0 0 0 0 0 0 0 0 0
12 11 11 11 11 11 11 11 10 10 10 10 10 10 9 9 9 9 9 9 8 8 8 8 7 7 7 7 7 7 7 7 7 7 7 7 7 7 7 7 0 0 0 0 0 0 0 0 0 0 0 0 0 0 0 0 116 143 116 0 0 0 0 0 0 0 0 0 0 0 0 0 0 0 0 0 0 0 0 0 0 0 0 0 0 0 0 0 0 0 0 0 0 0 0 0
12 11 11 11 11 11 11 11 10 10 10 10 10 10 9 9 9 9 9 9 8 8 8 8 7 7 7 7 7 7 7 7 7 7 7 7 7 7 7 7 0 0 0 0 0 0 0 0 0 0 0 0 0 0 0 0 116 143 116 0 0 0 0 0 0 0 0 0 0 0 0 0 0 0 0 0 0 0 0 0 0 0 0 0 0 0 0 0 0 0 0 0 0 0 0 0
12 11 11 11 11 11 11 11 10 10 10 10 10 10 9 9 9 9 9 8 8 8 8 8 7 7 7 7 7 7 7 7 7 7 7 7 7 7 7 7 0 0 0 0 0 0 0 0 0 0 0 0 0 0 0 0 115 142 115 0 0 0 0 0 0 0 0 0 0 0 0 0 0 0 0 0 0 0 0 0 0 0 0 0 0 0 0 0 0 0 0 0 0 0 0 0
12 11 11 11 11 11 11 11 10 10 10 10 10 10 9 9 9 9 9 8 8 8 8 8 7 7 7 7 7 7 7 7 7 7 7 7 7 7 7 7 0 0 0 0 0 0 0 0 0 0 0 0 0 0 0 0 115 142 115 0 0 0 0 0 0 0 0 0 0 0 0 0 0 0 0 0 0 0 0 0 0 0 0 0 0 0 0 0 0 0 0 0 0 0 0 0
12 11 11 11 11 11 11 11 10 10 10 10 10 10 9 9 9 9 9 8 8 8 8 8 7 7 7 7 7 7 7 7 7 7 7 7 7 7 7 7 0 0 0 0 0 0 0 0 0 0 0 0 0 0 0 0 114 142 114 0 0 0 0 0 0 0 0 0 0 0 0 0 0 0 0 0 0 0 0 0 0 0 0 0 0 0 0 0 0 0 0 0 0 0 0 0
12 11 11 11 11 11 11 11 10 10 10 10 10 10 9 9 9 9 9 8 8 8 8 8 7 7 7 7 7 7 7 7 7 7 7 7 7 7 7 7 0 0 0 0 0 0 0 0 0 0 0 0 0 0 0 0 114 141 114 0 0 0 0 0 0 0 0 0 0 0 0 0 0 0 0 0 0 0 0 0 0 0 0 0 0 0 0 0 0 0 0 0 0 0 0 0
11 11 11 11 11 11 11 11 10 10 10 10 10 10 9 9 9 9 9 8 8 8 8 8 7 7 7 7 7 7 7 7 7 7 7 7 7 7 7 7 0 0 0 0 0 0 0 0 0 0 0 0 0 0 0 0 114 141 114 0 0 0 0 0 0 0 0 0 0 0 0 0 0 0 0 0 0 0 0 0 0 0 0 0 0 0 0 0 0 0 0 0 0 0 0 0
11 11 11 11 11 11 11 10 10 10 10 10 10 10 9 9 9 9 9 8 8 8 8 7 7 7 7 7 7 7 7 7 7 7 7 7 7 7 7 7 0 0 0 0 0 0 0 0 0 0 0 0 0 0 0 0 113 141 113 0 0 0 0 0 0 0 0 0 0 0 0 0 0 0 0 0 0 0 0 0 0 0 0 0 0 0 0 0 0 0 0 0 0 0 0 0
11 11 11 11 11 11 11 10 10 10 10 10 10 9 9 9 9 9 9 8 8 8 8 7 7 7 7 7 7 7 7 7 7 7 7 7 7 7 7 7 0 0 0 0 0 0 0 0 0 0 0 0 0 0 0 0 113 140 113 0 0 0 0 0 0 0 0 0 0 0 0 0 0 0 0 0 0 0 0 0 0 0 0 0 0 0 0 0 0 0 0 0 0 0 0 0
11 11 11 11 11 11 11 10 10 10 10 10 10 9 9 9 9 9 9 8 8 8 8 7 7 7 7 7 7 7 7 7 7 7 7 7 7 7 7 0 0 0 0 0 0 0 0 0 0 0 0 0 0 0 0 0 112 140 112 0 0 0 0 0 0 0 0 0 0 0 0 0 0 0 0 0 0 0 0 0 0 0 0 0 0 0 0 0 0 0 0 0 0 0 0 0
11 11 11 11 11 11 11 10 10 10 10 10 10 9 9 9 9 9 9 8 8 8 8 7 7 7 7 7 7 7 7 7 7 7 7 7 7 7 7 0 0 0 0 0 0 0 0 0 0 0 0 0 0 0 0 0 112 139 112 0 0 0 0 0 0 0 0 0 0 0 0 0 0 0 0 0 0 0 0 0 0 0 0 0 0 0 0 0 0 0 0 0 0 0 0 0
11 11 11 11 11 11 11 10 10 10 10 10 10 9 9 9 9 9 8 8 8 8 8 7 7 7 7 7 7 7 7 7 7 7 7 7 7 7 7 0 0 0 0 0 0 0 0 0 0 0 0 0 0 0 0 0 111 139 111 0 0 0 0 0 0 0 0 0 0 0 0 0 0 0 0 0 0 0 0 0 0 0 0 0 0 0 0 0 0 0 0 0 0 0 0 0
11 11 11 11 11 11 11 10 10 10 10 10 10 9 9 9 9 9 8 8 8 8 8 7 7 7 7 7 7 7 7 7 7 7 7 7 7 7 7 0 0 0 0 0 0 0 0 0 0 0 0 0 0 0 0 0 111 139 111 0 0 0 0 0 0 0 0 0 0 0 0 0 0 0 0 0 0 0 0 0 0 0 0 0 0 0 0 0 0 0 0 0 0 0 0 0
11 11 11 11 11 11 11 10 10 10 10 10 10 9 9 9 9 9 8 8 8 8 8 7 7 7 7 7 7 7 7 7 7 7 7 7 7 7 7 0 0 0 0 0 0 0 0 0 0 0 0 0 0 0 0 0 110 138 110 0 0 0 0 0 0 0 0 0 0 0 0 0 0 0 0 0 0 0 0 0 0 0 0 0 0 0 0 0 0 0 0 0 0 0 0 0
11 11 11 11 11 11 10 10 10 10 10 10 10 9 9 9 9 9 8 8 8 8 8 7 7 7 7 7 7 7 7 7 7 7 7 7 7 7 7 0 0 0 0 0 0 0 0 0 0 0 0 0 0 0 0 0 110 138 110 0 0 0 0 0 0 0 0 0 0 0 0 0 0 0 0 0 0 0 0 0 0 0 0 0 0 0 0 0 0 0 0 0 0 0 0 0
11 11 11 11 11 11 10 10 10 10 10 10 9 9 9 9 9 9 8 8 8 8 8 7 7 7 7 7 7 7 7 7 7 7 7 7 7 7 7 0 0 0 0 0 0 0 0 0 0 0 0 0 0 0 0 0 110 138 110 0 0 0 0 0 0 0 0 0 0 0 0 0 0 0 0 0 0 0 0 0 0 0 0 0 0 0 0 0 0 0 0 0 0 0 0 0
11 11 11 11 11 11 10 10 10 10 10 10 9 9 9 9 9 9 8 8 8 8 7 7 7 7 7 7 7 7 7 7 7 7 7 7 7 7 7 0 0 0 0 0 0 0 0 0 0 0 0 0 0 0 0 0 109 137 109 0 0 0 0 0 0 0 0 0 0 0 0 0 0 0 0 0 0 0 0 0 0 0 0 0 0 0 0 0 0 0 0 0 0 0 0 0
11 11 11 11 11 11 10 10 10 10 10 10 9 9 9 9 9 9 8 8 8 8 7 7 7 7 7 7 7 7 7 7 7 7 7 7 7 7 7 0 0 0 0 0 0 0 0 0 0 0 0 0 0 0 0 0 109 137 109 0 0 0 0 0 0 0 0 0 0 0 0 0 0 0 0 0 0 0 0 0 0 0 0 0 0 0 0 0 0 0 0 0 0 0 0 0
11 11 11 11 11 11 10 10 10 10 10 10 9 9 9 9 9 8 8 8 8 8 7 7 7 7 7 7 7 7 7 7 7 7 7 7 7 7 0 0 0 0 0 0 0 0 0 0 0 0 0 0 0 0 0 0 108 137 108 0 0 0 0 0 0 0 0 0 0 0 0 0 0 0 0 0 0 0 0 0 0 0 0 0 0 0 0 0 0 0 0 0 0 0 0 0
11 11 11 11 11 11 10 10 10 10 10 10 9 9 9 9 9 8 8 8 8 8 7 7 7 7 7 7 7 7 7 7 7 7 7 7 7 7 0 0 0 0 0 0 0 0 0 0 0 0 0 0 0 0 0 0 108 136 108 0 0 0 0 0 0 0 0 0 0 0 0 0 0 0 0 0 0 0 0 0 0 0 0 0 0 0 0 0 0 0 0 0 0 0 0 0
11 11 11 11 11 11 10 10 10 10 10 10 9 9 9 9 9 8 8 8 8 8 7 7 7 7 7 7 7 7 7 7 7 7 7 7 7 7 0 0 0 0 0 0 0 0 0 0 0 0 0 0 0 0 0 0 107 136 107 0 0 0 0 0 0 0 0 0 0 0 0 0 0 0 0 0 0 0 0 0 0 0 0 0 0 0 0 0 0 0 0 0 0 0 0 0
11 11 11 11 11 10 10 10 10 10 10 10 9 9 9 9 9 8 8 8 8 8 7 7 7 7 7 7 7 7 7 7 7 7 7 7 7 7 0 0 0 0 0 0 0 0 0 0 0 0 0 0 0 0 0 0 107 135 107 0 0 0 0 0 0 0 0 0 0 0 0 0 0 0 0 0 0 0 0 0 0 0 0 0 0 0 0 0 0 0 0 0 0 0 0 0
11 11 11 11 11 10 10 10 10 10 10 9 9 9 9 9 9 8 8 8 8 8 7 7 7 7 7 7 7 7 7 7 7 7 7 7 7 7 0 0 0 0 0 0 0 0 0 0 0 0 0 0 0 0 0 0 106 135 106 0 0 0 0 0 0 0 0 0 0 0 0 0 0 0 0 0 0 0 0 0 0 0 0 0 0 0 0 0 0 0 0 0 0 0 0 0
11 11 11 11 11 10 10 10 10 10 10 9 9 9 9 9 9 8 8 8 8 7 7 7 7 7 7 7 7 7 7 7 7 7 7 7 7 7 0 0 0 0 0 0 0 0 0 0 0 0 0 0 0 0 0 0 106 135 106 0 0 0 0 0 0 0 0 0 0 0 0 0 0 0 0 0 0 0 0 0 0 0 0 0 0 0 0 0 0 0 0 0 0 0 0 0
11 11 11 11 11 10 10 10 10 10 10 9 9 9 9 9 9 8 8 8 8 7 7 7 7 7 7 7 7 7 7 7 7 7 7 7 7 7 0 0 0 0 0 0 0 0 0 0 0 0 0 0 0 0 0 0 105 134 105 0 0 0 0 0 0 0 0 0 0 0 0 0 0 0 0 0 0 0 0 0 0 0 0 0 0 0 0 0 0 0 0 0 0 0 0 0
11 11 11 11 11 10 10 10 10 10 10 9 9 9 9 9 8 8 8 8 8 7 7 7 7 7 7 7 7 7 7 7 7 7 7 7 7 7 0 0 0 0 0 0 0 0 0 0 0 0 0 0 0 0 0 0 105 134 105 0 0 0 0 0 0 0 0 0 0 0 0 0 0 0 0 0 0 0 0 0 0 0 0 0 0 0 0 0 0 0 0 0 0 0 0 0
11 11 11 11 11 10 10 10 10 10 10 9 9 9 9 9 8 8 8 8 8 7 7 7 7 7 7 7 7 7 7 7 7 7 7 7 7 0 0 0 0 0 0 0 0 0 0 0 0 0 0 0 0 0 0 0 104 133 104 0 0 0 0 0 0 0 0 0 0 0 0 0 0 0 0 0 0 0 0 0 0 0 0 0 0 0 0 0 0 0 0 0 0 0 0 0
