testData/tiles/oneDegreeCosts/grid36.0-13.0-37.0-14.0.asc
ncols   200
nrows   200
xllcorner   36.0
yllcorner   13.0
cellsize   0.005
NODATA_value   -9999.0
[rows 84 to 125 of 200, columns 0 to 93 of 200]
113 113 113 113 113 155 155 155 155 155 159 162 166 169 172 174 177 179 182 328 330 332 334 335 337 339 340 342 343 345 346 347 349 350 351 352 353 354 355 356 357 358 359 360 361 361 362 363 363 364 365 365 366 366 367 367 368 368 368 369 369 369 370 370 370 370 371 371 371 371 371 371 371 371 371 371 371 371 371 371 371 370 291 291 291 291 291 291 291 291 291 291 291 291
113 113 113 113 155 155 155 155 155 156 160 163 166 169 172 175 177 180 182 328 330 332 334 336 338 339 341 342 344 345 347 348 349 350 351 353 354 355 356 357 358 358 359 360 361 362 362 363 364 364 365 366 366 367 367 368 368 368 369 369 370 370 370 370 371 371 371 371 371 371 371 372 372 372 372 372 371 371 371 371 371 291 291 291 291 291 291 291 291 291 291 291 291 291
113 113 113 113 155 155 155 155 155 157 160 164 167 170 173 176 178 180 183 329 331 333 335 336 338 340 341 343 344 346 347 348 350 351 352 353 354 355 356 357 358 359 360 361 361 362 363 364 364 365 365 366 367 367 368 368 368 369 369 370 370 370 370 371 371 371 371 372 372 372 372 372 372 372 372 372 372 372 372 372 291 291 291 291 291 291 291 291 291 291 291 291 291 291
113 113 113 113 155 155 155 155 155 158 161 165 168 171 174 176 179 181 183 329 331 333 335 337 339 340 342 343 345 346 347 349 350 351 352 353 355 356 357 357 358 359 360 361 362 362 363 364 365 365 366 366 367 367 368 368 369 369 370 370 370 371 371 371 371 372 372 372 372 372 372 372 372 372 372 372 372 372 372 372 291 291 291 291 291 291 291 291 291 291 291 291 291 291
113 113 113 113 155 155 155 155 155 158 162 165 169 172 174 177 179 182 184 330 332 334 336 337 339 341 342 344 345 347 348 349 350 352 353 354 355 356 357 358 359 360 360 361 362 363 364 364 365 366 366 367 367 368 368 369 369 370 370 370 371 371 371 371 372 372 372 372 372 372 373 373 373 373 373 373 373 372 372 291 291 291 291 291 291 291 291 291 291 291 291 291 291 291
113 113 113 113 155 155 155 155 155 159 163 166 169 172 175 177 180 182 328 330 332 334 336 338 339 341 343 344 346 347 348 350 351 352 353 354 355 356 357 358 359 360 361 362 362 363 364 365 365 366 366 367 368 368 369 369 369 370 370 371 371 371 371 372 372 372 372 372 373 373 373 373 373 373 373 373 373 373 291 291 291 291 291 291 291 291 291 291 291 291 291 291 291 291
113 113 113 155 155 155 155 155 156 160 163 167 170 173 175 178 180 183 329 331 333 335 336 338 340 341 343 345 346 347 349 350 351 352 353 355 356 357 358 359 359 360 361 362 363 363 364 365 366 366 367 367 368 368 369 369 370 370 371 371 371 371 372 372 372 372 373 373 373 373 373 373 373 373 373 373 373 373 291 291 291 291 291 291 291 291 291 291 291 291 291 291 291 291
113 113 113 155 155 155 155 155 157 161 164 167 170 173 176 178 181 183 329 331 333 335 337 339 340 342 343 345 346 348 349 350 351 353 354 355 356 357 358 359 360 361 361 362 363 364 364 365 366 366 367 368 368 369 369 370 370 370 371 371 371 372 372 372 373 373 373 373 373 373 373 373 373 373 373 373 373 291 291 291 291 291 291 291 291 291 291 291 291 291 291 291 291 291
113 113 113 155 155 155 155 155 157 161 165 168 171 174 176 179 181 183 330 332 334 335 337 339 341 342 344 345 347 348 349 351 352 353 354 355 356 357 358 359 360 361 362 363 363 364 365 365 366 367 367 368 368 369 369 370 370 371 371 371 372 372 372 373 373 373 373 373 373 374 374 374 374 374 374 374 291 291 291 291 291 291 291 291 291 291 291 291 291 291 291 291 291 291
113 113 113 155 155 155 155 155 158 162 165 168 171 174 177 179 182 184 330 332 334 336 338 339 341 343 344 346 347 348 350 351 352 353 354 356 357 358 359 359 360 361 362 363 364 364 365 366 366 367 368 368 369 369 370 370 371 371 371 372 372 372 373 373 373 373 373 374 374 374 374 374 374 374 374 291 291 291 291 291 291 291 291 291 291 291 291 291 291 291 291 291 291 291
113 113 113 155 155 155 155 155 159 162 166 169 172 175 177 180 182 184 330 332 334 336 338 340 341 343 344 346 347 349 350 351 352 354 355 356 357 358 359 360 361 362 362 363 364 365 365 366 367 367 368 368 369 369 370 370 371 371 372 372 372 373 373 373 373 374 374 374 374 374 374 374 374 374 374 291 291 291 291 291 291 291 291 291 291 291 291 291 291 291 291 291 291 291
113 113 113 155 155 155 155 155 159 163 166 169 172 175 178 180 182 185 331 333 335 337 338 340 342 343 345 346 348 349 350 351 353 354 355 356 357 358 359 360 361 362 363 363 364 365 366 366 367 368 368 369 369 370 370 371 371 371 372 372 372 373 373 373 374 374 374 374 374 374 374 374 374 374 291 291 291 291 291 291 291 291 291 291 291 291 291 291 291 291 291 291 291 291
113 113 113 155 155 155 155 156 160 163 167 170 173 176 178 181 183 185 331 333 335 337 339 340 342 344 345 346 348 349 351 352 353 354 355 356 357 358 359 360 361 362 363 364 364 365 366 366 367 368 368 369 369 370 370 371 371 372 372 372 373 373 373 374 374 374 374 374 374 375 375 375 375 291 291 291 291 291 291 291 291 291 291 291 291 291 291 291 291 291 291 291 291 291
113 113 155 155 155 155 155 156 160 164 167 170 173 176 178 181 183 185 331 333 335 337 339 341 342 344 345 347 348 349 351 352 353 354 355 357 358 359 360 360 361 362 363 364 365 365 366 367 367 368 369 369 370 370 371 371 371 372 372 373 373 373 373 374 374 374 374 374 375 375 375 375 291 291 291 291 291 291 291 291 291 291 291 291 291 291 291 291 291 291 291 291 291 291
113 113 155 155 155 155 155 157 161 164 168 171 174 176 179 181 184 186 332 334 336 337 339 341 343 344 346 347 348 350 351 352 353 355 356 357 358 359 360 361 362 362 363 364 365 366 366 367 368 368 369 369 370 370 371 371 372 372 372 373 373 373 374 374 374 374 375 375 375 375 375 375 291 291 291 291 291 291 291 291 291 291 291 291 291 291 291 291 291 291 291 291 291 291
113 113 155 155 155 155 155 157 161 165 168 171 174 177 179 182 184 186 332 334 336 338 339 341 343 344 346 347 349 350 351 352 354 355 356 357 358 359 360 361 362 363 363 364 365 366 366 367 368 368 369 369 370 371 371 371 372 372 373 373 373 374 374 374 374 375 375 375 375 375 375 291 291 291 291 291 291 291 291 291 291 291 291 291 291 291 291 291 291 291 291 291 291 291
113 113 155 155 155 155 155 158 162 165 168 171 174 177 179 182 184 186 332 334 336 338 340 341 343 345 346 347 349 350 351 353 354 355 356 357 358 359 360 361 362 363 364 364 365 366 367 367 368 369 369 370 370 371 371 372 372 372 373 373 373 374 374 374 375 375 375 375 375 375 291 291 291 291 291 291 291 291 291 291 291 291 291 291 291 291 291 291 291 291 291 291 291 291
113 113 155 155 155 155 155 158 162 166 169 172 175 177 180 182 184 187 333 335 336 338 340 342 343 345 346 348 349 350 352 353 354 355 356 357 358 359 360 361 362 363 364 365 365 366 367 367 368 369 369 370 370 371 371 372 372 373 373 373 374 374 374 374 375 375 375 375 375 291 291 291 291 291 291 291 291 291 291 291 291 291 291 291 291 291 291 291 291 291 291 291 291 291
113 113 155 155 155 155 155 159 162 166 169 172 175 177 180 182 185 187 333 335 337 338 340 342 343 345 346 348 349 351 352 353 354 355 356 358 359 360 361 361 362 363 364 365 366 366 367 368 368 369 369 370 371 371 371 372 372 373 373 373 374 374 374 375 375 375 375 375 375 291 291 291 291 291 291 291 291 291 291 291 291 291 291 291 291 291 291 291 291 291 291 291 291 291
113 113 155 155 155 155 155 159 163 166 169 172 175 178 180 183 185 187 333 335 337 339 340 342 344 345 347 348 349 351 352 353 354 356 357 358 359 360 361 362 362 363 364 365 366 366 367 368 368 369 370 370 371 371 372 372 372 373 373 374 374 374 374 375 375 375 375 375 291 291 291 291 291 291 291 291 291 291 291 291 291 291 291 291 291 291 291 291 291 291 291 291 291 291
113 113 155 155 155 155 155 159 163 166 170 173 175 178 180 183 185 187 333 335 337 339 340 342 344 345 347 348 350 351 352 353 355 356 357 358 359 360 361 362 363 363 364 365 366 367 367 368 369 369 370 370 371 371 372 372 373 373 373 374 374 374 375 375 375 375 375 291 291 291 291 291 291 291 291 291 291 291 291 291 291 291 291 291 291 291 291 291 291 291 291 291 291 291
113 113 155 155 155 155 155 159 163 167 170 173 176 178 181 183 185 187 333 335 337 339 341 342 344 345 347 348 350 351 352 353 355 356 357 358 359 360 361 362 363 364 364 365 366 367 367 368 369 369 370 370 371 371 372 372 373 373 373 374 374 374 375 375 375 375 291 291 291 291 291 291 291 291 291 291 291 291 291 291 291 291 291 291 291 291 291 291 291 291 291 291 291 291
113 113 155 155 155 155 156 160 163 167 170 173 176 178 181 183 185 187 333 335 337 339 341 342 344 346 347 348 350 351 352 354 355 356 357 358 359 360 361 362 363 364 364 365 366 367 367 368 369 369 370 370 371 371 372 372 373 373 374 374 374 375 375 375 375 291 291 291 291 291 291 291 291 291 291 291 291 291 291 291 291 291 291 291 291 291 291 291 291 291 291 291 291 291
113 113 155 155 155 155 156 160 164 167 170 173 176 178 181 183 185 188 334 336 337 339 341 343 344 346 347 349 350 351 352 354 355 356 357 358 359 360 361 362 363 364 365 365 366 367 368 368 369 369 370 371 371 372 372 372 373 373 374 374 374 375 375 375 291 291 291 291 291 291 291 291 291 291 291 291 291 291 291 291 291 291 291 291 291 291 291 291 291 291 291 291 291 291
113 113 155 155 155 155 156 160 164 167 170 173 176 179 181 183 186 188 334 336 337 339 341 343 344 346 347 349 350 351 353 354 355 356 357 358 359 360 361 362 363 364 365 365 366 367 368 368 369 369 370 371 371 372 372 373 373 373 374 374 374 375 375 291 291 291 291 291 291 291 291 291 291 291 291 291 291 291 291 291 291 291 291 291 291 291 291 291 291 291 291 291 291 291
113 113 155 155 155 155 156 160 164 167 170 173 176 179 181 183 186 188 334 336 338 339 341 343 344 346 347 349 350 351 353 354 355 356 357 358 359 360 361 362 363 364 365 365 366 367 368 368 369 370 370 371 371 372 372 373 373 373 374 374 374 375 375 291 291 291 291 291 291 291 291 291 291 291 291 291 291 291 291 291 291 291 291 291 291 291 291 291 291 291 291 291 291 291
113 113 155 155 155 155 156 160 164 167 170 173 176 179 181 184 186 188 334 336 338 339 341 343 344 346 347 349 350 351 353 354 355 356 357 358 359 360 361 362 363 364 365 366 366 367 368 368 369 370 370 371 371 372 372 373 373 373 374 374 374 375 291 291 291 291 291 291 291 291 291 291 291 291 291 291 291 291 291 291 291 291 291 291 291 291 291 291 291 291 291 291 291 291
113 113 155 155 155 155 156 160 164 167 171 173 176 179 181 184 186 188 334 336 338 339 341 343 344 346 347 349 350 351 353 354 355 356 357 358 359 360 361 362 363 364 365 366 366 367 368 368 369 370 370 371 371 372 372 373 373 373 374 374 375 291 291 291 291 291 291 291 291 291 291 291 291 291 291 291 291 291 291 291 291 291 291 291 291 291 291 291 291 291 291 291 291 291
113 113 155 155 155 155 156 160 164 167 171 173 176 179 181 184 186 188 334 336 338 339 341 343 344 346 347 349 350 351 353 354 355 356 357 358 359 360 361 362 363 364 365 366 366 367 368 368 369 370 370 371 371 372 372 373 373 373 374 374 291 291 291 291 291 291 291 291 291 291 291 291 291 291 291 291 291 291 291 291 291 291 291 291 291 291 291 291 291 291 291 291 291 291
113 155 155 155 155 155 156 160 164 167 171 174 176 179 181 184 186 188 334 336 338 339 341 343 344 346 347 349 350 351 353 354 355 356 357 358 359 360 361 362 363 364 365 366 366 367 368 368 369 370 370 371 371 372 372 373 373 373 374 291 291 291 291 291 291 291 291 291 291 291 291 291 291 291 291 291 291 291 291 291 291 291 291 291 291 291 291 291 291 291 291 291 291 291
113 113 155 155 155 155 156 160 164 167 171 173 176 179 181 184 186 188 334 336 338 339 341 343 344 346 347 349 350 351 353 354 355 356 357 358 359 360 361 362 363 364 365 366 366 367 368 368 369 370 370 371 371 372 372 373 373 373 291 291 291 291 291 291 291 291 291 291 291 291 291 291 291 291 291 291 291 291 291 291 291 291 291 291 291 291 291 291 291 291 291 291 291 291
113 113 155 155 155 155 156 160 164 167 171 173 176 179 181 184 186 188 334 336 338 339 341 343 344 346 347 349 350 351 353 354 355 356 357 358 359 360 361 362 363 364 365 366 366 367 368 368 369 370 370 371 371 372 372 373 373 291 291 291 291 291 291 291 291 291 291 291 291 291 291 291 291 291 291 291 291 291 291 291 291 291 291 291 291 291 291 291 291 291 291 291 291 291
113 113 155 155 155 155 156 160 164 167 170 173 176 179 181 184 186 188 334 336 338 339 341 343 344 346 347 349 350 351 353 354 355 356 357 358 359 360 361 362 363 364 365 366 366 367 368 368 369 370 370 371 371 372 372 373 291 291 291 291 291 291 291 291 291 291 291 291 291 291 291 291 291 291 291 291 291 291 291 291 291 291 291 291 291 291 291 291 291 291 291 291 291 291
113 113 155 155 155 155 156 160 164 167 170 173 176 179 181 183 186 188 334 336 338 339 341 343 344 346 347 349 350 351 353 354 355 356 357 358 359 360 361 362 363 364 365 365 366 367 368 368 369 370 370 371 371 372 372 291 291 291 291 291 291 291 291 291 291 291 291 291 291 291 291 291 291 291 291 291 291 291 291 291 291 291 291 291 291 291 291 291 291 291 291 291 291 291
113 113 155 155 155 155 156 160 164 167 170 173 176 179 181 183 186 188 334 336 337 339 341 343 344 346 347 349 350 351 353 354 355 356 357 358 359 360 361 362 363 364 365 365 366 367 368 368 369 369 370 371 371 372 291 291 291 291 291 291 291 291 291 291 291 291 291 291 291 291 291 291 291 291 291 291 291 291 291 291 291 291 291 291 291 291 291 291 291 291 291 291 291 291
113 113 155 155 155 155 156 160 164 167 170 173 176 178 181 183 185 188 334 336 337 339 341 343 344 346 347 349 350 351 352 354 355 356 357 358 359 360 361 362 363 364 365 365 366 367 368 368 369 369 370 371 371 291 291 291 291 291 291 291 291 291 291 291 291 291 291 291 291 291 291 291 291 291 291 291 291 291 291 291 291 291 291 291 291 291 291 291 291 291 291 291 291 291
113 113 155 155 155 155 156 160 163 167 170 173 176 178 181 183 185 187 333 335 337 339 341 342 344 346 347 348 350 351 352 354 355 356 357 358 359 360 361 362 363 364 364 365 366 367 367 368 369 369 370 370 291 291 291 291 291 291 291 291 291 291 291 291 291 291 291 291 291 291 291 291 291 291 291 291 291 291 291 291 291 291 291 291 291 291 291 291 291 291 291 291 291 291
113 113 155 155 155 155 155 159 163 167 170 173 176 178 181 183 185 331 333 335 337 339 341 342 344 345 347 348 350 351 352 353 355 356 357 358 359 360 361 362 363 364 364 365 366 367 367 368 369 369 370 291 291 291 291 291 291 291 291 291 291 291 291 291 291 291 291 291 291 291 291 291 291 291 291 291 291 291 291 291 291 291 291 291 291 291 291 291 291 291 291 291 291 291
113 113 155 155 155 155 155 159 163 166 170 173 175 178 180 183 185 187 333 335 337 339 340 342 344 345 347 348 350 351 352 353 355 356 357 358 359 360 361 362 363 363 364 365 366 367 367 368 369 369 291 291 291 291 291 291 291 291 291 291 291 291 291 291 291 291 291 291 291 291 291 291 291 291 291 291 291 291 291 291 291 291 291 291 291 291 291 291 291 291 291 291 291 291
113 113 155 155 155 155 155 159 163 166 169 172 175 178 180 183 185 187 333 335 337 339 340 342 344 345 347 348 349 351 352 353 354 356 357 358 359 360 361 362 362 363 364 365 366 366 367 368 368 291 291 291 291 291 291 291 291 291 291 291 291 291 291 291 291 291 291 291 291 291 291 291 291 291 291 291 291 291 291 291 291 291 291 291 291 291 291 291 291 291 291 291 291 291
113 113 155 155 155 155 155 159 162 166 169 172 175 177 180 182 185 187 333 335 337 338 340 342 343 345 346 348 349 351 352 353 354 355 356 358 359 360 361 361 362 363 364 365 366 366 367 368 291 291 291 291 291 291 291 291 291 291 291 291 291 291 291 291 291 291 291 291 291 291 291 291 291 291 291 291 291 291 291 291 291 291 291 291 291 291 291 291 291 291 291 291 291 291
113 113 155 155 155 155 155 158 162 166 169 172 175 177 180 182 184 187 333 335 336 338 340 342 343 345 346 348 349 350 352 353 354 355 356 357 358 359 360 361 362 363 364 365 365 366 367 291 291 291 291 291 291 291 291 291 291 291 291 291 291 291 291 291 291 291 291 291 291 291 291 291 291 291 291 291 291 291 291 291 291 291 291 291 291 291 291 291 291 291 291 291 291 291
