testData/tiles/oneDegreeCosts/grid45.0-22.0-46.0-23.0.asc
ncols   200
nrows   200
xllcorner   45.0
yllcorner   22.0
cellsize   0.005
NODATA_value   -9999.0
[rows 84 to 125 of 200, columns 0 to 94 of 200]
313 313 313 313 313 313 313 313 313 313 313 313 313 313 313 313 313 313 350 350 350 350 350 350 350 350 350 350 350 349 348 348 348 348 348 348 348 348 348 348 348 347 347 347 347 347 347 347 347 347 347 383 382 382 382 382 382 382 382 384 386 387 388 390 392 307 307 307 307 307 307 307 307 307 308 308 309 311 311 312 313 314 315 315 317 316 317 318 319 320 319 320 169 170 169
313 313 313 313 313 313 313 313 313 313 313 313 313 313 313 313 313 313 313 313 350 350 350 350 350 350 350 350 349 349 349 349 348 348 348 348 348 348 348 348 348 348 347 347 347 347 347 347 347 347 347 383 383 382 382 382 382 382 382 384 386 387 388 390 391 393 307 307 307 307 307 307 307 307 307 307 308 310 311 312 312 313 313 315 316 316 317 317 318 318 319 320 169 169 169
313 313 313 313 313 313 313 313 313 313 313 313 313 313 313 313 313 313 313 313 313 313 350 350 350 350 350 349 349 349 349 349 349 349 348 348 348 348 348 348 348 348 347 347 347 347 347 347 347 347 347 383 382 382 382 382 382 382 382 383 384 386 388 390 392 393 307 307 307 307 307 307 307 307 307 307 308 309 310 311 312 313 313 314 314 315 316 317 318 317 318 319 168 169 169
313 313 313 313 313 313 313 313 313 313 313 313 313 313 313 313 313 313 313 313 313 313 313 313 350 350 349 349 349 349 349 349 349 349 349 349 349 348 348 348 348 347 347 347 347 347 347 347 347 347 347 382 382 382 382 382 382 382 382 383 384 386 388 390 392 393 395 307 307 307 307 307 307 307 307 307 307 308 309 310 311 311 313 314 314 315 315 316 317 317 317 318 168 168 168
313 313 313 313 313 313 313 313 313 313 313 313 313 313 313 313 313 313 313 313 313 313 313 313 313 313 350 349 349 349 349 349 349 349 349 349 349 349 349 349 347 347 347 347 347 347 347 347 347 347 347 382 382 382 382 382 382 382 382 383 385 386 388 390 391 393 394 395 307 307 307 307 307 307 307 307 307 308 308 309 309 311 312 312 314 315 314 315 316 316 317 318 166 167 167
313 313 313 313 313 313 313 313 313 313 313 313 313 313 313 313 313 313 313 313 313 313 313 313 313 313 313 313 350 350 349 349 349 349 349 349 349 349 349 348 348 348 347 347 347 347 347 347 347 347 347 383 383 383 382 382 382 382 382 383 385 387 389 391 391 393 393 395 307 307 307 307 307 307 307 307 307 307 308 309 308 310 311 311 313 313 314 316 315 315 317 166 166 167 167
313 313 313 313 313 313 313 313 313 313 313 313 313 313 313 313 313 313 313 313 313 313 313 313 313 313 313 313 313 313 350 350 349 349 349 349 349 349 348 348 348 348 348 348 348 347 347 347 347 347 347 383 383 383 383 383 382 382 382 383 385 387 389 390 392 393 393 395 396 307 307 307 307 307 307 307 307 307 307 307 308 310 310 311 312 312 313 314 314 315 316 165 165 166 167
314 314 314 313 313 313 313 313 313 313 313 313 313 313 313 313 313 313 313 313 313 313 313 313 313 313 313 313 313 313 313 313 350 350 350 349 349 348 348 348 348 348 348 348 348 348 348 347 347 347 347 383 383 383 383 383 383 382 382 383 385 387 389 390 392 393 394 396 396 307 307 307 307 307 307 307 307 307 307 307 308 309 309 311 310 311 313 313 313 315 316 163 164 165 166
314 314 314 314 314 314 314 313 313 313 313 313 313 313 313 313 313 313 313 313 313 313 313 313 313 313 313 313 313 313 313 313 313 313 350 350 349 349 348 348 348 348 348 348 348 348 348 347 347 347 347 383 383 383 383 383 382 382 382 383 386 387 388 390 391 393 394 396 397 398 307 307 307 307 307 307 307 307 307 307 307 308 308 310 310 311 311 312 312 314 315 163 165 164 165
314 314 314 314 314 314 314 314 314 314 313 313 313 313 313 313 313 313 313 313 313 313 313 313 313 313 313 313 313 313 313 313 313 313 313 313 349 349 349 349 348 348 348 348 348 348 348 347 347 347 347 384 383 383 383 383 382 382 382 383 385 387 389 389 391 392 394 395 397 398 307 307 307 307 307 307 307 307 307 307 308 308 308 309 309 310 311 311 311 313 312 162 164 164 164
314 314 314 314 314 314 314 314 314 314 314 314 313 313 313 313 313 313 313 313 313 313 313 313 313 313 313 313 313 313 313 313 313 313 313 313 313 313 349 349 349 349 349 348 348 348 347 347 347 347 347 384 384 384 384 382 382 382 382 383 385 387 389 390 392 392 394 395 397 398 398 307 307 307 307 307 307 307 307 307 308 308 308 308 309 310 310 310 311 313 311 162 163 163 163
314 314 314 314 314 314 314 314 313 313 313 313 313 313 313 313 313 313 313 313 313 313 313 313 313 313 313 313 313 313 313 313 313 313 313 313 313 313 313 313 349 349 349 349 349 347 347 347 347 347 347 384 384 384 383 383 383 382 382 383 385 387 388 390 391 393 395 395 397 397 398 307 307 307 307 307 307 307 307 307 307 308 309 309 309 309 310 310 311 312 311 162 161 162 162
314 313 313 313 313 313 313 313 313 313 313 313 313 313 313 313 313 313 313 313 313 313 313 313 313 313 313 313 313 313 313 313 313 313 313 313 313 313 313 313 313 313 349 349 348 348 348 348 347 347 347 347 384 384 383 383 383 383 383 383 385 387 388 390 391 393 395 396 396 397 398 399 307 307 307 307 307 307 307 307 307 308 308 309 310 310 310 310 311 311 311 161 161 161 161
314 314 314 314 314 313 313 313 313 313 313 313 313 313 313 313 313 313 313 313 313 313 313 313 313 313 313 313 313 313 313 313 313 313 313 313 313 313 313 313 313 313 313 313 348 348 348 348 348 348 347 347 384 383 383 383 383 383 383 383 386 386 388 389 391 393 394 396 396 398 399 399 307 307 307 307 307 307 307 307 307 307 308 309 309 310 310 311 311 311 311 161 161 161 161
314 314 314 314 314 314 314 314 313 313 313 313 313 313 313 313 313 313 313 313 313 313 313 313 313 313 313 313 313 313 313 313 313 313 313 313 313 313 313 313 313 313 313 313 313 313 348 348 348 348 348 348 383 383 383 383 383 383 383 383 384 387 388 389 391 393 394 395 396 398 399 400 401 307 307 307 307 307 307 307 308 308 308 309 309 310 310 311 311 311 161 161 161 161 161
314 314 314 314 314 314 314 314 314 314 314 314 313 313 313 313 313 313 313 313 313 313 313 313 313 313 313 313 313 313 313 313 313 313 313 313 313 313 313 313 313 313 313 313 313 313 313 313 313 348 348 348 384 384 384 383 383 383 383 383 384 386 388 390 392 394 394 395 396 397 399 400 401 307 307 307 307 307 307 307 307 308 309 309 309 309 310 311 311 311 161 162 161 161 161
314 314 314 314 314 314 314 314 314 314 314 314 314 314 314 313 313 313 313 313 313 313 313 313 313 313 313 313 313 313 313 313 313 313 313 313 313 313 313 313 313 313 313 313 313 313 313 313 313 313 313 347 384 384 384 384 384 383 383 383 384 386 388 390 392 393 394 395 396 397 399 400 400 401 307 307 307 307 307 307 307 308 309 309 310 310 310 310 310 311 161 161 161 161 161
314 314 314 314 314 314 314 314 314 314 314 314 314 314 314 314 314 314 313 313 313 313 313 313 313 313 313 313 313 313 313 313 313 313 313 313 313 313 313 313 313 313 313 313 313 313 313 313 313 313 313 313 345 384 384 384 384 384 384 383 384 386 388 390 392 393 394 395 397 398 398 400 400 401 307 307 307 307 307 307 307 308 308 309 310 310 311 310 310 311 161 161 161 161 162
315 315 314 314 314 314 314 314 314 314 314 314 314 314 314 314 314 314 314 314 314 313 313 313 313 313 313 313 313 313 313 313 313 313 313 313 313 313 313 313 313 313 313 313 313 313 313 313 313 313 313 313 345 345 345 384 384 384 383 383 385 386 388 390 391 392 394 395 397 398 399 400 400 401 402 307 307 307 307 307 308 308 308 309 309 310 311 311 311 311 161 161 161 161 162
315 315 315 315 315 314 314 314 314 314 314 314 314 314 314 314 314 314 314 314 314 313 313 313 313 313 313 313 313 313 313 313 313 313 313 313 313 313 313 313 313 313 313 313 313 313 313 313 313 313 313 313 345 345 345 345 345 345 383 383 385 387 389 390 390 392 394 395 397 398 399 399 401 402 402 307 307 307 307 307 308 309 309 309 309 310 310 311 311 312 161 161 161 161 161
315 315 315 315 315 315 315 315 315 314 314 314 314 314 314 314 314 314 314 313 313 313 313 313 313 313 313 313 313 313 313 313 313 313 313 313 313 313 313 313 313 313 313 313 313 313 313 313 313 313 313 313 346 346 345 345 345 345 345 345 384 387 389 390 391 392 393 395 396 398 398 399 401 402 403 403 307 307 307 307 308 308 309 309 310 310 310 310 311 312 161 161 162 161 161
315 315 315 315 315 315 315 315 315 315 315 315 314 314 314 314 314 313 313 313 313 313 313 313 313 313 313 313 313 313 313 313 313 313 313 313 313 313 313 313 313 313 313 313 313 313 313 313 313 313 313 313 346 346 346 346 345 345 345 345 345 347 349 389 391 393 394 395 396 398 398 399 400 402 403 403 307 307 307 307 308 308 308 309 310 310 310 310 311 312 161 161 162 162 161
315 315 315 315 315 315 315 315 315 315 315 315 315 315 315 313 313 313 313 313 313 313 313 313 313 313 313 313 313 313 313 313 313 313 313 313 313 313 313 313 313 313 313 313 313 313 313 313 313 313 313 313 346 346 346 345 345 345 345 345 345 347 349 350 352 393 394 396 397 397 398 399 400 402 403 403 404 307 307 307 307 308 308 309 310 310 311 311 311 161 161 161 161 161 162
315 315 315 315 315 315 315 315 315 315 315 315 314 314 314 314 314 314 313 313 313 313 313 313 313 313 313 313 313 313 313 313 313 313 313 313 313 313 313 313 313 313 313 313 313 313 313 313 313 313 313 313 346 346 345 345 345 345 345 345 346 347 348 350 352 353 355 357 397 397 399 399 400 401 402 403 404 307 307 308 308 308 308 309 309 310 310 311 312 161 161 161 161 161 161
316 315 315 315 315 315 315 315 314 314 314 314 314 314 314 314 314 314 314 314 314 313 313 313 313 313 313 313 313 313 313 313 313 313 313 313 313 313 313 313 313 313 313 313 313 313 313 313 313 313 313 313 346 346 345 345 345 345 345 345 346 347 349 350 352 353 355 356 357 358 360 400 401 401 401 403 404 405 307 307 307 308 309 309 309 310 310 311 311 161 161 162 161 161 161
315 315 315 315 314 314 314 314 314 314 314 314 314 314 314 314 314 314 314 314 314 314 314 314 313 313 313 313 313 313 313 313 313 313 313 313 313 313 313 313 313 313 313 313 313 313 313 313 313 313 313 313 313 345 345 345 345 345 345 345 346 347 349 351 352 353 355 355 357 358 359 361 362 401 402 402 403 404 307 307 307 308 309 309 310 310 310 311 311 161 161 162 161 161 161
315 315 315 315 315 315 315 315 314 314 314 314 314 314 314 314 314 314 314 314 314 314 314 314 314 314 313 313 313 313 313 313 313 313 313 313 313 313 313 313 313 313 313 313 313 313 313 313 313 313 313 313 313 346 346 345 345 345 345 345 345 346 349 350 352 354 356 355 357 358 359 361 362 362 363 364 404 404 404 307 307 308 309 309 310 310 310 310 311 161 161 161 161 162 162
315 315 315 315 315 315 315 315 315 315 315 314 314 314 314 314 314 314 314 314 314 314 314 314 314 314 314 314 313 313 313 313 313 313 313 313 313 313 313 313 313 313 313 313 313 313 313 313 313 313 313 313 313 346 346 346 346 345 345 345 345 346 348 350 352 354 354 356 357 358 359 360 361 362 363 364 365 366 366 307 307 308 308 309 309 310 311 311 310 161 161 161 161 162 162
315 315 315 315 315 315 315 315 315 315 315 315 315 315 314 314 314 314 314 314 314 314 314 314 314 314 314 313 313 313 313 313 313 313 313 313 313 313 313 313 313 313 313 313 313 313 313 313 313 313 313 313 313 346 346 346 346 346 346 345 345 346 348 350 352 354 354 356 357 359 360 360 361 362 363 364 365 365 366 367 271 271 308 309 309 310 310 311 311 161 161 161 161 161 162
315 315 315 315 315 315 315 315 315 315 315 315 315 315 315 315 315 314 314 314 314 314 314 314 314 313 313 313 313 313 313 313 313 313 313 313 313 313 313 313 313 313 313 313 313 313 313 313 313 313 313 313 313 346 346 346 346 346 345 345 345 346 348 350 352 352 354 356 357 359 360 360 360 362 363 364 365 365 366 367 271 271 271 271 271 310 310 311 311 161 161 161 161 161 162
315 315 315 315 315 315 315 315 315 315 315 315 315 315 315 315 315 315 315 314 314 314 314 314 313 313 313 313 313 313 313 313 313 313 313 313 313 313 313 313 313 313 313 313 313 313 313 313 313 313 313 313 313 346 346 346 346 345 345 345 345 347 349 350 351 352 354 355 357 358 360 360 361 363 363 364 364 365 366 367 271 271 271 271 271 271 271 271 160 161 160 161 162 161 162
316 316 315 315 315 315 315 315 315 315 315 315 315 315 315 315 315 315 315 315 315 315 313 313 313 313 313 313 313 313 313 313 313 313 313 313 313 313 313 313 313 313 313 313 313 313 313 313 313 313 313 313 313 346 346 346 346 345 345 345 345 347 349 351 351 352 354 355 357 358 359 360 361 362 364 365 364 365 366 367 368 271 271 271 271 271 271 271 129 129 129 161 162 162 163
316 316 316 316 316 315 315 315 315 315 315 315 315 315 315 315 315 315 315 315 314 314 314 314 314 313 313 313 313 313 313 313 313 313 313 313 313 313 313 313 313 313 313 313 313 313 313 313 313 313 313 313 313 347 347 346 345 345 345 345 345 346 348 349 351 353 355 355 357 357 358 360 361 362 363 364 365 366 366 367 367 271 271 271 271 271 271 272 129 129 129 129 129 129 163
316 316 316 316 316 316 316 316 315 315 315 315 315 315 315 315 315 315 314 314 314 314 314 314 314 314 314 314 313 313 313 313 313 313 313 313 313 313 313 313 313 313 313 313 313 313 313 313 313 313 313 313 313 347 347 346 346 345 345 345 345 346 348 349 351 353 354 356 358 357 358 360 361 362 362 363 364 366 367 367 367 367 271 271 271 271 271 272 129 129 129 129 129 129 129
316 316 316 316 316 316 316 316 316 316 316 315 315 315 315 314 314 314 314 314 314 314 314 314 314 314 314 314 314 314 313 313 313 313 313 313 313 313 313 313 313 313 313 313 313 313 313 313 313 313 313 313 313 347 347 346 346 346 346 345 345 346 347 349 351 353 354 356 356 358 359 360 361 362 362 363 364 365 366 366 367 367 271 271 271 271 271 272 129 129 129 129 129 129 129
316 316 316 316 316 316 316 316 316 316 316 316 315 315 314 314 314 314 314 314 314 314 314 314 314 314 314 314 314 314 314 314 314 313 313 313 313 313 313 313 313 313 313 313 313 313 313 313 313 313 313 313 313 347 346 346 346 346 346 346 346 346 347 349 351 352 354 356 356 358 359 360 362 362 362 363 364 365 366 366 367 368 369 271 271 271 271 271 129 129 129 129 129 129 129
316 316 316 316 316 316 316 316 315 315 315 315 315 315 315 315 315 314 314 314 314 314 314 314 314 314 314 314 314 314 314 314 313 313 313 313 313 313 313 313 313 313 313 313 313 313 313 313 313 313 313 313 313 346 346 346 346 346 346 346 346 346 348 349 351 352 354 355 356 358 359 360 362 362 362 363 364 365 365 366 367 368 369 271 271 271 271 271 129 129 129 129 129 129 129
315 315 315 315 315 315 315 315 315 315 315 315 315 315 315 315 315 315 315 315 314 314 314 314 314 314 314 314 314 314 314 313 313 313 313 313 313 313 313 313 313 313 313 313 313 313 313 313 313 313 313 313 313 346 346 346 346 346 346 346 346 346 347 349 351 352 353 354 356 357 359 360 360 362 363 364 364 364 365 366 367 368 368 369 271 271 271 129 129 129 129 129 129 129 129
316 315 315 315 315 315 315 315 315 315 315 315 315 315 315 315 315 315 315 315 315 315 315 314 314 314 314 314 314 313 313 313 313 313 313 313 313 313 313 313 313 313 313 313 313 313 313 313 313 313 313 313 313 313 346 346 346 346 346 346 346 346 347 349 351 353 354 354 356 357 359 360 360 361 363 364 365 365 365 366 367 368 368 368 271 271 271 129 129 129 129 129 129 129 129
316 316 316 316 316 315 315 315 315 315 315 315 315 315 315 315 315 315 315 315 315 315 315 315 315 314 314 314 313 313 313 313 313 313 313 313 313 313 313 313 313 313 313 313 313 313 313 313 313 313 313 313 313 313 347 347 346 346 346 346 346 346 347 349 351 352 353 355 357 357 358 359 360 361 362 364 364 365 366 367 367 367 367 368 271 271 271 129 129 129 129 129 129 129 129
316 316 316 316 316 316 316 316 315 315 315 315 315 315 315 315 315 315 315 315 315 315 315 315 315 315 314 314 313 313 313 313 313 313 313 313 313 313 313 313 313 313 313 313 313 313 313 313 313 313 313 313 313 313 347 347 347 347 346 346 346 346 347 349 351 352 353 355 356 358 358 359 360 361 362 363 364 365 366 367 368 367 367 368 369 270 271 129 129 129 129 129 129 129 129
316 316 316 316 316 316 316 316 316 316 316 315 315 315 315 315 315 315 315 315 315 315 315 315 314 314 314 314 314 314 313 313 313 313 313 313 313 313 313 313 313 313 313 313 313 313 313 313 313 313 313 313 313 313 347 347 347 346 346 346 346 346 347 349 350 351 353 355 356 358 358 360 360 361 362 362 363 365 366 367 366 367 368 368 369 270 270 129 129 129 129 129 129 129 129
