testData/tiles/oneDegreeCosts/grid7.0-45.0-8.0-46.0.asc
ncols   200
nrows   200
xllcorner   7.0
yllcorner   45.0
cellsize   0.005
NODATA_value   -9999.0
[rows 129 to 171 of 200, columns 0 to 95 of 200]
99 99 99 99 99 99 99 99 99 99 99 98 98 98 98 98 98 98 98 98 97 97 97 97 97 97 96 96 96 96 95 95 95 95 94 94 94 93 93 93 92 92 91 91 91 90 90 89 88 88 87 87 87 87 87 87 87 77 77 77 77 77 77 77 77 77 77 77 77 77 77 77 77 77 77 77 77 77 77 77 77 77 77 77 77 77 77 77 77 77 77 77 77 77 77 77
99 99 99 99 99 99 99 99 99 99 99 99 99 99 99 99 98 98 98 98 98 98 98 97 97 97 97 97 96 96 96 96 95 95 95 95 94 94 94 93 93 93 92 92 91 91 90 90 89 89 88 87 87 87 87 87 87 87 77 77 77 77 77 77 77 77 77 77 77 77 77 77 77 77 77 77 77 77 77 77 77 77 77 77 77 77 77 77 77 77 77 77 77 77 77 77
100 100 100 100 100 100 100 100 100 100 99 99 99 99 99 99 99 99 99 99 98 98 98 98 98 98 97 97 97 97 97 96 96 96 95 95 95 95 94 94 94 93 93 92 92 92 91 91 90 89 89 88 88 87 87 87 87 87 87 87 77 77 77 77 77 77 77 77 77 77 77 77 77 77 77 77 77 77 77 77 77 77 77 77 77 77 77 77 77 77 77 77 77 77 77 77
100 100 100 100 100 100 100 100 100 100 100 100 100 100 100 99 99 99 99 99 99 99 99 98 98 98 98 98 97 97 97 97 97 96 96 96 95 95 95 95 94 94 93 93 93 92 92 91 91 90 90 89 88 88 87 87 87 87 87 87 87 77 77 77 77 77 77 77 77 77 77 77 77 77 77 77 77 77 77 77 77 77 77 77 77 77 77 77 77 77 77 77 77 77 77 77
101 101 101 101 101 101 101 101 100 100 100 100 100 100 100 100 100 100 100 99 99 99 99 99 99 99 98 98 98 98 98 97 97 97 97 96 96 96 95 95 95 94 94 94 93 93 92 92 92 91 90 90 89 89 88 87 87 87 87 87 87 87 77 77 77 77 77 77 77 77 77 77 77 77 77 77 77 77 77 77 77 77 77 77 77 77 77 77 77 77 77 77 77 77 77 77
101 101 101 101 101 101 101 101 101 101 101 101 101 101 100 100 100 100 100 100 100 100 99 99 99 99 99 99 98 98 98 98 98 97 97 97 97 96 96 96 95 95 95 94 94 94 93 93 92 92 91 91 90 89 89 88 87 87 87 87 87 87 87 77 77 77 77 77 77 77 77 77 77 77 77 77 77 77 77 77 77 77 77 77 77 77 77 77 77 77 77 77 77 77 77 77
102 102 102 102 102 101 101 101 101 101 101 101 101 101 101 101 101 101 100 100 100 100 100 100 100 99 99 99 99 99 99 98 98 98 98 97 97 97 96 96 96 96 95 95 94 94 94 93 93 92 92 91 91 90 90 89 88 88 87 87 87 87 87 87 77 77 77 77 77 77 77 77 77 77 77 77 77 77 77 77 77 77 77 77 77 77 77 77 77 77 77 77 77 77 77 77
102 102 102 102 102 102 102 102 102 102 102 102 101 101 101 101 101 101 101 101 101 101 100 100 100 100 100 100 99 99 99 99 99 98 98 98 98 97 97 97 96 96 96 95 95 95 94 94 93 93 93 92 92 91 90 90 89 88 88 87 87 87 87 87 87 77 77 77 77 77 77 77 77 77 77 77 77 77 77 77 77 77 77 77 77 77 77 77 77 77 77 77 77 77 77 77
102 102 102 102 102 102 102 102 102 102 102 102 102 102 102 102 102 101 101 101 101 101 101 101 101 100 100 100 100 100 99 99 99 99 99 98 98 98 98 97 97 97 96 96 96 95 95 94 94 94 93 93 92 92 91 91 90 89 89 88 87 87 87 87 87 87 77 77 77 77 77 77 77 77 77 77 77 77 77 77 77 77 77 77 77 77 77 77 77 77 77 77 77 77 77 77
103 103 103 103 103 103 103 103 103 103 102 102 102 102 102 102 102 102 102 102 102 101 101 101 101 101 101 100 100 100 100 100 99 99 99 99 99 98 98 98 97 97 97 96 96 96 95 95 95 94 94 93 93 92 92 91 91 90 89 89 88 87 87 87 87 87 87 77 77 77 77 77 77 77 77 77 77 77 77 77 77 77 77 77 77 77 77 77 77 77 77 77 77 77 77 77
103 103 103 103 103 103 103 103 103 103 103 103 103 103 103 102 102 102 102 102 102 102 102 102 101 101 101 101 101 101 100 100 100 100 99 99 99 99 98 98 98 98 97 97 97 96 96 96 95 95 94 94 93 93 92 92 91 91 90 90 89 88 87 87 87 87 87 87 77 77 77 77 77 77 77 77 77 77 77 77 77 77 77 77 77 77 77 77 77 77 77 77 77 77 77 77
104 104 104 104 104 103 103 103 103 103 103 103 103 103 103 103 103 103 103 102 102 102 102 102 102 102 101 101 101 101 101 101 100 100 100 100 99 99 99 99 98 98 98 98 97 97 96 96 96 95 95 95 94 94 93 93 92 92 91 90 90 89 88 87 87 87 87 87 87 77 77 77 77 77 77 77 77 77 77 77 77 77 77 77 77 77 77 77 77 77 77 77 77 77 77 77
104 104 104 104 104 104 104 104 104 104 104 104 103 103 103 103 103 103 103 103 103 103 102 102 102 102 102 102 102 101 101 101 101 101 100 100 100 100 99 99 99 99 98 98 98 97 97 97 96 96 96 95 95 94 94 93 93 92 92 91 90 90 89 88 87 87 87 87 87 87 77 77 77 77 77 77 77 77 77 77 77 77 77 77 77 77 77 77 77 77 77 77 77 77 77 77
104 104 104 104 104 104 104 104 104 104 104 104 104 104 104 104 104 103 103 103 103 103 103 103 103 102 102 102 102 102 102 101 101 101 101 101 100 100 100 100 99 99 99 98 98 98 98 97 97 96 96 96 95 95 94 94 93 93 92 92 91 90 90 89 88 87 87 87 87 87 87 77 77 77 77 77 77 77 77 77 77 77 77 77 77 77 77 77 77 77 77 77 77 77 77 77
105 105 105 105 105 105 105 105 104 104 104 104 104 104 104 104 104 104 104 104 103 103 103 103 103 103 103 103 102 102 102 102 102 101 101 101 101 101 100 100 100 99 99 99 99 98 98 98 97 97 97 96 96 95 95 94 94 93 93 92 92 91 90 90 89 88 87 87 87 87 87 87 77 77 77 77 77 77 77 77 77 77 77 77 77 77 77 77 77 77 77 77 77 77 77 77
105 105 105 105 105 105 105 105 105 105 105 105 105 105 104 104 104 104 104 104 104 104 104 103 103 103 103 103 103 103 102 102 102 102 102 101 101 101 101 100 100 100 100 99 99 99 98 98 98 97 97 97 96 96 95 95 95 94 94 93 92 92 91 91 90 89 88 87 87 87 87 87 87 77 77 77 77 77 77 77 77 77 77 77 77 77 77 77 77 77 77 77 77 77 77 77
105 105 105 105 105 105 105 105 105 105 105 105 105 105 105 105 105 105 104 104 104 104 104 104 104 104 103 103 103 103 103 103 102 102 102 102 102 101 101 101 101 100 100 100 100 99 99 99 98 98 98 97 97 96 96 96 95 95 94 94 93 92 92 91 91 90 89 88 87 87 87 87 87 87 77 77 77 77 77 77 77 77 77 77 77 77 77 77 77 77 77 77 77 77 77 77
106 106 106 106 106 106 106 106 106 106 105 105 105 105 105 105 105 105 105 105 105 104 104 104 104 104 104 104 104 103 103 103 103 103 102 102 102 102 102 101 101 101 101 100 100 100 99 99 99 98 98 98 97 97 96 96 96 95 95 94 94 93 93 92 91 91 90 89 88 87 87 87 87 87 87 77 77 77 77 77 77 77 77 77 77 77 77 77 77 77 77 77 77 77 77 77
106 106 106 106 106 106 106 106 106 106 106 106 106 106 106 105 105 105 105 105 105 105 105 105 104 104 104 104 104 104 104 103 103 103 103 103 102 102 102 102 101 101 101 101 100 100 100 99 99 99 98 98 98 97 97 97 96 96 95 95 94 94 93 93 92 91 91 90 89 88 87 87 87 87 87 87 77 77 77 77 77 77 77 77 77 77 77 77 77 77 77 77 77 77 77 77
106 106 106 106 106 106 106 106 106 106 106 106 106 106 106 106 106 106 106 105 105 105 105 105 105 105 105 104 104 104 104 104 104 103 103 103 103 103 102 102 102 102 101 101 101 101 100 100 100 99 99 99 98 98 97 97 97 96 96 95 95 94 94 93 93 92 91 91 90 89 88 87 87 87 87 87 87 77 77 77 77 77 77 77 77 77 77 77 77 77 77 77 77 77 77 77
107 107 107 107 107 107 107 107 107 107 106 106 106 106 106 106 106 106 106 106 106 106 105 105 105 105 105 105 105 104 104 104 104 104 104 103 103 103 103 102 102 102 102 101 101 101 101 100 100 100 99 99 99 98 98 98 97 97 96 96 95 95 94 94 93 93 92 91 91 90 89 88 87 87 87 87 87 77 77 77 77 77 77 77 77 77 77 77 77 77 77 77 77 77 77 77
107 107 107 107 107 107 107 107 107 107 107 107 107 107 107 106 106 106 106 106 106 106 106 106 106 105 105 105 105 105 105 104 104 104 104 104 104 103 103 103 103 102 102 102 102 101 101 101 100 100 100 99 99 99 98 98 98 97 97 96 96 95 95 94 94 93 93 92 91 91 90 89 88 87 87 87 87 87 77 77 77 77 77 77 77 77 77 77 77 77 77 77 77 77 77 77
107 107 107 107 107 107 107 107 107 107 107 107 107 107 107 107 107 107 107 106 106 106 106 106 106 106 106 105 105 105 105 105 105 104 104 104 104 104 103 103 103 103 103 102 102 102 101 101 101 101 100 100 100 99 99 98 98 98 97 97 96 96 95 95 94 94 93 93 92 91 90 90 89 88 87 87 87 87 87 77 77 77 77 77 77 77 77 77 77 77 77 77 77 77 77 77
108 108 108 108 108 108 108 108 108 108 107 107 107 107 107 107 107 107 107 107 107 107 106 106 106 106 106 106 106 106 105 105 105 105 105 104 104 104 104 104 103 103 103 103 102 102 102 102 101 101 101 100 100 100 99 99 99 98 98 97 97 96 96 95 95 94 94 93 93 92 91 90 90 89 88 87 87 87 87 87 77 77 77 77 77 77 77 77 77 77 77 77 77 77 77 77
108 108 108 108 108 108 108 108 108 108 108 108 108 108 108 107 107 107 107 107 107 107 107 107 107 106 106 106 106 106 106 106 105 105 105 105 105 104 104 104 104 104 103 103 103 103 102 102 102 101 101 101 100 100 100 99 99 99 98 98 97 97 96 96 95 95 94 94 93 93 92 91 90 90 89 88 87 87 87 87 87 77 77 77 77 77 77 77 77 77 77 77 77 77 77 77
108 108 108 108 108 108 108 108 108 108 108 108 108 108 108 108 108 108 108 107 107 107 107 107 107 107 107 106 106 106 106 106 106 106 105 105 105 105 105 104 104 104 104 103 103 103 103 102 102 102 101 101 101 101 100 100 99 99 99 98 98 97 97 96 96 95 95 94 94 93 92 92 91 90 89 89 88 87 87 87 87 87 77 77 77 77 77 77 77 77 77 77 77 77 77 77
109 109 109 109 109 109 109 109 109 108 108 108 108 108 108 108 108 108 108 108 108 108 107 107 107 107 107 107 107 107 106 106 106 106 106 106 105 105 105 105 104 104 104 104 104 103 103 103 102 102 102 102 101 101 101 100 100 99 99 99 98 98 97 97 96 96 95 95 94 94 93 92 92 91 90 89 88 87 87 87 87 87 77 77 77 77 77 77 77 77 77 77 77 77 77 77
109 109 109 109 109 109 109 109 109 109 109 109 109 109 108 108 108 108 108 108 108 108 108 108 108 107 107 107 107 107 107 107 106 106 106 106 106 105 105 105 105 105 104 104 104 104 103 103 103 103 102 102 102 101 101 101 100 100 100 99 99 98 98 97 97 96 96 95 95 94 94 93 92 92 91 90 89 88 87 87 87 87 87 77 77 77 77 77 77 77 77 77 77 77 77 77
109 109 109 109 109 109 109 109 109 109 109 109 109 109 109 109 109 109 108 108 108 108 108 108 108 108 108 107 107 107 107 107 107 107 106 106 106 106 106 105 105 105 105 105 104 104 104 103 103 103 103 102 102 102 101 101 101 100 100 100 99 99 98 98 97 97 96 96 95 95 94 94 93 92 92 91 90 89 88 87 87 87 87 87 77 77 77 77 77 77 77 77 77 77 77 77
110 110 110 110 110 110 109 109 109 109 109 109 109 109 109 109 109 109 109 109 109 108 108 108 108 108 108 108 108 107 107 107 107 107 107 107 106 106 106 106 106 105 105 105 105 104 104 104 104 103 103 103 102 102 102 101 101 101 100 100 100 99 99 98 98 97 97 96 96 95 95 94 94 93 92 91 91 90 89 88 87 87 87 87 87 77 77 77 77 77 77 77 77 77 77 77
110 110 110 110 110 110 110 110 110 110 110 110 110 109 109 109 109 109 109 109 109 109 109 109 108 108 108 108 108 108 108 108 107 107 107 107 107 106 106 106 106 106 105 105 105 105 104 104 104 104 103 103 103 102 102 102 102 101 101 100 100 100 99 99 98 98 97 97 96 96 95 95 94 93 93 92 91 91 90 89 88 87 87 87 87 77 77 77 77 77 77 77 77 77 77 77
110 110 110 110 110 110 110 110 110 110 110 110 110 110 110 110 110 109 109 109 109 109 109 109 109 109 109 108 108 108 108 108 108 107 107 107 107 107 107 106 106 106 106 106 105 105 105 105 104 104 104 103 103 103 103 102 102 102 101 101 100 100 100 99 99 98 98 97 97 96 96 95 95 94 93 93 92 91 90 89 89 87 87 87 87 87 77 77 77 77 77 77 77 77 77 77
110 110 110 110 110 110 110 110 110 110 110 110 110 110 110 110 110 110 110 110 109 109 109 109 109 109 109 109 109 108 108 108 108 108 108 107 107 107 107 107 107 106 106 106 106 105 105 105 105 104 104 104 104 103 103 103 102 102 102 101 101 100 100 100 99 99 98 98 97 97 96 96 95 95 94 93 93 92 91 90 89 88 87 87 87 87 87 77 77 77 77 77 77 77 77 77
111 111 111 111 111 111 111 111 111 111 110 110 110 110 110 110 110 110 110 110 110 110 110 109 109 109 109 109 109 109 109 108 108 108 108 108 108 107 107 107 107 107 106 106 106 106 105 105 105 105 104 104 104 104 103 103 103 102 102 102 101 101 100 100 100 99 99 98 98 97 97 96 96 95 95 94 93 92 92 91 90 89 88 87 87 87 87 87 77 77 77 77 77 77 77 77
111 111 111 111 111 111 111 111 111 111 111 111 111 111 111 110 110 110 110 110 110 110 110 110 110 110 109 109 109 109 109 109 109 108 108 108 108 108 108 107 107 107 107 107 106 106 106 106 105 105 105 105 104 104 104 103 103 103 102 102 102 101 101 100 100 100 99 99 98 98 97 97 96 96 95 94 94 93 92 92 91 90 89 88 87 87 87 87 77 77 77 77 77 77 77 77
111 111 111 111 111 111 111 111 111 111 111 111 111 111 111 111 111 111 111 110 110 110 110 110 110 110 110 110 109 109 109 109 109 109 109 108 108 108 108 108 107 107 107 107 107 106 106 106 106 105 105 105 105 104 104 104 103 103 103 102 102 102 101 101 100 100 100 99 99 98 98 97 97 96 96 95 94 94 93 92 91 91 90 89 88 87 87 87 87 77 77 77 77 77 77 77
112 112 112 112 112 112 111 111 111 111 111 111 111 111 111 111 111 111 111 111 111 111 110 110 110 110 110 110 110 110 109 109 109 109 109 109 109 108 108 108 108 108 107 107 107 107 106 106 106 106 105 105 105 105 104 104 104 103 103 103 102 102 102 101 101 100 100 100 99 99 98 98 97 97 96 95 95 94 94 93 92 91 90 89 88 87 87 87 87 87 77 77 77 77 77 77
112 112 112 112 112 112 112 112 112 112 112 112 112 111 111 111 111 111 111 111 111 111 111 111 111 110 110 110 110 110 110 110 109 109 109 109 109 109 108 108 108 108 108 107 107 107 107 107 106 106 106 106 105 105 105 104 104 104 103 103 103 102 102 102 101 101 100 100 100 99 99 98 98 97 97 96 95 95 94 93 93 92 91 90 89 88 87 87 87 87 87 77 77 77 77 77
112 112 112 112 112 112 112 112 112 112 112 112 112 112 112 112 112 111 111 111 111 111 111 111 111 111 111 110 110 110 110 110 110 110 109 109 109 109 109 109 108 108 108 108 108 107 107 107 107 106 106 106 106 105 105 105 104 104 104 103 103 103 102 102 102 101 101 100 100 100 99 99 98 98 97 96 96 95 95 94 93 92 92 91 90 89 88 87 87 87 87 77 77 77 77 77
112 112 112 112 112 112 112 112 112 112 112 112 112 112 112 112 112 112 112 112 111 111 111 111 111 111 111 111 111 110 110 110 110 110 110 110 109 109 109 109 109 108 108 108 108 108 107 107 107 107 106 106 106 106 105 105 105 104 104 104 103 103 103 102 102 102 101 101 100 100 99 99 99 98 97 97 96 96 95 94 94 93 92 91 91 90 89 87 87 87 87 87 77 77 77 77
113 113 113 113 113 113 113 113 113 112 112 112 112 112 112 112 112 112 112 112 112 112 112 111 111 111 111 111 111 111 111 110 110 110 110 110 110 110 109 109 109 109 109 108 108 108 108 108 107 107 107 107 106 106 106 105 105 105 104 104 104 103 103 103 102 102 102 101 101 100 100 99 99 98 98 97 97 96 96 95 94 94 93 92 91 90 89 88 87 87 87 87 87 77 77 77
113 113 113 113 113 113 113 113 113 113 113 113 113 113 112 112 112 112 112 112 112 112 112 112 112 112 111 111 111 111 111 111 111 110 110 110 110 110 110 109 109 109 109 109 108 108 108 108 108 107 107 163 107 106 106 106 105 105 105 105 104 104 103 103 103 102 102 102 101 101 100 100 99 99 98 98 97 97 96 96 95 94 93 93 92 91 90 89 88 87 87 87 87 77 77 77
113 113 113 113 113 113 113 113 113 113 113 113 113 113 113 113 113 113 112 112 112 112 112 112 112 112 112 112 111 111 111 167 167 167 167 166 166 166 166 166 166 165 165 165 165 165 164 164 164 164 163 163 163 163 162 162 162 161 161 161 161 160 160 159 159 159 158 158 158 157 157 156 100 99 99 98 98 97 97 96 95 95 94 93 93 92 91 90 89 88 87 87 87 87 77 77
