testData/tiles/oneDegreeCosts/grid47.0-17.0-48.0-18.0.asc
ncols   200
nrows   200
xllcorner   47.0
yllcorner   17.0
cellsize   0.005
NODATA_value   -9999.0
[rows 126 to 167 of 200, columns 94 to 187 of 200]
778 780 781 782 784 786 787 789 790 791 792 794 795 796 797 799 800 801 802 804 805 807 809 811 812 814 817 818 820 822 823 825 827 828 829 830 832 834 835 837 838 839 842 843 845 846 847 849 850 851 931 933 934 935 937 938 939 940 942 942 944 945 946 947 949 949 951 951 953 954 955 956 957 958 960 960 962 962 964 965 965 967 967 969 969 971 888 889 890 891 893 893 895 895
778 780 781 783 784 785 787 789 790 791 793 794 795 796 797 798 799 801 804 806 808 809 811 813 814 816 817 818 820 822 824 826 828 829 831 832 833 835 836 838 840 840 842 843 845 846 847 850 851 852 854 934 936 936 938 939 940 941 943 943 945 946 947 948 950 950 952 953 954 955 956 957 959 959 961 961 963 964 965 966 966 968 968 970 970 972 890 890 892 892 894 894 896 896
778 780 781 783 784 786 787 788 789 791 793 794 795 796 797 798 801 803 804 806 809 811 812 814 816 817 819 821 821 823 825 826 828 831 832 834 834 836 838 839 841 841 843 845 846 848 848 850 851 853 854 855 936 937 939 940 941 942 944 944 946 947 948 949 951 951 953 954 955 956 957 958 960 960 962 962 964 965 966 967 967 969 969 971 972 973 891 891 893 893 895 895 896 897
778 779 781 783 784 786 787 788 789 791 792 793 795 796 798 800 802 804 806 807 809 811 812 815 817 818 820 822 823 824 826 827 829 831 832 834 834 837 839 840 842 843 844 846 847 849 849 851 853 854 855 856 937 937 939 940 942 942 944 945 946 947 950 950 952 952 954 955 956 957 959 959 961 961 963 964 965 966 967 968 968 970 970 972 973 974 892 892 894 893 895 895 896 897
778 779 781 782 783 786 787 788 789 791 792 793 794 796 799 802 803 805 807 808 810 812 814 815 817 819 821 823 825 825 827 828 830 832 833 835 837 837 839 840 842 845 845 847 848 850 850 852 854 855 856 857 859 938 940 941 943 943 945 946 947 948 950 950 952 952 954 955 956 957 959 959 961 961 963 964 965 966 966 968 968 970 971 972 973 973 892 892 894 894 896 896 897 898
778 779 781 782 783 785 786 788 790 791 792 794 796 797 800 802 803 806 808 810 811 813 815 816 818 820 821 823 825 826 828 829 831 833 834 836 838 838 840 841 843 845 845 847 848 850 851 853 855 856 857 858 860 940 941 942 944 944 946 947 948 949 951 951 953 953 955 956 957 958 960 960 962 962 964 965 965 967 967 969 969 971 972 973 974 974 893 893 895 895 896 897 898 899
777 779 781 782 783 785 786 787 788 790 793 795 797 798 801 803 805 806 808 810 812 814 816 817 819 821 822 824 826 826 828 830 831 834 835 837 839 839 841 842 844 846 846 848 849 851 851 853 855 856 857 858 861 861 942 943 945 945 947 948 949 950 952 952 954 954 956 957 958 959 961 961 963 963 964 966 966 968 968 970 970 972 973 973 975 975 894 894 896 896 897 898 899 900
777 778 780 782 783 785 786 787 789 792 793 795 798 799 801 804 806 807 809 811 812 814 816 818 820 822 823 825 827 827 829 831 832 834 835 837 838 840 842 843 845 847 847 849 850 852 852 854 855 857 858 859 861 861 942 943 945 945 947 948 949 951 953 953 955 955 957 958 959 960 962 962 963 964 965 967 967 969 969 971 971 972 973 974 976 976 895 895 896 897 897 898 899 899
777 778 779 781 782 784 786 788 790 793 794 796 798 799 801 804 807 808 810 812 813 815 817 818 820 822 824 826 827 828 830 831 833 835 836 838 839 840 842 843 845 846 848 850 851 853 853 855 856 858 858 860 862 862 864 944 945 946 948 948 950 951 952 953 955 955 957 958 958 960 960 962 963 964 965 966 967 969 969 970 971 972 973 974 976 976 977 895 896 897 898 898 900 900
776 778 779 781 782 784 786 788 791 793 795 797 799 800 802 804 806 807 811 813 814 816 818 819 821 823 823 825 827 828 831 832 834 836 837 838 839 841 843 844 846 846 848 850 851 852 854 856 857 858 859 861 862 863 864 866 945 947 948 949 950 952 952 954 955 956 957 959 959 961 961 963 964 965 966 967 968 969 970 971 972 973 974 975 975 977 978 896 897 897 899 899 901 901
775 777 779 780 783 785 786 789 791 793 794 798 800 801 803 805 807 808 810 812 813 816 818 819 821 823 824 826 827 829 831 832 834 837 837 839 840 842 844 845 846 847 849 850 852 853 854 856 857 858 859 861 861 864 865 867 946 948 949 950 951 953 953 955 956 957 958 959 960 962 962 964 964 965 967 967 969 969 971 972 973 974 974 976 976 978 978 896 897 898 900 900 901 902
775 776 778 780 784 786 787 790 792 794 795 797 800 802 804 806 808 809 811 813 814 816 818 819 822 823 825 827 828 830 832 833 835 835 837 839 840 842 844 845 847 848 850 851 852 853 855 856 857 859 860 862 862 864 865 866 867 948 948 950 951 952 954 956 956 958 959 960 961 962 963 964 965 966 968 968 970 970 971 972 973 975 975 977 977 978 979 897 898 898 898 900 900 902
775 777 779 781 783 786 787 790 793 795 796 798 800 801 804 806 808 810 812 813 815 817 818 820 822 823 825 828 829 831 833 834 835 836 838 840 841 843 843 845 846 848 851 851 853 854 856 857 858 859 861 861 863 864 866 866 868 869 949 950 952 952 954 955 956 957 959 959 961 961 963 964 965 966 966 968 969 970 971 972 973 973 975 976 977 978 979 897 897 899 899 901 901 902
774 777 779 782 784 786 788 790 792 794 797 799 801 802 804 806 808 810 812 814 816 818 819 821 823 824 826 828 829 830 831 834 836 837 839 840 842 843 844 846 847 849 849 851 852 854 856 856 859 860 862 862 864 865 866 867 869 869 950 951 952 953 955 955 957 958 959 960 962 962 963 964 965 967 967 969 969 971 972 972 974 974 976 976 977 978 979 898 898 899 900 901 902 903
775 776 779 781 785 786 788 791 793 794 796 799 801 803 805 807 808 810 812 813 815 818 820 822 822 824 826 827 829 831 832 834 835 837 839 840 842 843 845 846 848 849 850 852 853 855 855 857 858 860 860 862 863 864 866 868 870 870 872 952 953 954 955 956 957 958 959 961 961 963 964 965 966 967 968 969 970 971 972 973 974 975 976 977 978 979 980 898 899 899 901 901 902 903
775 777 779 782 784 786 789 791 792 795 797 799 800 803 805 807 809 811 812 814 816 817 819 821 822 824 827 828 830 831 833 835 836 837 838 840 842 843 845 846 848 849 851 852 854 855 856 858 859 860 861 863 863 865 866 868 868 870 871 872 952 954 954 956 957 958 959 961 962 963 964 965 967 967 969 969 971 972 972 974 974 976 976 976 977 978 980 898 898 899 900 901 902 902
774 777 780 782 784 786 788 791 792 795 798 799 801 803 805 806 809 811 813 815 816 818 820 821 823 825 826 828 830 832 833 834 836 838 839 841 842 844 844 846 848 849 851 851 853 855 857 858 859 860 862 862 864 865 867 867 869 870 871 872 953 953 955 956 957 958 960 960 962 963 964 965 965 967 968 969 970 971 972 973 974 975 976 977 978 979 979 898 898 900 900 901 903 903
774 777 779 783 784 787 789 790 793 795 797 799 801 804 805 807 809 810 812 814 815 818 820 821 823 824 826 828 829 831 833 834 836 838 840 841 842 844 845 847 848 850 850 852 853 855 856 857 859 860 861 863 865 866 867 868 870 870 872 873 874 954 956 956 958 959 959 961 962 963 964 965 966 968 968 969 970 971 973 973 975 975 976 977 978 980 980 898 899 900 901 902 902 904
775 777 780 781 784 786 788 791 793 795 797 799 801 802 805 807 809 811 813 814 816 818 819 821 824 825 827 828 830 832 833 835 836 837 839 840 842 843 846 847 848 850 851 853 854 855 856 858 859 860 861 863 864 865 866 868 868 870 871 872 873 876 955 957 958 959 960 962 962 963 965 965 967 967 969 970 971 972 972 974 974 976 977 977 979 979 981 898 899 900 900 901 902 903
775 778 779 782 784 786 788 790 793 795 797 799 800 803 805 806 808 811 812 814 816 818 820 822 823 825 827 827 830 831 833 835 836 838 839 841 842 843 845 846 848 849 851 852 854 855 857 857 859 860 862 863 864 866 867 868 869 871 871 872 874 874 876 956 957 958 960 960 962 963 964 965 965 967 968 969 970 971 972 973 974 975 976 977 977 979 979 898 899 899 901 901 903 903
774 776 778 782 784 786 788 791 792 794 796 800 801 803 805 806 809 811 812 814 816 818 820 821 823 825 826 828 829 831 833 834 837 838 839 841 842 844 845 847 848 849 850 852 854 855 856 857 859 861 862 863 865 866 867 868 870 870 872 873 874 875 877 956 957 959 959 961 962 963 964 965 966 967 968 969 970 971 973 973 974 975 976 978 978 979 980 898 899 900 900 902 902 904
774 776 779 781 783 785 788 790 792 794 797 798 800 802 805 807 809 810 812 814 815 817 818 821 824 825 827 827 829 831 832 834 835 837 839 840 842 844 845 846 848 850 851 853 853 855 856 858 858 860 861 863 863 865 866 868 868 871 872 873 874 876 876 878 958 959 960 961 962 963 964 965 967 967 969 970 970 972 972 974 974 975 977 977 979 979 980 898 899 900 901 901 903 904
773 776 779 780 783 785 787 789 792 795 796 798 801 802 804 806 807 810 813 814 816 817 819 821 822 824 826 827 830 831 833 834 836 838 838 840 841 843 844 846 848 848 851 852 854 855 856 857 859 860 861 862 864 865 866 867 869 869 871 872 874 874 876 877 878 958 960 960 961 962 963 965 965 967 968 969 970 970 972 972 974 975 975 977 977 979 979 898 899 899 901 901 902 903
773 774 777 781 783 784 787 789 791 793 795 799 800 802 804 806 808 810 811 813 815 817 819 820 822 824 825 827 828 830 832 833 836 837 839 840 842 844 844 846 847 849 850 852 852 854 855 857 858 860 861 863 863 865 866 868 868 870 871 872 873 875 875 877 878 879 959 961 961 962 964 964 966 966 968 969 969 971 971 973 974 975 976 976 978 978 980 898 898 900 900 901 902 903
772 774 777 780 781 784 787 788 791 793 795 797 799 801 804 806 807 809 811 812 814 817 818 820 823 824 826 827 829 831 832 834 834 836 837 839 842 843 845 846 847 848 850 851 853 854 855 856 858 860 860 862 863 865 865 866 869 870 871 872 874 874 876 877 878 879 960 960 962 963 963 965 965 967 968 969 970 970 972 973 974 975 975 977 977 979 980 897 899 899 901 901 902 903
771 774 777 779 781 784 785 788 790 792 795 797 798 801 803 804 806 809 810 813 815 816 818 819 821 823 824 826 829 830 832 833 835 836 838 840 840 842 843 845 846 848 850 851 852 854 855 857 858 859 861 862 863 864 866 867 868 869 870 871 872 874 874 876 877 878 879 960 960 962 963 963 965 966 967 968 969 970 971 972 973 974 975 975 977 978 979 897 897 899 899 900 901 902
771 772 775 778 781 783 785 788 789 791 794 795 798 801 802 804 806 808 810 812 813 816 817 819 821 822 824 825 827 829 830 832 834 836 838 839 841 842 844 844 846 847 849 850 852 853 854 856 858 860 860 862 863 865 865 867 868 869 870 871 873 873 875 876 877 878 880 880 961 962 962 964 964 966 967 968 969 969 971 972 973 974 974 976 977 978 979 897 898 898 900 900 901 902
769 772 775 776 779 782 784 787 789 791 793 795 798 799 801 804 806 808 809 811 813 814 816 818 821 823 824 826 828 829 831 832 833 834 836 838 839 842 843 845 846 847 848 850 851 853 855 855 857 858 860 860 862 863 865 865 868 869 870 871 872 874 874 876 877 878 879 881 881 961 963 963 965 966 967 968 968 970 971 972 973 974 975 975 977 978 978 897 897 899 899 900 901 902
768 771 774 776 779 780 783 786 787 789 793 794 797 799 800 802 805 806 809 811 812 814 817 818 820 821 823 825 827 829 830 832 833 835 837 838 839 840 842 843 845 846 849 849 851 852 854 856 857 858 859 861 862 863 864 866 867 867 869 870 871 872 874 874 876 877 878 879 881 881 961 963 963 965 966 967 968 968 970 971 972 973 973 975 976 977 978 896 897 897 898 899 900 901
767 769 772 774 777 780 783 784 787 789 791 793 795 798 800 802 804 806 808 809 811 813 816 818 819 821 822 824 826 827 829 830 832 834 836 838 839 841 841 843 844 846 847 849 850 851 852 854 855 858 859 860 861 863 863 865 866 868 868 870 871 872 873 875 876 877 878 880 880 881 961 962 964 964 966 967 967 969 969 971 972 972 974 974 976 977 977 896 896 898 898 899 900 901
765 769 771 774 776 778 781 783 786 788 791 792 794 797 798 800 804 805 807 809 810 813 814 816 818 819 822 823 825 827 828 830 831 833 834 836 838 839 842 843 844 845 847 848 850 851 852 853 855 856 858 858 860 861 863 863 865 866 869 869 871 872 874 874 876 877 877 879 880 881 882 962 963 965 965 966 968 968 970 970 971 973 973 975 975 976 978 895 897 897 898 899 900 900
763 766 769 771 775 778 780 782 784 787 788 792 794 796 798 800 802 804 805 808 810 812 814 816 817 819 820 822 824 825 828 829 831 832 834 835 837 839 840 842 843 845 845 847 849 851 852 854 854 856 857 859 859 861 862 864 865 866 867 869 869 871 872 874 874 875 877 877 879 880 881 882 961 963 964 965 966 968 968 969 970 971 973 973 974 975 976 894 895 896 897 898 898 900
763 766 768 771 773 775 779 781 783 786 788 790 792 794 797 799 801 803 805 807 808 811 812 815 817 818 820 821 823 825 826 828 829 831 833 835 836 838 840 841 843 844 846 846 848 849 851 852 854 854 856 858 860 861 862 863 865 866 867 868 870 870 871 873 873 875 876 878 878 880 881 881 883 962 964 965 966 967 968 969 970 971 972 973 974 975 976 894 894 896 897 897 899 899
760 763 767 769 772 775 776 779 782 784 787 789 791 793 796 797 799 802 804 806 808 809 812 813 815 817 818 821 822 824 825 827 829 830 832 833 835 836 838 839 842 844 845 847 847 849 850 852 853 855 855 857 858 860 860 862 863 865 865 866 868 869 871 872 874 874 876 877 878 879 880 881 882 884 963 964 966 966 968 968 970 971 971 973 973 974 976 893 895 894 895 896 897 898
759 761 764 767 770 773 776 778 780 783 785 787 789 793 794 797 798 800 803 804 806 809 810 813 814 816 818 819 821 822 824 825 828 830 831 833 834 836 837 839 840 842 843 845 846 847 849 851 853 854 856 856 857 859 860 861 862 864 865 866 867 869 870 871 872 874 874 875 877 877 879 880 881 882 883 963 964 966 966 967 968 969 971 971 972 973 974 892 893 894 895 896 896 898
756 759 763 765 768 771 773 776 780 781 784 786 788 790 793 794 798 799 801 804 805 807 809 810 813 815 817 819 820 822 823 825 826 828 829 831 833 835 837 838 840 841 843 844 846 846 848 849 851 852 854 854 856 857 860 861 862 863 865 866 867 868 870 870 871 873 874 875 876 878 878 879 881 881 883 884 964 965 965 967 968 969 970 970 972 973 974 892 892 894 894 895 897 897
753 757 760 763 765 769 772 774 777 780 781 784 787 789 791 794 795 798 799 801 805 806 808 809 811 814 815 817 818 820 823 824 826 827 829 830 832 833 835 837 838 840 841 844 845 846 847 849 850 852 853 855 855 857 858 860 860 862 863 864 865 866 868 869 870 871 873 873 875 876 876 879 880 881 882 883 884 964 966 966 967 967 968 970 970 971 972 890 892 892 893 894 895 895
750 755 758 761 764 766 769 772 775 778 780 782 785 787 789 792 795 796 799 800 802 804 806 808 810 812 814 816 818 819 821 822 824 826 828 830 831 833 834 836 837 839 840 842 843 844 845 847 848 850 852 854 854 856 857 859 860 861 862 864 865 866 867 869 869 870 872 873 874 875 877 877 879 880 880 882 883 884 964 964 966 967 968 969 970 971 972 890 891 891 893 894 894 896
747 751 755 757 762 765 767 770 773 775 778 781 783 786 788 790 792 794 796 799 801 803 805 807 809 810 812 813 816 819 820 822 823 825 826 828 830 831 833 834 837 838 840 841 843 843 845 846 848 849 851 852 853 854 856 857 859 859 861 862 864 865 866 868 869 870 871 873 873 875 876 876 878 879 880 881 882 883 884 965 965 966 967 968 970 970 971 889 890 892 891 892 893 894
743 748 752 756 758 762 765 768 771 774 776 778 781 783 786 789 791 793 794 797 799 801 803 805 807 810 811 813 814 816 817 820 822 824 826 827 829 830 832 833 835 836 838 840 840 842 843 846 847 849 850 852 852 853 855 856 858 858 860 861 863 863 865 866 868 868 869 871 871 873 874 876 876 877 879 879 881 882 883 884 963 965 966 966 968 968 970 888 888 890 890 892 893 893
740 744 748 752 756 759 762 766 768 771 775 776 779 782 784 786 788 790 794 795 798 799 801 804 805 807 808 812 814 815 817 818 820 821 823 826 827 829 831 833 834 836 836 838 839 841 842 844 845 847 848 849 850 852 853 855 857 858 859 861 862 862 864 865 867 867 869 870 872 872 873 875 875 877 878 879 880 881 882 883 885 964 965 966 967 968 969 887 888 889 890 891 892 892
734 740 744 748 752 755 759 763 766 768 771 773 776 779 782 784 787 788 791 793 795 797 800 802 804 806 808 809 811 813 815 817 819 821 822 824 825 827 828 830 831 833 834 836 838 840 842 843 845 846 847 848 849 851 852 854 854 856 857 859 860 861 862 864 865 865 867 868 870 870 872 873 873 875 876 877 878 880 880 881 883 883 964 964 965 967 967 885 887 887 889 889 890 891
