testData/tiles/oneDegreeCosts/grid44.0-25.0-45.0-26.0.asc
ncols   200
nrows   200
xllcorner   44.0
yllcorner   25.0
cellsize   0.005
NODATA_value   -9999.0
[rows 84 to 125 of 200, columns 0 to 93 of 200]
326 324 324 324 323 323 322 321 321 321 319 319 318 318 317 316 316 316 315 314 314 313 313 311 311 311 310 310 310 309 309 308 308 308 307 307 307 306 306 305 305 305 304 304 304 303 303 302 302 302 301 301 300 294 294 293 293 292 292 292 291 291 290 290 290 289 289 288 288 288 287 287 286 286 286 285 285 284 284 284 284 284 284 284 284 284 309 308 308 308 307 307 306 306
324 324 324 323 323 322 321 321 321 319 319 318 318 317 316 316 316 315 314 314 313 313 311 311 311 310 310 310 309 309 309 308 308 307 307 307 306 306 306 305 305 304 304 304 303 303 302 302 302 301 301 301 294 294 293 293 293 292 292 291 291 291 290 290 289 289 289 288 288 287 287 287 286 286 285 285 285 284 284 284 284 284 284 284 284 284 309 308 308 307 307 306 306 307
324 324 323 323 322 321 321 321 319 319 318 318 318 316 316 316 315 314 314 313 313 312 311 311 310 310 310 309 309 309 308 308 307 307 307 306 306 306 305 305 304 304 304 303 303 303 302 302 301 301 301 294 294 293 293 293 292 292 291 291 291 290 290 290 289 289 288 288 288 287 287 286 286 286 285 285 284 284 285 284 284 284 284 284 284 309 308 308 307 307 307 306 306 307
324 323 323 322 321 321 321 319 319 319 318 318 316 316 316 315 314 314 313 313 312 311 311 310 310 310 309 309 309 308 308 308 307 307 306 306 306 305 305 305 304 304 303 303 303 302 302 301 301 301 294 294 294 293 293 292 292 292 291 291 290 290 290 289 289 288 288 288 287 287 286 286 286 285 285 284 284 284 284 284 284 284 284 284 284 308 308 308 307 307 306 306 307 307
323 323 322 321 321 321 319 319 319 318 318 316 316 316 315 314 314 313 313 312 311 311 311 310 310 309 309 309 308 308 308 307 307 306 306 306 305 305 305 304 304 303 303 303 302 302 302 301 301 294 294 294 293 293 292 292 292 291 291 291 290 290 289 289 289 288 288 287 287 287 286 286 285 285 285 284 284 284 284 284 284 284 284 284 284 308 308 307 307 307 306 307 307 307
323 322 321 321 321 319 319 319 318 318 316 316 316 315 314 314 313 313 313 311 311 311 310 310 309 309 309 308 308 308 307 307 307 306 306 305 305 305 304 304 304 303 303 302 302 302 301 301 300 294 294 293 293 293 292 292 291 291 291 290 290 289 289 289 288 288 287 287 287 286 286 286 285 285 284 284 284 284 284 284 284 284 284 284 308 308 307 307 307 306 306 307 307 307
322 321 321 321 319 319 319 318 318 316 316 316 315 314 314 313 313 313 311 311 311 310 310 310 309 309 308 308 308 307 307 307 306 306 305 305 305 304 304 304 303 303 302 302 302 301 301 301 294 294 293 293 293 292 292 292 291 291 290 290 290 289 289 288 288 288 287 287 286 286 286 285 285 284 284 284 284 284 284 284 284 284 284 284 308 308 307 307 306 306 307 307 307 307
321 321 321 319 319 319 318 318 317 316 316 315 314 314 313 313 313 311 311 311 310 310 310 309 309 308 308 308 307 307 307 306 306 306 305 305 304 304 304 303 303 303 302 302 301 301 301 294 294 294 293 293 292 292 292 291 291 290 290 290 289 289 288 288 288 287 287 287 286 286 285 285 285 284 284 284 284 284 284 284 284 284 284 308 308 307 307 307 306 306 307 307 307 307
321 321 319 319 319 318 318 317 316 316 315 314 314 313 313 313 311 311 311 310 310 310 309 309 309 308 308 307 307 307 306 306 306 305 305 304 304 304 303 303 303 302 302 301 301 301 294 294 294 293 293 292 292 292 291 291 291 290 290 289 289 289 288 288 287 287 287 286 286 285 285 285 284 284 284 284 284 284 284 284 284 284 284 308 307 307 307 306 306 307 307 307 307 307
321 319 319 319 318 318 317 316 316 315 314 314 313 313 313 311 311 311 310 310 310 309 309 309 308 308 307 307 307 306 306 306 305 305 305 304 304 303 303 303 302 302 302 301 301 294 294 294 293 293 293 292 292 291 291 291 290 290 289 289 289 288 288 288 287 287 286 286 286 285 285 284 284 284 284 284 284 284 284 284 284 284 284 308 307 307 306 306 307 307 307 307 307 307
319 319 319 318 318 317 316 316 315 314 314 313 313 313 311 311 311 310 310 310 309 309 309 308 308 307 307 307 306 306 306 305 305 305 304 304 303 303 303 302 302 302 301 301 294 294 294 293 293 293 292 292 291 291 291 290 290 290 289 289 288 288 288 287 287 286 286 286 285 285 284 284 284 284 284 284 284 284 284 284 284 284 308 307 307 307 306 306 307 307 307 307 307 307
319 319 318 318 317 316 316 315 314 314 313 313 313 311 311 311 310 310 310 309 309 309 308 308 308 307 307 306 306 306 305 305 305 304 304 304 303 303 302 302 302 301 301 301 294 294 293 293 293 292 292 292 291 291 290 290 290 289 289 288 288 288 287 287 287 286 286 285 285 285 284 284 284 284 284 284 284 284 284 284 284 284 307 307 307 306 306 307 307 307 307 307 307 307
319 318 318 316 316 316 315 314 314 313 313 313 311 311 311 310 310 310 309 309 309 308 308 308 307 307 306 306 306 305 305 305 304 304 304 303 303 302 302 302 301 301 301 294 294 294 293 293 292 292 292 291 291 290 290 290 289 289 289 288 288 287 287 287 286 286 285 285 285 284 284 284 284 284 284 284 284 284 284 284 284 308 307 307 306 306 306 307 307 307 307 307 307 307
318 318 316 316 316 315 314 314 313 313 313 311 311 311 310 310 310 309 309 309 308 308 308 307 307 307 306 306 305 305 305 304 304 304 303 303 303 302 302 301 301 301 294 294 294 293 293 292 292 292 291 291 291 290 290 289 289 289 288 288 288 287 287 286 286 286 285 285 284 284 284 284 284 284 284 284 284 284 284 284 284 307 307 307 306 306 307 307 307 307 307 307 307 307
318 316 316 316 315 314 314 313 313 313 311 311 311 310 310 310 309 309 309 308 308 308 307 307 307 306 306 305 305 305 304 304 304 303 303 303 302 302 301 301 301 294 294 294 293 293 293 292 292 291 291 291 290 290 289 289 289 288 288 288 287 287 286 286 286 285 285 285 284 284 284 284 284 284 284 284 284 284 284 284 284 307 307 306 306 306 307 307 307 307 307 307 307 307
316 316 316 315 314 314 313 313 313 311 311 311 310 310 310 309 309 309 308 308 308 307 307 307 306 306 305 305 305 304 304 304 303 303 303 302 302 302 301 301 294 294 294 293 293 293 292 292 291 291 291 290 290 290 289 289 288 288 288 287 287 287 286 286 285 285 285 284 284 284 284 284 284 284 284 284 284 284 284 284 307 307 306 306 306 307 307 307 307 307 307 307 307 307
316 316 315 314 314 313 313 313 311 311 311 310 310 310 309 309 309 308 308 308 307 307 307 306 306 306 305 305 304 304 304 303 303 303 302 302 302 301 301 294 294 294 293 293 293 292 292 292 291 291 290 290 290 289 289 289 288 288 287 287 287 286 286 285 285 285 284 284 284 284 284 284 284 284 284 284 284 284 284 284 307 306 306 306 306 307 307 307 307 307 307 307 307 307
316 315 314 314 313 313 313 311 311 311 310 310 310 309 309 309 308 308 308 307 307 307 306 306 306 305 305 304 304 304 303 303 303 302 302 302 301 301 295 294 294 293 293 293 292 292 292 291 291 290 290 290 289 289 289 288 288 287 287 287 286 286 286 285 285 284 284 284 284 284 284 284 284 284 284 284 284 284 284 284 307 306 306 306 307 307 307 307 307 307 307 307 307 307
315 314 314 313 313 313 311 311 311 310 310 310 309 309 309 308 308 308 307 307 307 306 306 306 305 305 305 304 304 303 303 303 302 302 302 301 301 295 294 294 293 293 293 292 292 292 291 291 291 290 290 289 289 289 288 288 288 287 287 286 286 286 285 285 284 284 284 284 284 284 284 284 284 284 284 284 284 284 284 307 306 306 306 306 307 307 307 307 307 307 307 307 307 307
314 314 313 313 313 311 311 311 310 310 310 309 309 309 308 308 308 307 307 307 306 306 306 305 305 305 304 304 303 303 303 302 302 302 301 301 295 294 294 294 293 293 292 292 292 291 291 291 290 290 289 289 289 288 288 288 287 287 286 286 286 285 285 285 284 284 284 284 284 284 284 284 284 284 284 284 284 284 284 306 306 306 306 307 307 307 307 307 307 307 307 307 307 307
314 313 313 313 311 311 311 310 310 310 309 309 309 308 308 308 307 307 307 306 306 306 305 305 305 304 304 303 303 303 302 302 302 301 301 301 294 294 294 293 293 292 292 292 291 291 291 290 290 290 289 289 288 288 288 287 287 287 286 286 285 285 285 284 284 284 284 284 284 284 284 284 284 284 284 284 284 284 306 306 306 306 306 307 307 307 307 307 307 307 307 307 307 307
313 313 313 311 311 311 310 310 310 309 309 309 308 308 308 307 307 307 306 306 306 305 305 305 304 304 304 303 303 302 302 302 301 301 301 294 294 294 293 293 293 292 292 291 291 291 290 290 290 289 289 288 288 288 287 287 287 286 286 285 285 285 284 284 284 284 284 284 284 284 284 284 284 284 284 284 284 284 306 306 306 306 307 307 307 307 307 307 307 307 307 307 307 307
313 313 311 311 311 310 310 310 309 309 309 308 308 308 307 307 307 306 306 306 305 305 305 304 304 304 303 303 302 302 302 301 301 301 294 294 294 293 293 293 292 292 291 291 291 290 290 290 289 289 289 288 288 287 287 287 286 286 286 285 285 284 284 284 284 284 284 284 284 284 284 284 284 284 284 284 284 284 306 306 306 306 307 307 307 307 307 307 307 307 307 307 307 307
313 311 311 311 310 310 310 309 309 309 308 308 308 307 307 307 306 306 306 305 305 305 304 304 304 303 303 302 302 302 301 301 301 294 294 294 293 293 293 292 292 291 291 291 290 290 290 289 289 289 288 288 287 287 287 286 286 286 285 285 284 284 284 284 284 284 284 284 284 284 284 284 284 284 284 284 284 306 306 306 306 307 307 307 307 307 307 307 307 307 307 307 307 307
311 311 311 310 310 310 309 309 309 308 308 308 307 307 307 306 306 306 305 305 305 304 304 304 303 303 302 302 302 301 301 301 294 294 294 293 293 293 292 292 292 291 291 290 290 290 289 289 289 288 288 288 287 287 286 286 286 285 285 285 284 284 284 284 284 284 284 284 284 284 284 284 284 284 284 284 284 306 306 306 306 307 307 307 307 307 307 307 307 307 307 307 307 302
311 311 310 310 310 309 309 309 308 308 308 307 307 307 306 306 306 305 305 305 304 304 304 303 303 302 302 302 301 301 301 294 294 294 293 293 293 292 292 292 291 291 290 290 290 289 289 289 288 288 288 287 287 286 286 286 285 285 285 284 284 284 284 284 284 284 284 284 284 284 284 284 284 284 284 284 284 306 306 306 307 307 307 307 307 307 307 307 307 307 307 307 307 302
310 310 310 310 309 309 309 308 308 308 307 307 307 306 306 306 305 305 305 304 304 304 303 303 303 302 302 301 301 301 294 294 294 293 293 293 292 292 292 291 291 291 290 290 289 289 289 288 288 288 287 287 287 286 286 285 285 285 284 284 284 284 284 284 284 284 284 284 284 284 284 284 284 284 284 284 306 306 306 306 307 307 307 307 307 307 307 307 307 307 307 307 301 302
310 310 309 309 309 309 308 308 308 307 307 307 306 306 306 305 305 305 304 304 304 303 303 303 302 302 301 301 301 294 294 294 293 293 293 292 292 292 291 291 291 290 290 289 289 289 288 288 288 287 287 287 286 286 285 285 285 284 284 284 284 284 284 284 284 284 284 284 284 284 284 284 284 284 284 284 306 306 306 306 307 307 307 307 307 307 307 307 307 307 307 301 301 302
310 309 309 309 308 308 308 307 307 307 307 306 306 306 305 305 305 304 304 304 303 303 302 302 302 301 301 301 294 294 294 293 293 293 292 292 292 291 291 291 290 290 290 289 289 288 288 288 287 287 287 286 286 286 285 285 284 284 284 284 284 284 284 284 284 284 284 284 284 284 284 284 284 284 284 284 306 306 306 307 307 307 307 307 307 307 307 307 307 307 301 301 302 302
309 309 309 308 308 308 307 307 307 306 306 306 305 305 305 305 304 304 304 303 303 302 302 302 301 301 301 294 294 294 293 293 293 292 292 292 291 291 291 290 290 290 289 289 288 288 288 287 287 287 286 286 286 285 285 284 284 284 284 284 284 284 284 284 284 284 284 284 284 284 284 284 284 284 284 306 306 306 306 307 307 307 307 307 307 307 307 307 307 307 301 301 302 302
309 309 308 308 308 307 307 307 306 306 306 305 305 305 304 304 304 303 303 303 302 302 302 301 301 301 294 294 294 293 293 293 292 292 292 291 291 291 290 290 290 289 289 288 288 288 287 287 287 286 286 286 285 285 285 284 284 284 284 284 284 284 284 284 284 284 284 284 284 284 284 284 284 284 284 306 306 306 307 307 307 307 307 307 307 307 307 307 307 301 301 301 302 302
309 308 308 308 307 307 307 306 306 306 305 305 305 304 304 304 303 303 303 302 302 302 301 301 301 294 294 294 293 293 293 292 292 292 291 291 291 290 290 290 289 289 289 288 288 287 287 287 286 286 286 285 285 285 284 284 284 284 284 284 284 284 284 284 284 284 284 284 284 284 284 284 284 284 284 306 306 306 307 307 307 307 307 307 307 307 307 307 301 301 301 302 302 302
308 308 308 307 307 307 306 306 306 305 305 305 304 304 304 303 303 303 302 302 302 301 301 301 294 294 294 293 293 293 292 292 292 291 291 291 290 290 290 289 289 289 288 288 287 287 287 286 286 286 285 285 285 284 284 284 284 284 284 284 284 284 284 284 284 284 284 284 284 284 284 284 284 284 306 306 306 307 307 307 307 307 307 307 307 307 307 301 301 301 301 302 302 302
308 308 307 307 307 306 306 306 305 305 305 304 304 304 303 303 303 302 302 302 301 301 301 294 294 294 293 293 293 292 292 292 291 291 291 290 290 290 289 289 289 288 288 288 287 287 286 286 286 285 285 285 284 284 284 284 284 284 284 284 284 284 284 284 284 284 284 284 284 284 284 284 284 284 306 306 306 307 307 307 307 307 307 307 307 307 307 301 301 301 302 302 302 302
308 307 307 307 306 306 306 305 305 305 304 304 304 303 303 303 302 302 302 301 301 301 294 294 294 293 293 293 292 292 292 291 291 291 290 290 290 289 289 289 288 288 288 287 287 286 286 286 285 285 285 284 284 284 284 284 284 284 284 284 284 284 284 284 284 284 284 284 284 284 284 284 284 284 306 306 306 307 307 307 307 307 307 307 307 307 301 301 301 301 302 302 302 302
307 307 307 306 306 306 305 305 305 304 304 304 303 303 303 302 302 302 301 301 301 294 294 294 293 293 293 292 292 292 291 291 291 290 290 290 289 289 289 288 288 288 287 287 286 286 286 285 285 285 284 284 284 284 284 284 284 284 284 284 284 284 284 284 284 284 284 284 284 284 284 284 284 306 306 306 307 307 307 307 307 307 307 307 307 301 301 301 301 302 302 302 302 302
307 306 306 306 306 305 305 305 304 304 304 303 303 303 302 302 302 301 301 301 294 294 294 293 293 293 292 292 292 291 291 291 290 290 290 289 289 289 288 288 288 287 287 287 286 286 285 285 285 284 284 284 284 284 284 284 284 284 284 284 284 284 284 284 284 284 284 284 284 284 284 284 284 306 306 306 307 307 307 307 307 307 307 307 301 301 301 301 301 302 302 302 302 302
306 306 306 305 305 305 305 304 304 304 303 303 303 302 302 302 301 301 301 294 294 294 293 293 293 292 292 292 291 291 291 290 290 290 289 289 289 288 288 288 287 287 287 286 286 285 285 285 284 284 284 284 284 284 284 284 284 284 284 284 284 284 284 284 284 284 284 284 284 284 284 284 284 306 306 306 307 307 307 307 307 307 307 307 301 301 301 301 301 302 302 302 302 302
306 306 305 305 305 304 304 304 304 303 303 303 302 302 302 301 301 301 294 294 294 293 293 293 292 292 292 291 291 291 290 290 290 289 289 289 288 288 288 287 287 287 286 286 285 285 285 284 284 284 284 284 284 284 284 284 284 284 284 284 284 284 284 284 284 284 284 284 284 284 284 284 306 306 306 307 307 307 307 307 307 307 307 301 301 301 301 301 302 302 302 302 302 302
306 305 305 305 304 304 304 303 303 303 303 302 302 302 301 301 301 294 294 294 293 293 293 292 292 292 291 291 291 290 290 290 289 289 289 288 288 288 287 287 287 286 286 285 285 285 284 284 284 284 284 284 284 284 284 284 284 284 284 284 284 284 284 284 284 284 284 284 284 284 284 284 306 306 306 307 307 307 307 307 307 307 301 301 301 301 301 301 302 302 302 302 302 302
305 305 305 304 304 304 303 303 303 302 302 302 302 301 301 301 294 294 294 293 293 293 292 292 292 291 291 291 290 290 290 289 289 289 288 288 288 287 287 287 286 286 286 285 285 284 284 284 284 284 284 284 284 284 284 284 284 284 284 284 284 284 284 284 284 284 284 284 284 284 284 284 306 306 306 307 307 307 307 307 307 301 301 301 301 301 301 302 302 302 302 302 302 302
305 305 304 304 304 303 303 303 302 302 302 301 301 301 301 294 294 294 293 293 293 292 292 292 291 291 291 290 290 290 289 289 289 288 288 288 287 287 287 286 286 286 285 285 284 284 284 284 284 284 284 284 284 284 284 284 284 284 284 284 284 284 284 284 284 284 284 284 284 284 284 306 306 306 307 307 307 307 307 307 301 301 301 301 301 301 301 302 302 302 302 302 302 302
