testData/tiles/oneDegreeCosts/grid40.0-23.0-41.0-24.0.asc
ncols   200
nrows   200
xllcorner   40.0
yllcorner   23.0
cellsize   0.005
NODATA_value   -9999.0
[rows 78 to 116 of 200, columns 0 to 87 of 200]
1067 1066 1066 912 912 912 913 913 914 914 915 916 917 918 918 919 920 922 921 922 924 924 924 926 926 927 927 928 929 930 931 931 932 932 934 933 934 935 936 936 936 937 954 963 969 975 981 986 988 993 997 1058 1061 1063 1066 1069 1071 1073 1075 1077 1079 1081 1083 1085 1085 1088 1090 1091 1093 1093 1094 1096 1098 1097 1099 1100 1100 1100 1102 1102 1102 1102 1102 1103 1104 1104 1105 1106
1066 1065 911 911 911 911 911 911 913 913 914 915 915 917 917 918 919 920 920 921 922 923 923 924 925 925 927 927 927 929 930 929 930 932 932 932 934 934 935 934 936 936 951 958 966 973 978 982 986 990 994 997 1057 1062 1065 1067 1069 1072 1075 1077 1078 1079 1081 1084 1085 1086 1088 1089 1091 1092 1093 1095 1095 1095 1097 1098 1099 1099 1100 1101 1101 1101 1103 1102 1103 1102 1103 1103
1064 1063 909 909 909 910 909 910 911 912 912 913 914 915 915 916 918 918 918 920 920 921 923 922 923 925 926 925 927 928 928 928 930 930 931 931 932 933 933 934 934 935 936 954 962 968 974 980 984 987 991 995 998 1001 1062 1065 1067 1069 1073 1075 1076 1078 1081 1083 1084 1085 1087 1087 1089 1090 1091 1092 1093 1094 1095 1096 1098 1097 1098 1098 1100 1100 1101 1101 1101 1102 1100 1101
1062 1062 907 907 908 908 907 908 909 910 911 911 913 914 913 915 916 917 918 918 919 920 921 921 923 923 924 924 925 926 927 927 928 929 929 930 930 931 933 933 933 934 935 950 956 964 971 977 980 985 988 992 995 998 1001 1063 1065 1067 1069 1073 1076 1077 1079 1081 1082 1084 1085 1087 1088 1089 1089 1091 1092 1092 1093 1094 1095 1095 1096 1097 1098 1099 1098 1099 1099 1100 1100 1100
1060 1061 905 905 906 906 905 907 907 909 909 910 911 912 913 913 914 916 918 917 918 920 920 920 922 923 923 924 925 925 927 927 927 928 930 930 930 931 932 933 932 934 935 935 951 960 967 972 977 981 986 990 993 996 999 1003 1064 1065 1067 1070 1073 1075 1077 1078 1080 1081 1083 1085 1086 1088 1088 1090 1091 1091 1092 1092 1094 1094 1094 1095 1096 1096 1096 1097 1098 1099 1098 1099
1058 1059 903 903 904 904 904 905 906 908 909 909 910 911 912 913 913 915 916 916 917 918 919 919 920 921 922 922 923 924 925 926 926 927 928 929 928 930 931 931 931 933 933 934 947 957 963 970 974 980 984 988 990 994 997 1000 1003 1063 1066 1068 1070 1071 1073 1076 1078 1079 1081 1083 1085 1085 1086 1088 1088 1089 1090 1092 1092 1093 1092 1093 1093 1095 1094 1096 1096 1096 1096 1096
1056 1057 901 902 903 903 903 904 905 907 907 907 909 909 911 911 912 913 914 914 916 916 917 918 918 919 921 922 921 922 924 924 924 926 926 927 928 928 929 930 930 931 932 932 933 950 959 965 972 976 981 984 990 992 996 998 1001 1003 1006 1066 1068 1069 1072 1074 1076 1077 1079 1081 1082 1083 1084 1085 1086 1088 1088 1089 1090 1090 1091 1092 1093 1092 1093 1093 1093 1094 1093 1094
1055 1055 900 900 901 901 901 902 903 905 905 905 907 908 909 909 910 912 912 912 914 915 915 917 917 917 919 920 920 921 922 923 922 924 925 926 926 927 928 928 929 929 930 931 931 946 954 961 969 972 978 981 987 989 992 996 999 1001 1003 1007 1067 1069 1071 1072 1074 1075 1077 1078 1080 1082 1081 1083 1086 1086 1086 1087 1088 1089 1089 1090 1090 1092 1091 1091 1091 1092 1092 1092
1053 898 899 898 899 899 900 900 901 903 904 903 905 906 907 907 908 910 911 910 912 913 914 915 915 916 918 918 918 920 920 921 921 922 923 924 925 925 926 927 927 928 929 930 931 930 948 958 964 969 974 979 983 986 989 992 997 999 1001 1003 1008 1067 1069 1071 1073 1075 1076 1076 1078 1079 1079 1082 1083 1084 1084 1085 1085 1088 1087 1087 1089 1089 1089 1089 1090 1091 1090 1090
1051 896 897 896 896 897 898 899 899 900 902 902 903 904 905 906 906 907 909 910 910 911 912 914 913 914 916 917 916 918 919 919 919 921 922 922 923 924 924 925 927 926 927 929 929 929 943 952 960 965 970 975 980 983 987 991 994 996 999 1001 1004 1006 1008 1068 1070 1073 1074 1075 1076 1078 1078 1079 1081 1081 1082 1082 1084 1085 1084 1085 1086 1087 1086 1087 1088 1089 1088 1089
1048 894 894 894 894 895 896 896 898 898 900 900 901 902 903 905 905 905 907 908 908 909 910 911 912 912 913 915 915 915 917 918 917 919 920 921 922 922 923 923 925 925 925 927 928 927 928 947 955 961 966 972 976 980 983 988 991 993 996 999 1002 1004 1006 1008 1068 1071 1071 1072 1074 1076 1076 1078 1079 1079 1079 1080 1081 1083 1082 1083 1084 1084 1083 1085 1086 1086 1087 1086
1046 892 892 892 892 892 894 894 896 896 897 899 899 901 901 902 904 905 906 907 907 909 909 910 911 912 912 914 914 914 916 917 917 918 919 920 922 921 922 923 924 924 925 925 927 926 926 942 950 956 962 968 973 976 980 984 988 991 993 996 1000 1002 1003 1005 1007 1068 1068 1070 1072 1073 1074 1075 1077 1077 1078 1077 1080 1080 1079 1081 1081 1081 1083 1083 1083 1084 1084 1083
1044 889 890 889 890 891 892 893 893 895 896 898 898 899 900 901 902 903 903 905 905 906 907 908 908 910 910 911 912 913 913 915 916 916 917 918 919 920 920 921 923 922 923 924 926 925 926 927 944 953 959 964 970 973 977 981 985 989 990 993 997 1000 1001 1003 1005 1007 1008 1068 1069 1071 1072 1073 1075 1075 1075 1076 1078 1079 1077 1078 1079 1079 1081 1080 1081 1081 1081 1081
1041 887 887 887 887 889 890 892 892 893 895 895 896 897 898 899 899 901 902 902 903 904 906 906 906 908 909 909 911 911 912 913 914 914 916 916 917 917 919 919 920 921 921 922 924 924 924 925 941 947 955 960 967 972 975 978 982 986 988 991 993 996 999 1000 1002 1005 1006 1008 1067 1069 1068 1071 1072 1072 1073 1073 1076 1076 1076 1077 1076 1076 1077 1078 1078 1078 1079 1078
1039 884 886 886 886 887 889 889 890 891 892 893 893 895 896 897 897 898 900 901 900 902 903 905 904 905 907 908 908 909 910 911 912 912 913 915 915 915 917 918 918 918 920 920 921 922 923 923 924 941 949 956 962 968 972 975 979 983 986 988 991 994 995 998 1000 1002 1004 1005 1007 1065 1066 1068 1069 1070 1070 1071 1072 1073 1074 1074 1074 1073 1075 1075 1075 1076 1077 1076
882 883 883 884 883 885 886 887 887 889 890 891 891 892 894 895 894 896 897 899 898 899 901 902 903 903 904 906 907 906 908 909 910 910 911 912 914 913 914 916 917 916 917 919 920 919 921 922 922 937 944 951 958 963 967 972 976 980 983 986 989 991 993 995 997 1000 1000 1003 1003 1005 1005 1065 1066 1067 1069 1068 1069 1070 1071 1071 1072 1073 1073 1071 1073 1073 1074 1073
880 880 881 881 881 882 884 885 885 886 887 889 888 890 891 893 892 893 895 896 898 897 898 900 901 901 902 903 905 904 905 907 908 908 909 910 911 912 912 913 915 915 915 916 918 919 918 920 921 921 936 946 953 959 963 968 973 976 979 983 987 989 991 994 995 996 997 998 1001 1002 1003 1004 1062 1065 1066 1065 1067 1067 1068 1069 1069 1070 1070 1070 1069 1071 1071 1071
877 878 878 879 878 880 881 883 882 883 885 886 886 887 889 890 890 891 892 894 895 895 896 897 899 899 899 901 902 902 903 904 906 906 906 908 909 909 910 911 912 912 913 914 915 917 916 917 918 920 933 939 948 955 959 964 969 973 976 979 983 987 988 991 992 995 995 996 997 1000 1001 1002 1002 1003 1061 1063 1064 1064 1065 1065 1065 1067 1067 1067 1067 1068 1067 1068
874 875 875 876 875 877 878 880 879 881 882 884 884 885 886 887 889 888 890 891 893 893 893 895 896 896 897 898 900 900 900 902 903 903 905 905 906 907 908 908 910 911 911 912 913 914 915 915 916 917 918 932 942 949 955 960 965 969 972 976 979 982 985 987 989 992 993 994 995 996 998 998 999 1000 1001 1059 1061 1061 1062 1062 1062 1063 1065 1064 1065 1065 1066 1064
872 872 873 873 873 874 876 877 878 878 879 881 881 882 883 885 886 886 887 888 890 890 891 892 893 894 894 896 897 897 899 899 900 901 902 903 904 904 906 906 907 908 909 910 910 912 912 913 914 915 915 930 935 944 949 956 960 965 968 973 977 979 981 984 987 988 990 991 993 993 994 994 995 998 998 998 1056 1058 1059 1059 1059 1061 1061 1060 1061 1062 1063 1062
869 869 870 870 870 871 873 874 875 875 877 878 880 879 881 882 883 884 884 886 887 888 888 889 891 891 893 893 894 895 896 896 898 898 900 900 901 903 903 904 905 906 906 908 908 909 909 911 912 912 913 914 929 937 944 950 956 961 964 969 972 977 978 981 982 985 987 987 989 990 991 991 993 994 994 995 996 997 1055 1055 1055 1058 1058 1057 1058 1059 1059 1059
866 866 867 867 867 868 870 871 872 872 874 875 877 876 878 879 881 881 881 883 884 885 885 887 888 888 890 890 892 892 893 894 895 895 897 898 899 900 900 902 902 903 904 905 906 907 907 908 909 910 910 911 913 930 938 945 951 957 959 964 969 972 975 976 980 981 983 984 986 987 988 987 989 990 991 991 992 993 994 1052 1053 1054 1054 1053 1055 1056 1056 1055
862 863 863 864 864 865 867 868 870 869 871 872 874 873 875 876 878 878 879 880 881 882 882 884 885 886 887 887 889 889 891 891 892 893 894 895 896 897 898 899 899 901 901 902 904 904 904 905 907 907 907 909 910 925 932 939 946 951 955 960 964 968 973 974 975 977 979 980 982 983 984 986 985 986 987 987 989 990 990 990 991 1051 1051 1050 1051 1052 1052 1052
859 860 860 861 860 862 863 865 867 866 868 869 871 870 872 873 875 875 875 877 878 879 879 881 882 883 884 884 886 886 888 888 889 891 891 893 893 894 895 896 896 898 898 899 901 901 901 903 904 904 905 906 907 908 924 933 940 947 950 955 959 963 967 968 971 973 975 976 977 979 980 980 981 982 984 983 985 986 986 987 988 989 1047 1046 1048 1049 1049 1048
856 856 857 857 858 859 860 862 863 863 864 866 867 867 868 870 871 872 872 874 875 876 876 878 879 880 881 881 883 883 885 885 886 888 888 889 890 891 892 893 893 895 895 897 897 898 899 900 901 901 902 903 904 905 919 925 934 940 944 949 954 958 962 963 966 969 970 971 974 975 976 976 979 979 979 979 981 982 983 983 983 985 985 985 1044 1045 1045 1044
852 853 853 854 855 855 857 858 860 859 861 862 864 864 865 867 868 868 869 871 872 873 873 874 876 876 877 878 880 880 882 882 883 885 885 886 887 888 889 889 890 892 892 894 894 895 896 897 897 899 899 900 900 902 902 917 926 934 939 944 949 952 956 959 961 963 966 967 968 970 972 973 974 974 975 975 977 978 979 978 979 981 982 981 982 982 1041 1041
848 849 850 850 851 851 853 855 855 856 857 859 861 860 862 863 865 864 866 867 869 869 870 871 873 873 874 875 876 877 878 879 880 882 882 882 884 885 886 886 887 889 889 889 891 892 893 893 894 896 896 896 897 899 899 913 919 927 933 938 943 946 950 953 956 958 960 962 964 965 967 968 969 969 971 972 972 973 975 974 976 976 978 977 978 978 980 1038
844 845 846 846 847 848 849 851 852 852 854 855 856 856 858 860 861 861 862 864 865 865 866 868 869 870 870 872 873 875 874 875 877 878 878 879 881 882 881 883 884 886 885 886 888 889 888 890 891 892 892 893 894 896 895 896 911 919 926 932 936 941 944 948 950 953 955 957 958 961 962 964 965 965 966 967 968 969 970 970 972 972 973 973 973 975 975 976
841 841 842 842 843 844 845 847 848 848 850 852 852 853 854 856 856 857 859 860 862 861 863 864 866 865 867 868 870 870 871 872 873 875 874 876 877 879 878 879 881 882 882 883 884 886 885 886 888 888 889 890 890 892 892 892 893 910 919 924 930 935 938 942 945 947 950 951 954 955 957 958 959 960 961 962 964 965 965 966 968 968 969 969 969 971 971 972
837 837 837 838 839 840 841 842 844 844 846 848 848 849 850 852 853 853 855 856 857 857 859 860 861 861 863 864 866 866 867 868 870 870 871 872 874 874 875 876 877 878 878 880 881 881 882 883 883 885 885 886 887 888 888 889 889 904 910 917 922 928 932 935 939 942 944 945 948 950 952 953 954 955 957 957 959 960 961 961 962 964 964 964 965 966 967 967
832 832 833 834 834 835 837 838 839 840 842 842 844 845 846 847 848 849 851 852 853 853 855 857 857 858 859 861 861 863 863 865 865 867 867 869 869 870 871 872 873 874 875 875 876 878 878 879 880 881 881 882 883 884 884 884 886 886 901 909 915 920 925 928 932 936 939 940 942 945 947 947 949 951 952 953 953 955 957 957 957 958 960 960 960 962 962 963
827 827 828 829 830 830 831 833 835 835 837 838 840 840 842 843 844 845 846 847 849 849 851 851 853 854 855 856 857 859 859 860 861 863 863 864 865 867 867 868 869 870 870 871 873 874 873 875 876 877 877 877 879 880 880 881 881 883 883 899 907 913 919 921 925 929 932 935 937 939 941 942 943 944 946 947 949 950 951 952 953 953 954 956 956 956 958 958
822 822 823 824 825 825 826 828 830 831 831 833 835 836 836 838 840 840 841 843 844 845 845 847 849 849 850 851 853 855 854 856 857 859 858 860 861 863 862 864 865 865 866 867 869 869 870 871 871 873 872 874 875 875 876 876 876 878 878 892 899 906 912 915 919 922 926 928 930 933 935 935 937 940 941 942 943 945 946 946 948 949 950 949 951 951 953 954
817 817 817 818 819 819 821 823 825 824 826 828 830 831 831 833 835 835 836 838 840 840 841 842 844 845 845 847 849 849 850 851 853 853 854 855 857 857 858 859 860 861 862 862 864 865 865 866 867 868 868 869 870 870 871 871 873 873 873 874 889 897 904 907 912 916 919 921 925 926 928 929 932 933 935 936 938 939 940 942 942 943 945 944 946 947 948 948
817 817 817 817 817 816 817 818 819 819 821 822 824 824 826 828 830 829 831 833 834 834 836 838 839 839 841 842 844 843 845 847 847 849 849 851 851 853 853 854 855 857 856 858 859 860 860 862 862 864 863 865 865 866 866 867 868 868 869 869 883 887 895 899 904 909 912 913 917 920 921 924 925 928 929 931 932 934 936 935 937 938 938 940 940 941 942 943
817 817 817 817 817 816 817 818 818 818 819 820 820 820 821 822 823 824 825 827 828 829 831 832 833 834 835 837 838 838 840 841 842 844 844 845 847 848 848 849 851 851 852 853 854 855 855 856 858 858 859 859 861 861 861 862 862 864 863 863 864 878 886 891 896 901 904 907 910 913 915 917 920 921 923 924 926 927 929 930 931 932 934 934 935 936 935 937
817 817 817 817 817 816 817 817 818 818 819 819 820 820 821 821 822 822 823 823 824 824 825 825 827 828 830 831 832 833 834 835 837 838 838 840 842 842 843 844 845 846 847 848 849 850 850 852 852 854 853 855 855 856 856 856 858 858 858 858 859 860 875 883 888 891 897 899 903 906 909 910 913 915 916 918 920 922 923 924 925 926 928 928 928 929 930 930
817 817 817 817 816 816 816 817 818 818 818 819 820 820 820 821 822 822 822 823 824 824 824 825 826 825 826 827 828 827 828 830 830 832 833 834 835 837 837 838 840 840 841 842 843 844 844 845 847 848 848 849 850 851 850 851 852 852 852 853 854 853 867 871 878 884 888 891 895 898 900 903 906 907 911 911 913 915 916 917 919 921 921 920 923 923 925 924
816 816 817 817 816 816 816 817 818 818 818 819 820 819 820 821 822 821 822 823 824 823 824 825 825 825 826 827 827 827 828 828 829 829 829 830 831 831 831 832 833 834 835 836 837 838 838 839 841 841 842 842 844 844 845 845 846 846 847 846 847 847 847 861 868 875 880 882 887 890 894 895 898 901 903 903 907 908 910 911 913 912 914 915 915 917 917 918
