testData/tiles/oneDegreeCosts/grid23.0-32.0-24.0-33.0.asc
ncols   200
nrows   200
xllcorner   23.0
yllcorner   32.0
cellsize   0.005
NODATA_value   -9999.0
[rows 42 to 83 of 200, columns 94 to 187 of 200]
525 636 573 573 573 573 573 573 573 573 573 573 573 573 573 573 573 573 573 573 573 573 573 573 573 573 573 573 573 573 573 573 573 573 573 573 573 573 573 573 573 573 573 573 573 573 573 573 573 573 573 573 573 573 573 573 573 573 573 573 573 573 573 573 573 573 573 573 573 573 573 573 573 573 573 573 573 573 573 573 573 573 573 573 573 573 573 573 573 573 573 573 573 573
525 525 512 573 573 573 573 573 573 573 573 573 573 573 573 573 573 573 573 573 573 573 573 573 573 573 573 573 573 573 573 573 573 573 573 573 573 573 573 573 573 573 573 573 573 573 573 573 573 573 573 573 573 573 573 573 573 573 573 573 573 573 573 573 573 573 573 573 573 573 573 573 573 573 573 573 573 573 573 573 573 573 573 573 573 573 573 573 573 573 573 573 573 573
525 525 512 512 512 512 573 573 573 573 573 573 573 573 573 573 573 573 573 573 573 573 573 573 573 573 573 573 573 573 573 573 573 573 573 573 573 573 573 573 573 573 573 573 573 573 573 573 573 573 573 573 573 573 573 573 573 573 573 573 573 573 573 573 573 573 573 573 573 573 573 573 573 573 573 573 573 573 573 573 573 573 573 573 573 573 573 573 573 573 573 573 573 573
525 525 512 512 512 512 512 512 573 573 573 573 573 573 573 573 573 573 573 573 573 573 573 573 573 573 573 573 573 573 573 573 573 573 573 573 573 573 573 573 573 573 573 573 573 573 573 573 573 573 573 573 573 573 573 573 573 573 573 573 573 573 573 573 573 573 573 573 573 573 573 573 573 573 573 573 573 573 573 573 573 573 573 573 573 573 573 573 573 573 573 573 573 573
525 525 512 512 512 512 512 512 512 512 573 573 573 573 573 573 573 573 573 573 573 573 573 573 573 573 573 573 573 573 573 573 573 573 573 573 573 573 573 573 573 573 573 573 573 573 573 573 573 573 573 573 573 573 573 573 573 573 573 573 573 573 573 573 573 573 573 573 573 573 573 573 573 573 573 573 573 573 573 573 573 573 573 573 573 573 573 573 573 573 573 573 573 573
525 525 512 512 512 512 512 512 512 512 512 512 573 573 573 573 573 573 573 573 573 573 573 573 573 573 573 573 573 573 573 573 573 573 573 573 573 573 573 573 573 573 573 573 573 573 573 573 573 573 573 573 573 573 573 573 573 573 573 573 573 573 573 573 573 573 573 573 573 573 573 573 573 573 573 573 573 573 573 573 573 573 573 573 573 573 573 573 573 573 573 573 573 573
525 525 512 512 512 512 512 512 512 512 512 512 512 512 512 573 573 573 573 573 573 573 573 573 573 573 573 573 573 573 573 573 573 573 573 573 573 573 573 573 573 573 573 573 573 573 573 573 573 573 573 573 573 573 573 573 573 573 573 573 573 573 573 573 573 573 573 573 573 573 573 573 573 573 573 573 573 573 573 573 573 573 573 573 573 573 573 573 573 573 573 573 573 573
525 525 512 512 512 512 512 512 512 512 512 512 512 512 512 512 512 573 573 573 573 573 573 573 573 573 573 573 573 573 573 573 573 573 573 573 573 573 573 573 573 573 573 573 573 573 573 573 573 573 573 573 573 573 573 573 573 573 573 573 573 573 573 573 573 573 573 573 573 573 573 573 573 573 573 573 573 573 573 573 573 573 573 573 573 573 573 573 573 573 573 573 573 573
525 525 512 512 512 512 512 512 512 512 512 512 512 512 512 512 512 512 512 512 573 573 573 573 573 573 573 573 573 573 573 573 573 573 573 573 573 573 573 573 573 573 573 573 573 573 573 573 573 573 573 573 573 573 573 573 573 573 573 573 573 573 573 573 573 573 573 573 573 573 573 573 573 573 573 573 573 573 573 573 573 573 573 573 573 573 573 573 573 573 573 573 573 573
525 525 512 512 512 512 512 512 512 512 512 512 512 512 512 512 512 512 512 512 512 512 573 573 573 573 573 573 573 573 573 573 573 573 573 573 573 573 573 573 573 573 573 573 573 573 573 573 573 573 573 573 573 573 573 573 573 573 573 573 573 573 573 573 573 573 573 573 573 573 573 573 573 573 573 573 573 573 573 573 573 573 573 573 573 573 573 573 573 573 573 573 573 573
525 525 512 512 512 512 512 512 512 512 512 512 512 512 512 512 512 512 512 512 512 512 512 512 512 573 573 573 573 573 573 573 573 573 573 573 573 573 573 573 573 573 573 573 573 573 573 573 573 573 573 573 573 573 573 573 573 573 573 573 573 573 573 573 573 573 573 573 573 573 573 573 573 573 573 573 573 573 573 573 573 573 573 573 573 573 573 573 573 573 573 573 573 573
600 525 525 512 512 512 512 512 512 512 512 512 512 512 512 512 512 512 512 512 512 512 512 512 512 512 512 512 573 573 573 573 573 573 573 573 573 573 573 573 573 573 573 573 573 573 573 573 573 573 573 573 573 573 573 573 573 573 573 573 573 573 573 573 573 573 573 573 573 573 573 573 573 573 573 573 573 573 573 573 573 573 573 573 573 573 573 573 573 573 573 573 573 573
600 600 525 512 512 512 512 512 512 512 512 512 512 512 512 512 512 512 512 512 512 512 512 512 512 512 512 512 512 512 512 573 573 573 573 573 573 573 573 573 573 573 573 573 573 573 573 573 573 573 573 573 573 573 573 573 573 573 573 573 573 573 573 573 573 573 573 573 573 573 573 573 573 573 573 573 573 573 573 573 573 573 573 573 573 573 573 573 573 573 573 573 573 573
600 600 600 537 512 512 512 512 512 512 512 512 512 512 512 512 512 512 512 512 512 512 512 512 512 512 512 512 512 512 512 512 512 512 573 573 573 573 573 573 573 573 573 573 573 573 573 573 573 573 573 573 573 573 573 573 573 573 573 573 573 573 573 573 573 573 573 573 573 573 573 573 573 573 573 573 573 573 573 573 573 573 573 573 573 573 573 573 573 573 573 573 573 573
600 600 600 537 537 512 512 512 512 512 512 512 512 512 512 512 512 512 512 512 512 512 512 512 512 512 512 512 512 512 512 512 512 512 512 512 512 573 573 573 573 573 573 573 573 573 573 573 573 573 573 573 573 573 573 573 573 573 573 573 573 573 573 573 573 573 573 573 573 573 573 573 573 573 573 573 573 573 573 573 573 573 573 573 573 573 573 573 573 573 573 573 573 573
600 600 600 537 537 537 512 512 512 512 512 512 512 512 512 512 512 512 512 512 512 512 512 512 512 512 512 512 512 512 512 512 512 512 512 512 512 512 512 512 512 573 573 573 573 573 573 573 573 573 573 573 573 573 573 573 573 573 573 573 573 573 573 573 573 573 573 573 573 573 573 573 573 573 573 573 573 573 573 573 573 573 573 573 573 573 573 573 573 573 573 573 573 573
689 600 600 537 537 537 537 512 512 512 512 512 512 512 512 512 512 512 512 512 512 512 512 512 512 512 512 512 512 512 512 512 512 512 512 512 512 512 512 512 512 512 512 512 573 573 573 573 573 573 573 573 573 573 573 573 573 573 573 573 573 573 573 573 573 573 573 573 573 573 573 573 573 573 573 573 573 573 573 573 573 573 573 573 573 573 573 573 573 573 573 573 573 573
689 689 689 626 626 537 537 537 512 512 512 512 512 512 512 512 512 512 512 512 512 512 512 512 512 512 512 512 512 512 512 512 512 512 512 512 512 512 512 512 512 512 512 512 512 512 512 512 573 573 573 573 573 573 573 573 573 573 573 573 573 573 573 573 573 573 573 573 573 573 573 573 573 573 573 573 573 573 573 573 573 573 573 573 573 573 573 573 573 573 573 573 573 573
689 689 689 626 626 626 626 626 537 512 512 512 512 512 512 512 512 512 512 512 512 512 512 512 512 512 512 512 512 512 512 512 512 512 512 512 512 512 512 512 512 512 512 512 512 512 512 512 512 512 512 512 573 573 573 573 573 573 573 573 573 573 573 573 573 573 573 573 573 573 573 573 573 573 573 573 573 573 573 573 573 573 573 573 573 573 573 573 573 573 573 573 573 573
689 689 689 626 626 626 626 626 626 626 551 512 512 512 512 512 512 512 512 512 512 512 512 512 512 512 512 512 512 512 512 512 512 512 512 512 512 512 512 512 512 512 512 512 512 512 512 512 512 512 512 512 512 512 512 512 512 573 573 573 573 573 573 573 573 573 573 573 573 573 573 573 573 573 573 573 573 573 573 573 573 573 573 573 573 573 573 573 573 573 573 573 573 573
689 689 689 626 626 626 626 626 626 626 626 551 551 551 512 512 512 512 512 512 512 512 512 512 512 512 512 512 512 512 512 512 512 512 512 512 512 512 512 512 512 512 512 512 512 512 512 512 512 512 512 512 512 512 512 512 512 512 512 512 512 512 573 573 573 573 573 573 573 573 573 573 573 573 573 573 573 573 573 573 573 573 573 573 573 573 573 573 573 573 573 573 573 573
689 689 689 626 626 626 626 626 626 626 626 626 551 551 551 551 551 551 512 512 512 512 512 512 512 512 512 512 512 512 512 512 512 512 512 512 512 512 512 512 512 512 512 512 512 512 512 512 512 512 512 512 512 512 512 512 512 512 512 512 512 512 512 512 512 512 512 573 573 573 573 573 573 573 573 573 573 573 573 573 573 573 573 573 573 573 573 573 573 573 573 573 573 573
690 690 690 626 626 626 626 626 626 626 626 626 626 551 551 551 551 551 551 551 551 512 512 512 512 512 512 512 512 512 512 512 512 512 512 512 512 512 512 512 512 512 512 512 512 512 512 512 512 512 512 512 512 512 512 512 512 512 512 512 512 512 512 512 512 512 512 512 512 512 512 512 512 512 573 573 573 573 573 573 573 573 573 573 573 573 573 573 573 573 573 573 573 573
691 691 691 627 627 627 626 626 626 626 626 626 626 626 551 551 551 551 551 551 551 551 551 551 512 512 512 512 512 512 512 512 512 512 512 512 512 512 512 512 512 512 512 512 512 512 512 512 512 512 512 512 512 512 512 512 512 512 512 512 512 512 512 512 512 512 512 512 512 512 512 512 512 512 512 512 512 512 512 512 512 512 512 573 573 573 573 573 573 573 573 573 573 573
692 692 692 628 628 628 627 627 627 626 626 626 626 626 626 551 551 551 551 551 551 551 551 551 551 551 512 512 512 512 512 512 512 512 512 512 512 512 512 512 512 512 512 512 512 512 512 512 512 512 512 512 512 512 512 512 512 512 512 512 512 512 512 512 512 512 512 512 512 512 512 512 512 512 512 512 512 512 512 512 512 512 512 512 512 512 512 512 512 512 512 512 512 512
693 693 693 629 629 629 628 628 628 627 627 626 626 626 626 626 551 551 551 551 551 551 551 551 551 551 551 551 551 512 512 512 512 512 512 512 512 512 512 512 512 512 512 512 512 512 512 512 512 512 512 512 512 512 512 512 512 512 512 512 512 512 512 512 512 512 512 512 512 512 512 512 512 512 512 512 512 512 512 512 512 512 512 512 512 512 512 512 512 512 512 512 512 512
694 694 694 630 630 630 629 629 629 628 628 627 627 627 626 626 626 551 551 551 551 551 551 551 551 551 551 551 551 551 551 551 512 512 512 512 512 512 512 512 512 512 512 512 512 512 512 512 512 512 512 512 512 512 512 512 512 512 512 512 512 512 512 512 512 512 512 512 512 512 512 512 512 512 512 512 512 512 512 512 512 512 512 512 512 512 512 512 512 512 512 512 512 512
695 695 695 631 631 631 630 630 630 629 629 629 628 628 627 627 627 551 551 551 551 551 551 551 551 551 551 551 551 551 551 551 551 551 551 512 512 512 512 512 512 512 512 512 512 512 512 512 512 512 512 512 512 512 512 512 512 512 512 512 512 512 512 512 512 512 512 512 512 512 512 512 512 512 512 512 512 512 512 512 512 512 512 512 512 512 512 512 512 512 512 512 512 512
696 696 696 632 632 632 631 631 631 630 630 630 629 629 628 628 628 627 552 551 551 551 551 551 551 551 551 551 551 551 551 551 551 551 551 551 551 512 512 512 512 512 512 512 512 512 512 512 512 512 512 512 512 512 512 512 512 512 512 512 512 512 512 512 512 512 512 512 512 512 512 512 512 512 512 512 512 512 512 512 512 512 512 512 512 512 512 512 512 512 512 512 512 512
701 700 698 696 633 633 632 632 632 631 631 631 630 630 629 629 629 628 628 552 552 551 551 551 551 551 551 551 551 551 551 551 552 552 552 552 552 552 552 552 512 512 512 512 512 512 512 512 512 512 512 512 512 512 512 512 512 512 512 512 512 512 512 512 512 512 512 512 512 512 512 512 512 512 512 512 512 512 512 512 512 512 512 512 512 512 512 512 512 512 512 512 512 512
706 704 703 701 637 636 633 633 633 632 632 632 631 631 630 630 630 629 629 628 553 552 552 552 551 551 552 552 552 552 552 552 552 552 552 552 552 552 552 552 552 552 552 512 512 512 512 512 512 512 512 512 512 512 512 512 512 512 512 512 512 512 512 512 512 512 512 512 512 512 512 512 512 512 512 512 512 512 512 512 512 512 512 512 512 512 512 512 512 512 512 512 512 512
710 708 707 706 641 640 638 637 636 634 633 633 632 632 631 631 631 630 630 629 629 554 554 554 553 553 552 552 552 552 552 552 552 552 552 552 552 552 552 552 552 552 552 552 552 512 512 512 512 512 512 512 512 512 512 512 512 512 512 512 512 512 512 512 512 512 512 512 512 512 512 512 512 512 512 512 512 512 512 512 512 512 512 512 512 512 512 512 512 512 512 512 512 512
714 712 711 710 645 644 643 641 640 638 637 636 633 633 632 632 633 632 632 631 631 630 555 554 554 554 553 553 552 552 552 552 552 552 552 552 552 552 552 552 553 553 553 553 553 553 553 553 512 512 512 512 512 512 512 512 512 512 512 512 512 512 512 512 512 512 512 512 512 512 512 512 512 512 512 512 512 512 512 512 512 512 512 512 512 512 512 512 512 512 512 512 512 512
718 716 715 714 649 648 647 645 644 642 641 641 639 638 636 634 634 633 633 632 632 631 631 555 555 555 554 554 553 553 552 552 552 553 553 553 553 553 553 553 553 553 553 553 553 553 553 553 553 553 512 512 512 512 512 512 512 512 512 512 512 512 512 512 512 512 512 512 512 512 512 512 512 512 512 512 512 512 512 512 512 512 512 512 512 512 512 512 512 512 512 512 512 512
722 720 719 718 653 652 651 650 649 647 646 645 643 642 640 639 638 635 634 633 633 632 632 631 556 556 555 556 555 555 554 554 553 553 553 553 553 553 553 553 553 553 553 553 553 553 553 553 553 553 553 553 512 512 512 512 512 512 512 512 512 512 512 512 512 512 512 512 512 512 512 512 512 512 512 512 512 512 512 512 512 512 512 512 512 512 512 512 512 512 512 512 512 512
726 724 723 723 658 657 656 654 653 651 650 649 647 646 644 643 642 640 638 636 635 633 634 633 633 558 557 557 556 556 555 555 554 554 553 553 553 553 553 553 553 553 553 553 553 553 553 553 553 554 554 554 554 554 554 512 512 512 512 512 512 512 512 512 512 512 512 512 512 512 512 512 512 512 512 512 512 512 512 512 512 512 512 512 512 512 512 512 512 512 512 512 512 512
730 729 728 727 662 661 660 658 657 655 654 653 651 650 648 647 646 645 644 642 640 638 637 635 634 634 558 558 557 557 556 556 555 555 554 553 553 553 553 553 553 554 554 554 554 554 554 554 554 554 554 554 554 554 554 554 554 512 512 512 512 512 512 512 512 512 512 512 512 512 512 512 512 512 512 512 512 512 512 512 512 512 512 512 512 512 512 512 512 512 512 512 512 512
734 732 731 730 666 665 664 662 661 659 658 657 656 655 653 652 651 649 648 646 645 642 641 639 638 636 559 559 558 558 557 557 556 555 556 555 555 554 554 554 554 554 554 554 554 554 554 554 554 554 554 554 554 554 554 554 554 554 554 512 512 512 512 512 512 512 512 512 512 512 512 512 512 512 512 512 512 512 512 512 512 512 512 512 512 512 512 512 512 512 512 512 512 512
738 736 735 734 669 668 667 665 666 665 663 662 660 659 657 656 655 653 652 650 649 646 645 643 642 640 639 561 561 559 559 558 558 557 557 556 556 555 555 554 554 554 554 554 554 554 554 554 554 554 554 554 554 554 554 554 554 554 554 554 554 554 512 512 512 512 512 512 512 512 512 512 512 512 512 512 512 512 512 512 512 512 512 512 512 512 512 512 512 512 512 512 512 512
741 740 738 738 674 673 672 670 669 668 666 665 664 663 661 660 659 657 656 654 652 650 649 648 647 645 644 642 565 563 562 560 559 558 558 557 557 556 556 555 555 554 554 554 554 554 554 554 554 554 554 555 555 555 555 555 555 555 555 555 555 555 555 555 512 512 512 512 512 512 512 512 512 512 512 512 512 512 512 512 512 512 512 512 512 512 512 512 512 512 512 512 512 512
745 745 743 742 677 676 675 674 673 672 670 669 667 666 664 663 662 660 660 658 657 655 654 652 651 649 648 646 644 567 566 564 563 560 559 558 558 557 557 556 556 555 555 555 555 555 555 555 555 555 555 555 555 555 555 555 555 555 555 555 555 555 555 555 555 555 512 512 512 512 512 512 512 512 512 512 512 512 512 512 512 512 512 512 512 512 512 512 512 512 512 512 512 512
749 748 746 745 681 680 679 677 676 675 673 673 671 671 669 668 667 665 664 662 661 659 658 656 655 653 652 650 648 646 570 568 567 564 563 562 561 559 559 558 557 557 556 556 555 555 555 555 555 555 555 555 555 555 555 555 555 555 555 555 555 555 555 555 555 555 555 555 512 512 512 512 512 512 512 512 512 512 512 512 512 512 512 512 512 512 512 512 512 512 512 512 512 512
