testData/tiles/oneDegreeCosts/grid27.0-40.0-28.0-41.0.asc
ncols   200
nrows   200
xllcorner   27.0
yllcorner   40.0
cellsize   0.005
NODATA_value   -9999.0
[rows 84 to 125 of 200, columns 0 to 93 of 200]
573 572 572 573 573 573 573 574 574 574 575 575 576 576 577 577 579 579 578 579 580 617 617 617 618 618 618 619 620 620 621 621 621 622 622 623 623 624 624 625 625 625 626 627 627 627 628 628 628 629 629 630 630 630 630 631 632 632 632 632 633 633 633 634 635 636 739 739 740 741 742 742 743 743 744 744 745 745 746 747 749 750 750 751 752 755 755 756 756 758 704 704 704 705
572 572 572 573 572 572 573 574 574 574 574 575 575 576 577 577 578 578 578 580 580 581 616 617 618 617 617 618 620 620 620 620 621 622 621 622 624 624 623 624 624 625 625 626 626 627 627 627 627 629 629 629 629 630 630 630 632 632 632 632 633 633 633 634 636 739 739 739 741 741 742 742 743 744 744 744 745 746 747 747 748 749 749 751 753 754 754 755 755 758 758 704 704 704
572 572 572 572 572 572 573 573 573 573 575 575 574 576 577 577 578 577 578 579 580 581 581 616 617 617 617 619 619 619 620 620 620 621 621 623 623 623 623 624 624 624 625 626 626 626 627 627 627 629 629 629 629 630 630 629 631 631 632 632 633 633 634 635 636 739 739 740 741 741 742 742 744 744 744 744 745 747 747 747 748 748 749 750 752 753 753 755 755 757 757 759 704 704
571 572 572 571 571 572 573 573 573 573 573 574 574 577 576 576 577 577 578 578 579 580 581 581 581 616 617 619 619 619 620 620 620 620 622 622 623 623 623 624 624 625 625 626 626 626 626 626 627 629 628 628 629 629 629 629 631 632 632 632 633 634 634 635 636 739 740 740 741 741 742 743 744 744 744 744 746 747 747 747 748 749 749 749 751 752 753 754 754 756 756 759 759 704
571 571 571 571 572 572 572 572 572 573 573 573 573 576 576 576 576 577 577 578 579 580 580 580 581 582 616 618 618 619 620 619 619 620 622 621 622 622 623 623 623 624 625 625 625 625 626 626 627 628 628 628 628 629 629 630 632 632 632 632 634 634 635 635 636 740 740 740 741 741 743 743 744 744 744 745 746 747 747 747 749 749 749 749 751 752 753 753 754 755 757 758 759 704
571 571 570 570 571 571 572 572 572 572 572 573 574 575 575 575 577 577 576 577 579 580 580 580 581 581 581 618 618 618 619 619 619 620 621 621 622 622 622 623 623 624 624 625 625 625 626 626 627 627 628 628 628 629 629 631 631 632 632 633 634 634 635 635 637 740 740 740 741 743 743 743 744 744 745 745 747 747 747 748 749 749 749 749 752 752 752 752 753 755 756 757 758 759
570 570 570 571 571 571 571 572 572 572 572 573 573 575 575 576 576 576 576 578 579 579 579 580 581 580 580 582 618 618 618 618 619 620 620 620 622 622 621 621 623 624 623 624 624 625 625 625 626 628 628 628 628 629 630 631 631 632 633 633 634 634 635 636 637 740 740 740 742 743 743 743 745 745 745 745 747 748 748 748 749 749 750 751 752 752 752 752 753 754 756 756 757 758
570 570 570 570 570 571 572 571 571 571 572 573 574 574 575 575 576 576 576 578 578 579 579 579 580 580 580 582 582 617 618 619 618 619 620 621 621 621 621 621 622 623 623 624 624 624 625 625 627 627 628 628 628 630 630 631 631 633 633 633 634 634 636 636 637 740 740 741 742 743 743 744 745 745 745 745 748 748 748 748 749 750 750 751 751 752 753 753 753 754 755 756 757 757
569 569 570 570 569 570 571 571 571 571 571 572 573 574 575 574 575 575 576 578 577 577 579 579 579 579 581 582 582 582 618 618 618 619 620 620 621 620 620 621 623 623 623 624 624 624 625 627 627 627 628 628 629 630 630 631 632 633 633 633 634 635 636 636 637 740 741 741 742 743 744 744 745 745 745 746 748 748 748 748 750 750 750 751 751 753 753 753 753 754 756 756 756 756
569 569 569 569 569 571 570 570 570 571 571 572 572 574 574 574 575 575 575 577 577 578 578 578 579 580 580 581 581 582 583 617 617 619 620 619 620 620 621 620 622 622 623 624 624 624 625 627 627 627 628 629 629 630 631 632 632 633 633 633 635 636 636 636 740 741 741 741 743 744 744 744 745 745 746 746 748 748 748 749 750 750 750 751 752 753 753 753 753 755 756 756 756 756
569 569 569 568 569 570 570 570 570 570 570 571 573 574 573 573 575 575 575 576 577 577 578 577 579 579 580 581 581 581 582 582 616 619 619 619 619 620 620 620 622 623 623 624 624 624 626 627 627 627 629 629 629 630 632 632 632 633 633 634 635 636 636 636 741 741 741 741 744 744 744 744 745 746 746 747 748 748 749 749 750 750 751 752 752 753 753 753 754 755 756 756 756 757
440 440 440 440 440 440 569 570 570 570 570 571 572 573 573 574 574 574 574 576 577 576 577 577 578 578 579 580 581 581 581 581 582 584 618 618 619 620 620 620 623 623 623 624 624 625 626 627 627 628 629 629 629 630 632 632 632 633 634 634 634 636 636 637 741 741 741 742 744 744 744 744 746 746 746 747 748 749 749 749 750 750 752 752 752 753 753 754 754 756 756 756 757 757
440 440 440 440 440 440 440 440 440 440 440 571 572 571 572 573 574 574 574 576 576 576 576 577 577 578 579 579 580 580 580 581 581 582 583 619 619 620 620 620 623 623 623 624 625 625 626 627 628 628 629 629 629 631 632 632 632 634 634 634 634 636 637 637 741 741 742 742 744 744 744 745 746 746 746 747 749 749 749 749 750 751 752 752 752 754 754 754 754 756 757 757 757 757
440 440 440 440 440 440 440 440 440 440 440 440 440 440 440 440 440 573 575 575 575 575 577 577 576 578 579 579 580 579 580 581 582 582 584 584 619 620 620 621 623 623 623 625 625 625 625 628 628 628 629 629 630 631 632 632 633 634 634 634 634 637 637 637 741 742 742 742 744 744 745 745 746 746 747 748 749 749 749 750 750 751 752 752 753 754 754 754 754 757 757 757 757 757
440 440 440 440 440 440 440 440 440 440 440 440 440 440 440 440 440 440 440 440 440 440 440 440 576 579 578 578 579 579 580 581 582 582 584 584 584 620 621 622 623 623 624 625 625 625 627 628 628 628 629 630 630 631 632 633 633 634 634 634 636 637 637 637 741 742 742 742 744 745 745 745 746 747 747 748 749 749 750 750 750 751 752 753 753 754 754 754 755 756 757 757 757 758
440 440 440 440 440 440 440 440 440 440 440 440 440 440 440 440 440 440 440 440 440 440 440 440 440 440 440 440 440 440 440 440 582 583 584 584 584 586 586 622 623 624 624 625 625 625 627 628 628 628 630 630 630 631 633 633 633 634 634 635 636 637 637 638 741 742 742 743 744 745 745 745 746 747 748 748 748 750 750 750 750 752 753 753 753 754 754 755 756 756 757 757 758 758
440 440 440 440 440 440 440 440 440 440 440 440 440 440 440 440 440 440 440 440 440 440 440 440 440 440 440 440 440 440 440 440 440 440 440 440 440 440 440 440 624 624 624 625 625 626 627 628 628 629 630 630 630 632 633 633 633 634 635 635 636 637 638 638 741 742 742 744 744 745 745 746 746 747 748 748 749 750 750 750 750 753 753 753 753 754 755 755 756 756 757 758 758 758
440 440 440 440 440 440 440 440 440 440 440 440 440 440 440 440 440 440 440 440 440 440 440 440 440 440 440 440 440 440 440 440 440 440 440 440 440 440 440 440 440 440 440 440 440 440 440 440 440 440 630 630 631 632 633 633 633 635 635 635 636 638 638 638 741 742 743 744 744 745 746 746 746 747 748 749 749 750 750 750 751 753 753 753 753 755 755 755 756 756 758 758 758 758
440 440 440 440 440 440 440 440 440 440 440 440 440 440 440 440 440 440 440 440 440 440 440 440 440 440 440 440 440 440 440 440 440 440 440 440 440 440 440 440 440 440 440 440 440 440 440 440 440 440 440 440 440 440 440 440 440 440 440 440 440 440 440 638 741 743 743 744 744 746 746 746 746 747 749 749 749 750 750 751 751 753 753 754 754 754 755 755 757 757 758 758 758 759
440 440 440 440 440 440 440 440 440 440 440 440 440 440 440 440 440 440 440 440 440 440 440 440 440 440 440 440 440 440 440 440 440 440 440 440 440 440 440 440 440 440 440 440 440 440 440 440 440 440 440 440 440 440 440 440 440 440 440 440 440 440 440 440 540 541 541 542 543 544 544 544 544 546 547 547 547 548 549 549 549 551 552 552 552 552 553 554 555 555 556 556 557 557
440 440 440 440 440 440 440 440 440 440 440 440 440 440 440 440 440 440 440 440 440 440 440 440 440 440 440 440 440 440 440 440 440 440 440 440 440 440 440 440 440 440 440 440 440 440 440 440 440 440 440 440 440 440 440 440 440 440 440 440 440 440 440 540 540 541 542 543 543 544 544 544 545 547 547 547 547 549 549 549 550 552 552 552 552 552 554 554 555 555 556 557 557 557
440 440 440 440 440 440 440 440 440 440 440 440 440 440 440 440 440 440 440 440 440 440 440 440 440 440 440 440 440 440 440 440 440 440 440 440 440 440 440 440 440 440 440 440 440 440 440 440 440 440 440 440 440 440 440 440 440 440 440 440 440 440 440 540 540 541 543 543 543 544 544 545 545 547 547 547 548 549 549 549 551 551 552 552 552 553 554 555 555 555 557 557 557 557
440 440 440 440 440 440 440 440 440 440 440 440 440 440 440 440 440 440 440 440 440 440 440 440 440 440 440 440 440 440 440 440 440 440 440 440 440 440 440 440 440 440 440 440 440 440 440 440 440 440 440 440 440 440 440 440 440 440 440 440 440 440 440 540 540 542 543 543 543 544 545 545 545 547 547 548 548 549 549 550 551 551 552 552 553 553 554 555 555 556 556 557 557 557
440 440 440 440 440 440 440 440 440 440 440 440 440 440 440 440 440 440 440 440 440 440 440 440 440 440 440 440 440 440 440 440 440 440 440 440 440 440 440 440 440 440 440 440 440 440 440 440 440 440 440 440 440 440 440 440 440 440 440 440 440 440 440 540 540 541 543 543 543 544 545 545 545 546 548 548 548 548 550 550 551 551 552 553 553 553 554 555 556 556 556 557 558 558
440 440 440 440 440 440 440 440 440 440 440 440 440 440 440 440 440 440 440 440 440 440 440 440 440 440 440 440 440 440 440 440 440 440 440 440 440 440 440 440 440 440 440 440 440 440 440 440 440 440 440 440 440 440 440 440 440 440 440 440 440 440 440 540 541 541 543 543 544 544 545 545 545 547 548 548 548 549 550 550 551 551 553 553 553 553 554 556 556 556 556 558 558 558
440 440 440 440 440 440 440 440 440 440 440 440 440 440 440 440 440 440 440 440 440 440 440 440 440 440 440 440 440 440 440 440 440 440 440 440 440 440 440 440 440 440 440 440 440 440 440 440 440 440 440 440 440 440 440 440 440 440 440 440 440 440 440 541 541 541 543 544 544 544 545 545 546 547 548 548 549 549 550 550 551 552 553 553 553 554 554 556 556 556 557 558 558 558
440 440 440 440 440 440 440 440 440 440 440 440 440 440 440 440 440 440 440 440 440 440 440 440 440 440 440 440 440 440 440 440 440 440 440 440 440 440 440 440 440 440 440 440 440 440 440 440 440 440 440 440 440 440 440 440 440 440 440 440 440 440 440 541 541 542 544 544 544 544 545 546 547 547 548 549 549 549 550 551 552 552 553 553 554 554 555 556 556 557 557 558 558 558
440 440 440 440 440 440 440 440 440 440 440 440 440 440 440 440 440 440 440 440 440 440 440 440 440 440 440 440 440 440 440 440 440 440 440 440 440 440 440 440 440 440 440 440 440 440 440 440 440 440 440 440 440 440 440 440 440 440 440 440 440 440 440 541 541 543 544 544 544 544 546 546 547 547 549 549 549 549 550 552 552 552 552 554 554 554 555 556 557 557 557 558 558 560
440 440 440 440 440 440 440 440 440 440 440 440 440 440 440 440 440 440 440 440 440 440 440 440 440 440 440 440 440 440 440 440 440 440 440 440 440 440 440 440 440 440 440 440 440 440 440 440 440 440 440 440 440 440 440 440 440 440 440 440 440 440 440 541 542 543 544 544 544 545 546 546 547 548 549 549 549 549 551 552 552 552 553 554 554 554 555 557 557 557 557 557 559 560
440 440 440 440 440 440 440 440 440 440 440 440 440 440 440 440 440 440 440 440 440 440 440 440 440 440 440 440 440 440 440 440 440 440 440 440 440 440 440 440 440 440 440 440 440 440 440 440 440 440 440 440 440 440 440 440 440 440 440 440 440 440 440 541 542 543 543 544 545 545 545 546 548 548 548 549 549 550 550 552 552 553 553 554 554 554 556 557 557 557 557 558 559 560
440 440 440 440 440 440 440 440 440 440 440 440 440 440 440 440 440 440 440 440 440 440 440 440 440 440 440 440 440 440 440 440 440 440 440 440 440 440 440 440 440 440 440 440 440 440 440 440 440 440 440 440 440 440 440 440 440 440 440 440 440 440 440 542 542 543 543 545 545 545 545 547 548 548 548 549 550 550 550 552 553 553 553 554 554 555 556 556 557 557 558 558 559 560
440 440 440 440 440 440 440 440 440 440 440 440 440 440 440 440 440 440 440 440 440 440 440 440 440 440 440 440 440 440 440 440 440 440 440 440 440 440 440 440 440 440 440 440 440 440 440 440 440 440 440 440 440 440 440 440 440 440 440 440 440 440 440 542 542 543 544 545 545 545 546 547 548 548 548 550 550 550 550 553 553 553 553 554 555 555 556 556 557 558 558 558 559 561
440 440 440 440 440 440 440 440 440 440 440 440 440 440 440 440 440 440 440 440 440 440 440 440 440 440 440 440 440 440 440 440 440 440 440 440 440 440 440 440 440 440 440 440 440 440 440 440 440 440 440 440 440 440 440 440 440 440 440 440 440 440 440 542 542 544 544 545 545 545 546 547 548 548 549 550 550 550 551 553 553 553 553 554 555 555 556 556 558 558 558 558 559 561
440 440 440 440 440 440 440 440 440 440 440 440 440 440 440 440 440 440 440 440 440 440 440 440 440 440 440 440 440 440 440 440 440 440 440 440 440 440 440 440 440 440 440 440 440 440 440 440 440 440 440 440 440 440 440 440 440 440 440 440 440 440 440 506 509 544 544 545 545 546 546 548 548 549 549 550 550 551 552 552 553 553 554 554 555 556 557 557 558 558 558 559 560 561
440 440 440 440 440 440 440 440 440 440 440 440 440 440 440 440 440 440 440 440 440 440 440 440 440 440 440 440 440 440 440 440 440 440 440 440 440 440 440 440 440 440 440 440 440 440 440 440 440 440 440 440 440 440 440 440 440 440 440 440 440 440 440 506 509 509 509 544 546 546 546 547 549 549 549 549 550 551 552 552 553 554 554 554 555 557 557 557 558 558 559 559 560 561
440 440 440 440 440 440 440 440 440 440 440 440 440 440 440 440 440 440 440 440 440 440 440 440 440 440 440 440 440 440 440 440 440 440 440 440 440 440 440 440 440 440 440 440 440 440 440 440 440 440 440 440 440 440 440 440 440 440 440 440 440 440 440 507 509 509 509 510 546 546 546 548 549 549 549 549 551 551 552 552 554 554 554 554 555 557 557 557 557 559 559 559 560 561
440 440 440 440 440 440 440 440 440 440 440 440 440 440 440 440 440 440 440 440 440 440 440 440 440 440 440 440 440 440 440 440 440 440 440 440 440 440 440 440 440 440 440 440 440 440 440 440 440 440 440 440 440 440 440 440 440 440 440 440 440 440 440 507 509 509 510 510 511 511 547 548 549 549 549 550 551 551 552 553 554 554 554 554 556 557 557 557 558 559 559 559 560 561
440 440 440 440 440 440 440 440 440 440 440 440 440 440 440 440 440 440 440 440 440 440 440 440 440 440 440 440 440 440 440 440 440 440 440 440 440 440 440 440 440 440 440 440 440 440 440 440 440 440 440 440 440 440 440 440 440 440 440 440 440 440 440 507 509 510 510 510 511 511 512 513 549 549 550 550 551 551 553 553 554 554 554 555 555 557 557 558 558 559 559 559 561 561
440 440 440 440 440 440 440 440 440 440 440 440 440 440 440 440 440 440 440 440 440 440 440 440 440 440 440 440 440 440 440 440 440 440 440 440 440 440 440 440 440 440 440 440 440 440 440 440 440 440 440 440 440 440 440 440 440 440 440 440 440 440 440 507 509 510 510 510 511 512 512 513 514 515 550 550 551 552 553 553 553 554 555 555 555 557 558 558 558 559 559 560 561 561
440 440 440 440 440 440 440 440 440 440 440 440 440 440 440 440 440 440 440 440 440 440 440 440 440 440 440 440 440 440 440 440 440 440 440 440 440 440 440 440 440 440 440 440 440 440 440 440 440 440 440 440 440 440 440 440 440 440 440 440 440 440 440 507 509 510 510 510 511 512 512 513 514 515 515 515 551 552 553 553 553 555 555 555 555 558 558 558 558 558 560 560 561 561
440 440 440 440 440 440 440 440 440 440 440 440 440 440 440 440 440 440 440 440 440 440 440 440 440 440 440 440 440 440 440 440 440 440 440 440 440 440 440 440 440 440 440 440 440 440 440 440 440 440 440 440 440 440 440 440 440 440 440 440 440 440 440 509 509 510 510 511 511 512 513 514 514 515 515 516 516 553 553 553 554 555 555 555 557 557 558 558 558 559 560 561 561 562
440 440 440 440 440 440 440 440 440 440 440 440 440 440 440 440 440 440 440 440 440 440 440 440 440 440 440 440 440 440 440 440 440 440 440 440 440 440 440 440 440 440 440 440 440 440 440 440 440 440 440 440 440 440 440 440 440 440 440 440 440 440 440 509 509 510 511 511 511 512 514 514 514 515 515 516 516 518 518 554 554 555 555 556 557 557 558 558 559 559 560 561 562 562
