testData/tiles/oneDegreeCosts/grid29.0-2.0-30.0-3.0.asc
ncols   200
nrows   200
xllcorner   29.0
yllcorner   2.0
cellsize   0.005
NODATA_value   -9999.0
[rows 126 to 167 of 200, columns 0 to 93 of 200]
385 378 371 362 350 324 324 324 324 325 325 325 325 326 326 326 326 280 281 281 281 281 281 281 281 281 282 282 282 282 282 282 282 282 282 282 282 282 282 282 282 282 282 282 282 282 282 281 281 281 281 281 281 281 281 280 280 280 280 280 279 279 279 279 278 278 278 278 277 277 277 276 276 276 275 275 275 274 274 273 273 273 272 272 271 271 270 270 269 269 269 269 269 269
385 380 372 363 351 325 325 326 326 326 326 327 327 327 327 327 328 328 282 282 282 282 283 283 283 283 283 283 283 283 283 283 283 283 283 283 283 283 283 283 283 283 283 283 283 283 283 283 283 283 283 282 282 282 282 282 282 281 281 281 281 281 280 280 280 280 279 279 279 278 278 278 277 277 277 276 276 276 275 275 275 274 274 273 273 272 272 271 271 270 270 269 269 269
387 381 374 365 352 326 327 327 327 327 328 328 328 328 329 329 329 329 329 283 284 284 284 284 284 284 284 284 284 285 285 285 285 285 285 285 285 285 285 285 285 285 285 285 284 284 284 284 284 284 284 284 284 283 283 283 283 283 283 282 282 282 282 281 281 281 281 280 280 280 280 279 279 279 278 278 277 277 277 276 276 276 275 275 274 274 273 273 272 272 271 271 270 270
388 382 375 365 354 328 328 328 329 329 329 329 330 330 330 330 330 331 331 331 331 285 285 285 285 286 286 286 286 286 286 286 286 286 286 286 286 286 286 286 286 286 286 286 286 286 286 286 285 285 285 285 285 285 285 285 284 284 284 284 284 283 283 283 283 282 282 282 282 281 281 281 280 280 280 279 279 279 278 278 277 277 277 276 276 275 275 274 274 273 273 272 272 271
390 383 376 367 355 329 329 330 330 330 330 331 331 331 331 332 332 332 332 332 332 332 287 287 287 287 287 287 287 287 287 287 287 287 287 287 287 287 287 287 287 287 287 287 287 287 287 287 287 287 287 286 286 286 286 286 286 286 285 285 285 285 284 284 284 284 283 283 283 283 282 282 282 281 281 281 280 280 280 279 279 278 278 277 277 277 276 276 275 275 274 274 273 273
391 384 377 368 355 331 331 331 331 332 332 332 332 332 333 333 333 333 333 333 334 334 334 288 288 288 288 288 288 289 289 289 289 289 289 289 289 289 289 289 289 289 289 289 288 288 288 288 288 288 288 288 288 287 287 287 287 287 287 286 286 286 286 286 285 285 285 285 284 284 284 283 283 283 282 282 282 281 281 280 280 280 279 279 278 278 278 277 277 276 276 275 275 274
392 386 378 369 357 332 332 332 333 333 333 333 334 334 334 334 334 334 335 335 335 335 335 335 289 290 290 290 290 290 290 290 290 290 290 290 290 290 290 290 290 290 290 290 290 290 290 290 289 289 289 289 289 289 289 288 288 288 288 288 288 287 287 287 287 286 286 286 286 285 285 285 284 284 284 283 283 283 282 282 281 281 281 280 280 279 279 278 278 277 277 276 276 275
394 387 379 371 358 333 333 334 334 334 334 335 335 335 335 335 336 336 336 336 336 336 336 337 337 337 291 291 291 291 291 291 291 291 291 291 291 291 291 291 291 291 291 291 291 291 291 291 291 291 290 290 290 290 290 290 290 289 289 289 289 289 288 288 288 288 287 287 287 287 286 286 286 285 285 285 284 284 284 283 283 282 282 282 281 281 280 280 279 279 278 278 277 277
394 388 381 371 358 334 335 335 335 335 336 336 336 336 336 337 337 337 337 337 337 338 338 338 338 338 338 292 292 292 292 292 293 293 293 293 293 293 293 293 293 292 292 292 292 292 292 292 292 292 292 292 291 291 291 291 291 291 290 290 290 290 290 289 289 289 289 288 288 288 288 287 287 287 286 286 286 285 285 284 284 284 283 283 282 282 282 281 281 280 280 279 279 278
395 389 382 372 359 336 336 336 336 337 337 337 337 338 338 338 338 338 338 339 339 339 339 339 339 339 339 339 294 294 294 294 294 294 294 294 294 294 294 294 294 294 294 294 294 293 293 293 293 293 293 293 293 293 292 292 292 292 292 292 291 291 291 291 290 290 290 290 289 289 289 289 288 288 288 287 287 287 286 286 285 285 285 284 284 283 283 282 282 281 281 280 280 279
396 390 382 373 360 337 337 337 338 338 338 338 339 339 339 339 339 340 340 340 340 340 340 340 340 341 341 341 341 295 295 295 295 295 295 295 295 295 295 295 295 295 295 295 295 295 295 295 294 294 294 294 294 294 294 294 293 293 293 293 293 292 292 292 292 291 291 291 291 290 290 290 289 289 289 288 288 288 287 287 287 286 286 285 285 285 284 284 283 283 282 282 281 281
398 391 383 374 361 338 338 339 339 339 339 340 340 340 340 340 341 341 341 341 341 341 341 342 342 342 342 342 342 342 296 296 296 296 296 296 296 296 296 296 296 296 296 296 296 296 296 296 296 296 295 295 295 295 295 295 295 294 294 294 294 294 293 293 293 293 292 292 292 292 291 291 291 290 290 290 289 289 289 288 288 288 287 287 286 286 285 285 284 284 284 283 283 282
399 392 385 375 361 339 340 340 340 340 341 341 341 341 341 342 342 342 342 342 342 342 343 343 343 343 343 343 343 343 343 343 297 297 297 297 297 297 297 297 297 297 297 297 297 297 297 297 297 297 297 296 296 296 296 296 296 296 295 295 295 295 295 294 294 294 294 293 293 293 293 292 292 292 291 291 291 290 290 290 289 289 288 288 288 287 287 286 286 285 285 284 284 283
400 393 386 376 362 341 341 341 341 342 342 342 342 342 343 343 343 343 343 343 344 344 344 344 344 344 344 344 344 344 344 345 345 299 299 299 299 299 299 299 299 299 298 298 298 298 298 298 298 298 298 298 298 297 297 297 297 297 297 296 296 296 296 296 295 295 295 295 294 294 294 293 293 293 292 292 292 291 291 291 290 290 290 289 289 288 288 287 287 287 286 286 285 285
400 394 386 376 362 342 342 342 342 343 343 343 343 344 344 344 344 344 344 345 345 345 345 345 345 345 345 345 346 346 346 346 346 346 300 300 300 300 300 300 300 300 300 300 300 299 299 299 299 299 299 299 299 299 298 298 298 298 298 298 297 297 297 297 296 296 296 296 295 295 295 295 294 294 294 293 293 293 292 292 292 291 291 290 290 290 289 289 288 288 287 287 286 286
401 395 387 377 364 343 343 343 344 344 344 344 345 345 345 345 345 345 346 346 346 346 346 346 346 346 346 347 347 347 347 347 347 347 347 301 301 301 301 301 301 301 301 301 301 301 300 300 300 300 300 300 300 300 300 299 299 299 299 299 299 298 298 298 298 297 297 297 297 296 296 296 295 295 295 295 294 294 293 293 293 292 292 292 291 291 290 290 289 289 288 288 288 287
403 396 388 378 364 344 344 345 345 345 345 345 346 346 346 346 346 347 347 347 347 347 347 347 347 348 348 348 348 348 348 348 348 348 348 348 302 302 302 302 302 302 302 302 302 302 302 302 301 301 301 301 301 301 301 301 300 300 300 300 300 299 299 299 299 299 298 298 298 297 297 297 297 296 296 296 295 295 295 294 294 294 293 293 292 292 291 291 291 290 290 289 289 288
404 397 388 379 364 345 345 346 346 346 346 347 347 347 347 347 347 348 348 348 348 348 348 348 349 349 349 349 349 349 349 349 349 349 349 349 349 303 303 303 303 303 303 303 303 303 303 303 303 302 302 302 302 302 302 302 301 301 301 301 301 301 300 300 300 300 299 299 299 299 298 298 298 297 297 297 296 296 296 295 295 295 294 294 293 293 293 292 292 291 291 290 290 289
404 397 389 380 364 346 347 347 347 347 347 348 348 348 348 348 349 349 349 349 349 349 349 350 350 350 350 350 350 350 350 350 350 350 350 350 350 350 350 304 304 304 304 304 304 304 304 304 304 304 303 303 303 303 303 303 303 302 302 302 302 302 301 301 301 301 301 300 300 300 299 299 299 299 298 298 298 297 297 297 296 296 295 295 295 294 294 293 293 292 292 292 291 291
405 398 391 380 365 347 348 348 348 348 349 349 349 349 349 350 350 350 350 350 350 350 351 351 351 351 351 351 351 351 351 351 351 351 351 351 351 351 351 351 305 305 305 305 305 305 305 305 305 305 305 304 304 304 304 304 304 304 303 303 303 303 303 302 302 302 302 301 301 301 301 300 300 300 299 299 299 298 298 298 297 297 297 296 296 295 295 294 294 294 293 293 292 292
406 399 391 381 365 348 349 349 349 349 350 350 350 350 350 351 351 351 351 351 351 351 352 352 352 352 352 352 352 352 352 352 352 352 352 352 352 352 352 352 352 306 306 306 306 306 306 306 306 306 306 305 305 305 305 305 305 305 304 304 304 304 304 303 303 303 303 302 302 302 302 301 301 301 300 300 300 299 299 299 298 298 298 297 297 296 296 296 295 295 294 294 293 293
407 399 392 381 365 350 350 350 350 350 351 351 351 351 351 352 352 352 352 352 352 353 353 353 353 353 353 353 353 353 353 353 353 353 353 353 353 353 353 353 353 353 307 307 307 307 307 307 307 307 307 307 306 306 306 306 306 306 305 305 305 305 305 304 304 304 304 304 303 303 303 302 302 302 302 301 301 301 300 300 299 299 299 298 298 298 297 297 296 296 295 295 294 294
407 401 393 382 365 351 351 351 351 352 352 352 352 352 353 353 353 353 353 353 353 354 354 354 354 354 354 354 354 354 354 354 354 354 354 354 354 354 354 354 354 354 354 308 308 308 308 308 308 308 308 308 307 307 307 307 307 307 307 306 306 306 306 306 305 305 305 305 304 304 304 304 303 303 303 302 302 302 301 301 301 300 300 299 299 299 298 298 297 297 296 296 296 295
408 402 393 382 364 352 352 352 352 353 353 353 353 353 354 354 354 354 354 354 354 355 355 355 355 355 355 355 355 355 355 355 355 355 355 355 355 355 355 355 355 355 355 355 309 309 309 309 309 309 309 309 308 308 308 308 308 308 308 307 307 307 307 307 306 306 306 306 305 305 305 305 304 304 304 303 303 303 302 302 302 301 301 300 300 300 299 299 298 298 298 298 298 297
409 402 394 383 364 353 353 353 353 354 354 354 354 354 355 355 355 355 355 355 355 356 356 356 356 356 356 356 356 356 356 356 356 356 356 356 356 356 356 356 356 356 356 356 356 310 310 310 310 310 310 310 309 309 309 309 309 309 309 308 308 308 308 308 307 307 307 307 306 306 306 306 305 305 305 304 304 304 303 303 303 302 302 302 301 301 300 300 300 300 300 299 299 298
409 403 394 383 364 354 354 354 354 355 355 355 355 355 356 356 356 356 356 356 356 357 357 357 357 357 357 357 357 357 357 357 357 357 357 357 357 357 357 357 357 357 357 357 357 357 311 311 311 311 311 311 310 310 310 310 310 310 310 309 309 309 309 309 308 308 308 308 307 307 307 307 306 306 306 305 305 305 304 304 304 303 303 303 302 303 302 302 302 301 301 300 300 299
400 404 395 384 363 355 355 355 355 356 356 356 356 356 357 357 357 357 357 357 357 358 358 358 358 358 358 358 358 358 358 358 358 358 358 358 358 358 358 358 358 358 358 358 358 358 358 312 312 312 312 312 311 311 311 311 311 311 311 310 310 310 310 310 309 309 309 309 308 308 308 308 307 307 307 306 306 306 305 305 305 304 305 305 304 304 303 303 303 302 302 301 301 300
400 404 395 384 361 356 356 356 356 357 357 357 357 357 358 358 358 358 358 358 358 359 359 359 359 359 359 359 359 359 359 359 359 359 359 359 359 359 359 359 359 359 359 359 359 359 359 359 313 313 313 313 312 312 312 312 312 312 312 311 311 311 311 311 310 310 310 310 309 309 309 309 308 308 308 307 307 307 306 306 307 306 306 306 305 305 304 304 304 303 303 302 302 301
400 395 396 384 359 357 357 357 357 358 358 358 358 358 358 359 359 359 359 359 359 360 360 360 360 360 360 360 360 360 360 360 360 360 360 360 360 360 360 360 360 360 360 360 360 360 360 360 360 314 314 314 313 313 313 313 313 313 312 312 312 312 312 312 311 311 311 311 310 310 310 310 309 309 309 308 308 309 308 308 308 307 307 307 306 306 305 305 305 304 304 303 303 302
401 395 396 385 358 358 358 358 358 358 359 359 359 359 359 360 360 360 360 360 360 360 361 361 361 361 361 361 361 361 361 361 361 361 361 361 361 361 361 361 361 361 361 361 361 361 361 361 361 361 315 314 314 314 314 314 314 314 313 313 313 313 313 312 312 312 312 312 311 311 311 311 310 310 310 310 310 310 309 309 309 308 308 308 307 307 306 306 306 305 305 304 304 303
402 394 386 385 358 358 359 359 359 359 360 360 360 360 360 361 361 361 361 361 361 361 361 362 362 362 362 362 362 362 362 362 362 362 362 362 362 362 362 362 362 362 362 362 362 362 362 362 362 362 361 315 315 315 315 315 315 315 314 314 314 314 314 313 313 313 313 312 312 312 312 311 312 312 312 311 311 311 310 310 310 309 309 309 308 308 307 307 307 306 306 305 305 304
402 395 386 374 359 359 360 360 360 360 361 361 361 361 361 361 362 362 362 362 362 362 362 363 363 363 363 363 363 363 363 363 363 363 363 363 363 363 363 363 363 363 363 363 363 363 363 363 363 363 362 362 316 316 316 316 316 315 315 315 315 315 315 314 314 314 314 313 313 313 314 313 313 313 313 312 312 312 311 311 311 310 310 309 309 309 308 308 307 307 307 306 306 305
403 395 387 374 360 360 361 361 361 361 361 362 362 362 362 362 363 363 363 363 363 363 363 363 364 364 364 364 364 364 364 364 364 364 364 364 364 364 364 364 364 364 364 364 364 364 364 364 364 363 363 363 363 317 317 317 317 316 316 316 316 316 315 315 315 315 315 315 315 315 315 314 314 314 313 313 313 313 312 312 312 311 311 310 310 310 309 309 308 308 308 307 307 306
404 396 386 374 360 361 361 362 362 362 362 363 363 363 363 363 363 364 364 364 364 364 364 364 364 364 365 365 365 365 365 365 365 365 365 365 365 365 365 365 365 365 365 365 365 365 365 364 364 364 364 364 364 364 318 318 317 317 317 317 317 317 316 316 316 317 316 316 316 316 315 315 315 315 314 314 314 313 313 313 312 312 312 311 311 311 310 310 309 309 309 308 308 307
404 396 387 374 360 362 362 363 363 363 363 363 364 364 364 364 364 364 365 365 365 365 365 365 365 365 365 366 366 366 366 366 366 366 366 366 366 366 366 366 366 366 366 366 366 366 365 365 365 365 365 365 365 365 365 318 318 318 318 318 318 317 317 318 318 318 317 317 317 317 316 316 316 316 315 315 315 314 314 314 313 313 313 312 312 311 311 311 310 310 309 309 309 308
405 397 387 374 360 360 363 363 364 364 364 364 364 365 365 365 365 365 365 366 366 366 366 366 366 366 366 366 366 367 367 367 367 367 367 367 367 367 367 367 367 367 367 367 366 366 366 366 366 366 366 366 366 366 365 365 319 319 319 319 318 319 319 319 319 318 318 318 318 318 317 317 317 316 316 316 316 315 315 315 314 314 314 313 313 312 312 312 311 311 310 310 309 309
405 397 387 373 360 360 360 364 365 365 365 365 365 366 366 366 366 366 366 366 367 367 367 367 367 367 367 367 367 367 367 367 367 368 368 368 368 368 368 368 367 367 367 367 367 367 367 367 367 367 367 367 367 366 366 366 366 320 320 321 320 320 320 320 320 319 319 319 319 318 318 318 318 317 317 317 316 316 316 315 315 315 314 314 314 313 313 312 312 312 311 311 310 310
405 398 388 373 360 360 360 365 365 366 366 366 366 366 367 367 367 367 367 367 367 368 368 368 368 368 368 368 368 368 368 368 368 368 368 368 368 368 368 368 368 368 368 368 368 368 368 368 368 368 368 368 367 367 367 367 367 368 322 321 321 321 321 321 320 320 320 320 319 319 319 319 318 318 318 318 317 317 317 316 316 316 315 315 315 314 314 313 313 313 312 312 311 311
405 398 388 373 360 360 360 360 366 366 367 367 367 367 367 368 368 368 368 368 368 368 368 369 369 369 369 369 369 369 369 369 369 369 369 369 369 369 369 369 369 369 369 369 369 369 369 369 369 369 368 368 368 368 368 369 369 369 368 322 322 322 322 321 321 321 321 321 320 320 320 320 319 319 319 318 318 318 317 317 317 316 316 316 315 315 315 314 314 313 313 313 312 312
406 398 388 373 360 360 360 360 367 367 367 368 368 368 368 368 369 369 369 369 369 369 369 369 369 370 370 370 370 370 370 370 370 370 370 370 370 370 370 370 370 370 370 370 370 370 370 370 369 369 369 369 369 370 370 370 370 369 369 369 323 323 322 322 322 322 322 321 321 321 321 320 320 320 320 319 319 319 318 318 318 317 317 317 316 316 315 315 315 314 314 313 313 313
406 398 388 372 360 360 360 360 360 368 368 368 369 369 369 369 369 369 370 370 370 370 370 370 370 370 370 371 371 371 371 371 371 371 371 371 371 371 371 371 371 371 371 371 371 371 370 370 370 370 370 371 371 371 371 370 370 370 370 370 370 323 323 323 323 323 322 322 322 322 321 321 321 321 320 320 320 319 319 319 318 318 318 317 317 317 316 316 316 315 315 314 314 313
407 398 388 372 360 360 360 360 360 360 369 369 369 370 370 370 370 370 370 371 371 371 371 371 371 371 371 371 371 371 371 372 372 372 372 372 372 372 372 372 372 372 371 371 371 371 371 371 371 372 372 372 372 372 371 371 371 371 371 371 370 370 324 324 324 323 323 323 323 323 322 322 322 321 321 321 321 320 320 320 319 319 319 318 318 318 317 317 316 316 316 315 315 314
