testData/tiles/oneDegreeCosts/grid25.0-17.0-26.0-18.0.asc
ncols   200
nrows   200
xllcorner   25.0
yllcorner   17.0
cellsize   0.005
NODATA_value   -9999.0
[rows 0 to 41 of 200, columns 94 to 187 of 200]
406 405 405 405 404 404 404 404 404 403 403 402 402 401 401 400 401 400 400 399 399 398 398 397 396 396 395 395 394 393 393 392 391 391 390 390 412 411 410 409 408 407 406 406 383 383 383 383 383 383 383 384 385 386 386 368 368 368 368 368 368 368 369 370 370 371 371 372 373 373 373 373 374 374 375 375 376 376 376 376 377 377 378 575 575 575 576 576 576 577 577 577 577 577
405 406 405 405 404 404 403 403 403 402 403 402 402 401 401 400 400 399 399 398 398 397 397 397 397 396 395 395 394 394 393 392 392 391 390 412 412 411 410 409 409 408 407 406 383 383 383 383 383 383 384 385 385 385 386 368 368 368 368 368 368 369 369 370 371 371 371 371 372 373 373 374 374 375 375 375 375 376 376 377 377 377 377 378 575 575 576 576 576 576 577 577 577 577
405 405 404 404 404 404 404 403 403 402 402 401 401 401 401 400 400 399 399 398 398 397 397 396 396 395 395 394 393 393 392 391 391 391 412 412 411 410 409 409 408 407 406 405 383 383 383 383 383 383 383 384 385 386 387 368 368 368 368 368 369 369 369 370 370 371 371 372 372 373 374 374 374 374 375 375 376 376 377 377 377 377 378 378 378 378 575 576 576 577 577 577 577 577
405 405 404 404 404 403 403 402 403 402 402 401 401 401 400 400 399 399 398 398 398 398 397 396 396 395 395 394 394 393 392 392 391 391 413 412 411 410 410 409 408 407 406 405 383 383 383 383 383 383 384 385 386 386 387 387 368 368 368 368 368 369 369 370 371 371 372 372 372 372 373 374 374 375 375 376 376 376 376 377 377 377 378 378 378 378 379 576 577 576 576 577 577 578
404 404 404 404 404 403 403 402 402 402 401 401 401 401 400 400 399 399 398 398 397 397 396 396 395 394 394 393 393 392 392 392 391 413 413 412 411 410 410 409 408 407 406 405 383 383 383 383 383 383 384 384 385 386 387 387 368 368 368 368 369 369 370 370 370 371 371 372 372 373 373 374 374 374 375 375 376 376 376 377 377 377 377 378 378 379 379 379 379 576 577 577 578 577
404 404 404 403 403 402 403 402 402 402 401 401 400 400 399 399 398 398 398 398 397 397 396 396 395 395 394 393 393 392 392 392 413 413 412 411 410 410 409 408 407 406 406 405 383 383 383 383 383 383 384 385 386 387 387 388 368 368 368 368 368 369 369 370 371 371 372 372 373 373 373 373 374 374 375 375 376 376 376 376 377 377 378 378 378 378 378 379 379 380 576 576 577 577
404 404 404 403 403 402 402 402 401 401 401 401 400 400 399 399 398 398 397 397 396 396 395 395 394 395 394 394 393 392 392 414 413 413 412 411 411 410 409 408 407 407 406 406 383 383 383 383 383 384 384 385 385 386 387 387 368 368 368 368 369 369 370 370 371 371 371 372 372 373 373 374 374 375 375 375 375 376 376 377 377 377 377 377 378 378 379 379 379 379 379 380 577 578
404 403 403 402 402 403 402 402 401 401 400 400 399 399 399 399 399 398 398 397 397 396 395 395 394 394 393 393 392 392 392 413 413 412 411 410 410 409 408 407 407 406 405 405 383 383 383 383 383 384 384 385 386 387 387 388 368 368 368 369 369 369 369 370 371 371 372 372 373 373 373 373 374 374 375 375 376 376 377 376 377 377 377 378 378 379 378 379 379 379 380 380 380 380
404 403 403 402 402 402 401 401 400 401 400 400 400 399 399 398 398 397 397 396 396 395 396 395 395 394 393 393 392 392 414 413 413 412 411 411 410 409 408 408 407 406 406 406 383 383 383 383 383 384 385 386 386 386 387 388 388 368 368 368 369 369 370 370 371 372 371 372 372 373 373 374 374 375 375 375 375 376 376 376 377 377 378 378 378 378 378 379 379 379 379 379 380 380
403 402 402 403 402 402 401 401 400 400 400 399 399 399 399 398 398 397 397 396 396 395 395 394 394 393 393 392 392 414 413 412 412 411 410 410 409 408 408 407 406 406 406 406 383 383 383 383 383 384 385 385 386 387 387 388 389 368 368 369 369 370 370 370 370 371 371 372 373 373 374 374 374 374 375 375 375 376 376 377 377 377 377 378 378 378 379 379 379 379 379 380 380 309
403 402 402 402 401 401 401 401 401 400 400 399 399 398 398 397 397 396 396 396 396 395 395 394 394 393 393 392 392 414 413 413 412 411 411 410 409 408 408 407 407 407 407 408 383 383 383 383 384 384 385 386 387 387 388 389 388 368 368 368 369 369 370 370 371 371 372 372 372 372 373 373 374 374 375 375 376 376 376 376 377 377 378 378 377 378 378 379 379 308 309 308 309 309
402 403 402 402 401 401 401 400 400 399 399 399 399 398 398 398 397 397 396 396 395 395 394 393 393 392 392 392 415 414 413 413 412 411 411 410 409 409 408 407 407 407 408 408 383 383 383 383 383 384 385 385 386 387 387 388 389 368 368 368 369 370 370 371 371 371 371 372 372 373 373 374 374 375 375 375 375 376 376 377 377 376 377 377 307 307 308 308 308 308 308 308 309 309
402 402 401 401 401 401 401 400 400 399 399 398 398 398 397 397 396 397 396 396 395 395 394 394 393 392 392 414 414 413 413 412 411 411 410 409 409 408 407 407 407 408 408 408 383 383 383 383 384 384 385 386 387 387 388 388 389 368 368 368 368 369 370 370 371 371 372 372 373 373 373 373 374 374 375 375 376 376 375 305 305 306 306 307 307 307 307 307 308 308 308 309 309 309
402 402 401 401 401 400 400 399 399 399 399 399 398 398 397 397 396 396 395 395 394 394 393 393 393 393 415 414 414 413 413 412 411 411 410 409 409 408 408 408 409 409 409 408 383 383 383 384 384 385 386 386 386 387 387 388 389 389 368 368 369 369 370 371 371 372 371 372 372 373 373 374 374 304 304 304 304 304 305 305 306 306 307 306 306 307 307 308 308 308 308 308 309 309
330 330 400 401 401 400 400 399 399 399 398 398 397 397 397 397 396 396 395 395 394 394 393 393 392 392 414 414 413 412 412 411 411 410 409 409 408 408 408 409 408 408 408 408 383 383 383 383 384 385 385 386 387 387 388 388 389 390 368 369 369 369 369 370 371 300 301 301 302 302 303 303 303 303 303 304 304 305 305 306 305 305 306 306 307 307 308 307 307 308 308 308 309 309
330 330 330 329 329 328 328 329 328 328 327 398 397 397 396 396 395 395 394 394 393 394 393 393 392 415 414 414 413 413 412 411 411 410 409 409 408 408 409 409 409 409 409 409 384 384 384 384 384 385 386 386 387 388 387 388 318 318 298 298 298 298 299 299 300 300 301 301 301 301 302 302 303 303 304 304 305 304 305 305 305 306 306 307 306 306 307 307 308 308 308 308 308 309
329 329 330 329 329 328 328 328 327 327 326 326 326 326 326 325 325 324 324 323 323 322 322 322 343 343 342 342 341 341 340 339 339 339 339 339 339 339 339 339 339 338 338 338 315 315 315 315 315 315 315 315 315 316 317 317 318 318 298 298 298 299 299 299 299 300 300 301 301 302 302 303 303 303 303 304 304 304 305 305 306 305 306 306 306 307 307 308 307 307 308 308 308 309
330 329 329 328 328 328 328 328 327 327 326 326 326 325 325 324 324 323 324 323 323 322 322 322 344 343 342 342 341 341 340 340 339 339 339 339 339 339 339 338 338 338 339 339 315 315 315 315 315 315 315 315 316 317 317 318 318 318 298 298 298 298 299 299 300 300 301 301 302 302 302 302 303 303 303 304 304 305 305 305 305 305 306 306 307 307 307 307 307 308 308 308 308 308
330 329 329 328 328 328 327 327 326 326 327 326 326 325 325 324 324 323 323 322 322 322 322 343 343 342 342 342 341 341 340 340 339 339 339 339 339 339 339 339 339 340 340 339 315 315 315 315 315 315 315 315 315 316 317 317 318 318 298 298 298 299 299 300 300 300 300 301 301 302 302 302 303 303 304 304 304 304 305 305 305 306 306 306 306 306 307 307 308 308 308 308 308 308
329 328 328 328 328 328 327 327 326 326 326 325 325 324 324 323 324 323 323 322 322 322 344 343 343 342 342 341 341 340 339 339 339 339 339 339 339 339 339 339 340 339 339 339 315 315 315 315 315 315 315 315 316 316 317 318 318 319 319 298 298 298 298 299 299 300 300 301 301 302 302 302 302 303 303 304 304 304 305 305 305 305 306 306 306 307 307 307 307 307 308 308 308 309
329 328 328 328 327 327 326 326 327 326 326 325 325 324 324 323 323 323 322 322 322 322 343 343 343 342 342 341 341 340 340 339 339 339 339 339 340 340 339 340 340 340 340 339 315 315 315 315 315 315 315 316 316 316 316 317 318 318 319 298 298 298 299 299 300 300 301 301 301 301 302 302 303 303 304 304 304 304 304 305 305 305 306 306 306 306 306 307 307 308 308 308 308 308
328 328 328 328 327 327 326 326 326 325 325 324 324 324 324 324 323 323 322 322 322 344 343 343 342 342 341 340 340 339 339 339 339 339 339 339 339 339 339 340 340 339 339 339 315 315 315 315 315 315 315 315 316 316 317 317 318 319 319 298 298 299 299 299 299 300 300 301 301 302 302 303 303 303 303 303 304 304 305 305 305 305 305 306 306 306 307 307 308 307 307 308 308 308
328 328 327 327 326 326 327 326 326 325 325 324 324 324 323 323 322 322 322 322 344 344 343 343 342 342 341 341 340 339 339 339 339 339 339 340 340 340 341 340 340 340 340 340 315 315 315 315 315 315 315 316 316 317 317 317 317 318 319 298 298 298 299 299 300 300 301 301 302 301 301 302 302 303 303 304 304 304 304 304 305 305 306 306 306 307 306 306 307 307 308 308 308 308
327 328 327 327 326 326 326 325 325 324 324 325 324 324 323 323 322 322 322 322 343 343 342 342 341 341 340 340 339 339 339 339 340 340 340 341 341 340 341 341 341 340 341 340 315 315 315 315 315 315 315 315 316 316 317 317 318 318 319 298 298 298 299 299 299 299 300 300 301 301 302 302 303 303 303 303 303 304 304 305 305 305 306 306 306 306 306 307 307 307 307 307 308 308
327 327 326 326 326 326 326 325 325 325 324 324 323 323 322 322 322 322 322 344 343 343 342 342 341 341 340 340 339 339 339 339 340 340 340 340 340 341 341 341 341 341 341 340 315 315 315 315 315 315 315 315 316 317 317 318 318 319 319 319 298 298 298 299 299 300 300 301 301 302 301 302 302 302 303 303 304 304 305 305 305 305 305 306 306 306 307 306 306 307 307 308 308 308
327 327 326 326 326 325 325 324 324 325 324 324 323 323 322 322 322 322 344 343 343 342 342 341 340 340 340 340 339 339 339 340 340 340 341 341 341 341 341 341 341 341 341 341 316 315 315 315 315 315 315 315 315 316 317 317 318 318 319 319 298 298 299 299 300 300 300 300 301 301 301 302 302 303 303 304 303 303 304 304 305 305 305 306 306 306 306 306 307 307 307 307 307 307
326 326 326 326 326 325 325 325 324 324 323 323 322 322 322 322 322 322 344 343 343 342 342 341 341 340 340 339 339 339 339 340 340 340 341 341 341 341 341 341 341 341 341 340 316 316 315 315 315 315 315 315 316 316 317 317 318 319 319 320 298 298 298 299 299 300 300 300 301 301 302 302 302 302 303 303 303 304 304 305 305 305 305 305 306 306 306 307 307 307 307 307 307 308
326 326 326 325 325 324 324 325 324 324 323 323 322 322 322 321 321 343 343 342 342 341 342 341 341 340 340 339 340 340 340 341 340 341 341 341 342 342 341 341 342 341 341 341 316 316 316 315 315 315 315 316 316 316 316 317 317 318 318 319 298 298 298 299 299 300 300 301 301 301 301 302 302 302 303 303 304 304 304 304 304 305 305 305 306 306 306 306 306 307 307 307 308 307
326 326 326 325 325 325 324 324 323 323 322 322 323 322 322 321 344 343 343 342 342 341 341 340 340 339 339 339 339 339 339 340 340 341 341 341 341 341 341 341 341 341 341 341 316 316 315 315 315 315 315 315 316 316 317 317 318 318 319 319 298 298 299 299 299 299 300 300 301 301 301 302 302 303 302 303 303 303 304 304 305 305 305 305 305 305 306 306 307 307 307 307 307 307
326 325 325 324 324 325 324 324 323 323 323 322 322 321 321 321 343 342 342 342 342 341 341 340 340 339 339 339 340 340 341 341 341 341 341 341 342 342 341 342 342 341 342 342 316 316 316 315 315 315 315 315 316 317 317 318 318 318 318 319 298 298 298 299 299 300 300 300 301 301 301 301 302 302 302 303 303 304 304 304 304 304 305 305 305 306 306 306 306 306 307 307 307 308
326 325 325 324 324 324 323 323 322 322 323 322 322 321 321 343 343 342 342 342 341 341 340 340 339 339 339 339 340 340 341 341 341 342 342 343 342 342 343 342 342 342 342 342 317 315 315 315 315 315 315 315 315 316 316 317 318 318 319 319 320 298 298 299 299 299 299 300 300 301 301 302 302 302 303 303 303 303 303 304 304 305 305 305 305 305 305 306 306 306 307 306 307 307
325 324 324 325 324 324 323 323 323 322 322 321 321 321 321 342 343 343 342 342 341 341 340 340 339 339 339 339 340 340 341 341 342 342 342 342 342 342 342 342 342 342 342 342 316 316 315 316 316 315 315 315 316 316 317 317 318 318 319 319 319 298 298 298 299 299 300 300 301 301 301 302 302 302 302 302 303 303 304 304 304 304 304 305 305 305 306 306 306 306 306 306 307 307
325 324 324 324 323 323 322 322 323 322 322 321 321 321 343 343 342 342 341 341 340 340 339 339 339 340 340 341 341 341 342 341 342 342 342 343 342 343 343 342 342 343 342 342 317 316 317 316 316 316 315 315 315 316 316 317 317 318 318 319 319 298 298 299 299 300 300 300 300 300 301 301 302 302 302 303 303 303 303 303 304 304 305 305 305 306 305 305 306 306 306 307 307 307
324 324 324 324 323 323 323 322 322 321 321 321 321 343 343 343 342 342 341 341 340 340 339 339 339 340 340 340 340 341 341 341 342 342 342 342 342 342 342 342 342 342 342 341 317 317 316 316 315 315 315 315 316 316 317 317 318 318 319 319 320 298 298 298 298 299 299 300 300 301 301 301 302 302 302 302 302 303 303 304 304 304 304 304 305 305 305 306 306 306 306 306 306 307
324 324 323 323 322 322 323 322 322 321 321 321 321 343 342 342 341 341 340 340 340 340 339 339 339 340 340 341 341 342 342 342 342 342 343 343 342 343 343 342 343 343 342 342 317 317 317 316 316 315 315 315 316 316 316 316 317 317 318 318 319 298 298 298 299 299 300 300 300 300 300 301 301 302 302 302 303 303 304 303 303 304 304 304 305 305 306 305 305 306 306 306 307 307
324 324 323 323 322 322 322 321 321 321 321 321 343 343 342 342 341 341 340 340 340 339 339 339 339 340 340 341 341 341 341 342 342 342 342 342 343 343 343 343 342 342 342 342 317 316 316 316 315 315 315 315 315 316 316 317 317 318 318 319 319 298 298 299 298 298 299 299 300 300 301 301 301 302 302 302 302 302 303 303 304 304 304 305 304 304 305 305 306 306 306 306 306 306
323 323 322 322 323 322 322 321 321 321 321 343 342 342 341 341 340 340 341 340 340 339 339 339 340 340 341 341 341 342 342 343 342 343 343 342 343 343 343 343 343 342 342 343 317 317 316 316 315 315 315 315 316 316 317 317 318 317 318 318 319 319 298 298 298 299 299 300 300 301 301 301 301 301 302 302 302 303 303 304 304 304 304 304 304 305 305 305 306 305 305 306 306 306
323 323 322 322 322 321 321 320 320 321 321 343 342 342 341 341 341 340 340 339 339 339 339 339 340 340 341 341 342 342 342 343 343 343 343 343 344 343 343 344 343 343 343 343 318 317 316 316 316 315 315 315 315 315 316 316 317 317 318 318 319 319 298 298 299 299 299 299 299 300 300 301 301 301 302 302 303 302 302 303 303 304 304 304 305 304 304 305 305 305 306 306 306 306
322 322 322 322 322 321 321 321 320 320 342 342 341 341 341 341 341 340 340 339 339 339 340 340 341 341 341 341 342 342 343 343 343 343 343 343 343 343 343 343 343 343 343 342 317 317 317 317 316 316 315 315 315 316 316 317 317 318 318 319 319 319 298 298 298 298 299 299 300 300 301 301 301 301 301 302 302 302 303 303 303 304 303 304 304 304 305 305 305 306 305 305 306 306
322 322 322 321 321 320 320 321 320 320 342 342 342 341 341 340 340 339 339 339 339 339 339 339 341 341 342 342 343 342 343 343 343 343 343 344 343 343 344 343 343 344 343 343 317 317 317 317 317 316 316 315 315 315 316 316 317 317 318 318 319 319 298 298 298 299 299 300 299 299 300 300 301 301 301 302 302 303 303 303 303 303 303 304 304 305 305 304 305 305 305 306 306 306
322 322 322 321 321 320 320 320 320 342 341 341 341 341 341 340 340 339 339 339 339 339 340 340 341 341 342 342 342 342 343 343 343 343 343 343 343 343 343 343 343 343 343 342 317 317 317 316 316 315 315 315 315 316 316 316 317 317 318 318 319 319 298 298 298 298 298 299 299 300 300 301 301 301 302 301 301 302 302 303 303 303 304 304 304 304 304 304 305 305 306 305 305 305
321 321 321 320 320 321 320 320 342 342 342 341 341 340 340 339 339 339 339 339 340 341 341 341 341 342 342 342 343 342 343 343 344 343 343 344 343 344 344 343 344 343 343 343 318 318 317 317 316 316 315 315 315 316 316 316 316 317 317 318 318 319 298 298 298 298 299 299 300 300 300 300 300 301 301 301 302 302 303 303 303 303 303 303 304 304 304 305 304 304 305 305 305 306
