testData/tiles/oneDegreeCosts/grid28.0-14.0-29.0-15.0.asc
ncols   200
nrows   200
xllcorner   28.0
yllcorner   14.0
cellsize   0.005
NODATA_value   -9999.0
[rows 42 to 83 of 200, columns 94 to 187 of 200]
971 970 970 969 968 968 966 965 965 964 961 961 961 960 958 958 957 954 954 953 951 950 950 969 967 966 965 963 962 961 959 957 957 956 976 974 972 971 971 968 967 966 964 962 960 960 959 957 955 953 952 949 948 946 944 944 943 943 942 941 938 938 937 936 934 933 931 930 930 927 927 924 922 921 920 919 917 916 917 916 915 915 914 912 911 910 909 908 906 906 905 904 881 879
969 970 970 969 968 967 966 965 964 962 961 961 960 959 959 957 955 955 954 951 950 950 950 968 967 966 964 963 962 960 960 958 957 976 976 974 974 971 970 968 967 965 963 962 961 960 958 957 955 953 951 949 946 945 944 944 946 944 943 942 941 939 939 937 935 933 932 933 932 928 927 926 923 922 919 918 917 917 917 917 917 916 914 913 913 912 911 910 909 906 907 882 881 880
969 969 967 968 968 967 965 964 963 962 961 960 959 959 958 956 956 955 952 951 951 950 968 967 967 965 964 962 961 961 958 958 957 975 974 975 972 971 970 968 966 965 963 962 960 958 957 956 955 952 950 949 948 946 946 945 944 944 944 941 941 939 938 937 936 935 933 932 932 930 928 926 923 923 919 918 917 918 917 918 917 916 916 915 913 912 911 910 909 886 886 884 882 880
969 967 967 967 965 965 965 964 962 961 961 960 958 958 957 957 955 953 952 951 951 969 967 967 965 964 964 962 961 959 959 958 976 975 974 972 972 970 969 968 966 965 963 961 960 957 957 955 954 952 951 949 948 947 946 946 945 945 943 942 940 940 939 937 936 936 934 932 931 931 928 926 925 923 922 921 921 919 919 919 918 918 917 916 914 913 911 910 887 886 886 885 883 882
968 968 967 965 965 964 964 963 962 961 960 959 958 957 956 954 954 952 951 951 951 967 968 966 964 963 964 962 960 960 958 958 976 975 973 971 971 971 968 967 966 964 962 960 959 959 956 955 953 952 950 948 947 947 946 945 944 943 942 942 941 940 939 938 937 935 934 932 931 931 929 927 926 924 923 922 921 920 920 919 919 918 917 916 915 915 914 891 889 887 885 885 884 883
969 966 966 966 965 963 963 962 961 961 960 958 957 957 955 954 953 952 952 951 969 968 966 965 964 963 962 961 960 958 958 976 976 975 972 972 971 969 968 967 965 963 961 961 959 957 955 953 954 951 949 948 948 947 947 946 945 944 944 943 943 941 939 940 938 937 935 934 932 931 928 927 927 925 925 924 922 921 920 919 920 919 917 917 916 915 892 891 890 889 887 887 884 883
966 965 967 964 964 964 963 961 961 960 958 959 958 956 954 954 952 951 951 951 968 967 966 966 964 963 961 959 959 959 958 977 975 973 973 971 970 968 967 966 965 963 963 960 958 956 955 953 951 950 950 949 950 948 947 946 946 944 944 942 942 941 941 940 939 938 935 933 931 931 930 930 929 929 928 926 924 923 921 921 920 920 920 919 895 894 892 891 890 889 888 886 886 884
966 965 964 963 965 962 962 962 960 958 958 958 956 954 955 953 951 951 951 968 968 967 966 964 964 961 960 960 958 958 978 976 975 973 972 971 968 968 967 965 964 963 961 959 957 956 954 953 951 950 951 951 949 949 948 947 946 945 943 942 942 941 942 940 938 936 935 934 933 932 932 931 931 930 928 927 926 925 922 921 920 920 920 896 896 895 895 893 892 890 888 887 886 885
965 965 964 962 962 961 962 960 959 959 957 956 954 954 953 952 951 951 969 967 966 965 965 964 962 962 960 959 958 958 977 975 974 973 972 969 969 967 966 964 963 962 960 958 958 956 954 952 951 950 950 950 949 949 948 947 945 945 944 943 942 941 941 940 939 937 935 935 934 933 932 931 932 931 929 928 927 925 925 923 921 920 897 897 897 896 895 894 893 891 890 888 887 885
965 963 963 963 962 960 960 959 960 956 956 955 953 953 952 951 951 951 968 968 966 965 964 962 963 961 960 959 958 958 975 974 973 972 970 970 968 967 964 964 961 960 959 959 957 955 953 952 951 950 950 949 949 948 948 947 947 945 945 944 943 942 942 940 938 938 937 936 935 935 935 933 932 932 932 930 929 927 926 924 900 899 899 898 898 897 896 894 893 892 890 889 887 886
962 962 961 960 960 959 959 957 956 956 954 954 954 953 951 951 950 967 969 967 965 964 963 962 960 960 959 958 958 976 975 972 972 971 970 970 967 966 964 963 962 959 959 956 956 954 953 951 951 951 951 950 949 948 948 947 947 945 944 944 943 941 941 939 939 938 938 938 937 936 937 935 934 933 933 931 930 928 927 903 901 900 900 899 898 897 896 895 894 893 891 890 888 887
962 961 960 960 959 958 958 957 956 955 954 953 952 952 951 950 950 968 966 965 965 964 963 961 960 959 958 957 957 976 974 974 971 970 970 967 966 965 965 963 961 960 958 956 953 953 952 952 951 952 950 949 948 949 947 947 946 945 946 944 943 941 940 939 940 940 939 938 938 938 937 935 935 934 933 932 932 931 907 905 904 903 900 899 898 898 898 896 895 894 892 891 891 889
960 959 960 959 957 958 957 955 956 955 953 952 952 950 950 950 969 967 966 964 964 963 962 960 960 958 957 956 975 974 975 973 971 970 968 967 965 965 963 962 960 959 956 955 955 952 951 951 953 951 950 949 948 948 946 945 945 945 945 944 943 942 943 942 941 940 939 939 939 939 939 937 936 935 935 934 909 909 907 907 905 904 902 900 900 899 898 897 896 894 893 892 891 890
959 959 958 957 957 957 955 955 954 952 952 953 950 950 950 967 966 967 964 964 964 961 960 960 959 958 956 955 975 974 973 971 970 969 968 966 965 963 962 960 960 958 957 955 954 951 951 951 950 950 950 950 948 948 947 947 945 945 944 944 945 944 943 943 942 941 940 942 942 941 940 939 937 936 935 911 910 909 910 908 907 905 903 902 900 899 898 897 897 896 895 893 891 890
958 958 957 957 956 955 955 955 953 952 952 950 949 950 950 967 966 965 964 964 962 961 959 959 958 956 956 954 974 973 971 970 969 968 967 966 964 962 960 960 958 956 956 954 952 951 951 950 950 949 950 949 948 947 947 947 946 944 944 944 944 944 943 943 944 943 942 942 942 941 940 939 938 938 915 914 911 911 911 909 909 907 906 903 901 900 899 898 897 896 896 895 894 890
957 957 956 955 955 955 953 953 952 951 951 949 949 949 966 966 966 964 962 962 961 960 960 958 956 957 954 954 973 972 971 970 969 966 965 964 963 962 961 959 957 955 954 952 951 952 952 951 949 949 948 948 947 947 946 946 946 946 945 945 944 944 945 944 943 943 943 942 941 941 941 941 917 916 915 915 914 913 912 910 908 907 907 905 903 902 901 900 898 897 895 895 894 892
956 956 955 955 954 953 952 953 951 950 949 948 949 949 965 966 964 963 963 962 960 959 957 957 956 955 954 972 972 971 970 970 967 966 964 964 961 961 959 958 955 955 952 952 951 951 950 950 950 949 948 947 947 946 946 946 946 946 946 946 946 946 945 945 945 945 944 944 943 942 941 918 917 917 916 915 914 914 913 912 910 909 907 905 904 902 901 901 900 899 896 894 894 893
956 955 953 954 952 952 952 951 949 949 949 947 946 965 965 964 963 961 961 961 959 958 957 956 955 953 952 974 971 970 969 967 966 965 965 962 961 959 958 956 957 954 953 950 951 949 949 949 949 948 947 947 947 946 946 946 948 947 946 947 946 946 946 945 945 947 946 945 944 921 920 919 918 918 918 918 917 915 914 914 912 911 909 908 906 903 902 901 900 899 898 897 893 892
954 953 952 953 951 951 950 950 948 948 947 946 946 965 963 962 962 961 960 959 957 957 956 954 954 952 952 971 970 969 968 967 965 964 962 961 960 958 957 956 954 952 951 950 950 949 948 948 947 948 948 946 946 946 948 947 947 947 947 947 947 946 946 946 946 946 945 946 922 922 921 921 920 919 919 919 919 916 915 914 912 911 910 909 907 907 906 903 901 900 898 897 896 894
953 952 952 951 950 951 949 948 948 947 945 946 964 963 963 962 960 960 959 957 958 956 954 954 953 952 952 970 969 968 968 965 965 962 961 959 959 958 956 955 953 950 950 948 949 949 949 948 947 947 946 946 946 948 947 947 947 947 947 947 947 948 947 947 946 946 945 923 923 923 922 921 920 921 920 919 917 916 917 916 914 912 911 909 909 907 905 904 903 901 899 897 896 894
952 951 950 950 949 948 948 948 946 945 945 945 963 962 961 961 960 958 958 957 956 955 953 953 952 950 971 968 968 968 965 964 963 962 960 960 957 956 954 954 951 951 949 948 947 947 948 947 946 946 946 946 947 947 948 947 948 948 947 947 948 948 948 948 948 925 925 924 923 921 921 921 922 922 921 920 919 918 917 916 916 915 914 912 911 908 906 904 902 902 901 898 896 894
950 950 950 948 948 949 947 945 945 945 944 963 961 962 961 958 958 958 956 956 955 952 953 952 950 950 968 968 968 966 964 963 962 960 960 958 956 954 953 951 950 950 949 947 948 946 946 946 947 946 946 947 948 948 948 948 948 948 948 948 948 948 948 948 926 925 924 924 924 924 923 922 924 923 921 920 919 919 918 917 916 915 915 914 913 910 909 907 904 901 901 900 898 896
948 950 948 947 948 946 945 945 944 943 943 961 961 961 958 958 958 956 955 954 954 952 951 950 949 949 968 966 965 964 963 963 961 959 958 956 955 954 952 951 949 948 946 947 946 945 945 947 946 946 947 948 948 948 948 948 948 948 948 948 948 948 925 925 925 925 925 925 924 924 924 924 923 923 923 922 922 921 919 919 918 917 915 915 913 912 910 907 905 903 900 899 899 898
948 948 946 946 946 944 943 944 943 941 962 961 959 959 959 956 956 955 953 954 952 951 950 949 949 947 966 966 964 963 963 960 959 958 957 955 954 952 951 949 948 947 945 945 945 945 947 946 946 946 947 947 947 948 948 948 948 948 948 947 948 926 926 925 925 925 925 925 925 924 924 924 925 924 923 922 923 922 921 920 919 918 917 916 914 913 911 909 907 905 901 900 898 897
946 945 946 944 944 944 943 941 941 941 959 959 959 958 956 956 955 954 953 952 950 950 949 947 948 945 965 964 963 962 961 959 957 956 955 954 953 951 949 948 946 947 945 945 944 946 945 946 946 947 947 947 947 947 948 948 948 949 948 927 927 926 927 926 926 926 926 925 925 926 926 925 924 924 923 923 922 922 922 921 921 920 918 917 915 913 911 911 908 906 904 901 899 897
944 945 943 942 944 941 941 941 940 959 959 957 957 957 955 954 953 953 952 950 949 948 948 945 945 944 964 964 961 960 959 958 957 956 954 951 951 949 948 947 946 944 944 944 944 945 945 945 946 946 948 948 948 948 948 948 948 948 926 927 926 926 926 926 927 926 926 927 926 926 925 925 926 925 924 924 923 922 922 922 922 922 919 918 917 915 913 911 909 907 905 902 900 898
944 943 942 942 941 940 940 939 939 958 956 956 956 954 954 954 952 950 950 949 949 948 945 945 945 943 963 961 960 959 958 957 955 954 952 951 949 948 947 947 945 945 943 943 944 945 945 946 946 947 947 947 948 947 948 948 925 925 926 927 926 926 927 926 926 926 927 926 926 926 926 926 925 925 926 925 924 923 924 922 921 920 920 919 918 918 915 913 910 909 907 903 900 898
943 941 941 941 939 938 939 938 956 957 956 955 954 952 954 951 950 951 949 948 946 946 944 944 942 941 961 960 958 958 956 955 954 952 950 949 949 946 946 945 944 944 943 943 945 944 944 946 947 946 947 947 946 947 948 925 925 925 926 926 926 927 926 926 926 926 926 926 926 927 926 926 925 925 924 924 924 924 924 923 922 922 920 919 919 918 916 914 912 910 906 903 901 898
940 941 939 938 939 937 937 937 956 956 954 953 954 951 951 950 948 949 947 946 945 945 942 942 941 939 960 958 957 956 954 954 951 952 950 948 946 946 946 945 944 944 942 944 944 944 944 945 945 946 947 946 946 925 925 925 925 927 926 927 926 926 926 927 927 927 926 926 927 927 927 925 925 925 925 925 924 925 925 924 924 923 922 920 919 918 917 917 914 911 908 905 901 898
938 938 937 938 936 936 935 955 955 953 952 952 951 950 949 949 947 946 946 944 944 942 943 940 939 938 959 957 956 954 952 953 951 949 948 947 946 946 946 944 945 943 942 943 943 943 945 945 945 946 946 946 924 925 924 925 924 925 926 926 926 926 926 926 926 926 927 928 927 926 926 927 927 926 926 926 925 924 924 924 924 923 923 922 921 920 918 916 915 913 910 906 903 899
938 936 937 936 934 935 935 953 953 951 951 951 949 948 948 947 946 945 944 943 943 940 940 938 938 938 957 954 955 953 951 950 949 948 947 946 946 946 945 944 943 942 942 943 942 944 944 945 946 946 923 923 923 923 924 924 924 925 925 925 926 926 926 926 926 926 926 927 926 926 927 926 925 925 926 925 925 926 925 924 922 922 922 922 921 921 921 918 916 912 909 906 902 899
935 935 935 934 933 933 953 951 950 951 949 948 948 947 946 945 945 943 943 942 940 938 940 937 936 955 955 953 953 951 949 949 947 947 948 946 946 945 944 944 943 941 941 942 942 943 945 944 945 921 922 923 923 923 923 923 925 925 925 924 924 925 925 925 926 926 926 926 926 926 926 926 925 925 925 926 925 926 925 924 924 924 922 921 921 921 920 920 917 913 910 905 903 899
934 933 933 932 932 931 950 950 950 948 947 948 946 945 945 942 943 942 940 940 939 937 937 935 934 933 953 952 952 949 949 948 948 947 946 945 945 945 943 943 942 942 941 942 942 942 943 921 921 921 921 921 923 923 924 924 924 925 925 924 926 925 925 926 926 927 926 927 926 926 926 926 926 925 926 925 925 925 924 924 923 923 922 922 922 920 920 918 916 913 908 905 902 898
932 931 932 931 929 930 949 948 948 946 947 945 944 943 943 942 941 940 938 939 937 936 935 933 934 931 952 950 949 948 949 948 946 946 945 944 945 943 943 943 942 941 940 940 942 919 920 920 920 921 922 922 921 923 922 923 924 924 924 924 924 925 924 924 926 925 925 927 926 925 925 926 925 925 926 926 925 924 924 923 922 922 922 921 921 920 919 916 915 912 909 905 902 898
931 930 930 929 928 948 947 947 945 945 945 944 942 943 941 940 939 939 937 937 935 935 933 931 932 930 949 949 948 948 948 946 946 945 944 944 945 943 943 942 940 941 939 940 918 918 919 920 920 920 921 921 921 921 922 922 922 924 923 923 923 923 923 925 925 925 925 924 924 926 925 924 924 925 925 925 925 925 924 923 922 921 921 921 920 919 917 916 912 910 907 904 900 898
929 928 927 926 928 946 945 944 945 944 942 942 941 940 939 938 938 937 936 935 933 934 931 930 929 928 949 949 948 947 947 946 945 945 944 945 943 942 942 941 939 939 915 916 918 918 918 919 919 920 919 920 920 921 922 922 922 922 922 924 923 925 924 924 924 926 924 924 924 924 924 924 925 925 924 924 923 923 923 922 922 921 921 919 918 917 915 914 912 909 906 903 900 897
927 926 926 926 945 944 944 943 942 941 941 940 938 939 936 938 936 934 934 933 931 931 930 928 928 928 948 948 947 947 945 945 946 944 943 943 943 941 941 940 917 916 915 915 917 917 918 918 918 918 919 920 921 921 920 923 922 922 923 922 922 923 924 924 924 923 924 925 924 924 924 924 924 924 924 923 923 923 922 921 921 919 919 919 918 917 913 912 910 908 904 901 899 895
925 925 924 924 943 943 941 942 940 940 939 938 936 936 936 935 933 933 932 931 930 929 928 928 928 927 947 947 946 946 946 944 944 943 943 943 941 941 941 917 916 915 913 916 915 916 916 918 918 919 918 918 920 920 920 920 921 920 921 922 922 922 922 924 923 923 923 923 923 923 923 924 924 923 923 923 923 922 921 920 920 920 919 917 916 914 913 911 908 906 903 901 898 896
923 924 923 941 942 941 940 939 938 938 936 936 936 935 933 933 931 931 930 929 928 928 928 927 927 926 947 945 945 946 944 943 943 942 942 942 942 917 917 915 916 914 913 914 915 916 917 916 916 918 918 917 918 919 919 920 919 920 920 920 922 922 922 922 921 921 923 922 921 922 922 922 922 923 922 922 921 920 921 920 920 918 916 916 914 913 911 909 906 904 902 898 896 894
921 921 920 940 939 938 937 938 937 935 936 934 933 933 931 931 930 929 929 928 928 928 927 926 926 925 946 946 944 944 943 942 942 942 942 918 917 917 916 915 914 914 913 915 914 914 915 916 915 915 916 916 918 917 919 918 918 920 920 920 920 920 922 922 921 921 922 921 921 921 921 921 922 921 921 921 921 920 919 918 920 918 916 915 912 910 908 908 905 903 901 898 894 892
919 919 919 938 937 937 936 936 935 932 934 932 932 930 930 930 928 928 928 927 927 927 925 926 925 924 946 944 943 943 942 942 941 942 918 917 916 916 915 914 915 913 913 913 914 913 913 914 914 915 915 918 917 917 918 918 918 918 918 919 920 920 920 919 921 921 920 920 920 920 922 922 921 920 920 919 919 918 918 918 917 916 914 914 912 911 908 905 903 902 899 897 893 891
916 918 936 935 936 935 934 933 933 932 931 930 929 929 928 928 928 926 927 927 925 925 925 925 924 923 944 943 942 943 941 941 918 917 917 916 916 915 915 913 913 912 912 911 912 912 913 913 915 914 914 916 917 916 916 916 916 918 917 917 918 919 920 919 918 919 919 919 920 920 919 919 920 919 919 918 918 917 917 916 915 914 913 911 910 908 906 905 904 899 897 896 892 889
