testData/tiles/oneDegreeCosts/grid12.0-19.0-13.0-20.0.asc
ncols   200
nrows   200
xllcorner   12.0
yllcorner   19.0
cellsize   0.005
NODATA_value   -9999.0
[rows 42 to 83 of 200, columns 94 to 187 of 200]
463 463 464 464 464 465 465 465 466 466 466 467 467 467 468 468 468 469 469 469 469 470 470 470 471 471 471 413 415 415 415 416 416 417 418 419 419 421 422 422 423 424 425 426 427 428 428 429 430 431 432 433 434 434 435 437 437 438 438 440 440 441 442 443 444 444 446 446 447 448 449 450 450 451 489 490 491 491 492 339 340 340 341 343 343 344 344 346 346 347 347 348 350 350
463 464 464 464 465 465 465 466 466 466 467 467 467 468 468 468 468 469 469 469 470 470 470 471 471 471 413 413 415 415 416 416 416 418 419 419 421 421 422 423 424 425 425 427 428 428 429 430 431 431 433 434 434 435 436 437 438 438 440 440 441 442 443 444 444 446 446 447 447 449 450 450 451 452 490 490 491 493 493 494 340 342 342 343 344 344 346 346 347 347 349 349 350 351
464 464 464 465 465 465 466 466 466 467 467 467 467 468 468 468 469 469 469 470 470 470 471 471 471 413 413 415 415 416 416 416 418 418 419 421 421 422 422 424 425 425 427 427 428 429 430 431 431 433 433 434 435 436 437 437 439 440 440 441 442 443 443 444 446 446 447 447 449 449 450 451 452 453 490 491 492 493 494 494 496 496 343 343 345 346 346 347 347 349 349 350 350 352
464 464 465 465 465 466 466 466 466 467 467 467 468 468 468 469 469 469 470 470 470 471 471 471 413 413 415 415 416 416 416 418 418 419 420 421 422 422 424 424 425 427 427 428 428 430 430 431 433 433 434 434 436 437 437 439 439 440 441 442 443 443 444 445 446 447 448 449 449 450 451 452 453 453 492 492 493 493 495 496 496 497 497 345 345 346 347 348 349 349 350 350 352 352
464 464 465 465 465 466 466 466 467 467 467 468 468 468 469 469 469 470 470 470 471 471 471 413 413 413 415 416 416 416 417 418 419 420 421 421 422 424 424 425 426 427 428 428 430 430 431 432 433 434 434 436 436 437 439 439 440 440 442 443 443 445 445 446 446 448 449 449 450 451 452 452 453 455 492 493 493 495 495 496 497 498 499 499 346 346 348 349 349 350 351 352 352 353
464 465 465 465 466 466 466 467 467 467 468 468 468 469 469 469 470 470 470 471 471 412 412 413 413 415 416 416 416 417 418 418 420 421 421 422 423 424 425 426 427 427 429 430 430 431 432 433 433 435 436 436 437 438 439 440 440 442 442 443 445 445 446 446 448 448 449 450 451 452 452 453 454 455 493 493 495 495 496 496 498 499 499 500 501 348 348 349 351 351 352 352 353 354
465 465 465 466 466 466 467 467 467 468 468 468 469 469 469 470 470 470 470 471 412 412 413 413 415 416 416 416 417 418 418 420 420 421 422 423 424 424 426 427 427 429 429 430 431 432 433 433 435 435 436 437 438 439 439 441 442 442 443 444 445 446 446 448 448 449 449 451 452 452 454 454 455 455 494 495 495 496 497 498 498 499 500 501 502 502 503 350 351 352 352 354 354 355
465 465 466 466 466 467 467 467 468 468 468 469 469 469 469 470 470 470 471 412 412 413 413 413 416 416 416 417 417 418 419 420 421 421 423 424 424 426 426 427 429 429 430 430 432 433 433 435 435 436 436 438 439 439 441 441 442 443 444 445 445 446 448 448 449 450 451 451 452 454 454 455 455 457 494 495 496 497 498 498 499 500 501 502 502 504 504 505 351 352 354 354 355 355
465 465 466 466 466 467 467 467 468 468 468 469 469 469 470 470 470 471 412 412 413 413 413 416 416 416 417 417 418 418 420 421 421 423 423 424 426 426 427 428 429 430 430 432 432 433 434 435 436 436 438 438 439 441 441 442 442 444 445 445 447 447 448 448 450 451 451 452 453 454 455 455 457 457 458 495 497 498 498 499 500 501 501 502 504 504 505 505 507 353 354 355 355 357
465 466 466 466 467 467 467 468 468 468 469 469 469 470 470 470 412 412 412 413 413 413 414 416 416 416 417 418 418 420 420 421 423 423 424 425 426 427 427 429 429 430 432 432 433 434 435 435 436 438 438 439 440 441 442 442 444 444 445 447 447 448 448 450 450 451 452 453 454 454 456 457 457 458 459 497 497 498 500 500 501 501 503 503 504 505 505 507 507 508 354 356 357 357
466 466 466 467 467 467 468 468 468 469 469 469 470 470 470 412 412 412 413 413 413 414 416 416 416 417 417 418 419 420 421 422 423 424 425 426 426 427 429 429 430 431 432 433 434 435 435 436 437 438 439 440 441 441 442 444 444 445 446 447 448 448 450 450 451 452 453 454 454 456 456 457 458 459 460 497 498 499 500 501 501 503 503 504 504 506 507 507 508 509 510 510 357 358
466 466 467 467 467 468 468 468 469 469 469 470 470 470 412 412 412 412 413 413 413 416 416 416 417 417 418 419 420 420 422 423 423 425 425 426 427 428 429 429 431 432 432 434 434 435 436 437 438 438 440 441 441 442 443 444 445 446 447 447 448 450 450 451 452 453 453 454 456 456 457 457 459 460 460 498 499 500 500 501 503 503 504 504 506 506 507 508 509 510 510 511 512 359
466 466 467 467 467 468 468 468 469 469 469 470 411 411 412 412 412 413 413 413 414 416 416 417 417 417 419 420 420 422 422 423 425 425 426 426 428 429 429 431 431 432 434 434 435 435 437 438 438 440 440 441 443 443 444 444 446 447 447 448 449 450 451 452 453 453 454 455 456 457 457 459 459 460 462 499 500 500 502 502 503 504 505 506 506 507 507 509 510 510 511 512 513 513
466 467 467 467 468 468 468 469 469 469 470 411 411 412 412 412 413 413 413 414 416 416 417 417 417 419 419 420 422 422 423 423 425 426 426 428 428 429 431 431 432 433 434 435 435 437 437 438 440 440 441 442 443 444 444 446 446 447 449 449 450 450 452 453 453 454 455 456 456 458 459 459 460 461 462 500 500 502 502 503 503 505 506 506 507 508 509 509 510 512 512 513 513 514
467 467 467 468 468 468 469 469 469 470 411 411 412 412 412 413 413 413 414 416 416 417 417 417 419 419 420 420 422 423 423 425 425 426 428 428 429 430 431 432 433 434 434 435 437 437 438 439 440 441 442 443 443 444 446 446 447 448 449 450 450 452 452 453 454 455 456 456 458 458 459 460 461 462 462 500 502 502 503 503 505 505 506 507 508 509 509 510 511 512 513 513 515 515
467 467 468 468 468 469 469 469 411 411 411 412 412 412 413 413 413 414 414 416 417 417 417 417 419 420 420 422 422 423 425 425 426 427 428 429 430 431 431 433 434 434 435 436 437 438 439 440 440 442 443 443 444 445 446 447 448 449 449 450 452 452 453 454 455 456 456 458 458 459 459 461 462 462 464 501 502 503 504 505 505 506 507 508 509 509 511 511 512 512 513 515 515 516
467 467 468 468 468 469 469 411 411 411 412 412 412 412 413 413 413 414 416 416 417 417 417 419 419 420 422 422 423 424 425 426 427 428 428 430 431 431 432 433 434 435 436 437 437 439 440 440 442 442 443 444 445 446 446 448 449 449 450 451 452 453 454 455 455 456 458 458 459 459 461 461 462 464 464 502 502 504 505 505 506 507 508 508 509 511 511 512 512 514 514 515 516 517
467 468 468 468 469 469 411 411 411 411 412 412 412 413 413 413 414 414 416 417 417 417 418 419 420 421 422 423 424 425 425 427 428 428 430 430 431 432 433 434 434 436 437 437 439 439 440 442 442 443 443 445 446 446 448 448 449 450 451 452 452 454 455 455 456 457 458 459 460 461 461 462 463 464 465 502 504 504 505 506 507 508 508 509 510 511 512 512 514 514 515 515 517 518
468 468 468 469 410 410 411 411 411 412 412 412 413 413 413 414 414 416 417 417 417 418 419 419 421 422 422 424 424 425 427 427 428 429 430 431 431 433 434 434 436 436 437 439 439 440 441 442 443 443 445 445 446 448 448 449 449 451 452 452 454 454 455 456 457 458 458 460 461 461 462 463 464 464 465 467 504 505 506 507 508 508 510 510 511 511 513 514 514 515 516 517 517 518
468 468 469 410 410 411 411 411 412 412 412 413 413 413 414 414 414 417 417 417 418 419 419 421 421 422 424 424 425 425 427 428 428 430 431 431 433 433 434 436 436 437 438 439 440 440 442 442 443 445 445 446 447 448 449 449 451 451 452 454 454 455 455 457 458 458 460 460 461 461 463 464 464 466 466 467 505 506 507 507 508 510 510 511 511 513 513 514 515 516 517 517 518 519
468 410 410 410 410 411 411 411 412 412 413 413 413 414 414 414 417 417 417 417 418 419 420 421 422 422 424 425 425 427 427 428 430 430 431 433 433 434 435 436 437 438 439 439 440 442 442 443 444 445 446 447 448 448 449 451 451 452 453 454 455 456 457 457 458 460 460 461 461 463 463 464 466 466 467 467 506 507 507 508 509 510 511 511 513 513 514 514 516 517 517 518 519 520
410 410 410 410 411 411 411 412 412 412 413 413 413 414 414 416 417 417 417 418 419 419 421 422 422 424 424 425 427 427 428 429 430 431 432 433 433 435 436 436 438 439 439 440 441 442 443 444 445 445 447 448 448 449 450 451 452 453 454 454 456 457 457 458 459 460 461 462 463 463 464 465 466 467 467 469 506 507 508 509 510 510 512 513 513 514 515 516 516 517 519 519 520 354
410 410 410 411 411 411 412 412 412 413 413 413 414 414 414 417 417 417 418 418 419 421 421 422 424 424 425 426 427 428 429 430 430 432 433 433 435 435 436 437 438 439 440 441 442 442 444 445 445 447 447 448 449 450 451 451 453 454 454 456 456 457 458 459 460 460 462 463 463 464 465 466 466 467 469 469 507 508 509 510 510 512 512 513 514 515 516 516 517 518 519 353 353 354
410 410 411 411 411 412 412 412 413 413 413 414 414 414 417 417 417 418 418 419 420 421 422 423 424 424 426 427 427 429 430 430 432 432 433 434 435 436 436 438 439 439 441 441 442 444 444 445 447 447 448 448 450 451 451 453 453 454 456 456 457 457 459 460 460 462 462 463 463 465 466 466 468 468 469 470 508 509 509 510 512 512 513 513 515 515 516 517 518 519 353 353 354 354
410 410 411 411 411 412 412 412 413 413 413 414 414 414 417 417 418 418 419 420 421 421 423 424 424 426 426 427 428 429 430 431 432 433 433 435 436 436 438 438 439 441 441 442 443 444 445 446 447 447 448 450 450 451 453 453 454 455 456 457 457 459 459 460 462 462 463 463 465 465 466 468 468 469 469 471 509 509 510 511 512 513 514 515 515 516 517 518 351 351 353 353 354 355
410 411 411 411 412 412 412 413 413 413 414 414 414 417 417 417 418 418 419 420 421 422 423 424 425 426 427 427 429 430 430 432 433 433 435 435 436 438 438 439 440 441 442 443 444 444 445 447 447 448 449 450 451 452 453 454 455 456 456 457 459 459 460 461 462 462 463 465 465 466 467 468 469 469 471 471 509 511 511 512 512 514 515 515 516 517 518 351 351 353 353 354 354 356
411 411 411 412 412 412 413 413 413 414 414 414 415 417 417 418 418 419 420 421 421 423 424 424 426 427 427 429 429 430 432 432 433 434 435 436 437 438 439 440 441 441 443 444 444 445 446 447 448 449 450 450 452 453 453 455 455 456 457 458 459 459 461 462 462 463 464 465 466 467 468 468 469 471 471 472 510 511 512 512 514 514 515 516 517 350 350 351 352 353 354 354 356 356
411 411 411 412 412 412 413 413 414 414 414 415 417 417 418 418 418 420 421 421 423 423 424 426 426 427 429 429 430 431 432 433 434 435 435 437 438 438 440 441 441 442 443 444 445 446 447 447 449 450 450 452 452 453 455 455 456 456 458 459 459 461 461 462 463 464 465 465 467 468 468 469 470 471 472 473 474 511 512 514 514 515 515 517 350 350 352 352 353 353 355 356 356 357
411 411 412 412 412 413 413 413 414 414 414 417 417 417 418 418 419 420 421 423 423 424 425 426 427 428 429 430 431 432 432 434 435 435 436 437 438 439 440 441 442 443 444 444 446 447 447 449 449 450 452 452 453 453 455 456 456 458 458 459 461 461 462 462 464 465 465 467 467 468 470 470 471 471 473 474 474 512 513 514 515 516 349 349 350 352 352 353 353 355 355 356 357 358
411 412 412 412 413 413 413 414 414 414 415 417 417 418 418 418 420 421 421 423 424 424 426 426 427 429 429 430 431 432 433 434 435 436 437 438 438 440 441 441 443 443 444 446 446 447 449 449 450 451 452 453 453 455 455 456 458 458 459 460 461 462 462 464 464 465 467 467 468 469 470 471 471 473 473 474 476 513 514 514 348 349 349 350 351 352 353 353 355 355 356 356 358 359
411 412 412 412 413 413 414 414 414 415 417 417 418 418 418 420 420 421 423 423 424 425 426 427 428 429 430 431 432 432 434 435 435 437 438 438 440 440 441 443 443 444 445 446 447 448 449 450 450 452 452 453 455 455 456 457 458 459 460 461 461 462 464 464 465 466 467 468 469 470 470 471 473 473 474 475 476 514 514 348 348 349 350 351 352 352 354 355 355 356 357 358 358 359
412 412 412 413 413 413 414 414 414 415 417 417 418 418 419 420 421 422 423 424 425 426 426 428 429 429 431 432 432 434 434 435 437 437 438 440 440 441 442 443 444 445 446 446 448 449 449 450 452 452 453 454 455 456 457 458 458 460 461 461 462 463 464 465 466 467 467 469 470 470 471 472 473 474 475 476 476 347 348 348 349 350 351 352 352 354 354 355 356 357 358 358 359 360
412 412 413 413 413 414 414 414 415 417 417 418 418 418 420 420 421 423 423 424 426 426 427 428 429 431 431 432 434 434 435 436 437 438 439 440 440 442 443 443 444 446 446 447 448 449 450 451 452 452 454 455 455 457 458 458 460 460 461 462 463 464 464 466 467 467 469 469 470 471 472 473 473 475 476 344 344 347 348 349 350 351 351 352 354 354 355 355 357 358 358 359 360 361
412 412 413 413 413 414 414 415 415 417 418 418 418 420 420 421 422 423 424 425 426 427 428 429 429 431 432 432 434 435 435 437 437 438 440 440 441 442 443 444 445 446 447 448 449 449 451 452 452 454 454 455 457 457 458 460 460 461 461 463 464 464 466 466 467 469 469 470 470 472 473 473 475 475 344 344 344 348 348 350 351 351 352 353 354 355 355 357 357 358 360 360 361 361
412 413 413 413 414 414 414 415 417 417 418 418 419 420 420 422 423 423 425 426 426 428 428 429 431 431 432 434 434 435 436 437 438 439 440 441 442 443 443 445 446 446 448 449 449 451 451 452 454 454 455 456 457 458 458 460 460 461 463 463 464 466 466 467 468 469 470 470 472 472 473 475 344 344 344 344 344 348 350 350 351 352 353 354 354 356 357 357 358 359 360 360 361 363
413 413 413 414 414 414 415 415 417 418 418 418 420 420 421 422 423 424 425 426 428 428 429 430 431 432 433 434 435 436 437 437 439 440 440 442 443 443 445 445 446 448 448 449 451 451 452 453 454 455 455 457 457 458 460 460 461 462 463 464 465 466 467 468 469 469 470 472 472 473 344 344 344 344 344 344 344 350 350 351 351 353 354 354 356 356 357 358 359 360 360 361 362 363
413 413 413 414 414 415 415 417 418 418 418 419 420 421 422 423 423 425 426 426 428 429 429 431 431 432 434 434 436 437 437 439 439 440 442 442 443 445 445 446 447 448 449 450 451 451 452 454 454 455 457 457 458 459 460 461 462 463 463 465 466 466 468 469 469 470 471 472 344 344 344 344 344 344 344 344 344 344 351 352 353 353 354 356 356 357 357 359 360 360 362 362 363 363
413 413 414 414 414 415 415 417 418 418 419 420 420 422 422 423 425 425 426 428 428 429 431 431 432 433 434 435 436 437 438 439 440 440 442 443 443 445 446 446 448 448 449 451 451 452 453 454 455 456 457 458 459 460 460 462 463 463 465 465 466 467 468 469 469 471 344 344 344 344 344 344 344 344 344 344 344 344 352 353 353 354 355 356 357 357 359 359 360 362 362 363 363 365
413 414 414 414 415 415 417 418 418 418 419 420 421 422 423 423 425 426 427 428 429 430 431 431 433 434 434 436 437 437 439 440 440 442 442 443 445 445 446 447 448 449 450 451 452 453 454 454 456 457 457 459 460 460 462 462 463 465 465 466 466 468 469 469 471 344 344 344 344 344 344 344 344 344 344 344 344 344 352 353 354 355 356 356 358 359 359 360 361 362 362 363 365 365
413 414 414 414 415 415 418 418 418 419 420 420 422 423 423 425 425 426 428 428 429 431 431 433 433 434 436 436 437 439 439 440 441 442 443 444 445 446 447 448 448 450 451 451 453 454 454 456 456 457 459 459 460 461 462 463 463 465 466 466 468 468 469 344 344 344 344 344 344 344 344 344 344 344 344 344 344 344 353 353 355 356 356 358 358 359 360 361 362 362 363 364 365 366
414 414 414 415 415 417 418 418 418 419 420 422 422 423 424 425 426 427 428 429 430 431 432 433 434 434 436 437 437 439 440 440 442 442 444 445 445 447 448 448 450 450 451 453 453 454 456 456 457 458 459 460 460 462 462 463 465 465 466 468 468 344 344 344 344 344 344 344 344 344 344 344 344 344 344 344 344 344 353 355 355 356 358 358 359 359 361 361 362 364 364 365 365 367
414 414 415 415 415 418 418 418 419 420 420 422 423 423 425 425 427 428 428 430 431 431 433 434 434 436 436 437 439 439 440 442 442 443 444 445 446 447 448 449 450 451 451 453 454 454 456 457 457 459 459 460 462 462 463 464 465 466 467 344 344 344 344 344 344 344 344 344 344 344 344 344 344 344 344 344 344 344 354 355 356 357 358 358 359 361 361 362 363 364 365 365 367 367
