testData/tiles/oneDegreeCosts/grid13.0-42.0-14.0-43.0.asc
ncols   200
nrows   200
xllcorner   13.0
yllcorner   42.0
cellsize   0.005
NODATA_value   -9999.0
[rows 44 to 87 of 200, columns 96 to 191 of 200]
197 197 196 195 195 194 194 193 192 192 191 191 190 190 189 212 212 211 211 210 209 209 208 208 207 206 206 205 204 204 203 203 202 201 201 199 198 198 197 197 196 195 195 194 193 193 192 191 191 189 188 188 187 186 186 185 184 184 183 181 181 180 179 179 178 177 177 175 175 175 175 175 175 175 175 174 174 174 174 174 174 165 91 91 91 91 91 91 90 90 90 90 90 90 89 89
196 196 195 195 194 194 193 192 192 191 191 190 190 189 188 188 211 211 210 209 209 208 208 207 206 206 205 205 204 202 202 201 200 200 199 199 198 197 197 196 195 195 194 193 193 191 190 190 189 189 188 187 187 186 185 185 183 182 182 181 180 180 179 178 178 176 175 175 175 175 175 175 175 174 174 174 174 174 174 174 173 91 91 91 91 91 91 90 90 90 90 90 90 89 89 89
196 195 195 194 194 193 192 192 191 191 190 190 189 188 188 187 187 210 209 209 208 207 206 205 205 204 204 203 202 202 201 200 200 199 199 198 197 197 196 195 195 194 193 192 191 191 190 189 189 188 187 187 186 184 184 183 182 182 181 180 180 179 178 177 176 175 175 175 175 175 175 174 174 174 174 174 174 174 173 173 164 91 91 91 91 90 90 90 90 90 90 89 89 89 89 89
194 194 193 192 192 191 191 190 190 189 188 188 187 187 186 186 185 184 208 207 207 206 205 205 204 204 203 202 202 201 200 200 199 199 198 197 197 195 194 194 193 193 192 191 191 190 189 189 188 187 186 185 184 184 183 183 182 181 181 180 178 178 177 176 176 175 175 175 175 174 174 174 174 174 174 174 173 173 173 164 91 91 91 90 90 90 90 90 90 90 89 89 89 89 89 89
193 193 192 192 191 191 190 190 189 188 188 187 187 186 185 185 184 184 207 207 206 205 205 204 204 203 202 202 201 201 200 199 198 197 196 196 195 195 194 193 193 192 191 191 190 189 189 187 187 186 185 185 184 183 183 182 181 181 179 178 178 177 176 176 175 175 175 174 174 174 174 174 174 174 173 173 173 173 164 164 91 91 90 90 90 90 90 90 89 89 89 89 89 89 88 88
193 192 192 191 191 190 189 189 188 188 187 187 186 185 185 184 184 183 183 206 205 205 204 204 203 201 201 200 200 199 198 198 197 196 196 195 195 194 193 193 192 191 191 189 189 188 187 187 186 185 185 184 183 183 182 180 180 179 178 178 177 176 176 175 174 174 174 174 174 174 174 174 173 173 173 173 173 173 164 91 90 90 90 90 90 90 89 89 89 89 89 89 89 88 88 88
191 191 190 190 189 188 188 187 187 186 186 185 184 184 183 183 182 181 181 180 204 203 203 202 201 201 200 200 199 198 198 197 196 196 195 195 194 193 193 191 190 190 189 189 188 187 187 186 185 185 184 183 182 181 181 180 179 179 178 177 177 176 174 174 174 174 174 174 174 174 173 173 173 173 173 173 173 164 163 90 90 90 90 90 90 89 89 89 89 89 89 88 88 88 88 88
191 190 189 189 188 188 187 187 186 185 185 184 184 183 183 182 181 181 180 180 179 203 202 201 201 200 200 199 198 198 197 196 196 195 194 193 192 192 191 191 190 189 189 188 187 187 186 185 185 183 183 182 181 181 180 179 179 178 177 176 175 174 174 174 174 174 174 174 173 173 173 173 173 173 173 173 163 163 163 90 90 90 90 89 89 89 89 89 89 89 88 88 88 88 88 88
190 189 189 188 188 187 187 186 185 185 184 184 183 183 182 181 181 180 180 179 178 202 201 201 200 200 199 198 197 196 195 195 194 194 193 192 192 191 191 190 189 189 188 187 187 185 185 184 183 183 182 181 181 180 179 179 178 176 176 175 174 174 174 174 174 174 173 173 173 173 173 173 173 173 172 163 163 163 90 90 90 89 89 89 89 89 89 89 88 88 88 88 88 88 87 87
188 188 187 187 187 186 186 185 185 184 184 183 182 182 181 181 180 179 178 177 177 176 200 199 199 198 197 197 196 195 195 194 194 193 192 192 191 191 190 189 189 187 186 186 185 185 184 183 183 182 181 181 180 179 178 177 177 176 175 175 174 174 174 173 173 173 173 173 173 173 173 173 172 172 172 163 163 163 90 89 89 89 89 89 89 89 88 88 88 88 88 88 88 87 87 87
188 187 186 186 185 185 184 184 183 183 182 181 181 180 180 179 179 178 177 177 176 176 175 198 198 197 197 196 195 195 194 194 193 192 192 191 191 189 188 188 187 187 186 185 185 184 183 183 182 181 180 179 179 178 177 177 176 175 175 174 174 173 173 173 173 173 173 173 173 173 172 172 172 172 163 163 163 89 89 89 89 89 89 89 89 88 88 88 88 88 88 87 87 87 87 87
187 186 186 185 185 184 184 183 182 182 181 181 180 180 179 179 178 177 177 176 176 175 174 174 197 197 196 195 195 194 194 192 191 191 190 190 189 188 188 187 187 186 185 185 184 183 183 181 181 180 179 179 178 177 177 176 175 175 173 173 173 173 173 173 173 173 173 172 172 172 172 172 172 163 163 162 162 89 89 89 89 89 89 88 88 88 88 88 88 88 87 87 87 87 87 87
186 186 185 185 184 183 183 182 182 181 181 180 180 179 178 178 177 177 176 176 175 174 174 172 172 195 194 194 193 193 192 191 191 190 190 189 188 188 187 187 186 185 185 183 182 182 181 181 180 179 179 178 177 177 176 175 174 173 173 173 173 173 173 173 173 172 172 172 172 172 172 172 163 162 162 162 89 89 89 89 89 88 88 88 88 88 88 88 87 87 87 87 87 87 86 86
185 184 183 183 182 182 181 181 180 180 179 178 178 177 177 176 176 175 175 174 173 173 172 172 171 194 194 193 193 192 191 191 190 190 189 188 188 187 187 185 184 184 183 183 182 181 181 180 179 179 178 177 176 175 175 174 173 173 173 173 173 173 172 172 172 172 172 172 172 172 172 162 162 162 162 162 89 89 89 88 88 88 88 88 88 88 87 87 87 87 87 87 87 86 86 86
184 183 183 182 182 181 181 180 180 179 178 178 177 177 176 176 175 174 174 173 173 172 172 171 170 170 193 193 192 191 191 190 190 188 187 187 186 186 185 184 184 183 183 182 181 181 180 179 179 177 177 176 175 175 174 173 173 173 173 173 172 172 172 172 172 172 172 172 172 171 171 162 162 162 162 89 89 88 88 88 88 88 88 88 87 87 87 87 87 87 87 86 86 86 86 86
183 183 182 182 181 181 180 179 179 178 178 177 177 176 176 175 174 174 173 173 172 172 171 170 170 169 168 191 190 190 189 189 188 187 187 186 186 185 184 184 183 183 182 181 181 179 178 178 177 177 176 175 175 174 173 173 173 172 172 172 172 172 172 172 172 172 171 171 171 171 162 162 162 162 162 88 88 88 88 88 88 88 87 87 87 87 87 87 87 86 86 86 86 86 86 86
182 181 180 180 179 179 178 178 177 177 176 176 175 174 174 173 173 172 172 171 170 170 169 169 168 168 167 166 190 189 189 188 187 187 186 186 185 184 184 183 183 181 180 180 179 179 178 177 177 176 175 175 174 174 172 172 172 172 172 172 172 172 172 172 171 171 171 171 171 162 162 162 162 161 88 88 88 88 88 88 87 87 87 87 87 87 87 87 86 86 86 86 86 86 85 85
181 180 180 179 179 178 178 177 177 176 175 175 174 174 173 173 172 172 171 170 170 169 169 168 168 167 166 166 165 189 188 187 187 186 186 185 183 183 182 182 181 180 180 179 179 178 177 177 176 175 174 173 173 172 172 172 172 172 172 172 172 171 171 171 171 171 171 171 162 162 161 161 161 161 88 88 88 88 87 87 87 87 87 87 87 87 86 86 86 86 86 86 86 85 85 85
180 180 179 179 178 178 177 176 176 175 175 174 174 173 173 172 171 171 170 170 169 169 168 167 167 166 166 165 165 163 186 186 185 185 184 183 183 182 182 181 180 180 179 179 178 177 177 175 174 174 173 173 172 172 172 172 172 172 172 171 171 171 171 171 171 171 171 162 161 161 161 161 161 88 88 88 87 87 87 87 87 87 87 87 86 86 86 86 86 86 86 85 85 85 85 85
178 178 178 178 177 177 176 176 175 175 174 174 173 172 172 171 171 170 170 168 168 167 166 166 165 165 164 164 163 162 162 185 185 184 183 183 182 182 181 180 180 179 179 177 176 176 175 175 174 173 173 172 172 172 172 171 171 171 171 171 171 171 171 171 171 171 161 161 161 161 161 161 161 88 87 87 87 87 87 87 87 87 86 86 86 86 86 86 86 85 85 85 85 85 85 85
178 177 177 176 176 175 175 174 174 173 172 172 171 171 170 170 169 169 168 167 167 166 166 165 165 164 163 163 162 162 161 161 184 183 183 182 182 181 179 179 178 178 177 176 176 175 175 174 173 173 172 172 171 171 171 171 171 171 171 171 171 171 171 170 170 170 161 161 161 161 161 161 87 87 87 87 87 87 87 87 86 86 86 86 86 86 86 85 85 85 85 85 85 85 84 84
177 177 176 176 175 175 174 173 173 172 172 171 171 170 170 169 169 168 167 167 166 166 165 165 164 163 163 162 162 161 161 160 158 182 181 181 180 179 179 178 178 177 176 176 175 175 174 173 173 171 171 171 171 171 171 171 171 171 171 171 170 170 170 170 170 161 161 161 161 161 160 160 87 87 87 87 87 87 86 86 86 86 86 86 86 85 85 85 85 85 85 85 84 84 84 84
176 176 175 175 174 174 173 173 172 172 171 171 170 170 169 168 168 167 167 166 166 165 165 164 162 162 161 161 160 159 159 158 158 181 181 180 179 179 178 178 177 176 176 175 175 173 172 172 171 171 171 171 171 171 171 171 171 170 170 170 170 170 170 170 161 161 161 160 160 160 160 87 87 87 87 87 86 86 86 86 86 86 86 86 85 85 85 85 85 85 85 84 84 84 84 84
175 174 174 173 173 172 172 171 171 170 169 169 168 168 167 167 166 166 165 165 164 163 163 162 162 161 161 160 159 159 158 158 157 157 180 179 179 178 178 177 175 175 174 174 173 172 172 171 171 171 171 171 171 171 170 170 170 170 170 170 170 170 170 161 160 160 160 160 160 160 160 87 87 86 86 86 86 86 86 86 86 86 85 85 85 85 85 85 85 84 84 84 84 84 84 84
174 174 173 173 172 171 171 170 170 169 169 168 168 167 167 166 166 165 164 164 163 163 162 162 161 161 160 159 159 158 158 157 156 156 155 178 177 177 176 175 175 174 174 173 172 172 171 171 171 171 170 170 170 170 170 170 170 170 170 170 170 170 160 160 160 160 160 160 160 160 87 86 86 86 86 86 86 86 86 85 85 85 85 85 85 85 85 84 84 84 84 84 84 84 83 83
173 173 172 172 171 171 170 170 169 169 168 168 167 167 166 165 165 164 164 163 163 162 162 161 160 160 159 159 157 157 156 155 155 154 154 153 177 176 175 175 174 174 173 172 172 171 171 170 170 170 170 170 170 170 170 170 170 170 170 169 169 160 160 160 160 160 160 160 160 159 86 86 86 86 86 86 86 85 85 85 85 85 85 85 85 84 84 84 84 84 84 84 83 83 83 83
172 171 171 170 170 169 169 168 168 167 167 166 165 165 164 164 163 163 162 162 161 160 160 159 159 158 158 157 157 156 155 155 154 154 153 152 152 175 175 174 174 173 171 171 170 170 170 170 170 170 170 170 170 170 170 170 169 169 169 169 160 160 160 160 160 160 159 159 159 86 86 86 86 86 86 85 85 85 85 85 85 85 85 84 84 84 84 84 84 84 83 83 83 83 83 83
171 171 170 169 169 168 168 167 167 166 166 165 165 164 164 163 163 162 161 161 160 160 159 159 158 158 157 156 156 155 155 154 154 153 152 152 151 150 173 173 172 171 171 170 170 170 170 170 170 170 170 170 169 169 169 169 169 169 169 160 160 160 160 159 159 159 159 159 159 86 86 86 86 85 85 85 85 85 85 85 85 84 84 84 84 84 84 84 84 83 83 83 83 83 83 83
170 170 169 169 168 168 167 167 166 166 165 165 164 164 163 162 162 161 161 160 160 159 159 158 158 157 156 156 155 155 154 153 152 151 151 150 150 149 148 172 171 171 170 170 170 170 170 170 169 169 169 169 169 169 169 169 169 169 160 160 159 159 159 159 159 159 159 159 86 86 85 85 85 85 85 85 85 85 85 84 84 84 84 84 84 84 84 83 83 83 83 83 83 83 82 82
170 169 169 168 168 167 167 166 166 165 164 164 163 163 162 162 161 161 160 160 159 158 157 156 156 155 155 154 154 153 152 152 151 151 150 150 149 148 148 147 171 170 170 170 169 169 169 169 169 169 169 169 169 169 169 169 169 159 159 159 159 159 159 159 159 159 159 159 85 85 85 85 85 85 85 85 85 84 84 84 84 84 84 84 84 83 83 83 83 83 83 83 82 82 82 82
168 167 167 166 166 165 165 164 164 163 163 162 162 161 161 160 160 159 159 158 157 157 156 156 155 155 154 154 153 152 152 151 151 150 150 149 148 148 147 146 145 145 169 169 169 169 169 169 169 169 169 169 169 169 168 168 159 159 159 159 159 159 159 159 159 158 158 85 85 85 85 85 85 85 84 84 84 84 84 84 84 84 83 83 83 83 83 83 83 83 82 82 82 82 82 82
167 167 166 166 165 165 164 164 163 163 162 162 161 161 160 159 159 158 158 157 157 156 156 155 155 154 153 153 152 152 151 151 150 149 148 147 147 146 146 145 145 145 145 169 169 169 169 169 169 169 168 168 168 168 168 159 159 159 159 159 159 159 158 158 158 158 158 85 85 85 85 85 84 84 84 84 84 84 84 84 83 83 83 83 83 83 83 83 82 82 82 82 82 82 82 81
167 166 166 165 165 164 164 163 163 162 161 161 160 160 159 159 158 158 157 157 156 156 155 154 154 152 152 151 151 150 150 149 148 148 147 147 146 146 145 145 145 145 145 145 169 169 168 168 168 168 168 168 168 168 159 159 159 159 159 158 158 158 158 158 158 158 85 85 85 84 84 84 84 84 84 84 84 84 83 83 83 83 83 83 83 83 82 82 82 82 82 82 82 81 81 81
165 164 164 163 163 162 162 161 161 160 160 159 159 158 158 157 157 156 156 155 154 154 153 153 152 152 151 151 150 149 149 148 148 147 147 146 146 145 145 145 145 145 144 144 144 168 168 168 168 168 168 168 168 159 159 159 158 158 158 158 158 158 158 158 158 85 85 84 84 84 84 84 84 84 84 84 83 83 83 83 83 83 83 83 82 82 82 82 82 82 82 82 81 81 81 81
164 164 163 163 162 162 161 161 160 160 159 159 158 158 157 156 156 155 155 154 154 153 153 152 152 151 151 150 149 149 148 148 147 147 146 145 144 144 144 144 144 144 144 144 144 144 168 168 168 168 168 168 158 158 158 158 158 158 158 158 158 158 158 158 157 84 84 84 84 84 84 84 84 83 83 83 83 83 83 83 83 83 82 82 82 82 82 82 82 82 81 81 81 81 81 81
163 163 162 162 161 161 160 160 159 159 158 158 157 157 156 156 155 155 154 154 153 153 152 152 151 150 150 149 149 147 147 146 146 145 144 144 144 144 144 144 144 144 144 144 144 144 144 168 167 167 167 158 158 158 158 158 158 158 158 158 158 157 157 157 84 84 84 84 84 84 84 83 83 83 83 83 83 83 83 83 82 82 82 82 82 82 82 82 81 81 81 81 81 81 81 80
162 161 161 160 160 160 160 159 159 158 158 157 157 156 156 155 154 153 153 152 151 151 150 150 149 149 148 148 147 147 146 145 145 144 144 144 144 144 144 144 144 144 144 144 143 143 143 143 167 167 158 158 158 158 158 158 158 157 157 157 157 157 157 157 84 84 84 84 83 83 83 83 83 83 83 83 83 82 82 82 82 82 82 82 82 82 81 81 81 81 81 81 81 80 80 80
161 161 160 160 159 159 158 158 157 157 156 156 155 155 154 153 153 152 152 151 151 150 150 149 149 148 148 147 146 146 145 145 144 144 144 144 144 144 144 143 143 143 143 143 143 143 143 143 143 158 158 158 158 158 157 157 157 157 157 157 157 157 157 84 84 83 83 83 83 83 83 83 83 83 83 82 82 82 82 82 82 82 82 81 81 81 81 81 81 81 81 80 80 80 80 80
160 160 159 159 158 158 157 157 156 156 155 155 154 154 153 153 152 152 151 151 150 150 149 149 148 147 147 146 146 145 145 144 143 143 143 143 143 143 143 143 143 143 143 143 143 143 143 143 134 134 133 157 157 157 157 157 157 157 157 157 157 157 156 83 83 83 83 83 83 83 83 83 82 82 82 82 82 82 82 82 82 81 81 81 81 81 81 81 81 80 80 80 80 80 80 80
160 159 159 158 158 157 157 156 156 155 155 154 154 153 153 152 152 151 151 150 149 149 148 147 146 146 145 145 144 144 143 143 143 143 143 143 143 143 143 143 143 143 143 143 143 143 142 133 133 133 133 133 157 157 157 157 157 157 157 156 156 156 83 83 83 83 83 83 83 83 82 82 82 82 82 82 82 82 82 81 81 81 81 81 81 81 81 80 80 80 80 80 80 80 80 79
158 157 157 157 156 156 155 155 154 154 153 152 152 151 151 150 150 149 149 148 148 147 147 146 146 145 145 144 143 143 143 143 143 143 143 143 143 143 143 143 143 142 142 142 142 142 133 133 133 133 133 133 133 157 157 157 156 156 156 156 156 156 83 83 83 83 83 82 82 82 82 82 82 82 82 82 81 81 81 81 81 81 81 81 81 80 80 80 80 80 80 80 80 79 79 79
157 157 156 156 155 155 154 154 153 153 152 152 151 151 150 150 149 149 148 148 147 147 146 146 145 144 144 143 143 143 143 143 143 143 143 142 142 142 142 142 142 142 142 142 142 133 133 133 133 133 133 133 132 132 156 156 156 156 156 156 156 83 83 83 82 82 82 82 82 82 82 82 82 82 81 81 81 81 81 81 81 81 81 80 80 80 80 80 80 80 80 79 79 79 79 79
157 156 156 155 155 154 154 153 153 152 152 151 151 150 150 149 149 148 148 147 146 146 145 145 144 144 143 142 142 142 142 142 142 142 142 142 142 142 142 142 142 142 142 142 133 133 133 133 132 132 132 132 132 132 132 132 156 156 156 156 156 82 82 82 82 82 82 82 82 82 82 81 81 81 81 81 81 81 81 81 80 80 80 80 80 80 80 80 80 79 79 79 79 79 79 79
155 154 154 153 153 152 152 151 151 150 150 149 149 148 148 147 147 146 146 145 145 144 144 143 143 142 142 142 142 142 142 142 142 142 142 142 142 142 142 142 142 142 142 132 132 132 132 132 132 132 132 132 132 132 132 132 132 155 155 155 82 82 82 82 82 82 82 82 82 81 81 81 81 81 81 81 81 81 80 80 80 80 80 80 80 80 79 79 79 79 79 79 79 79 78 78
