testData/tiles/oneDegreeCosts/grid1.0-25.0-2.0-26.0.asc
ncols   200
nrows   200
xllcorner   1.0
yllcorner   25.0
cellsize   0.005
NODATA_value   -9999.0
[rows 80 to 119 of 200, columns 89 to 177 of 200]
997 999 1001 1004 1006 1009 1011 1013 1015 1019 1020 1022 1025 1027 1028 1031 1033 1035 1037 1039 1039 1042 1043 1045 1046 1047 1049 1050 1052 1054 1056 1057 1059 1060 1062 1063 1065 1066 1065 1066 1067 1069 1070 1072 1072 1073 1075 1076 1076 1076 1077 1153 1153 1155 1156 1155 1156 1157 1157 1159 1159 1158 1159 1159 1160 1159 1161 1160 1160 1160 1162 1161 1159 1160 1159 1161 1161 1159 1160 1159 1159 1159 1158 1158 1158 1157 1156 1156 1155
995 997 999 1002 1005 1008 1010 1013 1014 1017 1019 1021 1023 1026 1027 1030 1031 1034 1035 1036 1037 1039 1041 1043 1044 1046 1048 1050 1051 1053 1054 1057 1058 1060 1061 1063 1063 1062 1064 1065 1067 1068 1070 1071 1071 1073 1073 1074 1074 1075 1151 1152 1153 1154 1154 1154 1155 1155 1157 1158 1157 1157 1157 1158 1158 1159 1159 1159 1159 1160 1159 1158 1159 1160 1159 1160 1159 1159 1160 1158 1157 1157 1157 1157 1156 1156 1156 1155 1154
992 996 998 1000 1003 1005 1009 1010 1013 1014 1018 1019 1021 1024 1026 1027 1030 1031 1033 1034 1037 1038 1040 1042 1044 1045 1047 1048 1050 1052 1054 1055 1057 1058 1059 1060 1060 1062 1063 1065 1066 1068 1069 1069 1070 1070 1072 1072 1074 1075 1150 1151 1152 1152 1152 1153 1155 1155 1156 1157 1156 1156 1157 1158 1157 1157 1158 1158 1158 1160 1158 1158 1158 1158 1159 1158 1158 1158 1159 1156 1157 1157 1157 1155 1155 1155 1154 1152 1153
992 995 997 999 1003 1004 1007 1009 1012 1013 1016 1018 1020 1023 1025 1027 1028 1030 1031 1034 1035 1038 1039 1041 1042 1045 1046 1048 1049 1051 1052 1053 1054 1055 1057 1058 1059 1060 1062 1063 1065 1066 1066 1067 1068 1070 1071 1072 1073 1148 1149 1149 1150 1151 1151 1153 1154 1154 1154 1154 1154 1155 1156 1156 1156 1157 1157 1158 1158 1158 1156 1158 1158 1157 1157 1157 1158 1158 1155 1156 1156 1155 1155 1154 1155 1155 1153 1152 1152
991 993 996 999 1000 1004 1005 1008 1010 1013 1014 1018 1019 1021 1023 1026 1026 1028 1030 1032 1034 1036 1037 1040 1041 1043 1045 1047 1048 1049 1050 1052 1053 1055 1056 1057 1058 1060 1061 1063 1063 1063 1065 1066 1068 1069 1070 1071 1147 1148 1147 1148 1149 1149 1151 1152 1153 1152 1153 1154 1154 1154 1154 1154 1155 1156 1156 1156 1156 1155 1156 1156 1156 1156 1157 1156 1156 1156 1154 1156 1155 1154 1154 1154 1154 1152 1152 1151 1151
990 992 995 998 999 1003 1004 1007 1009 1012 1014 1015 1019 1020 1022 1023 1026 1027 1030 1031 1033 1035 1037 1037 1040 1041 1043 1045 1047 1048 1050 1051 1053 1054 1055 1056 1058 1059 1059 1060 1061 1063 1064 1066 1067 1068 1069 1069 1145 1145 1146 1147 1148 1149 1150 1151 1150 1151 1152 1152 1153 1152 1153 1153 1155 1154 1154 1155 1156 1154 1155 1155 1155 1155 1155 1156 1155 1154 1154 1154 1153 1153 1153 1154 1152 1151 1151 1151 1149
988 990 993 995 998 999 1003 1004 1007 1009 1012 1013 1017 1018 1019 1021 1024 1025 1027 1030 1031 1033 1035 1037 1038 1040 1042 1044 1045 1048 1049 1051 1052 1054 1054 1054 1056 1056 1058 1059 1061 1062 1064 1065 1066 1066 1067 1143 1142 1144 1145 1147 1146 1147 1149 1148 1149 1151 1151 1151 1151 1151 1153 1153 1153 1153 1154 1154 1153 1154 1154 1153 1153 1155 1153 1154 1154 1152 1153 1152 1153 1153 1151 1151 1151 1150 1149 1150 1149
986 989 992 994 997 998 1002 1003 1006 1009 1011 1013 1014 1017 1018 1020 1022 1025 1026 1028 1030 1032 1033 1036 1037 1039 1040 1042 1043 1046 1046 1049 1050 1051 1051 1053 1054 1056 1057 1059 1060 1062 1062 1063 1064 1065 1141 1141 1142 1143 1144 1144 1145 1147 1146 1148 1149 1148 1149 1150 1149 1151 1150 1151 1151 1152 1152 1154 1151 1152 1152 1153 1152 1153 1152 1154 1153 1151 1152 1151 1152 1151 1151 1150 1151 1148 1148 1147 1147
985 989 990 993 995 998 1000 1003 1004 1007 1009 1011 1012 1014 1018 1019 1021 1023 1026 1027 1029 1030 1033 1033 1036 1037 1039 1040 1042 1043 1045 1046 1047 1048 1050 1052 1054 1055 1056 1057 1059 1060 1059 1061 1062 1064 1139 1139 1140 1142 1143 1143 1145 1145 1145 1146 1147 1148 1148 1148 1148 1149 1150 1150 1150 1152 1151 1150 1150 1152 1150 1151 1152 1152 1152 1151 1150 1151 1150 1150 1150 1149 1150 1148 1148 1148 1148 1146 1146
983 985 988 991 993 996 997 1001 1003 1005 1006 1008 1011 1012 1015 1017 1019 1020 1023 1025 1027 1028 1030 1033 1034 1037 1038 1040 1041 1043 1044 1045 1046 1047 1048 1050 1051 1053 1054 1055 1057 1057 1059 1059 1061 1137 1137 1138 1140 1141 1141 1142 1142 1143 1144 1146 1146 1146 1146 1146 1147 1148 1148 1148 1149 1150 1149 1150 1149 1150 1150 1150 1151 1149 1151 1150 1150 1149 1148 1150 1149 1148 1149 1148 1147 1146 1146 1145 1144
982 984 988 989 992 995 997 999 1001 1002 1005 1007 1010 1012 1013 1017 1018 1020 1021 1024 1026 1028 1029 1031 1033 1035 1035 1038 1039 1041 1041 1043 1044 1046 1047 1049 1050 1052 1053 1053 1054 1056 1057 1059 1060 1135 1136 1138 1138 1138 1139 1140 1142 1142 1144 1144 1144 1144 1144 1146 1147 1146 1147 1147 1148 1149 1148 1147 1149 1148 1149 1148 1149 1149 1150 1147 1148 1148 1148 1147 1147 1147 1147 1146 1145 1145 1145 1144 1143
980 982 985 987 990 991 994 996 998 1001 1003 1005 1007 1010 1011 1013 1016 1018 1019 1021 1024 1026 1028 1029 1031 1032 1034 1036 1038 1040 1041 1042 1044 1045 1046 1047 1049 1049 1051 1052 1054 1055 1057 1058 1132 1133 1134 1136 1136 1137 1138 1139 1139 1141 1142 1142 1142 1143 1143 1144 1144 1145 1146 1145 1147 1146 1146 1147 1146 1146 1148 1147 1148 1147 1147 1147 1147 1146 1147 1146 1147 1146 1145 1145 1143 1143 1142 1144 1142
978 981 983 987 988 990 993 995 997 1000 1001 1004 1006 1009 1011 1012 1014 1017 1019 1020 1022 1024 1027 1028 1030 1031 1032 1034 1035 1036 1037 1041 1042 1043 1044 1046 1047 1049 1050 1051 1052 1054 1055 1130 1131 1132 1133 1133 1134 1135 1137 1137 1139 1140 1140 1139 1140 1141 1142 1143 1142 1143 1144 1145 1144 1145 1145 1145 1145 1146 1145 1145 1146 1147 1144 1145 1145 1145 1145 1144 1144 1145 1144 1142 1143 1142 1141 1140 1141
976 979 981 983 985 988 989 993 995 997 1000 1002 1004 1005 1009 1010 1012 1013 1017 1019 1020 1022 1024 1026 1028 1030 1031 1033 1033 1035 1036 1038 1038 1040 1042 1044 1045 1047 1048 1050 1051 1053 1053 1127 1128 1130 1131 1132 1133 1135 1135 1136 1137 1137 1138 1138 1140 1139 1141 1140 1141 1143 1142 1142 1143 1143 1143 1143 1143 1144 1144 1145 1144 1145 1144 1144 1143 1143 1144 1144 1143 1143 1142 1140 1141 1141 1141 1139 1140
973 976 979 981 985 987 989 992 994 995 998 1000 1003 1005 1007 1010 1011 1013 1015 1018 1019 1021 1021 1023 1026 1028 1030 1030 1032 1033 1035 1036 1038 1039 1041 1042 1044 1044 1046 1047 1048 1049 1125 1126 1128 1129 1129 1130 1132 1133 1134 1135 1135 1135 1135 1137 1137 1139 1139 1138 1140 1140 1142 1142 1141 1142 1141 1142 1143 1143 1142 1143 1144 1142 1142 1142 1143 1142 1141 1142 1142 1141 1141 1140 1140 1139 1139 1138 1137
972 974 978 979 982 984 987 989 992 994 996 999 1000 1003 1004 1007 1009 1011 1013 1015 1018 1019 1021 1022 1024 1026 1027 1029 1031 1031 1033 1035 1036 1038 1039 1041 1042 1044 1044 1046 1046 1122 1123 1125 1126 1127 1128 1129 1130 1130 1131 1132 1134 1134 1135 1135 1136 1136 1136 1138 1138 1139 1139 1139 1140 1139 1139 1140 1141 1140 1141 1141 1141 1141 1141 1140 1140 1141 1140 1140 1140 1139 1137 1139 1138 1137 1137 1137 1136
970 972 974 977 979 982 985 987 989 992 993 996 999 1001 1003 1004 1008 1009 1011 1012 1014 1017 1019 1021 1022 1023 1024 1026 1029 1031 1032 1034 1035 1036 1037 1039 1039 1041 1042 1044 1045 1121 1122 1123 1123 1125 1126 1128 1128 1129 1129 1131 1131 1132 1133 1134 1133 1134 1135 1136 1137 1137 1137 1137 1138 1138 1139 1138 1139 1139 1140 1139 1140 1139 1138 1139 1139 1139 1139 1138 1139 1138 1137 1137 1136 1136 1134 1136 1134
967 970 972 977 978 981 983 986 988 991 993 995 997 999 1002 1003 1005 1009 1010 1012 1012 1014 1017 1019 1019 1021 1022 1024 1025 1027 1029 1031 1033 1034 1036 1037 1038 1039 1041 1042 1118 1119 1121 1121 1123 1123 1124 1124 1126 1127 1129 1129 1129 1130 1131 1131 1132 1133 1133 1135 1134 1136 1136 1135 1135 1136 1137 1138 1136 1137 1138 1138 1136 1138 1137 1138 1136 1137 1138 1137 1135 1135 1136 1134 1135 1134 1133 1133 1132
965 969 971 973 976 978 981 984 986 987 991 992 995 997 999 1002 1003 1005 1008 1010 1011 1013 1014 1016 1019 1019 1021 1022 1024 1025 1027 1028 1030 1031 1034 1035 1037 1039 1039 1040 1116 1117 1118 1119 1120 1122 1122 1123 1124 1126 1126 1128 1128 1127 1128 1129 1131 1131 1133 1131 1133 1134 1133 1134 1133 1135 1135 1135 1135 1136 1135 1137 1135 1135 1135 1136 1135 1135 1135 1136 1134 1134 1134 1132 1132 1133 1133 1130 1131
963 966 969 971 974 976 979 981 984 985 988 991 992 995 996 999 1001 1003 1005 1008 1010 1010 1012 1013 1015 1018 1020 1021 1022 1024 1025 1027 1028 1030 1031 1033 1034 1036 1036 1111 1112 1114 1115 1117 1118 1120 1120 1121 1122 1124 1124 1125 1125 1126 1126 1128 1128 1130 1130 1130 1131 1131 1131 1131 1132 1133 1132 1134 1134 1134 1134 1133 1133 1133 1134 1133 1135 1134 1133 1133 1131 1132 1132 1132 1130 1131 1130 1128 1127
962 964 967 969 971 974 976 979 981 984 985 988 990 993 995 996 1000 1001 1003 1004 1007 1008 1010 1012 1013 1015 1016 1020 1021 1022 1023 1025 1026 1028 1030 1031 1033 1032 1034 1110 1111 1112 1114 1115 1116 1117 1119 1120 1121 1121 1121 1122 1123 1124 1125 1125 1127 1127 1128 1129 1129 1128 1129 1130 1130 1129 1131 1131 1133 1131 1132 1132 1132 1131 1133 1132 1132 1131 1132 1131 1130 1130 1129 1131 1129 1129 1129 1127 1126
960 961 964 967 969 972 974 977 978 982 983 986 989 990 993 994 997 999 1001 1002 1003 1005 1008 1010 1011 1013 1014 1016 1018 1020 1021 1022 1024 1025 1027 1028 1030 1030 1107 1108 1110 1111 1112 1113 1114 1116 1117 1119 1117 1119 1119 1121 1121 1123 1123 1123 1124 1125 1126 1127 1127 1126 1128 1128 1128 1128 1129 1130 1130 1129 1130 1129 1129 1130 1129 1130 1130 1130 1129 1129 1129 1129 1129 1129 1128 1128 1127 1128 1127
956 960 962 964 967 969 972 974 977 978 982 983 986 988 990 993 994 996 998 1000 1001 1003 1004 1008 1010 1011 1013 1014 1016 1017 1018 1019 1022 1024 1025 1027 1027 1104 1105 1107 1108 1109 1109 1111 1112 1113 1114 1115 1115 1116 1117 1118 1119 1121 1119 1121 1122 1123 1124 1125 1123 1125 1125 1127 1125 1126 1127 1127 1127 1127 1127 1128 1127 1127 1128 1129 1128 1128 1129 1129 1129 1129 1129 1128 1129 1128 1127 1127 1127
954 958 959 962 965 967 970 972 975 976 980 981 983 986 988 990 991 993 994 998 1000 1001 1003 1004 1007 1009 1011 1012 1014 1016 1016 1018 1019 1021 1022 1023 1024 1102 1103 1105 1104 1105 1107 1108 1110 1111 1112 1112 1113 1114 1115 1116 1118 1117 1118 1119 1120 1121 1122 1120 1122 1123 1123 1124 1124 1125 1125 1126 1126 1126 1126 1127 1127 1127 1128 1128 1129 1128 1128 1129 1129 1129 1129 1128 1128 1128 1128 1127 1128
952 954 957 960 962 965 967 969 972 974 976 980 981 983 984 987 988 991 993 994 997 999 1001 1002 1004 1006 1008 1011 1011 1013 1014 1016 1017 1019 1020 1021 1098 1099 1100 1100 1102 1103 1105 1106 1108 1109 1110 1111 1111 1112 1113 1114 1115 1115 1116 1118 1118 1119 1119 1120 1121 1121 1122 1122 1124 1124 1125 1125 1125 1125 1126 1127 1127 1127 1129 1128 1128 1128 1128 1129 1129 1129 1129 1129 1128 1128 1127 1127 1127
949 952 955 957 960 963 965 967 969 973 974 976 979 980 983 984 987 988 991 992 994 997 999 1001 1002 1004 1004 1006 1008 1010 1012 1013 1015 1015 1017 1018 1095 1095 1097 1099 1100 1102 1103 1105 1105 1107 1108 1109 1109 1110 1111 1113 1113 1115 1116 1117 1117 1119 1119 1120 1120 1121 1122 1123 1124 1124 1125 1125 1125 1125 1127 1127 1127 1128 1128 1128 1128 1128 1128 1128 1129 1129 1129 1129 1128 1128 1128 1128 1127
947 950 952 955 958 959 963 965 967 970 972 973 976 978 980 982 984 986 988 991 992 994 996 999 1000 1002 1004 1005 1007 1008 1011 1012 1013 1014 1016 1093 1094 1096 1097 1099 1100 1102 1102 1104 1106 1107 1108 1107 1109 1110 1112 1112 1114 1115 1116 1116 1118 1118 1119 1120 1120 1121 1122 1123 1123 1124 1125 1125 1125 1126 1126 1127 1127 1128 1128 1129 1128 1128 1129 1128 1129 1129 1129 1128 1128 1128 1128 1128 1128
947 950 952 954 957 960 962 965 967 968 971 973 975 977 980 981 984 986 988 990 992 994 995 997 1000 1002 1004 1005 1007 1008 1010 1011 1012 1014 1016 1093 1094 1096 1098 1099 1100 1101 1103 1103 1105 1105 1106 1107 1109 1110 1111 1113 1114 1115 1115 1117 1118 1118 1119 1119 1120 1122 1122 1123 1123 1124 1125 1125 1125 1126 1126 1127 1127 1128 1128 1127 1128 1128 1128 1129 1129 1129 1129 1128 1129 1128 1128 1128 1128
947 948 952 954 956 960 961 963 966 968 970 973 975 976 979 982 983 986 987 990 992 994 996 997 999 1001 1003 1006 1007 1009 1009 1011 1012 1014 1090 1092 1094 1095 1096 1097 1099 1100 1102 1104 1104 1105 1106 1108 1109 1110 1111 1113 1113 1114 1115 1117 1117 1118 1118 1119 1120 1121 1121 1122 1123 1125 1124 1125 1125 1126 1126 1126 1127 1127 1129 1127 1128 1129 1128 1129 1129 1129 1129 1128 1128 1129 1128 1128 1127
946 949 951 954 956 958 961 962 966 967 970 971 975 977 978 981 983 985 988 989 992 993 996 997 999 1001 1002 1005 1006 1007 1008 1010 1012 1013 1090 1091 1093 1094 1096 1098 1099 1101 1102 1103 1103 1105 1106 1108 1108 1110 1111 1112 1113 1114 1116 1115 1117 1117 1118 1119 1121 1121 1122 1122 1124 1123 1124 1124 1126 1125 1126 1127 1127 1128 1127 1127 1128 1128 1128 1128 1129 1129 1128 1129 1128 1128 1128 1128 1127
945 949 949 953 954 957 961 962 965 967 970 972 973 977 978 980 983 985 987 989 991 992 995 997 999 1001 1002 1003 1004 1007 1009 1010 1012 1088 1090 1091 1093 1095 1096 1098 1099 1101 1101 1102 1104 1105 1107 1107 1108 1109 1111 1111 1113 1114 1116 1115 1116 1117 1118 1120 1119 1121 1121 1123 1123 1123 1124 1125 1125 1125 1127 1127 1127 1128 1127 1128 1128 1129 1129 1128 1130 1129 1128 1128 1129 1128 1128 1128 1128
944 947 949 952 955 957 959 962 964 967 969 972 973 976 978 980 983 984 987 988 991 993 994 997 998 1000 1001 1003 1005 1006 1008 1009 1086 1089 1090 1092 1093 1095 1096 1098 1099 1100 1101 1102 1103 1104 1105 1106 1108 1110 1110 1112 1113 1115 1114 1115 1116 1117 1118 1118 1119 1121 1121 1122 1122 1123 1123 1124 1124 1126 1126 1127 1127 1127 1127 1127 1128 1128 1128 1129 1129 1128 1129 1128 1129 1128 1128 1128 1129
943 946 950 951 954 956 959 961 964 967 968 971 973 975 978 980 982 984 986 989 990 993 994 996 997 999 1001 1002 1005 1006 1008 1010 1086 1088 1089 1091 1092 1093 1095 1096 1098 1098 1100 1101 1103 1104 1105 1107 1108 1109 1110 1112 1112 1112 1114 1115 1116 1117 1118 1118 1120 1120 1121 1121 1122 1123 1123 1124 1125 1125 1126 1127 1126 1126 1127 1127 1128 1129 1128 1129 1129 1128 1128 1128 1128 1129 1128 1128 1127
943 946 948 951 954 956 959 961 964 966 968 970 974 975 977 979 982 984 986 988 990 992 993 996 997 998 1000 1002 1004 1006 1007 1084 1085 1087 1088 1090 1092 1093 1095 1096 1097 1098 1100 1101 1102 1104 1105 1107 1107 1109 1110 1111 1111 1112 1114 1114 1116 1116 1117 1118 1120 1120 1121 1121 1122 1122 1123 1124 1125 1125 1126 1127 1126 1126 1127 1127 1128 1128 1128 1129 1128 1128 1129 1129 1128 1128 1129 1129 1127
943 945 948 951 953 956 958 961 962 966 967 970 972 975 977 978 981 984 985 987 989 991 993 994 996 998 1000 1002 1003 1006 1007 1084 1085 1087 1089 1090 1092 1093 1095 1095 1097 1099 1099 1101 1102 1104 1106 1106 1107 1108 1110 1110 1111 1112 1114 1114 1115 1116 1117 1119 1119 1120 1120 1121 1121 1122 1123 1124 1124 1125 1126 1125 1125 1127 1127 1128 1128 1129 1129 1128 1129 1128 1128 1129 1129 1128 1128 1127 1127
952 955 958 959 963 965 967 971 972 975 978 980 982 983 987 989 990 993 995 997 999 991 992 994 996 997 999 1002 1003 1005 1081 1083 1086 1087 1089 1090 1092 1093 1094 1096 1096 1098 1099 1101 1103 1103 1104 1105 1107 1108 1109 1110 1111 1113 1112 1114 1115 1116 1117 1117 1119 1119 1120 1120 1121 1122 1123 1123 1124 1125 1125 1125 1126 1126 1127 1128 1128 1128 1128 1128 1128 1128 1129 1129 1129 1129 1128 1128 1128
952 954 957 960 962 965 967 969 973 974 977 979 982 983 985 989 990 992 994 996 998 999 1002 1003 1005 1008 1009 1011 1012 1014 1092 1083 1085 1086 1088 1089 1090 1091 1092 1094 1095 1097 1099 1100 1102 1102 1104 1105 1107 1108 1108 1110 1110 1111 1112 1114 1115 1116 1117 1117 1119 1118 1119 1120 1121 1123 1122 1124 1124 1125 1124 1126 1125 1126 1127 1127 1128 1128 1128 1128 1128 1128 1128 1129 1128 1129 1128 1128 1128
952 953 956 960 961 965 966 969 972 974 976 978 981 984 985 987 990 992 993 995 998 999 1001 1003 1005 1007 1008 1011 1012 1089 1091 1092 1094 1095 1097 1099 1099 1101 1102 1094 1096 1097 1099 1099 1101 1102 1104 1106 1106 1107 1107 1109 1110 1111 1113 1113 1115 1115 1116 1117 1118 1118 1119 1120 1121 1121 1122 1123 1124 1123 1124 1125 1125 1126 1126 1127 1127 1128 1128 1128 1128 1128 1129 1129 1128 1128 1128 1128 1127
950 954 956 959 961 964 966 969 971 974 976 978 980 983 985 987 987 991 993 994 997 998 1001 1003 1004 1006 1008 1010 1012 1089 1091 1092 1094 1096 1097 1098 1099 1101 1103 1104 1106 1106 1108 1109 1111 1103 1104 1105 1105 1106 1108 1108 1110 1111 1112 1112 1114 1115 1116 1117 1116 1118 1118 1120 1121 1121 1123 1123 1124 1123 1125 1125 1125 1126 1126 1127 1127 1127 1128 1128 1129 1128 1128 1129 1129 1128 1128 1128 1128
950 954 955 958 961 963 966 968 971 972 976 978 980 982 983 986 988 989 993 994 996 998 1000 1003 1004 1006 1008 1009 1087 1088 1090 1091 1093 1095 1096 1098 1099 1101 1103 1103 1105 1106 1108 1110 1110 1112 1112 1113 1115 1116 1117 1108 1110 1111 1111 1113 1114 1115 1115 1115 1116 1118 1119 1119 1120 1121 1122 1122 1122 1123 1123 1125 1125 1126 1126 1128 1126 1127 1127 1128 1128 1128 1129 1128 1128 1128 1128 1128 1127
