testData/tiles/oneDegreeCosts/grid48.0-0.0-49.0-1.0.asc
ncols   200
nrows   200
xllcorner   48.0
yllcorner   0.0
cellsize   0.005
NODATA_value   -9999.0
[rows 44 to 87 of 200, columns 0 to 95 of 200]
202 202 203 203 204 204 204 205 205 205 206 206 206 207 207 207 208 208 208 209 209 209 210 210 210 211 211 211 212 212 212 213 213 213 214 214 214 215 215 215 216 216 216 217 217 217 218 218 218 219 219 219 220 220 220 221 221 221 221 222 222 222 223 223 223 224 250 250 251 251 251 251 252 252 252 253 253 253 254 254 254 254 255 255 255 256 256 256 257 257 257 257 258 258 258 259
202 202 203 203 203 204 204 204 205 205 205 206 206 206 207 207 207 208 208 208 209 209 209 210 210 210 211 211 211 212 212 212 213 213 213 214 214 214 215 215 215 216 216 216 217 217 217 218 218 218 219 219 219 220 220 220 220 221 221 221 222 222 222 223 223 223 224 224 250 251 251 251 251 252 252 252 253 253 253 254 254 254 254 255 255 255 256 256 256 256 257 257 257 258 258 258
202 202 202 203 203 203 204 204 204 205 205 205 206 206 206 207 207 207 208 208 208 209 209 209 210 210 210 211 211 211 212 212 212 213 213 213 214 214 214 215 215 215 216 216 216 217 217 217 218 218 218 219 219 219 220 220 220 220 221 221 221 222 222 222 223 223 223 224 224 224 224 251 251 251 252 252 252 253 253 253 253 254 254 254 255 255 255 256 256 256 256 257 257 257 258 258
201 202 202 202 203 203 203 204 204 204 205 205 205 206 206 206 207 207 207 208 208 208 209 209 209 210 210 210 211 211 211 212 212 212 213 213 213 214 214 214 215 215 215 216 216 216 217 217 217 218 218 218 219 219 219 220 220 220 220 221 221 221 222 222 222 223 223 223 224 224 224 224 225 251 251 252 252 252 253 253 253 253 254 254 254 255 255 255 255 256 256 256 257 257 257 257
201 201 202 202 202 203 203 203 204 204 204 205 205 205 206 206 206 207 207 207 208 208 208 209 209 209 210 210 210 211 211 211 212 212 212 213 213 213 214 214 214 215 215 215 216 216 216 217 217 217 218 218 218 219 219 219 220 220 220 220 221 221 221 222 222 222 223 223 223 224 224 224 224 225 225 251 252 252 252 253 253 253 253 254 254 254 255 255 255 255 256 256 256 257 257 257
201 201 201 202 202 202 203 203 203 204 204 204 205 205 205 206 206 206 207 207 207 208 208 209 209 209 210 210 210 210 211 211 211 212 212 212 213 213 213 214 214 214 215 215 215 216 216 216 217 217 217 218 218 218 219 219 219 219 220 220 220 221 221 221 222 222 222 223 223 223 223 224 224 224 225 225 225 226 252 252 252 253 253 253 254 254 254 254 255 255 255 256 256 256 256 257
200 201 201 201 202 202 202 203 203 203 204 204 204 205 205 206 206 206 207 207 207 208 208 208 209 209 209 210 210 210 211 211 211 211 212 212 212 213 213 213 214 214 214 215 215 215 216 216 216 217 217 217 218 218 218 219 219 219 219 220 220 220 221 221 221 222 222 222 223 223 223 223 224 224 224 225 225 225 226 226 252 252 253 253 253 254 254 254 254 255 255 255 256 256 256 256
200 200 201 201 201 202 202 202 203 203 204 204 204 205 205 205 206 206 206 207 207 207 208 208 208 209 209 209 210 210 210 211 211 211 212 212 212 212 213 213 213 214 214 214 215 215 215 216 216 216 217 217 217 218 218 218 219 219 219 219 220 220 220 221 221 221 222 222 222 222 223 223 223 224 224 224 225 225 225 225 226 226 252 253 253 253 253 254 254 254 255 255 255 255 256 256
200 200 200 201 201 202 202 202 203 203 203 204 204 204 205 205 205 206 206 206 207 207 207 208 208 208 209 209 209 210 210 210 211 211 211 212 212 212 212 213 213 213 214 214 214 215 215 215 216 216 216 217 217 217 218 218 218 218 219 219 219 220 220 220 221 221 221 222 222 222 222 223 223 223 224 224 224 225 225 225 225 226 226 226 227 253 253 253 254 254 254 255 255 255 255 256
199 200 200 201 201 201 202 202 202 203 203 203 204 204 204 205 205 205 206 206 206 207 207 207 208 208 208 209 209 209 210 210 210 211 211 211 212 212 212 212 213 213 213 214 214 214 215 215 215 216 216 216 217 217 217 218 218 218 218 219 219 219 220 220 220 221 221 221 222 222 222 222 223 223 223 224 224 224 224 225 225 225 226 226 226 227 227 253 253 254 254 254 254 255 255 255
199 200 200 200 201 201 201 202 202 202 203 203 203 204 204 204 205 205 205 206 206 206 207 207 207 208 208 208 209 209 209 210 210 210 211 211 211 212 212 212 212 213 213 213 214 214 214 215 215 215 216 216 216 217 217 217 218 218 218 218 219 219 219 220 220 220 221 221 221 221 222 222 222 223 223 223 224 224 224 224 225 225 225 226 226 226 226 227 227 227 254 254 254 254 255 255
199 199 200 200 200 201 201 201 202 202 202 203 203 203 204 204 204 205 205 205 206 206 206 207 207 207 208 208 208 209 209 209 210 210 210 211 211 211 212 212 212 212 213 213 213 214 214 214 215 215 215 216 216 216 217 217 217 217 218 218 218 219 219 219 220 220 220 221 221 221 221 222 222 222 223 223 223 223 224 224 224 225 225 225 226 226 226 226 227 227 227 227 228 254 254 255
199 199 199 200 200 200 201 201 201 202 202 202 203 203 203 204 204 204 205 205 205 206 206 206 207 207 207 208 208 208 209 209 209 210 210 210 211 211 211 212 212 212 212 213 213 213 214 214 214 215 215 215 216 216 216 217 217 217 217 218 218 218 219 219 219 220 220 220 220 221 221 221 222 222 222 223 223 223 223 224 224 224 225 225 225 225 226 226 226 227 227 227 227 228 228 254
198 199 199 199 200 200 200 201 201 201 202 202 202 203 203 203 204 204 204 205 205 205 206 206 206 207 207 207 208 208 208 209 209 209 210 210 210 211 211 211 212 212 212 212 213 213 213 214 214 214 215 215 215 216 216 216 217 217 217 217 218 218 218 219 219 219 220 220 220 220 221 221 221 222 222 222 222 223 223 223 224 224 224 225 225 225 225 226 226 226 226 227 227 227 228 228
198 198 199 199 199 200 200 200 201 201 201 202 202 202 203 203 203 204 204 204 205 205 205 206 206 206 207 207 207 208 208 208 209 209 209 210 210 210 211 211 211 211 212 212 212 213 213 213 214 214 214 215 215 215 216 216 216 216 217 217 217 218 218 218 219 219 219 219 220 220 220 221 221 221 222 222 222 222 223 223 223 224 224 224 224 225 225 225 226 226 226 226 227 227 227 228
198 198 198 199 199 199 200 200 200 201 201 201 202 202 202 203 203 203 204 204 204 205 205 205 206 206 206 207 207 207 208 208 208 209 209 209 210 210 210 211 211 211 211 212 212 212 213 213 213 214 214 214 215 215 215 216 216 216 216 217 217 217 218 218 218 219 219 219 219 220 220 220 221 221 221 222 222 222 222 223 223 223 224 224 224 224 225 225 225 225 226 226 226 227 227 227
197 198 198 198 199 199 199 200 200 200 201 201 201 202 202 202 203 203 203 204 204 204 205 205 205 206 206 206 207 207 207 208 208 208 209 209 209 210 210 210 211 211 211 211 212 212 212 213 213 213 214 214 214 215 215 215 215 216 216 216 217 217 217 218 218 218 219 219 219 219 220 220 220 221 221 221 221 222 222 222 223 223 223 223 224 224 224 225 225 225 225 226 226 226 227 227
197 197 198 198 198 199 199 199 200 200 200 201 201 201 202 202 202 203 203 203 204 204 204 205 205 205 206 206 206 207 207 207 208 208 208 209 209 209 210 210 210 211 211 211 211 212 212 212 213 213 213 214 214 214 215 215 215 215 216 216 216 217 217 217 218 218 218 218 219 219 219 220 220 220 221 221 221 221 222 222 222 223 223 223 223 224 224 224 224 225 225 225 226 226 226 226
197 197 197 198 198 198 199 199 199 200 200 200 201 201 201 202 202 202 203 203 203 204 204 204 205 205 205 206 206 206 207 207 207 208 208 208 209 209 209 210 210 210 210 211 211 211 212 212 212 213 213 213 214 214 214 215 215 215 215 216 216 216 217 217 217 218 218 218 218 219 219 219 220 220 220 220 221 221 221 222 222 222 222 223 223 223 224 224 224 224 225 225 225 226 226 226
196 197 197 197 198 198 198 199 199 199 200 200 200 201 201 201 202 202 202 203 203 203 204 204 204 205 205 205 206 206 206 207 207 207 208 208 208 209 209 209 210 210 210 210 211 211 211 212 212 212 213 213 213 214 214 214 214 215 215 215 216 216 216 217 217 217 217 218 218 218 219 219 219 220 220 220 220 221 221 221 222 222 222 222 223 223 223 223 224 224 224 225 225 225 225 226
196 197 197 197 198 198 198 199 199 199 200 200 200 201 201 201 201 202 202 202 203 203 203 204 204 204 205 205 205 206 206 206 207 207 207 208 208 208 209 209 209 210 210 210 210 211 211 211 212 212 212 213 213 213 214 214 214 214 215 215 215 216 216 216 217 217 217 217 218 218 218 219 219 219 219 220 220 220 221 221 221 221 222 222 222 223 223 223 223 224 224 224 225 225 225 225
196 196 197 197 197 198 198 198 199 199 199 200 200 200 201 201 201 202 202 202 202 203 203 203 204 204 204 205 205 205 206 206 206 207 207 207 208 208 208 209 209 209 210 210 210 210 211 211 211 212 212 212 213 213 213 213 214 214 214 215 215 215 216 216 216 216 217 217 217 218 218 218 219 219 219 219 220 220 220 221 221 221 221 222 222 222 222 223 223 223 224 224 224 224 225 225
196 196 196 197 197 197 198 198 198 199 199 199 200 200 200 201 201 201 202 202 202 202 203 203 203 204 204 204 205 205 205 206 206 206 207 207 207 208 208 208 209 209 209 209 210 210 210 211 211 211 212 212 212 213 213 213 213 214 214 214 215 215 215 216 216 216 216 217 217 217 218 218 218 218 219 219 219 220 220 220 220 221 221 221 222 222 222 222 223 223 223 224 224 224 224 225
195 196 196 196 197 197 197 198 198 198 199 199 199 200 200 200 201 201 201 202 202 202 202 203 203 203 204 204 204 205 205 205 206 206 206 207 207 207 208 208 208 209 209 209 209 210 210 210 211 211 211 212 212 212 213 213 213 213 214 214 214 215 215 215 215 216 216 216 217 217 217 218 218 218 218 219 219 219 220 220 220 220 221 221 221 222 222 222 222 223 223 223 223 224 224 224
195 195 196 196 196 197 197 197 198 198 198 199 199 199 200 200 200 201 201 201 202 202 202 202 203 203 203 204 204 204 205 205 205 206 206 206 207 207 207 208 208 208 209 209 209 209 210 210 210 211 211 211 212 212 212 212 213 213 213 214 214 214 215 215 215 215 216 216 216 217 217 217 217 218 218 218 219 219 219 219 220 220 220 221 221 221 221 222 222 222 223 223 223 223 224 224
195 195 195 196 196 196 197 197 197 198 198 198 199 199 199 200 200 200 201 201 201 202 202 202 202 203 203 203 204 204 204 205 205 205 206 206 206 207 207 207 208 208 208 208 209 209 209 210 210 210 211 211 211 212 212 212 212 213 213 213 214 214 214 215 215 215 215 216 216 216 217 217 217 217 218 218 218 219 219 219 219 220 220 220 221 221 221 221 222 222 222 222 223 223 223 223
194 195 195 195 196 196 196 197 197 197 198 198 198 199 199 199 200 200 200 201 201 201 202 202 202 202 203 203 203 204 204 204 205 205 205 206 206 206 207 207 207 208 208 208 208 209 209 209 210 210 210 211 211 211 211 212 212 212 213 213 213 214 214 214 214 215 215 215 216 216 216 216 217 217 217 218 218 218 218 219 219 219 220 220 220 220 221 221 221 222 222 222 222 223 223 223
194 194 195 195 195 196 196 196 197 197 197 198 198 198 199 199 199 200 200 200 201 201 201 202 202 202 202 203 203 203 204 204 204 205 205 205 206 206 206 207 207 207 207 208 208 208 209 209 209 210 210 210 211 211 211 211 212 212 212 213 213 213 214 214 214 214 215 215 215 216 216 216 216 217 217 217 218 218 218 218 219 219 219 220 220 220 220 221 221 221 221 222 222 222 222 223
194 194 194 195 195 195 196 196 196 197 197 197 198 198 198 199 199 199 200 200 200 201 201 201 202 202 202 202 203 203 203 204 204 204 205 205 205 206 206 206 207 207 207 207 208 208 208 209 209 209 210 210 210 210 211 211 211 212 212 212 213 213 213 213 214 214 214 215 215 215 215 216 216 216 217 217 217 217 218 218 218 219 219 219 219 220 220 220 221 221 221 221 222 222 222 222
193 194 194 194 195 195 195 196 196 196 197 197 197 198 198 198 199 199 199 200 200 200 201 201 201 202 202 202 202 203 203 203 204 204 204 205 205 205 206 206 206 207 207 207 207 208 208 208 209 209 209 210 210 210 210 211 211 211 212 212 212 213 213 213 213 214 214 214 215 215 215 215 216 216 216 217 217 217 217 218 218 218 219 219 219 219 220 220 220 220 221 221 221 221 222 222
193 193 194 194 194 195 195 195 196 196 196 197 197 197 198 198 198 199 199 199 200 200 200 201 201 201 202 202 202 202 203 203 203 204 204 204 205 205 205 206 206 206 206 207 207 207 208 208 208 209 209 209 210 210 210 210 211 211 211 212 212 212 212 213 213 213 214 214 214 214 215 215 215 216 216 216 216 217 217 217 218 218 218 218 219 219 219 220 220 220 220 221 221 221 221 222
193 193 193 194 194 194 195 195 195 196 196 196 197 197 197 198 198 198 199 199 199 200 200 200 201 201 201 201 202 202 202 203 203 203 204 204 204 205 205 205 206 206 206 206 207 207 207 208 208 208 209 209 209 209 210 210 210 211 211 211 212 212 212 212 213 213 213 214 214 214 214 215 215 215 216 216 216 216 217 217 217 217 218 218 218 219 219 219 219 220 220 220 220 221 221 221
192 193 193 193 194 194 194 195 195 195 196 196 196 197 197 197 198 198 198 199 199 199 200 200 200 201 201 201 201 202 202 202 203 203 203 204 204 204 205 205 205 206 206 206 206 207 207 207 208 208 208 209 209 209 209 210 210 210 211 211 211 211 212 212 212 213 213 213 213 214 214 214 215 215 215 215 216 216 216 217 217 217 217 218 218 218 219 219 219 219 220 220 220 220 221 221
192 192 193 193 193 194 194 194 195 195 195 196 196 196 197 197 197 198 198 198 199 199 199 200 200 200 201 201 201 201 202 202 202 203 203 203 204 204 204 205 205 205 205 206 206 206 207 207 207 208 208 208 208 209 209 209 210 210 210 211 211 211 211 212 212 212 213 213 213 213 214 214 214 215 215 215 215 216 216 216 216 217 217 217 218 218 218 218 219 219 219 219 220 220 220 221
192 192 192 193 193 193 194 194 194 195 195 195 196 196 196 197 197 197 198 198 198 199 199 199 200 200 200 201 201 201 201 202 202 202 203 203 203 204 204 204 205 205 205 205 206 206 206 207 207 207 208 208 208 208 209 209 209 210 210 210 210 211 211 211 212 212 212 212 213 213 213 214 214 214 214 215 215 215 216 216 216 216 217 217 217 217 218 218 218 219 219 219 219 220 220 220
192 192 192 192 193 193 193 194 194 194 195 195 195 196 196 196 197 197 197 198 198 198 199 199 199 200 200 200 200 201 201 201 202 202 202 203 203 203 204 204 204 204 205 205 205 206 206 206 207 207 207 207 208 208 208 209 209 209 210 210 210 210 211 211 211 212 212 212 212 213 213 213 214 214 214 214 215 215 215 215 216 216 216 217 217 217 217 218 218 218 218 219 219 219 220 220
191 192 192 192 193 193 193 193 194 194 194 195 195 195 196 196 196 197 197 197 198 198 198 199 199 199 200 200 200 200 201 201 201 202 202 202 203 203 203 204 204 204 204 205 205 205 206 206 206 207 207 207 207 208 208 208 209 209 209 209 210 210 210 211 211 211 212 212 212 212 213 213 213 213 214 214 214 215 215 215 215 216 216 216 216 217 217 217 218 218 218 218 219 219 219 219
191 191 192 192 192 193 193 193 193 194 194 194 195 195 195 196 196 196 197 197 197 198 198 198 199 199 199 200 200 200 200 201 201 201 202 202 202 203 203 203 204 204 204 204 205 205 205 206 206 206 207 207 207 207 208 208 208 209 209 209 209 210 210 210 211 211 211 211 212 212 212 213 213 213 213 214 214 214 214 215 215 215 216 216 216 216 217 217 217 217 218 218 218 219 219 219
191 191 191 192 192 192 193 193 193 193 194 194 194 195 195 195 196 196 196 197 197 197 198 198 198 199 199 199 199 200 200 200 201 201 201 202 202 202 203 203 203 203 204 204 204 205 205 205 206 206 206 206 207 207 207 208 208 208 208 209 209 209 210 210 210 211 211 211 211 212 212 212 212 213 213 213 214 214 214 214 215 215 215 215 216 216 216 217 217 217 217 218 218 218 218 219
190 191 191 191 192 192 192 193 193 193 193 194 194 194 195 195 195 196 196 196 197 197 197 198 198 198 199 199 199 199 200 200 200 201 201 201 202 202 202 203 203 203 203 204 204 204 205 205 205 206 206 206 206 207 207 207 208 208 208 208 209 209 209 210 210 210 210 211 211 211 212 212 212 212 213 213 213 213 214 214 214 215 215 215 215 216 216 216 216 217 217 217 218 218 218 218
190 190 191 191 191 192 192 192 193 193 193 193 194 194 194 195 195 195 196 196 196 197 197 197 198 198 198 199 199 199 199 200 200 200 201 201 201 202 202 202 202 203 203 203 204 204 204 205 205 205 205 206 206 206 207 207 207 208 208 208 208 209 209 209 210 210 210 210 211 211 211 211 212 212 212 213 213 213 213 214 214 214 214 215 215 215 216 216 216 216 217 217 217 217 218 218
190 190 190 191 191 191 192 192 192 193 193 193 193 194 194 194 195 195 195 196 196 196 197 197 197 198 198 198 198 199 199 199 200 200 200 201 201 201 202 202 202 202 203 203 203 204 204 204 205 205 205 205 206 206 206 207 207 207 207 208 208 208 209 209 209 209 210 210 210 211 211 211 211 212 212 212 212 213 213 213 214 214 214 214 215 215 215 215 216 216 216 216 217 217 217 218
189 190 190 190 191 191 191 192 192 192 193 193 193 193 194 194 194 195 195 195 196 196 196 197 197 197 198 198 198 198 199 199 199 200 200 200 201 201 201 202 202 202 202 203 203 203 204 204 204 204 205 205 205 206 206 206 207 207 207 207 208 208 208 209 209 209 209 210 210 210 210 211 211 211 212 212 212 212 213 213 213 213 214 214 214 215 215 215 215 216 216 216 216 217 217 217
189 189 190 190 190 191 191 191 192 192 192 193 193 193 193 194 194 194 195 195 195 196 196 196 197 197 197 198 198 198 198 199 199 199 200 200 200 201 201 201 201 202 202 202 203 203 203 204 204 204 204 205 205 205 206 206 206 206 207 207 207 208 208 208 208 209 209 209 210 210 210 210 211 211 211 211 212 212 212 213 213 213 213 214 214 214 214 215 215 215 215 216 216 216 217 217
