testData/tiles/oneDegreeCosts/grid35.0-49.0-36.0-50.0.asc
ncols   200
nrows   200
xllcorner   35.0
yllcorner   49.0
cellsize   0.005
NODATA_value   -9999.0
[rows 42 to 83 of 200, columns 94 to 187 of 200]
153 153 152 152 151 151 150 150 149 149 148 148 147 147 146 146 145 145 144 144 143 143 142 142 141 141 140 139 139 138 138 137 136 136 135 135 157 156 156 155 154 154 153 152 151 151 150 149 148 147 147 146 145 144 143 142 141 140 139 138 137 136 135 134 133 131 130 129 127 125 124 122 120 117 114 110 103 103 103 103 103 103 103 103 103 103 103 103 103 103 103 103 103 103
153 152 152 152 151 151 150 150 149 149 148 148 147 147 146 146 145 145 144 144 143 143 142 142 141 140 140 139 139 138 138 137 159 159 158 157 157 156 155 155 154 153 153 152 151 150 150 149 148 147 146 146 145 144 143 142 141 140 139 138 137 136 135 133 132 131 130 128 127 125 123 121 119 116 113 110 103 103 103 103 103 103 103 103 103 103 103 103 103 103 103 103 103 103
153 152 152 151 151 150 150 150 149 149 148 148 147 147 146 146 145 145 144 143 143 142 142 141 141 140 140 162 161 161 160 160 159 158 158 157 156 156 155 154 154 153 152 152 151 150 149 149 148 147 146 145 144 143 143 142 141 140 139 138 137 135 134 133 132 130 129 128 126 124 122 120 118 115 112 110 103 103 103 103 103 103 103 103 103 103 103 103 103 103 103 103 103 103
152 152 152 151 151 150 150 149 149 148 148 147 147 146 146 145 145 144 144 143 143 142 142 164 163 163 162 162 161 161 160 159 159 158 157 157 156 155 155 154 153 153 152 151 150 150 149 148 147 147 146 145 144 143 142 141 140 139 138 137 136 135 134 132 131 130 128 127 125 123 121 119 117 114 110 103 103 103 103 103 103 103 103 103 103 103 103 103 103 103 103 103 103 103
152 152 151 151 150 150 149 149 148 148 147 147 146 146 145 145 144 144 144 166 165 165 164 164 163 163 162 161 161 160 160 159 158 158 157 156 156 155 154 154 153 152 151 151 150 149 148 148 147 146 145 144 143 142 142 141 140 139 137 136 135 134 133 132 130 129 127 126 124 122 120 118 115 112 110 103 103 103 103 103 103 103 103 103 103 103 103 103 103 103 103 103 103 103
152 151 151 150 150 149 149 149 148 148 147 147 146 146 168 168 167 166 166 165 165 164 164 163 163 162 161 161 160 160 159 158 158 157 157 156 155 154 154 153 152 152 151 150 149 149 148 147 146 145 144 144 143 142 141 140 139 138 137 136 134 133 132 131 129 128 126 125 123 121 119 116 113 110 103 103 103 103 103 103 103 103 103 103 103 103 103 103 103 103 103 103 103 103
151 151 150 150 149 149 149 148 148 148 170 169 169 168 168 167 167 166 165 165 164 164 163 163 162 162 161 160 160 159 158 158 157 157 156 155 155 154 153 152 152 151 150 150 149 148 147 146 145 145 144 143 142 141 140 139 138 137 136 135 133 132 131 130 128 127 125 123 121 119 117 113 110 103 103 103 103 103 103 103 103 103 103 103 103 103 103 103 103 103 103 103 103 103
151 150 150 149 149 149 149 171 170 170 169 169 168 168 167 166 166 165 165 164 164 163 163 162 161 161 160 160 159 158 158 157 157 156 155 155 154 153 152 152 151 150 150 149 148 147 146 145 145 144 143 142 141 140 139 138 137 136 135 133 132 131 130 128 127 125 123 121 119 117 114 110 103 103 103 103 103 103 103 103 103 103 103 103 103 103 103 103 103 103 103 103 103 103
150 150 150 172 171 171 170 170 169 169 168 168 167 167 166 166 165 165 164 164 163 163 162 161 161 160 160 159 158 158 157 156 156 155 154 154 153 152 152 151 150 149 149 148 147 146 145 145 144 143 142 141 140 139 138 137 136 135 133 132 131 130 128 127 125 123 121 119 117 114 110 103 103 103 103 103 103 103 103 103 103 103 103 103 103 103 103 103 103 103 103 103 103 103
173 172 172 171 171 170 170 169 169 168 168 167 167 166 166 165 165 164 164 163 162 162 161 161 160 159 159 158 158 157 156 156 155 154 154 153 152 152 151 150 149 148 148 147 146 145 144 144 143 142 141 140 139 138 137 136 134 133 132 131 129 128 126 125 123 121 119 116 113 110 103 103 103 103 103 103 103 103 103 103 103 103 103 103 103 103 103 103 103 103 103 103 103 103
172 171 171 171 170 170 169 169 168 168 167 167 166 165 165 164 164 163 163 162 162 161 160 160 159 159 158 157 157 156 155 155 154 153 153 152 151 151 150 149 148 147 147 146 145 144 143 142 141 140 139 138 137 136 135 134 133 132 130 129 127 126 124 122 120 118 115 112 110 103 103 103 103 103 103 103 103 103 103 103 103 103 103 103 103 103 103 103 103 103 103 103 103 103
171 171 170 170 169 169 168 168 167 167 166 166 165 165 164 164 163 162 162 161 161 160 160 159 158 158 157 156 156 155 154 154 153 152 152 151 150 149 149 148 147 146 145 145 144 143 142 141 140 139 138 137 136 135 134 132 131 130 128 127 125 124 122 120 117 114 110 103 103 103 103 103 103 103 103 103 103 103 103 103 103 103 103 103 103 103 103 103 103 103 103 103 103 103
170 170 169 169 168 168 167 167 166 166 165 165 164 164 163 163 162 161 161 160 160 159 159 158 157 157 156 155 155 154 153 153 152 151 150 150 149 148 147 147 146 145 144 143 142 141 140 139 138 137 136 135 134 133 132 130 129 128 126 124 123 121 118 116 113 110 103 103 103 103 103 103 103 103 103 103 103 103 103 103 103 103 103 103 103 103 103 103 103 103 103 103 103 103
169 169 168 168 167 167 166 166 165 165 164 164 163 163 162 162 161 160 160 159 159 158 157 157 156 155 155 154 153 153 152 151 151 150 149 148 148 147 146 145 144 143 143 142 141 140 139 138 137 136 135 133 132 131 130 128 127 125 123 121 119 117 114 110 103 103 103 103 103 103 103 103 103 103 103 103 103 103 103 103 103 103 103 103 103 103 103 103 103 103 103 103 103 103
168 168 167 167 166 166 165 165 164 164 163 163 162 162 161 160 160 159 159 158 157 157 156 156 155 154 154 153 152 152 151 150 149 149 148 147 146 145 145 144 143 142 141 140 139 138 137 136 135 134 132 131 130 128 127 125 124 122 120 118 115 111 110 103 103 103 103 103 103 103 103 103 103 103 103 103 103 103 103 103 103 103 103 103 103 103 103 103 103 103 103 103 103 103
167 167 166 166 165 165 164 164 163 163 162 162 161 160 160 159 159 158 157 157 156 156 155 154 154 153 152 152 151 150 149 149 148 147 146 145 145 144 143 142 141 140 139 138 137 136 135 134 133 131 130 129 127 126 124 122 120 118 115 112 110 103 103 103 103 103 103 103 103 103 103 103 103 103 103 103 103 103 103 103 103 103 103 103 103 103 103 103 103 103 103 103 103 103
166 166 165 165 164 164 163 163 162 161 161 160 160 159 159 158 157 157 156 155 155 154 154 153 152 151 151 150 149 149 148 147 146 145 145 144 143 142 141 140 139 138 137 136 135 134 133 131 130 129 127 126 124 122 120 118 115 112 110 103 103 103 103 103 103 103 103 103 103 103 103 103 103 103 103 103 103 103 103 103 103 103 103 103 103 103 103 103 103 103 103 103 103 103
165 165 164 163 163 162 162 161 161 160 160 159 158 158 157 157 156 155 155 154 153 153 152 151 151 150 149 148 148 147 146 145 144 143 143 142 141 140 139 138 137 136 135 134 132 131 130 129 127 126 124 122 120 118 115 112 110 103 103 103 103 103 103 103 103 103 103 103 103 103 103 103 103 103 103 103 103 103 103 103 103 103 103 103 103 103 103 103 103 103 103 103 103 103
164 163 163 162 162 161 160 160 159 159 158 158 157 156 156 155 154 154 153 152 152 151 150 150 149 148 147 147 146 145 144 143 142 141 141 140 139 138 137 136 134 133 132 131 130 128 127 125 123 122 120 117 115 111 103 103 103 103 103 103 103 103 103 103 103 103 103 103 103 103 103 103 103 103 103 103 103 103 103 103 103 103 103 103 103 103 103 103 103 103 103 103 103 103
162 162 161 161 160 160 159 158 158 157 157 156 155 155 154 153 153 152 151 151 150 149 148 148 147 146 145 145 144 143 142 141 140 139 138 137 136 135 134 133 132 130 129 128 126 125 123 121 119 116 114 110 103 103 103 103 103 103 103 103 103 103 103 103 103 103 103 103 103 103 103 103 103 103 103 103 103 103 103 103 103 103 103 103 103 103 103 103 103 103 103 103 103 103
161 160 160 159 159 158 157 157 156 156 155 154 154 153 152 152 151 150 149 149 148 147 146 146 145 144 143 142 141 141 140 139 138 137 136 135 133 132 131 130 128 127 125 124 122 120 118 115 112 110 103 103 103 103 103 103 103 103 103 103 103 103 103 103 103 103 103 103 103 103 103 103 103 103 103 103 103 103 103 103 103 103 103 103 103 103 103 103 103 103 103 103 103 103
159 159 158 157 157 156 156 155 154 154 153 152 152 151 150 150 149 148 147 147 146 145 144 143 143 142 141 140 139 138 137 136 135 134 133 131 130 129 127 126 124 123 121 119 116 113 110 103 103 103 103 103 103 103 103 103 103 103 103 103 103 103 103 103 103 103 103 103 103 103 103 103 103 103 103 103 103 103 103 103 103 103 103 103 103 103 103 103 103 103 103 103 103 103
157 157 156 156 155 154 154 153 152 152 151 150 150 149 148 147 147 146 145 144 144 143 142 141 140 139 138 137 136 135 134 133 132 130 129 128 126 125 123 121 119 117 114 111 103 103 103 103 103 103 103 103 103 103 103 103 103 103 103 103 103 103 103 103 103 103 103 103 103 103 103 103 103 103 103 103 103 103 103 103 103 103 103 103 103 103 103 103 103 103 103 103 103 103
156 155 154 154 153 152 152 151 150 150 149 148 147 147 146 145 144 144 143 142 141 140 139 138 137 136 135 134 133 132 131 129 128 126 125 123 122 120 117 115 111 110 103 103 103 103 103 103 103 103 103 103 103 103 103 103 103 103 103 103 103 103 103 103 103 103 103 103 103 103 103 103 103 103 103 103 103 103 103 103 103 103 103 103 103 103 103 103 103 103 103 103 103 103
153 153 152 151 151 150 149 149 148 147 147 146 145 144 143 143 142 141 140 139 138 137 136 135 134 133 132 130 129 128 126 125 123 122 120 117 115 111 110 103 103 103 103 103 103 103 103 103 103 103 103 103 103 103 103 103 103 103 103 103 103 103 103 103 103 103 103 103 103 103 103 103 103 103 103 103 103 103 103 103 103 103 103 103 103 103 103 103 103 103 103 103 103 103
151 151 150 149 148 148 147 146 146 145 144 143 142 141 141 140 139 138 137 136 135 134 133 131 130 129 128 126 125 123 121 119 117 114 111 103 103 103 103 103 103 103 103 103 103 103 103 103 103 103 103 103 103 103 103 103 103 103 103 103 103 103 103 103 103 103 103 103 103 103 103 103 103 103 103 103 103 103 103 103 103 103 103 103 103 103 103 103 103 103 103 103 103 103
149 148 147 147 146 145 144 144 143 142 141 140 139 138 137 136 135 134 133 132 131 130 128 127 126 124 122 121 119 116 113 110 103 103 103 103 103 103 103 103 103 103 103 103 103 103 103 103 103 103 103 103 103 103 103 103 103 103 103 103 103 103 103 103 103 103 103 103 103 103 103 103 103 103 103 103 103 103 103 103 103 103 103 103 103 103 103 103 103 103 103 103 103 103
146 145 145 144 143 142 141 141 140 139 138 137 136 135 134 133 132 130 129 128 126 125 123 122 120 118 115 112 110 103 103 103 103 103 103 103 103 103 103 103 103 103 103 103 103 103 103 103 103 103 103 103 103 103 103 103 103 103 103 103 103 103 103 103 103 103 103 103 103 103 103 103 103 103 103 103 103 103 103 103 103 103 103 103 103 103 103 103 103 103 103 103 103 103
143 142 142 141 140 139 138 137 136 135 134 133 132 131 130 128 127 126 124 122 121 119 116 113 110 103 103 103 103 103 103 103 103 103 103 103 103 103 103 103 103 103 103 103 103 103 103 103 103 103 103 103 103 103 103 103 103 103 103 103 103 103 103 103 103 103 103 103 103 103 103 103 103 103 103 103 103 103 103 103 103 103 103 103 103 103 103 103 103 103 103 104 104 104
140 139 138 137 136 135 134 133 132 131 130 129 127 126 124 123 121 119 117 114 111 110 103 103 103 103 103 103 103 103 103 103 103 103 103 103 103 103 103 103 103 103 103 103 103 103 103 103 103 103 103 103 103 103 103 103 103 103 103 103 103 103 103 103 103 103 103 103 103 103 103 103 103 103 103 103 103 103 103 103 103 103 103 103 103 103 103 104 104 104 104 104 104 104
136 135 134 133 132 131 130 129 127 126 124 123 121 119 117 115 111 110 103 103 103 103 103 103 103 103 103 103 103 103 103 103 103 103 103 103 103 103 103 103 103 103 103 103 103 103 103 103 103 103 103 103 103 103 103 103 103 103 103 103 103 103 103 103 103 103 103 103 103 103 103 103 103 103 103 103 103 103 103 103 103 103 103 104 104 104 104 104 104 104 104 104 104 104
132 131 130 128 127 126 124 123 121 119 117 114 111 110 103 103 103 103 103 103 103 103 103 103 103 103 103 103 103 103 103 103 103 103 103 103 103 103 103 103 103 103 103 103 103 103 103 103 103 103 103 103 103 103 103 103 103 103 103 103 103 103 103 103 103 103 103 103 103 103 103 103 103 103 103 103 103 103 103 103 104 104 104 104 104 104 104 104 104 104 104 104 104 104
127 125 124 122 121 119 116 114 110 103 103 103 103 103 103 103 103 103 103 103 103 103 103 103 103 103 103 103 103 103 103 103 103 103 103 103 103 103 103 103 103 103 103 103 103 103 103 103 103 103 103 103 103 103 103 103 103 103 103 103 103 103 103 103 103 103 103 103 103 103 103 103 103 103 103 103 104 104 104 104 104 104 104 104 104 104 104 104 104 104 104 104 104 105
120 118 115 113 110 103 103 103 103 103 103 103 103 103 103 103 103 103 103 103 103 103 103 103 103 103 103 103 103 103 103 103 103 103 103 103 103 103 103 103 103 103 103 103 103 103 103 103 103 103 103 103 103 103 103 103 103 103 103 103 103 103 103 103 103 103 103 103 103 103 103 103 103 104 104 104 104 104 104 104 104 104 104 104 104 104 104 104 104 105 105 105 105 105
110 103 103 103 103 103 103 103 103 103 103 103 103 103 103 103 103 103 103 103 103 103 103 103 103 103 103 103 103 103 103 103 103 103 103 103 103 103 103 103 103 103 103 103 103 103 103 103 103 103 103 103 103 103 103 103 103 103 103 103 103 103 103 103 103 103 103 103 103 103 104 104 104 104 104 104 104 104 104 104 104 104 104 104 104 104 105 105 105 105 105 105 105 105
103 103 103 103 103 103 103 103 103 103 103 103 103 103 103 103 103 103 103 103 103 103 103 103 103 103 103 103 103 103 103 103 103 103 103 103 103 103 103 103 103 103 103 103 103 103 103 103 103 103 103 103 103 103 103 103 103 103 103 103 103 103 103 103 103 103 103 104 104 104 104 104 104 104 104 104 104 104 104 104 104 104 105 105 105 105 105 105 105 105 105 105 105 105
103 103 103 103 103 103 103 103 103 103 103 103 103 103 103 103 103 103 103 103 103 103 103 103 103 103 103 103 103 103 103 103 103 103 103 103 103 103 103 103 103 103 103 103 103 103 103 103 103 103 103 103 103 103 103 103 103 103 103 103 103 103 103 103 104 104 104 104 104 104 104 104 104 104 104 104 104 104 104 105 105 105 105 105 105 105 105 105 105 105 105 105 105 105
103 103 103 103 103 103 103 103 103 103 103 103 103 103 103 103 103 103 103 103 103 103 103 103 103 103 103 103 103 103 103 103 103 103 103 103 103 103 103 103 103 103 103 103 103 103 103 103 103 103 103 103 103 103 103 103 103 103 103 103 103 104 104 104 104 104 104 104 104 104 104 104 104 104 104 104 105 105 105 105 105 105 105 105 105 105 105 105 105 105 105 105 105 106
103 103 103 103 103 103 103 103 103 103 103 103 103 103 103 103 103 103 103 103 103 103 103 103 103 103 103 103 103 103 103 103 103 103 103 103 103 103 103 103 103 103 103 103 103 103 103 103 103 103 103 103 103 103 103 103 103 103 104 104 104 104 104 104 104 104 104 104 104 104 104 104 104 105 105 105 105 105 105 105 105 105 105 105 105 105 105 105 105 105 106 106 106 106
103 103 103 103 103 103 103 103 103 103 103 103 103 103 103 103 103 103 103 103 103 103 103 103 103 103 103 103 103 103 103 103 103 103 103 103 103 103 103 103 103 103 103 103 103 103 103 103 103 103 103 103 103 103 103 104 104 104 104 104 104 104 104 104 104 104 104 104 104 104 105 105 105 105 105 105 105 105 105 105 105 105 105 105 105 105 105 106 106 106 106 106 106 106
103 103 103 103 103 103 103 103 103 103 103 103 103 103 103 103 103 103 103 103 103 103 103 103 103 103 103 103 103 103 103 103 103 103 103 103 103 103 103 103 103 103 103 103 103 103 103 103 103 103 103 103 103 104 104 104 104 104 104 104 104 104 104 104 104 104 104 105 105 105 105 105 105 105 105 105 105 105 105 105 105 105 105 105 106 106 106 106 106 106 106 106 106 106
103 103 103 103 103 103 103 103 103 103 103 103 103 103 103 103 103 103 103 103 103 103 103 103 103 103 103 103 103 103 103 103 103 103 103 103 103 103 103 103 103 103 103 103 103 103 103 103 103 103 104 104 104 104 104 104 104 104 104 104 104 104 104 104 104 105 105 105 105 105 105 105 105 105 105 105 105 105 105 105 105 106 106 106 106 106 106 106 106 106 106 106 106 106
