testData/tiles/oneDegreeCosts/grid43.0-35.0-44.0-36.0.asc
ncols   200
nrows   200
xllcorner   43.0
yllcorner   35.0
cellsize   0.005
NODATA_value   -9999.0
[rows 42 to 83 of 200, columns 94 to 187 of 200]
540 538 538 536 533 532 530 527 525 523 520 519 519 519 519 520 520 519 519 520 546 497 497 497 497 497 497 497 497 497 497 497 497 497 497 497 497 497 497 497 497 497 497 497 497 497 497 497 497 497 497 497 497 497 497 497 497 497 497 497 497 497 497 497 497 497 497 497 497 497 497 708 707 707 706 706 705 705 704 704 703 702 702 701 701 699 698 717 716 715 714 713 712 711
542 540 539 536 534 532 531 529 526 525 522 520 519 519 519 519 519 519 519 519 519 497 497 497 497 497 497 497 497 497 497 497 497 497 497 497 497 497 497 497 497 497 497 497 497 497 497 497 497 497 497 497 497 497 497 497 497 497 497 497 497 497 497 497 497 497 497 497 497 497 497 708 707 707 706 706 705 705 704 704 703 701 701 700 699 699 698 697 716 715 714 712 711 710
543 542 540 538 536 534 533 530 528 526 524 522 519 519 519 519 518 519 519 519 519 519 497 497 497 497 497 497 497 497 497 497 497 497 497 497 497 497 497 497 497 497 497 497 497 497 497 497 497 497 497 497 497 497 497 497 497 497 497 497 497 497 497 497 497 497 497 497 497 497 707 707 706 706 705 705 704 704 703 702 702 701 701 700 699 699 698 697 714 714 713 712 711 710
545 543 541 539 538 536 534 532 530 528 526 524 521 519 519 519 518 518 519 519 518 519 519 497 497 497 497 497 497 497 497 497 497 497 497 497 497 497 497 497 497 497 497 497 497 497 497 497 497 497 497 497 497 497 497 497 497 497 497 497 497 497 497 497 497 497 497 497 497 497 707 707 706 706 705 705 704 703 703 702 702 701 700 700 699 697 697 696 695 713 713 712 711 709
545 545 542 540 539 537 536 533 532 529 527 525 523 520 518 518 518 518 519 518 518 518 519 518 497 497 497 497 497 497 497 497 497 497 497 497 497 497 497 497 497 497 497 497 497 497 497 497 497 497 497 497 497 497 497 497 497 497 497 497 497 497 497 497 497 497 497 497 497 497 707 706 706 705 705 704 704 703 703 701 701 700 699 699 698 697 697 696 695 694 712 711 710 709
547 545 543 542 540 539 537 534 532 531 529 526 525 522 520 518 518 518 518 518 518 518 518 518 518 497 497 497 497 497 497 497 497 497 497 497 497 497 497 497 497 497 497 497 497 497 497 497 497 497 497 497 497 497 497 497 497 497 497 497 497 497 497 497 497 497 497 497 497 706 706 705 705 704 704 703 703 702 702 701 700 700 699 699 698 697 696 696 694 693 692 710 709 709
548 546 545 543 541 540 538 536 534 533 531 528 526 524 522 518 518 518 518 517 518 518 518 517 518 497 497 497 497 497 497 497 497 497 497 497 497 497 497 497 497 497 497 497 497 497 497 497 497 497 497 497 497 497 497 497 497 497 497 497 497 497 497 497 497 497 497 497 497 706 706 705 705 704 704 703 703 702 701 701 700 700 699 698 697 696 695 695 694 693 692 691 709 708
549 547 545 545 543 541 538 537 536 534 532 530 527 525 524 520 518 518 518 517 517 518 517 517 517 518 497 497 497 497 497 497 497 497 497 497 497 497 497 497 497 497 497 497 497 497 497 497 497 497 497 497 497 497 497 497 497 497 497 497 497 497 497 497 497 497 497 497 497 705 706 705 705 704 704 703 702 701 700 700 699 699 698 697 697 696 695 694 694 693 692 690 689 707
551 548 547 545 544 543 540 539 537 535 532 531 529 527 525 522 520 517 517 517 517 517 517 517 517 517 517 497 497 497 497 497 497 497 497 497 497 497 497 497 497 497 497 497 497 497 497 497 497 497 497 497 497 497 497 497 497 497 497 497 497 497 497 497 497 497 497 497 497 705 704 704 703 703 702 702 701 701 700 700 699 698 698 697 696 696 695 694 692 692 691 690 689 707
551 550 548 546 545 543 541 540 539 537 534 532 531 529 526 524 522 519 517 517 517 517 516 517 517 517 516 517 497 497 497 497 497 497 497 497 497 497 497 497 497 497 497 497 497 497 497 497 497 497 497 497 497 497 497 497 497 497 497 497 497 497 497 497 497 497 497 497 705 705 704 704 703 703 702 702 701 701 700 699 699 698 698 696 695 694 694 693 692 691 690 690 689 688
551 550 549 548 546 544 543 541 539 537 535 534 532 530 527 525 524 521 518 517 517 517 516 516 517 516 516 516 517 497 497 497 497 497 497 497 497 497 497 497 497 497 497 497 497 497 497 497 497 497 497 497 497 497 497 497 497 497 497 497 497 497 497 497 497 497 497 497 704 704 703 703 702 702 701 701 700 699 699 698 698 697 696 696 695 694 694 693 692 691 690 688 687 686
553 551 550 549 547 545 544 542 541 538 537 535 533 531 529 527 525 522 520 517 516 516 516 516 516 516 516 516 516 497 497 497 497 497 497 497 497 497 497 497 497 497 497 497 497 497 497 497 497 497 497 497 497 497 497 497 497 497 497 497 497 497 497 497 497 497 497 497 704 704 703 703 702 702 701 700 700 699 699 698 698 697 696 696 695 694 693 692 691 690 689 688 687 686
554 552 551 550 548 546 544 544 542 539 538 537 535 532 531 529 526 523 522 519 517 515 516 516 516 515 516 516 515 515 497 497 497 497 497 497 497 497 497 497 497 497 497 497 497 497 497 497 497 497 497 497 497 497 497 497 497 497 497 497 497 497 497 497 497 497 497 497 704 703 703 702 702 701 701 700 700 699 699 698 697 697 695 694 694 693 692 691 691 690 689 688 687 685
554 554 552 551 549 547 546 544 543 541 539 538 536 533 531 530 528 525 523 521 519 515 515 516 515 515 515 515 515 515 515 497 497 497 497 497 497 497 497 497 497 497 497 497 497 497 497 497 497 497 497 497 497 497 497 497 497 497 497 497 497 497 497 497 497 497 497 703 703 702 702 701 701 700 700 699 699 698 697 697 696 696 695 694 694 693 692 691 690 690 688 687 686 685
555 555 553 551 549 549 547 546 543 542 540 539 537 535 533 531 529 527 525 522 520 517 515 515 515 515 515 515 514 515 515 514 497 497 497 497 497 497 497 497 497 497 497 497 497 497 497 497 497 497 497 497 497 497 497 497 497 497 497 497 497 497 497 497 497 497 497 703 703 702 702 701 701 700 700 699 698 698 697 697 696 695 695 694 693 693 692 690 689 688 687 686 685 684
556 555 555 552 551 549 548 547 544 543 542 540 537 536 535 533 530 528 526 524 521 519 517 515 514 514 515 514 514 514 515 514 497 497 497 497 497 497 497 497 497 497 497 497 497 497 497 497 497 497 497 497 497 497 497 497 497 497 497 497 497 497 497 497 497 497 497 703 703 702 702 701 701 700 699 699 698 698 697 697 696 694 694 693 692 691 691 690 689 688 687 686 685 683
558 556 555 553 552 550 549 547 546 544 543 542 539 537 536 534 531 529 528 526 523 520 519 515 514 514 514 514 514 514 514 514 514 497 497 497 497 497 497 497 497 497 497 497 497 497 497 497 497 497 497 497 497 497 497 497 497 497 497 497 497 497 497 497 497 497 497 702 701 701 700 700 699 699 698 698 697 697 696 695 695 694 693 693 692 691 690 690 689 688 686 685 684 683
559 557 555 553 553 551 550 547 547 545 544 542 540 538 537 535 533 531 529 527 524 522 520 516 514 514 514 513 514 514 513 513 513 514 497 497 497 497 497 497 497 497 497 497 497 497 497 497 497 497 497 497 497 497 497 497 497 497 497 497 497 497 497 497 497 497 702 702 701 701 700 700 699 699 698 698 697 696 696 695 695 694 693 693 692 691 689 688 688 687 686 685 684 682
559 558 556 555 553 553 551 549 548 547 545 542 542 540 538 535 534 532 530 527 525 524 521 518 515 514 513 513 513 514 513 513 513 512 513 497 497 497 497 497 497 497 497 497 497 497 497 497 497 497 497 497 497 497 497 497 497 497 497 497 497 497 497 497 497 497 701 702 701 701 700 700 699 699 698 697 697 696 696 695 693 693 692 691 691 690 689 688 687 686 685 684 683 681
560 559 557 556 554 553 551 550 548 548 545 544 542 541 539 537 535 534 532 529 527 525 522 520 517 515 513 513 513 513 512 513 513 512 512 497 497 497 497 497 497 497 497 497 497 497 497 497 497 497 497 497 497 497 497 497 497 497 497 497 497 497 497 497 497 497 701 701 700 700 699 698 698 697 697 696 696 695 694 694 693 693 692 691 690 690 689 688 687 686 684 683 682 681
561 559 557 557 555 554 552 551 550 548 546 545 543 541 540 538 536 534 531 530 528 526 523 522 519 517 513 513 513 512 512 512 513 512 512 512 497 497 497 497 497 497 497 497 497 497 497 497 497 497 497 497 497 497 497 497 497 497 497 497 497 497 497 497 497 497 701 700 700 699 699 698 698 697 697 696 696 695 694 694 693 692 692 691 690 688 688 687 686 685 684 683 682 680
562 560 558 557 557 554 553 552 551 549 547 546 544 543 540 538 538 536 533 531 530 528 525 522 521 518 515 513 512 512 512 512 511 511 512 512 511 497 497 497 497 497 497 497 497 497 497 497 497 497 497 497 497 497 497 497 497 497 497 497 497 497 497 497 497 497 700 699 699 698 699 698 698 697 697 696 695 694 693 693 692 691 690 690 689 688 687 687 686 685 684 683 681 679
561 561 559 558 557 555 554 552 552 549 548 546 546 544 541 540 538 537 534 532 530 528 526 524 522 519 517 515 512 511 512 512 511 511 511 510 511 511 497 497 497 497 497 497 497 497 497 497 497 497 497 497 497 497 497 497 497 497 497 497 497 497 497 497 497 700 700 699 699 698 698 697 697 696 695 695 694 694 693 692 692 691 690 690 689 688 687 686 685 683 682 681 680 679
562 561 560 559 558 555 555 554 552 551 549 548 546 543 543 541 539 537 536 534 532 529 528 526 524 520 518 516 513 511 511 511 511 511 511 510 510 511 497 497 497 497 497 497 497 497 497 497 497 497 497 497 497 497 497 497 497 497 497 497 497 497 497 497 497 700 699 699 698 698 697 697 696 696 695 695 694 693 693 692 691 691 690 689 688 687 686 685 684 683 682 681 680 678
563 562 561 560 558 556 555 555 553 551 549 549 547 545 543 542 541 538 536 535 533 530 528 526 524 522 520 517 515 512 511 510 510 510 511 510 510 510 509 497 497 497 497 497 497 497 497 497 497 497 497 497 497 497 497 497 497 497 497 497 497 497 497 497 497 699 698 698 697 697 696 696 695 695 694 693 693 692 692 691 690 690 689 688 687 687 686 685 684 683 682 681 679 677
564 563 562 560 559 558 556 555 553 552 550 549 547 546 544 543 541 539 537 536 534 532 530 528 525 524 521 519 516 513 511 510 510 510 509 510 510 510 509 509 497 497 497 497 497 497 497 497 497 497 497 497 497 497 497 497 497 497 497 497 497 497 497 497 497 699 698 698 697 697 696 696 695 694 694 693 693 692 691 691 690 689 689 688 687 686 685 685 684 682 680 679 678 677
564 564 563 560 559 559 557 556 553 553 552 550 548 547 545 544 541 540 539 537 534 532 531 529 526 524 523 520 517 515 512 510 510 510 509 509 509 509 509 509 497 497 497 497 497 497 497 497 497 497 497 497 497 497 497 497 497 497 497 497 497 497 497 497 699 699 698 698 697 697 696 695 695 694 694 693 693 692 691 691 690 689 688 687 686 685 684 683 682 681 680 679 678 676
565 564 564 561 560 559 558 556 555 553 553 551 549 547 547 545 542 541 540 538 536 534 532 530 528 526 524 520 519 517 513 511 510 510 509 509 509 508 508 509 508 497 497 497 497 497 497 497 497 497 497 497 497 497 497 497 497 497 497 497 497 497 497 497 698 697 697 696 696 695 695 694 694 693 693 692 691 691 690 689 689 688 687 686 686 685 684 683 682 681 680 679 676 675
566 565 564 562 561 560 558 557 556 554 553 551 550 548 547 545 544 542 540 538 537 535 533 530 529 527 525 522 520 518 515 512 510 508 508 509 509 508 508 508 507 508 497 497 497 497 497 497 497 497 497 497 497 497 497 497 497 497 497 497 497 497 497 497 698 697 697 696 696 695 695 694 694 693 692 692 691 691 690 689 689 688 687 686 685 685 684 683 681 680 679 677 676 674
567 566 563 562 562 561 559 557 557 555 554 551 551 549 548 545 545 543 542 539 537 536 535 532 530 528 526 524 521 519 516 514 512 508 508 508 507 508 508 507 507 507 506 497 497 497 497 497 497 497 497 497 497 497 497 497 497 497 497 497 497 497 497 497 697 696 697 696 696 695 694 694 693 693 692 692 691 690 690 689 688 687 686 685 684 683 682 681 680 679 678 677 675 674
567 567 564 563 562 562 559 558 557 556 554 552 551 551 549 547 545 543 542 540 538 537 535 533 531 529 526 525 523 520 517 515 513 510 508 508 507 507 507 507 507 507 506 497 497 497 497 497 497 497 497 497 497 497 497 497 497 497 497 497 497 497 497 497 696 696 695 695 694 694 693 693 692 692 691 690 690 689 688 688 687 686 686 685 684 683 682 681 680 679 678 676 674 672
568 566 565 564 563 562 560 559 558 556 555 554 552 551 549 548 546 545 542 541 540 538 535 533 533 530 528 526 524 521 519 517 513 511 508 507 507 507 507 506 506 507 506 506 497 497 497 497 497 497 497 497 497 497 497 497 497 497 497 497 497 497 497 697 696 696 695 695 694 694 693 693 692 691 691 690 690 689 688 688 687 686 685 685 684 683 682 680 679 678 676 675 673 672
569 567 565 565 564 562 560 560 559 557 555 555 553 552 549 548 547 546 543 542 541 538 536 535 533 531 529 527 525 522 520 518 515 513 510 506 506 507 506 506 506 505 505 506 505 497 497 497 497 497 497 497 497 497 497 497 497 497 497 497 497 497 497 670 695 695 694 694 694 694 693 692 692 691 691 690 689 689 688 686 686 685 684 683 682 682 681 680 679 677 676 675 673 671
570 567 566 565 565 563 561 560 560 557 556 555 554 552 550 549 547 546 544 543 541 538 538 536 534 531 529 528 525 523 521 519 517 514 512 508 506 506 505 506 506 505 505 505 504 497 497 497 497 497 497 497 497 497 497 497 497 497 497 497 497 497 497 669 669 668 694 693 693 692 692 691 691 690 689 689 688 688 687 686 685 685 684 683 682 681 680 679 678 677 676 673 671 669
569 568 567 566 565 563 562 561 560 558 557 556 554 552 551 550 548 546 545 544 542 540 538 537 534 533 531 529 526 525 523 520 517 515 513 510 507 506 505 505 505 505 505 504 504 504 497 497 497 497 497 497 497 497 497 497 497 497 497 497 497 497 497 669 669 668 668 667 693 692 692 691 691 690 689 689 688 687 687 686 685 684 684 683 682 681 679 678 677 676 674 673 671 669
569 568 568 567 565 563 563 562 560 558 558 557 555 553 551 551 550 547 546 544 542 541 539 537 535 534 532 529 527 525 524 521 519 517 513 511 509 505 505 505 504 504 504 504 504 504 503 497 497 497 497 497 497 497 497 497 497 497 497 497 497 497 497 668 668 667 667 666 666 691 690 690 690 690 689 687 687 686 685 685 684 683 682 682 681 680 679 678 677 675 674 672 670 668
570 569 568 568 566 564 563 563 561 559 558 557 555 554 552 551 550 548 547 545 543 542 540 539 536 534 533 531 529 527 524 522 520 518 515 512 510 506 505 505 504 504 504 503 503 503 503 497 497 497 497 497 497 497 497 497 497 497 497 497 497 497 668 668 667 667 666 666 665 665 664 690 689 689 688 687 687 686 685 685 684 683 682 681 680 679 678 677 676 675 672 671 669 666
571 570 569 567 566 565 564 563 562 560 559 558 555 555 554 552 550 548 548 546 544 542 540 539 537 535 534 531 530 528 525 523 521 518 516 514 511 508 505 503 503 504 503 503 503 502 502 502 497 497 497 497 497 497 497 497 497 497 497 497 497 497 668 668 667 667 666 666 665 665 664 664 663 688 688 687 686 686 685 684 684 683 682 681 680 678 677 676 675 673 672 670 668 664
571 571 570 568 566 566 565 563 561 560 560 558 556 555 555 552 551 549 548 546 545 543 542 539 538 537 534 532 530 528 526 524 522 519 517 515 512 510 507 503 503 503 502 502 503 502 502 502 501 497 497 497 497 497 497 497 497 497 497 497 497 497 667 667 666 666 665 665 664 664 663 662 662 661 661 686 685 685 684 683 682 681 681 680 679 678 677 676 674 673 671 670 667 662
572 571 570 568 567 566 565 564 562 561 560 559 557 556 554 552 552 550 549 546 545 544 542 540 538 537 535 533 531 529 527 525 524 521 519 516 513 511 508 505 503 503 502 502 501 501 502 501 501 497 497 497 497 497 497 497 497 497 497 497 497 497 667 666 666 665 665 664 664 663 663 662 662 661 660 660 660 684 684 683 682 681 680 679 679 678 676 675 674 673 670 668 665 661
573 572 569 569 568 567 565 563 563 562 561 558 558 557 554 553 552 551 549 547 546 544 543 541 540 538 535 534 533 530 528 526 523 521 520 517 515 512 509 506 503 502 502 502 501 501 501 500 500 499 497 497 497 497 497 497 497 497 497 497 497 497 666 665 666 665 665 664 664 663 663 662 661 661 660 660 660 660 660 683 682 681 680 678 677 676 675 674 673 671 669 667 664 661
573 572 570 569 568 568 566 564 563 563 561 559 558 557 555 554 553 551 549 548 547 545 543 541 541 538 536 535 533 530 529 527 524 522 520 517 516 514 510 508 505 501 501 501 501 501 500 500 500 499 499 497 497 497 497 497 497 497 497 497 497 497 666 665 665 664 664 663 663 662 661 661 660 660 660 660 660 660 660 660 660 680 679 678 677 676 675 674 672 671 669 666 663 661
