testData/tiles/oneDegreeCosts/grid5.0-30.0-6.0-31.0.asc
ncols   200
nrows   200
xllcorner   5.0
yllcorner   30.0
cellsize   0.005
NODATA_value   -9999.0
[rows 126 to 167 of 200, columns 0 to 93 of 200]
257 257 257 257 257 257 257 257 257 244 244 244 244 244 244 244 244 244 244 244 244 244 244 244 244 244 244 244 244 244 244 244 244 244 244 244 244 244 244 244 244 244 244 244 244 244 244 244 244 244 244 244 244 244 244 244 244 244 244 244 244 244 286 286 286 286 288 298 306 314 320 327 332 338 343 347 351 355 359 363 366 369 372 374 377 379 381 383 385 386 388 389 390 391
257 257 257 257 257 257 257 257 257 244 244 244 244 244 244 244 244 244 244 244 244 244 244 244 244 244 244 244 244 244 244 244 244 244 244 244 244 244 244 244 244 244 244 244 244 244 244 244 244 244 244 244 244 244 244 244 244 244 244 244 244 244 286 286 286 286 289 298 306 314 321 327 333 338 343 347 352 356 359 363 366 369 372 374 377 379 381 383 385 387 388 389 390 392
257 257 257 257 257 257 257 257 257 257 244 244 244 244 244 244 244 244 244 244 244 244 244 244 244 244 244 244 244 244 244 244 244 244 244 244 244 244 244 244 244 244 244 244 244 244 244 244 244 244 244 244 244 244 244 244 244 244 244 244 244 244 286 286 286 286 289 298 306 314 321 327 333 338 343 347 352 356 359 363 366 369 372 375 377 379 381 383 385 387 388 389 391 392
257 257 257 257 257 257 257 257 257 257 244 244 244 244 244 244 244 244 244 244 244 244 244 244 244 244 244 244 244 244 244 244 244 244 244 244 244 244 244 244 244 244 244 244 244 244 244 244 244 244 244 244 244 244 244 244 244 244 244 244 244 244 286 286 286 286 289 298 307 314 321 327 333 338 343 348 352 356 360 363 366 369 372 375 377 379 381 383 385 387 388 390 391 392
257 257 257 257 257 257 257 257 257 257 257 244 244 244 244 244 244 244 244 244 244 244 244 244 244 244 244 244 244 244 244 244 244 244 244 244 244 244 244 244 244 244 244 244 244 244 244 244 244 244 244 244 244 244 244 244 244 244 244 244 244 244 286 286 286 286 289 299 307 314 321 327 333 338 343 348 352 356 360 363 366 369 372 375 377 379 382 383 385 387 388 390 391 392
257 257 257 257 257 257 257 257 257 257 257 244 244 244 244 244 244 244 244 244 244 244 244 244 244 244 244 244 244 244 244 244 244 244 244 244 244 244 244 244 244 244 244 244 244 244 244 244 244 244 244 244 244 244 244 244 244 244 244 244 244 244 286 286 286 286 289 299 307 314 321 327 333 338 343 348 352 356 360 363 366 369 372 375 377 380 382 384 385 387 388 390 391 392
257 257 257 257 257 257 257 257 257 257 257 257 244 244 244 244 244 244 244 244 244 244 244 244 244 244 244 244 244 244 244 244 244 244 244 244 244 244 244 244 244 244 244 244 244 244 244 244 244 244 244 244 244 244 244 244 244 244 244 244 244 244 286 286 286 286 290 299 307 315 321 327 333 338 343 348 352 356 360 363 367 370 372 375 377 380 382 384 385 387 389 390 391 392
257 257 257 257 257 257 257 257 257 257 257 257 257 244 244 244 244 244 244 244 244 244 244 244 244 244 244 244 244 244 244 244 244 244 244 244 244 244 244 244 244 244 244 244 244 244 244 244 244 244 244 244 244 244 244 244 244 244 244 244 244 244 286 286 286 286 290 299 307 315 321 328 333 339 343 348 352 356 360 363 367 370 372 375 378 380 382 384 386 387 389 390 391 392
257 257 257 257 257 257 257 257 257 257 257 257 257 244 244 244 244 244 244 244 244 244 244 244 244 244 244 244 244 244 244 244 244 244 244 244 244 244 244 244 244 244 244 244 244 244 244 244 244 244 244 244 244 244 244 244 244 244 244 244 244 244 286 286 286 286 290 299 307 315 322 328 333 339 344 348 352 356 360 364 367 370 373 375 378 380 382 384 386 387 389 390 391 392
257 257 257 257 257 257 257 257 257 257 257 257 257 257 244 244 244 244 244 244 244 244 244 244 244 244 244 244 244 244 244 244 244 244 244 244 244 244 244 244 244 244 244 244 244 244 244 244 244 244 244 244 244 244 244 244 244 244 244 244 244 244 286 286 286 286 290 299 308 315 322 328 334 339 344 348 353 356 360 364 367 370 373 375 378 380 382 384 386 387 389 390 391 392
257 257 257 257 257 257 257 257 257 257 257 257 257 257 244 244 244 244 244 244 244 244 244 244 244 244 244 244 244 244 244 244 244 244 244 244 244 244 244 244 244 244 244 244 244 244 244 244 244 244 244 244 244 244 244 244 244 244 244 244 244 244 286 286 286 286 290 300 308 315 322 328 334 339 344 348 353 357 360 364 367 370 373 375 378 380 382 384 386 387 389 390 391 392
257 257 257 257 257 257 257 257 257 257 257 257 257 257 257 244 244 244 244 244 244 244 244 244 244 244 244 244 244 244 244 244 244 244 244 244 244 244 244 244 244 244 244 244 244 244 244 244 244 244 244 244 244 244 244 244 244 244 244 244 244 244 286 286 286 286 291 300 308 315 322 328 334 339 344 349 353 357 360 364 367 370 373 375 378 380 382 384 386 388 389 390 391 392
257 257 257 257 257 257 257 257 257 257 257 257 257 257 257 244 244 244 244 244 244 244 244 244 244 244 244 244 244 244 244 244 244 244 244 244 244 244 244 244 244 244 244 244 244 244 244 244 244 244 244 244 244 244 244 244 244 244 244 244 244 244 286 286 286 286 291 300 308 315 322 328 334 339 344 349 353 357 361 364 367 370 373 376 378 380 382 384 386 388 389 390 392 393
257 257 257 257 257 257 257 257 257 257 257 257 257 257 257 257 244 244 244 244 244 244 244 244 244 244 244 244 244 244 244 244 244 244 244 244 244 244 244 244 244 244 244 244 244 244 244 244 244 244 244 244 244 244 244 244 244 244 244 244 244 244 286 286 286 286 291 300 308 316 322 328 334 339 344 349 353 357 361 364 367 370 373 376 378 380 382 384 386 388 389 390 392 393
257 257 257 257 257 257 257 257 257 257 257 257 257 257 257 257 244 244 244 244 244 244 244 244 244 244 244 244 244 244 244 244 244 244 244 244 244 244 244 244 244 244 244 244 244 244 244 244 244 244 244 244 244 244 244 244 244 244 244 244 244 244 286 286 286 286 291 300 308 316 322 329 334 339 344 349 353 357 361 364 367 370 373 376 378 380 383 384 386 388 389 391 392 393
257 257 257 257 257 257 257 257 257 257 257 257 257 257 257 257 257 244 244 244 244 244 244 244 244 244 244 244 244 244 244 244 244 244 244 244 244 244 244 244 244 244 244 244 244 244 244 244 244 244 244 244 244 244 244 244 244 244 244 244 244 244 286 286 286 286 291 300 309 316 323 329 334 340 344 349 353 357 361 364 367 370 373 376 378 381 383 385 386 388 389 391 392 393
257 257 257 257 257 257 257 257 257 257 257 257 257 257 257 257 257 244 244 244 244 244 244 244 244 244 244 244 244 244 244 244 244 244 244 244 244 244 244 244 244 244 244 244 244 244 244 244 244 244 244 244 244 244 244 244 244 244 244 244 244 244 286 286 286 286 291 301 309 316 323 329 334 340 345 349 353 357 361 364 368 371 373 376 378 381 383 385 386 388 389 391 392 393
257 257 257 257 257 257 257 257 257 257 257 257 257 257 257 257 257 257 244 244 244 244 244 244 244 244 244 244 244 244 244 244 244 244 244 244 244 244 244 244 244 244 244 244 244 244 244 244 244 244 244 244 244 244 244 244 244 244 244 244 244 244 286 286 286 286 292 301 309 316 323 329 335 340 345 349 353 357 361 364 368 371 373 376 378 381 383 385 386 388 389 391 392 393
257 257 257 257 257 257 257 257 257 257 257 257 257 257 257 257 257 257 244 244 244 244 244 244 244 244 244 244 244 244 244 244 244 244 244 244 244 244 244 244 244 244 244 244 244 244 244 244 244 244 244 244 244 244 244 244 244 244 244 244 244 244 286 286 286 286 292 301 309 316 323 329 335 340 345 349 354 357 361 365 368 371 374 376 379 381 383 385 387 388 390 391 392 393
257 257 257 257 257 257 257 257 257 257 257 257 257 257 257 257 257 257 257 244 244 244 244 244 244 244 244 244 244 244 244 244 244 244 244 244 244 244 244 244 244 244 244 244 244 244 244 244 244 244 244 244 244 244 244 244 244 244 244 244 244 244 286 286 286 286 292 301 309 316 323 329 335 340 345 349 354 358 361 365 368 371 374 376 379 381 383 385 387 388 390 391 392 393
257 257 257 257 257 257 257 257 257 257 257 257 257 257 257 257 257 257 257 244 244 244 244 244 244 244 244 244 244 244 244 244 244 244 244 244 244 244 244 244 244 244 244 244 244 244 244 244 244 244 244 244 244 244 244 244 244 244 244 244 244 244 286 286 286 286 292 301 309 317 323 329 335 340 345 349 354 358 361 365 368 371 374 376 379 381 383 385 387 388 390 391 392 393
257 257 257 257 257 257 257 257 257 257 257 257 257 257 257 257 257 257 257 257 244 244 244 244 244 244 244 244 244 244 244 244 244 244 244 244 244 244 244 244 244 244 244 244 244 244 244 244 244 244 244 244 244 244 244 244 244 244 244 244 244 244 286 286 286 286 292 301 309 317 323 329 335 340 345 350 354 358 361 365 368 371 374 376 379 381 383 385 387 388 390 391 392 393
257 257 257 257 257 257 257 257 257 257 257 257 257 257 257 257 257 257 257 257 244 244 244 244 244 244 244 244 244 244 244 244 244 244 244 244 244 244 244 244 244 244 244 244 244 244 244 244 244 244 244 244 244 244 244 244 244 244 244 244 244 244 286 286 286 286 292 302 310 317 323 330 335 340 345 350 354 358 361 365 368 371 374 376 379 381 383 385 387 388 390 391 392 393
257 257 257 257 257 257 257 257 257 257 257 257 257 257 257 257 257 257 257 257 257 244 244 244 244 244 244 244 244 244 244 244 244 244 244 244 244 244 244 244 244 244 244 244 244 244 244 244 244 244 244 244 244 244 244 244 244 244 244 244 244 244 286 286 286 286 293 302 310 317 324 330 335 340 345 350 354 358 362 365 368 371 374 377 379 381 383 385 387 389 390 391 392 393
257 257 257 257 257 257 257 257 257 257 257 257 257 257 257 257 257 257 257 257 257 244 244 244 244 244 244 244 244 244 244 244 244 244 244 244 244 244 244 244 244 244 244 244 244 244 244 244 244 244 244 244 244 244 244 244 244 244 244 244 244 244 286 286 286 286 293 302 310 317 324 330 335 341 345 350 354 358 362 365 368 371 374 377 379 381 383 385 387 389 390 391 392 394
257 257 257 257 257 257 257 257 257 257 257 257 257 257 257 257 257 257 257 257 257 257 244 244 244 244 244 244 244 244 244 244 244 244 244 244 244 244 244 244 244 244 244 244 244 244 244 244 244 244 244 244 244 244 244 244 244 244 244 244 244 244 286 286 286 286 293 302 310 317 324 330 335 341 345 350 354 358 362 365 368 371 374 377 379 381 383 385 387 389 390 391 393 394
257 257 257 257 257 257 257 257 257 257 257 257 257 257 257 257 257 257 257 257 257 257 244 244 244 244 244 244 244 244 244 244 244 244 244 244 244 244 244 244 244 244 244 244 244 244 244 244 244 244 244 244 244 244 244 244 244 244 244 244 244 244 286 286 286 286 293 302 310 317 324 330 336 341 346 350 354 358 362 365 368 371 374 377 379 381 384 385 387 389 390 391 393 394
257 257 257 257 257 257 257 257 257 257 257 257 257 257 257 257 257 257 257 257 257 257 257 244 244 244 244 244 244 244 244 244 244 244 244 244 244 244 244 244 244 244 244 244 244 244 244 244 244 244 244 244 244 244 244 244 244 244 244 244 244 244 286 286 286 286 293 302 310 317 324 330 336 341 346 350 354 358 362 365 369 372 374 377 379 382 384 386 387 389 390 392 393 394
257 257 257 257 257 257 257 257 257 257 257 257 257 257 257 257 257 257 257 257 257 257 257 244 244 244 244 244 244 244 244 244 244 244 244 244 244 244 244 244 244 244 244 244 244 244 244 244 244 244 244 244 244 244 244 244 244 244 244 244 244 244 286 286 286 286 293 302 310 318 324 330 336 341 346 350 354 358 362 365 369 372 374 377 379 382 384 386 387 389 390 392 393 394
257 257 257 257 257 257 257 257 257 257 257 257 257 257 257 257 257 257 257 257 257 257 257 257 244 244 244 244 244 244 244 244 244 244 244 244 244 244 244 244 244 244 244 244 244 244 244 244 244 244 244 244 244 244 244 244 244 244 244 244 244 244 286 286 286 286 294 302 310 318 324 330 336 341 346 350 355 358 362 366 369 372 374 377 379 382 384 386 387 389 390 392 393 394
257 257 257 257 257 257 257 257 257 257 257 257 257 257 257 257 257 257 257 257 257 257 257 257 244 244 244 244 244 244 244 244 244 244 244 244 244 244 244 244 244 244 244 244 244 244 244 244 244 244 244 244 244 244 244 244 244 244 244 244 244 244 286 286 286 286 294 303 311 318 324 330 336 341 346 350 355 359 362 366 369 372 375 377 380 382 384 386 387 389 390 392 393 394
257 257 257 257 257 257 257 257 257 257 257 257 257 257 257 257 257 257 257 257 257 257 257 257 257 244 244 244 244 244 244 244 244 244 244 244 244 244 244 244 244 244 244 244 244 244 244 244 244 244 244 244 244 244 244 244 244 244 244 244 244 244 286 286 286 286 294 303 311 318 324 331 336 341 346 351 355 359 362 366 369 372 375 377 380 382 384 386 388 389 391 392 393 394
257 257 257 257 257 257 257 257 257 257 257 257 257 257 257 257 257 257 257 257 257 257 257 257 257 244 244 244 244 244 244 244 244 244 244 244 244 244 244 244 244 244 244 244 244 244 244 244 244 244 244 244 244 244 244 244 244 244 244 244 244 244 286 286 286 286 294 303 311 318 325 331 336 341 346 351 355 359 362 366 369 372 375 377 380 382 384 386 388 389 391 392 393 394
257 257 257 257 257 257 257 257 257 257 257 257 257 257 257 257 257 257 257 257 257 257 257 257 257 244 244 244 244 244 244 244 244 244 244 244 244 244 244 244 244 244 244 244 244 244 244 244 244 244 244 244 244 244 244 244 244 244 244 244 244 244 286 286 286 286 294 303 311 318 325 331 336 341 346 351 355 359 362 366 369 372 375 377 380 382 384 386 388 389 391 392 393 394
257 257 257 257 257 257 257 257 257 257 257 257 257 257 257 257 257 257 257 257 257 257 257 257 257 257 244 244 244 244 244 244 244 244 244 244 244 244 244 244 244 244 244 244 244 244 244 244 244 244 244 244 244 244 244 244 244 244 244 244 244 244 286 286 286 286 294 303 311 318 325 331 336 342 346 351 355 359 363 366 369 372 375 377 380 382 384 386 388 389 391 392 393 394
257 257 257 257 257 257 257 257 257 257 257 257 257 257 257 257 257 257 257 257 257 257 257 257 257 257 244 244 244 244 244 244 244 244 244 244 244 244 244 244 244 244 244 244 244 244 244 244 244 244 244 244 244 244 244 244 244 244 244 244 244 244 286 286 286 286 294 303 311 318 325 331 336 342 346 351 355 359 363 366 369 372 375 377 380 382 384 386 388 389 391 392 393 394
257 257 257 257 257 257 257 257 257 257 257 257 257 257 257 257 257 257 257 257 257 257 257 257 257 257 257 244 244 244 244 244 244 244 244 244 244 244 244 244 244 244 244 244 244 244 244 244 244 244 244 244 244 244 244 244 244 244 244 244 244 244 286 286 286 286 295 303 311 318 325 331 337 342 346 351 355 359 363 366 369 372 375 378 380 382 384 386 388 389 391 392 393 394
257 257 257 257 257 257 257 257 257 257 257 257 257 257 257 257 257 257 257 257 257 257 257 257 257 257 257 244 244 244 244 244 244 244 244 244 244 244 244 244 244 244 244 244 244 244 244 244 244 244 244 244 244 244 244 244 244 244 244 244 244 244 286 286 286 286 295 303 311 319 325 331 337 342 347 351 355 359 363 366 369 372 375 378 380 382 384 386 388 390 391 392 393 394
257 257 257 257 257 257 257 257 257 257 257 257 257 257 257 257 257 257 257 257 257 257 257 257 257 257 257 257 244 244 244 244 244 244 244 244 244 244 244 244 244 244 244 244 244 244 244 244 244 244 244 244 244 244 244 244 244 244 244 244 244 244 286 286 286 286 295 304 311 319 325 331 337 342 347 351 355 359 363 366 369 372 375 378 380 382 384 386 388 390 391 392 393 394
257 257 257 257 257 257 257 257 257 257 257 257 257 257 257 257 257 257 257 257 257 257 257 257 257 257 257 257 244 244 244 244 244 244 244 244 244 244 244 244 244 244 244 244 244 244 244 244 244 244 244 244 244 244 244 244 244 244 244 244 244 244 286 286 286 286 295 304 312 319 325 331 337 342 347 351 355 359 363 366 369 372 375 378 380 382 384 386 388 390 391 392 394 395
257 257 257 257 257 257 257 257 257 257 257 257 257 257 257 257 257 257 257 257 257 257 257 257 257 257 257 257 257 244 244 244 244 244 244 244 244 244 244 244 244 244 244 244 244 244 244 244 244 244 244 244 244 244 244 244 244 244 244 244 244 244 286 286 286 286 295 304 312 319 325 331 337 342 347 351 355 359 363 366 370 372 375 378 380 382 384 386 388 390 391 392 394 395
257 257 257 257 257 257 257 257 257 257 257 257 257 257 257 257 257 257 257 257 257 257 257 257 257 257 257 257 257 244 244 244 244 244 244 244 244 244 244 244 244 244 244 244 244 244 244 244 244 244 244 244 244 244 244 244 244 244 244 244 244 244 286 286 286 286 295 304 312 319 325 331 337 342 347 351 355 359 363 366 370 373 375 378 380 383 385 386 388 390 391 392 394 395
