testData/tiles/oneDegreeCosts/grid28.0-30.0-29.0-31.0.asc
ncols   200
nrows   200
xllcorner   28.0
yllcorner   30.0
cellsize   0.005
NODATA_value   -9999.0
[rows 0 to 41 of 200, columns 94 to 187 of 200]
433 290 291 293 294 296 297 298 300 302 270 270 272 274 275 275 277 278 279 280 282 282 283 285 285 287 287 289 289 290 290 293 293 294 295 295 296 297 299 299 299 300 301 301 302 303 303 303 303 305 305 305 306 307 307 307 308 309 309 309 310 310 310 310 311 311 311 311 312 312 312 312 312 313 313 312 313 313 313 313 314 314 312 312 313 313 312 313 313 313 311 312 312 311
286 288 290 291 293 295 296 297 298 301 302 270 270 272 273 274 276 277 278 278 281 282 282 283 284 285 286 288 288 289 288 290 291 292 292 294 294 294 295 297 297 298 299 299 299 300 302 302 302 303 304 304 303 303 304 306 306 307 307 307 307 308 308 308 309 310 309 309 309 310 310 310 310 311 311 311 310 311 311 311 312 312 311 311 312 311 310 310 311 311 310 310 311 309
284 286 288 289 290 291 294 295 296 297 299 300 268 270 271 272 273 275 276 276 277 279 280 281 282 283 283 284 286 287 287 288 289 290 291 293 293 293 294 295 295 296 296 297 297 298 298 299 299 301 302 302 302 302 303 304 304 305 305 305 305 305 306 306 306 306 307 307 308 308 308 308 308 309 309 309 308 309 309 308 308 309 308 309 309 310 309 308 308 309 308 308 308 308
282 283 285 287 288 289 291 293 294 295 297 298 268 268 269 270 270 272 274 274 275 277 277 278 279 281 282 282 283 284 286 286 287 288 288 289 291 291 292 292 293 294 294 296 297 297 297 297 297 298 298 300 300 300 301 302 302 302 302 303 304 304 304 304 304 304 305 305 305 305 306 306 306 306 307 307 307 306 307 307 307 306 306 306 306 306 307 306 306 306 305 305 305 306
281 282 283 286 287 288 289 291 293 294 295 297 297 268 268 269 269 270 272 273 274 275 276 277 278 280 281 281 282 283 284 284 284 286 286 287 287 288 290 290 291 292 292 292 294 295 295 295 297 297 297 297 297 297 299 300 300 300 300 301 301 301 301 302 303 302 302 303 303 303 303 304 304 304 304 304 304 304 305 305 305 305 306 304 304 304 305 304 304 304 303 303 303 302
279 280 281 282 285 286 287 288 290 291 293 295 295 296 267 267 268 268 269 271 271 273 274 275 276 276 278 279 280 280 282 282 283 285 285 286 286 288 287 287 289 290 290 290 291 292 292 292 295 295 295 295 296 296 297 296 297 298 298 298 299 299 299 299 300 300 300 301 301 301 301 302 302 302 302 303 302 301 301 302 302 302 303 303 302 302 302 302 302 302 302 301 301 301
275 278 279 280 282 283 285 286 288 289 290 292 294 294 295 264 265 266 267 269 269 270 271 273 274 274 276 276 277 278 280 280 281 281 282 284 284 285 286 286 287 288 288 288 289 290 290 290 291 292 293 293 293 295 295 295 295 295 295 295 297 297 297 297 298 298 298 298 298 298 298 299 300 300 300 300 301 300 299 299 300 300 300 299 300 299 299 298 299 299 299 298 299 299
273 275 277 278 279 281 282 284 285 287 288 289 291 292 293 263 263 263 265 266 267 268 269 270 272 272 273 274 275 275 277 278 279 279 280 281 281 283 284 284 285 285 286 287 286 287 288 289 289 289 290 290 290 293 293 293 293 294 293 293 293 294 294 295 295 296 296 296 295 296 296 296 296 297 297 297 298 298 297 297 298 298 298 298 298 297 297 297 297 297 297 295 296 296
271 272 274 276 277 279 280 281 282 285 286 287 288 289 291 292 261 261 262 263 265 266 267 267 269 269 271 271 273 273 274 275 277 277 278 279 279 280 280 282 283 283 283 285 285 284 285 287 287 287 288 288 289 289 290 290 291 291 291 291 291 291 292 293 293 293 295 295 293 294 294 294 294 295 295 295 295 295 295 294 294 296 296 296 294 295 295 295 294 295 295 293 293 294
269 270 272 274 275 277 279 279 280 281 284 285 286 288 288 289 291 260 260 261 261 264 265 265 267 267 268 268 271 271 272 272 274 274 276 276 277 278 278 279 280 281 281 283 282 282 282 284 284 285 285 286 287 287 287 288 288 288 288 289 289 290 291 291 291 291 292 292 291 291 292 292 292 292 293 293 292 292 293 292 292 292 293 292 291 291 292 292 291 290 292 291 291 291
266 268 270 272 273 274 277 278 278 279 281 283 284 285 286 287 288 290 259 259 260 261 262 263 264 265 266 267 267 269 270 270 272 272 273 273 275 276 276 276 278 278 278 278 280 280 280 281 282 282 282 283 285 285 285 286 285 285 285 286 287 287 288 289 289 289 288 289 289 289 289 289 289 289 288 290 290 290 290 290 290 289 290 290 289 289 290 290 288 288 289 288 288 287
264 265 268 270 271 272 273 276 277 277 278 280 281 283 284 285 286 287 288 257 258 258 260 260 261 263 264 265 265 267 267 268 269 270 271 271 272 273 274 274 274 275 275 276 277 277 279 279 280 280 280 281 282 281 281 282 283 283 283 284 285 285 285 285 285 286 286 287 287 287 287 288 286 286 286 287 287 287 287 287 286 287 287 288 288 286 286 287 286 286 286 286 285 285
262 264 265 267 269 270 271 272 274 275 276 278 279 280 282 283 284 285 285 256 256 256 258 258 259 260 261 263 263 264 265 266 266 267 268 268 269 270 270 271 271 273 274 274 274 275 276 276 276 278 277 278 278 279 279 279 279 280 281 282 282 282 282 282 283 283 283 283 284 284 284 284 284 284 284 284 284 284 284 284 284 284 283 283 284 283 283 283 283 283 283 283 283 282
259 261 262 263 265 268 269 270 272 273 274 275 277 278 279 279 282 283 283 285 253 253 254 256 256 257 257 259 260 261 262 263 263 263 265 266 267 267 268 269 269 269 271 272 271 271 273 273 273 274 274 276 276 277 277 277 276 277 278 278 278 280 280 280 280 280 280 280 280 281 281 281 280 280 281 281 281 282 282 281 280 281 281 281 280 280 280 280 280 280 279 279 278 279
256 259 260 261 262 264 266 267 268 270 270 271 274 275 276 276 278 279 280 281 283 250 251 252 254 255 255 257 257 258 259 261 261 262 262 263 263 264 264 266 266 266 268 268 268 269 271 271 271 271 272 272 272 272 274 274 274 275 276 276 275 275 276 276 276 277 278 277 277 278 278 278 278 279 277 277 277 278 278 278 278 278 278 278 278 277 277 277 277 277 276 276 275 276
253 254 257 258 259 260 262 263 265 267 268 268 269 272 273 273 274 276 277 278 280 248 248 249 250 251 252 253 254 255 255 256 258 259 259 260 261 261 261 263 264 263 264 265 265 266 266 267 268 268 269 270 270 269 269 270 270 272 273 273 273 272 273 273 273 273 274 274 274 274 275 275 275 275 275 274 274 274 275 275 274 273 274 274 274 273 273 274 274 273 273 273 272 272
250 251 254 255 257 258 260 261 262 264 266 266 267 269 270 272 272 274 275 275 276 279 247 247 247 248 248 249 251 252 252 253 254 255 256 256 258 258 259 259 260 260 262 261 262 263 263 263 264 264 266 267 267 267 266 267 268 268 268 269 270 270 269 270 270 270 270 271 270 270 270 271 271 272 271 271 271 271 271 271 271 270 270 271 270 270 269 270 269 268 268 269 268 267
247 249 250 252 253 255 256 258 259 260 262 264 264 265 267 268 268 270 272 272 273 274 275 244 244 246 245 246 246 249 249 250 250 252 252 252 253 255 256 256 257 258 257 257 259 260 260 260 261 262 262 262 262 263 263 263 265 265 265 265 265 265 265 265 267 267 266 266 267 267 267 267 267 267 267 266 267 266 266 267 268 268 267 267 268 268 267 267 268 268 267 267 268 267
243 245 246 248 249 250 251 254 255 256 257 259 260 261 262 264 264 265 268 268 269 270 271 272 239 241 242 243 243 244 245 247 247 249 249 250 250 251 252 252 252 254 254 254 254 256 256 257 257 258 258 258 258 259 259 260 261 261 261 261 262 262 262 262 263 263 263 263 265 265 265 265 266 266 266 266 266 266 266 266 267 267 266 266 267 267 267 267 268 268 267 267 268 267
240 241 242 244 246 247 248 249 252 253 254 256 256 257 259 261 261 262 263 264 266 267 267 269 238 238 238 240 241 241 242 243 243 245 246 247 247 247 249 249 249 251 252 252 252 253 254 254 254 256 257 257 257 258 258 259 259 260 260 260 261 262 262 262 262 263 263 263 263 264 264 264 265 266 266 266 265 266 266 266 266 267 266 266 266 267 266 266 266 267 266 266 266 266
240 241 242 243 245 247 248 249 251 252 254 255 257 257 258 259 262 262 263 264 265 266 267 269 270 238 238 239 241 241 242 243 243 244 244 246 247 247 248 249 249 250 251 252 253 253 254 254 254 255 256 256 257 257 258 259 259 259 260 260 260 260 261 262 262 262 263 263 263 263 264 264 264 264 265 265 264 264 266 266 266 266 266 266 266 266 267 266 266 266 266 266 266 265
240 241 242 243 244 246 248 249 250 252 253 255 256 257 258 259 261 262 263 264 265 266 266 267 270 270 238 238 240 240 242 242 243 244 244 246 246 246 248 249 249 250 250 251 252 252 253 254 255 255 255 256 256 256 257 259 259 259 259 260 260 260 261 261 261 261 262 263 263 263 264 264 264 264 265 265 265 264 265 265 265 265 266 265 265 266 267 266 266 266 265 266 266 265
239 241 242 243 244 245 247 249 250 252 253 254 255 257 258 259 260 261 262 264 264 266 266 267 268 269 238 238 240 240 241 241 243 244 244 245 246 246 247 247 249 250 250 250 252 252 252 252 254 255 255 256 256 256 257 258 258 258 258 260 260 260 260 261 261 261 261 262 262 262 262 263 264 264 264 265 265 264 264 265 265 228 228 228 228 228 228 228 228 228 228 228 228 228
239 240 241 244 245 246 248 248 249 251 253 254 255 255 257 259 260 260 262 263 263 266 267 267 268 269 270 237 239 240 241 241 242 243 243 245 245 247 247 247 249 249 249 250 252 252 252 252 254 254 254 254 256 256 257 257 258 258 258 258 259 222 223 223 224 224 224 224 225 225 225 225 226 226 226 226 227 227 227 227 228 228 228 227 228 228 228 227 228 228 228 227 228 247
202 203 205 206 208 209 210 212 212 213 215 217 218 219 220 221 223 223 225 226 226 227 229 230 231 231 233 233 207 207 207 207 207 207 207 207 207 210 210 210 211 212 212 212 213 215 215 215 216 217 217 217 217 219 219 220 220 221 221 221 221 222 222 222 222 223 224 224 224 225 225 225 225 226 226 226 226 227 226 226 226 227 227 226 227 228 228 227 227 228 228 227 227 247
202 204 205 206 207 208 210 212 212 213 214 216 218 219 219 221 222 222 224 226 226 227 228 229 230 231 233 233 234 207 207 207 207 207 207 207 207 208 209 210 211 211 212 213 213 213 214 214 216 216 217 217 217 219 219 219 219 220 221 221 221 222 222 222 222 223 223 223 223 224 224 225 225 226 226 226 226 227 226 226 226 227 227 226 226 227 227 227 226 226 227 227 245 245
201 203 205 206 207 208 209 210 213 213 214 215 217 218 219 220 222 223 223 225 227 227 228 229 230 230 231 233 234 207 207 207 207 207 207 207 207 208 208 209 210 210 212 213 213 213 214 215 215 215 216 217 217 218 219 219 219 219 220 220 220 221 222 222 222 223 223 223 223 223 224 224 224 224 225 225 226 226 226 226 226 226 227 227 226 226 227 227 226 226 227 227 245 245
202 203 204 206 207 208 209 210 211 213 214 215 217 218 218 220 222 223 223 224 226 226 228 228 230 230 231 231 233 234 207 207 207 207 207 207 207 208 208 209 210 210 210 212 213 213 213 215 215 215 215 216 217 217 218 219 219 219 219 220 220 220 220 222 222 223 223 224 223 223 223 224 224 224 224 225 225 225 225 225 225 225 225 227 226 226 226 227 226 226 226 245 245 245
202 203 204 205 206 208 209 210 211 213 213 215 216 218 219 219 220 223 223 224 225 226 227 227 230 231 231 232 233 234 234 207 207 207 207 207 207 207 208 208 210 210 210 211 212 212 212 214 215 215 215 215 217 217 217 217 218 219 219 220 220 221 221 222 222 222 222 223 223 223 223 224 224 224 224 224 225 225 225 224 225 225 225 225 225 225 225 225 225 225 225 243 244 244
201 203 204 205 206 207 208 210 211 212 213 214 215 217 219 219 220 222 222 224 225 226 227 227 228 230 231 232 232 234 234 207 207 207 207 207 207 207 207 208 208 210 210 211 212 212 212 213 214 214 215 215 217 217 217 217 218 218 218 218 219 221 221 221 222 222 222 222 223 223 222 222 223 223 223 224 225 225 225 224 225 225 225 225 225 225 225 225 224 225 244 244 243 244
201 202 204 205 206 207 208 209 211 212 213 214 215 216 219 219 220 221 222 223 224 225 227 228 228 229 230 231 232 233 234 235 207 207 207 207 207 207 207 208 208 209 209 210 211 212 213 213 213 214 214 215 215 217 217 217 217 218 218 218 219 220 220 220 220 222 222 222 222 223 223 222 222 223 223 223 223 224 224 224 223 224 225 225 225 225 225 225 224 225 244 244 243 243
201 202 203 204 206 207 208 209 210 211 213 214 215 216 217 218 220 221 221 223 224 224 226 228 228 229 230 231 231 232 234 235 235 207 207 207 207 207 207 208 208 208 210 210 210 210 213 213 213 213 214 215 215 215 216 216 217 217 218 219 219 219 220 220 220 220 221 221 221 222 223 223 222 222 223 223 223 223 224 224 223 223 224 224 224 223 224 224 224 242 243 243 242 243
201 202 203 204 205 207 208 209 210 211 212 212 215 216 217 218 219 220 222 223 224 224 225 227 227 229 229 231 231 232 232 234 235 207 207 207 207 207 207 207 208 208 209 210 210 210 212 212 212 213 214 215 215 215 216 216 216 216 217 218 219 219 220 220 220 220 221 221 221 221 222 222 221 221 223 223 223 223 223 224 223 223 223 224 224 223 223 224 224 242 242 243 242 242
200 202 203 204 205 206 207 209 210 211 212 212 214 216 217 218 219 220 221 221 224 224 225 226 227 228 228 230 231 232 232 234 234 235 207 207 207 207 207 207 207 207 208 210 210 210 211 212 212 212 212 214 215 215 215 216 216 216 217 218 218 218 218 219 220 220 220 221 221 221 221 222 222 221 221 222 222 222 222 223 223 223 223 224 224 223 223 223 243 242 242 242 242 242
200 201 202 204 205 206 207 208 209 211 212 213 213 215 216 218 218 220 221 221 222 224 225 226 227 228 228 229 230 232 232 233 234 235 235 207 207 207 207 207 207 207 208 208 209 210 211 211 212 212 213 213 214 214 214 214 216 216 217 217 218 218 218 218 219 219 219 219 221 221 221 221 222 221 221 221 222 222 222 222 223 222 222 222 223 222 222 222 242 241 241 242 241 242
200 201 202 203 205 206 207 208 209 210 211 213 213 214 216 217 217 220 221 221 222 224 224 225 226 228 228 229 229 231 231 233 233 235 235 207 207 207 207 207 207 207 208 208 208 209 210 210 211 212 213 213 213 214 214 214 214 216 216 217 217 218 218 218 218 219 219 219 219 220 220 220 220 222 221 221 221 222 222 222 222 222 222 222 222 222 222 241 241 241 241 241 240 240
200 201 202 203 204 205 207 208 209 210 211 212 213 214 216 217 217 218 220 221 222 223 224 225 225 226 228 229 229 230 231 232 232 235 235 235 207 207 207 207 207 207 208 208 208 210 210 210 210 211 212 213 213 214 214 214 214 216 216 216 216 217 217 218 218 219 219 219 219 220 220 220 220 221 220 220 220 220 221 221 222 221 222 222 222 222 222 241 241 240 241 241 241 240
199 200 202 203 204 205 206 207 209 210 211 212 212 213 215 217 217 218 219 220 221 223 224 225 225 226 227 228 229 230 231 232 232 233 234 234 236 207 207 207 207 207 207 207 207 209 210 210 210 210 212 212 212 212 213 214 215 215 216 216 216 216 217 217 217 217 218 219 219 219 220 220 220 220 221 220 220 220 221 221 221 220 220 221 221 221 221 240 240 240 240 241 241 240
199 200 201 203 204 205 206 207 208 209 211 212 213 213 214 216 217 218 219 220 221 222 222 225 225 226 227 228 229 229 230 232 232 233 233 235 235 207 207 207 207 207 207 207 207 208 208 210 210 210 211 212 212 212 212 213 214 214 215 216 216 216 216 217 217 217 217 218 218 218 218 219 219 220 220 220 220 220 220 221 221 220 220 221 221 221 239 239 240 240 239 239 240 239
199 200 202 203 204 206 206 207 208 209 210 212 213 213 214 215 217 217 219 220 221 222 222 223 224 226 227 227 229 229 229 230 231 233 233 234 235 235 207 207 207 207 207 207 207 208 208 209 209 210 210 212 212 212 212 213 214 214 214 215 215 215 216 216 217 217 217 217 218 218 218 218 219 219 219 219 219 219 219 220 221 221 220 220 221 221 239 239 240 240 239 239 239 239
198 200 202 203 204 205 206 207 208 209 210 211 212 213 214 215 216 217 218 219 220 222 222 223 225 225 226 227 229 229 230 230 231 232 232 234 235 235 207 207 207 207 207 207 207 208 208 208 209 210 210 210 211 211 212 213 214 214 214 214 215 215 215 215 216 216 216 217 218 218 218 218 219 219 219 219 218 219 219 219 219 220 219 219 219 239 238 238 239 240 239 239 239 238
198 200 202 203 204 205 206 206 207 209 210 211 212 212 213 215 216 217 218 219 219 221 222 223 224 225 226 226 227 229 230 230 230 232 232 233 233 235 236 207 207 207 207 207 207 207 207 208 208 210 210 210 210 211 211 212 212 214 214 214 214 215 215 215 215 216 216 216 216 217 217 217 218 219 219 219 218 219 219 219 219 219 219 219 219 238 238 238 238 238 238 238 238 237
