testData/tiles/oneDegreeCosts/grid18.0-26.0-19.0-27.0.asc
ncols   200
nrows   200
xllcorner   18.0
yllcorner   26.0
cellsize   0.005
NODATA_value   -9999.0
[rows 126 to 167 of 200, columns 0 to 93 of 200]
268 268 268 268 268 268 268 268 268 268 268 268 268 268 268 268 268 268 268 268 268 268 328 328 328 328 328 328 328 328 328 328 328 328 328 328 328 328 328 328 328 328 328 328 328 328 328 328 327 327 327 327 327 326 326 326 326 325 325 325 325 324 324 324 323 323 322 322 322 321 321 320 320 319 319 318 317 317 316 315 315 314 313 312 311 310 309 308 307 306 304 303 301 299
268 268 268 268 268 268 268 268 268 268 268 268 268 268 268 268 268 268 268 268 268 327 328 328 328 328 328 328 328 328 328 328 328 328 328 328 328 328 328 328 328 328 328 328 328 328 328 327 327 327 327 327 327 326 326 326 326 325 325 325 325 324 324 324 323 323 322 322 322 321 321 320 320 319 319 318 317 317 316 315 315 314 313 312 311 310 309 308 307 306 304 303 301 299
268 268 268 268 268 268 268 268 268 268 268 268 268 268 268 268 268 268 268 268 268 327 328 328 328 328 328 328 328 328 328 328 328 328 328 328 328 328 328 328 328 328 328 328 328 328 328 327 327 327 327 327 327 326 326 326 326 325 325 325 325 324 324 323 323 323 322 322 321 321 321 320 320 319 318 318 317 317 316 315 315 314 313 312 311 310 309 308 307 306 304 303 301 299
268 268 268 268 268 268 268 268 268 268 268 268 268 268 268 268 268 268 268 268 268 327 328 328 328 328 328 328 328 328 328 328 328 328 328 328 328 328 328 328 328 328 328 328 328 328 328 327 327 327 327 327 327 326 326 326 326 325 325 325 324 324 324 323 323 323 322 322 321 321 321 320 320 319 318 318 317 317 316 315 314 314 313 312 311 310 309 308 307 305 304 302 301 298
268 268 268 268 268 268 268 268 268 268 268 268 268 268 268 268 268 268 268 268 327 327 327 328 328 328 328 328 328 328 328 328 328 328 328 328 328 328 328 328 328 328 328 328 328 328 327 327 327 327 327 327 326 326 326 326 326 325 325 325 324 324 324 323 323 323 322 322 321 321 320 320 319 319 318 318 317 317 316 315 314 314 313 312 311 310 309 308 307 305 304 302 300 298
268 268 268 268 268 268 268 268 268 268 268 268 268 268 268 268 268 268 268 268 327 327 327 328 328 328 328 328 328 328 328 328 328 328 328 328 328 328 328 328 328 328 328 328 328 328 327 327 327 327 327 327 326 326 326 326 326 325 325 325 324 324 324 323 323 323 322 322 321 321 320 320 319 319 318 318 317 316 316 315 314 314 313 312 311 310 309 308 307 305 304 302 300 298
268 268 268 268 268 268 268 268 268 268 268 268 268 268 268 268 268 268 268 268 327 327 327 328 328 328 328 328 328 328 328 328 328 328 328 328 328 328 328 328 328 328 328 328 328 328 327 327 327 327 327 327 326 326 326 326 325 325 325 325 324 324 324 323 323 323 322 322 321 321 320 320 319 319 318 318 317 316 316 315 314 314 313 312 311 310 309 308 307 305 304 302 300 298
268 268 268 268 268 268 268 268 268 268 268 268 268 268 268 268 268 268 268 327 327 327 327 328 328 328 328 328 328 328 328 328 328 328 328 328 328 328 328 328 328 328 328 328 328 328 327 327 327 327 327 327 326 326 326 326 325 325 325 325 324 324 324 323 323 323 322 322 321 321 320 320 319 319 318 318 317 316 316 315 314 313 313 312 311 310 309 308 306 305 304 302 300 298
268 268 268 268 268 268 268 268 268 268 268 268 268 268 268 268 268 268 268 327 327 327 327 327 328 328 328 328 328 328 328 328 328 328 328 328 328 328 328 328 328 328 328 328 328 327 327 327 327 327 327 327 326 326 326 326 325 325 325 325 324 324 324 323 323 322 322 322 321 321 320 320 319 319 318 318 317 316 316 315 314 313 313 312 311 310 309 308 306 305 304 302 300 298
268 268 268 268 268 268 268 268 268 268 268 268 268 268 268 268 268 268 268 327 327 327 327 327 328 328 328 328 328 328 328 328 328 328 328 328 328 328 328 328 328 328 328 328 328 327 327 327 327 327 327 326 326 326 326 326 325 325 325 325 324 324 324 323 323 322 322 322 321 321 320 320 319 319 318 318 317 316 316 315 314 313 312 312 311 310 309 308 306 305 303 302 300 298
268 268 268 268 268 268 268 268 268 268 268 268 268 268 268 268 268 268 268 327 327 327 327 327 328 328 328 328 328 328 328 328 328 328 328 328 328 328 328 328 328 328 328 328 328 327 327 327 327 327 327 326 326 326 326 326 325 325 325 324 324 324 324 323 323 322 322 322 321 321 320 320 319 319 318 317 317 316 316 315 314 313 312 312 311 310 309 307 306 305 303 302 300 297
268 268 268 268 268 268 268 268 268 268 268 268 268 268 268 268 268 268 327 327 327 327 327 327 327 328 328 328 328 328 328 328 328 328 328 328 328 328 328 328 328 328 328 328 327 327 327 327 327 327 327 326 326 326 326 326 325 325 325 324 324 324 323 323 323 322 322 322 321 321 320 320 319 319 318 317 317 316 315 315 314 313 312 311 311 310 309 307 306 305 303 302 300 297
268 268 268 268 268 268 268 268 268 268 268 268 268 268 268 268 268 268 327 327 327 327 327 327 327 328 328 328 328 328 328 328 328 328 328 328 328 328 328 328 328 328 328 328 327 327 327 327 327 327 327 326 326 326 326 325 325 325 325 324 324 324 323 323 323 322 322 321 321 321 320 320 319 319 318 317 317 316 315 315 314 313 312 311 310 309 308 307 306 305 303 301 300 297
268 268 268 268 268 268 268 268 268 268 268 268 268 268 268 268 268 268 327 327 327 327 327 327 327 328 328 328 328 328 328 328 328 328 328 328 328 328 328 328 328 328 328 328 327 327 327 327 327 327 327 326 326 326 326 325 325 325 325 324 324 324 323 323 323 322 322 321 321 321 320 320 319 318 318 317 317 316 315 315 314 313 312 311 310 309 308 307 306 305 303 301 299 297
268 268 268 268 268 268 268 268 268 268 268 268 268 268 268 268 268 326 326 327 327 327 327 327 327 327 328 328 328 328 328 328 328 328 328 328 328 328 328 328 328 328 328 327 327 327 327 327 327 327 326 326 326 326 326 325 325 325 325 324 324 324 323 323 323 322 322 321 321 321 320 320 319 318 318 317 317 316 315 315 314 313 312 311 310 309 308 307 306 305 303 301 299 297
268 268 268 268 268 268 268 268 268 268 268 268 268 268 268 268 268 326 326 327 327 327 327 327 327 327 328 328 328 328 328 328 328 328 328 328 328 328 328 328 328 328 328 327 327 327 327 327 327 327 326 326 326 326 326 325 325 325 325 324 324 324 323 323 323 322 322 321 321 320 320 319 319 318 318 317 317 316 315 315 314 313 312 311 310 309 308 307 306 304 303 301 299 297
268 268 268 268 268 268 268 268 268 268 268 268 268 268 268 268 268 326 326 327 327 327 327 327 327 327 327 328 328 328 328 328 328 328 328 328 328 328 328 328 328 328 327 327 327 327 327 327 327 327 326 326 326 326 326 325 325 325 325 324 324 324 323 323 323 322 322 321 321 320 320 319 319 318 318 317 317 316 315 314 314 313 312 311 310 309 308 307 306 304 303 301 299 297
268 268 268 268 268 268 268 268 268 268 268 268 268 268 268 268 268 326 326 327 327 327 327 327 327 327 327 328 328 328 328 328 328 328 328 328 328 328 328 328 328 328 327 327 327 327 327 327 327 327 326 326 326 326 326 325 325 325 324 324 324 324 323 323 322 322 322 321 321 320 320 319 319 318 318 317 316 316 315 314 314 313 312 311 310 309 308 307 306 304 303 301 299 297
268 268 268 268 268 268 268 268 268 268 268 268 268 268 268 268 326 326 326 327 327 327 327 327 327 327 327 327 328 328 328 328 328 328 328 328 328 328 328 328 328 327 327 327 327 327 327 327 327 327 326 326 326 326 325 325 325 325 324 324 324 324 323 323 322 322 322 321 321 320 320 319 319 318 318 317 316 316 315 314 314 313 312 311 310 309 308 307 306 304 303 301 299 297
268 268 268 268 268 268 268 268 268 268 268 268 268 268 268 268 326 326 326 326 327 327 327 327 327 327 327 327 328 328 328 328 328 328 328 328 328 328 328 328 328 327 327 327 327 327 327 327 327 326 326 326 326 326 325 325 325 325 324 324 324 323 323 323 322 322 322 321 321 320 320 319 319 318 318 317 316 316 315 314 314 313 312 311 310 309 308 307 305 304 302 301 299 297
268 268 268 268 268 268 268 268 268 268 268 268 268 268 268 268 326 326 326 326 327 327 327 327 327 327 327 327 327 328 328 328 328 328 328 328 328 328 328 328 327 327 327 327 327 327 327 327 327 326 326 326 326 326 325 325 325 325 324 324 324 323 323 323 322 322 322 321 321 320 320 319 319 318 318 317 316 316 315 314 313 313 312 311 310 309 308 307 305 304 302 301 298 297
268 268 268 268 268 268 268 268 268 268 268 268 268 268 268 268 326 326 326 326 327 327 327 327 327 327 327 327 327 328 328 328 328 328 328 328 328 328 328 328 327 327 327 327 327 327 327 327 327 326 326 326 326 326 325 325 325 325 324 324 324 323 323 323 322 322 322 321 321 320 320 319 319 318 318 317 316 316 315 314 313 313 312 311 310 309 308 307 305 304 302 300 298 297
268 268 268 268 268 268 268 268 268 268 268 268 268 268 268 326 326 326 326 326 327 327 327 327 327 327 327 327 327 327 328 328 328 328 328 328 328 328 328 327 327 327 327 327 327 327 327 327 327 326 326 326 326 326 325 325 325 325 324 324 324 323 323 323 322 322 321 321 321 320 320 319 319 318 317 317 316 316 315 314 313 313 312 311 310 309 308 306 305 304 302 300 298 297
268 268 268 268 268 268 268 268 268 268 268 268 268 268 268 326 326 326 326 326 326 327 327 327 327 327 327 327 327 327 327 328 328 328 328 328 328 328 327 327 327 327 327 327 327 327 327 327 326 326 326 326 326 326 325 325 325 325 324 324 324 323 323 323 322 322 321 321 321 320 320 319 319 318 317 317 316 315 315 314 313 312 312 311 310 309 308 306 305 304 302 300 298 297
268 268 268 268 268 268 268 268 268 268 268 268 268 268 268 325 326 326 326 326 326 327 327 327 327 327 327 327 327 327 327 327 328 328 328 328 328 327 327 327 327 327 327 327 327 327 327 327 326 326 326 326 326 325 325 325 325 324 324 324 324 323 323 323 322 322 321 321 320 320 320 319 318 318 317 317 316 315 315 314 313 312 312 311 310 309 308 306 305 304 302 300 298 297
268 268 268 268 268 268 268 268 268 268 268 268 268 268 268 325 326 326 326 326 326 327 327 327 327 327 327 327 327 327 327 327 327 327 327 327 327 327 327 327 327 327 327 327 327 327 327 327 326 326 326 326 326 325 325 325 325 324 324 324 324 323 323 323 322 322 321 321 320 320 319 319 318 318 317 317 316 315 315 314 313 312 311 311 310 309 307 306 305 303 302 300 298 297
268 268 268 268 268 268 268 268 268 268 268 268 268 268 268 325 326 326 326 326 326 326 327 327 327 327 327 327 327 327 327 327 327 327 327 327 327 327 327 327 327 327 327 327 327 327 327 326 326 326 326 326 326 325 325 325 325 324 324 324 323 323 323 322 322 322 321 321 320 320 319 319 318 318 317 317 316 315 315 314 313 312 311 310 310 308 307 306 305 303 302 300 298 297
268 268 268 268 268 268 268 268 268 268 268 268 268 268 325 325 326 326 326 326 326 326 327 327 327 327 327 327 327 327 327 327 327 327 327 327 327 327 327 327 327 327 327 327 327 327 327 326 326 326 326 326 326 325 325 325 325 324 324 324 323 323 323 322 322 322 321 321 320 320 319 319 318 318 317 317 316 315 315 314 313 312 311 310 309 308 307 306 305 303 302 300 297 297
268 268 268 268 268 268 268 268 268 268 268 268 268 268 325 325 326 326 326 326 326 326 327 327 327 327 327 327 327 327 327 327 327 327 327 327 327 327 327 327 327 327 327 327 327 327 327 326 326 326 326 326 326 325 325 325 325 324 324 324 323 323 323 322 322 322 321 321 320 320 319 319 318 318 317 317 316 315 314 314 313 312 311 310 309 308 307 306 305 303 301 300 297 297
268 268 268 268 268 268 268 268 268 268 268 268 268 268 325 325 325 326 326 326 326 326 327 327 327 327 327 327 327 327 327 327 327 327 327 327 327 327 327 327 327 327 327 327 327 327 327 326 326 326 326 326 325 325 325 325 325 324 324 324 323 323 323 322 322 322 321 321 320 320 319 319 318 318 317 316 316 315 314 314 313 312 311 310 309 308 307 306 305 303 301 299 297 297
268 268 268 268 268 268 268 268 268 268 268 268 268 268 325 325 325 326 326 326 326 326 326 327 327 327 327 327 327 327 327 327 327 327 327 327 327 327 327 327 327 327 327 327 327 327 326 326 326 326 326 326 325 325 325 325 324 324 324 324 323 323 323 322 322 321 321 321 320 320 319 319 318 318 317 316 316 315 314 314 313 312 311 310 309 308 307 306 304 303 301 299 297 297
268 268 268 268 268 268 268 268 268 268 268 268 268 268 325 325 325 326 326 326 326 326 326 327 327 327 327 327 327 327 327 327 327 327 327 327 327 327 327 327 327 327 327 327 327 327 326 326 326 326 326 326 325 325 325 325 324 324 324 324 323 323 323 322 322 321 321 321 320 320 319 319 318 318 317 316 316 315 314 314 313 312 311 310 309 308 307 306 304 303 301 299 297 297
268 268 268 268 268 268 268 268 268 268 268 268 268 325 325 325 325 326 326 326 326 326 326 327 327 327 327 327 327 327 327 327 327 327 327 327 327 327 327 327 327 327 327 327 327 327 326 326 326 326 326 326 325 325 325 325 324 324 324 324 323 323 323 322 322 321 321 321 320 320 319 319 318 317 317 316 316 315 314 313 313 312 311 310 309 308 307 306 304 303 301 299 297 297
268 268 268 268 268 268 268 268 268 268 268 268 268 325 325 325 325 325 326 326 326 326 326 326 327 327 327 327 327 327 327 327 327 327 327 327 327 327 327 327 327 327 327 327 327 326 326 326 326 326 326 325 325 325 325 325 324 324 324 323 323 323 322 322 322 321 321 320 320 320 319 319 318 317 317 316 316 315 314 313 313 312 311 310 309 308 307 305 304 303 301 299 297 297
268 268 268 268 268 268 268 268 268 268 268 268 268 325 325 325 325 325 326 326 326 326 326 326 327 327 327 327 327 327 327 327 327 327 327 327 327 327 327 327 327 327 327 327 327 326 326 326 326 326 326 325 325 325 325 325 324 324 324 323 323 323 322 322 322 321 321 320 320 320 319 318 318 317 317 316 316 315 314 313 313 312 311 310 309 308 307 305 304 302 301 299 297 297
268 268 268 268 268 268 268 268 268 268 268 268 268 325 325 325 325 325 326 326 326 326 326 326 326 327 327 327 327 327 327 327 327 327 327 327 327 327 327 327 327 327 327 327 326 326 326 326 326 326 326 325 325 325 325 325 324 324 324 323 323 323 322 322 322 321 321 320 320 319 319 318 318 317 317 316 315 315 314 313 312 312 311 310 309 308 307 305 304 302 301 299 297 297
268 268 268 268 268 268 268 268 268 268 268 268 268 324 325 325 325 325 326 326 326 326 326 326 326 327 327 327 327 327 327 327 327 327 327 327 327 327 327 327 327 327 327 327 326 326 326 326 326 326 326 325 325 325 325 324 324 324 324 323 323 323 322 322 322 321 321 320 320 319 319 318 318 317 317 316 315 315 314 313 312 312 311 310 309 308 306 305 304 302 300 298 297 297
268 268 268 268 268 268 268 268 268 268 268 268 268 324 325 325 325 325 326 326 326 326 326 326 326 327 327 327 327 327 327 327 327 327 327 327 327 327 327 327 327 327 327 327 326 326 326 326 326 326 326 325 325 325 325 324 324 324 324 323 323 323 322 322 322 321 321 320 320 319 319 318 318 317 317 316 315 315 314 313 312 312 311 310 309 308 306 305 304 302 300 298 297 297
268 268 268 268 268 268 268 268 268 268 268 268 268 324 325 325 325 325 325 326 326 326 326 326 326 326 327 327 327 327 327 327 327 327 327 327 327 327 327 327 327 327 327 326 326 326 326 326 326 326 325 325 325 325 325 324 324 324 324 323 323 323 322 322 321 321 321 320 320 319 319 318 318 317 317 316 315 315 314 313 312 311 311 310 309 307 306 305 304 302 300 298 297 297
268 268 268 268 268 268 268 268 268 268 268 268 324 324 325 325 325 325 325 326 326 326 326 326 326 326 327 327 327 327 327 327 327 327 327 327 327 327 327 327 327 327 327 326 326 326 326 326 326 326 325 325 325 325 325 324 324 324 323 323 323 323 322 322 321 321 321 320 320 319 319 318 318 317 316 316 315 315 314 313 312 311 310 310 308 307 306 305 303 302 300 298 297 297
268 268 268 268 268 268 268 268 268 268 268 268 324 324 325 325 325 325 325 326 326 326 326 326 326 326 326 327 327 327 327 327 327 327 327 327 327 327 327 327 327 327 326 326 326 326 326 326 326 326 325 325 325 325 325 324 324 324 323 323 323 322 322 322 321 321 321 320 320 319 319 318 318 317 316 316 315 314 314 313 312 311 310 309 308 307 306 305 303 302 300 298 297 297
268 268 268 268 268 268 268 268 268 268 268 268 324 324 324 325 325 325 325 326 326 326 326 326 326 326 326 327 327 327 327 327 327 327 327 327 327 327 327 327 327 327 326 326 326 326 326 326 326 326 325 325 325 325 324 324 324 324 323 323 323 322 322 322 321 321 321 320 320 319 319 318 318 317 316 316 315 314 314 313 312 311 310 309 308 307 306 305 303 302 300 298 297 288
