testData/tiles/oneDegreeCosts/grid41.0-44.0-42.0-45.0.asc
ncols   200
nrows   200
xllcorner   41.0
yllcorner   44.0
cellsize   0.005
NODATA_value   -9999.0
[rows 126 to 167 of 200, columns 94 to 187 of 200]
349 349 349 349 350 350 350 350 350 350 350 350 350 350 350 350 351 351 351 351 351 351 351 351 351 351 351 372 373 373 373 373 373 373 373 373 373 373 373 374 375 377 380 382 383 385 387 181 181 181 181 181 181 181 181 181 181 181 181 181 181 181 181 181 181 181 181 181 181 181 183 184 185 187 188 189 191 192 193 194 196 197 198 199 200 201 203 204 205 206 207 208 208 209
349 349 349 349 349 350 350 350 350 350 350 350 350 350 350 350 350 351 351 351 351 351 351 351 351 351 351 372 372 373 373 373 373 373 373 373 373 373 373 375 376 378 380 382 384 386 388 390 391 393 181 181 181 181 181 181 181 181 181 181 181 181 181 181 181 181 181 181 181 183 184 185 187 188 190 191 192 194 195 196 197 199 200 201 202 203 204 205 206 207 208 209 210 211
349 349 349 349 349 349 349 350 350 350 350 350 350 350 350 350 350 350 351 351 351 351 351 351 351 351 372 372 372 372 372 373 373 373 373 373 373 373 374 376 378 379 381 383 385 386 389 391 393 394 396 181 181 181 181 181 181 181 181 181 181 181 181 181 181 181 181 181 183 184 186 187 188 190 191 193 194 195 197 198 199 200 202 203 204 205 206 207 208 209 210 211 212 213
349 349 349 349 349 349 349 349 350 350 350 350 350 350 350 350 350 350 350 351 351 351 351 351 351 351 372 372 372 372 372 372 372 373 373 373 373 373 375 377 379 380 382 384 386 388 389 391 393 395 397 399 401 181 181 181 181 181 181 181 181 181 181 181 181 181 181 182 183 185 186 188 189 191 193 194 196 197 198 199 201 202 203 204 206 207 208 209 210 211 212 213 214 215
349 349 349 349 349 349 349 349 349 350 350 350 350 350 350 350 350 350 350 350 350 351 351 351 351 372 372 372 372 372 372 372 372 372 373 373 373 374 376 378 380 382 383 385 387 389 390 392 394 396 397 400 402 403 405 181 181 181 181 181 181 181 181 181 181 181 182 183 185 186 188 189 190 192 193 195 196 197 199 201 202 204 205 206 207 209 210 211 212 213 214 215 216 217
349 349 349 349 349 349 349 349 349 349 350 350 350 350 350 350 350 350 350 350 350 350 351 351 351 372 372 372 372 372 372 372 372 372 372 372 374 375 377 379 381 383 384 386 388 390 392 393 395 397 399 400 402 405 406 408 410 181 181 181 181 181 181 181 181 181 183 184 186 188 189 191 192 193 195 196 198 199 200 202 203 204 206 207 208 209 210 212 213 214 215 216 217 218
349 349 349 349 349 349 349 349 349 349 349 350 350 350 350 350 350 350 350 350 350 350 350 350 372 372 372 372 372 372 372 372 372 372 372 372 374 375 378 380 382 384 386 387 389 391 393 394 396 398 400 401 403 405 407 408 411 413 414 181 181 181 181 181 181 183 184 186 187 189 190 192 193 195 196 198 199 201 202 203 205 206 207 209 210 211 212 213 214 216 217 218 219 220
348 349 349 349 349 349 349 349 349 349 349 349 349 350 350 350 350 350 350 350 350 350 350 350 371 372 372 372 372 372 372 372 372 372 372 373 375 376 378 380 383 385 387 388 390 392 394 396 397 399 401 403 404 406 408 409 411 413 415 417 419 181 181 181 182 184 186 187 189 190 192 193 195 196 198 199 201 202 204 205 206 208 209 210 211 213 214 215 216 217 218 219 220 221
348 348 349 349 349 349 349 349 349 349 349 349 349 349 350 350 350 350 350 350 350 350 350 371 371 371 371 372 372 372 372 372 372 372 372 374 376 377 379 381 383 385 388 389 391 393 395 397 398 400 402 404 405 407 409 411 412 414 416 418 419 421 424 182 184 185 187 189 190 192 193 195 196 198 199 201 202 204 205 207 208 209 211 212 213 214 216 217 218 219 220 221 222 223
348 348 348 348 349 349 349 349 349 349 349 349 349 349 349 350 350 350 350 350 350 350 350 371 371 371 371 371 371 372 372 372 372 372 373 375 377 378 380 382 384 386 388 389 392 394 396 398 399 401 403 405 407 408 410 412 414 415 417 419 420 422 424 425 427 186 188 190 192 193 195 196 198 199 201 202 204 205 207 208 209 211 212 213 215 216 217 218 220 221 222 223 224 225
348 348 348 348 348 349 349 349 349 349 349 349 349 349 349 349 349 350 350 350 350 350 371 371 371 371 371 371 371 371 372 372 372 372 374 376 377 379 381 383 385 387 389 390 392 394 397 399 401 402 404 406 408 409 411 413 415 416 418 420 422 423 425 427 428 430 189 190 192 194 196 198 199 201 202 204 205 207 208 210 211 212 214 215 216 218 219 220 221 223 224 225 226 227
348 348 348 348 348 348 349 349 349 349 349 349 349 349 349 349 349 349 350 350 350 350 371 371 371 371 371 371 371 371 371 371 372 373 375 376 378 380 382 384 386 388 390 391 393 395 397 399 401 403 405 407 409 411 412 414 416 418 419 421 423 425 426 428 430 431 433 435 193 195 196 198 200 201 203 204 207 208 210 211 213 214 215 217 218 219 221 222 223 224 225 227 228 229
348 348 348 348 348 348 348 349 349 349 349 349 349 349 349 349 349 349 349 349 350 350 371 371 371 371 371 371 371 371 371 371 371 373 375 377 379 381 383 385 387 389 391 392 394 396 398 400 402 403 405 408 410 412 413 415 417 419 421 422 424 426 427 429 431 433 434 436 438 439 198 199 201 203 204 206 207 209 210 212 213 215 216 217 219 221 222 224 225 226 227 228 229 231
348 348 348 348 348 348 348 348 348 349 349 349 349 349 349 349 349 349 349 349 349 371 371 371 371 371 371 371 371 371 371 371 371 373 375 377 380 382 384 386 388 390 391 393 395 397 399 401 403 404 406 408 410 412 415 416 418 420 422 423 425 427 429 430 432 434 435 437 439 440 442 201 202 204 206 207 209 210 212 213 215 216 217 219 220 222 223 224 225 227 228 229 230 231
348 348 348 348 348 348 348 348 348 348 349 349 349 349 349 349 349 349 349 349 349 370 370 371 371 371 371 371 371 371 371 371 372 374 376 378 380 382 385 387 389 390 392 394 396 398 400 402 404 405 407 409 411 413 415 416 418 421 423 425 426 428 430 432 433 435 437 438 440 442 443 445 447 205 207 208 210 212 213 215 216 218 219 220 222 223 225 226 227 228 230 231 232 233
348 348 348 348 348 348 348 348 348 348 348 349 349 349 349 349 349 349 349 349 370 370 370 370 371 371 371 371 371 371 371 371 373 375 377 379 381 383 385 387 389 391 393 395 397 399 401 403 405 406 408 410 412 414 416 417 419 421 423 425 427 429 431 433 434 436 438 440 441 443 445 446 448 450 451 210 211 213 215 216 218 219 221 222 223 225 226 227 229 230 231 233 234 235
347 348 348 348 348 348 348 348 348 348 348 348 348 349 349 349 349 349 349 349 370 370 370 370 370 370 371 371 371 371 371 372 374 376 378 380 382 384 385 387 389 391 394 396 398 400 402 404 405 407 409 411 413 415 417 418 420 422 424 426 428 429 431 433 436 437 439 441 443 444 446 448 449 451 453 454 213 214 216 217 219 221 222 223 225 226 228 229 230 232 233 234 235 237
347 347 348 348 348 348 348 348 348 348 348 348 348 348 349 349 349 349 349 349 370 370 370 370 370 370 370 370 371 371 371 373 375 377 379 380 382 384 386 388 390 392 394 396 399 401 403 404 406 408 410 412 414 416 418 419 421 423 425 427 429 430 432 434 436 437 439 441 444 445 447 449 451 452 454 455 457 459 217 219 220 222 223 225 226 228 229 231 232 233 235 236 237 238
347 347 347 348 348 348 348 348 348 348 348 348 348 348 348 348 349 349 349 370 370 370 370 370 370 370 370 370 370 370 371 373 375 377 379 381 383 385 387 389 391 393 395 397 399 401 402 405 407 409 411 413 415 417 419 420 422 424 426 428 430 431 433 435 437 439 440 442 444 446 447 449 451 452 455 457 458 460 462 220 222 223 225 226 228 229 231 232 234 235 236 238 239 240
347 347 347 347 348 348 348 348 348 348 348 348 348 348 348 348 348 349 349 370 370 370 370 370 370 370 370 370 370 370 371 374 376 378 380 382 384 386 388 390 392 394 396 398 399 401 403 405 407 410 412 414 416 418 419 421 423 425 427 429 431 432 434 436 438 440 441 443 445 447 449 450 452 454 455 457 459 460 462 464 465 225 226 228 229 231 232 234 235 237 238 239 241 242
347 347 347 347 347 347 348 348 348 348 348 348 348 348 348 348 348 348 348 370 370 370 370 370 370 370 370 370 370 370 372 374 376 379 381 383 385 387 389 391 393 394 396 398 400 402 404 406 408 410 412 414 417 419 420 422 424 426 428 430 432 433 435 437 439 441 443 444 446 448 450 451 453 455 457 458 460 462 463 465 467 468 227 228 230 231 233 234 236 237 239 240 241 242
347 347 347 347 347 347 347 348 348 348 348 348 348 348 348 348 348 348 369 369 370 370 370 370 370 370 370 370 370 371 373 375 377 378 380 383 385 387 389 391 393 395 397 399 401 403 405 407 409 411 413 415 416 418 420 423 425 427 429 431 433 434 436 438 440 442 444 445 447 449 451 453 454 456 458 459 461 463 465 466 468 469 471 473 231 233 234 236 237 239 240 241 243 244
347 347 347 347 347 347 347 347 347 348 348 348 348 348 348 348 348 348 369 369 369 369 370 370 370 370 370 370 370 371 373 375 377 379 381 383 385 387 390 392 394 396 398 400 402 404 406 408 410 412 413 415 417 419 421 423 425 427 430 432 434 435 437 439 441 443 445 446 448 450 452 454 455 457 459 461 462 464 466 467 469 471 472 474 476 234 236 237 239 240 242 243 244 246
347 347 347 347 347 347 347 347 347 347 348 348 348 348 348 348 348 348 369 369 369 369 369 369 370 370 370 370 370 372 374 376 378 380 382 384 386 388 390 392 395 397 399 401 403 405 406 408 410 412 414 416 418 420 422 424 426 428 430 432 433 435 438 440 442 444 446 447 449 451 453 455 457 458 460 462 464 465 467 469 470 472 474 475 477 479 480 239 240 242 243 245 246 247
347 347 347 347 347 347 347 347 347 347 347 348 348 348 348 348 348 348 369 369 369 369 369 369 369 370 370 370 370 372 374 376 378 380 382 384 386 388 390 392 394 396 399 401 403 405 407 409 411 413 415 417 419 421 423 425 427 429 430 432 434 436 438 440 442 444 447 448 450 452 454 456 458 459 461 463 465 466 468 470 472 473 475 477 478 480 482 483 242 243 245 246 248 249
347 347 347 347 347 347 347 347 347 347 347 347 347 348 348 348 348 369 369 369 369 369 369 369 369 369 369 370 371 373 375 377 379 381 383 385 387 389 391 393 395 397 399 401 403 406 408 410 412 414 416 418 420 422 424 425 427 429 431 433 435 437 439 441 443 445 447 448 450 452 454 457 459 460 462 464 466 468 469 471 473 475 476 478 480 481 483 484 486 488 246 248 249 250
346 346 347 347 347 347 347 347 347 347 347 347 347 347 348 348 348 369 369 369 369 369 369 369 369 369 369 369 371 374 376 378 380 382 384 386 388 390 392 394 396 398 400 402 404 406 408 411 413 414 416 418 420 422 424 426 428 430 432 434 436 438 440 442 444 446 447 449 451 453 455 457 459 460 462 464 466 468 470 472 474 476 477 479 481 483 484 486 487 489 491 249 251 252
346 346 346 347 347 347 347 347 347 347 347 347 347 347 347 347 348 369 369 369 369 369 369 369 369 369 369 369 371 373 375 378 380 382 384 386 388 390 392 394 396 398 400 402 404 406 408 410 412 414 417 419 421 423 425 427 429 431 433 435 437 439 441 443 444 446 448 450 452 454 456 458 460 461 463 465 467 469 471 472 474 476 478 479 481 483 484 486 488 489 491 492 494 253
346 346 346 346 347 347 347 347 347 347 347 347 347 347 347 347 347 368 369 369 369 369 369 369 369 369 369 369 372 374 376 378 380 383 385 387 389 391 393 395 397 399 401 403 405 407 409 411 413 415 417 419 421 424 426 428 430 432 434 436 438 439 441 443 445 447 449 451 453 455 457 459 461 462 464 466 468 470 472 473 475 477 479 481 482 484 486 487 489 491 492 494 495 497
346 346 346 346 346 346 347 347 347 347 347 347 347 347 347 347 368 368 368 369 369 369 369 369 369 369 369 370 372 374 376 378 380 382 384 387 389 391 393 395 397 399 401 403 405 407 409 411 413 415 417 419 421 423 425 427 430 432 434 436 438 440 442 444 446 448 450 452 454 456 458 460 461 463 465 467 469 471 473 474 476 478 480 482 483 485 487 489 490 492 494 495 497 498
346 346 346 346 346 346 346 347 347 347 347 347 347 347 347 347 368 368 368 368 368 369 369 369 369 369 369 370 372 375 377 379 381 383 385 387 389 391 394 396 398 400 402 404 406 408 410 412 414 416 418 420 422 424 426 428 430 432 434 436 439 441 443 445 447 449 451 453 455 457 458 460 462 464 466 468 470 472 474 475 477 479 481 483 485 486 488 490 492 493 495 497 498 500
346 346 346 346 346 346 346 346 346 347 347 347 347 347 347 347 368 368 368 368 368 368 368 369 369 369 369 371 373 375 377 379 381 383 385 387 389 391 393 395 398 400 402 404 406 409 411 413 415 417 419 421 423 425 427 429 431 433 435 437 439 441 443 445 448 449 451 453 455 457 459 461 463 465 467 469 471 473 475 476 478 480 482 484 486 487 489 491 493 494 496 498 499 501
346 346 346 346 346 346 346 346 346 346 347 347 347 347 347 347 368 368 368 368 368 368 368 368 368 369 369 371 373 375 377 379 382 384 386 388 390 392 394 396 398 400 403 405 407 409 411 413 415 417 419 421 423 425 427 429 431 433 435 437 439 441 443 445 447 449 451 453 455 458 460 462 464 466 468 470 472 474 475 477 479 481 483 485 487 488 490 492 494 496 497 499 501 502
346 346 346 346 346 346 346 346 346 346 346 346 347 347 347 347 368 368 368 368 368 368 368 368 368 368 369 372 374 376 378 380 382 384 386 388 390 392 394 396 398 400 402 404 406 409 412 414 416 418 420 422 424 426 428 430 432 434 436 438 440 442 444 446 448 450 452 454 456 458 460 462 464 466 468 469 472 474 476 478 480 482 484 486 488 489 491 493 495 497 498 500 502 504
346 346 346 346 346 346 346 346 346 346 346 346 346 346 347 347 368 368 368 368 368 368 368 368 368 368 369 371 373 376 378 380 382 384 386 388 391 393 395 397 399 401 403 405 407 409 411 413 416 418 420 422 424 426 428 430 432 434 436 438 440 442 444 446 448 450 452 454 456 458 460 462 464 466 468 470 472 474 476 478 480 482 484 486 488 489 491 493 496 498 500 501 503 505
345 345 346 346 346 346 346 346 346 346 346 346 346 346 346 368 368 368 368 368 368 368 368 368 368 368 369 371 373 375 378 381 383 385 387 389 391 393 395 397 399 401 403 405 407 409 411 413 416 418 420 423 425 427 429 431 433 435 437 439 441 443 445 447 449 451 453 455 457 459 461 463 465 467 469 471 473 475 477 479 481 483 485 487 488 490 492 494 496 498 500 501 503 505
345 345 345 346 346 346 346 346 346 346 346 346 346 346 346 367 367 368 368 368 368 368 368 368 368 368 370 372 374 376 378 380 382 385 387 389 391 393 395 397 399 402 404 406 408 410 412 414 416 418 420 422 424 426 429 431 433 435 437 439 441 443 445 448 450 452 454 456 458 460 462 464 466 468 470 472 474 476 478 480 482 483 485 487 489 491 493 495 497 499 501 502 504 506
345 345 345 345 345 346 346 346 346 346 346 346 346 346 346 367 367 367 367 368 368 368 368 368 368 368 370 372 374 376 378 380 382 384 386 390 392 394 396 398 400 402 404 406 408 410 412 414 416 418 420 422 425 427 429 431 433 435 438 440 442 444 446 448 450 452 454 456 458 460 462 464 466 468 470 472 474 476 478 480 482 484 486 488 490 492 494 496 498 500 502 503 505 507
345 345 345 345 345 345 346 346 346 346 346 346 346 346 346 367 367 367 367 367 367 368 368 368 368 368 370 372 374 376 378 381 383 385 387 389 391 393 396 398 400 402 404 406 408 410 413 415 417 419 421 423 425 427 429 431 433 435 437 439 441 443 446 448 451 453 455 457 459 461 463 465 467 469 471 473 475 477 479 481 483 485 487 489 491 493 495 497 499 501 502 504 506 508
345 345 345 345 345 345 345 345 346 346 346 346 346 346 346 367 367 367 367 367 367 367 367 368 368 368 370 372 375 377 379 381 383 385 387 389 391 393 395 397 400 403 405 407 409 411 413 415 417 419 421 423 425 427 429 431 433 436 438 440 442 444 446 448 450 452 454 457 459 461 463 465 467 469 471 473 475 477 479 481 483 485 487 489 491 493 495 497 499 501 503 505 507 509
345 345 345 345 345 345 345 345 345 346 346 346 346 346 346 367 367 367 367 367 367 367 367 367 367 369 371 373 375 377 379 381 383 385 387 389 391 393 396 398 400 402 404 407 409 411 413 415 417 419 421 423 426 428 430 432 434 436 438 440 442 444 446 448 450 452 454 456 459 461 463 465 467 470 472 474 476 478 480 482 484 486 488 490 492 494 496 498 500 502 504 506 508 510
345 345 345 345 345 345 345 345 345 345 345 346 346 346 346 367 367 367 367 367 367 367 367 367 367 368 370 373 375 377 379 381 383 385 387 390 392 394 396 398 400 402 404 406 408 410 413 415 418 420 422 424 426 428 430 432 434 436 438 440 442 444 447 449 451 453 455 457 459 461 463 465 467 469 471 473 475 477 479 481 483 486 489 491 493 495 497 499 501 503 505 507 509 511
