testData/tiles/oneDegreeCosts/grid20.0-44.0-21.0-45.0.asc
ncols   200
nrows   200
xllcorner   20.0
yllcorner   44.0
cellsize   0.005
NODATA_value   -9999.0
[rows 42 to 83 of 200, columns 0 to 93 of 200]
640 640 640 640 640 640 640 640 640 640 640 640 640 640 640 641 641 642 641 641 641 641 642 642 642 641 641 641 641 641 641 641 642 642 642 642 642 642 642 642 642 642 642 641 641 641 641 641 641 641 641 641 641 641 641 641 641 641 641 640 640 640 640 640 641 642 641 640 640 641 640 640 640 639 639 641 641 639 639 639 638 639 639 637 637 637 636 636 637 636 636 636 636 636
640 640 640 640 640 640 640 640 640 640 640 640 640 641 641 641 641 641 641 641 642 641 641 641 641 642 642 642 641 642 642 642 642 642 642 642 642 642 641 641 642 642 642 641 641 642 641 641 641 641 641 641 641 641 641 642 642 642 641 641 640 641 641 641 641 641 641 642 641 640 640 640 640 640 641 640 640 640 639 639 639 638 638 638 637 637 639 638 637 637 637 637 636 637
640 640 639 639 639 639 640 640 640 640 640 641 641 641 641 641 641 641 641 641 641 641 641 641 641 641 641 642 642 643 642 642 642 642 642 641 641 641 641 642 642 641 641 641 642 641 641 641 641 642 641 641 641 641 641 642 642 642 641 641 642 641 641 641 641 642 641 641 641 640 640 640 640 640 640 640 640 640 640 639 639 638 638 638 639 639 638 638 638 637 637 638 638 638
639 639 639 639 639 640 639 639 639 641 641 641 641 641 641 641 641 641 641 641 641 641 641 641 642 642 642 642 642 642 642 642 642 642 642 642 642 642 641 641 641 641 642 641 641 642 642 641 642 642 642 641 641 641 642 642 641 641 642 642 641 641 642 641 641 641 641 640 640 640 641 640 641 640 639 639 640 639 639 639 639 638 639 639 638 638 638 638 638 639 639 638 638 638
638 638 638 638 639 639 639 640 641 640 640 640 640 641 641 641 641 641 641 641 641 641 643 641 641 641 641 642 642 642 642 642 642 642 642 642 642 642 642 642 641 642 642 642 641 641 642 642 642 641 641 641 642 642 641 641 641 641 641 641 641 641 642 642 642 640 640 640 641 640 640 641 640 640 641 639 639 639 639 639 639 639 639 639 639 638 638 639 639 639 639 639 639 638
639 638 638 639 639 639 639 640 640 640 640 640 640 640 640 640 641 641 641 641 641 642 642 642 642 643 642 642 642 642 642 642 642 642 642 642 642 642 642 642 643 643 642 641 641 642 641 641 641 641 642 641 642 642 642 641 641 641 641 641 641 642 642 641 641 641 640 641 640 640 640 640 641 640 640 640 640 639 639 639 639 639 639 639 639 640 639 639 639 639 639 639 640 641
638 638 639 639 640 640 641 641 640 640 640 640 640 640 640 640 640 641 641 641 642 642 641 641 642 642 642 642 642 642 642 642 642 642 642 642 642 642 642 642 642 642 642 641 642 642 641 641 641 641 641 642 641 641 642 642 641 641 641 641 641 641 641 641 641 641 641 641 640 641 640 640 640 640 640 640 640 640 639 639 639 639 639 640 640 640 640 640 639 639 640 640 641 641
638 639 639 639 639 640 640 640 640 640 641 640 640 640 640 641 641 641 641 641 641 641 641 642 641 641 641 641 642 642 642 642 642 643 642 642 642 642 642 642 642 641 641 642 642 641 641 641 642 641 641 641 641 642 641 641 641 641 642 643 643 642 641 641 642 641 641 641 642 642 642 642 640 640 640 641 640 640 641 641 641 641 641 641 641 641 641 641 641 641 640 641 641 641
638 639 639 639 640 640 639 639 639 640 640 640 640 641 641 641 641 641 641 641 641 641 641 641 641 641 641 641 641 642 642 642 642 642 642 642 643 642 641 641 641 642 641 641 641 641 642 641 641 642 642 641 642 642 642 641 641 643 643 642 642 642 643 641 641 641 642 641 642 642 641 641 641 641 640 640 640 641 641 641 642 642 642 641 641 641 642 642 642 643 643 643 642 643
639 638 638 639 639 639 639 639 640 639 639 639 641 641 641 641 641 641 641 641 641 642 642 641 641 641 641 642 642 642 642 642 642 642 642 642 642 642 642 641 641 641 641 641 641 641 641 641 643 642 643 643 643 642 642 642 643 642 642 642 642 642 642 642 642 642 642 642 641 641 641 641 641 641 641 641 641 641 642 642 642 642 642 642 643 642 642 642 643 643 643 644 644 643
638 638 639 639 639 639 639 639 639 639 640 641 640 640 640 640 641 641 641 641 641 641 641 641 642 642 642 642 642 642 642 641 641 641 642 642 641 641 641 642 642 641 641 641 642 642 641 642 642 643 642 642 642 642 642 643 642 642 642 642 642 642 642 642 642 643 642 642 641 641 641 641 641 641 641 642 643 643 642 642 642 642 642 643 643 643 643 643 643 644 644 644 644 644
638 639 639 639 639 639 640 639 639 639 640 640 640 640 640 640 640 640 640 641 641 641 641 641 642 642 642 642 642 642 641 641 641 641 641 641 641 641 641 641 642 642 642 642 642 642 641 641 642 642 642 642 642 642 642 643 642 642 643 642 642 642 642 642 642 642 642 641 641 642 641 641 641 641 642 643 643 643 643 642 642 643 643 643 643 644 644 645 644 644 644 644 644 644
638 639 638 638 638 639 640 640 640 641 640 640 640 640 640 640 640 640 640 640 641 641 641 642 641 641 641 642 642 642 641 641 642 642 641 641 641 642 642 642 642 642 642 642 642 642 643 643 643 642 642 642 642 642 642 642 642 642 642 642 642 642 642 642 642 641 641 641 642 642 642 642 641 643 643 643 643 643 643 644 644 643 643 643 644 645 645 645 645 645 644 644 645 645
638 638 638 638 639 639 639 639 640 640 640 640 640 640 640 640 640 640 641 641 641 641 641 641 641 641 641 641 641 641 641 641 641 641 642 642 643 642 642 642 642 641 641 641 641 643 642 642 642 642 642 642 642 642 642 642 642 642 642 642 642 642 642 642 642 642 643 643 643 643 643 644 645 645 644 644 644 644 645 645 645 645 645 645 645 645 645 645 645 645 646 646 645 645
638 638 638 639 639 639 639 640 639 639 639 639 640 640 640 640 641 641 641 641 641 642 641 641 641 641 641 641 641 641 641 642 642 641 642 642 642 642 642 642 641 641 641 641 642 642 642 642 642 642 642 642 642 642 642 643 642 642 642 643 642 643 643 643 643 643 643 643 643 643 645 645 645 645 645 645 645 645 645 645 645 645 647 647 647 646 646 646 647 647 647 647 646 645
638 638 638 638 638 638 639 639 639 639 639 639 639 639 640 641 641 641 640 640 641 641 641 641 641 641 641 641 641 642 641 641 641 642 642 641 641 641 642 642 641 641 641 642 642 642 642 642 642 642 642 643 643 643 643 643 642 642 642 642 643 643 643 644 644 644 644 643 643 645 645 645 645 645 646 646 646 645 645 645 646 647 647 647 647 647 646 647 647 647 647 647 647 648
638 639 639 639 639 638 638 638 638 638 639 639 640 639 640 640 640 640 640 641 640 640 640 641 641 641 641 641 642 641 641 641 641 641 641 641 641 641 641 641 641 641 642 642 642 642 642 642 642 642 642 642 643 643 642 642 642 643 642 643 643 643 644 644 644 644 644 645 646 645 645 645 645 646 646 646 646 646 646 647 647 647 647 647 647 648 648 648 647 647 647 648 648 649
638 638 638 638 638 639 639 639 638 639 639 639 639 640 640 639 639 639 640 640 640 640 640 640 641 641 641 642 641 641 641 642 641 641 641 641 641 641 641 641 641 641 643 642 642 643 643 642 642 642 643 643 642 642 642 643 643 643 644 644 643 644 644 644 644 644 645 646 646 646 646 646 646 646 646 646 646 647 648 648 648 647 647 648 648 648 648 648 648 649 648 649 649 649
638 638 638 638 638 638 638 638 639 640 640 639 640 640 640 639 639 640 640 640 640 640 641 641 641 641 641 641 641 641 641 641 641 641 641 641 641 641 641 642 641 642 642 642 642 642 642 642 642 643 642 642 642 642 643 643 643 644 644 645 645 645 645 644 644 645 646 646 646 646 647 647 647 646 646 646 647 648 648 648 648 648 649 648 648 648 648 648 649 649 650 649 649 649
638 638 638 638 638 638 638 639 639 639 639 640 640 639 639 639 640 640 640 640 640 640 640 640 641 641 640 640 640 641 641 640 640 640 641 641 641 641 642 642 642 642 642 642 642 642 642 642 643 643 643 643 643 643 643 643 644 644 645 645 645 645 645 646 646 646 646 646 646 647 648 648 648 648 649 648 649 648 648 648 649 649 649 649 648 648 649 649 649 650 650 650 651 650
638 638 638 638 638 638 639 639 638 638 639 639 639 639 639 639 639 639 640 641 641 641 640 641 640 640 640 640 640 640 640 640 640 640 641 641 641 642 641 642 642 642 642 642 642 642 642 643 643 643 643 643 644 644 644 644 644 645 645 646 646 646 647 647 648 648 648 648 648 648 648 648 648 649 649 650 650 649 650 650 650 650 650 650 651 651 650 651 650 650 650 651 651 651
638 638 638 638 638 638 638 638 638 639 638 638 638 638 639 639 639 639 640 640 640 640 640 640 640 640 640 640 640 640 640 640 641 641 640 640 641 641 641 641 641 642 642 642 642 642 643 643 643 643 644 644 644 645 646 647 647 646 646 646 646 647 647 648 648 648 649 649 648 648 648 649 649 649 650 650 650 651 650 650 650 650 650 651 651 651 652 651 651 652 652 652 652 652
638 638 638 638 639 638 638 638 638 638 638 638 638 638 638 639 639 640 640 639 639 639 640 640 640 640 640 640 640 641 642 640 640 640 640 641 640 640 641 641 642 642 642 642 643 644 644 643 643 645 645 645 645 646 647 647 647 647 647 647 647 647 647 648 649 649 649 649 649 649 649 649 649 650 650 651 651 651 651 651 650 651 651 651 651 652 652 653 653 652 652 652 652 653
638 638 638 638 638 638 638 638 638 638 638 638 638 639 638 638 639 639 639 639 639 639 639 639 639 640 640 640 640 641 641 641 640 640 640 640 640 641 641 642 642 642 642 643 644 645 645 645 646 645 645 645 645 647 647 647 647 647 648 648 648 647 648 649 649 649 649 649 650 650 650 650 650 650 651 651 651 651 651 651 652 652 651 651 652 652 653 653 653 653 653 652 653 653
638 638 638 638 638 638 638 638 638 638 638 638 639 639 639 640 639 639 639 639 639 639 639 639 639 640 640 640 640 640 640 640 640 641 641 641 642 641 642 642 642 642 644 644 645 645 645 646 646 646 646 645 647 647 647 647 647 648 648 648 648 649 650 649 649 649 649 650 650 650 650 651 651 652 651 651 651 651 652 652 652 652 652 652 653 653 653 653 653 653 654 654 653 653
638 638 638 638 638 638 638 638 638 638 639 638 638 638 639 639 639 639 639 639 639 639 639 640 639 639 639 640 640 640 640 640 641 641 641 641 643 643 643 643 643 644 644 645 645 645 646 646 646 646 646 648 648 648 647 647 648 648 648 648 649 650 650 650 650 649 650 650 650 650 651 652 652 652 652 652 651 652 652 652 652 653 654 654 654 653 653 653 654 654 654 654 654 654
638 638 638 638 638 638 638 638 638 638 638 638 638 638 638 638 638 638 639 639 639 639 640 640 640 639 640 640 640 640 640 641 641 641 641 643 644 644 644 644 645 645 645 645 645 646 646 646 646 647 648 648 648 648 649 649 648 648 648 650 650 650 650 651 652 652 652 651 651 652 653 653 653 653 653 654 654 653 653 653 654 655 655 655 654 654 654 654 654 654 654 654 654 655
638 638 638 638 638 638 638 638 638 638 638 638 638 638 638 638 638 638 638 639 639 640 640 640 640 640 641 641 640 640 641 641 641 641 644 644 644 644 644 645 645 646 646 646 647 646 646 646 647 648 648 648 648 649 649 649 650 650 651 651 651 651 651 652 652 652 652 652 654 653 653 653 653 653 654 654 654 654 654 655 655 655 655 655 655 656 656 656 655 655 655 655 655 656
638 638 638 638 638 638 638 638 638 638 638 638 638 638 638 638 638 639 639 639 640 640 640 640 640 641 641 641 641 642 642 642 642 643 644 644 644 644 645 645 645 646 646 647 647 647 647 647 647 648 648 649 650 650 650 650 650 652 652 652 651 651 652 652 652 652 652 654 654 654 654 653 654 654 654 654 654 654 656 656 656 655 655 655 656 656 656 656 656 657 656 657 657 657
638 638 638 638 638 638 638 638 638 638 638 638 638 638 638 638 639 639 639 640 640 640 640 640 641 641 641 641 642 643 643 643 644 645 644 644 644 645 645 645 646 647 647 647 647 647 648 649 650 649 649 650 650 650 650 650 652 652 652 652 652 653 652 652 652 652 654 654 654 654 654 655 655 654 654 654 655 656 656 656 656 656 656 656 656 656 656 656 657 657 658 657 657 657
638 638 638 638 638 638 638 638 638 638 638 638 638 638 640 640 640 639 640 640 640 640 640 641 641 641 641 643 643 643 643 644 645 645 645 645 646 645 645 646 647 647 647 647 648 649 649 650 650 650 651 651 650 650 650 652 652 652 652 653 653 653 653 653 653 654 654 654 654 654 655 655 655 655 654 655 656 656 656 656 656 657 657 657 656 656 657 657 657 658 658 658 658 658
638 638 638 638 638 638 638 638 638 638 638 638 638 640 640 640 640 640 641 641 641 640 641 641 641 642 643 643 643 643 644 645 645 645 645 646 646 646 647 647 647 648 648 648 649 649 650 650 650 651 651 651 651 652 651 652 652 652 653 653 653 653 653 654 655 655 654 654 655 655 655 655 655 655 656 657 656 656 656 657 657 657 657 657 657 657 657 657 658 658 658 659 659 659
638 638 638 638 638 638 638 638 638 638 638 639 640 640 640 640 640 641 641 641 641 642 642 643 642 643 643 643 643 644 644 645 645 645 646 646 646 646 649 649 649 649 648 649 649 650 650 650 651 651 651 651 652 652 653 653 652 653 653 653 653 653 654 655 655 655 655 655 656 656 656 656 657 657 658 658 658 658 658 657 657 657 657 658 658 658 658 658 658 659 659 659 659 659
638 638 638 638 638 638 638 638 638 638 639 639 640 640 640 640 641 641 641 641 642 642 643 643 644 644 644 644 643 644 645 645 645 646 646 646 647 649 649 649 649 649 650 650 649 650 651 651 651 651 651 652 652 653 653 653 654 654 653 654 654 655 656 656 656 656 657 657 657 656 656 657 657 658 658 658 659 659 659 658 658 658 659 659 659 660 660 661 659 659 659 659 659 660
638 638 638 638 638 638 638 638 639 639 639 640 640 640 640 641 641 641 641 642 643 643 643 644 644 644 644 644 645 646 646 645 646 646 647 647 649 649 649 649 649 650 650 650 651 652 652 651 651 651 652 652 653 653 654 655 655 655 655 655 655 656 656 656 656 657 657 657 657 657 658 657 658 658 658 659 659 659 659 659 660 659 659 659 660 660 661 661 661 661 660 660 661 660
638 638 638 638 638 638 639 640 640 640 641 641 640 640 641 641 641 641 643 643 643 643 644 644 644 644 644 645 645 646 646 648 648 647 647 648 649 649 649 649 650 650 650 651 652 652 652 652 652 652 653 654 654 654 655 655 655 655 656 656 656 657 656 657 657 657 657 657 658 658 658 659 658 658 659 659 659 659 659 660 660 660 659 660 661 661 661 661 661 661 662 661 661 661
638 638 638 638 638 639 640 640 640 641 641 641 641 642 642 642 641 643 643 643 643 643 644 644 644 644 645 645 646 647 648 648 648 648 649 650 649 649 649 650 650 650 651 652 652 652 653 653 654 654 654 654 654 655 655 655 655 656 656 656 657 657 658 657 657 657 657 658 658 658 659 659 660 660 659 659 659 659 660 660 660 660 661 662 661 661 661 661 661 662 662 662 661 661
653 638 638 638 640 640 640 640 641 641 641 641 642 642 642 643 644 644 644 644 643 644 644 644 644 645 645 645 647 648 648 648 648 649 650 650 650 650 651 650 650 650 652 653 653 653 653 654 654 654 655 656 656 655 655 655 656 656 656 657 657 658 658 658 658 657 658 658 658 659 659 660 660 660 660 660 660 660 660 660 660 661 662 662 662 661 661 662 662 662 662 662 662 663
653 653 638 640 640 640 640 641 641 641 641 641 642 642 643 643 644 644 644 644 645 645 645 644 645 645 646 647 648 648 648 648 648 649 650 650 650 651 651 651 651 653 653 653 653 653 654 654 654 655 656 656 656 656 656 656 656 656 657 657 658 658 658 658 658 659 659 658 659 659 660 660 660 660 660 661 661 660 660 660 662 662 662 662 662 662 663 662 662 662 662 663 663 663
653 653 654 640 640 640 640 641 641 641 641 642 643 643 643 644 644 644 644 645 645 645 645 646 647 647 647 648 648 648 648 648 649 650 650 650 651 651 652 652 654 654 654 653 653 654 654 654 655 656 656 656 656 656 657 657 657 657 657 658 658 658 659 659 660 660 660 661 662 661 661 661 661 661 662 662 662 662 662 663 663 663 663 663 664 663 663 663 662 662 663 663 663 664
654 655 656 656 640 640 641 641 641 641 642 643 643 643 644 644 644 644 645 645 645 645 647 647 647 647 649 649 649 648 648 649 650 650 650 651 652 652 652 653 654 654 654 654 655 655 654 654 656 656 656 656 656 657 657 657 657 659 660 659 659 659 660 660 660 660 661 662 662 662 661 661 662 662 662 662 662 663 664 664 663 663 663 664 664 664 664 664 665 664 663 663 664 664
655 656 656 656 641 642 642 642 642 642 643 643 643 644 644 644 644 645 645 645 645 647 647 647 647 648 649 649 649 649 650 650 650 650 652 652 652 652 653 654 654 654 654 655 655 655 655 657 656 656 656 656 658 658 658 658 660 660 660 660 660 660 660 660 660 660 662 662 662 662 662 663 662 662 662 662 663 664 664 664 664 665 664 664 664 664 664 665 665 665 666 665 665 666
