testData/tiles/oneDegreeCosts/grid9.0-9.0-10.0-10.0.asc
ncols   200
nrows   200
xllcorner   9.0
yllcorner   9.0
cellsize   0.005
NODATA_value   -9999.0
[rows 42 to 83 of 200, columns 94 to 187 of 200]
687 686 686 685 685 685 684 683 440 440 439 438 438 438 436 436 436 436 434 434 434 433 432 432 432 431 430 343 342 342 341 341 340 340 339 338 338 337 337 336 336 335 334 334 333 333 332 332 331 330 330 329 329 328 327 327 326 325 325 325 323 323 323 321 321 321 320 320 319 319 319 318 318 318 317 317 316 316 316 315 315 314 314 314 314 314 314 314 314 314 314 314 314 314
687 687 685 685 685 685 684 440 440 440 439 438 438 437 437 436 436 435 435 434 434 433 433 432 431 431 431 430 342 342 342 340 340 340 340 338 338 338 336 336 336 336 334 334 334 332 332 332 331 330 330 330 328 328 328 327 326 326 325 324 324 323 322 322 321 321 320 320 320 319 319 319 318 318 317 317 317 316 316 315 315 315 314 314 314 314 314 314 314 314 314 314 314 314
687 687 686 685 685 441 441 441 440 439 439 439 438 437 437 437 435 435 435 435 433 433 433 432 431 431 431 430 342 342 341 341 340 340 339 339 338 337 337 336 336 335 335 334 333 333 332 332 331 330 330 329 328 328 328 327 326 326 325 324 324 323 322 322 321 321 321 320 320 320 319 319 319 318 318 317 317 317 316 316 315 315 315 314 314 314 314 314 314 314 314 314 314 314
687 686 686 443 441 441 441 441 440 439 439 439 438 437 437 436 436 435 435 434 434 433 433 432 432 431 430 430 430 342 341 341 341 339 339 339 338 337 337 337 335 335 335 334 333 333 333 331 331 331 330 329 329 328 327 327 326 326 325 324 324 323 322 322 322 321 321 321 320 320 320 319 319 318 318 318 317 317 316 316 316 315 315 314 314 314 314 314 314 314 314 314 314 314
686 686 443 443 442 441 441 440 440 440 439 438 438 438 437 436 436 436 434 434 434 434 432 432 432 431 430 430 430 342 341 341 340 340 339 339 338 337 337 337 336 335 335 334 333 333 332 332 331 331 330 329 329 328 327 327 327 325 325 325 323 323 323 322 322 322 321 321 321 320 320 319 319 319 318 318 318 317 317 316 316 316 315 315 314 314 314 314 314 314 314 314 314 314
444 443 443 442 442 442 440 440 440 440 438 438 438 438 437 436 436 435 435 434 434 433 433 432 432 431 431 430 429 429 342 341 340 340 339 338 338 338 337 336 336 336 334 334 334 333 332 332 331 330 330 330 329 328 328 327 326 326 325 325 324 323 323 323 322 322 322 321 321 320 320 320 319 319 319 318 318 317 317 317 316 316 315 315 315 314 314 314 314 314 314 314 314 314
444 444 442 442 442 442 441 440 440 439 439 438 438 437 437 437 436 435 435 435 433 433 433 433 431 431 431 430 429 429 342 341 340 340 339 338 338 338 337 336 336 336 334 334 334 333 332 332 332 330 330 330 328 328 328 327 326 326 326 324 324 324 323 323 323 322 322 321 321 321 320 320 320 319 319 319 318 318 317 317 317 316 316 315 315 314 314 314 314 314 314 314 314 314
444 443 443 442 442 441 441 441 439 439 439 439 437 437 437 437 436 435 435 434 434 433 433 432 432 431 431 430 430 429 428 341 340 340 339 339 338 337 337 337 336 335 335 334 333 333 333 332 331 331 330 329 329 328 328 327 326 326 325 324 324 324 323 323 323 322 322 322 321 321 321 320 320 320 319 319 318 318 318 317 317 316 316 316 315 315 314 314 314 314 314 314 314 314
443 443 443 443 441 441 441 441 440 439 439 438 438 437 437 436 436 436 435 434 434 434 432 432 432 432 430 430 430 429 428 341 341 339 339 339 339 337 337 337 336 335 335 335 333 333 333 331 331 331 331 329 329 329 327 327 327 326 325 325 324 324 324 323 323 323 322 322 322 321 321 321 320 320 319 319 319 318 318 318 317 317 316 316 316 315 315 314 314 314 314 314 314 314
444 443 443 442 442 441 441 440 440 440 438 438 438 438 436 436 436 436 434 434 434 433 433 432 432 431 430 430 430 429 428 428 340 340 339 339 338 338 337 336 336 335 335 334 334 333 332 332 331 331 330 330 329 328 328 327 327 326 325 325 325 324 324 324 323 323 323 322 322 322 321 321 320 320 320 319 319 319 318 318 317 317 317 316 316 315 315 315 314 314 314 314 314 314
444 444 442 442 442 442 440 440 440 440 439 438 438 437 437 436 436 435 435 434 434 433 433 432 431 431 431 430 429 429 429 427 427 340 340 338 338 338 338 336 336 336 334 334 334 334 332 332 332 330 330 330 329 328 328 328 326 326 326 325 325 325 324 324 324 323 323 323 322 322 321 321 321 320 320 320 319 319 318 318 318 317 317 316 316 316 315 315 314 314 314 314 314 314
444 443 443 442 442 441 441 440 440 439 439 439 437 437 437 437 435 435 435 435 433 433 433 432 431 431 431 430 429 429 429 428 427 340 339 339 338 338 337 336 336 335 335 334 334 333 332 332 331 331 330 330 329 328 328 327 326 326 326 325 325 325 324 324 324 323 323 323 322 322 322 321 321 321 320 320 320 319 319 318 318 318 317 317 316 316 316 315 315 314 314 314 314 314
443 443 443 442 441 441 441 441 439 439 439 439 437 437 437 436 436 435 435 434 434 433 433 432 432 431 430 430 430 429 428 428 428 426 339 339 339 337 337 337 336 335 335 335 333 333 333 332 331 331 331 329 329 329 328 327 327 326 326 326 325 325 325 324 324 324 323 323 323 322 322 322 321 321 321 320 320 319 319 319 318 318 317 317 317 316 316 315 315 315 314 314 314 314
443 443 443 442 441 441 441 440 440 439 439 438 438 437 437 436 436 436 434 434 434 434 432 432 432 431 430 430 430 429 428 428 428 427 339 339 338 337 337 337 336 335 335 334 334 333 333 332 331 331 330 329 329 329 328 327 327 327 326 326 326 325 325 325 324 324 324 323 323 323 322 322 322 321 321 320 320 320 319 319 319 318 318 317 317 317 316 316 315 315 314 314 314 314
444 443 442 442 442 441 440 440 440 440 438 438 438 438 436 436 436 435 435 434 434 433 433 432 432 431 431 430 429 429 429 428 427 427 426 338 338 338 337 336 336 336 335 334 334 333 332 332 332 331 330 330 329 328 328 327 327 327 327 326 326 326 325 325 325 324 324 324 323 323 322 322 322 321 321 321 320 320 320 319 319 318 318 318 317 317 316 316 316 315 315 314 314 314
444 443 442 442 442 441 440 440 440 439 439 438 438 437 437 436 436 435 435 434 433 433 433 433 431 431 431 430 429 429 429 427 427 427 427 338 338 338 337 336 336 336 335 334 334 333 332 332 332 331 330 330 329 328 328 328 327 327 327 326 326 326 325 325 325 324 324 324 323 323 323 322 322 322 321 321 321 320 320 319 319 319 318 318 317 317 317 316 316 315 315 315 314 314
444 443 442 442 442 441 441 440 439 439 439 439 437 437 437 437 435 435 435 434 433 433 433 432 431 431 431 430 429 429 428 428 427 427 426 426 338 338 337 337 336 335 335 334 334 333 333 332 331 331 330 330 329 329 328 328 328 327 327 327 326 326 326 325 325 325 324 324 324 323 323 323 322 322 322 321 321 320 320 320 319 319 319 318 318 317 317 317 316 316 315 315 314 314
443 443 443 442 441 441 441 440 439 439 439 438 437 437 437 436 436 435 435 434 434 433 432 432 432 431 430 430 430 429 428 428 428 426 426 426 339 337 337 337 336 335 335 335 333 333 333 332 331 331 331 329 329 329 328 328 328 328 327 327 327 326 326 326 325 325 325 324 324 324 323 323 323 322 322 321 321 321 320 320 320 319 319 318 318 318 317 317 316 316 316 315 315 314
443 443 443 442 441 441 441 440 440 439 438 438 438 437 436 436 436 436 434 434 434 433 432 432 432 431 430 430 430 429 428 428 427 427 426 426 425 338 337 337 336 335 335 334 334 333 333 332 331 331 330 330 329 329 329 328 328 328 327 327 327 326 326 326 325 325 325 324 324 324 323 323 323 322 322 322 321 321 321 320 320 319 319 319 318 318 317 317 317 316 316 315 315 315
443 443 442 442 442 441 440 440 440 439 438 438 438 437 436 436 436 435 434 434 434 433 433 432 431 431 431 430 429 429 429 428 427 427 427 425 425 338 337 336 336 336 334 334 334 334 332 332 332 330 330 330 329 329 329 329 328 328 328 327 327 327 326 326 326 325 325 325 324 324 324 323 323 323 322 322 322 321 321 320 320 320 319 319 319 318 318 317 317 316 316 316 315 315
444 442 442 442 442 441 440 440 440 439 439 438 437 437 437 436 435 435 435 434 433 433 433 432 431 431 431 430 429 429 429 428 427 427 426 425 425 425 337 336 336 336 335 334 334 333 332 332 332 331 330 330 330 329 329 329 329 328 328 328 327 327 327 326 326 326 325 325 325 324 324 324 323 323 323 322 322 321 321 321 320 320 320 319 319 318 318 318 317 317 316 316 315 315
443 443 442 442 441 441 441 440 439 439 439 437 437 437 437 436 435 435 435 434 433 433 433 432 431 431 430 430 429 429 428 428 427 427 426 426 425 424 337 337 336 335 335 335 333 333 333 332 331 331 331 330 330 330 329 329 329 328 328 328 327 327 327 327 326 326 326 325 325 325 324 324 323 323 323 322 322 322 321 321 321 320 320 319 319 319 318 318 317 317 317 316 316 315
443 443 443 441 441 441 441 440 439 439 439 438 437 437 436 436 436 435 434 434 434 433 432 432 432 430 430 430 430 428 428 428 428 426 426 426 425 424 424 337 336 335 335 335 333 333 333 332 331 331 331 330 330 330 330 329 329 329 328 328 328 327 327 327 326 326 326 325 325 325 324 324 324 323 323 323 322 322 322 321 321 320 320 320 319 319 318 318 318 317 317 316 316 316
443 443 442 442 441 441 440 440 439 439 438 438 438 436 436 436 436 434 434 434 434 433 432 432 432 431 430 430 429 429 428 428 427 427 426 426 425 425 424 336 336 335 335 334 334 333 332 332 332 331 331 331 330 330 330 329 329 329 329 328 328 328 327 327 327 326 326 326 325 325 325 324 324 324 323 323 323 322 322 321 321 321 320 320 320 319 319 318 318 318 317 317 316 316
443 442 442 442 442 440 440 440 440 438 438 438 438 437 436 436 435 435 434 434 433 433 433 432 431 431 431 429 429 429 429 427 427 427 427 425 425 425 423 423 336 336 334 334 334 334 332 332 332 331 331 331 331 330 330 330 329 329 329 328 328 328 327 327 327 327 326 326 326 325 325 325 324 324 323 323 323 322 322 322 321 321 321 320 320 319 319 319 318 318 317 317 317 316
443 442 442 442 441 440 440 440 439 439 438 438 437 437 437 435 435 435 435 433 433 433 433 431 431 431 431 429 429 429 428 427 427 427 426 425 425 425 424 423 336 335 335 334 334 333 332 332 332 332 331 331 331 330 330 330 330 329 329 329 328 328 328 327 327 327 326 326 326 325 325 325 324 324 324 323 323 323 322 322 322 321 321 320 320 320 319 319 318 318 318 317 317 316
443 442 442 441 441 441 440 439 439 439 439 437 437 437 437 435 435 435 434 434 433 433 432 432 431 431 430 430 429 428 428 428 427 426 426 426 425 424 424 424 422 335 335 335 333 333 333 332 332 332 332 331 331 331 330 330 330 329 329 329 329 328 328 328 327 327 327 326 326 326 325 325 325 324 324 324 323 323 322 322 322 321 321 321 320 320 319 319 319 318 318 317 317 304
443 443 441 441 441 441 440 439 439 439 438 438 437 437 436 436 435 434 434 434 434 432 432 432 432 430 430 430 430 428 428 428 427 426 426 426 425 424 424 424 423 335 335 334 333 333 333 333 332 332 332 331 331 331 331 330 330 330 329 329 329 328 328 328 327 327 327 327 326 326 326 325 325 324 324 324 323 323 323 322 322 322 321 321 320 320 320 319 319 319 318 318 317 304
391 390 390 389 389 388 388 388 387 386 438 438 438 436 436 436 436 434 434 434 433 432 432 432 431 431 430 430 429 429 428 427 427 427 426 425 425 425 424 423 423 422 334 334 334 333 333 333 333 332 332 332 331 331 331 330 330 330 330 329 329 329 328 328 328 327 327 327 326 326 326 325 325 325 324 324 324 323 323 323 322 322 321 321 321 320 320 320 319 319 318 318 305 304
390 390 390 390 388 388 388 388 387 386 386 386 385 384 384 384 383 383 382 381 381 381 380 379 379 379 378 377 377 377 376 375 375 375 373 373 373 373 371 371 371 371 282 282 282 282 281 281 281 280 280 280 280 279 279 279 278 278 278 277 277 277 277 276 276 276 275 275 275 274 274 274 273 273 273 272 272 272 271 271 270 270 270 269 269 269 268 268 267 267 267 253 253 252
390 390 390 389 389 388 388 387 387 387 386 385 385 385 384 383 383 383 383 381 381 381 380 379 379 379 378 377 377 377 376 375 375 374 374 373 373 372 372 371 371 370 370 282 282 282 281 281 281 281 280 280 280 279 279 279 279 278 278 278 277 277 277 276 276 276 275 275 275 274 274 274 273 273 273 272 272 272 271 271 271 270 270 270 269 269 268 268 268 267 254 253 253 253
392 391 390 390 390 390 388 388 388 388 385 385 385 385 384 383 383 383 382 381 381 380 380 380 379 378 378 378 377 376 376 376 375 374 374 374 372 372 372 372 370 370 370 282 282 282 282 281 281 281 281 280 280 280 279 279 279 278 278 278 278 277 277 277 276 276 276 275 275 275 274 274 274 273 273 273 272 272 272 271 271 271 270 270 269 269 269 268 268 267 254 254 253 253
393 392 391 390 390 389 388 388 388 387 387 386 386 385 385 385 384 383 383 383 382 380 380 380 378 378 378 378 377 376 376 376 375 374 374 373 373 372 372 371 370 370 370 370 282 282 282 282 281 281 281 280 280 280 280 279 279 279 278 278 278 277 277 277 277 276 276 276 275 275 275 274 274 274 273 273 273 272 272 271 271 271 270 270 270 269 269 268 268 255 254 254 254 253
392 392 391 391 390 390 390 389 388 388 388 388 386 386 386 386 384 383 383 383 382 381 381 380 380 379 379 378 378 376 376 375 375 374 374 373 373 372 371 371 371 370 370 370 283 282 282 282 281 281 281 281 280 280 280 279 279 279 279 278 278 278 277 277 277 276 276 276 275 275 275 274 274 274 273 273 273 272 272 272 271 271 271 270 270 269 269 269 255 255 255 254 254 253
393 393 393 391 391 391 391 390 389 389 389 388 387 386 386 385 385 384 384 383 383 383 382 381 381 381 378 378 378 378 376 376 376 376 374 374 374 373 371 371 371 371 370 370 370 282 282 282 282 281 281 281 281 280 280 280 279 279 279 278 278 278 278 277 277 277 276 276 276 275 275 275 274 274 274 273 273 273 272 272 272 271 271 270 270 270 269 269 256 255 255 254 254 254
394 394 393 393 392 392 390 390 390 389 388 388 388 387 386 386 386 386 384 384 384 384 381 381 381 380 380 379 379 378 378 377 377 376 375 374 374 373 373 372 372 372 371 370 370 283 282 282 282 282 281 281 281 280 280 280 280 279 279 279 278 278 278 277 277 277 276 276 276 276 275 275 275 274 274 273 273 273 272 272 272 271 271 271 270 270 270 256 256 255 255 255 254 254
394 393 393 393 393 391 391 391 391 389 389 389 389 388 387 387 387 386 385 384 384 383 383 382 382 381 381 380 379 379 379 377 376 376 376 375 374 374 374 373 372 372 372 371 371 371 284 283 283 282 281 281 281 281 280 280 280 279 279 279 279 278 278 278 277 277 277 276 276 276 275 275 275 274 274 274 273 273 273 272 272 272 271 271 270 270 257 256 256 256 255 255 254 254
395 394 394 394 393 392 392 392 391 391 390 390 389 388 388 387 386 386 386 385 384 384 384 384 382 382 382 380 379 379 379 378 377 377 377 376 375 375 374 374 373 373 373 373 372 372 284 283 283 283 283 282 282 282 281 280 280 280 279 279 279 278 278 278 277 277 277 277 276 276 276 275 275 275 274 274 274 273 273 273 272 272 271 271 271 257 257 257 256 256 255 255 255 254
396 395 395 394 394 394 392 391 391 391 391 389 389 389 389 388 387 387 387 386 385 385 385 383 382 382 382 381 381 380 379 379 379 378 376 376 376 375 375 375 375 374 374 374 372 372 372 285 284 284 284 284 282 282 282 281 281 281 281 279 279 279 278 278 278 277 277 277 276 276 276 275 275 275 274 274 274 273 273 273 272 272 272 271 271 258 257 257 256 256 256 255 255 254
396 396 395 394 394 394 393 392 392 392 391 391 390 390 389 389 388 388 386 386 386 385 384 384 384 383 382 382 382 380 380 379 379 377 377 377 377 376 376 376 376 374 374 374 374 373 373 286 286 284 284 284 283 283 283 283 282 281 281 280 280 280 279 278 278 278 277 277 277 276 276 276 275 275 275 274 274 274 273 273 273 272 272 271 258 258 257 257 257 256 256 255 255 255
397 397 396 395 395 395 394 394 393 392 392 392 391 389 389 389 389 387 387 387 387 385 385 385 385 384 383 382 382 381 380 380 379 379 378 378 378 378 376 376 376 376 375 375 375 375 374 286 286 285 285 285 285 284 283 283 282 282 282 282 281 280 280 279 279 279 278 278 277 276 276 276 275 275 275 274 274 274 273 273 273 272 272 259 258 258 258 257 257 256 256 256 255 255
398 397 397 397 396 394 394 394 392 392 392 392 391 390 390 390 389 389 388 388 387 387 386 385 384 384 383 383 382 382 382 380 380 380 380 378 378 378 378 377 377 377 377 376 375 375 374 374 287 287 286 286 285 285 284 284 284 283 283 282 281 281 281 281 280 280 279 278 278 278 277 277 276 275 275 275 274 274 274 273 273 273 272 259 259 258 258 257 257 257 256 256 256 255
