testData/tiles/oneDegreeCosts/grid7.0-20.0-8.0-21.0.asc
ncols   200
nrows   200
xllcorner   7.0
yllcorner   20.0
cellsize   0.005
NODATA_value   -9999.0
[rows 42 to 83 of 200, columns 0 to 93 of 200]
629 628 627 626 626 625 625 623 623 622 622 622 620 620 619 619 617 618 617 617 615 615 614 614 612 612 612 611 610 610 609 608 607 607 605 605 605 498 499 499 498 498 497 520 520 519 519 520 522 524 526 529 530 532 533 534 536 537 539 540 542 543 544 547 551 552 553 554 556 557 558 559 560 561 561 562 563 564 564 566 567 568 569 570 571 571 572 573 574 574 575 576 577 577
624 624 623 623 621 621 620 620 618 618 617 617 616 615 615 614 615 613 613 612 612 610 610 609 608 608 608 607 606 605 605 603 603 602 495 494 495 494 494 493 493 493 492 492 491 514 514 514 515 517 520 522 525 527 529 531 532 534 536 537 539 540 542 544 545 546 550 552 553 554 555 556 557 558 559 559 560 562 563 564 565 566 567 567 568 569 570 571 571 572 573 574 574 575
619 619 619 618 617 616 616 615 615 613 613 612 612 610 610 609 610 608 608 608 606 606 605 605 604 604 603 602 601 601 493 493 492 491 490 491 490 490 490 490 490 490 490 490 490 490 513 514 514 514 515 518 520 523 525 527 529 530 532 534 536 538 539 541 542 543 545 546 550 551 552 553 554 555 557 558 559 559 560 561 562 563 564 565 566 567 567 568 569 570 571 571 572 573
615 614 614 612 612 612 611 611 609 609 608 608 606 606 605 604 604 604 603 602 601 601 600 601 600 600 493 493 492 492 491 491 490 490 490 490 489 489 489 489 489 489 489 489 489 489 490 490 513 513 513 513 516 518 521 523 525 527 529 531 533 534 536 537 539 540 542 543 544 545 546 551 552 554 555 555 556 557 558 559 560 561 562 562 563 564 565 566 567 567 568 570 571 571
610 609 608 608 607 607 607 606 606 605 605 604 604 603 603 602 602 602 602 601 601 600 495 494 494 493 493 492 492 491 491 490 490 490 490 489 489 488 488 488 488 488 488 488 489 489 489 489 489 512 512 512 512 513 516 518 521 524 526 528 529 531 533 534 536 537 538 540 541 542 543 546 547 551 551 552 553 554 555 556 557 558 559 560 561 562 562 563 564 566 567 568 568 568
609 608 608 607 607 606 606 605 605 605 604 604 603 603 602 602 601 601 494 495 494 495 494 494 493 493 492 492 491 491 490 490 490 490 489 489 488 488 487 487 487 487 487 488 488 488 488 488 488 488 488 511 511 511 511 514 517 520 522 524 526 527 529 531 532 534 535 537 538 540 542 543 543 544 545 549 550 551 552 553 554 555 556 557 558 559 484 485 486 486 487 488 488 489
608 608 607 607 606 606 605 605 604 604 603 603 602 602 495 495 495 494 494 493 494 493 494 493 493 492 492 491 491 490 490 490 489 489 488 488 487 487 486 486 486 486 487 487 487 487 487 487 487 487 487 487 510 510 511 511 512 515 517 520 522 524 525 527 529 530 532 533 536 536 537 539 540 541 542 543 545 546 473 474 475 476 477 478 480 481 481 482 483 484 485 485 485 486
607 606 607 606 606 605 605 604 604 497 497 496 496 495 495 494 494 493 493 493 493 492 492 491 491 490 491 490 490 489 490 489 489 488 488 487 487 486 486 485 485 486 486 486 486 486 486 486 486 486 486 486 486 487 510 510 510 510 513 515 517 520 522 523 525 526 528 530 531 456 457 459 460 461 462 464 465 466 467 468 472 473 475 476 477 478 479 480 481 480 481 482 483 484
606 605 605 605 498 499 498 498 497 497 496 496 495 495 494 494 493 493 493 493 492 492 491 491 490 490 489 489 489 489 488 488 488 488 487 487 486 486 485 486 485 485 485 485 485 485 485 485 485 485 485 486 486 486 486 509 509 509 509 432 435 437 439 441 444 446 448 449 451 453 454 455 457 458 459 461 462 463 464 465 467 468 469 473 474 475 475 476 477 478 479 480 480 481
499 499 498 498 497 497 497 496 497 496 496 495 495 494 494 493 493 493 493 492 492 491 491 490 490 489 489 489 489 488 488 487 487 486 485 485 484 484 484 484 483 483 483 483 483 483 483 483 406 406 407 407 407 407 407 407 407 430 430 430 430 432 435 438 440 442 444 446 447 449 451 452 454 455 456 457 459 460 462 463 464 465 466 467 468 472 472 473 474 475 476 477 478 479
499 498 498 497 497 496 496 495 495 494 494 494 494 494 493 493 493 493 492 492 491 491 490 489 489 488 489 488 488 487 487 486 486 485 485 484 407 407 407 406 406 405 405 405 405 405 405 405 405 406 406 406 406 406 406 406 406 406 429 429 429 430 431 433 436 438 440 442 444 445 447 449 450 452 453 454 457 458 459 459 460 462 463 464 465 466 467 468 472 473 473 474 475 476
498 498 497 497 496 496 495 495 494 494 493 493 492 492 491 492 491 492 491 491 490 413 412 412 412 412 411 411 410 410 409 409 408 408 407 407 407 407 406 405 405 404 404 404 404 404 404 405 405 405 405 405 405 405 405 405 405 405 405 405 429 429 429 429 431 433 436 438 440 442 443 445 447 448 450 451 452 454 455 456 457 459 460 461 462 463 464 465 466 467 468 473 474 473
497 419 420 419 419 418 418 417 417 416 416 415 415 415 415 414 414 413 413 412 412 411 411 411 412 411 411 410 410 409 409 408 408 407 406 407 406 406 405 405 404 404 403 403 403 403 404 404 404 404 404 404 404 404 404 404 404 404 405 405 405 428 428 428 428 428 431 432 434 436 438 440 443 445 446 448 449 450 452 453 454 455 457 458 459 460 461 462 464 464 465 466 467 471
419 419 418 418 417 417 416 417 416 416 415 415 414 415 414 414 413 413 412 412 411 411 410 411 410 410 409 408 408 407 407 406 406 406 406 405 405 405 405 404 404 403 403 402 402 403 403 403 403 403 403 403 403 403 402 402 402 403 403 403 403 403 403 426 426 426 426 427 430 432 435 437 439 441 442 444 445 447 448 450 451 452 454 455 455 456 458 459 460 461 462 463 464 465
418 418 417 417 416 416 415 415 415 414 414 413 414 414 414 413 412 412 411 411 410 410 410 410 409 409 408 408 407 407 406 406 406 406 405 405 404 404 403 402 402 401 401 401 401 401 401 401 401 401 401 401 401 401 401 402 402 402 402 402 402 402 402 402 402 425 425 425 425 428 430 433 435 437 438 440 442 443 444 445 447 448 449 451 453 454 455 456 457 458 459 460 461 462
417 417 417 416 416 415 415 414 414 413 413 413 413 412 412 411 411 410 410 409 409 410 410 409 409 408 408 407 407 406 406 405 406 405 404 404 403 403 402 402 401 401 400 401 400 400 400 400 400 400 400 400 400 400 401 401 401 401 401 401 401 401 401 401 401 401 424 425 425 425 424 427 429 431 433 435 437 439 440 442 443 445 447 448 450 451 452 453 454 455 455 456 457 458
416 416 415 415 414 414 413 414 413 413 412 413 412 412 411 411 410 410 409 409 408 409 408 408 407 407 406 405 405 404 404 404 404 403 403 402 403 402 402 401 401 401 400 400 399 399 399 399 399 399 399 399 399 400 400 399 399 399 399 399 399 399 399 399 399 400 400 400 423 423 423 423 424 427 429 431 433 435 436 438 441 442 444 445 445 447 448 449 450 451 452 453 454 456
416 415 415 414 414 413 413 412 412 411 412 411 411 410 410 410 410 409 409 408 408 408 407 407 406 406 405 405 404 404 404 404 403 403 402 402 401 400 400 400 400 399 399 398 398 397 397 397 397 397 397 397 398 398 398 398 398 398 398 398 398 398 398 398 399 399 399 399 399 399 422 422 422 422 424 426 427 429 432 434 436 437 439 440 442 443 444 446 447 448 449 450 451 453
414 413 413 412 413 412 412 411 411 411 411 410 410 409 409 408 408 407 407 407 407 406 406 405 405 404 404 404 404 404 404 403 402 402 401 401 400 400 399 400 399 399 398 397 397 396 396 396 396 396 397 397 397 397 397 397 397 397 397 397 397 397 398 398 397 397 397 397 397 397 397 420 420 420 420 420 423 426 428 430 432 433 435 437 438 440 441 441 443 444 445 446 447 449
413 413 412 412 411 411 410 410 410 410 409 409 409 409 408 408 407 407 407 407 406 406 405 405 404 404 403 403 403 402 402 401 401 400 400 399 399 398 399 398 397 397 396 396 395 395 394 394 394 395 395 395 395 395 395 395 395 395 395 395 395 396 396 396 396 396 396 396 396 396 396 396 396 419 420 420 420 420 423 424 426 428 430 432 433 435 436 438 439 440 442 444 445 446
412 411 411 411 411 410 410 410 410 409 409 408 408 407 407 406 406 406 406 405 404 404 403 403 403 403 402 403 402 402 401 401 400 400 399 398 398 398 398 397 397 396 396 395 395 394 393 393 394 394 394 394 394 394 394 394 394 394 394 394 395 395 395 395 395 395 395 394 394 394 394 394 394 395 395 418 418 418 418 419 421 424 426 427 429 431 433 434 436 437 438 440 441 442
411 411 410 410 409 409 408 409 408 408 407 407 407 406 406 405 406 405 405 404 404 403 403 402 402 401 402 401 401 400 399 399 398 398 397 397 397 397 396 396 395 394 394 393 393 392 392 392 392 392 392 392 392 392 392 392 392 392 393 393 393 393 393 393 393 393 393 393 393 393 393 394 394 394 394 394 417 417 417 416 416 417 420 422 424 426 428 430 432 433 435 436 437 439
409 409 408 408 408 408 408 408 407 407 406 406 405 405 404 405 404 404 403 403 402 402 401 401 400 400 401 400 400 399 399 398 398 397 397 397 397 396 395 395 394 394 393 393 392 392 392 391 391 391 391 391 391 391 391 391 391 392 392 392 392 392 392 392 392 391 391 391 391 391 392 392 392 392 392 392 392 392 415 415 415 415 415 417 420 422 424 425 427 428 430 431 433 434
409 408 408 407 407 407 407 406 406 405 405 404 404 403 404 404 404 403 403 402 401 401 400 400 400 400 399 399 398 398 397 397 396 395 396 395 395 394 394 393 393 392 391 391 391 391 390 390 389 389 389 389 389 389 389 389 390 390 390 390 390 390 390 390 390 390 390 390 391 391 391 391 391 391 391 391 390 390 390 390 413 413 414 414 414 416 418 420 422 424 426 427 429 429
407 407 406 406 406 406 405 406 405 405 404 404 403 402 403 402 402 401 401 400 400 399 399 399 399 398 398 397 396 396 395 395 395 395 395 395 394 394 393 392 392 391 391 391 391 390 390 389 388 388 388 388 388 388 388 389 389 388 388 388 388 388 388 388 388 388 388 389 389 389 389 389 389 389 389 389 389 389 389 389 390 390 413 413 412 412 412 414 417 419 420 422 424 425
406 405 406 405 406 405 404 404 403 403 402 402 401 402 401 401 400 400 399 399 398 399 399 398 398 397 397 396 396 395 395 394 395 394 393 393 392 392 391 391 390 390 390 389 389 388 388 387 387 386 386 386 386 387 387 387 387 387 387 387 387 387 387 387 387 388 388 388 388 388 387 387 387 387 387 387 387 387 387 388 388 388 388 388 411 411 411 411 411 413 415 417 419 420
405 404 404 404 404 403 403 402 402 401 401 401 401 400 401 400 400 399 398 398 397 398 397 397 396 396 395 395 394 394 393 393 393 392 392 391 391 390 390 389 389 389 388 388 387 387 386 385 385 384 384 384 385 385 385 385 385 385 385 385 385 385 385 385 386 386 386 386 386 386 386 386 386 386 386 386 386 386 386 386 386 386 386 386 386 386 409 409 409 409 409 412 414 417
403 403 403 403 402 402 401 401 401 401 400 401 400 399 399 398 398 397 397 396 396 396 396 395 395 394 393 393 392 392 392 392 391 391 390 389 389 389 389 388 389 388 388 387 386 386 385 385 384 384 383 384 384 384 383 383 383 383 383 383 383 383 383 384 384 384 384 384 384 384 384 384 384 384 384 385 385 385 385 385 385 385 385 384 384 384 384 384 407 407 407 408 408 411
402 401 402 401 402 401 401 400 399 399 398 399 398 398 397 397 396 396 395 395 395 394 394 393 393 392 393 392 392 392 392 391 390 390 389 389 388 388 387 388 387 386 386 385 385 384 384 383 382 382 382 382 382 382 382 382 382 382 382 382 382 383 383 383 383 382 382 382 382 382 382 382 382 382 383 383 383 383 383 383 383 383 383 383 383 383 383 382 382 383 406 406 406 406
400 401 401 400 400 399 399 398 398 397 398 397 397 396 396 395 394 394 394 394 394 394 393 393 392 392 391 390 390 390 390 389 389 388 388 387 386 386 386 386 385 385 384 384 383 382 382 381 381 381 381 380 380 380 380 380 380 380 380 380 381 381 381 381 381 381 381 381 381 381 381 380 381 381 381 381 381 381 381 381 381 381 381 381 381 381 381 382 382 382 381 381 404 404
400 400 399 399 398 398 397 397 396 397 396 396 395 394 394 393 394 393 394 393 393 392 392 391 390 390 389 389 389 389 388 388 387 386 386 385 385 385 385 384 383 383 382 382 381 381 380 380 380 379 379 378 378 378 378 378 378 378 378 379 379 379 379 379 379 379 379 379 379 379 379 380 380 380 380 379 379 379 379 379 379 379 379 379 379 380 380 380 380 380 380 380 379 379
399 398 398 397 397 396 395 395 395 395 394 394 393 394 393 393 392 393 392 391 391 390 390 389 389 388 388 388 387 387 386 386 385 385 384 384 383 383 383 382 382 381 381 380 379 379 378 379 378 378 377 376 376 376 376 376 376 376 377 377 377 377 377 377 377 377 377 377 377 378 378 378 378 378 378 378 378 378 377 377 377 377 377 378 378 378 378 378 378 378 378 378 378 378
397 396 396 395 395 394 394 393 394 393 393 392 393 392 391 391 390 391 390 390 389 389 388 388 387 386 387 386 386 385 385 384 384 383 382 382 382 382 381 381 380 379 379 378 378 377 378 377 376 376 375 375 374 374 374 374 375 375 375 375 375 375 375 375 375 375 375 375 376 376 376 376 376 376 376 376 376 376 376 375 375 376 376 376 376 376 376 376 376 376 376 376 376 376
395 395 394 394 393 393 392 393 392 392 391 391 391 390 390 389 390 389 389 388 387 387 386 386 385 386 385 385 384 383 383 382 382 381 381 381 381 380 379 379 378 378 377 377 376 376 376 375 375 374 374 373 372 372 372 373 373 373 373 373 373 373 373 373 373 373 373 374 374 374 374 374 374 374 374 374 374 374 374 374 374 374 374 374 374 374 374 374 374 374 374 374 374 374
394 393 393 392 392 391 391 391 390 390 389 390 389 389 388 389 388 387 387 386 386 385 385 384 385 384 383 383 382 382 381 381 380 379 380 379 379 378 378 377 376 376 375 375 375 375 374 373 373 372 372 371 371 370 371 371 371 371 371 371 371 371 371 371 371 372 372 372 372 372 372 372 372 372 372 372 372 372 373 373 372 372 372 372 372 372 372 372 372 372 372 372 372 373
392 391 391 390 390 389 390 389 389 388 388 387 387 387 387 387 386 386 385 385 384 383 383 382 383 382 382 381 381 380 379 379 378 379 378 378 377 376 376 375 375 374 374 374 373 373 372 372 371 371 370 369 369 369 369 369 369 369 369 369 369 369 369 369 370 370 370 370 370 370 370 370 370 370 370 370 371 371 371 370 370 370 370 370 370 370 370 370 370 370 370 371 371 371
390 390 389 389 388 389 388 388 387 386 386 385 385 385 386 385 385 384 383 383 382 382 381 382 381 381 380 379 379 378 378 377 378 377 376 376 375 375 374 374 373 372 373 372 372 371 371 370 369 369 368 368 368 367 367 367 367 367 367 367 367 367 367 368 368 368 368 368 368 368 368 368 368 368 368 369 369 369 368 368 368 368 368 368 368 368 368 368 368 369 369 369 369 368
389 388 388 387 387 387 386 386 385 385 384 384 383 384 383 382 383 382 382 381 381 380 380 380 379 379 378 378 377 377 376 376 376 375 375 374 374 373 372 372 371 372 371 370 370 369 369 368 368 367 366 367 366 366 365 365 365 365 365 365 365 365 366 366 366 366 366 366 366 366 366 366 366 366 367 366 366 366 366 366 366 366 366 366 366 366 366 367 367 367 367 366 366 366
386 385 385 385 386 385 385 384 384 383 382 382 382 382 381 381 380 380 379 378 379 379 379 378 378 377 376 376 375 375 374 375 374 373 373 372 372 371 371 370 370 370 369 369 368 368 367 366 366 365 366 365 364 364 363 363 363 363 363 363 363 364 364 364 364 364 364 364 364 364 364 363 364 364 364 364 364 364 364 364 364 364 364 364 364 365 365 365 364 364 364 364 364 364
384 384 383 384 383 382 383 382 382 381 381 380 381 380 380 379 378 378 377 377 376 377 376 375 375 374 375 374 374 373 373 373 372 372 371 371 370 369 369 369 369 368 368 367 366 366 365 365 364 364 364 363 363 362 362 361 361 361 361 361 362 362 362 362 362 361 361 361 361 361 361 362 362 362 362 362 362 362 362 362 362 362 362 362 363 362 362 362 362 362 362 362 362 362
383 382 382 382 381 381 380 380 379 379 378 379 379 378 378 377 377 376 376 375 375 375 374 374 373 373 372 371 371 371 371 370 370 369 368 368 367 367 368 367 367 366 366 365 365 364 363 363 363 363 362 361 361 359 359 358 358 358 359 359 359 359 359 359 359 359 359 359 359 359 360 360 360 360 360 360 360 360 360 360 359 359 360 360 360 360 360 360 360 360 360 360 360 360
380 380 381 380 380 379 379 378 377 377 377 377 376 376 375 374 374 374 374 374 374 373 372 372 371 371 370 370 370 369 369 368 368 367 367 366 365 365 365 365 364 364 363 362 362 361 361 361 360 360 359 359 358 358 357 356 356 357 357 357 357 357 357 357 357 357 357 357 358 358 358 358 358 358 357 357 357 357 357 357 357 358 358 358 358 358 358 358 358 358 357 357 357 357
