testData/tiles/oneDegreeCosts/grid18.0-45.0-19.0-46.0.asc
ncols   200
nrows   200
xllcorner   18.0
yllcorner   45.0
cellsize   0.005
NODATA_value   -9999.0
[rows 84 to 125 of 200, columns 94 to 187 of 200]
383 383 383 383 383 383 383 383 383 383 383 383 383 383 383 383 383 383 383 383 383 244 244 244 244 244 244 244 244 244 244 244 244 244 244 244 244 244 244 244 244 244 244 282 282 282 282 282 282 282 282 282 282 282 282 282 282 282 282 282 282 282 282 282 282 282 282 282 282 283 283 284 284 285 296 385 390 396 399 404 407 411 413 417 419 422 424 427 430 431 434 436 439 441
383 383 383 383 383 383 383 383 383 383 383 383 383 383 383 383 383 383 383 383 383 244 244 244 244 244 244 244 244 244 244 244 244 244 244 244 244 244 244 244 244 244 282 282 282 282 282 282 282 282 282 282 282 282 282 282 282 282 282 282 282 282 282 282 282 282 282 282 283 283 284 284 285 365 366 377 386 391 396 400 405 408 410 414 417 420 422 425 427 430 432 434 437 439
383 383 383 383 383 383 383 383 383 383 383 383 383 383 383 383 383 383 383 383 383 383 244 244 244 244 244 244 244 244 244 244 244 244 244 244 244 244 244 244 244 282 282 282 282 282 282 282 282 282 282 282 282 282 282 282 282 282 282 282 282 282 282 282 282 282 282 282 283 283 284 364 365 365 366 366 378 386 392 396 401 404 408 411 415 417 420 423 425 428 430 433 435 437
383 383 383 383 383 383 383 383 383 383 383 383 383 383 383 383 383 383 383 383 383 383 383 244 244 244 244 244 244 244 244 244 244 244 244 244 244 244 244 244 282 282 282 282 282 282 282 282 282 282 282 282 282 282 282 282 282 282 282 282 282 282 282 282 282 282 282 283 283 364 364 365 365 366 366 367 367 378 386 393 397 401 405 408 412 415 418 421 424 426 428 431 433 436
383 383 383 383 383 383 383 383 383 383 383 383 383 383 383 383 383 383 383 383 383 383 383 383 244 244 244 244 244 244 244 244 244 244 244 244 244 244 244 282 282 282 282 282 282 282 282 282 282 282 282 282 282 282 282 282 282 282 282 282 282 282 282 282 282 282 282 363 363 364 364 365 365 366 366 367 367 368 377 387 392 398 401 406 409 412 416 418 421 424 427 429 432 434
383 383 383 383 383 383 383 383 383 383 383 383 383 383 383 383 383 383 383 383 383 383 383 383 383 244 244 244 244 244 244 244 244 244 244 244 244 244 244 282 282 282 282 282 282 282 282 282 282 282 282 282 282 282 282 282 282 282 282 282 282 282 282 282 282 362 363 363 364 364 365 365 366 366 367 367 368 368 369 377 386 393 397 402 405 410 413 416 419 421 424 427 430 432
383 383 383 383 383 383 383 383 383 383 383 383 383 383 383 383 383 383 383 383 383 383 383 383 383 244 244 244 244 244 244 244 244 244 244 244 244 244 282 282 282 282 282 282 282 282 282 282 282 282 282 282 282 282 282 282 282 282 282 282 282 282 282 362 362 362 363 363 364 364 365 365 366 366 367 367 368 368 369 369 376 386 393 398 403 406 409 413 416 419 422 425 427 429
383 383 383 383 383 383 383 383 383 383 383 383 383 383 383 383 383 383 383 383 383 383 383 383 383 383 244 244 244 244 244 244 244 244 244 244 244 282 282 282 282 282 282 282 282 282 282 282 282 282 282 282 282 282 282 282 282 282 282 282 282 282 362 362 362 363 363 364 364 365 365 366 366 367 367 368 368 369 369 369 370 375 386 392 398 402 407 410 413 416 419 422 425 428
383 383 383 383 383 383 383 383 383 383 383 383 383 383 383 383 383 383 383 383 383 383 383 383 383 383 383 244 244 244 244 244 244 244 244 244 282 282 282 282 282 282 282 282 282 282 282 282 282 282 282 282 282 282 282 282 282 282 282 282 362 362 362 362 362 363 363 364 364 365 365 366 366 367 367 368 368 369 369 370 370 371 371 385 392 397 402 406 410 413 417 419 422 425
383 383 383 383 383 383 383 383 383 383 383 383 383 383 383 383 383 383 383 383 383 383 383 383 383 383 383 383 244 244 244 244 244 244 244 282 282 282 282 282 282 282 282 282 282 282 282 282 282 282 282 282 282 282 282 282 282 282 362 362 362 362 362 362 363 363 364 364 365 365 366 366 367 367 368 368 368 369 369 370 370 371 371 372 384 392 397 401 406 409 413 416 420 422
383 383 383 383 383 383 383 383 383 383 383 383 383 383 383 383 383 383 383 383 383 383 383 383 383 383 383 383 244 244 244 244 244 244 244 282 282 282 282 282 282 282 282 282 282 282 282 282 282 282 282 282 282 282 282 282 362 362 362 362 362 362 362 362 363 363 364 364 365 365 366 366 367 367 368 368 369 369 370 370 371 371 371 372 372 383 391 397 402 406 410 413 417 419
383 383 383 383 383 383 383 383 383 383 383 383 383 383 383 383 383 383 383 383 383 383 383 383 383 383 383 383 383 244 244 244 244 244 282 282 282 282 282 282 282 282 282 282 282 282 282 282 282 282 282 282 282 282 282 362 362 362 362 362 362 362 362 362 363 363 364 365 365 366 366 366 367 367 368 368 369 369 370 370 371 371 372 372 373 373 380 390 396 402 405 410 413 416
383 383 383 383 383 383 383 383 383 383 383 383 383 383 383 383 383 383 383 383 383 383 383 383 383 383 383 383 383 383 244 244 244 282 282 282 282 282 282 282 282 282 282 282 282 282 282 282 282 282 282 282 282 362 362 362 362 362 362 362 362 362 362 363 363 364 364 365 365 366 366 367 367 368 368 369 369 370 370 370 371 371 372 372 373 373 374 374 388 396 400 405 409 413
383 383 383 383 383 383 383 383 383 383 383 383 383 383 383 383 383 383 383 383 383 383 383 383 383 383 383 383 383 383 383 244 282 282 282 282 282 282 282 282 282 282 282 282 282 282 282 282 282 282 282 362 362 362 362 362 362 362 362 362 362 362 362 363 363 364 364 365 365 366 366 367 367 368 368 369 369 370 370 371 371 372 372 372 373 373 374 374 375 387 395 400 404 409
383 383 383 383 383 383 383 383 383 383 383 383 383 383 383 383 383 383 383 383 383 383 383 383 383 383 383 383 383 383 383 244 282 282 282 282 282 282 282 282 282 282 282 282 282 282 282 282 282 282 362 362 362 362 362 362 362 362 362 362 362 362 363 363 364 364 365 365 366 366 367 367 368 368 369 369 369 370 370 371 371 372 372 373 373 374 374 374 375 375 384 393 399 404
383 383 383 383 383 383 383 383 383 383 383 383 383 383 383 383 383 383 383 383 383 383 383 383 383 383 383 383 383 383 383 421 282 282 282 282 282 282 282 282 282 282 282 282 282 282 282 282 362 362 362 362 362 362 362 362 362 362 362 362 362 362 363 363 364 364 365 365 366 366 367 367 368 368 369 369 370 370 371 371 371 372 372 373 373 374 374 375 375 375 376 381 392 398
383 383 383 383 383 383 383 383 383 383 383 383 383 383 383 383 383 383 383 383 383 383 383 383 383 383 383 383 383 383 421 421 421 282 282 282 282 282 282 282 282 282 282 282 282 282 282 362 362 362 362 362 362 362 362 362 362 362 362 362 362 362 363 363 364 364 365 365 366 366 367 367 368 368 369 369 370 370 371 371 372 372 373 373 373 374 374 375 375 376 376 376 377 388
383 383 383 383 383 383 383 383 383 383 383 383 383 383 383 383 383 383 383 383 383 383 383 383 383 383 383 383 383 421 421 421 421 282 282 282 282 282 282 282 282 282 282 282 282 362 362 362 362 362 362 362 362 362 362 362 362 362 362 362 362 363 363 364 364 365 365 366 366 367 367 368 368 369 369 369 370 370 371 371 372 372 373 373 374 374 374 375 375 376 376 377 377 377
383 383 383 383 383 383 383 383 383 383 383 383 383 383 383 383 383 383 383 383 383 383 383 383 383 383 383 383 383 421 421 421 421 421 282 282 282 282 282 282 282 282 282 362 362 362 362 362 362 362 362 362 362 362 362 362 362 362 362 362 362 363 363 364 364 365 365 366 366 367 367 368 368 369 369 370 370 371 371 372 372 372 373 373 374 374 375 375 376 376 376 377 377 378
383 383 383 383 383 383 383 383 383 383 383 383 383 383 383 383 383 383 383 383 383 383 383 383 383 383 383 383 421 421 421 421 421 421 421 282 282 282 282 282 282 282 362 362 362 362 362 362 362 362 362 362 362 362 362 362 362 362 362 362 362 363 363 364 364 365 365 366 366 367 367 368 368 369 369 370 370 371 371 372 372 373 373 373 374 374 375 375 376 376 377 377 377 378
383 383 383 383 383 383 383 383 383 383 383 383 383 383 383 383 383 383 383 383 383 383 383 383 383 383 383 421 421 421 421 421 421 421 421 421 282 282 282 282 362 362 362 362 362 362 362 362 362 362 362 362 362 362 362 362 362 362 362 362 362 363 364 364 365 365 366 366 367 367 368 368 369 369 369 370 370 371 371 372 372 373 373 374 374 375 375 375 376 376 377 377 377 378
383 383 383 383 383 383 383 383 383 383 383 383 383 383 383 383 383 383 383 383 383 383 383 383 383 383 421 421 421 421 421 421 421 421 421 421 282 282 282 362 362 362 362 362 362 362 362 362 362 362 362 362 362 362 362 362 362 362 362 362 363 363 364 364 365 365 366 366 367 367 368 368 369 369 370 370 371 371 372 372 372 373 373 374 374 375 375 376 376 376 377 377 378 378
383 383 383 383 383 383 383 383 383 383 383 383 383 383 383 383 383 383 383 383 383 383 383 383 383 383 421 421 421 421 421 421 421 421 421 421 421 362 362 362 362 362 362 362 362 362 362 362 362 362 362 362 362 362 362 362 362 362 362 362 363 363 364 364 365 365 366 366 367 367 368 368 369 369 370 370 371 371 372 372 373 373 373 374 374 375 375 376 376 377 377 377 378 378
383 383 383 383 383 383 383 383 383 383 383 383 383 383 383 383 383 383 383 383 383 383 383 383 383 421 421 421 421 421 421 421 421 421 421 421 501 501 362 362 362 362 362 362 362 362 362 362 362 362 362 362 362 362 362 362 362 362 362 362 363 363 364 364 365 366 366 367 367 367 368 368 369 369 370 370 371 371 372 372 373 373 374 374 374 375 375 376 376 377 377 377 378 378
383 383 383 383 383 383 383 383 383 383 383 383 383 383 383 383 383 383 383 383 383 383 383 383 421 421 421 421 421 421 421 421 421 421 501 501 501 501 362 362 362 362 362 362 362 362 362 362 362 362 362 362 362 362 362 362 362 362 362 363 363 364 364 365 365 366 366 367 367 368 368 369 369 370 370 371 371 371 372 372 373 373 374 374 375 375 375 376 376 377 377 378 378 378
383 383 383 383 383 383 383 383 383 383 383 383 383 383 383 383 383 383 383 383 383 383 383 421 421 421 421 421 421 421 421 421 421 501 501 501 501 501 501 362 362 362 362 362 362 362 362 362 362 362 362 362 362 362 362 362 362 362 362 363 363 364 364 365 365 366 366 367 367 368 368 369 369 370 370 371 371 372 372 372 373 373 374 374 375 375 376 376 376 377 377 378 378 379
383 383 383 383 383 383 383 383 383 383 383 383 383 383 383 383 383 383 383 383 383 383 383 421 421 421 421 421 421 421 421 501 501 501 501 501 501 501 501 362 362 362 362 362 362 362 362 362 362 362 362 362 362 362 362 362 362 362 362 363 363 364 364 365 365 366 366 367 367 368 368 369 369 370 370 371 371 372 372 373 373 374 374 374 375 375 376 376 377 377 377 378 378 379
383 383 383 383 383 383 383 383 383 383 383 383 383 383 383 383 383 383 383 383 383 383 421 421 421 421 421 421 421 421 501 501 501 501 501 501 501 501 501 501 362 362 362 362 362 362 362 362 362 362 362 362 362 362 362 362 362 362 362 363 363 364 364 365 365 366 367 367 367 368 368 369 369 370 370 371 371 372 372 373 373 374 374 375 375 375 376 376 377 377 378 378 378 379
383 383 383 383 383 383 383 383 383 383 383 383 383 383 383 383 383 383 383 383 383 421 421 421 421 421 421 421 501 501 501 501 501 501 501 501 501 501 501 501 501 362 362 362 362 362 362 362 362 362 362 362 362 362 362 362 362 362 362 363 364 364 365 365 366 366 367 367 368 368 369 369 370 370 371 371 371 372 372 373 373 374 374 375 375 375 376 376 377 377 378 378 378 379
383 383 383 383 383 383 383 383 383 383 383 383 383 383 383 383 383 383 383 383 383 421 421 421 421 421 421 501 501 501 501 501 501 501 501 501 501 501 501 501 501 362 362 362 362 362 362 362 362 362 362 362 362 362 362 362 362 362 363 363 364 364 365 365 366 366 367 367 368 368 369 369 370 370 371 371 372 372 372 373 373 374 374 375 375 376 376 376 377 377 378 378 379 379
383 383 383 383 383 383 383 383 383 383 383 383 383 383 383 383 383 383 383 383 421 421 421 421 421 501 501 501 501 501 501 501 501 501 501 501 501 501 501 501 501 501 362 362 362 362 362 362 362 362 362 362 362 362 362 362 362 362 363 363 364 364 365 365 366 366 367 367 368 368 369 369 370 370 371 371 372 372 373 373 373 374 374 375 375 376 376 377 377 377 378 378 379 379
383 383 383 383 383 383 383 383 383 383 383 383 383 383 383 383 383 383 383 421 421 421 421 421 501 501 501 501 501 501 501 501 501 501 501 501 501 501 501 501 501 501 501 362 362 362 362 362 362 362 362 362 362 362 362 362 362 362 363 363 364 364 365 365 366 366 367 367 368 368 369 369 370 370 371 371 372 372 373 373 374 374 374 375 375 376 376 377 377 377 378 378 379 379
383 383 383 383 383 383 383 383 383 383 383 383 383 383 383 383 383 383 421 421 421 421 421 501 501 501 501 501 501 501 501 501 501 501 501 501 501 501 501 501 501 501 501 362 362 362 362 362 362 362 362 362 362 362 362 362 362 362 363 363 364 364 365 365 366 366 367 367 368 368 369 369 370 370 371 371 372 372 373 373 374 374 375 375 375 376 376 377 377 378 378 378 379 379
383 383 383 383 383 383 383 383 383 383 383 383 383 383 383 383 383 383 421 421 421 501 501 501 501 501 501 501 501 501 501 501 501 501 501 501 501 501 501 501 501 501 501 501 362 362 362 362 362 362 362 362 362 362 362 362 362 362 363 363 364 365 365 366 366 367 367 368 368 369 369 370 370 370 371 371 372 372 373 373 374 374 375 375 376 376 376 377 377 378 378 378 379 379
383 383 383 383 383 383 383 383 383 383 383 383 383 383 383 383 383 421 421 421 501 501 501 501 501 501 501 501 501 501 501 501 501 501 501 501 501 501 501 501 501 501 501 501 362 362 362 362 362 362 362 362 362 362 362 362 362 363 363 364 364 365 365 366 366 367 367 368 368 369 369 370 370 371 371 372 372 372 373 373 374 374 375 375 376 376 376 377 377 378 378 379 379 379
383 383 383 383 383 383 383 383 383 383 383 383 383 383 383 383 421 421 421 501 501 501 501 501 501 501 501 501 501 501 501 501 501 501 501 501 501 501 501 501 501 501 501 501 501 362 362 362 362 362 362 362 362 362 362 362 362 363 363 364 364 365 365 366 366 367 367 368 368 369 369 370 370 371 371 372 372 373 373 373 374 374 375 375 376 376 377 377 377 378 378 379 379 379
383 383 383 383 383 383 383 383 383 383 383 383 383 383 383 383 421 501 501 501 501 501 501 501 501 501 501 501 501 501 501 501 501 501 501 501 501 501 501 501 501 501 501 501 501 501 362 362 362 362 362 362 362 362 362 362 362 363 363 364 364 365 365 366 366 367 367 368 368 369 369 370 370 371 371 372 372 373 373 373 374 374 375 375 376 376 377 377 377 378 378 379 379 380
383 383 383 383 383 383 383 383 383 383 383 383 383 383 383 421 501 501 501 501 501 501 501 501 501 501 501 501 501 501 501 501 501 501 501 501 501 501 501 501 501 501 501 501 501 501 362 362 362 362 362 362 362 362 362 362 362 363 363 364 364 365 365 366 366 367 367 368 368 369 369 370 370 371 371 372 372 373 373 374 374 374 375 375 376 376 377 377 378 378 378 379 379 380
383 383 383 383 383 383 383 383 383 383 383 383 383 383 421 501 501 501 501 501 501 501 501 501 501 501 501 501 501 501 501 501 501 501 501 501 501 501 501 501 501 501 501 501 501 501 501 362 362 362 362 362 362 362 362 362 362 363 363 364 364 365 365 366 366 367 367 368 368 369 369 370 370 371 371 372 372 373 373 374 374 375 375 375 376 376 377 377 378 378 378 379 379 380
383 383 383 383 383 383 383 383 383 383 383 383 383 463 501 501 501 501 501 501 501 501 501 501 501 501 501 501 501 501 501 501 501 501 501 501 501 501 501 501 501 501 501 501 501 501 501 362 362 362 362 362 362 362 362 362 362 363 363 364 364 365 365 366 366 367 367 368 368 369 369 370 370 371 371 372 372 373 373 374 374 375 375 375 376 376 377 377 378 378 378 379 379 380
383 383 383 383 383 383 383 383 383 383 383 383 463 501 501 501 501 501 501 501 501 501 501 501 501 501 501 501 501 501 501 501 501 501 501 501 501 501 501 501 501 501 501 501 501 501 501 501 362 362 362 362 362 362 362 362 362 363 363 364 364 365 365 366 367 367 368 368 368 369 369 370 370 371 371 372 372 373 373 374 374 375 375 375 376 376 377 377 378 378 378 379 379 380
383 383 383 383 383 383 383 383 383 383 383 463 501 501 501 501 501 501 501 501 501 501 501 501 501 501 501 501 501 501 501 501 501 501 501 501 501 501 501 501 501 501 501 501 501 501 501 501 362 362 362 362 362 362 362 362 362 363 363 364 364 365 366 366 367 367 368 368 369 369 370 370 370 371 371 372 372 373 373 374 374 375 375 376 376 376 377 377 378 378 379 379 379 380
