testData/tiles/oneDegreeCosts/grid14.0-0.0-15.0-1.0.asc
ncols   200
nrows   200
xllcorner   14.0
yllcorner   0.0
cellsize   0.005
NODATA_value   -9999.0
[rows 84 to 125 of 200, columns 94 to 187 of 200]
354 354 354 354 354 354 354 354 354 354 354 354 354 355 355 355 355 404 404 404 404 404 404 405 406 406 407 407 430 431 432 433 433 434 435 435 436 436 437 512 512 513 513 514 515 515 516 516 517 518 518 519 519 520 521 521 522 522 524 525 525 526 526 527 528 528 529 529 530 532 533 534 535 537 539 540 541 542 544 545 546 547 548 549 551 551 553 553 555 556 557 558 558 560
354 354 354 354 354 354 354 354 354 354 354 354 355 355 355 355 355 355 355 404 404 404 404 405 406 406 407 429 430 432 432 433 433 434 435 435 436 436 511 512 512 513 513 514 515 515 516 516 517 518 518 519 519 520 521 522 523 523 524 525 525 526 526 527 528 528 529 529 530 532 533 535 535 537 539 540 541 542 544 545 546 547 548 550 551 552 553 553 555 556 557 558 558 560
354 354 354 354 354 354 354 354 354 354 354 355 355 355 355 355 355 355 355 355 355 355 404 405 406 406 407 430 431 432 432 433 433 434 435 435 436 436 511 512 512 513 513 514 515 515 516 516 517 518 518 519 519 521 522 522 523 523 524 525 525 526 526 527 528 528 529 529 530 532 533 535 536 537 539 540 541 542 544 545 546 548 548 550 551 552 553 554 555 556 557 558 559 560
354 354 354 354 354 354 354 354 354 354 355 355 355 355 355 355 355 355 355 355 355 355 355 356 406 406 408 430 431 432 432 433 433 434 435 435 436 436 511 512 512 513 513 514 515 515 516 516 517 518 519 520 520 521 522 522 523 523 524 525 525 526 526 527 528 528 529 529 530 532 533 535 536 537 539 540 542 542 544 546 546 548 548 550 551 552 553 554 555 556 557 558 560 560
354 354 354 354 354 354 354 354 354 355 355 355 355 355 355 355 355 355 355 355 355 355 355 356 357 358 408 430 431 432 432 433 433 434 435 435 436 436 511 512 512 513 513 514 515 515 516 516 518 519 519 520 520 521 522 522 523 523 524 525 525 526 526 527 528 528 529 529 530 532 533 535 536 538 539 540 542 542 544 546 546 548 548 550 551 552 553 555 555 557 557 558 560 560
354 354 354 354 354 354 354 354 355 355 355 355 355 355 355 355 355 355 355 355 355 355 355 356 358 358 359 381 382 432 432 433 433 434 435 435 436 436 511 512 512 513 513 514 515 515 517 517 518 519 519 520 520 521 522 522 523 523 524 525 525 526 526 527 528 528 529 529 531 532 533 535 536 538 539 540 542 543 544 546 546 548 549 550 551 552 553 555 555 557 557 558 560 560
354 354 354 354 354 354 354 355 355 355 355 355 355 355 355 355 355 355 355 355 355 355 355 357 358 358 381 381 382 383 383 384 433 434 435 435 436 436 511 512 512 513 513 514 516 516 517 517 518 519 519 520 520 521 522 522 523 523 524 525 525 526 526 527 528 528 529 529 531 533 533 535 536 538 540 540 542 543 544 546 546 548 550 550 552 552 554 555 555 557 557 559 560 560
354 354 354 354 354 354 355 355 355 355 355 355 355 355 355 355 355 355 355 355 355 355 356 357 358 358 381 381 382 383 383 384 384 385 435 435 436 436 511 512 512 513 513 515 516 516 517 517 518 519 519 520 520 521 522 522 523 523 524 525 525 526 526 527 528 528 529 529 531 533 533 535 536 538 540 540 542 543 544 546 547 548 550 550 552 552 554 555 555 557 557 559 560 560
354 354 354 354 354 354 355 355 355 355 355 355 355 355 355 355 355 355 355 355 355 356 356 357 358 358 381 381 382 383 383 384 384 385 386 386 387 436 511 512 512 514 514 515 516 516 517 517 518 519 519 520 520 521 522 522 523 523 524 525 525 526 526 527 528 528 529 529 531 533 534 535 536 538 540 540 542 544 544 546 547 548 550 550 552 552 554 555 556 557 557 559 560 560
354 354 354 354 354 355 355 355 355 355 355 355 355 355 355 355 355 355 355 355 356 356 356 357 358 358 381 381 382 383 383 384 384 385 386 386 387 387 462 463 513 514 514 515 516 516 517 517 518 519 519 520 520 521 522 522 523 523 524 525 525 526 526 527 528 528 529 529 531 533 534 536 536 538 540 541 542 544 545 546 547 548 550 550 552 552 554 555 556 557 557 559 560 560
354 354 354 354 355 355 355 355 355 355 355 355 355 355 355 355 355 355 356 356 356 356 356 357 358 358 381 381 382 383 383 384 384 385 386 386 387 387 463 464 464 465 465 466 516 516 517 517 518 519 519 520 520 521 522 522 523 523 524 525 525 526 526 527 528 528 529 529 531 533 534 536 536 538 540 541 542 544 545 546 547 548 550 550 552 552 554 555 556 557 557 559 560 560
354 354 354 355 355 355 355 355 355 355 355 355 355 355 355 355 355 355 356 356 356 356 356 357 358 358 381 381 382 383 383 384 384 385 386 386 387 388 463 464 464 465 465 466 467 467 468 517 518 519 519 520 520 521 522 522 523 523 524 525 525 526 526 527 528 528 529 529 531 533 534 536 536 538 540 541 542 543 545 546 547 548 550 551 552 552 554 555 556 557 558 559 560 561
354 354 355 355 355 355 355 355 355 355 355 355 355 355 355 355 355 356 356 356 356 356 356 357 358 380 381 381 382 383 383 384 384 385 386 387 388 388 463 464 464 465 465 466 467 467 468 468 469 470 470 520 520 521 522 522 523 523 524 525 525 526 526 527 528 528 529 529 531 533 534 536 537 538 540 541 542 543 545 546 547 549 550 551 552 553 554 555 556 557 558 559 560 561
354 354 355 355 355 355 355 355 355 355 355 355 355 355 355 355 356 356 356 356 356 356 356 357 358 380 381 381 382 383 383 384 384 385 387 387 388 388 463 464 464 465 465 466 467 467 468 468 469 470 470 471 471 472 473 522 523 523 524 525 525 526 526 527 528 528 529 529 531 533 535 537 538 539 541 542 544 544 546 547 548 550 551 552 553 554 555 556 557 558 559 559 560 561
354 355 355 355 355 355 355 355 355 355 355 355 355 355 355 356 356 356 356 356 356 356 356 357 358 380 381 381 382 383 383 384 384 386 387 387 388 388 463 464 464 465 465 466 467 467 468 468 469 470 470 471 471 472 473 473 474 474 475 525 525 526 526 527 528 529 530 530 532 534 535 537 538 539 541 542 544 544 546 547 548 550 550 552 553 554 555 557 557 558 559 560 561 562
355 355 355 355 355 355 355 355 355 355 355 355 355 355 356 356 356 356 356 356 356 356 356 357 358 380 381 381 382 383 383 385 385 386 387 387 388 388 463 464 464 465 465 466 467 467 468 468 469 470 470 471 471 472 473 473 474 474 475 476 476 477 478 479 480 529 530 530 532 534 535 537 538 539 541 542 544 544 546 548 548 550 550 552 553 554 555 556 557 558 559 560 561 562
355 355 355 355 355 355 355 355 355 355 355 355 355 356 356 356 356 356 356 356 356 356 356 357 358 380 381 381 382 383 384 385 385 386 387 387 388 388 463 464 464 465 465 466 467 467 468 468 469 470 470 471 471 472 473 473 474 474 475 477 477 478 478 479 480 480 481 481 483 485 486 537 538 540 541 542 544 544 546 548 548 550 550 552 553 554 555 556 557 558 559 560 561 562
355 355 355 355 355 355 355 355 355 355 355 355 356 356 356 356 356 356 356 356 356 356 356 357 358 380 381 381 382 384 384 385 385 386 387 387 388 388 463 464 464 465 465 466 467 467 468 468 469 470 470 471 471 472 473 473 475 475 476 477 477 478 478 479 480 480 481 482 483 485 486 488 489 491 492 493 495 495 497 548 548 550 550 552 553 554 555 556 557 558 559 560 561 562
355 355 355 355 355 355 355 355 355 355 355 356 356 356 356 356 356 356 356 356 356 356 356 357 380 380 381 381 383 384 384 385 385 386 387 387 388 388 463 464 464 465 465 466 467 467 468 468 469 470 470 471 471 472 474 474 475 475 476 477 477 478 478 479 480 480 481 482 483 485 486 488 489 491 492 493 495 495 497 499 499 501 501 503 504 505 506 507 508 510 510 511 512 513
355 355 355 355 355 355 355 355 355 355 356 356 356 356 356 356 356 356 356 356 356 356 356 357 380 380 381 382 383 384 384 385 385 386 387 387 388 388 463 464 464 465 465 466 467 467 468 468 469 470 470 471 472 473 474 474 475 475 476 477 477 478 478 479 480 480 481 482 484 485 486 488 489 491 492 493 495 495 497 499 499 501 501 503 504 505 506 507 508 510 510 511 512 513
355 355 355 355 355 355 355 355 355 355 356 356 356 356 356 356 356 356 356 356 356 356 356 357 379 380 382 382 383 384 384 385 385 386 387 387 388 388 463 464 464 465 465 466 467 467 468 468 469 470 471 472 472 473 474 474 475 475 476 477 477 478 478 479 480 480 481 482 484 485 486 488 489 491 492 493 495 495 497 499 499 501 501 503 504 505 506 507 508 510 510 511 512 513
355 355 355 355 355 355 355 355 355 356 356 356 356 356 356 356 356 356 356 356 356 356 356 357 379 381 382 382 383 383 384 385 385 386 387 387 388 388 463 464 464 465 465 466 467 467 468 468 470 471 471 472 472 473 474 474 475 475 476 477 477 478 478 479 480 480 481 482 484 485 486 488 489 491 492 493 495 495 497 499 499 501 501 503 504 505 506 507 508 510 510 511 512 513
355 355 355 355 355 355 355 355 356 356 356 356 356 356 356 356 356 356 356 356 356 356 356 357 380 381 382 382 383 383 384 385 385 386 386 387 388 388 463 463 464 465 465 466 467 467 468 469 470 471 471 472 472 473 474 474 475 475 476 477 477 478 478 479 480 480 481 482 484 485 486 488 489 491 492 493 495 495 497 499 499 501 501 503 504 505 506 507 508 510 510 511 512 513
355 355 355 355 355 355 355 356 356 356 356 356 356 356 356 356 356 356 356 356 356 356 356 358 380 381 382 382 383 383 384 385 385 386 386 387 388 462 463 463 464 465 465 466 466 468 469 469 470 470 471 472 472 473 474 474 475 475 476 477 477 478 478 479 480 480 481 482 484 485 486 488 489 491 492 493 495 495 497 499 499 501 501 503 504 505 506 507 508 510 510 511 512 513
355 355 355 355 355 355 355 356 356 356 356 356 356 356 356 356 356 356 356 356 356 356 357 358 380 381 382 382 383 383 384 385 385 386 386 387 388 388 463 463 464 465 465 466 467 468 469 469 470 470 471 472 472 473 473 474 475 475 476 476 477 478 478 479 480 480 481 482 484 485 486 488 489 491 492 493 495 495 497 499 499 501 501 503 504 505 506 507 508 510 510 511 512 513
355 355 355 355 355 355 356 356 356 356 356 356 356 356 356 356 356 356 356 356 356 357 357 358 380 381 382 382 383 383 384 385 385 386 386 387 388 388 463 463 464 465 466 467 467 468 469 469 470 470 471 472 472 473 473 474 475 475 476 476 477 478 478 479 479 480 481 482 484 484 486 488 489 491 492 493 495 495 497 499 499 501 501 503 504 505 506 507 508 510 510 511 512 513
355 355 355 355 355 356 356 356 356 356 356 356 356 356 356 356 356 356 356 356 357 357 357 380 380 381 382 382 383 383 384 385 385 386 386 387 388 388 463 463 464 466 466 467 467 468 469 469 470 470 471 472 472 473 473 474 475 475 476 476 477 478 478 479 479 480 481 482 484 484 486 488 489 491 491 493 495 495 497 498 499 501 501 503 504 505 506 507 508 510 510 511 512 513
355 355 355 355 355 356 356 356 356 356 356 356 356 356 356 356 356 356 356 357 357 357 357 380 380 381 382 382 383 383 384 385 385 386 386 387 388 388 463 463 465 466 466 467 467 468 469 469 470 470 471 472 472 473 473 474 475 475 476 476 477 478 478 479 479 480 481 482 484 484 486 488 489 491 491 493 495 495 497 498 499 501 501 503 503 505 506 507 508 509 510 511 512 513
355 355 355 355 356 356 356 356 356 356 356 356 356 356 356 356 356 356 356 357 357 357 357 380 380 381 382 382 383 383 384 385 385 386 386 387 388 388 464 464 465 466 466 467 467 468 469 469 470 470 471 472 472 473 473 474 475 475 476 476 477 478 478 479 479 480 481 482 483 484 486 488 489 491 491 493 495 495 497 498 499 501 501 503 503 505 506 507 508 509 510 511 512 513
355 355 355 356 356 356 356 356 356 356 356 356 356 356 356 356 356 356 357 357 357 357 357 380 380 381 382 382 383 383 384 385 385 386 386 387 388 389 464 464 465 466 466 467 467 468 469 469 470 470 471 472 472 473 473 474 475 475 476 476 477 478 478 479 479 480 481 482 483 484 486 488 489 491 491 493 495 495 497 498 499 501 501 503 503 505 506 507 508 508 510 511 512 513
355 355 355 356 356 356 356 356 356 356 356 356 356 356 356 356 356 357 357 357 357 357 357 380 380 381 381 382 383 383 384 384 385 386 386 387 389 389 464 464 465 466 466 467 467 468 469 469 470 470 471 472 472 473 473 474 475 475 476 476 477 478 478 479 479 480 481 481 483 484 486 488 489 491 491 493 495 495 497 498 499 501 501 503 503 505 506 507 508 508 510 511 511 513
355 355 356 356 356 356 356 356 356 356 356 356 356 356 356 356 357 357 357 357 357 357 357 380 380 381 381 382 383 383 384 384 385 386 386 388 388 389 464 464 465 465 466 467 467 468 468 469 470 470 471 472 472 473 473 474 475 475 476 476 477 478 478 479 479 480 481 481 483 484 486 488 489 490 491 493 495 495 497 499 500 502 501 503 503 505 506 507 508 508 510 511 511 513
355 356 356 356 356 356 356 356 356 356 356 356 356 356 356 357 357 357 357 357 357 357 357 380 380 381 381 382 383 383 384 384 385 386 387 388 388 389 464 464 465 465 466 467 467 468 468 469 470 470 471 471 472 473 473 474 474 475 476 476 477 477 478 479 479 480 480 481 483 484 487 489 490 491 492 494 496 496 498 498 500 502 502 504 504 506 507 508 509 509 511 511 511 513
355 356 356 356 356 356 356 356 356 356 356 356 356 356 356 357 357 357 357 357 357 357 357 380 380 381 381 382 383 383 384 384 385 387 387 388 388 389 464 464 465 465 466 467 467 468 468 469 470 470 471 471 472 473 473 474 474 475 476 476 477 477 478 479 479 480 481 482 484 485 487 488 490 491 492 494 495 496 498 498 500 501 502 504 504 506 506 507 509 509 511 511 512 514
356 356 356 356 356 356 356 356 356 356 356 356 356 356 357 357 357 357 357 357 357 357 357 380 380 381 381 382 383 383 384 384 386 387 387 388 388 389 464 464 465 465 466 467 467 468 468 469 470 470 471 471 472 473 473 474 474 475 476 476 477 477 478 480 480 481 481 482 484 485 487 488 490 491 492 494 494 496 498 498 500 501 502 504 504 506 506 507 509 509 511 511 512 514
356 356 356 356 356 356 356 356 356 356 356 356 356 357 357 357 357 357 357 357 357 357 357 380 380 381 381 382 383 383 384 385 386 387 387 388 388 389 464 464 465 465 466 467 467 468 468 469 470 470 471 471 472 473 473 474 474 475 476 476 477 478 479 480 480 481 481 482 484 485 487 488 489 491 492 494 494 496 498 498 500 500 502 504 504 505 506 507 509 509 511 511 512 514
356 356 356 356 356 356 356 356 356 356 356 356 356 357 357 357 357 357 357 357 357 357 379 379 380 381 381 382 383 383 385 385 386 387 387 388 388 389 464 464 465 465 466 467 467 468 468 469 470 470 471 471 472 473 473 474 474 475 477 477 478 478 479 480 480 481 481 482 484 485 487 488 489 491 492 494 494 496 498 498 500 500 502 503 504 505 506 507 509 509 510 511 512 513
356 356 356 356 356 356 356 356 356 356 356 356 357 357 357 357 357 357 357 357 357 357 379 379 380 381 381 382 382 384 385 385 386 386 387 388 388 389 463 464 465 465 466 466 467 468 468 469 469 470 471 471 472 473 473 474 475 476 477 477 478 478 479 480 480 481 481 482 484 485 487 488 489 491 492 494 494 496 498 498 500 500 502 503 504 505 506 507 509 509 510 511 512 513
356 356 356 356 356 356 356 356 356 356 356 357 357 357 357 357 357 357 357 357 357 357 379 379 380 381 381 382 383 384 385 385 386 386 387 388 388 389 463 464 465 465 466 466 467 468 468 469 469 470 471 471 472 472 473 475 475 476 476 477 478 478 479 479 480 481 481 482 483 485 487 487 489 490 492 493 494 496 496 498 500 500 502 502 504 505 506 507 508 509 510 511 512 512
356 356 356 356 356 356 356 356 356 356 356 357 357 357 357 357 357 357 357 357 357 357 379 379 380 381 381 383 383 384 385 385 386 386 387 388 388 389 463 464 465 465 466 466 467 468 468 469 469 470 471 471 472 473 474 475 475 476 476 477 478 478 479 479 480 481 481 482 483 485 486 487 489 490 492 493 494 496 496 498 500 500 502 502 504 505 506 507 507 509 510 511 512 290
356 356 356 356 356 356 356 356 356 356 357 357 357 357 357 357 357 357 357 357 357 357 379 379 380 381 382 383 383 384 385 385 386 386 387 388 388 389 463 464 465 465 466 466 467 468 468 469 469 470 471 472 473 473 474 475 475 476 476 477 478 478 479 479 480 481 481 482 483 485 486 487 489 490 492 493 494 496 496 498 499 500 502 502 504 505 506 507 507 509 510 511 290 290
356 356 356 356 356 356 356 356 356 357 357 357 357 357 357 357 357 357 357 357 357 357 379 379 380 381 382 383 383 384 385 385 386 386 387 388 388 389 463 464 465 465 466 466 467 468 468 469 469 470 472 472 473 473 474 475 475 476 476 477 478 478 479 479 480 481 481 482 483 484 486 487 489 490 491 493 494 496 496 498 499 500 501 502 503 505 505 507 507 509 510 290 290 290
