testData/tiles/oneDegreeCosts/grid4.0-41.0-5.0-42.0.asc
ncols   200
nrows   200
xllcorner   4.0
yllcorner   41.0
cellsize   0.005
NODATA_value   -9999.0
[rows 42 to 83 of 200, columns 0 to 93 of 200]
341 341 341 343 343 343 344 345 347 347 347 353 354 354 355 355 356 358 358 358 359 359 361 361 362 362 341 341 341 341 341 342 344 344 345 345 345 347 348 348 348 348 348 351 351 351 351 351 353 353 353 353 353 353 355 355 355 357 357 357 359 359 359 359 359 359 360 361 360 360 360 360 361 361 362 362 361 361 361 362 362 363 364 364 363 363 363 363 363 364 363 363 363 364
341 341 343 343 343 344 345 346 347 351 352 353 354 355 355 356 334 335 335 336 337 337 338 339 339 340 341 341 341 342 343 343 343 345 345 346 346 347 348 348 348 350 350 350 351 351 353 353 353 353 353 353 354 355 355 356 357 357 358 358 358 359 359 359 360 360 360 360 360 360 360 361 361 361 362 362 362 362 363 363 363 364 364 364 364 364 364 363 364 364 364 364 363 364
342 343 343 322 322 322 322 323 328 329 330 330 331 332 333 334 334 334 337 337 337 338 338 339 340 341 341 341 342 343 343 344 344 345 346 347 347 347 347 349 350 350 350 350 352 353 353 353 353 353 354 355 355 355 356 357 357 358 359 359 359 359 360 361 361 361 361 361 362 362 362 362 362 362 362 363 363 363 364 364 364 364 366 365 365 365 364 364 364 364 365 365 365 365
319 320 320 322 322 322 327 328 328 330 330 330 332 332 334 334 334 336 336 337 338 339 339 339 340 341 342 343 343 343 344 345 345 345 346 347 348 348 349 349 349 350 352 352 352 352 353 355 355 355 355 355 356 357 358 358 358 358 359 360 360 360 360 360 361 362 362 362 362 362 362 362 363 363 363 363 364 365 365 365 365 365 365 365 366 366 364 365 365 365 365 365 365 365
320 321 321 322 322 327 328 328 329 329 331 332 332 332 333 335 336 336 336 338 339 339 340 340 341 341 343 343 343 345 344 345 346 346 347 347 349 349 349 349 351 351 352 352 352 354 354 355 355 355 356 358 357 358 358 358 358 359 359 361 361 361 361 362 362 363 363 363 363 364 363 363 364 364 364 364 365 365 366 366 366 366 366 366 366 367 367 366 365 365 365 366 366 366
320 321 322 322 327 328 328 329 330 330 331 332 332 334 334 334 336 336 338 338 338 340 341 341 341 342 342 344 345 345 345 345 347 347 347 348 348 349 350 351 351 351 351 354 354 354 354 354 355 358 358 358 357 357 358 360 360 360 360 360 361 362 362 362 362 362 362 364 364 364 364 363 364 366 366 366 366 366 366 366 367 367 367 367 367 367 367 367 367 367 366 366 366 366
320 321 323 327 328 328 329 330 330 331 331 332 334 334 334 335 336 337 338 338 338 340 341 341 342 343 343 344 345 345 347 346 346 348 348 348 349 350 350 351 351 353 353 353 354 354 356 356 357 357 358 359 360 359 359 359 360 360 361 361 362 362 363 363 364 364 364 364 365 365 366 367 366 366 366 366 366 367 367 367 367 367 367 367 367 368 368 367 367 367 367 367 366 367
320 326 326 328 328 329 330 330 331 331 332 333 333 334 336 336 336 337 338 339 340 340 340 342 343 343 344 344 345 347 347 347 347 347 349 349 350 350 350 352 353 353 353 353 355 356 357 357 357 358 359 360 360 360 359 361 361 362 362 362 362 363 363 364 364 364 364 364 365 366 367 367 366 366 367 367 368 368 367 367 367 367 368 369 368 368 368 368 368 367 367 368 368 368
326 326 326 328 329 330 330 330 331 332 333 333 334 335 336 336 337 338 338 340 340 340 342 342 343 344 344 345 346 346 347 348 349 348 349 350 350 351 352 352 352 353 355 355 355 356 356 359 359 359 359 359 361 362 361 361 361 361 362 363 363 363 364 364 364 366 366 367 367 367 367 367 368 367 367 367 367 367 368 369 369 368 368 368 368 369 369 369 369 369 368 368 368 368
326 326 328 328 329 330 331 332 332 332 333 334 335 335 335 338 338 338 339 339 341 342 342 342 343 345 345 346 346 346 348 349 349 350 349 350 351 352 352 352 354 354 355 356 356 358 358 358 359 359 360 361 361 361 362 361 362 363 363 363 364 364 364 365 365 365 367 367 367 368 368 368 368 369 368 368 369 368 368 369 369 369 369 369 369 369 369 370 369 369 368 369 369 368
326 328 328 328 329 330 332 332 332 334 333 334 335 336 337 337 338 339 340 340 341 342 342 344 344 344 346 346 347 348 348 348 350 351 351 351 351 352 353 354 354 354 355 358 358 358 358 359 359 361 361 361 361 362 363 364 363 363 363 363 364 365 365 365 367 367 368 369 369 368 368 368 368 369 369 369 369 369 369 369 369 370 370 370 370 370 369 370 371 371 370 369 369 369
326 327 328 330 330 330 331 333 334 334 334 334 336 336 337 337 339 340 340 341 341 342 344 344 344 345 346 346 348 348 348 350 350 351 352 351 352 352 353 354 354 357 357 357 358 359 360 360 360 360 362 362 363 363 363 363 363 364 365 365 365 365 365 367 368 368 368 368 368 369 370 370 370 370 370 369 369 370 370 370 370 370 370 370 371 371 371 371 371 371 371 370 370 371
327 328 329 330 330 331 332 332 334 334 336 336 336 337 337 338 339 339 341 342 342 343 343 344 346 346 346 347 347 349 350 350 350 351 353 353 353 353 353 355 357 357 357 357 359 359 360 360 361 361 362 362 363 363 364 365 365 364 365 365 365 367 367 367 368 368 368 368 369 369 370 370 370 370 371 371 370 371 371 370 370 371 371 371 372 371 371 371 371 371 371 372 372 371
328 328 329 330 331 332 332 333 334 335 336 336 336 337 338 339 339 340 341 342 343 343 344 345 346 346 347 348 348 349 350 350 352 352 352 354 354 354 355 356 356 357 359 359 359 359 360 361 362 362 362 363 363 365 365 365 365 365 365 367 368 368 368 368 368 370 370 370 370 370 370 371 372 372 372 371 370 370 371 372 372 372 371 371 371 372 373 372 372 372 373 372 372 372
328 328 330 330 332 332 333 334 334 336 336 337 338 337 338 339 340 341 341 342 344 344 345 345 345 348 348 348 349 349 350 352 352 352 353 354 355 356 356 356 357 358 359 359 359 361 361 361 362 363 363 364 364 364 365 366 366 367 367 367 368 368 368 369 369 369 369 370 370 371 371 371 371 371 372 373 373 372 371 371 371 372 373 373 372 372 372 372 373 373 374 374 373 372
328 330 330 331 331 333 334 334 335 335 337 338 338 338 339 339 341 341 341 343 343 345 345 346 347 347 348 349 350 350 351 351 352 354 354 354 356 356 357 358 358 358 358 361 361 361 361 362 362 364 364 364 365 365 366 367 367 368 368 368 369 369 370 370 370 370 371 371 372 372 372 372 372 373 372 373 373 373 372 373 373 372 373 373 373 373 373 374 374 374 374 374 374 374
329 330 330 331 332 333 334 334 336 336 337 338 339 340 340 340 340 342 343 343 343 344 346 347 347 347 349 349 350 351 351 352 353 354 355 356 357 357 358 358 358 359 360 360 360 361 362 363 363 363 364 365 366 366 366 366 368 369 370 370 369 369 369 370 371 371 371 371 371 371 373 373 373 373 373 373 373 374 373 373 373 373 373 373 374 375 375 374 374 374 374 374 375 375
329 329 332 332 332 333 334 336 336 336 337 338 340 340 340 341 341 342 343 343 345 345 345 347 348 349 349 349 350 352 352 353 353 354 357 357 357 358 358 359 360 360 360 360 362 362 363 363 364 364 365 365 366 367 367 369 369 369 370 370 371 371 371 371 371 372 372 373 373 373 373 374 374 373 374 374 374 374 375 374 373 374 374 375 375 375 375 375 376 375 375 375 375 531
330 330 331 332 333 334 334 335 336 338 338 338 339 340 342 342 341 342 343 345 345 345 346 347 348 349 349 351 351 351 353 353 355 356 356 357 358 359 359 360 360 360 361 362 362 362 363 364 365 365 365 366 366 369 369 369 369 370 370 371 372 371 371 371 371 372 373 373 373 373 373 374 374 375 375 375 374 374 375 374 375 375 375 375 375 376 376 375 376 376 375 375 375 533
330 331 331 332 334 334 335 336 336 338 338 339 340 340 341 342 344 343 343 344 345 347 347 347 348 349 350 351 351 352 353 355 356 356 356 358 358 359 360 360 361 361 361 362 362 363 364 364 364 366 366 367 368 368 369 370 370 371 371 371 371 372 373 373 373 373 373 373 374 375 375 374 374 374 374 376 376 376 376 375 375 375 377 377 376 376 376 376 376 376 377 377 376 533
330 331 332 333 333 334 336 336 337 337 339 340 340 341 341 342 344 344 344 345 345 347 347 348 349 349 350 351 352 353 354 355 356 357 358 358 358 359 361 361 362 362 361 362 364 364 364 365 365 366 367 368 369 369 370 370 371 372 372 372 373 373 373 373 373 373 374 374 374 375 375 375 376 376 376 376 376 376 376 378 378 376 376 376 377 377 377 377 377 376 376 377 377 533
330 332 332 333 334 335 336 336 337 338 339 340 340 342 342 343 343 346 346 345 346 346 348 349 349 350 350 351 353 354 354 356 356 358 358 358 360 360 360 362 362 363 363 363 363 364 365 366 366 366 368 369 370 370 370 371 371 372 373 373 373 373 373 373 375 375 375 375 375 375 375 376 376 376 376 376 377 377 378 378 378 377 377 377 377 378 378 377 377 377 377 377 377 535
331 331 333 334 334 335 335 338 338 338 339 340 342 342 343 343 344 345 346 346 347 347 348 349 350 351 351 352 353 354 356 356 357 357 358 360 360 360 361 362 363 364 364 363 363 365 366 366 367 368 369 369 369 371 371 372 372 372 373 374 374 375 375 375 375 375 375 376 376 376 376 376 377 377 378 377 377 378 378 378 379 379 378 378 378 378 378 379 378 378 378 378 377 534
331 332 333 334 335 336 336 337 338 339 340 340 341 342 344 344 345 345 345 348 347 348 348 349 351 351 352 353 354 355 356 356 357 358 359 359 360 361 362 362 363 363 364 366 365 365 365 366 369 369 369 370 370 371 372 372 373 373 373 374 375 375 375 375 375 376 376 377 376 376 376 377 377 377 378 379 379 379 379 379 379 380 378 378 379 379 378 378 378 379 378 378 536 535
332 332 333 333 336 336 337 337 338 340 340 341 342 343 344 344 345 346 347 347 348 349 349 350 350 351 354 354 355 355 355 358 358 358 359 359 361 362 362 363 363 364 365 366 365 365 367 368 368 370 370 371 371 372 372 373 373 374 374 375 375 375 377 377 377 376 376 376 377 378 378 378 378 378 378 379 380 380 380 380 379 380 380 380 379 379 379 378 378 379 379 379 536 536
332 333 334 334 335 336 337 338 339 339 340 342 342 343 343 345 346 346 347 347 349 349 349 350 351 353 353 354 355 356 357 357 358 359 360 360 361 361 363 364 364 365 365 365 368 367 368 368 369 370 371 371 372 372 373 373 374 375 375 375 376 376 376 377 377 377 377 377 377 377 378 378 379 380 380 380 380 380 380 381 381 380 380 380 379 379 380 380 380 379 379 379 535 537
331 334 334 335 335 336 338 338 339 340 341 342 342 343 344 345 345 347 348 348 349 349 350 351 352 353 353 355 356 356 357 357 359 359 360 361 361 362 363 364 365 365 366 367 367 368 368 370 370 370 371 371 373 373 374 374 374 374 376 376 377 377 377 377 378 379 378 378 378 378 379 379 381 380 380 380 381 381 381 381 381 381 381 381 380 380 380 380 380 380 380 380 537 536
332 333 334 336 336 337 337 338 340 340 341 341 344 344 344 345 346 347 348 349 349 350 351 352 353 354 354 355 355 357 358 358 359 359 360 362 362 363 363 363 365 366 367 367 368 369 369 370 370 371 372 372 372 374 374 374 375 376 376 376 377 378 378 378 378 378 379 379 379 379 379 380 380 381 382 382 381 381 381 381 381 382 382 382 381 380 380 380 380 381 381 380 537 536
333 333 334 336 336 337 338 339 340 341 342 342 343 344 345 346 347 347 347 350 350 351 352 352 354 354 355 355 357 357 358 359 359 360 361 361 363 363 364 365 365 365 367 369 369 370 370 370 372 372 372 373 373 374 374 376 376 376 376 377 377 379 379 379 379 380 380 379 380 380 381 382 381 381 381 382 382 383 382 382 382 382 382 382 383 381 381 381 380 380 380 381 538 538
334 334 335 335 336 338 338 339 339 342 342 343 343 344 346 346 347 348 349 349 350 351 353 354 354 354 355 356 357 357 358 360 360 361 361 362 363 364 365 365 365 367 368 369 370 370 371 372 372 372 373 374 374 375 375 375 376 377 378 378 378 378 379 380 380 380 380 380 380 381 382 382 382 382 382 382 382 383 383 383 382 383 383 382 382 383 381 381 382 381 381 538 538 538
334 334 335 336 337 338 339 340 340 341 342 343 344 345 345 345 348 348 349 349 351 353 353 354 354 355 355 357 357 358 359 359 360 361 362 363 363 364 364 366 367 368 368 369 370 371 372 372 372 373 373 374 375 375 375 376 377 377 378 378 379 379 380 380 381 381 382 382 383 382 382 382 383 383 383 383 383 383 383 384 384 383 383 383 382 383 382 382 382 382 381 538 538 538
334 334 336 336 337 337 340 340 341 341 342 344 344 345 346 347 347 348 349 350 352 352 354 355 355 356 355 356 358 359 359 359 361 361 363 363 363 365 365 366 368 368 370 370 370 371 372 373 374 373 373 374 376 376 377 377 377 377 378 380 380 380 380 380 381 381 382 383 383 383 383 383 383 384 383 383 384 384 384 384 384 384 384 384 384 383 383 382 382 383 383 539 539 539
334 336 336 336 338 338 339 340 342 342 343 343 344 346 346 347 347 349 350 351 352 353 354 355 356 356 356 357 357 359 359 361 361 361 362 364 365 365 365 366 368 370 370 370 371 372 372 374 374 373 375 375 375 376 377 377 378 379 379 379 379 381 381 382 382 382 383 384 385 385 383 383 383 384 384 385 384 384 384 384 384 384 384 384 384 384 384 384 383 383 383 540 539 539
334 335 335 338 338 338 339 340 342 342 343 344 345 346 346 348 348 349 349 352 353 354 354 354 356 357 358 357 358 359 360 361 361 363 363 363 365 365 367 368 368 369 369 372 372 372 373 373 374 376 375 375 376 376 377 379 379 379 379 380 381 381 382 382 382 384 384 384 384 385 384 385 385 384 384 384 384 386 385 385 385 384 384 384 385 385 385 384 383 383 383 540 539 540
335 336 336 337 338 340 340 340 341 342 344 344 345 345 347 348 348 349 351 352 353 354 354 356 356 356 358 359 359 359 360 360 362 363 363 364 365 365 368 368 369 370 370 371 372 373 374 374 375 375 376 377 377 377 378 378 378 380 381 381 381 381 382 382 385 385 385 385 386 385 385 385 385 385 386 385 385 385 386 385 385 386 385 385 385 385 385 385 385 384 383 540 540 540
336 336 336 337 338 340 340 341 342 342 344 344 346 346 347 347 350 351 351 352 352 355 355 356 356 358 358 359 359 359 361 361 362 363 363 365 365 367 367 369 370 370 371 371 372 374 374 375 375 376 377 377 377 378 378 379 380 380 381 381 382 383 383 383 384 385 386 386 386 386 386 385 385 386 386 386 386 385 386 386 386 386 386 385 385 386 385 385 385 384 541 540 541 540
337 337 337 338 338 339 340 342 342 343 343 345 346 346 347 348 349 351 352 353 353 354 354 356 357 358 358 359 361 360 361 361 362 363 365 365 365 367 368 369 370 371 372 372 373 373 374 376 376 377 377 377 377 379 379 380 380 380 381 382 383 383 383 384 385 385 386 386 386 387 387 387 386 386 386 386 387 387 386 386 386 386 387 387 386 386 386 385 385 385 541 542 541 541
336 338 339 338 338 340 340 342 342 344 344 345 346 347 348 348 350 350 353 353 354 354 355 356 357 358 359 360 360 361 361 362 363 363 364 364 368 368 368 369 370 371 372 373 373 374 375 375 377 377 377 379 378 378 379 380 381 382 382 382 382 384 386 386 386 386 386 387 387 388 388 388 387 387 387 387 387 387 387 387 387 387 387 387 387 386 387 386 386 386 541 541 541 542
337 337 339 339 339 340 340 341 343 344 344 345 346 348 348 348 351 351 352 353 355 355 356 356 357 359 359 360 360 362 361 363 363 363 365 366 367 368 369 370 370 371 371 373 374 375 375 375 376 377 379 379 379 379 380 380 382 382 382 383 384 385 385 386 386 387 387 387 387 387 388 389 389 387 387 387 387 387 388 388 387 387 387 387 387 386 387 387 386 386 543 542 541 541
337 337 339 339 340 340 341 342 342 344 345 346 346 347 348 351 351 351 352 353 355 355 356 357 358 358 360 360 361 362 362 362 364 365 365 366 367 368 370 370 371 371 373 373 373 375 375 377 377 377 378 379 381 381 380 381 381 382 384 384 384 385 387 387 387 388 388 388 389 389 389 389 389 389 389 388 388 388 388 388 388 388 388 387 387 387 387 387 387 387 544 542 542 541
337 338 339 339 340 341 342 342 342 344 345 346 346 348 349 350 351 353 353 353 354 355 357 357 358 358 360 361 362 362 363 363 363 365 366 368 368 369 369 369 372 372 373 373 374 375 376 377 377 378 379 379 380 381 381 382 382 383 383 384 387 387 387 387 387 387 388 389 389 389 389 389 390 389 389 389 388 388 389 388 388 388 388 388 388 388 387 387 387 387 544 544 543 542
338 338 339 340 341 341 342 343 344 344 344 347 347 348 349 350 351 353 353 354 355 355 356 357 359 359 360 360 361 363 364 364 363 365 366 368 368 369 370 371 371 372 373 374 375 375 376 377 378 379 379 380 380 381 383 382 383 383 384 386 386 387 387 388 389 389 389 389 390 391 390 390 390 390 389 389 390 389 389 388 388 388 388 388 388 388 388 387 387 387 544 543 543 543
