testData/tiles/oneDegreeCosts/grid14.0-27.0-15.0-28.0.asc
ncols   200
nrows   200
xllcorner   14.0
yllcorner   27.0
cellsize   0.005
NODATA_value   -9999.0
[rows 0 to 41 of 200, columns 94 to 187 of 200]
319 319 319 318 318 319 318 318 318 318 317 317 317 317 317 317 317 317 317 317 317 317 317 317 317 317 317 317 317 317 317 317 317 317 317 317 317 317 317 317 317 317 317 317 317 317 317 317 317 317 317 317 317 317 317 317 317 317 317 317 317 317 317 317 317 317 317 317 317 317 317 389 389 389 389 389 389 389 389 370 370 370 370 370 370 370 370 370 370 370 370 371 371 372
320 320 320 319 319 319 319 319 319 318 318 318 318 317 317 317 317 317 317 317 317 317 317 317 317 317 317 317 317 317 317 317 317 317 317 317 317 317 317 317 317 317 317 317 317 317 317 317 317 317 317 317 317 317 317 317 317 317 317 317 317 317 317 317 317 317 317 317 317 317 317 389 389 389 389 389 389 389 370 370 370 370 370 370 370 370 370 370 370 370 370 370 370 371
320 321 321 320 320 320 319 320 320 319 319 319 318 318 318 317 317 317 317 317 317 317 317 317 317 317 317 317 317 317 317 317 317 317 317 317 317 317 317 317 317 317 317 317 317 317 317 317 317 317 317 317 317 317 317 317 317 317 317 317 317 317 317 317 317 317 317 317 317 317 317 389 389 389 389 389 389 370 370 370 370 370 370 370 370 370 370 370 370 370 370 370 370 370
321 322 321 321 321 321 320 320 321 320 320 320 319 319 319 318 318 318 317 317 317 317 317 317 317 317 317 317 317 317 317 317 317 317 317 317 317 317 317 317 317 317 317 317 317 317 317 317 317 317 317 317 317 317 317 317 317 317 317 317 317 317 317 317 317 317 317 317 317 317 317 389 389 389 389 389 370 370 370 370 370 370 370 370 370 370 370 370 370 370 370 370 370 370
322 322 322 322 322 322 321 321 321 321 321 321 320 320 320 319 319 319 318 318 317 317 317 317 317 317 317 317 317 317 317 317 317 317 317 317 317 317 317 317 317 317 317 317 317 317 317 317 317 317 317 317 317 317 317 317 317 317 317 317 317 317 317 317 317 317 317 317 317 317 389 389 389 389 389 370 370 370 370 370 370 370 370 370 370 370 370 370 370 370 370 370 370 370
323 323 322 323 323 322 322 322 322 321 321 322 321 321 321 320 320 320 319 319 317 317 317 317 317 317 317 317 317 317 317 317 317 317 317 317 317 317 317 317 317 317 317 317 317 317 317 317 317 317 317 317 317 317 317 317 317 317 317 317 317 317 317 317 317 317 317 317 317 317 389 389 389 370 370 370 370 370 370 370 370 370 370 370 370 370 370 370 370 370 370 370 370 370
324 324 323 323 324 323 323 323 323 322 322 322 321 321 322 321 321 319 319 319 318 318 318 317 317 317 317 317 317 317 317 317 317 317 317 317 317 317 317 317 317 317 317 317 317 317 317 317 317 317 317 317 317 317 317 317 317 317 317 317 317 317 317 317 317 317 317 317 317 317 389 389 370 370 370 370 370 370 370 370 370 370 370 370 370 370 370 370 370 370 370 370 370 370
325 325 324 324 325 324 324 324 323 323 323 322 322 322 321 321 321 320 320 320 319 319 318 318 318 317 317 317 317 317 317 317 317 317 317 317 317 317 317 317 317 317 317 317 317 317 317 317 317 317 317 317 317 317 317 317 317 317 317 317 317 317 317 317 317 317 317 317 317 317 389 370 370 370 370 370 370 370 370 370 370 370 370 370 370 370 370 370 370 370 370 370 370 370
326 325 325 325 325 324 325 325 324 324 324 323 323 323 322 322 322 321 321 321 320 320 319 319 319 317 317 317 317 317 317 317 317 317 317 317 317 317 317 317 317 317 317 317 317 317 317 317 317 317 317 317 317 317 317 317 317 317 317 317 317 317 317 317 317 317 317 317 317 317 370 370 370 370 370 370 370 370 370 370 370 370 370 370 370 370 370 370 370 370 370 370 370 370
326 326 326 326 326 325 325 326 325 325 325 324 324 324 323 323 323 322 322 322 321 321 320 320 319 318 318 317 317 317 317 317 317 317 317 317 317 317 317 317 317 317 317 317 317 317 317 317 317 317 317 317 317 317 317 317 317 317 317 317 317 317 317 317 317 317 317 317 317 317 370 370 370 370 370 370 370 370 370 370 370 370 370 370 370 370 370 370 370 370 370 370 370 370
327 326 327 327 326 326 326 326 326 326 326 325 325 325 324 324 324 323 323 322 322 322 321 320 319 319 319 318 318 317 317 317 317 317 317 317 317 317 317 317 317 317 317 317 317 317 317 317 317 317 317 317 317 317 317 317 317 317 317 317 317 317 317 317 317 317 317 317 317 349 370 370 370 370 370 370 370 370 370 370 370 370 370 370 370 370 370 370 370 370 370 370 370 370
328 327 328 328 327 327 327 327 326 326 327 326 326 326 325 325 325 324 324 323 323 322 321 321 320 320 320 319 319 317 317 317 317 317 317 317 317 317 317 317 317 317 317 317 317 317 317 317 317 317 317 317 317 317 317 317 317 317 317 317 317 317 317 317 317 317 317 317 317 350 350 370 370 370 370 370 370 370 370 370 370 370 370 370 370 370 370 370 370 370 370 370 370 370
329 328 328 328 328 328 328 327 327 327 326 326 326 325 325 325 324 324 324 323 323 323 322 322 321 321 320 319 319 318 318 317 317 317 317 317 317 317 317 317 317 317 317 317 317 317 317 317 317 317 317 317 317 317 317 317 317 317 317 317 317 317 317 317 317 317 317 317 317 351 350 350 370 370 370 370 370 370 370 370 370 370 370 370 370 370 370 370 370 370 370 370 370 370
329 329 329 329 328 329 329 328 328 328 327 327 327 326 326 326 325 325 325 324 324 323 323 323 322 322 320 320 319 319 319 318 317 317 317 317 317 317 317 317 317 317 317 317 317 317 317 317 317 317 317 317 317 317 317 317 317 317 317 317 317 317 317 317 317 317 317 317 317 352 351 350 349 349 370 370 370 370 370 370 370 370 370 370 370 370 370 370 370 370 370 370 370 370
330 330 330 330 329 329 330 329 329 329 328 328 328 327 327 327 326 326 326 325 325 324 324 324 323 322 321 321 320 320 319 318 317 317 317 317 317 317 317 317 317 317 317 317 317 317 317 317 317 317 317 317 317 317 317 317 317 317 317 317 317 317 317 317 317 317 317 317 317 353 352 351 350 349 349 370 370 370 370 370 370 370 370 370 370 370 370 370 370 370 370 370 370 370
330 331 331 330 330 330 330 329 330 330 329 329 329 328 328 328 327 327 326 326 326 325 325 323 323 323 322 322 321 321 319 319 318 318 317 317 317 317 317 317 317 317 317 317 317 317 317 317 317 317 317 317 317 317 317 317 317 317 317 317 317 317 317 317 317 317 317 317 317 354 353 352 351 350 349 349 349 370 370 370 370 370 370 370 370 370 370 370 370 370 370 370 370 370
331 331 332 331 331 331 331 330 330 330 330 330 330 329 329 329 328 328 327 327 327 325 325 324 324 324 323 323 322 321 320 320 319 318 317 317 317 317 317 317 317 317 317 317 317 317 317 317 317 317 317 317 317 317 317 317 317 317 317 317 317 317 317 317 317 317 317 317 317 355 354 353 352 351 350 349 349 349 370 370 370 370 370 370 370 370 370 370 370 370 370 370 370 370
332 332 332 331 332 332 331 331 331 330 330 330 329 329 329 328 328 328 327 327 327 326 326 325 325 324 324 323 322 322 321 321 320 319 318 318 317 317 317 317 317 317 317 317 317 317 317 317 317 317 317 317 317 317 317 317 317 317 317 317 317 317 317 317 317 317 317 317 356 355 355 354 353 352 351 350 349 349 349 349 370 370 370 370 370 370 370 370 370 370 370 370 370 370
333 333 333 332 332 333 332 332 332 331 331 331 330 330 330 329 329 329 328 328 327 327 327 326 326 325 324 324 323 323 322 322 320 320 319 318 317 317 317 317 317 317 317 317 317 317 317 317 317 317 317 317 317 317 317 317 317 317 317 317 317 317 317 317 317 317 317 317 357 356 355 355 354 353 352 351 350 349 349 349 349 370 370 370 370 370 370 370 370 370 370 370 370 370
333 334 334 333 333 333 332 333 333 332 332 332 331 331 331 330 330 330 329 329 328 328 328 327 326 325 325 324 324 323 322 321 321 320 320 318 318 317 317 317 317 317 317 317 317 317 317 317 317 317 317 317 317 317 317 317 317 317 317 317 317 317 317 317 317 317 317 317 358 357 356 356 355 354 353 352 351 350 349 349 349 349 349 370 370 370 370 370 370 370 370 370 370 370
334 334 334 334 334 334 333 333 333 333 333 333 332 332 332 331 331 330 330 330 329 329 327 327 327 326 326 325 325 323 323 322 322 321 320 319 319 318 317 317 317 317 317 317 317 317 317 317 317 317 317 317 317 317 317 317 317 317 317 317 317 317 317 317 317 317 317 317 359 358 357 356 356 355 354 353 352 351 350 349 349 349 349 349 349 370 370 370 370 370 370 370 370 370
335 335 334 335 335 334 334 334 334 333 333 333 332 333 332 332 332 331 330 330 329 329 328 328 328 327 327 326 325 324 324 323 323 321 321 320 320 318 317 317 317 317 317 317 317 317 317 317 317 317 317 317 317 317 317 317 317 317 317 317 317 317 317 317 317 317 317 317 360 359 358 357 356 356 355 354 353 352 351 350 349 349 349 349 349 349 370 370 370 370 370 370 370 370
336 336 335 335 335 335 335 335 334 334 334 333 333 333 332 332 332 331 331 331 330 330 329 329 328 328 327 326 326 325 325 324 323 322 322 321 319 319 318 317 317 317 317 317 317 317 317 317 317 317 317 317 317 317 317 317 317 317 317 317 317 317 317 317 317 317 317 317 361 360 359 358 357 356 356 355 354 353 352 351 350 349 349 349 349 349 349 349 370 370 370 370 370 370
337 337 336 336 336 335 335 336 335 335 335 334 334 334 333 333 333 332 332 331 331 331 330 330 328 328 328 327 327 326 326 324 324 323 323 321 320 320 319 318 317 317 317 317 317 317 317 317 317 317 317 317 317 317 317 317 317 317 317 317 317 317 317 317 317 317 317 317 361 361 360 359 358 357 356 355 355 354 353 352 351 349 349 349 349 349 349 349 349 349 370 370 370 370
337 337 337 337 337 336 336 336 335 336 336 335 335 335 334 334 334 333 333 332 332 332 330 330 329 329 328 328 327 326 326 325 324 324 322 322 321 321 319 318 318 317 317 317 317 317 317 317 317 317 317 317 317 317 317 317 317 317 317 317 317 317 317 317 317 317 317 317 362 362 361 360 359 358 357 356 355 354 353 352 351 350 349 349 349 349 349 349 349 349 349 349 370 370
338 337 337 338 337 337 337 337 336 336 336 335 335 335 335 335 334 333 333 332 332 331 331 331 330 330 329 329 327 327 326 326 325 324 323 323 322 321 320 319 318 318 318 317 317 317 317 317 317 317 317 317 317 317 317 317 317 317 317 317 317 317 317 317 317 317 317 364 363 362 362 361 360 359 358 357 356 355 354 353 352 351 350 349 349 349 349 349 349 349 349 349 349 370
339 338 338 338 337 338 338 337 337 337 336 336 336 335 335 335 334 334 334 333 333 332 332 332 331 331 329 329 328 328 327 327 325 325 324 324 322 321 321 319 319 319 318 318 318 317 317 317 317 317 317 317 317 317 317 317 317 317 317 317 317 317 317 317 317 317 317 365 364 363 362 362 361 360 359 358 357 356 355 354 353 352 351 350 349 349 349 349 349 349 349 349 349 349
340 339 339 339 338 338 338 338 338 338 337 337 337 336 336 336 335 335 334 334 334 333 333 332 331 331 330 330 329 329 328 327 326 326 325 323 323 322 322 320 320 320 319 319 318 317 317 317 317 317 317 317 317 317 317 317 317 317 317 317 317 317 317 317 317 317 317 366 365 364 363 362 362 361 360 359 358 357 356 355 354 353 352 351 350 349 349 349 349 349 349 349 349 349
339 339 340 340 339 339 339 338 338 338 338 338 338 337 337 337 336 336 335 335 335 333 333 332 332 331 331 331 330 329 328 328 327 327 325 324 324 323 322 321 321 320 320 320 317 317 317 317 317 317 317 317 317 317 317 317 317 317 317 317 317 317 317 317 317 317 317 366 366 365 364 363 362 362 361 360 359 358 357 356 355 354 353 352 351 350 349 349 349 349 349 349 349 349
340 340 340 340 340 340 340 339 339 339 338 338 338 337 337 336 336 336 335 335 335 334 334 333 333 332 332 330 330 329 329 328 328 326 326 325 325 323 322 322 321 321 317 317 317 317 317 317 317 317 317 317 317 317 317 317 317 317 317 317 317 317 317 317 317 317 317 367 366 366 365 364 363 362 361 361 360 359 358 357 356 355 354 353 352 351 349 349 349 349 349 349 349 349
341 341 341 340 340 340 340 340 340 339 339 339 338 338 338 337 337 337 336 336 335 335 335 334 334 332 332 331 331 330 330 328 328 327 327 326 325 324 323 322 322 317 317 317 317 317 317 317 317 317 317 317 317 317 317 317 317 317 317 317 317 317 317 317 317 317 317 368 367 366 366 365 364 363 362 361 361 360 359 358 357 356 355 354 353 351 350 349 349 349 349 349 349 349
341 342 342 341 341 341 340 340 341 340 340 340 339 339 339 338 338 338 337 337 336 336 335 334 334 333 333 332 332 331 330 329 329 328 328 326 325 325 323 317 317 317 317 317 317 317 317 317 317 317 317 317 317 317 317 317 317 317 317 317 317 317 317 317 317 317 317 369 368 367 366 366 365 364 363 362 361 360 360 359 358 357 356 354 353 352 351 350 349 349 349 349 349 349
342 342 342 342 342 342 341 341 341 340 340 340 339 339 340 339 339 337 337 337 336 336 335 335 335 334 334 333 332 331 331 330 330 328 327 327 326 317 317 317 317 317 317 317 317 317 317 317 317 317 317 317 317 317 317 317 317 317 317 317 317 317 317 317 317 317 317 370 369 368 367 366 366 365 364 363 362 361 360 359 358 357 356 355 354 353 352 351 350 349 349 349 349 349
343 343 342 342 342 343 342 342 342 341 341 341 340 340 339 339 339 338 338 338 337 337 336 336 335 335 334 333 333 332 332 331 329 329 328 328 317 317 317 317 317 317 317 317 317 317 317 317 317 317 317 317 317 317 317 317 317 317 317 317 317 317 317 317 317 317 371 370 370 369 368 367 366 366 365 364 363 362 361 360 359 358 357 356 355 354 353 352 351 349 349 349 349 349
343 344 343 343 343 342 342 343 342 342 342 341 341 341 340 340 340 339 339 338 338 338 337 337 335 335 334 334 333 333 331 331 330 330 317 317 317 317 317 317 317 317 317 317 317 317 317 317 317 317 317 317 317 317 317 317 317 317 317 317 317 317 317 317 317 317 372 371 370 370 369 368 367 366 366 365 364 363 362 361 360 359 358 357 356 355 354 353 352 350 349 349 349 349
344 344 344 344 344 343 343 343 342 342 342 341 342 342 341 341 341 340 340 338 338 338 337 337 336 336 335 335 334 333 332 332 331 317 317 317 317 317 317 317 317 317 317 317 317 317 317 317 317 317 317 317 317 317 317 317 317 317 317 317 317 317 317 317 317 317 373 372 371 370 370 369 368 367 366 365 365 364 363 362 361 360 359 358 357 356 355 354 352 351 350 349 349 349
345 345 344 344 345 344 344 344 343 343 343 342 342 342 341 341 340 340 340 339 339 338 338 338 337 337 336 335 334 334 333 317 317 317 317 317 317 317 317 317 317 317 317 317 317 317 317 317 317 317 317 317 317 317 317 317 317 317 317 317 317 317 317 317 317 317 373 373 372 371 370 370 369 368 367 366 365 365 364 363 362 361 360 359 358 357 356 354 353 352 351 350 349 349
346 345 345 345 345 344 344 345 344 344 344 343 343 342 342 342 341 341 341 340 340 339 339 338 337 337 336 336 335 317 317 317 317 317 317 317 317 317 317 317 317 317 317 317 317 317 317 317 317 317 317 317 317 317 317 317 317 317 317 317 317 317 317 317 317 317 374 373 373 372 371 370 370 369 368 367 366 365 364 363 363 362 361 360 359 357 356 355 354 353 352 351 349 349
346 345 346 346 345 345 345 344 344 344 344 344 344 343 343 343 342 342 341 341 340 339 339 338 338 337 337 336 317 317 317 317 317 317 317 317 317 317 317 317 317 317 317 317 317 317 317 317 317 317 317 317 317 317 317 317 317 317 317 317 317 317 317 317 317 317 375 374 373 373 372 371 370 370 369 368 367 366 365 364 363 362 361 360 359 358 357 356 355 354 353 351 350 349
347 346 346 346 346 346 346 345 345 345 344 344 344 343 343 343 342 342 341 341 341 340 340 339 339 338 319 317 317 317 317 317 317 317 317 317 317 317 317 317 317 317 317 317 317 317 317 317 317 317 317 317 317 317 317 317 317 317 317 317 317 317 317 317 317 317 376 375 374 373 373 372 371 370 369 369 368 367 366 365 364 363 362 361 360 359 358 357 356 355 354 352 351 350
347 347 347 347 346 346 346 346 346 346 345 345 345 344 344 343 343 343 342 342 341 341 341 340 320 319 319 318 318 317 317 317 317 317 317 317 317 317 317 317 317 317 317 317 317 317 317 317 317 317 317 317 317 317 317 317 317 317 317 317 317 317 317 317 317 317 376 376 375 374 373 373 372 371 370 369 369 368 367 366 365 364 363 362 361 360 359 358 357 356 354 353 352 351
347 347 348 347 347 347 347 346 346 346 345 346 345 345 345 344 344 344 343 343 341 341 321 321 321 320 320 319 319 317 317 317 317 317 317 317 317 317 317 317 317 317 317 317 317 317 317 317 317 317 317 317 317 317 317 317 317 317 317 317 317 317 317 317 317 378 377 376 376 375 374 373 373 372 371 370 369 368 368 367 366 365 364 363 362 361 360 359 357 356 355 354 353 352
