testData/tiles/oneDegreeCosts/grid9.0-41.0-10.0-42.0.asc
ncols   200
nrows   200
xllcorner   9.0
yllcorner   41.0
cellsize   0.005
NODATA_value   -9999.0
[rows 42 to 83 of 200, columns 94 to 187 of 200]
464 467 471 474 477 480 484 487 490 493 496 499 502 505 508 510 513 516 519 522 524 527 530 532 535 537 539 541 544 546 548 550 551 553 555 557 558 559 560 561 563 522 523 523 524 524 524 525 524 524 524 523 523 523 522 521 520 520 518 517 516 515 513 513 511 510 508 506 505 503 501 500 498 496 494 492 491 488 486 484 482 523 521 519 517 514 512 510 507 504 502 499 497 495
466 470 473 476 479 483 486 488 491 494 498 501 504 507 510 513 516 519 522 525 527 530 532 535 537 540 542 545 547 549 550 553 555 557 558 560 561 562 564 565 566 525 526 527 528 527 528 528 527 528 528 527 526 526 525 525 523 523 521 521 519 518 516 516 514 513 511 509 508 506 504 503 501 498 496 494 493 491 488 486 528 526 523 521 519 516 514 512 509 506 504 501 499 497
468 471 474 478 481 484 487 490 494 497 500 503 506 509 512 516 519 522 523 526 529 532 535 538 540 543 545 548 549 552 554 556 558 560 562 563 564 566 567 569 569 529 530 531 530 531 531 532 531 531 531 530 530 529 528 528 526 526 524 524 522 521 519 518 516 516 514 512 510 508 506 505 503 501 499 497 495 493 491 533 530 528 526 523 521 519 516 514 512 509 506 503 501 499
470 473 476 480 483 486 490 493 496 499 502 505 508 511 514 517 520 523 526 529 532 535 538 540 543 545 547 550 552 555 557 559 561 562 564 566 568 569 571 571 572 532 533 533 534 534 535 534 534 534 533 533 533 532 531 531 529 529 527 526 525 524 522 521 519 518 516 514 513 511 509 508 505 503 501 500 498 495 537 535 532 530 528 525 523 521 518 516 514 511 508 505 503 501
471 474 478 481 484 488 491 494 497 501 504 507 510 513 517 520 523 526 529 532 535 538 540 542 545 548 550 553 556 558 560 562 564 566 568 570 571 573 573 575 576 536 537 537 537 538 538 538 538 538 537 537 536 535 535 534 532 532 530 529 528 527 525 524 522 521 519 518 516 513 512 510 508 506 504 502 500 498 539 537 535 532 530 528 525 523 520 518 516 513 511 507 505 502
473 476 480 483 486 490 493 496 500 503 506 509 513 516 519 521 524 527 530 534 537 539 542 545 548 551 554 556 559 560 563 565 567 569 571 573 574 576 577 578 580 540 540 540 541 542 541 541 541 541 540 540 540 538 538 536 536 535 533 532 530 529 528 527 524 523 521 520 518 516 515 512 510 508 507 504 502 544 541 539 538 535 533 531 528 525 522 520 518 515 513 509 507 504
474 477 481 484 488 491 494 498 501 504 507 511 514 517 520 524 527 530 533 536 539 542 545 548 551 553 555 558 561 563 566 568 570 573 574 576 577 579 581 582 583 542 543 544 545 544 544 545 545 544 543 543 542 541 541 539 538 538 536 535 533 532 530 529 527 526 524 523 520 518 517 515 512 511 509 507 548 546 544 542 540 537 535 533 530 528 524 522 519 517 515 512 509 506
476 479 483 486 490 493 496 500 503 506 510 513 516 520 523 526 529 532 536 538 541 544 547 550 553 556 558 561 564 566 569 571 573 575 577 579 581 583 584 585 586 546 547 548 547 548 548 548 548 547 547 546 545 544 544 542 541 541 539 538 536 535 533 532 530 528 526 525 523 521 519 517 515 513 511 553 550 548 547 544 542 539 537 535 532 530 527 524 521 519 516 514 510 508
477 480 484 487 491 494 497 501 504 508 511 514 518 521 524 527 531 534 537 540 543 546 549 553 555 558 561 564 567 569 571 574 576 578 580 582 584 586 587 588 589 549 550 550 551 551 551 551 550 550 550 550 548 548 547 545 544 543 541 541 538 537 535 534 532 531 529 527 525 523 522 519 517 516 557 555 552 551 549 546 544 541 539 536 534 532 529 527 523 521 518 516 512 510
479 482 486 489 493 496 499 503 506 510 513 516 520 523 526 530 533 536 539 543 546 549 552 554 557 560 563 566 569 572 574 577 579 582 584 585 587 589 590 592 593 553 553 554 554 555 555 554 554 554 553 552 551 551 550 548 547 545 544 543 541 540 538 537 534 533 531 530 527 526 524 521 520 562 559 557 554 553 551 548 546 543 541 538 536 533 531 528 525 522 520 517 515 511
480 483 487 490 493 497 500 504 507 511 514 517 521 524 528 531 534 537 541 544 547 550 554 557 560 563 566 569 572 574 577 580 581 584 586 588 590 592 594 595 597 556 557 557 558 558 557 557 557 557 556 555 554 553 552 551 550 548 547 546 544 542 540 539 537 535 533 532 530 528 526 523 566 564 561 559 557 555 552 550 548 545 543 540 538 535 533 530 528 524 522 519 517 513
481 485 488 492 495 499 502 506 509 513 516 519 523 526 530 533 536 540 543 546 550 553 556 559 562 565 569 571 573 576 579 582 584 587 589 592 594 596 597 598 599 559 560 561 561 561 561 561 560 560 558 558 557 556 554 554 553 550 549 548 546 545 543 541 539 538 535 534 532 530 528 569 568 566 563 562 559 557 554 552 549 547 544 542 539 537 534 532 529 527 523 521 518 515
482 486 489 493 496 500 503 506 510 513 517 520 524 527 531 534 537 541 544 547 551 554 557 561 564 567 570 573 576 579 582 585 588 590 593 594 596 598 600 601 603 563 564 564 564 564 564 564 564 562 562 561 560 558 557 556 555 553 552 551 548 547 545 543 541 540 537 536 534 532 574 571 570 567 565 563 561 559 556 554 551 549 546 544 541 538 536 533 531 528 525 522 520 516
483 486 491 494 498 501 505 508 512 515 519 522 526 529 533 536 539 543 546 550 553 556 560 563 566 569 573 576 579 582 584 587 589 592 595 597 599 601 603 605 606 566 566 567 567 567 567 567 566 565 564 564 563 561 560 559 557 555 554 552 551 549 547 546 543 542 539 538 536 534 576 574 572 569 567 565 563 560 558 555 553 551 549 546 543 540 538 535 532 530 526 524 521 519
484 488 491 495 498 502 505 509 512 516 519 523 526 530 533 537 540 544 547 551 554 557 561 564 567 571 574 577 580 583 587 589 592 595 598 600 603 605 607 608 609 569 570 571 571 571 571 569 569 568 567 566 565 563 562 561 559 558 556 554 553 551 549 548 545 544 541 540 537 580 577 576 573 571 569 567 564 562 559 557 555 553 550 548 545 542 539 537 534 531 529 525 523 520
485 488 492 495 499 503 507 511 514 518 521 525 528 532 535 539 542 546 549 553 556 559 563 566 570 573 576 580 583 586 589 592 595 598 600 602 605 607 609 611 613 573 574 574 574 573 573 572 572 571 570 568 567 566 565 563 561 560 559 556 555 553 551 550 547 546 543 542 583 582 579 578 575 573 571 569 566 564 561 559 557 554 552 549 547 544 541 538 535 533 530 527 524 522
486 490 493 497 500 504 508 511 515 518 522 525 529 532 536 539 543 546 550 553 557 560 564 567 571 574 577 581 584 587 591 594 597 600 603 606 608 611 613 615 616 576 576 577 577 577 576 576 575 574 572 571 570 568 567 565 563 562 560 558 557 554 553 551 549 547 545 587 585 583 581 579 577 574 573 570 568 565 563 561 558 556 553 551 548 546 543 539 537 534 532 528 526 523
487 490 494 497 501 505 508 512 515 519 523 527 530 534 538 541 545 548 552 555 559 562 566 569 573 576 579 583 586 590 593 596 599 602 606 608 611 614 615 617 619 579 580 580 580 580 579 578 577 575 574 573 572 571 568 567 565 564 562 560 559 556 555 553 551 549 591 589 587 585 582 581 578 576 574 572 569 568 565 562 560 557 555 552 550 547 544 542 538 536 533 529 527 524
487 491 495 499 502 506 509 513 517 520 524 527 531 534 538 542 545 549 552 556 559 563 566 570 573 577 580 584 587 591 594 597 601 604 607 610 613 616 618 620 622 582 583 583 583 583 581 580 579 578 577 575 574 572 570 569 567 565 563 562 560 558 556 555 552 551 592 591 588 586 584 582 580 578 576 573 570 569 566 564 561 559 556 553 551 548 546 543 539 537 534 532 528 526
488 492 495 499 503 506 510 513 517 521 524 528 531 535 539 543 547 550 554 557 561 564 568 572 575 579 582 586 589 593 596 599 603 606 610 613 616 619 621 624 626 585 586 586 585 585 584 583 582 580 579 576 575 574 572 571 568 567 565 564 561 559 558 556 554 596 594 592 589 588 585 584 581 580 577 574 573 570 568 565 562 560 557 555 552 550 547 544 542 538 536 533 529 527
489 492 496 499 503 506 510 515 518 522 525 529 533 536 540 543 547 551 554 558 561 565 568 572 576 579 583 586 590 593 597 600 604 607 611 614 617 620 623 626 628 589 589 589 588 587 586 585 584 581 580 578 577 575 574 571 570 568 567 565 562 561 559 557 599 598 595 593 591 589 587 585 582 581 578 576 574 571 569 566 564 561 559 556 553 551 548 546 543 539 537 534 531 528
489 493 497 500 504 508 511 515 518 522 526 529 533 536 540 544 547 551 555 559 563 566 570 573 577 581 584 588 591 595 598 602 606 609 613 616 619 623 626 629 632 592 593 592 591 589 587 586 585 583 582 580 578 577 574 573 571 570 568 565 564 562 561 602 600 599 596 595 592 590 588 586 584 582 579 577 575 573 570 567 565 562 560 557 554 552 549 547 544 540 538 535 532 529
490 493 497 501 504 508 511 515 519 522 526 530 534 538 541 545 548 552 556 559 563 566 570 574 577 581 584 588 592 595 599 602 606 610 613 617 620 624 627 631 634 595 595 594 592 591 589 588 586 585 583 581 579 577 576 574 572 571 568 567 565 563 561 603 602 600 597 596 593 592 589 587 585 583 581 578 576 574 571 569 567 564 562 559 557 553 550 548 545 542 539 536 533 530
490 493 497 501 504 508 512 516 520 523 527 530 534 538 541 545 548 552 556 559 563 566 570 575 578 582 585 589 593 596 600 603 607 611 614 618 621 625 629 632 636 599 597 595 594 592 590 589 587 585 583 581 580 578 577 575 573 571 569 568 566 564 606 604 603 600 598 597 594 593 590 588 586 584 582 580 577 575 572 571 568 565 563 560 558 555 551 549 546 544 540 537 534 531
490 493 498 502 505 509 512 516 520 523 527 530 534 538 541 545 549 553 557 560 564 567 571 575 578 582 585 589 593 596 600 603 607 611 614 618 621 625 628 632 635 596 596 595 593 592 590 589 587 586 584 582 581 579 578 575 573 572 570 569 567 608 607 605 604 601 599 598 595 594 591 589 587 585 583 581 578 576 573 572 569 566 564 561 559 556 552 550 547 545 541 538 535 532
491 494 498 501 505 509 512 516 519 523 527 531 535 538 542 546 549 553 556 560 564 567 571 574 578 582 585 590 593 597 600 604 608 611 615 618 621 625 628 631 634 594 595 594 593 592 590 589 588 586 585 583 580 579 577 576 574 573 571 569 611 609 608 606 604 602 600 599 596 594 592 590 588 586 583 582 579 577 575 572 570 567 565 562 559 557 554 551 548 545 542 539 536 533
491 494 498 501 505 508 512 517 520 524 527 531 535 538 542 545 549 553 556 560 564 568 571 575 579 582 586 589 593 596 600 603 607 610 614 617 620 623 626 629 631 592 592 592 591 590 589 588 587 585 584 582 581 579 578 576 575 573 571 569 611 610 608 607 604 603 601 598 597 595 593 591 588 587 584 583 580 577 576 573 571 568 566 563 560 558 555 552 549 546 543 540 537 534
490 494 497 501 506 509 513 516 520 524 527 531 534 538 541 545 550 553 557 560 564 567 571 575 578 582 585 589 592 596 599 603 607 610 614 617 620 623 625 628 630 590 591 591 590 590 589 588 587 585 584 582 581 580 578 577 574 573 571 614 612 610 609 606 605 603 602 599 597 596 593 592 589 588 585 583 581 578 577 574 571 569 566 564 561 559 556 552 550 547 544 541 537 535
490 495 498 502 505 509 512 516 520 523 527 530 535 538 542 546 549 553 556 560 563 567 570 574 577 582 585 589 592 596 599 602 606 609 612 615 618 621 623 625 627 587 588 588 588 588 587 586 585 584 583 581 580 579 577 576 574 573 615 614 612 611 608 607 605 604 602 600 598 596 594 592 590 588 586 584 581 580 577 575 572 570 567 564 562 559 557 554 550 548 544 542 538 536
491 494 498 501 505 509 512 516 519 524 527 531 534 538 542 545 549 552 556 559 563 567 571 574 578 581 584 588 591 595 598 601 604 607 611 613 617 620 622 624 626 586 587 587 587 587 586 585 585 583 582 581 580 579 577 576 574 573 616 613 612 610 609 607 606 604 602 600 599 597 594 593 590 589 586 585 582 581 578 575 573 570 568 565 563 560 557 555 551 549 545 542 539 536
490 494 497 501 504 508 512 516 520 523 527 530 534 537 541 544 548 551 556 559 563 566 570 573 577 580 583 587 590 593 598 601 604 607 610 613 615 618 620 622 623 583 584 585 585 585 584 584 583 582 581 580 579 577 576 575 574 616 615 613 612 610 609 607 606 603 602 600 599 596 595 593 591 589 587 585 583 581 578 576 573 572 569 567 563 561 558 555 552 549 546 543 540 537
490 493 497 500 504 509 512 516 519 523 526 530 533 537 540 545 548 552 555 559 562 565 569 572 576 579 583 587 590 593 596 599 602 605 608 610 613 615 617 619 622 582 583 583 583 583 583 582 582 581 580 579 578 577 576 575 617 616 615 613 612 610 608 607 605 604 602 601 599 597 595 594 591 590 587 586 583 582 579 576 575 572 570 567 565 561 559 556 552 550 546 544 540 538
489 493 496 501 504 508 511 515 518 522 525 529 533 537 540 544 547 551 554 558 561 564 568 572 575 579 582 585 588 591 595 597 600 603 606 609 612 614 616 618 619 579 580 581 581 581 581 580 580 579 578 577 577 575 575 575 616 615 613 612 611 609 608 607 605 604 602 601 598 597 595 594 591 590 587 586 583 582 579 577 575 573 570 568 565 562 559 557 553 550 547 544 541 538
489 493 497 500 504 507 511 514 518 521 526 529 533 536 540 543 546 550 553 557 561 564 568 571 574 577 581 584 587 590 593 597 599 602 605 607 609 611 613 615 616 576 577 578 578 579 579 579 579 578 577 577 576 575 575 617 616 614 613 612 611 609 608 607 605 604 601 600 599 597 596 593 592 590 588 586 584 582 580 578 576 573 571 568 566 563 560 557 553 551 547 545 541 538
489 493 496 500 503 507 510 513 517 521 525 528 532 535 539 542 545 549 553 556 560 563 566 570 573 576 579 582 586 589 592 595 598 600 603 605 607 609 611 612 615 575 576 576 577 577 577 577 577 576 576 575 574 573 616 615 614 613 612 611 609 608 607 605 604 603 601 600 599 597 595 593 592 590 588 586 584 583 580 579 576 574 571 569 566 563 560 557 554 551 548 545 542 538
488 492 495 499 502 506 509 514 517 521 524 527 531 534 538 541 545 549 552 555 559 562 565 568 571 574 579 582 584 587 590 593 595 598 600 603 606 608 609 611 612 572 573 574 574 575 575 575 574 575 574 574 573 573 615 615 614 612 611 610 609 608 607 605 604 603 601 600 599 596 595 593 592 591 588 587 584 583 580 579 576 574 571 569 566 564 560 558 554 552 548 546 542 539
488 491 495 498 501 505 509 513 516 520 523 526 530 533 537 541 544 547 551 554 557 560 564 567 571 574 577 580 583 585 588 591 593 596 599 601 603 605 607 608 569 570 571 571 572 573 573 573 573 573 572 572 572 614 614 613 612 611 610 609 608 606 605 604 603 601 600 599 598 596 595 593 592 590 588 587 584 583 580 579 577 574 572 569 567 564 561 558 555 552 549 545 543 539
487 490 494 497 502 505 508 512 515 519 522 525 529 533 536 540 543 546 549 553 556 559 563 566 569 572 575 578 581 584 586 589 592 595 597 599 601 603 604 606 566 567 569 570 570 571 571 571 571 571 570 570 613 613 613 612 611 610 609 608 607 606 605 604 602 601 600 599 597 596 595 593 591 590 588 587 584 583 581 579 577 574 572 569 567 564 561 558 555 552 549 545 542 539
486 489 493 497 501 504 507 511 514 518 521 524 529 532 535 538 542 545 548 551 554 558 561 565 567 570 573 576 579 582 585 588 590 592 594 596 598 600 602 603 564 565 566 567 568 568 568 568 568 568 569 569 612 612 611 610 609 608 607 607 605 604 603 602 601 600 599 597 596 595 594 592 591 590 588 587 584 583 581 579 577 574 573 569 567 565 561 559 555 553 549 546 542 539
485 488 493 496 500 503 506 510 513 516 520 524 527 531 534 537 540 543 547 550 554 557 560 563 566 569 571 574 577 580 583 585 588 590 592 594 596 598 600 602 562 563 564 565 565 566 566 567 567 567 567 610 610 609 609 608 607 607 606 606 605 604 603 602 601 599 598 597 596 595 593 592 591 589 588 586 584 583 581 579 577 575 573 571 567 565 561 559 555 552 549 546 542 539
484 487 492 495 499 502 505 509 512 515 519 523 526 529 532 536 539 542 545 549 552 555 558 561 564 567 569 573 576 578 581 583 585 588 590 592 594 596 598 599 559 560 561 562 563 563 564 565 565 565 565 608 608 607 607 607 606 606 605 604 603 602 601 600 599 598 597 596 594 593 592 591 589 588 587 586 584 583 581 579 577 575 573 571 567 565 561 559 555 552 549 545 542 538
483 487 491 494 497 501 504 507 511 515 518 521 525 528 531 534 537 540 544 548 551 553 556 559 562 565 569 571 574 576 579 581 583 585 587 590 592 594 595 596 557 558 559 559 561 562 562 562 562 562 606 606 606 606 606 605 605 604 603 602 601 600 600 599 598 597 596 595 594 593 592 590 589 588 587 585 584 583 580 579 577 575 573 571 567 565 561 559 556 552 549 545 542 538
