testData/tiles/oneDegreeCosts/grid18.0-20.0-19.0-21.0.asc
ncols   200
nrows   200
xllcorner   18.0
yllcorner   20.0
cellsize   0.005
NODATA_value   -9999.0
[rows 0 to 41 of 200, columns 0 to 93 of 200]
369 369 368 368 367 367 366 366 366 366 365 365 365 365 364 364 363 362 362 362 362 360 360 360 359 359 358 357 357 357 357 355 355 355 354 354 352 352 352 351 350 350 349 349 348 347 347 346 379 378 377 377 376 375 375 374 374 372 372 371 370 370 369 369 367 367 366 366 364 364 363 361 360 359 358 357 357 356 355 354 353 352 351 350 349 348 346 345 344 343 342 341 340 338
367 367 366 366 366 365 364 364 364 364 363 362 362 362 362 362 361 360 360 360 360 359 358 358 357 357 357 355 355 355 354 354 353 352 352 352 350 350 350 349 349 348 347 347 347 345 330 329 329 328 375 375 374 373 373 372 372 370 370 369 369 367 367 366 366 365 364 363 361 360 360 359 358 357 357 355 355 354 352 352 351 350 349 347 347 345 344 344 342 341 340 339 338 336
364 364 364 364 364 364 362 362 362 362 361 361 360 359 359 359 359 357 357 357 356 357 356 356 355 355 355 353 353 353 352 352 351 350 350 350 349 348 348 347 347 346 345 345 329 329 328 327 327 326 325 325 324 372 370 370 370 369 368 367 366 365 364 363 363 361 361 360 360 358 358 357 356 355 355 354 353 352 351 349 348 348 346 345 345 343 342 342 340 339 338 336 335 334
363 361 361 361 361 360 360 359 360 359 359 359 358 357 357 357 357 356 355 355 354 354 354 352 352 352 352 351 350 350 349 349 349 347 347 347 346 345 345 344 344 343 327 327 326 326 325 324 324 323 322 322 321 321 319 319 366 366 365 364 364 363 362 361 361 360 359 358 358 356 356 355 355 352 352 351 349 349 348 347 346 345 345 343 342 342 340 338 338 336 335 334 333 332
361 360 359 359 359 358 358 358 357 356 356 356 356 354 354 354 353 354 354 353 352 352 352 351 350 350 349 349 349 348 347 347 347 346 345 345 344 344 342 327 327 326 326 325 324 324 323 322 322 321 321 319 319 319 318 317 316 316 315 362 362 361 361 359 358 357 356 355 355 354 353 352 352 350 349 349 348 347 346 346 344 342 342 340 339 339 337 336 336 334 333 332 329 329
358 357 356 356 356 355 355 355 354 354 354 354 353 353 352 352 351 351 351 350 349 349 349 348 347 347 346 346 346 344 344 344 343 343 342 341 341 326 325 324 324 323 323 322 321 321 320 319 319 318 318 317 316 316 315 315 313 313 312 311 310 358 358 356 356 355 355 353 353 352 351 350 348 348 346 346 345 344 343 342 341 340 340 339 337 336 335 333 332 332 330 329 328 326
355 354 354 353 353 353 353 353 352 351 351 351 350 350 350 349 348 348 348 347 346 346 346 345 345 344 344 344 344 343 342 342 341 341 341 324 324 324 323 322 322 321 321 320 319 319 318 318 317 316 316 315 314 313 313 312 310 310 309 309 307 307 306 306 352 352 352 350 349 349 348 347 346 346 344 344 342 342 340 339 339 337 336 336 334 333 333 331 329 328 327 326 325 323
351 351 351 351 350 350 350 350 349 349 348 348 347 347 347 346 345 345 345 344 344 344 343 343 343 343 341 341 341 340 340 339 338 323 323 321 321 321 320 320 318 318 318 317 316 316 315 315 314 313 313 312 312 310 310 310 309 308 307 307 305 304 303 303 301 301 300 348 346 346 345 344 343 343 342 341 340 338 337 336 336 334 333 333 332 330 330 329 327 325 325 323 322 320
348 348 348 348 348 347 347 347 346 346 345 345 344 344 344 343 342 342 342 341 341 341 340 340 340 339 338 338 338 337 322 321 320 320 320 319 318 317 317 317 316 315 315 314 314 313 312 312 311 310 310 309 309 307 307 306 306 305 304 304 302 301 300 300 299 298 297 297 295 295 342 342 340 340 339 337 337 335 335 333 332 332 330 329 329 327 326 326 323 322 321 320 319 318
345 345 345 345 344 343 343 344 343 343 343 341 341 341 341 340 340 339 338 338 338 338 336 336 336 335 336 335 319 319 319 318 317 317 316 316 316 314 314 314 313 312 312 311 311 310 309 309 308 308 306 306 306 305 304 302 302 301 300 300 299 299 297 297 296 295 294 294 293 292 291 291 289 288 335 334 333 332 332 330 329 329 327 326 326 325 322 322 321 319 318 317 316 315
342 342 342 341 341 341 340 339 339 339 339 338 338 338 338 337 337 336 335 335 335 335 334 333 333 317 317 317 315 315 315 314 314 313 312 312 312 310 310 310 309 309 307 307 307 306 305 305 304 304 302 302 302 301 300 299 299 298 297 296 296 296 294 294 293 293 291 291 290 288 287 286 286 284 284 283 282 329 328 328 326 325 324 322 322 321 319 318 318 316 315 313 311 311
339 338 338 337 337 337 337 336 336 336 336 335 335 334 333 333 333 333 331 331 331 330 330 315 315 314 314 314 312 312 312 311 311 310 309 309 309 308 307 306 306 306 304 304 304 303 303 301 301 301 300 299 298 298 298 296 296 295 294 292 292 291 291 289 289 288 287 286 286 285 284 283 283 281 280 279 278 277 276 276 322 321 321 319 318 317 315 314 313 313 311 310 308 306
335 335 334 333 333 334 334 333 332 332 331 331 331 330 329 329 329 329 328 328 328 312 312 312 310 310 310 309 309 308 308 307 307 307 305 305 304 304 303 302 302 302 301 300 300 299 299 297 297 297 296 295 294 294 293 293 292 291 291 289 289 288 287 285 285 284 284 282 282 281 280 279 279 278 277 276 274 273 272 272 271 269 269 268 314 314 312 310 309 309 307 306 305 303
331 331 329 329 329 329 329 329 328 328 327 327 327 327 325 325 325 324 309 308 309 308 308 308 307 306 306 305 305 305 303 303 303 302 301 301 300 300 300 298 298 298 297 296 295 295 295 294 293 292 292 292 290 290 289 289 287 287 287 286 285 283 283 282 281 280 280 278 278 277 277 275 275 274 272 271 270 270 268 267 267 265 264 264 261 260 260 306 305 304 303 302 300 298
328 328 327 326 326 326 325 325 325 324 323 323 323 322 322 321 306 305 305 305 303 303 303 303 302 301 301 300 300 301 299 299 299 298 298 297 296 296 296 295 294 293 293 293 291 291 291 290 289 288 288 288 286 285 284 284 283 282 281 281 280 279 279 278 277 276 276 275 274 273 273 271 270 270 269 268 267 266 265 264 264 263 261 261 260 258 257 257 255 254 253 300 299 298
328 328 327 327 326 326 325 325 325 325 323 323 323 307 307 306 306 305 305 305 304 303 303 302 302 302 301 300 300 300 299 298 298 297 297 297 295 295 294 294 293 292 292 292 291 290 289 289 289 287 287 286 286 285 284 284 283 282 281 281 280 279 278 278 277 276 275 275 273 273 272 272 270 270 269 268 267 266 266 264 263 263 261 260 260 258 257 257 255 254 253 251 251 250
328 327 327 327 326 325 325 325 325 324 308 308 308 307 307 307 305 305 305 305 304 303 303 302 302 302 300 300 300 299 299 298 297 297 297 296 295 295 294 294 294 292 292 292 291 290 289 289 289 287 287 286 286 285 284 284 283 283 281 281 280 279 278 278 277 276 275 275 274 273 272 272 270 270 269 268 267 266 266 264 263 263 262 260 260 259 257 256 256 254 253 252 250 250
328 327 327 327 327 325 325 325 310 309 309 308 308 307 307 307 306 305 305 305 304 304 303 302 302 302 301 300 300 299 299 299 297 297 297 296 296 295 294 294 294 292 292 291 291 291 289 289 288 288 287 286 286 285 284 283 283 283 281 281 280 280 278 278 277 277 275 275 274 273 272 272 271 269 269 268 267 266 265 265 263 263 262 260 259 259 257 256 256 254 253 252 250 249
328 327 327 327 327 311 310 310 310 309 309 309 307 307 307 307 306 305 305 304 304 304 303 302 302 302 301 301 300 299 299 299 298 297 297 296 296 295 294 294 293 293 292 291 291 291 289 289 288 288 287 286 286 285 285 283 283 282 282 281 280 280 278 278 277 277 275 275 274 274 272 271 271 269 269 268 268 266 265 265 263 262 262 260 259 259 258 256 255 255 253 252 251 249
327 327 312 312 311 311 310 310 309 309 309 309 307 307 307 306 306 306 305 304 304 304 303 302 302 301 301 301 300 299 299 299 298 297 296 296 296 295 294 294 293 293 292 291 291 290 290 289 288 288 287 286 286 285 285 283 283 282 282 280 280 279 279 278 277 277 276 274 274 273 272 271 271 270 269 268 267 266 265 265 264 262 262 261 259 258 258 256 255 254 253 252 251 249
313 312 312 312 311 311 311 310 309 309 309 309 308 307 307 306 306 306 305 304 304 304 303 303 302 301 301 301 300 299 299 298 298 298 296 296 296 295 294 294 293 293 292 291 291 290 290 289 288 288 287 287 285 285 285 284 283 282 282 281 280 279 279 277 277 276 276 274 274 273 273 271 271 270 268 268 267 267 265 264 264 262 261 261 259 258 258 256 255 254 252 252 251 249
247 247 246 246 245 245 245 245 243 243 243 242 242 241 241 240 240 240 239 238 238 238 237 237 236 235 235 235 234 233 233 232 232 232 230 230 230 229 229 228 227 227 226 225 225 224 224 223 222 222 221 221 219 219 218 218 217 216 216 215 214 213 213 212 211 210 210 209 208 207 207 205 204 204 203 202 201 201 199 198 198 196 195 195 194 192 191 191 189 188 187 185 184 184
247 247 246 245 245 245 245 244 243 243 243 242 242 242 241 240 240 240 239 239 238 237 237 237 237 235 235 235 234 234 233 232 232 232 231 230 229 229 229 227 227 227 226 226 225 224 224 223 222 221 221 221 220 219 218 218 217 216 216 215 215 213 213 212 211 210 210 209 208 207 206 206 204 204 203 202 201 200 200 198 197 197 195 194 194 192 191 190 189 188 187 185 184 183
247 247 247 245 245 245 245 244 244 243 243 242 242 242 241 240 240 240 239 239 238 237 237 237 236 235 235 234 234 234 232 232 232 231 231 230 229 229 229 228 227 227 226 226 224 224 224 223 223 221 221 221 220 219 218 218 217 216 215 215 214 213 213 212 212 210 209 209 208 207 206 206 204 204 203 202 201 200 200 198 197 197 195 194 193 193 191 190 189 188 187 186 184 183
247 247 247 246 245 245 245 244 244 244 242 242 242 242 241 240 240 239 239 239 239 237 237 237 236 236 235 234 234 234 233 232 232 231 231 231 229 229 229 228 227 226 226 226 225 224 223 223 223 221 221 220 220 219 218 218 217 217 215 215 214 213 212 212 211 210 209 209 208 207 206 206 205 203 203 202 201 200 199 198 197 196 196 194 193 193 191 190 189 187 187 186 184 183
247 247 246 246 245 245 244 244 244 244 242 242 242 242 241 241 240 239 239 239 238 237 237 237 236 236 235 234 234 234 233 233 232 231 231 231 229 229 228 228 228 226 226 226 225 224 223 223 223 222 221 220 220 219 218 218 217 217 215 215 214 214 212 212 211 211 209 209 208 207 206 205 205 203 203 202 202 200 199 199 197 196 196 194 193 192 191 190 189 188 186 186 185 183
247 247 246 246 246 245 244 244 244 244 243 242 242 241 241 241 240 239 239 239 238 238 237 236 236 236 235 234 234 233 233 233 231 231 231 230 230 229 228 228 228 226 226 225 225 225 223 223 222 222 221 220 220 219 218 217 217 217 215 215 214 214 212 212 211 211 209 209 208 207 206 205 205 203 203 202 201 200 199 198 197 196 195 195 193 192 191 190 189 188 186 185 184 182
247 247 246 246 246 244 244 244 244 243 243 242 242 241 241 241 240 239 239 239 238 238 237 236 236 236 235 235 234 233 233 233 232 231 231 230 230 229 228 228 227 227 226 225 225 225 223 223 222 222 221 220 220 219 219 217 217 216 216 214 214 213 213 211 211 210 210 208 208 207 206 205 205 204 202 202 201 200 199 198 198 196 195 195 193 192 191 189 189 188 186 185 184 182
247 246 246 246 246 245 244 244 244 243 243 243 242 241 241 241 240 240 239 238 238 238 238 236 236 236 235 235 234 233 233 233 232 231 231 230 230 229 228 228 227 227 226 225 225 224 224 223 222 222 221 220 220 219 219 217 217 216 216 214 214 213 213 211 211 210 210 208 208 207 207 205 204 204 202 202 201 200 199 198 197 196 195 194 193 192 191 190 188 188 187 185 184 183
247 246 246 246 246 245 245 244 244 243 243 243 241 241 241 241 240 240 239 238 238 238 237 236 236 235 235 235 235 233 233 233 232 232 230 230 230 229 228 228 227 227 226 225 225 224 224 223 222 222 221 221 219 219 219 218 217 216 216 215 214 213 213 212 211 210 210 208 208 207 206 205 204 204 203 202 201 200 199 198 197 197 195 194 193 192 191 190 188 187 187 185 184 183
247 246 246 246 245 245 245 244 243 243 243 243 242 241 241 240 240 240 240 238 238 238 237 237 236 235 235 235 234 233 233 232 232 232 230 230 230 229 229 228 227 227 226 225 225 224 224 223 222 222 221 221 219 219 218 218 216 216 216 215 214 213 213 212 211 210 210 209 207 207 206 206 204 204 203 201 201 200 199 198 197 196 195 194 193 191 191 190 188 187 186 184 184 183
247 247 246 246 245 245 245 245 243 243 243 242 242 242 241 240 240 240 239 238 238 238 237 237 237 235 235 235 234 234 233 232 232 232 231 230 230 229 229 227 227 227 226 226 224 224 224 223 222 221 221 221 220 219 218 218 217 216 215 215 214 213 212 212 211 210 209 209 207 207 206 206 204 203 203 202 201 200 199 198 197 196 195 194 193 192 191 190 189 187 186 185 183 182
247 247 246 246 245 245 245 244 243 243 243 242 242 242 241 240 240 240 239 239 238 237 237 237 236 235 235 235 234 234 233 232 232 231 231 230 229 229 229 228 227 227 226 226 224 224 224 223 223 221 221 220 220 219 218 218 217 216 215 215 214 213 212 212 211 210 209 209 208 207 206 205 204 203 203 202 200 200 199 197 197 196 195 194 193 192 190 190 189 187 186 185 183 182
247 247 247 245 245 245 245 244 244 243 243 242 242 242 241 240 240 240 239 239 238 237 237 237 236 236 235 234 234 234 233 232 232 231 231 231 229 229 229 228 227 226 226 226 225 224 223 223 223 221 221 220 220 218 218 218 217 217 215 215 214 214 212 212 211 210 209 209 208 206 206 205 205 203 202 202 200 200 199 198 197 196 195 193 193 192 190 189 188 188 186 185 184 182
247 247 247 245 245 245 245 244 244 243 242 242 242 242 241 240 240 239 239 239 239 237 237 237 236 236 235 234 234 234 233 232 232 231 231 231 229 229 228 228 228 226 226 226 225 224 223 223 222 222 221 220 220 219 218 217 217 216 215 215 214 214 212 212 211 210 209 208 208 207 206 205 205 203 202 202 201 199 199 198 196 196 195 193 192 192 191 189 188 187 185 185 184 182
247 247 246 246 245 245 244 244 244 244 242 242 242 242 241 241 240 239 239 239 238 237 237 236 236 236 236 234 234 234 233 233 231 231 231 230 229 229 228 228 228 226 226 225 225 225 223 223 222 222 220 220 220 219 218 217 217 216 215 214 214 213 212 211 211 210 209 208 208 207 206 205 204 204 202 202 201 199 199 198 197 196 195 194 192 191 191 189 188 187 185 184 183 181
247 247 246 246 246 245 244 244 244 244 243 242 242 241 241 241 240 239 239 239 238 238 237 236 236 236 235 234 234 233 233 233 231 231 231 230 230 229 228 228 227 227 226 225 225 224 223 223 222 222 220 220 219 219 219 217 217 216 216 214 214 213 213 211 211 210 210 208 208 207 205 205 204 204 202 201 201 199 198 198 197 195 195 194 192 191 190 189 188 187 186 184 183 182
247 247 246 246 246 245 244 244 244 243 243 242 242 241 241 241 240 239 239 239 238 238 237 236 236 236 235 234 234 233 233 233 232 231 231 230 230 228 228 228 227 227 226 225 225 224 224 223 222 222 221 220 219 219 218 217 217 216 216 214 214 213 213 211 211 210 209 208 207 207 206 205 204 203 202 201 201 200 198 198 197 195 194 194 193 191 190 189 188 187 186 184 183 182
247 246 246 246 246 245 244 244 244 243 243 243 241 241 241 241 240 239 239 238 238 238 237 236 236 236 235 235 234 233 233 232 232 231 230 230 230 229 228 228 227 227 225 225 225 224 224 222 222 222 221 220 219 219 218 218 216 216 215 215 213 213 212 212 210 210 209 208 207 207 206 204 204 203 203 201 200 200 198 197 197 196 194 193 193 191 190 189 187 186 186 184 183 182
247 246 246 246 246 245 244 244 243 243 243 243 241 241 241 240 240 240 239 238 238 238 237 236 236 235 235 235 233 233 233 232 232 231 230 230 230 229 228 227 227 227 226 225 224 224 224 222 222 221 221 221 219 219 218 218 216 216 215 215 213 213 212 212 210 210 209 209 207 206 206 204 204 203 202 201 200 200 199 197 196 196 194 193 192 191 190 189 188 186 185 184 182 181
246 246 246 246 245 245 245 244 243 243 243 243 242 241 241 240 240 240 238 238 238 238 237 237 236 235 235 235 234 233 233 232 232 232 230 230 229 229 229 227 227 227 226 225 224 224 224 223 222 221 221 220 219 218 218 218 216 216 215 215 213 213 212 212 210 210 209 208 207 206 206 205 204 203 202 201 200 199 199 197 196 196 194 193 192 191 190 189 188 186 185 184 182 181
247 246 246 246 245 245 245 244 243 243 243 242 242 241 241 240 240 240 239 238 238 237 237 237 235 235 235 234 234 233 232 232 232 231 230 230 229 229 229 227 227 226 226 226 224 224 223 223 222 221 221 220 220 218 218 217 217 215 215 215 214 212 212 211 211 209 209 208 208 206 206 205 203 203 202 201 200 199 198 197 196 195 195 193 192 191 189 189 188 186 185 184 182 181
