testData/tiles/oneDegreeCosts/grid4.0-19.0-5.0-20.0.asc
ncols   200
nrows   200
xllcorner   4.0
yllcorner   19.0
cellsize   0.005
NODATA_value   -9999.0
[rows 152 to 189 of 200, columns 86 to 171 of 200]
1299 1299 1300 1300 1301 1302 1302 1303 1303 1305 1305 1306 1307 1307 1308 1308 1309 1309 1094 1095 1096 1096 1097 1098 1098 1098 1100 1100 1100 1101 1102 1102 1103 1104 1105 1105 1105 1107 1107 1107 1107 1108 1109 1109 1109 1111 1111 1111 1111 1112 1112 1111 1111 1112 1112 1112 1111 1112 1112 1111 1112 1113 1113 1112 1112 1112 1113 1112 1112 1112 1113 1113 1113 1113 1112 1113 1113 1113 1113 1114 1114 1113 1113 1113 1113 1113
1299 1299 1301 1301 1301 1303 1304 1304 1304 1305 1306 1306 1307 1308 1308 1308 1310 1311 1311 1098 1099 1099 1099 1100 1101 1101 1102 1101 1102 1102 1103 1103 1104 1105 1105 1105 1106 1107 1107 1108 1109 1110 1110 1111 1111 1111 1111 1112 1112 1112 1112 1113 1112 1112 1113 1113 1113 1113 1113 1113 1113 1113 1113 1112 1113 1113 1113 1112 1113 1113 1113 1113 1114 1115 1114 1114 1114 1114 1114 1114 1114 1113 1114 1114 1113 1113
1299 1301 1302 1302 1302 1304 1304 1304 1305 1306 1306 1306 1309 1309 1309 1311 1311 1311 1311 1099 1099 1099 1100 1102 1102 1102 1103 1104 1104 1105 1106 1106 1106 1107 1106 1106 1107 1108 1109 1109 1110 1110 1111 1111 1111 1112 1113 1113 1112 1113 1114 1114 1114 1113 1114 1114 1113 1113 1114 1114 1113 1113 1114 1114 1113 1114 1114 1114 1114 1114 1114 1114 1114 1114 1114 1115 1115 1115 1114 1114 1115 1114 1114 1115 1114 1115
1301 1301 1302 1303 1303 1304 1304 1305 1307 1307 1308 1308 1309 1309 1310 1311 1311 1311 1312 1314 1100 1101 1102 1102 1102 1103 1104 1104 1104 1106 1106 1107 1107 1109 1109 1109 1110 1111 1111 1111 1113 1111 1111 1111 1113 1114 1114 1114 1115 1114 1114 1114 1115 1114 1114 1114 1114 1114 1114 1114 1114 1115 1115 1115 1114 1115 1115 1114 1114 1115 1115 1114 1114 1114 1114 1114 1114 1116 1116 1116 1116 1115 1115 1116 1116 1115
1301 1302 1303 1303 1303 1305 1306 1306 1307 1308 1308 1308 1309 1310 1310 1311 1313 1313 1313 1314 1315 1101 1102 1102 1103 1103 1104 1106 1106 1107 1107 1108 1108 1109 1109 1110 1111 1111 1111 1112 1114 1114 1114 1116 1116 1116 1116 1115 1115 1115 1114 1115 1115 1114 1114 1116 1116 1115 1115 1116 1115 1115 1115 1116 1115 1115 1115 1114 1115 1115 1115 1115 1116 1116 1115 1115 1116 1116 1116 1116 1116 1116 1116 1116 1116 1115
1301 1304 1304 1304 1305 1306 1306 1306 1308 1308 1308 1309 1311 1311 1311 1313 1313 1313 1313 1315 1315 1315 1103 1103 1104 1104 1106 1106 1106 1107 1108 1108 1108 1109 1110 1110 1112 1113 1113 1113 1114 1115 1115 1116 1116 1117 1118 1117 1117 1118 1118 1118 1116 1116 1116 1116 1116 1116 1116 1116 1115 1115 1116 1116 1115 1115 1117 1116 1116 1116 1117 1116 1116 1116 1115 1116 1116 1116 1116 1116 1116 1116 1116 1116 1118 1117
1303 1304 1304 1305 1305 1306 1306 1307 1308 1309 1310 1310 1311 1311 1312 1313 1313 1314 1314 1315 1316 1317 1104 1104 1104 1105 1106 1106 1107 1108 1108 1108 1110 1111 1111 1111 1113 1113 1113 1113 1115 1115 1115 1116 1117 1117 1118 1118 1119 1119 1118 1118 1119 1118 1118 1118 1119 1118 1116 1116 1116 1117 1117 1117 1117 1117 1117 1116 1117 1117 1117 1116 1116 1117 1116 1116 1116 1117 1117 1117 1117 1116 1117 1117 1117 1117
1303 1303 1305 1305 1305 1308 1308 1308 1309 1310 1310 1310 1312 1312 1312 1313 1315 1315 1315 1316 1317 1317 1318 1105 1105 1105 1106 1107 1108 1109 1109 1110 1110 1111 1111 1112 1113 1113 1114 1114 1115 1116 1117 1117 1118 1118 1119 1119 1119 1119 1119 1119 1119 1118 1119 1119 1120 1119 1120 1120 1119 1119 1119 1118 1117 1117 1117 1117 1117 1117 1117 1117 1117 1118 1117 1118 1118 1118 1117 1117 1118 1117 1117 1117 1117 1117
1303 1304 1306 1306 1307 1308 1308 1308 1309 1310 1310 1311 1312 1313 1313 1315 1315 1315 1316 1317 1317 1317 1319 1319 1105 1106 1108 1108 1108 1110 1110 1110 1110 1112 1112 1112 1112 1114 1115 1115 1116 1117 1117 1117 1117 1119 1119 1119 1119 1119 1119 1119 1120 1120 1120 1120 1120 1120 1120 1120 1119 1120 1120 1120 1119 1120 1120 1117 1118 1119 1119 1118 1118 1118 1118 1118 1118 1118 1118 1118 1118 1117 1117 1118 1117 1117
1305 1305 1306 1307 1307 1308 1309 1309 1309 1310 1312 1312 1313 1314 1314 1314 1315 1316 1316 1317 1317 1319 1319 1320 1107 1107 1108 1108 1109 1109 1110 1110 1111 1112 1113 1113 1114 1115 1115 1116 1116 1117 1117 1118 1118 1118 1118 1119 1120 1120 1120 1121 1120 1120 1120 1121 1120 1120 1120 1121 1120 1120 1120 1121 1121 1121 1121 1120 1121 1121 1120 1120 1119 1119 1118 1118 1119 1118 1118 1118 1118 1119 1119 1119 1118 1119
1305 1305 1307 1307 1307 1309 1309 1310 1310 1312 1312 1312 1314 1314 1314 1314 1316 1316 1317 1319 1319 1319 1319 1321 1321 1107 1108 1109 1109 1109 1112 1112 1112 1112 1114 1114 1114 1115 1116 1116 1116 1116 1118 1118 1119 1119 1120 1120 1120 1120 1121 1120 1120 1120 1121 1121 1120 1120 1121 1121 1121 1121 1122 1121 1121 1121 1122 1121 1121 1121 1121 1121 1121 1121 1120 1121 1120 1119 1119 1120 1120 1119 1119 1119 1119 1119
1306 1306 1307 1307 1309 1310 1310 1311 1311 1312 1312 1313 1314 1314 1315 1316 1317 1317 1318 1319 1319 1319 1320 1321 1321 1322 1108 1110 1110 1111 1112 1112 1112 1113 1114 1114 1115 1115 1116 1116 1118 1118 1118 1119 1120 1120 1120 1120 1121 1121 1120 1120 1121 1121 1121 1121 1122 1122 1122 1121 1122 1122 1122 1121 1122 1122 1121 1121 1121 1122 1121 1122 1122 1123 1122 1122 1122 1122 1122 1122 1120 1119 1120 1120 1119 1119
1306 1307 1308 1309 1309 1309 1311 1311 1311 1312 1313 1313 1314 1316 1316 1316 1317 1318 1318 1318 1320 1320 1320 1321 1323 1323 1323 1110 1111 1111 1111 1113 1113 1113 1113 1115 1115 1116 1116 1118 1118 1118 1118 1119 1119 1119 1119 1120 1120 1120 1120 1122 1122 1122 1121 1122 1122 1122 1122 1122 1122 1122 1122 1122 1122 1122 1121 1123 1123 1123 1122 1123 1123 1122 1122 1122 1123 1122 1122 1122 1122 1122 1122 1122 1120 1120
1307 1308 1309 1309 1309 1310 1311 1311 1312 1314 1314 1314 1315 1316 1316 1317 1318 1318 1318 1319 1320 1321 1321 1322 1323 1323 1324 1111 1111 1111 1112 1113 1113 1114 1115 1116 1116 1117 1117 1117 1118 1119 1119 1119 1119 1120 1120 1121 1121 1122 1122 1122 1122 1122 1122 1122 1122 1123 1122 1122 1122 1123 1122 1123 1123 1124 1123 1123 1123 1123 1123 1123 1123 1122 1123 1123 1123 1122 1123 1123 1122 1123 1123 1124 1123 1123
1308 1308 1309 1309 1310 1310 1311 1313 1313 1314 1314 1315 1315 1316 1317 1317 1317 1318 1320 1320 1321 1322 1322 1322 1323 1324 1324 1324 1111 1112 1113 1113 1115 1115 1115 1115 1117 1117 1117 1117 1118 1119 1119 1119 1121 1121 1121 1121 1122 1122 1122 1123 1122 1122 1122 1123 1123 1122 1122 1123 1124 1123 1123 1123 1124 1123 1123 1123 1124 1123 1123 1123 1124 1123 1123 1123 1123 1124 1124 1124 1123 1124 1124 1124 1123 1124
1308 1308 1309 1310 1311 1311 1313 1313 1313 1314 1315 1315 1315 1317 1317 1318 1319 1320 1320 1320 1321 1322 1322 1322 1324 1324 1324 1326 1327 1113 1113 1114 1115 1115 1115 1116 1116 1117 1118 1118 1118 1119 1120 1120 1121 1121 1122 1122 1122 1122 1122 1122 1122 1122 1123 1124 1123 1123 1124 1124 1124 1123 1124 1124 1124 1123 1124 1124 1124 1123 1124 1124 1124 1124 1124 1125 1124 1124 1124 1125 1124 1124 1124 1124 1124 1124
1308 1309 1310 1311 1311 1312 1313 1313 1314 1314 1315 1315 1316 1317 1318 1319 1319 1320 1320 1321 1321 1322 1323 1323 1323 1325 1326 1326 1326 1113 1114 1114 1114 1116 1116 1116 1116 1117 1119 1119 1119 1120 1120 1120 1120 1121 1121 1121 1122 1122 1122 1122 1124 1124 1124 1124 1124 1124 1124 1124 1124 1124 1124 1124 1124 1124 1124 1124 1124 1125 1125 1125 1124 1125 1125 1125 1124 1125 1125 1124 1124 1124 1125 1124 1124 1124
1310 1310 1310 1312 1312 1312 1312 1314 1314 1314 1317 1317 1317 1317 1319 1319 1319 1320 1321 1321 1321 1322 1324 1324 1324 1326 1326 1326 1327 1327 1114 1114 1115 1115 1116 1117 1118 1118 1118 1119 1120 1120 1120 1121 1121 1121 1121 1122 1122 1123 1123 1124 1124 1124 1124 1124 1124 1124 1124 1124 1124 1124 1124 1124 1124 1125 1125 1126 1125 1125 1125 1125 1125 1125 1125 1125 1125 1125 1125 1124 1125 1125 1125 1124 1126 1126
1310 1310 1311 1312 1312 1312 1313 1314 1315 1316 1316 1317 1317 1318 1319 1319 1320 1320 1321 1322 1323 1323 1324 1325 1325 1325 1326 1327 1327 1327 1329 1115 1116 1116 1117 1118 1118 1118 1119 1119 1119 1119 1121 1121 1121 1121 1123 1123 1123 1124 1124 1123 1123 1124 1124 1124 1124 1125 1124 1124 1124 1126 1126 1125 1125 1126 1126 1125 1125 1125 1126 1125 1125 1125 1126 1125 1125 1125 1126 1125 1126 1126 1125 1126 1126 1126
1310 1311 1311 1311 1313 1313 1314 1315 1316 1316 1316 1318 1318 1318 1318 1320 1320 1321 1322 1323 1323 1323 1324 1325 1325 1325 1326 1327 1327 1329 1329 1116 1116 1117 1117 1117 1118 1119 1119 1119 1120 1120 1120 1121 1122 1122 1122 1122 1123 1123 1123 1123 1124 1124 1124 1124 1125 1125 1125 1125 1126 1126 1125 1125 1126 1126 1125 1125 1126 1126 1125 1125 1126 1126 1125 1125 1126 1127 1126 1126 1126 1127 1126 1126 1126 1127
1311 1311 1311 1312 1314 1314 1314 1315 1316 1316 1317 1318 1318 1318 1319 1321 1321 1322 1322 1323 1323 1324 1324 1325 1326 1326 1326 1328 1329 1329 1329 1330 1117 1117 1117 1118 1118 1118 1119 1120 1121 1121 1121 1122 1122 1122 1123 1123 1123 1123 1124 1124 1124 1124 1125 1125 1125 1125 1126 1126 1126 1126 1126 1126 1126 1126 1126 1126 1126 1126 1125 1126 1127 1127 1126 1127 1127 1127 1126 1127 1127 1127 1126 1126 1127 1126
1310 1311 1313 1313 1314 1315 1315 1315 1316 1317 1317 1317 1319 1320 1320 1320 1322 1322 1322 1323 1324 1324 1324 1325 1326 1327 1328 1328 1329 1329 1330 1330 1330 1117 1118 1118 1118 1119 1120 1120 1121 1122 1122 1122 1122 1123 1123 1123 1123 1124 1124 1124 1124 1125 1125 1125 1125 1126 1126 1126 1126 1126 1126 1126 1126 1126 1126 1126 1126 1127 1127 1127 1127 1127 1127 1127 1127 1127 1127 1127 1127 1127 1127 1127 1127 1126
1311 1313 1313 1313 1314 1315 1315 1315 1316 1317 1317 1319 1320 1320 1320 1321 1322 1322 1323 1323 1324 1324 1325 1326 1326 1328 1328 1328 1328 1330 1330 1330 1331 1117 1117 1118 1120 1120 1120 1120 1121 1121 1121 1122 1123 1123 1123 1124 1124 1124 1124 1125 1125 1125 1125 1126 1126 1126 1126 1126 1126 1126 1126 1127 1126 1126 1127 1128 1127 1127 1127 1128 1128 1127 1127 1127 1128 1127 1127 1127 1128 1127 1127 1127 1127 1128
1312 1313 1313 1314 1314 1315 1316 1316 1316 1318 1319 1319 1319 1321 1321 1321 1321 1323 1323 1323 1324 1326 1326 1326 1327 1328 1328 1329 1329 1329 1330 1331 1331 1332 1118 1119 1120 1120 1121 1121 1121 1121 1122 1122 1122 1122 1123 1124 1124 1124 1125 1125 1125 1125 1126 1126 1126 1126 1126 1126 1126 1126 1127 1127 1127 1127 1128 1128 1127 1127 1128 1128 1127 1127 1128 1128 1127 1127 1128 1128 1127 1127 1128 1129 1128 1128
1312 1312 1314 1314 1314 1315 1316 1317 1317 1318 1319 1319 1320 1321 1321 1321 1322 1322 1323 1325 1325 1325 1326 1327 1327 1327 1329 1329 1329 1329 1330 1332 1332 1333 1333 1119 1119 1120 1121 1121 1121 1122 1122 1122 1122 1124 1124 1124 1125 1125 1125 1125 1126 1126 1126 1126 1126 1126 1126 1126 1127 1128 1127 1127 1128 1128 1128 1128 1128 1128 1128 1128 1128 1128 1128 1127 1127 1128 1128 1129 1128 1129 1129 1128 1128 1129
1312 1313 1314 1314 1315 1316 1317 1318 1318 1318 1319 1320 1320 1320 1322 1322 1322 1323 1325 1325 1325 1326 1326 1327 1327 1328 1328 1329 1330 1331 1331 1331 1332 1333 1333 1119 1120 1120 1120 1121 1121 1122 1122 1124 1124 1124 1124 1125 1125 1125 1125 1126 1125 1125 1125 1126 1126 1126 1127 1128 1127 1127 1127 1128 1128 1128 1128 1128 1128 1128 1128 1128 1128 1128 1128 1128 1129 1129 1129 1129 1129 1129 1129 1128 1129 1129
1313 1313 1313 1315 1316 1316 1317 1318 1318 1318 1319 1320 1320 1321 1321 1323 1323 1324 1324 1325 1326 1326 1326 1327 1328 1328 1328 1330 1331 1331 1331 1332 1332 1332 1334 1334 1120 1120 1121 1121 1121 1122 1123 1123 1123 1123 1124 1124 1124 1125 1125 1125 1125 1126 1126 1126 1127 1128 1128 1127 1127 1128 1128 1128 1128 1128 1128 1128 1128 1129 1128 1128 1128 1130 1129 1129 1129 1129 1129 1129 1129 1129 1129 1129 1129 1129
1313 1313 1315 1316 1316 1317 1317 1318 1319 1319 1319 1320 1321 1322 1322 1324 1324 1324 1324 1325 1326 1326 1327 1327 1328 1328 1330 1330 1330 1331 1332 1332 1332 1333 1333 1333 1334 1121 1121 1122 1123 1123 1123 1123 1124 1124 1124 1124 1125 1125 1125 1125 1126 1126 1127 1127 1128 1127 1127 1127 1128 1128 1128 1128 1128 1128 1128 1128 1129 1128 1128 1129 1130 1129 1129 1129 1130 1130 1129 1129 1130 1130 1129 1129 1130 1130
1313 1315 1315 1315 1317 1317 1317 1318 1319 1319 1319 1320 1322 1322 1323 1323 1324 1324 1325 1325 1325 1327 1327 1327 1328 1330 1330 1330 1331 1331 1331 1332 1333 1333 1333 1334 1334 1121 1121 1123 1123 1123 1123 1124 1124 1124 1125 1125 1125 1125 1126 1126 1127 1127 1127 1127 1127 1127 1128 1128 1128 1128 1128 1128 1128 1128 1129 1129 1129 1129 1130 1130 1129 1129 1130 1130 1130 1130 1130 1130 1130 1129 1129 1130 1130 1129
1315 1315 1315 1316 1317 1317 1318 1318 1319 1319 1320 1321 1321 1323 1323 1323 1324 1325 1325 1325 1326 1326 1327 1329 1329 1329 1329 1331 1331 1331 1332 1332 1332 1333 1334 1334 1335 1335 1122 1122 1122 1123 1123 1124 1124 1125 1125 1125 1125 1126 1126 1126 1126 1127 1127 1127 1127 1128 1128 1128 1128 1128 1128 1128 1129 1129 1129 1129 1130 1130 1130 1129 1129 1130 1130 1130 1130 1130 1130 1130 1130 1130 1130 1130 1130 1130
1314 1315 1316 1316 1316 1318 1318 1318 1319 1321 1321 1321 1322 1323 1323 1324 1324 1324 1325 1326 1326 1327 1328 1329 1329 1329 1330 1330 1331 1332 1332 1332 1332 1333 1334 1335 1336 1336 1122 1122 1123 1123 1123 1123 1124 1124 1124 1125 1125 1126 1126 1127 1127 1127 1127 1128 1128 1128 1128 1128 1128 1128 1128 1129 1129 1129 1129 1130 1130 1130 1130 1130 1130 1130 1130 1130 1130 1130 1130 1131 1130 1130 1130 1130 1131 1131
1315 1315 1316 1316 1317 1317 1318 1319 1320 1320 1321 1322 1322 1322 1324 1324 1324 1325 1325 1326 1327 1328 1328 1328 1330 1330 1330 1330 1331 1332 1332 1333 1333 1334 1334 1335 1335 1336 1336 1123 1123 1123 1124 1124 1124 1124 1125 1126 1126 1126 1127 1127 1127 1127 1128 1128 1128 1128 1128 1128 1128 1129 1129 1130 1129 1130 1130 1130 1130 1130 1130 1130 1130 1130 1130 1130 1130 1130 1131 1130 1130 1130 1132 1131 1131 1131
1315 1315 1316 1317 1317 1317 1319 1320 1320 1321 1322 1322 1322 1323 1323 1324 1325 1325 1325 1326 1328 1328 1328 1329 1329 1330 1330 1331 1331 1331 1332 1333 1334 1334 1335 1335 1335 1336 1336 1336 1123 1124 1124 1124 1124 1125 1126 1126 1127 1127 1127 1127 1128 1127 1127 1127 1128 1128 1128 1128 1129 1130 1129 1129 1130 1130 1130 1130 1130 1130 1130 1130 1131 1130 1130 1130 1131 1131 1130 1130 1132 1132 1132 1131 1131 1132
1315 1315 1316 1317 1317 1318 1319 1320 1321 1321 1321 1322 1323 1323 1323 1324 1325 1325 1327 1327 1327 1328 1329 1329 1329 1330 1331 1331 1331 1332 1333 1333 1334 1335 1335 1335 1336 1336 1336 1336 1123 1123 1123 1124 1125 1125 1125 1126 1126 1126 1126 1127 1127 1127 1127 1128 1128 1128 1129 1129 1129 1129 1130 1130 1130 1130 1131 1130 1130 1130 1131 1131 1130 1130 1131 1131 1131 1131 1131 1132 1132 1132 1132 1132 1132 1132
1316 1316 1316 1317 1318 1319 1319 1320 1321 1321 1322 1322 1323 1323 1324 1324 1324 1327 1327 1327 1327 1328 1329 1329 1330 1330 1330 1330 1332 1333 1333 1334 1334 1334 1334 1336 1336 1336 1337 1337 1337 1123 1124 1125 1125 1125 1126 1126 1126 1127 1127 1127 1127 1128 1128 1128 1128 1129 1129 1129 1129 1130 1130 1130 1130 1130 1130 1130 1130 1131 1131 1130 1130 1131 1131 1131 1131 1132 1132 1132 1132 1132 1132 1132 1132 1132
1316 1316 1316 1317 1319 1319 1320 1320 1321 1322 1322 1322 1322 1324 1324 1324 1326 1326 1327 1328 1328 1328 1328 1330 1330 1330 1331 1331 1332 1333 1334 1334 1334 1335 1335 1335 1335 1336 1337 1337 1337 1338 1125 1125 1126 1126 1126 1126 1127 1127 1127 1127 1128 1128 1128 1128 1128 1128 1129 1130 1130 1130 1130 1131 1130 1130 1130 1131 1131 1131 1131 1131 1131 1131 1131 1132 1132 1132 1132 1132 1132 1132 1132 1132 1133 1132
1315 1317 1317 1317 1318 1320 1320 1320 1321 1322 1322 1323 1323 1323 1324 1326 1326 1326 1327 1328 1328 1328 1329 1329 1330 1331 1331 1331 1332 1333 1333 1334 1335 1335 1335 1335 1336 1336 1336 1337 1337 1338 1125 1126 1126 1126 1126 1127 1127 1127 1127 1127 1127 1127 1128 1128 1128 1129 1130 1130 1130 1130 1130 1130 1130 1130 1131 1131 1131 1131 1131 1131 1131 1131 1132 1132 1132 1132 1133 1132 1132 1132 1133 1133 1132 1132
1316 1317 1317 1318 1319 1319 1320 1321 1321 1321 1323 1323 1323 1323 1325 1326 1326 1327 1327 1327 1329 1329 1329 1329 1330 1330 1331 1333 1333 1333 1333 1334 1334 1335 1336 1336 1336 1336 1337 1337 1338 1338 1339 1126 1126 1126 1126 1126 1126 1127 1127 1127 1127 1128 1128 1128 1130 1130 1130 1130 1130 1130 1130 1130 1131 1131 1131 1131 1131 1131 1131 1131 1132 1132 1132 1132 1133 1133 1132 1132 1133 1133 1133 1132 1132 1133
