testData/tiles/oneDegreeCosts/grid42.0-48.0-43.0-49.0.asc
ncols   200
nrows   200
xllcorner   42.0
yllcorner   48.0
cellsize   0.005
NODATA_value   -9999.0
[rows 42 to 83 of 200, columns 0 to 93 of 200]
484 485 485 485 485 486 486 486 486 486 487 487 487 487 487 487 489 489 489 489 489 489 489 490 490 490 490 490 490 491 491 491 492 492 492 492 492 493 493 493 510 510 510 510 510 510 511 511 511 511 511 512 512 512 512 513 513 513 513 513 513 513 513 513 513 513 513 513 514 514 514 514 514 514 514 514 514 514 514 514 514 514 514 514 514 514 515 515 515 515 515 515 515 515
484 484 484 484 485 485 485 485 485 485 486 486 486 486 486 487 488 488 488 488 488 488 489 489 489 489 489 489 489 490 490 491 491 491 491 491 492 492 492 509 509 509 509 509 509 510 510 510 510 511 511 511 511 511 511 512 512 512 512 512 512 512 512 512 512 512 513 513 513 513 513 513 513 513 513 513 513 513 513 513 513 513 513 514 514 514 514 514 514 514 514 514 514 514
483 483 483 483 484 484 484 484 484 484 485 485 485 485 486 486 487 487 487 487 487 487 488 488 488 488 488 488 488 489 490 490 490 490 490 490 491 491 508 508 508 508 508 508 509 509 509 509 510 510 510 510 510 510 511 511 511 511 511 511 511 511 511 511 511 511 512 512 512 512 512 512 512 512 512 512 512 512 513 513 513 513 514 514 514 514 514 514 514 514 514 514 514 514
482 482 482 482 483 483 483 483 483 483 484 484 484 484 485 486 486 486 486 486 486 486 487 487 487 487 487 487 488 489 489 489 489 489 489 489 490 507 507 507 507 507 507 507 508 508 508 509 509 509 509 509 509 510 510 510 510 510 510 510 510 510 510 510 510 511 511 511 511 511 511 511 511 512 512 512 512 512 512 512 513 513 513 513 513 513 513 513 513 513 513 513 513 513
481 481 481 481 482 482 482 482 482 482 483 483 483 484 484 485 485 485 485 485 485 486 486 486 486 486 486 486 488 488 488 488 488 488 488 489 506 506 506 506 506 506 506 507 507 507 508 508 508 508 508 508 508 509 509 509 509 509 509 509 509 509 509 509 510 510 510 510 510 510 511 511 511 511 511 511 511 511 511 512 512 512 512 512 512 512 512 512 512 512 512 512 512 512
480 480 480 480 481 481 481 481 481 481 482 482 482 483 483 484 484 484 484 484 484 485 485 485 485 485 485 485 487 487 487 487 487 487 487 505 505 505 505 505 505 505 505 506 506 507 507 507 507 507 507 507 508 508 508 508 508 508 508 508 508 508 508 508 509 509 509 510 510 510 510 510 510 510 510 510 510 510 510 511 511 511 511 511 511 511 511 511 511 511 511 511 511 511
479 479 479 479 480 480 480 480 480 480 481 481 482 482 482 483 483 483 483 483 483 484 484 484 484 484 484 485 486 486 486 486 486 486 503 504 504 504 504 504 504 504 504 505 506 506 506 506 506 506 506 506 507 507 507 507 507 507 507 507 507 507 507 508 508 509 509 509 509 509 509 509 509 509 509 509 509 509 510 510 510 510 510 510 510 510 510 510 510 510 510 510 510 510
478 478 478 478 479 479 479 479 479 479 480 481 481 481 481 482 482 482 482 482 482 483 483 483 483 483 484 484 485 485 485 485 485 502 502 503 503 503 503 503 503 503 504 505 505 505 505 505 505 505 505 505 506 506 506 506 506 506 506 506 506 506 506 508 508 508 508 508 508 508 508 508 508 508 508 508 508 508 509 509 509 509 509 509 509 509 509 509 509 509 509 509 509 509
477 477 477 477 477 478 478 478 478 478 479 480 480 480 480 480 481 481 481 481 481 481 482 482 482 483 483 483 484 484 484 484 501 501 501 502 502 502 502 502 502 502 503 504 504 504 504 504 504 504 504 504 505 505 505 505 505 505 505 505 505 506 506 507 507 507 507 507 507 507 507 507 507 507 507 507 507 507 508 508 508 508 508 508 508 508 508 508 508 508 508 508 508 508
476 476 476 476 476 477 477 477 477 477 479 479 479 479 479 479 480 480 480 480 480 480 481 481 481 482 482 482 483 483 483 483 500 500 500 501 501 501 501 501 501 502 502 503 503 503 503 503 503 503 503 503 504 504 504 504 504 504 504 504 505 505 505 506 506 506 506 506 506 506 506 506 506 506 506 506 506 506 507 507 507 507 507 507 507 507 507 507 507 507 507 507 507 507
475 475 475 475 475 476 476 476 476 476 477 478 478 478 478 478 479 479 479 479 479 479 480 480 481 481 481 481 481 482 482 499 499 499 499 499 500 500 500 500 501 501 501 501 502 502 502 502 502 502 502 502 502 503 503 503 503 503 504 504 504 504 504 504 505 505 505 505 505 505 505 505 505 505 505 505 505 505 506 506 506 506 506 506 506 506 506 506 506 506 506 506 506 506
473 474 474 474 474 474 475 475 475 476 476 477 477 477 477 477 477 478 478 478 478 478 478 480 480 480 480 480 480 481 498 498 498 498 498 498 499 499 499 500 500 500 500 500 501 501 501 501 501 501 501 501 501 502 502 502 502 503 503 503 503 503 503 503 504 504 504 504 504 504 504 504 504 504 504 504 504 504 504 505 505 505 505 505 505 505 505 505 505 505 505 505 505 505
472 473 473 473 473 473 474 474 474 475 475 476 476 476 476 476 476 477 477 477 477 477 477 479 479 479 479 479 479 496 497 497 497 497 497 497 497 498 499 499 499 499 499 499 499 500 500 500 500 500 500 500 500 500 501 501 502 502 502 502 502 502 502 502 502 503 503 503 503 503 503 503 503 503 503 503 503 503 503 504 504 504 504 504 504 504 504 504 504 504 504 504 504 504
471 471 472 472 472 472 472 473 474 474 474 474 475 475 475 475 475 475 476 476 476 476 477 477 478 478 478 478 495 495 496 496 496 496 496 496 496 498 498 498 498 498 498 498 498 499 499 499 499 499 499 499 499 499 501 501 501 501 501 501 501 501 501 501 501 502 502 502 502 502 502 502 502 502 502 502 502 502 502 502 503 503 503 503 503 503 503 503 503 503 503 503 503 503
470 470 471 471 471 471 471 472 473 473 473 473 473 474 474 474 474 474 475 475 475 475 476 476 477 477 477 494 494 494 494 495 495 495 495 495 496 496 497 497 497 497 497 497 497 497 498 498 498 498 498 498 498 499 499 500 500 500 500 500 500 500 500 500 500 500 501 501 501 501 501 501 501 501 501 501 501 501 501 501 501 502 503 503 503 503 503 503 503 503 503 503 502 502
469 469 469 470 470 470 470 471 472 472 472 472 472 473 473 473 473 473 473 474 474 475 475 475 475 476 493 493 493 493 493 493 494 494 494 494 495 495 495 496 496 496 496 496 496 496 496 497 497 497 497 497 498 498 498 498 499 499 499 499 499 499 499 499 499 499 499 500 500 500 500 500 500 500 500 500 500 501 501 501 501 501 501 501 502 502 502 502 502 502 502 502 502 502
468 468 468 468 469 469 469 470 470 471 471 471 471 471 472 472 472 472 472 472 473 474 474 474 474 491 492 492 492 492 492 492 493 493 493 494 494 494 494 494 495 495 495 495 495 495 495 495 496 496 496 497 497 497 497 497 497 498 498 498 498 498 498 498 498 498 498 498 498 499 499 499 499 500 500 500 500 500 500 500 500 500 500 500 500 500 501 501 501 501 501 501 501 501
467 467 467 467 467 468 469 469 469 469 470 470 470 470 470 471 471 471 471 471 472 473 473 473 490 490 490 491 491 491 491 491 491 492 493 493 493 493 493 493 493 494 494 494 494 494 494 494 494 495 496 496 496 496 496 496 496 496 497 497 497 497 497 497 497 497 497 497 497 497 498 499 499 499 499 499 499 499 499 499 499 499 499 499 499 499 499 499 500 500 500 500 500 500
465 466 466 466 466 466 468 468 468 468 468 469 469 469 469 469 470 470 470 470 471 471 472 472 489 489 489 489 490 490 490 490 490 490 492 492 492 492 492 492 492 492 493 493 493 493 493 493 493 494 495 495 495 495 495 495 495 495 495 495 496 496 496 496 496 496 496 496 496 497 497 497 498 498 498 498 498 498 498 498 498 498 498 498 498 498 498 498 498 498 498 498 499 499
464 464 465 465 465 466 466 467 467 467 467 467 468 468 468 468 468 469 469 470 470 470 470 488 488 488 488 488 488 489 489 489 489 490 490 490 491 491 491 491 491 491 491 492 492 492 492 492 493 493 493 493 494 494 494 494 494 494 494 494 494 495 495 495 495 495 495 496 496 496 496 496 496 496 497 497 497 497 497 497 497 497 497 497 497 497 497 497 497 497 497 497 497 497
463 463 463 464 464 465 465 465 466 466 466 466 466 467 467 467 467 467 468 469 469 469 486 486 487 487 487 487 487 487 488 488 488 489 489 489 489 490 490 490 490 490 490 490 491 491 491 491 492 492 492 492 492 493 493 493 493 493 493 493 493 493 493 494 494 494 495 495 495 495 495 495 495 495 495 495 495 496 496 496 496 496 496 496 496 496 496 496 496 496 496 496 496 496
462 462 462 462 463 464 464 464 464 465 465 465 465 465 466 466 466 466 467 468 468 485 485 485 485 486 486 486 486 486 486 487 488 488 488 488 488 488 489 489 489 489 489 489 489 489 490 491 491 491 491 491 491 491 491 492 492 492 492 492 492 492 492 492 493 494 494 494 494 494 494 494 494 494 494 494 494 494 494 494 495 495 495 495 495 495 495 495 495 495 495 495 495 495
460 461 461 461 462 463 463 463 463 463 464 464 464 464 464 465 465 465 466 466 483 484 484 484 484 484 484 485 485 485 485 486 486 487 487 487 487 487 487 487 488 488 488 488 488 488 489 489 490 490 490 490 490 490 490 490 490 491 491 491 491 491 491 492 492 492 492 492 493 493 493 493 493 493 493 493 493 493 493 493 493 493 493 494 494 494 494 494 494 494 494 494 494 494
459 459 460 460 461 461 462 462 462 462 462 463 463 463 463 463 463 465 465 482 482 482 483 483 483 483 483 483 484 484 484 485 485 485 486 486 486 486 486 486 486 486 487 487 487 488 488 488 488 488 489 489 489 489 489 489 489 489 489 490 490 490 491 491 491 491 491 491 491 491 492 492 492 492 492 492 492 492 492 492 492 492 492 492 492 492 492 493 493 493 493 493 493 493
458 458 458 459 460 460 460 460 461 461 461 461 461 462 462 462 462 463 464 481 481 481 481 481 482 482 482 482 482 482 484 484 484 484 484 484 485 485 485 485 485 485 485 486 486 487 487 487 487 487 487 487 488 488 488 488 488 488 488 488 488 490 490 490 490 490 490 490 490 490 490 490 490 491 491 491 491 491 491 491 491 491 491 491 491 491 491 491 491 491 491 491 491 492
457 457 457 458 458 459 459 459 459 460 460 460 460 460 461 461 462 462 479 479 480 480 480 480 480 481 481 481 481 481 482 483 483 483 483 483 483 483 484 484 484 484 484 484 485 486 486 486 486 486 486 486 486 486 487 487 487 487 487 487 488 488 488 488 489 489 489 489 489 489 489 489 489 489 489 489 489 490 490 490 490 490 490 490 490 490 490 490 490 490 490 490 490 490
455 456 456 457 457 457 458 458 458 458 458 459 459 459 459 459 461 478 478 478 478 479 479 479 479 479 479 480 480 480 481 481 481 482 482 482 482 482 482 482 483 483 483 484 484 484 484 485 485 485 485 485 485 485 485 485 486 486 486 487 487 487 487 487 487 487 487 488 488 488 488 488 488 488 488 488 488 488 488 488 488 489 489 489 489 489 489 489 489 489 489 489 489 489
454 454 454 456 456 456 456 456 457 457 457 457 458 458 458 458 476 477 477 477 477 477 477 478 478 478 478 478 478 480 480 480 480 480 480 481 481 481 481 481 481 481 482 483 483 483 483 483 483 483 484 484 484 484 484 484 484 484 485 486 486 486 486 486 486 486 486 486 486 486 487 487 487 487 487 487 487 487 487 487 488 488 488 488 488 488 489 489 489 489 489 489 489 488
453 453 454 454 454 455 455 455 455 456 456 456 456 456 457 475 475 475 475 476 476 476 476 476 476 477 477 477 477 478 478 479 479 479 479 479 479 480 480 480 480 480 481 481 482 482 482 482 482 482 482 482 483 483 483 483 483 484 484 484 484 484 485 485 485 485 485 485 485 485 485 485 485 485 486 486 486 487 487 487 487 487 487 487 487 487 487 487 487 487 487 487 487 488
451 451 453 453 453 453 454 454 454 454 454 455 455 455 472 473 474 474 474 474 474 475 475 475 475 475 475 476 477 477 477 477 477 478 478 478 478 478 478 479 479 479 480 480 480 480 480 481 481 481 481 481 481 481 481 482 483 483 483 483 483 483 483 483 483 484 484 484 484 484 484 484 484 484 484 485 485 485 486 486 486 486 486 486 486 486 486 486 486 486 486 486 486 486
450 450 451 451 452 452 452 452 453 453 453 453 453 454 471 472 472 472 473 473 473 473 473 474 474 474 474 474 475 476 476 476 476 476 476 477 477 477 477 477 477 478 479 479 479 479 479 479 479 479 480 480 480 480 480 480 481 481 482 482 482 482 482 482 482 482 482 482 482 483 483 483 483 484 484 484 484 484 484 484 484 484 484 484 485 485 485 485 485 485 485 485 485 485
448 449 450 450 450 450 451 451 451 451 452 452 452 469 469 471 471 471 471 471 472 472 472 472 472 473 473 473 474 474 474 475 475 475 475 475 475 475 476 476 476 477 477 477 477 478 478 478 478 478 478 478 478 479 479 480 480 480 480 480 480 480 481 481 481 481 481 481 481 481 481 481 482 483 483 483 483 483 483 483 483 483 483 483 483 483 483 483 483 483 483 483 484 484
447 448 448 449 449 449 449 449 450 450 450 450 468 468 469 469 469 470 470 470 470 470 471 471 471 471 471 472 473 473 473 473 473 473 474 474 474 474 474 474 476 476 476 476 476 476 476 477 477 477 477 477 477 477 478 478 479 479 479 479 479 479 479 479 479 479 480 480 480 480 481 481 481 481 481 481 481 481 481 482 482 482 482 482 482 482 482 482 482 482 482 482 482 482
445 447 447 447 447 448 448 448 448 448 449 466 466 466 468 468 468 468 468 469 469 469 469 469 469 470 470 471 471 471 472 472 472 472 472 472 473 473 473 473 474 474 474 475 475 475 475 475 475 475 475 476 476 476 477 477 477 477 477 478 478 478 478 478 478 478 478 478 478 479 480 480 480 480 480 480 480 480 480 480 480 480 480 480 480 481 481 481 481 481 481 481 481 481
444 445 445 446 446 446 446 447 447 447 447 464 465 465 466 466 466 467 467 467 467 467 468 468 468 468 468 470 470 470 470 470 470 471 471 471 471 471 471 472 473 473 473 473 473 473 474 474 474 474 474 474 474 475 476 476 476 476 476 476 476 476 476 477 477 477 477 477 478 478 478 478 478 478 478 479 479 479 479 479 479 479 479 479 479 479 479 479 479 479 479 479 479 479
442 444 444 444 444 445 445 445 445 445 463 463 463 463 465 465 465 465 465 466 466 466 466 466 467 467 468 468 468 468 469 469 469 469 469 469 470 470 470 471 471 471 472 472 472 472 472 472 472 472 473 473 473 474 474 474 474 474 475 475 475 475 475 475 475 475 475 476 477 477 477 477 477 477 477 477 477 477 477 477 477 477 478 478 478 478 478 478 478 478 478 478 478 478
441 442 442 443 443 443 443 443 444 461 461 461 462 463 463 463 463 464 464 464 464 464 465 465 465 465 466 467 467 467 467 467 467 468 468 468 468 468 468 470 470 470 470 470 470 470 471 471 471 471 471 471 472 473 473 473 473 473 473 473 473 473 474 474 474 474 474 475 475 475 475 475 475 476 476 476 476 476 476 476 476 476 476 476 476 476 476 476 476 476 477 477 477 477
439 440 441 441 441 441 442 442 459 459 460 460 460 461 461 462 462 462 462 463 463 463 463 463 464 464 465 465 465 465 466 466 466 466 466 466 467 467 467 468 468 468 469 469 469 469 469 469 469 470 470 470 471 471 471 471 471 472 472 472 472 472 472 472 472 472 473 474 474 474 474 474 474 474 474 474 474 474 474 474 475 475 475 475 475 475 475 475 475 475 475 475 475 475
439 439 439 439 440 440 440 457 458 458 458 458 458 460 460 460 460 461 461 461 461 461 462 462 462 462 463 464 464 464 464 464 464 465 465 465 465 465 466 467 467 467 467 467 467 467 468 468 468 468 468 469 469 470 470 470 470 470 470 470 470 470 471 471 471 472 472 472 472 472 472 472 472 473 473 473 473 473 473 473 473 473 473 473 473 473 473 473 473 474 474 474 474 474
437 437 437 438 438 438 438 456 456 456 456 457 457 458 458 459 459 459 459 459 460 460 460 460 460 462 462 462 462 462 463 463 463 463 463 463 464 464 465 465 465 465 466 466 466 466 466 466 466 467 467 468 468 468 468 468 468 468 469 469 469 469 469 469 469 470 470 471 471 471 471 471 471 471 471 471 471 471 471 471 472 472 472 473 473 473 473 473 473 473 472 472 472 472
435 436 436 436 436 437 454 454 454 455 455 455 455 456 457 457 457 457 458 458 458 458 458 459 459 460 460 460 461 461 461 461 461 461 462 462 462 462 463 463 464 464 464 464 464 464 465 465 465 465 465 466 466 466 467 467 467 467 467 467 467 467 468 468 469 469 469 469 469 469 469 469 469 470 470 470 470 470 470 470 470 471 471 471 471 471 471 471 471 472 472 472 471 471
434 434 434 434 435 452 452 452 453 453 453 453 455 455 455 455 455 456 456 456 456 457 457 457 457 458 459 459 459 459 459 460 460 460 460 460 460 461 462 462 462 462 462 462 463 463 463 463 463 463 463 465 465 465 465 465 465 465 465 466 466 466 466 466 467 467 467 467 468 468 468 468 468 468 468 468 468 468 468 469 469 470 470 470 470 470 470 470 470 470 470 470 470 470
