testData/tiles/oneDegreeCosts/grid3.0-10.0-4.0-11.0.asc
ncols   200
nrows   200
xllcorner   3.0
yllcorner   10.0
cellsize   0.005
NODATA_value   -9999.0
[rows 0 to 41 of 200, columns 0 to 93 of 200]
403 404 404 404 406 405 406 405 406 407 407 408 407 408 408 408 408 409 409 410 409 409 411 410 411 411 411 411 411 411 412 411 412 411 412 412 412 412 412 412 413 413 413 412 412 412 412 413 412 413 412 413 414 413 414 413 414 414 414 414 414 415 415 416 416 416 417 417 418 418 418 419 419 419 420 420 421 421 421 422 422 422 423 423 423 424 424 424 425 425 425 426 426 426
405 405 405 406 406 406 407 407 408 407 408 409 408 409 409 410 409 410 410 410 412 410 411 411 412 411 412 412 413 411 412 413 413 413 413 413 414 413 413 413 414 414 413 414 413 414 412 413 414 414 414 414 414 414 414 415 415 415 414 415 415 415 415 417 417 417 418 418 418 419 419 420 420 420 421 421 422 422 422 423 423 423 424 424 424 425 425 425 426 426 426 427 426 426
405 406 406 407 406 407 408 408 408 408 409 410 409 410 410 411 411 410 410 412 411 411 412 412 413 413 413 413 414 414 413 413 415 414 414 413 415 415 414 414 414 415 413 414 414 415 414 414 414 415 414 415 415 415 416 415 416 415 416 416 416 417 416 416 417 417 418 418 419 420 420 421 421 421 422 422 422 423 423 424 424 424 425 425 425 426 426 425 426 426 426 427 427 427
406 407 407 408 408 407 409 409 410 409 410 410 411 410 411 412 411 412 411 412 413 413 412 414 414 414 414 414 415 414 415 414 415 415 415 415 415 415 416 415 415 415 416 415 415 416 415 416 415 415 416 415 416 416 417 417 416 417 416 417 416 418 418 417 418 418 419 419 419 420 420 420 421 421 422 422 422 423 423 423 424 424 424 425 425 426 426 426 427 427 427 428 428 428
408 407 408 409 409 409 409 410 411 409 411 411 412 412 411 413 413 413 413 413 413 415 413 414 414 415 414 414 415 416 415 415 415 416 416 416 416 416 416 416 416 417 416 416 416 417 417 416 416 416 417 417 417 417 417 417 417 418 418 418 418 418 418 418 418 419 419 420 420 421 421 421 422 422 423 423 423 424 424 424 425 425 425 426 426 426 427 427 427 428 427 427 428 428
409 408 408 410 410 411 410 411 412 412 411 412 413 412 413 413 413 415 413 414 415 415 415 415 415 416 416 416 415 417 417 416 416 417 417 417 416 418 417 417 416 418 418 417 417 417 418 418 417 417 417 417 419 418 418 418 418 418 418 420 419 419 419 419 419 419 419 420 420 421 422 422 423 423 423 424 424 425 425 425 426 426 426 427 427 426 427 427 427 428 428 428 429 429
410 409 410 410 411 412 410 412 412 413 413 412 414 414 414 414 414 414 416 415 415 417 416 416 416 417 417 417 417 417 417 418 417 418 417 418 417 418 418 419 418 418 418 420 418 418 418 418 419 418 419 418 419 418 419 420 419 420 419 419 420 419 421 420 420 420 420 421 421 421 422 422 423 423 423 424 424 424 425 425 426 426 426 427 427 427 428 428 428 429 429 429 430 429
411 411 410 411 412 413 412 412 413 414 413 414 414 414 416 414 416 415 416 416 416 417 418 417 417 417 418 419 417 419 418 419 418 419 419 419 419 419 419 420 419 419 419 419 419 419 420 419 419 419 420 420 419 420 419 420 420 421 421 420 421 420 421 421 420 421 421 422 422 422 423 423 424 424 424 425 425 425 426 426 426 427 427 427 428 428 429 429 429 429 429 429 430 430
411 411 413 411 413 413 413 414 413 415 415 414 415 415 416 416 416 416 418 417 417 417 418 418 418 419 418 420 419 419 420 420 419 420 420 421 419 420 420 420 420 419 421 420 420 420 420 421 421 420 420 420 421 421 421 421 421 421 421 421 422 422 422 422 422 422 422 422 422 422 423 423 423 425 425 426 426 426 427 427 427 428 427 427 428 428 428 429 429 429 430 430 430 431
412 413 413 413 413 414 415 414 415 415 415 417 415 417 417 417 418 417 418 419 418 418 419 419 419 419 420 419 419 420 420 420 420 420 420 420 422 420 421 420 422 421 421 421 422 421 422 421 421 421 421 421 421 422 421 423 422 422 423 422 423 422 422 423 423 424 423 423 423 423 424 424 424 425 425 425 426 426 427 427 427 428 428 428 429 429 429 430 430 430 431 431 430 431
412 413 414 414 415 414 415 416 415 417 416 417 417 417 417 419 418 418 419 419 420 419 420 420 421 420 420 421 421 420 422 421 422 420 422 421 422 422 422 422 422 422 423 422 423 421 422 423 422 422 421 423 422 423 423 423 423 422 424 423 423 424 423 424 423 424 423 424 425 424 424 425 425 426 426 426 427 427 427 428 428 429 429 429 430 430 430 431 430 430 431 431 431 432
414 414 414 416 415 416 416 416 417 417 417 418 417 419 418 419 420 419 419 420 421 420 421 421 421 421 422 421 423 421 422 422 423 422 422 423 423 422 423 423 424 422 423 424 423 423 422 423 423 423 423 423 423 423 424 424 424 424 424 424 423 425 425 425 425 424 425 424 425 425 424 425 425 425 426 426 427 427 427 428 428 428 429 429 429 430 430 430 431 431 432 432 432 432
414 415 415 416 416 416 417 417 418 418 418 418 419 419 419 420 420 421 420 421 421 421 422 422 423 421 423 423 423 422 423 423 423 423 424 423 424 424 424 424 424 425 423 424 424 425 424 424 424 424 424 424 424 424 424 424 425 425 425 425 425 425 425 426 426 426 426 426 425 426 425 426 426 426 427 427 428 428 428 429 429 429 430 430 430 431 431 431 432 432 432 432 432 432
416 415 416 417 417 418 417 418 419 418 419 419 420 420 420 421 421 421 421 422 422 421 422 423 423 424 423 423 425 424 424 424 425 424 424 425 424 425 424 425 425 425 425 425 425 426 424 426 425 425 424 424 426 425 426 425 426 425 425 427 426 427 426 426 426 426 427 426 426 427 427 427 427 427 428 428 428 429 429 429 430 430 431 431 431 432 431 431 432 432 432 433 433 433
417 416 417 418 418 418 418 419 420 419 420 420 421 421 422 421 422 423 422 423 423 424 422 424 424 424 424 424 424 425 424 425 425 426 424 425 426 426 425 425 426 427 425 426 426 427 425 425 426 426 426 425 426 426 427 427 426 427 426 427 427 427 428 427 428 427 427 428 427 428 427 427 427 427 428 428 428 429 429 429 430 430 430 431 431 432 432 432 433 433 433 434 434 433
417 417 418 418 419 420 419 420 420 421 422 421 422 422 422 422 423 423 422 424 424 425 424 424 425 426 424 426 425 426 424 426 426 426 426 426 426 427 426 427 426 427 428 427 427 427 428 426 427 427 427 427 427 427 427 427 427 428 428 428 428 427 428 428 428 429 428 429 428 429 429 428 429 428 428 429 429 430 430 430 431 431 431 432 432 432 433 433 433 434 433 433 434 434
418 418 419 419 420 420 419 421 421 422 422 422 423 423 423 423 424 424 424 424 425 426 424 426 425 426 426 426 426 427 427 426 427 428 427 427 427 428 428 428 428 428 428 427 428 428 428 427 428 428 429 427 427 428 428 428 428 429 428 428 429 429 429 429 429 429 429 429 429 429 430 430 430 430 429 430 430 430 431 431 432 432 432 433 433 432 433 433 433 434 434 434 435 435
418 420 419 420 421 420 421 421 422 423 422 423 423 424 425 423 425 425 426 425 425 426 427 426 427 427 427 427 427 428 428 428 427 428 429 428 428 429 429 428 428 429 429 428 428 429 430 428 429 428 429 428 428 429 428 430 429 429 429 429 430 429 430 430 430 430 430 431 430 430 430 430 430 430 430 430 430 430 431 431 431 432 432 432 433 433 434 434 434 435 435 435 435 435
420 420 421 420 422 422 422 422 423 424 424 423 424 425 425 425 425 426 427 425 427 426 428 427 427 428 428 427 428 428 429 428 429 428 429 429 429 429 429 429 429 429 430 429 430 429 430 430 429 430 429 429 429 430 430 430 430 429 431 430 431 431 430 431 430 431 431 431 432 431 432 431 431 431 431 430 431 431 432 432 432 433 433 433 434 434 434 435 435 435 435 435 435 436
420 422 421 422 422 422 424 422 424 424 425 425 424 426 426 425 426 426 428 427 427 428 428 427 428 428 429 428 429 428 430 430 429 430 430 430 430 430 431 430 431 430 431 431 431 431 430 431 430 431 431 431 430 430 431 431 431 431 431 431 431 432 432 432 432 432 432 431 432 431 431 432 431 433 432 432 432 432 432 433 433 434 433 433 434 434 434 435 435 435 436 436 436 437
421 422 423 422 423 424 424 424 424 425 426 425 426 426 427 428 426 428 428 428 428 428 430 429 429 429 430 430 430 430 430 431 431 430 431 431 431 431 432 432 431 431 432 432 431 431 432 432 431 431 431 433 431 431 431 431 432 432 433 432 432 432 432 432 433 433 433 433 433 433 432 433 433 433 433 432 433 432 432 433 433 433 434 434 435 435 435 436 436 436 437 436 436 437
422 422 423 425 423 424 425 425 426 425 426 427 426 427 427 428 428 428 429 429 428 429 429 430 429 430 430 431 431 430 432 431 431 432 432 432 432 432 432 432 432 432 432 433 432 433 432 433 432 433 432 432 432 432 433 432 433 432 432 434 433 434 433 433 433 433 433 433 434 434 434 434 434 433 434 434 434 434 433 434 434 434 435 435 435 436 436 436 436 436 436 437 437 437
423 423 424 424 424 425 425 427 426 427 427 427 428 427 429 428 428 430 429 431 429 430 430 431 430 431 431 431 431 432 432 433 431 432 433 433 432 432 433 433 432 434 433 434 432 434 433 434 433 433 434 433 433 432 433 434 433 434 433 434 433 434 435 434 435 434 435 434 434 435 434 435 434 434 434 434 434 435 435 434 434 434 435 435 435 436 436 436 437 437 437 438 438 437
423 424 425 426 425 426 426 427 427 427 427 428 428 429 429 429 429 429 431 431 431 431 431 432 432 432 432 433 432 433 433 433 434 433 433 433 434 434 433 435 434 434 434 435 435 434 434 434 435 434 434 434 435 434 433 434 434 435 435 435 435 434 435 435 435 436 435 436 435 436 435 435 436 435 436 435 435 435 435 434 435 435 435 436 436 436 437 437 438 438 437 438 438 438
424 425 426 426 427 426 427 428 428 429 428 429 429 429 431 430 431 430 431 431 432 431 432 433 432 433 433 433 434 433 433 435 434 434 434 435 434 435 435 435 435 435 435 435 436 435 435 435 435 435 436 435 435 434 435 435 435 435 435 435 436 436 436 436 436 436 436 436 436 436 437 436 437 436 436 437 436 437 436 436 436 436 436 437 437 437 437 437 437 438 438 438 439 439
425 426 426 426 428 427 428 428 429 429 429 430 430 430 430 431 432 431 432 432 432 432 433 433 434 433 434 434 434 435 434 435 436 435 435 436 436 435 435 436 436 435 436 436 436 435 437 436 437 435 435 436 436 436 435 436 436 437 436 436 437 436 437 437 437 437 437 437 437 437 437 437 437 437 436 437 437 437 437 436 436 436 436 437 437 437 438 438 438 439 439 439 439 439
427 427 426 428 428 428 429 429 430 429 430 431 431 431 431 432 432 432 433 433 434 432 434 434 434 434 434 435 436 435 436 435 436 435 436 436 436 436 436 436 438 436 437 436 438 436 437 437 437 437 436 437 437 437 437 437 437 437 438 437 438 437 437 438 437 438 438 438 438 438 439 438 438 438 438 438 438 437 438 438 437 438 437 437 438 438 438 439 439 439 439 439 439 440
427 427 428 428 429 428 430 430 431 431 430 431 432 433 432 432 433 433 433 434 434 435 434 435 436 435 436 435 436 437 436 436 437 437 436 437 438 437 438 437 438 437 438 438 438 439 437 438 437 438 438 438 438 438 437 437 438 438 438 438 438 439 438 439 439 439 439 438 439 438 438 439 439 440 439 439 439 439 438 439 438 439 439 438 438 438 438 439 439 439 440 440 440 441
428 428 428 430 429 431 430 431 432 431 432 431 433 433 433 434 433 435 433 435 435 435 435 435 435 437 436 437 437 437 437 437 438 438 438 437 439 439 438 438 438 439 438 439 439 439 438 439 439 439 438 440 439 439 438 438 438 439 440 439 439 439 439 439 440 439 440 440 440 440 439 440 439 440 439 439 440 439 439 439 439 439 439 438 439 439 439 440 440 440 441 440 440 441
429 429 429 429 431 431 431 431 431 433 432 433 433 434 433 433 435 435 435 435 435 437 435 437 436 437 437 437 437 438 437 438 438 439 438 439 439 439 438 439 439 440 439 439 439 440 439 440 439 440 439 439 439 440 440 439 440 439 439 440 440 441 440 440 440 440 440 441 440 441 441 441 441 440 441 440 440 440 440 441 440 440 440 440 439 440 440 440 440 440 440 441 441 441
429 430 430 430 431 432 431 432 432 433 433 433 435 434 435 434 435 436 435 436 436 437 437 437 438 438 437 439 438 439 438 439 438 440 439 439 440 440 439 440 440 441 439 441 440 441 440 440 441 440 440 440 441 440 440 441 440 441 440 441 440 440 441 441 442 441 442 441 441 441 441 441 441 442 442 442 441 442 441 441 441 441 441 440 440 440 440 440 441 441 441 442 442 441
430 431 431 431 432 432 433 432 433 434 434 434 434 436 436 435 436 436 438 436 437 437 438 438 438 439 439 439 439 440 439 440 440 440 440 441 440 442 440 441 440 442 441 441 442 441 441 440 442 442 441 441 442 442 440 441 440 441 442 442 442 441 442 441 442 442 442 443 442 443 442 442 442 442 442 442 442 442 442 441 442 441 441 441 441 441 441 441 441 442 441 441 442 442
430 432 432 432 433 432 434 433 434 435 435 435 435 436 436 436 437 437 438 438 438 438 439 438 440 439 440 439 440 440 441 440 440 441 441 441 441 441 442 441 442 442 443 441 442 442 443 442 442 442 442 442 442 442 442 442 442 442 442 442 443 443 443 443 442 443 442 443 444 443 444 443 444 443 443 443 443 442 443 443 443 443 442 443 442 442 442 441 441 442 442 442 443 443
432 432 433 433 433 434 434 434 434 435 436 436 436 437 437 437 437 438 438 438 439 439 440 439 440 439 441 440 441 441 441 441 442 441 443 441 442 442 443 442 443 443 443 442 443 443 444 443 443 443 443 443 443 443 443 443 443 443 443 443 443 443 443 444 444 444 444 443 444 443 444 444 444 444 443 445 444 444 444 444 443 443 443 443 443 442 443 442 442 443 443 443 443 443
432 432 433 433 434 434 435 434 436 435 437 436 437 437 437 438 438 439 439 439 439 440 440 440 441 441 441 441 442 441 443 441 443 442 443 443 443 443 444 443 443 443 445 443 443 444 444 443 443 445 444 444 443 445 444 443 444 443 444 444 444 444 444 444 444 445 445 445 445 445 445 445 444 445 445 445 445 444 445 444 444 444 444 443 444 444 443 444 443 443 443 443 443 444
433 433 434 433 434 436 435 436 436 437 437 437 438 437 439 438 439 440 440 440 439 441 440 441 441 441 442 441 442 443 443 443 443 443 444 443 443 444 444 443 444 444 444 445 444 445 444 445 444 445 445 444 445 445 445 444 445 444 444 445 444 446 445 446 445 445 445 445 446 445 446 446 446 446 446 445 446 445 445 446 445 445 445 445 445 444 443 444 443 443 444 444 444 445
433 434 435 435 435 435 436 437 437 437 438 438 438 439 439 440 439 440 441 441 441 441 442 442 442 443 442 443 442 443 443 443 444 444 444 444 444 445 445 445 444 446 445 445 444 446 446 445 446 445 446 444 446 446 446 445 445 446 445 446 445 446 446 446 447 446 447 446 446 446 446 447 446 446 446 446 446 446 445 446 445 445 446 445 445 445 445 444 445 444 444 444 444 444
433 435 435 436 436 436 437 437 437 439 438 439 438 439 441 440 441 440 442 442 441 442 442 444 442 443 444 444 444 444 444 445 444 445 445 446 445 446 445 447 446 446 446 446 446 446 447 446 446 446 447 446 446 446 446 446 446 446 446 447 447 446 447 446 447 447 447 448 447 448 447 447 447 447 448 447 447 447 447 446 447 446 447 446 446 447 446 446 445 445 444 445 445 445
435 435 436 436 436 437 438 438 438 438 439 440 439 440 440 442 441 442 442 442 442 442 444 444 444 443 444 445 444 445 445 446 445 446 446 447 446 446 447 446 446 447 447 447 447 447 447 447 447 447 448 446 447 447 447 446 447 447 447 447 447 447 448 448 448 448 447 448 448 448 448 448 449 448 448 448 448 449 448 448 448 448 447 448 446 446 446 446 445 446 446 445 446 445
435 436 436 438 436 438 439 438 439 438 440 440 440 441 441 442 442 442 442 443 443 443 444 445 444 444 445 445 445 445 446 446 446 446 447 447 447 447 447 448 447 447 448 448 448 447 449 448 447 448 448 448 447 449 448 449 447 447 448 448 449 448 449 448 448 449 449 449 449 448 449 449 449 449 448 449 448 448 448 448 448 448 448 448 448 447 448 447 447 447 446 445 446 446
436 436 437 437 437 438 438 440 439 440 440 441 441 441 442 443 442 443 443 444 443 444 444 445 446 445 446 446 446 446 447 447 447 447 447 448 447 447 449 448 448 448 449 448 448 448 448 450 448 449 448 450 448 449 449 449 449 448 449 448 450 449 449 450 449 450 449 449 450 450 450 450 449 450 450 449 450 449 450 449 449 449 449 448 449 449 448 448 447 448 447 447 447 447
437 436 438 438 439 439 439 440 441 440 442 441 443 442 443 443 443 444 443 445 444 445 445 446 445 445 446 447 446 447 447 448 447 448 449 448 448 448 448 449 448 449 449 450 448 450 449 450 449 450 450 450 449 449 450 449 449 450 450 450 450 450 449 451 450 450 451 450 451 450 450 450 450 451 451 450 451 451 450 451 450 451 449 449 449 449 448 449 448 448 449 448 447 447
