testData/tiles/oneDegreeCosts/grid13.0-43.0-14.0-44.0.asc
ncols   200
nrows   200
xllcorner   13.0
yllcorner   43.0
cellsize   0.005
NODATA_value   -9999.0
[rows 42 to 83 of 200, columns 94 to 187 of 200]
592 595 598 600 603 605 606 608 610 611 613 614 615 615 618 619 619 619 620 621 623 622 623 623 623 623 623 624 624 624 624 624 624 623 623 623 624 622 621 621 619 619 619 619 617 617 616 615 614 613 612 610 609 609 607 605 604 602 601 601 599 597 595 593 591 591 588 587 584 582 581 579 577 575 572 569 568 565 563 560 557 555 553 550 548 543 541 538 536 532 528 525 522 519
594 595 599 601 603 604 606 608 610 612 612 613 615 617 617 618 619 620 621 621 622 623 623 623 624 624 625 624 624 624 624 624 624 623 623 623 623 623 621 621 622 619 619 618 618 617 617 616 614 613 612 610 610 609 608 606 605 604 602 600 599 597 596 595 592 590 589 586 585 584 580 579 577 574 572 569 568 566 562 560 558 555 553 549 547 545 540 539 535 532 529 525 522 519
593 596 598 600 602 604 606 608 609 611 612 614 615 616 617 617 618 620 621 621 621 622 624 623 624 624 624 624 625 625 625 624 624 624 624 623 623 622 622 622 621 621 619 619 618 618 616 615 615 613 613 612 609 608 607 605 605 604 603 600 599 597 596 595 593 590 588 587 585 584 581 578 577 574 573 571 568 565 563 560 559 555 552 550 547 544 543 538 535 532 529 525 522 519
593 596 598 599 601 605 607 608 610 611 614 615 615 617 618 620 620 621 621 622 621 623 623 624 624 624 625 625 624 624 624 624 625 624 624 624 623 622 623 621 621 620 620 619 619 618 616 615 614 614 613 612 611 609 607 607 605 604 603 600 599 598 596 594 593 590 589 587 585 583 582 579 576 575 572 570 569 565 562 560 558 556 553 549 547 545 542 539 535 532 528 527 522 519
593 596 598 602 603 605 607 608 610 612 613 615 616 616 618 619 620 620 621 623 623 623 624 624 624 625 625 625 625 624 624 625 625 624 624 624 624 623 623 623 620 620 620 619 618 618 617 615 615 614 612 611 610 609 608 607 605 603 602 601 600 598 596 594 592 591 589 588 585 583 581 579 578 576 572 570 568 565 564 561 558 555 553 550 547 544 542 539 535 532 529 526 523 518
592 595 599 601 602 604 606 609 611 611 613 614 616 616 618 619 620 620 621 622 623 623 623 623 625 625 625 625 625 626 625 624 624 624 624 624 624 623 623 622 622 621 620 619 618 617 617 616 615 614 614 611 610 610 608 607 606 603 602 601 599 598 597 594 592 591 589 587 586 582 581 580 577 575 573 569 567 566 563 561 557 555 553 550 548 544 541 538 535 533 529 526 523 519
593 595 598 600 602 603 606 608 610 610 612 614 617 617 617 618 619 621 621 622 622 623 623 624 624 625 625 625 626 626 625 625 625 625 625 624 624 622 622 622 622 621 620 620 618 618 617 616 615 614 613 612 610 610 608 607 605 605 603 601 600 597 596 596 593 591 589 587 585 584 582 579 577 575 573 570 568 566 563 561 559 554 553 550 547 545 540 538 536 533 530 525 522 518
593 596 598 600 604 605 607 608 610 612 613 615 616 617 617 619 620 621 621 622 623 624 624 624 625 625 625 625 625 625 625 625 625 625 624 624 624 624 623 622 622 620 620 620 620 618 618 616 614 614 614 613 611 610 608 606 606 605 603 602 600 597 597 595 593 591 590 586 586 584 582 580 577 574 572 571 568 565 562 560 558 556 553 550 547 544 541 538 536 532 529 525 521 519
593 595 597 601 603 605 606 608 611 612 613 614 615 617 618 619 620 621 622 622 623 624 624 624 624 626 626 625 626 626 625 625 625 625 624 624 624 624 623 623 622 621 620 620 619 618 617 616 615 614 613 612 610 610 609 608 605 604 602 601 600 598 596 595 592 591 589 588 585 584 581 579 578 574 573 571 568 566 563 560 559 555 553 550 546 544 541 539 535 531 529 525 523 519
592 595 598 600 602 604 605 608 610 611 612 613 615 617 618 618 619 620 622 622 623 623 624 624 625 625 625 625 625 625 626 625 625 624 624 624 624 624 622 622 622 621 621 619 619 617 617 616 616 615 614 612 610 609 609 607 606 605 602 601 600 598 597 595 592 590 590 587 586 583 580 579 577 575 572 570 567 565 563 560 558 555 552 550 546 544 542 538 536 531 528 526 522 518
592 594 597 600 602 605 607 608 610 612 612 615 616 617 619 619 620 622 622 622 623 624 624 624 624 625 625 625 625 626 626 625 625 625 625 625 624 623 622 622 622 622 620 620 619 617 616 616 616 614 613 612 610 610 609 607 605 604 602 601 600 597 596 595 592 591 589 587 585 584 580 578 577 575 573 571 567 565 564 561 557 554 552 550 547 544 541 538 535 531 528 526 522 519
593 594 597 599 603 605 606 608 609 611 613 614 615 617 618 618 620 621 622 622 622 623 625 624 625 625 625 625 625 625 625 625 625 625 625 624 624 624 622 622 622 621 620 619 619 617 618 616 615 614 613 612 611 610 608 606 605 604 603 602 600 597 596 594 593 591 589 586 585 583 580 580 577 574 572 570 567 565 563 560 558 554 551 550 547 544 541 537 534 532 529 525 521 518
592 594 596 600 602 604 605 607 609 611 612 613 615 616 616 618 619 620 621 621 622 623 624 624 624 624 626 625 625 626 626 625 625 625 624 624 623 623 622 623 622 622 619 619 618 618 617 616 615 613 612 612 610 610 609 607 604 604 602 601 600 597 595 595 592 591 589 586 584 583 581 579 577 574 572 570 568 566 563 560 557 554 552 549 546 544 540 536 534 531 528 524 520 517
590 593 596 599 601 602 605 607 610 612 612 614 615 617 618 619 620 621 621 621 622 623 623 623 624 625 624 625 625 625 625 625 625 625 624 623 623 624 622 622 622 620 620 619 619 617 617 616 614 613 614 612 610 609 608 606 606 605 602 600 599 597 597 594 592 590 589 586 585 583 580 579 577 574 571 570 567 565 562 559 557 555 552 549 546 543 539 537 534 530 528 524 520 517
590 594 597 599 601 603 606 608 609 610 612 613 616 617 617 618 619 620 621 622 623 623 623 623 625 625 624 624 624 624 625 625 625 625 624 624 624 623 622 622 621 620 620 620 618 618 616 615 614 614 613 611 610 609 607 607 605 604 602 600 599 597 596 595 592 590 588 586 585 584 580 578 575 574 573 569 567 565 562 559 557 554 552 548 545 542 539 537 535 530 527 523 520 516
590 593 596 598 600 603 605 607 609 609 611 613 615 615 616 618 619 620 620 621 622 623 623 624 624 625 624 624 625 626 624 624 624 624 624 624 624 623 622 622 621 620 620 619 618 617 617 615 614 613 613 611 610 609 607 606 605 603 602 600 598 597 596 593 592 590 587 586 585 582 580 578 575 574 572 569 566 564 561 560 557 553 551 548 545 542 539 537 533 530 526 523 521 517
589 592 595 597 600 602 604 606 607 609 611 613 614 615 616 617 619 619 620 621 621 621 623 623 624 623 624 624 625 624 625 625 625 624 624 623 622 622 622 622 621 621 619 618 617 617 616 615 615 614 611 610 609 609 607 606 604 602 601 601 599 597 595 593 591 590 588 586 584 582 580 578 575 573 571 569 567 563 561 559 556 554 551 547 545 542 539 536 532 530 526 522 520 516
588 591 595 598 600 602 604 605 607 610 612 613 614 615 616 618 618 619 620 621 621 623 623 623 623 623 623 624 624 624 624 624 624 624 624 624 622 622 621 621 621 620 620 618 617 616 616 615 614 613 612 610 610 608 607 606 604 602 602 599 598 597 595 592 591 589 588 586 583 581 579 578 576 573 570 568 566 563 561 558 556 553 550 547 545 542 539 535 532 529 525 522 518 515
589 591 594 597 599 602 603 605 608 609 611 611 613 614 616 617 618 619 620 620 621 622 623 622 623 623 624 624 623 623 623 623 624 624 623 622 622 622 623 620 620 620 618 618 617 618 615 614 614 612 611 611 609 607 606 604 603 602 602 599 598 596 594 593 591 589 587 586 583 580 579 577 575 572 569 568 565 563 561 557 555 552 549 547 544 541 539 535 531 527 526 523 518 515
589 591 593 596 598 600 603 605 607 609 609 611 612 615 615 616 617 618 618 620 621 621 622 622 622 623 624 623 623 624 623 624 623 623 622 622 622 622 621 621 621 618 618 618 618 616 616 615 612 612 612 610 609 608 606 604 603 603 601 599 597 595 594 593 591 588 587 584 583 581 578 576 575 572 570 566 565 563 560 558 554 551 549 546 543 541 537 534 531 528 525 521 518 513
587 590 593 595 598 601 603 605 607 608 609 612 613 614 615 616 617 617 619 620 621 620 620 621 622 622 622 623 623 623 623 623 623 622 622 621 621 621 621 620 619 619 618 618 616 616 615 613 613 613 611 609 608 607 605 604 603 601 600 599 597 594 594 592 590 589 586 584 582 580 579 576 573 571 569 567 564 561 559 557 554 551 549 546 543 539 536 534 531 527 523 520 517 513
587 590 593 594 598 600 602 603 605 607 610 611 612 613 614 616 616 618 619 620 619 620 621 622 622 622 622 622 622 623 623 623 622 622 622 622 622 620 620 619 618 618 619 617 617 615 613 613 613 612 611 609 608 606 605 605 603 601 600 597 596 596 593 591 590 587 586 584 581 580 578 575 573 571 568 567 564 561 559 556 553 552 548 545 542 539 536 532 530 527 523 520 516 513
586 588 591 595 597 599 601 603 605 607 609 610 611 612 614 614 616 617 618 618 619 619 621 621 621 622 622 622 623 623 622 621 621 621 621 621 621 621 620 618 618 619 617 617 616 615 614 612 612 611 610 609 607 605 605 603 602 601 598 597 596 594 593 592 588 587 585 584 582 579 577 575 573 569 568 565 563 561 557 555 554 550 547 544 541 539 535 532 529 526 523 518 515 511
584 587 591 594 595 598 600 602 606 607 608 610 611 612 613 615 616 616 616 617 618 620 620 620 621 621 620 622 622 621 622 622 622 621 621 621 620 619 619 619 618 617 617 616 615 614 613 613 611 610 609 608 607 607 604 603 602 600 598 597 595 594 592 590 589 586 585 583 581 579 576 574 571 571 567 565 563 560 558 554 552 550 546 543 541 537 535 532 528 525 521 518 513 511
583 588 591 593 595 598 600 602 604 606 608 609 610 611 613 615 615 616 617 618 618 619 620 620 619 619 620 621 621 621 621 621 621 621 621 620 619 619 618 618 618 617 617 615 614 613 613 612 611 610 608 607 605 605 604 603 600 599 598 597 595 593 591 589 588 586 584 582 580 578 575 573 572 569 567 564 561 559 557 555 552 548 546 543 539 536 534 531 527 524 521 517 514 511
584 586 589 592 594 597 599 601 603 605 606 607 609 611 612 613 614 615 616 617 618 619 619 619 619 620 620 621 620 620 620 620 621 621 620 619 619 619 618 618 617 616 615 615 614 613 612 612 610 609 608 606 606 605 603 602 601 598 597 596 594 593 590 588 586 586 583 581 579 577 575 573 570 568 567 564 561 557 556 554 550 548 545 542 539 536 533 531 527 523 519 516 514 509
582 585 588 591 593 595 598 600 601 603 605 607 609 610 611 612 613 613 615 616 617 617 618 618 619 619 620 620 620 620 620 620 619 619 619 619 618 618 618 618 616 615 615 613 613 613 612 610 609 609 607 607 606 603 602 601 599 598 597 595 593 592 590 587 587 584 583 581 578 576 574 573 571 567 565 563 560 557 556 553 550 546 544 541 539 536 533 529 526 522 518 515 512 509
581 584 586 590 593 596 598 600 602 604 605 607 609 610 611 612 613 614 616 616 617 617 617 617 618 619 619 618 619 619 619 619 619 619 617 617 617 618 617 616 616 615 613 613 613 612 611 611 608 607 607 605 605 604 601 600 599 598 596 594 593 591 589 588 585 584 581 580 578 574 574 572 569 566 564 561 559 558 554 552 549 546 543 540 538 535 531 528 525 522 517 515 512 508
581 583 586 589 592 594 597 599 600 602 605 606 608 608 610 611 612 613 614 615 616 616 616 618 619 618 618 618 618 618 619 619 618 618 618 618 617 616 616 616 615 614 614 613 612 611 610 609 608 607 606 605 604 602 601 599 598 597 596 593 591 590 588 587 586 582 581 579 577 575 573 570 569 566 563 561 558 557 555 550 548 545 542 540 537 534 530 527 524 520 518 513 510 507
581 582 584 588 591 594 595 597 599 602 604 605 606 608 609 609 611 612 613 613 614 615 616 616 617 617 618 617 618 619 618 617 617 617 616 616 617 617 615 614 614 613 613 613 612 610 609 608 607 607 606 603 602 601 600 598 597 595 594 593 591 588 588 586 584 583 579 578 576 574 573 570 567 565 563 559 558 555 553 550 547 544 541 539 536 532 530 526 522 520 516 513 508 505
580 580 584 587 589 592 595 597 598 601 603 605 606 607 608 610 612 612 613 613 614 614 615 616 616 616 616 617 617 617 617 618 616 616 616 617 615 615 615 614 612 612 613 611 611 610 608 607 607 605 605 604 601 600 599 599 597 596 594 591 590 589 586 585 583 581 580 576 574 574 571 569 566 564 562 561 557 555 551 549 546 543 541 538 534 532 528 525 521 519 516 512 508 503
581 580 583 586 589 592 593 595 598 600 601 603 605 606 606 609 610 611 611 612 613 615 614 615 616 615 615 615 616 617 616 616 616 616 616 615 615 614 613 613 613 612 611 611 609 609 608 606 606 605 604 602 601 600 597 597 596 594 593 591 589 588 587 584 582 581 578 576 574 572 570 568 565 563 560 559 557 553 551 548 545 542 540 537 534 530 527 524 522 517 514 510 507 503
580 580 582 584 587 590 592 596 597 599 600 602 603 604 607 608 608 609 610 611 612 613 614 614 614 614 615 616 615 615 615 614 614 614 615 614 614 613 612 612 611 612 610 610 609 607 606 607 605 603 602 602 600 599 599 596 595 594 591 590 588 587 585 584 581 579 577 575 574 571 569 567 564 561 560 557 555 551 549 547 544 542 538 535 533 529 526 522 520 517 512 509 505 502
580 579 580 584 586 588 590 594 596 597 600 601 603 605 606 606 608 608 609 610 612 612 612 613 613 613 613 615 615 614 615 614 614 614 614 614 613 612 612 611 611 610 610 608 608 606 605 605 604 604 602 600 599 597 597 596 593 592 591 589 588 586 584 582 581 577 576 574 573 571 567 565 564 561 559 556 554 552 548 545 543 541 537 534 531 529 524 521 519 516 511 508 505 500
580 579 579 583 585 588 591 593 595 597 599 600 601 604 605 606 607 608 609 610 611 612 612 611 612 612 614 613 613 614 613 613 613 613 612 612 612 611 611 610 610 609 608 608 606 606 605 604 603 602 600 599 598 598 596 595 594 590 589 588 587 586 582 581 579 577 574 574 571 569 567 564 562 561 558 555 552 550 548 544 542 539 537 533 530 527 523 521 518 514 511 506 503 499
580 579 578 581 583 587 590 592 593 595 597 599 601 602 603 605 605 606 607 609 609 610 611 611 611 613 612 612 612 612 612 611 613 613 613 611 610 610 609 610 610 609 607 606 606 605 605 604 601 601 600 598 597 596 594 593 592 590 588 588 585 584 583 579 578 576 575 572 571 568 566 562 560 560 557 554 552 548 546 543 541 538 535 533 528 525 523 519 516 512 509 504 501 498
579 578 577 580 581 585 588 590 592 593 595 598 600 600 602 603 604 605 607 608 608 608 609 610 610 611 611 612 612 610 611 611 611 611 611 611 610 609 608 608 608 608 606 605 604 605 603 602 602 599 598 597 596 595 593 591 590 589 587 586 585 582 581 579 576 575 574 572 569 566 564 563 559 558 556 553 550 547 545 542 539 537 533 531 527 524 522 518 514 511 508 505 499 497
579 577 576 578 582 585 587 589 591 594 594 597 599 601 601 602 604 605 606 607 607 608 608 608 609 610 610 610 610 610 610 611 610 609 609 609 608 608 609 608 606 606 606 604 604 603 601 601 600 598 597 596 596 594 593 591 589 588 586 585 583 581 579 578 575 574 573 570 568 566 563 561 559 556 554 551 549 546 543 542 538 535 532 529 527 522 520 517 514 510 506 503 498 495
579 578 576 577 581 583 586 587 590 592 595 595 597 599 600 601 602 604 605 605 606 607 608 607 609 609 608 608 609 609 608 610 610 610 608 608 608 606 607 607 605 604 604 603 602 602 601 599 598 598 596 595 594 592 591 590 587 586 586 584 582 580 578 576 575 572 571 568 567 564 561 559 559 555 553 550 548 545 541 540 537 533 531 528 525 520 519 515 512 508 504 501 497 494
578 577 576 575 579 581 584 585 588 590 593 594 595 597 598 600 600 602 603 603 604 605 606 606 607 608 608 608 607 608 608 608 608 608 607 607 606 606 606 605 605 604 602 602 601 601 600 598 597 596 594 595 593 591 590 589 587 585 584 582 581 580 576 575 573 572 569 568 565 563 560 558 557 554 551 548 546 544 540 539 535 533 529 526 523 521 517 514 510 507 502 499 496 493
577 576 575 575 577 579 582 585 587 589 592 594 595 596 598 599 600 602 602 603 603 604 604 606 606 606 607 606 607 607 607 606 606 606 606 605 605 605 604 604 603 602 602 600 600 599 599 598 596 595 594 593 592 590 588 587 586 584 583 581 579 578 575 573 572 570 569 566 563 562 559 557 555 552 551 546 544 542 540 537 534 531 529 524 522 519 515 513 509 506 501 498 494 491
576 575 576 575 576 578 581 584 585 588 590 592 594 594 596 597 600 600 601 602 602 603 604 604 604 605 605 605 605 605 606 606 605 605 605 604 604 605 603 602 602 601 600 600 600 598 597 596 595 594 593 591 590 590 587 586 584 583 582 579 578 576 574 572 571 569 567 565 562 560 557 556 554 551 549 545 543 541 538 535 532 529 527 523 520 517 515 510 507 504 500 496 493 489
