testData/tiles/oneDegreeCosts/grid16.0-36.0-17.0-37.0.asc
ncols   200
nrows   200
xllcorner   16.0
yllcorner   36.0
cellsize   0.005
NODATA_value   -9999.0
[rows 42 to 83 of 200, columns 94 to 187 of 200]
608 609 608 608 608 831 830 830 830 830 830 829 829 829 828 828 828 828 828 828 828 827 827 827 827 826 826 827 826 826 826 826 825 825 825 824 823 824 824 823 823 823 822 822 822 821 821 822 822 829 829 829 828 828 828 827 827 827 827 827 914 913 913 913 912 912 911 910 739 738 738 738 738 738 738 737 737 737 736 736 735 735 735 734 734 733 733 732 731 731 730 730 730 728
609 608 608 608 608 608 830 830 830 830 830 830 830 829 829 828 828 828 828 828 828 827 827 827 826 826 826 827 826 826 826 825 825 825 825 824 825 825 824 824 824 823 823 823 823 822 823 823 822 829 829 828 828 828 827 827 827 827 827 827 913 913 913 912 912 912 911 911 911 910 740 740 739 739 738 737 737 736 736 736 735 735 734 734 734 733 733 732 732 732 731 731 731 730
610 609 609 609 609 608 831 831 832 830 830 830 830 829 829 829 828 829 828 828 827 827 827 827 826 826 827 826 826 826 826 825 825 825 824 824 825 825 824 824 824 823 823 823 823 823 823 823 830 830 829 829 829 829 828 828 829 828 828 827 913 913 913 912 912 911 911 911 911 911 911 910 739 739 738 738 737 737 737 736 736 735 734 734 733 733 733 733 733 732 732 732 731 731
609 609 609 609 608 608 831 831 831 831 831 831 830 830 830 830 829 830 830 829 829 828 828 827 827 827 828 827 827 827 826 826 826 826 825 826 825 824 824 824 823 823 823 823 823 823 823 830 830 830 829 829 829 828 828 829 828 828 828 827 914 914 913 913 913 912 912 912 911 911 911 910 910 909 738 738 737 737 737 736 736 735 735 735 735 735 734 734 733 732 732 731 731 731
609 609 609 608 608 608 608 830 831 831 831 830 830 830 830 830 830 830 830 829 829 829 828 828 827 828 827 827 827 827 826 826 826 826 826 826 825 825 825 825 824 824 824 823 824 824 831 831 831 829 829 829 828 828 829 828 828 828 827 827 914 913 913 913 912 912 913 912 912 912 911 911 911 910 910 908 737 737 736 736 736 736 736 735 735 735 734 734 733 733 733 732 732 730
609 609 609 608 608 608 608 831 831 831 831 830 830 830 830 830 830 830 829 829 829 829 828 828 829 828 828 827 827 826 826 826 826 826 826 826 825 825 825 824 824 824 824 824 824 832 831 831 831 830 830 830 829 830 830 829 829 829 828 827 914 913 913 913 913 913 913 912 912 911 911 911 910 910 910 909 909 909 737 738 737 736 736 735 735 734 734 734 733 733 732 732 732 731
610 610 609 609 609 609 608 832 832 832 831 831 831 831 830 831 831 830 830 830 830 829 829 829 830 829 829 829 828 828 827 827 826 827 826 825 825 825 825 824 824 824 824 824 832 831 831 831 830 830 830 830 830 830 829 829 829 828 828 828 914 914 914 914 914 914 913 912 912 911 911 911 910 910 909 909 909 909 909 909 737 737 736 736 736 735 735 734 733 733 732 732 731 731
610 609 609 609 609 609 609 609 832 831 831 831 831 830 830 831 831 830 830 830 830 829 829 830 829 829 829 829 828 828 828 827 828 827 827 826 826 826 825 825 825 825 825 825 832 832 832 831 830 830 830 830 830 830 829 829 829 828 828 828 914 914 915 914 914 914 913 913 912 912 912 911 911 911 909 910 909 909 909 908 908 908 736 736 735 735 735 734 734 733 733 733 732 731
610 609 609 609 609 609 609 609 832 831 831 831 830 830 831 831 830 830 830 830 829 829 829 829 829 829 829 828 828 828 828 827 828 828 827 826 826 825 825 825 825 825 825 833 832 832 832 831 831 831 831 831 831 830 830 830 829 829 828 914 914 915 914 914 914 913 913 913 912 912 912 911 911 911 911 911 910 910 910 909 909 907 907 907 735 735 734 734 734 733 733 732 732 732
610 610 610 610 609 610 610 610 832 832 832 832 831 831 832 831 831 831 831 830 830 830 831 830 830 830 829 829 829 829 828 828 828 827 827 827 827 826 825 825 825 825 833 832 832 832 831 831 831 831 831 831 831 830 830 830 829 829 829 915 916 915 915 915 914 914 913 912 912 912 911 911 912 911 911 910 910 910 909 909 909 908 908 907 907 907 735 734 733 733 733 733 733 732
610 610 610 609 609 610 610 610 832 832 832 831 831 832 832 831 831 831 831 830 830 830 830 830 830 830 829 829 829 829 829 829 829 828 828 828 827 827 827 827 827 834 834 833 833 832 831 831 831 831 831 831 830 830 830 829 829 829 829 916 916 915 915 915 914 914 914 913 913 912 913 913 912 911 911 910 910 909 909 909 908 908 908 907 907 906 906 736 735 735 734 734 733 732
610 610 609 609 609 610 610 610 610 832 831 831 831 832 831 831 831 831 830 830 830 830 830 830 830 829 829 829 829 829 829 829 828 828 828 827 827 827 827 827 835 835 834 833 833 832 832 832 832 832 832 831 831 831 830 830 829 829 829 916 915 915 915 914 914 914 913 913 913 913 913 913 912 912 911 911 911 910 910 910 908 908 907 907 908 907 907 906 906 735 734 734 733 733
611 611 610 610 611 611 610 610 610 833 832 832 833 832 832 832 832 831 831 831 831 831 831 831 830 830 830 829 829 829 829 828 828 828 828 827 827 827 827 827 835 834 834 834 834 833 832 833 832 832 832 831 831 831 830 830 830 830 830 917 916 916 916 915 914 913 913 913 913 913 913 912 912 912 911 911 910 910 910 909 909 909 909 909 908 908 907 906 906 905 905 733 733 733
611 610 610 610 611 610 610 610 610 832 832 832 833 832 832 832 831 831 831 831 831 831 831 831 830 830 830 829 829 830 830 829 829 829 828 828 828 827 828 836 836 835 834 834 833 833 833 833 832 832 831 831 831 830 830 830 830 830 830 916 916 916 915 915 915 914 914 915 914 914 913 913 912 911 911 911 910 910 909 909 910 909 909 908 908 908 907 907 906 906 906 905 904 732
610 610 610 611 610 610 610 610 610 610 832 832 832 832 832 832 831 831 831 831 831 831 831 830 830 830 830 829 830 830 829 829 829 828 828 828 828 828 836 836 835 835 835 834 834 834 834 834 834 833 832 832 832 830 830 830 830 830 830 916 916 915 915 915 914 914 915 914 914 914 913 913 912 912 912 911 911 911 911 910 909 909 909 908 908 907 907 907 906 906 905 905 905 904
611 611 611 612 611 611 611 610 610 610 833 833 833 833 833 832 832 832 831 831 831 831 830 830 830 830 829 829 830 829 829 829 829 828 828 828 828 836 836 835 835 835 835 834 834 835 834 834 834 833 833 833 832 831 831 831 831 831 830 917 917 916 915 915 914 915 914 914 914 913 913 913 912 912 912 911 911 911 911 911 910 910 909 909 909 907 907 906 906 906 905 905 904 904
611 611 611 611 611 611 611 610 610 610 833 833 833 833 832 832 832 832 831 832 832 832 831 831 831 830 830 830 831 830 830 830 829 829 829 828 837 837 836 835 835 835 834 834 834 834 834 834 833 833 833 832 832 832 832 831 831 830 830 917 916 916 916 915 916 916 915 915 915 914 913 912 912 912 912 912 912 911 911 910 910 910 909 909 908 908 908 907 907 906 905 905 904 904
611 611 611 611 611 611 610 610 610 610 610 833 833 833 832 832 832 831 831 832 832 831 831 831 830 830 830 831 830 830 830 829 829 829 829 828 837 837 836 836 836 835 835 835 835 835 835 835 834 834 833 832 832 833 832 832 832 830 830 916 916 916 916 916 916 915 915 915 914 914 914 913 913 912 913 913 911 911 911 910 910 909 909 909 908 908 907 907 907 906 906 906 906 905
611 611 611 611 611 610 610 610 610 610 610 833 833 832 832 832 832 831 832 832 831 831 831 831 830 830 830 830 830 830 830 829 829 829 829 837 837 836 836 836 836 835 835 835 835 835 835 834 834 834 833 833 833 833 833 833 832 832 832 916 916 916 916 916 916 915 915 914 914 914 913 913 913 913 913 912 912 912 911 911 911 910 910 908 908 908 907 907 907 907 906 906 906 905
611 611 612 612 611 611 611 611 610 610 611 834 833 833 833 833 832 832 833 832 832 832 832 831 831 831 831 831 831 831 830 829 829 829 836 837 837 836 836 836 835 835 835 835 835 835 834 834 834 833 833 833 833 833 833 832 832 832 832 918 918 917 917 917 916 916 916 914 914 913 913 913 913 913 913 912 912 911 911 911 910 910 909 909 909 909 909 908 907 907 906 906 905 905
762 611 612 612 611 611 611 610 610 610 611 611 833 833 833 832 832 832 833 832 832 832 831 831 831 831 831 831 831 830 830 830 830 837 838 838 837 837 837 836 836 836 835 836 836 835 834 834 834 833 833 833 833 833 833 832 832 832 832 918 918 918 918 916 916 916 915 915 915 914 914 914 914 914 912 912 912 911 911 910 910 910 909 910 909 909 909 908 908 907 907 907 906 906
762 763 763 611 611 611 611 610 610 611 611 611 833 833 832 832 832 833 832 832 832 832 831 831 831 831 831 831 830 830 830 830 830 837 838 837 837 837 836 836 836 836 836 836 836 835 835 835 834 834 834 834 834 834 833 832 832 832 832 918 918 918 918 917 917 915 915 915 914 914 915 914 914 913 913 913 912 912 912 911 910 910 910 910 909 909 908 908 908 907 907 906 906 905
763 764 763 763 763 612 611 611 611 612 611 611 611 833 833 833 833 833 833 833 832 831 831 831 831 831 831 831 830 830 830 830 837 838 837 837 837 837 836 836 836 836 836 836 835 835 835 834 834 834 834 834 834 833 833 833 832 832 832 919 919 919 918 917 917 916 916 914 914 915 914 914 914 913 913 912 912 912 911 911 912 911 911 910 910 910 908 908 907 907 906 906 906 905
763 763 763 763 763 762 611 611 611 611 611 611 611 833 833 833 833 833 833 833 832 832 832 832 831 832 832 831 831 831 830 838 838 839 838 838 838 837 836 836 836 836 836 835 835 835 835 834 834 834 834 834 834 833 833 833 832 832 832 919 919 918 918 918 917 917 917 916 917 916 914 914 913 913 913 912 912 911 911 912 911 911 910 910 910 909 909 908 908 908 907 906 905 905
763 763 763 763 762 762 762 762 611 611 611 611 611 833 833 833 833 833 833 832 832 832 832 831 831 832 831 831 831 831 838 838 838 838 838 838 837 837 837 837 836 837 837 836 836 836 835 835 835 835 834 834 833 833 833 832 832 832 832 919 919 918 918 917 917 917 917 917 917 916 916 915 914 914 913 913 913 911 912 911 911 911 910 910 909 909 909 908 908 907 907 906 906 906
763 763 763 762 762 762 762 762 762 762 611 611 611 611 833 833 833 833 832 832 832 832 831 831 832 831 831 831 831 831 838 838 838 838 838 838 837 837 837 836 836 837 836 836 836 835 835 835 835 835 835 834 834 834 833 833 833 832 833 919 918 918 918 917 917 917 917 917 916 916 916 915 915 914 913 913 913 913 913 912 912 911 911 910 909 909 908 908 907 907 907 907 907 906
764 764 764 763 763 763 763 762 763 763 762 611 611 611 833 833 834 834 833 833 833 832 832 832 833 832 832 832 831 838 838 838 838 838 838 837 837 837 836 836 837 836 836 836 835 835 835 835 835 835 834 834 834 833 833 833 833 833 833 919 919 919 918 918 918 917 917 917 916 916 915 915 915 914 913 913 913 913 912 912 912 911 911 910 910 909 909 909 908 908 907 907 907 906
764 764 763 763 763 763 762 762 763 762 762 762 762 611 833 833 834 833 833 833 832 832 832 832 832 832 832 832 839 839 839 838 839 839 838 838 838 837 837 837 838 837 837 836 835 835 835 835 835 835 834 834 834 833 833 833 833 833 833 919 919 918 918 918 918 918 918 917 917 917 916 916 915 914 914 914 913 912 912 912 911 911 910 910 910 909 909 909 909 909 908 908 907 907
764 763 763 763 763 762 762 762 763 762 762 762 761 761 761 834 833 833 833 833 832 832 832 832 832 832 832 839 839 839 839 839 839 838 838 838 838 837 837 837 837 837 837 836 836 836 835 835 836 835 835 835 834 833 833 833 833 833 833 919 919 918 918 918 918 918 917 917 917 916 916 916 915 915 915 915 915 914 913 911 911 911 910 910 910 910 910 909 909 908 908 907 907 907
763 763 763 763 762 762 762 763 762 762 762 762 761 761 761 984 833 833 833 832 832 832 832 832 832 832 832 839 839 839 839 839 839 838 838 838 837 837 837 837 837 837 836 836 836 835 835 836 835 835 835 834 834 834 833 833 834 833 833 920 919 918 918 918 918 917 917 917 916 916 916 915 915 915 915 915 914 914 914 913 912 911 911 910 911 910 909 909 908 908 908 907 907 906
764 764 764 763 763 763 763 763 763 763 763 762 762 762 761 985 985 985 833 833 833 833 832 833 833 832 840 840 839 839 839 840 839 838 838 837 837 837 837 837 837 836 836 836 836 835 835 836 835 835 835 834 834 833 833 834 833 833 833 919 919 919 918 918 919 918 918 917 917 916 915 915 915 915 915 914 914 914 913 913 912 911 911 911 911 910 910 910 909 909 908 907 906 906
730 764 763 763 763 763 763 763 763 763 762 762 762 762 761 762 985 984 984 833 833 832 832 833 833 840 840 840 839 839 839 839 839 839 838 838 838 837 837 838 838 837 837 837 836 836 835 835 835 835 834 834 834 833 833 834 833 833 833 919 919 918 918 919 918 918 918 917 917 916 916 916 916 916 916 914 914 913 913 913 912 912 912 911 911 910 910 909 909 908 908 908 907 907
730 730 730 763 763 763 763 763 763 762 762 762 762 761 761 762 984 984 984 984 983 832 832 832 840 840 840 839 839 839 839 839 839 838 838 838 838 837 838 838 837 837 837 836 836 836 836 836 836 835 835 835 834 834 834 833 833 833 833 919 919 918 918 918 918 918 917 917 917 916 916 916 916 916 915 915 914 914 914 913 913 912 912 912 910 910 909 909 909 908 908 907 907 906
730 730 730 730 763 763 763 764 763 763 763 763 762 762 763 762 762 984 984 983 983 983 833 832 840 840 839 839 839 839 839 839 839 838 838 838 837 837 838 837 837 837 836 836 836 836 836 836 835 835 835 834 834 834 834 834 834 833 833 920 919 919 920 918 918 917 917 917 916 916 916 916 916 915 915 915 914 914 913 913 914 913 913 912 912 912 910 909 908 908 907 907 908 907
730 730 730 730 730 763 763 763 763 763 763 762 762 762 763 762 762 985 984 984 984 984 984 992 841 840 840 840 840 839 840 840 839 839 839 837 837 837 837 837 837 836 836 836 836 836 836 836 835 835 835 834 834 834 834 834 833 833 833 919 919 919 919 919 919 918 918 917 917 917 916 916 916 915 915 914 914 914 913 914 913 913 912 912 912 911 911 909 909 909 909 909 907 907
730 730 730 730 730 730 730 763 763 763 762 762 762 762 762 762 762 984 984 984 984 984 992 992 991 840 840 840 839 839 840 839 839 839 838 838 838 838 838 838 838 837 837 837 836 836 837 835 835 835 834 834 834 834 834 834 833 833 919 919 919 919 919 919 918 918 918 917 917 917 917 917 916 916 915 915 914 913 913 913 913 913 912 912 911 911 911 910 910 909 909 908 908 907
730 730 730 730 730 730 730 730 763 762 762 762 762 762 762 762 762 762 984 984 984 984 992 992 991 991 991 839 839 839 839 839 839 838 838 838 838 838 838 838 837 837 837 836 836 837 836 836 836 835 835 835 834 835 835 834 833 833 833 919 919 919 919 918 918 918 917 917 917 917 917 916 916 916 915 915 914 914 915 914 914 913 912 911 911 911 910 910 910 910 908 908 908 907
730 730 730 730 730 730 730 730 730 763 763 763 762 762 763 763 762 762 984 984 984 991 992 991 991 991 990 990 839 839 839 839 839 838 838 838 838 838 838 837 837 837 836 836 836 836 836 836 835 835 835 834 834 835 834 834 834 833 833 920 919 920 919 919 918 917 917 917 917 917 916 916 916 915 915 914 914 914 914 914 913 913 913 912 912 911 911 910 910 910 909 909 907 907
730 730 730 730 730 730 730 730 730 730 730 762 762 762 763 762 762 762 984 984 992 992 992 992 992 991 991 991 991 991 840 840 839 839 839 838 838 838 837 837 837 836 836 836 836 836 836 835 835 835 834 834 834 834 834 834 833 833 833 919 919 920 919 919 918 918 918 917 917 918 917 916 915 915 915 914 914 914 914 914 913 913 912 912 911 911 912 911 911 910 910 909 909 907
730 730 730 730 730 730 730 730 730 730 730 730 762 762 762 762 762 762 762 984 992 992 992 992 991 991 991 991 990 991 991 839 839 839 838 838 838 838 838 838 838 837 837 837 836 837 837 835 835 835 834 834 834 834 834 833 833 833 833 919 919 919 919 919 918 918 917 917 917 917 917 916 916 916 915 915 914 914 914 913 913 912 912 912 911 912 911 911 910 910 910 909 909 908
730 730 730 730 730 730 730 730 730 730 730 730 730 761 762 762 762 762 762 992 991 992 992 991 991 991 991 990 990 991 990 990 839 838 838 838 838 838 838 838 837 837 837 836 836 837 836 836 836 835 835 835 834 835 835 834 833 833 833 919 919 919 919 918 918 917 917 917 917 917 917 916 916 915 915 915 915 915 914 914 914 913 912 911 911 911 911 911 910 910 909 909 908 908
731 730 730 730 730 730 730 730 730 730 730 730 730 730 730 763 762 762 769 769 991 992 992 991 991 991 990 990 990 990 990 990 990 989 838 838 838 838 838 837 837 837 836 836 836 836 836 836 835 835 835 834 835 835 834 834 834 833 833 919 920 920 919 919 918 917 917 917 917 917 916 916 915 915 915 915 915 914 914 914 913 913 912 912 913 912 912 911 910 909 909 908 908 908
