testData/tiles/oneDegreeCosts/grid12.0-6.0-13.0-7.0.asc
ncols   200
nrows   200
xllcorner   12.0
yllcorner   6.0
cellsize   0.005
NODATA_value   -9999.0
[rows 156 to 194 of 200, columns 0 to 87 of 200]
973 975 977 979 982 984 987 992 995 998 999 1004 1006 1009 1011 1013 1015 1017 1020 1023 1025 1026 1030 1031 1032 1034 1037 1037 1038 1041 1041 1043 1044 1046 1046 1048 1050 1051 1052 1053 1053 1054 1056 1056 1056 1057 1058 1058 1058 1058 1060 1059 1060 1060 1061 1061 1062 1062 1061 1062 1061 1062 1060 1060 1060 1060 1059 1059 1060 1058 1058 1058 1056 1055 1056 1054 1055 1051 1051 1051 1080 1080 1077 1076 1077 1075 1073 1072
973 975 977 980 981 987 988 991 995 999 1000 1004 1006 1009 1012 1014 1017 1019 1021 1024 1026 1028 1030 1032 1034 1034 1036 1039 1039 1041 1043 1044 1044 1046 1048 1051 1051 1051 1053 1053 1053 1056 1057 1056 1058 1057 1058 1060 1059 1059 1061 1061 1061 1061 1062 1062 1062 1062 1062 1062 1062 1062 1062 1061 1062 1060 1061 1060 1060 1060 1059 1057 1057 1056 1056 1056 1085 1085 1084 1083 1083 1080 1080 1078 1077 1077 1074 1074
973 975 978 980 983 987 990 994 996 998 1001 1004 1006 1009 1011 1014 1016 1021 1023 1024 1026 1028 1030 1032 1034 1036 1038 1038 1039 1042 1044 1044 1047 1049 1048 1051 1052 1051 1054 1054 1056 1056 1058 1058 1058 1058 1059 1059 1061 1062 1062 1061 1064 1062 1062 1064 1062 1063 1063 1063 1062 1062 1063 1062 1062 1062 1062 1060 1062 1059 1059 1058 1089 1088 1088 1086 1087 1085 1085 1083 1083 1083 1082 1080 1077 1077 1077 1076
973 976 978 980 983 988 989 993 997 1000 1002 1005 1007 1011 1012 1015 1019 1021 1022 1025 1028 1029 1031 1033 1034 1036 1037 1040 1041 1043 1043 1046 1047 1050 1050 1050 1052 1052 1054 1056 1056 1057 1057 1058 1059 1060 1059 1061 1061 1061 1064 1063 1063 1063 1065 1064 1064 1064 1063 1064 1062 1063 1064 1064 1064 1064 1064 1062 1062 1091 1091 1090 1089 1090 1088 1087 1087 1086 1087 1085 1084 1084 1083 1083 1081 1078 1078 1075
972 976 978 980 984 986 991 994 996 1001 1003 1006 1009 1012 1014 1016 1018 1021 1022 1026 1027 1029 1031 1034 1036 1037 1038 1041 1041 1044 1046 1047 1048 1049 1051 1052 1053 1053 1055 1056 1057 1057 1058 1059 1059 1062 1061 1061 1062 1063 1063 1063 1065 1063 1064 1066 1064 1065 1066 1064 1065 1066 1065 1065 1064 1094 1095 1094 1094 1093 1093 1091 1093 1089 1089 1089 1089 1088 1086 1085 1086 1084 1085 1082 1082 1081 1078 1079
973 976 977 980 985 988 991 994 997 1001 1003 1004 1009 1013 1015 1018 1020 1023 1024 1026 1028 1030 1031 1035 1036 1037 1039 1040 1043 1045 1046 1046 1050 1050 1050 1052 1053 1055 1055 1057 1057 1059 1059 1059 1061 1061 1062 1063 1063 1063 1064 1063 1064 1064 1064 1065 1066 1065 1065 1066 1065 1065 1097 1095 1096 1095 1095 1095 1095 1093 1094 1093 1092 1092 1092 1091 1091 1088 1088 1087 1086 1086 1084 1083 1084 1084 1082 1081
974 976 978 983 985 989 993 995 997 1001 1004 1007 1011 1012 1014 1018 1021 1022 1024 1027 1030 1030 1032 1035 1036 1037 1041 1043 1043 1044 1047 1048 1048 1051 1051 1052 1054 1055 1056 1056 1057 1057 1060 1061 1061 1063 1062 1064 1063 1064 1065 1064 1064 1066 1066 1066 1066 1066 1065 1097 1098 1096 1097 1097 1096 1095 1096 1095 1095 1095 1095 1093 1094 1093 1093 1091 1090 1090 1089 1087 1088 1086 1088 1087 1087 1085 1086 1084
974 976 978 982 986 990 993 995 999 1002 1005 1008 1011 1014 1017 1017 1020 1023 1026 1027 1029 1033 1035 1035 1036 1039 1041 1043 1044 1047 1047 1048 1050 1052 1051 1054 1056 1055 1056 1059 1058 1058 1060 1062 1063 1063 1063 1063 1064 1065 1065 1066 1067 1066 1067 1068 1096 1098 1098 1097 1098 1097 1097 1097 1097 1096 1097 1096 1096 1096 1095 1095 1095 1093 1093 1092 1091 1092 1091 1093 1091 1090 1091 1089 1089 1089 1088 1090
973 975 980 983 985 990 993 995 999 1002 1006 1009 1011 1013 1016 1018 1020 1023 1025 1027 1029 1032 1034 1036 1038 1039 1042 1044 1044 1047 1049 1049 1049 1051 1054 1054 1055 1056 1057 1057 1059 1061 1061 1061 1063 1064 1063 1065 1064 1066 1066 1066 1098 1098 1097 1098 1099 1098 1098 1099 1098 1098 1099 1097 1098 1097 1097 1097 1097 1096 1096 1095 1095 1096 1095 1094 1095 1095 1096 1094 1095 1093 1093 1092 1093 1091 1092 1091
973 974 979 982 987 989 993 996 999 1003 1008 1009 1012 1016 1018 1019 1021 1024 1025 1027 1031 1034 1034 1037 1039 1040 1042 1043 1045 1046 1048 1050 1051 1051 1053 1055 1055 1055 1057 1058 1059 1062 1062 1062 1062 1064 1065 1065 1066 1097 1098 1097 1098 1098 1097 1098 1098 1099 1098 1099 1100 1098 1098 1098 1098 1098 1098 1097 1098 1096 1097 1097 1098 1097 1098 1098 1098 1098 1097 1097 1097 1097 1097 1096 1094 1094 1094 1094
972 976 980 982 986 990 993 997 1001 1003 1007 1008 1011 1014 1017 1018 1022 1023 1025 1027 1030 1032 1035 1037 1040 1041 1042 1043 1045 1047 1049 1050 1050 1053 1054 1054 1056 1057 1057 1060 1060 1061 1062 1062 1063 1064 1096 1096 1098 1097 1098 1097 1098 1098 1099 1098 1098 1099 1098 1098 1100 1100 1100 1100 1100 1099 1101 1100 1101 1101 1102 1101 1100 1101 1101 1101 1101 1100 1100 1100 1100 1099 1100 1097 1100 1097 1097 1095
971 975 980 983 986 990 994 997 1000 1004 1008 1009 1013 1015 1018 1019 1023 1025 1027 1028 1031 1034 1036 1038 1039 1040 1043 1045 1045 1047 1049 1051 1052 1053 1054 1054 1055 1058 1060 1060 1061 1062 1062 1094 1094 1096 1096 1097 1097 1097 1098 1098 1098 1100 1099 1100 1099 1100 1100 1101 1101 1101 1100 1101 1103 1101 1103 1104 1102 1103 1104 1103 1105 1105 1103 1104 1102 1102 1103 1102 1103 1101 1102 1101 1102 1100 1099 1098
971 975 979 984 986 990 994 998 1001 1004 1006 1009 1013 1015 1017 1020 1023 1024 1025 1029 1032 1033 1035 1038 1040 1041 1042 1045 1047 1047 1049 1051 1052 1053 1054 1055 1056 1059 1060 1061 1090 1093 1095 1094 1096 1097 1096 1097 1099 1097 1098 1098 1098 1099 1101 1100 1100 1102 1100 1102 1103 1102 1105 1104 1105 1106 1104 1104 1106 1106 1106 1108 1107 1107 1105 1107 1106 1106 1104 1104 1104 1103 1103 1104 1102 1102 1101 1101
973 977 981 983 986 992 995 996 1001 1005 1008 1009 1012 1015 1018 1019 1022 1025 1028 1030 1032 1034 1037 1037 1039 1041 1044 1045 1047 1047 1048 1051 1052 1054 1054 1056 1058 1090 1091 1092 1094 1093 1094 1096 1096 1096 1096 1098 1098 1099 1098 1098 1100 1100 1100 1100 1101 1101 1104 1105 1106 1104 1106 1106 1106 1107 1107 1107 1109 1108 1109 1110 1108 1110 1108 1109 1108 1108 1108 1106 1106 1106 1106 1105 1105 1104 1104 1102
972 976 981 985 987 992 996 998 1002 1003 1007 1010 1013 1014 1018 1020 1023 1025 1027 1030 1033 1035 1035 1038 1040 1041 1043 1046 1047 1048 1050 1051 1052 1053 1087 1088 1089 1090 1090 1093 1093 1093 1094 1095 1097 1097 1096 1097 1098 1099 1100 1099 1101 1102 1101 1104 1104 1105 1106 1106 1108 1107 1108 1109 1109 1109 1110 1109 1111 1112 1110 1110 1111 1110 1111 1110 1111 1110 1110 1108 1109 1109 1107 1107 1107 1106 1107 1105
973 977 980 984 989 993 995 998 1001 1005 1008 1009 1012 1015 1018 1019 1023 1027 1029 1031 1033 1036 1036 1038 1039 1041 1044 1045 1047 1048 1050 1082 1083 1085 1089 1088 1088 1091 1090 1091 1095 1095 1094 1094 1096 1096 1096 1098 1098 1099 1101 1100 1103 1105 1105 1105 1107 1108 1108 1109 1110 1109 1111 1111 1111 1111 1111 1113 1113 1112 1113 1113 1113 1112 1114 1113 1112 1113 1111 1113 1112 1110 1109 1109 1109 1109 1108 1108
972 977 983 985 988 992 996 999 1002 1003 1008 1009 1012 1015 1018 1020 1024 1027 1029 1029 1033 1036 1037 1037 1041 1043 1043 1045 1047 1080 1080 1083 1084 1085 1087 1089 1091 1090 1091 1092 1093 1094 1095 1095 1095 1097 1097 1098 1100 1101 1103 1104 1105 1106 1108 1109 1108 1111 1111 1110 1113 1112 1112 1113 1114 1113 1113 1115 1113 1115 1115 1114 1114 1116 1114 1115 1113 1115 1113 1114 1114 1113 1114 1111 1112 1109 1111 1109
972 979 981 984 989 992 996 998 1001 1005 1008 1009 1011 1016 1020 1022 1023 1026 1029 1031 1033 1036 1036 1038 1040 1041 1075 1076 1078 1080 1083 1083 1083 1086 1088 1088 1090 1090 1090 1093 1094 1094 1094 1095 1097 1097 1100 1100 1104 1105 1106 1106 1108 1108 1110 1110 1110 1112 1111 1112 1114 1113 1115 1115 1115 1115 1116 1116 1117 1117 1116 1116 1116 1116 1115 1117 1115 1117 1116 1115 1117 1114 1115 1113 1113 1112 1112 1111
973 977 982 986 988 991 996 999 1002 1004 1007 1009 1013 1016 1018 1020 1024 1026 1028 1031 1033 1035 1036 1070 1072 1073 1074 1077 1080 1081 1082 1083 1085 1085 1088 1088 1089 1090 1091 1092 1095 1094 1096 1098 1098 1102 1103 1104 1105 1107 1107 1109 1110 1111 1111 1113 1112 1114 1116 1115 1115 1117 1117 1117 1118 1118 1118 1119 1120 1118 1119 1119 1117 1119 1117 1119 1119 1117 1118 1118 1117 1115 1116 1115 1116 1116 1112 1113
974 978 980 984 989 992 996 997 1002 1006 1007 1008 1014 1017 1019 1022 1024 1027 1028 1031 1064 1066 1068 1069 1071 1073 1074 1078 1079 1080 1082 1084 1084 1086 1087 1088 1089 1091 1093 1093 1095 1098 1098 1099 1102 1103 1106 1107 1108 1108 1110 1110 1112 1113 1113 1115 1115 1116 1118 1116 1118 1119 1119 1119 1120 1120 1120 1121 1120 1121 1119 1121 1121 1121 1122 1121 1119 1119 1120 1119 1118 1118 1117 1118 1116 1115 1115 1113
973 977 982 984 987 993 996 998 1002 1004 1007 1010 1013 1016 1018 1020 1023 1026 1060 1061 1064 1066 1068 1069 1071 1073 1075 1077 1080 1080 1081 1083 1085 1085 1087 1088 1091 1093 1093 1097 1098 1098 1101 1103 1104 1106 1107 1110 1110 1111 1112 1111 1112 1115 1115 1116 1117 1117 1119 1120 1119 1120 1121 1119 1121 1120 1120 1122 1122 1122 1122 1124 1121 1123 1122 1122 1122 1122 1120 1119 1120 1120 1119 1118 1117 1117 1117 1116
973 977 981 985 988 992 996 997 1002 1004 1008 1010 1013 1016 1020 1053 1054 1057 1061 1062 1063 1066 1068 1068 1070 1074 1076 1077 1079 1080 1083 1083 1084 1087 1088 1092 1094 1095 1096 1097 1099 1101 1104 1105 1106 1109 1108 1110 1111 1111 1113 1116 1115 1117 1117 1119 1117 1118 1120 1120 1120 1121 1121 1121 1122 1122 1123 1125 1123 1125 1124 1124 1123 1124 1124 1123 1124 1123 1122 1124 1120 1122 1120 1118 1120 1118 1118 1117
972 976 981 984 987 992 995 998 1002 1003 1007 1010 1044 1046 1049 1051 1054 1057 1059 1061 1064 1067 1067 1069 1071 1074 1075 1078 1078 1080 1083 1085 1086 1089 1090 1093 1096 1097 1097 1100 1101 1104 1107 1107 1108 1109 1111 1112 1112 1112 1116 1116 1117 1118 1120 1119 1119 1121 1121 1122 1122 1121 1124 1123 1123 1126 1126 1125 1126 1126 1124 1125 1126 1125 1125 1124 1125 1124 1123 1124 1123 1123 1121 1121 1120 1119 1119 1118
973 977 980 984 988 992 995 996 1002 1005 1039 1041 1044 1048 1050 1052 1054 1058 1060 1062 1063 1065 1066 1070 1073 1074 1075 1078 1080 1082 1085 1087 1088 1089 1094 1095 1097 1099 1099 1102 1105 1105 1108 1109 1109 1111 1112 1114 1115 1117 1116 1119 1118 1119 1119 1121 1120 1122 1123 1123 1123 1124 1125 1125 1126 1128 1126 1126 1126 1126 1126 1127 1127 1126 1125 1126 1125 1126 1124 1126 1124 1124 1123 1121 1121 1121 1120 1120
972 977 981 983 987 990 994 1030 1032 1034 1039 1040 1043 1047 1049 1050 1054 1057 1058 1060 1064 1068 1067 1068 1072 1075 1077 1080 1083 1085 1087 1088 1089 1093 1095 1096 1099 1100 1100 1105 1107 1108 1108 1110 1112 1112 1114 1115 1116 1117 1119 1120 1119 1120 1121 1122 1121 1123 1123 1123 1125 1124 1126 1126 1126 1127 1127 1127 1126 1129 1127 1127 1128 1126 1127 1127 1125 1128 1127 1126 1125 1125 1124 1125 1122 1122 1121 1120
972 975 978 982 986 1021 1026 1029 1030 1036 1039 1041 1043 1047 1050 1051 1054 1057 1060 1060 1064 1065 1067 1072 1075 1076 1078 1081 1086 1086 1087 1091 1093 1094 1097 1099 1099 1102 1104 1106 1108 1108 1111 1111 1112 1113 1116 1117 1117 1118 1118 1120 1121 1122 1122 1124 1123 1124 1124 1127 1126 1127 1129 1128 1128 1130 1129 1129 1130 1130 1128 1128 1128 1128 1128 1127 1128 1128 1127 1127 1126 1127 1125 1124 1124 1123 1121 1121
971 975 1010 1014 1016 1021 1026 1029 1031 1034 1038 1041 1043 1046 1048 1051 1053 1056 1059 1062 1065 1068 1070 1072 1076 1080 1080 1083 1087 1088 1090 1091 1095 1096 1099 1099 1102 1104 1105 1106 1109 1111 1111 1113 1114 1115 1116 1119 1119 1119 1121 1122 1121 1122 1123 1124 1124 1125 1130 1128 1128 1129 1129 1130 1130 1131 1130 1130 1130 1130 1131 1130 1130 1129 1129 1130 1128 1128 1128 1129 1127 1127 1125 1125 1125 1124 1122 1123
1005 1005 1008 1013 1018 1021 1025 1028 1030 1035 1038 1041 1044 1046 1049 1052 1053 1056 1061 1065 1067 1068 1072 1075 1078 1080 1082 1086 1089 1088 1090 1095 1095 1097 1100 1102 1103 1105 1107 1108 1109 1112 1112 1114 1116 1117 1118 1118 1119 1121 1123 1123 1123 1124 1123 1127 1126 1127 1129 1128 1129 1129 1130 1130 1130 1131 1131 1131 1130 1132 1131 1131 1132 1131 1130 1130 1128 1129 1129 1129 1127 1128 1126 1127 1125 1125 1125 1123
1004 1005 1008 1012 1016 1022 1025 1028 1032 1033 1037 1041 1043 1045 1048 1052 1055 1059 1063 1065 1068 1070 1074 1076 1079 1082 1085 1086 1089 1090 1092 1094 1097 1099 1102 1103 1105 1107 1108 1110 1112 1112 1113 1116 1117 1118 1119 1120 1121 1121 1123 1123 1125 1126 1127 1129 1127 1129 1130 1130 1130 1130 1131 1131 1132 1132 1131 1132 1131 1133 1132 1131 1132 1131 1130 1131 1131 1131 1129 1128 1128 1129 1128 1127 1126 1126 1126 1124
1005 1006 1008 1013 1017 1021 1024 1027 1030 1034 1037 1041 1044 1048 1052 1055 1059 1059 1064 1067 1071 1071 1075 1079 1080 1082 1086 1088 1089 1091 1094 1097 1099 1101 1103 1103 1107 1107 1109 1111 1113 1114 1115 1118 1117 1119 1119 1121 1121 1122 1124 1124 1125 1128 1127 1130 1130 1130 1131 1131 1132 1131 1132 1133 1132 1133 1133 1133 1131 1133 1132 1133 1133 1131 1133 1133 1131 1131 1131 1129 1130 1130 1127 1127 1127 1127 1128 1125
1004 1006 1009 1013 1015 1021 1023 1027 1031 1034 1036 1042 1045 1049 1052 1055 1059 1062 1066 1068 1070 1074 1077 1080 1081 1086 1088 1088 1091 1092 1096 1099 1100 1103 1104 1105 1107 1109 1110 1112 1113 1114 1117 1117 1118 1120 1119 1121 1122 1123 1125 1127 1128 1129 1129 1130 1130 1130 1132 1131 1131 1131 1133 1132 1132 1134 1133 1133 1133 1134 1132 1134 1133 1133 1133 1132 1131 1133 1132 1131 1130 1130 1129 1129 1129 1127 1128 1126
1005 1006 1008 1012 1016 1020 1024 1027 1031 1035 1041 1043 1045 1049 1054 1057 1060 1064 1067 1070 1073 1076 1078 1080 1083 1087 1087 1090 1091 1094 1098 1099 1102 1103 1105 1106 1109 1109 1111 1113 1114 1115 1118 1119 1119 1120 1121 1123 1123 1126 1127 1127 1128 1129 1130 1130 1131 1131 1131 1131 1133 1132 1133 1132 1133 1135 1134 1134 1134 1135 1133 1135 1133 1133 1133 1134 1134 1133 1133 1132 1132 1133 1130 1129 1129 1127 1129 1127
1005 1008 1009 1011 1014 1019 1025 1030 1033 1037 1042 1044 1047 1053 1055 1057 1061 1066 1069 1069 1074 1077 1079 1082 1085 1086 1089 1091 1093 1096 1099 1102 1102 1104 1106 1107 1109 1111 1112 1114 1115 1117 1118 1119 1121 1121 1121 1122 1127 1127 1127 1128 1129 1129 1129 1132 1132 1132 1133 1132 1134 1133 1135 1133 1134 1135 1135 1135 1135 1134 1134 1135 1133 1134 1134 1134 1134 1134 1133 1134 1133 1133 1130 1130 1129 1129 1129 1127
1006 1007 1009 1013 1018 1022 1026 1029 1033 1037 1043 1045 1048 1053 1058 1059 1064 1067 1069 1072 1077 1078 1079 1081 1086 1089 1089 1092 1096 1098 1099 1101 1102 1105 1106 1108 1111 1111 1112 1115 1116 1116 1119 1120 1121 1121 1122 1126 1126 1127 1129 1129 1130 1130 1132 1131 1131 1133 1133 1133 1133 1133 1135 1133 1134 1135 1135 1135 1135 1136 1135 1135 1135 1136 1135 1135 1134 1135 1134 1135 1133 1133 1132 1132 1130 1129 1129 1127
1005 1009 1011 1014 1017 1021 1028 1031 1035 1041 1043 1047 1052 1056 1058 1060 1065 1067 1070 1072 1076 1079 1080 1085 1085 1088 1092 1094 1096 1098 1101 1101 1102 1106 1107 1109 1111 1112 1113 1116 1117 1118 1119 1121 1121 1123 1124 1127 1127 1128 1128 1130 1130 1132 1131 1131 1134 1133 1133 1134 1133 1135 1135 1134 1137 1137 1136 1137 1137 1137 1135 1137 1136 1135 1135 1136 1135 1135 1135 1133 1133 1134 1132 1132 1131 1129 1130 1127
1008 1010 1012 1016 1019 1023 1029 1032 1035 1040 1045 1049 1052 1055 1059 1062 1066 1069 1071 1075 1077 1078 1080 1084 1088 1091 1091 1096 1098 1099 1100 1102 1105 1107 1108 1109 1112 1113 1114 1115 1117 1119 1120 1120 1124 1124 1126 1126 1128 1128 1129 1131 1130 1131 1131 1132 1134 1133 1135 1135 1136 1136 1135 1136 1137 1137 1137 1138 1137 1137 1138 1138 1137 1136 1137 1136 1136 1135 1134 1135 1135 1134 1132 1131 1131 1131 1130 1128
1010 1013 1015 1018 1018 1023 1029 1034 1037 1043 1047 1049 1053 1058 1061 1063 1066 1069 1071 1073 1077 1080 1082 1086 1087 1091 1093 1097 1097 1099 1101 1103 1104 1107 1108 1111 1111 1114 1115 1117 1118 1119 1122 1121 1124 1124 1127 1126 1128 1128 1129 1131 1131 1132 1132 1132 1135 1133 1134 1135 1136 1136 1136 1136 1136 1137 1137 1138 1137 1138 1138 1138 1137 1138 1137 1136 1136 1136 1134 1135 1134 1133 1132 1133 1132 1131 1131 1129
1013 1014 1016 1018 1021 1027 1032 1033 1039 1044 1047 1051 1054 1057 1060 1063 1067 1070 1073 1075 1078 1080 1083 1087 1090 1092 1094 1095 1098 1099 1101 1104 1106 1108 1110 1110 1112 1114 1115 1117 1118 1122 1122 1123 1124 1125 1126 1126 1129 1128 1129 1132 1131 1132 1133 1134 1136 1134 1136 1135 1136 1136 1137 1136 1138 1139 1137 1140 1139 1138 1138 1140 1137 1138 1137 1137 1137 1137 1134 1134 1134 1133 1133 1133 1131 1131 1132 1129
1014 1017 1019 1021 1021 1027 1031 1035 1040 1044 1048 1052 1053 1057 1061 1063 1067 1070 1074 1075 1079 1081 1085 1088 1089 1091 1094 1096 1098 1100 1101 1105 1107 1107 1110 1111 1112 1115 1115 1118 1120 1120 1122 1125 1124 1127 1127 1126 1129 1128 1132 1131 1131 1134 1133 1134 1134 1135 1136 1136 1138 1136 1137 1138 1138 1138 1139 1140 1138 1138 1139 1138 1137 1138 1138 1137 1137 1136 1134 1135 1135 1134 1133 1132 1131 1132 1130 1130
