testData/tiles/oneDegreeCosts/grid49.0-22.0-50.0-23.0.asc
ncols   200
nrows   200
xllcorner   49.0
yllcorner   22.0
cellsize   0.005
NODATA_value   -9999.0
[rows 84 to 125 of 200, columns 0 to 93 of 200]
339 340 340 532 533 533 533 533 533 534 534 534 535 534 534 535 535 536 536 536 537 537 537 538 538 538 539 539 539 540 540 540 541 541 541 542 542 542 543 543 534 534 535 535 535 536 536 536 536 537 537 537 537 538 538 538 538 538 539 539 539 539 524 524 524 524 524 524 525 525 525 525 525 525 526 526 526 526 526 526 526 526 527 527 527 527 527 338 338 338 338 338 338 338
340 340 340 341 533 533 534 533 534 534 534 535 535 535 535 535 536 536 536 537 537 537 538 538 538 539 539 540 540 540 540 541 541 541 542 542 542 543 543 543 535 535 535 535 536 536 536 537 537 537 537 538 538 538 538 539 539 539 539 539 540 524 524 524 524 525 525 525 525 525 526 526 526 526 526 526 526 527 527 527 527 527 527 527 527 527 527 527 339 339 339 339 339 339
340 340 341 341 533 534 534 534 534 534 535 535 536 535 535 536 536 536 537 537 538 538 538 539 539 539 540 540 540 541 541 541 542 542 542 543 543 543 543 544 535 535 536 536 536 536 537 537 537 538 538 538 538 539 539 539 539 540 540 540 540 524 525 525 525 525 525 526 526 526 526 526 526 527 527 527 527 527 527 527 527 528 528 528 528 528 528 528 528 339 339 339 339 339
340 341 341 341 534 534 535 534 534 535 535 536 536 535 536 536 536 537 537 538 538 538 539 539 539 540 540 540 541 541 541 542 542 542 543 543 543 544 544 544 536 536 536 536 537 537 537 538 538 538 538 539 539 539 539 540 540 540 540 540 541 525 525 525 525 526 526 526 526 526 527 527 527 527 527 527 527 528 528 528 528 528 528 528 528 528 529 529 529 529 529 340 340 340
341 341 341 342 342 535 535 534 535 535 536 536 536 536 536 537 537 537 538 538 538 539 539 539 540 540 540 541 541 542 542 542 543 543 543 543 544 544 544 545 545 536 537 537 537 537 538 538 538 539 539 539 539 540 540 540 540 541 541 541 525 525 526 526 526 526 526 527 527 527 527 527 527 528 528 528 528 528 528 528 529 529 529 529 529 529 529 529 529 529 529 529 340 340
341 341 342 342 343 535 535 535 535 536 536 536 537 536 537 537 537 538 538 538 539 539 540 540 540 541 541 541 542 542 542 543 543 543 544 544 544 545 545 545 545 537 537 537 538 538 538 538 539 539 539 540 540 540 540 541 541 541 541 541 526 526 526 526 527 527 527 527 527 527 528 528 528 528 528 528 529 529 529 529 529 529 529 529 529 530 530 530 530 530 530 530 530 341
341 342 342 343 343 535 536 535 536 536 536 537 537 537 537 537 538 538 538 539 539 540 540 540 541 541 541 542 542 542 543 543 543 544 544 544 545 545 545 546 546 537 538 538 538 538 539 539 539 540 540 540 540 541 541 541 541 542 542 526 526 526 527 527 527 527 527 528 528 528 528 528 529 529 529 529 529 529 529 529 530 530 530 530 530 530 530 530 530 530 530 530 531 531
342 342 343 343 343 344 536 536 536 536 537 537 538 537 537 538 538 539 539 539 540 540 540 541 541 541 542 542 542 543 543 544 544 544 545 545 545 545 546 546 546 538 538 538 539 539 539 539 540 540 540 541 541 541 541 542 542 542 542 527 527 527 527 527 528 528 528 528 528 529 529 529 529 529 529 529 530 530 530 530 530 530 530 530 531 531 531 531 531 531 531 531 531 531
342 343 343 343 344 344 537 536 536 537 537 538 538 537 538 538 539 539 539 540 540 540 541 541 542 542 542 543 543 543 544 544 544 545 545 545 546 546 546 547 547 538 538 539 539 539 540 540 540 541 541 541 541 542 542 542 542 543 543 527 527 527 528 528 528 528 529 529 529 529 529 529 530 530 530 530 530 530 530 531 531 531 531 531 531 531 531 531 531 531 532 532 532 532
343 343 343 344 344 345 537 536 537 537 538 538 538 539 538 539 539 539 540 540 540 541 541 542 542 542 543 543 543 544 544 544 545 545 545 546 546 546 547 547 547 539 539 539 540 540 540 540 541 541 541 542 542 542 542 543 543 543 528 528 528 528 528 528 529 529 529 529 529 530 530 530 530 530 530 531 531 531 531 531 531 531 531 532 532 532 532 532 532 532 532 532 532 532
344 343 344 344 345 345 345 537 537 538 538 538 539 539 539 539 539 540 540 541 541 541 542 542 542 543 543 543 544 544 545 545 545 546 546 546 547 547 547 547 548 539 539 540 540 540 541 541 541 541 542 542 542 543 543 543 543 544 528 528 528 528 529 529 529 529 530 530 530 530 530 530 531 531 531 531 531 531 532 532 532 532 532 532 532 532 532 532 533 533 533 533 533 533
344 344 344 345 345 345 346 537 538 538 538 539 539 540 539 539 540 540 541 541 541 542 542 542 543 543 544 544 544 545 545 545 546 546 546 547 547 547 548 548 548 540 540 540 541 541 541 541 542 542 542 543 543 543 543 544 544 544 528 529 529 529 529 529 530 530 530 530 530 531 531 531 531 531 531 532 532 532 532 532 532 532 533 533 533 533 533 533 533 533 533 533 533 533
345 344 344 345 345 346 346 539 538 538 539 539 540 540 539 540 540 541 541 541 542 542 542 543 543 544 544 544 545 545 545 546 546 546 547 547 547 548 548 548 549 540 540 541 541 541 542 542 542 542 543 543 543 544 544 544 544 529 529 529 529 530 530 530 530 530 531 531 531 531 531 532 532 532 532 532 532 532 533 533 533 533 533 533 533 533 533 534 534 534 534 534 534 534
345 344 345 345 346 346 347 347 538 539 539 540 540 540 540 540 541 541 541 542 542 542 543 543 544 544 544 545 545 545 546 546 547 547 547 548 548 548 549 549 549 541 541 541 541 542 542 542 543 543 543 543 544 544 544 545 545 529 529 530 530 530 530 530 531 531 531 531 532 532 532 532 532 532 533 533 533 533 533 533 533 534 534 534 534 534 534 534 534 534 534 534 534 534
345 345 345 346 346 346 347 347 539 539 540 540 540 541 540 541 541 541 542 542 543 543 543 544 544 544 545 545 546 546 546 547 547 547 548 548 548 549 549 549 550 541 541 542 542 542 543 543 543 543 544 544 544 545 545 545 530 530 530 530 530 531 531 531 531 531 532 532 532 532 532 533 533 533 533 533 533 534 534 534 534 534 534 534 534 535 535 535 535 535 535 535 535 535
346 345 346 346 346 347 347 348 348 540 540 540 541 541 541 541 541 542 542 543 543 543 544 544 544 545 545 546 546 546 547 547 547 548 548 548 549 549 549 550 550 541 542 542 542 543 543 543 544 544 544 544 545 545 545 546 530 530 530 531 531 531 531 531 532 532 532 532 533 533 533 533 533 533 534 534 534 534 534 534 535 535 535 535 535 535 535 535 535 535 535 535 536 536
346 346 346 346 347 347 348 348 348 540 540 541 541 542 541 541 542 542 543 543 543 544 544 544 545 545 546 546 546 547 547 547 548 548 549 549 549 550 550 550 551 542 542 543 543 543 543 544 544 544 545 545 545 545 546 546 530 531 531 531 531 532 532 532 532 532 533 533 533 533 533 534 534 534 534 534 534 535 535 535 535 535 535 535 536 536 536 536 536 536 536 536 536 536
346 346 346 347 347 348 348 348 348 540 541 541 542 542 541 542 542 543 543 543 544 544 545 545 545 546 546 546 547 547 548 548 548 549 549 549 550 550 550 551 551 542 543 543 543 544 544 544 545 545 545 545 546 546 546 531 531 531 531 532 532 532 532 533 533 533 533 533 534 534 534 534 534 535 535 535 535 535 535 535 536 536 536 536 536 536 536 536 536 536 537 537 537 537
347 346 347 347 348 348 348 349 348 349 541 541 542 542 542 542 543 543 543 544 544 545 545 545 546 546 546 547 547 548 548 548 549 549 549 550 550 550 551 551 551 543 543 543 544 544 544 545 545 545 546 546 546 546 547 531 531 532 532 532 532 533 533 533 533 533 534 534 534 534 535 535 535 535 535 535 536 536 536 536 536 536 536 536 537 537 537 537 537 537 537 537 537 537
347 347 347 347 348 348 349 349 349 349 541 542 542 543 542 542 543 543 544 544 545 545 545 546 546 546 547 547 548 548 548 549 549 549 550 550 551 551 551 552 552 543 544 544 544 545 545 545 545 546 546 546 547 547 531 531 532 532 532 533 533 533 533 534 534 534 534 534 535 535 535 535 535 536 536 536 536 536 536 537 537 537 537 537 537 537 537 537 538 538 538 538 538 538
347 347 347 348 348 349 349 350 349 349 542 542 543 543 542 543 543 544 544 545 545 545 546 546 546 547 547 548 548 548 549 549 550 550 550 551 551 551 552 552 552 544 544 544 545 545 545 546 546 546 547 547 547 547 532 532 532 533 533 533 533 534 534 534 534 535 535 535 535 535 536 536 536 536 536 536 537 537 537 537 537 537 537 538 538 538 538 538 538 538 538 538 538 538
348 347 348 348 349 349 349 350 349 350 350 543 543 543 543 543 544 544 544 545 545 546 546 546 547 547 548 548 548 549 549 550 550 550 551 551 551 552 552 552 553 544 544 545 545 545 546 546 546 547 547 547 548 532 532 532 533 533 533 534 534 534 534 535 535 535 535 535 536 536 536 536 536 537 537 537 537 537 537 538 538 538 538 538 538 538 538 539 539 539 539 539 539 539
348 348 348 348 349 349 350 350 350 350 351 543 543 544 543 544 544 544 545 545 546 546 546 547 547 548 548 548 549 549 550 550 550 551 551 551 552 552 553 553 553 545 545 545 546 546 546 547 547 547 547 548 548 532 533 533 533 534 534 534 534 535 535 535 535 536 536 536 536 536 537 537 537 537 537 538 538 538 538 538 538 538 539 539 539 539 539 539 539 539 539 539 539 539
348 348 348 349 349 350 350 351 350 350 351 351 544 544 544 544 544 545 545 546 546 546 547 547 548 548 548 549 549 550 550 550 551 551 552 552 552 553 553 553 554 545 545 546 546 546 547 547 547 548 548 548 549 533 533 533 534 534 534 535 535 535 535 536 536 536 536 536 537 537 537 537 538 538 538 538 538 538 539 539 539 539 539 539 539 539 540 540 540 540 540 540 540 540
349 348 349 349 350 350 350 351 350 351 351 352 544 545 544 544 545 545 546 546 546 547 547 548 548 548 549 549 550 550 550 551 551 552 552 552 553 553 553 554 554 545 546 546 546 547 547 547 548 548 548 549 533 533 534 534 534 534 535 535 535 536 536 536 536 537 537 537 537 537 538 538 538 538 538 539 539 539 539 539 539 540 540 540 540 540 540 540 540 540 540 540 541 541
349 349 349 350 350 350 351 351 351 351 352 352 544 545 544 545 545 546 546 546 547 547 548 548 548 549 549 550 550 550 551 551 552 552 552 553 553 553 554 554 555 546 546 547 547 547 548 548 548 549 549 549 533 534 534 534 535 535 535 536 536 536 536 537 537 537 537 538 538 538 538 538 539 539 539 539 539 539 540 540 540 540 540 540 540 541 541 541 541 541 541 541 541 541
349 349 349 350 350 351 351 352 351 351 352 352 353 545 545 545 546 546 546 547 547 548 548 548 549 549 550 550 550 551 551 552 552 552 553 553 554 554 554 555 555 546 547 547 547 548 548 548 549 549 549 534 534 534 535 535 535 535 536 536 536 537 537 537 537 538 538 538 538 538 539 539 539 539 539 540 540 540 540 540 540 541 541 541 541 541 541 541 541 541 542 542 542 542
350 349 350 350 351 351 352 352 351 352 352 353 353 546 545 545 546 546 547 547 548 548 548 549 549 550 550 550 551 551 552 552 552 553 553 554 554 554 555 555 555 547 547 547 548 548 548 549 549 549 550 534 534 535 535 535 536 536 536 536 537 537 537 538 538 538 538 539 539 539 539 539 540 540 540 540 540 541 541 541 541 541 541 541 542 542 542 542 542 542 542 542 542 542
350 350 350 350 351 351 352 352 352 352 353 353 354 354 545 546 546 547 547 548 548 548 549 549 550 550 550 551 551 552 552 552 553 553 554 554 554 555 555 555 556 547 548 548 548 549 549 549 550 550 535 535 535 535 536 536 536 536 537 537 537 538 538 538 538 539 539 539 539 539 540 540 540 540 541 541 541 541 541 541 542 542 542 542 542 542 542 542 542 543 543 543 543 543
350 350 350 351 351 352 352 353 352 353 353 353 354 354 546 546 547 547 547 548 548 549 549 550 550 550 551 551 552 552 552 553 553 554 554 554 555 555 555 556 556 548 548 548 549 549 549 550 550 550 535 535 535 536 536 536 537 537 537 537 538 538 538 539 539 539 539 540 540 540 540 540 541 541 541 541 541 542 542 542 542 542 542 542 543 543 543 543 543 543 543 543 543 543
351 350 351 351 352 352 353 353 352 353 353 354 354 355 546 547 547 547 548 548 549 549 550 550 550 551 551 552 552 552 553 553 554 554 554 555 555 556 556 556 557 548 548 549 549 549 550 550 550 535 535 535 536 536 536 537 537 537 538 538 538 538 539 539 539 540 540 540 540 541 541 541 541 541 542 542 542 542 542 542 543 543 543 543 543 543 543 543 544 544 544 544 544 544
351 351 351 351 352 352 353 353 353 353 354 354 355 355 355 547 547 548 548 549 549 549 550 550 551 551 552 552 552 553 553 554 554 554 555 555 556 556 556 557 557 548 549 549 550 550 550 551 551 535 536 536 536 537 537 537 538 538 538 538 539 539 539 540 540 540 540 541 541 541 541 541 542 542 542 542 542 543 543 543 543 543 543 544 544 544 544 544 544 544 544 544 544 544
351 351 351 352 352 353 353 354 353 354 354 354 355 355 355 547 548 548 549 549 549 550 550 551 551 552 552 552 553 553 554 554 554 555 555 556 556 556 557 557 557 549 549 550 550 550 551 551 551 536 536 536 537 537 537 538 538 538 539 539 539 539 540 540 540 541 541 541 541 542 542 542 542 542 543 543 543 543 543 544 544 544 544 544 544 544 544 545 545 545 545 545 545 545
352 351 352 352 353 353 353 354 353 354 354 355 355 356 355 356 548 548 549 549 550 550 551 551 551 552 552 553 553 554 554 554 555 555 556 556 556 557 557 558 558 549 550 550 550 551 551 551 536 536 536 537 537 537 538 538 538 539 539 539 540 540 540 541 541 541 541 542 542 542 542 542 543 543 543 543 544 544 544 544 544 544 545 545 545 545 545 545 545 545 545 545 546 546
352 351 352 352 353 353 354 354 354 354 355 355 356 356 355 356 548 549 549 550 550 551 551 551 552 552 553 553 554 554 554 555 555 556 556 556 557 557 558 558 558 550 550 550 551 551 552 552 536 537 537 537 538 538 538 539 539 539 540 540 540 540 541 541 541 542 542 542 542 543 543 543 543 543 544 544 544 544 544 545 545 545 545 545 545 545 546 546 546 546 546 546 546 546
352 352 352 353 353 354 354 355 354 354 355 355 356 356 356 356 549 549 550 550 550 551 551 552 552 553 553 553 554 554 555 555 556 556 556 557 557 558 558 558 559 550 550 551 551 552 552 537 537 537 537 538 538 538 539 539 539 540 540 540 541 541 541 541 542 542 542 543 543 543 543 544 544 544 544 544 545 545 545 545 545 545 546 546 546 546 546 546 546 546 547 547 547 547
353 352 353 353 353 354 354 355 354 355 355 356 356 357 356 357 357 549 550 550 551 551 552 552 553 553 553 554 554 555 555 555 556 556 557 557 558 558 558 559 559 551 551 551 552 552 552 537 537 537 538 538 539 539 539 540 540 540 540 541 541 541 542 542 542 543 543 543 543 544 544 544 544 544 545 545 545 545 545 546 546 546 546 546 546 547 547 547 547 547 547 547 547 547
353 352 353 353 354 354 355 355 355 355 356 356 356 357 356 357 357 550 550 551 551 552 552 552 553 553 554 554 555 555 555 556 556 557 557 558 558 558 559 559 560 551 551 552 552 552 537 537 538 538 538 539 539 539 540 540 540 541 541 541 542 542 542 542 543 543 543 544 544 544 544 545 545 545 545 545 546 546 546 546 546 547 547 547 547 547 547 547 547 548 548 548 548 548
353 353 353 354 354 355 355 355 355 355 356 356 357 357 357 357 358 358 551 551 551 552 552 553 553 554 554 555 555 555 556 556 557 557 557 558 558 559 559 560 560 551 552 552 552 553 537 538 538 538 539 539 539 540 540 540 541 541 541 542 542 542 543 543 543 543 544 544 544 545 545 545 545 546 546 546 546 546 547 547 547 547 547 547 548 548 548 548 548 548 548 548 548 548
353 353 353 354 354 355 355 356 355 356 356 357 357 358 357 358 358 358 551 551 552 552 553 553 554 554 554 555 555 556 556 557 557 557 558 558 559 559 560 560 560 552 552 552 553 538 538 538 538 539 539 539 540 540 541 541 541 542 542 542 542 543 543 543 544 544 544 545 545 545 545 546 546 546 546 546 547 547 547 547 547 548 548 548 548 548 548 548 549 549 549 549 549 549
354 353 354 354 355 355 356 356 356 356 356 357 357 358 357 358 358 359 551 552 552 553 553 553 554 554 555 555 556 556 557 557 557 558 558 559 559 559 560 560 561 552 552 553 553 538 538 538 539 539 540 540 540 541 541 541 542 542 542 543 543 543 544 544 544 544 545 545 545 546 546 546 546 547 547 547 547 547 548 548 548 548 548 548 549 549 549 549 549 549 549 549 549 549
354 353 354 354 355 355 356 356 356 356 357 357 358 358 358 358 359 359 360 552 552 553 553 554 554 555 555 556 556 556 557 557 558 558 559 559 559 560 560 561 561 552 553 553 538 538 538 539 539 540 540 540 541 541 541 542 542 542 543 543 543 544 544 544 545 545 545 545 546 546 546 547 547 547 547 547 548 548 548 548 548 549 549 549 549 549 549 550 550 550 550 550 550 550
