testData/tiles/oneDegreeCosts/grid41.0-9.0-42.0-10.0.asc
ncols   200
nrows   200
xllcorner   41.0
yllcorner   9.0
cellsize   0.005
NODATA_value   -9999.0
[rows 0 to 41 of 200, columns 0 to 93 of 200]
854 854 854 854 854 854 854 854 854 854 853 853 853 853 853 853 853 853 852 852 852 852 851 851 851 851 851 851 851 850 850 850 850 849 849 849 849 849 849 848 848 848 847 847 847 846 846 846 845 845 845 845 845 845 844 844 843 842 842 841 841 841 840 840 840 839 839 839 839 839 838 838 837 837 836 835 835 834 834 834 833 833 832 832 832 831 831 655 613 613 613 613 612 612
854 854 854 854 854 854 854 854 853 853 853 853 853 853 853 853 852 852 852 852 851 851 851 852 851 851 851 851 850 850 850 849 849 849 849 849 849 849 848 848 848 847 847 847 846 846 846 845 845 846 845 845 845 844 843 842 842 842 841 841 841 840 840 840 840 840 839 839 839 838 838 837 837 836 835 835 834 834 834 833 833 832 832 832 832 658 614 614 613 613 613 612 612 611
854 854 854 854 854 853 853 853 853 853 853 853 853 853 852 852 852 852 851 851 851 852 851 851 851 851 850 850 850 849 849 849 850 849 849 849 848 848 848 847 847 847 846 846 846 846 846 846 845 845 845 844 843 843 842 842 842 841 841 841 841 841 840 840 840 839 839 839 838 838 837 836 836 835 835 834 834 834 834 834 833 833 833 832 616 614 614 614 613 613 612 612 611 611
854 854 853 853 853 853 853 853 853 853 853 853 852 852 852 852 852 852 852 852 851 851 851 851 850 850 850 850 849 849 850 849 849 849 849 848 848 848 847 847 847 847 847 847 846 846 846 845 845 845 843 843 843 842 842 842 842 842 841 841 841 840 840 840 839 839 839 838 838 837 836 836 835 835 835 835 835 834 834 833 833 791 616 616 614 614 614 613 613 612 612 611 611 611
853 853 853 853 853 853 853 853 853 853 852 852 852 852 852 852 852 852 851 851 851 851 850 850 850 850 850 850 850 849 849 849 849 848 848 848 847 847 847 847 847 847 847 846 846 846 845 845 844 843 843 843 843 843 842 842 842 841 841 841 840 840 840 839 839 838 838 838 837 837 837 836 836 835 835 835 834 834 833 791 791 616 616 614 614 614 613 613 612 612 611 611 612 611
853 853 852 852 853 853 853 852 852 852 852 852 852 852 852 852 851 851 851 851 850 850 850 850 850 850 850 850 849 849 849 848 848 848 848 848 848 848 847 847 847 846 846 846 845 844 844 843 843 843 843 843 843 842 842 842 841 841 841 840 840 840 839 839 838 838 839 838 837 837 836 836 835 835 835 834 834 791 791 617 616 616 614 614 614 613 613 613 613 613 612 612 611 611
852 852 852 853 852 852 852 852 852 852 852 852 852 852 851 851 851 851 850 850 850 850 850 850 850 850 849 849 849 848 848 848 848 848 848 848 847 847 847 847 846 846 845 844 844 844 844 844 844 843 843 843 842 842 842 841 841 841 840 840 840 840 840 839 839 839 837 837 836 836 836 835 835 835 792 792 791 791 617 616 616 615 615 615 614 614 613 613 613 612 612 611 611 609
852 851 851 851 851 851 852 851 851 852 852 851 851 851 851 851 850 850 850 851 850 850 850 850 849 849 849 849 848 848 848 848 848 848 848 847 847 847 846 845 845 844 844 844 844 844 844 843 843 843 842 842 842 841 841 841 841 841 841 840 840 840 839 839 839 837 837 836 836 836 835 793 793 792 792 791 618 618 617 617 615 615 615 614 614 613 613 613 612 612 611 611 609 609
851 851 851 851 850 850 850 851 851 850 850 851 851 851 850 850 850 851 850 850 850 850 849 849 849 849 848 848 849 848 848 848 848 847 846 846 845 845 845 845 845 845 845 844 844 844 843 843 843 842 842 842 841 841 841 841 841 841 840 840 840 839 839 837 837 837 836 836 836 793 793 793 793 793 792 618 618 617 617 615 615 615 614 614 613 613 613 612 612 611 611 609 609 609
851 850 850 850 851 851 850 850 850 850 850 849 849 849 850 850 849 849 849 850 849 849 849 849 848 849 848 848 847 847 847 846 846 846 846 845 845 845 845 845 845 844 844 844 844 843 843 843 842 842 842 842 842 842 841 841 841 840 840 839 839 839 837 837 837 836 794 794 794 794 793 793 793 618 618 618 617 617 615 615 615 614 614 613 613 613 612 612 611 611 610 610 610 609
850 850 851 850 850 850 850 850 850 849 849 849 850 849 849 849 849 849 848 848 848 848 848 848 848 848 847 847 847 846 846 846 846 846 846 846 845 845 845 845 844 844 844 843 843 843 843 843 843 842 842 842 841 841 841 840 840 840 839 839 838 837 795 795 795 795 794 794 794 793 793 793 618 618 617 617 617 615 615 615 614 614 613 613 614 613 613 612 612 611 610 610 609 609
850 850 850 850 850 850 849 849 849 849 850 849 849 849 849 848 848 848 848 848 848 848 848 848 847 847 847 847 846 846 846 846 846 846 846 845 845 845 844 844 844 843 843 843 843 843 843 843 842 842 842 841 841 841 840 840 840 839 838 796 796 796 795 795 795 794 794 794 793 793 619 618 618 617 617 616 615 615 615 615 615 614 614 614 613 613 612 612 611 610 610 609 609 608
850 850 850 849 849 849 849 849 849 849 849 849 849 848 848 848 848 848 848 848 848 848 847 847 847 847 846 846 846 846 846 846 846 845 845 845 844 844 844 844 843 843 844 843 843 843 842 842 842 841 841 841 840 840 840 797 797 797 796 796 796 795 795 795 794 794 794 793 793 618 618 618 617 617 616 616 616 615 615 615 614 614 614 613 613 612 612 611 610 610 609 609 608 608
849 849 849 849 849 849 849 849 849 849 848 848 848 848 848 848 848 848 848 847 847 847 847 847 846 846 846 846 846 846 846 845 845 845 845 844 844 844 844 844 844 844 843 843 843 842 842 842 841 841 841 798 798 798 797 797 797 796 796 796 795 795 795 794 794 794 793 619 618 618 618 618 618 617 616 616 615 615 615 614 614 613 613 613 612 612 610 610 610 609 609 608 608 608
849 849 849 849 849 849 849 849 848 848 848 848 848 848 848 848 848 847 847 847 847 846 846 846 847 846 846 846 846 845 845 845 845 844 844 844 844 844 844 844 843 843 843 842 842 842 841 799 799 799 799 799 798 797 797 797 796 796 796 795 795 794 794 794 793 793 619 619 619 619 618 617 616 616 616 615 615 615 614 614 613 613 613 612 612 610 610 610 610 610 609 609 609 608
849 849 849 849 849 848 848 848 848 848 848 848 848 848 848 847 847 847 847 846 846 846 847 846 846 846 846 845 845 845 845 844 844 844 845 844 844 844 843 843 843 843 800 800 800 800 800 800 799 799 798 797 797 797 796 796 796 795 795 795 794 794 794 794 620 620 619 619 619 618 617 616 616 616 615 615 615 614 614 613 613 613 613 613 611 611 611 610 610 609 609 609 608 608
849 849 848 848 848 848 848 848 848 848 848 848 847 847 847 847 847 847 847 847 847 846 846 846 846 845 845 845 845 844 844 845 845 844 844 844 802 801 801 801 800 800 800 800 800 800 800 798 798 798 797 797 797 796 796 796 795 795 795 795 795 795 620 620 620 619 619 618 618 617 616 616 616 615 615 614 614 614 614 614 614 613 613 611 611 611 610 610 609 609 609 608 608 607
847 848 848 848 847 847 847 848 848 848 847 847 847 847 847 846 846 847 847 846 846 846 846 845 845 845 845 844 803 803 803 802 802 802 802 801 801 801 800 800 800 801 800 800 799 798 798 798 797 797 797 796 796 796 796 796 796 795 795 795 794 620 620 619 619 619 618 617 617 616 616 616 615 615 615 615 615 614 614 614 613 613 611 611 611 610 610 609 609 609 608 608 607 606
805 804 804 804 805 806 806 805 805 805 805 805 804 804 804 805 805 804 804 804 804 803 803 803 803 803 803 803 803 802 802 802 802 801 801 801 801 800 801 801 799 799 799 798 798 798 798 797 797 797 796 796 796 796 796 796 795 795 795 620 620 620 619 619 619 617 617 617 616 616 616 616 616 615 615 615 614 614 613 613 612 611 611 611 610 610 609 609 609 608 608 607 607 607
804 804 805 805 804 804 804 804 804 803 804 804 805 805 804 804 804 804 804 803 803 803 803 803 803 803 803 802 802 802 802 801 801 801 801 800 800 800 799 799 799 799 798 798 798 797 797 797 797 797 797 796 796 796 796 795 795 621 620 620 620 619 619 618 617 617 617 617 617 616 616 616 615 615 615 614 614 613 613 612 611 611 611 610 610 609 609 610 609 609 608 607 607 606
805 804 804 804 804 804 803 803 803 803 804 804 803 803 803 803 802 802 803 803 803 803 803 803 803 802 802 801 801 800 800 800 800 800 800 800 799 799 799 799 798 798 798 797 797 797 797 797 797 797 796 796 796 795 795 795 620 620 620 619 619 619 618 618 618 617 617 617 616 616 616 615 615 614 614 614 613 613 612 611 611 611 611 611 610 610 610 609 609 608 607 607 606 606
804 804 804 803 803 803 803 803 804 803 803 803 803 803 802 802 802 802 802 802 802 802 802 801 801 801 801 800 800 800 800 800 800 800 800 799 799 799 798 798 798 798 797 797 798 797 797 797 796 796 796 796 795 795 621 620 620 620 619 620 619 618 618 618 617 617 617 616 616 615 615 615 614 614 614 613 612 612 612 612 611 611 611 610 610 610 609 609 608 607 607 606 606 605
803 803 803 803 803 803 803 803 803 803 803 802 802 802 802 802 802 802 802 802 802 801 801 801 801 800 800 800 801 800 800 800 800 799 799 799 798 798 798 798 798 798 798 797 797 797 797 796 796 796 795 795 621 620 620 620 620 620 619 618 618 618 617 617 617 616 616 616 615 615 615 614 614 614 614 613 612 612 612 611 611 611 610 610 609 609 609 608 607 607 606 606 605 605
803 803 803 803 803 803 803 803 802 802 802 802 802 802 802 802 802 802 801 801 801 801 801 800 800 800 801 800 800 800 800 799 799 799 799 798 798 798 798 798 798 798 797 797 797 796 796 796 796 795 795 621 621 621 621 620 619 619 618 618 618 617 617 617 616 616 616 615 615 615 615 615 615 614 613 612 612 612 611 611 611 610 610 609 609 609 608 607 607 606 606 605 605 606
802 802 803 803 803 802 802 802 802 802 802 802 802 802 802 802 801 801 801 801 800 800 800 801 801 800 800 800 800 799 799 799 799 798 798 798 798 798 798 798 797 797 797 797 796 796 796 795 795 621 621 621 621 619 619 619 619 618 618 618 617 617 617 616 616 616 616 616 615 615 615 614 613 613 612 612 612 611 611 611 610 610 609 609 609 607 607 607 607 607 606 606 606 605
803 803 802 802 802 802 802 802 802 802 802 802 802 801 801 801 801 801 800 800 800 801 800 800 800 800 800 799 799 799 799 799 799 799 799 798 798 798 797 797 797 797 796 796 796 795 795 622 622 621 620 620 619 619 619 618 618 618 617 617 617 617 617 617 616 616 616 615 615 615 613 613 613 612 612 612 611 611 610 610 610 609 609 610 608 608 607 607 607 606 606 606 605 605
802 802 802 802 802 801 801 801 802 802 801 801 801 801 801 800 800 800 800 801 800 800 800 800 799 799 799 799 799 799 799 799 799 798 798 798 797 797 797 797 796 796 796 796 796 622 622 621 620 620 619 619 619 619 618 618 618 617 617 618 617 617 617 616 616 616 615 615 615 613 613 613 612 612 611 611 611 611 611 611 610 610 610 608 608 607 607 607 606 606 605 605 605 604
801 801 801 801 801 801 802 801 801 801 801 801 801 800 800 800 801 801 800 800 800 800 799 799 799 799 799 799 799 799 799 798 798 798 797 797 797 797 796 796 796 797 796 796 621 620 620 620 620 619 619 619 618 618 618 618 618 618 617 617 617 616 616 616 615 615 615 613 613 613 612 612 612 612 612 612 611 611 611 610 610 609 608 608 607 607 607 606 606 605 605 605 604 603
800 800 800 800 800 801 801 801 801 801 800 800 800 800 801 800 800 800 800 800 799 799 799 799 799 799 799 799 798 798 798 798 797 797 797 797 796 796 797 797 795 795 621 621 620 620 620 619 619 619 618 618 618 619 618 618 618 617 617 617 616 616 616 615 615 614 613 613 613 613 613 613 612 612 612 611 611 610 610 610 608 608 608 607 607 607 606 606 605 605 605 604 603 603
800 800 800 800 800 800 800 799 799 799 799 800 800 800 800 800 800 799 799 799 799 799 798 799 799 799 798 798 798 798 797 797 797 797 796 796 796 796 795 795 621 621 620 620 620 619 619 619 619 619 619 619 618 618 618 617 617 617 616 616 616 616 615 614 614 613 613 614 613 613 612 612 612 611 611 611 610 610 610 608 608 608 607 607 606 606 606 605 605 606 605 604 603 603
800 800 800 800 799 799 799 799 799 799 799 799 799 799 799 798 798 798 798 798 798 798 798 798 797 797 797 797 796 796 796 796 796 796 796 796 795 795 621 621 620 620 620 620 619 619 619 619 619 619 618 618 618 618 617 617 617 616 616 616 615 614 614 614 614 614 613 613 613 612 612 612 611 611 611 610 610 609 608 608 607 607 607 607 607 607 606 606 606 605 604 603 603 603
799 799 799 799 799 799 799 799 799 799 799 799 798 798 798 798 798 798 798 798 798 798 797 797 797 797 796 796 796 796 796 796 796 796 795 795 621 621 620 620 620 620 620 620 620 619 619 619 619 618 618 618 617 617 617 616 616 616 616 615 615 615 614 614 614 613 613 613 612 612 612 611 611 611 610 610 608 608 608 608 608 608 607 607 607 606 606 605 604 604 603 603 603 602
799 799 799 798 798 798 799 799 799 798 798 798 798 798 798 798 798 798 798 797 797 797 797 797 796 796 796 796 796 796 796 796 795 795 795 621 620 620 620 620 620 620 620 620 619 619 619 618 618 618 618 617 617 617 616 616 616 615 615 615 614 614 614 613 613 613 612 612 612 611 611 611 610 610 609 609 609 609 608 608 608 607 607 607 606 606 605 604 604 603 603 603 602 602
798 798 798 798 799 799 798 798 798 798 798 797 797 797 798 798 798 797 797 797 797 796 796 796 796 796 796 796 796 796 795 795 795 621 620 620 620 620 620 620 620 620 619 619 619 618 618 618 618 617 617 617 616 616 616 616 615 615 615 614 614 614 613 613 613 612 612 612 611 611 611 611 610 610 609 609 609 608 608 608 607 607 606 606 606 605 604 604 603 603 602 602 602 601
798 798 798 798 798 798 798 798 797 797 797 797 798 798 797 797 797 797 797 796 796 796 796 796 796 796 796 796 795 795 795 621 620 620 620 620 620 620 620 620 619 619 619 619 618 618 618 617 617 617 617 616 616 616 615 615 615 614 614 614 613 613 613 612 612 612 612 612 612 612 611 610 609 609 609 608 608 608 607 607 607 606 606 606 604 604 604 603 603 603 603 603 602 602
798 798 798 798 798 797 797 797 797 797 798 797 797 797 797 797 796 796 796 796 796 796 796 796 796 796 795 795 795 621 620 620 620 620 620 620 620 620 619 619 619 619 618 618 618 617 617 617 617 616 616 616 615 615 615 615 614 614 614 613 613 613 612 612 613 612 612 612 611 610 610 609 609 609 608 608 608 607 607 607 606 606 606 604 604 604 604 604 603 603 603 602 602 601
798 799 798 798 798 798 798 798 798 798 798 798 798 796 796 796 796 796 796 796 796 796 796 795 795 795 795 621 620 620 620 621 620 620 620 620 619 619 619 619 618 618 618 618 617 617 617 616 616 616 616 615 615 615 614 614 614 613 613 613 613 613 613 613 612 612 612 610 610 610 609 609 609 608 608 608 607 607 607 606 606 606 605 605 604 604 604 603 603 603 602 602 601 600
797 797 797 797 797 797 798 798 798 798 797 797 797 797 797 797 796 797 797 797 797 796 796 796 796 621 621 621 620 621 620 620 620 620 619 619 619 619 618 618 617 617 617 617 617 616 616 616 616 615 615 615 614 614 614 614 613 613 614 613 613 613 612 612 612 610 610 610 609 609 609 608 608 608 607 607 607 607 607 607 605 605 605 604 604 604 603 603 602 602 602 601 600 600
798 797 797 797 797 798 798 797 797 797 797 797 798 797 797 798 798 798 797 796 796 796 796 621 621 621 621 621 621 621 621 621 620 619 619 619 618 618 617 617 617 617 617 616 616 616 616 615 615 615 615 614 614 614 614 614 614 613 613 613 613 612 612 611 610 610 610 609 609 609 608 608 608 608 608 608 607 607 606 605 605 605 604 604 603 603 603 602 602 602 601 600 600 599
797 797 797 798 797 797 797 797 797 797 797 797 797 797 797 796 796 796 796 796 795 621 621 621 621 621 621 621 621 621 620 619 619 619 618 618 618 619 618 618 618 618 617 617 617 616 615 615 615 614 614 614 614 614 614 614 613 613 613 612 611 611 610 610 610 609 609 609 609 609 609 609 608 608 608 607 607 605 605 605 604 604 604 603 603 603 602 602 602 600 600 600 600 600
797 798 798 798 798 798 798 797 797 797 797 798 797 797 797 797 797 797 796 622 622 622 623 621 621 621 621 620 620 620 620 620 619 619 619 620 619 619 619 619 617 617 617 616 616 616 616 615 615 616 616 615 614 614 613 613 613 612 611 611 611 610 610 610 609 609 610 609 609 609 608 608 608 607 607 606 605 605 605 604 604 604 603 603 603 602 602 601 601 601 600 600 600 599
799 799 799 798 798 798 798 798 798 798 798 797 797 797 797 796 796 622 622 622 622 622 622 622 622 621 621 621 621 620 620 620 620 621 619 619 619 619 618 618 618 618 617 617 617 616 616 617 616 615 615 615 614 614 614 613 612 612 611 610 610 610 610 610 610 610 609 609 609 608 608 608 607 606 606 605 605 605 604 604 604 603 603 603 603 603 601 601 601 600 600 600 599 599
