testData/tiles/oneDegreeCosts/grid27.0-27.0-28.0-28.0.asc
ncols   200
nrows   200
xllcorner   27.0
yllcorner   27.0
cellsize   0.005
NODATA_value   -9999.0
[rows 42 to 83 of 200, columns 95 to 189 of 200]
152 151 150 149 148 147 146 145 144 143 167 166 165 164 163 163 164 165 166 167 167 168 169 169 169 170 170 171 171 216 216 216 216 216 216 216 215 215 215 215 215 214 214 214 214 213 213 213 212 212 212 212 211 211 211 210 210 210 210 212 212 214 215 217 217 218 220 220 221 222 223 224 225 226 226 227 228 229 230 231 232 233 234 234 235 235 236 204 205 205 206 206 207 207 208
151 150 149 148 147 146 146 145 144 143 167 166 165 164 163 163 164 165 166 167 168 168 169 169 170 170 170 171 172 216 216 216 216 216 216 216 216 215 215 215 215 215 214 214 214 213 213 213 212 212 213 212 212 211 211 210 210 210 211 212 213 214 215 216 217 218 219 220 222 222 223 223 225 226 226 227 228 229 229 231 232 233 234 234 235 235 204 204 205 205 206 206 206 207 207
151 150 149 148 147 146 145 144 143 142 166 165 164 163 162 162 164 165 166 166 167 168 168 169 170 170 171 172 172 216 216 216 216 216 216 216 216 216 216 215 215 215 215 214 214 214 213 213 213 212 213 212 212 211 211 210 210 210 211 211 213 214 215 216 217 218 219 220 221 222 223 224 225 225 226 228 228 229 229 232 232 233 233 234 202 203 203 204 204 205 205 206 206 207 207
151 150 149 148 147 146 145 144 143 142 166 165 164 163 162 163 164 165 166 167 167 168 168 169 169 170 170 171 171 171 215 215 215 215 215 215 215 215 215 215 214 214 214 214 213 213 213 212 212 212 212 212 211 211 210 211 210 210 210 211 213 213 215 216 217 218 219 220 221 222 222 224 225 225 227 227 228 228 230 232 232 233 200 201 202 203 203 204 204 205 205 206 206 208 208
150 149 149 148 147 146 145 144 143 142 166 165 164 163 162 163 164 165 166 167 168 168 169 169 170 170 170 171 171 172 216 216 216 216 216 215 215 215 215 215 215 214 214 214 213 213 213 212 212 212 212 212 211 211 210 210 210 210 210 212 212 213 215 216 217 218 219 220 221 222 223 224 224 225 227 227 228 228 230 231 199 199 200 201 202 203 203 204 204 205 205 206 207 207 208
150 149 148 147 146 145 144 143 142 142 165 164 163 162 162 164 165 166 167 167 168 169 169 170 170 170 170 172 172 172 216 216 216 216 216 216 216 215 215 215 215 215 214 214 214 213 213 213 212 212 212 212 211 211 210 210 210 210 210 211 212 214 215 215 217 218 219 220 221 222 223 224 224 226 226 227 227 229 197 198 199 199 201 201 202 202 203 203 204 205 206 206 207 207 208
150 149 148 147 146 145 144 143 142 166 165 164 163 162 162 163 164 165 166 167 167 168 168 169 169 169 170 171 171 171 171 215 216 216 216 216 216 216 215 215 215 215 214 214 214 213 213 213 212 213 213 212 212 211 211 210 210 210 211 211 212 214 214 216 217 217 219 220 220 222 223 223 225 225 226 227 228 196 196 198 198 200 201 201 202 202 203 203 205 205 206 206 207 207 208
149 149 148 147 146 145 144 143 142 166 165 164 163 162 162 163 165 166 166 167 168 168 169 169 169 170 170 171 171 171 171 215 215 215 215 215 215 215 215 214 214 214 214 213 213 213 212 212 212 212 212 211 211 210 210 210 210 210 211 211 213 213 214 216 217 218 219 220 221 222 222 223 225 225 226 194 195 196 196 198 199 200 200 201 201 202 203 204 204 205 205 206 206 207 207
149 148 147 146 145 144 143 142 142 165 164 163 163 162 163 164 165 166 167 167 168 169 169 169 170 170 170 171 171 172 172 216 216 216 215 215 215 215 215 215 214 214 214 214 213 213 213 212 212 212 212 211 211 211 210 210 210 210 211 211 212 213 215 216 216 218 219 219 221 222 222 224 224 192 193 194 195 195 196 198 199 200 200 201 201 203 203 204 204 205 205 206 206 207 207
149 148 147 146 145 144 143 142 142 165 164 163 162 162 162 163 164 165 166 167 167 168 168 169 169 170 170 172 172 172 172 172 216 216 216 216 215 215 215 215 215 214 214 214 213 213 213 212 212 213 212 212 211 211 210 210 210 211 211 212 212 213 215 215 217 218 218 220 221 221 222 191 191 192 193 194 195 195 196 198 199 199 200 200 202 202 203 203 204 204 205 205 206 206 208
148 148 147 146 145 144 143 142 142 165 164 163 162 162 163 164 165 166 166 167 168 168 169 169 169 170 170 171 171 171 171 171 215 215 215 215 215 214 214 214 215 215 214 214 214 213 213 213 212 213 212 212 211 211 210 210 210 211 211 212 212 214 214 215 217 217 218 220 220 189 190 190 191 192 193 194 194 195 196 198 199 199 200 201 202 202 203 203 204 204 205 205 207 207 208
148 147 146 145 144 143 142 141 165 164 163 163 162 162 163 164 165 166 167 167 168 168 169 169 170 170 170 171 171 171 171 171 215 215 215 215 215 215 214 214 214 214 213 213 213 212 212 212 212 212 211 211 211 210 210 210 211 211 211 212 212 213 214 215 216 217 219 186 187 189 189 190 191 192 193 193 194 196 197 198 198 199 200 201 201 202 203 203 204 204 206 206 207 207 207
148 147 146 145 144 143 142 141 165 164 163 162 161 161 162 164 165 165 166 167 167 168 169 170 170 170 170 171 171 172 172 172 172 215 215 215 215 215 215 214 214 214 214 213 213 213 212 212 212 212 212 211 211 210 210 210 211 211 212 212 212 213 214 215 216 184 185 186 187 188 189 190 191 192 193 193 195 195 197 198 198 200 200 201 201 202 202 203 204 205 205 206 206 207 207
147 146 145 145 144 143 142 141 165 164 163 162 161 161 163 164 165 166 166 167 168 168 168 169 169 169 169 171 171 171 171 171 171 215 215 215 215 215 215 215 214 214 214 214 213 213 212 212 212 212 212 211 211 210 210 210 211 211 212 212 213 213 213 182 183 184 185 186 188 188 189 189 191 192 192 193 195 195 197 197 199 199 200 200 201 202 202 204 204 205 205 206 206 207 207
147 146 145 144 143 142 141 141 164 163 162 161 161 162 163 164 165 166 167 167 168 168 169 169 169 170 170 171 171 171 171 171 171 171 215 215 214 214 214 214 214 213 213 213 212 212 212 211 211 212 212 212 211 211 210 211 211 212 212 212 213 180 181 182 182 184 185 186 187 188 189 190 191 191 192 194 194 195 196 197 199 199 200 200 201 201 203 203 204 204 205 205 206 206 207
147 146 145 144 143 142 141 141 164 163 162 161 160 161 163 164 165 165 166 167 167 168 169 169 170 170 170 171 171 171 171 171 171 171 215 215 215 215 214 214 214 214 213 213 213 212 212 211 211 212 211 211 210 210 210 211 211 212 212 180 180 180 181 181 182 184 185 186 187 188 188 190 191 191 193 193 194 195 196 198 198 199 199 200 200 202 203 203 204 204 205 205 206 206 207
146 145 144 143 142 142 141 141 164 163 162 161 160 162 163 164 165 166 166 167 167 168 168 169 169 169 170 170 170 170 170 170 170 171 171 215 215 215 214 214 214 214 213 213 213 212 212 212 211 212 211 211 210 210 210 211 211 179 179 180 180 181 181 181 183 184 184 186 187 187 189 190 190 191 192 193 194 194 197 197 198 199 199 200 201 202 202 203 203 204 204 205 205 207 207
146 145 144 143 142 141 140 164 163 162 161 160 160 162 163 164 165 166 167 167 168 168 169 169 169 169 170 171 171 171 171 171 171 171 171 214 214 214 214 213 213 213 213 212 212 213 212 212 211 212 212 211 211 210 211 178 179 179 179 180 180 181 181 181 182 183 185 186 186 187 189 189 190 192 192 193 193 195 197 197 198 198 199 200 201 202 202 203 203 204 204 206 206 207 207
146 145 144 143 142 141 140 164 163 162 161 160 160 162 163 164 165 165 166 167 167 167 168 169 169 170 171 171 171 171 171 171 171 171 171 214 214 214 214 214 213 213 213 212 212 212 211 211 211 211 211 210 177 177 178 178 179 179 180 180 180 181 181 182 182 183 185 185 186 188 188 189 190 191 192 193 193 195 196 197 197 198 200 200 201 201 202 202 203 204 205 205 206 206 207
145 144 143 142 141 140 139 164 163 162 161 160 161 162 163 164 165 166 166 167 167 168 168 168 169 169 170 170 170 170 170 170 171 171 171 171 215 214 214 214 214 213 213 213 212 212 212 211 211 211 178 177 177 177 178 178 179 179 180 180 181 181 181 182 182 182 184 185 186 187 188 189 190 191 192 192 194 194 196 197 197 199 199 200 200 201 202 202 204 204 205 205 206 206 207
145 144 143 142 141 140 139 163 162 161 160 160 160 161 163 163 165 166 167 167 168 168 168 169 169 169 170 170 170 170 170 170 170 170 170 170 214 213 213 213 213 212 212 213 212 212 212 211 178 178 178 178 177 178 178 179 179 180 180 180 181 181 182 182 182 183 184 185 186 187 188 189 190 191 191 193 193 194 196 196 198 198 199 200 200 201 201 203 203 204 204 205 205 206 206
144 143 142 142 141 140 139 163 162 161 160 160 161 162 163 164 165 165 166 166 167 167 168 168 169 169 170 171 171 171 171 171 170 170 170 170 170 214 213 213 213 213 212 212 212 211 178 178 177 178 177 177 177 178 178 179 179 180 180 181 181 181 182 182 182 183 184 184 186 187 187 189 190 190 191 193 193 194 195 197 198 198 199 199 200 201 202 202 203 204 204 205 205 206 206
144 143 142 141 140 139 139 162 161 160 160 160 161 162 163 164 165 166 166 167 167 168 168 168 168 169 170 170 170 170 170 170 170 171 170 170 170 214 214 213 213 213 213 179 179 178 178 178 177 178 177 177 177 178 178 179 179 180 180 181 181 181 182 182 183 183 183 185 186 186 188 189 189 190 192 192 193 193 195 197 197 198 198 199 201 201 202 202 203 203 204 204 205 205 206
144 143 142 141 140 139 163 162 161 160 159 159 160 162 163 163 164 165 167 167 167 168 168 168 169 169 170 170 170 170 170 170 170 170 170 169 169 169 213 213 212 179 179 179 179 179 178 178 177 178 178 177 178 178 179 179 180 180 180 181 181 182 182 182 183 183 183 184 185 186 188 188 189 190 191 192 193 193 196 196 197 198 198 200 200 201 201 202 202 203 203 204 204 206 207
143 142 141 140 139 138 162 162 161 160 159 159 161 162 163 164 165 165 166 166 167 167 167 168 168 168 170 170 170 170 170 170 170 170 170 170 169 169 213 180 180 179 179 179 178 178 177 177 177 177 177 177 178 178 179 179 180 180 181 181 181 182 182 183 183 183 184 184 185 187 187 188 189 190 191 192 192 194 195 196 197 197 199 199 200 200 201 202 202 203 203 205 205 206 206
143 142 141 140 139 138 162 161 160 159 158 159 160 161 163 164 165 166 166 167 167 167 168 168 168 168 169 169 169 169 169 169 169 169 169 170 137 136 136 180 180 179 179 179 178 178 178 177 177 177 177 177 178 178 179 179 180 180 181 181 182 182 182 183 183 183 184 184 184 186 187 188 189 190 191 191 192 193 195 196 196 197 198 199 200 200 201 201 202 203 204 204 205 205 206
142 141 140 139 139 138 162 161 160 159 158 159 161 162 163 163 164 165 165 166 166 168 168 168 168 168 170 170 170 170 170 170 169 169 136 136 136 136 136 179 179 179 178 178 179 178 178 177 177 178 177 178 178 179 179 180 180 180 181 181 182 182 182 183 183 184 184 184 185 186 186 187 189 190 190 191 192 193 195 195 196 198 198 199 199 200 200 201 203 203 204 204 205 205 206
142 141 140 139 138 138 161 160 159 158 158 160 161 162 163 164 164 165 166 166 167 167 167 167 168 168 169 169 169 170 170 137 137 137 136 136 136 136 136 136 179 179 178 178 178 177 177 177 176 177 177 178 178 179 179 180 180 181 181 181 182 182 183 183 183 184 184 184 185 185 186 188 188 189 190 191 192 193 194 195 197 197 198 198 199 200 200 202 202 203 203 204 204 205 205
141 141 140 139 138 138 161 160 159 158 158 159 160 161 162 163 164 165 166 166 167 167 167 168 168 168 169 169 169 136 136 136 136 136 136 135 135 136 136 136 179 179 179 178 178 178 177 177 176 177 177 178 178 179 179 180 180 181 181 182 182 182 183 183 184 184 184 185 185 185 186 187 188 189 189 191 192 192 194 196 196 197 197 198 199 200 201 201 202 202 203 203 204 205 205
141 140 139 138 137 161 160 159 159 158 158 159 161 162 163 163 164 165 165 166 166 166 167 167 168 168 136 136 136 136 136 136 136 136 136 136 135 135 135 135 135 178 178 177 177 178 177 177 176 177 178 178 179 179 180 180 180 181 181 182 182 183 183 183 184 184 184 185 185 185 186 187 188 188 190 191 191 192 194 195 196 197 197 198 199 200 200 201 202 202 203 203 204 204 205
141 140 139 138 137 161 160 159 158 157 157 159 160 161 163 164 164 165 165 166 166 167 167 134 134 134 135 135 136 136 136 136 136 136 136 136 136 135 135 135 135 178 178 178 177 177 176 176 176 177 178 178 179 179 180 180 181 181 182 182 182 183 183 183 184 184 184 185 185 185 186 187 187 189 190 190 191 192 194 195 196 196 197 198 199 200 200 201 201 202 202 203 203 205 205
140 139 138 137 136 160 160 159 158 157 158 159 160 161 162 163 164 164 165 165 166 134 134 134 134 135 136 136 136 136 136 136 135 135 135 135 135 135 134 135 135 134 178 178 177 177 177 176 176 177 178 178 179 179 180 180 181 181 182 182 182 183 183 184 184 184 185 185 185 186 186 186 187 189 189 190 191 192 194 195 195 196 196 198 199 199 200 200 201 201 202 203 204 205 205
140 139 138 137 136 160 159 158 157 156 157 159 161 162 163 163 164 164 132 132 133 133 133 134 134 134 135 135 136 136 136 136 136 136 135 135 135 135 134 134 134 134 177 177 177 176 176 176 176 177 178 179 179 180 180 180 181 181 182 182 183 183 183 184 184 184 185 185 185 186 186 186 187 188 189 190 190 192 194 194 195 195 197 198 198 199 199 200 201 202 203 203 204 204 205
139 138 137 136 136 160 159 158 157 156 158 159 160 161 162 130 130 131 132 133 133 133 134 134 134 134 135 135 135 135 135 135 135 135 135 135 135 135 135 134 134 134 134 177 177 176 176 176 176 178 178 179 179 180 180 181 181 182 182 182 183 183 184 184 184 185 185 185 186 186 186 186 187 188 188 189 191 191 193 194 194 196 197 197 198 198 199 200 201 202 202 203 203 204 204
139 138 137 136 136 159 158 157 156 156 158 159 127 128 129 130 130 131 132 132 132 133 133 133 134 134 135 135 135 135 135 135 135 135 135 135 134 134 134 134 133 133 134 133 177 177 176 176 176 178 178 179 179 180 180 181 181 182 182 183 183 183 184 184 184 185 185 185 186 186 186 187 187 187 188 190 190 191 193 193 195 196 196 197 197 198 199 200 201 201 202 202 203 204 204
138 137 136 136 136 159 158 157 156 123 124 126 127 128 128 129 131 131 132 132 132 133 133 133 133 133 135 135 135 135 135 135 135 135 135 135 135 134 134 134 133 133 133 133 176 176 176 176 176 178 178 179 180 180 180 181 181 182 182 183 183 183 184 184 185 185 185 186 186 186 186 187 187 187 188 189 190 191 192 194 195 195 196 196 197 198 199 200 200 201 202 202 203 203 204
138 137 136 135 159 158 124 123 122 123 125 126 127 128 129 129 130 131 131 131 132 132 133 133 134 134 135 135 135 135 135 135 134 134 134 134 134 134 134 134 134 133 133 133 132 176 176 176 177 178 179 179 180 180 181 181 182 182 182 183 183 184 184 184 185 185 185 186 186 186 187 187 187 187 188 189 189 190 192 194 194 195 195 196 197 198 199 199 200 201 201 202 202 203 203
137 136 136 102 126 125 124 123 122 123 124 125 126 127 129 130 130 131 131 132 132 132 132 133 133 133 134 134 135 135 135 135 135 134 134 134 134 134 133 133 133 132 132 132 132 176 176 176 177 178 179 179 180 180 181 181 182 182 183 183 183 184 184 184 185 185 185 186 186 186 187 187 187 187 188 188 189 190 192 193 194 194 195 196 197 198 198 199 200 200 201 201 202 202 204
104 103 102 101 125 124 123 122 122 123 125 126 127 128 128 129 130 130 131 131 132 132 133 133 133 133 134 134 134 134 134 134 134 134 134 134 134 134 134 133 133 133 132 132 132 131 176 176 177 178 179 179 180 180 181 181 182 182 183 183 183 184 184 185 185 185 186 186 186 187 187 187 187 188 188 188 189 190 192 193 193 194 195 196 197 197 198 199 199 200 200 201 203 203 204
103 102 102 101 125 124 123 122 121 123 124 125 126 128 129 129 130 130 131 131 131 132 132 132 132 132 134 134 134 134 134 134 134 134 134 133 133 133 133 132 132 132 132 132 132 131 132 176 178 179 179 180 180 181 181 182 182 182 183 183 184 184 184 185 185 185 186 186 186 187 187 187 188 188 188 188 188 190 191 192 193 194 195 196 196 197 198 198 199 199 201 202 202 203 203
103 102 101 101 124 123 122 122 121 123 124 125 126 127 128 129 129 130 130 131 132 132 132 132 132 132 134 134 134 133 133 133 134 134 134 134 133 133 133 133 132 132 132 131 131 131 132 177 177 179 179 180 180 181 181 182 182 183 183 183 184 184 185 185 185 186 186 186 187 187 187 187 188 188 188 188 189 189 191 192 192 194 195 195 196 197 197 198 198 200 201 201 202 202 203
102 102 101 101 124 123 122 121 121 122 124 125 127 127 128 129 129 130 130 131 131 131 131 131 133 133 134 134 134 134 134 133 133 133 133 133 133 132 132 133 132 132 132 131 131 132 132 133 177 179 179 180 180 181 181 182 182 183 183 184 184 184 185 185 185 186 186 186 187 187 187 188 188 188 188 188 189 189 191 191 192 194 194 195 196 196 197 197 199 200 200 201 201 202 202
