testData/tiles/oneDegreeCosts/grid48.0-5.0-49.0-6.0.asc
ncols   200
nrows   200
xllcorner   48.0
yllcorner   5.0
cellsize   0.005
NODATA_value   -9999.0
[rows 0 to 16 of 200, columns 148 to 184 of 200]
1.190000000000000000e+03 1.190000000000000000e+03 1.190000000000000000e+03 1.190000000000000000e+03 1.190000000000000000e+03 1.190000000000000000e+03 1.190000000000000000e+03 1.190000000000000000e+03 1.190000000000000000e+03 1.190000000000000000e+03 1.190000000000000000e+03 1.190000000000000000e+03 1.190000000000000000e+03 1.190000000000000000e+03 1.190000000000000000e+03 1.190000000000000000e+03 1.190000000000000000e+03 1.190000000000000000e+03 1.190000000000000000e+03 1.190000000000000000e+03 1.190000000000000000e+03 1.190000000000000000e+03 1.190000000000000000e+03 1.190000000000000000e+03 1.190000000000000000e+03 1.190000000000000000e+03 1.190000000000000000e+03 1.190000000000000000e+03 1.190000000000000000e+03 1.190000000000000000e+03 1.190000000000000000e+03 1.191000000000000000e+03 1.193000000000000000e+03 1.026000000000000000e+03 1.026000000000000000e+03 1.027000000000000000e+03 1.029000000000000000e+03
1.190000000000000000e+03 1.190000000000000000e+03 1.190000000000000000e+03 1.190000000000000000e+03 1.190000000000000000e+03 1.190000000000000000e+03 1.190000000000000000e+03 1.190000000000000000e+03 1.190000000000000000e+03 1.190000000000000000e+03 1.190000000000000000e+03 1.190000000000000000e+03 1.190000000000000000e+03 1.190000000000000000e+03 1.190000000000000000e+03 1.190000000000000000e+03 1.190000000000000000e+03 1.190000000000000000e+03 1.190000000000000000e+03 1.190000000000000000e+03 1.190000000000000000e+03 1.190000000000000000e+03 1.190000000000000000e+03 1.190000000000000000e+03 1.190000000000000000e+03 1.190000000000000000e+03 1.190000000000000000e+03 1.190000000000000000e+03 1.190000000000000000e+03 1.190000000000000000e+03 1.023000000000000000e+03 1.023000000000000000e+03 1.025000000000000000e+03 1.026000000000000000e+03 1.028000000000000000e+03 1.029000000000000000e+03 1.031000000000000000e+03
1.190000000000000000e+03 1.190000000000000000e+03 1.190000000000000000e+03 1.190000000000000000e+03 1.190000000000000000e+03 1.190000000000000000e+03 1.190000000000000000e+03 1.190000000000000000e+03 1.190000000000000000e+03 1.190000000000000000e+03 1.190000000000000000e+03 1.190000000000000000e+03 1.190000000000000000e+03 1.190000000000000000e+03 1.190000000000000000e+03 1.190000000000000000e+03 1.190000000000000000e+03 1.190000000000000000e+03 1.190000000000000000e+03 1.190000000000000000e+03 1.190000000000000000e+03 1.190000000000000000e+03 1.190000000000000000e+03 1.190000000000000000e+03 1.190000000000000000e+03 1.190000000000000000e+03 1.190000000000000000e+03 1.020000000000000000e+03 1.020000000000000000e+03 1.021000000000000000e+03 1.023000000000000000e+03 1.025000000000000000e+03 1.026000000000000000e+03 1.028000000000000000e+03 1.030000000000000000e+03 1.031000000000000000e+03 1.033000000000000000e+03
1.190000000000000000e+03 1.190000000000000000e+03 1.190000000000000000e+03 1.190000000000000000e+03 1.190000000000000000e+03 1.190000000000000000e+03 1.190000000000000000e+03 1.190000000000000000e+03 1.190000000000000000e+03 1.190000000000000000e+03 1.190000000000000000e+03 1.190000000000000000e+03 1.190000000000000000e+03 1.190000000000000000e+03 1.190000000000000000e+03 1.190000000000000000e+03 1.190000000000000000e+03 1.190000000000000000e+03 1.190000000000000000e+03 1.190000000000000000e+03 1.190000000000000000e+03 1.190000000000000000e+03 1.190000000000000000e+03 1.190000000000000000e+03 1.020000000000000000e+03 1.020000000000000000e+03 1.020000000000000000e+03 1.020000000000000000e+03 1.021000000000000000e+03 1.023000000000000000e+03 1.025000000000000000e+03 1.026000000000000000e+03 1.028000000000000000e+03 1.030000000000000000e+03 1.031000000000000000e+03 1.033000000000000000e+03 1.034000000000000000e+03
1.190000000000000000e+03 1.190000000000000000e+03 1.190000000000000000e+03 1.190000000000000000e+03 1.190000000000000000e+03 1.190000000000000000e+03 1.190000000000000000e+03 1.190000000000000000e+03 1.190000000000000000e+03 1.190000000000000000e+03 1.190000000000000000e+03 1.190000000000000000e+03 1.190000000000000000e+03 1.190000000000000000e+03 1.190000000000000000e+03 1.190000000000000000e+03 1.190000000000000000e+03 1.190000000000000000e+03 1.190000000000000000e+03 1.190000000000000000e+03 1.020000000000000000e+03 1.020000000000000000e+03 1.020000000000000000e+03 1.020000000000000000e+03 1.020000000000000000e+03 1.020000000000000000e+03 1.020000000000000000e+03 1.021000000000000000e+03 1.023000000000000000e+03 1.025000000000000000e+03 1.026000000000000000e+03 1.028000000000000000e+03 1.030000000000000000e+03 1.031000000000000000e+03 1.033000000000000000e+03 1.035000000000000000e+03 1.036000000000000000e+03
1.190000000000000000e+03 1.190000000000000000e+03 1.190000000000000000e+03 1.190000000000000000e+03 1.190000000000000000e+03 1.190000000000000000e+03 1.190000000000000000e+03 1.190000000000000000e+03 1.190000000000000000e+03 1.190000000000000000e+03 1.190000000000000000e+03 1.190000000000000000e+03 1.190000000000000000e+03 1.190000000000000000e+03 1.190000000000000000e+03 1.190000000000000000e+03 1.190000000000000000e+03 1.020000000000000000e+03 1.020000000000000000e+03 1.020000000000000000e+03 1.020000000000000000e+03 1.020000000000000000e+03 1.020000000000000000e+03 1.020000000000000000e+03 1.020000000000000000e+03 1.020000000000000000e+03 1.021000000000000000e+03 1.023000000000000000e+03 1.024000000000000000e+03 1.026000000000000000e+03 1.028000000000000000e+03 1.030000000000000000e+03 1.031000000000000000e+03 1.033000000000000000e+03 1.035000000000000000e+03 1.036000000000000000e+03 1.038000000000000000e+03
1.190000000000000000e+03 1.190000000000000000e+03 1.190000000000000000e+03 1.190000000000000000e+03 1.190000000000000000e+03 1.190000000000000000e+03 1.190000000000000000e+03 1.190000000000000000e+03 1.190000000000000000e+03 1.190000000000000000e+03 1.190000000000000000e+03 1.190000000000000000e+03 1.190000000000000000e+03 1.190000000000000000e+03 1.020000000000000000e+03 1.020000000000000000e+03 1.020000000000000000e+03 1.020000000000000000e+03 1.020000000000000000e+03 1.020000000000000000e+03 1.020000000000000000e+03 1.020000000000000000e+03 1.020000000000000000e+03 1.020000000000000000e+03 1.020000000000000000e+03 1.020000000000000000e+03 1.022000000000000000e+03 1.024000000000000000e+03 1.026000000000000000e+03 1.028000000000000000e+03 1.030000000000000000e+03 1.031000000000000000e+03 1.033000000000000000e+03 1.035000000000000000e+03 1.036000000000000000e+03 1.038000000000000000e+03 1.040000000000000000e+03
1.190000000000000000e+03 1.190000000000000000e+03 1.190000000000000000e+03 1.190000000000000000e+03 1.190000000000000000e+03 1.190000000000000000e+03 1.190000000000000000e+03 1.190000000000000000e+03 1.190000000000000000e+03 1.190000000000000000e+03 1.190000000000000000e+03 1.020000000000000000e+03 1.020000000000000000e+03 1.020000000000000000e+03 1.020000000000000000e+03 1.020000000000000000e+03 1.020000000000000000e+03 1.020000000000000000e+03 1.020000000000000000e+03 1.020000000000000000e+03 1.020000000000000000e+03 1.020000000000000000e+03 1.020000000000000000e+03 1.020000000000000000e+03 1.020000000000000000e+03 1.022000000000000000e+03 1.024000000000000000e+03 1.026000000000000000e+03 1.027000000000000000e+03 1.029000000000000000e+03 1.031000000000000000e+03 1.033000000000000000e+03 1.035000000000000000e+03 1.036000000000000000e+03 1.038000000000000000e+03 1.040000000000000000e+03 1.041000000000000000e+03
1.190000000000000000e+03 1.190000000000000000e+03 1.190000000000000000e+03 1.190000000000000000e+03 1.190000000000000000e+03 1.190000000000000000e+03 1.190000000000000000e+03 1.020000000000000000e+03 1.020000000000000000e+03 1.020000000000000000e+03 1.020000000000000000e+03 1.020000000000000000e+03 1.020000000000000000e+03 1.020000000000000000e+03 1.020000000000000000e+03 1.020000000000000000e+03 1.020000000000000000e+03 1.020000000000000000e+03 1.020000000000000000e+03 1.020000000000000000e+03 1.020000000000000000e+03 1.020000000000000000e+03 1.020000000000000000e+03 1.020000000000000000e+03 1.021000000000000000e+03 1.023000000000000000e+03 1.025000000000000000e+03 1.027000000000000000e+03 1.029000000000000000e+03 1.031000000000000000e+03 1.033000000000000000e+03 1.034000000000000000e+03 1.036000000000000000e+03 1.038000000000000000e+03 1.040000000000000000e+03 1.041000000000000000e+03 1.043000000000000000e+03
1.190000000000000000e+03 1.190000000000000000e+03 1.190000000000000000e+03 1.190000000000000000e+03 1.020000000000000000e+03 1.020000000000000000e+03 1.020000000000000000e+03 1.020000000000000000e+03 1.020000000000000000e+03 1.020000000000000000e+03 1.020000000000000000e+03 1.020000000000000000e+03 1.020000000000000000e+03 1.020000000000000000e+03 1.020000000000000000e+03 1.020000000000000000e+03 1.020000000000000000e+03 1.020000000000000000e+03 1.020000000000000000e+03 1.020000000000000000e+03 1.020000000000000000e+03 1.020000000000000000e+03 1.020000000000000000e+03 1.021000000000000000e+03 1.023000000000000000e+03 1.025000000000000000e+03 1.027000000000000000e+03 1.029000000000000000e+03 1.030000000000000000e+03 1.032000000000000000e+03 1.034000000000000000e+03 1.036000000000000000e+03 1.038000000000000000e+03 1.040000000000000000e+03 1.041000000000000000e+03 1.043000000000000000e+03 1.045000000000000000e+03
1.020000000000000000e+03 1.020000000000000000e+03 1.020000000000000000e+03 1.020000000000000000e+03 1.020000000000000000e+03 1.020000000000000000e+03 1.020000000000000000e+03 1.020000000000000000e+03 1.020000000000000000e+03 1.020000000000000000e+03 1.020000000000000000e+03 1.020000000000000000e+03 1.020000000000000000e+03 1.020000000000000000e+03 1.020000000000000000e+03 1.020000000000000000e+03 1.020000000000000000e+03 1.020000000000000000e+03 1.020000000000000000e+03 1.020000000000000000e+03 1.020000000000000000e+03 1.020000000000000000e+03 1.020000000000000000e+03 1.022000000000000000e+03 1.024000000000000000e+03 1.026000000000000000e+03 1.028000000000000000e+03 1.030000000000000000e+03 1.032000000000000000e+03 1.034000000000000000e+03 1.036000000000000000e+03 1.037000000000000000e+03 1.039000000000000000e+03 1.041000000000000000e+03 1.043000000000000000e+03 1.045000000000000000e+03 1.046000000000000000e+03
1.020000000000000000e+03 1.020000000000000000e+03 1.020000000000000000e+03 1.020000000000000000e+03 1.020000000000000000e+03 1.020000000000000000e+03 1.020000000000000000e+03 1.020000000000000000e+03 1.020000000000000000e+03 1.020000000000000000e+03 1.020000000000000000e+03 1.020000000000000000e+03 1.020000000000000000e+03 1.020000000000000000e+03 1.020000000000000000e+03 1.020000000000000000e+03 1.020000000000000000e+03 1.020000000000000000e+03 1.020000000000000000e+03 1.020000000000000000e+03 1.020000000000000000e+03 1.020000000000000000e+03 1.021000000000000000e+03 1.023000000000000000e+03 1.025000000000000000e+03 1.027000000000000000e+03 1.029000000000000000e+03 1.031000000000000000e+03 1.033000000000000000e+03 1.035000000000000000e+03 1.037000000000000000e+03 1.039000000000000000e+03 1.041000000000000000e+03 1.043000000000000000e+03 1.044000000000000000e+03 1.046000000000000000e+03 1.048000000000000000e+03
1.020000000000000000e+03 1.020000000000000000e+03 1.020000000000000000e+03 1.020000000000000000e+03 1.020000000000000000e+03 1.020000000000000000e+03 1.020000000000000000e+03 1.020000000000000000e+03 1.020000000000000000e+03 1.020000000000000000e+03 1.020000000000000000e+03 1.020000000000000000e+03 1.020000000000000000e+03 1.020000000000000000e+03 1.020000000000000000e+03 1.020000000000000000e+03 1.020000000000000000e+03 1.020000000000000000e+03 1.020000000000000000e+03 1.020000000000000000e+03 1.020000000000000000e+03 1.021000000000000000e+03 1.023000000000000000e+03 1.025000000000000000e+03 1.027000000000000000e+03 1.029000000000000000e+03 1.031000000000000000e+03 1.033000000000000000e+03 1.035000000000000000e+03 1.037000000000000000e+03 1.038000000000000000e+03 1.040000000000000000e+03 1.042000000000000000e+03 1.044000000000000000e+03 1.046000000000000000e+03 1.048000000000000000e+03 1.050000000000000000e+03
1.020000000000000000e+03 1.020000000000000000e+03 1.020000000000000000e+03 1.020000000000000000e+03 1.020000000000000000e+03 1.020000000000000000e+03 1.020000000000000000e+03 1.020000000000000000e+03 1.020000000000000000e+03 1.020000000000000000e+03 1.020000000000000000e+03 1.020000000000000000e+03 1.020000000000000000e+03 1.020000000000000000e+03 1.020000000000000000e+03 1.020000000000000000e+03 1.020000000000000000e+03 1.020000000000000000e+03 1.020000000000000000e+03 1.020000000000000000e+03 1.020000000000000000e+03 1.022000000000000000e+03 1.024000000000000000e+03 1.026000000000000000e+03 1.028000000000000000e+03 1.030000000000000000e+03 1.032000000000000000e+03 1.034000000000000000e+03 1.036000000000000000e+03 1.038000000000000000e+03 1.040000000000000000e+03 1.042000000000000000e+03 1.044000000000000000e+03 1.046000000000000000e+03 1.047000000000000000e+03 1.049000000000000000e+03 1.051000000000000000e+03
1.020000000000000000e+03 1.020000000000000000e+03 1.020000000000000000e+03 1.020000000000000000e+03 1.020000000000000000e+03 1.020000000000000000e+03 1.020000000000000000e+03 1.020000000000000000e+03 1.020000000000000000e+03 1.020000000000000000e+03 1.020000000000000000e+03 1.020000000000000000e+03 1.020000000000000000e+03 1.020000000000000000e+03 1.020000000000000000e+03 1.020000000000000000e+03 1.020000000000000000e+03 1.020000000000000000e+03 1.020000000000000000e+03 1.020000000000000000e+03 1.021000000000000000e+03 1.023000000000000000e+03 1.025000000000000000e+03 1.027000000000000000e+03 1.029000000000000000e+03 1.031000000000000000e+03 1.033000000000000000e+03 1.035000000000000000e+03 1.037000000000000000e+03 1.039000000000000000e+03 1.041000000000000000e+03 1.043000000000000000e+03 1.045000000000000000e+03 1.047000000000000000e+03 1.049000000000000000e+03 1.051000000000000000e+03 1.053000000000000000e+03
1.020000000000000000e+03 1.020000000000000000e+03 1.020000000000000000e+03 1.020000000000000000e+03 1.020000000000000000e+03 1.020000000000000000e+03 1.020000000000000000e+03 1.020000000000000000e+03 1.020000000000000000e+03 1.020000000000000000e+03 1.020000000000000000e+03 1.020000000000000000e+03 1.020000000000000000e+03 1.020000000000000000e+03 1.020000000000000000e+03 1.020000000000000000e+03 1.020000000000000000e+03 1.020000000000000000e+03 1.020000000000000000e+03 1.020000000000000000e+03 1.022000000000000000e+03 1.024000000000000000e+03 1.026000000000000000e+03 1.028000000000000000e+03 1.030000000000000000e+03 1.032000000000000000e+03 1.034000000000000000e+03 1.036000000000000000e+03 1.038000000000000000e+03 1.040000000000000000e+03 1.042000000000000000e+03 1.044000000000000000e+03 1.046000000000000000e+03 1.048000000000000000e+03 1.050000000000000000e+03 1.052000000000000000e+03 1.054000000000000000e+03
1.020000000000000000e+03 1.020000000000000000e+03 1.020000000000000000e+03 1.020000000000000000e+03 1.020000000000000000e+03 1.020000000000000000e+03 1.020000000000000000e+03 1.020000000000000000e+03 1.020000000000000000e+03 1.020000000000000000e+03 1.020000000000000000e+03 1.020000000000000000e+03 1.020000000000000000e+03 1.020000000000000000e+03 1.020000000000000000e+03 1.020000000000000000e+03 1.020000000000000000e+03 1.020000000000000000e+03 1.020000000000000000e+03 1.021000000000000000e+03 1.023000000000000000e+03 1.025000000000000000e+03 1.027000000000000000e+03 1.029000000000000000e+03 1.031000000000000000e+03 1.033000000000000000e+03 1.036000000000000000e+03 1.038000000000000000e+03 1.040000000000000000e+03 1.042000000000000000e+03 1.044000000000000000e+03 1.046000000000000000e+03 1.048000000000000000e+03 1.050000000000000000e+03 1.052000000000000000e+03 1.054000000000000000e+03 1.055000000000000000e+03
