testData/tiles/oneDegreeCosts/grid14.0-37.0-15.0-38.0.asc
ncols   200
nrows   200
xllcorner   14.0
yllcorner   37.0
cellsize   0.005
NODATA_value   -9999.0
[rows 42 to 83 of 200, columns 0 to 93 of 200]
640 640 640 641 641 641 641 646 652 656 660 664 670 672 677 681 685 688 691 692 694 694 692 689 686 683 681 677 674 669 665 661 658 654 649 649 649 601 601 601 601 601 601 601 601 601 601 601 601 601 601 601 602 602 602 602 602 602 602 603 604 604 604 604 604 604 604 604 605 605 605 606 606 606 606 606 607 607 607 607 607 607 448 448 448 448 448 448 448 448 448 448 448 448
640 640 641 641 641 641 641 645 650 655 659 663 667 672 675 678 682 684 686 689 689 690 688 685 683 682 679 675 671 668 613 611 605 601 601 601 601 601 601 601 601 601 601 601 601 601 601 601 601 601 601 602 602 602 602 602 602 602 602 604 604 604 604 604 604 604 605 605 605 605 606 606 606 606 606 607 607 607 607 607 607 607 448 448 448 448 448 448 448 448 448 448 448 448
640 641 641 642 642 641 642 645 649 653 656 661 666 669 672 675 678 682 683 684 686 685 633 632 629 628 625 621 618 614 612 609 604 601 601 601 601 601 601 601 601 601 601 601 601 601 601 601 601 602 603 602 602 602 602 602 602 603 604 604 604 604 604 604 604 605 605 605 606 606 606 606 606 607 607 607 607 607 607 607 607 607 448 448 448 448 448 448 448 448 448 448 448 448
641 641 641 642 642 642 642 643 646 650 654 660 663 666 618 621 624 626 628 629 630 630 630 628 625 624 621 618 616 613 610 606 602 601 601 601 601 601 601 601 601 601 601 601 601 601 601 601 602 603 603 602 602 602 602 602 603 604 604 604 604 604 604 605 605 605 605 605 606 606 606 606 607 607 607 607 607 607 607 607 608 608 448 448 448 448 448 448 448 448 448 448 448 448
641 641 641 642 643 643 600 600 600 600 601 606 609 612 615 618 621 622 624 625 626 626 626 624 623 620 618 616 613 611 607 604 601 601 601 601 601 601 601 601 601 602 602 601 601 601 601 602 603 603 603 603 602 602 603 603 604 604 604 604 604 604 605 605 605 605 605 606 606 606 607 607 607 607 607 607 607 607 607 608 608 608 448 448 448 448 448 448 448 448 448 448 448 448
600 600 600 600 600 600 600 600 600 600 600 603 606 609 612 616 616 618 619 621 622 622 621 620 619 617 615 613 610 608 604 601 601 601 601 601 601 601 601 601 601 602 602 601 601 601 602 602 603 603 603 603 602 603 603 603 604 604 604 604 604 605 605 605 605 605 606 606 606 607 607 607 607 607 607 607 607 608 608 608 608 609 448 448 448 448 448 448 448 448 448 448 448 448
600 600 600 600 600 600 600 600 600 600 600 600 602 606 609 612 612 614 615 618 618 618 617 617 615 615 611 609 606 604 601 601 601 601 601 601 601 601 601 601 602 602 602 602 601 602 602 603 603 603 603 603 604 603 603 604 604 604 604 605 605 605 605 605 605 606 606 607 607 607 607 607 607 607 607 607 608 608 608 609 609 609 448 448 448 448 448 448 448 448 448 448 448 448
600 600 600 600 600 600 600 600 600 600 600 600 600 602 606 608 609 610 613 613 613 613 613 613 612 611 608 605 604 601 601 601 601 601 601 601 601 601 601 601 602 602 602 603 602 602 602 603 603 603 604 604 604 603 604 604 604 604 605 605 605 605 605 605 606 606 607 607 607 607 607 607 607 607 608 608 608 608 609 609 609 609 448 448 448 448 448 448 448 448 448 448 448 448
600 600 600 600 600 600 600 600 600 600 600 600 600 600 602 603 605 607 608 609 609 609 608 609 608 606 605 601 601 601 601 601 601 601 601 602 601 601 601 602 602 602 603 603 603 602 603 603 603 604 604 604 604 604 604 604 604 605 605 605 605 605 605 606 607 607 607 607 607 607 607 607 607 608 608 608 608 609 609 609 609 448 448 448 448 448 448 448 448 448 448 448 448 448
600 600 600 600 600 600 600 600 600 600 600 600 600 600 600 600 602 603 604 604 604 604 606 605 604 602 601 601 601 601 601 601 601 601 602 602 601 601 601 602 602 603 603 603 603 603 603 603 604 604 604 604 604 605 604 605 605 605 605 605 605 605 606 607 607 607 607 607 607 607 607 608 608 608 608 609 609 609 609 609 610 448 448 448 448 448 448 448 448 448 448 448 448 448
600 600 600 600 600 600 600 600 600 600 600 600 600 600 600 600 600 600 600 600 600 601 601 601 600 600 600 601 601 601 601 601 601 602 602 602 602 601 602 602 603 603 603 603 603 604 603 604 604 604 604 604 604 605 606 605 605 605 605 605 605 605 607 607 607 607 607 607 607 607 608 608 608 608 609 609 609 609 610 610 610 448 448 448 448 448 448 448 448 448 448 448 448 448
600 600 600 600 600 600 600 600 600 600 600 600 600 600 600 600 600 600 600 600 600 600 600 600 600 600 600 601 601 601 601 601 602 602 602 602 602 601 602 603 603 603 603 603 604 605 604 604 604 604 604 604 605 606 606 605 605 605 605 605 606 607 607 607 607 607 607 607 608 608 608 608 608 609 609 609 609 610 610 610 610 448 448 448 448 448 448 448 448 448 448 448 448 448
600 600 600 600 600 600 600 600 600 600 600 600 600 600 600 600 600 600 600 600 600 600 600 600 600 600 601 601 601 601 601 601 602 602 602 602 602 603 603 603 603 603 603 603 605 605 605 604 604 604 604 606 606 606 606 606 605 605 605 606 607 607 607 607 607 607 607 608 608 608 608 608 609 609 609 610 610 610 610 610 448 448 448 448 448 448 448 448 448 448 448 448 448 448
600 600 600 600 600 600 600 600 600 600 600 600 600 600 600 600 600 600 600 600 600 600 600 600 600 600 601 601 601 601 601 602 602 602 602 602 603 604 603 603 603 603 603 604 605 605 605 604 604 604 605 606 606 606 606 606 605 605 606 606 607 607 607 607 607 607 608 608 608 608 608 609 609 609 610 610 610 610 610 610 448 448 448 448 448 448 448 448 448 448 448 448 448 448
600 600 600 600 600 600 600 600 600 600 600 600 600 600 600 600 600 600 600 600 600 600 600 600 600 600 601 601 601 602 601 602 602 602 602 603 603 604 604 603 603 603 604 605 605 605 605 605 604 605 606 606 606 606 606 606 607 606 606 607 607 607 607 607 608 608 608 608 608 608 609 609 609 610 610 610 610 610 610 610 448 448 448 448 448 448 448 448 448 448 448 448 448 448
600 600 600 600 600 600 600 600 600 600 600 600 600 600 600 600 600 600 600 600 600 600 600 600 600 601 601 601 602 602 601 602 602 602 603 603 604 604 604 603 603 604 604 605 605 605 605 605 605 605 606 606 606 606 606 607 607 606 607 607 607 607 607 608 608 608 608 608 608 609 609 610 610 610 610 610 610 610 610 610 448 448 448 448 448 448 448 448 448 448 448 448 448 448
600 600 600 600 600 600 600 600 600 600 600 600 600 600 600 600 600 600 600 600 601 601 600 600 600 601 601 602 602 602 603 602 602 603 603 603 604 604 604 604 604 604 605 605 605 605 605 606 606 606 606 606 606 606 607 607 607 607 607 607 607 607 608 608 608 608 608 608 608 609 610 610 610 610 610 610 610 610 611 448 448 448 448 448 448 448 448 448 448 448 448 448 448 448
600 600 600 600 600 600 600 600 600 600 600 600 600 600 600 600 600 600 600 600 601 601 600 600 600 601 602 602 602 602 603 602 603 603 603 603 604 604 604 605 604 604 605 605 605 605 606 606 606 606 606 606 606 607 607 607 607 608 607 607 608 608 608 608 608 608 608 608 609 610 610 610 610 610 610 610 610 611 611 448 448 448 448 448 448 448 448 448 448 448 448 448 448 448
600 600 600 600 600 600 600 600 600 600 600 600 600 600 600 600 600 600 600 601 601 601 601 600 601 602 602 602 602 602 603 604 603 603 603 604 604 605 605 605 605 605 605 605 606 606 606 606 607 607 606 606 607 607 607 607 607 608 607 608 608 608 608 608 608 608 608 610 610 610 610 610 610 610 610 610 611 611 448 448 448 448 448 448 448 448 448 448 448 448 448 448 448 448
600 600 600 600 600 600 600 600 600 600 600 600 600 600 600 600 600 600 600 601 601 601 601 600 602 602 602 602 602 603 604 604 603 603 603 604 605 605 605 605 605 605 605 606 606 606 606 606 607 607 607 607 607 607 607 607 608 608 609 608 608 608 608 608 608 608 610 610 610 610 610 610 610 610 611 611 611 611 448 448 448 448 448 448 448 448 448 448 448 448 448 448 448 448
600 600 600 600 600 600 600 600 600 600 600 600 600 600 600 600 600 600 600 601 601 601 601 602 602 602 602 602 602 604 604 604 604 603 604 605 605 605 605 605 605 606 606 606 606 606 606 606 607 608 608 607 607 607 607 607 608 609 609 608 608 608 608 608 608 609 610 610 610 610 610 610 610 611 611 611 611 611 448 448 448 448 448 448 448 448 448 448 448 448 448 448 448 448
600 600 600 600 600 600 600 600 600 600 600 600 600 600 600 600 600 600 600 601 601 601 602 603 602 602 602 602 603 604 604 604 604 603 605 605 605 605 605 605 606 607 606 606 606 606 606 607 608 608 608 607 607 607 607 608 609 609 609 609 608 608 608 609 609 610 610 610 610 610 610 610 611 611 611 611 611 448 448 448 448 448 448 448 448 448 448 448 448 448 448 448 448 448
600 600 600 600 600 600 600 600 600 600 600 600 600 600 600 601 600 600 601 601 601 602 602 603 603 602 602 603 604 604 604 604 604 605 605 605 605 605 605 605 607 607 607 606 606 606 606 608 608 608 608 608 607 607 607 609 609 609 609 609 608 608 609 609 610 610 610 610 610 610 610 611 611 611 611 611 611 448 448 448 448 448 448 448 448 448 448 448 448 448 448 448 448 448
600 600 600 600 600 600 600 600 600 600 600 600 600 600 601 601 600 600 601 601 602 602 602 603 603 602 603 603 604 604 604 604 605 606 605 605 605 605 605 607 607 607 607 606 606 606 608 608 608 608 608 608 607 608 609 609 609 609 609 609 609 609 609 609 610 610 610 610 610 611 611 611 611 611 611 611 448 448 448 448 448 448 448 448 448 448 448 448 448 448 448 448 448 448
600 600 600 600 600 600 600 600 600 600 600 600 600 601 601 601 601 600 601 602 602 602 602 603 603 604 603 603 604 604 604 605 605 606 606 605 605 605 606 607 607 607 607 607 606 607 608 608 608 608 608 608 608 608 609 609 609 609 609 609 610 609 609 610 610 610 610 610 611 611 611 611 611 611 611 611 448 448 448 448 448 448 448 448 448 448 448 448 448 448 448 448 448 448
600 600 600 600 600 600 600 600 600 600 600 600 600 601 601 601 601 600 602 602 602 602 603 603 604 604 603 604 604 604 605 605 605 606 606 605 605 606 606 607 607 607 607 607 607 608 608 608 608 608 608 609 609 609 609 609 609 609 609 610 610 610 609 610 610 610 610 611 611 611 611 611 611 611 611 448 448 448 448 448 448 448 448 448 448 448 448 448 448 448 448 448 448 448
600 600 600 600 600 600 600 600 600 600 600 600 600 601 601 601 601 603 602 602 602 602 603 604 604 604 604 604 604 605 605 605 606 606 606 606 606 606 607 607 607 607 607 608 608 608 608 608 608 608 609 609 609 609 609 609 609 609 610 610 610 610 610 610 610 610 611 611 611 611 611 611 611 611 612 448 448 448 448 448 448 448 448 448 448 448 448 448 448 448 448 448 448 448
600 600 600 600 600 600 600 600 600 600 600 600 600 601 601 601 602 603 602 602 602 602 604 604 604 604 604 604 605 605 605 605 606 606 606 607 606 606 607 607 607 607 608 608 608 608 608 608 608 609 609 609 610 610 609 609 609 610 610 610 610 611 611 610 610 611 611 611 611 611 611 611 611 612 448 448 448 448 448 448 448 448 448 448 448 448 448 448 448 448 448 448 448 448
600 600 600 600 600 600 600 600 600 601 600 600 601 601 601 602 602 603 603 602 602 603 604 604 604 604 605 605 605 605 605 605 606 606 607 607 607 606 607 607 607 608 608 608 609 608 608 608 609 609 609 609 610 610 609 609 610 610 610 610 610 611 611 611 611 611 611 611 611 611 611 611 612 613 448 448 448 448 448 448 448 448 448 448 448 448 448 448 448 448 448 448 448 448
600 600 600 600 600 600 600 600 600 601 601 600 601 601 602 602 602 603 603 602 603 604 604 604 604 604 605 606 605 605 605 605 606 607 607 607 607 607 607 607 608 608 608 608 609 609 608 609 609 609 609 610 610 610 611 610 610 610 610 610 611 611 612 611 611 611 611 611 611 611 611 612 613 448 448 448 448 448 448 448 448 448 448 448 448 448 448 448 448 448 448 448 448 448
600 600 600 600 600 600 600 600 601 601 601 600 601 601 602 602 603 603 603 603 603 604 604 604 604 604 606 606 606 605 605 606 607 607 607 607 607 608 607 608 608 608 608 608 609 609 609 609 609 609 609 610 610 611 611 610 610 610 610 610 611 612 612 612 611 611 611 611 611 612 612 612 448 448 448 448 448 448 448 448 448 448 448 448 448 448 448 448 448 448 448 448 448 448
600 600 600 600 600 600 600 600 601 601 601 601 601 602 602 602 603 603 603 604 603 604 604 604 604 605 606 606 606 605 605 607 607 607 607 607 607 608 608 608 608 608 608 609 609 610 610 609 609 609 609 610 611 611 611 611 610 610 610 610 612 612 612 612 611 611 611 611 612 612 612 613 448 448 448 448 448 448 448 448 448 448 448 448 448 448 448 448 448 448 448 448 448 448
600 600 600 600 600 600 600 601 601 601 601 601 602 602 602 602 603 603 604 604 604 604 604 604 605 606 606 606 606 606 606 607 607 607 607 607 607 609 609 608 608 608 608 609 610 610 610 609 609 609 610 611 611 611 611 611 610 610 610 612 612 612 612 612 612 611 611 612 612 612 613 448 448 448 448 448 448 448 448 448 448 448 448 448 448 448 448 448 448 448 448 448 448 448
600 600 600 600 600 600 600 601 601 601 601 603 603 602 602 602 603 604 604 604 605 604 604 605 605 606 606 606 606 606 606 607 607 607 607 607 609 609 609 608 608 608 608 610 610 610 610 610 609 609 611 611 611 611 611 611 610 610 611 612 612 612 612 612 612 611 612 612 612 612 448 448 448 448 448 448 448 448 448 448 448 448 448 448 448 448 448 448 448 448 448 448 448 448
600 600 600 600 600 600 600 601 601 601 602 603 603 602 602 602 604 604 604 604 605 605 605 605 605 606 606 606 606 607 608 607 607 607 607 608 609 609 609 608 608 608 610 610 610 610 610 610 609 610 611 611 611 611 611 611 611 611 612 612 612 612 612 612 612 613 612 612 612 448 448 448 448 448 448 448 448 448 448 448 448 448 448 448 448 448 448 448 448 448 448 448 448 448
600 600 600 600 601 600 600 601 601 601 602 603 603 603 602 604 604 604 604 604 605 605 605 605 605 606 606 606 607 607 608 607 607 607 608 608 609 609 609 609 608 609 610 610 610 610 610 610 610 611 611 611 611 611 611 611 612 611 612 612 612 612 612 612 613 613 612 612 612 448 448 448 448 448 448 448 448 448 448 448 448 448 448 448 448 448 448 448 448 448 448 448 448 448
600 600 600 601 601 600 600 601 601 602 602 603 603 603 602 604 604 604 604 604 605 606 606 605 605 606 606 607 607 607 608 608 607 607 608 608 609 609 609 609 609 609 610 610 610 610 610 610 611 611 611 611 611 611 611 612 612 613 612 612 612 612 612 613 613 613 612 612 448 448 448 448 448 448 448 448 448 448 448 448 448 448 448 448 448 448 448 448 448 448 448 448 448 448
600 600 600 601 601 601 600 601 602 602 602 603 603 603 603 604 604 604 604 604 606 606 606 605 606 606 607 607 607 607 608 608 607 608 608 609 609 609 609 609 610 609 610 610 610 610 610 611 611 611 611 611 611 611 612 612 612 613 612 612 612 612 613 613 613 613 613 448 448 448 448 448 448 448 448 448 448 448 448 448 448 448 448 448 448 448 448 448 448 448 448 448 448 448
600 600 600 601 601 601 601 602 602 602 603 603 603 604 604 604 604 604 604 606 606 606 606 606 606 607 607 607 607 608 608 608 608 608 608 609 609 609 609 610 610 610 610 610 610 610 611 611 612 612 611 611 611 612 612 612 612 613 613 612 612 613 613 613 613 613 448 448 448 448 448 448 448 448 448 448 448 448 448 448 448 448 448 448 448 448 448 448 448 448 448 448 448 448
600 600 601 601 601 601 602 602 602 602 603 603 604 604 604 604 604 604 605 606 606 606 606 606 606 607 607 607 607 608 608 609 609 608 608 609 609 609 610 610 610 611 610 610 610 611 611 611 612 612 611 611 612 612 612 612 613 613 613 612 613 613 613 613 613 448 448 448 448 448 448 448 448 448 448 448 448 448 448 448 448 448 448 448 448 448 448 448 448 448 448 448 448 448
600 600 601 601 601 601 603 602 602 602 603 603 604 604 605 605 604 604 605 606 606 606 606 606 608 607 607 607 607 608 609 609 609 608 608 609 609 610 610 610 610 611 610 610 611 611 611 611 612 612 612 612 612 612 612 612 613 613 613 613 613 613 613 613 448 448 448 448 448 448 448 448 448 448 448 448 448 448 448 448 448 448 448 448 448 448 448 448 448 448 448 448 448 448
600 600 601 601 601 602 603 603 602 602 603 604 604 604 605 605 604 605 605 606 606 606 606 607 608 607 607 607 607 608 609 609 609 609 609 609 610 610 610 610 610 611 611 611 611 611 611 611 612 612 613 612 612 612 612 612 613 613 614 614 613 613 613 448 448 448 448 448 448 448 448 448 448 448 448 448 448 448 448 448 448 448 448 448 448 448 448 448 448 448 448 448 448 448
