testData/tiles/oneDegreeCosts/grid32.0-4.0-33.0-5.0.asc
ncols   200
nrows   200
xllcorner   32.0
yllcorner   4.0
cellsize   0.005
NODATA_value   -9999.0
[rows 42 to 83 of 200, columns 94 to 187 of 200]
217 217 217 217 217 217 217 217 217 217 217 217 217 217 217 217 217 217 217 217 217 217 217 217 217 218 218 219 219 220 220 220 221 221 222 222 222 104 104 104 105 105 106 106 106 107 107 107 108 108 108 109 109 109 110 110 110 111 111 111 112 112 102 102 102 102 103 103 103 104 104 104 105 105 105 105 106 106 106 107 107 107 107 108 108 108 109 109 109 109 110 110 110 110
217 217 217 217 217 217 217 217 217 217 217 217 217 217 217 217 217 217 217 217 217 217 217 217 217 218 218 219 219 219 220 220 221 221 221 222 222 223 104 104 105 105 105 106 106 106 107 107 108 108 108 109 109 109 110 110 110 111 111 111 112 112 112 102 102 102 103 103 103 103 104 104 104 105 105 105 106 106 106 106 107 107 107 108 108 108 108 109 109 109 109 110 110 110
217 217 217 217 217 217 217 217 217 217 217 217 217 217 217 217 217 217 217 217 217 217 217 217 217 218 218 218 219 219 220 220 220 221 221 222 222 222 104 104 104 105 105 106 106 106 107 107 107 108 108 108 109 109 109 110 110 110 111 111 111 112 112 102 102 102 102 103 103 103 104 104 104 105 105 105 105 106 106 106 107 107 107 107 108 108 108 109 109 109 109 110 110 110
217 217 217 217 217 217 217 217 217 217 217 217 217 217 217 217 217 217 217 217 217 217 217 217 217 217 218 218 219 219 219 220 220 221 221 221 222 222 223 104 104 105 105 105 106 106 106 107 107 108 108 108 109 109 109 110 110 110 111 111 111 112 112 112 102 102 102 103 103 103 103 104 104 104 105 105 105 106 106 106 106 107 107 107 108 108 108 108 109 109 109 109 110 110
217 217 217 217 217 217 217 217 217 217 217 217 217 217 217 217 217 217 217 217 217 217 217 217 217 217 218 218 218 219 219 220 220 220 221 221 222 222 222 223 104 104 105 105 106 106 106 107 107 107 108 108 108 109 109 109 110 110 110 111 111 111 112 112 112 102 102 102 103 103 103 104 104 104 104 105 105 105 106 106 106 107 107 107 107 108 108 108 108 109 109 109 110 110
217 217 217 217 217 217 217 217 217 217 217 217 217 217 217 217 217 217 217 217 217 217 217 217 217 217 217 218 218 219 219 219 220 220 221 221 221 222 222 223 104 104 105 105 105 106 106 106 107 107 108 108 108 109 109 109 110 110 110 111 111 111 112 112 112 113 102 102 102 103 103 103 104 104 104 105 105 105 105 106 106 106 107 107 107 107 108 108 108 109 109 109 109 110
217 217 217 217 217 217 217 217 217 217 217 217 217 217 217 217 217 217 217 217 217 217 217 217 217 217 217 218 218 218 219 219 220 220 220 221 221 222 222 222 223 104 104 105 105 106 106 106 107 107 107 108 108 108 109 109 109 110 110 110 111 111 111 112 112 112 102 102 102 103 103 103 104 104 104 104 105 105 105 106 106 106 106 107 107 107 108 108 108 108 109 109 109 110
217 217 217 217 217 217 217 217 217 217 217 217 217 217 217 217 217 217 217 217 217 217 217 217 217 217 217 217 218 218 219 219 219 220 220 221 221 221 222 222 223 223 104 105 105 105 106 106 106 107 107 108 108 108 109 109 109 110 110 110 111 111 111 112 112 112 113 102 102 102 103 103 103 104 104 104 105 105 105 105 106 106 106 107 107 107 107 108 108 108 109 109 109 109
217 217 217 217 217 217 217 217 217 217 217 217 217 217 217 217 217 217 217 217 217 217 217 217 217 217 217 217 218 218 218 219 219 220 220 220 221 221 222 222 222 223 104 104 105 105 106 106 106 107 107 107 108 108 108 109 109 109 110 110 110 111 111 111 112 112 112 113 102 102 103 103 103 104 104 104 104 105 105 105 106 106 106 106 107 107 107 108 108 108 108 109 109 109
217 217 217 217 217 217 217 217 217 217 217 217 217 217 217 217 217 217 217 217 217 217 217 217 217 217 217 217 217 218 218 219 219 219 220 220 221 221 221 222 222 223 223 104 105 105 105 106 106 106 107 107 108 108 108 109 109 109 110 110 110 111 111 111 112 112 112 112 113 102 102 103 103 103 104 104 104 105 105 105 105 106 106 106 107 107 107 107 108 108 108 108 109 109
217 217 217 217 217 217 217 217 217 217 217 217 217 217 217 217 217 217 217 217 217 217 217 217 217 217 217 217 217 218 218 218 219 219 220 220 220 221 221 222 222 222 223 223 105 105 105 106 106 106 107 107 107 108 108 108 109 109 109 110 110 110 111 111 111 112 112 112 113 102 102 103 103 103 103 104 104 104 105 105 105 106 106 106 106 107 107 107 108 108 108 108 109 109
217 217 217 217 217 217 217 217 217 217 217 217 217 217 217 217 217 217 217 217 217 217 217 217 217 217 217 217 217 217 218 218 219 219 219 220 220 221 221 221 222 222 223 223 105 105 105 105 106 106 106 107 107 107 108 108 109 109 109 110 110 110 111 111 111 111 112 112 112 113 102 102 103 103 103 104 104 104 104 105 105 105 106 106 106 107 107 107 107 108 108 108 108 109
217 217 217 217 217 217 217 217 217 217 217 217 217 217 217 217 217 217 217 217 217 217 217 217 217 217 217 217 217 217 218 218 218 219 219 220 220 220 221 221 222 222 222 223 223 105 105 105 106 106 106 107 107 107 108 108 108 109 109 109 110 110 110 111 111 111 112 112 112 113 113 102 103 103 103 103 104 104 104 105 105 105 105 106 106 106 107 107 107 107 108 108 108 109
217 217 217 217 217 217 217 217 217 217 217 217 217 217 217 217 217 217 217 217 217 217 217 217 217 217 217 217 217 217 217 218 218 219 219 219 220 220 221 221 221 222 222 222 223 105 105 105 105 106 106 106 107 107 107 108 108 108 109 109 109 110 110 110 111 111 111 112 112 112 113 113 103 103 103 103 104 104 104 104 105 105 105 106 106 106 106 107 107 107 108 108 108 108
217 217 217 217 217 217 217 217 217 217 217 217 217 217 217 217 217 217 217 217 217 217 217 217 217 217 217 217 217 217 217 218 218 218 219 219 220 220 220 221 221 222 222 222 223 223 105 105 105 106 106 106 107 107 107 108 108 108 109 109 109 110 110 110 111 111 111 112 112 112 113 113 103 103 103 103 103 104 104 104 105 105 105 105 106 106 106 107 107 107 107 108 108 108
217 217 217 217 217 217 217 217 217 217 217 217 217 217 217 217 217 217 217 217 217 217 217 217 217 217 217 217 217 217 217 217 218 218 219 219 219 220 220 221 221 221 222 222 222 223 223 105 105 105 106 106 106 107 107 107 108 108 108 109 109 109 110 110 110 111 111 111 112 112 112 113 113 103 103 103 103 103 104 104 104 105 105 105 106 106 106 106 107 107 107 107 108 108
217 217 217 217 217 217 217 217 217 217 217 217 217 217 217 217 217 217 217 217 217 217 217 217 217 217 217 217 217 217 217 217 218 218 218 219 219 220 220 220 221 221 222 222 222 223 223 105 105 105 105 106 106 107 107 107 108 108 108 109 109 109 110 110 110 111 111 111 112 112 112 112 113 113 103 103 103 103 104 104 104 104 105 105 105 106 106 106 106 107 107 107 108 108
217 217 217 217 217 217 217 217 217 217 217 217 217 217 217 217 217 217 217 217 217 217 217 217 217 217 217 217 217 217 217 217 217 218 218 219 219 219 220 220 221 221 221 222 222 222 223 223 105 105 105 106 106 106 107 107 107 108 108 108 109 109 109 110 110 110 111 111 111 112 112 112 113 113 113 103 103 103 103 104 104 104 105 105 105 105 106 106 106 107 107 107 107 108
217 217 217 217 217 217 217 217 217 217 217 217 217 217 217 217 217 217 217 217 217 217 217 217 217 217 217 217 217 217 217 217 217 218 218 218 219 219 220 220 220 221 221 221 222 222 223 223 105 105 105 105 106 106 106 107 107 108 108 108 109 109 109 110 110 110 111 111 111 111 112 112 112 113 113 103 103 103 103 104 104 104 104 105 105 105 106 106 106 106 107 107 107 108
217 217 217 217 217 217 217 217 217 217 217 217 217 217 217 217 217 217 217 217 217 217 217 217 217 217 217 217 217 217 217 217 217 217 218 218 219 219 219 220 220 221 221 221 222 222 222 223 223 105 105 105 106 106 106 107 107 107 108 108 108 109 109 109 110 110 110 111 111 111 112 112 112 113 113 113 103 103 103 103 104 104 104 105 105 105 105 106 106 106 107 107 107 107
217 217 217 217 217 217 217 217 217 217 217 217 217 217 217 217 217 217 217 217 217 217 217 217 217 217 217 217 217 217 217 217 217 217 218 218 218 219 219 220 220 220 221 221 221 222 222 223 223 223 105 105 105 106 106 106 107 107 107 108 108 108 109 109 109 110 110 110 111 111 111 112 112 112 113 113 113 103 103 103 103 104 104 104 105 105 105 106 106 106 106 107 107 107
217 217 217 217 217 217 217 217 217 217 217 217 217 217 217 217 217 217 217 217 217 217 217 217 217 217 217 217 217 217 217 217 217 217 217 218 218 219 219 219 220 220 220 221 221 222 222 222 223 223 105 105 105 106 106 106 107 107 107 108 108 108 109 109 109 110 110 110 111 111 111 112 112 112 112 113 113 113 103 103 103 104 104 104 104 105 105 105 106 106 106 106 107 107
217 217 217 217 217 217 217 217 217 217 217 217 217 217 217 217 217 217 217 217 217 217 217 217 217 217 217 217 217 217 217 217 217 217 217 218 218 218 219 219 220 220 220 221 221 221 222 222 223 223 223 105 105 105 106 106 106 107 107 107 108 108 108 109 109 109 110 110 110 111 111 111 112 112 112 113 113 113 103 103 103 103 104 104 104 105 105 105 105 106 106 106 107 107
217 217 217 217 217 374 217 217 217 217 217 217 217 217 217 217 217 217 217 217 217 217 217 217 217 217 217 217 217 217 217 217 217 217 217 217 218 218 218 219 219 220 220 220 221 221 222 222 222 223 223 105 105 105 105 106 106 107 107 107 108 108 108 109 109 109 110 110 110 111 111 111 111 112 112 112 113 113 113 103 103 103 104 104 104 104 105 105 105 106 106 106 106 107
374 374 374 374 374 374 374 374 374 374 374 374 374 374 374 374 374 374 374 374 374 374 374 374 374 374 217 217 217 217 217 217 217 217 217 217 217 218 218 219 219 219 220 220 221 221 221 222 222 222 223 223 105 105 105 106 106 106 107 107 107 108 108 108 109 109 109 110 110 110 111 111 111 112 112 112 113 113 113 113 103 103 103 104 104 104 104 105 105 105 106 106 106 106
374 374 374 374 374 374 374 374 374 374 374 374 374 374 374 374 374 374 374 374 374 374 374 374 374 374 374 374 374 374 374 374 374 374 217 217 217 218 218 218 219 219 220 220 220 221 221 222 222 222 223 223 105 105 105 105 106 106 106 107 107 108 108 108 109 109 109 109 110 110 110 111 111 111 112 112 112 113 113 113 103 103 103 103 104 104 104 105 105 105 105 106 106 106
374 374 374 374 374 374 374 374 374 374 374 374 374 374 374 374 374 374 374 374 374 374 374 374 374 374 374 374 374 374 374 374 374 374 374 374 374 374 375 375 376 219 219 220 220 221 221 221 222 222 222 223 223 105 105 105 106 106 106 107 107 107 108 108 108 109 109 109 110 110 110 111 111 111 112 112 112 112 113 113 113 103 103 103 104 104 104 104 105 105 105 106 106 106
374 374 374 374 374 374 374 374 374 374 374 374 374 374 374 374 374 374 374 374 374 374 374 374 374 374 374 374 374 374 374 374 374 374 374 374 374 374 375 375 375 376 376 377 377 377 221 221 221 222 222 223 223 105 105 105 105 106 106 106 107 107 107 108 108 108 109 109 109 110 110 110 111 111 111 112 112 112 113 113 113 113 103 103 103 104 104 104 104 105 105 105 106 106
374 374 374 374 374 374 374 374 374 374 374 374 374 374 374 374 374 374 374 374 374 374 374 374 374 374 374 374 374 374 374 374 374 374 374 374 374 374 374 375 375 376 376 376 377 377 378 378 378 379 379 223 223 223 105 105 105 106 106 106 107 107 107 108 108 108 109 109 109 110 110 110 110 111 111 111 112 112 112 113 113 113 103 103 103 103 104 104 104 105 105 105 105 106
374 374 374 374 374 374 374 374 374 374 374 374 374 374 374 374 374 374 374 374 374 374 374 374 374 374 374 374 374 374 374 374 374 374 374 374 374 374 374 375 375 375 376 376 377 377 377 378 378 378 379 379 380 380 261 105 105 105 106 106 106 107 107 107 108 108 108 109 109 109 110 110 110 111 111 111 112 112 112 112 113 113 113 103 103 103 104 104 104 104 105 105 105 106
374 374 374 374 374 374 374 374 374 374 374 374 374 374 374 374 374 374 374 374 374 374 374 374 374 374 374 374 374 374 374 374 374 374 374 374 374 374 374 374 375 375 376 376 376 377 377 377 378 378 379 379 379 380 380 261 262 262 262 106 106 106 107 107 107 108 108 108 109 109 109 110 110 110 111 111 111 112 112 112 113 113 113 113 103 103 103 104 104 104 104 105 105 105
374 374 374 374 374 374 374 374 374 374 374 374 374 374 374 374 374 374 374 374 374 374 374 374 374 374 374 374 374 374 374 374 374 374 374 374 374 374 374 374 374 375 375 376 376 376 377 377 378 378 378 379 379 379 380 380 262 262 262 263 263 263 264 107 107 108 108 108 109 109 109 110 110 110 111 111 111 111 112 112 112 113 113 113 103 103 103 103 104 104 104 105 105 105
374 374 374 374 374 374 374 374 374 374 374 374 374 374 374 374 374 374 374 374 374 374 374 374 374 374 374 374 374 374 374 374 374 374 374 374 374 374 374 374 374 375 375 375 376 376 377 377 377 378 378 378 379 379 380 380 262 262 262 262 263 263 263 264 264 264 108 108 108 109 109 109 110 110 110 111 111 111 112 112 112 112 113 113 113 103 103 103 104 104 104 104 105 105
374 374 374 374 374 374 374 374 374 374 374 374 374 374 374 374 374 374 374 374 374 374 374 374 374 374 374 374 374 374 374 374 374 374 374 374 374 374 374 374 374 374 375 375 376 376 376 377 377 378 378 378 379 379 379 380 380 262 262 262 262 263 263 264 264 264 265 265 265 109 109 109 109 110 110 110 111 111 111 112 112 112 113 113 113 113 103 103 103 104 104 104 104 105
374 374 374 374 374 374 374 374 374 374 374 374 374 374 374 374 374 374 374 374 374 374 374 374 374 374 374 374 374 374 374 374 374 374 374 374 374 374 374 374 374 374 375 375 375 376 376 377 377 377 378 378 378 379 379 379 380 262 262 262 262 263 263 263 264 264 264 265 265 265 266 266 109 110 110 110 111 111 111 111 112 112 112 113 113 113 103 103 103 103 104 104 104 105
374 374 374 374 374 374 374 374 374 374 374 374 374 374 374 374 374 374 374 374 374 374 374 374 374 374 374 374 374 374 374 374 374 374 374 374 374 374 374 374 374 374 374 375 375 376 376 376 377 377 377 378 378 379 379 379 380 380 262 262 262 262 263 263 263 264 264 264 265 265 265 266 266 266 267 110 110 111 111 111 112 112 112 112 113 113 113 103 103 103 103 104 104 104
374 374 374 374 374 374 374 374 374 374 374 374 374 374 374 374 374 374 374 374 374 374 374 374 374 374 374 374 374 374 374 374 374 374 374 374 374 374 374 374 374 374 374 375 375 375 376 376 376 377 377 378 378 378 379 379 379 380 262 262 262 262 263 263 263 264 264 264 265 265 265 266 266 266 266 267 267 267 111 111 111 112 112 112 113 113 113 113 103 103 103 104 104 104
374 374 374 374 374 374 374 374 374 374 374 374 374 374 374 374 374 374 374 374 374 374 374 374 374 374 374 374 374 374 374 374 374 374 374 374 374 374 374 374 374 374 374 374 375 375 375 376 376 377 377 377 378 378 378 379 379 380 262 262 262 262 262 263 263 263 264 264 264 265 265 265 266 266 266 267 267 267 268 268 268 112 112 112 112 113 113 113 103 103 103 103 104 104
374 374 374 374 374 374 374 374 374 374 374 374 374 374 374 374 374 374 374 374 374 374 374 374 374 374 374 374 374 374 374 374 374 374 374 374 374 374 374 374 374 374 374 374 374 375 375 376 376 376 377 377 377 378 378 379 379 379 380 262 262 262 262 262 263 263 263 264 264 264 265 265 265 266 266 266 267 267 267 268 268 268 269 112 112 112 113 113 113 103 103 103 103 104
374 374 374 374 374 374 374 374 374 374 374 374 374 374 374 374 374 374 374 374 374 374 374 374 374 374 374 374 374 374 374 374 374 374 374 374 374 374 374 374 374 374 374 374 374 375 375 375 376 376 376 377 377 378 378 378 379 379 379 262 262 262 262 262 263 263 263 264 264 264 265 265 265 266 266 266 266 267 267 267 268 268 268 269 269 269 113 113 113 113 103 103 103 104
374 374 374 374 374 374 374 374 374 374 374 374 374 374 374 374 374 374 374 374 374 374 374 374 374 374 374 374 374 374 374 374 374 374 374 374 374 374 374 374 374 374 374 374 374 374 375 375 375 376 376 377 377 377 378 378 378 379 379 380 262 262 262 262 262 263 263 263 264 264 264 265 265 265 266 266 266 267 267 267 267 268 268 268 269 269 269 270 113 113 103 103 103 103
374 374 374 374 374 374 374 374 374 374 374 374 374 374 374 374 374 374 374 374 374 374 374 374 374 374 374 374 374 374 374 374 374 374 374 374 374 374 374 374 374 374 374 374 374 374 374 375 375 376 376 376 377 377 378 378 378 379 379 379 262 262 262 262 262 262 263 263 263 264 264 264 265 265 265 266 266 266 267 267 267 268 268 268 268 269 269 269 270 270 113 103 103 103
