testData/tiles/oneDegreeCosts/grid37.0-15.0-38.0-16.0.asc
ncols   200
nrows   200
xllcorner   37.0
yllcorner   15.0
cellsize   0.005
NODATA_value   -9999.0
[rows 126 to 167 of 200, columns 94 to 187 of 200]
303 303 303 303 303 303 303 302 302 303 303 302 302 302 302 302 302 302 302 301 301 302 302 301 301 301 302 301 301 301 301 301 301 301 301 300 300 300 301 301 300 300 300 300 300 300 300 300 299 299 300 300 299 299 299 299 299 299 299 299 298 298 299 299 298 298 298 299 298 298 298 298 297 298 298 298 297 297 297 298 297 297 297 297 296 297 297 297 296 296 296 297 297 296
303 303 303 302 303 303 303 302 302 302 303 302 302 302 302 302 302 302 302 301 301 302 302 301 301 301 301 301 301 301 301 301 300 301 301 301 300 300 301 301 300 300 300 300 300 300 300 300 299 299 300 300 299 299 299 299 299 299 299 299 298 298 299 299 298 298 298 298 298 298 298 298 297 297 298 298 297 297 297 297 297 297 297 297 296 296 297 297 297 296 296 296 297 296
303 303 303 302 303 303 303 302 302 302 303 302 302 302 302 302 302 302 302 301 301 302 302 302 301 301 301 302 301 301 301 301 300 301 301 301 300 300 300 301 300 300 300 300 299 300 300 300 299 299 299 300 299 299 299 299 298 299 299 299 298 298 299 299 298 298 298 298 298 298 298 298 297 297 298 298 297 297 297 297 297 297 297 297 297 296 297 297 297 296 296 296 297 296
303 303 303 302 302 303 303 302 302 302 303 302 302 302 302 302 302 302 302 302 301 301 302 302 301 301 301 301 301 301 301 301 300 301 301 301 300 300 300 301 300 300 300 300 299 300 300 300 299 299 299 300 299 299 299 299 298 299 299 299 298 298 298 299 298 298 298 298 298 298 298 298 297 297 297 298 298 297 297 297 297 297 297 297 297 296 296 297 297 296 296 296 296 296
303 303 303 302 302 303 303 302 302 302 302 303 302 302 302 302 302 302 302 302 301 301 302 302 301 301 301 301 301 301 301 301 300 300 301 301 300 300 300 300 300 300 300 300 299 299 300 300 299 299 299 299 299 299 299 299 298 299 299 299 298 298 298 299 298 298 298 298 298 298 298 298 298 297 297 298 298 297 297 297 297 297 297 297 297 296 296 297 297 296 296 296 296 296
303 303 303 303 302 303 303 303 302 302 302 303 302 302 302 302 301 302 302 302 301 301 301 302 301 301 301 301 300 301 301 301 300 300 301 301 300 300 300 300 300 300 300 300 299 299 300 300 299 299 299 299 299 299 299 299 298 298 299 299 298 298 298 298 298 298 298 298 298 297 298 298 298 297 297 297 298 297 297 297 297 296 297 297 297 296 296 296 297 296 296 296 296 296
303 303 303 303 302 302 303 303 302 302 302 302 302 302 302 302 301 302 302 302 301 301 301 302 301 301 301 301 300 301 301 301 300 300 300 301 300 300 300 300 299 300 300 300 299 299 299 300 299 299 299 299 299 299 299 299 298 298 299 299 298 298 298 298 299 298 298 298 298 297 298 298 298 297 297 297 298 297 297 297 297 296 297 297 297 296 296 296 296 296 296 296 296 296
303 303 303 303 302 302 303 303 302 302 302 302 302 302 302 302 301 301 302 302 301 301 301 301 301 301 301 301 300 301 301 301 300 300 300 301 300 300 300 300 299 300 300 300 299 299 299 300 299 299 299 299 298 299 299 299 298 298 298 299 299 298 298 298 298 298 298 298 298 297 297 298 298 297 297 297 297 297 297 297 297 296 296 297 297 296 296 296 296 296 296 296 296 296
302 303 303 303 302 302 302 303 302 302 302 302 302 302 302 302 301 301 302 302 301 301 301 301 301 301 301 301 300 300 301 301 300 300 300 300 300 300 300 300 299 299 300 300 299 299 299 300 299 299 299 299 298 299 299 299 299 298 298 299 299 298 298 298 298 298 298 298 298 297 297 298 298 297 297 297 297 297 297 297 297 296 296 296 297 296 296 296 296 296 296 296 296 296
302 303 303 303 302 302 302 303 302 302 302 302 301 302 302 302 301 301 301 302 301 301 301 301 301 301 301 301 300 300 301 301 300 300 300 300 300 300 300 300 299 299 300 300 299 299 299 299 299 299 299 299 298 298 299 299 299 298 298 298 299 298 298 298 298 297 298 298 298 297 297 297 298 297 297 297 297 296 297 297 297 296 296 296 297 296 296 296 296 296 296 296 296 296
302 302 303 303 302 302 302 303 302 302 302 302 301 302 302 302 301 301 301 302 301 301 301 301 300 301 301 301 300 300 300 301 300 300 300 300 299 300 300 300 299 299 300 300 299 299 299 299 299 299 299 299 299 298 299 299 299 298 298 298 299 298 298 298 298 297 298 298 298 297 297 297 298 297 297 297 297 296 296 297 297 296 296 296 296 296 296 296 296 296 296 296 296 296
302 302 303 303 302 302 302 302 302 302 302 302 301 301 302 302 301 301 301 302 301 301 301 301 300 301 301 301 300 300 300 301 300 300 300 300 299 300 300 300 299 299 299 300 299 299 299 299 298 299 299 299 299 298 298 299 299 298 298 298 298 298 298 298 298 297 297 298 298 297 297 297 297 297 297 297 297 296 296 297 297 296 296 296 296 296 296 296 296 296 296 296 296 296
302 302 303 303 302 302 302 302 302 302 302 302 301 301 302 302 301 301 301 301 301 301 301 301 300 300 301 301 300 300 300 300 300 300 300 300 299 300 300 300 299 299 299 300 299 299 299 299 298 299 299 299 299 298 298 299 299 298 298 298 298 298 298 298 298 297 297 298 298 297 297 297 297 297 297 297 297 296 296 296 297 296 296 296 296 296 296 296 296 296 296 296 296 296
302 302 302 303 302 302 302 302 301 302 302 302 301 301 302 302 301 301 301 301 301 301 301 301 300 300 301 301 300 300 300 300 300 300 300 300 299 299 300 300 299 299 299 299 299 299 299 299 298 298 299 299 298 298 298 298 299 298 298 298 298 297 298 298 298 297 297 297 298 297 297 297 297 296 297 297 297 296 296 296 297 296 296 296 296 296 296 296 296 296 296 296 296 296
302 302 302 303 302 302 302 302 301 302 302 302 301 301 301 302 301 301 301 301 300 301 301 301 300 300 300 301 300 300 300 300 300 300 300 300 299 299 300 300 299 299 299 299 299 299 299 299 298 298 299 299 298 298 298 298 299 298 298 298 298 297 298 298 298 297 297 297 298 297 297 297 297 296 296 297 297 296 296 296 296 296 296 296 296 296 296 296 296 296 296 296 296 296
302 302 302 302 302 302 302 302 301 302 302 302 301 301 301 302 301 301 301 301 300 301 301 301 300 300 300 301 300 300 300 300 299 300 300 300 299 299 299 300 299 299 299 299 298 299 299 299 298 298 298 299 298 298 298 298 297 298 298 298 298 297 297 298 298 297 297 297 297 297 297 297 297 296 296 297 297 296 296 296 296 296 296 296 296 296 296 296 296 296 296 296 296 296
302 302 302 302 302 302 302 302 301 301 302 302 301 301 301 301 301 301 301 301 300 300 301 301 300 300 300 300 300 300 300 300 299 300 300 300 299 299 299 300 299 299 299 299 298 299 299 299 298 298 298 299 298 298 298 298 297 298 298 298 297 297 297 298 298 297 297 297 297 296 297 297 297 296 296 296 297 296 296 296 296 296 296 296 296 296 296 296 296 296 296 296 296 296
302 302 302 302 302 302 302 302 301 301 302 302 301 301 301 301 301 301 301 301 300 300 301 301 300 300 300 300 300 300 300 300 299 299 300 300 299 299 299 299 299 299 299 299 298 298 299 299 298 298 298 298 298 298 298 298 297 297 298 298 297 297 297 297 297 297 297 297 297 296 297 297 297 296 296 296 297 296 296 296 296 296 296 296 296 296 296 296 296 296 296 296 296 296
302 302 302 301 301 302 302 301 301 301 301 302 301 301 301 301 300 301 301 301 300 300 300 301 300 300 300 300 300 300 300 300 299 299 300 300 299 299 299 299 299 299 299 299 298 298 299 299 298 298 298 298 298 298 298 298 297 297 298 298 297 297 297 297 296 297 297 297 296 296 296 297 297 296 296 296 296 296 296 296 296 296 296 296 296 296 296 296 296 296 296 296 296 296
302 302 302 301 301 302 302 301 301 301 301 301 301 301 301 300 300 301 301 301 300 300 300 301 300 300 300 300 299 300 300 300 299 299 299 300 299 299 299 299 298 299 299 299 298 298 298 299 298 298 298 298 297 298 298 298 297 297 297 298 297 297 297 297 296 297 297 297 296 296 296 297 296 296 296 296 296 296 296 296 296 296 296 296 296 296 296 296 296 296 296 296 296 296
302 302 302 301 301 301 302 301 301 301 301 300 301 301 301 300 300 300 301 300 300 300 300 301 300 300 300 300 299 300 300 300 299 299 299 300 299 299 299 299 298 299 299 299 298 298 298 299 298 298 298 298 297 298 298 298 297 297 297 297 297 297 297 297 296 296 297 297 296 296 296 296 296 296 296 296 296 296 296 296 296 296 296 296 296 296 296 296 296 296 296 296 296 296
302 302 302 301 301 301 302 301 301 301 301 300 301 301 301 300 300 300 301 300 300 300 300 299 300 300 300 299 299 299 300 300 299 299 299 299 299 299 299 299 298 298 299 299 298 298 298 298 298 298 298 298 297 297 298 298 297 297 297 297 297 297 297 297 296 296 297 297 296 296 296 296 296 296 296 296 296 296 296 296 296 296 296 296 296 296 296 296 296 296 296 296 296 296
301 302 301 301 301 301 301 301 301 301 301 300 300 301 301 300 300 300 301 300 300 300 300 299 300 300 300 299 299 299 300 299 299 299 299 298 299 299 299 299 298 298 299 299 298 298 298 298 298 298 298 298 297 297 298 298 297 297 297 297 296 297 297 297 296 296 296 297 296 296 296 296 296 296 296 296 296 296 296 296 296 296 296 296 296 296 296 296 296 296 296 296 296 296
301 302 301 301 301 301 300 301 301 301 301 300 300 301 301 300 300 300 300 300 300 300 300 299 299 300 300 299 299 299 299 299 299 299 299 298 298 299 299 298 298 298 298 299 298 298 298 298 297 298 298 298 297 297 297 298 297 297 297 297 296 297 297 297 296 296 296 297 296 296 296 296 296 296 296 296 296 296 296 296 296 296 296 296 296 296 296 296 296 296 296 296 296 296
301 301 301 301 301 301 300 300 301 301 300 300 300 301 300 300 300 300 300 300 300 300 300 299 299 300 300 299 299 299 299 299 299 299 299 298 298 299 299 298 298 298 298 298 298 298 298 297 297 298 298 298 297 297 297 297 297 297 297 297 296 296 297 297 296 296 296 296 296 296 296 296 296 296 296 296 296 296 296 296 296 296 296 296 296 296 296 296 296 296 296 296 296 296
301 300 301 301 301 301 300 300 301 301 300 300 300 300 300 300 300 300 299 299 300 300 300 299 299 299 300 299 299 299 299 298 299 299 299 298 298 298 299 298 298 298 298 297 298 298 298 297 297 297 298 297 297 297 297 296 297 297 297 297 296 296 297 297 296 296 296 296 296 296 296 296 296 296 296 296 296 296 296 296 296 296 296 296 296 296 296 296 296 296 296 296 296 296
301 300 300 301 301 300 300 300 301 301 300 300 300 300 300 300 300 300 299 299 300 300 299 299 299 299 299 299 299 299 299 298 299 299 299 298 298 298 299 298 298 298 298 297 298 298 298 297 297 297 297 297 297 297 297 296 296 297 297 296 296 296 296 297 296 296 296 296 296 296 296 296 296 296 296 296 296 296 296 296 296 296 296 296 296 296 296 296 296 296 296 296 296 296
301 300 300 301 301 300 300 300 300 300 300 300 300 300 299 300 300 300 299 299 299 300 299 299 299 299 298 299 299 299 298 298 298 299 299 298 298 298 298 298 298 298 298 297 297 298 298 297 297 297 297 297 297 297 297 296 296 297 297 296 296 296 296 296 296 296 296 296 296 296 296 296 296 296 296 296 296 296 296 296 296 296 296 296 296 296 296 296 296 296 296 296 296 296
300 300 300 301 301 300 300 300 300 300 300 300 300 299 299 300 300 300 299 299 299 300 299 299 299 299 298 299 299 299 298 298 298 299 298 298 298 298 297 298 298 298 298 297 297 297 298 297 297 297 297 296 297 297 297 296 296 296 297 296 296 296 296 296 296 296 296 296 296 296 296 296 296 296 296 296 296 296 296 296 296 296 296 296 296 296 296 296 296 296 296 296 296 296
300 300 300 300 300 300 300 300 300 299 300 300 300 299 299 299 300 299 299 299 299 298 299 299 299 299 298 298 299 299 298 298 298 298 298 298 298 298 297 297 298 298 297 297 297 297 298 297 297 297 297 296 297 297 297 296 296 296 297 296 296 296 296 296 296 296 296 296 296 296 296 296 296 296 296 296 296 296 296 296 296 296 296 296 296 296 296 296 296 296 296 296 296 296
300 300 300 300 300 300 300 300 299 299 300 300 300 299 299 299 300 299 299 299 299 298 299 299 299 298 298 298 299 299 298 298 298 298 298 298 298 298 297 297 298 298 297 297 297 297 296 297 297 297 296 296 296 297 297 296 296 296 296 296 296 296 296 296 296 296 296 296 296 296 296 296 296 296 296 296 296 296 296 296 296 296 296 296 296 296 296 296 296 296 296 296 296 296
300 300 300 300 300 300 300 300 299 299 299 300 299 299 299 299 299 299 299 299 299 298 298 299 299 298 298 298 298 298 298 298 298 298 297 298 298 298 297 297 297 298 297 297 297 297 296 297 297 297 296 296 296 297 296 296 296 296 296 296 296 296 296 296 296 296 296 296 296 296 296 296 296 296 296 296 296 296 296 296 296 296 296 296 296 296 296 296 296 296 296 296 296 296
300 300 300 300 300 300 300 299 299 299 299 300 299 299 299 299 299 299 299 299 298 298 298 299 299 298 298 298 298 298 298 298 298 297 297 298 298 297 297 297 297 297 297 297 297 297 296 296 297 297 296 296 296 296 296 296 296 296 296 296 296 296 296 296 296 296 296 296 296 296 296 296 296 296 296 296 296 296 296 296 296 296 296 296 296 296 296 296 296 296 296 296 296 296
345 345 344 300 300 300 300 299 299 299 299 299 299 299 299 299 299 299 299 299 298 298 298 298 298 298 298 298 298 298 298 298 298 297 297 297 298 297 297 297 297 296 297 297 297 297 296 296 297 297 296 296 296 296 296 296 296 296 296 296 296 296 296 296 296 296 296 296 296 296 296 296 296 296 296 296 296 296 296 296 296 296 296 296 296 296 296 296 296 296 296 296 296 296
345 345 344 344 344 344 344 344 344 344 344 343 344 299 299 299 299 299 299 299 298 298 298 298 298 298 298 298 298 298 298 298 298 297 297 297 297 297 297 297 297 296 296 297 297 296 296 296 296 296 296 296 296 296 296 296 296 296 296 296 296 296 296 296 296 296 296 296 296 296 296 296 296 296 296 296 296 296 296 296 296 296 296 296 296 296 296 296 296 296 296 296 296 296
353 352 351 350 348 347 345 344 344 344 343 343 343 344 344 343 343 343 343 343 343 343 298 298 298 298 298 298 298 298 298 298 297 297 297 297 297 297 297 297 297 296 296 297 297 296 296 296 296 296 296 296 296 296 296 296 296 296 296 296 296 296 296 296 296 296 296 296 296 296 296 296 296 296 296 296 296 296 296 296 296 296 296 296 296 296 296 296 296 296 296 296 296 296
363 363 362 361 360 358 357 357 355 354 352 351 349 349 347 345 344 343 343 343 343 343 343 342 342 343 343 343 342 342 342 297 297 297 297 297 297 297 297 297 296 296 296 296 297 296 296 296 296 296 296 296 296 296 296 296 296 296 296 296 296 296 296 296 296 296 296 296 296 296 296 296 296 296 296 296 296 296 296 296 296 296 296 296 296 296 296 296 296 296 296 296 296 296
372 371 371 370 369 367 367 366 366 364 363 361 360 359 358 357 356 355 352 351 351 349 348 345 344 343 343 342 342 342 342 342 342 342 342 342 341 341 342 297 296 296 296 296 296 296 296 296 296 296 296 296 296 296 296 296 296 296 296 296 296 296 296 296 296 296 296 296 296 296 296 296 296 296 296 296 296 296 296 296 296 296 296 296 296 296 296 296 296 296 296 296 296 296
380 379 379 379 377 376 375 374 374 372 372 371 370 368 368 367 366 365 363 361 361 360 358 357 355 354 353 351 350 349 347 344 343 342 342 341 341 341 341 342 341 341 341 341 340 341 296 296 296 296 296 296 296 296 296 296 296 296 296 296 296 296 296 296 296 296 296 296 296 296 296 296 296 296 296 296 296 296 296 296 296 296 296 296 296 296 296 296 296 296 296 296 296 296
387 386 386 385 384 383 383 382 380 380 379 379 378 376 375 375 374 372 371 370 369 369 367 366 365 364 362 362 360 359 358 356 354 354 353 350 349 347 346 344 342 341 341 341 340 340 341 341 340 340 340 340 340 296 296 296 296 296 296 296 296 296 296 296 296 296 296 296 296 296 296 296 296 296 296 296 296 296 296 296 296 296 296 296 296 296 296 296 296 296 296 296 296 296
394 393 391 392 391 390 389 388 387 387 386 386 384 383 382 382 382 380 379 378 377 376 375 374 373 372 370 369 369 368 366 365 364 363 363 360 359 358 356 354 354 352 351 348 347 345 344 342 340 340 340 340 340 340 340 340 339 339 339 340 296 296 296 296 296 296 296 296 296 296 296 296 296 296 296 296 296 296 296 296 296 296 296 296 296 296 296 296 296 296 296 296 296 296
400 399 397 397 397 396 396 394 393 393 393 392 390 390 389 388 387 387 386 385 384 382 383 382 381 379 378 377 377 376 374 373 372 371 370 369 368 367 366 363 362 362 361 358 357 356 354 353 351 350 348 346 344 343 341 340 339 339 339 340 339 339 339 339 338 338 296 296 296 296 296 296 296 296 296 296 296 296 296 296 296 296 296 296 296 296 296 296 296 296 296 296 296 296
