testData/tiles/oneDegreeCosts/grid44.0-24.0-45.0-25.0.asc
ncols   200
nrows   200
xllcorner   44.0
yllcorner   24.0
cellsize   0.005
NODATA_value   -9999.0
[rows 84 to 125 of 200, columns 94 to 187 of 200]
610 611 613 614 615 615 616 617 618 619 619 621 621 622 622 623 625 626 627 626 627 628 629 629 630 630 631 631 632 633 633 634 634 635 635 637 638 637 638 638 639 638 639 640 641 641 641 641 643 643 643 643 644 645 645 645 645 646 646 646 646 646 647 648 648 648 649 649 648 649 649 650 650 649 650 650 650 650 649 650 651 651 651 651 651 653 652 652 652 652 652 653 653 653
610 610 613 614 615 615 616 617 619 620 620 621 622 623 623 623 625 627 627 627 628 628 630 630 630 631 632 632 633 633 634 635 636 636 636 638 638 638 638 639 639 640 640 641 642 642 642 642 642 644 644 644 645 646 646 645 645 646 646 646 646 646 647 648 648 648 648 650 650 650 650 650 650 649 650 650 650 651 650 651 652 652 652 652 651 652 652 652 653 653 653 654 654 653
611 611 613 615 615 616 617 618 619 620 620 621 622 623 623 623 625 626 627 627 628 628 630 631 630 631 631 633 634 634 635 635 636 637 637 639 638 638 638 639 639 640 640 641 641 642 642 642 642 643 644 645 645 646 646 646 646 646 647 647 647 647 648 649 648 648 648 649 650 650 650 650 651 650 650 651 651 652 651 651 652 652 652 652 652 652 653 652 654 653 653 654 654 654
610 610 612 614 615 616 617 619 620 620 620 622 623 624 624 624 626 626 628 628 628 630 631 631 631 632 632 633 634 634 635 635 636 636 638 639 639 639 639 640 640 641 641 642 642 643 642 643 643 644 644 646 646 647 647 646 646 646 647 647 647 647 649 649 648 649 649 650 650 650 651 651 652 650 650 651 651 652 652 652 653 653 652 653 652 652 653 652 652 653 654 654 655 655
611 612 613 614 616 617 618 619 619 620 620 622 623 623 624 624 626 626 627 628 628 630 631 631 631 633 633 635 634 635 636 636 637 636 638 639 640 639 639 640 640 641 641 642 642 643 642 643 643 644 644 644 646 646 647 646 647 647 648 648 648 648 649 650 649 649 649 649 650 650 651 651 651 651 651 652 652 653 653 652 652 653 652 653 653 653 654 653 653 653 653 653 655 694
611 613 613 614 615 617 618 619 620 621 623 623 623 624 625 626 626 627 628 628 629 631 631 632 632 632 633 635 635 635 635 636 637 636 638 638 640 640 640 640 641 642 642 642 643 643 644 643 644 644 646 645 646 647 648 648 647 647 648 648 648 649 649 650 650 650 650 650 651 650 651 651 652 652 651 651 653 653 653 653 653 654 654 653 653 653 654 653 653 654 654 693 694 695
612 614 614 615 616 618 618 619 620 621 623 623 623 624 625 625 626 627 628 628 628 631 631 632 632 632 633 635 636 636 636 637 637 637 639 639 639 640 640 640 641 642 642 642 643 643 644 643 644 644 646 645 646 646 648 648 648 648 648 649 648 650 650 651 651 650 650 650 651 650 650 651 651 653 652 652 654 654 653 653 653 654 654 653 654 654 654 654 654 654 693 693 693 694
611 613 613 614 615 617 618 619 621 622 623 623 624 625 625 626 627 628 628 629 629 630 632 633 632 633 634 635 636 636 636 637 637 638 638 639 639 640 641 641 642 643 643 643 644 644 645 644 645 645 647 646 647 647 647 648 648 648 648 649 649 650 650 650 651 650 651 651 651 651 651 652 651 651 652 653 654 654 653 654 654 654 655 654 654 654 654 654 693 693 694 694 694 695
612 614 614 615 616 618 618 620 621 621 623 623 624 625 625 626 627 627 628 629 630 630 632 633 632 633 634 635 636 636 636 636 637 638 638 639 639 640 640 641 641 643 643 643 644 644 645 644 644 646 646 646 646 647 647 648 648 649 649 650 650 650 651 651 651 650 651 651 651 651 651 652 652 652 653 653 654 655 653 654 654 654 655 654 654 655 655 693 694 693 694 694 694 695
612 614 614 615 616 618 619 619 620 621 624 624 625 625 626 628 628 628 629 630 630 631 632 633 634 634 635 636 636 636 637 637 638 639 639 640 640 641 640 641 643 644 644 644 644 645 645 645 645 647 647 647 647 647 647 648 648 649 649 649 650 650 651 651 652 651 651 652 652 652 652 652 652 652 653 653 653 655 654 654 655 655 656 654 654 655 694 693 694 694 694 695 695 695
614 615 615 616 617 618 619 619 621 623 624 624 624 625 627 628 628 628 629 629 630 631 632 632 634 634 635 636 636 636 637 637 638 639 639 639 640 641 640 641 642 644 644 644 644 645 645 645 645 647 647 648 647 648 648 648 648 648 650 651 652 651 652 651 651 651 651 652 652 652 652 652 653 654 653 654 654 654 654 654 655 655 655 655 694 695 695 694 694 694 694 695 695 695
613 614 614 615 616 618 619 619 620 623 623 623 625 626 628 628 628 629 630 630 631 632 632 633 634 634 636 637 637 637 637 638 640 640 640 640 641 641 641 641 643 643 645 645 645 646 646 646 647 648 648 647 647 647 648 648 648 648 649 650 652 651 651 652 652 652 652 653 653 653 652 652 653 654 653 654 654 654 654 654 656 656 656 694 694 694 695 694 694 695 695 696 695 695
613 614 615 616 618 619 620 620 621 622 624 624 625 626 627 628 628 629 629 631 631 631 632 633 633 634 636 636 637 637 637 638 639 640 640 640 641 641 641 642 643 643 644 644 645 645 646 646 647 647 648 648 648 648 649 649 649 649 651 651 651 651 651 652 652 652 652 652 653 653 653 653 654 655 654 655 654 654 655 654 654 656 695 695 695 695 696 694 694 695 695 695 696 696
614 615 616 616 618 619 620 620 620 622 623 624 625 625 627 628 629 629 630 632 632 632 633 634 634 635 635 637 638 637 638 639 640 641 640 641 641 642 642 643 644 644 645 644 646 646 647 646 647 647 648 648 648 648 649 649 649 649 650 651 651 651 652 653 653 652 653 653 653 653 653 653 654 655 654 654 655 655 656 655 694 694 694 694 695 695 696 695 695 696 696 695 696 696
613 614 615 615 617 619 620 620 621 623 624 626 625 626 628 629 628 629 630 632 632 632 633 633 634 635 635 636 638 637 638 638 640 641 640 641 641 642 642 643 643 644 644 644 645 646 647 647 648 648 649 649 648 649 649 650 649 650 650 651 651 651 651 652 653 652 653 653 653 654 653 655 655 656 654 654 655 655 655 694 694 695 695 694 695 696 696 696 695 695 696 696 696 697
614 615 616 616 618 619 620 620 622 623 623 624 625 627 628 628 628 629 630 631 632 632 632 633 634 635 636 637 638 638 639 640 641 641 641 641 642 643 642 643 643 644 644 644 644 645 646 647 647 648 648 649 648 649 649 650 649 651 651 652 652 651 652 652 653 653 653 653 653 654 653 655 655 655 655 655 656 656 695 694 694 694 695 694 695 695 696 697 696 696 696 696 696 697
614 615 616 616 618 619 620 620 622 623 624 625 625 628 628 629 629 630 630 632 633 633 633 634 635 635 636 637 637 639 638 640 641 641 641 641 642 642 643 644 644 645 645 645 645 646 646 648 648 649 649 650 649 650 649 650 649 650 651 651 652 651 652 652 653 652 653 654 654 655 655 655 655 655 655 655 655 695 695 695 695 695 696 695 695 695 695 695 696 696 696 697 697 698
614 615 617 617 619 619 620 620 622 623 624 625 625 626 628 629 629 629 631 632 633 633 633 634 635 635 636 636 637 638 638 640 640 641 641 641 642 642 643 643 644 644 645 645 645 646 646 647 648 649 649 649 649 649 650 650 650 651 652 652 653 652 653 652 652 652 652 654 654 654 655 655 656 656 655 695 695 695 695 695 695 695 695 695 695 696 696 696 696 696 696 697 698 698
614 615 616 617 618 619 620 620 622 623 624 625 625 626 627 630 629 630 632 633 633 633 634 634 636 636 636 637 638 638 638 641 641 642 641 642 642 643 645 644 645 645 646 645 646 646 648 647 647 648 649 649 649 649 650 650 651 651 652 652 652 652 652 653 653 653 653 653 654 655 655 655 656 656 694 695 695 695 696 695 696 696 695 695 695 695 696 696 696 696 696 698 698 698
614 615 616 617 618 620 621 621 623 624 624 625 625 627 628 628 629 630 632 632 633 633 634 634 636 636 636 637 637 638 639 639 641 642 641 642 642 643 644 644 644 645 646 645 646 646 648 647 648 648 650 650 650 650 651 651 651 652 652 652 652 652 652 653 653 653 653 653 654 655 656 656 656 696 695 695 695 695 696 695 695 696 696 696 696 696 696 696 696 696 697 697 698 698
613 615 617 618 619 620 621 621 622 623 624 625 625 627 627 628 628 630 631 632 633 633 633 634 636 636 636 637 637 638 639 640 640 641 641 641 642 644 644 644 644 645 645 645 645 646 647 647 647 648 648 650 649 650 650 651 651 652 652 653 653 653 653 653 654 653 653 653 655 655 655 656 695 696 695 695 696 696 697 695 695 696 696 696 696 696 696 697 696 698 697 697 698 698
613 615 616 617 618 619 620 621 622 623 624 626 627 627 628 629 629 630 632 633 634 633 634 635 636 636 637 637 638 639 639 640 641 641 642 642 643 644 645 645 645 646 646 646 646 648 648 648 648 649 649 650 649 650 650 652 651 652 652 652 653 653 653 653 654 653 654 654 655 656 655 694 694 695 695 695 696 696 696 696 696 697 697 696 696 696 696 697 697 697 698 698 698 698
613 614 616 618 619 620 621 622 623 624 625 625 626 627 628 629 628 630 632 633 633 633 634 636 636 636 637 637 638 638 639 640 640 641 641 642 643 644 645 645 645 645 646 646 646 648 648 648 648 649 649 650 649 650 651 652 652 652 653 653 653 653 653 653 654 653 653 655 655 695 694 694 695 695 695 696 696 696 696 696 696 696 697 696 696 697 697 698 697 697 698 698 698 699
613 614 615 618 619 620 621 621 622 623 624 625 626 627 628 628 628 630 631 632 633 633 635 636 637 637 637 638 639 639 640 640 641 642 641 642 643 645 645 645 646 645 646 646 646 647 648 648 648 648 649 649 649 649 650 652 652 652 653 653 654 653 653 654 654 654 654 655 694 694 694 694 695 695 695 695 696 697 697 696 696 696 697 696 696 697 698 698 698 698 698 698 698 698
613 614 616 616 618 619 620 621 622 624 625 626 627 627 628 629 629 631 631 632 634 634 634 636 637 636 637 638 638 640 640 640 641 641 641 642 643 645 644 645 645 646 647 646 647 648 649 648 649 649 650 650 650 650 651 651 652 652 652 653 653 653 653 654 654 654 654 694 695 695 695 695 695 695 695 695 695 695 697 696 697 697 697 697 696 697 698 698 698 698 698 699 699 699
612 614 617 617 618 620 621 622 623 624 625 625 626 627 628 629 629 630 631 632 633 633 634 636 636 636 637 637 638 639 639 640 641 641 641 641 643 644 644 645 645 646 646 646 647 648 648 648 648 649 649 650 650 650 651 652 652 652 653 654 654 653 653 654 654 654 694 694 695 695 695 695 695 696 695 696 696 695 696 696 696 697 697 697 697 698 699 699 698 698 698 698 699 699
613 614 616 616 617 618 620 621 622 623 624 626 626 627 628 629 629 630 631 632 632 633 635 636 637 637 638 638 639 640 640 641 641 642 642 642 644 644 644 644 646 647 647 646 647 648 648 648 648 649 649 650 650 650 651 652 652 652 652 654 654 653 654 654 655 693 695 694 695 695 695 695 695 696 695 695 696 696 697 696 696 697 697 697 698 698 699 699 698 699 699 698 699 699
613 614 616 616 617 618 620 621 622 624 625 626 627 628 628 629 629 631 632 632 632 633 635 636 637 637 637 638 639 639 640 641 641 642 642 642 644 644 644 644 645 646 647 646 648 649 649 649 649 650 650 651 650 652 651 652 652 652 652 652 654 653 654 654 694 694 694 695 695 696 695 696 695 695 695 695 696 696 696 696 696 697 697 698 698 698 698 698 698 698 699 699 700 700
613 613 615 617 618 619 621 622 623 624 625 626 626 627 628 629 630 631 631 632 632 633 634 635 637 637 637 638 639 639 640 640 641 642 642 642 643 644 644 644 645 645 647 646 648 648 649 649 649 649 650 650 650 651 652 652 652 652 653 653 654 653 654 693 693 694 694 695 695 696 695 695 696 696 696 696 696 696 696 696 696 696 697 697 697 699 699 699 698 698 699 699 699 700
614 614 615 616 617 618 620 620 622 623 624 625 626 627 628 629 629 630 631 632 632 632 634 636 636 637 638 638 640 640 640 641 642 642 642 643 644 645 644 645 645 645 645 647 648 648 649 649 649 649 650 650 650 651 652 652 652 652 653 653 653 653 692 694 694 695 695 695 695 695 695 695 696 696 696 696 696 697 696 696 696 696 698 697 697 698 698 698 699 699 699 699 699 700
614 615 615 616 617 618 620 620 621 623 624 626 627 628 628 629 630 631 632 632 632 633 635 635 636 636 637 638 640 639 640 641 641 642 642 643 644 644 644 645 645 646 646 647 648 649 649 649 649 650 650 651 650 651 651 652 652 652 652 653 653 692 692 693 694 694 695 695 696 695 696 695 695 696 696 696 696 696 696 696 697 698 698 698 697 697 698 698 698 699 699 700 700 701
614 615 615 615 617 619 621 621 622 623 625 625 626 627 628 629 630 631 631 632 632 633 634 635 636 636 636 638 640 639 640 641 641 642 641 643 644 644 644 644 645 645 646 647 647 648 649 649 649 650 650 650 651 652 652 653 652 653 653 692 691 691 692 692 694 694 695 695 696 695 695 696 696 697 696 696 696 696 696 696 696 698 698 698 698 698 699 698 698 698 698 699 701 702
615 616 615 616 617 618 619 620 621 622 624 625 626 627 628 628 629 630 631 632 632 633 634 635 635 635 636 637 639 639 640 640 641 641 641 643 643 644 644 644 645 645 645 646 647 647 648 648 649 649 650 650 651 652 652 652 652 652 692 692 692 692 693 693 695 694 694 694 695 695 695 696 696 696 696 696 697 697 696 696 697 698 698 698 698 698 698 698 698 699 699 699 701 702
615 616 615 615 617 619 619 620 621 622 624 624 626 627 627 628 630 631 632 633 632 634 635 636 635 636 637 638 639 640 640 641 642 641 643 643 644 645 644 645 645 646 647 647 648 648 649 648 649 649 650 650 651 651 652 652 652 691 692 692 692 692 693 694 694 694 694 695 695 695 695 695 696 696 696 696 696 697 696 697 698 698 698 698 698 698 698 698 698 699 700 701 701 702
615 616 615 615 616 618 618 620 621 622 624 624 625 627 628 629 630 631 631 632 632 634 634 635 635 636 636 638 639 638 640 641 641 641 643 643 644 644 644 645 645 646 646 647 647 648 648 648 649 650 651 651 652 652 653 653 691 691 691 692 692 692 692 694 694 694 694 695 695 695 695 696 697 696 696 696 696 697 696 697 698 698 699 698 698 699 698 698 699 699 701 701 702 704
615 617 616 616 617 619 619 620 621 622 624 624 625 626 628 629 629 630 631 632 632 633 634 635 635 635 636 638 638 638 639 640 641 641 642 643 644 644 644 644 645 645 646 647 647 648 648 648 648 649 649 651 651 652 652 692 691 692 692 693 692 693 693 694 694 694 694 694 695 695 695 695 696 697 696 697 697 696 696 697 698 698 698 698 698 699 699 699 699 700 701 702 703 703
616 616 616 616 616 618 618 620 621 622 623 624 625 625 626 628 629 630 631 631 631 633 634 635 635 636 637 638 638 639 639 640 641 641 643 644 644 644 644 644 645 645 646 646 647 647 647 648 648 649 649 650 651 652 691 691 691 692 692 693 692 692 694 694 694 694 694 694 695 695 695 695 695 695 696 696 697 697 698 698 698 698 698 698 698 698 700 699 700 702 702 703 703 704
617 616 616 616 616 618 618 619 620 621 622 623 624 626 627 628 630 631 631 631 632 634 635 635 635 636 636 638 638 639 639 640 640 640 643 643 644 644 644 645 645 647 647 647 648 648 648 648 649 649 649 649 650 690 691 691 691 691 692 692 692 692 694 694 694 694 694 695 695 695 695 695 695 695 695 695 697 697 697 698 698 699 698 698 698 699 701 700 701 702 703 703 705 704
617 616 616 616 616 617 619 620 621 622 623 624 625 626 627 627 628 630 631 631 633 633 634 635 635 635 636 638 638 638 639 640 640 641 641 643 644 643 644 645 645 647 646 647 647 648 647 648 649 649 651 650 690 690 691 691 692 691 692 692 692 692 693 694 694 694 694 695 695 695 695 695 696 695 695 695 695 697 697 698 698 698 698 698 700 701 701 701 701 702 703 704 705 706
617 617 617 617 617 617 618 619 620 622 622 623 624 625 625 627 628 629 631 630 632 633 634 634 634 635 637 638 638 638 639 639 640 641 641 642 643 643 644 644 645 646 646 647 647 648 647 648 648 649 650 689 689 690 690 690 691 692 692 693 692 694 693 694 694 694 694 694 695 694 695 695 696 695 695 696 696 697 697 697 698 698 699 699 700 701 702 702 703 702 704 705 705 707
618 617 617 617 618 617 618 619 620 622 622 623 624 625 626 627 628 628 629 630 632 633 634 634 634 635 637 637 638 639 639 640 640 641 642 642 642 643 643 644 645 645 646 646 647 647 647 648 648 649 688 689 689 690 690 690 690 691 692 692 692 694 694 694 694 694 694 694 694 694 695 695 695 695 695 696 697 697 697 697 697 699 699 700 700 702 702 702 704 704 705 705 706 707
617 617 617 617 618 617 617 618 619 620 621 622 623 624 625 627 628 629 630 630 633 633 634 634 635 635 637 638 638 638 639 640 639 641 642 642 643 642 644 645 645 646 646 647 648 648 648 648 648 687 688 688 689 689 690 690 690 690 691 691 692 693 694 694 694 694 695 695 694 695 695 695 695 695 695 695 697 697 697 697 698 699 699 700 701 702 702 703 703 705 705 707 707 707
