testData/tiles/oneDegreeCosts/grid45.0-29.0-46.0-30.0.asc
ncols   200
nrows   200
xllcorner   45.0
yllcorner   29.0
cellsize   0.005
NODATA_value   -9999.0
[rows 42 to 83 of 200, columns 0 to 93 of 200]
219 217 216 214 213 211 210 208 207 205 203 202 200 198 196 195 195 195 195 195 195 195 195 195 195 195 195 195 195 195 195 195 195 195 195 195 195 195 195 135 135 135 135 135 135 135 135 135 135 135 135 135 135 135 135 135 135 135 135 135 135 135 135 135 135 135 135 135 135 135 135 135 135 135 135 135 135 135 135 135 135 135 135 135 135 135 135 135 135 135 135 135 135 135
220 218 217 216 214 213 211 210 208 207 205 203 201 200 198 196 195 195 195 195 195 195 195 195 195 195 195 195 195 195 195 195 195 195 195 195 195 195 195 135 135 135 135 135 135 135 135 135 135 135 135 135 135 135 135 135 135 135 135 135 135 135 135 135 135 135 135 135 135 135 135 135 135 135 135 135 135 135 135 135 135 135 135 135 135 135 135 135 135 135 135 135 135 135
221 220 218 217 216 214 213 211 210 208 206 205 203 201 199 197 195 195 195 195 195 195 195 195 195 195 195 195 195 195 195 195 195 195 195 195 195 195 195 195 135 135 135 135 135 135 135 135 135 135 135 135 135 135 135 135 135 135 135 135 135 135 135 135 135 135 135 135 135 135 135 135 135 135 135 135 135 135 135 135 135 135 135 135 135 135 135 135 135 135 135 135 135 135
222 221 220 218 217 215 214 213 211 209 208 206 204 202 201 199 197 195 195 195 195 195 195 195 195 195 195 195 195 195 195 195 195 195 195 195 195 195 195 195 195 135 135 135 135 135 135 135 135 135 135 135 135 135 135 135 135 135 135 135 135 135 135 135 135 135 135 135 135 135 135 135 135 135 135 135 135 135 135 135 135 135 135 135 135 135 135 135 135 135 135 135 135 135
223 222 221 220 218 217 215 214 212 211 209 207 206 204 202 200 198 196 195 195 195 195 195 195 195 195 195 195 195 195 195 195 195 195 195 195 195 195 195 195 195 135 135 135 135 135 135 135 135 135 135 135 135 135 135 135 135 135 135 135 135 135 135 135 135 135 135 135 135 135 135 135 135 135 135 135 135 135 135 135 135 135 135 135 135 135 135 135 135 135 135 135 135 135
225 223 222 221 219 218 217 215 214 212 210 209 207 205 204 202 200 198 196 195 195 195 195 195 195 195 195 195 195 195 195 195 195 195 195 195 195 195 195 195 195 195 135 135 135 135 135 135 135 135 135 135 135 135 135 135 135 135 135 135 135 135 135 135 135 135 135 135 135 135 135 135 135 135 135 135 135 135 135 135 135 135 135 135 135 135 135 135 135 135 135 135 135 135
226 225 223 222 221 219 218 216 215 213 212 210 208 207 205 203 201 199 197 195 195 195 195 195 195 195 195 195 195 195 195 195 195 195 195 195 195 195 195 195 195 195 135 135 135 135 135 135 135 135 135 135 135 135 135 135 135 135 135 135 135 135 135 135 135 135 135 135 135 135 135 135 135 135 135 135 135 135 135 135 135 135 135 135 135 135 135 135 135 135 135 135 135 135
227 226 225 223 222 221 219 218 216 215 213 211 210 208 206 204 203 201 199 197 195 195 195 195 195 195 195 195 195 195 195 195 195 195 195 195 195 195 195 195 195 195 195 135 135 135 135 135 135 135 135 135 135 135 135 135 135 135 135 135 135 135 135 135 135 135 135 135 135 135 135 135 135 135 135 135 135 135 135 135 135 135 135 135 135 135 135 135 135 135 135 135 135 135
228 227 226 224 223 222 220 219 217 216 214 213 211 209 208 206 204 202 200 198 196 195 195 195 195 195 195 195 195 195 195 195 195 195 195 195 195 195 195 195 195 195 195 135 135 135 135 135 135 135 135 135 135 135 135 135 135 135 135 135 135 135 135 135 135 135 135 135 135 135 135 135 135 135 135 135 135 135 135 135 135 135 135 135 135 135 135 135 135 135 135 135 135 135
229 228 227 226 224 223 222 220 219 217 216 214 212 211 209 207 205 204 202 200 197 195 195 195 195 195 195 195 195 195 195 195 195 195 195 195 195 195 195 195 195 195 195 195 135 135 135 135 135 135 135 135 135 135 135 135 135 135 135 135 135 135 135 135 135 135 135 135 135 135 135 135 135 135 135 135 135 135 135 135 135 135 135 135 135 135 135 135 135 135 135 135 135 135
231 229 228 227 226 224 223 221 220 219 217 215 214 212 210 209 207 205 203 201 199 197 195 195 195 195 195 195 195 195 195 195 195 195 195 195 195 195 195 195 195 195 195 195 135 135 135 135 135 135 135 135 135 135 135 135 135 135 135 135 135 135 135 135 135 135 135 135 135 135 135 135 135 135 135 135 135 135 135 135 135 135 135 135 135 135 135 135 135 135 135 135 135 135
232 231 229 228 227 225 224 223 221 220 218 217 215 213 212 210 208 206 204 202 200 198 196 195 195 195 195 195 195 195 195 195 195 195 195 195 195 195 195 195 195 195 195 195 195 135 135 135 135 135 135 135 135 135 135 135 135 135 135 135 135 135 135 135 135 135 135 135 135 135 135 135 135 135 135 135 135 135 135 135 135 135 135 135 135 135 135 135 135 135 135 135 135 135
233 232 230 229 228 227 225 224 222 221 219 218 216 215 213 211 209 208 206 204 202 200 198 195 195 195 195 195 195 195 195 195 195 195 195 195 195 195 195 195 195 195 195 195 195 135 135 135 135 135 135 135 135 135 135 135 135 135 135 135 135 135 135 135 135 135 135 135 135 135 135 135 135 135 135 135 135 135 135 135 135 135 135 135 135 135 135 135 135 135 135 135 135 135
234 233 232 230 229 228 226 225 224 222 221 219 218 216 214 213 211 209 207 205 203 201 199 197 195 195 195 195 195 195 195 195 195 195 195 195 195 195 195 195 195 195 195 195 195 195 135 135 135 135 135 135 135 135 135 135 135 135 135 135 135 135 135 135 135 135 135 135 135 135 135 135 135 135 135 135 135 135 135 135 135 135 135 135 135 135 135 135 135 135 135 135 135 135
235 234 233 231 230 229 228 226 225 223 222 220 219 217 216 214 212 210 208 207 205 203 200 198 196 195 195 195 195 195 195 195 195 195 195 195 195 195 195 195 195 195 195 195 195 195 135 135 135 135 135 135 135 135 135 135 135 135 135 135 135 135 135 135 135 135 135 135 135 135 135 135 135 135 135 135 135 135 135 135 135 135 135 135 135 135 135 135 135 135 135 135 135 135
236 235 234 233 231 230 229 227 226 225 223 222 220 218 217 215 213 212 210 208 206 204 202 200 198 195 195 195 195 195 195 195 195 195 195 195 195 195 195 195 195 195 195 195 195 195 195 135 135 135 135 135 135 135 135 135 135 135 135 135 135 135 135 135 135 135 135 135 135 135 135 135 135 135 135 135 135 135 135 135 135 135 135 135 135 135 135 135 135 135 135 135 135 135
237 236 235 234 232 231 230 228 227 226 224 223 221 220 218 216 215 213 211 209 207 205 203 201 199 197 195 195 195 195 195 195 195 195 195 195 195 195 195 195 195 195 195 195 195 195 195 135 135 135 135 135 135 135 135 135 135 135 135 135 135 135 135 135 135 135 135 135 135 135 135 135 135 135 135 135 135 135 135 135 135 135 135 135 135 135 135 135 135 135 135 135 135 135
238 237 236 235 234 232 231 230 228 227 225 224 222 221 219 218 216 214 212 210 209 207 205 203 200 198 196 195 195 195 195 195 195 195 195 195 195 195 195 195 195 195 195 195 195 195 195 195 135 135 135 135 135 135 135 135 135 135 135 135 135 135 135 135 135 135 135 135 135 135 135 135 135 135 135 135 135 135 135 135 135 135 135 135 135 135 135 135 135 135 135 135 135 135
239 238 237 236 235 233 232 231 229 228 227 225 224 222 220 219 217 215 214 212 210 208 206 204 202 200 197 195 195 195 195 195 195 195 195 195 195 195 195 195 195 195 195 195 195 195 195 195 135 135 135 135 135 135 135 135 135 135 135 135 135 135 135 135 135 135 135 135 135 135 135 135 135 135 135 135 135 135 135 135 135 135 135 135 135 135 135 135 135 135 135 135 135 135
240 239 238 237 236 234 233 232 230 229 228 226 225 223 222 220 218 217 215 213 211 209 207 205 203 201 199 196 195 195 195 195 195 195 195 195 195 195 195 195 195 195 195 195 195 195 195 195 195 135 135 135 135 135 135 135 135 135 135 135 135 135 135 135 135 135 135 135 135 135 135 135 135 135 135 135 135 135 135 135 135 135 135 135 135 135 135 135 135 135 135 135 135 135
240 240 239 238 237 236 234 233 232 230 229 227 226 224 223 221 220 218 216 214 212 211 209 207 204 202 200 198 196 195 195 195 195 195 195 195 195 195 195 195 195 195 195 195 195 195 195 195 195 135 135 135 135 135 135 135 135 135 135 135 135 135 135 135 135 135 135 135 135 135 135 135 135 135 135 135 135 135 135 135 135 135 135 135 135 135 135 135 135 135 135 135 135 135
241 240 239 238 237 236 235 234 233 231 230 228 227 225 224 222 221 219 217 216 214 212 210 208 206 204 202 199 197 195 195 195 195 195 195 195 195 195 195 195 195 195 195 195 195 195 195 195 195 195 135 135 135 135 135 135 135 135 135 135 135 135 135 135 135 135 135 135 135 135 135 135 135 135 135 135 135 135 135 135 135 135 135 135 135 135 135 135 135 135 135 135 135 135
242 241 240 239 238 237 235 234 233 231 230 230 228 227 225 223 222 220 218 217 215 213 211 209 207 205 203 201 198 196 195 195 195 195 195 195 195 195 195 195 195 195 195 195 195 195 195 195 195 195 135 135 135 135 135 135 135 135 135 135 135 135 135 135 135 135 135 135 135 135 135 135 135 135 135 135 135 135 135 135 135 135 135 135 135 135 135 135 135 135 135 135 135 135
243 242 241 240 239 238 236 235 234 232 231 230 228 227 225 224 222 221 220 218 216 214 212 210 208 206 204 202 200 197 195 195 195 195 195 195 195 195 195 195 195 195 195 195 195 195 195 195 195 195 195 135 135 135 135 135 135 135 135 135 135 135 135 135 135 135 135 135 135 135 135 135 135 135 135 135 135 135 135 135 135 135 135 135 135 135 135 135 135 135 135 135 135 135
244 243 242 241 240 239 237 236 235 234 232 231 229 228 226 225 223 222 220 218 216 214 213 211 209 207 206 203 201 199 196 195 195 195 195 195 195 195 195 195 195 195 195 195 195 195 195 195 195 195 195 135 135 135 135 135 135 135 135 135 135 135 135 135 135 135 135 135 135 135 135 135 135 135 135 135 135 135 135 135 135 135 135 135 135 135 135 135 135 135 135 135 135 135
245 244 243 242 241 240 238 237 236 235 233 232 230 229 227 226 224 223 221 219 218 216 214 212 210 208 206 204 201 199 197 194 194 194 194 194 194 194 194 194 194 194 194 194 194 194 195 194 194 194 194 194 135 135 135 135 135 135 135 135 135 135 135 135 135 135 135 135 135 135 135 135 135 135 135 135 135 135 135 135 135 135 135 135 135 135 135 135 135 135 135 135 135 135
246 245 244 243 242 241 239 238 237 236 234 233 231 230 229 227 225 224 222 220 219 217 215 213 211 209 207 205 203 200 198 196 194 194 194 194 194 194 194 194 194 194 194 194 194 194 194 194 194 194 194 194 135 135 135 135 135 135 135 135 135 135 135 135 135 135 135 135 135 135 135 135 135 135 135 135 135 135 135 135 135 135 135 135 135 135 135 135 135 135 135 135 135 135
247 246 245 244 243 242 240 239 238 237 235 234 233 231 230 228 226 225 223 222 220 218 216 214 212 210 208 206 204 202 199 197 195 194 194 194 194 194 194 194 194 194 194 194 194 194 194 194 194 194 194 194 194 135 135 135 135 135 135 135 135 135 135 135 135 135 135 135 135 135 135 135 135 135 135 135 135 135 135 135 135 135 135 135 135 135 135 135 135 135 135 135 135 135
248 247 246 245 244 243 241 240 239 238 236 235 234 232 231 229 228 226 224 223 221 219 217 216 214 212 210 207 205 203 201 198 196 194 194 194 194 194 194 194 194 194 194 194 194 194 194 194 194 194 194 194 194 135 135 135 135 135 135 135 135 135 135 135 135 135 135 135 135 135 135 135 135 135 135 135 135 135 135 135 135 135 135 135 135 135 135 135 135 135 135 135 135 135
249 248 247 246 245 244 242 241 240 239 237 236 235 233 232 230 229 227 225 224 222 220 219 217 215 213 211 209 207 204 202 200 197 195 194 194 194 194 194 194 194 194 194 194 194 194 194 194 194 194 194 194 194 135 135 135 135 135 135 135 135 135 135 135 135 135 135 135 135 135 135 135 135 135 135 135 135 135 135 135 135 135 135 135 135 135 135 135 135 135 135 135 135 135
250 249 248 247 246 245 243 242 241 240 238 237 236 234 233 231 230 228 227 225 223 221 220 218 216 214 212 210 208 206 203 201 199 196 194 194 194 194 194 194 194 194 194 194 194 194 194 194 194 194 194 194 194 194 135 135 135 135 135 135 135 135 135 135 135 135 135 135 135 135 135 135 135 135 135 135 135 135 135 135 135 135 135 135 135 135 135 135 135 135 135 135 135 135
251 250 249 248 247 246 244 243 242 241 239 238 237 235 234 232 231 229 228 226 224 223 221 219 217 215 213 211 209 207 205 202 200 198 195 194 194 194 194 194 194 194 194 194 194 194 194 194 194 194 194 194 194 194 135 135 135 135 135 135 135 135 135 135 135 135 135 135 135 135 135 135 135 135 135 135 135 135 135 135 135 135 135 135 135 135 135 135 135 135 135 135 135 135
252 251 250 249 248 247 245 244 243 242 240 239 238 236 235 233 232 230 229 227 225 224 222 220 218 216 214 212 210 208 206 204 201 199 196 194 194 194 194 194 194 194 194 194 194 194 194 194 194 194 194 194 194 194 194 135 135 135 135 135 135 135 135 135 135 135 135 135 135 135 135 135 135 135 135 135 135 135 135 135 135 135 135 135 135 135 135 135 135 135 135 135 135 135
253 252 251 250 249 247 246 245 244 243 241 240 239 237 236 234 233 231 230 228 226 225 223 221 219 217 216 214 211 209 207 205 203 200 198 195 194 194 194 194 194 194 194 194 194 194 194 194 194 194 194 194 194 194 194 135 135 135 135 135 135 135 135 135 135 135 135 135 135 135 135 135 135 135 135 135 135 135 135 135 135 135 135 135 135 135 135 135 135 135 135 135 135 135
254 253 252 251 250 248 247 246 245 244 242 241 240 238 237 235 234 232 231 229 228 226 224 222 220 219 217 215 213 211 208 206 204 202 199 197 194 194 194 194 194 194 194 194 194 194 194 194 194 194 194 194 194 194 194 194 135 135 135 135 135 135 135 135 135 135 135 135 135 135 135 135 135 135 135 135 135 135 135 135 135 135 135 135 135 135 135 135 135 135 135 135 135 135
255 254 253 252 250 249 248 247 246 244 243 242 241 239 238 236 235 233 232 230 229 227 225 223 222 220 218 216 214 212 210 207 205 203 200 198 195 194 194 194 194 194 194 194 194 194 194 194 194 194 194 194 194 194 194 194 135 135 135 135 135 135 135 135 135 135 135 135 135 135 135 135 135 135 135 135 135 135 135 135 135 135 135 135 135 135 135 135 135 135 135 135 135 135
256 255 253 252 251 250 249 248 247 245 244 243 242 240 239 237 236 234 233 231 230 228 226 224 223 221 219 217 215 213 211 209 206 204 202 199 197 194 194 194 194 194 194 194 194 194 194 194 194 194 194 194 194 194 194 194 135 135 135 135 135 135 135 135 135 135 135 135 135 135 135 135 135 135 135 135 135 135 135 135 135 135 135 135 135 135 135 135 135 135 135 135 135 135
256 255 254 253 252 251 250 249 248 246 245 244 242 241 240 238 237 235 234 232 231 229 227 226 224 222 220 218 216 214 212 210 208 205 203 201 198 195 194 194 194 194 194 194 194 194 194 194 194 194 194 194 194 194 194 194 194 135 135 135 135 135 135 135 135 135 135 135 135 135 135 135 135 135 135 135 135 135 135 135 135 135 135 135 135 135 135 135 135 135 135 135 135 135
257 256 255 254 253 252 251 250 248 247 246 245 243 242 241 239 238 236 235 233 232 230 228 227 225 223 221 219 217 215 213 211 209 207 204 202 199 197 194 194 194 194 194 194 194 194 194 194 194 194 194 194 194 194 194 194 194 135 135 135 135 135 135 135 135 135 135 135 135 135 135 135 135 135 135 135 135 135 135 135 135 135 135 135 135 135 135 135 135 135 135 135 135 135
258 257 256 255 254 253 252 251 249 248 247 246 244 243 242 240 239 237 236 234 233 231 229 228 226 224 222 220 218 216 214 212 210 208 205 203 201 198 195 194 194 194 194 194 194 194 194 194 194 194 194 194 194 194 194 194 194 194 135 135 135 135 135 135 135 135 135 135 135 135 135 135 135 135 135 135 135 135 135 135 135 135 135 135 135 135 135 135 135 135 135 135 135 135
259 258 257 256 255 254 253 251 250 249 248 247 245 244 243 241 240 238 237 235 234 232 230 229 227 225 223 221 219 217 215 213 211 209 207 204 202 199 197 194 194 194 194 194 194 194 194 194 194 194 194 194 194 194 194 194 194 194 135 135 135 135 135 135 135 135 135 135 135 135 135 135 135 135 135 135 135 135 135 135 135 135 135 135 135 135 135 135 135 135 135 135 135 135
260 259 258 257 256 255 254 252 251 250 249 247 246 245 243 242 241 239 238 236 235 233 231 230 228 226 224 222 221 219 217 214 212 210 208 205 203 201 198 195 194 194 194 194 194 194 194 194 194 194 194 194 194 194 194 194 194 194 135 135 135 135 135 135 135 135 135 135 135 135 135 135 135 135 135 135 135 135 135 135 135 135 135 135 135 135 135 135 135 135 135 135 135 135
