testData/tiles/oneDegreeCosts/grid41.0-35.0-42.0-36.0.asc
ncols   200
nrows   200
xllcorner   41.0
yllcorner   35.0
cellsize   0.005
NODATA_value   -9999.0
[rows 0 to 41 of 200, columns 94 to 187 of 200]
605 606 607 608 608 610 611 612 613 614 615 565 566 566 568 568 569 570 571 572 572 572 573 574 574 574 574 575 576 576 577 577 576 577 577 577 577 577 578 578 578 578 578 578 578 578 578 578 578 578 578 578 578 578 578 577 578 577 577 576 576 575 576 575 575 573 572 572 571 570 571 570 569 568 567 566 565 565 564 563 562 561 560 558 557 556 555 554 553 551 550 549 547 546
603 605 607 607 608 610 610 611 611 613 614 565 565 566 567 568 568 569 570 570 571 572 572 573 574 574 574 574 575 575 576 576 576 577 577 578 578 578 579 579 579 578 578 578 579 579 579 578 578 578 579 578 578 578 577 577 577 577 576 575 574 574 574 574 573 573 572 571 571 570 570 569 569 568 567 566 565 565 564 563 561 560 559 558 557 557 556 554 553 552 551 549 547 545
604 605 606 607 608 610 611 611 612 612 614 565 565 566 568 568 569 569 570 571 571 571 572 573 573 574 574 575 576 576 576 576 576 577 577 577 577 577 578 578 578 579 579 579 579 579 579 579 579 578 579 579 578 577 577 577 577 576 576 575 575 574 574 574 574 573 572 572 571 570 571 570 569 568 567 566 565 564 564 563 562 561 560 559 557 556 555 554 553 551 550 549 546 545
604 605 607 607 608 609 610 612 612 613 614 565 565 566 567 568 568 570 570 571 572 572 572 573 574 574 574 574 575 576 577 577 577 578 578 578 578 578 578 579 579 578 578 578 579 579 578 578 578 578 578 578 578 578 577 577 576 577 576 576 575 575 574 575 574 574 573 572 572 571 571 569 568 568 567 566 564 563 563 562 561 560 559 558 557 556 556 554 553 551 549 548 547 545
604 605 607 608 608 609 611 611 612 612 615 615 566 566 568 568 569 569 569 571 572 572 573 574 574 574 575 575 576 576 576 576 576 577 578 578 578 577 577 578 578 578 578 578 578 578 578 578 578 578 578 578 577 577 577 576 576 576 576 575 575 574 574 574 574 573 572 571 570 570 570 569 568 567 566 565 565 564 564 563 562 561 560 558 557 555 555 554 552 551 550 548 547 545
603 604 605 606 608 608 610 611 611 612 613 614 566 566 567 568 568 569 569 570 571 571 571 571 574 574 574 574 574 575 576 576 576 576 577 577 577 577 577 578 578 578 578 578 578 579 579 578 578 578 578 578 578 578 577 577 576 577 576 576 575 574 573 573 573 572 572 571 570 570 569 569 568 568 567 566 565 564 564 563 562 560 559 558 557 556 554 553 552 551 549 548 546 545
603 604 606 607 607 608 610 611 612 612 614 614 566 566 566 567 569 569 569 571 571 571 572 572 573 573 574 574 574 576 576 576 576 576 577 577 577 577 577 578 578 578 578 578 578 578 578 578 578 577 577 579 578 578 578 577 576 576 576 575 575 574 574 573 574 573 572 572 571 570 569 570 569 568 567 566 564 562 562 562 561 559 558 557 556 555 554 554 552 551 550 548 547 545
603 605 606 607 608 608 610 611 611 612 614 615 566 566 566 568 568 569 569 570 572 572 572 572 574 574 574 574 574 575 576 576 576 576 577 578 578 578 578 579 579 578 578 578 578 579 579 578 578 577 577 577 577 577 576 576 576 576 575 575 574 574 573 573 573 572 572 571 570 570 569 569 568 567 566 565 564 563 562 562 561 560 559 558 557 555 554 554 553 551 549 548 545 544
603 604 606 607 608 609 611 611 612 612 613 614 615 566 567 568 569 569 569 571 571 571 572 572 573 574 574 575 575 576 576 576 576 576 577 577 577 577 577 577 577 577 578 578 577 578 578 578 578 577 577 578 577 577 577 576 576 576 576 575 575 574 574 573 574 573 572 572 571 569 568 568 568 567 566 565 564 563 562 562 561 560 559 558 557 555 554 552 551 550 548 547 546 544
603 604 605 607 608 608 609 612 612 613 613 615 615 566 566 568 568 569 570 570 571 572 572 572 574 574 574 574 574 574 576 576 576 576 576 577 577 577 577 577 578 577 577 577 577 577 578 577 577 577 577 577 577 577 577 577 576 576 576 576 575 575 574 574 572 572 572 571 570 570 569 568 568 567 566 565 564 563 562 562 561 560 559 557 555 554 553 552 551 550 549 547 546 544
602 604 605 606 607 608 608 610 611 611 613 614 615 566 566 567 568 568 568 569 570 571 572 572 572 573 573 574 574 574 575 575 575 575 575 576 577 577 577 577 578 578 578 578 577 577 578 578 578 577 577 577 577 577 577 576 576 575 575 574 574 573 573 572 572 572 571 570 570 569 568 568 568 567 566 565 564 563 562 560 560 559 558 557 556 555 553 552 552 551 549 547 545 544
603 603 604 606 608 608 609 611 611 612 612 614 614 566 566 567 568 568 569 569 570 571 571 571 572 573 574 574 574 574 576 576 576 576 576 577 577 577 577 577 578 578 578 578 578 578 579 578 578 578 577 576 577 576 576 576 575 575 575 575 574 574 573 573 572 572 572 571 570 569 569 568 568 567 566 565 564 563 562 561 561 560 558 556 555 554 553 552 551 550 549 547 545 543
603 604 605 606 607 608 608 611 612 612 613 614 615 566 566 566 568 568 569 570 571 571 572 572 572 573 573 574 574 574 575 576 576 576 576 577 577 577 577 577 577 578 578 578 577 577 577 577 577 576 576 576 576 576 576 575 575 574 574 574 574 574 574 573 572 573 571 570 570 569 568 566 566 566 565 564 563 562 561 560 560 559 558 557 556 554 553 552 551 549 548 546 545 544
603 603 605 607 608 608 609 610 611 612 612 614 615 616 566 567 568 568 569 569 570 571 572 572 572 574 574 574 574 574 575 576 575 575 575 576 576 576 577 577 576 577 577 577 577 577 577 577 577 577 576 576 576 576 576 576 575 575 574 575 574 574 573 572 572 571 571 570 569 568 568 567 566 566 565 564 563 562 561 560 559 559 558 557 556 554 553 551 550 549 547 546 544 543
602 603 604 604 606 608 608 609 610 611 612 612 614 614 566 566 567 568 568 569 569 570 570 571 571 572 572 574 574 574 575 575 575 575 575 575 576 576 576 576 576 577 577 577 577 577 577 578 577 577 577 577 576 577 576 576 576 575 575 575 574 573 572 572 571 571 571 570 570 569 568 567 566 567 566 565 564 563 562 561 559 558 557 556 554 553 552 551 549 549 548 546 545 543
602 603 604 605 606 607 608 608 611 611 612 613 614 615 566 566 567 567 568 569 569 571 571 571 571 572 573 573 573 573 573 575 575 576 576 576 577 577 577 577 576 577 577 577 577 577 577 577 577 577 576 576 576 576 575 574 574 574 573 573 573 572 572 571 571 570 570 570 569 568 567 567 566 565 565 564 563 561 560 559 558 558 557 556 555 554 552 551 550 548 548 547 545 544
602 603 603 605 607 607 608 609 610 611 611 612 615 615 566 566 566 568 568 568 569 570 570 571 572 572 573 573 574 574 574 575 575 575 575 575 576 576 576 576 576 577 578 577 577 577 577 577 576 576 576 575 575 576 575 575 574 574 574 573 573 573 572 572 571 570 570 570 569 569 568 567 566 565 565 564 563 562 561 560 559 558 557 556 555 554 552 550 549 548 546 545 543 542
602 603 604 605 606 607 609 609 611 611 612 612 614 614 615 566 567 568 569 569 569 571 571 571 571 572 573 573 573 574 574 575 576 576 576 576 577 576 576 576 576 576 576 576 576 576 576 576 576 576 575 575 575 575 576 575 575 574 574 573 574 573 573 572 572 571 570 571 569 568 567 566 566 565 564 563 562 561 560 559 558 557 557 556 554 553 552 550 548 547 547 545 544 542
601 602 603 604 606 606 607 608 609 610 611 612 612 614 614 566 566 567 567 567 568 569 570 571 571 571 572 572 573 573 573 574 574 574 574 574 575 576 576 576 576 576 577 576 576 576 576 576 576 576 576 575 575 575 575 575 574 574 573 573 573 573 571 571 570 569 569 569 568 567 567 566 565 564 564 563 562 561 560 559 558 557 557 555 554 553 551 550 549 547 546 544 543 541
600 602 603 603 605 607 607 608 609 610 611 611 612 613 615 566 566 567 567 568 568 568 570 570 570 570 572 573 573 573 573 573 574 574 574 575 575 575 575 575 575 575 576 576 576 576 576 576 577 576 576 576 575 575 576 575 574 573 573 572 572 572 572 571 570 570 569 569 569 568 567 566 565 565 564 564 563 562 561 559 558 557 555 554 553 552 551 549 548 547 545 545 543 542
601 602 603 604 604 606 607 607 609 611 611 612 612 614 614 566 566 566 568 568 569 569 570 570 571 571 571 572 572 573 573 573 575 575 575 575 575 576 576 576 576 576 575 576 576 576 576 575 576 575 575 574 574 574 574 574 573 573 572 572 572 572 571 570 570 569 568 568 568 567 567 566 565 564 562 562 561 560 559 558 557 556 555 555 554 552 551 550 548 547 546 545 543 541
600 602 603 604 605 607 607 608 608 610 611 612 613 614 615 566 566 566 567 568 568 568 570 571 571 571 572 573 573 573 573 573 574 574 574 574 574 575 575 575 576 575 575 576 576 575 575 575 575 575 575 575 574 574 574 574 574 573 573 572 572 572 571 571 570 570 569 568 568 568 566 565 564 563 562 563 562 561 560 559 557 556 555 555 554 553 551 549 547 545 544 542 542 540
599 601 602 604 604 606 608 608 609 610 611 612 612 613 614 615 566 566 568 568 568 569 569 570 571 571 570 571 571 572 573 573 574 574 574 574 574 574 575 575 575 575 575 575 575 575 575 575 575 575 574 574 574 574 574 575 574 574 573 573 572 571 572 571 571 569 568 568 568 567 566 565 565 564 562 561 561 560 559 558 557 556 555 553 553 551 550 548 547 546 544 543 542 541
600 600 602 603 604 605 606 607 607 608 610 611 612 612 613 614 566 566 566 567 567 568 568 570 570 570 570 571 572 572 572 572 572 573 573 573 574 574 575 575 575 575 575 576 575 575 575 575 575 575 575 575 574 574 573 574 573 573 573 571 570 570 570 570 569 568 568 567 566 566 566 565 564 563 562 561 561 560 559 558 557 555 554 553 553 551 550 549 547 546 544 542 540 540
599 600 602 602 604 605 606 607 608 608 610 610 611 611 614 614 566 566 567 567 567 568 568 569 569 570 571 571 572 572 572 573 573 574 574 574 574 574 575 575 574 574 574 574 575 575 575 575 575 575 575 575 574 573 573 572 573 572 572 571 571 570 571 570 569 569 568 567 567 567 566 565 564 564 563 562 561 560 559 558 557 554 553 552 552 551 549 548 547 545 544 542 541 540
599 600 602 603 603 604 606 606 608 609 610 611 611 612 613 614 566 566 566 567 568 568 568 570 570 570 570 570 572 572 572 572 572 574 574 574 574 574 575 575 575 575 575 574 574 574 574 574 573 573 574 573 573 573 572 572 572 572 571 571 570 570 569 569 569 568 567 567 566 566 565 565 563 562 561 560 559 559 558 557 556 555 554 552 551 551 550 548 547 546 543 542 540 539
599 600 602 603 604 605 606 607 608 608 610 610 612 612 613 614 566 566 566 567 567 567 568 568 570 570 571 571 572 572 572 572 572 572 573 573 573 573 573 573 573 573 574 574 575 574 574 574 574 573 574 574 573 573 573 572 573 572 572 571 571 570 570 570 569 569 568 566 565 565 565 564 563 562 561 560 559 559 558 557 556 555 554 553 552 550 548 547 545 544 542 541 539 538
613 600 601 602 602 603 606 606 607 607 609 610 610 611 611 613 613 566 566 566 567 567 567 567 569 569 569 569 569 571 572 572 572 572 573 573 573 573 573 574 574 574 573 573 573 574 574 573 573 573 574 573 573 572 572 572 571 572 571 571 570 569 569 569 569 568 566 566 565 564 564 563 562 562 561 560 559 558 558 557 556 554 552 551 550 549 548 547 545 544 543 541 540 538
613 600 600 602 603 603 604 606 606 607 608 610 611 611 612 613 613 566 566 566 566 566 568 568 569 569 569 570 570 571 571 571 571 571 572 572 572 572 573 574 574 574 574 574 573 574 574 574 574 573 573 574 573 573 572 571 571 571 571 570 569 569 569 569 568 567 567 566 565 564 565 564 563 562 561 560 559 558 557 556 555 554 553 551 550 549 549 547 546 543 542 540 539 537
613 614 600 601 602 604 604 606 607 607 608 609 610 610 611 613 614 566 566 566 566 567 567 567 568 569 569 569 570 571 572 572 572 572 573 573 573 573 573 573 574 573 573 573 573 574 573 572 572 572 572 573 573 572 572 571 571 571 571 570 570 569 569 568 568 568 567 566 566 565 564 564 563 562 560 559 557 556 556 555 554 553 552 551 549 548 548 546 545 544 542 541 539 537
613 614 615 602 602 603 604 605 606 608 608 610 610 611 611 612 613 566 566 566 567 567 567 568 568 569 569 569 570 571 571 571 571 571 571 572 573 572 572 572 573 573 573 572 572 573 573 573 572 572 572 572 572 572 571 571 570 570 570 570 569 569 568 567 568 567 566 566 565 563 562 562 562 561 560 559 558 557 556 556 555 553 552 551 550 548 547 547 545 544 542 540 538 537
612 612 613 616 602 602 603 605 605 606 607 608 609 610 611 611 613 566 566 566 566 566 566 566 566 567 569 569 569 569 570 570 570 571 571 572 572 572 572 572 572 572 572 572 572 572 573 573 573 572 572 572 572 572 572 571 571 570 571 570 570 569 568 567 566 566 566 565 564 563 563 562 562 561 560 559 558 557 556 556 555 553 551 550 549 548 546 546 545 543 542 540 538 537
612 613 614 614 616 602 602 603 606 606 607 608 609 610 610 611 612 566 566 566 566 566 566 566 567 568 568 568 568 569 570 570 570 571 571 572 572 572 572 572 572 573 572 572 572 572 573 572 572 572 571 571 572 571 571 571 570 569 569 569 568 567 567 566 566 566 565 564 564 563 562 561 561 560 559 558 557 556 555 555 554 553 552 551 549 548 547 545 545 543 542 540 539 537
611 612 614 615 616 617 603 603 605 606 606 607 609 610 610 611 612 613 566 566 566 566 566 566 567 568 568 569 569 569 570 570 570 570 570 571 571 571 571 571 571 572 572 573 572 572 573 573 572 572 571 571 571 571 570 570 569 569 568 569 568 568 567 566 566 566 565 565 564 563 562 561 562 561 560 559 558 557 556 555 554 553 552 551 549 547 546 544 544 543 541 540 538 536
612 612 613 614 616 616 603 604 605 606 607 607 609 609 610 610 611 613 566 566 566 566 566 566 566 567 568 568 568 568 568 571 571 571 571 571 572 572 572 572 571 571 571 571 571 571 571 571 571 571 570 570 570 570 570 569 569 568 568 568 568 567 566 566 565 565 565 564 563 562 562 561 560 560 559 558 557 556 555 554 554 553 551 550 549 547 546 545 544 543 541 540 538 536
609 612 613 614 616 617 618 604 605 605 606 608 608 610 610 611 611 612 566 566 566 566 566 567 567 567 567 567 568 568 568 569 569 569 569 569 570 570 570 570 570 572 572 571 571 571 571 572 571 571 571 570 570 570 570 570 569 569 568 569 568 567 567 566 566 565 565 564 564 563 562 561 560 560 559 558 557 556 555 554 553 553 552 550 549 548 545 544 543 542 540 539 537 536
760 612 612 613 613 615 617 618 605 605 605 606 606 608 609 609 610 612 566 566 566 566 566 566 566 566 567 567 567 567 568 569 569 569 569 569 570 570 570 570 570 570 571 571 571 570 570 571 571 570 570 570 570 570 569 569 569 568 567 567 567 567 567 567 566 564 564 564 563 562 561 560 560 560 559 558 557 556 554 553 552 552 551 550 548 547 546 544 543 542 541 539 537 536
760 762 763 764 765 615 616 617 618 605 606 606 607 608 609 609 610 611 566 566 566 566 566 566 566 566 566 567 567 567 568 568 569 569 569 569 569 570 570 571 571 570 571 571 571 571 570 570 571 571 570 570 570 569 570 569 569 568 568 567 568 567 567 566 565 564 564 564 563 562 562 561 560 559 559 558 557 556 555 554 553 552 551 550 549 547 546 544 542 540 540 538 537 535
760 762 763 763 764 767 768 768 618 619 606 606 606 608 608 610 610 611 566 566 566 566 566 566 566 566 566 567 567 568 568 568 569 569 569 569 569 570 570 570 570 570 571 571 570 570 570 570 570 570 570 569 569 569 570 570 569 569 568 568 568 567 567 566 566 565 564 564 564 563 562 561 560 558 558 557 556 555 554 553 552 551 550 549 548 546 545 544 542 541 540 538 537 535
760 761 763 764 764 765 767 768 768 770 756 757 607 607 609 609 609 610 611 566 566 566 566 566 566 566 566 567 567 567 567 567 568 569 569 569 569 571 570 570 570 570 570 571 571 570 570 570 571 570 570 570 569 569 569 569 569 568 568 567 567 567 566 566 565 564 564 564 563 562 561 560 559 558 557 557 556 555 554 553 552 551 551 549 548 547 545 544 542 541 538 538 536 534
759 760 762 763 765 765 767 768 768 769 771 757 757 757 760 609 610 610 612 566 566 566 566 566 566 566 566 566 567 568 568 568 568 569 569 569 569 569 570 570 570 570 570 570 570 570 570 569 569 570 570 570 570 569 569 569 569 568 568 567 567 567 566 566 565 564 564 563 563 562 561 561 560 559 558 558 556 555 554 552 551 550 549 549 547 546 544 543 542 540 538 538 536 534
760 761 762 763 764 765 766 767 768 769 771 772 757 758 759 760 760 761 610 566 566 566 566 566 566 566 566 566 567 567 567 567 567 568 568 568 569 569 570 570 570 570 570 571 570 570 570 570 569 570 570 569 569 569 568 569 568 568 567 567 566 566 566 565 564 564 563 562 562 562 561 560 559 558 557 557 556 555 554 553 552 550 549 549 547 546 545 543 542 540 539 536 535 534
