testData/tiles/oneDegreeCosts/grid22.0-28.0-23.0-29.0.asc
ncols   200
nrows   200
xllcorner   22.0
yllcorner   28.0
cellsize   0.005
NODATA_value   -9999.0
[rows 0 to 41 of 200, columns 94 to 187 of 200]
559 558 559 558 560 559 560 559 560 559 560 559 561 560 561 560 561 560 508 507 507 507 507 508 507 508 507 508 507 506 507 506 507 506 506 506 505 505 506 506 505 505 505 504 505 549 548 549 548 548 547 547 547 546 545 546 545 545 544 543 544 543 542 542 541 540 540 538 538 538 537 537 536 535 535 534 533 532 531 660 660 659 658 657 655 654 653 653 651 650 649 592 590 589
558 558 558 558 559 558 559 559 560 559 560 559 560 559 559 559 559 560 506 507 506 507 506 507 506 506 506 506 507 506 506 506 506 506 505 505 505 505 504 504 504 503 504 503 502 548 547 547 547 546 546 545 546 545 544 544 543 543 543 542 542 541 540 541 540 539 539 538 537 537 536 535 535 534 533 533 532 531 530 529 658 658 656 655 655 654 652 652 651 648 648 646 645 644
557 557 558 558 558 558 558 558 558 558 559 559 558 559 558 559 558 506 505 507 506 506 506 506 506 505 506 505 505 505 505 505 504 505 505 505 504 505 504 503 504 503 503 503 502 547 547 547 546 545 546 545 544 544 544 544 543 542 542 542 541 541 540 540 539 538 539 538 537 537 536 535 534 533 532 532 531 530 530 528 527 657 656 655 654 653 651 651 649 648 647 646 644 643
556 556 556 557 556 558 557 558 557 558 557 558 557 558 558 558 505 505 505 505 505 504 505 504 505 505 505 505 505 505 504 504 504 504 503 504 503 502 503 502 503 503 502 502 502 502 546 546 546 545 545 545 544 544 543 543 543 542 542 541 540 541 540 539 538 537 536 536 535 535 534 533 533 532 531 531 530 529 529 528 527 526 654 653 653 652 650 649 649 647 646 645 643 641
555 556 556 556 556 556 556 556 557 557 557 557 557 557 557 557 504 505 505 504 504 504 504 504 504 504 504 503 503 504 504 504 503 504 503 502 503 502 503 502 501 502 501 501 500 501 545 544 545 544 543 543 543 543 542 541 541 541 540 540 539 539 538 538 538 537 536 536 535 534 534 533 532 532 531 530 529 528 527 526 525 524 524 653 651 651 650 648 647 646 644 644 642 640
554 555 554 556 556 556 556 556 556 556 556 557 556 557 556 503 503 503 503 503 503 504 504 503 504 503 503 503 503 503 502 503 502 501 502 502 503 502 502 502 501 501 501 501 500 499 545 544 544 544 543 543 542 541 542 541 541 540 539 540 539 538 538 537 537 536 535 536 535 534 533 532 531 531 530 528 528 527 526 526 525 524 523 522 650 650 648 647 647 645 644 642 641 640
554 555 554 555 554 555 555 556 555 556 555 555 555 555 555 503 503 503 503 502 503 502 503 502 502 503 502 503 502 503 502 501 502 501 502 501 501 501 500 500 500 500 499 499 499 498 544 544 543 543 542 543 542 541 541 541 540 540 539 538 537 537 537 536 535 535 534 533 533 532 532 531 530 530 529 528 528 527 526 526 523 522 522 521 519 648 648 646 645 644 642 640 640 638
553 552 554 553 554 554 554 554 554 555 555 554 555 554 502 501 502 501 503 502 503 502 501 502 501 502 501 502 501 500 501 501 502 501 501 501 500 500 500 500 499 500 499 498 499 498 543 542 542 542 541 540 541 540 540 539 538 539 538 537 537 536 536 535 535 535 534 533 533 532 531 531 530 529 528 527 526 525 524 523 523 522 520 520 519 518 647 645 643 643 641 640 639 637
553 552 553 552 553 553 554 553 554 553 554 553 554 501 502 501 502 501 500 501 500 501 501 502 501 501 501 500 501 500 500 500 500 500 499 499 499 499 499 500 499 498 499 498 498 497 542 542 541 542 541 540 540 539 539 539 538 538 537 537 537 536 535 535 534 533 533 531 531 530 529 529 528 527 527 526 525 525 524 523 522 521 520 519 517 516 516 644 643 641 641 639 637 636
551 552 552 552 552 552 552 552 553 553 553 553 553 500 499 500 500 501 500 501 500 500 500 500 500 499 500 500 500 500 500 500 499 499 499 499 498 499 498 497 498 497 497 497 496 496 495 541 540 539 539 539 539 538 537 537 537 536 536 535 535 534 534 534 533 532 532 531 530 530 529 528 528 527 526 526 525 523 522 521 520 520 518 517 517 516 514 514 642 640 639 638 636 635
550 551 550 552 551 552 551 552 551 552 551 553 499 500 499 500 499 499 499 499 500 500 500 499 499 499 499 499 499 498 498 498 498 499 498 499 498 497 498 497 497 497 496 496 496 496 495 539 540 539 539 538 538 538 537 537 536 535 536 535 534 534 533 532 532 531 531 531 530 530 529 528 527 525 524 524 523 522 522 521 519 519 518 517 516 514 513 512 511 639 639 637 635 633
550 550 550 550 550 550 551 551 551 551 551 551 498 498 499 499 499 499 499 498 498 498 498 498 499 499 499 498 498 498 498 498 497 498 497 496 497 496 496 496 496 495 495 496 495 495 495 539 539 539 539 538 537 537 537 536 536 535 535 534 534 534 532 531 531 530 529 529 528 527 527 526 526 525 524 524 523 522 521 520 519 518 516 515 514 513 512 511 510 509 637 635 634 632
549 549 550 550 550 550 550 550 550 551 551 498 498 498 498 497 497 497 498 498 498 498 498 497 498 497 497 497 496 497 497 498 497 496 497 496 496 496 496 495 495 495 494 495 494 493 493 538 538 537 536 537 536 536 535 534 535 534 533 533 532 531 531 530 531 530 529 529 528 527 527 526 525 525 523 521 521 520 519 519 517 516 516 515 513 513 511 509 508 507 505 635 633 631
548 548 548 548 548 549 549 549 549 549 496 496 497 497 497 497 497 497 497 496 497 496 498 497 497 497 496 497 496 497 496 495 496 495 495 495 495 495 495 495 494 495 494 493 494 493 493 537 537 537 536 536 535 535 535 534 533 533 533 533 532 531 531 530 529 529 528 527 526 525 525 524 523 523 522 521 521 520 518 518 517 516 515 513 512 511 510 508 507 506 505 503 632 629
547 548 548 548 548 548 548 548 549 549 496 496 496 495 496 495 497 496 497 496 496 496 495 496 495 496 495 496 496 495 496 495 495 495 495 494 494 494 493 494 493 492 493 492 492 491 491 491 535 535 535 534 534 533 533 533 532 532 531 530 530 530 530 529 528 528 527 526 526 525 524 524 523 522 522 520 519 519 517 516 515 514 513 513 511 510 509 508 506 505 503 501 500 629
547 546 547 547 548 547 548 547 548 494 495 495 496 495 495 495 495 495 494 495 495 496 495 496 495 495 495 494 495 494 494 494 494 494 494 494 493 494 493 493 493 492 492 492 492 491 490 491 535 535 534 534 534 533 532 532 531 532 531 530 530 529 528 528 527 526 526 525 525 524 523 523 521 520 520 519 518 518 516 515 515 514 512 512 511 508 508 506 505 504 502 500 499 498
546 546 546 546 546 546 547 547 494 494 494 494 493 494 494 495 494 495 494 495 494 494 494 493 495 494 494 494 494 494 494 493 493 493 492 493 492 492 492 491 491 491 492 491 491 491 490 490 535 534 534 533 533 533 532 532 531 530 530 529 530 529 528 527 526 525 525 524 523 523 522 521 521 520 519 518 517 516 516 515 513 512 511 509 509 508 506 505 504 502 502 499 497 496
544 545 545 546 545 546 545 546 492 494 493 494 493 494 493 494 493 493 494 493 494 493 494 493 493 493 493 493 492 492 493 493 492 493 492 492 492 491 491 491 491 490 490 490 489 489 489 488 533 532 533 532 531 531 530 530 530 529 529 528 527 527 526 525 526 525 525 524 523 523 521 520 520 519 518 517 516 515 514 513 512 512 510 509 508 507 505 504 502 501 500 498 496 494
544 545 544 545 544 546 545 493 492 492 492 492 492 492 493 492 493 492 493 492 492 492 493 493 493 492 492 492 492 492 491 492 491 490 491 490 490 491 491 490 490 490 489 490 489 488 488 488 488 532 531 531 531 531 530 529 529 528 528 528 527 527 526 525 525 524 523 523 521 520 520 519 518 518 517 515 515 514 513 513 511 510 510 507 506 505 504 502 502 500 498 497 494 492
543 543 544 543 544 543 544 490 492 491 492 491 492 491 492 491 492 492 492 492 492 492 491 491 491 491 491 492 491 492 491 490 491 490 490 490 490 489 489 489 488 489 488 487 487 487 487 486 485 531 530 530 529 528 529 528 528 527 526 526 525 524 525 524 523 523 522 522 521 520 520 518 517 517 516 515 515 514 511 511 510 508 508 507 505 505 503 502 501 498 496 496 494 491
542 542 542 542 543 543 490 490 490 490 490 491 491 491 491 491 491 491 490 490 491 491 491 491 490 491 490 491 490 489 490 489 489 489 490 489 489 489 488 489 488 487 488 487 487 486 486 486 485 530 530 529 529 528 528 527 527 527 526 525 525 524 524 523 522 522 521 520 520 519 518 517 516 515 515 513 512 512 511 510 509 508 506 506 505 502 501 500 498 497 496 494 493 491
541 542 542 542 542 489 489 490 490 490 489 490 489 489 489 490 490 490 490 490 490 490 489 490 489 490 490 489 490 489 489 489 489 488 488 488 487 488 487 486 487 486 486 486 487 486 485 485 485 529 529 528 529 528 527 527 526 526 525 524 525 523 522 522 521 520 520 519 519 518 517 517 515 514 514 513 512 512 510 509 508 506 505 504 503 501 501 499 497 497 494 492 490 489
540 540 540 541 541 488 488 488 488 488 489 489 489 489 489 489 489 489 488 490 489 489 489 488 489 488 489 488 488 488 487 488 488 488 487 488 487 486 487 486 486 486 486 485 484 485 484 484 483 483 528 527 526 526 525 526 525 524 524 523 522 522 521 521 520 519 519 518 517 517 516 515 515 514 512 511 510 509 509 507 506 506 504 503 502 501 498 497 496 494 493 491 489 488
540 540 540 540 487 487 488 488 488 488 488 488 487 488 488 488 488 488 488 487 488 487 488 488 489 488 488 488 487 487 487 487 486 487 486 485 486 485 485 486 486 485 485 485 484 484 484 483 483 482 527 527 526 526 525 524 524 523 524 523 522 522 521 520 520 519 517 517 516 516 515 514 513 512 511 511 510 508 508 507 505 505 503 501 501 499 497 497 495 493 492 489 487 485
538 538 539 486 486 486 486 486 486 487 487 487 487 487 487 486 487 487 488 487 488 487 487 487 486 487 486 486 486 487 486 487 486 485 486 485 485 485 484 484 484 484 483 483 483 482 482 481 482 481 525 525 524 524 524 523 523 522 521 521 520 520 519 518 518 517 516 516 515 514 514 513 512 512 511 509 508 507 506 505 504 502 502 501 499 498 497 495 493 491 489 488 486 484
538 538 538 485 485 486 486 485 486 485 486 485 486 486 487 486 487 486 485 486 485 486 486 486 486 486 486 486 485 485 485 484 485 484 484 484 484 484 484 484 483 484 483 482 482 482 482 481 480 480 525 525 524 523 523 522 522 522 521 521 520 519 519 518 517 517 516 515 515 513 513 512 510 510 509 508 508 506 505 505 503 502 501 499 497 497 495 493 492 491 489 486 484 482
536 536 484 484 485 484 485 484 485 485 485 485 485 485 484 485 485 486 485 486 485 485 485 485 485 484 484 485 485 484 485 484 484 484 483 483 483 483 482 483 482 481 481 481 481 480 479 480 479 479 479 523 524 523 522 521 520 520 519 518 518 517 517 517 516 516 515 513 513 512 511 511 510 509 509 507 506 506 503 502 502 500 499 498 497 495 494 493 491 489 487 485 483 481
535 483 482 483 483 484 483 484 483 484 483 484 484 485 484 485 484 484 484 484 485 484 484 484 484 484 484 483 484 483 482 483 482 483 483 483 482 482 482 481 482 481 481 480 480 480 479 479 478 478 478 522 522 521 520 521 520 519 519 518 518 517 516 516 515 514 514 513 512 512 511 511 508 507 507 506 504 504 503 501 501 500 498 498 496 493 493 491 489 487 486 484 481 479
534 483 482 483 482 483 482 484 483 484 483 483 483 482 483 483 484 483 484 483 483 483 483 483 483 483 484 483 482 483 482 482 482 482 481 481 481 480 481 480 480 479 479 480 479 479 479 478 478 477 477 522 521 521 520 519 519 518 518 517 517 517 515 514 514 513 513 511 510 510 509 508 508 507 505 505 504 503 502 501 498 498 496 495 494 493 491 490 488 486 484 482 479 478
481 480 481 480 482 481 482 481 482 481 482 482 483 482 482 482 482 482 482 483 483 482 482 482 482 482 481 482 481 481 481 482 481 481 481 480 481 480 479 480 479 479 478 479 478 477 477 476 477 476 475 520 519 519 519 518 518 517 516 516 515 515 514 513 513 512 511 511 510 509 509 507 506 506 504 504 502 501 501 499 498 497 496 494 494 492 489 487 486 484 482 481 478 475
481 480 481 480 481 480 481 481 481 481 481 481 481 481 482 482 481 481 481 481 481 481 480 481 481 482 481 481 481 480 480 480 480 479 480 479 478 479 478 479 478 479 478 477 477 477 477 476 475 475 475 475 519 518 518 517 516 516 516 516 515 514 514 513 512 512 510 509 508 507 507 506 505 505 503 502 502 500 499 499 497 495 494 492 491 490 488 486 485 483 481 479 476 473
478 479 478 480 479 480 479 480 479 480 480 481 480 480 480 480 480 480 481 481 480 481 480 481 480 479 480 479 479 480 480 479 480 479 478 479 478 478 478 477 477 476 477 476 476 475 474 475 474 474 473 472 517 517 516 516 515 515 514 513 513 512 512 511 510 510 509 508 508 507 506 505 504 503 503 501 499 499 497 496 495 494 492 492 490 488 487 484 482 481 479 477 475 472
478 478 478 478 478 478 479 479 479 479 479 479 479 480 480 480 479 480 479 479 479 478 479 479 480 479 479 479 479 478 478 478 477 478 477 477 477 477 477 476 477 476 476 475 475 475 474 474 473 473 473 472 517 516 515 515 515 514 514 513 513 512 511 511 510 509 509 507 505 505 504 504 503 501 501 500 499 498 497 495 495 493 491 490 488 486 486 484 482 480 478 475 472 469
477 476 477 477 478 477 478 477 478 478 478 478 478 478 478 478 478 478 479 478 479 478 478 478 478 478 477 477 478 478 477 478 477 477 477 476 476 475 476 475 474 475 474 474 473 473 473 472 472 471 471 471 470 515 514 513 513 512 512 511 510 510 509 508 508 507 507 506 505 505 504 502 502 501 500 499 498 496 495 494 492 492 490 488 487 486 484 483 480 477 476 473 470 468
476 476 476 476 476 476 477 477 477 477 477 477 477 477 478 477 478 477 478 477 476 477 477 478 477 477 477 477 476 477 476 475 476 475 475 476 476 475 474 475 474 474 473 473 473 472 472 471 472 471 470 470 469 513 513 513 513 512 511 511 510 509 509 508 508 507 506 505 504 503 502 501 500 499 498 497 496 495 494 493 491 491 489 486 486 484 482 480 479 476 474 472 468 464
474 475 475 476 475 475 475 475 475 476 476 476 476 476 476 476 475 477 476 477 476 476 476 476 476 476 475 476 476 475 476 475 475 475 474 474 473 474 473 473 473 472 472 471 471 471 470 470 470 470 470 469 469 513 513 512 511 510 509 509 508 507 507 506 505 505 504 503 503 502 501 500 499 499 497 496 496 494 492 491 490 488 487 486 484 483 481 479 477 474 472 470 466 463
474 474 474 474 474 475 475 475 475 475 474 475 475 476 475 476 475 475 475 475 475 475 475 475 475 475 475 474 475 474 474 474 473 474 474 474 473 473 473 472 472 471 472 471 470 470 469 470 469 468 468 467 467 511 511 511 510 510 509 508 508 507 506 506 505 505 503 502 502 501 500 500 497 496 496 494 493 493 491 490 489 487 486 485 482 480 479 477 475 473 470 467 465 460
472 472 473 473 473 473 473 473 474 474 474 474 474 473 474 473 475 474 475 474 474 474 474 473 474 473 474 474 473 474 473 473 473 473 472 471 472 471 471 470 471 470 469 469 470 470 469 468 468 468 468 467 466 466 510 510 509 508 508 507 506 505 504 504 503 502 502 501 500 499 498 497 497 495 494 494 492 492 490 488 487 486 484 483 481 479 478 476 473 470 468 465 461 458
472 472 472 472 472 473 473 472 473 472 473 472 474 473 474 473 473 473 473 473 473 473 473 473 472 473 472 473 472 472 472 471 472 471 472 471 471 471 470 470 469 470 469 469 468 467 468 467 467 466 465 465 464 465 509 508 508 507 506 506 505 505 504 503 503 502 500 500 499 499 498 496 496 494 492 492 491 489 489 487 485 485 483 481 480 477 475 474 471 469 467 463 459 454
470 470 471 471 471 471 471 471 472 472 471 472 471 472 471 472 472 472 472 472 472 472 471 472 471 472 472 471 472 471 471 470 471 470 470 470 469 469 468 469 468 467 468 468 468 467 467 466 465 466 465 465 464 463 508 507 506 506 505 505 504 503 503 501 500 500 499 499 498 496 496 495 494 493 492 490 490 489 487 486 484 482 481 479 477 476 474 472 470 466 463 461 456 450
470 470 469 470 469 471 470 471 470 471 470 471 471 471 471 471 471 471 470 471 471 471 471 470 471 470 470 470 470 469 470 470 469 470 469 469 469 469 468 467 468 467 467 466 465 466 465 465 464 464 463 462 463 462 461 506 505 505 504 503 503 502 502 501 500 499 498 497 497 496 495 494 493 492 490 489 488 487 485 485 483 481 480 478 476 474 472 470 467 465 462 458 454 445
468 468 469 469 469 469 469 468 470 469 470 469 470 469 470 470 470 470 470 470 470 469 470 469 469 470 469 469 469 469 468 469 468 468 468 467 467 466 467 466 467 466 466 466 465 465 464 463 464 463 463 462 461 461 460 505 504 503 503 502 502 501 500 500 499 497 497 496 494 494 493 493 491 490 490 488 487 486 485 483 481 479 478 477 475 472 471 468 466 464 459 455 450 439
