testData/tiles/oneDegreeCosts/grid39.0-47.0-40.0-48.0.asc
ncols   200
nrows   200
xllcorner   39.0
yllcorner   47.0
cellsize   0.005
NODATA_value   -9999.0
[rows 42 to 83 of 200, columns 94 to 187 of 200]
612 612 611 757 756 754 753 751 748 746 742 742 742 743 744 746 747 749 750 752 644 645 647 648 649 651 652 653 654 656 758 759 760 761 762 763 764 765 766 767 768 769 770 771 772 773 774 775 776 777 777 778 779 780 780 781 782 783 783 784 785 785 786 787 787 788 789 789 790 790 791 791 792 793 793 794 794 794 795 767 768 768 769 857 886 887 887 888 888 888 889 889 889 890
614 614 613 613 758 757 754 752 751 743 742 742 742 743 745 746 748 749 751 752 645 646 647 649 650 651 652 654 655 757 758 759 761 762 763 764 765 766 767 768 769 770 771 772 773 774 774 775 776 777 778 779 779 780 781 782 782 783 784 785 785 786 787 787 788 788 789 790 790 791 791 792 792 793 793 794 794 795 768 768 768 769 857 886 887 887 888 888 888 889 889 889 890 890
615 615 615 614 614 758 756 755 747 745 742 742 742 744 745 747 748 750 751 753 645 646 648 649 650 652 653 654 655 758 759 760 761 762 763 764 765 766 767 768 769 770 771 772 773 774 775 776 777 777 778 779 780 781 781 782 783 784 784 785 786 786 787 788 788 789 789 790 791 791 792 792 793 793 794 794 795 795 768 768 769 886 886 887 887 888 888 888 889 889 889 890 890 890
617 617 617 616 615 615 759 751 749 747 743 742 743 744 746 747 749 750 752 753 755 647 648 650 651 652 653 655 757 758 759 760 761 763 764 765 766 767 768 769 770 771 772 773 773 774 775 776 777 778 779 779 780 781 782 782 783 784 785 785 786 787 787 788 789 789 790 790 791 792 792 793 793 794 794 795 795 768 768 769 886 886 887 887 888 888 888 889 889 889 890 890 890 891
619 619 619 617 616 615 615 753 751 748 746 743 743 745 746 748 749 751 752 754 755 647 649 650 651 653 654 756 757 758 760 761 762 763 764 765 766 767 768 769 770 771 772 773 774 775 776 776 777 778 779 780 781 781 782 783 784 784 785 786 786 787 788 788 789 790 790 791 791 792 792 793 794 794 795 795 796 768 797 798 886 887 887 888 888 888 889 889 889 890 890 890 891 891
621 620 620 619 618 615 615 754 753 750 748 744 744 745 747 748 750 751 753 754 756 648 649 651 652 653 654 757 758 759 760 761 762 763 764 766 767 768 769 770 771 772 772 773 774 775 776 777 778 779 779 780 781 782 783 783 784 785 785 786 787 787 788 789 789 790 791 791 792 792 793 793 794 794 795 795 795 797 798 886 887 887 888 888 888 889 889 889 890 890 890 891 891 891
623 622 622 621 615 615 615 615 755 752 749 747 744 746 747 749 750 752 753 755 756 648 650 651 652 654 756 757 758 759 761 762 763 764 765 766 767 768 769 770 771 772 773 774 775 776 776 777 778 779 780 781 781 782 783 784 784 785 786 786 787 788 788 789 790 790 791 792 792 793 793 794 794 795 795 825 797 798 886 887 887 887 888 888 889 889 889 890 890 890 891 891 891 892
624 623 623 617 616 615 615 615 615 754 752 748 745 746 748 749 751 752 754 755 757 649 650 651 653 755 756 757 759 760 761 762 763 764 765 766 767 768 769 770 771 772 773 774 775 776 777 778 779 779 780 781 782 783 783 784 785 785 786 787 788 788 789 789 790 791 791 792 792 793 794 794 795 795 825 798 798 886 887 887 887 888 888 889 889 889 890 890 891 891 891 891 892 892
626 625 620 619 618 617 615 615 615 615 753 750 746 747 748 750 751 753 754 756 757 758 651 652 653 755 757 758 759 760 761 763 764 765 766 767 768 769 770 771 772 773 774 775 776 776 777 778 779 780 781 781 782 783 784 784 785 786 787 787 788 789 789 790 790 791 792 792 793 793 794 794 824 825 825 798 886 886 887 887 888 888 889 889 889 890 890 891 891 891 892 892 892 892
627 622 621 620 620 619 617 616 615 615 755 752 749 747 749 750 752 753 755 756 757 759 651 652 755 756 757 758 760 761 762 763 764 765 766 767 768 769 770 771 772 773 774 775 776 777 778 779 779 780 781 782 783 783 784 785 786 786 787 788 788 789 790 790 791 791 792 793 793 794 794 824 824 825 825 886 886 887 887 888 888 889 889 889 890 890 891 891 891 892 892 892 893 893
623 623 623 622 622 621 618 617 615 615 615 754 750 748 749 751 752 754 755 757 758 759 652 653 755 756 758 759 760 761 762 763 764 766 767 768 769 770 771 772 773 774 775 775 776 777 778 779 780 781 781 782 783 784 784 785 786 787 787 788 789 789 790 791 791 792 792 793 794 823 824 824 825 825 825 886 887 887 888 888 889 889 889 890 890 891 891 891 892 892 892 893 893 893
625 625 625 623 623 622 620 619 617 615 615 615 752 748 750 751 753 754 756 757 758 760 652 754 756 757 758 759 760 762 763 764 765 766 767 768 769 770 771 772 773 774 775 776 777 778 778 779 780 781 782 783 783 784 785 786 786 787 788 788 789 790 790 791 792 792 793 793 823 824 824 825 825 825 886 887 887 888 888 888 889 889 890 890 890 891 891 892 892 892 893 893 893 894
626 626 626 625 625 624 622 620 619 617 615 615 615 750 750 752 753 755 756 758 759 760 652 755 756 757 758 760 761 762 763 764 765 766 767 769 770 771 772 773 773 774 775 776 777 778 779 780 781 781 782 783 784 784 785 786 787 787 788 789 789 790 791 791 792 793 822 823 823 824 824 825 825 886 886 887 887 888 888 889 889 890 890 890 891 891 892 892 892 893 893 893 894 894
628 628 628 627 626 625 624 622 620 618 616 615 615 615 751 752 754 755 757 758 759 761 863 755 756 758 759 760 761 762 764 765 766 767 768 769 770 771 772 773 774 775 776 777 778 778 779 780 781 782 783 783 784 785 786 786 787 788 788 789 790 790 791 792 792 822 823 823 824 824 825 825 886 886 887 887 888 888 889 889 890 890 890 891 891 892 892 892 893 893 893 894 894 894
629 629 629 628 628 627 625 623 622 620 617 615 615 615 615 753 754 756 757 758 760 862 863 756 757 758 759 761 762 763 764 765 766 767 768 769 770 771 772 773 774 775 776 777 778 779 780 781 781 782 783 784 785 785 786 787 787 788 789 790 790 791 791 792 822 822 823 823 824 825 825 826 886 887 887 888 888 889 889 890 890 890 891 891 892 892 892 893 893 893 894 894 894 895
631 631 631 630 629 628 627 625 623 621 619 616 615 615 615 753 755 756 758 759 760 863 864 756 757 759 760 761 762 763 764 766 767 768 769 770 771 772 773 774 775 776 777 777 778 779 780 781 782 783 783 784 785 786 786 787 788 789 789 790 791 791 821 821 822 823 823 824 824 825 826 886 887 887 888 888 889 889 889 890 890 891 891 892 892 892 893 893 893 894 894 894 895 895
633 632 632 631 631 630 629 626 625 623 620 618 615 615 615 615 755 757 758 759 862 863 864 757 758 759 760 761 763 764 765 766 767 768 769 770 771 772 773 774 775 776 777 778 779 780 780 781 782 783 784 784 785 786 787 787 788 789 790 790 791 821 821 822 822 823 824 824 825 825 914 886 887 887 888 888 889 889 890 890 891 891 891 892 892 893 893 893 894 894 894 895 895 895
634 634 634 633 633 631 630 629 626 624 622 619 617 615 615 615 615 757 758 760 862 863 865 757 758 759 761 762 763 764 765 766 767 769 770 771 772 773 774 775 775 776 777 778 779 780 781 782 782 783 784 785 786 786 787 788 789 789 790 791 820 821 822 822 823 823 824 825 825 914 887 887 887 888 888 889 889 890 890 891 891 891 892 892 893 893 893 894 894 894 895 895 895 896
636 636 635 634 634 633 632 630 628 626 624 621 618 615 615 615 615 615 759 861 863 864 865 866 759 760 761 762 763 765 766 767 768 769 770 771 772 773 774 775 776 777 778 779 779 780 781 782 783 784 784 785 786 787 787 788 789 790 819 820 821 821 822 823 823 824 824 825 825 886 887 887 888 888 889 889 890 890 890 891 891 892 892 893 893 893 894 894 894 895 895 895 896 896
637 637 636 636 635 634 633 632 629 628 626 622 620 616 615 615 615 615 615 862 863 864 866 867 759 760 762 763 764 765 766 767 768 769 770 771 772 773 774 775 776 777 778 779 780 781 782 782 783 784 785 786 786 787 788 789 789 819 820 820 821 822 822 823 824 824 825 825 914 886 887 887 888 888 889 889 890 890 891 891 892 892 893 893 893 894 894 894 895 895 895 896 896 896
639 639 637 637 636 636 635 633 631 630 627 625 621 618 615 615 615 615 715 716 863 865 866 867 760 761 762 763 764 765 766 768 769 770 771 772 773 774 775 776 777 778 778 779 780 781 782 783 784 784 785 786 787 787 788 789 819 819 820 821 821 822 823 823 824 824 825 914 887 887 887 888 888 889 889 890 890 891 891 892 892 892 893 893 894 894 894 895 895 895 896 896 896 897
640 640 639 639 638 637 636 635 632 631 629 626 623 620 617 615 615 615 715 717 718 865 866 868 760 761 762 764 765 766 767 768 769 770 771 772 773 774 775 776 777 778 779 780 781 781 782 783 784 785 786 786 787 788 818 818 819 820 820 821 822 822 823 824 824 825 825 914 887 887 888 888 889 889 890 890 891 891 892 892 892 893 893 894 894 894 895 895 895 896 896 896 897 897
641 641 641 640 639 639 638 636 634 632 630 628 624 622 618 615 615 714 716 717 718 720 867 868 760 762 763 764 765 766 767 768 769 771 772 773 774 775 776 776 777 778 779 780 781 782 783 784 784 785 786 787 787 817 818 819 819 820 821 821 822 823 823 824 825 825 914 887 887 887 888 888 889 890 890 890 891 891 892 892 893 893 894 894 894 895 895 895 896 896 896 897 897 897
642 642 642 642 641 639 639 637 635 634 632 629 627 623 620 616 713 715 716 717 719 720 867 869 761 762 763 764 765 767 768 769 770 771 772 773 774 775 776 777 778 779 780 781 781 782 783 784 785 786 786 787 817 818 818 819 820 820 821 822 822 823 824 824 825 914 914 887 887 888 888 889 889 890 890 891 891 892 892 893 893 893 894 894 895 895 895 896 896 896 897 897 897 898
634 644 644 643 642 641 641 638 637 635 633 631 628 625 621 617 714 715 717 718 719 720 722 869 870 762 764 765 766 767 768 769 770 771 772 773 774 775 776 777 778 779 780 781 782 783 783 784 785 786 816 816 817 818 819 819 820 821 821 822 823 823 824 825 825 914 887 887 888 888 889 889 890 890 891 891 892 892 893 893 893 894 894 895 895 895 896 896 896 897 897 897 898 898
635 645 645 645 644 642 641 640 638 637 634 632 629 626 622 720 715 716 717 718 720 721 722 723 871 763 764 765 766 767 769 770 771 772 773 774 775 776 777 778 779 779 780 781 782 783 784 785 785 815 816 817 818 818 819 820 820 821 822 822 823 824 824 825 914 887 887 887 888 888 889 890 890 891 891 891 892 892 893 893 894 894 895 895 895 896 896 896 897 897 897 898 898 898
637 647 647 645 645 644 642 641 640 638 636 633 631 627 625 721 718 716 717 719 720 721 723 724 725 763 764 766 767 768 769 770 771 772 773 774 775 776 777 778 779 780 781 782 782 783 784 785 815 816 816 817 818 819 819 820 821 821 822 823 823 824 825 913 914 887 887 888 888 889 889 890 890 891 891 892 892 893 893 894 894 894 895 895 896 896 896 897 897 897 898 898 898 899
638 638 648 647 647 645 644 643 641 640 637 635 632 629 727 724 719 716 718 719 720 722 723 724 725 725 765 766 767 768 769 770 771 772 774 775 776 776 777 778 779 780 781 782 783 784 785 814 815 816 817 818 818 819 820 820 821 822 823 823 824 824 825 914 887 887 887 888 889 889 890 890 891 891 892 892 893 893 894 894 894 895 895 896 896 896 897 897 897 898 898 898 899 899
640 640 649 648 648 647 645 644 643 641 639 636 634 631 729 725 721 717 718 720 721 722 723 725 726 725 725 766 767 769 770 771 772 773 774 775 776 777 778 779 780 781 781 782 783 813 814 815 816 816 817 818 819 819 820 821 822 822 823 824 824 825 913 914 887 887 888 888 889 889 890 891 891 892 892 892 893 893 894 894 895 895 896 896 896 897 897 897 898 898 898 899 899 899
640 640 650 650 650 648 647 646 644 643 640 638 635 734 730 727 722 718 719 720 721 723 724 725 726 725 725 725 768 769 770 771 772 773 774 775 776 777 778 779 780 781 782 783 813 813 814 815 816 817 817 818 819 820 820 821 822 823 823 824 825 825 914 887 887 888 888 889 889 890 890 891 891 892 892 893 893 894 894 895 895 895 896 896 897 897 897 898 898 898 899 899 899 900
642 642 642 651 650 650 648 647 646 644 642 639 637 735 732 728 724 720 719 720 722 723 724 725 727 728 725 725 725 769 770 772 773 774 775 776 777 778 779 779 780 781 782 812 813 814 815 815 816 817 818 819 819 820 821 821 822 823 824 824 825 913 887 887 887 888 888 889 890 890 891 891 892 892 893 893 894 894 894 895 895 896 896 897 897 897 898 898 898 899 899 899 900 900
643 643 643 653 652 651 650 648 647 645 643 641 739 737 733 729 726 721 720 721 722 723 725 726 727 728 725 725 725 725 771 772 773 774 775 776 777 778 779 780 781 782 812 812 813 814 815 816 817 817 818 819 820 820 821 822 823 823 824 825 913 914 887 887 888 888 889 889 890 890 891 892 892 893 893 893 894 894 895 895 896 896 896 897 897 898 898 898 899 899 899 900 900 900
645 645 645 654 653 653 651 650 649 646 645 642 741 738 734 731 727 723 720 721 723 724 725 726 727 729 725 725 725 725 725 772 773 774 775 776 777 778 779 780 810 811 812 813 814 815 815 816 817 818 819 819 820 821 821 822 823 824 824 825 914 887 887 887 888 889 889 890 890 891 891 892 892 893 893 894 894 895 895 896 896 896 897 897 898 898 898 899 899 899 900 900 900 900
646 646 646 646 654 653 653 651 650 648 646 745 742 739 736 732 729 724 720 722 723 724 725 727 728 729 725 725 725 725 725 725 774 775 776 777 778 779 780 810 811 811 812 813 814 815 816 817 817 818 819 820 820 821 822 823 823 824 825 913 887 887 887 888 888 889 889 890 891 891 892 892 893 893 894 894 895 895 895 896 896 897 897 897 898 898 899 899 899 900 900 900 900 901
647 648 646 646 656 655 654 653 651 649 647 746 743 741 737 735 730 726 722 722 723 725 726 727 728 729 725 725 725 725 725 725 725 775 776 777 778 779 809 810 811 812 813 814 814 815 816 817 818 818 819 820 821 821 822 823 824 824 825 914 887 887 887 888 889 889 890 890 891 891 892 892 893 893 894 894 895 895 896 896 897 897 897 898 898 899 899 899 900 900 900 901 901 901
648 648 648 648 648 656 655 654 652 650 750 747 745 742 739 736 731 728 723 722 724 725 726 727 729 730 725 725 725 725 725 725 725 725 777 777 778 808 809 810 811 812 813 814 815 816 816 817 818 819 820 820 821 822 822 823 824 825 913 887 887 887 888 888 889 890 890 891 891 892 892 893 893 894 894 895 895 896 896 897 897 897 898 898 898 899 899 900 900 900 901 901 901 901
650 650 649 649 648 657 656 655 653 652 751 749 746 744 740 738 734 729 725 723 724 725 727 728 729 730 731 725 725 725 725 725 725 725 725 778 808 809 810 811 812 812 813 814 815 816 817 818 818 819 820 821 821 822 823 824 824 825 914 887 887 887 888 889 889 890 890 891 892 892 893 893 894 894 895 895 896 896 896 897 897 898 898 898 899 899 900 900 900 901 901 901 901 902
651 651 651 651 649 659 658 656 655 754 753 750 748 745 742 739 735 731 726 723 725 726 727 728 729 731 732 725 725 725 725 725 725 725 725 725 808 809 810 811 812 813 814 815 815 816 817 818 819 819 820 821 822 822 823 824 825 913 886 887 887 888 888 889 890 890 891 891 892 892 893 893 894 894 895 895 896 896 897 897 898 898 898 899 899 899 900 900 901 901 901 901 902 902
653 653 652 651 651 651 659 658 656 756 753 752 749 747 743 740 737 732 728 724 725 726 727 729 730 731 732 725 725 725 725 725 725 725 725 725 725 810 810 811 812 813 814 815 816 817 817 818 819 820 821 821 822 823 823 824 825 886 886 887 888 888 889 889 890 891 891 892 892 893 893 894 894 895 895 896 896 897 897 897 898 898 899 899 899 900 900 900 901 901 901 902 902 902
653 653 653 652 652 651 660 659 658 757 755 753 751 748 744 742 738 733 730 724 725 727 728 729 730 731 732 725 725 725 725 725 725 725 725 725 725 725 811 812 813 814 814 815 816 817 818 819 819 820 821 822 822 823 824 825 913 886 887 887 888 888 889 890 890 891 891 892 893 893 894 894 895 895 896 896 896 897 897 898 898 899 899 899 900 900 900 901 901 901 902 902 902 903
655 654 654 654 654 652 652 660 760 759 756 755 752 749 746 743 740 736 731 726 726 727 728 729 731 732 733 725 725 725 725 725 725 725 725 725 725 725 725 812 813 814 815 816 816 817 818 819 820 820 821 822 823 823 824 825 886 886 887 888 888 889 889 890 891 891 892 892 893 893 894 894 895 895 896 896 897 897 898 898 898 899 899 900 900 900 901 901 901 902 902 902 903 903
656 656 656 655 654 654 652 662 761 759 757 756 753 751 747 745 741 737 733 728 726 727 729 730 731 732 733 725 725 725 725 725 725 725 725 725 725 725 725 725 813 814 815 816 817 818 818 819 820 821 822 822 823 824 824 885 886 887 887 888 888 889 890 890 891 891 892 893 893 894 894 895 895 896 896 897 897 898 898 898 899 899 900 900 900 901 901 901 902 902 902 903 903 903
