testData/tiles/oneDegreeCosts/grid25.0-47.0-26.0-48.0.asc
ncols   200
nrows   200
xllcorner   25.0
yllcorner   47.0
cellsize   0.005
NODATA_value   -9999.0
[rows 84 to 125 of 200, columns 94 to 187 of 200]
309 308 309 308 307 308 309 307 307 307 306 308 307 305 305 304 304 304 304 302 302 303 302 301 300 299 299 299 298 297 295 296 295 294 293 292 292 291 291 288 287 286 286 285 283 283 281 280 278 277 276 275 273 271 270 269 279 276 274 273 271 268 268 266 263 261 260 257 254 252 250 249 248 244 241 239 236 230 227 228 228 228 228 228 228 228 228 228 228 228 228 227 226 226
308 308 310 308 308 308 308 308 308 306 306 306 306 306 306 305 305 304 304 304 302 302 302 301 301 301 299 299 298 298 297 296 295 295 293 293 290 290 289 289 288 286 286 285 284 283 281 280 278 279 276 275 274 272 271 280 278 276 274 273 271 269 268 266 263 261 260 257 255 253 252 249 247 247 243 240 238 236 229 228 228 228 228 228 228 228 228 228 228 228 228 227 226 226
309 309 309 308 309 309 308 308 308 308 308 307 306 306 306 305 306 305 304 304 303 302 302 301 301 300 300 298 298 298 296 296 296 294 293 292 292 291 289 290 288 288 287 286 283 283 282 280 279 278 278 274 274 273 272 279 278 277 275 274 272 270 268 266 264 262 260 258 255 254 254 250 248 246 245 241 240 237 234 228 228 228 228 229 228 228 228 228 228 228 228 227 227 225
309 310 309 309 309 309 309 309 308 308 308 308 306 307 305 305 305 305 305 305 303 303 302 302 302 300 300 299 299 298 297 295 295 296 294 293 292 292 290 291 289 288 286 286 284 283 283 281 280 278 277 276 275 273 272 280 279 277 275 273 272 272 268 267 266 263 260 259 256 256 254 252 249 248 245 243 240 240 236 232 229 228 228 228 229 228 228 229 229 228 227 227 226 225
309 309 309 310 310 309 309 309 308 308 308 307 307 308 306 306 307 304 304 304 305 304 302 303 301 301 302 299 299 298 298 297 295 295 295 294 294 292 291 289 289 289 286 287 285 284 282 280 280 278 279 276 275 274 272 281 279 277 276 274 273 271 269 266 265 264 262 259 257 255 255 253 251 248 247 244 242 241 239 235 230 229 228 228 229 229 228 228 228 228 227 227 226 225
311 310 309 310 310 309 309 309 308 308 309 307 307 308 307 306 306 306 306 304 304 303 302 303 302 301 300 301 300 298 299 297 297 296 295 293 292 292 291 289 289 288 288 286 286 284 282 282 280 279 278 278 274 274 283 281 278 278 276 275 273 271 270 267 266 263 261 260 259 255 254 253 253 249 248 245 244 242 241 238 233 229 229 228 228 228 229 228 228 227 227 226 225 224
311 311 310 310 310 309 309 310 309 309 309 308 308 307 307 307 306 306 306 305 305 303 303 302 302 302 300 300 299 298 299 297 296 295 295 294 293 292 292 290 290 288 288 286 286 283 283 282 281 280 277 277 276 274 283 281 280 278 277 275 273 272 269 268 267 264 261 260 259 258 254 254 252 250 247 247 245 244 242 240 237 232 229 229 228 228 228 228 227 227 227 226 226 224
310 310 310 310 310 311 309 309 309 309 309 309 308 307 307 307 306 307 305 305 305 304 304 302 302 302 301 301 299 299 298 298 297 295 296 294 294 293 292 291 290 289 287 286 286 285 283 282 280 280 278 278 276 274 283 281 280 279 277 275 274 272 270 269 266 265 263 260 260 258 257 255 253 251 249 249 246 244 243 241 238 235 229 228 228 228 228 227 227 227 226 225 224 226
311 311 310 310 310 310 310 309 310 309 309 309 309 308 309 307 306 306 306 305 305 305 305 303 304 302 301 301 301 300 298 298 297 297 295 295 293 293 292 291 289 289 288 287 285 285 284 282 282 280 279 277 277 284 283 283 280 278 278 276 274 272 271 268 267 265 262 262 260 259 258 255 254 251 250 249 249 245 244 244 241 237 233 229 228 228 228 228 227 226 227 225 224 188
311 311 311 311 310 311 310 309 311 309 309 309 308 308 308 308 308 306 306 306 305 305 304 303 302 302 302 300 300 300 298 298 296 296 295 295 294 293 292 292 290 289 288 288 285 286 283 283 281 281 279 277 277 285 283 282 281 279 278 276 274 273 271 269 267 265 264 262 260 259 257 256 254 253 250 249 249 249 245 243 242 241 236 231 228 228 227 227 227 226 226 225 225 187
311 311 311 310 310 312 310 310 310 309 309 309 309 309 308 307 307 307 307 306 305 305 304 304 303 302 302 301 300 299 299 298 298 298 295 296 294 294 292 292 291 290 289 287 286 285 285 283 282 280 280 278 277 286 283 283 281 279 278 277 274 272 271 270 266 265 265 263 261 259 258 256 254 253 252 250 249 249 247 245 243 241 239 235 228 228 228 227 226 226 225 225 226 180
311 311 313 311 311 311 310 311 310 310 309 309 309 309 308 309 307 306 306 306 306 305 305 304 303 303 302 301 301 300 300 298 298 297 297 296 295 294 293 292 290 289 288 288 287 285 285 283 282 281 279 279 277 285 284 282 283 280 277 277 275 273 271 270 268 266 263 263 262 261 259 257 255 253 252 251 250 250 248 246 244 243 240 237 234 227 227 227 226 225 225 226 226 180
312 311 311 311 311 311 311 310 310 310 310 309 310 308 308 308 309 307 306 306 306 305 304 304 302 302 303 302 301 301 300 299 299 296 296 295 295 294 292 291 291 290 289 288 288 285 286 283 282 281 281 279 287 286 285 282 281 281 279 276 276 274 271 269 269 266 265 262 262 261 259 258 255 254 254 252 251 249 249 247 246 244 241 238 235 230 226 226 226 225 225 225 180 180
312 312 311 312 311 311 311 311 310 310 311 309 309 310 309 307 307 308 308 306 306 305 304 305 304 302 302 302 300 300 300 298 298 298 297 295 295 294 294 291 292 290 289 289 287 286 285 285 282 281 280 280 287 285 285 283 282 281 278 277 276 273 272 270 269 266 265 264 263 260 260 259 257 254 254 254 252 250 250 248 246 245 243 241 237 234 227 225 225 225 226 225 180 181
312 312 311 312 312 311 311 312 310 310 310 310 309 309 309 309 307 307 306 306 307 306 305 304 304 304 302 302 301 300 300 300 297 297 298 296 296 295 294 292 292 290 288 288 287 287 285 284 283 282 280 280 287 286 284 284 281 279 279 277 275 275 272 269 268 267 265 264 263 262 259 258 257 257 254 254 253 251 249 249 248 245 244 241 239 235 231 226 225 225 226 218 180 181
312 312 312 311 311 311 311 311 310 310 310 310 310 309 309 309 308 308 307 306 307 305 305 304 303 303 303 304 302 301 300 300 299 297 296 296 295 295 293 292 291 291 290 288 288 286 285 283 283 281 280 280 288 286 285 284 282 280 279 278 275 273 273 271 267 267 267 264 263 262 260 257 257 256 255 253 253 253 252 249 248 246 244 243 239 237 233 225 225 225 218 218 181 181
312 312 312 312 312 311 311 311 311 311 310 310 309 309 310 308 308 309 308 307 306 306 305 304 305 304 302 302 302 301 300 300 298 298 297 297 295 294 294 293 291 292 289 289 287 287 285 284 283 281 280 289 288 286 284 284 283 279 278 278 276 273 272 271 269 267 265 264 264 263 261 259 257 257 256 255 254 253 252 250 249 247 246 245 241 237 235 229 225 226 218 181 181 182
312 313 312 312 312 312 311 311 311 310 310 311 309 309 310 309 308 307 307 307 306 307 306 304 304 304 304 302 302 301 300 300 300 298 297 297 296 295 293 293 291 291 290 288 288 287 285 283 283 282 280 288 288 287 286 283 283 281 279 277 276 274 272 270 269 268 267 264 263 262 262 260 258 258 256 256 255 254 252 251 251 247 246 244 242 239 234 233 228 218 218 181 181 182
312 313 313 312 312 312 311 311 312 311 310 311 310 310 309 309 309 308 308 308 306 305 305 305 304 303 303 302 302 301 300 299 299 298 297 296 295 294 294 292 292 290 291 290 287 286 286 285 283 283 280 290 287 287 285 284 282 281 279 277 277 274 272 271 268 268 267 267 263 262 261 260 258 257 257 255 255 255 253 251 250 249 247 244 242 240 237 234 232 218 218 181 182 182
313 312 312 312 312 313 311 311 312 311 311 310 310 310 309 309 309 307 307 307 307 307 305 305 304 305 303 302 302 301 301 300 299 298 298 296 296 294 294 294 292 290 289 289 289 286 286 284 283 281 281 289 288 287 285 284 281 281 279 277 276 275 272 270 269 267 267 266 265 262 261 260 260 258 257 257 256 254 254 252 249 249 248 245 241 241 239 238 226 222 219 181 183 183
312 313 312 312 312 312 312 311 311 311 311 310 310 310 309 309 308 308 308 307 306 305 306 307 304 304 304 303 302 302 300 300 300 299 298 297 296 295 293 293 293 291 290 289 288 286 285 285 283 282 291 289 288 287 285 283 282 281 280 277 275 274 273 270 270 268 266 266 265 264 261 260 260 259 258 257 256 255 254 253 250 249 248 246 242 242 241 230 229 225 182 182 182 184
312 312 312 313 312 312 312 312 311 311 311 310 310 309 309 309 308 309 307 307 308 305 305 305 305 304 303 303 301 301 301 299 299 299 297 296 295 295 294 293 292 292 289 289 287 287 285 285 282 282 291 290 288 286 285 284 282 280 279 279 276 274 272 271 269 269 267 265 264 263 263 260 259 259 258 258 255 255 254 253 251 249 248 246 244 243 233 232 230 228 186 182 183 184
312 312 312 312 312 312 312 311 311 311 310 310 310 310 310 309 308 309 307 307 307 307 306 305 305 304 303 304 302 301 301 301 299 298 298 297 296 296 293 293 292 292 290 289 289 287 285 284 284 282 290 289 288 287 285 283 283 281 279 277 276 274 272 270 270 270 267 266 264 264 261 261 261 259 258 258 258 255 254 254 253 249 247 247 245 245 234 234 232 230 191 182 183 184
313 312 312 313 312 312 312 311 311 311 311 311 310 310 310 308 308 309 308 308 306 306 306 305 305 303 303 302 302 301 300 300 299 298 297 297 295 295 295 293 292 291 291 288 287 287 286 284 283 282 290 290 288 286 285 285 282 281 279 277 275 274 273 270 268 268 269 266 264 264 262 261 260 259 260 258 258 257 254 253 252 250 247 247 247 237 236 235 234 232 192 190 183 184
313 312 312 312 312 312 312 311 312 311 311 311 310 310 310 309 309 307 307 307 307 307 305 305 306 304 304 302 302 301 301 300 299 298 297 297 296 295 295 293 292 290 290 289 288 287 285 284 283 282 291 289 289 286 285 283 283 280 278 278 276 273 272 271 270 267 267 266 266 262 262 262 260 261 259 258 256 256 254 253 251 250 250 247 239 239 238 236 235 196 194 192 187 184
312 312 312 311 312 311 311 311 312 311 311 311 310 310 309 309 309 308 309 307 307 307 305 305 304 304 303 303 304 301 301 300 299 297 297 296 296 295 293 293 292 291 291 288 287 286 285 285 283 292 291 289 288 287 285 284 282 280 278 276 276 274 272 272 270 269 266 266 264 264 262 261 261 261 260 258 257 256 255 253 251 251 251 241 239 240 239 238 238 198 196 193 191 186
312 312 312 311 312 313 311 311 312 311 311 310 310 310 309 310 308 308 308 308 307 306 306 306 304 305 303 302 302 302 300 300 300 298 298 296 296 295 295 294 291 290 290 290 287 287 285 284 283 291 291 289 287 287 286 283 281 281 278 277 275 274 272 271 271 269 267 267 264 263 262 261 261 260 260 257 256 256 255 253 252 251 242 242 242 241 240 239 239 200 198 196 193 189
312 312 311 311 311 311 312 312 311 311 311 310 311 309 309 309 309 308 307 307 307 306 306 304 304 303 304 304 302 302 301 300 298 298 296 296 296 294 294 294 292 291 289 289 288 286 286 284 284 291 290 289 288 285 285 283 281 280 279 276 275 273 271 271 270 268 268 265 265 263 262 262 261 260 259 259 256 255 254 254 253 252 244 243 243 242 242 240 240 202 200 198 196 194
311 311 312 312 312 311 311 311 311 312 310 310 310 310 309 308 308 308 307 308 307 306 305 305 305 303 303 303 302 301 300 300 298 299 297 296 296 296 294 293 292 291 290 288 288 287 285 284 284 292 290 289 287 286 285 283 281 279 279 277 274 273 273 270 269 269 266 265 264 263 262 262 261 260 258 257 258 254 254 255 255 245 244 244 243 243 244 242 203 202 202 200 197 195
312 311 311 312 311 311 311 310 310 311 310 310 309 309 309 308 309 308 307 307 306 306 305 304 304 303 304 302 302 301 301 299 299 298 297 297 294 294 294 292 292 291 290 288 287 286 284 285 292 291 290 289 288 285 284 284 281 279 279 277 274 272 272 271 269 268 267 266 263 263 263 261 261 260 259 257 256 256 255 254 246 246 245 245 245 245 244 244 204 203 202 202 200 197
312 311 311 312 311 311 312 311 310 310 310 310 309 310 309 308 308 307 307 306 307 306 305 305 305 303 303 303 302 300 301 299 299 297 297 296 296 295 294 292 291 291 289 288 288 287 284 284 293 291 289 288 287 287 283 283 282 280 277 276 275 272 272 270 269 267 267 266 264 263 262 262 261 260 258 257 256 257 257 247 247 247 247 246 246 245 245 244 206 205 203 203 202 201
311 311 311 312 311 311 310 311 311 310 310 310 309 309 308 308 308 308 307 306 306 306 304 304 304 304 302 302 302 300 300 299 298 297 298 295 295 294 294 292 292 291 289 287 287 287 285 284 291 291 290 288 286 286 284 281 281 279 277 276 274 273 271 271 269 267 267 265 263 264 262 261 260 260 258 257 257 258 249 249 248 248 248 247 247 246 246 208 207 207 205 203 203 202
310 311 311 310 311 311 310 311 310 310 310 309 309 309 309 308 308 308 307 306 306 306 306 304 304 304 303 302 301 301 299 300 298 297 296 297 295 294 293 292 291 290 289 289 287 285 285 284 293 290 289 288 287 284 284 282 281 279 277 275 274 271 271 271 268 268 265 264 263 263 262 262 259 259 259 259 258 250 250 249 249 249 248 248 248 249 247 208 208 208 206 205 203 203
310 311 310 310 311 310 310 309 309 310 309 309 309 309 309 308 307 307 308 307 306 305 305 304 303 303 302 302 301 301 299 298 298 298 296 296 295 294 292 293 291 290 288 287 287 285 284 284 291 291 288 287 286 286 282 282 279 279 277 275 274 273 270 269 269 268 266 264 263 262 261 261 259 259 259 260 250 250 251 251 250 250 250 249 249 249 248 209 209 209 208 206 205 205
310 311 310 310 310 310 310 309 310 309 309 310 309 308 308 308 308 307 306 306 306 305 304 304 304 303 303 301 301 301 300 299 298 298 297 295 294 294 292 292 291 289 289 287 286 285 283 294 290 290 289 287 286 284 283 281 280 278 277 275 272 272 271 268 267 268 266 263 263 262 261 260 260 260 259 252 252 251 251 251 251 250 250 250 250 249 250 211 210 209 210 208 206 206
309 309 310 310 310 309 309 309 310 309 308 308 309 308 308 307 307 307 306 305 305 305 306 304 303 302 302 301 301 300 299 298 298 296 296 295 295 293 293 291 291 289 288 287 286 284 283 293 292 288 288 287 285 283 283 280 280 276 276 273 272 271 271 268 267 266 264 264 261 261 261 261 261 252 252 252 252 252 252 251 252 252 251 251 251 251 213 213 211 210 210 210 208 207
310 309 309 309 309 310 309 308 308 310 309 308 308 308 308 307 306 306 306 307 305 304 303 304 302 302 302 301 300 299 299 297 297 297 296 294 294 293 293 291 290 289 287 286 286 285 283 290 291 290 287 287 285 283 282 280 278 278 276 274 271 270 270 269 266 264 263 262 262 262 261 262 253 253 252 253 253 253 253 252 252 252 253 253 252 251 213 213 213 212 210 211 210 210
309 309 309 309 308 308 309 309 308 308 308 308 308 307 306 306 308 306 305 304 305 304 303 303 303 302 301 302 300 299 299 299 296 296 296 294 293 293 291 291 289 289 288 286 284 284 283 291 290 289 288 286 285 282 281 281 278 276 275 274 271 269 269 268 266 264 263 262 262 262 263 253 253 255 254 253 253 254 254 254 253 253 253 253 253 252 214 214 214 213 212 211 211 211
307 308 308 309 308 308 308 308 309 307 307 307 307 308 306 306 305 306 305 304 304 304 303 303 303 302 301 301 300 299 298 298 297 296 295 295 293 293 291 290 289 289 287 286 284 284 283 291 289 289 287 284 285 284 280 279 278 277 273 272 272 268 267 267 266 263 263 263 263 263 255 254 254 254 255 256 254 254 255 254 254 255 254 254 254 217 215 214 214 214 214 212 211 211
307 308 307 308 308 308 307 307 307 307 308 307 306 306 307 306 305 305 304 304 304 304 303 302 302 301 301 299 299 299 298 297 296 296 294 294 293 292 292 289 288 287 287 285 285 282 282 290 288 288 287 284 283 283 280 278 276 276 273 270 270 269 267 265 264 264 263 263 255 255 255 255 255 254 255 256 255 254 256 256 255 255 255 255 254 216 216 215 215 215 215 213 213 213
307 306 306 307 307 307 307 307 307 306 307 307 306 305 306 306 305 304 304 304 303 303 303 302 301 300 300 299 298 297 297 296 296 294 294 293 293 291 290 290 289 286 285 285 284 282 291 290 289 286 286 284 283 281 280 278 275 273 273 270 268 267 265 265 265 264 264 255 255 256 256 255 256 256 255 256 257 256 256 256 256 256 255 256 256 217 218 217 216 215 216 215 214 213
305 306 306 305 307 306 306 305 306 306 306 307 306 304 305 305 304 304 304 304 303 302 301 301 301 301 300 299 299 298 297 296 297 294 293 292 292 291 290 288 288 286 284 285 283 281 290 289 289 286 285 283 282 280 278 277 275 273 270 270 268 268 266 265 264 256 256 256 256 256 256 257 257 256 257 257 257 257 257 256 257 257 256 256 218 218 218 218 217 216 216 217 215 214
