testData/tiles/oneDegreeCosts/grid2.0-16.0-3.0-17.0.asc
ncols   200
nrows   200
xllcorner   2.0
yllcorner   16.0
cellsize   0.005
NODATA_value   -9999.0
[rows 102 to 118 of 200, columns 148 to 184 of 200]
1.474000000000000000e+03 1.475000000000000000e+03 1.477000000000000000e+03 1.479000000000000000e+03 1.479000000000000000e+03 1.480000000000000000e+03 1.482000000000000000e+03 1.484000000000000000e+03 1.485000000000000000e+03 1.486000000000000000e+03 1.488000000000000000e+03 1.489000000000000000e+03 1.491000000000000000e+03 1.491000000000000000e+03 1.493000000000000000e+03 1.494000000000000000e+03 1.496000000000000000e+03 1.496000000000000000e+03 1.498000000000000000e+03 1.499000000000000000e+03 1.500000000000000000e+03 1.501000000000000000e+03 1.500000000000000000e+03 1.501000000000000000e+03 1.502000000000000000e+03 1.503000000000000000e+03 1.504000000000000000e+03 1.505000000000000000e+03 1.506000000000000000e+03 1.506000000000000000e+03 1.507000000000000000e+03 1.508000000000000000e+03 1.509000000000000000e+03 1.509000000000000000e+03 1.509000000000000000e+03 1.510000000000000000e+03 1.510000000000000000e+03
1.472000000000000000e+03 1.473000000000000000e+03 1.475000000000000000e+03 1.477000000000000000e+03 1.479000000000000000e+03 1.480000000000000000e+03 1.480000000000000000e+03 1.482000000000000000e+03 1.484000000000000000e+03 1.485000000000000000e+03 1.486000000000000000e+03 1.488000000000000000e+03 1.490000000000000000e+03 1.490000000000000000e+03 1.492000000000000000e+03 1.493000000000000000e+03 1.495000000000000000e+03 1.495000000000000000e+03 1.495000000000000000e+03 1.497000000000000000e+03 1.498000000000000000e+03 1.498000000000000000e+03 1.499000000000000000e+03 1.500000000000000000e+03 1.501000000000000000e+03 1.501000000000000000e+03 1.503000000000000000e+03 1.504000000000000000e+03 1.505000000000000000e+03 1.505000000000000000e+03 1.506000000000000000e+03 1.506000000000000000e+03 1.507000000000000000e+03 1.507000000000000000e+03 1.508000000000000000e+03 1.509000000000000000e+03 1.510000000000000000e+03
1.470000000000000000e+03 1.472000000000000000e+03 1.473000000000000000e+03 1.475000000000000000e+03 1.477000000000000000e+03 1.479000000000000000e+03 1.480000000000000000e+03 1.482000000000000000e+03 1.482000000000000000e+03 1.484000000000000000e+03 1.485000000000000000e+03 1.486000000000000000e+03 1.488000000000000000e+03 1.490000000000000000e+03 1.489000000000000000e+03 1.491000000000000000e+03 1.492000000000000000e+03 1.494000000000000000e+03 1.494000000000000000e+03 1.495000000000000000e+03 1.497000000000000000e+03 1.498000000000000000e+03 1.498000000000000000e+03 1.499000000000000000e+03 1.500000000000000000e+03 1.501000000000000000e+03 1.501000000000000000e+03 1.502000000000000000e+03 1.502000000000000000e+03 1.504000000000000000e+03 1.504000000000000000e+03 1.505000000000000000e+03 1.506000000000000000e+03 1.507000000000000000e+03 1.507000000000000000e+03 1.508000000000000000e+03 1.509000000000000000e+03
1.468000000000000000e+03 1.470000000000000000e+03 1.472000000000000000e+03 1.473000000000000000e+03 1.475000000000000000e+03 1.477000000000000000e+03 1.479000000000000000e+03 1.480000000000000000e+03 1.482000000000000000e+03 1.481000000000000000e+03 1.483000000000000000e+03 1.484000000000000000e+03 1.485000000000000000e+03 1.487000000000000000e+03 1.489000000000000000e+03 1.489000000000000000e+03 1.491000000000000000e+03 1.492000000000000000e+03 1.493000000000000000e+03 1.494000000000000000e+03 1.495000000000000000e+03 1.497000000000000000e+03 1.498000000000000000e+03 1.497000000000000000e+03 1.498000000000000000e+03 1.499000000000000000e+03 1.499000000000000000e+03 1.500000000000000000e+03 1.501000000000000000e+03 1.502000000000000000e+03 1.502000000000000000e+03 1.503000000000000000e+03 1.504000000000000000e+03 1.505000000000000000e+03 1.505000000000000000e+03 1.506000000000000000e+03 1.507000000000000000e+03
1.466000000000000000e+03 1.468000000000000000e+03 1.470000000000000000e+03 1.470000000000000000e+03 1.472000000000000000e+03 1.474000000000000000e+03 1.476000000000000000e+03 1.477000000000000000e+03 1.479000000000000000e+03 1.481000000000000000e+03 1.482000000000000000e+03 1.482000000000000000e+03 1.484000000000000000e+03 1.485000000000000000e+03 1.487000000000000000e+03 1.487000000000000000e+03 1.489000000000000000e+03 1.490000000000000000e+03 1.492000000000000000e+03 1.492000000000000000e+03 1.494000000000000000e+03 1.495000000000000000e+03 1.495000000000000000e+03 1.496000000000000000e+03 1.496000000000000000e+03 1.497000000000000000e+03 1.498000000000000000e+03 1.498000000000000000e+03 1.499000000000000000e+03 1.501000000000000000e+03 1.502000000000000000e+03 1.502000000000000000e+03 1.503000000000000000e+03 1.504000000000000000e+03 1.504000000000000000e+03 1.504000000000000000e+03 1.505000000000000000e+03
1.463000000000000000e+03 1.465000000000000000e+03 1.467000000000000000e+03 1.469000000000000000e+03 1.470000000000000000e+03 1.472000000000000000e+03 1.474000000000000000e+03 1.476000000000000000e+03 1.477000000000000000e+03 1.479000000000000000e+03 1.480000000000000000e+03 1.482000000000000000e+03 1.482000000000000000e+03 1.483000000000000000e+03 1.485000000000000000e+03 1.487000000000000000e+03 1.487000000000000000e+03 1.489000000000000000e+03 1.489000000000000000e+03 1.490000000000000000e+03 1.491000000000000000e+03 1.492000000000000000e+03 1.493000000000000000e+03 1.495000000000000000e+03 1.494000000000000000e+03 1.495000000000000000e+03 1.496000000000000000e+03 1.498000000000000000e+03 1.498000000000000000e+03 1.499000000000000000e+03 1.500000000000000000e+03 1.500000000000000000e+03 1.500000000000000000e+03 1.501000000000000000e+03 1.502000000000000000e+03 1.502000000000000000e+03 1.503000000000000000e+03
1.460000000000000000e+03 1.462000000000000000e+03 1.465000000000000000e+03 1.467000000000000000e+03 1.468000000000000000e+03 1.470000000000000000e+03 1.472000000000000000e+03 1.474000000000000000e+03 1.475000000000000000e+03 1.477000000000000000e+03 1.478000000000000000e+03 1.480000000000000000e+03 1.481000000000000000e+03 1.481000000000000000e+03 1.482000000000000000e+03 1.484000000000000000e+03 1.484000000000000000e+03 1.486000000000000000e+03 1.487000000000000000e+03 1.489000000000000000e+03 1.489000000000000000e+03 1.490000000000000000e+03 1.492000000000000000e+03 1.493000000000000000e+03 1.493000000000000000e+03 1.493000000000000000e+03 1.495000000000000000e+03 1.496000000000000000e+03 1.495000000000000000e+03 1.496000000000000000e+03 1.497000000000000000e+03 1.498000000000000000e+03 1.498000000000000000e+03 1.499000000000000000e+03 1.501000000000000000e+03 1.502000000000000000e+03 1.501000000000000000e+03
1.460000000000000000e+03 1.460000000000000000e+03 1.462000000000000000e+03 1.464000000000000000e+03 1.466000000000000000e+03 1.467000000000000000e+03 1.470000000000000000e+03 1.471000000000000000e+03 1.472000000000000000e+03 1.473000000000000000e+03 1.475000000000000000e+03 1.477000000000000000e+03 1.479000000000000000e+03 1.479000000000000000e+03 1.481000000000000000e+03 1.481000000000000000e+03 1.483000000000000000e+03 1.484000000000000000e+03 1.485000000000000000e+03 1.486000000000000000e+03 1.488000000000000000e+03 1.488000000000000000e+03 1.490000000000000000e+03 1.491000000000000000e+03 1.492000000000000000e+03 1.490000000000000000e+03 1.492000000000000000e+03 1.493000000000000000e+03 1.494000000000000000e+03 1.494000000000000000e+03 1.495000000000000000e+03 1.497000000000000000e+03 1.498000000000000000e+03 1.498000000000000000e+03 1.499000000000000000e+03 1.500000000000000000e+03 1.501000000000000000e+03
1.460000000000000000e+03 1.459000000000000000e+03 1.458000000000000000e+03 1.461000000000000000e+03 1.463000000000000000e+03 1.465000000000000000e+03 1.466000000000000000e+03 1.468000000000000000e+03 1.470000000000000000e+03 1.472000000000000000e+03 1.473000000000000000e+03 1.474000000000000000e+03 1.476000000000000000e+03 1.478000000000000000e+03 1.478000000000000000e+03 1.480000000000000000e+03 1.481000000000000000e+03 1.481000000000000000e+03 1.483000000000000000e+03 1.484000000000000000e+03 1.486000000000000000e+03 1.485000000000000000e+03 1.486000000000000000e+03 1.488000000000000000e+03 1.489000000000000000e+03 1.488000000000000000e+03 1.490000000000000000e+03 1.491000000000000000e+03 1.492000000000000000e+03 1.492000000000000000e+03 1.493000000000000000e+03 1.494000000000000000e+03 1.496000000000000000e+03 1.496000000000000000e+03 1.496000000000000000e+03 1.497000000000000000e+03 1.498000000000000000e+03
1.459000000000000000e+03 1.459000000000000000e+03 1.458000000000000000e+03 1.458000000000000000e+03 1.460000000000000000e+03 1.462000000000000000e+03 1.463000000000000000e+03 1.465000000000000000e+03 1.467000000000000000e+03 1.469000000000000000e+03 1.470000000000000000e+03 1.472000000000000000e+03 1.474000000000000000e+03 1.475000000000000000e+03 1.476000000000000000e+03 1.478000000000000000e+03 1.479000000000000000e+03 1.479000000000000000e+03 1.479000000000000000e+03 1.481000000000000000e+03 1.482000000000000000e+03 1.484000000000000000e+03 1.484000000000000000e+03 1.486000000000000000e+03 1.487000000000000000e+03 1.488000000000000000e+03 1.487000000000000000e+03 1.489000000000000000e+03 1.490000000000000000e+03 1.491000000000000000e+03 1.491000000000000000e+03 1.491000000000000000e+03 1.492000000000000000e+03 1.494000000000000000e+03 1.494000000000000000e+03 1.495000000000000000e+03 1.496000000000000000e+03
1.459000000000000000e+03 1.459000000000000000e+03 1.459000000000000000e+03 1.458000000000000000e+03 1.458000000000000000e+03 1.459000000000000000e+03 1.461000000000000000e+03 1.462000000000000000e+03 1.464000000000000000e+03 1.466000000000000000e+03 1.468000000000000000e+03 1.469000000000000000e+03 1.471000000000000000e+03 1.472000000000000000e+03 1.473000000000000000e+03 1.474000000000000000e+03 1.476000000000000000e+03 1.477000000000000000e+03 1.478000000000000000e+03 1.478000000000000000e+03 1.480000000000000000e+03 1.481000000000000000e+03 1.483000000000000000e+03 1.483000000000000000e+03 1.484000000000000000e+03 1.486000000000000000e+03 1.485000000000000000e+03 1.486000000000000000e+03 1.487000000000000000e+03 1.488000000000000000e+03 1.488000000000000000e+03 1.489000000000000000e+03 1.490000000000000000e+03 1.491000000000000000e+03 1.491000000000000000e+03 1.492000000000000000e+03 1.493000000000000000e+03
1.459000000000000000e+03 1.459000000000000000e+03 1.459000000000000000e+03 1.458000000000000000e+03 1.458000000000000000e+03 1.458000000000000000e+03 1.458000000000000000e+03 1.458000000000000000e+03 1.460000000000000000e+03 1.462000000000000000e+03 1.464000000000000000e+03 1.465000000000000000e+03 1.467000000000000000e+03 1.469000000000000000e+03 1.470000000000000000e+03 1.471000000000000000e+03 1.473000000000000000e+03 1.475000000000000000e+03 1.476000000000000000e+03 1.476000000000000000e+03 1.477000000000000000e+03 1.479000000000000000e+03 1.480000000000000000e+03 1.480000000000000000e+03 1.482000000000000000e+03 1.482000000000000000e+03 1.484000000000000000e+03 1.483000000000000000e+03 1.484000000000000000e+03 1.485000000000000000e+03 1.486000000000000000e+03 1.487000000000000000e+03 1.488000000000000000e+03 1.489000000000000000e+03 1.490000000000000000e+03 1.490000000000000000e+03 1.491000000000000000e+03
1.458000000000000000e+03 1.458000000000000000e+03 1.458000000000000000e+03 1.458000000000000000e+03 1.457000000000000000e+03 1.457000000000000000e+03 1.457000000000000000e+03 1.457000000000000000e+03 1.457000000000000000e+03 1.459000000000000000e+03 1.461000000000000000e+03 1.463000000000000000e+03 1.464000000000000000e+03 1.466000000000000000e+03 1.467000000000000000e+03 1.469000000000000000e+03 1.470000000000000000e+03 1.472000000000000000e+03 1.473000000000000000e+03 1.474000000000000000e+03 1.474000000000000000e+03 1.475000000000000000e+03 1.476000000000000000e+03 1.478000000000000000e+03 1.478000000000000000e+03 1.480000000000000000e+03 1.481000000000000000e+03 1.481000000000000000e+03 1.481000000000000000e+03 1.483000000000000000e+03 1.484000000000000000e+03 1.484000000000000000e+03 1.485000000000000000e+03 1.486000000000000000e+03 1.486000000000000000e+03 1.486000000000000000e+03 1.488000000000000000e+03
1.459000000000000000e+03 1.458000000000000000e+03 1.458000000000000000e+03 1.458000000000000000e+03 1.458000000000000000e+03 1.457000000000000000e+03 1.457000000000000000e+03 1.457000000000000000e+03 1.456000000000000000e+03 1.456000000000000000e+03 1.457000000000000000e+03 1.459000000000000000e+03 1.460000000000000000e+03 1.462000000000000000e+03 1.464000000000000000e+03 1.466000000000000000e+03 1.467000000000000000e+03 1.467000000000000000e+03 1.469000000000000000e+03 1.471000000000000000e+03 1.470000000000000000e+03 1.472000000000000000e+03 1.473000000000000000e+03 1.475000000000000000e+03 1.475000000000000000e+03 1.477000000000000000e+03 1.478000000000000000e+03 1.478000000000000000e+03 1.479000000000000000e+03 1.480000000000000000e+03 1.481000000000000000e+03 1.481000000000000000e+03 1.481000000000000000e+03 1.483000000000000000e+03 1.484000000000000000e+03 1.485000000000000000e+03 1.485000000000000000e+03
1.459000000000000000e+03 1.458000000000000000e+03 1.458000000000000000e+03 1.458000000000000000e+03 1.458000000000000000e+03 1.457000000000000000e+03 1.457000000000000000e+03 1.457000000000000000e+03 1.457000000000000000e+03 1.456000000000000000e+03 1.456000000000000000e+03 1.456000000000000000e+03 1.457000000000000000e+03 1.458000000000000000e+03 1.460000000000000000e+03 1.462000000000000000e+03 1.463000000000000000e+03 1.464000000000000000e+03 1.466000000000000000e+03 1.467000000000000000e+03 1.469000000000000000e+03 1.469000000000000000e+03 1.470000000000000000e+03 1.472000000000000000e+03 1.473000000000000000e+03 1.474000000000000000e+03 1.475000000000000000e+03 1.476000000000000000e+03 1.476000000000000000e+03 1.476000000000000000e+03 1.477000000000000000e+03 1.478000000000000000e+03 1.479000000000000000e+03 1.480000000000000000e+03 1.481000000000000000e+03 1.482000000000000000e+03 1.482000000000000000e+03
1.220000000000000000e+03 1.220000000000000000e+03 1.458000000000000000e+03 1.458000000000000000e+03 1.458000000000000000e+03 1.458000000000000000e+03 1.456000000000000000e+03 1.456000000000000000e+03 1.456000000000000000e+03 1.456000000000000000e+03 1.455000000000000000e+03 1.455000000000000000e+03 1.455000000000000000e+03 1.455000000000000000e+03 1.456000000000000000e+03 1.458000000000000000e+03 1.460000000000000000e+03 1.461000000000000000e+03 1.462000000000000000e+03 1.464000000000000000e+03 1.466000000000000000e+03 1.466000000000000000e+03 1.467000000000000000e+03 1.468000000000000000e+03 1.469000000000000000e+03 1.469000000000000000e+03 1.471000000000000000e+03 1.472000000000000000e+03 1.472000000000000000e+03 1.473000000000000000e+03 1.474000000000000000e+03 1.475000000000000000e+03 1.477000000000000000e+03 1.477000000000000000e+03 1.478000000000000000e+03 1.479000000000000000e+03 1.480000000000000000e+03
1.219000000000000000e+03 1.219000000000000000e+03 1.218000000000000000e+03 1.218000000000000000e+03 1.218000000000000000e+03 1.457000000000000000e+03 1.456000000000000000e+03 1.456000000000000000e+03 1.456000000000000000e+03 1.456000000000000000e+03 1.455000000000000000e+03 1.455000000000000000e+03 1.455000000000000000e+03 1.455000000000000000e+03 1.454000000000000000e+03 1.454000000000000000e+03 1.456000000000000000e+03 1.458000000000000000e+03 1.458000000000000000e+03 1.460000000000000000e+03 1.462000000000000000e+03 1.463000000000000000e+03 1.462000000000000000e+03 1.464000000000000000e+03 1.465000000000000000e+03 1.467000000000000000e+03 1.467000000000000000e+03 1.469000000000000000e+03 1.469000000000000000e+03 1.470000000000000000e+03 1.471000000000000000e+03 1.472000000000000000e+03 1.473000000000000000e+03 1.473000000000000000e+03 1.474000000000000000e+03 1.475000000000000000e+03 1.476000000000000000e+03
