testData/tiles/oneDegreeCosts/grid6.0-38.0-7.0-39.0.asc
ncols   200
nrows   200
xllcorner   6.0
yllcorner   38.0
cellsize   0.005
NODATA_value   -9999.0
[rows 42 to 83 of 200, columns 0 to 93 of 200]
530 529 527 525 523 521 519 517 515 513 448 445 444 441 439 437 435 433 431 622 620 618 615 613 611 611 609 609 608 608 607 607 607 606 606 605 604 603 603 602 602 601 601 599 599 598 598 597 597 597 595 595 594 594 593 592 591 591 590 590 589 588 587 587 587 585 585 584 584 583 582 581 581 580 579 578 578 577 576 576 575 575 573 573 572 572 570 570 569 568 430 430 429 428
532 531 529 527 525 523 521 519 517 514 450 447 445 442 440 437 435 433 431 429 620 618 615 613 611 610 609 609 608 607 606 606 605 605 605 604 604 603 602 601 601 600 600 599 599 597 597 596 596 596 595 594 593 593 592 592 591 590 589 589 588 588 586 586 586 585 585 583 583 582 582 580 580 579 579 578 577 576 576 574 574 574 573 572 571 571 570 569 568 568 429 429 428 428
533 531 529 527 526 523 522 519 518 515 450 447 446 443 441 438 437 434 432 429 428 618 616 614 611 609 608 608 607 607 606 606 604 604 604 603 603 602 602 601 600 599 599 598 598 597 597 595 595 595 594 594 593 592 591 591 590 590 589 588 587 587 586 586 584 584 584 583 582 581 581 580 580 578 578 577 577 575 575 574 574 573 572 572 570 570 569 569 567 567 566 429 427 427
534 532 530 528 527 524 522 520 518 515 451 448 446 443 442 439 437 434 432 431 428 426 617 614 611 609 607 607 606 606 605 605 604 604 602 602 602 601 601 600 600 599 598 597 597 596 596 595 595 593 593 593 592 592 591 590 589 589 588 588 586 586 585 585 584 583 583 582 582 581 580 579 579 578 577 576 576 575 574 573 573 572 571 571 570 570 568 568 567 566 565 428 427 426
535 534 531 530 527 526 523 520 519 516 451 448 447 444 442 439 437 435 433 430 428 426 423 615 612 610 607 606 605 605 604 604 603 603 602 602 602 600 600 599 599 598 598 597 596 595 595 594 594 593 593 592 591 591 590 590 588 588 587 587 586 586 584 584 583 583 581 581 581 580 580 578 578 577 577 575 575 574 574 572 572 571 571 570 569 569 568 567 566 566 564 427 426 426
536 535 532 530 528 526 525 522 520 517 453 450 448 445 444 440 438 435 433 430 428 425 423 422 613 611 608 606 605 605 603 603 602 602 601 601 600 600 600 598 598 597 597 596 596 595 594 593 593 592 592 591 590 590 589 589 588 588 586 586 585 585 584 583 582 582 581 581 580 579 579 578 577 576 576 575 575 573 573 572 572 570 570 570 568 568 567 567 565 565 564 427 425 425
537 535 533 531 528 527 524 522 521 518 453 450 449 446 444 441 439 436 434 431 429 426 424 422 419 611 608 606 604 604 603 603 602 601 600 600 599 599 599 598 598 596 596 595 595 594 594 593 592 591 591 590 590 590 588 588 587 587 586 586 584 584 583 583 582 581 580 580 579 578 578 577 577 576 575 574 574 573 572 571 571 570 569 568 568 568 566 566 565 564 563 563 425 424
538 536 533 532 529 527 525 523 520 518 454 451 449 446 444 441 439 437 435 432 430 427 425 422 419 418 608 606 603 603 602 602 601 601 600 599 598 598 597 597 597 596 596 594 594 593 593 592 592 591 590 589 589 588 588 588 586 586 585 585 584 583 582 582 581 581 579 579 578 578 578 576 576 575 575 573 573 572 572 570 570 569 569 567 567 567 566 565 564 564 562 562 424 424
539 538 535 533 531 529 526 524 522 520 454 451 449 446 445 442 440 437 435 432 430 427 425 422 420 418 415 607 603 602 601 601 600 600 599 599 598 598 596 596 596 595 595 594 594 592 592 591 591 590 590 589 588 587 587 586 586 585 584 584 583 583 582 581 580 580 579 578 577 577 576 576 575 574 574 573 572 571 571 570 569 568 568 567 566 565 565 565 563 563 562 562 423 423
540 538 536 534 531 529 527 525 522 520 454 453 451 448 446 443 441 437 435 432 430 427 425 422 420 417 415 413 604 602 601 600 599 599 598 598 597 597 596 596 594 594 594 593 593 592 592 590 590 589 589 588 588 586 586 585 585 585 584 583 582 582 581 581 579 579 578 578 577 576 575 575 575 573 573 572 572 571 570 569 569 568 567 566 566 564 564 564 563 562 561 561 423 422
540 539 536 534 532 530 527 525 522 521 455 453 450 448 446 443 441 438 436 433 431 428 425 422 420 417 415 412 410 602 600 600 599 599 597 597 596 596 595 595 594 594 592 592 592 591 591 590 590 588 588 587 587 586 586 584 584 583 583 583 581 581 580 580 579 579 577 577 576 576 574 574 573 573 573 571 571 570 570 568 568 567 567 565 565 564 564 562 562 562 560 560 559 422
541 539 537 535 532 530 527 526 523 521 455 453 450 448 446 443 441 438 436 433 431 428 426 423 421 418 415 412 410 408 599 599 598 598 597 597 595 595 594 594 593 593 592 592 591 590 590 589 589 588 588 586 586 585 585 584 584 582 582 582 581 581 579 579 578 578 577 576 575 575 574 574 572 572 572 571 570 569 569 568 567 566 566 565 564 563 563 562 561 560 560 559 558 421
543 541 538 536 534 532 529 527 524 522 456 454 451 448 445 443 441 438 436 433 431 428 426 423 421 418 416 413 411 407 405 598 597 597 596 596 595 595 594 593 592 592 591 591 590 590 589 588 588 587 587 586 586 584 584 583 583 582 581 580 580 580 579 579 577 577 576 576 574 574 573 573 572 571 570 570 570 568 568 567 567 565 565 564 564 562 562 561 561 559 559 559 558 420
543 540 539 537 534 532 529 527 524 522 457 455 452 450 447 445 442 440 438 433 431 428 426 423 421 418 416 413 411 408 405 403 596 596 595 595 594 594 593 593 592 591 590 590 589 589 588 588 587 586 586 585 585 584 583 582 582 581 581 580 579 578 578 578 577 576 575 575 574 574 572 572 571 571 569 569 568 568 568 566 566 565 565 563 563 562 561 560 560 559 558 557 557 420
544 541 539 536 534 532 529 528 525 523 457 455 452 450 447 445 442 440 437 434 432 429 427 423 421 418 416 413 411 407 405 402 402 595 595 594 593 593 592 592 591 591 590 589 588 588 587 587 587 586 585 584 584 583 583 582 581 580 580 579 579 577 577 577 576 576 574 574 573 573 572 571 570 570 569 569 567 567 567 566 565 564 564 563 562 561 561 560 559 558 558 556 556 556
544 541 539 536 535 532 530 528 525 523 457 455 452 450 447 445 442 440 437 434 431 429 427 424 422 419 417 413 410 407 405 402 401 400 594 594 593 592 591 591 590 590 589 589 588 587 586 586 585 585 585 584 583 582 582 581 581 580 579 578 578 577 577 575 575 575 574 574 572 572 571 571 570 569 568 568 567 566 565 565 565 563 563 562 562 560 560 559 559 557 557 556 556 554
545 543 541 538 536 533 531 528 526 524 458 456 453 451 448 445 442 440 436 434 431 429 427 424 422 419 416 413 411 408 405 402 400 399 399 592 592 592 591 590 589 589 588 588 587 587 586 585 584 584 583 583 583 581 581 580 580 579 579 577 577 576 576 575 574 573 573 573 572 571 570 570 569 569 567 567 566 566 564 564 563 563 562 561 561 560 559 558 558 557 556 555 555 554
546 543 541 538 536 533 531 528 526 523 458 456 453 451 448 446 443 441 437 435 431 429 426 424 422 418 416 413 411 408 406 402 400 398 398 397 591 590 590 590 589 589 587 587 586 586 585 585 584 583 582 582 581 581 581 579 579 578 578 577 577 575 575 574 574 573 572 571 571 571 570 569 568 568 567 566 565 565 564 564 562 562 562 561 560 559 559 557 557 556 556 554 554 553
546 543 541 538 536 533 531 528 526 523 458 455 453 451 448 446 443 440 437 435 432 430 427 425 420 418 416 413 411 407 405 402 400 398 398 397 396 589 589 588 588 588 587 587 585 585 584 584 583 583 582 581 580 580 579 579 579 577 577 576 576 575 574 573 573 572 572 570 570 570 569 569 567 567 566 566 565 564 563 563 562 561 560 560 560 558 558 557 557 555 555 554 553 552
547 544 542 539 537 534 532 529 527 523 458 455 453 450 448 446 442 440 437 435 432 430 426 424 421 419 416 414 410 407 405 402 400 397 397 396 396 395 588 587 587 586 586 586 585 585 583 583 582 582 581 581 580 579 578 578 578 577 577 575 575 574 574 573 572 571 571 570 570 568 568 568 567 567 565 565 564 564 562 562 561 561 559 559 558 558 557 556 556 555 554 553 553 552
546 544 542 539 537 534 532 529 527 524 459 456 454 451 448 445 443 440 437 435 432 429 426 424 421 419 415 413 410 408 406 401 399 396 396 395 395 394 394 587 586 585 585 584 584 584 583 583 581 581 580 580 579 579 577 577 576 576 576 575 574 573 573 572 572 570 570 569 569 568 567 566 566 566 565 564 563 563 562 561 560 560 559 558 557 557 556 555 555 554 554 552 552 551
547 545 542 540 537 534 532 529 527 524 459 456 454 450 448 445 443 441 438 435 432 430 426 424 420 418 415 413 410 407 404 402 400 397 395 394 394 393 393 392 586 585 585 583 583 583 582 582 581 581 579 579 578 578 577 577 575 575 574 574 574 573 572 571 571 570 570 568 568 567 567 566 565 564 564 564 562 562 561 561 560 559 558 558 557 556 555 555 555 553 553 552 551 550
547 545 542 540 536 534 532 529 527 524 459 456 453 450 448 445 443 440 437 435 432 430 427 424 421 419 415 412 409 407 404 402 398 396 395 394 394 392 392 391 391 584 584 583 583 581 581 581 580 580 579 579 577 577 576 576 575 575 573 573 572 572 572 570 570 569 569 568 567 566 566 565 565 563 563 562 562 562 560 560 559 559 557 557 556 556 554 554 553 553 552 551 551 549
548 546 543 540 537 535 532 530 528 525 459 456 453 450 448 445 442 439 437 434 432 429 426 424 421 418 415 413 410 407 403 401 398 396 393 393 393 392 392 390 390 389 583 582 582 581 581 579 579 579 578 578 577 577 575 575 574 574 573 572 571 571 570 570 570 568 568 567 567 566 565 564 564 563 562 561 561 561 560 559 558 558 557 556 555 555 554 553 552 552 551 550 550 549
548 546 542 540 537 535 532 530 527 524 459 456 454 451 448 445 443 440 438 433 431 428 426 423 420 418 415 413 409 407 404 402 397 395 392 392 391 391 391 390 390 388 388 581 581 580 580 579 579 577 577 577 576 576 575 574 573 573 572 572 571 570 569 569 568 568 567 566 566 565 565 563 563 562 562 561 560 559 559 559 557 557 556 556 554 554 553 553 551 551 550 550 548 548
548 545 542 540 537 535 532 529 526 524 458 456 453 450 448 445 443 439 437 434 432 428 426 422 420 418 414 412 409 407 403 401 398 396 392 391 390 390 389 389 389 388 388 387 580 579 579 578 578 577 577 575 575 575 574 574 573 572 571 571 570 570 569 568 567 567 566 566 565 564 564 563 563 561 561 560 560 558 558 557 557 557 555 555 554 554 552 552 551 551 549 549 548 547
547 545 542 540 537 535 531 529 526 524 458 455 452 450 448 444 442 439 437 433 431 428 426 422 420 417 415 411 408 406 403 400 397 395 392 391 390 390 388 388 387 387 387 386 386 579 578 577 577 576 576 575 575 573 573 573 572 572 571 570 569 569 568 568 566 566 565 565 565 563 563 562 562 561 560 559 559 558 558 556 556 555 555 554 553 553 552 551 550 550 549 548 547 547
548 545 543 541 537 535 532 530 527 524 458 456 453 450 446 444 442 438 436 433 431 427 425 422 420 416 414 411 409 406 402 400 397 394 391 390 389 389 388 388 386 386 385 385 385 384 578 577 576 575 575 574 574 573 572 571 571 571 570 570 568 568 567 567 566 566 564 564 563 563 563 561 561 560 560 558 558 557 557 556 555 554 554 553 552 552 551 551 549 549 548 548 546 546
548 545 542 539 537 534 532 529 526 524 458 455 452 450 447 444 441 439 437 433 430 427 425 421 419 416 413 410 408 405 402 400 397 394 390 389 388 388 387 387 386 386 384 384 383 383 383 576 576 575 574 573 573 572 572 571 570 569 569 569 568 568 566 566 565 565 564 563 562 562 561 561 560 559 559 558 558 556 556 555 555 553 553 552 552 550 550 550 549 548 547 547 546 545
547 544 542 539 537 533 531 528 526 523 457 455 452 449 446 444 441 438 435 433 429 427 425 422 418 415 413 410 407 404 402 398 396 393 391 389 387 387 386 386 385 385 384 384 383 382 381 381 575 574 574 573 572 571 571 570 570 569 568 567 567 567 566 566 564 564 563 563 562 561 560 560 559 559 558 557 557 556 555 554 554 553 553 551 551 550 550 548 548 548 547 546 545 545
733 730 543 539 537 534 532 527 525 522 456 454 451 449 445 443 440 438 434 432 429 426 423 421 419 415 413 410 407 403 401 398 395 392 390 387 387 387 386 385 384 384 383 383 382 382 381 380 379 573 573 572 572 571 570 569 569 568 568 567 566 565 565 565 564 563 562 562 561 561 559 559 558 558 557 556 556 555 555 554 553 552 552 551 550 549 549 548 547 546 546 546 544 544
732 729 727 724 721 718 531 528 525 522 457 454 451 449 446 443 439 437 434 431 428 426 422 420 417 415 412 409 407 403 401 397 395 391 389 386 386 385 385 385 384 383 382 382 381 381 380 380 379 378 377 571 571 570 570 568 568 567 567 566 566 564 564 563 563 563 562 561 560 560 559 559 557 557 556 556 554 554 554 553 553 551 551 550 550 548 548 547 547 545 545 544 544 543
731 729 726 723 721 717 715 712 710 706 456 453 451 447 445 443 439 437 434 432 428 426 422 419 416 414 411 408 406 403 400 397 395 391 388 385 385 384 384 383 383 383 382 381 380 380 379 379 378 378 377 376 569 569 569 568 568 566 566 565 565 564 564 562 562 561 561 561 559 559 558 558 557 556 555 555 554 554 552 552 552 551 550 549 549 548 547 546 546 545 544 543 543 543
730 728 725 722 719 717 714 711 709 706 640 637 635 631 444 441 439 436 433 431 427 425 422 420 416 414 410 407 404 402 399 396 394 391 388 385 385 383 383 382 382 381 381 381 380 380 378 378 377 377 376 376 375 568 567 567 567 566 566 564 564 563 563 562 562 560 560 559 559 559 557 557 556 556 555 554 553 553 552 551 550 550 550 548 548 547 547 546 545 544 544 543 542 541
730 728 725 722 719 717 714 711 709 706 640 636 634 631 628 625 623 434 432 430 427 424 421 419 415 413 410 407 404 401 398 395 393 390 387 384 384 383 383 382 381 380 380 379 379 379 378 378 376 376 375 375 374 374 567 566 565 565 565 564 564 562 562 561 561 560 559 558 558 557 557 556 555 555 554 554 552 552 551 551 550 549 548 548 548 546 546 545 545 543 543 542 542 540
729 727 724 722 718 716 713 710 707 705 640 636 634 631 628 625 623 619 616 613 426 422 420 418 414 412 409 407 403 401 398 395 392 389 386 383 383 382 382 381 381 380 379 378 378 377 377 377 376 376 374 374 373 373 372 566 564 564 563 563 563 562 561 560 560 559 559 558 557 556 556 555 555 554 553 553 552 551 550 550 549 549 547 547 546 546 545 544 544 543 542 541 541 540
729 726 723 721 717 715 712 709 706 704 638 635 633 630 627 624 622 619 616 613 611 607 605 601 413 411 408 406 402 400 397 394 391 389 386 382 382 381 381 380 380 379 379 378 377 376 376 375 375 375 374 374 372 372 371 371 564 564 562 562 561 561 561 560 559 558 558 557 557 555 555 554 554 553 552 552 551 551 550 549 548 548 547 546 545 545 544 543 543 542 542 540 540 539
727 724 722 720 716 714 711 708 705 703 637 634 631 629 626 623 621 617 615 612 610 606 604 601 598 595 593 405 401 399 396 393 390 388 384 382 381 381 380 379 379 378 378 377 377 376 376 374 374 373 373 373 372 372 370 370 369 563 562 562 560 560 559 559 559 557 557 556 556 555 555 553 553 552 552 551 550 550 549 549 547 547 546 546 544 544 543 543 542 541 541 540 540 538
727 724 722 718 716 714 711 708 705 703 636 634 631 628 624 622 619 616 614 611 609 605 603 600 597 594 592 588 586 399 396 392 389 387 383 381 380 380 379 379 378 377 377 376 376 375 375 374 374 372 372 371 371 371 370 369 368 368 367 561 560 560 558 558 557 557 557 555 555 554 554 553 552 551 551 550 550 548 548 548 547 546 545 545 544 544 542 542 541 541 539 539 539 538
726 723 721 717 715 712 709 706 704 702 635 633 630 627 624 622 619 616 613 611 607 604 602 599 596 593 591 587 585 582 579 577 389 387 382 380 379 379 378 378 377 377 376 375 375 374 374 373 373 372 372 370 370 369 369 369 368 367 366 366 559 559 558 557 556 556 555 555 555 553 553 552 552 551 550 549 549 548 547 546 546 546 545 544 543 543 542 541 540 540 539 538 537 537
725 722 719 716 714 710 708 705 703 699 634 632 629 626 623 621 617 615 612 610 606 604 602 598 595 592 590 586 584 581 578 575 573 570 567 380 378 378 377 377 376 376 375 375 374 373 373 372 372 371 371 370 370 368 368 367 367 366 366 365 364 558 557 557 556 555 554 554 553 553 552 551 551 550 550 548 548 547 547 546 545 544 544 544 542 542 541 541 539 539 538 538 536 536
722 720 718 715 712 709 707 704 701 698 633 630 627 625 622 619 616 614 611 608 605 603 599 597 595 592 589 586 583 579 577 574 572 568 566 563 563 563 377 376 375 375 374 374 373 373 372 371 371 370 370 369 369 368 368 366 366 365 365 364 364 363 556 556 555 555 553 553 552 552 551 551 549 549 549 548 548 546 546 545 545 543 543 542 542 541 540 540 539 539 537 537 536 536
