testData/tiles/oneDegreeCosts/grid4.0-12.0-5.0-13.0.asc
ncols   200
nrows   200
xllcorner   4.0
yllcorner   12.0
cellsize   0.005
NODATA_value   -9999.0
[rows 126 to 167 of 200, columns 94 to 187 of 200]
221 221 221 221 221 221 221 221 221 221 221 221 220 220 220 220 220 220 220 220 220 219 219 219 219 219 219 219 219 218 218 218 218 218 218 217 217 217 217 217 217 217 216 216 216 216 216 215 215 215 215 215 215 214 214 214 214 214 213 213 213 213 213 212 212 212 212 211 211 211 211 210 210 210 210 209 209 209 209 208 208 208 208 207 207 207 207 206 206 206 205 205 205 205
222 222 222 222 222 222 221 221 221 221 221 221 221 221 221 221 220 220 220 220 220 220 220 220 220 219 219 219 219 219 219 219 218 218 218 218 218 218 218 217 217 217 217 217 217 216 216 216 216 216 215 215 215 215 215 214 214 214 214 214 213 213 213 213 213 212 212 212 212 211 211 211 211 210 210 210 210 209 209 209 209 208 208 208 208 207 207 207 207 206 206 206 205 205
222 222 222 222 222 222 222 222 222 222 222 222 221 221 221 221 221 221 221 221 221 220 220 220 220 220 220 220 220 219 219 219 219 219 219 219 218 218 218 218 218 218 217 217 217 217 217 217 216 216 216 216 216 215 215 215 215 215 214 214 214 214 214 213 213 213 213 212 212 212 212 211 211 211 211 211 210 210 210 209 209 209 209 208 208 208 208 207 207 207 206 206 206 206
223 223 223 223 223 223 222 222 222 222 222 222 222 222 222 222 221 221 221 221 221 221 221 221 221 220 220 220 220 220 220 220 219 219 219 219 219 219 219 218 218 218 218 218 218 217 217 217 217 217 216 216 216 216 216 216 215 215 215 215 214 214 214 214 214 213 213 213 213 212 212 212 212 212 211 211 211 211 210 210 210 209 209 209 209 208 208 208 208 207 207 207 206 206
223 223 223 223 223 223 223 223 223 223 223 222 222 222 222 222 222 222 222 222 222 221 221 221 221 221 221 221 221 220 220 220 220 220 220 220 219 219 219 219 219 219 218 218 218 218 218 218 217 217 217 217 217 216 216 216 216 216 215 215 215 215 215 214 214 214 214 213 213 213 213 213 212 212 212 212 211 211 211 211 210 210 210 209 209 209 209 208 208 208 208 207 207 207
224 224 224 224 224 224 223 223 223 223 223 223 223 223 223 223 222 222 222 222 222 222 222 222 222 221 221 221 221 221 221 221 220 220 220 220 220 220 220 219 219 219 219 219 219 218 218 218 218 218 217 217 217 217 217 217 216 216 216 216 215 215 215 215 215 214 214 214 214 213 213 213 213 213 212 212 212 212 211 211 211 211 210 210 210 209 209 209 209 208 208 208 207 207
224 224 224 224 224 224 224 224 224 224 224 223 223 223 223 223 223 223 223 223 222 222 222 222 222 222 222 222 221 221 221 221 221 221 221 220 220 220 220 220 220 220 219 219 219 219 219 219 218 218 218 218 218 217 217 217 217 217 216 216 216 216 216 215 215 215 215 214 214 214 214 214 213 213 213 213 212 212 212 212 211 211 211 211 210 210 210 209 209 209 209 208 208 208
225 225 225 225 225 224 224 224 224 224 224 224 224 224 224 224 223 223 223 223 223 223 223 223 222 222 222 222 222 222 222 222 221 221 221 221 221 221 221 220 220 220 220 220 220 219 219 219 219 219 218 218 218 218 218 217 217 217 217 217 216 216 216 216 216 215 215 215 215 215 214 214 214 214 213 213 213 213 212 212 212 212 211 211 211 210 210 210 210 209 209 209 208 208
225 225 225 225 225 225 225 225 225 225 225 224 224 224 224 224 224 224 224 224 223 223 223 223 223 223 223 223 222 222 222 222 222 222 222 221 221 221 221 221 221 221 220 220 220 220 220 219 219 219 219 219 219 218 218 218 218 218 217 217 217 217 217 216 216 216 216 215 215 215 215 215 214 214 214 214 213 213 213 213 212 212 212 212 211 211 211 210 210 210 210 209 209 209
226 226 226 226 226 225 225 225 225 225 225 225 225 225 225 224 224 224 224 224 224 224 224 224 223 223 223 223 223 223 223 223 222 222 222 222 222 222 221 221 221 221 221 221 220 220 220 220 220 220 219 219 219 219 219 218 218 218 218 218 217 217 217 217 217 216 216 216 216 215 215 215 215 215 214 214 214 214 213 213 213 213 212 212 212 211 211 211 211 210 210 210 210 209
226 226 226 226 226 226 226 226 226 226 225 225 225 225 225 225 225 225 225 225 224 224 224 224 224 224 224 224 223 223 223 223 223 223 223 222 222 222 222 222 222 221 221 221 221 221 221 220 220 220 220 220 220 219 219 219 219 219 218 218 218 218 218 217 217 217 217 216 216 216 216 216 215 215 215 215 214 214 214 214 213 213 213 213 212 212 212 211 211 211 211 210 210 210
227 227 227 227 226 226 226 226 226 226 226 226 226 226 226 225 225 225 225 225 225 225 225 225 224 224 224 224 224 224 224 223 223 223 223 223 223 223 222 222 222 222 222 222 221 221 221 221 221 221 220 220 220 220 220 219 219 219 219 219 218 218 218 218 218 217 217 217 217 216 216 216 216 216 215 215 215 215 214 214 214 214 213 213 213 212 212 212 212 211 211 211 211 210
227 227 227 227 227 227 227 227 227 226 226 226 226 226 226 226 226 226 226 225 225 225 225 225 225 225 225 224 224 224 224 224 224 224 224 223 223 223 223 223 223 222 222 222 222 222 222 221 221 221 221 221 220 220 220 220 220 220 219 219 219 219 218 218 218 218 218 217 217 217 217 216 216 216 216 216 215 215 215 215 214 214 214 214 213 213 213 212 212 212 212 211 211 211
228 228 228 227 227 227 227 227 227 227 227 227 227 227 226 226 226 226 226 226 226 226 226 225 225 225 225 225 225 225 225 224 224 224 224 224 224 224 223 223 223 223 223 223 222 222 222 222 222 222 221 221 221 221 221 220 220 220 220 220 219 219 219 219 219 218 218 218 218 217 217 217 217 217 216 216 216 216 215 215 215 215 214 214 214 213 213 213 213 212 212 212 212 211
228 228 228 228 228 228 228 228 227 227 227 227 227 227 227 227 227 227 226 226 226 226 226 226 226 226 226 225 225 225 225 225 225 225 224 224 224 224 224 224 224 223 223 223 223 223 223 222 222 222 222 222 221 221 221 221 221 220 220 220 220 220 219 219 219 219 219 218 218 218 218 217 217 217 217 217 216 216 216 216 215 215 215 214 214 214 214 213 213 213 213 212 212 212
229 229 228 228 228 228 228 228 228 228 228 228 228 227 227 227 227 227 227 227 227 227 226 226 226 226 226 226 226 226 225 225 225 225 225 225 225 224 224 224 224 224 224 223 223 223 223 223 223 222 222 222 222 222 222 221 221 221 221 221 220 220 220 220 219 219 219 219 219 218 218 218 218 217 217 217 217 216 216 216 216 215 215 215 215 214 214 214 214 213 213 213 213 212
229 229 229 229 229 229 229 228 228 228 228 228 228 228 228 228 228 228 227 227 227 227 227 227 227 227 226 226 226 226 226 226 226 225 225 225 225 225 225 225 224 224 224 224 224 224 223 223 223 223 223 223 222 222 222 222 222 221 221 221 221 221 220 220 220 220 220 219 219 219 219 218 218 218 218 217 217 217 217 216 216 216 216 215 215 215 215 214 214 214 214 213 213 213
229 229 229 229 229 229 229 229 229 229 229 229 228 228 228 228 228 228 228 228 228 228 227 227 227 227 227 227 227 227 226 226 226 226 226 226 226 225 225 225 225 225 225 224 224 224 224 224 224 223 223 223 223 223 222 222 222 222 222 221 221 221 221 221 220 220 220 220 220 219 219 219 219 218 218 218 218 217 217 217 217 216 216 216 216 215 215 215 215 214 214 214 213 213
230 230 230 230 230 230 229 229 229 229 229 229 229 229 229 229 229 228 228 228 228 228 228 228 228 227 227 227 227 227 227 227 227 226 226 226 226 226 226 226 225 225 225 225 225 225 224 224 224 224 224 223 223 223 223 223 223 222 222 222 222 222 221 221 221 221 220 220 220 220 220 219 219 219 219 218 218 218 218 217 217 217 217 216 216 216 216 215 215 215 215 214 214 214
230 230 230 230 230 230 230 230 230 230 230 229 229 229 229 229 229 229 229 229 229 228 228 228 228 228 228 228 228 227 227 227 227 227 227 227 226 226 226 226 226 226 225 225 225 225 225 225 224 224 224 224 224 224 223 223 223 223 223 222 222 222 222 222 221 221 221 221 220 220 220 220 220 219 219 219 219 218 218 218 218 217 217 217 217 216 216 216 216 215 215 215 214 214
231 231 231 231 230 230 230 230 230 230 230 230 230 230 230 229 229 229 229 229 229 229 229 229 228 228 228 228 228 228 228 228 227 227 227 227 227 227 227 226 226 226 226 226 226 225 225 225 225 225 225 224 224 224 224 224 223 223 223 223 223 222 222 222 222 222 221 221 221 221 220 220 220 220 220 219 219 219 219 218 218 218 218 217 217 217 217 216 216 216 215 215 215 215
231 231 231 231 231 231 231 231 231 231 230 230 230 230 230 230 230 230 230 230 229 229 229 229 229 229 229 229 228 228 228 228 228 228 228 227 227 227 227 227 227 227 226 226 226 226 226 226 225 225 225 225 225 224 224 224 224 224 223 223 223 223 223 222 222 222 222 222 221 221 221 221 220 220 220 220 220 219 219 219 219 218 218 218 218 217 217 217 216 216 216 216 215 215
232 232 232 231 231 231 231 231 231 231 231 231 231 231 230 230 230 230 230 230 230 230 230 229 229 229 229 229 229 229 229 228 228 228 228 228 228 228 227 227 227 227 227 227 226 226 226 226 226 226 225 225 225 225 225 225 224 224 224 224 224 223 223 223 223 223 222 222 222 222 221 221 221 221 220 220 220 220 220 219 219 219 219 218 218 218 217 217 217 217 216 216 216 216
232 232 232 232 232 232 232 232 231 231 231 231 231 231 231 231 231 231 230 230 230 230 230 230 230 230 230 229 229 229 229 229 229 229 228 228 228 228 228 228 228 227 227 227 227 227 227 226 226 226 226 226 226 225 225 225 225 225 224 224 224 224 224 223 223 223 223 223 222 222 222 222 221 221 221 221 220 220 220 220 219 219 219 219 218 218 218 218 217 217 217 217 216 216
233 232 232 232 232 232 232 232 232 232 232 232 232 231 231 231 231 231 231 231 231 231 230 230 230 230 230 230 230 230 229 229 229 229 229 229 229 228 228 228 228 228 228 228 227 227 227 227 227 227 226 226 226 226 226 225 225 225 225 225 224 224 224 224 224 223 223 223 223 223 222 222 222 222 221 221 221 221 220 220 220 220 219 219 219 219 218 218 218 218 217 217 217 216
233 233 233 233 233 233 232 232 232 232 232 232 232 232 232 232 232 231 231 231 231 231 231 231 231 231 230 230 230 230 230 230 230 229 229 229 229 229 229 229 228 228 228 228 228 228 227 227 227 227 227 227 226 226 226 226 226 225 225 225 225 225 224 224 224 224 224 223 223 223 223 223 222 222 222 222 221 221 221 221 220 220 220 220 219 219 219 219 218 218 218 217 217 217
233 233 233 233 233 233 233 233 233 233 233 232 232 232 232 232 232 232 232 232 232 231 231 231 231 231 231 231 231 230 230 230 230 230 230 230 229 229 229 229 229 229 229 228 228 228 228 228 228 227 227 227 227 227 226 226 226 226 226 226 225 225 225 225 224 224 224 224 224 223 223 223 223 223 222 222 222 222 221 221 221 221 220 220 220 220 219 219 219 218 218 218 218 217
234 234 234 234 233 233 233 233 233 233 233 233 233 233 233 233 232 232 232 232 232 232 232 232 232 231 231 231 231 231 231 231 230 230 230 230 230 230 230 229 229 229 229 229 229 228 228 228 228 228 228 227 227 227 227 227 227 226 226 226 226 226 225 225 225 225 225 224 224 224 224 223 223 223 223 222 222 222 222 222 221 221 221 221 220 220 220 219 219 219 219 218 218 218
234 234 234 234 234 234 234 234 234 233 233 233 233 233 233 233 233 233 233 232 232 232 232 232 232 232 232 232 231 231 231 231 231 231 231 230 230 230 230 230 230 230 229 229 229 229 229 229 228 228 228 228 228 228 227 227 227 227 227 226 226 226 226 226 225 225 225 225 225 224 224 224 224 223 223 223 223 222 222 222 222 221 221 221 221 220 220 220 220 219 219 219 219 218
235 235 234 234 234 234 234 234 234 234 234 234 234 234 233 233 233 233 233 233 233 233 233 232 232 232 232 232 232 232 232 231 231 231 231 231 231 231 230 230 230 230 230 230 230 229 229 229 229 229 228 228 228 228 228 228 227 227 227 227 227 226 226 226 226 226 225 225 225 225 224 224 224 224 224 223 223 223 223 222 222 222 222 221 221 221 221 220 220 220 220 219 219 219
235 235 235 235 235 235 235 234 234 234 234 234 234 234 234 234 234 234 233 233 233 233 233 233 233 233 233 232 232 232 232 232 232 232 231 231 231 231 231 231 231 230 230 230 230 230 230 229 229 229 229 229 229 228 228 228 228 228 227 227 227 227 227 226 226 226 226 226 225 225 225 225 224 224 224 224 224 223 223 223 223 222 222 222 222 221 221 221 221 220 220 220 219 219
235 235 235 235 235 235 235 235 235 235 235 235 234 234 234 234 234 234 234 234 234 234 233 233 233 233 233 233 233 233 232 232 232 232 232 232 232 231 231 231 231 231 231 231 230 230 230 230 230 230 229 229 229 229 229 228 228 228 228 228 227 227 227 227 227 226 226 226 226 226 225 225 225 225 224 224 224 224 223 223 223 223 223 222 222 222 221 221 221 221 220 220 220 220
236 236 236 236 236 235 235 235 235 235 235 235 235 235 235 235 234 234 234 234 234 234 234 234 234 233 233 233 233 233 233 233 233 232 232 232 232 232 232 232 231 231 231 231 231 231 230 230 230 230 230 230 229 229 229 229 229 228 228 228 228 228 227 227 227 227 227 226 226 226 226 226 225 225 225 225 224 224 224 224 223 223 223 223 222 222 222 222 221 221 221 221 220 220
236 236 236 236 236 236 236 236 236 236 235 235 235 235 235 235 235 235 235 235 234 234 234 234 234 234 234 234 233 233 233 233 233 233 233 233 232 232 232 232 232 232 231 231 231 231 231 231 231 230 230 230 230 230 229 229 229 229 229 228 228 228 228 228 227 227 227 227 227 226 226 226 226 226 225 225 225 225 224 224 224 224 223 223 223 223 222 222 222 222 221 221 221 220
237 237 236 236 236 236 236 236 236 236 236 236 236 236 235 235 235 235 235 235 235 235 235 235 234 234 234 234 234 234 234 233 233 233 233 235 233 233 233 232 232 232 232 232 232 231 231 231 231 231 231 230 230 230 230 230 229 229 229 229 229 229 228 228 228 228 227 227 227 227 227 226 226 226 226 225 225 225 225 225 224 224 224 224 223 223 223 223 222 222 222 221 221 221
283 284 285 286 287 288 288 289 289 289 290 290 291 291 292 292 293 293 293 293 293 294 294 294 294 295 295 294 294 294 294 295 295 295 294 294 294 294 294 294 293 292 292 292 292 292 291 290 290 290 289 289 289 287 287 286 286 285 285 283 283 282 282 281 279 279 278 277 275 274 273 272 271 269 268 267 266 263 262 261 259 256 254 252 250 247 244 241 237 229 222 222 222 221
313 314 314 315 315 316 316 317 317 317 318 318 318 318 318 318 319 319 319 320 320 320 319 319 320 320 320 320 320 320 319 319 319 319 319 319 319 318 318 318 318 318 318 318 317 317 317 316 316 316 315 315 314 314 314 312 312 312 312 311 311 309 309 309 308 308 306 306 305 305 303 302 302 301 300 299 298 297 297 295 294 293 292 290 290 289 288 286 285 283 282 280 279 278
334 335 335 336 336 336 336 336 337 337 337 338 338 338 338 339 338 338 338 339 339 339 339 339 339 339 339 339 339 339 339 339 339 338 338 338 338 338 338 338 337 337 337 337 337 337 335 335 335 335 335 335 333 333 333 333 332 332 331 331 330 330 330 328 328 328 327 326 325 325 324 324 322 322 321 321 319 319 318 318 317 315 315 314 313 312 311 310 309 308 307 306 304 303
351 351 352 352 352 353 353 353 354 354 353 353 354 354 354 354 355 355 355 355 354 354 355 355 355 355 355 355 354 354 354 354 354 354 354 354 353 353 353 353 353 353 353 352 352 352 352 352 352 350 350 350 350 350 349 348 348 348 348 347 346 346 346 345 345 344 343 343 343 341 341 340 340 340 338 338 337 337 335 335 334 334 332 332 331 331 329 328 328 327 325 325 324 323
366 366 365 366 366 366 367 367 367 368 368 368 368 368 368 368 368 368 368 369 369 369 369 368 368 368 368 368 369 369 369 368 368 368 368 368 368 368 368 367 367 367 367 366 366 365 365 365 365 365 365 364 363 363 363 363 362 361 361 361 361 361 359 359 359 358 358 357 356 356 356 354 354 354 353 353 352 351 351 350 349 348 348 347 346 345 345 344 343 342 342 341 339 339
378 378 379 379 379 379 380 379 379 379 380 380 380 380 381 381 381 381 380 380 380 381 381 381 381 381 381 380 380 380 380 380 380 380 379 379 379 379 379 379 379 378 378 378 378 378 378 377 377 377 376 376 376 375 375 375 375 374 374 373 373 372 372 372 371 370 370 370 369 368 368 368 367 366 366 365 365 364 363 363 362 362 360 360 360 359 358 357 357 355 355 354 354 352
389 389 389 390 390 390 391 391 391 391 391 391 391 391 391 391 392 392 392 392 392 391 391 391 391 392 392 392 392 392 391 391 391 391 391 391 391 390 390 390 390 390 390 390 389 389 388 388 388 388 387 387 387 387 387 385 385 385 385 385 384 383 383 383 383 382 381 381 380 380 379 379 378 378 378 376 376 376 375 374 374 373 373 371 371 370 370 369 368 368 367 366 365 365
