testData/tiles/oneDegreeCosts/grid10.0-23.0-11.0-24.0.asc
ncols   200
nrows   200
xllcorner   10.0
yllcorner   23.0
cellsize   0.005
NODATA_value   -9999.0
[rows 56 to 111 of 200, columns 96 to 191 of 200]
28 28 29 29 30 30 31 31 31 32 32 33 33 34 33 34 34 35 35 35 36 36 37 37 38 38 39 39 40 40 40 41 41 42 42 43 43 43 43 43 44 44 45 45 46 46 47 47 48 48 48 49 49 50 49 50 50 51 51 51 52 52 53 53 54 54 54 55 55 56 56 57 57 58 58 58 59 59 60 60 61 58 58 59 59 60 60 61 61 61 62 62 63 63 64 64
28 28 29 29 29 30 30 31 31 32 32 33 33 34 34 34 34 34 35 35 36 36 37 37 38 38 38 39 39 40 40 41 41 42 42 42 43 43 43 43 44 44 45 45 45 46 46 47 47 48 48 49 49 49 50 50 50 50 51 51 52 52 52 53 53 54 54 55 55 56 56 56 57 57 58 58 59 59 59 60 60 58 58 59 59 60 60 60 61 61 62 62 63 63 63 64
27 28 28 29 29 30 30 31 31 32 32 32 33 33 34 34 34 34 35 35 35 36 36 37 37 38 38 39 39 40 40 40 41 41 42 42 43 43 44 43 43 44 44 45 45 46 46 47 47 47 48 48 49 49 50 50 50 50 50 51 51 52 52 53 53 54 54 54 55 55 56 56 57 57 57 58 58 59 59 60 60 61 58 58 59 59 60 60 61 61 61 62 62 63 63 64
27 28 28 29 29 29 30 30 31 31 32 32 33 33 34 34 34 34 34 35 35 36 36 37 37 38 38 38 39 39 40 40 41 41 42 42 42 43 43 44 43 44 44 45 45 45 46 46 47 47 48 48 49 49 49 50 50 50 50 51 51 52 52 52 53 53 54 54 55 55 55 56 56 57 57 58 58 59 59 59 60 60 61 58 59 59 59 60 60 61 61 62 62 62 63 63
27 27 28 28 29 29 30 30 31 31 32 32 32 33 33 34 34 35 34 35 35 36 36 36 37 37 38 38 39 39 40 40 40 41 41 42 42 43 43 44 44 44 44 44 45 45 46 46 47 47 47 48 48 49 49 50 50 50 50 50 51 51 52 52 53 53 53 54 54 55 55 56 56 57 57 57 58 58 59 59 60 60 60 58 58 59 59 60 60 60 61 61 62 62 63 63
27 27 28 28 29 29 30 30 30 31 31 32 32 33 33 34 34 34 35 35 35 35 36 36 37 37 38 38 38 39 39 40 40 41 41 42 42 42 43 43 44 44 44 44 45 45 45 46 46 47 47 48 48 49 49 49 50 50 50 50 51 51 51 52 52 53 53 54 54 55 55 55 56 56 57 57 58 58 58 59 59 60 60 61 58 58 59 59 60 60 61 61 61 62 62 63
27 27 27 28 28 29 29 30 30 31 31 32 32 32 33 33 34 34 35 35 35 35 36 36 36 37 37 38 38 39 39 40 40 40 41 41 42 42 43 43 44 44 44 44 44 45 45 46 46 47 47 47 48 48 49 49 50 50 50 50 50 51 51 52 52 53 53 53 54 54 55 55 56 56 56 57 57 58 58 59 59 60 60 60 61 58 59 59 60 60 60 61 61 62 62 62
26 27 27 28 28 29 29 30 30 30 31 31 32 32 33 33 34 34 34 35 35 35 35 36 36 37 37 38 38 38 39 39 40 40 41 41 42 42 42 43 43 44 44 44 44 45 45 45 46 46 47 47 48 48 48 49 49 50 50 50 50 51 51 51 52 52 53 53 54 54 54 55 55 56 56 57 57 58 58 58 59 59 60 60 61 58 58 59 59 60 60 61 61 61 62 62
26 27 27 27 28 28 29 29 30 30 31 31 32 32 32 33 33 34 34 35 35 36 35 36 36 36 37 37 38 38 39 39 40 40 40 41 41 42 42 43 43 44 44 44 44 44 45 45 46 46 46 47 47 48 48 49 49 50 50 50 50 50 51 51 52 52 52 53 53 54 54 55 55 56 56 56 57 57 58 58 59 59 59 60 60 61 58 59 59 59 60 60 61 61 62 62
26 26 27 27 28 28 29 29 30 30 30 31 31 32 32 33 33 34 34 34 35 35 36 36 36 36 37 37 38 38 38 39 39 40 40 41 41 42 42 42 43 43 44 44 44 44 44 45 45 46 46 47 47 48 48 48 49 49 50 50 51 50 51 51 51 52 52 53 53 54 54 54 55 55 56 56 57 57 57 58 58 59 59 60 60 60 61 58 59 59 60 60 60 61 61 62
26 26 27 27 28 28 28 29 29 30 30 31 31 32 32 32 33 33 34 34 35 35 36 36 36 36 36 37 37 38 38 39 39 40 40 40 41 41 42 42 43 43 43 44 44 44 44 45 45 46 46 46 47 47 48 48 49 49 50 50 50 50 50 51 51 52 52 52 53 53 54 54 55 55 55 56 56 57 57 58 58 58 59 59 60 60 61 58 58 59 59 60 60 61 61 61
25 26 26 27 27 28 28 29 29 30 30 30 31 31 32 32 33 33 34 34 34 35 35 36 36 36 36 37 37 37 38 38 39 39 40 40 41 41 41 42 42 43 43 44 44 45 44 44 45 45 46 46 47 47 48 48 48 49 49 50 50 51 50 50 51 51 52 52 53 53 53 54 54 55 55 56 56 56 57 57 58 58 59 59 59 60 60 61 58 59 59 59 60 60 61 61
25 26 26 27 27 28 28 28 29 29 30 30 31 31 32 32 32 33 33 34 34 35 35 36 36 36 36 36 37 37 38 38 39 39 39 40 40 41 41 42 42 43 43 43 44 44 44 44 45 45 46 46 46 47 47 48 48 49 49 49 50 50 50 50 51 51 51 52 52 53 53 54 54 55 55 55 56 56 57 57 58 58 58 59 59 60 60 60 58 58 59 59 60 60 60 61
25 25 26 26 27 27 28 28 29 29 30 30 30 31 31 32 32 33 33 34 34 34 35 35 36 36 36 36 37 37 37 38 38 39 39 40 40 41 41 41 42 42 43 43 44 44 45 44 44 45 45 46 46 47 47 47 48 48 49 49 50 50 51 50 50 51 51 52 52 53 53 53 54 54 55 55 56 56 56 57 57 58 58 59 59 59 60 60 61 58 58 59 59 60 60 61
25 25 26 26 27 27 28 28 28 29 29 30 30 31 31 32 32 32 33 33 34 34 35 35 36 36 36 36 36 37 37 38 38 39 39 39 40 40 41 41 42 42 43 43 43 44 44 45 44 45 45 45 46 46 47 47 48 48 49 49 49 50 50 50 50 51 51 51 52 52 53 53 54 54 54 55 55 56 56 57 57 57 58 58 59 59 60 60 60 58 58 59 59 59 60 60
25 25 26 26 26 27 27 28 28 29 29 30 30 30 31 31 32 32 33 33 34 34 34 35 35 36 36 36 36 37 37 37 38 38 39 39 40 40 41 41 41 42 42 43 43 44 44 44 44 44 45 45 46 46 47 47 47 48 48 49 49 50 50 50 50 50 51 51 52 52 52 53 53 54 54 55 55 55 56 56 57 57 58 58 58 59 59 60 60 61 58 58 59 59 60 60
25 25 25 26 26 27 27 28 28 28 29 29 30 30 31 31 32 32 32 33 33 34 34 35 35 36 36 36 36 36 37 37 38 38 39 39 39 40 40 41 41 42 42 42 43 43 44 44 45 44 45 45 45 46 46 47 47 48 48 48 49 49 50 50 50 50 50 51 51 52 52 53 53 53 54 54 55 55 56 56 56 57 57 58 58 59 59 59 60 60 58 58 59 59 59 60
25 25 25 26 26 26 27 27 28 28 29 29 30 30 30 31 31 32 32 33 33 34 34 34 35 35 36 36 36 36 37 37 37 38 38 39 39 40 40 40 41 41 42 42 43 43 44 44 44 44 44 45 45 46 46 46 47 47 48 48 49 49 49 50 50 50 50 51 51 51 52 52 53 53 54 54 54 55 55 56 56 57 57 57 58 58 59 59 60 60 58 58 58 59 59 59
25 25 25 25 26 26 27 27 28 28 28 29 29 30 30 31 31 32 32 32 33 33 34 34 35 35 36 36 36 36 36 37 37 38 38 38 39 39 40 40 41 41 42 42 42 43 43 44 44 44 44 44 45 45 46 46 47 47 47 48 48 49 49 50 50 50 50 50 51 51 52 52 53 53 53 54 54 55 55 55 56 56 57 57 58 58 58 59 59 60 60 58 58 58 59 59
25 25 25 25 25 26 26 27 27 28 28 29 29 30 30 30 31 31 32 32 33 33 34 34 34 35 35 36 36 36 36 36 37 37 38 38 39 39 40 40 40 41 41 42 42 43 43 43 44 44 44 44 45 45 46 46 46 47 47 48 48 49 49 49 50 50 50 50 51 51 51 52 52 53 53 54 54 54 55 55 56 56 56 57 57 58 58 59 59 59 60 57 58 58 59 59
26 25 25 25 25 26 26 27 27 27 28 28 29 29 30 30 31 31 31 32 32 33 33 34 34 35 35 35 36 36 36 36 37 37 38 38 38 39 39 40 40 41 41 41 42 42 43 43 44 44 44 44 44 45 45 46 46 47 47 47 48 48 49 49 50 50 50 50 50 51 51 52 52 52 53 53 54 54 55 55 55 56 56 57 57 57 58 58 59 59 60 57 57 58 58 59
26 25 25 25 25 25 26 26 27 27 28 28 29 29 29 30 30 31 31 32 32 33 33 33 34 34 35 35 36 36 36 36 36 37 37 38 38 39 39 39 40 40 41 41 42 42 43 43 43 44 44 44 44 45 45 45 46 46 47 47 48 48 48 49 49 50 50 50 50 50 51 51 52 52 53 53 53 54 54 55 55 56 56 56 57 57 58 58 58 59 59 60 57 58 58 58
26 25 25 25 25 25 26 26 27 27 27 28 28 29 29 30 30 31 31 31 32 32 33 33 34 34 35 35 35 36 35 36 36 37 37 37 38 38 39 39 40 40 41 41 41 42 42 43 43 44 44 44 44 44 45 45 46 46 46 47 47 48 48 49 49 49 50 49 50 50 51 51 51 52 52 53 53 54 54 54 55 55 56 56 57 57 57 58 58 59 59 59 57 57 58 58
26 26 25 25 25 25 25 26 26 27 27 28 28 29 29 29 30 30 31 31 32 32 33 33 33 34 34 35 35 36 35 35 36 36 37 37 38 38 39 39 39 40 40 41 41 42 42 42 43 43 44 44 44 44 44 45 45 46 46 47 47 47 48 48 49 49 50 49 49 50 50 51 51 52 52 52 53 53 54 54 55 55 55 56 56 57 57 57 58 58 59 59 57 57 57 58
26 26 25 25 25 25 25 26 26 27 27 27 28 28 29 29 30 30 31 31 31 32 32 33 33 34 34 35 35 35 36 35 36 36 37 37 37 38 38 39 39 40 40 40 41 41 42 42 43 43 44 44 43 44 44 45 45 46 46 46 47 47 48 48 49 49 49 49 49 50 50 50 51 51 52 52 53 53 53 54 54 55 55 56 56 56 57 57 58 58 58 59 57 57 57 58
26 26 26 25 25 25 25 25 26 26 27 27 28 28 29 29 29 30 30 31 31 32 32 33 33 33 34 34 35 35 36 35 35 36 36 37 37 38 38 38 39 39 40 40 41 41 42 42 42 43 43 44 43 44 44 44 45 45 46 46 47 47 47 48 48 49 49 49 49 49 50 50 51 51 51 52 52 53 53 54 54 54 55 55 56 56 57 57 57 58 58 59 59 56 57 57
26 26 26 25 25 25 25 25 26 26 27 27 27 28 28 29 29 30 30 30 31 31 32 32 33 33 34 34 34 35 35 35 35 36 36 36 37 37 38 38 39 39 40 40 40 41 41 42 42 43 43 43 43 43 44 44 45 45 45 46 46 47 47 48 48 48 49 49 49 49 50 50 50 51 51 52 52 52 53 53 54 54 55 55 55 56 56 57 57 57 58 58 59 56 57 57
26 26 26 25 25 25 25 25 25 26 26 27 27 28 28 28 29 29 30 30 31 31 32 32 32 33 33 34 34 35 35 35 35 35 36 36 37 37 38 38 38 39 39 40 40 41 41 41 42 42 43 43 43 43 43 44 44 45 45 46 46 46 47 47 48 48 49 49 48 49 49 50 50 51 51 51 52 52 53 53 53 54 54 55 55 56 56 56 57 57 58 58 58 56 56 57
26 26 26 25 25 25 25 25 25 26 26 26 27 27 28 28 29 29 30 30 30 31 31 32 32 33 33 34 34 34 35 35 35 35 36 36 36 37 37 38 38 39 39 39 40 40 41 41 42 42 42 43 43 43 43 44 44 44 45 45 46 46 47 47 47 48 48 49 48 49 49 49 50 50 51 51 51 52 52 53 53 54 54 54 55 55 56 56 56 57 57 58 58 56 56 56
26 26 26 26 25 25 25 25 25 25 26 26 27 27 28 28 28 29 29 30 30 31 31 32 32 32 33 33 34 34 35 35 34 35 35 36 36 37 37 37 38 38 39 39 40 40 40 41 41 42 42 43 43 42 43 43 44 44 45 45 45 46 46 47 47 48 48 48 48 48 49 49 50 50 50 51 51 52 52 52 53 53 54 54 55 55 55 56 56 57 57 57 58 56 56 56
26 26 26 26 25 25 25 25 25 25 26 26 26 27 27 28 28 29 29 30 30 30 31 31 32 32 33 33 33 34 34 35 34 35 35 35 36 36 37 37 38 38 39 39 39 40 40 41 41 42 42 42 43 42 43 43 44 44 44 45 45 46 46 46 47 47 48 48 48 48 48 49 49 50 50 51 51 51 52 52 53 53 53 54 54 55 55 56 56 56 57 57 58 56 56 56
26 26 26 26 25 25 25 25 25 25 25 26 26 27 27 28 28 28 29 29 30 30 31 31 31 32 32 33 33 34 34 35 34 34 35 35 36 36 37 37 37 38 38 39 39 40 40 40 41 41 42 42 43 42 42 43 43 44 44 45 45 45 46 46 47 47 47 48 47 48 48 49 49 49 50 50 51 51 51 52 52 53 53 54 54 54 55 55 56 56 56 57 57 56 56 56
26 26 26 26 25 25 25 25 25 25 25 26 26 26 27 27 28 28 29 29 29 30 30 31 31 32 32 33 33 33 34 34 34 34 35 35 35 36 36 37 37 38 38 38 39 39 40 40 41 41 41 42 42 42 42 43 43 43 44 44 45 45 46 46 46 47 47 48 47 47 48 48 49 49 50 50 50 51 51 52 52 52 53 53 54 54 55 55 55 56 56 57 57 56 56 56
26 26 26 26 25 25 25 25 25 25 25 25 26 26 27 27 27 28 28 29 29 30 30 31 31 31 32 32 33 33 34 34 33 34 34 35 35 36 36 36 37 37 38 38 39 39 39 40 40 41 41 42 42 41 42 42 43 43 44 44 44 45 45 46 46 46 47 47 47 47 48 48 48 49 49 50 50 51 51 51 52 52 53 53 53 54 54 55 55 55 56 56 57 56 56 56
26 26 26 26 25 25 25 25 25 25 25 25 25 26 26 27 27 28 28 29 29 29 30 30 31 31 32 32 32 33 33 34 33 34 34 34 35 35 36 36 37 37 37 38 38 39 39 40 40 40 41 41 42 41 42 42 42 43 43 44 44 45 45 45 46 46 47 47 46 47 47 48 48 49 49 49 50 50 51 51 51 52 52 53 53 54 54 54 55 55 56 56 56 56 56 56
26 26 26 26 25 25 25 25 25 25 25 25 25 26 26 27 27 27 28 28 29 29 30 30 30 31 31 32 32 33 33 33 33 33 34 34 35 35 35 36 36 37 37 38 38 38 39 39 40 40 41 41 41 41 41 42 42 43 43 43 44 44 45 45 46 46 46 47 46 47 47 47 48 48 49 49 50 50 50 51 51 52 52 52 53 53 54 54 54 55 55 56 56 56 56 56
26 26 26 26 25 25 25 25 25 25 25 25 25 25 26 26 27 27 28 28 28 29 29 30 30 31 31 31 32 32 33 33 33 33 34 34 34 35 35 36 36 37 37 37 38 38 39 39 39 40 40 41 41 41 41 41 42 42 43 43 44 44 44 45 45 46 46 47 46 46 47 47 48 48 48 49 49 50 50 50 51 51 52 52 53 53 53 54 54 55 55 198 199 196 197 197
26 26 26 26 25 25 25 25 25 25 25 25 25 25 26 26 26 27 27 28 28 29 29 30 30 30 31 31 32 32 33 33 32 33 33 34 34 35 35 35 36 36 37 37 38 38 38 39 39 40 40 41 41 40 41 41 42 42 42 43 43 44 44 45 45 45 46 46 46 46 46 47 47 48 48 49 49 49 50 50 51 51 51 195 195 196 196 196 197 197 198 198 199 196 196 197
26 26 26 26 25 25 25 25 25 25 25 25 25 25 25 26 26 27 27 28 28 28 29 29 30 30 31 31 31 32 32 33 32 33 33 33 34 34 35 35 36 36 36 37 37 38 38 39 39 39 40 40 41 40 40 41 41 42 42 43 43 43 44 44 45 45 46 46 45 46 46 47 47 47 48 48 49 49 192 193 193 194 194 195 195 195 196 196 197 197 197 198 198 196 196 196
26 26 26 26 25 25 25 25 25 25 25 25 25 25 25 26 26 26 27 27 28 28 29 29 29 30 30 31 31 32 32 32 32 32 33 33 34 34 34 35 35 36 36 37 37 37 38 38 39 39 40 40 40 40 40 41 41 41 42 42 43 43 44 44 44 45 45 46 45 45 46 46 47 190 191 191 191 192 192 193 193 193 194 194 195 195 195 196 196 197 197 198 198 195 196 196
26 26 26 25 25 25 25 25 25 25 25 25 25 25 25 25 26 26 27 27 27 28 28 29 29 30 30 30 31 31 32 32 32 32 32 33 33 34 34 35 35 35 36 36 37 37 38 38 38 39 39 40 39 40 40 40 41 41 42 42 42 43 43 44 44 45 45 45 45 188 189 189 189 190 190 191 191 192 192 192 193 193 194 194 194 195 195 196 196 196 197 197 198 195 195 196
26 26 26 25 25 25 25 25 25 25 25 25 25 25 25 25 25 26 26 27 27 28 28 28 29 29 30 30 31 31 31 31 31 32 32 33 33 33 34 34 35 35 36 36 36 37 37 38 38 39 39 39 39 39 40 40 41 41 41 42 42 43 43 43 44 187 188 188 188 188 188 189 189 190 190 190 191 191 192 192 192 193 193 194 194 194 195 195 196 196 197 197 197 195 195 196
26 26 26 25 25 25 25 25 25 25 25 25 25 25 25 25 25 26 26 27 27 27 28 28 29 29 30 30 30 31 31 31 31 32 32 32 33 33 34 34 34 35 35 36 36 37 37 37 38 38 39 39 39 39 39 40 40 41 41 41 42 42 186 186 187 187 187 188 187 188 188 188 189 189 190 190 191 191 191 192 192 193 193 193 194 194 195 195 195 196 196 197 197 194 195 195
26 26 26 25 25 25 25 25 25 25 25 25 25 25 25 25 25 25 26 26 27 27 28 28 28 29 29 30 30 31 31 30 31 31 32 32 33 33 33 34 34 35 35 35 36 36 37 37 38 38 38 39 38 39 39 40 40 40 41 184 185 185 185 186 186 187 187 187 187 187 188 188 189 189 189 190 190 191 191 191 192 192 193 193 193 194 194 195 195 196 196 196 197 194 195 195
26 26 25 25 25 25 25 25 25 25 25 25 25 25 25 25 25 25 26 26 26 27 27 28 28 29 29 29 30 30 31 30 31 31 31 32 32 33 33 34 34 34 35 35 36 36 36 37 37 38 38 39 38 38 39 39 183 183 184 184 184 185 185 186 186 186 187 186 187 187 187 188 188 189 189 190 190 190 191 191 192 192 192 193 193 194 194 194 195 195 196 196 193 194 194 195
26 26 25 25 25 25 25 25 25 25 25 25 25 25 25 25 25 25 25 26 26 27 27 27 28 28 29 29 30 30 29 30 30 31 31 32 32 32 33 33 34 34 35 35 35 36 36 37 37 37 38 38 38 181 182 182 182 183 183 184 184 184 185 185 186 186 187 186 186 187 187 188 188 188 189 189 190 190 190 191 191 192 192 192 193 193 194 194 195 195 195 196 193 194 194 194
26 25 25 25 25 25 25 25 25 25 25 25 25 25 25 25 25 25 25 25 26 26 27 27 28 28 28 29 29 30 29 30 30 30 31 31 32 32 33 33 33 34 34 35 35 36 36 36 37 37 38 180 180 181 181 182 182 183 183 183 184 184 185 185 185 186 186 186 186 186 187 187 188 188 189 189 189 190 190 191 191 191 192 192 193 193 193 194 194 195 195 195 193 193 194 194
26 25 25 25 25 25 25 25 25 25 25 25 25 25 25 25 25 25 25 25 26 26 26 27 27 28 28 29 29 29 29 29 30 30 31 31 31 32 32 33 33 34 34 34 35 35 36 36 179 180 180 180 180 181 181 181 182 182 183 183 183 184 184 185 185 186 185 185 186 186 187 187 187 188 188 189 189 189 190 190 191 191 191 192 192 193 193 194 194 194 195 195 193 193 193 194
26 25 25 25 25 25 25 25 25 25 25 25 25 25 25 25 25 25 25 25 25 26 26 27 27 28 28 28 29 28 29 29 29 30 30 31 31 32 32 32 33 33 34 34 35 35 178 179 179 180 179 179 180 180 181 181 182 182 182 183 183 184 184 184 185 185 185 185 186 186 186 187 187 188 188 188 189 189 190 190 190 191 191 192 192 192 193 193 194 194 194 192 192 193 193 193
25 25 25 25 25 25 25 25 25 25 25 25 25 25 25 25 25 25 25 25 25 26 26 26 27 27 28 28 29 28 28 29 29 30 30 30 31 31 32 32 33 33 33 177 177 178 178 179 179 179 179 179 180 180 180 181 181 182 182 183 183 183 184 184 185 185 184 185 185 186 186 186 187 187 188 188 188 189 189 190 190 190 191 191 192 192 193 193 193 194 194 191 192 192 193 193
25 25 25 25 25 25 25 25 25 25 25 25 25 25 25 25 25 25 25 25 25 25 26 26 27 27 27 28 27 28 28 29 29 29 30 30 31 31 31 32 32 176 176 177 177 177 178 178 179 178 178 179 179 180 180 181 181 181 182 182 183 183 183 184 184 184 184 185 185 185 186 186 187 187 187 188 188 189 189 189 190 190 191 191 191 192 192 193 193 193 194 191 192 192 192 193
25 25 25 25 25 25 25 25 25 25 25 25 25 25 25 25 25 25 25 25 25 25 25 26 26 27 27 28 27 27 28 28 29 29 30 30 30 31 31 175 175 175 176 176 177 177 178 178 178 178 178 179 179 179 180 180 181 181 182 182 182 183 183 184 184 183 184 184 185 185 185 186 186 187 187 187 188 188 189 189 189 190 190 191 191 191 192 192 193 193 190 191 191 192 192 192
25 25 25 25 25 25 25 25 25 25 25 25 25 25 25 25 25 25 25 25 25 25 25 26 26 26 27 26 27 27 28 28 28 29 29 30 30 174 174 174 175 175 176 176 176 177 177 178 178 178 178 178 179 179 180 180 180 181 181 182 182 182 183 183 183 183 184 184 184 185 185 186 186 186 187 187 188 188 188 189 189 190 190 190 191 191 192 192 192 193 190 191 191 191 192 192
25 25 25 25 25 25 25 25 25 25 25 25 25 25 25 25 25 25 25 25 25 25 25 25 26 26 27 26 26 27 27 28 28 29 29 172 173 173 174 174 174 175 175 176 176 177 177 177 177 177 178 178 178 179 179 180 180 181 181 181 182 182 183 183 182 183 183 184 184 184 185 185 186 186 186 187 187 188 188 188 189 189 190 190 190 191 191 192 192 192 190 190 191 191 191 192
25 25 25 25 25 25 25 25 25 25 25 25 25 25 25 25 25 25 25 25 25 25 25 25 25 26 25 26 26 27 27 27 28 171 172 172 173 173 173 174 174 175 175 175 176 176 177 177 177 177 177 178 178 179 179 179 180 180 181 181 181 182 182 182 182 183 183 183 184 184 185 185 185 186 186 187 187 187 188 188 189 189 189 190 190 191 191 191 192 189 190 190 190 191 191 192
25 25 25 25 25 25 25 25 25 25 25 25 25 25 25 25 25 25 25 25 25 25 25 25 25 26 25 25 26 26 27 27 171 171 171 172 172 173 173 174 174 174 175 175 176 176 176 176 176 177 177 177 178 178 179 179 180 180 180 181 181 182 182 181 182 182 183 183 183 184 184 185 185 185 186 186 187 187 187 188 188 189 189 189 190 190 191 191 191 189 189 190 190 190 191 191
