testData/tiles/oneDegreeCosts/grid16.0-19.0-17.0-20.0.asc
ncols   200
nrows   200
xllcorner   16.0
yllcorner   19.0
cellsize   0.005
NODATA_value   -9999.0
[rows 42 to 83 of 200, columns 94 to 187 of 200]
230 234 235 237 239 241 243 243 244 245 246 247 249 248 249 250 251 251 252 252 253 254 254 254 254 256 256 256 256 257 257 258 257 258 259 259 259 259 259 260 259 261 261 260 261 261 261 261 261 261 261 262 262 262 262 262 262 261 262 262 262 262 322 321 321 321 321 321 321 320 320 321 321 321 320 320 321 320 320 319 319 319 319 320 319 319 318 319 319 318 318 317 317 316
235 234 239 240 242 244 246 247 248 249 250 251 252 252 253 254 255 255 255 257 257 258 258 258 259 259 261 261 261 261 262 262 261 262 263 264 263 263 264 264 264 264 265 266 265 265 266 266 265 266 266 266 267 267 267 266 267 267 266 266 267 267 326 326 326 326 326 325 326 326 325 325 326 326 326 326 325 325 325 325 325 324 324 324 324 325 324 324 323 323 324 323 323 322
238 239 239 244 243 246 247 250 251 252 253 253 254 255 257 258 258 258 259 260 261 261 262 262 263 263 263 264 265 265 266 265 266 266 267 267 267 268 268 268 268 268 269 269 269 270 270 269 270 270 270 270 271 271 271 271 271 271 271 271 271 329 331 331 330 330 331 330 330 330 330 330 330 329 330 331 330 330 330 329 329 330 329 329 328 328 328 329 329 328 328 328 327 327
242 242 243 243 243 247 249 251 254 255 256 256 257 258 259 261 262 261 262 263 264 265 265 265 266 267 267 267 268 269 269 270 269 269 270 270 271 271 272 272 271 272 272 272 273 273 274 274 273 274 274 274 273 274 275 275 275 275 275 274 275 334 334 333 335 335 334 334 335 334 334 334 333 334 334 334 334 334 334 334 334 333 333 333 333 333 332 332 332 332 333 332 332 332
246 246 246 246 246 246 251 253 255 256 258 259 260 261 262 263 264 264 265 266 267 266 268 269 269 270 269 270 270 271 272 272 272 273 273 273 273 275 275 275 275 275 276 276 275 276 277 277 277 277 277 278 277 277 277 279 278 278 279 278 278 337 338 337 337 338 338 338 338 337 338 338 337 337 337 337 337 338 337 337 338 337 337 337 336 336 337 336 336 335 335 336 335 336
249 249 249 249 250 249 249 254 255 257 260 260 261 263 264 265 266 266 267 268 269 269 270 271 271 272 272 273 273 273 274 275 276 275 276 276 276 276 277 278 278 279 278 278 279 279 278 280 280 280 280 280 280 281 280 280 282 282 281 281 282 340 340 340 341 340 340 341 341 341 341 340 340 341 340 340 340 339 340 341 340 340 340 340 340 340 339 339 339 339 339 338 338 339
252 252 252 252 251 252 252 252 257 257 260 261 263 264 265 266 267 268 269 270 271 271 272 272 273 274 275 275 275 275 276 276 278 277 278 278 279 279 279 279 280 281 280 281 281 281 281 281 282 283 283 282 283 283 282 283 283 283 284 284 284 343 343 343 343 342 343 343 344 343 344 344 343 343 343 343 343 343 342 342 343 343 343 343 342 342 343 342 342 342 341 341 342 341
255 255 254 254 254 254 255 255 255 255 259 261 264 265 267 267 268 269 271 272 273 272 273 274 274 276 276 276 277 277 278 279 278 280 280 281 280 280 281 281 282 282 283 283 283 283 283 283 284 284 284 285 285 285 285 285 285 286 285 286 287 345 345 345 346 345 345 345 345 345 346 346 345 346 346 345 345 346 345 345 345 344 345 346 345 345 345 344 344 345 344 344 344 343
256 257 257 257 256 256 256 257 257 257 257 261 262 265 267 268 269 270 271 273 273 274 275 275 275 276 278 278 278 279 279 280 280 281 281 282 282 283 282 283 283 283 285 284 285 285 285 285 285 286 286 286 287 287 287 286 287 287 287 287 296 347 348 347 347 347 348 347 347 347 346 347 348 347 347 348 348 347 347 347 347 347 347 346 347 347 347 347 347 346 346 346 346 346
258 258 259 259 258 258 258 259 259 259 259 259 263 264 267 268 270 271 271 272 274 275 276 276 276 277 278 280 280 280 280 281 281 282 282 283 284 284 284 284 284 285 285 286 295 295 296 296 296 296 296 297 297 297 298 298 297 298 298 298 297 357 358 358 357 358 358 357 357 358 358 357 357 359 358 358 358 348 349 349 349 348 348 349 348 348 349 348 348 349 348 348 348 347
260 260 260 260 260 260 260 260 261 261 260 260 260 260 265 268 269 270 272 273 274 276 276 277 277 278 279 280 280 281 281 282 283 282 283 283 285 294 294 294 295 295 296 295 296 297 297 297 297 297 298 297 297 298 299 298 299 299 299 299 299 358 358 358 359 359 359 359 359 359 358 359 359 359 358 360 360 359 359 359 359 359 359 359 349 349 350 349 350 350 349 349 350 349
261 261 261 262 262 262 261 261 261 262 262 262 262 261 261 266 268 270 272 272 273 274 276 277 278 278 279 279 280 281 282 282 292 292 293 292 293 294 295 295 295 295 296 296 297 297 297 298 298 298 298 298 299 299 299 300 300 300 300 300 300 359 359 359 359 360 360 360 360 360 360 360 359 360 360 360 360 360 361 360 360 360 359 360 360 360 359 359 359 350 351 351 350 350
262 262 262 262 263 263 263 262 262 262 263 263 263 263 262 262 267 268 271 272 273 274 275 276 278 279 279 288 289 290 291 291 292 292 293 294 294 294 294 296 296 296 296 296 297 297 297 298 299 299 298 299 299 299 300 299 300 301 301 300 301 360 360 359 360 360 360 361 361 361 360 361 361 360 360 360 361 360 361 361 361 361 361 360 360 360 360 360 360 360 359 359 359 360
263 263 263 263 263 264 263 263 263 263 263 264 264 263 263 263 263 263 269 271 272 273 274 284 286 287 287 288 289 290 290 290 292 292 293 294 293 294 294 295 296 296 296 297 297 298 297 297 299 299 299 299 299 300 299 299 300 300 301 301 301 360 360 360 360 360 360 360 361 361 361 361 361 360 361 361 361 360 361 361 361 361 361 361 361 361 361 360 360 361 360 360 360 359
264 264 264 264 263 263 264 264 264 264 264 264 264 264 264 264 264 264 264 269 279 281 282 284 284 285 287 288 289 289 289 290 291 292 293 293 293 294 294 295 295 296 296 297 297 297 297 298 298 298 299 299 300 299 299 300 300 300 300 301 301 360 360 360 361 360 360 360 361 360 361 361 361 361 361 361 361 361 361 361 361 361 361 361 361 361 361 361 361 360 360 360 360 360
263 264 264 264 264 264 264 264 264 264 264 264 264 265 264 264 264 273 273 273 278 278 280 282 283 284 285 287 287 288 289 289 290 290 292 293 293 293 293 294 295 294 296 296 297 297 297 297 297 298 298 299 299 299 300 299 299 300 300 299 300 360 360 360 360 360 360 360 360 360 360 360 361 361 361 361 361 360 360 361 361 360 360 360 361 361 361 360 360 361 360 360 360 359
263 263 264 264 264 264 264 264 264 264 264 264 264 264 274 273 273 273 273 273 273 273 278 279 281 283 284 284 286 287 288 289 289 289 290 291 292 292 293 293 294 294 294 294 296 296 297 296 297 297 297 297 298 299 299 298 299 299 299 299 299 358 360 359 359 360 360 359 359 360 360 359 359 361 360 360 360 361 360 360 360 360 360 360 359 359 360 360 360 360 360 359 360 360
263 263 263 264 264 264 264 263 263 264 264 273 273 273 272 273 273 273 273 273 272 272 273 278 278 280 281 282 283 285 286 286 287 288 289 290 290 291 292 292 293 292 293 293 294 295 295 295 296 296 297 296 296 297 298 298 298 298 299 298 298 358 358 357 359 359 359 358 359 359 358 359 359 359 358 360 360 359 359 359 360 359 359 359 359 359 359 358 358 359 359 359 359 358
263 263 263 263 263 263 263 263 272 272 273 272 272 272 272 272 273 273 272 272 272 272 272 273 272 277 278 280 282 282 284 285 286 287 288 287 288 289 290 291 291 291 292 292 292 292 294 294 295 294 295 295 296 295 295 297 297 297 297 297 298 356 356 357 357 357 358 358 358 357 358 358 357 357 358 358 357 358 359 358 358 358 358 358 358 358 357 358 358 357 357 358 357 358
262 262 262 262 262 263 271 271 271 271 271 272 272 271 271 271 271 271 272 272 271 271 271 271 272 272 276 276 278 280 281 281 283 284 285 286 286 287 287 289 290 289 290 290 291 292 291 292 293 294 293 293 294 294 294 294 294 296 296 296 296 355 355 355 355 356 355 356 356 357 356 356 357 356 356 356 357 356 356 357 357 357 357 356 356 357 357 356 356 356 356 356 356 356
261 261 261 270 270 270 271 270 270 270 270 270 271 271 270 270 270 270 270 271 270 270 270 270 270 271 270 270 275 276 278 278 280 282 283 284 285 284 285 286 287 287 288 288 289 290 289 290 290 292 291 292 292 292 293 292 293 293 294 294 294 354 354 353 354 354 353 353 354 355 354 355 355 354 354 355 355 354 354 355 354 355 355 355 355 355 354 354 355 355 354 354 353 353
259 269 269 269 269 269 268 269 269 269 269 269 269 269 269 269 269 269 269 268 269 269 269 269 269 268 268 269 269 274 273 275 277 278 280 280 281 282 283 284 283 284 286 286 287 287 287 288 288 288 289 290 290 291 290 290 291 291 291 291 292 352 351 351 352 351 351 352 352 351 352 353 352 353 353 353 352 353 353 352 352 352 352 353 353 353 353 353 353 352 352 353 352 352
267 267 267 267 267 267 267 267 268 268 267 267 267 267 268 268 267 267 267 267 267 268 267 267 267 267 267 267 267 267 267 272 273 274 275 277 278 279 279 280 281 282 283 283 284 284 285 285 285 286 286 286 287 288 288 288 288 288 289 288 289 348 349 349 349 349 350 349 349 350 349 349 351 351 350 350 351 350 350 350 350 350 350 350 350 351 351 350 350 351 350 350 350 349
265 265 265 266 265 265 265 265 265 266 266 265 265 265 265 266 266 266 265 265 265 265 266 265 265 265 265 265 265 265 265 265 265 270 271 272 275 276 277 277 278 278 279 279 280 281 282 283 282 283 283 284 283 285 285 286 285 286 286 286 286 345 346 347 346 347 347 346 347 347 347 347 347 347 347 348 348 347 347 348 348 347 347 348 347 347 347 348 348 348 347 347 347 347
263 263 263 263 263 263 263 263 263 263 264 263 263 263 263 263 263 263 263 263 263 263 263 263 263 263 263 263 262 262 263 263 263 263 267 267 269 271 272 273 274 275 276 276 276 277 279 278 279 280 280 280 280 281 281 282 282 283 283 283 283 342 343 342 342 344 344 344 344 344 344 344 344 343 344 344 345 345 345 345 344 345 345 344 344 344 344 344 344 343 344 345 344 344
261 261 260 260 260 261 261 261 261 260 260 261 261 261 261 260 260 260 261 261 261 260 260 260 261 261 260 260 260 260 260 261 260 260 260 260 264 265 267 269 270 270 271 272 273 273 274 275 276 277 276 277 277 278 277 278 279 280 279 280 280 338 339 339 340 339 339 341 340 340 341 341 340 341 341 340 341 341 341 341 342 341 341 341 341 341 341 340 340 341 340 340 341 340
257 258 258 258 257 257 258 258 258 258 258 257 258 258 258 258 258 257 257 258 258 258 258 257 257 257 258 258 257 257 257 257 257 257 257 257 257 257 261 262 265 266 266 268 268 269 269 270 271 272 273 273 273 274 273 274 274 275 275 276 276 336 335 335 336 335 336 336 337 337 337 337 337 337 337 337 337 337 336 337 338 337 337 338 337 337 337 337 337 337 336 336 337 336
254 254 255 255 255 254 254 255 255 255 255 254 254 254 255 255 255 254 254 254 255 255 255 254 254 254 254 255 254 254 254 254 254 253 254 254 254 253 253 258 258 260 261 263 264 265 265 265 266 267 268 268 269 270 269 270 270 271 270 271 331 331 331 332 332 331 332 332 331 332 333 332 333 333 332 333 333 332 333 333 332 332 334 333 333 333 333 333 333 332 333 332 332 332
251 251 251 251 251 251 251 251 251 251 251 251 251 251 251 251 251 251 251 251 251 251 251 251 251 251 250 250 251 251 251 250 250 250 250 250 250 250 250 250 249 254 254 257 258 259 260 261 261 262 262 263 264 264 265 266 265 266 266 266 266 327 327 327 327 327 327 327 328 327 327 328 328 328 329 328 328 329 328 328 328 328 328 328 327 329 329 328 328 328 328 328 327 327
247 247 247 247 248 247 247 247 247 247 248 247 247 247 247 247 248 247 247 247 247 247 247 247 247 247 247 246 246 247 247 247 246 246 246 246 245 246 246 246 245 245 245 250 251 252 254 255 255 256 257 258 257 259 260 260 260 261 261 261 261 321 321 322 322 322 322 322 323 322 322 323 322 322 324 323 323 324 323 323 324 323 323 322 323 323 322 323 324 323 323 322 323 323
243 243 243 243 242 243 243 243 243 243 242 243 243 243 243 243 242 243 243 243 243 242 242 243 243 243 242 242 242 242 243 242 242 242 242 241 241 241 242 241 241 241 241 240 240 245 247 248 249 250 251 251 252 253 252 254 255 255 255 255 256 315 315 316 315 316 317 316 317 317 316 317 317 317 317 317 318 318 318 318 318 318 317 318 317 317 317 317 317 317 317 318 317 317
239 238 238 238 238 238 239 238 238 238 238 238 239 238 238 238 238 238 238 238 238 238 238 237 237 238 238 238 237 237 237 237 237 237 237 237 236 236 236 237 236 236 236 236 235 235 240 240 241 243 244 244 245 246 247 247 247 249 249 249 250 308 309 309 309 309 310 310 311 311 311 311 311 311 311 311 311 311 311 312 312 311 312 312 311 311 311 311 310 310 311 310 311 310
233 233 233 233 233 233 233 233 233 233 233 233 233 233 233 233 233 233 232 233 233 233 233 232 232 232 233 232 232 232 232 232 231 232 232 232 231 231 231 231 230 231 231 230 230 230 230 229 234 235 235 237 238 239 239 240 241 241 242 243 243 302 303 302 303 303 303 303 305 304 305 304 304 305 304 304 305 304 304 304 305 304 305 305 304 305 304 304 304 304 304 303 303 303
227 227 228 228 228 227 227 227 228 228 227 227 227 227 228 227 227 227 227 227 227 227 227 227 226 226 226 227 227 226 226 226 226 225 226 226 226 225 225 225 224 224 225 225 224 224 224 223 223 223 227 228 229 231 231 232 233 233 234 234 235 295 294 295 296 295 296 296 296 296 297 297 297 297 297 298 297 297 297 297 296 297 298 297 297 297 297 296 297 296 296 295 296 295
221 221 221 222 221 221 221 221 221 222 221 221 221 221 220 221 221 221 221 220 220 220 221 220 220 220 220 220 219 220 220 219 219 219 219 218 219 219 219 218 218 218 217 217 218 217 217 217 217 216 216 216 221 221 222 223 224 224 225 226 226 285 287 287 287 287 287 288 287 288 287 288 289 289 289 288 289 288 289 289 288 289 288 288 288 289 288 288 288 288 287 287 287 287
214 214 214 214 214 215 214 214 214 214 215 214 214 214 214 213 214 214 214 213 213 213 213 214 213 213 213 212 212 212 213 212 212 212 212 211 211 212 211 211 211 210 210 210 209 210 210 209 209 209 208 208 208 207 213 213 213 215 215 216 217 276 276 277 278 278 278 279 278 279 279 279 279 279 280 279 280 279 280 279 279 279 279 278 279 278 278 279 279 278 278 278 277 277
207 207 207 206 206 206 207 207 206 206 206 206 206 206 206 206 206 205 206 206 206 205 205 205 205 205 205 205 204 204 204 204 204 204 204 203 203 203 202 203 203 202 202 202 201 201 201 201 201 200 200 200 199 199 198 199 204 203 204 204 206 266 266 266 266 268 268 268 268 268 268 268 268 268 268 268 269 269 269 269 268 269 268 268 268 267 267 267 267 267 266 267 266 265
198 198 198 198 198 198 197 198 198 198 197 197 197 198 197 197 197 197 196 197 197 196 196 196 196 196 196 196 195 195 195 194 195 195 194 194 194 193 193 193 193 193 193 192 192 191 191 191 191 191 190 190 190 189 189 188 188 188 188 192 193 252 253 253 254 254 255 256 256 256 257 256 257 256 257 256 256 256 256 257 256 256 256 255 255 255 254 254 254 253 253 252 253 252
188 188 189 188 188 188 188 187 188 188 188 187 187 187 187 187 187 187 186 186 187 186 186 186 185 185 185 185 185 185 184 184 184 183 184 183 183 183 182 182 181 181 182 181 181 180 180 179 179 179 179 179 178 178 177 177 176 176 175 175 175 238 238 239 240 240 240 241 241 242 242 242 242 242 241 242 241 241 240 241 240 240 240 240 240 239 238 238 237 236 236 235 234 233
177 177 176 177 177 177 176 176 176 176 176 176 176 175 175 176 175 175 175 174 174 174 174 174 173 173 173 172 173 172 172 172 171 171 170 171 170 170 169 169 169 168 168 168 168 167 166 166 165 165 164 165 164 163 163 162 162 161 160 160 159 218 218 222 221 221 223 223 223 222 222 224 224 223 223 222 222 221 221 220 220 219 219 218 217 217 216 215 214 212 212 210 208 206
164 163 163 163 162 163 163 162 162 162 162 162 162 161 161 160 161 161 160 160 159 159 158 159 159 158 158 157 157 157 157 156 156 155 154 154 153 154 153 153 152 151 151 150 149 150 149 148 148 148 148 148 148 148 148 148 148 148 148 148 148 196 196 195 194 197 196 196 195 195 194 194 193 193 191 192 192 193 194 173 174 174 174 175 175 177 177 177 178 178 178 179 179 179
148 148 148 148 148 148 148 148 148 148 148 148 148 148 148 148 148 148 148 148 148 148 148 148 148 148 148 148 148 148 148 148 148 148 148 148 148 148 148 148 148 148 148 148 148 148 148 148 148 148 148 148 148 148 148 148 148 148 148 148 148 156 156 156 157 157 157 157 162 162 164 165 166 167 167 169 170 170 171 172 172 173 173 174 174 174 175 175 177 177 177 178 178 178
