testData/tiles/oneDegreeCosts/grid12.0-1.0-13.0-2.0.asc
ncols   200
nrows   200
xllcorner   12.0
yllcorner   1.0
cellsize   0.005
NODATA_value   -9999.0
[rows 0 to 41 of 200, columns 94 to 187 of 200]
591 589 588 587 587 586 586 586 585 585 585 585 585 585 585 584 584 585 585 585 585 584 584 584 584 584 583 538 539 539 539 538 538 538 538 538 537 537 537 537 537 537 537 537 537 536 536 536 536 536 535 535 535 535 534 535 535 535 534 484 484 484 483 483 483 482 482 482 482 481 481 481 480 481 481 480 480 480 479 479 479 478 478 478 477 477 477 476 476 476 475 708 708 707
588 587 586 584 584 584 584 584 584 585 584 584 584 584 584 584 583 583 583 583 584 584 583 583 583 538 538 537 537 537 537 537 537 537 537 537 537 536 536 536 536 536 535 535 535 536 535 535 535 535 534 534 534 534 533 533 533 533 532 482 482 483 482 482 482 482 481 481 481 480 480 480 479 479 479 478 478 478 478 477 478 478 477 477 476 476 476 475 475 475 474 707 706 706
584 583 583 584 584 583 583 583 583 583 583 582 582 583 583 583 583 582 582 582 582 582 582 536 537 537 537 537 536 536 536 536 536 535 535 535 536 536 535 535 535 535 535 534 534 534 534 533 533 533 534 533 533 533 533 532 532 532 532 481 481 481 480 480 480 480 480 480 480 479 479 479 478 478 478 478 477 477 477 476 476 476 475 475 474 474 474 474 474 474 473 706 705 705
582 582 582 582 582 582 583 582 582 582 582 582 582 581 581 581 582 582 582 581 581 536 536 536 535 535 535 535 536 535 535 535 535 535 534 534 534 534 534 533 534 534 534 533 533 533 533 532 532 532 532 531 531 531 531 531 531 531 531 480 480 480 480 479 479 479 478 478 478 477 477 477 478 477 477 477 476 476 476 475 475 475 474 474 473 473 473 472 472 472 471 704 703 703
582 581 581 581 581 581 581 581 580 581 581 581 581 581 580 580 580 580 535 535 535 535 535 535 535 534 534 534 534 534 533 533 534 534 534 533 533 533 533 532 532 532 532 532 531 532 532 532 531 531 531 531 530 530 530 530 529 529 529 479 479 479 479 478 478 478 477 477 477 477 476 476 476 475 475 475 474 474 474 474 474 473 473 473 472 472 472 471 471 470 470 703 702 702
580 580 580 580 580 580 580 580 580 579 579 579 579 580 580 579 534 534 534 534 534 533 533 533 534 534 533 533 533 533 533 532 532 532 532 532 532 532 532 532 531 531 531 531 530 530 530 530 529 530 530 530 529 529 529 529 528 528 528 528 477 477 477 476 476 477 476 476 476 476 475 475 475 474 474 474 473 473 472 472 472 471 471 471 470 470 471 470 470 469 469 701 701 701
579 579 579 579 578 578 579 579 579 579 578 578 578 578 533 533 533 533 533 533 533 533 532 532 532 532 532 531 532 532 532 532 531 531 531 531 530 530 530 530 531 530 530 530 530 529 529 529 529 528 528 528 528 527 528 528 527 527 527 527 476 476 476 475 475 475 474 474 474 474 473 473 474 473 473 472 472 472 471 471 471 470 470 470 469 469 468 468 468 467 467 699 699 698
578 578 578 578 578 577 577 577 577 577 578 577 532 532 532 532 532 531 531 531 532 532 531 531 531 531 531 530 530 530 530 530 530 530 530 530 530 529 529 529 529 528 528 528 528 528 528 528 528 527 527 527 527 526 526 526 525 525 525 525 475 475 475 474 474 474 473 473 473 472 472 472 471 471 471 470 470 470 470 470 470 469 469 468 468 468 467 467 466 466 699 698 698 697
576 576 576 577 577 577 576 576 576 576 531 531 530 531 531 531 531 531 530 530 530 530 530 529 530 530 530 530 529 529 529 529 529 528 528 528 529 528 528 528 528 527 527 527 527 526 526 526 526 525 526 526 526 525 525 525 524 524 524 524 473 473 473 472 472 472 472 472 472 471 471 471 470 470 470 469 469 469 468 468 467 467 467 466 466 465 466 466 465 465 697 697 696 696
576 575 575 575 575 575 575 530 530 530 530 530 530 529 529 529 529 530 530 529 529 529 529 529 528 528 528 528 529 528 528 528 528 527 527 527 527 526 526 526 526 527 526 526 526 526 525 525 525 524 524 524 524 523 523 524 523 523 523 523 472 472 472 471 471 471 470 470 470 469 469 469 469 469 469 468 468 467 467 467 466 466 465 465 465 464 464 463 463 462 695 695 694 694
574 575 574 574 574 529 529 529 528 528 529 529 529 529 528 528 528 528 528 527 527 528 528 528 527 527 527 527 527 526 526 526 527 526 526 526 526 526 525 525 525 525 524 524 524 525 524 524 524 523 523 523 523 522 522 522 521 521 521 521 471 471 471 470 470 470 469 469 469 468 468 468 467 467 466 466 466 465 465 465 465 465 464 464 463 463 463 462 462 461 694 693 693 692
573 573 528 527 528 528 528 528 528 527 527 527 527 527 528 527 527 527 527 527 526 526 526 526 526 526 526 526 526 525 525 525 525 525 524 524 524 525 524 524 524 524 523 523 523 523 522 522 522 521 522 522 522 521 521 521 520 520 520 519 469 469 469 468 468 468 467 468 467 467 467 466 466 466 465 465 464 464 464 463 463 462 462 462 461 461 460 461 460 460 692 692 691 691
527 527 527 527 526 526 526 526 527 527 526 526 526 526 526 525 525 525 526 526 525 525 525 525 525 524 524 524 524 525 524 524 524 524 523 523 523 523 522 522 522 522 522 522 522 522 521 521 521 520 520 520 520 519 519 519 519 519 519 518 468 468 467 467 467 466 466 466 465 465 465 464 464 464 464 464 463 463 462 462 462 461 461 460 460 459 459 458 458 457 690 689 689 688
525 525 526 526 525 525 525 525 525 525 524 525 525 525 525 524 524 524 524 524 523 523 524 524 524 523 523 523 523 523 522 522 522 522 522 522 522 522 521 521 521 521 520 520 520 520 519 520 520 519 519 519 518 518 518 518 517 517 517 516 466 466 466 466 466 465 465 464 464 464 463 463 463 462 462 461 461 461 460 460 459 460 459 459 458 458 457 457 456 456 688 688 687 687
524 524 524 524 524 524 524 524 524 524 524 523 523 523 523 524 523 523 523 523 523 522 522 522 522 521 522 522 522 522 521 521 521 521 520 520 520 520 520 520 520 520 519 519 519 518 518 518 518 517 517 517 517 517 517 516 516 516 515 515 465 464 464 464 463 463 463 462 463 463 462 462 461 461 461 460 460 459 459 458 458 457 457 456 456 456 455 454 454 454 687 686 686 685
523 523 523 523 523 522 522 522 522 523 523 522 522 522 522 522 521 521 521 522 522 521 521 521 521 520 520 520 520 520 519 520 520 520 519 519 519 519 518 518 518 517 517 518 518 517 517 517 516 516 516 516 515 515 515 514 514 514 514 514 464 463 463 463 462 462 461 461 461 460 460 459 459 459 458 459 458 458 457 457 456 456 456 455 455 454 453 453 452 452 684 684 683 683
521 521 521 522 522 522 521 521 521 521 521 520 520 521 521 521 520 520 520 520 520 519 519 519 520 519 519 519 519 519 518 518 518 518 517 518 518 517 517 517 517 516 516 516 516 515 515 515 515 515 515 514 514 514 513 513 513 512 512 512 461 461 461 460 461 461 460 460 459 459 459 458 458 457 457 456 456 455 455 454 454 454 453 454 453 452 452 451 451 683 683 682 681 681
520 520 520 520 520 520 519 520 520 520 520 519 519 519 519 519 518 519 519 519 519 518 518 518 518 517 517 517 518 517 517 517 517 516 516 516 516 515 515 515 516 515 515 515 514 514 514 514 513 513 513 512 512 512 512 512 512 511 511 510 460 460 459 459 459 458 458 457 457 457 456 457 456 456 455 455 454 454 453 453 452 452 451 451 450 450 449 449 448 680 680 679 680 679
518 519 519 519 519 519 518 518 518 518 518 518 518 518 518 518 517 517 517 517 517 517 517 517 517 516 516 516 516 515 515 515 515 515 515 515 515 514 514 514 513 513 513 513 512 513 513 512 512 512 511 511 511 510 510 510 509 509 509 508 459 458 458 458 457 457 456 456 456 455 455 454 454 453 453 452 452 451 452 451 451 450 450 449 449 448 447 447 446 679 678 677 677 676
517 517 517 517 517 518 517 517 517 517 517 516 516 516 516 517 516 516 516 516 515 515 515 515 515 514 515 515 515 514 514 514 514 513 513 513 512 512 513 513 512 512 512 511 511 511 510 510 510 509 509 510 509 509 509 508 508 508 507 507 456 456 456 455 455 454 454 455 454 454 453 453 452 452 451 451 450 450 449 449 448 448 447 446 446 445 445 445 444 677 676 675 674 674
516 516 516 516 516 516 515 515 515 516 516 515 515 515 515 515 514 514 514 515 514 514 514 514 513 513 513 513 512 512 513 513 512 512 512 512 511 511 511 510 510 510 509 510 510 510 509 509 509 508 508 507 507 507 506 506 506 506 506 505 455 455 454 454 453 453 453 452 452 451 451 450 450 449 450 449 449 448 448 447 446 446 445 445 444 443 443 442 441 673 673 672 672 672
514 514 514 514 515 515 514 514 514 514 513 513 513 514 514 513 513 513 513 513 512 512 512 512 512 512 512 512 511 511 511 510 510 510 510 510 510 510 509 509 509 509 508 508 508 507 507 507 507 507 507 506 506 505 505 505 504 504 503 503 453 452 452 452 452 451 451 451 450 450 449 449 448 448 447 446 446 445 445 444 444 443 443 443 442 441 440 440 440 672 672 672 672 672
513 513 513 513 513 512 512 512 513 513 512 512 512 512 512 511 511 511 512 511 511 511 511 510 510 510 510 509 510 510 510 509 509 509 508 508 508 508 507 507 508 507 507 507 506 506 506 505 505 505 504 504 503 503 504 503 503 502 502 502 451 451 450 450 449 449 448 448 447 447 447 447 446 446 445 445 444 443 443 442 442 441 440 440 440 440 440 440 440 671 671 671 672 672
511 511 512 512 512 511 511 511 511 511 510 510 511 511 510 510 510 510 509 509 509 509 509 509 509 509 508 508 508 508 507 507 507 507 507 507 507 506 506 506 505 505 505 504 504 504 504 504 503 503 503 502 502 502 501 501 500 500 499 499 449 449 449 448 448 447 447 446 446 445 445 444 443 443 442 442 441 440 441 440 440 440 440 440 440 440 440 440 440 671 671 671 671 671
510 510 510 510 509 509 510 510 510 509 509 509 509 508 508 508 509 509 508 508 508 508 507 507 507 506 506 507 507 506 506 506 505 505 505 505 504 504 505 504 504 504 503 503 503 502 502 501 501 501 500 500 500 500 500 499 499 498 498 497 447 446 446 445 445 444 444 444 444 443 443 442 442 441 440 440 440 440 440 440 440 440 440 440 440 440 440 440 440 671 671 671 671 671
508 509 509 508 508 508 508 508 507 507 507 508 508 507 507 507 507 506 506 506 506 506 506 506 505 505 505 505 504 504 504 503 504 504 503 503 503 503 502 502 502 501 501 500 501 501 500 500 500 499 499 498 498 497 497 497 496 496 496 496 445 445 444 444 443 443 442 441 441 440 440 440 440 440 440 440 440 440 440 440 440 440 440 440 440 440 440 440 440 670 670 670 645 645
507 507 507 506 506 507 507 506 506 506 506 506 505 505 505 506 505 505 505 505 504 504 504 503 503 504 504 503 503 503 502 502 502 501 501 501 500 501 501 500 500 500 499 499 499 498 498 497 497 497 497 497 496 496 495 495 494 494 493 493 442 442 441 441 440 441 440 440 440 440 440 440 440 440 440 440 440 440 440 440 440 440 440 440 440 440 440 440 440 645 645 645 645 645
506 506 505 505 505 505 504 504 504 504 505 504 504 504 504 503 503 503 502 503 503 503 502 502 502 502 501 501 501 500 501 501 500 500 500 499 499 499 498 498 498 497 498 497 497 497 496 496 495 495 494 494 494 493 493 492 493 492 492 491 440 440 440 440 440 440 440 440 440 440 440 440 440 440 440 440 440 440 440 440 440 440 440 440 440 440 440 440 440 644 644 644 644 644
504 503 503 503 503 503 503 503 503 502 502 502 502 501 502 502 502 501 501 501 501 500 500 500 500 500 500 500 499 499 499 498 498 498 497 497 497 497 497 496 496 496 495 495 494 494 493 493 494 493 493 492 492 491 491 490 490 489 489 488 440 440 440 440 440 440 440 440 440 440 440 440 440 440 440 440 440 440 440 440 440 440 440 440 440 440 440 440 644 644 644 644 644 644
502 502 502 502 501 501 501 501 500 501 501 501 500 500 500 500 499 499 499 499 499 499 499 498 498 498 497 497 497 497 497 497 496 496 496 495 495 494 494 494 493 494 493 493 493 492 492 491 491 490 490 489 489 488 489 488 488 487 486 486 440 440 440 440 440 440 440 440 440 440 440 440 440 440 440 440 440 440 440 440 440 440 440 440 440 440 440 440 643 643 643 644 644 644
500 500 499 499 500 500 500 499 499 499 499 498 498 499 498 498 498 498 497 497 497 496 496 497 496 496 496 496 495 495 494 494 494 493 494 494 493 493 492 492 492 491 491 490 490 489 489 489 489 488 488 487 487 486 486 485 484 484 483 483 440 440 440 440 440 440 440 440 440 440 440 440 440 440 440 440 440 440 440 440 440 440 440 440 440 440 440 440 643 643 643 643 643 643
499 498 498 498 498 497 497 497 498 497 497 497 497 496 496 496 495 495 496 496 495 495 495 494 494 494 493 493 494 493 493 492 492 492 491 491 490 490 490 489 490 489 489 488 488 487 487 486 486 485 485 484 484 484 483 483 483 483 483 483 440 440 440 440 440 440 440 440 440 440 440 440 440 440 440 440 440 440 440 440 440 440 440 440 440 440 440 440 642 643 643 643 643 643
496 496 496 496 496 496 496 495 495 495 495 494 494 495 495 494 494 494 493 493 493 492 492 493 492 492 492 491 491 490 490 490 489 489 489 489 489 488 488 487 487 486 486 485 485 484 485 484 484 483 482 482 482 482 482 482 482 482 482 482 440 440 440 440 440 440 440 440 440 440 440 440 440 440 440 440 440 440 440 440 440 440 440 440 440 440 440 440 642 642 642 642 642 642
495 495 494 494 494 494 493 493 494 493 493 493 493 492 492 492 491 491 492 491 491 491 490 490 490 489 489 488 489 489 488 488 487 487 487 486 486 485 485 485 485 484 484 483 483 482 481 481 481 481 481 481 482 482 482 482 482 482 482 482 440 440 440 440 440 440 440 440 440 440 440 440 440 440 440 440 440 440 440 440 440 440 440 440 440 440 440 440 642 642 642 642 642 642
492 492 492 493 492 492 492 491 491 491 491 490 490 491 490 490 490 489 489 489 488 488 489 488 488 487 487 487 486 486 485 485 484 485 485 484 484 483 483 482 481 481 480 480 480 481 481 481 481 481 481 481 481 481 481 481 481 481 481 482 440 440 440 440 440 440 440 440 440 440 440 440 440 440 440 440 440 440 440 440 440 440 440 440 440 440 440 440 641 641 641 641 641 641
491 490 490 490 490 489 489 489 490 489 489 489 488 488 488 487 487 488 487 487 486 486 486 485 485 484 484 484 484 484 483 483 482 482 481 481 480 480 479 480 480 480 480 480 480 480 480 480 480 480 480 480 481 481 481 481 481 481 481 456 440 440 440 440 440 440 440 440 440 440 440 440 440 440 440 440 440 440 440 440 440 440 440 440 440 440 440 440 641 641 641 641 641 641
488 488 488 487 488 488 487 487 487 486 486 486 485 486 486 485 485 485 484 484 484 483 484 483 483 482 482 482 481 481 480 480 479 480 479 479 479 479 479 479 479 479 479 479 479 480 480 480 480 480 480 480 480 480 480 455 455 455 455 456 440 440 440 440 440 440 440 440 440 440 440 440 440 440 440 440 440 440 440 440 440 440 440 440 440 440 440 440 640 640 640 640 640 640
486 486 486 486 485 485 485 484 485 485 484 484 484 483 483 482 482 483 482 482 481 481 481 480 480 479 479 478 479 478 478 478 478 478 478 478 478 478 478 479 479 479 479 479 479 479 479 479 479 479 479 479 455 455 455 455 455 455 455 455 440 440 440 440 440 440 440 440 440 440 440 440 440 440 440 440 440 440 440 440 440 440 440 440 440 440 440 440 640 640 640 640 640 640
484 483 483 483 483 483 483 482 482 482 481 481 481 481 481 480 480 480 479 479 478 478 477 478 477 477 477 477 477 477 477 477 477 478 478 478 478 478 478 478 478 478 478 478 478 479 479 479 454 454 454 454 454 454 454 454 454 454 454 455 440 440 440 440 440 440 440 440 440 440 440 440 440 440 440 440 440 440 440 440 440 440 440 440 440 440 440 440 639 639 639 639 639 639
482 481 481 481 480 480 480 479 480 480 479 479 478 478 478 477 477 476 477 476 476 476 476 476 476 476 476 476 477 477 477 477 477 477 477 477 477 477 477 478 478 478 478 453 453 453 453 453 453 453 453 453 454 454 454 454 454 454 454 454 440 440 440 440 440 440 440 440 440 440 440 440 440 440 440 440 440 440 440 440 440 440 440 440 440 440 440 440 639 639 639 639 639 639
479 478 478 478 478 478 478 477 477 476 476 476 475 476 475 475 475 475 475 475 475 475 475 476 476 476 476 476 476 476 476 476 476 476 477 477 477 477 477 452 452 452 452 452 452 453 453 453 453 453 453 453 453 453 453 453 453 453 453 454 440 440 440 440 440 440 440 440 440 440 440 440 440 440 440 440 440 440 440 440 440 440 440 440 440 440 440 440 638 638 638 638 638 638
477 476 476 476 475 475 474 474 473 474 474 474 474 474 474 474 474 474 475 475 475 475 475 475 475 475 475 475 476 476 476 476 476 476 476 451 451 451 451 451 452 452 452 452 452 452 452 452 452 452 452 452 453 453 453 453 453 453 453 453 440 440 440 440 440 440 440 440 440 440 440 440 440 440 440 440 440 440 440 440 440 440 440 440 440 440 440 440 638 638 638 638 638 638
