testData/tiles/oneDegreeCosts/grid27.0-4.0-28.0-5.0.asc
ncols   200
nrows   200
xllcorner   27.0
yllcorner   4.0
cellsize   0.005
NODATA_value   -9999.0
[rows 42 to 83 of 200, columns 94 to 187 of 200]
167 167 168 168 169 169 169 170 170 171 171 172 172 172 173 173 174 174 174 175 175 176 176 176 177 177 177 178 178 178 179 179 179 180 180 181 181 181 182 182 182 183 183 183 183 184 184 184 185 185 185 186 186 186 187 187 187 187 188 188 188 189 189 189 189 190 190 190 190 191 191 191 192 192 192 192 193 193 193 193 194 194 194 194 195 195 195 195 196 196 196 196 196 197
167 167 168 168 169 169 170 170 170 171 171 172 172 172 173 173 174 174 174 175 175 176 176 176 177 177 177 178 178 179 179 179 180 180 180 181 181 181 182 182 182 183 183 183 184 184 184 185 185 185 185 186 186 186 187 187 187 188 188 188 188 189 189 189 189 190 190 190 191 191 191 191 192 192 192 192 193 193 193 193 194 194 194 194 195 195 195 195 196 196 196 196 197 197
167 168 168 168 169 169 170 170 171 171 171 172 172 173 173 173 174 174 175 175 175 176 176 176 177 177 178 178 178 179 179 179 180 180 180 181 181 181 182 182 182 183 183 183 184 184 184 185 185 185 186 186 186 186 187 187 187 188 188 188 188 189 189 189 190 190 190 190 191 191 191 191 192 192 192 192 193 193 193 193 194 194 194 194 195 195 195 195 196 196 196 196 197 197
167 168 168 169 169 169 170 170 171 171 171 172 172 173 173 174 174 174 175 175 175 176 176 177 177 177 178 178 178 179 179 179 180 180 180 181 181 181 182 182 182 183 183 183 184 184 184 185 185 185 186 186 186 187 187 187 187 188 188 188 189 189 189 189 190 190 190 190 191 191 191 192 192 192 192 193 193 193 193 194 194 194 194 195 195 195 195 196 196 196 196 196 197 197
167 168 168 169 169 169 170 170 171 171 172 172 172 173 173 174 174 174 175 175 176 176 176 177 177 177 178 178 178 179 179 180 180 180 181 181 181 182 182 182 183 183 183 184 184 184 184 185 185 185 186 186 186 187 187 187 187 188 188 188 189 189 189 189 190 190 190 191 191 191 191 192 192 192 192 193 193 193 193 194 194 194 194 195 195 195 195 196 196 196 196 197 197 197
167 168 168 169 169 170 170 170 171 171 172 172 173 173 173 174 174 174 175 175 176 176 176 177 177 178 178 178 179 179 179 180 180 180 181 181 181 182 182 182 183 183 183 184 184 184 185 185 185 185 186 186 186 187 187 187 188 188 188 188 189 189 189 190 190 190 190 191 191 191 191 192 192 192 192 193 193 193 194 194 194 194 194 195 195 195 195 196 196 196 196 197 197 197
168 168 168 169 169 170 170 171 171 171 172 172 173 173 173 174 174 175 175 175 176 176 176 177 177 178 178 178 179 179 179 180 180 180 181 181 181 182 182 182 183 183 183 184 184 184 185 185 185 186 186 186 186 187 187 187 188 188 188 189 189 189 189 190 190 190 190 191 191 191 192 192 192 192 193 193 193 193 194 194 194 194 195 195 195 195 196 196 196 196 196 197 197 197
168 168 169 169 169 170 170 171 171 171 172 172 173 173 174 174 174 175 175 175 176 176 177 177 177 178 178 178 179 179 179 180 180 181 181 181 182 182 182 183 183 183 183 184 184 184 185 185 185 186 186 186 187 187 187 187 188 188 188 189 189 189 189 190 190 190 191 191 191 191 192 192 192 192 193 193 193 193 194 194 194 194 195 195 195 195 196 196 196 196 197 197 197 197
168 168 169 169 169 170 170 171 171 172 172 172 173 173 174 174 174 175 175 176 176 176 177 177 177 178 178 179 179 179 180 180 180 181 181 181 182 182 182 183 183 183 184 184 184 185 185 185 185 186 186 186 187 187 187 188 188 188 188 189 189 189 190 190 190 190 191 191 191 191 192 192 192 192 193 193 193 193 194 194 194 194 195 195 195 195 196 196 196 196 197 197 197 197
168 168 169 169 170 170 170 171 171 172 172 173 173 173 174 174 175 175 175 176 176 176 177 177 178 178 178 179 179 179 180 180 180 181 181 181 182 182 182 183 183 183 184 184 184 185 185 185 186 186 186 186 187 187 187 188 188 188 188 189 189 189 190 190 190 190 191 191 191 192 192 192 192 193 193 193 193 194 194 194 194 195 195 195 195 196 196 196 196 196 197 197 197 197
168 168 169 169 170 170 171 171 171 172 172 173 173 173 174 174 175 175 175 176 176 177 177 177 178 178 178 179 179 179 180 180 180 181 181 181 182 182 182 183 183 183 184 184 184 185 185 185 186 186 186 187 187 187 187 188 188 188 189 189 189 189 190 190 190 191 191 191 191 192 192 192 192 193 193 193 193 194 194 194 194 195 195 195 195 196 196 196 196 197 197 197 197 197
168 168 169 169 170 170 171 171 171 172 172 173 173 174 174 174 175 175 175 176 176 177 177 177 178 178 178 179 179 179 180 180 181 181 181 182 182 182 183 183 183 184 184 184 184 185 185 185 186 186 186 187 187 187 187 188 188 188 189 189 189 189 190 190 190 191 191 191 191 192 192 192 192 193 193 193 193 194 194 194 194 195 195 195 195 196 196 196 196 197 197 197 197 198
168 169 169 169 170 170 171 171 172 172 172 173 173 174 174 174 175 175 176 176 176 177 177 177 178 178 179 179 179 180 180 180 181 181 181 182 182 182 183 183 183 184 184 184 185 185 185 185 186 186 186 187 187 187 188 188 188 188 189 189 189 190 190 190 190 191 191 191 191 192 192 192 193 193 193 193 194 194 194 194 195 195 195 195 196 196 196 196 196 197 197 197 197 198
168 169 169 170 170 170 171 171 172 172 172 173 173 174 174 174 175 175 176 176 176 177 177 178 178 178 179 179 179 180 180 180 181 181 181 182 182 182 183 183 183 184 184 184 185 185 185 186 186 186 186 187 187 187 188 188 188 189 189 189 189 190 190 190 190 191 191 191 192 192 192 192 193 193 193 193 194 194 194 194 195 195 195 195 196 196 196 196 197 197 197 197 197 198
168 169 169 170 170 171 171 171 172 172 173 173 173 174 174 175 175 175 176 176 176 177 177 178 178 178 179 179 179 180 180 180 181 181 181 182 182 182 183 183 183 184 184 184 185 185 185 186 186 186 187 187 187 187 188 188 188 189 189 189 189 190 190 190 191 191 191 191 192 192 192 192 193 193 193 193 194 194 194 194 195 195 195 195 196 196 196 196 197 197 197 197 198 198
168 169 169 170 170 171 171 171 172 172 173 173 173 174 174 175 175 175 176 176 177 177 177 178 178 178 179 179 179 180 180 181 181 181 182 182 182 183 183 183 184 184 184 184 185 185 185 186 186 186 187 187 187 188 188 188 188 189 189 189 190 190 190 190 191 191 191 191 192 192 192 192 193 193 193 194 194 194 194 195 195 195 195 195 196 196 196 196 197 197 197 197 198 198
169 169 169 170 170 171 171 172 172 172 173 173 174 174 174 175 175 176 176 176 177 177 177 178 178 178 179 179 180 180 180 181 181 181 182 182 182 183 183 183 184 184 184 185 185 185 185 186 186 186 187 187 187 188 188 188 188 189 189 189 190 190 190 190 191 191 191 192 192 192 192 193 193 193 193 194 194 194 194 195 195 195 195 196 196 196 196 196 197 197 197 197 198 198
169 169 169 170 170 171 171 172 172 172 173 173 174 174 174 175 175 176 176 176 177 177 177 178 178 179 179 179 180 180 180 181 181 181 182 182 182 183 183 183 184 184 184 185 185 185 186 186 186 186 187 187 187 188 188 188 189 189 189 189 190 190 190 190 191 191 191 192 192 192 192 193 193 193 193 194 194 194 194 195 195 195 195 196 196 196 196 197 197 197 197 197 198 198
169 169 170 170 170 171 171 172 172 173 173 173 174 174 175 175 175 176 176 176 177 177 178 178 178 179 179 179 180 180 180 181 181 181 182 182 182 183 183 183 184 184 184 185 185 185 186 186 186 187 187 187 187 188 188 188 189 189 189 189 190 190 190 191 191 191 191 192 192 192 192 193 193 193 193 194 194 194 194 195 195 195 195 196 196 196 196 197 197 197 197 198 198 198
169 169 170 170 171 171 171 172 172 173 173 173 174 174 175 175 175 176 176 177 177 177 178 178 178 179 179 179 180 180 180 181 181 182 182 182 183 183 183 183 184 184 184 185 185 185 186 186 186 187 187 187 188 188 188 188 189 189 189 190 190 190 190 191 191 191 191 192 192 192 193 193 193 193 194 194 194 194 195 195 195 195 196 196 196 196 196 197 197 197 197 198 198 198
169 169 170 170 171 171 171 172 172 173 173 174 174 174 175 175 175 176 176 177 177 177 178 178 178 179 179 180 180 180 181 181 181 182 182 182 183 183 183 184 184 184 185 185 185 185 186 186 186 187 187 187 188 188 188 188 189 189 189 190 190 190 190 191 191 191 192 192 192 192 193 193 193 193 194 194 194 194 195 195 195 195 196 196 196 196 197 197 197 197 197 198 198 198
169 169 170 170 171 171 172 172 172 173 173 174 174 174 175 175 176 176 176 177 177 177 178 178 179 179 179 180 180 180 181 181 181 182 182 182 183 183 183 184 184 184 185 185 185 186 186 186 186 187 187 187 188 188 188 189 189 189 189 190 190 190 190 191 191 191 192 192 192 192 193 193 193 193 194 194 194 194 195 195 195 195 196 196 196 196 197 197 197 197 198 198 198 198
169 169 170 170 171 171 172 172 172 173 173 174 174 174 175 175 176 176 176 177 177 178 178 178 179 179 179 180 180 180 181 181 181 182 182 182 183 183 183 184 184 184 185 185 185 186 186 186 187 187 187 187 188 188 188 189 189 189 189 190 190 190 191 191 191 191 192 192 192 192 193 193 193 193 194 194 194 194 195 195 195 195 196 196 196 196 197 197 197 197 198 198 198 198
169 170 170 170 171 171 172 172 173 173 173 174 174 175 175 175 176 176 176 177 177 178 178 178 179 179 179 180 180 180 181 181 181 182 182 182 183 183 183 184 184 184 185 185 185 186 186 186 187 187 187 187 188 188 188 189 189 189 190 190 190 190 191 191 191 191 192 192 192 192 193 193 193 194 194 194 194 195 195 195 195 196 196 196 196 196 197 197 197 197 198 198 198 198
169 170 170 171 171 171 172 172 173 173 173 174 174 175 175 175 176 176 177 177 177 178 178 178 179 179 179 180 180 181 181 181 182 182 182 183 183 183 184 184 184 184 185 185 185 186 186 186 187 187 187 188 188 188 188 189 189 189 190 190 190 190 191 191 191 191 192 192 192 193 193 193 193 194 194 194 194 195 195 195 195 196 196 196 196 197 197 197 197 197 198 198 198 198
169 170 170 171 171 171 172 172 173 173 173 174 174 175 175 175 176 176 177 177 177 178 178 178 179 179 180 180 180 181 181 181 182 182 182 183 183 183 184 184 184 185 185 185 185 186 186 186 187 187 187 188 188 188 188 189 189 189 190 190 190 190 191 191 191 192 192 192 192 193 193 193 193 194 194 194 194 195 195 195 195 196 196 196 196 197 197 197 197 198 198 198 198 198
169 170 170 171 171 172 172 172 173 173 174 174 174 175 175 176 176 176 177 177 177 178 178 179 179 179 180 180 180 181 181 181 182 182 182 183 183 183 184 184 184 185 185 185 186 186 186 186 187 187 187 188 188 188 189 189 189 189 190 190 190 191 191 191 191 192 192 192 192 193 193 193 193 194 194 194 194 195 195 195 195 196 196 196 196 197 197 197 197 198 198 198 198 198
169 170 170 171 171 172 172 172 173 173 174 174 174 175 175 176 176 176 177 177 177 178 178 179 179 179 180 180 180 181 181 181 182 182 182 183 183 183 184 184 184 185 185 185 186 186 186 187 187 187 187 188 188 188 189 189 189 189 190 190 190 191 191 191 191 192 192 192 192 193 193 193 194 194 194 194 195 195 195 195 196 196 196 196 196 197 197 197 197 198 198 198 198 199
170 170 170 171 171 172 172 172 173 173 174 174 175 175 175 176 176 176 177 177 178 178 178 179 179 179 180 180 180 181 181 181 182 182 182 183 183 183 184 184 184 185 185 185 186 186 186 187 187 187 188 188 188 188 189 189 189 190 190 190 190 191 191 191 191 192 192 192 193 193 193 193 194 194 194 194 195 195 195 195 196 196 196 196 197 197 197 197 197 198 198 198 198 199
170 170 170 171 171 172 172 173 173 173 174 174 175 175 175 176 176 177 177 177 178 178 178 179 179 179 180 180 180 181 181 182 182 182 183 183 183 184 184 184 184 185 185 185 186 186 186 187 187 187 188 188 188 188 189 189 189 190 190 190 190 191 191 191 192 192 192 192 193 193 193 193 194 194 194 194 195 195 195 195 196 196 196 196 197 197 197 197 198 198 198 198 198 199
170 170 171 171 171 172 172 173 173 173 174 174 175 175 175 176 176 177 177 177 178 178 178 179 179 180 180 180 181 181 181 182 182 182 183 183 183 184 184 184 185 185 185 185 186 186 186 187 187 187 188 188 188 188 189 189 189 190 190 190 190 191 191 191 192 192 192 192 193 193 193 193 194 194 194 194 195 195 195 195 196 196 196 196 197 197 197 197 198 198 198 198 198 199
170 170 171 171 171 172 172 173 173 174 174 174 175 175 175 176 176 177 177 177 178 178 178 179 179 180 180 180 181 181 181 182 182 182 183 183 183 184 184 184 185 185 185 186 186 186 186 187 187 187 188 188 188 189 189 189 189 190 190 190 191 191 191 191 192 192 192 192 193 193 193 193 194 194 194 194 195 195 195 195 196 196 196 196 197 197 197 197 198 198 198 198 199 199
170 170 171 171 172 172 172 173 173 174 174 174 175 175 176 176 176 177 177 177 178 178 179 179 179 180 180 180 181 181 181 182 182 182 183 183 183 184 184 184 185 185 185 186 186 186 187 187 187 187 188 188 188 189 189 189 189 190 190 190 191 191 191 191 192 192 192 192 193 193 193 194 194 194 194 195 195 195 195 196 196 196 196 196 197 197 197 197 198 198 198 198 199 199
170 170 171 171 172 172 172 173 173 174 174 174 175 175 176 176 176 177 177 178 178 178 179 179 179 180 180 180 181 181 181 182 182 182 183 183 183 184 184 184 185 185 185 186 186 186 187 187 187 187 188 188 188 189 189 189 190 190 190 190 191 191 191 191 192 192 192 193 193 193 193 194 194 194 194 195 195 195 195 196 196 196 196 197 197 197 197 197 198 198 198 198 199 199
170 170 171 171 172 172 172 173 173 174 174 175 175 175 176 176 176 177 177 178 178 178 179 179 179 180 180 180 181 181 181 182 182 182 183 183 183 184 184 184 185 185 185 186 186 186 187 187 187 188 188 188 188 189 189 189 190 190 190 190 191 191 191 192 192 192 192 193 193 193 193 194 194 194 194 195 195 195 195 196 196 196 196 197 197 197 197 198 198 198 198 198 199 199
170 170 171 171 172 172 173 173 173 174 174 175 175 175 176 176 176 177 177 178 178 178 179 179 179 180 180 180 181 181 182 182 182 183 183 183 184 184 184 185 185 185 185 186 186 186 187 187 187 188 188 188 188 189 189 189 190 190 190 190 191 191 191 192 192 192 192 193 193 193 193 194 194 194 194 195 195 195 195 196 196 196 196 197 197 197 197 198 198 198 198 198 199 199
170 170 171 171 172 172 173 173 173 174 174 175 175 175 176 176 177 177 177 178 178 178 179 179 179 180 180 181 181 181 182 182 182 183 183 183 184 184 184 185 185 185 186 186 186 186 187 187 187 188 188 188 189 189 189 189 190 190 190 191 191 191 191 192 192 192 192 193 193 193 193 194 194 194 194 195 195 195 195 196 196 196 196 197 197 197 197 198 198 198 198 199 199 199
170 171 171 171 172 172 173 173 173 174 174 175 175 175 176 176 177 177 177 178 178 178 179 179 180 180 180 181 181 181 182 182 182 183 183 183 184 184 184 185 185 185 186 186 186 186 187 187 187 188 188 188 189 189 189 189 190 190 190 191 191 191 191 192 192 192 192 193 193 193 194 194 194 194 195 195 195 195 196 196 196 196 196 197 197 197 197 198 198 198 198 199 199 199
170 171 171 171 172 172 173 173 174 174 174 175 175 176 176 176 177 177 177 178 178 179 179 179 180 180 180 181 181 181 182 182 182 183 183 183 184 184 184 185 185 185 186 186 186 187 187 187 187 188 188 188 189 189 189 189 190 190 190 191 191 191 191 192 192 192 193 193 193 193 194 194 194 194 195 195 195 195 196 196 196 196 197 197 197 197 197 198 198 198 198 199 199 199
170 171 171 172 172 172 173 173 174 174 174 175 175 176 176 176 177 177 177 178 178 179 179 179 180 180 180 181 181 181 182 182 182 183 183 183 184 184 184 185 185 185 186 186 186 187 187 187 187 188 188 188 189 189 189 190 190 190 190 191 191 191 191 192 192 192 193 193 193 193 194 194 194 194 195 195 195 195 196 196 196 196 197 197 197 197 198 198 198 198 198 199 199 199
170 171 171 172 172 172 173 173 174 174 174 175 175 176 176 176 177 177 178 178 178 179 179 179 180 180 180 181 181 181 182 182 182 183 183 183 184 184 184 185 185 185 186 186 186 187 187 187 188 188 188 188 189 189 189 190 190 190 190 191 191 191 192 192 192 192 193 193 193 193 194 194 194 194 195 195 195 195 196 196 196 196 197 197 197 197 198 198 198 198 198 199 199 199
170 171 171 172 172 172 173 173 174 174 174 175 175 176 176 176 177 177 178 178 178 179 179 179 180 180 180 181 181 181 182 182 183 183 183 184 184 184 184 185 185 185 186 186 186 187 187 187 188 188 188 188 189 189 189 190 190 190 190 191 191 191 192 192 192 192 193 193 193 193 194 194 194 194 195 195 195 195 196 196 196 196 197 197 197 197 198 198 198 198 199 199 199 199
