testData/tiles/oneDegreeCosts/grid18.0-42.0-19.0-43.0.asc
ncols   200
nrows   200
xllcorner   18.0
yllcorner   42.0
cellsize   0.005
NODATA_value   -9999.0
[rows 0 to 41 of 200, columns 94 to 187 of 200]
406 405 403 403 402 402 403 402 403 402 402 440 440 440 440 440 439 439 439 439 438 438 438 437 438 438 439 439 440 440 440 441 441 442 442 421 422 422 422 423 423 424 424 424 425 425 425 426 426 426 427 427 427 428 428 428 429 429 429 430 430 430 431 431 431 432 432 359 360 360 360 360 361 361 361 362 362 362 362 363 363 363 364 364 454 454 455 455 455 455 456 456 456 456
398 397 396 395 395 394 393 394 393 393 393 432 432 433 433 434 434 434 435 435 436 436 437 416 417 417 417 418 418 419 419 419 420 420 421 421 421 422 422 422 423 423 424 424 424 425 425 425 426 426 426 427 427 427 428 428 428 429 429 429 430 430 430 431 431 431 432 293 359 359 360 360 360 361 361 361 362 362 362 362 363 363 363 363 454 454 454 454 455 455 455 456 456 456
392 391 391 391 391 391 391 391 392 392 372 372 411 411 412 412 413 413 413 414 414 415 415 416 416 417 417 417 418 418 419 419 419 420 420 421 421 421 422 422 422 423 423 424 424 424 425 425 425 426 426 426 427 427 427 428 428 428 429 429 429 430 430 430 431 431 431 293 359 359 359 360 360 360 361 361 361 361 362 362 362 363 363 363 363 454 454 454 454 455 455 455 455 456
370 370 370 370 370 370 370 370 370 371 371 372 410 411 411 412 412 413 413 413 414 414 415 415 416 416 417 417 417 418 418 419 419 419 420 420 421 421 421 422 422 422 423 423 424 424 424 425 425 425 426 426 426 427 427 427 428 428 428 429 429 429 430 430 430 431 292 292 292 359 359 359 360 360 360 361 361 361 361 362 362 362 362 363 363 453 454 454 454 454 455 455 455 455
370 370 370 370 370 370 370 370 370 370 371 371 372 410 411 411 412 412 413 413 413 414 414 415 415 416 416 417 417 417 418 418 419 419 419 420 420 421 421 421 422 422 422 423 423 424 424 424 425 425 425 426 426 426 427 427 427 428 428 428 429 429 429 430 430 430 292 292 292 358 359 359 359 360 360 360 360 361 361 361 362 362 362 362 363 453 453 453 454 454 454 455 455 455
370 370 370 370 370 370 370 370 370 370 370 371 371 372 410 411 411 412 412 413 413 414 414 414 415 415 416 416 417 417 417 418 418 419 419 419 420 420 421 421 421 422 422 422 423 423 424 424 424 425 425 425 426 426 426 427 427 427 428 428 428 429 429 429 430 291 291 291 292 292 358 359 359 359 360 360 360 360 361 361 361 362 362 362 362 363 453 453 453 454 454 454 454 455
370 370 370 370 370 370 370 370 370 370 370 370 371 371 410 410 411 411 412 412 413 413 414 414 414 415 415 416 416 417 417 417 418 418 419 419 419 420 420 421 421 421 422 422 422 423 423 423 424 424 425 425 425 426 426 426 427 427 427 428 428 428 429 429 429 290 291 291 291 292 358 358 359 359 359 359 360 360 360 361 361 361 361 362 362 362 453 453 453 453 454 454 454 454
370 370 370 370 370 370 370 370 370 370 370 370 370 371 371 410 410 411 411 412 412 413 413 414 414 414 415 415 416 416 417 417 417 418 418 419 419 419 420 420 420 421 421 422 422 422 423 423 423 424 424 424 425 425 426 426 426 427 427 427 428 428 428 428 290 290 290 291 291 291 358 358 358 359 359 359 359 360 360 360 361 361 361 361 362 362 362 452 453 453 453 453 454 454
370 370 370 370 370 370 370 370 370 370 370 370 370 370 371 371 410 410 411 411 412 412 413 413 414 414 414 415 415 416 416 416 417 417 418 418 419 419 419 420 420 420 421 421 422 422 422 423 423 423 424 424 424 425 425 425 426 426 426 427 427 427 428 428 289 290 290 290 291 291 291 358 358 358 358 359 359 359 360 360 360 360 361 361 361 362 362 452 452 453 453 453 453 454
370 370 370 370 370 370 370 370 370 370 370 370 370 370 370 371 409 410 410 411 411 412 412 413 413 414 414 414 415 415 416 416 416 417 417 418 418 418 419 419 420 420 420 421 421 422 422 422 423 423 423 424 424 424 425 425 425 426 426 426 427 427 427 428 289 289 290 290 290 291 291 357 358 358 358 358 359 359 359 360 360 360 360 361 361 361 361 362 452 452 453 453 453 453
370 370 370 370 370 370 370 370 370 370 370 370 370 370 370 370 371 409 410 410 411 411 412 412 413 413 414 414 414 415 415 416 416 416 417 417 418 418 418 419 419 420 420 420 421 421 422 422 422 423 423 423 424 424 424 425 425 425 426 426 426 427 427 288 289 289 289 290 290 290 291 291 357 357 358 358 358 359 359 359 359 360 360 360 361 361 361 361 452 452 452 452 453 453
370 370 370 370 370 370 370 370 370 370 370 370 370 370 370 370 370 371 409 410 410 411 411 412 412 413 413 413 414 414 415 415 416 416 416 417 417 418 418 418 419 419 420 420 420 421 421 421 422 422 423 423 423 424 424 424 425 425 425 426 426 426 427 288 288 289 289 289 290 290 290 290 357 357 357 358 358 358 359 359 359 359 360 360 360 360 361 361 361 452 452 452 452 453
370 370 370 370 370 370 370 370 370 370 370 370 370 370 370 370 370 370 409 409 410 410 411 411 412 412 413 413 413 414 414 415 415 416 416 416 417 417 418 418 418 419 419 420 420 420 421 421 421 422 422 422 423 423 424 424 424 425 425 425 426 426 287 288 288 288 289 289 289 289 290 290 290 357 357 357 358 358 358 358 359 359 359 360 360 360 360 361 361 451 451 452 452 452
370 370 370 370 370 370 370 370 370 370 370 370 370 370 370 370 370 370 370 409 409 410 410 411 411 412 412 413 413 413 414 414 415 415 416 416 416 417 417 418 418 418 419 419 420 420 420 421 421 421 422 422 422 423 423 423 424 424 425 425 425 426 287 287 288 288 288 288 289 289 289 290 290 356 357 357 357 357 358 358 358 359 359 359 359 360 360 360 361 361 451 451 452 452
370 370 370 370 370 370 370 370 370 370 370 370 370 370 370 370 370 370 370 370 409 409 410 410 411 411 412 412 413 413 413 414 414 415 415 416 416 416 417 417 418 418 418 419 419 419 420 420 421 421 421 422 422 422 423 423 423 424 424 424 425 286 286 287 287 287 288 288 288 289 289 289 290 290 356 357 357 357 357 358 358 358 359 359 359 359 360 360 360 360 451 451 451 452
370 370 370 370 370 370 370 370 370 370 370 370 370 370 370 370 370 370 370 370 370 409 409 410 410 411 411 412 412 413 413 413 414 414 415 415 415 416 416 417 417 418 418 418 419 419 419 420 420 421 421 421 422 422 422 423 423 423 424 424 424 286 286 286 287 287 287 288 288 288 289 289 289 290 356 356 356 357 357 357 358 358 358 358 359 359 359 360 360 360 360 451 451 451
370 370 370 370 370 370 370 370 370 370 370 370 370 370 370 370 370 370 370 370 370 408 409 409 410 410 411 411 412 412 413 413 413 414 414 415 415 415 416 416 417 417 417 418 418 419 419 419 420 420 420 421 421 422 422 422 423 423 423 424 285 285 286 286 286 287 287 287 288 288 288 289 289 289 289 356 356 356 357 357 357 358 358 358 358 359 359 359 359 360 360 450 451 451
370 370 370 370 370 370 370 370 370 370 370 370 370 370 370 370 370 370 370 370 370 370 408 409 409 410 410 411 411 412 412 412 413 413 414 414 415 415 415 416 416 417 417 417 418 418 419 419 419 420 420 420 421 421 421 422 422 423 423 423 285 285 285 286 286 286 287 287 287 288 288 288 288 289 289 355 356 356 356 357 357 357 357 358 358 358 359 359 359 359 360 360 450 450
370 370 370 370 370 370 370 370 370 370 370 370 370 370 370 370 370 370 370 370 370 370 370 408 409 409 410 410 411 411 412 412 412 413 413 414 414 415 415 415 416 416 417 417 417 418 418 418 419 419 420 420 420 421 421 421 422 422 422 284 284 284 285 285 285 286 286 286 287 287 287 288 288 288 289 289 355 356 356 356 356 357 357 357 358 358 358 358 359 359 359 359 450 450
370 370 370 370 370 370 370 370 370 370 370 370 370 370 370 370 370 370 370 370 370 370 370 408 408 409 409 410 410 411 411 412 412 412 413 413 414 414 415 415 415 416 416 417 417 417 418 418 418 419 419 420 420 420 421 421 421 422 422 283 284 284 284 285 285 285 286 286 286 287 287 287 288 288 288 289 355 355 355 356 356 356 357 357 357 357 358 358 358 359 359 359 359 450
370 370 370 370 370 370 370 370 370 370 370 370 370 370 370 370 370 370 370 370 370 370 370 370 408 408 409 409 410 410 411 411 412 412 412 413 413 414 414 414 415 415 416 416 416 417 417 418 418 418 419 419 419 420 420 421 421 421 283 283 283 284 284 284 285 285 285 286 286 286 287 287 287 288 288 288 288 355 355 355 356 356 356 357 357 357 357 358 358 358 358 359 359 449
370 370 370 370 370 370 370 370 370 370 370 370 370 370 370 370 370 370 370 370 370 370 370 370 370 408 408 409 409 410 410 411 411 411 412 412 413 413 414 414 414 415 415 416 416 416 417 417 418 418 418 419 419 419 420 420 420 421 282 283 283 283 284 284 284 285 285 285 286 286 286 287 287 287 287 288 288 354 355 355 355 356 356 356 356 357 357 357 358 358 358 358 359 359
370 370 370 370 370 370 370 370 370 370 370 370 370 370 370 370 370 370 370 370 370 370 370 370 370 370 408 408 409 409 410 410 411 411 411 412 412 413 413 414 414 414 415 415 416 416 416 417 417 417 418 418 419 419 419 420 420 281 282 282 282 283 283 283 284 284 284 285 285 285 286 286 286 287 287 287 288 288 354 355 355 355 355 356 356 356 357 357 357 357 358 358 358 358
370 370 370 370 370 370 370 370 370 370 370 370 370 370 370 370 370 370 370 370 370 370 370 370 370 370 408 408 408 409 409 410 410 410 411 411 412 412 413 413 413 414 414 415 415 415 416 416 417 417 417 418 418 419 419 419 420 281 281 282 282 282 283 283 283 284 284 284 285 285 285 286 286 286 287 287 287 288 354 354 354 355 355 355 356 356 356 356 357 357 357 358 358 358
370 370 370 370 370 370 370 370 370 370 370 370 370 370 370 370 370 370 370 370 370 370 370 370 370 370 370 408 408 408 409 409 410 410 410 411 411 412 412 413 413 413 414 414 415 415 415 416 416 417 417 417 418 418 418 419 280 281 281 281 282 282 282 283 283 283 284 284 284 285 285 285 286 286 286 287 287 287 287 354 354 354 355 355 355 355 356 356 356 357 357 357 357 358
370 370 370 370 370 370 370 370 370 370 370 370 370 370 370 370 370 370 370 370 370 370 370 370 370 370 370 370 408 408 408 409 409 409 410 410 411 411 412 412 413 413 413 414 414 415 415 415 416 416 416 417 417 418 418 418 280 280 280 281 281 281 282 282 283 283 283 284 284 284 285 285 285 285 286 286 286 287 287 353 354 354 354 355 355 355 355 356 356 356 356 357 357 357
370 370 370 370 370 370 370 370 370 370 370 370 370 370 370 370 370 370 370 370 370 370 370 370 370 370 370 370 370 408 408 408 409 409 409 410 410 411 411 412 412 412 413 413 414 414 414 415 415 416 416 416 417 417 418 279 279 280 280 280 281 281 281 282 282 282 283 283 283 284 284 284 285 285 285 286 286 286 287 287 353 354 354 354 354 355 355 355 356 356 356 356 357 357
370 370 370 370 370 370 370 370 370 370 370 370 370 370 370 370 370 370 370 370 370 370 370 370 370 370 370 370 370 408 408 408 408 408 409 409 410 410 411 411 412 412 412 413 413 414 414 414 415 415 416 416 416 417 417 278 279 279 280 280 280 281 281 281 282 282 282 283 283 283 284 284 284 285 285 285 286 286 286 286 353 353 353 354 354 354 355 355 355 355 356 356 356 356
370 370 370 370 370 370 370 370 370 370 370 370 370 370 370 370 370 370 370 370 370 370 370 370 370 370 370 370 370 370 408 408 408 408 408 409 409 410 410 411 411 411 412 412 413 413 414 414 414 415 415 415 416 416 278 278 278 279 279 279 280 280 281 281 281 282 282 282 283 283 283 284 284 284 285 285 285 285 286 286 286 353 353 353 354 354 354 354 355 355 355 356 356 356
370 370 370 370 370 370 370 370 370 370 370 370 370 370 370 370 370 370 370 370 370 370 370 370 370 370 370 370 370 370 370 408 408 408 408 408 409 409 410 410 411 411 411 412 412 413 413 413 414 414 415 415 415 416 277 278 278 278 279 279 279 280 280 280 281 281 281 282 282 282 283 283 283 284 284 284 285 285 285 286 286 352 353 353 353 353 354 354 354 355 355 355 355 356
370 370 370 370 370 370 370 370 370 370 370 370 370 370 370 370 370 370 370 370 370 370 370 370 370 370 370 370 370 370 370 370 408 408 408 408 408 409 409 410 410 410 411 411 412 412 413 413 413 414 414 415 415 276 277 277 277 278 278 279 279 279 280 280 280 281 281 281 282 282 282 283 283 283 284 284 284 285 285 285 286 286 352 352 353 353 353 354 354 354 354 355 355 355
370 370 370 370 370 370 370 370 370 370 370 370 370 370 370 370 370 370 370 370 370 370 370 370 370 370 370 370 370 370 370 370 408 408 408 408 408 408 409 409 410 410 410 411 411 412 412 412 413 413 414 414 414 276 276 277 277 277 278 278 278 279 279 279 280 280 281 281 281 282 282 282 283 283 283 284 284 284 284 285 285 285 352 352 352 353 353 353 353 354 354 354 355 355
370 370 370 370 370 370 370 370 370 370 370 370 370 370 370 370 370 370 370 370 370 370 370 370 370 370 370 370 370 370 370 370 370 408 408 408 408 408 408 409 409 409 410 410 411 411 412 412 412 413 413 414 275 275 276 276 276 277 277 278 278 278 279 279 279 280 280 280 281 281 281 282 282 282 283 283 283 284 284 284 285 285 285 352 352 352 352 353 353 353 354 354 354 354
370 370 370 370 370 370 370 370 370 370 370 370 370 370 370 370 370 370 370 370 370 370 370 370 370 370 370 370 370 370 370 370 370 370 408 408 408 408 408 408 408 409 409 410 410 411 411 411 412 412 413 413 274 275 275 276 276 276 277 277 277 278 278 279 279 279 280 280 280 281 281 281 282 282 282 283 283 283 284 284 284 284 285 351 351 352 352 352 353 353 353 353 354 354
370 370 370 370 370 370 370 370 370 370 370 370 370 370 370 370 370 370 370 370 370 370 370 370 370 370 370 370 370 370 370 370 370 370 370 408 408 408 408 408 408 408 409 409 410 410 411 411 411 412 412 274 274 274 275 275 275 276 276 277 277 277 278 278 278 279 279 279 280 280 281 281 281 282 282 282 282 283 283 283 284 284 284 285 351 351 352 352 352 352 353 353 353 354
370 370 370 370 370 370 370 370 370 370 370 370 370 370 370 370 370 370 370 370 370 370 370 370 370 370 370 370 370 370 370 370 370 370 370 408 408 408 408 408 408 408 408 409 409 410 410 410 411 411 412 273 273 274 274 275 275 275 276 276 276 277 277 278 278 278 279 279 279 280 280 280 281 281 281 282 282 282 283 283 283 284 284 284 285 351 351 351 352 352 352 353 353 353
370 370 370 370 370 370 370 370 370 370 370 370 370 370 370 370 370 370 370 370 370 370 370 370 370 370 370 370 370 370 370 370 370 370 370 370 408 408 408 408 408 408 408 408 409 409 409 410 410 411 272 273 273 273 274 274 274 275 275 276 276 276 277 277 277 278 278 279 279 279 280 280 280 281 281 281 282 282 282 283 283 283 283 284 284 350 351 351 351 352 352 352 352 353
370 370 370 370 370 370 370 370 370 370 370 370 370 370 370 370 370 370 370 370 370 370 370 370 370 370 370 370 370 370 370 370 370 370 370 370 370 408 408 408 408 408 408 408 408 409 409 409 410 410 272 272 272 273 273 274 274 274 275 275 276 276 276 277 277 277 278 278 278 279 279 279 280 280 280 281 281 281 282 282 282 283 283 283 284 284 350 351 351 351 351 352 352 352
370 370 370 370 370 370 370 370 370 370 370 370 370 370 370 370 370 370 370 370 370 370 370 370 370 370 370 370 370 370 370 370 370 370 370 370 370 370 408 408 408 408 408 408 408 408 408 409 409 271 271 271 272 272 273 273 273 274 274 275 275 275 276 276 276 277 277 278 278 278 279 279 279 280 280 280 281 281 281 282 282 282 283 283 283 283 350 350 350 351 351 351 352 352
370 370 370 370 370 370 370 370 370 370 370 370 370 370 370 370 370 370 370 370 370 370 370 370 370 370 370 370 370 370 370 370 370 370 370 370 370 370 370 408 408 408 408 408 408 408 408 408 270 270 271 271 271 272 272 273 273 273 274 274 275 275 275 276 276 276 277 277 277 278 278 278 279 279 279 280 280 280 281 281 281 282 282 282 283 283 283 350 350 350 350 351 351 351
370 370 370 370 370 370 370 370 370 370 370 370 370 370 370 370 370 370 370 370 370 370 370 370 370 370 370 370 370 370 370 370 370 370 370 370 370 370 370 408 408 408 408 408 408 408 408 408 269 270 270 270 271 271 272 272 272 273 273 274 274 274 275 275 275 276 276 277 277 277 278 278 278 279 279 279 280 280 280 281 281 281 282 282 282 283 283 349 349 350 350 350 351 351
370 370 370 370 370 370 370 370 370 370 370 370 370 370 370 370 370 370 370 370 370 370 370 370 370 370 370 370 370 370 370 370 370 370 370 370 370 370 370 370 408 408 408 408 408 408 408 269 269 269 269 270 270 271 271 272 272 272 273 273 273 274 274 275 275 275 276 276 276 277 277 277 278 278 279 279 279 280 280 280 280 281 281 281 282 282 282 283 349 349 350 350 350 350
