testData/tiles/oneDegreeCosts/grid22.0-0.0-23.0-1.0.asc
ncols   200
nrows   200
xllcorner   22.0
yllcorner   0.0
cellsize   0.005
NODATA_value   -9999.0
[rows 42 to 83 of 200, columns 94 to 187 of 200]
707 707 707 707 707 707 707 707 707 707 707 707 707 708 708 709 709 709 710 709 709 710 710 710 710 710 710 710 710 710 710 710 710 710 710 710 710 709 709 709 708 708 708 707 707 707 706 706 706 705 705 704 704 704 703 703 703 703 703 703 703 703 703 703 703 703 703 703 703 703 723 723 810 810 808 808 807 806 805 805 803 803 801 801 800 800 799 798 798 797 599 598 598 597
708 708 708 708 708 708 708 708 708 708 708 708 708 709 709 709 709 709 709 710 710 710 711 710 710 710 711 711 710 710 710 711 710 710 710 710 710 710 710 709 709 709 708 708 708 707 707 706 706 706 705 705 705 704 704 703 703 703 703 703 703 703 703 703 703 703 703 703 703 703 703 703 811 809 809 808 807 806 806 804 804 803 801 801 800 800 799 799 798 798 599 599 598 598
709 709 709 709 709 709 709 709 709 709 709 709 709 709 709 709 709 710 710 710 711 710 710 711 711 711 711 711 711 711 710 710 711 711 710 710 710 710 709 709 710 709 709 709 708 708 707 707 707 706 706 705 705 705 704 703 703 703 703 703 703 703 703 703 703 703 703 703 703 703 703 703 780 810 809 808 807 806 805 804 804 802 802 801 801 800 800 799 799 600 600 599 599 598
709 709 709 709 709 709 709 709 709 709 709 709 709 709 709 710 710 710 711 710 710 711 711 711 711 711 711 711 712 711 711 711 711 711 711 711 710 710 710 709 709 709 708 708 708 708 708 708 707 707 705 705 705 704 704 703 703 703 703 703 703 703 703 703 703 703 703 703 703 703 703 703 780 780 779 808 807 806 805 805 803 803 802 802 801 801 800 800 799 601 600 599 599 598
710 710 710 710 710 710 710 710 710 710 710 710 710 710 710 710 710 710 710 711 711 711 712 711 711 712 712 711 711 711 712 711 711 711 711 711 711 711 710 710 710 709 709 709 708 708 708 707 707 706 706 707 706 706 705 705 704 704 704 703 703 703 703 703 703 703 703 703 703 703 703 703 781 779 779 778 777 806 806 804 804 803 803 802 802 801 801 800 602 601 600 600 599 599
711 711 711 711 711 711 711 711 711 711 711 711 710 710 710 710 710 711 711 711 712 711 711 712 712 712 712 712 712 712 712 712 712 711 711 711 711 711 711 711 710 710 710 709 709 709 709 709 709 709 708 708 709 708 708 707 707 705 705 705 704 704 703 703 703 703 703 703 703 703 703 703 703 780 779 778 777 777 776 805 804 804 803 803 802 802 801 800 602 601 601 600 600 599
711 711 711 711 711 711 711 711 711 711 711 711 711 711 711 711 711 712 711 711 712 712 712 712 712 712 712 712 712 712 712 712 712 712 712 711 711 711 711 710 710 710 711 712 711 711 712 711 711 711 711 711 710 710 709 709 708 708 708 707 707 706 705 704 703 703 703 703 703 703 703 703 703 782 781 779 778 777 776 775 775 804 804 803 802 802 801 801 602 602 601 601 600 599
712 712 712 712 712 712 712 712 712 712 712 712 712 712 712 712 711 711 712 712 712 713 712 712 712 713 713 712 712 713 713 712 712 712 712 712 712 711 712 712 712 712 713 712 713 713 713 713 712 713 713 712 712 711 712 711 711 710 710 710 708 708 707 706 705 705 703 703 703 703 703 703 703 784 782 781 780 778 777 776 775 774 774 803 803 802 802 603 603 602 602 601 600 600
713 713 713 713 713 713 713 713 713 713 713 713 712 712 712 712 712 712 712 713 712 712 713 713 713 713 713 713 713 713 713 713 713 712 712 713 712 714 715 714 715 715 715 715 715 715 715 715 715 714 715 715 714 714 713 713 712 713 712 711 710 709 709 708 707 706 706 704 704 703 703 703 703 785 785 783 782 780 779 778 776 776 774 774 774 803 802 604 603 602 602 601 601 600
713 713 713 713 713 713 713 713 713 713 713 713 713 713 713 713 713 713 712 712 713 713 713 713 713 713 713 713 713 713 713 713 713 714 715 714 715 716 715 716 716 717 717 717 717 718 717 717 717 717 717 717 717 716 715 714 714 713 713 713 712 712 710 710 709 709 707 706 705 704 703 703 703 703 786 784 783 782 781 780 779 777 777 775 774 773 773 604 603 603 602 602 601 601
714 714 714 714 714 714 714 714 714 714 714 714 714 714 714 713 713 713 713 713 713 714 713 713 713 714 713 713 713 714 713 714 715 715 716 717 718 717 718 718 718 719 718 719 719 718 719 718 719 719 718 718 718 718 717 717 716 716 715 715 715 713 713 712 712 710 709 708 708 706 705 703 703 703 787 787 785 785 783 782 781 780 778 778 776 774 575 574 574 603 603 602 601 601
715 715 715 715 715 715 715 715 715 715 715 715 714 714 714 714 714 714 714 714 713 713 714 714 714 714 714 714 714 714 716 717 716 717 718 718 718 720 720 720 721 720 721 720 721 721 721 721 720 721 721 720 720 720 720 719 719 718 717 716 716 715 715 714 713 711 711 710 709 707 707 705 705 703 790 788 788 786 786 784 783 782 780 779 777 777 577 576 574 574 573 602 602 601
715 715 715 715 715 715 715 715 715 715 715 715 715 715 715 715 715 715 714 714 714 714 714 714 714 714 714 715 716 717 717 717 719 720 720 720 721 721 721 722 722 723 723 723 724 723 723 723 723 723 723 723 722 722 721 721 720 720 719 719 718 718 716 715 714 714 713 712 710 710 708 708 706 705 792 791 789 789 787 786 785 783 783 781 780 580 579 578 576 575 573 573 573 602
716 716 716 716 716 716 716 716 716 716 716 716 716 716 716 715 715 715 715 715 715 714 714 714 715 716 716 716 717 718 719 720 721 720 722 723 723 723 724 724 724 724 724 725 724 726 725 725 725 725 724 724 724 723 723 722 722 721 722 720 720 718 718 717 717 716 714 713 713 711 711 709 708 707 707 793 792 791 789 788 787 786 784 783 782 583 581 579 578 576 576 574 573 572
717 717 717 717 717 717 717 717 717 717 717 717 716 716 716 716 716 716 716 715 715 715 715 715 715 716 718 719 719 720 722 721 722 723 723 724 725 725 726 726 726 726 727 726 727 726 727 726 727 727 726 726 726 726 725 725 724 724 723 722 721 721 720 720 719 717 716 716 715 713 712 711 710 709 708 794 794 792 792 790 789 788 787 785 783 584 583 582 580 579 577 575 574 572
717 717 717 717 717 717 717 717 717 717 717 717 717 717 717 717 717 716 716 716 716 716 717 717 718 719 720 721 721 722 722 723 725 725 725 726 726 727 727 728 729 728 729 729 729 729 729 729 728 729 729 728 728 728 728 727 726 725 725 724 724 723 723 721 720 719 719 718 716 715 715 713 712 711 710 797 796 795 793 793 791 789 788 787 588 586 585 583 581 581 579 578 576 575
718 718 718 718 718 718 718 718 718 718 718 718 718 718 718 717 717 717 717 717 717 717 718 719 720 720 721 722 724 724 725 726 725 726 728 728 729 729 729 730 729 730 730 730 731 731 731 731 731 731 731 730 729 729 729 729 728 728 727 727 726 725 724 723 722 722 721 719 718 717 716 715 714 713 712 712 798 797 796 794 793 792 790 789 589 589 587 585 584 582 581 579 577 576
719 719 719 719 719 719 719 719 719 719 719 719 718 718 718 718 718 718 718 717 718 719 721 722 722 723 724 724 725 725 727 727 728 729 729 729 730 731 732 731 732 732 732 733 732 733 732 732 732 732 733 732 732 731 731 731 731 730 730 728 728 727 726 725 725 723 722 721 720 719 718 718 716 716 714 714 800 798 798 796 795 793 793 593 591 590 588 587 586 585 583 581 580 578
719 719 719 719 719 719 719 719 719 719 719 719 719 719 719 719 719 718 719 720 721 722 722 723 724 725 725 726 727 727 728 729 730 730 731 731 732 733 732 734 734 734 735 734 735 734 735 734 735 734 734 735 734 734 733 733 731 731 730 730 729 729 728 726 726 725 724 723 723 721 721 719 719 717 716 715 715 801 799 799 797 796 794 594 594 592 591 589 587 586 584 583 581 580
720 720 720 720 720 720 720 720 720 720 720 720 720 720 720 719 719 720 721 722 722 723 724 725 726 727 728 729 729 730 730 730 731 732 733 734 734 734 735 735 735 736 736 737 737 737 737 737 736 737 736 736 736 735 735 734 734 733 733 732 731 730 729 729 728 727 726 726 724 724 723 722 721 719 719 717 716 803 802 800 798 798 796 597 595 594 592 591 590 588 587 585 583 581
721 721 721 721 721 721 721 721 721 721 721 721 720 720 720 720 721 722 723 723 725 726 727 727 728 729 730 730 731 732 732 733 734 734 734 734 736 737 737 737 737 738 738 738 738 738 738 738 738 737 738 737 737 737 737 736 736 735 735 733 733 732 732 731 730 729 729 727 727 726 724 724 722 722 720 720 718 718 804 802 801 799 600 599 597 596 594 593 591 589 588 586 585 583
721 721 721 721 721 721 721 721 721 721 721 721 721 721 721 722 723 723 725 726 727 727 728 729 730 730 732 733 734 734 735 735 735 736 736 737 738 737 738 739 740 740 740 740 740 741 740 740 740 740 740 740 739 739 739 739 737 737 736 736 735 735 734 733 732 732 731 729 729 727 727 726 725 723 723 721 720 719 805 804 803 802 602 600 599 597 597 595 593 592 590 588 586 584
722 722 722 722 722 722 722 722 722 722 722 722 722 722 722 723 724 726 727 728 728 729 731 732 732 733 734 734 735 736 736 737 738 738 739 740 739 740 740 741 741 741 742 742 743 742 743 742 743 742 742 742 741 740 740 739 740 739 739 738 738 736 736 735 735 734 732 732 731 730 729 728 727 725 725 723 722 721 808 806 804 606 604 603 601 599 598 596 595 593 591 590 588 587
723 723 723 723 723 723 723 723 723 723 723 722 722 723 724 725 727 728 728 729 731 732 732 733 734 735 735 736 738 738 739 739 739 740 741 741 742 742 742 742 743 744 743 744 743 744 743 744 743 744 743 743 743 743 742 742 741 741 740 740 739 739 738 737 737 735 735 734 733 732 731 730 728 728 726 726 724 723 723 808 807 607 606 604 602 601 600 599 597 594 593 591 590 588
723 723 723 723 723 723 723 723 723 723 723 723 724 725 726 728 728 729 731 732 733 733 734 736 737 737 738 739 739 740 741 741 742 742 743 744 744 744 744 745 746 745 746 746 746 746 746 746 746 746 746 745 745 745 745 744 744 743 743 742 741 741 740 740 738 738 737 737 735 734 733 732 731 730 729 727 726 725 723 810 611 609 608 606 605 603 601 600 598 597 595 593 592 590
724 724 724 724 724 724 724 724 724 724 724 725 726 727 728 729 730 732 733 733 734 736 737 737 738 739 740 740 741 741 743 744 743 744 745 745 746 746 747 747 747 748 748 748 748 748 748 748 748 748 748 748 747 747 747 747 746 745 745 744 744 743 743 741 741 740 740 738 737 736 735 734 733 731 731 729 728 727 726 724 612 611 609 608 606 605 604 601 600 598 596 595 593 591
725 725 725 725 725 725 725 725 725 725 726 726 727 729 730 731 733 734 734 735 737 738 738 739 740 741 742 743 743 744 745 745 746 747 747 748 748 749 748 749 749 750 750 750 751 750 751 750 751 750 750 750 750 749 749 749 748 748 747 747 746 746 744 744 743 742 741 740 740 738 738 736 735 734 732 732 730 728 727 726 535 613 611 610 608 607 605 603 602 600 599 597 594 593
725 725 725 725 725 725 725 725 725 725 727 728 729 731 732 733 734 735 736 738 738 739 740 742 742 743 744 744 745 746 746 747 747 748 749 749 750 750 751 751 752 752 752 753 752 753 752 753 752 753 752 751 752 751 751 750 751 750 750 749 749 747 746 746 745 744 743 743 741 740 739 738 737 736 735 733 732 731 729 535 535 614 613 611 610 608 606 605 603 601 600 598 597 595
726 726 726 726 726 726 726 726 726 727 729 730 732 733 733 735 736 737 739 739 740 741 743 743 744 745 745 747 748 748 749 749 750 751 751 752 752 753 753 753 753 754 754 754 755 755 755 755 754 755 754 754 754 754 753 753 752 752 751 751 750 749 749 748 748 746 746 745 743 743 741 741 739 737 737 735 734 732 731 535 535 535 615 613 612 610 609 607 605 604 601 600 598 596
727 727 727 727 727 727 727 727 728 729 731 731 733 734 735 737 738 739 740 741 742 743 744 745 745 747 748 748 749 750 750 751 752 752 753 753 754 754 755 755 756 756 756 756 757 756 757 756 757 756 757 756 756 756 756 755 755 754 753 753 752 752 751 751 749 748 748 746 746 744 744 742 741 740 738 738 736 734 535 535 535 535 616 615 613 611 610 608 607 605 603 602 599 598
727 727 727 727 727 727 727 728 729 731 732 733 735 736 738 738 739 741 742 743 744 745 746 747 748 749 749 750 752 752 753 753 754 755 755 756 756 757 757 758 757 758 758 759 758 759 758 759 759 759 758 759 758 758 758 758 757 756 756 755 755 754 754 752 751 751 749 749 748 746 745 744 743 742 740 739 737 737 537 535 535 535 535 617 615 614 612 610 609 606 605 603 601 600
728 728 728 728 728 728 728 730 731 733 734 735 737 737 739 740 742 743 743 745 746 747 748 749 750 750 751 753 753 754 754 755 756 756 757 757 758 758 759 759 760 760 761 760 761 761 761 761 761 761 761 761 761 760 759 760 759 759 758 758 757 756 755 754 754 753 752 751 749 749 747 747 745 743 743 741 740 540 538 537 535 535 535 618 617 615 613 612 610 608 606 604 603 601
729 729 729 729 729 729 730 732 733 735 736 737 738 739 741 742 744 744 745 747 748 748 750 751 751 753 753 754 755 755 757 757 758 759 759 760 760 761 761 762 762 762 762 763 763 763 763 763 763 763 763 762 763 762 762 761 761 761 761 760 758 758 757 757 756 754 754 752 752 750 749 748 747 746 744 742 742 542 541 539 537 536 535 535 619 617 616 613 611 610 608 606 604 602
729 729 729 729 729 730 731 733 734 736 737 739 740 741 743 743 745 746 748 748 749 751 751 752 754 754 755 756 757 758 758 759 760 760 761 761 762 762 763 763 764 764 765 765 765 765 766 765 765 765 765 765 764 765 764 764 763 762 762 761 761 760 759 759 757 757 756 755 754 752 752 750 748 748 746 745 545 543 542 540 539 537 535 535 535 618 617 615 614 611 609 608 606 603
730 730 730 730 730 732 733 735 736 738 739 741 742 743 744 745 747 748 749 750 751 752 753 754 755 756 757 758 759 759 760 760 762 763 763 764 764 765 765 766 766 767 766 767 767 768 767 767 767 767 767 767 767 766 766 766 765 765 764 764 763 762 762 760 760 759 757 757 755 755 753 752 751 749 748 747 547 546 544 542 541 539 538 536 535 535 618 616 615 613 611 609 607 605
731 731 731 731 732 733 735 737 738 740 741 742 743 745 746 747 748 749 751 752 753 754 755 756 757 758 759 760 760 761 762 763 764 764 765 765 766 766 767 767 768 768 769 769 769 769 769 770 769 770 769 770 769 768 768 768 768 767 766 766 765 765 763 762 762 761 760 759 757 757 755 754 753 751 750 748 549 547 545 544 542 540 539 537 536 535 620 618 616 614 613 610 608 607
731 731 731 731 733 734 736 737 739 741 742 744 745 747 747 749 750 751 752 753 755 756 757 758 758 760 761 761 762 763 764 764 765 767 767 768 768 769 769 770 770 770 771 770 771 771 772 771 772 771 771 771 771 771 770 770 770 769 769 768 768 766 765 765 764 763 762 760 760 758 758 756 754 753 752 552 551 549 548 546 544 543 541 539 537 535 535 620 617 616 614 612 610 608
732 732 732 733 735 736 738 739 741 742 744 746 747 748 749 751 752 752 754 755 756 757 759 759 760 762 762 763 764 765 765 766 767 768 768 769 769 770 770 771 771 772 772 773 773 774 773 774 774 773 774 773 773 773 772 772 771 771 771 769 769 768 768 767 765 765 764 763 762 760 759 758 757 755 753 554 552 550 549 547 546 544 542 541 539 536 535 535 619 617 615 614 611 609
732 733 733 735 736 738 740 741 743 744 745 746 748 750 751 753 753 755 756 756 758 759 760 761 763 763 764 765 766 766 768 768 769 769 770 771 772 772 773 773 774 774 775 775 775 775 775 776 775 776 775 776 775 775 775 774 774 773 772 772 771 771 770 769 768 767 765 765 763 763 761 759 758 757 557 556 554 553 551 549 548 546 543 542 540 539 537 535 535 619 616 615 613 610
733 733 734 736 737 739 740 742 744 745 747 748 750 751 752 753 755 757 757 758 760 760 762 762 764 765 765 767 767 768 769 770 770 772 772 773 773 774 774 775 775 776 776 776 777 777 778 777 778 777 777 778 777 777 777 776 776 775 775 774 773 773 772 771 770 769 768 766 765 764 763 762 760 758 559 557 555 554 552 551 549 547 546 544 541 540 538 535 535 620 618 616 614 612
734 734 736 737 739 741 742 744 745 747 749 750 751 752 754 755 756 757 759 760 761 762 763 764 766 766 768 768 769 770 771 771 773 773 774 774 775 776 777 777 778 778 778 779 779 779 779 780 780 779 780 779 780 779 778 779 778 778 777 776 776 775 773 773 772 771 770 768 768 766 764 763 762 563 561 559 558 556 554 553 550 548 547 545 544 541 539 538 535 535 620 617 615 613
734 736 738 739 741 742 744 746 747 749 749 751 753 754 756 756 758 759 760 761 763 763 765 766 767 768 769 770 771 772 772 774 774 775 775 777 777 778 778 778 779 779 780 780 781 781 781 782 781 782 781 781 781 781 781 780 780 780 779 779 778 776 776 775 773 773 771 771 769 768 767 765 763 564 562 561 559 557 556 554 552 551 548 546 545 543 540 539 537 535 534 618 617 614
