testData/tiles/oneDegreeCosts/grid47.0-46.0-48.0-47.0.asc
ncols   200
nrows   200
xllcorner   47.0
yllcorner   46.0
cellsize   0.005
NODATA_value   -9999.0
[rows 42 to 83 of 200, columns 94 to 187 of 200]
853 852 851 849 848 847 846 844 843 842 840 839 837 837 835 835 833 832 830 829 827 826 824 823 821 819 818 816 815 813 812 810 808 807 804 803 801 799 799 797 795 793 791 789 788 786 783 781 780 778 775 773 772 769 767 764 762 761 758 756 753 751 748 746 744 742 739 736 734 731 728 725 723 720 716 714 754 751 748 745 742 738 735 731 727 724 720 716 712 707 704 699 695 691
852 851 851 850 849 847 846 844 843 842 841 840 838 837 835 834 832 831 829 828 826 826 824 823 821 819 818 816 815 813 812 810 808 807 805 804 802 799 798 796 794 793 791 788 787 785 783 781 780 778 776 773 772 770 767 765 762 761 759 756 754 751 749 746 745 742 739 737 734 731 729 726 723 720 716 714 755 752 749 746 743 738 735 732 728 724 721 716 713 708 704 699 695 691
852 852 851 849 848 846 845 844 844 843 841 840 838 837 835 834 832 831 829 829 827 826 824 823 821 819 818 816 816 813 812 810 808 807 805 804 802 800 799 796 794 793 791 789 788 785 783 781 780 777 775 773 771 769 767 764 762 760 758 756 753 751 749 747 745 742 740 737 735 732 729 726 724 721 717 714 755 752 749 746 743 739 736 733 728 725 721 717 713 709 705 700 696 692
853 852 851 849 848 846 846 844 843 842 840 839 837 836 835 835 833 832 830 829 827 826 824 823 821 819 818 816 815 813 812 810 808 807 804 803 801 800 799 797 795 793 791 789 788 786 783 781 780 778 775 773 772 769 767 765 762 761 758 756 753 751 748 746 744 742 739 737 734 731 729 726 723 720 716 714 755 752 749 746 743 739 735 732 728 724 721 717 713 708 705 700 696 692
852 851 850 849 849 847 846 844 843 842 840 839 838 837 835 834 832 831 829 828 826 825 824 823 821 819 818 816 815 813 812 810 808 807 805 804 802 799 798 796 794 793 791 788 787 785 783 780 779 777 776 773 772 770 767 765 763 761 759 756 754 751 749 746 745 742 740 737 734 732 729 726 723 721 717 714 712 752 749 746 743 739 736 733 728 725 722 717 714 709 705 700 696 692
852 851 851 849 848 846 845 843 842 842 840 840 838 837 835 834 832 831 829 828 826 825 823 822 820 818 817 815 814 812 811 809 808 807 805 804 802 800 799 796 794 793 791 789 788 785 783 781 780 777 775 773 771 769 767 764 762 761 758 756 753 751 748 746 744 742 739 736 734 731 728 726 723 720 716 713 712 752 749 746 743 739 735 732 728 725 721 717 713 709 705 700 696 692
851 851 851 849 848 846 845 844 843 842 840 839 837 836 834 833 831 831 829 828 827 826 824 823 821 819 818 816 815 813 812 810 807 806 804 803 801 799 798 796 794 792 790 788 787 786 783 781 780 778 775 773 772 769 767 765 762 761 758 756 754 751 749 746 745 742 739 737 734 732 729 726 723 721 717 714 712 752 749 746 743 739 736 733 728 725 722 717 714 709 706 701 697 693
852 851 850 848 847 845 845 843 842 841 840 839 837 836 835 834 832 831 829 828 826 825 823 822 820 818 817 815 814 812 812 810 808 807 805 804 801 799 798 796 794 793 791 788 787 785 783 780 779 777 775 772 771 769 766 764 762 760 758 755 753 750 748 745 744 741 739 736 734 731 729 727 724 721 717 714 712 753 750 747 744 740 736 733 729 726 722 718 714 710 706 701 698 693
851 850 850 848 848 846 845 843 842 841 839 839 837 836 834 833 831 830 828 827 826 825 823 822 820 818 817 815 814 812 811 809 807 806 804 803 801 799 797 795 793 792 790 788 786 785 783 781 780 777 775 773 771 769 767 764 762 761 758 756 753 751 748 746 744 742 739 737 734 731 729 726 723 720 717 714 712 752 749 746 743 739 736 733 729 725 722 717 714 709 706 701 697 692
851 850 849 848 847 845 844 842 841 841 839 838 837 836 834 833 831 830 828 827 825 824 823 822 820 818 817 815 814 811 810 808 807 806 804 803 801 799 798 796 793 792 790 788 787 785 782 780 779 777 774 772 771 768 766 764 761 760 758 755 753 750 748 745 744 741 739 736 733 731 728 725 723 720 716 713 712 751 749 746 743 738 735 732 728 725 721 717 714 709 705 701 697 692
850 850 849 847 846 845 844 843 842 841 839 838 836 835 833 832 830 830 828 827 825 824 822 822 820 818 817 815 814 812 811 809 807 806 803 802 800 798 797 795 793 792 789 787 786 784 782 779 778 776 775 772 771 769 766 764 762 760 758 755 753 751 748 746 743 741 739 736 734 731 728 726 723 720 716 714 712 752 749 746 743 739 736 733 728 725 722 718 714 710 706 701 697 692
851 850 849 847 846 844 844 842 841 840 838 837 835 834 833 832 831 830 828 827 825 824 822 821 819 817 816 814 813 811 810 808 806 805 803 802 800 797 797 795 793 792 790 788 786 784 782 780 778 776 774 772 770 768 766 763 761 760 757 755 752 750 747 745 742 741 738 736 733 730 728 725 722 720 716 713 712 712 748 745 742 738 735 732 728 725 721 717 714 709 705 701 697 692
850 849 848 846 846 844 843 841 840 839 838 837 836 835 833 832 830 829 827 826 824 823 821 820 818 816 815 813 812 811 810 808 806 805 803 802 800 798 797 794 792 791 789 787 786 783 781 779 778 775 773 771 770 767 765 763 760 759 756 754 752 749 747 744 743 741 739 736 733 731 728 725 723 720 716 713 712 712 749 746 743 739 736 733 728 725 722 718 714 710 706 701 698 693
849 848 847 846 845 844 843 841 840 839 838 837 835 834 832 831 829 828 826 825 823 822 821 821 819 817 816 814 813 811 809 807 805 804 802 801 799 797 796 794 792 790 788 786 785 783 780 778 777 776 773 771 770 768 765 763 761 759 757 754 752 750 747 745 742 741 738 735 733 730 727 725 722 719 716 713 712 712 748 745 741 738 735 732 728 725 721 717 714 709 706 701 697 692
848 848 848 846 845 843 842 840 840 838 837 836 834 833 831 830 828 827 827 826 824 823 821 820 818 816 815 813 812 810 809 807 805 804 801 800 798 796 795 793 791 791 789 786 785 783 781 779 777 775 773 770 769 767 765 762 760 758 756 754 751 749 746 744 741 740 737 735 732 729 727 724 721 718 715 712 712 712 748 745 741 738 735 731 727 724 721 717 713 709 705 700 697 692
848 848 847 845 844 842 841 840 839 837 836 835 833 832 831 831 829 828 826 825 823 822 820 819 817 815 814 812 811 809 808 806 804 803 802 801 799 796 795 793 791 790 788 786 784 782 780 778 777 774 772 770 768 766 764 762 759 758 755 753 751 748 746 743 741 738 737 734 731 729 726 724 721 717 714 712 712 712 747 744 740 737 734 731 727 724 720 716 713 708 705 700 696 691
848 847 846 844 843 842 841 839 838 836 835 835 833 833 831 830 828 827 825 824 822 821 819 817 816 814 813 811 810 808 808 806 804 803 801 799 798 796 795 792 790 789 787 785 784 781 779 777 776 774 771 769 768 765 763 761 758 757 755 752 750 747 745 742 741 738 737 734 732 729 727 724 721 717 715 712 712 712 747 744 740 737 734 731 727 724 721 716 713 709 705 700 697 692
847 846 845 843 843 841 840 838 838 836 835 835 833 832 830 829 827 826 824 823 821 820 818 816 815 814 814 812 810 808 807 805 803 802 800 798 797 795 794 792 790 788 786 784 783 781 779 776 775 773 771 768 767 765 762 761 759 757 755 753 750 748 745 743 740 738 736 734 731 728 726 723 719 717 714 712 712 712 747 744 740 737 734 731 727 723 720 716 712 708 705 700 696 691
846 845 844 843 842 840 839 838 837 836 835 834 832 831 829 828 826 825 823 823 821 820 818 816 816 814 813 811 810 808 806 805 803 802 799 797 796 794 793 791 789 788 786 783 781 780 778 776 774 772 770 769 767 765 763 760 758 757 754 752 749 747 745 742 740 737 735 733 730 728 725 723 719 716 713 712 712 712 712 743 739 736 733 730 726 723 720 715 712 708 704 699 695 691
845 844 843 842 841 839 839 837 837 835 834 832 831 830 828 827 826 825 823 822 820 819 817 816 815 813 812 810 809 807 805 804 802 801 799 797 796 793 792 790 788 787 785 783 780 779 777 775 775 772 770 768 767 764 762 760 757 756 754 751 749 746 744 741 739 736 734 732 730 727 724 721 718 715 713 712 712 712 712 743 739 736 733 730 725 722 719 715 711 707 703 699 694 691
844 844 842 841 840 838 838 837 836 834 833 831 830 829 828 827 825 824 822 821 819 817 817 815 814 812 811 809 808 806 804 803 801 800 798 796 795 793 792 789 787 786 784 782 780 778 776 775 774 772 769 767 766 764 761 759 757 754 753 750 748 746 743 741 738 736 733 731 728 726 723 720 717 715 712 712 712 712 712 742 738 735 732 729 725 722 717 714 711 706 703 698 694 690
844 843 841 840 839 838 838 836 835 833 832 830 830 829 827 826 824 823 821 820 818 816 815 814 813 811 810 808 807 805 803 802 800 799 797 795 794 792 790 789 787 784 783 781 779 778 776 774 773 771 769 766 764 763 760 758 756 753 752 750 747 745 742 740 737 735 732 730 727 725 722 719 717 714 712 712 712 712 712 741 737 734 731 728 724 721 717 714 710 706 702 698 693 689
843 842 840 839 839 837 836 835 834 832 831 830 829 827 826 825 823 822 820 819 817 815 814 813 813 811 810 808 807 805 803 802 799 798 796 794 793 791 789 788 786 784 782 780 778 777 775 773 771 770 768 766 763 762 760 757 755 753 751 749 747 744 742 739 737 734 732 729 727 724 721 719 716 713 712 712 712 712 712 740 737 734 731 727 724 720 716 713 710 705 702 697 693 689
853 841 839 839 838 836 835 833 832 831 831 829 828 826 825 823 822 821 819 818 817 815 814 812 811 809 809 807 806 804 802 801 799 798 796 793 792 790 788 787 785 783 782 780 777 776 774 772 770 768 766 764 762 761 759 757 754 752 751 748 746 743 741 738 736 733 731 728 726 723 721 718 715 713 712 712 712 712 712 739 736 733 730 726 723 720 716 712 709 705 700 697 692 688
852 851 839 838 837 835 834 832 832 830 829 827 827 825 824 822 821 820 819 817 816 814 813 811 810 808 807 805 804 802 801 800 798 797 795 793 792 790 787 786 784 782 781 779 777 775 773 771 769 768 765 763 761 759 757 755 753 750 749 747 745 743 740 738 735 733 730 728 725 723 720 717 715 712 712 712 712 712 712 712 735 732 729 725 722 719 715 712 707 704 700 696 691 688
851 851 849 848 836 834 833 832 831 829 828 826 825 823 822 822 821 819 818 816 815 813 812 810 809 807 806 804 803 801 799 798 796 795 794 792 791 789 787 786 783 781 780 778 776 775 772 770 768 767 765 762 760 759 756 754 752 749 748 746 743 741 738 736 733 731 728 726 723 721 718 717 714 712 712 712 712 712 712 712 735 732 729 725 722 718 714 711 707 703 699 695 691 687
849 849 847 846 846 833 833 831 830 828 827 825 824 823 822 820 819 817 816 815 814 812 811 809 808 806 805 803 801 800 798 797 795 794 792 790 789 787 785 784 783 780 779 777 775 774 772 769 767 766 764 761 759 758 756 753 751 749 746 745 743 740 738 735 733 730 728 725 723 720 717 715 712 712 712 712 712 712 712 712 733 730 727 723 720 717 713 709 705 702 697 694 689 685
849 848 846 845 843 843 831 829 828 827 826 824 824 822 821 819 818 816 815 813 812 810 809 807 806 806 805 803 801 800 798 796 794 792 791 789 788 786 784 783 781 779 778 775 773 772 770 768 765 765 763 761 758 757 755 753 750 748 746 744 742 739 737 734 732 729 727 724 722 719 717 714 712 712 712 712 712 712 712 712 732 729 726 722 719 716 712 709 704 701 697 693 689 684
848 847 845 844 843 842 841 839 827 825 824 823 822 820 820 818 817 815 814 812 811 810 809 807 806 804 803 801 799 798 796 795 794 792 791 788 787 785 783 782 780 778 777 775 772 771 769 767 765 763 761 759 757 755 753 751 748 746 744 742 740 738 735 734 731 729 726 724 721 719 716 713 712 712 712 712 712 712 712 712 731 729 726 722 719 715 711 708 704 700 696 693 688 683
846 845 843 843 841 840 840 838 837 825 824 822 821 819 818 816 815 813 812 811 810 809 808 806 805 803 802 800 798 797 795 794 792 790 789 787 786 783 781 780 778 776 776 774 772 769 768 766 764 763 760 758 756 754 752 750 748 745 743 742 739 737 734 732 729 727 724 722 719 717 714 712 712 712 712 712 712 712 712 712 730 727 723 720 717 713 710 706 702 699 694 691 686 682
845 844 842 842 840 839 838 836 836 834 822 820 819 818 817 815 814 813 812 810 809 807 806 804 803 801 800 798 796 795 794 793 791 789 788 786 785 783 781 779 777 775 774 772 770 768 766 764 762 761 759 756 754 752 750 748 746 744 742 740 738 736 734 731 729 726 724 721 719 716 713 712 712 712 712 712 712 712 712 712 712 726 722 719 716 712 709 706 701 698 694 690 686 681
843 842 841 840 838 837 835 836 835 833 832 830 818 816 815 814 813 811 810 808 807 805 805 803 802 800 798 797 795 794 792 791 789 787 786 784 782 781 779 778 776 773 773 771 769 767 766 763 761 759 758 755 753 751 750 747 745 743 740 738 737 734 732 729 727 724 722 719 717 714 712 712 712 712 712 712 712 712 712 712 712 724 720 717 714 710 707 704 700 696 692 688 684 680
841 841 840 839 837 836 834 834 833 831 830 828 827 814 814 812 812 810 809 807 806 804 803 801 800 798 796 795 793 792 790 789 787 786 785 783 781 780 778 777 775 773 770 769 767 765 764 762 759 757 756 754 751 749 748 746 743 741 739 736 735 732 731 729 726 724 721 719 716 713 712 712 712 712 712 712 712 712 712 712 712 724 720 717 714 710 706 703 699 696 691 687 683 679
841 840 838 837 835 834 833 832 831 829 828 827 826 825 813 811 810 808 807 805 804 802 801 799 798 796 795 795 793 792 790 788 786 784 783 781 779 778 776 774 773 771 769 767 765 763 762 760 758 756 755 753 751 748 747 745 742 740 738 735 733 732 729 727 724 722 719 717 714 712 712 712 712 712 712 712 712 712 712 712 712 722 718 715 712 708 705 701 697 693 690 685 682 677
840 839 837 836 834 834 832 831 830 828 827 826 825 823 822 809 808 806 805 803 802 800 800 799 797 796 794 793 791 790 788 786 785 783 782 779 777 776 774 772 771 769 768 767 764 762 761 759 757 754 753 751 749 746 744 743 741 738 736 734 731 730 727 725 722 720 718 715 712 712 712 712 712 712 712 712 712 712 712 712 712 719 716 713 710 706 703 699 696 691 688 684 680 676
840 839 837 836 835 834 832 831 829 828 827 826 825 823 822 820 808 806 805 803 803 801 800 798 796 795 793 792 790 789 787 785 784 782 781 779 777 775 773 771 770 768 766 765 763 760 759 757 755 753 751 749 747 745 742 741 739 736 734 732 729 728 726 723 721 718 716 713 712 712 712 712 712 712 712 712 712 712 712 712 712 712 715 712 709 705 702 698 695 691 687 683 678 440
840 838 837 836 835 834 832 831 829 828 828 826 825 823 822 820 819 806 806 804 803 801 800 798 796 795 793 792 790 789 787 785 784 782 781 779 777 776 774 771 770 768 766 765 763 761 759 757 755 753 752 749 747 745 743 741 739 737 734 732 730 727 726 723 721 718 716 713 712 712 712 712 712 712 712 712 712 712 712 712 712 712 715 712 708 705 701 697 694 690 687 682 679 440
840 838 837 837 835 834 832 831 829 829 827 826 825 823 822 820 819 818 806 804 803 801 799 798 796 795 793 792 790 789 787 785 784 782 781 779 777 776 774 772 770 768 766 765 763 761 759 757 755 753 751 750 747 745 743 741 739 737 734 732 730 727 726 723 721 719 716 714 712 712 712 712 712 712 712 712 712 712 712 712 712 712 715 712 708 705 702 698 694 690 687 682 444 440
840 838 838 837 835 834 832 831 830 829 827 826 824 823 822 820 820 818 817 804 802 801 799 798 796 795 793 792 790 788 787 785 784 782 780 779 777 776 774 772 771 768 766 765 763 761 759 758 755 753 751 750 747 745 743 741 739 737 735 732 730 727 725 724 721 719 716 714 712 712 712 712 712 712 712 712 712 712 712 712 712 712 715 712 708 705 702 698 695 690 687 449 444 441
840 838 838 837 835 834 832 832 830 829 827 826 824 823 821 821 820 818 816 815 802 801 799 798 796 795 793 792 790 788 787 785 784 782 780 779 777 776 774 772 771 769 766 765 763 761 759 758 755 753 751 750 748 745 743 741 739 737 735 732 730 728 725 724 721 719 716 714 712 712 712 712 712 712 712 712 712 712 712 712 712 712 715 712 708 705 701 698 695 691 687 449 444 441
840 839 838 836 835 834 832 832 830 829 827 826 824 823 822 821 819 818 816 815 813 801 799 798 796 795 793 792 790 788 787 785 784 782 780 779 777 775 774 772 771 769 767 764 763 761 759 758 756 753 751 750 748 745 743 741 740 737 735 733 730 728 725 723 722 719 717 714 712 712 712 712 712 712 712 712 712 712 712 712 712 712 712 713 709 705 701 698 695 691 453 449 445 440
840 839 838 836 835 834 833 832 830 829 827 826 824 824 822 821 819 818 816 815 813 812 799 798 796 796 794 793 791 789 788 786 785 782 780 779 777 775 774 772 770 769 767 765 763 761 759 758 756 754 751 750 748 746 743 741 740 737 735 733 730 728 726 723 721 719 717 714 712 712 712 712 712 712 712 712 712 712 712 712 712 712 712 712 709 706 702 698 694 457 453 449 445 440
