testData/tiles/oneDegreeCosts/grid5.0-44.0-6.0-45.0.asc
ncols   200
nrows   200
xllcorner   5.0
yllcorner   44.0
cellsize   0.005
NODATA_value   -9999.0
[rows 102 to 118 of 200, columns 37 to 73 of 200]
1.094000000000000000e+03 1.094000000000000000e+03 1.094000000000000000e+03 1.094000000000000000e+03 1.094000000000000000e+03 1.094000000000000000e+03 1.093000000000000000e+03 1.093000000000000000e+03 1.093000000000000000e+03 1.093000000000000000e+03 1.092000000000000000e+03 1.092000000000000000e+03 1.092000000000000000e+03 8.020000000000000000e+02 8.010000000000000000e+02 8.010000000000000000e+02 8.000000000000000000e+02 8.000000000000000000e+02 7.990000000000000000e+02 7.990000000000000000e+02 7.990000000000000000e+02 7.980000000000000000e+02 7.980000000000000000e+02 7.970000000000000000e+02 7.970000000000000000e+02 7.960000000000000000e+02 7.960000000000000000e+02 7.950000000000000000e+02 7.940000000000000000e+02 7.940000000000000000e+02 7.930000000000000000e+02 7.930000000000000000e+02 7.920000000000000000e+02 7.920000000000000000e+02 7.910000000000000000e+02 7.900000000000000000e+02 7.900000000000000000e+02
1.093000000000000000e+03 1.093000000000000000e+03 1.093000000000000000e+03 1.093000000000000000e+03 1.093000000000000000e+03 1.093000000000000000e+03 1.093000000000000000e+03 1.093000000000000000e+03 1.092000000000000000e+03 1.092000000000000000e+03 1.092000000000000000e+03 1.092000000000000000e+03 1.091000000000000000e+03 1.091000000000000000e+03 8.010000000000000000e+02 8.000000000000000000e+02 8.000000000000000000e+02 7.990000000000000000e+02 7.990000000000000000e+02 7.980000000000000000e+02 7.980000000000000000e+02 7.980000000000000000e+02 7.970000000000000000e+02 7.970000000000000000e+02 7.960000000000000000e+02 7.960000000000000000e+02 7.950000000000000000e+02 7.950000000000000000e+02 7.940000000000000000e+02 7.930000000000000000e+02 7.930000000000000000e+02 7.920000000000000000e+02 7.920000000000000000e+02 7.910000000000000000e+02 7.910000000000000000e+02 7.900000000000000000e+02 7.890000000000000000e+02
1.093000000000000000e+03 1.093000000000000000e+03 1.093000000000000000e+03 1.092000000000000000e+03 1.092000000000000000e+03 1.092000000000000000e+03 1.092000000000000000e+03 1.092000000000000000e+03 1.092000000000000000e+03 1.091000000000000000e+03 1.091000000000000000e+03 1.091000000000000000e+03 1.091000000000000000e+03 1.090000000000000000e+03 1.090000000000000000e+03 8.000000000000000000e+02 7.990000000000000000e+02 7.990000000000000000e+02 7.980000000000000000e+02 7.980000000000000000e+02 7.980000000000000000e+02 7.970000000000000000e+02 7.970000000000000000e+02 7.960000000000000000e+02 7.960000000000000000e+02 7.950000000000000000e+02 7.950000000000000000e+02 7.940000000000000000e+02 7.940000000000000000e+02 7.930000000000000000e+02 7.920000000000000000e+02 7.920000000000000000e+02 7.910000000000000000e+02 7.910000000000000000e+02 7.900000000000000000e+02 7.900000000000000000e+02 7.890000000000000000e+02
1.092000000000000000e+03 1.092000000000000000e+03 1.092000000000000000e+03 1.092000000000000000e+03 1.092000000000000000e+03 1.092000000000000000e+03 1.091000000000000000e+03 1.091000000000000000e+03 1.091000000000000000e+03 1.091000000000000000e+03 1.091000000000000000e+03 1.090000000000000000e+03 1.090000000000000000e+03 1.090000000000000000e+03 1.089000000000000000e+03 1.089000000000000000e+03 7.990000000000000000e+02 7.980000000000000000e+02 7.980000000000000000e+02 7.970000000000000000e+02 7.970000000000000000e+02 7.970000000000000000e+02 7.960000000000000000e+02 7.960000000000000000e+02 7.950000000000000000e+02 7.950000000000000000e+02 7.940000000000000000e+02 7.940000000000000000e+02 7.930000000000000000e+02 7.930000000000000000e+02 7.920000000000000000e+02 7.910000000000000000e+02 7.910000000000000000e+02 7.900000000000000000e+02 7.900000000000000000e+02 7.890000000000000000e+02 7.890000000000000000e+02
1.091000000000000000e+03 1.091000000000000000e+03 1.091000000000000000e+03 1.091000000000000000e+03 1.091000000000000000e+03 1.091000000000000000e+03 1.091000000000000000e+03 1.091000000000000000e+03 1.090000000000000000e+03 1.090000000000000000e+03 1.090000000000000000e+03 1.090000000000000000e+03 1.089000000000000000e+03 1.089000000000000000e+03 1.089000000000000000e+03 1.088000000000000000e+03 1.088000000000000000e+03 7.980000000000000000e+02 7.970000000000000000e+02 7.970000000000000000e+02 7.960000000000000000e+02 7.960000000000000000e+02 7.960000000000000000e+02 7.950000000000000000e+02 7.950000000000000000e+02 7.940000000000000000e+02 7.940000000000000000e+02 7.930000000000000000e+02 7.930000000000000000e+02 7.920000000000000000e+02 7.920000000000000000e+02 7.910000000000000000e+02 7.900000000000000000e+02 7.900000000000000000e+02 7.890000000000000000e+02 7.890000000000000000e+02 7.880000000000000000e+02
1.090000000000000000e+03 1.090000000000000000e+03 1.090000000000000000e+03 1.090000000000000000e+03 1.090000000000000000e+03 1.090000000000000000e+03 1.090000000000000000e+03 1.090000000000000000e+03 1.090000000000000000e+03 1.089000000000000000e+03 1.089000000000000000e+03 1.089000000000000000e+03 1.089000000000000000e+03 1.088000000000000000e+03 1.088000000000000000e+03 1.088000000000000000e+03 1.087000000000000000e+03 1.087000000000000000e+03 7.970000000000000000e+02 7.960000000000000000e+02 7.960000000000000000e+02 7.950000000000000000e+02 7.950000000000000000e+02 7.950000000000000000e+02 7.940000000000000000e+02 7.940000000000000000e+02 7.930000000000000000e+02 7.930000000000000000e+02 7.920000000000000000e+02 7.920000000000000000e+02 7.910000000000000000e+02 7.910000000000000000e+02 7.900000000000000000e+02 7.890000000000000000e+02 7.890000000000000000e+02 7.880000000000000000e+02 7.880000000000000000e+02
1.090000000000000000e+03 1.090000000000000000e+03 1.090000000000000000e+03 1.090000000000000000e+03 1.090000000000000000e+03 1.089000000000000000e+03 1.089000000000000000e+03 1.089000000000000000e+03 1.089000000000000000e+03 1.089000000000000000e+03 1.089000000000000000e+03 1.088000000000000000e+03 1.088000000000000000e+03 1.088000000000000000e+03 1.087000000000000000e+03 1.087000000000000000e+03 1.087000000000000000e+03 1.086000000000000000e+03 1.086000000000000000e+03 7.960000000000000000e+02 7.950000000000000000e+02 7.950000000000000000e+02 7.940000000000000000e+02 7.940000000000000000e+02 7.940000000000000000e+02 7.930000000000000000e+02 7.930000000000000000e+02 7.920000000000000000e+02 7.920000000000000000e+02 7.910000000000000000e+02 7.910000000000000000e+02 7.900000000000000000e+02 7.900000000000000000e+02 7.890000000000000000e+02 7.880000000000000000e+02 7.880000000000000000e+02 7.870000000000000000e+02
1.089000000000000000e+03 1.089000000000000000e+03 1.089000000000000000e+03 1.089000000000000000e+03 1.089000000000000000e+03 1.089000000000000000e+03 1.089000000000000000e+03 1.088000000000000000e+03 1.088000000000000000e+03 1.088000000000000000e+03 1.088000000000000000e+03 1.088000000000000000e+03 1.087000000000000000e+03 1.087000000000000000e+03 1.087000000000000000e+03 1.087000000000000000e+03 1.086000000000000000e+03 1.086000000000000000e+03 1.085000000000000000e+03 1.085000000000000000e+03 7.950000000000000000e+02 7.940000000000000000e+02 7.940000000000000000e+02 7.930000000000000000e+02 7.930000000000000000e+02 7.930000000000000000e+02 7.920000000000000000e+02 7.920000000000000000e+02 7.910000000000000000e+02 7.910000000000000000e+02 7.900000000000000000e+02 7.900000000000000000e+02 7.890000000000000000e+02 7.890000000000000000e+02 7.880000000000000000e+02 7.870000000000000000e+02 7.870000000000000000e+02
1.088000000000000000e+03 1.088000000000000000e+03 1.088000000000000000e+03 1.088000000000000000e+03 1.088000000000000000e+03 1.088000000000000000e+03 1.088000000000000000e+03 1.088000000000000000e+03 1.088000000000000000e+03 1.087000000000000000e+03 1.087000000000000000e+03 1.087000000000000000e+03 1.087000000000000000e+03 1.086000000000000000e+03 1.086000000000000000e+03 1.086000000000000000e+03 1.086000000000000000e+03 1.085000000000000000e+03 1.085000000000000000e+03 1.084000000000000000e+03 1.084000000000000000e+03 7.940000000000000000e+02 7.930000000000000000e+02 7.930000000000000000e+02 7.920000000000000000e+02 7.920000000000000000e+02 7.920000000000000000e+02 7.910000000000000000e+02 7.910000000000000000e+02 7.900000000000000000e+02 7.900000000000000000e+02 7.890000000000000000e+02 7.890000000000000000e+02 7.880000000000000000e+02 7.880000000000000000e+02 7.870000000000000000e+02 7.870000000000000000e+02
1.088000000000000000e+03 1.088000000000000000e+03 1.088000000000000000e+03 1.088000000000000000e+03 1.087000000000000000e+03 1.087000000000000000e+03 1.087000000000000000e+03 1.087000000000000000e+03 1.087000000000000000e+03 1.087000000000000000e+03 1.087000000000000000e+03 1.086000000000000000e+03 1.086000000000000000e+03 1.086000000000000000e+03 1.086000000000000000e+03 1.085000000000000000e+03 1.085000000000000000e+03 1.085000000000000000e+03 1.084000000000000000e+03 1.084000000000000000e+03 1.084000000000000000e+03 1.083000000000000000e+03 7.930000000000000000e+02 7.920000000000000000e+02 7.920000000000000000e+02 7.910000000000000000e+02 7.910000000000000000e+02 7.910000000000000000e+02 7.900000000000000000e+02 7.900000000000000000e+02 7.890000000000000000e+02 7.890000000000000000e+02 7.880000000000000000e+02 7.880000000000000000e+02 7.870000000000000000e+02 7.870000000000000000e+02 7.860000000000000000e+02
1.087000000000000000e+03 1.087000000000000000e+03 1.087000000000000000e+03 1.087000000000000000e+03 1.087000000000000000e+03 1.087000000000000000e+03 1.087000000000000000e+03 1.086000000000000000e+03 1.086000000000000000e+03 1.086000000000000000e+03 1.086000000000000000e+03 1.086000000000000000e+03 1.085000000000000000e+03 1.085000000000000000e+03 1.085000000000000000e+03 1.085000000000000000e+03 1.084000000000000000e+03 1.084000000000000000e+03 1.084000000000000000e+03 1.083000000000000000e+03 1.083000000000000000e+03 1.083000000000000000e+03 1.082000000000000000e+03 7.920000000000000000e+02 7.910000000000000000e+02 7.910000000000000000e+02 7.900000000000000000e+02 7.900000000000000000e+02 7.900000000000000000e+02 7.890000000000000000e+02 7.890000000000000000e+02 7.880000000000000000e+02 7.880000000000000000e+02 7.870000000000000000e+02 7.870000000000000000e+02 7.860000000000000000e+02 7.860000000000000000e+02
1.086000000000000000e+03 1.086000000000000000e+03 1.086000000000000000e+03 1.086000000000000000e+03 1.086000000000000000e+03 1.086000000000000000e+03 1.086000000000000000e+03 1.086000000000000000e+03 1.086000000000000000e+03 1.085000000000000000e+03 1.085000000000000000e+03 1.085000000000000000e+03 1.085000000000000000e+03 1.085000000000000000e+03 1.084000000000000000e+03 1.084000000000000000e+03 1.084000000000000000e+03 1.083000000000000000e+03 1.083000000000000000e+03 1.083000000000000000e+03 1.082000000000000000e+03 1.082000000000000000e+03 1.082000000000000000e+03 1.081000000000000000e+03 7.910000000000000000e+02 7.900000000000000000e+02 7.900000000000000000e+02 7.890000000000000000e+02 7.890000000000000000e+02 7.890000000000000000e+02 7.880000000000000000e+02 7.880000000000000000e+02 7.870000000000000000e+02 7.870000000000000000e+02 7.860000000000000000e+02 7.860000000000000000e+02 7.850000000000000000e+02
1.086000000000000000e+03 1.086000000000000000e+03 1.086000000000000000e+03 1.085000000000000000e+03 1.085000000000000000e+03 1.085000000000000000e+03 1.085000000000000000e+03 1.085000000000000000e+03 1.085000000000000000e+03 1.085000000000000000e+03 1.085000000000000000e+03 1.084000000000000000e+03 1.084000000000000000e+03 1.084000000000000000e+03 1.084000000000000000e+03 1.083000000000000000e+03 1.083000000000000000e+03 1.083000000000000000e+03 1.082000000000000000e+03 1.082000000000000000e+03 1.082000000000000000e+03 1.081000000000000000e+03 1.081000000000000000e+03 1.081000000000000000e+03 1.080000000000000000e+03 7.900000000000000000e+02 7.890000000000000000e+02 7.890000000000000000e+02 7.880000000000000000e+02 7.880000000000000000e+02 7.880000000000000000e+02 7.870000000000000000e+02 7.870000000000000000e+02 7.860000000000000000e+02 7.860000000000000000e+02 7.850000000000000000e+02 7.850000000000000000e+02
1.085000000000000000e+03 1.085000000000000000e+03 1.085000000000000000e+03 1.085000000000000000e+03 1.085000000000000000e+03 1.085000000000000000e+03 1.084000000000000000e+03 1.084000000000000000e+03 1.084000000000000000e+03 1.084000000000000000e+03 1.084000000000000000e+03 1.084000000000000000e+03 1.083000000000000000e+03 1.083000000000000000e+03 1.083000000000000000e+03 1.083000000000000000e+03 1.082000000000000000e+03 1.082000000000000000e+03 1.082000000000000000e+03 1.081000000000000000e+03 1.081000000000000000e+03 1.081000000000000000e+03 1.080000000000000000e+03 1.080000000000000000e+03 1.080000000000000000e+03 1.079000000000000000e+03 7.890000000000000000e+02 7.880000000000000000e+02 7.880000000000000000e+02 7.870000000000000000e+02 7.870000000000000000e+02 7.870000000000000000e+02 7.860000000000000000e+02 7.860000000000000000e+02 7.850000000000000000e+02 7.850000000000000000e+02 7.840000000000000000e+02
1.084000000000000000e+03 1.084000000000000000e+03 1.084000000000000000e+03 1.084000000000000000e+03 1.084000000000000000e+03 1.084000000000000000e+03 1.084000000000000000e+03 1.084000000000000000e+03 1.084000000000000000e+03 1.083000000000000000e+03 1.083000000000000000e+03 1.083000000000000000e+03 1.083000000000000000e+03 1.083000000000000000e+03 1.082000000000000000e+03 1.082000000000000000e+03 1.082000000000000000e+03 1.081000000000000000e+03 1.081000000000000000e+03 1.081000000000000000e+03 1.081000000000000000e+03 1.080000000000000000e+03 1.080000000000000000e+03 1.079000000000000000e+03 1.079000000000000000e+03 1.079000000000000000e+03 1.078000000000000000e+03 7.880000000000000000e+02 7.870000000000000000e+02 7.870000000000000000e+02 7.870000000000000000e+02 7.860000000000000000e+02 7.860000000000000000e+02 7.850000000000000000e+02 7.850000000000000000e+02 7.840000000000000000e+02 7.840000000000000000e+02
1.083000000000000000e+03 1.083000000000000000e+03 1.083000000000000000e+03 1.083000000000000000e+03 1.083000000000000000e+03 1.083000000000000000e+03 1.083000000000000000e+03 1.083000000000000000e+03 1.083000000000000000e+03 1.083000000000000000e+03 1.083000000000000000e+03 1.082000000000000000e+03 1.082000000000000000e+03 1.082000000000000000e+03 1.082000000000000000e+03 1.081000000000000000e+03 1.081000000000000000e+03 1.081000000000000000e+03 1.081000000000000000e+03 1.080000000000000000e+03 1.080000000000000000e+03 1.080000000000000000e+03 1.079000000000000000e+03 1.079000000000000000e+03 1.078000000000000000e+03 1.078000000000000000e+03 1.078000000000000000e+03 1.077000000000000000e+03 7.870000000000000000e+02 7.860000000000000000e+02 7.860000000000000000e+02 7.860000000000000000e+02 7.850000000000000000e+02 7.850000000000000000e+02 7.840000000000000000e+02 7.840000000000000000e+02 7.830000000000000000e+02
1.083000000000000000e+03 1.083000000000000000e+03 1.083000000000000000e+03 1.083000000000000000e+03 1.083000000000000000e+03 1.083000000000000000e+03 1.082000000000000000e+03 1.082000000000000000e+03 1.082000000000000000e+03 1.082000000000000000e+03 1.082000000000000000e+03 1.082000000000000000e+03 1.081000000000000000e+03 1.081000000000000000e+03 1.081000000000000000e+03 1.081000000000000000e+03 1.080000000000000000e+03 1.080000000000000000e+03 1.080000000000000000e+03 1.080000000000000000e+03 1.079000000000000000e+03 1.079000000000000000e+03 1.079000000000000000e+03 1.078000000000000000e+03 1.078000000000000000e+03 1.077000000000000000e+03 1.077000000000000000e+03 1.077000000000000000e+03 1.076000000000000000e+03 7.860000000000000000e+02 7.850000000000000000e+02 7.850000000000000000e+02 7.850000000000000000e+02 7.840000000000000000e+02 7.840000000000000000e+02 7.830000000000000000e+02 7.830000000000000000e+02
