testData/tiles/oneDegreeCosts/grid32.0-44.0-33.0-45.0.asc
ncols   200
nrows   200
xllcorner   32.0
yllcorner   44.0
cellsize   0.005
NODATA_value   -9999.0
[rows 0 to 41 of 200, columns 94 to 187 of 200]
257 256 256 257 256 256 256 255 255 254 254 254 253 253 252 252 251 251 251 250 249 249 249 249 249 249 249 249 249 249 250 250 250 250 250 481 481 463 463 463 463 463 463 463 463 463 463 463 463 463 463 463 463 463 463 463 463 463 463 463 463 463 463 463 463 463 463 463 463 463 463 463 463 463 463 463 463 463 463 463 463 463 463 463 463 463 463 380 380 380 380 380 380 380
256 256 256 255 255 255 254 254 254 253 253 252 253 253 252 252 251 251 250 250 249 249 249 249 249 249 249 249 249 249 249 249 249 249 249 480 480 462 462 462 462 462 462 462 462 462 462 462 462 462 462 462 462 463 463 463 463 463 463 463 463 463 463 463 463 463 463 463 463 463 463 463 463 463 462 462 462 462 462 462 462 462 462 462 462 462 379 379 379 379 379 379 379 379
256 256 256 255 255 255 254 254 254 253 253 252 252 252 251 251 250 250 249 249 248 248 249 249 249 249 249 249 249 249 249 249 249 249 249 249 480 462 462 462 462 462 462 462 462 462 462 462 462 462 462 462 462 462 462 462 462 462 462 462 462 462 462 462 462 462 462 462 462 462 462 462 462 462 462 462 462 462 462 462 462 462 462 462 462 379 379 379 379 379 379 379 379 379
255 255 255 254 254 253 253 254 253 253 253 252 252 251 251 250 250 249 249 248 248 248 248 248 248 248 248 248 248 248 248 248 248 248 248 248 461 462 462 462 462 462 462 462 462 462 462 462 462 462 462 462 462 462 462 462 462 462 462 462 462 462 462 462 462 462 462 462 462 462 462 462 462 462 462 462 462 462 462 462 462 462 462 462 379 379 379 379 379 379 378 378 378 378
255 255 254 254 254 253 253 253 252 252 251 251 251 250 250 249 249 249 249 248 248 248 248 248 248 248 248 248 248 248 248 248 248 248 248 248 461 461 461 461 461 461 461 461 461 461 461 461 461 461 461 461 461 461 461 461 461 461 461 461 461 461 461 461 461 461 461 461 461 461 461 461 461 461 461 461 461 461 461 461 461 461 461 378 378 378 378 378 378 378 378 378 378 378
254 254 253 253 254 253 253 252 252 252 251 251 250 250 250 249 249 248 248 247 247 247 247 247 247 247 247 247 247 248 248 248 248 248 248 248 230 461 461 461 461 461 461 461 461 461 461 461 461 461 461 461 461 461 461 461 461 461 461 461 461 461 461 461 461 461 461 461 461 461 461 461 461 461 461 461 461 461 461 461 461 461 378 378 378 378 378 378 378 378 378 378 378 378
254 253 253 253 252 252 252 251 251 251 250 250 249 250 249 249 248 248 247 247 247 247 247 247 247 247 247 247 247 247 247 247 247 247 247 229 229 460 460 460 460 460 460 460 460 460 460 460 460 460 460 461 461 461 461 461 461 461 461 461 461 461 461 461 461 461 461 461 461 461 461 461 461 461 461 461 460 460 460 460 460 377 377 377 377 377 377 377 377 377 377 377 377 377
253 253 253 253 252 252 252 251 251 250 250 250 249 249 248 248 247 247 246 246 246 246 246 246 247 247 247 247 247 247 247 247 247 247 247 229 229 229 460 460 460 460 460 460 460 460 460 460 460 460 460 460 460 460 460 460 460 460 460 460 460 460 460 460 460 460 460 460 460 460 460 460 460 460 460 460 460 460 460 460 377 377 377 377 377 377 377 377 377 377 377 377 377 377
252 252 252 251 251 251 250 250 250 249 250 249 249 249 248 248 247 247 246 246 246 246 246 246 246 246 246 246 246 246 246 246 246 246 246 228 228 228 459 459 460 460 460 460 460 460 460 460 460 460 460 460 460 460 460 460 460 460 460 460 460 460 460 460 460 460 460 460 460 460 460 460 460 460 460 460 460 460 460 377 377 377 377 377 377 377 377 376 376 376 376 376 376 376
252 252 252 251 251 251 250 250 249 249 249 248 248 247 247 246 246 245 245 245 246 246 246 246 246 246 246 246 246 246 246 246 246 246 228 228 228 228 459 459 459 459 459 459 459 459 459 459 459 459 459 459 459 459 459 459 459 459 459 459 459 459 459 459 459 459 459 459 459 459 459 459 459 459 459 459 459 459 376 376 376 376 376 376 376 376 376 376 376 376 376 376 376 376
251 251 251 250 250 249 249 249 249 249 248 248 248 247 247 246 246 245 245 245 245 245 245 245 245 245 245 245 245 245 245 245 245 245 227 228 228 228 228 459 459 459 459 459 459 459 459 459 459 459 459 459 459 459 459 459 459 459 459 459 459 459 459 459 459 459 459 459 459 459 459 459 459 459 459 459 459 376 376 376 376 376 376 376 376 376 376 376 376 376 376 376 375 375
251 251 250 250 250 249 249 249 248 248 247 247 246 246 245 245 244 244 245 245 245 245 245 245 245 245 245 245 245 245 245 245 245 245 227 227 227 227 227 458 458 458 458 458 458 458 458 458 458 458 458 458 458 458 458 458 458 458 458 458 458 458 458 458 458 458 458 458 458 458 458 458 458 458 458 375 375 375 375 375 375 375 375 375 375 375 375 375 375 375 375 375 375 375
250 250 249 249 249 248 248 248 248 248 247 247 246 246 245 245 244 244 244 244 244 244 244 244 244 244 244 244 244 244 244 244 245 227 227 227 227 227 227 458 458 458 458 458 458 458 458 458 458 458 458 458 458 458 458 458 458 458 458 458 458 458 458 458 458 458 458 458 458 458 458 458 458 458 375 375 375 375 375 375 375 375 375 375 375 375 375 375 375 375 375 375 375 375
250 249 249 249 248 248 248 247 247 246 246 246 245 245 244 244 243 244 244 244 244 244 244 244 244 244 244 244 244 244 244 244 244 226 226 226 226 226 226 226 457 457 457 457 457 457 457 457 457 457 457 457 457 457 457 457 457 457 457 457 457 457 457 457 457 457 457 457 457 457 457 457 457 374 374 374 374 374 374 374 374 374 374 374 374 374 374 374 374 374 374 374 374 374
249 248 248 248 247 247 246 247 247 246 246 245 245 244 244 243 243 243 243 243 243 243 243 243 243 243 243 243 243 243 244 244 244 226 226 226 226 226 226 226 457 457 457 457 457 457 457 457 457 457 457 457 457 457 457 457 457 457 457 457 457 457 457 457 457 457 457 457 457 457 457 457 374 374 374 374 374 374 374 374 374 374 374 374 374 374 374 374 374 374 374 374 374 374
248 248 248 247 247 247 246 246 245 245 245 244 244 243 243 242 242 243 243 243 243 243 243 243 243 243 243 243 243 243 243 243 225 225 225 225 225 225 225 225 225 456 456 456 456 456 456 456 456 456 456 456 456 456 456 456 457 457 457 457 457 457 457 457 457 457 457 457 457 457 457 373 373 373 373 373 373 373 373 373 373 373 373 373 373 373 373 373 373 373 373 373 373 373
247 247 247 246 246 245 245 245 245 245 244 244 243 243 242 242 242 242 242 242 242 242 242 242 242 242 242 242 242 242 243 243 225 225 225 225 225 225 225 225 225 456 456 456 456 456 456 456 456 456 456 456 456 456 456 456 456 456 456 456 456 456 456 456 456 456 456 456 456 456 373 373 373 373 373 373 373 373 373 373 373 373 373 373 373 373 373 373 373 373 373 373 373 373
247 247 246 246 246 245 245 244 244 244 243 243 242 242 241 241 241 241 242 242 242 242 242 242 242 242 242 242 242 242 242 242 224 224 224 224 224 224 224 224 224 224 455 455 455 455 455 455 455 455 455 455 455 455 455 455 455 455 456 456 456 456 456 456 456 456 456 456 373 372 372 372 372 372 372 372 372 372 372 372 372 372 372 372 372 372 372 372 372 372 372 372 372 372
246 246 245 245 244 244 244 243 243 243 243 243 242 242 241 241 241 241 241 241 241 241 241 241 241 241 241 241 241 241 241 223 224 224 224 224 224 224 224 224 224 224 455 455 455 455 455 455 455 455 455 455 455 455 455 455 455 455 455 455 455 455 455 455 455 455 455 372 372 372 372 372 372 372 372 372 372 372 372 372 372 372 372 372 372 372 372 372 372 372 372 372 372 372
245 244 244 245 244 244 244 243 243 242 242 241 241 240 240 240 240 240 240 240 241 241 241 241 241 241 241 241 241 241 241 223 223 223 223 223 223 223 223 223 223 223 454 454 454 454 454 454 454 454 454 454 454 454 454 454 454 454 454 454 454 454 454 454 454 454 371 371 371 371 371 371 371 371 371 371 371 371 371 371 371 371 371 371 371 371 371 371 371 371 371 371 371 371
245 244 244 244 243 243 242 242 241 241 241 240 241 240 240 240 240 240 240 240 240 240 240 240 240 240 240 240 240 240 222 222 222 222 222 223 223 223 223 223 223 223 223 454 454 454 454 454 454 454 454 454 454 454 454 454 454 454 454 454 454 454 454 454 454 371 371 371 371 371 371 371 371 371 371 371 371 371 371 371 371 371 371 371 371 371 371 371 371 371 371 371 370 370
243 243 243 242 242 242 242 242 241 241 240 240 239 239 239 239 239 239 239 239 239 239 239 239 240 240 240 240 240 240 222 222 222 222 222 222 222 222 222 222 222 222 222 453 453 453 453 453 453 453 453 453 453 453 453 453 453 453 453 453 453 453 453 370 370 370 370 370 370 370 370 370 370 370 370 370 370 370 370 370 370 370 370 370 370 370 370 370 370 370 370 370 370 370
242 243 243 242 242 241 241 241 240 240 239 239 238 238 238 238 239 239 239 239 239 239 239 239 239 239 239 239 239 239 221 221 221 221 221 221 221 221 221 221 221 222 222 222 453 453 453 453 453 453 453 453 453 453 453 453 453 453 453 453 453 453 370 370 370 370 370 370 370 370 370 370 370 370 370 370 370 370 370 370 370 370 370 370 370 370 369 369 369 369 369 369 369 369
242 242 241 241 241 240 240 239 239 238 239 238 238 238 238 238 238 238 238 238 238 238 238 238 238 238 238 238 238 221 221 221 221 221 221 221 221 221 221 221 221 221 221 221 452 452 452 452 452 452 452 452 452 452 452 452 452 452 452 452 452 369 369 369 369 369 369 369 369 369 369 369 369 369 369 369 369 369 369 369 369 369 369 369 369 369 369 369 369 369 369 369 369 369
241 241 240 240 239 240 240 239 239 238 238 237 237 237 237 237 237 237 237 237 237 238 238 238 238 238 238 238 238 220 220 220 220 220 220 220 220 220 220 220 220 220 220 220 451 451 451 451 451 451 451 451 451 451 452 452 452 452 452 369 369 369 369 369 369 369 369 369 369 369 369 369 369 368 368 368 368 368 368 368 368 368 368 368 368 368 368 368 368 368 368 368 368 368
240 240 240 240 239 239 238 238 237 237 237 236 236 236 236 237 237 237 237 237 237 237 237 237 237 237 237 237 219 219 219 219 219 219 219 219 219 220 220 220 220 220 220 220 220 451 451 451 451 451 451 451 451 451 451 451 451 451 368 368 368 368 368 368 368 368 368 368 368 368 368 368 368 368 368 368 368 368 368 368 368 368 368 368 368 368 368 368 368 368 367 367 367 367
240 239 239 238 238 238 237 237 236 236 235 236 236 236 236 236 236 236 236 236 236 236 236 236 236 236 236 236 218 219 219 219 219 219 219 219 219 219 219 219 219 219 219 219 219 450 450 450 450 450 450 450 450 450 450 450 450 367 367 367 367 367 367 367 367 367 367 367 367 367 367 367 367 367 367 367 367 367 367 367 367 367 367 367 367 367 367 367 367 367 367 367 367 367
238 238 238 237 237 236 236 235 236 236 235 235 235 235 235 235 235 235 235 235 235 235 235 236 236 236 236 236 218 218 218 218 218 218 218 218 218 218 218 218 218 218 218 218 218 218 449 449 449 449 449 449 449 450 450 367 367 367 367 367 367 367 367 367 367 367 367 367 367 367 367 367 367 367 366 366 366 366 366 366 366 366 366 366 366 366 366 366 366 366 366 366 366 366
237 237 236 236 236 236 236 235 235 234 234 234 234 234 234 234 234 234 234 235 235 235 235 235 235 235 235 217 217 217 217 217 217 217 217 217 217 217 217 217 218 218 218 218 218 218 449 449 449 449 449 449 449 449 366 366 366 366 366 366 366 366 366 366 366 366 366 366 366 366 366 366 366 366 366 366 366 366 366 366 366 366 366 366 366 366 366 365 365 365 365 365 365 365
236 236 235 235 235 235 234 234 234 233 233 233 233 233 233 233 234 234 234 234 234 234 234 234 234 234 234 216 216 216 216 216 216 216 217 217 217 217 217 217 217 217 217 217 217 217 217 448 448 448 448 448 448 365 365 365 365 365 365 365 365 365 365 365 365 365 365 365 365 365 365 365 365 365 365 365 365 365 365 365 365 365 365 365 365 365 365 365 365 365 365 365 365 364
235 234 234 235 234 234 233 233 232 232 232 232 232 232 233 233 233 233 233 233 233 233 233 233 233 233 215 215 215 216 216 216 216 216 216 216 216 216 216 216 216 216 216 216 216 216 216 447 447 447 447 364 364 364 364 364 364 364 364 364 364 364 364 364 364 364 364 364 364 364 364 364 364 364 364 364 364 364 364 364 364 364 364 364 364 364 364 364 364 364 364 364 364 364
234 233 233 233 233 232 232 232 231 231 231 231 231 232 232 232 232 232 232 232 232 232 232 232 232 232 214 215 215 215 215 215 215 215 215 215 215 215 215 215 215 215 215 215 215 215 215 215 446 446 363 363 363 363 363 363 363 364 364 364 364 364 364 364 364 364 364 364 364 364 363 363 363 363 363 363 363 363 363 363 363 363 363 363 363 363 363 363 363 363 363 363 363 363
232 232 232 232 232 231 231 230 230 230 230 230 230 231 231 231 231 231 231 231 231 231 231 231 231 232 214 214 214 214 214 214 214 214 214 214 214 214 214 214 214 214 214 214 214 214 214 214 362 363 363 363 363 363 363 363 363 363 363 363 363 363 363 363 363 363 363 363 363 363 363 363 363 363 363 363 363 363 362 362 362 362 362 362 362 362 362 362 362 362 362 362 362 362
231 231 230 230 230 230 230 229 229 229 229 229 229 230 230 230 230 230 230 230 230 230 230 230 230 213 213 213 213 213 213 213 213 213 213 213 213 213 213 213 213 213 213 213 213 213 214 180 362 362 362 362 362 362 362 362 362 362 362 362 362 362 362 362 362 362 362 362 362 362 362 362 362 362 362 362 362 362 362 362 362 361 361 361 361 361 361 361 361 361 361 361 361 361
231 231 230 230 229 229 228 228 228 228 228 228 228 228 228 229 229 229 229 229 229 229 229 229 229 211 212 212 212 212 212 212 212 212 212 212 212 212 212 212 212 212 212 212 212 213 180 180 180 361 361 361 361 361 361 361 361 361 361 361 361 361 361 361 361 361 361 361 361 361 361 361 361 361 361 361 361 361 361 361 361 361 360 360 360 360 360 360 360 360 360 360 360 360
231 230 230 229 229 229 228 228 228 228 228 228 228 228 228 228 228 228 228 228 228 228 228 228 210 210 210 210 211 211 211 211 211 211 211 211 211 211 211 211 211 211 211 211 180 180 180 180 180 360 360 360 360 360 360 360 360 360 360 360 360 360 360 360 360 360 360 360 360 360 360 360 360 360 360 360 360 360 360 359 359 359 359 359 359 359 359 359 359 359 359 359 359 359
230 230 230 229 229 228 228 228 228 228 228 228 228 228 228 228 228 228 228 228 228 228 228 228 210 210 210 210 210 210 210 210 210 210 210 210 210 210 210 210 210 210 180 180 180 180 180 180 180 180 358 358 358 358 359 359 359 359 359 359 359 359 359 359 359 359 359 359 359 359 359 359 359 358 358 358 358 358 358 358 358 358 358 358 358 358 358 358 358 358 358 358 358 358
230 230 229 229 229 228 228 228 228 228 228 228 228 228 228 228 228 228 228 228 228 228 228 210 210 210 210 210 210 210 210 210 210 210 210 210 210 210 210 210 210 180 180 180 180 180 180 180 180 180 358 358 358 358 358 358 358 358 358 358 358 358 358 358 358 358 358 358 358 358 358 358 358 358 358 358 358 358 358 358 358 358 358 358 358 358 358 358 358 358 358 358 358 358
219 219 218 218 228 228 228 228 228 228 228 228 228 228 228 228 228 228 228 228 228 228 228 210 210 210 210 210 210 210 210 210 210 210 210 210 210 210 210 180 180 180 180 180 180 180 180 180 180 180 180 358 358 358 358 358 358 358 358 358 358 358 358 358 358 358 358 358 358 358 358 358 358 358 358 358 358 358 358 358 358 358 358 358 358 358 358 358 358 358 358 358 358 358
219 218 218 217 217 217 217 217 217 217 217 217 217 217 217 228 228 228 228 228 228 228 210 210 210 210 210 210 210 210 210 210 210 210 210 210 210 210 180 180 180 180 180 180 180 180 180 180 180 180 180 358 358 358 358 358 358 358 358 358 358 358 358 358 358 358 358 358 358 358 358 358 358 358 358 358 358 358 358 358 358 358 358 358 358 358 358 358 358 358 358 358 358 358
219 218 218 217 217 217 217 217 217 217 217 217 217 217 217 217 217 217 217 217 217 217 199 199 199 199 199 199 199 210 210 210 210 210 210 210 180 180 180 180 180 180 180 180 180 180 180 180 180 180 180 180 358 358 358 358 358 358 358 358 358 358 358 358 358 358 358 358 358 358 358 358 358 358 358 358 358 358 358 358 358 358 358 358 358 358 358 358 358 358 358 358 358 358
218 218 217 217 217 217 217 217 217 217 217 217 217 217 217 217 217 217 217 217 217 199 199 199 199 199 199 199 199 199 199 199 199 199 199 180 180 180 180 180 180 180 180 180 180 180 180 180 180 180 180 180 347 347 347 347 347 347 347 347 347 347 347 347 347 347 347 347 347 347 347 347 347 347 347 347 347 347 347 347 347 347 347 347 347 347 347 347 347 347 347 347 347 347
