testData/tiles/oneDegreeCosts/grid28.0-45.0-29.0-46.0.asc
ncols   200
nrows   200
xllcorner   28.0
yllcorner   45.0
cellsize   0.005
NODATA_value   -9999.0
[rows 126 to 167 of 200, columns 94 to 187 of 200]
619 620 621 622 623 624 626 626 627 628 628 630 631 631 632 632 633 634 634 635 635 635 637 637 637 637 638 638 639 639 639 639 639 639 640 640 640 640 640 639 639 640 640 639 639 639 638 638 639 638 638 637 637 636 635 636 635 634 634 633 632 631 630 630 630 628 627 626 625 624 623 621 621 619 618 616 614 613 611 609 606 604 601 599 596 593 589 584 579 563 563 563 563 563
618 620 621 622 623 624 625 626 627 627 628 630 630 631 631 632 633 634 634 634 635 635 636 637 637 637 637 637 638 638 639 639 639 639 640 639 639 639 639 639 639 640 639 639 639 638 638 638 638 638 637 637 636 636 635 635 635 634 633 633 632 631 630 630 629 628 627 626 625 623 622 621 620 619 617 616 614 612 610 608 606 603 601 599 595 592 587 582 579 563 563 563 563 563
618 620 621 621 622 623 625 626 626 627 628 629 630 630 631 631 633 633 634 634 634 635 636 636 636 637 637 637 638 638 638 638 638 638 639 639 639 639 639 639 639 639 639 639 638 638 638 638 638 637 637 636 636 635 635 635 634 634 633 632 631 630 630 630 629 628 626 625 624 623 622 620 620 618 617 615 613 611 609 607 605 602 601 598 594 591 586 580 579 563 563 563 563 563
617 619 620 621 622 623 624 625 626 627 627 629 629 630 630 631 632 633 633 634 634 634 636 636 636 636 636 638 638 638 638 638 638 638 639 639 639 639 638 638 639 639 639 638 638 638 637 638 637 637 636 636 635 635 635 635 634 633 632 632 631 630 629 629 628 627 626 625 624 622 621 620 619 618 616 614 613 611 609 606 604 602 600 597 593 589 585 579 579 563 563 563 563 564
575 577 578 621 621 623 624 625 625 626 627 628 629 630 630 631 632 632 633 633 634 635 635 635 636 636 636 637 637 637 637 637 637 638 638 638 638 638 638 638 639 638 638 638 638 637 637 637 637 637 636 636 635 634 635 634 633 633 632 631 630 630 630 629 628 627 625 624 623 622 621 620 619 617 615 614 612 610 608 606 603 602 599 596 592 588 583 579 563 563 563 563 563 564
575 576 577 578 579 581 582 582 583 626 627 628 629 629 630 630 632 632 632 633 633 634 635 635 635 635 636 637 637 637 637 637 637 638 638 638 638 638 638 637 638 638 638 637 637 637 637 637 637 636 636 635 635 634 634 634 633 632 632 631 630 629 629 628 627 626 625 624 623 621 620 620 618 617 615 613 611 609 607 605 603 601 598 595 591 587 582 579 563 563 563 563 563 564
575 576 577 578 578 580 581 582 583 583 585 586 586 587 587 630 631 632 632 632 633 634 634 635 635 635 635 636 636 637 637 637 637 638 638 638 637 637 637 637 638 638 637 637 637 636 637 637 636 636 635 635 634 634 634 633 633 632 631 630 629 629 629 628 627 626 624 623 622 621 619 619 618 616 614 612 611 609 606 604 602 600 597 594 590 586 580 579 563 563 563 563 564 564
574 575 576 577 578 580 581 581 582 583 585 585 586 586 587 588 589 589 590 590 590 634 634 634 634 635 635 636 636 636 636 636 636 637 637 637 637 637 637 638 637 637 637 637 636 636 637 636 636 635 635 634 634 634 634 633 632 631 631 630 629 628 628 627 626 625 624 623 622 620 619 618 617 615 614 612 610 608 606 603 602 599 596 593 589 584 579 579 563 563 563 563 564 564
574 575 576 577 578 579 580 581 582 582 584 585 585 586 586 588 588 589 589 590 590 591 591 592 592 592 592 594 636 636 636 636 636 637 637 637 637 637 636 637 637 637 636 636 636 636 636 636 635 635 634 634 633 634 633 632 632 631 630 629 629 629 628 627 626 625 623 622 621 620 619 618 616 615 613 611 609 607 605 603 601 598 595 592 588 583 579 563 563 563 563 563 564 564
573 574 575 576 577 579 580 581 581 582 584 584 585 585 586 587 588 588 589 589 589 591 591 591 592 592 593 593 593 593 593 593 593 594 594 594 636 636 636 637 637 636 636 636 635 635 636 635 635 634 634 633 633 633 633 632 631 631 630 629 628 628 627 626 625 624 623 622 620 619 619 617 616 614 612 611 609 607 604 602 600 597 594 591 586 581 579 563 563 563 563 564 564 564
573 574 575 576 577 578 579 580 581 582 583 584 584 585 586 587 587 588 588 589 590 590 591 591 591 591 593 593 593 593 593 593 594 594 594 594 594 594 594 594 594 594 594 593 593 593 635 635 634 634 634 633 632 633 632 632 631 630 629 628 628 628 627 626 625 624 622 621 620 619 618 617 615 613 612 610 608 606 604 601 599 596 593 589 585 579 579 563 563 563 563 564 564 564
572 573 574 575 577 578 579 580 580 581 583 583 584 585 585 587 587 587 588 588 590 590 590 591 591 591 592 592 592 592 593 593 594 594 594 593 593 593 593 594 594 594 593 593 593 593 593 592 592 592 591 591 590 590 590 589 588 588 629 628 627 627 626 625 624 623 622 621 619 618 618 616 615 613 611 609 607 605 603 601 598 595 592 588 583 579 563 563 563 563 563 564 564 564
572 573 574 575 577 577 578 579 580 582 582 583 584 584 585 586 587 587 587 588 589 590 590 590 590 591 592 592 592 592 592 592 593 593 593 593 593 593 593 594 593 593 593 593 592 593 592 592 592 591 591 590 590 590 589 589 588 587 586 585 585 585 584 583 582 581 579 578 577 576 575 573 572 570 568 567 564 562 560 558 556 552 549 545 540 537 524 524 524 524 524 524 524 524
571 572 573 574 576 577 578 579 579 581 582 582 583 584 584 586 586 587 587 587 589 589 589 590 590 590 591 591 592 592 592 592 593 593 593 593 593 592 593 593 593 593 592 592 592 592 592 592 591 591 590 590 589 589 589 588 587 587 586 585 585 584 583 582 581 580 579 578 576 576 574 573 571 570 568 566 564 561 559 557 555 551 548 543 538 537 524 524 524 524 524 524 524 524
571 572 573 574 576 577 577 578 579 581 581 582 583 583 585 585 586 586 587 587 588 589 589 589 589 590 591 591 591 591 591 591 592 592 592 592 592 592 593 593 592 592 592 592 591 592 592 591 591 590 590 589 590 589 588 588 587 586 585 585 585 584 583 582 581 579 578 577 576 575 574 572 571 569 567 565 563 561 558 557 554 550 546 542 537 537 524 524 524 524 524 524 524 524
570 571 572 573 575 576 577 578 578 580 581 582 582 583 584 585 585 586 586 587 588 588 589 589 589 589 590 591 591 591 591 591 592 592 592 592 592 592 592 592 592 592 592 591 591 592 591 591 590 590 589 589 589 589 588 587 586 586 585 584 584 583 582 581 580 579 578 576 575 575 573 572 570 568 566 564 562 560 558 556 553 549 545 540 537 524 524 524 524 524 524 524 524 524
570 571 572 573 575 576 576 577 578 580 580 581 582 582 584 584 585 585 586 586 587 588 588 588 589 590 590 590 590 590 590 590 592 591 591 591 591 591 592 592 592 591 591 591 590 591 591 590 590 589 589 588 589 588 587 587 586 585 584 584 584 583 582 581 580 578 577 576 575 574 573 571 569 568 566 564 561 559 558 555 552 548 544 539 537 524 524 524 524 524 524 524 524 524
569 570 571 572 574 575 576 577 577 579 580 581 581 582 583 584 584 585 585 586 587 587 588 588 588 589 590 590 590 590 590 591 591 591 591 591 591 591 592 591 591 591 591 590 590 591 590 590 589 589 588 588 588 588 587 586 585 585 584 583 583 582 581 580 579 578 577 575 575 573 572 570 569 567 565 563 561 558 557 554 550 547 542 537 537 524 524 524 524 524 524 524 524 524
568 570 571 572 574 575 575 576 577 579 579 580 581 581 583 583 584 584 585 586 587 587 587 587 588 589 589 589 589 590 590 591 591 591 591 591 590 590 591 591 591 590 590 590 591 590 590 589 589 588 588 587 588 587 586 586 585 584 583 583 583 582 581 580 578 577 576 575 574 573 571 570 568 566 564 562 560 557 556 553 549 545 541 537 524 524 524 524 524 524 524 524 524 524
568 569 570 571 573 574 575 576 576 578 579 580 580 581 582 583 583 584 584 586 586 586 587 587 587 588 589 589 589 589 589 590 590 590 590 590 590 590 591 590 590 590 590 589 590 590 589 589 588 588 587 587 587 587 586 585 584 584 583 583 582 581 580 579 578 577 575 574 574 572 571 569 567 565 563 561 559 556 555 552 548 544 539 537 524 524 524 524 524 524 524 524 524 524
567 568 570 571 573 573 574 575 576 578 578 579 580 580 582 582 583 583 584 585 586 586 586 587 587 588 588 588 589 589 589 590 590 590 590 590 590 590 590 590 590 590 589 589 590 589 589 588 588 587 587 587 587 586 585 585 584 583 582 582 582 581 580 578 577 576 575 573 573 572 570 568 567 565 563 560 558 556 554 551 547 543 537 537 524 524 524 524 524 524 524 524 524 524
567 568 569 571 572 573 574 575 576 577 578 579 579 580 581 582 583 583 583 585 585 586 586 586 586 588 588 588 588 588 588 589 589 589 589 589 589 590 590 590 589 589 589 589 589 589 588 588 588 587 586 587 586 586 585 584 583 583 582 582 581 580 579 578 577 575 574 573 572 571 569 568 566 564 562 560 557 556 553 549 546 541 537 524 524 524 524 524 524 524 524 524 524 524
566 567 568 570 571 572 573 574 576 577 577 578 579 579 581 582 582 583 583 584 585 585 585 586 586 587 587 587 588 588 588 589 589 589 589 589 589 589 589 589 589 589 588 588 589 588 588 588 587 587 586 586 586 585 584 584 583 582 581 581 580 579 578 577 576 575 574 572 572 570 569 567 565 563 561 559 556 555 552 548 544 539 537 524 524 524 524 524 524 524 524 524 524 524
768 567 568 570 571 572 573 574 575 576 577 578 578 579 581 581 582 582 582 584 584 585 585 585 585 587 587 587 587 587 587 588 588 588 588 588 588 589 589 589 588 588 588 588 588 588 587 587 587 586 586 586 585 585 584 583 582 582 581 581 580 579 578 577 576 574 573 572 571 570 568 566 564 562 560 558 555 554 551 547 543 537 537 524 524 524 524 524 524 524 524 524 524 524
767 768 769 570 570 571 572 573 575 576 576 577 578 579 580 581 581 582 582 583 584 584 584 585 585 586 586 587 587 587 587 588 588 588 588 588 588 589 588 588 588 588 587 587 588 587 587 587 586 586 585 585 585 584 583 583 582 581 580 580 579 578 577 576 575 574 572 572 570 569 567 565 564 562 559 557 554 553 549 546 541 537 537 524 524 524 524 524 524 524 524 524 524 524
766 768 769 771 772 571 572 573 574 575 576 577 577 579 580 580 581 581 582 583 583 584 584 584 585 586 586 586 586 586 586 587 587 587 587 587 587 588 588 588 588 587 587 587 587 587 587 586 586 585 585 585 584 584 583 582 581 581 580 580 579 578 577 576 574 573 572 571 570 568 567 565 563 561 559 556 553 552 548 544 539 537 524 524 524 524 524 524 524 524 524 524 524 524
766 767 768 770 771 772 773 573 574 575 575 576 577 578 579 580 580 581 581 582 583 583 584 584 584 585 585 586 586 586 586 587 587 587 587 587 587 588 587 587 587 587 587 586 587 586 586 586 585 585 584 584 584 583 582 582 581 580 579 579 578 577 576 575 574 572 571 571 569 568 566 564 562 560 558 555 552 550 547 543 538 537 524 524 524 524 524 524 524 524 524 524 524 524
765 766 768 770 771 772 773 773 775 776 575 576 576 578 579 579 580 580 581 582 582 583 583 583 585 585 585 585 585 585 586 587 587 587 586 586 586 587 587 587 587 586 586 586 586 586 586 585 585 584 584 584 583 583 582 581 580 579 579 579 578 577 576 574 573 572 570 570 568 567 565 563 561 559 557 554 551 549 546 541 537 537 524 524 524 524 524 524 524 524 524 524 524 524
764 766 767 769 770 771 772 773 775 776 776 777 576 577 578 579 579 580 580 581 582 582 583 583 584 584 585 585 585 585 586 586 586 586 586 586 586 587 587 586 586 586 586 586 586 585 585 585 584 584 583 583 583 582 581 581 580 579 579 578 577 576 575 574 572 571 570 569 568 566 564 562 560 558 556 553 551 548 544 539 537 524 524 524 524 524 524 524 524 524 524 524 524 524
764 765 766 768 769 771 771 772 774 775 776 777 777 779 578 578 579 579 580 581 581 582 582 582 584 584 584 584 584 584 586 586 586 586 586 585 585 586 586 586 586 585 585 586 585 585 585 584 584 583 582 583 582 582 581 580 579 578 578 578 576 575 574 573 572 571 569 569 567 565 564 562 560 557 555 552 550 547 543 538 537 524 524 524 524 524 524 524 524 524 524 524 524 524
763 764 766 768 769 770 771 772 774 774 775 776 777 778 779 780 579 579 579 580 581 581 582 582 583 583 584 584 584 584 585 585 585 585 585 585 585 586 586 585 585 585 585 585 585 584 584 584 583 583 582 582 582 581 580 579 579 578 578 577 576 575 574 572 571 570 568 568 566 565 563 561 559 556 554 551 549 545 541 537 537 524 524 524 524 524 524 524 524 524 524 524 524 524
763 764 765 767 768 769 770 771 773 774 775 775 776 778 778 779 780 780 579 580 580 581 581 581 583 583 583 583 583 583 585 585 585 585 585 584 584 585 585 585 585 584 584 585 584 584 584 583 583 582 582 582 581 580 580 579 578 577 577 576 575 574 573 572 571 569 568 567 566 564 562 560 558 555 553 550 548 544 539 537 524 524 524 524 524 524 524 524 524 524 524 524 524 524
762 763 764 767 768 769 770 771 773 773 774 775 776 777 778 778 779 780 781 781 580 580 581 581 582 582 583 583 583 583 584 584 584 584 584 584 584 585 585 584 584 584 584 584 584 583 583 583 582 581 582 581 581 580 579 578 578 577 577 576 575 574 572 571 570 568 567 566 565 563 561 559 557 554 552 549 546 542 537 537 524 524 524 524 524 524 524 524 524 524 524 524 524 524
761 763 764 766 767 768 769 770 772 773 774 774 775 777 777 778 779 779 780 781 781 782 581 581 582 582 582 582 582 582 584 584 584 584 584 583 584 584 584 584 584 583 583 584 583 583 582 582 582 581 581 581 580 579 579 578 577 576 576 575 574 573 572 571 569 568 566 566 564 562 560 558 556 553 551 548 545 541 537 537 524 524 524 524 524 524 524 524 524 524 524 524 524 524
761 762 763 765 766 768 769 769 771 772 773 774 775 776 777 777 778 778 780 780 781 781 782 782 582 582 582 582 582 582 583 583 583 583 583 583 584 584 584 583 583 583 583 583 583 582 582 581 581 580 581 580 580 579 578 577 576 575 576 575 573 572 571 570 569 567 566 565 563 561 559 557 555 552 550 546 544 539 537 524 524 524 524 524 524 524 524 524 524 524 524 524 524 524
760 761 762 765 766 767 768 769 771 772 772 773 774 776 776 777 777 778 779 780 780 781 781 781 783 783 582 582 582 582 583 583 583 583 583 582 583 583 583 583 583 582 582 583 582 582 581 581 580 580 580 580 579 578 577 577 576 575 575 574 573 572 570 569 568 566 565 564 562 561 559 556 554 551 548 545 542 537 537 524 524 524 524 524 524 524 524 524 524 524 524 524 524 524
759 760 762 764 765 766 767 768 770 771 772 773 773 775 776 776 777 777 779 779 780 780 780 781 782 782 783 783 582 582 582 582 582 582 582 582 583 583 583 582 582 582 581 582 582 581 581 580 580 579 580 579 578 578 577 576 575 574 574 573 572 571 570 568 567 566 565 563 562 560 558 555 553 550 547 544 540 537 537 524 524 524 524 524 524 524 524 524 524 524 524 524 524 524
758 760 761 763 764 766 767 768 770 770 771 772 773 774 775 776 776 777 778 779 779 780 780 780 782 782 782 782 782 782 582 582 582 582 582 581 582 582 582 582 582 581 581 582 581 581 580 580 579 579 579 578 578 577 576 575 575 574 574 573 571 570 569 568 566 565 564 563 561 559 557 554 552 549 546 542 539 537 524 524 524 524 524 524 524 524 524 524 524 524 524 524 524 524
758 759 760 763 764 765 766 767 769 770 771 771 772 774 775 775 776 776 778 778 779 779 779 780 781 781 781 782 782 782 783 783 581 581 581 581 582 582 581 581 581 581 580 581 581 580 580 579 579 578 579 578 577 576 576 575 574 573 573 572 571 570 568 567 566 564 564 562 560 558 556 553 551 548 545 541 537 537 524 524 524 524 524 524 524 524 524 524 524 524 524 524 524 524
757 758 760 762 763 764 765 766 768 769 770 771 772 773 774 775 775 776 777 778 778 779 779 779 780 781 781 781 781 781 782 783 783 783 581 581 581 581 581 581 580 580 580 581 580 580 579 579 578 578 578 577 577 576 575 574 573 572 572 571 570 569 568 566 565 563 563 561 559 557 555 552 550 547 543 539 537 524 524 524 524 524 524 524 524 524 524 524 524 524 524 524 524 524
756 758 759 761 762 764 765 766 768 769 769 770 771 773 773 774 775 775 777 777 778 778 778 779 780 780 780 781 781 781 782 782 782 782 782 782 581 581 580 580 580 580 579 580 580 579 579 578 578 577 577 577 576 575 574 574 573 572 572 571 569 568 567 566 564 563 562 560 558 556 554 551 548 545 542 537 537 524 524 524 524 524 524 524 524 524 524 524 524 524 524 524 524 524
755 757 758 761 762 763 764 765 767 768 769 770 770 772 773 773 774 775 776 777 777 777 778 778 779 780 780 780 780 780 781 781 781 781 781 781 782 580 580 580 579 579 579 579 579 579 578 578 577 576 577 576 575 575 574 573 572 571 571 570 569 568 566 565 563 562 561 559 557 555 553 550 547 544 540 536 537 524 524 524 524 524 524 524 524 524 524 524 524 524 524 524 524 524
