testData/tiles/oneDegreeCosts/grid23.0-49.0-24.0-50.0.asc
ncols   200
nrows   200
xllcorner   23.0
yllcorner   49.0
cellsize   0.005
NODATA_value   -9999.0
[rows 84 to 125 of 200, columns 0 to 94 of 200]
95 94 93 92 91 90 88 87 85 83 81 81 81 81 174 170 166 162 156 148 130 130 130 130 130 130 130 130 130 129 129 129 129 129 129 129 129 129 129 129 129 129 129 129 129 129 129 129 129 129 129 129 129 129 129 129 129 129 129 129 129 129 129 129 129 129 129 129 129 129 129 129 129 129 129 129 129 129 129 129 129 129 129 129 129 129 187 187 187 187 187 186 186 186 186
96 95 94 92 91 90 88 87 85 83 81 81 81 81 174 171 167 162 156 149 136 130 130 130 130 130 130 130 130 129 129 129 129 129 129 129 129 129 129 129 129 129 129 129 129 129 129 129 129 129 129 129 129 129 129 129 129 129 129 129 129 129 129 129 129 129 129 129 129 129 129 129 129 129 129 129 129 129 129 129 129 129 129 188 188 187 187 187 187 187 187 186 186 186 186
96 95 94 93 91 90 89 87 85 83 81 81 81 81 174 171 167 162 157 149 136 130 130 130 130 130 130 130 130 129 129 129 129 129 129 129 129 129 129 129 129 129 129 129 129 129 129 129 129 129 129 129 129 129 129 129 129 129 129 129 129 129 129 129 129 129 129 129 129 129 129 129 129 129 129 129 129 129 129 129 188 188 188 188 188 187 187 187 187 187 187 186 186 186 186
96 95 94 93 92 90 89 87 85 83 81 81 81 81 175 171 167 163 157 150 137 130 130 130 130 130 130 130 130 129 129 129 129 129 129 129 129 129 129 129 129 129 129 129 129 129 129 129 129 129 129 129 129 129 129 129 129 129 129 129 129 129 129 129 129 129 129 129 129 129 129 129 129 129 129 129 129 129 188 188 188 188 188 188 188 187 187 187 187 187 187 186 186 186 186
96 95 94 93 92 90 89 87 86 84 82 81 81 81 175 172 168 163 158 151 139 130 130 130 130 130 130 130 130 129 129 129 129 129 129 129 129 129 129 129 129 129 129 129 129 129 129 129 129 129 129 129 129 129 129 129 129 129 129 129 129 129 129 129 129 129 129 129 129 129 129 129 129 129 129 189 189 189 188 188 188 188 188 188 188 187 187 187 187 187 187 186 186 186 186
96 95 94 93 92 91 89 88 86 84 82 81 81 81 175 172 168 163 158 151 140 130 130 130 130 130 130 130 130 129 129 129 129 129 129 129 129 129 129 129 129 129 129 129 129 129 129 129 129 129 129 129 129 129 129 129 129 129 129 129 129 129 129 129 129 129 129 129 129 129 129 129 129 189 189 189 189 189 188 188 188 188 188 188 188 187 187 187 187 187 187 186 186 186 186
96 96 94 93 92 91 89 88 86 84 82 81 81 81 176 172 168 164 159 152 141 130 130 130 130 130 130 130 130 129 129 129 129 129 129 129 129 129 129 129 129 129 129 129 129 129 129 129 129 129 129 129 129 129 129 129 129 129 129 129 129 129 129 129 129 129 129 129 129 129 129 189 189 189 189 189 189 189 188 188 188 188 188 188 188 187 187 187 187 187 187 186 186 186 186
97 96 95 94 92 91 90 88 86 84 82 81 81 81 176 172 169 164 159 152 142 130 130 130 130 130 130 130 129 129 129 129 129 129 129 129 129 129 129 129 129 129 129 129 129 129 129 129 129 129 129 129 129 129 129 129 129 129 129 129 129 129 129 129 129 129 129 129 129 190 189 189 189 189 189 189 189 189 188 188 188 188 188 188 188 187 187 187 187 187 187 186 186 186 186
97 96 95 94 93 91 90 88 86 84 82 81 81 81 176 173 169 165 159 153 143 130 130 130 130 130 130 130 129 129 129 129 129 129 129 129 129 129 129 129 129 129 129 129 129 129 129 129 129 129 129 129 129 129 129 129 129 129 129 129 129 129 129 129 129 129 129 190 190 190 189 189 189 189 189 189 189 189 188 188 188 188 188 188 187 187 187 187 187 187 187 186 186 186 186
97 96 95 94 93 91 90 88 87 85 83 81 81 81 176 173 169 165 160 153 144 130 130 130 130 130 130 130 129 129 129 129 129 129 129 129 129 129 129 129 129 129 129 129 129 129 129 129 129 129 129 129 129 129 129 129 129 129 129 129 129 129 129 129 129 190 190 190 190 190 189 189 189 189 189 189 189 189 188 188 188 188 188 188 187 187 187 187 187 187 187 186 187 187 188
97 96 95 94 93 92 90 88 87 85 83 81 81 81 177 173 169 165 160 154 145 130 130 130 130 130 130 130 129 129 129 129 129 129 129 129 129 129 129 129 129 129 129 129 129 129 129 129 129 129 129 129 129 129 129 129 129 129 129 129 129 129 129 190 190 190 190 190 190 190 189 189 189 189 189 189 189 188 188 188 188 188 188 188 187 187 187 187 188 188 188 189 190 190 191
97 96 95 94 93 92 90 89 87 85 83 81 81 81 177 173 170 166 161 154 145 130 130 130 130 130 130 130 129 129 129 129 129 129 129 129 129 129 129 129 129 129 129 129 129 129 129 129 129 129 129 129 129 129 129 129 129 129 129 129 129 190 190 190 190 190 190 190 190 190 189 189 189 189 189 189 189 188 188 188 188 188 188 188 187 188 189 190 191 191 191 192 193 193 194
97 97 96 94 93 92 90 89 87 85 83 81 81 81 177 174 170 166 161 155 146 130 130 130 130 130 130 129 129 129 129 129 129 129 129 129 129 129 129 129 129 129 129 129 129 129 129 129 129 129 129 129 129 129 129 129 129 129 129 191 191 190 190 190 190 190 190 190 190 190 189 189 189 189 189 189 189 188 188 188 188 188 189 190 190 191 192 193 193 194 194 195 195 196 196
98 97 96 95 93 92 91 89 87 85 83 81 81 81 177 174 170 166 161 155 147 130 130 130 130 130 130 129 129 129 129 129 129 129 129 129 129 129 129 129 129 129 129 129 129 129 129 129 129 129 129 129 129 129 129 129 129 129 191 191 191 190 190 190 190 190 190 190 190 189 189 189 189 189 189 189 189 188 188 189 190 191 192 193 193 194 195 195 196 197 197 197 198 198 199
98 97 96 95 94 92 91 89 88 86 84 81 81 81 178 174 171 166 162 156 147 130 130 130 130 130 130 129 129 129 129 129 129 129 129 129 129 129 129 129 129 129 129 129 129 129 129 129 129 129 129 129 129 129 129 129 191 191 191 191 191 190 190 190 190 190 190 190 190 189 189 189 189 189 189 189 189 189 191 192 193 194 195 196 196 196 197 198 199 199 199 200 200 201 201
98 97 96 95 94 92 91 89 88 86 83 81 81 81 178 175 171 167 162 156 148 130 130 130 130 130 130 129 129 129 129 129 129 129 129 129 129 129 129 129 129 129 129 129 129 129 129 129 129 129 129 129 129 129 129 191 191 191 191 191 191 190 190 190 190 190 190 190 190 189 189 189 189 189 190 191 192 192 193 194 195 196 197 198 198 199 200 201 201 202 202 202 203 203 204
98 97 96 95 94 93 91 90 88 86 83 81 81 81 178 175 171 167 162 157 149 130 130 130 130 130 129 129 129 129 129 129 129 129 129 129 129 129 129 129 129 129 129 129 129 129 129 129 129 129 129 129 129 191 191 191 191 191 191 191 190 190 190 190 190 190 190 190 190 189 189 189 190 191 192 194 195 195 196 197 198 199 200 200 201 201 202 203 204 204 204 205 205 206 206
98 97 96 95 94 93 91 90 88 86 83 81 81 81 81 175 171 167 163 157 149 136 130 130 130 130 129 129 129 129 129 129 129 129 129 129 129 129 129 129 129 129 129 129 129 129 129 129 129 129 129 129 191 191 191 191 191 191 191 191 190 190 190 190 190 190 190 190 190 189 190 191 193 194 195 196 197 198 199 200 201 202 202 202 203 204 205 205 206 206 206 207 207 208 208
98 97 96 95 94 93 91 90 88 85 83 81 81 81 81 175 172 168 163 157 150 136 130 130 130 130 129 129 129 129 129 129 129 129 129 129 129 129 129 129 129 129 129 129 129 129 129 129 129 129 191 191 191 191 191 191 191 191 191 191 190 190 190 190 190 190 190 190 191 191 193 194 196 197 198 199 199 200 201 202 203 204 205 205 205 206 207 208 208 208 209 209 210 210 211
99 98 97 96 94 93 92 90 88 86 84 81 81 81 81 176 172 168 163 158 150 137 130 130 130 130 129 129 129 129 129 129 129 129 129 129 129 129 129 129 129 129 129 129 129 129 129 129 129 192 191 191 191 191 191 191 191 191 191 191 190 190 190 190 190 190 191 192 193 194 196 197 198 199 201 202 202 203 204 205 206 206 207 207 208 208 209 210 211 210 211 211 212 212 213
99 98 97 96 95 93 92 90 89 86 84 82 81 81 81 176 172 168 164 158 151 139 130 130 130 129 129 129 129 129 129 129 129 129 129 129 129 129 129 129 129 129 129 129 129 129 129 129 192 192 191 191 191 191 191 191 191 191 191 191 190 190 190 190 191 192 194 195 196 197 198 200 201 202 203 204 204 205 206 207 208 209 209 209 210 211 211 212 213 212 213 213 214 214 215
99 98 97 96 95 93 92 90 88 86 84 82 81 81 81 176 173 169 164 159 151 140 130 130 130 129 129 129 129 129 129 129 129 129 129 129 129 129 129 129 129 129 129 129 129 129 192 192 192 192 191 191 191 191 191 191 191 191 191 190 190 190 190 192 193 195 196 198 198 200 201 202 203 204 205 206 206 207 208 209 210 211 212 211 212 213 213 214 215 214 215 215 216 216 217
99 98 97 96 95 94 92 91 88 86 84 82 81 81 81 176 173 169 164 159 152 141 130 130 130 129 129 129 129 129 129 129 129 129 129 129 129 129 129 129 129 129 129 129 129 192 192 192 192 191 191 191 191 191 191 191 191 191 191 190 190 191 193 195 196 198 199 200 201 202 203 204 206 207 208 208 209 210 211 211 212 213 213 214 214 215 216 216 217 216 217 217 218 218 218
99 98 97 96 95 94 92 91 88 86 84 82 81 81 81 177 173 169 165 159 152 142 130 130 129 129 129 129 129 129 129 129 129 129 129 129 129 129 129 129 129 129 129 129 192 192 192 192 192 191 191 191 191 191 191 191 191 191 191 191 192 194 196 197 199 200 202 203 203 204 206 207 208 209 210 210 211 212 213 214 214 215 215 216 216 217 218 218 219 218 219 219 220 220 220
99 98 97 96 95 94 93 90 88 87 85 82 81 81 81 177 173 169 165 160 153 143 130 130 129 129 129 129 129 129 129 129 129 129 129 129 129 129 129 129 129 129 129 192 192 192 192 192 192 191 191 191 191 191 191 191 191 191 193 193 195 197 198 200 201 203 204 204 206 207 208 209 210 211 212 212 213 214 215 216 216 217 217 218 218 219 220 220 220 220 221 221 222 222 222
99 99 98 97 95 94 93 90 89 87 85 83 81 81 81 177 174 170 165 160 153 144 130 130 129 129 129 129 129 129 129 129 129 129 129 129 129 129 129 129 129 192 192 192 192 192 192 192 192 191 191 191 191 191 191 191 192 194 194 196 198 199 201 202 204 205 206 207 208 209 210 211 212 213 214 214 215 216 217 218 218 219 219 220 220 221 221 222 222 222 223 223 224 224 223
100 99 98 97 96 94 92 90 89 87 85 83 81 81 81 177 174 170 166 160 154 144 130 129 129 129 129 129 129 129 129 129 129 129 129 129 129 129 129 129 192 192 192 192 192 192 192 192 191 191 191 191 191 191 191 193 195 196 197 199 200 202 203 205 206 207 209 209 210 211 212 213 214 215 216 216 217 218 219 220 220 221 221 221 222 223 223 224 223 224 225 225 225 226 225
100 99 98 97 96 94 92 90 89 87 85 83 81 81 81 81 174 170 166 161 154 145 130 129 129 129 129 129 129 129 129 129 129 129 129 129 129 129 129 192 192 192 192 192 192 192 192 192 191 191 191 191 191 192 194 196 197 199 200 201 203 204 206 207 208 210 211 211 212 213 214 215 216 217 217 218 219 220 221 222 222 222 223 223 224 225 225 226 225 226 226 227 227 227 227
100 99 98 97 96 94 92 91 89 87 85 83 81 81 81 81 174 171 166 161 155 146 130 129 129 129 129 129 129 129 129 129 129 129 129 129 129 129 192 192 192 192 192 192 192 192 192 192 191 191 191 191 193 195 196 198 200 202 202 204 205 207 208 209 211 212 212 213 214 215 217 218 218 219 219 220 221 222 223 223 224 224 225 225 226 226 227 228 227 228 228 229 229 228 229
100 99 98 97 96 94 92 91 89 87 85 83 81 81 81 81 175 171 167 161 155 146 129 129 129 129 129 129 129 129 129 129 129 129 129 129 129 192 192 192 192 192 192 192 192 192 192 192 191 191 191 193 195 197 199 201 202 203 205 206 208 209 210 212 213 214 214 215 216 217 219 219 220 221 221 222 223 224 225 225 226 226 226 227 228 228 229 228 229 229 230 230 231 230 231
100 99 98 97 95 94 92 91 89 88 86 84 81 81 81 81 175 171 167 162 156 147 129 129 129 129 129 129 129 129 129 129 129 129 129 129 192 192 192 192 192 192 192 192 192 192 192 191 191 192 194 196 198 200 202 203 205 205 207 208 210 211 212 214 215 216 216 217 218 219 220 221 222 223 223 224 225 226 226 227 228 227 228 229 229 230 231 230 231 231 232 232 232 232 232
100 99 99 97 95 94 93 91 90 88 86 84 82 81 81 81 175 171 167 162 156 148 129 129 129 129 129 129 129 129 129 129 129 129 129 192 192 192 192 192 192 192 192 192 192 192 192 191 193 195 197 199 200 202 204 206 207 208 209 211 212 213 215 216 217 218 218 219 220 221 222 223 224 225 225 226 227 227 228 229 230 229 230 230 231 232 232 232 232 233 233 234 234 233 234
100 100 99 97 95 94 93 91 90 88 86 84 82 81 81 81 175 172 167 162 156 147 129 129 129 129 129 129 129 129 129 129 129 129 193 192 192 192 192 192 192 192 192 192 192 192 192 193 195 197 199 201 203 205 206 208 209 210 211 213 214 215 217 218 219 219 220 221 222 223 224 225 226 226 227 228 228 229 230 231 230 231 232 232 233 233 234 233 234 234 235 235 235 235 235
101 100 99 97 96 94 93 91 90 88 86 84 82 81 81 81 176 172 168 163 157 148 129 129 129 129 129 129 129 129 129 129 129 193 193 192 192 192 192 192 192 192 192 192 192 193 194 196 198 200 202 204 205 207 209 210 211 212 213 215 216 217 219 220 221 221 222 223 224 225 226 227 228 228 229 229 230 231 232 232 232 233 233 234 234 235 235 235 236 236 236 237 236 237 237
101 100 98 97 96 94 93 92 90 88 86 84 82 81 81 81 176 172 168 163 156 148 135 129 129 129 129 129 129 129 129 129 193 193 192 192 192 192 192 192 192 192 192 192 193 195 196 199 200 202 204 206 208 209 211 212 213 214 216 217 218 219 221 222 223 223 224 225 226 227 228 229 230 229 230 231 232 233 233 234 234 234 235 235 236 237 236 237 237 238 238 238 238 238 239
101 100 98 97 96 95 93 92 90 88 87 84 82 81 81 81 81 172 168 163 157 149 135 129 129 129 129 129 129 129 129 193 193 193 192 192 192 192 192 192 192 192 192 194 196 198 199 201 203 205 207 208 210 211 213 214 215 216 218 219 220 221 222 224 225 225 226 227 228 229 230 231 231 231 232 233 234 234 235 236 235 236 237 237 238 238 238 238 239 239 240 240 239 240 240
101 99 98 97 96 95 93 92 90 89 87 85 82 81 81 81 81 173 169 163 157 149 136 129 129 129 129 129 129 129 193 193 193 193 192 192 192 192 192 192 192 192 194 196 198 200 202 203 205 207 209 210 212 214 215 215 217 218 220 221 222 223 224 225 226 227 228 229 230 230 231 232 232 233 234 234 235 236 237 236 237 238 238 239 239 240 239 240 240 241 241 242 241 241 242
101 99 98 97 96 95 94 92 91 89 87 85 83 81 81 81 81 173 169 163 157 150 137 129 129 129 129 129 129 193 193 193 193 192 192 192 192 192 192 192 192 194 197 199 201 202 204 206 208 209 211 213 214 216 217 217 219 220 221 223 224 225 226 227 227 228 229 230 231 232 233 234 234 235 235 236 237 237 238 238 238 239 240 240 241 240 241 241 242 242 243 242 242 243 243
100 99 99 97 96 95 94 92 91 89 87 85 83 81 81 81 81 173 169 163 158 150 138 129 129 129 129 129 193 193 193 193 193 192 192 192 192 192 192 192 195 197 199 201 203 204 206 208 210 211 213 215 216 218 219 219 221 222 223 225 226 227 228 229 229 230 231 232 233 234 235 236 235 236 237 238 238 239 240 239 240 241 241 242 242 242 242 243 243 244 244 244 244 244 245
100 100 99 98 96 95 94 92 91 89 87 85 83 81 81 81 81 173 168 164 158 151 139 129 129 129 129 193 193 193 193 193 192 192 192 192 192 192 192 195 197 200 202 204 205 207 208 210 212 214 215 217 218 220 220 221 223 224 225 226 227 229 230 230 231 232 233 234 235 235 236 236 237 238 239 239 240 241 241 241 242 242 243 243 244 243 244 244 245 245 246 245 245 246 246
101 100 99 98 97 95 94 93 91 89 87 85 83 81 81 81 81 174 169 164 158 151 140 129 129 129 193 193 193 193 193 193 192 192 192 192 192 193 195 198 200 202 204 206 207 209 211 212 214 216 217 219 220 222 222 223 224 226 227 228 229 230 231 231 232 233 234 235 236 237 238 238 239 239 240 241 241 242 242 242 243 244 244 245 245 245 245 246 246 247 247 246 247 247 248
101 100 99 98 97 96 94 93 91 89 88 86 83 81 81 81 81 173 169 164 159 152 141 129 129 193 193 193 193 193 193 193 192 192 192 192 193 195 198 200 202 204 206 208 209 211 213 214 216 218 219 221 222 223 224 225 226 227 229 230 231 232 233 233 234 235 236 237 238 239 240 239 240 241 242 242 243 244 243 244 245 245 246 246 246 246 247 247 248 248 247 248 248 249 249
