testData/tiles/oneDegreeCosts/grid10.0-7.0-11.0-8.0.asc
ncols   200
nrows   200
xllcorner   10.0
yllcorner   7.0
cellsize   0.005
NODATA_value   -9999.0
[rows 84 to 125 of 200, columns 0 to 93 of 200]
825 823 822 822 819 818 816 816 813 811 811 808 807 804 804 800 799 798 795 793 791 788 809 809 805 803 801 797 796 794 791 789 788 783 782 779 777 774 772 768 767 765 764 762 761 759 758 756 754 754 750 748 746 744 743 741 738 736 734 731 729 728 725 722 720 719 717 716 715 714 713 712 711 710 711 709 667 666 666 665 663 663 662 662 660 661 660 660 658 658 657 657 656 655
826 825 824 822 821 819 818 816 815 813 812 809 807 806 804 802 801 798 797 794 793 789 811 810 807 805 802 799 798 794 793 791 787 785 784 780 778 775 772 770 767 766 765 763 760 759 758 756 754 752 751 749 747 745 743 741 739 737 735 732 729 726 724 722 721 719 718 717 716 715 713 712 712 711 711 709 667 666 666 665 664 663 663 662 661 660 660 659 657 657 656 656 654 654
828 827 825 824 822 821 819 817 817 814 814 812 809 808 806 803 802 800 799 795 794 815 812 811 808 806 803 801 799 796 795 792 789 785 785 782 779 776 773 771 768 766 766 764 761 759 759 757 755 753 750 750 748 746 744 741 738 738 736 733 730 727 725 722 720 719 718 717 716 716 714 713 712 712 711 711 668 668 667 666 665 664 664 663 662 661 661 660 659 658 658 657 656 655
831 828 827 825 823 822 820 819 817 817 815 813 811 809 807 805 804 801 799 797 795 815 814 813 809 807 804 801 801 797 795 794 790 787 785 783 780 778 773 773 769 767 765 765 762 760 758 758 756 753 751 749 748 747 745 742 739 737 735 733 731 728 726 723 721 719 718 718 717 716 714 713 712 712 711 710 667 667 667 666 665 665 664 664 662 662 661 661 659 658 658 657 656 655
833 830 828 827 824 824 821 820 819 818 816 813 813 809 809 807 805 802 800 797 819 818 815 814 811 807 806 803 801 799 797 793 792 788 786 784 781 779 775 772 771 768 766 764 763 761 759 757 756 754 752 750 748 746 745 742 740 738 736 733 731 728 726 723 722 720 719 718 717 717 715 714 714 713 712 711 669 668 668 666 665 666 665 664 663 663 662 662 660 660 659 659 657 657
835 832 829 827 826 824 822 822 821 818 817 815 813 811 810 808 806 804 800 799 821 819 816 815 812 808 808 804 803 800 798 795 792 790 788 785 782 780 776 773 771 769 767 764 763 762 760 758 756 754 753 751 749 747 744 742 741 739 736 733 731 728 727 724 721 720 719 718 717 715 714 714 714 713 712 711 669 668 668 666 666 665 665 663 663 662 662 661 661 660 659 659 657 657
836 833 832 829 828 825 824 824 820 820 818 816 813 813 810 809 807 805 803 800 821 821 818 815 813 809 808 806 803 801 800 795 794 790 789 787 783 781 778 774 772 769 768 765 763 762 761 759 756 754 752 752 750 748 744 742 740 739 736 733 732 729 726 724 722 721 720 719 718 716 715 715 714 715 713 713 670 670 668 668 667 666 666 664 664 663 663 661 661 660 660 658 657 656
837 835 835 831 828 827 826 825 822 822 818 817 815 813 812 810 808 806 803 825 823 821 819 817 813 811 810 806 805 802 800 797 795 792 790 787 785 781 779 776 772 771 768 766 764 762 761 760 757 755 753 751 750 749 745 743 741 739 737 734 731 729 726 724 721 720 720 719 718 716 715 715 714 714 712 712 670 670 668 668 667 667 666 665 664 664 663 662 661 660 660 658 658 657
838 837 835 832 831 828 827 825 823 822 820 817 816 815 812 811 809 807 804 827 824 823 820 817 815 811 811 808 805 804 801 797 797 793 790 788 785 782 780 777 774 771 768 766 765 763 761 760 758 756 754 752 750 747 745 743 742 740 737 734 732 730 727 725 722 721 720 719 719 717 717 716 716 714 714 713 671 670 669 668 668 668 666 666 665 665 664 663 662 661 660 659 658 658
840 838 836 834 832 831 828 826 825 823 820 820 818 817 813 813 810 808 830 828 825 823 821 818 816 813 813 810 807 804 802 799 797 795 792 789 786 783 781 778 774 772 768 767 765 764 762 760 757 756 755 753 751 747 745 744 742 739 736 734 731 729 727 723 723 722 721 720 718 717 718 717 717 715 714 713 671 670 669 668 668 667 666 665 665 665 664 663 663 662 661 660 659 659
841 838 838 835 834 832 830 828 826 823 822 822 819 817 816 813 811 808 830 830 826 825 823 818 818 815 812 812 808 806 804 800 798 795 793 791 786 784 781 779 776 772 770 767 766 764 763 760 758 756 754 753 751 748 746 744 742 740 737 735 732 730 727 724 723 722 721 720 718 718 717 717 716 716 715 673 672 671 670 669 669 668 667 666 666 665 663 662 662 661 660 659 659 658
842 840 839 837 836 833 832 830 827 825 823 822 821 818 817 816 811 834 832 831 828 824 824 820 818 817 814 812 810 805 804 802 799 797 793 790 788 785 782 779 777 773 769 768 766 764 763 761 759 757 755 752 750 748 746 744 741 739 738 735 733 730 728 724 723 723 722 721 719 719 718 718 716 715 714 672 672 671 670 670 669 669 667 667 666 666 664 664 663 662 661 660 659 658
843 841 840 837 837 835 833 831 829 825 824 824 820 820 818 816 813 834 833 831 829 826 824 821 820 817 815 814 810 807 805 802 800 798 795 790 789 787 783 780 777 774 771 767 767 765 763 760 760 758 755 753 750 748 747 745 742 739 737 734 733 730 728 724 723 722 721 720 720 719 719 718 717 716 716 673 673 671 670 671 670 669 668 667 666 666 664 664 663 663 661 661 660 660
844 844 840 839 839 836 835 833 830 828 826 824 822 820 819 816 814 836 835 831 830 827 825 823 821 819 815 815 811 807 807 803 800 799 796 792 788 787 785 781 778 774 772 769 766 765 763 761 758 756 755 753 750 749 747 746 743 740 738 735 733 730 728 725 724 723 722 720 720 719 720 718 717 716 716 673 673 671 671 670 670 668 668 667 668 666 666 665 664 663 661 661 660 660
845 844 842 841 840 838 835 833 832 829 827 824 823 821 820 816 839 837 834 833 831 828 826 824 821 820 817 814 812 809 807 805 801 799 797 793 790 786 786 783 778 775 772 769 767 765 763 761 759 757 755 754 751 749 747 744 742 740 737 735 733 730 726 724 724 723 722 721 720 720 719 719 717 718 717 675 673 672 672 671 670 668 668 667 667 665 665 664 664 662 662 661 661 659
846 846 843 842 840 838 837 835 833 830 828 826 824 821 819 818 840 839 835 833 833 828 827 825 822 821 818 815 812 810 808 805 803 799 797 795 791 788 784 784 780 776 773 770 767 765 762 760 759 758 756 753 751 750 748 745 742 740 738 736 733 731 727 725 724 723 723 722 720 720 719 718 717 717 716 674 673 673 672 672 670 670 669 669 668 666 665 664 664 662 662 661 661 659
848 847 845 844 841 840 838 836 834 831 830 828 826 823 820 842 842 838 838 834 833 831 827 826 823 822 820 815 814 810 808 807 803 801 796 795 793 789 786 783 780 777 774 771 768 765 763 761 759 758 756 753 751 749 747 745 742 740 737 735 733 730 727 725 724 723 722 721 722 721 721 719 719 718 717 675 672 672 671 671 670 670 669 669 668 667 666 666 665 663 662 662 661 660
849 848 845 845 843 841 839 837 835 833 831 830 828 824 822 843 841 840 838 836 833 831 829 827 825 823 820 817 815 812 808 808 805 800 798 795 793 790 787 783 780 778 774 771 769 765 764 762 760 758 757 754 752 750 747 745 743 740 738 736 733 730 728 726 725 724 722 721 721 721 721 719 719 718 718 674 674 673 673 672 671 669 669 668 667 667 666 666 665 664 663 663 662 660
850 848 847 847 844 843 839 838 836 834 834 830 829 826 824 844 842 841 840 836 834 832 829 829 825 824 821 817 817 813 810 806 806 801 798 797 793 791 787 784 781 778 775 772 769 765 763 762 760 758 755 753 752 749 747 745 742 740 738 735 733 729 727 725 725 725 723 723 722 722 720 719 718 718 718 674 674 673 673 672 671 670 670 669 668 666 666 665 664 663 663 662 661 660
851 850 848 848 845 842 841 839 837 836 833 832 830 827 849 846 844 841 840 838 834 834 830 830 827 823 822 818 815 815 811 808 804 803 799 796 795 791 787 783 782 779 776 773 769 766 764 762 761 759 756 754 751 750 748 745 742 740 738 736 733 730 728 725 724 723 723 723 722 722 720 720 719 719 718 675 674 674 673 672 671 671 670 670 668 667 667 666 664 663 663 662 661 660
853 851 850 847 846 845 842 841 838 837 835 833 830 827 849 848 845 843 840 839 836 834 832 829 828 825 822 820 816 815 812 809 806 802 801 797 795 792 788 785 781 779 776 773 768 766 764 762 760 757 756 753 751 749 747 745 742 740 738 735 732 730 727 726 726 724 723 723 722 722 720 720 719 719 717 675 674 674 673 672 671 671 670 669 668 668 667 667 665 665 664 663 661 661
854 852 850 849 847 846 844 841 840 838 836 835 830 829 850 849 847 844 842 839 837 836 832 831 828 825 823 820 818 815 813 810 806 803 800 798 795 793 789 786 782 779 777 773 770 766 765 763 761 758 755 754 752 750 747 744 742 741 738 735 731 729 726 726 726 724 724 723 723 721 721 720 721 719 718 675 675 674 674 672 672 671 670 669 667 667 666 665 665 665 664 664 662 662
854 853 852 850 848 846 844 843 841 840 837 834 832 854 852 850 848 846 842 841 837 836 833 832 830 825 824 821 818 815 813 810 807 805 801 798 795 792 789 786 783 779 776 772 769 766 763 761 760 757 755 753 751 750 747 744 742 740 738 735 732 730 727 726 725 724 724 723 723 721 721 720 720 719 676 676 675 674 673 672 672 671 671 669 669 668 668 665 665 664 664 662 662 661
855 855 853 851 848 847 845 844 843 841 838 835 833 856 853 852 849 848 843 842 839 836 835 832 830 826 823 823 819 816 814 810 806 806 803 799 796 792 790 786 783 781 777 773 769 767 764 762 759 758 756 754 752 750 747 745 742 739 737 734 732 729 727 727 725 725 724 724 724 722 721 721 720 719 676 676 675 675 673 672 672 671 670 669 669 668 668 666 666 664 664 662 662 661
856 855 852 851 850 848 847 845 843 841 838 837 859 857 854 853 851 848 845 842 840 837 835 833 829 828 824 822 820 817 814 811 808 804 802 799 795 792 790 788 784 781 777 773 769 766 764 762 759 757 755 754 752 749 746 744 743 740 738 734 732 728 727 727 725 725 724 724 722 722 721 722 720 719 676 676 675 675 673 673 672 672 669 669 669 669 667 667 666 666 665 663 662 661
857 855 853 852 851 850 848 846 844 842 839 838 861 858 856 853 852 848 846 844 841 839 836 833 830 828 826 822 820 818 814 811 809 806 803 800 796 793 789 788 784 781 777 774 771 767 764 762 760 758 756 754 752 748 746 744 742 739 737 734 732 729 728 726 726 725 725 724 723 722 722 721 721 719 677 676 675 674 673 673 672 672 670 670 668 668 666 666 665 665 663 663 662 661
857 856 854 854 851 850 848 847 846 842 842 839 862 859 858 855 852 850 847 845 842 840 837 833 830 829 826 823 821 818 814 812 808 806 803 801 796 794 791 787 785 782 777 773 770 768 764 761 759 758 756 754 751 748 747 745 742 739 736 733 732 729 728 726 726 725 725 724 723 722 722 721 720 719 677 676 676 674 674 673 673 672 671 670 670 669 667 666 666 665 663 663 662 662
858 857 855 854 852 851 850 848 847 844 843 865 863 861 859 856 853 851 849 846 844 841 838 834 831 829 827 824 822 818 814 812 809 806 803 800 797 793 791 787 784 780 778 775 771 768 765 762 760 757 755 753 750 748 746 743 742 739 736 734 730 729 727 726 726 725 725 723 723 722 722 721 720 719 677 676 676 674 674 672 672 670 670 670 670 669 668 666 666 665 664 663 663 662
859 856 856 854 853 853 850 850 847 846 844 866 864 862 861 857 855 852 850 847 844 842 838 836 832 829 826 824 821 818 816 812 810 807 804 799 798 794 791 788 784 780 776 775 771 768 763 761 760 757 755 753 751 748 746 743 741 738 736 734 731 729 727 726 726 726 725 724 723 723 722 722 720 720 677 677 675 675 674 674 672 671 670 670 669 667 667 666 666 663 663 662 662 661
859 858 856 856 854 854 851 851 847 847 846 867 866 863 862 858 856 854 850 849 845 843 838 837 832 830 828 824 821 818 815 812 810 806 803 800 796 795 791 788 783 781 777 774 771 767 763 760 758 757 755 752 750 748 746 743 741 737 735 732 731 729 727 727 726 725 724 724 723 723 722 721 720 719 676 676 675 675 674 674 672 672 670 670 669 668 667 667 666 665 663 663 662 661
860 858 857 856 855 855 853 851 849 848 870 868 866 865 861 860 856 855 851 850 846 843 840 836 835 830 829 825 821 819 816 813 810 808 803 801 796 794 791 788 783 780 778 774 771 766 764 761 758 756 754 752 750 747 745 743 741 738 735 732 731 727 728 727 727 726 724 723 723 722 723 721 721 720 678 676 675 674 673 673 671 671 671 670 668 668 667 667 666 665 664 663 662 661
860 859 859 857 857 855 853 852 850 850 871 870 867 866 862 861 857 856 853 850 848 843 841 837 835 831 827 824 821 818 816 813 809 807 803 800 797 794 792 787 785 780 777 774 771 766 763 760 759 757 755 751 750 747 745 743 739 737 736 732 730 727 727 727 727 726 725 724 723 722 722 720 720 678 678 676 675 674 674 673 672 671 671 670 668 667 667 666 665 664 664 663 662 660
861 860 860 858 857 855 854 854 851 851 872 871 869 866 863 862 859 857 854 851 847 844 842 838 836 833 829 825 822 819 816 814 809 805 804 800 797 794 791 787 784 781 778 774 770 767 763 760 758 757 754 752 749 746 745 742 739 737 734 733 731 728 727 727 726 724 724 724 724 722 721 720 720 677 677 675 675 674 674 672 672 671 671 670 669 667 667 666 665 664 664 663 662 660
861 860 860 859 858 856 855 854 852 876 873 873 871 868 865 863 860 857 855 851 848 845 842 839 835 833 828 825 821 819 815 813 810 806 803 801 797 793 789 786 784 780 778 775 770 767 763 760 758 756 753 751 749 747 744 740 739 737 734 733 729 728 727 727 726 725 724 724 723 723 721 721 720 678 677 676 675 675 673 672 671 671 671 670 669 669 667 667 665 665 664 664 662 661
862 862 860 860 859 857 856 854 854 876 875 873 871 868 866 863 861 857 856 852 849 846 843 840 836 834 829 826 824 818 816 813 809 806 803 800 797 794 790 786 783 780 777 774 770 767 763 759 758 754 752 750 748 747 744 740 738 735 734 732 729 728 727 726 725 725 724 724 723 722 721 720 719 678 676 676 675 675 674 672 671 671 670 669 668 668 666 665 664 664 663 662 661 661
862 862 860 860 857 857 857 855 855 877 876 873 872 869 867 865 862 859 855 852 849 846 842 840 836 833 830 826 824 819 816 811 809 805 802 799 797 793 790 787 782 779 776 772 768 767 762 759 756 753 752 750 748 746 742 741 738 735 734 730 729 728 728 727 725 724 724 724 724 722 722 721 720 677 676 675 675 675 674 672 672 671 671 669 668 668 667 665 664 664 663 662 661 725
862 863 862 860 859 858 858 856 880 878 877 874 873 871 868 866 863 860 856 853 849 847 843 841 837 832 830 826 823 820 816 811 809 805 802 799 796 793 789 787 783 779 775 772 768 765 762 759 756 753 751 750 748 745 742 740 737 735 733 730 728 727 727 727 726 724 724 723 723 721 722 721 720 676 676 675 675 674 673 672 671 670 669 669 669 668 668 665 665 664 664 662 662 725
864 862 862 860 859 858 857 856 879 878 877 876 874 872 869 866 863 859 855 853 849 847 844 840 837 833 830 826 823 820 816 811 808 806 802 799 795 792 789 786 782 780 774 771 768 765 762 758 755 754 751 749 746 744 742 739 737 734 731 730 728 727 727 725 725 724 724 723 722 721 721 720 720 676 676 675 675 673 673 672 671 670 669 668 668 667 666 665 664 663 662 662 662 724
864 862 861 860 859 858 858 858 880 880 877 877 874 873 869 867 863 860 856 853 850 847 844 840 837 833 830 826 823 819 816 813 808 805 802 799 794 791 787 786 782 779 776 771 768 764 762 757 755 753 751 748 746 743 741 739 737 735 731 729 727 728 727 726 725 724 723 723 722 722 721 721 678 676 675 675 674 673 673 673 671 671 669 669 668 668 666 666 664 664 662 662 725 725
864 862 861 859 859 859 858 882 880 879 877 877 876 873 869 867 862 860 857 854 850 846 844 839 837 833 830 827 823 819 816 813 809 805 802 797 793 791 787 784 782 778 775 770 768 764 761 756 755 753 749 747 745 743 740 738 736 735 731 729 727 727 726 726 725 724 723 722 721 721 721 721 677 676 675 675 674 673 672 672 670 669 668 668 668 667 666 666 664 664 662 662 725 725
863 861 861 859 859 858 858 882 879 879 877 877 874 873 869 867 863 860 857 852 850 846 843 839 836 833 830 825 823 819 815 813 809 806 801 797 793 790 787 784 781 776 775 770 767 764 760 756 753 752 749 747 744 741 740 738 736 733 730 728 728 727 726 725 725 723 724 722 722 721 721 720 677 675 675 675 674 673 673 672 671 669 669 668 667 666 665 665 663 662 662 662 724 723
862 861 861 860 859 858 858 880 878 877 876 876 873 872 868 864 862 858 856 852 850 846 843 839 836 833 829 826 822 819 815 812 809 806 799 796 793 790 786 783 780 776 772 769 766 762 758 755 753 751 748 746 744 741 739 737 736 732 730 728 727 726 726 725 725 723 723 721 721 721 721 719 677 675 675 674 673 672 672 671 670 669 669 668 668 666 666 665 664 662 662 725 725 723
