testData/tiles/oneDegreeCosts/grid48.0-47.0-49.0-48.0.asc
ncols   200
nrows   200
xllcorner   48.0
yllcorner   47.0
cellsize   0.005
NODATA_value   -9999.0
[rows 0 to 41 of 200, columns 0 to 93 of 200]
495 495 495 495 495 495 495 495 495 495 499 502 507 511 514 517 520 523 526 529 532 534 537 539 541 544 545 548 549 552 553 555 735 737 739 739 741 742 744 744 746 747 747 748 515 516 516 518 517 518 518 518 518 518 518 518 517 517 516 516 514 514 513 510 509 506 505 501 499 494 489 478 471 472 473 474 475 475 477 477 478 479 480 480 482 482 482 484 484 485 486 487 487 487
495 495 495 495 495 495 495 495 495 495 499 504 507 511 514 517 521 523 527 529 532 535 537 540 542 544 546 548 550 552 554 556 736 737 739 740 741 743 744 746 746 748 748 749 515 517 516 517 519 518 519 518 519 519 519 518 518 517 518 516 516 514 512 511 509 507 505 502 499 494 488 479 472 473 474 474 476 476 477 478 479 479 481 481 482 483 484 484 485 486 486 487 488 489
495 495 495 495 495 495 495 495 495 496 499 504 508 511 514 518 522 525 527 531 532 535 537 540 543 544 547 549 550 552 554 556 558 738 739 741 742 743 745 746 747 747 749 750 516 517 518 517 519 518 519 519 519 519 519 519 519 518 517 516 516 514 513 512 510 508 506 503 500 495 489 480 472 474 474 476 476 477 478 479 480 481 481 482 483 483 485 485 486 487 488 488 488 490
495 495 495 495 495 495 495 495 495 496 500 505 509 512 515 519 522 525 527 531 534 536 539 541 543 544 547 550 551 554 554 556 558 560 740 741 743 744 745 746 748 748 749 751 516 518 518 518 519 520 519 520 519 520 519 519 519 518 517 518 516 516 513 513 510 509 506 504 499 496 489 480 473 474 475 476 477 478 478 480 480 481 482 483 484 485 485 485 487 487 488 489 490 490
495 495 495 495 495 495 495 495 495 497 501 505 509 512 515 519 523 525 528 531 534 536 539 542 543 546 547 550 552 554 556 556 559 560 562 742 743 745 746 747 748 749 749 751 752 518 519 519 519 520 520 520 521 520 520 519 520 519 518 517 517 515 514 513 511 509 507 504 501 496 491 481 474 475 476 477 478 478 480 480 481 482 482 484 484 485 486 487 487 488 489 489 491 491
495 495 495 495 495 495 495 495 495 497 501 505 508 512 517 520 523 526 529 531 534 537 539 542 544 546 549 550 552 553 556 558 558 561 562 564 743 745 747 748 748 749 751 751 752 518 519 520 519 521 521 521 521 521 520 521 520 520 518 518 517 516 515 513 512 510 507 504 501 497 490 475 475 475 477 477 479 479 480 481 482 483 484 484 485 486 486 488 488 489 490 490 491 491
495 495 495 495 495 495 495 495 495 497 502 506 510 513 517 520 523 527 529 532 535 538 541 541 544 546 549 551 553 554 556 558 559 561 563 564 566 745 747 748 748 750 751 751 752 519 519 520 520 520 522 522 522 521 521 521 520 520 520 518 518 516 516 513 513 510 508 504 502 496 491 475 475 476 477 478 479 480 481 481 483 483 484 485 486 487 488 488 489 490 490 491 492 493
495 495 495 495 495 495 495 495 495 498 503 506 510 514 517 521 523 527 530 532 535 538 541 543 545 547 549 551 553 555 557 558 560 562 563 565 566 747 747 749 749 750 751 752 753 519 521 520 521 521 522 522 521 521 522 522 521 521 520 519 518 517 516 515 512 511 508 506 502 498 491 475 476 477 478 479 480 481 481 483 483 484 485 485 487 487 488 489 490 490 491 492 492 494
495 495 495 495 495 495 495 495 495 498 503 507 510 515 518 522 525 528 530 532 535 538 540 543 545 548 551 551 554 555 558 559 560 562 564 565 566 568 749 749 750 751 752 752 754 520 521 522 521 522 522 522 522 522 522 522 521 521 521 520 519 518 517 515 513 511 509 506 502 498 490 476 476 478 478 480 480 482 482 483 484 485 486 487 487 488 489 489 491 491 492 493 493 494
495 495 495 495 495 495 495 495 495 499 504 508 511 515 519 521 525 528 531 534 536 539 540 543 546 548 551 552 554 556 558 560 560 562 565 566 567 568 570 749 750 752 753 753 754 520 521 522 522 522 523 522 523 522 523 523 522 521 521 520 519 518 517 515 513 511 510 506 503 498 492 476 478 478 480 480 481 482 482 484 484 486 486 487 488 489 490 490 491 492 493 493 495 495
495 495 495 495 495 495 495 495 495 500 503 508 512 515 519 522 525 528 531 534 537 539 542 544 546 549 550 553 555 556 558 560 562 562 564 566 568 569 569 571 750 752 752 753 755 755 521 522 523 522 523 523 523 524 523 523 522 522 521 521 520 519 517 516 514 512 510 507 503 498 492 477 478 479 480 481 482 483 484 484 486 486 487 488 488 490 490 491 492 493 493 494 495 495
495 495 495 495 495 495 495 495 495 500 504 508 512 517 520 523 525 528 532 534 537 539 542 545 547 550 550 553 556 557 558 560 562 564 564 567 568 570 570 571 573 752 753 754 755 756 522 523 523 523 523 524 523 524 524 523 524 522 523 521 521 519 518 516 515 512 510 506 504 498 492 477 479 479 481 481 483 483 484 485 486 487 488 489 490 490 491 492 492 494 494 495 496 496
495 495 495 495 495 495 495 495 496 501 505 510 513 517 520 523 527 529 533 535 537 540 542 545 547 550 552 553 555 557 559 561 562 564 565 566 568 569 571 571 573 575 753 755 755 756 522 523 524 524 524 524 524 524 525 523 524 523 523 522 521 520 518 518 515 514 510 508 504 500 492 479 479 481 481 483 483 485 485 485 487 487 489 489 490 491 492 493 493 494 495 496 496 498
495 495 495 495 495 495 495 495 497 502 505 509 513 517 520 523 527 529 533 536 538 541 544 545 548 550 552 555 555 558 559 562 563 564 566 567 568 570 571 572 573 575 753 755 756 756 523 524 524 524 524 525 525 525 525 524 524 523 523 523 522 520 519 518 516 514 511 508 504 500 492 479 480 481 482 483 484 485 485 487 487 489 489 490 491 491 493 493 495 495 495 497 497 498
495 495 495 495 495 495 495 495 497 501 505 509 513 516 520 523 527 530 532 536 539 541 544 546 548 550 552 555 556 558 560 562 564 564 566 568 569 570 571 573 574 575 576 755 756 757 523 524 524 525 525 525 525 525 525 525 525 524 523 522 521 520 519 518 516 514 511 509 505 500 492 480 480 482 482 484 484 485 486 487 488 489 490 491 492 492 493 494 495 495 497 497 497 499
495 495 495 495 495 495 495 495 496 502 507 510 514 517 521 525 527 531 534 536 539 541 544 547 549 551 552 555 557 559 560 561 564 566 566 568 569 571 572 573 575 575 576 578 756 758 523 524 526 525 526 525 526 526 525 526 525 525 523 523 522 521 520 518 516 514 512 509 506 500 494 480 482 482 484 484 485 486 487 488 488 490 490 492 492 493 494 495 496 496 497 498 499 499
495 495 495 495 495 495 495 495 498 502 507 510 514 518 521 525 528 531 534 537 540 542 544 547 549 551 554 555 557 560 561 562 564 566 568 568 570 571 572 574 575 575 576 578 578 758 759 524 526 525 526 527 526 527 525 526 525 525 525 523 523 521 521 518 517 514 513 509 506 500 493 480 482 482 484 484 486 486 488 488 490 490 491 492 493 494 494 496 496 498 498 498 500 500
495 495 495 495 495 495 495 495 498 502 507 511 514 518 522 525 528 531 534 537 540 543 545 547 549 551 554 556 557 560 561 563 565 566 568 569 570 572 573 574 575 576 577 578 579 579 759 525 525 527 526 527 526 526 527 526 526 525 525 523 523 522 521 519 517 516 512 510 506 502 493 482 482 483 484 485 486 487 488 489 490 491 492 493 494 494 495 496 497 498 498 500 500 500
495 495 495 495 495 495 495 495 498 504 507 512 515 519 523 526 529 532 534 537 539 543 546 547 550 552 554 556 558 559 562 563 565 566 568 570 570 572 573 575 575 576 578 578 579 579 580 526 525 526 527 527 527 526 527 527 526 526 525 525 523 523 520 520 518 516 513 510 506 501 493 482 483 484 485 486 487 488 489 489 491 491 493 493 495 495 496 497 497 499 499 500 501 502
495 495 495 495 495 495 495 495 499 504 507 512 516 519 523 527 529 533 535 538 540 542 545 548 550 553 554 556 559 560 562 563 565 568 568 570 572 572 574 575 575 577 578 578 579 580 581 378 526 526 527 527 527 527 527 528 526 527 526 525 524 523 521 520 518 516 513 511 506 502 493 483 483 485 485 487 487 489 489 491 491 493 493 494 495 495 497 497 499 499 500 501 501 503
495 495 495 495 495 495 495 495 499 504 508 512 516 519 523 526 529 532 536 538 541 544 545 548 550 553 556 556 559 560 563 564 565 568 570 570 572 573 574 576 576 577 578 579 580 580 581 378 378 527 527 527 527 528 528 527 527 526 526 525 524 524 522 521 519 517 514 511 507 502 494 483 485 485 486 487 488 489 490 491 492 493 494 495 496 496 497 498 499 500 501 501 502 503
495 495 495 495 495 495 495 495 500 504 509 513 517 521 524 526 530 532 536 538 541 544 546 548 551 553 556 557 559 561 563 565 566 567 570 570 572 574 575 575 576 577 579 579 580 580 582 378 378 378 527 528 528 528 528 527 527 527 527 526 525 524 522 521 520 516 515 511 508 501 494 483 485 486 487 488 489 490 491 492 492 494 494 496 496 497 498 498 500 500 502 502 503 504
495 495 495 495 495 495 495 495 500 504 509 513 517 521 523 527 531 533 536 539 541 544 547 549 551 553 555 558 560 561 564 565 567 567 570 572 572 574 575 575 577 578 579 580 581 581 581 378 378 378 528 528 528 529 529 528 528 527 527 526 526 523 523 520 519 517 515 512 508 502 493 484 485 486 487 488 490 490 492 492 494 494 495 496 496 498 498 500 500 501 502 502 504 504
495 495 495 495 495 495 495 495 500 504 509 513 516 520 524 527 531 534 537 540 541 544 547 549 552 555 555 558 560 562 563 565 567 569 569 572 573 574 575 576 577 579 579 580 581 581 582 583 378 378 378 529 529 529 529 528 529 527 527 525 525 525 523 522 519 518 515 512 508 503 494 485 486 487 488 488 490 490 492 492 494 494 496 496 498 498 499 500 501 502 503 503 504 505
495 495 495 495 495 495 495 495 500 505 509 513 517 520 524 527 531 534 536 540 543 545 547 550 552 555 556 558 560 562 564 566 567 569 569 571 573 573 575 577 577 579 579 580 581 582 582 583 378 378 378 378 530 529 529 528 529 529 527 527 525 525 523 522 520 518 515 512 508 503 493 486 486 488 488 490 490 492 492 493 494 495 496 497 498 499 500 501 501 503 503 505 505 505
495 495 495 495 495 495 495 497 501 506 510 514 518 521 525 529 531 534 537 540 543 545 548 550 552 554 557 559 560 563 564 567 567 569 571 571 573 575 575 577 578 579 580 581 581 582 582 583 378 378 378 378 378 530 529 530 529 529 527 527 526 525 524 522 520 518 515 513 508 503 492 486 486 488 489 490 491 492 493 494 495 496 497 497 499 499 501 501 503 503 504 505 505 507
495 495 495 495 495 495 495 497 501 506 510 514 518 522 525 529 531 535 537 540 543 546 548 551 553 554 557 559 561 563 564 567 568 569 571 572 573 575 576 577 579 579 580 581 581 583 583 583 378 378 378 378 378 378 529 530 529 529 528 527 527 525 524 523 521 519 516 513 510 503 494 486 488 488 489 491 491 493 493 495 495 497 497 499 499 500 501 502 503 504 505 506 506 507
495 495 495 495 495 495 495 497 501 506 510 514 518 522 525 529 532 535 538 541 543 546 548 551 554 554 557 560 561 563 565 566 569 569 571 573 573 575 577 577 579 579 580 582 582 583 584 583 378 378 378 378 378 378 378 530 530 529 529 528 527 526 524 523 522 519 517 513 509 503 494 487 488 489 490 491 492 493 494 495 496 497 498 499 500 501 502 502 504 504 506 506 506 508
495 495 495 495 495 495 495 496 503 507 511 516 519 522 525 529 532 535 538 541 544 546 549 551 553 555 557 560 561 564 565 566 569 571 571 573 574 575 577 578 579 580 581 582 583 583 584 584 378 378 378 378 378 378 378 378 530 530 529 528 527 526 525 523 522 518 517 513 509 503 494 487 488 489 491 491 493 493 495 495 497 498 498 500 500 502 502 504 504 505 506 507 508 508
495 495 495 495 495 495 495 497 502 506 511 516 519 523 527 529 532 536 538 541 543 547 550 551 553 556 558 559 562 564 566 566 569 571 571 573 575 575 577 579 579 580 581 582 583 583 584 585 378 378 378 378 378 378 378 378 378 529 529 529 528 527 525 523 521 520 516 514 509 504 495 488 489 489 491 492 493 494 495 496 497 498 499 500 500 502 503 504 505 506 507 507 508 509
495 495 495 495 495 495 495 497 502 507 511 515 519 523 527 529 533 536 538 541 544 546 549 552 553 556 558 560 562 563 566 568 568 571 573 573 575 576 577 579 579 580 582 582 583 584 584 585 378 378 378 378 378 378 378 378 378 378 530 529 528 526 525 524 521 520 517 514 510 504 495 489 489 491 491 493 493 494 496 496 498 498 500 500 502 502 503 504 505 506 507 508 509 509
495 495 495 495 495 495 495 497 502 507 511 515 520 523 526 530 533 536 539 542 544 546 549 552 554 556 559 560 563 564 566 568 568 571 573 574 575 577 578 579 580 580 582 582 583 584 585 585 378 378 378 378 378 378 378 378 378 378 378 529 528 527 525 524 522 520 517 514 509 504 495 489 489 491 492 493 494 495 496 497 498 499 500 501 502 503 504 505 505 507 507 509 509 510
495 495 495 495 495 495 495 498 503 508 512 516 520 523 526 530 533 536 540 542 545 547 549 552 554 557 559 560 563 565 566 568 570 571 573 575 575 577 578 579 580 581 582 583 584 584 586 585 586 378 378 378 378 378 378 378 378 378 378 378 528 527 527 524 523 520 518 514 510 504 489 489 490 491 492 493 494 496 496 498 498 500 500 501 503 503 505 505 507 507 508 509 510 511
495 495 495 495 495 495 495 499 503 508 513 516 520 523 527 531 533 536 540 542 545 548 549 552 555 557 559 561 563 565 566 568 570 571 573 575 576 577 579 579 580 581 582 583 584 584 585 585 586 378 378 378 378 378 378 378 378 378 378 378 378 527 527 524 523 521 518 514 510 504 489 489 491 492 493 494 494 496 497 498 499 500 501 502 503 504 505 506 507 508 509 510 510 512
495 495 495 495 495 495 495 498 503 508 512 516 520 524 527 531 535 537 539 542 545 548 550 552 555 557 559 561 563 565 567 568 570 572 573 575 576 577 579 579 580 582 582 583 585 584 585 586 586 378 378 378 378 378 378 378 378 378 378 378 378 378 526 525 523 520 518 514 511 503 489 490 491 492 493 494 496 496 498 498 499 501 501 503 503 505 505 506 508 508 510 510 511 512
495 495 495 495 495 495 495 498 503 508 512 516 520 524 527 531 534 537 540 543 545 548 551 553 555 557 559 562 562 565 567 569 570 572 573 575 577 578 578 580 581 582 582 583 584 585 585 587 586 378 378 378 378 378 378 378 378 378 378 378 378 378 378 526 523 521 518 515 510 505 489 490 491 492 494 494 496 496 498 499 500 501 501 503 504 505 506 507 508 508 510 511 512 513
495 495 495 495 495 495 495 499 504 508 513 517 521 524 527 531 534 537 540 544 546 548 551 553 556 557 559 562 564 565 567 569 570 572 573 575 576 577 578 580 581 582 583 584 584 585 585 586 587 378 378 378 378 378 378 378 378 378 378 378 378 378 378 378 523 521 518 516 510 504 489 491 492 493 494 494 496 497 498 499 501 501 503 503 504 506 506 508 508 510 510 511 512 513
495 495 495 495 495 495 495 499 504 508 513 517 521 525 529 532 534 537 540 543 546 549 551 553 556 558 559 562 564 566 567 570 571 572 574 575 576 577 579 580 581 583 583 584 584 586 586 586 588 378 378 378 378 378 378 378 378 378 378 378 378 378 378 378 378 521 518 515 510 504 490 491 492 493 494 496 496 498 499 499 501 501 503 504 505 506 506 508 509 510 511 512 513 513
495 495 495 495 495 495 495 499 504 508 513 517 521 525 529 531 535 538 540 543 546 549 552 553 556 558 560 562 564 566 567 569 571 573 574 575 577 578 579 580 582 582 583 584 585 586 586 586 588 378 378 378 378 378 378 378 378 378 378 378 378 378 378 378 378 378 519 515 510 504 490 491 492 494 494 496 497 498 499 500 501 502 503 504 505 506 508 508 509 510 511 513 513 514
495 495 495 495 495 495 495 498 504 508 513 517 521 525 529 531 535 539 541 543 546 549 552 555 555 558 560 563 564 566 568 569 571 573 574 575 577 578 579 581 582 582 584 585 585 586 587 587 587 378 378 378 378 378 378 378 378 378 378 378 378 378 378 378 378 378 378 515 511 503 491 492 493 494 494 496 497 498 499 501 501 503 503 504 506 506 508 509 510 511 511 513 513 515
495 495 495 495 495 495 495 499 505 509 514 518 521 524 528 531 535 538 541 544 546 548 552 554 555 558 561 562 564 567 568 570 571 573 575 575 577 579 579 581 582 582 584 585 585 586 587 587 587 378 378 378 378 378 378 378 378 378 378 378 378 378 378 378 378 378 378 378 511 503 491 492 493 494 496 496 498 499 499 501 501 503 504 505 506 507 508 509 510 511 513 513 514 515
495 495 495 495 495 495 495 499 505 510 513 518 521 525 529 531 535 538 541 544 547 548 551 554 556 558 561 562 565 566 568 570 571 573 575 576 577 579 579 581 582 582 584 584 585 586 587 587 587 378 378 378 378 378 378 378 378 378 378 378 378 378 378 378 378 378 378 378 378 503 491 492 494 494 496 496 498 499 500 501 502 503 504 506 506 508 508 509 511 511 513 513 514 516
