testData/tiles/oneDegreeCosts/grid17.0-30.0-18.0-31.0.asc
ncols   200
nrows   200
xllcorner   17.0
yllcorner   30.0
cellsize   0.005
NODATA_value   -9999.0
[rows 84 to 125 of 200, columns 94 to 187 of 200]
457 457 457 457 457 457 457 457 457 457 457 457 457 457 457 457 457 457 457 457 457 457 457 457 457 457 457 457 457 457 457 457 457 457 457 457 457 457 457 457 457 457 457 457 457 457 457 457 457 457 457 457 457 457 460 463 467 469 471 473 475 478 480 482 483 486 487 488 490 491 493 494 496 497 499 500 501 502 503 504 505 506 507 508 508 510 511 511 512 565 567 568 568 569
457 457 457 457 457 457 457 457 457 457 457 457 457 457 457 457 457 457 457 457 457 457 457 457 457 457 457 457 457 457 457 457 457 457 457 457 457 457 457 457 457 457 457 457 457 457 457 457 457 457 457 457 458 461 464 466 470 472 474 476 478 480 482 484 485 488 489 490 492 493 495 496 497 498 501 501 502 503 504 506 507 508 508 509 510 512 512 513 513 567 569 569 570 570
457 457 457 457 457 457 457 457 457 457 457 457 457 457 457 457 457 457 457 457 457 457 457 457 457 457 457 457 457 457 457 457 457 457 457 457 457 457 457 457 457 457 457 457 457 457 457 457 457 457 457 457 461 464 467 469 472 474 476 478 481 483 484 486 487 490 491 492 494 495 497 498 499 500 502 503 504 505 506 508 508 509 510 511 512 513 514 514 515 568 570 570 571 571
457 457 457 457 457 457 457 457 457 457 457 457 457 457 457 457 457 457 457 457 457 457 457 457 457 457 457 457 457 457 457 457 457 457 457 457 457 457 457 457 457 457 457 457 457 457 457 457 457 457 458 461 465 467 470 472 475 477 479 481 483 485 486 488 489 492 493 494 496 498 499 500 501 502 504 505 506 507 507 509 510 511 512 512 514 515 515 516 516 570 571 572 572 573
457 457 457 457 457 457 457 457 457 457 457 457 457 457 457 457 457 457 457 457 457 457 457 457 457 457 457 457 457 457 457 457 457 457 457 457 457 457 457 457 457 457 457 457 457 457 457 457 457 458 461 464 467 470 472 474 477 479 481 483 485 487 488 490 491 494 495 496 497 499 501 502 503 504 506 506 507 508 509 511 512 512 513 514 515 516 517 517 571 571 573 573 574 574
457 457 457 457 457 457 457 457 457 457 457 457 457 457 457 457 457 457 457 457 457 457 457 457 457 457 457 457 457 457 457 457 457 457 457 457 457 457 457 457 457 457 457 457 457 457 457 457 458 461 464 467 470 473 475 477 480 481 483 485 487 489 490 492 493 495 497 498 499 501 502 503 504 505 507 508 509 510 511 512 513 514 514 515 517 517 518 519 572 573 574 575 575 576
457 457 457 457 457 457 457 457 457 457 457 457 457 457 457 457 457 457 457 457 457 457 457 457 457 457 457 457 457 457 457 457 457 457 457 457 457 457 457 457 457 457 457 457 457 457 457 457 462 464 467 470 473 475 477 479 482 484 485 487 489 491 492 494 495 497 498 500 501 503 504 505 506 507 509 510 510 511 512 514 515 515 516 517 518 519 519 520 574 574 576 576 577 577
457 457 457 457 457 457 457 457 457 457 457 457 457 457 457 457 457 457 457 457 457 457 457 457 457 457 457 457 457 457 457 457 457 457 457 457 457 457 457 457 457 457 457 457 457 457 458 461 465 467 470 472 475 477 479 481 484 486 487 489 491 493 494 495 497 499 500 501 502 504 505 506 507 508 510 511 512 513 513 515 516 517 517 518 520 520 521 521 575 575 577 577 578 578
457 457 457 457 457 457 457 457 457 457 457 457 457 457 457 457 457 457 457 457 457 457 457 457 457 457 457 457 457 457 457 457 457 457 457 457 457 457 457 457 457 457 457 457 457 458 461 464 468 470 472 475 478 480 482 483 486 488 489 491 493 495 496 497 498 501 502 503 504 506 507 508 509 510 512 513 513 514 515 517 517 518 519 519 521 522 522 523 576 577 578 579 579 580
457 457 457 457 457 457 457 457 457 457 457 457 457 457 457 457 457 457 457 457 457 457 457 457 457 457 457 457 457 457 457 457 457 457 457 457 457 457 457 457 457 457 457 457 458 461 464 467 470 473 475 477 480 482 484 485 488 490 491 493 495 496 498 499 500 502 503 504 506 508 509 509 510 511 513 514 515 516 516 518 519 519 520 521 522 523 523 524 578 578 580 580 580 581
457 457 457 457 457 457 457 457 457 457 457 457 457 457 457 457 457 457 457 457 457 457 457 457 457 457 457 457 457 457 457 457 457 457 457 457 457 457 457 457 457 457 457 457 461 464 467 469 473 475 477 479 482 484 486 487 490 491 493 494 497 498 499 501 502 504 505 506 507 508 510 511 512 513 515 515 516 517 518 519 520 521 521 522 524 524 525 525 579 579 581 581 582 582
457 457 457 457 457 457 457 457 457 457 457 457 457 457 457 457 457 457 457 457 457 457 457 457 457 457 457 457 457 457 457 457 457 457 457 457 457 457 457 457 457 457 457 460 464 467 469 472 475 477 479 481 484 486 488 489 492 493 495 496 497 500 501 502 503 505 506 508 509 510 511 512 513 514 516 517 518 518 519 521 521 522 523 523 524 526 526 527 580 581 582 583 583 583
457 457 457 457 457 457 457 457 457 457 457 457 457 457 457 457 457 457 457 457 457 457 457 457 457 457 457 457 457 457 457 457 457 457 457 457 457 457 457 457 457 457 460 463 467 469 472 474 477 480 481 483 486 488 489 491 494 495 496 498 499 501 503 504 505 507 508 509 510 511 513 514 515 516 517 518 519 520 520 522 523 523 524 525 525 527 527 528 581 582 583 584 584 585
457 457 457 457 457 457 457 457 457 457 457 457 457 457 457 457 457 457 457 457 457 457 457 457 457 457 457 457 457 457 457 457 457 457 457 457 457 457 457 457 457 460 463 466 469 472 474 477 480 482 484 485 488 490 491 493 495 497 498 499 501 503 504 505 506 508 509 510 511 512 514 515 516 517 519 519 520 521 522 523 524 525 525 526 526 528 529 582 583 583 585 586 586 587
457 457 457 457 457 457 457 457 457 457 457 457 457 457 457 457 457 457 457 457 457 457 457 457 457 457 457 457 457 457 457 457 457 457 457 457 457 457 457 457 459 463 466 468 472 474 477 479 482 484 485 487 490 492 493 495 497 498 500 501 502 504 506 507 508 510 511 512 513 514 516 517 517 518 520 521 522 522 523 525 525 526 527 528 529 530 531 584 585 585 588 588 589 589
457 457 457 457 457 457 457 457 457 457 457 457 457 457 457 457 457 457 457 457 457 457 457 457 457 457 457 457 457 457 457 457 457 457 457 457 457 457 457 458 462 466 468 471 474 477 479 481 484 486 487 489 492 493 495 496 499 500 501 503 504 506 507 508 509 511 512 513 514 515 517 518 519 520 521 522 523 525 525 527 528 528 529 530 531 532 533 586 587 587 590 590 591 591
457 457 457 457 457 457 457 457 457 457 457 457 457 457 457 457 457 457 457 457 457 457 457 457 457 457 457 457 457 457 457 457 457 457 457 457 457 457 458 461 464 468 471 473 477 479 481 483 486 487 489 491 493 495 496 498 500 502 503 504 505 507 509 510 511 513 514 515 516 516 518 519 521 522 524 524 525 527 527 529 530 530 531 533 533 535 535 589 589 590 592 592 593 593
457 457 457 457 457 457 457 457 457 457 457 457 457 457 457 457 457 457 457 457 457 457 457 457 457 457 457 457 457 457 457 457 457 457 457 457 457 458 461 464 467 471 473 476 479 481 483 485 488 489 491 493 495 497 498 499 502 503 504 506 507 509 510 511 512 514 515 517 518 519 521 522 523 524 525 527 527 529 530 530 532 533 533 535 535 537 537 591 591 592 594 595 595 595
457 457 457 457 457 457 457 457 457 457 457 457 457 457 457 457 457 457 457 457 457 457 457 457 457 457 457 457 457 457 457 457 457 457 457 457 457 461 464 467 470 473 475 478 481 483 485 487 489 491 493 494 497 498 500 501 503 505 506 507 508 510 511 513 514 516 517 519 520 521 523 524 526 526 527 529 530 531 532 533 534 535 535 537 537 539 539 593 593 594 596 597 597 597
457 457 457 457 457 457 457 457 457 457 457 457 457 457 457 457 457 457 457 457 457 457 457 457 457 457 457 457 457 457 457 457 457 457 457 457 459 464 467 469 472 475 478 480 482 485 487 488 491 493 494 496 498 500 501 503 504 506 507 508 511 513 514 516 517 519 520 522 522 523 525 526 528 529 529 531 532 533 534 535 536 537 537 539 540 541 542 595 596 596 598 599 599 600
457 457 457 457 457 457 457 457 457 457 457 457 457 457 457 457 457 457 457 457 457 457 457 457 457 457 457 457 457 457 457 457 457 457 457 459 462 466 469 472 474 477 480 482 484 487 488 490 493 494 496 498 500 501 503 504 506 508 510 511 513 515 516 518 519 521 522 524 525 526 527 528 530 531 532 533 534 536 536 537 538 539 540 541 542 543 544 597 598 598 600 601 601 602
457 457 457 457 457 457 457 457 457 457 457 457 457 457 457 457 457 457 457 457 457 457 457 457 457 457 457 457 457 457 457 457 457 457 458 462 465 469 471 474 476 479 482 484 486 488 490 492 493 496 498 499 500 504 505 506 508 511 512 513 515 517 518 519 521 523 524 525 527 528 530 530 532 533 534 535 536 538 538 539 541 541 542 543 544 545 546 599 600 600 602 603 603 604
457 457 457 457 457 457 457 457 457 457 457 457 457 457 457 457 457 457 457 457 457 457 457 457 457 457 457 457 457 457 457 457 457 457 461 464 467 471 474 476 478 481 484 485 487 490 492 494 495 498 500 502 503 506 508 509 510 513 514 516 518 520 521 522 524 526 526 527 529 530 532 533 534 535 536 538 538 540 540 541 543 543 544 545 546 547 548 601 602 602 604 605 605 606
457 457 457 457 457 457 457 457 457 457 457 457 457 457 457 457 457 457 457 457 457 457 457 457 457 457 457 457 457 457 457 457 457 460 464 467 470 473 476 478 480 483 485 487 489 492 494 495 498 500 502 504 505 508 510 511 512 516 517 518 520 522 523 524 526 527 529 530 531 532 534 535 537 537 538 540 540 542 543 543 545 545 546 547 548 549 603 603 604 604 606 607 607 608
457 457 457 457 457 457 457 457 457 457 457 457 457 457 457 457 457 457 457 457 457 457 457 457 457 457 457 457 457 457 457 457 459 463 467 469 472 476 478 480 482 485 487 489 491 494 496 498 500 503 504 507 508 510 512 514 515 518 519 520 522 524 525 526 528 529 531 532 534 534 536 537 539 539 540 542 542 544 545 545 547 547 548 550 550 552 605 605 606 606 608 609 609 530
457 457 457 457 457 457 457 457 457 457 457 457 457 457 457 457 457 457 457 457 457 457 457 457 457 457 457 457 457 457 457 459 462 465 469 472 474 478 480 482 484 487 490 492 493 497 499 500 503 505 507 509 510 513 515 516 517 520 521 522 524 526 527 528 530 531 533 534 536 537 538 539 541 542 542 544 545 546 547 547 549 550 550 552 552 554 607 607 608 608 610 611 612 532
457 457 457 457 457 457 457 457 457 457 457 457 457 457 457 457 457 457 457 457 457 457 457 457 457 457 457 457 457 457 458 461 465 467 471 474 476 480 482 484 487 490 492 494 496 500 501 503 505 508 509 511 513 515 517 518 519 523 524 525 527 529 530 531 533 533 535 536 538 539 540 541 543 544 544 546 547 548 549 549 551 552 552 554 554 555 609 610 610 610 612 613 534 534
457 457 457 457 457 457 457 457 457 457 457 457 457 457 457 457 457 457 457 457 457 457 457 457 457 457 457 457 457 457 460 464 467 470 473 476 478 480 485 487 490 492 494 497 499 502 504 505 508 510 511 514 515 517 519 521 522 525 526 527 528 531 532 533 535 536 537 538 540 541 542 543 545 546 546 548 549 550 551 552 553 554 554 556 556 557 611 612 612 612 614 615 536 536
457 457 457 457 457 457 457 457 457 457 457 457 457 457 457 457 457 457 457 457 457 457 457 457 457 457 457 457 457 459 462 466 469 472 476 478 481 483 487 489 492 495 497 499 501 504 506 508 510 512 514 516 517 520 522 523 524 527 528 529 530 532 534 535 537 538 540 540 542 543 544 545 547 548 548 550 551 552 553 554 555 556 556 558 558 559 613 614 614 614 616 537 537 538
457 457 457 457 457 457 457 457 457 457 457 457 457 457 457 457 457 457 457 457 457 457 457 457 457 457 457 457 458 462 465 469 471 475 479 481 484 486 490 492 494 498 499 502 504 506 509 510 511 515 516 518 520 522 524 525 526 529 530 531 532 534 536 537 539 540 542 542 544 545 546 547 549 550 551 551 553 554 555 556 556 558 558 560 560 561 615 616 616 616 618 539 539 540
457 457 457 457 457 457 457 457 457 457 457 457 457 457 457 457 457 457 457 457 457 457 457 457 457 457 457 457 461 464 467 472 475 477 481 484 487 489 493 495 496 499 502 504 506 509 511 512 514 517 518 521 522 524 526 527 528 530 532 533 534 536 538 539 541 542 544 545 546 547 548 550 551 552 553 553 555 556 557 558 558 560 560 562 562 563 617 617 618 618 540 540 541 542
457 457 457 457 457 457 457 457 457 457 457 457 457 457 457 457 457 457 457 457 457 457 457 457 457 457 457 460 463 468 470 474 478 480 484 486 490 492 494 497 499 502 504 507 508 511 513 515 516 519 521 522 524 526 527 530 531 532 535 536 537 539 540 541 542 544 546 547 548 549 550 552 553 554 555 555 557 558 559 560 560 562 562 564 564 565 619 619 620 542 542 542 543 544
457 457 457 457 457 457 457 457 457 457 457 457 457 457 457 457 457 457 457 457 457 457 457 457 457 457 458 463 467 470 474 477 481 483 487 489 492 494 497 500 502 504 507 508 511 512 516 517 518 522 523 524 526 529 530 532 533 534 537 538 539 541 543 543 544 546 548 549 550 551 552 554 554 556 557 557 559 560 561 562 562 564 564 566 566 567 621 621 622 542 544 544 545 546
457 457 457 457 457 457 457 457 457 457 457 457 457 457 457 457 457 457 457 457 457 457 457 457 457 457 462 465 470 473 477 480 483 486 489 492 494 497 500 502 504 507 509 511 513 515 518 519 521 523 525 526 529 530 532 534 535 536 539 540 541 543 545 545 546 548 549 551 552 553 554 556 556 558 559 559 561 562 563 564 564 566 566 568 568 568 623 623 544 544 546 546 547 548
457 457 457 457 457 457 457 457 457 457 457 457 457 457 457 457 457 457 457 457 457 457 457 457 457 461 465 468 473 476 480 483 486 488 492 495 496 499 502 505 506 509 512 513 516 517 519 522 523 525 527 529 531 532 534 536 537 538 541 542 543 545 547 548 548 550 551 553 554 555 556 558 558 560 561 561 563 564 565 565 566 568 568 570 570 570 624 625 546 547 547 548 549 549
457 457 457 457 457 457 457 457 457 457 457 457 457 457 457 457 457 457 457 457 457 457 457 457 461 464 469 472 476 479 482 486 489 491 493 497 499 502 505 507 509 510 514 515 518 519 522 524 525 527 530 531 533 534 536 538 539 540 543 544 545 547 549 550 550 552 553 555 556 557 558 560 560 562 563 563 565 566 567 567 568 569 570 571 572 572 626 548 548 549 549 550 551 551
457 457 457 457 457 457 457 457 457 457 457 457 457 457 457 457 457 457 457 457 457 457 457 459 463 468 472 475 479 482 485 489 491 494 496 500 502 504 507 510 511 513 516 518 520 522 524 526 527 529 532 533 535 536 538 540 541 542 545 546 547 548 551 552 552 554 555 557 558 559 560 561 562 564 565 565 567 568 569 569 570 570 572 573 574 627 628 549 550 551 551 552 553 553
457 457 457 457 457 457 457 457 457 457 457 457 457 457 457 457 457 457 457 457 457 457 459 463 467 471 475 478 481 485 487 491 493 496 498 502 504 507 508 511 514 515 519 520 521 524 526 528 530 531 534 535 536 538 540 542 543 544 547 548 549 550 552 554 554 556 557 559 560 561 562 563 564 566 566 567 568 570 571 571 572 572 574 575 576 629 551 551 551 553 553 554 554 555
457 457 457 457 457 457 457 457 457 457 457 457 457 457 457 457 457 457 457 457 457 457 461 466 469 474 477 481 484 488 490 493 496 499 501 505 506 508 511 513 516 517 521 522 524 526 528 531 532 533 536 537 538 540 542 543 545 546 548 550 551 552 554 556 556 558 559 561 561 563 564 565 566 568 568 569 570 572 573 573 574 574 576 577 578 631 552 553 553 555 555 555 556 557
457 457 457 457 457 457 457 457 457 457 457 457 457 457 457 457 457 457 457 457 457 460 465 469 472 477 480 484 487 490 492 496 499 501 503 507 509 511 513 516 518 520 522 525 526 528 530 533 534 535 538 539 540 543 545 546 548 548 549 552 553 554 556 558 558 560 561 563 563 565 566 566 568 570 570 571 572 574 575 575 576 576 578 579 580 553 553 555 555 557 557 557 558 559
457 457 457 457 457 457 457 457 457 457 457 457 457 457 457 457 457 457 457 457 459 464 468 473 475 480 483 486 490 493 495 498 501 504 506 509 511 513 516 518 521 522 523 527 528 530 533 534 536 537 540 541 543 545 547 548 550 550 551 554 555 556 558 560 560 562 563 564 565 567 568 568 570 572 572 573 573 575 577 577 578 578 580 581 581 555 555 556 557 558 559 559 559 561
457 457 457 457 457 457 457 457 457 457 457 457 457 457 457 457 457 457 457 458 463 467 472 476 478 483 486 489 491 496 498 500 504 505 508 511 514 515 518 520 523 524 526 529 530 533 534 536 538 539 541 544 545 547 548 550 552 553 553 556 557 558 560 562 562 564 565 566 567 569 570 570 572 574 574 575 575 577 578 579 579 580 581 583 557 557 557 558 559 560 561 561 561 563
