testData/tiles/oneDegreeCosts/grid30.0-46.0-31.0-47.0.asc
ncols   200
nrows   200
xllcorner   30.0
yllcorner   46.0
cellsize   0.005
NODATA_value   -9999.0
[rows 0 to 41 of 200, columns 0 to 93 of 200]
275 275 274 274 274 274 274 274 274 274 274 274 274 274 274 274 274 274 328 328 327 327 326 325 325 325 324 323 323 322 322 322 321 321 321 320 320 319 319 319 318 318 318 317 317 317 316 316 316 315 315 315 314 314 314 313 313 313 312 312 312 311 311 311 310 310 310 309 309 309 308 308 308 307 307 307 306 306 306 305 305 304 304 304 303 303 303 302 302 302 301 301 301 300
275 275 274 274 274 274 274 274 274 274 274 274 274 274 274 274 314 312 328 328 327 326 326 325 325 325 323 323 323 322 322 322 321 321 321 320 320 319 319 319 318 318 318 317 317 317 316 316 316 315 315 315 314 314 314 313 313 313 312 312 312 311 311 311 310 310 310 309 309 309 308 308 308 307 307 307 306 306 306 305 305 304 304 304 303 303 303 302 302 302 301 301 301 300
275 274 274 274 274 274 274 274 274 274 274 274 274 274 314 314 313 312 312 328 327 326 326 325 325 325 323 323 323 322 322 322 321 321 321 320 320 320 319 319 318 318 318 317 317 317 316 316 316 315 315 315 314 314 314 313 313 313 312 312 312 311 311 311 310 310 310 309 309 309 308 308 308 307 307 307 306 306 306 305 305 305 304 304 303 303 303 302 302 302 301 301 301 300
275 274 274 274 274 274 274 274 274 274 274 274 274 315 314 313 313 312 312 328 326 326 326 325 325 324 323 323 323 322 322 322 321 321 321 320 320 320 319 319 319 318 318 317 317 317 316 316 316 315 315 315 314 314 314 313 313 313 312 312 312 311 311 311 310 310 310 309 309 309 308 308 308 307 307 307 306 306 306 305 305 305 304 304 303 303 303 302 302 302 301 301 301 300
274 274 274 274 274 274 274 274 274 274 274 315 315 315 314 313 313 312 312 328 326 326 326 325 325 324 323 323 323 322 322 322 321 321 321 320 320 320 319 319 319 318 318 317 317 317 316 316 316 315 315 315 314 314 314 313 313 313 312 312 312 311 311 311 310 310 310 309 309 309 308 308 308 307 307 307 306 306 306 305 305 305 304 304 304 303 303 302 302 302 301 301 301 300
274 274 274 274 274 274 274 274 274 317 316 315 315 315 313 313 313 312 312 311 326 326 326 325 324 324 323 323 323 322 322 322 321 321 321 320 320 320 319 319 319 318 318 317 317 317 316 316 316 315 315 315 314 314 314 313 313 313 312 312 312 311 311 311 310 310 310 309 309 309 308 308 308 307 307 307 306 306 306 305 305 305 304 304 304 303 303 302 302 302 301 301 301 300
275 275 274 274 274 274 274 274 317 316 316 315 315 315 313 313 313 312 312 311 326 326 326 325 324 324 323 323 323 322 322 322 321 321 321 320 320 320 319 319 319 318 318 318 317 317 316 316 316 315 315 315 314 314 314 313 313 313 312 312 312 311 311 311 310 310 310 309 309 309 308 308 308 307 307 307 306 306 306 305 305 305 304 304 304 303 303 302 302 302 301 301 301 300
275 275 274 274 274 274 318 318 316 316 316 315 315 314 313 313 313 312 311 311 310 326 326 324 324 324 323 323 323 322 322 322 321 321 321 320 320 320 319 319 319 318 318 318 317 317 316 316 316 315 315 315 314 314 314 313 313 313 312 312 312 311 311 311 310 310 310 309 309 309 308 308 308 307 307 307 306 306 306 305 305 305 304 304 304 303 303 302 302 302 301 301 301 300
276 276 274 274 320 318 318 318 316 316 316 315 315 314 313 313 313 312 311 311 310 326 326 324 324 324 323 323 323 322 322 322 321 321 321 320 320 320 319 319 319 318 318 318 317 317 316 316 316 315 315 315 314 314 314 313 313 313 312 312 312 311 311 311 310 310 310 309 309 309 308 308 308 307 307 307 306 306 306 305 305 305 304 304 304 303 303 302 302 302 301 301 301 300
276 276 274 320 320 319 318 317 316 316 316 315 314 314 313 313 313 311 311 311 310 326 325 324 324 324 323 323 323 322 322 322 321 321 321 320 320 320 319 319 319 318 318 317 317 317 316 316 316 315 315 315 314 314 314 313 313 313 312 312 312 311 311 311 310 310 310 309 309 309 308 308 308 307 307 307 306 306 306 305 305 305 304 304 304 303 303 302 302 302 301 301 301 300
277 324 321 321 321 319 319 318 316 316 316 315 314 314 313 313 313 311 311 311 310 310 325 324 324 324 323 323 323 322 322 322 321 321 321 320 320 320 319 319 319 318 318 317 317 317 316 316 316 315 315 315 314 314 314 313 313 313 312 312 312 311 311 311 310 310 310 309 309 309 308 308 308 307 307 307 306 306 306 305 305 305 304 304 304 303 303 302 302 302 301 301 301 300
324 323 322 321 321 320 318 318 317 316 316 314 314 314 313 313 312 311 311 311 310 309 325 324 324 324 323 323 323 322 322 322 321 321 321 320 320 320 319 319 319 318 318 317 317 317 316 316 316 315 315 315 314 314 314 313 313 313 312 312 312 311 311 311 310 310 310 309 309 309 308 308 308 307 307 307 306 306 306 305 305 305 304 304 303 303 303 302 302 302 301 301 301 300
325 324 322 322 322 320 319 319 317 317 316 314 314 314 313 313 312 311 311 311 309 309 309 324 324 324 323 323 323 322 322 322 321 321 321 320 320 320 319 319 318 318 318 317 317 317 316 316 316 315 315 315 314 314 314 313 313 313 312 312 312 311 311 311 310 310 310 309 309 309 308 308 308 307 307 307 306 306 306 305 305 305 304 304 303 303 303 302 302 302 301 301 301 300
324 324 323 322 322 320 319 319 318 317 316 315 314 314 313 312 312 311 311 311 309 309 309 324 324 324 323 323 323 322 322 322 321 321 321 320 320 319 319 319 318 318 318 317 317 317 316 316 316 315 315 315 314 314 314 313 313 313 312 312 312 311 311 311 310 310 310 309 309 309 308 308 308 307 307 307 306 306 306 305 305 304 304 304 303 303 303 302 302 302 301 301 301 300
325 324 323 323 322 320 320 319 318 317 316 315 315 314 312 312 312 311 311 310 309 309 309 308 324 324 323 323 323 322 322 322 321 321 321 320 320 319 319 319 318 318 318 317 317 317 316 316 316 315 315 315 314 314 314 313 313 313 312 312 312 311 311 311 310 310 310 309 309 309 308 308 308 307 307 307 306 306 306 305 305 304 304 304 303 303 303 302 302 302 301 301 301 300
325 325 324 323 322 321 320 320 319 317 317 316 315 315 313 312 312 311 311 310 309 309 309 308 324 324 323 323 323 322 322 322 321 321 320 320 320 319 319 319 318 318 318 317 317 317 316 316 316 315 315 315 314 314 314 313 313 313 312 312 312 311 311 311 310 310 310 309 309 309 308 308 308 307 307 307 306 306 305 305 305 304 304 304 303 303 303 302 302 302 301 301 301 300
326 325 324 323 322 321 321 320 318 318 317 316 316 314 313 313 312 311 310 310 309 309 309 308 324 324 323 323 322 322 322 321 321 321 320 320 320 319 319 319 318 318 318 317 317 317 316 316 316 315 315 315 314 314 314 313 313 313 312 312 312 311 311 311 310 310 310 309 309 309 308 308 308 307 307 306 306 306 305 305 305 304 304 304 303 303 303 302 302 302 301 301 301 300
326 326 325 323 323 322 321 321 319 318 318 317 316 315 313 313 313 311 310 310 309 309 309 308 308 323 323 323 322 322 322 321 321 321 320 320 320 319 319 319 318 318 318 317 317 317 316 316 316 315 315 315 314 314 314 313 313 313 312 312 312 311 311 311 310 310 310 309 309 309 308 308 307 307 307 306 306 306 305 305 305 304 304 304 303 303 303 302 302 302 301 301 301 300
327 326 324 324 323 322 322 320 319 319 318 317 316 315 314 314 313 311 310 309 309 309 308 308 308 323 323 323 322 322 322 321 321 321 320 320 320 319 319 319 318 318 318 317 317 317 316 316 316 315 315 315 314 314 314 313 313 313 312 312 312 311 311 311 310 310 310 309 309 308 308 308 307 307 307 306 306 306 305 305 305 304 304 304 303 303 303 302 302 302 301 301 301 300
327 326 324 324 324 323 321 321 320 319 319 316 316 315 314 314 312 311 311 310 309 309 308 308 308 308 323 323 322 322 322 321 321 321 320 320 320 319 319 319 318 318 318 317 317 317 316 316 316 315 315 315 314 314 314 313 313 313 312 312 312 311 311 311 310 310 309 309 309 308 308 308 307 307 307 306 306 306 305 305 305 304 304 304 303 303 303 302 302 302 301 301 301 300
328 325 325 325 323 323 322 320 320 320 318 317 317 315 315 315 312 312 311 310 310 309 308 308 308 308 323 323 322 322 322 321 321 321 320 320 320 319 319 319 318 318 318 317 317 317 316 316 316 315 315 315 314 314 314 313 313 313 312 312 311 311 311 310 310 310 309 309 309 308 308 308 307 307 307 306 306 306 305 305 305 304 304 304 303 303 303 302 302 302 301 301 301 300
327 326 325 325 324 322 322 321 320 320 318 317 317 316 315 314 313 312 312 311 310 310 308 308 308 308 308 323 322 322 322 321 321 321 320 320 320 319 319 319 318 318 318 317 317 317 316 316 316 315 315 315 314 314 314 313 313 312 312 312 311 311 311 310 310 310 309 309 309 308 308 308 307 307 307 306 306 306 305 305 305 304 304 304 303 303 303 302 302 302 301 301 301 300
327 326 326 326 323 323 323 321 321 321 318 318 318 316 316 314 313 313 312 311 311 310 309 309 308 308 308 323 322 322 322 321 321 321 320 320 320 319 319 319 318 318 318 317 317 317 316 316 316 315 315 314 314 314 313 313 313 312 312 312 311 311 311 310 310 310 309 309 309 308 308 308 307 307 307 306 306 306 305 305 305 304 304 304 303 303 303 302 302 302 301 301 301 300
328 327 326 326 324 323 323 322 321 320 319 318 318 317 315 315 314 313 313 312 311 311 309 309 309 308 308 308 322 322 322 321 321 321 320 320 320 319 319 319 318 318 317 317 317 316 316 316 315 315 315 314 314 314 313 313 313 312 312 312 311 311 311 310 310 310 309 309 309 308 308 308 307 307 307 306 306 306 305 305 305 304 304 304 303 303 303 302 302 302 301 301 301 300
328 327 327 325 324 324 323 322 321 320 319 319 318 316 316 315 314 314 313 312 312 311 310 309 309 308 308 308 322 322 322 321 321 320 320 320 319 319 319 318 318 318 317 317 317 316 316 316 315 315 315 314 314 314 313 313 313 312 312 312 311 311 311 310 310 310 309 309 309 308 308 308 307 307 307 306 306 306 305 305 305 304 304 304 303 303 303 302 302 302 301 301 300 300
329 327 327 326 325 324 324 323 321 321 320 319 319 317 316 315 315 314 313 312 312 311 310 310 309 308 308 308 308 322 321 321 321 320 320 320 319 319 319 318 318 318 317 317 317 316 316 316 315 315 315 314 314 314 313 313 313 312 312 312 311 311 311 310 310 310 309 309 309 308 308 308 307 307 307 306 306 306 305 305 305 304 304 304 303 303 303 302 302 301 301 301 300 300
328 328 327 325 325 325 323 322 322 320 320 320 317 317 317 315 315 315 313 313 313 311 311 310 309 309 308 308 308 322 321 321 321 320 320 320 319 319 319 318 318 318 317 317 317 316 316 316 315 315 315 314 314 314 313 313 313 312 312 312 311 311 311 310 310 310 309 309 309 308 308 308 307 307 307 306 306 306 305 305 304 304 304 303 303 303 302 302 302 301 301 301 300 300
329 327 327 326 325 325 323 322 322 321 320 320 318 317 317 316 315 315 314 313 313 312 311 311 310 309 309 308 308 323 321 321 321 320 320 320 319 319 319 318 318 318 317 317 317 316 316 316 315 315 315 314 314 314 313 313 313 312 312 312 311 311 311 310 310 310 309 309 309 308 308 308 307 307 306 306 306 305 305 305 304 304 304 303 303 303 302 302 302 301 301 301 300 300
329 328 327 326 326 326 323 323 323 321 321 320 318 318 318 316 316 316 314 314 313 312 312 311 310 310 309 308 308 308 322 321 321 320 320 320 319 319 319 318 318 318 317 317 317 316 316 316 315 315 315 314 314 314 313 313 313 312 312 312 311 311 311 310 310 309 309 309 308 308 308 307 307 307 306 306 306 305 305 305 304 304 304 303 303 303 302 302 302 301 301 301 300 300
328 328 328 327 326 325 324 323 323 322 320 320 319 318 318 317 316 316 315 314 314 313 312 312 310 310 310 308 308 308 322 322 321 320 320 320 319 319 319 318 318 318 317 317 317 316 316 316 315 315 314 314 314 313 313 313 312 312 312 311 311 311 310 310 310 309 309 309 308 308 308 307 307 307 306 306 306 305 305 305 304 304 304 303 303 303 302 302 302 301 301 301 300 300
329 329 327 327 326 324 324 324 322 322 321 319 319 319 317 317 317 315 315 315 313 313 313 311 311 310 309 309 308 308 308 322 321 320 320 319 319 319 318 318 318 317 317 317 316 316 316 315 315 315 314 314 314 313 313 313 312 312 312 311 311 311 310 310 310 309 309 309 308 308 308 307 307 307 306 306 306 305 305 305 304 304 304 303 303 303 302 302 302 301 301 301 300 300
329 329 328 327 326 325 324 324 323 322 321 320 320 319 318 318 317 316 315 315 314 313 313 312 311 311 310 309 309 308 308 323 321 321 320 319 319 319 318 318 318 317 317 317 316 316 316 315 315 315 314 314 314 313 313 313 312 312 312 311 311 311 310 310 310 309 309 309 308 308 308 307 307 307 306 306 306 305 305 305 304 304 304 303 303 303 302 302 302 301 301 301 300 300
330 329 328 327 327 325 325 325 322 322 322 320 320 320 318 318 318 316 316 316 314 314 314 312 312 311 310 310 309 308 308 308 322 321 321 319 319 319 318 318 318 317 317 317 316 316 316 315 315 315 314 314 314 313 313 313 312 312 312 311 311 311 310 310 310 309 309 309 308 308 308 307 307 307 306 306 306 305 305 305 304 304 304 303 303 303 302 302 302 301 301 301 300 300
330 329 328 327 327 326 325 325 323 322 322 321 320 320 319 318 318 317 316 316 315 314 314 313 312 312 310 310 310 308 308 308 322 322 321 320 320 319 318 318 318 317 317 317 316 316 316 315 315 315 314 314 314 313 313 313 312 312 312 311 311 311 310 310 310 309 309 309 308 308 308 307 307 307 306 306 306 305 305 305 304 304 303 303 303 302 302 302 301 301 301 300 300 300
331 329 328 328 326 326 326 323 323 323 321 321 321 320 319 319 317 317 317 315 315 315 314 313 313 312 311 311 310 309 308 308 308 322 322 320 320 320 318 318 318 317 317 317 316 316 316 315 315 315 314 314 314 313 313 313 312 312 312 311 311 311 310 310 309 309 309 308 308 308 307 307 307 306 306 306 305 305 305 304 304 304 303 303 303 302 302 302 301 301 301 300 300 300
331 329 328 328 327 326 325 324 324 323 322 322 321 320 320 319 318 318 317 316 316 315 314 313 313 312 311 311 310 309 309 308 308 323 321 321 320 319 319 318 317 317 317 316 316 316 315 315 315 314 314 314 313 313 313 312 312 312 311 311 311 310 310 310 309 309 309 308 308 308 307 307 307 306 306 306 305 305 305 304 304 304 303 303 303 302 302 302 301 301 301 300 300 300
329 329 329 328 327 327 326 324 324 324 322 322 322 320 320 320 318 318 318 316 316 316 314 314 314 312 312 311 310 310 309 308 308 308 322 321 321 319 319 319 317 317 317 316 316 316 315 315 315 314 314 314 313 313 313 312 312 312 311 311 311 310 310 310 309 309 309 308 308 308 307 307 307 306 306 306 305 305 305 304 304 304 303 303 303 302 302 302 301 301 301 300 300 300
330 329 329 328 328 326 325 325 324 323 323 322 322 321 320 320 319 318 318 317 316 316 315 314 314 313 312 312 310 310 310 308 308 308 322 322 321 320 320 319 318 317 317 316 316 316 315 315 315 314 314 314 313 313 313 312 312 312 311 311 311 310 310 310 309 309 309 308 308 308 307 307 307 306 306 306 305 305 305 304 304 304 303 303 303 302 302 302 301 301 301 300 300 300
330 330 330 328 327 327 325 325 325 323 323 323 322 321 321 320 319 319 318 317 317 315 315 315 313 313 313 312 311 311 310 309 308 308 308 322 322 320 320 320 318 318 317 316 316 316 315 315 315 314 314 314 313 313 313 312 312 312 311 311 311 310 310 310 309 309 309 308 308 308 307 307 307 306 306 306 305 305 305 304 304 304 303 303 303 302 302 302 301 301 301 300 300 300
331 330 330 328 327 327 326 325 325 324 324 323 322 322 321 320 320 319 318 318 317 316 316 315 314 313 313 312 311 311 310 309 309 308 308 323 321 321 320 319 319 318 317 316 316 315 315 315 314 314 314 313 313 313 312 312 312 311 311 311 310 310 310 309 309 309 308 308 308 307 307 307 306 306 306 305 305 305 304 304 304 303 303 303 302 302 302 301 301 301 300 300 300 299
331 331 329 328 328 326 326 326 325 324 324 324 322 322 322 320 320 320 318 318 318 316 316 316 314 314 314 312 312 311 310 310 309 308 308 308 322 321 321 319 319 319 317 317 316 315 315 315 314 314 314 313 313 313 312 312 312 311 311 311 310 310 310 309 309 309 308 308 308 307 307 307 306 306 306 305 305 305 304 304 304 303 303 303 302 302 302 301 301 301 300 300 300 299
331 331 329 328 328 327 327 326 325 325 324 323 323 322 321 321 320 319 319 318 317 317 316 316 315 314 314 313 312 312 310 310 310 308 308 308 322 322 321 320 320 319 318 317 317 315 315 315 314 314 314 313 313 313 312 312 312 311 311 311 310 310 310 309 309 309 308 308 308 307 307 307 306 306 306 305 305 305 304 304 304 303 303 303 302 302 302 301 301 301 300 300 300 299
