testData/tiles/oneDegreeCosts/grid42.0-19.0-43.0-20.0.asc
ncols   200
nrows   200
xllcorner   42.0
yllcorner   19.0
cellsize   0.005
NODATA_value   -9999.0
[rows 42 to 83 of 200, columns 94 to 187 of 200]
341 341 341 341 341 341 341 341 341 340 340 340 340 340 340 340 340 340 340 340 339 339 339 339 339 339 339 339 339 339 338 338 371 371 371 371 371 371 370 370 370 370 370 370 370 370 369 369 369 369 369 369 369 369 370 371 371 372 373 372 373 373 374 374 375 375 375 376 376 376 377 376 377 377 378 378 377 378 378 379 379 378 379 379 379 380 379 379 380 380 380 379 380 380
340 340 340 340 340 340 340 340 339 339 339 339 339 339 339 339 339 339 339 339 338 338 338 338 338 338 338 338 338 338 337 337 370 370 370 370 370 370 369 369 369 369 369 369 369 368 368 368 368 368 368 368 367 368 369 370 370 371 372 371 372 372 373 373 374 373 374 374 375 375 375 375 376 376 377 377 376 377 377 378 378 377 378 378 378 379 378 378 379 379 378 378 379 379
276 339 339 339 339 339 339 339 338 338 338 338 338 338 338 338 338 338 338 337 337 337 337 337 337 337 337 337 337 336 336 336 369 369 369 369 369 368 368 368 368 368 368 368 368 367 367 367 367 367 367 367 366 367 368 369 369 370 370 370 371 371 372 372 372 372 373 373 374 374 374 374 375 375 376 375 375 376 376 377 376 376 377 377 377 377 377 377 378 378 377 377 378 378
276 276 338 338 338 338 337 337 337 337 337 337 337 337 337 337 337 337 336 336 336 336 336 336 336 336 336 336 335 335 335 335 368 368 368 368 367 367 367 367 367 367 367 367 366 366 366 366 366 366 366 365 365 366 367 368 368 368 368 369 370 370 371 370 371 371 372 372 373 372 373 373 374 374 374 374 374 375 375 375 375 375 376 376 375 376 376 376 377 376 376 376 377 376
276 276 276 337 336 336 336 336 336 336 336 336 336 336 336 336 336 335 335 335 335 335 335 335 335 335 334 334 334 334 334 334 367 367 367 366 366 366 366 366 366 366 366 365 365 365 365 365 365 365 364 364 364 365 366 367 366 367 367 368 369 369 369 369 370 370 371 371 371 371 372 372 373 372 373 373 373 374 373 374 374 374 375 374 374 375 375 375 375 375 375 375 375 375
276 276 276 276 335 335 335 335 335 335 335 335 335 335 335 334 334 334 334 334 334 334 334 334 334 333 333 333 333 333 333 333 366 366 365 365 365 365 365 365 365 364 364 364 364 364 364 364 363 363 363 363 363 364 365 364 365 366 366 367 368 367 368 368 369 369 370 369 370 370 371 371 371 371 372 372 372 372 372 373 373 373 373 373 373 374 374 373 374 374 374 373 374 374
276 276 276 276 276 334 334 334 334 334 334 334 334 333 333 333 333 333 333 333 333 333 333 332 332 332 332 332 332 332 332 332 364 364 364 364 364 364 364 364 363 363 363 363 363 363 363 362 362 362 362 362 362 362 363 363 364 365 365 366 366 366 367 367 368 367 368 368 369 369 370 369 370 370 371 371 370 371 371 372 372 371 372 372 372 372 372 372 373 373 372 372 373 373
276 276 276 276 276 276 333 333 333 333 332 332 332 332 332 332 332 332 332 332 332 331 331 331 331 331 331 331 331 331 330 330 363 363 363 363 363 363 362 362 362 362 362 362 362 361 361 361 361 361 361 361 360 361 362 362 363 364 363 364 365 365 366 366 366 366 367 367 368 367 368 368 369 369 369 369 369 370 370 369 370 370 371 371 370 371 371 371 370 371 371 371 372 371
276 276 276 276 276 276 276 331 331 331 331 331 331 331 331 331 331 331 330 330 330 330 330 330 330 330 330 330 329 329 329 329 362 362 362 362 361 361 361 361 361 361 361 360 360 360 360 360 360 360 359 359 359 360 361 361 361 362 362 363 364 364 364 364 365 365 366 366 366 366 367 367 368 367 368 368 368 369 368 368 369 369 369 369 369 370 370 369 369 370 370 369 370 370
276 276 276 276 276 276 276 276 330 330 330 330 330 330 330 329 329 329 329 329 329 329 329 329 329 328 328 328 328 328 328 328 361 360 360 360 360 360 360 360 360 359 359 359 359 359 359 359 358 358 358 358 358 359 359 359 360 361 361 362 362 362 363 363 364 364 364 364 365 365 366 365 366 366 366 367 366 367 367 367 368 367 368 368 368 368 368 368 368 369 368 368 369 369
276 276 276 276 276 276 276 276 276 329 329 329 328 328 328 328 328 328 328 328 328 328 327 327 327 327 327 327 327 327 327 326 359 359 359 359 359 359 358 358 358 358 358 358 358 358 357 357 357 357 357 357 356 357 358 358 359 360 359 360 361 361 362 362 362 362 363 363 364 363 364 364 365 365 364 365 365 366 366 365 366 366 367 366 366 367 367 367 366 367 367 367 367 367
276 276 276 276 276 276 276 276 276 276 327 327 327 327 327 327 327 327 326 326 326 326 326 326 326 326 326 326 325 325 325 325 358 358 358 358 357 357 357 357 357 357 357 356 356 356 356 356 356 356 355 355 355 356 357 357 357 358 358 359 359 359 360 360 361 361 362 361 362 362 363 363 363 363 363 364 364 364 364 364 365 364 364 365 365 365 365 365 365 366 365 365 366 366
276 276 276 276 276 276 276 276 276 276 276 326 326 326 325 325 325 325 325 325 325 325 325 325 324 324 324 324 324 324 324 324 356 356 356 356 356 356 356 356 355 355 355 355 355 355 355 354 354 354 354 354 354 354 355 355 356 357 357 357 357 358 359 359 359 359 360 360 361 361 361 361 362 362 362 362 362 363 363 362 363 363 363 364 363 363 364 364 363 364 364 364 365 365
276 276 276 276 276 276 276 276 276 276 276 276 324 324 324 324 324 324 324 324 323 323 323 323 323 323 323 323 323 322 322 322 355 355 355 355 355 354 354 354 354 354 354 354 353 353 353 353 353 353 352 352 352 353 354 354 354 355 355 356 356 357 357 357 358 358 359 358 359 359 360 360 360 360 360 361 361 361 361 361 362 361 361 362 362 362 363 363 363 364 364 364 365 365
276 276 276 276 276 276 276 276 276 276 276 276 276 323 323 323 322 322 322 322 322 322 322 322 322 321 321 321 321 321 321 321 354 353 353 353 353 353 353 353 352 352 352 352 352 352 352 351 351 351 351 351 351 351 352 352 353 354 354 354 354 355 356 356 356 356 357 357 358 357 358 358 359 359 358 359 359 360 360 360 361 361 361 362 362 362 363 363 363 364 364 364 364 365
276 276 276 276 276 276 276 276 276 276 276 276 276 276 321 321 321 321 321 321 320 320 320 320 320 320 320 320 320 319 319 319 352 352 352 352 352 351 351 351 351 351 351 351 350 350 350 350 350 350 349 349 349 350 350 351 351 352 352 353 353 353 354 354 355 355 355 355 356 356 357 357 357 358 358 359 359 360 360 360 361 361 361 362 362 362 363 363 363 364 364 364 364 365
276 276 276 276 276 276 276 276 276 276 276 276 276 276 276 319 319 319 319 319 319 319 319 319 318 318 318 318 318 318 318 318 350 350 350 350 350 350 350 350 349 349 349 349 349 349 348 348 348 348 348 348 347 348 348 349 350 350 350 351 351 352 352 353 354 354 355 355 356 356 357 357 357 358 358 359 359 360 360 360 361 361 361 362 362 362 363 363 363 364 364 364 364 365
276 276 276 276 276 276 276 276 276 276 276 276 276 276 276 276 318 318 318 317 317 317 317 317 317 317 317 317 316 316 316 316 316 349 349 348 348 348 348 348 348 348 347 347 347 347 347 347 347 346 346 346 346 347 347 348 349 349 350 351 351 352 352 353 354 354 355 355 356 356 357 357 357 358 358 359 359 360 360 360 361 361 361 362 362 362 363 363 363 364 364 364 364 365
276 276 276 276 276 276 276 276 276 276 276 276 276 276 276 276 276 316 316 316 316 316 316 315 315 315 315 315 315 315 315 314 314 347 347 347 347 347 346 346 346 346 346 346 346 346 346 346 346 346 346 346 346 347 347 348 349 349 350 351 351 352 352 353 354 354 355 355 356 356 357 357 357 358 358 359 359 359 360 360 361 361 361 362 362 362 363 363 363 364 364 364 364 365
276 276 276 276 276 276 276 276 276 276 276 276 276 276 276 276 276 276 314 314 314 314 314 314 314 313 313 313 313 313 313 313 313 346 346 346 346 346 346 346 346 346 346 346 346 346 346 346 346 346 346 346 346 347 347 348 349 349 350 351 351 352 352 353 354 354 355 355 356 356 356 357 357 358 358 359 359 359 360 360 361 361 361 362 362 362 363 363 363 364 364 364 364 365
276 276 276 276 276 276 276 276 276 276 276 276 276 276 276 276 276 276 276 313 313 313 313 313 313 313 313 313 313 313 313 313 313 346 346 346 346 346 346 346 346 346 346 346 346 346 346 346 346 346 346 346 346 347 347 348 349 349 350 351 351 352 352 353 353 354 355 355 356 356 356 357 357 358 358 359 359 359 360 360 361 361 361 362 362 362 363 363 363 364 364 364 364 365
276 276 276 276 276 276 276 276 276 276 276 276 276 276 276 276 276 276 276 276 276 313 313 313 313 313 313 313 313 313 313 313 313 346 346 346 346 346 346 346 346 346 346 346 346 346 346 346 346 346 346 346 346 347 347 348 349 349 350 351 351 352 352 353 353 354 354 355 355 356 356 357 357 358 358 359 359 359 360 360 361 361 361 362 362 362 363 363 363 363 364 364 364 365
276 276 276 276 276 276 276 276 276 276 276 276 276 276 276 276 276 276 276 276 276 276 313 313 313 313 313 313 313 313 313 313 313 346 346 346 346 346 346 346 346 346 346 346 346 346 346 346 346 346 346 346 346 347 347 348 349 349 350 351 351 352 352 353 353 354 354 355 355 356 356 357 357 358 358 359 359 359 360 360 360 361 361 362 362 362 363 363 363 363 364 364 364 365
276 276 276 276 276 276 276 276 276 276 276 276 276 276 276 276 276 276 276 276 276 276 276 313 313 313 313 313 313 313 313 313 313 346 346 346 346 346 346 346 346 346 346 346 346 346 346 346 346 346 346 346 346 346 347 348 349 349 350 351 351 352 352 353 353 354 354 355 355 356 356 357 357 358 358 359 359 359 360 360 360 361 361 362 362 362 363 363 363 363 364 364 364 365
276 276 276 276 276 276 276 276 276 276 276 276 276 276 276 276 276 276 276 276 276 276 276 276 313 313 313 313 313 313 313 313 313 346 346 346 346 346 346 346 346 346 346 346 346 346 346 346 346 346 346 346 346 346 347 348 349 349 350 350 351 352 352 353 353 354 354 355 355 356 356 357 357 358 358 359 359 359 360 360 360 361 361 361 362 362 362 363 363 363 364 364 364 365
276 276 276 276 276 276 276 276 276 276 276 276 276 276 276 276 276 276 276 276 276 276 276 276 276 313 313 313 313 313 313 313 313 346 346 346 346 346 346 346 346 346 346 346 346 346 346 346 346 346 346 346 346 346 347 348 349 349 350 350 351 352 352 353 353 354 354 355 355 356 356 357 357 358 358 358 359 359 360 360 360 361 361 361 362 362 362 363 363 363 364 364 364 364
276 276 276 276 276 276 276 276 276 276 276 276 276 276 276 276 276 276 276 276 276 276 276 276 276 276 313 313 313 313 313 313 313 346 346 346 346 346 346 346 346 346 346 346 346 346 346 346 346 346 346 346 346 346 347 348 348 349 350 350 351 352 352 353 353 354 354 355 355 356 356 357 357 358 358 358 359 359 360 360 360 361 361 361 362 362 362 363 363 363 364 364 364 364
276 276 276 276 276 276 276 276 276 276 276 276 276 276 276 276 276 276 276 276 276 276 276 276 276 276 276 313 313 313 313 313 313 346 346 346 346 346 346 346 346 346 346 346 346 346 346 346 346 346 346 346 346 346 347 348 348 349 350 350 351 352 352 353 353 354 354 355 355 356 356 357 357 358 358 358 359 359 360 360 360 361 361 361 362 362 362 363 363 363 364 364 364 364
276 276 276 276 276 276 276 276 276 276 276 276 276 276 276 276 276 276 276 276 276 276 276 276 276 276 276 276 276 313 313 313 313 346 346 346 346 346 346 346 346 346 346 346 346 346 346 346 346 346 346 346 346 346 347 348 348 349 350 350 351 352 352 353 353 354 354 355 355 356 356 357 357 358 358 358 359 359 360 360 360 361 361 361 362 362 362 363 363 363 364 364 364 364
276 276 276 276 276 276 276 276 276 276 276 276 276 276 276 276 276 276 276 276 276 276 276 276 276 276 276 276 276 276 313 313 313 346 346 346 346 346 346 346 346 346 346 346 346 346 346 346 346 346 346 346 346 346 347 348 348 349 350 350 351 351 352 353 353 354 354 355 355 356 356 357 357 358 358 358 359 359 360 360 360 361 361 361 362 362 362 363 363 363 364 364 364 364
276 276 276 276 276 276 276 276 276 276 276 276 276 276 276 276 276 276 276 276 276 276 276 276 276 276 276 276 276 276 276 313 313 346 346 346 346 346 346 346 346 346 346 346 346 346 346 346 346 346 346 346 346 346 347 348 348 349 350 350 351 351 352 353 353 354 354 355 355 356 356 357 357 357 358 358 359 359 360 360 360 361 361 361 362 362 362 363 363 363 364 364 364 364
276 276 276 276 276 276 276 276 276 276 276 276 276 276 276 276 276 276 276 276 276 276 276 276 276 276 276 276 276 276 276 276 313 346 346 346 346 346 346 346 346 346 346 346 346 346 346 346 346 346 346 346 346 346 347 348 348 349 350 350 351 351 352 353 353 354 354 355 355 356 356 357 357 357 358 358 359 359 359 360 360 361 361 361 362 362 362 363 363 363 363 364 364 364
276 276 276 276 276 276 276 276 276 276 276 276 276 276 276 276 276 276 276 276 276 276 276 276 276 276 276 276 276 276 276 276 276 346 346 346 346 346 346 346 346 346 346 346 346 346 346 346 346 346 346 346 346 346 347 348 348 349 350 350 351 351 352 352 353 354 354 355 355 356 356 357 357 357 358 358 359 359 359 360 360 361 361 361 362 362 362 363 363 363 363 364 364 364
276 276 276 276 276 276 276 276 276 276 276 276 276 276 276 276 276 276 276 276 276 276 276 276 276 276 276 276 276 276 276 276 276 276 276 346 346 346 346 346 346 346 346 346 346 346 346 346 346 346 346 346 346 346 347 347 348 349 349 350 351 351 352 352 353 354 354 355 355 356 356 356 357 357 358 358 359 359 359 360 360 361 361 361 362 362 362 363 363 363 363 364 364 364
276 276 276 276 276 276 276 276 276 276 276 276 276 276 276 276 276 276 276 276 276 276 276 276 276 276 276 276 276 276 276 276 276 276 276 276 346 346 346 346 346 346 346 346 346 346 346 346 346 346 346 346 346 346 347 347 348 349 349 350 351 351 352 352 353 353 354 355 355 356 356 356 357 357 358 358 359 359 359 360 360 360 361 361 362 362 362 362 363 363 363 364 364 364
276 276 276 276 276 276 276 276 276 276 276 276 276 276 276 276 276 276 276 276 276 276 276 276 276 276 276 276 276 276 276 276 276 276 276 276 276 346 346 346 346 346 346 346 346 346 346 346 346 346 346 346 346 346 347 347 348 349 349 350 351 351 352 352 353 353 354 354 355 355 356 356 357 357 358 358 359 359 359 360 360 360 361 361 361 362 362 362 363 363 363 364 364 364
276 276 276 276 276 276 276 276 276 276 276 276 276 276 276 276 276 276 276 276 276 276 276 276 276 276 276 276 276 276 276 276 276 276 276 276 276 276 346 346 346 346 346 346 346 346 346 346 346 346 346 346 346 346 347 347 348 349 349 350 351 351 352 352 353 353 354 354 355 355 356 356 357 357 358 358 359 359 359 360 360 360 361 361 361 362 362 362 363 363 363 364 364 364
276 276 276 276 276 276 276 276 276 276 276 276 276 276 276 276 276 276 276 276 276 276 276 276 276 276 276 276 276 276 276 276 276 276 276 276 276 276 276 276 346 346 346 346 346 346 346 346 346 346 346 346 346 346 347 347 348 349 349 350 351 351 352 352 353 353 354 354 355 355 356 356 357 357 358 358 358 359 359 360 360 360 361 361 361 362 362 362 363 363 363 364 364 364
276 276 276 276 276 276 276 276 276 276 276 276 276 276 276 276 276 276 276 276 276 276 276 276 276 276 276 276 276 276 276 276 276 276 276 276 276 276 276 276 276 346 346 346 346 346 346 346 346 346 346 346 346 346 347 347 348 349 349 350 350 351 352 352 353 353 354 354 355 355 356 356 357 357 358 358 358 359 359 360 360 360 361 361 361 362 362 362 363 363 363 364 364 364
276 276 276 276 276 276 276 276 276 276 276 276 276 276 276 276 276 276 276 276 276 276 276 276 276 276 276 276 276 276 276 276 276 276 276 276 276 276 276 276 276 276 346 346 346 346 346 346 346 346 346 346 346 346 346 347 348 349 349 350 350 351 352 352 353 353 354 354 355 355 356 356 357 357 358 358 358 359 359 360 360 360 361 361 361 362 362 362 363 363 363 364 364 364
276 276 276 276 276 276 276 276 276 276 276 276 276 276 276 276 276 276 276 276 276 276 276 276 276 276 276 276 276 276 276 276 276 276 276 276 276 276 276 276 276 276 276 276 346 346 346 346 346 346 346 346 346 346 346 347 348 348 349 350 350 351 352 352 353 353 354 354 355 355 356 356 357 357 358 358 358 359 359 360 360 360 361 361 361 362 362 362 363 363 363 363 364 364
276 276 276 276 276 276 276 276 276 276 276 276 276 276 276 276 276 276 276 276 276 276 276 276 276 276 276 276 276 276 276 276 276 276 276 276 276 276 276 276 276 276 276 276 276 346 346 346 346 346 346 346 346 346 346 347 348 348 349 350 350 351 352 352 353 353 354 354 355 355 356 356 357 357 357 358 358 359 359 359 360 360 361 361 361 362 362 362 363 363 363 363 364 364
