testData/tiles/oneDegreeCosts/grid36.0-7.0-37.0-8.0.asc
ncols   200
nrows   200
xllcorner   36.0
yllcorner   7.0
cellsize   0.005
NODATA_value   -9999.0
[rows 42 to 83 of 200, columns 0 to 94 of 200]
92 92 93 93 94 95 95 96 96 97 97 98 99 99 100 100 101 101 102 102 104 105 105 106 106 107 107 108 108 109 110 110 111 111 112 112 113 113 114 138 138 139 139 140 140 141 141 142 143 143 144 144 145 145 146 146 148 150 150 152 153 154 155 156 157 158 159 160 162 163 165 165 167 167 169 169 170 172 172 174 377 378 379 380 380 382 383 384 385 385 387 387 388 389 390
92 92 93 94 94 95 95 96 96 97 97 98 99 99 100 100 101 102 103 103 104 105 105 106 106 107 107 108 108 109 110 110 111 111 112 112 113 113 114 138 138 139 139 140 140 141 141 142 143 143 144 144 145 145 146 146 148 149 150 152 152 154 154 156 156 158 160 161 162 163 164 165 166 167 168 170 170 171 172 173 377 378 378 380 381 382 383 383 385 385 386 387 388 389 390
92 92 93 94 94 95 95 96 96 97 97 98 99 99 100 101 102 102 103 103 104 105 105 106 106 107 107 108 108 109 110 110 111 111 112 112 113 113 114 115 138 139 139 140 140 141 141 142 143 143 144 144 145 145 146 146 147 149 149 151 152 153 154 156 157 159 160 161 162 163 164 165 166 166 168 169 170 171 172 173 173 378 378 380 381 381 383 383 384 385 386 386 388 389 389
92 92 93 94 94 95 95 96 96 97 98 98 99 100 101 101 102 102 103 104 104 105 105 106 106 107 107 108 109 109 110 110 111 111 112 112 113 114 114 115 138 139 139 140 140 141 142 142 143 143 144 144 145 145 146 147 147 148 149 151 152 154 155 156 158 158 160 160 162 162 164 164 166 167 168 169 169 171 171 173 173 378 379 379 381 381 382 383 384 384 386 387 388 389 389
92 93 93 94 94 95 95 96 96 97 98 99 100 100 101 101 102 102 103 104 104 105 105 106 106 107 107 108 109 109 110 110 111 111 112 112 113 114 114 115 115 139 139 140 140 141 142 142 143 143 144 144 145 145 146 147 147 148 150 151 152 154 154 156 157 158 159 160 161 162 163 164 165 167 167 169 169 171 171 172 173 174 379 379 380 381 382 382 384 384 386 387 387 389 389
92 93 93 94 94 95 95 96 96 98 99 99 100 100 101 101 102 102 103 104 104 105 105 106 106 107 107 108 109 109 110 110 111 111 112 112 113 114 114 115 115 116 139 140 140 141 142 142 143 143 144 144 145 146 146 148 148 149 149 151 152 153 155 155 157 157 159 160 161 162 163 165 165 166 167 168 169 170 171 172 174 174 378 379 380 380 382 382 384 385 385 387 387 388 389
92 93 93 94 94 95 95 97 97 98 99 99 100 100 101 101 102 102 103 104 104 105 105 106 106 107 108 108 109 109 110 110 111 111 112 113 113 114 114 115 115 116 139 140 141 141 142 142 143 143 144 144 146 147 147 148 148 149 149 150 151 153 154 155 157 157 159 159 161 161 163 164 165 166 167 168 169 170 170 172 173 174 378 378 380 380 382 382 383 385 385 386 387 388 388
92 93 93 94 94 96 96 97 98 98 99 99 100 100 101 101 102 103 103 104 104 105 105 106 106 107 108 108 109 109 110 110 111 111 112 113 113 114 114 115 115 116 116 140 141 141 142 142 143 143 145 145 146 147 147 148 148 149 149 150 151 152 154 155 156 157 158 159 160 161 162 164 164 166 166 168 168 170 170 172 173 173 175 378 380 380 381 382 383 384 385 386 386 388 388
92 93 93 95 95 96 96 97 98 98 99 99 100 100 101 101 102 103 103 104 104 105 105 106 106 107 108 108 109 109 110 110 111 111 112 113 113 114 114 115 115 116 116 140 141 141 142 143 144 144 145 145 146 147 147 148 148 149 149 150 150 152 154 154 156 156 158 158 160 161 162 164 164 165 166 167 168 169 171 171 173 173 174 378 379 380 381 382 383 384 384 386 386 388 388
92 94 94 95 95 96 96 97 98 98 99 99 100 100 101 101 102 103 103 104 104 105 105 106 106 107 108 108 109 109 110 110 111 111 112 113 113 114 114 115 115 116 116 117 141 142 143 143 144 144 145 146 146 147 147 148 148 149 149 150 151 151 153 154 155 156 157 158 160 161 162 163 164 165 166 167 168 169 170 171 172 173 174 175 379 379 381 382 382 384 384 386 386 387 388
93 94 94 95 95 96 96 97 98 98 99 99 100 100 101 101 102 103 103 104 104 105 105 106 106 107 108 108 109 109 110 110 111 111 112 113 113 114 114 115 115 116 118 118 119 142 143 143 144 144 145 146 146 147 147 148 148 149 149 150 151 151 153 153 155 155 157 158 159 161 161 163 163 165 165 167 167 169 170 171 172 172 174 174 379 379 380 382 382 384 384 385 386 387 387
93 94 94 95 95 96 96 97 98 98 99 99 100 100 101 101 102 103 103 104 104 105 105 106 106 107 108 108 109 109 110 110 111 112 112 113 113 114 114 115 116 117 118 118 119 142 143 143 144 144 145 146 146 147 147 148 148 149 149 150 151 151 152 153 154 155 157 157 159 160 161 162 163 164 165 166 167 168 170 170 172 172 174 174 175 379 380 381 382 383 384 385 385 387 388
93 94 94 95 95 96 96 97 98 98 99 99 100 100 101 101 102 103 103 104 104 105 105 106 107 107 108 108 109 109 110 110 111 112 112 113 113 114 115 116 116 117 118 118 119 119 143 143 144 144 145 146 146 147 147 148 148 149 149 150 151 151 152 152 154 155 156 157 158 160 161 162 163 164 165 166 167 168 169 170 171 172 173 174 175 379 380 381 382 383 383 385 385 386 388
93 94 94 95 95 96 96 97 98 98 99 99 100 100 101 101 102 103 103 104 104 105 105 106 107 107 108 108 109 109 110 110 111 112 112 114 114 115 115 116 116 117 118 118 119 119 120 143 144 144 145 146 146 147 147 148 148 149 149 150 151 151 152 152 154 154 156 156 158 160 160 162 162 164 164 166 167 168 169 170 171 171 173 173 175 176 380 381 381 383 383 384 385 386 387
93 94 94 95 95 96 96 97 98 98 99 99 100 100 101 102 102 103 103 104 104 105 105 106 107 107 108 108 109 109 110 110 111 113 113 114 114 115 115 116 116 117 118 118 119 119 120 143 144 144 145 146 146 147 147 148 148 149 149 150 151 151 152 152 153 154 155 157 158 159 160 161 162 163 164 165 167 167 169 169 171 171 173 173 174 176 379 381 381 382 383 384 384 386 387
93 94 94 95 95 96 96 97 98 98 99 99 100 100 101 102 102 103 103 104 104 105 105 106 107 107 108 108 109 109 110 111 112 113 113 114 114 115 115 116 116 117 118 118 119 119 120 120 144 144 145 146 146 147 147 148 148 149 149 150 151 151 152 152 153 153 155 157 157 159 159 161 161 163 163 165 166 167 168 169 170 171 172 173 174 175 176 380 381 382 382 384 385 387 388
93 94 94 95 95 96 96 97 98 98 99 99 100 100 101 102 102 103 103 104 104 105 105 106 107 107 108 108 109 110 111 111 112 113 113 114 114 115 115 116 116 117 118 118 119 119 120 120 144 144 145 146 146 147 147 148 148 149 149 150 151 151 152 152 153 153 155 156 157 158 159 160 161 163 163 165 166 167 168 169 170 170 172 172 174 175 176 380 380 383 383 385 385 386 388
93 94 94 95 95 96 96 97 98 98 99 99 100 100 101 102 102 103 103 104 104 105 105 106 107 107 108 109 110 110 111 111 112 113 113 114 114 115 115 116 116 117 118 118 119 119 120 120 121 144 145 146 146 147 147 148 148 149 149 150 151 151 152 152 153 153 154 156 156 158 159 160 161 162 163 164 166 166 168 168 170 170 172 172 173 176 176 178 381 382 383 384 385 386 387
93 94 94 95 95 96 96 97 98 98 99 99 100 100 101 102 102 103 103 104 104 105 105 106 107 108 109 109 110 110 111 111 112 113 113 114 114 115 115 116 116 117 118 118 119 119 120 120 121 121 145 146 146 147 147 148 148 149 149 150 151 151 152 152 153 153 154 155 156 157 158 160 160 162 162 164 165 166 167 168 169 170 172 173 174 175 176 177 381 382 383 384 384 386 387
93 94 94 95 95 96 96 97 98 98 99 99 100 100 101 101 102 103 103 104 104 105 105 107 108 108 109 109 110 110 111 111 112 113 113 114 114 115 115 116 116 117 118 118 119 119 120 120 121 121 145 146 146 147 147 148 148 149 149 150 151 151 152 152 153 153 154 154 155 157 158 159 160 161 162 163 165 165 167 168 170 170 172 172 174 175 176 177 177 382 382 384 384 385 387
93 94 94 95 95 96 96 97 98 98 99 99 100 100 101 101 102 103 103 104 104 106 106 107 108 108 109 109 110 110 111 111 112 113 113 114 114 115 115 116 116 117 118 118 119 119 120 120 121 121 122 146 146 147 147 148 148 149 149 150 151 151 152 152 153 153 154 154 155 157 157 159 159 161 162 163 165 166 168 168 170 170 171 172 173 175 175 177 177 381 382 383 384 385 386
93 94 94 95 95 96 96 97 98 98 99 99 100 100 101 101 102 103 103 105 105 106 106 107 107 108 109 109 110 110 111 111 112 113 113 114 114 115 115 116 116 117 118 118 119 119 120 120 121 121 122 123 146 147 147 148 148 149 149 150 151 151 152 152 153 153 154 154 155 156 157 158 159 162 162 164 164 166 167 168 169 170 171 172 173 173 175 176 177 178 382 383 383 385 386
93 94 94 95 95 96 96 97 98 98 99 99 100 100 101 101 102 104 104 105 105 106 106 107 107 108 109 109 110 110 111 111 112 112 113 114 114 115 115 116 116 117 118 118 119 119 120 120 121 121 122 123 146 147 147 148 148 149 149 150 151 151 152 152 153 153 154 154 155 156 156 159 160 161 162 163 164 165 167 167 169 169 171 171 173 173 175 176 176 178 381 383 383 384 385
93 94 94 95 95 96 96 97 98 98 99 99 100 100 101 102 103 104 104 105 105 106 106 107 107 108 109 109 110 110 111 111 112 112 113 114 114 115 115 116 116 117 117 118 119 119 120 120 121 121 122 123 123 147 147 148 148 149 149 150 151 151 152 152 153 153 154 154 156 157 157 158 159 161 161 163 163 165 166 167 168 169 170 171 172 173 174 176 176 177 178 382 383 384 384
93 94 94 95 95 96 96 97 98 98 99 99 100 101 102 102 103 104 104 105 105 106 106 107 107 108 109 109 110 110 111 111 112 112 113 114 114 115 115 116 116 117 117 118 119 119 120 120 121 121 122 122 123 124 147 148 148 149 149 150 150 151 152 152 153 154 155 155 156 157 157 158 159 160 161 162 163 164 166 167 168 169 170 170 172 172 174 175 176 177 178 382 382 384 384
93 94 94 95 95 96 96 97 98 98 99 100 101 101 102 102 103 104 104 105 105 106 106 107 107 108 109 109 110 110 111 111 112 112 113 114 114 115 115 116 116 117 117 118 119 119 120 120 121 121 122 122 123 124 124 148 148 149 149 150 150 151 152 153 154 154 155 155 156 156 157 158 158 160 160 162 162 164 165 166 168 168 170 170 172 172 173 174 175 177 177 179 382 383 384
93 94 94 95 95 96 96 97 97 98 100 100 101 101 102 102 103 103 104 105 105 106 106 107 107 108 109 109 110 110 111 111 112 112 113 114 114 115 115 116 116 117 117 118 119 119 120 120 121 121 122 122 123 124 124 148 148 149 149 150 151 152 153 153 154 154 155 155 156 156 157 158 158 159 160 161 162 164 164 166 167 168 169 170 171 172 173 174 175 176 177 178 382 383 383
93 94 94 95 95 96 96 97 98 99 100 100 101 101 102 102 103 103 104 105 105 106 106 107 107 108 108 109 110 110 111 111 112 112 113 113 114 115 115 116 116 117 117 118 118 119 120 120 121 121 122 122 123 124 124 125 148 149 150 151 151 152 153 153 154 154 155 155 156 156 157 158 158 159 159 161 162 163 164 165 167 167 169 169 171 171 173 173 175 176 176 178 178 383 383
93 94 94 95 95 96 97 98 98 99 100 100 101 101 102 102 103 103 104 105 105 106 106 107 107 108 108 109 110 110 111 111 112 112 113 113 114 115 115 116 116 117 117 118 118 119 120 120 121 121 122 122 123 123 124 125 126 150 150 151 151 152 152 153 154 154 155 155 156 156 157 157 158 159 159 161 161 163 163 165 165 167 168 169 170 171 172 173 174 175 176 178 178 382 383
93 93 94 95 96 97 97 98 98 99 100 100 101 101 102 102 103 103 104 105 105 106 106 107 107 108 108 109 110 110 111 111 112 112 113 113 114 115 115 116 116 117 117 118 118 119 120 120 121 121 122 122 123 124 125 126 126 150 150 151 151 152 152 153 154 154 155 155 156 156 157 157 158 159 159 160 161 162 163 164 165 166 168 169 170 170 172 172 174 174 176 177 178 179 382
93 93 94 96 96 97 97 98 98 99 99 100 101 101 102 102 103 103 104 104 105 106 106 107 107 108 108 109 109 110 111 111 112 112 113 113 114 114 115 116 116 117 117 118 118 119 119 120 121 121 122 123 124 124 125 125 126 127 150 151 151 152 152 153 153 154 155 155 156 156 157 157 158 158 159 160 160 162 162 164 165 166 167 168 170 170 172 172 174 174 175 176 177 179 382
93 94 95 96 96 97 97 98 98 99 99 100 101 101 102 102 103 103 104 104 105 106 106 107 107 108 108 109 109 110 111 111 112 112 113 113 114 114 115 116 116 117 117 118 118 119 119 120 121 122 123 123 124 124 125 125 126 127 127 151 151 152 152 153 153 154 155 155 156 156 157 157 158 158 159 160 160 161 162 164 164 166 166 168 169 170 171 172 173 174 175 175 177 178 179
94 94 95 95 96 97 97 98 98 99 99 100 101 101 102 102 103 103 104 104 105 106 106 107 107 108 108 109 109 110 111 111 112 112 113 113 114 114 115 116 116 117 117 118 118 119 119 121 122 122 123 123 124 124 125 125 126 127 127 128 151 152 152 153 153 154 154 155 156 156 157 157 158 158 159 159 160 161 161 163 164 165 166 167 168 169 171 171 173 173 175 175 177 177 178
94 94 95 95 96 97 97 98 98 99 99 100 100 101 102 102 103 103 104 104 105 105 106 107 107 108 108 109 109 110 110 111 112 112 113 113 114 114 115 115 116 117 117 118 119 120 120 121 121 122 123 123 124 124 125 125 126 126 127 128 151 152 152 153 153 154 154 155 156 156 157 157 158 158 159 159 160 161 161 163 163 165 165 167 167 169 170 171 172 173 174 175 176 177 178
94 94 95 95 96 97 97 98 98 99 99 100 100 101 102 102 103 103 104 104 105 105 106 107 107 108 108 109 109 110 110 111 112 112 113 113 114 114 115 115 116 117 118 119 119 120 120 121 121 122 123 123 124 124 125 125 126 126 127 127 128 152 152 153 153 154 154 155 155 156 157 157 158 158 159 159 160 160 161 162 163 164 165 166 167 168 169 170 172 172 174 174 176 176 178
94 94 95 95 96 96 97 98 98 99 99 100 100 101 101 102 103 103 104 104 105 105 106 106 107 108 108 109 109 110 110 111 111 112 113 113 114 114 115 115 117 117 118 119 119 120 120 121 121 122 122 123 124 124 125 125 126 126 127 127 128 129 152 153 153 154 154 155 155 156 157 157 158 158 159 159 160 160 161 162 162 164 164 166 166 168 169 170 171 172 173 174 175 176 177
94 94 95 95 96 96 97 98 98 99 99 100 100 101 101 102 103 103 104 104 105 105 106 106 107 108 108 109 109 110 110 111 111 112 113 113 114 114 116 116 117 117 118 119 119 120 120 121 121 122 122 123 123 124 125 125 126 126 127 127 128 128 129 153 153 154 154 155 155 156 156 157 158 158 159 159 160 160 161 161 162 163 164 165 166 168 168 170 170 172 172 174 175 175 177
94 94 95 95 96 96 97 97 98 99 99 100 100 101 101 102 102 103 104 104 105 105 106 106 107 107 108 109 109 110 110 111 111 112 112 113 115 115 116 116 117 117 118 118 119 120 120 121 121 122 122 123 123 124 125 125 126 126 127 127 128 128 129 153 153 154 154 155 155 156 156 157 157 158 159 159 160 160 161 161 162 162 163 165 166 167 168 169 170 171 172 173 175 175 176
94 94 95 95 96 96 97 97 98 99 99 100 100 101 101 102 102 103 104 104 105 105 106 106 107 107 108 109 109 110 110 111 111 112 113 114 115 115 116 116 117 117 118 118 119 119 120 121 121 122 122 123 123 124 124 125 126 126 127 127 128 128 129 129 153 154 154 155 155 156 156 157 157 158 159 159 160 160 161 161 162 162 163 163 165 167 167 169 169 171 171 173 173 175 176
93 94 95 95 96 96 97 97 98 98 99 100 100 101 101 102 102 103 103 104 105 105 106 106 107 107 108 108 109 110 110 111 112 113 113 114 114 115 116 116 117 117 118 118 119 119 120 121 121 122 122 123 123 124 124 125 125 126 127 127 128 128 129 129 130 153 154 155 155 156 156 157 157 158 158 159 160 160 161 161 162 162 163 163 165 165 167 168 169 170 171 172 173 174 175
93 94 95 95 96 96 97 97 98 98 99 100 100 101 101 102 102 103 103 104 105 105 106 106 107 107 108 108 109 109 110 112 112 113 113 114 114 115 115 116 117 117 118 118 119 119 120 120 121 122 122 123 123 124 124 125 125 126 127 127 128 128 129 129 130 130 154 154 155 156 156 157 157 158 158 159 159 160 161 161 162 162 163 163 164 165 166 167 168 170 170 172 172 174 174
93 94 94 95 96 96 97 97 98 98 99 99 100 101 101 102 102 103 103 104 104 105 106 106 107 107 108 108 109 110 111 112 112 113 113 114 114 115 115 116 117 117 118 118 119 119 120 120 121 121 122 123 123 124 124 125 125 126 126 127 128 128 129 129 130 130 154 154 155 155 156 157 157 158 158 159 159 160 160 161 162 162 163 163 164 164 166 166 168 168 170 171 172 173 174
