testData/tiles/oneDegreeCosts/grid39.0-7.0-40.0-8.0.asc
ncols   200
nrows   200
xllcorner   39.0
yllcorner   7.0
cellsize   0.005
NODATA_value   -9999.0
[rows 84 to 125 of 200, columns 0 to 93 of 200]
402 403 403 404 404 405 407 407 408 409 409 410 411 411 412 412 413 414 414 415 415 416 416 417 418 418 447 447 448 448 449 449 450 450 451 451 452 452 453 453 454 454 455 455 455 456 456 457 457 457 458 458 458 459 459 459 460 460 460 460 461 461 461 461 462 462 462 462 462 462 463 463 463 463 260 260 260 260 260 261 261 262 262 263 264 264 265 264 265 265 266 267 267 267
402 403 404 404 405 406 406 407 407 408 409 409 410 411 411 412 412 413 414 414 415 415 416 416 417 418 446 447 447 448 448 449 449 450 450 451 451 452 452 453 453 453 454 454 455 455 456 456 456 457 457 457 458 458 458 459 459 459 459 460 460 460 460 461 461 461 461 461 461 462 462 462 462 259 259 259 259 259 260 261 261 262 262 263 262 263 264 264 264 264 265 265 266 266
402 403 403 404 404 405 406 406 407 408 408 409 409 410 411 411 412 412 413 414 414 415 415 416 416 417 417 446 447 447 448 448 449 449 450 450 450 451 451 452 452 453 453 454 454 454 455 455 456 456 456 457 457 457 458 458 458 458 459 459 459 459 460 460 460 460 460 461 461 461 461 461 461 258 258 258 258 258 259 259 260 261 261 262 262 263 263 264 264 265 264 264 265 265
401 402 403 403 404 405 405 406 406 407 408 408 409 409 410 411 411 412 412 413 414 414 415 415 416 416 417 445 446 446 447 447 448 448 449 449 450 450 451 451 452 452 452 453 453 454 454 454 455 455 456 456 456 456 457 457 457 458 458 458 458 459 459 459 459 459 460 460 460 460 460 460 257 257 257 257 257 258 259 259 259 259 260 260 261 262 262 263 263 264 264 264 265 265
401 401 402 403 403 404 405 405 406 406 407 408 408 409 409 410 411 411 412 412 413 413 414 415 416 417 417 446 446 447 447 448 448 449 449 450 450 451 451 451 452 452 453 453 454 454 454 455 455 455 456 456 456 457 457 457 458 458 458 458 458 458 458 458 458 459 459 459 459 459 459 256 256 257 257 257 257 257 257 258 259 259 260 260 260 260 261 261 262 263 263 264 263 264
400 401 402 402 403 403 404 405 405 406 407 407 409 409 410 410 411 412 412 413 413 414 414 415 416 416 417 417 446 446 447 447 448 448 449 449 449 450 450 451 451 452 452 452 453 453 454 454 454 455 455 455 456 456 456 457 457 457 457 458 458 458 458 458 459 459 459 459 459 459 459 256 256 256 256 256 256 256 256 257 257 258 258 259 260 260 260 260 261 261 262 263 263 263
400 400 401 402 403 404 405 405 406 406 407 408 408 409 409 410 410 411 412 412 413 413 414 414 415 415 416 416 445 445 446 446 447 447 448 448 449 449 450 450 451 451 451 452 452 453 453 453 454 454 454 455 455 455 455 456 456 456 457 457 457 457 457 458 458 458 458 458 458 459 256 256 256 256 256 256 256 256 256 256 256 257 257 258 258 259 260 260 260 260 261 261 262 262
400 401 402 402 403 403 404 405 405 406 406 407 408 408 409 409 410 410 411 412 412 413 413 414 414 415 415 416 444 445 445 446 446 447 447 448 448 449 449 449 450 450 451 451 451 452 452 452 453 453 454 454 454 454 455 455 455 456 456 456 456 456 457 457 457 457 457 457 458 255 255 255 255 255 255 255 255 255 255 255 256 257 257 258 258 258 258 259 259 259 260 260 261 261
400 400 401 402 402 403 403 404 405 405 406 406 407 408 408 409 409 410 410 411 412 412 413 413 414 414 415 415 416 444 445 445 446 446 447 447 447 448 448 449 449 450 450 450 451 451 451 452 452 452 453 453 453 454 454 454 454 455 455 455 455 456 456 456 456 456 457 457 457 254 254 254 254 254 254 254 254 254 254 254 255 255 256 256 257 258 258 259 259 260 260 259 259 260
399 400 400 401 402 402 403 404 404 405 405 406 406 407 408 408 409 409 410 410 411 411 412 412 413 414 414 415 415 443 444 444 445 445 446 446 447 447 448 448 448 449 449 450 450 450 451 451 451 452 452 452 453 453 453 453 454 454 454 454 455 455 455 455 455 456 456 456 253 253 253 253 253 253 254 254 254 254 254 254 255 255 256 255 256 256 257 257 258 259 259 260 259 260
399 399 400 401 401 402 402 403 404 404 405 405 406 406 407 408 408 409 409 410 410 411 411 412 412 414 414 415 415 444 444 445 445 446 446 447 447 447 448 448 449 449 449 450 450 451 451 451 452 452 452 453 453 453 453 454 454 454 454 454 454 454 454 454 455 455 455 455 252 252 252 252 253 253 253 253 253 253 253 253 253 254 254 255 256 255 256 256 257 257 258 258 259 259
398 399 399 400 401 401 402 402 403 404 404 405 405 407 407 408 408 409 410 410 411 411 412 412 413 413 414 414 415 415 444 444 445 445 445 446 446 447 447 448 448 448 449 449 449 450 450 451 451 451 451 452 452 452 453 453 453 453 454 454 454 454 454 455 455 455 455 252 252 252 252 252 252 252 252 252 252 252 252 252 252 253 253 254 254 255 255 255 256 256 257 257 258 258
398 398 399 399 400 402 402 403 403 404 405 405 406 406 407 407 408 408 409 409 410 411 411 412 412 413 413 414 414 414 443 443 444 444 445 445 446 446 446 447 447 448 448 448 449 449 449 450 450 450 451 451 451 452 452 452 452 453 453 453 453 453 454 454 454 454 251 251 252 252 252 252 252 252 252 252 252 252 251 251 251 251 252 253 253 254 254 255 255 255 255 256 257 257
398 399 399 400 400 401 402 402 403 403 404 405 405 406 406 407 407 408 408 409 409 410 410 411 411 412 412 413 413 414 442 443 443 444 444 444 445 445 446 446 447 447 447 448 448 448 449 449 449 450 450 450 451 451 451 451 452 452 452 452 452 453 453 453 453 453 251 251 251 251 251 251 251 251 251 251 251 251 251 251 251 251 252 252 252 252 253 254 254 255 255 255 255 256
398 398 399 399 400 400 401 402 402 403 403 404 404 405 406 406 407 407 408 408 409 409 410 410 411 411 412 412 413 413 414 442 442 443 443 444 444 445 445 445 446 446 447 447 447 448 448 448 449 449 449 449 450 450 450 451 451 451 451 451 452 452 452 452 452 250 250 250 250 250 250 250 250 250 250 250 250 251 251 251 250 250 251 251 252 252 253 253 254 254 254 255 255 255
397 398 398 399 399 400 400 401 402 402 403 403 404 404 405 405 406 407 407 408 408 409 409 410 410 411 411 412 412 412 413 441 442 442 443 443 443 444 444 445 445 445 446 446 447 447 447 448 448 448 448 449 449 449 450 450 450 450 450 451 451 451 451 451 249 249 249 249 249 249 249 249 249 250 250 250 250 250 250 250 250 250 250 251 251 251 252 252 253 253 254 254 255 254
396 397 398 398 399 399 400 400 401 402 402 403 403 404 404 405 405 406 406 407 407 408 408 409 409 410 410 411 411 412 412 441 441 443 443 443 444 444 445 445 445 446 446 446 447 447 447 448 448 448 448 448 448 449 449 449 449 449 450 450 450 450 450 451 248 248 248 248 248 248 249 249 249 249 249 249 249 249 249 249 249 249 249 250 250 251 251 251 251 252 253 253 254 254
396 396 397 398 398 399 399 400 400 401 402 402 403 403 404 404 405 406 407 407 408 408 409 409 410 410 411 411 412 412 413 413 441 442 442 443 443 443 444 444 445 445 445 446 446 446 447 447 447 448 448 448 448 449 449 449 449 450 450 450 450 450 451 248 248 248 247 247 248 248 248 248 248 248 248 248 248 248 248 248 248 248 248 249 249 250 250 251 251 251 251 252 252 253
395 396 396 397 398 398 399 399 401 401 402 402 403 404 404 405 405 406 406 407 407 408 408 409 409 410 410 411 411 411 412 412 441 441 442 442 442 443 443 444 444 444 445 445 445 446 446 446 447 447 447 447 448 448 448 448 449 449 449 449 450 450 247 247 247 247 247 248 248 248 248 248 248 248 248 247 247 247 247 247 247 247 247 247 248 248 249 249 250 251 250 251 251 252
395 396 397 397 398 399 399 400 400 401 401 402 402 403 403 404 404 405 406 406 407 407 407 408 408 409 409 410 410 411 411 412 440 440 441 441 442 442 442 443 443 444 444 444 445 445 445 445 446 446 446 447 447 447 447 448 448 448 448 449 449 246 246 246 246 247 247 247 247 247 247 247 247 247 247 247 247 247 247 247 247 247 246 246 247 247 248 248 249 249 250 250 250 251
395 396 396 397 397 398 399 399 400 400 401 401 402 402 403 403 404 404 405 405 406 406 407 407 408 408 409 409 410 410 410 411 411 440 440 441 441 441 442 442 442 443 443 443 444 444 444 445 445 445 446 446 446 446 447 447 447 447 448 448 448 245 245 245 246 246 246 246 246 246 246 246 246 246 247 247 247 247 247 247 247 247 247 246 246 247 247 248 248 248 249 249 250 249
395 395 396 396 397 397 398 398 399 400 400 401 401 402 402 403 403 404 404 405 405 406 406 407 407 408 408 408 409 409 410 410 411 439 439 440 440 441 441 441 442 442 442 443 443 443 444 444 444 445 445 445 445 446 446 446 446 447 447 447 244 244 244 245 245 245 245 245 245 245 245 246 246 246 246 246 246 246 246 246 246 246 246 246 246 247 246 247 247 248 248 249 250 249
394 395 395 396 396 397 397 398 398 399 399 400 401 401 402 402 403 403 404 404 405 405 405 406 406 407 407 408 408 409 409 409 410 438 439 439 439 440 440 441 441 441 442 442 442 443 443 443 443 444 444 444 445 445 445 445 446 446 446 243 243 243 244 244 244 244 244 244 244 245 245 245 245 245 245 245 245 245 245 245 245 245 245 245 245 245 246 247 246 247 247 248 248 249
393 394 394 395 396 396 397 397 398 398 399 399 400 400 401 401 402 402 403 403 404 404 405 405 406 406 407 408 409 409 409 410 410 411 439 439 440 440 440 441 441 442 442 442 443 443 443 443 444 444 444 445 445 445 445 446 445 445 445 243 243 243 243 243 243 243 243 244 244 244 244 244 244 244 244 244 244 244 244 244 244 244 244 244 244 244 245 245 246 246 246 247 247 248
393 393 394 394 395 396 396 397 397 398 398 399 399 400 400 402 402 403 403 404 404 405 405 406 406 407 407 407 408 408 409 409 409 410 438 439 439 439 440 440 440 441 441 441 442 442 442 443 443 443 444 444 444 444 444 445 445 445 242 243 243 243 243 243 243 243 244 244 243 243 243 243 243 243 243 243 243 243 243 243 243 243 243 243 243 243 244 244 245 245 246 245 246 246
392 393 393 394 394 395 395 397 398 398 399 399 400 400 401 401 402 402 403 403 404 404 404 405 405 406 406 407 407 408 408 408 409 409 438 438 438 439 439 439 440 440 440 441 441 441 442 442 442 442 443 443 443 443 444 444 444 241 242 242 242 242 242 242 243 243 243 243 243 243 243 243 243 243 243 243 242 242 242 242 242 242 242 242 242 242 242 243 243 244 245 245 246 245
393 393 394 394 395 395 396 396 397 397 398 398 399 399 400 400 401 401 402 402 403 403 404 404 405 405 406 406 406 407 407 408 408 408 409 437 438 438 438 439 439 439 440 440 440 441 441 441 441 442 442 442 442 443 443 443 240 241 241 241 241 241 241 242 242 242 242 242 242 242 242 242 242 243 243 243 243 243 243 243 243 243 243 242 242 242 242 242 242 243 243 244 244 245
392 393 393 394 394 395 395 396 396 397 397 398 398 399 399 400 400 401 401 402 402 403 403 404 404 404 405 405 406 406 407 407 407 408 408 436 437 437 438 438 438 439 439 439 439 440 440 440 441 441 441 441 442 442 442 442 240 240 240 240 240 240 241 241 241 241 241 241 241 241 242 242 242 242 242 242 242 242 242 242 242 242 242 242 242 242 242 241 242 242 242 243 243 244
391 392 392 393 394 394 395 395 396 396 397 397 398 398 399 399 400 400 401 401 402 402 402 403 403 404 404 405 405 405 406 406 407 407 407 436 436 436 437 437 437 438 438 438 439 439 439 440 440 440 440 441 441 441 441 239 239 239 239 239 240 240 240 240 240 240 240 240 241 241 241 241 241 241 241 241 241 241 241 241 241 241 241 241 241 241 241 241 242 241 242 242 243 243
391 391 392 392 393 393 394 394 395 396 396 397 397 398 398 398 399 399 400 400 401 401 402 402 403 403 403 404 404 405 405 405 406 406 407 407 435 436 436 436 437 437 437 438 438 438 439 439 439 439 440 440 440 440 238 238 238 238 238 239 239 239 239 239 239 239 240 240 240 240 240 240 240 240 240 240 240 240 240 240 240 240 240 240 240 240 240 240 240 241 242 241 242 242
390 391 391 392 392 393 393 394 394 395 395 396 396 397 397 398 398 399 399 400 400 401 401 401 402 402 403 403 404 405 405 406 406 407 407 407 436 436 436 437 437 437 438 438 438 438 439 439 439 440 440 440 440 238 237 237 237 237 238 238 238 238 238 238 238 239 239 239 239 239 239 239 239 239 239 239 239 239 239 239 239 239 239 239 239 239 239 239 239 240 240 241 240 241
390 390 391 391 392 392 393 393 394 394 395 395 396 396 397 397 399 399 400 400 400 401 401 402 402 403 403 403 404 404 405 405 405 406 406 407 407 435 436 436 436 437 437 437 437 438 438 438 439 439 439 439 440 237 237 237 237 238 238 238 238 238 238 239 239 239 239 238 238 238 238 238 238 238 239 239 239 239 239 239 239 239 239 238 238 238 238 238 238 239 239 240 240 241
389 389 390 391 391 392 392 393 394 395 395 396 396 397 397 397 398 398 399 399 400 400 401 401 402 402 402 403 403 404 404 404 405 405 405 406 406 434 435 435 435 436 436 436 437 437 437 438 438 438 438 439 236 236 236 236 237 237 237 237 237 237 238 238 238 238 238 238 238 238 238 239 239 239 239 238 238 238 238 238 238 238 238 238 238 238 237 237 237 237 238 238 239 239
388 390 390 391 391 392 392 393 393 394 394 395 395 396 396 397 397 398 398 399 399 400 400 400 401 401 402 402 402 403 403 404 404 404 405 405 405 434 434 434 435 435 435 436 436 436 436 437 437 437 437 235 235 235 235 236 236 236 236 236 236 237 237 237 237 237 237 237 237 238 238 238 238 238 238 238 238 238 238 238 238 238 237 237 237 237 237 237 236 236 237 237 238 238
389 389 390 390 391 391 392 392 393 393 394 394 395 395 396 396 397 397 398 398 398 399 399 400 400 401 401 401 402 402 402 403 403 404 404 404 405 405 433 434 434 434 435 435 435 435 436 436 436 436 234 234 234 234 235 235 235 235 235 236 236 236 236 236 236 236 236 237 237 237 237 237 237 237 237 237 237 237 237 237 237 237 237 237 237 237 237 237 236 236 236 236 236 237
388 389 389 390 390 391 391 392 392 393 393 394 394 395 395 395 396 396 397 397 398 398 399 399 399 400 400 401 401 401 402 402 402 403 403 404 404 404 433 433 433 433 434 434 434 435 435 435 435 436 233 233 233 234 234 234 234 234 235 235 235 235 235 235 235 236 236 236 236 236 236 236 236 236 236 236 236 236 236 236 236 236 236 236 236 236 236 236 236 236 236 237 236 236
387 388 388 389 389 390 390 391 391 392 392 393 393 394 394 395 395 396 396 397 397 397 398 398 399 399 399 400 400 401 401 401 402 402 402 403 403 403 404 432 432 433 433 433 434 434 434 434 435 232 232 232 233 233 233 233 233 234 234 234 234 234 234 235 235 235 235 235 235 235 235 235 235 235 235 235 235 235 235 235 235 235 235 235 235 235 235 235 235 235 235 235 236 236
387 387 388 388 389 389 390 390 391 391 392 392 393 393 394 394 395 395 395 396 396 397 397 398 398 398 399 399 400 400 400 401 401 401 402 402 402 403 403 431 432 432 432 433 433 433 433 434 231 231 231 232 232 232 232 232 233 233 233 233 233 233 234 234 234 234 234 234 234 234 234 234 235 235 235 235 235 235 235 235 235 235 235 235 235 234 234 234 234 234 234 234 235 235
386 387 387 388 388 389 389 390 390 391 391 392 392 393 393 393 394 394 395 395 396 397 397 398 398 399 399 399 400 400 401 401 401 402 402 402 403 403 403 432 432 432 432 433 433 433 434 231 231 231 232 232 232 232 232 233 233 233 233 233 233 234 233 233 233 233 233 233 233 233 234 234 234 234 234 234 234 234 234 234 234 234 234 234 234 234 234 233 233 233 233 233 233 234
386 386 387 387 388 388 389 389 389 390 390 392 392 393 393 394 394 395 395 395 396 396 397 397 398 398 398 399 399 399 400 400 401 401 401 402 402 402 403 403 431 431 432 432 432 433 230 230 230 231 231 231 231 231 232 232 232 232 232 233 233 233 233 233 233 233 233 234 234 234 234 234 233 233 233 233 233 233 233 233 233 233 233 233 233 233 233 233 233 233 232 232 232 233
385 385 386 386 388 388 389 389 390 390 391 391 392 392 393 393 393 394 394 395 395 396 396 396 397 397 398 398 398 399 399 399 400 400 400 401 401 401 402 402 430 431 431 431 432 432 229 229 230 230 230 230 230 231 231 231 231 231 232 232 232 232 232 232 232 232 233 233 233 233 233 233 233 233 233 233 233 233 233 232 232 232 232 232 232 232 232 232 232 232 232 231 231 231
385 386 386 387 387 388 388 389 389 390 390 391 391 391 392 392 393 393 394 394 394 395 395 396 396 396 397 397 398 398 398 399 399 399 400 400 400 401 401 401 402 430 430 430 431 228 228 229 229 229 229 229 230 230 230 230 230 231 231 231 231 231 231 231 232 232 232 232 232 232 232 232 232 232 232 232 232 232 232 232 232 232 232 232 232 231 231 231 231 231 231 231 231 230
