testData/tiles/oneDegreeCosts/grid7.0-11.0-8.0-12.0.asc
ncols   200
nrows   200
xllcorner   7.0
yllcorner   11.0
cellsize   0.005
NODATA_value   -9999.0
[rows 126 to 167 of 200, columns 94 to 187 of 200]
490 490 489 488 489 488 488 487 487 485 484 484 483 483 483 483 482 481 482 480 480 479 480 478 478 477 477 476 476 474 475 473 472 471 472 470 470 470 469 468 467 467 467 465 463 462 462 461 460 459 459 458 456 455 455 453 452 451 451 450 448 446 689 688 686 686 683 683 682 680 680 677 675 675 674 672 669 668 668 666 665 662 660 658 658 655 654 652 651 648 646 644 642 640
488 487 487 487 486 486 485 486 484 482 483 482 481 480 481 480 479 478 479 478 477 477 477 476 475 476 474 474 473 473 472 471 469 470 469 468 467 466 466 465 465 464 463 462 460 460 460 458 457 457 456 455 454 453 452 450 449 449 448 447 444 444 686 684 684 682 680 680 678 677 676 674 672 671 670 668 667 665 663 662 660 658 657 656 654 651 649 647 646 643 641 640 637 634
485 485 484 484 483 483 484 483 480 479 480 479 478 478 478 478 476 477 476 475 475 475 474 473 473 473 471 471 471 470 469 467 467 467 465 465 465 464 463 463 462 461 460 460 458 457 456 455 455 454 453 452 451 449 448 447 447 445 445 443 442 441 682 681 680 679 677 676 674 673 672 670 669 667 665 665 662 660 659 657 656 653 652 650 648 646 645 643 640 637 636 633 632 628
482 482 482 481 481 481 481 480 477 477 477 477 476 476 475 474 474 474 473 472 472 472 470 471 470 469 469 469 468 467 467 466 465 463 462 463 461 461 459 460 458 458 457 457 454 454 452 452 451 450 449 449 448 446 444 444 443 442 441 440 438 437 679 677 676 676 673 671 671 669 668 667 664 663 662 660 658 656 654 653 651 649 647 644 644 641 639 636 635 631 629 627 624 621
479 480 479 478 478 478 478 476 475 475 474 473 473 473 471 472 471 471 470 470 470 468 468 468 467 466 467 465 465 463 464 463 461 460 460 459 459 457 458 456 456 455 454 453 451 451 450 449 447 447 446 445 444 442 442 440 439 438 437 437 434 432 674 674 672 671 668 668 666 665 664 662 660 659 657 655 654 651 649 647 646 642 641 640 637 633 631 629 627 624 623 622 622 620
477 476 476 475 476 475 474 473 472 471 470 471 470 469 469 469 468 467 468 466 466 465 465 464 464 463 463 462 461 461 460 459 458 457 457 455 455 454 454 452 452 451 451 449 449 447 445 445 443 444 442 441 440 438 437 436 435 434 433 432 429 429 670 669 668 666 664 663 661 659 658 657 654 653 650 648 648 645 642 641 638 636 633 631 629 627 628 627 626 624 603 603 603 603
474 473 473 474 472 472 471 470 468 468 469 467 467 466 466 465 465 465 464 463 462 463 462 461 460 461 459 459 458 458 457 456 455 454 453 452 452 451 450 448 449 447 446 446 444 443 442 441 441 439 437 437 436 434 433 431 431 429 428 427 425 424 665 664 662 661 659 657 655 655 652 650 648 646 644 643 640 636 634 634 633 631 631 630 629 604 603 603 603 603 603 603 603 603
471 470 469 470 469 468 468 466 466 464 465 464 463 463 463 461 461 462 460 460 460 459 458 457 457 457 455 456 454 454 452 453 451 450 448 449 447 447 445 446 444 444 442 441 441 438 438 437 436 434 433 433 431 429 427 427 426 424 423 422 420 418 659 659 657 654 652 650 650 647 645 643 639 638 638 637 636 634 635 634 608 607 606 606 605 604 603 603 603 603 603 603 603 603
467 467 466 466 465 466 463 462 462 461 461 460 460 460 459 458 458 458 456 457 455 455 454 454 453 452 451 451 450 449 449 448 447 445 445 444 443 442 441 441 439 439 438 437 436 435 433 431 431 430 429 427 426 423 422 421 419 418 417 415 413 411 653 651 649 647 645 642 642 641 640 641 639 638 613 612 612 611 610 609 609 608 607 606 606 604 603 603 603 603 603 603 603 603
463 464 462 462 462 461 459 458 459 457 457 457 456 456 454 455 454 453 452 452 451 451 451 450 449 448 448 447 446 446 445 444 443 441 441 439 439 438 437 436 434 434 432 432 430 429 427 426 425 423 422 420 419 417 416 414 412 412 409 408 405 404 646 645 644 645 644 643 642 617 617 616 614 614 613 613 613 611 610 609 610 608 607 607 606 606 604 604 603 603 603 603 603 603
459 459 459 458 458 457 455 454 454 454 452 453 452 451 451 450 449 449 449 448 447 447 446 445 444 444 443 442 441 440 440 438 439 436 435 433 434 432 431 429 430 428 427 425 424 422 420 420 418 417 415 414 412 410 407 407 407 406 405 405 405 404 646 621 621 620 619 618 617 617 617 616 614 615 614 613 613 611 611 611 610 608 607 608 607 606 605 604 603 603 603 603 603 603
456 455 454 454 454 450 450 451 449 449 448 448 447 446 447 445 445 444 444 442 442 441 441 439 440 438 437 436 436 434 434 433 432 430 429 428 427 425 424 423 422 420 419 418 417 414 412 411 410 410 410 410 409 408 407 407 401 401 401 401 401 401 621 621 621 620 620 619 618 618 617 616 616 615 614 614 613 612 612 611 610 609 609 608 607 606 605 605 604 603 603 603 603 603
451 450 449 449 448 446 446 445 444 443 443 443 442 442 441 440 440 439 438 436 437 435 435 434 433 432 431 431 429 429 427 427 425 423 422 420 419 417 417 414 414 413 414 413 413 411 412 411 410 401 401 401 401 401 401 401 401 401 401 401 401 401 622 622 621 620 621 619 618 618 617 617 616 615 614 615 614 612 612 611 611 611 609 608 607 607 606 605 604 604 603 603 603 603
445 444 444 444 443 441 440 439 438 438 438 436 437 435 435 433 433 432 431 430 430 429 427 427 426 425 424 423 421 420 419 418 417 418 416 416 415 416 415 415 414 401 401 401 401 401 401 401 401 401 401 401 401 401 401 401 401 401 401 401 401 401 622 622 621 621 621 619 619 619 618 618 616 615 616 615 614 612 612 612 611 611 609 608 609 608 606 605 605 605 603 603 603 603
439 438 438 437 434 434 433 432 432 431 431 429 429 428 427 426 425 424 424 423 421 420 420 420 419 420 419 419 418 419 418 418 417 401 401 401 401 401 401 401 401 401 401 401 401 401 401 401 401 401 401 401 401 401 401 401 401 401 401 401 401 401 622 622 622 622 621 619 620 619 618 618 616 616 616 615 614 614 613 612 612 611 610 609 609 608 606 605 606 605 603 603 603 603
431 431 430 429 427 426 424 424 424 422 422 422 422 421 422 421 421 421 421 421 420 421 420 401 401 401 401 401 401 401 401 401 401 401 401 401 401 401 401 401 401 401 401 401 401 401 401 401 401 401 401 401 401 401 401 401 401 401 401 401 401 401 623 623 622 622 621 620 620 619 618 619 617 616 616 615 615 614 613 612 612 612 610 609 609 608 607 607 606 605 603 603 603 603
426 426 425 425 423 423 423 423 423 422 423 422 401 401 401 401 401 401 401 401 401 401 401 401 401 401 401 401 401 401 401 401 401 401 401 401 401 401 401 401 401 401 401 401 401 401 401 401 401 401 401 401 401 401 401 401 401 401 401 401 401 401 624 623 622 622 622 620 620 619 620 619 617 617 616 616 616 614 613 613 613 612 610 610 609 609 607 607 606 605 604 604 603 603
401 401 401 401 401 401 401 401 401 401 401 401 401 401 401 401 401 401 401 401 401 401 401 401 401 401 401 401 401 401 401 401 401 401 401 401 401 401 401 401 401 401 401 401 401 401 401 401 401 401 401 401 401 401 401 401 401 401 401 401 401 401 624 623 622 623 622 621 620 620 620 619 618 618 617 616 616 614 614 614 613 612 610 611 610 609 607 607 607 606 604 604 603 603
401 401 401 401 401 401 401 401 401 401 401 401 401 401 401 401 401 401 401 401 401 401 401 401 401 401 401 401 401 401 401 401 401 401 401 401 401 401 401 401 401 401 401 401 401 401 401 401 401 401 401 401 401 401 401 401 401 401 401 401 401 401 624 623 624 623 622 621 621 620 620 619 619 618 617 616 616 615 614 614 613 612 611 611 610 609 608 608 607 606 605 604 604 603
401 401 401 401 401 401 401 401 401 401 401 401 401 401 401 401 401 401 401 401 401 401 401 401 401 401 401 401 401 401 401 401 401 401 401 401 401 401 401 401 401 401 401 401 401 401 401 401 401 401 401 401 401 401 401 401 401 401 401 401 401 401 624 624 624 623 622 622 621 620 620 620 619 618 617 617 617 615 614 614 614 613 612 611 610 610 609 608 607 606 606 605 604 603
401 402 401 401 401 401 401 401 401 401 401 401 401 401 401 401 401 401 401 401 401 401 401 401 401 401 401 401 401 401 401 401 401 401 401 401 401 401 401 401 401 401 401 401 401 401 401 401 401 401 401 401 401 401 401 401 401 401 401 401 401 401 625 624 624 623 623 622 621 620 621 620 619 618 618 617 617 616 614 615 614 613 612 611 611 610 609 608 607 607 606 605 604 603
401 402 401 401 401 401 401 401 401 401 401 401 401 401 401 401 401 401 401 401 401 401 401 401 401 401 401 401 401 401 401 401 401 401 401 401 401 401 401 401 401 401 401 401 401 401 401 401 401 401 401 401 401 401 401 401 401 401 401 401 401 401 625 624 624 624 623 622 621 622 621 620 620 619 618 618 617 616 615 615 614 613 613 612 611 610 609 609 608 607 606 605 604 603
402 401 401 401 401 401 401 401 401 401 401 401 401 401 401 401 401 401 401 401 401 401 401 401 401 401 401 401 401 401 401 401 401 401 401 401 401 401 401 401 401 401 401 401 401 401 401 401 401 401 401 401 401 401 401 401 401 401 401 401 401 401 625 625 625 624 623 622 622 622 621 620 621 619 618 618 618 617 615 615 614 614 613 612 611 610 610 609 608 608 606 606 605 603
402 401 401 401 401 401 401 401 401 401 401 401 401 401 401 401 401 401 401 401 401 401 401 401 401 401 401 401 401 401 401 401 401 401 401 401 401 401 401 401 401 401 401 401 401 401 401 401 401 401 401 401 401 401 401 401 401 401 401 401 401 626 626 625 625 624 623 623 622 622 621 621 621 619 618 619 618 617 616 615 615 614 613 612 612 612 610 609 608 609 607 606 605 604
401 401 401 401 401 401 401 401 401 401 401 401 401 401 401 401 401 401 401 401 401 401 401 401 401 401 401 401 401 401 401 401 401 401 401 401 401 401 401 401 401 401 401 401 401 401 401 401 401 401 401 401 401 401 401 401 401 401 401 401 401 401 626 625 625 625 624 624 622 622 622 621 621 619 619 619 618 617 617 616 615 614 613 613 612 612 610 609 609 609 607 606 605 605
401 401 401 401 401 401 401 401 401 401 401 401 401 401 401 401 401 401 401 401 401 401 401 401 401 401 401 401 401 401 401 401 401 401 401 401 401 401 401 401 401 401 401 401 401 401 401 401 401 401 401 401 401 401 401 401 401 401 401 401 401 401 626 625 626 625 624 624 622 623 622 621 621 620 619 619 618 618 617 616 615 614 614 613 612 612 611 610 609 609 607 607 606 605
401 401 401 401 401 401 401 401 401 401 401 401 401 401 401 401 401 401 401 401 401 401 401 401 401 401 401 401 401 401 401 401 401 401 401 401 401 401 401 401 401 401 401 401 401 401 401 401 401 401 401 401 401 401 401 401 401 401 401 401 401 401 626 626 626 625 624 625 623 623 622 621 622 620 619 619 619 618 616 616 616 615 614 613 612 612 611 610 609 609 608 607 606 605
401 401 401 401 401 401 401 401 401 401 401 401 401 401 401 401 401 401 401 401 401 401 401 401 401 401 401 401 401 401 401 401 401 401 401 401 401 401 401 401 401 401 401 401 401 401 401 401 401 401 401 401 401 401 401 401 401 401 401 401 401 401 626 626 626 625 625 625 623 623 622 622 622 620 619 620 619 618 616 617 616 615 614 613 613 612 611 610 610 609 608 607 606 605
401 401 401 401 401 401 401 401 401 401 401 401 401 401 401 401 401 401 401 401 401 401 401 401 401 401 401 401 401 401 401 401 401 401 401 401 401 401 401 401 401 401 401 401 401 401 401 401 401 401 401 401 401 401 401 401 401 401 401 401 401 401 627 626 626 626 625 625 623 623 623 622 621 620 620 619 619 618 617 617 616 615 615 614 613 612 611 611 610 609 608 607 607 606
401 401 401 401 401 401 401 401 401 401 401 401 401 401 401 401 401 401 401 401 401 401 401 401 401 401 401 401 401 401 401 401 401 401 401 401 401 401 401 401 401 401 401 401 401 401 401 401 401 401 401 401 401 401 401 401 401 401 401 401 401 401 627 626 626 626 625 625 624 623 623 622 621 621 620 619 619 619 617 617 616 616 615 614 613 612 612 611 610 609 608 608 607 606
401 401 401 401 401 401 401 401 401 401 401 401 401 401 401 401 401 401 401 401 401 401 401 401 401 401 401 401 401 401 401 401 401 401 401 401 401 401 401 401 401 401 401 401 401 401 401 401 401 401 401 401 401 401 401 401 401 401 401 401 401 401 627 626 627 626 625 626 624 623 623 623 622 621 620 619 620 619 617 617 617 616 614 614 614 613 612 611 610 610 609 608 607 606
401 401 401 401 401 401 401 401 401 401 401 401 401 401 401 401 401 401 401 401 401 401 401 401 401 401 401 401 401 401 401 401 401 401 401 401 401 401 401 401 401 401 401 401 401 401 401 401 401 401 401 401 401 401 401 401 401 401 401 401 401 401 627 627 626 626 625 626 624 623 624 623 622 621 620 620 620 619 617 618 617 616 614 615 614 613 611 611 611 610 608 608 607 607
401 402 401 401 401 401 401 401 401 401 401 401 401 401 401 401 401 401 401 401 401 401 401 401 401 401 401 401 401 401 401 401 401 401 401 401 401 401 401 401 401 401 401 401 401 401 401 401 401 401 401 401 401 401 401 401 401 401 401 401 401 401 628 627 626 626 626 625 624 624 624 623 622 622 621 620 620 619 618 617 617 616 615 615 614 613 612 612 611 610 608 609 608 607
401 402 401 401 401 401 401 401 401 401 401 401 401 401 401 401 401 401 401 401 401 401 401 401 401 401 401 401 401 401 401 401 401 401 401 401 401 401 401 401 401 401 401 401 401 401 401 401 401 401 401 401 401 401 401 401 401 401 401 401 401 401 628 627 626 627 626 625 624 624 623 623 623 621 621 620 620 620 618 617 617 617 615 614 614 614 612 612 611 610 609 608 608 607
402 401 401 402 401 401 401 401 401 401 401 401 401 401 401 401 401 401 401 401 401 401 401 401 401 401 401 401 401 401 401 401 401 401 401 401 401 401 401 401 401 401 401 401 401 401 401 401 401 401 401 401 401 401 401 401 401 401 401 401 401 401 627 627 627 627 626 625 625 624 623 624 623 621 621 621 620 620 618 617 618 617 615 614 615 614 612 612 612 611 609 608 608 608
402 401 401 402 401 401 401 401 401 401 401 401 401 401 401 401 401 401 401 401 401 401 401 401 401 401 401 401 401 401 401 401 401 401 401 401 401 401 401 401 401 401 401 401 401 401 401 401 401 401 401 401 401 401 401 401 401 401 401 401 401 401 627 628 627 626 626 626 625 624 623 624 623 621 622 621 620 619 618 618 617 617 615 615 615 614 612 612 612 611 609 608 608 608
402 401 402 401 401 401 401 401 401 401 401 401 401 401 401 401 401 401 401 401 401 401 401 401 401 401 401 401 401 401 401 401 401 401 401 401 401 401 401 401 401 401 401 401 401 401 401 401 401 401 401 401 401 401 401 401 401 401 401 401 401 401 628 628 627 626 627 626 624 624 624 623 623 622 621 621 620 620 619 618 617 617 616 615 614 614 614 612 611 611 610 609 608 608
402 401 402 401 401 401 401 401 401 401 401 401 401 401 401 401 401 401 401 401 401 401 401 401 401 401 401 401 401 401 401 401 401 401 401 401 401 401 401 401 401 401 401 401 401 401 401 401 401 401 401 401 401 401 401 401 401 401 401 401 401 401 628 627 627 627 627 626 624 625 624 623 623 622 621 621 621 620 619 618 617 617 616 615 614 614 614 612 611 611 610 609 608 607
401 401 402 401 401 401 401 401 401 401 401 401 401 401 401 401 401 401 401 401 401 401 401 401 401 401 401 401 401 401 401 401 401 401 401 401 401 401 401 401 401 401 401 401 401 401 401 401 401 401 401 401 401 401 401 401 401 401 401 401 401 401 628 627 628 627 626 626 625 624 624 623 623 622 621 621 621 620 619 619 618 617 615 615 615 614 614 612 612 611 610 609 608 608
401 402 401 401 402 401 401 401 401 401 401 401 401 401 401 401 401 401 401 401 401 401 401 401 401 401 401 401 401 401 401 401 401 401 401 401 401 401 401 401 401 401 401 401 401 401 401 401 401 401 401 401 401 401 401 401 401 401 401 401 401 401 628 628 627 627 626 627 625 624 624 624 623 622 621 621 621 620 619 618 618 617 615 616 615 614 613 613 612 611 610 610 609 608
401 402 401 401 401 401 401 401 401 401 401 401 401 401 401 401 401 401 401 401 401 401 401 401 401 401 401 401 401 401 401 401 401 401 401 401 401 401 401 401 401 401 401 401 401 401 401 401 401 401 401 401 401 401 401 401 401 401 401 401 401 401 628 628 627 627 627 626 625 624 624 624 623 622 622 621 620 621 619 618 618 618 616 615 615 614 614 612 612 611 610 609 609 608
402 402 401 402 401 401 401 401 401 401 401 401 401 401 401 401 401 401 401 401 401 401 401 401 401 401 401 401 401 401 401 401 401 401 401 401 401 401 401 401 401 401 401 401 401 401 401 401 401 401 401 401 401 401 401 401 401 401 401 401 401 401 628 628 627 627 627 626 625 625 624 624 623 622 622 621 620 620 619 618 618 618 617 615 615 615 614 612 612 612 610 609 609 609
