testData/tiles/smaller/grid30.0-10.0-40.0-20.0.asc
ncols   200
nrows   200
xllcorner   30.0
yllcorner   10.0
cellsize   0.05
NODATA_value   -9999.0
[rows 86 to 128 of 200, columns 96 to 191 of 200]
72 71 70 71 70 69 92 91 90 89 129 128 162 200 246 250 255 258 262 266 270 273 276 278 282 284 319 320 323 323 326 327 327 329 329 330 330 332 332 333 334 319 321 324 325 326 327 328 329 330 322 323 324 324 324 325 326 326 355 366 373 328 330 328 324 338 327 298 296 295 291 289 286 282 278 273 268 261 255 254 253 216 215 213 210 209 208 207 206 204 203 202 200 199 198 196
73 72 72 94 93 93 93 92 91 91 130 165 212 249 249 253 259 263 267 270 274 276 280 283 285 287 290 324 327 328 329 331 332 332 334 334 335 334 335 336 304 323 324 325 327 328 329 330 331 332 333 326 326 327 327 327 329 339 361 371 377 380 382 333 352 344 333 311 299 297 295 292 289 286 282 277 272 265 259 257 255 253 217 215 213 211 209 207 206 204 203 202 200 199 198 196
74 96 96 95 95 94 94 93 93 93 139 213 251 251 253 260 263 267 271 275 279 280 284 286 290 291 294 296 330 332 333 334 336 336 337 337 338 338 339 305 307 325 326 328 329 330 331 332 333 334 334 335 336 328 329 329 330 347 366 376 382 384 387 384 402 349 340 321 302 301 299 296 293 290 285 280 275 269 262 258 258 255 219 217 216 213 211 210 208 205 203 202 200 199 198 196
98 97 97 97 96 96 96 95 141 141 141 176 255 254 258 264 267 271 275 278 282 285 288 290 294 296 297 299 301 334 337 338 338 340 340 341 341 341 309 309 310 328 328 329 331 332 333 334 335 336 337 338 338 339 331 332 334 356 373 380 386 389 391 411 408 401 393 329 306 305 301 299 296 292 288 284 278 273 267 261 260 258 222 220 219 216 214 213 210 207 206 204 202 199 199 197
99 98 99 98 97 98 144 143 144 144 145 180 259 258 263 269 272 276 279 282 285 289 291 294 291 299 301 302 304 306 306 308 309 310 310 311 311 312 312 311 313 331 332 333 333 334 335 336 337 338 338 339 340 340 342 334 335 360 377 385 390 393 393 414 410 405 397 381 354 306 305 303 299 295 291 286 281 276 269 263 261 260 223 222 220 218 216 215 213 210 208 206 204 202 200 198
100 101 100 99 99 146 146 146 148 148 148 184 221 261 267 271 276 278 283 286 290 291 295 297 296 302 304 306 307 308 311 311 312 312 314 314 314 314 314 316 316 333 335 335 335 336 336 337 338 339 340 341 341 343 343 343 337 365 379 387 393 396 419 417 414 407 400 386 357 355 307 306 302 297 293 288 283 277 272 264 263 261 225 223 222 219 218 216 215 213 209 208 207 205 203 201
102 102 101 101 149 149 150 150 151 151 151 224 224 225 270 275 278 282 285 289 292 296 298 300 298 305 307 309 310 312 313 313 314 316 316 316 317 317 317 318 318 337 337 337 338 339 340 340 341 341 342 343 343 344 345 346 347 376 382 391 395 398 421 420 417 411 403 389 358 357 355 306 303 299 294 290 285 279 274 267 264 263 226 225 223 221 219 218 216 214 211 210 210 207 206 204
103 103 151 151 152 153 153 153 154 153 189 228 227 229 235 279 283 286 290 292 296 298 301 304 301 303 311 311 313 315 316 317 318 319 319 319 320 320 321 320 321 339 340 340 341 342 342 342 342 343 344 344 345 345 346 347 349 380 393 393 397 423 424 422 419 415 406 392 360 359 357 353 351 301 296 292 287 281 275 269 265 264 263 226 225 223 221 219 217 215 213 213 211 209 209 206
105 154 154 154 156 156 156 155 157 157 191 230 230 232 238 282 286 288 293 296 299 301 303 306 304 306 313 315 316 318 318 319 320 321 321 322 322 324 323 323 324 342 342 342 343 344 345 344 344 345 345 346 346 347 347 349 349 381 394 401 398 424 426 424 420 416 407 393 360 359 357 354 351 349 298 292 288 283 276 270 266 264 263 226 225 223 221 219 218 217 216 214 213 212 210 209
155 157 157 157 158 158 158 159 159 159 194 232 232 235 241 244 288 291 295 298 302 304 307 309 307 310 315 317 319 320 321 322 324 324 325 324 324 326 326 325 327 344 344 346 346 346 347 347 348 348 347 347 348 348 349 350 350 382 396 404 409 426 426 425 423 418 408 396 361 360 358 354 352 349 345 294 289 284 278 272 267 265 264 227 226 224 222 220 220 219 217 216 216 213 212 212
158 159 160 160 161 161 161 161 162 161 197 235 235 238 244 249 252 294 298 300 304 307 310 312 309 312 314 319 321 322 324 324 325 326 327 327 328 327 328 328 328 345 346 348 348 348 348 348 349 350 350 349 349 349 349 350 351 385 398 405 432 428 428 427 423 417 410 397 361 360 357 355 352 349 344 341 290 285 278 273 268 266 265 228 227 225 223 223 221 220 219 218 217 215 215 213
160 161 162 162 164 164 163 163 165 164 199 237 237 241 247 250 254 257 301 304 308 309 311 314 312 313 316 322 323 326 326 327 327 329 329 329 330 330 329 331 330 348 349 349 349 349 349 349 350 350 350 350 349 350 349 351 356 385 398 405 432 436 429 428 423 419 410 397 361 360 357 355 353 350 345 342 337 332 280 274 267 266 265 228 227 225 223 222 222 222 220 218 218 216 215 214
163 165 164 165 166 166 165 166 167 166 201 239 239 244 249 254 257 259 263 306 310 312 314 317 315 317 318 325 325 327 328 329 329 331 330 332 332 332 332 332 348 350 351 351 351 352 352 353 352 352 352 352 351 351 350 352 352 386 399 407 433 437 435 427 423 419 410 398 361 360 358 355 353 349 345 343 338 333 327 274 267 267 266 229 228 226 225 224 224 222 221 220 220 217 217 221
166 167 166 167 167 168 168 168 169 168 204 242 242 247 252 256 260 262 267 268 311 315 317 318 317 319 320 322 329 329 330 332 333 333 333 334 334 334 335 334 340 352 352 353 354 354 354 355 355 355 354 354 354 353 353 353 353 387 399 428 433 436 436 435 424 419 411 396 361 360 358 356 352 349 346 342 338 333 328 322 268 267 265 229 228 228 226 225 225 224 223 221 221 219 224 288
168 168 169 169 169 170 170 170 171 171 205 243 245 249 254 258 261 265 268 272 274 316 319 321 318 321 329 329 337 337 339 339 340 341 342 342 342 343 344 343 343 360 360 361 362 360 360 361 361 361 360 360 360 359 359 353 352 385 399 428 433 436 437 435 431 417 410 395 362 360 357 355 352 350 347 342 338 333 327 322 269 266 266 230 228 228 226 226 226 224 223 222 221 225 224 225
170 170 171 171 172 172 172 173 172 173 207 245 247 253 257 262 265 267 270 273 283 285 326 329 327 328 332 334 335 341 344 345 345 345 346 348 348 348 348 347 347 364 366 366 366 366 365 366 366 366 366 364 364 362 362 361 360 390 404 434 438 435 435 433 431 418 409 394 360 359 357 355 353 349 345 342 339 333 329 323 315 267 266 229 229 228 226 227 226 226 224 223 227 227 228 229
171 172 173 174 173 173 175 174 174 174 248 247 249 254 259 263 273 275 279 281 285 288 292 334 333 334 336 338 339 347 347 348 349 351 351 351 352 352 352 352 352 368 369 369 369 369 370 370 369 370 370 368 367 367 365 364 364 393 405 433 438 440 441 440 438 426 407 392 361 360 358 354 352 349 345 341 338 333 329 322 316 314 265 229 230 229 228 227 226 225 224 223 229 230 231 230
174 174 175 175 175 176 176 176 176 177 211 249 257 262 266 270 275 279 282 286 291 292 296 299 336 339 341 342 344 345 352 352 352 354 355 355 356 356 355 355 355 372 372 372 372 372 373 373 372 372 372 372 371 370 369 368 367 394 429 435 440 441 441 439 436 428 419 397 367 359 357 354 352 348 344 341 338 332 328 322 316 313 312 229 229 229 227 227 227 227 225 224 230 232 232 231
176 176 176 177 178 177 178 178 178 184 219 257 260 265 271 275 281 282 288 290 294 297 300 302 301 343 344 345 347 349 355 355 357 357 357 403 358 358 359 360 359 376 375 374 374 374 375 375 375 375 374 374 372 372 371 371 370 393 429 435 440 442 443 440 436 428 419 402 367 365 363 359 351 348 345 340 337 332 328 321 316 313 312 277 230 228 228 227 227 226 225 230 233 234 234 232
176 178 178 178 179 179 179 186 185 186 224 262 308 315 320 324 328 332 337 338 343 346 348 351 349 351 392 395 395 397 398 403 404 405 405 407 407 407 406 407 406 423 422 423 422 422 422 423 422 422 422 422 421 420 418 417 417 438 474 436 440 442 443 441 436 428 420 402 368 367 364 361 357 353 344 340 337 331 327 322 315 312 312 276 229 229 228 228 227 226 225 231 235 235 235 234
178 180 224 225 232 232 232 233 235 270 271 310 312 317 324 327 332 335 339 343 346 349 354 357 354 359 359 362 403 405 407 408 413 414 415 415 415 415 415 415 415 431 430 429 428 428 428 427 427 425 424 422 421 421 420 419 418 434 474 480 485 487 487 485 481 472 463 443 423 369 365 362 358 354 349 345 342 331 326 321 315 311 311 276 276 228 228 227 228 227 226 232 235 235 237 235
225 225 233 232 234 236 236 238 239 240 276 317 320 327 333 339 343 346 353 356 359 365 366 365 369 371 372 375 376 418 418 420 426 426 427 427 427 428 428 428 426 443 442 441 439 439 438 438 437 437 437 437 433 431 429 428 426 433 476 483 486 487 486 484 479 472 460 437 424 415 412 408 405 401 397 347 342 336 332 320 314 312 311 275 276 274 227 228 227 226 230 235 237 238 237 236
233 232 235 238 240 244 247 249 250 252 290 328 333 338 431 350 354 359 364 366 371 374 377 376 379 380 383 384 385 388 430 430 430 436 436 436 437 437 437 437 436 453 451 450 450 449 449 448 447 447 446 446 443 441 440 439 438 434 483 491 494 494 493 491 483 474 462 429 425 422 413 409 406 401 398 393 389 382 377 371 319 311 311 276 276 274 274 227 226 225 232 235 237 238 238 237
240 244 245 250 252 254 258 258 261 349 386 424 429 434 440 445 451 454 458 464 380 382 386 386 387 390 391 393 393 396 398 398 438 439 445 445 445 446 445 445 444 461 460 459 458 456 456 456 455 455 453 453 450 449 447 446 445 443 485 496 500 501 499 495 489 479 464 438 434 429 417 412 407 402 398 394 390 385 378 372 365 361 361 276 274 274 275 227 226 225 232 235 237 238 239 237
248 253 255 257 261 262 264 355 355 357 393 434 435 443 448 452 459 462 466 470 474 477 393 392 393 396 397 399 401 404 404 404 405 447 452 452 452 452 452 452 452 468 467 465 464 463 461 461 461 460 460 457 456 455 454 451 450 448 485 498 503 505 503 498 491 480 464 443 440 437 431 419 414 409 403 396 391 385 379 373 365 363 360 326 325 319 274 273 227 226 233 236 238 239 239 238
256 259 263 264 267 357 358 360 361 363 400 439 440 448 454 458 464 468 472 475 479 483 481 482 400 401 403 405 406 408 410 411 413 413 414 460 461 459 459 459 458 474 474 473 470 469 467 466 465 465 464 462 460 459 457 455 455 452 477 498 504 504 503 499 491 480 456 448 443 440 436 423 419 414 408 403 397 389 383 374 366 364 362 326 324 324 318 319 226 230 234 238 237 239 238 239
219 264 268 270 358 361 363 364 365 368 403 444 445 450 457 462 466 472 476 480 482 487 485 487 490 405 409 410 413 413 415 417 420 420 420 420 425 465 466 465 464 480 479 478 477 474 473 471 470 467 465 464 463 461 460 459 455 455 475 495 502 503 502 498 489 475 452 448 446 443 439 434 421 417 412 407 399 392 385 376 367 365 364 327 325 324 323 324 316 229 235 238 238 238 238 238
222 268 271 362 362 365 366 368 369 372 407 409 448 455 461 466 471 475 480 482 487 490 489 492 494 498 413 415 417 419 419 422 423 424 424 424 424 431 471 470 470 486 483 483 480 479 476 475 473 471 468 466 466 464 463 460 458 479 477 486 499 501 498 495 486 468 454 450 448 445 440 436 423 418 414 408 401 394 387 379 369 366 365 327 327 325 324 323 321 275 235 237 238 240 238 239
225 272 360 363 365 368 368 372 372 373 411 411 450 456 461 469 473 478 482 485 489 488 491 496 498 501 502 419 420 423 424 426 426 427 426 428 428 434 433 433 471 488 487 486 483 483 481 477 475 473 471 471 466 465 462 461 459 457 477 475 490 494 493 490 479 457 453 450 447 444 441 437 431 419 413 409 402 395 387 380 370 367 364 328 328 327 325 324 320 329 234 236 239 238 239 239
226 359 362 365 366 369 370 372 373 375 411 412 451 458 463 468 474 478 483 487 491 490 494 497 501 504 505 509 423 425 427 427 430 430 430 430 431 432 436 436 435 435 490 488 486 484 482 480 478 475 473 471 468 465 462 461 460 457 477 473 473 486 485 479 460 456 452 449 446 442 439 434 431 418 413 408 400 393 386 378 369 365 364 328 328 326 326 324 321 330 240 243 237 239 239 240
227 315 362 364 366 367 371 371 373 375 411 414 452 457 463 470 474 479 482 487 491 493 496 498 502 504 508 511 425 427 428 430 431 431 432 432 433 432 433 437 436 434 450 449 447 485 483 482 479 477 474 470 468 466 463 460 458 454 476 473 471 467 464 461 459 453 450 447 443 440 438 432 428 422 410 404 398 390 383 374 367 386 363 328 328 326 326 324 323 287 287 241 243 238 239 240
311 314 361 363 366 368 369 372 372 375 411 412 413 456 462 468 473 478 484 488 488 493 496 500 504 507 507 510 513 427 428 430 432 432 433 433 433 432 432 432 436 435 451 450 448 446 445 482 480 478 473 471 468 465 463 458 456 452 473 469 468 466 462 459 454 451 447 444 440 437 433 427 446 441 428 422 416 408 402 392 387 386 385 350 350 348 347 346 304 309 310 243 244 245 239 241
308 311 314 360 362 365 366 370 370 372 409 410 410 453 460 465 472 476 483 487 486 492 495 498 500 505 508 510 513 428 428 429 429 431 431 431 431 431 430 430 430 435 450 448 446 445 443 440 438 435 473 470 467 463 460 456 453 449 469 466 463 461 458 454 450 447 443 438 456 453 448 444 439 436 422 415 409 404 396 391 387 386 385 350 350 347 301 299 304 310 312 314 267 267 268 241
303 307 308 357 359 359 364 364 368 368 404 407 408 449 456 462 469 474 479 485 486 489 494 498 501 503 506 507 510 511 427 429 429 429 431 431 431 430 430 429 429 427 449 448 446 442 441 439 436 434 431 427 424 460 458 453 449 447 465 461 458 456 452 448 444 461 460 455 450 446 441 436 432 427 423 411 407 402 395 390 386 384 385 303 303 302 301 300 306 311 314 315 270 268 267 267
300 300 302 349 352 354 356 359 361 363 365 400 402 405 450 457 464 470 476 476 481 486 489 493 496 498 502 506 506 509 424 424 425 426 425 426 427 427 426 426 424 424 439 441 442 439 437 436 433 429 426 424 420 417 412 409 405 440 457 454 449 446 465 463 458 454 449 445 439 437 435 433 429 425 421 410 405 399 395 388 340 339 304 302 302 302 301 301 307 312 315 315 229 229 229 228
300 302 302 304 349 352 351 352 353 355 356 393 394 397 443 451 457 462 470 472 475 480 483 487 491 494 496 500 502 503 417 419 420 422 422 422 422 422 422 422 420 418 417 433 430 434 431 428 424 422 420 417 413 409 405 401 397 391 409 406 423 419 456 454 451 448 444 442 439 437 434 430 428 425 422 366 360 355 350 344 342 342 305 306 304 303 304 264 270 273 275 277 276 230 229 229
256 258 304 304 351 351 352 353 354 354 355 391 392 393 439 445 451 458 457 462 465 470 476 480 482 486 489 492 492 496 411 411 413 414 415 414 414 414 414 412 413 410 409 425 423 420 422 421 418 415 410 408 405 401 398 395 392 389 429 426 423 418 415 413 409 406 403 402 398 351 349 346 344 341 337 326 321 316 311 305 305 318 268 268 267 266 265 264 273 276 279 279 280 231 230 229
256 258 260 260 262 307 308 309 309 311 312 347 393 395 401 447 452 459 459 462 468 472 475 479 481 483 488 489 491 492 407 408 408 409 409 411 411 409 409 409 407 407 405 421 419 418 416 419 416 414 412 410 406 404 400 396 393 412 430 382 378 373 370 367 365 362 359 357 355 351 349 347 344 340 338 349 337 332 327 323 321 321 285 283 283 282 282 282 275 279 281 281 282 234 233 232
257 259 260 261 262 308 309 309 311 311 313 349 350 352 364 403 408 410 416 420 425 428 432 434 438 440 443 445 447 449 363 363 366 368 368 366 366 366 367 366 366 364 362 378 377 375 372 370 367 370 366 364 362 359 356 374 371 366 363 382 380 374 371 367 365 363 361 358 355 353 352 347 346 358 353 350 337 333 327 323 324 323 286 284 285 284 284 283 291 295 283 283 283 283 235 233
257 258 261 261 263 264 310 311 310 313 313 349 352 355 357 365 409 412 417 421 426 429 433 436 439 442 445 447 449 451 366 367 368 367 369 369 369 368 368 367 366 365 365 380 377 376 374 372 369 367 370 367 362 360 379 374 372 369 365 382 378 375 372 368 367 364 362 360 356 352 352 364 361 358 355 350 339 349 327 325 324 323 287 285 286 285 285 283 293 298 298 299 285 285 236 236
256 259 260 263 262 264 310 311 312 313 314 316 354 356 358 365 407 413 418 422 427 432 434 438 441 444 446 448 451 452 367 367 368 369 369 370 370 370 369 369 368 367 364 364 379 377 374 372 370 369 365 363 387 383 378 375 372 368 364 383 379 377 374 370 368 366 363 360 358 370 383 381 379 375 373 367 355 350 344 343 342 307 305 305 303 286 285 289 297 298 300 302 302 302 239 236
257 258 261 262 263 264 266 311 313 314 315 319 355 359 360 364 369 413 419 423 429 432 434 439 441 445 448 450 450 452 367 368 370 370 371 372 370 371 371 370 369 367 368 366 379 377 375 373 370 368 366 384 381 383 381 376 372 369 365 386 383 378 375 373 368 367 381 378 390 387 383 381 378 374 371 367 362 349 345 344 343 307 307 305 305 304 301 307 313 299 301 302 302 302 255 238
257 258 259 261 263 264 265 312 313 314 317 319 358 359 363 362 369 413 420 424 429 432 436 439 442 445 447 450 453 454 368 370 370 373 372 373 373 373 372 372 370 370 367 366 381 380 377 375 370 367 387 385 380 378 375 377 373 369 367 364 384 381 378 373 388 383 381 393 390 387 384 380 378 375 371 367 362 348 345 344 344 307 307 306 304 303 303 309 316 316 319 302 303 303 255 254
