testData/tiles/smaller/grid40.0-10.0-50.0-20.0.asc
ncols   200
nrows   200
xllcorner   40.0
yllcorner   10.0
cellsize   0.05
NODATA_value   -9999.0
[rows 0 to 41 of 200, columns 0 to 94 of 200]
372 374 375 424 430 457 462 465 469 472 475 479 482 485 458 461 438 441 440 443 420 420 450 376 377 377 337 336 335 334 332 332 330 328 344 350 354 356 356 358 360 360 359 358 356 353 353 353 353 351 350 350 310 310 308 306 301 301 299 297 295 293 292 303 303 302 302 301 301 300 299 298 283 281 280 278 276 275 273 272 226 225 223 222 220 218 216 214 212 210 208 204 201 198 194
374 379 427 456 460 463 468 472 475 478 483 485 488 490 464 465 469 468 448 425 427 426 355 384 383 384 382 342 342 341 339 338 338 336 349 356 361 364 366 366 366 367 367 366 365 363 360 358 355 353 351 351 350 347 347 303 303 300 299 298 296 294 291 304 304 303 302 302 301 301 299 298 283 281 280 278 276 275 273 271 270 224 223 222 219 217 216 214 212 210 206 203 200 197 194
371 404 456 460 464 468 472 476 479 482 484 488 491 494 497 470 471 474 475 452 431 430 358 360 388 388 388 386 346 345 344 343 342 340 356 360 365 368 370 371 373 374 372 372 370 369 366 365 364 358 356 352 350 346 345 343 341 301 298 298 295 293 291 304 303 303 302 301 300 299 299 298 282 282 280 278 277 275 273 271 270 224 223 220 219 217 215 213 211 209 206 203 200 197 193
396 451 455 461 465 470 473 476 480 483 487 490 493 497 499 500 475 475 477 454 454 360 362 362 363 390 390 390 388 349 348 346 345 344 357 363 367 372 373 375 374 374 375 375 374 371 370 367 365 364 361 356 350 346 345 343 342 339 300 297 296 293 290 303 303 302 302 301 300 300 298 298 283 281 280 279 277 275 274 272 270 268 221 220 218 216 215 213 211 207 205 202 199 196 191
396 451 455 458 462 469 472 475 480 485 489 491 494 495 498 502 501 476 453 455 383 385 361 362 363 362 391 390 390 389 348 348 346 345 360 361 367 369 373 374 376 375 376 377 375 373 371 369 366 364 356 356 351 346 345 343 342 340 299 298 295 293 291 303 302 302 301 301 300 299 299 298 282 282 280 278 277 275 273 271 268 267 220 219 217 216 214 212 209 207 204 201 198 194 190
439 442 453 456 460 465 470 475 484 488 492 495 498 499 498 500 502 474 452 382 382 382 385 361 363 361 361 390 388 389 349 346 346 344 343 359 364 369 372 374 374 374 373 374 373 372 369 364 363 359 357 352 349 345 345 343 342 340 299 298 295 294 290 304 303 302 302 301 300 300 298 298 283 281 279 279 277 275 273 270 268 266 265 218 217 215 213 210 208 206 203 200 197 193 189
435 438 448 452 458 464 471 477 483 487 492 496 500 500 502 499 500 477 449 377 380 380 381 358 357 358 358 358 388 385 385 346 343 341 340 356 360 364 367 369 371 370 371 371 370 365 363 361 358 355 351 348 345 346 344 343 341 301 299 296 296 292 292 290 302 301 301 300 300 299 299 283 282 281 280 278 276 273 272 271 268 266 264 262 216 214 211 209 207 205 202 199 195 191 187
427 431 441 448 455 461 468 475 481 485 491 494 496 501 500 500 477 473 373 373 375 375 375 376 353 354 354 354 355 381 381 380 339 338 336 350 353 357 361 362 364 365 362 360 360 358 357 354 352 347 348 345 345 344 344 303 302 300 299 296 294 293 291 290 302 301 300 300 299 299 298 282 282 280 279 277 275 274 272 270 267 265 263 261 215 212 210 208 206 203 201 197 193 190 185
423 424 428 442 448 455 463 471 478 482 485 490 493 495 495 493 468 399 396 366 367 369 369 370 347 347 348 348 346 347 345 373 373 332 330 328 345 350 350 353 354 355 354 353 352 350 347 348 347 347 346 346 305 305 303 303 300 298 297 296 294 291 291 290 302 300 300 299 299 298 298 281 280 279 278 276 274 273 271 269 267 265 262 259 213 211 209 207 205 202 198 195 192 188 183
383 424 429 442 447 452 457 463 468 475 480 484 486 486 487 465 390 388 385 384 354 356 357 357 358 335 335 334 334 333 333 332 359 319 320 318 331 335 339 342 343 344 348 349 349 349 350 348 308 307 307 305 305 304 304 301 299 298 296 294 293 289 290 289 300 300 298 298 297 297 296 280 280 278 277 275 274 273 271 269 266 264 261 258 256 210 208 206 203 200 197 193 190 186 180
382 386 392 397 409 414 420 466 471 477 481 481 482 483 458 383 382 379 375 370 340 341 342 342 344 321 320 321 320 321 321 322 322 322 311 311 310 327 336 338 343 345 308 308 310 311 309 310 308 309 306 306 303 303 301 300 298 297 296 294 291 290 289 288 288 299 298 297 296 296 295 280 279 277 277 275 273 271 269 267 264 262 259 257 255 208 206 203 201 198 195 192 188 182 177
380 386 392 398 411 417 423 429 437 441 445 447 447 423 350 347 343 340 338 333 300 301 302 302 303 280 281 280 281 281 282 283 284 284 284 273 273 288 293 298 302 305 306 308 309 309 310 309 310 307 307 304 304 301 300 299 298 295 294 292 291 289 288 288 287 298 298 296 296 295 280 279 278 277 275 274 272 270 268 266 264 261 259 256 254 252 204 201 199 196 193 189 184 179 173
380 387 393 399 405 417 424 430 439 444 449 451 354 352 350 346 345 341 337 334 329 300 301 303 302 280 280 280 281 283 283 285 285 285 285 246 246 274 289 296 301 304 306 309 309 309 311 309 308 308 306 305 303 301 299 297 296 295 292 291 289 288 287 287 286 298 297 296 295 294 279 278 277 276 274 271 271 269 267 264 262 260 257 255 252 249 202 199 197 194 190 186 181 176 168
380 386 393 398 404 418 424 431 439 447 451 357 356 354 349 347 344 341 337 332 328 299 299 300 302 279 279 281 282 282 285 285 285 287 287 288 246 247 262 294 299 303 307 306 308 308 309 309 309 308 306 304 302 301 298 296 293 292 290 288 288 287 287 286 284 297 295 294 293 293 278 276 275 273 272 271 269 267 265 263 261 258 256 252 249 247 200 197 194 190 187 183 178 171 167
379 385 391 397 404 411 425 431 439 448 363 358 355 353 350 347 343 339 335 332 329 326 299 299 300 278 279 280 282 284 284 286 287 288 288 288 247 247 248 263 266 300 303 306 307 308 307 308 306 307 307 304 303 299 297 295 293 289 289 287 285 286 285 283 284 282 294 292 292 276 275 275 273 272 271 269 267 265 264 262 260 256 254 251 248 245 242 195 191 188 184 179 173 167 151
377 383 390 395 402 409 422 430 364 349 354 354 352 350 347 344 341 339 334 330 326 325 297 298 299 276 280 280 283 284 285 285 288 288 289 290 289 249 248 249 263 268 272 302 304 306 306 306 307 305 304 302 302 298 296 294 291 288 286 285 284 284 283 282 282 280 292 291 290 275 274 273 271 271 269 267 265 264 262 259 257 254 252 249 246 242 239 191 188 184 180 175 167 151 151
375 382 387 393 400 405 412 331 337 342 346 349 348 347 344 341 338 335 332 328 324 323 296 297 298 277 279 280 283 285 285 287 287 289 289 291 291 251 250 249 263 264 269 273 274 305 305 304 304 302 302 301 298 297 294 292 289 287 284 283 283 282 281 282 280 279 290 290 288 274 272 271 270 269 267 266 263 261 259 257 254 252 249 246 243 239 236 188 185 181 175 168 167 151 151
377 378 384 390 396 330 314 327 332 335 340 342 342 341 339 336 335 332 328 325 320 323 322 296 297 276 278 281 283 284 287 287 289 289 292 291 291 291 252 250 249 263 265 269 272 272 273 274 303 302 301 298 296 296 294 289 288 284 282 280 281 281 279 280 278 277 276 288 272 272 270 269 267 266 264 263 261 259 257 255 252 250 248 243 239 236 233 184 181 175 169 167 151 150 150
376 380 385 319 298 303 309 315 327 330 332 334 334 335 334 332 329 328 325 320 319 320 323 293 297 276 278 280 282 283 285 288 288 290 290 292 292 292 251 253 250 249 263 264 267 269 271 270 270 270 268 297 295 293 291 288 286 283 281 278 278 278 276 276 276 274 274 285 269 268 267 267 265 263 263 261 259 257 254 253 249 247 244 240 273 232 229 224 175 169 167 151 150 150 150
375 281 286 293 298 304 303 309 313 323 327 327 328 328 328 328 325 323 319 318 317 319 321 293 296 275 278 280 282 284 285 287 288 290 291 291 293 294 294 252 252 250 249 262 260 264 267 266 266 267 265 264 262 260 289 287 283 280 279 278 276 275 276 274 273 271 271 268 267 266 265 264 263 262 260 258 256 253 252 249 246 243 240 273 269 228 224 219 168 167 151 150 150 150 150
278 279 283 288 293 298 303 308 307 317 319 321 321 322 322 321 318 318 316 314 316 317 319 292 272 274 277 278 281 284 284 287 289 290 292 293 293 296 295 253 251 251 249 247 260 258 261 262 264 263 263 261 259 258 254 254 250 249 276 276 273 272 273 271 271 269 269 253 265 263 263 261 260 259 256 254 252 251 248 246 243 240 237 232 228 223 218 212 167 150 150 150 150 150 149
277 277 278 283 288 293 297 302 306 308 312 315 316 315 316 316 313 311 311 313 313 315 318 319 271 272 276 278 279 283 283 286 289 290 291 293 295 296 294 294 252 251 249 247 244 242 255 256 258 257 258 257 256 254 251 250 248 245 244 243 241 239 240 267 267 265 251 249 261 259 259 257 256 255 253 251 250 247 245 242 239 235 231 227 223 217 212 195 150 150 121 121 120 120 120
275 276 277 278 283 286 291 295 299 302 304 308 309 307 308 308 308 307 308 310 312 313 316 296 269 272 275 276 280 281 283 285 287 289 290 291 292 295 294 293 252 252 250 247 244 242 239 252 250 251 252 250 251 249 247 246 245 243 241 241 238 236 237 235 234 234 219 218 215 227 227 225 224 223 221 218 217 215 211 208 205 201 197 192 186 183 166 166 121 121 120 120 120 120 119
311 274 275 277 278 281 284 288 293 294 297 298 307 301 300 301 302 304 307 309 309 312 313 294 268 269 273 275 277 281 282 285 287 287 290 291 293 293 294 293 292 251 250 247 244 242 239 235 232 245 245 244 245 244 241 241 240 239 238 237 235 232 233 231 231 216 215 214 212 224 223 221 221 219 216 214 212 209 206 203 199 195 190 185 168 167 166 166 121 120 120 120 120 119 119
311 312 313 314 316 280 281 284 285 287 291 292 292 300 296 298 300 301 304 306 307 309 290 291 266 270 270 273 277 277 280 284 284 287 288 290 292 292 292 292 292 251 248 246 244 241 239 235 231 228 240 238 237 236 235 235 254 234 232 231 230 227 227 227 226 211 210 209 207 219 218 216 215 213 211 209 207 204 200 196 191 187 186 169 168 167 166 165 120 120 120 119 119 119 119
354 310 311 313 314 316 317 319 285 286 288 290 291 300 301 302 299 301 304 305 307 285 286 291 263 266 269 271 273 277 278 281 283 283 287 289 290 292 292 292 292 250 249 246 262 259 255 253 249 245 243 239 250 248 246 247 248 247 245 245 244 241 241 241 226 225 224 223 221 201 213 211 210 208 205 203 200 196 191 189 188 171 170 169 167 166 165 165 120 120 119 119 119 119 118
329 353 354 311 313 314 315 318 319 321 286 288 290 292 300 300 302 298 300 303 281 283 287 290 265 266 269 271 274 274 277 279 280 283 283 286 288 288 289 310 309 309 266 265 262 258 255 250 247 245 242 238 234 231 228 242 239 238 238 238 237 234 234 235 220 219 217 217 215 214 225 223 221 219 197 194 192 191 174 173 172 171 169 168 167 166 165 165 119 119 119 119 118 118 118
328 328 329 354 355 312 314 316 317 320 285 286 288 290 290 299 301 302 274 277 279 280 284 288 261 264 267 269 272 274 276 278 281 282 285 305 304 306 306 307 308 309 266 262 259 256 253 249 247 243 239 237 235 232 229 227 224 222 235 232 229 226 225 211 211 210 208 208 206 205 203 214 214 213 212 196 195 194 174 172 171 170 169 168 167 165 164 164 119 119 118 118 118 118 117
326 327 327 329 330 355 312 313 316 318 283 284 286 288 288 290 276 276 278 279 275 278 281 285 258 262 264 267 269 271 274 276 296 299 300 302 304 304 305 307 305 305 262 262 258 255 252 250 247 245 242 238 237 234 230 229 226 224 222 219 216 213 198 196 195 194 191 190 188 188 186 198 198 197 195 195 194 193 192 191 190 170 169 167 166 165 164 164 118 118 118 118 117 117 117
325 325 326 327 329 330 332 333 254 256 258 260 262 263 264 266 267 274 276 277 278 275 278 282 256 257 262 262 267 287 289 292 295 295 297 300 300 302 303 305 305 306 305 262 257 256 253 251 248 244 242 240 238 237 233 230 229 226 222 221 218 214 199 197 196 196 193 192 190 190 188 187 199 197 195 195 194 193 192 190 189 188 187 186 166 165 163 163 118 118 117 117 117 117 116
323 324 324 326 327 292 293 294 297 254 256 258 259 260 262 263 265 266 274 274 276 277 275 279 252 255 257 280 282 285 286 290 290 293 295 296 300 301 301 303 304 302 302 261 259 257 255 250 248 246 243 242 239 235 234 231 229 228 224 221 220 202 201 200 198 197 196 194 193 191 191 189 189 200 198 196 195 193 191 190 189 188 187 185 184 183 163 163 117 117 117 129 116 116 116
322 285 286 287 289 290 291 293 295 296 298 256 258 259 261 261 262 263 265 273 273 274 277 274 250 269 274 276 278 281 283 285 288 291 293 296 299 299 301 302 301 303 300 260 258 256 255 251 250 245 244 242 241 237 235 234 231 227 226 222 205 203 202 201 200 197 197 195 194 193 192 191 189 202 200 198 198 196 194 192 189 187 198 197 197 197 198 199 136 137 136 136 136 135 134
283 284 284 286 287 289 290 291 292 295 297 298 255 257 258 260 261 262 263 263 265 273 274 296 263 267 270 273 275 278 282 284 289 290 293 293 295 299 300 299 301 300 300 258 257 256 252 250 249 248 244 242 239 237 236 233 233 229 227 210 206 205 204 202 202 199 198 197 196 195 195 193 192 191 202 200 198 197 208 206 208 209 208 207 207 207 207 207 163 163 144 143 143 143 142
282 282 283 284 286 287 288 290 291 293 294 295 297 254 256 258 258 260 260 262 263 282 292 292 267 262 267 270 274 277 280 283 285 287 292 293 294 296 297 298 298 296 298 297 255 253 252 250 250 247 244 242 240 238 236 234 230 228 226 210 207 205 205 203 202 200 199 198 197 196 195 194 193 192 204 214 213 217 219 218 219 218 218 217 216 214 213 214 169 168 169 169 149 148 148
281 281 281 282 284 285 287 288 289 290 292 294 295 297 299 255 257 257 258 279 279 280 281 291 263 267 263 269 271 276 279 281 284 287 289 290 292 293 295 295 295 296 294 293 252 252 251 250 248 246 243 242 239 238 235 234 230 229 213 210 208 207 205 204 203 201 201 199 198 198 196 196 195 205 209 224 225 226 227 228 227 227 226 225 224 221 219 219 173 174 173 173 173 172 152
280 279 280 280 281 283 285 286 287 288 290 291 293 295 295 297 254 256 276 276 277 278 278 281 263 265 265 267 271 273 277 280 281 283 286 288 288 289 291 291 293 293 292 291 251 250 249 248 248 243 242 240 238 237 237 233 232 215 213 210 207 207 205 204 203 202 200 200 199 198 197 209 213 216 217 220 234 234 234 233 233 234 233 230 229 228 227 226 179 178 177 176 176 175 175
278 279 278 279 280 281 283 284 285 286 287 289 291 292 293 294 315 272 273 275 275 276 278 281 255 259 268 266 269 271 274 277 279 281 283 286 287 288 288 288 289 288 288 290 249 249 248 245 243 243 241 241 238 237 234 232 216 214 211 208 209 207 207 206 203 203 202 202 200 212 217 219 222 223 225 226 227 240 241 240 238 238 237 236 235 233 232 232 185 183 182 179 179 179 178
277 277 277 277 278 280 281 282 283 285 286 288 288 290 291 312 313 314 271 271 274 276 278 280 255 256 261 269 268 270 272 272 276 279 280 282 283 285 286 286 285 286 286 286 245 245 243 244 243 241 241 238 237 234 233 217 217 213 211 209 208 207 206 205 204 203 202 213 218 221 225 227 228 231 232 231 232 245 245 245 244 242 242 241 240 238 237 191 191 189 187 186 183 182 181
275 276 276 275 277 278 279 281 282 283 284 284 286 306 308 309 310 312 312 272 274 276 278 280 253 256 259 261 264 268 269 271 274 274 276 277 279 281 281 282 282 282 284 283 282 243 243 241 240 240 238 238 235 234 219 217 215 212 210 210 208 207 206 204 204 203 217 221 226 229 231 233 234 235 237 236 237 235 250 249 249 248 246 245 244 243 241 196 195 193 191 190 188 186 183
274 274 274 274 274 275 277 278 279 280 281 283 303 305 306 307 308 310 313 315 274 275 277 280 252 254 257 259 261 258 262 269 270 273 273 275 274 275 276 279 279 279 281 281 280 241 240 240 239 239 237 235 234 219 217 215 213 210 210 208 208 207 205 206 216 221 226 230 231 234 236 237 239 240 239 241 241 241 239 252 251 250 250 248 246 246 245 200 199 197 195 193 192 189 188
272 273 273 272 273 274 275 276 278 279 280 300 301 302 303 305 308 310 313 315 317 276 277 250 251 253 255 257 259 259 256 258 259 268 269 270 272 272 275 275 276 277 278 278 279 239 238 236 237 236 235 234 219 217 214 213 211 210 208 209 208 207 206 218 225 229 232 236 238 240 241 242 242 243 244 244 245 244 244 242 254 254 253 251 250 250 248 202 202 200 199 197 196 193 192
271 271 271 271 271 272 274 275 276 277 297 297 298 299 301 304 307 310 313 314 318 316 275 247 248 250 252 252 255 257 259 255 257 258 260 268 270 271 272 272 274 275 275 276 275 236 235 234 235 234 218 217 217 214 213 211 210 208 209 208 207 206 220 226 232 234 237 239 242 244 245 246 247 247 247 247 247 246 247 245 258 257 257 254 253 252 207 206 204 204 202 201 200 198 196
