testData/tiles/smaller/grid0.0-30.0-10.0-40.0.asc
ncols   200
nrows   200
xllcorner   0.0
yllcorner   30.0
cellsize   0.05
NODATA_value   -9999.0
[rows 129 to 171 of 200, columns 96 to 191 of 200]
168 151 152 152 152 152 152 152 152 152 152 154 154 154 154 160 160 160 160 160 159 159 160 160 160 161 160 161 161 161 210 161 119 119 202 202 201 202 201 200 200 200 232 232 231 230 229 229 243 242 241 272 279 280 284 288 290 291 293 293 293 293 292 290 288 285 282 275 276 273 240 237 235 230 223 212 212 213 215 215 238 241 241 242 242 243 243 244 238 238 240 241 242 242 295 296
168 152 152 152 152 152 152 152 152 152 136 136 154 154 161 161 160 160 160 160 160 159 159 160 160 160 161 161 161 161 205 119 119 119 202 202 201 201 201 200 200 200 199 231 231 230 229 228 228 242 241 271 280 278 283 286 288 290 290 293 292 292 290 289 286 285 280 275 274 273 239 238 233 230 223 211 211 213 214 236 237 239 240 241 241 241 243 243 244 237 239 240 295 295 294 297
169 152 152 152 152 152 152 152 136 136 136 136 154 161 161 161 161 160 160 160 160 159 159 160 159 160 161 160 161 161 158 119 119 119 119 201 202 201 201 200 200 200 199 231 230 230 229 228 227 227 241 271 279 279 280 285 286 288 289 291 291 291 289 287 285 284 279 275 273 272 238 237 233 228 222 209 211 212 212 236 236 238 239 240 240 240 241 242 243 245 292 293 292 295 297 298
169 152 152 152 152 152 152 136 136 136 136 136 161 161 161 161 161 160 160 160 160 160 159 159 160 160 160 160 161 119 153 119 119 118 119 118 202 201 200 201 200 199 199 231 230 231 230 229 228 227 226 271 279 278 279 282 285 286 287 288 289 287 288 285 284 281 278 273 272 270 237 235 232 228 222 208 209 211 233 234 235 237 238 237 239 239 240 241 243 298 297 291 294 296 298 298
169 152 152 152 152 152 136 136 136 136 136 136 143 161 161 161 161 161 160 160 160 160 159 159 160 160 160 161 118 119 147 119 119 119 118 118 118 201 200 200 200 199 198 198 231 230 230 229 228 227 226 256 279 278 279 281 283 284 285 287 287 286 286 284 281 280 275 272 272 270 236 235 231 227 220 207 208 231 232 233 232 236 236 236 237 238 239 295 295 295 297 293 296 297 299 298
169 152 152 152 136 136 136 136 136 136 136 143 143 161 161 161 161 161 160 160 160 160 159 159 159 159 160 119 118 119 138 119 118 119 118 118 118 117 200 200 200 199 198 198 231 230 229 229 228 227 225 256 264 278 279 280 282 283 284 285 285 285 284 282 280 276 272 270 270 268 235 234 229 226 220 206 207 229 230 231 231 234 235 235 236 236 292 294 293 295 297 301 296 298 299 301
169 152 152 136 136 136 136 136 136 136 136 143 143 161 161 161 161 161 160 160 160 160 159 159 159 159 118 118 118 118 118 118 118 118 118 117 118 117 117 200 199 199 198 197 231 230 229 228 228 227 226 255 263 263 264 280 281 281 283 282 283 283 283 280 278 274 271 268 267 265 233 231 228 223 218 204 227 228 228 230 230 233 233 234 235 290 289 292 293 295 299 300 295 296 300 303
153 136 136 136 136 136 136 136 137 136 143 143 143 143 161 161 161 161 160 160 160 160 159 159 159 117 117 118 117 118 118 118 118 118 118 117 118 117 116 117 199 198 198 198 197 230 229 228 227 227 226 255 263 262 263 264 281 281 282 281 280 281 280 278 276 271 268 267 266 264 233 229 227 223 216 203 225 227 227 228 231 232 232 286 287 288 288 290 292 296 299 300 303 297 300 303
136 136 136 136 136 136 136 136 136 143 143 143 143 143 161 161 161 161 160 160 160 160 159 159 117 116 117 118 117 118 117 118 117 118 117 117 117 117 116 116 116 198 197 197 197 229 229 228 227 226 226 255 263 262 261 264 266 280 282 281 280 279 277 275 275 270 265 265 264 262 229 228 225 220 215 223 224 225 226 227 227 230 284 284 285 287 287 291 293 295 299 301 303 305 300 303
136 136 136 136 136 136 136 136 136 143 143 143 143 143 143 161 161 161 160 160 160 160 159 117 117 116 116 117 117 117 117 118 117 118 117 117 117 116 116 116 116 115 197 197 197 229 228 228 227 226 224 255 263 262 261 262 264 265 266 280 279 278 276 273 270 266 264 262 262 260 228 225 222 218 214 221 223 223 224 224 225 281 283 283 284 284 287 291 292 295 297 300 304 305 300 303
136 136 136 136 136 136 136 136 136 143 143 143 143 143 143 161 161 161 160 160 160 118 117 117 117 116 116 117 116 117 117 117 117 117 117 116 117 116 115 116 115 115 114 196 197 196 228 227 227 226 224 223 263 262 260 262 263 263 266 265 279 277 276 272 268 264 261 259 259 226 225 223 220 215 232 219 219 221 221 222 278 280 280 281 282 283 286 288 292 295 297 301 303 304 300 301
136 136 136 136 136 136 136 136 143 143 143 143 143 143 143 161 161 160 160 160 118 118 117 117 117 116 116 115 116 117 116 117 116 116 116 116 116 116 115 116 115 114 114 113 112 196 228 227 226 225 224 223 262 261 260 261 263 263 263 263 263 261 274 271 268 263 260 257 255 223 222 220 217 214 230 217 218 218 220 275 275 279 279 280 280 281 285 288 290 294 297 299 302 304 307 302
136 136 136 136 136 136 136 136 143 143 143 143 143 143 143 143 161 160 160 118 118 117 117 117 116 116 116 115 116 115 116 115 116 116 116 116 116 115 115 114 115 114 113 113 112 111 194 226 225 224 224 223 262 261 259 260 261 262 263 262 262 260 258 255 267 262 260 257 254 220 220 217 215 210 228 214 216 217 271 273 274 276 277 277 278 280 284 287 290 293 295 298 301 305 307 301
135 136 136 136 136 136 136 143 143 143 143 143 143 143 143 143 160 118 118 118 118 117 117 117 116 116 116 115 115 115 115 115 116 115 116 115 115 115 114 114 114 114 113 112 112 111 110 143 225 224 223 222 262 260 259 259 259 262 262 262 261 260 257 254 250 246 259 257 254 220 218 215 211 230 225 212 213 269 270 269 271 273 274 275 277 279 283 285 289 291 294 298 300 302 304 308
135 135 136 136 136 136 136 143 143 143 143 143 143 143 143 100 100 118 118 118 117 117 117 117 116 116 115 115 115 114 115 115 115 115 115 115 114 115 114 114 113 113 113 112 111 111 110 109 141 224 223 222 260 260 259 258 259 260 260 260 260 259 256 253 250 244 243 240 253 219 216 212 209 225 220 208 264 265 266 267 268 271 272 273 275 279 280 284 287 289 294 296 298 301 304 307
180 180 135 136 136 136 136 143 143 143 143 143 143 101 100 100 100 100 118 118 117 117 117 116 116 116 115 115 114 114 115 114 115 114 114 114 114 113 114 113 113 112 112 112 111 110 110 109 141 140 140 231 260 259 258 257 258 258 260 258 258 258 256 252 248 244 243 240 237 204 216 212 208 225 218 207 261 263 263 264 266 267 269 271 273 277 278 283 285 289 291 294 297 300 220 222
180 180 180 180 136 136 143 143 143 143 143 101 101 100 100 100 100 100 118 117 117 117 117 116 116 116 115 115 114 114 113 114 113 114 113 114 113 113 113 113 112 112 111 111 111 110 109 109 108 140 138 138 177 259 257 256 257 257 259 258 257 256 253 249 246 244 242 240 237 203 200 196 207 224 216 260 261 261 262 262 262 263 266 268 271 274 277 281 283 287 289 293 212 215 217 220
180 180 180 180 180 135 142 142 100 100 100 100 100 100 100 100 100 100 99 117 117 117 116 116 116 115 115 115 114 114 113 113 113 113 113 113 113 113 112 112 112 111 111 110 109 109 109 108 106 139 138 137 145 176 174 173 254 255 257 257 256 255 252 248 245 242 241 238 204 201 199 195 190 206 252 259 259 260 260 261 261 261 264 265 269 272 275 277 280 201 204 209 210 213 216 219
180 180 180 180 180 138 100 100 100 100 100 100 100 100 100 100 100 99 99 117 117 116 116 116 115 115 115 114 114 113 113 112 112 112 113 112 112 112 112 111 111 111 110 110 109 108 108 107 106 105 138 137 145 174 173 172 171 171 172 254 253 254 251 248 244 242 241 238 204 201 198 194 189 259 251 244 244 259 260 260 260 261 261 265 267 269 188 191 196 198 201 203 208 210 214 216
179 138 138 138 138 138 145 145 100 100 100 100 100 100 100 100 99 99 99 99 116 116 116 116 115 115 115 114 114 113 113 112 112 112 111 112 111 112 111 111 110 110 110 109 156 108 107 106 106 105 137 135 144 174 173 171 171 170 171 170 169 167 165 245 244 242 240 237 203 200 197 193 188 258 243 243 243 244 244 245 245 259 177 181 183 185 189 191 193 195 198 202 204 207 209 214
137 137 137 138 138 145 145 145 145 100 100 100 100 100 99 99 99 99 99 98 116 116 116 115 115 115 114 114 113 113 112 112 111 111 111 111 111 110 111 110 157 156 155 156 155 154 154 153 152 105 104 136 144 175 172 171 169 168 168 168 168 166 164 161 159 157 156 153 119 115 113 108 158 172 159 159 159 159 160 160 160 161 161 163 183 186 187 189 192 196 198 201 202 204 209 211
137 137 137 137 137 144 144 145 145 145 99 99 99 99 99 99 99 99 98 98 98 116 115 115 115 114 114 114 113 113 112 112 111 111 110 110 110 110 156 156 156 156 155 154 154 153 152 153 152 151 150 136 144 173 172 171 169 167 167 166 165 164 162 160 159 157 155 152 118 115 112 161 178 170 159 159 159 159 159 160 160 160 161 163 166 169 172 174 176 194 197 199 202 205 206 209
137 137 137 137 137 144 144 144 144 144 144 99 99 99 99 99 99 98 98 98 98 97 115 115 114 114 114 113 113 112 112 111 111 110 110 109 109 156 156 155 155 155 154 154 153 154 153 152 152 151 150 148 143 142 171 170 168 168 166 165 164 162 161 159 157 156 153 121 117 114 111 160 155 168 158 159 159 159 159 159 158 159 159 161 164 169 171 173 175 178 180 183 185 188 206 208
136 136 137 137 137 144 144 144 144 144 144 144 144 99 99 98 98 98 98 98 97 97 97 114 114 114 113 113 112 112 111 111 110 110 109 109 155 155 155 155 154 154 153 152 154 153 152 152 150 149 149 148 156 140 171 170 168 166 166 163 163 161 160 158 157 154 152 119 116 112 163 158 152 165 157 158 158 158 158 158 158 158 159 161 163 164 170 172 174 176 180 181 184 186 189 191
136 136 136 136 136 143 144 144 144 144 144 143 143 143 98 98 98 98 97 97 97 97 96 114 114 113 113 113 112 112 111 111 110 109 109 155 155 154 154 153 154 153 153 152 152 152 151 150 150 149 148 146 155 187 169 168 168 166 165 162 162 160 159 157 156 154 151 118 115 111 162 157 150 157 157 158 158 158 158 158 158 158 157 159 162 164 168 171 174 175 177 179 182 184 187 190
136 136 136 136 136 143 143 143 143 143 143 143 143 143 143 98 98 97 97 97 97 96 96 96 113 113 113 112 112 111 111 110 110 109 155 155 154 153 153 153 152 152 152 152 152 151 151 150 149 148 148 147 155 153 216 168 166 164 163 163 161 159 158 156 154 152 149 116 113 164 161 155 148 157 157 158 157 157 157 157 157 157 157 158 161 163 165 169 171 174 176 178 180 182 185 186
135 135 135 136 136 143 143 143 143 143 143 143 143 143 142 142 97 97 97 96 96 96 96 95 95 113 112 112 111 111 110 110 109 156 155 154 154 153 152 152 152 151 150 151 150 150 149 148 149 148 147 146 154 153 151 213 165 164 162 161 159 157 157 155 154 151 117 115 112 162 157 153 144 156 156 156 157 157 157 157 157 157 157 157 159 161 163 166 171 172 174 176 178 180 182 199
135 135 135 135 135 142 142 142 142 142 142 142 142 142 142 142 142 97 96 96 96 96 95 95 95 94 112 111 111 110 110 109 109 155 155 154 153 153 152 151 150 149 151 150 150 149 148 149 148 146 146 145 153 152 151 180 164 162 161 161 160 157 156 153 151 149 116 114 165 161 156 150 142 156 156 156 157 157 157 156 156 156 156 156 159 161 163 164 166 170 172 175 176 178 195 205
134 134 135 135 135 142 142 142 142 142 142 142 142 142 142 141 141 96 96 96 95 95 95 94 94 94 93 111 110 110 109 109 155 155 154 153 153 152 151 151 150 149 149 149 148 148 147 147 147 146 145 144 152 151 149 180 210 161 160 159 157 156 155 152 150 148 114 112 162 158 153 147 133 155 155 155 156 156 156 156 156 156 156 156 157 159 161 163 165 167 170 172 174 176 192 203
134 134 134 134 141 141 141 142 142 142 141 141 141 141 141 141 141 141 95 95 95 95 94 94 94 93 93 110 110 109 109 155 155 154 154 153 152 152 151 150 149 148 149 148 148 147 146 147 145 144 144 144 150 150 149 147 175 207 159 158 156 154 152 151 148 115 113 164 161 157 151 144 133 155 155 155 155 156 156 155 155 155 155 155 156 158 160 161 163 165 167 171 172 189 190 202
133 134 134 134 134 141 141 141 141 141 141 141 141 141 141 141 140 140 140 95 94 94 94 94 93 93 92 92 109 109 108 155 154 154 153 152 152 151 150 150 149 148 148 148 147 146 145 145 144 144 142 141 150 148 147 145 175 173 157 156 154 153 151 150 147 114 111 161 159 154 148 139 132 132 154 154 154 155 175 155 155 155 155 155 154 156 158 160 162 163 165 167 184 187 198 202
133 133 133 133 133 140 141 141 141 141 141 140 140 140 140 140 140 140 139 139 94 94 93 93 93 92 92 91 91 108 108 154 154 153 153 152 151 151 150 149 148 148 149 148 148 146 145 144 143 142 142 140 139 147 146 145 142 171 123 155 153 151 149 148 114 112 164 160 157 172 165 151 152 152 174 174 174 174 175 174 174 174 174 174 174 175 177 178 160 162 164 165 182 182 196 202
132 132 133 133 133 140 140 140 140 140 140 140 140 140 140 139 139 139 139 139 138 93 93 92 92 92 91 91 90 90 154 154 153 153 152 151 151 150 149 149 150 150 150 150 149 148 147 145 143 142 140 139 138 146 144 142 141 170 169 120 151 149 148 146 113 130 181 178 174 168 160 150 151 151 173 173 173 173 174 174 174 174 174 173 173 173 175 177 179 180 182 199 180 190 194 199
132 132 132 132 132 139 139 139 139 139 139 139 139 139 139 139 139 139 138 138 138 93 92 143 92 91 91 90 90 89 136 153 153 152 151 151 150 149 150 150 150 150 150 150 149 148 147 145 143 142 139 138 137 144 142 141 139 138 167 119 117 148 146 133 130 127 179 176 171 166 158 150 150 151 151 173 173 173 172 173 173 173 173 173 173 173 173 175 177 179 179 196 197 208 192 198
131 131 132 183 183 190 190 190 190 190 190 190 190 190 190 189 189 189 189 189 188 188 143 142 142 142 141 141 140 187 186 186 203 202 202 201 200 200 201 201 202 201 201 200 150 148 147 145 144 141 139 135 134 142 141 139 137 137 135 132 103 101 133 131 129 180 177 173 168 161 149 149 149 150 150 172 172 172 172 172 173 173 172 172 172 172 172 174 175 176 193 194 194 206 212 218
182 182 182 182 182 189 189 189 189 189 189 189 189 189 189 189 189 188 188 188 188 187 187 142 141 141 140 140 140 186 186 185 184 202 201 200 200 201 201 202 203 203 202 201 202 200 199 197 195 193 190 136 133 140 139 137 136 135 153 150 101 100 98 129 127 177 174 170 164 156 148 148 149 148 149 149 171 171 171 171 171 172 172 172 171 171 171 171 173 174 189 191 193 205 212 217
181 181 181 181 182 189 189 189 189 189 189 189 189 188 188 188 188 188 188 187 187 187 186 186 141 140 140 139 139 185 185 184 184 183 182 200 200 201 201 203 203 203 202 201 201 200 199 198 195 193 190 187 184 190 189 187 154 153 150 148 100 98 96 93 124 175 171 167 160 147 148 148 148 148 149 149 171 171 171 171 170 170 170 171 171 171 170 170 170 171 188 189 201 205 211 216
180 180 181 181 181 188 188 188 188 188 188 188 188 188 188 187 187 187 187 187 186 186 186 185 140 140 139 139 138 185 184 184 183 182 182 181 200 202 202 203 203 202 202 201 200 199 198 197 196 193 190 188 184 180 188 206 203 201 199 197 97 95 94 92 143 173 168 163 155 146 147 147 147 147 147 148 148 170 170 170 170 170 169 169 169 169 169 169 169 185 186 188 199 205 210 215
180 180 180 180 180 187 187 187 187 187 188 188 189 189 189 190 190 189 189 190 190 189 189 189 188 143 142 142 187 187 186 186 184 184 183 181 184 202 202 202 202 202 202 201 200 199 198 196 194 192 190 188 184 199 206 204 202 200 198 196 194 145 142 89 139 136 164 159 145 145 145 146 146 146 146 147 147 169 169 169 169 169 169 169 169 169 169 169 169 184 185 186 198 204 209 214
179 179 179 179 180 182 189 190 190 191 191 192 191 191 192 192 192 193 192 192 192 192 191 191 191 145 145 144 191 190 189 188 187 186 185 185 186 187 187 205 204 204 203 201 200 199 198 196 194 191 189 186 202 198 205 203 201 199 197 195 192 143 140 138 188 185 128 153 145 145 145 146 146 146 146 146 147 147 169 169 169 169 169 169 169 169 169 169 169 184 184 184 198 204 208 212
178 179 180 182 183 183 191 191 192 192 193 193 194 194 193 194 194 194 194 193 193 193 194 193 193 191 146 145 192 191 191 190 189 188 187 188 189 189 189 189 208 207 206 204 202 199 197 196 194 191 188 205 202 198 204 202 200 198 195 193 191 142 139 136 186 182 176 111 112 145 145 145 146 146 146 146 146 147 147 169 169 169 169 169 169 169 169 169 169 184 184 194 197 203 206 210
179 181 182 183 183 184 192 192 193 193 194 194 194 195 195 195 194 195 195 195 194 194 194 193 193 193 192 147 193 193 191 190 190 189 187 190 191 191 191 191 191 190 207 206 204 201 199 197 194 210 208 205 202 198 202 200 198 196 194 192 189 139 137 133 183 178 170 162 163 112 145 145 146 146 146 146 146 147 147 169 169 169 169 169 169 169 169 169 169 184 184 194 198 203 205 209
181 181 182 183 183 184 192 192 193 193 194 194 194 195 195 195 195 195 195 195 195 194 194 194 193 193 192 147 193 193 191 191 190 189 189 190 191 191 192 192 192 191 189 206 205 201 200 198 215 211 208 204 201 197 193 199 197 195 192 190 187 137 134 184 180 174 162 162 162 112 112 112 145 146 146 146 146 146 147 147 169 169 169 169 169 169 169 169 169 184 184 194 199 202 206 209
