testData/tiles/smaller/grid30.0-20.0-40.0-30.0.asc
ncols   200
nrows   200
xllcorner   30.0
yllcorner   20.0
cellsize   0.05
NODATA_value   -9999.0
[rows 50 to 99 of 200, columns 96 to 191 of 200]
0 0 0 0 0 0 0 0 0 0 0 0 0 0 0 20 20 20 20 20 20 20 35 35 35 35 35 38 40 42 43 55 55 56 57 58 58 59 59 60 60 62 63 66 67 68 70 71 72 75 76 77 79 80 81 82 85 86 87 88 89 96 97 99 116 117 119 108 110 112 114 116 126 130 217 219 221 224 226 228 231 233 235 237 239 246 249 250 253 258 262 265 270 275 277 282
0 0 0 0 0 0 0 0 0 0 0 0 0 0 20 20 20 20 20 35 35 35 35 35 35 38 39 41 42 43 44 56 57 57 58 59 59 60 60 61 61 62 64 65 67 69 70 72 73 74 76 78 79 80 82 83 84 85 88 89 90 96 97 98 116 117 119 123 125 127 122 126 128 131 218 220 222 224 226 229 231 233 235 237 238 247 249 251 253 257 261 266 270 274 278 280
0 0 0 0 0 0 0 0 0 0 0 0 0 20 20 20 20 35 35 35 35 35 35 35 38 39 41 42 43 44 45 57 57 58 59 59 60 60 61 61 62 63 65 66 67 69 71 72 74 75 76 77 79 80 82 83 85 86 87 88 89 96 98 99 116 117 119 124 134 136 138 140 127 130 218 220 222 224 227 230 232 233 236 238 245 248 250 253 254 258 262 266 270 273 279 282
0 0 0 0 0 0 0 0 0 0 0 0 0 20 20 35 35 35 35 35 35 35 35 38 39 41 42 43 44 45 46 58 58 59 59 60 61 61 61 62 62 63 65 66 68 69 70 72 73 75 77 78 79 80 82 83 85 86 88 89 95 96 97 98 117 118 129 132 134 136 139 141 143 147 219 221 223 225 227 230 233 235 237 238 241 248 250 252 254 259 263 266 270 273 278 280
0 0 0 0 0 0 0 0 0 0 0 0 20 35 35 35 35 35 35 35 35 35 38 39 41 42 43 44 45 46 47 58 59 60 60 61 61 62 62 62 63 63 65 66 68 70 71 72 74 75 76 78 80 81 82 83 85 86 87 88 90 96 99 100 117 126 128 132 134 137 139 141 143 231 233 235 223 226 228 230 232 235 237 239 241 249 252 254 255 259 263 265 270 273 277 280
0 0 0 0 0 0 0 0 0 0 0 15 35 35 35 35 35 35 35 35 35 38 39 41 42 43 44 45 46 47 47 48 60 60 61 61 62 62 63 63 63 64 65 66 68 69 71 73 74 75 77 78 79 80 82 84 85 86 87 89 91 97 98 107 125 126 129 133 135 138 140 142 144 232 234 237 240 242 228 232 234 236 238 241 243 250 251 253 255 260 263 265 271 273 277 280
0 0 0 0 0 0 0 0 0 0 15 35 35 35 35 35 35 35 35 35 38 39 41 42 43 44 45 46 47 47 48 49 60 61 61 62 62 63 63 63 64 64 66 67 68 70 71 72 73 75 77 78 79 81 82 83 84 86 88 89 91 97 107 109 126 127 130 133 135 137 139 141 144 234 236 238 240 243 245 232 234 237 238 240 242 248 252 254 256 258 262 265 269 272 276 280
0 0 0 0 0 0 0 0 15 15 15 35 35 35 35 35 35 35 35 35 39 41 42 43 44 45 46 47 47 48 49 49 61 61 62 62 63 63 64 64 64 65 65 66 69 70 71 73 74 75 76 78 79 80 82 83 85 87 88 89 99 106 107 108 110 127 129 131 134 138 140 142 145 232 235 238 240 242 244 247 250 236 238 240 244 251 251 254 255 259 264 264 267 271 275 278
0 0 0 0 0 0 0 15 15 15 15 35 35 35 35 35 35 35 35 38 40 42 43 44 45 46 47 47 48 49 49 50 61 62 85 63 63 64 64 64 65 65 65 67 68 69 71 72 74 75 77 78 79 80 82 84 117 86 88 98 100 106 108 109 110 127 131 133 136 138 141 143 146 234 236 238 240 244 246 248 250 254 240 241 243 250 251 254 256 258 261 265 267 271 273 278
0 0 0 0 0 15 15 15 15 63 35 35 35 35 35 35 35 35 38 40 41 43 44 68 69 69 70 71 71 72 73 73 74 85 86 86 86 87 87 88 88 88 89 90 91 93 71 72 73 75 76 77 78 113 115 116 117 119 129 130 100 106 107 108 111 128 130 132 135 139 141 144 146 234 236 239 242 243 245 248 250 252 253 256 243 246 252 253 254 257 260 263 265 271 274 289
0 0 0 0 15 63 63 63 63 63 83 83 83 83 35 35 35 35 62 64 65 66 67 68 69 70 71 71 72 72 73 74 74 86 86 86 87 87 88 88 88 89 89 89 91 92 93 95 97 98 99 77 111 113 114 115 118 127 129 130 131 105 108 109 110 128 130 133 135 137 141 145 147 235 237 239 241 245 246 248 250 252 255 256 258 245 251 253 254 257 259 262 266 267 286 288
0 0 0 63 63 63 63 63 63 83 83 83 83 83 106 106 58 61 63 65 66 67 68 69 70 70 71 72 72 73 73 74 74 86 86 87 87 88 88 88 89 89 89 90 91 92 93 95 96 97 98 100 134 136 138 119 131 130 129 130 132 107 108 110 111 128 131 133 137 140 142 144 147 234 236 238 242 244 246 247 250 252 254 255 257 260 251 254 255 257 258 261 263 265 284 285
0 0 63 63 63 63 63 63 63 83 83 106 106 106 106 106 106 62 64 65 66 67 68 69 70 71 71 72 73 73 74 74 75 75 87 87 87 88 88 89 89 89 90 90 90 91 94 95 96 97 99 101 134 136 140 160 167 163 130 130 132 106 108 109 110 113 131 135 137 139 143 145 147 235 237 239 241 243 245 248 250 253 255 256 259 260 261 253 254 256 257 260 263 279 283 286
0 63 63 63 63 63 63 63 86 106 106 106 106 106 106 106 109 111 64 66 67 68 69 70 70 71 72 72 73 73 74 74 75 75 87 87 88 88 88 89 89 89 90 90 90 92 93 94 95 97 99 132 134 136 150 165 180 169 158 154 156 107 108 111 112 113 131 134 137 140 142 144 146 235 237 239 242 245 247 249 250 252 254 255 258 260 261 268 253 255 257 258 261 277 279 282
15 63 63 63 63 63 86 86 106 106 106 106 106 106 106 106 109 112 65 66 67 68 69 70 71 71 72 73 73 74 74 75 75 76 76 87 88 88 89 89 89 90 90 90 91 91 93 94 96 98 99 101 135 144 148 160 167 163 154 154 155 124 132 110 112 115 132 134 137 138 142 145 147 234 237 240 241 243 246 248 249 252 254 255 257 257 259 262 269 255 256 257 274 275 277 280
63 63 63 63 86 86 86 86 106 106 106 106 106 106 106 109 110 112 114 67 68 69 69 70 71 72 72 73 73 74 74 75 75 76 76 88 88 88 90 90 90 91 91 91 92 92 93 95 97 98 99 100 142 144 145 149 153 152 152 153 155 125 131 133 136 114 115 135 137 139 142 143 233 235 238 240 241 243 245 248 249 252 254 254 256 258 260 261 262 268 255 255 270 273 275 278
63 63 86 86 86 86 86 86 107 108 107 106 106 106 106 109 111 113 114 67 68 69 70 70 71 72 72 73 74 74 75 75 76 77 77 89 89 90 90 90 92 92 92 93 93 93 93 95 98 98 100 110 144 145 147 148 149 151 152 154 156 125 132 134 135 137 139 134 136 140 142 145 146 234 236 239 241 243 245 247 248 250 252 254 256 257 259 260 262 263 269 269 271 272 274 276
86 86 86 86 86 86 86 109 113 115 113 109 106 106 106 109 111 113 114 67 68 69 70 71 71 72 73 73 74 74 76 76 77 77 79 79 90 91 91 91 92 93 93 94 94 94 94 97 97 99 100 111 112 146 147 147 150 151 153 153 123 125 133 134 136 138 138 156 159 139 142 144 148 234 236 238 241 242 244 247 248 250 253 253 255 256 258 259 260 261 268 283 269 270 271 272
86 86 86 86 86 86 87 113 119 122 119 113 107 106 106 110 112 113 114 67 68 69 70 71 71 72 73 74 75 75 77 77 78 78 79 80 91 92 92 92 93 93 93 94 94 94 96 96 98 99 110 111 112 114 114 117 118 120 121 122 124 127 128 134 136 138 139 140 158 162 165 144 147 233 235 239 241 242 244 246 247 249 251 252 254 255 257 258 261 262 276 283 284 269 269 270
86 86 86 86 86 86 88 115 122 130 122 115 108 106 106 110 112 113 115 68 69 69 70 71 72 73 74 74 76 76 77 78 79 79 80 80 81 93 93 94 94 94 94 95 95 95 97 97 99 108 111 112 114 114 116 118 120 121 122 123 125 127 128 135 136 137 139 141 159 162 164 167 169 233 235 237 239 241 243 246 247 249 251 252 253 254 257 258 258 260 275 276 277 283 268 269
86 86 86 86 86 86 87 113 119 122 119 113 107 106 106 110 112 113 115 68 69 69 70 72 73 74 75 75 77 77 78 78 80 80 81 81 83 94 94 95 95 95 96 96 96 97 98 99 99 109 111 113 114 115 116 119 120 121 123 125 128 128 129 136 136 139 139 140 159 161 164 166 168 256 235 237 239 240 243 245 246 247 249 250 253 254 255 256 257 259 273 274 275 276 282 268
86 86 86 86 86 86 106 109 113 115 113 109 106 106 109 110 112 113 115 68 69 70 71 73 74 74 76 76 77 79 79 79 81 81 82 82 83 84 95 96 96 96 97 97 97 98 99 100 108 109 111 113 113 115 116 119 120 122 123 126 127 129 131 131 138 139 139 141 143 161 162 165 168 255 256 258 238 240 242 244 245 247 248 251 252 253 254 257 256 258 273 273 276 275 276 282
86 86 86 86 86 86 106 106 107 108 107 106 106 106 106 110 112 113 115 69 70 70 72 73 75 75 76 77 78 79 80 80 81 82 83 83 84 84 96 97 97 97 98 98 99 99 101 101 110 110 113 113 115 116 118 120 122 122 125 126 127 130 130 133 139 138 140 141 143 162 163 165 167 255 256 258 261 239 241 243 244 246 247 249 250 252 252 254 255 269 272 273 273 275 275 275
86 86 86 86 86 86 106 106 106 106 106 106 106 106 106 110 112 113 116 69 71 71 73 74 76 76 77 78 79 79 81 81 82 82 84 84 84 85 85 97 98 98 98 99 100 100 102 110 111 110 112 114 115 117 118 120 122 124 126 125 128 130 131 133 140 140 141 142 143 144 163 164 166 253 255 257 259 261 240 242 243 246 247 249 249 251 252 253 253 269 271 271 272 272 274 274
38 86 86 86 86 86 106 106 106 106 106 106 106 106 106 110 113 114 68 69 71 72 73 75 75 77 78 78 80 80 81 82 83 83 84 85 85 86 86 97 98 99 99 101 101 102 103 112 111 112 113 114 115 117 117 121 122 125 125 128 129 130 132 134 134 141 142 142 143 146 164 164 166 253 256 257 259 260 262 264 243 245 245 247 248 250 250 253 254 268 270 270 270 271 271 273
38 86 86 86 86 106 106 106 106 106 106 106 106 106 106 110 112 115 68 70 71 73 74 76 76 77 79 79 81 81 82 83 84 84 85 86 86 87 87 87 99 99 99 101 101 102 110 112 112 113 114 115 117 118 119 120 124 125 126 128 130 130 132 133 134 142 142 143 143 145 147 164 165 253 254 256 258 259 261 264 264 243 244 246 247 248 250 251 252 267 267 269 268 269 270 270
38 38 86 86 86 106 106 106 106 106 106 106 106 106 107 110 113 67 69 70 72 73 75 75 77 78 79 80 81 82 83 83 85 85 85 86 87 88 88 88 89 100 100 102 102 103 112 113 114 114 115 116 117 117 120 121 124 124 127 128 129 131 134 133 136 136 143 143 144 145 146 164 167 253 255 255 257 258 261 263 264 266 244 245 246 248 248 249 251 265 266 266 268 267 268 268
38 38 38 86 86 106 106 106 106 106 106 106 106 107 107 111 65 67 70 71 73 74 75 76 78 79 79 81 81 82 83 84 84 86 86 87 87 88 89 89 89 101 102 102 104 112 113 114 115 115 116 116 117 119 120 123 123 126 127 128 129 132 132 135 136 137 143 144 145 145 146 147 166 167 253 255 256 258 260 262 262 264 265 244 245 246 248 248 248 264 264 265 266 267 266 268
38 38 38 38 38 106 106 106 106 106 106 106 107 107 60 61 64 68 69 71 72 74 75 77 78 79 80 82 82 83 84 85 85 87 87 87 88 88 90 90 90 91 103 103 105 113 114 114 116 117 117 117 118 120 120 123 123 126 128 128 130 132 132 135 135 137 137 145 144 146 146 148 165 167 254 254 257 257 259 259 261 262 264 265 244 245 246 247 247 263 262 263 263 266 266 266
38 38 38 38 38 58 58 58 58 58 58 59 60 60 61 61 65 67 69 72 73 75 76 78 78 79 81 81 83 83 84 85 86 86 88 88 89 89 89 91 91 91 93 104 105 115 115 116 116 118 117 118 118 121 121 122 124 126 128 129 131 131 133 134 136 137 139 145 146 146 146 148 148 165 253 253 257 257 258 259 261 261 264 265 265 243 245 245 246 260 262 261 263 263 265 264
38 38 38 38 38 58 58 58 58 58 59 59 60 61 61 62 63 67 70 71 73 74 76 77 79 80 81 82 83 84 85 86 87 87 88 89 89 90 90 91 92 92 94 106 114 115 116 117 117 117 118 119 121 121 123 123 124 126 127 129 131 131 134 134 136 136 138 139 146 145 148 148 149 149 251 253 254 254 256 257 259 260 263 263 265 265 242 243 258 259 260 260 261 261 262 261
38 38 38 38 38 58 58 58 58 59 59 60 61 61 62 63 63 67 69 72 73 75 76 78 79 80 81 83 83 85 85 86 87 88 88 90 90 91 91 91 92 94 94 96 115 116 116 118 117 118 119 120 122 122 123 124 126 125 127 130 130 132 133 135 135 137 137 139 145 146 147 149 148 149 252 253 255 255 256 256 257 258 260 261 262 264 264 242 242 257 257 259 258 259 259 259
38 38 38 38 38 58 103 58 59 59 60 61 61 62 63 63 64 64 69 72 73 75 76 78 79 81 82 83 84 84 86 87 87 89 89 89 91 91 92 92 92 94 94 96 105 117 116 117 119 119 120 120 123 122 124 125 126 127 127 129 130 132 133 135 135 138 138 139 140 145 147 148 148 149 150 252 254 255 256 255 257 257 258 259 260 261 262 262 240 255 255 256 256 257 257 258
38 38 38 38 83 113 116 114 104 60 61 61 62 63 63 64 64 65 69 71 73 75 77 78 80 80 82 83 84 85 87 87 88 89 90 90 90 92 92 93 93 94 95 96 104 106 118 118 119 120 121 121 122 124 125 126 126 127 128 129 130 131 133 133 136 137 138 138 140 145 147 147 147 149 150 236 253 253 255 255 257 257 257 257 258 259 260 260 262 253 254 254 256 255 255 256
38 38 38 83 101 129 132 130 123 105 61 62 62 63 64 64 65 66 66 70 72 75 76 78 80 81 83 83 84 86 86 88 88 89 90 91 91 92 93 93 94 95 95 97 105 106 108 119 120 120 122 121 123 124 126 126 127 128 128 130 130 132 134 133 135 136 137 138 139 141 146 148 147 148 149 234 252 253 254 253 255 256 255 257 256 257 258 258 260 274 252 252 253 252 254 254
38 38 83 90 106 134 138 136 128 113 62 62 63 64 64 65 66 66 67 67 72 75 76 78 79 81 82 84 84 86 87 87 89 89 91 91 92 92 94 94 94 96 96 97 106 107 108 109 121 121 122 123 124 126 126 126 128 128 130 130 130 132 133 133 134 137 136 138 138 140 141 147 147 148 148 235 234 251 252 252 252 254 253 254 255 255 256 257 258 274 273 249 250 249 250 251
38 38 38 83 101 130 133 131 124 106 62 63 64 64 65 66 66 67 67 68 72 73 76 77 79 80 82 83 85 85 87 88 89 90 90 92 92 93 93 94 95 96 97 98 107 108 109 109 110 122 122 124 124 127 126 127 128 129 131 130 131 131 132 132 134 136 136 137 138 139 139 146 147 148 149 149 235 235 251 251 253 252 252 253 252 253 253 254 255 270 270 247 248 247 248 248
38 38 38 38 103 114 118 116 106 62 63 63 64 65 65 66 67 67 68 69 69 73 74 77 79 80 82 83 85 86 87 88 89 90 91 91 93 93 94 94 95 97 97 98 108 108 109 110 111 110 123 125 125 126 127 128 128 129 131 131 132 132 133 132 133 135 135 137 137 139 139 140 146 147 147 148 234 235 234 250 251 252 251 250 250 251 250 252 253 268 267 268 246 245 246 246
38 38 38 38 39 59 60 61 62 62 63 64 65 65 66 67 67 68 69 69 70 70 74 76 78 80 81 83 84 86 87 88 89 91 91 92 93 94 94 94 95 97 98 107 108 109 110 110 111 111 112 125 126 127 127 128 129 130 131 131 131 132 133 133 133 135 134 135 136 138 139 140 140 147 147 147 233 233 232 248 249 248 249 247 249 249 249 250 251 266 265 264 266 242 243 243
38 38 38 38 39 60 61 61 62 63 64 64 65 66 66 67 68 68 69 70 70 71 72 75 77 79 81 83 84 86 87 88 89 90 91 92 93 94 94 95 95 97 97 99 108 109 109 110 111 111 113 114 125 127 128 128 129 129 132 132 132 133 133 132 134 135 135 135 135 137 137 138 138 141 145 147 146 231 231 231 246 246 247 246 245 246 246 246 248 249 262 262 263 263 241 241
38 38 38 39 40 60 61 62 63 63 64 65 66 66 67 68 68 69 70 70 71 72 72 73 77 78 81 82 84 85 87 88 89 90 91 92 93 93 95 95 96 97 98 99 107 109 110 110 112 112 113 113 115 128 127 128 130 130 131 131 132 133 134 133 134 134 134 135 135 136 137 137 137 139 139 144 145 230 230 228 230 245 245 245 244 245 244 244 245 246 261 260 261 260 239 239
38 38 38 39 40 61 62 62 63 64 65 65 66 67 67 68 69 70 70 71 72 72 73 74 74 78 79 82 83 85 86 88 89 90 91 93 93 94 95 96 96 97 98 99 108 109 110 111 112 112 114 114 115 117 128 129 129 130 131 132 131 133 133 133 134 135 135 134 135 135 135 136 137 137 138 139 143 227 228 227 228 226 243 242 241 241 241 241 242 243 258 257 258 257 257 235
38 38 39 40 40 61 62 63 63 64 65 66 66 67 68 69 69 70 71 71 72 73 73 74 75 75 76 80 82 85 86 88 88 90 91 92 93 94 94 96 96 98 98 100 108 109 110 111 112 113 113 113 116 115 117 129 130 131 131 132 131 134 133 133 133 134 134 135 135 135 136 135 134 135 136 135 136 142 227 225 226 226 224 240 240 239 240 239 240 240 255 255 255 255 255 255
38 38 39 40 41 61 62 63 64 65 65 66 67 68 68 69 70 71 71 72 73 73 74 75 75 76 77 77 81 83 85 86 88 89 91 92 93 94 94 95 97 98 98 100 108 110 110 111 112 112 113 114 116 115 118 117 130 129 130 132 132 132 133 133 133 135 134 134 134 135 134 135 135 134 135 135 135 134 224 224 225 223 222 222 237 236 235 236 235 237 237 252 252 252 252 252
38 39 39 40 41 62 63 63 64 65 66 67 67 68 69 70 70 71 72 72 73 74 75 75 76 77 77 79 79 83 85 86 89 90 92 92 93 95 95 96 97 98 99 100 108 110 110 112 111 112 113 114 115 116 118 117 119 130 131 131 131 131 133 133 133 134 134 133 134 133 135 134 134 134 134 133 132 132 133 222 221 222 222 220 220 234 233 234 233 235 235 248 250 249 250 249
38 39 40 41 41 62 63 64 65 65 66 67 68 68 69 70 71 71 72 73 74 74 75 77 77 78 79 79 80 81 82 86 88 90 91 93 94 95 96 96 97 97 100 100 110 111 110 111 111 113 113 113 115 116 116 117 119 119 119 131 132 131 133 132 132 133 134 133 134 133 133 133 133 133 133 133 133 132 131 215 220 220 219 218 217 217 232 230 230 230 232 231 246 246 247 246
38 39 40 41 42 63 63 64 65 66 66 67 68 69 70 70 71 72 73 73 74 76 77 77 78 80 80 81 82 82 83 83 84 87 90 91 93 94 96 97 97 98 100 101 110 110 111 111 111 113 113 113 115 115 116 117 117 118 118 120 131 131 131 132 132 132 133 133 132 132 134 133 133 132 132 132 131 130 129 129 213 217 217 217 216 216 214 213 228 228 228 229 242 242 242 243
39 40 40 41 42 63 64 64 65 66 67 68 68 69 70 71 72 72 74 75 76 76 78 79 79 80 81 83 83 84 84 85 86 86 90 91 93 95 95 97 98 99 99 100 102 110 112 111 112 113 113 113 114 115 116 117 117 118 118 119 119 120 131 132 131 132 132 131 133 132 131 132 132 131 130 130 130 131 130 129 212 211 217 216 214 213 212 211 210 226 225 225 226 240 240 240
39 40 41 41 42 63 64 65 66 66 67 68 69 70 70 71 73 74 74 75 77 78 78 79 81 82 82 83 84 84 86 87 87 88 88 89 92 94 95 97 97 98 99 101 101 110 111 112 113 113 113 114 114 114 115 116 116 117 118 117 119 118 119 131 131 130 130 132 131 131 130 131 131 130 130 130 130 129 128 127 127 211 210 209 213 212 211 210 209 207 223 222 222 236 237 236
39 40 41 42 43 63 64 65 66 67 67 68 69 70 71 72 73 74 76 77 77 79 80 81 81 83 84 85 85 86 87 87 88 88 89 90 90 91 94 95 97 98 99 101 101 110 111 113 112 113 114 113 114 115 115 115 116 116 118 117 117 119 118 118 118 130 130 131 130 130 130 129 130 129 129 129 128 128 127 127 125 209 208 207 208 211 210 209 207 206 205 205 220 220 234 234
