testData/tiles/smaller/grid0.0-20.0-10.0-30.0.asc
ncols   200
nrows   200
xllcorner   0.0
yllcorner   20.0
cellsize   0.05
NODATA_value   -9999.0
[rows 102 to 152 of 200, columns 96 to 191 of 200]
19 18 18 18 17 17 17 17 17 17 16 16 16 16 16 16 16 16 16 22 22 89 89 88 89 92 95 95 98 100 101 103 105 105 108 109 110 161 163 164 165 165 166 166 166 167 167 167 167 161 161 160 159 158 174 173 172 169 106 104 103 101 98 96 95 92 90 89 89 88 83 83 82 81 81 80 80 79 78 78 78 79 79 80 73 74 74 75 75 72 72 84 156 161 163 166
18 18 18 18 16 17 16 16 16 16 16 16 15 15 15 15 15 15 15 15 15 88 88 88 90 91 93 96 98 99 101 104 104 106 109 110 111 162 164 165 166 166 167 167 169 169 169 168 163 162 162 161 160 159 175 174 173 171 107 105 102 100 99 97 95 92 90 88 88 87 82 82 80 80 79 79 78 78 78 78 78 78 72 72 73 73 74 74 75 71 72 154 156 160 163 165
18 17 17 15 15 15 16 16 16 15 15 15 15 15 15 14 14 14 15 14 19 19 81 88 90 92 94 95 97 99 101 102 105 107 108 111 112 114 165 166 167 168 168 169 170 170 170 170 164 164 163 162 161 160 158 175 173 110 108 104 103 101 99 97 95 92 90 88 86 86 86 79 79 78 78 78 78 78 78 78 71 71 71 72 72 73 73 74 70 71 71 153 156 160 162 166
17 17 15 15 15 15 14 15 15 15 15 15 14 14 14 14 14 13 13 13 19 19 80 82 84 92 94 96 98 99 101 103 105 107 109 112 113 114 116 167 168 169 169 170 171 171 171 166 165 165 164 163 162 160 159 176 174 109 108 105 103 101 99 97 94 92 90 88 85 85 83 78 78 78 78 78 78 78 71 71 71 71 71 71 72 72 73 73 69 70 141 153 156 159 163 165
16 14 14 14 14 14 14 14 14 14 14 14 14 14 14 13 13 13 13 18 17 17 19 83 84 86 88 89 98 100 102 104 106 108 110 111 113 115 117 167 169 170 171 171 172 172 168 167 167 166 165 164 163 161 160 157 112 109 107 105 103 101 99 96 94 92 89 87 84 83 83 83 78 78 78 71 71 71 71 71 71 71 71 71 71 71 72 68 69 69 141 152 155 159 162 164
14 14 14 14 14 13 13 13 13 13 14 14 13 13 13 13 13 12 12 17 17 17 18 20 84 87 88 91 93 95 97 105 107 109 111 113 114 116 117 119 169 170 172 172 168 168 168 167 167 166 165 164 161 160 158 95 111 109 107 105 104 101 99 97 94 92 90 87 85 83 83 83 71 71 71 71 71 71 71 71 71 71 71 71 71 71 67 68 68 139 151 153 157 160 163 165
13 13 13 13 13 13 13 13 13 12 12 12 13 13 13 12 12 12 12 17 16 17 19 21 22 86 88 90 93 96 98 100 102 104 105 114 116 118 119 121 171 172 173 169 169 169 169 169 167 166 165 164 162 161 97 95 93 110 108 106 104 102 100 97 95 92 90 88 79 77 76 76 71 71 71 71 71 71 71 71 71 71 71 71 71 67 69 69 69 141 141 153 156 159 162 165
13 13 13 13 13 12 12 12 12 12 12 12 11 11 12 12 12 12 16 16 16 17 19 21 23 25 89 91 93 96 98 100 102 104 106 108 109 111 113 114 123 173 169 170 170 171 170 170 169 168 167 165 164 100 98 97 95 111 109 107 105 103 100 90 88 86 84 82 80 77 76 76 76 71 71 71 71 71 71 71 71 71 73 73 69 69 69 69 140 140 140 152 156 159 163 165
12 12 12 12 12 12 12 12 12 11 11 11 11 11 11 10 11 11 16 16 15 17 19 25 24 26 28 92 94 96 99 101 103 105 107 109 111 113 114 116 118 114 164 165 166 166 166 165 164 163 162 160 96 95 93 91 89 87 103 101 99 95 93 91 89 87 85 82 80 78 76 76 76 71 71 71 71 71 71 73 73 73 73 69 69 69 69 70 141 141 141 152 154 159 161 165
12 12 12 12 11 11 11 11 11 11 11 11 10 10 14 14 14 14 19 19 19 21 24 26 28 30 33 35 37 101 103 106 108 106 108 110 112 114 116 118 114 116 117 167 168 168 168 167 166 165 101 100 98 96 94 92 90 88 104 101 98 96 94 92 90 87 85 83 81 78 76 76 76 71 71 71 73 73 73 73 73 69 69 70 70 70 70 70 141 141 142 153 155 204 207 209
11 11 11 11 11 11 11 11 11 10 14 14 14 14 14 13 13 13 18 18 19 22 24 26 29 31 33 35 38 40 42 106 108 111 113 115 117 115 117 114 116 118 119 169 170 170 170 169 106 105 103 101 99 97 95 93 90 88 85 101 99 97 95 92 90 88 86 83 81 79 77 76 76 73 73 73 73 73 73 73 70 70 70 70 70 70 71 142 142 142 142 199 200 204 206 209
11 11 11 11 10 10 10 14 14 14 14 14 13 13 13 13 13 13 18 18 19 21 23 26 28 31 34 36 38 40 43 45 47 111 113 116 118 115 117 119 117 119 121 122 172 173 110 109 108 106 104 102 99 97 95 93 90 88 86 84 100 97 95 93 91 88 86 84 81 79 77 78 78 73 73 73 73 74 74 70 70 70 70 71 71 71 71 142 142 188 188 199 200 204 207 209
10 10 10 10 14 14 14 14 13 13 13 13 13 13 13 13 13 13 18 18 19 21 24 26 28 31 33 35 37 40 42 44 47 50 52 54 51 54 56 58 60 62 64 62 63 112 111 110 108 106 104 102 100 98 95 93 91 89 86 84 100 98 95 93 91 89 86 84 82 81 79 78 78 73 73 74 74 70 70 70 71 71 71 71 71 71 71 142 189 189 189 189 200 203 206 209
6 6 14 13 13 13 13 13 13 13 13 13 13 13 13 14 14 14 19 19 20 23 26 28 30 32 34 36 39 41 43 45 47 49 46 49 51 53 55 58 60 62 64 66 68 65 113 111 109 107 105 103 100 98 96 94 91 89 87 84 82 98 96 93 91 89 86 86 84 82 79 78 79 74 74 70 70 71 71 71 71 71 71 71 72 72 143 189 189 189 189 189 200 201 205 208
9 9 9 9 13 13 13 13 13 13 13 14 14 14 15 15 15 20 20 21 22 25 27 29 32 34 36 38 40 42 44 47 49 45 47 50 51 53 56 58 60 62 65 67 69 72 118 112 110 107 105 103 101 98 96 94 91 89 87 85 82 80 96 93 91 91 89 86 84 82 80 79 79 70 70 71 71 71 71 71 71 71 72 72 72 72 189 189 189 189 189 189 200 201 205 208
9 9 9 9 9 9 13 13 14 14 15 15 15 16 16 16 16 16 22 22 23 26 28 30 32 59 37 39 42 43 45 42 45 47 48 51 53 54 56 58 60 62 64 66 68 69 68 115 109 107 105 103 100 98 96 94 91 89 87 84 82 80 78 95 93 91 88 86 85 83 80 75 75 71 71 71 71 71 71 72 72 72 72 72 72 118 189 189 189 190 190 190 190 201 203 206
9 9 9 9 9 9 10 10 11 15 16 16 16 17 41 41 41 42 47 47 48 50 53 55 57 60 62 64 66 64 65 67 69 72 73 75 77 55 57 58 60 61 63 65 66 67 66 65 112 110 104 102 100 98 95 93 91 89 86 84 82 80 79 77 93 91 89 87 81 78 76 76 76 71 71 71 71 72 72 72 72 72 72 72 72 118 190 190 190 190 190 190 190 201 201 205
9 9 9 10 10 11 11 12 12 12 37 37 42 42 42 42 43 43 48 48 49 51 53 56 58 60 63 60 62 64 67 68 70 72 74 76 78 79 81 83 84 62 63 64 64 65 64 63 62 109 107 101 99 97 95 93 90 88 86 84 84 81 79 77 75 87 85 83 80 79 77 76 76 71 71 72 72 72 72 72 72 72 72 73 119 190 190 190 190 190 190 190 190 190 201 203
9 9 10 11 11 12 36 37 37 38 38 38 39 39 39 44 44 44 49 49 50 53 55 57 60 57 58 60 63 65 67 69 70 73 75 76 78 80 81 83 84 86 86 87 87 62 62 61 60 59 106 104 102 96 94 92 90 88 85 85 83 81 75 73 71 69 85 83 81 79 77 76 76 72 72 72 72 72 72 72 72 73 73 73 73 190 190 190 190 190 190 190 190 190 201 202
10 10 11 12 36 37 37 38 38 39 39 39 40 40 40 41 41 41 46 51 51 53 56 53 55 57 60 62 63 65 67 70 71 73 75 76 78 80 81 83 83 85 85 86 86 85 85 59 58 57 55 103 101 99 93 91 89 87 83 81 78 76 75 73 71 68 67 83 81 78 76 77 77 72 72 72 72 72 72 73 73 73 73 73 73 190 190 190 190 190 190 191 191 191 191 202
11 36 36 37 37 38 38 39 39 40 40 41 41 41 42 42 42 42 48 48 43 45 47 49 52 58 60 62 64 65 68 70 72 73 75 77 78 80 80 82 83 84 84 85 85 85 84 82 81 79 54 52 95 94 92 86 86 84 82 80 78 76 74 72 71 69 67 64 80 78 77 77 77 72 72 72 72 73 73 73 73 73 73 73 73 144 190 190 191 191 191 191 191 191 191 191
36 37 37 38 38 39 39 40 40 41 41 42 42 43 43 43 43 44 44 44 44 45 48 50 52 54 56 58 60 63 64 66 68 70 71 73 73 75 76 77 78 79 79 80 79 80 78 77 76 74 72 70 45 92 90 91 85 83 81 79 78 76 73 72 70 68 66 64 63 78 77 77 77 72 72 73 73 73 73 73 73 73 73 73 73 144 145 191 191 191 191 191 191 191 191 191
37 38 38 39 39 40 41 41 42 42 43 43 43 44 44 39 40 40 40 45 45 46 48 50 52 54 56 58 61 63 65 66 68 70 70 72 74 75 76 77 78 78 78 79 78 78 77 76 75 73 71 69 67 66 42 89 87 82 80 79 77 75 74 71 69 67 65 64 62 60 77 77 72 72 73 73 73 73 73 73 73 73 73 73 145 145 145 145 191 191 191 191 191 191 191 191
38 39 39 40 40 41 42 42 43 43 44 39 39 40 40 40 41 41 41 46 46 47 49 51 53 55 56 59 61 63 65 65 67 69 70 72 73 74 75 76 77 77 77 77 77 77 76 74 73 72 70 68 65 66 64 63 86 84 79 77 76 75 73 71 68 66 65 63 61 59 59 77 73 73 73 73 73 73 73 73 73 73 74 74 145 145 145 145 145 191 191 191 191 191 191 191
39 40 40 41 42 42 38 38 39 39 40 40 41 41 41 42 42 42 42 48 48 48 49 51 53 55 57 59 60 62 64 66 67 69 71 71 73 73 75 75 76 76 77 76 76 76 75 73 72 71 69 67 65 64 63 61 60 108 82 76 75 73 71 69 67 66 64 62 60 59 59 60 55 73 73 73 73 73 73 73 73 74 74 74 145 145 145 145 145 145 145 191 191 191 191 191
35 36 36 37 38 38 39 39 40 40 41 41 42 42 42 43 43 43 44 44 49 49 49 51 53 55 57 59 61 62 64 66 67 68 70 71 72 72 74 74 75 75 75 75 74 74 73 72 70 70 68 66 66 63 62 60 59 57 56 80 74 72 70 68 67 65 63 61 59 59 60 55 55 55 73 73 73 73 73 74 74 74 74 74 145 145 145 145 145 145 145 145 145 191 192 192
36 37 37 38 39 39 40 40 41 41 42 42 43 43 44 44 44 45 45 45 50 50 50 51 53 55 57 59 61 63 64 65 67 68 69 70 71 72 73 73 74 74 74 74 73 73 72 71 69 69 67 67 65 63 60 59 57 56 55 53 101 71 69 68 66 64 62 60 59 60 60 55 55 55 55 55 73 73 74 74 74 74 74 74 145 145 145 145 145 145 145 145 146 146 146 146
37 38 38 39 40 40 41 41 42 43 43 44 44 44 45 45 45 46 46 46 46 51 51 51 53 55 57 59 61 62 63 65 66 67 69 70 70 72 72 72 73 72 73 72 72 72 71 69 68 66 68 66 64 62 60 58 56 54 53 52 50 97 69 67 65 63 61 59 60 60 55 55 55 55 55 55 55 56 74 74 74 74 74 74 145 145 145 145 145 145 146 146 146 146 146 146
38 38 39 40 41 41 42 43 43 44 44 45 45 46 46 46 47 47 47 47 47 53 53 53 54 56 57 58 60 62 64 64 66 67 68 69 69 71 71 72 72 71 72 71 70 70 69 68 67 65 66 65 63 61 59 57 55 53 52 50 49 48 42 65 64 62 60 59 60 60 55 55 55 55 55 55 56 56 56 56 74 74 74 74 145 145 145 145 145 146 146 146 146 146 146 146
39 39 40 41 42 42 43 44 44 45 45 46 46 47 47 47 48 48 48 49 49 49 54 54 54 55 57 59 60 61 63 64 65 67 67 68 69 70 70 71 70 70 71 70 69 68 68 67 66 66 64 63 62 61 59 56 55 53 50 49 47 46 45 39 37 60 59 60 60 55 55 55 55 55 55 56 56 56 56 56 56 56 74 74 145 145 145 145 146 146 146 146 146 146 146 146
40 40 41 42 43 43 44 45 45 46 46 47 47 48 48 49 49 49 50 50 50 50 50 55 55 55 57 58 60 61 62 64 64 66 66 67 68 69 69 69 69 69 69 69 68 67 67 66 64 65 63 61 60 60 58 55 54 52 49 47 46 45 43 41 36 34 60 60 55 55 55 55 55 55 56 56 56 56 56 56 56 56 56 56 145 145 146 146 146 146 146 146 146 146 146 146
40 41 42 43 44 44 45 46 46 47 47 48 48 49 49 50 50 50 51 51 51 51 51 56 56 56 56 58 60 60 62 63 64 65 65 66 67 68 67 68 68 68 68 67 67 66 65 64 63 64 62 60 59 58 56 53 52 51 49 46 45 43 42 40 34 34 35 11 55 55 55 55 55 55 56 56 56 56 56 56 56 56 56 56 127 127 128 146 146 146 146 146 146 146 146 146
41 42 43 44 45 45 46 47 47 48 49 49 50 50 51 51 51 52 52 52 52 52 52 53 57 57 57 57 59 60 61 62 64 64 65 65 67 66 66 67 67 66 67 66 65 64 63 62 64 62 61 59 58 56 55 53 51 49 47 45 43 41 40 38 38 35 35 30 6 6 55 55 55 56 56 56 56 56 56 56 56 56 56 56 127 128 128 128 128 128 146 146 146 146 146 146
42 43 44 45 45 46 47 48 48 49 50 50 51 51 52 52 52 53 53 53 53 54 54 54 54 59 58 58 58 60 60 62 63 63 64 64 65 65 65 66 66 65 65 65 64 63 62 61 62 61 60 58 57 55 53 52 50 48 46 45 42 40 38 38 38 39 30 30 30 6 6 6 6 56 56 56 56 56 56 56 56 56 56 127 128 128 128 128 128 128 128 128 128 128 146 146
43 44 45 46 46 47 48 49 49 50 51 51 52 52 53 53 54 54 54 54 55 55 55 55 55 55 60 59 59 59 60 61 62 62 63 63 64 64 64 65 64 64 63 64 63 62 61 60 60 59 57 56 56 54 52 51 49 47 45 44 40 38 38 38 38 34 30 30 30 30 6 6 7 7 7 56 56 56 56 56 56 56 56 56 128 128 128 128 128 128 128 128 128 128 128 128
44 45 46 46 47 48 49 50 50 51 52 52 53 53 54 54 55 55 55 56 56 56 56 56 56 56 56 61 60 60 60 60 61 61 62 62 63 63 63 64 63 63 62 61 61 61 59 58 59 58 56 56 54 52 50 49 47 45 43 42 40 39 38 38 34 34 34 30 30 30 30 6 7 7 7 7 7 7 56 56 56 56 56 56 128 128 128 128 128 128 128 128 128 128 128 128
45 46 46 47 48 49 50 51 51 52 53 53 54 54 55 55 56 56 57 57 57 57 57 57 57 57 57 57 62 61 61 60 60 60 61 61 62 62 62 62 62 61 61 60 59 59 58 57 58 56 55 54 53 51 50 48 46 44 42 42 41 40 39 33 34 34 34 30 30 30 30 30 7 7 7 7 7 7 7 7 7 56 56 57 128 128 128 155 155 155 155 155 155 155 155 155
45 46 47 48 49 50 51 51 52 53 54 54 55 56 56 57 57 57 58 58 58 58 59 59 59 58 58 58 58 57 62 62 61 61 60 60 61 61 61 60 61 60 59 59 58 57 56 58 56 55 54 53 52 50 49 47 44 43 42 42 41 35 34 33 34 34 34 34 30 30 30 30 31 7 7 7 7 7 7 7 7 7 7 35 106 155 155 155 155 155 155 155 155 155 155 155
46 47 48 49 50 51 52 52 53 54 55 55 56 57 57 58 58 59 59 59 59 60 60 60 60 60 59 59 59 59 58 63 62 62 61 60 60 60 59 59 59 59 58 57 57 56 55 53 54 53 51 51 49 48 47 46 45 44 43 43 37 36 35 33 34 34 34 34 30 30 30 30 31 31 7 7 7 7 7 34 34 34 34 35 106 106 106 106 106 155 155 155 155 155 155 155
47 48 49 50 51 52 52 53 54 55 56 56 57 58 58 59 59 60 60 61 62 62 62 62 62 62 62 61 61 61 60 60 58 63 62 61 61 60 59 58 57 58 57 56 55 54 53 52 53 52 50 50 49 48 47 47 46 45 38 38 37 36 35 34 34 34 34 34 30 30 30 30 31 31 7 7 7 34 34 34 34 34 34 34 106 106 106 106 106 106 106 106 106 106 106 106
48 49 50 51 51 52 53 54 55 56 57 57 58 59 59 61 61 62 62 64 64 64 64 64 64 64 64 64 63 63 62 62 60 60 59 63 62 61 60 59 58 57 56 56 55 54 53 52 53 52 51 50 49 48 47 47 41 40 39 39 38 37 36 34 33 34 34 34 34 30 30 30 31 31 58 34 34 34 34 34 34 34 34 34 106 106 106 106 106 106 106 106 106 106 106 106
48 49 50 51 52 53 54 55 56 57 58 58 60 61 61 63 63 64 64 66 66 66 66 66 66 66 66 66 65 65 64 64 62 62 61 60 59 58 62 60 59 58 57 56 55 54 53 52 53 52 51 50 50 44 43 43 42 41 39 39 38 37 36 35 34 34 34 34 34 30 30 30 57 58 58 58 34 34 34 34 34 34 34 34 106 106 106 106 106 106 106 106 106 106 106 106
49 50 51 52 53 54 55 56 57 59 59 60 62 63 63 65 66 66 68 68 68 68 69 69 69 68 68 68 68 67 67 66 65 64 63 62 60 60 59 57 56 55 53 52 51 50 49 48 49 48 47 46 46 44 43 43 42 41 40 40 39 38 36 35 34 34 34 34 34 30 57 57 57 58 58 58 58 34 34 34 34 34 34 34 105 106 106 106 106 106 106 106 106 106 106 112
50 51 52 53 54 55 56 58 59 59 61 62 64 65 65 67 68 68 70 70 70 71 71 71 71 71 70 70 70 69 69 68 67 66 65 64 62 61 61 59 58 56 55 54 52 51 50 49 47 48 47 46 46 45 44 43 43 42 40 39 39 38 37 36 35 33 34 34 61 61 57 57 57 57 58 58 58 34 34 34 34 34 34 34 105 105 106 106 106 106 106 106 106 106 106 112
50 51 52 53 54 55 57 58 60 61 63 64 66 67 67 69 70 70 72 72 73 73 73 73 73 73 73 72 72 71 71 70 69 68 67 66 64 63 62 60 59 57 56 54 53 51 50 49 48 49 48 47 46 45 44 43 43 42 41 40 39 38 37 36 35 34 61 61 61 61 57 57 57 57 58 58 58 58 34 34 34 34 34 34 105 105 106 106 106 106 106 106 106 106 112 112
51 52 53 54 56 57 59 60 62 63 65 66 68 69 69 71 72 72 74 74 75 75 75 75 75 75 75 74 74 73 73 72 71 70 69 68 66 65 64 62 61 59 58 56 55 53 52 50 48 49 48 47 46 46 45 44 43 42 41 40 39 39 38 36 35 61 60 61 61 61 57 57 57 57 57 58 58 58 58 34 34 34 34 34 34 105 105 105 106 106 106 106 106 106 112 112
51 52 53 55 58 59 61 62 64 65 67 68 70 70 71 73 74 74 76 76 77 77 77 77 77 78 77 76 76 75 75 74 73 71 71 70 68 67 66 64 63 61 60 57 56 54 53 51 49 48 49 48 46 45 45 44 43 43 42 40 39 39 38 64 63 61 60 60 61 61 57 57 57 57 57 57 58 58 58 34 34 34 34 34 34 105 105 105 105 106 106 106 106 112 112 112
52 54 55 57 59 60 62 63 65 66 68 69 71 72 73 75 76 76 78 79 79 79 80 80 81 80 80 79 78 77 77 76 75 73 72 71 69 68 67 65 64 62 61 59 58 56 55 53 50 49 49 48 47 46 45 44 43 42 42 41 39 38 65 64 63 62 60 60 61 61 61 57 57 57 57 57 57 58 58 58 34 34 34 34 34 105 105 105 105 105 106 106 106 112 112 112
53 54 56 58 60 62 64 65 67 68 70 71 73 74 75 77 78 78 80 81 81 82 82 83 83 83 82 82 80 79 79 78 77 75 74 73 71 70 69 67 66 64 63 60 59 57 55 54 52 50 48 48 47 46 45 45 43 42 42 41 40 66 64 64 63 62 61 60 60 61 61 57 57 57 57 57 57 57 58 58 34 34 34 34 34 105 105 105 105 105 105 105 106 112 112 112
54 56 58 60 61 63 64 66 68 70 72 73 75 76 77 79 80 81 82 83 83 84 85 85 85 85 84 84 83 81 81 80 79 78 76 75 73 72 70 68 67 65 64 62 60 59 56 55 53 51 50 48 47 46 45 44 44 43 41 68 67 66 65 63 63 62 61 60 60 60 61 57 57 57 57 57 57 57 57 58 58 34 34 34 34 105 105 105 105 105 105 105 111 111 112 112
55 57 59 60 62 65 66 68 70 71 73 74 76 77 78 80 81 83 84 85 85 86 87 87 87 87 86 86 85 83 82 81 80 79 77 76 74 73 72 70 69 67 65 63 61 60 58 56 54 52 50 49 47 47 45 44 43 43 69 67 67 66 65 64 62 62 61 60 60 60 60 57 57 57 57 57 57 57 57 57 57 34 34 34 34 34 105 105 105 105 105 105 111 111 111 111
