testData/tiles/smaller/grid10.0-10.0-20.0-20.0.asc
ncols   200
nrows   200
xllcorner   10.0
yllcorner   10.0
cellsize   0.05
NODATA_value   -9999.0
[rows 47 to 93 of 200, columns 96 to 191 of 200]
199 201 200 175 175 173 172 171 169 169 169 167 166 165 163 162 106 106 123 124 124 125 126 126 126 126 127 128 128 129 128 129 129 114 115 136 115 116 116 117 117 117 117 118 118 118 118 118 117 117 126 126 125 125 52 52 52 51 50 39 38 38 37 38 37 37 59 59 59 59 79 88 95 100 105 108 111 114 116 146 147 149 152 153 154 155 156 156 157 160 160 161 161 162 162 164
200 203 202 176 174 174 173 171 170 170 168 168 167 165 164 163 106 107 108 108 109 110 109 110 110 111 112 112 112 112 113 114 134 135 135 135 136 136 137 116 116 117 117 117 117 117 117 117 117 126 125 125 125 124 52 51 51 51 50 50 38 38 38 38 39 38 38 38 38 46 61 91 98 102 106 111 114 116 119 121 149 151 152 155 156 157 157 158 158 160 162 162 162 164 143 144
199 201 177 176 175 174 173 172 171 170 169 168 166 165 164 105 106 107 107 108 109 109 110 110 111 112 111 112 112 113 114 134 135 135 134 137 135 136 136 136 116 116 116 116 116 116 116 116 125 125 125 124 124 124 51 51 50 50 50 50 50 39 39 39 39 40 39 39 39 51 65 72 78 84 87 90 94 96 98 102 129 131 132 133 137 137 137 138 138 138 140 142 141 143 143 143
198 175 175 174 175 174 172 172 171 170 169 168 167 166 165 106 107 107 108 109 109 110 111 111 111 111 112 112 113 113 113 135 135 139 146 148 146 139 135 136 115 115 115 116 116 116 116 125 124 124 124 124 123 123 51 50 50 50 50 51 51 51 40 40 40 40 40 40 40 57 67 76 81 85 90 93 97 99 101 104 105 106 135 136 136 139 139 140 140 140 139 141 141 143 144 145
197 174 174 174 174 173 173 172 170 170 169 168 167 166 108 107 107 108 109 109 110 111 110 111 111 112 112 113 113 113 114 135 135 146 155 160 155 147 135 135 114 115 115 115 115 115 124 124 124 124 123 123 123 123 50 50 50 51 52 51 52 52 41 41 41 41 41 41 41 61 71 77 83 88 92 95 98 101 103 104 107 108 109 138 138 139 139 141 141 141 141 140 141 142 144 145
171 171 172 173 172 172 172 171 170 170 168 167 167 108 107 107 107 108 108 109 110 110 111 111 112 112 112 113 113 114 134 135 137 148 160 172 160 148 137 134 114 114 114 114 114 123 123 123 123 123 123 122 122 122 50 50 51 51 52 53 52 53 53 42 42 42 42 42 42 64 74 81 85 90 93 98 101 103 106 107 108 111 111 112 113 140 141 142 143 143 143 142 142 142 143 143
169 170 171 171 172 172 171 170 169 169 168 168 166 108 107 107 108 108 109 110 110 111 111 112 111 112 113 113 114 113 114 135 134 146 155 160 155 146 135 135 113 113 113 113 122 123 122 122 122 122 122 122 122 122 51 51 51 52 52 53 54 53 54 54 43 43 43 43 51 67 76 83 87 92 96 99 102 104 106 110 110 111 113 114 115 116 115 143 143 144 145 144 145 144 143 144
167 168 170 170 170 170 170 170 168 168 167 167 109 108 107 108 108 109 110 110 111 111 111 111 112 113 113 113 113 114 114 134 135 139 146 148 146 139 135 134 113 114 113 122 122 122 122 122 122 122 121 121 122 123 51 52 53 52 53 53 54 55 54 55 44 44 44 44 56 70 78 84 90 94 97 102 104 107 109 110 113 114 115 116 116 117 118 117 118 145 144 146 146 145 146 190
166 167 167 169 169 168 168 169 168 168 166 109 108 107 107 107 109 109 109 110 110 111 111 112 113 113 113 113 114 114 113 135 135 135 135 137 135 135 134 134 113 113 122 121 121 121 121 121 121 121 123 121 122 123 52 52 53 54 54 54 54 55 56 55 56 45 45 45 60 72 80 87 91 97 100 102 106 108 110 113 113 115 116 118 118 119 119 119 119 119 119 119 190 193 192 192
164 166 166 167 167 168 168 167 167 166 166 109 107 107 107 108 109 109 110 110 111 111 112 113 112 113 113 114 113 113 114 114 135 135 134 135 135 134 135 113 113 122 121 121 120 123 125 126 126 127 128 129 129 129 57 56 53 54 55 55 55 55 56 57 57 57 46 46 63 73 82 88 94 97 101 105 107 110 112 114 116 117 119 119 120 120 121 121 121 120 121 165 166 165 168 167
164 164 165 165 166 166 166 166 166 165 108 107 107 108 108 109 109 110 110 111 111 112 112 112 113 113 114 113 113 114 113 114 114 113 114 114 113 114 113 113 112 121 122 125 127 128 128 129 130 130 131 132 133 133 60 61 60 58 55 56 56 57 56 57 58 58 47 47 65 76 83 90 94 100 103 106 109 112 113 115 117 118 120 121 121 123 122 122 122 167 167 168 167 168 167 166
162 163 163 163 165 164 165 165 165 108 106 106 107 107 108 109 110 110 110 110 111 112 112 113 113 113 113 113 114 113 114 114 113 114 114 113 114 113 113 112 122 126 127 129 129 130 130 131 132 133 134 134 135 136 64 63 63 63 61 60 57 57 58 57 58 59 59 48 68 78 86 91 97 100 104 108 111 113 116 117 118 120 121 123 123 123 124 168 168 168 169 169 169 169 168 168
161 161 162 163 162 164 164 163 106 106 106 107 107 108 108 109 109 110 110 111 112 112 113 113 113 113 113 114 113 114 114 114 114 114 114 114 113 113 113 122 127 129 130 131 131 132 131 133 134 135 136 137 138 66 66 67 67 66 66 65 63 58 58 59 58 59 60 49 70 80 87 93 97 102 106 109 111 114 116 119 120 121 123 123 125 124 170 171 170 171 170 171 171 170 169 170
159 160 160 161 161 162 161 105 105 105 106 107 108 108 109 109 110 111 111 112 112 113 112 113 113 113 113 113 114 114 114 114 113 114 114 113 113 113 116 128 130 131 132 133 134 133 134 135 136 137 138 139 140 68 68 69 70 70 69 68 67 65 62 59 60 60 60 61 72 82 89 95 100 104 107 111 114 116 118 120 122 123 124 125 170 171 172 171 172 172 173 172 172 172 172 171
158 158 159 159 160 160 103 103 105 106 106 107 107 108 109 110 111 111 112 111 112 112 113 113 113 113 113 114 113 114 114 113 114 114 113 114 113 117 128 131 132 134 134 135 134 135 136 137 138 139 140 140 141 70 72 72 71 72 72 71 70 70 66 64 60 61 61 61 73 83 90 96 101 104 109 112 114 117 118 122 122 124 125 171 172 172 173 173 173 174 174 173 174 173 173 172
190 189 188 189 188 131 131 131 132 132 134 134 135 135 136 137 137 138 138 112 112 113 113 112 113 113 114 113 114 114 113 114 114 113 114 113 117 129 132 133 134 134 135 135 136 136 138 138 140 141 142 143 143 71 73 73 74 73 73 73 72 72 71 68 65 61 62 62 74 84 90 97 101 107 109 113 116 118 121 122 124 125 172 172 172 174 173 174 174 175 175 176 175 175 174 173
204 205 204 204 204 146 147 148 147 148 147 148 147 148 148 147 147 146 146 145 144 143 141 141 140 141 140 141 141 140 141 141 113 114 113 117 120 132 133 135 135 136 136 137 136 139 139 140 141 142 143 144 73 74 74 75 75 76 75 75 75 74 73 72 70 66 62 63 86 84 93 97 103 107 112 114 117 119 121 124 124 171 172 174 174 174 175 175 176 176 177 177 176 176 176 175
209 209 208 209 151 151 152 151 153 152 152 152 152 152 152 153 152 152 151 150 149 149 148 147 147 144 144 142 140 141 140 140 141 140 143 148 132 133 135 135 136 137 138 138 140 141 141 143 143 145 144 145 74 75 76 77 77 77 77 76 76 76 75 74 73 71 66 69 87 87 93 99 103 109 112 115 118 121 123 124 171 172 174 174 175 176 176 177 177 178 178 178 177 178 177 176
205 206 205 148 148 147 148 148 147 148 148 148 148 148 148 147 147 146 146 145 144 143 142 141 140 141 141 140 141 140 140 141 113 113 120 123 133 135 136 138 138 139 138 139 141 141 144 144 145 145 146 147 75 76 77 78 79 78 78 79 78 78 78 76 75 74 71 65 87 97 95 99 105 109 114 116 119 121 169 170 171 173 174 176 176 177 178 178 179 179 179 180 179 179 178 177
192 134 134 134 133 133 132 131 133 133 134 135 136 137 137 138 138 139 139 113 113 112 113 113 114 113 113 114 113 114 114 113 113 119 123 133 135 137 138 138 139 139 139 140 142 143 144 146 146 146 147 76 77 78 78 79 80 80 80 80 80 80 79 79 77 76 75 71 89 97 94 101 105 111 113 117 120 168 170 172 173 174 176 176 177 179 179 180 180 180 181 181 180 180 179 178
102 103 103 104 104 104 105 105 105 107 108 108 109 109 111 111 112 112 113 112 112 113 113 114 113 113 114 113 114 114 113 114 118 122 124 136 137 138 138 138 139 139 142 142 144 145 146 147 148 148 148 77 78 79 80 81 81 81 82 82 81 81 81 80 80 78 77 75 93 99 94 101 107 110 114 118 121 168 170 173 174 175 176 178 178 180 181 181 181 182 182 181 181 180 180 179
103 103 104 104 104 105 105 106 106 107 108 109 109 110 110 111 111 112 112 112 113 113 114 113 114 114 113 114 113 113 114 116 121 123 127 136 138 138 138 140 140 141 142 144 145 145 147 148 149 150 150 79 79 80 80 81 83 82 83 83 83 82 82 82 81 80 80 77 97 102 96 101 107 111 115 119 167 170 171 174 175 177 178 178 180 180 182 182 183 183 183 182 182 181 181 180
103 104 104 105 105 105 106 106 107 107 108 108 110 110 111 111 112 112 112 113 113 113 113 114 114 113 114 113 113 114 113 120 122 126 136 137 138 139 140 140 141 142 143 144 146 147 147 149 150 151 80 80 80 82 81 82 83 84 84 84 84 84 83 84 84 83 82 80 98 106 106 102 106 112 116 164 167 169 172 174 176 177 179 180 181 182 183 184 184 184 183 183 184 183 182 182
104 104 105 105 105 106 106 107 107 107 108 109 109 110 111 112 112 112 113 112 113 113 114 113 113 114 113 113 113 113 118 122 125 127 136 139 139 140 141 141 141 142 145 145 148 149 149 149 151 151 81 81 82 81 83 84 84 85 86 86 85 85 86 85 85 85 83 83 101 107 112 102 108 111 161 165 168 171 173 175 176 178 180 181 183 183 184 184 184 184 185 185 184 184 185 185
104 104 105 105 106 106 107 107 108 108 108 109 110 110 111 111 111 112 112 113 113 114 113 113 114 113 113 113 113 112 121 123 126 127 139 139 140 140 140 141 142 145 145 147 148 149 151 151 151 81 81 81 82 82 84 85 85 85 86 87 87 86 86 87 86 86 86 84 101 110 115 102 107 158 161 165 169 171 173 175 177 179 181 183 183 185 185 185 186 186 186 186 187 187 186 177
104 105 105 106 106 107 107 108 108 109 109 109 110 111 111 111 112 112 113 113 114 113 113 114 113 113 113 113 112 119 122 125 127 138 139 140 140 141 142 142 144 145 146 148 148 149 151 152 153 81 82 83 84 84 84 85 86 87 87 88 88 88 87 88 88 87 87 86 101 111 117 109 153 157 162 165 168 172 174 176 179 181 182 183 185 185 186 187 187 187 189 188 188 187 187 178
105 105 106 106 107 107 108 108 109 109 110 110 110 110 111 112 112 113 113 113 113 113 114 113 114 113 113 112 115 121 124 127 129 138 140 140 141 142 142 142 144 145 147 148 149 150 151 152 82 82 82 84 84 85 85 85 87 87 88 89 89 89 89 88 89 89 89 87 102 112 118 123 155 158 162 166 169 172 174 178 179 181 183 185 185 186 187 187 187 189 189 189 188 188 193 192
131 106 106 107 107 108 108 109 109 110 110 111 111 111 111 111 112 112 113 113 113 114 113 114 113 113 113 113 118 123 126 128 129 138 141 141 142 142 142 143 145 146 149 149 151 152 152 154 83 84 84 84 85 85 86 87 88 88 89 89 91 90 90 90 91 90 90 89 100 113 119 169 159 158 162 166 169 173 176 178 181 183 184 185 186 187 188 190 190 190 190 189 203 194 194 194
131 132 133 133 108 108 109 109 110 110 111 111 111 112 112 112 112 113 113 113 113 113 114 113 113 113 113 114 122 124 127 128 130 140 141 142 142 142 144 145 145 148 148 149 151 152 153 82 83 83 84 85 85 86 86 88 88 89 90 90 90 92 92 91 91 92 91 90 98 112 165 169 161 160 162 166 170 173 176 180 181 183 185 186 187 188 190 190 190 190 190 204 196 196 196 198
132 132 133 133 134 135 109 110 110 111 111 112 112 112 113 113 113 113 113 113 113 114 113 113 113 113 112 119 123 125 127 129 140 140 141 142 143 143 144 144 146 148 148 151 151 152 153 83 83 85 85 85 87 87 87 87 88 90 90 92 91 91 93 93 92 93 93 91 91 112 165 171 162 163 162 167 171 175 178 180 182 185 185 187 190 190 191 191 191 205 205 204 198 199 200 201
132 133 133 134 134 135 136 136 111 111 112 112 113 113 113 113 113 113 113 113 114 113 113 113 113 112 115 121 123 126 128 130 140 140 142 143 143 143 143 144 147 147 150 151 153 153 83 83 83 84 85 85 86 87 87 89 90 89 91 91 93 92 92 93 94 93 93 93 92 156 165 171 164 167 165 167 172 175 178 181 183 185 187 190 190 192 192 192 205 205 205 200 201 202 203 205
124 133 133 134 135 135 136 137 137 138 112 113 113 114 114 114 114 114 114 114 113 113 113 113 112 113 118 122 126 127 128 130 141 141 142 142 143 143 143 147 147 149 150 151 152 81 83 83 85 85 86 87 87 87 88 88 89 91 91 92 92 94 94 93 94 94 93 94 139 154 164 172 166 169 170 167 172 176 179 182 184 186 189 190 192 192 192 207 206 207 201 203 204 205 206 206
125 126 134 134 135 136 136 137 137 138 139 113 114 114 114 115 115 115 114 114 114 113 113 112 112 112 119 124 126 127 129 131 140 142 142 142 144 144 144 146 147 148 150 151 80 82 82 83 85 86 86 88 88 87 89 88 90 90 92 92 93 93 94 95 94 95 95 94 139 152 164 172 167 170 171 168 172 176 179 183 184 188 189 191 192 192 207 207 207 202 204 205 206 208 207 208
125 126 127 135 136 137 137 137 138 138 139 140 140 115 115 115 115 115 115 115 114 114 113 112 112 115 121 124 126 127 130 131 140 141 143 143 144 143 144 146 147 148 149 151 79 82 82 83 84 85 85 87 87 88 89 90 90 91 91 93 93 93 94 94 96 95 96 140 140 149 164 171 167 170 173 172 173 176 180 183 187 188 190 191 192 207 207 208 202 205 206 208 208 209 209 210
126 126 127 128 136 137 138 138 139 140 140 140 140 141 116 116 116 116 116 115 114 114 113 113 112 118 123 125 127 129 130 131 141 142 142 143 143 143 145 145 148 149 151 79 81 82 83 83 86 86 87 87 88 87 89 89 90 91 91 93 93 94 95 95 95 96 96 142 142 142 163 171 166 172 175 175 173 177 180 186 187 190 191 191 206 207 208 202 205 206 208 209 210 210 210 211
126 126 127 128 128 137 138 138 139 140 140 141 142 142 142 117 117 117 116 115 115 114 113 113 114 120 124 126 127 129 130 131 142 142 142 143 143 144 145 146 148 149 79 79 80 82 83 83 85 85 86 87 88 88 89 89 90 91 93 93 94 94 95 96 97 97 142 143 143 143 160 171 166 171 175 177 174 177 183 186 188 189 191 205 206 208 202 205 207 209 209 210 211 211 212 212
126 126 127 128 128 129 130 138 139 140 140 141 142 142 143 144 144 117 116 115 115 114 113 113 118 122 125 127 128 130 130 131 141 141 141 143 143 143 145 145 147 77 78 78 81 81 82 82 85 85 86 87 88 87 89 89 90 90 92 93 94 94 96 96 97 97 143 143 144 144 156 169 166 172 175 178 178 179 183 187 188 189 205 205 198 202 205 206 209 209 210 211 212 211 213 212
126 126 127 128 128 129 130 130 139 140 140 141 142 142 143 144 144 144 117 115 115 114 113 113 120 123 126 128 129 131 131 132 142 142 142 143 143 143 144 145 75 77 79 79 80 82 83 83 85 85 85 86 87 87 89 89 90 91 93 93 95 95 96 97 98 143 144 144 145 145 151 167 165 171 175 178 182 178 182 186 188 203 204 197 201 203 205 206 209 210 212 211 212 212 213 212
126 126 127 128 128 129 130 130 131 140 140 141 141 142 143 143 143 143 143 116 115 114 113 115 122 124 127 129 130 131 132 141 142 143 143 144 143 143 145 74 75 77 78 79 80 82 82 83 85 86 86 88 88 88 89 90 91 92 93 94 95 96 97 98 98 144 145 146 145 146 146 164 163 170 174 180 182 180 182 187 188 203 195 199 202 205 206 208 210 211 211 212 213 212 213 213
125 126 127 127 128 129 129 130 131 131 132 141 141 142 142 142 142 142 142 142 115 115 114 118 123 125 127 129 130 131 132 133 142 143 143 143 144 144 72 74 76 76 78 79 80 81 83 83 85 85 86 87 88 88 90 89 91 92 93 94 96 96 97 98 99 144 145 145 146 146 146 159 160 167 175 178 181 181 179 183 191 193 196 199 202 204 207 207 209 210 211 211 213 212 221 220
125 126 127 127 128 129 129 130 130 131 132 132 141 141 141 142 142 142 141 141 141 114 114 121 124 126 128 130 131 132 133 133 143 144 144 144 144 72 73 74 76 76 79 79 81 82 83 83 85 85 86 87 88 88 90 90 92 92 94 94 96 96 98 98 144 145 146 146 147 146 147 147 157 167 173 177 179 180 177 187 189 191 196 200 201 204 207 208 209 210 211 219 221 220 221 220
125 126 126 127 128 128 129 130 130 131 131 132 132 133 141 141 141 141 141 141 140 140 115 122 125 128 129 130 132 132 133 134 143 143 144 144 73 73 73 75 76 77 79 80 81 82 83 84 86 86 87 88 89 89 89 90 92 93 94 95 96 97 98 99 145 145 145 146 146 147 147 147 154 164 171 175 177 170 168 183 186 191 195 198 201 203 205 208 216 218 218 219 218 220 220 220
125 126 126 127 127 128 129 129 130 130 131 131 132 132 132 140 140 140 140 140 140 139 144 123 126 128 130 131 131 133 133 134 144 144 145 72 72 73 74 74 77 77 79 80 81 82 84 84 85 86 87 87 89 89 90 91 91 93 94 95 96 97 98 99 144 145 146 147 147 146 147 147 146 160 167 172 167 169 181 181 183 190 194 197 200 210 212 214 216 216 218 219 218 219 218 218
125 125 126 126 127 128 128 129 129 130 130 131 131 131 132 132 132 140 140 139 139 139 145 150 126 129 130 132 133 132 134 134 144 144 72 73 73 72 74 75 77 78 78 80 81 82 83 84 85 87 87 88 89 89 89 91 92 93 94 96 96 97 98 143 145 145 146 146 146 147 147 148 138 155 156 161 165 166 180 177 183 187 192 203 206 209 211 212 214 215 215 217 218 217 218 218
124 125 126 126 127 127 128 128 129 129 130 130 130 170 131 131 131 131 131 139 138 138 147 150 127 129 131 132 133 134 135 134 72 73 73 73 73 73 73 75 76 78 78 80 81 82 83 85 85 86 87 88 88 89 90 90 92 93 94 95 97 97 97 144 144 145 146 146 147 146 148 149 129 140 151 158 161 178 178 175 180 194 197 201 204 207 210 211 213 214 215 215 215 217 217 218
124 125 125 165 165 166 166 167 167 168 168 169 169 169 169 169 169 169 169 169 169 180 186 190 153 129 130 132 133 134 135 64 72 72 73 73 74 73 73 75 76 77 79 79 81 82 83 84 85 85 87 87 88 89 90 91 91 93 94 95 96 97 98 143 145 145 145 146 146 146 140 140 129 128 145 152 158 175 175 183 186 192 195 199 203 206 207 210 210 212 213 214 214 214 216 215
163 163 164 164 165 165 166 166 167 167 168 168 168 168 169 169 169 169 169 168 168 174 179 182 193 194 170 171 133 134 63 63 73 72 73 73 73 74 73 74 76 77 79 80 81 82 83 83 85 86 86 88 88 88 89 91 92 93 94 95 96 97 142 144 144 144 145 137 137 139 139 140 128 128 137 148 154 179 180 184 182 188 193 197 200 203 205 207 208 210 211 212 213 214 214 215
