testData/tiles/smaller/grid0.0-40.0-10.0-50.0.asc
ncols   200
nrows   200
xllcorner   0.0
yllcorner   40.0
cellsize   0.05
NODATA_value   -9999.0
[rows 86 to 128 of 200, columns 96 to 191 of 200]
333 336 339 344 345 379 379 382 382 384 384 384 384 385 385 385 386 387 387 381 382 381 382 382 382 382 379 379 378 378 377 377 375 375 373 373 371 371 369 367 368 368 383 407 336 344 349 353 354 353 286 281 211 200 177 162 162 162 162 162 162 198 198 198 198 198 197 197 197 197 197 197 196 196 196 196 195 195 170 169 169 169 168 218 217 217 216 216 215 215 214 214 213 212 212 211
335 337 338 372 377 378 380 381 382 383 384 386 386 386 386 385 386 387 388 380 381 381 382 382 382 379 379 378 379 378 378 377 376 376 374 372 372 370 369 367 367 368 384 408 338 346 351 353 355 354 320 315 275 201 177 161 161 162 162 162 162 162 197 197 197 197 197 197 197 197 197 196 196 196 196 195 195 195 194 169 169 168 168 217 217 217 216 216 215 214 214 213 213 212 211 211
334 337 371 373 377 379 380 381 382 384 384 385 385 385 386 386 385 386 387 381 382 383 382 383 384 381 381 381 381 380 380 378 378 376 376 373 372 370 369 368 367 367 388 410 338 347 352 355 355 355 321 316 308 203 181 161 161 161 161 161 161 161 197 197 197 197 197 197 197 196 196 196 196 196 195 195 195 194 194 169 168 169 218 217 217 216 216 215 215 214 214 213 212 212 211 210
333 368 371 372 374 378 380 381 383 383 384 385 385 386 386 386 386 388 388 390 382 383 385 385 382 382 382 382 381 381 380 380 379 378 376 376 373 372 369 367 367 367 391 412 340 412 352 356 357 356 321 316 309 237 185 161 161 161 161 161 161 161 161 197 197 197 196 196 196 196 196 196 195 195 195 195 194 194 194 193 168 175 167 217 216 216 215 215 214 214 213 213 212 211 211 210
366 368 371 371 374 376 379 382 382 385 385 385 386 386 386 387 387 389 390 391 385 386 387 383 383 384 383 383 383 383 381 380 380 379 378 376 376 373 370 434 431 432 458 477 406 413 418 421 422 422 387 382 310 237 218 160 160 161 161 161 161 161 160 160 196 196 196 196 196 196 195 195 195 195 195 194 194 194 193 193 193 177 167 216 216 215 215 214 214 213 213 212 211 211 210 209
366 367 370 373 373 375 378 379 383 384 385 386 387 388 389 389 390 390 392 392 387 384 384 384 386 385 385 385 384 384 383 382 382 381 381 379 377 441 440 438 433 433 462 480 407 413 419 422 422 422 387 383 376 304 221 192 160 160 160 160 160 160 160 160 160 196 196 196 195 195 195 195 195 194 194 194 194 193 193 193 192 180 166 216 216 215 215 214 213 213 212 212 211 210 210 209
365 368 369 372 374 376 378 378 380 384 385 386 387 389 390 390 390 391 392 393 391 385 385 386 386 386 387 386 386 385 385 385 384 383 382 446 445 444 442 439 438 435 465 398 409 415 420 422 423 422 388 383 376 304 288 257 160 160 160 160 160 160 160 160 160 159 195 195 195 195 195 194 194 194 194 193 193 193 193 192 192 206 166 216 215 215 214 214 213 212 212 211 211 210 209 208
364 367 369 372 374 376 377 378 380 381 383 384 385 387 388 389 389 389 390 392 391 385 386 387 387 387 387 388 387 388 388 387 387 385 449 448 447 446 443 442 439 437 386 402 411 418 422 424 424 423 389 384 377 305 288 256 256 159 159 159 159 159 159 159 159 159 159 195 195 194 194 194 194 194 193 193 193 192 192 192 191 207 166 215 215 214 214 213 213 212 211 211 210 209 209 208
362 367 370 371 373 375 376 378 379 381 383 385 387 387 388 389 390 391 390 392 392 386 388 387 387 389 389 389 389 389 389 390 388 452 451 451 449 447 445 444 442 440 390 405 414 420 422 426 426 393 389 385 377 306 290 256 256 256 159 159 159 159 159 159 159 159 158 158 194 194 194 194 193 193 193 193 192 192 192 191 191 208 190 215 214 214 213 213 212 211 211 210 210 209 208 207
362 366 369 370 373 374 376 378 380 382 383 385 387 387 388 390 391 392 390 392 393 393 387 388 389 390 390 391 390 391 390 391 455 454 453 452 450 449 447 446 443 358 393 407 416 423 425 426 426 393 391 387 379 306 290 255 255 255 255 158 158 158 158 158 158 158 158 158 158 193 193 193 193 193 192 192 192 191 191 191 190 209 189 214 214 213 213 212 211 211 210 210 209 208 208 207
363 365 368 369 372 374 375 378 380 382 384 386 387 387 390 391 391 392 391 393 394 393 388 389 391 392 391 392 392 393 393 457 456 455 455 453 452 450 449 447 362 360 395 410 418 424 427 429 428 395 392 387 379 307 292 255 255 255 255 223 158 158 158 158 158 157 157 157 157 157 157 193 192 192 192 191 191 191 191 190 190 210 189 238 213 212 212 211 211 210 210 209 208 208 207 206
362 363 367 369 371 373 376 378 380 382 384 386 387 389 390 391 391 392 392 392 394 395 389 389 392 392 393 393 394 395 459 459 457 457 457 455 453 452 367 366 363 361 399 412 421 426 429 430 429 395 393 388 381 308 292 255 254 254 254 254 222 157 157 157 157 157 157 157 157 156 156 156 192 191 191 191 191 190 190 190 189 211 188 238 212 212 211 211 210 210 209 208 208 207 206 205
362 362 365 368 370 373 376 378 380 382 384 386 388 389 390 390 392 392 393 392 395 395 390 391 393 392 394 395 395 460 460 460 459 458 459 457 455 369 369 366 364 363 401 414 423 428 430 432 432 398 393 388 381 309 293 255 255 254 254 254 222 222 157 157 156 156 156 156 156 156 156 155 155 155 191 190 190 190 189 189 189 211 188 237 212 211 211 210 210 209 208 208 207 206 206 205
362 361 364 366 369 373 376 378 381 382 385 386 388 389 390 390 392 392 394 393 394 396 391 392 394 394 394 394 396 461 461 461 460 460 459 459 374 370 370 367 366 364 402 416 425 430 432 434 401 398 395 388 383 310 295 255 254 254 253 253 253 221 156 156 156 156 156 155 155 155 155 155 154 154 154 154 189 189 189 188 188 211 187 187 236 211 210 209 209 208 208 207 206 206 205 204
362 362 362 365 369 372 376 378 381 382 385 385 388 389 389 391 392 393 393 394 396 397 398 393 394 395 396 395 462 463 462 463 460 460 377 377 374 373 370 369 366 365 404 417 426 433 434 435 402 399 397 390 382 311 295 255 254 253 252 252 252 220 220 155 155 155 155 155 155 154 154 154 154 154 153 153 153 152 152 188 187 212 186 186 235 210 209 209 208 208 244 206 206 205 204 203
362 362 362 364 369 372 376 378 381 382 384 385 388 388 389 391 392 393 394 394 397 398 400 392 394 395 397 396 463 462 462 463 379 378 379 376 376 374 371 370 367 366 405 418 427 434 436 436 404 402 397 391 382 310 296 256 255 254 253 252 252 252 220 155 155 154 154 154 154 154 154 153 153 153 153 152 152 152 151 151 150 176 186 185 235 209 209 208 207 244 243 242 205 204 203 202
362 362 363 364 368 370 374 377 379 381 384 385 388 388 390 390 392 393 394 395 396 397 400 394 395 396 396 462 462 380 381 380 380 378 379 377 377 374 374 370 369 367 407 420 428 434 436 406 405 402 397 392 384 311 296 255 254 254 253 252 251 251 219 219 154 154 154 153 153 153 153 153 152 152 152 152 151 151 151 150 150 175 149 148 198 197 172 171 171 207 206 206 168 167 166 106
361 362 363 365 367 370 373 376 379 381 383 384 386 388 389 390 391 393 393 394 397 398 400 394 395 396 397 380 380 380 381 379 380 380 380 378 377 376 375 371 369 383 407 420 430 434 438 406 406 403 399 393 385 311 296 255 254 253 252 251 250 250 250 218 153 153 153 153 153 152 152 152 152 151 151 151 150 150 150 149 149 176 148 148 147 197 171 170 207 206 205 205 204 166 105 105
361 363 364 365 367 369 372 375 378 381 382 385 386 387 389 389 391 393 395 396 396 399 400 394 311 313 314 380 380 380 381 380 381 381 380 379 378 377 375 373 370 368 409 421 429 436 439 407 405 405 400 393 384 311 295 255 254 253 253 252 251 249 249 217 152 152 152 152 152 152 151 151 151 151 150 150 150 149 149 149 148 176 147 147 146 196 170 169 206 205 205 204 203 105 104 104
334 363 365 366 367 368 370 374 377 380 382 384 385 386 388 389 390 392 394 395 313 315 316 311 312 314 315 380 381 381 382 381 381 381 380 379 377 378 375 373 369 369 408 422 430 436 407 407 406 404 400 394 385 311 294 255 254 253 252 251 250 249 249 217 151 151 151 151 151 151 151 150 150 150 149 149 149 148 148 148 147 175 146 146 145 195 169 169 205 204 204 203 142 104 103 103
335 337 365 367 368 369 370 373 375 379 380 383 384 385 387 389 307 309 311 313 313 315 317 312 311 312 314 380 381 381 381 382 382 380 380 380 379 378 376 374 371 370 409 422 431 437 407 407 407 404 400 394 384 313 296 255 254 253 252 251 250 249 248 248 151 151 150 150 150 150 150 149 149 149 149 148 148 148 147 147 146 175 145 145 144 144 193 205 204 203 203 142 141 140 102 102
335 337 366 367 368 368 370 371 373 376 296 298 300 302 303 304 307 309 310 310 312 314 315 353 311 312 313 380 381 380 381 382 381 381 381 380 379 378 376 375 371 371 409 421 432 436 407 407 407 404 400 393 385 312 295 254 253 252 251 250 249 248 247 247 150 150 149 149 149 149 149 149 148 148 148 147 147 147 146 146 145 175 144 144 143 143 192 204 203 202 143 141 140 139 101 100
253 254 256 284 286 286 287 289 289 291 293 296 297 344 345 347 351 353 353 355 356 357 359 354 356 357 422 423 423 425 425 426 425 425 381 380 379 378 376 375 372 371 408 422 431 404 407 408 407 404 399 394 385 312 295 254 253 252 251 250 249 247 246 246 149 149 149 148 148 148 148 148 147 147 147 146 146 146 145 145 144 174 143 143 142 142 141 203 202 143 144 142 139 138 100 99
252 255 257 257 285 286 287 289 289 334 336 339 340 342 345 346 350 351 352 354 354 356 359 353 354 356 357 422 423 424 425 425 425 425 424 424 423 422 376 373 372 371 408 421 431 405 407 407 406 403 399 393 385 311 293 254 252 251 250 249 248 247 246 245 180 148 148 147 147 147 147 147 146 146 146 145 145 145 144 144 143 174 142 142 141 141 140 141 141 144 145 142 138 137 99 98
253 255 256 257 259 287 332 332 332 334 334 337 338 341 343 346 347 350 351 352 353 355 357 352 353 354 355 421 422 423 424 424 425 425 425 424 423 422 420 418 416 372 407 422 398 403 406 406 406 403 399 391 383 310 292 253 251 250 249 248 247 246 245 244 179 147 147 146 146 146 146 146 145 145 145 144 144 144 143 143 142 173 141 141 140 140 116 140 142 146 146 144 138 136 135 97
253 254 257 257 303 303 332 333 333 333 334 335 336 339 342 343 345 348 349 351 353 354 356 350 353 354 355 421 423 424 424 423 424 424 424 424 423 422 419 417 417 415 449 421 398 403 406 405 405 402 398 392 384 309 291 253 251 249 248 247 246 245 244 243 178 146 146 145 145 145 145 144 144 144 144 143 143 142 142 142 141 173 140 140 139 78 115 89 142 146 147 144 139 134 133 95
252 299 301 301 303 303 304 333 333 334 333 334 334 336 339 341 345 347 348 350 351 352 355 350 351 353 354 420 420 421 422 423 422 423 423 423 422 421 420 416 417 415 449 431 439 446 404 404 404 401 396 390 319 308 289 253 250 249 248 247 245 244 243 242 177 145 144 144 144 144 144 143 143 143 142 142 142 141 141 140 140 171 139 78 78 77 113 88 143 146 147 145 140 133 132 94
237 299 300 301 302 303 304 305 332 334 334 334 334 334 337 340 342 344 347 348 348 351 353 348 349 350 352 418 419 421 422 422 422 422 422 422 422 420 418 416 416 415 446 430 439 445 448 447 401 399 395 388 317 305 287 252 249 248 247 246 245 244 242 241 176 143 143 143 143 143 142 142 142 142 141 141 140 140 140 139 139 171 78 77 76 76 112 86 94 147 147 145 140 131 130 92
237 238 240 300 303 303 305 305 305 333 333 334 334 334 335 337 339 342 345 345 347 349 351 345 348 349 350 417 417 418 419 420 421 421 420 421 420 420 417 417 415 415 412 428 437 442 445 445 445 442 394 386 315 303 284 250 248 247 246 245 244 243 241 239 174 142 142 142 142 141 141 141 141 140 140 140 139 139 138 138 77 110 76 76 75 74 111 87 94 96 147 145 141 132 129 90
236 238 239 241 302 303 304 305 305 306 333 334 333 333 335 336 337 340 341 343 344 347 348 344 345 346 349 350 416 417 418 418 419 419 419 418 419 417 417 415 414 381 409 426 435 440 442 445 443 441 436 385 313 301 281 249 247 245 244 243 242 241 240 173 173 141 141 141 140 140 140 140 139 139 139 138 138 137 137 76 76 108 75 74 74 73 109 87 94 97 147 145 140 132 127 89
236 237 239 240 242 242 304 304 304 305 306 334 333 333 335 335 335 336 339 340 342 344 346 341 343 344 345 347 413 414 415 416 417 417 417 417 415 416 414 414 413 380 404 423 432 437 440 442 442 439 433 426 355 298 277 249 246 244 243 242 241 240 239 172 172 140 139 139 139 139 139 138 138 138 137 137 136 76 76 75 75 108 73 73 72 71 108 88 94 96 96 144 140 132 125 87
235 237 238 240 241 242 243 244 305 304 305 305 332 332 333 335 335 336 335 336 339 342 343 339 340 341 343 344 345 412 413 414 414 415 415 414 413 412 411 412 378 379 401 420 430 434 439 440 438 435 431 362 353 339 273 247 244 243 242 241 240 239 171 170 170 138 138 138 138 137 137 137 137 136 136 75 75 75 74 74 73 106 72 71 70 70 106 87 93 95 96 143 139 131 123 85
235 236 238 239 241 241 243 243 244 243 305 305 305 305 333 333 333 335 335 334 336 338 341 335 338 339 340 342 342 408 409 410 411 412 412 410 410 409 408 377 376 376 394 416 424 431 435 436 435 433 428 359 350 336 312 246 243 241 240 239 237 236 170 169 169 137 137 136 136 136 136 135 135 75 74 74 73 73 72 72 71 105 70 69 69 105 104 87 92 95 95 93 138 131 121 119
234 236 237 239 240 241 242 242 244 243 244 244 304 304 304 333 333 333 333 333 335 336 337 333 334 336 338 339 340 341 407 408 408 409 408 407 406 406 406 374 374 373 388 411 422 428 432 433 432 429 426 357 347 332 306 288 285 239 238 237 236 170 168 167 167 135 135 135 135 134 134 74 73 73 73 72 72 71 71 70 70 104 68 68 67 103 102 86 91 94 94 92 87 130 118 117
232 235 237 238 239 240 242 242 242 242 243 244 244 244 243 305 332 333 333 332 334 334 335 328 330 332 333 335 336 337 338 404 404 404 405 403 403 403 371 371 371 370 385 406 417 423 427 429 428 426 421 352 342 327 303 286 283 281 236 235 169 168 167 166 166 133 133 133 73 73 72 72 72 71 71 70 70 69 69 68 68 102 66 66 65 101 101 85 90 93 93 91 85 128 117 114
232 233 235 238 238 240 241 241 242 242 243 243 242 243 243 244 245 305 332 332 332 334 327 328 328 328 330 331 332 334 335 335 400 401 400 400 399 368 368 368 368 368 366 401 412 420 424 426 426 423 356 349 338 323 286 283 281 279 278 168 167 166 165 164 164 132 72 71 71 96 71 70 70 69 69 69 68 68 67 66 66 100 64 64 63 99 100 84 89 92 91 89 84 76 116 114
231 232 233 235 238 239 239 240 240 241 241 241 241 242 241 242 244 244 244 271 272 333 326 327 327 327 327 327 329 329 330 330 331 396 395 395 396 364 365 365 365 364 363 394 408 416 419 420 421 418 351 345 334 318 284 281 279 302 236 235 190 188 127 127 127 95 95 95 94 94 94 93 93 93 92 92 91 91 90 89 89 123 62 61 60 96 99 82 87 90 90 87 83 77 68 114
230 231 233 234 235 236 238 239 239 240 241 241 241 241 241 240 241 241 242 242 243 270 265 265 325 326 326 325 325 324 325 327 327 326 391 391 361 361 361 361 361 359 360 388 403 410 415 416 417 414 347 410 329 337 306 303 300 234 233 173 171 126 125 125 125 93 93 93 92 92 92 91 91 90 90 90 89 88 88 87 86 122 85 84 83 119 98 81 85 87 89 87 84 78 69 64
229 230 232 233 234 236 236 237 238 240 239 240 240 239 240 240 241 240 240 242 242 243 236 264 263 263 263 263 263 323 322 322 322 321 322 355 356 357 357 357 357 356 357 380 397 405 410 412 482 442 437 429 419 401 313 241 173 172 171 170 169 168 123 123 123 91 91 90 90 90 90 89 89 88 88 87 87 86 85 85 84 119 82 81 80 116 121 104 110 113 89 88 85 79 70 135
227 229 231 232 233 234 235 237 237 237 237 237 237 237 237 237 237 238 237 239 239 240 233 234 235 262 262 261 261 261 261 259 259 257 225 226 226 292 292 293 293 292 292 312 330 339 440 442 441 377 373 365 353 332 245 242 240 169 168 167 166 165 165 121 121 89 88 88 88 88 87 87 86 86 85 85 84 83 83 82 81 116 79 78 77 114 96 105 111 114 115 114 111 80 44 108
226 228 230 230 233 233 234 234 235 235 236 236 236 236 235 235 236 237 236 237 239 232 232 232 232 232 233 260 259 259 258 257 257 223 224 222 222 223 223 289 288 289 288 328 349 427 433 435 436 372 366 358 281 258 241 240 238 237 166 165 164 163 163 163 118 86 86 86 85 85 85 84 84 83 83 82 81 81 80 79 78 113 77 77 77 114 97 106 111 115 116 115 84 79 70 133
224 227 228 229 231 231 233 233 234 234 236 235 235 235 235 233 233 233 235 235 236 229 231 231 231 231 231 231 231 257 256 255 223 221 221 221 221 220 221 219 219 243 244 243 346 355 362 364 303 300 295 286 274 241 238 236 234 233 232 161 160 160 160 160 116 84 83 83 83 82 82 81 81 80 80 79 78 77 77 77 77 113 77 77 77 114 98 107 112 115 89 88 85 80 71 133
222 225 226 228 229 230 232 232 233 233 233 234 233 234 234 233 232 232 233 234 234 227 228 229 229 230 229 229 229 228 227 195 219 219 220 220 219 219 244 243 243 242 241 310 337 348 355 357 296 293 288 280 265 236 234 231 230 230 229 228 157 157 157 157 125 81 80 80 80 79 79 78 78 77 77 77 77 77 77 77 77 113 128 77 77 114 98 80 86 89 90 89 86 80 71 133
