testData/tiles/smaller/grid40.0-20.0-50.0-30.0.asc
ncols   200
nrows   200
xllcorner   40.0
yllcorner   20.0
cellsize   0.05
NODATA_value   -9999.0
[rows 42 to 83 of 200, columns 94 to 187 of 200]
269 270 272 188 188 190 192 195 196 198 157 159 161 163 163 165 123 125 126 127 138 139 140 141 142 143 144 145 146 148 148 149 150 152 152 154 155 156 157 158 159 160 160 161 161 160 161 161 161 161 160 160 160 179 179 179 177 177 175 175 173 172 170 132 130 129 126 125 123 122 121 120 119 117 116 115 114 113 111 110 109 85 83 81 80 79 77 75 75 75 74 74 73 73
273 270 271 187 188 191 193 194 196 157 158 160 160 162 163 166 167 169 126 136 138 139 140 141 143 144 145 146 147 147 149 150 152 153 154 156 157 158 159 160 161 162 162 162 162 163 163 163 164 162 162 162 162 160 181 180 179 179 177 176 175 174 134 133 131 129 128 127 125 124 122 121 120 119 118 117 115 114 113 112 97 86 84 83 82 80 78 77 76 75 75 75 74 74
276 273 271 188 189 191 192 195 155 155 157 159 161 163 164 166 166 168 179 137 138 139 140 141 142 144 145 147 147 148 149 152 153 155 157 157 159 160 161 162 163 163 163 164 164 165 165 165 164 164 165 164 163 162 161 181 180 181 178 177 176 175 135 134 133 131 129 128 126 125 124 133 132 130 129 128 127 126 124 123 99 97 95 94 93 92 89 88 87 86 76 76 75 75
278 277 272 273 188 190 192 152 154 156 158 159 161 162 164 165 167 168 179 180 138 139 141 142 143 144 146 147 148 149 151 152 154 156 158 159 161 162 163 163 165 165 166 166 167 167 167 166 166 166 166 165 164 164 163 162 182 181 180 178 178 138 137 136 135 133 130 138 138 137 136 134 133 132 131 130 128 127 126 125 100 98 97 96 94 93 91 89 88 87 87 87 86 86
279 278 276 272 189 190 150 152 154 156 158 158 161 162 164 165 168 177 178 180 181 182 142 143 144 145 146 148 149 150 152 154 156 157 159 160 162 163 164 166 166 167 168 168 169 169 168 169 168 168 168 167 166 166 164 164 163 182 182 180 180 140 139 137 145 144 142 140 140 138 137 136 135 133 132 131 130 128 127 126 102 99 98 97 96 94 92 91 90 88 88 87 87 87
281 280 278 276 147 148 151 151 153 155 157 159 160 162 164 165 175 177 178 180 182 183 184 143 145 146 147 148 150 152 154 156 157 159 161 163 163 165 166 167 168 169 169 170 171 170 170 170 170 170 169 169 168 167 166 166 164 163 183 182 143 141 149 148 147 145 143 141 141 140 139 137 136 135 134 132 131 130 129 127 103 101 99 98 97 95 93 92 91 89 89 88 88 88
281 281 280 235 146 148 149 151 153 155 157 159 159 162 163 165 175 178 179 180 182 184 185 186 145 146 147 149 151 154 155 157 159 161 162 164 165 167 168 169 170 171 172 173 171 172 173 172 172 171 171 170 170 168 168 167 166 165 163 124 153 153 151 149 148 146 144 143 142 141 140 139 137 136 135 134 132 131 130 106 104 102 101 100 98 96 95 93 91 90 90 89 89 88
282 282 239 237 232 148 149 151 153 154 156 158 160 162 163 174 176 177 179 181 182 184 185 186 188 147 148 150 152 154 156 159 161 162 164 166 167 168 170 171 172 173 173 173 174 174 174 193 173 173 173 172 171 170 170 168 167 165 175 136 134 153 152 150 150 148 145 144 144 143 141 140 139 138 136 135 134 132 131 107 106 103 102 101 99 97 96 95 92 91 91 90 90 89
241 240 239 239 236 147 148 151 152 154 157 158 160 161 173 174 176 177 179 181 182 184 186 187 188 189 150 151 153 155 157 158 161 163 166 168 187 189 191 191 192 193 193 194 195 195 195 194 193 194 193 192 192 190 189 188 198 196 157 136 135 134 133 152 150 149 147 145 144 144 143 141 140 139 138 136 135 134 132 108 106 105 103 102 101 98 97 96 94 92 91 91 91 90
242 241 242 240 238 147 149 150 152 155 156 158 159 162 172 174 176 178 179 181 183 184 185 187 189 190 192 152 155 157 158 179 181 183 184 186 188 190 191 193 194 196 196 197 197 197 196 195 195 195 193 193 192 192 190 200 198 159 157 157 155 154 152 151 152 149 148 147 146 145 144 143 141 140 139 138 136 135 111 109 107 106 105 103 102 100 98 97 95 93 92 92 91 91
243 242 243 241 239 151 149 150 152 154 156 158 160 171 172 175 176 178 179 181 183 184 185 188 189 191 194 195 174 176 178 181 182 184 186 188 190 191 193 195 195 197 198 199 198 198 198 197 197 196 195 195 194 203 201 201 161 161 159 158 156 155 153 151 150 149 168 148 147 147 145 144 143 141 140 139 137 136 112 111 108 107 106 104 102 101 99 97 96 95 93 93 92 92
243 244 243 242 241 154 149 150 152 154 156 158 160 170 172 174 176 177 180 181 182 184 186 187 189 211 213 215 217 177 179 181 183 186 188 189 191 193 195 196 198 199 200 199 200 200 199 199 198 197 197 196 204 204 203 164 162 161 160 159 157 155 155 152 150 150 149 147 167 167 146 145 144 143 141 140 139 137 113 112 109 108 107 106 103 102 101 98 97 96 94 94 93 93
244 245 244 243 243 240 149 150 152 154 155 158 169 170 173 174 176 178 179 181 182 184 205 206 209 211 214 216 218 177 179 182 184 186 188 191 193 195 196 198 199 200 201 201 202 201 201 200 199 199 198 206 206 205 165 165 164 162 161 159 159 156 155 154 151 151 150 149 147 147 167 165 164 144 142 141 140 138 114 113 112 109 108 107 104 103 102 99 98 96 95 95 94 94
245 245 245 244 244 242 152 151 152 153 156 158 168 170 172 174 175 178 179 180 202 203 204 207 210 211 213 217 219 221 181 182 184 186 189 191 192 194 197 199 200 202 203 204 203 203 202 200 200 200 208 207 207 167 167 165 164 163 161 160 159 157 156 154 153 152 151 150 148 147 147 145 166 165 164 143 142 118 116 114 114 111 110 109 106 105 104 101 100 97 96 95 95 94
245 246 246 245 245 243 154 151 152 153 156 166 168 169 172 173 175 177 198 199 202 203 204 207 210 212 215 217 218 221 224 183 185 188 189 191 194 196 198 199 202 204 205 205 204 203 202 202 212 210 209 209 169 168 168 165 165 163 163 160 160 158 156 155 154 153 152 151 149 149 149 147 147 146 145 164 163 120 118 116 116 113 112 111 108 107 105 104 102 99 98 97 96 95
246 247 246 246 246 244 156 151 152 153 155 166 168 170 172 173 194 196 197 199 201 203 205 208 209 212 215 217 219 221 224 226 185 188 190 192 195 196 198 201 203 204 206 205 205 204 203 213 212 210 210 172 169 169 167 166 166 164 164 161 161 159 156 156 155 153 154 153 151 151 190 150 149 148 147 145 144 120 139 118 118 115 114 112 110 109 107 106 104 101 100 99 98 97
246 247 247 246 246 245 157 151 152 153 155 166 167 169 190 192 193 196 197 199 201 202 205 208 210 212 216 218 219 221 224 226 185 188 189 192 195 197 198 200 202 204 205 206 205 204 204 213 212 211 173 171 170 170 168 167 165 165 163 201 199 199 196 196 196 194 194 194 192 192 192 190 189 189 188 186 162 161 159 157 157 156 116 114 112 111 109 108 104 103 101 101 99 99
247 248 248 247 247 246 158 155 152 153 164 165 186 187 190 191 193 195 197 198 201 203 205 207 210 212 214 217 220 222 225 226 228 187 190 192 194 195 198 200 202 204 204 205 205 204 214 212 212 173 172 171 171 169 208 206 205 204 202 201 200 198 198 198 198 196 196 196 194 194 194 192 191 191 190 188 164 163 161 159 159 156 155 134 132 131 150 109 106 105 103 103 101 101
247 248 248 248 248 246 159 156 152 153 163 184 185 187 190 191 193 195 196 198 199 203 205 207 210 213 215 216 219 221 224 227 229 231 190 192 194 196 198 200 201 202 204 203 204 213 213 175 174 173 211 211 209 209 207 206 206 204 203 202 200 200 199 199 198 198 198 265 196 195 196 194 193 193 191 167 166 164 163 161 161 158 157 155 134 132 131 129 126 125 123 83 82 81
248 249 249 248 247 247 160 157 152 181 182 184 185 187 188 191 192 194 196 197 200 202 205 207 209 212 215 217 219 222 224 225 227 230 190 192 194 196 197 198 200 201 202 202 213 213 175 213 212 212 212 210 209 208 207 207 205 204 270 270 268 268 268 267 267 267 267 266 265 264 263 263 262 262 260 236 235 166 164 163 162 160 159 157 155 153 133 130 128 126 125 123 123 122
248 248 249 249 248 248 161 158 170 181 182 183 185 186 188 190 192 193 195 197 199 202 204 207 210 212 214 216 219 221 223 226 228 230 232 190 192 194 196 198 199 200 201 212 174 213 212 212 212 211 210 210 209 209 207 273 272 271 272 269 270 269 269 269 269 269 267 268 267 266 265 265 264 263 262 238 236 235 233 232 164 167 160 158 157 155 153 132 130 128 127 125 124 124
249 249 249 249 248 247 162 178 173 181 182 183 184 186 187 189 191 193 194 196 199 201 204 206 209 212 214 216 219 221 223 225 227 229 231 233 192 194 195 197 198 200 201 212 211 212 212 212 211 210 210 209 276 275 274 274 272 272 270 271 272 270 271 270 271 269 269 269 269 272 272 272 270 270 246 245 243 242 240 238 238 236 234 165 164 162 160 158 137 134 133 132 131 130
249 249 249 249 249 267 180 179 183 180 182 183 184 185 187 188 190 191 194 196 199 202 204 207 208 210 213 216 218 220 222 224 227 229 230 233 191 193 194 196 236 198 209 210 211 212 211 210 210 211 277 276 276 274 292 272 275 273 324 272 271 272 273 272 271 276 276 275 275 274 274 273 272 272 248 246 245 244 241 240 240 238 235 234 232 163 162 160 157 155 135 134 133 131
248 249 249 249 268 267 181 179 185 180 181 183 184 185 186 188 189 191 192 196 198 201 203 205 209 211 213 215 216 220 222 224 226 228 230 232 233 192 193 195 197 208 209 210 210 209 210 212 279 279 278 278 277 295 293 346 327 326 327 328 327 332 280 280 280 280 277 277 277 276 275 275 274 251 249 248 247 245 243 242 242 239 237 236 233 232 230 162 158 157 156 135 135 133
249 250 250 268 268 268 181 179 185 180 181 182 183 185 186 187 188 191 193 194 197 200 203 205 207 209 212 215 217 219 221 223 225 227 229 231 232 192 194 195 196 206 207 208 210 211 279 278 277 278 278 277 295 295 351 349 346 329 334 333 334 334 333 282 280 281 281 280 280 277 276 277 275 251 251 250 248 247 245 244 243 240 239 238 235 234 232 229 227 158 157 156 136 135
226 249 268 269 268 267 182 180 186 179 181 182 183 184 186 187 188 189 192 195 197 200 202 204 207 209 211 213 216 218 220 222 224 226 228 231 231 233 191 193 204 207 208 209 277 276 277 278 278 279 279 278 295 304 358 360 354 337 336 337 337 335 336 285 283 284 282 281 281 281 280 279 254 253 253 251 250 248 247 245 245 242 240 239 237 236 233 230 229 227 225 158 156 136
226 268 268 268 268 268 181 189 187 179 180 181 183 184 185 186 188 189 191 193 196 198 202 204 206 209 211 213 215 216 219 221 185 187 228 229 231 233 191 195 205 206 207 275 276 278 278 280 278 278 280 297 303 312 367 367 362 356 338 339 340 339 340 285 286 286 285 285 284 283 281 281 258 256 254 253 252 249 248 247 247 243 242 240 239 236 235 232 231 229 227 226 158 157
244 246 269 268 268 268 182 189 186 182 180 181 182 183 185 186 187 188 190 193 195 198 200 202 205 207 209 212 214 216 180 182 223 224 226 227 229 232 234 202 204 273 275 276 277 277 278 278 280 279 285 303 313 371 373 372 367 358 354 342 341 342 342 289 290 289 288 287 287 286 285 260 259 258 258 257 253 251 250 249 248 245 244 242 240 238 237 233 231 231 229 228 226 226
245 245 245 269 268 267 181 190 187 181 179 180 182 183 184 185 186 189 191 193 195 196 199 201 203 206 208 173 174 176 179 220 222 224 226 229 231 232 234 202 271 273 274 275 277 279 281 281 286 286 286 308 320 324 377 377 374 366 343 343 344 344 343 292 293 291 292 290 289 289 264 263 263 260 260 258 257 255 251 250 249 247 245 243 242 240 237 235 233 231 231 230 228 226
245 245 245 268 267 268 182 189 186 182 179 180 181 182 183 185 186 188 190 192 194 196 199 163 166 168 169 172 174 214 216 218 220 224 226 228 230 232 245 314 273 274 275 277 278 280 285 287 288 287 306 315 324 330 384 384 382 372 364 347 347 346 347 295 293 294 293 293 292 292 267 265 266 264 263 261 258 256 255 254 250 248 246 245 243 241 239 236 235 233 232 230 230 228
244 244 245 245 268 267 181 189 187 182 178 179 181 182 183 184 185 187 189 154 156 158 160 162 164 167 169 171 212 214 216 218 221 223 225 228 230 233 313 315 274 276 278 278 280 286 286 288 287 288 308 323 331 336 389 390 387 380 367 349 349 349 350 296 297 298 295 296 295 271 271 269 269 267 265 264 262 259 256 255 254 250 248 246 244 242 240 237 236 235 234 232 231 229
244 244 244 244 267 267 190 189 186 182 178 179 180 143 144 145 147 149 151 153 155 157 159 161 163 165 167 209 211 212 214 219 221 223 227 231 233 311 313 315 274 277 278 285 286 287 288 289 290 292 314 327 336 340 342 394 393 385 373 352 353 353 299 300 300 299 299 299 299 274 273 272 271 270 268 266 264 262 260 258 255 253 249 247 246 243 240 239 238 236 235 234 233 231
205 206 207 206 206 228 151 151 149 145 139 140 141 142 144 145 146 148 150 152 154 156 158 160 162 164 205 207 209 213 216 219 222 224 228 230 300 312 315 318 319 283 284 285 286 288 289 290 291 293 321 333 342 346 346 346 344 339 329 304 305 302 303 304 303 302 301 301 277 277 276 274 273 273 271 270 267 265 262 259 258 254 253 250 247 245 242 240 240 238 236 235 233 232
206 206 206 206 205 206 152 150 148 144 138 140 141 142 143 144 146 148 150 152 154 156 157 159 161 202 204 207 211 213 215 218 222 224 228 298 301 312 314 318 325 284 286 287 289 291 291 292 294 313 327 338 345 351 353 353 350 346 335 324 305 306 307 305 306 307 306 282 281 280 280 279 277 277 274 273 271 268 266 262 260 256 254 252 250 245 243 242 240 239 237 237 235 233
206 205 205 206 205 205 128 149 147 145 138 139 140 141 142 143 145 147 149 151 153 155 157 159 200 203 205 210 211 213 217 220 223 226 295 299 311 314 316 324 326 285 287 289 290 291 293 294 296 316 333 344 350 355 357 357 355 350 342 328 310 309 310 309 310 311 286 286 286 284 283 282 281 281 279 278 273 271 269 266 265 261 256 253 251 249 244 243 242 241 239 237 236 234
207 206 205 205 205 119 128 150 148 144 137 138 139 140 141 142 145 147 149 151 153 155 156 198 200 203 207 210 212 215 219 222 225 295 296 300 312 319 322 324 327 329 288 290 291 293 294 295 297 320 337 348 355 360 362 361 360 355 347 332 313 314 314 315 314 313 290 292 290 289 288 287 284 284 281 280 277 275 273 269 267 263 260 257 253 250 248 245 243 242 240 238 237 236
207 206 205 204 205 119 127 126 147 144 136 137 139 140 141 142 144 146 148 150 152 155 196 198 200 205 207 209 213 216 220 222 293 297 299 302 320 322 324 327 329 331 289 291 293 294 295 298 300 327 342 352 359 363 366 365 365 362 354 340 317 317 317 318 318 295 295 292 293 293 291 291 289 287 285 283 281 279 276 274 272 265 263 260 257 251 250 248 244 243 242 240 238 236
206 206 205 204 204 118 126 125 123 144 136 137 138 139 140 141 143 145 147 149 152 193 196 197 202 204 207 211 214 217 221 291 294 297 300 307 321 323 325 327 331 333 292 294 295 295 297 299 302 331 347 357 363 369 372 371 369 367 360 347 319 320 322 322 299 297 298 297 297 297 295 294 293 290 290 286 284 282 279 276 274 270 266 263 258 256 253 251 249 245 242 241 239 237
207 206 205 204 203 117 126 125 123 120 135 136 137 138 139 140 142 144 146 149 191 193 196 197 202 204 209 212 215 218 289 292 295 303 306 319 322 325 327 329 331 334 335 294 296 298 299 302 304 338 352 361 368 372 376 376 374 371 366 353 323 323 323 301 302 302 302 302 301 299 299 299 297 295 295 291 289 286 282 278 276 273 270 265 262 259 257 252 250 247 244 242 240 238
208 206 205 205 204 117 126 124 122 119 111 135 136 137 138 139 141 143 146 149 190 193 195 199 201 205 210 212 215 220 289 293 300 304 307 320 322 325 328 330 332 335 337 296 298 299 302 305 325 344 356 366 373 377 378 380 379 374 368 359 344 326 304 305 304 305 303 304 305 304 303 301 300 299 297 294 292 288 286 283 280 276 271 268 265 262 259 255 252 249 246 244 242 240
224 223 222 220 134 132 141 139 137 134 126 127 151 152 153 154 141 143 146 187 190 193 197 199 202 206 210 213 217 288 290 299 302 305 308 320 323 327 329 332 334 337 339 297 299 302 304 307 328 347 362 371 377 383 384 385 384 380 374 364 347 306 308 307 307 307 307 307 306 305 305 305 304 303 301 298 295 292 289 285 282 277 274 271 268 264 262 259 255 252 250 245 244 242
229 228 225 223 137 135 142 139 137 134 125 127 128 151 152 154 156 159 201 203 206 194 197 200 203 207 211 214 285 288 296 300 303 305 309 322 325 328 330 332 334 336 339 298 301 303 306 309 334 353 366 375 381 385 388 388 388 385 380 371 330 309 311 310 312 312 311 312 311 310 309 308 308 306 305 302 299 296 290 287 285 281 277 274 271 268 265 260 258 255 251 249 245 242
