testData/tiles/smaller/grid10.0-0.0-20.0-10.0.asc
ncols   200
nrows   200
xllcorner   10.0
yllcorner   0.0
cellsize   0.05
NODATA_value   -9999.0
[rows 44 to 87 of 200, columns 96 to 191 of 200]
205 206 205 207 208 207 208 208 208 208 208 207 207 209 209 210 211 212 213 213 214 215 215 215 216 174 175 175 175 175 205 220 230 238 243 242 245 247 249 249 249 247 246 244 241 237 231 225 216 139 123 92 92 92 90 90 89 89 88 88 87 87 86 36 35 34 34 33 32 68 67 66 67 68 67 66 65 65 65 66 65 64 63 65 129 130 133 134 136 137 139 167 168 171 172 175
204 205 206 205 206 207 207 207 207 207 205 205 206 207 208 209 209 211 211 211 213 213 213 214 215 215 173 173 173 173 204 220 230 237 242 241 244 246 248 249 247 247 246 243 240 236 231 223 149 138 123 91 91 90 89 89 88 88 87 87 86 86 85 35 34 33 32 32 31 67 66 65 66 67 65 64 64 64 63 63 62 62 63 53 130 131 133 134 136 137 166 168 169 171 172 177
203 203 204 205 205 206 206 205 207 203 204 205 204 206 206 208 208 208 210 210 210 212 212 212 212 213 171 171 172 171 204 218 229 236 242 241 243 246 248 247 247 247 245 243 239 236 229 223 149 138 123 90 90 88 88 88 87 87 86 86 85 84 84 33 72 32 31 30 29 65 64 63 64 65 64 62 62 62 61 60 60 62 51 54 130 131 133 134 136 164 167 168 169 171 174 179
201 202 202 203 203 204 205 205 202 203 204 204 204 204 205 205 207 207 207 209 209 209 210 210 211 211 212 170 170 170 205 218 228 234 240 238 242 244 245 246 247 245 244 241 239 234 229 156 148 137 124 129 127 127 127 126 126 125 125 124 124 123 122 122 71 70 69 68 67 66 102 101 102 103 101 101 100 99 57 59 60 50 52 54 130 131 133 134 137 165 166 168 169 173 176 182
199 200 201 201 202 202 204 201 202 201 203 203 203 204 203 232 204 205 206 206 207 208 208 209 209 209 209 167 168 186 204 217 227 234 240 238 240 243 245 245 245 245 243 240 237 273 269 195 187 177 164 144 126 126 125 125 124 124 123 123 122 121 121 120 69 68 67 66 65 64 100 99 100 100 98 97 96 96 97 87 88 91 92 168 130 131 133 135 164 165 166 168 170 175 179 183
198 198 199 200 201 201 200 200 201 200 229 230 229 230 230 230 230 231 231 233 233 205 206 206 207 207 208 208 166 184 203 216 226 233 238 237 240 243 242 243 244 282 281 280 276 272 199 194 187 176 163 143 124 124 123 123 122 122 121 121 120 119 119 118 67 66 65 64 63 62 98 96 97 97 95 94 95 96 85 87 89 91 92 168 170 171 173 175 163 165 166 168 172 177 181 184
195 196 197 199 200 197 198 199 227 227 228 228 228 228 228 229 229 228 229 230 230 231 232 204 204 205 205 205 163 181 203 215 224 231 237 234 238 240 282 282 282 281 279 277 275 203 198 192 185 176 162 141 122 122 122 121 121 120 119 119 118 117 116 116 65 64 63 62 60 59 57 93 93 93 93 94 83 84 85 88 89 90 92 168 170 171 174 202 203 205 206 169 174 179 182 185
192 194 195 193 195 196 224 224 226 226 226 226 226 227 226 226 226 226 226 227 228 229 229 229 230 203 203 203 203 181 202 214 222 229 234 273 276 278 279 281 281 280 277 276 272 202 197 191 184 174 161 140 120 120 119 119 118 118 117 116 116 115 114 113 62 61 60 58 57 55 53 89 91 93 81 82 83 84 85 88 89 90 92 168 170 172 173 202 203 205 206 211 216 219 183 187
192 192 189 190 192 221 221 222 223 224 224 224 224 224 225 224 224 223 224 224 225 225 227 227 227 228 200 200 200 179 200 212 261 268 267 270 274 276 278 278 278 277 276 273 204 200 195 190 182 172 160 139 118 117 117 116 116 115 114 113 113 112 111 110 108 57 56 54 52 52 52 77 77 81 81 82 83 84 85 87 89 90 92 168 170 172 200 202 203 205 207 211 217 220 225 236
178 178 178 189 217 217 218 218 220 220 221 221 221 222 222 221 222 222 221 221 222 223 223 223 224 224 224 196 198 220 237 249 257 264 264 268 271 273 274 275 276 274 273 204 201 198 194 186 179 171 158 139 115 115 114 113 113 112 111 110 109 108 107 105 104 52 52 52 40 40 40 40 79 81 81 82 83 84 85 87 89 90 92 168 169 172 200 202 203 204 209 214 218 222 234 237
179 179 179 207 206 206 217 216 216 216 216 218 219 220 221 221 220 219 219 217 218 218 219 220 221 221 221 222 234 258 235 246 255 262 261 265 269 270 272 272 272 272 204 202 199 195 190 184 177 167 156 136 112 111 110 110 109 108 107 106 104 103 102 102 102 40 40 40 40 40 40 40 77 81 81 82 83 84 85 87 89 90 91 168 169 199 200 202 203 205 210 214 227 231 234 238
180 180 208 208 207 207 206 205 204 216 217 218 219 221 222 223 222 222 220 217 216 215 215 216 216 256 257 257 257 256 274 243 252 258 258 262 265 267 268 269 270 202 200 199 195 191 187 181 174 165 153 134 108 107 106 105 104 102 102 102 102 102 90 90 90 40 40 40 40 40 40 40 77 81 81 82 83 84 85 87 89 90 91 168 169 199 200 201 203 207 212 223 228 232 235 239
181 181 209 209 208 208 207 206 205 207 209 211 212 213 226 225 224 222 219 217 214 211 209 210 251 252 252 253 253 252 270 240 248 248 253 257 261 263 265 266 199 198 197 194 191 187 182 177 169 160 148 130 102 102 102 102 102 90 90 90 90 90 90 90 90 40 40 40 40 40 40 40 40 81 81 82 83 84 85 87 88 90 91 168 169 197 200 201 204 216 220 224 228 233 236 238
183 210 210 210 209 208 208 207 210 213 215 217 218 219 219 218 218 216 213 210 217 214 250 246 246 246 246 246 246 274 264 233 242 242 248 252 255 257 259 193 193 191 190 188 186 183 179 173 167 158 147 118 90 90 90 90 90 90 90 90 90 90 90 90 90 40 40 40 40 40 40 40 40 79 81 82 83 84 85 86 88 90 166 168 196 197 199 201 213 217 221 225 228 233 236 239
184 212 211 211 210 209 208 211 215 217 220 222 224 224 224 224 222 220 218 214 250 245 242 237 234 234 234 234 234 263 252 263 229 230 235 239 242 245 179 179 180 179 178 177 174 171 167 162 155 147 136 119 90 90 90 90 90 90 90 90 91 91 91 91 91 41 41 41 41 40 40 40 40 42 81 82 83 84 85 86 87 90 91 167 196 197 199 209 213 218 221 226 229 232 237 240
213 213 212 212 211 210 211 214 218 221 226 226 229 230 230 230 227 225 222 257 253 249 245 240 236 234 234 234 234 264 281 263 224 230 235 239 242 177 179 180 180 180 179 177 175 171 167 162 156 147 137 120 91 91 91 91 91 92 92 92 92 92 92 92 92 42 42 42 42 42 42 42 41 43 45 83 84 84 85 86 87 88 91 167 196 197 206 208 214 219 222 226 230 233 237 240
214 214 213 215 214 213 216 220 224 227 229 232 235 237 238 237 236 273 266 261 256 251 247 242 237 233 233 233 233 264 280 263 223 229 235 239 175 177 179 180 180 180 179 177 175 172 168 163 157 149 139 123 92 92 93 93 93 93 93 93 93 93 93 94 94 44 43 43 43 43 43 43 43 45 45 83 85 86 87 87 88 89 90 194 195 205 206 209 213 217 223 226 230 233 236 240
217 217 216 215 214 214 218 222 226 230 234 238 239 241 243 243 281 277 273 267 262 254 249 244 239 234 233 233 233 265 281 257 265 230 168 172 175 178 179 180 181 180 179 178 176 173 170 165 158 151 141 125 93 94 94 94 94 94 94 95 95 95 95 95 95 45 45 45 45 45 44 44 44 46 46 48 85 87 88 89 89 90 91 194 204 205 206 209 214 218 222 227 230 234 237 239
236 236 235 234 234 235 239 243 247 251 255 259 262 264 307 307 305 300 295 289 282 276 271 264 258 252 250 249 249 282 296 273 280 176 181 184 187 188 190 189 188 187 184 180 178 175 171 166 161 153 142 127 95 95 95 95 95 96 96 96 96 96 96 96 96 46 46 46 46 46 46 46 45 47 47 49 50 87 89 90 91 91 100 204 204 205 207 211 215 219 222 226 229 234 237 241
245 243 242 242 241 243 247 251 255 259 263 268 272 316 318 319 316 311 305 299 290 284 279 274 268 261 257 257 257 290 305 281 222 185 191 194 197 199 201 202 202 201 201 198 195 193 188 182 175 166 154 138 103 100 96 96 97 97 97 97 97 97 97 97 97 47 47 47 47 47 47 47 47 48 48 48 51 89 89 90 92 101 101 205 205 206 208 212 216 220 223 227 230 234 238 241
248 248 247 246 245 247 252 256 260 265 269 273 318 321 325 330 323 316 310 303 296 290 284 279 274 267 262 262 262 296 237 219 227 234 196 200 204 205 208 208 209 208 208 205 204 200 196 191 184 175 165 149 114 113 112 112 111 110 108 106 104 99 98 98 98 48 48 48 48 48 48 48 48 48 49 49 52 53 91 91 100 101 102 205 207 207 208 213 217 220 225 227 232 235 238 243
250 250 249 248 248 250 254 259 263 267 271 316 319 323 326 327 324 319 313 305 298 292 287 282 276 271 268 267 198 227 241 223 231 237 201 204 208 212 212 214 215 214 213 211 209 206 201 196 190 181 171 156 120 120 119 119 118 117 116 115 114 113 112 110 108 55 51 49 49 49 49 49 49 49 50 50 51 54 55 92 101 102 102 205 208 208 210 215 218 222 225 229 232 236 240 244
251 251 250 251 250 251 256 260 264 268 311 315 318 321 324 324 322 317 311 306 299 293 288 283 278 272 270 203 202 229 244 226 234 240 204 209 211 215 217 218 218 219 217 215 213 209 206 200 194 185 176 160 124 124 124 123 123 122 121 120 119 118 117 116 115 63 62 60 58 54 50 50 50 50 52 51 51 54 56 64 102 103 104 206 207 208 210 215 219 223 227 232 235 239 241 244
251 252 251 251 250 250 254 258 262 306 310 313 316 318 320 320 317 313 309 304 299 293 287 282 277 205 204 204 198 232 246 228 237 244 206 211 215 217 219 221 220 221 220 218 216 212 208 203 196 188 178 163 127 127 126 126 126 125 124 123 122 122 121 120 119 67 66 65 63 61 58 55 51 51 52 52 52 53 64 64 65 104 105 132 208 209 211 216 220 224 229 234 236 240 243 247
251 251 250 250 249 248 251 256 300 303 306 310 312 313 314 313 312 309 305 300 295 290 286 214 209 204 204 204 198 235 250 229 238 246 209 213 216 219 221 222 222 223 221 219 217 214 211 205 198 189 180 165 129 128 127 128 127 126 126 125 124 123 122 121 120 69 68 67 65 63 61 58 52 52 51 53 53 62 65 65 66 67 105 132 209 209 213 217 221 226 230 234 237 241 244 248
249 249 249 249 248 247 249 292 296 299 302 304 307 308 308 308 306 304 301 296 224 220 215 210 206 204 204 199 199 235 250 233 239 247 251 214 217 219 221 223 222 223 222 219 218 215 210 206 198 191 179 166 129 129 128 127 128 127 126 125 124 124 123 122 121 69 68 67 65 63 60 57 53 52 52 54 62 63 63 66 67 68 95 133 209 209 212 218 223 227 232 235 238 243 246 249
218 246 246 247 246 246 285 287 291 293 296 298 300 301 301 301 299 297 227 223 218 214 211 206 203 203 198 199 198 235 223 233 241 246 251 214 216 219 221 222 222 223 221 219 218 214 210 205 199 190 180 165 128 128 127 126 126 126 125 124 123 122 121 120 119 67 66 64 62 58 54 54 53 53 53 63 63 63 63 66 67 69 69 97 210 210 214 220 224 228 233 236 239 244 247 249
215 243 243 243 243 283 282 281 284 288 290 292 293 294 294 226 225 223 220 216 212 209 205 201 201 196 197 197 197 234 222 231 240 247 250 212 215 218 219 221 221 220 220 217 215 213 208 202 197 188 178 162 126 126 125 124 123 122 121 120 120 119 118 116 114 61 57 55 55 54 54 54 54 54 62 64 64 63 64 65 68 68 69 97 97 211 215 220 226 230 233 238 241 245 247 251
211 211 239 239 278 278 278 277 277 279 281 283 217 218 218 217 216 213 210 207 204 201 198 198 199 193 194 195 195 205 219 229 238 244 249 210 213 215 217 217 218 217 217 215 212 209 205 199 193 185 174 159 121 120 120 119 118 117 115 113 111 106 105 105 105 55 55 55 55 55 55 55 55 55 63 62 64 64 64 66 68 69 70 98 99 176 179 220 225 229 233 237 242 246 247 251
205 205 233 233 273 273 272 271 271 203 204 205 206 208 207 207 205 204 201 198 195 193 194 194 189 190 190 191 191 201 215 225 234 239 245 206 208 211 212 213 213 212 211 210 206 203 199 193 186 177 166 151 112 109 105 106 106 106 106 106 106 106 106 106 106 56 56 56 56 56 56 56 56 64 63 63 65 65 65 65 66 69 70 98 100 178 180 184 226 230 235 238 242 245 249 252
197 197 197 264 198 198 197 196 196 195 194 194 194 194 194 193 192 190 188 186 186 187 187 182 182 183 184 183 174 194 207 218 226 231 237 198 199 201 202 202 202 200 197 193 191 188 184 180 174 166 156 143 106 106 106 106 106 106 107 107 107 107 107 107 107 57 57 57 57 57 57 56 64 64 64 64 64 66 65 66 67 68 71 100 102 102 179 185 189 193 234 239 242 245 250 253
111 111 150 150 178 178 177 176 176 175 174 174 173 172 171 170 169 168 168 168 169 170 164 165 166 167 167 140 141 178 193 204 212 219 224 187 190 192 193 195 195 195 195 194 191 189 185 180 175 167 157 143 106 107 107 107 107 107 107 107 107 107 107 107 57 57 57 57 57 57 57 57 65 65 65 65 64 66 66 66 67 68 70 100 102 104 181 185 190 195 198 240 243 247 250 254
110 149 149 149 149 176 176 175 175 174 174 173 172 171 170 170 169 168 168 169 169 164 165 166 167 168 140 141 142 179 194 204 213 219 225 188 191 194 194 195 196 196 195 195 192 189 186 181 175 167 158 144 107 107 107 107 108 108 108 108 108 108 108 108 58 58 58 58 58 58 58 66 66 65 65 65 65 67 67 66 67 69 71 101 103 105 181 186 191 194 198 201 206 247 250 252
108 148 148 148 148 147 175 174 174 173 173 172 171 170 170 169 168 168 168 169 164 165 166 167 168 140 141 142 142 179 195 205 214 220 226 188 192 194 194 196 196 197 196 194 193 190 186 181 176 168 158 143 108 108 108 108 108 108 108 108 109 109 109 109 59 59 59 59 59 58 66 66 66 66 66 66 66 65 67 67 68 69 71 100 104 105 107 185 189 194 197 202 206 210 213 215
147 147 147 147 147 146 146 145 173 172 172 171 170 170 169 168 168 168 169 164 165 166 167 139 140 141 142 142 143 180 195 206 214 221 226 189 192 195 197 196 197 197 197 195 193 191 187 182 176 169 159 144 108 108 108 109 109 109 109 109 109 109 109 109 59 59 59 59 59 59 67 67 67 67 66 66 66 66 68 69 69 71 73 102 102 106 108 185 190 194 199 203 206 209 213 217
146 146 146 146 145 145 145 144 144 143 171 170 169 169 168 168 168 163 164 165 166 139 139 140 141 142 142 143 144 180 195 206 214 221 227 189 193 195 198 199 197 198 197 195 194 191 187 183 176 169 158 144 109 109 109 109 109 109 109 110 110 110 110 110 60 60 60 60 60 68 67 67 67 67 67 67 67 66 67 69 70 71 72 74 103 104 108 110 190 195 199 202 206 209 213 216
145 145 145 145 144 144 144 143 143 142 142 141 140 140 140 140 135 136 137 137 138 139 140 141 141 142 143 144 144 181 195 206 214 222 227 190 193 196 198 200 198 198 198 196 194 192 188 183 176 169 159 145 109 109 109 110 110 110 110 110 110 110 110 60 60 60 60 60 60 68 68 68 68 68 67 67 67 67 68 71 71 72 74 76 104 106 108 111 191 195 198 203 205 209 212 216
144 144 144 143 143 143 143 142 142 141 141 140 140 140 140 134 135 136 137 138 139 140 141 141 142 143 143 144 145 180 196 206 215 221 227 189 194 196 199 200 200 199 198 196 195 191 187 183 177 169 159 144 110 110 110 110 110 110 110 110 111 111 111 61 61 61 61 61 69 68 68 68 68 68 68 68 68 68 69 70 73 74 74 76 105 105 107 111 114 194 199 202 206 209 213 215
143 143 142 142 142 142 142 141 141 140 140 140 140 134 134 135 136 137 138 139 140 140 141 142 143 143 144 145 145 181 196 207 215 222 227 190 193 197 199 201 201 199 199 197 194 191 188 183 177 169 160 145 110 110 110 110 111 111 111 111 111 111 111 61 61 61 61 61 69 69 69 69 69 68 68 68 68 69 70 70 73 74 75 76 78 106 108 109 114 194 198 202 205 209 212 215
141 141 141 141 141 141 140 140 140 140 140 134 134 134 135 136 137 137 138 139 140 141 142 142 143 144 144 145 146 181 196 207 216 222 228 190 194 197 199 200 201 201 198 197 195 192 188 183 178 170 159 145 110 111 111 111 111 111 111 111 111 111 61 61 61 61 61 69 69 69 69 69 69 69 69 69 69 70 71 72 73 75 76 77 79 107 109 111 112 119 198 200 205 208 212 215
140 140 140 140 140 140 140 140 140 140 134 134 134 134 135 136 137 138 139 140 141 141 142 143 144 144 145 146 146 181 196 207 215 223 228 191 194 197 199 200 201 201 198 197 195 192 189 184 177 169 159 145 111 111 111 111 111 112 112 112 112 112 62 62 62 62 62 70 70 70 70 70 69 69 69 70 71 72 72 73 74 75 77 77 78 107 108 110 112 114 119 201 204 208 211 215
140 140 140 140 140 140 140 134 134 134 134 134 134 135 136 137 138 139 139 140 141 142 143 143 144 145 145 146 147 180 197 207 216 222 229 191 195 197 199 201 201 201 201 197 195 193 189 183 177 170 160 144 111 111 111 112 112 112 112 112 112 112 62 62 62 62 70 70 70 70 70 70 70 70 69 70 71 72 73 74 74 75 78 79 79 81 109 110 112 114 118 198 204 208 211 213
140 140 140 140 140 134 134 134 134 134 134 134 134 135 136 137 138 139 140 141 141 142 143 144 144 145 146 146 147 180 196 208 216 223 228 190 195 197 200 201 201 202 201 197 196 192 188 184 178 170 159 144 112 112 112 112 112 112 112 112 112 62 62 63 63 63 70 70 70 70 70 70 70 70 71 72 73 73 74 75 76 77 77 80 81 81 110 112 113 113 116 120 200 205 210 214
140 140 134 134 134 134 134 134 134 134 134 134 134 136 137 138 138 139 140 141 142 143 143 144 145 145 146 147 147 180 196 207 215 223 228 191 194 198 199 200 202 201 200 198 195 192 189 184 177 169 159 144 112 112 112 112 112 112 113 113 113 63 63 63 63 71 71 71 71 71 71 70 70 70 71 72 73 74 74 75 76 77 78 78 81 82 82 111 113 114 116 120 124 203 208 213
