testData/surfaces/large.asc
ncols   1000
nrows   1000
xllcorner   0
yllcorner   0
cellsize   0.05
NODATA_value   -9999
[rows 368 to 413 of 1000, columns 768 to 863 of 1000]
102 94 79 35 34 33 32 30 29 27 25 23 21 20 20 20 20 0 0 0 0 0 0 0 0 0 0 11 0 28 28 28 28 70 70 70 70 70 70 70 70 70 70 70 70 70 70 70 71 71 71 71 71 71 94 95 95 95 95 95 95 95 95 95 95 95 95 95 95 95 96 97 98 99 99 100 101 101 101 101 102 102 103 103 104 103 103 103 103 104 76 76 75 75 75 75
103 95 80 35 34 32 31 30 28 26 24 22 20 20 20 20 31 11 11 11 11 11 11 11 11 11 11 11 11 11 39 39 39 81 81 81 81 81 81 70 70 70 70 70 70 70 70 71 71 71 71 71 72 72 72 72 95 95 95 95 95 95 95 95 95 95 95 95 96 96 97 98 99 100 101 101 102 103 103 104 104 104 104 105 105 105 105 105 105 77 77 77 77 77 77 76
102 94 79 34 33 32 30 29 27 25 24 32 31 31 31 31 11 11 11 11 11 11 11 11 11 11 11 11 11 11 39 39 81 81 81 81 81 81 81 81 81 81 81 81 70 71 71 71 71 71 72 72 72 72 72 72 72 95 95 95 95 95 96 96 96 96 96 97 98 99 100 99 100 101 102 103 103 104 105 105 106 106 107 106 107 107 107 107 106 79 79 79 78 78 78 78
102 94 79 33 32 31 29 39 37 36 34 31 31 31 31 31 11 11 11 11 11 11 11 11 11 11 11 11 11 11 11 39 81 81 81 81 81 81 81 81 81 81 81 81 82 82 82 82 72 72 72 72 72 72 72 72 72 73 73 96 96 96 96 96 96 96 97 98 99 100 101 102 103 103 104 105 105 105 106 107 107 108 108 109 109 108 109 109 81 80 80 80 80 80 80 79
101 93 78 33 42 41 40 38 36 34 32 31 31 31 31 11 11 11 11 11 11 11 11 11 11 11 11 11 11 11 11 11 81 81 81 81 81 81 81 81 81 81 82 82 82 82 82 83 83 83 83 72 72 72 73 73 73 73 73 73 73 96 96 96 96 97 98 99 100 101 102 103 104 105 106 106 107 108 108 108 109 109 110 110 111 111 110 82 82 83 83 82 81 81 81 81
100 92 88 43 42 40 39 37 35 33 31 31 31 31 31 11 11 11 11 11 11 11 11 11 11 11 11 11 11 11 11 53 53 81 81 81 81 81 81 81 81 82 82 82 82 83 83 83 83 83 83 83 84 73 73 73 73 73 73 73 73 73 73 96 97 98 99 100 101 102 103 104 105 106 107 108 108 109 110 110 111 111 111 112 112 112 85 85 84 84 84 84 83 83 83 82
110 102 87 42 41 39 38 36 34 32 31 31 31 31 11 11 11 11 11 11 11 11 11 11 11 11 11 11 11 11 11 53 53 53 53 81 81 81 81 81 82 82 82 82 83 83 83 83 83 83 84 84 84 84 84 84 73 73 73 73 73 73 73 74 75 99 100 101 102 103 104 105 106 107 108 109 110 110 111 112 112 113 114 113 85 86 86 86 87 86 86 86 86 84 84 84
110 102 86 41 40 38 37 35 33 31 31 31 31 31 11 11 11 11 11 11 11 11 11 11 11 11 11 11 11 11 53 53 53 53 53 53 81 81 81 82 82 82 82 83 83 83 83 83 83 84 84 84 84 84 84 84 84 84 73 73 73 73 74 75 76 77 78 79 103 104 105 106 107 108 109 110 111 112 113 113 114 114 115 88 87 87 88 88 88 88 87 87 87 87 86 62
109 101 85 40 39 37 36 34 32 31 31 31 31 11 11 11 11 11 11 11 11 11 11 11 11 11 11 11 11 11 53 53 53 53 53 53 53 81 82 82 82 82 83 83 83 83 83 84 84 84 84 84 84 84 84 84 84 84 84 84 73 74 75 77 78 79 80 81 82 83 85 86 109 110 110 111 112 113 114 115 115 116 88 89 89 90 89 89 90 90 90 66 66 65 65 64
108 100 85 39 38 36 34 32 31 31 31 31 31 11 11 11 11 11 11 11 11 11 11 11 11 11 11 11 11 11 53 53 53 53 53 53 53 54 54 82 83 83 83 83 83 83 84 84 84 84 84 84 84 84 84 84 84 85 85 85 85 86 76 78 79 80 81 82 83 85 86 87 88 89 90 91 90 91 92 93 66 66 67 67 68 68 69 68 68 68 68 68 68 67 67 66
107 99 83 38 37 35 33 31 31 31 31 31 11 11 11 11 11 11 11 11 11 11 11 11 11 11 11 11 11 53 53 53 53 53 53 53 54 54 54 55 83 83 83 83 84 84 84 84 84 84 84 84 84 84 85 85 85 85 85 85 86 87 88 89 80 81 82 83 84 86 87 88 89 90 91 92 93 94 94 66 67 68 68 69 69 70 70 70 71 70 70 70 70 69 68 68
106 98 82 37 35 34 32 31 31 31 31 11 11 11 11 11 11 12 12 12 12 12 12 12 12 13 13 13 13 55 54 54 54 54 54 55 55 55 55 55 55 55 83 84 84 84 84 84 84 84 84 84 85 85 85 85 85 101 85 85 86 88 89 90 92 82 83 84 85 87 88 89 90 91 92 93 94 67 68 69 69 69 70 70 71 71 72 72 72 72 71 71 71 71 71 69
105 97 81 36 34 32 31 31 31 31 31 11 11 12 12 12 13 13 13 13 13 13 13 14 14 14 14 14 14 56 56 56 55 55 56 56 56 57 57 56 56 56 56 56 84 84 100 100 100 100 100 101 101 101 101 101 101 101 101 102 103 105 106 107 108 110 111 101 102 88 89 90 91 92 93 66 67 68 69 70 71 71 71 72 72 73 73 73 74 74 74 73 73 72 72 72
104 95 80 34 33 31 31 31 31 32 12 12 13 13 13 13 14 14 14 14 14 15 15 15 15 15 15 15 15 57 57 57 57 58 57 57 57 58 58 57 57 74 74 73 73 73 72 100 100 101 101 101 101 101 101 101 101 101 101 103 104 105 107 108 109 111 112 113 103 104 106 107 80 81 66 67 68 69 70 71 72 73 73 74 74 74 75 75 75 75 75 75 74 74 74 73
102 93 78 33 31 31 32 32 32 13 13 13 14 14 14 15 15 15 15 15 16 16 16 16 16 16 16 16 58 58 58 58 58 59 59 58 59 59 75 75 75 75 75 74 74 74 73 73 74 73 73 101 101 101 101 101 101 101 102 103 105 106 107 109 110 111 113 114 87 88 79 80 81 82 83 84 85 70 71 72 73 74 75 75 76 76 76 76 77 77 77 77 77 75 75 75
100 92 76 31 32 32 33 33 34 14 14 15 15 15 15 16 16 16 16 17 17 17 17 17 17 17 17 17 59 59 59 59 60 60 60 77 76 76 76 77 76 76 76 76 75 75 76 75 75 74 74 73 73 73 73 73 73 73 75 76 77 79 80 81 83 84 85 87 88 89 90 81 82 83 84 85 86 88 89 90 74 75 76 77 77 78 78 78 78 78 78 78 78 78 76 76
99 90 74 32 33 33 34 34 15 15 15 16 16 16 17 17 17 17 18 18 18 18 18 18 18 18 18 18 60 60 60 61 77 77 78 78 78 77 78 78 78 77 77 77 76 77 77 76 76 75 75 74 74 73 73 73 73 74 75 77 78 79 81 83 84 86 87 88 90 91 91 93 83 84 85 86 88 89 90 91 92 93 93 78 79 79 80 80 80 80 80 80 80 79 79 77
98 90 75 34 34 34 35 15 16 16 17 17 17 18 18 18 18 19 19 19 19 19 19 19 20 20 20 20 62 62 78 78 78 79 79 79 79 80 79 79 79 79 78 78 79 78 78 77 77 76 76 76 75 75 74 73 73 74 76 78 80 81 82 84 85 86 88 89 91 92 93 94 96 86 86 87 89 90 91 92 93 94 95 95 96 81 81 82 82 81 81 81 81 81 80 80
97 90 75 35 35 36 16 16 17 17 18 18 18 19 19 19 19 20 20 20 20 20 21 21 21 21 21 63 79 79 80 80 80 80 80 80 80 81 80 80 80 80 79 80 80 79 79 78 78 78 77 77 76 76 75 74 75 76 77 79 80 81 83 84 86 87 88 90 91 93 94 95 97 98 88 89 91 91 92 93 94 95 96 97 98 98 99 83 84 84 83 83 83 82 82 81
97 91 76 36 36 17 17 18 18 18 19 19 19 20 20 20 21 21 21 21 21 22 22 22 22 22 38 80 80 81 81 81 82 82 81 81 82 82 82 81 81 81 81 81 81 80 80 80 79 79 78 78 77 77 77 77 77 77 79 79 81 82 83 85 86 88 89 90 92 93 95 96 97 99 100 90 91 93 94 94 95 96 97 98 99 100 100 101 101 85 85 84 84 84 83 83
97 91 77 37 17 18 18 19 19 19 20 20 21 21 21 22 22 22 22 22 23 23 23 23 39 39 39 81 81 82 82 83 83 83 83 83 83 83 83 83 82 83 83 82 82 81 81 81 80 80 79 79 79 79 78 78 78 79 80 81 81 82 84 85 87 88 90 91 92 94 95 97 98 99 101 102 92 94 95 96 97 97 98 99 100 101 102 102 103 103 103 87 86 85 85 84
98 91 78 18 18 19 19 20 20 21 21 21 22 22 22 23 23 23 23 24 24 24 24 40 40 40 40 82 83 83 83 84 84 84 85 85 84 84 84 84 84 84 84 83 83 83 82 82 81 81 80 81 80 80 79 79 80 80 82 82 82 84 84 86 87 89 90 92 93 94 96 97 99 100 101 103 104 94 96 97 98 99 99 100 101 102 103 104 104 104 104 104 88 87 86 123
98 92 59 19 19 20 20 21 21 22 22 23 23 23 24 24 24 24 25 25 25 41 41 41 41 42 42 84 85 85 85 85 85 85 86 86 86 85 85 85 86 85 85 85 84 84 83 83 82 82 82 82 81 81 80 80 81 81 83 83 84 85 86 86 88 89 91 92 94 95 96 98 99 101 102 103 105 106 96 98 99 100 101 101 103 103 104 105 105 106 106 106 105 142 125 124
99 72 60 20 20 21 21 22 22 23 23 24 24 24 25 25 25 26 26 26 42 42 42 43 43 43 43 86 86 86 87 87 86 87 87 87 87 87 86 87 87 86 86 86 85 85 84 84 84 84 83 83 82 82 81 82 82 83 84 85 85 87 87 88 89 90 91 92 94 95 97 98 100 101 103 104 105 107 108 99 100 101 102 104 105 105 106 106 107 107 145 145 145 144 143 126
79 72 61 21 22 22 23 23 23 24 24 25 25 25 26 26 26 27 43 43 43 43 44 44 44 44 44 87 87 88 88 88 88 88 88 88 88 88 88 88 88 87 87 87 86 86 85 86 86 85 85 84 83 83 82 83 83 84 85 86 86 88 88 89 90 91 91 93 94 96 97 99 100 102 103 105 106 107 109 110 101 102 103 104 106 107 107 108 146 147 147 147 146 146 145 143
79 73 62 22 23 23 24 24 25 25 25 26 26 27 27 27 28 44 44 44 45 45 45 45 45 45 46 88 88 89 89 89 90 90 90 89 89 90 90 89 89 89 88 88 87 87 88 87 87 86 86 85 84 84 83 84 85 85 87 87 88 89 90 90 91 92 93 93 95 96 98 99 101 102 104 105 106 108 109 111 112 103 104 105 107 108 147 147 148 148 148 148 148 147 146 145
80 73 63 23 24 24 25 25 26 26 27 27 27 28 28 28 45 45 45 45 46 46 46 46 46 46 47 89 90 90 90 91 91 91 91 90 90 91 91 90 90 90 89 89 89 89 89 88 88 87 87 86 85 85 84 85 86 86 88 88 89 90 91 91 92 93 94 94 95 96 98 99 101 102 104 105 107 108 110 111 113 114 105 106 145 147 148 149 149 150 150 150 149 148 147 146
80 73 65 24 25 25 26 26 27 27 28 28 29 29 45 46 46 46 46 47 47 47 47 47 47 48 49 91 92 91 91 92 92 92 92 92 92 92 92 92 91 91 91 90 91 90 90 89 89 88 88 87 87 86 85 86 87 87 89 89 90 91 92 92 93 93 95 96 96 97 98 100 101 103 104 106 107 109 110 112 113 115 154 144 146 147 149 150 151 151 151 151 150 149 148 146
80 73 66 25 26 26 27 27 28 28 29 29 30 46 46 47 47 47 48 48 48 48 48 48 49 50 50 93 93 93 94 93 93 93 93 94 94 93 93 93 92 92 92 91 92 91 91 90 90 89 89 88 88 87 86 87 88 88 90 90 91 92 93 94 94 95 181 97 97 98 98 100 101 103 104 106 107 109 110 112 113 153 154 156 146 148 149 151 152 152 153 152 151 150 148 147
80 73 67 26 27 27 28 28 29 29 30 30 47 47 48 48 48 48 49 49 49 49 50 50 51 51 93 94 94 94 95 95 95 94 94 95 95 94 94 94 94 93 93 93 93 92 92 91 91 90 90 89 89 88 87 173 174 174 176 177 177 178 180 181 181 182 182 184 184 185 185 185 186 188 189 191 192 194 110 150 151 153 154 156 146 148 149 151 152 154 155 153 151 150 148 147
80 73 68 27 28 28 29 29 30 30 31 47 48 48 49 49 49 50 50 50 50 51 51 51 52 52 53 95 95 96 96 96 96 96 96 96 96 96 95 95 95 94 95 99 94 93 93 92 92 91 91 175 175 174 173 174 175 175 176 178 179 180 180 182 182 183 183 184 185 186 186 187 187 189 189 191 192 194 233 235 236 238 154 156 157 148 149 151 152 153 154 152 151 150 148 147
80 73 69 28 29 29 30 31 31 32 48 49 49 49 50 50 50 51 51 51 52 52 52 53 53 53 54 96 96 97 97 97 97 102 103 102 102 102 101 101 101 101 101 101 100 100 99 184 183 182 182 181 181 180 174 175 176 177 178 179 180 180 181 182 183 183 184 185 185 187 187 188 188 189 190 192 230 232 233 235 236 238 239 240 242 243 149 150 151 152 152 152 150 149 148 146
80 73 70 29 30 30 31 32 32 49 49 50 50 50 51 51 52 52 52 52 53 53 53 54 54 55 55 97 97 103 103 103 103 104 104 103 103 103 103 102 102 102 102 102 186 186 185 185 184 183 183 182 182 181 180 181 183 183 179 180 181 181 182 182 184 184 185 185 186 186 187 188 189 189 190 229 231 231 233 234 236 237 239 240 241 243 233 234 235 151 151 151 149 148 147 146
80 72 71 30 31 31 32 33 49 50 50 51 51 52 52 52 53 53 53 54 54 54 54 55 55 57 62 104 105 105 104 104 104 105 105 105 104 104 104 103 104 104 188 188 187 187 186 186 185 184 184 183 183 182 182 182 184 184 185 185 187 182 183 183 184 185 186 186 187 187 188 188 189 190 229 229 230 232 233 234 235 237 238 239 241 242 243 233 234 234 234 149 149 147 146 145
80 72 72 31 32 32 33 50 50 51 51 52 52 53 53 54 54 54 55 55 55 55 56 62 62 63 63 105 106 106 106 106 106 106 106 106 106 105 105 105 190 190 189 189 188 188 187 187 186 185 185 184 184 184 183 183 184 185 185 186 187 188 188 189 184 185 186 187 187 188 188 189 189 228 228 229 230 231 233 234 235 236 237 238 240 241 242 243 232 233 233 233 232 146 145 144
80 72 73 32 33 33 34 51 51 52 52 53 53 54 54 55 55 55 56 56 56 61 63 63 64 64 64 107 107 107 107 107 108 107 107 107 107 106 191 192 191 191 190 190 189 189 188 188 187 186 186 185 186 185 184 184 185 186 186 187 187 189 189 190 190 191 186 186 188 188 189 189 228 228 229 229 229 231 232 234 235 235 236 238 239 240 241 241 231 231 231 231 231 230 229 143
80 73 73 33 34 34 51 52 52 53 53 54 54 55 55 56 56 56 57 62 62 63 64 64 65 65 65 108 108 108 108 108 109 109 109 109 194 193 193 194 193 193 192 192 191 191 190 190 189 188 188 188 187 186 185 184 186 186 187 187 188 188 190 190 191 191 192 192 188 188 189 228 228 229 229 229 230 230 231 233 234 235 235 236 238 238 239 240 240 230 230 230 229 229 227 226
79 74 33 34 35 51 52 53 53 54 54 55 56 56 56 57 57 63 63 63 64 65 65 65 66 66 66 109 109 109 110 111 111 111 197 196 196 196 196 196 196 196 196 195 194 194 193 192 191 190 191 190 189 188 187 186 187 187 188 188 188 189 189 191 191 192 192 193 193 193 227 227 228 228 228 229 229 229 231 232 233 234 235 235 236 237 238 239 239 228 228 228 228 228 227 225
79 75 34 35 52 52 53 54 54 55 56 56 57 57 58 63 63 64 64 64 65 66 66 67 67 67 69 112 112 111 112 113 198 199 199 198 198 198 199 199 199 198 198 197 197 196 195 195 194 193 193 192 191 191 189 188 188 188 189 190 189 189 190 190 191 192 193 193 193 232 232 233 228 228 229 229 229 230 230 231 232 233 234 235 235 236 237 237 238 238 227 227 227 226 226 224
78 76 35 36 53 53 54 55 55 56 57 57 58 63 64 64 64 65 65 66 66 67 67 68 70 70 71 114 114 115 116 200 200 201 201 201 200 202 201 201 201 200 200 199 199 198 197 197 196 196 195 194 193 193 191 190 190 190 191 191 191 191 191 191 191 192 192 192 232 232 233 233 233 234 229 229 229 230 230 230 231 232 233 234 234 235 235 236 236 236 225 225 225 225 224 224
77 76 36 53 54 54 55 56 56 57 58 58 64 64 65 65 66 66 66 67 67 68 69 71 72 72 74 116 116 202 203 203 203 203 203 203 203 204 204 203 203 202 202 201 201 200 199 199 199 198 198 196 195 194 194 192 191 192 191 192 193 192 193 192 193 192 192 231 231 232 232 232 233 233 233 228 229 229 229 229 230 231 232 233 234 233 234 234 235 235 235 224 224 223 223 222
77 77 53 54 55 55 56 57 57 58 64 64 65 65 66 76 67 67 67 68 70 70 73 73 74 75 76 76 203 204 205 205 206 205 205 205 206 206 206 205 205 204 204 203 203 202 201 202 201 200 200 198 197 196 196 194 193 193 193 193 194 194 194 194 194 193 232 231 232 232 232 232 233 233 233 233 234 229 229 229 229 230 231 231 232 233 232 233 233 233 233 222 222 222 221 221
92 94 70 72 73 74 75 76 77 83 84 84 85 85 86 86 87 87 89 89 91 92 94 93 94 95 95 180 222 223 222 223 222 221 219 220 219 218 218 217 217 206 206 205 205 204 203 204 203 202 202 201 199 198 197 197 195 195 195 195 195 194 195 194 194 195 233 232 233 232 232 233 233 233 233 233 234 234 229 228 228 229 229 230 231 231 231 231 232 232 232 232 221 220 220 219
101 118 78 80 80 81 82 84 89 90 91 91 92 92 93 93 94 95 97 97 99 100 102 102 102 188 189 189 231 232 232 232 232 231 231 230 231 229 228 226 226 224 223 221 220 217 217 216 205 204 203 203 202 200 199 198 197 196 197 196 196 196 196 195 196 233 233 233 233 232 231 232 232 232 232 232 232 233 233 228 227 227 228 229 229 230 230 230 230 230 230 230 219 219 218 218
121 122 83 84 84 85 87 93 93 94 95 95 96 97 98 100 100 101 102 102 105 105 107 107 193 194 195 195 238 238 237 238 237 237 237 237 236 235 234 235 233 231 230 228 227 225 224 223 219 217 215 215 204 202 201 200 198 197 198 197 198 197 197 197 235 234 235 234 234 233 233 233 232 232 232 232 232 232 232 232 227 226 227 227 228 229 229 228 229 229 229 229 218 217 217 217
123 124 85 85 86 87 94 95 95 96 97 97 98 99 100 103 102 104 105 106 108 108 110 195 198 197 198 198 199 241 242 241 240 241 240 240 240 239 238 238 236 235 234 232 231 230 228 227 224 221 218 216 216 205 203 202 201 199 198 198 198 197 199 198 236 236 236 235 235 234 234 233 232 231 231 231 231 231 231 231 231 226 225 226 227 227 228 228 227 227 227 227 227 216 216 215
