testData/surfaces/underSL.asc
ncols   100
nrows   100
xllcorner   0
yllcorner   0
cellsize   0.5
NODATA_value   -9999
[rows 0 to 37 of 100, columns 0 to 83 of 100]
-1000 -1000 -1000 -1000 -1000 -1000 -1000 -1000 -1000 -1000 -1000 -1000 -1000 -1000 -1000 -1000 -1000 -999 -999 -999 -999 -999 -999 -999 -983 -983 -983 -983 -983 -983 -983 -983 -983 -983 -983 -983 -982 -982 -982 -982 -982 -982 -982 -982 -982 -983 -983 -983 -983 -983 -983 -980 -980 -972 -972 -972 -972 -988 -988 -988 -982 -975 -971 -968 -967 -965 -964 -964 -966 -966 -966 -957 -959 -961 -963 -967 -967 -967 -966 -965 -965 -964 -963 -964
-1000 -1000 -1000 -1000 -1000 -1000 -1000 -1000 -1000 -1000 -1000 -1000 -1000 -1000 -1000 -1000 -1000 -999 -999 -999 -999 -999 -999 -999 -983 -983 -983 -983 -983 -983 -983 -983 -983 -983 -982 -982 -982 -980 -980 -980 -980 -980 -980 -980 -982 -982 -982 -983 -983 -983 -980 -980 -972 -972 -972 -972 -972 -988 -988 -987 -987 -974 -970 -968 -967 -964 -963 -963 -963 -966 -956 -957 -959 -961 -963 -966 -966 -965 -965 -963 -962 -961 -961 -948
-1000 -1000 -1000 -1000 -1000 -1000 -1000 -1000 -1000 -1000 -1000 -1000 -1000 -1000 -1000 -1000 -999 -999 -999 -999 -999 -999 -999 -999 -983 -983 -983 -983 -983 -983 -983 -983 -983 -982 -981 -981 -980 -980 -980 -980 -980 -980 -980 -980 -980 -981 -981 -982 -983 -980 -980 -972 -972 -972 -972 -972 -972 -988 -987 -987 -986 -975 -970 -968 -965 -964 -963 -963 -963 -963 -956 -957 -959 -961 -963 -967 -965 -964 -963 -962 -961 -960 -959 -959
-1000 -1000 -1000 -1000 -1000 -1000 -1000 -1000 -1000 -1000 -1000 -1000 -1000 -1000 -1000 -1000 -999 -999 -999 -999 -999 -999 -999 -983 -983 -983 -983 -983 -983 -983 -983 -983 -982 -981 -980 -980 -980 -980 -979 -979 -979 -979 -979 -980 -980 -980 -980 -978 -979 -980 -980 -972 -971 -972 -972 -972 -972 -971 -987 -986 -986 -975 -970 -967 -965 -964 -963 -963 -962 -962 -952 -953 -958 -960 -962 -954 -964 -963 -962 -960 -959 -959 -958 -957
-1000 -1000 -1000 -1000 -1000 -1000 -1000 -1000 -1000 -1000 -1000 -1000 -1000 -1000 -1000 -999 -999 -999 -999 -999 -999 -999 -999 -983 -983 -983 -983 -983 -983 -983 -983 -982 -981 -980 -980 -980 -979 -979 -979 -979 -979 -979 -979 -979 -979 -980 -980 -977 -978 -977 -968 -967 -967 -967 -968 -970 -972 -971 -987 -986 -986 -974 -970 -967 -965 -964 -963 -962 -962 -962 -953 -954 -958 -960 -962 -966 -962 -963 -961 -959 -958 -957 -956 -955
-1000 -1000 -1000 -1000 -1000 -1000 -1000 -1000 -1000 -1000 -1000 -1000 -1000 -1000 -1000 -999 -999 -999 -999 -999 -999 -999 -983 -983 -983 -983 -983 -983 -983 -983 -982 -981 -981 -980 -980 -979 -979 -979 -979 -979 -979 -979 -979 -979 -979 -979 -977 -977 -975 -973 -965 -966 -965 -966 -966 -967 -968 -971 -970 -986 -986 -975 -970 -967 -965 -963 -963 -962 -962 -962 -953 -954 -955 -960 -962 -967 -962 -961 -961 -959 -957 -956 -955 -954
-1000 -1000 -1000 -1000 -1000 -1000 -1000 -1000 -1000 -1000 -1000 -1000 -1000 -1000 -1000 -999 -999 -999 -999 -999 -999 -999 -983 -983 -983 -983 -983 -983 -983 -983 -981 -981 -980 -980 -979 -979 -979 -979 -978 -978 -978 -978 -978 -979 -979 -976 -976 -974 -972 -971 -963 -964 -964 -964 -965 -964 -966 -967 -970 -986 -985 -975 -971 -967 -965 -963 -963 -963 -962 -953 -953 -954 -956 -958 -963 -967 -962 -961 -960 -958 -957 -956 -954 -953
-1000 -1000 -1000 -1000 -1000 -1000 -1000 -1000 -1000 -1000 -1000 -1000 -1000 -1000 -999 -999 -999 -999 -999 -999 -999 -999 -983 -983 -983 -983 -983 -983 -983 -982 -981 -980 -980 -979 -979 -979 -978 -978 -978 -978 -978 -978 -978 -978 -975 -976 -975 -971 -970 -961 -962 -962 -963 -963 -964 -963 -964 -965 -969 -985 -985 -976 -971 -967 -965 -963 -962 -963 -963 -963 -952 -953 -955 -958 -960 -968 -962 -961 -960 -958 -957 -956 -954 -953
-1000 -1000 -1000 -1000 -1000 -1000 -1000 -1000 -1000 -1000 -1000 -1000 -1000 -1000 -999 -999 -999 -999 -999 -999 -999 -999 -983 -983 -983 -983 -983 -983 -982 -981 -981 -980 -980 -979 -977 -978 -978 -978 -978 -978 -978 -978 -978 -978 -975 -975 -972 -969 -969 -960 -961 -960 -961 -962 -962 -962 -962 -963 -966 -985 -985 -977 -971 -968 -965 -964 -963 -962 -962 -962 -953 -954 -955 -958 -960 -968 -962 -962 -960 -958 -957 -957 -955 -954
-1000 -1000 -1000 -1000 -1000 -1000 -1000 -1000 -1000 -1000 -1000 -1000 -1000 -1000 -999 -999 -999 -999 -999 -999 -999 -983 -979 -976 -974 -973 -972 -971 -969 -967 -966 -966 -964 -964 -963 -963 -963 -964 -964 -963 -964 -965 -967 -968 -966 -966 -965 -968 -967 -959 -959 -960 -961 -962 -961 -961 -961 -962 -963 -967 -985 -978 -972 -968 -966 -964 -962 -963 -963 -963 -953 -954 -956 -958 -961 -970 -975 -962 -961 -959 -958 -957 -957 -956
-1000 -1000 -1000 -1000 -1000 -1000 -1000 -1000 -1000 -1000 -1000 -1000 -1000 -1000 -999 -999 -999 -999 -993 -990 -988 -970 -969 -968 -967 -966 -965 -965 -963 -962 -960 -960 -959 -959 -958 -958 -958 -958 -957 -958 -958 -959 -959 -958 -959 -955 -954 -954 -947 -950 -952 -959 -960 -961 -960 -960 -960 -961 -962 -964 -985 -979 -972 -969 -967 -964 -963 -963 -963 -963 -954 -955 -957 -959 -961 -968 -975 -962 -962 -960 -959 -958 -958 -957
-1000 -1000 -1000 -1000 -1000 -1000 -1000 -1000 -1000 -1000 -1000 -1000 -1000 -1000 -999 -992 -989 -987 -985 -984 -982 -965 -964 -963 -963 -962 -962 -960 -959 -958 -957 -956 -956 -955 -955 -955 -955 -954 -954 -954 -955 -955 -956 -953 -954 -949 -948 -948 -941 -942 -944 -946 -948 -951 -960 -959 -960 -960 -960 -962 -982 -984 -974 -970 -966 -965 -963 -964 -964 -964 -954 -956 -957 -960 -963 -973 -976 -963 -962 -961 -960 -959 -958 -959
-1000 -1000 -1000 -1000 -1000 -1000 -1000 -1000 -1000 -1000 -1000 -1000 -1000 -993 -989 -986 -984 -983 -981 -980 -979 -962 -961 -961 -960 -959 -959 -958 -956 -955 -955 -953 -953 -952 -952 -952 -951 -951 -952 -952 -952 -953 -953 -950 -947 -946 -944 -944 -937 -938 -939 -941 -943 -945 -949 -952 -958 -958 -959 -961 -979 -983 -974 -945 -967 -965 -964 -964 -964 -964 -965 -956 -958 -961 -964 -973 -976 -977 -963 -963 -962 -961 -960 -961
-1000 -1000 -1000 -1000 -1000 -1000 -1000 -1000 -1000 -1000 -1000 -1000 -992 -989 -985 -983 -982 -980 -979 -978 -977 -960 -960 -959 -958 -958 -957 -956 -955 -953 -953 -952 -952 -951 -951 -950 -950 -950 -950 -950 -951 -951 -951 -949 -944 -942 -943 -941 -935 -935 -937 -937 -940 -941 -945 -947 -950 -932 -933 -933 -952 -957 -950 -945 -942 -940 -939 -939 -939 -939 -966 -957 -959 -962 -966 -973 -976 -977 -977 -963 -963 -962 -961 -959
-1000 -1000 -1000 -1000 -1000 -1000 -1000 -1000 -1000 -1000 -1000 -993 -989 -986 -984 -982 -980 -979 -978 -977 -976 -959 -959 -958 -957 -957 -956 -955 -954 -952 -952 -951 -950 -950 -950 -949 -949 -949 -949 -949 -950 -950 -950 -948 -941 -940 -940 -939 -931 -933 -934 -936 -938 -940 -943 -918 -920 -924 -932 -933 -951 -957 -952 -945 -943 -941 -940 -940 -940 -940 -941 -942 -960 -963 -968 -973 -976 -977 -977 -964 -964 -963 -960 -958
-1000 -1000 -1000 -1000 -1000 -1000 -1000 -1000 -1000 -1000 -998 -992 -988 -986 -983 -981 -980 -979 -978 -977 -976 -959 -958 -958 -957 -957 -956 -955 -953 -952 -951 -951 -950 -950 -950 -949 -949 -949 -949 -949 -949 -950 -947 -944 -940 -939 -939 -939 -931 -932 -933 -935 -938 -911 -915 -916 -918 -923 -932 -932 -950 -954 -957 -947 -944 -942 -941 -941 -941 -941 -942 -943 -935 -939 -973 -973 -976 -977 -977 -977 -965 -963 -960 -957
-1000 -1000 -1000 -1000 -1000 -1000 -1000 -1000 -1000 -1000 -1000 -993 -989 -987 -984 -982 -980 -979 -978 -977 -976 -959 -959 -958 -957 -957 -956 -955 -954 -952 -951 -951 -950 -950 -950 -949 -949 -949 -949 -949 -950 -950 -949 -943 -940 -939 -939 -938 -931 -932 -933 -908 -910 -904 -916 -917 -919 -923 -931 -932 -950 -953 -956 -949 -946 -943 -942 -942 -942 -942 -943 -944 -947 -941 -947 -947 -976 -977 -977 -977 -977 -962 -958 -955
-1000 -984 -1000 -1000 -1000 -1000 -1000 -1000 -1000 -1000 -1000 -1000 -992 -989 -985 -983 -982 -980 -979 -978 -977 -960 -960 -959 -958 -958 -957 -956 -955 -953 -952 -952 -951 -951 -950 -950 -950 -950 -950 -950 -951 -950 -950 -943 -940 -939 -939 -939 -931 -933 -907 -909 -912 -901 -916 -920 -921 -930 -931 -931 -949 -952 -956 -952 -948 -945 -943 -943 -943 -943 -944 -946 -949 -953 -947 -947 -950 -977 -977 -977 -970 -968 -952 -948
-984 -984 -984 -984 -984 -984 -984 -1000 -1000 -1000 -1000 -1000 -1000 -993 -989 -986 -984 -983 -981 -980 -963 -962 -961 -961 -960 -959 -959 -959 -956 -953 -954 -953 -952 -952 -951 -951 -951 -951 -952 -952 -951 -952 -952 -944 -942 -941 -940 -933 -933 -909 -909 -912 -914 -903 -919 -924 -929 -930 -931 -931 -949 -952 -956 -957 -950 -946 -945 -945 -944 -945 -946 -947 -951 -958 -957 -947 -950 -945 -971 -971 -971 -969 -965 -962
-984 -984 -984 -984 -984 -984 -984 -984 -984 -984 -1000 -1000 -1000 -1000 -999 -992 -989 -987 -985 -984 -982 -965 -964 -963 -963 -962 -962 -961 -941 -948 -956 -956 -955 -955 -954 -954 -954 -954 -954 -954 -954 -954 -955 -946 -945 -943 -943 -944 -910 -912 -913 -916 -919 -907 -929 -930 -930 -931 -931 -931 -949 -952 -957 -957 -952 -949 -946 -946 -946 -946 -947 -950 -953 -957 -957 -957 -954 -945 -945 -971 -971 -970 -967 -964
-984 -984 -984 -984 -984 -984 -984 -984 -984 -984 -984 -1000 -1000 -1000 -999 -999 -999 -999 -993 -990 -988 -970 -969 -968 -967 -948 -947 -947 -944 -931 -941 -941 -958 -958 -958 -957 -957 -957 -957 -957 -957 -958 -958 -950 -948 -948 -948 -923 -916 -918 -921 -928 -929 -912 -929 -929 -930 -931 -931 -932 -949 -952 -957 -957 -957 -952 -949 -948 -948 -948 -950 -953 -958 -958 -951 -951 -954 -955 -955 -945 -971 -971 -969 -967
-984 -984 -984 -984 -984 -984 -984 -984 -984 -984 -984 -984 -1000 -1000 -999 -999 -999 -999 -999 -999 -999 -983 -979 -958 -956 -955 -954 -953 -951 -935 -947 -947 -945 -945 -963 -962 -962 -963 -963 -962 -963 -964 -965 -960 -955 -956 -932 -935 -927 -927 -927 -928 -930 -911 -929 -929 -930 -930 -931 -932 -949 -952 -958 -957 -957 -957 -952 -951 -951 -951 -953 -958 -958 -952 -951 -954 -945 -955 -955 -955 -956 -982 -981 -980
-984 -984 -984 -984 -984 -984 -984 -984 -984 -984 -984 -984 -984 -984 -1000 -999 -999 -999 -999 -999 -999 -983 -965 -965 -965 -965 -965 -965 -964 -948 -962 -961 -960 -960 -960 -977 -977 -977 -976 -976 -976 -976 -976 -969 -964 -963 -936 -935 -927 -927 -928 -929 -930 -910 -930 -929 -930 -930 -931 -932 -949 -951 -958 -957 -957 -957 -958 -958 -958 -949 -949 -949 -943 -943 -942 -945 -945 -946 -946 -946 -947 -973 -973 -973
-984 -984 -984 -984 -984 -984 -984 -984 -984 -984 -984 -984 -984 -984 -1000 -998 -999 -999 -999 -999 -999 -965 -965 -965 -965 -965 -965 -965 -964 -948 -962 -961 -961 -960 -960 -959 -977 -977 -976 -976 -976 -976 -975 -969 -964 -937 -936 -935 -928 -927 -928 -929 -930 -909 -930 -929 -930 -930 -931 -932 -949 -951 -958 -957 -957 -957 -949 -949 -949 -949 -949 -943 -943 -943 -942 -945 -945 -946 -946 -946 -947 -945 -971 -971
-984 -984 -984 -984 -984 -984 -984 -984 -984 -984 -983 -983 -983 -983 -983 -998 -998 -998 -998 -998 -980 -965 -965 -964 -965 -965 -965 -965 -962 -948 -963 -961 -961 -960 -960 -960 -959 -977 -976 -976 -976 -976 -976 -969 -967 -938 -936 -935 -928 -927 -929 -929 -930 -908 -930 -929 -930 -930 -931 -933 -949 -951 -958 -958 -948 -948 -949 -949 -949 -949 -949 -943 -943 -943 -945 -945 -945 -946 -945 -945 -945 -945 -971 -972
-984 -984 -984 -984 -984 -984 -984 -983 -983 -983 -983 -983 -983 -983 -983 -983 -998 -998 -998 -980 -980 -964 -963 -953 -965 -965 -964 -964 -963 -948 -962 -962 -962 -960 -960 -960 -960 -958 -976 -976 -976 -976 -976 -970 -968 -941 -936 -935 -929 -928 -929 -930 -930 -907 -930 -929 -930 -929 -931 -933 -949 -952 -958 -929 -948 -949 -949 -949 -949 -949 -943 -942 -942 -945 -944 -944 -944 -943 -943 -944 -944 -944 -970 -971
-984 -984 -984 -984 -984 -984 -983 -983 -983 -983 -983 -983 -983 -983 -983 -983 -982 -998 -998 -980 -980 -964 -964 -964 -963 -964 -963 -963 -963 -947 -961 -962 -961 -962 -960 -960 -960 -959 -976 -976 -976 -976 -976 -971 -942 -941 -939 -938 -929 -929 -929 -930 -931 -908 -930 -929 -930 -931 -931 -933 -930 -923 -929 -929 -929 -929 -929 -949 -948 -942 -942 -942 -945 -944 -943 -941 -941 -942 -943 -943 -943 -943 -944 -970
-982 -982 -982 -982 -982 -983 -983 -983 -983 -983 -983 -983 -983 -983 -983 -983 -983 -998 -980 -980 -980 -964 -964 -963 -962 -961 -961 -962 -962 -948 -960 -960 -960 -961 -961 -961 -961 -959 -959 -976 -976 -976 -977 -971 -944 -942 -941 -938 -937 -929 -929 -930 -931 -907 -930 -930 -930 -931 -932 -913 -922 -923 -929 -929 -930 -930 -928 -928 -948 -942 -941 -941 -944 -944 -941 -941 -941 -943 -943 -943 -943 -943 -944 -970
-980 -980 -980 -980 -980 -981 -982 -983 -983 -983 -983 -983 -983 -983 -983 -983 -983 -980 -980 -980 -980 -980 -963 -962 -961 -960 -960 -960 -960 -948 -960 -959 -960 -960 -961 -961 -961 -960 -960 -960 -978 -978 -978 -973 -944 -942 -942 -941 -941 -930 -930 -921 -931 -907 -930 -931 -930 -931 -933 -920 -922 -925 -929 -929 -929 -929 -929 -927 -947 -941 -944 -944 -943 -943 -940 -940 -941 -942 -942 -942 -942 -943 -943 -969
-978 -978 -977 -978 -979 -980 -981 -982 -983 -983 -983 -983 -983 -983 -983 -983 -983 -965 -980 -980 -980 -979 -962 -961 -960 -959 -959 -959 -959 -951 -959 -958 -959 -959 -960 -961 -960 -960 -960 -960 -978 -978 -978 -973 -944 -943 -933 -932 -932 -924 -921 -922 -922 -898 -922 -922 -922 -931 -923 -920 -922 -925 -929 -925 -928 -929 -928 -928 -942 -944 -943 -943 -943 -942 -940 -939 -939 -940 -941 -941 -942 -942 -941 -968
-977 -976 -976 -976 -977 -978 -980 -981 -983 -983 -983 -983 -983 -983 -983 -983 -983 -965 -981 -980 -980 -978 -961 -960 -959 -958 -958 -958 -958 -958 -958 -958 -958 -959 -959 -960 -961 -961 -960 -960 -978 -978 -978 -966 -937 -935 -933 -933 -933 -933 -925 -922 -922 -898 -923 -922 -923 -922 -894 -913 -923 -926 -926 -920 -924 -928 -928 -927 -944 -944 -943 -943 -942 -940 -939 -939 -939 -940 -940 -940 -941 -941 -941 -968
-975 -974 -974 -975 -976 -977 -979 -980 -982 -983 -983 -983 -983 -983 -983 -983 -965 -965 -981 -981 -979 -977 -960 -959 -958 -958 -957 -957 -957 -957 -958 -958 -958 -958 -959 -959 -960 -961 -961 -961 -961 -979 -970 -941 -937 -935 -935 -934 -934 -933 -926 -926 -924 -902 -923 -923 -923 -915 -915 -913 -914 -927 -929 -925 -928 -930 -930 -930 -943 -943 -942 -942 -939 -939 -938 -938 -938 -939 -940 -940 -939 -939 -940 -966
-972 -972 -972 -973 -975 -976 -978 -980 -981 -983 -983 -983 -983 -983 -983 -983 -965 -965 -981 -981 -978 -976 -975 -958 -957 -957 -956 -956 -956 -956 -956 -958 -957 -957 -958 -959 -959 -961 -961 -961 -961 -970 -970 -970 -938 -937 -935 -934 -934 -935 -926 -926 -926 -902 -926 -927 -927 -918 -935 -916 -918 -923 -932 -932 -931 -931 -929 -929 -943 -942 -941 -941 -941 -939 -937 -937 -930 -928 -925 -922 -919 -918 -917 -944
-971 -970 -971 -972 -974 -976 -977 -979 -981 -983 -983 -983 -983 -983 -983 -983 -965 -965 -981 -980 -978 -976 -974 -958 -957 -956 -956 -956 -956 -956 -956 -956 -957 -958 -957 -959 -959 -961 -961 -952 -952 -970 -970 -971 -940 -937 -936 -936 -935 -935 -935 -926 -926 -902 -927 -927 -928 -919 -935 -916 -919 -924 -923 -922 -931 -930 -930 -930 -941 -941 -941 -940 -940 -938 -937 -938 -938 -939 -939 -939 -938 -939 -938 -964
-970 -969 -970 -969 -974 -976 -977 -979 -981 -983 -983 -983 -983 -983 -983 -965 -965 -965 -981 -979 -977 -976 -974 -973 -956 -956 -955 -955 -955 -955 -955 -956 -957 -957 -958 -959 -958 -960 -962 -953 -953 -953 -971 -971 -941 -939 -937 -936 -936 -936 -935 -927 -927 -903 -927 -928 -928 -936 -935 -938 -920 -924 -923 -923 -930 -930 -929 -943 -942 -941 -941 -941 -941 -940 -937 -937 -937 -938 -938 -939 -938 -938 -937 -964
-968 -966 -965 -966 -968 -972 -974 -979 -981 -983 -983 -983 -983 -983 -983 -965 -965 -965 -980 -978 -977 -975 -974 -973 -956 -955 -955 -954 -954 -954 -955 -955 -957 -957 -957 -958 -959 -959 -952 -953 -953 -953 -971 -971 -945 -940 -938 -938 -937 -936 -936 -935 -927 -903 -928 -928 -920 -937 -938 -939 -944 -943 -943 -942 -942 -949 -949 -948 -941 -941 -940 -940 -940 -940 -936 -936 -936 -937 -938 -938 -937 -937 -937 -964
-967 -963 -960 -961 -963 -967 -973 -977 -981 -983 -983 -983 -983 -983 -983 -965 -965 -965 -979 -978 -976 -975 -974 -973 -956 -955 -954 -954 -954 -954 -954 -955 -955 -957 -958 -959 -958 -951 -952 -954 -954 -954 -972 -972 -946 -942 -940 -938 -937 -937 -936 -936 -936 -905 -928 -929 -929 -937 -938 -941 -944 -944 -943 -942 -941 -941 -949 -949 -941 -940 -940 -940 -939 -939 -939 -937 -938 -938 -938 -936 -938 -938 -937 -964
-965 -960 -957 -957 -959 -963 -970 -976 -982 -983 -983 -983 -983 -983 -965 -965 -965 -965 -979 -977 -975 -974 -973 -972 -972 -955 -947 -954 -953 -954 -954 -954 -955 -956 -957 -958 -949 -951 -952 -954 -954 -954 -954 -973 -973 -945 -941 -939 -938 -937 -937 -937 -937 -906 -929 -929 -946 -937 -939 -943 -945 -943 -943 -942 -941 -940 -940 -948 -941 -941 -940 -940 -940 -939 -939 -938 -939 -935 -935 -936 -935 -935 -964 -963
