testData/tiles/oneDegree/grid28.0-26.0-29.0-27.0.asc
ncols   200
nrows   200
xllcorner   28.0
yllcorner   26.0
cellsize   0.005
NODATA_value   -9999.0
[rows 42 to 83 of 200, columns 94 to 187 of 200]
268 268 269 268 269 268 269 271 273 275 252 254 255 257 258 260 261 263 264 265 266 268 269 270 271 272 273 274 275 276 277 277 278 279 279 280 280 281 281 282 282 282 283 283 283 283 283 283 284 284 284 284 284 283 283 283 283 283 283 282 282 282 281 281 280 280 279 279 278 277 277 276 275 274 273 273 272 271 270 269 267 266 265 264 262 261 259 258 256 255 253 251 249 247
268 268 269 268 269 268 269 271 273 275 252 254 255 257 258 260 261 263 264 265 266 267 269 270 271 272 272 274 275 276 277 277 278 279 279 280 280 281 281 282 282 282 283 283 283 283 283 283 284 284 284 284 284 283 283 283 283 283 283 282 282 282 281 281 280 280 279 279 278 277 277 276 275 274 273 273 272 271 270 268 267 266 265 264 262 261 259 258 256 255 253 251 249 247
268 268 269 268 269 268 269 271 273 275 252 254 255 257 258 260 261 263 264 265 266 267 269 270 271 272 272 273 275 276 277 277 278 279 279 280 280 281 281 282 282 282 282 283 283 283 283 283 284 284 284 284 284 283 283 283 283 283 282 282 282 282 281 281 280 280 279 279 278 277 277 276 275 274 273 273 272 271 270 268 267 266 265 264 262 261 259 258 256 255 253 251 249 247
267 268 269 269 269 268 269 271 273 275 252 254 255 257 258 260 261 263 264 265 266 267 268 270 271 271 272 273 274 276 277 277 278 279 279 280 280 281 281 281 282 282 282 283 283 283 283 283 283 284 284 284 283 283 283 283 283 283 282 282 282 281 281 281 280 280 279 279 278 277 277 276 275 274 273 272 272 271 269 268 267 266 265 264 262 261 259 258 256 255 253 251 249 247
267 268 269 269 269 268 269 271 273 275 252 253 255 257 258 260 261 262 264 265 266 267 268 269 270 271 272 273 274 275 277 277 278 279 279 280 280 281 281 281 282 282 282 283 283 283 283 283 283 283 284 283 283 283 283 283 283 283 282 282 282 281 281 281 280 280 279 279 278 277 277 276 275 274 273 272 271 270 269 268 267 266 265 263 262 261 259 258 256 254 253 251 249 247
267 268 269 269 269 268 269 271 273 275 252 253 255 257 258 260 261 262 264 265 266 267 268 269 270 271 272 273 274 275 275 277 278 278 279 280 280 281 281 281 282 282 282 283 283 283 283 283 283 283 283 283 283 283 283 283 283 283 282 282 282 281 281 281 280 280 279 278 278 277 276 276 275 274 273 272 271 270 269 268 267 266 265 263 262 261 259 258 256 254 253 251 249 247
267 268 269 269 269 268 269 271 273 275 252 253 255 257 258 260 261 262 264 265 266 267 268 269 270 271 272 273 274 275 275 276 278 278 279 280 280 281 281 281 282 282 282 283 283 283 283 283 283 283 283 283 283 283 283 283 283 283 282 282 282 281 281 281 280 280 279 278 278 277 276 276 275 274 273 272 271 270 269 268 267 266 265 263 262 261 259 258 256 254 253 251 249 247
267 268 269 269 268 268 269 271 273 275 252 253 255 257 258 260 261 262 264 265 266 267 268 269 270 271 272 273 274 275 275 276 277 278 279 280 280 280 281 281 282 282 282 283 283 283 283 283 283 283 283 283 283 283 283 283 283 283 282 282 282 281 281 280 280 280 279 278 278 277 276 276 275 274 273 272 271 270 269 268 267 266 265 263 262 261 259 258 256 254 253 251 249 247
267 268 269 269 268 269 269 271 273 275 252 253 255 257 258 260 261 262 264 265 266 267 268 269 270 271 272 273 274 275 275 276 277 278 279 279 280 280 281 281 282 282 282 283 283 283 283 283 283 283 283 283 283 283 283 283 283 283 282 282 282 281 281 280 280 279 279 278 278 277 276 276 275 274 273 272 271 270 269 268 267 266 265 263 262 261 259 258 256 254 253 251 249 247
267 268 268 269 268 269 269 271 273 275 252 253 255 257 258 260 261 262 264 265 266 267 268 269 270 271 272 273 274 275 275 276 277 277 279 279 280 280 281 281 282 282 282 282 283 283 283 283 283 283 283 283 283 283 283 283 283 282 282 282 282 281 281 280 280 279 279 278 278 277 276 276 275 274 273 272 271 270 269 268 267 266 265 263 262 261 259 258 256 254 253 251 249 247
268 268 268 269 268 269 269 271 273 275 251 253 255 256 258 259 261 262 264 265 266 267 268 269 270 271 272 273 274 275 275 276 277 277 278 279 280 280 281 281 282 282 282 282 283 283 283 283 283 283 283 283 283 283 283 283 283 282 282 282 282 281 281 280 280 279 279 278 278 277 276 276 275 274 273 272 271 270 269 268 267 266 265 263 262 260 259 257 256 254 252 251 249 247
268 269 268 269 269 268 269 271 273 275 251 253 255 256 258 259 261 262 263 265 266 267 268 269 270 271 272 273 274 275 275 276 277 277 278 278 280 280 281 281 282 282 282 282 283 283 283 283 283 283 283 283 283 283 283 283 283 282 282 282 282 281 281 280 280 279 279 278 278 277 276 276 275 274 273 272 271 270 269 268 267 266 264 263 262 260 259 257 256 254 252 251 249 247
268 269 268 269 269 268 269 271 273 275 251 253 255 256 258 259 261 262 263 265 266 267 268 269 270 271 272 273 274 274 275 276 277 277 278 278 279 280 281 281 281 282 282 282 283 283 283 283 283 283 283 283 283 283 283 283 283 282 282 282 281 281 281 280 280 279 279 278 278 277 276 275 275 274 273 272 271 270 269 268 267 266 264 263 262 260 259 257 256 254 252 251 249 247
268 269 269 269 269 268 269 271 273 274 251 253 255 256 258 259 261 262 263 265 266 267 268 269 270 271 272 273 274 274 275 276 277 277 278 278 279 279 281 281 281 282 282 282 283 283 283 283 283 283 283 283 283 283 283 283 283 282 282 282 281 281 281 280 280 279 279 278 278 277 276 275 275 274 273 272 271 270 269 268 267 266 264 263 262 260 259 257 256 254 252 250 249 247
268 269 269 269 269 268 268 271 273 274 251 253 255 256 258 259 261 262 263 265 266 267 268 269 270 271 272 273 274 274 275 276 276 277 278 278 279 279 280 281 281 282 282 282 283 283 283 283 283 283 283 283 283 283 283 283 283 282 282 282 281 281 281 280 280 279 279 278 277 277 276 275 275 274 273 272 271 270 269 268 267 266 264 263 262 260 259 257 256 254 252 250 249 247
268 268 269 269 269 268 268 270 272 274 251 253 255 256 258 259 261 262 263 265 266 267 268 269 270 271 272 273 274 274 275 276 276 277 278 278 279 279 280 280 280 282 282 282 282 283 283 283 283 283 283 283 283 283 283 283 282 282 282 282 281 281 281 280 280 279 279 278 277 277 276 275 275 274 273 272 271 270 269 268 267 266 264 263 262 260 259 257 256 254 252 250 248 246
268 268 269 269 269 268 268 270 272 274 251 253 255 256 258 259 261 262 263 264 266 267 268 269 270 271 272 273 274 274 275 276 276 277 278 278 279 279 280 280 280 281 282 282 282 283 283 283 283 283 283 283 283 283 283 283 282 282 282 282 281 281 281 280 280 279 279 278 277 277 276 275 275 274 273 272 271 270 269 268 267 265 264 263 262 260 259 257 256 254 252 250 248 246
268 268 269 268 269 268 268 270 272 274 251 253 254 256 258 259 261 262 263 264 266 267 268 269 270 271 272 273 273 274 275 276 276 277 278 278 279 279 280 280 280 281 281 282 282 283 283 283 283 283 283 283 283 283 283 283 282 282 282 282 281 281 281 280 280 279 279 278 277 277 276 275 274 274 273 272 271 270 269 268 267 265 264 263 262 260 259 257 255 254 252 250 248 246
267 268 269 268 269 268 268 270 272 274 251 253 254 256 258 259 260 262 263 264 266 267 268 269 270 271 272 273 273 274 275 276 276 277 278 278 279 279 279 280 280 281 281 281 282 283 283 283 283 283 283 283 283 283 283 283 282 282 282 282 281 281 280 280 280 279 279 278 277 277 276 275 274 274 273 272 271 270 269 268 267 265 264 263 261 260 259 257 255 254 252 250 248 246
267 268 269 269 269 268 268 270 272 274 251 253 254 256 258 259 260 262 263 264 266 267 268 269 270 271 272 273 273 274 275 276 276 277 277 278 279 279 279 280 280 281 281 281 281 282 283 283 283 283 283 283 283 283 283 282 282 282 282 282 281 281 280 280 280 279 278 278 277 277 276 275 274 274 273 272 271 270 269 268 267 265 264 263 261 260 259 257 255 254 252 250 248 246
267 268 269 269 269 268 268 270 272 274 251 253 254 256 257 259 260 262 263 264 265 267 268 269 270 271 272 272 273 274 275 276 276 277 277 278 278 279 279 280 280 280 281 281 281 281 283 283 283 283 283 283 283 283 283 282 282 282 282 281 281 281 280 280 279 279 278 278 277 277 276 275 274 273 273 272 271 270 269 268 266 265 264 263 261 260 258 257 255 254 252 250 248 246
267 268 269 269 269 268 268 270 272 274 251 253 254 256 257 259 260 262 263 264 265 267 268 269 270 271 272 272 273 274 275 276 276 277 277 278 278 279 279 280 280 280 281 281 281 281 282 283 283 283 283 283 283 283 283 282 282 282 282 281 281 281 280 280 279 279 278 278 277 277 276 275 274 273 273 272 271 270 269 268 266 265 264 263 261 260 258 257 255 254 252 250 248 246
267 268 269 269 269 268 268 270 272 274 251 253 254 256 257 259 260 262 263 264 265 267 268 269 270 271 272 272 273 274 275 275 276 277 277 278 278 279 279 280 280 280 281 281 281 281 282 282 282 283 283 283 283 283 283 282 282 282 282 281 281 281 280 280 279 279 278 278 277 276 276 275 274 273 273 272 271 270 269 268 266 265 264 263 261 260 258 257 255 254 252 250 248 246
267 268 269 269 268 269 268 270 272 274 251 252 254 256 257 259 260 262 263 264 265 266 268 269 270 271 271 272 273 274 275 275 276 277 277 278 278 279 279 280 280 280 281 281 281 281 281 282 282 282 283 283 283 283 282 282 282 282 282 281 281 281 280 280 279 279 278 278 277 276 276 275 274 273 272 272 271 270 269 267 266 265 264 263 261 260 258 257 255 253 252 250 248 246
267 268 268 269 268 269 268 270 272 274 251 252 254 256 257 259 260 262 263 264 265 266 268 269 270 271 271 272 273 274 275 275 276 277 277 278 278 279 279 280 280 280 281 281 281 281 281 282 282 282 282 283 283 283 282 282 282 282 282 281 281 281 280 280 279 279 278 278 277 276 276 275 274 273 272 272 271 270 269 267 266 265 264 263 261 260 258 257 255 253 252 250 248 246
267 268 268 269 268 269 268 270 272 274 251 252 254 256 257 259 260 261 263 264 265 266 267 269 270 270 271 272 273 274 275 275 276 277 277 278 278 279 279 280 280 280 281 281 281 281 281 281 282 282 282 282 282 282 282 282 282 282 282 281 281 281 280 280 279 279 278 278 277 276 276 275 274 273 272 271 271 270 268 267 266 265 264 262 261 260 258 257 255 253 252 250 248 246
267 268 268 269 268 269 268 270 272 274 251 252 254 256 257 259 260 261 263 264 265 266 267 268 269 270 271 272 273 274 275 275 276 277 277 278 278 279 279 279 280 280 280 281 281 281 281 281 282 282 282 282 282 281 282 282 282 282 281 281 281 280 280 280 279 279 278 278 277 276 276 275 274 273 272 271 270 269 268 267 266 265 264 262 261 260 258 257 255 253 252 250 248 246
267 268 268 269 268 268 268 270 272 274 250 252 254 256 257 259 260 261 263 264 265 266 267 268 269 270 271 272 273 274 274 275 276 276 277 278 278 279 279 279 280 280 280 281 281 281 281 281 281 282 282 282 281 281 281 282 282 282 281 281 281 280 280 280 279 279 278 277 277 276 275 275 274 273 272 271 270 269 268 267 266 265 264 262 261 260 258 257 255 253 251 250 248 246
267 267 268 269 268 268 268 270 272 274 250 252 254 255 257 258 260 261 263 264 265 266 267 268 269 270 271 272 273 274 274 275 276 276 277 278 278 279 279 279 280 280 280 281 281 281 281 281 281 281 281 281 281 281 281 281 281 282 281 281 281 280 280 280 279 279 278 277 277 276 275 275 274 273 272 271 270 269 268 267 266 265 264 262 261 259 258 256 255 253 251 250 248 246
267 267 268 269 268 268 267 270 272 274 250 252 254 255 257 258 260 261 263 264 265 266 267 268 269 270 271 272 273 274 274 275 276 276 277 278 278 279 279 279 280 280 280 281 281 281 281 281 281 281 281 281 281 281 281 281 281 281 281 281 281 280 280 280 279 279 278 277 277 276 275 275 274 273 272 271 270 269 268 267 266 265 264 262 261 259 258 256 255 253 251 250 248 246
266 267 268 269 268 268 267 270 272 273 250 252 254 255 257 258 260 261 262 264 265 266 267 268 269 270 271 272 273 274 274 275 276 276 277 277 278 278 279 279 280 280 280 281 281 281 281 281 281 281 281 281 281 281 281 281 281 281 280 280 281 280 280 279 279 278 278 277 277 276 275 275 274 273 272 271 270 269 268 267 266 265 263 262 261 259 258 256 255 253 251 249 248 305
266 267 268 268 269 268 267 269 271 273 250 252 254 255 257 258 260 261 262 264 265 266 267 268 269 270 271 272 273 274 274 275 276 276 277 277 278 278 279 279 280 280 280 280 281 281 281 281 281 281 281 281 281 281 281 281 281 280 280 280 280 280 280 279 279 278 278 277 277 276 275 275 274 273 272 271 270 269 268 267 266 265 263 262 261 259 258 256 255 253 251 249 247 304
266 267 268 268 269 268 267 269 271 273 250 252 254 255 257 258 260 261 262 264 265 266 267 268 269 270 271 272 273 273 274 275 276 276 277 277 278 278 279 279 280 280 280 280 281 281 281 281 281 281 281 281 281 281 281 281 281 280 280 280 280 279 279 279 279 278 278 277 277 276 275 274 274 273 272 271 270 269 268 267 266 265 263 262 261 259 258 256 255 253 251 249 247 304
266 267 268 268 269 268 267 269 271 273 250 252 254 255 257 258 260 261 262 264 265 266 267 268 269 270 271 272 273 273 274 275 276 276 277 277 278 278 279 279 279 280 280 280 281 281 281 281 281 281 281 281 281 281 281 281 281 280 280 280 279 279 279 278 278 278 278 277 277 276 275 274 274 273 272 271 270 269 268 267 266 265 263 262 261 259 258 256 255 253 251 249 247 304
266 267 268 268 269 268 267 269 271 273 250 252 253 255 257 258 260 261 262 263 265 266 267 268 269 270 271 272 273 273 274 275 275 276 277 277 278 278 279 279 279 280 280 280 281 281 281 281 281 281 281 281 281 281 281 281 281 280 280 280 279 279 279 278 278 277 278 277 276 276 275 274 274 273 272 271 270 269 268 267 266 264 263 262 261 259 258 256 254 253 251 249 247 304
266 267 268 268 269 268 267 269 271 273 250 252 253 255 257 258 259 261 262 263 265 266 267 268 269 270 271 272 273 273 274 275 275 276 277 277 278 278 279 279 279 280 280 280 280 281 281 281 281 281 281 281 281 281 281 281 280 280 280 280 279 279 279 278 278 277 277 276 276 276 275 274 274 273 272 271 270 269 268 267 266 264 263 262 260 259 258 256 254 253 251 249 247 304
266 267 267 268 268 268 267 269 271 273 250 252 253 255 256 258 259 261 262 263 265 266 267 268 269 270 271 272 272 273 274 275 275 276 277 277 278 278 279 279 279 280 280 280 280 281 281 281 281 281 281 281 281 281 281 281 280 280 280 280 279 279 279 278 278 277 277 276 275 275 275 274 273 273 272 271 270 269 268 267 266 264 263 262 260 259 257 256 254 253 251 249 306 304
266 267 267 268 268 268 267 269 271 273 250 252 253 255 256 258 259 261 262 263 264 266 267 268 269 270 271 272 272 273 274 275 275 276 277 277 278 278 279 279 279 280 280 280 280 281 281 281 281 281 281 281 281 281 281 281 280 280 280 280 279 279 279 278 278 277 277 276 275 275 274 273 273 273 272 271 270 269 268 267 265 264 263 262 260 259 257 256 254 253 251 249 306 304
266 267 267 268 268 268 267 269 271 273 250 251 253 255 256 258 259 261 262 263 264 266 267 268 269 270 271 272 272 273 274 275 275 276 276 277 278 278 278 279 279 280 280 280 280 281 281 281 281 281 281 281 281 281 281 281 280 280 280 280 279 279 278 278 278 277 276 276 275 275 274 273 272 272 272 271 270 269 268 267 265 264 263 262 260 259 257 256 254 252 251 249 306 304
266 267 267 268 268 268 267 269 271 273 250 251 253 255 256 258 259 261 262 263 264 266 267 268 269 270 271 271 272 273 274 275 275 276 276 277 277 278 278 279 279 279 280 280 280 280 281 281 281 281 281 281 281 281 281 280 280 280 280 279 279 279 278 278 277 277 276 276 275 275 274 273 272 271 271 270 270 269 268 267 265 264 263 262 260 259 257 256 254 252 251 249 306 304
266 266 267 268 268 267 267 269 271 273 250 251 253 255 256 258 259 260 262 263 264 265 267 268 269 270 271 271 272 273 274 274 275 276 276 277 277 278 278 279 279 279 280 280 280 280 281 281 281 281 281 281 281 281 281 280 280 280 280 279 279 279 278 278 277 277 276 276 275 274 274 273 272 271 271 270 269 268 268 266 265 264 263 261 260 259 257 256 254 252 251 249 306 304
265 266 267 268 268 267 267 269 271 273 249 251 253 255 256 258 259 260 262 263 264 265 266 268 269 270 270 271 272 273 274 274 275 276 276 277 277 278 278 279 279 279 280 280 280 280 280 281 281 281 281 281 281 281 280 280 280 280 280 279 279 279 278 278 277 277 276 276 275 274 274 273 272 271 270 270 269 268 266 265 264 264 263 261 260 259 257 256 254 252 250 249 306 304
