testData/tiles/oneDegree/grid38.0-27.0-39.0-28.0.asc
ncols   200
nrows   200
xllcorner   38.0
yllcorner   27.0
cellsize   0.005
NODATA_value   -9999.0
[rows 42 to 83 of 200, columns 0 to 93 of 200]
425 424 424 422 422 421 421 420 419 418 418 417 416 415 414 413 412 410 409 408 407 406 404 403 402 401 400 398 396 395 394 391 390 388 387 385 382 381 379 377 374 372 370 368 366 363 361 359 356 353 350 348 345 342 338 335 332 329 325 321 318 314 309 305 301 297 292 286 280 275 269 261 253 245 235 223 223 180 180 180 179 179 179 179 178 178 178 178 177 177 177 177 176 176
425 425 423 423 422 422 421 420 419 419 418 417 416 415 414 413 413 411 410 409 408 406 405 404 403 402 399 398 397 395 393 392 390 389 387 385 383 381 380 377 375 373 371 369 366 364 362 359 356 353 351 348 346 342 339 336 333 329 326 322 319 315 310 306 302 297 292 287 282 276 269 262 255 247 237 225 223 180 180 179 179 179 179 178 178 178 178 177 177 177 177 177 176 176
425 424 424 423 423 422 421 420 420 419 419 417 416 416 415 414 412 411 410 409 407 406 405 404 403 401 400 399 397 396 394 392 391 389 387 385 384 382 380 377 375 374 372 369 367 364 362 360 357 354 352 349 345 343 340 337 333 330 326 323 320 315 311 307 303 297 293 288 283 277 270 263 256 248 238 227 223 180 179 179 179 179 178 178 178 178 178 177 177 177 177 176 176 176
425 425 424 424 423 422 421 421 420 420 418 417 417 416 415 413 413 412 411 409 408 407 406 405 403 402 400 399 398 396 394 393 391 389 387 386 384 382 380 378 376 374 371 369 367 365 363 360 357 355 352 349 346 343 341 338 334 330 327 324 319 316 312 308 303 298 294 289 284 277 271 265 258 249 240 229 223 222 179 179 179 179 178 178 178 178 177 177 177 177 176 176 176 176
425 425 425 424 423 422 422 421 421 419 419 418 417 416 415 414 413 412 410 409 408 407 406 404 403 402 401 400 397 396 395 393 391 389 388 386 385 382 380 378 377 374 372 370 368 366 362 360 358 355 352 349 347 344 341 337 334 331 328 324 320 316 313 309 304 299 295 290 284 278 272 266 258 250 242 231 223 222 179 179 179 178 178 178 178 177 177 177 177 177 176 176 176 176
426 426 425 424 423 423 422 422 420 420 419 418 418 416 415 414 414 413 411 410 409 408 406 405 404 403 401 399 398 397 395 394 391 390 388 387 384 382 381 379 377 374 372 370 368 365 363 361 358 356 353 350 347 345 341 338 335 332 329 324 321 317 313 309 304 300 296 290 285 279 273 267 259 252 243 233 222 222 179 179 178 178 178 178 178 177 177 177 177 176 176 176 176 175
426 426 425 424 424 423 423 421 421 420 419 419 417 416 416 415 414 412 411 410 409 407 406 405 404 403 401 400 398 397 396 393 392 390 389 386 385 383 381 380 377 375 373 371 368 366 364 361 359 356 353 351 348 344 342 339 336 333 328 325 322 318 313 309 305 301 296 291 286 280 275 267 261 253 245 234 222 222 179 179 178 178 178 178 177 177 177 177 176 176 176 176 175 175
427 425 425 425 424 424 422 422 421 421 420 418 418 417 416 415 414 413 412 411 409 408 407 406 405 403 401 400 399 398 395 394 392 391 388 387 385 384 382 379 377 375 373 371 368 366 364 362 359 356 354 351 348 345 342 339 336 332 329 326 322 318 314 310 306 302 296 292 287 281 275 269 262 255 246 236 224 222 179 178 178 178 178 177 177 177 177 176 176 176 176 176 175 175
426 426 425 425 425 423 423 422 422 421 419 419 418 417 417 415 414 413 412 411 409 408 407 406 404 403 402 401 399 397 396 394 393 391 389 387 386 384 381 380 378 376 374 371 369 367 365 361 359 357 354 352 348 346 343 340 336 333 330 326 323 318 315 311 307 302 297 293 288 281 276 270 263 256 247 238 227 222 178 178 178 178 177 177 177 177 177 176 176 176 176 175 175 175
427 426 426 426 424 424 423 423 422 420 420 419 418 418 416 415 414 414 413 411 410 409 408 406 405 403 402 401 399 398 396 395 393 391 389 388 386 384 382 380 378 376 374 372 370 367 364 362 360 357 355 351 349 346 343 340 337 334 330 327 323 319 316 312 307 303 298 293 289 282 277 271 264 256 248 239 229 221 221 178 178 178 177 177 177 177 176 176 176 176 175 175 175 175
427 427 426 425 425 424 424 423 421 421 420 420 419 417 416 416 415 414 412 411 410 409 407 406 405 404 403 401 399 398 397 395 393 391 390 388 386 384 382 381 379 376 374 372 370 368 365 363 360 358 355 352 349 347 344 340 337 334 331 327 323 320 316 311 308 303 299 294 288 283 278 272 265 258 250 241 231 221 221 178 178 177 177 177 177 176 176 176 176 176 175 175 175 175
428 427 426 425 425 425 424 422 422 421 421 420 418 418 417 416 415 413 413 412 411 409 408 407 406 404 402 401 400 398 397 395 393 392 390 389 386 385 383 381 378 376 375 373 371 368 365 363 361 358 355 353 350 347 344 341 338 335 331 328 324 321 317 312 308 304 300 294 289 284 279 272 266 259 251 243 232 221 221 178 177 177 177 177 177 176 176 176 176 175 175 175 175 174
428 427 426 426 425 425 423 423 422 422 421 420 419 418 417 417 415 414 413 412 411 409 408 407 406 404 403 401 400 399 397 395 394 392 391 388 387 385 383 381 379 377 375 373 370 368 366 364 360 358 356 353 351 347 344 342 339 335 331 328 325 321 317 313 309 305 300 295 290 285 280 273 267 260 253 243 233 221 221 177 177 177 177 177 176 176 176 176 175 175 175 175 174 174
427 427 427 426 426 424 424 423 423 422 421 420 419 419 418 416 415 414 413 413 411 410 409 408 405 404 403 402 401 398 397 396 394 393 390 389 387 386 383 381 379 378 376 373 371 369 366 364 361 359 356 354 350 348 345 342 339 335 332 329 326 321 317 314 310 305 300 296 291 286 280 274 268 261 253 245 235 223 221 177 177 177 177 176 176 176 176 175 175 175 175 175 174 174
428 427 427 427 425 425 424 424 423 422 421 420 420 419 417 416 416 415 414 412 411 410 409 407 406 405 404 402 400 399 398 396 395 392 391 389 388 385 383 382 380 378 375 373 371 369 367 364 362 359 357 353 351 348 346 343 339 336 333 330 325 322 318 314 311 306 301 297 292 286 281 275 269 262 254 246 237 226 220 177 177 177 176 176 176 176 176 175 175 175 175 174 174 174
428 428 427 426 426 425 425 424 423 422 421 421 420 418 418 417 416 415 413 412 411 411 409 407 406 405 404 402 401 399 398 397 394 393 391 390 388 386 384 382 380 378 376 374 372 370 367 364 362 360 356 354 351 349 346 342 339 336 333 329 326 322 319 315 310 306 302 298 292 287 282 276 270 263 255 248 238 226 220 220 177 177 176 176 176 176 175 175 175 175 174 174 174 174
429 428 427 426 426 426 425 424 423 422 422 421 420 419 418 417 417 415 414 413 412 411 409 408 407 406 404 402 401 400 398 396 395 393 392 390 388 386 384 383 380 378 376 374 372 369 367 365 363 360 357 355 352 349 346 343 340 337 334 330 327 323 320 315 311 307 303 298 293 288 283 277 270 264 257 249 239 228 220 220 177 176 176 176 176 175 175 175 175 174 174 174 174 174
429 428 427 427 426 426 425 424 423 423 422 421 420 419 419 418 416 415 414 413 412 410 409 408 407 405 404 403 402 400 398 397 395 394 392 390 388 387 385 382 380 379 377 375 372 370 368 365 363 360 358 355 353 349 346 344 341 338 334 330 327 324 319 316 312 308 304 298 294 289 284 277 271 265 258 250 240 230 220 220 176 176 176 176 175 175 175 175 175 174 174 174 174 173
428 428 428 427 427 425 425 424 424 423 422 421 420 420 419 417 416 416 415 414 412 411 410 409 407 406 404 403 402 400 398 397 396 394 392 390 389 387 385 383 381 379 377 374 372 370 368 366 363 360 358 356 352 350 347 344 341 337 334 331 328 323 320 316 312 309 303 299 294 290 283 278 272 266 259 250 242 232 220 219 176 176 176 176 175 175 175 175 174 174 174 174 173 173
429 428 428 428 426 426 425 425 424 423 422 421 421 420 418 418 417 416 415 413 412 411 410 408 407 406 405 404 401 400 399 397 396 394 392 391 389 387 385 383 381 379 377 375 373 371 369 365 363 361 359 356 353 350 347 345 341 338 335 332 328 324 321 317 313 308 304 300 295 290 284 279 273 267 259 252 243 234 221 219 176 176 176 175 175 175 175 174 174 174 174 174 173 173
429 429 428 427 427 426 426 425 424 423 422 422 421 419 419 418 417 416 414 414 413 412 411 409 408 406 405 403 402 401 399 398 396 394 393 391 390 387 385 384 382 379 377 375 373 371 368 366 364 361 359 356 353 351 348 344 341 339 335 332 328 325 321 318 313 309 305 301 296 290 285 280 274 267 260 253 245 235 223 219 176 176 175 175 175 175 174 174 174 174 174 173 173 173
430 429 428 427 427 427 426 425 424 423 423 422 421 420 419 418 418 416 415 414 413 412 410 409 408 407 405 403 402 401 400 397 396 395 393 392 389 387 386 384 382 379 378 376 374 371 369 366 364 362 359 356 354 351 348 345 342 339 336 332 329 325 322 317 314 310 306 301 296 291 286 281 274 268 261 254 246 236 225 219 176 175 175 175 175 175 174 174 174 174 173 173 173 173
430 429 428 428 427 427 426 425 424 424 423 422 421 420 420 419 417 416 415 414 413 411 410 409 408 406 405 404 403 401 399 398 396 395 393 391 389 388 386 384 382 380 378 376 373 371 369 367 365 361 359 357 354 352 348 345 343 340 336 333 329 326 323 318 314 310 306 301 297 292 287 282 275 269 262 255 246 237 226 219 346 303 303 303 303 302 302 302 302 301 301 301 301 301
429 429 429 428 428 426 426 425 425 424 423 422 421 421 420 418 417 417 416 415 413 412 411 410 408 407 406 404 403 401 400 398 397 395 393 391 390 388 387 384 382 380 379 376 374 372 370 367 364 362 360 357 355 351 349 346 343 339 336 333 330 327 322 319 315 311 306 302 425 421 416 410 404 398 392 383 376 367 356 347 346 303 303 303 302 302 302 302 302 301 301 301 301 300
430 429 429 429 427 427 426 426 425 424 423 422 422 421 419 419 418 417 416 414 413 412 411 409 408 407 406 405 403 401 400 399 397 395 393 392 390 389 386 384 383 381 379 376 374 372 370 367 365 362 360 358 354 352 349 346 471 468 465 462 459 454 451 447 444 439 435 430 426 421 416 410 405 399 392 385 377 368 358 346 346 303 303 302 302 302 302 302 301 301 301 301 300 300
430 430 429 428 428 427 427 426 425 424 423 423 422 420 420 419 418 417 415 415 414 413 412 410 409 407 406 404 403 402 400 399 397 395 394 392 391 388 386 385 383 381 378 377 375 373 498 495 493 491 489 485 483 480 478 475 471 468 465 462 458 455 451 448 444 439 435 431 427 421 416 411 406 400 393 386 378 369 358 346 346 303 303 302 302 302 302 301 301 301 301 300 300 300
430 430 429 428 428 428 427 426 425 424 424 423 422 421 420 419 419 417 416 415 414 413 411 410 409 408 406 405 403 402 401 398 397 396 394 393 390 517 515 513 512 509 507 505 503 500 498 496 494 491 488 486 483 481 478 475 472 469 466 462 459 455 452 449 444 440 436 432 427 422 417 412 407 400 394 387 379 370 360 348 346 303 302 302 302 302 301 301 301 301 301 300 300 300
431 430 429 429 428 428 426 426 425 425 424 423 422 421 420 420 418 417 416 415 414 412 411 410 409 407 406 405 532 530 528 527 525 524 523 520 519 517 515 514 511 509 507 505 503 501 498 496 494 491 489 486 484 481 478 475 472 469 465 462 459 456 453 448 444 441 437 433 427 423 418 413 406 401 395 388 380 371 362 350 346 302 302 302 302 301 301 301 301 301 300 300 300 300
430 430 430 429 429 427 427 426 426 425 424 423 422 422 421 419 418 417 417 416 414 541 540 539 537 536 535 533 532 530 529 527 526 524 522 521 519 517 516 513 511 510 508 506 503 501 499 497 494 491 489 487 484 481 478 476 473 470 466 463 460 457 452 449 445 441 437 432 428 423 419 413 407 402 395 389 380 372 363 352 345 302 302 302 302 301 301 301 301 300 300 300 300 299
387 430 430 428 428 428 427 427 426 425 424 423 423 422 548 547 547 546 545 543 542 541 540 538 537 536 535 534 532 530 529 528 526 524 522 521 519 518 515 514 512 510 508 505 503 501 499 496 494 492 490 487 484 481 479 476 473 469 467 464 460 456 453 449 446 442 437 433 429 424 418 413 408 402 396 389 382 374 364 352 345 345 302 302 301 301 301 301 300 300 300 300 300 299
387 387 429 429 428 428 427 426 553 553 552 552 551 549 549 548 547 546 544 543 543 542 540 539 538 536 535 533 532 531 529 528 526 524 523 521 520 517 516 514 512 510 508 506 504 502 499 497 495 492 490 487 484 482 479 477 473 470 467 464 460 457 453 450 446 442 438 434 429 425 419 414 409 403 396 390 383 375 366 354 345 345 302 301 301 301 301 300 300 300 300 300 299 299
387 386 558 557 557 556 555 554 554 553 553 551 550 550 549 548 546 546 545 544 543 541 540 539 538 537 535 533 532 531 530 527 526 525 523 522 519 518 516 514 513 510 508 506 504 502 499 497 495 493 490 487 485 482 480 476 473 471 468 465 461 457 454 451 446 442 438 434 430 425 420 415 410 403 397 391 384 376 366 356 345 345 301 301 301 301 301 300 300 300 300 299 299 299
515 514 514 558 557 556 555 555 554 554 552 551 551 550 549 548 547 546 545 544 542 541 540 539 538 536 535 534 533 531 529 528 526 525 524 521 520 518 516 515 512 510 508 507 505 502 500 498 495 492 490 488 485 483 479 477 474 471 468 464 461 458 455 450 447 443 439 435 430 425 421 416 410 404 398 392 385 376 367 357 345 344 301 301 301 301 300 300 300 300 299 299 299 299
515 515 514 558 556 556 556 555 554 553 552 552 551 550 549 548 547 546 545 544 543 542 541 540 538 537 535 534 533 531 530 528 527 525 523 522 520 518 517 514 512 511 509 507 504 502 500 498 495 493 490 488 486 482 480 477 474 472 468 465 462 458 454 451 447 443 440 435 430 426 421 416 410 405 399 393 385 377 369 359 346 344 301 301 301 300 300 300 300 300 299 299 299 299
515 515 515 513 557 556 556 555 554 553 553 552 551 550 549 548 547 547 545 544 543 542 541 539 538 537 536 535 532 531 530 529 527 525 523 522 520 519 516 515 513 511 509 506 505 503 501 497 495 493 491 489 485 483 480 478 475 471 468 465 462 459 455 451 448 444 439 435 431 427 422 416 411 406 400 393 386 378 370 360 347 344 301 301 300 300 300 300 300 299 299 299 299 298
416 515 514 514 513 557 556 555 554 554 553 552 551 550 549 549 548 546 545 544 543 542 540 539 538 537 536 534 533 532 530 529 527 525 524 522 521 518 517 515 513 512 509 507 505 503 501 498 496 494 491 488 486 483 481 478 474 472 469 466 463 458 455 452 448 444 440 436 432 427 422 417 412 406 400 393 387 379 371 360 349 344 301 300 300 300 300 300 299 299 299 299 298 298
416 415 514 514 513 557 556 555 555 554 553 552 551 550 550 549 547 546 545 545 544 542 541 540 539 538 535 534 533 532 531 528 527 526 524 523 520 519 517 515 514 511 509 507 505 503 500 498 496 494 491 488 486 484 481 477 475 472 469 466 462 459 456 452 448 444 440 436 432 427 422 418 413 407 400 394 388 380 371 362 351 344 301 300 300 300 300 299 299 299 299 299 298 298
415 415 415 514 514 512 556 555 555 554 553 552 551 551 550 548 547 547 546 545 543 542 541 540 539 537 536 535 534 532 530 529 527 526 525 522 521 519 517 516 513 511 510 508 506 503 501 499 497 493 491 489 487 484 481 478 475 472 470 466 463 459 456 453 448 445 441 437 432 428 423 418 413 407 401 395 389 380 372 363 352 344 343 300 300 300 299 299 299 299 299 298 298 298
416 415 415 415 513 513 512 556 555 554 553 552 552 551 549 549 548 547 546 544 543 542 541 540 538 537 536 535 534 532 530 529 528 526 524 522 521 519 518 515 513 512 510 508 505 503 501 499 497 494 492 489 487 483 481 478 476 473 469 466 463 460 457 452 449 445 441 437 432 428 424 419 413 408 402 396 388 381 373 364 354 343 343 300 300 299 299 299 299 299 298 298 298 298
416 416 415 414 413 513 513 556 554 554 553 553 552 550 550 549 548 547 545 545 544 543 542 540 539 538 537 535 533 532 531 529 528 526 524 523 521 520 517 515 514 512 510 507 506 504 502 500 496 494 492 490 486 484 481 479 476 472 470 467 464 460 456 453 449 446 441 437 433 429 424 419 414 408 403 397 389 382 374 365 354 343 343 300 300 299 299 299 299 298 298 298 298 298
416 416 415 414 414 413 513 511 555 554 554 553 551 551 550 549 548 547 546 545 544 543 541 540 539 538 537 535 534 532 531 530 527 526 525 523 522 519 518 516 514 512 510 508 506 504 502 499 497 495 492 489 487 484 482 479 476 473 470 467 464 460 457 453 450 445 442 438 434 429 424 419 414 409 404 397 390 383 375 366 355 343 343 300 299 299 299 299 298 298 298 298 298 297
417 415 415 414 414 414 412 512 511 555 554 552 552 551 550 550 548 547 546 545 544 542 541 540 539 538 536 535 534 533 531 529 528 526 525 524 521 519 518 516 515 512 510 508 506 504 501 499 497 495 492 490 487 485 482 479 476 473 471 468 464 460 457 454 450 446 442 438 434 429 425 420 415 410 403 397 391 384 375 367 357 344 343 299 299 299 299 298 298 298 298 298 297 297
