testData/tiles/oneDegree/grid4.0-37.0-5.0-38.0.asc
ncols   200
nrows   200
xllcorner   4.0
yllcorner   37.0
cellsize   0.005
NODATA_value   -9999.0
[rows 0 to 41 of 200, columns 0 to 93 of 200]
929 929 930 930 930 931 930 930 931 931 931 932 931 931 932 932 932 933 932 932 933 933 933 934 933 933 934 934 934 935 934 934 935 935 935 935 935 935 935 936 935 935 936 936 936 936 936 936 936 936 936 936 937 936 863 863 864 864 863 864 864 864 578 579 579 580 579 581 581 582 581 582 583 582 584 584 585 584 585 586 585 586 587 587 587 587 587 588 588 589 588 589 590 589
926 926 926 926 926 926 927 927 927 928 927 927 928 928 928 929 928 928 929 929 929 930 929 929 930 930 930 930 930 930 931 931 930 931 931 931 931 931 931 931 932 932 931 932 932 932 932 932 932 932 933 932 932 932 860 859 859 860 860 859 859 860 575 574 575 575 576 575 576 577 577 577 578 579 578 578 580 580 580 580 582 581 581 582 582 582 583 582 584 584 584 584 584 585
921 922 922 922 923 923 922 923 923 923 924 924 923 924 924 924 925 925 924 925 925 925 926 926 925 926 926 926 927 926 926 927 927 927 926 927 927 927 928 927 927 928 928 927 928 928 928 928 928 928 928 929 928 928 928 856 855 855 856 856 855 570 571 571 570 570 571 570 571 571 573 572 573 573 573 574 574 575 575 575 576 575 577 577 576 577 578 577 578 578 579 579 579 579
918 917 918 918 918 919 919 919 919 919 919 920 920 920 920 920 920 921 921 920 921 921 921 922 922 921 922 922 922 923 922 922 923 923 922 922 923 923 923 923 923 923 924 923 923 923 924 924 923 924 924 924 923 924 924 924 851 851 851 851 851 566 566 565 566 566 566 566 566 567 566 567 568 568 568 569 570 569 569 571 570 571 571 571 572 572 571 572 573 573 573 573 574 574
914 914 913 914 914 914 915 915 914 915 915 915 916 916 915 916 916 916 917 916 916 917 917 917 917 917 917 918 918 917 918 918 918 918 918 918 918 919 918 918 919 919 919 918 919 919 919 919 919 919 920 919 919 919 920 919 919 846 846 846 561 562 561 561 561 562 561 561 561 561 561 562 561 563 563 562 563 564 565 564 564 566 565 566 566 566 567 566 566 568 567 568 568 567
909 909 909 909 910 910 910 910 910 910 911 911 911 911 911 911 912 912 911 912 912 912 913 912 912 913 913 913 913 913 913 914 914 913 913 914 914 913 914 914 914 914 914 914 914 914 914 914 915 914 914 914 915 914 914 915 915 914 841 842 556 556 556 556 556 556 557 556 556 556 556 556 557 556 557 558 557 558 559 558 559 559 559 560 560 560 560 561 561 561 561 562 562 562
904 904 905 905 905 905 905 905 906 906 905 906 906 906 907 907 906 907 907 907 908 907 907 908 908 907 908 908 908 909 908 908 908 909 908 908 909 909 909 909 909 909 909 909 909 909 909 909 909 909 909 909 909 910 909 909 909 909 909 551 552 551 551 551 551 551 551 550 551 551 550 550 551 550 551 551 552 552 552 552 553 554 553 553 555 555 555 556 556 557 558 558 558 560
900 899 899 900 900 900 901 900 900 901 901 901 901 901 901 902 902 901 902 902 902 903 902 902 903 903 902 903 903 903 903 903 903 903 904 903 903 904 904 903 904 904 904 903 904 904 903 904 904 904 903 904 904 903 904 904 904 903 904 546 545 545 546 545 545 545 545 545 545 546 546 546 546 547 547 547 548 548 550 550 550 551 552 553 553 553 555 555 555 556 556 557 558 558
894 895 894 894 895 895 895 895 895 895 896 896 895 896 896 896 897 896 896 897 897 897 897 897 897 898 897 897 898 898 897 897 898 898 897 898 898 898 898 898 898 898 898 898 898 898 898 898 898 898 898 898 899 899 899 899 900 900 900 615 543 543 543 544 544 544 544 545 545 545 545 546 546 546 546 547 547 548 548 549 550 550 551 552 552 553 553 553 555 555 555 556 557 557
888 888 889 889 889 890 889 889 890 890 890 890 890 890 891 890 890 891 891 891 891 891 891 892 891 891 892 892 891 891 892 892 892 893 893 893 894 894 894 894 895 895 895 896 896 896 897 897 897 897 898 898 898 898 899 899 899 900 615 615 615 543 543 543 543 544 544 544 544 545 545 545 545 546 546 546 546 547 547 548 548 549 550 550 551 552 552 553 553 553 555 555 555 556
883 883 883 883 883 883 884 884 884 885 885 885 886 886 886 887 887 887 888 888 888 889 889 889 890 890 890 891 891 891 891 892 892 892 893 893 893 894 894 894 894 895 895 895 896 896 896 896 897 897 897 898 898 898 898 899 899 899 614 615 615 615 543 543 543 543 544 544 544 544 545 545 545 545 546 546 546 546 547 547 547 548 548 550 550 550 551 552 552 553 553 553 555 555
882 882 882 882 883 883 883 884 884 884 885 885 885 886 886 886 887 887 887 888 888 888 889 889 889 890 890 890 890 891 891 891 892 892 892 893 893 893 893 894 894 894 895 895 895 895 896 896 896 897 897 897 897 898 898 898 899 614 614 614 615 615 615 542 543 543 543 543 544 544 544 544 545 545 545 545 546 546 546 546 547 547 547 548 549 550 550 550 551 552 552 553 553 553
881 882 882 882 882 883 883 883 884 884 884 885 885 885 886 886 886 887 887 887 888 888 888 889 889 889 889 890 890 890 891 891 891 892 892 892 892 893 893 893 894 894 894 895 895 895 895 896 896 896 897 897 897 897 898 898 898 613 614 614 614 614 615 542 542 543 543 543 543 544 544 544 544 545 545 545 545 545 546 546 546 546 547 547 548 548 549 550 550 550 551 552 552 553
881 881 882 882 882 882 883 883 883 884 884 884 885 885 885 886 886 886 887 887 887 888 888 888 889 889 889 889 890 890 890 891 891 891 892 892 892 892 893 893 893 894 894 894 894 895 895 895 896 896 896 896 897 897 897 897 613 613 613 614 614 614 614 615 542 542 542 543 543 543 543 544 544 544 544 545 545 545 545 546 546 546 546 546 547 547 548 548 549 550 550 550 551 552
881 881 881 881 882 882 882 883 883 883 884 884 884 885 885 885 886 886 886 887 887 887 888 888 888 888 889 889 889 890 890 890 891 891 891 891 892 892 892 893 893 893 894 894 894 894 895 895 895 895 896 896 896 897 897 897 612 613 613 613 613 614 614 614 614 542 542 542 542 543 543 543 543 544 544 544 544 545 545 545 545 546 546 546 546 546 547 547 548 548 549 550 550 550
880 881 881 881 881 882 882 882 883 883 883 884 884 884 885 885 885 886 886 886 887 887 887 888 888 888 888 889 889 889 890 890 890 891 891 891 891 892 892 892 893 893 893 893 894 894 894 895 895 895 895 896 896 896 896 897 612 612 613 613 613 613 614 614 614 614 542 542 542 542 543 543 543 543 544 544 544 544 544 545 545 545 545 546 546 546 438 439 439 439 439 440 441 441
880 880 880 881 881 881 882 882 882 883 883 883 884 884 884 885 885 885 886 886 886 887 887 887 887 888 888 888 889 889 889 890 890 890 890 891 891 891 892 892 892 892 893 893 893 894 894 894 894 895 895 895 896 896 896 611 612 612 612 612 613 613 613 613 614 614 614 541 434 434 434 434 435 435 435 435 436 436 436 436 437 437 437 437 437 438 438 438 438 439 439 439 439 440
880 880 880 880 881 881 881 882 882 882 883 883 883 884 884 884 885 885 885 886 886 886 886 887 887 887 888 888 888 889 889 889 889 890 890 890 891 891 891 892 892 892 892 893 893 893 894 786 786 786 787 787 787 787 788 503 503 503 504 504 504 505 505 505 505 506 506 433 433 434 434 434 434 435 435 435 435 435 436 436 436 436 437 437 437 437 437 438 438 438 438 439 439 439
879 880 880 880 880 881 881 881 882 882 882 883 883 883 884 884 884 885 885 885 886 886 778 778 779 779 779 780 780 780 781 781 781 781 782 782 782 783 783 783 783 784 784 784 785 785 785 785 786 786 786 786 787 787 502 503 503 503 503 504 504 504 504 505 505 505 505 506 433 433 433 434 434 434 434 435 435 435 435 435 436 436 436 436 437 437 437 437 437 438 438 438 438 439
771 771 771 772 772 772 773 773 773 774 774 774 775 775 775 776 776 776 777 777 777 777 778 778 778 779 779 779 780 780 780 780 781 781 781 782 782 782 783 783 783 783 784 784 784 784 785 785 785 786 786 786 786 787 502 502 502 503 503 503 503 504 504 504 504 505 505 505 505 433 433 433 433 434 434 434 434 435 435 435 435 436 436 436 436 436 437 437 437 437 437 438 438 438
771 771 771 771 772 772 772 773 773 773 774 774 774 775 775 775 776 776 776 777 777 777 777 778 778 778 779 779 779 780 780 780 780 781 781 781 782 782 782 782 783 783 783 784 784 784 784 785 785 785 785 786 786 501 502 502 502 502 503 503 503 503 504 504 504 504 505 505 505 432 433 433 433 433 434 434 434 434 434 435 435 435 435 436 436 436 436 436 437 437 437 437 437 438
770 770 771 771 771 772 772 772 773 773 773 774 774 774 775 775 775 776 776 776 776 777 777 777 778 778 778 779 779 779 779 780 780 780 781 781 781 781 782 782 782 783 783 783 783 784 784 784 785 785 785 785 786 501 501 501 502 502 502 502 503 503 503 503 504 504 504 504 505 505 432 432 433 433 433 433 434 434 434 434 434 435 435 435 435 436 436 436 436 436 437 437 437 437
770 770 770 771 771 771 772 772 772 773 773 773 774 774 774 775 775 775 775 776 776 776 777 777 777 778 778 778 778 779 779 779 780 780 780 781 781 781 781 782 782 782 783 783 783 783 784 784 784 784 785 785 500 500 501 501 501 502 502 502 502 503 503 503 503 504 504 504 504 505 505 432 432 432 433 433 433 433 434 434 434 434 435 435 435 435 435 436 436 436 436 436 437 437
769 770 770 770 771 771 771 772 772 772 773 773 773 774 774 774 775 775 775 775 776 776 776 777 777 777 778 778 778 778 779 779 779 780 780 780 780 781 781 781 782 782 782 782 783 783 783 784 784 784 784 785 500 500 500 501 501 501 501 502 502 502 502 503 503 503 503 504 504 504 504 505 432 432 432 433 433 433 433 433 434 434 434 434 435 435 435 435 435 436 436 436 436 436
769 769 770 770 770 771 771 771 772 772 772 773 773 773 774 774 774 774 775 775 775 776 776 776 777 777 777 777 778 778 778 779 779 779 780 780 780 780 781 781 781 781 782 782 782 783 783 784 784 785 785 500 500 501 501 501 501 502 502 502 503 503 503 503 504 504 504 504 504 505 505 505 432 433 432 432 432 433 433 433 433 433 434 434 434 434 435 435 435 435 435 436 436 436
769 769 769 770 770 770 771 771 771 772 772 772 773 773 773 774 774 774 774 775 775 775 776 776 776 777 777 777 777 778 778 778 779 779 779 779 780 780 781 782 782 782 782 783 783 783 783 784 784 785 786 501 501 501 502 502 502 502 503 503 503 503 504 504 504 504 505 505 505 505 506 506 505 432 432 433 433 433 433 434 434 434 434 433 434 434 434 434 435 435 435 435 435 436
768 769 769 769 770 770 770 771 771 771 772 772 772 773 773 773 773 774 774 774 775 775 775 776 776 776 776 777 777 777 778 779 779 779 780 780 780 781 782 782 782 783 783 783 784 784 784 784 785 785 786 501 502 502 502 502 503 503 503 503 504 504 504 504 505 505 505 505 506 506 506 505 506 506 433 433 434 434 434 434 434 435 435 434 434 435 435 435 435 435 435 435 435 435
768 768 769 769 769 770 770 770 771 771 771 772 772 772 772 773 773 773 774 774 774 775 775 775 775 777 777 777 778 778 778 780 780 780 780 781 781 781 782 783 783 783 784 784 784 784 785 785 785 785 501 501 501 503 503 503 503 504 504 504 504 505 505 505 505 506 506 506 505 506 506 506 506 506 434 434 434 434 435 435 435 435 434 435 435 435 435 436 436 436 435 435 436 436
768 768 768 769 769 769 770 770 770 771 771 771 772 772 772 772 773 773 773 774 774 775 776 776 776 776 778 778 778 779 779 779 780 781 781 781 782 782 782 782 784 784 784 785 785 785 785 786 786 786 501 502 502 502 502 503 503 503 504 505 505 505 505 505 505 505 505 506 506 506 506 507 507 507 507 434 435 435 435 435 436 435 435 435 435 436 436 436 436 435 436 436 436 436
767 768 768 768 769 769 769 770 770 770 771 771 771 771 772 772 772 774 774 774 775 776 776 776 777 777 777 779 779 779 780 780 780 781 782 782 782 782 783 783 783 784 785 785 785 786 786 786 786 502 502 502 503 503 503 503 504 504 504 504 505 505 505 505 506 506 506 506 506 507 507 507 507 508 508 508 435 436 436 435 435 435 436 436 436 436 436 437 436 436 436 436 437 437
767 767 768 768 768 769 769 769 770 770 770 771 771 772 772 773 773 774 775 775 775 776 777 777 777 778 778 779 780 780 780 780 781 781 782 783 783 783 783 784 784 784 784 786 786 786 787 787 787 502 503 503 503 503 504 504 504 504 505 505 505 505 506 506 506 506 507 507 507 507 508 508 508 508 508 509 436 436 435 436 436 436 436 436 437 437 437 436 436 437 437 437 437 437
767 767 767 768 768 768 769 769 769 771 771 771 771 773 773 773 774 774 775 776 776 776 777 778 778 778 779 779 780 780 781 781 781 782 782 783 783 784 784 784 785 785 785 785 786 787 787 787 503 503 503 503 504 504 504 504 505 505 505 505 506 506 506 506 507 507 507 507 508 508 508 508 509 509 509 509 508 436 436 436 436 437 437 437 437 437 437 437 437 437 437 438 438 437
766 767 767 767 768 768 769 770 770 770 771 772 772 772 774 774 774 775 776 776 776 777 777 778 779 779 779 780 780 781 781 782 782 782 783 783 784 784 785 785 785 785 786 786 786 787 787 787 503 504 504 504 504 505 505 505 505 506 506 506 506 507 507 507 507 508 508 508 508 508 509 509 509 508 509 509 509 509 437 437 437 437 437 438 438 437 437 437 438 438 438 438 437 438
766 766 767 768 768 769 770 770 771 771 772 772 773 773 774 775 775 775 776 777 777 777 778 778 779 780 780 780 780 781 782 782 783 783 783 783 784 784 785 786 786 786 786 787 787 787 787 503 503 503 503 505 505 505 505 506 506 506 506 507 507 507 507 508 508 508 508 509 509 509 508 509 509 509 509 509 510 510 437 437 438 438 438 437 437 438 438 438 438 438 439 438 438 438
767 767 767 769 769 769 770 771 771 771 772 773 773 774 774 775 776 776 776 776 778 778 778 779 779 780 781 781 781 781 782 783 783 783 784 784 784 785 785 785 786 787 787 787 787 788 788 503 504 504 504 504 505 505 505 505 506 506 506 506 507 507 507 507 507 508 508 508 508 509 509 509 509 510 510 510 510 510 511 438 438 437 438 438 438 438 438 439 439 439 438 438 439 439
767 768 768 768 770 770 770 772 772 772 772 774 774 774 775 775 776 777 777 777 778 779 779 779 780 780 781 781 782 782 782 783 783 784 784 785 785 785 785 786 786 786 788 788 788 788 504 504 504 504 505 505 505 505 506 506 506 506 507 507 507 507 508 508 508 508 509 509 509 509 509 510 510 510 510 511 511 511 511 510 438 438 438 438 439 439 439 439 438 439 439 439 439 439
767 768 769 769 770 771 771 771 772 773 773 773 775 775 775 776 777 777 777 778 778 779 780 780 780 780 781 782 782 783 783 783 783 784 785 785 786 786 786 786 787 787 787 787 788 789 504 504 505 505 505 506 506 506 506 507 507 507 507 507 508 508 508 508 509 509 509 509 510 510 510 510 511 511 511 511 510 511 511 511 438 438 439 439 439 439 440 439 439 439 439 439 440 440
768 769 769 770 770 771 771 772 773 773 774 774 774 776 776 776 776 778 778 778 779 779 780 781 781 781 781 782 783 783 784 784 784 784 785 785 786 786 787 787 787 788 788 788 788 504 504 504 505 506 506 506 506 507 507 507 507 508 508 508 508 509 509 509 509 510 510 510 510 510 511 511 511 510 511 511 511 511 511 512 512 439 439 439 440 439 439 439 439 440 440 440 440 439
768 769 770 770 771 772 772 772 773 774 774 775 775 776 777 777 777 777 779 779 779 780 780 780 781 782 782 782 783 783 784 784 785 785 785 786 786 786 787 788 788 788 788 789 504 504 504 505 505 505 505 506 506 506 507 508 508 508 508 509 509 509 509 510 510 510 510 510 510 510 510 510 511 511 511 511 512 512 512 512 512 513 440 439 439 439 440 440 440 440 440 440 440 440
769 769 771 771 771 771 773 773 773 774 775 775 776 776 777 777 778 778 778 780 780 780 780 781 781 782 783 783 783 783 784 784 785 786 786 786 786 787 787 787 787 789 789 789 505 505 505 505 506 506 506 506 507 507 507 507 508 508 508 508 509 509 509 509 509 510 510 510 510 511 511 511 511 512 512 512 512 512 513 513 512 512 439 440 440 440 440 440 441 440 440 440 440 441
770 770 770 772 772 772 772 774 774 774 775 776 776 777 777 778 778 779 779 779 781 781 781 781 782 782 783 784 784 784 784 785 785 785 786 787 787 787 788 788 788 788 789 504 505 505 506 506 506 506 507 507 507 507 508 508 508 508 509 509 509 509 510 510 510 510 511 511 511 511 511 512 512 512 512 513 513 512 512 512 513 513 513 440 440 441 441 440 440 440 441 441 441 441
770 771 771 771 772 773 773 774 775 775 775 776 777 777 777 778 779 779 780 780 780 780 782 782 782 783 783 783 784 785 785 785 786 786 786 786 788 788 788 788 789 789 789 504 505 505 505 506 507 507 507 508 508 508 508 509 509 509 509 509 510 510 510 510 511 511 511 511 512 512 512 512 512 512 512 512 512 513 513 513 513 513 514 441 441 440 440 441 441 441 441 441 442 441
