testData/tiles/oneDegree/grid27.0-2.0-28.0-3.0.asc
ncols   200
nrows   200
xllcorner   27.0
yllcorner   2.0
cellsize   0.005
NODATA_value   -9999.0
[rows 0 to 41 of 200, columns 94 to 187 of 200]
179 179 179 179 179 180 180 180 180 180 180 180 180 180 180 180 180 180 180 180 180 180 180 180 180 180 180 180 180 180 180 180 180 195 211 222 230 237 243 249 254 259 263 268 272 276 280 283 287 290 293 296 299 302 304 307 350 353 355 358 360 362 364 366 369 371 373 374 376 378 380 382 384 385 387 388 390 392 393 395 396 398 399 400 402 403 404 406 407 408 409 412 413 415
179 179 179 179 179 179 179 179 179 179 179 179 179 179 179 179 179 179 179 179 179 179 179 179 179 179 180 180 180 180 180 180 180 198 213 223 231 238 244 250 255 259 264 268 272 276 279 283 286 289 292 295 298 301 304 306 309 352 355 357 359 362 364 366 368 370 372 374 376 378 379 381 383 385 386 388 389 391 392 394 395 397 398 400 401 402 404 405 406 407 409 410 411 413
178 178 178 178 178 178 178 178 178 178 178 178 178 178 178 179 179 179 179 179 179 179 179 179 179 179 179 179 179 179 179 179 179 200 214 223 231 238 244 249 254 259 264 268 272 275 279 282 286 289 292 295 298 301 303 306 308 311 354 356 359 361 363 365 367 369 371 373 375 377 379 380 382 384 386 387 389 390 392 393 395 396 398 399 400 402 403 404 405 407 408 409 410 411
177 177 177 177 177 177 177 178 178 178 178 178 178 178 178 178 178 178 178 178 178 178 178 178 178 178 178 178 178 178 178 178 178 201 214 223 231 238 244 249 254 259 263 267 271 276 280 283 286 289 292 295 298 301 304 306 309 311 314 316 359 361 364 366 368 370 372 374 375 377 379 381 383 384 386 387 389 391 392 394 395 396 398 399 401 402 403 405 406 407 408 409 410 411
177 177 177 177 177 177 177 177 177 177 177 177 177 177 177 177 177 177 177 177 177 177 177 177 177 177 177 177 177 177 178 178 178 203 215 225 232 239 244 250 255 259 264 268 272 275 279 282 286 289 292 295 298 300 303 306 308 311 313 315 318 361 363 365 367 369 371 373 375 377 378 380 382 384 385 387 388 390 391 393 394 396 397 399 400 401 403 404 405 406 407 409 410 411
176 176 176 176 176 176 176 176 176 176 176 176 176 176 176 176 176 176 176 176 176 177 177 177 177 177 177 177 177 177 177 177 177 204 216 225 232 238 244 250 254 259 263 267 271 275 279 282 285 288 291 294 297 300 302 305 308 310 312 315 317 319 362 364 366 368 370 372 374 376 378 379 381 383 384 386 388 389 391 392 394 395 396 398 399 401 402 403 404 406 407 408 409 410
175 175 175 175 175 175 175 175 175 175 175 175 175 175 175 176 176 176 176 176 176 176 176 176 176 176 176 176 176 176 176 176 185 205 216 225 232 238 244 249 254 259 263 267 271 275 278 281 285 288 291 294 297 299 302 304 307 309 312 314 316 318 321 364 366 368 370 372 373 375 377 379 380 382 384 385 387 389 390 392 393 394 396 397 398 400 401 402 404 405 406 407 408 410
174 174 174 174 174 174 174 174 174 174 175 175 175 175 175 175 175 175 175 175 175 175 175 175 175 175 175 175 175 175 175 175 188 206 216 225 232 238 244 249 254 258 263 267 270 274 278 281 285 288 291 294 297 300 302 305 307 310 312 314 317 319 321 323 325 368 370 372 374 376 377 379 381 382 384 386 387 389 390 392 393 395 396 397 399 400 401 403 404 404 405 407 408 409
174 174 174 174 174 174 174 174 174 174 174 174 174 174 174 174 174 174 174 174 174 174 174 174 174 174 174 174 174 174 174 174 191 206 217 225 232 238 245 250 254 259 263 267 271 275 278 281 285 288 291 294 296 299 302 304 307 309 311 314 316 318 320 322 324 326 369 371 373 375 377 378 380 382 383 385 387 388 390 391 393 394 395 397 398 399 401 402 403 404 406 407 408 409
174 174 174 174 174 174 174 174 174 174 174 174 174 174 174 174 174 174 174 174 174 174 174 174 174 174 174 174 174 174 174 174 193 208 218 226 233 239 244 249 254 259 263 267 270 274 278 281 284 287 290 293 296 298 301 304 306 309 311 313 315 318 320 322 324 326 328 371 372 374 376 378 379 381 383 384 386 387 389 390 392 393 395 396 397 399 400 401 402 404 405 406 407 408
174 174 174 174 174 174 174 174 174 174 174 174 174 174 174 174 174 174 174 174 174 174 174 174 174 174 174 174 174 174 174 174 196 209 219 227 233 239 245 250 255 259 263 267 271 275 278 281 285 288 291 293 296 299 301 304 306 309 311 313 316 318 320 322 324 326 328 330 373 375 376 378 380 381 383 385 386 388 389 391 392 394 395 396 398 399 400 401 403 404 405 406 407 409
174 174 174 174 174 174 174 174 174 174 174 174 174 174 174 174 174 174 174 174 174 174 174 174 174 174 174 174 174 174 174 174 198 211 220 228 234 240 246 251 255 260 264 268 272 275 279 282 285 288 291 294 297 299 302 304 307 309 312 314 316 318 320 322 324 326 328 330 332 334 377 378 380 382 383 385 386 388 389 391 392 394 395 397 398 399 400 402 403 404 405 407 408 409
174 174 174 174 174 174 174 174 174 174 174 174 174 174 174 174 174 174 174 174 174 174 174 174 174 174 174 174 174 174 174 174 200 212 221 228 235 241 246 251 256 260 264 268 272 276 279 282 285 288 291 294 297 300 302 305 307 310 312 314 316 319 321 323 325 327 329 330 332 334 336 379 380 382 384 385 387 388 390 391 393 394 395 397 398 399 401 402 403 404 406 407 408 409
174 174 174 174 174 174 174 174 174 174 174 174 174 174 174 174 174 174 174 174 174 174 174 174 174 174 174 174 174 174 174 177 202 213 222 229 236 242 247 252 257 261 265 269 272 276 279 283 286 289 292 295 297 300 303 305 308 310 312 315 317 319 321 323 325 327 329 331 333 334 336 338 381 382 384 385 387 389 390 391 393 394 396 397 398 400 401 402 403 405 406 407 408 409
174 174 174 174 174 174 174 174 174 174 174 174 174 174 174 174 174 174 174 174 174 174 174 174 174 174 174 174 174 174 174 183 203 214 223 230 237 242 248 253 257 261 265 269 273 277 280 283 286 289 292 295 298 300 303 306 308 310 313 315 317 319 321 323 325 327 329 331 333 335 336 338 340 342 384 386 387 389 390 392 393 395 396 397 399 400 401 403 404 405 406 407 408 410
174 174 174 174 174 174 174 174 174 174 174 174 174 174 174 174 174 174 174 174 174 174 174 174 174 174 174 174 174 174 174 187 205 216 224 231 237 243 248 253 258 262 266 270 273 277 280 284 287 290 293 295 298 301 303 306 308 311 313 315 317 320 322 324 326 328 330 331 333 335 337 338 340 342 343 386 388 389 391 392 393 395 396 398 399 400 402 403 404 405 406 408 409 410
174 174 174 174 174 174 174 174 174 174 174 174 174 174 174 174 174 174 174 174 174 174 174 174 174 174 174 174 174 174 174 191 206 217 225 232 238 244 249 254 258 262 266 270 274 277 281 284 287 290 293 296 299 301 304 306 309 311 313 316 318 320 322 324 326 328 330 332 334 335 337 339 340 342 344 345 388 389 391 392 394 395 397 398 399 400 402 403 404 405 407 408 409 410
174 174 174 174 174 174 174 174 174 174 174 174 174 174 174 174 174 174 174 174 174 174 174 174 174 174 174 174 174 174 174 193 208 218 226 233 239 244 250 254 259 263 267 271 274 278 281 284 288 291 293 296 299 302 304 307 309 311 314 316 318 320 322 324 326 328 330 332 334 336 337 339 341 342 344 346 347 349 391 393 394 395 397 398 399 401 402 403 405 406 407 408 409 410
174 174 174 174 174 174 174 174 174 174 174 174 174 174 174 174 174 174 174 174 174 174 174 174 174 174 174 174 174 174 174 195 209 219 227 233 240 245 250 255 259 263 267 271 275 278 282 285 288 291 294 297 299 302 304 307 309 312 314 316 318 321 323 325 327 329 330 332 334 336 338 339 341 343 344 346 347 349 350 393 394 396 397 398 400 401 402 404 405 406 407 408 409 411
174 174 174 174 174 174 174 174 174 174 174 174 174 174 174 174 174 174 174 174 174 174 174 174 174 174 174 174 174 174 174 197 210 220 227 234 240 246 251 255 260 264 268 272 275 279 282 285 288 291 294 297 300 302 305 307 310 312 314 317 319 321 323 325 327 329 331 333 334 336 338 340 341 343 345 346 348 349 351 352 354 396 397 399 400 401 403 404 405 406 407 409 410 411
174 174 174 174 174 174 174 174 174 174 174 174 174 174 174 174 174 174 174 174 174 174 174 174 174 174 174 174 174 174 174 199 212 221 228 235 241 246 251 256 260 265 268 272 276 279 282 286 289 292 295 297 300 303 305 308 310 312 315 317 319 321 323 325 327 329 331 333 335 336 338 340 342 343 345 346 348 349 351 352 354 355 398 399 400 401 403 404 405 406 408 409 410 411
174 174 174 174 174 174 174 174 174 174 174 174 174 174 174 174 174 174 174 174 174 174 174 174 174 174 174 174 174 174 174 201 213 222 229 236 242 247 252 257 261 265 269 273 276 280 283 286 289 292 295 298 300 303 305 308 310 313 315 317 319 321 324 326 327 329 331 333 335 337 338 340 342 343 345 347 348 350 351 353 354 355 357 399 400 402 403 404 405 407 408 409 410 411
220 220 220 220 220 220 220 220 220 220 220 220 220 220 220 220 220 220 174 174 174 174 174 174 174 174 174 174 174 174 180 202 214 223 230 236 242 248 252 257 261 265 269 273 277 280 283 286 289 292 295 298 301 303 306 308 311 313 315 317 320 322 324 326 328 330 332 333 335 337 339 340 342 344 345 347 348 350 351 353 354 356 357 358 360 402 403 404 406 407 408 409 410 411
220 220 220 220 220 220 220 220 220 220 220 220 220 220 220 220 220 220 220 220 220 220 220 220 220 220 220 220 220 220 231 250 261 223 231 237 243 248 253 258 262 266 270 274 277 280 284 287 290 293 296 298 301 304 306 309 311 313 316 318 320 322 324 326 328 330 332 334 336 337 339 341 342 344 346 347 349 350 352 353 354 356 357 359 360 361 403 405 406 407 408 409 411 412
220 220 220 220 220 220 220 220 220 220 220 220 220 220 220 220 220 220 220 220 220 220 220 220 220 220 220 220 220 220 234 251 262 270 277 284 289 295 300 304 308 312 316 320 277 281 284 287 290 293 296 299 301 304 306 309 311 314 316 318 320 322 324 326 328 330 332 334 336 338 339 341 343 344 346 347 349 350 352 353 355 356 357 359 360 361 363 364 406 407 409 410 411 412
220 220 220 220 220 220 220 220 220 220 220 220 220 220 220 220 220 220 220 220 220 220 220 220 220 220 220 220 220 220 237 253 263 271 278 284 290 295 300 305 309 313 317 320 324 327 330 334 337 340 342 345 348 350 307 309 312 314 316 318 321 323 325 327 329 331 332 334 336 338 340 341 343 344 346 348 349 351 352 354 355 356 358 359 360 362 363 364 365 408 409 410 411 412
220 220 220 220 220 220 220 220 220 220 220 220 220 220 220 220 220 220 220 220 220 220 220 220 220 220 220 220 220 220 239 254 264 272 279 285 291 296 301 305 309 313 317 321 324 328 331 334 337 340 343 345 348 351 353 356 358 360 362 365 367 369 371 327 329 331 333 335 336 338 340 341 343 345 346 348 349 351 352 354 355 357 358 359 361 362 363 364 366 367 368 410 411 412
220 220 220 220 220 220 220 220 220 220 220 220 220 220 220 220 220 220 220 220 220 220 220 220 220 220 220 220 220 220 241 255 265 273 280 286 291 296 301 306 310 314 318 321 325 328 331 334 337 340 343 346 348 351 353 356 358 361 363 365 367 369 371 373 375 377 379 381 383 384 340 342 343 345 347 348 350 351 353 354 355 357 358 360 361 362 363 365 366 367 368 369 411 413
220 220 220 220 220 220 220 220 220 220 220 220 220 220 220 220 220 220 220 220 220 220 220 220 220 220 220 220 220 220 243 256 266 274 280 286 292 297 302 306 310 314 318 322 325 328 332 335 338 341 343 346 349 351 354 356 359 361 363 365 367 369 371 373 375 377 379 381 383 385 386 388 390 391 393 394 396 351 353 354 356 357 358 360 361 362 364 365 366 367 368 370 371 372
220 220 220 220 220 220 220 220 220 220 220 220 220 220 220 220 220 220 220 220 220 220 220 220 220 220 220 220 220 220 245 257 267 274 281 287 292 297 302 307 311 315 318 322 325 329 332 335 338 341 344 346 349 352 354 356 359 361 363 366 368 370 372 374 376 378 379 381 383 385 387 388 390 391 393 395 396 398 399 400 402 403 405 406 361 363 364 365 366 367 369 370 371 372
174 174 174 174 174 174 174 174 220 220 220 220 220 220 220 220 220 220 220 220 220 220 220 220 220 220 220 220 220 220 246 258 267 275 282 288 293 298 303 307 311 315 319 322 326 329 332 335 338 341 344 347 349 352 354 357 359 361 364 366 368 370 372 374 376 378 380 382 383 385 387 388 390 392 393 395 396 398 399 401 402 403 405 406 407 409 410 411 412 414 369 370 371 372
174 174 174 174 174 174 174 174 174 174 174 174 174 174 174 174 174 174 174 174 174 174 174 174 174 174 174 174 174 174 202 213 222 230 236 242 247 252 257 261 266 269 273 277 280 284 287 290 293 296 298 301 304 306 309 311 313 316 318 320 322 324 326 328 330 332 334 336 338 339 341 343 344 346 347 349 351 352 353 355 356 358 359 360 362 363 364 365 367 368 369 370 371 372
174 174 174 174 174 174 174 174 174 174 174 174 174 174 174 174 174 174 174 174 174 174 174 174 174 174 174 174 174 182 203 214 223 230 237 243 248 253 258 262 266 270 274 277 281 284 287 290 293 296 299 301 304 306 309 311 314 316 318 320 322 325 327 329 330 332 334 336 338 340 341 343 345 346 348 349 351 352 354 355 357 358 359 361 362 363 364 366 367 368 369 370 371 373
174 174 174 174 174 174 174 174 174 174 174 174 174 174 174 174 174 174 174 174 174 174 174 174 174 174 174 174 174 186 204 215 224 231 238 243 249 253 258 262 266 270 274 278 281 284 287 290 293 296 299 302 304 307 309 312 314 316 318 321 323 325 327 329 331 333 334 336 338 340 341 343 345 346 348 349 351 352 354 355 357 358 359 361 362 363 365 366 367 368 369 371 372 373
174 174 174 174 174 174 174 174 174 174 174 174 174 174 174 174 174 174 174 174 174 174 174 174 174 174 174 174 174 189 206 216 225 232 238 244 249 254 258 263 267 271 274 278 281 285 288 291 294 297 299 302 305 307 309 312 314 316 319 321 323 325 327 329 331 333 335 336 338 340 342 343 345 347 348 350 351 353 354 356 357 358 360 361 362 364 365 366 367 368 370 371 372 373
174 174 174 174 174 174 174 174 174 174 174 174 174 174 174 174 174 174 174 174 174 174 174 174 174 174 174 174 174 191 207 217 225 232 239 244 250 254 259 263 267 271 275 278 282 285 288 291 294 297 300 302 305 307 310 312 314 317 319 321 323 325 327 329 331 333 335 337 338 340 342 344 345 347 348 350 351 353 354 356 357 359 360 361 363 364 365 366 367 369 370 371 372 373
174 174 174 174 174 174 174 174 174 174 174 174 174 174 174 174 174 174 174 174 174 174 174 174 174 174 174 174 174 193 208 218 226 233 239 245 250 255 259 264 268 271 275 279 282 285 288 291 294 297 300 303 305 308 310 312 315 317 319 321 323 326 328 330 331 333 335 337 339 340 342 344 345 347 349 350 352 353 355 356 357 359 360 361 363 364 365 366 368 369 370 371 372 373
174 174 174 174 174 174 174 174 174 174 174 174 174 174 174 174 174 174 174 174 174 174 174 174 174 174 174 174 174 195 209 219 227 234 240 245 251 255 260 264 268 272 276 279 282 286 289 292 295 297 300 303 305 308 310 313 315 317 319 322 324 326 328 330 332 334 335 337 339 341 342 344 346 347 349 350 352 353 355 356 358 359 360 362 363 364 365 367 368 369 370 371 372 374
174 174 174 174 174 174 174 174 174 174 174 174 174 174 174 174 174 174 174 174 174 174 174 174 174 174 174 174 174 197 210 220 227 234 240 246 251 256 260 264 268 272 276 279 283 286 289 292 295 298 300 303 306 308 311 313 315 318 320 322 324 326 328 330 332 334 336 337 339 341 343 344 346 347 349 351 352 354 355 356 358 359 360 362 363 364 366 367 368 369 370 371 373 374
174 174 174 174 174 174 174 174 174 174 174 174 174 174 174 174 174 174 174 174 174 174 174 174 174 174 174 174 174 198 211 220 228 235 241 246 251 256 261 265 269 273 276 280 283 286 289 292 295 298 301 303 306 308 311 313 316 318 320 322 324 326 328 330 332 334 336 338 339 341 343 344 346 348 349 351 352 354 355 357 358 359 361 362 363 365 366 367 368 369 371 372 373 374
174 174 174 174 174 174 174 174 174 174 174 174 174 174 174 174 174 174 174 174 174 174 174 174 174 174 174 174 174 199 212 221 229 235 241 247 252 257 261 265 269 273 277 280 283 287 290 293 295 298 301 304 306 309 311 313 316 318 320 322 324 326 328 330 332 334 336 338 340 341 343 345 346 348 349 351 352 354 355 357 358 360 361 362 363 365 366 367 368 370 371 372 373 374
174 174 174 174 174 174 174 174 174 174 174 174 174 174 174 174 174 174 174 174 174 174 174 174 174 174 174 174 174 201 213 222 229 236 242 247 252 257 261 266 270 273 277 280 284 287 290 293 296 299 301 304 306 309 311 314 316 318 320 323 325 327 329 331 333 334 336 338 340 342 343 345 346 348 350 351 353 354 356 357 358 360 361 362 364 365 366 367 369 370 371 372 373 374
