testData/tiles/oneDegree/grid21.0-26.0-22.0-27.0.asc
ncols   200
nrows   200
xllcorner   21.0
yllcorner   26.0
cellsize   0.005
NODATA_value   -9999.0
[rows 0 to 41 of 200, columns 0 to 93 of 200]
261 262 260 260 261 260 260 260 260 260 260 260 260 260 259 259 259 258 258 258 258 258 258 258 258 257 258 257 257 256 257 257 256 256 255 255 254 255 254 254 253 254 253 253 252 242 242 242 242 243 243 242 242 243 243 243 243 244 244 244 244 245 245 245 245 246 246 245 245 246 246 246 246 247 247 247 247 248 248 248 248 248 249 248 248 248 249 249 249 249 250 250 250 250
260 260 259 260 259 258 258 259 258 258 258 258 258 258 258 258 257 256 257 256 256 256 256 256 256 256 256 255 255 255 255 255 254 255 253 253 253 253 252 252 252 252 252 252 253 253 242 242 243 243 243 243 243 243 243 243 244 244 244 244 245 245 245 245 246 246 246 246 246 246 246 246 247 247 247 247 248 248 248 248 249 249 249 249 248 249 249 249 249 250 250 250 250 251
259 258 257 258 258 257 257 257 256 256 257 256 256 257 256 256 256 255 255 254 254 255 254 254 254 254 254 253 254 253 253 252 253 252 252 251 251 251 251 252 252 252 252 253 253 253 253 243 243 243 243 244 243 243 243 244 244 244 244 245 245 245 245 246 246 246 246 247 247 246 246 247 247 247 247 248 248 248 248 249 249 249 249 250 249 249 249 249 250 250 250 250 251 251
257 257 257 256 256 256 256 255 254 255 255 254 254 255 254 254 254 254 253 252 253 253 252 252 252 252 251 252 252 251 251 251 251 251 251 252 251 251 252 252 252 252 253 253 253 253 254 254 243 243 244 244 244 243 244 244 244 244 245 245 245 245 246 246 246 246 247 247 247 246 247 247 247 247 248 248 248 248 249 249 249 249 250 250 250 249 249 250 250 250 250 251 251 251
255 256 255 255 255 254 254 254 253 253 253 252 253 252 252 253 252 252 252 251 251 250 250 251 250 250 250 250 250 250 251 251 251 251 252 252 252 251 252 252 252 253 253 253 253 254 254 254 254 244 244 244 244 245 244 244 244 245 245 245 245 246 246 246 246 247 247 247 247 248 247 247 247 248 248 248 248 249 249 249 249 250 250 250 250 250 250 250 250 250 251 251 251 251
255 254 253 253 253 253 252 252 252 252 250 251 251 250 250 251 250 250 250 250 249 248 249 249 249 250 250 250 250 251 251 251 251 252 252 252 252 253 252 252 253 253 253 253 254 254 254 254 255 255 244 244 245 245 244 244 245 245 245 245 246 246 246 246 247 247 247 247 248 248 247 247 248 248 248 248 249 249 249 249 250 250 250 250 251 251 250 250 250 251 251 251 251 252
253 252 252 252 251 251 251 250 250 250 250 249 248 248 249 248 248 249 249 249 249 249 249 249 249 250 250 250 251 251 251 251 252 252 252 252 253 253 252 253 253 253 253 254 254 254 254 255 255 255 255 245 245 245 245 245 245 245 245 246 246 246 246 247 247 247 247 248 248 248 248 248 248 248 248 249 249 249 249 250 250 250 250 251 251 251 250 251 251 251 251 251 252 252
252 251 251 250 250 249 249 249 249 248 248 248 248 248 248 248 248 249 249 249 250 249 249 249 250 250 250 251 251 251 251 252 252 252 252 253 253 253 253 253 253 253 254 254 254 254 255 255 255 255 256 256 245 245 246 246 245 245 246 246 246 246 247 247 247 247 248 248 248 248 249 248 248 248 249 249 249 249 250 250 250 250 251 251 251 251 252 251 251 251 251 252 252 252
250 250 249 248 248 249 248 248 248 249 248 248 249 249 248 248 249 249 249 250 250 250 249 250 250 250 250 251 251 251 252 252 252 252 253 253 253 253 254 254 253 254 254 254 254 255 255 255 255 256 256 256 256 246 246 246 245 246 246 246 246 247 247 247 247 248 248 248 248 249 249 249 248 249 249 249 249 250 250 250 250 251 251 251 251 252 252 251 251 252 252 252 252 252
249 250 250 250 249 249 249 249 249 249 249 249 249 249 249 249 249 249 249 250 250 250 251 250 250 250 251 251 251 252 252 252 252 253 253 253 253 254 254 254 253 254 254 254 255 255 255 255 256 256 256 256 257 257 246 246 247 246 246 246 247 247 247 247 248 248 248 248 249 249 249 249 249 249 249 249 250 250 250 250 251 251 251 251 252 252 252 252 252 252 252 252 252 253
251 250 250 250 251 249 249 250 250 249 249 250 250 249 250 250 249 249 250 250 250 251 251 251 250 251 251 251 251 252 252 252 253 253 253 253 254 254 254 254 255 254 254 255 255 255 255 256 256 256 256 257 257 257 257 247 247 246 246 247 247 247 247 248 248 248 248 249 249 249 249 250 250 249 249 250 250 250 250 251 251 251 251 252 252 252 252 253 252 252 252 253 253 253
251 251 251 251 251 251 251 250 250 250 250 250 250 251 250 250 250 251 250 250 250 251 251 251 252 251 251 251 252 252 252 253 253 253 253 254 254 254 254 255 255 255 255 255 255 255 256 256 256 256 257 257 257 257 258 247 247 247 247 247 247 247 248 248 248 248 249 249 249 249 250 250 250 249 250 250 250 250 251 251 251 251 252 252 252 252 253 253 252 252 253 253 253 253
251 251 252 252 251 251 252 251 250 251 251 251 250 251 251 250 251 251 251 250 251 251 251 252 252 252 251 252 252 252 252 253 253 253 254 254 254 254 255 255 255 255 255 255 255 256 256 256 256 257 257 257 257 258 258 258 247 248 247 247 247 248 248 248 248 249 249 249 249 250 250 250 250 251 250 250 250 251 251 251 251 252 252 252 252 253 253 253 253 253 253 253 253 254
252 253 252 252 252 253 252 252 252 251 251 251 252 251 251 252 251 251 251 252 251 251 251 252 252 252 252 252 252 252 253 253 253 254 254 254 254 255 255 255 255 256 256 255 256 256 256 256 257 257 257 257 258 258 258 258 259 248 248 247 248 248 248 248 249 249 249 249 250 250 250 251 251 251 250 250 251 251 251 251 252 252 252 252 253 253 253 253 254 253 253 253 254 254
252 253 253 252 253 253 253 252 253 252 252 252 252 252 251 252 252 252 252 252 252 251 252 252 252 253 253 252 252 253 253 253 253 254 254 254 255 255 255 255 256 256 256 256 256 256 256 257 257 257 257 258 258 258 258 259 259 259 248 248 248 248 248 249 249 249 249 250 250 250 251 251 251 251 252 251 251 251 251 252 252 252 252 253 253 253 253 254 254 254 253 254 254 254
254 253 253 254 254 253 253 254 253 253 253 253 252 252 253 252 252 253 253 252 252 253 252 252 253 253 253 253 253 253 253 253 254 254 254 255 255 255 255 256 256 256 256 257 256 256 257 257 257 257 258 258 258 258 259 259 259 259 260 249 248 248 249 249 249 249 250 250 250 251 251 251 251 252 252 251 251 252 252 252 252 252 253 253 253 253 254 254 254 254 254 254 254 254
254 254 253 254 254 254 254 254 254 253 254 253 253 253 253 253 252 253 253 253 253 253 253 252 253 253 253 254 254 253 253 254 254 254 254 255 255 255 256 256 256 256 257 257 257 256 257 257 257 258 258 258 258 259 259 259 259 260 260 249 248 249 249 249 249 250 250 250 251 251 251 251 252 252 252 252 252 252 252 252 253 253 253 253 253 254 254 254 254 255 255 254 254 255
254 254 255 254 254 255 255 254 254 255 255 254 254 254 253 253 254 254 253 254 254 253 253 254 253 253 254 254 254 253 254 254 254 254 255 255 255 256 256 256 256 257 257 257 257 257 257 257 258 258 258 258 259 259 259 259 260 260 260 260 250 249 249 249 250 250 250 251 251 251 251 252 252 252 252 253 252 252 252 253 253 253 253 253 254 254 254 254 255 255 255 254 255 255
255 255 255 255 255 255 255 255 255 255 255 255 255 254 254 254 254 254 254 254 254 254 254 254 254 253 254 254 254 255 254 254 254 255 255 255 256 256 256 256 257 257 257 257 258 258 257 257 258 258 258 259 259 259 259 260 260 260 260 261 261 249 249 250 250 250 250 251 251 251 252 252 252 252 253 253 252 252 253 253 253 253 254 254 254 254 254 255 255 255 255 255 255 255
256 256 255 255 256 256 255 256 256 256 255 256 256 255 255 255 255 254 255 255 254 255 255 254 254 255 254 254 255 255 255 254 255 255 255 255 256 256 256 257 257 257 257 258 258 258 258 258 258 258 259 259 259 259 260 260 260 260 261 261 261 261 250 250 250 250 251 251 251 252 252 252 252 253 253 253 253 253 253 253 253 254 254 254 254 255 255 255 255 255 256 256 255 255
256 256 256 257 256 256 256 256 256 256 257 256 256 256 255 255 255 256 255 255 255 255 255 255 255 255 255 254 255 255 255 255 255 255 255 256 256 256 257 257 257 257 258 258 258 258 259 258 258 259 259 259 259 260 260 260 260 261 261 261 261 262 250 250 250 251 251 251 252 252 252 252 253 253 253 253 254 253 253 253 254 254 254 254 255 255 255 255 255 256 256 256 255 256
257 256 257 257 257 256 257 257 257 257 257 257 256 257 257 255 256 256 256 255 256 256 255 256 256 255 255 256 255 255 256 256 255 255 256 256 256 256 257 257 257 258 258 258 258 259 259 259 258 259 259 259 260 260 260 260 261 261 261 261 262 262 262 250 251 251 251 251 252 252 252 253 253 253 253 254 254 254 253 254 254 254 254 255 255 255 255 256 256 256 256 256 256 256
257 257 258 257 257 258 257 257 257 258 257 257 258 257 257 257 256 256 256 257 256 256 256 256 256 256 256 256 256 255 256 256 255 256 256 256 256 257 257 257 258 258 258 258 259 259 259 259 259 259 259 260 260 260 260 261 261 261 261 262 262 262 262 262 251 251 251 252 252 252 253 253 253 253 254 254 254 254 254 254 254 254 255 255 255 255 256 256 256 256 257 257 257 92
257 258 258 258 257 258 258 257 258 258 258 258 258 258 257 258 258 257 257 257 257 256 257 257 256 257 257 256 256 257 256 256 257 256 256 256 257 257 257 257 258 258 258 259 259 259 259 260 260 259 259 260 260 260 261 261 261 261 262 262 262 262 263 263 262 251 252 252 252 253 253 253 253 254 254 254 254 255 254 254 254 255 255 255 255 256 256 256 256 257 93 93 93 92
259 258 258 258 259 258 258 259 259 258 258 259 258 258 259 258 258 257 258 257 257 258 257 257 257 257 257 257 257 257 257 256 257 257 256 257 257 257 257 258 258 258 259 259 259 259 260 260 260 259 260 260 260 261 261 261 261 262 262 262 262 263 263 263 262 252 252 252 252 253 253 253 254 254 254 254 255 255 255 254 255 255 255 255 256 256 92 92 93 93 93 93 94 93
260 259 259 259 259 259 258 259 259 259 259 259 259 259 259 259 258 259 258 258 258 258 258 257 258 258 257 258 258 257 257 258 257 257 257 257 257 257 258 258 258 258 259 259 259 260 260 260 260 261 260 260 260 261 261 261 262 262 262 262 263 263 263 263 263 263 252 252 253 253 253 254 254 254 254 255 255 255 255 255 255 255 91 92 92 92 92 93 93 93 93 94 94 94
260 260 260 260 259 259 260 259 259 260 260 259 259 260 259 259 260 259 259 258 259 258 258 259 258 258 258 258 258 258 258 258 258 257 258 257 257 258 258 258 258 259 259 259 260 260 260 260 261 261 260 260 261 261 261 262 262 262 262 263 263 263 263 264 264 263 263 253 253 253 254 254 254 254 255 255 255 255 92 92 91 91 92 92 92 92 93 93 93 93 94 94 94 94
261 261 260 260 260 260 260 260 260 260 260 260 260 260 260 260 260 260 259 259 259 259 259 259 259 258 259 259 258 259 259 258 258 259 258 257 258 258 258 258 259 259 259 259 260 260 260 261 261 261 260 261 261 261 261 262 262 262 263 263 263 263 264 264 264 263 264 253 253 253 254 254 254 91 91 91 91 92 92 92 91 92 92 92 92 93 93 93 93 94 94 94 94 95
261 262 262 260 261 261 260 260 261 261 260 261 261 260 260 261 260 260 261 260 259 259 260 259 259 260 259 259 259 259 259 259 259 259 259 258 258 258 258 259 259 259 259 260 260 260 261 261 261 261 262 261 261 261 262 262 262 263 263 263 263 264 264 264 264 265 264 264 253 90 90 90 91 91 91 91 92 92 92 92 92 92 92 92 93 93 93 93 94 94 94 94 95 95
263 262 262 262 261 261 261 261 261 261 261 261 261 261 261 261 261 261 261 261 260 260 260 259 260 260 260 259 260 259 259 260 259 259 259 259 258 258 259 259 259 259 260 260 260 260 261 261 261 262 262 261 261 262 262 262 263 263 263 263 264 264 264 264 101 101 100 100 101 90 90 90 91 91 91 92 92 92 92 93 93 92 92 93 93 93 93 94 94 94 94 95 95 95
263 263 262 263 263 261 262 262 262 261 262 262 261 262 262 261 261 262 261 261 262 260 260 260 260 260 260 260 260 260 259 260 260 259 260 260 259 258 259 259 259 260 260 260 260 261 261 261 262 262 262 262 262 262 262 262 263 263 263 100 100 100 100 101 101 101 100 101 101 90 90 91 91 91 92 92 92 92 93 93 93 92 93 93 93 93 94 94 94 94 95 95 95 95
263 263 264 263 263 262 262 262 262 263 262 262 262 262 262 262 262 262 262 262 262 262 260 261 261 260 261 261 260 260 261 260 260 261 260 260 260 259 259 259 260 260 260 260 261 261 261 261 262 262 262 263 262 262 98 99 99 99 100 100 100 100 101 101 101 101 102 101 101 101 91 91 91 92 92 92 92 93 93 93 93 93 93 93 93 94 94 94 94 95 95 95 95 96
264 263 264 264 263 264 263 262 262 263 263 262 263 263 262 263 263 262 262 263 262 262 262 261 261 261 261 261 261 261 261 261 260 261 261 260 261 261 259 259 260 260 260 261 261 261 261 262 262 98 99 99 98 98 99 99 99 99 100 100 100 101 101 101 101 102 102 101 101 102 91 91 91 92 92 92 93 93 93 93 94 93 93 93 94 94 94 94 95 95 95 95 96 96
264 265 264 264 265 264 264 263 263 263 263 264 263 263 263 263 263 263 263 263 263 263 263 262 261 262 262 261 262 262 261 261 262 261 261 262 261 261 260 260 260 260 261 97 97 97 98 98 98 98 99 99 99 99 99 99 99 100 100 100 101 101 101 101 102 102 102 101 102 102 102 91 92 92 92 93 93 93 93 94 94 94 93 94 94 94 94 95 95 95 95 96 96 96
265 265 265 264 265 265 264 265 264 264 263 264 264 263 264 264 263 264 264 263 263 264 263 262 263 262 262 262 262 262 262 262 262 262 261 262 261 261 97 96 96 96 97 97 97 98 98 98 98 99 99 99 100 99 99 99 100 100 100 100 101 101 101 102 102 102 102 103 102 102 102 103 92 92 92 93 93 93 94 94 94 94 94 94 94 94 95 95 95 95 96 96 96 96
266 265 265 266 265 265 265 265 264 264 265 264 264 265 264 264 264 264 264 264 264 264 264 264 263 263 262 263 263 262 263 99 98 98 98 98 98 98 98 97 96 97 97 97 98 98 98 98 99 99 99 100 100 100 99 100 100 100 100 101 101 101 102 102 102 102 103 103 102 102 103 103 92 92 93 93 93 94 94 94 94 95 94 94 94 95 95 95 95 96 96 96 96 97
266 266 265 266 266 265 266 266 265 265 265 265 264 265 265 264 265 265 264 265 265 264 264 265 99 99 100 99 99 98 99 99 98 99 99 98 98 99 98 97 98 97 97 97 98 98 98 99 99 99 99 100 100 100 100 100 100 100 101 101 101 101 102 102 102 103 103 103 102 103 103 103 103 93 93 93 94 94 94 94 95 95 95 94 95 95 95 95 96 96 96 96 97 97
266 266 267 266 266 267 266 266 266 265 265 265 265 265 265 266 265 101 101 101 101 101 101 101 101 100 100 99 99 100 99 99 100 99 99 99 99 99 99 99 98 97 97 98 98 98 99 99 99 99 100 100 100 101 100 100 100 101 101 101 101 102 102 102 103 103 103 103 104 103 103 103 104 93 93 93 94 94 94 95 95 95 95 95 95 95 95 96 96 96 96 97 97 97
267 267 267 267 266 267 267 266 267 103 101 102 102 101 101 102 101 101 102 101 101 102 101 101 101 100 100 100 100 100 100 99 100 100 99 100 100 99 99 99 98 98 98 98 98 98 99 99 99 100 100 100 100 101 101 100 101 101 101 101 102 102 102 102 103 103 103 104 104 103 103 104 104 104 93 94 94 94 95 95 95 95 96 95 95 95 96 96 96 96 97 97 97 97
103 104 103 103 104 103 103 104 103 103 102 102 102 102 102 102 102 102 102 102 101 102 102 101 102 102 100 101 101 100 100 101 100 100 101 100 100 99 100 100 98 99 99 98 98 99 99 99 100 100 100 100 101 101 101 101 101 101 101 102 102 102 102 103 103 103 104 104 104 103 104 104 104 104 94 94 94 94 95 95 95 96 96 95 95 96 96 96 96 97 97 97 97 98
104 104 104 104 104 104 103 104 104 103 104 103 102 103 103 102 102 103 102 102 103 102 102 103 102 102 101 101 101 101 101 101 101 100 101 100 100 101 100 100 100 99 99 99 99 99 99 99 100 100 100 101 101 101 101 101 101 101 102 102 102 102 103 103 103 104 104 104 104 104 104 104 104 105 105 94 94 95 95 95 96 96 96 96 96 96 96 96 97 97 97 97 98 98
105 104 104 105 104 104 105 104 104 105 104 103 103 103 103 103 103 103 103 103 103 103 102 103 103 102 102 102 101 102 102 101 101 101 101 101 101 101 101 100 101 100 99 100 99 99 99 100 100 100 101 101 101 101 102 101 101 102 102 102 102 103 103 103 103 104 104 104 105 105 104 104 105 105 105 94 95 95 95 96 96 96 96 97 96 96 96 97 97 97 97 98 98 98
