testData/tiles/oneDegree/grid40.0-1.0-41.0-2.0.asc
ncols   200
nrows   200
xllcorner   40.0
yllcorner   1.0
cellsize   0.005
NODATA_value   -9999.0
[rows 0 to 41 of 200, columns 0 to 93 of 200]
219 220 219 219 219 219 219 219 218 218 219 218 218 218 217 217 217 216 217 217 216 216 216 215 215 215 214 214 214 212 212 212 211 211 210 209 209 209 207 207 206 206 207 208 208 209 210 210 211 212 212 213 214 214 215 216 169 170 171 171 172 173 173 174 175 175 176 177 177 178 179 179 180 181 181 182 183 183 184 185 185 186 187 187 188 188 189 190 190 191 192 192 193 194
219 220 219 219 219 218 219 219 219 218 218 219 218 218 218 217 217 217 216 217 217 216 216 216 215 215 215 214 213 213 212 212 212 211 210 210 209 208 208 207 206 207 207 208 209 209 210 211 211 212 213 213 214 215 215 216 170 170 171 172 172 173 173 174 175 175 176 177 177 178 179 179 180 181 181 182 183 183 184 185 185 186 187 187 188 189 189 190 191 191 192 193 193 194
219 219 220 219 219 219 219 219 219 218 218 219 218 218 218 217 217 217 216 216 217 216 216 216 215 215 214 213 213 213 212 212 212 211 210 210 209 208 208 207 206 207 207 208 209 209 210 211 211 212 213 213 214 215 215 216 170 170 171 172 172 173 174 174 175 176 176 177 178 178 179 180 180 181 182 182 183 184 184 185 186 186 187 188 188 189 189 190 191 191 192 193 193 194
219 219 220 219 219 219 219 219 219 218 218 219 218 218 218 217 217 217 216 216 216 215 216 216 214 214 214 213 213 213 212 212 212 210 210 210 209 208 208 206 206 207 207 208 209 209 210 211 211 212 213 213 214 215 215 216 170 170 171 172 172 173 174 174 175 176 176 177 178 178 179 180 180 181 182 182 183 184 184 185 186 186 187 188 188 189 190 190 191 192 192 193 194 194
219 219 220 219 219 219 219 219 219 218 218 218 218 218 218 217 217 217 217 216 216 216 215 215 215 214 214 214 213 213 213 212 212 211 210 210 210 208 208 207 206 207 208 208 209 210 210 211 212 212 213 214 214 215 216 216 170 171 171 172 173 173 174 175 175 176 177 177 178 179 179 180 181 181 182 183 183 184 185 185 186 187 187 188 188 189 190 190 191 192 192 193 194 194
231 219 220 220 219 219 219 219 219 219 218 218 219 218 218 218 217 217 217 216 216 216 215 215 215 214 214 214 213 213 213 212 211 211 210 210 209 208 208 207 206 207 208 208 209 210 210 211 212 212 213 214 214 215 216 216 170 171 171 172 173 173 174 175 175 176 177 177 178 179 179 180 181 181 182 183 183 184 185 185 186 187 187 188 189 189 190 191 191 192 193 193 194 195
231 230 219 220 219 219 219 219 219 219 218 218 218 218 218 218 217 217 217 216 216 216 215 215 215 214 214 214 213 213 213 212 211 211 210 210 209 208 208 207 206 207 208 208 209 210 210 211 212 212 213 214 214 215 216 216 170 171 171 172 173 173 174 175 175 176 177 177 178 179 179 180 181 181 182 183 183 184 185 185 186 187 187 188 189 189 190 191 191 192 193 193 194 195
231 230 230 220 219 219 219 219 219 219 218 218 218 218 218 218 217 217 217 216 216 216 215 215 215 214 214 214 213 213 213 212 211 211 211 210 209 209 207 207 207 207 208 209 209 210 211 211 212 213 213 214 215 215 216 217 170 171 172 172 173 174 174 175 176 176 177 178 178 179 180 180 181 182 182 183 184 184 185 186 186 187 188 188 189 190 190 191 192 192 193 194 194 195
231 230 230 231 219 219 219 218 219 219 218 218 218 218 218 218 218 217 217 217 216 216 216 215 215 215 214 214 214 213 213 212 211 211 211 209 209 209 207 207 207 207 208 209 209 210 211 211 212 213 213 214 215 215 216 217 170 171 172 172 173 174 174 175 176 176 177 178 178 179 180 180 181 182 182 183 184 184 185 186 186 187 188 188 189 190 190 191 192 192 193 194 194 195
232 231 230 230 231 219 219 219 219 219 219 218 218 218 217 218 218 217 217 217 216 216 216 215 215 215 214 214 214 213 212 212 211 211 211 209 209 209 207 207 207 207 208 209 209 210 211 211 212 213 213 214 215 215 216 217 170 171 172 172 173 174 174 175 176 176 177 178 178 179 180 181 181 182 183 183 184 185 185 186 187 187 188 189 189 190 191 191 192 193 193 194 194 195
233 232 230 230 231 230 219 219 218 219 219 218 218 218 217 218 218 217 217 217 216 216 216 215 215 215 214 214 214 212 212 212 211 211 210 209 209 208 207 207 207 207 208 209 210 210 211 212 212 213 214 214 215 216 216 217 171 171 172 173 173 174 175 175 176 177 177 178 179 179 180 181 181 182 183 183 184 185 185 186 187 187 188 189 189 190 191 191 192 193 193 194 195 195
234 233 231 230 231 230 230 219 218 219 219 218 218 218 217 217 218 217 217 217 216 216 216 215 215 215 214 214 213 213 212 212 212 211 210 210 209 208 208 206 207 208 208 209 210 210 211 212 212 213 214 214 215 216 216 170 171 171 172 173 173 174 175 175 176 177 177 178 179 179 180 181 181 182 183 183 184 185 185 186 187 187 188 189 189 190 191 191 192 193 193 194 195 195
235 234 232 231 230 230 230 230 218 218 219 218 218 218 217 217 217 218 217 217 217 216 216 216 215 215 215 213 213 213 212 212 212 210 210 210 209 208 208 206 207 208 208 209 210 210 211 212 212 213 214 214 215 216 216 170 171 171 172 173 173 174 175 175 176 177 177 178 179 179 180 181 181 182 183 183 184 185 186 186 187 188 188 189 190 190 191 192 192 193 194 194 195 196
235 235 233 232 231 230 230 230 230 218 219 219 218 218 218 217 217 217 216 217 217 216 216 216 215 215 214 213 213 213 212 212 212 210 210 210 208 208 208 206 207 208 208 209 210 210 211 212 212 213 214 214 215 216 216 170 171 172 172 173 174 174 175 176 176 177 178 178 179 180 180 181 182 182 183 184 184 185 186 186 187 188 188 189 190 190 191 192 192 193 194 194 195 196
236 237 236 233 232 232 230 230 230 229 218 219 218 218 218 217 217 217 216 216 216 216 216 216 214 214 214 213 213 213 212 212 211 210 210 210 208 208 208 206 207 208 208 209 210 211 211 212 213 213 214 215 215 216 217 170 171 172 172 173 174 174 175 176 176 177 178 178 179 180 180 181 182 182 183 184 184 185 186 186 187 188 188 189 190 190 191 192 192 193 194 194 195 196
237 238 237 235 233 232 231 230 230 229 229 219 218 218 218 217 217 217 216 216 216 215 215 215 214 214 214 213 213 213 212 212 211 210 210 210 209 208 207 207 207 208 209 209 210 211 211 212 213 213 214 215 215 216 217 170 171 172 172 173 174 174 175 176 176 177 178 178 179 180 180 181 182 182 183 184 184 185 186 186 187 188 188 189 190 190 191 192 193 193 194 195 195 196
238 237 238 236 235 233 232 231 230 229 229 229 218 218 218 217 217 217 216 216 216 215 215 215 214 214 214 214 213 213 213 211 211 211 210 209 209 208 207 207 207 208 209 209 210 211 211 212 213 213 214 215 215 216 217 170 171 172 172 173 174 174 175 176 176 177 178 178 179 180 180 181 182 183 183 184 185 185 186 187 187 188 189 189 190 191 191 192 193 193 194 195 195 196
239 238 238 237 236 235 232 232 231 229 229 229 218 218 218 217 217 217 216 216 216 216 215 215 215 214 214 214 213 213 213 211 211 211 210 209 209 208 207 207 207 208 209 209 210 211 211 212 213 213 214 215 215 216 217 170 171 172 172 173 174 175 175 176 177 177 178 179 179 180 181 181 182 183 183 184 185 185 186 187 187 188 189 189 190 191 191 192 193 193 194 195 195 196
240 239 239 237 237 236 233 233 232 230 229 229 228 218 218 218 217 217 217 216 216 216 215 215 215 214 214 214 213 213 212 211 211 211 209 209 209 207 207 207 207 208 209 209 210 211 211 212 213 213 214 215 215 216 217 171 171 172 173 173 174 175 175 176 177 177 178 179 179 180 181 181 182 183 183 184 185 185 186 187 187 188 189 189 190 191 191 192 193 193 194 195 195 196
241 240 239 238 237 236 234 234 233 231 229 229 229 228 218 218 217 217 217 216 216 216 215 215 215 214 214 214 213 212 212 211 211 211 209 209 209 207 207 207 207 208 209 209 210 211 211 212 213 214 214 215 216 216 217 171 171 172 173 173 174 175 175 176 177 177 178 179 179 180 181 181 182 183 183 184 185 185 186 187 187 188 189 189 190 191 191 192 193 194 194 195 196 196
241 241 240 239 238 237 236 234 234 233 231 229 229 228 228 218 217 217 217 216 216 216 215 215 215 214 214 214 212 212 212 211 211 210 209 209 208 207 207 207 207 208 209 210 210 211 212 212 213 214 214 215 216 216 217 171 171 172 173 173 174 175 175 176 177 177 178 179 179 180 181 181 182 183 183 184 185 185 186 187 188 188 189 190 190 191 192 192 193 194 194 195 196 196
242 241 241 240 239 238 237 235 234 234 232 231 229 228 228 228 217 217 217 216 216 216 215 215 215 214 214 213 212 212 212 211 211 210 209 209 208 208 206 207 208 208 209 210 210 211 212 212 213 214 214 215 216 216 170 171 171 172 173 173 174 175 175 176 177 177 178 179 179 180 181 181 182 183 184 184 185 186 186 187 188 188 189 190 190 191 192 192 193 194 194 195 196 196
244 242 241 241 240 239 238 236 235 235 233 232 230 228 228 228 227 216 217 216 216 216 215 215 215 214 213 213 212 212 212 211 210 210 210 209 208 208 206 207 208 208 209 210 210 211 212 212 213 214 214 215 216 216 170 171 171 172 173 173 174 175 175 176 177 177 178 179 180 180 181 182 182 183 184 184 185 186 186 187 188 188 189 190 190 191 192 192 193 194 194 195 196 196
244 243 242 241 241 240 239 237 236 235 234 233 231 229 228 228 227 216 216 215 216 216 215 214 214 213 213 213 212 212 212 212 210 210 210 208 208 208 206 207 208 208 209 210 210 211 212 212 213 214 214 215 216 216 170 171 171 172 173 173 174 175 175 176 177 178 178 179 180 180 181 182 182 183 184 184 185 186 186 187 188 188 189 190 190 191 192 192 193 194 194 195 196 196
244 243 243 242 240 241 240 238 237 236 235 234 233 230 229 228 227 227 216 215 215 215 214 214 214 213 213 213 213 212 212 211 210 210 210 208 208 207 206 207 208 208 209 210 210 211 212 212 213 214 214 215 216 216 170 171 171 172 173 174 174 175 176 176 177 178 178 179 180 180 181 182 182 183 184 184 185 186 186 187 188 188 189 190 190 191 192 192 193 194 194 195 196 197
245 244 243 243 241 241 240 239 238 237 235 235 234 231 230 228 227 227 227 215 215 215 214 214 214 214 213 213 213 212 211 211 210 210 209 208 208 207 206 207 208 208 209 210 210 211 212 212 213 214 214 215 216 216 170 171 172 172 173 174 174 175 176 176 177 178 178 179 180 180 181 182 182 183 184 184 185 186 186 187 188 188 189 190 190 191 192 192 193 194 195 195 196 197
245 245 244 243 242 241 241 239 238 238 236 235 235 232 231 230 227 227 227 226 215 215 215 214 214 214 213 213 213 211 211 211 210 210 209 208 208 207 206 207 208 208 209 210 210 211 212 212 213 214 214 215 216 216 170 171 172 172 173 174 174 175 176 176 177 178 178 179 180 180 181 182 182 183 184 184 185 186 186 187 188 188 189 190 190 191 192 193 193 194 195 195 196 197
246 244 245 244 242 242 242 240 239 238 236 235 234 233 232 231 228 227 227 226 215 215 215 214 214 214 213 213 212 211 211 211 210 209 209 208 207 207 206 207 208 208 209 210 210 211 212 212 213 214 214 215 216 217 170 171 172 172 173 174 174 175 176 176 177 178 178 179 180 180 181 182 182 183 184 184 185 186 186 187 188 188 189 190 191 191 192 193 193 194 195 195 196 197
246 245 245 245 243 242 241 241 240 239 237 236 235 233 233 232 229 228 227 227 226 215 215 214 214 214 213 212 212 211 211 211 210 209 209 208 207 207 206 207 208 208 209 210 210 211 212 212 213 214 214 215 216 217 170 171 172 172 173 174 174 175 176 176 177 178 178 179 180 180 181 182 182 183 184 184 185 186 186 187 188 188 189 190 191 191 192 193 193 194 195 195 196 197
247 245 245 245 243 243 242 240 241 240 238 237 236 234 233 233 230 229 227 227 226 226 215 214 214 214 212 212 212 211 211 211 209 209 209 207 207 207 206 207 208 208 209 210 210 211 212 212 213 214 215 215 216 217 170 171 172 172 173 174 174 175 176 176 177 178 178 179 180 180 181 182 182 183 184 184 185 186 186 187 188 189 189 190 191 191 192 193 193 194 195 195 196 197
247 246 245 246 244 243 243 241 241 240 239 238 237 235 234 233 230 230 229 227 226 226 226 214 213 213 212 212 212 211 211 210 209 209 209 207 207 206 206 207 208 208 209 210 210 211 212 212 213 214 215 215 216 170 170 171 172 172 173 174 174 175 176 176 177 178 178 179 180 180 181 182 182 183 184 184 185 186 186 187 188 189 189 190 191 191 192 193 193 194 195 195 196 197
248 246 246 245 245 244 243 242 241 241 239 238 238 236 235 234 231 230 229 227 225 225 225 213 213 213 212 212 212 211 211 210 209 209 208 207 207 206 206 207 208 208 209 210 210 211 212 212 213 214 215 215 216 170 170 171 172 172 173 174 174 175 176 176 177 178 178 179 180 180 181 182 182 183 184 184 185 186 186 187 188 189 189 190 191 191 192 193 193 194 195 195 196 197
248 247 246 246 245 244 244 242 241 241 240 239 238 236 235 234 232 231 230 228 226 225 225 224 213 213 212 212 212 211 210 210 209 209 208 207 206 206 206 207 208 208 209 210 210 211 212 212 213 214 215 215 216 170 170 171 172 172 173 174 174 175 176 176 177 178 178 179 180 180 181 182 182 183 184 184 185 186 186 187 188 189 189 190 191 191 192 193 193 194 195 195 196 197
249 247 247 246 245 245 244 243 242 241 240 240 239 237 236 235 233 232 231 229 227 225 225 224 224 213 212 212 212 210 210 210 209 208 208 207 206 206 206 207 208 208 209 210 210 211 212 212 213 214 215 215 216 170 170 171 172 172 173 174 174 175 176 176 177 178 178 179 180 180 181 182 182 183 184 184 185 186 186 187 188 189 189 190 191 191 192 193 193 194 195 195 196 197
248 248 247 247 245 246 245 243 243 242 240 239 240 238 237 236 234 233 232 230 228 226 225 224 224 213 212 212 211 210 210 210 208 208 208 206 206 206 206 207 208 208 209 210 210 211 212 212 213 214 214 215 216 170 170 171 172 172 173 174 174 175 176 176 177 178 178 179 180 180 181 182 182 183 184 184 185 186 186 187 188 188 189 190 191 191 192 193 193 194 195 195 196 197
249 248 248 247 246 245 245 244 243 242 241 240 239 238 237 236 235 233 232 230 229 227 226 224 224 224 212 211 211 210 210 210 208 208 208 206 206 206 206 207 208 208 209 210 210 211 212 212 213 214 214 215 216 170 170 171 172 172 173 174 174 175 176 176 177 178 178 179 180 180 181 182 182 183 184 184 185 186 186 187 188 188 189 190 191 191 192 193 193 194 195 195 196 197
249 248 248 248 246 246 245 244 244 243 241 240 240 238 238 237 235 234 233 231 230 228 227 224 224 223 211 211 211 210 210 209 208 208 207 206 206 206 206 207 208 208 209 210 210 211 212 212 213 214 214 215 216 169 170 171 172 172 173 174 174 175 176 176 177 178 178 179 180 180 181 182 182 183 184 184 185 186 186 187 188 188 189 190 190 191 192 193 193 194 195 195 196 197
250 248 249 248 247 246 245 244 244 243 242 241 240 238 238 237 236 235 234 232 231 229 227 224 223 223 222 211 211 210 209 209 208 208 207 206 205 206 206 207 208 208 209 210 210 211 212 212 213 214 214 215 169 169 170 171 172 172 173 174 174 175 176 176 177 178 178 179 180 180 181 182 182 183 184 184 185 186 186 187 188 188 189 190 190 191 192 192 193 194 195 195 196 197
250 249 248 249 247 246 246 244 245 244 242 242 241 239 238 237 236 235 234 231 230 229 227 225 224 222 222 222 211 210 209 209 208 207 207 206 205 206 206 207 208 208 209 210 210 211 212 212 213 214 214 215 169 169 170 171 171 172 173 174 174 175 176 176 177 178 178 179 180 180 181 182 182 183 184 184 185 186 186 187 188 188 189 190 190 191 192 192 193 194 194 195 196 197
251 249 249 248 248 247 246 245 244 244 243 242 241 240 239 238 236 235 234 232 231 230 228 226 225 222 222 222 210 209 209 209 208 207 207 205 205 206 206 207 208 208 209 210 210 211 212 212 213 214 214 215 169 169 170 171 171 172 173 173 174 175 175 176 177 178 178 179 180 180 181 182 182 183 184 184 185 186 186 187 188 188 189 190 190 191 192 192 193 194 194 195 196 196
251 250 249 248 248 247 247 245 245 244 243 243 242 240 239 239 237 236 235 233 232 231 228 227 226 223 222 222 220 209 209 208 207 207 207 205 205 206 206 207 208 208 209 210 210 211 212 212 213 214 214 215 169 169 170 171 171 172 173 173 174 175 175 176 177 177 178 179 180 180 181 182 182 183 184 184 185 186 186 187 188 188 189 190 190 191 192 192 193 194 194 195 196 196
250 250 249 249 247 248 247 246 245 244 243 243 242 241 240 239 237 236 236 234 233 231 229 228 227 224 222 221 220 209 209 207 207 207 205 205 205 206 206 207 208 208 209 210 210 211 212 212 213 214 214 215 169 169 170 171 171 172 173 173 174 175 175 176 177 177 178 179 179 180 181 181 182 183 184 184 185 186 186 187 188 188 189 190 190 191 192 192 193 194 194 195 196 196
