testData/tiles/oneDegree/grid30.0-37.0-31.0-38.0.asc
ncols   200
nrows   200
xllcorner   30.0
yllcorner   37.0
cellsize   0.005
NODATA_value   -9999.0
[rows 84 to 125 of 200, columns 0 to 93 of 200]
861 861 860 860 860 859 859 858 858 858 857 857 857 856 856 855 855 855 854 854 853 853 853 852 566 565 565 565 564 564 563 563 562 562 561 561 561 560 560 559 559 558 558 557 557 556 556 555 555 554 554 634 634 634 633 634 634 634 634 634 634 633 634 634 634 634 633 634 634 633 634 633 633 633 633 633 632 633 632 632 631 632 631 631 631 630 631 630 630 629 629 628 628 627
861 861 861 860 860 860 859 859 858 858 858 857 857 857 856 856 855 855 855 854 854 854 853 853 566 566 565 565 565 564 564 563 563 562 562 561 561 561 560 560 559 559 558 558 557 557 556 556 555 555 554 634 634 634 634 634 634 634 635 634 634 634 634 634 634 634 634 634 634 634 633 634 634 633 634 633 633 632 633 633 632 632 632 632 631 631 630 630 630 630 630 629 629 628
862 861 861 861 860 860 860 859 859 859 858 858 857 857 857 856 856 856 855 855 854 854 854 853 567 566 566 565 565 565 564 564 563 563 562 562 561 561 561 560 560 559 559 558 558 557 557 556 556 555 555 634 635 634 634 635 634 635 634 635 634 634 635 634 635 634 634 635 634 634 634 634 633 634 633 633 634 633 633 632 633 632 632 631 632 632 631 631 630 630 630 630 629 629
862 862 861 861 861 860 860 860 859 859 859 858 858 857 857 857 856 856 856 855 855 854 854 854 853 567 566 566 565 565 565 564 564 563 563 562 562 561 561 561 560 560 559 559 558 558 557 557 556 556 555 635 635 634 635 634 635 635 635 635 635 635 634 635 635 635 635 634 635 634 634 635 634 634 634 634 633 634 633 633 633 633 633 632 632 631 632 631 631 630 630 629 629 630
862 862 862 861 861 861 860 860 860 859 859 859 858 858 857 857 857 856 856 856 855 855 854 854 854 567 567 566 566 565 565 565 564 564 563 563 562 562 561 561 561 560 560 559 559 558 558 557 557 556 636 635 634 635 635 635 635 635 635 635 635 635 635 635 635 635 634 635 635 635 635 634 635 634 634 635 634 634 633 634 633 633 632 633 632 632 632 631 632 631 631 630 630 629
863 862 862 862 861 861 861 860 860 860 859 859 859 858 858 858 857 857 856 856 856 855 855 854 854 568 567 567 566 566 565 565 565 564 564 563 563 562 562 561 561 560 560 560 559 559 558 558 557 557 636 635 635 635 635 635 636 635 636 635 636 635 635 636 635 636 635 635 635 635 634 635 635 634 635 634 634 634 634 633 634 634 633 633 633 633 632 632 631 631 631 631 630 630
863 863 863 862 862 862 861 861 860 860 860 859 859 859 858 858 858 857 857 856 856 856 855 855 854 568 568 567 567 566 566 565 565 565 564 564 563 563 562 562 561 561 560 560 559 559 558 558 557 557 636 636 635 636 635 636 635 636 635 636 636 635 636 635 636 635 635 636 635 636 635 635 635 635 634 635 635 634 635 634 634 633 634 633 633 632 633 632 632 631 631 630 631 630
864 863 863 863 862 862 862 861 861 860 860 860 859 859 859 858 858 858 857 857 856 856 856 855 855 854 568 568 567 567 566 566 565 565 565 564 564 563 563 562 562 561 561 560 560 559 559 558 558 557 637 636 636 635 636 635 636 636 636 636 636 636 635 636 636 636 636 635 636 635 635 635 635 636 635 635 635 635 634 634 634 634 633 633 634 633 633 632 633 632 632 631 631 630
864 864 863 863 863 862 862 862 861 861 861 860 860 859 859 859 858 858 858 857 857 856 856 856 855 855 568 568 568 567 567 566 566 565 565 565 564 564 563 563 562 562 561 561 560 560 559 559 558 558 637 637 636 636 636 636 636 636 636 637 636 636 636 636 636 636 635 636 636 636 636 635 636 635 635 635 635 634 635 635 634 635 634 634 633 634 633 633 632 632 632 632 631 631
864 864 864 863 863 863 862 862 862 861 861 861 860 860 859 859 859 858 858 858 857 857 856 856 856 855 569 568 568 568 567 567 566 566 565 565 564 564 564 563 563 562 562 561 561 560 560 559 559 558 638 637 637 636 636 636 637 636 637 636 636 636 636 637 636 637 636 636 636 636 636 636 635 636 636 635 636 635 635 635 635 634 634 634 634 633 633 633 633 632 632 631 631 631
865 864 864 864 863 863 863 862 862 862 861 861 861 860 860 859 859 859 858 858 858 857 857 856 856 856 569 569 568 568 568 567 567 566 566 565 565 564 564 564 563 563 562 562 561 561 560 560 559 559 638 638 637 637 636 637 636 637 636 637 637 636 637 636 637 636 636 636 636 637 636 636 636 636 635 636 635 635 635 635 634 635 634 634 634 634 634 633 633 633 633 632 632 631
865 865 864 864 864 863 863 863 862 862 862 861 861 861 860 860 859 859 859 858 858 858 857 857 856 856 856 569 569 568 568 567 567 567 566 566 565 565 564 564 564 563 563 562 562 561 561 560 560 559 639 638 638 637 637 637 637 637 637 637 636 637 636 637 637 637 637 636 637 636 637 636 636 636 636 635 636 636 635 636 635 635 635 635 634 634 634 634 633 633 632 633 632 632
865 865 865 864 864 864 863 863 863 862 862 862 861 861 861 860 860 859 859 859 858 858 858 857 857 856 856 570 569 569 568 568 567 567 567 566 566 565 565 564 564 563 563 563 562 562 561 561 560 640 639 639 638 638 637 637 637 637 637 636 637 637 637 637 637 637 636 637 636 637 636 636 637 636 637 636 636 636 636 635 635 635 635 634 635 634 634 633 634 633 633 632 632 632
866 865 865 865 864 864 864 863 863 863 862 862 862 861 861 861 860 860 859 859 859 858 858 858 857 857 856 570 570 569 569 568 568 567 567 567 566 566 565 565 564 564 563 563 562 562 562 561 561 640 640 639 639 638 638 637 637 637 637 637 637 637 637 637 637 637 637 637 637 637 637 637 636 637 636 636 636 636 635 636 635 635 635 635 634 634 634 634 633 633 633 633 632 632
866 866 865 865 865 864 864 864 863 863 863 862 862 862 861 861 861 860 860 859 859 859 858 858 857 857 857 570 570 569 569 569 568 568 567 567 567 566 566 565 565 564 564 563 563 562 562 561 561 640 640 639 639 638 638 637 637 637 637 637 637 637 638 637 638 637 637 637 637 637 637 636 637 636 637 637 636 637 636 636 636 636 635 635 635 635 634 634 634 634 633 633 633 632
866 866 866 865 865 865 864 864 864 863 863 863 862 862 862 861 861 861 860 860 859 859 859 858 858 857 857 571 570 570 569 569 569 568 568 567 567 566 566 566 565 565 564 564 563 563 562 562 561 641 640 640 639 639 638 638 637 638 637 638 637 638 637 638 637 637 637 637 638 637 637 637 637 637 637 636 637 636 636 636 636 635 636 635 635 635 635 634 634 634 634 633 633 632
867 866 866 866 865 865 865 864 864 864 863 863 863 862 862 862 861 861 861 860 860 859 859 859 858 858 857 857 571 570 570 569 569 569 568 568 567 567 566 566 566 565 565 564 564 563 563 562 562 641 641 640 640 639 639 638 638 637 638 637 638 637 638 638 637 638 637 638 637 638 637 637 637 637 636 637 636 637 636 636 636 636 635 635 635 635 634 635 634 634 633 634 633 633
867 867 866 866 866 865 865 865 864 864 864 863 863 863 862 862 862 861 861 861 860 860 859 859 859 858 858 857 571 571 570 570 569 569 569 568 568 567 567 566 566 565 565 565 564 564 563 563 562 642 641 641 640 640 639 639 638 638 638 638 638 638 638 637 638 637 638 637 638 637 637 637 637 637 637 637 637 637 636 637 636 636 636 636 635 635 635 634 634 634 634 633 633 632
867 867 867 866 866 866 865 865 865 864 864 864 863 863 863 862 862 862 861 861 860 860 860 859 859 859 858 858 571 571 571 570 570 569 569 568 568 568 567 567 566 566 565 565 564 564 564 563 563 642 642 641 641 640 640 639 639 638 638 638 638 638 637 638 637 638 637 638 638 637 638 637 638 637 637 637 637 637 637 636 637 636 636 635 636 635 635 635 635 634 633 634 633 633
868 867 867 867 866 866 866 865 865 865 864 864 864 863 863 863 862 862 862 861 861 860 860 860 859 859 859 858 572 571 571 571 570 570 569 569 568 568 568 567 567 566 566 565 565 564 564 563 563 643 642 642 641 641 640 640 639 639 638 637 638 638 638 638 638 638 638 638 637 638 637 638 637 638 637 637 637 637 636 637 636 636 636 636 635 636 635 635 634 635 634 634 633 633
868 868 867 867 867 866 866 866 865 865 865 864 864 864 863 863 863 862 862 862 861 861 860 860 860 859 859 859 572 572 571 571 570 570 570 569 569 568 568 568 567 567 566 566 565 565 564 564 563 643 642 642 641 641 640 640 639 639 638 638 638 638 638 638 638 638 638 638 638 637 638 637 638 637 637 637 637 636 637 636 637 636 636 635 636 635 635 635 635 634 634 634 634 633
868 868 868 867 867 867 866 866 866 865 865 865 864 864 864 863 863 863 862 862 862 861 861 860 860 860 859 859 572 572 572 571 571 570 570 570 569 569 568 568 567 567 567 566 566 565 565 564 564 643 643 642 642 641 641 640 640 639 639 638 638 638 638 638 638 638 639 638 638 638 638 638 638 637 638 637 638 637 637 637 637 636 637 636 635 636 635 635 634 635 634 634 633 634
869 868 868 868 867 867 867 866 866 866 865 865 865 864 864 864 863 863 863 862 862 862 861 861 860 860 860 859 859 572 572 572 571 571 570 570 570 569 569 568 568 567 567 566 566 566 565 565 644 644 643 643 642 642 641 641 640 640 639 639 638 639 638 639 638 638 638 638 638 638 638 638 637 638 637 638 637 637 637 637 636 637 636 636 636 636 635 635 635 634 635 634 634 633
869 869 868 868 868 867 867 867 866 866 866 865 865 865 864 864 864 863 863 863 862 862 861 861 861 860 860 860 859 573 572 572 572 571 571 570 570 569 569 569 568 568 567 567 566 566 565 565 645 644 644 643 643 642 642 641 641 640 640 639 639 638 639 638 638 638 638 638 638 638 638 637 638 637 638 637 637 637 637 637 637 636 637 636 636 636 636 635 635 635 634 634 634 634
869 869 869 868 868 868 867 867 867 866 866 866 865 865 865 864 864 864 863 863 863 862 862 861 861 861 860 860 860 573 573 572 572 571 571 571 570 570 569 569 569 568 568 567 567 566 566 565 645 644 644 644 643 643 642 642 641 641 640 640 639 638 638 638 638 638 638 638 639 638 638 638 638 638 637 638 637 637 637 637 636 637 636 636 636 636 635 636 635 635 635 634 634 633
870 869 869 869 868 868 868 867 867 867 866 866 866 865 865 865 864 864 864 863 863 863 862 862 861 861 861 860 860 573 573 573 572 572 571 571 571 570 570 569 569 568 568 568 567 567 566 566 645 645 644 644 643 643 642 642 641 641 640 640 639 639 638 639 638 639 638 639 638 638 638 638 638 638 638 638 637 638 637 637 637 636 637 636 636 636 636 635 635 635 635 634 634 634
870 870 869 869 869 868 868 868 867 867 867 866 866 866 865 865 865 864 864 864 863 863 862 862 862 861 861 861 860 574 573 573 573 572 572 571 571 571 570 570 569 569 568 568 567 567 567 566 646 645 645 644 644 643 643 642 642 641 641 640 640 639 639 638 639 638 639 638 638 638 638 638 638 638 638 637 638 637 638 637 637 637 637 636 636 636 635 636 635 635 634 635 634 633
870 870 870 869 869 869 868 868 868 867 867 867 866 866 866 865 865 865 864 864 864 863 863 862 862 862 861 861 861 574 574 573 573 573 572 572 571 571 570 570 570 569 569 568 568 567 567 566 646 646 645 645 644 644 643 643 642 642 641 641 640 640 639 639 638 639 638 638 638 638 638 638 638 638 637 638 637 638 637 637 637 637 636 637 636 635 636 635 635 635 635 634 635 634
871 870 870 870 869 869 869 868 868 868 867 867 867 866 866 866 865 865 865 864 864 864 863 863 862 862 862 861 861 860 574 574 573 573 572 572 572 571 571 570 570 570 569 569 568 568 567 567 646 646 645 645 645 644 644 643 643 642 642 641 641 640 640 639 638 639 638 639 638 639 638 639 638 637 638 637 638 637 637 637 637 637 637 636 637 636 635 636 635 635 634 635 634 633
871 871 870 870 870 869 869 869 868 868 868 867 867 867 866 866 866 865 865 865 864 864 863 863 863 862 862 862 861 861 574 574 574 573 573 572 572 572 571 571 570 570 569 569 569 568 568 567 647 646 646 645 645 644 644 643 643 642 642 641 641 640 640 639 639 638 639 638 639 638 639 638 638 638 638 638 638 637 637 637 637 637 636 637 636 636 636 635 635 635 635 634 634 634
871 871 871 870 870 870 869 869 869 868 868 868 867 867 867 866 866 866 865 865 865 864 864 863 863 863 862 862 862 861 575 574 574 574 573 573 572 572 571 571 571 570 570 569 569 568 568 568 647 647 646 646 645 645 644 644 643 643 642 642 641 641 640 640 639 639 638 639 638 639 638 638 638 638 638 638 637 638 637 637 637 636 637 636 636 636 636 635 635 635 634 635 634 634
872 871 871 871 870 870 870 869 869 869 868 868 868 867 867 867 866 866 866 865 865 864 864 864 863 863 863 862 862 861 575 575 574 574 573 573 573 572 572 571 571 571 570 570 569 569 568 568 647 647 647 646 646 645 645 644 644 643 643 642 642 641 641 640 640 639 639 638 638 638 638 638 638 638 638 637 638 637 638 637 637 637 636 637 636 636 636 636 635 635 635 634 634 634
872 871 871 871 871 870 870 870 869 869 869 868 868 868 867 867 867 866 866 865 865 865 864 864 864 863 863 863 862 862 575 575 575 574 574 573 573 573 572 572 571 571 570 570 570 569 569 568 648 647 647 646 646 645 645 645 644 644 643 643 642 642 641 640 640 639 639 638 639 638 638 638 638 638 637 638 637 638 637 637 637 637 637 636 636 636 636 635 636 635 634 635 634 634
872 872 871 871 871 871 870 870 870 869 869 869 868 868 868 867 867 866 866 866 865 865 865 864 864 864 863 863 862 862 576 575 575 575 574 574 573 573 572 572 572 571 571 570 570 569 569 569 648 648 647 647 646 646 645 645 644 644 643 643 642 642 641 641 640 640 639 639 638 639 638 639 638 638 638 637 638 637 637 637 637 637 637 636 636 636 635 636 635 635 635 634 634 634
872 872 872 871 871 871 870 870 870 870 869 869 869 868 868 867 867 867 866 866 866 865 865 865 864 864 864 863 863 862 862 576 575 575 574 574 574 573 573 572 572 572 571 571 570 570 569 569 648 648 648 647 647 646 646 645 645 644 644 643 643 642 642 641 641 640 640 639 639 638 638 638 638 638 638 638 637 637 637 637 637 637 636 637 636 636 636 635 636 635 634 634 634 634
873 872 872 872 871 871 871 870 870 870 869 869 869 868 868 868 867 867 867 866 866 866 865 865 865 864 864 863 863 863 862 576 576 575 575 574 574 574 573 573 572 572 571 571 571 570 570 649 649 648 648 647 647 646 646 646 645 645 644 644 643 643 642 642 641 641 640 639 639 638 638 638 638 638 638 638 637 637 637 637 637 636 637 636 637 636 635 636 635 635 635 634 634 634
873 873 872 872 872 871 871 871 870 870 870 869 869 869 868 868 868 867 867 867 866 866 866 865 865 865 864 864 863 863 863 576 576 575 575 575 574 574 573 573 573 572 572 571 571 570 570 650 649 649 648 648 647 647 646 646 645 645 644 644 643 643 642 642 641 641 640 640 639 639 638 638 638 638 638 637 638 637 638 637 636 637 636 637 636 635 636 635 635 635 635 634 634 634
873 873 873 872 872 872 871 871 871 870 870 870 869 869 869 868 868 868 867 867 867 866 866 866 865 865 864 864 864 863 863 577 576 576 575 575 575 574 574 573 573 572 572 572 571 571 570 650 649 649 649 648 648 647 647 646 646 645 645 644 644 643 643 642 642 641 641 640 640 639 639 638 637 638 637 638 637 638 637 637 637 636 637 636 636 636 635 635 635 635 634 634 634 633
873 873 873 873 872 872 872 871 871 871 870 870 870 869 869 869 868 868 868 867 867 867 866 866 865 865 865 864 864 864 863 577 576 576 576 575 575 574 574 574 573 573 572 572 572 571 571 650 650 649 649 648 648 647 647 647 646 646 645 645 644 644 643 643 642 642 641 641 640 639 639 638 638 637 638 637 638 637 637 637 636 637 636 636 636 636 635 635 635 635 635 634 634 634
874 873 873 873 873 872 872 872 871 871 871 870 870 870 869 869 869 868 868 868 867 867 866 866 866 865 865 865 864 864 864 577 577 576 576 576 575 575 574 574 574 573 573 572 572 571 571 651 650 650 649 649 648 648 647 647 646 646 645 645 644 644 643 643 642 642 641 641 640 640 639 639 638 638 637 638 637 637 637 637 637 636 636 636 636 636 636 635 635 635 634 634 634 633
874 874 873 873 873 872 872 872 872 871 871 871 870 870 870 869 869 869 868 868 867 867 867 866 866 866 865 865 865 864 864 577 577 577 576 576 575 575 575 574 574 573 573 573 572 572 571 651 650 650 650 649 649 648 648 647 647 646 646 645 645 644 644 643 643 642 642 641 641 640 640 639 639 638 637 637 637 637 637 637 637 636 636 636 636 636 635 635 635 634 635 634 633 634
890 874 874 873 873 873 872 872 872 871 871 871 870 870 870 869 869 869 868 868 868 867 867 867 866 866 866 865 865 864 864 578 577 577 577 576 576 575 575 575 574 574 573 573 572 572 572 651 651 650 650 649 649 648 648 648 647 647 646 646 645 645 644 644 643 643 642 642 641 641 640 639 639 638 638 637 637 637 637 637 636 637 636 636 636 635 636 635 634 635 634 633 634 633
