testData/tiles/oneDegree/grid14.0-15.0-15.0-16.0.asc
ncols   200
nrows   200
xllcorner   14.0
yllcorner   15.0
cellsize   0.005
NODATA_value   -9999.0
[rows 0 to 41 of 200, columns 94 to 187 of 200]
599 599 601 600 600 602 603 603 604 605 605 606 606 607 609 609 609 611 611 611 611 611 613 613 614 614 614 768 769 769 769 769 771 772 772 772 771 772 772 772 772 774 774 775 775 775 775 775 775 774 774 774 776 776 776 777 777 777 777 777 777 776 776 776 777 777 777 777 777 776 776 775 774 774 774 774 774 774 774 774 773 773 773 773 772 772 771 771 771 769 769 769 769 768
600 601 602 602 602 604 604 605 605 606 607 607 607 610 610 610 611 612 612 613 613 612 614 615 615 615 768 769 770 770 770 772 772 772 773 774 773 773 773 773 774 775 775 776 776 776 776 777 777 776 776 776 777 777 777 777 777 777 777 777 777 776 777 777 778 777 777 777 777 777 777 776 776 776 775 775 775 776 776 776 776 774 774 774 773 773 772 772 772 771 770 770 770 769
601 602 603 604 603 604 606 606 606 607 608 608 609 610 611 612 612 612 614 614 614 615 615 616 616 770 770 770 770 772 773 773 773 774 774 775 774 774 775 775 776 776 776 776 778 778 778 778 778 777 777 778 778 779 779 779 779 779 779 779 779 778 778 779 779 779 779 779 778 778 778 777 777 777 777 777 777 777 777 777 777 776 776 774 774 774 774 774 773 772 772 772 770 771
603 603 604 605 604 606 607 607 608 608 609 610 611 611 613 613 613 614 614 615 616 617 616 617 771 771 771 772 772 772 774 775 775 775 775 776 776 776 776 776 777 778 778 778 778 778 779 780 780 780 780 780 780 780 780 780 780 780 780 780 780 779 780 780 780 780 780 780 780 780 780 780 779 779 778 778 779 779 779 779 778 776 776 776 776 776 775 775 775 774 772 772 773 773
604 605 605 606 607 607 607 609 609 609 610 611 612 613 613 614 615 615 615 617 617 618 618 771 771 773 773 773 773 774 775 776 776 777 777 777 777 776 778 779 779 779 779 779 780 780 780 780 780 781 781 781 781 782 782 782 782 782 782 782 782 781 782 782 782 782 782 782 781 781 781 781 780 780 780 780 781 780 779 779 779 778 778 777 777 777 777 777 776 775 774 774 774 774
605 606 606 607 609 608 609 610 610 611 611 613 614 614 615 615 616 617 617 617 618 773 772 772 773 773 774 774 775 775 776 777 778 778 778 778 779 778 778 780 780 781 781 781 781 781 781 781 782 782 782 783 783 783 783 783 783 783 783 783 783 782 783 783 783 783 783 783 783 783 783 783 782 781 781 782 781 781 781 781 780 779 779 779 779 778 778 778 777 777 775 775 776 775
606 607 608 608 610 610 610 610 612 612 613 613 615 616 616 616 618 618 618 619 772 774 773 774 774 774 775 776 776 776 778 778 778 779 780 780 780 779 780 781 781 782 782 782 783 783 783 783 783 783 783 783 783 784 784 785 785 785 785 785 785 785 785 785 785 785 785 785 784 784 784 784 782 782 782 782 783 782 782 782 782 781 781 780 780 780 779 778 778 778 777 776 777 777
607 609 609 609 610 611 611 612 612 614 614 614 616 617 617 618 618 619 620 773 773 775 775 775 775 776 776 776 778 778 779 779 780 780 781 781 782 781 781 781 782 783 783 784 784 784 784 784 785 785 785 785 785 785 785 785 785 785 785 785 785 785 785 785 785 785 785 785 785 785 785 785 784 783 783 783 784 784 784 784 783 782 782 782 781 780 780 780 780 779 778 778 779 777
608 609 610 611 611 611 613 613 614 615 615 616 616 618 619 619 619 620 774 774 775 776 776 777 777 777 777 778 778 779 781 781 781 781 782 782 783 783 782 783 784 784 784 784 785 786 786 786 786 786 785 786 786 787 787 787 787 787 787 787 787 787 786 787 787 787 787 787 786 786 786 786 785 785 785 785 785 785 785 785 785 785 782 782 782 782 782 781 781 781 780 778 778 779
610 610 611 612 612 613 614 614 615 615 617 617 617 619 620 620 621 774 774 776 776 776 778 777 778 779 779 779 779 780 781 782 783 783 783 783 783 785 784 784 784 785 786 786 786 786 786 786 788 788 788 787 788 788 788 788 788 788 788 788 788 788 787 787 788 788 788 788 788 788 788 788 787 786 786 786 786 787 787 785 785 785 784 784 783 783 783 783 783 782 780 780 779 779
611 611 612 613 614 614 614 616 616 617 617 618 619 619 620 622 775 775 776 776 777 778 779 778 779 780 780 781 781 781 781 783 784 784 784 785 785 785 784 786 786 787 787 787 787 788 788 788 788 788 788 788 789 790 790 790 790 790 790 790 790 790 789 789 790 790 790 790 789 789 789 789 789 788 788 788 786 786 787 787 787 787 785 785 785 785 784 784 783 783 781 781 781 781
612 613 613 614 615 615 615 616 618 618 618 619 620 620 621 775 776 777 777 777 778 779 779 780 780 780 782 782 782 783 783 783 784 786 786 786 786 787 786 786 786 787 789 789 789 789 789 789 790 790 790 789 789 790 790 790 791 791 791 791 791 791 790 790 790 790 791 791 791 791 791 790 790 788 788 788 788 788 788 787 788 788 787 787 786 786 785 785 784 784 784 783 782 782
613 614 615 615 615 617 616 616 619 619 620 620 621 622 775 775 777 778 778 779 779 779 781 780 781 782 782 782 784 784 784 785 785 785 787 788 788 788 787 787 788 788 788 789 790 791 791 791 791 791 791 790 790 791 791 792 792 792 792 792 792 792 791 791 791 791 791 792 791 791 791 791 791 790 790 790 789 789 789 789 789 789 788 788 787 787 786 786 786 786 785 784 784 782
613 614 616 616 617 618 617 618 618 621 621 621 622 776 776 777 777 779 780 780 781 781 781 783 782 783 783 784 784 785 786 786 786 786 787 788 789 789 789 789 789 789 790 790 790 791 792 792 793 793 793 792 792 792 792 792 793 793 793 793 793 793 793 792 792 792 792 792 792 793 793 793 793 791 791 791 791 791 791 790 790 789 788 788 788 788 788 787 787 787 787 784 784 784
614 615 617 618 618 618 619 619 620 620 622 623 776 776 778 778 779 779 780 782 782 782 783 783 783 784 784 785 785 786 787 787 788 788 788 788 790 790 790 790 791 791 791 791 791 792 793 793 793 794 794 793 793 794 794 794 794 794 795 795 795 795 795 794 794 794 794 794 793 793 793 794 794 793 793 793 792 792 791 791 791 790 789 789 789 788 789 789 789 787 787 786 785 785
616 616 616 619 619 620 620 620 621 621 622 777 777 778 778 779 780 780 781 782 783 784 784 784 784 784 785 786 787 787 787 788 789 789 790 790 790 790 792 791 792 792 792 793 793 793 793 793 794 795 795 794 794 794 795 795 795 795 795 795 796 796 796 795 795 795 795 795 795 795 795 795 794 793 793 793 793 793 792 792 792 792 791 790 790 790 790 788 789 789 788 787 787 787
617 617 618 618 620 621 621 621 622 623 776 776 779 779 779 780 781 782 782 782 783 785 785 786 785 785 786 787 787 788 789 789 789 790 791 791 792 792 792 792 793 793 793 794 794 795 795 795 795 795 796 796 795 796 796 796 796 796 796 796 796 796 797 796 796 796 796 796 795 795 795 795 795 794 794 795 794 794 794 794 794 793 793 792 791 790 790 790 789 789 789 789 788 787
617 619 619 619 620 621 623 622 622 777 777 778 778 779 781 781 782 782 783 784 784 784 785 787 786 787 787 787 788 789 789 790 791 791 791 792 793 793 794 793 793 794 794 795 795 795 796 796 796 797 797 797 797 797 797 797 797 797 797 797 797 797 797 796 797 797 797 797 797 797 797 797 796 795 795 795 795 795 795 795 795 794 794 792 792 792 791 791 791 791 790 788 788 787
618 619 620 621 621 622 623 622 777 777 779 779 779 780 781 781 783 783 784 785 785 786 786 786 788 788 788 789 789 789 791 791 791 792 793 793 793 794 795 794 794 795 795 795 796 796 797 797 797 798 798 798 797 798 798 799 799 799 799 799 799 799 799 798 798 798 798 799 798 798 798 798 798 797 797 796 796 796 795 795 794 795 795 794 793 793 793 793 792 791 791 789 789 789
619 619 621 622 622 623 623 777 777 777 779 780 781 781 781 783 783 784 785 785 787 787 787 788 788 787 790 790 790 791 791 791 793 793 793 794 795 795 795 795 796 796 796 797 797 797 798 798 798 799 799 799 798 798 798 799 799 800 800 800 800 800 800 799 799 799 799 799 799 799 800 800 798 798 797 797 797 797 796 796 796 796 795 794 794 795 794 793 793 792 792 791 790 790
620 620 621 621 624 624 778 778 778 779 779 780 782 782 783 783 785 785 785 786 787 788 789 789 789 789 789 791 791 792 793 793 793 793 795 795 795 796 797 796 796 797 797 798 798 798 799 799 799 800 800 800 799 800 800 800 800 800 800 800 801 801 801 800 800 800 800 800 799 799 799 799 799 800 799 798 798 798 798 798 797 797 797 796 794 794 794 793 794 794 794 792 792 791
620 622 622 623 623 777 779 779 779 780 780 781 781 783 784 784 785 785 787 787 787 788 789 790 791 790 791 791 791 793 793 794 795 795 795 795 797 797 797 797 797 798 798 798 799 799 799 800 800 801 801 802 801 801 801 801 801 801 801 801 801 801 801 802 801 801 801 801 801 801 801 801 800 800 799 799 799 799 799 799 798 798 797 796 796 795 795 795 795 794 794 793 791 792
621 622 623 624 777 778 779 780 780 780 782 782 783 783 784 785 786 787 787 788 789 789 789 790 791 792 792 792 793 793 793 795 795 795 797 797 797 797 798 799 798 798 799 799 800 800 801 801 801 801 801 802 801 802 803 803 803 803 803 803 803 803 803 803 802 802 802 803 802 802 802 802 802 802 801 800 799 799 799 798 798 799 799 797 797 797 797 796 795 795 794 794 793 792
622 622 623 778 778 779 779 781 780 781 781 783 784 784 785 786 786 787 787 789 790 790 791 791 792 791 792 794 794 794 795 795 795 797 797 797 798 799 799 799 799 800 800 800 801 801 801 802 802 802 803 803 802 802 802 802 802 802 804 804 804 804 804 804 803 803 803 803 803 802 802 802 802 802 801 801 801 800 800 800 800 799 799 798 798 798 797 797 796 796 796 795 794 794
623 623 777 777 779 780 781 781 781 782 782 783 784 786 786 786 787 788 789 789 789 791 792 793 793 792 793 793 794 795 796 796 797 797 797 799 799 799 800 800 800 800 801 801 801 802 802 803 803 803 804 804 804 804 804 804 804 804 804 804 804 804 805 805 804 804 804 804 803 803 803 803 803 803 801 802 802 802 802 801 801 801 800 798 798 798 797 797 797 796 797 797 794 794
622 778 778 779 779 780 781 781 782 783 784 784 784 786 786 787 788 788 790 790 791 791 791 793 794 794 794 794 795 795 796 797 797 798 799 799 799 801 801 801 800 801 801 802 802 803 803 803 803 804 805 805 805 804 805 805 805 805 805 805 805 805 805 805 804 804 805 805 805 805 805 804 804 804 803 803 802 802 801 802 801 801 801 800 799 799 799 798 798 798 796 796 795 794
623 777 778 780 780 781 782 783 782 782 784 785 786 786 787 788 788 789 789 791 792 792 793 793 794 794 794 796 796 796 797 797 798 799 799 799 800 801 801 802 802 802 802 803 803 803 803 805 805 805 805 805 805 804 805 806 806 806 807 807 807 807 807 807 806 806 806 805 805 805 806 806 805 805 803 803 803 803 802 802 802 802 801 801 800 800 800 799 798 798 798 797 796 796
778 778 779 780 780 781 782 784 784 784 784 786 786 786 788 788 790 790 790 791 791 793 794 795 795 795 795 796 796 797 797 798 799 799 800 801 801 801 802 802 802 803 803 803 804 805 805 805 805 805 806 807 807 806 806 806 806 806 806 806 806 806 807 807 806 806 806 806 806 806 806 805 805 805 804 805 804 804 804 804 803 803 803 801 800 800 799 799 799 798 798 799 797 796
777 778 780 780 782 782 783 783 785 785 785 786 786 788 788 789 789 790 792 792 793 793 793 795 795 797 796 796 797 798 798 799 799 800 801 801 802 803 803 803 803 803 803 804 805 805 805 805 807 807 807 807 807 806 807 808 808 808 808 808 808 808 808 808 807 807 807 807 807 807 807 807 807 806 805 805 805 805 804 803 803 803 803 803 802 801 801 801 800 800 798 798 797 796
778 779 780 781 781 782 784 784 785 784 786 786 788 788 789 790 790 791 791 792 794 794 795 795 796 797 796 797 797 798 799 800 801 801 801 802 802 802 804 804 804 804 805 805 805 805 806 806 807 807 808 808 808 807 808 808 808 808 808 809 809 809 809 809 808 808 808 808 808 808 808 807 808 807 807 805 805 805 805 804 804 804 804 803 802 802 801 801 801 800 800 799 798 798
778 780 780 782 782 783 783 785 786 785 786 787 788 788 789 789 791 792 792 793 793 795 795 795 797 797 797 798 798 799 799 800 800 801 803 803 803 804 804 804 804 804 805 806 807 807 807 807 808 808 808 808 808 808 809 809 809 809 809 809 809 809 809 809 809 809 809 808 808 808 808 808 808 807 807 806 806 805 806 806 806 805 805 805 802 802 802 801 801 801 800 800 798 797
780 780 780 781 783 784 784 785 786 786 786 788 789 789 790 790 791 792 793 794 794 795 795 797 797 798 797 797 799 800 800 801 801 802 802 802 804 805 805 806 805 805 806 806 806 806 807 809 809 809 809 810 810 809 809 809 809 809 810 810 810 810 810 810 809 809 809 809 809 809 809 809 809 809 809 807 807 807 807 806 805 805 804 804 804 803 803 803 802 802 801 800 799 798
780 780 782 782 783 784 785 785 786 787 787 788 788 789 790 792 792 792 793 794 795 795 796 797 798 799 798 799 799 799 800 801 803 803 803 804 804 804 805 806 806 807 807 807 808 808 808 808 809 809 809 809 810 810 811 811 811 811 811 811 811 811 811 812 812 811 811 810 810 810 810 810 810 809 808 807 808 807 807 807 806 806 806 805 804 804 803 803 802 801 801 801 800 800
780 780 781 782 784 784 785 786 787 786 787 789 789 790 790 791 792 793 793 795 795 796 797 797 798 798 798 800 800 801 801 802 802 802 804 804 805 806 806 806 807 806 806 808 808 808 810 810 810 810 810 811 811 810 810 810 810 811 811 811 811 811 811 811 811 810 810 810 810 811 810 810 810 810 810 808 808 808 807 807 807 806 806 807 804 804 804 803 803 803 802 802 800 799
780 782 782 783 784 784 785 785 788 787 788 788 790 790 791 792 792 794 794 795 795 796 796 799 799 799 799 799 800 801 801 802 803 804 804 804 806 806 806 807 807 807 808 808 808 809 809 809 810 811 811 812 812 811 812 812 812 812 812 812 812 812 812 813 813 812 812 811 811 811 811 811 810 810 810 810 809 809 809 807 807 807 806 806 805 804 804 804 803 803 802 802 801 800
780 782 782 783 784 786 786 787 787 788 788 788 790 790 792 792 793 793 794 796 797 797 797 798 798 800 799 800 801 801 802 803 804 804 804 805 805 806 807 807 809 808 808 808 809 809 810 811 811 811 811 812 812 811 812 812 812 813 813 813 813 813 813 813 813 812 812 812 812 813 812 812 812 811 810 809 809 808 808 808 808 807 807 807 806 806 805 804 804 803 803 802 802 801
780 782 782 784 784 785 785 787 788 788 788 790 790 791 791 791 794 794 795 795 796 797 798 798 800 800 799 801 801 802 802 802 803 804 806 806 806 807 807 808 808 807 809 809 810 810 811 811 811 812 812 812 813 813 812 813 813 813 813 813 813 813 813 814 814 813 812 812 812 812 812 812 811 811 811 809 810 810 810 809 809 809 808 807 805 805 805 804 804 803 803 804 803 801
782 782 783 783 785 786 786 787 788 789 788 789 790 792 792 793 793 795 795 796 796 797 798 799 800 800 800 800 800 803 803 804 804 805 805 805 806 807 809 809 809 809 809 809 810 810 810 811 812 813 813 813 814 814 813 813 813 813 814 814 814 814 814 814 814 813 813 813 813 812 813 813 813 812 812 811 811 810 809 809 808 808 808 807 807 806 806 806 805 805 803 803 802 801
781 782 783 784 785 786 787 787 788 788 790 790 790 791 792 793 793 795 795 797 797 798 798 799 799 801 802 801 802 802 803 803 804 805 806 807 807 807 808 808 809 809 809 811 811 811 812 812 812 812 813 813 813 814 813 814 814 815 815 815 815 815 815 815 815 815 814 814 814 814 813 812 812 812 812 810 810 811 810 810 810 809 809 808 807 807 805 805 804 804 804 803 803 802
782 782 783 784 785 785 786 788 789 789 789 790 791 791 793 793 795 795 795 796 796 798 799 800 800 801 801 802 802 802 803 804 805 805 806 807 807 808 808 810 810 809 810 810 810 812 812 812 813 814 814 814 815 815 814 814 814 814 814 814 815 815 815 815 815 814 814 814 814 813 813 813 814 813 813 812 811 811 811 810 810 810 808 808 806 806 807 806 806 805 805 804 803 802
782 783 783 784 785 786 787 787 789 789 789 789 791 792 793 793 794 794 796 797 798 798 799 800 800 801 801 802 802 803 804 805 805 805 806 806 808 808 809 810 810 810 810 810 811 812 812 813 813 813 815 815 815 815 814 815 816 816 816 816 816 816 816 816 816 815 814 815 815 815 815 814 814 814 813 812 812 810 810 810 810 810 809 809 808 807 807 806 806 805 804 804 803 802
781 782 783 785 785 786 787 788 788 790 790 791 791 791 792 793 794 795 796 796 798 798 799 799 800 801 803 802 802 803 803 804 804 807 807 808 808 808 809 809 810 809 811 812 812 812 813 813 813 814 814 814 815 816 815 815 815 815 815 815 815 815 815 816 816 815 815 815 814 814 814 814 813 813 813 812 812 812 811 811 811 810 810 809 808 807 806 806 805 805 805 805 804 803
