testData/tiles/oneDegree/grid0.0-39.0-1.0-40.0.asc
ncols   200
nrows   200
xllcorner   0.0
yllcorner   39.0
cellsize   0.005
NODATA_value   -9999.0
[rows 126 to 167 of 200, columns 0 to 93 of 200]
166 166 166 166 168 168 168 168 169 169 169 169 169 171 171 171 171 171 172 172 172 172 173 174 174 174 174 174 174 175 175 175 175 176 176 177 177 177 177 177 177 177 177 178 178 179 179 179 179 179 179 179 179 179 180 180 180 180 180 190 191 191 191 191 192 194 196 198 200 202 204 206 208 209 212 214 216 219 221 224 226 228 230 233 235 237 239 242 243 245 247 249 250 253
166 166 166 167 168 168 168 169 169 169 169 169 171 171 171 171 171 172 172 172 172 172 174 174 174 174 174 174 175 175 175 175 176 176 177 177 177 177 177 177 177 178 178 178 178 179 179 179 179 179 180 180 180 180 180 180 180 180 190 190 191 191 191 191 192 194 196 198 200 202 204 206 208 210 212 214 217 219 222 223 227 229 231 233 236 237 239 241 243 246 248 250 252 254
166 166 167 167 168 168 169 169 169 169 169 170 171 171 171 171 172 172 172 172 172 173 174 174 174 174 175 175 175 175 175 175 177 177 177 177 177 177 177 178 178 178 178 178 179 179 179 180 180 180 180 180 180 180 180 180 180 180 190 191 191 191 192 192 194 196 198 199 201 203 205 207 209 210 212 214 216 219 221 225 227 230 232 234 236 238 240 242 243 245 248 250 252 254
166 167 167 168 168 168 169 169 169 169 170 170 171 171 171 172 172 172 172 172 173 174 174 174 174 175 175 175 175 175 176 176 177 177 177 177 177 178 178 178 178 178 178 178 180 180 180 180 180 180 180 180 180 180 180 181 181 181 191 192 192 192 192 192 194 196 198 200 202 204 206 208 210 211 213 215 217 219 222 225 227 229 232 234 236 238 241 243 245 247 249 250 252 254
167 167 167 168 168 169 169 169 169 170 170 170 171 171 172 172 172 172 173 173 173 174 174 175 175 175 175 175 175 176 176 176 177 177 177 178 178 178 178 178 178 178 179 179 180 180 180 180 180 180 180 181 181 181 181 181 181 181 192 192 192 192 192 192 194 196 198 200 202 204 206 208 210 212 214 216 218 220 223 225 227 230 232 235 236 238 240 243 245 247 249 251 254 255
167 167 167 168 169 169 169 169 170 170 170 171 171 172 172 172 172 173 173 173 173 174 175 175 175 175 175 176 176 176 176 177 177 178 178 178 178 178 178 178 179 179 179 180 180 180 180 180 181 181 181 181 181 181 181 181 181 181 192 192 192 192 192 193 195 197 199 201 203 205 206 208 210 212 214 216 218 220 223 225 228 230 233 235 237 239 241 242 245 247 249 251 253 256
167 167 167 169 169 169 169 170 170 170 170 171 172 172 172 172 173 173 173 173 173 175 175 175 175 175 176 176 176 176 176 177 178 178 178 178 178 178 179 179 179 179 179 180 180 180 181 181 181 181 181 181 181 181 181 181 181 182 193 193 193 193 193 194 196 198 200 202 204 206 208 209 211 213 215 217 219 222 223 225 227 230 232 235 237 239 242 244 246 248 250 251 253 255
167 167 168 169 169 169 170 170 170 170 170 172 172 172 172 173 173 173 173 173 175 175 175 175 175 176 176 176 176 176 177 178 178 178 178 178 179 179 179 179 179 179 179 181 181 181 181 181 181 181 181 181 181 182 182 182 182 182 193 193 193 193 193 194 196 198 200 202 204 206 208 210 212 214 216 218 220 222 224 226 228 230 232 234 237 239 241 244 246 248 250 253 254 256
167 168 168 169 169 170 170 170 170 170 171 172 172 172 173 173 173 173 173 174 175 175 175 175 176 176 176 176 176 177 177 178 178 178 178 179 179 179 179 179 179 180 180 181 181 181 181 181 181 182 182 182 182 182 182 182 182 193 193 193 193 193 193 194 196 198 200 202 204 206 208 210 212 214 216 218 220 223 225 227 229 231 233 235 237 240 241 243 246 248 250 252 255 257
167 168 169 169 169 170 170 170 170 171 171 172 172 173 173 173 173 173 174 174 175 175 175 176 176 176 176 176 177 177 177 178 178 179 179 179 179 179 179 180 180 180 180 181 181 181 181 182 182 182 182 182 182 182 182 182 182 193 194 194 194 194 194 196 198 199 201 203 205 207 209 211 213 215 217 219 222 223 225 227 229 231 233 235 237 240 242 245 246 248 250 252 254 257
168 168 169 169 170 170 170 170 171 171 171 172 173 173 173 173 173 174 174 174 175 176 176 176 176 176 177 177 177 177 178 178 179 179 179 179 179 179 180 180 180 180 181 181 182 182 182 182 182 182 182 182 182 182 183 183 183 194 194 194 194 194 194 196 198 200 202 204 206 208 209 211 213 215 217 219 222 224 226 228 230 231 233 235 237 239 242 244 247 249 252 253 255 257
168 168 169 170 170 170 170 171 171 171 171 173 173 173 173 173 174 174 174 174 176 176 176 176 176 177 177 177 177 177 179 179 179 179 179 179 180 180 180 180 180 180 182 182 182 182 182 182 182 182 182 183 183 183 183 183 183 194 194 194 194 194 194 196 198 200 202 204 206 208 210 212 214 216 218 220 222 224 226 228 230 232 234 236 237 239 241 244 246 249 251 253 256 257
168 168 170 170 170 170 171 171 171 171 171 173 173 173 173 174 174 174 174 175 176 176 176 176 177 177 177 177 177 178 179 179 179 179 180 180 180 180 180 180 180 181 182 182 182 182 182 182 183 183 183 183 183 183 183 183 184 194 194 194 195 195 195 197 199 201 203 205 207 209 211 213 215 217 219 221 223 225 227 229 231 233 234 236 238 240 242 243 246 248 251 253 255 258
168 168 170 170 170 170 171 171 171 171 173 173 173 173 174 174 174 174 175 175 176 176 176 177 177 177 177 177 178 178 179 179 179 180 180 180 180 180 180 181 181 181 182 182 182 182 183 183 183 183 183 183 183 183 183 184 185 195 195 195 195 195 195 197 199 201 203 205 207 209 211 213 215 217 219 222 224 226 228 230 231 233 235 237 239 241 243 244 246 248 250 253 255 257
168 169 170 170 170 171 171 171 171 172 173 173 173 174 174 174 174 175 175 175 176 176 177 177 177 177 177 178 178 178 179 179 180 180 180 180 180 181 181 181 181 181 182 182 183 183 183 183 183 183 183 183 184 184 184 184 185 195 195 195 195 195 196 197 199 201 203 205 207 209 211 213 215 217 219 222 224 226 228 230 232 234 236 237 239 241 243 245 247 249 251 253 254 257
169 169 170 170 171 171 171 171 172 172 173 173 174 174 174 174 174 175 175 175 176 177 177 177 177 177 178 178 178 178 180 180 180 180 180 180 181 181 181 181 181 181 183 183 183 183 183 183 183 184 184 184 184 184 184 184 185 195 195 195 195 195 197 199 201 203 205 206 208 210 212 214 216 217 219 222 224 226 228 230 232 234 236 238 240 242 243 245 247 249 251 253 256 257
169 169 170 171 171 171 171 172 172 172 173 174 174 174 174 174 175 175 175 175 177 177 177 177 178 178 178 178 178 179 180 180 180 180 181 181 181 181 181 181 182 182 183 183 183 183 183 184 184 184 184 184 184 184 184 184 185 196 196 196 196 196 197 199 201 203 205 207 209 211 213 215 216 218 220 223 225 227 228 230 232 234 236 238 240 242 244 246 247 249 251 253 255 258
169 169 170 171 171 171 171 172 172 172 173 174 174 174 174 175 175 175 175 177 177 177 177 178 178 178 178 178 179 179 180 180 180 181 181 181 181 181 181 182 182 182 183 183 183 184 184 184 184 184 184 184 184 185 185 185 186 196 196 196 196 196 197 199 201 203 205 207 209 211 213 215 217 219 221 224 225 227 229 231 233 235 236 238 240 242 244 246 248 250 251 253 255 257
169 169 171 171 171 171 172 172 172 172 174 174 174 174 175 175 175 175 176 177 177 177 177 178 178 178 178 179 179 179 180 180 181 181 181 181 181 182 182 182 182 182 183 184 184 184 184 184 184 184 185 185 185 185 185 185 186 196 196 196 196 196 197 199 201 204 206 208 210 212 213 215 217 219 221 224 226 228 230 232 233 235 237 239 241 242 244 246 248 250 252 254 255 257
169 170 171 171 171 172 172 172 172 173 174 174 174 175 175 175 175 176 176 177 177 177 178 178 178 178 179 179 179 179 180 181 181 181 181 181 182 182 182 182 182 183 184 184 184 184 184 184 185 185 185 185 185 185 185 185 186 196 197 197 197 197 198 200 202 204 206 208 210 212 214 216 218 220 222 225 227 228 230 232 234 236 238 239 241 243 245 246 248 250 252 254 256 258
169 170 171 171 171 172 172 172 172 173 174 174 175 175 175 175 175 176 176 177 177 178 178 178 178 179 179 179 179 179 181 181 181 181 181 182 182 182 182 182 183 183 184 184 184 184 185 185 185 185 185 185 185 185 186 186 187 197 197 197 197 197 198 200 202 204 206 208 210 212 214 216 218 220 222 225 227 229 231 233 235 236 238 240 242 244 245 247 249 250 252 254 256 258
170 170 171 171 172 172 172 172 173 173 174 174 175 175 175 175 176 176 176 177 178 178 178 178 179 179 179 179 179 180 181 181 181 182 182 182 182 182 182 183 183 183 184 184 185 185 185 185 185 185 185 185 186 186 186 186 187 197 197 197 197 197 198 200 202 204 206 208 210 212 214 216 218 220 222 225 227 229 231 233 235 237 239 240 242 244 246 248 250 251 253 254 256 258
170 170 171 172 172 172 172 173 173 173 174 175 175 175 175 176 176 176 176 177 178 178 178 179 179 179 179 179 180 180 181 181 182 182 182 182 182 183 183 183 183 183 184 185 185 185 185 185 185 186 186 186 186 186 186 186 187 197 197 198 198 198 199 201 203 205 207 209 211 213 215 217 219 221 223 226 227 229 231 233 235 237 239 241 243 245 246 248 250 252 254 255 256 258
170 170 171 172 172 172 172 173 173 173 175 175 175 175 176 176 176 176 177 177 178 178 179 179 179 179 179 180 180 180 181 182 182 182 182 182 183 183 183 183 183 184 185 185 185 185 185 186 186 186 186 186 186 186 186 186 188 198 198 198 198 198 199 201 203 205 207 209 211 213 215 217 219 221 223 226 228 230 232 233 235 237 239 241 243 245 247 249 250 252 254 256 258 259
170 170 172 172 172 172 173 173 173 173 175 175 175 175 176 176 176 176 177 177 178 178 179 179 179 179 180 180 180 180 182 182 182 182 182 183 183 183 183 183 184 184 185 185 185 185 186 186 186 186 186 186 186 187 187 187 188 198 198 198 198 198 199 201 203 205 207 209 211 213 215 217 219 221 223 226 228 230 232 234 236 238 239 241 243 245 247 249 251 252 254 256 258 260
170 170 172 172 172 173 173 173 173 174 175 175 175 176 176 176 176 177 177 177 178 179 179 179 179 180 180 180 180 181 182 182 182 182 183 183 183 183 183 184 184 184 185 185 186 186 186 186 186 186 186 187 187 187 187 187 198 198 198 198 198 199 200 202 204 206 208 210 212 214 216 218 220 222 223 226 228 230 232 234 236 238 240 242 243 245 247 249 251 253 255 256 258 260
170 171 172 172 172 173 173 173 173 174 174 175 176 176 176 176 177 177 177 177 179 179 179 179 180 180 180 180 181 181 182 182 182 183 183 183 183 183 184 184 184 184 185 186 186 186 186 186 186 187 187 187 187 187 187 187 188 199 199 199 199 199 200 202 204 206 208 210 212 214 216 218 220 222 224 227 229 231 232 234 236 238 240 242 244 246 247 249 251 253 255 257 258 260
170 171 172 172 173 173 173 173 174 174 174 175 176 176 176 176 177 177 177 178 179 179 179 180 180 180 180 180 181 181 182 182 183 183 183 183 184 184 184 184 184 185 186 186 186 186 186 187 187 187 187 187 187 187 188 188 188 199 199 199 199 199 200 202 204 206 208 210 212 214 216 218 220 222 224 226 229 231 233 235 237 238 240 242 244 246 248 250 251 253 255 257 259 260
171 171 172 172 173 173 173 174 174 174 174 176 176 176 176 177 177 177 177 178 179 179 179 180 180 180 180 181 181 181 182 183 183 183 183 184 184 184 184 184 185 185 186 186 186 187 187 187 187 187 187 187 188 188 188 188 188 199 199 199 199 199 200 203 205 207 209 211 213 215 217 219 220 222 224 226 229 231 233 235 237 239 241 242 244 246 248 250 252 254 255 256 258 260
171 171 172 173 173 173 173 174 174 174 174 176 176 176 177 177 177 177 178 178 179 179 180 180 180 180 181 181 181 181 182 183 183 183 184 184 184 184 184 185 185 185 185 186 187 187 187 187 187 187 188 188 188 188 188 188 188 199 200 200 200 200 201 203 205 207 209 211 213 215 217 219 221 223 225 227 230 231 233 235 237 239 241 243 245 246 248 250 252 253 255 256 258 260
171 171 171 173 173 173 174 174 174 174 175 176 176 176 177 177 177 177 178 178 179 180 180 180 180 181 181 181 181 182 182 183 183 183 184 184 184 184 185 185 185 185 185 187 187 187 187 187 188 188 188 188 188 188 188 189 189 200 200 200 200 200 201 203 205 207 209 211 213 215 217 219 221 223 225 227 229 232 234 236 237 239 241 243 245 247 248 249 251 253 255 257 258 260
171 171 172 173 173 173 174 174 174 174 175 176 176 177 177 177 177 178 178 178 179 180 180 180 180 181 181 181 181 182 182 183 183 184 184 184 184 185 185 185 185 185 186 187 187 187 187 188 188 188 188 188 188 189 189 189 189 199 200 200 200 200 201 203 205 208 210 212 214 216 217 219 221 223 225 227 229 232 234 236 238 240 241 242 244 246 248 250 251 253 255 257 259 260
171 171 172 173 173 173 174 174 174 175 175 176 176 177 177 177 178 178 178 178 179 180 180 180 181 181 181 181 182 182 182 183 184 184 184 184 185 185 185 185 185 186 186 187 187 188 188 188 188 188 188 189 189 189 189 189 189 199 200 201 201 201 202 204 206 208 210 212 214 216 218 220 222 224 226 228 229 232 234 236 237 239 241 243 244 246 248 250 252 254 255 257 259 261
171 171 172 173 173 174 174 174 174 175 175 176 177 177 177 177 178 178 178 178 179 180 180 181 181 181 181 182 182 182 182 184 184 184 184 185 185 185 185 185 186 186 186 187 188 188 188 188 188 188 189 189 189 189 189 189 189 200 201 201 201 201 202 204 206 208 210 212 214 216 218 220 222 224 226 228 229 231 233 235 237 239 241 243 245 246 248 250 252 254 256 257 259 261
171 172 172 173 173 174 174 174 175 175 175 175 177 177 177 178 178 178 178 179 179 180 180 181 181 181 182 182 182 182 183 183 184 184 185 185 185 185 185 186 186 186 186 187 188 188 188 188 189 189 189 189 189 189 190 190 190 200 201 201 201 201 202 204 206 208 210 212 214 216 218 220 221 223 225 227 229 231 234 236 238 239 241 243 245 247 249 250 252 254 256 258 259 261
171 172 172 173 174 174 174 174 175 175 175 176 177 177 177 178 178 178 179 179 179 180 181 181 181 181 182 182 182 182 183 183 184 184 185 185 185 185 186 186 186 186 187 187 188 188 188 189 189 189 189 189 189 190 190 190 190 200 200 201 201 202 203 205 207 209 211 212 214 216 218 220 222 224 225 227 229 231 233 236 238 240 241 243 245 247 249 251 252 254 256 258 260 261
172 172 172 172 174 174 174 175 175 175 175 176 177 177 178 178 178 178 179 179 179 179 181 181 181 182 182 182 182 183 183 183 184 185 185 185 185 186 186 186 186 187 187 187 188 188 189 189 189 189 189 190 190 190 190 190 190 200 201 202 202 202 203 204 206 208 210 212 214 216 218 220 222 224 226 228 230 231 233 236 238 240 242 244 245 247 249 251 253 254 256 258 259 261
172 172 172 173 174 174 174 175 175 175 176 176 177 177 178 178 178 179 179 179 179 180 181 181 181 182 182 182 183 183 183 183 185 185 185 185 186 186 186 186 187 187 187 187 187 189 189 189 189 189 190 190 190 190 190 190 191 201 201 201 202 202 202 204 206 208 210 212 214 216 218 220 222 224 226 228 230 232 234 235 238 240 242 244 246 247 249 250 252 254 255 257 259 261
172 172 172 173 174 174 174 175 175 175 176 176 176 177 178 178 178 179 179 179 179 180 181 181 182 182 182 182 183 183 183 183 184 185 185 186 186 186 186 187 187 187 187 187 188 189 189 189 190 190 190 190 190 190 191 191 191 201 201 201 202 202 203 205 207 209 211 213 215 217 219 221 223 224 226 228 230 232 234 236 238 240 241 243 245 247 249 250 252 254 256 257 259 261
172 172 172 173 174 174 175 175 175 175 176 176 176 178 178 178 178 179 179 179 180 180 181 181 182 182 182 183 183 183 183 184 184 185 185 186 186 186 186 187 187 187 187 188 188 189 189 190 190 190 190 190 191 191 191 191 191 201 201 202 203 203 203 205 207 209 211 213 215 217 219 221 223 225 227 229 229 231 233 235 237 240 242 243 245 247 249 251 252 254 256 258 259 261
172 172 173 173 174 174 175 175 175 176 176 176 176 178 178 178 179 179 179 179 180 180 180 182 182 182 182 183 183 183 184 184 184 185 186 186 186 186 187 187 187 187 188 188 188 188 190 190 190 190 190 191 191 191 191 191 191 202 202 202 202 203 203 205 207 209 211 213 215 217 218 220 222 224 226 228 230 232 233 235 237 239 242 244 245 247 249 251 253 254 256 258 260 261
172 172 173 173 173 174 175 175 175 176 176 176 177 178 178 178 179 179 179 180 180 180 180 182 182 182 183 183 183 183 184 184 184 184 186 186 186 187 187 187 187 188 188 188 188 189 190 190 190 190 191 191 191 191 191 192 192 202 202 202 202 203 203 206 208 209 211 213 215 217 219 221 222 224 226 228 230 232 234 236 237 239 241 244 246 247 249 251 253 254 255 257 259 261
