testData/tiles/oneDegree/grid0.0-40.0-1.0-41.0.asc
ncols   200
nrows   200
xllcorner   0.0
yllcorner   40.0
cellsize   0.005
NODATA_value   -9999.0
[rows 55 to 109 of 200, columns 96 to 191 of 200]
178 178 178 179 179 179 179 180 180 180 180 180 181 180 180 180 180 180 181 181 181 181 181 181 181 181 182 182 182 186 186 186 186 186 186 186 186 186 187 224 224 224 224 225 225 226 226 226 227 226 226 226 226 226 227 227 228 228 228 228 228 228 228 228 228 228 228 228 228 228 230 230 230 230 229 229 229 229 229 230 230 230 230 230 229 230 230 230 230 231 231 231 231 231 231 231
178 178 179 179 179 179 180 180 180 180 180 181 181 181 181 181 181 182 182 182 181 181 181 181 182 182 182 182 182 186 186 186 186 187 187 187 187 187 187 187 224 224 224 226 226 226 226 226 227 227 227 227 227 227 226 228 228 228 228 228 228 228 229 229 229 229 228 228 229 229 230 230 230 230 230 230 230 229 229 230 230 230 230 230 231 231 231 230 230 231 231 231 231 231 231 231
179 179 179 179 180 180 180 180 180 181 181 181 181 181 181 182 182 182 182 182 182 182 182 183 183 183 182 182 182 186 186 186 187 187 187 187 187 187 187 188 188 225 226 227 226 226 226 226 227 227 227 227 227 228 228 229 229 228 228 228 228 228 229 229 229 229 229 230 230 229 230 230 230 230 230 230 230 230 230 231 230 230 231 231 231 231 231 231 231 232 231 231 231 231 231 231
180 180 180 181 181 181 181 181 182 182 182 181 181 181 182 182 182 182 182 182 182 182 183 183 183 183 183 183 183 187 188 188 187 187 187 187 187 187 187 188 189 226 226 227 227 227 227 227 226 227 227 227 228 228 228 229 229 229 229 229 229 228 229 229 229 230 230 230 230 230 231 231 231 230 230 230 230 230 230 231 231 232 232 231 231 231 231 231 231 231 232 232 232 231 231 231
180 180 181 181 181 181 181 182 182 182 182 182 182 183 183 183 183 183 182 182 183 183 183 183 183 183 183 183 183 188 188 188 188 188 188 188 188 187 187 189 189 189 226 227 227 227 227 227 227 228 229 229 228 228 228 229 229 229 229 229 229 229 230 230 231 230 230 230 230 230 231 231 231 231 231 231 230 230 230 232 232 232 232 232 232 232 231 231 231 231 232 232 232 232 232 232
180 181 181 181 181 181 182 182 182 182 182 182 183 183 183 183 183 183 183 184 184 184 184 184 184 183 183 184 184 188 188 188 188 188 188 188 188 189 189 190 190 190 189 227 227 227 227 227 227 229 229 229 229 229 229 230 229 229 229 229 229 229 231 231 231 231 231 231 230 230 231 231 231 231 231 231 231 232 232 232 232 232 232 232 232 232 232 232 232 231 232 232 232 232 232 233
182 182 182 182 183 183 183 183 182 182 183 183 183 183 183 183 183 183 184 184 184 184 184 184 184 184 185 185 185 189 189 188 188 188 188 188 189 189 189 190 190 190 190 190 228 228 228 227 228 229 229 229 229 229 229 230 230 230 230 230 229 230 231 231 231 231 231 231 231 231 232 232 231 231 231 231 232 232 232 232 233 233 232 232 232 232 232 232 232 232 233 233 232 233 233 233
182 182 182 183 183 183 183 183 183 184 184 184 184 184 184 184 184 184 184 184 184 184 184 184 184 185 185 185 185 189 189 189 189 189 189 190 189 189 189 190 190 190 190 190 191 228 229 229 229 230 230 229 229 229 229 230 230 230 230 231 231 231 232 231 231 231 231 231 231 231 231 232 232 232 233 232 232 232 232 232 233 233 233 233 233 232 232 232 232 232 233 234 234 234 233 233
182 182 183 183 183 183 183 183 184 184 184 184 184 184 184 185 185 185 185 185 185 185 185 184 185 185 185 185 185 189 189 189 189 190 190 190 190 190 190 191 191 190 190 190 191 192 229 229 229 230 230 230 230 230 230 230 230 230 231 231 231 231 231 232 232 232 232 231 231 231 231 232 232 233 233 233 233 233 232 232 233 233 233 233 233 233 233 233 232 232 234 234 234 234 234 234
183 184 184 184 184 184 183 184 184 184 184 184 184 184 185 185 185 185 185 185 185 185 186 186 186 186 186 186 186 185 189 189 190 190 190 190 190 190 190 190 191 191 191 192 193 192 192 229 229 230 230 230 230 230 230 230 232 232 232 231 231 231 231 232 232 232 232 232 232 232 231 233 233 233 233 233 233 233 233 233 234 233 233 233 233 233 233 233 234 234 234 234 234 234 234 234
184 184 184 184 184 185 185 185 185 185 185 185 185 186 185 185 185 185 185 185 185 186 186 186 186 186 186 186 186 186 190 191 191 191 190 190 190 190 190 190 191 191 192 192 193 193 193 193 230 230 230 230 230 230 230 231 232 232 232 232 232 232 231 232 232 232 232 232 232 232 233 234 234 233 233 233 233 233 233 233 234 234 234 234 233 233 233 234 234 234 235 235 235 234 234 234
184 184 184 184 185 185 185 185 185 185 185 186 186 186 186 186 186 186 186 186 187 186 186 186 186 186 186 186 186 186 191 191 191 191 191 191 191 191 191 190 191 192 192 192 193 193 193 193 193 230 231 231 231 230 231 231 232 232 232 232 232 232 232 233 233 233 232 232 233 233 233 234 234 234 234 234 234 233 233 233 234 234 234 234 234 235 235 234 234 234 234 235 235 235 235 235
185 185 185 186 185 185 185 185 185 185 186 186 186 186 186 186 186 186 187 187 187 187 187 187 187 187 187 186 187 187 191 191 191 191 191 191 191 191 191 192 193 193 193 193 193 193 193 193 193 193 231 231 232 232 232 232 233 232 232 232 232 232 232 233 233 233 233 234 234 233 233 234 234 234 234 234 234 234 234 234 234 234 234 234 235 235 235 235 235 234 234 235 235 235 235 235
185 185 186 186 186 186 186 186 186 187 187 187 186 186 186 186 186 187 187 187 187 187 187 187 187 187 187 188 188 188 192 192 192 191 191 191 191 191 192 192 193 193 193 193 193 194 194 194 193 193 231 232 232 232 232 232 233 233 233 233 233 232 232 233 233 233 234 234 234 234 234 235 234 234 234 234 234 234 234 234 234 235 235 235 235 235 235 235 235 235 235 236 235 235 235 235
185 186 186 186 186 186 186 186 187 187 187 187 187 187 187 187 188 188 188 187 187 187 187 187 187 187 188 188 188 188 192 192 192 192 192 192 192 193 192 192 193 193 193 193 193 194 194 194 194 194 196 233 232 232 232 232 233 233 233 233 233 233 233 234 234 234 234 234 234 234 234 234 235 235 235 234 234 234 234 234 234 236 236 236 236 235 235 235 235 235 235 236 236 236 236 235
187 186 186 186 186 186 186 187 187 187 187 187 187 187 187 188 188 188 188 188 188 188 188 188 189 189 188 188 188 188 192 192 192 192 192 192 193 193 193 193 194 194 193 193 193 194 194 194 195 195 196 196 233 233 233 233 233 233 233 233 233 233 233 234 235 235 235 235 234 234 234 234 235 235 235 235 235 235 234 235 235 236 236 236 236 236 236 236 235 235 235 236 236 236 236 236
187 187 187 187 187 188 188 188 188 188 187 187 187 187 188 188 188 188 188 188 188 188 188 189 189 189 189 189 189 189 189 192 192 192 193 193 193 193 193 193 193 194 194 194 194 195 195 195 195 195 196 196 196 233 233 233 233 234 234 234 233 234 234 234 235 235 235 235 235 235 235 234 235 235 235 235 235 235 236 236 236 236 236 236 236 236 236 236 236 236 236 236 236 236 236 236
187 187 187 187 188 188 188 188 188 188 188 188 189 189 189 189 189 189 188 188 188 188 189 189 189 189 189 189 189 189 189 193 193 194 194 194 193 193 193 193 193 194 194 194 194 195 196 196 196 196 197 196 196 196 233 233 233 234 234 234 235 235 235 234 235 235 235 235 235 235 235 235 236 236 235 235 236 236 236 236 236 237 237 237 236 236 236 236 236 236 236 236 237 236 236 237
187 187 187 188 188 188 188 188 188 188 188 189 189 189 189 189 189 189 189 189 189 190 190 190 189 189 189 189 189 189 189 193 194 194 194 194 194 194 194 194 194 194 194 194 195 196 196 196 196 196 196 197 197 197 197 233 233 234 234 235 235 235 235 235 236 236 235 235 235 235 235 235 236 236 236 237 237 236 236 236 236 237 237 237 237 237 237 236 236 236 236 236 237 237 238 238
188 188 189 189 189 189 189 189 188 188 189 189 189 189 189 189 189 189 189 189 190 190 190 190 190 190 190 190 190 190 189 194 194 194 194 194 194 194 194 194 194 195 195 196 196 196 196 196 196 196 196 197 197 197 197 197 234 236 235 235 235 235 235 235 236 236 236 236 236 236 235 235 236 236 237 237 237 237 237 237 236 236 237 237 237 237 237 237 237 236 236 236 238 238 238 238
188 189 189 189 189 189 189 189 189 190 190 190 190 190 190 190 189 189 189 190 190 190 190 190 190 190 190 190 190 191 191 195 195 195 195 194 194 194 194 194 194 195 196 196 196 196 197 197 197 196 196 197 197 197 197 197 198 236 236 236 236 236 235 235 236 236 236 236 236 236 236 236 237 237 237 237 237 237 237 237 237 237 238 237 237 237 237 237 237 237 237 238 238 238 238 238
189 189 189 189 189 189 189 189 190 190 190 190 190 190 190 190 190 191 191 191 191 191 190 190 190 190 190 190 191 191 191 195 195 195 195 195 195 195 195 194 194 196 196 196 196 196 197 197 197 197 197 198 198 197 197 198 198 199 236 236 236 236 236 236 236 236 236 236 236 236 236 237 237 238 238 238 237 237 237 237 237 237 238 238 238 238 237 237 237 238 238 238 239 239 239 238
190 190 190 190 190 190 189 190 190 190 190 190 190 190 190 190 191 191 191 191 191 191 191 191 191 191 191 192 191 191 191 195 195 195 195 195 195 195 195 196 196 197 197 197 196 196 197 197 197 197 197 198 198 198 199 199 199 198 199 236 236 236 236 236 236 237 237 237 236 236 237 237 237 238 238 238 238 238 238 237 237 237 238 238 238 238 238 238 238 238 238 238 238 239 239 239
190 190 190 190 190 190 191 191 191 191 191 191 191 191 190 191 191 191 191 191 191 191 191 191 191 191 192 192 192 192 192 192 196 195 195 195 195 195 196 196 196 196 197 197 197 197 198 198 197 197 197 198 199 199 199 199 199 199 200 200 237 236 236 236 236 237 237 237 238 238 238 238 237 238 238 238 238 238 238 238 238 238 238 238 238 238 239 239 239 239 239 238 238 239 239 239
190 190 190 190 190 191 191 191 191 191 191 191 191 191 192 192 192 192 192 192 192 191 191 191 191 192 192 192 192 192 192 192 196 196 196 196 196 197 196 196 196 196 197 197 197 197 198 198 198 198 198 199 199 199 199 199 199 199 200 200 200 237 237 237 236 237 237 238 238 238 238 238 238 239 239 238 238 238 238 238 238 238 238 239 238 239 239 239 239 239 239 239 239 239 239 239
191 191 191 190 191 191 191 191 191 191 191 191 191 192 192 192 192 192 192 192 192 192 192 192 193 193 192 192 192 192 192 192 196 196 196 196 197 197 197 197 197 197 198 197 197 197 198 198 198 198 199 199 200 200 200 200 199 199 200 200 200 200 200 237 237 238 239 238 238 238 238 238 238 239 239 239 239 239 238 238 238 238 238 239 240 240 240 239 239 239 239 239 239 240 91 91
191 191 192 192 192 192 192 192 192 192 192 192 192 192 192 192 192 192 192 192 192 192 192 193 193 193 193 193 193 193 193 193 196 196 196 197 197 197 197 197 197 197 198 198 198 198 198 198 198 199 199 199 200 200 200 200 200 200 201 200 200 200 200 200 238 239 239 239 239 239 238 238 238 238 239 239 239 239 239 239 238 238 239 240 240 240 240 240 240 240 239 90 90 91 91 91
191 192 192 192 192 192 192 192 192 192 192 193 193 193 193 193 193 193 193 192 192 193 193 193 193 193 193 193 193 193 193 193 197 197 198 198 198 197 197 197 197 197 198 198 198 198 198 200 200 200 200 199 200 200 200 200 200 200 201 201 201 201 201 201 201 238 239 239 239 239 239 239 239 238 239 239 239 239 239 239 239 240 240 240 240 240 240 91 91 91 91 91 90 90 91 91
193 192 192 192 192 192 192 192 192 192 193 193 193 193 193 193 193 193 193 193 194 194 194 194 194 193 193 193 193 193 193 193 194 198 198 198 198 198 198 198 198 197 197 198 198 198 199 200 200 200 200 200 201 201 200 200 200 200 200 201 201 201 202 202 202 202 239 239 239 239 239 239 239 239 240 240 239 239 239 239 240 240 240 92 92 92 91 91 91 91 91 91 91 91 92 91
193 193 193 193 193 193 193 193 193 194 193 193 193 193 193 193 193 193 193 194 194 194 194 194 194 194 194 194 194 194 193 194 194 198 198 198 198 198 198 198 198 198 198 199 199 199 199 200 200 200 200 200 200 201 201 201 201 201 200 201 201 202 202 202 202 202 203 240 240 239 239 239 239 239 240 240 240 240 241 91 91 91 91 91 92 92 92 92 91 91 91 91 91 91 92 92
193 193 193 193 193 193 193 193 194 194 194 194 194 194 194 194 194 193 194 194 194 194 194 194 194 194 194 194 194 194 195 195 195 199 199 198 198 198 198 198 198 198 198 199 200 200 200 201 201 200 200 200 200 201 201 201 201 201 201 203 203 202 202 202 202 202 203 203 240 240 240 240 239 239 240 91 91 92 92 92 92 92 91 91 92 92 92 92 92 92 92 91 91 91 92 92
193 193 193 193 193 193 193 194 194 194 194 194 194 194 194 194 194 195 195 195 195 195 195 194 194 194 194 194 194 195 195 195 195 199 199 199 199 199 199 199 198 198 198 200 200 200 200 200 201 201 201 201 201 201 201 201 201 201 202 203 203 203 203 203 203 202 203 203 203 240 240 91 91 91 91 91 92 92 92 92 92 92 92 92 93 92 92 92 92 92 92 92 92 91 92 92
194 194 194 194 194 194 195 195 194 194 194 194 194 194 194 194 195 195 195 195 195 195 195 195 195 195 195 195 196 195 195 195 195 199 199 199 199 199 199 199 199 199 200 201 200 200 200 200 201 201 201 201 201 202 202 202 202 202 202 203 203 203 203 203 203 203 54 55 54 54 91 91 91 91 91 93 93 93 92 92 92 92 92 92 93 93 93 92 92 92 92 92 92 92 92 94
194 194 194 194 194 195 195 195 195 195 195 195 195 195 195 195 195 195 195 195 195 195 195 195 195 195 195 196 196 196 196 196 196 200 199 199 199 199 199 199 199 200 200 201 201 201 201 201 201 201 201 201 201 202 202 202 203 203 203 203 203 54 54 54 54 54 54 55 55 55 55 91 91 92 92 93 93 93 93 93 93 92 92 92 93 93 93 93 93 93 92 92 92 93 93 94
194 194 194 194 195 195 195 195 195 195 195 195 195 195 196 196 196 196 196 196 196 195 195 195 195 195 196 196 196 196 196 196 196 196 200 200 200 200 199 200 200 200 200 200 201 201 201 201 202 202 202 202 201 201 202 203 54 54 54 54 55 55 55 54 54 54 54 55 55 55 55 55 56 93 92 93 93 93 93 93 93 93 93 92 92 93 93 93 93 93 93 93 93 93 93 94
195 195 195 196 196 195 195 195 195 195 195 195 195 196 196 196 196 196 196 196 196 196 196 196 196 197 197 196 196 196 196 196 196 196 200 200 200 200 201 201 201 201 201 200 201 201 201 201 202 202 53 53 53 53 55 54 54 54 54 54 55 55 55 55 55 55 55 55 55 55 55 56 56 56 93 93 94 93 93 93 93 93 93 93 93 94 93 93 93 93 93 94 94 94 94 94
195 195 196 196 196 196 196 196 196 196 196 196 197 196 196 196 196 196 196 196 196 196 196 196 197 197 197 197 197 197 197 197 196 196 200 200 200 201 201 201 201 201 201 201 53 53 53 52 52 53 53 53 53 54 55 55 55 55 55 54 55 55 55 55 55 55 55 55 56 56 56 56 56 56 56 93 94 94 94 93 93 93 93 93 93 94 94 94 94 93 94 94 94 94 94 94
195 196 196 196 196 196 196 196 196 196 196 197 197 197 197 197 197 197 197 197 196 196 196 197 197 197 197 197 197 197 197 197 197 197 201 201 202 52 52 52 52 52 52 52 53 53 53 53 53 54 53 54 54 54 55 55 55 55 55 55 56 56 55 55 55 55 55 55 56 57 57 57 57 56 56 56 94 94 94 94 94 94 93 93 93 94 94 94 95 95 95 94 94 94 94 94
197 197 197 196 196 196 196 196 196 196 197 197 197 197 197 197 197 197 197 197 197 197 198 198 198 198 197 197 48 48 48 48 48 48 52 53 53 53 53 53 53 52 52 52 52 53 53 53 53 54 55 55 55 55 55 55 55 55 55 55 55 56 56 56 56 55 55 55 57 57 57 57 57 57 57 56 57 94 94 94 94 94 94 94 94 93 94 95 95 95 95 95 95 94 94 94
197 197 197 197 197 197 197 197 197 198 198 197 197 197 197 197 197 48 48 48 48 49 49 49 49 49 49 49 49 49 49 48 48 48 49 53 53 53 53 53 53 53 53 53 53 53 53 53 53 55 55 55 55 55 55 56 56 56 55 55 55 56 56 56 56 56 57 57 57 57 57 57 57 57 57 57 58 58 57 94 94 94 94 94 94 94 96 95 95 95 95 95 95 95 95 95
48 48 48 48 48 48 48 48 49 49 49 49 49 49 49 49 49 49 48 48 49 49 49 49 49 49 49 49 49 49 49 49 49 50 50 53 53 53 53 53 53 53 53 53 53 54 54 54 55 55 55 55 55 55 55 56 56 56 56 56 56 56 56 56 56 57 57 57 58 58 58 57 57 57 57 57 57 58 58 58 95 94 94 94 94 95 96 96 96 96 95 95 95 95 95 95
49 48 48 48 48 48 48 49 49 49 49 49 49 49 49 49 49 49 49 50 50 50 50 50 49 49 49 49 49 49 49 49 50 50 50 54 54 54 54 54 53 53 53 53 53 54 54 55 55 55 56 56 56 55 55 56 56 56 56 56 56 57 57 57 57 57 57 57 57 58 58 58 58 58 57 57 57 58 58 58 58 95 95 95 95 95 96 96 96 96 96 96 95 95 95 95
49 49 49 49 49 49 50 50 50 49 49 49 49 49 49 49 49 49 50 50 50 50 50 50 50 50 50 50 50 49 49 50 50 50 50 54 54 54 54 54 54 54 54 54 53 54 55 55 55 55 56 56 56 56 56 57 56 56 56 56 56 56 57 58 58 58 58 57 57 58 58 58 58 58 58 58 58 58 58 58 58 58 96 96 96 96 95 96 96 96 96 96 96 96 96 95
49 49 49 49 49 50 50 50 50 50 50 50 50 50 50 50 49 50 50 50 50 50 50 50 50 50 50 50 50 50 51 51 51 51 50 50 54 54 54 54 54 54 54 54 54 55 56 56 55 55 56 56 56 56 56 56 57 57 57 57 56 56 58 58 58 58 58 58 58 59 58 58 58 58 58 58 58 59 59 59 58 59 59 59 96 96 96 97 97 96 96 96 96 96 96 96
49 49 49 49 50 50 50 50 50 50 50 50 50 50 50 50 51 51 51 51 51 51 50 50 50 50 50 50 50 51 51 51 51 51 51 51 55 55 54 54 54 54 54 54 55 55 56 56 56 56 57 56 56 56 56 56 57 57 57 57 57 58 59 58 58 58 58 58 58 59 59 59 59 58 58 58 58 58 59 59 60 60 59 59 59 96 96 97 97 97 97 96 96 96 96 96
50 50 50 50 51 51 51 50 50 50 50 50 50 50 50 51 51 51 51 51 51 51 51 51 51 51 51 51 51 51 51 51 51 51 51 51 55 55 55 55 55 55 55 55 55 55 56 56 56 56 56 57 57 57 57 56 57 57 57 57 58 58 59 59 59 59 58 58 58 58 59 59 59 59 59 59 58 58 59 60 60 60 60 60 60 59 96 97 97 97 97 97 97 96 96 96
50 50 50 51 51 51 51 51 51 51 51 51 51 51 51 51 51 51 51 51 51 51 51 51 51 51 51 52 52 52 52 52 52 51 51 51 55 55 55 55 55 55 56 56 56 56 56 56 56 56 56 57 57 57 57 57 58 58 57 58 58 58 58 59 59 59 59 59 59 58 59 59 59 59 59 59 59 59 60 60 60 60 60 60 60 60 60 96 97 97 97 97 97 97 97 97
50 50 51 51 51 51 51 51 51 51 51 51 51 52 52 52 52 52 52 52 52 51 51 51 51 51 52 52 52 52 52 52 52 52 52 52 56 55 55 55 55 56 56 56 56 56 56 57 57 57 56 57 57 57 57 57 58 58 59 59 59 59 58 59 59 59 59 59 59 59 60 60 59 59 59 59 59 60 61 61 61 60 60 60 60 60 60 60 61 98 97 97 97 97 97 97
51 52 52 52 52 51 51 51 51 51 51 51 52 52 52 52 52 52 52 52 52 52 52 52 52 53 52 52 52 52 52 52 52 52 52 52 52 56 56 56 57 56 56 56 56 56 56 57 57 57 57 58 58 58 57 57 57 59 59 59 59 59 59 60 60 59 59 59 59 59 60 60 60 60 60 59 60 60 60 61 61 61 61 61 60 60 60 60 61 61 98 98 97 97 97 97
52 52 52 52 52 52 52 52 52 52 52 52 53 52 52 52 52 52 52 52 52 52 52 52 52 53 53 53 53 53 53 52 52 52 52 52 52 56 56 57 57 57 57 57 57 56 56 57 57 57 57 57 58 58 58 58 59 59 59 59 59 59 59 60 60 60 60 60 59 59 59 60 60 60 60 61 61 60 60 61 61 61 61 61 61 61 60 60 61 61 61 61 98 98 97 97
52 52 52 52 52 52 52 52 52 52 52 53 53 53 53 53 53 53 53 52 52 52 52 52 53 53 53 53 53 53 53 53 53 53 53 53 52 56 57 57 57 57 57 57 57 57 57 58 58 57 57 57 58 58 58 59 59 60 60 60 59 59 59 59 60 60 60 60 60 60 60 60 60 60 61 61 61 61 61 62 61 61 61 61 61 61 61 61 61 61 61 61 61 98 98 99
53 53 53 52 52 52 52 52 52 52 53 53 53 53 53 53 53 53 53 53 53 53 53 54 54 53 53 53 53 53 53 53 53 53 53 53 53 58 58 58 57 57 57 57 57 57 57 57 58 58 58 58 58 58 59 59 59 60 60 60 60 60 60 59 60 60 60 60 60 60 60 61 61 61 61 61 61 61 61 62 62 62 61 61 61 61 61 61 61 62 62 61 61 61 99 99
53 53 53 53 53 53 53 53 53 54 54 53 53 53 53 53 53 53 53 53 53 53 54 54 54 54 54 54 54 54 53 53 53 53 53 53 54 54 58 58 58 58 58 58 57 57 57 57 58 58 58 58 59 60 60 60 59 59 60 60 60 60 60 60 61 61 60 60 60 60 60 61 62 62 62 62 61 61 61 61 62 62 62 62 62 61 61 61 61 62 62 62 62 62 62 62
53 53 53 53 53 53 53 53 54 54 54 54 54 54 54 54 54 53 53 53 53 54 54 54 54 54 54 54 54 54 54 54 54 54 53 53 54 54 58 58 58 58 58 58 58 58 58 58 58 58 58 58 59 60 60 60 60 60 61 60 60 60 60 60 61 61 61 61 61 60 60 61 62 62 62 62 62 62 62 61 62 62 62 62 62 62 62 61 61 62 62 62 63 63 63 63
53 53 53 53 53 53 53 54 54 54 54 54 54 54 54 54 54 54 54 54 55 55 55 54 54 54 54 54 54 54 54 54 54 54 54 55 55 55 58 58 58 58 58 58 58 58 58 58 59 59 59 59 59 60 60 60 60 60 61 61 61 61 60 60 60 61 61 61 61 61 62 62 62 62 62 62 62 62 62 62 63 62 62 62 62 62 62 62 62 62 62 63 63 63 63 63
