testData/tiles/oneDegree/grid46.0-46.0-47.0-47.0.asc
ncols   200
nrows   200
xllcorner   46.0
yllcorner   46.0
cellsize   0.005
NODATA_value   -9999.0
[rows 42 to 83 of 200, columns 94 to 187 of 200]
806 807 806 805 806 806 806 806 806 805 807 788 788 790 789 788 788 790 790 789 789 790 790 789 790 790 790 789 790 790 790 789 790 791 790 789 789 791 790 789 788 789 789 788 788 789 788 789 788 788 788 788 787 787 787 788 787 786 786 787 786 786 786 786 786 786 786 785 785 786 785 786 786 785 785 786 785 785 785 784 785 785 784 784 784 783 784 784 783 783 783 782 783 782
807 808 807 807 807 807 806 807 807 807 806 806 788 789 789 789 788 789 790 789 790 789 790 789 790 790 790 789 790 790 790 789 790 790 791 789 789 790 791 789 789 789 790 789 789 789 789 788 788 788 788 786 787 787 787 786 787 787 786 785 785 786 786 786 786 785 786 786 785 785 785 786 786 786 785 785 785 785 785 785 784 784 785 784 784 784 783 783 783 783 783 782 782 782
807 808 807 807 808 807 806 807 807 807 807 806 806 790 789 789 790 790 789 789 790 790 788 788 790 790 790 788 790 790 790 788 790 790 790 789 789 790 790 789 789 789 790 789 789 789 789 789 788 789 789 787 787 787 788 786 786 786 787 785 785 786 785 786 786 785 785 785 785 785 785 786 785 786 786 785 785 785 784 785 785 784 784 783 784 784 783 783 783 782 783 783 782 782
807 807 807 807 808 808 806 807 807 807 807 807 806 807 789 789 789 790 789 789 790 790 790 789 790 790 790 789 789 789 789 789 789 789 789 789 788 789 790 789 789 788 790 789 789 788 789 789 788 788 788 788 787 787 788 788 787 787 786 784 785 786 786 785 785 786 785 785 785 784 785 786 785 785 785 785 785 785 784 784 784 784 784 784 783 783 783 783 783 782 782 782 782 782
808 807 807 807 808 807 807 807 807 806 807 807 807 807 788 788 789 790 788 788 790 790 789 789 790 790 789 789 790 790 789 789 791 790 789 788 789 789 788 788 789 788 788 788 789 788 787 788 789 788 788 787 787 787 788 787 786 786 787 786 785 786 787 785 785 785 785 785 785 785 784 785 785 785 785 785 784 784 785 784 784 784 783 784 784 783 783 782 782 783 782 782 782 781
808 808 807 807 808 807 807 808 807 806 807 807 807 807 806 788 788 788 789 788 789 789 789 789 789 789 789 789 790 789 789 789 790 790 789 789 789 790 789 789 789 788 788 788 788 788 787 788 788 788 786 787 787 786 786 787 787 786 785 785 786 786 786 786 785 786 786 785 784 784 784 785 785 784 784 785 784 784 784 783 783 784 783 783 783 782 783 783 782 782 782 781 782 781
808 809 809 808 809 808 808 809 808 807 807 807 807 807 807 806 788 788 788 788 788 788 788 788 790 788 788 788 790 789 788 788 790 790 788 788 789 790 789 788 789 789 789 788 789 789 788 787 787 788 786 786 786 787 786 786 786 786 785 785 785 785 785 786 785 785 785 785 785 785 785 785 784 785 784 784 784 783 784 784 783 783 783 783 783 783 782 782 781 782 782 781 781 781
808 809 809 809 809 808 808 809 808 808 809 808 808 808 808 808 807 788 788 788 789 787 787 788 789 788 787 788 789 788 788 788 789 788 789 788 788 788 788 788 788 787 788 788 788 788 787 788 788 788 787 787 786 786 786 785 786 786 784 784 784 786 785 785 785 785 785 785 784 784 785 785 785 785 785 784 785 784 783 783 782 783 783 782 782 782 781 782 782 781 781 781 781 781
808 809 809 809 809 809 808 809 808 808 809 808 807 808 808 808 807 789 789 789 790 789 788 788 788 787 788 787 788 788 788 788 788 788 788 788 787 788 788 788 787 787 788 788 787 787 787 788 787 786 787 787 786 785 787 786 786 785 784 784 784 785 784 784 785 785 784 784 784 784 784 785 784 784 785 784 784 784 783 784 784 782 782 782 782 782 782 781 781 780 781 781 780 780
808 809 809 809 809 809 809 809 808 808 809 809 807 808 808 808 807 808 789 789 789 789 789 788 788 788 788 788 788 788 788 787 788 787 787 787 788 787 787 787 788 786 787 787 788 786 786 787 788 786 786 786 785 785 786 786 785 785 785 785 784 785 785 784 784 784 783 784 784 783 783 784 785 784 784 784 783 784 784 783 783 783 783 783 782 781 781 780 781 781 780 780 780 779
809 809 809 808 809 809 809 809 808 808 809 809 808 808 808 808 807 808 808 789 789 789 789 789 788 788 788 788 788 787 787 788 788 787 787 788 787 786 786 787 787 786 786 787 787 786 785 787 787 785 785 785 786 784 785 785 786 784 784 784 783 785 785 785 784 785 785 783 783 783 783 783 784 783 783 784 783 783 783 782 782 783 782 782 782 781 782 782 781 780 779 779 780 779
809 810 809 808 809 809 809 809 809 808 809 808 808 809 808 807 807 808 808 790 789 789 789 789 789 788 788 788 788 787 787 787 787 787 787 787 786 787 787 787 786 786 787 786 785 785 785 786 785 785 784 785 785 784 784 785 785 783 783 783 784 783 784 784 784 784 784 783 783 784 784 782 783 783 783 783 783 782 782 783 782 782 782 781 781 781 781 781 780 780 781 780 779 770
810 811 811 809 810 809 809 809 809 808 809 808 808 809 809 807 807 808 808 807 789 789 789 788 789 788 788 788 788 788 787 787 787 787 786 786 785 786 787 786 785 785 787 786 785 785 786 785 784 784 785 784 783 783 784 784 783 783 782 783 783 782 783 784 784 783 783 783 783 783 783 782 783 784 783 782 782 781 782 782 781 781 781 781 781 781 780 780 780 780 780 779 779 771
810 811 810 810 810 810 809 810 810 810 810 809 809 810 809 808 807 808 808 807 808 789 789 788 789 789 788 787 788 788 788 786 787 787 787 785 785 786 786 785 784 785 786 785 784 785 785 784 784 785 785 784 783 782 784 783 782 782 782 782 782 782 782 783 783 782 782 783 782 782 782 782 783 783 783 782 782 783 782 781 781 780 781 780 780 780 779 779 780 779 779 779 778 771
810 811 810 810 811 810 809 810 810 810 810 809 809 810 809 809 809 809 809 808 809 790 789 788 789 789 789 787 788 788 788 786 787 787 787 786 785 786 786 785 784 784 785 784 783 784 784 784 783 784 784 784 782 783 784 783 782 781 782 781 781 781 782 782 782 782 781 782 782 781 781 782 782 782 782 781 782 782 781 781 781 780 780 780 779 779 779 779 779 778 778 778 778 770
810 810 810 810 811 811 809 810 810 810 810 810 809 810 809 809 809 810 808 808 809 809 790 789 790 790 790 788 788 788 788 787 787 787 787 786 785 786 786 785 785 784 785 784 784 783 783 782 783 783 783 782 781 782 783 782 781 782 782 781 781 781 782 781 781 781 781 781 781 780 780 781 782 781 781 781 781 781 781 780 780 781 780 780 779 779 779 778 778 778 777 777 770 769
811 810 810 810 811 810 810 810 810 809 810 810 810 810 809 809 809 810 808 808 809 809 790 789 790 790 789 789 789 789 788 788 789 787 786 786 786 786 786 785 785 784 785 784 784 783 783 782 783 782 782 781 781 781 782 781 781 781 781 781 780 780 782 781 781 781 781 780 780 780 779 780 781 780 780 780 780 780 780 779 779 780 779 779 779 778 779 779 778 777 776 777 769 768
811 811 810 810 811 810 810 811 810 809 810 810 810 810 809 809 809 809 809 808 809 809 808 790 790 790 789 789 790 789 788 788 789 788 787 787 787 788 785 785 785 785 784 784 784 784 783 782 783 783 782 781 781 780 781 780 780 779 780 780 780 779 781 781 780 780 781 780 780 779 778 779 780 780 779 779 780 779 779 779 778 779 778 778 778 777 778 778 777 777 777 777 768 767
810 811 811 810 810 810 810 811 811 809 810 810 810 809 810 809 809 809 809 809 809 808 808 790 791 789 789 789 790 790 788 788 788 789 787 787 787 788 786 786 786 786 785 784 784 784 782 782 783 783 781 781 781 781 781 780 780 780 779 779 779 778 780 780 779 779 779 780 779 779 779 779 780 779 778 778 779 778 778 778 777 778 778 777 777 777 777 777 776 776 776 776 768 768
811 811 811 811 810 810 810 811 810 810 810 810 810 809 810 809 809 809 809 809 809 808 808 808 791 789 789 789 790 789 788 788 788 788 788 787 787 788 787 786 786 786 786 785 785 785 784 783 783 783 782 781 781 781 780 780 780 780 779 779 779 779 779 779 779 778 778 778 778 778 778 777 778 779 778 778 778 777 777 777 776 776 777 776 776 776 775 776 776 775 775 767 767 767
811 812 812 812 811 811 811 812 811 810 810 810 809 809 810 810 808 809 809 809 809 808 808 808 791 790 789 789 790 789 789 788 788 788 788 787 787 787 787 787 786 785 786 786 785 785 784 784 784 784 783 782 781 781 780 780 780 780 780 779 779 779 779 779 779 778 778 778 778 777 777 777 776 778 778 777 777 777 777 777 776 775 776 776 775 775 775 775 775 774 774 766 765 766
811 812 812 811 812 811 811 812 811 811 812 811 810 810 811 810 809 809 809 809 808 809 808 808 808 790 790 789 790 789 789 788 788 788 788 788 787 787 787 787 786 785 785 786 785 784 784 784 784 783 783 783 782 782 781 781 780 780 780 779 779 779 778 779 779 779 778 778 778 777 777 777 776 777 777 776 776 776 775 776 776 775 775 775 774 774 774 773 774 774 773 765 764 764
811 811 812 811 812 812 811 811 811 811 812 811 810 810 811 811 810 810 810 810 809 809 809 808 808 790 790 789 788 789 789 789 787 788 788 788 787 786 787 787 787 785 785 786 786 784 784 784 785 783 783 783 782 781 781 782 781 781 781 781 779 779 779 779 779 779 778 778 778 777 777 777 777 777 777 777 776 776 776 775 775 775 774 774 773 774 773 772 772 772 764 764 764 763
811 811 811 811 812 812 812 811 811 811 811 811 811 810 811 810 810 811 810 809 809 810 810 809 808 809 791 790 788 789 789 789 788 788 788 788 787 786 787 787 786 785 785 786 786 784 784 784 785 783 783 783 783 781 781 782 781 781 781 781 780 780 780 779 779 779 779 778 778 778 777 777 777 776 777 777 776 776 776 775 775 775 774 774 774 773 773 773 772 771 762 763 763 762
812 811 811 811 811 812 811 811 811 811 811 811 811 810 811 810 810 811 811 809 809 810 810 809 808 809 791 790 790 790 790 790 788 788 788 788 787 787 787 787 786 786 785 786 785 785 784 784 783 784 783 783 783 781 781 782 782 781 781 781 780 780 780 781 780 780 780 778 778 778 777 777 777 776 777 777 777 776 776 775 775 775 774 774 774 773 773 773 772 772 764 763 762 761
812 812 811 811 811 812 811 811 811 811 810 811 811 811 810 810 810 811 811 809 809 810 810 809 808 809 791 790 790 790 790 789 789 790 789 788 787 787 787 787 786 786 785 786 785 785 784 784 783 784 783 783 782 782 781 782 782 781 781 781 781 780 780 781 780 780 780 780 779 779 778 777 777 777 777 777 777 776 776 776 775 775 775 774 774 774 773 773 772 764 764 763 763 763
812 811 812 811 811 812 811 811 812 811 810 811 811 811 811 810 810 811 810 810 809 810 809 809 809 809 809 790 790 791 790 789 789 790 789 788 788 788 789 787 786 786 786 785 785 785 785 784 783 784 783 783 782 782 781 782 782 782 781 781 781 780 780 781 781 780 780 780 779 779 779 778 778 777 777 777 777 776 776 776 775 775 775 774 774 774 773 773 773 764 764 763 763 763
812 811 812 812 811 811 811 811 812 811 810 811 811 811 811 810 810 810 810 810 810 810 809 809 809 810 808 790 790 791 790 789 789 790 790 788 788 788 789 787 787 787 787 786 785 785 785 783 783 784 784 782 782 782 782 781 782 782 781 781 781 781 780 780 781 780 780 780 779 779 779 778 778 778 778 778 777 777 776 776 776 775 775 774 774 774 773 773 773 764 764 764 763 763
811 811 812 812 811 811 811 811 812 811 810 811 811 810 811 811 810 809 810 810 810 810 809 809 809 810 808 790 790 791 790 789 789 790 789 788 788 788 789 788 787 787 787 787 786 786 786 785 783 784 784 782 782 782 782 781 782 782 782 781 781 781 780 780 781 780 780 780 780 779 779 779 778 778 778 778 778 778 777 776 776 775 775 775 774 774 774 773 773 764 764 764 763 763
812 812 813 813 811 811 811 811 812 811 811 811 811 810 811 811 810 809 810 810 810 810 809 809 809 810 809 808 790 791 790 789 789 789 789 789 788 788 788 788 787 787 786 787 786 786 786 785 784 785 785 784 782 782 782 781 782 782 782 781 781 781 780 780 781 781 780 780 780 779 779 779 778 778 778 778 778 778 777 777 777 775 775 775 774 774 774 773 765 765 764 764 763 763
812 812 813 813 812 813 812 812 812 812 811 812 810 810 811 811 811 809 810 810 810 810 809 809 809 809 809 808 790 790 790 790 789 789 789 789 788 788 788 788 787 787 786 786 786 786 785 785 784 785 784 784 783 783 783 782 782 782 782 781 781 781 781 780 781 781 780 780 780 779 779 779 779 778 778 778 778 778 778 777 777 777 776 776 774 774 774 773 765 765 764 764 764 763
812 812 813 812 812 813 812 812 812 812 812 813 811 811 812 811 810 810 810 810 809 810 810 809 809 809 809 809 790 790 790 790 789 788 789 789 789 787 788 788 788 787 786 786 787 786 785 785 785 784 784 784 784 783 783 783 783 783 782 782 781 781 781 780 781 781 781 780 780 780 779 779 779 778 778 778 778 778 778 777 777 777 776 776 776 775 774 774 765 765 764 764 764 763
812 812 813 812 812 813 813 811 812 812 812 813 812 811 811 812 811 811 811 811 809 809 810 809 808 809 809 809 808 790 790 790 790 788 789 789 789 787 787 788 788 786 786 786 787 785 785 785 785 784 784 784 784 783 783 783 784 783 783 783 782 781 781 781 780 781 781 780 780 780 779 779 779 778 778 778 778 778 778 777 777 777 776 776 776 775 775 767 766 765 765 764 764 763
813 812 812 812 812 813 813 811 812 812 812 812 812 811 811 811 811 811 812 811 810 810 811 811 808 808 809 809 808 789 790 790 789 788 789 789 789 787 787 788 788 787 786 786 787 786 785 785 785 784 784 784 784 783 783 783 783 783 783 783 782 782 782 782 780 781 781 780 780 780 779 779 779 779 778 778 778 778 778 778 777 777 777 776 776 775 775 767 766 766 766 764 764 764
813 813 812 812 812 813 812 812 812 812 812 812 812 812 811 811 811 811 812 810 810 810 811 810 809 809 810 810 808 789 790 790 789 789 789 789 788 788 787 788 787 787 786 786 787 786 785 785 785 784 784 784 784 784 783 783 783 783 783 783 783 782 782 782 781 782 781 780 780 780 780 779 779 779 778 778 778 778 778 778 777 777 777 776 776 776 775 767 766 766 766 765 765 764
813 813 811 812 812 813 812 812 813 812 811 811 812 812 811 811 811 811 812 811 810 810 811 810 810 809 810 809 809 790 791 791 789 789 789 789 788 788 787 788 787 787 786 786 786 786 785 785 785 784 784 784 784 784 783 783 783 784 783 783 783 782 782 782 782 781 782 782 781 780 780 779 779 779 778 778 778 777 778 778 777 777 777 776 776 776 767 767 767 766 766 765 765 765
813 812 812 812 812 812 812 812 812 812 811 811 812 812 811 811 811 811 811 811 810 810 811 810 810 809 810 809 809 809 791 790 790 790 790 788 788 788 788 788 787 787 787 786 786 786 786 785 784 784 785 784 784 784 783 783 783 784 783 783 783 782 782 782 782 781 782 782 781 781 781 779 779 779 778 778 778 777 778 778 777 777 777 776 776 776 767 767 767 766 766 766 765 765
724 812 812 812 812 811 812 812 812 812 811 811 812 812 811 811 811 811 810 811 810 810 810 810 810 809 809 809 809 809 791 790 790 790 790 789 789 789 788 787 787 787 787 786 785 786 786 785 784 784 784 784 784 784 784 783 783 783 783 783 783 783 782 782 782 781 782 782 781 781 781 781 780 779 779 778 778 778 777 778 778 777 777 777 776 768 767 767 767 766 766 766 765 765
723 723 723 724 723 722 723 723 812 812 811 811 812 811 811 812 811 810 810 811 811 810 810 810 810 810 809 809 809 809 791 790 790 790 790 789 789 789 789 787 788 787 787 786 785 786 786 784 784 784 784 784 784 784 784 783 783 783 784 783 783 783 782 782 782 781 782 782 782 781 781 781 780 780 780 778 778 778 777 778 778 777 777 777 776 768 768 767 767 766 766 766 765 765
723 723 723 724 722 722 723 723 722 723 722 722 723 722 722 812 811 810 810 811 811 809 810 810 810 810 809 809 809 809 791 790 790 790 789 789 789 789 788 788 788 788 788 787 785 786 786 785 784 784 784 785 784 784 784 783 783 783 784 783 783 783 782 782 782 782 781 782 782 781 781 781 780 780 780 779 779 778 777 777 778 777 777 777 776 768 768 767 767 767 766 766 765 765
723 723 723 724 723 722 723 723 722 723 723 722 722 722 722 723 722 721 721 722 722 721 809 810 810 809 810 809 809 808 790 790 790 790 789 790 789 789 788 788 788 788 787 787 786 787 787 785 784 784 784 785 784 784 784 784 783 783 784 783 783 783 783 782 782 782 781 782 782 781 781 781 780 780 780 779 779 779 779 777 777 777 777 777 768 768 768 767 767 767 766 766 766 765
723 723 723 723 723 722 723 722 722 723 723 722 722 722 722 722 722 721 721 722 721 721 720 721 721 720 720 720 720 719 808 791 790 789 789 790 789 789 788 788 788 788 787 787 786 787 786 786 785 784 784 784 784 784 784 784 783 783 783 783 783 783 783 782 782 782 781 781 782 781 781 781 781 780 780 780 779 779 779 778 778 778 777 777 769 768 768 767 767 767 766 766 766 765
