testData/tiles/oneDegree/grid15.0-25.0-16.0-26.0.asc
ncols   200
nrows   200
xllcorner   15.0
yllcorner   25.0
cellsize   0.005
NODATA_value   -9999.0
[rows 42 to 83 of 200, columns 0 to 93 of 200]
595 594 595 594 594 594 594 594 594 593 593 593 592 593 592 593 592 592 592 591 590 590 590 689 635 634 633 633 632 631 632 630 629 628 628 627 626 625 624 622 623 621 619 618 618 616 615 614 612 611 609 608 606 604 602 601 599 597 594 593 591 588 587 588 588 588 588 589 588 588 588 589 589 588 588 588 589 588 588 588 588 588 588 588 587 587 588 453 453 452 452 453 452 452
596 596 595 596 595 595 595 594 595 594 594 594 594 593 594 593 592 593 592 591 591 590 590 636 635 634 634 634 632 633 632 630 631 629 628 628 627 625 626 624 623 621 621 620 618 617 616 615 613 612 610 608 606 606 604 602 600 598 596 594 592 590 589 589 588 589 589 589 589 590 590 589 589 590 590 589 589 589 590 589 589 589 588 589 589 588 588 454 454 454 453 453 453 453
596 597 596 596 596 596 595 596 595 596 595 594 595 594 594 594 594 593 594 592 591 592 591 537 636 635 635 634 634 633 632 632 631 630 630 628 627 627 626 624 624 623 621 621 620 618 616 615 614 613 611 610 608 606 604 603 601 598 597 595 592 590 589 590 590 590 590 591 590 590 590 591 591 590 590 590 591 590 590 590 590 590 590 589 589 590 589 455 455 454 454 454 454 454
598 597 597 597 597 597 596 596 596 596 595 596 595 596 595 595 595 594 593 593 593 592 593 537 636 637 636 635 635 634 633 633 631 631 630 629 629 627 627 626 624 623 623 621 620 619 618 616 614 614 612 610 609 608 606 603 602 600 598 596 594 592 591 591 591 591 591 591 591 592 592 591 591 592 592 591 591 591 591 591 591 590 590 591 590 590 590 455 456 456 455 455 454 455
597 598 598 597 598 597 598 597 597 597 597 596 596 596 595 596 595 595 594 594 594 593 593 538 538 637 636 636 635 634 634 633 632 632 631 630 629 629 627 626 625 625 623 622 621 620 618 617 615 614 613 612 610 607 606 604 602 600 599 596 594 592 592 592 592 592 593 593 592 592 592 593 593 592 592 593 592 592 592 592 592 592 592 591 591 591 591 457 456 456 457 456 456 455
598 598 599 599 598 598 598 598 598 597 598 597 597 597 597 596 596 595 594 595 594 594 539 539 538 538 637 636 637 635 634 635 633 633 632 631 630 629 628 628 626 625 624 623 621 621 619 618 617 615 613 611 610 609 607 605 604 602 599 597 596 593 593 593 593 593 593 593 593 594 593 593 593 594 593 593 593 593 593 593 593 592 592 593 592 592 591 457 458 457 457 456 456 457
598 599 598 600 599 599 599 599 598 599 598 599 598 597 597 596 596 596 596 595 596 594 539 540 539 538 638 638 637 636 636 634 634 634 632 632 631 630 629 628 627 626 625 624 622 621 621 619 617 616 615 613 611 609 608 606 604 602 600 598 596 593 594 594 594 594 595 595 594 594 594 595 594 594 594 595 594 594 594 593 594 594 593 593 593 593 593 458 458 458 458 458 457 457
600 599 600 599 599 599 599 600 599 599 599 599 597 598 597 598 597 597 597 596 596 595 541 540 541 539 538 638 637 637 636 636 635 633 634 632 631 631 630 628 628 627 625 625 623 622 620 620 619 617 615 613 613 611 609 607 606 603 601 599 597 595 595 595 596 595 595 595 596 596 595 595 595 596 595 595 595 594 595 595 594 594 595 594 594 594 593 459 459 459 458 458 458 458
601 600 600 600 600 599 600 599 600 599 599 599 598 598 598 598 597 598 597 597 596 542 541 542 540 539 540 539 638 638 637 636 636 635 634 632 633 631 630 630 629 627 626 626 624 623 622 620 619 618 617 615 613 611 610 608 605 603 602 600 597 595 596 596 596 596 597 597 596 596 596 597 596 596 596 596 596 596 595 595 596 595 595 595 594 595 594 460 460 459 460 459 459 459
601 601 601 600 601 600 600 600 600 600 600 599 600 599 599 599 599 598 599 597 596 543 542 542 541 541 540 540 639 638 637 637 637 635 635 634 633 633 632 630 629 629 627 626 626 624 622 621 620 619 617 615 615 613 610 608 607 605 603 600 599 597 597 597 598 597 597 597 598 598 597 597 597 598 597 597 597 597 597 597 596 596 596 596 596 595 461 460 461 461 460 460 459 460
602 602 601 602 601 602 601 601 601 601 600 600 600 599 600 599 599 599 598 598 598 543 543 542 542 541 541 540 539 640 638 638 637 636 636 635 635 633 631 632 630 629 629 627 625 625 624 622 620 619 618 616 614 612 611 609 607 605 603 601 599 597 598 598 598 598 599 599 598 598 599 599 598 598 598 598 598 598 597 597 598 597 597 596 596 597 462 462 461 461 461 461 461 460
602 603 602 602 602 602 602 602 601 602 601 601 601 601 600 601 600 599 599 598 598 544 544 542 543 542 541 541 541 539 639 639 637 637 636 635 634 634 633 632 630 630 629 627 627 626 624 623 622 620 618 616 616 614 612 610 609 607 604 602 601 599 599 599 600 599 599 599 600 600 599 599 599 599 599 599 598 599 599 598 598 597 598 598 597 597 462 462 463 462 462 461 461 461
602 603 603 603 602 603 602 602 602 602 602 602 601 602 601 601 600 600 599 600 545 545 544 544 543 544 542 541 541 540 640 639 639 638 636 637 635 635 633 632 632 630 630 629 627 625 626 624 622 620 620 618 616 614 613 611 609 607 606 604 600 599 600 600 600 600 601 600 600 600 601 600 600 600 599 600 600 599 599 599 599 599 598 598 598 598 464 463 463 462 463 463 462 462
603 603 604 604 604 603 604 603 603 603 603 602 603 602 601 601 601 600 600 600 545 545 544 544 544 543 542 543 542 541 541 639 639 637 638 637 636 635 634 633 633 631 630 629 629 627 625 624 624 622 620 618 618 616 614 612 610 608 606 603 602 601 601 601 602 601 601 601 602 601 601 601 601 601 601 600 600 600 600 600 600 599 600 599 599 598 464 464 464 464 463 463 462 463
604 603 604 603 604 604 604 604 604 603 604 603 603 602 602 601 602 601 601 601 546 545 546 545 545 544 543 543 541 542 541 540 640 639 638 637 637 635 635 634 633 632 631 631 629 627 627 625 623 622 622 620 618 616 614 612 611 609 608 605 603 601 602 602 602 602 603 602 602 602 602 602 602 602 601 602 601 601 601 600 601 600 600 600 599 600 465 465 464 464 464 464 464 463
605 604 604 604 604 603 604 603 603 603 603 602 603 602 602 602 602 602 602 547 546 546 546 545 545 544 544 544 543 542 542 541 640 640 639 638 637 637 636 634 634 633 632 630 630 629 627 625 625 623 621 619 619 617 615 613 612 610 607 605 604 603 603 603 604 603 603 603 604 603 603 603 602 603 603 602 602 601 602 602 601 601 600 601 600 600 466 465 466 465 465 464 464 464
605 605 605 605 605 605 604 605 604 604 604 604 603 604 603 603 603 603 602 548 547 547 547 547 545 545 545 543 544 543 542 541 541 640 640 639 639 637 635 636 634 634 633 631 630 629 628 627 625 623 623 621 619 617 616 614 613 610 609 607 604 603 604 604 604 604 605 604 604 604 603 604 604 603 603 604 603 603 602 602 603 602 602 601 601 601 467 466 466 465 465 465 465 465
606 606 605 606 605 605 605 605 604 605 604 605 604 604 604 604 603 604 602 548 548 548 547 546 546 546 545 545 544 543 543 543 541 541 640 639 638 638 637 636 636 634 633 632 631 629 629 627 626 625 623 621 621 619 617 615 613 611 609 607 605 605 605 605 606 605 605 605 605 605 605 604 604 605 604 604 604 603 604 603 603 602 602 602 602 602 467 467 467 467 466 466 465 465
606 606 606 606 606 606 605 606 605 605 605 605 604 605 604 604 604 603 548 549 548 548 547 547 546 547 545 545 545 544 543 543 542 542 540 641 639 639 637 636 636 634 634 633 631 630 629 629 627 625 624 623 621 619 618 615 614 612 611 608 606 605 606 606 606 606 606 606 606 606 605 606 605 605 605 604 605 604 604 604 604 604 603 603 602 602 468 468 467 467 466 467 466 466
606 607 606 607 606 606 606 606 606 606 606 606 606 605 606 604 604 604 550 549 550 549 548 548 548 546 546 546 546 544 545 543 542 542 541 641 639 639 638 637 637 636 634 633 633 631 630 628 628 627 625 623 622 621 618 616 615 613 610 608 607 607 607 607 607 607 607 607 606 607 607 606 606 606 606 606 605 605 605 605 604 604 603 604 603 603 469 468 469 468 468 467 467 466
606 607 608 607 608 607 607 607 607 606 607 606 606 606 605 604 605 604 550 550 550 548 549 548 548 547 547 546 546 545 545 543 544 542 542 541 641 639 639 638 636 636 635 634 633 632 631 629 628 626 625 624 622 620 619 618 616 614 612 610 608 608 608 608 608 608 608 608 608 607 607 608 607 607 606 606 606 606 606 605 605 605 605 604 604 603 470 469 469 468 468 468 468 467
608 607 607 607 607 607 608 607 608 607 607 607 606 605 606 605 605 551 551 550 550 549 549 549 548 547 547 547 546 545 545 544 544 543 543 541 541 640 639 638 638 637 636 634 633 633 631 630 629 627 626 624 623 622 620 618 617 614 612 610 609 609 609 609 609 609 609 608 608 609 608 608 607 607 608 607 607 606 607 606 606 605 605 604 605 604 470 469 469 469 469 468 468 467
608 608 608 607 608 607 607 607 607 606 607 606 606 606 606 605 606 551 551 550 550 550 550 550 548 549 548 547 547 547 545 545 544 544 542 543 541 541 639 639 638 636 637 635 634 632 633 631 629 628 627 626 624 622 621 620 617 615 614 611 610 610 610 610 610 610 609 610 609 609 609 609 609 608 608 607 608 607 607 607 606 607 606 606 605 471 471 471 470 470 469 469 469 469
609 608 608 608 608 608 608 607 608 607 607 607 607 606 607 607 606 553 551 551 551 551 550 549 549 549 548 548 547 546 546 546 544 544 543 543 541 542 640 639 638 638 637 636 635 633 632 631 631 629 628 626 625 624 622 619 618 616 614 611 611 611 611 611 610 611 611 610 610 610 610 609 609 609 609 609 608 608 607 608 607 607 606 606 606 472 471 471 470 471 470 470 469 469
609 609 609 608 609 608 608 608 608 608 608 608 607 608 607 607 553 552 551 552 551 551 550 550 549 550 548 548 548 547 546 545 545 545 543 544 542 541 540 640 639 638 636 637 635 634 633 632 630 630 629 627 626 623 622 621 619 617 615 613 612 612 611 612 612 611 611 612 611 611 610 610 610 610 609 609 608 609 608 608 607 607 607 607 606 472 471 472 471 471 470 470 470 470
610 609 609 609 609 609 609 609 609 609 608 609 608 608 608 608 552 553 552 552 552 552 550 550 550 549 548 549 547 547 547 546 545 544 545 543 543 542 542 540 639 639 638 636 636 635 633 632 631 630 628 627 626 624 623 621 620 617 615 613 612 613 613 612 612 613 612 612 611 611 611 611 611 610 611 610 610 609 609 609 609 608 608 607 607 473 472 472 471 471 471 471 470 470
609 609 610 609 610 610 609 610 609 609 609 609 608 609 607 607 553 553 552 553 552 551 551 551 550 550 549 549 548 548 548 546 547 545 545 544 544 542 542 541 540 639 638 637 636 635 634 633 632 630 630 628 626 625 624 622 620 618 616 614 614 613 613 614 613 613 613 613 613 612 612 611 612 611 611 610 610 610 610 609 609 608 609 608 608 473 473 473 473 472 471 471 470 471
610 609 609 610 610 611 610 610 610 610 609 610 608 608 608 554 553 554 553 553 552 552 551 551 551 550 550 549 549 548 548 547 546 545 546 544 543 543 542 541 540 539 639 637 636 635 635 633 632 631 630 628 627 626 625 622 620 619 617 614 614 615 615 614 614 614 614 613 613 612 613 612 612 611 611 611 611 610 610 609 610 609 609 608 608 474 474 473 473 472 472 472 472 471
610 611 610 610 610 610 609 610 609 609 609 609 608 609 608 554 554 554 553 553 552 552 553 551 551 551 551 549 549 549 548 547 547 546 545 544 544 543 542 542 541 539 638 638 637 635 634 634 633 632 630 630 628 625 624 623 622 620 617 616 616 615 615 615 615 615 614 614 614 614 613 612 612 612 612 611 611 611 611 610 610 609 609 609 609 474 474 473 474 473 473 472 472 471
611 611 610 611 610 610 610 610 610 610 609 610 609 609 609 555 554 555 553 553 553 553 553 551 552 551 550 550 550 548 548 548 547 546 546 545 544 543 543 541 541 541 539 639 637 637 635 634 632 632 630 629 627 627 625 624 622 620 618 616 616 617 616 616 615 615 615 615 614 614 614 614 613 613 612 613 612 611 611 610 611 610 610 609 609 474 475 474 474 473 473 473 473 472
611 612 611 611 611 611 610 611 610 610 610 610 609 610 555 555 555 554 553 554 554 553 553 552 552 551 551 550 550 549 549 547 548 546 546 544 545 543 543 542 541 541 539 539 638 637 635 635 633 632 630 630 628 627 625 625 622 621 619 618 617 617 616 616 616 616 615 615 615 615 614 614 613 614 613 613 612 612 612 611 611 610 610 610 610 475 475 474 474 474 474 473 473 472
612 612 611 612 611 611 611 611 610 611 610 611 610 610 555 555 554 554 554 554 554 553 553 552 553 551 551 551 550 549 549 548 548 546 547 545 545 543 543 543 541 541 540 539 537 638 636 635 633 633 631 630 628 628 626 624 622 621 620 618 617 617 617 617 616 616 616 616 615 615 614 615 614 614 613 613 613 613 612 611 611 611 611 610 610 475 476 475 475 474 474 473 474 473
611 613 612 612 612 612 611 612 611 611 611 611 610 557 555 555 555 555 554 555 554 553 553 553 552 551 552 551 550 550 549 548 547 547 547 545 545 544 543 543 542 541 540 539 538 537 635 635 634 633 631 630 629 627 625 624 623 622 619 618 618 618 617 617 617 617 616 616 615 616 615 615 614 614 614 614 613 613 612 612 612 611 611 610 611 476 476 475 475 475 475 474 474 473
612 612 611 612 612 612 612 612 611 612 611 610 610 556 555 556 555 555 555 554 554 554 554 553 553 552 552 550 551 550 549 549 548 547 546 546 545 544 544 542 542 541 540 540 538 537 536 635 633 632 631 630 628 627 626 625 623 620 619 618 618 618 618 618 617 617 616 617 616 616 615 615 615 615 614 614 613 613 613 612 612 611 612 611 477 476 476 476 476 475 475 474 474 474
612 612 612 612 612 612 611 612 611 611 611 611 610 557 556 556 556 556 554 554 554 554 554 553 553 552 552 551 551 549 550 549 548 548 547 546 545 544 544 542 543 541 540 538 539 537 536 535 634 633 631 630 629 627 626 624 623 621 619 618 619 618 618 617 617 618 617 617 616 616 616 615 615 614 615 614 614 613 613 613 613 612 612 611 477 477 477 476 476 475 476 475 475 474
613 612 612 613 612 612 612 612 611 612 611 611 557 557 556 557 556 555 555 555 554 555 553 553 553 553 552 551 552 550 550 549 549 547 547 546 546 544 544 543 542 541 541 539 538 537 537 535 534 632 632 630 629 627 627 624 622 620 617 618 618 618 618 618 618 617 617 616 617 616 616 615 616 615 615 614 614 614 614 613 613 612 613 612 478 477 477 476 477 476 476 475 475 474
613 612 613 612 612 613 612 613 612 612 612 612 557 557 557 557 555 556 555 555 555 554 553 554 553 552 552 552 551 550 551 549 549 548 548 546 546 545 544 543 542 541 541 539 538 537 537 535 535 533 632 630 628 627 625 623 622 620 618 618 618 618 618 618 617 617 618 617 617 616 617 616 616 615 615 615 615 614 614 613 614 613 613 612 478 477 478 477 477 476 475 476 475 475
614 613 613 613 613 612 613 613 612 613 612 558 558 558 556 557 556 556 556 556 555 554 554 554 552 553 552 552 551 551 549 549 548 548 547 547 546 545 544 544 543 541 540 540 539 537 535 535 533 532 530 630 628 626 625 624 621 619 617 618 618 618 618 617 618 618 617 617 617 617 616 616 616 616 616 615 615 614 615 614 614 613 613 613 478 478 477 477 476 477 476 476 475 475
613 612 614 613 613 613 613 612 613 613 612 559 558 557 557 557 556 557 556 556 555 555 554 555 553 553 552 552 551 551 550 550 548 548 547 547 545 546 544 543 542 542 540 539 538 538 536 535 533 533 531 529 628 627 625 624 621 620 618 618 618 618 618 618 618 617 618 618 617 617 616 617 616 616 615 615 615 615 614 614 613 614 613 613 478 478 477 478 477 477 476 476 476 476
613 613 613 613 613 613 614 613 613 612 558 557 558 557 557 557 557 557 556 556 555 555 555 554 553 554 552 552 551 551 550 549 549 549 547 546 546 545 544 543 542 542 540 540 538 537 536 535 534 532 531 530 528 627 624 622 621 619 617 617 618 618 618 618 618 618 618 617 617 617 617 616 616 616 616 616 615 615 614 615 614 614 613 613 479 479 478 478 477 477 477 477 476 476
614 613 614 613 613 613 613 612 613 612 558 558 558 557 558 557 557 556 556 555 555 556 554 554 554 554 552 553 552 551 550 550 549 548 548 547 546 545 545 543 542 540 541 539 538 536 537 535 533 532 531 530 528 525 624 623 621 618 618 618 618 618 618 618 618 618 617 618 617 617 617 616 617 616 616 615 615 615 615 615 614 614 614 614 479 479 478 478 478 478 477 477 476 477
614 614 614 613 614 613 613 613 613 612 559 558 558 558 558 557 557 556 556 556 556 554 555 554 554 552 553 552 551 551 550 549 549 548 548 546 546 545 544 543 543 541 541 539 538 537 535 534 533 531 530 528 527 526 524 622 620 618 617 617 617 618 618 618 617 618 618 617 617 617 617 617 616 616 616 616 616 615 615 614 615 614 614 613 479 479 479 478 478 477 477 477 477 476
