testData/tiles/oneDegree/grid14.0-16.0-15.0-17.0.asc
ncols   200
nrows   200
xllcorner   14.0
yllcorner   16.0
cellsize   0.005
NODATA_value   -9999.0
[rows 126 to 167 of 200, columns 0 to 93 of 200]
400 397 394 393 390 387 384 381 378 374 370 366 361 358 272 266 261 253 244 241 204 204 205 205 206 206 206 134 134 134 135 135 135 136 136 136 137 137 137 138 138 226 227 227 227 228 228 228 229 229 229 230 230 230 230 231 231 231 231 231 231 232 232 232 232 233 233 233 234 234 234 234 235 235 235 235 236 236 236 236 237 266 266 265 267 268 268 269 271 272 272 273 274 275
399 396 395 392 389 387 383 381 377 374 371 366 363 357 351 266 259 251 243 241 204 205 205 206 206 206 207 207 134 135 135 135 136 136 136 137 137 137 138 226 226 227 227 227 228 228 228 229 229 229 230 230 230 231 231 231 231 232 232 231 232 232 232 233 233 233 233 234 234 234 235 264 264 264 265 265 265 265 266 266 266 267 269 270 269 270 272 273 273 274 275 276 277 278
398 397 394 391 389 386 384 380 377 374 370 365 362 356 352 266 259 251 241 241 205 205 206 206 206 207 207 207 135 135 135 136 136 136 137 137 137 226 226 226 227 227 227 228 228 228 229 229 229 230 230 230 231 231 231 232 232 232 232 233 232 232 233 262 262 263 263 263 263 264 264 264 264 265 265 265 266 266 267 268 270 271 271 272 274 274 274 275 276 278 279 280 281 283
399 396 393 391 388 386 383 379 377 373 369 365 361 356 351 264 258 250 242 242 205 206 206 206 207 207 207 208 135 135 136 136 136 137 137 225 226 226 226 227 227 227 228 228 228 229 229 229 230 230 230 231 231 231 232 261 261 262 262 262 262 262 262 262 263 263 263 264 264 264 264 265 265 265 265 267 268 269 271 271 272 274 276 278 278 280 280 283 283 285 286 288 289 290
398 395 394 391 388 386 382 380 376 372 369 364 360 355 350 264 257 248 243 243 206 206 206 207 207 207 208 208 135 136 136 136 137 225 225 226 226 227 227 227 228 228 228 229 229 229 230 259 259 259 260 260 260 261 261 261 262 262 262 263 263 263 262 263 263 263 264 264 264 265 265 265 267 269 271 272 273 275 277 278 280 281 283 284 286 287 288 289 289 292 293 294 295 297
397 396 393 390 388 385 382 379 375 372 368 363 359 354 349 263 255 247 243 243 207 207 208 207 207 208 208 208 136 136 136 137 225 225 226 226 227 227 227 228 257 257 258 258 258 259 259 259 260 260 260 261 261 261 261 262 262 262 263 263 263 264 264 263 264 266 266 267 268 270 271 273 274 276 277 280 281 283 284 285 287 288 290 291 292 294 294 296 297 297 299 301 301 303
398 395 392 390 387 385 382 378 375 371 367 363 358 354 348 341 255 245 243 207 207 208 208 208 209 208 208 209 136 136 225 225 225 255 255 256 256 256 257 257 257 258 258 258 259 259 259 260 260 260 261 261 261 262 262 262 263 264 265 266 267 268 268 269 269 270 270 273 274 276 278 280 281 282 285 285 287 289 291 292 292 295 296 297 298 300 302 301 302 305 305 306 307 308
398 394 393 390 386 384 381 378 374 370 367 362 358 353 347 341 253 243 244 207 208 208 208 209 209 209 238 238 253 254 254 255 255 255 256 256 256 257 257 257 258 258 258 259 259 259 260 260 260 262 263 263 265 265 266 268 268 269 269 271 271 272 273 274 274 277 278 279 281 283 285 285 288 289 290 292 294 294 296 297 300 300 301 304 304 305 307 307 308 310 310 311 313 314
397 395 392 389 387 383 381 377 373 370 366 361 357 352 346 339 251 244 244 207 237 237 238 238 238 239 327 327 254 254 255 255 255 256 256 256 257 257 257 258 258 259 260 261 261 263 264 264 266 266 267 268 269 269 271 271 272 273 274 274 276 276 278 279 281 282 283 286 287 289 290 292 294 294 296 298 299 300 302 303 305 306 307 309 310 310 312 314 314 314 316 317 317 319
399 394 391 389 386 383 380 376 374 369 365 361 356 351 374 367 279 273 273 237 237 238 238 238 327 327 327 328 255 254 255 255 256 256 256 258 259 259 261 262 262 264 264 265 266 267 267 269 270 270 271 272 272 274 274 275 276 277 277 280 281 282 285 286 288 289 290 292 292 294 296 297 299 301 302 303 305 306 308 308 310 312 312 313 316 316 317 318 320 320 320 322 323 324
398 393 391 388 385 383 379 377 402 397 394 389 385 379 373 366 278 273 274 237 238 238 238 327 327 327 328 328 256 257 258 259 259 260 262 262 263 264 265 265 267 267 268 269 270 270 272 272 273 274 275 275 277 277 278 279 279 281 283 285 286 288 290 291 293 295 296 297 299 300 301 303 304 306 307 308 310 311 313 314 315 316 317 319 320 320 323 324 324 325 326 327 327 329
398 393 420 417 414 411 408 405 401 398 393 388 384 378 372 365 356 274 237 237 238 326 328 328 329 331 331 332 334 261 263 264 263 265 265 266 267 268 268 270 270 271 272 273 273 275 275 276 277 277 278 279 280 280 281 283 284 288 289 290 293 294 295 298 298 299 302 302 304 305 307 307 309 311 312 314 314 316 318 318 319 322 322 323 325 326 327 328 329 331 331 331 332 334
427 423 419 417 414 410 408 404 401 397 392 388 383 378 371 363 355 275 239 329 330 331 332 332 334 335 335 337 337 266 266 267 268 269 268 270 270 271 272 273 273 275 275 277 277 278 279 279 280 281 282 282 283 286 287 289 291 292 294 296 297 299 301 302 304 306 306 308 309 310 312 313 314 315 317 319 319 321 322 323 325 326 326 328 330 330 331 332 334 335 335 336 337 338
428 422 419 416 413 410 407 404 400 396 393 388 383 379 372 366 359 279 332 333 334 335 335 337 337 338 340 340 342 269 270 271 272 272 274 273 273 275 275 276 277 278 279 279 280 281 282 282 283 284 285 288 289 290 293 294 295 298 299 300 302 304 305 307 309 310 312 313 314 315 317 318 318 320 322 323 324 326 327 327 329 331 331 332 334 335 336 337 338 339 340 341 341 343
427 422 418 415 413 410 408 405 402 400 395 391 387 381 376 368 450 372 335 336 337 338 340 340 341 342 343 344 345 272 273 274 274 276 276 277 277 278 278 279 280 281 282 282 283 284 284 285 287 288 291 292 293 296 298 299 302 303 304 307 307 308 311 312 313 315 317 318 318 321 321 322 324 325 326 327 329 330 331 331 334 335 335 338 338 339 340 342 343 343 344 345 346 346
428 425 420 418 416 414 411 408 406 401 398 395 389 384 465 457 454 375 338 340 340 342 342 343 344 345 345 347 347 276 276 277 278 278 279 280 281 280 281 282 283 284 284 285 286 286 288 290 291 294 296 297 300 301 302 305 306 307 309 311 312 314 315 316 318 320 321 322 323 325 325 327 328 329 331 332 333 334 336 336 338 339 340 341 342 343 344 345 347 348 349 349 351 455
433 429 424 422 419 417 414 410 408 404 401 396 391 474 466 459 457 421 342 343 344 345 345 347 347 348 349 349 351 278 279 280 280 281 282 283 283 284 285 285 286 286 287 288 289 291 293 295 297 299 300 302 304 305 307 309 310 312 314 315 317 318 320 321 322 324 326 327 327 329 331 331 332 334 335 335 337 339 339 340 343 343 344 345 347 348 348 349 350 352 352 353 459 460
436 432 427 424 422 419 416 413 410 406 402 485 481 474 469 459 460 424 345 345 347 347 349 349 350 351 351 353 353 281 282 282 283 284 285 285 286 287 288 288 288 289 290 292 294 296 298 300 301 303 305 306 308 310 311 313 315 316 318 320 321 322 325 325 326 329 330 331 332 334 335 336 336 338 339 340 341 343 343 345 346 347 349 349 350 351 353 354 354 355 357 463 463 464
438 435 430 426 424 421 419 415 412 408 492 488 483 476 469 462 463 427 347 349 349 351 351 351 353 353 354 355 355 284 284 285 286 286 287 288 288 290 290 290 293 293 294 298 299 300 303 304 305 308 309 310 313 314 315 318 319 320 322 324 325 327 329 329 331 332 334 336 336 337 340 340 341 341 344 344 345 346 348 349 349 351 353 353 355 355 356 357 359 359 465 466 468 468
442 438 432 429 426 424 420 417 502 498 494 490 483 477 470 465 466 429 351 351 352 353 353 355 355 355 357 357 359 286 286 288 288 288 290 290 291 292 293 295 297 299 300 302 303 305 307 308 310 313 314 316 317 320 320 321 324 325 326 328 330 331 331 334 335 336 338 339 340 342 343 344 346 346 346 348 350 350 351 353 354 355 355 357 358 359 359 361 363 468 470 470 471 472
444 440 436 430 428 425 422 507 503 499 495 490 485 479 470 467 468 432 353 353 355 355 356 357 357 358 359 360 361 288 289 290 290 291 292 293 294 296 298 299 302 304 305 306 308 309 311 314 315 317 319 320 322 324 325 326 327 329 331 332 333 336 336 337 340 341 342 342 345 346 346 348 349 350 351 352 352 354 356 356 357 359 360 361 361 363 364 365 470 472 472 474 474 476
447 443 438 432 430 514 512 508 505 501 497 492 485 479 471 470 434 434 435 356 357 358 358 359 360 360 361 362 362 291 291 291 293 293 293 297 298 300 303 304 306 308 309 311 313 314 316 318 320 321 322 325 326 327 328 330 331 333 335 336 338 338 340 342 343 344 346 347 348 348 351 352 353 354 356 355 357 358 358 360 362 362 363 365 366 366 367 368 475 475 476 477 478 479
448 445 440 435 519 515 513 509 507 502 498 492 486 480 471 473 436 436 438 358 358 360 360 362 362 362 364 364 365 293 293 294 295 296 299 301 303 305 307 309 310 311 314 316 317 319 320 322 323 325 327 328 330 332 332 333 336 337 338 340 342 342 344 345 347 348 349 350 353 353 354 355 357 358 359 359 360 361 363 364 364 366 367 368 368 370 371 477 477 479 479 481 481 483
451 447 530 526 520 517 514 511 507 503 498 493 487 480 473 474 438 439 440 360 361 362 363 363 364 365 365 367 367 294 296 297 298 302 303 305 308 309 311 312 314 316 318 320 322 323 324 326 327 329 331 332 334 334 336 338 339 340 343 344 344 346 348 349 350 351 353 355 355 356 359 359 360 361 362 364 363 365 366 367 369 369 370 370 373 374 479 480 481 483 483 484 485 485
452 536 532 527 522 518 515 512 508 504 499 495 488 479 476 476 441 441 441 363 363 363 365 365 366 367 367 368 369 298 299 301 304 305 307 310 311 313 315 316 318 321 322 324 325 328 329 329 332 333 334 336 337 338 340 341 343 345 346 346 349 350 351 352 354 355 357 357 359 361 361 362 364 365 366 367 367 368 369 371 371 372 375 375 376 481 483 484 485 485 487 487 487 489
542 539 533 529 523 519 517 513 509 505 499 494 488 480 478 478 442 443 444 364 365 366 366 368 368 368 370 370 373 302 303 306 307 309 312 313 316 317 318 321 323 324 326 328 330 331 332 335 335 336 339 339 340 342 344 345 347 348 349 351 352 353 355 356 357 359 359 361 363 363 364 367 367 368 370 370 372 371 373 373 374 377 377 378 484 485 486 487 488 489 489 491 492 492
545 539 535 530 525 521 517 514 510 505 501 495 488 480 479 444 444 445 446 446 367 368 369 369 370 371 372 374 377 305 308 310 311 314 316 318 319 320 323 325 326 329 330 332 333 335 337 338 339 340 341 342 344 346 347 349 350 351 353 354 355 357 358 359 361 362 363 365 365 366 369 369 370 372 372 374 375 376 375 377 379 379 380 486 488 488 489 490 491 491 494 494 495 495
547 541 536 532 526 522 518 515 511 506 501 495 488 480 482 445 445 447 447 448 369 369 370 371 373 374 377 379 380 311 312 313 315 318 319 321 323 325 326 328 331 332 333 335 337 339 340 341 343 343 344 347 348 349 351 351 354 355 356 358 359 360 362 363 364 366 367 367 369 371 371 372 374 375 376 377 378 378 380 381 381 382 383 490 490 492 492 493 493 496 496 497 497 498
547 544 538 532 528 522 519 515 511 507 501 495 488 483 483 447 448 448 450 450 370 372 372 375 376 379 381 382 386 314 315 318 320 321 323 325 327 328 329 332 334 335 338 339 340 341 343 345 346 347 349 350 351 353 354 356 357 358 360 361 362 364 364 366 368 369 369 371 373 373 375 375 377 378 379 380 380 383 384 383 385 385 492 492 494 494 495 496 498 498 499 500 500 502
549 544 539 535 528 524 520 515 512 507 502 496 487 484 485 449 449 450 451 451 373 374 376 379 380 383 384 386 389 317 320 321 323 325 327 329 330 332 334 335 336 339 340 342 343 345 347 348 349 352 353 353 354 356 358 359 360 361 363 364 366 366 368 370 370 371 373 374 375 377 377 379 381 381 382 382 385 386 386 387 387 493 495 496 496 497 498 500 500 502 502 502 503 505
550 546 542 535 530 524 520 517 512 506 502 495 487 486 450 450 451 452 452 455 376 377 381 382 385 386 388 391 392 322 323 325 327 329 330 332 333 336 337 338 341 342 344 345 347 349 350 351 354 355 355 357 357 360 361 362 363 365 366 368 368 370 372 372 373 375 376 377 379 379 380 383 383 384 385 386 387 389 390 390 495 497 498 498 500 500 502 502 504 504 504 506 507 508
552 546 542 537 531 525 522 517 512 508 501 495 487 487 451 452 453 453 455 458 379 383 384 386 388 390 392 394 396 325 326 329 331 332 334 335 338 339 340 342 344 345 347 348 351 352 353 355 356 357 359 360 363 363 363 365 367 368 369 370 371 374 374 375 377 378 379 381 381 382 384 385 386 387 388 389 391 392 392 499 498 500 500 502 502 503 505 506 506 506 508 508 510 510
552 548 543 538 532 526 521 517 513 507 501 495 488 489 453 454 455 457 460 461 464 386 387 390 392 394 396 397 400 328 330 332 334 336 337 340 341 342 344 346 347 349 350 353 354 355 356 358 359 361 362 365 365 366 367 368 370 371 372 373 375 376 377 379 379 381 382 383 384 385 387 388 389 390 390 393 393 394 500 501 503 503 504 504 505 506 507 508 509 510 510 511 513 514
553 549 544 539 533 528 521 517 513 507 502 494 490 491 454 456 459 461 463 464 468 389 391 394 395 397 399 402 403 331 333 335 337 339 341 343 344 346 348 349 351 352 355 355 356 358 359 361 363 364 365 367 368 370 370 371 373 374 375 376 378 379 380 381 382 384 385 386 387 388 389 391 392 392 394 395 396 397 503 503 506 506 506 507 508 508 510 511 512 512 514 514 515 516
555 550 545 540 535 528 522 518 512 508 501 493 491 493 458 460 463 465 466 470 471 393 395 397 399 400 403 405 406 335 337 339 340 341 344 345 347 348 350 352 353 354 357 358 360 361 363 365 365 366 368 370 372 372 373 375 376 376 378 379 381 382 383 384 385 387 388 389 390 391 393 393 395 396 396 398 399 505 505 507 508 509 509 510 510 512 513 514 514 516 516 516 518 519
556 550 547 540 535 527 523 518 512 508 500 492 494 460 461 464 466 468 470 473 474 396 398 401 402 403 406 408 410 338 340 342 343 345 347 348 350 351 354 355 356 358 360 362 363 364 366 367 368 370 371 373 374 375 377 378 378 380 381 381 384 385 386 387 388 390 391 392 393 394 395 397 397 398 400 401 507 507 509 509 510 512 513 512 514 514 516 517 517 518 518 520 521 522
557 551 547 542 535 529 522 517 513 507 501 495 498 463 465 468 470 472 473 476 478 399 403 404 405 407 409 411 413 341 344 345 347 348 350 352 353 355 357 358 360 361 364 364 365 367 369 370 372 372 374 376 377 379 379 381 382 382 383 385 386 388 389 389 391 393 393 395 396 396 399 399 400 401 402 508 510 511 511 513 513 515 515 516 516 516 518 519 520 521 522 522 522 525
559 553 549 543 535 530 523 518 513 507 502 499 502 466 469 471 473 475 476 480 481 402 405 407 409 410 412 414 415 345 347 349 350 351 354 355 356 358 360 361 362 363 366 367 369 370 371 373 374 375 377 379 380 381 382 383 385 385 387 387 389 391 391 393 394 394 397 397 398 400 400 402 403 404 404 511 512 513 514 515 515 517 518 519 518 520 520 521 523 524 524 524 526 526
559 554 549 544 537 532 524 517 514 509 503 504 505 470 472 474 477 478 480 483 484 486 408 411 412 413 416 417 419 347 349 351 352 354 356 357 359 360 363 364 365 367 369 371 371 372 374 376 377 378 379 382 383 384 385 386 388 389 389 391 391 393 395 395 396 398 399 400 401 402 403 405 406 406 513 513 514 516 517 517 519 519 520 522 522 522 523 524 524 526 527 528 528 528
560 556 549 543 538 531 526 521 518 511 504 507 471 474 475 478 480 481 483 486 488 489 411 413 415 417 419 420 422 350 353 354 356 357 359 361 362 364 365 367 369 369 370 373 374 376 377 378 380 381 383 384 385 387 388 388 390 392 393 393 394 395 397 398 399 400 401 403 404 404 406 406 408 515 515 516 517 518 519 521 521 522 523 524 525 525 526 526 527 528 530 530 531 532
560 556 550 545 538 535 528 522 519 513 508 509 475 477 478 481 483 485 486 488 491 492 414 416 418 419 421 424 425 354 355 357 359 360 362 364 365 366 367 370 371 372 374 376 378 378 379 381 383 383 385 386 388 389 390 392 393 393 396 396 397 398 398 401 402 402 404 405 406 408 408 409 515 517 517 519 519 520 521 523 523 525 525 526 527 528 528 530 530 530 531 533 534 534
562 556 551 545 541 537 531 525 520 515 511 513 479 480 482 483 486 488 489 492 493 496 417 419 421 422 424 426 427 356 357 360 361 363 364 366 368 369 371 372 374 376 376 378 380 381 383 383 384 387 388 389 390 391 394 394 395 397 397 400 400 400 402 402 404 406 406 407 408 410 411 412 518 518 520 521 522 523 524 524 527 527 528 529 530 529 531 532 532 534 534 534 535 537
