testData/tiles/oneDegree/grid23.0-9.0-24.0-10.0.asc
ncols   200
nrows   200
xllcorner   23.0
yllcorner   9.0
cellsize   0.005
NODATA_value   -9999.0
[rows 42 to 83 of 200, columns 0 to 93 of 200]
278 278 278 279 279 279 279 279 280 280 280 280 280 281 281 281 281 281 282 282 282 282 343 343 344 344 345 345 345 345 345 347 347 347 347 348 348 348 349 350 350 350 350 350 351 352 352 352 353 353 353 353 353 354 355 355 355 355 356 356 356 356 357 358 358 358 358 359 359 359 359 359 360 361 361 361 362 362 362 362 362 363 363 363 363 363 365 365 365 365 365 366 366 366
278 278 278 278 278 279 279 279 279 279 280 280 280 280 280 281 281 281 281 281 281 282 343 343 343 343 343 345 345 345 345 346 346 346 347 347 348 348 348 348 349 350 350 350 350 351 351 351 351 353 353 353 353 353 354 354 354 355 356 356 356 356 356 357 357 357 357 359 359 359 359 359 360 360 360 360 360 361 362 362 362 362 363 363 363 363 364 364 364 364 364 366 366 366
277 277 278 278 278 278 278 279 279 279 279 279 280 280 280 280 280 280 281 281 281 281 341 342 343 343 343 344 344 344 345 345 346 346 346 346 347 348 348 348 348 349 349 349 350 351 351 351 351 351 352 352 353 353 354 354 354 354 354 355 355 356 356 357 357 357 357 357 358 358 358 359 359 360 360 360 360 360 361 361 361 361 363 363 363 363 363 364 364 364 364 364 365 365
277 277 277 277 277 278 278 278 278 278 279 279 279 279 279 280 280 280 280 280 280 281 341 342 342 342 343 343 344 344 344 344 345 346 346 346 346 347 347 347 348 349 349 349 349 349 350 351 351 351 352 352 352 352 352 353 354 354 354 355 355 355 355 355 356 357 357 357 357 358 358 358 358 359 359 360 360 360 361 361 361 361 361 362 362 362 362 363 364 364 364 364 364 365
276 276 276 277 277 277 277 278 278 278 278 278 279 279 279 279 279 279 280 280 280 280 340 341 342 342 342 342 343 344 344 344 344 345 345 345 346 347 347 347 347 347 348 349 349 349 350 350 350 350 350 352 352 352 352 353 353 353 353 354 355 355 355 355 355 356 356 356 356 358 358 358 358 358 359 359 359 359 359 360 361 361 361 361 362 362 362 362 362 363 363 363 363 364
276 276 276 276 276 277 277 277 277 277 278 278 278 278 278 279 279 279 279 279 280 340 340 340 341 341 342 342 342 343 343 343 344 345 345 345 345 345 346 347 347 347 348 348 348 348 349 350 350 350 350 351 351 351 352 352 353 353 353 353 353 354 354 355 355 356 356 356 356 356 357 357 357 358 358 359 359 359 359 359 360 360 360 360 361 362 362 362 362 363 363 363 363 363
275 275 275 276 276 276 276 277 277 277 277 277 278 278 278 278 278 279 279 279 279 339 339 340 340 341 341 341 341 343 343 343 343 343 344 345 345 345 346 346 346 346 347 348 348 348 348 349 349 350 350 350 351 351 351 351 352 352 353 353 353 354 354 354 354 354 355 356 356 356 356 357 357 357 357 358 358 359 359 359 360 360 360 360 360 361 361 361 361 361 363 363 363 363
274 275 275 275 275 276 276 276 276 276 277 277 277 277 277 278 278 278 278 278 279 339 339 339 339 340 341 341 341 341 342 342 343 343 344 344 344 344 345 346 346 346 346 347 347 348 348 348 349 349 349 349 350 351 351 351 351 352 352 352 352 353 354 354 354 354 355 355 355 355 355 357 357 357 357 357 358 358 358 358 358 359 360 360 360 360 361 361 361 361 361 362 362 362
274 274 274 275 275 275 275 275 276 276 276 276 277 277 277 277 277 278 278 278 278 338 338 339 339 339 340 340 341 341 342 342 342 342 342 344 344 344 344 345 345 346 346 346 347 347 347 347 348 349 349 349 349 350 350 350 350 351 352 352 352 352 353 353 353 354 354 355 355 355 355 355 356 356 356 357 357 358 358 358 358 358 359 359 359 359 359 361 361 361 361 361 362 362
273 274 274 274 274 274 275 275 275 275 276 276 276 276 276 277 277 277 277 277 278 338 338 338 338 339 340 340 340 340 340 342 342 342 342 343 343 343 344 344 345 345 345 345 346 347 347 347 347 348 348 348 349 349 350 350 350 350 351 351 352 352 352 353 353 353 353 353 354 355 355 355 355 356 356 356 356 357 357 357 358 358 359 359 359 359 359 360 360 360 360 360 361 362
273 273 273 273 274 274 274 274 275 275 275 275 275 276 276 276 276 277 277 277 277 337 337 338 338 338 338 339 340 340 340 341 341 341 342 342 343 343 343 343 344 345 345 345 345 346 346 346 347 347 348 348 348 348 349 349 350 350 350 351 351 351 351 351 353 353 353 353 354 354 354 354 354 355 356 356 356 356 357 357 357 357 357 358 358 359 359 359 360 360 360 360 360 361
272 272 273 273 273 273 274 274 274 274 275 275 275 275 275 276 276 276 276 276 277 337 337 337 337 338 338 339 339 339 339 340 341 341 341 341 342 343 343 343 343 344 344 344 345 346 346 346 346 346 347 348 348 348 348 349 349 349 349 350 351 351 351 351 352 352 352 352 353 354 354 354 354 354 355 355 355 355 356 357 357 357 357 357 358 358 358 358 358 359 360 360 360 360
272 272 272 272 273 273 273 273 273 274 274 274 274 275 275 275 275 275 276 276 276 336 336 337 337 337 337 337 339 339 339 339 340 340 341 341 341 342 342 342 343 344 344 344 344 344 345 346 346 346 346 347 347 347 347 349 349 349 349 349 350 350 350 351 351 352 352 352 352 352 353 353 354 354 354 355 355 355 355 355 356 356 356 357 358 358 358 358 358 358 359 359 359 359
271 271 271 272 272 272 272 273 273 273 273 274 274 274 274 274 275 275 275 275 335 336 336 336 336 336 337 337 338 338 338 339 339 340 340 340 340 342 342 342 342 342 343 343 344 344 344 345 345 345 345 347 347 347 347 347 348 348 348 349 349 350 350 350 350 350 351 352 352 352 353 353 353 353 353 354 354 355 355 355 356 356 356 356 356 357 357 357 358 358 359 359 359 359
270 271 271 271 271 272 272 272 272 273 273 273 273 273 274 274 274 274 275 275 335 335 335 336 336 336 336 336 336 338 338 338 338 339 340 340 340 340 341 341 342 342 342 343 343 343 343 345 345 345 345 345 346 346 347 347 347 348 348 348 348 349 350 350 350 350 351 351 351 351 351 353 353 353 353 353 354 354 354 354 354 355 356 356 356 356 357 357 357 357 357 358 358 358
270 270 270 270 271 271 271 271 272 272 272 272 273 273 273 273 274 274 274 274 334 335 335 335 335 335 336 336 336 337 337 337 338 338 339 339 339 340 340 341 341 341 341 342 343 343 343 343 344 344 344 345 345 346 346 346 346 347 348 348 348 348 349 349 349 349 350 351 351 351 351 351 352 352 352 352 353 354 354 354 354 354 355 355 355 355 355 357 357 357 357 357 358 358
269 269 270 270 270 270 271 271 271 271 272 272 272 272 273 273 273 273 273 274 334 334 334 334 335 335 335 335 335 336 337 337 337 337 337 339 339 339 339 340 340 341 341 341 342 342 342 343 344 344 344 344 344 345 346 346 346 346 347 347 347 347 348 349 349 349 349 349 350 350 350 351 351 352 352 352 352 352 353 353 353 354 354 355 355 355 355 355 356 356 356 356 357 358
268 269 269 269 269 270 270 270 270 271 271 271 271 272 272 272 272 273 273 273 333 333 334 334 334 334 334 335 335 335 336 336 337 337 337 338 338 338 339 339 340 340 340 340 342 342 342 342 342 343 344 344 344 344 345 345 345 345 346 347 347 347 347 348 348 348 349 349 350 350 350 350 350 351 351 352 352 352 353 353 353 353 353 354 354 354 355 355 356 356 356 356 356 356
268 268 268 268 269 269 269 270 270 270 270 271 271 271 271 272 272 272 272 272 333 333 333 333 334 334 334 334 334 334 335 336 336 336 336 337 338 338 338 338 339 340 340 340 340 341 341 342 342 342 343 343 343 343 344 345 345 345 345 346 346 346 347 347 348 348 348 348 348 349 350 350 350 350 351 351 351 351 351 352 353 353 353 353 354 354 354 354 354 355 355 356 356 356
267 267 267 268 268 268 269 269 269 269 270 270 270 270 271 271 271 271 272 272 332 332 332 333 333 333 333 334 334 334 334 334 335 336 336 336 337 337 338 338 338 339 339 339 340 340 341 341 341 341 342 343 343 343 343 344 344 344 345 345 346 346 346 346 346 347 348 348 348 348 349 349 349 349 349 351 351 351 351 351 352 352 352 352 352 354 354 354 354 354 355 355 355 355
266 266 267 267 267 268 268 268 268 269 269 269 270 270 270 270 271 271 271 271 331 332 332 332 332 333 333 333 333 333 334 334 335 335 335 335 336 337 337 337 337 338 339 339 339 339 340 341 341 341 341 342 342 342 343 343 344 344 344 344 344 345 346 346 346 346 347 347 347 347 348 349 349 349 349 349 350 350 350 351 351 352 352 352 352 352 353 353 353 353 354 355 355 355
265 266 266 266 267 267 267 268 268 268 268 269 269 269 269 270 270 270 270 271 331 331 331 331 332 332 332 332 333 333 333 333 333 335 335 335 335 336 336 337 337 337 338 338 338 339 339 340 340 340 340 341 342 342 342 342 342 343 344 344 344 345 345 345 345 345 347 347 347 347 347 348 348 348 349 349 350 350 350 350 350 351 351 351 352 352 353 353 353 353 353 353 354 354
266 266 266 267 267 266 266 267 267 267 268 268 268 268 269 269 269 269 270 270 330 330 331 331 331 331 332 332 332 332 332 333 333 334 334 334 335 335 336 336 336 336 337 338 338 338 338 338 340 340 340 340 341 341 341 342 342 343 343 343 343 343 345 345 345 345 345 346 346 346 347 347 348 348 348 348 348 349 349 350 350 350 351 351 351 351 351 352 352 352 353 353 353 354
265 265 265 266 266 266 267 267 267 267 267 267 267 268 268 268 269 269 269 269 330 330 330 330 330 331 331 331 331 332 332 332 332 332 334 334 334 334 334 335 336 336 336 337 337 338 338 338 339 339 339 339 340 341 341 341 341 341 343 343 343 343 343 344 344 344 345 345 346 346 346 346 346 347 348 348 348 348 349 349 349 349 349 350 351 351 351 351 352 352 352 352 352 353
264 264 265 265 265 266 266 266 267 267 267 267 268 267 267 268 268 268 268 269 329 329 329 330 330 330 330 330 331 331 331 331 332 332 332 333 333 334 334 335 335 335 335 336 337 337 337 337 337 339 339 339 339 339 340 341 341 341 341 342 342 342 343 343 344 344 344 344 345 345 346 346 346 346 347 347 347 347 347 349 349 349 349 349 350 350 350 350 350 352 352 352 352 352
263 263 264 264 264 265 265 265 266 266 266 267 267 267 268 268 267 267 268 268 328 328 329 329 329 329 330 330 330 330 330 331 331 331 331 332 333 333 333 333 334 335 335 335 335 336 337 337 337 337 338 338 339 339 340 340 340 340 340 342 342 342 342 342 343 343 344 344 344 345 345 345 345 345 346 347 347 347 347 348 348 348 348 348 349 350 350 350 350 350 351 351 351 351
263 264 264 264 264 264 264 265 265 265 266 266 266 266 267 267 267 268 268 267 327 328 328 328 328 329 329 329 329 330 330 330 330 330 331 331 332 332 332 333 333 334 334 334 335 336 336 336 336 336 338 338 338 338 338 339 340 340 340 340 341 341 341 342 342 343 343 343 343 343 344 345 345 345 345 346 346 346 346 347 348 348 348 348 348 349 349 349 349 349 350 351 351 351
262 263 263 263 264 264 264 265 264 264 265 265 265 266 266 266 267 267 267 267 328 327 327 327 328 328 328 328 329 329 329 329 330 330 330 330 330 332 332 332 332 333 334 334 334 334 335 336 336 336 336 337 337 338 338 338 339 339 339 339 340 341 341 341 341 341 342 343 343 343 343 344 344 344 344 345 346 346 346 346 346 347 347 347 347 348 349 349 349 349 349 349 350 350
261 262 262 262 263 263 264 264 264 265 265 265 265 265 265 265 266 266 266 267 327 327 327 328 327 327 327 328 328 328 328 329 329 329 329 330 330 331 331 331 332 332 333 333 333 334 334 335 335 335 335 336 337 337 337 337 337 339 339 339 339 339 340 340 341 341 341 342 342 342 342 342 344 344 344 344 344 345 345 345 346 346 347 347 347 347 347 348 348 348 349 349 349 350
260 260 261 261 262 262 263 263 263 264 264 264 265 265 265 265 265 265 266 266 326 326 327 327 327 327 327 327 327 327 328 328 328 328 329 329 329 329 330 331 331 331 331 333 333 333 333 334 334 335 335 335 336 336 336 337 337 338 338 338 338 339 340 340 340 340 340 341 342 342 342 342 343 343 343 343 344 344 345 345 345 345 345 346 346 347 347 347 348 348 348 348 348 349
260 260 260 260 261 261 262 262 262 263 263 263 264 264 264 265 265 265 265 265 325 326 326 326 326 327 327 327 326 327 327 327 327 328 328 328 328 329 330 330 330 330 331 332 332 332 332 333 334 334 334 334 334 336 336 336 336 336 337 338 338 338 338 339 339 340 340 340 341 341 341 341 341 343 343 343 343 343 344 344 344 345 345 345 346 346 346 346 346 347 347 348 348 348
259 259 260 260 261 261 260 261 261 262 262 262 263 263 264 264 264 265 265 265 324 325 325 325 326 326 326 326 327 327 326 326 327 327 327 327 328 328 328 329 330 330 330 330 331 332 332 332 332 333 333 334 334 334 335 335 336 336 336 337 337 337 337 338 339 339 339 339 339 340 341 341 341 341 342 342 342 343 343 344 344 344 344 344 344 345 346 346 346 346 347 347 347 347
257 258 258 259 259 260 260 261 261 262 261 261 262 262 263 263 263 264 264 324 325 325 325 325 325 325 325 326 326 326 326 327 326 326 326 327 327 327 327 328 329 329 329 329 330 331 331 331 331 332 333 333 333 333 334 335 335 335 335 335 337 337 337 337 337 338 338 339 339 339 340 340 340 340 341 342 342 342 342 342 343 343 344 344 344 345 345 345 345 345 345 346 347 347
256 256 257 258 258 259 259 260 260 261 261 261 262 261 262 262 262 263 263 263 324 324 324 325 325 324 325 325 325 325 326 326 326 326 326 326 326 326 327 327 327 328 329 329 329 330 330 331 331 331 332 332 333 333 333 334 334 334 335 335 336 336 336 336 337 338 338 338 338 338 339 340 340 340 340 340 341 341 341 342 342 343 343 343 343 343 344 344 345 345 345 345 346 346
256 256 256 256 257 257 258 258 259 259 260 260 261 261 261 262 261 262 262 262 323 323 323 324 324 324 325 324 324 325 325 325 325 326 326 326 325 326 326 326 326 328 328 328 328 328 330 330 330 330 330 332 332 332 332 332 334 334 334 334 334 335 336 336 336 336 337 337 337 338 338 339 339 339 339 339 340 341 341 341 341 341 342 342 343 343 343 344 344 344 344 344 344 345
257 257 257 257 256 256 256 257 257 258 258 259 259 260 260 261 261 262 262 261 322 322 322 323 323 323 324 324 324 324 324 324 324 325 325 325 326 326 325 325 326 326 327 327 327 328 328 329 329 330 330 330 331 331 331 332 332 333 333 333 334 334 335 335 335 335 336 337 337 337 337 337 338 339 339 339 339 340 340 340 340 341 341 342 342 342 342 342 343 343 344 344 344 344
257 257 257 257 257 257 257 257 256 257 257 258 258 259 259 260 260 260 261 261 322 321 321 322 322 322 323 323 323 324 324 323 324 324 324 324 325 325 325 325 325 325 325 326 327 327 327 327 329 329 329 329 330 331 331 331 331 331 333 333 333 333 333 334 335 335 335 335 336 336 336 337 337 338 338 338 338 338 340 340 340 340 340 340 341 341 342 342 342 343 343 343 343 343
245 257 257 257 257 257 257 257 257 257 257 256 257 257 258 258 259 259 260 260 320 321 321 322 321 321 322 322 322 323 323 323 324 323 323 324 324 324 324 325 325 324 324 326 326 326 326 327 328 328 328 328 329 330 330 330 330 331 332 332 332 332 333 334 334 334 334 334 334 336 336 336 336 336 337 338 338 338 338 339 339 339 339 340 340 341 341 341 341 341 342 342 343 343
245 245 245 245 257 257 257 257 257 257 257 257 257 257 256 257 257 258 258 259 319 320 320 321 321 321 321 321 321 322 322 322 323 323 323 323 323 323 323 324 324 324 325 324 325 325 326 326 326 327 327 328 328 328 329 329 330 330 330 331 331 332 332 332 333 333 333 334 334 335 335 335 335 336 336 337 337 337 337 337 339 339 339 339 339 340 340 340 340 341 341 342 342 342
246 245 245 245 245 245 257 257 257 257 257 257 257 257 257 257 257 256 257 257 318 318 319 319 320 320 321 321 320 321 321 321 322 322 322 323 323 322 323 323 323 323 324 324 324 324 325 325 325 325 327 327 327 327 327 329 329 329 329 329 331 331 331 331 331 333 333 333 333 333 334 335 335 335 335 335 336 336 337 337 337 338 338 338 338 338 340 340 340 340 340 340 341 341
246 246 246 246 246 245 245 245 245 257 257 257 257 257 257 257 257 257 257 257 316 317 317 318 318 319 319 320 320 321 320 320 321 321 321 322 322 322 323 322 322 322 323 323 323 324 324 324 324 325 325 326 326 326 327 327 328 328 328 329 329 330 330 330 331 331 332 332 332 332 333 334 334 334 334 334 336 336 336 336 336 336 337 338 338 338 338 339 339 339 339 340 340 341
246 246 246 246 246 246 246 246 246 245 245 245 257 257 257 257 257 257 257 257 317 317 316 317 317 318 318 318 319 319 320 320 319 320 320 321 321 321 322 322 321 321 322 322 322 323 324 324 323 324 324 325 325 326 326 326 327 327 328 328 328 328 329 330 330 330 330 331 332 332 332 332 333 333 334 334 334 335 335 335 335 336 336 337 337 337 337 337 338 339 339 339 339 339
