testData/tiles/oneDegree/grid49.0-16.0-50.0-17.0.asc
ncols   200
nrows   200
xllcorner   49.0
yllcorner   16.0
cellsize   0.005
NODATA_value   -9999.0
[rows 84 to 125 of 200, columns 94 to 187 of 200]
713 713 713 711 710 710 709 709 708 707 706 706 705 444 444 443 442 441 440 440 440 438 437 437 436 435 435 433 433 432 431 431 431 428 428 428 427 426 425 424 423 422 422 421 419 419 419 417 416 416 414 414 414 411 411 410 409 409 407 407 406 405 405 402 402 402 400 400 398 397 397 396 395 395 393 393 393 391 391 391 389 389 387 387 387 224 224 224 223 223 223 223 223 223
713 712 712 712 711 710 709 708 708 708 706 706 705 444 444 443 442 442 441 439 439 439 438 437 436 435 435 434 433 432 432 430 430 430 429 427 426 426 425 424 423 423 421 421 421 418 418 418 417 416 414 414 413 412 412 410 409 409 408 407 406 404 404 404 402 401 401 399 399 398 396 396 395 394 394 393 392 391 391 390 389 227 227 226 225 224 224 223 223 223 223 223 223 223
714 714 713 711 711 710 710 710 708 707 707 706 706 445 444 443 443 441 441 441 440 438 438 437 437 436 434 434 434 432 432 431 430 429 428 428 428 425 425 425 423 423 422 421 420 420 419 417 416 416 415 414 413 413 411 411 411 408 408 407 406 406 404 403 403 402 401 399 399 398 397 396 395 394 394 392 392 231 229 229 228 227 227 225 225 225 223 223 223 223 223 223 223 223
713 713 712 712 712 710 709 709 709 708 707 706 705 445 445 443 443 442 441 440 440 439 439 437 436 436 435 435 433 432 432 431 430 430 429 427 427 427 426 424 424 423 422 421 420 420 418 418 418 415 415 415 413 413 411 410 410 409 409 407 406 406 405 404 403 401 401 401 399 398 398 396 396 233 232 232 230 230 230 228 228 227 226 226 225 224 223 223 223 223 223 223 223 223
714 714 712 711 711 711 710 710 708 707 707 707 706 445 444 443 443 442 441 441 440 438 438 438 437 436 435 434 434 434 432 431 431 429 429 429 427 426 425 425 425 422 422 422 420 420 419 418 417 417 416 414 413 413 412 411 410 409 408 408 406 405 405 403 403 403 400 400 399 237 236 235 234 234 233 231 230 230 229 228 228 227 226 226 224 224 224 223 223 223 223 223 223 223
714 713 713 713 711 710 710 709 709 709 706 706 706 445 445 444 442 442 442 440 440 440 438 438 437 436 436 435 433 433 433 432 431 429 429 428 427 427 426 424 424 424 423 421 421 420 419 418 417 416 415 415 415 412 412 412 410 410 408 407 407 406 405 404 242 241 240 240 238 237 237 236 234 234 232 232 232 229 229 229 227 227 225 225 225 224 224 223 223 223 223 223 223 223
715 714 712 712 712 711 711 710 708 708 708 707 707 445 444 444 444 442 442 441 440 440 439 438 437 437 435 435 435 434 432 431 431 431 429 428 428 426 426 426 424 423 423 422 421 419 419 419 417 417 416 414 414 413 412 411 410 410 409 408 246 245 244 244 242 241 241 239 239 238 236 236 235 234 233 232 231 230 229 228 227 226 226 225 225 224 224 224 223 223 223 223 223 223
714 714 714 712 712 711 710 710 710 708 707 707 706 446 446 443 443 443 442 441 441 439 439 439 437 437 435 435 434 433 433 433 430 430 430 429 428 427 426 425 424 424 423 421 421 421 419 418 418 417 416 415 414 413 412 251 250 248 248 246 246 246 244 243 243 242 241 239 239 238 237 236 235 234 233 232 231 230 229 229 227 226 226 225 225 225 224 224 223 223 223 223 223 223
715 714 713 713 712 712 711 710 709 709 708 708 707 445 445 445 444 443 441 441 441 440 439 438 437 437 436 435 435 434 432 432 432 431 429 428 428 428 426 425 425 423 423 423 421 420 420 419 418 416 416 255 253 253 252 250 250 249 248 247 246 245 245 244 242 241 241 240 238 238 237 236 236 233 233 233 231 230 229 228 228 227 226 226 225 225 224 224 224 223 223 223 223 223
715 714 713 713 712 711 711 710 709 709 707 707 707 706 445 444 443 443 443 442 440 440 439 439 438 436 436 436 434 434 434 432 431 430 430 430 427 427 427 426 425 424 423 422 421 421 259 257 257 257 255 254 254 252 252 251 250 249 248 248 247 245 245 243 243 243 240 240 239 238 237 236 235 235 234 232 231 231 230 228 228 228 227 227 225 225 225 224 224 223 223 223 223 223
715 715 713 713 713 711 711 711 709 709 709 707 707 706 445 445 445 442 442 442 441 441 439 438 438 438 436 436 434 434 433 432 432 431 429 429 429 428 426 426 425 263 262 261 261 259 259 259 256 256 255 255 254 252 252 251 250 250 247 247 247 246 245 244 243 242 241 240 239 238 238 237 235 235 233 233 233 230 230 229 229 228 227 227 227 225 225 224 224 224 223 223 223 223
715 714 714 713 713 712 711 710 710 709 708 708 707 706 446 444 444 444 443 442 441 440 440 439 437 437 436 436 435 434 433 433 431 431 431 268 267 266 266 266 263 263 263 261 261 260 259 258 257 257 255 254 254 254 252 251 250 249 249 248 246 246 245 244 243 242 241 240 240 238 237 237 235 235 234 232 232 231 230 230 229 229 229 227 227 226 226 225 224 224 223 223 223 223
716 715 714 714 712 712 712 710 710 710 708 708 708 706 446 446 444 443 442 442 442 440 439 439 438 438 437 435 435 435 272 272 271 270 269 268 268 267 265 265 265 264 262 261 261 260 259 258 258 256 256 256 253 253 252 252 251 249 249 248 247 247 244 244 244 242 241 240 239 239 238 236 236 235 234 233 232 232 231 231 229 229 229 228 227 227 226 226 225 224 224 223 223 223
715 715 714 714 714 712 711 711 710 710 709 708 707 706 446 445 444 444 443 442 441 441 440 440 277 276 276 276 274 273 272 272 271 270 269 269 267 267 267 265 264 263 263 263 260 260 260 258 258 256 256 255 254 254 252 251 251 249 249 248 247 246 246 245 243 242 242 241 239 239 238 237 237 234 234 234 233 232 231 231 231 230 229 228 228 228 226 226 226 225 224 223 223 223
716 716 715 713 713 712 712 711 710 709 709 708 708 707 446 445 445 443 282 282 280 280 279 278 278 277 275 275 274 274 273 271 271 271 269 269 267 267 266 265 265 264 262 262 262 261 259 258 258 257 256 255 255 253 253 252 250 250 249 248 248 246 245 244 244 243 241 241 240 239 238 237 236 236 235 234 233 233 233 231 231 230 230 229 228 228 227 227 226 225 225 225 223 223
715 715 715 714 714 712 711 711 711 710 709 708 546 546 286 284 284 283 282 282 281 280 280 278 277 277 276 276 274 273 273 273 272 270 269 269 268 267 266 266 264 264 263 262 261 260 260 259 257 257 257 255 255 253 252 252 251 251 248 248 248 246 246 245 243 243 242 240 240 239 238 237 236 236 235 235 234 233 233 232 232 231 230 230 229 228 228 227 227 225 225 225 224 223
717 716 714 714 713 552 552 550 549 549 548 548 548 546 285 285 284 283 282 281 281 280 279 279 278 277 276 275 275 275 273 272 271 271 271 268 268 268 266 266 264 264 263 262 262 261 259 259 258 257 256 255 255 254 253 252 250 250 250 249 247 247 246 245 243 243 242 241 241 238 238 238 237 237 236 235 235 234 233 233 232 232 230 230 230 229 229 227 227 227 226 225 224 224
555 555 554 554 552 551 551 551 550 550 548 547 547 546 286 285 283 283 283 282 281 281 279 279 278 277 277 275 275 274 273 273 272 270 270 270 269 267 266 266 265 264 263 263 261 261 260 259 258 257 257 256 254 254 253 252 252 250 249 248 248 247 245 245 245 243 242 241 240 240 239 238 237 237 237 235 235 235 234 234 232 232 232 231 230 229 229 229 227 227 226 226 225 224
556 554 554 553 553 553 552 550 549 549 549 548 548 546 285 285 285 283 282 282 281 281 279 279 278 277 277 276 275 274 274 272 272 271 270 269 268 268 268 265 265 265 263 263 261 261 260 259 259 257 256 256 255 254 253 252 252 250 250 249 247 247 247 244 244 243 242 242 240 240 239 239 239 237 237 236 236 235 234 234 234 232 232 231 231 231 229 229 228 228 227 226 226 225
555 555 555 553 552 552 551 551 551 549 548 548 547 547 547 284 284 284 283 283 281 280 280 279 278 278 276 276 276 274 274 272 272 271 270 270 269 267 267 266 266 264 263 263 262 261 260 259 258 258 257 256 255 254 254 252 251 251 249 249 248 247 246 245 245 243 242 242 241 241 240 239 239 238 237 237 236 236 235 234 234 233 233 232 231 231 230 229 229 228 228 226 226 226
556 554 554 554 553 553 552 550 550 550 549 549 547 546 546 285 285 283 282 282 282 281 280 279 278 278 277 276 275 274 274 273 272 271 271 269 269 268 267 266 265 265 265 262 262 261 260 260 258 258 257 256 256 253 253 253 252 251 249 249 248 247 246 245 244 244 243 242 242 241 241 240 239 239 238 238 236 236 236 235 234 233 233 233 232 231 231 230 230 228 228 228 227 226
556 556 554 554 553 552 552 552 550 550 548 548 548 547 546 285 284 284 284 283 281 281 280 280 278 277 277 276 276 275 273 273 272 271 271 269 269 268 267 267 265 264 264 263 263 261 260 260 258 258 257 256 255 255 254 252 251 251 251 249 248 247 246 246 244 244 244 243 243 241 241 241 240 239 238 238 238 237 236 235 235 235 233 233 232 232 231 230 230 229 228 228 227 227
556 555 555 554 554 553 552 551 550 550 550 548 547 547 546 286 285 283 283 282 282 282 279 279 279 278 278 276 275 275 274 273 272 271 271 270 269 268 267 266 266 265 264 263 262 262 261 259 259 258 257 257 255 255 253 253 253 250 250 249 249 248 246 246 245 245 244 243 243 243 242 241 240 240 240 238 238 237 237 236 235 235 234 234 233 232 232 231 230 230 229 229 227 227
557 555 555 554 553 553 552 551 551 550 549 549 548 547 547 285 285 284 284 283 281 281 281 280 279 278 277 277 276 274 274 273 273 272 270 270 269 268 268 267 266 265 264 264 262 261 261 260 260 257 257 257 255 255 254 253 252 251 251 249 248 248 247 246 246 245 245 244 243 243 242 242 241 240 240 239 239 238 237 237 236 235 235 234 234 232 232 232 231 230 229 229 229 228
557 555 555 555 553 553 553 551 551 551 549 549 547 547 547 285 285 284 283 283 283 281 280 279 279 279 277 276 276 275 275 272 272 272 271 270 269 268 268 266 266 265 264 263 263 262 261 259 259 259 257 256 255 255 254 253 252 251 250 250 249 248 248 247 247 245 245 245 244 244 242 242 242 241 240 240 239 239 237 237 237 236 236 234 234 234 233 232 231 231 231 229 229 228
556 556 555 555 554 553 552 552 551 551 549 549 548 547 547 286 285 285 284 283 282 281 281 280 279 278 278 277 276 274 274 274 273 271 271 270 270 268 268 267 266 265 265 263 263 261 261 261 259 258 257 257 256 254 254 254 252 252 250 250 250 249 248 247 247 247 246 245 244 244 244 242 242 241 241 241 239 239 238 238 237 236 236 236 234 234 233 233 232 231 231 230 230 229
557 556 556 554 554 553 553 552 551 550 550 549 548 548 546 286 285 284 284 283 282 282 280 280 280 278 278 276 276 276 274 273 273 272 272 270 269 269 268 267 266 265 265 263 263 262 261 260 259 259 258 256 256 255 254 253 252 252 252 251 250 249 249 249 247 247 246 246 246 244 244 243 243 242 241 241 240 239 239 238 238 237 236 236 235 235 233 233 233 232 231 230 230 230
556 556 556 555 554 553 552 552 552 551 550 549 548 548 547 286 286 284 284 284 282 282 280 280 280 278 278 277 276 275 274 274 273 271 271 271 270 270 267 267 267 265 264 264 263 262 261 260 260 258 258 257 256 255 254 254 253 252 252 251 251 250 249 249 248 248 247 246 246 245 244 244 243 243 242 241 241 240 240 238 238 238 237 236 235 235 235 233 233 232 232 232 230 230
557 556 555 555 554 554 554 552 551 550 550 550 548 547 547 286 286 285 284 283 282 282 281 280 279 279 278 277 276 275 275 273 273 273 272 271 269 269 269 268 266 265 265 265 262 262 262 260 260 258 258 257 256 256 254 254 254 253 253 251 251 251 250 249 249 248 248 247 246 246 245 245 243 243 243 242 241 240 240 240 239 238 237 237 237 235 235 234 234 233 232 232 231 230
557 557 556 555 554 553 553 552 552 551 549 549 549 548 548 547 285 285 284 284 283 281 281 281 280 279 277 277 277 275 275 274 273 273 271 271 271 269 268 267 267 266 264 264 264 263 261 260 260 259 258 257 256 256 256 255 254 253 253 253 251 251 250 250 250 248 248 248 247 246 245 245 245 244 243 242 242 242 240 240 239 239 238 237 237 236 235 235 234 234 233 232 232 231
557 556 555 555 555 554 553 552 551 551 551 550 548 547 547 547 286 285 284 283 283 282 281 280 279 279 279 277 276 275 275 274 273 273 272 271 270 269 269 268 266 266 265 264 263 262 262 262 259 259 258 258 258 256 256 255 255 255 253 253 252 252 251 250 250 249 249 248 247 247 246 245 245 244 244 242 242 242 241 241 239 239 239 238 237 236 236 236 234 234 233 233 232 231
557 557 557 554 554 554 553 553 553 550 550 549 549 549 548 546 286 285 285 284 282 282 281 281 281 278 278 277 277 276 275 274 274 273 272 271 270 270 268 268 267 266 265 264 264 262 261 261 260 260 259 258 258 257 257 256 255 255 254 253 253 252 252 251 250 250 249 249 247 247 247 246 246 244 244 244 243 242 241 241 241 239 239 238 238 237 236 236 235 235 234 233 233 232
557 556 556 556 555 555 552 552 552 551 551 550 548 548 548 547 287 284 284 284 283 283 281 280 280 279 279 277 276 276 275 275 274 272 272 272 270 270 268 268 267 266 265 264 263 263 262 261 260 260 260 259 258 258 257 257 256 255 255 254 254 252 252 252 251 251 249 249 249 248 247 246 246 246 244 244 243 243 243 241 241 240 240 239 238 238 237 236 236 235 235 233 233 233
558 558 556 555 554 554 554 553 552 551 550 550 549 549 548 546 286 286 285 284 282 282 282 281 280 279 278 278 277 276 275 274 274 274 272 271 270 270 269 268 267 266 265 265 263 263 262 262 262 260 260 259 259 259 257 257 257 256 255 254 254 254 253 252 251 251 251 249 249 248 248 248 246 246 245 245 244 243 243 242 241 241 240 240 238 238 238 237 237 235 235 234 234 233
557 557 556 556 556 554 553 553 552 552 550 550 549 548 548 548 286 285 284 284 284 282 281 281 280 280 278 277 277 276 276 275 273 273 272 272 271 269 269 268 267 266 265 265 264 264 263 262 262 261 261 260 259 259 258 258 257 256 256 255 254 254 253 253 252 251 251 250 250 248 248 248 247 246 245 245 245 244 243 242 242 242 240 240 239 239 238 237 237 236 235 235 234 234
558 557 557 555 555 555 554 553 552 551 551 550 550 549 548 547 286 286 285 284 283 282 282 281 280 279 279 278 278 275 275 275 274 274 271 271 271 270 269 268 267 267 266 265 265 264 264 263 262 262 261 261 260 259 259 258 258 256 256 256 255 255 253 253 253 252 251 250 250 250 249 248 247 247 247 245 245 244 244 243 242 242 241 240 240 239 239 237 237 237 236 236 234 234
558 557 557 556 555 555 553 553 553 551 551 550 549 549 548 547 287 285 285 284 283 283 281 281 281 279 279 277 277 277 276 275 273 273 273 272 270 269 269 269 267 267 267 266 266 264 264 264 263 263 261 261 261 260 260 258 258 258 257 256 255 255 255 254 253 252 252 252 250 250 249 249 248 247 247 246 246 245 244 244 243 242 242 241 241 239 239 239 238 237 236 236 235 234
533 532 532 531 530 530 529 528 528 526 526 526 524 524 524 522 262 260 260 260 258 258 256 256 256 254 254 254 252 251 250 250 250 248 247 246 246 246 244 244 243 243 242 241 241 241 240 239 238 238 238 237 236 235 235 235 233 233 232 232 232 230 230 229 229 228 227 227 226 226 225 224 224 223 222 222 221 221 219 219 219 218 217 216 216 215 214 214 213 213 212 211 211 210
533 533 532 531 531 530 529 528 527 527 526 526 525 524 523 522 262 261 260 259 258 258 257 256 256 255 254 253 252 252 251 250 249 248 248 247 246 246 245 244 244 243 243 242 241 241 240 240 239 238 238 237 237 237 235 235 234 234 233 232 232 231 231 230 229 229 228 227 226 226 226 224 224 223 223 223 221 221 220 220 219 218 218 217 216 216 215 215 213 213 213 212 211 210
533 533 531 531 531 529 529 529 528 527 526 525 525 524 523 523 261 261 260 260 259 257 257 256 256 255 254 253 253 251 251 250 249 249 248 248 247 246 246 245 245 243 243 243 242 242 240 240 240 239 239 237 237 237 236 235 234 234 234 233 232 231 231 231 229 229 228 228 228 226 226 225 225 224 223 223 222 221 221 220 220 218 218 218 217 216 215 215 215 214 213 212 212 211
533 533 532 531 531 530 529 528 527 527 527 526 525 524 523 523 262 261 260 259 259 258 257 257 255 255 254 253 253 251 251 251 250 250 248 248 248 247 247 245 245 245 244 243 242 242 242 241 240 239 239 239 238 237 236 236 236 234 234 233 233 233 231 231 230 230 229 228 228 227 226 226 225 225 224 223 223 222 222 220 220 220 219 218 217 217 216 215 215 214 214 212 212 212
534 533 532 532 530 530 529 529 528 527 526 525 525 525 523 522 522 261 261 260 258 258 257 257 256 255 254 253 253 252 252 251 250 250 250 249 248 247 247 247 245 245 244 244 244 242 242 241 241 241 239 239 238 238 237 236 236 235 235 234 233 233 232 231 231 230 230 229 228 228 227 227 225 225 224 224 223 222 222 221 220 220 219 219 217 217 217 216 216 214 214 214 213 212
