testData/tiles/oneDegree/grid49.0-44.0-50.0-45.0.asc
ncols   200
nrows   200
xllcorner   49.0
yllcorner   44.0
cellsize   0.005
NODATA_value   -9999.0
[rows 126 to 167 of 200, columns 94 to 187 of 200]
487 486 486 485 485 483 483 482 482 481 481 480 480 480 480 479 479 478 478 477 476 475 474 474 473 472 472 471 471 470 468 468 467 466 466 465 463 464 463 462 461 461 459 470 476 480 482 483 485 488 489 490 490 491 492 492 493 493 493 494 494 495 495 496 496 497 498 498 499 499 499 500 500 500 501 501 501 501 501 501 501 502 501 501 500 501 500 499 499 498 498 497 497 497
488 487 487 486 486 485 484 483 484 483 483 482 482 481 481 480 479 479 478 478 477 476 475 474 474 473 474 473 472 472 470 469 469 468 467 467 466 464 464 463 462 462 461 471 476 481 483 485 486 488 490 491 491 492 493 493 494 494 494 495 494 495 496 497 497 498 499 499 500 500 500 501 501 500 501 501 501 501 501 501 501 501 501 501 500 501 501 500 500 499 499 498 497 497
488 488 487 488 487 487 486 486 484 484 483 483 482 482 481 481 480 480 480 479 479 478 477 476 476 475 474 474 473 473 472 470 470 469 468 468 467 465 465 464 463 462 462 472 477 481 484 486 487 489 491 492 492 493 494 494 495 495 495 496 495 495 496 497 497 498 499 499 500 500 501 501 501 502 501 502 503 502 502 502 502 501 501 501 501 501 501 500 500 499 499 499 498 498
490 489 489 488 488 488 487 487 486 485 484 484 483 483 483 482 482 481 481 480 480 479 478 477 476 476 475 475 474 473 473 471 470 470 469 469 469 468 466 466 465 464 463 474 479 482 486 488 489 491 492 494 495 495 496 496 497 497 497 498 498 497 497 498 497 498 499 500 500 500 501 501 501 502 501 502 502 502 502 502 502 502 502 502 502 501 501 500 500 500 499 499 498 498
491 490 490 489 489 488 488 487 488 487 487 485 485 484 484 483 483 482 481 481 480 480 479 478 477 477 477 476 476 475 474 473 472 471 471 470 469 469 467 466 466 465 464 476 480 483 486 489 491 492 493 494 496 496 496 497 498 497 498 499 499 498 498 498 498 499 500 501 501 501 502 502 502 503 501 502 502 502 502 503 502 502 502 502 502 501 502 501 501 501 500 499 498 498
491 491 490 491 490 490 489 489 488 488 487 487 485 485 484 484 483 483 483 483 482 482 481 480 479 478 478 477 476 476 475 475 473 472 472 471 470 470 468 467 467 466 465 476 481 484 487 489 492 493 494 495 497 497 497 498 499 498 498 500 500 499 499 499 499 499 500 501 501 501 502 502 502 503 502 503 503 503 503 504 503 502 502 502 502 501 502 501 501 501 500 500 499 499
493 492 492 491 491 491 490 490 489 489 488 488 488 487 486 485 485 484 484 483 483 482 482 481 479 479 478 478 477 477 476 475 474 473 472 472 472 471 471 469 468 468 467 478 482 486 489 491 493 494 496 497 498 500 499 500 501 501 500 501 502 501 501 500 500 499 500 501 500 501 502 502 502 503 502 503 503 503 503 504 503 503 504 503 503 502 503 502 501 501 500 500 499 499
494 493 493 492 492 491 491 490 491 490 490 489 489 488 487 486 486 485 485 484 483 483 482 482 481 481 480 479 479 478 478 477 476 475 474 473 473 472 471 470 469 468 468 479 484 487 490 492 494 495 497 498 499 500 500 501 502 502 501 502 502 503 502 502 502 501 501 502 501 502 503 504 503 504 503 503 503 503 503 504 503 503 504 503 503 502 503 503 502 502 501 500 499 499
494 494 493 494 493 493 492 492 491 491 490 490 489 489 487 487 486 486 485 486 485 485 484 483 483 481 481 480 480 479 478 478 477 475 475 474 474 473 472 471 470 469 468 480 485 487 491 493 495 496 498 499 500 501 500 502 502 503 502 503 503 503 503 503 503 502 502 502 502 502 503 504 503 504 504 504 504 505 504 505 503 503 504 503 503 503 503 503 502 502 501 501 501 500
496 495 495 494 494 493 493 493 492 492 491 491 490 491 490 489 488 487 487 486 486 485 485 484 484 483 481 481 480 480 479 478 478 477 476 475 474 475 474 473 472 471 470 482 487 489 492 495 497 498 499 501 502 503 502 503 504 505 504 505 505 505 503 504 504 504 503 503 502 502 503 504 503 504 504 504 504 505 504 505 505 504 505 504 504 504 503 503 502 502 501 501 501 500
496 496 496 495 495 494 494 493 494 493 493 492 492 491 491 490 489 488 488 487 487 486 485 485 484 484 482 483 482 481 481 480 480 479 477 477 476 475 475 474 472 472 471 482 487 490 493 495 498 499 500 501 503 504 504 504 504 506 506 505 506 506 505 505 506 506 505 505 504 503 504 505 503 504 504 504 504 505 504 505 505 504 505 504 504 504 504 504 503 503 503 501 501 500
497 497 496 496 496 496 495 495 494 494 493 493 492 492 491 491 490 489 488 488 488 488 487 487 486 485 485 483 483 482 481 481 480 480 478 477 477 476 475 475 473 472 472 483 487 492 494 496 499 500 501 502 503 505 505 505 505 507 507 506 507 507 506 506 506 507 506 506 505 504 504 505 504 505 505 505 505 506 505 505 505 504 505 504 504 504 504 504 503 503 503 502 502 501
499 498 498 497 497 496 496 495 495 495 494 494 493 493 493 493 492 490 490 489 489 488 488 487 487 486 486 484 483 483 482 482 481 480 480 478 477 477 476 476 475 473 474 485 489 493 496 498 500 502 504 504 505 507 507 507 507 507 508 507 508 508 508 507 507 507 507 507 506 505 505 504 505 505 505 505 505 506 505 506 506 505 506 506 505 504 504 504 504 503 503 502 502 501
499 499 498 498 497 497 497 496 496 496 496 495 495 494 494 493 493 492 491 490 490 489 488 488 487 487 486 486 484 484 484 483 483 482 481 480 479 479 478 477 477 475 474 486 490 494 496 499 501 502 505 505 506 506 508 508 508 509 509 509 510 510 510 509 509 509 508 509 508 508 506 505 505 505 505 506 505 506 505 506 506 505 506 506 505 505 504 505 505 504 503 502 502 501
500 499 499 499 498 499 498 498 497 497 496 496 495 495 494 494 493 493 492 491 490 490 490 490 489 488 488 487 486 485 485 484 483 483 482 481 480 479 479 478 477 476 475 486 491 495 498 500 502 503 505 506 507 507 508 509 509 510 510 509 511 511 511 510 510 510 510 509 508 509 508 507 507 506 506 507 506 506 506 506 506 505 506 506 505 505 504 505 505 504 504 503 503 502
501 501 501 500 500 499 499 498 498 497 497 496 496 495 495 494 495 494 494 492 492 491 491 490 490 489 489 488 487 486 485 485 484 483 483 482 481 480 479 479 478 477 476 487 491 496 499 500 503 504 505 506 508 508 509 510 510 511 511 511 511 511 512 511 511 511 511 509 509 509 508 508 508 507 506 507 506 507 507 507 507 507 507 506 505 505 505 505 505 504 504 503 503 503
502 502 501 501 500 500 499 499 499 498 498 498 498 497 497 496 496 495 495 494 493 492 491 491 490 490 489 489 488 487 486 485 485 485 485 484 482 482 481 480 480 479 477 489 493 497 500 502 504 506 507 509 509 510 511 512 511 513 513 513 513 513 513 513 513 513 512 510 510 510 509 508 508 507 506 507 506 507 507 507 507 507 507 507 506 506 506 506 505 504 504 503 503 503
504 503 503 501 501 501 500 501 500 500 499 499 498 498 497 497 496 496 495 495 493 493 492 492 491 491 491 490 490 488 488 487 486 486 485 485 483 482 482 481 480 480 478 489 494 498 500 503 504 506 508 510 510 510 512 513 512 513 514 514 514 514 514 514 514 514 514 512 512 512 511 510 510 509 507 507 506 507 507 506 507 507 506 507 506 506 506 506 506 505 505 505 503 503
504 504 503 504 504 502 502 501 501 500 500 499 499 498 498 497 497 496 496 496 496 494 494 493 493 492 492 491 490 490 488 488 487 487 486 485 485 483 482 482 481 481 479 490 495 499 501 504 505 507 508 510 510 511 512 514 513 514 514 515 514 515 515 515 514 515 515 513 513 513 512 511 511 511 509 509 507 508 508 507 507 507 506 507 507 506 506 506 506 505 505 505 504 504
506 505 505 505 504 504 502 502 501 501 500 500 499 499 499 499 498 498 497 497 496 496 494 494 493 493 492 492 491 491 489 488 488 487 487 486 485 484 483 482 482 482 482 492 496 500 503 506 507 509 510 511 512 513 514 515 516 516 515 515 515 516 516 516 515 515 516 514 514 514 514 512 512 512 510 510 509 508 508 507 508 508 507 508 508 506 506 506 506 506 505 505 504 504
506 506 506 505 505 504 504 503 502 502 502 502 501 501 500 500 499 499 498 498 497 497 495 494 494 493 493 492 492 492 492 490 489 489 488 488 487 485 485 484 484 483 482 493 497 500 504 506 507 510 511 512 513 514 515 516 516 517 517 517 517 518 518 518 517 517 517 516 516 516 515 513 513 513 511 511 510 509 508 508 508 508 507 508 508 507 507 506 507 507 505 505 504 504
507 507 506 506 505 506 505 505 505 503 503 502 502 501 501 500 500 499 499 498 498 497 498 496 496 495 494 494 493 493 492 491 490 490 489 488 488 487 485 485 484 484 483 493 497 501 504 507 508 510 512 513 514 514 516 517 517 517 518 518 518 518 518 519 518 518 517 517 516 517 517 515 515 514 513 513 512 510 509 508 508 508 507 508 508 507 507 506 507 507 506 506 505 505
508 507 508 507 507 506 506 506 505 505 503 503 502 502 501 501 500 501 500 500 499 499 498 497 496 496 495 495 494 493 493 491 491 490 490 489 488 488 486 486 485 484 484 495 497 502 505 507 510 511 512 514 515 515 516 518 518 517 518 519 519 519 519 519 520 519 518 518 517 517 517 516 516 515 514 514 513 512 511 510 509 509 508 508 508 507 507 507 507 507 506 506 505 505
509 509 508 508 508 507 507 506 506 505 505 503 504 503 503 502 502 501 501 500 500 499 499 497 497 496 496 495 495 494 494 493 491 491 490 490 489 489 488 487 487 486 485 497 499 503 507 509 511 513 514 515 517 517 518 518 520 519 520 520 521 520 520 520 520 520 519 519 518 518 518 516 516 516 515 515 514 512 512 511 510 509 509 509 509 508 508 507 507 507 506 506 505 505
510 509 509 509 508 508 507 507 507 507 506 506 504 504 503 503 503 502 502 501 501 500 499 499 497 497 496 496 496 496 495 495 493 492 492 491 491 490 489 488 487 487 486 497 500 504 507 510 512 513 515 516 517 518 519 519 520 521 521 521 521 521 522 522 522 520 521 521 520 520 520 517 517 516 515 516 515 513 513 512 511 510 509 509 509 508 508 508 508 508 507 506 506 505
510 510 510 509 509 509 509 508 508 507 507 507 505 505 504 504 503 503 502 502 501 502 501 501 499 499 498 497 497 496 496 495 494 493 493 492 491 491 490 489 488 487 487 498 500 505 508 510 513 514 515 517 518 519 520 520 521 521 522 522 522 522 522 523 523 521 521 521 521 521 520 520 519 518 518 516 516 515 514 513 512 511 510 509 509 509 508 508 507 508 507 507 507 506
511 511 511 511 510 510 509 509 508 508 508 507 507 505 505 504 505 504 504 503 503 502 502 501 501 499 499 498 498 497 496 496 495 494 493 493 492 491 491 489 489 488 487 499 502 505 509 511 513 515 516 517 519 520 520 521 522 522 522 523 523 523 522 523 523 522 522 522 522 522 521 521 520 519 519 517 517 516 515 514 513 512 511 509 509 509 508 508 507 508 507 507 507 506
512 512 512 511 511 510 510 509 509 509 508 508 508 508 506 506 505 505 504 504 503 503 502 502 501 500 499 499 498 498 497 496 496 494 494 493 494 493 492 491 490 490 489 500 504 507 510 513 515 517 518 519 520 522 522 522 524 524 524 524 525 525 524 523 523 523 523 523 523 522 521 522 521 520 520 518 518 517 516 515 515 513 512 510 510 510 509 508 507 508 508 507 507 506
513 513 512 512 511 511 510 510 511 510 510 509 509 508 508 506 506 505 505 504 504 503 503 502 502 501 500 499 500 499 499 498 498 496 495 495 494 494 493 492 491 490 490 501 504 508 511 513 516 517 518 520 521 522 523 523 524 524 525 525 525 525 525 525 525 525 525 525 525 524 523 522 521 521 521 519 519 518 517 516 516 514 513 511 511 510 509 509 508 508 509 507 507 506
514 513 513 512 512 512 512 512 511 511 510 510 509 509 508 507 506 506 505 505 504 504 504 504 503 503 501 501 500 500 499 499 498 498 496 495 495 494 494 493 491 491 490 502 505 508 512 514 516 518 519 520 522 523 523 524 525 525 525 526 526 526 525 526 526 526 525 525 526 525 524 524 523 522 523 521 521 519 518 517 517 515 514 512 512 511 509 509 508 508 509 508 508 507
514 514 514 514 513 513 513 512 512 511 511 510 510 509 509 509 507 508 507 507 506 506 505 505 504 504 502 501 501 500 500 499 499 498 497 496 495 495 494 494 492 491 491 502 505 508 511 515 517 518 520 521 522 524 525 524 526 526 527 526 527 527 526 526 527 527 526 526 526 526 525 525 524 523 523 521 521 521 520 519 518 517 515 514 513 512 510 509 509 508 509 508 508 507
516 515 515 514 514 514 513 513 512 512 511 511 510 511 511 510 509 508 508 507 507 506 506 505 505 504 504 502 502 501 500 500 499 499 497 497 496 495 495 495 494 493 493 504 506 511 513 516 519 520 521 523 524 525 526 526 527 528 528 528 527 528 528 527 527 528 527 527 527 526 525 526 525 524 524 522 522 521 520 520 519 518 517 516 515 514 511 510 509 508 508 508 508 483
516 516 515 515 515 514 514 513 513 513 513 512 512 512 511 511 510 509 508 508 507 507 506 506 505 505 504 503 502 503 502 501 501 500 499 498 498 497 497 496 495 494 493 505 507 511 514 517 519 521 523 523 525 526 526 527 528 528 529 529 529 529 530 529 529 529 528 529 529 529 526 526 527 525 525 524 523 522 521 520 519 518 517 516 515 514 512 511 510 509 508 483 484 482
517 516 516 516 515 515 515 515 514 514 513 513 513 512 512 511 511 509 509 508 508 507 507 507 507 506 506 504 504 503 503 502 502 501 500 499 498 498 497 497 496 494 494 505 508 512 514 518 520 521 524 524 525 527 527 527 529 529 529 529 530 530 530 529 530 530 529 529 530 529 528 528 528 526 527 526 524 523 523 521 520 519 518 517 516 515 513 512 487 485 485 484 484 483
517 517 516 517 517 516 516 515 515 514 514 514 513 513 512 512 511 511 509 510 509 509 508 508 507 507 506 506 504 504 503 503 502 502 501 499 499 498 498 497 497 495 494 506 508 513 515 517 520 522 523 525 526 527 528 528 529 530 530 530 530 531 531 530 530 531 530 530 530 529 529 529 528 527 527 526 526 525 525 523 521 520 519 518 517 516 491 489 488 486 485 484 484 484
519 518 518 518 517 517 516 516 515 515 515 514 514 513 513 513 513 512 511 510 510 509 509 508 508 507 507 506 505 504 504 503 503 502 502 500 499 499 498 498 497 496 495 506 509 513 517 518 520 523 524 525 527 528 528 530 529 530 531 531 531 531 532 531 531 531 532 531 531 530 529 530 529 528 528 527 526 525 526 524 523 523 521 496 493 493 492 490 489 487 486 484 484 484
519 519 519 518 518 517 517 516 516 516 515 516 515 515 514 514 513 513 512 511 510 510 509 509 508 508 507 507 505 505 504 504 503 503 503 503 501 501 500 499 499 497 497 508 510 515 518 520 522 524 526 527 528 529 530 531 531 532 532 533 533 533 533 533 533 532 532 531 532 531 530 530 529 529 529 528 527 526 526 524 500 500 498 497 495 495 494 492 490 488 487 486 484 484
520 519 519 519 518 518 517 517 518 517 517 516 516 515 515 514 514 513 513 511 511 511 510 510 509 509 508 509 508 506 506 505 505 504 504 503 502 501 501 500 499 499 497 509 510 515 519 520 522 525 526 529 529 529 531 532 531 533 533 534 533 534 534 533 533 534 534 533 533 533 532 532 530 529 530 529 528 503 502 501 500 500 498 497 496 496 495 493 492 490 489 486 484 484
520 520 520 519 519 519 519 518 518 518 517 517 516 516 515 515 514 514 514 513 512 511 512 511 511 510 510 509 509 507 507 506 505 505 504 504 502 502 501 501 500 499 498 509 511 516 519 521 523 525 527 528 529 530 531 533 532 533 533 534 534 534 535 535 534 534 535 534 534 533 533 533 532 531 507 506 506 504 503 502 501 501 499 498 496 496 495 493 492 490 489 488 486 485
521 520 521 521 520 520 519 519 519 518 518 517 517 516 516 515 515 516 515 515 513 513 512 512 511 511 510 510 509 508 507 507 506 505 505 504 503 502 502 501 501 500 498 510 511 517 520 521 524 526 527 529 529 530 532 533 532 534 534 534 535 535 535 536 535 535 535 535 535 534 533 509 509 509 507 507 506 505 505 504 503 503 500 499 498 497 496 494 493 492 490 489 487 486
523 523 523 521 521 520 520 520 519 519 518 518 517 517 517 517 517 516 516 515 514 513 513 512 512 511 511 510 510 509 508 507 507 506 505 505 503 503 502 502 501 501 499 511 513 517 522 523 525 528 529 530 531 532 533 535 533 534 535 535 535 536 536 536 535 536 536 511 510 511 511 510 509 509 508 508 507 506 505 504 504 503 502 501 500 498 497 495 494 493 491 490 488 487
524 523 523 523 521 521 520 520 520 519 519 519 519 518 518 518 517 517 516 516 515 514 513 513 512 512 511 511 510 510 508 508 507 508 507 507 506 504 504 503 503 502 502 512 513 518 521 525 526 528 530 531 531 533 534 535 535 536 536 537 537 537 538 514 513 513 513 512 511 511 512 511 510 510 508 509 508 507 506 506 504 503 502 502 501 500 499 497 495 494 492 491 489 488
