testData/tiles/oneDegree/grid35.0-2.0-36.0-3.0.asc
ncols   200
nrows   200
xllcorner   35.0
yllcorner   2.0
cellsize   0.005
NODATA_value   -9999.0
[rows 0 to 41 of 200, columns 0 to 93 of 200]
500 499 499 499 498 498 497 497 497 496 495 494 494 493 493 493 492 492 491 491 491 490 490 489 489 488 488 488 487 487 486 486 485 485 485 484 484 483 483 481 481 480 480 480 479 479 478 478 477 477 476 476 476 475 475 474 474 473 473 471 471 470 470 470 469 469 468 468 467 467 466 466 465 465 464 463 463 462 462 461 461 460 460 459 459 459 459 459 458 458 458 458 458 458
498 498 498 497 497 496 496 496 495 495 494 494 494 493 493 492 492 492 491 491 490 490 489 488 488 487 487 486 486 485 485 485 484 484 483 483 482 482 482 481 481 480 480 479 479 478 478 477 476 476 475 475 474 474 473 473 473 472 472 471 471 470 470 469 469 467 467 467 466 466 465 465 464 464 463 463 462 462 461 460 460 459 459 458 458 458 458 458 458 458 458 458 457 457
497 497 496 496 496 495 495 494 494 494 493 493 492 492 492 491 491 490 490 489 489 489 488 488 487 487 486 486 486 485 485 484 484 482 482 482 481 481 480 480 479 479 479 478 478 477 477 476 476 475 475 475 474 473 472 472 471 471 470 470 470 469 469 468 468 467 467 466 466 465 464 464 463 463 462 462 461 461 460 460 459 459 458 458 457 457 457 457 457 457 457 457 457 457
497 496 496 496 495 495 494 494 494 493 493 492 492 492 490 490 489 489 489 488 488 487 487 486 486 486 485 485 484 484 483 483 483 482 482 481 481 480 480 480 478 478 477 477 476 476 476 475 475 474 474 473 473 472 472 472 471 471 470 469 468 468 467 467 466 466 466 465 465 464 464 463 463 462 461 460 460 460 459 459 458 458 457 457 457 457 457 457 456 456 456 456 456 456
496 495 495 494 494 494 493 493 492 492 492 491 491 490 490 490 489 489 488 488 487 487 487 486 485 484 484 484 483 483 482 482 481 481 481 480 480 479 479 478 478 477 477 477 476 476 475 474 473 473 473 472 472 471 471 470 470 469 469 469 468 468 467 467 465 465 464 464 463 463 463 462 462 461 461 460 460 459 458 457 457 457 456 456 456 456 456 456 456 456 456 455 455 455
494 494 493 493 493 492 492 492 491 491 490 490 489 489 489 488 488 487 487 487 486 486 485 485 485 484 484 483 483 482 482 481 480 480 479 479 478 478 478 477 477 476 476 475 475 474 474 474 473 473 472 472 470 470 470 469 469 468 468 467 467 466 466 466 465 465 464 464 462 462 461 461 460 460 460 459 459 458 458 457 457 456 455 455 455 455 455 455 455 455 455 455 455 455
494 494 493 493 492 492 492 491 491 490 490 489 488 488 487 487 487 486 486 485 485 484 484 484 483 483 482 482 482 481 481 480 480 479 479 479 478 478 476 476 475 475 475 474 474 473 473 472 472 471 471 471 470 470 469 469 468 467 467 466 466 465 465 464 464 463 463 462 462 462 461 461 459 459 458 458 457 457 456 456 456 455 455 455 455 454 454 454 454 454 454 454 454 454
493 492 492 491 491 491 490 490 489 489 489 488 488 487 487 487 486 486 485 485 484 483 483 482 482 482 481 481 480 480 479 479 479 478 478 477 477 476 476 476 475 475 474 473 472 472 472 471 471 470 470 469 469 469 468 468 467 467 466 466 465 464 464 463 463 462 462 461 461 460 460 459 459 459 458 457 456 456 455 455 454 454 454 454 454 454 454 453 453 453 453 453 453 453
491 491 491 490 490 489 489 489 488 488 487 487 487 486 486 485 485 485 484 484 483 483 483 482 482 481 480 479 479 479 478 478 477 477 476 476 476 475 475 474 474 473 473 473 472 472 471 470 469 469 469 468 468 467 467 466 466 465 465 465 464 464 463 463 461 461 460 460 460 459 459 458 458 457 457 456 456 456 454 454 453 453 453 453 453 453 453 453 453 453 452 452 452 452
491 490 489 489 488 488 488 487 487 486 486 486 485 485 484 484 484 483 483 482 482 482 481 481 480 480 480 479 479 478 478 476 476 476 475 475 474 474 474 473 473 472 472 471 471 471 470 470 469 469 468 467 466 466 466 465 465 464 464 463 463 462 462 462 461 461 460 459 458 458 457 457 457 456 456 455 455 454 454 453 452 452 452 452 452 452 452 452 452 452 452 451 451 451
490 489 489 489 488 488 487 487 487 485 485 484 484 484 483 483 482 482 482 481 481 480 480 480 479 479 478 478 477 477 477 476 476 475 475 475 473 473 472 472 471 471 471 470 470 469 469 468 468 468 467 467 466 466 464 464 463 463 463 462 462 461 461 460 460 459 459 459 458 457 456 456 455 455 454 454 454 453 453 452 452 452 451 451 451 451 451 451 451 451 451 451 451 450
488 488 488 487 487 486 486 486 485 485 484 484 484 483 483 482 481 481 480 480 479 479 479 478 478 477 477 477 476 476 475 475 475 474 474 473 473 472 472 471 470 470 469 469 468 468 468 467 467 466 466 465 465 465 464 464 463 462 461 461 460 460 460 459 459 458 458 457 457 456 456 455 454 454 453 453 452 452 451 451 451 451 451 450 450 450 450 450 450 450 450 450 450 450
487 487 486 486 485 485 485 484 484 484 483 483 482 482 482 481 481 480 480 480 478 478 477 477 477 476 476 475 475 475 474 474 473 473 472 472 472 471 471 470 470 469 468 468 467 467 466 466 465 465 465 464 464 463 463 462 462 462 460 460 459 459 458 458 457 457 457 456 456 455 455 454 453 452 452 452 451 451 450 450 450 450 450 450 449 449 449 449 449 449 449 449 449 449
486 485 485 485 484 484 483 483 483 482 482 481 481 481 480 480 479 479 479 478 478 477 477 476 475 475 474 474 474 473 473 472 472 472 471 471 470 470 469 469 469 468 468 467 466 465 465 465 464 464 463 463 462 462 462 461 461 460 460 459 458 458 457 457 456 456 455 455 454 454 454 453 453 451 451 450 450 449 449 449 449 449 449 449 449 448 448 448 448 448 448 448 448 448
484 484 484 483 483 482 482 482 481 481 481 480 480 479 479 479 478 478 477 477 477 476 476 475 475 474 473 473 472 472 472 471 471 470 470 469 469 469 468 468 467 467 467 466 466 464 464 463 463 463 462 462 461 461 460 460 459 459 459 458 458 456 456 455 455 455 454 454 453 453 452 452 451 451 450 449 449 448 448 448 448 448 448 448 448 447 447 447 447 447 447 447 447 447
483 483 482 482 482 481 481 480 480 480 479 479 478 478 478 477 477 476 476 476 475 475 474 474 474 473 473 471 471 471 470 470 469 469 469 468 468 467 467 467 466 466 465 465 464 464 463 462 462 461 461 460 460 460 459 459 458 458 457 457 457 455 455 454 454 453 453 452 452 452 451 451 450 450 448 448 447 447 447 447 447 447 447 447 447 446 446 446 446 446 446 446 446 446
482 481 481 481 480 480 479 479 479 478 478 478 477 477 476 476 476 475 475 474 474 474 473 473 472 472 472 471 470 469 469 469 468 468 467 467 466 466 466 465 465 464 464 464 463 463 461 461 460 460 460 459 459 458 458 457 457 457 456 456 455 454 453 453 453 452 452 451 451 450 450 449 449 449 447 447 446 446 446 446 446 446 446 446 446 445 445 445 445 445 445 445 445 445
480 480 480 479 479 478 478 478 477 477 477 476 476 475 475 475 474 474 473 473 473 472 472 472 471 471 470 470 468 468 468 467 467 466 466 466 465 465 464 464 464 463 463 462 462 461 460 460 459 459 458 458 457 457 457 456 456 455 455 454 454 453 452 452 451 451 450 450 450 449 449 448 448 446 446 445 445 445 445 445 445 445 445 445 444 444 444 444 444 444 444 444 444 443
479 479 478 478 478 477 477 476 476 476 475 475 475 474 474 473 473 473 472 472 471 471 471 470 470 469 469 468 467 467 466 466 466 465 465 464 464 464 463 463 462 462 461 461 461 459 459 458 458 457 457 457 456 456 455 455 454 454 454 453 452 451 451 450 450 450 449 449 448 448 447 447 446 445 445 444 444 444 444 444 444 444 444 443 443 443 443 443 443 443 443 443 442 442
478 477 477 477 476 476 475 475 475 474 474 474 473 473 472 472 472 471 471 470 470 470 469 469 468 468 467 466 466 465 465 465 464 464 463 463 463 462 462 461 461 461 460 460 458 458 457 457 457 456 456 455 455 455 454 454 453 453 451 451 451 450 450 449 449 448 448 447 447 447 445 445 444 444 443 443 443 443 443 443 443 442 442 442 442 442 442 442 442 442 441 441 441 441
476 476 476 475 475 474 474 474 473 473 473 472 472 471 471 471 470 470 470 469 469 468 468 468 466 466 465 465 465 464 464 463 463 463 462 462 461 461 461 460 460 459 458 457 457 457 456 456 455 455 455 454 454 453 453 452 451 451 450 450 449 449 448 448 448 447 447 446 445 444 444 443 443 443 442 442 442 442 442 441 441 441 441 441 441 441 441 441 440 440 440 440 440 440
475 475 474 474 474 473 473 472 472 472 471 471 471 470 470 469 469 469 468 468 467 466 466 465 465 464 464 464 463 463 462 462 462 461 461 460 460 460 459 458 457 457 457 456 456 455 455 455 454 454 453 453 452 452 451 450 450 449 449 448 448 448 447 447 446 446 444 444 444 443 443 442 442 441 441 441 441 440 440 440 440 440 440 440 440 440 439 439 439 439 439 439 439 439
474 473 473 473 472 472 471 471 471 470 470 470 469 469 468 468 468 466 466 466 465 465 464 464 464 463 463 462 462 462 461 461 460 460 460 459 458 457 457 457 456 456 455 455 454 454 454 453 453 452 452 451 450 450 449 449 448 448 448 447 447 446 446 444 444 444 443 443 442 442 441 441 441 440 439 439 439 439 439 439 439 439 439 438 438 438 438 438 438 438 438 438 437 437
472 472 472 471 471 470 470 470 469 469 469 467 467 467 466 466 465 465 465 464 464 463 463 463 462 462 461 461 461 460 460 460 458 458 457 457 456 456 456 455 455 454 454 454 453 453 452 451 451 450 450 449 449 448 448 448 447 447 446 446 444 444 444 443 443 442 442 441 441 441 439 439 438 438 438 438 438 438 438 438 437 437 437 437 437 437 437 437 436 436 436 436 436 436
471 471 470 470 468 468 468 467 467 467 466 466 466 465 465 464 464 464 463 463 463 462 462 461 461 461 460 459 458 458 458 457 457 456 456 456 455 455 454 454 454 453 453 451 451 451 450 450 449 449 448 448 448 447 447 446 445 444 444 444 443 443 442 442 442 441 440 439 439 438 438 438 437 437 437 437 436 436 436 436 436 436 436 436 436 435 435 435 435 435 435 435 434 434
469 468 468 467 467 467 466 466 466 465 465 465 464 464 463 463 463 462 462 462 460 460 459 459 459 458 458 457 457 457 456 456 455 455 455 454 454 452 452 452 451 451 450 450 450 449 449 448 448 448 447 446 445 445 444 444 444 443 443 442 442 442 440 440 439 439 438 438 438 437 437 436 435 435 435 435 435 435 435 435 434 434 434 434 434 434 434 434 433 433 433 433 433 433
467 467 466 466 466 465 465 465 464 464 464 463 462 462 461 461 460 460 460 459 459 458 458 458 457 457 457 456 456 455 455 454 453 453 452 452 452 451 451 450 450 450 449 449 448 447 447 446 446 445 445 444 444 444 443 443 442 441 441 440 440 439 439 438 438 438 437 436 435 435 434 434 434 434 434 434 433 433 433 433 433 433 433 433 432 432 432 432 432 432 432 431 431 431
465 464 464 464 463 463 463 462 462 462 461 461 461 460 460 459 459 459 458 458 458 457 457 455 455 455 454 454 453 453 453 452 452 451 451 451 450 450 448 448 448 447 447 446 446 446 445 445 444 444 444 442 442 441 441 441 440 440 439 439 438 437 437 436 436 435 435 434 434 434 432 432 432 432 432 432 432 432 431 431 431 431 431 431 431 431 430 430 430 430 430 430 429 429
463 463 463 462 462 462 461 461 461 460 460 460 459 458 457 457 457 456 456 456 455 455 454 454 454 453 453 453 452 452 450 450 450 449 449 448 448 448 447 447 446 446 446 445 444 443 443 443 442 442 441 441 440 440 440 438 438 437 437 437 436 436 435 435 433 433 433 432 432 431 431 431 430 430 430 430 430 430 430 430 429 429 429 429 429 429 429 428 428 428 428 428 428 427
461 461 460 460 460 459 459 459 458 458 458 457 457 456 456 456 455 455 455 454 453 453 452 452 451 451 451 450 450 449 449 449 448 448 447 446 446 445 445 445 444 444 443 443 442 442 442 440 440 439 439 439 438 438 437 437 437 435 435 434 434 433 433 433 432 432 430 430 430 429 429 429 429 428 428 428 428 428 428 428 427 427 427 427 427 427 427 426 426 426 426 426 426 425
460 459 459 459 458 458 458 456 456 456 455 455 455 454 454 453 453 453 452 452 452 451 451 450 450 449 448 448 448 447 447 446 446 446 445 445 444 444 443 442 442 441 441 441 440 440 439 439 439 437 437 436 436 436 435 435 434 434 432 432 432 431 431 430 430 430 428 428 427 427 427 427 427 426 426 426 426 426 426 426 425 425 425 425 425 425 424 424 424 424 424 423 423 423
457 457 457 456 456 456 455 455 455 454 454 453 452 452 451 451 451 450 450 450 449 449 448 448 448 447 447 446 445 445 444 444 444 443 443 442 442 442 441 440 439 439 439 438 438 437 437 437 436 435 434 434 434 433 433 432 432 432 430 430 429 429 429 428 428 426 426 425 425 425 425 425 424 424 424 424 424 424 423 423 423 423 423 423 422 422 422 422 422 421 421 421 421 421
455 455 454 454 454 453 453 453 452 452 452 451 450 449 449 449 448 448 448 447 447 447 446 446 445 445 445 443 443 442 442 442 441 441 441 440 440 439 438 438 437 437 436 436 436 435 435 434 433 433 432 432 431 431 431 430 429 428 428 427 427 427 426 425 424 424 424 423 423 423 422 422 422 422 422 422 421 421 421 421 421 420 420 420 420 420 419 419 419 419 418 418 418 418
453 452 452 452 451 451 451 450 450 450 449 448 447 447 447 446 446 446 445 445 445 444 444 443 443 442 441 441 441 440 440 439 439 439 438 438 436 436 436 435 435 434 434 434 433 432 431 431 431 430 430 429 429 428 427 427 426 426 426 425 424 423 423 423 422 422 420 420 420 420 420 420 419 419 419 419 419 418 418 418 418 417 417 417 417 417 416 416 416 416 415 415 415 414
450 450 450 449 449 449 447 447 447 446 446 445 445 445 444 444 444 443 443 443 442 441 440 440 440 439 439 439 438 438 437 437 436 435 435 435 434 434 433 433 433 431 431 430 430 430 429 429 428 427 427 426 426 425 425 424 423 423 422 422 422 420 420 419 419 418 418 417 417 417 417 416 416 416 416 416 415 415 415 415 414 414 414 414 414 414 414 414 414 414 414 414 414 414
447 447 446 446 446 445 445 445 444 444 443 443 443 442 441 441 440 440 440 439 439 439 438 438 437 436 436 435 435 435 434 434 433 433 432 431 431 430 430 430 429 429 427 427 427 426 426 426 425 424 423 423 422 422 422 420 420 419 419 419 417 417 416 416 415 414 414 414 414 414 414 414 414 414 414 414 414 414 414 414 414 414 414 414 414 414 414 414 414 414 414 414 414 414
445 444 443 443 442 442 442 441 441 440 440 440 439 439 439 438 437 437 436 436 436 435 435 434 434 433 432 432 432 431 431 430 430 429 428 428 428 427 427 426 425 425 424 424 423 423 422 421 421 420 420 420 419 419 418 418 418 417 417 416 416 416 415 415 414 414 414 414 414 414 414 414 414 414 414 414 414 414 414 414 414 414 414 398 398 398 398 398 398 398 398 398 398 398
440 440 440 439 439 438 438 438 437 437 437 436 435 435 434 434 434 433 433 433 432 431 430 430 430 429 429 429 428 428 427 427 427 426 426 426 425 425 424 424 424 423 423 422 422 422 421 421 420 420 420 419 419 418 418 418 417 417 416 416 416 415 415 414 414 414 414 414 398 398 398 398 398 398 398 398 398 398 398 398 398 398 398 398 398 398 398 398 398 398 398 398 398 398
438 437 437 437 436 436 436 435 435 435 434 434 434 433 433 433 432 432 432 431 431 430 430 430 429 429 429 428 428 428 427 427 426 426 426 425 425 424 424 424 423 423 423 422 422 421 421 421 420 420 403 403 403 402 402 401 401 401 400 400 399 399 399 398 398 398 398 398 398 398 398 398 398 398 398 398 398 398 398 398 398 398 398 398 398 398 398 398 398 398 398 398 398 398
437 437 437 436 436 436 435 435 435 434 434 434 433 433 433 432 432 432 431 431 431 430 430 429 429 429 412 412 412 411 411 410 410 410 409 409 409 408 408 407 407 407 406 406 405 405 405 404 404 403 403 403 402 402 401 401 401 400 400 399 399 399 398 398 398 398 398 398 398 398 398 398 398 398 398 398 398 398 398 398 398 398 398 398 398 398 398 398 398 398 398 398 398 398
421 421 420 420 420 419 419 419 418 418 418 417 417 417 416 416 416 415 415 415 414 414 413 413 413 412 412 412 411 411 411 410 410 409 409 409 408 408 407 407 407 406 406 406 405 405 404 404 404 403 403 402 402 402 401 401 400 400 400 399 399 398 398 398 398 398 398 398 398 398 398 398 398 398 398 398 398 398 398 398 398 398 398 398 398 398 398 398 398 398 398 398 398 398
421 420 420 420 419 419 419 418 418 418 417 417 417 416 416 416 415 415 415 414 414 413 413 413 412 412 412 411 411 411 410 410 409 409 409 408 408 408 407 407 406 406 406 405 405 404 404 404 403 403 402 402 402 401 401 401 400 400 399 399 398 398 398 398 398 398 398 398 398 398 398 398 398 398 398 398 398 398 398 398 398 398 398 398 398 398 398 398 398 398 398 398 398 398
