testData/tiles/oneDegree/grid33.0-43.0-34.0-44.0.asc
ncols   200
nrows   200
xllcorner   33.0
yllcorner   43.0
cellsize   0.005
NODATA_value   -9999.0
[rows 84 to 125 of 200, columns 94 to 187 of 200]
366 366 365 365 364 364 364 364 364 364 364 364 363 362 362 362 362 361 361 361 361 361 359 359 359 359 359 359 359 359 358 358 358 358 358 358 357 357 357 353 353 353 352 352 352 352 352 352 351 351 351 351 351 350 350 350 350 399 399 399 399 399 398 398 398 398 397 397 397 397 397 396 396 396 396 395 395 395 395 394 394 394 394 393 393 393 392 392 392 392 391 391 391 390
366 366 366 366 365 365 365 365 365 364 364 364 363 363 363 363 363 363 361 361 361 361 360 360 360 360 359 359 359 359 359 359 359 358 358 358 358 358 358 353 353 353 353 353 353 352 352 352 352 352 351 351 351 351 351 350 400 400 400 400 399 399 399 399 398 398 398 398 398 397 397 397 397 396 396 396 396 395 395 395 395 394 394 394 393 393 393 393 392 392 392 392 391 391
367 367 367 366 366 365 365 365 365 365 365 365 365 364 363 363 363 363 362 362 362 362 361 360 360 360 360 360 360 360 359 359 359 359 359 359 358 358 358 358 354 354 353 353 353 353 353 353 352 352 352 352 352 351 351 351 401 401 400 400 400 400 399 399 399 399 398 398 398 398 398 397 397 397 397 396 396 396 396 395 395 395 394 394 394 394 393 393 393 393 392 392 392 391
367 367 367 367 367 366 366 366 366 366 365 365 365 364 364 364 364 364 363 362 362 362 361 361 361 361 361 360 360 360 360 360 360 360 359 359 359 359 359 359 354 354 354 354 354 353 353 353 353 353 352 352 352 352 352 351 401 401 401 401 400 400 400 400 399 399 399 399 399 398 398 398 398 397 397 397 397 396 396 396 395 395 395 395 394 394 394 394 393 393 393 392 392 392
368 368 368 368 367 366 366 366 366 366 366 366 366 365 365 364 364 364 364 363 363 363 363 361 361 361 361 361 361 361 360 360 360 360 360 360 360 359 359 359 355 355 355 354 354 354 354 354 353 353 353 353 353 352 352 352 402 402 401 401 401 401 400 400 400 400 399 399 399 399 399 398 398 398 398 397 397 397 396 396 396 396 395 395 395 395 394 394 394 393 393 393 393 392
368 368 368 368 368 368 367 367 367 367 366 366 366 365 365 365 365 365 365 364 363 363 363 362 362 362 362 361 361 361 361 361 361 361 360 360 360 360 360 360 359 355 355 355 355 354 354 354 354 354 353 353 353 353 353 402 402 402 402 402 401 401 401 401 400 400 400 400 399 399 399 399 399 398 398 398 397 397 397 397 396 396 396 396 395 395 395 395 394 394 394 393 393 393
369 369 369 369 369 368 367 367 367 367 367 367 367 367 366 366 365 365 365 364 364 364 364 363 362 362 362 362 362 362 362 361 361 361 361 361 361 360 360 360 360 356 356 355 355 355 355 355 354 354 354 354 354 353 353 403 403 403 402 402 402 402 401 401 401 401 400 400 400 400 400 399 399 399 398 398 398 398 397 397 397 397 396 396 396 396 395 395 395 394 394 394 394 393
369 369 369 369 369 369 368 368 368 368 368 367 367 367 366 366 366 366 366 365 364 364 364 363 363 363 363 363 362 362 362 362 362 362 361 361 361 361 361 361 360 356 356 356 356 356 355 355 355 355 355 354 354 354 354 403 403 403 403 403 402 402 402 402 401 401 401 401 400 400 400 400 399 399 399 399 398 398 398 398 397 397 397 397 396 396 396 395 395 395 395 394 394 394
370 370 370 370 370 370 368 368 368 368 368 368 368 368 367 367 366 366 366 366 365 365 365 365 363 363 363 363 363 363 363 362 362 362 362 362 362 361 361 361 361 361 357 356 356 356 356 356 355 355 355 355 355 354 354 404 404 404 403 403 403 403 402 402 402 402 401 401 401 401 400 400 400 400 399 399 399 399 398 398 398 398 397 397 397 397 396 396 396 395 395 395 395 394
371 370 370 370 370 370 370 369 369 369 369 369 368 368 368 367 367 367 367 367 366 365 365 365 364 364 364 364 363 363 363 363 363 363 362 362 362 362 362 362 361 361 357 357 357 357 356 356 356 356 356 355 355 355 405 404 404 404 404 404 403 403 403 403 402 402 402 402 401 401 401 401 400 400 400 400 399 399 399 399 398 398 398 398 397 397 397 396 396 396 396 395 395 395
371 371 371 371 371 371 371 369 369 369 369 369 369 369 369 368 368 367 367 367 366 366 366 366 365 364 364 364 364 364 364 364 363 363 363 363 363 363 362 362 362 362 358 357 357 357 357 357 356 356 356 356 356 355 405 405 405 405 404 404 404 404 403 403 403 403 402 402 402 402 401 401 401 401 400 400 400 400 399 399 399 399 398 398 398 397 397 397 397 396 396 396 395 395
372 372 371 371 371 371 371 370 370 370 370 370 370 369 369 368 368 368 368 368 367 366 366 366 365 365 365 365 364 364 364 364 364 364 364 363 363 363 363 363 363 362 362 358 358 358 357 357 357 357 357 356 356 356 406 405 405 405 405 405 404 404 404 404 403 403 403 403 402 402 402 402 401 401 401 401 400 400 400 400 399 399 399 398 398 398 398 397 397 397 396 396 396 396
372 372 372 372 372 372 372 372 370 370 370 370 370 370 370 369 369 369 368 368 368 367 367 367 367 365 365 365 365 365 365 365 364 364 364 364 364 364 363 363 363 363 363 358 358 358 358 358 357 357 357 357 357 356 406 406 406 406 405 405 405 405 404 404 404 404 403 403 403 403 402 402 402 402 401 401 401 401 400 400 400 400 399 399 399 398 398 398 398 397 397 397 396 396
373 373 373 372 372 372 372 372 371 371 371 371 371 371 370 370 369 369 369 369 369 368 367 367 367 366 366 366 366 365 365 365 365 365 365 364 364 364 364 364 364 363 363 359 359 359 358 358 358 358 358 357 357 357 407 407 406 406 406 406 405 405 405 405 404 404 404 404 403 403 403 403 402 402 402 402 401 401 401 401 400 400 400 399 399 399 399 398 398 398 397 397 397 397
373 373 373 373 373 373 373 373 372 371 371 371 371 371 371 371 370 370 369 369 369 368 368 368 368 367 366 366 366 366 366 366 365 365 365 365 365 365 364 364 364 364 364 359 359 359 359 359 359 358 358 358 358 407 407 407 407 407 406 406 406 406 405 405 405 405 404 404 404 404 403 403 403 403 402 402 402 402 401 401 401 400 400 400 400 399 399 399 398 398 398 398 397 397
374 374 374 374 373 373 373 373 372 372 372 372 372 372 371 371 370 370 370 370 370 369 368 368 368 367 367 367 367 366 366 366 366 366 366 365 365 365 365 365 365 364 364 364 360 360 359 359 359 359 359 358 358 408 408 408 407 407 407 407 406 406 406 406 405 405 405 405 404 404 404 404 403 403 403 403 402 402 402 402 401 401 401 400 400 400 400 399 399 399 398 398 398 397
374 374 374 374 374 374 374 374 374 373 372 372 372 372 372 372 371 371 371 370 370 370 369 369 369 369 367 367 367 367 367 367 367 366 366 366 366 366 365 365 365 365 365 365 360 360 360 360 360 359 359 359 359 408 408 408 408 408 407 407 407 407 406 406 406 406 405 405 405 405 404 404 404 404 403 403 403 403 402 402 402 401 401 401 401 400 400 400 399 399 399 399 398 398
375 375 375 375 375 374 374 374 374 373 373 373 373 373 373 372 372 371 371 371 371 371 370 369 369 369 368 368 368 368 367 367 367 367 367 367 366 366 366 366 366 365 365 365 361 361 360 360 360 360 360 359 359 409 409 409 408 408 408 408 407 407 407 407 406 406 406 406 405 405 405 405 404 404 404 404 403 403 403 402 402 402 402 401 401 401 400 400 400 400 399 399 399 398
375 375 375 375 375 375 375 375 375 374 374 373 373 373 373 373 373 372 372 371 371 371 370 370 370 370 369 368 368 368 368 368 368 367 367 367 367 367 367 366 366 366 366 366 365 361 361 361 361 360 360 360 360 409 409 409 409 409 408 408 408 408 407 407 407 407 406 406 406 406 405 405 405 405 404 404 404 403 403 403 403 402 402 402 402 401 401 401 400 400 400 399 399 399
376 376 376 376 376 376 375 375 375 374 374 374 374 374 374 374 373 372 372 372 372 372 371 370 370 370 369 369 369 369 368 368 368 368 368 368 367 367 367 367 367 366 366 366 366 362 361 361 361 361 361 360 360 410 410 410 409 409 409 409 408 408 408 408 407 407 407 407 406 406 406 406 405 405 405 405 404 404 404 403 403 403 403 402 402 402 401 401 401 400 400 400 400 399
377 376 376 376 376 376 376 376 376 376 375 375 374 374 374 374 374 373 373 373 372 372 371 371 371 371 370 369 369 369 369 369 369 368 368 368 368 368 368 367 367 367 367 367 366 362 362 362 362 361 361 361 361 410 410 410 410 410 409 409 409 409 408 408 408 408 407 407 407 407 406 406 406 406 405 405 405 404 404 404 404 403 403 403 402 402 402 402 401 401 401 400 400 400
377 377 377 377 377 377 377 376 376 376 375 375 375 375 375 375 374 374 373 373 373 373 373 372 371 371 371 370 370 370 369 369 369 369 369 369 368 368 368 368 368 367 367 367 367 363 362 362 362 362 362 361 411 411 411 411 410 410 410 410 409 409 409 409 408 408 408 408 407 407 407 407 406 406 406 405 405 405 405 404 404 404 403 403 403 403 402 402 402 401 401 401 401 400
378 378 377 377 377 377 377 377 377 377 376 376 375 375 375 375 375 375 374 374 373 373 373 372 372 372 372 370 370 370 370 370 370 369 369 369 369 369 369 368 368 368 368 368 367 367 363 363 363 362 362 362 412 411 411 411 411 411 410 410 410 410 409 409 409 409 408 408 408 408 407 407 407 406 406 406 406 405 405 405 405 404 404 404 403 403 403 402 402 402 402 401 401 401
378 378 378 378 378 378 378 378 377 377 377 376 376 376 376 376 376 375 374 374 374 374 374 373 372 372 372 371 371 371 371 370 370 370 370 370 369 369 369 369 369 369 368 368 368 368 364 363 363 363 363 362 412 412 412 412 411 411 411 411 410 410 410 410 409 409 409 409 408 408 408 408 407 407 407 406 406 406 406 405 405 405 404 404 404 404 403 403 403 402 402 402 401 401
379 379 379 378 378 378 378 378 378 378 378 377 377 376 376 376 376 376 375 375 375 374 374 373 373 373 373 372 371 371 371 371 371 371 370 370 370 370 370 369 369 369 369 369 368 368 364 364 364 363 363 363 413 412 412 412 412 412 411 411 411 411 410 410 410 410 409 409 409 409 408 408 408 407 407 407 407 406 406 406 405 405 405 405 404 404 404 403 403 403 402 402 402 402
380 379 379 379 379 379 379 379 379 378 378 377 377 377 377 377 377 376 376 375 375 375 375 375 374 373 373 373 372 372 372 371 371 371 371 371 371 370 370 370 370 370 369 369 369 369 365 364 364 364 364 363 413 413 413 413 412 412 412 412 411 411 411 411 410 410 410 410 409 409 409 408 408 408 408 407 407 407 407 406 406 406 405 405 405 404 404 404 404 403 403 403 402 402
381 380 380 380 379 379 379 379 379 379 379 378 378 378 377 377 377 377 377 376 376 375 375 375 374 374 374 374 372 372 372 372 372 372 371 371 371 371 371 370 370 370 370 370 369 369 369 365 365 364 364 364 414 413 413 413 413 413 412 412 412 412 411 411 411 411 410 410 410 409 409 409 409 408 408 408 408 407 407 407 406 406 406 406 405 405 405 404 404 404 403 403 403 402
381 380 380 380 380 380 380 380 380 380 379 379 378 378 378 378 378 378 377 376 376 376 376 376 375 374 374 374 373 373 373 372 372 372 372 372 372 371 371 371 371 371 370 370 370 370 370 365 365 365 365 364 414 414 414 414 413 413 413 413 412 412 412 412 411 411 411 411 410 410 410 409 409 409 409 408 408 408 407 407 407 407 406 406 406 405 405 405 404 404 404 404 403 403
382 381 381 381 381 380 380 380 380 380 380 380 379 379 378 378 378 378 378 377 377 377 376 376 375 375 375 375 373 373 373 373 373 373 372 372 372 372 372 371 371 371 371 371 370 370 370 366 366 365 365 365 415 414 414 414 414 414 413 413 413 413 412 412 412 412 411 411 411 410 410 410 410 409 409 409 409 408 408 408 407 407 407 406 406 406 406 405 405 405 404 404 404 403
382 382 381 381 381 381 381 381 381 381 380 380 379 379 379 379 379 379 378 378 377 377 377 377 377 375 375 375 374 374 374 373 373 373 373 373 373 372 372 372 372 372 371 371 371 371 371 366 366 366 366 365 415 415 415 415 414 414 414 414 413 413 413 413 412 412 412 411 411 411 411 410 410 410 410 409 409 409 408 408 408 408 407 407 407 406 406 406 405 405 405 404 404 404
383 383 382 382 382 382 381 381 381 381 381 381 380 380 380 379 379 379 379 379 378 378 377 377 377 376 376 376 376 374 374 374 374 374 373 373 373 373 373 373 372 372 372 372 371 371 371 371 367 366 366 366 416 415 415 415 415 415 414 414 414 414 413 413 413 412 412 412 412 411 411 411 411 410 410 410 409 409 409 409 408 408 408 407 407 407 406 406 406 406 405 405 405 404
384 383 382 382 382 382 382 382 382 382 382 381 381 380 380 380 380 380 380 379 378 378 378 378 378 377 376 376 376 375 375 375 374 374 374 374 374 373 373 373 373 373 372 372 372 372 372 371 367 367 367 366 416 416 416 416 415 415 415 415 414 414 414 413 413 413 413 412 412 412 412 411 411 411 410 410 410 410 409 409 409 408 408 408 408 407 407 407 406 406 406 405 405 405
384 384 384 383 383 383 383 382 382 382 382 382 382 381 381 380 380 380 380 380 379 379 379 378 378 377 377 377 377 375 375 375 375 375 375 374 374 374 374 374 373 373 373 373 373 372 372 372 368 367 367 367 417 416 416 416 416 416 415 415 415 414 414 414 414 413 413 413 413 412 412 412 412 411 411 411 410 410 410 409 409 409 409 408 408 408 407 407 407 406 406 406 405 405
385 385 384 383 383 383 383 383 383 383 383 383 382 381 381 381 381 381 381 380 379 379 379 379 379 378 377 377 377 376 376 376 375 375 375 375 375 374 374 374 374 374 373 373 373 373 373 372 368 368 368 367 417 417 417 416 416 416 416 415 415 415 415 414 414 414 414 413 413 413 413 412 412 412 411 411 411 411 410 410 410 409 409 409 408 408 408 408 407 407 407 406 406 406
385 385 385 384 384 384 384 383 383 383 383 383 383 382 382 382 381 381 381 381 381 380 380 379 379 379 378 378 378 377 376 376 376 376 376 375 375 375 375 375 374 374 374 374 374 373 373 373 373 368 368 368 418 417 417 417 417 416 416 416 416 415 415 415 415 414 414 414 414 413 413 413 412 412 412 412 411 411 411 410 410 410 410 409 409 409 408 408 408 407 407 407 406 406
386 386 386 384 384 384 384 384 384 384 384 384 383 383 382 382 382 382 382 382 381 380 380 380 380 380 378 378 378 378 377 377 376 376 376 376 376 375 375 375 375 375 374 374 374 374 374 373 373 369 369 368 418 418 418 417 417 417 417 416 416 416 416 415 415 415 415 414 414 414 414 413 413 413 412 412 412 411 411 411 411 410 410 410 409 409 409 408 408 408 407 407 407 406
386 386 386 386 385 385 385 385 384 384 384 384 384 384 383 383 383 382 382 382 382 381 381 380 380 380 379 379 379 378 377 377 377 377 377 376 376 376 376 376 375 375 375 375 375 374 374 374 374 369 369 419 419 418 418 418 418 417 417 417 417 416 416 416 416 415 415 415 415 414 414 414 413 413 413 413 412 412 412 411 411 411 410 410 410 409 409 409 409 408 408 408 407 407
387 387 387 387 385 385 385 385 385 385 385 385 385 384 383 383 383 383 383 383 382 381 381 381 381 381 380 379 379 379 378 378 377 377 377 377 377 377 376 376 376 376 375 375 375 375 375 374 374 370 370 369 419 419 419 418 418 418 418 417 417 417 417 416 416 416 416 415 415 415 414 414 414 414 413 413 413 412 412 412 411 411 411 411 410 410 410 409 409 409 408 408 408 407
387 387 387 387 386 386 386 386 386 385 385 385 385 385 384 384 384 383 383 383 383 383 382 382 381 381 381 380 380 380 378 378 378 378 378 377 377 377 377 377 376 376 376 376 376 375 375 375 375 370 370 370 420 419 419 419 419 418 418 418 418 417 417 417 417 416 416 416 415 415 415 415 414 414 414 413 413 413 413 412 412 412 411 411 411 410 410 410 409 409 409 408 408 408
388 388 388 388 387 386 386 386 386 386 386 386 386 385 385 384 384 384 384 384 384 383 382 382 382 382 382 380 380 380 380 379 379 378 378 378 378 378 377 377 377 377 376 376 376 376 376 375 375 375 371 370 420 420 420 419 419 419 419 418 418 418 418 417 417 417 417 416 416 416 415 415 415 415 414 414 414 413 413 413 412 412 412 411 411 411 411 410 410 410 409 409 409 408
388 388 388 388 388 387 387 387 387 387 386 386 386 386 386 385 385 384 384 384 384 384 383 383 382 382 382 381 381 381 380 379 379 379 379 378 378 378 378 378 377 377 377 377 377 376 376 376 376 375 371 371 421 420 420 420 420 419 419 419 419 418 418 418 418 417 417 417 416 416 416 416 415 415 415 414 414 414 413 413 413 413 412 412 412 411 411 411 410 410 410 409 409 409
389 389 389 389 389 387 387 387 387 387 387 387 387 387 386 385 385 385 385 385 385 384 383 383 383 383 383 381 381 381 381 380 380 379 379 379 379 379 378 378 378 378 377 377 377 377 377 376 376 376 372 371 421 421 421 420 420 420 420 419 419 419 419 418 418 418 417 417 417 417 416 416 416 415 415 415 415 414 414 414 413 413 413 412 412 412 411 411 411 410 410 410 409 409
