testData/tiles/oneDegree/grid33.0-45.0-34.0-46.0.asc
ncols   200
nrows   200
xllcorner   33.0
yllcorner   45.0
cellsize   0.005
NODATA_value   -9999.0
[rows 84 to 125 of 200, columns 94 to 187 of 200]
354 354 354 354 354 354 354 354 355 355 356 357 358 359 360 360 361 362 362 363 364 364 365 364 364 365 365 365 366 366 366 366 366 366 366 366 365 365 365 365 365 365 365 364 364 364 362 362 362 361 361 360 359 359 358 357 356 355 354 353 352 351 350 349 349 349 348 348 348 348 348 348 348 348 347 347 347 347 347 347 347 347 347 346 346 346 275 275 275 275 275 274 274 274
354 354 354 354 354 354 354 354 354 355 356 357 358 359 359 360 361 362 362 363 363 363 363 364 364 365 365 365 365 366 366 366 366 365 365 365 365 365 365 365 365 365 364 364 363 363 362 362 361 361 360 360 359 359 358 356 355 355 354 353 352 351 350 349 348 348 348 348 348 348 348 348 348 347 347 347 347 347 347 347 347 347 346 346 346 346 275 275 275 275 274 274 274 274
354 354 354 354 354 354 353 353 353 355 356 357 357 358 359 360 361 361 362 362 362 363 363 363 364 364 365 365 365 365 366 366 365 365 365 365 365 365 365 365 365 364 364 363 363 362 362 361 361 361 360 359 359 358 357 356 355 354 353 353 352 351 349 348 348 348 348 348 348 348 348 348 347 347 347 347 347 347 347 347 347 346 346 346 346 346 275 275 275 274 274 274 274 274
354 354 354 354 353 353 353 353 353 354 355 356 357 358 359 360 360 361 361 361 362 362 363 363 364 364 364 365 365 365 365 364 364 365 365 365 365 365 364 364 364 364 363 363 362 362 362 361 361 360 360 359 358 357 356 356 355 354 353 352 351 350 348 348 348 348 348 348 348 348 348 347 347 347 347 347 347 347 347 347 346 346 346 346 346 275 275 275 274 274 274 274 274 274
354 354 354 353 353 353 353 353 353 354 355 356 357 358 358 359 360 360 360 361 361 362 362 363 363 364 364 364 365 364 364 364 364 364 364 364 364 364 364 364 364 363 363 362 362 362 361 361 360 360 359 358 357 357 356 355 354 354 353 352 351 349 348 348 348 348 348 348 348 348 347 347 347 347 347 347 347 347 346 346 346 346 346 346 346 275 275 274 274 274 274 274 274 274
354 353 353 353 353 353 353 353 353 354 355 356 356 357 358 358 359 359 360 361 361 362 362 363 363 363 364 364 363 363 364 364 364 364 364 364 364 364 364 363 363 362 362 362 362 361 361 361 360 360 358 358 357 356 356 355 354 353 352 352 350 349 348 348 348 348 348 348 348 347 347 347 347 347 347 347 347 346 346 346 346 346 346 346 346 274 274 274 274 274 274 274 274 273
353 353 353 353 353 353 353 353 353 353 354 355 356 356 357 358 358 359 360 360 361 361 362 362 363 363 362 363 363 363 363 363 364 364 364 364 364 364 363 362 362 362 362 362 361 361 361 360 359 358 358 357 357 356 355 355 354 353 351 350 349 348 348 348 348 348 348 348 347 347 347 347 347 347 347 347 346 346 346 346 346 346 346 346 345 274 274 274 274 274 274 274 273 273
353 353 353 353 353 353 353 353 353 353 354 355 355 356 356 357 358 359 359 360 360 361 361 362 362 362 362 362 363 363 363 363 363 363 363 363 362 362 362 362 362 362 362 361 361 361 360 359 358 358 357 357 356 356 355 354 353 352 351 350 349 348 348 348 348 348 347 347 347 347 347 347 347 347 347 346 346 346 346 346 346 346 346 345 345 274 274 274 274 274 274 273 273 273
353 353 353 353 353 353 353 353 353 353 352 353 354 355 356 357 358 358 359 360 360 361 361 361 361 361 362 362 362 363 363 363 363 363 363 362 362 362 362 362 362 362 361 361 361 360 359 359 358 358 357 357 356 355 355 354 352 351 350 349 348 348 348 348 348 347 347 347 347 347 347 347 347 347 346 346 346 346 346 346 346 346 345 345 345 274 274 274 274 274 273 273 273 273
353 353 353 353 353 353 353 353 352 352 352 353 354 355 356 357 357 358 359 359 360 359 360 360 361 361 361 362 362 362 362 363 363 362 362 362 362 362 362 362 361 361 361 361 359 359 359 358 358 357 357 356 356 355 353 353 352 351 350 349 348 348 348 348 347 347 347 347 347 347 347 347 347 346 346 346 346 346 346 346 346 345 345 345 274 274 274 274 274 273 273 273 273 273
353 353 353 353 353 353 353 352 352 352 352 353 354 355 355 356 357 358 358 359 359 359 360 360 360 361 361 361 362 362 362 362 361 361 362 362 362 361 361 361 361 361 361 359 359 359 358 358 358 357 357 356 355 354 353 352 351 351 350 349 348 348 348 347 347 347 347 347 347 347 347 346 346 346 346 346 346 346 346 346 345 345 345 345 274 274 274 274 273 273 273 273 273 273
353 353 353 353 353 352 352 352 352 352 352 352 353 354 355 356 357 357 357 358 358 359 359 360 360 360 361 361 361 362 361 361 361 361 361 361 361 361 361 361 361 361 359 359 359 358 358 358 357 357 356 356 354 353 353 352 351 350 349 348 348 347 347 347 347 347 347 347 347 347 346 346 346 346 346 346 346 346 346 345 345 345 345 345 274 274 273 273 273 273 273 273 273 273
353 353 353 352 352 352 352 352 352 352 352 352 353 354 355 356 356 356 357 357 358 358 359 359 360 360 360 361 361 360 360 361 361 361 361 361 361 361 361 361 359 359 359 359 358 358 358 357 357 356 355 354 354 353 352 352 351 350 349 348 347 347 347 347 347 347 347 347 347 346 346 346 346 346 346 346 346 345 345 345 345 345 345 345 274 273 273 273 273 273 273 273 273 272
353 352 352 352 352 352 352 352 352 352 352 352 353 354 354 354 355 356 356 357 358 358 359 359 359 360 360 359 360 360 360 360 360 361 361 361 361 361 360 359 359 359 359 358 358 358 357 357 357 355 355 354 353 353 352 351 350 350 349 347 347 347 347 347 347 347 347 347 346 346 346 346 346 346 346 346 345 345 345 345 345 345 345 345 273 273 273 273 273 273 273 273 272 272
352 352 352 352 352 352 352 352 352 352 352 352 352 352 353 354 355 355 356 357 357 358 358 359 359 360 359 359 359 360 360 360 360 360 360 360 360 359 359 359 359 359 358 358 358 358 357 357 355 355 354 354 353 352 352 351 350 348 347 347 347 347 347 347 347 347 346 346 346 346 346 346 346 346 346 345 345 345 345 345 345 345 345 344 273 273 273 273 273 273 272 272 272 272
352 352 352 352 352 352 352 352 352 352 352 351 351 352 353 354 354 355 356 356 357 357 358 358 358 358 359 359 359 359 360 360 360 360 360 360 359 359 359 359 359 358 358 358 358 357 356 355 355 354 354 353 353 352 351 351 349 348 347 347 347 347 347 347 347 346 346 346 346 346 346 346 346 346 345 345 345 345 345 345 345 345 344 273 273 273 273 273 273 272 272 272 272 272
352 352 352 352 352 352 352 352 352 352 351 351 351 351 352 353 354 355 355 356 357 357 357 357 357 358 358 359 359 359 359 359 360 360 359 359 359 359 359 358 358 358 358 358 357 356 355 355 355 354 354 353 352 352 351 349 348 347 347 347 347 347 347 347 346 346 346 346 346 346 346 346 345 345 345 345 345 345 345 345 344 344 344 273 273 273 273 273 272 272 272 272 272 272
352 352 352 352 352 352 352 352 351 351 351 351 351 351 352 353 354 354 355 356 356 356 356 357 357 358 358 358 358 359 359 359 358 358 358 358 358 358 358 358 358 358 357 356 356 356 355 355 354 354 353 353 352 350 350 349 348 347 347 347 347 347 346 346 346 346 346 346 346 346 346 345 345 345 345 345 345 345 345 344 344 344 344 273 273 273 273 272 272 272 272 272 272 272
352 352 352 352 352 352 351 351 351 351 351 351 351 351 352 352 353 354 355 354 355 355 356 356 357 357 358 358 358 358 359 358 358 358 358 358 358 358 358 358 358 357 356 356 356 355 355 354 354 353 353 352 351 350 349 348 348 347 347 347 347 346 346 346 346 346 346 346 346 346 345 345 345 345 345 345 345 345 344 344 344 344 344 273 273 273 272 272 272 272 272 272 272 271
352 352 352 352 351 351 351 351 351 351 351 351 351 351 351 352 353 353 353 354 355 355 356 356 356 357 357 358 358 357 357 357 358 358 358 358 358 358 358 357 356 356 356 356 355 355 354 354 354 353 352 351 350 350 349 348 347 347 347 347 346 346 346 346 346 346 346 346 345 345 345 345 345 345 345 345 345 344 344 344 344 344 344 273 272 272 272 272 272 272 272 272 271 271
352 352 351 351 351 351 351 351 351 351 351 351 351 351 351 351 352 352 353 354 354 355 355 356 356 357 357 356 356 357 357 357 357 357 357 357 357 357 357 356 356 356 355 355 355 355 354 354 353 352 351 351 350 349 349 348 347 347 346 346 346 346 346 346 346 346 346 345 345 345 345 345 345 345 345 344 344 344 344 344 344 344 273 272 272 272 272 272 272 272 272 271 271 271
351 351 351 351 351 351 351 351 351 351 351 351 351 351 350 350 351 352 353 353 354 354 355 355 356 356 356 356 356 356 357 357 357 357 357 357 357 356 356 356 356 355 355 355 355 354 354 352 352 351 351 350 350 349 348 347 347 346 346 346 346 346 346 346 346 346 345 345 345 345 345 345 345 345 344 344 344 344 344 344 344 344 272 272 272 272 272 272 272 271 271 271 271 271
351 351 351 351 351 351 351 351 351 351 351 351 350 350 350 350 351 352 352 353 353 354 355 355 354 355 355 356 356 356 356 356 357 357 357 356 356 356 356 355 355 355 355 355 354 354 352 352 352 351 350 350 349 349 348 346 346 346 346 346 346 346 346 346 345 345 345 345 345 345 345 345 345 344 344 344 344 344 344 344 344 343 272 272 272 272 272 272 271 271 271 271 271 271
351 351 351 351 351 351 351 351 351 351 350 350 350 350 350 350 350 351 352 353 353 354 353 354 354 355 355 355 355 356 356 356 356 356 355 355 355 355 355 355 355 355 354 354 353 353 352 352 351 351 350 350 349 348 346 346 346 346 346 346 346 346 346 345 345 345 345 345 345 345 345 344 344 344 344 344 344 344 344 343 343 343 272 272 272 272 272 271 271 271 271 271 271 271
351 351 351 351 351 351 351 351 350 350 350 350 350 350 350 350 350 351 351 352 352 352 353 353 354 354 355 355 355 355 356 356 355 355 355 355 355 355 355 355 355 354 354 353 353 352 352 351 351 350 350 349 347 347 346 346 346 346 346 346 346 346 345 345 345 345 345 345 345 345 344 344 344 344 344 344 344 344 343 343 343 343 272 272 272 272 271 271 271 271 271 271 271 270
351 351 351 351 351 351 350 350 350 350 350 350 350 350 350 350 350 350 351 351 351 352 352 353 353 354 354 354 355 355 354 354 355 355 355 355 355 355 355 354 354 353 353 352 352 352 351 351 350 350 349 348 347 346 346 346 346 346 346 346 345 345 345 345 345 345 345 345 345 344 344 344 344 344 344 344 344 343 343 343 343 272 272 272 271 271 271 271 271 271 271 270 270 460
351 351 351 351 350 350 350 350 350 350 350 350 350 350 350 350 350 349 350 350 351 352 352 353 353 353 354 354 354 354 354 354 354 354 354 354 354 354 354 353 353 353 352 352 352 351 351 351 350 349 348 347 347 346 346 346 346 346 346 345 345 345 345 345 345 345 345 344 344 344 344 344 344 344 344 343 343 343 343 343 343 272 272 271 271 271 271 271 271 271 270 460 460 460
351 351 350 350 350 350 350 350 350 350 350 350 350 350 350 349 349 349 349 350 351 351 352 352 353 353 353 353 353 353 354 354 354 354 354 354 354 354 353 353 353 352 352 352 351 351 351 350 349 348 348 347 346 346 346 346 346 345 345 345 345 345 345 345 345 345 344 344 344 344 344 344 344 344 343 343 343 343 343 343 343 272 271 271 271 271 271 271 271 460 460 460 460 460
350 350 350 350 350 350 350 350 350 350 350 350 350 349 349 349 349 349 349 350 350 351 351 352 352 352 352 352 353 353 353 353 353 354 354 354 353 353 352 352 352 352 352 351 351 351 349 349 348 348 347 347 346 346 346 346 345 345 345 345 345 345 345 345 344 344 344 344 344 344 344 344 344 343 343 343 343 343 343 343 342 271 271 271 271 271 271 461 460 460 460 460 460 460
350 350 350 350 350 350 350 350 350 350 350 349 349 349 349 349 349 349 349 349 350 351 351 351 351 351 352 352 352 353 353 353 353 353 352 352 352 352 352 352 352 352 351 351 351 349 349 349 348 348 347 346 346 346 345 345 345 345 345 345 345 345 345 344 344 344 344 344 344 344 344 343 343 343 343 343 343 343 343 342 342 271 271 271 271 461 460 460 460 460 460 460 460 459
350 350 350 350 350 350 350 350 350 349 349 349 349 349 349 349 349 349 349 349 350 349 350 350 351 351 351 352 352 352 352 353 353 352 352 352 352 352 352 352 351 351 351 350 349 349 349 348 348 347 347 346 345 345 345 345 345 345 345 345 345 344 344 344 344 344 344 344 344 344 343 343 343 343 343 343 343 342 342 342 271 271 271 461 461 460 460 460 460 460 460 460 459 459
350 350 350 350 350 350 350 349 349 349 349 349 349 349 349 349 349 349 349 348 348 349 349 350 350 351 351 351 352 352 352 351 351 352 352 352 352 352 351 351 351 350 350 349 349 349 348 348 347 347 346 345 345 345 345 345 345 345 345 345 344 344 344 344 344 344 344 344 343 343 343 343 343 343 343 343 342 342 342 342 271 461 461 460 460 460 460 460 460 460 459 459 459 459
350 350 350 350 350 349 349 349 349 349 349 349 349 349 349 349 349 348 348 348 348 348 349 349 350 350 351 351 351 351 351 351 351 351 351 351 351 351 351 350 350 350 349 349 349 348 348 347 347 345 345 345 345 345 345 345 345 345 344 344 344 344 344 344 344 344 344 343 343 343 343 343 343 343 343 342 342 342 342 532 461 461 460 460 460 460 460 460 460 459 459 459 459 459
350 350 349 349 349 349 349 349 349 349 349 349 349 349 349 348 348 348 348 348 348 348 349 349 350 350 350 350 350 350 350 351 351 351 351 351 351 351 350 350 349 349 349 349 348 348 348 347 346 345 345 345 345 345 345 345 345 344 344 344 344 344 344 344 344 343 343 343 343 343 343 343 343 342 342 342 342 532 532 532 461 460 460 460 460 460 460 460 459 459 459 459 459 459
349 349 349 349 349 349 349 349 349 349 349 349 349 348 348 348 348 348 348 348 348 348 348 349 349 349 349 349 350 350 350 350 350 350 350 351 349 349 349 349 349 349 349 348 348 348 346 346 345 345 345 345 345 345 345 344 344 344 344 344 344 344 344 344 343 343 343 343 343 343 343 343 342 342 342 532 532 532 532 531 460 460 460 460 460 460 459 459 459 459 459 459 459 458
349 349 349 349 349 349 349 349 349 349 349 348 348 348 348 348 348 348 348 348 348 348 348 347 348 348 349 349 349 349 350 350 350 350 349 349 349 349 349 349 349 348 348 348 347 346 346 345 345 345 345 345 345 344 344 344 344 344 344 344 344 344 343 343 343 343 343 343 343 343 342 342 342 532 532 532 532 532 531 460 460 460 460 460 460 459 459 459 459 459 459 459 458 458
349 349 349 349 349 349 349 349 349 348 348 348 348 348 348 348 348 348 348 348 348 347 347 347 347 348 348 349 349 349 349 349 349 349 349 349 349 349 349 348 348 348 347 347 346 346 345 345 345 345 345 345 344 344 344 344 344 344 344 344 344 343 343 343 343 343 343 343 343 342 342 342 532 532 532 532 531 531 531 460 460 460 460 460 459 459 459 459 459 459 458 458 458 458
349 349 349 349 349 349 349 348 348 348 348 348 348 348 348 348 348 348 348 347 347 347 347 347 347 347 348 348 348 349 348 348 348 348 348 348 348 348 348 348 348 347 346 346 346 345 345 345 345 345 344 344 344 344 344 344 344 344 344 343 343 343 343 343 343 343 343 342 342 342 532 532 532 532 532 531 531 531 531 460 460 460 459 459 459 459 459 459 459 458 458 458 458 458
349 349 349 349 349 348 348 348 348 348 348 348 348 348 348 348 348 347 347 347 347 347 347 347 347 347 347 348 348 347 348 348 348 348 348 348 348 348 348 347 347 346 346 346 345 345 345 345 344 344 344 344 344 344 344 344 344 343 343 343 343 343 343 343 343 343 342 342 532 532 532 532 532 531 531 531 531 531 531 460 460 459 459 459 459 459 459 459 458 458 458 458 458 458
349 349 349 348 348 348 348 348 348 348 348 348 348 348 348 347 347 347 347 347 347 347 347 347 347 347 347 346 347 347 347 347 347 348 348 348 348 347 346 346 346 346 346 345 345 345 345 344 344 344 344 344 344 344 344 344 343 343 343 343 343 343 343 343 342 342 532 532 532 532 532 532 531 531 531 531 531 531 460 459 459 459 459 459 459 459 458 458 458 458 458 458 458 457
348 348 348 348 348 348 348 348 348 348 348 348 348 347 347 347 347 347 347 347 347 347 347 347 347 346 346 346 346 347 347 347 347 347 347 346 346 346 346 346 346 346 345 345 345 344 344 344 344 344 344 344 344 344 343 343 343 343 343 343 343 343 342 342 342 532 532 532 532 532 531 531 531 531 531 531 531 531 459 459 459 459 459 459 459 458 458 458 458 458 458 457 457 457
348 348 348 348 348 348 348 348 348 348 348 347 347 347 347 347 347 347 347 347 347 347 347 346 346 346 346 346 346 346 346 347 347 346 346 346 346 346 346 346 345 345 345 344 344 344 344 344 344 344 344 344 343 343 343 343 343 343 343 343 343 342 342 532 532 532 532 532 532 531 531 531 531 531 531 531 530 530 459 459 459 459 459 458 458 458 458 458 458 458 457 457 457 457
