testData/tiles/oneDegree/grid13.0-32.0-14.0-33.0.asc
ncols   200
nrows   200
xllcorner   13.0
yllcorner   32.0
cellsize   0.005
NODATA_value   -9999.0
[rows 82 to 122 of 200, columns 0 to 92 of 200]
1009 1009 1008 1008 1008 1008 1008 1008 1008 1008 1006 1007 1006 1006 1006 1005 1005 1004 1004 1003 1004 1003 1002 1002 1001 1002 1001 1000 994 994 994 1009 1006 1006 1005 1006 1005 1004 908 908 908 908 906 905 904 903 903 724 724 723 721 721 719 719 718 716 716 714 712 713 711 710 709 708 706 667 664 665 663 663 660 659 657 657 655 653 653 652 649 649 647 645 643 641 640 639 638 636 634 632 630 628 626
1010 1009 1009 1009 1009 1009 1010 1008 1008 1008 1008 1008 1007 1006 1006 1006 1006 1005 1005 1005 1004 1004 1003 1003 1003 1002 1001 1001 1000 996 1009 1009 1007 1007 1007 1006 1005 1005 909 910 908 908 907 906 905 905 903 725 725 724 722 722 720 720 719 717 716 715 715 713 712 712 710 709 707 668 667 666 664 663 661 661 660 657 657 655 655 652 651 650 648 646 644 644 642 640 638 637 635 633 631 630 628
1010 1011 1010 1010 1010 1010 1010 1009 1009 1010 1009 1008 1008 1007 1008 1007 1007 1005 1006 1006 1005 1005 1004 1004 1003 1003 1002 1002 1001 1001 1011 1010 1009 1008 1008 1007 1007 1006 910 910 909 909 907 906 906 906 904 904 725 723 724 723 722 720 719 718 718 717 715 714 714 713 710 710 709 669 668 667 665 664 663 661 661 659 659 656 655 653 652 652 649 648 646 645 643 642 640 639 636 634 633 631 628
1012 1012 1010 1010 1011 1011 1011 1010 1010 1010 1009 1009 1009 1009 1009 1007 1007 1007 1007 1007 1005 1005 1005 1005 1004 1004 1003 1003 1003 1002 1017 1011 1010 1009 1009 1008 1007 913 912 911 911 910 908 908 907 907 904 904 727 726 725 723 722 721 721 720 718 718 716 715 715 713 712 712 671 669 669 668 666 665 664 663 662 661 659 657 656 655 653 653 651 649 646 646 645 643 640 639 637 635 634 633 631
1012 1012 1011 1011 1012 1012 1011 1010 1011 1011 1010 1010 1010 1009 1009 1008 1009 1008 1007 1007 1006 1007 1006 1006 1004 1005 1005 1004 1004 1002 1018 1017 1011 1010 1009 1008 1009 914 913 912 911 911 910 909 908 907 905 906 728 726 725 724 723 722 722 720 719 719 717 717 715 715 714 712 671 672 670 669 667 667 665 665 663 661 660 658 658 657 655 654 652 650 648 648 646 643 641 641 640 637 636 634 632
1013 1013 1012 1012 1012 1012 1012 1012 1012 1012 1010 1011 1011 1010 1010 1010 1009 1008 1008 1008 1008 1008 1006 1006 1006 1006 1006 1004 1004 1019 1019 1018 1016 1010 1010 1010 1010 915 913 912 913 912 911 909 909 908 907 907 728 727 726 726 724 723 723 721 721 719 717 719 717 716 714 713 672 673 670 670 669 668 666 666 664 662 661 660 659 658 656 655 653 651 649 648 646 646 644 643 640 639 637 635 632
1014 1013 1013 1013 1013 1013 1014 1012 1012 1012 1012 1012 1011 1010 1011 1010 1010 1009 1009 1009 1008 1008 1007 1008 1007 1006 1006 1005 1006 1020 1019 1018 1017 1017 1012 1011 1010 915 914 914 914 912 911 910 910 910 908 907 906 728 727 727 725 725 724 721 721 719 719 720 717 717 715 675 674 674 672 672 670 668 666 667 665 663 663 661 659 659 657 655 654 652 649 651 649 647 644 643 641 641 638 636 634
1014 1015 1014 1014 1013 1013 1014 1013 1013 1014 1013 1012 1011 1012 1012 1011 1011 1009 1010 1010 1009 1009 1009 1008 1007 1007 1007 1007 1006 1020 1020 1018 1019 1018 1017 1011 917 916 916 914 914 913 912 912 911 910 909 908 907 728 728 728 726 726 724 722 723 721 720 720 718 718 716 676 675 675 673 672 670 669 669 668 666 665 664 662 660 660 658 656 654 654 653 652 650 647 645 645 644 641 639 637 635
1016 1015 1014 1014 1014 1014 1015 1014 1014 1014 1013 1013 1013 1013 1013 1011 1011 1011 1011 1011 1009 1010 1009 1009 1008 1008 1008 1007 1007 1021 1021 1020 1019 1018 1018 1017 918 916 916 915 915 914 913 912 912 911 910 908 909 730 729 729 726 726 725 725 724 721 722 721 719 718 717 678 677 676 674 673 671 671 670 669 667 666 665 662 662 661 659 657 657 655 654 652 650 649 647 644 644 642 641 638 637
1016 1015 1015 1016 1015 1015 1015 1015 1015 1014 1014 1014 1013 1013 1013 1012 1013 1012 1011 1011 1011 1011 1010 1010 1008 1009 1009 1008 1008 1021 1022 1020 1020 1019 1019 1018 924 917 917 916 915 915 914 913 913 911 910 910 910 908 729 729 727 728 727 725 724 722 723 721 721 720 679 679 677 676 675 674 673 672 671 669 669 666 665 663 663 662 660 659 658 656 654 653 652 650 647 645 646 644 642 640 638
1017 1016 1017 1016 1015 1015 1016 1016 1016 1015 1014 1015 1014 1014 1014 1014 1013 1012 1012 1011 1012 1012 1010 1010 1010 1010 1009 1008 1023 1023 1023 1021 1021 1019 1020 925 925 923 917 916 917 916 915 913 913 912 912 911 910 908 731 730 729 728 727 726 725 723 723 723 722 721 679 679 678 677 676 675 674 673 672 669 669 667 666 666 664 663 661 660 658 656 655 655 652 651 649 648 647 645 643 641 639
1019 1016 1017 1017 1016 1016 1017 1016 1016 1015 1016 1016 1015 1014 1014 1014 1014 1013 1013 1012 1012 1012 1011 1012 1011 1010 1009 1009 1025 1024 1024 1021 1021 1021 1021 926 925 923 923 918 918 916 915 914 914 914 912 911 911 909 732 731 729 729 728 727 725 724 725 724 723 721 680 680 679 679 677 676 675 675 672 671 670 669 668 667 665 664 662 660 659 658 657 655 654 652 650 649 648 646 644 641 639
1018 1019 1018 1017 1016 1017 1016 1017 1017 1017 1017 1016 1015 1016 1015 1015 1015 1013 1014 1013 1013 1013 1013 1012 1011 1011 1010 1011 1026 1024 1023 1022 1023 1022 1021 926 926 924 925 923 918 917 916 916 915 913 913 912 912 909 910 732 730 730 728 727 727 726 726 723 723 683 682 682 680 680 678 677 675 675 673 672 672 669 669 668 666 665 663 661 660 660 658 656 655 652 651 650 649 647 644 643 641
1020 1020 1019 1017 1018 1018 1017 1018 1018 1017 1017 1016 1017 1017 1016 1015 1014 1015 1015 1014 1014 1013 1013 1013 1012 1012 1011 1011 1025 1025 1024 1024 1023 1022 1022 927 927 925 925 924 919 917 917 916 916 914 914 912 913 911 911 733 730 730 728 729 728 727 726 724 724 684 683 683 681 681 678 677 676 675 675 673 672 670 670 668 666 666 664 663 661 661 659 657 655 654 652 651 648 647 647 645 642
1019 1020 1020 1020 1019 1018 1017 1019 1018 1018 1018 1017 1017 1017 1016 1016 1016 1016 1015 1014 1014 1014 1014 1014 1012 1013 1012 1012 1026 1026 1025 1024 1024 1023 929 927 927 926 926 925 924 918 918 917 917 915 914 914 914 912 911 733 731 731 730 729 728 728 727 725 685 685 684 684 682 681 679 679 677 676 676 674 673 672 670 669 667 668 665 663 664 662 659 657 657 655 654 651 650 650 648 645 644
1020 1021 1020 1020 1020 1018 1018 1019 1019 1019 1018 1018 1018 1017 1017 1018 1016 1016 1016 1015 1016 1015 1014 1013 1014 1014 1013 1028 1026 1026 1025 1025 1025 1023 929 929 928 927 926 925 926 924 919 918 917 915 916 915 914 912 912 733 733 733 730 730 729 729 727 726 687 685 685 684 682 682 680 680 678 677 677 675 673 672 671 670 669 668 666 664 664 662 660 659 658 655 655 653 652 650 648 646 645
1020 1021 1021 1021 1021 1020 1020 1019 1019 1019 1019 1019 1019 1017 1018 1018 1017 1017 1016 1016 1016 1015 1015 1015 1015 1014 1013 1028 1028 1027 1026 1025 1024 1024 931 930 928 927 927 927 927 925 924 918 918 917 917 915 914 913 913 912 733 733 731 731 730 729 729 728 688 685 685 684 683 682 681 680 680 678 677 675 674 673 673 671 670 669 667 665 664 663 661 660 659 657 656 655 652 651 649 647 646
1021 1022 1022 1022 1020 1021 1021 1019 1020 1021 1020 1019 1019 1019 1019 1018 1018 1017 1017 1017 1016 1016 1016 1015 1015 1014 1014 1030 1029 1027 1026 1026 1025 932 930 930 929 928 929 928 927 925 925 924 920 917 917 916 915 914 914 912 734 734 732 731 730 731 730 688 688 686 687 685 685 683 682 681 681 678 678 676 676 674 673 672 671 669 667 666 665 664 662 661 659 658 657 655 653 652 649 648 647
1023 1023 1022 1022 1022 1022 1022 1021 1020 1021 1020 1020 1019 1020 1020 1018 1018 1019 1018 1018 1017 1016 1017 1016 1016 1015 1014 1029 1028 1028 1027 1027 1026 932 931 931 929 930 929 928 928 926 926 925 925 918 918 917 915 915 914 913 735 734 732 733 733 732 730 689 689 687 687 686 686 684 683 681 681 679 679 678 676 675 674 673 671 669 668 667 666 665 664 662 660 659 658 656 654 651 651 650 649
1022 1022 1023 1023 1023 1023 1021 1021 1022 1021 1021 1021 1020 1020 1020 1019 1020 1019 1018 1018 1017 1018 1017 1017 1016 1015 1016 1030 1029 1028 1027 1028 1027 933 932 930 930 930 929 929 927 926 926 926 924 924 917 917 916 916 915 913 735 735 734 734 732 732 731 690 690 688 689 687 687 684 683 682 682 681 680 678 677 676 674 674 672 670 670 669 667 666 665 662 660 660 659 656 654 653 653 652 649
1023 1023 1024 1023 1023 1023 1022 1023 1023 1022 1021 1021 1021 1021 1020 1021 1020 1019 1019 1018 1019 1019 1017 1017 1016 1017 1032 1030 1029 1028 1029 1028 934 933 932 932 931 931 930 929 927 928 927 927 924 924 918 919 917 916 915 914 913 737 734 734 733 733 693 690 691 689 690 688 686 685 684 683 683 681 681 679 678 676 675 675 673 671 671 670 668 667 665 663 661 662 659 658 656 655 653 652 650
1023 1023 1024 1024 1024 1023 1024 1023 1022 1022 1024 1022 1022 1021 1020 1021 1020 1020 1020 1020 1019 1019 1018 1018 1018 1017 1031 1030 1030 1030 1030 1028 934 933 934 933 932 931 930 930 929 929 927 927 925 925 925 919 917 917 916 915 914 737 735 735 734 732 693 692 692 690 690 688 687 686 686 684 684 682 682 679 678 678 676 677 674 672 672 671 668 667 666 664 661 663 661 659 657 655 653 653 651
1024 1025 1025 1025 1024 1024 1024 1024 1023 1024 1024 1022 1022 1021 1022 1022 1021 1020 1021 1020 1020 1019 1019 1019 1018 1018 1031 1031 1032 1030 1030 1029 935 935 934 932 932 932 931 932 929 929 928 928 927 926 925 924 918 918 916 916 915 737 736 735 734 694 694 693 692 690 691 689 688 687 686 685 685 682 682 680 679 680 677 677 675 673 672 671 669 667 667 665 663 663 662 659 657 656 654 653 651
1025 1024 1024 1025 1024 1025 1025 1024 1023 1024 1023 1024 1023 1023 1023 1022 1021 1021 1021 1021 1021 1019 1020 1019 1019 1019 1032 1032 1031 1031 1031 936 936 935 934 933 933 932 932 931 930 930 929 929 927 927 926 925 923 918 917 917 916 737 736 735 736 696 694 693 693 691 692 689 689 688 687 687 685 683 682 681 679 680 678 677 676 673 672 672 670 668 668 666 664 664 662 660 658 657 655 653 652
1025 1025 1025 1026 1026 1025 1025 1024 1025 1024 1024 1024 1024 1023 1023 1022 1022 1023 1021 1021 1020 1021 1021 1020 1019 1017 1033 1033 1032 1032 1030 937 936 936 935 934 933 933 933 931 931 929 930 928 928 927 926 924 924 924 918 916 916 914 737 737 736 696 695 694 694 691 692 691 690 689 687 687 686 684 683 682 680 681 679 677 676 674 673 673 671 670 669 667 664 664 663 661 659 657 656 655 655
1026 1026 1026 1026 1026 1026 1025 1026 1026 1024 1024 1024 1024 1025 1023 1023 1023 1022 1022 1022 1021 1022 1020 1020 1019 1019 1034 1033 1032 1032 938 938 937 937 934 934 935 934 934 931 931 931 931 929 928 927 927 926 926 924 918 917 917 915 738 737 698 697 696 694 693 693 693 692 690 689 688 687 686 685 684 683 681 681 679 677 677 675 674 674 672 671 669 667 666 665 664 661 660 659 658 655 654
1027 1026 1026 1026 1027 1026 1026 1026 1025 1025 1025 1025 1025 1024 1024 1024 1024 1023 1023 1022 1022 1022 1021 1020 1019 1035 1034 1033 1033 1032 939 938 937 936 935 936 935 934 933 932 933 932 931 929 929 928 929 926 926 925 924 918 918 916 739 737 699 698 696 695 694 695 692 692 691 690 688 687 687 686 685 684 681 682 680 678 677 676 674 675 673 670 669 668 667 665 663 663 662 659 658 656 655
1028 1027 1027 1027 1027 1026 1027 1027 1026 1026 1026 1025 1025 1024 1025 1026 1024 1023 1023 1023 1023 1022 1021 1020 1020 1035 1034 1034 1034 1033 939 938 938 937 937 936 935 935 933 934 932 932 931 930 930 929 929 927 927 926 925 923 919 917 740 699 698 698 696 697 695 695 693 693 691 689 689 689 688 687 684 684 682 682 681 679 679 677 675 675 673 671 670 669 667 667 665 664 662 660 659 657 655
1029 1028 1027 1027 1026 1028 1028 1027 1026 1027 1026 1026 1026 1025 1026 1025 1024 1023 1023 1023 1023 1021 1021 1021 1021 1036 1035 1034 1034 940 940 939 938 937 937 936 936 936 933 934 933 933 932 930 930 930 928 928 927 926 924 925 923 918 916 699 699 699 698 697 695 696 694 694 691 691 690 690 688 687 685 685 683 682 682 680 680 677 675 676 674 672 670 669 669 668 665 664 663 661 660 657 656
1029 1029 1029 1027 1028 1028 1027 1027 1027 1027 1027 1027 1025 1026 1026 1025 1025 1025 1023 1023 1022 1022 1023 1022 1021 1035 1035 1036 1035 941 939 939 939 938 938 937 936 935 935 935 934 933 931 932 931 931 929 928 927 926 926 926 923 918 917 700 701 700 698 698 696 696 694 693 693 692 691 690 689 688 686 685 684 683 683 681 679 678 677 676 674 672 672 671 670 668 666 664 664 661 660 658 657
1030 1030 1028 1028 1028 1028 1028 1028 1028 1027 1027 1026 1027 1027 1026 1026 1025 1025 1024 1024 1023 1024 1022 1022 1022 1036 1037 1036 941 941 940 941 939 939 938 937 937 937 936 934 934 933 932 932 932 931 929 929 928 928 926 926 924 924 879 701 701 700 699 698 696 696 695 695 694 692 691 691 689 688 686 686 685 684 683 681 680 679 678 676 676 674 673 670 670 669 667 664 664 662 661 659 658
1030 1029 1029 1030 1030 1028 1029 1029 1028 1028 1028 1027 1028 1027 1026 1026 1026 1026 1026 1024 1023 1024 1023 1023 1022 1038 1037 1036 942 941 941 940 939 939 938 938 938 936 936 935 935 934 934 932 932 931 930 929 929 927 927 926 925 923 885 701 702 700 699 698 697 698 697 695 694 693 691 692 689 690 688 686 685 684 684 682 680 679 678 678 677 674 673 671 671 670 667 665 663 663 662 660 659
1031 1030 1030 1031 1029 1029 1029 1029 1029 1029 1028 1028 1028 1027 1027 1028 1027 1026 1025 1025 1025 1024 1024 1023 1022 1038 1037 1037 943 941 942 940 940 940 939 939 938 937 936 936 934 935 934 933 933 931 930 930 930 928 928 926 925 886 885 884 702 700 700 698 699 698 697 696 694 694 691 692 691 690 689 686 686 685 685 682 680 681 680 678 677 675 673 672 671 669 668 666 665 664 663 661 660
1031 1030 1031 1030 1030 1030 1030 1030 1029 1028 1029 1029 1028 1028 1027 1027 1027 1027 1026 1027 1026 1024 1024 1023 1024 1039 1038 943 942 943 942 941 941 939 940 939 939 938 936 936 936 935 934 934 932 931 932 931 931 928 928 927 927 887 885 884 703 701 701 699 698 698 697 697 694 694 692 693 692 689 689 687 687 686 683 683 682 682 680 678 677 676 674 672 672 670 670 667 665 664 664 661 660
1030 1032 1031 1031 1031 1030 1030 1029 1029 1029 1030 1029 1028 1028 1028 1028 1028 1027 1027 1027 1026 1025 1024 1025 1024 1038 1038 944 944 943 941 941 940 941 941 940 938 937 937 937 937 936 934 934 933 933 932 931 929 929 928 928 887 887 885 885 708 701 701 700 699 699 697 696 695 694 694 692 692 690 690 688 686 686 685 685 682 680 681 679 678 676 674 673 673 671 670 668 666 665 664 662 660
1031 1032 1031 1031 1030 1031 1031 1030 1030 1030 1029 1029 1029 1029 1029 1029 1027 1027 1028 1027 1027 1027 1025 1025 1039 1039 945 945 944 942 942 942 941 942 940 940 939 938 939 938 937 935 935 934 935 933 932 932 930 930 929 928 888 888 886 885 707 708 702 701 699 699 698 696 696 694 694 693 693 691 690 688 687 688 686 685 683 681 682 679 677 677 675 675 673 672 671 669 666 664 664 663 661
1031 1031 1032 1031 1032 1032 1031 1030 1031 1031 1030 1030 1030 1029 1029 1028 1028 1029 1028 1028 1027 1026 1027 1026 1040 1040 944 945 944 943 943 942 942 942 941 940 939 939 938 938 937 936 936 935 934 933 933 932 930 930 930 928 889 887 886 885 886 708 702 700 700 699 699 697 697 695 695 694 693 691 690 689 688 688 686 685 684 682 681 680 678 678 676 674 674 672 671 669 667 665 665 663 661
1032 1032 1032 1032 1032 1032 1031 1031 1032 1031 1030 1030 1030 1030 1030 1029 1030 1028 1028 1028 1027 1028 1028 1026 1040 1040 946 945 944 943 943 943 943 942 942 939 940 940 939 939 937 936 936 936 935 934 933 932 932 931 931 889 889 888 887 887 887 708 708 701 701 700 700 698 698 696 694 694 693 692 692 690 688 688 687 685 684 682 681 681 679 678 677 675 675 672 671 670 668 665 665 664 663
1032 1031 1031 1033 1033 1032 1032 1033 1031 1031 1031 1031 1031 1031 1029 1029 1030 1029 1029 1028 1029 1028 1027 1027 1041 947 946 944 944 944 944 944 943 942 941 940 941 940 940 939 937 938 937 937 934 934 933 933 932 931 929 890 890 888 889 887 887 709 708 707 700 701 700 699 698 696 695 695 694 693 691 690 689 689 687 685 684 683 682 682 680 678 678 675 674 673 672 670 668 667 666 665 663
1032 1032 1033 1034 1033 1032 1033 1032 1032 1032 1031 1031 1031 1030 1030 1031 1030 1030 1029 1028 1029 1028 1028 1028 1042 946 946 945 945 944 945 944 943 943 941 942 941 940 940 938 938 938 937 935 935 935 934 933 932 932 891 891 890 889 888 888 887 710 707 707 701 701 701 699 698 697 696 695 694 693 692 691 689 689 687 686 685 684 682 682 681 679 678 676 675 674 671 670 670 668 667 666 664
1033 1033 1033 1032 1033 1033 1033 1033 1033 1031 1032 1032 1030 1031 1032 1031 1030 1030 1029 1030 1030 1029 1028 1027 948 948 946 946 945 945 945 944 944 943 942 942 941 941 940 939 939 938 938 936 936 934 935 933 933 932 892 891 891 890 889 888 887 887 708 709 707 701 700 699 698 697 695 696 695 694 693 691 689 689 688 686 686 685 683 683 681 679 677 677 674 674 673 672 671 669 668 667 665
