testData/tiles/oneDegree/grid15.0-26.0-16.0-27.0.asc
ncols   200
nrows   200
xllcorner   15.0
yllcorner   26.0
cellsize   0.005
NODATA_value   -9999.0
[rows 42 to 83 of 200, columns 0 to 93 of 200]
457 456 455 454 453 452 451 450 449 448 447 446 445 444 443 441 440 439 438 438 436 436 436 435 434 434 433 432 493 492 491 490 490 488 488 486 486 484 483 482 481 479 478 477 475 474 472 471 469 467 466 464 463 461 458 457 456 456 457 457 457 458 458 458 459 459 459 459 460 460 460 460 461 461 461 461 462 462 462 462 462 463 329 329 329 329 330 330 330 330 330 330 330 331
457 456 455 454 453 452 451 450 449 448 447 446 445 444 443 442 440 439 438 438 437 436 436 435 435 433 433 432 431 493 491 491 489 489 487 487 485 484 483 482 480 480 478 477 475 474 472 470 469 467 466 464 462 461 459 457 456 456 457 457 457 458 458 458 458 459 459 459 460 460 460 460 461 461 461 461 462 462 462 462 462 463 329 329 329 329 329 330 330 330 330 330 330 330
457 456 455 454 454 453 452 451 449 448 447 446 445 444 443 442 441 440 438 437 437 437 435 435 435 433 433 432 431 493 491 491 490 489 487 487 485 485 483 482 481 480 478 477 476 475 473 471 470 468 467 465 462 461 459 457 456 456 456 457 457 457 458 458 458 459 459 459 459 460 460 460 460 461 461 461 461 462 462 462 462 462 329 329 329 329 329 329 330 330 330 330 330 330
457 457 456 455 454 453 452 451 450 449 448 447 445 444 443 442 441 440 439 437 437 437 436 435 435 434 433 432 432 492 492 491 490 489 488 487 486 485 483 483 481 480 478 478 476 474 473 471 470 468 466 465 463 462 459 457 456 456 456 457 457 457 458 458 458 459 459 459 459 460 460 460 460 461 461 461 461 462 462 462 462 462 329 329 329 329 329 329 330 330 330 330 330 330
458 457 456 455 454 453 452 451 450 449 448 447 446 445 443 442 441 440 439 438 437 436 436 436 434 434 434 432 432 492 492 490 490 489 488 487 486 485 484 483 481 479 479 477 476 474 473 471 470 468 466 465 463 461 460 457 456 456 456 457 457 457 458 458 458 458 459 459 459 459 460 460 460 461 461 461 461 461 462 462 462 462 328 329 329 329 329 329 329 330 330 330 330 330
458 457 456 455 454 453 452 451 450 449 448 447 446 445 444 443 441 440 439 438 438 436 436 436 434 434 433 432 432 431 492 491 490 489 488 487 486 484 484 482 481 480 479 477 476 474 474 472 470 469 467 465 463 461 460 458 455 456 456 456 457 457 457 458 458 458 459 459 459 459 460 460 460 460 461 461 461 461 462 462 462 462 328 328 329 329 329 329 329 329 330 330 330 330
458 457 456 455 454 453 452 451 450 449 448 447 446 445 444 443 442 440 439 438 438 437 436 435 435 434 433 433 432 431 492 491 490 489 488 487 486 485 484 482 482 480 479 477 477 475 473 472 470 469 467 465 464 461 460 458 456 456 456 456 457 457 457 458 458 458 458 459 459 459 460 460 460 460 461 461 461 461 461 462 462 462 462 328 329 329 329 329 329 329 329 330 330 330
458 457 456 456 455 454 453 452 451 450 448 447 446 445 444 443 442 441 439 438 437 437 437 435 435 435 433 433 432 431 493 491 491 489 489 487 487 485 484 483 482 480 479 478 476 475 473 472 470 469 467 465 464 462 460 458 456 456 456 456 457 457 457 457 458 458 458 459 459 459 459 460 460 460 460 461 461 461 461 461 462 462 462 328 328 329 329 329 329 329 329 329 330 330
459 458 457 456 455 454 453 452 451 450 449 448 447 445 444 443 442 441 440 438 437 437 437 435 435 434 433 433 432 431 492 491 490 489 489 487 487 485 485 483 482 481 479 478 476 475 473 472 471 469 467 465 464 462 460 459 456 455 456 456 456 457 457 457 458 458 458 458 459 459 459 460 460 460 460 460 461 461 461 461 462 462 462 328 328 328 329 329 329 329 329 329 329 330
459 458 457 456 455 454 453 452 451 450 449 448 447 446 445 443 442 441 440 439 437 437 436 436 435 434 434 432 432 432 430 492 490 490 488 488 486 485 484 483 481 481 479 478 476 476 474 472 471 469 468 466 464 462 460 459 457 455 456 456 456 457 457 457 457 458 458 458 459 459 459 459 460 460 460 460 461 461 461 461 461 462 462 328 328 328 329 329 329 329 329 329 329 330
459 458 457 456 455 454 453 452 451 450 449 448 447 446 445 444 442 441 440 439 438 437 436 436 436 434 434 433 432 432 430 492 490 490 488 488 486 486 484 483 482 481 479 478 477 475 474 472 471 469 468 466 464 463 460 458 457 455 455 456 456 456 457 457 457 458 458 458 459 459 459 459 460 460 460 460 460 461 461 461 461 462 462 328 328 328 328 329 329 329 329 329 329 329
459 458 457 456 455 454 453 452 451 450 449 448 447 446 445 444 443 441 440 439 438 437 436 436 435 434 434 433 432 431 431 491 491 490 489 488 487 486 484 484 482 481 480 478 477 475 474 472 471 469 467 466 464 463 461 458 457 455 455 456 456 456 457 457 457 458 458 458 458 459 459 459 459 460 460 460 460 461 461 461 461 461 462 328 328 328 328 328 329 329 329 329 329 329
459 458 457 456 456 455 454 453 452 451 449 448 447 446 445 444 443 442 441 439 438 437 437 436 435 435 433 433 433 431 431 491 491 489 489 487 487 486 485 483 482 481 480 478 477 475 474 473 471 470 468 467 464 462 461 459 457 455 455 456 456 456 457 457 457 457 458 458 458 459 459 459 459 460 460 460 460 460 461 461 461 461 461 328 328 328 328 328 328 329 329 329 329 329
513 459 458 457 456 455 454 453 452 451 450 449 448 446 445 444 443 442 441 440 438 437 437 436 435 435 434 433 433 431 431 430 491 490 489 488 487 485 485 483 482 481 480 478 477 476 475 473 471 470 468 467 465 463 461 459 457 455 455 455 456 456 456 457 457 457 458 458 458 458 459 459 459 459 460 460 460 460 461 461 461 461 461 328 328 328 328 328 328 328 329 329 329 329
514 459 458 457 456 455 454 453 452 451 450 449 448 447 446 444 443 442 441 440 439 437 437 436 435 435 434 433 432 432 431 430 491 490 489 488 487 486 485 483 483 481 480 479 478 476 474 473 471 470 468 466 465 463 462 459 457 456 455 455 456 456 456 457 457 457 457 458 458 458 459 459 459 459 460 460 460 460 460 461 461 461 461 327 328 328 328 328 328 328 329 329 329 329
514 513 458 457 456 455 454 453 452 451 450 449 448 447 446 445 443 442 441 440 439 437 437 436 436 434 434 434 432 432 430 430 491 490 490 488 487 486 485 484 483 481 480 479 477 476 474 473 471 469 468 466 465 463 461 460 457 455 455 455 455 456 456 456 457 457 457 458 458 458 458 459 459 459 459 460 460 460 460 460 461 461 461 461 327 328 328 328 328 328 328 329 329 329
514 513 512 457 456 455 454 453 452 451 450 449 448 447 446 445 444 442 441 440 439 438 436 436 436 435 434 433 433 432 431 430 491 490 489 488 487 486 485 484 482 481 480 479 477 476 475 474 472 470 469 467 466 463 461 460 458 455 455 455 455 456 456 456 457 457 457 457 458 458 458 459 459 459 459 459 460 460 460 460 461 461 461 461 327 327 328 328 328 328 328 328 329 329
514 513 512 457 456 456 455 454 453 451 450 449 448 447 446 445 444 443 442 440 439 438 437 436 435 435 434 433 433 431 431 430 429 491 489 488 487 486 485 484 482 482 480 479 477 477 475 473 472 470 469 467 465 464 461 460 458 456 455 455 455 456 456 456 456 457 457 457 458 458 458 458 459 459 459 459 460 460 460 460 460 461 461 461 327 327 328 328 328 328 328 328 328 329
514 513 513 512 457 456 455 454 453 452 451 450 449 447 446 445 444 443 442 441 439 438 437 437 435 435 435 433 433 432 431 430 429 491 489 489 487 487 485 484 483 482 480 479 478 476 475 473 472 470 468 467 465 464 462 460 458 456 454 455 455 455 456 456 456 457 457 457 457 458 458 458 459 459 459 459 459 460 460 460 460 461 461 461 327 327 327 328 328 328 328 328 328 328
515 514 513 512 457 456 455 454 453 452 451 450 449 448 446 445 444 443 442 441 440 438 437 437 435 435 434 434 433 432 431 430 429 490 489 488 487 486 485 484 483 481 480 479 478 476 475 473 472 470 468 467 465 463 462 460 458 456 454 455 455 455 456 456 456 456 457 457 457 458 458 458 458 459 459 459 459 460 460 460 460 460 461 461 327 327 327 327 328 328 328 328 328 328
515 514 513 512 511 456 455 454 453 452 451 450 449 448 447 446 444 443 442 441 440 438 437 436 436 435 434 434 432 432 432 430 430 490 490 488 488 486 485 484 483 481 481 479 478 476 476 474 472 471 469 468 466 463 462 460 458 456 454 454 455 455 455 456 456 456 457 457 457 457 458 458 458 458 459 459 459 459 460 460 460 460 460 461 327 327 327 327 327 328 328 328 328 328
515 514 513 512 511 456 455 454 453 452 451 450 449 448 447 446 445 443 442 441 440 439 437 436 436 435 434 434 433 432 431 430 430 428 490 488 488 486 486 484 483 482 481 479 478 477 475 474 472 471 469 467 466 464 463 460 458 457 454 454 455 455 455 456 456 456 457 457 457 457 458 458 458 458 459 459 459 459 459 460 460 460 460 460 327 327 327 327 327 327 328 328 328 328
515 514 513 512 511 510 455 454 453 452 451 450 449 448 447 446 445 444 442 441 440 439 438 436 436 435 434 434 433 432 431 431 429 429 489 489 488 486 486 484 484 482 480 479 478 477 475 474 472 470 469 467 466 464 462 461 458 457 455 454 455 455 455 455 456 456 456 457 457 457 457 458 458 458 458 459 459 459 459 460 460 460 460 460 327 327 327 327 327 327 327 328 328 328
515 514 513 512 512 511 456 455 454 453 452 450 449 448 447 446 445 444 443 441 440 439 438 437 436 435 435 433 433 433 431 431 429 429 489 489 487 487 485 484 483 482 480 480 478 477 475 474 472 470 469 467 466 464 462 461 459 456 455 454 454 455 455 455 456 456 456 457 457 457 457 458 458 458 458 459 459 459 459 459 460 460 460 460 326 327 327 327 327 327 327 327 328 328
515 515 514 513 512 511 456 455 454 453 452 451 450 449 447 446 445 444 443 442 440 439 438 437 435 435 435 434 433 432 431 431 429 429 490 489 487 487 485 485 483 482 481 480 478 477 475 474 473 471 470 468 466 464 462 461 459 457 455 454 454 455 455 455 456 456 456 456 457 457 457 457 458 458 458 458 459 459 459 459 460 460 460 460 460 326 327 327 327 327 327 327 327 328
516 515 514 513 512 511 510 455 454 453 452 451 450 449 448 446 445 444 443 442 441 439 438 437 436 435 434 434 433 432 432 430 430 428 428 489 488 487 485 485 483 483 481 479 478 477 476 474 473 471 469 468 466 465 463 460 459 457 454 454 454 454 455 455 455 456 456 456 457 457 457 457 458 458 458 458 459 459 459 459 459 460 460 460 460 326 326 327 327 327 327 327 327 327
516 515 514 513 512 511 510 455 454 453 452 451 450 449 448 447 446 444 443 442 441 440 438 437 436 436 434 434 433 432 432 430 430 428 428 488 488 486 486 484 483 482 481 479 479 477 476 474 472 471 469 468 466 464 463 461 459 457 455 454 454 454 455 455 455 456 456 456 456 457 457 457 457 458 458 458 458 459 459 459 459 459 460 460 460 326 326 326 327 327 327 327 327 327
516 515 514 513 512 511 510 509 454 453 452 451 450 449 448 447 446 445 443 442 441 440 439 437 436 435 434 434 433 432 431 431 430 429 428 489 488 487 486 484 484 482 481 480 479 477 475 474 472 471 469 468 466 464 463 461 459 457 455 453 454 454 454 455 455 455 456 456 456 457 457 457 457 458 458 458 458 458 459 459 459 459 459 460 460 326 326 326 326 327 327 327 327 327
516 515 514 513 512 511 510 509 454 453 452 451 450 449 448 447 446 445 444 442 441 440 439 437 436 435 435 434 433 433 431 431 429 429 428 427 488 487 486 485 484 482 481 480 478 477 475 474 473 472 470 468 467 464 463 461 459 458 455 453 454 454 454 455 455 455 456 456 456 456 457 457 457 457 458 458 458 458 459 459 459 459 459 460 460 326 326 326 326 327 327 327 327 327
516 515 514 513 513 512 511 510 509 454 453 452 450 449 448 447 446 445 444 443 441 440 439 438 436 435 435 433 433 433 431 431 429 429 428 427 487 487 485 485 483 482 481 480 478 477 476 475 473 471 470 468 467 465 463 461 459 457 456 453 454 454 454 454 455 455 455 456 456 456 456 457 457 457 457 458 458 458 458 459 459 459 459 459 460 326 326 326 326 326 327 327 327 327
516 515 515 514 513 512 511 510 509 454 453 452 451 450 448 447 446 445 444 443 442 440 439 438 437 435 435 434 433 432 432 431 430 429 428 427 488 487 486 485 483 483 481 480 478 478 476 474 473 471 470 468 466 465 463 462 459 457 456 453 453 454 454 454 455 455 455 456 456 456 456 457 457 457 457 458 458 458 458 458 459 459 459 459 459 326 326 326 326 326 326 327 327 327
517 516 515 514 513 512 511 510 509 508 453 452 451 450 449 448 446 445 444 443 442 441 439 438 437 435 434 434 433 432 432 430 430 428 428 427 488 487 486 485 483 483 481 480 479 477 476 474 473 471 470 468 466 465 463 461 460 457 456 454 453 454 454 454 454 455 455 455 456 456 456 456 457 457 457 457 458 458 458 458 459 459 459 459 459 325 326 326 326 326 326 326 326 327
517 516 515 514 513 512 511 510 509 508 453 452 451 450 449 448 447 445 444 443 442 441 439 438 437 436 434 434 433 432 432 430 430 429 428 427 426 486 486 484 484 482 481 480 479 477 476 474 473 472 470 469 467 465 463 461 460 458 455 454 453 453 454 454 454 455 455 455 455 456 456 456 457 457 457 457 458 458 458 458 458 459 459 459 459 325 325 326 326 326 326 326 326 326
517 516 515 514 513 512 511 510 509 508 453 452 451 450 449 448 447 446 444 443 442 441 440 438 437 436 435 434 433 432 431 431 430 429 428 427 426 487 486 484 484 482 482 480 479 477 476 475 473 472 470 469 467 465 464 461 460 458 456 454 453 453 454 454 454 454 455 455 455 456 456 456 456 457 457 457 457 458 458 458 458 458 459 459 459 325 325 325 326 326 326 326 326 326
517 516 515 514 513 512 511 510 509 508 507 452 451 450 449 448 447 446 445 443 442 441 440 439 437 436 435 433 433 433 431 431 429 429 428 427 426 487 486 485 484 482 482 480 478 477 476 475 473 472 470 468 467 465 464 462 459 458 456 453 453 453 453 454 454 454 455 455 455 455 456 456 456 456 457 457 457 457 458 458 458 458 458 459 459 325 325 325 325 326 326 326 326 326
517 516 515 514 513 513 512 511 510 509 508 453 451 450 449 448 447 446 445 444 442 441 440 439 437 436 435 434 433 432 431 431 430 429 428 427 426 425 485 485 483 483 481 480 478 478 476 475 473 471 470 468 467 465 463 462 460 458 456 454 453 453 453 454 454 454 454 455 455 455 456 456 456 456 457 457 457 457 457 458 458 458 458 458 459 459 325 325 325 325 326 326 326 326
517 516 516 515 514 513 512 511 510 509 508 507 452 451 449 448 447 446 445 444 443 441 440 439 438 436 435 434 433 432 432 430 430 429 428 427 426 425 486 485 483 483 481 480 479 478 476 474 473 471 470 468 467 465 463 462 460 458 456 454 452 453 453 453 454 454 454 455 455 455 455 456 456 456 456 457 457 457 457 458 458 458 458 458 459 459 325 325 325 325 325 326 326 326
517 517 516 515 514 513 512 511 510 509 508 507 452 451 450 448 447 446 445 444 443 442 440 439 438 436 435 434 434 432 432 430 430 428 428 428 426 425 486 485 484 483 481 481 479 477 476 474 474 472 471 469 467 466 463 462 460 458 456 454 452 453 453 453 454 454 454 454 455 455 455 456 456 456 456 457 457 457 457 457 458 458 458 458 458 459 325 325 325 325 325 325 326 326
518 517 516 515 514 513 512 511 510 509 508 507 506 451 450 449 448 446 445 444 443 442 440 439 438 437 435 434 433 432 432 431 430 429 428 427 426 425 424 484 484 482 481 480 479 477 476 475 474 472 470 469 467 466 464 461 460 458 456 454 452 452 453 453 453 454 454 454 455 455 455 455 456 456 456 456 457 457 457 457 457 458 458 458 458 458 325 325 325 325 325 325 325 326
518 517 516 515 514 513 512 511 510 509 508 507 506 451 450 449 448 447 445 444 443 442 441 439 438 437 436 434 433 432 431 431 430 429 428 427 426 425 424 485 484 482 482 480 479 477 477 475 473 472 470 469 467 465 464 462 460 458 456 455 452 452 453 453 453 454 454 454 454 455 455 455 455 456 456 456 456 457 457 457 457 458 458 458 458 458 324 325 325 325 325 325 325 325
518 517 516 515 514 513 512 511 510 509 508 507 506 451 450 449 448 447 446 444 443 442 441 440 438 437 436 434 433 433 431 431 429 429 428 427 427 425 424 485 484 483 482 480 478 478 476 475 473 472 470 468 467 465 464 462 460 458 456 454 452 452 452 453 453 453 454 454 454 455 455 455 455 456 456 456 456 457 457 457 457 457 458 458 458 458 324 324 325 325 325 325 325 325
518 517 516 515 514 513 512 511 510 509 508 507 506 505 450 449 448 447 446 445 443 442 441 440 438 437 436 435 433 432 431 431 430 429 428 427 426 425 424 423 483 483 481 480 479 478 476 475 473 471 470 468 467 465 463 462 460 459 456 454 453 452 452 453 453 453 454 454 454 454 455 455 455 455 456 456 456 456 457 457 457 457 457 458 458 458 324 324 324 325 325 325 325 325
