testData/tiles/oneDegree/grid25.0-21.0-26.0-22.0.asc
ncols   200
nrows   200
xllcorner   25.0
yllcorner   21.0
cellsize   0.005
NODATA_value   -9999.0
[rows 42 to 83 of 200, columns 94 to 187 of 200]
724 726 524 525 526 526 529 529 530 531 531 531 533 533 534 535 536 536 537 538 539 539 540 541 541 541 542 543 543 544 545 545 546 547 547 548 548 549 550 549 550 551 551 552 552 551 553 553 553 555 555 554 555 555 555 557 557 558 559 558 559 560 560 561 562 562 562 563 563 564 565 565 565 566 566 567 568 568 568 569 569 570 571 571 571 572 573 573 574 574 574 574 576 576
726 524 524 527 527 528 529 529 530 531 531 532 533 534 535 535 536 537 539 539 540 541 541 541 542 542 543 544 545 546 546 547 548 547 547 548 548 550 550 550 552 552 551 552 552 553 554 554 554 555 555 556 555 555 557 557 557 559 559 558 560 560 560 562 562 562 563 563 564 565 565 566 566 566 567 568 568 568 569 569 570 571 571 571 572 572 573 574 573 574 574 575 576 575
726 525 526 527 527 529 530 530 531 531 532 533 533 535 536 537 537 538 539 540 540 541 541 542 542 543 544 544 545 546 546 548 548 547 549 549 550 551 550 551 552 552 553 553 553 554 554 554 556 556 554 556 556 557 557 557 559 559 558 560 560 560 562 562 562 563 563 563 565 565 565 566 566 566 568 568 569 569 569 570 571 571 571 572 572 573 574 574 574 574 575 576 576 576
525 525 527 527 529 529 529 530 531 532 533 534 535 536 536 537 538 539 539 541 541 541 542 543 543 545 545 546 547 547 548 549 547 549 549 549 551 551 551 553 553 551 553 553 555 555 555 556 556 556 557 557 556 558 558 558 559 558 558 560 560 562 562 562 563 563 563 565 565 565 566 566 566 568 568 568 569 569 569 571 571 571 572 572 572 574 574 573 574 575 576 576 576 577
525 526 528 527 528 529 530 532 532 533 534 534 535 536 538 538 539 540 541 541 541 542 543 543 544 545 545 546 547 547 548 548 548 550 550 551 552 551 553 553 552 554 554 554 555 555 555 557 557 556 557 557 559 558 558 560 559 558 560 560 560 562 562 561 563 563 563 565 565 565 566 566 568 568 568 569 569 569 571 571 571 572 572 572 573 574 573 574 575 575 576 576 576 577
526 527 527 528 529 530 531 532 533 533 534 536 537 537 538 539 540 539 540 541 542 543 544 544 546 546 547 548 548 548 549 548 550 550 550 552 552 552 554 553 554 554 554 556 556 556 557 557 556 558 558 557 559 559 560 559 559 560 560 560 562 562 561 563 563 563 565 565 565 566 566 566 568 568 568 569 569 569 571 571 570 572 572 573 574 574 574 575 575 576 577 576 577 578
526 527 527 529 530 531 532 532 534 535 535 536 537 538 538 539 540 540 542 542 543 544 544 545 546 546 548 548 547 549 549 549 551 551 553 553 552 554 553 553 555 555 555 556 556 557 558 557 558 558 558 560 559 559 560 560 560 561 561 562 562 561 562 563 563 564 565 565 566 566 566 568 568 568 569 569 569 571 571 571 572 572 572 574 574 573 575 575 575 577 576 576 578 578
527 528 529 530 530 531 533 534 534 535 536 537 538 539 539 540 540 541 542 542 543 544 545 547 547 548 548 548 550 549 549 551 551 551 553 553 553 554 554 555 555 555 557 557 557 557 557 558 559 559 559 560 560 560 560 560 562 561 561 563 562 562 563 563 564 565 565 565 566 566 567 568 568 568 569 569 570 571 571 572 572 572 574 574 573 575 575 575 577 576 576 578 578 578
528 528 529 530 532 533 533 534 535 536 537 537 538 538 539 540 541 543 543 544 545 545 546 547 547 548 548 548 550 550 550 552 552 554 554 552 554 554 554 556 556 557 557 557 557 558 558 559 559 559 561 560 560 561 561 561 562 562 563 562 562 563 563 563 565 565 565 566 566 567 568 568 568 569 569 570 571 571 571 572 572 573 574 573 574 575 575 576 577 576 578 578 578 579
528 529 531 531 532 533 533 535 536 536 536 537 539 540 541 541 542 543 543 545 545 545 547 546 547 548 548 550 550 550 552 552 552 554 553 554 555 555 557 556 556 558 558 558 558 558 559 560 560 560 561 560 561 561 562 563 562 563 563 563 563 564 564 564 565 564 565 566 566 567 568 568 568 569 570 571 571 571 572 572 573 574 574 574 575 575 576 577 576 576 578 578 578 579
528 530 531 532 532 534 535 535 535 536 538 539 539 540 541 541 543 544 545 546 546 546 547 547 549 549 549 551 551 551 553 553 554 554 553 555 555 556 557 557 558 558 557 558 559 559 560 560 561 562 560 561 562 562 562 563 563 563 563 564 564 564 565 566 564 565 566 566 567 568 567 568 569 569 570 571 570 571 572 572 573 574 573 575 575 575 577 576 576 578 578 578 579 579
530 531 531 533 533 533 534 536 537 537 538 539 540 542 542 543 544 544 546 545 545 547 547 547 549 549 551 551 551 553 553 552 554 554 555 556 556 558 557 557 558 558 559 560 559 560 561 561 561 561 562 562 562 563 564 564 563 564 564 564 565 565 565 565 566 565 566 567 567 567 568 569 569 570 571 570 571 572 572 573 574 573 574 575 575 576 576 576 577 578 578 578 579 579
529 531 531 532 533 534 536 536 537 538 539 540 541 542 542 544 544 544 546 546 547 548 548 550 550 550 552 552 553 553 553 555 555 554 556 556 557 558 558 558 558 558 559 560 561 561 561 561 562 562 562 563 563 563 564 564 564 564 565 565 565 566 566 565 566 567 567 567 567 568 568 569 570 570 570 571 571 572 573 573 573 574 575 575 576 576 576 577 578 578 578 579 579 580
531 531 532 533 534 535 536 537 538 539 540 541 542 542 544 544 544 545 546 546 548 548 548 550 550 552 552 551 553 553 553 555 555 556 557 557 558 557 558 559 559 560 561 560 561 562 561 561 562 563 563 563 564 565 564 564 565 566 565 566 567 565 566 567 566 567 568 566 567 568 569 570 570 570 571 571 572 573 573 573 574 574 575 576 575 576 577 577 578 578 579 579 580 581
531 531 533 534 535 535 537 538 539 540 540 542 542 542 544 544 544 546 546 548 549 549 551 551 551 552 552 553 554 554 556 556 555 557 557 557 558 558 559 560 559 560 561 562 562 561 562 563 563 563 564 565 563 564 565 565 565 566 566 565 566 567 567 567 568 568 567 568 568 568 569 570 569 570 571 571 573 573 573 574 574 575 576 575 576 577 577 578 578 578 579 580 580 580
531 533 534 534 535 537 538 538 539 540 540 542 542 543 544 545 546 547 547 549 549 549 551 550 552 552 552 554 554 554 556 556 557 558 557 558 558 559 560 560 561 562 561 561 562 563 562 563 564 564 564 564 565 566 565 566 567 566 566 567 566 567 568 567 569 568 568 569 568 569 570 569 570 571 571 572 573 572 573 574 574 575 575 575 576 577 578 579 578 579 579 580 580 580
532 533 534 536 536 537 537 539 540 540 541 542 543 544 545 545 547 547 548 549 550 551 551 551 553 553 554 555 555 556 557 556 557 557 558 559 559 560 561 560 561 561 562 563 562 563 564 565 564 564 565 564 565 566 566 566 567 566 567 567 568 568 568 569 568 568 568 569 569 570 569 569 571 571 571 573 572 573 574 574 575 575 575 576 577 577 577 578 578 579 580 579 580 581
533 534 534 535 536 537 538 539 540 540 542 543 544 545 545 546 548 548 549 549 549 551 551 553 553 553 555 555 555 557 556 557 558 558 559 559 560 561 561 561 562 561 562 563 564 563 564 565 564 564 565 566 567 566 567 567 566 567 568 567 569 569 567 569 568 569 570 569 570 570 569 570 571 571 573 572 572 574 574 574 575 575 575 577 577 577 578 578 579 580 579 580 581 581
532 534 534 535 537 538 539 539 541 542 543 543 544 546 546 547 547 547 549 549 551 552 552 554 554 555 556 556 556 557 556 558 558 559 560 560 561 562 561 561 562 563 564 563 564 565 565 564 565 566 565 566 567 567 567 567 567 568 568 569 569 568 569 569 569 570 570 569 570 570 570 571 571 571 572 572 573 574 574 575 575 575 577 577 576 578 578 578 580 579 579 581 581 582
533 534 535 537 537 538 539 541 541 542 543 544 545 545 546 547 547 550 550 550 552 552 553 554 554 555 555 555 557 557 558 559 559 560 560 561 561 561 562 563 562 563 564 565 563 564 565 565 566 566 567 568 566 567 568 567 568 569 568 569 569 568 570 569 570 571 569 571 571 570 572 571 570 572 572 572 574 574 573 575 575 576 577 576 578 578 578 580 579 579 581 581 581 582
534 534 536 537 538 539 540 541 542 543 543 544 545 545 548 548 548 550 550 552 552 552 554 554 554 556 556 557 557 557 559 559 560 561 560 561 562 562 562 563 564 564 564 564 565 566 565 566 567 566 567 567 567 568 568 568 569 569 569 569 569 570 570 570 571 570 570 571 571 570 572 571 572 572 572 574 574 573 575 575 575 577 576 576 578 578 578 579 579 581 581 581 582 582
535 536 537 537 539 539 540 541 542 543 543 545 546 547 548 548 550 550 551 553 552 552 554 554 556 556 556 558 558 559 560 559 560 560 561 561 562 563 564 563 564 564 565 565 565 566 566 567 567 567 568 567 568 569 568 570 569 568 570 569 569 571 570 571 571 570 572 571 571 572 571 571 572 572 573 573 573 574 575 575 577 576 576 578 578 578 579 579 579 581 581 580 582 582
535 535 536 538 538 539 541 542 543 543 545 546 546 548 548 549 551 550 551 552 552 554 554 554 556 556 557 558 558 558 559 560 561 561 562 563 563 563 564 564 564 564 565 566 567 566 567 567 566 567 568 568 569 569 569 569 569 570 570 570 571 571 570 571 571 570 572 572 571 572 572 573 573 572 573 573 573 575 575 575 576 576 577 578 578 578 579 579 581 581 580 582 582 582
534 535 537 538 539 540 541 542 544 544 545 546 546 549 548 549 550 550 553 553 553 555 555 556 557 557 558 558 559 560 560 561 562 562 562 563 564 564 563 564 565 566 566 566 567 566 567 567 568 568 568 569 570 568 570 569 569 571 570 570 571 570 572 571 571 573 571 571 573 572 573 573 573 573 573 573 574 575 574 576 576 576 578 578 578 579 579 580 581 580 581 582 582 582
535 537 537 538 540 541 541 543 544 545 546 546 547 548 548 550 551 551 553 553 555 555 555 557 556 557 558 558 559 560 561 562 562 563 563 562 563 564 565 565 565 566 567 567 566 567 568 567 569 569 568 569 569 568 570 570 571 571 570 571 571 571 572 572 572 572 572 572 573 572 574 573 572 574 573 574 575 574 575 576 576 577 577 577 578 579 579 580 580 581 582 582 582 583
536 537 538 540 540 541 543 543 543 545 546 546 548 549 550 551 551 553 553 554 556 555 556 557 557 559 559 560 561 561 562 563 562 562 563 564 565 565 565 566 567 566 566 567 567 568 568 568 569 568 569 569 569 571 570 570 572 570 571 572 571 573 572 571 573 572 572 573 573 574 573 573 573 574 574 573 574 575 576 576 577 577 577 578 579 579 579 580 580 581 582 581 582 583
537 537 538 539 540 541 542 543 544 546 546 547 549 549 551 551 552 554 553 555 555 555 557 557 558 559 559 560 561 561 562 562 563 564 564 564 565 566 566 565 566 566 568 567 568 569 568 569 569 568 570 570 569 571 571 571 571 571 572 572 571 573 572 572 573 572 573 574 572 574 573 574 575 574 574 574 574 575 576 575 576 577 578 579 579 579 580 580 581 582 581 582 583 583
536 538 538 539 541 542 543 544 545 546 547 549 549 549 551 551 553 553 553 555 556 557 558 558 559 560 560 561 561 562 563 562 563 564 565 565 566 565 566 567 567 567 568 568 569 568 568 569 569 570 570 570 572 570 570 572 571 572 572 572 572 572 572 573 573 574 573 573 573 574 574 574 574 574 574 574 575 576 575 576 577 577 578 578 579 579 580 581 580 581 582 583 583 583
537 538 539 540 541 542 544 544 545 547 547 548 548 550 551 551 553 554 554 556 556 558 558 558 559 559 560 561 561 562 563 564 565 565 564 565 566 566 566 567 567 569 568 568 569 568 569 570 569 571 571 569 571 571 572 572 571 573 572 571 573 572 573 574 573 573 573 574 575 574 575 574 574 574 575 575 574 575 576 576 577 578 578 578 579 580 580 580 581 582 582 583 583 583
537 538 540 541 541 543 543 544 546 546 547 549 549 551 551 553 554 554 556 556 555 558 558 559 560 560 562 562 563 564 563 563 564 565 565 566 566 567 568 568 568 568 568 569 569 569 570 570 571 570 570 572 571 571 572 572 572 572 572 573 573 573 574 573 573 574 574 574 575 573 574 575 575 575 575 575 575 575 576 577 577 577 578 579 579 579 580 580 581 582 582 582 583 584
538 539 539 540 542 543 543 545 546 546 549 549 550 552 552 554 554 553 556 556 557 558 558 560 560 561 562 562 562 563 564 565 565 565 566 567 567 568 567 567 569 568 569 570 569 570 571 569 571 571 570 572 572 572 572 571 573 573 572 574 573 573 574 573 574 574 575 574 574 575 575 575 575 575 575 575 576 576 576 576 577 578 578 579 579 580 580 581 582 581 582 583 583 584
538 539 539 541 542 543 545 546 546 548 549 549 552 551 551 553 554 556 556 556 558 558 560 561 561 561 562 563 564 563 564 565 566 566 567 567 566 568 568 568 569 569 569 570 569 570 570 570 571 571 573 572 571 572 572 573 573 573 573 573 573 574 574 574 575 573 574 575 574 575 575 575 574 575 576 576 576 575 576 577 577 578 578 578 579 580 580 581 581 582 583 583 583 584
538 539 541 542 542 544 545 546 546 547 548 550 551 551 553 554 554 556 556 557 559 559 560 560 560 562 562 563 564 564 565 566 566 566 566 567 568 568 568 569 569 569 570 569 570 571 570 572 572 571 572 571 572 573 572 574 573 572 574 573 574 574 574 574 574 575 574 575 575 576 574 575 576 576 576 575 576 575 576 577 578 578 578 579 580 580 580 581 581 582 583 582 584 584
539 539 541 541 543 543 544 546 547 548 549 550 551 552 554 554 554 557 556 558 558 558 560 561 562 563 563 565 564 565 565 565 566 567 567 567 568 569 569 569 569 569 570 570 571 571 571 571 571 572 572 572 573 573 573 573 573 573 574 573 575 574 574 575 574 575 575 576 574 575 576 575 576 576 576 576 576 577 577 576 577 578 578 580 579 579 581 581 582 582 582 583 584 584
538 539 540 541 543 544 546 546 547 549 549 551 552 553 553 554 556 556 556 558 559 560 561 561 563 563 564 564 564 565 566 566 567 567 568 569 568 568 569 569 569 571 570 571 572 570 572 571 571 573 572 573 573 572 574 573 573 574 574 575 574 574 574 575 575 575 574 575 576 575 576 576 576 575 576 577 576 577 576 576 578 578 579 579 579 580 581 581 582 582 582 584 583 583
538 540 541 542 543 544 546 546 548 549 549 551 551 552 554 554 556 556 559 559 559 561 561 561 562 562 563 564 565 566 566 567 568 567 567 568 569 568 570 570 570 571 570 571 571 570 572 572 572 573 571 573 573 572 574 573 574 574 573 574 574 575 575 575 575 575 576 575 576 576 575 575 576 577 577 577 576 577 576 577 578 577 579 579 579 581 580 581 582 582 584 583 583 585
539 540 542 543 544 544 545 547 548 548 550 551 551 554 554 555 557 557 559 558 558 561 561 563 563 563 565 565 566 567 566 566 567 568 569 569 569 570 570 570 571 570 570 572 571 572 572 572 573 572 572 573 573 573 574 573 574 574 574 575 574 575 575 575 575 575 576 576 575 575 576 577 576 577 576 576 577 577 576 577 577 578 579 579 580 580 580 582 582 581 583 583 583 585
538 540 541 542 544 545 545 547 548 550 551 551 553 554 554 556 556 556 558 559 561 561 561 563 563 564 565 564 566 566 567 568 567 568 569 570 569 569 570 570 571 571 571 572 571 572 572 571 573 572 574 573 573 574 573 574 574 574 574 575 575 575 575 575 576 576 575 575 576 576 576 577 575 577 576 577 577 576 577 577 577 579 579 578 580 580 581 582 581 583 583 583 584 584
539 540 541 542 544 545 547 547 548 550 550 551 552 553 555 556 556 559 559 559 561 562 563 563 563 565 565 566 567 567 567 568 569 569 568 569 570 570 570 571 571 571 571 571 572 572 572 573 573 572 573 573 573 574 573 575 574 574 575 574 575 575 576 575 575 575 576 576 576 577 576 576 576 577 576 578 577 576 578 577 578 578 578 580 580 580 581 581 581 583 583 583 584 584
539 541 542 544 544 544 546 547 548 549 550 552 553 554 555 556 557 559 559 559 561 561 563 563 564 565 565 566 567 568 568 568 568 569 570 569 570 571 570 572 570 571 572 571 573 572 572 574 572 573 573 573 574 574 574 574 574 574 575 575 575 575 575 575 575 576 576 577 575 576 576 576 577 577 576 577 577 578 578 576 578 578 578 580 579 581 581 581 583 582 582 584 584 585
539 540 541 543 543 545 546 547 549 550 551 552 553 554 556 556 557 558 559 561 561 561 564 564 565 566 566 567 567 567 568 568 569 569 570 571 571 570 570 571 571 572 572 571 573 572 573 573 572 574 573 574 573 573 574 574 575 575 575 574 575 574 575 576 576 576 575 576 576 577 576 577 576 576 578 577 577 577 577 577 578 578 579 579 579 581 581 581 582 582 583 584 583 585
540 540 541 543 544 546 546 548 549 550 550 551 553 554 555 556 558 559 559 561 562 564 564 563 565 565 566 567 567 568 569 569 570 569 569 570 570 570 571 571 572 572 571 572 572 572 573 573 572 574 573 574 574 573 575 574 575 574 574 574 575 576 576 575 575 576 576 576 576 576 575 577 577 577 578 576 578 577 577 578 577 577 579 579 580 580 580 582 582 582 583 583 584 585
