testData/tiles/oneDegree/grid31.0-30.0-32.0-31.0.asc
ncols   200
nrows   200
xllcorner   31.0
yllcorner   30.0
cellsize   0.005
NODATA_value   -9999.0
[rows 0 to 43 of 200, columns 0 to 95 of 200]
363 363 363 363 362 343 343 343 342 342 342 342 342 341 341 341 341 340 340 340 340 339 284 284 284 283 385 385 385 384 384 384 384 384 383 383 383 155 154 154 154 154 153 153 153 153 152 152 152 152 151 151 151 151 150 150 150 150 149 149 149 149 148 148 148 148 147 147 147 146 146 146 146 145 145 145 145 144 144 334 334 345 345 345 345 344 344 344 344 343 343 343 343 342 342 342
363 363 363 362 362 343 343 342 342 342 342 342 341 341 341 341 340 340 340 340 339 339 284 284 283 283 385 385 385 384 384 384 384 383 383 383 155 154 154 154 154 153 153 153 153 152 152 152 152 151 151 151 151 150 150 150 150 149 149 149 149 148 148 148 148 147 147 147 147 146 146 146 146 145 145 145 145 144 144 334 345 345 345 345 344 344 344 344 343 343 343 343 342 342 342 342
363 363 362 362 362 362 343 342 342 342 342 341 341 341 341 340 340 340 340 339 339 284 284 284 283 283 385 385 384 384 384 384 383 383 383 155 154 154 154 154 153 153 153 153 152 152 152 152 151 151 151 151 150 150 150 150 149 149 149 149 148 148 148 148 147 147 147 147 146 146 146 146 145 145 145 145 144 144 144 144 345 345 345 345 344 344 344 343 343 343 343 342 342 342 342 341
363 362 362 362 362 362 361 342 342 342 341 341 341 341 340 340 340 340 340 339 339 284 284 283 283 283 385 384 384 384 384 383 383 383 155 154 154 154 154 153 153 153 153 153 152 152 152 152 151 151 151 151 150 150 150 150 149 149 149 149 148 148 148 148 147 147 147 146 146 146 146 145 145 145 145 144 144 144 144 155 345 345 345 344 344 344 344 343 343 343 343 342 342 342 341 341
362 362 362 362 362 361 361 342 342 341 341 341 341 340 340 340 340 340 339 339 339 284 283 283 283 283 282 384 384 384 383 383 383 155 155 154 154 154 154 153 153 153 153 152 152 152 152 151 151 151 151 150 150 150 150 149 149 149 149 148 148 148 148 147 147 147 147 146 146 146 146 145 145 145 145 144 144 144 155 155 345 345 344 344 344 344 343 343 343 343 342 342 342 342 341 341
362 362 362 362 361 361 361 361 341 341 341 341 341 340 340 340 340 339 339 339 284 283 283 283 283 282 282 384 384 384 383 383 155 155 154 154 154 154 153 153 153 153 152 152 152 152 151 151 151 151 150 150 150 150 149 149 149 149 148 148 148 148 147 147 147 147 146 146 146 146 145 145 145 145 144 144 144 144 155 155 345 345 344 344 344 344 343 343 343 342 342 342 342 341 341 341
362 362 362 361 361 361 361 360 360 341 341 341 340 340 340 340 339 339 339 339 283 283 283 283 283 282 282 384 384 383 383 155 155 154 154 154 154 153 153 153 153 152 152 152 152 151 151 151 151 150 150 150 150 149 149 149 149 148 148 148 148 147 147 147 147 146 146 146 146 145 145 145 145 144 144 144 144 155 155 155 345 344 344 344 344 343 343 343 343 342 342 342 342 341 341 341
362 362 361 361 361 361 360 360 360 341 341 340 340 340 340 339 339 339 339 338 283 283 283 283 282 282 282 384 383 383 155 155 154 154 154 154 153 153 153 153 152 152 152 152 152 151 151 151 151 150 150 150 150 149 149 149 149 148 148 148 148 147 147 147 147 146 146 146 146 145 145 145 145 144 144 144 143 155 155 155 344 344 344 344 343 343 343 343 342 342 342 342 341 341 341 341
362 361 361 361 361 360 360 360 360 360 340 340 340 340 339 339 339 339 339 283 283 283 283 282 282 282 282 383 383 155 155 154 154 154 154 154 153 153 153 153 152 152 152 152 151 151 151 151 150 150 150 150 149 149 149 149 148 148 148 148 147 147 147 147 146 146 146 146 145 145 145 145 144 144 144 144 155 155 155 155 344 344 344 344 343 343 343 342 342 342 342 341 341 341 341 340
361 361 361 361 360 360 360 360 360 359 340 340 340 339 339 339 339 339 338 283 283 283 282 282 282 282 281 383 155 155 155 154 154 154 154 153 153 153 153 152 152 152 152 151 151 151 151 150 150 150 150 149 149 149 149 148 148 148 148 147 147 147 147 146 146 146 146 145 145 145 145 144 144 144 144 155 155 155 155 154 344 344 344 343 343 343 343 342 342 342 342 341 341 341 341 340
361 361 361 361 360 360 360 360 359 359 359 340 339 339 339 339 339 338 338 283 283 282 282 282 282 281 281 155 155 155 154 154 154 154 153 153 153 153 152 152 152 152 151 151 151 151 150 150 150 150 149 149 149 149 148 148 148 148 148 147 147 147 147 146 146 146 146 145 145 145 145 144 144 144 143 155 155 155 154 154 154 344 343 343 343 343 342 342 342 342 341 341 341 341 340 340
361 361 361 360 360 360 360 359 359 359 359 359 339 339 339 339 338 338 283 283 282 282 282 282 282 281 53 155 155 154 154 154 154 153 153 153 153 152 152 152 152 151 151 151 151 151 150 150 150 150 149 149 149 149 148 148 148 148 147 147 147 147 146 146 146 146 145 145 145 145 144 144 144 144 155 155 155 155 154 154 154 344 343 343 343 343 342 342 342 341 341 341 341 340 340 340
361 361 360 360 360 360 359 359 359 359 359 358 339 339 339 338 338 338 283 282 282 282 282 282 281 53 53 155 154 154 154 154 153 153 153 153 152 152 152 152 152 151 151 151 151 150 150 150 150 149 149 149 149 148 148 148 148 147 147 147 147 146 146 146 146 145 145 145 145 144 144 144 144 143 155 155 155 154 154 154 154 343 343 343 343 342 342 342 342 341 341 341 341 340 340 340
361 360 360 360 360 359 359 359 359 359 358 358 358 339 338 338 338 338 282 282 282 282 282 53 53 53 53 154 154 154 154 153 153 153 153 153 152 152 152 152 151 151 151 151 150 150 150 150 149 149 149 149 148 148 148 148 147 147 147 147 146 146 146 146 145 145 145 145 144 144 144 144 143 155 155 155 154 154 154 154 153 343 343 343 342 342 342 342 341 341 341 341 340 340 340 340
360 360 360 360 359 359 359 359 359 358 358 358 358 338 338 338 338 338 282 282 282 282 53 53 53 53 52 52 154 154 154 153 153 153 153 152 152 152 152 151 151 151 151 150 150 150 150 149 149 149 149 148 148 148 148 148 147 147 147 147 146 146 146 146 145 145 145 145 144 144 144 144 155 155 155 155 154 154 154 154 153 343 343 343 342 342 342 341 341 341 341 340 340 340 340 339
360 360 360 359 359 359 359 359 358 358 358 358 357 357 338 338 338 282 282 282 282 53 53 53 53 52 52 52 154 154 153 153 153 153 152 152 152 152 151 151 151 151 150 150 150 150 150 149 149 149 149 148 148 148 148 147 147 147 147 146 146 146 146 145 145 145 145 144 144 144 144 143 155 155 155 154 154 154 154 153 153 343 343 342 342 342 342 341 341 341 341 340 340 340 340 339
360 360 359 359 359 359 359 358 358 358 358 357 357 357 338 338 337 282 282 282 53 53 53 53 52 52 52 52 154 153 153 153 153 152 152 152 152 151 151 151 151 151 150 150 150 150 149 149 149 149 148 148 148 148 147 147 147 147 146 146 146 146 145 145 145 145 144 144 144 144 143 155 155 155 154 154 154 154 153 153 153 153 342 342 342 342 341 341 341 341 340 340 340 340 339 339
360 359 359 359 359 359 358 358 358 358 357 357 357 357 357 337 337 282 282 53 53 53 53 53 52 52 52 52 153 153 153 153 152 152 152 152 151 151 151 151 151 150 150 150 150 149 149 149 149 148 148 148 148 147 147 147 147 146 146 146 146 145 145 145 145 144 144 144 144 143 143 155 155 154 154 154 154 153 153 153 153 152 342 342 342 341 341 341 341 340 340 340 340 339 339 339
359 359 359 359 359 358 358 358 358 357 357 357 357 357 356 337 282 282 53 53 53 53 53 52 52 52 52 51 153 153 153 152 152 152 152 152 151 151 151 151 150 150 150 150 149 149 149 149 148 148 148 148 147 147 147 147 147 146 146 146 146 145 145 145 145 144 144 144 144 143 155 155 155 154 154 154 154 153 153 153 153 152 342 342 342 341 341 341 341 340 340 340 340 339 339 339
359 359 359 359 358 358 358 358 357 357 357 357 357 356 356 356 282 53 53 53 53 53 52 52 52 52 51 51 153 153 152 152 152 152 152 151 151 151 151 150 150 150 150 149 149 149 149 148 148 148 148 148 147 147 147 147 146 146 146 146 145 145 145 145 144 144 144 144 143 155 155 155 154 154 154 154 153 153 153 153 152 152 342 342 341 341 341 341 340 340 340 340 339 339 339 339
359 359 359 358 358 358 358 357 357 357 357 357 356 356 356 128 53 53 53 53 53 52 52 52 52 51 51 51 153 153 152 152 152 152 151 151 151 151 150 150 150 150 149 149 149 149 149 148 148 148 148 147 147 147 147 146 146 146 146 145 145 145 145 144 144 144 144 143 143 155 155 154 154 154 154 153 153 153 153 152 152 152 342 341 341 341 341 340 340 340 340 339 339 339 339 338
359 359 358 358 358 358 357 357 357 357 357 356 356 356 128 72 72 53 53 53 52 52 52 52 51 51 51 51 153 152 152 152 152 151 151 151 151 150 150 150 150 150 149 149 149 149 148 148 148 148 147 147 147 147 146 146 146 146 145 145 145 145 144 144 144 144 144 143 155 155 155 154 154 154 154 153 153 153 153 152 152 152 342 341 341 341 341 340 340 340 340 339 339 339 338 338
359 358 358 358 358 357 357 357 357 357 356 356 356 128 127 72 72 53 53 52 52 52 52 51 51 51 51 51 50 152 152 152 151 151 151 151 150 150 150 150 150 149 149 149 149 148 148 148 148 147 147 147 147 146 146 146 146 146 145 145 145 145 144 144 144 144 143 143 155 155 154 154 154 154 153 153 153 153 152 152 152 152 151 341 341 341 340 340 340 340 339 339 339 339 338 338
358 358 358 358 357 357 357 357 357 356 356 356 128 128 72 72 72 72 52 52 52 52 51 51 51 51 51 50 50 152 152 151 151 151 151 151 150 150 150 150 149 149 149 149 148 148 148 148 147 147 147 147 147 146 146 146 146 145 145 145 145 144 144 144 144 143 143 155 155 154 154 154 154 153 153 153 153 152 152 152 152 151 151 341 341 340 340 340 340 339 339 339 339 338 338 338
358 358 358 357 357 357 357 357 356 356 128 128 128 127 72 72 72 71 52 52 52 52 51 51 51 51 50 50 50 152 151 151 151 151 151 150 150 150 150 149 149 149 149 148 148 148 148 148 147 147 147 147 146 146 146 146 145 145 145 145 144 144 144 144 143 143 155 155 154 154 154 154 153 153 153 153 152 152 152 152 151 151 151 341 340 340 340 340 339 339 339 339 338 338 338 338
358 358 357 357 357 357 357 356 356 128 128 128 127 127 72 72 71 71 71 52 52 51 51 51 51 50 50 50 50 151 151 151 151 151 150 150 150 150 149 149 149 149 148 148 148 148 148 147 147 147 147 146 146 146 146 145 145 145 145 144 144 144 144 143 143 143 155 155 154 154 154 154 153 153 153 153 152 152 152 152 151 151 151 341 340 340 340 340 339 339 339 339 338 338 338 338
358 357 357 357 357 357 356 356 128 128 128 127 127 72 72 71 71 71 71 52 51 51 51 51 50 50 50 50 50 151 151 151 151 150 150 150 150 149 149 149 149 149 148 148 148 148 147 147 147 147 146 146 146 146 145 145 145 145 144 144 144 144 144 143 143 155 155 154 154 154 154 153 153 153 153 152 152 152 152 151 151 151 151 150 340 340 340 339 339 339 339 338 338 338 338 337
357 357 357 357 357 356 128 128 128 128 127 127 127 72 71 71 71 71 71 70 51 51 51 50 50 50 50 50 49 151 151 151 150 150 150 150 149 149 149 149 149 148 148 148 148 147 147 147 147 146 146 146 146 145 145 145 145 145 144 144 144 144 143 143 143 155 154 154 154 154 153 153 153 153 152 152 152 152 151 151 151 151 150 150 340 340 339 339 339 339 338 338 338 338 337 337
357 357 357 357 356 128 128 128 127 127 127 127 127 71 71 71 71 71 70 70 51 51 50 50 50 50 50 49 49 49 151 150 150 150 150 150 149 149 149 149 148 148 148 148 147 147 147 147 146 146 146 146 146 145 145 145 145 144 144 144 144 143 143 143 155 154 154 154 154 153 153 153 153 152 152 152 152 151 151 151 151 151 150 150 340 340 339 339 339 339 338 338 338 338 337 337
357 357 357 128 128 128 128 127 127 127 127 127 71 71 71 71 71 70 70 70 70 50 50 50 50 50 49 49 49 49 150 150 150 150 150 149 149 149 149 148 148 148 148 147 147 147 147 147 146 146 146 146 145 145 145 145 144 144 144 144 143 143 143 143 154 154 154 154 154 153 153 153 153 152 152 152 152 151 151 151 151 150 150 150 340 339 339 339 339 338 338 338 338 337 337 337
357 357 128 128 128 128 127 127 127 127 127 126 71 71 71 71 70 70 70 70 69 50 50 50 50 49 49 49 49 48 150 150 150 150 149 149 149 149 148 148 148 148 147 147 147 147 147 146 146 146 146 145 145 145 145 144 144 144 144 143 143 143 143 155 154 154 154 154 153 153 153 153 152 152 152 152 151 151 151 151 150 150 150 150 149 339 339 339 338 338 338 338 337 337 337 337
129 128 128 128 128 127 127 127 127 127 126 126 71 71 71 70 70 70 70 69 69 69 50 50 49 49 49 49 48 48 150 150 150 149 149 149 149 148 148 148 148 148 147 147 147 147 146 146 146 146 145 145 145 145 144 144 144 144 144 143 143 143 143 154 154 154 154 153 153 153 153 152 152 152 152 151 151 151 151 150 150 150 150 149 149 339 339 338 338 338 338 337 337 337 337 336
128 128 128 128 127 127 127 127 127 126 126 71 71 71 70 70 70 70 69 69 69 69 50 49 49 49 49 48 48 48 150 150 149 149 149 149 148 148 148 148 148 147 147 147 147 146 146 146 146 145 145 145 145 145 144 144 144 144 143 143 143 143 154 154 154 154 153 153 153 153 152 152 152 152 151 151 151 151 151 150 150 150 150 149 149 339 339 338 338 338 338 337 337 337 337 336
128 128 128 127 127 127 127 127 126 126 126 71 71 70 70 70 70 69 69 69 69 69 68 49 49 49 48 48 48 48 150 149 149 149 149 148 148 148 148 148 147 147 147 147 146 146 146 146 145 145 145 145 145 144 144 144 144 143 143 143 143 154 154 154 154 153 153 153 153 153 152 152 152 152 151 151 151 151 150 150 150 150 149 149 149 339 338 338 338 338 337 337 337 337 336 336
128 128 127 127 127 127 127 126 126 126 71 71 70 70 70 70 69 69 69 69 69 68 68 49 49 48 48 48 48 48 47 149 149 149 148 148 148 148 148 147 147 147 147 146 146 146 146 146 145 145 145 145 144 144 144 144 143 143 143 143 142 154 154 154 154 153 153 153 153 152 152 152 152 151 151 151 151 150 150 150 150 149 149 149 149 148 338 338 338 337 337 337 337 336 336 336
128 127 127 127 127 127 126 126 126 126 71 70 70 70 70 69 69 69 69 69 68 68 68 68 48 48 48 48 48 47 47 149 149 148 148 148 148 148 147 147 147 147 146 146 146 146 146 145 145 145 145 144 144 144 144 143 143 143 143 142 154 154 154 154 153 153 153 153 152 152 152 152 151 151 151 151 150 150 150 150 149 149 149 149 148 148 338 338 337 337 337 337 336 336 336 336
127 127 127 127 127 126 126 126 126 125 70 70 70 70 69 69 69 69 69 68 68 68 68 67 48 48 48 48 47 47 47 149 149 148 148 148 148 147 147 147 147 146 146 146 146 146 145 145 145 145 144 144 144 144 143 143 143 143 143 142 154 154 154 153 153 153 153 152 152 152 152 151 151 151 151 150 150 150 150 150 149 149 149 149 148 148 338 338 337 337 337 337 336 336 336 336
127 127 127 127 126 126 126 126 125 70 70 70 70 69 69 69 69 69 68 68 68 68 67 67 48 48 48 47 47 47 47 149 148 148 148 148 147 147 147 147 146 146 146 146 146 145 145 145 145 144 144 144 144 144 143 143 143 143 142 154 154 154 153 153 153 153 152 152 152 152 151 151 151 151 151 150 150 150 150 149 149 149 149 148 148 148 148 337 337 337 337 336 336 336 336 335
127 127 126 126 126 126 126 125 125 70 70 70 69 69 69 69 69 68 68 68 68 67 67 67 67 48 47 47 47 47 47 148 148 148 148 147 147 147 147 147 146 146 146 146 145 145 145 145 144 144 144 144 144 143 143 143 143 142 142 154 154 153 153 153 153 152 152 152 152 152 151 151 151 151 150 150 150 150 149 149 149 149 148 148 148 148 147 337 337 337 336 336 336 336 335 335
127 126 126 126 126 126 125 125 70 70 70 69 69 69 69 69 68 68 68 68 67 67 67 67 67 47 47 47 47 47 46 46 148 148 147 147 147 147 147 146 146 146 146 145 145 145 145 144 144 144 144 144 143 143 143 143 142 142 154 154 153 153 153 153 153 152 152 152 152 151 151 151 151 150 150 150 150 149 149 149 149 148 148 148 148 147 147 337 337 336 336 336 336 336 335 335
126 126 126 126 126 125 125 125 70 70 69 69 69 69 69 68 68 68 68 67 67 67 67 67 66 66 47 47 47 46 46 46 148 147 147 147 147 147 146 146 146 146 145 145 145 145 145 144 144 144 144 143 143 143 143 142 142 142 154 153 153 153 153 153 152 152 152 152 151 151 151 151 150 150 150 150 149 149 149 149 149 148 148 148 148 147 147 147 337 336 336 336 336 335 335 335
126 126 126 126 125 125 125 125 70 69 69 69 69 69 68 68 68 68 67 67 67 67 67 66 66 66 47 47 46 46 46 46 147 147 147 147 147 146 146 146 146 145 145 145 145 145 144 144 144 144 143 143 143 143 142 142 142 154 154 153 153 153 153 152 152 152 152 151 151 151 151 150 150 150 150 150 149 149 149 149 148 148 148 148 147 147 147 147 336 336 336 336 335 335 335 335
126 126 126 125 125 125 125 70 69 69 69 69 69 68 68 68 68 67 67 67 67 67 66 66 66 66 47 46 46 46 46 45 147 147 147 147 146 146 146 146 145 145 145 145 145 144 144 144 144 143 143 143 143 142 142 142 142 154 153 153 153 153 152 152 152 152 151 151 151 151 151 150 150 150 150 149 149 149 149 148 148 148 148 147 147 147 147 146 336 336 336 335 335 335 335 334
126 126 125 125 125 125 125 69 69 69 69 68 68 68 68 68 67 67 67 67 67 66 66 66 66 66 65 46 46 46 45 45 147 147 147 146 146 146 146 145 145 145 145 145 144 144 144 144 143 143 143 143 143 142 142 142 154 153 153 153 153 152 152 152 152 151 151 151 151 151 150 150 150 150 149 149 149 149 148 148 148 148 147 147 147 147 146 146 146 336 336 335 335 335 335 334
