testData/tiles/oneDegree/grid6.0-27.0-7.0-28.0.asc
ncols   200
nrows   200
xllcorner   6.0
yllcorner   27.0
cellsize   0.005
NODATA_value   -9999.0
[rows 126 to 167 of 200, columns 94 to 187 of 200]
195 195 195 195 194 194 194 194 194 193 193 193 193 192 192 192 192 192 191 191 191 191 192 193 194 195 196 197 198 198 199 200 201 202 203 204 204 205 206 207 208 209 210 210 211 212 213 214 215 215 216 217 218 219 220 221 221 222 223 224 225 226 226 227 228 229 230 231 231 232 233 234 235 236 236 237 238 239 240 240 241 242 191 192 192 193 194 195 196 196 197 198 199 200
195 195 195 195 194 194 194 194 194 193 193 193 193 192 192 192 192 192 191 191 191 191 192 193 194 195 195 196 197 198 199 200 201 201 202 203 204 205 206 207 207 208 209 210 211 212 213 213 214 215 216 217 218 218 219 220 221 222 223 224 224 225 226 227 228 228 229 230 231 232 233 233 234 235 236 237 238 238 239 240 189 190 190 191 192 193 194 194 195 196 197 198 198 199
195 195 195 195 194 194 194 194 193 193 193 193 193 192 192 192 192 191 191 191 191 191 192 193 193 194 195 196 197 198 199 199 200 201 202 203 204 205 205 206 207 208 209 210 211 211 212 213 214 215 216 216 217 218 219 220 221 221 222 223 224 225 226 226 227 228 229 230 231 231 232 233 234 235 235 236 237 238 187 187 188 189 190 191 191 192 193 194 195 195 196 197 198 199
195 195 195 194 194 194 194 194 193 193 193 193 192 192 192 192 192 191 191 191 191 191 191 192 193 194 195 196 196 197 198 199 200 201 202 202 203 204 205 206 207 208 208 209 210 211 212 213 213 214 215 216 217 218 219 219 220 221 222 223 224 224 225 226 227 228 228 229 230 231 232 233 233 234 235 236 185 185 186 187 188 189 189 190 191 192 193 193 194 195 196 197 197 198
195 195 195 194 194 194 194 193 193 193 193 193 192 192 192 192 192 191 191 191 191 191 191 192 193 194 194 195 196 197 198 199 200 200 201 202 203 204 205 206 206 207 208 209 210 211 211 212 213 214 215 216 216 217 218 219 220 221 221 222 223 224 225 226 226 227 228 229 230 230 231 232 233 234 183 183 184 185 186 187 187 188 189 190 191 191 192 193 194 194 195 196 197 198
195 195 194 194 194 194 194 193 193 193 193 193 192 192 192 192 191 191 191 191 191 191 191 191 192 193 194 195 196 197 197 198 199 200 201 202 203 203 204 205 206 207 208 208 209 210 211 212 213 214 214 215 216 217 218 219 219 220 221 222 223 223 224 225 226 227 228 228 229 230 231 180 180 181 182 183 184 184 185 186 187 188 188 189 190 191 192 192 193 194 195 196 196 197
195 195 194 194 194 194 194 193 193 193 193 192 192 192 192 192 191 191 191 191 191 191 191 191 192 193 194 195 195 196 197 198 199 200 201 201 202 203 204 205 206 206 207 208 209 210 211 211 212 213 214 215 216 216 217 218 219 220 221 221 222 223 224 225 226 226 227 228 229 178 178 179 180 181 182 182 183 184 185 186 186 187 188 189 190 190 191 192 193 193 194 195 196 197
195 194 194 194 194 194 193 193 193 193 193 192 192 192 192 191 191 191 191 191 191 191 191 191 192 192 193 194 195 196 197 198 198 199 200 201 202 203 204 204 205 206 207 208 209 209 210 211 212 213 214 214 215 216 217 218 219 219 220 221 222 223 223 224 225 226 227 175 176 177 178 179 180 180 181 182 183 184 184 185 186 187 187 188 189 190 191 191 192 193 194 194 195 196
195 194 194 194 194 194 193 193 193 193 192 192 192 192 192 191 191 191 191 191 191 191 191 191 191 192 193 194 195 196 196 197 198 199 200 201 201 202 203 204 205 206 206 207 208 209 210 211 211 212 213 214 215 216 216 217 218 219 220 221 221 222 223 224 173 173 174 175 176 177 177 178 179 180 181 181 182 183 184 185 185 186 187 188 189 189 190 191 192 192 193 194 195 195
195 194 194 194 194 193 193 193 193 193 192 192 192 192 192 191 191 191 191 191 191 191 191 191 191 192 193 193 194 195 196 197 198 199 199 200 201 202 203 204 204 205 206 207 208 209 209 210 211 212 213 214 214 215 216 217 218 218 219 220 221 222 171 171 172 173 174 175 175 176 177 178 179 179 180 181 182 183 183 184 185 186 186 187 188 189 190 190 191 192 193 193 194 195
194 194 194 194 194 193 193 193 193 193 192 192 192 192 191 191 191 191 191 191 191 191 191 191 191 191 192 193 194 195 196 196 197 198 199 200 201 201 202 203 204 205 206 206 207 208 209 210 211 211 212 213 214 215 216 216 217 218 219 168 168 169 170 171 172 173 173 174 175 176 177 177 178 179 180 180 181 182 183 184 184 185 186 187 188 188 189 190 191 191 192 193 194 194
194 194 194 194 193 193 193 193 193 192 192 192 192 192 191 191 191 191 191 191 191 191 191 191 191 191 192 193 194 194 195 196 197 198 199 199 200 201 202 203 204 204 205 206 207 208 209 209 210 211 212 213 213 214 215 216 217 166 166 167 168 169 170 170 171 172 173 174 174 175 176 177 178 178 179 180 181 182 182 183 184 185 185 186 187 188 189 189 190 191 192 192 193 194
194 194 194 194 193 193 193 193 193 192 192 192 192 191 191 191 191 191 191 191 191 191 191 191 191 191 191 192 193 194 195 196 196 197 198 199 200 201 201 202 203 204 205 206 206 207 208 209 210 211 211 212 213 214 163 163 164 165 166 167 168 168 169 170 171 172 172 173 174 175 176 176 177 178 179 179 180 181 182 183 183 184 185 186 186 187 188 189 190 190 191 192 193 193
194 194 194 193 193 193 193 193 192 192 192 192 192 191 191 191 191 191 191 191 191 191 191 191 191 191 191 192 193 194 194 195 196 197 198 199 199 200 201 202 203 204 204 205 206 207 208 209 209 210 211 212 161 161 162 163 164 165 165 166 167 168 169 169 170 171 172 173 173 174 175 176 177 177 178 179 180 181 181 182 183 184 184 185 186 187 187 188 189 190 191 191 192 193
194 194 194 193 193 193 193 193 192 192 192 192 191 191 191 191 191 191 191 191 191 191 191 191 191 191 191 191 192 193 194 195 196 197 197 198 199 200 201 201 202 203 204 205 206 206 207 208 209 158 159 159 160 161 162 163 163 164 165 166 167 167 168 169 170 171 171 172 173 174 175 175 176 177 178 178 179 180 181 182 182 183 184 185 185 186 187 188 188 189 190 191 191 192
194 194 193 193 193 193 193 192 192 192 192 192 191 191 191 191 191 191 191 191 191 191 191 191 191 191 191 191 192 193 194 194 195 196 197 198 199 199 200 201 202 203 204 204 205 206 155 156 156 157 158 159 160 161 161 162 163 164 165 165 166 167 168 169 169 170 171 172 173 173 174 175 176 176 177 178 179 180 180 181 182 183 183 184 185 186 186 187 188 189 189 190 191 192
194 194 193 193 193 193 192 192 192 192 192 191 191 191 191 191 191 191 191 191 191 191 191 191 191 191 191 191 192 192 193 194 195 196 197 197 198 199 200 201 201 202 203 152 153 154 154 155 156 157 158 158 159 160 161 162 162 163 164 165 166 166 167 168 169 170 170 171 172 173 174 174 175 176 177 177 178 179 180 181 181 182 183 184 184 185 186 187 187 188 189 190 190 191
194 193 193 193 193 193 192 192 192 192 192 191 191 191 191 191 191 191 191 191 191 191 191 191 191 191 191 191 191 192 193 194 194 195 196 197 198 199 199 200 149 150 151 151 152 153 154 155 156 156 157 158 159 160 160 161 162 163 164 164 165 166 167 168 168 169 170 171 172 172 173 174 175 175 176 177 178 178 179 180 181 182 182 183 184 185 185 186 187 188 188 189 190 191
193 193 193 193 193 192 192 192 192 192 191 191 191 191 191 191 191 191 191 191 191 191 191 191 191 191 191 191 191 192 192 193 194 195 196 196 197 146 147 148 149 149 150 151 152 153 153 154 155 156 157 158 158 159 160 161 162 162 163 164 165 166 166 167 168 169 169 170 171 172 173 173 174 175 176 176 177 178 179 179 180 181 182 183 183 184 185 186 186 187 188 188 189 190
193 193 193 193 193 192 192 192 192 192 191 191 191 191 191 191 191 191 191 191 191 191 191 191 191 191 191 191 191 191 192 193 194 194 143 144 145 146 147 147 148 149 150 151 151 152 153 154 155 155 156 157 158 159 159 160 161 162 163 163 164 165 166 167 167 168 169 170 171 171 172 173 174 174 175 176 177 177 178 179 180 180 181 182 183 183 184 185 186 186 187 188 189 189
193 193 193 193 192 192 192 192 192 191 191 191 191 191 191 191 191 191 191 191 191 191 191 191 191 191 191 191 191 191 192 140 141 142 143 144 144 145 146 147 148 149 149 150 151 152 153 153 154 155 156 157 157 158 159 160 161 161 162 163 164 165 165 166 167 168 168 169 170 171 172 172 173 174 175 175 176 177 178 178 179 180 181 181 182 183 184 184 185 186 187 187 188 189
193 193 193 192 192 192 192 192 192 191 191 191 191 191 191 191 191 191 191 191 191 191 191 191 191 191 191 139 139 139 139 140 141 142 142 143 144 145 146 146 147 148 149 150 151 151 152 153 154 155 155 156 157 158 159 159 160 161 162 162 163 164 165 166 166 167 168 169 169 170 171 172 173 173 174 175 176 176 177 178 179 179 180 181 182 182 183 184 185 185 186 187 187 188
193 193 193 192 192 192 192 192 191 191 191 191 191 191 191 191 191 191 191 191 191 191 191 191 139 139 139 139 139 139 139 139 140 141 142 143 144 144 145 146 147 148 148 149 150 151 152 152 153 154 155 156 156 157 158 159 160 160 161 162 163 164 164 165 166 167 167 168 169 170 171 171 172 173 174 174 175 176 177 177 178 179 180 180 181 182 183 183 184 185 185 186 187 188
193 193 192 192 192 192 192 191 191 191 191 191 191 191 191 191 191 191 191 191 139 139 139 139 139 139 139 139 139 139 139 139 140 141 141 142 143 144 145 146 146 147 148 149 150 150 151 152 153 154 154 155 156 157 158 158 159 160 161 161 162 163 164 165 165 166 167 168 168 169 170 171 172 172 173 174 175 175 176 177 178 178 179 180 180 181 182 183 183 184 185 186 186 187
193 192 192 192 192 192 192 191 191 191 191 191 191 191 191 191 191 139 139 139 139 139 139 139 139 139 139 139 139 139 139 139 139 140 141 142 143 143 144 145 146 147 148 148 149 150 151 152 152 153 154 155 155 156 157 158 159 159 160 161 162 163 163 164 165 166 166 167 168 169 169 170 171 172 172 173 174 175 175 176 177 178 178 179 180 181 181 182 183 184 184 185 186 186
193 192 192 192 192 192 191 191 191 191 191 191 191 139 139 139 139 139 139 139 139 139 139 139 139 139 139 139 139 139 139 139 139 140 141 141 142 143 144 145 145 146 147 148 149 149 150 151 152 153 153 154 155 156 157 157 158 159 160 160 161 162 163 164 164 165 166 167 167 168 169 170 170 171 172 173 173 174 175 176 176 177 178 179 179 180 181 182 182 183 184 184 185 186
192 192 192 192 192 191 191 191 191 139 139 139 139 139 139 139 139 139 139 139 139 139 139 139 139 139 139 139 139 139 139 139 139 139 140 141 142 143 143 144 145 146 147 147 148 149 150 151 151 152 153 154 154 155 156 157 158 158 159 160 161 162 162 163 164 165 165 166 167 168 168 169 170 171 171 172 173 174 174 175 176 177 177 178 179 179 180 181 182 182 183 184 185 185
192 192 192 192 139 139 139 139 139 139 139 139 139 139 139 139 139 139 139 139 139 139 139 139 139 139 139 139 139 139 139 139 139 139 140 140 141 142 143 144 144 145 146 147 148 148 149 150 151 152 152 153 154 155 156 156 157 158 159 159 160 161 162 163 163 164 165 166 166 167 168 169 169 170 171 172 172 173 174 175 175 176 177 177 178 179 180 180 181 182 182 183 184 185
140 140 140 140 139 139 139 139 139 139 139 139 139 139 139 139 139 139 139 139 139 139 139 139 139 139 139 139 139 139 139 139 139 139 139 140 141 142 142 143 144 145 146 146 147 148 149 150 150 151 152 153 154 154 155 156 157 157 158 159 160 160 161 162 163 164 164 165 166 167 167 168 169 170 170 171 172 173 173 174 175 175 176 177 178 178 179 180 180 181 182 183 183 184
140 140 140 139 139 139 139 139 139 139 139 139 139 139 139 139 139 139 139 139 139 139 139 139 139 139 139 139 139 139 139 139 139 139 139 140 140 141 142 143 144 144 145 146 147 148 148 149 150 151 151 152 153 154 155 155 156 157 158 158 159 160 161 161 162 163 164 164 165 166 167 167 168 169 170 170 171 172 173 173 174 175 176 176 177 178 178 179 180 181 181 182 183 183
140 140 139 139 139 139 139 139 139 139 139 139 139 139 139 139 139 139 139 139 139 139 139 139 139 139 139 139 139 139 139 139 139 139 139 139 140 141 141 142 143 144 145 145 146 147 148 149 149 150 151 152 152 153 154 155 156 156 157 158 159 159 160 161 162 162 163 164 165 165 166 167 168 168 169 170 171 171 172 173 174 174 175 176 176 177 178 179 179 180 181 181 182 183
140 139 139 139 139 139 139 139 139 139 139 139 139 139 139 139 139 139 139 139 139 139 139 139 139 139 139 139 139 139 139 139 139 139 139 139 139 140 141 142 143 143 144 145 146 147 147 148 149 150 150 151 152 153 154 154 155 156 157 157 158 159 160 160 161 162 163 163 164 165 166 166 167 168 169 169 170 171 172 172 173 174 174 175 176 177 177 178 179 179 180 181 181 182
139 139 139 139 139 139 139 139 139 139 139 139 139 139 139 139 139 139 139 139 139 139 139 139 139 139 139 139 139 139 139 139 139 139 139 139 139 140 141 141 142 143 144 144 145 146 147 148 148 149 150 151 151 152 153 154 155 155 156 157 158 158 159 160 161 161 162 163 164 164 165 166 167 167 168 169 169 170 171 172 172 173 174 175 175 176 177 177 178 179 179 180 181 182
139 139 139 139 139 139 139 139 139 139 139 139 139 139 139 139 139 139 139 139 139 139 139 139 139 139 139 139 139 139 139 139 139 139 139 139 139 139 140 141 142 142 143 144 145 146 146 147 148 149 149 150 151 152 152 153 154 155 156 156 157 158 159 159 160 161 162 162 163 164 165 165 166 167 167 168 169 170 170 171 172 173 173 174 175 175 176 177 177 178 179 180 180 181
139 139 139 139 139 139 139 139 139 139 139 139 139 139 139 139 139 139 139 139 139 139 139 139 139 139 139 139 139 139 139 139 139 139 139 139 139 139 140 140 141 142 143 143 144 145 146 147 147 148 149 150 150 151 152 153 153 154 155 156 157 157 158 159 160 160 161 162 162 163 164 165 165 166 167 168 168 169 170 170 171 172 173 173 174 175 175 176 177 178 178 179 180 180
139 139 139 139 139 139 139 139 139 139 139 139 139 139 139 139 139 139 139 139 139 139 139 139 139 139 139 139 139 139 139 139 139 139 139 139 139 139 139 140 141 141 142 143 144 145 145 146 147 148 148 149 150 151 151 152 153 154 154 155 156 157 157 158 159 160 160 161 162 163 163 164 165 166 166 167 168 168 169 170 171 171 172 173 173 174 175 176 176 177 178 178 179 180
139 139 139 139 139 139 139 139 139 139 139 139 139 139 139 139 139 139 139 139 139 139 139 139 139 139 139 139 139 139 139 139 139 139 139 139 139 139 139 139 140 141 142 142 143 144 145 146 146 147 148 149 149 150 151 152 152 153 154 155 155 156 157 158 158 159 160 161 161 162 163 164 164 165 166 166 167 168 169 169 170 171 171 172 173 174 174 175 176 176 177 178 178 179
139 139 139 139 139 139 139 139 139 139 139 139 139 139 139 139 139 139 139 139 139 139 139 139 139 139 139 139 139 139 139 139 139 139 139 139 139 139 139 139 140 140 141 142 143 143 144 145 146 147 147 148 149 150 150 151 152 153 153 154 155 156 156 157 158 159 159 160 161 162 162 163 164 164 165 166 167 167 168 169 169 170 171 172 172 173 174 174 175 176 176 177 178 178
139 139 139 139 139 139 139 139 139 139 139 139 139 139 139 139 139 139 139 139 139 139 139 139 139 139 139 139 139 139 139 139 139 139 139 139 139 139 139 139 139 140 141 141 142 143 144 144 145 146 147 148 148 149 150 151 151 152 153 154 154 155 156 157 157 158 159 159 160 161 162 162 163 164 165 165 166 167 167 168 169 169 170 171 172 172 173 174 174 175 176 176 177 178
139 139 139 139 139 139 139 139 139 139 139 139 139 139 139 139 139 139 139 139 139 139 139 139 139 139 139 139 139 139 139 139 139 139 139 139 139 139 139 139 139 139 140 141 142 142 143 144 145 145 146 147 148 149 149 150 151 152 152 153 154 154 155 156 157 157 158 159 160 160 161 162 163 163 164 165 165 166 167 167 168 169 170 170 171 172 172 173 174 174 175 176 176 177
139 139 139 139 139 139 139 139 139 139 139 139 139 139 139 139 139 139 139 139 139 139 139 139 139 139 139 139 139 139 139 139 139 139 139 139 139 139 139 139 139 139 140 140 141 142 143 143 144 145 146 146 147 148 149 149 150 151 152 152 153 154 155 155 156 157 158 158 159 160 160 161 162 163 163 164 165 165 166 167 168 168 169 170 170 171 172 172 173 174 174 175 176 176
139 139 139 139 139 139 139 139 139 139 139 139 139 139 139 139 139 139 139 139 139 139 139 139 139 139 139 139 139 139 139 139 139 139 139 139 139 139 139 139 139 139 139 140 141 141 142 143 144 144 145 146 147 147 148 149 150 150 151 152 153 153 154 155 156 156 157 158 158 159 160 161 161 162 163 163 164 165 166 166 167 168 168 169 170 170 171 172 172 173 174 174 175 176
