testData/tiles/oneDegree/grid36.0-35.0-37.0-36.0.asc
ncols   200
nrows   200
xllcorner   36.0
yllcorner   35.0
cellsize   0.005
NODATA_value   -9999.0
[rows 0 to 41 of 200, columns 94 to 187 of 200]
447 564 564 563 564 563 563 563 561 562 561 561 559 559 559 558 558 556 557 557 559 559 560 561 561 562 563 564 564 565 565 566 568 568 523 524 525 525 526 527 528 528 527 527 527 528 530 531 531 532 531 532 532 533 535 535 535 535 536 537 538 538 538 539 540 540 541 541 541 542 542 543 543 543 544 545 545 547 546 547 547 548 547 548 548 549 548 549 549 551 550 551 551 552
445 446 563 563 563 562 563 562 561 559 559 560 558 558 557 557 555 556 556 557 558 559 560 560 561 561 562 562 564 565 566 567 567 567 522 524 524 525 525 526 528 526 527 527 528 528 529 529 530 530 531 532 533 534 534 534 534 536 536 537 537 537 537 538 538 539 540 541 542 542 543 543 543 543 544 544 545 544 545 545 547 546 547 547 548 547 548 549 549 550 549 551 551 551
445 445 562 563 562 561 560 559 560 559 558 557 557 557 557 555 555 556 556 558 557 558 558 559 560 562 563 563 564 564 565 565 566 521 522 523 524 526 526 527 526 525 525 526 527 528 529 529 530 530 531 531 533 533 533 533 534 534 535 536 536 538 538 539 539 539 539 540 540 541 541 541 542 543 543 544 543 545 545 546 546 546 547 547 547 547 549 549 550 549 550 550 551 550
444 443 561 560 560 561 560 559 557 557 557 557 556 557 556 556 556 554 555 555 556 558 559 560 560 561 561 563 563 563 564 565 566 522 523 523 524 524 524 524 525 525 526 527 527 528 527 529 529 530 530 531 531 532 532 533 535 535 536 535 536 536 537 537 537 538 539 540 541 541 541 541 542 542 543 543 543 545 545 545 545 546 546 547 546 547 547 548 547 548 548 550 549 550
441 441 442 559 559 558 557 557 557 557 557 557 557 556 555 554 553 555 555 556 557 557 558 559 560 560 562 561 562 564 564 565 565 521 521 523 523 524 524 525 524 524 525 526 526 526 528 528 529 529 530 530 531 532 532 533 533 533 533 535 536 537 537 537 537 538 538 539 539 539 541 541 542 541 542 542 543 544 544 544 545 545 546 545 547 547 548 547 548 548 549 548 549 549
441 441 440 559 558 559 557 557 557 557 557 556 554 554 555 554 553 554 554 555 556 558 558 559 558 559 561 561 562 562 563 564 566 521 521 521 522 523 523 523 523 525 524 525 525 526 527 528 529 529 529 529 530 531 533 533 533 533 534 534 535 535 535 536 537 538 538 538 539 540 540 541 540 541 541 543 543 543 543 544 544 545 544 545 545 546 545 546 546 547 546 547 549 550
441 440 441 440 558 558 557 557 555 556 554 555 554 554 554 552 553 554 555 555 556 556 557 558 558 559 560 561 562 563 563 564 563 519 521 521 523 523 524 522 523 523 524 524 525 526 526 528 527 529 529 530 530 531 531 531 531 532 533 534 536 535 536 536 537 537 537 537 539 539 540 539 540 540 541 541 541 541 543 543 544 544 545 546 546 546 546 547 547 547 547 548 548 548
440 440 441 440 556 555 556 556 555 554 554 554 553 555 553 553 552 553 554 555 555 555 557 557 559 559 560 560 561 561 561 564 519 520 520 521 521 523 521 521 521 523 524 524 526 526 527 526 527 527 528 528 529 530 531 532 532 533 533 533 533 534 535 536 536 536 536 537 538 539 538 539 539 541 541 541 542 542 543 543 543 543 544 544 544 544 545 545 545 546 547 547 548 548
438 438 438 438 555 555 554 554 554 554 555 554 553 552 552 552 552 552 553 554 554 556 556 557 557 558 560 561 561 561 562 562 518 519 520 520 522 522 520 521 522 523 523 524 524 524 524 526 527 528 528 529 529 529 530 530 532 532 532 532 534 534 535 535 535 535 537 537 538 538 538 539 539 540 539 540 540 541 541 543 543 544 544 544 544 545 545 545 545 546 546 546 546 547
438 438 438 436 436 554 555 555 554 554 553 553 552 552 552 550 551 552 553 553 554 554 556 558 558 559 558 559 559 561 561 563 518 519 520 519 521 519 520 520 521 522 523 523 524 524 525 526 526 527 526 528 528 530 530 531 531 531 531 532 533 534 533 534 535 535 536 536 537 537 538 539 540 539 540 540 541 540 541 541 542 542 542 542 543 543 544 544 545 545 545 545 546 547
437 437 437 437 437 554 554 553 554 552 553 552 551 551 550 550 550 551 552 554 555 555 556 556 556 557 558 559 560 560 561 562 518 518 518 519 520 519 519 521 521 522 521 522 523 523 525 526 527 526 527 527 528 528 529 529 530 530 531 532 533 533 533 534 535 536 535 536 536 537 537 538 537 538 538 539 539 540 541 542 542 542 542 543 543 543 543 544 544 544 544 545 545 545
438 438 436 436 435 436 554 552 552 551 552 551 551 549 550 549 551 552 552 553 553 553 555 556 556 557 557 558 560 560 561 515 517 517 519 519 518 518 519 520 519 520 522 523 523 524 524 524 524 526 526 527 527 528 529 529 530 530 532 532 532 532 533 533 534 533 534 534 535 537 537 537 538 538 539 538 539 539 540 541 540 541 541 543 542 543 543 544 543 544 544 545 544 546
436 434 435 434 434 434 551 552 551 551 551 551 550 550 550 549 550 550 552 552 553 553 554 555 556 557 557 559 559 559 560 516 516 517 517 518 517 519 519 519 520 520 521 521 522 523 523 523 525 526 526 527 526 528 528 529 529 530 529 530 530 532 533 534 533 534 534 535 535 535 536 536 537 537 538 538 539 539 540 540 541 541 542 541 542 542 543 542 543 543 544 544 545 545
435 434 434 433 434 433 551 551 551 551 550 550 549 549 547 549 549 550 550 551 553 553 554 555 556 556 557 557 558 558 559 515 516 518 518 517 516 517 517 518 519 520 521 522 521 522 523 523 525 525 526 525 526 526 528 528 529 529 530 530 531 531 532 531 532 533 533 535 534 536 536 537 537 537 537 538 538 538 538 539 540 541 540 541 541 542 541 542 542 543 542 543 543 544
434 434 433 434 433 433 433 551 550 549 549 550 549 547 547 547 548 550 550 552 552 553 553 555 554 555 555 557 558 559 560 515 516 516 516 514 516 517 518 518 519 520 519 521 521 522 522 523 524 524 524 526 526 527 527 528 527 528 529 529 530 531 532 532 533 533 534 533 534 534 535 535 536 536 537 537 537 537 538 539 540 539 540 540 541 540 541 541 543 542 543 543 544 543
434 433 434 434 433 433 431 550 549 549 548 548 546 547 547 548 549 549 550 551 552 552 552 553 554 556 556 557 557 558 513 514 515 516 514 515 515 516 517 518 518 518 520 520 521 521 523 523 523 523 524 524 525 526 526 528 528 529 529 530 529 530 530 531 531 532 532 533 533 535 534 535 535 536 536 536 536 537 538 539 538 539 539 540 539 540 540 541 540 541 541 542 541 542
433 432 432 431 432 431 431 430 548 547 547 548 547 547 546 548 548 549 549 550 550 552 553 553 554 554 555 555 558 558 513 513 514 515 514 515 515 517 516 517 517 518 519 520 520 521 520 521 523 523 525 525 525 525 526 526 527 527 527 528 529 530 531 531 531 531 532 532 533 532 534 534 535 535 535 535 536 537 536 537 538 539 539 539 539 541 541 541 541 542 542 542 542 543
431 432 431 431 430 430 430 430 549 547 547 546 547 545 546 547 547 548 549 550 550 551 551 553 554 555 555 555 555 556 513 513 514 513 514 514 514 515 516 516 517 517 518 519 519 521 521 522 522 523 523 523 523 525 525 527 527 527 527 528 528 529 529 530 530 531 532 532 532 532 534 534 535 534 535 536 537 536 537 537 538 538 538 538 539 539 539 539 540 540 540 540 541 540
431 430 430 431 431 431 430 429 546 547 546 546 545 544 546 546 547 547 548 549 551 551 552 552 553 553 554 555 556 557 512 513 511 513 512 513 513 514 515 516 518 518 518 518 519 519 520 520 522 522 523 523 524 524 525 525 525 526 527 528 528 528 529 530 530 531 531 531 532 533 533 533 533 534 534 535 534 535 535 536 536 537 538 539 539 539 539 540 539 540 540 541 540 541
431 431 431 430 429 429 429 428 429 545 545 545 544 544 544 545 547 548 548 549 549 550 550 551 553 553 554 554 555 556 512 512 510 511 512 513 514 515 515 516 515 516 516 519 519 520 520 521 520 521 521 522 523 524 524 525 526 526 527 527 527 528 529 529 530 529 530 530 531 531 532 532 533 534 535 534 535 535 536 535 536 536 537 536 537 537 538 537 538 538 540 539 540 540
429 429 429 429 428 428 427 428 428 544 544 543 544 544 545 545 546 546 547 548 549 550 550 551 551 553 553 554 555 511 510 509 511 511 512 512 513 513 514 515 516 516 517 517 518 518 518 519 520 522 522 523 522 523 523 524 525 526 525 526 526 527 528 529 528 529 530 531 531 531 531 532 532 533 532 533 533 534 533 535 536 537 536 537 537 538 537 538 538 539 538 539 539 540
428 428 428 427 428 428 427 426 426 427 544 544 542 543 543 545 546 546 547 547 548 549 550 550 552 552 553 554 554 510 510 509 509 511 511 513 512 513 513 514 514 515 516 518 518 518 519 519 520 520 522 521 522 522 523 524 525 524 525 525 527 527 527 527 528 528 529 529 529 529 531 532 532 532 533 533 534 534 534 535 535 535 535 535 536 535 536 537 538 537 538 538 539 538
428 428 428 427 427 426 427 426 426 425 543 542 543 543 543 544 544 545 546 547 548 549 549 550 552 551 552 552 553 509 509 509 510 510 510 510 511 512 514 515 515 516 515 516 516 518 518 519 519 520 520 521 521 522 523 523 523 524 524 525 525 525 526 527 529 529 529 529 530 530 531 530 531 531 532 532 532 533 534 534 534 535 536 536 536 536 537 537 537 537 538 538 538 538
426 426 426 427 426 426 425 425 426 424 424 541 541 541 543 543 545 545 546 547 548 549 548 549 550 551 552 553 553 509 507 508 507 509 511 511 512 512 513 513 513 514 515 515 517 517 518 517 518 519 520 520 521 521 521 522 523 524 525 525 525 526 526 527 527 527 527 528 528 530 529 531 531 532 531 532 532 533 533 533 533 534 534 534 535 536 536 536 536 537 537 537 537 538
427 426 426 425 425 426 425 425 423 423 423 541 540 542 542 543 545 545 546 545 547 547 549 549 550 550 551 551 507 507 507 508 508 509 509 510 511 512 511 513 513 514 514 515 516 516 516 517 517 519 520 520 521 521 522 522 523 523 523 523 524 524 526 526 527 527 528 528 528 528 529 529 530 529 530 531 532 532 532 532 533 534 534 534 535 535 535 535 536 535 536 536 537 536
424 425 426 425 425 424 423 423 423 423 422 539 540 542 542 543 542 544 544 546 546 547 547 548 548 551 552 551 505 505 506 506 508 508 510 510 510 510 511 512 513 513 514 515 515 516 516 518 518 519 518 519 519 520 520 521 522 523 523 524 524 525 524 525 525 526 526 527 527 528 528 530 529 530 530 531 530 531 531 532 531 533 533 534 534 534 534 535 534 535 535 536 535 536
425 425 424 424 423 423 423 423 423 422 422 421 540 540 541 542 543 543 544 544 545 548 548 549 548 549 549 550 504 506 506 507 507 508 507 509 509 510 511 512 513 513 514 514 515 515 516 516 516 516 518 519 520 520 521 520 521 521 522 522 523 523 524 525 526 526 526 526 527 527 527 527 529 529 530 529 530 530 531 530 531 532 533 532 533 533 534 533 534 534 536 535 536 536
424 423 424 423 423 423 423 423 421 421 420 421 539 540 540 541 541 544 545 545 546 546 546 546 548 549 550 503 504 504 506 505 506 507 508 509 509 510 511 512 511 512 512 513 514 515 516 516 516 517 517 518 518 518 518 520 521 522 522 522 523 523 524 524 524 525 526 526 527 526 527 528 529 529 529 529 530 530 530 531 532 532 532 532 532 533 532 533 533 534 533 534 534 534
423 423 424 423 422 421 421 420 421 420 419 419 420 539 541 542 542 543 543 543 544 546 546 547 547 548 547 503 504 503 505 505 506 507 508 508 509 508 509 510 511 512 513 513 514 513 514 514 515 516 518 518 518 519 519 520 520 520 520 522 522 523 523 524 524 525 525 526 525 526 527 528 527 528 528 529 529 529 529 530 530 530 531 532 532 532 533 534 534 534 534 534 534 534
422 422 421 421 421 421 420 420 419 418 420 420 421 539 540 539 541 542 543 543 544 544 546 546 547 548 546 502 502 504 504 505 505 506 507 507 508 509 509 510 510 511 511 511 513 514 515 515 516 515 516 516 517 518 519 519 520 520 521 521 522 521 522 523 524 524 524 524 525 525 526 525 527 527 528 527 529 529 530 530 530 530 531 531 531 531 532 531 532 532 533 532 533 533
421 421 421 420 420 419 420 420 419 419 418 418 419 420 539 540 540 541 542 543 544 544 546 546 546 545 546 501 502 502 504 504 506 505 506 506 507 507 508 510 511 511 511 512 512 513 513 514 514 515 516 517 517 518 517 518 518 520 520 520 520 521 521 522 523 523 523 524 525 526 525 526 526 527 526 527 527 528 527 528 528 529 529 531 531 532 531 532 532 533 532 533 533 533
420 420 420 421 421 420 419 417 417 417 418 418 419 419 538 539 540 541 542 543 542 544 544 545 545 544 500 501 502 503 502 503 503 504 505 507 508 508 509 508 509 509 510 511 512 513 513 513 514 514 515 516 516 516 517 517 518 519 519 519 520 521 522 521 522 522 523 523 523 523 524 524 526 525 527 527 528 527 528 528 529 528 529 529 530 529 530 530 531 530 531 531 531 532
421 421 419 418 417 418 417 418 416 416 416 418 419 419 421 539 540 540 541 541 542 542 544 544 544 544 500 500 500 501 503 504 504 505 505 506 505 506 507 508 509 510 510 511 510 511 512 513 513 514 513 515 515 516 516 518 517 518 519 519 520 520 520 520 522 522 524 523 524 524 525 524 525 525 525 526 525 526 526 527 527 528 528 530 529 530 530 531 530 531 531 531 531 532
418 417 418 417 418 417 417 416 416 416 416 418 418 420 419 538 538 539 540 541 542 543 543 542 543 542 500 500 501 501 502 502 503 504 504 505 506 506 507 507 508 509 509 509 510 511 512 513 512 513 514 515 515 516 515 516 516 518 518 519 519 520 520 521 521 521 521 522 522 523 522 523 525 526 525 526 526 527 527 527 527 527 528 527 528 528 528 528 529 530 530 530 531 530
418 418 417 417 418 416 416 416 416 414 416 416 417 417 419 419 539 539 540 541 541 542 543 542 542 543 498 499 499 501 501 503 502 503 503 504 505 506 506 507 508 508 509 509 511 511 511 511 512 512 513 514 515 514 516 516 517 517 517 517 518 518 519 519 521 521 522 522 522 522 523 523 524 523 524 524 525 524 526 526 527 526 527 528 529 528 528 529 529 529 529 530 529 530
417 418 417 416 416 415 415 415 413 414 414 416 417 418 419 419 538 538 541 540 541 541 540 540 541 497 498 499 500 499 500 500 502 503 503 505 505 505 505 506 507 508 508 509 508 509 510 511 512 513 513 513 513 514 514 515 515 516 517 518 518 519 518 519 519 520 520 520 520 522 522 523 522 524 524 525 524 525 525 526 525 526 526 527 526 528 528 529 528 528 529 528 529 529
415 415 415 415 415 414 413 412 414 414 415 416 416 417 418 419 537 538 538 539 539 539 539 541 541 497 496 497 499 499 500 501 502 502 503 503 504 504 505 505 506 507 507 508 509 509 510 510 511 510 511 512 514 514 515 514 515 515 516 516 516 516 518 518 519 519 520 520 521 521 521 521 522 522 522 523 524 524 525 524 525 525 526 526 527 527 527 527 528 528 528 528 528 528
415 415 414 414 414 414 414 413 413 413 414 415 416 416 417 417 418 537 538 539 540 538 539 539 540 496 496 498 498 499 499 501 500 501 501 502 503 504 505 506 505 506 506 507 507 508 510 510 510 511 511 512 512 512 512 513 514 515 516 516 516 517 517 518 517 518 518 520 520 520 520 521 521 522 522 523 523 523 523 524 524 524 525 526 526 526 526 527 527 527 527 528 527 528
414 415 415 414 413 413 412 411 412 413 413 414 414 416 416 418 418 537 538 538 537 537 538 539 495 495 497 497 498 498 498 499 500 501 502 502 503 503 503 503 504 506 507 507 508 508 508 509 509 510 511 511 512 513 513 514 514 514 514 515 516 517 516 517 517 519 519 519 519 520 520 521 520 521 522 522 522 522 523 523 523 523 524 524 525 525 526 525 526 526 527 526 528 528
414 412 412 411 412 412 411 410 411 412 413 413 415 416 416 417 417 418 536 536 536 537 538 539 494 495 495 496 496 498 498 499 499 500 500 501 502 503 504 504 505 505 506 505 506 507 509 509 510 509 510 510 511 511 513 512 513 513 515 515 515 515 516 516 517 517 518 518 519 519 519 519 520 521 521 521 522 522 522 522 523 524 523 524 524 525 524 525 525 526 525 526 526 526
413 412 412 412 410 410 410 410 411 412 413 413 415 414 415 415 417 417 535 535 536 536 537 538 493 494 495 495 496 497 497 498 500 500 500 501 501 502 502 503 504 505 505 506 506 507 507 507 507 509 509 510 511 511 511 512 512 513 513 514 514 515 515 516 515 517 517 518 518 518 518 520 520 520 520 521 521 521 521 522 522 522 522 522 524 523 524 524 525 525 526 526 526 526
413 412 411 410 410 411 409 410 410 411 411 412 413 414 415 416 416 417 415 534 535 536 536 537 493 493 494 494 497 497 497 497 498 498 499 500 502 502 502 502 503 503 504 505 506 505 506 507 508 508 509 508 510 510 511 511 512 511 513 513 514 514 514 515 516 516 517 516 517 517 518 517 518 518 520 520 520 521 522 522 522 522 523 523 522 523 523 523 523 524 524 524 524 525
