testData/tiles/oneDegree/grid41.0-22.0-42.0-23.0.asc
ncols   200
nrows   200
xllcorner   41.0
yllcorner   22.0
cellsize   0.005
NODATA_value   -9999.0
[rows 42 to 83 of 200, columns 0 to 93 of 200]
486 485 485 485 485 485 484 484 484 484 483 483 483 483 483 482 482 482 482 481 481 481 481 481 480 480 480 480 479 479 479 479 479 594 594 594 594 593 593 593 593 592 592 592 592 592 591 591 591 591 590 590 590 590 590 589 589 589 589 588 588 588 588 587 587 587 587 587 586 586 413 413 412 412 412 412 412 411 411 411 411 410 410 410 410 409 409 409 409 409 408 408 408 408
486 485 485 485 485 484 484 484 484 484 483 483 483 483 482 482 482 482 482 481 481 481 481 480 480 480 480 480 479 479 479 479 478 478 594 594 594 593 593 593 593 592 592 592 592 591 591 591 591 591 590 590 590 590 589 589 589 589 589 588 588 588 588 587 587 587 587 587 586 413 413 413 412 412 412 412 411 411 411 411 411 410 410 410 410 409 409 409 409 408 408 408 408 408
485 485 485 485 485 484 484 484 484 483 483 483 483 483 482 482 482 482 481 481 481 481 481 480 480 480 480 479 479 479 479 479 478 478 594 594 593 593 593 593 593 592 592 592 592 591 591 591 591 591 590 590 590 590 589 589 589 589 588 588 588 588 588 587 587 587 587 413 413 413 413 413 412 412 412 412 411 411 411 411 410 410 410 410 410 409 409 409 409 408 408 408 408 407
485 485 485 485 485 484 484 484 484 483 483 483 483 483 482 482 482 482 481 481 481 481 480 480 480 480 480 479 479 479 479 478 478 478 594 594 593 593 593 593 592 592 592 592 592 591 591 591 591 590 590 590 590 590 589 589 589 589 588 588 588 588 587 587 587 587 414 413 413 413 413 412 412 412 412 412 411 411 411 411 410 410 410 410 409 409 409 409 409 408 408 408 408 407
485 485 485 485 484 484 484 484 484 483 483 483 483 482 482 482 482 482 481 481 481 481 480 480 480 480 480 479 479 479 479 478 478 478 594 593 593 593 593 593 592 592 592 592 591 591 591 591 591 590 590 590 590 589 589 589 589 589 588 588 588 588 587 587 414 414 413 413 413 413 413 412 412 412 412 411 411 411 411 411 410 410 410 410 409 409 409 409 408 408 408 408 408 407
698 698 698 698 484 484 484 484 483 483 483 483 483 482 482 482 482 481 481 481 481 481 480 480 480 480 479 479 479 479 479 478 478 478 478 593 593 593 593 593 592 592 592 592 591 591 591 591 590 590 590 590 590 589 589 589 589 588 588 588 588 588 414 414 414 414 413 413 413 413 412 412 412 412 412 411 411 411 411 410 410 410 410 410 409 409 409 409 408 408 408 408 407 407
698 698 698 697 697 697 697 697 483 483 483 483 482 482 482 482 482 481 481 481 481 480 480 480 480 480 479 479 479 479 478 478 478 478 478 593 593 593 593 592 592 592 592 592 591 591 591 591 590 590 590 590 589 589 589 589 589 588 588 588 588 414 414 414 414 414 413 413 413 413 412 412 412 412 412 411 411 411 411 410 410 410 410 409 409 409 409 409 408 408 408 408 407 407
698 698 698 697 697 697 697 696 696 696 696 696 482 482 482 482 481 481 481 481 481 480 480 480 480 479 479 479 479 479 478 478 478 478 477 593 593 593 593 592 592 592 592 591 591 591 591 591 590 590 590 590 589 589 589 589 589 588 588 415 415 414 414 414 414 413 413 413 413 413 412 412 412 412 411 411 411 411 411 410 410 410 410 409 409 409 409 408 408 408 408 408 407 407
698 698 697 697 697 697 697 696 696 696 696 695 695 695 695 482 481 481 481 481 480 480 480 480 480 479 479 479 479 478 478 478 478 478 477 477 593 593 592 592 592 592 592 591 591 591 591 590 590 590 590 590 589 589 589 589 588 588 415 415 415 414 414 414 414 413 413 413 413 412 412 412 412 412 411 411 411 411 410 410 410 410 410 409 409 409 409 408 408 408 408 407 407 407
698 698 697 697 697 697 696 696 696 696 696 695 695 695 695 694 694 694 694 481 480 480 480 480 479 479 479 479 479 478 478 478 478 477 477 477 593 593 592 592 592 592 591 591 591 591 591 590 590 590 590 589 589 589 589 589 415 415 415 415 414 414 414 414 414 413 413 413 413 412 412 412 412 411 411 411 411 411 410 410 410 410 409 409 409 409 409 408 408 408 408 407 407 407
698 697 697 697 697 697 696 696 696 696 696 695 695 695 695 694 694 694 694 694 693 693 480 480 479 479 479 479 479 478 478 478 478 477 477 477 593 593 592 592 592 592 591 591 591 591 590 590 590 590 590 589 589 589 416 415 415 415 415 415 414 414 414 414 413 413 413 413 413 412 412 412 412 411 411 411 411 410 410 410 410 410 409 409 409 409 408 408 408 408 408 407 407 407
698 697 697 697 697 697 696 696 696 696 695 695 695 695 695 694 694 694 694 693 693 693 693 693 692 479 479 479 478 478 478 478 478 477 477 477 477 592 592 592 592 592 591 591 591 591 590 590 590 590 590 589 589 416 416 415 415 415 415 414 414 414 414 414 413 413 413 413 412 412 412 412 412 411 411 411 411 410 410 410 410 410 409 409 409 409 408 408 408 408 407 407 407 407
698 697 697 697 697 696 696 696 696 696 695 695 695 695 694 694 694 694 694 693 693 693 693 692 692 692 692 692 478 478 478 478 477 477 477 477 477 592 592 592 592 591 591 591 591 591 590 590 590 590 589 416 416 416 416 415 415 415 415 414 414 414 414 413 413 413 413 413 412 412 412 412 411 411 411 411 411 410 410 410 410 409 409 409 409 409 408 408 408 408 407 407 407 407
697 697 697 697 697 696 696 696 696 695 695 695 695 695 694 694 694 694 693 693 693 693 693 692 692 692 692 691 691 691 691 478 477 477 477 477 476 592 592 592 592 591 591 591 591 590 590 590 590 417 416 416 416 416 415 415 415 415 415 414 414 414 414 413 413 413 413 413 412 412 412 412 411 411 411 411 410 410 410 410 410 409 409 409 409 408 408 408 408 408 407 407 407 407
697 697 697 697 696 696 696 696 696 695 695 695 695 694 694 694 694 694 693 693 693 693 692 692 692 692 692 691 691 691 691 690 690 690 477 477 476 476 592 592 591 591 591 591 591 590 590 417 417 416 416 416 416 416 415 415 415 415 414 414 414 414 414 413 413 413 413 412 412 412 412 412 411 411 411 411 410 410 410 410 409 409 409 409 409 408 408 408 408 407 407 407 407 407
697 697 697 697 696 696 696 696 695 695 695 695 695 694 694 694 694 693 693 693 693 693 692 692 692 692 691 691 691 691 691 690 690 690 690 689 689 476 592 592 591 591 591 591 590 417 417 417 417 416 416 416 416 415 415 415 415 415 414 414 414 414 413 413 413 413 413 412 412 412 412 411 411 411 411 411 410 410 410 410 409 409 409 409 408 408 408 408 408 407 407 407 407 407
697 697 697 696 696 696 696 696 695 695 695 695 694 694 694 694 694 693 693 693 693 692 692 692 692 692 691 691 691 691 690 690 690 690 690 689 689 689 805 805 591 591 591 591 417 417 417 417 416 416 416 416 416 415 415 415 415 414 414 414 414 414 413 413 413 413 412 412 412 412 412 411 411 411 411 410 410 410 410 410 409 409 409 409 408 408 408 408 408 407 407 407 407 407
697 697 697 696 696 696 696 695 695 695 695 695 694 694 694 694 693 693 693 693 693 692 692 692 692 692 691 691 691 691 690 690 690 690 690 689 689 689 689 804 804 804 418 418 417 417 417 417 416 416 416 416 416 415 415 415 415 414 414 414 414 414 413 413 413 413 412 412 412 412 411 411 411 411 411 410 410 410 410 409 409 409 409 409 408 408 408 408 407 407 407 407 407 407
697 697 696 696 696 696 696 695 695 695 695 694 694 694 694 694 693 693 693 693 693 692 692 692 692 691 691 691 691 691 690 690 690 690 689 689 689 689 689 804 631 631 631 630 630 417 417 417 416 416 416 416 415 415 415 415 415 414 414 414 414 413 413 413 413 413 412 412 412 412 411 411 411 411 410 410 410 410 410 409 409 409 409 408 408 408 408 408 407 407 407 407 407 407
697 697 696 696 696 696 695 695 695 695 695 694 694 694 694 694 693 693 693 693 692 692 692 692 692 691 691 691 691 690 690 690 690 690 689 689 689 689 515 515 631 631 631 630 630 630 630 416 416 416 416 416 415 415 415 415 414 414 414 414 414 413 413 413 413 412 412 412 412 412 411 411 411 411 410 410 410 410 410 409 409 409 409 408 408 408 408 407 407 407 407 407 407 407
697 696 696 696 696 696 695 695 695 695 694 694 694 694 694 693 693 693 693 693 692 692 692 692 691 691 691 691 691 690 690 690 690 689 689 689 516 516 515 515 631 631 630 630 630 630 630 629 629 629 416 415 415 415 415 415 414 414 414 414 413 413 413 413 413 412 412 412 412 411 411 411 411 411 410 410 410 410 409 409 409 409 409 408 408 408 408 407 407 407 407 407 407 407
697 696 696 696 696 695 695 695 695 695 694 694 694 694 694 693 693 693 693 692 692 692 692 692 691 691 691 691 690 690 690 690 690 689 516 516 516 515 515 515 631 631 630 630 630 630 629 629 629 629 629 628 415 415 415 414 414 414 414 414 413 413 413 413 412 412 412 412 412 411 411 411 411 410 410 410 410 410 409 409 409 409 408 408 408 408 408 407 407 407 407 407 407 407
696 696 696 696 696 695 695 695 695 695 694 694 694 694 693 693 693 693 693 692 692 692 692 691 691 691 691 691 690 690 690 690 516 516 516 516 516 515 515 515 515 630 630 630 630 630 629 629 629 629 628 628 628 628 628 414 414 414 414 413 413 413 413 413 412 412 412 412 411 411 411 411 411 410 410 410 410 409 409 409 409 409 408 408 408 408 407 407 407 407 407 407 407 407
696 696 696 696 695 695 695 695 695 694 694 694 694 694 693 693 693 693 692 692 692 692 692 691 691 691 691 690 690 690 517 517 516 516 516 516 515 515 515 515 515 630 630 630 630 630 629 629 629 629 628 628 628 628 628 627 627 414 414 413 413 413 413 413 412 412 412 412 411 411 411 411 410 410 410 410 410 409 409 409 409 408 408 408 408 408 407 407 407 407 407 407 407 407
696 696 696 696 695 695 695 695 695 694 694 694 694 693 693 693 693 693 692 692 692 692 691 691 691 691 691 517 517 517 517 516 516 516 516 516 515 515 515 515 515 630 630 630 630 629 629 629 629 629 628 628 628 628 627 627 627 627 627 413 413 413 413 412 412 412 412 412 411 411 411 411 410 410 410 410 410 409 409 409 409 408 408 408 408 407 407 407 407 407 407 407 407 407
696 696 696 695 695 695 695 695 694 694 694 694 694 693 693 693 693 692 692 692 692 692 691 691 691 518 517 517 517 517 517 516 516 516 516 516 515 515 515 515 514 514 630 630 630 629 629 629 629 628 628 628 628 628 627 627 627 627 626 626 626 413 413 412 412 412 412 411 411 411 411 411 410 410 410 410 409 409 409 409 409 408 408 408 408 407 407 407 407 407 407 407 407 407
696 696 696 695 695 695 695 695 694 694 694 694 693 693 693 693 693 692 692 692 692 691 691 518 518 518 517 517 517 517 517 516 516 516 516 515 515 515 515 515 514 514 630 630 629 629 629 629 629 628 628 628 628 627 627 627 627 627 626 626 626 626 625 625 412 412 412 411 411 411 411 410 410 410 410 410 409 409 409 409 408 408 408 408 408 407 407 407 407 407 407 407 407 407
696 696 695 695 695 695 695 694 694 694 694 694 693 693 693 693 692 692 692 692 692 518 518 518 518 518 517 517 517 517 516 516 516 516 516 515 515 515 515 514 514 514 514 630 629 629 629 629 628 628 628 628 628 627 627 627 627 626 626 626 626 626 625 625 625 625 411 411 411 411 411 410 410 410 410 409 409 409 409 409 408 408 408 408 407 407 407 407 407 407 407 407 407 407
696 696 695 695 695 695 695 694 694 694 694 693 693 693 693 693 692 692 519 519 518 518 518 518 518 517 517 517 517 517 516 516 516 516 515 515 515 515 515 514 514 514 514 629 629 629 629 629 628 628 628 628 627 627 627 627 627 626 626 626 626 625 625 625 625 625 624 624 411 411 410 410 410 410 410 409 409 409 409 408 408 408 408 408 407 407 407 407 407 407 407 407 407 407
696 695 695 695 695 695 694 694 694 694 694 693 693 693 693 692 519 519 519 519 518 518 518 518 518 517 517 517 517 516 516 516 516 516 515 515 515 515 514 514 514 514 514 629 629 629 629 628 628 628 628 628 627 627 627 627 626 626 626 626 626 625 625 625 625 625 624 624 624 624 410 410 410 410 410 409 409 409 409 408 408 408 408 407 407 407 407 407 407 407 407 407 407 407
696 695 695 695 695 695 694 694 694 694 693 693 693 520 520 519 519 519 519 518 518 518 518 518 517 517 517 517 517 516 516 516 516 515 515 515 515 515 514 514 514 514 513 513 629 629 629 628 628 628 628 627 627 627 627 627 626 626 626 626 626 625 625 625 625 624 624 624 624 624 623 623 410 410 409 409 409 409 409 408 408 408 408 407 407 407 407 407 407 407 407 407 407 407
695 695 695 695 695 694 694 694 694 694 693 520 520 520 519 519 519 519 519 518 518 518 518 518 517 517 517 517 516 516 516 516 516 515 515 515 515 514 514 514 514 514 513 513 629 629 629 628 628 628 628 627 627 627 627 627 626 626 626 626 625 625 625 625 625 624 624 624 624 623 623 623 623 623 409 409 409 409 408 408 408 408 408 407 407 407 407 407 407 407 407 407 407 407
695 695 695 695 695 694 694 694 521 520 520 520 520 520 519 519 519 519 518 518 518 518 518 517 517 517 517 517 516 516 516 516 515 515 515 515 515 514 514 514 514 513 513 513 513 629 628 628 628 628 628 627 627 627 627 626 626 626 626 626 625 625 625 625 624 624 624 624 624 623 623 623 623 622 622 622 409 409 408 408 408 408 407 407 407 407 407 407 407 407 407 407 407 407
695 695 695 695 694 694 521 521 521 520 520 520 520 519 519 519 519 519 518 518 518 518 518 517 517 517 517 516 516 516 516 516 515 515 515 515 514 514 514 514 514 513 513 513 513 629 628 628 628 628 627 627 627 627 627 626 626 626 626 625 625 625 625 625 624 624 624 624 623 623 623 623 623 622 622 622 622 621 408 408 408 408 407 407 407 407 407 407 407 407 407 407 407 407
695 695 695 521 521 521 521 521 520 520 520 520 520 519 519 519 519 518 518 518 518 518 517 517 517 517 517 516 516 516 516 515 515 515 515 515 514 514 514 514 514 513 513 513 513 512 628 628 628 628 627 627 627 627 626 626 626 626 626 625 625 625 625 624 624 624 624 624 623 623 623 623 622 622 622 622 622 621 621 621 408 407 407 407 407 407 407 407 407 407 407 407 407 407
522 522 522 521 521 521 521 521 520 520 520 520 519 519 519 519 519 518 518 518 518 518 517 517 517 517 516 516 516 516 516 515 515 515 515 514 514 514 514 514 513 513 513 513 513 512 628 628 628 627 627 627 627 627 626 626 626 626 625 625 625 625 625 624 624 624 624 623 623 623 623 623 622 622 622 622 621 621 621 621 621 407 407 407 407 407 407 407 407 407 407 407 407 407
522 522 521 521 521 521 521 520 520 520 520 520 519 519 519 519 518 518 518 518 518 517 517 517 517 517 516 516 516 516 515 515 515 515 515 514 514 514 514 514 513 513 513 513 512 512 628 628 628 627 627 627 627 626 626 626 626 626 625 625 625 625 624 624 624 624 624 623 623 623 623 623 622 622 622 622 621 621 621 621 621 620 620 407 407 407 407 407 407 407 407 407 407 407
522 522 521 521 521 521 521 520 520 520 520 519 519 519 519 519 518 518 518 518 518 517 517 517 517 516 516 516 516 516 515 515 515 515 515 514 514 514 514 513 513 513 513 513 512 512 512 628 627 627 627 627 627 626 626 626 626 625 625 625 625 625 624 624 624 624 624 623 623 623 623 622 622 622 622 622 621 621 621 621 620 620 620 620 620 407 407 407 407 407 407 407 407 407
522 521 521 521 521 521 520 520 520 520 520 519 519 519 519 518 518 518 518 518 517 517 517 517 517 516 516 516 516 515 515 515 515 515 514 514 514 514 514 513 513 513 513 512 512 512 512 628 627 627 627 627 626 626 626 626 626 625 625 625 625 625 624 624 624 624 623 623 623 623 623 622 622 622 622 621 621 621 621 621 620 620 620 620 620 620 620 407 407 407 407 407 407 407
522 521 521 521 521 521 520 520 520 520 519 519 519 519 519 518 518 518 518 518 517 517 517 517 516 516 516 516 516 515 515 515 515 515 514 514 514 514 513 513 513 513 513 512 512 512 512 511 627 627 627 627 626 626 626 626 626 625 625 625 625 624 624 624 624 624 623 623 623 623 622 622 622 622 622 621 621 621 621 620 620 620 620 620 620 620 620 620 620 407 407 407 407 407
521 521 521 521 521 520 520 520 520 520 519 519 519 519 518 518 518 518 518 517 517 517 517 517 516 516 516 516 515 515 515 515 515 514 514 514 514 514 513 513 513 513 512 512 512 512 512 511 627 627 627 626 626 626 626 626 625 625 625 625 625 624 624 624 624 623 623 623 623 623 622 622 622 622 621 621 621 621 621 620 620 620 620 620 620 620 620 620 620 620 407 407 407 407
521 521 521 521 520 520 520 520 520 519 519 519 519 519 518 518 518 518 518 517 517 517 517 516 516 516 516 516 515 515 515 515 515 514 514 514 514 513 513 513 513 513 512 512 512 512 511 511 511 627 627 626 626 626 626 626 625 625 625 625 624 624 624 624 624 623 623 623 623 622 622 622 622 622 621 621 621 621 620 620 620 620 620 620 620 620 620 620 620 620 620 620 407 407
