testData/tiles/oneDegree/grid5.0-23.0-6.0-24.0.asc
ncols   200
nrows   200
xllcorner   5.0
yllcorner   23.0
cellsize   0.005
NODATA_value   -9999.0
[rows 0 to 41 of 200, columns 0 to 93 of 200]
321 321 321 322 322 322 322 323 323 323 323 324 324 324 324 325 325 325 325 326 326 326 326 326 327 327 327 327 327 328 328 328 328 328 329 329 329 329 329 329 330 330 330 330 330 330 331 331 331 331 331 331 331 332 332 332 332 332 332 332 332 333 333 333 333 333 333 333 333 334 334 334 334 334 334 334 334 334 334 334 335 335 335 335 335 335 335 335 335 335 335 335 335 335
321 321 322 322 322 322 323 323 323 323 324 324 324 324 325 325 325 325 325 326 326 326 326 326 327 327 327 327 327 328 328 328 328 328 329 329 329 329 329 330 330 330 330 330 330 331 331 331 331 331 331 331 332 332 332 332 332 332 332 332 333 333 333 333 333 333 333 333 334 334 334 334 334 334 334 334 334 334 335 335 335 335 335 335 335 335 335 335 335 335 335 335 336 336
321 321 322 322 322 322 323 323 323 323 324 324 324 324 325 325 325 325 326 326 326 326 326 327 327 327 327 327 328 328 328 328 328 329 329 329 329 329 329 330 330 330 330 330 330 331 331 331 331 331 331 332 332 332 332 332 332 332 332 333 333 333 333 333 333 333 333 334 334 334 334 334 334 334 334 334 334 335 335 335 335 335 335 335 335 335 335 335 335 335 336 336 336 336
321 322 322 322 322 323 323 323 323 324 324 324 324 325 325 325 325 325 326 326 326 326 327 327 327 327 327 328 328 328 328 328 328 329 329 329 329 329 330 330 330 330 330 330 331 331 331 331 331 331 331 332 332 332 332 332 332 332 333 333 333 333 333 333 333 333 334 334 334 334 334 334 334 334 334 334 335 335 335 335 335 335 335 335 335 335 335 335 335 336 336 336 336 336
321 322 322 322 322 323 323 323 323 324 324 324 324 325 325 325 325 326 326 326 326 326 327 327 327 327 327 328 328 328 328 328 329 329 329 329 329 330 330 330 330 330 330 331 331 331 331 331 331 331 332 332 332 332 332 332 332 333 333 333 333 333 333 333 333 334 334 334 334 334 334 334 334 334 334 335 335 335 335 335 335 335 335 335 335 335 335 336 336 336 336 336 336 336
322 322 322 322 323 323 323 323 324 324 324 324 325 325 325 325 325 326 326 326 326 327 327 327 327 327 328 328 328 328 328 329 329 329 329 329 329 330 330 330 330 330 330 331 331 331 331 331 331 332 332 332 332 332 332 332 333 333 333 333 333 333 333 333 334 334 334 334 334 334 334 334 334 334 335 335 335 335 335 335 335 335 335 335 335 335 336 336 336 336 336 336 336 336
322 322 322 322 323 323 323 323 324 324 324 324 325 325 325 325 326 326 326 326 326 327 327 327 327 327 328 328 328 328 328 329 329 329 329 329 330 330 330 330 330 330 331 331 331 331 331 331 332 332 332 332 332 332 332 333 333 333 333 333 333 333 333 334 334 334 334 334 334 334 334 334 335 335 335 335 335 335 335 335 335 335 335 335 336 336 336 336 336 336 336 336 336 336
322 322 322 323 323 323 323 324 324 324 324 325 325 325 325 325 326 326 326 326 327 327 327 327 327 328 328 328 328 328 329 329 329 329 329 329 330 330 330 330 330 331 331 331 331 331 331 331 332 332 332 332 332 332 332 333 333 333 333 333 333 333 334 334 334 334 334 334 334 334 334 335 335 335 335 335 335 335 335 335 335 335 335 336 336 336 336 336 336 336 336 336 336 336
322 322 322 323 323 323 323 324 324 324 324 325 325 325 325 326 326 326 326 326 327 327 327 327 327 328 328 328 328 328 329 329 329 329 329 330 330 330 330 330 330 331 331 331 331 331 331 332 332 332 332 332 332 332 333 333 333 333 333 333 333 334 334 334 334 334 334 334 334 334 335 335 335 335 335 335 335 335 335 335 335 336 336 336 336 336 336 336 336 336 336 336 336 336
322 322 323 323 323 323 324 324 324 324 325 325 325 325 325 326 326 326 326 327 327 327 327 327 328 328 328 328 328 329 329 329 329 329 330 330 330 330 330 330 331 331 331 331 331 331 332 332 332 332 332 332 332 333 333 333 333 333 333 333 333 334 334 334 334 334 334 334 334 335 335 335 335 335 335 335 335 335 335 335 336 336 336 336 336 336 336 336 336 336 336 336 336 336
322 322 323 323 323 323 324 324 324 324 325 325 325 325 326 326 326 326 326 327 327 327 327 328 328 328 328 328 329 329 329 329 329 329 330 330 330 330 330 331 331 331 331 331 331 331 332 332 332 332 332 332 333 333 333 333 333 333 333 333 334 334 334 334 334 334 334 334 335 335 335 335 335 335 335 335 335 335 335 336 336 336 336 336 336 336 336 336 336 336 336 336 336 337
322 322 323 323 323 323 324 324 324 324 325 325 325 325 326 326 326 326 327 327 327 327 327 328 328 328 328 328 329 329 329 329 329 330 330 330 330 330 330 331 331 331 331 331 331 332 332 332 332 332 332 332 333 333 333 333 333 333 333 334 334 334 334 334 334 334 334 335 335 335 335 335 335 335 335 335 335 335 336 336 336 336 336 336 336 336 336 336 336 336 336 337 337 337
322 323 323 323 323 324 324 324 324 325 325 325 325 326 326 326 326 326 327 327 327 327 328 328 328 328 328 329 329 329 329 329 329 330 330 330 330 330 331 331 331 331 331 331 332 332 332 332 332 332 332 333 333 333 333 333 333 333 334 334 334 334 334 334 334 334 334 335 335 335 335 335 335 335 335 335 336 336 336 336 336 336 336 336 336 336 336 336 336 336 337 337 337 337
322 323 323 323 323 324 324 324 324 325 325 325 325 326 326 326 326 327 327 327 327 327 328 328 328 328 328 329 329 329 329 329 330 330 330 330 330 330 331 331 331 331 331 331 332 332 332 332 332 332 333 333 333 333 333 333 333 334 334 334 334 334 334 334 334 334 335 335 335 335 335 335 335 335 335 336 336 336 336 336 336 336 336 336 336 336 336 336 337 337 337 337 337 337
323 323 323 323 324 324 324 324 325 325 325 325 326 326 326 326 326 327 327 327 327 328 328 328 328 328 329 329 329 329 329 329 330 330 330 330 330 331 331 331 331 331 331 332 332 332 332 332 332 333 333 333 333 333 333 333 333 334 334 334 334 334 334 334 334 335 335 335 335 335 335 335 335 335 336 336 336 336 336 336 336 336 336 336 336 336 336 337 337 337 337 337 337 337
323 323 323 323 324 324 324 324 325 325 325 325 326 326 326 326 327 327 327 327 327 328 328 328 328 328 329 329 329 329 329 330 330 330 330 330 331 331 331 331 331 331 332 332 332 332 332 332 332 333 333 333 333 333 333 333 334 334 334 334 334 334 334 334 335 335 335 335 335 335 335 335 335 336 336 336 336 336 336 336 336 336 336 336 336 337 337 337 337 337 337 337 337 337
323 323 323 324 324 324 324 325 325 325 325 325 326 326 326 326 327 327 327 327 327 328 328 328 328 329 329 329 329 329 330 330 330 330 330 330 331 331 331 331 331 331 332 332 332 332 332 332 333 333 333 333 333 333 333 334 334 334 334 334 334 334 334 335 335 335 335 335 335 335 335 335 336 336 336 336 336 336 336 336 336 336 336 336 337 337 337 337 337 337 337 337 337 337
323 323 323 324 324 324 324 325 325 325 325 326 326 326 326 327 327 327 327 327 328 328 328 328 328 329 329 329 329 329 330 330 330 330 330 331 331 331 331 331 331 332 332 332 332 332 332 333 333 333 333 333 333 333 334 334 334 334 334 334 334 334 335 335 335 335 335 335 335 335 335 336 336 336 336 336 336 336 336 336 336 336 336 337 337 337 337 337 337 337 337 337 337 337
323 323 323 324 324 324 324 325 325 325 325 326 326 326 326 327 327 327 327 327 328 328 328 328 329 329 329 329 329 330 330 330 330 330 330 331 331 331 331 331 331 332 332 332 332 332 332 333 333 333 333 333 333 333 334 334 334 334 334 334 334 335 335 335 335 335 335 335 335 335 336 336 336 336 336 336 336 336 336 336 336 337 337 337 337 337 337 337 337 337 337 337 337 337
323 323 324 324 324 324 325 325 325 325 326 326 326 326 326 327 327 327 327 328 328 328 328 328 329 329 329 329 329 330 330 330 330 330 331 331 331 331 331 331 332 332 332 332 332 332 333 333 333 333 333 333 333 334 334 334 334 334 334 334 334 335 335 335 335 335 335 335 335 336 336 336 336 336 336 336 336 336 336 336 337 337 337 337 337 337 337 337 337 337 337 337 337 337
323 323 324 324 324 324 325 325 325 325 326 326 326 326 327 327 327 327 327 328 328 328 328 329 329 329 329 329 330 330 330 330 330 330 331 331 331 331 331 332 332 332 332 332 332 332 333 333 333 333 333 333 334 334 334 334 334 334 334 334 335 335 335 335 335 335 335 335 335 336 336 336 336 336 336 336 336 336 336 337 337 337 438 337 337 337 337 337 337 337 337 337 337 338
323 324 324 324 324 325 325 325 325 326 326 326 326 326 327 327 327 327 328 328 328 328 328 329 329 329 329 329 330 330 330 330 330 331 331 331 331 331 331 332 332 332 332 332 332 333 333 333 333 333 333 333 334 334 334 334 334 435 435 436 436 436 436 436 436 436 436 436 437 437 437 437 437 437 437 437 437 437 438 438 438 438 438 438 438 438 438 438 438 438 438 438 439 439
323 324 324 324 324 325 325 325 325 326 326 326 326 327 327 327 327 327 328 328 328 328 329 329 329 329 329 330 330 330 330 330 330 331 331 331 331 331 332 332 332 332 332 332 333 333 434 434 434 434 434 435 435 435 435 435 435 435 436 436 436 436 436 436 436 436 436 437 437 437 437 437 437 437 437 437 437 438 438 438 438 438 438 438 438 438 438 438 438 438 439 439 439 439
323 324 324 324 324 325 325 325 325 326 326 326 326 327 327 327 327 328 328 328 328 328 329 329 329 329 329 330 330 330 330 330 331 331 331 331 331 331 433 433 433 433 433 433 434 434 434 434 434 434 435 435 435 435 435 435 435 435 436 436 436 436 436 436 436 436 437 437 437 437 437 437 437 437 437 437 438 438 438 438 438 438 438 438 438 438 438 438 438 439 439 439 439 439
324 324 324 324 325 325 325 325 326 326 326 326 326 327 327 327 327 328 328 328 328 328 329 329 329 329 330 330 330 330 330 431 432 432 432 432 432 433 433 433 433 433 433 434 434 434 434 434 434 434 435 435 435 435 435 435 435 436 436 436 436 436 436 436 436 437 437 437 437 437 437 437 437 437 437 438 438 438 438 438 438 438 438 438 438 438 438 438 439 439 439 439 439 439
324 324 324 324 325 325 325 325 326 326 326 326 327 327 327 327 327 328 328 328 328 329 329 329 329 430 431 431 431 431 431 432 432 432 432 432 432 433 433 433 433 433 433 434 434 434 434 434 434 435 435 435 435 435 435 435 436 436 436 436 436 436 436 436 437 437 437 437 437 437 437 437 437 437 438 438 438 438 438 438 438 438 438 438 438 438 439 439 439 439 439 439 439 439
324 324 324 324 325 325 325 325 326 326 326 326 327 327 327 327 328 328 328 328 429 430 430 430 430 430 431 431 431 431 431 432 432 432 432 432 433 433 433 433 433 433 434 434 434 434 434 434 434 435 435 435 435 435 435 435 436 436 436 436 436 436 436 436 437 437 437 437 437 437 437 437 437 438 438 438 438 438 438 438 438 438 438 438 438 439 439 439 439 439 439 439 439 439
324 324 324 325 325 325 325 326 326 326 326 327 327 327 327 428 429 429 429 429 430 430 430 430 430 431 431 431 431 431 432 432 432 432 432 432 433 433 433 433 433 433 434 434 434 434 434 434 435 435 435 435 435 435 435 436 436 436 436 436 436 436 436 437 437 437 437 437 437 437 437 437 438 438 438 438 438 438 438 438 438 438 438 438 439 439 439 439 439 439 439 439 439 439
324 324 324 325 325 325 325 326 326 326 427 428 428 428 428 429 429 429 429 429 430 430 430 430 430 431 431 431 431 431 432 432 432 432 432 433 433 433 433 433 433 434 434 434 434 434 434 435 435 435 435 435 435 435 436 436 436 436 436 436 436 436 437 437 437 437 437 437 437 437 437 438 438 438 438 438 438 438 438 438 438 438 438 439 439 439 439 439 439 439 439 439 439 439
324 324 325 325 325 325 427 427 427 427 427 428 428 428 428 429 429 429 429 430 430 430 430 430 431 431 431 431 431 432 432 432 432 432 432 433 433 433 433 433 433 434 434 434 434 434 434 435 435 435 435 435 435 435 436 436 436 436 436 436 436 436 437 437 437 437 437 437 437 437 437 438 438 438 438 438 438 438 438 438 438 438 439 439 439 439 439 439 439 439 439 439 439 439
324 324 426 426 426 426 427 427 427 427 428 428 428 428 428 429 429 429 429 430 430 430 430 430 431 431 431 431 431 432 432 432 432 432 433 433 433 433 433 433 434 434 434 434 434 434 435 435 435 435 435 435 435 436 436 436 436 436 436 436 436 437 437 437 437 437 437 437 437 437 438 438 438 438 438 438 438 438 438 438 438 439 439 439 439 439 439 439 439 439 439 439 439 439
425 425 426 426 426 426 427 427 427 427 428 428 428 428 429 429 429 429 429 430 430 430 430 431 431 431 431 431 432 432 432 432 432 432 433 433 433 433 433 433 434 434 434 434 434 434 435 435 435 435 435 435 435 436 436 436 436 436 436 436 437 437 437 437 437 437 437 437 437 438 438 438 438 438 438 438 438 438 438 438 439 439 439 439 439 439 439 439 439 439 439 439 439 439
425 426 426 426 426 427 427 427 427 428 428 428 428 428 429 429 429 429 430 430 430 430 430 431 431 431 431 431 432 432 432 432 432 433 433 433 433 433 433 434 434 434 434 434 434 435 435 435 435 435 435 435 436 436 436 436 436 436 436 436 437 437 437 437 437 437 437 437 438 438 438 438 438 438 438 438 438 438 438 439 439 439 439 439 439 439 439 439 439 439 439 439 439 440
425 426 426 426 426 427 427 427 427 428 428 428 428 429 429 429 429 429 430 430 430 430 430 431 431 431 431 431 432 432 432 432 432 433 433 433 433 433 433 434 434 434 434 434 434 435 435 435 435 435 435 436 436 436 436 436 436 436 436 437 437 437 437 437 437 437 437 438 438 438 438 438 438 438 438 438 438 438 439 439 439 439 439 439 439 439 439 439 439 439 439 439 440 440
425 426 426 426 426 427 427 427 427 428 428 428 428 429 429 429 429 429 430 430 430 430 431 431 431 431 431 432 432 432 432 432 433 433 433 433 433 433 434 434 434 434 434 434 435 435 435 435 435 435 435 436 436 436 436 436 436 436 437 437 437 437 437 437 437 437 437 438 438 438 438 438 438 438 438 438 438 439 439 439 439 439 439 439 439 439 439 439 439 439 440 440 440 440
426 426 426 426 427 427 427 427 428 428 428 428 428 429 429 429 429 430 430 430 430 430 431 431 431 431 431 432 432 432 432 432 433 433 433 433 433 433 434 434 434 434 434 434 435 435 435 435 435 435 436 436 436 436 436 436 436 436 437 437 437 437 437 437 437 437 438 438 438 438 438 438 438 438 438 438 439 439 439 439 439 439 439 439 439 439 439 439 439 440 440 440 440 440
426 426 426 426 427 427 427 427 428 428 428 428 429 429 429 429 429 430 430 430 430 431 431 431 431 431 432 432 432 432 432 432 433 433 433 433 433 434 434 434 434 434 434 435 435 435 435 435 435 435 436 436 436 436 436 436 436 437 437 437 437 437 437 437 437 438 438 438 438 438 438 438 438 438 438 439 439 439 439 439 439 439 439 439 439 439 439 439 440 440 440 440 440 440
426 426 426 426 427 427 427 427 428 428 428 428 429 429 429 429 430 430 430 430 430 431 431 431 431 431 432 432 432 432 432 433 433 433 433 433 433 434 434 434 434 434 434 435 435 435 435 435 435 436 436 436 436 436 436 436 437 437 437 437 437 437 437 437 437 438 438 438 438 438 438 438 438 438 439 439 439 439 439 439 439 439 439 439 439 439 439 440 440 440 440 440 440 440
426 426 426 427 427 427 427 428 428 428 428 428 429 429 429 429 430 430 430 430 430 431 431 431 431 431 432 432 432 432 432 433 433 433 433 433 434 434 434 434 434 434 435 435 435 435 435 435 435 436 436 436 436 436 436 436 437 437 437 437 437 437 437 437 438 438 438 438 438 438 438 438 438 439 439 439 439 439 439 439 439 439 439 439 439 439 440 440 440 440 440 440 440 440
426 426 426 427 427 427 427 428 428 428 428 429 429 429 429 429 430 430 430 430 431 431 431 431 431 432 432 432 432 432 433 433 433 433 433 433 434 434 434 434 434 434 435 435 435 435 435 435 436 436 436 436 436 436 436 437 437 437 437 437 437 437 437 438 438 438 438 438 438 438 438 438 438 439 439 439 439 439 439 439 439 439 439 439 439 440 440 440 440 440 440 440 440 440
426 426 426 427 427 427 427 428 428 428 428 429 429 429 429 430 430 430 430 430 431 431 431 431 431 432 432 432 432 432 433 433 433 433 433 434 434 434 434 434 434 435 435 435 435 435 435 435 436 436 436 436 436 436 436 437 437 437 437 437 437 437 437 438 438 438 438 438 438 438 438 438 439 439 439 439 439 439 439 439 439 439 439 439 440 440 440 440 440 440 440 440 440 440
426 426 427 427 427 427 428 428 428 428 428 429 429 429 429 430 430 430 430 430 431 431 431 431 432 432 432 432 432 432 433 433 433 433 433 434 434 434 434 434 434 435 435 435 435 435 435 436 436 436 436 436 436 436 437 437 437 437 437 437 437 437 438 438 438 438 438 438 438 438 438 439 439 439 439 439 439 439 439 439 439 439 439 440 440 440 440 440 440 440 440 440 440 440
