testData/tiles/oneDegree/grid17.0-38.0-18.0-39.0.asc
ncols   200
nrows   200
xllcorner   17.0
yllcorner   38.0
cellsize   0.005
NODATA_value   -9999.0
[rows 152 to 189 of 200, columns 0 to 85 of 200]
750 749 749 748 747 746 744 744 743 742 741 739 738 738 736 735 863 863 863 864 864 864 864 864 864 864 834 834 834 834 834 834 834 834 835 835 835 835 835 835 835 835 835 835 1005 1005 1005 1005 1005 1006 1008 1009 1011 1080 1081 1083 1086 1087 1089 1090 1092 1093 1095 1096 1097 1099 1100 1102 1103 1104 1105 1107 1108 1109 1110 1112 1113 1114 1115 1116 1117 1118 1120 1121 1122 1123
751 750 749 749 748 747 746 745 744 743 742 741 740 738 738 736 864 863 863 863 864 864 864 864 864 864 864 834 834 834 834 834 834 834 834 835 835 835 835 835 835 835 835 835 835 1005 1005 1005 1005 1006 1008 1010 1011 1013 1082 1083 1085 1087 1089 1091 1092 1094 1095 1096 1098 1099 1101 1102 1103 1105 1106 1107 1108 1110 1111 1112 1113 1114 1115 1117 1118 1119 1120 1121 1122 1123
752 751 750 750 749 748 747 746 745 745 743 742 741 740 739 738 865 864 863 863 863 864 864 864 864 864 864 864 834 834 834 834 834 834 834 834 835 835 835 835 835 835 835 835 835 835 1005 1005 1005 1007 1008 1010 1012 1013 1015 1084 1085 1087 1088 1090 1092 1094 1095 1097 1098 1100 1101 1102 1104 1105 1106 1107 1109 1110 1111 1112 1113 1115 1116 1117 1118 1119 1120 1121 1122 1123
753 752 751 750 750 749 748 747 746 746 745 743 742 741 740 739 867 866 864 863 863 863 864 864 864 864 864 864 864 834 834 834 834 834 834 834 834 835 835 835 835 835 835 835 835 835 1004 1005 1005 1007 1009 1010 1012 1014 1015 1084 1086 1087 1089 1090 1092 1093 1096 1097 1098 1100 1101 1103 1104 1105 1106 1108 1109 1110 1111 1113 1114 1115 1116 1117 1118 1119 1120 1121 1123 1124
754 753 752 751 751 750 749 748 747 746 746 745 744 742 741 740 868 867 866 864 863 863 864 864 864 864 864 864 864 864 834 834 834 834 834 834 834 834 835 835 835 835 835 835 835 835 835 1004 1005 1007 1009 1011 1013 1014 1016 1017 1086 1088 1089 1091 1092 1094 1095 1096 1099 1100 1102 1103 1104 1105 1107 1108 1109 1110 1112 1113 1114 1115 1116 1117 1119 1120 1121 1122 1123 1124
755 754 753 752 751 751 750 749 748 747 746 746 745 744 742 741 869 869 867 866 864 863 863 864 864 864 864 864 864 864 864 834 834 834 834 834 834 834 834 835 835 835 835 835 835 835 835 835 1005 1007 1009 1011 1013 1015 1016 1018 1019 1088 1089 1091 1092 1094 1095 1097 1098 1099 1102 1103 1104 1106 1107 1108 1110 1111 1112 1113 1114 1115 1117 1118 1119 1120 1121 1122 1123 1124
756 755 754 753 752 751 751 750 749 748 747 747 746 745 744 871 870 870 869 867 866 864 863 863 864 864 864 864 864 864 864 864 834 834 834 834 834 834 834 834 835 835 835 835 835 835 835 835 1005 1007 1009 1011 1013 1015 1017 1018 1020 1021 1090 1091 1093 1094 1096 1097 1098 1100 1101 1102 1104 1106 1107 1109 1110 1111 1112 1113 1115 1116 1117 1118 1119 1120 1121 1122 1123 1124
756 756 755 754 753 752 752 751 750 749 748 747 747 746 745 873 871 870 870 869 867 866 864 863 863 864 864 864 864 864 864 864 864 834 834 834 834 834 834 834 834 834 835 835 835 835 835 835 837 1007 1009 1011 1013 1015 1017 1018 1020 1022 1090 1092 1093 1095 1096 1097 1099 1100 1101 1103 1104 1105 1107 1108 1109 1111 1112 1114 1115 1116 1117 1118 1119 1120 1122 1123 1124 1125
756 756 756 755 754 753 752 752 751 750 749 748 747 747 746 874 873 871 870 870 869 867 866 864 863 863 864 864 864 864 864 864 864 864 834 834 834 834 834 834 834 834 834 835 835 835 835 835 837 839 1010 1011 1013 1015 1016 1019 1020 1022 1023 1092 1093 1095 1096 1098 1099 1100 1102 1103 1104 1106 1107 1108 1109 1111 1112 1113 1114 1115 1117 1119 1120 1121 1122 1123 1124 1125
757 756 757 756 755 754 753 752 752 751 750 749 748 748 747 875 874 873 871 870 870 869 867 866 864 863 863 864 864 864 864 864 864 864 864 834 834 834 834 834 834 834 834 834 835 835 835 836 837 839 841 1012 1013 1015 1017 1018 1020 1022 1024 1025 1094 1095 1097 1098 1099 1101 1102 1103 1105 1106 1107 1108 1110 1111 1112 1113 1114 1116 1117 1118 1119 1120 1121 1122 1123 1124
758 757 757 757 756 755 754 753 753 752 751 750 749 748 748 876 875 874 873 872 870 870 869 867 866 864 863 863 864 864 864 864 864 864 864 864 834 834 834 834 834 834 834 834 834 835 835 836 838 839 841 843 1014 1015 1017 1018 1020 1022 1023 1026 1027 1095 1097 1098 1100 1101 1102 1104 1105 1106 1107 1109 1110 1111 1112 1113 1115 1116 1117 1118 1119 1120 1121 1122 1123 1124
759 758 757 757 757 756 755 754 753 753 752 751 750 749 748 877 876 875 874 873 872 871 870 869 867 866 864 863 863 864 864 864 864 864 864 864 864 834 834 834 834 834 834 834 834 834 834 836 838 840 842 843 1014 1016 1017 1019 1020 1022 1023 1025 1026 1029 1097 1099 1100 1101 1103 1104 1105 1106 1108 1109 1110 1111 1113 1114 1115 1116 1117 1118 1119 1120 1122 1123 1124 1125
760 759 758 757 758 757 756 755 754 753 753 752 751 750 878 877 877 876 875 874 873 871 871 870 869 867 866 864 863 863 864 864 864 864 864 864 864 864 834 834 834 834 834 834 834 834 834 836 838 840 842 844 845 1016 1017 1019 1021 1022 1024 1025 1027 1028 1096 1099 1100 1102 1103 1104 1105 1107 1108 1109 1110 1112 1113 1114 1115 1116 1117 1119 1120 1121 1122 1123 1124 1125
761 760 759 758 757 758 757 756 755 754 753 753 752 751 879 878 877 877 876 875 874 873 871 871 870 869 867 866 864 863 863 864 864 864 864 864 864 864 864 834 834 834 834 834 834 834 834 836 838 839 842 844 846 847 1018 1019 1021 1022 1024 1025 1027 1028 1030 1098 1099 1101 1103 1104 1106 1107 1108 1110 1111 1112 1113 1114 1115 1117 1118 1119 1120 1121 1122 1123 1124 1125
760 761 760 759 758 757 758 757 756 755 754 754 753 752 880 879 878 878 877 876 875 874 873 871 871 870 868 867 866 864 863 863 864 864 864 864 864 864 864 864 834 834 834 834 834 834 834 836 838 840 842 843 846 848 849 1020 1021 1023 1024 1026 1027 1029 1030 1031 1100 1101 1102 1104 1105 1107 1109 1110 1111 1112 1113 1115 1116 1117 1118 1119 1120 1121 1122 1123 1124 1125
761 761 761 760 759 758 757 758 757 756 755 754 754 753 881 880 879 878 878 877 876 875 874 873 871 871 870 868 867 866 864 863 863 864 864 864 864 864 864 864 833 833 834 834 834 834 835 837 838 840 842 844 845 848 849 851 1022 1023 1025 1026 1027 1029 1030 1032 1033 1101 1103 1104 1105 1107 1108 1109 1110 1112 1114 1115 1116 1117 1118 1119 1120 1121 1123 1124 1125 1126
762 761 761 761 760 759 758 758 758 757 756 755 754 754 882 881 880 879 878 878 877 876 875 874 873 871 871 870 868 867 865 864 863 863 864 864 864 864 864 864 864 833 833 834 834 834 835 837 839 840 842 844 846 847 849 851 853 1023 1025 1026 1028 1029 1031 1032 1033 1035 1103 1104 1106 1107 1108 1109 1111 1112 1113 1114 1115 1116 1117 1120 1121 1122 1123 1124 1125 1126
763 762 761 761 761 760 759 758 758 758 757 756 755 754 883 882 881 880 879 878 878 877 876 875 874 873 871 871 870 868 867 865 864 863 863 864 864 864 864 864 864 864 833 833 834 834 835 837 839 841 843 844 846 847 849 851 852 1024 1025 1027 1028 1029 1031 1032 1034 1035 1103 1105 1106 1107 1108 1110 1111 1112 1113 1114 1115 1117 1118 1119 1120 1121 1122 1123 1124 1125
763 763 762 762 761 761 760 759 758 758 758 757 756 884 883 883 882 881 880 879 878 878 877 876 875 874 872 871 871 870 868 867 865 864 863 863 864 864 864 864 864 864 864 833 833 833 836 838 839 841 843 844 846 848 849 851 852 854 1024 1027 1028 1030 1031 1033 1034 1035 1037 1105 1106 1107 1109 1110 1111 1112 1113 1115 1116 1117 1118 1119 1120 1121 1122 1123 1124 1125
764 763 763 762 762 761 761 760 759 758 758 758 757 885 884 884 883 882 881 880 879 878 878 877 876 875 874 872 871 871 870 868 867 865 864 863 863 864 864 864 864 864 864 864 833 833 835 837 840 841 843 845 846 848 850 851 853 854 856 1026 1028 1029 1031 1033 1034 1035 1037 1038 1106 1108 1109 1110 1111 1112 1114 1115 1116 1117 1118 1119 1120 1121 1123 1124 1125 1126
765 764 763 763 762 762 761 761 760 759 759 758 758 886 885 884 884 883 882 881 880 879 878 878 877 876 875 874 872 871 871 869 868 867 865 863 863 863 863 864 864 864 864 864 864 834 835 837 839 842 843 845 847 848 850 851 853 854 856 857 1028 1029 1031 1032 1034 1036 1037 1038 1040 1108 1109 1110 1112 1113 1114 1115 1116 1117 1118 1120 1121 1122 1123 1124 1125 1126
765 765 764 763 763 762 762 761 761 760 759 759 758 887 886 885 884 884 883 882 881 880 879 878 878 877 876 875 873 872 871 871 869 868 866 865 863 863 863 863 864 864 864 864 864 865 836 838 839 841 843 845 847 849 850 852 853 855 856 858 859 1030 1031 1032 1034 1035 1036 1038 1040 1041 1109 1111 1112 1113 1114 1115 1116 1118 1119 1120 1121 1122 1123 1124 1125 1126
765 766 765 764 763 763 762 762 761 761 760 759 759 887 887 886 885 884 884 883 882 881 880 879 878 878 877 876 875 873 872 871 871 869 868 866 865 863 863 863 863 864 864 864 864 865 867 838 840 841 843 845 846 849 850 852 854 855 857 858 859 861 1031 1033 1034 1035 1037 1038 1039 1040 1042 1110 1112 1113 1114 1116 1117 1118 1119 1120 1121 1122 1123 1124 1125 1126
766 765 766 765 764 763 763 763 762 761 761 760 759 888 887 886 886 885 884 884 883 882 881 880 879 878 878 877 876 874 873 872 871 869 869 868 866 865 863 863 863 863 863 864 864 866 867 869 840 842 843 845 847 848 850 852 854 855 857 858 860 861 862 1033 1034 1035 1037 1038 1039 1041 1042 1043 1111 1112 1114 1115 1116 1118 1119 1120 1121 1122 1123 1124 1125 1127
767 766 765 766 765 764 763 763 763 762 761 761 760 888 888 887 886 886 885 884 884 883 882 881 880 879 878 878 877 876 874 873 872 871 869 869 867 866 864 863 863 863 863 863 864 866 868 869 871 842 844 845 847 848 850 852 853 856 857 859 860 861 863 864 1034 1036 1037 1038 1040 1041 1042 1043 1044 1113 1114 1115 1116 1117 1118 1119 1121 1122 1123 1124 1125 1126
767 767 766 765 766 765 764 763 763 763 762 761 890 889 888 888 887 886 885 885 884 884 883 882 881 880 879 878 878 877 875 874 873 872 870 869 869 867 866 864 863 863 863 863 863 865 868 870 871 842 844 846 847 849 850 852 853 855 856 859 860 862 863 864 866 1036 1037 1039 1040 1041 1042 1044 1045 1113 1114 1115 1116 1117 1119 1120 1121 1122 1123 1124 1125 1126
768 767 767 766 766 766 765 764 763 763 763 762 890 889 889 888 888 887 886 885 885 884 884 883 882 881 880 879 878 878 876 875 874 873 872 870 869 868 867 866 864 863 863 863 864 865 867 869 872 873 844 846 847 849 851 852 854 855 857 858 859 861 863 865 866 867 1038 1039 1040 1041 1043 1044 1045 1046 1114 1115 1117 1118 1119 1120 1121 1122 1123 1124 1125 1126
769 768 767 767 766 766 766 765 764 763 763 763 891 890 889 889 888 888 887 886 885 884 884 884 883 882 881 880 879 878 877 876 875 874 873 871 870 869 867 867 865 864 863 863 864 866 868 869 871 874 875 846 848 849 851 852 854 855 857 858 860 861 862 864 865 867 869 1039 1040 1042 1043 1044 1045 1046 1048 1116 1117 1118 1119 1120 1121 1122 1123 1124 1125 1126
768 769 768 767 767 766 766 765 765 764 763 763 892 891 890 889 889 888 888 887 886 885 884 883 883 883 882 881 880 878 877 876 876 875 874 873 871 870 869 867 867 865 864 863 864 866 868 870 871 873 875 877 848 850 851 853 854 856 857 859 860 861 863 864 865 867 868 869 1041 1042 1043 1044 1045 1047 1048 1049 1117 1118 1119 1120 1121 1122 1124 1125 1126 1127
769 768 769 768 767 767 766 766 765 765 764 763 891 892 891 890 889 888 888 888 887 886 885 884 883 883 882 881 880 879 878 877 876 876 875 874 872 871 870 868 867 866 865 863 865 866 868 870 872 873 875 877 878 850 851 853 854 856 857 859 860 862 863 864 866 867 868 870 871 1041 1042 1043 1045 1047 1048 1049 1050 1118 1119 1121 1122 1123 1124 1125 1126 1127
770 769 768 769 768 767 767 766 766 765 765 764 892 892 892 891 890 889 888 888 888 887 886 885 884 883 883 882 881 880 879 878 877 876 876 875 873 872 871 870 868 867 865 865 865 867 868 870 872 874 875 877 878 880 851 852 855 856 858 859 860 862 863 865 866 867 868 870 871 872 1042 1044 1045 1046 1047 1048 1049 1051 1119 1120 1122 1123 1124 1125 1126 1127
770 770 769 769 769 768 767 766 766 766 765 765 893 892 892 892 891 890 889 888 887 888 887 886 885 884 883 882 882 881 880 879 878 877 876 875 875 873 872 871 869 868 867 865 865 867 869 870 872 874 875 877 879 880 851 852 854 855 858 859 861 862 863 865 866 867 869 870 871 872 874 1044 1045 1046 1047 1049 1050 1051 1052 1120 1121 1122 1123 1124 1125 1126
771 770 769 769 769 768 768 767 766 766 766 765 894 893 892 892 891 891 890 889 888 887 888 887 886 885 884 883 882 882 881 880 879 878 877 876 875 874 873 872 871 869 868 867 867 867 868 871 872 874 876 877 879 881 882 853 854 856 857 858 861 862 864 865 866 868 869 870 871 873 874 875 1045 1046 1048 1049 1050 1051 1052 1053 1121 1122 1123 1124 1125 1126
771 771 770 769 769 769 768 768 767 766 766 895 894 893 893 892 892 891 891 890 889 888 887 887 887 886 885 884 883 882 882 881 880 879 878 877 876 874 874 873 872 870 869 869 869 869 869 870 872 874 876 878 879 881 882 884 854 856 857 859 860 861 863 865 867 868 869 870 872 873 874 875 876 1047 1048 1049 1050 1051 1052 1053 1054 1122 1124 1125 1126 1127
771 771 771 770 769 769 769 768 768 767 766 896 895 894 893 893 892 892 891 890 890 889 888 887 887 886 886 885 884 883 882 882 881 880 879 878 876 875 874 873 873 871 870 870 870 871 870 871 872 874 875 878 879 881 883 884 886 856 858 859 860 862 863 864 866 867 868 871 872 873 874 875 877 878 1048 1049 1050 1051 1052 1054 1055 1056 1124 1125 1126 1127
772 771 771 771 770 769 769 769 768 768 767 895 895 895 894 893 893 892 892 891 890 890 889 888 887 887 886 885 884 884 883 882 881 881 880 879 877 876 875 874 873 873 871 871 871 872 873 872 872 874 876 877 879 881 883 884 886 887 858 859 861 862 863 865 866 867 869 870 871 872 874 876 877 878 879 1049 1050 1052 1053 1054 1055 1056 1057 1125 1126 1127
772 771 771 771 771 770 769 769 769 768 768 896 895 895 895 894 893 892 892 891 891 890 889 889 888 887 887 886 885 884 883 882 881 880 880 879 878 877 876 875 874 873 871 873 873 873 874 874 874 874 876 877 879 881 882 885 886 888 889 859 861 862 864 865 866 867 869 870 871 872 874 875 876 877 878 880 1050 1051 1053 1054 1055 1056 1057 1058 1126 1127
773 772 771 772 771 770 770 769 769 769 768 896 896 895 895 895 894 893 892 892 891 891 890 889 889 888 887 886 886 885 884 883 882 881 880 880 879 878 877 876 875 874 872 873 874 874 875 875 876 875 876 878 879 881 882 884 885 888 889 860 861 862 864 865 866 868 869 870 871 873 874 875 876 877 879 880 881 882 1052 1053 1054 1055 1056 1057 1058 1126
