testData/tiles/oneDegree/grid10.0-25.0-11.0-26.0.asc
ncols   200
nrows   200
xllcorner   10.0
yllcorner   25.0
cellsize   0.005
NODATA_value   -9999.0
[rows 0 to 41 of 200, columns 94 to 187 of 200]
333 333 332 331 331 330 329 329 328 327 326 326 325 324 323 323 323 341 341 340 341 340 339 339 338 337 338 337 336 336 335 334 334 333 332 331 331 330 329 328 327 326 325 324 323 322 320 318 317 316 314 313 312 310 309 307 305 304 303 301 299 297 296 293 292 291 289 288 287 286 285 283 283 281 280 279 278 277 275 274 273 271 269 269 267 265 264 262 261 259 256 255 253 252
333 333 332 331 331 330 329 329 328 327 326 326 325 324 323 323 323 341 340 340 340 340 339 338 338 337 337 337 336 335 335 334 333 332 331 331 331 330 329 328 327 326 325 324 322 321 319 318 317 315 314 313 311 310 309 306 305 304 302 301 298 297 296 293 292 291 289 288 288 286 285 284 283 281 281 279 279 277 275 275 273 271 270 269 267 266 264 263 261 259 257 255 253 253
333 333 332 331 331 330 329 329 328 327 326 326 325 324 323 323 341 341 340 339 340 339 339 338 337 337 337 336 336 335 334 333 333 332 331 330 330 329 328 327 326 325 324 323 322 321 320 317 316 315 314 312 311 310 308 306 305 303 302 300 298 297 295 293 292 291 289 289 288 286 286 284 283 282 281 280 279 277 276 275 273 272 270 269 268 266 265 263 261 260 257 255 254 253
333 333 332 331 331 330 329 329 328 327 326 326 325 324 323 342 341 340 340 339 340 339 338 338 337 336 337 336 335 334 334 333 332 331 330 330 330 329 328 327 326 325 324 323 321 320 319 317 316 314 313 312 311 309 308 306 304 303 302 300 298 296 295 293 292 291 289 289 288 287 286 284 284 282 281 280 279 278 276 275 274 272 270 270 268 267 265 263 262 260 257 256 254 253
333 333 332 331 331 330 329 329 328 327 326 326 325 324 342 342 341 340 339 339 339 339 338 337 337 336 336 336 335 334 333 332 332 331 330 329 329 328 327 326 325 324 323 322 321 320 319 316 315 314 313 312 310 309 308 305 304 303 301 300 297 296 295 293 292 291 290 289 289 287 286 285 284 282 282 280 280 278 276 276 274 272 271 270 269 267 265 264 262 260 258 256 254 254
333 333 332 331 331 330 329 329 328 327 326 326 325 324 342 342 341 340 339 338 339 338 338 337 336 336 336 335 334 334 333 332 331 330 330 329 329 328 327 326 325 324 323 322 321 319 317 316 315 314 312 311 310 309 307 305 304 302 301 299 297 296 295 293 292 292 290 290 289 287 287 285 284 283 282 281 280 278 277 276 274 273 271 270 269 267 266 264 262 261 258 256 255 254
333 333 332 331 331 330 329 329 328 327 326 326 325 343 342 342 341 340 339 338 338 338 337 336 336 335 335 335 334 333 332 332 331 330 329 328 328 327 326 325 324 323 322 321 320 319 317 316 314 313 312 311 309 308 307 304 303 302 300 299 297 296 295 293 293 292 290 290 289 288 287 285 285 283 282 281 280 279 277 276 275 273 271 271 269 268 266 264 263 261 258 257 255 254
333 333 332 331 331 330 329 328 328 327 326 326 344 343 342 342 341 340 339 338 338 337 337 336 335 335 335 334 333 333 332 331 330 329 329 328 327 327 326 325 324 323 322 321 320 318 316 315 314 313 311 310 309 308 306 304 303 301 300 299 297 296 295 294 293 292 291 290 290 288 287 286 285 283 283 281 281 279 277 277 275 273 272 270 270 268 266 265 263 261 259 257 255 255
333 333 332 331 331 330 329 328 328 327 326 345 344 343 342 341 341 340 339 338 338 337 336 336 335 334 335 334 333 332 331 331 330 329 328 327 326 326 325 324 323 322 321 320 319 317 316 315 313 312 311 310 309 307 306 304 302 301 300 298 297 296 296 294 293 293 291 291 290 288 288 286 285 284 283 282 281 279 278 277 275 274 272 271 270 268 267 265 263 261 259 257 256 255
333 333 332 331 331 330 329 328 328 327 326 344 344 343 342 341 341 340 339 338 337 337 336 335 335 334 333 333 333 332 331 330 329 328 328 327 326 325 324 324 323 322 321 320 318 316 315 314 313 312 311 309 308 307 305 303 302 301 300 298 297 297 296 294 294 293 291 291 290 289 288 286 286 284 283 282 280 280 278 276 276 274 272 271 269 269 267 265 263 261 259 258 256 256
333 333 332 331 331 330 329 328 328 327 345 344 344 343 342 341 341 340 339 338 337 337 336 335 334 333 333 333 332 331 330 330 329 328 327 326 325 324 323 322 321 320 319 318 317 316 315 314 312 311 310 309 308 306 304 303 302 301 300 298 298 297 296 295 294 293 292 291 290 289 288 287 286 284 284 282 281 280 278 277 276 274 273 271 270 268 267 265 263 261 260 258 256 256
333 333 332 331 330 330 329 328 328 346 345 344 344 343 342 341 341 340 339 338 337 337 336 335 334 333 332 332 332 331 330 329 328 327 327 326 325 324 323 322 321 320 319 318 317 315 314 313 312 311 310 308 307 306 304 303 302 301 300 298 298 297 297 295 294 294 292 292 290 289 289 287 286 285 283 283 281 280 279 277 276 275 273 272 270 268 267 265 263 262 260 258 256 256
333 332 332 331 330 330 329 328 347 346 345 344 344 343 342 341 341 340 339 338 337 337 336 335 334 333 332 331 331 330 330 329 328 327 326 325 324 323 322 321 320 319 318 317 316 315 314 313 312 310 309 308 307 305 304 303 302 301 299 299 298 298 296 295 295 293 292 292 290 290 288 287 286 285 283 283 281 281 279 277 276 275 273 272 270 269 267 265 264 262 260 259 256 257
333 332 332 331 330 330 329 328 347 346 345 344 344 343 342 341 340 340 339 338 337 336 336 335 334 333 332 331 331 330 329 328 327 326 326 325 324 323 322 321 320 319 318 317 316 314 313 312 311 310 309 308 307 305 304 303 302 301 300 299 298 298 296 296 295 293 293 292 291 290 288 288 286 285 284 283 282 280 279 278 276 275 274 272 271 269 267 266 264 262 261 258 257 257
333 332 332 331 330 330 329 347 346 346 345 344 343 343 342 341 340 340 339 338 337 336 336 335 334 333 332 331 330 330 329 328 327 326 325 324 323 322 321 320 319 318 317 316 315 314 313 312 311 310 309 308 306 305 304 303 302 302 300 299 299 298 297 296 295 294 293 292 291 290 289 288 286 286 284 284 282 280 280 278 276 276 274 273 271 269 268 266 264 263 261 258 257 257
333 332 332 331 330 330 348 347 346 346 345 344 343 343 342 341 340 340 339 338 337 336 335 335 334 333 332 331 330 329 329 328 327 326 325 324 323 322 321 320 319 318 317 316 315 314 313 312 311 310 309 307 306 305 304 303 303 301 300 300 299 298 297 296 296 294 293 292 291 291 289 288 287 286 284 283 282 281 280 278 277 275 274 273 271 270 268 266 265 263 260 259 257 258
333 332 332 331 330 348 348 347 346 346 345 344 343 343 342 341 340 339 339 338 337 336 335 335 334 333 332 331 330 329 328 328 327 326 325 324 323 322 321 320 319 318 317 316 315 314 313 312 311 310 308 307 306 305 304 304 303 301 301 300 299 298 297 297 295 294 294 292 292 290 289 289 287 286 285 283 283 281 279 279 277 275 274 273 272 270 268 267 265 262 261 259 258 258
333 332 331 331 330 348 348 347 346 345 345 344 343 342 342 341 340 339 339 338 337 336 335 334 334 333 332 331 330 329 328 327 327 326 325 324 323 322 321 320 319 318 317 316 315 314 313 312 311 309 308 307 306 305 304 304 302 302 301 300 299 298 298 297 295 295 294 292 292 290 290 288 287 286 285 284 283 281 280 279 277 276 274 273 272 270 269 267 264 263 261 260 258 258
333 332 331 331 349 348 348 347 346 345 345 344 343 342 342 341 340 339 338 338 337 336 335 334 334 333 332 331 330 329 328 327 326 326 325 324 323 322 321 320 319 318 317 316 315 314 313 312 310 309 308 307 306 305 305 304 303 302 301 301 299 298 298 296 296 295 293 293 292 291 290 288 288 286 285 284 282 282 280 278 278 276 274 273 271 270 268 266 265 263 261 260 258 259
333 332 331 350 349 348 347 347 346 345 345 344 343 342 342 341 340 339 338 338 337 336 335 334 333 333 332 331 330 329 328 327 326 325 325 324 323 322 321 320 319 318 317 316 315 314 313 311 310 309 308 307 306 306 305 303 303 302 302 300 299 299 298 297 296 295 294 293 291 291 290 289 288 286 286 284 283 282 280 279 278 276 275 273 272 270 268 267 265 263 262 259 259 259
333 332 331 349 349 348 347 347 346 345 344 344 343 342 341 341 340 339 338 337 337 336 335 334 333 332 332 331 330 329 328 327 326 325 324 323 323 322 321 320 319 318 317 316 315 313 312 311 310 309 308 307 307 306 304 304 303 303 302 300 300 299 298 297 296 296 294 293 292 291 290 289 287 287 285 285 283 281 281 279 277 277 275 274 272 270 269 267 265 264 261 260 259 259
332 332 350 349 349 348 347 347 346 345 344 344 343 342 341 341 340 339 338 337 337 336 335 334 333 332 331 331 330 329 328 327 326 325 324 323 322 321 320 319 318 317 316 315 314 313 312 311 310 309 308 308 307 305 305 304 303 303 301 301 300 299 298 297 297 295 294 294 292 292 290 289 288 287 285 285 283 282 281 279 278 276 275 274 272 271 269 267 266 263 261 260 259 260
332 351 350 349 349 348 347 346 346 345 344 343 343 342 341 340 340 339 338 337 336 336 335 334 333 332 331 330 330 329 328 327 326 325 324 323 322 321 320 319 318 317 316 315 314 313 312 311 310 309 308 308 306 306 305 304 304 303 302 301 300 299 298 298 297 295 295 293 292 292 290 290 288 287 286 284 284 282 280 280 278 276 275 273 273 271 269 267 265 263 262 260 260 260
332 350 350 349 348 348 347 346 346 345 344 343 343 342 341 340 339 339 338 337 336 335 335 334 333 332 331 330 329 329 328 327 326 325 324 323 322 321 320 319 318 317 316 315 314 313 312 311 310 309 309 307 307 306 305 305 304 302 302 301 301 299 298 298 296 296 295 293 293 291 291 289 288 287 286 284 284 282 281 279 278 277 275 274 272 270 269 267 265 264 262 260 260 260
351 350 350 349 348 348 347 346 345 345 344 343 342 342 341 340 339 339 338 337 336 335 334 334 333 332 331 330 329 328 328 327 326 325 324 323 322 321 320 319 318 317 316 315 314 313 312 311 310 310 308 307 307 306 306 305 303 303 302 302 300 299 299 298 297 296 294 294 293 291 291 289 289 287 286 285 283 283 281 279 278 277 275 274 272 271 269 267 266 264 261 260 260 261
351 350 350 349 348 347 347 346 345 345 344 343 342 342 341 340 339 338 338 337 336 335 334 333 333 332 331 330 329 328 327 326 326 325 324 323 322 321 320 319 318 317 316 315 314 313 312 311 310 309 308 308 307 307 306 304 304 303 303 302 300 300 299 297 297 296 295 294 292 292 290 290 288 287 286 285 284 282 281 280 278 276 276 274 273 271 269 268 266 263 262 260 261 261
351 350 349 349 348 347 347 346 345 344 344 343 342 341 341 340 339 338 337 337 336 335 334 333 332 332 331 330 329 328 327 326 325 324 324 323 322 321 320 319 318 317 316 315 314 313 311 310 310 309 309 308 307 307 305 305 304 303 303 301 301 300 298 298 297 296 295 294 293 292 291 290 288 288 286 284 284 282 281 280 278 277 275 274 273 271 269 267 265 264 262 261 261 261
351 350 349 349 348 347 346 346 345 344 344 343 342 341 340 340 339 338 337 336 336 335 334 333 332 331 331 330 329 328 327 326 325 324 323 322 321 320 320 319 318 316 315 314 313 312 311 311 310 310 309 308 308 306 306 305 304 304 302 302 301 300 299 298 297 296 295 294 293 292 291 290 289 287 286 285 284 283 281 279 279 277 275 274 272 271 269 267 266 264 261 261 261 262
350 350 349 348 348 347 346 346 345 344 343 343 342 341 340 340 339 338 337 336 336 335 334 333 332 331 330 330 329 328 327 326 325 324 323 322 321 320 319 318 317 316 315 314 313 312 312 311 310 310 309 309 307 306 306 305 305 303 302 302 301 300 299 298 297 296 296 294 293 292 291 290 289 287 287 285 283 283 281 280 278 277 276 274 273 271 269 268 266 263 262 261 262 262
350 350 349 348 348 347 346 345 345 344 343 342 342 341 340 339 339 338 337 336 335 335 334 333 332 331 330 329 328 328 327 326 325 324 323 322 321 320 319 318 317 316 315 314 313 313 312 311 311 310 309 308 307 307 306 306 304 303 303 302 301 300 299 298 297 297 295 294 293 292 291 290 288 288 286 285 284 282 282 280 278 277 275 274 273 271 270 267 265 264 262 262 262 262
350 349 349 348 347 347 346 345 344 344 343 342 341 341 340 339 338 338 337 336 335 334 333 333 332 331 330 329 328 327 327 326 325 324 323 322 321 320 319 318 317 316 315 314 313 313 312 312 310 309 309 308 308 307 306 305 304 304 303 301 301 300 300 298 297 296 295 295 293 292 291 290 289 288 286 285 284 283 281 280 279 277 275 274 272 271 269 267 266 264 261 262 262 263
350 349 349 348 347 346 346 345 344 344 343 342 341 341 340 339 338 337 337 336 335 334 333 332 332 331 330 329 328 327 326 325 324 324 323 322 321 320 319 318 317 316 315 314 314 313 312 311 310 310 309 309 308 307 306 305 305 304 302 302 301 301 299 298 298 296 296 294 293 292 291 289 289 287 287 285 283 283 281 280 279 277 276 274 273 271 269 268 266 263 262 262 263 263
350 349 348 348 347 346 346 345 344 343 343 342 341 340 340 339 338 337 336 336 335 334 333 332 331 331 330 329 328 327 326 325 324 323 322 321 320 319 319 318 317 315 314 314 313 312 312 311 311 310 309 309 307 307 306 305 305 303 303 302 301 300 299 299 297 296 296 294 294 292 291 290 289 288 286 285 284 282 282 280 278 277 275 274 273 271 269 267 265 264 262 263 263 263
350 349 348 348 347 346 345 345 344 343 342 342 341 340 339 339 338 337 336 335 335 334 333 332 331 330 329 329 328 327 326 325 324 323 322 321 320 319 318 317 316 315 315 314 313 313 312 312 311 310 310 308 308 307 306 306 304 304 303 302 301 300 300 298 297 297 295 295 293 292 291 290 289 288 286 286 284 282 281 280 279 277 275 274 272 271 269 267 266 263 262 263 263 264
349 349 348 347 347 346 345 344 344 343 342 342 341 340 339 338 338 337 336 335 334 334 333 332 331 330 329 328 327 327 326 325 324 323 322 321 320 319 318 317 316 315 315 314 314 313 312 312 311 310 309 309 308 307 307 305 305 304 303 302 301 300 299 298 298 296 295 295 293 293 291 290 289 287 287 285 284 283 281 280 279 277 276 274 272 271 269 268 265 263 263 263 264 264
349 349 348 347 346 346 345 344 344 343 342 341 341 340 339 338 337 337 336 335 334 333 332 332 331 330 329 328 327 326 325 325 324 323 322 321 320 319 318 317 316 316 315 315 314 313 312 311 311 310 309 309 308 308 306 305 305 304 303 302 301 301 299 299 297 296 296 294 294 292 291 290 289 288 287 285 284 282 281 280 278 277 275 273 272 270 269 267 265 264 263 264 264 264
349 348 348 347 346 346 345 344 343 343 342 341 340 340 339 338 337 336 336 335 334 333 332 331 331 330 329 328 327 326 325 324 323 322 321 321 320 319 318 317 317 316 315 314 313 313 312 311 311 310 310 309 308 307 306 306 305 304 303 302 302 300 300 299 297 297 295 294 293 292 291 290 288 288 286 286 284 282 281 280 279 277 275 274 272 271 269 267 265 263 263 264 264 265
349 348 347 347 346 345 345 344 343 342 342 341 340 339 339 338 337 336 335 335 334 333 332 331 330 329 329 328 327 326 325 324 323 322 321 320 319 318 317 317 316 315 315 314 314 313 312 312 311 311 309 308 308 307 307 306 304 304 303 303 301 300 300 298 298 296 295 295 293 293 291 290 289 287 287 285 283 283 281 280 278 276 276 274 272 271 268 267 265 263 264 264 265 265
349 348 347 347 346 345 344 344 343 342 341 341 340 339 338 338 337 336 335 334 333 333 332 331 330 329 328 327 327 326 325 324 323 322 321 320 319 318 317 317 316 316 315 314 314 313 313 312 310 310 309 309 308 308 306 305 305 304 304 302 301 301 299 299 298 296 296 294 294 292 291 290 289 287 286 285 284 282 281 280 278 277 275 273 272 270 269 267 264 264 264 264 265 265
348 348 347 346 346 345 344 343 343 342 341 340 340 339 338 337 336 336 335 334 333 332 332 331 330 329 328 327 326 325 324 324 323 322 321 320 319 318 318 317 317 316 315 315 314 314 312 311 311 310 310 309 308 307 306 306 305 303 303 302 302 300 299 299 297 297 295 294 293 292 291 290 288 288 286 285 284 282 281 279 279 277 275 274 272 270 268 266 265 264 264 265 265 266
348 347 347 346 345 345 344 343 342 342 341 340 339 339 338 337 336 335 335 334 333 332 331 330 330 329 328 327 326 325 324 323 322 321 320 319 319 319 318 317 316 315 315 314 313 313 312 312 311 310 310 308 308 307 307 306 304 304 303 303 301 300 300 298 298 296 295 295 293 293 291 290 289 287 286 285 283 283 281 279 278 276 275 273 271 270 268 267 264 264 265 265 266 266
348 347 347 346 345 344 344 343 342 341 341 340 339 338 338 337 336 335 334 334 333 332 331 330 329 328 328 327 326 325 324 323 322 321 320 319 318 318 317 317 316 316 315 314 314 313 313 312 311 310 309 309 308 307 307 305 305 304 303 302 301 301 299 298 298 296 296 294 293 292 291 290 289 287 286 285 284 282 280 280 278 277 275 273 272 270 268 266 264 265 265 265 266 266
