testData/tiles/oneDegree/grid14.0-13.0-15.0-14.0.asc
ncols   200
nrows   200
xllcorner   14.0
yllcorner   13.0
cellsize   0.005
NODATA_value   -9999.0
[rows 0 to 41 of 200, columns 0 to 93 of 200]
756 756 755 757 757 758 758 759 760 760 761 762 762 763 765 764 766 766 767 768 767 768 768 769 771 772 772 773 773 776 776 628 627 628 629 630 632 632 633 633 635 636 742 742 743 743 744 744 747 745 746 746 747 748 748 749 749 751 751 751 752 751 754 754 754 755 755 756 757 757 759 759 758 760 760 760 761 761 760 763 763 763 763 763 763 763 765 765 766 765 766 766 766 767
756 755 756 756 756 757 759 759 759 760 760 762 762 764 762 765 765 765 767 766 767 768 768 769 769 770 772 772 772 773 774 625 626 628 628 629 630 631 631 633 634 635 635 742 742 743 742 743 744 745 744 745 747 747 748 748 748 749 750 751 751 751 752 752 753 753 755 755 756 757 757 757 758 758 759 760 760 760 760 761 761 762 762 763 763 763 764 764 765 764 764 764 765 765
755 755 755 756 756 757 757 760 760 759 760 761 762 763 764 762 765 765 766 767 766 767 767 768 768 768 770 770 770 773 773 774 626 626 627 628 630 630 631 631 633 634 635 740 740 740 741 743 744 744 743 744 745 746 747 748 748 748 749 749 750 751 752 752 752 753 753 753 754 754 757 757 757 758 758 758 759 759 759 761 761 761 761 762 761 761 763 763 764 764 764 764 764 764
755 755 756 754 756 757 757 758 759 759 759 761 761 762 762 763 764 764 765 764 767 765 766 767 766 767 769 769 770 771 772 772 626 625 626 627 628 629 630 631 630 632 632 634 740 740 740 742 742 742 743 743 745 745 746 746 747 747 748 749 749 751 750 750 751 752 753 753 753 754 754 755 757 756 757 758 758 758 759 759 759 760 760 761 761 761 762 762 763 763 762 762 763 763
753 754 755 755 754 756 756 759 758 759 759 758 760 761 761 762 761 763 764 765 765 766 765 766 767 766 768 768 769 771 771 772 773 625 625 626 626 627 628 628 629 630 632 633 739 738 739 741 741 742 742 743 743 744 745 746 747 746 747 747 748 750 749 750 750 751 752 752 752 753 753 754 756 756 756 756 757 757 758 758 759 759 759 760 760 759 761 761 762 762 762 762 762 763
754 753 753 753 754 755 755 756 757 758 757 759 758 760 761 762 761 761 763 763 766 765 765 766 765 767 767 768 767 769 770 771 772 623 623 624 625 626 627 628 628 628 629 631 633 738 738 739 740 740 742 742 743 743 744 744 745 745 746 747 747 749 748 748 749 750 751 752 751 752 752 752 754 754 755 756 756 756 758 757 757 758 758 759 759 760 760 760 761 761 760 760 761 762
751 753 753 753 753 754 755 756 756 757 757 757 759 760 760 761 761 761 762 763 764 765 765 765 766 765 767 766 767 767 768 769 770 771 622 624 624 625 625 627 627 628 628 630 631 632 736 739 739 740 740 742 741 742 743 743 745 744 745 745 746 748 748 748 748 749 750 750 750 751 751 752 753 753 753 754 754 755 757 756 757 757 757 758 758 758 759 759 760 760 761 760 750 751
751 751 752 752 754 753 754 755 754 757 757 758 757 759 760 760 761 760 761 762 764 764 764 763 763 765 765 766 765 766 766 768 770 770 622 622 623 624 625 626 626 626 627 629 630 631 736 737 738 738 740 741 741 741 741 742 743 744 744 745 745 746 747 746 747 748 749 750 750 749 750 750 752 753 752 753 753 754 756 756 755 756 756 757 757 758 758 758 759 759 749 748 749 751
750 752 751 752 752 754 753 755 755 755 756 758 758 758 759 760 759 761 760 760 761 761 763 764 763 763 765 764 765 765 766 766 768 769 770 622 622 623 623 625 626 626 626 628 628 629 629 737 737 738 738 740 739 739 741 741 743 743 743 743 743 746 746 746 746 746 748 748 749 749 749 750 751 751 751 751 751 752 755 755 755 755 755 756 756 756 756 757 758 748 749 748 748 749
749 750 751 751 752 753 753 753 754 756 755 756 755 757 757 758 759 759 759 760 761 761 761 763 762 764 764 764 765 765 764 766 767 768 769 620 621 622 623 624 625 624 626 627 628 628 629 734 736 736 738 739 738 739 739 741 741 743 742 742 744 744 745 745 744 746 747 748 748 747 748 748 749 751 751 750 751 751 752 753 753 753 754 755 755 757 756 746 746 747 747 746 747 749
748 748 749 750 750 751 752 753 754 753 755 756 756 756 756 757 758 760 759 759 760 759 762 761 762 763 762 763 765 765 764 764 766 766 768 769 620 621 621 623 624 624 625 626 626 627 629 629 734 736 736 737 738 738 739 740 741 741 740 741 742 744 744 745 744 744 746 746 746 747 747 749 749 749 750 749 749 750 752 752 752 752 753 753 754 745 744 745 746 746 747 746 747 747
748 747 747 749 750 751 752 751 753 754 754 755 755 756 756 757 757 758 759 758 759 760 760 761 761 763 763 762 764 763 764 765 765 766 766 768 619 620 621 622 623 623 624 625 626 626 628 627 627 733 734 737 737 737 737 739 739 741 740 740 742 742 743 743 742 744 745 746 746 746 746 747 747 749 749 748 749 749 750 751 751 750 751 742 743 745 744 744 744 745 745 745 745 747
747 748 747 747 747 751 752 751 752 752 754 754 756 756 754 756 757 758 758 758 758 759 761 760 761 760 761 763 763 764 763 763 764 765 766 767 767 618 620 620 622 622 623 623 624 624 627 627 627 732 733 734 736 736 737 738 738 739 739 739 740 742 742 742 742 743 744 744 744 746 745 746 747 747 747 747 747 748 750 750 750 740 740 740 742 742 742 743 744 744 744 745 745 745
746 746 746 747 748 748 751 751 752 752 753 754 754 755 755 755 756 757 757 758 758 758 759 760 760 760 760 761 763 762 763 763 763 764 764 766 767 618 619 620 620 621 621 623 623 624 625 626 625 627 733 734 734 734 735 736 737 738 739 738 740 740 740 741 740 743 743 743 744 744 743 745 745 747 747 746 747 748 748 739 739 738 740 740 741 741 741 741 742 743 743 743 743 745
746 747 746 746 747 749 749 750 752 751 753 753 755 754 753 755 755 757 757 757 757 758 759 759 759 760 759 760 761 762 762 762 762 763 763 765 766 765 618 619 620 620 622 621 622 622 625 625 625 625 732 732 733 734 733 736 736 737 737 737 739 739 740 740 741 741 741 742 742 744 743 744 745 745 745 746 745 737 738 738 738 738 738 738 740 740 740 739 741 741 742 743 743 743
746 746 747 745 747 747 748 749 751 751 752 752 753 754 755 754 755 755 756 758 756 757 758 758 759 760 759 759 760 760 762 763 762 761 762 763 765 764 617 618 618 619 621 621 621 622 623 624 623 625 626 731 732 732 732 733 734 736 737 736 737 738 738 739 740 740 741 741 742 742 741 743 743 744 745 735 734 736 736 736 737 736 737 738 739 739 740 739 739 739 740 740 740 743
745 746 746 747 747 747 748 748 750 749 752 752 752 753 754 754 754 756 755 756 757 756 758 758 757 759 758 759 760 759 760 762 761 762 762 763 763 763 764 617 617 618 619 619 620 620 623 623 623 623 624 625 730 732 731 733 733 734 734 735 737 737 738 738 738 739 739 740 741 741 741 742 742 733 733 734 733 735 736 736 736 736 736 736 737 738 738 738 739 739 739 740 740 740
746 745 746 746 747 747 747 748 749 750 750 751 753 752 754 753 753 754 755 756 756 756 756 756 758 758 759 758 758 760 759 761 759 760 762 761 763 763 764 615 616 616 619 618 619 619 621 621 622 622 624 624 730 730 730 731 733 733 733 734 735 736 736 736 738 738 739 739 739 740 740 731 731 732 733 733 732 734 734 734 735 735 735 736 737 737 737 737 737 737 738 739 738 739
745 746 746 746 746 746 748 747 749 749 750 749 751 752 752 754 753 753 754 755 755 755 756 756 756 758 758 757 758 758 759 759 759 759 761 762 761 762 762 615 615 616 617 617 617 619 620 621 621 621 622 623 624 730 729 730 731 731 732 733 734 734 735 736 736 737 737 737 729 729 731 730 730 731 731 731 731 733 733 734 734 734 734 734 735 736 736 736 736 737 737 738 739 738
743 743 746 746 747 746 747 748 748 749 749 749 750 751 753 752 751 753 753 755 755 754 755 756 756 757 757 756 757 758 758 759 759 758 759 760 760 761 762 762 614 614 617 617 617 617 619 619 620 620 622 622 623 728 729 729 730 731 731 733 732 732 733 733 736 736 726 727 727 728 729 728 729 730 730 731 730 731 732 732 732 733 733 734 735 735 735 735 735 735 735 737 737 737
743 743 743 744 747 745 747 747 749 748 749 749 750 750 751 753 752 752 753 753 755 755 754 755 755 756 757 756 757 757 756 758 759 758 759 758 759 758 761 761 613 614 615 615 615 617 618 619 619 618 620 620 622 622 729 728 729 729 730 731 731 732 732 733 723 724 725 725 727 727 728 728 728 728 729 729 731 731 731 732 732 732 731 733 733 733 734 734 734 735 735 736 736 736
743 743 743 743 744 744 747 747 748 749 749 748 750 750 751 751 752 752 752 754 753 753 754 754 756 756 755 757 755 757 757 757 758 756 757 759 758 759 758 760 760 613 614 615 614 616 616 617 617 618 619 620 620 621 622 727 728 729 729 730 730 720 721 721 723 724 723 724 725 725 727 726 727 728 728 729 730 729 730 730 730 731 731 732 733 733 733 733 733 733 733 735 735 735
748 743 743 742 744 744 745 745 746 748 749 749 749 750 751 750 752 751 752 753 753 753 753 754 754 754 756 756 756 755 755 757 757 756 757 757 757 757 759 758 759 612 613 613 613 615 616 616 617 617 618 618 620 620 622 726 726 727 727 719 719 720 720 720 722 722 722 722 723 724 725 726 726 726 727 727 728 729 729 729 730 730 729 731 731 731 732 733 732 732 733 734 734 733
748 748 743 743 743 744 744 745 746 745 747 748 750 749 750 751 751 751 751 752 753 753 753 753 754 754 754 756 754 755 755 756 757 755 756 757 757 757 758 756 757 760 611 613 612 614 614 615 616 617 617 618 618 618 620 619 716 716 717 718 719 718 718 719 721 722 721 721 722 722 724 723 724 726 726 726 728 727 727 728 728 728 729 730 730 731 731 731 730 731 731 732 733 733
749 748 748 742 744 744 744 745 745 747 746 747 747 747 750 750 752 750 750 752 751 754 754 752 754 754 754 755 753 754 755 755 756 755 756 756 755 757 757 757 756 758 609 610 609 613 613 614 614 616 615 616 617 608 609 609 609 715 715 717 718 717 718 718 720 720 719 720 721 722 723 723 723 723 723 725 726 726 727 727 727 728 727 728 729 729 729 731 730 730 731 732 732 731
748 747 747 748 743 744 744 745 745 746 747 746 747 747 748 748 749 751 750 751 752 752 753 753 753 754 754 754 754 753 755 755 754 755 754 755 755 756 757 755 755 757 758 609 610 610 611 612 614 615 605 605 606 606 608 608 609 714 714 716 716 716 716 718 719 719 719 719 720 720 721 722 722 722 723 723 724 724 725 725 726 726 726 728 728 728 729 729 728 729 730 730 730 731
747 747 747 747 749 743 745 745 744 746 746 747 746 746 748 747 749 748 748 751 751 753 752 751 754 753 753 754 753 754 754 754 754 754 755 754 754 755 756 754 755 756 756 608 609 610 610 601 601 604 603 604 605 606 607 607 607 607 713 715 716 715 715 716 717 718 717 717 719 719 721 721 720 721 721 721 723 723 724 724 725 726 726 726 726 727 727 728 728 728 729 730 730 729
747 746 746 747 747 750 744 744 745 745 746 747 746 746 747 748 748 748 748 749 749 750 752 751 752 752 753 754 753 753 754 754 754 754 754 754 754 755 754 754 753 756 755 756 597 598 598 599 600 602 601 603 603 604 605 607 606 607 607 714 714 713 714 715 717 717 716 717 717 718 719 719 720 720 720 721 722 722 722 722 723 723 724 726 726 726 726 727 726 726 728 728 728 728
746 745 746 746 748 749 749 744 744 746 745 746 746 746 747 747 748 748 747 749 748 749 750 748 750 752 751 753 754 752 754 753 754 754 753 754 753 754 755 753 744 744 744 744 597 597 598 598 599 600 600 601 602 603 605 605 605 605 605 713 713 713 713 714 715 715 715 716 717 717 718 719 718 718 719 719 721 721 721 722 722 722 723 723 723 724 725 726 725 726 727 727 728 728
746 746 745 746 747 749 749 748 744 745 746 746 745 746 747 746 748 748 747 748 748 749 749 749 749 749 750 750 752 753 753 754 753 753 754 753 743 744 744 744 743 743 744 744 595 596 596 597 598 600 599 600 600 601 602 604 604 604 605 606 712 711 712 713 714 715 715 715 715 715 717 717 717 718 718 719 720 719 720 720 720 722 723 722 723 723 723 723 723 724 725 726 726 727
746 746 746 745 747 748 748 749 748 744 745 746 746 745 747 747 747 748 748 747 748 749 749 748 749 749 749 751 750 749 750 753 743 744 743 743 743 744 744 744 742 744 743 743 743 595 595 596 596 598 597 599 599 600 601 602 601 603 603 606 606 710 711 711 713 713 714 714 714 716 716 716 716 716 717 717 719 719 719 719 720 720 721 721 721 721 722 723 722 722 724 724 725 531
745 746 745 746 746 747 748 748 749 749 743 746 746 745 746 746 747 747 747 748 747 749 749 747 749 749 749 750 739 739 740 739 740 742 743 743 742 744 743 743 743 743 743 743 743 594 595 595 596 597 597 597 598 598 600 601 601 601 602 603 604 709 709 711 712 712 713 712 713 714 714 715 715 716 716 716 718 717 717 718 718 719 721 720 720 721 721 721 720 721 722 722 724 529
745 745 745 746 746 747 747 748 748 749 749 744 745 746 745 746 747 747 747 747 748 748 738 739 738 739 738 739 740 738 739 740 739 741 739 740 741 743 743 743 742 742 743 742 743 742 594 595 595 597 597 597 597 597 599 599 599 599 601 602 603 602 709 709 710 711 711 712 712 713 714 714 714 714 714 716 717 717 717 717 717 718 719 718 719 719 719 721 720 720 721 722 527 527
744 745 744 745 746 747 747 747 747 749 748 750 744 744 744 745 737 737 736 737 737 737 738 738 738 738 738 739 739 738 739 739 739 740 739 739 739 740 741 741 742 743 742 743 742 742 593 594 594 596 596 596 596 597 598 599 598 599 600 601 601 600 601 707 709 710 710 710 710 712 712 713 713 713 714 715 715 716 715 715 716 717 718 718 718 718 719 719 718 718 720 525 526 527
745 744 744 745 745 747 747 747 737 738 739 739 739 734 734 734 735 736 737 736 737 738 737 738 738 737 738 739 739 738 739 739 739 739 739 739 738 740 739 740 739 740 740 740 742 742 742 593 594 595 596 595 596 597 598 598 597 598 599 600 600 600 600 706 707 707 708 708 710 711 711 712 711 712 712 713 715 715 714 715 715 715 717 716 716 717 717 718 718 718 524 524 525 525
734 735 733 734 735 736 737 737 736 738 738 739 739 739 734 734 734 735 735 737 736 737 738 737 737 738 737 739 739 737 739 738 738 740 738 738 738 739 740 739 738 739 740 739 740 739 739 592 593 594 595 594 595 596 597 597 597 597 599 599 600 599 599 600 706 707 707 707 707 708 709 711 710 711 711 713 713 713 713 713 713 715 716 715 716 716 716 717 716 521 522 523 524 524
734 734 733 734 734 736 736 736 737 737 738 739 739 739 739 733 735 734 735 735 734 737 737 736 737 737 737 738 738 737 738 738 738 739 737 738 738 739 739 738 738 738 738 739 739 739 739 590 590 592 592 594 594 596 596 597 596 597 598 598 599 598 599 600 601 706 706 706 706 708 708 708 708 709 710 711 712 713 712 712 713 713 714 714 714 714 716 716 520 522 522 522 522 523
733 733 733 734 734 735 735 736 736 737 737 738 739 739 738 739 734 735 734 734 735 735 735 737 736 737 737 737 738 737 737 738 737 739 738 737 738 738 738 739 737 738 738 738 737 738 737 739 589 591 591 591 591 593 595 596 595 596 597 598 598 598 598 599 600 600 706 705 706 707 707 708 707 707 708 709 710 711 710 711 711 712 714 713 713 714 714 519 519 520 520 520 522 522
732 733 732 734 734 734 735 735 736 737 736 738 738 739 738 738 734 734 733 734 734 736 735 735 736 736 736 738 737 736 737 737 738 738 737 738 737 738 738 738 736 738 738 737 738 737 738 737 588 590 591 590 591 592 593 593 593 593 597 597 597 597 597 599 599 600 705 704 705 706 707 707 706 707 707 709 709 709 709 709 710 711 712 711 712 712 713 519 518 519 519 520 520 520
732 732 732 733 733 735 734 735 735 736 737 737 738 738 738 738 739 733 734 733 734 735 734 735 735 734 735 737 736 736 737 737 737 738 737 737 736 738 738 737 738 737 737 737 738 737 737 736 737 589 589 589 590 592 592 592 592 592 594 594 595 594 597 598 598 599 599 704 704 706 706 706 706 706 706 708 708 709 708 708 709 709 710 711 711 711 517 517 516 517 518 518 519 520
731 732 731 733 733 734 735 734 734 736 736 738 737 737 738 738 738 739 733 734 733 734 735 734 734 735 734 736 736 735 737 737 736 738 736 736 737 737 737 737 737 737 737 737 738 737 736 737 736 588 588 588 588 590 591 592 591 592 593 594 594 593 594 595 596 596 599 598 703 705 705 706 705 705 706 707 708 708 707 708 708 708 710 709 709 515 515 516 515 517 517 517 518 518
732 731 731 732 732 734 734 733 734 735 736 737 736 737 737 737 739 738 739 733 732 734 734 733 734 734 735 735 735 735 735 735 736 737 736 736 736 736 737 737 737 737 736 737 737 736 736 736 736 588 587 587 588 589 590 590 589 591 592 593 593 593 593 595 595 595 596 595 596 702 703 705 704 705 705 706 707 706 707 707 707 708 709 708 514 514 514 514 514 515 515 517 517 517
