testData/tiles/oneDegree/grid47.0-12.0-48.0-13.0.asc
ncols   200
nrows   200
xllcorner   47.0
yllcorner   12.0
cellsize   0.005
NODATA_value   -9999.0
[rows 84 to 125 of 200, columns 96 to 191 of 200]
233 233 233 233 233 233 233 233 233 233 233 233 233 233 233 233 233 233 233 233 233 233 233 233 233 233 233 233 233 233 233 233 233 234 234 234 234 234 235 235 235 235 235 236 236 236 236 236 237 237 237 237 237 238 238 238 238 238 239 239 239 239 134 135 135 135 135 135 136 136 136 136 136 136 137 137 137 137 137 19 19 19 19 19 19 20 20 20 20 20 20 21 21 21 21 21
233 233 233 233 233 233 233 233 233 233 233 233 233 233 233 233 233 233 233 233 233 233 233 233 233 233 233 233 233 233 233 233 233 233 233 234 234 234 234 234 235 235 235 235 235 236 236 236 236 236 237 237 237 237 237 238 238 238 238 238 239 239 134 134 134 135 135 135 135 135 135 136 136 136 136 136 137 137 137 18 18 18 19 19 19 19 19 19 20 20 20 20 20 20 21 21
233 233 233 233 233 233 233 233 233 233 233 233 233 233 233 233 233 233 233 233 233 233 233 233 233 233 233 233 233 233 233 233 233 233 233 233 233 234 234 234 234 234 235 235 235 235 235 236 236 236 236 236 237 237 237 237 237 238 238 238 238 238 134 134 134 134 134 135 135 135 135 135 135 136 136 136 136 136 137 137 18 18 18 18 19 19 19 19 19 19 20 20 20 20 20 20
233 233 233 233 233 233 233 233 233 233 233 233 233 233 233 233 233 233 233 233 233 233 233 233 233 233 233 233 233 233 233 233 233 233 233 233 233 233 233 234 234 234 234 234 235 235 235 235 235 236 236 236 236 236 237 237 237 237 237 238 238 238 133 133 134 134 134 134 134 134 135 135 135 135 135 136 136 136 136 136 17 18 18 18 18 18 18 19 19 19 19 19 19 20 20 20
233 233 233 233 233 233 233 233 233 233 233 233 233 233 233 233 233 233 233 233 233 233 233 233 233 233 233 233 233 233 233 233 233 233 233 233 233 233 233 233 233 234 234 234 234 234 235 235 235 235 235 236 236 236 236 236 237 237 237 237 237 238 238 133 133 133 134 134 134 134 134 134 135 135 135 135 135 136 136 136 17 17 17 18 18 18 18 18 18 19 19 19 19 19 19 20
233 233 233 233 233 233 233 233 233 233 233 233 233 233 233 233 233 233 233 233 233 233 233 233 233 233 233 233 233 233 233 233 233 233 233 233 233 233 233 233 233 233 233 234 234 234 234 234 235 235 235 235 235 236 236 236 236 236 237 237 237 237 237 133 133 133 133 133 133 134 134 134 134 134 135 135 135 135 135 135 136 17 17 17 17 17 18 18 18 18 18 18 19 19 19 19
233 233 233 233 233 233 233 233 233 233 233 233 233 233 233 233 233 233 233 233 233 233 233 233 233 233 233 233 233 233 233 233 233 233 233 233 233 233 233 233 233 233 233 233 233 234 234 234 234 234 235 235 235 235 235 236 236 236 236 236 237 237 237 132 132 133 133 133 133 133 133 134 134 134 134 134 135 135 135 135 135 16 17 17 17 17 17 17 18 18 18 18 18 18 19 19
224 233 233 233 233 233 233 233 233 233 233 233 233 233 233 233 233 233 233 233 233 233 233 233 233 233 233 233 233 233 233 233 233 233 233 233 233 233 233 233 233 233 233 233 233 233 233 234 234 234 234 234 235 235 235 235 235 236 236 236 236 236 237 132 132 132 132 132 133 133 133 133 133 134 134 134 134 134 134 135 135 16 16 16 16 17 17 17 17 17 17 18 18 18 18 18
224 224 233 233 233 233 233 233 233 233 233 233 233 233 233 233 233 233 233 233 233 233 233 233 233 233 233 233 233 233 233 233 233 233 233 233 233 233 233 233 233 233 233 233 233 233 233 233 233 234 234 234 234 234 235 235 235 235 235 236 236 236 236 131 132 132 132 132 132 132 133 133 133 133 133 134 134 134 134 134 134 16 16 16 16 16 16 17 17 17 17 17 17 18 18 18
224 224 224 224 233 233 233 233 233 233 233 233 233 233 233 233 233 233 233 233 233 233 233 233 233 233 233 233 233 233 233 233 233 233 233 233 233 233 233 233 233 233 233 233 233 233 233 233 233 233 233 234 234 234 234 234 235 235 235 235 235 236 236 131 131 131 131 132 132 132 132 132 133 133 133 133 133 133 134 134 134 134 15 15 16 16 16 16 16 16 17 17 17 17 17 17
224 224 224 224 224 224 233 233 233 233 233 233 233 233 233 233 233 233 233 233 233 233 233 233 233 233 233 233 233 233 233 233 233 233 233 233 233 233 233 233 233 233 233 233 233 233 233 233 233 233 233 233 233 234 234 234 234 234 235 235 235 235 235 131 131 131 131 131 131 132 132 132 132 132 133 133 133 133 133 133 134 134 15 15 15 15 16 16 16 16 16 16 17 17 17 17
224 224 224 224 224 224 224 233 233 233 233 233 233 233 233 233 233 233 233 233 233 233 233 233 233 233 233 233 233 233 233 233 233 233 233 233 233 233 233 233 233 233 233 233 233 233 233 233 233 233 233 233 233 233 233 234 234 234 234 234 235 235 235 130 130 130 131 131 131 131 131 132 132 132 132 132 132 133 133 133 133 133 14 15 15 15 15 15 15 16 16 16 16 16 16 17
224 224 224 224 224 224 224 224 224 233 233 233 233 233 233 233 233 233 233 233 233 233 233 233 233 233 233 233 233 233 233 233 233 233 233 233 233 233 233 233 233 233 233 233 233 233 233 233 233 233 233 233 233 233 233 233 233 234 234 234 234 234 235 235 130 130 130 130 131 131 131 131 131 132 132 132 132 132 132 133 133 133 133 14 14 15 15 15 15 15 15 16 16 16 16 16
224 224 224 224 224 224 224 224 224 224 224 233 233 233 233 233 233 233 233 233 233 233 233 233 233 233 233 233 233 233 233 233 233 233 233 233 233 233 233 233 233 233 233 233 233 233 233 233 233 233 233 233 233 233 233 233 233 233 233 234 234 234 234 234 129 130 130 130 130 130 131 131 131 131 131 131 132 132 132 132 132 132 133 14 14 14 14 14 15 15 15 15 15 15 16 16
224 224 224 224 224 224 224 224 224 224 224 224 224 233 233 233 233 233 233 233 233 233 233 233 233 233 233 233 233 233 233 233 233 233 233 233 233 233 233 233 233 233 233 233 233 233 233 233 233 233 233 233 233 233 233 233 233 233 233 233 233 234 234 234 129 129 129 130 130 130 130 130 131 131 131 131 131 131 132 132 132 132 132 13 14 14 14 14 14 14 15 15 15 15 15 15
224 224 224 224 224 224 224 224 224 224 224 224 224 224 233 233 233 233 233 233 233 233 233 233 233 233 233 233 233 233 233 233 233 233 233 233 233 233 233 233 233 233 233 233 233 233 233 233 233 233 233 233 233 233 233 233 233 233 233 233 233 233 233 233 129 129 129 129 129 130 130 130 130 130 130 131 131 131 131 131 131 132 132 13 13 13 13 14 14 14 14 14 14 15 15 15
224 224 224 224 224 224 224 224 224 224 224 224 224 224 224 224 233 233 233 233 233 233 233 233 233 233 233 233 233 233 233 233 233 233 233 233 233 233 233 233 233 233 233 233 233 233 233 233 233 233 233 233 233 233 233 233 233 233 233 233 233 233 233 233 128 128 129 129 129 129 129 129 130 130 130 130 130 131 131 131 131 131 131 132 13 13 13 13 13 14 14 14 14 14 14 14
224 224 224 224 224 224 224 224 224 224 224 224 224 224 224 224 224 224 233 233 233 233 233 233 233 233 233 233 233 233 233 233 233 233 233 233 233 233 233 233 233 233 233 233 233 233 233 233 233 233 233 233 233 233 233 233 233 233 233 233 233 233 233 233 128 128 128 128 129 129 129 129 129 129 130 130 130 130 130 130 131 131 131 131 12 12 13 13 13 13 13 13 14 14 14 14
224 224 224 224 224 224 224 224 224 224 224 224 224 224 224 224 224 224 224 224 233 233 233 233 233 233 233 233 233 233 233 233 233 233 233 233 233 233 233 233 233 233 233 233 233 233 233 233 233 233 233 233 233 233 233 233 233 233 233 233 233 233 233 233 128 128 128 128 128 128 128 129 129 129 129 129 130 130 130 130 130 130 131 131 12 12 12 12 13 13 13 13 13 13 13 14
224 224 224 224 224 224 224 224 224 224 224 224 224 224 224 224 224 224 224 224 224 224 233 233 233 233 233 233 233 233 233 233 233 233 233 233 233 233 233 233 233 233 233 233 233 233 233 233 233 233 233 233 233 233 233 233 233 233 233 233 233 233 233 233 128 128 128 128 128 128 128 128 128 129 129 129 129 129 129 130 130 130 130 130 130 12 12 12 12 12 12 13 13 13 13 13
224 224 224 224 224 224 224 224 224 224 224 224 224 224 224 224 224 224 224 224 224 224 224 233 233 233 233 233 233 233 233 233 233 233 233 233 233 233 233 233 233 233 233 233 233 233 233 233 233 233 233 233 233 233 233 233 233 233 233 233 233 233 233 233 128 128 128 128 128 128 128 128 128 128 128 129 129 129 129 129 129 130 130 130 130 11 11 12 12 12 12 12 12 12 13 13
224 224 224 224 224 224 224 224 224 224 224 224 224 224 224 224 224 224 224 224 224 224 224 224 224 233 233 233 233 233 233 233 233 233 233 233 233 233 233 233 233 233 233 233 233 233 233 233 233 233 233 233 233 233 233 233 233 233 233 233 233 233 233 233 128 128 128 128 128 128 128 128 128 128 128 128 128 128 129 129 129 129 129 129 130 11 11 11 11 11 12 12 12 12 12 12
224 224 224 224 224 224 224 224 224 224 224 224 224 224 224 224 224 224 224 224 224 224 224 224 224 224 224 233 233 233 233 233 233 233 233 233 233 233 233 233 233 233 233 233 233 233 233 233 233 233 233 233 233 233 233 233 233 233 233 233 233 233 233 233 233 128 128 128 128 128 128 128 128 128 128 128 128 128 128 128 129 129 129 129 129 10 11 11 11 11 11 11 11 12 12 12
224 224 224 224 224 224 224 224 224 224 224 224 224 224 224 224 224 224 224 224 224 224 224 224 224 224 224 224 224 233 233 233 233 233 233 233 233 233 233 233 233 233 233 233 233 233 233 233 233 233 233 233 233 233 233 233 233 233 233 233 233 233 233 233 233 128 128 128 128 128 128 128 128 128 128 128 128 128 128 128 128 128 128 129 129 129 10 10 10 11 11 11 11 11 11 12
224 224 224 224 224 224 224 224 224 224 224 224 224 224 224 224 224 224 224 224 224 224 224 224 224 224 224 224 224 224 224 233 233 233 233 233 233 233 233 233 233 233 233 233 233 233 233 233 233 233 233 233 233 233 233 233 233 233 233 233 233 233 233 233 233 128 128 128 128 128 128 128 128 128 128 128 128 128 128 128 128 128 128 128 128 129 10 10 10 10 10 10 11 11 11 11
224 224 224 224 224 224 224 224 224 224 224 224 224 224 224 224 224 224 224 224 224 224 224 224 224 224 224 224 224 224 224 224 224 233 233 233 233 233 233 233 233 233 233 233 233 233 233 233 233 233 233 233 233 233 233 233 233 233 233 233 233 233 233 233 233 128 128 128 128 128 128 128 128 128 128 128 128 128 128 128 128 128 128 128 128 128 9 9 10 10 10 10 10 10 11 11
224 224 224 224 224 224 224 224 224 224 224 224 224 224 224 224 224 224 224 224 224 224 224 224 224 224 224 224 224 224 224 224 224 224 224 233 233 233 233 233 233 233 233 233 233 233 233 233 233 233 233 233 233 233 233 233 233 233 233 233 233 233 233 233 233 128 128 128 128 128 128 128 128 128 128 128 128 128 128 128 128 128 128 128 128 128 9 9 9 9 10 10 10 10 10 10
224 224 224 224 224 224 224 224 224 224 224 224 224 224 224 224 224 224 224 224 224 224 224 224 224 224 224 224 224 224 224 224 224 224 224 224 224 233 233 233 233 233 233 233 233 233 233 233 233 233 233 233 233 233 233 233 233 233 233 233 233 233 233 233 233 128 128 128 128 128 128 128 128 128 128 128 128 128 128 128 128 128 128 128 128 128 128 9 9 9 9 9 9 10 10 10
224 224 224 224 224 224 224 224 224 224 224 224 224 224 224 224 224 224 224 224 224 224 224 224 224 224 224 224 224 224 224 224 224 224 224 224 224 224 224 233 233 233 233 233 233 233 233 233 233 233 233 233 233 233 233 233 233 233 233 233 233 233 233 233 233 128 128 128 128 128 128 128 128 128 128 128 128 128 128 128 128 128 128 128 128 128 128 9 9 9 9 9 9 9 9 9
224 224 224 224 224 224 224 224 224 224 224 224 224 224 224 224 224 224 224 224 224 224 224 224 224 224 224 224 224 224 224 224 224 224 224 224 224 224 224 224 224 233 233 233 233 233 233 233 233 233 233 233 233 233 233 233 233 233 233 233 233 233 233 233 233 128 128 128 128 128 128 128 128 128 128 128 128 128 128 128 128 128 128 128 128 128 128 9 9 9 9 9 9 9 9 9
224 224 224 224 224 224 224 224 224 224 224 224 224 224 224 224 224 224 224 224 224 224 224 224 224 224 224 224 224 224 224 224 224 224 224 224 224 224 224 224 224 224 224 233 233 233 233 233 233 233 233 233 233 233 233 233 233 233 233 233 233 233 233 233 233 128 128 128 128 128 128 128 128 128 128 128 128 128 128 128 128 128 128 128 128 128 128 9 9 9 9 9 9 9 9 9
224 224 224 224 224 224 224 224 224 224 224 224 224 224 224 224 224 224 224 224 224 224 224 224 224 224 224 224 224 224 224 224 224 224 224 224 224 224 224 224 224 224 224 224 224 233 233 233 233 233 233 233 233 233 233 233 233 233 233 233 233 233 233 233 233 128 128 128 128 128 128 128 128 128 128 128 128 128 128 128 128 128 128 128 128 128 128 128 9 9 9 9 9 9 9 9
224 224 224 224 224 224 224 224 224 224 224 224 224 224 224 224 224 224 224 224 224 224 224 224 224 224 224 224 224 224 224 224 224 224 224 224 224 224 224 224 224 224 224 224 224 224 224 233 233 233 233 233 233 233 233 233 233 233 233 233 233 233 233 233 233 128 128 128 128 128 128 128 128 128 128 128 128 128 128 128 128 128 128 128 128 128 128 128 9 9 9 9 9 9 9 9
224 224 224 224 224 224 224 224 224 224 224 224 224 224 224 224 224 224 224 224 224 224 224 224 224 224 224 224 224 224 224 224 224 224 224 224 224 224 224 224 224 224 224 224 224 224 224 224 224 233 233 233 233 233 233 233 233 233 233 233 233 233 233 233 233 128 128 128 128 128 128 128 128 128 128 128 128 128 128 128 128 128 128 128 128 128 128 128 9 9 9 9 9 9 9 9
224 224 224 224 224 224 224 224 224 224 224 224 224 224 224 224 224 224 224 224 224 224 224 224 224 224 224 224 224 224 224 224 224 224 224 224 224 224 224 224 224 224 224 224 224 224 224 224 224 224 224 224 233 233 233 233 233 233 233 233 233 233 233 233 233 128 128 128 128 128 128 128 128 128 128 128 128 128 128 128 128 128 128 128 128 128 128 128 9 9 9 9 9 9 9 9
224 224 224 224 224 224 224 224 224 224 224 224 224 224 224 224 224 224 224 224 224 224 224 224 224 224 224 224 224 224 224 224 224 224 224 224 224 224 224 224 224 224 224 224 224 224 224 224 224 224 224 224 224 224 233 233 233 233 233 233 233 233 233 233 233 233 128 128 128 128 128 128 128 128 128 128 128 128 128 128 128 128 128 128 128 128 128 128 9 9 9 9 9 9 42 42
224 224 224 224 224 224 224 224 224 224 224 224 224 224 224 224 224 224 224 224 224 224 224 224 224 224 224 224 224 224 224 224 224 224 224 224 224 224 224 224 224 224 224 224 224 224 224 224 224 224 224 224 224 224 224 224 233 233 233 233 233 233 233 233 233 233 128 128 128 128 128 128 128 128 128 128 128 128 128 128 128 128 128 128 128 128 128 128 161 42 42 42 42 42 42 42
224 224 224 224 224 224 224 224 224 224 224 224 224 224 224 224 224 224 224 224 224 224 224 224 224 224 224 224 224 224 224 224 224 224 224 224 224 224 224 224 224 224 224 224 224 224 224 224 224 224 224 224 224 224 224 224 224 224 233 233 233 233 233 233 233 233 128 128 128 128 128 128 128 128 128 128 128 128 128 128 128 128 161 161 161 161 161 161 161 42 42 42 42 42 42 42
224 224 224 224 224 224 224 224 224 224 224 224 224 224 224 224 224 224 224 224 224 224 224 224 224 224 224 224 224 224 224 224 224 224 224 224 224 224 224 224 224 224 224 224 224 224 224 224 224 224 224 224 224 224 224 224 224 224 224 224 224 233 233 233 233 233 128 128 128 128 128 128 128 128 128 128 128 161 161 161 161 161 161 161 161 161 161 161 161 42 42 42 42 42 42 42
224 224 224 224 224 224 224 224 224 224 224 224 224 224 224 224 224 224 224 224 224 224 224 224 224 224 224 224 224 224 224 224 224 224 224 224 224 224 224 224 224 224 224 224 224 224 224 224 224 224 224 224 224 224 224 224 224 224 224 224 224 224 224 233 233 233 128 128 128 128 128 128 161 161 161 161 161 161 161 161 161 161 161 161 161 161 161 161 161 42 42 42 42 42 42 42
224 224 224 224 224 224 224 224 224 224 224 224 224 224 224 224 224 224 224 224 224 224 224 224 224 224 224 224 224 224 224 224 224 224 224 224 224 224 224 224 224 224 224 224 224 224 224 224 224 224 224 224 224 224 224 224 224 224 224 224 224 224 224 224 224 233 128 128 161 161 161 161 161 161 161 161 161 161 161 161 161 161 161 161 161 161 161 161 161 161 42 42 42 42 42 42
224 224 224 224 224 224 224 224 224 224 224 224 224 224 224 224 224 224 224 224 224 224 224 224 224 224 224 224 224 224 224 224 224 224 224 224 224 224 224 224 224 224 224 224 224 224 224 224 224 224 224 224 224 224 224 224 224 224 224 224 224 224 224 224 257 257 152 152 161 161 161 161 161 161 161 161 161 161 161 161 161 161 161 161 161 161 161 161 161 161 42 42 42 42 42 42
