testData/tiles/oneDegree/grid26.0-46.0-27.0-47.0.asc
ncols   200
nrows   200
xllcorner   26.0
yllcorner   46.0
cellsize   0.005
NODATA_value   -9999.0
[rows 126 to 167 of 200, columns 0 to 93 of 200]
230 230 228 229 229 229 228 228 229 228 227 227 227 227 226 227 226 225 224 225 224 224 224 223 222 222 222 220 221 220 220 218 217 217 215 216 215 213 212 212 210 209 208 207 205 203 202 198 196 193 187 183 183 184 183 184 184 184 184 185 185 186 187 186 187 187 187 187 188 188 189 190 189 190 190 190 190 191 191 192 193 192 193 193 193 193 194 193 194 195 195 196 196 196
229 228 228 229 229 228 228 227 227 227 227 227 226 226 226 226 225 225 225 224 223 223 222 222 223 222 221 220 220 218 219 218 218 217 215 215 213 214 212 211 209 209 208 205 205 203 201 199 197 192 188 182 181 183 183 183 183 184 184 184 184 185 186 186 187 186 187 187 187 187 188 189 189 190 189 190 190 190 190 191 191 191 193 192 193 193 193 193 194 193 194 194 195 196
228 228 228 227 228 228 228 226 227 226 226 226 226 225 225 225 224 224 224 224 223 222 221 222 222 221 221 220 219 218 218 216 217 217 215 214 213 213 210 210 210 208 207 206 204 202 201 198 196 193 189 180 181 182 181 182 183 183 183 184 183 184 185 184 185 186 186 186 187 187 187 188 188 188 189 190 189 190 189 190 190 190 191 191 191 192 193 192 193 193 193 194 194 194
228 228 227 227 226 227 227 227 227 225 226 225 226 225 225 225 223 224 223 224 222 222 222 221 221 220 219 219 219 218 217 216 216 215 215 214 212 212 211 210 208 207 207 205 204 202 200 197 196 191 189 180 181 181 181 182 181 182 182 183 183 184 184 184 185 184 185 185 186 186 187 186 187 188 187 188 188 189 189 190 189 190 191 190 191 191 191 191 193 192 193 193 193 194
227 227 227 227 226 226 226 226 226 225 226 224 224 224 225 224 223 224 222 222 221 222 221 221 220 219 219 218 217 217 217 216 215 214 214 213 212 212 210 209 208 207 205 204 204 201 200 198 195 192 188 178 180 181 180 181 181 182 181 182 182 183 183 184 184 184 185 184 185 185 185 186 187 187 187 188 187 188 188 188 188 190 190 190 190 190 191 190 191 191 191 191 193 193
226 226 226 226 226 226 225 225 225 225 225 224 224 223 223 222 224 223 222 222 220 221 220 221 219 219 219 217 217 216 215 215 215 214 213 213 212 210 209 210 207 207 205 203 202 200 199 197 195 192 188 178 179 178 179 181 180 181 181 181 181 182 181 182 184 183 184 184 184 184 185 184 185 187 186 187 187 187 187 188 187 188 188 188 190 190 190 190 191 190 191 190 191 192
226 225 225 225 225 225 224 225 225 224 224 224 223 223 223 221 222 222 222 221 221 221 219 219 218 218 218 217 217 215 215 214 213 213 213 212 211 210 209 208 206 207 204 203 202 200 199 196 194 191 188 181 178 178 179 179 179 180 180 181 181 181 181 182 182 182 183 183 184 184 184 184 185 184 185 186 185 187 187 187 187 188 187 188 188 188 189 189 190 190 190 190 191 191
225 226 225 225 224 224 225 224 224 224 224 222 223 223 222 221 222 221 220 220 221 220 219 219 217 217 216 216 217 216 216 214 213 212 211 211 211 210 208 208 206 205 203 204 201 200 199 195 194 191 187 181 178 177 178 179 178 179 179 179 180 181 181 181 181 182 182 182 183 182 184 183 184 184 184 185 185 185 185 186 186 187 187 187 188 188 188 188 189 188 189 189 190 190
224 225 224 224 224 224 223 223 223 223 223 222 223 221 221 222 221 220 220 220 219 219 219 218 217 217 216 216 216 214 215 214 214 211 211 210 209 209 208 207 206 205 203 202 200 199 197 196 194 190 187 181 176 176 178 177 178 179 178 179 179 179 179 181 180 181 182 181 182 182 182 182 183 183 184 185 184 185 185 185 185 186 185 187 186 187 188 187 188 188 188 188 189 188
224 224 223 224 223 223 223 223 221 222 223 221 222 221 221 220 220 220 219 220 219 218 217 217 216 217 216 216 214 214 214 212 213 212 211 209 209 208 207 206 206 204 203 202 199 198 196 194 193 190 188 181 176 176 176 176 177 178 178 179 178 179 179 179 179 180 181 181 182 181 182 182 182 182 182 182 184 184 184 185 184 185 185 185 185 186 187 187 188 187 188 187 188 188
223 223 223 223 222 223 222 222 222 222 220 221 222 220 220 220 220 218 218 219 218 218 217 216 216 216 215 215 214 214 213 212 212 210 211 209 208 207 207 206 204 203 203 201 199 199 196 194 193 189 186 182 175 175 176 175 176 176 176 178 178 178 178 179 178 179 179 179 180 181 181 181 182 181 182 182 182 183 183 184 184 185 184 185 184 185 186 185 186 186 187 187 188 187
222 223 222 223 222 222 221 222 222 221 220 221 220 219 221 219 219 218 219 217 217 218 216 217 216 215 214 214 213 213 213 212 211 210 210 208 207 207 206 204 204 203 201 200 199 198 196 195 191 189 187 181 174 175 175 175 176 175 176 177 176 177 178 178 178 179 178 179 180 179 180 180 181 181 182 181 182 182 182 183 182 183 184 184 184 185 184 185 186 185 186 185 186 187
222 221 222 222 221 222 221 220 220 221 220 220 219 219 219 218 219 217 218 217 217 215 215 216 215 215 214 213 212 212 210 211 211 210 209 208 207 205 205 205 203 203 201 200 198 197 194 194 191 188 186 181 173 173 174 173 175 175 176 176 176 176 176 177 176 178 178 178 178 179 179 179 180 179 180 181 181 181 182 182 182 183 182 183 182 184 184 184 185 185 185 185 186 185
222 221 220 220 221 222 220 220 220 219 218 220 219 218 219 218 217 217 218 216 216 215 216 215 214 214 213 213 212 211 210 210 209 209 209 207 207 205 205 203 202 202 200 200 198 196 194 193 190 188 185 181 173 173 173 173 174 173 175 175 175 176 176 176 176 177 176 177 178 178 179 179 179 179 180 179 180 179 181 182 181 182 182 182 182 183 182 183 183 184 185 184 185 185
222 220 221 220 219 219 220 221 219 219 219 218 217 219 218 217 217 217 216 215 216 214 215 214 213 213 212 212 211 211 210 209 208 208 207 206 207 205 204 203 202 200 200 199 197 196 194 192 190 188 184 180 173 172 173 173 173 173 174 173 174 176 175 176 176 176 176 176 176 177 177 178 179 178 179 179 179 179 180 179 180 182 181 182 181 182 182 182 182 183 183 183 184 184
220 220 221 219 219 219 218 219 219 219 218 218 217 217 216 217 216 216 216 215 214 214 215 213 213 213 211 211 210 209 209 209 208 207 207 206 205 204 204 202 202 200 199 197 196 195 194 192 189 187 184 180 172 171 171 172 173 172 173 173 173 173 174 174 175 176 175 176 176 176 176 177 177 177 179 178 179 178 179 179 179 180 180 180 181 182 181 182 181 182 183 182 183 183
220 219 219 219 220 218 218 218 217 217 218 218 216 217 216 215 215 216 215 214 214 214 213 212 212 211 211 211 210 210 209 208 208 207 205 205 205 204 203 201 202 199 199 197 196 195 193 191 188 188 183 180 173 170 171 171 171 172 173 172 173 173 173 174 174 174 174 176 175 176 175 176 177 176 177 177 177 178 179 178 179 179 179 180 179 180 180 180 181 182 181 182 182 182
218 218 219 218 218 218 218 217 217 216 216 216 216 217 215 215 215 214 213 214 214 213 213 211 211 210 210 210 210 210 208 208 207 206 204 205 203 203 203 200 200 199 197 196 196 193 192 191 188 186 183 180 173 170 169 170 171 170 171 171 172 172 173 172 173 174 173 174 174 174 175 176 175 176 177 176 177 176 177 177 178 178 179 179 179 180 179 180 179 180 180 181 182 182
218 218 218 217 218 217 216 217 217 216 216 216 215 215 215 215 214 214 213 212 213 213 212 211 211 209 210 209 208 209 208 208 206 206 205 203 202 203 202 200 200 198 197 196 194 193 192 190 188 186 182 179 173 168 169 170 170 170 171 170 171 171 171 172 173 173 173 174 173 174 173 174 174 175 176 176 176 176 177 176 177 176 177 178 178 179 179 179 179 180 179 180 179 180
217 216 217 217 217 216 217 216 215 216 216 214 215 215 213 214 214 213 212 213 212 211 211 210 210 210 210 208 208 207 206 207 206 205 204 204 201 201 200 201 199 198 197 195 194 192 190 188 188 185 182 180 173 168 168 168 169 170 170 170 170 170 171 170 171 171 172 173 173 173 173 174 173 174 174 174 176 175 176 176 176 176 177 176 177 177 177 179 178 179 179 179 179 179
216 217 216 215 216 216 216 215 215 215 214 214 215 214 213 214 212 212 212 212 211 211 210 209 210 209 209 208 208 206 206 206 204 204 204 203 202 201 199 199 198 196 196 195 193 191 191 188 186 185 182 179 174 167 167 168 167 168 169 169 170 170 170 170 171 170 171 172 171 173 172 173 173 173 173 174 174 174 175 175 176 175 176 176 176 176 177 177 177 177 178 179 178 179
216 216 215 215 215 214 216 215 214 214 214 212 213 213 213 213 212 212 210 211 211 210 209 209 209 208 208 206 207 206 206 204 204 204 202 202 202 200 199 199 197 196 196 193 193 192 190 188 186 183 181 179 172 167 167 167 167 168 167 168 169 168 170 169 170 170 170 170 171 171 171 172 172 173 173 173 173 173 174 174 174 174 176 175 176 175 176 177 176 177 177 177 177 177
214 216 215 215 214 214 214 213 214 214 213 213 213 211 211 212 211 211 211 211 209 209 208 209 208 208 207 206 206 204 205 204 203 202 202 201 200 200 198 198 197 195 195 193 192 190 189 187 186 183 180 178 173 165 165 167 166 167 167 167 168 168 168 168 169 169 170 170 170 171 170 171 171 171 171 173 172 173 174 173 174 173 174 174 174 174 176 175 176 176 176 177 176 177
214 215 213 215 214 213 213 213 213 212 213 213 212 211 212 210 210 211 210 210 209 208 207 208 207 207 207 206 205 204 204 202 202 202 201 201 200 199 197 197 195 195 194 192 192 190 188 186 185 182 181 177 173 165 165 165 165 166 166 167 167 167 168 167 168 168 168 168 170 169 170 171 170 171 171 171 171 171 172 173 173 173 174 173 174 173 174 174 174 176 175 176 176 176
214 213 213 214 212 213 213 212 212 212 211 211 212 211 211 210 210 208 209 210 208 208 208 207 206 206 204 205 205 203 203 202 202 200 200 200 199 199 198 196 195 195 192 193 191 189 188 186 184 182 180 176 173 163 164 165 164 165 165 165 165 167 166 167 168 167 168 168 168 168 168 169 170 170 170 171 170 171 171 171 171 172 173 173 173 173 173 173 174 173 174 175 174 176
213 213 213 213 212 213 211 212 212 211 210 211 210 209 211 210 209 209 209 207 207 207 207 207 206 205 204 204 202 203 204 202 201 200 199 198 198 197 197 196 194 194 192 191 189 188 187 185 184 181 179 176 172 162 163 164 164 165 164 165 165 165 165 165 167 167 167 167 168 167 168 168 168 169 169 170 170 170 170 171 170 171 171 171 172 172 173 173 173 173 173 174 174 174
213 211 212 212 211 212 211 211 210 211 210 210 209 209 209 208 209 208 208 207 206 206 206 206 205 205 204 203 203 203 202 201 202 200 199 198 197 196 196 194 194 194 191 191 189 187 186 185 184 181 179 175 172 164 162 162 162 164 164 164 164 165 164 165 165 165 166 167 167 167 167 167 168 167 168 169 168 170 169 170 170 170 170 171 171 171 171 171 173 172 173 172 173 174
212 211 211 210 211 211 210 210 210 210 209 210 209 209 208 208 207 207 208 206 206 206 205 205 204 203 203 204 202 202 201 200 200 199 199 197 197 195 195 194 192 192 191 190 188 188 185 184 182 179 178 175 171 164 162 161 162 162 162 163 164 164 164 164 164 165 165 165 166 165 167 167 167 167 167 168 168 168 168 169 169 170 169 170 171 170 171 170 171 171 171 171 173 173
212 211 211 210 210 209 210 210 209 209 209 208 207 209 207 207 207 207 206 205 205 205 205 204 203 203 202 202 202 202 200 200 199 198 198 197 196 195 195 193 192 191 190 189 187 187 185 184 181 180 178 174 171 164 161 161 161 161 162 162 162 163 162 164 164 164 164 165 165 165 165 165 166 166 167 167 167 168 167 168 168 168 168 168 169 170 170 170 171 170 171 170 171 171
209 210 211 209 209 209 209 208 209 209 208 208 207 207 206 207 206 206 206 204 205 204 203 203 203 202 202 202 201 200 199 200 198 198 198 196 196 194 193 193 193 190 190 189 187 186 183 183 181 179 176 174 170 164 160 159 161 161 161 161 162 162 162 162 162 163 163 164 164 164 165 165 165 165 165 165 167 166 167 167 167 168 167 168 168 168 168 169 170 170 170 170 170 170
209 209 208 209 209 208 208 208 208 206 208 208 206 207 206 205 205 206 204 204 205 203 203 202 201 202 202 200 200 200 198 198 197 197 196 196 195 193 193 191 191 190 189 187 187 185 183 182 179 178 176 173 170 165 159 159 159 159 160 160 161 161 161 162 162 162 162 162 162 164 164 164 165 164 165 164 165 165 165 166 167 167 167 167 167 168 167 168 168 168 169 169 170 169
209 208 208 208 207 208 208 207 207 206 206 205 206 206 205 205 205 204 203 203 203 203 203 201 201 201 200 200 200 199 198 198 196 196 195 195 194 194 192 191 191 188 188 186 186 184 183 182 179 177 175 173 168 164 159 158 159 159 159 159 160 159 161 161 161 162 161 162 162 162 162 162 164 164 164 164 165 164 165 164 165 166 165 167 166 167 167 167 167 168 168 168 168 168
208 208 208 207 207 207 206 207 207 206 206 205 205 204 205 204 204 204 202 203 202 201 202 201 201 200 200 198 198 197 197 197 196 195 194 194 192 192 191 190 190 188 187 186 185 182 183 182 179 177 175 172 168 164 156 158 158 158 159 158 159 159 159 159 160 161 161 161 161 162 161 162 162 162 163 163 164 164 164 164 165 164 165 165 165 166 165 167 166 167 168 167 168 167
207 206 207 207 206 206 205 205 205 206 206 204 205 204 203 203 204 203 202 203 201 201 200 199 201 200 199 198 198 196 196 195 195 195 194 193 192 192 190 189 190 188 187 186 184 182 182 179 178 177 174 172 168 163 156 156 156 157 158 158 159 158 159 158 159 159 159 160 161 161 161 161 161 162 162 162 163 162 163 163 164 164 164 165 164 165 165 165 165 165 166 167 167 167
206 205 206 205 206 206 205 205 204 204 204 204 204 203 203 202 202 202 201 202 201 201 199 200 199 198 199 198 197 196 196 194 194 193 193 193 192 191 190 188 187 187 185 185 184 182 181 179 177 175 173 170 168 164 155 156 155 156 156 156 157 158 158 158 159 158 159 159 159 160 159 161 161 161 161 161 162 162 162 162 162 162 164 163 164 164 164 165 164 165 164 165 165 165
206 206 205 205 205 204 205 205 203 204 203 202 203 203 202 202 202 200 201 201 199 200 199 199 198 198 196 196 196 195 195 194 193 192 192 191 190 191 189 188 187 186 184 184 182 182 181 178 177 174 172 170 166 162 155 155 155 156 155 156 156 156 157 156 158 158 158 158 159 159 159 159 159 160 160 161 160 161 162 161 162 161 162 162 162 162 164 164 164 164 164 164 164 165
205 205 205 203 204 204 203 203 203 204 202 202 202 201 201 202 201 200 201 199 199 199 197 199 198 197 196 196 194 194 194 193 193 192 191 190 190 189 188 189 186 186 184 183 182 180 179 177 176 174 173 169 166 163 153 154 153 155 155 155 155 156 156 156 156 156 157 157 158 158 158 159 158 159 159 159 159 160 161 161 161 161 162 161 162 161 162 163 162 164 163 164 164 164
205 204 203 203 204 202 203 203 201 202 202 202 201 201 200 200 200 198 200 199 198 197 198 197 196 197 195 195 194 193 194 193 192 192 191 189 189 188 187 187 185 184 184 183 181 180 179 176 175 172 171 169 166 161 153 153 153 154 153 154 154 155 155 155 156 156 156 156 156 156 158 158 158 159 158 159 158 159 159 159 160 160 161 161 161 161 161 161 162 162 162 162 162 164
204 204 203 203 202 202 203 201 202 202 200 201 201 200 200 200 199 198 199 197 198 197 197 196 196 195 194 194 193 194 193 192 192 191 190 188 189 187 187 186 184 184 182 181 181 179 177 177 175 172 171 167 165 162 152 152 152 153 153 153 153 154 153 155 154 155 156 155 156 156 156 156 156 158 158 158 158 158 158 159 158 159 159 159 160 160 161 160 161 161 161 162 161 162
204 204 202 202 202 200 201 201 201 200 200 201 199 199 200 199 198 199 198 197 197 195 197 196 195 194 194 193 193 192 192 192 190 190 190 188 187 186 186 185 185 182 182 181 179 178 177 176 174 172 170 167 164 160 153 150 152 152 152 153 152 153 153 153 153 154 155 155 155 155 156 155 156 155 156 157 156 158 157 158 158 158 158 158 159 159 159 159 160 160 161 161 161 161
203 203 202 202 200 200 201 199 200 200 199 199 199 198 198 198 196 198 197 196 196 196 195 194 195 193 193 194 192 192 191 190 190 190 188 188 188 185 185 184 183 182 181 180 179 177 176 175 172 171 169 167 164 159 153 150 150 150 151 152 152 153 152 153 152 153 153 153 154 154 155 155 155 155 156 155 156 156 156 157 157 158 157 158 159 158 159 158 159 158 159 159 160 161
203 203 201 201 200 201 200 199 200 198 198 199 198 197 198 197 196 197 195 196 195 195 195 194 193 192 192 192 192 192 190 190 188 188 187 187 186 185 184 183 183 180 180 180 178 177 176 174 172 170 168 166 163 160 154 149 150 150 150 150 150 151 152 152 152 152 152 153 152 153 154 153 155 154 155 155 155 156 155 156 156 156 156 156 157 158 158 158 158 158 159 158 159 158
