testData/tiles/oneDegree/grid2.0-13.0-3.0-14.0.asc
ncols   200
nrows   200
xllcorner   2.0
yllcorner   13.0
cellsize   0.005
NODATA_value   -9999.0
[rows 135 to 179 of 200, columns 96 to 191 of 200]
228 228 229 228 228 228 228 228 228 228 227 227 226 226 226 225 225 224 223 223 222 221 220 219 219 218 217 216 214 213 212 211 209 208 207 205 204 202 200 199 197 195 193 191 189 187 185 182 180 177 175 172 169 166 163 160 156 153 149 145 141 97 92 88 88 88 88 88 88 88 88 0 0 0 0 0 0 0 0 0 0 0 0 0 0 0 0 0 0 0 0 0 0 0 0 0
228 228 228 228 228 228 228 228 228 227 227 227 226 226 225 225 224 224 223 222 222 221 220 219 218 217 216 215 214 213 212 211 209 208 207 205 203 202 200 198 197 195 193 191 189 187 184 182 180 177 174 172 169 166 163 159 156 152 148 144 140 97 92 88 88 88 88 88 88 88 88 0 0 0 0 0 0 0 0 0 0 0 0 0 0 0 0 0 0 0 0 0 0 0 0 0
228 228 228 228 228 228 228 228 227 227 227 227 226 226 225 225 224 224 223 222 222 221 220 219 218 217 216 215 214 213 212 210 209 208 206 205 203 202 200 198 196 195 193 191 189 186 184 182 179 177 174 171 168 165 162 159 156 152 148 144 140 135 92 88 88 88 88 88 88 88 88 0 0 0 0 0 0 0 0 0 0 0 0 0 0 0 0 0 0 0 0 0 0 0 0 0
228 228 228 228 228 228 228 228 227 227 227 226 226 226 225 225 224 223 223 222 221 221 220 219 218 217 216 215 214 213 212 210 209 208 206 205 203 202 200 198 196 194 192 190 188 186 184 182 179 177 174 171 168 165 162 159 155 152 148 144 140 135 91 88 88 88 88 88 88 88 88 0 0 0 0 0 0 0 0 0 0 0 0 0 0 0 0 0 0 0 0 0 0 0 0 0
228 228 228 228 228 228 228 227 227 227 227 226 226 225 225 224 224 223 223 222 221 220 220 219 218 217 216 215 214 213 211 210 209 207 206 204 203 201 200 198 196 194 192 190 188 186 184 181 179 176 174 171 168 165 162 159 155 151 148 144 139 135 91 88 88 88 88 88 88 88 88 0 0 0 0 0 0 0 0 0 0 0 0 0 0 0 0 0 0 0 0 0 0 0 0 0
228 228 228 228 228 228 227 227 227 227 226 226 226 225 225 224 224 223 223 222 221 220 219 219 218 217 216 215 214 212 211 210 209 207 206 204 203 201 199 198 196 194 192 190 188 186 184 181 179 176 173 171 168 165 162 158 155 151 147 143 139 135 130 88 88 88 88 88 88 88 88 0 0 0 0 0 0 0 0 0 0 0 0 0 0 0 0 0 0 0 0 0 0 0 0 0
228 228 228 228 228 227 227 227 227 227 226 226 226 225 225 224 224 223 222 222 221 220 219 218 218 217 216 215 213 212 211 210 208 207 206 204 203 201 199 198 196 194 192 190 188 186 183 181 178 176 173 170 168 165 161 158 155 151 147 143 139 134 129 88 88 88 88 88 88 88 88 0 0 0 0 0 0 0 0 0 0 0 0 0 0 0 0 0 0 0 0 0 0 0 0 0
227 227 227 227 227 227 227 227 227 226 226 226 225 225 225 224 223 223 222 221 221 220 219 218 217 216 215 214 213 212 211 210 208 207 205 204 202 201 199 197 196 194 192 190 188 185 183 181 178 176 173 170 167 164 161 158 154 151 147 143 138 134 129 88 88 88 88 88 88 88 88 0 0 0 0 0 0 0 0 0 0 0 0 0 0 0 0 0 0 0 0 0 0 0 0 0
227 227 227 227 227 227 227 227 227 226 226 226 225 225 224 224 223 223 222 221 221 220 219 218 217 216 215 214 213 212 211 209 208 207 205 204 202 201 199 197 195 193 192 189 187 185 183 181 178 175 173 170 167 164 161 158 154 150 147 143 138 134 129 127 88 88 88 88 88 88 88 0 0 0 0 0 0 0 0 0 0 0 0 0 0 0 0 0 0 0 0 0 0 0 0 0
227 227 227 227 227 227 227 227 226 226 226 225 225 225 224 224 223 223 222 221 220 220 219 218 217 216 215 214 213 212 211 209 208 207 205 204 202 200 199 197 195 193 191 189 187 185 183 180 178 175 173 170 167 164 161 157 154 150 146 142 138 133 128 127 88 88 88 88 88 88 88 0 0 0 0 0 0 0 0 0 0 0 0 0 0 0 0 0 0 0 0 0 0 0 0 0
227 227 227 227 227 227 227 226 226 226 226 225 225 224 224 223 223 222 222 221 220 219 219 218 217 216 215 214 213 212 210 209 208 206 205 203 202 200 199 197 195 193 191 189 187 185 182 180 178 175 172 170 167 164 160 157 154 150 146 142 138 133 128 127 88 88 88 88 88 88 88 0 0 0 0 0 0 0 0 0 0 0 0 0 0 0 0 0 0 0 0 0 0 0 0 0
227 227 227 227 227 227 226 226 226 226 225 225 225 224 224 223 223 222 222 221 220 219 218 218 217 216 215 214 213 211 210 209 208 206 205 203 202 200 198 197 195 193 191 189 187 185 182 180 177 175 172 169 166 163 160 157 153 150 146 142 137 133 128 127 127 88 88 88 88 88 88 0 0 0 0 0 0 0 0 0 0 0 0 0 0 0 0 0 0 0 0 0 0 0 0 0
227 227 227 227 227 226 226 226 226 226 225 225 225 224 224 223 223 222 221 221 220 219 218 217 217 216 215 213 212 211 210 209 207 206 205 203 201 200 198 196 195 193 191 189 187 184 182 180 177 175 172 169 166 163 160 157 153 149 145 141 137 132 127 127 127 88 88 88 88 88 88 0 0 0 0 0 0 0 0 0 0 0 0 0 0 0 0 0 0 0 0 0 0 0 0 0
226 226 226 226 226 226 226 226 226 225 225 225 224 224 224 223 222 222 221 220 220 219 218 217 216 215 214 213 212 211 210 209 207 206 204 203 201 200 198 196 194 192 191 188 186 184 182 179 177 174 172 169 166 163 160 156 153 149 145 141 137 132 127 127 127 88 88 88 88 88 88 0 0 0 0 0 0 0 0 0 0 0 0 0 0 0 0 0 0 0 0 0 0 0 0 0
226 226 226 226 226 226 226 226 226 225 225 225 224 224 223 223 222 222 221 220 220 219 218 217 216 215 214 213 212 211 210 208 207 206 204 203 201 199 198 196 194 192 190 188 186 184 182 179 177 174 171 169 166 163 159 156 152 149 145 141 136 132 127 127 127 88 88 88 88 88 0 0 0 0 0 0 0 0 0 0 0 0 0 0 0 0 0 0 0 0 0 0 0 0 0 0
226 226 226 226 226 226 226 226 225 225 225 224 224 224 223 223 222 221 221 220 219 219 218 217 216 215 214 213 212 211 209 208 207 205 204 202 201 199 198 196 194 192 190 188 186 184 181 179 176 174 171 168 165 162 159 156 152 148 145 140 136 131 127 127 127 127 88 88 88 88 0 0 0 0 0 0 0 0 0 0 0 0 0 0 0 0 0 0 0 0 0 0 0 0 0 0
226 226 226 226 226 226 226 225 225 225 225 224 224 223 223 222 222 221 221 220 219 218 218 217 216 215 214 213 212 210 209 208 207 205 204 202 201 199 197 196 194 192 190 188 186 183 181 179 176 174 171 168 165 162 159 155 152 148 144 140 136 131 127 127 127 127 88 88 88 88 0 0 0 0 0 0 0 0 0 0 0 0 0 0 0 0 0 0 0 0 0 0 0 0 0 0
226 226 226 226 226 226 225 225 225 225 224 224 224 223 223 222 222 221 220 220 219 218 217 217 216 215 214 213 211 210 209 208 206 205 204 202 200 199 197 195 194 192 190 188 185 183 181 179 176 173 171 168 165 162 159 155 152 148 144 140 135 131 127 127 127 127 88 88 88 88 0 0 0 0 0 0 0 0 0 0 0 0 0 0 0 0 0 0 0 0 0 0 0 0 0 0
226 226 226 226 226 225 225 225 225 225 224 224 224 223 223 222 222 221 220 220 219 218 217 216 215 214 213 212 211 210 209 208 206 205 203 202 200 199 197 195 193 191 189 187 185 183 181 178 176 173 170 168 165 162 158 155 151 148 144 139 135 130 127 127 127 127 127 88 88 88 0 0 0 0 0 0 0 0 0 0 0 0 0 0 0 0 0 0 0 0 0 0 0 0 0 0
225 225 225 225 225 225 225 225 225 224 224 224 223 223 222 222 221 221 220 219 219 218 217 216 215 214 213 212 211 210 209 207 206 205 203 202 200 198 197 195 193 191 189 187 185 183 180 178 176 173 170 167 164 161 158 155 151 147 143 139 135 130 127 127 127 127 127 88 88 88 0 0 0 0 0 0 0 0 0 0 0 0 0 0 0 0 0 0 0 0 0 0 0 0 0 0
225 225 225 225 225 225 225 225 225 224 224 224 223 223 222 222 221 221 220 219 219 218 217 216 215 214 213 212 211 210 208 207 206 204 203 201 200 198 197 195 193 191 189 187 185 183 180 178 175 173 170 167 164 161 158 154 151 147 143 139 134 130 127 127 127 127 127 88 88 88 0 0 0 0 0 0 0 0 0 0 0 0 0 0 0 0 0 0 0 0 0 0 0 0 0 0
225 225 225 225 225 225 225 225 224 224 224 223 223 223 222 222 221 220 220 219 218 218 217 216 215 214 213 212 211 210 208 207 206 204 203 201 200 198 196 195 193 191 189 187 185 182 180 178 175 172 170 167 164 161 157 154 150 147 143 138 134 129 127 127 127 127 127 88 88 88 0 0 0 0 0 0 0 0 0 0 0 0 0 0 0 0 0 0 0 0 0 0 0 0 0 0
225 225 225 225 225 225 225 224 224 224 224 223 223 222 222 221 221 220 220 219 218 217 217 216 215 214 213 212 210 209 208 207 205 204 203 201 199 198 196 194 192 191 189 186 184 182 180 177 175 172 169 167 164 160 157 154 150 146 142 138 134 129 127 127 127 127 127 127 88 88 0 0 0 0 0 0 0 0 0 0 0 0 0 0 0 0 0 0 0 0 0 0 0 0 0 0
225 225 225 225 225 225 224 224 224 224 223 223 223 222 222 221 221 220 219 219 218 217 216 215 215 214 212 211 210 209 208 207 205 204 202 201 199 198 196 194 192 190 188 186 184 182 180 177 175 172 169 166 163 160 157 153 150 146 142 138 133 128 127 127 127 127 127 127 88 88 0 0 0 0 0 0 0 0 0 0 0 0 0 0 0 0 0 0 0 0 0 0 0 0 0 0
224 225 225 225 224 224 224 224 224 224 223 223 222 222 222 221 220 220 219 219 218 217 216 215 214 213 212 211 210 209 208 206 205 204 202 201 199 197 196 194 192 190 188 186 184 182 179 177 174 172 169 166 163 160 157 153 150 146 142 137 133 128 127 127 127 127 127 127 88 88 0 0 0 0 0 0 0 0 0 0 0 0 0 0 0 0 0 0 0 0 0 0 0 0 0 0
224 224 224 224 224 224 224 224 224 223 223 223 222 222 221 221 220 220 219 218 218 217 216 215 214 213 212 211 210 209 207 206 205 203 202 200 199 197 195 194 192 190 188 186 184 181 179 177 174 171 169 166 163 160 156 153 149 145 141 137 133 128 127 127 127 127 127 127 88 88 0 0 0 0 0 0 0 0 0 0 0 0 0 0 0 0 0 0 0 0 0 0 0 0 0 0
224 224 224 224 224 224 224 224 223 223 223 222 222 222 221 221 220 219 219 218 217 217 216 215 214 213 212 211 210 209 207 206 205 203 202 200 199 197 195 193 192 190 188 186 183 181 179 176 174 171 168 166 162 159 156 153 149 145 141 137 132 127 127 127 127 127 127 127 127 88 0 0 0 0 0 0 0 0 0 0 0 0 0 0 0 0 0 0 0 0 0 0 0 0 0 0
224 224 224 224 224 224 224 223 223 223 223 222 222 221 221 220 220 219 219 218 217 216 216 215 214 213 212 211 209 208 207 206 204 203 202 200 198 197 195 193 191 189 187 185 183 181 179 176 174 171 168 165 162 159 156 152 149 145 141 136 132 127 127 127 127 127 127 127 127 88 0 0 0 0 0 0 0 0 0 0 0 0 0 0 0 0 0 0 0 0 0 0 0 0 0 0
224 224 224 224 224 224 223 223 223 223 222 222 222 221 221 220 220 219 218 218 217 216 215 214 214 213 212 210 209 208 207 206 204 203 201 200 198 197 195 193 191 189 187 185 183 181 178 176 173 171 168 165 162 159 155 152 148 144 140 136 131 127 127 127 127 127 127 127 127 88 0 0 0 0 0 0 0 0 0 0 0 0 0 0 0 0 0 0 0 0 0 0 0 0 0 0
224 224 224 224 224 223 223 223 223 223 222 222 222 221 221 220 220 219 218 218 217 216 215 214 213 212 211 210 209 208 207 205 204 203 201 200 198 196 195 193 191 189 187 185 183 180 178 176 173 170 168 165 162 158 155 152 148 144 140 136 131 127 127 127 127 127 127 127 127 39 0 0 0 0 0 0 0 0 0 0 0 0 0 0 0 0 0 0 0 0 0 0 0 0 0 0
223 223 223 223 223 223 223 223 223 222 222 222 221 221 220 220 219 219 218 217 217 216 215 214 213 212 211 210 209 208 206 205 204 202 201 199 198 196 194 193 191 189 187 185 182 180 178 175 173 170 167 164 161 158 155 151 148 144 140 135 131 127 127 127 127 127 127 127 127 39 0 0 0 0 0 0 0 0 0 0 0 0 0 0 0 0 0 0 0 0 0 0 0 0 0 0
223 223 223 223 223 223 223 223 222 222 222 222 221 221 220 220 219 219 218 217 216 216 215 214 213 212 211 210 209 207 206 205 204 202 201 199 198 196 194 192 190 189 186 184 182 180 178 175 173 170 167 164 161 158 155 151 147 143 139 135 130 127 127 127 127 127 127 127 127 39 0 0 0 0 0 0 0 0 0 0 0 0 0 0 0 0 0 0 0 0 0 0 0 0 0 0
223 223 223 223 223 223 223 223 222 222 222 221 221 221 220 219 219 218 218 217 216 215 215 214 213 212 211 210 208 207 206 205 203 202 200 199 197 196 194 192 190 188 186 184 182 180 177 175 172 170 167 164 161 158 154 151 147 143 139 135 130 127 127 127 127 127 127 127 127 39 0 0 0 0 0 0 0 0 0 0 0 0 0 0 0 0 0 0 0 0 0 0 0 0 0 0
223 223 223 223 223 223 222 222 222 222 222 221 221 220 220 219 219 218 217 217 216 215 214 213 213 212 210 209 208 207 206 204 203 202 200 199 197 195 194 192 190 188 186 184 182 179 177 175 172 169 166 164 160 157 154 150 147 143 139 134 129 127 127 127 127 127 127 127 127 39 0 0 0 0 0 0 0 0 0 0 0 0 0 0 0 0 0 0 0 0 0 0 0 0 0 0
223 223 223 223 223 222 222 222 222 222 221 221 221 220 220 219 219 218 217 217 216 215 214 213 212 211 210 209 208 207 206 204 203 201 200 198 197 195 193 192 190 188 186 184 181 179 177 174 172 169 166 163 160 157 154 150 146 142 138 134 129 127 127 127 127 127 127 127 127 39 39 0 0 0 0 0 0 0 0 0 0 0 0 0 0 0 0 0 0 0 0 0 0 0 0 0
222 222 222 222 222 222 222 222 222 221 221 221 220 220 219 219 218 218 217 216 216 215 214 213 212 211 210 209 208 207 205 204 203 201 200 198 197 195 193 191 190 188 186 183 181 179 176 174 171 169 166 163 160 157 153 150 146 142 138 133 129 127 127 127 127 127 127 127 127 39 39 0 0 0 0 0 0 0 0 0 0 0 0 0 0 0 0 0 0 0 0 0 0 0 0 0
222 222 222 222 222 222 222 222 221 221 221 221 220 220 219 219 218 218 217 216 215 215 214 213 212 211 210 209 208 206 205 204 202 201 200 198 196 195 193 191 189 187 185 183 181 179 176 174 171 168 166 163 160 156 153 149 146 142 138 133 128 127 127 127 127 127 127 127 127 39 39 0 0 0 0 0 0 0 0 0 0 0 0 0 0 0 0 0 0 0 0 0 0 0 0 0
222 222 222 222 222 222 222 222 221 221 221 220 220 220 219 218 218 217 217 216 215 214 214 213 212 211 210 209 207 206 205 204 202 201 199 198 196 194 193 191 189 187 185 183 181 178 176 173 171 168 165 162 159 156 153 149 145 141 137 133 128 127 127 127 127 127 127 127 127 39 39 0 0 0 0 0 0 0 0 0 0 0 0 0 0 0 0 0 0 0 0 0 0 0 0 0
222 222 222 222 222 222 222 221 221 221 220 220 220 219 219 218 218 217 216 216 215 214 213 212 211 210 209 208 207 206 205 203 202 201 199 198 196 194 192 191 189 187 185 183 180 178 176 173 171 168 165 162 159 156 152 149 145 141 137 132 127 127 127 127 127 127 127 127 127 39 39 39 0 0 0 0 0 0 0 0 0 0 0 0 0 0 0 0 0 0 0 0 0 0 0 0
222 222 222 222 222 221 221 221 221 221 220 220 220 219 219 218 217 217 216 216 215 214 213 212 211 210 209 208 207 206 204 203 202 200 199 197 196 194 192 190 189 187 184 182 180 178 175 173 170 168 165 162 159 155 152 148 145 141 136 132 127 127 127 127 127 127 127 127 127 39 39 39 0 0 0 0 0 0 0 0 0 0 0 0 0 0 0 0 0 0 0 0 0 0 0 0
221 221 221 221 221 221 221 221 221 220 220 220 219 219 218 218 217 217 216 215 215 214 213 212 211 210 209 208 207 206 204 203 202 200 199 197 195 194 192 190 188 186 184 182 180 178 175 173 170 167 164 161 158 155 152 148 144 140 136 131 127 127 127 127 127 127 127 127 127 39 39 39 0 0 0 0 0 0 0 0 0 0 0 0 0 0 0 0 0 0 0 0 0 0 0 0
221 221 221 221 221 221 221 221 220 220 220 220 219 219 218 218 217 216 216 215 214 214 213 212 211 210 209 208 206 205 204 203 201 200 198 197 195 194 192 190 188 186 184 182 180 177 175 172 170 167 164 161 158 155 151 148 144 140 136 131 127 127 127 127 127 127 127 127 127 39 39 39 0 0 0 0 0 0 0 0 0 0 0 0 0 0 0 0 0 0 0 0 0 0 0 0
221 221 221 221 221 221 221 220 220 220 220 219 219 218 218 217 217 216 216 215 214 213 212 212 211 210 209 207 206 205 204 202 201 200 198 197 195 193 192 190 188 186 184 182 179 177 175 172 169 167 164 161 158 154 151 147 144 140 135 131 127 127 127 127 127 127 127 127 127 39 39 39 0 0 0 0 0 0 0 0 0 0 0 0 0 0 0 0 0 0 0 0 0 0 0 0
221 221 221 221 221 221 220 220 220 220 219 219 219 218 218 217 217 216 215 215 214 213 212 211 210 209 208 207 206 205 204 202 201 199 198 196 195 193 191 189 188 186 183 181 179 177 174 172 169 166 164 161 157 154 151 147 143 139 135 130 127 127 127 127 127 127 127 127 39 39 39 39 39 0 0 0 0 0 0 0 0 0 0 0 0 0 0 0 0 0 0 0 0 0 0 0
221 221 221 221 221 220 220 220 220 220 219 219 218 218 218 217 216 216 215 214 214 213 212 211 210 209 208 207 206 205 203 202 201 199 198 196 194 193 191 189 187 185 183 181 179 176 174 171 169 166 163 160 157 154 150 147 143 139 134 130 127 127 127 127 127 127 127 127 39 39 39 39 39 0 0 0 0 0 0 0 0 0 0 0 0 0 0 0 0 0 0 0 0 0 0 0
