testData/tiles/oneDegree/grid5.0-7.0-6.0-8.0.asc
ncols   200
nrows   200
xllcorner   5.0
yllcorner   7.0
cellsize   0.005
NODATA_value   -9999.0
[rows 126 to 167 of 200, columns 0 to 93 of 200]
328 329 329 330 331 332 333 333 333 334 334 335 335 337 337 338 337 338 338 339 339 340 342 342 343 342 343 343 344 344 345 345 345 345 345 347 347 347 348 349 350 350 349 350 350 351 351 351 352 352 351 352 352 352 353 353 354 355 354 355 355 355 356 356 356 356 356 356 357 357 357 366 366 365 366 367 367 367 368 368 367 369 369 369 370 370 370 371 371 371 372 373 373 375
328 329 329 330 331 332 333 334 333 334 334 335 335 336 337 338 338 338 338 339 339 340 341 342 343 343 343 343 344 344 344 345 345 346 345 345 347 347 348 349 349 350 350 350 350 350 351 351 352 352 352 352 352 352 353 353 353 355 354 354 355 355 355 356 356 356 356 356 356 357 357 357 366 366 365 367 367 367 368 368 368 368 369 368 369 370 370 371 371 371 372 372 373 374
328 329 329 330 331 332 332 334 334 334 334 335 335 336 337 338 338 338 338 338 339 340 341 341 343 343 344 343 343 344 344 345 345 345 346 345 346 347 348 349 349 350 350 350 350 350 351 351 351 352 352 352 352 352 353 353 353 355 355 354 355 355 355 356 356 356 357 356 356 357 357 357 358 366 366 367 367 367 368 368 368 368 367 368 368 370 370 370 371 371 371 372 373 374
329 328 329 330 331 331 332 333 334 334 334 334 335 335 336 337 338 338 339 338 339 340 341 341 342 343 343 344 343 344 344 345 345 345 346 346 346 346 347 349 349 350 350 350 351 350 350 351 351 352 352 352 352 352 352 353 354 354 355 355 355 355 355 356 356 356 357 357 356 357 357 357 358 366 367 366 367 367 367 368 368 367 368 368 368 368 370 370 370 372 371 371 374 374
328 329 329 330 331 331 332 332 334 334 335 335 335 335 336 337 338 338 339 339 340 340 340 341 341 343 343 344 344 344 344 344 345 345 346 346 346 346 347 349 349 349 350 350 351 350 350 351 351 351 352 352 353 352 352 353 354 354 355 355 355 355 355 355 356 356 356 357 357 356 357 357 357 358 367 367 367 367 367 368 367 367 367 367 368 368 370 370 370 372 372 371 373 374
327 329 330 331 331 331 332 332 334 334 335 335 336 335 336 336 338 338 338 339 340 341 340 341 341 342 343 343 344 344 344 344 345 345 345 346 346 347 347 347 348 349 350 350 350 351 350 351 351 351 352 352 352 353 352 353 354 354 355 355 355 356 355 355 356 356 356 357 357 356 357 357 357 358 367 367 368 367 366 366 367 367 367 368 367 368 369 370 370 370 372 371 372 373
327 328 329 331 331 331 331 332 332 334 334 335 335 336 335 336 336 338 338 339 340 341 341 341 341 341 342 343 344 344 345 344 344 345 345 346 346 347 348 347 348 348 350 350 350 351 351 350 351 351 352 352 352 353 353 353 354 354 354 355 355 355 356 355 355 356 356 356 357 357 356 357 357 358 359 367 367 367 366 366 367 367 367 368 368 368 368 369 370 370 372 373 371 371
327 328 329 331 331 332 331 332 332 334 334 335 335 336 336 336 336 338 338 339 340 341 341 341 341 341 342 342 344 344 344 345 344 345 345 346 346 346 348 348 348 348 348 349 350 351 351 351 351 351 351 352 352 352 353 354 354 354 354 355 355 355 356 356 355 356 356 356 357 357 357 357 357 358 359 358 366 367 366 366 366 367 367 367 368 368 368 369 370 370 370 372 372 371
327 327 329 331 331 332 332 332 332 333 334 335 335 336 336 337 336 337 338 338 340 340 341 341 342 341 342 342 343 344 344 345 345 345 345 345 346 347 348 348 348 348 348 349 349 350 351 351 352 351 351 352 352 352 353 354 354 354 354 354 355 355 356 356 355 356 356 356 357 357 357 358 357 358 357 358 366 366 367 366 366 367 367 367 368 368 367 368 369 370 370 371 372 371
327 327 329 330 331 331 332 332 333 332 334 334 335 335 336 336 337 336 337 338 340 340 341 341 342 342 341 342 342 344 344 345 345 345 345 345 346 347 347 348 348 349 348 348 349 349 350 350 351 352 351 351 352 352 353 354 354 355 354 354 355 355 355 356 356 355 356 356 356 357 357 356 358 357 357 358 358 366 367 367 366 367 367 367 367 368 368 368 369 369 370 370 371 372
328 327 329 329 331 331 332 332 333 333 333 334 335 335 336 336 337 337 338 339 340 340 340 341 341 342 342 342 342 343 344 344 345 345 346 345 345 347 347 348 348 349 349 348 349 349 349 350 350 351 352 351 352 352 353 354 354 354 355 354 355 355 355 356 356 356 356 356 356 356 356 356 358 357 357 358 358 358 366 367 367 366 367 367 367 368 368 368 368 368 370 370 371 372
328 328 328 329 331 331 332 332 333 333 334 334 335 335 336 336 337 337 337 339 339 340 340 341 341 342 342 343 342 342 343 344 345 345 346 346 345 347 347 348 348 348 349 349 349 349 349 350 350 350 351 351 351 351 353 354 354 354 355 354 354 355 355 355 356 355 355 355 355 355 356 356 357 358 357 357 358 358 366 367 367 366 367 367 367 367 368 368 366 368 369 370 370 371
328 329 329 329 329 331 331 332 332 333 333 334 334 335 335 336 336 337 337 339 339 340 340 341 341 341 342 342 343 342 343 343 345 345 345 346 346 347 347 347 348 348 349 349 349 349 349 350 350 350 351 351 351 351 352 352 353 353 354 354 353 354 354 354 355 355 355 356 355 355 356 356 357 358 358 357 358 358 358 366 367 367 366 367 367 367 368 367 367 368 369 369 370 371
328 330 330 330 329 331 331 332 332 333 333 334 334 335 335 336 336 337 337 339 339 341 340 340 341 341 342 342 343 343 342 343 343 345 345 346 347 347 347 347 348 348 348 349 349 350 349 349 350 350 350 351 351 351 352 352 353 353 353 354 354 353 354 354 354 355 355 355 355 355 355 357 357 357 358 358 357 358 358 366 367 367 367 367 367 367 366 367 367 368 369 369 369 370
329 329 330 330 330 330 331 332 332 333 333 334 334 336 335 336 336 336 337 338 339 339 341 340 341 341 342 342 342 343 343 343 343 344 345 345 347 347 348 347 347 348 348 349 349 349 350 349 350 350 350 351 351 351 352 352 353 353 353 354 354 354 354 354 354 355 355 355 356 355 355 357 357 357 358 358 357 358 358 358 367 367 367 366 367 366 366 367 367 368 368 369 369 370
329 330 330 330 331 330 332 331 332 332 333 333 334 334 336 335 336 336 337 338 339 339 340 341 341 341 341 342 342 343 343 344 343 343 344 344 347 347 348 348 347 348 348 348 349 349 350 350 349 350 350 351 351 352 353 352 352 353 353 353 354 354 354 354 354 355 355 355 356 356 355 357 357 357 357 358 358 357 358 358 358 367 367 366 366 366 366 366 367 368 368 369 369 369
328 330 330 330 331 331 331 332 332 332 333 333 334 334 335 336 337 336 338 338 339 339 339 340 341 341 341 342 342 343 343 343 344 343 344 344 346 347 347 348 348 348 348 348 349 349 350 350 349 350 350 350 351 352 352 353 352 353 353 353 354 354 354 354 354 354 355 355 355 356 356 356 357 357 357 358 358 358 358 358 358 359 366 366 366 366 366 366 368 368 368 368 369 369
328 330 330 331 330 331 331 332 332 332 332 333 333 334 334 336 336 337 337 338 338 339 339 340 340 342 341 342 342 342 343 343 344 344 344 344 345 346 347 348 348 348 348 348 349 349 349 350 350 349 350 350 351 352 352 353 353 352 353 353 353 354 354 355 354 354 355 355 355 356 356 356 357 357 357 357 358 358 358 358 358 357 366 366 366 367 366 366 367 368 368 368 369 369
329 331 330 331 331 331 331 332 332 333 332 333 333 334 334 335 336 337 338 338 338 339 339 340 340 340 342 341 342 342 343 343 343 344 344 345 345 346 346 346 348 348 349 348 348 349 349 350 350 350 350 350 350 352 352 353 353 353 353 353 353 354 354 354 355 354 354 355 355 355 357 357 356 357 357 357 358 358 358 357 357 357 358 366 366 366 366 366 367 368 368 368 368 367
329 330 332 330 331 331 331 332 332 333 333 333 333 334 334 335 335 337 338 338 338 338 339 339 340 340 341 342 342 342 342 343 343 344 344 346 345 345 346 346 347 347 348 348 348 349 349 349 350 350 351 350 350 352 352 352 353 353 352 353 353 354 354 354 355 355 354 355 355 355 357 357 357 357 357 357 358 357 357 357 357 357 357 358 366 366 367 366 367 367 368 368 367 368
331 330 332 332 331 331 332 331 332 333 333 333 333 333 334 334 335 336 338 338 339 338 339 339 340 340 341 341 342 342 342 343 343 344 344 345 346 345 346 346 346 347 347 349 348 348 349 349 350 350 350 351 351 351 352 352 353 353 353 353 353 353 354 354 354 355 354 354 355 355 356 357 357 357 357 357 356 357 357 357 358 357 357 358 366 366 366 368 367 367 368 367 367 367
330 331 330 332 333 331 332 332 332 332 333 333 334 333 334 334 335 335 338 338 339 339 339 339 339 340 340 341 341 343 342 343 343 343 344 345 346 345 345 346 346 347 347 347 348 347 349 349 349 350 350 351 352 351 352 352 352 353 353 353 353 353 354 354 354 355 355 354 355 355 356 357 357 356 356 356 356 357 357 357 357 357 357 357 358 366 366 368 367 367 366 367 367 367
330 331 331 331 332 333 331 332 331 332 332 333 333 334 333 334 334 336 336 338 338 339 339 339 339 340 340 341 341 341 343 342 343 343 344 345 345 346 345 346 346 347 347 347 348 348 347 348 349 350 350 350 352 351 352 352 352 353 353 353 354 353 353 354 354 354 355 355 354 355 356 355 356 356 356 356 356 356 357 357 357 358 357 357 358 358 366 367 368 366 366 367 367 367
331 330 331 332 332 333 333 332 332 332 332 334 333 334 334 334 334 336 336 337 338 339 339 340 339 340 340 340 341 341 342 342 343 343 343 345 345 346 346 346 346 346 347 347 348 348 348 348 348 348 349 350 352 352 351 352 352 352 353 353 354 353 353 354 354 354 355 355 354 355 355 355 356 356 356 357 356 356 357 357 357 357 358 357 357 358 366 367 367 367 366 366 367 367
331 331 331 331 332 332 333 333 332 333 332 333 334 334 334 335 334 336 336 337 337 338 339 339 340 339 340 340 341 341 342 342 342 343 343 345 345 346 346 346 346 346 347 347 347 348 348 349 348 348 349 349 350 351 351 351 351 351 352 353 352 353 352 352 353 353 353 354 354 354 355 355 355 356 356 356 356 356 356 357 357 357 358 357 357 358 358 366 366 367 366 366 367 367
331 331 332 331 332 333 333 333 333 332 333 332 333 334 334 334 335 335 336 336 337 338 339 339 340 339 340 340 340 341 341 342 342 343 344 344 345 345 346 346 347 346 346 347 347 348 348 348 348 348 349 349 350 351 351 351 351 351 351 352 352 353 353 352 353 353 353 354 354 355 355 355 355 356 356 356 357 356 356 357 357 357 357 358 357 357 358 358 366 367 367 366 366 367
332 332 331 332 331 332 333 333 334 333 333 333 333 334 335 334 335 336 336 336 337 337 339 339 339 340 339 340 340 341 341 342 342 342 344 344 345 345 346 346 346 347 346 347 347 347 348 348 349 348 348 349 350 350 351 351 351 351 351 352 352 352 353 353 352 353 353 353 354 355 355 355 355 355 356 356 356 357 356 356 357 357 357 358 358 356 357 358 358 366 367 366 366 367
332 333 332 332 332 332 332 333 333 334 333 333 333 333 334 335 334 336 336 336 336 337 337 339 339 340 340 340 340 341 341 341 342 342 344 343 345 345 345 346 346 347 347 346 347 347 348 348 348 349 348 350 350 350 351 351 351 351 351 351 352 352 353 353 352 353 353 353 354 355 355 355 355 355 356 356 356 357 356 356 356 357 357 356 357 356 357 358 358 366 367 367 366 366
331 332 333 332 332 332 332 334 333 334 334 334 333 334 333 335 334 336 336 337 336 337 337 338 339 340 340 340 340 340 341 341 342 342 344 344 343 345 345 346 346 346 347 346 347 347 347 348 348 349 349 349 350 350 350 351 351 352 351 351 352 352 352 353 353 352 353 353 353 355 355 355 355 355 355 356 356 356 357 356 356 357 356 356 357 357 357 357 358 358 366 367 367 366
332 332 333 333 333 332 332 332 334 333 334 335 334 334 333 334 335 336 336 336 337 336 337 337 338 339 340 340 341 340 341 341 341 342 343 344 344 344 344 345 346 346 347 347 346 347 347 348 348 348 349 349 350 350 350 351 351 351 352 351 351 352 352 353 353 353 353 353 354 355 355 355 356 355 355 356 356 356 357 357 355 355 356 356 356 357 357 357 358 358 358 366 367 366
331 332 332 333 333 333 333 332 333 334 334 334 335 334 334 333 335 336 336 336 337 337 337 337 338 338 340 340 340 341 340 341 341 342 343 344 344 343 344 344 345 346 346 347 347 347 347 347 348 348 349 350 349 350 350 350 351 351 352 351 351 352 352 352 353 353 352 353 354 354 355 355 355 355 355 355 356 356 355 356 355 355 356 356 356 357 358 357 357 358 358 358 367 366
331 332 331 333 333 333 333 333 333 334 335 334 335 334 335 334 335 336 337 336 337 337 338 337 337 338 338 340 340 341 341 341 341 341 343 343 344 344 344 344 344 345 345 347 347 347 347 347 348 348 348 350 350 350 350 350 351 351 351 352 351 351 352 352 353 353 353 353 354 354 355 355 355 356 355 355 355 355 355 356 356 355 355 356 356 357 358 358 357 358 358 358 357 366
332 331 332 333 333 334 333 334 333 333 334 334 334 335 334 335 335 335 336 336 336 337 337 338 337 338 338 339 340 341 341 341 341 341 343 343 344 344 344 344 344 345 345 345 346 347 347 347 347 348 348 350 350 350 350 350 350 351 351 352 352 351 352 352 352 353 353 353 354 354 354 355 355 355 355 354 354 355 355 355 356 356 355 356 356 357 358 358 357 357 358 357 357 366
333 331 332 332 333 333 334 334 334 334 333 335 334 335 335 335 336 336 335 337 336 337 337 338 338 337 338 338 339 339 341 341 341 341 343 343 343 344 344 345 344 344 345 345 346 346 346 346 347 348 348 349 350 350 350 350 350 351 351 351 352 351 351 352 352 353 353 353 354 354 354 354 354 354 355 354 354 355 355 355 355 356 355 355 356 357 357 358 358 356 357 357 357 357
332 333 332 332 334 333 334 334 334 334 333 333 335 334 335 335 336 336 335 335 337 336 337 337 338 338 338 338 339 339 340 341 341 342 342 343 343 344 344 344 345 344 345 345 345 346 346 347 346 346 347 349 350 350 350 350 350 350 351 351 352 352 351 352 352 352 353 353 353 353 353 353 354 354 354 355 354 354 355 355 355 356 356 355 356 357 357 357 357 356 356 357 357 357
332 333 333 332 332 334 333 334 334 334 335 333 335 335 335 335 336 336 337 335 336 337 337 337 338 338 339 338 338 339 339 340 341 343 342 343 343 343 344 344 345 344 344 345 345 346 346 346 347 346 347 348 348 349 349 350 349 349 350 350 350 351 351 350 351 351 351 352 353 354 353 353 354 354 354 355 355 354 354 355 355 355 356 355 355 357 357 356 357 357 356 356 357 357
333 332 333 334 332 333 334 334 334 334 334 335 333 335 335 335 336 336 336 337 335 336 336 337 337 338 338 338 338 339 339 340 340 341 343 342 343 343 344 344 344 345 344 345 345 345 346 346 347 346 347 348 348 349 349 349 349 349 349 350 350 351 351 350 351 351 351 352 353 353 353 353 353 354 354 354 355 354 354 355 355 355 356 356 355 356 356 356 356 357 357 356 357 357
333 333 333 333 334 332 333 334 334 335 334 335 335 334 335 335 336 337 336 337 336 336 336 337 337 338 338 339 338 338 339 339 340 341 342 343 343 343 343 344 344 345 345 344 345 345 346 346 346 347 347 348 348 348 349 349 350 349 349 350 350 350 351 351 350 351 351 351 353 353 353 353 353 354 354 354 354 355 354 354 355 355 355 356 355 355 356 356 356 357 357 356 356 357
331 333 334 333 334 334 333 334 334 334 335 334 335 335 334 336 336 337 337 337 337 336 336 336 337 337 338 338 339 338 339 339 340 341 341 342 341 343 343 344 344 344 345 345 345 345 345 346 346 347 348 347 348 348 349 349 349 350 349 349 350 350 351 351 351 351 351 351 353 353 353 354 353 353 354 354 354 355 354 354 355 355 354 355 355 355 355 356 356 356 357 357 356 357
332 333 333 334 333 334 334 333 335 334 335 335 335 335 335 334 337 336 337 336 337 337 336 336 336 337 338 338 339 339 338 339 339 341 341 342 342 342 343 343 344 344 345 345 344 345 345 346 346 346 348 347 348 348 348 349 349 350 349 349 350 350 350 351 351 350 351 352 352 353 353 353 353 353 353 354 354 354 355 354 354 354 354 354 355 356 355 356 356 356 356 357 356 356
332 332 333 334 333 334 334 334 333 335 334 335 334 335 336 335 337 336 337 337 337 337 337 336 336 336 337 338 338 339 339 339 339 341 341 341 342 342 342 342 344 344 344 345 345 345 345 345 346 346 348 348 347 348 348 349 349 349 350 349 349 350 350 350 351 351 351 352 352 353 353 353 354 353 353 354 354 354 355 354 353 354 354 354 354 356 355 355 356 356 356 357 357 355
333 332 333 333 334 333 334 335 334 334 334 335 335 335 335 336 335 337 336 337 337 337 337 337 336 337 336 338 338 339 339 338 339 340 341 341 342 342 343 342 342 343 344 345 345 345 345 345 346 346 347 348 348 348 348 348 349 349 349 350 349 350 350 350 351 351 351 352 352 352 353 353 353 353 353 353 354 353 353 354 353 353 354 354 354 356 356 355 356 356 356 356 356 355
