testData/tiles/oneDegree/grid8.0-21.0-9.0-22.0.asc
ncols   200
nrows   200
xllcorner   8.0
yllcorner   21.0
cellsize   0.005
NODATA_value   -9999.0
[rows 126 to 167 of 200, columns 94 to 187 of 200]
602 602 602 602 602 601 601 601 601 601 601 601 601 601 601 600 601 599 600 599 600 599 600 599 599 599 598 601 611 616 621 624 628 630 631 634 636 637 640 641 642 644 645 647 648 649 651 651 651 653 654 654 656 657 658 660 662 663 664 664 667 668 669 670 671 672 673 674 676 676 677 678 680 681 681 682 683 684 684 685 686 687 688 689 689 690 690 692 693 693 693 694 695 695
604 603 603 603 603 603 604 603 604 603 603 604 603 603 602 602 602 602 602 602 602 601 602 600 601 600 601 607 615 620 624 627 629 632 635 637 639 641 643 644 646 646 648 650 651 652 653 653 656 656 656 657 658 658 660 661 662 662 664 666 667 668 669 670 671 672 674 674 675 676 677 679 679 680 681 683 684 684 685 685 687 687 688 689 690 690 691 692 693 693 693 695 696 696
606 605 606 605 606 605 606 605 606 605 605 604 605 604 605 604 605 604 605 604 603 603 603 603 603 603 603 612 620 623 628 630 632 636 637 640 641 643 645 646 648 650 652 651 653 654 655 658 658 657 659 660 660 662 663 662 663 665 665 666 667 668 669 670 671 673 673 675 675 677 677 678 679 681 682 682 683 684 686 686 686 687 688 690 690 691 691 692 692 694 695 695 695 696
608 608 608 608 608 608 607 607 607 607 607 607 607 607 607 607 607 606 606 605 606 605 606 605 606 605 604 616 622 627 630 633 636 638 639 642 644 647 648 649 652 651 653 655 656 657 658 659 659 661 662 662 664 664 664 666 667 667 668 667 668 669 670 671 672 673 674 675 677 677 678 679 681 682 681 682 684 685 685 686 687 688 688 689 690 691 691 692 693 694 694 694 695 697
610 610 609 609 610 609 610 609 610 609 610 609 610 609 609 608 608 608 608 608 608 608 608 606 607 606 607 619 626 629 633 635 637 640 643 645 647 649 650 652 653 654 656 657 659 659 660 661 663 664 664 665 666 666 667 669 669 668 670 671 671 672 672 672 673 673 675 675 676 677 679 680 680 681 682 684 683 684 685 686 688 688 689 689 690 691 692 693 693 693 694 696 696 696
611 611 611 612 611 612 611 612 612 612 611 610 611 610 611 610 611 610 611 610 610 609 609 609 609 609 615 623 629 631 635 638 640 644 645 648 649 651 653 655 655 657 659 658 661 662 662 665 665 665 667 667 668 669 670 670 670 673 673 673 673 674 674 675 675 676 676 676 676 678 678 679 680 682 683 683 684 685 686 686 687 688 689 690 690 691 692 692 693 694 695 695 696 696
613 613 613 614 613 614 612 613 612 613 612 613 612 613 612 613 613 612 612 611 612 611 612 611 612 611 618 626 630 635 638 641 644 646 648 650 651 654 655 656 659 659 660 662 663 664 665 666 666 669 669 669 671 671 672 672 674 675 675 674 676 676 676 678 677 677 679 680 679 679 679 679 681 681 682 683 685 686 686 687 687 689 689 690 691 691 691 693 694 695 694 695 696 698
616 615 615 614 615 614 615 614 615 615 615 615 615 615 614 614 614 614 613 614 613 614 613 613 612 612 623 629 634 638 640 643 645 648 650 652 655 656 657 658 660 661 664 664 665 666 667 668 670 671 671 672 673 673 673 676 676 676 677 677 678 679 679 680 680 680 682 681 681 682 683 683 683 682 682 684 684 685 686 687 689 688 689 690 691 692 692 693 694 694 695 696 696 697
616 617 616 617 617 617 617 617 617 617 616 616 616 616 616 615 616 616 616 616 615 615 614 615 614 615 626 633 637 640 643 645 648 650 653 655 656 657 660 661 663 664 665 666 667 669 669 672 672 671 674 674 675 676 677 677 677 679 679 680 680 681 681 682 682 682 683 683 683 685 684 684 685 686 686 685 685 685 687 687 688 689 689 690 691 692 693 692 693 695 696 695 696 697
618 618 618 619 619 619 618 618 617 618 617 618 618 618 618 618 618 617 617 617 617 616 617 616 617 619 629 634 639 642 646 648 651 653 655 656 658 660 661 663 665 666 666 669 669 671 672 672 673 675 676 676 677 678 678 679 680 681 681 681 683 683 683 684 684 684 685 685 685 686 686 686 688 687 687 688 688 688 687 688 688 689 690 690 691 692 692 694 694 695 695 696 696 696
620 620 620 619 620 619 620 619 620 620 620 620 620 620 619 619 619 619 618 619 618 619 618 618 617 624 632 637 642 645 647 650 652 654 657 659 661 663 663 666 666 668 670 670 672 672 674 674 677 677 677 679 679 680 680 682 683 682 683 684 684 685 685 686 686 686 688 687 687 688 688 688 689 689 689 691 690 690 689 690 690 690 691 691 690 691 693 694 694 694 695 696 697 697
621 622 621 622 621 622 621 622 622 622 621 621 621 621 621 620 621 620 621 620 620 620 619 620 619 629 635 641 644 647 650 653 654 658 659 661 662 663 666 667 669 670 672 672 674 675 676 677 678 678 680 681 681 681 684 683 684 685 685 686 685 687 688 688 689 689 689 690 690 692 691 690 691 691 691 691 692 692 692 693 692 692 693 692 693 692 693 693 694 694 696 696 697 697
622 623 624 623 624 623 623 622 623 623 622 623 622 623 622 623 622 622 621 622 622 621 622 621 622 632 637 642 646 649 652 654 658 659 660 663 665 667 668 669 670 672 672 675 675 677 678 679 679 681 682 682 683 684 685 685 686 687 686 688 689 689 690 689 691 691 691 692 692 692 693 693 694 693 693 693 694 694 694 695 695 693 694 695 695 694 694 694 695 695 695 696 697 697
625 625 624 624 624 624 624 624 625 624 625 624 625 623 624 623 624 623 623 624 623 624 623 623 622 634 640 645 649 652 654 657 658 661 663 665 667 669 669 672 672 674 676 676 678 678 680 680 682 683 684 683 685 686 686 688 687 689 689 690 691 690 691 692 692 693 692 693 694 694 694 695 695 696 696 695 696 696 696 696 696 697 696 697 696 696 697 697 696 696 697 696 697 698
625 626 626 626 626 626 626 626 626 627 625 626 625 626 625 625 625 625 626 625 625 624 624 624 626 638 643 647 650 653 657 658 661 663 665 666 668 669 672 673 675 676 677 677 680 680 681 683 684 684 684 687 687 688 688 688 690 690 692 692 691 693 693 694 694 694 695 695 695 695 696 697 697 697 698 698 698 698 697 698 699 699 698 697 698 699 698 698 698 698 697 698 698 698
627 627 628 628 628 627 627 627 626 627 627 627 627 627 627 627 626 626 626 625 626 626 626 626 632 640 644 649 652 656 658 661 663 664 666 669 670 672 673 675 676 678 678 681 681 683 682 684 685 685 688 688 688 689 691 691 691 693 692 693 694 694 695 694 696 696 696 697 697 698 698 698 698 699 699 700 700 699 700 700 700 700 700 701 701 700 700 700 700 700 700 701 699 699
629 628 628 628 628 628 629 628 629 628 629 628 629 628 628 628 627 628 627 628 627 628 627 626 635 642 648 651 655 658 660 662 665 666 669 670 672 674 675 676 678 679 680 682 683 683 684 686 686 688 688 689 690 692 692 693 693 693 694 695 697 696 696 698 698 699 698 699 700 700 700 699 700 701 701 700 702 702 702 701 701 702 703 702 701 702 702 702 702 702 702 701 702 702
629 630 630 630 630 630 630 631 630 630 629 630 629 629 630 629 630 629 630 628 629 628 628 628 638 646 650 654 656 659 662 665 666 669 670 671 673 675 676 679 680 681 682 683 684 686 687 687 688 689 690 691 693 693 693 694 694 695 697 697 697 698 699 699 699 699 701 701 701 701 702 702 702 701 702 703 703 704 703 703 704 704 703 704 704 704 704 704 704 703 703 703 704 703
631 631 631 631 631 631 630 631 630 631 631 631 631 631 631 631 630 631 630 630 630 630 630 630 640 647 650 655 658 661 663 666 668 670 672 674 676 677 679 679 681 682 683 685 686 687 687 689 690 691 692 694 693 694 695 695 696 697 698 698 699 700 699 700 700 702 702 701 702 703 704 704 703 704 704 705 704 704 705 706 705 705 705 705 706 706 705 706 705 705 705 706 705 705
632 632 632 632 632 632 633 632 633 632 633 632 632 632 631 632 631 632 631 632 631 631 631 630 644 649 654 657 660 663 665 666 670 671 674 675 677 678 680 680 683 684 685 686 687 688 690 691 692 692 693 694 695 696 696 697 698 699 699 700 700 701 701 701 703 702 703 703 704 705 704 705 706 706 706 705 705 707 707 706 707 707 708 707 707 707 707 706 707 708 707 706 707 707
633 634 633 634 634 634 634 633 633 633 633 633 633 633 633 633 634 633 633 632 632 632 632 634 646 650 656 658 662 665 666 670 671 673 674 676 678 680 681 684 684 685 687 688 689 691 691 692 693 694 695 696 697 696 698 699 700 700 700 701 702 702 702 703 703 704 704 705 705 705 706 707 707 707 707 708 709 707 708 708 708 709 708 708 709 708 708 709 709 708 709 708 708 708
634 635 635 634 634 634 634 635 634 635 634 635 634 635 634 633 634 633 634 633 634 634 633 640 647 653 656 660 663 666 669 671 671 675 676 678 681 682 684 684 686 687 689 689 692 691 692 693 694 696 696 697 697 699 700 701 700 701 702 702 703 703 705 705 706 706 706 707 706 707 708 707 708 708 709 709 709 710 709 708 710 710 711 709 709 711 711 710 710 710 710 710 710 710
636 635 636 635 636 636 636 636 636 636 635 635 635 635 635 635 635 636 635 635 634 634 634 642 650 655 658 662 666 667 670 672 675 676 678 680 681 682 685 685 687 688 690 690 692 692 694 695 697 696 698 698 700 701 701 701 701 703 703 704 704 706 706 707 706 707 708 708 709 709 708 709 709 710 710 710 711 711 712 711 711 712 711 711 712 712 711 712 711 711 712 712 711 711
637 636 637 636 637 637 636 636 636 636 637 636 637 636 637 637 636 636 635 636 635 636 635 644 652 656 660 663 666 669 671 674 676 676 679 680 682 685 686 688 688 690 690 693 693 695 695 695 697 698 699 700 700 701 702 702 704 704 705 705 707 707 706 707 708 709 709 709 710 710 711 711 711 711 711 712 711 713 713 712 712 712 713 714 713 712 713 713 713 713 713 713 713 712
638 638 637 638 637 638 637 638 638 638 638 637 638 637 637 637 637 637 637 637 637 637 636 647 653 657 662 664 668 670 672 675 676 680 681 683 685 685 686 689 689 691 693 694 693 696 696 698 699 700 699 701 702 703 703 704 705 705 706 707 707 707 708 709 710 709 709 711 711 712 711 712 713 712 712 712 713 714 714 714 713 714 715 714 714 714 714 714 715 714 713 714 714 714
638 638 638 639 638 639 638 639 639 638 638 638 638 639 638 639 638 638 638 637 638 637 638 649 655 660 663 667 669 672 674 677 678 681 682 683 685 687 688 690 691 692 693 694 696 697 697 699 699 700 701 703 703 703 705 706 706 707 707 708 708 708 710 709 710 710 712 712 711 712 713 714 714 714 714 714 715 714 715 715 716 715 715 715 716 716 715 716 716 715 715 715 715 715
640 640 640 640 640 639 640 639 640 639 640 640 639 640 639 639 638 639 639 639 639 638 639 651 657 661 664 668 670 674 676 678 679 681 682 685 686 688 690 690 692 693 695 695 698 697 699 700 701 702 704 703 703 705 706 707 706 708 708 709 709 710 710 711 711 712 712 712 713 714 715 714 714 715 716 716 715 715 716 716 717 717 716 716 717 717 717 716 716 717 717 716 717 717
640 640 640 640 640 640 641 640 641 640 641 641 640 640 640 640 639 640 640 640 640 639 641 652 658 663 666 670 672 674 676 679 680 683 685 686 687 689 691 691 694 695 696 697 698 698 701 701 702 703 704 704 705 707 707 707 709 709 709 709 710 711 712 713 713 713 713 713 715 714 715 715 716 716 716 717 716 717 717 717 718 718 717 718 718 719 718 717 718 718 718 718 718 717
641 642 641 642 641 642 642 641 641 641 641 641 641 641 641 641 641 640 641 640 640 640 645 654 660 664 667 670 673 676 677 680 682 684 686 687 690 690 692 694 694 695 697 698 699 701 701 701 703 704 705 705 707 707 708 708 710 709 710 712 712 713 712 714 714 715 715 716 715 715 716 716 717 717 718 718 718 718 718 719 718 718 720 719 718 719 719 720 719 719 720 718 718 719
642 642 641 642 641 642 642 642 642 642 642 643 642 643 641 642 641 641 642 641 642 641 648 655 661 666 668 671 674 677 679 681 682 685 687 688 691 692 692 694 695 696 699 699 699 701 702 703 705 705 705 707 708 708 709 709 710 711 713 713 713 713 714 715 715 715 716 717 717 718 716 717 718 718 718 719 720 720 718 719 719 721 720 719 720 720 720 721 720 720 720 719 721 720
643 642 643 643 643 643 643 643 644 643 642 642 642 643 642 643 642 643 643 641 642 641 650 657 663 667 670 674 675 677 680 682 684 686 688 689 691 692 694 695 697 697 699 699 702 702 703 704 705 705 708 708 709 708 710 710 712 712 713 713 714 715 716 715 715 717 717 718 717 718 719 719 718 718 720 720 721 720 720 721 721 721 721 721 720 721 722 722 720 721 721 722 721 721
644 643 644 644 644 643 643 643 644 643 644 643 644 644 644 644 642 643 643 643 643 643 652 659 664 668 671 674 676 680 681 683 684 686 689 690 692 694 696 695 698 698 700 701 703 702 705 705 706 706 709 708 709 710 711 712 712 713 714 714 715 715 716 716 717 718 717 718 718 720 719 720 720 720 721 720 721 721 723 721 721 722 722 722 722 722 723 722 721 722 722 722 722 722
644 644 644 644 644 645 644 645 644 644 645 644 644 643 644 644 644 644 643 644 644 643 653 660 665 668 672 675 678 680 681 685 686 688 690 692 692 694 696 696 699 700 700 702 703 703 706 706 706 708 709 709 711 711 712 712 714 714 715 714 716 716 717 717 718 718 718 719 720 720 720 721 722 720 721 721 722 722 723 723 722 722 722 724 724 722 723 723 723 723 723 724 722 722
644 645 645 645 645 646 645 645 644 645 645 645 645 645 645 645 645 644 644 644 644 644 655 662 666 670 673 675 679 681 682 686 687 689 690 692 694 695 697 699 699 700 702 703 704 705 706 706 708 709 710 710 711 712 713 714 715 714 715 716 717 717 717 718 718 719 719 720 720 721 721 721 722 722 722 721 723 723 724 723 722 723 724 724 724 723 724 724 725 724 724 724 724 723
646 646 645 645 646 645 645 646 645 646 645 646 646 645 645 645 645 645 645 645 645 645 656 662 667 671 674 677 680 681 684 686 687 690 691 693 695 695 697 699 699 702 703 703 704 706 707 707 710 709 710 711 713 713 714 714 715 715 717 717 717 717 718 719 719 719 720 721 721 721 721 723 723 722 723 723 724 724 724 724 725 725 724 725 725 723 725 725 726 725 724 725 725 724
646 646 646 646 647 646 647 646 647 646 646 646 645 646 646 646 646 646 646 646 645 645 658 664 668 672 675 677 680 682 685 686 689 691 691 694 695 697 698 700 701 702 703 704 705 707 707 708 710 710 712 712 713 713 715 715 716 716 716 717 717 719 720 720 719 721 721 721 721 722 723 724 723 723 725 725 724 724 725 725 725 725 725 726 725 726 726 725 726 726 725 726 726 725
647 646 647 647 646 646 647 646 647 646 647 647 647 647 647 646 646 646 646 646 646 649 660 665 669 672 676 679 681 684 686 686 690 691 693 694 696 699 698 700 702 703 704 706 706 707 707 710 710 711 711 713 713 715 715 715 715 717 717 719 718 720 720 721 721 722 722 722 722 724 723 723 724 724 725 725 725 725 724 726 726 727 725 726 727 727 726 726 726 726 726 727 727 726
647 647 647 647 647 648 647 648 648 648 648 646 647 647 647 647 647 647 647 647 646 650 660 666 670 674 677 680 682 684 685 689 691 692 695 694 696 698 700 700 703 704 704 706 707 708 709 711 710 712 712 714 714 715 715 716 717 719 718 719 720 721 721 721 722 723 723 723 723 723 724 724 724 725 726 726 725 725 726 727 726 727 726 727 727 727 728 727 726 728 727 727 727 727
647 648 648 648 648 648 647 648 647 648 647 648 648 648 648 647 647 647 647 647 647 652 662 667 671 674 677 680 683 685 687 690 690 693 694 696 698 699 701 701 703 703 706 706 708 708 709 710 711 712 714 714 715 716 716 717 718 719 719 720 721 720 721 722 723 723 723 724 725 724 724 724 726 726 725 726 726 727 726 727 727 727 728 727 728 728 727 727 728 729 728 727 728 727
649 648 648 648 648 648 648 648 648 649 648 649 647 648 648 648 648 647 648 648 648 654 662 667 672 675 678 680 684 684 688 690 691 694 695 697 698 699 700 703 703 705 706 706 708 709 711 711 712 712 714 715 716 716 716 718 719 719 720 720 721 721 722 723 723 723 724 725 725 725 724 726 725 726 726 727 728 728 727 727 727 728 729 728 728 728 728 729 728 729 729 728 728 729
649 648 649 649 649 649 649 649 649 648 649 648 648 649 648 649 648 649 648 647 648 655 664 669 672 677 678 682 684 686 689 690 693 693 695 697 699 700 702 704 703 706 706 708 709 710 710 712 712 714 715 715 716 716 718 719 720 719 721 721 722 721 722 723 723 724 724 725 725 726 726 726 726 727 727 727 728 728 728 727 729 729 729 728 728 729 729 729 729 729 729 728 729 729
649 649 650 648 649 648 649 649 649 649 650 649 650 649 648 649 648 649 648 649 649 656 664 668 673 676 679 683 684 688 688 690 692 694 696 698 700 700 702 703 704 706 707 708 709 710 711 713 713 714 715 716 716 717 718 719 719 721 721 721 721 723 723 724 723 725 725 726 725 726 727 727 727 726 728 728 729 728 729 729 729 729 729 729 729 730 730 730 729 729 730 730 729 730
