testData/tiles/oneDegree/grid42.0-16.0-43.0-17.0.asc
ncols   200
nrows   200
xllcorner   42.0
yllcorner   16.0
cellsize   0.005
NODATA_value   -9999.0
[rows 126 to 167 of 200, columns 0 to 93 of 200]
238 238 238 238 238 238 238 239 239 239 239 239 239 239 239 240 240 240 240 240 240 240 240 240 241 241 241 241 241 241 241 241 241 242 242 242 242 243 382 382 383 383 384 385 385 386 386 387 551 552 552 553 553 554 555 555 556 556 557 557 557 558 558 558 559 559 560 560 560 562 562 562 563 563 563 564 564 564 565 565 565 804 804 804 805 805 805 805 806 806 806 807 807 807
237 238 238 238 238 238 238 238 238 239 239 239 239 239 239 239 239 240 240 240 240 240 240 240 240 241 241 241 241 241 241 241 241 241 242 242 242 243 382 382 383 383 384 384 385 386 386 551 551 552 552 553 553 553 554 554 556 556 557 557 557 558 558 558 559 559 560 560 560 561 561 561 563 563 563 564 564 564 565 565 565 804 804 804 805 805 805 805 806 806 806 807 807 807
237 237 238 238 238 238 238 238 238 238 239 239 239 239 239 239 239 239 240 240 240 240 240 240 240 240 241 241 241 241 241 241 241 241 241 241 242 243 382 382 383 383 384 384 384 385 386 551 551 552 552 553 553 553 554 554 555 555 556 557 557 558 558 558 559 559 560 560 560 561 561 561 562 562 562 563 564 564 565 565 803 804 804 804 805 805 805 805 806 806 806 807 807 807
237 237 237 238 238 238 238 238 238 238 238 239 239 239 239 239 239 239 239 240 240 240 240 240 240 240 240 240 241 241 241 241 241 241 241 241 241 243 381 382 383 383 383 384 384 385 385 550 551 552 552 553 553 553 554 554 555 555 556 556 556 558 558 558 559 559 560 560 560 561 561 561 562 562 562 563 563 563 564 564 802 804 804 804 805 805 805 805 806 806 806 807 807 807
237 237 237 237 238 238 238 238 238 238 238 238 239 239 239 239 239 239 239 239 240 240 240 240 240 240 240 240 240 241 241 241 241 241 241 241 241 242 380 382 382 383 383 384 384 385 385 550 550 551 552 553 553 553 554 554 555 555 555 556 556 557 557 557 559 559 560 560 560 561 561 561 562 562 562 563 563 563 564 802 802 803 803 803 803 804 804 804 806 806 806 807 807 807
237 237 237 237 237 238 238 238 238 238 238 238 238 239 239 239 239 239 239 239 239 240 240 240 240 240 240 240 240 240 241 241 241 241 241 241 241 242 380 381 381 383 383 384 384 385 549 550 550 551 551 552 553 553 554 554 555 555 555 556 556 557 557 557 558 558 559 560 560 561 561 561 562 562 562 563 563 563 564 802 802 803 803 803 803 804 804 804 805 805 805 806 806 806
237 237 237 237 237 237 238 238 238 238 238 238 238 238 239 239 239 239 239 239 239 239 239 240 240 240 240 240 240 240 240 240 241 241 241 241 241 242 380 381 381 382 383 384 384 385 549 550 550 551 551 552 552 552 554 554 555 555 555 556 556 557 557 557 558 558 558 559 559 560 561 561 562 562 562 563 563 563 802 802 802 803 803 803 803 804 804 804 805 805 805 806 806 806
237 237 237 237 237 237 237 238 238 238 238 238 238 238 238 239 239 239 239 239 239 239 239 239 240 240 240 240 240 240 240 240 240 241 241 241 241 242 380 381 381 382 382 383 384 385 549 550 550 551 551 552 552 552 553 553 554 555 555 556 556 557 557 557 558 558 558 559 559 560 560 560 561 561 562 563 563 563 802 802 802 803 803 803 803 804 804 804 805 805 805 806 806 806
237 237 237 237 237 237 237 237 238 238 238 238 238 238 238 238 239 239 239 239 239 239 239 239 239 240 240 240 240 240 240 240 240 240 240 241 241 242 380 381 381 382 382 383 383 384 549 550 550 551 551 552 552 552 553 553 554 554 554 556 556 557 557 557 558 558 558 559 559 560 560 560 561 561 561 562 562 800 802 802 802 803 803 803 803 804 804 804 805 805 805 806 806 806
236 237 237 237 237 237 237 237 237 238 238 238 238 238 238 238 238 238 239 239 239 239 239 239 239 239 239 240 240 240 240 240 240 240 240 240 240 242 380 381 381 382 382 383 383 548 548 549 550 551 551 551 552 552 553 553 554 554 554 555 555 556 557 557 558 558 558 559 559 560 560 560 561 561 561 562 562 800 801 801 801 801 802 802 803 804 804 804 805 805 805 805 806 806
236 236 237 237 237 237 237 237 237 237 238 238 238 238 238 238 238 238 238 239 239 239 239 239 239 239 239 239 240 240 240 240 240 240 240 240 240 379 380 381 381 382 382 383 383 548 548 549 549 550 551 551 552 552 553 553 554 554 554 555 555 556 556 556 557 558 558 559 559 559 560 560 561 561 561 562 800 800 801 801 801 801 802 802 802 803 803 803 804 804 804 804 805 805
236 236 236 237 237 237 237 237 237 237 237 237 238 238 238 238 238 238 238 238 239 239 239 239 239 239 239 239 239 239 240 240 240 240 240 240 240 241 379 380 381 382 382 383 383 548 548 549 549 550 550 550 552 552 553 553 554 554 554 555 555 556 556 556 557 557 557 558 559 559 560 560 561 561 561 562 800 800 801 801 801 801 802 802 802 803 803 803 804 804 804 804 805 805
236 236 236 236 237 237 237 237 237 237 237 237 237 238 238 238 238 238 238 238 238 238 239 239 239 239 239 239 239 239 239 240 240 240 240 240 240 241 379 380 380 381 382 383 383 548 548 549 549 550 550 550 551 551 553 553 554 554 554 555 555 556 556 556 557 557 557 558 558 558 559 560 560 561 561 562 800 800 800 801 801 801 802 802 802 803 803 803 804 804 804 804 805 805
236 236 236 236 236 236 237 237 237 237 237 237 237 237 238 238 238 238 238 238 238 238 238 239 239 239 239 239 239 239 239 239 239 240 240 240 240 241 379 380 380 381 381 382 547 548 548 549 549 550 550 550 551 551 552 552 553 554 554 555 555 555 556 556 557 557 557 558 558 558 559 559 559 560 560 798 800 800 800 801 801 801 802 802 802 803 803 803 804 804 804 804 805 805
236 236 236 236 236 236 236 237 237 237 237 237 237 237 237 238 238 238 238 238 238 238 238 238 239 239 239 239 239 239 239 239 239 239 240 240 240 241 379 380 380 381 381 382 546 547 548 549 549 550 550 550 551 551 552 552 552 553 553 554 555 555 556 556 557 557 557 558 558 558 559 559 559 560 560 798 799 799 799 800 800 801 802 802 802 803 803 803 804 804 804 804 805 805
236 236 236 236 236 236 236 236 237 237 237 237 237 237 237 237 237 238 238 238 238 238 238 238 238 238 239 239 239 239 239 239 239 239 239 239 240 241 379 380 380 381 381 382 546 547 547 548 549 549 550 550 551 551 552 552 552 553 553 554 554 554 556 556 557 557 557 558 558 558 559 559 559 560 798 798 799 799 799 800 800 800 801 801 801 802 802 802 803 804 804 804 805 805
177 178 236 236 236 236 236 236 236 237 237 237 237 237 237 237 237 237 238 238 238 238 238 238 238 238 238 239 239 239 239 239 239 239 239 239 239 240 379 380 380 381 381 382 546 547 547 548 548 548 550 550 551 551 552 552 552 553 553 554 554 554 555 555 556 556 557 558 558 558 559 559 559 560 798 798 799 799 799 800 800 800 801 801 801 802 802 802 802 745 745 745 746 746
177 177 178 178 178 178 178 178 236 236 237 237 237 237 237 237 237 237 237 238 238 238 238 238 238 238 238 238 238 239 239 239 239 239 239 239 239 240 378 379 380 381 381 546 546 547 547 548 548 548 549 549 551 551 552 552 552 553 553 554 554 554 555 555 556 556 556 557 557 558 559 559 559 560 798 798 799 799 799 800 800 800 801 743 743 744 744 744 744 745 745 745 746 746
177 177 177 178 178 178 178 178 178 178 178 178 179 179 179 237 237 237 237 237 237 238 238 238 238 238 238 238 238 238 238 239 239 239 239 239 239 240 378 379 379 380 381 546 546 547 547 547 548 548 549 549 550 550 551 552 552 553 553 554 554 554 555 555 556 556 556 557 557 557 558 558 558 798 798 798 741 741 741 742 742 742 743 743 743 744 744 744 744 745 745 745 746 746
177 177 177 177 178 178 178 178 178 178 178 178 178 179 179 179 179 179 179 179 179 179 180 180 238 238 238 238 238 238 238 238 239 239 239 239 239 240 378 379 379 380 380 545 546 547 547 547 548 548 549 549 550 550 551 551 551 553 553 554 554 554 555 555 555 556 556 499 499 499 500 500 500 739 739 739 740 740 741 742 742 742 743 743 743 744 744 744 744 745 745 745 746 746
177 177 177 177 177 178 178 178 178 178 178 178 178 178 179 179 179 179 179 179 179 179 179 179 180 180 180 180 180 180 180 180 180 180 181 181 181 182 320 321 321 322 322 487 487 488 489 489 490 490 491 491 492 492 492 493 493 494 494 495 496 496 497 497 497 498 498 499 499 499 500 500 500 739 739 739 740 740 740 741 741 741 742 742 743 744 744 744 744 745 745 745 746 746
177 177 177 177 177 177 177 178 178 178 178 178 178 178 178 178 179 179 179 179 179 179 179 179 179 180 180 180 180 180 180 180 180 180 180 180 181 181 320 321 321 322 486 487 487 487 488 488 490 490 491 491 492 492 492 493 493 494 494 495 495 495 496 497 497 498 498 499 499 499 500 500 738 739 739 739 740 740 740 741 741 741 742 742 742 742 743 743 743 744 744 744 745 745
177 177 177 177 177 177 177 177 178 178 178 178 178 178 178 178 178 179 179 179 179 179 179 179 179 179 179 180 180 180 180 180 180 180 180 180 180 180 320 320 321 322 486 486 487 487 488 488 489 489 491 491 492 492 492 493 493 494 494 494 495 495 496 496 496 497 497 498 499 499 500 500 738 739 739 739 740 740 740 741 741 741 742 742 742 742 743 743 743 744 744 744 745 745
176 177 177 177 177 177 177 177 177 178 178 178 178 178 178 178 178 178 179 179 179 179 179 179 179 179 179 179 180 180 180 180 180 180 180 180 180 180 319 319 321 321 486 486 487 487 488 488 489 489 490 490 491 492 492 493 493 494 494 494 495 495 496 496 496 497 497 497 498 498 499 500 738 739 739 739 740 740 740 741 741 741 742 742 742 742 743 743 743 744 744 744 744 745
176 176 177 177 177 177 177 177 177 177 177 178 178 178 178 178 178 178 178 178 179 179 179 179 179 179 179 179 179 179 180 180 180 180 180 180 180 180 319 319 320 320 486 486 487 487 488 488 489 489 490 490 491 491 491 493 493 494 494 494 495 495 496 496 496 497 497 497 498 498 499 499 737 738 738 739 740 740 740 741 741 741 741 742 742 742 743 743 743 744 744 744 744 745
176 176 176 177 177 177 177 177 177 177 177 177 178 178 178 178 178 178 178 178 178 179 179 179 179 179 179 179 179 179 179 179 180 180 180 180 180 180 319 319 320 484 485 485 487 487 488 488 489 489 490 490 490 491 491 492 492 493 494 494 495 495 496 496 496 497 497 497 498 498 498 737 737 738 738 738 739 739 739 740 740 741 741 742 742 742 743 743 743 744 744 744 744 745
176 176 176 176 177 177 177 177 177 177 177 177 177 178 178 178 178 178 178 178 178 178 178 179 179 179 179 179 179 179 179 179 179 179 180 180 180 180 319 319 320 484 485 485 486 486 488 488 489 489 490 490 490 491 491 492 492 493 493 493 494 495 496 496 496 497 497 497 498 498 498 737 737 737 738 738 738 739 739 739 740 740 740 741 741 741 742 742 742 743 744 744 744 745
176 176 176 176 176 177 177 177 177 177 177 177 177 177 177 178 178 178 178 178 178 178 178 178 178 179 179 179 179 179 179 179 179 179 179 180 180 180 319 319 320 484 485 485 486 486 487 487 489 489 490 490 490 491 491 492 492 493 493 493 494 494 494 495 495 497 497 497 498 498 498 737 737 737 738 738 738 739 739 739 740 740 740 741 741 741 742 742 742 743 743 743 743 744
176 176 176 176 176 176 176 177 177 177 177 177 177 177 177 177 178 178 178 178 178 178 178 178 178 178 179 179 179 179 179 179 179 179 179 179 179 180 319 319 320 484 485 485 486 486 487 487 488 488 489 490 490 491 491 492 492 492 493 493 494 494 494 495 495 496 496 496 498 498 736 737 737 737 738 738 738 739 739 739 740 740 740 741 741 741 742 742 742 742 743 743 687 688
176 176 176 176 176 176 176 176 177 177 177 177 177 177 177 177 177 177 178 178 178 178 178 178 178 178 178 178 179 179 179 179 179 179 179 179 179 179 318 319 320 484 485 485 486 486 487 487 488 488 488 489 489 491 491 492 492 492 493 493 494 494 494 495 495 496 496 496 497 497 735 736 736 737 738 738 738 739 739 739 740 740 740 741 741 741 742 742 686 686 687 687 687 688
175 176 176 176 176 176 176 176 176 176 177 177 177 177 177 177 177 177 177 178 178 178 178 178 178 178 178 178 178 178 179 179 179 179 179 179 179 179 318 318 483 483 485 485 486 486 487 487 488 488 488 489 489 490 490 491 492 492 493 493 494 494 494 495 495 496 496 496 497 497 735 736 736 736 737 737 737 738 739 739 740 740 740 741 685 685 686 686 686 686 687 687 687 688
175 175 176 176 176 176 176 176 176 176 176 177 177 177 177 177 177 177 177 177 177 178 178 178 178 178 178 178 178 178 178 179 179 179 179 179 179 179 318 318 483 483 484 484 486 486 487 487 487 488 488 489 489 490 490 491 491 491 492 493 494 494 494 495 495 495 496 496 497 497 735 736 736 736 737 737 737 738 738 738 683 683 683 684 684 685 686 686 686 686 687 687 687 688
175 175 175 176 176 176 176 176 176 176 176 176 177 177 177 177 177 177 177 177 177 177 178 178 178 178 178 178 178 178 178 178 178 179 179 179 179 179 318 318 483 483 484 484 485 485 487 487 487 488 488 489 489 490 490 491 491 491 492 492 493 493 494 495 495 495 496 496 497 497 735 736 736 736 737 737 681 682 682 682 683 683 683 684 684 684 684 685 685 685 686 686 686 687
175 175 175 175 176 176 176 176 176 176 176 176 176 176 177 177 177 177 177 177 177 177 177 177 178 178 178 178 178 178 178 178 178 178 178 179 179 179 318 318 483 483 484 484 485 485 485 486 486 488 488 489 489 490 490 490 491 491 492 492 492 493 493 494 494 494 496 496 497 735 735 680 680 680 681 681 681 682 682 682 683 683 683 684 684 684 684 685 685 685 686 686 686 686
175 175 175 175 175 175 176 176 176 176 176 176 176 176 176 177 177 177 177 177 177 177 177 177 177 177 178 178 178 178 178 178 178 178 178 178 178 179 317 482 483 483 484 484 484 485 485 486 486 487 487 489 489 490 490 490 491 491 492 492 492 493 493 494 494 494 495 439 439 678 679 680 680 680 681 681 681 682 682 682 683 683 683 683 684 684 684 685 685 685 686 686 686 686
133 175 175 175 175 175 175 176 176 176 176 176 176 176 176 176 176 177 177 177 177 177 177 177 177 177 177 178 178 178 178 178 178 178 178 178 178 178 316 482 482 483 483 484 484 485 485 486 486 487 487 488 488 489 490 490 491 491 492 492 492 437 437 438 438 438 439 439 439 678 678 678 679 679 680 681 681 682 682 682 683 683 683 683 684 684 684 685 685 685 686 686 686 686
133 175 175 175 175 175 175 175 175 176 176 176 176 176 176 176 176 176 177 177 177 177 177 177 177 177 177 177 177 178 178 178 178 178 178 178 178 178 316 481 481 482 483 484 484 485 485 486 486 487 487 488 488 489 489 489 434 435 436 436 436 437 437 438 438 438 439 439 439 678 678 678 679 679 679 680 680 680 681 681 681 683 683 683 684 684 684 685 685 685 686 686 686 686
132 175 175 175 175 175 175 175 175 175 176 176 176 176 176 176 176 176 176 176 177 177 177 177 177 177 177 177 177 177 177 178 178 178 178 178 178 178 316 481 481 482 482 483 484 485 485 486 486 487 431 432 432 432 433 433 434 434 435 435 436 437 437 438 438 438 439 439 439 678 678 678 679 679 679 680 680 680 681 681 681 682 682 682 683 683 683 684 684 684 684 685 685 686
132 174 175 175 175 175 175 175 175 175 175 175 176 176 176 176 176 176 176 176 176 176 177 177 177 177 177 177 177 177 177 177 177 178 178 178 178 178 178 481 481 482 482 427 427 428 429 430 430 431 431 432 432 432 433 433 434 434 434 435 435 436 436 436 438 438 439 439 677 678 678 678 679 679 679 680 680 680 681 681 681 682 682 682 683 683 683 684 684 684 684 685 685 685
132 174 174 175 175 175 175 175 175 175 175 175 175 176 176 176 176 176 176 176 176 176 176 177 177 177 177 177 177 177 177 177 177 177 177 178 122 122 286 425 425 426 426 427 427 428 428 429 429 431 431 431 432 432 433 433 434 434 434 435 435 436 436 436 437 437 438 438 677 678 678 678 679 679 679 680 680 680 681 681 681 682 682 682 683 683 683 684 684 684 684 685 685 685
132 174 174 174 174 175 175 175 175 175 175 175 175 175 175 176 176 176 176 176 176 176 176 176 176 177 177 121 121 121 121 121 121 121 121 121 121 122 286 425 425 426 426 427 427 428 428 429 429 430 430 430 432 432 433 433 434 434 434 435 435 436 436 436 437 437 438 438 676 677 677 677 679 679 679 680 680 680 681 681 681 682 682 682 683 683 683 683 684 684 684 685 685 685
132 174 174 174 174 174 175 175 175 175 175 175 175 175 175 119 120 120 120 120 120 120 120 120 120 120 120 121 121 121 121 121 121 121 121 121 121 121 285 424 425 426 426 427 427 428 428 429 429 430 430 430 431 431 432 433 434 434 434 435 435 436 436 436 437 437 437 438 676 677 677 677 678 678 678 679 679 679 681 681 681 682 682 682 683 683 683 683 684 684 684 685 685 685
