testData/tiles/oneDegree/grid22.0-24.0-23.0-25.0.asc
ncols   200
nrows   200
xllcorner   22.0
yllcorner   24.0
cellsize   0.005
NODATA_value   -9999.0
[rows 0 to 42 of 200, columns 96 to 191 of 200]
115 115 115 116 116 116 117 117 117 117 117 117 117 118 118 118 119 119 119 120 119 119 120 120 120 121 121 121 121 121 121 122 122 122 123 123 122 123 123 123 124 124 124 124 124 124 124 125 125 125 125 125 125 126 126 126 126 126 126 127 127 127 128 127 127 128 128 128 127 128 128 128 129 129 128 129 129 129 130 129 129 129 130 130 130 130 130 130 333 333 332 333 333 333 333 333
114 115 115 115 116 116 115 116 116 116 117 117 117 118 118 118 118 118 118 119 119 119 120 120 120 120 120 120 121 121 121 122 122 122 121 122 122 122 123 123 123 123 123 123 124 124 124 125 124 124 125 125 125 126 125 125 126 126 126 126 127 126 126 127 127 127 128 127 127 128 128 128 128 128 128 128 129 129 128 129 129 129 130 129 129 130 332 332 331 332 332 332 333 332 332 333
114 115 114 114 115 115 115 116 116 116 117 117 117 117 117 117 117 118 118 118 119 119 119 119 119 119 120 120 120 121 121 120 121 121 121 122 122 122 123 122 122 123 123 123 124 124 123 123 124 124 124 125 124 124 125 125 125 126 126 125 126 126 126 127 127 126 126 127 127 127 128 127 127 128 128 128 128 128 128 129 129 129 128 129 331 331 332 331 331 332 332 332 331 332 332 332
113 113 114 114 114 115 115 115 116 116 115 116 116 116 117 117 117 118 118 117 118 118 118 119 119 119 120 120 119 120 120 120 121 121 121 121 121 121 121 122 122 122 123 122 122 123 123 123 124 124 123 124 124 124 125 125 125 124 125 125 125 126 126 125 126 126 126 127 127 126 127 127 127 127 127 127 127 128 128 128 128 128 330 331 331 330 330 331 331 331 331 331 331 332 332 331
113 113 114 114 114 115 114 114 115 115 115 116 116 116 117 117 116 117 117 117 117 118 118 118 119 118 118 119 119 119 120 120 120 121 120 120 121 121 121 122 122 121 122 122 122 123 123 123 122 123 123 123 124 124 124 124 124 124 125 125 125 125 125 125 126 126 126 125 126 126 126 127 127 126 127 127 127 128 127 127 329 330 330 330 330 330 330 331 331 330 330 331 331 331 331 331
113 112 112 113 113 113 114 114 114 115 115 115 116 115 115 116 116 116 117 117 117 118 117 117 118 118 118 119 119 119 120 119 119 120 120 120 120 121 121 120 121 121 121 122 122 122 122 122 122 123 123 123 124 123 123 124 124 124 124 124 124 124 125 125 125 125 125 125 126 126 126 125 126 126 126 127 127 126 329 329 329 330 329 329 329 330 330 329 330 330 330 331 330 330 330 331
112 112 112 113 113 113 114 114 114 114 114 114 115 115 115 116 116 116 117 116 116 117 117 117 117 118 118 118 118 118 118 119 119 119 120 120 119 120 120 120 121 121 121 122 121 121 121 122 122 122 122 122 122 123 123 123 124 123 123 124 124 124 125 124 124 124 125 125 125 125 125 125 126 126 126 328 328 328 328 329 328 328 329 329 329 330 329 329 329 330 330 329 330 330 330 331
112 112 112 112 113 112 112 113 113 113 114 114 114 115 115 115 115 115 115 116 116 116 117 117 117 117 117 117 118 118 118 119 119 119 119 119 119 119 120 120 120 120 120 120 121 121 121 122 121 121 122 122 122 123 123 122 122 123 123 123 124 123 123 124 124 124 125 124 124 125 125 125 125 327 327 327 328 328 328 328 328 328 328 329 328 328 329 329 329 329 329 329 329 330 329 329
111 111 111 111 112 112 112 113 113 113 114 114 113 114 114 114 115 115 115 116 116 116 116 116 116 116 117 117 117 118 118 117 118 118 118 119 119 119 120 119 119 120 120 120 121 121 120 120 121 121 121 122 122 121 122 122 122 123 123 122 123 123 123 123 124 123 123 124 124 124 125 326 326 327 327 327 327 327 327 327 328 328 327 328 328 328 328 329 328 328 329 329 329 329 329 329
110 111 111 111 112 112 112 113 113 112 112 113 113 113 114 114 114 115 115 114 115 115 115 116 116 116 117 117 116 117 117 117 118 118 118 119 118 118 118 119 119 119 120 120 119 120 120 120 121 121 121 121 121 121 121 122 122 121 122 122 122 123 123 122 123 123 123 124 124 325 325 326 326 326 327 326 326 327 327 327 327 327 327 327 328 328 327 328 328 328 328 328 328 328 329 329
110 110 111 111 111 111 111 111 112 112 112 113 113 113 114 114 113 114 114 114 115 115 115 116 116 115 115 116 116 116 117 117 117 117 117 117 118 118 118 119 119 118 119 119 119 120 120 120 119 120 120 120 121 121 121 121 121 121 122 122 122 121 122 122 122 123 123 325 325 325 325 326 326 325 325 326 326 326 327 326 326 327 327 327 328 327 327 327 328 328 327 328 328 328 328 328
109 109 110 110 110 111 111 111 112 112 112 112 112 112 112 113 113 113 114 114 114 115 114 114 115 115 115 116 116 116 117 116 116 117 117 117 117 118 118 117 118 118 118 119 119 119 119 119 119 120 120 120 121 120 120 120 121 121 121 121 121 121 122 122 122 123 324 324 324 325 325 325 325 325 325 326 326 325 326 326 326 326 327 326 326 327 327 327 327 327 327 327 328 327 327 328
109 109 109 110 110 110 111 111 110 111 111 111 112 112 112 113 113 113 114 113 113 114 114 114 115 115 115 115 115 115 115 116 116 116 117 117 116 117 117 117 118 118 118 119 118 118 118 119 119 119 120 119 119 120 120 120 121 120 120 121 121 121 121 122 323 323 324 324 324 325 324 324 324 325 325 325 325 325 325 326 326 325 326 326 326 326 327 326 326 327 327 327 326 327 327 327
109 109 109 110 109 109 110 110 110 111 111 111 111 112 112 111 112 112 112 113 113 113 114 114 114 114 114 114 115 115 115 116 116 115 116 116 116 116 117 117 117 117 117 117 118 118 118 119 118 118 119 119 119 119 120 119 119 120 120 120 121 121 322 323 323 323 323 324 323 323 324 324 324 325 324 324 325 325 325 324 325 325 325 326 326 325 326 326 326 326 326 326 326 327 327 327
107 108 108 108 109 109 109 110 110 110 111 111 110 111 111 111 112 112 112 113 113 113 113 113 113 113 114 114 114 115 115 114 115 115 115 116 116 116 117 116 116 117 117 117 117 118 117 117 118 118 118 119 119 118 119 119 119 120 120 120 321 322 322 322 323 323 322 323 323 323 324 324 323 323 324 324 324 325 324 324 325 325 325 324 325 325 325 326 326 325 325 326 326 326 326 326
107 108 108 108 109 109 109 110 109 109 110 110 110 110 111 111 111 112 111 111 112 112 112 113 113 113 114 114 113 114 114 114 115 115 115 115 115 115 115 116 116 116 117 117 116 117 117 117 118 118 118 117 118 118 118 119 119 119 321 321 321 322 322 322 321 322 322 322 323 323 322 323 323 323 324 324 323 323 324 324 324 325 324 324 325 325 325 324 325 325 325 326 325 325 325 326
107 107 108 108 107 108 108 108 109 109 109 110 110 110 111 110 110 111 111 111 112 112 112 113 113 112 112 113 113 113 114 114 114 114 114 114 115 115 115 116 116 115 116 116 116 116 117 117 117 117 117 117 118 118 118 118 320 320 320 321 321 321 321 321 321 322 322 322 322 322 322 322 323 323 322 323 323 323 324 324 323 323 324 324 324 324 324 324 324 325 325 324 325 325 325 326
106 106 107 107 107 108 108 108 109 109 109 109 109 109 109 110 110 110 111 111 111 112 111 111 112 112 112 113 113 113 114 113 113 114 114 114 114 115 115 114 115 115 115 116 116 116 116 116 116 117 117 117 117 117 319 319 320 320 320 321 320 320 320 321 321 321 321 321 321 322 322 322 322 322 322 322 323 323 322 323 323 323 324 324 323 323 324 324 324 324 324 324 324 325 324 324
106 106 106 107 107 107 108 107 107 108 108 108 109 109 109 110 110 110 110 110 110 111 111 111 112 112 112 112 112 112 112 113 113 113 114 114 113 114 114 114 115 115 115 115 115 115 115 116 116 116 117 116 116 319 319 319 319 320 319 319 320 320 320 321 320 320 321 321 321 321 321 321 321 322 322 322 322 322 322 322 323 323 322 323 323 323 323 324 323 323 324 324 324 324 324 324
106 106 106 106 106 106 107 107 107 108 108 108 109 109 109 108 109 109 109 110 110 110 111 111 111 111 111 111 112 112 112 113 113 112 112 113 113 113 114 114 114 114 114 114 115 115 115 116 116 115 115 318 318 318 319 319 318 319 319 319 320 320 319 319 320 320 320 321 320 320 321 321 321 321 321 321 321 322 322 322 322 322 322 322 323 323 322 323 323 323 323 323 323 323 324 324
105 105 105 105 106 106 106 107 107 107 108 107 107 108 108 108 109 109 109 110 110 109 110 110 110 110 111 111 111 112 111 111 112 112 112 113 113 113 114 113 113 113 114 114 114 115 114 114 115 317 317 318 318 317 317 318 318 318 319 319 318 319 319 319 320 320 319 319 320 320 320 321 321 320 321 321 321 321 321 321 321 322 322 322 321 322 322 322 323 323 322 323 323 323 323 323
104 105 105 105 106 106 106 106 106 106 107 107 107 108 108 108 108 109 108 108 109 109 109 110 110 110 111 110 110 111 111 111 112 112 112 112 112 112 112 113 113 113 114 114 113 114 114 316 316 317 317 316 317 317 317 318 318 318 318 318 318 318 319 319 318 319 319 319 320 320 320 319 320 320 320 321 321 320 321 321 321 321 321 321 321 322 322 322 321 322 322 322 323 322 322 322
104 105 104 104 104 105 105 105 106 106 106 107 107 107 107 107 107 108 108 108 109 109 109 110 109 109 109 110 110 110 111 111 111 111 111 111 112 112 112 113 113 112 112 113 113 113 316 316 316 316 316 316 317 317 317 317 317 317 317 318 318 318 318 318 318 318 319 319 319 319 319 319 320 320 320 319 320 320 320 321 321 320 320 321 321 321 321 321 321 322 322 322 321 322 322 322
103 103 104 104 104 105 105 105 106 106 105 106 106 106 106 107 107 107 108 108 108 108 108 108 109 109 109 110 110 110 110 110 110 110 111 111 111 112 112 111 112 112 112 113 315 315 314 315 315 315 316 316 316 317 316 316 317 317 317 317 317 317 317 318 318 318 319 318 318 318 319 319 319 319 319 319 320 320 320 319 320 320 320 321 321 320 320 321 321 321 321 321 321 321 322 321
103 103 104 104 104 104 104 104 104 105 105 105 106 106 106 107 107 107 107 107 107 108 108 108 108 109 109 108 109 109 109 110 110 110 111 111 110 111 111 111 111 112 314 314 314 314 314 315 315 315 316 315 315 315 316 316 316 317 316 316 317 317 317 317 318 317 317 318 318 318 319 318 318 318 319 319 319 319 319 319 319 320 320 319 320 320 320 321 320 320 320 321 321 321 321 321
103 103 102 103 103 103 104 104 104 105 105 105 106 106 105 105 106 106 106 107 107 107 108 108 107 108 108 108 109 109 109 109 110 109 109 110 110 110 111 111 111 313 313 313 313 314 314 314 315 314 314 315 315 315 316 316 315 315 316 316 316 317 317 316 317 317 317 317 318 317 317 318 318 318 319 318 318 318 319 319 319 319 319 319 319 320 320 319 320 320 320 320 320 320 320 321
102 102 102 103 103 103 103 104 104 104 104 104 104 105 105 105 106 106 106 107 107 106 106 107 107 107 108 108 108 109 108 108 109 109 109 110 110 110 110 312 312 312 313 313 313 314 313 313 314 314 314 314 315 315 314 315 315 315 316 316 315 315 316 316 316 317 317 316 317 317 317 317 318 317 317 318 318 318 318 318 318 318 319 319 319 319 319 319 319 320 319 319 320 320 320 320
101 102 102 102 103 103 102 103 103 103 104 104 104 104 105 105 105 105 105 105 106 106 106 107 107 107 108 107 107 108 108 108 108 109 109 109 109 311 311 312 312 312 313 313 312 312 313 313 313 314 314 313 314 314 314 314 315 315 314 315 315 315 316 316 316 315 316 316 316 317 317 316 317 317 317 317 318 317 317 318 318 318 318 318 318 318 319 319 319 318 319 319 319 320 319 319
101 101 101 101 101 102 102 102 103 103 103 104 104 103 104 104 104 105 105 105 106 106 106 106 106 106 106 107 107 107 108 108 108 108 108 108 310 311 311 311 312 311 311 312 312 312 313 313 313 312 313 313 313 314 314 314 314 314 314 314 315 315 315 315 315 315 316 316 316 315 316 316 316 317 317 316 316 317 317 317 318 317 317 318 318 318 318 318 318 318 319 319 319 318 319 319
100 100 101 101 101 102 102 102 103 102 102 103 103 103 103 104 104 104 105 105 104 105 105 105 106 106 106 107 107 107 106 107 107 107 310 310 310 311 311 310 311 311 311 311 312 312 311 312 312 312 313 313 313 313 313 313 313 314 314 314 315 314 314 314 315 315 315 315 315 315 316 316 316 315 316 316 316 317 317 317 316 317 317 317 318 317 317 317 318 318 318 318 318 318 318 319
100 100 101 101 101 100 101 101 101 102 102 102 103 103 103 104 104 103 104 104 104 104 105 105 105 106 106 105 106 106 106 107 107 309 309 310 309 309 310 310 310 311 311 311 311 311 311 311 312 312 312 312 312 312 313 313 313 313 313 313 313 314 314 314 315 314 314 314 315 315 315 316 315 315 315 316 316 316 316 316 316 317 317 317 316 317 317 317 318 317 317 317 318 318 318 317
99 99 99 100 100 100 101 101 101 102 102 102 102 102 102 102 103 103 103 104 104 104 105 105 104 105 105 105 105 106 106 308 309 308 308 309 309 309 310 310 310 309 310 310 310 311 311 311 312 311 311 311 312 312 312 313 312 312 313 313 313 313 314 313 313 314 314 314 315 315 314 314 315 315 315 316 315 315 315 316 316 316 316 316 316 316 317 316 316 317 317 317 317 317 317 317
99 99 99 99 100 100 100 101 101 100 101 101 101 102 102 102 103 103 103 103 103 103 103 104 104 104 105 105 105 106 307 307 308 308 308 308 309 309 308 309 309 309 310 310 310 310 310 310 310 311 311 311 312 312 311 311 312 312 312 313 313 312 313 313 313 313 314 313 313 314 314 314 314 315 314 314 315 315 315 315 315 315 315 316 316 316 315 316 316 316 317 316 316 316 317 317
98 99 99 99 99 99 99 100 100 100 101 101 101 101 102 102 101 102 102 102 103 103 103 104 104 104 104 104 306 306 307 307 307 308 308 308 308 308 308 308 309 309 309 310 309 309 310 310 310 310 311 310 310 311 311 311 312 312 312 311 312 312 312 313 313 312 313 313 313 313 314 314 313 314 314 314 314 315 314 314 315 315 315 315 315 315 315 316 316 316 315 316 316 316 317 316
97 98 98 98 98 99 99 99 100 100 100 101 101 100 101 101 101 102 102 102 102 103 103 102 103 103 103 306 306 306 307 307 307 306 307 307 307 308 308 308 309 308 308 308 309 309 309 310 310 309 310 310 310 310 311 311 310 311 311 311 312 312 312 311 312 312 312 313 313 313 312 313 313 313 314 314 313 313 314 314 314 315 314 314 314 315 315 315 315 315 315 315 316 315 315 316
97 97 98 98 98 99 99 99 99 99 99 99 100 100 100 101 101 101 102 102 101 102 102 102 102 305 305 305 306 306 305 306 306 306 307 307 307 307 307 307 307 308 308 308 309 309 308 308 309 309 309 310 310 310 310 310 310 310 311 311 311 311 311 311 312 312 312 312 312 312 312 313 313 313 312 313 313 313 314 314 313 313 314 314 314 315 314 314 314 315 315 315 315 315 315 315
97 97 97 98 97 97 98 98 98 99 99 99 100 100 100 101 100 100 100 101 101 101 102 102 304 305 304 304 305 305 305 305 306 306 306 307 306 306 307 307 307 307 308 308 307 308 308 308 309 309 309 309 309 309 309 310 310 310 311 310 310 310 311 311 311 312 311 311 311 312 312 312 312 312 312 312 313 313 312 313 313 313 313 314 313 313 314 314 314 314 314 314 314 315 315 315
96 96 96 97 97 97 98 98 98 98 99 99 98 99 99 99 100 100 100 101 101 101 304 303 303 303 304 304 304 305 305 305 306 305 305 305 306 306 306 307 307 306 307 307 307 307 308 308 308 308 308 308 309 309 309 309 309 309 309 310 310 310 311 310 310 310 311 311 311 312 311 311 311 312 312 312 312 312 312 312 313 313 312 313 313 313 313 314 313 313 314 314 314 314 314 314
96 96 96 96 97 97 97 98 97 97 98 98 98 99 99 99 99 100 100 99 100 302 302 303 303 303 304 304 304 303 304 304 304 305 305 305 306 306 305 305 306 306 306 307 307 307 307 307 307 307 308 308 308 309 308 308 309 309 309 309 310 309 309 310 310 310 310 311 310 310 311 311 311 311 311 311 311 312 312 312 311 312 312 312 313 313 312 312 313 313 313 314 313 313 313 314
95 96 96 95 96 96 96 97 97 97 97 98 98 98 99 99 98 99 99 301 302 302 302 302 303 303 302 303 303 303 304 304 304 304 305 304 304 305 305 305 306 306 306 306 306 306 306 307 307 307 308 308 307 307 308 308 308 309 309 308 309 309 309 309 310 310 309 310 310 310 310 311 310 310 311 311 311 311 312 311 311 312 312 312 312 312 312 312 312 313 312 312 313 313 313 313
94 94 95 95 95 96 96 96 97 97 97 98 97 97 97 98 98 98 301 301 301 302 302 301 302 302 302 302 303 303 303 304 303 303 304 304 304 304 305 305 305 305 305 305 306 306 306 306 307 306 306 307 307 307 308 308 307 307 308 308 308 309 309 309 308 309 309 309 310 310 309 309 310 310 310 311 311 310 310 311 311 311 312 311 311 311 312 312 312 312 312 312 312 313 312 312
94 94 95 95 95 96 96 95 95 96 96 96 97 97 97 98 300 300 301 300 300 300 301 301 301 302 302 302 303 302 302 302 303 303 303 304 304 304 304 304 304 304 305 305 305 306 305 305 306 306 306 306 307 307 306 307 307 307 308 308 308 307 308 308 308 309 309 309 308 309 309 309 310 310 310 309 310 310 310 311 311 310 310 311 311 311 311 311 311 311 312 312 311 311 312 312
94 94 93 94 94 94 95 95 95 96 96 96 97 97 97 298 299 299 299 300 300 300 301 301 301 301 301 301 301 302 302 302 303 303 303 303 303 303 303 304 304 304 305 305 304 304 305 305 305 306 306 306 306 306 306 306 307 307 307 307 307 307 307 308 308 308 308 308 308 308 309 309 308 309 309 309 309 310 310 309 310 310 310 310 311 310 310 311 311 311 311 311 311 311 311 312
