testData/tiles/oneDegree/grid26.0-40.0-27.0-41.0.asc
ncols   200
nrows   200
xllcorner   26.0
yllcorner   40.0
cellsize   0.005
NODATA_value   -9999.0
[rows 0 to 41 of 200, columns 94 to 187 of 200]
578 578 578 578 578 578 578 578 578 578 578 578 578 578 578 578 578 578 578 678 678 678 678 650 649 649 649 649 649 649 649 649 649 649 649 649 649 649 649 649 649 649 649 649 649 649 649 648 648 648 648 648 648 648 648 648 648 648 648 648 648 648 647 647 647 647 647 647 647 647 682 682 682 682 681 681 681 681 681 681 681 681 681 681 680 680 680 680 680 680 680 680 680 679
578 578 578 578 578 578 578 578 577 577 577 577 577 577 577 577 577 577 677 677 677 677 649 649 649 649 649 649 649 649 649 649 649 649 649 649 649 649 649 649 649 648 648 648 648 648 648 648 648 648 648 648 648 648 648 648 648 647 647 647 647 647 647 647 647 647 647 647 647 647 646 681 681 681 681 681 681 681 681 681 681 680 680 680 680 680 680 680 680 680 679 679 679 679
577 577 577 577 577 577 577 577 577 577 577 577 577 577 577 577 577 577 677 677 677 649 649 649 649 649 649 649 649 649 649 649 649 649 648 648 648 648 648 648 648 648 648 648 648 648 648 648 648 648 648 648 647 647 647 647 647 647 647 647 647 647 647 647 647 647 646 646 646 646 646 681 681 681 681 681 681 680 680 680 680 680 680 680 680 680 680 679 679 679 679 679 679 679
538 577 577 577 577 577 577 577 577 577 577 577 577 577 577 577 577 577 677 649 649 649 649 649 649 648 648 648 648 648 648 648 648 648 648 648 648 648 648 648 648 648 648 648 648 648 648 647 647 647 647 647 647 647 647 647 647 647 647 647 647 647 646 646 646 646 646 646 646 646 646 646 681 681 680 680 680 680 680 680 680 680 680 680 679 679 679 679 679 679 679 679 679 678
538 538 538 577 577 577 577 577 577 577 576 576 576 576 576 576 576 576 648 648 648 648 648 648 648 648 648 648 648 648 648 648 648 648 648 648 648 648 648 648 648 647 647 647 647 647 647 647 647 647 647 647 647 647 647 647 647 646 646 646 646 646 646 646 646 646 646 646 646 646 645 645 680 680 680 680 680 680 680 680 680 679 679 679 679 679 679 679 679 679 678 678 678 678
537 537 537 537 576 576 576 576 576 576 576 576 576 576 576 576 576 648 648 648 648 648 648 648 648 648 648 648 648 648 648 648 648 648 647 647 647 647 647 647 647 647 647 647 647 647 647 647 647 647 647 647 646 646 646 646 646 646 646 646 646 646 646 646 646 646 645 645 645 645 645 645 680 680 680 680 680 679 679 679 679 679 679 679 679 679 679 678 678 678 678 678 678 678
537 537 537 537 537 537 576 576 576 576 576 576 576 576 576 576 548 648 648 648 648 648 648 648 648 647 647 647 647 647 647 647 647 647 647 647 647 647 647 647 647 647 647 647 647 647 647 646 646 646 646 646 646 646 646 646 646 646 646 646 646 646 645 645 645 645 645 645 645 645 645 645 645 680 679 679 679 679 679 679 679 679 679 679 678 678 678 678 678 678 678 678 678 677
537 537 537 537 537 537 537 537 576 576 575 575 575 575 575 547 547 647 647 647 647 647 647 647 647 647 647 647 647 647 647 647 647 647 647 647 647 647 647 647 647 646 646 646 646 646 646 646 646 646 646 646 646 646 646 646 646 645 645 645 645 645 645 645 645 645 645 645 645 645 644 644 644 679 679 679 679 679 679 679 678 678 678 678 678 678 678 678 678 678 677 677 677 677
536 536 536 536 536 536 536 536 536 536 575 575 575 575 547 547 547 647 647 647 647 647 647 647 647 647 647 647 647 647 647 647 647 647 646 646 646 646 646 646 646 646 646 646 646 646 646 646 646 646 646 646 645 645 645 645 645 645 645 645 645 645 645 645 645 645 644 644 644 644 644 644 644 644 679 679 679 678 678 678 678 678 678 678 678 678 678 677 677 677 677 677 677 677
536 536 536 536 536 536 536 536 536 536 536 536 547 547 547 547 647 647 647 647 647 647 647 647 647 646 646 646 646 646 646 646 646 646 646 646 646 646 646 646 646 646 646 646 646 646 646 645 645 645 645 645 645 645 645 645 645 645 645 645 645 645 644 644 644 644 644 644 644 644 644 644 644 643 678 678 678 678 678 678 678 678 678 677 677 677 677 677 677 677 677 677 676 676
536 536 536 536 536 536 536 536 536 536 535 507 507 507 546 546 646 646 646 646 646 646 646 646 646 646 646 646 646 646 646 646 646 646 646 646 646 646 646 646 646 645 645 645 645 645 645 645 645 645 645 645 645 645 645 645 645 644 644 644 644 644 644 644 644 644 644 644 644 643 643 643 643 643 643 678 678 678 678 678 677 677 677 677 677 677 677 677 677 676 676 676 676 676
535 535 535 535 535 535 535 535 535 535 507 507 507 507 507 507 646 646 646 646 646 646 646 646 646 646 646 646 646 646 646 646 646 645 645 645 645 645 645 645 645 645 645 645 645 645 645 645 645 645 645 645 644 644 644 644 644 644 644 644 644 644 644 644 644 643 643 643 643 643 643 643 643 643 643 678 678 677 677 677 677 677 677 677 677 677 676 676 676 676 676 676 676 676
535 535 535 535 535 535 535 535 535 507 507 507 507 507 507 507 607 607 646 646 646 646 646 646 645 645 645 645 645 645 645 645 645 645 645 645 645 645 645 645 645 645 645 645 645 645 644 644 644 644 644 644 644 644 644 644 644 644 644 644 644 643 643 643 643 643 643 643 643 643 643 643 643 642 642 642 677 677 677 677 677 677 677 676 676 676 676 676 676 676 676 676 675 675
535 535 535 535 535 535 535 506 506 506 506 506 506 506 506 606 606 606 606 606 645 645 645 645 645 645 645 645 645 645 645 645 645 645 645 645 645 645 645 645 644 644 644 644 644 644 644 644 644 644 644 644 644 644 644 644 643 643 643 643 643 643 643 643 643 643 643 643 643 642 642 642 642 642 642 642 677 677 677 677 676 676 676 676 676 676 676 676 676 675 675 675 675 675
534 534 534 534 534 534 506 506 506 506 506 506 506 506 506 606 606 606 606 606 606 606 606 645 645 645 645 645 645 645 645 645 644 644 644 644 644 644 644 644 644 644 644 644 644 644 644 644 644 644 644 643 643 643 643 643 643 643 643 643 643 643 643 643 643 642 642 642 642 642 642 642 642 642 642 642 676 676 676 676 676 676 676 676 676 676 675 675 675 675 675 675 675 675
534 534 534 534 534 506 506 506 506 506 506 506 506 506 506 606 606 606 606 606 606 606 605 605 605 644 644 644 644 644 644 644 644 644 644 644 644 644 644 644 644 644 644 644 644 643 643 643 643 643 643 643 643 643 643 643 643 643 643 643 642 642 642 642 642 642 642 642 642 642 642 642 641 641 641 641 641 676 676 676 676 676 675 675 675 675 675 675 675 675 675 674 674 674
533 533 533 505 505 505 505 505 505 505 505 505 505 505 505 605 605 605 605 605 605 605 605 605 605 605 605 644 644 644 644 644 644 644 644 644 644 644 644 643 643 643 643 643 643 643 643 643 643 643 643 643 643 643 643 643 642 642 642 642 642 642 642 642 642 642 642 642 641 641 641 641 641 641 641 641 641 676 676 675 675 675 675 675 675 675 675 675 674 674 674 674 674 674
533 533 505 505 505 505 505 505 505 505 505 505 505 505 605 605 605 605 605 605 605 605 605 605 605 605 605 605 605 605 644 643 643 643 643 643 643 643 643 643 643 643 643 643 643 643 643 643 643 643 642 642 642 642 642 642 642 642 642 642 642 642 642 642 641 641 641 641 641 641 641 641 641 641 641 640 640 640 675 675 675 675 675 675 675 674 674 674 674 674 674 674 674 674
533 505 505 505 505 505 505 505 505 505 505 505 505 505 605 605 605 605 605 605 604 604 604 604 604 604 604 604 604 604 604 604 643 643 643 643 643 643 643 643 643 643 643 643 642 642 642 642 642 642 642 642 642 642 642 642 642 642 642 641 641 641 641 641 641 641 641 641 641 641 641 640 640 640 640 640 640 640 675 675 675 675 674 674 674 674 674 674 674 674 674 673 673 673
504 504 504 504 504 504 504 504 504 504 504 504 504 504 604 604 604 604 604 604 604 604 604 604 604 604 604 604 604 604 604 604 604 604 643 643 643 642 642 642 642 642 642 642 642 642 642 642 642 642 642 642 642 642 641 641 641 641 641 641 641 641 641 641 641 641 641 640 640 640 640 640 640 640 640 640 640 640 639 674 674 674 674 674 674 674 674 673 673 673 673 673 673 673
504 504 504 504 504 504 504 504 504 504 504 504 504 504 604 604 604 604 604 604 604 604 604 604 604 604 604 604 604 603 603 603 603 603 603 603 603 642 642 642 642 642 642 642 642 642 642 642 642 641 641 641 641 641 641 641 641 641 641 641 641 641 641 640 640 640 640 640 640 640 640 640 640 640 639 639 639 639 639 674 674 674 674 674 673 673 673 673 673 673 673 673 673 672
504 504 504 504 504 504 504 504 504 504 504 504 504 504 604 604 604 603 603 603 603 603 603 603 603 603 603 603 603 603 603 603 603 603 603 603 603 603 603 603 642 642 642 641 641 641 641 641 641 641 641 641 641 641 641 641 641 641 640 640 640 640 640 640 640 640 640 640 640 640 639 639 639 639 639 639 639 639 639 639 674 673 673 673 673 673 673 673 673 673 672 672 672 673
503 503 503 503 503 503 503 503 503 503 503 503 503 603 603 603 603 603 603 603 603 603 603 603 603 603 603 603 603 603 603 603 603 603 603 603 602 602 602 602 602 602 641 641 641 641 641 641 641 641 641 641 641 640 640 640 640 640 640 640 640 640 640 640 640 640 639 639 639 639 639 639 639 639 639 639 639 638 638 638 638 673 673 673 673 673 672 672 672 672 672 672 672 673
503 503 503 503 503 503 503 503 503 503 503 503 503 603 603 603 603 603 603 603 603 603 603 603 603 603 603 602 602 602 602 602 602 602 602 602 602 602 602 602 602 602 602 602 602 641 641 640 640 640 640 640 640 640 640 640 640 640 640 640 640 640 639 639 639 639 639 639 639 639 639 639 639 638 638 638 638 638 638 638 638 673 673 672 672 672 672 672 672 672 672 672 671 672
503 503 503 503 503 503 503 503 503 503 503 503 503 602 602 602 602 602 602 602 602 602 602 602 602 602 602 602 602 602 602 602 602 602 602 602 602 602 602 602 602 601 601 601 601 601 601 601 640 640 640 640 640 640 640 640 640 639 639 639 639 639 639 639 639 639 639 639 639 638 638 638 638 638 638 638 638 638 638 638 637 637 672 672 672 672 672 672 672 671 671 671 672 672
502 502 502 502 502 502 502 502 502 502 502 502 502 602 602 602 602 602 602 602 602 602 602 602 602 602 602 602 602 602 602 602 602 601 601 601 601 601 601 601 601 601 601 601 601 601 601 601 601 601 601 640 639 639 639 639 639 639 639 639 639 639 639 639 639 638 638 638 638 638 638 638 638 638 638 638 637 637 637 637 637 637 672 672 672 671 671 671 671 671 671 671 672 672
502 502 502 502 502 502 502 502 502 502 502 502 502 602 602 602 602 602 602 602 602 602 602 601 601 601 601 601 601 601 601 601 601 601 601 601 601 601 601 601 601 601 601 601 601 601 600 600 600 600 600 600 600 600 639 639 639 639 639 639 638 638 638 638 638 638 638 638 638 638 638 638 637 637 637 637 637 637 637 637 637 637 636 671 671 671 671 671 671 671 671 670 671 671
502 502 502 501 501 501 501 501 501 501 501 501 601 601 601 601 601 601 601 601 601 601 601 601 601 601 601 601 601 601 601 601 601 601 601 601 601 601 601 600 600 600 600 600 600 600 600 600 600 600 600 600 600 600 600 599 599 638 638 638 638 638 638 638 638 638 638 638 637 637 637 637 637 637 637 637 637 637 636 636 636 636 636 671 671 671 671 670 670 670 670 671 671 671
501 501 501 501 501 501 501 501 501 501 501 501 601 601 601 601 601 601 601 601 601 601 601 601 601 601 601 601 601 601 600 600 600 600 600 600 600 600 600 600 600 600 600 600 600 600 600 600 600 600 599 599 599 599 599 599 599 599 599 599 638 638 638 637 637 637 637 637 637 637 637 637 637 637 636 636 636 636 636 636 636 636 636 636 670 670 670 670 670 670 670 671 671 670
501 501 501 501 501 501 501 501 501 501 501 501 601 601 601 601 601 601 601 600 600 600 600 600 600 600 600 600 600 600 600 600 600 600 600 600 600 600 600 600 600 600 600 599 599 599 599 599 599 599 599 599 599 599 599 599 599 599 598 598 598 598 598 598 637 637 637 637 637 637 636 636 636 636 636 636 636 636 636 636 635 635 635 635 670 670 670 670 670 669 669 670 670 670
500 500 500 500 500 500 500 500 500 500 500 500 600 600 600 600 600 600 600 600 600 600 600 600 600 600 600 600 600 600 600 600 600 600 600 600 599 599 599 599 599 599 599 599 599 599 599 599 599 599 599 599 599 598 598 598 598 598 598 598 598 598 598 598 598 598 597 636 636 636 636 636 636 636 636 636 636 635 635 635 635 635 635 635 635 670 669 669 669 669 670 670 670 670
500 500 500 500 500 500 500 500 500 500 500 500 600 600 600 600 600 600 600 600 600 600 600 600 600 600 600 599 599 599 599 599 599 599 599 599 599 599 599 599 599 599 599 599 599 599 599 598 598 598 598 598 598 598 598 598 598 598 598 598 598 597 597 597 597 597 597 597 597 597 597 636 636 635 635 635 635 635 635 635 635 635 634 634 634 634 669 669 669 669 670 669 669 669
500 500 500 500 500 500 500 500 500 500 500 500 599 599 599 599 599 599 599 599 599 599 599 599 599 599 599 599 599 599 599 599 599 599 599 599 599 599 599 599 599 598 598 598 598 598 598 598 598 598 598 598 598 598 598 598 597 597 597 597 597 597 597 597 597 597 597 597 596 596 596 596 596 596 596 635 635 635 635 634 634 634 634 634 634 634 669 669 668 668 669 669 669 669
499 499 499 499 499 499 499 499 499 499 499 599 599 599 599 599 599 599 599 599 599 599 599 599 599 599 599 599 599 599 599 599 599 598 598 598 598 598 598 598 598 598 598 598 598 598 598 598 598 598 598 597 597 597 597 597 597 597 597 597 597 597 597 597 596 596 596 596 596 596 596 596 596 596 596 595 595 595 595 595 634 634 634 634 633 633 633 668 668 668 669 669 669 668
499 499 499 499 499 499 499 499 499 499 499 599 599 599 599 599 599 599 599 599 599 599 598 598 598 598 598 598 598 598 598 598 598 598 598 598 598 598 598 598 598 598 598 598 598 597 597 597 597 597 597 597 597 597 597 597 597 597 597 596 596 596 596 596 596 596 596 596 596 596 596 595 595 595 595 595 595 595 595 595 595 594 594 594 633 633 633 668 668 669 668 668 668 668
498 498 498 498 498 498 498 498 498 498 498 598 598 598 598 598 598 598 598 598 598 598 598 598 598 598 598 598 598 598 598 598 598 598 598 598 598 597 597 597 597 597 597 597 597 597 597 597 597 597 597 597 597 597 596 596 596 596 596 596 596 596 596 596 596 596 595 595 595 595 595 595 595 595 595 595 595 594 594 594 594 594 594 594 594 594 593 593 628 629 668 668 668 668
498 498 498 498 498 498 498 498 498 498 498 598 598 598 598 598 598 598 598 598 598 598 598 598 598 598 598 598 597 597 597 597 597 597 597 597 597 597 597 597 597 597 597 597 597 597 597 597 596 596 596 596 596 596 596 596 596 596 596 596 596 596 595 595 595 595 595 595 595 595 595 595 595 594 594 594 594 594 594 594 594 594 594 593 593 593 593 593 593 629 629 628 628 628
498 498 498 498 498 498 498 498 498 498 498 598 598 598 598 597 597 597 597 597 597 597 597 597 597 597 597 597 597 597 597 597 597 597 597 597 597 597 597 597 597 596 596 596 596 596 596 596 596 596 596 596 596 596 596 596 596 595 595 595 595 595 595 595 595 595 595 595 595 594 594 594 594 594 594 594 594 594 594 593 593 593 593 593 593 593 593 593 593 628 628 628 628 628
497 497 497 497 497 497 497 497 497 497 497 597 597 597 597 597 597 597 597 597 597 597 597 597 597 597 597 597 597 597 597 597 597 596 596 596 596 596 596 596 596 596 596 596 596 596 596 596 596 596 596 595 595 595 595 595 595 595 595 595 595 595 595 595 594 594 594 594 594 594 594 594 594 594 594 593 593 593 593 593 593 593 593 593 592 592 592 592 593 593 628 628 628 627
497 497 497 497 497 497 497 497 497 497 497 597 597 597 597 597 597 597 597 597 597 597 597 596 596 596 596 596 596 596 596 596 596 596 596 596 596 596 596 596 596 596 596 596 596 595 595 595 595 595 595 595 595 595 595 595 595 595 595 594 594 594 594 594 594 594 594 594 594 594 594 593 593 593 593 593 593 593 593 593 593 592 592 592 592 592 592 592 593 592 627 627 627 627
496 496 496 496 496 496 496 496 496 496 596 596 596 596 596 596 596 596 596 596 596 596 596 596 596 596 596 596 596 596 596 596 596 596 596 596 596 595 595 595 595 595 595 595 595 595 595 595 595 595 595 595 595 595 594 594 594 594 594 594 594 594 594 594 594 594 593 593 593 593 593 593 593 593 593 593 593 592 592 592 592 592 592 592 592 592 591 591 592 592 592 627 627 627
496 496 496 496 496 496 496 496 496 496 596 596 596 596 596 596 596 596 596 596 596 596 596 596 596 596 596 596 595 595 595 595 595 595 595 595 595 595 595 595 595 595 595 595 595 595 595 595 594 594 594 594 594 594 594 594 594 594 594 594 594 593 593 593 593 593 593 593 593 593 593 593 593 592 592 592 592 592 592 592 592 592 591 591 591 591 591 592 592 592 592 591 626 626
