testData/tiles/oneDegree/grid16.0-17.0-17.0-18.0.asc
ncols   200
nrows   200
xllcorner   16.0
yllcorner   17.0
cellsize   0.005
NODATA_value   -9999.0
[rows 138 to 183 of 200, columns 0 to 95 of 200]
58 56 55 54 52 50 49 47 45 43 41 38 35 34 34 35 15 15 15 15 15 15 15 15 15 15 15 15 80 80 80 80 80 80 81 167 167 167 167 167 167 167 167 167 167 167 167 167 167 167 167 167 167 167 167 167 167 167 168 168 168 168 168 168 168 168 82 82 82 82 82 82 82 82 82 82 82 82 82 82 82 82 82 82 82 82 82 82 82 82 82 82 82 83 83 213
58 56 55 53 52 50 48 47 45 43 40 38 35 34 34 35 15 15 15 15 15 15 15 15 15 15 15 15 80 80 80 80 80 80 81 167 167 167 167 167 167 167 167 167 167 167 167 167 167 167 167 167 167 167 167 167 167 167 168 168 168 168 168 168 168 168 82 82 82 82 82 82 82 82 82 82 82 82 82 82 82 82 82 82 82 82 82 82 82 82 82 82 82 83 213 213
57 56 55 53 52 50 48 46 44 42 40 37 35 34 34 35 15 15 15 15 15 15 15 15 15 15 15 15 15 80 80 80 80 80 81 167 167 167 167 167 167 167 167 167 167 167 167 167 167 167 167 167 167 167 167 167 167 167 168 168 168 168 168 168 168 168 82 82 82 82 82 82 82 82 82 82 82 82 82 82 82 82 82 82 82 82 82 82 82 82 82 82 82 212 213 213
57 56 54 53 51 50 48 46 44 42 40 37 34 34 34 34 15 15 15 15 15 15 15 15 15 15 15 15 15 15 80 80 80 80 80 167 167 167 167 167 167 167 167 167 167 167 167 167 167 167 167 167 167 167 167 167 167 167 167 168 168 168 168 168 168 168 82 82 82 82 82 82 82 82 82 82 82 82 82 82 82 82 82 82 82 82 82 82 82 82 82 82 212 212 213 213
57 56 54 53 51 49 48 46 44 42 39 37 34 34 34 34 15 15 15 15 15 15 15 15 15 15 15 15 15 15 80 80 80 80 80 167 167 167 167 167 167 167 167 167 167 167 167 167 167 167 167 167 167 167 167 167 167 167 167 168 168 168 168 168 168 168 82 82 82 82 82 82 82 82 82 82 82 82 82 82 82 82 82 82 82 82 82 82 82 82 82 212 212 212 212 213
57 55 54 52 51 49 47 45 43 41 39 36 34 34 34 34 15 15 15 15 15 15 15 15 15 15 15 15 15 15 15 80 80 80 80 167 167 167 167 167 167 167 167 167 167 167 167 167 167 167 167 167 167 167 167 167 167 167 167 168 168 168 168 168 168 168 82 82 82 82 82 82 82 82 82 82 82 82 82 82 82 82 82 82 82 82 82 82 82 82 212 212 212 212 212 213
55 55 54 52 50 49 47 45 43 41 39 36 34 34 34 14 15 15 15 15 15 15 15 15 15 15 15 15 15 15 15 15 80 80 80 167 167 167 167 167 167 167 167 167 167 167 167 167 167 167 167 167 167 167 167 167 167 167 167 167 168 168 168 168 168 168 82 82 82 82 82 82 82 82 82 82 82 82 82 82 82 82 82 82 82 82 82 82 82 212 212 212 212 212 212 212
55 55 53 52 50 49 47 45 43 41 38 35 34 34 34 14 15 15 15 15 15 15 15 15 15 15 15 15 15 15 15 15 80 80 80 166 167 167 167 167 167 167 167 167 167 167 167 167 167 167 167 167 167 167 167 167 167 167 167 167 168 168 168 168 168 168 82 82 82 82 82 82 82 82 82 82 82 82 82 82 82 82 82 82 82 82 82 82 212 212 212 212 212 212 212 212
55 55 53 52 50 48 46 45 42 40 38 35 34 34 34 14 14 15 15 15 15 15 15 15 15 15 15 15 15 15 15 15 15 80 80 166 167 167 167 167 167 167 167 167 167 167 167 167 167 167 167 167 167 167 167 167 167 167 167 167 168 168 168 168 168 168 82 82 82 82 82 82 82 82 82 82 82 82 82 82 82 82 82 82 82 82 82 212 212 212 212 212 212 212 212 212
55 54 53 51 50 48 46 44 42 40 37 34 34 34 34 14 14 15 15 15 15 15 15 15 15 15 15 15 15 15 15 15 15 15 166 166 167 167 167 167 167 167 167 167 167 167 167 167 167 167 167 167 167 167 167 167 167 167 167 167 167 168 168 168 168 168 168 82 82 82 82 82 82 82 82 82 82 82 82 82 82 82 82 82 82 82 212 212 212 212 212 212 212 212 212 212
54 54 53 51 49 48 46 44 42 39 37 34 34 34 34 14 14 15 15 15 15 15 15 15 15 15 15 15 15 15 15 15 15 15 166 166 167 167 167 167 167 167 167 167 167 167 167 167 167 167 167 167 167 167 167 167 167 167 167 167 167 168 168 168 168 168 168 82 82 82 82 82 82 82 82 82 82 82 82 82 82 82 82 82 82 212 212 212 212 212 212 212 212 212 212 212
54 54 52 51 49 47 45 43 41 39 36 34 34 34 34 14 14 15 15 15 15 15 15 15 15 15 15 15 15 15 15 15 15 15 101 166 166 167 167 167 167 167 167 167 167 167 167 167 167 167 167 167 167 167 167 167 167 167 167 167 167 168 168 168 168 168 168 82 82 82 82 82 82 82 82 82 82 82 82 82 82 82 82 82 212 212 212 212 212 212 212 212 212 212 212 212
54 53 52 50 49 47 45 43 41 39 36 34 34 34 14 14 14 14 15 15 15 15 15 15 15 15 15 15 15 15 15 15 15 15 101 101 166 167 167 167 167 167 167 167 167 167 167 167 167 167 167 167 167 167 167 167 167 167 167 167 167 167 168 168 168 168 168 82 82 82 82 82 82 82 82 82 82 82 82 82 82 82 82 212 212 212 212 212 212 212 212 212 212 212 212 212
56 52 52 50 48 47 45 43 41 38 35 34 34 34 14 14 14 14 15 15 15 15 15 15 15 15 15 15 15 15 15 15 15 15 101 101 101 167 167 167 167 167 167 167 167 167 167 167 167 167 167 167 167 167 167 167 167 167 167 167 167 167 168 168 168 168 168 82 82 82 82 82 82 82 82 82 82 82 82 82 82 82 82 212 212 212 212 212 212 212 212 212 212 212 212 212
55 54 51 50 48 46 44 42 40 38 35 34 34 34 14 14 14 14 15 15 15 15 15 15 15 15 15 15 15 15 15 15 15 15 101 101 101 167 167 167 167 167 167 167 167 167 167 167 167 167 167 167 167 167 167 167 167 167 167 167 167 167 168 168 168 168 168 82 82 82 82 82 82 82 82 82 82 82 82 82 82 82 212 212 212 212 212 212 212 212 212 212 212 212 212 212
55 54 53 52 48 46 44 42 40 37 34 34 34 34 14 14 14 14 15 15 15 15 15 15 15 15 15 15 15 15 15 15 15 15 101 101 101 101 167 167 167 167 167 167 167 167 167 167 167 167 167 167 167 167 167 167 167 167 167 167 167 167 167 168 168 168 168 82 82 82 82 82 82 82 82 82 82 82 82 82 82 212 212 212 212 212 212 212 212 212 212 212 212 212 212 212
55 53 53 51 49 46 44 42 39 37 34 34 34 34 14 14 14 14 15 15 15 15 15 15 15 15 15 15 15 15 15 15 15 15 101 101 101 101 102 167 167 167 167 167 167 167 167 167 167 167 167 167 167 167 167 167 167 167 167 167 167 167 167 168 168 168 168 82 82 82 82 82 82 82 82 82 82 82 82 82 212 212 212 212 212 212 212 212 212 212 212 212 212 212 212 212
55 53 52 51 49 47 43 41 39 36 34 34 34 34 14 14 14 14 14 15 15 15 15 15 15 15 15 15 15 15 15 15 15 15 101 101 101 101 102 102 167 167 167 167 167 167 167 167 167 167 167 167 167 167 167 167 167 167 167 167 167 167 167 168 168 168 168 82 82 82 82 82 82 82 82 82 82 82 82 212 212 212 212 212 212 212 212 212 212 212 212 212 212 212 212 212
54 53 51 51 49 47 45 41 38 36 34 34 34 14 14 14 14 14 14 15 15 15 15 15 15 15 15 15 15 15 15 15 15 15 101 101 101 101 102 102 167 167 167 167 167 167 167 167 167 167 167 167 167 167 167 167 167 167 167 167 167 167 167 167 168 168 168 82 82 82 82 82 82 82 82 82 82 82 212 212 212 212 212 212 212 212 212 212 212 212 212 212 212 212 212 212
54 52 51 50 48 46 44 42 38 35 34 34 34 14 14 14 14 14 14 15 15 15 15 15 15 15 15 15 15 15 15 15 15 15 101 101 101 101 101 102 102 167 167 167 167 167 167 167 167 167 167 167 167 167 167 167 167 167 167 167 167 167 167 167 168 168 168 82 82 82 82 82 82 82 82 82 82 212 212 212 212 212 212 212 212 212 212 212 212 212 212 212 212 212 212 212
54 52 51 50 48 46 44 42 39 37 34 34 34 14 14 14 14 14 14 15 15 15 15 15 15 15 15 15 15 15 15 15 15 101 101 101 101 101 101 102 102 102 167 167 167 167 167 167 167 167 167 167 167 167 167 167 167 167 167 167 167 167 167 167 168 168 168 168 82 82 82 82 82 82 82 82 212 212 212 212 212 212 212 212 212 212 212 212 212 212 212 212 212 212 212 212
54 52 50 48 48 46 44 41 39 36 36 34 34 14 14 14 14 14 14 14 15 15 15 15 15 15 15 15 15 15 15 15 15 101 101 101 101 101 101 102 102 102 102 167 167 167 167 167 167 167 167 167 167 167 167 167 167 167 167 167 167 167 167 167 167 168 168 168 82 82 82 82 82 82 82 82 212 212 212 212 212 212 212 212 212 212 212 212 212 212 212 212 212 212 212 212
54 52 51 48 47 45 43 41 38 36 36 36 34 14 14 14 14 14 14 14 15 15 15 15 15 15 15 15 15 15 15 15 15 101 101 101 101 101 101 101 102 102 102 167 167 167 167 167 167 167 167 167 167 167 167 167 167 167 167 167 167 167 167 167 167 168 168 168 82 82 82 82 82 82 82 212 212 212 212 212 212 212 212 212 212 212 212 212 212 212 212 212 212 212 212 212
55 52 50 49 47 45 43 40 38 36 36 36 16 14 14 14 14 14 14 14 15 15 15 15 15 15 15 15 15 15 15 15 15 101 101 101 101 101 101 101 102 102 102 102 167 167 167 167 167 167 167 167 167 167 167 167 167 167 167 167 167 167 167 167 167 168 168 168 82 82 82 82 82 82 212 212 212 212 212 212 212 212 212 212 212 212 212 212 212 212 212 212 212 212 212 212
54 53 50 48 47 44 42 40 37 36 36 36 16 16 14 14 14 14 14 14 15 15 15 15 15 15 15 15 15 15 15 15 15 101 101 101 101 101 101 101 102 102 102 102 102 167 167 167 167 167 167 167 167 167 167 167 167 167 167 167 167 167 167 167 167 167 168 168 82 82 82 82 82 212 212 212 212 212 212 212 212 212 212 212 212 212 212 212 212 212 212 212 212 212 212 212
54 52 51 48 47 45 42 39 36 36 36 36 16 16 16 14 14 14 14 14 14 15 15 15 15 15 15 15 15 15 15 15 15 101 101 101 101 101 101 101 102 102 102 102 102 102 167 167 167 167 167 167 167 167 167 167 167 167 167 167 167 167 167 167 167 167 168 168 82 82 82 82 212 212 212 212 212 212 212 212 212 212 212 212 212 212 212 212 212 212 212 212 212 212 212 212
55 52 50 48 46 44 42 39 36 36 36 36 16 16 16 16 14 14 14 14 14 15 15 15 15 15 15 15 15 15 15 15 15 101 101 101 101 101 101 101 101 102 102 102 102 102 102 167 167 167 167 167 167 167 167 167 167 167 167 167 167 167 167 167 167 167 167 168 82 82 82 212 212 212 212 212 212 212 212 212 212 212 212 212 212 212 212 212 212 212 212 212 212 212 212 212
54 53 50 48 46 45 42 39 37 36 36 36 16 16 16 16 16 16 14 14 14 15 15 15 15 15 15 15 15 15 15 15 15 101 101 101 101 101 101 101 101 102 102 102 102 102 102 167 167 167 167 167 167 167 167 167 167 167 167 167 167 167 167 167 167 167 167 168 82 82 82 212 212 212 212 212 212 212 212 212 212 212 212 212 212 212 212 212 212 212 212 212 212 212 212 212
55 52 50 49 46 44 42 38 37 37 36 16 16 16 16 16 16 16 16 14 14 15 15 15 15 15 15 15 15 15 15 15 15 101 101 101 101 101 101 101 101 102 102 102 102 102 102 102 167 167 167 167 167 167 167 167 167 167 167 167 167 167 167 167 167 167 167 168 82 82 212 212 212 212 212 212 212 212 212 212 212 212 212 212 212 212 212 212 212 212 212 212 212 212 212 212
54 53 50 48 46 44 42 39 37 37 37 16 16 16 16 16 16 16 16 16 14 14 15 15 15 15 15 15 15 15 15 15 15 101 101 101 101 101 101 101 101 101 102 102 102 102 102 102 102 167 167 167 167 167 167 167 167 167 167 167 167 167 167 167 167 167 167 167 82 212 212 212 212 212 212 212 212 212 212 212 212 212 212 212 212 212 212 212 212 212 212 212 212 212 212 212
54 52 51 48 46 43 41 38 38 37 37 17 16 16 16 16 16 16 16 16 16 14 15 15 15 15 15 15 15 15 15 15 15 101 101 101 101 101 101 101 101 101 102 102 102 102 102 102 102 102 167 167 167 167 167 167 167 167 167 167 167 167 167 167 167 167 167 167 212 212 212 212 212 212 212 212 212 212 212 212 212 212 212 212 212 212 212 212 212 212 212 212 212 212 212 212
55 52 50 48 45 43 41 38 38 38 37 17 17 16 16 16 16 16 16 16 16 16 15 15 15 15 15 15 15 15 15 15 15 101 101 101 101 101 101 101 101 101 102 102 102 102 102 102 102 102 102 167 167 167 167 167 167 167 167 167 167 167 167 167 167 167 167 297 211 212 212 212 212 212 212 212 212 212 212 212 212 212 212 212 212 212 212 212 212 212 212 212 212 212 212 212
54 53 50 48 46 42 41 39 38 38 18 17 17 17 16 16 16 16 16 16 16 16 16 15 15 15 15 15 15 15 15 15 15 101 101 101 101 101 101 101 101 101 101 102 102 102 102 102 102 102 102 102 167 167 167 167 167 167 167 167 167 167 167 167 167 167 167 297 211 212 212 212 212 212 212 212 212 212 212 212 212 212 212 212 212 212 212 212 212 212 212 212 212 212 212 212
54 52 50 47 45 43 40 39 39 38 18 18 17 17 17 16 16 16 16 16 16 16 16 17 15 15 15 15 15 15 15 15 101 101 101 101 101 101 101 101 101 101 101 102 102 102 102 102 102 102 102 102 102 167 167 167 167 167 167 167 167 167 167 167 167 167 297 297 297 211 212 212 212 212 212 212 212 212 212 212 212 212 212 212 212 212 212 212 212 212 212 212 212 212 212 212
54 52 50 48 45 42 39 39 39 39 18 18 18 17 17 17 16 16 16 16 16 16 16 17 17 15 15 15 15 15 15 15 101 101 101 101 101 101 101 101 101 101 101 102 102 102 102 102 102 102 102 102 102 102 167 167 167 167 167 167 167 167 167 167 167 297 297 297 297 211 212 212 212 212 212 212 212 212 212 212 212 212 212 212 212 212 212 212 212 212 212 212 212 212 212 212
54 52 50 47 45 42 39 40 40 39 19 19 18 18 18 17 17 16 16 16 16 16 16 17 17 17 15 15 15 15 15 15 101 101 101 101 101 101 101 101 101 101 101 101 102 102 102 102 102 102 102 102 102 102 167 167 167 167 167 167 167 167 167 167 297 297 297 297 297 211 211 212 212 212 212 212 212 212 212 212 212 212 212 212 212 212 212 212 212 212 212 212 212 212 212 212
55 52 50 48 44 42 40 40 40 40 19 19 19 18 18 18 17 17 17 16 16 16 16 16 17 17 17 15 15 15 15 15 101 101 101 101 101 101 101 101 101 101 101 101 102 102 102 102 102 102 102 102 102 102 102 167 167 167 167 167 167 167 167 297 297 297 297 297 297 211 211 212 212 212 212 212 212 212 212 212 212 212 212 212 212 212 212 212 212 212 212 212 212 212 212 212
54 52 49 47 45 41 40 41 40 20 20 19 19 19 18 18 18 17 17 17 16 16 16 16 17 17 17 17 15 15 15 15 101 101 101 101 101 101 101 101 101 101 101 101 102 102 102 102 102 102 102 102 102 102 102 102 167 167 167 167 167 167 167 297 297 297 297 297 297 211 211 212 212 212 212 212 212 212 212 212 212 212 212 212 212 212 212 212 212 212 212 212 212 212 212 212
54 52 50 46 44 41 40 40 41 20 20 20 19 19 19 18 18 18 17 17 17 16 16 16 17 17 17 17 17 15 15 15 101 101 101 101 101 101 101 101 101 101 101 101 101 102 102 102 102 102 102 102 102 102 102 102 102 167 167 167 167 167 297 297 297 297 297 297 297 211 211 211 212 212 212 212 212 212 212 212 212 212 212 212 212 212 212 212 212 212 212 212 212 212 212 212
54 51 49 47 43 41 41 40 41 21 20 20 20 19 19 19 18 18 18 17 17 17 16 16 16 17 17 17 17 17 15 15 101 101 101 101 101 101 101 101 101 101 101 101 101 102 102 102 102 102 102 102 102 102 102 102 102 102 167 167 167 297 297 297 297 297 297 297 297 211 211 211 212 212 212 212 212 212 212 212 212 212 212 212 212 212 212 212 212 212 212 212 212 212 212 212
54 52 49 46 44 41 41 41 41 21 21 20 20 20 19 19 19 18 18 18 17 17 17 16 16 17 17 17 17 17 17 15 101 101 101 101 101 101 101 101 101 101 101 101 101 102 102 102 102 102 102 102 102 102 102 102 102 102 102 167 167 297 297 297 297 297 297 297 297 211 211 211 211 212 212 212 212 212 212 212 212 212 212 212 212 212 212 212 212 212 212 212 212 212 212 212
53 51 49 46 43 42 41 41 21 21 21 21 20 20 20 19 19 19 18 18 18 17 17 17 16 17 17 17 17 17 17 17 101 101 101 101 101 101 101 101 101 101 101 101 101 101 102 102 102 102 102 102 102 102 102 102 102 102 102 102 297 297 297 297 297 297 297 297 297 211 211 211 211 212 212 212 212 212 212 212 212 212 212 212 212 212 212 212 212 212 212 212 212 212 212 212
54 52 48 46 43 42 42 41 21 22 21 21 21 20 20 20 19 19 19 18 18 18 17 17 17 16 17 17 17 17 17 17 103 101 101 101 101 101 101 101 101 101 101 101 101 101 102 102 102 102 102 102 102 102 102 102 102 102 102 232 232 297 297 297 297 297 297 297 297 211 211 211 211 211 212 212 212 212 212 212 212 212 212 212 212 212 212 212 212 212 212 212 212 212 212 212
53 51 49 45 43 43 42 42 22 22 22 21 21 21 20 20 20 19 19 19 18 18 18 17 17 17 17 17 17 17 17 17 103 103 101 101 101 101 101 101 101 101 101 101 101 101 101 102 102 102 102 102 102 102 102 102 102 102 232 232 232 232 297 297 297 297 297 297 297 211 211 211 211 211 212 212 212 212 212 212 212 212 212 212 212 212 212 212 212 212 212 212 212 212 212 212
53 50 48 45 43 43 43 22 22 23 22 22 22 21 21 20 20 20 19 19 19 18 18 18 17 17 18 17 17 17 17 17 103 103 103 101 101 101 101 101 101 101 101 101 101 101 101 102 102 102 102 102 102 102 102 102 102 102 232 232 232 232 232 297 297 297 297 297 297 211 211 211 211 211 211 212 212 212 212 212 212 212 212 212 212 212 212 212 212 212 212 212 212 212 212 212
53 51 47 45 44 43 43 23 22 22 23 22 22 22 21 21 21 20 20 19 19 19 18 18 18 17 17 18 17 17 17 17 103 103 103 103 101 101 101 101 101 101 101 101 101 101 101 102 102 102 102 102 102 102 102 102 102 232 232 232 232 232 232 232 297 297 297 297 297 211 211 211 211 211 211 212 212 212 212 212 212 212 212 212 212 212 212 212 212 212 212 212 212 212 212 212
