testData/tiles/oneDegree/grid17.0-24.0-18.0-25.0.asc
ncols   200
nrows   200
xllcorner   17.0
yllcorner   24.0
cellsize   0.005
NODATA_value   -9999.0
[rows 126 to 167 of 200, columns 94 to 187 of 200]
512 512 511 511 510 510 509 509 508 508 507 507 506 506 505 504 504 503 503 502 502 501 500 500 499 499 498 498 497 496 496 495 494 494 493 493 492 491 491 490 489 489 488 487 487 486 485 485 484 483 483 482 481 481 480 479 478 478 477 476 476 475 474 473 472 472 471 470 469 469 468 467 466 465 464 464 463 642 641 640 639 639 638 637 636 635 634 633 632 631 630 629 628 627
512 512 511 511 510 510 509 509 508 508 507 507 506 505 505 504 504 503 503 502 502 501 500 500 499 499 498 497 497 496 496 495 494 494 493 493 492 491 491 490 489 489 488 487 487 486 485 485 484 483 483 482 481 481 480 479 478 478 477 476 475 475 474 473 472 472 471 470 469 468 468 467 466 465 464 464 463 462 641 640 639 638 638 637 636 635 634 633 632 631 630 629 628 627
512 512 511 511 510 510 509 509 508 508 507 506 506 505 505 504 504 503 503 502 501 501 500 500 499 499 498 497 497 496 496 495 494 494 493 492 492 491 491 490 489 489 488 487 487 486 485 485 484 483 483 482 481 480 480 479 478 478 477 476 475 475 474 473 472 472 471 470 469 468 468 467 466 465 464 463 463 462 461 640 639 638 637 637 636 635 634 633 632 631 630 629 628 627
512 512 511 511 510 510 509 509 508 507 507 506 506 505 505 504 504 503 503 502 501 501 500 500 499 498 498 497 497 496 495 495 494 494 493 492 492 491 490 490 489 489 488 487 487 486 485 485 484 483 482 482 481 480 480 479 478 477 477 476 475 475 474 473 472 471 471 470 469 468 468 467 466 465 464 463 463 462 461 460 639 638 637 636 636 635 634 633 632 631 630 629 628 627
512 512 511 511 510 510 509 508 508 507 507 506 506 505 505 504 504 503 502 502 501 501 500 500 499 498 498 497 497 496 495 495 494 494 493 492 492 491 490 490 489 488 488 487 486 486 485 484 484 483 482 482 481 480 480 479 478 477 477 476 475 474 474 473 472 471 471 470 469 468 467 467 466 465 464 463 462 462 461 460 459 638 637 636 635 635 634 633 632 631 630 629 628 627
512 512 511 510 510 509 509 508 508 507 507 506 506 505 505 504 504 503 502 502 501 501 500 500 499 498 498 497 497 496 495 495 494 493 493 492 492 491 490 490 489 488 488 487 486 486 485 484 484 483 482 482 481 480 479 479 478 477 477 476 475 474 474 473 472 471 471 470 469 468 467 467 466 465 464 463 462 462 461 460 459 458 637 636 635 634 634 633 632 631 630 629 628 627
512 511 511 510 510 509 509 508 508 507 507 506 506 505 505 504 503 503 502 502 501 501 500 499 499 498 498 497 496 496 495 495 494 493 493 492 492 491 490 490 489 488 488 487 486 486 485 484 484 483 482 482 481 480 479 479 478 477 476 476 475 474 473 473 472 471 470 470 469 468 467 466 466 465 464 463 462 461 461 460 459 458 457 456 635 634 633 632 632 631 630 629 628 627
512 511 511 510 510 509 509 508 508 507 507 506 506 505 504 504 503 503 502 502 501 501 500 499 499 498 498 497 496 496 495 495 494 493 493 492 491 491 490 490 489 488 488 487 486 486 485 484 484 483 482 481 481 480 479 479 478 477 476 476 475 474 473 473 472 471 470 470 469 468 467 466 465 465 464 463 462 461 460 460 459 458 457 456 455 634 633 632 631 630 630 629 628 627
512 511 511 510 510 509 509 508 508 507 507 506 505 505 504 504 503 503 502 502 501 500 500 499 499 498 497 497 496 496 495 494 494 493 493 492 491 491 490 489 489 488 487 487 486 485 485 484 483 483 482 481 481 480 479 478 478 477 476 476 475 474 473 473 472 471 470 469 469 468 467 466 465 465 464 463 462 461 460 459 459 458 457 456 455 454 633 632 631 630 629 628 627 626
512 511 511 510 510 509 509 508 508 507 506 506 505 505 504 504 503 503 502 501 501 500 500 499 499 498 497 497 496 496 495 494 494 493 493 492 491 491 490 489 489 488 487 487 486 485 485 484 483 483 482 481 481 480 479 478 478 477 476 475 475 474 473 472 472 471 470 469 469 468 467 466 465 464 464 463 462 461 460 459 458 458 457 456 455 454 453 632 631 630 629 628 627 626
512 511 511 510 510 509 509 508 507 507 506 506 505 505 504 504 503 503 502 501 501 500 500 499 498 498 497 497 496 496 495 494 494 493 492 492 491 491 490 489 489 488 487 487 486 485 485 484 483 483 482 481 480 480 479 478 478 477 476 475 475 474 473 472 472 471 470 469 468 468 467 466 465 464 464 463 462 461 460 459 458 457 457 456 455 454 453 452 451 630 629 628 627 626
512 511 511 510 509 509 508 508 507 507 506 506 505 505 504 504 503 502 502 501 501 500 500 499 498 498 497 497 496 495 495 494 494 493 492 492 491 490 490 489 488 488 487 487 486 485 484 484 483 482 482 481 480 480 479 478 477 477 476 475 474 474 473 472 471 471 470 469 468 468 467 466 465 464 463 463 462 461 460 459 458 457 456 456 455 454 453 452 451 450 629 628 627 626
511 511 510 510 509 509 508 508 507 507 506 506 505 505 504 503 503 502 502 501 501 500 499 499 498 498 497 497 496 495 495 494 493 493 492 492 491 490 490 489 488 488 487 486 486 485 484 484 483 482 482 481 480 480 479 478 477 477 476 475 474 474 473 472 471 471 470 469 468 467 467 466 465 464 463 462 462 461 460 459 458 457 456 455 455 454 453 452 451 450 449 628 627 626
511 511 510 510 509 509 508 508 507 507 506 506 505 504 504 503 503 502 502 501 501 500 499 499 498 498 497 496 496 495 495 494 493 493 492 492 491 490 490 489 488 488 487 486 486 485 484 484 483 482 482 481 480 479 479 478 477 477 476 475 474 474 473 472 471 470 470 469 468 467 466 466 465 464 463 462 461 461 460 459 458 457 456 455 454 453 453 452 451 450 449 448 447 626
511 511 510 510 509 509 508 508 507 507 506 505 505 504 504 503 503 502 502 501 500 500 499 499 498 498 497 496 496 495 495 494 493 493 492 491 491 490 489 489 488 488 487 486 486 485 484 483 483 482 481 481 480 479 479 478 477 476 476 475 474 473 473 472 471 470 470 469 468 467 466 466 465 464 463 462 461 460 460 459 458 457 456 455 454 453 452 451 451 450 449 448 447 446
511 511 510 510 509 509 508 508 507 506 506 505 505 504 504 503 503 502 501 501 500 500 499 499 498 497 497 496 496 495 494 494 493 493 492 491 491 490 489 489 488 487 487 486 485 485 484 483 483 482 481 481 480 479 478 478 477 476 476 475 474 473 473 472 471 470 469 469 468 467 466 465 465 464 463 462 461 460 459 459 458 457 456 455 454 453 452 451 450 449 448 448 447 446
511 511 510 510 509 508 508 507 507 506 506 505 505 504 504 503 503 502 501 501 500 500 499 498 498 497 497 496 496 495 494 494 493 492 492 491 491 490 489 489 488 487 487 486 485 485 484 483 483 482 481 480 480 479 478 478 477 476 475 475 474 473 472 472 471 470 469 469 468 467 466 465 464 464 463 462 461 460 459 458 458 457 456 455 454 453 452 451 450 449 448 447 446 445
511 510 510 509 509 508 508 507 507 506 506 505 505 504 504 503 502 502 501 501 500 500 499 498 498 497 497 496 495 495 494 494 493 492 492 491 490 490 489 489 488 487 487 486 485 485 484 483 482 482 481 480 480 479 478 478 477 476 475 475 474 473 472 472 471 470 469 468 468 467 466 465 464 463 463 462 461 460 459 458 457 457 456 455 454 453 452 451 450 449 448 447 446 445
511 510 510 509 509 508 508 507 507 506 506 505 505 504 503 503 502 502 501 501 500 499 499 498 498 497 497 496 495 495 494 493 493 492 492 491 490 490 489 488 488 487 486 486 485 484 484 483 482 482 481 480 480 479 478 477 477 476 475 474 474 473 472 471 471 470 469 468 467 467 466 465 464 463 463 462 461 460 459 458 457 456 456 455 454 453 452 451 450 449 448 447 446 445
511 510 510 509 509 508 508 507 507 506 506 505 504 504 503 503 502 502 501 500 500 499 499 498 498 497 496 496 495 495 494 493 493 492 491 491 490 490 489 488 488 487 486 486 485 484 484 483 482 482 481 480 479 479 478 477 477 476 475 474 474 473 472 471 470 470 469 468 467 467 466 465 464 463 462 462 461 460 459 458 457 456 455 454 454 453 452 451 450 449 448 447 446 445
511 510 510 509 509 508 508 507 506 506 505 505 504 504 503 503 502 502 501 500 500 499 499 498 497 497 496 496 495 494 494 493 493 492 491 491 490 489 489 488 488 487 486 486 485 484 483 483 482 481 481 480 479 479 478 477 476 476 475 474 473 473 472 471 470 470 469 468 467 466 466 465 464 463 462 461 461 460 459 458 457 456 455 454 453 453 452 451 450 449 448 447 446 445
511 510 510 509 508 508 507 507 506 506 505 505 504 504 503 503 502 501 501 500 500 499 499 498 497 497 496 496 495 494 494 493 492 492 491 491 490 489 489 488 487 487 486 485 485 484 483 483 482 481 481 480 479 478 478 477 476 476 475 474 473 473 472 471 470 469 469 468 467 466 465 465 464 463 462 461 460 460 459 458 457 456 455 454 453 452 451 450 450 449 448 447 446 445
510 510 509 509 508 508 507 507 506 506 505 505 504 504 503 502 502 501 501 500 500 499 498 498 497 497 496 495 495 494 494 493 492 492 491 490 490 489 489 488 487 487 486 485 485 484 483 483 482 481 480 480 479 478 478 477 476 475 475 474 473 472 472 471 470 469 469 468 467 466 465 464 464 463 462 461 460 459 459 458 457 456 455 454 453 452 451 450 449 448 447 446 445 444
510 510 509 509 508 508 507 507 506 506 505 505 504 503 503 502 502 501 501 500 499 499 498 498 497 497 496 495 495 494 493 493 492 492 491 490 490 489 488 488 487 486 486 485 484 484 483 482 482 481 480 480 479 478 477 477 476 475 475 474 473 472 471 471 470 469 468 468 467 466 465 464 463 463 462 461 460 459 458 457 457 456 455 454 453 452 451 450 449 448 447 446 445 444
510 510 509 509 508 508 507 507 506 505 505 504 504 503 503 502 502 501 500 500 499 499 498 498 497 496 496 495 495 494 493 493 492 492 491 490 490 489 488 488 487 486 486 485 484 484 483 482 482 481 480 479 479 478 477 477 476 475 474 474 473 472 471 471 470 469 468 467 467 466 465 464 463 462 462 461 460 459 458 457 456 456 455 454 453 452 451 450 449 448 447 446 445 444
510 510 509 509 508 508 507 506 506 505 505 504 504 503 503 502 501 501 500 500 499 499 498 497 497 496 496 495 494 494 493 493 492 491 491 490 489 489 488 488 487 486 486 485 484 484 483 482 481 481 480 479 479 478 477 476 476 475 474 473 473 472 471 470 470 469 468 467 466 466 465 464 463 462 462 461 460 459 458 457 456 455 454 454 453 452 451 450 449 448 447 446 445 444
510 509 509 508 508 507 507 506 506 505 505 504 504 503 502 502 501 501 500 500 499 499 498 497 497 496 496 495 494 494 493 492 492 491 491 490 489 489 488 487 487 486 485 485 484 483 483 482 481 481 480 479 478 478 477 476 476 475 474 473 473 472 471 470 469 469 468 467 466 466 465 464 463 462 461 460 460 459 458 457 456 455 454 453 452 452 451 450 449 448 447 446 445 444
510 509 509 508 508 507 507 506 506 505 505 504 503 503 502 502 501 501 500 500 499 498 498 497 497 496 495 495 494 494 493 492 492 491 490 490 489 489 488 487 487 486 485 485 484 483 483 482 481 480 480 479 478 478 477 476 475 475 474 473 472 472 471 470 469 469 468 467 466 465 465 464 463 462 461 460 459 459 458 457 456 455 454 453 452 451 450 449 449 448 447 446 445 444
510 509 509 508 508 507 507 506 506 505 504 504 503 503 502 502 501 501 500 499 499 498 498 497 496 496 495 495 494 493 493 492 492 491 490 490 489 488 488 487 486 486 485 484 484 483 482 482 481 480 480 479 478 477 477 476 475 475 474 473 472 472 471 470 469 468 468 467 466 465 464 464 463 462 461 460 459 458 458 457 456 455 454 453 452 451 450 449 448 447 446 445 444 443
510 509 509 508 508 507 506 506 505 505 504 504 503 503 502 502 501 500 500 499 499 498 498 497 496 496 495 495 494 493 493 492 491 491 490 490 489 488 488 487 486 486 485 484 484 483 482 482 481 480 479 479 478 477 477 476 475 474 474 473 472 471 471 470 469 468 467 467 466 465 464 463 463 462 461 460 459 458 457 457 456 455 454 453 452 451 450 449 448 447 446 445 444 443
509 509 508 508 507 507 506 506 505 505 504 504 503 503 502 501 501 500 500 499 499 498 497 497 496 496 495 494 494 493 493 492 491 491 490 489 489 488 487 487 486 486 485 484 483 483 482 481 481 480 479 479 478 477 476 476 475 474 473 473 472 471 470 470 469 468 467 466 466 465 464 463 462 462 461 460 459 458 457 456 455 455 454 453 452 451 450 449 448 447 446 445 444 443
509 509 508 508 507 507 506 506 505 505 504 504 503 502 502 501 501 500 500 499 498 498 497 497 496 495 495 494 494 493 492 492 491 491 490 489 489 488 487 487 486 485 485 484 483 483 482 481 481 480 479 478 478 477 476 476 475 474 473 473 472 471 470 469 469 468 467 466 466 465 464 463 462 461 461 460 459 458 457 456 455 454 453 453 452 451 450 449 448 447 446 445 444 443
509 509 508 508 507 507 506 506 505 504 504 503 503 502 502 501 501 500 499 499 498 498 497 497 496 495 495 494 494 493 492 492 491 490 490 489 488 488 487 487 486 485 485 484 483 483 482 481 480 480 479 478 478 477 476 475 475 474 473 472 472 471 470 469 469 468 467 466 465 465 464 463 462 461 460 459 459 458 457 456 455 454 453 452 451 450 450 449 448 447 446 445 444 443
509 509 508 508 507 506 506 505 505 504 504 503 503 502 502 501 500 500 499 499 498 498 497 496 496 495 495 494 493 493 492 492 491 490 490 489 488 488 487 486 486 485 484 484 483 482 482 481 480 480 479 478 477 477 476 475 474 474 473 472 471 471 470 469 468 468 467 466 465 464 464 463 462 461 460 459 458 458 457 456 455 454 453 452 451 450 449 448 447 446 445 444 443 442
509 508 508 507 507 506 506 505 505 504 504 503 503 502 501 501 500 500 499 499 498 497 497 496 496 495 494 494 493 493 492 491 491 490 489 489 488 488 487 486 486 485 484 484 483 482 482 481 480 479 479 478 477 477 476 475 474 474 473 472 471 471 470 469 468 467 467 466 465 464 463 463 462 461 460 459 458 457 456 456 455 454 453 452 451 450 449 448 447 446 445 444 443 442
509 508 508 507 507 506 506 505 505 504 504 503 502 502 501 501 500 500 499 498 498 497 497 496 495 495 494 494 493 492 492 491 491 490 489 489 488 487 487 486 485 485 484 483 483 482 481 481 480 479 479 478 477 476 476 475 474 473 473 472 471 470 470 469 468 467 466 466 465 464 463 462 461 461 460 459 458 457 456 455 455 454 453 452 451 450 449 448 447 446 445 444 443 442
509 508 508 507 507 506 506 505 504 504 503 503 502 502 501 501 500 499 499 498 498 497 497 496 495 495 494 494 493 492 492 491 490 490 489 489 488 487 487 486 485 485 484 483 483 482 481 480 480 479 478 478 477 476 475 475 474 473 472 472 471 470 469 469 468 467 466 465 465 464 463 462 461 460 460 459 458 457 456 455 454 453 452 452 451 450 449 448 447 446 445 444 443 442
509 508 507 507 506 506 505 505 504 504 503 503 502 502 501 500 500 499 499 498 498 497 496 496 495 495 494 493 493 492 492 491 490 490 489 488 488 487 486 486 485 484 484 483 482 482 481 480 480 479 478 477 477 476 475 475 474 473 472 472 471 470 469 468 468 467 466 465 464 464 463 462 461 460 459 459 458 457 456 455 454 453 452 451 450 449 449 448 447 446 445 444 443 442
508 508 507 507 506 506 505 505 504 504 503 503 502 501 501 500 500 499 499 498 497 497 496 496 495 494 494 493 493 492 491 491 490 489 489 488 488 487 486 486 485 484 484 483 482 482 481 480 479 479 478 477 477 476 475 474 474 473 472 471 471 470 469 468 467 467 466 465 464 463 463 462 461 460 459 458 457 457 456 455 454 453 452 451 450 449 448 447 446 445 444 443 442 441
508 508 507 507 506 506 505 505 504 503 503 502 502 501 501 500 500 499 498 498 497 497 496 495 495 494 494 493 492 492 491 491 490 489 489 488 487 487 486 485 485 484 483 483 482 481 481 480 479 479 478 477 476 476 475 474 473 473 472 471 470 470 469 468 467 467 466 465 464 463 462 462 461 460 459 458 457 456 456 455 454 453 452 451 450 449 448 447 446 445 444 443 442 441
508 508 507 507 506 505 505 504 504 503 503 502 502 501 501 500 499 499 498 498 497 496 496 495 495 494 494 493 492 492 491 490 490 489 489 488 487 487 486 485 485 484 483 483 482 481 481 480 479 478 478 477 476 476 475 474 473 473 472 471 470 469 469 468 467 466 466 465 464 463 462 461 461 460 459 458 457 456 455 454 454 453 452 451 450 449 448 447 446 445 444 443 442 441
508 507 507 506 506 505 505 504 504 503 503 502 501 501 500 500 499 499 498 498 497 496 496 495 495 494 493 493 492 491 491 490 490 489 488 488 487 486 486 485 484 484 483 482 482 481 480 480 479 478 477 477 476 475 475 474 473 472 472 471 470 469 469 468 467 466 465 465 464 463 462 461 460 459 459 458 457 456 455 454 453 452 451 451 450 449 448 447 446 445 444 443 442 441
