testData/tiles/oneDegree/grid29.0-31.0-30.0-32.0.asc
ncols   200
nrows   200
xllcorner   29.0
yllcorner   31.0
cellsize   0.005
NODATA_value   -9999.0
[rows 0 to 41 of 200, columns 94 to 187 of 200]
686 686 687 686 685 686 686 685 685 685 685 684 685 685 684 684 684 684 684 683 683 683 683 683 682 682 682 682 682 682 681 681 681 681 680 680 681 680 679 679 679 679 679 679 678 678 678 677 677 677 678 676 676 676 676 547 547 548 547 546 546 546 546 545 545 545 545 544 543 544 544 543 543 543 542 541 542 542 540 540 541 540 539 539 540 538 538 538 536 537 537 536 535 536
686 686 687 687 686 686 686 686 686 686 686 685 685 685 685 686 684 684 685 684 684 683 684 683 683 684 683 682 682 683 682 681 682 682 681 680 681 680 680 681 680 679 679 680 678 678 679 679 677 677 678 677 677 549 549 548 548 548 547 547 547 547 546 546 547 545 545 545 545 544 544 544 543 543 543 542 542 542 542 540 541 541 540 539 540 540 538 538 539 537 537 537 536 536
688 687 687 687 687 687 687 686 687 686 686 687 686 685 685 686 685 684 685 685 684 684 684 684 683 684 684 682 683 683 683 682 682 682 681 682 682 681 680 681 681 679 680 680 680 679 679 679 678 679 678 678 549 550 549 548 549 549 548 547 548 548 546 546 547 547 545 546 546 545 544 545 544 543 543 544 543 542 542 542 541 541 541 541 540 540 539 539 539 538 537 538 538 537
688 689 688 687 688 688 687 687 687 687 686 687 687 686 686 686 686 685 686 685 685 685 685 685 683 684 684 684 684 683 683 683 683 683 682 682 682 682 682 681 681 681 681 680 680 681 680 679 679 679 551 550 550 550 550 549 549 549 549 548 548 548 548 547 547 547 546 546 546 546 546 545 545 544 544 544 543 543 543 543 542 542 542 541 541 540 540 540 539 539 539 539 538 537
688 689 689 688 689 688 687 688 688 688 686 687 687 687 687 686 686 686 686 686 685 685 685 685 686 684 684 684 684 684 683 684 683 683 683 683 682 682 683 682 681 682 682 681 680 681 680 680 680 551 551 551 551 550 550 551 550 549 549 550 549 548 548 548 547 547 548 547 546 546 546 546 545 544 545 545 544 544 544 543 542 543 543 541 541 542 541 540 540 540 539 539 539 537
689 689 689 688 689 689 688 688 688 688 688 688 687 687 688 687 687 687 686 686 686 687 685 685 686 685 685 685 685 684 684 685 684 683 684 684 682 682 683 683 682 682 682 681 681 681 681 552 553 553 551 551 552 551 550 551 551 550 549 550 549 549 549 549 548 548 548 547 547 547 546 546 546 546 545 545 545 544 544 544 542 543 543 543 541 542 542 540 540 541 540 539 539 540
690 690 689 689 689 689 689 690 688 688 689 689 688 687 688 687 687 688 687 686 687 687 686 685 686 686 685 686 685 685 685 685 685 683 684 684 684 684 683 683 682 683 682 682 682 554 554 552 553 553 552 552 552 552 551 551 551 550 551 550 550 549 550 549 548 549 549 547 547 548 548 546 546 547 545 545 546 545 544 544 545 543 543 543 543 542 542 541 541 541 541 540 540 540
691 690 690 691 690 689 689 690 689 688 689 689 688 689 689 688 687 688 688 687 687 687 687 687 687 686 686 686 686 686 685 685 685 685 684 684 684 684 684 683 684 683 683 682 554 554 554 554 553 553 553 553 552 552 552 552 551 551 551 551 550 550 550 550 548 549 549 549 548 548 548 547 547 547 547 545 546 546 545 545 545 544 544 544 544 543 542 543 542 541 541 541 541 540
691 691 690 691 691 689 690 690 690 689 690 689 689 689 689 689 688 688 688 688 688 687 687 688 687 687 687 686 686 686 687 685 685 686 685 685 684 685 684 684 684 683 555 556 556 554 554 555 554 553 554 553 553 552 553 552 552 552 551 551 551 551 550 550 551 549 549 549 549 548 548 549 548 547 547 547 546 546 545 546 545 545 544 545 544 543 544 543 542 542 542 542 541 541
692 691 690 691 691 691 691 690 690 690 690 690 689 689 689 689 690 688 688 688 689 688 687 688 687 687 688 687 686 686 687 686 685 686 686 685 686 685 684 684 557 556 555 556 556 555 554 555 554 554 554 554 553 554 553 552 552 553 552 551 552 552 550 550 551 550 549 550 550 549 548 549 548 548 547 547 547 547 547 546 546 545 545 545 545 543 544 544 543 542 543 542 541 541
464 692 691 691 691 691 692 691 690 691 690 690 690 690 689 689 690 690 689 689 689 688 688 689 688 687 688 688 687 687 687 687 686 686 686 685 686 686 685 557 557 557 556 556 556 555 556 555 555 554 555 554 553 554 554 553 552 553 553 552 552 552 551 552 551 551 550 550 550 549 549 549 548 548 549 548 547 547 548 546 546 547 545 545 545 546 544 544 544 543 543 543 541 542
464 692 693 693 691 691 692 691 691 691 691 690 691 691 691 689 690 690 689 690 689 689 689 689 689 687 688 688 688 688 687 687 687 687 687 686 686 558 558 557 557 557 556 557 556 556 556 556 555 555 555 555 554 554 554 554 554 553 553 552 553 552 552 552 552 551 550 551 550 549 550 550 549 548 549 549 547 548 548 547 546 547 547 545 545 546 545 544 545 544 543 543 544 542
465 692 693 693 692 691 692 692 691 692 692 691 691 691 691 691 690 690 690 690 690 689 689 689 689 690 688 688 688 688 688 687 688 687 687 560 558 558 558 559 557 557 558 557 557 556 556 556 556 556 555 555 556 554 554 554 554 554 553 554 553 553 552 552 552 552 552 551 551 550 550 550 550 549 549 549 548 548 548 548 548 547 547 546 546 546 545 545 545 545 544 543 544 543
466 692 693 693 693 693 692 692 692 692 692 692 691 691 691 692 691 690 690 690 690 690 690 689 689 690 689 688 688 689 688 688 688 559 559 560 560 558 558 559 558 558 558 557 557 558 557 556 556 557 555 555 556 556 555 555 555 554 554 554 553 553 554 553 552 552 553 551 551 552 550 550 550 551 549 549 550 549 548 548 548 547 547 546 547 546 546 546 545 545 544 545 544 543
466 466 693 693 693 694 693 693 693 692 692 692 693 691 691 692 691 691 691 691 690 690 691 690 689 690 690 689 690 689 688 560 561 560 559 560 560 559 559 559 558 558 559 558 557 558 558 556 557 557 557 555 556 556 555 556 555 554 554 555 554 553 554 554 552 553 553 552 551 552 552 550 551 551 550 549 550 549 549 549 548 548 547 548 547 547 546 546 546 545 545 545 545 544
466 466 694 693 693 694 693 693 694 693 692 692 693 692 691 692 692 691 692 692 690 691 691 691 690 690 690 689 690 562 561 561 561 561 559 560 560 559 560 559 559 559 559 559 557 558 558 558 557 557 557 557 556 556 555 556 556 555 555 555 555 553 554 554 553 553 553 553 553 552 552 551 551 551 550 551 550 550 549 550 549 548 548 548 547 547 548 546 546 546 546 545 545 545
466 466 695 694 693 694 694 693 694 694 692 693 693 693 692 692 692 691 692 692 692 691 691 691 690 691 690 690 562 562 562 561 561 561 561 560 560 560 560 560 559 559 559 559 559 558 558 558 558 557 557 557 557 556 556 556 556 555 555 555 555 555 554 554 554 554 553 553 553 552 552 551 552 551 551 551 551 550 549 550 550 548 549 549 547 547 548 548 546 547 547 545 545 546
466 467 695 695 694 695 694 693 694 694 694 693 693 693 693 693 693 692 692 692 692 692 691 691 692 691 563 562 562 562 562 563 561 561 562 561 560 560 560 560 560 560 559 559 560 559 558 558 558 558 557 558 557 557 557 556 556 556 555 555 555 556 554 554 555 554 553 553 553 553 552 553 552 552 551 551 551 551 550 550 550 548 549 549 549 548 548 548 546 547 547 546 546 546
468 467 467 695 695 695 695 694 694 694 694 694 693 693 694 693 693 693 692 692 692 693 692 691 564 563 563 564 563 562 562 563 562 561 562 561 561 561 561 560 560 561 559 559 560 560 559 559 559 558 558 558 557 557 558 556 556 557 557 555 555 556 555 554 555 554 554 554 554 553 553 553 552 552 553 551 551 551 552 550 550 551 549 549 549 549 548 548 548 547 547 547 547 546
468 468 467 695 696 695 695 695 694 694 694 695 694 693 694 693 693 694 694 692 692 693 564 564 564 564 563 564 564 562 562 563 562 562 562 562 561 562 561 560 560 561 561 559 560 560 559 559 559 558 559 559 558 557 558 558 556 557 557 556 556 556 555 555 555 555 554 555 554 553 553 554 552 552 553 553 551 552 552 550 550 551 550 549 550 549 549 548 549 548 547 548 547 546
468 469 468 695 696 695 695 696 696 694 694 695 694 694 694 694 693 694 694 693 564 565 565 564 565 564 563 564 564 564 563 563 563 562 563 562 561 562 562 561 561 561 561 560 560 560 559 560 559 559 559 559 559 557 558 558 557 557 557 557 557 556 556 555 556 555 554 555 555 553 554 554 554 552 553 553 552 552 552 551 551 551 550 550 550 550 549 549 549 548 548 548 547 547
468 469 468 468 696 696 695 696 696 695 694 695 695 694 695 694 693 566 566 566 566 565 565 564 565 565 564 564 564 564 564 563 563 562 563 563 562 562 562 562 561 561 561 561 561 560 560 560 560 559 559 559 559 558 558 558 558 558 557 557 557 557 556 556 556 556 554 555 555 555 554 554 554 554 553 553 552 552 552 551 552 551 551 550 551 550 549 550 549 548 548 548 547 547
468 469 469 468 697 696 695 696 696 696 696 695 695 694 695 567 566 566 566 566 566 566 565 565 565 565 565 564 564 564 564 564 563 564 563 563 562 562 562 562 562 561 561 562 561 561 560 560 560 560 559 559 559 560 558 558 559 558 557 557 557 557 557 557 556 556 557 555 555 555 554 554 554 554 553 553 554 553 552 552 552 552 551 551 551 550 549 550 550 549 549 549 548 547
468 469 469 468 697 697 696 696 696 696 696 696 695 567 567 567 567 566 566 566 567 566 565 566 565 565 565 565 564 564 565 564 563 564 563 563 563 562 562 562 563 562 561 562 561 561 561 560 560 560 561 559 559 560 559 558 559 558 558 557 558 557 557 557 556 556 557 555 555 555 555 554 554 555 554 553 554 553 553 552 552 552 551 551 551 551 551 550 550 549 549 549 549 548
470 469 469 469 697 697 697 696 696 696 697 568 568 568 567 567 567 568 566 566 567 566 566 566 565 565 565 566 564 564 565 564 564 564 564 563 564 564 562 562 563 562 562 562 561 561 562 561 560 561 561 560 559 560 559 559 559 559 558 559 558 557 557 558 556 556 557 556 555 556 556 555 554 555 554 554 554 553 553 553 552 552 552 552 551 551 552 550 550 551 549 549 549 548
471 470 469 469 469 697 697 698 696 568 569 568 568 569 568 567 567 568 567 566 567 567 566 567 566 565 566 566 565 564 565 565 564 565 564 563 564 564 563 562 563 563 562 562 562 561 562 562 560 561 561 560 559 560 560 559 560 559 558 559 559 557 558 558 557 556 557 557 556 556 556 555 556 555 554 554 554 553 553 554 553 552 553 553 551 551 552 550 550 551 550 549 550 550
471 470 470 469 470 697 569 570 569 568 569 569 568 569 568 567 567 568 568 567 567 567 566 567 567 565 566 566 566 565 565 565 564 565 565 563 564 564 564 564 563 563 562 563 562 561 562 562 561 561 561 561 561 560 560 559 560 559 558 559 559 558 558 558 558 556 557 557 556 556 556 555 556 555 555 555 555 554 553 554 554 552 553 553 551 552 552 551 550 551 551 549 550 550
471 471 470 471 342 569 569 570 570 569 569 569 568 569 569 568 568 568 568 567 567 567 566 567 567 567 566 566 566 566 566 565 564 565 565 565 564 564 564 564 563 563 562 563 563 562 562 562 562 561 561 561 561 561 560 559 560 560 559 559 559 559 558 558 558 558 557 557 556 557 556 556 556 556 555 555 555 555 553 554 554 552 553 553 552 552 552 552 550 551 551 550 550 550
471 343 342 343 343 342 569 570 570 569 569 569 569 569 569 569 568 568 568 567 568 567 567 567 567 567 566 566 566 566 566 565 565 565 565 565 564 564 564 564 564 563 564 563 563 562 562 562 562 562 561 561 561 561 560 561 560 560 559 559 559 559 559 558 558 558 558 557 557 557 557 556 556 556 555 555 555 555 554 554 554 554 553 553 553 552 552 552 552 551 551 550 550 550
343 343 343 343 343 342 569 570 570 570 570 569 569 569 569 569 569 568 568 568 568 568 567 567 567 567 567 566 566 567 566 566 565 565 565 565 565 564 564 565 564 564 564 563 563 563 562 562 562 562 562 561 562 561 561 561 560 560 560 559 559 559 559 558 558 559 558 557 558 557 557 556 556 556 556 555 555 555 556 554 554 554 553 553 553 553 552 552 552 551 551 551 551 550
343 343 343 343 343 343 571 570 570 570 570 570 569 570 569 569 570 568 568 569 568 568 568 568 567 567 568 567 566 567 566 566 567 565 565 565 566 564 564 565 564 564 564 563 563 564 564 562 562 563 562 561 562 561 561 561 560 560 560 560 559 559 560 559 558 559 558 558 558 557 557 557 556 556 556 557 555 555 556 554 554 555 554 553 553 553 552 552 552 552 551 552 551 550
344 343 343 344 343 343 572 570 570 570 571 570 570 570 569 569 570 569 568 569 569 568 568 568 567 567 568 567 566 567 566 566 567 566 565 565 566 565 564 565 564 564 565 564 563 564 564 562 562 563 562 562 562 561 561 562 561 560 561 561 559 559 560 559 558 559 558 558 558 557 557 558 557 556 556 557 555 555 556 555 554 555 554 553 553 553 553 552 553 552 551 552 551 551
345 344 343 344 343 343 344 572 570 570 571 570 570 570 569 569 570 570 569 569 569 568 568 569 567 567 568 568 567 567 567 566 567 567 565 565 566 565 565 565 565 564 565 564 563 564 564 563 562 563 562 562 562 562 561 562 562 560 561 561 560 559 560 559 559 559 559 558 559 558 557 558 558 556 556 557 555 555 556 555 554 555 555 554 554 554 553 552 553 552 552 552 551 551
345 344 343 344 344 343 344 572 570 570 571 570 570 571 570 569 570 570 569 569 569 568 568 569 568 567 568 568 567 567 567 566 567 567 565 565 566 566 565 565 565 564 565 565 563 564 564 563 562 563 563 562 563 562 561 562 562 560 561 561 560 559 560 560 559 559 559 558 559 558 557 558 558 556 556 557 556 555 556 556 555 555 555 554 554 554 553 553 553 552 552 552 551 551
345 345 344 344 344 343 344 572 571 570 571 571 570 571 570 569 570 570 569 570 569 569 568 569 569 567 568 568 567 568 567 566 567 567 567 565 566 566 565 566 565 564 565 565 563 564 564 564 564 563 563 562 563 562 561 562 562 560 561 561 561 561 560 560 559 560 559 558 559 559 557 558 558 557 557 557 557 555 556 556 555 555 555 554 555 554 553 554 553 552 552 553 552 551
345 345 344 345 344 343 344 344 572 570 571 571 570 571 571 569 570 570 570 570 569 569 568 569 569 567 568 568 568 568 568 567 567 567 567 566 566 566 565 566 565 565 565 565 565 564 564 564 564 563 563 562 563 563 561 562 562 562 561 561 561 561 560 560 559 560 559 558 559 559 557 558 558 558 557 557 557 556 556 556 555 556 555 554 555 554 553 554 554 553 552 553 552 551
345 345 345 345 344 344 344 344 572 571 571 571 570 571 571 570 570 570 570 570 570 569 569 569 569 569 568 568 568 568 568 567 567 567 567 567 566 566 566 566 566 565 565 565 565 564 564 564 564 564 563 563 563 563 562 562 562 562 561 561 561 561 561 560 559 560 560 559 559 559 559 558 558 558 557 557 557 556 556 556 555 556 555 554 555 555 554 554 554 553 552 553 553 551
345 345 345 345 345 344 344 344 572 572 571 571 571 571 571 571 570 570 570 570 570 569 570 569 569 569 568 568 568 568 568 567 567 567 567 568 566 566 566 566 566 565 565 565 565 565 564 564 565 564 563 563 563 563 562 562 562 562 562 561 561 561 561 560 560 560 560 559 559 559 559 558 558 558 558 557 557 556 557 556 555 556 555 555 555 555 554 554 554 553 552 553 553 551
345 345 345 345 345 344 345 344 344 572 572 571 571 571 571 571 570 570 570 571 570 570 570 569 569 569 569 568 568 568 568 568 568 567 567 568 567 566 566 566 566 565 565 565 565 566 564 564 565 564 563 563 563 563 563 562 562 562 562 561 561 562 561 560 560 560 560 559 559 559 559 558 558 558 558 557 557 557 557 556 556 556 556 555 555 555 554 554 554 554 552 553 553 551
345 345 345 346 345 344 345 344 344 572 572 571 571 572 571 571 572 570 570 571 570 570 569 569 569 569 570 568 568 569 568 568 568 567 567 568 567 566 566 566 566 566 566 565 565 566 564 564 565 564 564 563 563 563 563 562 562 562 563 561 561 562 561 561 560 560 560 560 559 559 559 559 558 558 559 557 557 557 557 556 556 556 556 555 555 555 554 554 554 554 552 553 553 552
346 345 345 346 345 345 345 344 344 572 573 572 571 572 571 571 572 570 570 571 570 570 569 570 569 569 570 569 568 569 568 568 569 567 567 567 568 566 566 567 566 566 566 565 565 566 565 564 565 564 564 563 564 563 563 563 562 562 563 562 561 562 561 561 560 560 560 560 559 559 559 560 558 558 559 558 557 557 557 556 556 556 556 555 555 555 555 554 554 554 553 553 553 553
346 345 345 346 345 345 345 345 344 344 573 572 571 572 571 571 572 570 570 571 571 570 570 570 569 569 570 569 568 569 568 568 569 568 567 567 568 567 566 567 566 566 566 565 565 566 565 564 564 565 564 563 564 563 563 564 562 562 563 562 561 561 561 561 560 560 560 560 560 559 559 560 558 558 558 558 557 557 557 557 556 556 556 555 555 555 555 554 554 554 554 553 553 553
