testData/tiles/oneDegree/grid15.0-0.0-16.0-1.0.asc
ncols   200
nrows   200
xllcorner   15.0
yllcorner   0.0
cellsize   0.005
NODATA_value   -9999.0
[rows 42 to 83 of 200, columns 94 to 187 of 200]
294 295 296 297 296 297 297 298 300 300 301 300 301 302 302 304 304 305 305 305 306 306 308 309 308 309 309 310 310 370 371 371 372 372 373 374 373 375 326 327 328 327 338 338 339 340 341 341 341 342 342 343 343 343 344 345 346 346 346 347 347 347 348 348 350 350 350 350 351 352 351 352 352 353 353 353 355 355 355 355 356 357 356 357 357 358 358 358 359 359 360 360 361 361
295 296 296 297 297 297 298 299 300 300 301 302 301 302 303 304 304 305 305 305 306 307 308 309 309 309 309 310 311 312 372 371 372 373 373 374 375 326 326 327 328 328 338 338 340 341 341 341 341 342 343 343 343 344 345 346 346 346 346 347 347 348 348 349 350 350 350 351 351 352 352 352 353 354 355 354 355 355 356 356 356 357 357 357 358 358 358 359 360 360 360 361 361 362
295 296 296 297 297 297 299 299 300 300 301 302 301 303 303 304 305 305 306 305 307 308 308 309 309 309 310 311 312 312 372 371 372 373 373 375 326 326 327 327 328 328 339 340 340 341 341 342 342 342 343 343 345 344 345 346 346 347 346 347 348 349 349 349 350 351 351 351 351 352 352 353 354 354 355 354 355 356 356 356 356 357 358 357 359 359 360 359 360 361 361 361 361 362
295 296 296 297 298 299 299 299 300 301 301 302 303 303 304 304 305 305 306 307 307 308 308 309 309 310 311 311 312 312 313 373 372 373 374 326 327 327 327 327 328 329 330 340 340 341 341 342 342 342 344 344 345 345 345 346 346 347 347 348 349 349 350 349 350 351 351 351 351 353 354 353 354 354 355 356 355 356 356 357 356 358 359 359 359 359 360 360 360 361 361 361 362 362
295 296 296 297 298 299 300 299 300 301 301 303 303 304 304 304 305 305 307 308 307 308 308 309 310 311 312 311 312 313 313 314 373 374 325 326 327 327 327 327 328 330 330 341 340 341 342 342 343 343 344 345 345 346 345 346 346 347 349 348 349 349 350 350 350 351 351 352 353 353 354 354 354 355 355 356 355 356 356 358 358 358 359 359 359 360 360 361 360 361 361 361 362 362
295 296 297 297 299 299 300 300 300 301 302 303 304 304 304 304 305 306 307 308 308 308 308 309 311 311 312 311 312 313 313 314 374 325 326 326 327 327 328 329 329 330 330 341 341 341 342 343 344 343 344 345 345 346 345 346 348 348 349 348 349 350 350 351 350 351 353 353 353 353 354 354 354 355 355 356 356 357 358 358 359 358 359 360 359 360 360 361 360 361 362 363 363 363
296 296 297 298 299 299 300 301 300 301 302 303 304 304 305 304 306 307 307 308 308 309 309 310 311 311 312 313 312 313 313 315 267 326 326 326 327 327 329 329 329 330 330 341 342 341 343 343 344 345 344 345 345 346 347 347 348 348 349 349 349 350 350 351 351 352 353 353 354 353 354 355 355 355 355 357 358 357 358 358 359 358 359 360 360 360 360 361 363 362 363 363 363 364
297 296 298 298 299 300 300 301 301 302 303 303 304 304 305 307 306 307 307 308 308 309 310 310 311 311 312 313 312 313 314 266 267 267 326 326 327 329 329 330 329 330 331 341 342 342 343 344 344 345 344 345 345 347 348 347 348 348 349 350 349 350 351 352 353 352 353 353 354 354 354 355 355 356 356 357 358 357 358 358 359 359 359 360 360 361 362 362 363 362 363 363 364 364
297 298 298 298 299 300 300 301 302 302 303 303 304 304 305 307 306 307 307 308 309 310 311 310 311 312 312 313 313 314 266 266 267 267 268 326 328 329 329 330 330 330 331 341 343 343 343 344 344 345 345 345 347 347 348 348 348 349 349 350 350 351 351 352 353 352 353 353 354 355 354 356 356 357 357 357 358 358 358 359 359 360 359 361 361 362 362 362 363 362 363 364 364 364
297 298 299 299 299 300 300 302 303 303 303 303 304 305 306 307 307 307 307 308 309 310 311 311 311 312 312 313 314 266 266 266 267 267 268 328 328 329 329 330 331 330 332 342 343 344 343 344 344 345 345 346 347 347 348 348 348 349 349 351 351 351 352 352 353 353 353 354 354 356 355 356 357 357 357 357 358 358 358 359 360 361 360 361 362 362 362 362 363 364 363 364 364 364
298 298 299 300 299 300 301 302 303 303 304 303 304 306 306 307 307 308 308 308 310 310 311 312 311 312 312 314 266 266 266 266 267 268 269 270 328 329 329 330 331 332 332 332 343 344 344 344 344 346 347 347 347 347 348 349 349 349 350 351 352 352 352 352 353 353 353 355 355 356 355 356 357 357 358 357 358 359 360 360 360 361 362 361 362 362 363 363 363 364 363 364 365 366
298 299 299 300 299 301 302 302 303 303 304 303 305 306 306 307 307 308 308 309 310 310 311 312 312 312 313 265 266 266 267 266 267 269 269 270 270 329 330 330 332 332 332 333 343 344 344 344 346 346 347 347 347 347 348 349 350 350 350 351 352 352 352 352 353 354 355 355 355 356 357 356 357 357 358 358 359 360 360 360 360 361 362 361 362 362 363 363 363 365 365 365 366 366
298 299 299 300 300 301 302 302 303 303 304 306 305 306 306 307 308 308 310 309 310 311 311 312 312 313 265 265 266 266 267 266 268 269 269 270 270 329 330 331 332 332 333 333 343 344 344 346 346 346 347 347 348 348 348 350 350 351 351 351 352 352 353 353 354 355 355 355 355 356 357 356 357 357 359 360 359 360 360 361 361 361 362 362 362 363 364 364 364 365 366 365 366 366
298 299 299 300 301 302 302 302 303 303 305 306 306 306 306 307 308 309 310 310 310 311 311 312 313 265 265 265 266 266 267 269 268 269 269 270 271 271 331 331 332 333 333 333 343 344 346 346 346 346 347 347 348 348 349 350 350 351 351 351 352 352 353 354 354 355 355 355 356 356 357 357 358 359 359 360 359 360 361 361 361 361 362 362 363 364 364 365 364 365 366 366 366 366
298 299 299 301 302 302 302 302 303 304 305 306 306 306 307 307 309 309 310 311 310 311 311 313 264 265 265 265 266 266 268 269 268 269 269 270 271 272 272 331 332 333 333 334 344 345 346 346 347 346 347 348 349 350 349 350 351 351 352 351 352 354 354 354 354 355 356 356 356 356 357 358 358 359 359 360 359 360 361 361 361 361 363 364 363 364 364 365 365 365 366 366 366 367
298 299 300 301 302 302 303 302 303 305 305 306 306 307 307 308 309 309 310 311 311 311 263 264 265 265 266 265 266 268 268 269 269 269 270 270 272 272 273 273 332 333 333 335 345 345 346 346 347 346 347 349 349 350 349 350 351 351 352 351 353 354 354 355 354 355 356 356 356 357 358 359 359 359 359 360 361 360 361 362 363 363 363 364 364 364 364 365 366 365 366 366 366 368
298 299 301 301 302 302 303 304 304 305 305 306 306 307 309 308 309 309 310 311 311 263 263 264 265 265 266 266 267 268 268 269 269 270 270 271 272 272 273 273 332 333 334 335 336 345 346 346 347 348 348 349 349 350 351 350 351 351 353 354 353 354 354 355 355 355 356 357 358 357 358 359 359 359 359 360 361 361 362 362 363 363 363 364 364 364 365 365 366 365 367 368 368 368
299 300 301 301 302 302 303 305 304 305 305 306 307 307 309 308 309 310 310 311 263 264 264 264 265 265 266 268 267 268 268 269 270 270 271 271 272 273 273 274 273 334 334 335 336 345 346 346 347 349 348 349 349 350 351 350 351 352 353 354 353 354 354 355 356 355 357 357 358 358 358 359 359 360 360 360 362 362 362 363 363 364 363 364 365 365 365 365 367 366 367 368 368 368
300 300 301 301 302 302 303 305 305 305 305 306 307 308 309 309 309 310 310 263 263 264 264 264 265 265 267 268 268 268 268 269 270 271 272 271 272 273 273 274 274 275 335 335 336 346 346 347 348 349 349 349 350 350 351 351 352 353 353 354 354 354 355 355 357 356 357 357 358 359 358 359 359 360 361 361 362 362 362 363 363 364 363 364 365 366 366 366 367 368 367 368 368 368
301 301 301 301 302 303 304 305 305 305 306 306 308 308 309 310 309 261 261 263 263 264 265 264 265 266 267 268 268 268 268 269 271 271 272 271 272 273 273 275 275 275 276 335 336 346 346 348 348 349 349 349 350 350 352 352 352 353 353 354 354 354 355 356 357 357 357 358 358 359 358 359 361 361 361 361 362 363 363 363 363 364 365 365 366 366 366 366 367 368 367 368 368 369
301 301 302 301 302 304 304 305 305 306 306 307 308 308 309 310 261 261 262 263 264 264 265 265 266 267 267 268 268 269 269 270 271 271 272 273 272 273 274 275 276 275 276 335 336 348 348 348 348 349 350 350 350 351 352 352 353 353 353 354 354 356 356 356 357 357 357 358 358 359 360 360 361 361 362 361 362 363 363 363 363 365 366 365 366 366 367 367 367 368 368 368 369 369
301 301 302 301 303 304 304 305 305 306 307 307 308 308 309 261 261 263 262 263 264 264 265 265 266 267 267 268 268 269 270 270 271 271 272 273 272 274 274 275 276 276 276 276 337 348 348 348 348 349 350 350 351 351 352 353 353 353 353 354 356 356 356 356 357 358 358 358 358 360 361 360 361 361 362 362 362 363 363 364 364 365 366 365 366 366 367 367 367 368 368 369 370 370
301 301 302 303 303 304 304 305 306 306 308 307 308 260 260 261 262 263 263 263 264 264 265 267 267 267 267 268 268 270 271 270 271 271 272 273 274 274 274 275 276 276 276 277 278 338 348 349 348 349 350 351 352 351 352 353 353 354 353 355 356 356 356 356 357 358 358 359 359 360 361 360 361 361 362 363 362 364 364 365 365 365 366 366 366 367 367 368 367 369 370 369 370 370
301 301 302 304 304 304 304 305 306 307 308 308 259 260 260 262 262 263 264 263 264 264 266 267 267 267 267 268 270 270 271 270 271 272 272 274 274 274 275 275 276 276 278 278 278 279 348 349 349 349 351 351 352 352 352 353 353 355 355 355 356 356 357 357 357 358 359 359 359 360 361 361 361 361 362 364 363 364 364 365 365 365 366 366 366 367 368 369 368 369 370 370 370 370
301 301 303 304 304 304 304 305 306 307 308 259 260 260 260 262 262 263 264 263 264 265 266 267 267 268 267 268 270 270 271 271 271 272 273 274 274 275 275 275 276 277 278 278 278 279 348 349 350 350 351 351 352 353 352 353 354 355 356 355 356 356 357 357 358 359 359 360 360 360 361 361 361 362 363 364 363 364 365 365 366 365 366 367 367 368 368 369 369 369 370 370 370 371
301 301 303 304 304 305 304 305 307 258 259 259 260 260 261 262 262 263 264 264 265 265 266 267 267 268 267 269 270 270 271 271 271 273 273 274 274 275 275 275 277 277 278 279 278 279 289 349 351 350 351 351 352 353 352 354 354 355 356 355 356 356 357 359 358 359 359 360 360 360 361 361 363 363 363 364 364 364 365 365 366 365 367 368 368 368 368 369 370 369 370 370 370 371
301 303 303 304 304 305 306 306 258 258 259 260 260 262 261 262 263 263 264 264 265 266 266 267 267 268 270 269 270 270 271 272 272 273 273 274 275 275 276 276 277 278 278 279 278 279 291 291 351 351 351 352 352 353 354 354 355 355 356 355 356 357 358 359 358 359 360 360 361 360 361 363 363 363 363 364 364 364 365 365 367 366 367 368 368 368 368 369 370 369 370 370 372 372
302 303 303 304 304 305 257 257 258 258 259 260 260 262 261 262 263 263 264 265 266 266 266 267 267 269 270 269 270 270 271 272 273 273 273 274 275 275 276 276 277 278 278 279 279 280 281 291 292 351 351 352 352 354 354 354 355 355 356 356 356 358 358 359 359 359 360 360 361 361 362 363 363 363 363 364 365 365 365 366 367 368 367 368 368 369 369 369 370 369 371 372 372 372
302 303 303 304 304 256 258 258 258 258 259 260 261 262 262 262 263 263 265 265 266 267 266 267 268 269 270 270 270 270 271 273 273 274 273 274 275 275 277 277 277 278 278 279 279 280 281 291 292 292 351 352 353 354 354 354 355 355 356 357 357 358 358 359 359 359 360 360 362 361 362 363 363 364 363 364 365 366 366 366 367 368 367 368 368 369 369 369 371 371 371 372 372 373
303 303 303 255 255 257 258 258 258 258 259 261 261 262 263 262 263 264 265 266 266 267 266 267 269 269 270 270 270 271 272 273 273 274 274 274 275 276 277 278 277 278 278 279 281 281 281 291 292 293 352 353 353 354 355 355 355 355 357 358 358 358 358 359 360 359 361 361 362 363 362 363 363 364 363 365 366 366 366 366 367 368 367 368 368 369 370 370 371 371 371 372 372 373
303 303 254 255 256 257 258 258 259 259 259 261 261 262 263 263 263 264 265 266 266 267 267 268 269 269 270 270 271 272 272 273 273 274 275 274 276 276 277 278 278 278 278 280 281 281 281 291 292 293 294 353 353 354 355 355 355 356 357 358 358 358 358 359 360 361 361 361 362 363 362 363 363 364 366 365 366 366 367 367 367 368 368 368 370 370 371 370 371 372 372 372 372 373
254 255 254 255 257 257 258 258 259 259 260 261 261 262 263 263 265 264 265 266 266 267 268 268 269 269 270 270 271 272 272 273 273 274 275 275 276 276 277 278 278 278 279 280 281 281 282 291 292 294 294 295 353 354 355 355 357 356 357 358 358 359 358 359 361 361 361 361 362 363 363 363 364 365 366 365 366 366 367 367 367 368 369 369 370 370 371 370 371 372 372 372 372 373
254 255 255 256 257 257 258 258 259 261 260 261 261 262 263 264 265 264 265 266 266 267 268 269 269 269 270 270 272 273 272 273 273 274 276 276 276 276 277 278 278 280 279 280 281 281 282 281 293 294 294 295 294 354 355 356 357 356 357 358 358 359 358 360 361 361 362 361 362 363 363 364 364 365 366 365 366 366 367 367 368 369 369 370 370 370 371 370 371 372 372 373 373 374
254 255 255 256 257 257 258 258 259 261 261 261 261 262 263 264 265 265 265 266 266 268 268 269 269 269 270 271 272 273 272 273 273 275 276 276 276 277 277 278 279 280 280 280 281 281 282 283 293 294 294 295 296 295 356 356 357 358 357 358 358 360 360 360 361 361 362 362 362 364 364 364 365 365 366 366 366 367 368 369 368 369 370 370 370 370 371 372 371 373 373 374 374 374
254 255 257 257 257 257 258 259 260 261 261 261 262 262 264 264 265 266 265 266 267 268 269 269 270 269 271 272 272 273 273 273 274 275 276 276 277 277 277 279 279 280 280 280 281 281 283 284 293 294 294 295 296 296 356 356 357 358 357 358 359 360 361 360 361 361 362 362 363 364 364 365 365 365 366 366 366 368 368 369 368 369 370 370 370 370 371 373 372 373 373 374 374 374
254 255 257 257 257 257 258 259 260 261 261 262 262 263 264 264 265 266 266 266 267 268 269 269 270 269 271 272 272 273 273 273 275 275 276 276 277 277 278 279 279 280 281 280 281 282 283 284 293 294 294 295 297 296 297 356 357 358 357 359 359 360 361 360 361 361 362 364 363 364 364 365 365 365 366 367 367 368 368 369 369 369 370 370 371 371 372 373 372 373 373 374 374 374
254 256 257 257 258 257 258 260 260 261 261 262 262 263 264 264 265 266 266 267 267 268 269 269 270 271 271 272 272 273 273 275 275 275 276 276 277 278 278 279 279 280 281 280 282 282 283 284 284 294 294 296 297 297 297 297 357 358 359 359 359 360 361 361 361 361 363 364 363 364 364 365 366 365 367 367 368 368 368 369 369 369 370 371 372 371 372 373 373 373 373 374 375 374
254 256 257 257 258 257 259 260 260 261 261 262 264 263 264 264 265 266 267 268 267 268 269 269 271 271 271 272 272 273 274 275 275 275 276 276 277 279 278 279 279 280 281 282 282 282 283 284 284 294 295 296 297 297 297 297 298 359 359 359 359 360 361 361 361 362 363 364 363 364 365 365 366 366 367 368 368 368 368 369 370 369 371 371 372 372 372 373 373 373 374 374 376 375
255 256 257 257 258 258 259 260 260 261 261 262 264 263 264 264 265 266 267 268 267 268 269 269 271 271 272 272 272 273 274 275 276 275 276 276 278 279 279 279 279 280 282 282 282 283 283 284 284 296 296 296 297 297 298 298 299 300 359 360 360 360 361 362 362 363 363 364 364 364 365 366 367 366 367 368 368 369 368 369 371 371 371 371 372 373 372 373 373 374 375 375 376 375
255 256 257 257 258 259 260 260 260 261 261 263 264 264 264 264 265 267 267 268 268 268 269 270 271 271 272 272 272 274 275 275 276 275 276 278 278 279 279 279 280 280 282 282 283 283 283 284 285 296 296 296 297 297 298 299 299 300 300 360 360 360 362 362 363 363 363 364 364 364 366 366 367 367 367 368 368 369 368 370 371 371 371 371 372 373 372 373 374 375 375 375 376 376
255 256 257 257 258 259 260 260 260 261 261 263 264 264 264 265 266 267 267 268 269 268 270 270 271 272 272 273 273 274 275 275 276 276 276 278 278 279 279 279 280 281 282 282 283 283 283 285 285 296 296 296 297 297 299 299 299 300 300 301 360 361 362 362 363 363 363 364 364 366 366 366 367 367 367 368 368 370 369 370 371 371 371 371 372 373 372 374 374 375 375 375 376 376
255 256 257 257 259 260 260 261 260 261 263 263 264 264 265 265 266 267 267 268 269 269 270 270 271 272 272 273 273 274 275 275 276 276 277 278 278 279 279 280 281 281 282 282 283 283 283 285 285 286 297 296 297 298 299 300 299 300 300 301 362 361 362 362 363 363 363 364 365 366 366 366 367 367 367 368 369 370 370 370 371 371 372 371 372 374 374 374 374 375 375 375 376 376
