testData/tiles/oneDegree/grid31.0-22.0-32.0-23.0.asc
ncols   200
nrows   200
xllcorner   31.0
yllcorner   22.0
cellsize   0.005
NODATA_value   -9999.0
[rows 126 to 167 of 200, columns 0 to 93 of 200]
316 314 312 310 309 307 305 303 301 299 296 294 292 289 286 283 280 276 271 264 255 254 254 254 254 253 253 253 253 252 252 252 250 250 250 249 249 249 249 248 248 248 247 247 247 246 246 246 245 244 244 244 243 243 243 242 242 242 241 241 240 239 291 290 290 290 289 289 289 288 287 287 286 286 285 285 285 284 283 283 283 283 282 284 283 284 285 286 287 287 288 288 288 289
316 314 312 310 309 307 305 303 301 299 296 294 292 290 286 284 281 276 272 267 258 253 253 252 252 251 251 251 250 250 250 250 249 249 249 248 248 248 247 247 247 247 246 246 245 244 244 244 243 243 243 242 242 242 241 241 240 239 239 239 290 290 290 289 289 289 287 287 287 286 286 285 285 285 283 283 283 282 283 282 282 282 282 283 284 285 287 287 287 287 288 288 289 289
315 312 311 309 308 305 304 302 300 298 296 294 292 288 286 283 281 277 273 269 263 251 251 251 250 250 250 250 249 249 249 248 248 248 248 247 247 246 245 245 245 244 244 244 244 243 243 243 242 242 242 241 240 240 239 239 239 238 238 290 289 289 288 287 287 287 286 286 285 285 284 283 283 283 282 282 281 282 281 281 282 282 283 284 283 286 286 287 288 288 288 288 289 289
314 312 311 309 308 305 304 302 300 298 296 294 292 289 286 284 281 277 274 270 265 257 250 250 249 249 249 249 247 247 247 246 246 246 245 245 245 245 244 244 244 243 243 243 242 242 241 240 240 240 240 239 239 239 238 238 238 288 288 287 287 287 286 286 286 285 284 284 283 283 283 282 282 281 280 280 280 280 281 282 283 282 283 284 285 286 286 286 286 287 288 288 289 289
313 311 310 308 307 304 303 301 299 297 295 293 290 288 286 283 280 277 274 271 266 260 248 248 247 247 247 246 246 246 246 245 245 245 244 244 244 243 243 242 242 241 241 241 240 240 240 239 239 239 238 238 237 236 236 236 287 287 287 286 286 286 284 284 284 283 283 283 282 282 280 280 280 279 279 280 280 280 280 281 283 283 284 284 285 286 286 287 287 287 287 289 290 289
312 311 309 308 306 304 303 301 298 297 295 293 290 288 286 284 281 278 275 272 267 263 256 246 246 246 246 245 245 244 243 243 243 243 242 242 242 241 241 241 240 240 240 240 239 238 238 237 237 237 236 236 236 235 287 287 285 285 285 284 284 284 283 283 282 281 281 280 280 280 279 279 278 277 278 278 280 281 281 281 281 283 284 284 285 284 285 286 286 288 287 288 288 289
311 310 308 307 305 303 302 300 297 296 294 292 289 288 285 282 280 277 275 271 267 263 258 248 244 244 243 243 243 243 242 242 242 241 241 241 241 239 239 239 238 238 238 237 237 237 236 236 236 235 234 234 234 285 285 284 284 284 283 282 282 281 281 281 280 280 280 278 278 278 277 277 276 278 278 278 279 281 281 282 282 283 284 284 285 285 285 285 287 288 288 287 287 288
311 309 308 306 304 303 302 299 297 296 294 291 290 288 286 283 280 278 275 272 268 265 259 252 242 242 241 241 241 240 240 240 240 239 239 239 238 238 238 238 237 237 236 235 235 235 234 234 234 233 233 233 284 283 283 282 282 282 281 281 281 280 279 279 278 278 278 277 277 275 275 275 276 278 279 278 279 279 280 282 282 282 282 283 284 284 284 285 286 286 287 287 287 287
310 308 307 305 303 302 300 298 296 295 293 290 289 287 285 282 280 277 274 271 268 265 260 255 247 241 240 240 240 239 239 238 237 237 237 237 236 236 236 235 235 235 234 234 234 233 232 232 232 231 283 283 282 282 282 280 280 280 279 279 279 278 278 276 276 276 275 275 275 274 274 276 276 277 277 279 279 279 281 281 282 282 282 283 283 284 285 285 285 285 286 285 286 287
308 307 305 303 302 301 298 297 295 294 291 289 288 286 283 281 279 277 273 271 268 265 260 256 250 238 238 238 238 237 237 237 236 236 235 234 234 234 234 233 233 233 232 232 232 231 231 230 229 281 281 280 280 280 279 279 278 277 277 277 276 276 276 275 274 274 273 273 273 273 274 275 276 277 277 278 277 279 280 280 281 280 281 282 282 284 283 284 285 285 284 284 285 286
307 306 304 302 301 300 297 296 294 293 290 288 287 285 282 280 278 275 273 270 268 264 260 257 252 244 236 236 235 235 235 235 234 234 234 233 232 232 231 231 231 231 230 230 230 229 229 229 279 279 279 278 278 278 277 277 277 275 275 275 274 274 274 273 272 271 271 271 271 274 274 274 275 275 277 277 278 279 280 280 280 280 281 282 282 282 282 283 283 283 284 284 284 284
385 304 303 302 301 298 297 296 294 292 290 288 287 284 282 279 277 274 272 270 267 263 260 257 252 246 234 234 233 233 233 232 232 232 232 231 231 230 229 229 229 228 228 228 227 227 279 278 277 277 277 276 276 276 275 275 274 273 273 272 272 272 271 270 270 269 270 271 272 272 273 274 275 275 275 277 277 278 278 278 279 279 280 280 281 282 281 281 281 282 282 283 283 283
383 302 301 301 299 297 296 294 293 290 289 287 286 283 280 278 276 273 271 269 266 263 260 257 252 247 241 231 231 231 231 230 230 230 229 229 228 227 227 227 227 226 226 226 225 277 276 275 275 275 274 274 274 273 273 272 271 271 271 270 270 269 268 268 268 268 269 269 271 272 272 273 273 273 275 275 276 276 276 277 277 277 279 279 280 279 280 281 279 280 281 281 281 253
382 380 300 298 297 295 294 292 290 288 287 285 283 281 279 277 275 273 271 268 265 262 260 256 252 248 243 231 229 229 228 228 228 227 226 226 226 225 225 225 224 224 224 224 274 274 274 273 273 273 272 272 271 270 270 270 269 269 269 267 267 266 266 266 265 267 269 269 270 270 270 272 272 274 274 274 275 275 275 276 276 277 276 277 278 277 278 278 277 278 279 251 251 251
380 379 298 297 295 294 292 291 289 287 286 284 282 280 278 276 274 272 270 267 264 262 259 255 252 249 243 237 226 226 225 225 225 224 224 224 224 223 223 223 221 221 221 272 272 272 271 271 271 269 269 269 268 268 268 266 266 266 265 265 265 263 263 265 265 267 267 267 269 269 269 270 271 272 271 272 273 273 273 274 275 275 274 275 274 275 276 275 277 276 248 248 248 248
379 377 376 296 294 292 291 289 287 286 285 282 280 279 277 274 273 270 268 265 263 260 257 254 251 248 243 237 228 223 223 223 223 222 221 221 220 220 220 219 219 219 271 269 269 269 268 268 268 267 267 266 265 265 265 264 263 263 262 262 262 261 262 262 263 266 265 266 267 267 267 268 269 269 269 270 271 270 271 271 272 273 272 272 272 272 273 273 246 244 245 244 245 243
376 375 374 293 291 290 289 287 285 284 282 280 278 277 275 272 271 269 266 264 262 260 256 254 250 246 242 237 231 220 220 220 219 219 219 219 217 217 217 216 216 268 267 267 266 265 265 265 264 264 263 262 262 262 261 261 260 259 259 259 258 259 260 261 262 263 263 264 263 264 266 265 266 267 266 267 267 267 269 268 269 268 269 269 268 269 241 242 242 242 243 243 244 243
374 373 371 369 289 288 286 284 283 282 279 278 276 275 272 270 269 267 264 262 260 257 254 251 248 244 241 237 231 222 217 217 216 216 216 214 214 214 213 213 265 265 263 263 263 262 262 262 260 260 260 259 259 258 257 257 257 255 255 256 256 257 258 259 259 259 260 260 261 263 263 263 263 263 263 263 263 265 265 266 267 267 268 268 269 242 242 230 230 230 230 231 231 232
371 369 367 367 366 286 283 282 281 279 277 276 274 273 269 267 266 263 261 259 257 254 252 249 246 243 240 236 231 224 213 212 212 212 212 211 211 210 209 261 261 260 260 259 258 258 258 257 256 256 256 255 254 253 253 252 251 251 252 251 253 253 254 255 256 257 258 259 259 261 261 262 263 263 264 264 265 253 253 254 254 255 256 229 229 229 230 230 231 231 231 232 233 233
367 365 364 363 362 281 280 279 277 275 274 272 270 267 266 264 263 260 258 256 253 251 249 247 243 240 237 232 228 223 215 208 208 208 206 206 206 206 257 256 256 255 255 255 253 253 253 252 252 252 251 251 251 250 250 250 249 250 252 252 253 255 255 256 244 245 246 246 248 249 249 250 250 251 252 253 254 253 254 255 255 256 229 229 230 230 231 231 231 231 232 234 233 234
364 362 361 359 358 356 276 274 273 271 269 268 267 264 263 261 258 257 255 253 250 248 246 243 241 238 235 231 227 223 216 205 205 205 204 204 204 255 255 255 254 254 254 253 253 253 253 252 239 239 238 238 238 237 237 236 237 239 239 240 242 242 244 245 245 246 247 248 249 249 250 251 251 252 253 254 255 254 255 255 228 230 230 230 230 231 232 232 232 233 234 234 234 234
350 349 348 347 345 344 263 262 260 259 257 256 253 252 250 249 246 245 243 240 238 236 234 231 229 226 223 220 216 212 206 198 192 191 191 191 243 242 242 242 241 241 241 240 240 240 239 239 239 238 238 238 237 237 237 237 239 240 240 242 243 244 245 245 246 247 248 249 250 250 251 251 252 254 254 255 255 255 228 228 230 230 231 231 231 232 232 232 233 234 235 234 235 235
351 350 349 348 345 344 343 263 261 259 258 256 254 253 251 249 247 246 244 241 239 237 234 232 230 228 224 221 218 213 209 203 192 191 191 243 242 242 242 241 241 241 240 240 240 240 239 239 239 238 238 238 237 237 238 239 240 240 242 243 244 245 246 246 247 249 249 250 250 251 252 252 254 255 255 256 255 228 229 230 231 231 231 231 232 233 232 234 234 235 234 235 236 236
352 351 349 347 346 345 344 263 261 260 259 256 255 254 252 250 248 246 244 242 240 238 235 233 231 228 225 223 220 215 211 206 198 191 243 242 242 242 242 241 241 241 240 240 240 239 239 239 238 238 238 237 237 238 239 240 241 241 243 245 245 246 247 247 249 249 250 251 251 252 253 254 255 255 256 228 228 229 230 231 232 231 232 232 233 233 234 235 235 235 235 236 236 236
352 351 350 348 347 346 343 342 262 261 258 257 256 254 252 250 249 247 245 243 241 238 236 234 232 229 227 224 220 217 213 209 202 243 243 242 242 242 241 241 241 240 240 240 240 239 239 239 238 238 238 237 238 240 240 241 241 243 245 245 246 247 247 249 250 250 251 251 252 253 254 255 256 228 228 228 229 231 231 232 231 232 232 233 234 234 235 235 236 235 236 237 236 237
353 352 350 349 347 346 344 343 263 261 259 258 256 254 253 251 250 247 245 244 242 239 237 235 232 230 228 225 222 219 215 210 257 250 242 242 242 242 241 241 241 240 240 240 239 239 239 238 238 238 237 238 239 240 241 242 243 245 246 246 247 248 249 250 250 251 252 252 253 255 255 256 228 228 229 229 231 231 232 232 232 233 233 234 234 235 236 236 236 236 237 236 237 238
353 351 350 349 348 346 345 343 342 261 260 258 257 255 253 252 250 248 246 245 242 240 238 236 233 231 229 226 223 220 217 264 260 254 242 242 242 241 241 241 240 240 240 239 239 239 239 238 238 238 238 239 240 241 242 243 244 246 246 247 248 249 250 251 251 252 252 253 255 255 228 229 228 229 229 231 232 232 232 232 233 234 234 235 235 236 236 236 236 237 237 237 239 238
354 352 351 350 349 346 345 344 343 262 260 259 257 255 254 253 250 249 247 246 243 241 239 236 234 232 230 227 224 222 270 266 262 256 248 242 242 241 241 241 240 240 240 239 239 239 238 238 238 238 239 240 241 242 244 244 245 247 247 248 248 250 251 251 252 253 253 255 228 228 228 228 229 230 231 232 232 232 233 233 234 234 235 235 236 237 236 237 237 237 237 239 238 239
353 352 351 350 348 347 346 345 343 341 261 260 258 256 255 252 251 249 248 245 244 242 240 237 235 233 230 228 226 222 271 268 264 259 253 242 241 241 241 240 240 240 239 239 239 238 238 238 238 239 240 240 242 243 244 245 246 246 248 249 250 251 252 252 253 253 227 228 227 228 229 229 230 230 232 232 232 233 233 234 234 235 236 236 236 236 237 238 237 239 239 239 239 240
354 353 352 350 349 348 347 344 343 342 341 259 258 257 256 253 252 250 248 246 245 243 240 238 236 233 231 229 227 275 273 270 265 261 256 247 241 241 241 240 240 240 239 239 239 238 238 238 239 240 241 241 243 245 245 246 247 247 248 250 251 252 252 253 226 225 227 228 228 229 229 230 231 232 232 232 233 234 234 234 235 236 236 236 237 237 238 237 239 239 239 239 240 240
355 354 352 350 349 348 347 345 344 343 340 260 259 258 255 254 252 251 248 247 245 243 241 239 237 234 232 230 279 277 274 271 267 263 259 252 241 241 240 240 240 239 239 239 238 238 238 238 240 241 241 242 245 245 246 247 247 248 250 250 251 252 252 225 225 227 228 228 229 230 230 231 231 232 233 233 234 233 234 236 236 237 236 237 237 237 238 239 240 239 240 240 240 240
355 354 352 351 350 349 347 346 344 343 341 340 259 258 256 255 253 251 249 248 246 244 242 240 237 235 233 283 280 278 275 271 268 265 260 255 246 241 240 240 240 239 239 239 238 238 239 239 241 242 242 244 246 246 247 248 248 250 250 251 252 224 225 226 227 228 228 229 230 230 230 232 232 233 233 234 234 234 236 236 236 236 237 238 237 238 239 239 239 240 240 240 241 241
356 354 353 352 350 348 347 346 345 343 342 340 260 258 257 255 254 251 250 248 246 244 243 241 238 236 234 283 281 279 275 273 270 267 262 257 251 240 240 240 239 239 239 238 238 239 239 240 242 242 244 245 245 247 248 248 249 251 251 224 225 225 226 227 228 229 229 229 230 230 232 232 233 234 233 234 234 236 236 236 237 237 238 237 238 239 239 240 240 240 240 241 240 241
356 354 353 352 351 349 348 347 346 343 342 341 339 258 257 256 253 252 251 248 247 245 243 241 239 237 286 284 282 280 277 274 271 267 264 260 253 244 240 239 239 239 239 238 238 240 240 241 242 243 245 246 246 247 247 249 251 223 224 225 225 226 228 228 228 228 229 230 230 232 233 233 233 233 234 235 236 236 236 237 237 237 238 238 240 239 240 240 240 240 241 241 241 243
356 355 354 353 351 349 348 347 345 344 343 342 339 259 258 255 254 253 251 249 247 246 243 242 240 290 287 285 283 280 278 275 272 269 265 262 256 249 240 239 239 239 238 238 239 240 241 242 242 245 246 246 247 248 248 222 223 223 224 224 225 227 227 228 229 229 230 230 232 232 232 233 234 234 235 234 236 236 237 237 237 238 238 239 239 240 240 240 241 241 241 241 242 242
356 355 354 352 351 350 349 347 346 345 343 341 340 339 258 256 255 253 251 250 248 247 244 242 241 290 288 286 284 281 279 276 273 270 267 262 258 253 240 239 239 238 238 239 239 240 242 242 244 245 246 247 248 220 222 223 223 224 225 225 226 228 228 229 229 230 231 231 232 232 233 234 234 234 234 236 237 236 237 237 238 238 239 240 240 240 240 241 240 241 242 242 243 243
357 356 355 353 352 351 349 347 346 345 343 342 341 339 258 257 255 254 252 250 249 246 245 243 293 291 289 287 284 282 280 277 274 271 267 264 260 256 248 239 239 238 238 240 240 241 242 244 245 246 246 219 220 222 223 223 224 225 225 226 228 228 229 229 229 230 230 232 233 233 233 233 234 235 236 236 236 237 238 238 238 238 240 239 240 241 240 241 241 241 242 243 242 243
357 356 354 353 352 351 349 348 347 346 343 342 341 339 338 257 256 254 252 251 249 247 245 296 293 292 290 287 285 283 281 278 275 273 269 266 262 257 251 239 238 238 239 239 241 242 242 244 246 218 219 220 220 222 223 223 224 225 225 227 227 228 229 229 230 231 232 233 232 233 234 234 235 235 236 237 237 238 237 238 238 239 240 240 241 240 241 241 241 242 243 243 243 244
358 356 355 354 353 351 349 348 347 345 344 343 342 339 338 258 256 254 253 252 249 248 246 296 294 292 291 288 286 284 281 279 276 273 270 267 263 259 254 246 238 238 240 240 241 243 244 217 218 218 220 220 222 223 223 224 225 225 227 228 228 229 229 230 230 231 232 233 233 234 234 234 236 236 237 236 237 238 238 238 239 240 240 240 241 241 241 241 243 242 243 243 243 243
358 356 355 354 352 351 350 349 347 346 345 343 341 340 339 259 256 255 254 251 250 248 299 296 295 293 290 289 287 284 282 280 277 274 271 268 264 261 256 249 238 239 240 241 242 215 217 218 218 219 220 221 222 223 224 225 225 227 227 227 228 229 229 230 232 232 233 233 233 234 234 236 236 236 237 237 238 237 238 239 240 240 240 241 240 241 241 243 242 243 242 243 244 243
358 357 356 355 353 352 351 348 347 346 345 343 342 341 339 337 257 256 253 252 250 249 299 297 295 293 291 289 288 285 283 281 277 275 273 269 266 262 257 252 245 239 240 214 215 216 217 217 219 220 221 222 223 223 224 225 225 227 228 228 229 229 230 232 231 232 233 233 234 234 236 236 236 237 237 237 237 238 240 239 240 240 241 240 241 242 242 243 243 243 243 244 243 244
358 357 356 354 353 352 351 349 348 347 345 344 342 341 339 338 257 256 254 253 251 301 299 298 296 294 292 290 287 286 284 281 278 276 273 270 267 264 259 255 249 212 213 214 215 217 218 218 219 220 221 223 223 224 225 225 227 228 228 228 229 229 231 231 232 233 233 234 233 235 236 236 237 236 237 238 238 239 239 240 240 240 241 241 241 242 243 242 243 243 243 243 244 244
