testData/tiles/oneDegree/grid40.0-9.0-41.0-10.0.asc
ncols   200
nrows   200
xllcorner   40.0
yllcorner   9.0
cellsize   0.005
NODATA_value   -9999.0
[rows 84 to 125 of 200, columns 94 to 187 of 200]
923 924 924 750 750 751 752 753 753 753 754 756 756 757 757 757 760 760 760 761 761 761 763 763 764 764 765 765 766 767 767 767 767 768 607 608 609 609 609 609 609 611 611 611 612 612 612 613 614 614 615 615 616 616 616 617 617 617 617 618 618 618 618 620 620 620 620 620 620 620 620 622 622 622 622 622 622 623 623 624 624 624 624 624 624 625 624 624 625 625 625 625 625 625
749 749 750 751 752 752 752 752 754 754 755 755 755 757 758 759 759 759 759 760 761 763 763 763 763 764 764 766 766 767 767 767 768 606 607 608 608 608 608 609 611 611 612 612 612 612 612 614 614 614 614 615 615 615 616 616 616 617 617 617 617 618 619 619 619 619 619 619 620 620 621 621 621 622 622 622 622 622 623 623 623 623 623 623 623 623 624 625 625 626 626 626 626 625
750 750 750 752 752 753 753 753 753 755 756 756 756 756 756 758 759 760 760 760 761 761 763 763 763 764 764 765 766 767 767 767 767 606 606 608 609 609 609 610 610 610 611 611 612 612 613 613 613 613 614 615 615 617 617 617 617 617 617 617 617 619 619 620 620 620 620 620 620 621 621 621 621 621 622 622 623 624 624 624 624 624 624 623 623 623 624 624 624 624 624 624 625 625
750 750 751 752 753 753 753 754 755 755 756 756 757 757 758 758 759 759 760 760 761 761 762 763 764 764 765 765 765 765 766 768 769 607 607 607 607 608 609 610 610 610 611 611 611 612 614 614 614 614 614 614 615 615 615 617 617 617 617 617 618 618 618 618 618 619 620 620 621 621 621 621 621 621 621 621 622 622 623 623 623 623 624 624 625 625 625 625 625 625 625 624 624 624
751 751 752 752 753 753 754 755 755 756 756 757 757 758 758 759 759 759 760 761 761 762 762 762 763 764 765 766 766 766 766 768 606 606 607 607 607 608 609 610 610 611 611 611 612 612 612 613 613 614 614 615 615 615 616 616 616 617 617 619 619 619 619 619 619 619 619 620 621 621 621 622 622 622 622 623 623 623 623 622 622 623 623 624 624 624 624 624 624 624 624 624 625 626
750 753 753 753 753 753 755 756 756 756 756 756 758 759 759 759 759 760 761 762 762 762 762 763 764 765 765 765 765 765 767 767 606 607 607 607 607 609 609 609 610 610 610 611 612 613 613 613 613 614 615 615 615 616 616 616 616 616 617 618 618 618 618 618 619 620 620 620 620 620 621 621 621 621 622 622 622 622 623 623 623 623 624 624 625 625 625 625 624 624 624 625 625 625
752 752 753 753 754 754 755 755 756 757 757 758 758 758 760 760 760 761 761 761 763 763 763 764 764 764 765 766 766 767 767 605 605 606 607 607 608 608 609 609 610 610 611 612 612 612 612 612 613 613 614 615 615 615 615 615 615 617 617 618 618 619 619 619 620 620 620 620 620 621 621 621 623 623 622 622 622 622 622 622 622 623 623 623 623 623 623 625 625 625 626 626 626 626
752 753 753 754 754 755 756 756 756 757 757 759 759 759 759 760 761 762 762 762 762 763 765 765 765 765 765 765 766 768 768 606 606 606 606 607 609 609 609 609 609 609 610 611 612 612 612 613 613 614 614 614 616 616 616 616 617 617 617 617 617 617 618 620 620 620 620 620 620 620 620 621 621 621 621 623 623 623 623 623 624 624 624 624 624 624 623 623 623 624 624 625 625 625
753 753 753 754 756 756 756 756 757 757 759 759 759 760 760 760 762 762 762 763 763 764 764 765 765 766 766 766 767 767 606 606 607 607 608 608 608 609 609 610 610 611 611 611 611 612 613 613 614 614 614 614 614 614 615 617 617 617 617 617 617 617 618 618 618 619 620 620 620 620 621 621 621 621 621 621 621 622 622 623 623 623 624 624 624 624 624 624 625 625 625 625 625 625
754 754 754 755 755 757 757 757 757 758 759 760 760 760 760 761 762 763 763 763 763 764 765 765 766 766 766 767 768 768 606 607 607 608 609 609 609 609 609 610 611 611 612 612 612 612 612 614 614 614 615 615 615 615 616 616 617 617 617 617 618 619 619 619 619 619 619 620 620 621 621 621 622 622 622 622 622 622 623 623 624 624 624 624 624 624 624 625 625 625 625 625 625 625
753 754 755 756 756 756 756 758 759 759 759 759 760 761 762 762 762 762 763 764 765 765 765 765 766 767 768 768 768 768 606 607 609 609 609 609 609 610 610 611 612 612 612 612 612 613 614 614 614 615 615 615 615 616 617 617 617 617 618 618 619 619 619 619 620 620 620 620 621 622 622 622 622 622 622 622 622 623 623 624 624 624 624 625 625 626 626 626 626 626 626 626 626 626
754 754 756 756 756 757 757 758 759 759 760 760 760 761 762 763 763 763 763 764 765 766 766 766 766 767 767 769 769 607 607 607 608 609 610 610 610 610 611 611 611 612 613 613 613 614 614 614 614 615 616 616 617 617 617 617 617 617 618 618 620 620 620 620 620 620 620 621 621 622 622 622 623 623 623 623 624 624 624 624 624 624 624 624 625 625 626 626 627 627 627 627 627 627
754 755 756 757 757 757 757 759 759 760 760 760 762 762 762 763 763 764 765 765 765 766 766 767 768 768 768 768 769 607 608 609 609 609 609 610 611 612 612 612 612 612 612 613 615 615 615 615 615 615 615 616 618 618 618 618 618 618 618 619 619 619 621 621 621 621 622 622 622 622 622 622 622 622 623 624 625 625 625 625 625 625 625 626 626 626 626 626 626 626 627 627 628 628
756 756 756 756 758 758 759 759 759 760 761 761 762 762 763 763 764 764 765 765 766 766 766 767 768 768 769 769 607 608 609 609 610 610 610 610 611 612 612 613 613 613 613 614 614 615 615 616 616 616 617 617 617 617 618 618 619 619 620 620 620 620 620 620 621 622 622 623 623 623 623 623 623 623 624 624 624 625 625 625 625 625 626 627 627 627 627 627 627 627 627 628 628 628
756 757 757 757 757 758 760 760 760 760 760 763 763 763 763 763 763 766 766 766 766 766 767 768 769 769 769 769 607 609 609 610 610 610 610 611 612 612 613 613 613 613 615 615 615 615 615 616 616 617 617 618 618 618 618 618 619 620 620 620 621 621 621 621 622 622 622 623 623 623 623 623 624 625 625 625 625 625 625 625 626 627 627 627 627 627 627 627 627 627 628 628 628 628
756 757 757 758 758 759 759 760 761 761 762 762 762 763 764 764 765 765 765 767 767 767 768 768 768 770 770 608 609 609 609 610 611 611 611 612 612 612 613 613 614 615 615 615 615 615 616 616 617 618 618 618 618 618 619 619 620 620 621 621 621 621 621 622 622 623 623 623 623 624 624 624 625 625 625 625 625 625 625 626 627 627 627 628 628 628 628 628 628 629 629 629 629 629
756 757 758 758 759 759 760 760 761 762 762 763 763 763 764 765 766 766 766 766 767 768 769 769 769 769 769 609 610 610 610 610 610 610 613 613 613 613 613 613 613 615 616 616 616 616 616 616 617 618 619 619 619 619 619 620 620 620 621 621 622 622 622 623 623 623 623 623 623 623 624 625 626 626 626 626 626 626 626 627 627 627 627 627 627 627 628 628 629 630 630 630 630 630
757 757 757 760 760 760 760 760 761 763 763 763 763 764 764 766 766 766 767 767 768 769 769 769 770 770 608 609 610 610 611 611 611 612 612 613 613 614 614 614 615 615 615 616 617 617 617 618 618 618 618 618 619 620 621 621 621 621 621 621 621 621 623 624 624 624 624 624 624 624 625 625 625 625 626 626 627 627 628 628 628 628 628 628 628 628 628 629 629 629 630 630 630 630
758 758 759 759 759 761 761 761 762 762 764 764 764 764 765 766 767 767 767 767 768 769 769 770 770 770 609 610 610 610 611 611 612 613 613 613 613 614 614 615 616 616 616 616 616 617 618 618 619 619 619 619 619 620 621 621 621 622 622 622 622 623 623 623 623 624 624 624 625 626 626 626 626 626 626 626 626 628 628 628 628 628 628 628 629 629 630 630 630 630 630 630 630 630
758 758 760 760 760 760 761 763 763 763 763 763 765 766 766 766 766 766 768 769 769 769 769 770 771 610 610 610 610 611 611 612 613 613 613 613 614 614 615 616 616 616 616 617 617 618 618 619 619 619 619 620 621 621 621 621 622 622 622 622 623 624 624 624 624 624 624 625 626 626 626 626 626 627 627 627 628 628 628 628 629 629 629 629 629 630 630 630 630 630 630 630 630 630
758 760 760 760 761 761 761 763 763 764 764 764 765 766 766 767 767 767 768 769 770 770 770 770 771 609 611 611 611 611 611 612 613 614 614 614 614 615 615 616 617 617 617 617 618 618 619 619 619 620 620 621 621 621 621 622 622 622 623 624 624 624 624 624 624 624 625 626 626 627 627 627 627 627 627 628 628 628 628 628 629 629 629 630 631 631 631 631 631 631 631 631 631 632
759 759 760 761 761 761 762 763 764 764 764 764 766 766 767 767 767 768 769 769 770 770 771 771 610 610 610 611 612 612 613 613 613 613 614 615 615 616 616 616 616 616 618 619 619 619 619 619 619 619 620 622 622 622 622 622 622 622 623 624 625 625 625 625 625 625 626 626 626 626 626 627 628 628 629 629 629 629 629 629 629 629 629 630 630 630 631 631 631 632 632 632 633 633
760 760 760 760 762 763 763 763 763 764 765 766 766 766 767 768 768 769 769 770 770 770 771 772 610 611 611 611 611 613 613 614 614 614 614 614 616 616 617 617 617 617 617 618 619 620 620 620 620 620 621 621 621 622 623 623 623 624 624 624 624 624 624 625 626 627 627 627 627 627 627 627 627 628 628 629 629 630 630 630 630 630 631 631 631 631 631 631 631 631 632 633 633 633
760 761 761 761 761 763 764 764 764 764 765 767 767 767 767 767 769 770 770 770 770 770 772 611 611 611 611 611 613 613 614 614 614 614 615 616 616 616 617 617 617 618 619 619 619 619 620 620 620 622 622 622 622 622 622 623 624 625 625 625 625 625 625 625 626 627 627 627 628 628 628 628 629 629 629 629 629 630 630 630 630 631 631 631 631 632 632 632 632 632 633 633 633 633
760 761 761 762 763 763 764 764 765 765 766 766 767 768 768 769 769 769 770 771 771 772 772 610 611 612 612 612 613 613 614 614 615 615 616 616 616 617 617 618 618 619 619 619 620 620 620 621 622 622 622 622 623 623 623 624 624 625 625 625 625 625 626 627 627 627 627 628 628 628 628 629 629 629 630 630 630 630 630 630 631 632 632 632 632 632 632 632 632 633 633 633 633 633
746 747 762 763 763 764 764 764 765 766 767 767 767 768 768 770 770 770 770 770 771 773 611 611 611 611 612 614 614 614 614 614 614 617 617 617 617 617 617 617 619 620 620 620 620 620 620 622 622 623 623 623 623 623 623 624 625 625 625 626 626 626 627 627 627 627 628 628 628 628 630 630 630 630 630 630 630 630 630 631 631 632 632 632 633 633 633 633 634 634 634 634 634 634
747 747 747 750 750 750 764 764 766 767 767 767 767 768 769 770 770 770 771 771 772 773 611 612 612 612 613 613 614 615 615 615 615 616 616 617 618 618 618 619 619 619 619 621 621 621 622 622 622 622 622 624 624 624 625 625 625 625 625 625 626 628 628 628 628 628 628 628 628 629 629 630 630 631 631 631 631 631 632 632 632 632 632 632 632 632 632 634 634 634 635 635 635 635
748 748 749 749 749 751 751 751 752 752 768 768 768 769 769 770 771 771 771 772 773 611 612 612 612 612 614 614 614 615 615 615 617 617 617 617 617 618 618 620 620 620 620 620 620 621 623 623 623 623 623 623 623 625 626 626 626 626 626 626 626 627 627 628 629 629 629 629 629 630 630 630 630 630 630 630 631 633 633 633 633 633 633 633 633 633 634 634 634 634 634 635 635 635
748 749 750 750 750 750 751 753 753 753 753 754 755 756 770 770 770 771 772 773 773 611 611 612 613 614 614 614 615 615 615 617 617 617 617 618 618 618 620 620 620 620 621 621 621 622 623 623 623 624 624 624 625 625 625 626 626 626 627 627 628 628 628 628 628 628 629 629 630 631 631 631 631 631 631 631 632 632 632 633 633 633 633 633 633 635 635 635 635 635 635 635 635 635
748 749 750 750 751 751 752 753 753 754 754 754 755 756 757 757 757 757 772 774 612 612 612 612 613 615 615 615 615 615 615 617 618 618 618 618 618 619 620 620 621 621 621 621 622 623 623 623 624 624 624 625 625 626 626 626 626 626 627 628 628 628 629 629 629 629 629 630 631 631 631 631 631 631 631 633 633 633 633 633 633 633 634 634 635 635 635 635 635 635 635 635 635 636
749 749 750 751 751 751 753 753 754 754 754 756 756 756 757 757 758 759 759 597 598 598 599 614 614 614 614 615 616 616 617 617 617 617 619 619 619 620 620 620 621 621 622 623 623 623 623 623 624 624 625 626 626 626 626 626 627 627 628 628 629 629 629 629 629 629 630 631 631 631 631 632 632 632 633 633 633 633 633 633 633 634 634 635 635 636 636 636 636 636 636 636 637 637
750 750 750 750 752 753 753 753 753 754 755 756 756 756 757 757 758 759 759 598 598 598 599 600 601 601 601 601 601 617 618 618 618 618 618 618 620 621 621 621 621 621 621 623 624 624 624 624 624 624 625 626 627 627 627 627 627 628 628 628 629 629 630 630 630 631 631 631 631 631 631 631 632 633 634 634 634 634 634 634 634 634 635 635 635 635 635 635 635 636 636 638 638 638
750 751 751 751 752 753 754 754 754 754 755 757 757 757 757 757 759 760 598 598 598 599 600 601 601 601 601 602 603 603 604 604 604 605 605 606 620 620 621 622 622 622 623 623 623 623 624 625 625 626 626 626 626 626 627 628 628 629 629 629 629 629 629 629 630 632 632 632 632 632 632 632 632 633 633 633 633 634 635 635 635 636 636 636 636 636 636 636 636 636 637 637 637 638
750 751 751 752 753 753 753 754 755 756 756 756 757 758 758 759 759 759 599 599 599 600 600 601 601 602 602 602 603 604 604 604 605 605 606 606 607 607 607 608 608 609 610 610 610 624 624 625 626 626 627 627 627 627 627 627 628 629 629 630 630 630 630 630 631 631 631 632 632 632 633 633 634 634 634 634 634 634 634 634 636 636 636 636 636 636 637 637 623 623 624 624 624 624
750 751 752 753 753 754 754 754 755 756 757 757 757 757 758 760 760 598 598 598 600 601 601 601 601 601 603 604 604 604 604 604 605 606 607 607 607 607 608 608 609 610 610 610 610 611 611 611 612 613 613 613 613 614 614 615 615 615 615 616 616 616 616 618 618 618 618 618 618 618 619 620 620 620 620 621 621 621 621 622 622 622 622 622 623 623 623 623 623 624 624 624 624 624
751 751 751 753 754 754 754 755 756 757 757 757 758 758 759 760 598 599 599 599 600 601 601 602 602 602 603 603 605 605 605 605 605 606 606 608 608 608 608 608 609 610 610 611 611 611 611 612 612 613 613 613 614 614 615 615 615 616 616 616 616 617 618 618 618 618 618 619 619 619 620 620 620 621 621 621 621 621 621 622 622 622 623 623 623 623 623 624 625 625 625 625 625 625
752 752 753 753 753 755 755 755 756 756 757 758 758 759 760 760 598 599 599 599 601 601 601 602 602 603 604 604 604 604 605 606 607 607 607 607 607 609 609 610 610 610 610 610 611 612 613 613 613 613 613 613 614 615 616 616 616 616 616 616 616 618 618 618 619 619 619 619 619 620 620 620 620 621 621 621 622 622 623 623 623 623 623 623 623 623 623 624 624 624 624 624 626 626
751 753 754 754 754 754 755 757 757 757 757 757 759 760 760 598 598 599 600 601 601 601 602 602 602 604 604 604 605 605 605 606 607 607 608 608 608 608 609 610 611 611 611 611 611 612 612 614 614 614 614 614 614 615 615 615 617 617 617 617 618 618 618 618 618 619 620 620 621 621 621 621 621 621 621 621 621 622 622 624 624 624 624 624 624 624 625 625 625 625 625 625 625 625
752 753 754 754 755 755 756 756 757 758 758 758 759 759 761 599 599 599 600 601 602 602 602 602 603 604 605 605 605 605 606 607 607 608 608 608 609 609 610 610 610 611 611 612 612 613 613 613 613 614 614 615 616 616 616 616 616 616 617 618 619 619 619 619 619 619 619 619 620 621 622 622 622 622 622 622 623 623 623 623 623 623 624 624 624 625 625 626 626 626 626 626 626 626
753 753 754 754 755 755 757 757 757 758 758 759 760 760 598 599 600 600 601 601 601 603 603 603 604 604 604 605 606 606 607 607 607 608 608 609 609 610 610 611 611 611 611 612 613 613 614 614 614 614 614 616 616 616 617 617 617 617 617 618 618 619 619 619 620 620 620 621 621 621 621 621 622 622 622 623 624 624 624 624 624 624 624 624 625 625 626 626 626 626 626 626 626 626
754 754 754 754 755 757 757 757 758 758 758 760 760 599 599 599 600 601 602 602 602 602 602 604 605 605 605 605 605 607 608 608 608 608 608 609 610 611 611 611 611 611 612 613 614 614 614 614 614 615 615 616 616 617 617 617 617 617 619 619 619 619 619 620 620 620 621 621 622 622 622 622 622 622 623 624 624 624 624 624 624 624 624 626 626 626 626 626 626 626 627 627 627 628
754 755 755 755 755 756 758 758 758 758 759 760 761 599 599 600 601 601 602 602 602 603 603 604 605 605 606 606 606 607 607 608 609 609 609 609 610 610 612 612 612 612 612 613 613 614 615 615 615 615 616 616 616 617 617 618 618 619 619 619 619 619 620 620 620 621 622 622 622 622 622 622 622 623 624 624 624 624 625 625 625 625 626 626 626 626 626 626 626 626 626 626 627 628
