testData/tiles/oneDegree/grid34.0-30.0-35.0-31.0.asc
ncols   200
nrows   200
xllcorner   34.0
yllcorner   30.0
cellsize   0.005
NODATA_value   -9999.0
[rows 0 to 40 of 200, columns 0 to 91 of 200]
496 394 394 394 394 395 395 395 395 395 395 452 452 452 453 462 469 475 481 487 492 496 501 505 509 513 517 520 524 527 529 532 535 538 541 544 546 548 550 553 555 557 559 561 563 565 566 568 570 572 573 575 574 576 577 616 617 619 619 621 621 622 624 624 625 626 628 628 628 629 630 631 630 630 631 632 632 632 632 633 633 633 633 634 633 634 634 634 635 635 635 635
497 395 396 396 396 396 396 396 396 396 396 453 453 453 459 467 474 480 486 492 497 502 506 510 514 518 521 524 527 530 534 537 539 541 544 547 549 552 554 557 559 560 562 564 566 568 569 571 572 574 576 577 579 580 580 619 620 621 622 623 624 625 626 628 628 628 629 630 631 631 632 632 633 632 633 634 634 634 635 635 636 635 636 636 637 636 636 637 637 637 637 638
498 396 397 397 397 397 397 397 397 398 454 455 455 458 466 473 479 485 490 495 500 505 509 513 517 520 525 528 532 535 538 541 544 547 547 550 552 555 557 559 561 563 565 566 568 570 572 574 576 578 578 580 582 583 584 584 622 623 625 626 627 628 629 629 630 632 632 633 634 634 634 635 636 637 636 636 636 637 637 637 638 638 638 639 638 639 639 639 639 639 640 639
499 397 397 397 397 399 399 399 399 456 456 456 455 463 471 478 484 489 495 500 504 508 513 517 520 524 527 531 534 537 540 543 546 549 551 553 555 558 559 561 564 566 568 570 572 574 575 577 579 580 582 583 583 585 586 588 588 627 627 629 629 630 631 632 633 634 635 634 635 636 637 637 638 638 639 639 639 640 640 639 640 641 641 640 641 641 642 641 641 642 641 673
398 398 399 399 399 399 399 400 400 457 457 457 462 470 476 483 488 494 500 505 509 513 517 521 525 528 532 535 538 540 543 546 549 552 554 557 559 561 563 565 568 569 571 573 575 577 579 579 580 582 584 585 587 589 589 591 592 593 630 630 631 633 634 635 635 636 637 638 638 639 640 640 640 641 642 643 642 641 642 643 642 642 643 643 643 643 643 644 643 643 674 675
399 399 400 400 400 400 400 400 457 458 459 460 469 476 482 488 493 498 503 507 512 516 520 524 527 532 535 538 541 545 547 550 553 556 557 560 562 565 567 568 569 571 573 575 576 578 580 582 584 586 586 588 590 591 593 593 594 595 596 634 634 635 637 637 638 638 639 640 641 641 641 642 643 643 644 644 645 645 644 645 645 645 645 646 645 645 646 646 645 676 677 677
400 400 400 400 401 402 402 402 459 459 459 465 473 480 487 493 498 503 507 511 515 520 523 527 531 534 537 541 544 547 549 552 555 558 560 563 565 567 569 571 572 574 576 578 580 582 583 585 586 588 590 590 591 593 594 596 597 597 599 600 638 638 638 639 640 641 642 643 643 644 644 645 646 646 645 646 647 648 647 647 647 648 648 647 648 648 648 648 679 679 679 679
401 401 402 402 402 402 402 460 460 460 463 471 478 486 491 497 502 507 512 517 520 524 528 531 535 538 542 545 548 551 552 555 558 561 563 565 568 570 572 575 577 578 579 581 583 585 586 587 588 590 591 593 595 595 597 598 600 601 600 602 603 641 641 642 643 643 644 644 645 646 647 648 647 648 649 649 649 649 650 650 650 649 650 649 650 651 650 681 681 682 680 681
402 402 403 403 403 403 403 460 461 461 469 477 484 490 496 501 506 511 515 519 524 526 530 534 537 540 545 548 551 554 556 559 562 564 567 568 571 573 575 576 578 581 583 582 584 586 588 590 592 593 594 596 597 599 600 600 601 602 604 605 605 607 645 644 644 645 646 647 648 648 648 649 650 650 651 651 651 652 652 653 652 652 652 653 651 652 684 683 683 683 684 683
403 403 403 403 403 405 462 462 462 466 474 481 487 493 500 505 510 514 519 523 527 531 534 537 540 544 547 550 553 556 558 561 564 566 569 571 573 576 577 579 581 583 585 587 589 590 591 592 594 596 597 597 599 600 602 603 604 605 606 607 608 608 609 647 648 648 649 649 650 651 651 652 653 653 652 653 654 654 654 654 655 655 655 654 655 654 686 685 685 685 686 684
405 404 405 405 405 462 462 462 463 471 479 486 493 499 504 509 514 518 522 526 531 535 539 542 545 548 551 554 557 559 562 564 566 569 571 574 576 578 580 583 585 586 588 590 592 592 593 595 596 597 599 600 602 602 604 605 607 607 607 609 610 611 611 613 651 651 651 651 652 653 654 653 654 655 655 655 656 656 656 657 657 657 657 657 657 687 687 688 688 688 687 687
406 406 407 406 406 463 463 463 468 476 484 491 497 503 508 513 517 522 526 530 534 537 541 544 547 551 553 556 558 561 564 567 569 572 574 575 578 580 582 584 586 588 590 591 593 595 597 598 599 600 601 603 604 606 606 607 608 610 611 611 612 614 615 615 615 653 654 654 654 654 655 656 656 657 658 657 658 658 659 659 658 659 660 659 690 691 689 690 689 690 689 690
407 407 407 407 464 465 465 465 474 481 488 494 500 505 510 515 521 526 530 534 538 541 545 548 551 555 557 559 561 564 567 569 572 574 577 579 581 584 585 587 589 591 593 595 596 597 599 601 602 602 604 604 606 607 609 610 610 612 613 614 614 615 616 617 618 618 657 657 658 657 658 658 659 658 659 660 660 661 660 661 661 661 662 692 692 693 693 691 691 692 691 691
407 408 409 409 466 466 465 470 478 486 492 499 505 510 515 520 524 528 532 536 540 543 548 551 554 557 560 563 566 569 570 573 575 577 579 582 584 586 588 590 592 593 595 596 598 600 601 602 604 605 607 608 609 610 611 612 613 613 614 616 617 618 618 620 620 621 621 659 660 661 660 660 661 660 661 662 662 662 662 663 664 663 694 695 694 695 695 695 694 694 694 693
409 409 409 410 467 467 467 477 483 490 497 502 508 514 519 523 527 532 535 539 543 546 550 553 556 559 562 565 568 570 573 575 577 580 582 584 585 588 590 592 594 596 598 599 600 602 604 606 607 608 609 611 610 612 612 614 615 616 618 618 619 620 621 621 622 623 624 624 662 662 663 662 663 664 662 663 664 665 665 664 665 696 696 697 697 696 697 697 696 695 696 696
410 410 410 467 468 468 473 482 489 496 501 506 511 516 521 525 531 535 540 543 547 550 554 557 560 563 566 568 570 573 576 578 581 582 584 587 589 591 593 594 596 598 600 602 604 604 606 607 609 610 612 612 614 614 616 616 617 619 620 620 620 622 623 624 624 625 625 626 626 664 665 665 664 665 666 665 666 667 667 666 667 699 697 698 699 699 699 698 699 698 698 697
410 410 412 469 469 469 478 485 492 499 506 512 516 521 525 530 534 538 542 545 549 552 556 559 562 565 568 571 574 577 579 582 584 586 587 589 591 593 595 597 599 600 601 603 605 607 609 609 611 612 614 615 616 617 619 618 620 620 621 622 624 624 625 625 626 626 627 628 629 629 666 667 667 668 668 669 667 668 669 669 700 700 701 700 701 700 700 700 701 700 700 699
412 412 469 469 469 474 482 491 497 504 509 514 519 524 528 533 537 541 545 548 552 555 558 561 564 567 570 573 576 578 581 583 586 588 590 593 593 595 597 599 601 603 605 606 607 609 611 612 614 615 615 617 618 619 620 621 622 623 623 625 625 626 626 627 628 629 629 630 630 631 631 669 670 670 670 670 670 670 671 702 701 702 703 702 702 702 703 702 702 702 702 702
413 413 470 470 471 479 487 494 501 507 513 518 523 527 533 537 540 544 548 551 555 559 562 565 568 571 574 577 579 581 583 586 588 591 593 595 597 598 600 601 603 605 607 609 610 610 612 614 615 617 617 619 620 622 623 624 625 624 626 626 627 628 629 629 631 631 632 632 633 634 633 633 671 672 672 673 673 671 703 704 704 704 704 704 704 704 704 704 704 704 704 705
413 470 471 472 475 484 491 498 504 510 516 521 527 532 536 540 544 547 550 554 557 561 564 567 570 573 575 578 581 583 586 588 591 592 594 596 599 601 603 604 606 606 608 610 612 614 615 616 618 619 621 621 623 623 624 626 626 627 629 629 629 630 630 632 632 633 634 635 635 635 636 635 636 674 675 674 675 705 705 706 705 706 706 706 706 705 706 707 706 705 707 708
415 472 472 472 479 487 495 503 509 514 520 525 529 534 538 542 546 550 554 557 560 563 566 569 572 575 578 581 583 586 588 591 593 595 598 600 601 603 605 607 608 610 612 612 614 616 618 618 619 620 622 623 625 625 627 628 629 630 631 631 631 631 632 634 635 635 635 636 636 637 638 638 638 638 676 676 677 708 707 707 707 708 708 707 708 707 708 708 708 708 710 710
472 472 473 475 484 492 499 506 511 517 522 528 532 538 542 546 550 553 557 560 564 566 569 572 575 578 580 583 586 589 591 593 595 598 600 602 603 605 606 608 610 612 613 615 615 617 619 620 622 622 624 625 627 628 628 629 630 632 632 633 634 634 635 635 636 637 637 638 639 639 639 640 640 640 641 679 709 709 710 711 709 709 710 709 710 709 709 710 711 711 712 713
473 473 474 480 488 497 503 509 515 520 526 531 535 540 544 548 553 556 560 563 566 570 572 575 577 580 583 586 588 591 593 595 598 599 601 603 605 607 609 611 613 614 616 617 619 620 621 622 624 625 626 627 628 629 631 631 632 634 635 635 635 636 638 637 638 639 640 639 640 641 641 642 642 642 642 674 712 711 712 712 711 711 712 711 711 711 712 712 713 714 715 716
475 475 476 485 492 499 506 513 518 525 529 534 538 543 547 551 554 558 561 566 569 572 575 578 580 583 585 588 591 593 595 598 600 602 604 607 608 610 612 614 616 616 617 619 621 621 623 624 625 627 628 630 630 631 633 634 633 635 636 637 637 639 640 641 640 640 641 641 642 643 644 643 643 644 675 676 677 713 713 714 714 714 713 713 713 713 714 714 716 717 717 718
476 476 480 488 496 504 510 516 522 527 531 536 540 546 551 554 558 562 565 568 571 575 578 580 583 586 588 590 593 595 597 599 601 604 606 608 610 612 613 615 617 619 620 622 623 624 625 627 628 629 630 631 632 633 634 635 636 637 638 639 640 640 641 642 643 642 643 644 643 644 645 645 645 646 677 677 678 678 715 716 715 715 716 715 715 714 717 718 719 719 721 721
477 477 485 494 500 507 513 519 525 531 535 540 544 548 552 556 560 563 567 570 573 577 580 583 586 588 591 593 595 598 600 602 605 607 608 610 612 614 616 618 619 621 622 624 625 627 627 628 629 631 631 633 634 636 636 637 639 639 639 640 641 643 643 644 645 645 644 645 646 646 647 647 646 678 679 680 679 680 680 717 717 718 716 717 717 717 720 720 721 722 724 723
477 480 489 498 505 511 516 523 528 533 537 542 547 551 555 559 562 567 570 573 576 579 582 585 588 591 592 595 597 599 601 604 606 608 610 612 613 615 617 619 621 623 624 625 627 629 630 631 632 633 634 635 636 637 638 638 639 641 642 642 643 644 645 645 646 647 647 648 648 648 647 648 680 680 681 681 680 681 682 681 718 719 719 719 721 720 721 723 725 724 726 727
479 485 493 501 508 515 520 527 531 536 540 545 550 554 558 561 565 568 572 576 579 582 585 588 590 593 596 598 601 603 604 606 608 610 612 614 616 618 619 621 623 625 627 628 629 631 631 633 633 635 635 637 637 639 640 641 641 643 643 644 644 645 647 647 648 649 649 649 650 649 649 681 682 681 682 682 683 683 683 683 683 721 721 721 722 724 723 726 726 727 728 730
479 488 497 505 512 518 524 529 534 540 543 548 552 556 560 564 567 571 574 577 580 583 586 589 592 594 597 599 602 604 607 609 610 612 613 615 617 619 621 623 624 626 628 629 631 632 633 635 636 637 638 640 640 641 641 642 643 644 645 646 647 647 648 648 649 650 651 652 651 652 651 682 683 684 684 684 684 684 685 685 685 685 723 725 725 727 727 728 728 730 729 731
484 493 501 508 514 520 527 533 538 542 547 551 554 558 562 565 570 574 577 581 584 587 589 592 595 598 600 602 604 606 609 611 613 614 616 619 620 622 623 625 627 629 630 631 633 635 635 637 637 639 639 641 642 642 643 644 645 647 647 647 648 648 649 650 651 651 652 652 652 653 685 684 685 685 685 685 686 687 686 686 687 686 689 728 727 729 730 731 731 732 732 733
488 497 505 511 518 524 530 535 540 544 550 554 559 562 565 569 572 576 579 582 585 588 591 593 596 599 601 604 606 610 612 613 615 617 620 621 622 624 624 626 628 630 632 632 634 636 637 638 639 641 642 643 644 645 646 645 646 647 649 649 650 651 651 652 652 653 653 654 655 686 687 687 686 686 687 687 687 688 687 688 689 689 690 692 731 731 732 733 734 735 735 735
492 500 507 515 521 527 533 538 542 548 552 556 560 564 568 570 575 578 581 584 587 590 593 596 598 601 603 606 608 611 613 615 617 620 621 623 624 626 627 629 630 632 634 635 636 638 639 641 641 642 643 645 645 646 648 648 648 649 651 651 651 652 653 653 654 655 655 656 687 687 688 689 690 689 688 689 689 689 690 689 690 692 693 695 696 733 735 736 736 737 739 738
495 504 512 518 524 529 534 540 545 549 555 559 563 566 570 575 578 580 583 586 589 592 595 598 600 603 607 609 610 613 615 617 619 622 624 626 627 628 629 630 632 633 635 636 638 638 640 642 643 644 645 646 648 648 649 650 651 650 651 653 653 654 655 656 655 656 657 657 689 690 690 689 690 690 691 691 690 690 691 691 693 695 694 696 698 699 738 738 739 740 740 740
499 507 514 520 527 532 538 543 548 552 556 560 565 569 572 577 580 583 586 589 592 594 597 600 603 605 608 610 612 615 617 618 620 623 625 627 629 630 631 632 634 636 636 638 640 641 643 643 645 646 646 647 649 650 650 652 653 653 653 654 656 655 656 657 657 658 659 690 690 691 691 691 692 693 692 692 692 692 693 695 695 697 698 699 700 701 701 703 741 741 742 744
503 510 517 523 530 535 540 545 549 556 560 564 568 571 575 578 581 585 588 591 593 596 598 601 604 607 610 612 615 617 619 621 623 626 627 629 631 632 634 635 635 637 638 639 641 642 644 645 646 647 649 649 650 652 653 653 654 655 655 655 656 657 658 659 660 659 691 691 691 692 693 693 693 694 693 694 695 693 694 697 698 699 700 700 702 704 704 705 706 743 745 745
506 513 519 526 532 538 543 547 553 557 561 565 569 573 576 581 585 588 591 594 597 599 601 604 607 609 612 614 616 618 620 622 624 626 629 630 631 633 635 637 638 640 640 642 644 644 646 647 648 649 650 651 651 653 654 655 655 657 658 658 658 658 658 659 660 660 692 693 692 693 694 695 695 695 696 695 696 697 697 699 700 701 703 704 705 705 707 707 709 709 747 747
510 517 523 529 534 539 545 550 554 560 564 567 572 576 579 583 586 589 592 595 598 601 604 605 609 611 614 616 619 621 623 624 626 628 630 632 634 635 637 639 641 641 642 643 644 646 647 648 650 650 651 653 654 654 656 657 656 657 659 659 660 661 661 661 662 693 693 694 695 695 696 697 695 696 697 697 698 700 700 700 703 704 705 706 706 708 709 709 710 711 711 749
513 520 525 531 537 543 548 552 557 561 566 570 573 577 581 585 588 591 594 598 601 604 607 609 610 612 615 617 619 622 624 626 628 629 631 633 635 637 638 640 642 643 645 646 646 648 648 650 651 653 653 654 655 656 656 658 659 659 660 661 662 662 663 662 694 695 695 696 697 696 696 697 697 698 699 697 700 702 702 704 704 704 707 709 709 710 710 711 712 713 713 714
516 523 529 535 540 545 549 554 559 564 568 572 576 579 584 587 590 593 596 599 602 605 608 610 614 616 618 620 622 624 626 628 630 632 634 635 637 639 641 643 643 644 646 647 648 650 650 651 652 654 655 655 657 658 658 659 660 660 661 662 663 663 664 666 696 696 696 696 697 698 698 699 699 699 699 701 703 704 705 706 707 708 709 709 711 711 713 713 714 715 717 716
518 524 531 537 543 548 552 557 561 566 569 573 578 581 586 589 592 595 598 601 604 607 610 612 615 617 620 621 623 626 628 629 631 633 635 637 638 640 642 643 645 646 648 649 651 651 653 653 654 655 657 657 657 659 660 660 661 663 663 664 665 664 665 697 697 697 698 698 699 699 699 700 700 700 702 703 703 706 708 708 709 711 710 712 713 713 714 716 716 717 717 718
521 528 534 539 545 550 555 559 563 568 573 576 580 584 587 590 593 597 600 603 606 609 612 614 618 620 622 624 626 627 630 632 634 635 637 639 641 643 643 645 647 648 648 650 652 652 654 655 656 656 657 659 659 660 662 662 662 663 664 665 666 667 698 699 700 699 699 700 700 701 701 701 701 702 704 705 707 708 709 711 712 713 714 715 715 716 717 717 717 718 720 720
