testData/tiles/oneDegree/grid45.0-14.0-46.0-15.0.asc
ncols   200
nrows   200
xllcorner   45.0
yllcorner   14.0
cellsize   0.005
NODATA_value   -9999.0
[rows 42 to 83 of 200, columns 0 to 93 of 200]
717 717 715 715 714 714 713 713 711 711 711 711 710 709 708 707 569 568 568 567 566 565 565 647 647 647 645 645 644 643 643 641 641 640 639 639 685 685 684 683 683 681 680 681 682 683 685 686 687 689 689 689 618 618 617 618 619 619 618 618 618 618 616 615 615 615 613 612 613 612 610 609 608 607 606 604 604 602 601 601 600 599 598 597 596 595 594 591 589 588 586 584 583 580
716 715 715 714 714 713 713 712 711 710 710 709 709 709 570 569 569 568 568 567 565 565 564 564 563 562 561 560 560 642 642 641 640 640 639 639 685 684 684 683 681 681 680 680 682 683 685 686 687 688 689 689 617 618 617 617 616 617 616 616 617 617 615 615 614 615 613 612 612 611 610 609 608 607 604 603 603 602 601 601 599 599 598 597 595 593 592 590 589 588 586 584 583 579
716 715 714 713 713 713 713 712 711 710 710 709 709 570 569 568 567 568 567 567 565 565 564 564 563 561 561 560 560 559 557 557 556 556 555 553 684 683 683 682 680 680 679 678 681 681 683 685 686 686 687 688 688 616 616 616 616 617 616 616 616 617 615 615 614 614 613 612 611 611 608 608 607 605 603 603 603 602 601 601 599 599 597 596 594 593 592 590 589 588 585 583 581 579
715 714 713 713 712 712 711 711 710 710 709 571 570 570 568 568 567 567 566 565 564 563 564 563 563 561 561 560 559 559 557 557 556 555 555 553 601 600 599 599 597 596 596 595 597 681 683 684 686 685 686 688 688 616 615 616 616 616 616 616 616 615 614 615 614 612 611 611 610 608 608 607 606 604 603 603 603 601 601 600 598 597 597 595 594 593 592 590 588 587 584 583 581 578
714 714 713 713 712 712 711 710 709 571 570 570 570 569 568 568 567 566 566 564 564 563 563 562 562 560 559 559 558 559 557 556 556 555 555 553 600 600 599 598 597 596 595 595 595 597 599 600 601 602 603 604 605 531 532 615 616 616 614 615 615 614 613 612 613 611 611 610 610 608 607 606 605 603 603 602 601 600 600 599 598 597 597 595 594 593 590 589 588 585 584 583 580 578
714 713 712 712 712 712 711 710 571 571 570 569 569 567 567 566 567 566 566 564 564 563 562 562 560 560 559 559 558 557 556 555 555 554 553 552 599 598 598 597 596 595 594 594 594 596 598 599 600 601 602 602 603 603 531 531 532 531 531 531 531 530 530 529 529 528 528 610 609 607 607 605 604 602 602 602 601 600 600 599 598 597 596 594 593 592 590 589 588 585 584 582 579 577
713 712 712 711 711 710 572 571 571 570 570 569 569 567 567 566 566 565 564 563 562 563 562 562 560 560 559 558 558 556 556 555 554 554 552 552 599 598 598 596 595 595 594 593 594 596 597 599 599 600 602 602 603 602 530 531 531 531 531 530 530 530 530 529 529 527 526 526 525 523 522 522 520 519 519 519 517 517 517 515 514 513 512 510 510 509 507 506 504 502 500 498 496 494
713 712 712 711 711 572 571 570 570 569 569 569 568 567 566 566 565 565 563 563 562 562 561 560 559 558 558 558 558 556 555 555 554 554 552 551 599 598 597 596 595 594 594 593 593 595 597 598 599 600 601 602 603 602 529 530 531 530 530 530 529 528 527 528 527 526 525 526 525 523 522 521 519 519 519 519 516 516 515 514 513 513 512 510 509 509 507 504 503 501 500 498 496 494
711 711 710 573 572 572 570 570 569 569 568 568 566 566 565 566 565 565 563 562 562 561 561 559 559 558 557 557 556 555 554 554 553 552 551 550 597 597 596 594 595 594 594 592 593 595 597 597 597 599 599 600 600 601 528 528 529 528 528 529 529 528 527 527 527 526 525 524 523 523 522 521 518 518 518 517 516 516 515 514 513 513 511 510 508 507 505 504 503 501 499 498 495 493
711 711 572 572 571 571 570 570 569 569 568 568 566 566 565 564 564 563 562 561 562 561 561 559 558 558 557 557 556 554 554 553 553 552 550 550 597 597 595 594 594 593 592 591 591 593 595 597 597 598 599 600 599 601 601 528 528 528 528 528 528 528 527 527 525 526 525 523 521 521 521 520 518 518 517 516 516 516 515 514 513 512 510 509 508 506 505 504 502 501 499 496 494 492
573 572 572 571 571 570 569 568 568 567 568 567 566 565 565 564 564 562 562 561 560 560 559 558 557 557 557 556 555 554 554 553 552 551 550 550 549 596 595 594 593 593 592 590 591 593 594 595 596 597 599 600 599 599 601 528 527 528 528 528 527 525 526 526 524 523 524 523 521 520 520 519 518 517 517 516 516 514 514 513 512 511 510 509 508 506 505 504 501 499 498 496 494 492
572 571 572 571 571 569 569 568 568 567 567 565 565 564 565 564 563 562 561 561 560 560 559 558 557 556 556 555 554 553 552 552 551 550 549 548 549 596 594 594 593 592 592 590 590 593 594 594 596 597 598 598 598 598 599 527 526 526 527 527 526 525 525 525 524 523 523 522 521 520 519 517 517 516 516 515 515 514 513 512 512 511 510 509 508 505 504 503 501 499 498 495 494 492
572 571 571 570 570 569 569 568 567 567 566 565 564 564 563 563 562 561 560 561 560 559 558 557 557 556 556 555 553 553 552 552 551 549 549 548 547 595 593 593 592 591 590 589 589 591 593 593 594 596 597 596 598 598 598 526 526 526 526 526 525 525 525 524 524 523 523 521 519 519 518 516 516 516 516 515 515 514 513 512 512 510 508 508 507 505 504 503 500 499 498 495 493 491
571 571 570 570 569 568 567 567 566 567 566 565 564 564 563 563 561 560 560 559 559 558 557 556 557 556 555 554 553 553 552 551 550 549 548 548 547 594 593 592 592 591 589 589 589 590 593 593 594 596 596 596 597 598 598 598 525 526 526 524 524 525 525 522 522 522 521 520 519 518 517 516 516 516 515 515 514 514 512 511 511 509 508 507 506 505 504 503 500 498 497 494 492 490
570 571 570 570 568 568 567 567 566 566 564 563 563 563 563 562 561 560 560 559 559 558 556 556 555 555 554 553 552 551 551 550 548 549 548 548 547 593 593 592 591 591 589 588 588 590 590 593 594 595 596 596 596 597 597 596 523 523 524 523 523 523 523 522 521 521 520 520 519 518 517 516 516 516 514 514 513 513 511 511 510 509 508 507 505 504 502 500 499 498 495 494 492 490
570 569 569 568 568 567 567 566 566 565 564 563 563 562 562 561 560 560 559 559 558 557 556 556 555 554 554 552 552 551 550 550 548 548 547 546 546 592 591 591 590 589 588 587 586 589 589 590 592 593 594 595 595 596 596 596 523 523 523 523 523 523 522 522 521 521 520 518 519 518 515 515 515 515 514 513 513 512 511 511 510 509 508 506 504 503 502 500 499 498 495 494 492 488
570 569 569 567 567 566 566 565 566 565 564 563 562 562 561 560 559 559 558 558 557 556 555 555 555 554 553 552 551 551 550 550 548 547 547 546 544 592 591 591 590 588 588 587 586 589 589 590 591 593 593 594 595 595 595 595 523 523 523 522 523 522 522 521 520 520 518 517 516 516 515 515 515 515 513 513 513 512 511 510 508 507 507 506 504 503 502 500 499 497 494 493 491 488
569 569 568 567 566 566 565 565 564 563 562 562 562 562 561 560 559 559 558 557 557 555 555 554 554 553 551 551 550 550 549 548 548 547 546 546 544 592 591 590 590 588 587 587 586 587 589 590 591 592 593 593 594 595 595 595 521 522 521 521 521 521 520 520 519 518 518 517 516 515 515 515 515 513 513 512 512 510 510 510 508 507 507 505 504 503 502 499 498 496 494 492 490 488
568 568 567 567 566 566 565 565 564 563 562 562 561 560 560 558 559 558 558 557 556 555 554 554 553 553 551 551 550 549 549 547 546 546 545 545 543 590 590 589 588 587 586 585 585 585 587 589 590 591 592 592 593 593 593 594 594 521 521 521 520 520 520 519 519 518 517 517 516 515 514 513 513 512 512 512 512 510 510 509 508 507 506 505 503 502 500 499 497 495 494 492 490 488
568 567 566 565 565 564 564 564 564 562 562 561 561 560 559 558 558 557 557 556 554 554 554 554 553 551 551 550 550 549 548 547 546 546 545 544 543 590 589 589 587 586 586 585 584 585 586 588 590 590 590 592 593 593 592 594 594 521 520 521 520 520 519 518 519 517 516 515 514 513 513 513 513 512 512 512 511 510 510 509 507 506 505 504 503 502 500 499 497 495 494 491 488 487
568 567 566 565 565 564 564 563 562 561 561 561 561 560 558 558 557 557 556 556 554 554 553 552 552 550 550 549 548 549 547 547 546 545 545 543 542 590 589 589 587 586 586 585 584 584 586 587 588 589 590 591 592 592 592 592 593 520 518 518 519 518 518 517 517 516 515 515 514 513 513 513 513 512 512 512 509 509 509 507 507 506 505 503 502 502 499 498 496 494 492 491 488 486
566 566 565 565 564 564 563 563 561 561 560 560 559 559 557 558 557 557 556 554 554 553 553 552 552 550 549 549 548 548 546 545 545 544 543 542 541 589 588 587 586 585 584 584 582 582 585 586 587 587 589 590 590 591 591 591 591 518 518 518 518 517 517 517 516 515 514 515 514 513 513 513 511 511 511 511 509 509 508 507 506 506 504 503 502 500 498 497 496 494 492 490 488 486
566 565 564 564 563 563 563 562 561 561 560 560 559 558 557 556 556 555 555 553 554 553 552 552 550 550 549 549 548 547 546 545 544 544 543 542 541 588 588 586 585 585 584 583 582 582 584 586 586 587 588 589 590 589 591 591 591 517 518 518 518 517 516 517 516 515 514 512 512 512 512 512 511 511 511 509 509 509 508 507 506 505 503 502 501 499 498 497 495 493 492 489 487 485
566 565 564 564 563 562 562 560 560 560 560 559 559 557 557 556 556 555 555 553 552 552 551 551 549 548 548 548 548 546 545 545 544 544 542 541 541 588 587 586 585 584 584 583 581 582 583 585 586 587 588 588 589 589 590 591 591 590 517 517 517 515 515 515 514 514 513 512 511 512 512 512 511 511 510 509 509 509 507 506 505 504 503 502 501 499 498 497 495 492 491 488 487 485
564 564 564 563 563 562 562 560 560 559 559 558 558 556 556 556 555 555 553 553 552 552 551 550 549 548 548 547 546 545 544 544 543 542 541 540 539 587 586 584 584 583 582 581 580 580 582 584 584 586 586 587 587 588 588 589 588 589 516 516 515 515 515 514 513 512 513 512 511 511 512 511 511 509 509 508 508 507 506 505 505 504 503 502 501 499 497 496 493 492 491 488 486 485
564 563 563 562 563 562 561 560 559 559 558 558 556 556 555 555 554 554 552 552 552 551 551 549 549 548 547 547 546 545 544 543 543 542 540 540 539 587 585 584 584 583 582 581 580 579 581 582 583 584 586 587 586 587 588 589 588 588 516 516 514 514 515 514 513 512 512 512 510 510 510 509 509 509 509 508 508 507 506 505 505 503 502 501 499 498 497 495 493 492 489 488 486 482
563 563 562 562 561 561 559 559 559 559 558 558 556 556 555 554 554 553 552 551 551 550 549 548 547 547 547 547 545 544 544 543 542 541 540 540 539 538 585 584 583 583 582 580 580 579 581 581 583 584 585 586 586 587 587 588 587 588 514 515 514 513 513 511 512 511 510 510 510 510 510 509 509 509 508 508 507 507 506 504 504 502 501 500 498 498 496 494 493 492 488 487 485 482
563 563 562 562 561 560 559 558 558 557 557 555 555 555 555 554 554 552 552 551 550 550 549 548 547 546 546 545 544 543 542 542 541 540 539 538 538 537 584 584 583 582 581 580 579 579 581 581 582 583 584 584 585 586 586 585 586 586 513 512 513 513 512 511 510 510 510 510 510 510 510 509 509 509 507 507 506 505 504 504 503 502 501 500 498 497 496 493 492 491 488 487 485 482
562 561 561 561 561 559 559 558 558 557 557 555 555 554 553 553 552 551 551 551 550 550 548 547 547 546 546 544 543 543 542 542 540 539 539 538 537 536 583 582 582 581 579 579 578 577 578 580 581 582 584 583 584 585 586 585 585 586 513 512 512 512 512 511 510 510 510 509 510 509 508 508 508 508 507 506 506 505 504 504 502 502 501 500 497 496 495 493 492 490 488 486 484 482
562 561 561 560 560 558 558 558 557 557 556 555 554 554 553 553 551 551 550 549 549 548 547 546 547 546 545 544 543 543 542 541 540 539 538 538 537 535 583 582 581 581 579 578 578 577 577 579 581 582 581 583 584 584 586 585 585 585 512 512 512 511 511 510 509 509 508 508 509 509 508 508 508 507 507 506 506 505 504 504 501 500 500 498 497 496 494 493 492 489 488 485 482 481
561 561 560 560 558 558 557 557 556 556 554 555 554 554 553 552 551 550 550 549 549 547 546 546 545 545 544 542 542 541 541 540 538 538 538 537 537 535 583 582 581 579 579 578 577 577 577 578 580 581 581 582 584 583 582 583 584 584 510 510 511 510 509 509 508 508 508 508 508 509 508 508 508 507 506 506 504 503 503 503 501 500 500 498 497 496 494 493 490 488 487 485 482 480
560 560 560 560 558 558 557 556 556 555 554 553 553 552 552 551 551 550 549 549 548 547 546 546 545 544 543 542 542 541 540 539 538 537 537 536 535 534 581 581 580 578 578 577 576 574 576 577 578 580 580 581 581 583 582 582 583 584 583 510 509 510 509 508 508 508 508 508 508 507 507 506 506 505 505 505 504 503 503 501 501 500 499 498 497 495 493 491 490 488 486 485 482 480
560 559 559 557 557 556 557 556 556 554 554 553 553 552 551 550 549 549 548 548 547 546 546 545 545 544 543 542 541 541 540 538 538 537 537 536 534 534 581 580 580 578 577 577 576 574 574 577 578 578 580 581 581 582 582 582 582 583 582 509 509 509 508 508 508 506 507 507 507 506 506 506 505 505 505 505 504 503 503 501 501 499 497 496 495 494 492 491 489 488 486 484 481 479
560 559 559 557 557 556 556 555 554 553 553 553 552 552 551 550 549 549 548 547 546 545 545 544 543 543 541 541 540 539 539 538 538 537 536 535 534 533 581 580 578 578 577 576 576 574 574 576 578 578 579 580 581 580 581 582 581 580 580 507 508 507 506 506 507 506 506 507 507 506 506 506 505 505 505 505 503 502 502 500 499 499 497 496 495 493 492 491 489 486 485 482 481 479
558 559 557 557 556 556 555 555 553 553 552 552 551 550 549 549 549 548 548 547 546 545 544 544 543 542 541 540 540 539 538 537 536 536 535 533 533 532 579 579 577 576 576 575 573 573 573 574 576 577 577 578 580 579 580 580 581 580 580 507 507 507 506 506 506 506 506 506 506 506 506 506 504 504 504 502 502 502 501 500 499 499 497 496 495 493 491 490 488 591 485 482 480 478
558 558 556 556 555 556 555 554 553 552 552 551 551 550 549 548 548 547 546 545 544 545 544 544 543 541 541 540 539 539 537 537 536 535 535 533 532 532 579 577 577 576 575 575 573 572 573 574 574 575 577 578 579 578 579 580 580 579 580 612 611 610 610 611 610 611 610 610 610 610 610 609 609 609 609 607 607 607 605 605 604 602 601 600 598 597 596 594 592 591 589 587 585 581
558 556 556 555 555 554 554 553 552 552 552 551 551 549 548 548 547 547 546 545 544 543 543 542 541 540 539 539 538 538 537 536 536 535 533 533 532 531 579 577 576 576 575 574 573 572 676 679 679 680 681 683 682 683 683 685 684 684 683 611 610 609 609 610 609 609 610 610 609 610 610 609 609 609 608 607 607 606 604 604 603 601 601 600 598 597 596 594 592 591 587 586 584 581
558 556 556 555 554 554 553 552 551 551 550 550 549 548 548 548 547 546 546 544 544 543 543 542 540 540 539 539 538 536 536 535 534 534 532 531 636 635 683 681 680 679 679 677 676 676 675 677 678 679 680 681 681 682 682 682 683 683 683 610 608 609 609 609 609 609 610 609 609 609 610 609 609 607 606 606 606 605 604 603 603 601 600 600 598 597 596 592 591 590 587 586 583 581
556 555 554 554 554 554 553 552 551 551 550 550 549 547 547 546 546 545 544 543 543 543 542 541 540 539 539 538 643 641 640 640 639 637 637 636 636 635 681 681 680 679 678 677 676 675 675 675 677 679 680 679 680 681 682 681 681 681 682 608 608 608 609 608 609 609 610 608 608 608 607 607 607 607 606 606 606 604 604 603 602 601 600 597 596 595 593 592 591 588 587 585 583 581
555 555 554 553 553 552 551 550 551 550 550 549 548 547 547 546 545 545 543 543 542 647 646 644 644 643 643 643 641 641 640 639 639 637 637 636 635 635 681 680 680 679 677 677 676 675 674 675 676 677 678 679 680 680 681 681 681 681 681 608 607 607 607 607 608 608 608 608 608 608 607 607 607 607 606 606 605 604 604 602 600 600 599 597 596 595 593 592 591 588 587 584 581 579
555 554 554 553 553 552 551 550 550 549 549 548 546 547 651 651 650 649 648 647 647 646 646 644 644 643 642 642 640 639 639 638 638 636 635 635 634 632 632 679 678 678 676 675 675 674 672 673 675 676 677 677 679 679 679 679 680 680 680 606 606 607 606 607 607 608 607 608 608 608 607 607 607 606 605 605 603 603 602 602 600 600 599 597 596 595 593 592 589 587 586 584 581 579
553 553 552 553 552 551 550 550 654 654 653 652 651 651 650 649 649 647 648 647 647 646 644 644 643 643 642 640 640 639 639 638 636 636 635 634 634 632 631 679 678 677 676 675 674 673 672 673 674 676 676 677 677 679 678 679 679 680 679 606 606 606 606 607 607 608 607 607 608 606 606 606 606 605 605 604 603 603 602 601 600 599 598 597 595 593 592 591 588 587 585 583 581 579
